date,Open,High,Low,Close,Volume,aVWAP_BoS_CHoCH_bull_120,aVWAP_BoS_CHoCH_bull_353,aVWAP_BoS_CHoCH_bull_684,aVWAP_BoS_CHoCH_bear_320,aVWAP_BoS_CHoCH_bear_588,aVWAP_BoS_CHoCH_bear_674,Peaks_Valleys_avg,color,StDev,StDev_Mean,StdDev_ZScore,MA_Cross_Count,MA_Avg_Deviation_Z,MA_Oscillation_Score,BoS,CHoCH,BoS_CHoCH_Price,BoS_CHoCH_Break_Index,QQEMOD,QQE1_Value,QQE1_Above_Upper,QQE1_Below_Lower,QQE2_Above_Threshold,QQE2_Below_Threshold,QQE2_Above_TL,banker_RSI
2025-03-18 14:00:00+00:00,47.585,48.2,47.585,47.96,10614.0,,,,,,,,"rgba(38, 166, 154, 1.0)",,,,0,,,0.0,0.0,0.0,0.0,,,False,False,False,False,False,
2025-03-18 15:00:00+00:00,47.94,48.18,47.81,47.95,6160.0,,,,,,,,"rgba(239, 83, 80, 1.0)",,,,0,,,0.0,0.0,0.0,0.0,0.0,,False,False,False,True,False,
2025-03-18 16:00:00+00:00,47.955,48.505,47.955,48.32,16455.0,,,,,,,,"rgba(38, 166, 154, 1.0)",,,,0,,,0.0,0.0,0.0,0.0,32.55131964809399,-98.82697947214098,False,False,False,True,True,
2025-03-18 17:00:00+00:00,48.31,48.59,48.13,48.425,6989.0,,,,,,,,"rgba(38, 166, 154, 1.0)",,,,0,,,0.0,0.0,0.0,0.0,54.43806014823808,-75.87378105720191,False,False,True,False,True,
2025-03-18 18:00:00+00:00,48.44,48.45,48.05,48.33,4690.0,,,,,,,,"rgba(239, 83, 80, 1.0)",,,,0,,,0.0,0.0,0.0,0.0,62.65231405216338,-64.58594582998273,False,False,True,False,True,
2025-03-18 19:00:00+00:00,48.31,48.585,48.295,48.53,26294.0,,,,,,,,"rgba(38, 166, 154, 1.0)",,,,0,,,0.0,0.0,0.0,0.0,70.32987693297159,-52.61951679506144,False,False,True,False,True,
2025-03-19 14:00:00+00:00,48.815,49.18,48.795,49.05,5005.0,,,,,,,,"rgba(38, 166, 154, 1.0)",,,,0,,,0.0,0.0,0.0,0.0,77.73909689110059,-40.28836874499166,False,False,True,False,True,
2025-03-19 15:00:00+00:00,49.05,49.365,49.05,49.28,2902.0,,,,,,,,"rgba(38, 166, 154, 1.0)",,,,0,,,0.0,0.0,0.0,0.0,83.15694741807258,-29.541170666431057,False,False,True,False,True,
2025-03-19 16:00:00+00:00,49.31,49.37,49.15,49.17,4623.0,,,,,,,,"rgba(239, 83, 80, 1.0)",,,,0,,,0.0,0.0,0.0,0.0,83.82382640710966,-23.022272419900837,False,False,True,False,True,
2025-03-19 17:00:00+00:00,49.16,49.18,49.04,49.07,4281.0,,,,,,,,"rgba(239, 83, 80, 1.0)",,,,0,,,0.0,0.0,0.0,0.0,81.77890051815396,-19.25255461987608,False,False,True,False,True,
2025-03-19 18:00:00+00:00,49.07,49.905,49.07,49.885,18841.0,,,,,,,,"rgba(38, 166, 154, 1.0)",,,,0,,,0.0,0.0,0.0,0.0,83.73038390146398,-11.733589408428372,False,False,True,False,True,
2025-03-19 19:00:00+00:00,49.92,50.13,49.65,49.77,20502.0,,,,,,,49.85,"rgba(239, 83, 80, 1.0)",,49.85,,0,,,0.0,0.0,0.0,0.0,83.10114949756829,-7.043999950309811,False,False,True,False,True,
2025-03-20 14:00:00+00:00,49.57,49.875,49.46,49.78,16165.0,,,,,,,49.786075353860426,"rgba(239, 83, 80, 1.0)",,49.786075353860426,,0,,,0.0,0.0,0.0,0.0,82.72053273117488,-2.452825143738316,False,False,True,False,True,
2025-03-20 15:00:00+00:00,49.78,49.86,49.58,49.58,5257.0,,,,,,,49.771938229494644,"rgba(239, 83, 80, 1.0)",,49.771938229494644,,0,,,0.0,0.0,0.0,0.0,79.01729247592635,-1.9375085028176358,False,False,True,False,True,
2025-03-20 16:00:00+00:00,49.595,49.815,49.56,49.635,5799.0,,,,,,,49.75955133443693,"rgba(239, 83, 80, 1.0)",,49.75955133443693,,0,,,0.0,0.0,0.0,0.0,76.90422288156265,-0.32381660391965994,False,False,True,False,True,
2025-03-20 17:00:00+00:00,49.66,49.92,49.52,49.635,6950.0,,,,,,,49.75092187490474,"rgba(239, 83, 80, 1.0)",,49.75092187490474,,0,,,0.0,0.0,0.0,0.0,75.4955098186535,1.600847961987057,False,False,True,False,True,
2025-03-20 18:00:00+00:00,49.635,49.765,49.425,49.6,8990.0,,,,,,,49.729139138903285,"rgba(239, 83, 80, 1.0)",,49.729139138903285,,0,,,0.0,0.0,0.0,0.0,73.84440044646401,2.873775809287416,False,False,True,False,True,
2025-03-20 19:00:00+00:00,49.655,49.86,49.34,49.405,12781.0,,,,,,,49.696680184187116,"rgba(239, 83, 80, 1.0)",,49.696680184187116,,0,,,0.0,0.0,0.0,0.0,69.08604257876874,2.873775809287416,False,False,True,False,True,
2025-03-21 14:00:00+00:00,48.46,48.67,48.26,48.67,6017.0,,,,,,,49.07256331275795,"rgba(239, 83, 80, 1.0)",,49.07256331275795,,0,,,0.0,0.0,0.0,0.0,58.022007879297796,2.873775809287416,False,False,True,False,False,
2025-03-21 15:00:00+00:00,48.74,48.795,48.555,48.59,6302.0,,,,,,,49.067291082923504,"rgba(239, 83, 80, 1.0)",,49.067291082923504,,0,,,0.0,0.0,0.0,0.0,50.090730256628106,17.153787048873852,False,False,False,True,False,
2025-03-21 16:00:00+00:00,48.59,49.14,48.59,49.14,5651.0,,,,,,,49.10718237978055,"rgba(38, 166, 154, 1.0)",,49.10718237978055,,0,,,0.0,0.0,0.0,0.0,50.59399051019357,16.640755376947496,False,False,False,False,False,
2025-03-21 17:00:00+00:00,49.14,49.355,48.97,49.325,4560.0,,,,,,,49.15212543625546,"rgba(38, 166, 154, 1.0)",,49.15212543625546,,0,,,0.0,0.0,0.0,0.0,52.39547291020548,16.640755376947496,False,False,False,False,False,
2025-03-21 18:00:00+00:00,49.31,49.33,49.06,49.235,4490.0,,,,,,,49.17904712798977,"rgba(38, 166, 154, 1.0)",,49.17904712798977,,0,,,0.0,0.0,0.0,0.0,52.712146181624206,16.36926908167588,False,False,True,False,False,
2025-03-21 19:00:00+00:00,49.24,49.44,49.095,49.43,24263.0,,,,,,,49.26926602684044,"rgba(38, 166, 154, 1.0)",,49.26926602684044,,0,,,0.0,0.0,0.0,0.0,54.53319742365113,16.36926908167588,False,False,True,False,False,
2025-03-24 14:00:00+00:00,51.05,51.365,50.92,51.305,5882.0,,,,,,,49.416224656042964,"rgba(38, 166, 154, 1.0)",,49.416224656042964,,0,,,0.0,0.0,0.0,0.0,63.11208636434163,16.36926908167588,False,False,True,False,True,
2025-03-24 15:00:00+00:00,51.34,51.56,51.32,51.48,3954.0,,,,,,,49.51341501444787,"rgba(38, 166, 154, 1.0)",,49.51341501444787,,0,,,0.0,0.0,0.0,0.0,69.17697108548955,7.230086592390904,False,False,True,False,True,
2025-03-24 16:00:00+00:00,51.47,51.6,51.36,51.36,2481.0,,,,,,,49.568808794271504,"rgba(38, 166, 154, 1.0)",,49.568808794271504,,0,,,0.0,0.0,0.0,0.0,72.16428874025982,10.480389212901997,False,False,True,False,True,
2025-03-24 17:00:00+00:00,51.36,51.44,51.19,51.27,3116.0,,,,,,,49.62867580097147,"rgba(38, 166, 154, 1.0)",,49.62867580097147,,0,,,0.0,0.0,0.0,0.0,73.32684966140438,12.16236040110055,False,False,True,False,True,
2025-03-24 18:00:00+00:00,51.265,51.33,51.17,51.28,8290.0,,,,,,,49.76416468206508,"rgba(38, 166, 154, 1.0)",,49.76416468206508,,0,,,0.0,0.0,0.0,0.0,74.13405118008214,13.667843909237234,False,False,True,False,True,
2025-03-24 19:00:00+00:00,51.28,51.555,51.26,51.425,13106.0,,,,,,,49.951702085950316,"rgba(38, 166, 154, 1.0)",,49.951702085950316,,0,,,0.0,0.0,0.0,0.0,75.16300448326065,15.459450646185402,False,False,True,False,True,
2025-03-25 14:00:00+00:00,50.96,51.46,50.96,51.32,3940.0,,,,,,,49.99380672563713,"rgba(38, 166, 154, 1.0)",,49.99380672563713,,0,,,0.0,0.0,0.0,0.0,74.63579772730789,15.755763565732963,False,False,True,False,True,
2025-03-25 15:00:00+00:00,51.32,51.43,51.2,51.23,4106.0,,,,,,,50.03596313388951,"rgba(38, 166, 154, 1.0)",,50.03596313388951,,0,,,0.0,0.0,0.0,0.0,73.21807430147632,15.755763565732963,False,False,True,False,True,
2025-03-25 16:00:00+00:00,51.23,51.505,51.23,51.49,5352.0,,,,,,,50.09168578060381,"rgba(38, 166, 154, 1.0)",,50.09168578060381,,0,,,0.0,0.0,0.0,0.0,73.49508437460848,16.1273211581034,False,False,True,False,True,
2025-03-25 17:00:00+00:00,51.49,51.64,51.4,51.59,3016.0,,,,,,,50.124066673618714,"rgba(38, 166, 154, 1.0)",,50.124066673618714,,0,,,0.0,0.0,0.0,0.0,74.11955383535042,17.477999371908027,False,False,True,False,True,
2025-03-25 18:00:00+00:00,51.57,51.595,51.45,51.54,5706.0,,,,,,,50.18066036089191,"rgba(38, 166, 154, 1.0)",,50.18066036089191,,0,,,0.0,0.0,0.0,0.0,73.83736829342122,17.898031056283727,False,False,True,False,True,
2025-03-25 19:00:00+00:00,51.545,51.815,51.535,51.74,16433.0,,,,,,,50.79041311586452,"rgba(38, 166, 154, 1.0)",,50.79041311586452,,0,,,0.0,0.0,0.0,0.0,74.63994311009886,19.307340905614225,False,False,True,False,True,
2025-03-26 14:00:00+00:00,51.415,51.425,50.94,51.235,5894.0,,,,,,,50.76679990438646,"rgba(38, 166, 154, 1.0)",,50.76679990438646,,0,,,0.0,0.0,0.0,0.0,69.07401104879605,24.361591950333732,False,False,True,False,False,
2025-03-26 15:00:00+00:00,51.26,51.35,50.71,50.74,4911.0,,,,,,,50.73923430074327,"rgba(38, 166, 154, 1.0)",,50.73923430074327,,0,,,0.0,0.0,0.0,0.0,61.32082710730172,17.143409533041293,False,False,True,False,False,
2025-03-26 16:00:00+00:00,50.73,50.85,50.61,50.625,3946.0,,,,,,,50.711619850617716,"rgba(38, 166, 154, 1.0)",,50.711619850617716,,0,,,0.0,0.0,0.0,0.0,55.359940007939876,11.888108822075253,False,False,True,False,False,
2025-03-26 17:00:00+00:00,50.625,50.65,50.31,50.39,8102.0,,,,,,,50.65026434297847,"rgba(239, 83, 80, 1.0)",,50.65026434297847,,0,,,0.0,0.0,0.0,0.0,49.843436859164356,7.113704524185188,False,False,False,True,False,
2025-03-26 18:00:00+00:00,50.39,50.725,50.3,50.39,6414.0,,,,,,,50.6188531543296,"rgba(239, 83, 80, 1.0)",,50.6188531543296,,0,,,0.0,0.0,0.0,0.0,46.165768093314014,3.987935192885736,False,False,False,True,False,
2025-03-26 19:00:00+00:00,50.41,50.63,50.35,50.605,18976.0,,,,,,,50.572576711662464,"rgba(239, 83, 80, 1.0)",,50.572576711662464,,0,,,0.0,0.0,0.0,0.0,45.95379304807448,3.837486606299855,False,False,False,True,False,
2025-03-27 14:00:00+00:00,50.2,50.34,49.79,50.25,4692.0,,,,,,,50.5504504071298,"rgba(239, 83, 80, 1.0)",,50.5504504071298,,0,,,0.0,0.0,0.0,0.0,43.24118990308868,1.120172967021965,False,True,False,True,False,
2025-03-27 15:00:00+00:00,50.29,50.455,50.085,50.1,3997.0,,,,,,,50.536202056792185,"rgba(239, 83, 80, 1.0)",,50.536202056792185,,0,,,0.0,0.0,0.0,0.0,40.493268243387746,-1.6711305656131543,False,True,False,True,False,
2025-03-27 16:00:00+00:00,50.1,50.39,49.96,49.975,5644.0,,,,,,,50.513990015784685,"rgba(239, 83, 80, 1.0)",,50.513990015784685,,0,,,0.0,0.0,0.0,0.0,37.899408705127705,-4.346792596365027,False,True,False,True,False,
2025-03-27 17:00:00+00:00,49.955,50.18,49.92,50.01,2438.0,,,,,,,50.503977446329834,"rgba(239, 83, 80, 1.0)",,50.503977446329834,,0,,,0.0,0.0,0.0,0.0,36.62231078885814,-5.858686264142705,False,True,False,True,False,
2025-03-27 18:00:00+00:00,50.01,50.415,50.01,50.33,4775.0,,,,,,,50.49271275713003,"rgba(239, 83, 80, 1.0)",,50.49271275713003,,0,,,0.0,0.0,0.0,0.0,39.54519171234722,-5.858686264142705,False,True,False,True,False,
2025-03-27 19:00:00+00:00,50.33,50.895,50.33,50.425,17184.0,,,,,,,50.49037854118376,"rgba(239, 83, 80, 1.0)",,50.49037854118376,,0,,,0.0,0.0,0.0,0.0,42.4812121188095,-5.858686264142705,False,True,False,True,True,
2025-03-28 14:00:00+00:00,49.74,49.93,48.89,49.2,5628.0,,,,,,,50.451225042315656,"rgba(239, 83, 80, 1.0)",,50.451225042315656,,0,,,0.0,0.0,0.0,0.0,37.34066961847625,-5.858686264142705,False,True,False,True,False,
2025-03-28 15:00:00+00:00,49.17,49.46,49.065,49.24,3886.0,,,,,,,50.42413171501776,"rgba(239, 83, 80, 1.0)",,50.42413171501776,,0,,,0.0,0.0,0.0,0.0,34.300701718592734,-8.174633754847434,False,True,False,True,False,0.0
2025-03-28 16:00:00+00:00,49.27,49.39,49.04,49.12,11759.0,,,,,,,50.34583902069167,"rgba(239, 83, 80, 1.0)",,50.34583902069167,,0,,,0.0,0.0,0.0,0.0,31.79440656135078,-10.661779622576972,False,True,False,True,False,0.0
2025-03-28 17:00:00+00:00,49.12,49.14,48.66,48.92,10870.0,,,,,,,50.268304604851075,"rgba(239, 83, 80, 1.0)",,50.268304604851075,,0,,,0.0,0.0,0.0,0.0,29.344533063000522,-13.156162778447147,False,True,False,True,False,0.0
2025-03-28 18:00:00+00:00,48.93,48.965,48.72,48.83,7356.0,,,,,,,50.21865047436187,"rgba(239, 83, 80, 1.0)",,50.21865047436187,,0,,,0.0,0.0,0.0,0.0,27.366552947626612,-15.264803229438506,False,True,False,True,False,0.0
2025-03-28 19:00:00+00:00,48.83,48.92,48.28,48.485,23970.0,,,,,,,50.05307140553288,"rgba(239, 83, 80, 1.0)",,50.05307140553288,,0,,,0.0,0.0,0.0,0.0,24.843826412964923,-17.91362547834659,False,True,False,True,False,0.0
2025-03-31 14:00:00+00:00,46.98,47.34,46.61,47.165,28003.0,,,,,,,49.06713683340727,"rgba(239, 83, 80, 1.0)",,49.06713683340727,,0,,,0.0,0.0,0.0,0.0,20.528203230905227,-22.16808952366555,False,True,False,True,False,0.0
2025-03-31 15:00:00+00:00,47.18,47.64,47.15,47.46,18400.0,,,,,,,48.99601662101557,"rgba(239, 83, 80, 1.0)",,48.99601662101557,,0,,,0.0,0.0,0.0,0.0,20.329170775019175,-22.600225176266093,False,True,False,True,False,0.0
2025-03-31 16:00:00+00:00,47.47,47.96,47.28,47.89,9548.0,,,,,,,48.97436893784088,"rgba(239, 83, 80, 1.0)",,48.97436893784088,,0,,,0.0,0.0,0.0,0.0,23.66838600826008,-22.600225176266093,False,True,False,True,True,0.0
2025-03-31 17:00:00+00:00,47.84,48.05,47.785,47.935,8748.0,,,,,,,48.962944985536936,"rgba(239, 83, 80, 1.0)",,48.962944985536936,,0,,,0.0,0.0,0.0,0.0,26.244749138342257,-22.600225176266093,False,True,False,True,True,0.0
2025-03-31 18:00:00+00:00,47.92,48.32,47.92,48.17,19965.0,,,,,,,48.94894025966287,"rgba(239, 83, 80, 1.0)",,48.94894025966287,,0,,,0.0,0.0,0.0,0.0,29.823860561085578,-27.0931996353685,False,True,False,True,True,0.0
2025-03-31 19:00:00+00:00,48.165,48.615,48.135,48.43,32506.0,,,,,,,48.94200926926745,"rgba(239, 83, 80, 1.0)",,48.94200926926745,,0,,,0.0,0.0,0.0,0.0,34.14251913790332,-22.94801947919968,False,True,False,True,True,0.0
2025-04-01 14:00:00+00:00,48.22,48.88,47.99,48.87,5814.0,,,,,,,48.943102736553236,"rgba(38, 166, 154, 1.0)",,48.943102736553236,,0,,,0.0,0.0,0.0,0.0,39.86451094319632,-17.625631498967174,False,True,False,True,True,0.0
2025-04-01 15:00:00+00:00,48.82,49.48,48.82,49.415,12186.0,,,,,,,48.974016740090406,"rgba(38, 166, 154, 1.0)",,48.974016740090406,,0,,,0.0,0.0,0.0,0.0,46.470445139828925,-11.636431472350004,False,False,False,False,True,2.1018736016236694
2025-04-01 16:00:00+00:00,49.42,49.675,49.29,49.4,9646.0,,,,,,,49.002253205630055,"rgba(38, 166, 154, 1.0)",,49.002253205630055,,0,,,0.0,0.0,0.0,0.0,50.769026760890014,-7.8381428177177455,False,False,True,False,True,1.9855524167082557
2025-04-01 17:00:00+00:00,49.37,49.46,49.21,49.21,6667.0,,,,,,,49.01600464767639,"rgba(38, 166, 154, 1.0)",,49.01600464767639,,0,,,0.0,0.0,0.0,0.0,52.24594040670443,-6.4848212518549175,False,False,True,False,True,0.5130628114517286
2025-04-01 18:00:00+00:00,49.21,49.21,48.91,49.16,6990.0,,,,,,,49.024403659532695,"rgba(38, 166, 154, 1.0)",,49.024403659532695,,0,,,0.0,0.0,0.0,0.0,52.85602697484292,-5.665611805356917,False,False,True,False,True,0.1272021094956841
2025-04-01 19:00:00+00:00,49.16,49.735,49.155,49.52,17398.0,,,,,,,49.06266056449567,"rgba(38, 166, 154, 1.0)",,49.06266056449567,,0,,,0.0,0.0,0.0,0.0,55.4293841693603,-2.874886136933199,True,False,True,False,True,2.836353986886973
2025-04-02 14:00:00+00:00,49.68,50.08,49.58,50.07,7502.0,,,,,,,49.087262748227005,"rgba(38, 166, 154, 1.0)",,49.087262748227005,,0,,,0.0,0.0,0.0,0.0,59.716273366461486,1.45460077600967,True,False,True,False,True,6.689629344693714
2025-04-02 15:00:00+00:00,50.03,50.19,49.775,49.95,14318.0,,,,,,,49.132500871896255,"rgba(38, 166, 154, 1.0)",,49.132500871896255,,0,,,0.0,0.0,0.0,0.0,61.53103678324221,3.4456172928690734,True,False,True,False,True,5.729922496017366
2025-04-02 16:00:00+00:00,49.95,50.46,49.925,50.31,8117.0,,,,,,,49.16187333373815,"rgba(38, 166, 154, 1.0)",,49.16187333373815,,0,,,0.0,0.0,0.0,0.0,64.2964285461295,6.370688643132915,True,False,True,False,True,8.134661219594648
2025-04-02 17:00:00+00:00,50.31,50.585,50.11,50.16,7772.0,,,,,,,49.18949572070895,"rgba(38, 166, 154, 1.0)",,49.18949572070895,,0,,,0.0,0.0,0.0,0.0,64.76492985274615,7.21156435112875,True,False,True,False,True,6.925445682903959
2025-04-02 18:00:00+00:00,50.16,50.435,50.015,50.11,3304.0,,,,,,,49.19987615469114,"rgba(38, 166, 154, 1.0)",,49.19987615469114,,0,,,0.0,0.0,0.0,0.0,64.60258470393975,7.5734389243890945,True,False,True,False,True,6.5221256887489005
2025-04-02 19:00:00+00:00,50.13,50.825,50.12,50.81,15117.0,,,,,,,49.52513623738956,"rgba(38, 166, 154, 1.0)",,49.52513623738956,,0,,,0.0,0.0,0.0,0.0,67.52469600165358,10.820005545636278,True,False,True,False,True,11.021643536898647
2025-04-03 14:00:00+00:00,47.96,48.1,47.29,47.295,12007.0,,,,,,,49.218992697829,"rgba(239, 83, 80, 1.0)",,49.218992697829,,0,,,0.0,0.0,0.0,0.0,55.04917020259763,12.52557421321849,True,False,True,False,False,0.0
2025-04-03 15:00:00+00:00,47.29,48.235,47.09,48.075,26661.0,,,,,,,49.01024270267317,"rgba(239, 83, 80, 1.0)",,49.01024270267317,,0,,,0.0,0.0,0.0,0.0,49.72249357565035,7.926405763487381,False,False,False,True,False,0.0
2025-04-03 16:00:00+00:00,48.06,48.7,48.055,48.165,11722.0,,,,,,,48.98694895476084,"rgba(239, 83, 80, 1.0)",1.1623891325608227,48.98694895476084,-0.7071203022605969,0,,,0.0,0.0,0.0,0.0,46.50418411707019,5.167375996670103,False,False,False,True,False,0.0
2025-04-03 17:00:00+00:00,48.2,48.34,47.94,47.94,5969.0,,,,,,,48.9699817464608,"rgba(239, 83, 80, 1.0)",1.1627765117236513,48.9699817464608,-0.8857951085836809,0,,,0.0,0.0,0.0,0.0,43.77024150763704,2.6542389757245175,False,False,False,True,False,0.0
2025-04-03 18:00:00+00:00,47.96,48.01,47.665,47.815,9424.0,,,,,,,48.93610679333172,"rgba(239, 83, 80, 1.0)",1.1654919967956028,48.93610679333172,-0.9619171958401125,0,,,0.0,0.0,0.0,0.0,41.605483350961734,0.49191231262528845,False,True,False,True,False,0.0
2025-04-03 19:00:00+00:00,47.81,47.915,46.845,46.97,32120.0,,,,,,,48.78039557397802,"rgba(239, 83, 80, 1.0)",1.1957841371680387,48.78039557397802,-1.5139819284319649,0,,,0.0,0.0,0.0,0.0,38.05881251209793,-3.053992444929996,False,True,False,True,False,0.0
2025-04-04 14:00:00+00:00,44.175,44.22,42.305,43.605,17217.0,,,,,,,47.65285363355457,"rgba(239, 83, 80, 1.0)",1.3755957366285494,47.65285363355457,-2.942618623895613,0,,,0.0,0.0,0.0,0.0,31.242450584741363,-9.543715689232329,False,True,False,True,False,0.0
2025-04-04 15:00:00+00:00,43.58,45.0,43.58,44.28,11498.0,,,,,,,47.6064989138265,"rgba(239, 83, 80, 1.0)",1.4975141052743068,47.6064989138265,-2.221347299574963,0,,,0.0,0.0,0.0,0.0,29.13421187009586,-11.600635124299629,False,True,False,True,False,0.0
2025-04-04 16:00:00+00:00,44.25,44.79,44.1,44.4,7365.0,,,,,,,47.56885340335401,"rgba(239, 83, 80, 1.0)",1.6049317770575247,47.56885340335401,-1.974447418047748,0,,,0.0,0.0,0.0,0.0,28.164966268986674,-12.810717946592021,False,True,False,True,False,0.0
2025-04-04 17:00:00+00:00,44.45,45.07,44.015,44.87,12402.0,,,,,,,47.51216669328853,"rgba(239, 83, 80, 1.0)",1.6884661064980873,47.51216669328853,-1.564832532391448,0,,,0.0,0.0,0.0,0.0,29.27279555892047,-12.810717946592021,False,True,False,True,False,0.0
2025-04-04 18:00:00+00:00,45.04,45.15,43.99,44.19,12816.0,,,,,,,47.43406877103712,"rgba(239, 83, 80, 1.0)",1.791193278337204,47.43406877103712,-1.8111215636364193,0,,,0.0,0.0,0.0,0.0,28.919553111874333,-13.028700328681765,False,True,False,True,False,0.0
2025-04-04 19:00:00+00:00,44.21,44.88,44.02,44.24,35486.0,,,,,,,47.225235122709385,"rgba(239, 83, 80, 1.0)",1.8840619024470173,47.225235122709385,-1.5844676434633935,0,,,0.0,0.0,0.0,0.0,28.888198092782176,-13.742665676905936,False,True,False,True,False,0.0
2025-04-07 14:00:00+00:00,43.95,46.265,43.65,45.2,8392.0,,,,,,,47.19945437097757,"rgba(239, 83, 80, 1.0)",1.9407490496903241,47.19945437097757,-1.0302487955857096,0,,,0.0,0.0,0.0,0.0,32.558852451521474,-13.742665676905936,False,True,False,True,True,0.0
2025-04-07 15:00:00+00:00,45.2,45.525,43.77,44.12,9794.0,,,,,,,47.15101558732412,"rgba(239, 83, 80, 1.0)",2.0248775227114373,47.15101558732412,-1.4968883566179356,0,,,0.0,0.0,0.0,0.0,32.81770919789457,-13.742665676905936,False,True,False,True,True,0.0
2025-04-07 16:00:00+00:00,44.0,44.0,42.885,43.005,16302.0,,,,,,,47.01689660904688,"rgba(239, 83, 80, 1.0)",2.142146954944176,47.01689660904688,-1.872839115816603,0,,,0.0,0.0,0.0,0.0,31.207551930124676,-13.742665676905936,False,True,False,True,True,0.0
2025-04-07 17:00:00+00:00,42.96,44.085,42.845,43.99,35102.0,,,,,,,46.799888154495115,"rgba(239, 83, 80, 1.0)",2.2172234544237703,46.799888154495115,-1.2673003927000983,0,,,0.0,0.0,0.0,0.0,33.435162624722864,-13.742665676905936,False,True,False,True,True,0.0
2025-04-07 18:00:00+00:00,44.02,44.02,42.82,42.89,39919.0,,,,,,,46.55644873638391,"rgba(239, 83, 80, 1.0)",2.323084845243116,46.55644873638391,-1.5782672526539645,0,,,0.0,0.0,0.0,0.0,33.059576629047854,-13.742665676905936,False,True,False,True,True,0.0
2025-04-07 19:00:00+00:00,42.86,43.72,42.85,43.515,81898.0,,,,,,,46.1825984821148,"rgba(239, 83, 80, 1.0)",2.401260380386611,46.1825984821148,-1.1109159605945382,0,,,0.0,0.0,0.0,0.0,34.75109520755207,-13.742665676905936,False,True,False,True,True,0.0
2025-04-08 14:00:00+00:00,45.82,46.28,44.875,44.94,31523.0,,,,,,,46.17222307087071,"rgba(239, 83, 80, 1.0)",2.4392262526694304,46.17222307087071,-0.5051696494009912,0,,,0.0,0.0,0.0,0.0,39.607887275677115,-15.63833025468525,False,False,False,True,True,0.0
2025-04-08 15:00:00+00:00,44.83,45.21,44.52,44.89,9277.0,,,,,,,46.160985648407234,"rgba(239, 83, 80, 1.0)",2.4762095506517174,46.160985648407234,-0.5132787118411366,0,,,0.0,0.0,0.0,0.0,42.72922634233653,-12.679330462115978,False,False,False,True,True,0.0
2025-04-08 16:00:00+00:00,44.87,44.98,44.11,44.26,10643.0,,,,,,,46.14080183677686,"rgba(239, 83, 80, 1.0)",2.5255526413330185,46.14080183677686,-0.7447090216991676,0,,,0.0,0.0,0.0,0.0,43.31984322244966,-12.035330133253751,False,False,False,True,True,0.0
2025-04-08 17:00:00+00:00,44.2,44.355,43.51,43.71,22703.0,,,,,,,46.07804253571609,"rgba(239, 83, 80, 1.0)",2.587168949096911,46.07804253571609,-0.9153026270443936,0,,,0.0,0.0,0.0,0.0,42.492990372646545,-12.035330133253751,False,False,False,True,True,0.0
2025-04-08 18:00:00+00:00,43.7,43.84,42.99,42.99,30996.0,,,,,,,45.971068942883846,"rgba(239, 83, 80, 1.0)",2.6643956636078467,45.971068942883846,-1.1188536986459405,0,,,0.0,0.0,0.0,0.0,40.47037302968841,-12.035330133253751,False,False,False,True,False,0.0
2025-04-08 19:00:00+00:00,42.93,43.08,42.27,42.87,34723.0,,,,,,,45.39316027438036,"rgba(239, 83, 80, 1.0)",2.7392050204656444,45.39316027438036,-0.9211286689126471,0,,,0.0,0.0,0.0,0.0,38.88078419704,-12.035330133253751,False,True,False,True,False,0.0
2025-04-09 14:00:00+00:00,43.18,43.49,42.47,42.58,15467.0,,,,,,,45.3513956966688,"rgba(239, 83, 80, 1.0)",2.8163560764842215,45.3513956966688,-0.9840359746443912,0,,,0.0,0.0,0.0,0.0,37.21131091483889,-7.9314340924810125,False,True,False,True,False,0.0
2025-04-09 15:00:00+00:00,42.58,43.55,42.54,43.015,17077.0,,,,,,,45.31539988523635,"rgba(239, 83, 80, 1.0)",2.8781223984640736,45.31539988523635,-0.7992710408924839,0,,,0.0,0.0,0.0,0.0,37.852509204697085,-7.9314340924810125,False,True,False,True,False,0.0
2025-04-09 16:00:00+00:00,43.03,43.415,42.925,43.34,9389.0,,,,,,,45.30000137753325,"rgba(239, 83, 80, 1.0)",2.927740084092174,45.30000137753325,-0.6694588048245402,0,,,0.0,0.0,0.0,0.0,39.55197348763868,-7.9314340924810125,False,True,False,True,True,0.0
2025-04-09 17:00:00+00:00,43.355,46.715,43.07,46.585,37369.0,,,,,,,45.42614669430783,"rgba(38, 166, 154, 1.0)",2.908464270781827,45.42614669430783,0.3984416509200082,0,,,0.0,0.0,0.0,0.0,48.543077957524076,-6.60055688514278,True,False,False,False,True,0.0
2025-04-09 18:00:00+00:00,46.745,48.57,46.6,46.76,39095.0,,,,,,,45.84390429799142,"rgba(38, 166, 154, 1.0)",2.8838020480352506,45.84390429799142,0.31766941237617774,4,0.3689034345185933,1.4756137380743732,0.0,0.0,0.0,0.0,54.810051176987685,-1.1557935718993733,True,False,True,False,True,0.0
2025-04-09 19:00:00+00:00,46.76,48.13,46.53,47.01,69378.0,,,,,,,46.03518078930906,"rgba(38, 166, 154, 1.0)",2.858305665823607,46.03518078930906,0.34104792302192394,4,0.36847771875852947,1.4739108750341179,0.0,0.0,0.0,0.0,59.399719301401426,2.6873271900475473,True,False,True,False,True,0.0
2025-04-10 14:00:00+00:00,45.31,46.89,45.155,46.245,8646.0,,,,,,,46.03051928214761,"rgba(38, 166, 154, 1.0)",2.8373159058429858,46.03051928214761,0.07559282257245353,4,0.36733565448713507,1.4693426179485403,0.0,0.0,0.0,0.0,59.826111168655565,2.8617852430516564,True,False,True,False,True,0.0
2025-04-10 15:00:00+00:00,46.24,46.56,45.74,45.765,6761.0,,,,,,,46.02650766795614,"rgba(38, 166, 154, 1.0)",2.8184585158212743,46.02650766795614,-0.09278393366025374,4,0.3656513740300962,1.4626054961203847,0.0,0.0,0.0,0.0,58.58933299005478,2.8617852430516564,True,False,True,False,True,0.0
2025-04-10 16:00:00+00:00,45.77,45.895,45.05,45.67,13124.0,,,,,,,46.006521199754104,"rgba(38, 166, 154, 1.0)",2.79586107866096,46.006521199754104,-0.12036406326571661,4,0.3638931299544957,1.4555725198179827,0.0,0.0,0.0,0.0,57.45677140443884,2.8617852430516564,True,False,True,False,False,0.0
2025-04-10 17:00:00+00:00,45.66,46.53,44.92,46.42,18775.0,,,,,,,45.99934672692808,"rgba(38, 166, 154, 1.0)",2.767074605765795,45.99934672692808,0.15202093654988513,4,0.363071744777748,1.452286979110992,0.0,0.0,0.0,0.0,58.60758848824225,2.8617852430516564,True,False,True,False,False,0.0
2025-04-10 18:00:00+00:00,46.42,46.87,45.91,46.39,8580.0,,,,,,,46.00428054913115,"rgba(38, 166, 154, 1.0)",2.738225722636497,46.00428054913115,0.1408647386810239,5,0.32182740932251874,1.6091370466125938,0.0,0.0,0.0,0.0,59.25888462803968,3.074007377792654,True,False,True,False,False,0.0
2025-04-10 19:00:00+00:00,46.26,46.695,45.47,46.06,18996.0,,,,,,,46.004001923157034,"rgba(38, 166, 154, 1.0)",2.7045861750697533,46.004001923157034,0.020704859530506166,5,0.32109992459572645,1.6054996229786322,0.0,0.0,0.0,0.0,58.36093894881373,3.074007377792654,True,False,True,False,False,0.0
2025-04-11 14:00:00+00:00,46.43,46.795,45.49,45.99,4598.0,,,,,,,46.004234887990904,"rgba(38, 166, 154, 1.0)",2.666938468130237,46.004234887990904,-0.005337538964999877,5,0.3203013269119961,1.6015066345599804,0.0,0.0,0.0,0.0,57.469991928395416,3.074007377792654,True,False,True,False,False,0.0
2025-04-11 15:00:00+00:00,46.23,46.345,45.36,46.005,12072.0,,,,,,,46.0010472048306,"rgba(38, 166, 154, 1.0)",2.627583579730344,46.0010472048306,0.0015043461223827983,5,0.31952142197958977,1.597607109897949,0.0,0.0,0.0,0.0,56.93102580464658,3.074007377792654,True,False,True,False,False,0.0
2025-04-11 16:00:00+00:00,46.025,46.785,45.855,46.705,10257.0,,,,,,,46.008301549733744,"rgba(38, 166, 154, 1.0)",2.5775622203935376,46.008301549733744,0.27029355285936935,5,0.31986236283632297,1.5993118141816147,0.0,0.0,0.0,0.0,58.97799787854494,4.2487329079172795,True,False,True,False,False,0.0
2025-04-11 17:00:00+00:00,46.76,47.29,46.41,47.11,4930.0,,,,,,,46.01577083438718,"rgba(38, 166, 154, 1.0)",2.5356029668316507,46.01577083438718,0.4315459399308499,5,0.3203616872264235,1.6018084361321174,0.0,0.0,0.0,0.0,61.5267426177144,6.897798955254807,True,False,True,False,True,0.1741947633665326
2025-04-11 18:00:00+00:00,47.145,47.3,46.96,46.98,3635.0,,,,,,,46.02204709939281,"rgba(38, 166, 154, 1.0)",2.5020264993807855,46.02204709939281,0.38287080526296124,5,0.3208474376264304,1.604237188132152,0.0,0.0,0.0,0.0,62.480360933930555,8.005418823575297,True,False,True,False,True,0.0
2025-04-11 19:00:00+00:00,46.98,47.545,46.98,47.305,13788.0,,,,,,,46.04934110798803,"rgba(38, 166, 154, 1.0)",2.4692362370973457,46.04934110798803,0.5085211666454537,5,0.3213366594904589,1.6066832974522947,0.0,0.0,0.0,0.0,64.14022939276427,9.776859114286623,True,False,True,False,True,0.8260588868333798
2025-04-14 14:00:00+00:00,48.0,48.51,47.95,48.5,19109.0,,,,,,,46.11528123836993,"rgba(38, 166, 154, 1.0)",2.4450024871484746,46.11528123836993,0.9753441046235037,5,0.321921736322626,1.60960868161313,0.0,0.0,0.0,0.0,68.09958569464428,13.586220569519412,True,False,True,False,True,4.62103556368162
2025-04-14 15:00:00+00:00,48.47,48.47,47.88,47.9,11098.0,,,,,,,46.14720672681581,"rgba(38, 166, 154, 1.0)",2.41647767449886,46.14720672681581,0.7253504932743444,5,0.322588905714735,1.6129445285736748,0.0,0.0,0.0,0.0,67.4616049503779,13.586220569519412,True,False,True,False,True,2.5872489771711322
2025-04-14 16:00:00+00:00,47.905,48.2,47.715,47.96,4861.0,,,,,,,46.15984026086517,"rgba(38, 166, 154, 1.0)",2.3832294653861497,46.15984026086517,0.7553446973026401,5,0.3232461731600146,1.6162308658000728,0.0,0.0,0.0,0.0,67.19794758518101,13.586220569519412,True,False,True,False,True,2.775499429592159
2025-04-14 17:00:00+00:00,48.02,48.33,47.9,48.26,6600.0,,,,,,,46.17859106512809,"rgba(38, 166, 154, 1.0)",2.3578669357040813,46.17859106512809,0.8827508047015303,5,0.32374360715858297,1.6187180357929147,0.0,0.0,0.0,0.0,67.8515745219899,13.73987196891597,True,False,True,False,True,3.7209241860561804
2025-04-14 18:00:00+00:00,48.275,48.7,48.22,48.58,7185.0,,,,,,,46.201949365142156,"rgba(38, 166, 154, 1.0)",2.337356830900028,46.201949365142156,1.017410180345525,5,0.3237741853807419,1.6188709269037094,0.0,0.0,0.0,0.0,69.13257917122058,15.194402641015031,True,False,True,False,True,4.722221601377946
2025-04-14 19:00:00+00:00,48.55,48.645,48.27,48.33,10560.0,,,,,,,46.23386853314475,"rgba(38, 166, 154, 1.0)",2.3165526344350944,46.23386853314475,0.9048494887172732,5,0.3238423674426515,1.6192118372132573,0.0,0.0,0.0,0.0,68.37599825063276,15.194402641015031,True,False,True,False,True,3.839328936571924
2025-04-15 14:00:00+00:00,49.35,49.57,48.795,49.2,5240.0,,,,,,,46.580837302620836,"rgba(38, 166, 154, 1.0)",2.3040132436744143,46.580837302620836,1.1367828308148766,5,0.3238063300080473,1.6190316500402366,1.0,0.0,49.57,156.0,70.17756184239927,16.5254370122816,True,False,True,False,True,6.531916621868934
2025-04-15 15:00:00+00:00,49.2,49.315,48.905,49.05,2897.0,,,,,,,46.58677615447155,"rgba(38, 166, 154, 1.0)",2.2833082171302417,46.58677615447155,1.078796032462201,5,0.323974034625535,1.619870173127675,0.0,0.0,0.0,0.0,70.42149221748817,16.950660031900043,True,False,True,False,True,5.992751359601257
2025-04-15 16:00:00+00:00,49.05,49.25,48.665,48.72,2244.0,,,,,,,46.587130193557215,"rgba(38, 166, 154, 1.0)",2.256430097251819,46.587130193557215,0.9452408071672492,5,0.3242380984184356,1.621190492092178,0.0,0.0,0.0,0.0,68.50747135327396,16.950660031900043,True,False,True,False,False,4.807972934587745
2025-04-15 17:00:00+00:00,48.675,48.745,48.38,48.52,6463.0,,,,,,,46.58101787364529,"rgba(38, 166, 154, 1.0)",2.2484693552373605,46.58101787364529,0.8623564834620692,6,0.2872598701690782,1.7235592210144692,0.0,0.0,0.0,0.0,66.01295442393989,19.492871425436277,True,False,True,False,False,4.092462352479377
2025-04-15 18:00:00+00:00,48.505,48.67,48.45,48.555,3502.0,,,,,,,46.58395051682571,"rgba(38, 166, 154, 1.0)",2.240228933764526,46.58395051682571,0.8798428827816716,6,0.2896861292347826,1.7381167754086957,0.0,0.0,0.0,0.0,64.49291267382382,18.032064888293903,True,False,True,False,False,4.20580136488968
2025-04-15 19:00:00+00:00,48.555,48.74,48.32,48.74,20061.0,,,,,,,46.62280355126738,"rgba(38, 166, 154, 1.0)",2.2355535461396863,46.62280355126738,0.9470569167929606,6,0.292419923401165,1.75451954040699,0.0,0.0,0.0,0.0,64.26871380940365,17.726630358040097,True,False,True,False,False,4.810911228786768
2025-04-16 14:00:00+00:00,48.13,48.25,48.04,48.115,7839.0,,,,,,,46.627360676520155,"rgba(38, 166, 154, 1.0)",2.2275933929522225,46.627360676520155,0.6678235481333886,6,0.2952462768650869,1.7714776611905214,0.0,0.0,0.0,0.0,60.0931973319094,13.778358040216304,True,False,True,False,False,2.5265272477478895
2025-04-16 15:00:00+00:00,48.16,48.66,48.04,48.265,6405.0,,,,,,,46.63682868091217,"rgba(38, 166, 154, 1.0)",2.2218549490042063,46.63682868091217,0.7327982053092842,6,0.2980252308069337,1.7881513848416022,0.0,0.0,0.0,0.0,58.09152300804361,11.974880982593895,True,False,True,False,False,3.0309997197812457
2025-04-16 16:00:00+00:00,48.28,48.46,48.21,48.235,4599.0,,,,,,,46.643708843083616,"rgba(38, 166, 154, 1.0)",2.2195882156037223,46.643708843083616,0.7169308008258445,6,0.30095286456080267,1.8057171873648161,0.0,0.0,0.0,0.0,56.56199873108574,10.569821064745568,False,False,True,False,False,2.9203085482052664
2025-04-16 17:00:00+00:00,48.18,48.32,47.44,47.44,6462.0,,,,,,,46.643451038563995,"rgba(38, 166, 154, 1.0)",2.2203119454561344,46.643451038563995,0.3587554276173395,6,0.3043332578152687,1.8259995468916124,0.0,0.0,0.0,0.0,51.19263375183239,5.656736879901274,False,True,False,False,False,0.04179150676872112
2025-04-16 18:00:00+00:00,47.44,47.93,47.44,47.54,9270.0,,,,,,,46.643227633735506,"rgba(38, 166, 154, 1.0)",2.2206174411230513,46.643227633735506,0.4038391978993738,6,0.30771895462927595,1.8463137277756556,0.0,0.0,0.0,0.0,48.275246769574984,3.1445441791686477,False,True,False,True,False,0.3955360515533677
2025-04-16 19:00:00+00:00,47.54,48.14,47.205,48.005,50782.0,,,,,,,46.791924573260495,"rgba(38, 166, 154, 1.0)",2.221368697873444,46.791924573260495,0.5460936889498832,6,0.31108478639532977,1.8665087183719786,0.0,0.0,0.0,0.0,49.18127344950548,3.1445441791686477,False,True,False,False,False,2.0295083977931405
2025-04-17 14:00:00+00:00,48.7,48.855,48.27,48.335,4935.0,,,,,,,46.80790888243898,"rgba(38, 166, 154, 1.0)",2.224427119284666,46.80790888243898,0.6865098453088923,6,0.3150627740712487,1.8903766444274923,0.0,0.0,0.0,0.0,51.517712458470186,3.1445441791686477,False,True,False,False,True,3.168781987694942
2025-04-17 15:00:00+00:00,48.33,48.68,48.33,48.59,4981.0,,,,,,,46.82357016172849,"rgba(38, 166, 154, 1.0)",2.2282441538146305,46.82357016172849,0.7927451914313264,6,0.31935421171909983,1.916125270314599,0.0,0.0,0.0,0.0,54.308003333015954,-1.0056442894964022,False,False,True,False,True,4.042317063326095
2025-04-17 16:00:00+00:00,48.77,49.015,48.475,48.965,6728.0,,,,,,,46.84896123861189,"rgba(38, 166, 154, 1.0)",2.2341039580770556,46.84896123861189,0.9471532216474986,6,0.3234777003725087,1.9408662022350525,0.0,0.0,0.0,0.0,57.80658814726131,2.255000729313089,False,False,True,False,True,5.313996611640704
2025-04-17 17:00:00+00:00,48.93,48.965,48.59,48.92,2883.0,,,,,,,46.85920568793528,"rgba(38, 166, 154, 1.0)",2.2347093549052346,46.85920568793528,0.9221755426678797,6,0.32836865526271475,1.9702119315762885,0.0,0.0,0.0,0.0,59.78745165542961,4.107559914303536,True,False,True,False,True,5.138134347859516
2025-04-17 18:00:00+00:00,48.92,49.05,48.765,48.765,5234.0,,,,,,,47.05766921201735,"rgba(38, 166, 154, 1.0)",2.226041258531556,47.05766921201735,0.7669807472970726,6,0.33234598955651873,1.9940759373391124,0.0,0.0,0.0,0.0,59.847516920975636,4.306699556106182,True,False,True,False,True,4.5260882256201
2025-04-17 19:00:00+00:00,48.76,48.795,48.545,48.56,6265.0,,,,,,,47.061530349380995,"rgba(38, 166, 154, 1.0)",2.21530197034623,47.061530349380995,0.6764177844272902,6,0.3354964085560308,2.012978451336185,0.0,0.0,0.0,0.0,58.2663829628556,4.306699556106182,False,False,True,False,True,3.7147588890546572
2025-04-18 14:00:00+00:00,48.56,48.56,48.56,48.56,0.0,,,,,,,47.061530349380995,"rgba(38, 166, 154, 1.0)",2.2072944855514898,47.061530349380995,0.6788716505331263,6,0.3385127473446468,2.031076484067881,0.0,0.0,0.0,0.0,57.212293657442245,4.306699556106182,False,False,True,False,False,3.7147588890546572
2025-04-18 15:00:00+00:00,48.56,48.56,48.56,48.56,0.0,,,,,,,47.061530349380995,"rgba(38, 166, 154, 1.0)",2.1999385187969587,47.061530349380995,0.6811416036473824,6,0.34112736432063645,2.0467641859238186,0.0,0.0,0.0,0.0,56.50956745383334,4.306699556106182,False,False,True,False,False,3.7147588890546572
2025-04-18 16:00:00+00:00,48.56,48.56,48.56,48.56,0.0,,,,,,,47.061530349380995,"rgba(38, 166, 154, 1.0)",2.1869883957724405,47.061530349380995,0.6851749435505124,6,0.34382788845635,2.0629673307381,0.0,0.0,0.0,0.0,56.04108331809407,4.306699556106182,False,True,True,False,False,3.7147588890546572
2025-04-18 17:00:00+00:00,48.56,48.56,48.56,48.56,0.0,,,,,,,47.061530349380995,"rgba(38, 166, 154, 1.0)",2.163715300334351,47.061530349380995,0.6925447402379854,6,0.3471170597937682,2.0827023587626092,0.0,0.0,0.0,0.0,55.72876056093456,4.306699556106182,False,True,True,False,False,3.7147588890546572
2025-04-18 18:00:00+00:00,48.56,48.56,48.56,48.56,0.0,,,,,,,47.061530349380995,"rgba(38, 166, 154, 1.0)",2.142424796581919,47.061530349380995,0.6994269544535264,5,0.39166422709837434,1.9583211354918717,0.0,0.0,0.0,0.0,55.520545389494885,4.306699556106182,False,True,True,False,False,3.7147588890546572
2025-04-18 19:00:00+00:00,48.56,48.56,48.56,48.56,0.0,,,,,,,47.061530349380995,"rgba(38, 166, 154, 1.0)",2.113067931014322,47.061530349380995,0.7091440973692251,5,0.39428012172164884,1.9714006086082443,0.0,0.0,0.0,0.0,55.38173527520176,4.306699556106182,False,True,True,False,False,3.7147588890546572
2025-04-21 14:00:00+00:00,47.86,47.995,47.605,47.615,2655.0,,,,,,,47.04486590953356,"rgba(239, 83, 80, 1.0)",2.0782359810168,47.04486590953356,0.27433558829421034,5,0.3972990219626976,1.9864951098134882,0.0,0.0,0.0,0.0,46.83552345002963,0.7767156580605814,False,True,False,True,False,0.0
2025-04-21 15:00:00+00:00,47.62,47.705,47.385,47.405,2738.0,,,,,,,47.02826196031336,"rgba(239, 83, 80, 1.0)",2.04226358253302,47.02826196031336,0.18447082096003228,5,0.4005633307682566,2.002816653841283,0.0,0.0,0.0,0.0,40.115016166503395,-5.127737287485559,False,True,False,True,False,0.0
2025-04-21 16:00:00+00:00,47.385,47.84,47.375,47.39,13233.0,,,,,,,46.99192936901113,"rgba(239, 83, 80, 1.0)",1.986958588504677,46.99192936901113,0.20034168466915275,5,0.40484681776345,2.02423408881725,0.0,0.0,0.0,0.0,35.56155906490046,-8.89386376446138,False,True,False,True,False,0.0
2025-04-21 17:00:00+00:00,47.345,47.39,46.83,46.85,5463.0,47.023333333333326,,,,,,46.97606958820838,"rgba(239, 83, 80, 1.0)",1.9857201657274475,46.97606958820838,-0.06348809383330034,5,0.40957785381406353,2.0478892690703177,0.0,0.0,0.0,0.0,30.3227410279548,-13.326691484776646,False,True,False,True,False,0.0
2025-04-21 18:00:00+00:00,46.845,47.155,46.84,47.075,6756.0,47.02333333333332,,,,,,46.95851121203293,"rgba(239, 83, 80, 1.0)",1.9794411532751721,46.95851121203293,0.058849331173260605,5,0.4114698294962076,2.057349147481038,0.0,0.0,0.0,0.0,29.631251016279982,-13.68722139213127,False,True,False,True,False,0.0
2025-04-21 19:00:00+00:00,47.08,47.475,47.08,47.25,31192.0,47.1993725860573,,,,,,46.947888512520166,"rgba(239, 83, 80, 1.0)",1.9727680671703176,46.947888512520166,0.15314090516133222,5,0.41352261922488565,2.067613096124428,0.0,0.0,0.0,0.0,31.17988726544067,-13.68722139213127,False,True,False,True,False,0.0
2025-04-22 14:00:00+00:00,48.61,49.05,48.61,49.02,9201.0,47.49561931371804,,,,,,47.00728098325598,"rgba(38, 166, 154, 1.0)",1.986318122729778,47.00728098325598,1.0132913724705694,5,0.41371100724728216,2.0685550362364107,0.0,0.0,0.0,0.0,42.9201514818522,-14.827208608542051,False,True,False,True,True,5.378349205624573
2025-04-22 15:00:00+00:00,49.01,49.17,48.74,48.9,5991.0,47.642937961082765,,,,,,47.04076292455333,"rgba(38, 166, 154, 1.0)",1.9988342616148722,47.04076292455333,0.9301606997393475,5,0.41374549252606824,2.068727462630341,0.0,0.0,0.0,0.0,49.95152597876346,-8.807583084610513,False,True,True,False,True,4.867906749223003
2025-04-22 16:00:00+00:00,48.9,49.54,48.9,49.25,3963.0,47.743464235101065,,,,,,47.0652151164518,"rgba(38, 166, 154, 1.0)",2.020771868852596,47.0652151164518,1.0811635480598452,5,0.41296904875518237,2.064845243775912,0.0,0.0,0.0,0.0,55.904447515186924,-3.7471086820014605,False,False,True,False,True,6.1688356040319015
2025-04-22 17:00:00+00:00,49.235,49.25,48.66,48.755,4577.0,47.82150760317531,,,,,,47.08578525290901,"rgba(38, 166, 154, 1.0)",2.001791456679767,47.08578525290901,0.8338604610989803,5,0.4125867860268399,2.0629339301341996,0.0,0.0,0.0,0.0,56.62458654161924,-3.2840874759660608,False,False,True,False,True,4.052600164861197
2025-04-22 18:00:00+00:00,48.76,49.46,48.755,49.4,3606.0,47.89202271410196,,,,,,47.10494095085881,"rgba(38, 166, 154, 1.0)",2.0032771416622257,47.10494095085881,1.145652292142092,5,0.41023152994191825,2.0511576497095914,0.0,0.0,0.0,0.0,59.537116277510236,-0.4310191580147773,True,False,True,False,True,6.42965627610949
2025-04-22 19:00:00+00:00,49.41,49.49,49.17,49.425,12569.0,48.11372696576169,,,,,,47.17063866803657,"rgba(38, 166, 154, 1.0)",2.004899029157625,47.17063866803657,1.1244263672024515,5,0.4079288588877209,2.0396442944386046,0.0,0.0,0.0,0.0,61.56575166321366,1.7554227990578823,True,False,True,False,True,6.520400372596992
2025-04-23 14:00:00+00:00,51.91,52.02,51.56,51.7,7834.0,48.427103555965125,,,,,,47.2625767133606,"rgba(38, 166, 154, 1.0)",2.065725780446203,47.2625767133606,2.148118268476518,5,0.39892231477016094,1.9946115738508046,0.0,0.0,0.0,0.0,67.90664928292183,7.955640017037787,True,False,True,False,True,14.014569114674554
2025-04-23 15:00:00+00:00,51.7,51.73,50.91,51.045,16602.0,48.858697898299205,,,,,,47.407539593329425,"rgba(38, 166, 154, 1.0)",2.0916886621721544,47.407539593329425,1.7390066086093263,5,0.3929081037842185,1.9645405189210923,0.0,0.0,0.0,0.0,68.81422251160893,9.080460836385441,True,False,True,False,True,11.241798868817721
2025-04-23 16:00:00+00:00,51.045,51.125,50.75,51.07,9627.0,49.032813132733004,,,,,,47.47498171022073,"rgba(38, 166, 154, 1.0)",2.1148965429513256,47.47498171022073,1.699855390922547,5,0.3872977094596662,1.9364885472983309,0.0,0.0,0.0,0.0,69.47094759059709,10.199902332506483,True,False,True,False,True,11.31905534962777
2025-04-23 17:00:00+00:00,51.06,51.34,50.835,51.08,4916.0,49.11530534954523,,,,,,47.50852311157694,"rgba(38, 166, 154, 1.0)",2.149521865962832,47.50852311157694,1.661521543454172,5,0.3821490798305688,1.910745399152844,0.0,0.0,0.0,0.0,69.93184106883834,11.281686780212269,True,False,True,False,True,11.35053482893678
2025-04-23 18:00:00+00:00,51.08,51.195,50.72,50.77,8263.0,49.227940282883985,,,,,,47.55815145004684,"rgba(38, 166, 154, 1.0)",2.1558087924372225,47.55815145004684,1.4898578024269236,5,0.37851932000364197,1.89259660001821,0.0,0.0,0.0,0.0,68.43628566655022,11.281686780212269,True,False,True,False,True,10.021059827455066
2025-04-23 19:00:00+00:00,50.755,50.86,50.485,50.64,30284.0,49.49788488639095,,,,,,47.7019386709483,"rgba(38, 166, 154, 1.0)",2.128493086627229,47.7019386709483,1.3803480723103014,4,0.42078328956333133,1.6831331582533253,0.0,0.0,0.0,0.0,66.68095611873076,11.281686780212269,True,False,True,False,True,9.464585183749652
2025-04-24 14:00:00+00:00,51.325,51.665,51.28,51.495,7349.0,49.58449113022936,,,,,,47.745300060691704,"rgba(38, 166, 154, 1.0)",2.1404636022209123,47.745300060691704,1.751816725786723,4,0.41549625578438093,1.6619850231375237,0.0,0.0,0.0,0.0,68.02222633096832,11.281686780212269,True,False,True,False,True,12.222127259358501
2025-04-24 15:00:00+00:00,51.495,51.84,51.495,51.73,4596.0,49.640451051089286,,,,,,47.77338737303976,"rgba(38, 166, 154, 1.0)",2.1242432632449453,47.77338737303976,1.862598646501628,4,0.4093943162186008,1.6375772648744031,0.0,0.0,0.0,0.0,69.49736641925718,12.928164614478675,True,False,True,False,True,12.95433315841947
2025-04-24 16:00:00+00:00,51.73,52.21,51.705,52.17,4917.0,49.70652207391234,,,,,,47.8059192589589,"rgba(38, 166, 154, 1.0)",2.1311877435360533,47.8059192589589,2.047722334307462,4,0.40207278604740193,1.6082911441896077,0.0,0.0,0.0,0.0,71.50354583420953,15.288449456959029,True,False,True,False,True,14.306796272194617
2025-04-24 17:00:00+00:00,52.14,52.235,51.81,51.81,5421.0,49.77298375808409,,,,,,47.83991331449673,"rgba(38, 166, 154, 1.0)",2.155243162636223,47.83991331449673,1.8420597519247874,4,0.396801592401297,1.587206369605188,0.0,0.0,0.0,0.0,70.50069074435571,15.288449456959029,True,False,True,False,True,12.710587326376082
2025-04-24 18:00:00+00:00,51.81,52.005,51.73,51.935,4082.0,49.819144254104586,,,,,,47.86435249722282,"rgba(38, 166, 154, 1.0)",2.1772203578155764,47.86435249722282,1.86965342674882,4,0.39225144759610275,1.569005790384411,0.0,0.0,0.0,0.0,70.20014926829973,15.288449456959029,True,False,True,False,True,13.102563195744871
2025-04-24 19:00:00+00:00,51.93,52.49,51.91,52.43,20147.0,50.05792058102973,,,,,,47.99159035499283,"rgba(38, 166, 154, 1.0)",2.1939476535018807,47.99159035499283,2.0230244043985186,4,0.3861662308294999,1.5446649233179996,0.0,0.0,0.0,0.0,71.36824751931988,16.354520677899743,True,False,True,False,True,14.637468722125405
2025-04-25 14:00:00+00:00,52.93,53.185,52.72,53.065,18980.0,50.30379780503322,,,,,,48.12341658769759,"rgba(38, 166, 154, 1.0)",2.2086953305205244,48.12341658769759,2.237331398322747,4,0.378919407382767,1.515677629531068,0.0,0.0,0.0,0.0,73.57660029300968,18.787647418622896,True,False,True,False,True,16.53524735212512
2025-04-25 15:00:00+00:00,53.085,53.085,52.545,52.585,8897.0,50.39587698863112,,,,,,48.17751828267698,"rgba(38, 166, 154, 1.0)",2.1809570487858663,48.17751828267698,2.0208934053867122,4,0.37335677376475246,1.4934270950590098,0.0,0.0,0.0,0.0,71.88214157104056,18.787647418622896,True,False,True,False,True,14.36803360434228
2025-04-25 16:00:00+00:00,52.58,52.975,52.58,52.85,5692.0,50.452715236415195,,,,,,48.21162182244051,"rgba(38, 166, 154, 1.0)",2.1480880394493456,48.21162182244051,2.1593054345894127,4,0.3672306524820133,1.4689226099280532,0.0,0.0,0.0,0.0,71.49115057492409,18.787647418622896,True,False,True,False,True,15.166100426901366
2025-04-25 17:00:00+00:00,52.845,53.085,52.575,52.625,15217.0,50.58988646922409,,,,,,48.29789442024714,"rgba(38, 166, 154, 1.0)",2.0892373818783607,48.29789442024714,2.071141181603074,4,0.36312193084349614,1.4524877233739846,0.0,0.0,0.0,0.0,69.74674030932948,18.787647418622896,True,False,True,False,False,14.14946112696823
2025-04-25 18:00:00+00:00,52.615,53.045,52.595,52.9,7138.0,50.6510718879773,,,,,,48.33750541717765,"rgba(38, 166, 154, 1.0)",2.0442262859351503,48.33750541717765,2.231893119765452,2,0.2986458905362045,0.597291781072409,0.0,0.0,0.0,0.0,69.47979679745384,18.787647418622896,True,False,True,False,False,14.99327685907408
2025-04-25 19:00:00+00:00,52.88,53.015,52.8,53.0,20637.0,50.81732545661818,,,,,,48.44890100338151,"rgba(38, 166, 154, 1.0)",2.004620938758303,48.44890100338151,2.270304030365722,2,0.29285373003717263,0.5857074600743453,0.0,0.0,0.0,0.0,69.62853175199726,18.787647418622896,True,False,True,False,False,15.300458612396916
2025-04-28 14:00:00+00:00,53.23,53.905,53.23,53.56,14378.0,50.9497650368483,,,,,,48.921558629937564,"rgba(38, 166, 154, 1.0)",2.059237946163346,48.921558629937564,2.2525038345881865,2,0.2863177513293725,0.572635502658745,0.0,0.0,0.0,0.0,71.39033422647171,18.787647418622896,True,False,True,False,True,16.99716492818846
2025-04-28 15:00:00+00:00,53.555,53.585,52.85,53.0,9342.0,51.01642764578599,,,,,,48.953008842918955,"rgba(38, 166, 154, 1.0)",2.0956395269767043,48.953008842918955,1.9311485133702733,2,0.2813776694364078,0.5627553388728156,0.0,0.0,0.0,0.0,68.63820290555415,22.169976493168406,True,False,True,False,False,14.404368929011753
2025-04-28 16:00:00+00:00,52.975,52.975,52.715,52.96,3520.0,51.03754723499711,,,,,,48.96297697834926,"rgba(38, 166, 154, 1.0)",2.130665797054728,48.96297697834926,1.875950243898374,2,0.27684370047039675,0.5536874009407935,0.0,0.0,0.0,0.0,66.54084827431498,20.160945454823718,True,False,True,False,False,14.221092198877756
2025-04-28 17:00:00+00:00,52.96,53.035,52.67,52.99,13895.0,51.11709027068489,,,,,,49.009908251136686,"rgba(38, 166, 154, 1.0)",2.150610330299963,49.009908251136686,1.8506801035909564,2,0.27271869187254605,0.5454373837450921,0.0,0.0,0.0,0.0,65.27338158744426,18.931948648872194,True,False,True,False,False,14.316296342861243
2025-04-28 18:00:00+00:00,52.99,53.16,52.975,53.135,6338.0,51.15482315901706,,,,,,49.03614885608595,"rgba(38, 166, 154, 1.0)",2.160165992954533,49.03614885608595,1.8974704524016266,2,0.2716239938599746,0.5432479877199492,0.0,0.0,0.0,0.0,65.09432952129507,18.649079830669095,True,False,True,False,False,14.78151110369884
2025-04-28 19:00:00+00:00,53.135,53.37,53.13,53.25,17552.0,51.26021185946852,,,,,,49.113803482882254,"rgba(38, 166, 154, 1.0)",2.1657131900650537,49.113803482882254,1.9098542392834126,2,0.269738971995109,0.539477943990218,0.0,0.0,0.0,0.0,65.51160028453691,18.649079830669095,True,False,True,False,False,15.152814482213135
2025-04-29 14:00:00+00:00,52.89,53.24,52.605,53.105,3899.0,51.27925287405185,,,,,,49.128009207078534,"rgba(38, 166, 154, 1.0)",2.1792083197576666,49.128009207078534,1.8249704522804473,2,0.2682206579126031,0.5364413158252062,0.0,0.0,0.0,0.0,64.44472439933203,17.69692323306714,True,False,True,False,False,14.443251885645612
2025-04-29 15:00:00+00:00,53.115,53.3,53.025,53.165,2753.0,51.29383937861718,,,,,,49.13911549687904,"rgba(38, 166, 154, 1.0)",2.189677900127424,49.13911549687904,1.8385738390503361,2,0.2663394237883267,0.5326788475766534,0.0,0.0,0.0,0.0,64.07937360550102,17.151206241574684,True,False,True,False,False,14.643833096208692
2025-04-29 16:00:00+00:00,53.16,53.415,53.095,53.205,4228.0,51.31668767705512,,,,,,49.15670156795765,"rgba(38, 166, 154, 1.0)",2.1902069773434074,49.15670156795765,1.8483634076231004,2,0.265442331349663,0.530884662699326,0.0,0.0,0.0,0.0,64.08298426430389,16.91687029431158,True,False,True,False,False,14.779525189766563
2025-04-29 17:00:00+00:00,53.205,53.635,53.17,53.54,1466.0,51.32533726556098,,,,,,49.16341024824487,"rgba(38, 166, 154, 1.0)",2.1923735810575407,49.16341024824487,1.9962791878033763,2,0.2642453952785761,0.5284907905571522,0.0,0.0,0.0,0.0,66.00183182779811,16.91687029431158,True,False,True,False,True,15.914721367664246
2025-04-29 18:00:00+00:00,53.56,53.725,53.49,53.66,4368.0,51.35280824053207,,,,,,49.18478123020897,"rgba(38, 166, 154, 1.0)",2.1929711693384615,49.18478123020897,2.040710262114862,2,0.2620509381457032,0.5241018762914064,0.0,0.0,0.0,0.0,67.89039808377447,15.099021289742424,True,False,True,False,True,16.31904976652331
2025-04-29 19:00:00+00:00,53.66,53.975,53.66,53.82,11287.0,51.42663473876243,,,,,,49.24238965452252,"rgba(38, 166, 154, 1.0)",2.2080107063326104,49.24238965452252,2.0731830386278567,2,0.2611280471403381,0.5222560942806762,0.0,0.0,0.0,0.0,69.93649325451074,17.032163758041577,True,False,True,False,True,16.860352244534823
2025-04-30 14:00:00+00:00,52.285,52.95,52.285,52.77,2626.0,51.43522527305091,,,,,,49.493712684928525,"rgba(38, 166, 154, 1.0)",2.205811096761178,49.493712684928525,1.4852982287930707,2,0.2635596722743023,0.5271193445486047,0.0,0.0,0.0,0.0,61.901229141632534,15.565201599090514,False,False,True,False,False,11.516145156237478
2025-04-30 15:00:00+00:00,52.84,53.18,52.84,53.14,2724.0,51.4467549802551,,,,,,49.51644695213155,"rgba(38, 166, 154, 1.0)",2.204970633703691,49.51644695213155,1.6433566018890522,2,0.26429167707595375,0.5285833541519075,0.0,0.0,0.0,0.0,58.91324320637017,13.215626854088903,False,False,True,False,False,12.816954095707459
2025-04-30 16:00:00+00:00,53.165,53.23,52.75,52.95,3114.0,51.459116315133514,,,,,,49.52891130377357,"rgba(38, 166, 154, 1.0)",2.2038125073535024,49.52891130377357,1.552350159013629,2,0.2673820437549327,0.5347640875098654,0.0,0.0,0.0,0.0,55.678100999074886,10.540486683381282,False,True,True,False,False,11.88409445713344
2025-04-30 17:00:00+00:00,52.95,53.26,52.775,53.155,3182.0,51.47225260708185,,,,,,49.542136476978825,"rgba(38, 166, 154, 1.0)",2.2208123868660823,49.542136476978825,1.6268206825518916,2,0.26947529969624373,0.5389505993924875,0.0,0.0,0.0,0.0,54.855096868774,9.963688842154333,False,True,True,False,False,12.613721957070524
2025-04-30 18:00:00+00:00,53.18,53.45,52.73,52.79,12256.0,51.518658355058264,,,,,,49.580678110597106,"rgba(38, 166, 154, 1.0)",2.222351197908876,49.580678110597106,1.4441110353857252,2,0.27010115469262697,0.5402023093852539,0.0,0.0,0.0,0.0,51.889154526071785,7.247569079794445,False,True,False,False,False,10.811449106593297
2025-04-30 19:00:00+00:00,52.785,53.45,52.735,53.36,27063.0,51.62383515459709,,,,,,49.67516813214106,"rgba(38, 166, 154, 1.0)",2.2321192168426784,49.67516813214106,1.6508221604180782,2,0.27029679331638434,0.5405935866327687,0.0,0.0,0.0,0.0,53.3919166529839,7.247569079794445,False,True,True,False,False,12.848745539239925
2025-05-01 14:00:00+00:00,53.33,53.92,53.21,53.92,4661.0,51.64602657610693,,,,,,49.69648648140871,"rgba(38, 166, 154, 1.0)",2.2544315717519323,49.69648648140871,1.8734272406011294,2,0.27091043409211235,0.5418208681842247,0.0,0.0,0.0,0.0,56.95104971597782,7.247569079794445,False,True,True,False,True,14.765339930460986
2025-05-01 15:00:00+00:00,53.925,54.305,53.49,53.59,6362.0,51.67717445338788,,,,,,49.72612939603205,"rgba(38, 166, 154, 1.0)",2.271731089751673,49.72612939603205,1.700848582562789,2,0.27328159017239906,0.5465631803447981,0.0,0.0,0.0,0.0,57.0928979997298,7.247569079794445,False,True,True,False,True,13.131123924240988
2025-05-01 16:00:00+00:00,53.59,53.67,53.265,53.32,5437.0,51.6984781494917,,,,,,49.7453219819073,"rgba(38, 166, 154, 1.0)",2.279187167422704,49.7453219819073,1.5684003793926804,2,0.27794525748596405,0.5558905149719281,0.0,0.0,0.0,0.0,55.50982641541268,7.247569079794445,False,True,True,False,True,11.811644830449477
2025-05-01 17:00:00+00:00,53.32,53.68,53.32,53.465,2204.0,51.70731175487938,,,,,,49.75334680758378,"rgba(38, 166, 154, 1.0)",2.2967550219017303,49.75334680758378,1.6160422670341852,2,0.28334446989727585,0.5666889397945517,0.0,0.0,0.0,0.0,55.25393687546182,7.247569079794445,False,True,True,False,True,12.325853971050911
2025-05-01 18:00:00+00:00,53.475,53.765,53.47,53.675,4195.0,51.72526702634988,,,,,,49.769855177148955,"rgba(38, 166, 154, 1.0)",2.314865071078115,49.769855177148955,1.6869859378163572,2,0.2899983328035459,0.5799966656070918,0.0,0.0,0.0,0.0,56.22665235634352,7.247569079794445,False,True,True,False,True,13.070628187666031
2025-05-01 19:00:00+00:00,53.675,53.71,53.24,53.26,14852.0,51.77879285066401,,,,,,49.818335070165226,"rgba(38, 166, 154, 1.0)",2.321072633756075,49.818335070165226,1.4827907062370982,2,0.29699731477790703,0.5939946295558141,0.0,0.0,0.0,0.0,54.079105853345936,7.247569079794445,False,True,True,False,False,11.00959105067794
2025-05-02 14:00:00+00:00,54.255,54.865,54.255,54.695,14613.0,51.86479162849066,,,,,,49.898314930858,"rgba(38, 166, 154, 1.0)",2.348968706045736,49.898314930858,2.042038728228424,2,0.3014151962551509,0.6028303925103018,0.0,0.0,0.0,0.0,58.662508278795386,3.758439874343246,False,True,True,False,True,15.890386130281286
2025-05-02 15:00:00+00:00,54.735,54.89,54.36,54.79,12681.0,51.93721750761965,,,,,,49.96431308228723,"rgba(38, 166, 154, 1.0)",2.376174935547576,49.96431308228723,2.030863488003555,1,0.15925253532663947,0.15925253532663947,0.0,0.0,0.0,0.0,61.997631193026876,6.850356246573256,False,True,True,False,True,16.193389504795945
2025-05-02 16:00:00+00:00,54.79,55.18,54.785,54.955,10090.0,51.99812054136189,,,,,,50.34946468742985,"rgba(38, 166, 154, 1.0)",2.4062007023147562,50.34946468742985,1.9140279146870995,1,0.15782979236936936,0.15782979236936936,0.0,0.0,0.0,0.0,64.72720054279387,9.357207472340747,False,False,True,False,True,16.722835924451882
2025-05-02 17:00:00+00:00,54.955,55.04,54.81,54.96,14023.0,52.07782104446067,,,,,,50.41453361238493,"rgba(38, 166, 154, 1.0)",2.423735715753686,50.41453361238493,1.8753968751917376,1,0.15640412010751606,0.15640412010751606,0.0,0.0,0.0,0.0,66.56330536426856,11.081961935126415,True,False,True,False,True,16.73905527180119
2025-05-02 18:00:00+00:00,54.97,55.15,54.745,54.9,9630.0,52.13000412666584,,,,,,50.457536062789146,"rgba(38, 166, 154, 1.0)",2.4389636755825266,50.457536062789146,1.8214555557699343,1,0.15581303956416778,0.15581303956416778,0.0,0.0,0.0,0.0,67.27740998721961,11.87264560338707,True,False,True,False,True,16.427477209854413
2025-05-02 19:00:00+00:00,54.88,55.035,54.73,54.755,22417.0,52.240645111548595,,,,,,50.54703349102593,"rgba(38, 166, 154, 1.0)",2.4475367779217336,50.54703349102593,1.7192658949734625,1,0.1559807450149271,0.1559807450149271,0.0,0.0,0.0,0.0,66.47304087396884,11.87264560338707,True,False,True,False,True,15.668099583570612
2025-05-05 14:00:00+00:00,54.285,54.425,53.92,54.35,11092.0,52.2800699436773,,,,,,50.57365929760742,"rgba(38, 166, 154, 1.0)",2.430238584291016,50.57365929760742,1.5538971057420967,1,0.15678534351141937,0.15678534351141937,0.0,0.0,0.0,0.0,62.70590609147776,11.87264560338707,False,False,True,False,False,13.57140326963971
2025-05-05 15:00:00+00:00,54.355,54.38,54.08,54.125,23336.0,52.35665388748261,,,,,,50.63104118293977,"rgba(38, 166, 154, 1.0)",2.4080108889790495,50.63104118293977,1.45097301388932,0,,,0.0,0.0,0.0,0.0,58.62362982652746,14.122520540324388,False,True,True,False,False,12.42531089420158
2025-05-05 16:00:00+00:00,54.105,54.37,53.995,54.37,15241.0,52.404721808391585,,,,,,50.670567679116694,"rgba(38, 166, 154, 1.0)",2.3959933579147092,50.670567679116694,1.5440077530527918,0,,,0.0,0.0,0.0,0.0,57.466343986802116,13.007712444442596,False,True,True,False,False,13.31222727983241
2025-05-05 17:00:00+00:00,54.38,54.38,54.15,54.25,10402.0,52.43640332171045,,,,,,50.69759261758777,"rgba(38, 166, 154, 1.0)",2.3855464216254454,50.69759261758777,1.489137813546179,0,,,0.0,0.0,0.0,0.0,55.78287633615828,11.298122576617402,False,True,True,False,False,12.691031860811336
2025-05-05 18:00:00+00:00,54.26,54.3,54.09,54.115,19462.0,52.490024861890156,,,,,,50.74435112365598,"rgba(38, 166, 154, 1.0)",2.3752355350253347,50.74435112365598,1.4190798456154239,0,,,0.0,0.0,0.0,0.0,53.62843828197881,9.12180025924144,False,True,True,False,False,11.988612847665006
2025-05-05 19:00:00+00:00,54.115,54.135,53.76,53.945,25080.0,52.54591190316655,,,,,,50.79477029114353,"rgba(38, 166, 154, 1.0)",2.3668265578523493,50.79477029114353,1.3309930541403845,0,,,0.0,0.0,0.0,0.0,50.922588537318596,6.452795081510992,False,True,False,False,False,11.10238511289931
2025-05-06 14:00:00+00:00,53.79,54.735,53.63,53.92,11145.0,52.571880287371265,,,,,,51.024141321944896,"rgba(38, 166, 154, 1.0)",2.355442887908439,51.024141321944896,1.2294327716120257,0,,,0.0,0.0,0.0,0.0,48.927316563777026,4.459422566390927,False,True,False,True,False,10.970953545501448
2025-05-06 15:00:00+00:00,53.875,54.54,53.865,54.275,5192.0,52.584703206705825,,,,,,51.038344639563455,"rgba(38, 166, 154, 1.0)",2.3437851633398794,51.038344639563455,1.3809522353253272,0,,,0.0,0.0,0.0,0.0,50.67559650140512,4.459422566390927,False,True,False,False,False,12.356505296921082
2025-05-06 16:00:00+00:00,54.265,54.63,54.195,54.34,6287.0,52.60146981167412,,,,,,51.05797524179104,"rgba(38, 166, 154, 1.0)",2.326621830926634,51.05797524179104,1.4106395438152557,0,,,0.0,0.0,0.0,0.0,52.35125492154026,4.459422566390927,False,True,True,False,True,12.608753631068748
2025-05-06 17:00:00+00:00,54.31,54.975,54.31,54.75,12258.0,52.63844247530138,,,,,,51.102169313160246,"rgba(38, 166, 154, 1.0)",2.3126324710048958,51.102169313160246,1.5773499389008758,0,,,0.0,0.0,0.0,0.0,56.29714060953661,0.7645416536411034,False,True,True,False,True,14.18494115196457
2025-05-06 18:00:00+00:00,54.745,55.155,54.7,54.965,10016.0,52.671441227301685,,,,,,51.140340321776065,"rgba(38, 166, 154, 1.0)",2.2989537514599157,51.140340321776065,1.6636522921764503,0,,,0.0,0.0,0.0,0.0,60.139843705428625,4.363256766118411,False,False,True,False,True,14.996074789483593
2025-05-06 19:00:00+00:00,54.96,55.125,54.74,55.065,31159.0,52.76987111215864,,,,,,51.24348148602499,"rgba(38, 166, 154, 1.0)",2.283589714020944,51.24348148602499,1.6734698402744508,0,,,0.0,0.0,0.0,0.0,63.242738458381936,7.230773211963381,True,False,True,False,True,15.373521725481215
2025-05-07 14:00:00+00:00,56.0,56.28,55.68,55.79,8899.0,52.80778302840435,,,,,,51.285929780063626,"rgba(38, 166, 154, 1.0)",2.278040927742245,51.285929780063626,1.9771682611516268,0,,,0.0,0.0,0.0,0.0,68.2802565561096,11.854375993225695,True,False,True,False,True,18.024909198481875
2025-05-07 15:00:00+00:00,55.63,55.86,55.52,55.725,5372.0,52.82867771977406,,,,,,51.308271955348744,"rgba(38, 166, 154, 1.0)",2.2670485475872377,51.308271955348744,1.9482282588751219,0,,,0.0,0.0,0.0,0.0,70.8925369290819,14.197557748878282,True,False,True,False,True,17.648015015904654
2025-05-07 16:00:00+00:00,55.715,56.025,55.58,55.995,5566.0,52.85123628120634,,,,,,51.33239633004354,"rgba(38, 166, 154, 1.0)",2.2572625073365566,51.33239633004354,2.0656009900497003,0,,,0.0,0.0,0.0,0.0,73.57158160387777,16.70427400831811,True,False,True,False,True,18.616288790195934
2025-05-07 17:00:00+00:00,55.995,56.11,55.815,55.87,3495.0,52.86553247241861,,,,,,51.34758605875143,"rgba(38, 166, 154, 1.0)",2.2143567752122113,51.34758605875143,2.0423149475608615,0,,,0.0,0.0,0.0,0.0,73.83712809084089,17.10766796457942,True,False,True,False,True,17.875539509894878
2025-05-07 18:00:00+00:00,55.96,56.09,55.58,56.075,7825.0,52.89689281333506,,,,,,51.380436867387935,"rgba(38, 166, 154, 1.0)",2.1621395017957394,51.380436867387935,2.1712582045298436,0,,,0.0,0.0,0.0,0.0,74.83737926365646,18.365294805514736,True,False,True,False,True,18.622068585237184
2025-05-07 19:00:00+00:00,55.98,55.98,55.405,55.825,26902.0,52.99386590581556,,,,,,51.478178303773646,"rgba(38, 166, 154, 1.0)",2.0967379060929754,51.478178303773646,2.073135456556012,0,,,0.0,0.0,0.0,0.0,72.51379354900527,18.365294805514736,True,False,True,False,True,17.12391250327816
2025-05-08 14:00:00+00:00,55.9,56.3,55.78,56.13,7276.0,53.022016542192475,,,,,,51.50671335889881,"rgba(38, 166, 154, 1.0)",2.007679797968661,51.50671335889881,2.3028007981048395,0,,,0.0,0.0,0.0,0.0,72.44410023097255,18.365294805514736,True,False,True,False,True,18.25434643832377
2025-05-08 15:00:00+00:00,56.09,57.145,56.075,56.755,4727.0,53.04350786754269,,,,,,51.52892685707135,"rgba(38, 166, 154, 1.0)",1.9307022131950735,51.52892685707135,2.706825064586294,0,,,0.0,0.0,0.0,0.0,74.62715147910565,18.96589859906993,True,False,True,False,True,20.0
2025-05-08 16:00:00+00:00,56.78,57.36,56.72,57.36,9726.0,53.092804710381664,,,,,,51.58011510909652,"rgba(38, 166, 154, 1.0)",1.865875595729539,51.58011510909652,3.097679665317453,0,,,0.0,0.0,0.0,0.0,77.54062145143776,21.976343789499595,True,False,True,False,True,20.0
2025-05-08 17:00:00+00:00,57.35,57.35,57.09,57.12,11106.0,53.14820853800155,,,,,,51.6368668460111,"rgba(38, 166, 154, 1.0)",1.8507296905241764,51.6368668460111,2.9626871941714645,0,,,0.0,0.0,0.0,0.0,77.1200521354312,21.976343789499595,True,False,True,False,True,20.0
2025-05-08 18:00:00+00:00,57.115,57.47,57.115,57.34,8331.0,53.19001714782715,,,,,,51.67932361133629,"rgba(38, 166, 154, 1.0)",1.8310649562137888,51.67932361133629,3.091466727848182,0,,,0.0,0.0,0.0,0.0,77.47711367582545,22.487826269460285,True,False,True,False,True,20.0
2025-05-08 19:00:00+00:00,57.33,57.46,56.88,56.88,26971.0,53.31238208369207,,,,,,51.80100940876359,"rgba(38, 166, 154, 1.0)",1.8038601177266098,51.80100940876359,2.8156233076639126,0,,,0.0,0.0,0.0,0.0,73.56046924905286,22.487826269460285,True,False,True,False,False,19.0502542809852
2025-05-09 14:00:00+00:00,57.22,57.38,56.39,56.675,15519.0,53.374757008752354,,,,,,51.86193520618366,"rgba(38, 166, 154, 1.0)",1.7476143971372573,51.86193520618366,2.7540771017339707,0,,,0.0,0.0,0.0,0.0,69.32800177724238,24.507923321109814,True,False,True,False,False,17.848896749397912
2025-05-09 15:00:00+00:00,56.68,56.705,56.385,56.64,7713.0,53.40284748169959,,,,,,51.889133830280485,"rgba(38, 166, 154, 1.0)",1.7062990163900564,51.889133830280485,2.7843104427093435,0,,,0.0,0.0,0.0,0.0,66.22202314718751,21.640567985676867,True,False,True,False,False,17.64273325412791
2025-05-09 16:00:00+00:00,56.645,56.645,56.28,56.345,6196.0,53.4239855299177,,,,,,51.909514251151734,"rgba(38, 166, 154, 1.0)",1.6529246071001242,51.909514251151734,2.683416853857503,0,,,0.0,0.0,0.0,0.0,61.804894696282155,17.60112949488048,False,False,True,False,False,15.906696981266535
2025-05-09 17:00:00+00:00,56.35,56.725,56.33,56.69,5893.0,53.44486407819638,,,,,,51.92972881823356,"rgba(38, 166, 154, 1.0)",1.6639813727951867,51.92972881823356,2.860771917037775,0,,,0.0,0.0,0.0,0.0,60.95608339355778,16.84707150495437,False,False,True,False,False,17.199260323681738
2025-05-09 18:00:00+00:00,56.69,56.72,56.375,56.51,6908.0,53.468630966960866,,,,,,51.95271946226874,"rgba(38, 166, 154, 1.0)",1.6543997523394662,51.95271946226874,2.7546429037400815,0,,,0.0,0.0,0.0,0.0,58.95288161950229,14.869192504039447,False,True,True,False,False,16.13795538526089
2025-05-09 19:00:00+00:00,56.515,56.59,56.22,56.375,26838.0,53.55353624553063,,,,,,52.034820784554356,"rgba(38, 166, 154, 1.0)",1.6395101636089133,52.034820784554356,2.64724142111567,0,,,0.0,0.0,0.0,0.0,56.55796107689471,12.493318155121102,False,True,True,False,False,15.342092810090985
2025-05-12 14:00:00+00:00,57.25,57.57,56.78,57.145,7596.0,53.582951450172004,,,,,,52.063582232919146,"rgba(38, 166, 154, 1.0)",1.638116510722926,52.063582232919146,3.101988005015803,0,,,0.0,0.0,0.0,0.0,59.3134005309997,12.493318155121102,False,True,True,False,True,18.227503742125965
2025-05-12 15:00:00+00:00,57.21,57.365,57.01,57.075,4803.0,53.60122800532674,,,,,,52.08144141115051,"rgba(38, 166, 154, 1.0)",1.6224201919600343,52.08144141115051,3.0778454395447414,0,,,0.0,0.0,0.0,0.0,60.56826015228057,12.493318155121102,False,True,True,False,True,17.811094087569238
2025-05-12 16:00:00+00:00,57.1,57.52,57.055,57.48,13162.0,53.65315835180474,,,,,,52.132211239474515,"rgba(38, 166, 154, 1.0)",1.6080873088216172,52.132211239474515,3.325558712632502,0,,,0.0,0.0,0.0,0.0,63.24090612641211,7.358171133117473,False,False,True,False,True,19.28041122661957
2025-05-12 17:00:00+00:00,57.495,57.755,57.395,57.46,9704.0,53.69240306989726,,,,,,52.170568327926965,"rgba(38, 166, 154, 1.0)",1.6121757918366548,52.170568327926965,3.280927364656124,0,,,0.0,0.0,0.0,0.0,64.83474532683039,9.041506709813774,True,False,True,False,True,19.15850883525979
2025-05-12 18:00:00+00:00,57.415,57.63,57.33,57.535,8704.0,53.72659055359183,,,,,,52.20395635403057,"rgba(38, 166, 154, 1.0)",1.6198552654732596,52.20395635403057,3.2910617137216245,0,,,0.0,0.0,0.0,0.0,66.25455418817265,10.608341910520416,True,False,True,False,True,19.433430858923423
2025-05-12 19:00:00+00:00,57.54,57.675,57.42,57.485,61264.0,53.95256517015304,,,,,,52.424741855975256,"rgba(38, 166, 154, 1.0)",1.632182168335078,52.424741855975256,3.1003023082812535,0,,,0.0,0.0,0.0,0.0,66.63635563831335,11.27190856394634,True,False,True,False,True,19.118214411890143
2025-05-13 14:00:00+00:00,57.785,58.325,57.685,58.245,8880.0,53.987879721507646,,,,,,52.459217383239334,"rgba(38, 166, 154, 1.0)",1.6533946107143047,52.459217383239334,3.4993355967581574,0,,,0.0,0.0,0.0,0.0,70.1011935238821,14.785170274035437,True,False,True,False,True,20.0
2025-05-13 15:00:00+00:00,58.225,58.565,58.21,58.505,6171.0,54.01408465433832,,,,,,52.484754063256744,"rgba(38, 166, 154, 1.0)",1.6803742531445196,52.484754063256744,3.582681611240737,0,,,0.0,0.0,0.0,0.0,73.19274288567905,17.811196877339583,True,False,True,False,True,20.0
2025-05-13 16:00:00+00:00,58.505,58.62,58.31,58.51,5373.0,54.03692296039101,,,,,,52.5070013064423,"rgba(38, 166, 154, 1.0)",1.7129262802122616,52.5070013064423,3.5045283401302147,0,,,0.0,0.0,0.0,0.0,75.26892671822199,19.853089601526406,True,False,True,False,True,20.0
2025-05-13 17:00:00+00:00,58.5,58.65,58.405,58.515,4401.0,54.05563717303718,,,,,,52.525225605668794,"rgba(38, 166, 154, 1.0)",1.751839766522025,52.525225605668794,3.4191337066305256,0,,,0.0,0.0,0.0,0.0,76.67001443670291,21.308755723479152,True,False,True,False,True,20.0
2025-05-13 18:00:00+00:00,58.515,58.68,58.43,58.59,7411.0,54.087102609473135,,,,,,52.55585823830366,"rgba(38, 166, 154, 1.0)",1.781078153082499,52.55585823830366,3.3879152081300314,0,,,0.0,0.0,0.0,0.0,77.87821073686206,22.645512920373292,True,False,True,False,True,20.0
2025-05-13 19:00:00+00:00,58.59,58.68,58.275,58.33,18217.0,54.16028183176456,,,,,,52.62718601687197,"rgba(38, 166, 154, 1.0)",1.8043102248193816,52.62718601687197,3.1606615673304765,0,,,0.0,0.0,0.0,0.0,75.06685730667371,22.645512920373292,True,False,True,False,False,20.0
2025-05-14 14:00:00+00:00,58.57,58.81,58.435,58.76,6339.0,54.18657044585968,,,,,,52.65277504536889,"rgba(38, 166, 154, 1.0)",1.831104505950464,52.65277504536889,3.3352683775200775,0,,,0.0,0.0,0.0,0.0,75.23895928468394,22.645512920373292,True,False,True,False,False,20.0
2025-05-14 15:00:00+00:00,58.765,58.99,58.595,58.815,9100.0,54.224870803155184,,,,,,52.69002707108343,"rgba(38, 166, 154, 1.0)",1.8602134867311868,52.69002707108343,3.2926182788189133,0,,,0.0,0.0,0.0,0.0,75.58238100595645,22.645512920373292,True,False,True,False,False,20.0
2025-05-14 16:00:00+00:00,58.815,59.005,58.645,58.76,6639.0,54.25243449525585,,,,,,52.71684273924375,"rgba(38, 166, 154, 1.0)",1.8858459568515553,52.71684273924375,3.20448085316861,0,,,0.0,0.0,0.0,0.0,75.03232699929433,22.645512920373292,True,False,True,False,False,20.0
2025-05-14 17:00:00+00:00,58.76,58.94,58.65,58.875,8864.0,54.28886885581642,,,,,,52.75229543558396,"rgba(38, 166, 154, 1.0)",1.9190864544934412,52.75229543558396,3.190426648096049,0,,,0.0,0.0,0.0,0.0,75.24981525684439,22.645512920373292,True,False,True,False,False,20.0
2025-05-14 18:00:00+00:00,58.91,59.055,58.79,58.955,8034.0,54.32219447342125,,,,,,52.78470530752975,"rgba(38, 166, 154, 1.0)",1.942647916614927,52.78470530752975,3.1762290220978473,0,,,0.0,0.0,0.0,0.0,75.7999459119369,22.645512920373292,True,False,True,False,False,20.0
2025-05-14 19:00:00+00:00,58.98,59.12,58.885,58.98,22932.0,54.41597775395294,,,,,,52.875943268356465,"rgba(38, 166, 154, 1.0)",1.9625628193309408,52.875943268356465,3.110247820614716,0,,,0.0,0.0,0.0,0.0,76.29967483521322,22.904496763783783,True,False,True,False,False,20.0
2025-05-15 14:00:00+00:00,58.635,58.86,58.395,58.83,9987.0,54.45305486411579,,,,,,52.91218550079222,"rgba(38, 166, 154, 1.0)",1.9761450666195326,52.91218550079222,2.9946255460541735,0,,,0.0,0.0,0.0,0.0,73.94281192402742,22.904496763783783,True,False,True,False,False,20.0
2025-05-15 15:00:00+00:00,58.83,59.205,58.83,59.15,5708.0,54.475765793688105,,,,,,52.93430855267505,"rgba(38, 166, 154, 1.0)",1.9962959686867547,52.93430855267505,3.1136121821725093,0,,,0.0,0.0,0.0,0.0,74.42664218332558,22.904496763783783,True,False,True,False,False,20.0
2025-05-15 16:00:00+00:00,59.165,59.235,58.935,59.08,4814.0,54.49483608730276,,,,,,52.952889497166154,"rgba(38, 166, 154, 1.0)",2.013426569197383,52.952889497166154,3.0431258813060706,0,,,0.0,0.0,0.0,0.0,73.5682681930376,22.904496763783783,True,False,True,False,False,20.0
2025-05-15 17:00:00+00:00,59.105,59.365,59.105,59.27,10294.0,54.53652282577537,,,,,,52.99345953870184,"rgba(38, 166, 154, 1.0)",2.0290261898949646,52.99345953870184,3.0933757743280164,0,,,0.0,0.0,0.0,0.0,74.17339794862028,22.904496763783783,True,False,True,False,False,20.0
2025-05-15 18:00:00+00:00,59.255,59.42,59.21,59.35,9419.0,54.57466750421165,,,,,,53.03058086070992,"rgba(38, 166, 154, 1.0)",2.044052572445073,53.03058086070992,3.0916128207655955,0,,,0.0,0.0,0.0,0.0,75.03717806781654,22.904496763783783,True,False,True,False,True,20.0
2025-05-15 19:00:00+00:00,59.34,59.54,59.2,59.51,20791.0,54.65830734906759,,,,,,53.112005054961614,"rgba(38, 166, 154, 1.0)",2.0599498703776438,53.112005054961614,3.1058983701702707,0,,,0.0,0.0,0.0,0.0,76.4811431157463,23.781866077338933,True,False,True,False,True,20.0
2025-05-16 14:00:00+00:00,59.93,60.03,59.69,59.8,3049.0,54.67140047779187,,,,,,53.12470436997959,"rgba(38, 166, 154, 1.0)",2.0849147648230084,53.12470436997959,3.2017115244455012,0,,,0.0,0.0,0.0,0.0,78.72312275267231,25.93529732661962,True,False,True,False,True,20.0
2025-05-16 15:00:00+00:00,59.8,59.95,59.625,59.885,3749.0,54.68734720961169,,,,,,53.14017876561469,"rgba(38, 166, 154, 1.0)",2.1102153043305885,53.14017876561469,3.1962715939665345,0,,,0.0,0.0,0.0,0.0,80.54130251016792,27.626501157314763,True,False,True,False,True,20.0
2025-05-16 16:00:00+00:00,59.885,60.045,59.76,60.03,6144.0,54.71390007302036,,,,,,53.165920391027775,"rgba(38, 166, 154, 1.0)",2.137889950732229,53.165920391027775,3.2106795799387493,0,,,0.0,0.0,0.0,0.0,82.28001366721644,29.22666865962026,True,False,True,False,True,20.0
2025-05-16 17:00:00+00:00,60.025,60.175,59.7,59.71,4964.0,54.73481952934553,,,,,,53.578900921848,"rgba(38, 166, 154, 1.0)",2.1347203711642133,53.578900921848,2.872085337719562,0,,,0.0,0.0,0.0,0.0,77.76066185608471,31.232476183525748,True,False,True,False,False,20.0
2025-05-16 18:00:00+00:00,59.74,60.005,59.68,59.915,11370.0,54.782146662567854,,,,,,53.62237493110203,"rgba(38, 166, 154, 1.0)",2.1400261806937015,53.62237493110203,2.9404430308689866,0,,,0.0,0.0,0.0,0.0,76.05347463455615,29.824955475753114,True,False,True,False,False,20.0
2025-05-16 19:00:00+00:00,59.91,59.98,59.725,59.74,12748.0,54.83365349348697,,,,,,53.668257383592994,"rgba(38, 166, 154, 1.0)",2.133625155997821,53.668257383592994,2.8457400773227515,0,,,0.0,0.0,0.0,0.0,72.31583691544749,26.502008863711225,True,False,True,False,False,20.0
2025-05-19 14:00:00+00:00,58.885,59.4,58.885,59.14,6793.0,54.85701953668732,,,,,,53.682085019104825,"rgba(38, 166, 154, 1.0)",2.1171963826067115,53.682085019104825,2.5778973673549075,0,,,0.0,0.0,0.0,0.0,63.494818485250015,18.66104770712569,False,True,True,False,False,19.15978392858904
2025-05-19 15:00:00+00:00,59.135,59.275,58.92,59.2,1652.0,54.86265052178935,,,,,,53.68580640204196,"rgba(38, 166, 154, 1.0)",2.0897345234212894,53.68580640204196,2.63870531694632,0,,,0.0,0.0,0.0,0.0,58.189788787119156,14.307108465044536,False,True,True,False,False,19.421933526720586
2025-05-19 16:00:00+00:00,59.18,59.435,59.09,59.435,5575.0,54.88237789467024,,,,,,53.70126927239017,"rgba(38, 166, 154, 1.0)",2.076034252178091,53.70126927239017,2.7618671135094397,0,,,0.0,0.0,0.0,0.0,56.80609765725499,13.425791552921567,False,True,True,False,False,20.0
2025-05-19 17:00:00+00:00,59.435,59.54,59.32,59.335,10043.0,54.9180979391457,,,,,,53.7316301644237,"rgba(38, 166, 154, 1.0)",2.0691778038110242,53.7316301644237,2.7080175639116084,0,,,0.0,0.0,0.0,0.0,54.88030818437804,11.74931277086003,False,True,True,False,False,19.688296680991535
2025-05-19 18:00:00+00:00,59.335,59.37,59.225,59.345,2617.0,54.92713839920919,,,,,,53.739237378495375,"rgba(38, 166, 154, 1.0)",2.0530031024670103,53.739237378495375,2.7305183390947665,0,,,0.0,0.0,0.0,0.0,53.69810129937031,10.570125233015645,False,True,True,False,False,19.73303771413496
2025-05-19 19:00:00+00:00,59.345,59.345,59.17,59.235,15379.0,54.97876649198774,,,,,,53.78301906851093,"rgba(38, 166, 154, 1.0)",2.0257051091384506,53.78301906851093,2.6913991117926543,0,,,0.0,0.0,0.0,0.0,51.68567282820958,8.485991033809732,False,True,False,False,False,18.880660713901413
2025-05-20 14:00:00+00:00,58.92,58.95,58.59,58.72,4834.0,54.992883190332115,,,,,,53.79347687096153,"rgba(239, 83, 80, 1.0)",1.9919118504141333,53.79347687096153,2.4732636276119404,0,,,0.0,0.0,0.0,0.0,45.995714378696235,3.0471240350747877,False,True,False,True,False,15.011500369225129
2025-05-20 15:00:00+00:00,58.73,59.065,58.725,58.955,4584.0,55.0067439484887,,,,,,53.80465706667702,"rgba(239, 83, 80, 1.0)",1.9629129920643078,53.80465706667702,2.623826401957122,0,,,0.0,0.0,0.0,0.0,44.887445255534786,1.9283239664725187,False,True,False,True,False,16.141004935465922
2025-05-20 16:00:00+00:00,58.955,59.14,58.76,59.13,3299.0,55.016899754155,,,,,,53.813202830215516,"rgba(239, 83, 80, 1.0)",1.9221592189679564,53.813202830215516,2.766054506472765,0,,,0.0,0.0,0.0,0.0,45.93639120102979,1.9283239664725187,False,True,False,True,False,16.971251912407915
2025-05-20 17:00:00+00:00,59.135,59.185,59.005,59.11,15930.0,55.06631224536459,,,,,,53.85655870791424,"rgba(239, 83, 80, 1.0)",1.9109816000359916,53.85655870791424,2.749079997414322,0,,,0.0,0.0,0.0,0.0,46.445385771484304,1.9283239664725187,False,True,False,True,False,16.820209605115565
2025-05-20 18:00:00+00:00,59.085,59.165,58.67,58.72,3840.0,55.07732265905558,,,,,,53.86584284192741,"rgba(239, 83, 80, 1.0)",1.8952930957821177,53.86584284192741,2.5611643755128317,0,,,0.0,0.0,0.0,0.0,43.51270212800934,-0.1562453405928892,False,True,False,True,False,13.91465918037413
2025-05-20 19:00:00+00:00,58.72,58.91,58.57,58.83,6582.0,55.095641805444046,,,,,,53.88118567135983,"rgba(239, 83, 80, 1.0)",1.8820753879072465,53.88118567135983,2.629445324261399,0,,,0.0,0.0,0.0,0.0,42.83751598496055,-1.1358889954219507,False,True,False,True,False,14.465963976064312
2025-05-21 14:00:00+00:00,58.285,58.33,57.79,57.985,5253.0,55.107233577173865,,,,,,53.88905931316824,"rgba(239, 83, 80, 1.0)",1.8614867568549591,53.88905931316824,2.2003598315961064,0,,,0.0,0.0,0.0,0.0,37.58398637139803,-6.299982255952294,False,True,False,True,False,8.554912951707148
2025-05-21 15:00:00+00:00,57.98,58.22,57.9,58.065,6636.0,55.12187934671691,,,,,,53.89952309318033,"rgba(239, 83, 80, 1.0)",1.8389715765774923,53.89952309318033,2.2651121745840324,0,,,0.0,0.0,0.0,0.0,34.948814438124074,-8.859038984864242,False,True,False,True,False,8.976331567181255
2025-05-21 16:00:00+00:00,58.095,58.17,57.92,58.085,5355.0,55.133579202222585,,,,,,53.90815496318663,"rgba(239, 83, 80, 1.0)",1.8123560520659037,53.90815496318663,2.3046492614142706,0,,,0.0,0.0,0.0,0.0,33.42489045239326,-10.42954270431077,False,True,False,True,False,9.082981927461148
2025-05-21 17:00:00+00:00,58.085,58.135,57.165,57.63,13534.0,55.15860014992771,,,,,,53.92474358499763,"rgba(239, 83, 80, 1.0)",1.7739465266122678,53.92474358499763,2.08870806386614,0,,,0.0,0.0,0.0,0.0,30.356372367496284,-13.466842684027931,False,True,False,True,False,6.04392748392177
2025-05-21 18:00:00+00:00,57.63,57.71,57.21,57.415,14974.0,55.18354450497394,,,,,,53.94142231297912,"rgba(239, 83, 80, 1.0)",1.727790879801365,53.94142231297912,2.010415570326553,0,,,0.0,0.0,0.0,0.0,27.52536975623503,-16.241836844787017,False,True,False,True,False,4.6557390106233925
2025-05-21 19:00:00+00:00,57.415,57.605,57.095,57.35,43416.0,55.24997337680053,,,,,,53.99133964170934,"rgba(239, 83, 80, 1.0)",1.6860449349062359,53.99133964170934,1.9920349029591224,0,,,0.0,0.0,0.0,0.0,25.404637934383786,-18.363961812090864,False,True,False,True,False,4.237037041796668
2025-05-22 14:00:00+00:00,57.335,57.455,56.86,57.0,4420.0,55.255746038719465,,,,,,53.99575506693172,"rgba(239, 83, 80, 1.0)",1.6404047374666881,53.99575506693172,1.8314046920565457,0,,,0.0,0.0,0.0,0.0,22.844615784508047,-20.918129370209712,False,True,False,True,False,2.0128080222047693
2025-05-22 15:00:00+00:00,56.995,57.23,56.94,57.17,16712.0,55.277348401081355,,,,,,54.01299144547284,"rgba(239, 83, 80, 1.0)",1.5876143273014083,54.01299144547284,1.98852359810419,0,,,0.0,0.0,0.0,0.0,23.37429468481742,-20.918129370209712,False,True,False,True,False,3.014310994463468
2025-05-22 16:00:00+00:00,57.175,57.345,57.09,57.115,13035.0,55.29448136680227,,,,,,54.02755428678967,"rgba(239, 83, 80, 1.0)",1.5265981878108847,54.02755428678967,2.022435070250982,0,,,0.0,0.0,0.0,0.0,23.492653914430534,-20.918129370209712,False,True,False,True,False,2.6625038396445575
2025-05-22 17:00:00+00:00,57.125,57.39,57.035,57.33,7523.0,55.3045826790146,,,,,,54.03647308110318,"rgba(239, 83, 80, 1.0)",1.4597298374009653,54.03647308110318,2.2562578598522784,0,,,0.0,0.0,0.0,0.0,26.43171540648673,-20.918129370209712,False,True,False,True,True,3.9407101232184125
2025-05-22 18:00:00+00:00,57.35,57.56,57.33,57.41,4738.0,55.311479758873936,,,,,,54.042814077741866,"rgba(239, 83, 80, 1.0)",1.4006984486835823,54.042814077741866,2.403933498621856,0,,,0.0,0.0,0.0,0.0,29.40588069235493,-26.099265868667246,False,True,False,True,True,4.414275349594593
2025-05-22 19:00:00+00:00,57.42,57.55,57.19,57.24,18130.0,55.33615761145006,,,,,,54.065554658507494,"rgba(239, 83, 80, 1.0)",1.3410779985514072,54.065554658507494,2.3670847966497472,0,,,0.0,0.0,0.0,0.0,30.24458753163501,-25.107488679426595,False,True,False,True,True,3.283023271155077
2025-05-23 14:00:00+00:00,56.96,57.04,56.77,56.905,11483.0,55.34823223014162,,,,,,54.07621314826637,"rgba(239, 83, 80, 1.0)",1.295082782842419,54.07621314826637,2.184251763061102,0,,,0.0,0.0,0.0,0.0,28.919228951945804,-25.107488679426595,False,True,False,True,True,1.1031401938710026
2025-05-23 15:00:00+00:00,56.875,57.07,56.74,56.87,6003.0,55.35442407549203,,,,,,54.08178059323383,"rgba(239, 83, 80, 1.0)",1.2543105927414921,54.08178059323383,2.2229098780646326,0,,,0.0,0.0,0.0,0.0,27.857102855440697,-25.107488679426595,False,True,False,True,False,0.877883357966514
2025-05-23 16:00:00+00:00,56.87,56.96,56.76,56.845,7318.0,55.36171913368032,,,,,,54.088393085863316,"rgba(239, 83, 80, 1.0)",1.215233889177658,54.088393085863316,2.2683756095726255,0,,,0.0,0.0,0.0,0.0,27.010729986809032,-25.107488679426595,False,True,False,True,False,0.714540337904765
2025-05-23 17:00:00+00:00,56.85,57.07,56.83,56.955,8210.0,55.37034379580289,,,,,,54.096459156550736,"rgba(239, 83, 80, 1.0)",1.1942198440975962,54.096459156550736,2.3936470806255095,0,,,0.0,0.0,0.0,0.0,28.286301480453538,-25.107488679426595,False,True,False,True,False,1.4256529655185872
2025-05-23 18:00:00+00:00,56.955,57.14,56.595,56.67,8965.0,55.378772079800136,,,,,,54.10429920833233,"rgba(239, 83, 80, 1.0)",1.1748452150303588,54.10429920833233,2.1838628262203663,0,,,0.0,0.0,0.0,0.0,27.314817642117774,-25.107488679426595,False,True,False,True,False,0.0
2025-05-23 19:00:00+00:00,56.67,56.765,56.495,56.59,15523.0,55.39126617936491,,,,,,54.254824092332825,"rgba(239, 83, 80, 1.0)",1.1630666515881567,54.254824092332825,2.0077747947450106,0,,,0.0,0.0,0.0,0.0,26.218895642405396,-25.107488679426595,False,True,False,True,False,0.0
2025-05-26 14:00:00+00:00,56.59,56.59,56.59,56.59,0.0,55.39126617936491,,,,,,54.254824092332825,"rgba(239, 83, 80, 1.0)",1.1480482772284872,54.254824092332825,2.034039816953121,0,,,0.0,0.0,0.0,0.0,25.48828097593048,-25.107488679426595,False,True,False,True,False,0.0
2025-05-26 15:00:00+00:00,56.59,56.59,56.59,56.59,0.0,55.39126617936491,,,,,,54.254824092332825,"rgba(239, 83, 80, 1.0)",1.1377610580546673,54.254824092332825,2.0524308607115094,0,,,0.0,0.0,0.0,0.0,25.001204531613865,-25.107488679426595,False,True,False,True,False,0.0
2025-05-26 16:00:00+00:00,56.59,56.59,56.59,56.59,0.0,55.39126617936491,,,,,,54.254824092332825,"rgba(239, 83, 80, 1.0)",1.1210753082854414,54.254824092332825,2.0829786281160425,0,,,0.0,0.0,0.0,0.0,24.676486902069456,-22.0015714871742,False,True,False,True,False,0.0
2025-05-26 17:00:00+00:00,56.59,56.59,56.59,56.59,0.0,55.39126617936491,,,,,,54.254824092332825,"rgba(239, 83, 80, 1.0)",1.111728728497297,54.254824092332825,2.1004907472559355,0,,,0.0,0.0,0.0,0.0,24.46000848237319,-22.5009274997059,False,True,False,True,False,0.0
2025-05-26 18:00:00+00:00,56.59,56.59,56.59,56.59,0.0,55.39126617936491,,,,,,54.254824092332825,"rgba(239, 83, 80, 1.0)",1.114469202626997,54.254824092332825,2.0953256511375677,0,,,0.0,0.0,0.0,0.0,24.315689535909016,-22.93341877165517,False,True,False,True,False,0.0
2025-05-26 19:00:00+00:00,56.59,56.59,56.59,56.59,0.0,55.39126617936491,,,,,,54.254824092332825,"rgba(239, 83, 80, 1.0)",1.124316320787722,54.254824092332825,2.0769741259569194,0,,,0.0,0.0,0.0,0.0,24.219476904932897,-23.314476095541572,False,True,False,True,False,0.0
2025-05-27 14:00:00+00:00,57.3,57.365,56.945,57.0,9173.0,55.40141686261632,,,,,,54.274463088311734,"rgba(239, 83, 80, 1.0)",1.125712194988753,54.274463088311734,2.4211667278913125,0,,,0.0,0.0,0.0,0.0,33.84287873763635,-19.304565961715927,False,True,False,True,True,2.0397729845760892
2025-05-27 15:00:00+00:00,56.995,57.315,56.95,57.25,8609.0,55.41121267535471,,,,,,54.28922483267137,"rgba(38, 166, 154, 1.0)",1.1265027680777961,54.28922483267137,2.6282892960669195,0,,,0.0,0.0,0.0,0.0,43.508832212213996,-10.915404574511065,False,False,False,True,True,3.8026987583601226
2025-05-27 16:00:00+00:00,57.26,57.51,57.245,57.39,6383.0,55.419263978632955,,,,,,54.30142013543506,"rgba(38, 166, 154, 1.0)",1.1210150564364456,54.30142013543506,2.755163587528536,0,,,0.0,0.0,0.0,0.0,51.38704882823653,-4.465187084540368,True,False,True,False,True,4.772355241402664
2025-05-27 17:00:00+00:00,57.39,57.51,57.33,57.51,8989.0,55.4308824243265,,,,,,54.317714536894975,"rgba(38, 166, 154, 1.0)",1.111449422969966,54.317714536894975,2.87218239276668,0,,,0.0,0.0,0.0,0.0,57.73924653610596,0.5719608483800158,True,False,True,False,True,5.599053272249353
2025-05-27 18:00:00+00:00,57.51,57.61,57.41,57.415,13586.0,55.448435329484504,,,,,,54.50529056640676,"rgba(38, 166, 154, 1.0)",1.101777229327015,54.50529056640676,2.640923551642599,0,,,0.0,0.0,0.0,0.0,60.04599065408427,2.0930901261021475,True,False,True,False,True,4.839821038846754
2025-05-27 19:00:00+00:00,57.41,57.595,57.38,57.58,47805.0,55.50904737898902,,,,,,54.57297977850509,"rgba(38, 166, 154, 1.0)",1.0849808733318511,54.57297977850509,2.7714960654197456,0,,,0.0,0.0,0.0,0.0,63.212518726974,4.758287915058233,True,False,True,False,True,5.991891611319325
2025-05-28 14:00:00+00:00,56.925,57.0,56.585,56.795,14925.0,55.52068221865982,,,,,,54.57367971453696,"rgba(239, 83, 80, 1.0)",1.083240999530351,54.57367971453696,2.0506242714466287,0,,,0.0,0.0,0.0,0.0,55.464644139162694,4.758287915058233,True,False,True,False,False,0.01218535718576419
2025-05-28 15:00:00+00:00,56.825,56.925,56.585,56.585,7380.0,55.52593411580432,,,,,,54.57413831379837,"rgba(239, 83, 80, 1.0)",1.0818127221318006,54.57413831379837,1.8587890908132985,0,,,0.0,0.0,0.0,0.0,48.787654666661375,8.78336656618589,True,False,False,True,False,0.0
2025-05-28 16:00:00+00:00,56.585,56.9,56.585,56.675,4625.0,55.52926202252768,,,,,,54.574934582327266,"rgba(239, 83, 80, 1.0)",1.075986465469861,54.574934582327266,1.9517582098541322,0,,,0.0,0.0,0.0,0.0,45.452688684234644,5.8838360529563545,True,False,False,True,False,0.0
2025-05-28 17:00:00+00:00,56.675,56.92,56.66,56.75,7526.0,55.534893696877916,,,,,,54.57731526779771,"rgba(239, 83, 80, 1.0)",1.0815648989455422,54.57731526779771,2.0088343605830064,0,,,0.0,0.0,0.0,0.0,44.1756625193827,4.595945310126943,True,False,False,True,False,0.0
2025-05-28 18:00:00+00:00,56.755,56.81,56.355,56.52,9862.0,55.54093239968129,,,,,,54.578072004935336,"rgba(239, 83, 80, 1.0)",1.0903433544673353,54.578072004935336,1.781024286623323,0,,,0.0,0.0,0.0,0.0,41.41079482593173,1.6837997444857251,True,False,False,True,False,0.0
2025-05-28 19:00:00+00:00,56.51,56.61,56.21,56.225,33006.0,55.556517911971824,,,,,,54.57716736262693,"rgba(239, 83, 80, 1.0)",1.108912534427066,54.57716736262693,1.4859897297711084,0,,,0.0,0.0,0.0,0.0,37.582362311267204,-2.266967553656272,False,False,False,True,False,0.0
2025-05-29 14:00:00+00:00,56.075,56.19,55.78,56.17,10329.0,55.55946104240748,,,,,,54.5747567352083,"rgba(239, 83, 80, 1.0)",1.1279983148031065,54.5747567352083,1.4142248652828497,0,,,0.0,0.0,0.0,0.0,34.69448425959011,-5.350378866994298,False,False,False,True,False,0.0
2025-05-29 15:00:00+00:00,56.14,56.175,55.695,55.74,7809.0,55.56086439814813,,,,,,54.57187797954669,"rgba(239, 83, 80, 1.0)",1.1573245007345387,54.57187797954669,1.0093297253379832,0,,,0.0,0.0,0.0,0.0,30.568167436592727,-9.587410770091566,False,True,False,True,False,0.0
2025-05-29 16:00:00+00:00,55.85,56.11,55.75,56.09,6122.0,55.56235584732022,,,,,,54.57070581453184,"rgba(239, 83, 80, 1.0)",1.176872045216157,54.57070581453184,1.2909595326390069,0,,,0.0,0.0,0.0,0.0,32.295272010394214,-9.587410770091566,False,True,False,True,False,0.0
2025-05-29 17:00:00+00:00,56.09,56.17,55.84,55.89,3590.0,55.56319112718331,,,,,,54.57005681600521,"rgba(239, 83, 80, 1.0)",1.2011005651351667,54.57005681600521,1.0989447697464425,0,,,0.0,0.0,0.0,0.0,32.254466381152355,-9.587410770091566,False,True,False,True,False,0.0
2025-05-29 18:00:00+00:00,55.89,56.005,55.81,55.85,7278.0,55.564547229496995,,,,,,54.568351256983135,"rgba(239, 83, 80, 1.0)",1.2236449096307778,54.568351256983135,1.0474025045416082,0,,,0.0,0.0,0.0,0.0,31.991167592819956,-9.715865906840726,False,True,False,True,False,0.0
2025-05-29 19:00:00+00:00,55.845,55.995,55.755,55.77,34208.0,55.569843260839974,,,,,,54.56220443617443,"rgba(239, 83, 80, 1.0)",1.2465290982537238,54.56220443617443,0.9689268910910978,0,,,0.0,0.0,0.0,0.0,31.32063509922364,-11.095659317767272,False,True,False,True,False,0.0
2025-05-30 14:00:00+00:00,55.02,55.32,54.98,55.12,14060.0,55.566473084185304,,,,,,54.5517846170816,"rgba(239, 83, 80, 1.0)",1.2844121170741638,54.5517846170816,0.4423933528537293,0,,,0.0,0.0,0.0,0.0,27.861831413762634,-14.965857845093886,False,True,False,True,False,0.0
2025-05-30 15:00:00+00:00,55.105,55.54,55.055,55.245,9481.0,55.56496645937098,,,,,,54.54665803453056,"rgba(239, 83, 80, 1.0)",1.3157048876369655,54.54665803453056,0.53077401477445,0,,,0.0,0.0,0.0,0.0,27.169014701284297,-16.13957801476412,False,True,False,True,False,0.0
2025-05-30 16:00:00+00:00,55.245,55.355,54.835,54.95,4972.0,55.563540907073445,,,,,,54.56826748253669,"rgba(239, 83, 80, 1.0)",1.3544556035479456,54.56826748253669,0.2818346474136019,0,,,-1.0,0.0,54.835,382.0,25.50564817472434,-18.21204239262896,False,True,False,True,False,0.0
2025-05-30 17:00:00+00:00,54.96,55.33,54.955,55.21,5946.0,55.56223430707496,,,,,,54.56820329199487,"rgba(239, 83, 80, 1.0)",1.3804675666972945,54.56820329199487,0.46491255824329175,0,,,0.0,0.0,0.0,0.0,27.554683199422062,-18.21204239262896,False,True,False,True,False,0.0
2025-05-30 18:00:00+00:00,55.235,55.57,55.135,55.42,10192.0,55.561188007706036,,,,,,54.571092067554545,"rgba(239, 83, 80, 1.0)",1.3990422335196377,54.571092067554545,0.6067779171396549,0,,,0.0,0.0,0.0,0.0,31.18985064835726,-18.21204239262896,False,True,False,True,True,0.0
2025-05-30 19:00:00+00:00,55.42,56.24,55.405,56.135,54726.0,55.571835006143836,,,,,,54.60527829981976,"rgba(239, 83, 80, 1.0)",1.4039154642039795,54.60527829981976,1.089610976717599,0,,,0.0,0.0,0.0,0.0,39.278083753292734,-17.149549521313148,False,False,False,True,True,0.0
2025-06-02 14:00:00+00:00,55.355,55.635,54.985,55.62,11126.0,55.57090179522228,,,,,,54.60122934527865,"rgba(239, 83, 80, 1.0)",1.4149425480968683,54.60122934527865,0.7200084951093045,0,,,0.0,0.0,0.0,0.0,41.29022535507351,-15.418308987987324,True,False,False,True,True,0.0
2025-06-02 15:00:00+00:00,55.62,55.7,55.52,55.555,19898.0,55.57111816494807,,,,,,54.59986036217094,"rgba(239, 83, 80, 1.0)",1.4246981282914637,54.59986036217094,0.6704154507274361,0,,,0.0,0.0,0.0,0.0,42.24940497307691,-14.466482641872993,True,False,False,True,True,0.0
2025-06-02 16:00:00+00:00,55.555,55.725,55.48,55.71,11014.0,55.57150361889668,,,,,,54.6000474459953,"rgba(239, 83, 80, 1.0)",1.429868506523026,54.6000474459953,0.7762619771965902,0,,,0.0,0.0,0.0,0.0,44.072002581634834,-12.56221538358188,True,False,False,True,True,0.0
2025-06-02 17:00:00+00:00,55.71,55.8,55.62,55.795,6817.0,55.572093667906664,,,,,,54.60099791995776,"rgba(239, 83, 80, 1.0)",1.434378077240764,54.60099791995776,0.8324179649615647,0,,,0.0,0.0,0.0,0.0,45.94479160514409,-10.559067967985634,True,False,False,True,True,0.0
2025-06-02 18:00:00+00:00,55.79,56.09,55.745,56.07,10329.0,55.57420577756746,,,,,,54.6050037775802,"rgba(239, 83, 80, 1.0)",1.4291221396684513,54.6050037775802,1.0251021810911631,0,,,0.0,0.0,0.0,0.0,49.21868033301626,-7.26898435903982,True,False,False,False,True,0.0
2025-06-02 19:00:00+00:00,56.075,56.165,55.99,56.075,20809.0,55.57954422312629,,,,,,54.61497323593651,"rgba(239, 83, 80, 1.0)",1.4237454316184814,54.61497323593651,1.0254830193932685,0,,,0.0,0.0,0.0,0.0,51.43760752747086,-5.002078572461301,True,False,True,False,True,0.0
2025-06-03 14:00:00+00:00,56.24,56.68,56.24,56.68,8312.0,55.58357491899184,,,,,,54.62247943509078,"rgba(38, 166, 154, 1.0)",1.4083303544935146,54.62247943509078,1.460964438027167,0,,,0.0,0.0,0.0,0.0,56.61142974967237,-0.05734482952335185,True,False,True,False,True,1.566211228571504
2025-06-03 15:00:00+00:00,56.68,56.94,56.68,56.775,7971.0,55.58847799234812,,,,,,54.88571357041792,"rgba(38, 166, 154, 1.0)",1.3897858315791316,54.88571357041792,1.3594083251197013,0,,,0.0,0.0,0.0,0.0,60.52859202122879,3.5882355713165737,True,False,True,False,True,2.1823980753955503
2025-06-03 16:00:00+00:00,56.765,56.87,56.645,56.76,5914.0,55.5919708471222,,,,,,54.89071547800186,"rgba(38, 166, 154, 1.0)",1.366770432228783,54.89071547800186,1.3676653210516927,0,,,0.0,0.0,0.0,0.0,62.96933875621818,5.888709493544965,True,False,True,False,True,2.0781928279091204
2025-06-03 17:00:00+00:00,56.73,56.8,56.675,56.68,6332.0,55.59556006660303,,,,,,54.89562048929439,"rgba(38, 166, 154, 1.0)",1.3356377597334035,54.89562048929439,1.3359756398784195,0,,,0.0,0.0,0.0,0.0,63.623726792966806,6.671109296958612,True,False,True,False,True,1.5159859526688386
2025-06-03 18:00:00+00:00,56.68,56.76,56.49,56.75,9747.0,55.6007883548573,,,,,,54.902443114414005,"rgba(38, 166, 154, 1.0)",1.2997271889770579,54.902443114414005,1.421495911799847,0,,,0.0,0.0,0.0,0.0,64.53478937061932,7.8510978473518165,True,False,True,False,True,1.991452878309012
2025-06-03 19:00:00+00:00,56.75,56.785,56.47,56.51,31515.0,55.61613202922494,,,,,,54.92216902901712,"rgba(38, 166, 154, 1.0)",1.258304117553738,54.92216902901712,1.2618817254367503,0,,,0.0,0.0,0.0,0.0,62.14610452490683,7.8510978473518165,True,False,True,False,True,0.287193568773894
2025-06-04 14:00:00+00:00,56.41,56.715,56.26,56.48,5213.0,55.61835934585384,,,,,,54.924740907759805,"rgba(38, 166, 154, 1.0)",1.223701830991361,54.924740907759805,1.2709461184512778,0,,,0.0,0.0,0.0,0.0,60.196204383271905,7.8510978473518165,True,False,True,False,False,0.07522389410370067
2025-06-04 15:00:00+00:00,56.485,56.6,56.38,56.56,8072.0,55.62189778351826,,,,,,54.929178955582586,"rgba(38, 166, 154, 1.0)",1.179549700307678,54.929178955582586,1.382579338532346,0,,,0.0,0.0,0.0,0.0,59.669798176223765,7.8510978473518165,True,False,True,False,False,0.6448714132290618
2025-06-04 16:00:00+00:00,56.555,56.65,56.335,56.645,6813.0,55.62496240259539,,,,,,54.933257340760385,"rgba(38, 166, 154, 1.0)",1.13737379262254,54.933257340760385,1.504995693010217,0,,,0.0,0.0,0.0,0.0,60.14212106876914,7.8510978473518165,True,False,True,False,False,1.2527674987195923
2025-06-04 17:00:00+00:00,56.645,56.755,56.57,56.72,4369.0,55.6272113710563,,,,,,54.93670152532468,"rgba(38, 166, 154, 1.0)",1.1099444714624989,54.93670152532468,1.6066555764952708,0,,,0.0,0.0,0.0,0.0,61.18246051654134,7.8510978473518165,True,False,True,False,False,1.791651499167397
2025-06-04 18:00:00+00:00,56.735,56.755,56.53,56.565,7799.0,55.6309562357699,,,,,,54.94207234768351,"rgba(38, 166, 154, 1.0)",1.0797409891284298,54.94207234768351,1.503071263068862,0,,,0.0,0.0,0.0,0.0,59.44942887530638,7.8510978473518165,True,False,True,False,False,0.6262740089875614
2025-06-04 19:00:00+00:00,56.57,56.67,56.505,56.58,15079.0,55.637886908891325,,,,,,54.95166037042073,"rgba(38, 166, 154, 1.0)",1.0400544554352458,54.95166037042073,1.5656292043841418,0,,,0.0,0.0,0.0,0.0,58.47561255238941,7.8510978473518165,True,False,True,False,False,0.7375637918392783
2025-06-05 14:00:00+00:00,56.5,56.82,56.395,56.74,9130.0,55.64232649937598,,,,,,54.95808811287672,"rgba(38, 166, 154, 1.0)",1.0002974422507578,54.95808811287672,1.7813820288431603,0,,,0.0,0.0,0.0,0.0,59.699758332786644,7.8510978473518165,True,False,True,False,False,1.9276852035134482
2025-06-05 15:00:00+00:00,56.76,56.855,56.68,56.84,5256.0,55.645216772961945,,,,,,54.96257969298076,"rgba(38, 166, 154, 1.0)",0.9572170529649593,54.96257969298076,1.9613318642871789,0,,,0.0,0.0,0.0,0.0,61.567203434852345,7.8510978473518165,True,False,True,False,True,2.6669715182182863
2025-06-05 16:00:00+00:00,56.845,56.93,56.375,56.43,6576.0,55.648143407199825,,,,,,54.96652682723076,"rgba(38, 166, 154, 1.0)",0.9158939068740897,54.96652682723076,1.5978632042263696,0,,,0.0,0.0,0.0,0.0,56.76880153154009,11.253349386450324,True,False,True,False,False,0.0
2025-06-05 17:00:00+00:00,56.425,56.84,56.385,56.775,4489.0,55.650319425109856,,,,,,54.96964233129587,"rgba(38, 166, 154, 1.0)",0.8876901293617051,54.96964233129587,2.0337701287748584,0,,,0.0,0.0,0.0,0.0,57.23476373534845,11.253349386450324,True,False,True,False,False,2.0564280624480133
2025-06-05 18:00:00+00:00,56.76,56.78,56.515,56.635,4290.0,55.65234276443541,,,,,,54.97248572613809,"rgba(38, 166, 154, 1.0)",0.8500336612309305,54.97248572613809,1.9558216923485459,0,,,0.0,0.0,0.0,0.0,55.86306305406287,10.315958746792745,True,False,True,False,False,0.9961677680464334
2025-06-05 19:00:00+00:00,56.64,56.73,56.205,56.63,12870.0,55.65762441453075,,,,,,54.9792615649499,"rgba(38, 166, 154, 1.0)",0.8025766613213545,54.9792615649499,2.056798452539526,0,,,0.0,0.0,0.0,0.0,54.88708131053347,9.23497809255666,True,False,True,False,False,0.9580793011804261
2025-06-06 14:00:00+00:00,57.42,57.545,57.265,57.365,2327.0,55.65952719506642,,,,,,54.982578622014294,"rgba(38, 166, 154, 1.0)",0.7557720829998132,54.982578622014294,3.152301377062503,0,,,0.0,0.0,0.0,0.0,59.960938189451035,5.346770893669287,True,False,True,False,True,6.135222821996763
2025-06-06 15:00:00+00:00,57.355,57.5,57.165,57.405,3454.0,55.66228691954916,,,,,,54.98732180214404,"rgba(38, 166, 154, 1.0)",0.7223028301057761,54.98732180214404,3.3471808458813754,0,,,0.0,0.0,0.0,0.0,63.56123863704815,8.601194859532491,True,False,True,False,True,6.401585384243681
2025-06-06 16:00:00+00:00,57.455,57.5,57.26,57.31,4921.0,55.66620330102266,,,,,,54.99397272163113,"rgba(38, 166, 154, 1.0)",0.6807750815887341,54.99397272163113,3.4020447296101475,0,,,0.0,0.0,0.0,0.0,64.66024407619685,9.567340557557237,True,False,True,False,True,5.645633018032608
2025-06-06 17:00:00+00:00,57.34,57.35,57.215,57.255,3373.0,55.66874544837797,,,,,,54.99818117381047,"rgba(38, 166, 154, 1.0)",0.6663736270376003,54.99818117381047,3.386716902681667,0,,,0.0,0.0,0.0,0.0,64.61994996030461,9.641702936502028,True,False,True,False,True,5.205606043222069
2025-06-06 18:00:00+00:00,57.255,57.425,57.23,57.27,5561.0,55.67301016175458,,,,,,55.00520721085744,"rgba(38, 166, 154, 1.0)",0.6493738356130578,55.00520721085744,3.487656362077517,0,,,0.0,0.0,0.0,0.0,64.71754868783437,10.002051828926618,True,False,True,False,True,5.31142476833401
2025-06-06 19:00:00+00:00,57.3,57.635,57.235,57.525,22600.0,55.6917549034174,,,57.465,,,55.30874696127377,"rgba(38, 166, 154, 1.0)",0.635384057796021,55.30874696127377,3.48805263766583,0,,,0.0,1.0,57.635,516.0,66.74308219422107,12.181811964563657,True,False,True,False,True,7.09730304269225
2025-06-09 14:00:00+00:00,55.065,55.25,54.615,55.235,34205.0,55.68149348492499,,,56.00077751371652,,,55.352234562213496,"rgba(239, 83, 80, 1.0)",0.6437472854839891,55.352234562213496,-0.18211270922153305,0,,,0.0,0.0,0.0,0.0,53.2565718304549,8.88533724458243,False,False,False,False,False,0.0
2025-06-09 15:00:00+00:00,55.23,55.295,54.865,55.27,39350.0,55.67201470371894,,,55.649881268091455,,,55.31080829692909,"rgba(239, 83, 80, 1.0)",0.6538000355513327,55.31080829692909,-0.06241709193954594,0,,,0.0,0.0,0.0,0.0,44.52836439852821,1.4879968573441786,False,True,False,True,False,0.0
2025-06-09 16:00:00+00:00,55.27,56.08,55.255,55.8,37961.0,55.672677196579166,,,55.667369379243844,,,55.31651936174627,"rgba(239, 83, 80, 1.0)",0.6527697606053746,55.31651936174627,0.7406602870288398,0,,,0.0,0.0,0.0,0.0,42.45605409680401,0.19628719604035894,False,True,False,True,False,0.0
2025-06-09 17:00:00+00:00,55.83,56.165,55.775,55.875,40210.0,55.67729689969384,,,55.72986987024311,,,55.32990859136764,"rgba(239, 83, 80, 1.0)",0.6548051976330708,55.32990859136764,0.8324482007820115,1,0.3875135200813671,0.3875135200813671,0.0,0.0,0.0,0.0,41.56694584406658,-0.41393514552373745,False,True,False,True,False,0.0
2025-06-09 18:00:00+00:00,55.875,55.875,55.47,55.485,39940.0,55.67615421678076,,,55.70752566902822,,,55.32406245504252,"rgba(239, 83, 80, 1.0)",0.6609935669096441,55.32406245504252,0.24347823188342274,1,0.39371689875360555,0.39371689875360555,0.0,0.0,0.0,0.0,39.34447225686216,-2.5564391512731675,False,True,False,True,False,0.0
2025-06-09 19:00:00+00:00,55.47,55.57,55.08,55.085,85568.0,55.661020394880346,,,55.575527975479766,,,55.285519838624246,"rgba(239, 83, 80, 1.0)",0.6766426459148949,55.285519838624246,-0.2963452567390587,1,0.39949187099674,0.39949187099674,0.0,0.0,0.0,0.0,36.41824692647404,-5.462824960165868,False,True,False,True,False,0.0
2025-06-10 14:00:00+00:00,55.03,55.185,54.86,54.97,15566.0,55.65685808240786,,,55.547370592897906,,,55.276497703626205,"rgba(239, 83, 80, 1.0)",0.6907423412405111,55.276497703626205,-0.4437221889073198,2,0.28776333980396973,0.5755266796079395,0.0,0.0,0.0,0.0,34.07402003898387,-7.8846889896843635,False,True,False,True,False,0.0
2025-06-10 15:00:00+00:00,54.975,55.175,54.785,55.03,15533.0,55.652704483753276,,,55.52152220640834,,,55.26788638768492,"rgba(239, 83, 80, 1.0)",0.7000233779883153,55.26788638768492,-0.33982634746933754,3,0.2280235689684115,0.6840707069052345,0.0,0.0,0.0,0.0,33.03284840032596,-9.19308287422787,False,True,False,True,False,0.0
2025-06-10 16:00:00+00:00,55.035,55.16,54.965,55.16,13835.0,55.64959666465142,,,55.50440653811645,,,55.26178883904937,"rgba(239, 83, 80, 1.0)",0.707648415019579,55.26178883904937,-0.14384097652018393,3,0.23334564351090584,0.7000369305327175,0.0,0.0,0.0,0.0,33.51834610075941,-9.19308287422787,False,True,False,True,False,0.0
2025-06-10 17:00:00+00:00,55.14,55.21,55.025,55.105,11909.0,55.647036619621595,,,55.49134909175528,,,55.25695296273166,"rgba(239, 83, 80, 1.0)",0.7199187704432216,55.25695296273166,-0.211069594196179,3,0.23830253454289188,0.7149076036286757,0.0,0.0,0.0,0.0,33.56825203325558,-9.65714774321254,False,True,False,True,False,0.0
2025-06-10 18:00:00+00:00,55.11,55.5,54.98,55.475,16106.0,55.644928034988986,,,55.483873987458296,,,55.253453023357814,"rgba(239, 83, 80, 1.0)",0.7243895721589985,55.253453023357814,0.3058395442964212,3,0.24191199862323212,0.7257359958696964,0.0,0.0,0.0,0.0,36.977783972200484,-9.65714774321254,False,True,False,True,True,0.0
2025-06-10 19:00:00+00:00,55.475,55.83,55.47,55.695,40018.0,55.645242938161,,,55.5014328130665,,,55.25639540319621,"rgba(239, 83, 80, 1.0)",0.7256070959259583,55.25639540319621,0.6044656939911563,4,0.2363043958360304,0.9452175833441216,0.0,0.0,0.0,0.0,40.98704476100376,-15.449830143965563,False,True,False,True,True,0.0
2025-06-11 14:00:00+00:00,55.955,56.44,55.88,56.26,2803.0,55.64584456897673,,,55.50609926757201,,,55.25775055863928,"rgba(239, 83, 80, 1.0)",0.7218046889633333,55.25775055863928,1.3885327384062347,4,0.24384642906702111,0.9753857162680845,0.0,0.0,0.0,0.0,47.250033543156746,-9.526587995349708,False,True,False,False,True,0.0
2025-06-11 15:00:00+00:00,56.28,56.365,56.115,56.14,3400.0,55.646590297834734,,,55.51178400842633,,,55.25941661751342,"rgba(239, 83, 80, 1.0)",0.7208249965672121,55.25941661751342,1.2216326940383353,4,0.2515984484750065,1.006393793900026,0.0,0.0,0.0,0.0,50.468121264593464,-6.576682029980169,False,False,True,False,True,0.0
2025-06-11 16:00:00+00:00,56.135,56.35,55.985,56.32,3371.0,55.647343071416174,,,55.517423020617535,,,55.26108482256028,"rgba(239, 83, 80, 1.0)",0.7200450624039704,55.26108482256028,1.4706234827920173,4,0.2607015432462529,1.0428061729850115,0.0,0.0,0.0,0.0,53.69076469496485,-3.5661471347459752,False,False,True,False,True,0.0
2025-06-11 17:00:00+00:00,56.325,56.56,56.31,56.45,5102.0,55.648919469447854,,,55.52843411068509,,,55.46153346228581,"rgba(239, 83, 80, 1.0)",0.7194622303507994,55.46153346228581,1.3738963576061993,4,0.2703509105375971,1.0814036421503883,0.0,0.0,0.0,0.0,56.60232681259429,-0.7912142181788369,True,False,True,False,True,0.7834697681007583
2025-06-11 18:00:00+00:00,56.5,56.505,55.965,55.965,6845.0,55.65023957475225,,,55.53815131016464,,,55.455673404679615,"rgba(239, 83, 80, 1.0)",0.7196461217438656,55.455673404679615,0.7077459044539482,4,0.27667576309246467,1.1067030523698587,0.0,0.0,0.0,0.0,54.50183420408114,-0.7912142181788369,False,False,True,False,True,0.0
2025-06-11 19:00:00+00:00,55.965,55.995,55.785,55.845,15147.0,55.65155534341803,,,55.54950303209638,,,55.44717551261512,"rgba(239, 83, 80, 1.0)",0.7205762958900638,55.44717551261512,0.5520921096821311,4,0.2853425458644927,1.1413701834579708,0.0,0.0,0.0,0.0,52.241531554338735,-0.7912142181788369,False,False,True,False,False,0.0
2025-06-12 14:00:00+00:00,55.715,56.05,55.675,55.96,5483.0,55.652070135931304,,,55.55366689965827,,,55.4468622154,"rgba(239, 83, 80, 1.0)",0.7205747205726654,55.4468622154,0.7121229345822591,4,0.2973167496746249,1.1892669986984996,0.0,0.0,0.0,0.0,51.64779285109199,-0.7912142181788369,False,False,False,False,False,0.0
2025-06-12 15:00:00+00:00,55.96,56.115,55.76,55.815,3966.0,55.65244368956104,,,55.55663112654838,,,55.44688495110121,"rgba(239, 83, 80, 1.0)",0.7214897937760242,55.44688495110121,0.5102151854043588,4,0.31074398231281747,1.2429759292512699,0.0,0.0,0.0,0.0,50.08826816008943,-0.7912142181788369,False,False,False,False,False,0.0
2025-06-12 16:00:00+00:00,55.825,56.08,55.795,56.005,3601.0,55.652869578063466,,,55.55977160577907,,,55.44746665956766,"rgba(239, 83, 80, 1.0)",0.7210396835304371,55.44746665956766,0.7732353061380539,4,0.3223023758804713,1.2892095035218851,0.0,0.0,0.0,0.0,50.684572041150986,-0.7912142181788369,False,False,False,False,False,0.0
2025-06-12 17:00:00+00:00,56.005,56.19,56.0,56.06,4100.0,55.653547195250404,,,55.56437193941952,,,55.44909995807535,"rgba(239, 83, 80, 1.0)",0.7160236482584308,55.44909995807535,0.8531841698392653,4,0.33732463906156906,1.3492985562462763,0.0,0.0,0.0,0.0,51.551427361868555,-0.7912142181788369,False,False,False,False,False,0.0
2025-06-12 18:00:00+00:00,56.055,56.105,55.9,55.97,4832.0,55.6541733131448,,,55.56875137253571,,,55.45016419964063,"rgba(239, 83, 80, 1.0)",0.706820102754659,55.45016419964063,0.7354570113858301,4,0.34391619396799433,1.3756647758719773,0.0,0.0,0.0,0.0,51.22156741609763,-0.7912142181788369,False,False,False,False,False,0.0
2025-06-12 19:00:00+00:00,55.96,56.17,55.94,56.14,12995.0,55.65629996843854,,,55.58255475326455,,,55.454841367217895,"rgba(239, 83, 80, 1.0)",0.6935416808408222,55.454841367217895,0.9879126975489726,4,0.3524576524019801,1.4098306096079205,0.0,0.0,0.0,0.0,52.6160611510135,-0.7912142181788369,False,False,True,False,False,0.0
2025-06-13 14:00:00+00:00,54.79,55.005,54.5,55.005,5612.0,55.65454967683393,,,55.57401306239942,,,55.44668078627306,"rgba(239, 83, 80, 1.0)",0.6902179313762022,55.44668078627306,-0.6399149691640267,4,0.35558441315637696,1.4223376526255078,0.0,0.0,0.0,0.0,45.71694675200037,1.0155095027565366,False,True,False,True,False,0.0
2025-06-13 15:00:00+00:00,55.0,55.335,54.955,55.25,2144.0,55.654162842110956,,,55.572296767045515,,,55.4448240148681,"rgba(239, 83, 80, 1.0)",0.6827997807124667,55.4448240148681,-0.2853311034529152,5,0.4086524514145237,2.0432622570726187,0.0,0.0,0.0,0.0,43.235619045281396,-1.2743273526131986,False,True,False,True,False,0.0
2025-06-13 16:00:00+00:00,55.265,55.4,55.025,55.295,2744.0,55.65373120242328,,,55.570454500760356,,,55.442779836932836,"rgba(239, 83, 80, 1.0)",0.6686921348211182,55.442779836932836,-0.2209983178168629,5,0.40878709572300603,2.04393547861503,0.0,0.0,0.0,0.0,41.970708703103554,-2.509794659793954,False,True,False,True,False,0.0
2025-06-13 17:00:00+00:00,55.285,55.315,54.905,55.04,3465.0,55.65298590317516,,,55.56709116238072,,,55.43961889794631,"rgba(239, 83, 80, 1.0)",0.6751981557661453,55.43961889794631,-0.5918542497985129,5,0.4063937752608126,2.031968876304063,0.0,0.0,0.0,0.0,39.71233709116318,-4.744265433626261,False,True,False,True,False,0.0
2025-06-13 18:00:00+00:00,55.04,55.06,54.495,54.73,2695.0,55.652075689662375,,,55.56275950597279,,,55.436117987104055,"rgba(239, 83, 80, 1.0)",0.6906248443808919,55.436117987104055,-1.0224335148803614,5,0.39877307356130604,1.9938653678065301,0.0,0.0,0.0,0.0,36.70132958640992,-7.660611550523448,False,True,False,True,False,0.0
2025-06-13 19:00:00+00:00,54.725,54.81,54.485,54.61,15828.0,55.64601204697504,,,55.53435244151092,,,55.41547795924539,"rgba(239, 83, 80, 1.0)",0.7069630391606024,55.41547795924539,-1.1393494633068246,5,0.39155910078950357,1.957795503947518,0.0,0.0,0.0,0.0,34.15277108415302,-10.119253268849441,False,True,False,True,False,0.0
2025-06-16 14:00:00+00:00,55.825,55.855,55.58,55.745,5857.0,55.64618958921985,,,55.53650700120444,,,55.41620944876532,"rgba(239, 83, 80, 1.0)",0.7027948901764405,55.41620944876532,0.46783287105592175,5,0.3932330235201401,1.9661651176007005,0.0,0.0,0.0,0.0,40.973254452057134,-15.265197247566697,False,True,False,True,True,0.0
2025-06-16 15:00:00+00:00,55.74,55.75,55.415,55.46,6813.0,55.645922635147166,,,55.536573376837545,,,55.41557977408839,"rgba(239, 83, 80, 1.0)",0.7033531336612419,55.41557977408839,0.06315494135980129,6,0.4033718095977274,2.4202308575863642,0.0,0.0,0.0,0.0,43.83867805554989,-12.763482610119091,False,True,False,True,True,0.0
2025-06-16 16:00:00+00:00,55.455,55.545,55.37,55.41,3860.0,55.64562750015754,,,55.53588665776885,,,55.41480913123987,"rgba(239, 83, 80, 1.0)",0.7062814562877566,55.41480913123987,-0.006809086090339827,6,0.4061810373030989,2.4370862238185933,0.0,0.0,0.0,0.0,45.453122313613505,-11.279170089503978,False,True,False,True,True,0.0
2025-06-16 17:00:00+00:00,55.42,55.595,55.32,55.33,3961.0,55.645286047020434,,,55.53499568311858,,,55.41392798653303,"rgba(239, 83, 80, 1.0)",0.7101900646505747,55.41392798653303,-0.11817679619937796,6,0.40737090883475124,2.4442254530085075,0.0,0.0,0.0,0.0,46.0227722805634,-10.580477735091407,False,False,False,True,True,0.0
2025-06-16 18:00:00+00:00,55.34,55.46,55.18,55.195,13221.0,55.64348158103775,,,55.52883322497576,,,55.40928896370021,"rgba(239, 83, 80, 1.0)",0.7155327820321177,55.40928896370021,-0.29948168564916167,6,0.4056168960080788,2.433701376048473,0.0,0.0,0.0,0.0,45.522873065366525,-10.580477735091407,False,False,False,True,True,0.0
2025-06-16 19:00:00+00:00,55.195,55.2,54.775,54.845,37520.0,55.633799447468085,,,55.49127066168395,,,55.386233544979234,"rgba(239, 83, 80, 1.0)",0.7273145533123344,55.386233544979234,-0.7441533274899429,6,0.40097773916421714,2.405866434985303,0.0,0.0,0.0,0.0,43.107319762621394,-10.580477735091407,False,True,False,True,False,0.0
2025-06-17 14:00:00+00:00,54.82,54.82,54.165,54.29,5496.0,55.63136734534993,,,55.48139934845081,,,55.38062652676187,"rgba(239, 83, 80, 1.0)",0.752553712428922,55.38062652676187,-1.4492341327262832,6,0.3906614640408761,2.3439687842452566,0.0,0.0,0.0,0.0,38.942785590463515,-4.907476687453382,False,True,False,True,False,0.0
2025-06-17 15:00:00+00:00,54.285,54.42,54.115,54.22,4634.0,55.62903073869672,,,55.47187466293162,,,55.37528304089511,"rgba(239, 83, 80, 1.0)",0.7783716255027875,55.37528304089511,-1.4842306721405232,6,0.38124887226410226,2.2874932335846134,0.0,0.0,0.0,0.0,35.88457210875953,-7.877809748678523,False,True,False,True,False,0.0
2025-06-17 16:00:00+00:00,54.21,54.35,54.045,54.055,2699.0,55.62757327879655,,,55.46593827458354,,,55.371975959169006,"rgba(239, 83, 80, 1.0)",0.8075228945520315,55.371975959169006,-1.6308837409490304,6,0.3698552105600821,2.2191312633604925,0.0,0.0,0.0,0.0,33.168581767736256,-10.515462312195481,False,True,False,True,False,0.0
2025-06-17 17:00:00+00:00,54.055,54.13,53.81,53.875,2680.0,55.62592200942069,,,55.45915651081571,,,55.36822418443656,"rgba(239, 83, 80, 1.0)",0.8360350331039028,55.36822418443656,-1.7860784839275807,6,0.3575843840853276,2.1455063045119656,0.0,0.0,0.0,0.0,30.643398801745953,-12.990629040785443,False,True,False,True,False,0.0
2025-06-17 18:00:00+00:00,53.87,53.94,53.67,53.88,7414.0,55.621078512862674,,,55.43939086886962,,,55.40644405117602,"rgba(239, 83, 80, 1.0)",0.8644609839624118,55.40644405117602,-1.7657755289073713,6,0.34685685508474046,2.081141130508443,0.0,0.0,0.0,0.0,29.019699122610785,-14.674587246369619,False,True,False,True,False,0.0
2025-06-17 19:00:00+00:00,53.88,54.04,53.785,54.005,64399.0,55.58267529466014,,,55.29676123039936,,,55.333668971469265,"rgba(239, 83, 80, 1.0)",0.8846102720033283,55.333668971469265,-1.5019823005901787,6,0.3384789557757743,2.0308737346546457,0.0,0.0,0.0,0.0,29.507413856852963,-14.674587246369619,False,True,False,True,False,0.0
2025-06-18 14:00:00+00:00,54.715,55.155,54.62,55.08,7577.0,55.58098046117664,,,55.292933217678176,,,55.33614058323377,"rgba(38, 166, 154, 1.0)",0.8860096292160331,55.33614058323377,-0.2890945818054068,6,0.3374602216457447,2.024761329874468,0.0,0.0,0.0,0.0,38.647670692740874,-17.93260403063644,False,True,False,True,True,0.0
2025-06-18 15:00:00+00:00,55.08,55.175,54.83,54.935,4113.0,55.5801055161257,,,55.291060203227325,,,55.3372814855685,"rgba(38, 166, 154, 1.0)",0.890941717591344,55.3372814855685,-0.4515239073730434,6,0.33595127269736497,2.0157076361841897,0.0,0.0,0.0,0.0,43.70555090295828,-13.447914370010736,False,False,False,True,True,0.0
2025-06-18 16:00:00+00:00,54.925,55.07,54.715,54.735,4228.0,55.57899955243071,,,55.288301935958536,,,55.33745463682309,"rgba(38, 166, 154, 1.0)",0.89936465562321,55.33745463682309,-0.6698669255638274,6,0.3336396169297524,2.0018377015785145,0.0,0.0,0.0,0.0,45.67678839784868,-11.754503965429308,True,False,False,True,True,0.0
2025-06-18 17:00:00+00:00,54.715,54.815,54.515,54.64,8948.0,55.57609181888487,,,55.28023191367034,,,55.3352802700784,"rgba(38, 166, 154, 1.0)",0.9094342514212503,55.3352802700784,-0.7645195559677078,6,0.331032290731633,1.986193744389798,0.0,0.0,0.0,0.0,46.32853109582822,-11.048493180514342,True,False,False,True,True,0.0
2025-06-18 18:00:00+00:00,54.79,54.9,54.4,54.45,6107.0,55.57396034986024,,,55.274207575978494,,,55.33305261160007,"rgba(38, 166, 154, 1.0)",0.9224968175440238,55.33305261160007,-0.9572419056696884,6,0.32906619102058454,1.9743971461235073,0.0,0.0,0.0,0.0,45.45055283131627,-11.048493180514342,True,False,False,True,True,0.0
2025-06-18 19:00:00+00:00,54.37,54.76,54.355,54.605,15823.0,55.56842481824046,,,55.2588535972923,,,55.326715406510665,"rgba(38, 166, 154, 1.0)",0.9326634098304227,55.326715406510665,-0.7738219371572548,6,0.3294807544914779,1.9768845269488673,0.0,0.0,0.0,0.0,46.188704656866236,-10.579830278591736,True,False,False,True,True,0.0
2025-06-19 14:00:00+00:00,54.605,54.605,54.605,54.605,0.0,55.56842481824046,,,55.2588535972923,,,55.326715406510665,"rgba(38, 166, 154, 1.0)",0.9425038676530813,55.326715406510665,-0.7657426470915224,6,0.331023164171161,1.9861389850269662,0.0,0.0,0.0,0.0,46.680805873899544,-9.631654028631651,True,False,False,True,True,0.0
2025-06-19 15:00:00+00:00,54.605,54.605,54.605,54.605,0.0,55.56842481824046,,,55.2588535972923,,,55.326715406510665,"rgba(38, 166, 154, 1.0)",0.9512545391211946,55.326715406510665,-0.7586985153073926,6,0.33373010289468197,2.002380617368092,0.0,0.0,0.0,0.0,47.00887335192175,-8.792006881237285,True,False,False,True,True,0.0
2025-06-19 16:00:00+00:00,54.605,54.605,54.605,54.605,0.0,55.56842481824046,,,55.2588535972923,,,55.326715406510665,"rgba(38, 166, 154, 1.0)",0.9594981561796728,55.326715406510665,-0.7521800869156876,6,0.3361840086892843,2.0171040521357058,0.0,0.0,0.0,0.0,47.227585003936554,-8.035720196699415,True,False,False,True,True,0.0
2025-06-19 17:00:00+00:00,54.605,54.605,54.605,54.605,0.0,55.56842481824046,,,55.2588535972923,,,55.326715406510665,"rgba(38, 166, 154, 1.0)",0.9615513928446902,55.326715406510665,-0.750573928633724,6,0.34030969743063616,2.041858184583817,0.0,0.0,0.0,0.0,47.37339277194643,-7.34991297665033,True,False,False,True,True,0.0
2025-06-19 18:00:00+00:00,54.605,54.605,54.605,54.605,0.0,55.56842481824046,,,55.2588535972923,,,55.326715406510665,"rgba(38, 166, 154, 1.0)",0.9613846620728633,55.326715406510665,-0.7507040989759097,6,0.3398251727549518,2.0389510365297108,0.0,0.0,0.0,0.0,47.47059795061968,-6.727896436595437,True,False,False,True,True,0.0
2025-06-19 19:00:00+00:00,54.605,54.605,54.605,54.605,0.0,55.56842481824046,,,55.2588535972923,,,55.326715406510665,"rgba(38, 166, 154, 1.0)",0.9605725113441659,55.326715406510665,-0.7513388088742455,6,0.3386547354037461,2.0319284124224763,0.0,0.0,0.0,0.0,47.535401403068505,-6.165754282618636,True,False,False,True,True,0.0
2025-06-20 14:00:00+00:00,54.97,55.09,54.665,54.735,2413.0,55.567802380872536,,,55.25742565743569,,,55.416317998609415,"rgba(38, 166, 154, 1.0)",0.9584047697623345,55.416317998609415,-0.7108875290534802,6,0.3386181038637251,2.0317086231823507,0.0,0.0,0.0,0.0,49.652006701320396,-3.794466517786546,True,False,False,False,True,0.0
2025-06-20 15:00:00+00:00,54.73,54.96,54.66,54.785,5847.0,55.56624072728033,,,55.2537779335217,,,55.41418373160326,"rgba(38, 166, 154, 1.0)",0.9538166717161829,55.41418373160326,-0.6596484945803948,6,0.3392906625663317,2.0357439753979905,0.0,0.0,0.0,0.0,51.8149278260658,-1.5469817981400809,True,False,True,False,True,0.0
2025-06-20 16:00:00+00:00,54.775,54.815,54.61,54.655,2274.0,55.565549277911245,,,55.25203882364608,,,55.412195599178645,"rgba(38, 166, 154, 1.0)",0.9536677325697039,55.412195599178645,-0.7939826139847929,6,0.33860801273798674,2.0316480764279206,0.0,0.0,0.0,0.0,50.91467394065701,-1.5469817981400809,True,False,False,False,True,0.0
2025-06-20 17:00:00+00:00,54.67,54.74,54.52,54.595,3768.0,55.5643076485013,,,55.24879710809963,,,55.408477177495705,"rgba(38, 166, 154, 1.0)",0.9540522867045943,55.408477177495705,-0.852654711730265,6,0.3368813569237044,2.0212881415422266,0.0,0.0,0.0,0.0,49.31549734528096,-1.5469817981400809,True,False,False,False,False,0.0
2025-06-20 18:00:00+00:00,54.595,54.76,54.55,54.57,7584.0,55.561840344315854,,,55.24245684005896,,,55.40345808883033,"rgba(38, 166, 154, 1.0)",0.9529542401313332,55.40345808883033,-0.8746045232092801,6,0.33504949577218907,2.0102969746331345,0.0,0.0,0.0,0.0,47.821897996290815,1.0501395511835128,True,False,False,True,False,0.0
2025-06-20 19:00:00+00:00,54.54,54.635,54.33,54.355,17282.0,55.55515357299416,,,55.224244189609685,,,55.387490790103016,"rgba(38, 166, 154, 1.0)",0.9528741349819629,55.387490790103016,-1.0835542200151784,6,0.33171533264435166,1.99029199586611,0.0,0.0,0.0,0.0,43.65774502512656,-2.8276203472488817,False,False,False,True,False,0.0
2025-06-23 14:00:00+00:00,54.445,54.505,53.945,53.95,6126.0,55.55215581568795,,,55.215537686940834,,,55.37905824055914,"rgba(239, 83, 80, 1.0)",0.9579205142976237,55.37905824055914,-1.4918338413568324,6,0.326670513385576,1.960023080313456,0.0,0.0,0.0,0.0,37.230898192844926,-8.569076314858947,False,True,False,True,False,0.0
2025-06-23 15:00:00+00:00,53.95,54.025,53.525,53.525,6480.0,55.54801572900358,,,55.20278065295711,,,55.36555448375086,"rgba(239, 83, 80, 1.0)",0.9740835748596363,55.36555448375086,-1.889524196130794,6,0.3188114413154248,1.912868647892549,0.0,0.0,0.0,0.0,30.769265360523818,-14.113896730249984,False,True,False,True,False,0.0
2025-06-23 16:00:00+00:00,53.525,53.575,52.78,53.05,9376.0,55.54027130795838,53.135,,55.17803381863267,,,55.29211223633937,"rgba(239, 83, 80, 1.0)",1.001430832215703,55.29211223633937,-2.238908733595326,6,0.30803505144137583,1.8482103086482549,0.0,0.0,0.0,0.0,24.962529655217374,-18.957872434559583,False,True,False,True,False,0.0
2025-06-23 17:00:00+00:00,53.05,53.94,53.025,53.89,14562.0,55.53073869010577,53.42902205698054,,55.1495720738784,,,55.2828645627892,"rgba(239, 83, 80, 1.0)",1.002343164699769,55.2828645627892,-1.3896084812494365,6,0.30375946071574356,1.8225567642944613,0.0,0.0,0.0,0.0,30.736178007868148,-18.957872434559583,False,True,False,True,True,0.0
2025-06-23 18:00:00+00:00,53.89,54.045,53.87,54.04,8713.0,55.52616497999768,53.57738614437537,,55.13699391188975,,,55.281928887066236,"rgba(38, 166, 154, 1.0)",0.9970847235548636,55.281928887066236,-1.2455600389086707,6,0.3005991147924891,1.8035946887549343,0.0,0.0,0.0,0.0,35.79472454332198,-22.068099815228138,False,True,False,True,True,0.0
2025-06-23 19:00:00+00:00,54.05,54.16,53.945,54.02,26578.0,55.512886004644066,53.785724082234495,,55.10205804042705,,,55.2702952228964,"rgba(38, 166, 154, 1.0)",0.998433872722042,55.2702952228964,-1.2522564158282243,6,0.2973640917154263,1.784184550292558,0.0,0.0,0.0,0.0,39.02412494848001,-19.380169118696994,False,False,False,True,True,0.0
2025-06-24 14:00:00+00:00,54.96,55.185,54.88,55.08,3713.0,55.512306202130155,53.860206433436076,,55.10181971326165,,,55.2756968400487,"rgba(38, 166, 154, 1.0)",0.9825110319627293,55.2756968400487,-0.1991802979125509,6,0.2975520889773447,1.7853125338640683,0.0,0.0,0.0,0.0,47.6779906019874,-11.602058881374461,True,False,False,False,True,0.0
2025-06-24 15:00:00+00:00,55.115,55.28,55.05,55.22,4977.0,55.51175676000671,53.957163140407445,,55.10230154742945,,,55.28342433061533,"rgba(38, 166, 154, 1.0)",0.9686089356756997,55.28342433061533,-0.06547981159299239,6,0.29756062720819104,1.7853637632491464,0.0,0.0,0.0,0.0,54.03630981397543,-6.068853077609077,True,False,True,False,True,0.0
2025-06-24 16:00:00+00:00,55.22,55.675,55.135,55.63,6302.0,55.511689742027,54.08646506155041,,55.105107529480286,,,55.29543464171312,"rgba(38, 166, 154, 1.0)",0.9555761575056881,55.29543464171312,0.3501189891135276,6,0.2975466762507513,1.785280057504508,0.0,0.0,0.0,0.0,59.85528069776825,-0.9556453477946434,True,False,True,False,True,2.292181614879965
2025-06-24 17:00:00+00:00,55.62,55.84,55.56,55.75,8587.0,55.51227746970849,54.25551323543619,,55.11123621040708,,,55.377714820033304,"rgba(38, 166, 154, 1.0)",0.9236909266245248,55.377714820033304,0.4030408540735048,7,0.3031378764594634,2.121965135216244,0.0,0.0,0.0,0.0,64.16068600674373,2.8999680535596326,True,False,True,False,True,3.0118013162825683
2025-06-24 18:00:00+00:00,55.735,55.81,55.565,55.79,3065.0,55.51249154680982,54.30784354026683,,55.11341193072468,,,55.383452286488456,"rgba(38, 166, 154, 1.0)",0.889155900962685,55.383452286488456,0.4572288313797115,7,0.3030321956617225,2.1212253696320578,0.0,0.0,0.0,0.0,67.18105167152369,5.780859049111385,True,False,True,False,True,3.253334231854385
2025-06-24 19:00:00+00:00,55.805,55.815,55.55,55.67,19318.0,55.51355336957001,54.55952972846219,,55.12582383185348,,,55.41117627531232,"rgba(38, 166, 154, 1.0)",0.8548832595085355,55.41117627531232,0.3027591449579624,7,0.30299360815013604,2.1209552570509524,0.0,0.0,0.0,0.0,67.9043882763124,6.798605910011673,True,False,True,False,True,2.45777011509616
2025-06-25 14:00:00+00:00,55.4,55.4,54.76,54.815,11357.0,55.511596309727686,54.60163923876857,,55.12411306084472,,,55.404277040483976,"rgba(38, 166, 154, 1.0)",0.8186004866583647,55.404277040483976,-0.71985913774555,7,0.30235396774002854,2.1164777741801997,0.0,0.0,0.0,0.0,61.50653570033873,6.798605910011673,True,False,True,False,False,0.0
2025-06-25 15:00:00+00:00,54.815,54.905,54.525,54.79,18055.0,55.50702363313738,54.62019828681382,,55.116480774091414,,,55.389473689526106,"rgba(38, 166, 154, 1.0)",0.7787999662223581,55.389473689526106,-0.7697402613329711,8,0.3371627605244161,2.697302084195329,0.0,0.0,0.0,0.0,57.08388024660826,6.798605910011673,True,False,True,False,False,0.0
2025-06-25 16:00:00+00:00,54.785,54.97,54.72,54.81,11802.0,55.5044239547033,54.63737952938766,,55.112850311926366,,,55.38486427276797,"rgba(38, 166, 154, 1.0)",0.7240833409803377,55.38486427276797,-0.7939200368698696,8,0.33700450087446304,2.6960360069957043,0.0,0.0,0.0,0.0,54.284692194835074,15.236709158959869,True,False,True,False,False,0.0
2025-06-25 17:00:00+00:00,54.81,54.92,54.73,54.73,12492.0,55.501531341239335,54.64964014424438,,55.10857207117886,,,55.37993047115641,"rgba(38, 166, 154, 1.0)",0.7244872371252105,55.37993047115641,-0.8970902975949753,8,0.33672570194170426,2.693805615533634,0.0,0.0,0.0,0.0,51.81051615596209,12.467415714944401,True,False,False,False,False,0.0
2025-06-25 18:00:00+00:00,54.735,54.835,54.57,54.605,12818.0,55.498074946071675,54.65115994525813,,55.102628132402465,,,55.37284187254446,"rgba(38, 166, 154, 1.0)",0.7254796984019319,55.37284187254446,-1.05839194981727,8,0.33808788384940547,2.7047030707952437,0.0,0.0,0.0,0.0,49.19584331819955,9.499059039307632,True,False,False,True,False,0.0
2025-06-25 19:00:00+00:00,54.6,54.785,54.42,54.465,36627.0,55.48702459915565,54.63454781081107,,55.08227295059719,,,55.322929488419106,"rgba(38, 166, 154, 1.0)",0.7222830420225581,55.322929488419106,-1.187802341332428,8,0.33961940058415996,2.7169552046732797,0.0,0.0,0.0,0.0,46.394117406057795,6.339019433296222,False,False,False,True,False,0.0
2025-06-26 14:00:00+00:00,54.595,54.785,54.51,54.665,16133.0,55.48273637667739,54.63589792478747,,55.075342701075826,,,55.317981100269684,"rgba(38, 166, 154, 1.0)",0.7158537899943105,55.317981100269684,-0.9121710458149204,8,0.341862855290496,2.734902842323968,0.0,0.0,0.0,0.0,46.579164861533656,5.915454789153557,False,False,False,True,False,0.0
2025-06-26 15:00:00+00:00,54.675,54.775,54.49,54.69,12709.0,55.47938248095092,54.636742859271,,55.0700180619476,,,55.31377463713214,"rgba(38, 166, 154, 1.0)",0.7141468923018253,55.31377463713214,-0.8734542484972587,8,0.34398537913561955,2.7518830330849564,0.0,0.0,0.0,0.0,46.95745795090525,5.56861384660165,False,False,False,True,False,0.0
2025-06-26 16:00:00+00:00,54.69,54.74,54.575,54.7,9138.0,55.47704551655075,54.63803845508453,,55.06645063113743,,,55.31107975548819,"rgba(38, 166, 154, 1.0)",0.7146823965430376,55.31107975548819,-0.8550368085796073,8,0.346663099879982,2.773304799039856,0.0,0.0,0.0,0.0,47.321988472035045,5.161065403585532,False,False,False,True,False,0.0
2025-06-26 17:00:00+00:00,54.72,54.925,54.605,54.835,12783.0,55.47426926573225,54.6454532847044,,55.06300957351358,,,55.30992025389774,"rgba(38, 166, 154, 1.0)",0.7148357084608057,55.30992025389774,-0.6643767907458634,8,0.34868720653953666,2.7894976523162933,0.0,0.0,0.0,0.0,49.10896437714094,5.161065403585532,True,False,False,False,False,0.0
2025-06-26 18:00:00+00:00,54.84,55.145,54.73,54.99,15524.0,55.47173959776204,54.662951084311324,,55.06141067830536,,,55.3123129342285,"rgba(38, 166, 154, 1.0)",0.714798957434971,55.3123129342285,-0.4509141079123939,8,0.3509588034805626,2.8076704278445006,0.0,0.0,0.0,0.0,51.92915139845873,5.161065403585532,True,False,True,False,True,0.0
2025-06-26 19:00:00+00:00,54.99,55.355,54.775,55.275,39197.0,55.4676478875495,54.72191019333431,,55.06406213805885,,,55.324965021421896,"rgba(38, 166, 154, 1.0)",0.7153544450009056,55.324965021421896,-0.06984652401486671,8,0.35392954541864263,2.831436363349141,0.0,0.0,0.0,0.0,56.298860597333395,-0.405480810928907,True,False,True,False,True,0.6396648870468731
2025-06-27 14:00:00+00:00,55.085,55.585,55.07,55.455,16175.0,55.46716070380203,54.75367631714247,,55.06854427616641,,,55.33369549804964,"rgba(38, 166, 154, 1.0)",0.7174341166353068,55.33369549804964,0.16908103355784246,8,0.3574364391668179,2.859491513334543,0.0,0.0,0.0,0.0,60.507515870088554,3.712432997326175,True,False,True,False,True,1.8539089115596532
2025-06-27 15:00:00+00:00,55.46,55.9,55.44,55.75,17719.0,55.46840823577663,54.80172890544116,,55.07846575852502,,,55.34935471660866,"rgba(38, 166, 154, 1.0)",0.7207587968549631,55.34935471660866,0.5558659639529345,9,0.33535824081826937,3.0182241673644246,0.0,0.0,0.0,0.0,65.07523038931262,8.037104842258287,True,False,True,False,True,3.7982773935558
2025-06-27 16:00:00+00:00,55.745,56.17,55.7,55.97,15380.0,55.47065415023843,54.85022558064813,,55.09020812850986,,,55.40110774439976,"rgba(38, 166, 154, 1.0)",0.7251776731658442,55.40110774439976,0.7844867218769668,9,0.33762370987592694,3.038613388883342,0.0,0.0,0.0,0.0,69.1939577854911,11.86993720915423,True,False,True,False,True,5.210018697483832
2025-06-27 17:00:00+00:00,55.97,55.975,55.215,55.365,12014.0,55.470828411349345,54.871623466466204,,55.094683956506664,,,55.397774081559064,"rgba(38, 166, 154, 1.0)",0.7109654139410663,55.397774081559064,-0.04609799705640577,9,0.3409885605883959,3.068897045295563,0.0,0.0,0.0,0.0,64.74662024496044,11.86993720915423,True,False,True,False,False,0.9825066368315234
2025-06-27 18:00:00+00:00,55.36,55.4,54.72,54.87,17791.0,55.46827590571692,54.877285505826265,,55.093189628405824,,,55.380615252251026,"rgba(38, 166, 154, 1.0)",0.697544457558688,55.380615252251026,-0.7320182200832237,9,0.3451759071669851,3.106583164502866,0.0,0.0,0.0,0.0,57.98094989336608,16.22416988139355,True,False,True,False,False,0.0
2025-06-27 19:00:00+00:00,54.855,55.13,54.82,55.01,83827.0,55.45636237863361,54.896518732397524,,55.08605054005869,,,55.35453133077954,"rgba(38, 166, 154, 1.0)",0.6788191920504838,55.35453133077954,-0.5075450647451877,9,0.3505301079740618,3.154770971766556,0.0,0.0,0.0,0.0,54.59994615424923,13.225588060315431,True,False,True,False,False,0.0
2025-06-30 14:00:00+00:00,55.185,55.185,54.69,54.815,12787.0,55.45425837447168,54.89652259667143,,55.084134035097726,,,55.350717514225416,"rgba(239, 83, 80, 1.0)",0.6551314977009258,55.350717514225416,-0.8177251683141913,9,0.35338509377608907,3.1804658439848015,0.0,0.0,0.0,0.0,50.954820622689816,9.844699433214089,False,False,False,False,False,0.0
2025-06-30 15:00:00+00:00,54.815,55.15,54.64,55.05,7710.0,55.453110454594224,54.897300127305535,,55.08330033396603,,,55.34902158845637,"rgba(239, 83, 80, 1.0)",0.6435718178146592,55.34902158845637,-0.46462815831765364,9,0.35897278286881246,3.230755045819312,0.0,0.0,0.0,0.0,50.51088262781891,9.258671704262468,False,False,False,False,False,0.0
2025-06-30 16:00:00+00:00,55.05,55.18,54.925,55.1,7823.0,55.45222954804335,54.89994934514994,,55.0832087962203,,,55.34852177918556,"rgba(239, 83, 80, 1.0)",0.6343841235535437,55.34852177918556,-0.39175283547994255,9,0.36395859487073157,3.275627353836584,0.0,0.0,0.0,0.0,50.629551752840115,8.948358748916391,False,False,False,False,False,0.0
2025-06-30 17:00:00+00:00,55.105,55.19,54.755,54.825,6562.0,55.45121582166024,54.900249269957435,,55.08239280054841,,,55.34696151985311,"rgba(239, 83, 80, 1.0)",0.6217915991659714,55.34696151985311,-0.8394476872206552,9,0.3689554727228057,3.320599254505251,0.0,0.0,0.0,0.0,48.46152186878648,6.389831041990007,False,True,False,True,False,0.0
2025-06-30 18:00:00+00:00,54.84,54.94,54.765,54.89,8025.0,55.44984494039012,54.899704900902364,,55.0810442798172,,,55.3445571039277,"rgba(239, 83, 80, 1.0)",0.6118740007496457,55.3445571039277,-0.7428933136083428,9,0.3819214930889452,3.4372934378005064,0.0,0.0,0.0,0.0,47.65018584652964,5.092577648392158,False,True,False,True,False,0.0
2025-06-30 19:00:00+00:00,54.88,55.34,54.825,55.305,32480.0,55.44709607246996,54.91482142134818,,55.08289638185552,,,55.3458273909513,"rgba(239, 83, 80, 1.0)",0.5993354202335548,55.3458273909513,-0.06812110476532479,9,0.3973739896710473,3.576365907039426,0.0,0.0,0.0,0.0,50.64396300803159,5.092577648392158,False,False,False,False,False,0.810938569689327
2025-07-01 14:00:00+00:00,55.075,55.15,54.36,54.45,5715.0,55.445788706674406,54.91214248025996,,55.081053174731885,,,55.34290734808792,"rgba(239, 83, 80, 1.0)",0.583959326919336,55.34290734808792,-1.5290574307605103,9,0.4123101757345724,3.7107915816111516,0.0,0.0,0.0,0.0,46.73331198401945,3.7741850984765932,False,True,False,True,False,0.0
2025-07-01 15:00:00+00:00,54.45,54.65,54.225,54.58,9773.0,55.44309019395624,54.904787984174504,,55.076711384734644,,,55.29160618290725,"rgba(239, 83, 80, 1.0)",0.569032108532666,55.29160618290725,-1.2505554119647766,9,0.4293158180787598,3.863842362708838,0.0,0.0,0.0,0.0,45.16067354065151,2.018158862020556,False,True,False,True,False,0.0
2025-07-01 16:00:00+00:00,54.58,55.195,54.58,55.02,10431.0,55.44156165900724,54.905273024149515,,55.07559240985848,,,55.30122559582031,"rgba(239, 83, 80, 1.0)",0.5478966743523446,55.30122559582031,-0.5132821734184453,9,0.45055333439290685,4.054980009536162,0.0,0.0,0.0,0.0,47.24505363125999,2.018158862020556,False,True,False,True,False,0.0
2025-07-01 17:00:00+00:00,55.025,55.235,54.94,55.195,5168.0,55.44109112887187,54.907205335678995,,55.07577419106871,,,55.30544485719197,"rgba(239, 83, 80, 1.0)",0.5493290994113206,55.30544485719197,-0.20105408089673063,9,0.4824462136963618,4.342015923267256,0.0,0.0,0.0,0.0,49.7297675978416,2.018158862020556,False,False,False,False,True,0.2534814831351966
2025-07-01 18:00:00+00:00,55.2,55.34,55.06,55.25,4844.0,55.44078053065198,54.90975449083128,,55.07627524028932,,,55.30930027957161,"rgba(239, 83, 80, 1.0)",0.5493290994113206,55.30930027957161,-0.10795037006988532,8,0.5202932095130346,4.162345676104277,0.0,0.0,0.0,0.0,51.73883662808429,2.018158862020556,False,False,True,False,True,0.5972919274707351
2025-07-01 19:00:00+00:00,55.25,55.25,54.925,54.94,11138.0,55.43950391276818,54.91214457732799,,55.07596750448694,,,55.31078652947806,"rgba(239, 83, 80, 1.0)",0.5464864265606312,55.31078652947806,-0.678491745552847,8,0.5206543256856051,4.165234605484841,0.0,0.0,0.0,0.0,50.68129560077371,2.018158862020556,False,False,False,False,True,0.0
2025-07-02 14:00:00+00:00,54.66,54.855,54.52,54.82,13240.0,55.43684483129265,54.908242849227456,,55.072679665235235,,,55.303728006005805,"rgba(239, 83, 80, 1.0)",0.5457188250707777,55.303728006005805,-0.8864052031612931,7,0.49275724608106575,3.44930072256746,0.0,0.0,0.0,0.0,49.11541343253584,2.018158862020556,False,True,False,False,True,0.0
2025-07-02 15:00:00+00:00,54.835,55.055,54.71,54.85,15337.0,55.43439604854243,54.907349252241424,,55.07048043155235,,,55.300332219568624,"rgba(239, 83, 80, 1.0)",0.5457237776036842,55.300332219568624,-0.8252017559983668,7,0.4972171740631261,3.4805202184418826,0.0,0.0,0.0,0.0,48.336809742668414,2.018158862020556,False,True,False,False,False,0.0
2025-07-02 16:00:00+00:00,54.845,54.875,54.685,54.79,8074.0,55.43291439533672,54.90577447540442,,55.06883603790443,,,55.29747280283675,"rgba(239, 83, 80, 1.0)",0.5453209898606284,55.29747280283675,-0.9305946630927413,7,0.4984596027333839,3.489217219133687,0.0,0.0,0.0,0.0,47.31734353296299,2.018158862020556,False,True,False,True,False,0.0
2025-07-02 17:00:00+00:00,54.81,55.055,54.795,54.98,6679.0,55.43199446649299,54.90616490121678,,55.06824430645914,,,55.296805630573715,"rgba(239, 83, 80, 1.0)",0.5342886995015049,55.296805630573715,-0.5929484019955877,6,0.5294867478909157,3.1769204873454937,0.0,0.0,0.0,0.0,48.50907361657495,2.018158862020556,False,True,False,False,False,0.0
2025-07-02 18:00:00+00:00,54.98,55.235,54.92,55.215,8650.0,55.43124515799615,54.90904972807838,,55.068578653490746,,,55.29811214760163,"rgba(239, 83, 80, 1.0)",0.5308209433269089,55.29811214760163,-0.1565728493693587,6,0.5291528549811054,3.1749171298866328,0.0,0.0,0.0,0.0,51.3484189863537,2.018158862020556,False,True,False,False,True,0.5565675997629
2025-07-02 19:00:00+00:00,55.215,55.5,55.21,55.5,20435.0,55.431085995079805,54.92408939507418,,55.07331054560278,,,55.3078704775926,"rgba(239, 83, 80, 1.0)",0.5323683020330985,55.3078704775926,0.36089587166189613,6,0.5274900600105411,3.1649403600632464,0.0,0.0,0.0,0.0,55.32720599023805,0.33262297189272516,False,False,True,False,True,2.3942037673511045
2025-07-03 14:00:00+00:00,56.14,56.605,56.14,56.535,9176.0,55.433628713504184,54.9443421482351,,55.0818464817708,,,55.32347285023944,"rgba(38, 166, 154, 1.0)",0.5663147423367858,55.32347285023944,2.1393176959537183,7,0.48129758435433256,3.369083090480328,0.0,0.0,0.0,0.0,62.54482000519157,6.94121191899994,True,False,True,False,True,8.479196208859221
2025-07-03 15:00:00+00:00,56.535,56.735,56.415,56.52,14374.0,55.43810385144885,54.97768092779576,,55.09627535913267,,,55.34814672260653,"rgba(38, 166, 154, 1.0)",0.5986928328522886,55.34814672260653,1.9573531084555298,7,0.4692274025024032,3.2845918175168225,0.0,0.0,0.0,0.0,67.20144850600364,10.96654584975684,True,False,True,False,True,8.37585967052129
2025-07-03 16:00:00+00:00,56.55,56.84,56.475,56.835,22834.0,55.44614647830648,55.032985550806174,,55.12107354894344,,,55.387196210957896,"rgba(38, 166, 154, 1.0)",0.6426161548880551,55.387196210957896,2.2529838038296983,6,0.47725257784140407,2.8635154670484244,0.0,0.0,0.0,0.0,71.28415417929823,14.486348537136521,True,False,True,False,True,10.097453148436927
2025-07-03 17:00:00+00:00,56.835,56.88,56.835,56.88,0.0,55.44614647830648,55.032985550806174,,55.12107354894344,,,55.387196210957896,"rgba(38, 166, 154, 1.0)",0.6811237204231724,55.387196210957896,2.191677876252275,6,0.46339550898313847,2.7803730538988307,0.0,0.0,0.0,0.0,74.14082622544547,16.969007693369974,True,False,True,False,True,10.341011921896428
2025-07-03 18:00:00+00:00,56.88,56.88,56.88,56.88,0.0,55.44614647830648,55.032985550806174,,55.12107354894344,,,55.387196210957896,"rgba(38, 166, 154, 1.0)",0.7150166192238765,55.387196210957896,2.087788939315129,6,0.45516091843120937,2.7309655105872563,0.0,0.0,0.0,0.0,76.04527425621029,18.730515412796507,True,False,True,False,True,10.341011921896428
2025-07-03 19:00:00+00:00,56.88,56.88,56.88,56.88,0.0,55.44614647830648,55.032985550806174,,55.12107354894344,,,55.387196210957896,"rgba(38, 166, 154, 1.0)",0.7432444579846492,55.387196210957896,2.008496360793502,6,0.44628028311311163,2.67768169867867,0.0,0.0,0.0,0.0,77.31490627672018,20.07429278573545,True,False,True,False,True,10.341011921896428
2025-07-04 14:00:00+00:00,56.88,56.88,56.88,56.88,0.0,55.44614647830648,55.032985550806174,,55.12107354894344,,,55.387196210957896,"rgba(38, 166, 154, 1.0)",0.7653317128090246,55.387196210957896,1.9505317289976332,6,0.4395362888427565,2.6372177330565387,0.0,0.0,0.0,0.0,78.16132762372678,21.17314956323537,True,False,True,False,True,10.341011921896428
2025-07-04 15:00:00+00:00,56.88,56.88,56.88,56.88,0.0,55.44614647830648,55.032985550806174,,55.12107354894344,,,55.387196210957896,"rgba(38, 166, 154, 1.0)",0.7848275302592355,55.387196210957896,1.9020787771665202,6,0.43436941616840574,2.6062164970104345,0.0,0.0,0.0,0.0,78.72560852173117,22.12208816937472,True,False,True,False,True,10.341011921896438
2025-07-04 16:00:00+00:00,56.88,56.88,56.88,56.88,0.0,55.44614647830648,55.032985550806174,,55.12107354894344,,,55.387196210957896,"rgba(38, 166, 154, 1.0)",0.8041950650826305,55.387196210957896,1.8562707654625088,6,0.4255310945907543,2.5531865675445258,0.0,0.0,0.0,0.0,79.10179578706743,22.970978455477976,True,False,True,False,True,10.341011921896438
2025-07-04 17:00:00+00:00,56.88,56.88,56.88,56.88,0.0,55.44614647830648,55.032985550806174,,55.12107354894344,,,55.387196210957896,"rgba(38, 166, 154, 1.0)",0.8310416615572253,55.387196210957896,1.796304394950376,6,0.4166260510801041,2.4997563064806245,0.0,0.0,0.0,0.0,79.3525872972916,23.744453441234185,True,False,True,False,True,10.341011921896449
2025-07-04 18:00:00+00:00,56.88,56.88,56.88,56.88,0.0,55.44614647830648,55.032985550806174,,55.12107354894344,,,55.387196210957896,"rgba(38, 166, 154, 1.0)",0.8561212709839522,55.387196210957896,1.7436826295956953,6,0.40889160134247243,2.4533496080548347,0.0,0.0,0.0,0.0,79.51978163744106,24.45377112595149,True,False,True,False,True,10.341011921896449
2025-07-04 19:00:00+00:00,56.88,56.88,56.88,56.88,0.0,55.44614647830648,55.032985550806174,,55.12107354894344,,,55.387196210957896,"rgba(38, 166, 154, 1.0)",0.8787661702537968,55.387196210957896,1.6987497238440226,6,0.4009639345400731,2.405783607240439,0.0,0.0,0.0,0.0,79.63124453087403,25.10368709102417,True,False,True,False,True,10.341011921896449
2025-07-07 14:00:00+00:00,56.955,56.965,56.3,56.31,9724.0,55.449028780144246,55.05292251548578,,55.130164015459975,,,55.45418396992668,"rgba(239, 83, 80, 1.0)",0.8869392251951251,55.45418396992668,0.9649094388457592,6,0.3991210939265442,2.3947265635592654,0.0,0.0,0.0,0.0,68.56441501612615,23.672943144007377,True,False,True,False,False,5.737943978033478
2025-07-07 15:00:00+00:00,56.34,56.34,55.755,55.87,3796.0,55.44959065501563,55.057776630982346,,55.13232772857144,,,55.44939305965287,"rgba(239, 83, 80, 1.0)",0.8865958787704741,55.44939305965287,0.4744066044277385,6,0.40005405331701077,2.4003243199020647,0.0,0.0,0.0,0.0,57.06063080366287,13.487017468015253,False,True,True,False,False,2.4475418284513495
2025-07-07 16:00:00+00:00,55.87,55.925,55.28,55.355,6895.0,55.449723646186676,55.06209274893622,,55.134095048243694,,,55.4364287034591,"rgba(239, 83, 80, 1.0)",0.8841881806150057,55.4364287034591,-0.09209431345538313,6,0.4020389669697548,2.4122338018185285,0.0,0.0,0.0,0.0,46.44218987298217,4.516794627170071,False,True,False,True,False,0.0
2025-07-07 17:00:00+00:00,55.355,55.55,55.305,55.495,4773.0,55.44972400705407,55.064584061627485,,55.13508884045275,,,55.43105155485521,"rgba(239, 83, 80, 1.0)",0.882128200525692,55.43105155485521,0.07249336899860961,6,0.4047737623433501,2.4286425740601008,0.0,0.0,0.0,0.0,41.19847007147946,0.52932219314485,False,True,False,True,False,0.0
2025-07-07 18:00:00+00:00,55.49,55.61,55.18,55.475,6200.0,55.449676496191955,55.06753840644983,,55.13625514216903,,,55.42633248967169,"rgba(239, 83, 80, 1.0)",0.879819483942505,55.42633248967169,0.05531533594849906,5,0.3785077592885937,1.8925387964429685,0.0,0.0,0.0,0.0,37.58296533279717,-2.2938678413502345,False,True,False,True,False,0.0
2025-07-07 19:00:00+00:00,55.475,55.61,55.3,55.54,12767.0,55.44979344752024,55.07450358332176,,55.13913962808661,,,55.423023494198866,"rgba(239, 83, 80, 1.0)",0.8776262107334165,55.423023494198866,0.13328738860633896,5,0.37803816954425096,1.8901908477212548,0.0,0.0,0.0,0.0,36.12440336089565,-3.5044188784158905,False,True,False,True,False,0.1415335059967049
2025-07-08 14:00:00+00:00,55.36,55.415,54.71,54.8,5755.0,55.44905091869193,55.07375785424349,,55.138527013866586,,,55.373531464612924,"rgba(239, 83, 80, 1.0)",0.8760332020943614,55.373531464612924,-0.6546914697317022,5,0.37788427010644654,1.8894213505322326,0.0,0.0,0.0,0.0,31.341023662648592,-8.065580718970836,False,True,False,True,False,0.0
2025-07-08 15:00:00+00:00,54.825,55.23,54.82,55.06,17029.0,55.447151374494446,55.07295315949106,,55.13741437906567,,,55.36359997119587,"rgba(239, 83, 80, 1.0)",0.8731902107471614,55.36359997119587,-0.34769053461568733,6,0.43023528854199605,2.5814117312519764,0.0,0.0,0.0,0.0,31.275577514126528,-8.405998648452965,False,True,False,True,False,0.0
2025-07-08 16:00:00+00:00,55.06,55.13,54.745,54.88,23062.0,55.44387298430616,55.06853992262263,,55.13422076328163,,,55.345761803892785,"rgba(239, 83, 80, 1.0)",0.871062786703063,55.345761803892785,-0.5347052026590088,6,0.43051728855792054,2.5831037313475234,0.0,0.0,0.0,0.0,30.34604365460751,-9.831298015331335,False,True,False,True,False,0.0
2025-07-08 17:00:00+00:00,54.91,55.185,54.71,55.13,6035.0,55.44316754704914,55.06809356328589,,55.13374236788509,,,55.29912500491747,"rgba(239, 83, 80, 1.0)",0.8691381150677893,55.29912500491747,-0.19458933164411657,6,0.4312947569161852,2.587768541497111,0.0,0.0,0.0,0.0,32.530814175809596,-9.831298015331335,False,True,False,True,False,0.0
2025-07-08 18:00:00+00:00,55.13,55.46,55.13,55.345,14855.0,55.44264535924233,55.07245883592037,,55.13539125808308,,,55.314181122658695,"rgba(239, 83, 80, 1.0)",0.8675031479552322,55.314181122658695,0.035525954475146226,5,0.43916294097514197,2.1958147048757097,0.0,0.0,0.0,0.0,36.13676690977471,-9.831298015331335,False,True,False,True,True,0.0
2025-07-08 19:00:00+00:00,55.315,55.385,55.165,55.245,17681.0,55.441809682570586,55.07648019807243,,55.13680529493808,,,55.31700349318295,"rgba(239, 83, 80, 1.0)",0.8646468737101528,55.31700349318295,-0.08327502865301696,5,0.4395135777616379,2.1975678888081895,0.0,0.0,0.0,0.0,37.8072951712424,-9.831298015331335,False,True,False,True,True,0.0
2025-07-09 14:00:00+00:00,56.075,56.18,55.48,55.665,5324.0,55.4422809780408,55.08084572646713,,55.138895007055396,,,55.32540982402048,"rgba(239, 83, 80, 1.0)",0.862280122123624,55.32540982402048,0.3938281392167242,5,0.43879087504687175,2.193954375234359,0.0,0.0,0.0,0.0,42.71575180253507,-15.774402077873951,False,True,False,True,True,1.2955625934402768
2025-07-09 15:00:00+00:00,55.665,56.185,55.665,56.165,9487.0,55.44369576180923,55.091024223040044,,55.14391921971903,,,55.34367592539081,"rgba(38, 166, 154, 1.0)",0.8642376320695627,55.34367592539081,0.9503451876336234,6,0.43083738104878916,2.585024286292735,0.0,0.0,0.0,0.0,49.24375544707055,-9.488647124632692,False,True,False,False,True,4.487079152960373
2025-07-09 16:00:00+00:00,56.165,56.265,55.765,55.955,4795.0,55.44439543943714,55.096028539596965,,55.146407254785885,,,55.35156338406654,"rgba(38, 166, 154, 1.0)",0.8603410281308231,55.35156338406654,0.701392350478144,6,0.4286620843029929,2.5719725058179574,0.0,0.0,0.0,0.0,51.75565365438463,-7.0336817976101855,False,False,True,False,True,3.038849159857378
2025-07-09 17:00:00+00:00,55.955,56.155,55.815,56.09,7677.0,55.44556265817116,55.10414594400361,,55.150477023282164,,,55.36340641913669,"rgba(38, 166, 154, 1.0)",0.8496755183521533,55.36340641913669,0.8551424222183777,6,0.42605581577605034,2.556334894656302,0.0,0.0,0.0,0.0,54.29788877585247,-4.430533813595943,False,False,True,False,True,3.888748938775443
2025-07-09 18:00:00+00:00,56.095,56.245,55.87,55.915,9783.0,55.447017458743375,55.11417505163389,,55.15554959341845,,,55.376529869376256,"rgba(38, 166, 154, 1.0)",0.8247730127271579,55.376529869376256,0.6528706957120987,6,0.42643458657191696,2.5586075194315017,0.0,0.0,0.0,0.0,54.394619168464985,-3.955355324637054,False,False,True,False,True,2.675274542076984
2025-07-09 19:00:00+00:00,55.92,56.02,55.71,55.865,48515.0,55.452292598439854,55.153253164760656,,55.175722507977774,,,55.41366933801129,"rgba(38, 166, 154, 1.0)",0.7800809902515615,55.41366933801129,0.5785689788994441,6,0.4275890840437831,2.5655345042626987,0.0,0.0,0.0,0.0,53.99884911876083,-3.8144966179258546,False,False,True,False,True,2.3284890239490252
2025-07-10 14:00:00+00:00,55.895,56.5,55.685,56.435,11613.0,55.45456466452026,55.16621555110289,,55.18269204916412,,,55.42711151434314,"rgba(38, 166, 154, 1.0)",0.7679298661204558,55.42711151434314,1.3124746544221115,6,0.42660123943190237,2.5596074365914143,0.0,0.0,0.0,0.0,57.555489199754724,0.04245568854193493,False,False,True,False,True,5.91632330120289
2025-07-10 15:00:00+00:00,56.435,56.895,56.43,56.72,12272.0,55.45845785567896,55.18566861570915,,55.19332472777317,,,55.449118047651424,"rgba(38, 166, 154, 1.0)",0.7636356555419034,55.449118047651424,1.6642517188995198,6,0.42497570795859074,2.5498542477515445,0.0,0.0,0.0,0.0,61.352728245341,3.952691994321391,True,False,True,False,True,7.613720923540139
2025-07-10 16:00:00+00:00,56.72,56.935,56.71,56.915,6902.0,55.46094239491955,55.197621984844126,,55.19992085807687,,,55.46251871478266,"rgba(38, 166, 154, 1.0)",0.7615596963939629,55.46251871478266,1.9072454754301418,6,0.4219900192428682,2.531940115457209,0.0,0.0,0.0,0.0,64.76678035571196,7.3936585902196725,True,False,True,False,True,8.75018700585876
2025-07-10 17:00:00+00:00,56.94,57.08,56.915,57.015,9477.0,55.46470544455494,55.2152203559426,,55.20970689409025,,,55.5333823467294,"rgba(38, 166, 154, 1.0)",0.7787845230446122,55.5333823467294,1.9024744450214635,6,0.4176640720183747,2.5059844321102482,0.0,0.0,0.0,0.0,67.4867336910813,10.153766733409256,True,False,True,False,True,9.329739864245376
2025-07-10 18:00:00+00:00,57.005,57.005,56.72,56.765,9552.0,55.46805454851288,55.230928162769004,,55.21852062777783,,,55.54528394313314,"rgba(38, 166, 154, 1.0)",0.7902053844096724,55.54528394313314,1.5435430850399154,6,0.41165600673373404,2.469936040402404,0.0,0.0,0.0,0.0,66.4680445055007,10.153766733409256,True,False,True,False,True,7.488892412247914
2025-07-10 19:00:00+00:00,56.765,56.85,56.475,56.535,15532.0,55.47263110062496,55.2525575595897,,55.23080807479267,,,55.559084533491955,"rgba(38, 166, 154, 1.0)",0.7979490997339698,55.559084533491955,1.2230297231156781,6,0.4079150253299669,2.4474901519798014,0.0,0.0,0.0,0.0,63.47793573320637,10.153766733409256,True,False,True,False,False,5.832419381297932
2025-07-11 14:00:00+00:00,55.735,55.9,55.52,55.88,6138.0,55.47309201955749,55.255701760416734,,55.23265829116235,,,55.53764978934585,"rgba(38, 166, 154, 1.0)",0.7984517845510392,55.53764978934585,0.42876754398720923,6,0.4079708037392122,2.447824822435273,0.0,0.0,0.0,0.0,56.57112637400313,13.893637340997437,False,False,True,False,False,1.375542922259978
2025-07-11 15:00:00+00:00,55.875,56.0,55.7,55.875,4185.0,55.47350332285666,55.258204226784585,,55.234127787545916,,,55.53702645065219,"rgba(38, 166, 154, 1.0)",0.7988033956270789,55.53702645065219,0.42309979050914154,6,0.40843998831080847,2.4506399298648507,0.0,0.0,0.0,0.0,51.935277718186256,9.640498679574172,False,True,False,False,False,1.3427548808778589
2025-07-11 16:00:00+00:00,55.875,56.1,55.84,56.1,4202.0,55.47408139446381,55.26133961388506,,55.2359609855002,,,55.539658499450944,"rgba(38, 166, 154, 1.0)",0.8009358265171337,55.539658499450944,0.6996084854709276,6,0.4090420586104089,2.4542523516624533,0.0,0.0,0.0,0.0,50.75745832968655,8.517186787880824,False,True,False,False,False,2.7666736568309283
2025-07-11 17:00:00+00:00,56.1,56.15,55.92,56.05,3914.0,55.474645305235796,55.26433951127066,,55.23771910565358,,,55.54169097559905,"rgba(38, 166, 154, 1.0)",0.7973842540764975,55.54169097559905,0.6374706069279606,6,0.40928276868158475,2.4556966120895085,0.0,0.0,0.0,0.0,49.578426863770716,7.180554128184873,False,True,False,False,False,2.4272633198338447
2025-07-11 18:00:00+00:00,56.09,56.15,55.965,56.0,13946.0,55.47663957935152,55.274820529651066,,55.24390856967367,,,55.54667202028878,"rgba(38, 166, 154, 1.0)",0.792780299707356,55.54667202028878,0.5718204398854998,6,0.4098111987249726,2.4588671923498358,0.0,0.0,0.0,0.0,48.371726538016155,5.689573980409932,False,True,False,True,False,2.0839667047465653
2025-07-11 19:00:00+00:00,56.0,56.2,55.805,56.13,35108.0,55.481656941137224,55.30021014772407,,55.25920172981649,,,55.558838887834895,"rgba(38, 166, 154, 1.0)",0.7890424291224359,55.558838887834895,0.72386615863021,6,0.40997410086837277,2.4598446052102365,0.0,0.0,0.0,0.0,48.87339201675421,5.689573980409932,False,True,False,False,False,2.9317152825648165
2025-07-14 14:00:00+00:00,56.0,56.52,55.895,56.52,10393.0,55.48382033780051,55.30998541437676,,55.26511612304029,,,55.56851230327618,"rgba(38, 166, 154, 1.0)",0.7880771844490392,55.56851230327618,1.2073534363122416,6,0.4083435517790041,2.4500613106740246,0.0,0.0,0.0,0.0,52.49259167458687,5.689573980409932,False,False,True,False,True,5.408539389712459
2025-07-14 15:00:00+00:00,56.51,56.72,56.425,56.6,10900.0,55.48681325375584,55.32274584650526,,55.27283001546677,,,55.583828110266566,"rgba(38, 166, 154, 1.0)",0.785363145475227,55.583828110266566,1.2938879238069476,6,0.4064498163480101,2.4386988980880604,0.0,0.0,0.0,0.0,55.48795421960745,5.689573980409932,False,False,True,False,True,5.905581575400809
2025-07-14 16:00:00+00:00,56.605,56.67,56.505,56.6,6438.0,55.48858941900489,55.330222027091,,55.27737833709205,,,55.592363829911825,"rgba(38, 166, 154, 1.0)",0.7788435525057311,55.592363829911825,1.2937594037292381,6,0.40478961509678885,2.428737690580733,0.0,0.0,0.0,0.0,57.48486258295451,0.9855950010575611,False,False,True,False,True,5.905581575400809
2025-07-14 17:00:00+00:00,56.61,56.8,56.605,56.74,7541.0,55.49089444350012,55.339713126586936,,55.28316238518225,,,55.603610770513185,"rgba(38, 166, 154, 1.0)",0.7775896460589748,55.603610770513185,1.4614253613667962,6,0.40249391348987434,2.414963480939246,0.0,0.0,0.0,0.0,59.94218044297285,3.5346672786932203,True,False,True,False,True,6.7932495568832
2025-07-14 18:00:00+00:00,56.74,57.025,56.71,57.01,17828.0,55.49719429135991,55.364831355390756,,55.29853778889043,,,55.63419006352408,"rgba(38, 166, 154, 1.0)",0.7809449808171651,55.63419006352408,1.7617245392067156,6,0.3980667674608099,2.3884006047648594,0.0,0.0,0.0,0.0,63.45296916749112,7.009400484605941,True,False,True,False,True,8.475153252559654
2025-07-14 19:00:00+00:00,57.0,57.07,56.75,57.005,27453.0,55.50696747185838,55.40262059586765,,55.3220369580272,,,55.67639623443695,"rgba(38, 166, 154, 1.0)",0.78313828125563,55.67639623443695,1.6965123495595955,6,0.39388424691735685,2.363305481504141,0.0,0.0,0.0,0.0,65.71552172609478,9.280365002757087,True,False,True,False,True,8.436274812054013
2025-07-15 14:00:00+00:00,56.44,56.915,56.315,56.315,9224.0,55.509253831524326,55.41150608323706,,55.32774195585963,,,55.68331693095416,"rgba(38, 166, 154, 1.0)",0.7767875519737379,55.68331693095416,0.8131992685011395,6,0.394231708773098,2.365390252638588,0.0,0.0,0.0,0.0,59.26169755864019,16.079446775679443,True,False,True,False,False,3.300908554625522
2025-07-15 15:00:00+00:00,56.315,56.96,56.315,56.815,6812.0,55.51123947025454,55.41904287731259,,55.33255957325822,,,55.69014633670048,"rgba(38, 166, 154, 1.0)",0.7786204767711256,55.69014633670048,1.4446751618506015,6,0.39256197420141387,2.355371845208483,0.0,0.0,0.0,0.0,58.84052519662436,15.672540877152628,True,False,True,False,False,6.421929044252263
2025-07-15 16:00:00+00:00,56.815,56.865,56.54,56.545,7528.0,55.51334002514513,55.42696919762072,,55.33766348232807,,,55.69698404171932,"rgba(38, 166, 154, 1.0)",0.7796043868530023,55.69698404171932,1.087751650172,6,0.3926688920412971,2.356013352247783,0.0,0.0,0.0,0.0,56.30749443586488,13.128663101880932,True,False,True,False,False,4.514720480449473
2025-07-15 17:00:00+00:00,56.545,56.76,56.455,56.76,4885.0,55.51470891972704,55.43209296329958,,55.34097525668094,,,55.701386309392376,"rgba(38, 166, 154, 1.0)",0.7846775202662899,55.701386309392376,1.3491066881186662,6,0.3930504626302522,2.358302775781513,0.0,0.0,0.0,0.0,56.15472514588993,12.711381904975013,True,False,True,False,False,5.831204625078467
2025-07-15 18:00:00+00:00,56.765,56.875,56.59,56.605,6911.0,55.516693436989186,55.43945467021878,,55.345744227991275,,,55.707800898838684,"rgba(38, 166, 154, 1.0)",0.788798419082079,55.707800898838684,1.1374250752243888,6,0.39741441774952074,2.3844865064971246,0.0,0.0,0.0,0.0,54.72760052032597,10.995415851168232,False,False,True,False,False,4.735642854620394
2025-07-15 19:00:00+00:00,56.56,56.88,56.56,56.76,15224.0,55.52120209161012,55.45592295241774,,55.35646644597573,,,55.72231889000577,"rgba(38, 166, 154, 1.0)",0.7949612319860636,55.72231889000577,1.3053229116617047,6,0.40569843042388637,2.434190582543318,0.0,0.0,0.0,0.0,54.9656980328666,10.821751987653826,False,False,True,False,False,5.694163675363374
2025-07-16 14:00:00+00:00,57.43,58.06,57.43,57.75,16119.0,55.529899987779594,55.48638275353747,,55.375863180779625,,,55.75810571905775,"rgba(38, 166, 154, 1.0)",0.8200451097241035,55.75810571905775,2.429005742882122,6,0.41292567686896,2.47755406121376,0.0,0.0,0.0,0.0,60.28719311934129,10.821751987653826,True,False,True,False,True,11.352936578230434
2025-07-16 15:00:00+00:00,57.75,58.04,57.135,57.745,10648.0,55.535333825969914,55.50513489821201,,55.387935898353966,,,55.77906825235981,"rgba(38, 166, 154, 1.0)",0.8361561397792396,55.77906825235981,2.3511538743938813,6,0.41102804414253374,2.4661682648552024,0.0,0.0,0.0,0.0,63.78825317209598,7.761327258575562,True,False,True,False,True,11.31661576238205
2025-07-16 16:00:00+00:00,57.7,58.01,57.65,58.01,7029.0,55.53932978353292,55.51876448271993,,55.39671197335425,,,55.79464132073597,"rgba(38, 166, 154, 1.0)",0.8603740910656249,55.79464132073597,2.5748784188981957,6,0.40554864088129,2.43329184528774,0.0,0.0,0.0,0.0,67.14625213157396,10.937248549717005,True,False,True,False,True,12.733016374948225
2025-07-16 17:00:00+00:00,58.025,58.29,57.99,58.275,8921.0,55.54501586183437,55.53796436571457,,55.40906946949821,,,55.817042731199784,"rgba(38, 166, 154, 1.0)",0.8870601155778932,55.817042731199784,2.770902699417309,6,0.3981823279320002,2.389093967592001,0.0,0.0,0.0,0.0,70.30667013923322,13.913455192149229,True,False,True,False,True,14.114817394123133
2025-07-16 18:00:00+00:00,58.275,58.725,58.26,58.725,6827.0,55.54998296161481,55.55458180068109,,55.4197539568191,,,55.836858113844485,"rgba(38, 166, 154, 1.0)",0.9304297031118697,55.836858113844485,3.104094674209108,6,0.3803667467123748,2.282200480274249,0.0,0.0,0.0,0.0,73.72347934161819,17.126416798433752,True,False,True,False,True,16.369332169949967
2025-07-16 19:00:00+00:00,58.725,59.405,58.66,59.385,24589.0,55.571148747328,55.62418043756706,,55.464621449921054,,,55.92069794182447,"rgba(38, 166, 154, 1.0)",0.99628009918719,55.92069794182447,3.4772370350485367,6,0.3571603811852855,2.142962287111713,0.0,0.0,0.0,0.0,77.4088084509051,20.57663303701507,True,False,True,False,True,19.44789041723736
2025-07-17 14:00:00+00:00,59.84,60.145,59.54,60.06,16678.0,55.58840233649556,55.67978745913722,,55.5006349781278,,,55.98783703241024,"rgba(38, 166, 154, 1.0)",1.0802290589593537,55.98783703241024,3.7697217398620144,5,0.33455489924247206,1.6727744962123603,0.0,0.0,0.0,0.0,80.87996211605268,23.82348611495192,True,False,True,False,True,20.0
2025-07-17 15:00:00+00:00,60.085,61.005,60.08,60.895,15111.0,55.606588388032506,55.73758598430157,,55.53818771641159,,,56.05774823412099,"rgba(38, 166, 154, 1.0)",1.1948758162322128,56.05774823412099,4.0483301278389385,5,0.3045394320893447,1.5226971604467234,0.0,0.0,0.0,0.0,84.07759324769245,26.84006079765686,True,False,True,False,True,20.0
2025-07-17 16:00:00+00:00,60.895,61.015,60.675,60.775,18357.0,55.62920748269424,55.8082681117876,,55.58449514392368,,,56.14143606358998,"rgba(38, 166, 154, 1.0)",1.2945345958375118,56.14143606358998,3.5793280081574728,4,0.3298872615865853,1.3195490463463413,0.0,0.0,0.0,0.0,85.18416834763352,28.00960355828697,True,False,True,False,True,20.0
2025-07-17 17:00:00+00:00,60.78,61.18,60.67,61.16,12130.0,55.64456561526003,55.855558816694405,,55.61569754365478,,,56.196523838089774,"rgba(38, 166, 154, 1.0)",1.3866536230330302,56.196523838089774,3.579463594559109,4,0.3066900968498623,1.2267603873994493,0.0,0.0,0.0,0.0,86.38099187869967,29.414026630661354,True,False,True,False,True,20.0
2025-07-17 18:00:00+00:00,61.16,61.825,61.105,61.595,28395.0,55.68353223661541,55.97350130891656,,55.69406895380753,,,56.33240784513775,"rgba(38, 166, 154, 1.0)",1.4890386281209707,56.33240784513775,3.5342213798060786,3,0.2489209325488173,0.7467627976464519,0.0,0.0,0.0,0.0,87.63526866871435,30.954418058033355,True,False,True,False,True,20.0
2025-07-17 19:00:00+00:00,61.615,61.665,61.325,61.575,27123.0,55.7203568253639,56.0819148610696,,55.76717459806495,,,56.45321445103616,"rgba(38, 166, 154, 1.0)",1.5854128316773466,56.45321445103616,3.230569001731277,3,0.23484815649997318,0.7045444694999196,0.0,0.0,0.0,0.0,88.28307183311657,31.98778829833128,True,False,True,False,True,20.0
2025-07-18 14:00:00+00:00,61.65,61.885,61.245,61.585,14144.0,55.7395402115681,56.13729045561382,,55.80489951431678,,,56.78512823238434,"rgba(38, 166, 154, 1.0)",1.674348863623541,56.78512823238434,2.8667094844428203,3,0.22323247407626234,0.669697422228787,0.0,0.0,0.0,0.0,88.7271478764902,32.88603100733222,True,False,True,False,True,20.0
2025-07-18 15:00:00+00:00,61.585,61.68,61.42,61.65,10462.0,55.75367722202439,56.17762348945353,,55.8325456138273,,,56.82797142311481,"rgba(38, 166, 154, 1.0)",1.757679615467775,56.82797142311481,2.743405871269601,3,0.21336430553533445,0.6400929166060033,0.0,0.0,0.0,0.0,89.1099219889555,33.75483904931879,True,False,True,False,True,20.0
2025-07-18 16:00:00+00:00,61.65,61.72,60.985,61.0,9939.0,55.766245597343605,56.21295711694868,,55.85698967320512,,,56.85947649409036,"rgba(38, 166, 154, 1.0)",1.8077656235114812,56.85947649409036,2.29040947126039,3,0.20721597629569918,0.6216479288870975,0.0,0.0,0.0,0.0,82.77792795310538,38.24094526384803,True,False,True,False,False,20.0
2025-07-18 17:00:00+00:00,61.0,61.11,60.785,61.04,10601.0,55.778961546457396,56.24820556134297,,55.88158651938832,,,56.8891594373693,"rgba(38, 166, 154, 1.0)",1.8522482686316497,56.8891594373693,2.240974189543789,3,0.2018787386033102,0.6056362158099307,0.0,0.0,0.0,0.0,78.70596909870387,34.426739599964776,True,False,True,False,False,20.0
2025-07-18 18:00:00+00:00,61.03,61.21,60.805,60.89,20722.0,55.80359189078504,56.31547952319019,,55.92889753352565,,,56.949929122246736,"rgba(38, 166, 154, 1.0)",1.888327905656103,56.949929122246736,2.086539560185274,3,0.19732654930153448,0.5919796479046034,0.0,0.0,0.0,0.0,74.59202174524731,30.660318203735102,True,False,True,False,False,20.0
2025-07-18 19:00:00+00:00,60.9,61.12,60.75,60.75,18126.0,55.82455291433853,56.37160280400181,,55.968799124288346,,,57.00072864227856,"rgba(38, 166, 154, 1.0)",1.915713648691803,57.00072864227856,1.9571147077652926,3,0.19356615899510443,0.5806984769853133,0.0,0.0,0.0,0.0,70.54877364606651,27.00107966875808,True,False,True,False,False,20.0
2025-07-21 14:00:00+00:00,60.675,60.98,60.285,60.9,9662.0,55.83532192573778,56.39996906483384,,55.98915688688376,,,57.02560933458473,"rgba(38, 166, 154, 1.0)",1.9462692817586635,57.02560933458473,1.990675546147623,2,0.235301330172919,0.470602660345838,0.0,0.0,0.0,0.0,68.68133800738579,25.308061474128195,False,False,True,False,False,20.0
2025-07-21 15:00:00+00:00,60.915,61.065,60.815,60.83,8814.0,55.84546825374111,56.4265992246528,,56.008283473308225,,,57.05030939414669,"rgba(38, 166, 154, 1.0)",1.9750290179189467,57.05030939414669,1.9137392775301623,2,0.23121937262596026,0.4624387452519205,0.0,0.0,0.0,0.0,66.70947609145767,23.379943975315726,False,False,True,False,False,20.0
2025-07-21 16:00:00+00:00,60.825,60.925,60.55,60.67,5224.0,55.85123955324427,56.44157684150334,,56.01911611038345,,,57.06355291667448,"rgba(38, 166, 154, 1.0)",2.0008158291012768,57.06355291667448,1.802488280465803,2,0.22773925221988525,0.4554785044397705,0.0,0.0,0.0,0.0,63.73205176278254,20.461439791107793,False,True,True,False,False,19.644722780617037
2025-07-21 17:00:00+00:00,60.655,60.75,60.53,60.62,10036.0,55.86210316567461,56.46951492531534,,56.03942824905744,,,57.08781851058369,"rgba(38, 166, 154, 1.0)",2.03269150555538,57.08781851058369,1.737686943524287,2,0.22442107738034103,0.44884215476068207,0.0,0.0,0.0,0.0,61.22359724682664,17.9723640980735,False,True,True,False,False,19.26086224088259
2025-07-21 18:00:00+00:00,60.62,60.67,60.355,60.42,7594.0,55.87003039024764,56.48964767570459,,56.05417598026081,,,57.10467445625242,"rgba(38, 166, 154, 1.0)",2.058553060453613,57.10467445625242,1.6105125524513,2,0.22162630982757922,0.44325261965515844,0.0,0.0,0.0,0.0,57.509330459573775,14.37197576216586,False,True,True,False,False,17.725850132889594
2025-07-21 19:00:00+00:00,60.42,60.45,60.14,60.16,17031.0,55.88682201443706,56.53149461796483,,56.085185041341624,,,57.137727589256556,"rgba(38, 166, 154, 1.0)",2.0799014031552256,57.137727589256556,1.453084461676227,2,0.21929574541093066,0.43859149082186133,0.0,0.0,0.0,0.0,52.73808554340517,9.876231734371373,False,True,False,False,False,15.765125139816192
2025-07-22 14:00:00+00:00,59.57,60.065,59.555,60.06,3939.0,55.89037136506934,56.540125228735874,,56.09168318534466,,,57.3306159712395,"rgba(38, 166, 154, 1.0)",2.0986651634952853,57.3306159712395,1.3005333467368203,2,0.21716320383544624,0.4343264076708925,0.0,0.0,0.0,0.0,48.748817043279246,6.176684805178837,False,True,False,True,False,15.018081128762471
2025-07-22 15:00:00+00:00,60.0,60.24,59.935,60.16,6141.0,55.89619349611719,56.554362892301995,,56.10234912323757,,,57.34781575038532,"rgba(38, 166, 154, 1.0)",2.1179899212004116,57.34781575038532,1.327760921553779,2,0.21542704787084774,0.4308540957416955,0.0,0.0,0.0,0.0,47.262306821542275,4.727132700536949,False,True,False,True,False,15.517642985700867
2025-07-22 16:00:00+00:00,60.16,60.16,59.96,60.085,3527.0,55.899495804099445,56.56238991144474,,56.10838347788639,,,57.35425063954814,"rgba(38, 166, 154, 1.0)",2.1350668955910637,57.35425063954814,1.2789994384208228,2,0.21441508873702864,0.4288301774740573,0.0,0.0,0.0,0.0,45.566560388424634,2.9260210705121352,False,True,False,True,False,14.944348211710864
2025-07-22 17:00:00+00:00,60.075,60.43,60.05,60.42,2873.0,55.90233118496558,56.56933172579648,,56.113572118973764,,,57.36204601806948,"rgba(38, 166, 154, 1.0)",2.156491357036513,57.36204601806948,1.4180228322977448,2,0.21291215976349243,0.42582431952698485,0.0,0.0,0.0,0.0,48.16515263183042,2.9260210705121352,False,True,False,True,False,16.629336339653737
2025-07-22 18:00:00+00:00,60.42,60.74,60.35,60.655,5907.0,55.908522024298534,56.584595160186204,,56.12491496067281,,,57.38164395383583,"rgba(38, 166, 154, 1.0)",2.1807144709025548,57.38164395383583,1.5010475189855537,2,0.21142160493303896,0.42284320986607793,0.0,0.0,0.0,0.0,51.956711742222765,2.9260210705121352,False,True,True,False,True,17.778544861369095
2025-07-22 19:00:00+00:00,60.715,60.84,60.61,60.74,9436.0,55.91869035400936,56.609633864691574,,56.14351442813032,,,57.4112840322079,"rgba(38, 166, 154, 1.0)",2.205009186718666,57.4112840322079,1.5096154645712168,2,0.20973817622261473,0.41947635244522946,0.0,0.0,0.0,0.0,55.174159699718786,-2.152561701234049,False,True,True,False,True,18.19134864904382
2025-07-23 14:00:00+00:00,61.52,62.21,61.52,62.14,14795.0,55.93859040351803,56.659797750141976,,56.18009580081633,,,57.48827724389082,"rgba(38, 166, 154, 1.0)",2.2579040109186916,57.48827724389082,2.0601950896116685,2,0.20571717952895352,0.41143435905790704,0.0,0.0,0.0,0.0,63.54558808306505,5.645603630086917,False,True,True,False,True,20.0
2025-07-23 15:00:00+00:00,62.16,62.465,61.97,62.41,12609.0,55.95635724397382,56.704390692491636,,56.21264443020117,,,57.54984311761335,"rgba(38, 166, 154, 1.0)",2.314246928667516,57.54984311761335,2.1001029847687867,2,0.2018618310111562,0.4037236620223124,0.0,0.0,0.0,0.0,69.75392987748994,11.182222269892257,False,False,True,False,True,20.0
2025-07-23 16:00:00+00:00,62.39,62.475,62.225,62.25,6509.0,55.965540456588386,56.727277404097606,,56.22940722714402,,,57.57918076633426,"rgba(38, 166, 154, 1.0)",2.362993116466624,57.57918076633426,1.9766537621785376,2,0.1986616605321253,0.3973233210642506,0.0,0.0,0.0,0.0,72.2535938600139,13.344885339511208,True,False,True,False,True,20.0
2025-07-23 17:00:00+00:00,62.25,62.28,61.875,62.06,18848.0,55.99096313049302,56.78965018848488,,56.27549888476918,,,57.65016803994765,"rgba(38, 166, 154, 1.0)",2.39943602232387,57.65016803994765,1.83786186379806,2,0.19575163553739192,0.39150327107478383,0.0,0.0,0.0,0.0,72.01361032960243,13.344885339511208,True,False,True,False,True,20.0
2025-07-23 18:00:00+00:00,62.085,62.43,62.085,62.32,7329.0,56.001125650097194,56.8144459947002,,56.293857800677245,,,57.678301513503115,"rgba(38, 166, 154, 1.0)",2.4335387942383875,57.678301513503115,1.9073862711728722,2,0.19353388276118733,0.38706776552237465,0.0,0.0,0.0,0.0,72.82443282228562,14.377661438966328,True,False,True,False,True,20.0
2025-07-23 19:00:00+00:00,62.315,62.505,62.185,62.415,27609.0,56.039660261192026,56.90738207018275,,56.363045745701996,,,57.78041870581917,"rgba(38, 166, 154, 1.0)",2.458711117711984,57.78041870581917,1.8849637359974416,2,0.19130883555971562,0.38261767111943124,0.0,0.0,0.0,0.0,73.70875461937851,15.732393261227443,True,False,True,False,True,20.0
2025-07-24 14:00:00+00:00,62.9,63.535,62.79,63.38,12127.0,56.058736950865075,56.95355099939897,,56.39725450141013,,,58.17765677528308,"rgba(38, 166, 154, 1.0)",2.5058551218879423,58.17765677528308,2.076075020968255,2,0.18733957965590042,0.37467915931180085,0.0,0.0,0.0,0.0,76.87834558996948,19.205142005193025,True,False,True,False,True,20.0
2025-07-24 15:00:00+00:00,63.37,63.445,63.04,63.38,21551.0,56.09263997256222,57.03463967490302,,56.457681802485695,,,58.26996285781153,"rgba(38, 166, 154, 1.0)",2.5474156538565995,58.26996285781153,2.005969121863664,2,0.18367167135240037,0.36734334270480073,0.0,0.0,0.0,0.0,78.99140623703013,21.607845705898413,True,False,True,False,True,20.0
2025-07-24 16:00:00+00:00,63.39,63.41,63.01,63.15,10506.0,56.10882820591033,57.07281214792152,,56.48633862390562,,,58.309786177550926,"rgba(38, 166, 154, 1.0)",2.579392125819349,58.309786177550926,1.8764939901921927,2,0.18070647668218004,0.3614129533643601,0.0,0.0,0.0,0.0,77.98863710606385,21.607845705898413,True,False,True,False,True,20.0
2025-07-24 17:00:00+00:00,63.15,63.295,63.03,63.22,3076.0,56.11354835118209,57.083883934270695,,56.49467242760721,,,58.321235095946506,"rgba(38, 166, 154, 1.0)",2.595013629779013,58.321235095946506,1.8877607608059706,2,0.17820220499038636,0.3564044099807727,0.0,0.0,0.0,0.0,77.55152766162388,21.607845705898413,True,False,True,False,True,20.0
2025-07-24 18:00:00+00:00,63.24,63.4,63.095,63.175,11794.0,56.13169443996608,57.126253555735566,,56.52663245180428,,,58.36537908314908,"rgba(38, 166, 154, 1.0)",2.6098659452646897,58.36537908314908,1.8428612877904467,2,0.17614335946445298,0.35228671892890595,0.0,0.0,0.0,0.0,76.73676041766609,21.607845705898413,True,False,True,False,True,20.0
2025-07-24 19:00:00+00:00,63.17,63.355,63.095,63.18,16292.0,56.156562429129565,57.18370341110293,,56.570198366813045,,,58.42389455565167,"rgba(38, 166, 154, 1.0)",2.616541641587661,58.42389455565167,1.81770676558483,2,0.17430086121753616,0.3486017224350723,0.0,0.0,0.0,0.0,76.21476623603556,21.607845705898413,True,False,True,False,True,20.0
2025-07-25 14:00:00+00:00,63.305,63.325,62.885,63.065,9584.0,56.170865856542726,57.21634130750062,,56.59511028162298,,,58.45549624044577,"rgba(38, 166, 154, 1.0)",2.621242092617198,58.45549624044577,1.7585188993176275,2,0.17287883499427018,0.34575766998854035,0.0,0.0,0.0,0.0,74.31408924854286,21.607845705898413,True,False,True,False,False,20.0
2025-07-25 15:00:00+00:00,63.065,63.115,62.71,62.72,7876.0,56.18216439690004,57.24179425781499,,56.614679043033476,,,58.47815453450859,"rgba(38, 166, 154, 1.0)",2.619254109491891,58.47815453450859,1.6194860399834532,2,0.17187908539165297,0.34375817078330595,0.0,0.0,0.0,0.0,68.98160714166654,24.26649142888924,False,False,True,False,False,20.0
2025-07-25 16:00:00+00:00,62.715,62.855,62.615,62.85,9494.0,56.195580661635326,57.271765592487746,,56.637823850351786,,,58.504244340566935,"rgba(38, 166, 154, 1.0)",2.6138679443749044,58.504244340566935,1.6625765922051339,2,0.17071493904724103,0.34142987809448205,0.0,0.0,0.0,0.0,66.3757838704126,21.774319618820698,False,True,True,False,False,20.0
2025-07-25 17:00:00+00:00,62.875,63.02,62.87,62.88,4847.0,56.202564785096044,57.28735584468608,,56.64986033230786,,,58.51853258061506,"rgba(38, 166, 154, 1.0)",2.613460087820489,58.51853258061506,1.6688479153405462,2,0.16946821638312687,0.33893643276625374,0.0,0.0,0.0,0.0,64.86415200484889,20.270646445035695,False,True,True,False,False,20.0
2025-07-25 18:00:00+00:00,62.88,63.185,62.88,63.17,3750.0,56.20808267106486,57.29968883608521,,56.6593703691869,,,58.53033380425084,"rgba(38, 166, 154, 1.0)",2.6239166996775802,58.53033380425084,1.7682216041078112,2,0.16746849977195527,0.33493699954391054,0.0,0.0,0.0,0.0,65.8828441599313,20.270646445035695,False,True,True,False,False,20.0
2025-07-25 19:00:00+00:00,63.17,63.195,63.02,63.035,22917.0,56.24163647763383,57.373995673500296,,56.71692698213124,,,58.600812466384056,"rgba(38, 166, 154, 1.0)",2.624750352779182,58.600812466384056,1.6893749643355072,2,0.16577433074110076,0.3315486614822015,0.0,0.0,0.0,0.0,64.81847350188517,19.940270031291732,False,True,True,False,False,20.0
2025-07-28 14:00:00+00:00,62.855,63.085,62.78,62.83,3766.0,56.246970888034944,57.38563462866059,,56.72601487244754,,,58.6112261167976,"rgba(38, 166, 154, 1.0)",2.6211297131147453,58.6112261167976,1.6095250311702944,2,0.16426968774612113,0.32853937549224227,0.0,0.0,0.0,0.0,61.679404726838584,16.797979689265148,False,True,True,False,False,20.0
2025-07-28 15:00:00+00:00,62.83,62.965,62.725,62.92,4082.0,56.25271866528418,57.398130375131764,,56.73579010503676,,,58.6223059307369,"rgba(38, 166, 154, 1.0)",2.6125057041189517,58.6223059307369,1.645046769653836,2,0.16278519175344555,0.3255703835068911,0.0,0.0,0.0,0.0,60.393989725283575,15.434301386501375,False,True,True,False,False,20.0
2025-07-28 16:00:00+00:00,62.905,63.085,62.88,63.035,3092.0,56.25715121045917,57.40778168872825,,56.74333037078449,,,58.6311554158282,"rgba(38, 166, 154, 1.0)",2.6013406938356614,58.6311554158282,1.6929134252224216,2,0.1613174389371533,0.3226348778743066,0.0,0.0,0.0,0.0,60.555049757465355,15.359766442679017,False,True,True,False,False,20.0
2025-07-28 17:00:00+00:00,63.02,63.14,62.93,63.035,4905.0,56.264207288834555,57.42311942891154,,56.75532142296054,,,58.645310884977604,"rgba(38, 166, 154, 1.0)",2.597662650007354,58.645310884977604,1.689861119961041,2,0.15996377545218554,0.3199275509043711,0.0,0.0,0.0,0.0,60.66242311225321,15.134907680894457,False,True,True,False,False,20.0
2025-07-28 18:00:00+00:00,63.035,63.06,62.9,62.995,3916.0,56.26978858260386,57.43519614670835,,56.764785981935105,,,58.65629100039013,"rgba(38, 166, 154, 1.0)",2.595359160342003,58.65629100039013,1.6717181444120968,2,0.15874845162959567,0.31749690325919133,0.0,0.0,0.0,0.0,60.107147139808944,14.24363136834262,False,True,True,False,False,20.0
2025-07-28 19:00:00+00:00,63.01,63.01,62.66,62.88,18206.0,56.29509627539656,57.48931139982756,,56.80746610788386,,,58.703623142946334,"rgba(38, 166, 154, 1.0)",2.5918741210675003,58.703623142946334,1.6113347570033871,2,0.15771702127923493,0.31543404255846985,0.0,0.0,0.0,0.0,57.95058483338843,11.922225705753974,False,True,True,False,False,20.0
2025-07-29 14:00:00+00:00,63.03,63.06,62.23,62.275,18353.0,56.31914397810917,57.5395048810109,,56.84758399212891,,,58.74354168741809,"rgba(38, 166, 154, 1.0)",2.579793776240242,58.74354168741809,1.36889170952595,2,0.15717016166487405,0.3143403233297481,0.0,0.0,0.0,0.0,50.26151100264791,4.73769387524527,False,True,False,False,False,15.869353848698179
2025-07-29 15:00:00+00:00,62.275,62.365,61.95,62.3,5247.0,56.32563568740779,57.552770915309516,,56.858315755254836,,,59.023802532571594,"rgba(38, 166, 154, 1.0)",2.561639879817971,59.023802532571594,1.2789453713771854,2,0.15666842931540087,0.31333685863080174,0.0,0.0,0.0,0.0,45.48262480925647,0.5805558664374502,False,True,False,True,False,15.999996816784492
2025-07-29 16:00:00+00:00,62.28,62.55,62.18,62.485,5242.0,56.33232706092851,57.566515722845644,,56.86939389500052,,,59.03890267555467,"rgba(38, 166, 154, 1.0)",2.53884474863226,59.03890267555467,1.3573485839580515,2,0.156115953154676,0.312231906309352,0.0,0.0,0.0,0.0,44.80643225632785,0.16598416464796628,False,True,False,True,False,16.96815306056877
2025-07-29 17:00:00+00:00,62.475,62.67,62.33,62.475,7186.0,56.34160660539149,57.585566992745484,,56.88474529746371,,,59.05712782826123,"rgba(38, 166, 154, 1.0)",2.4985375398095937,59.05712782826123,1.367949097134333,2,0.15563255821658725,0.3112651164331745,0.0,0.0,0.0,0.0,44.25286957282236,-0.37916698211073196,False,True,False,True,False,16.884988140379793
2025-07-29 18:00:00+00:00,62.44,62.655,62.335,62.5,7278.0,56.350984113938864,57.60473203882665,,56.900221813870864,,,59.073366700306885,"rgba(38, 166, 154, 1.0)",2.4545332155638553,59.073366700306885,1.3960427497844836,2,0.15547522964954452,0.31095045929908904,0.0,0.0,0.0,0.0,44.2545946496619,-0.5866045518719716,False,True,False,True,False,17.018741371349147
2025-07-29 19:00:00+00:00,62.5,62.815,62.36,62.78,31851.0,56.39271597230035,57.68947730987002,,56.96880844588518,,,59.14714923556136,"rgba(38, 166, 154, 1.0)",2.415479220540883,59.14714923556136,1.5039875870367299,2,0.15548296957430924,0.3109659391486185,0.0,0.0,0.0,0.0,47.93022449063731,-0.5866045518719716,False,True,False,False,True,18.504745004161986
2025-07-30 14:00:00+00:00,62.98,63.005,62.72,62.885,3474.0,56.39739188270662,57.69894782180398,,56.976474016025605,,,59.15596195152109,"rgba(38, 166, 154, 1.0)",2.372418422448091,59.15596195152109,1.5718298311943317,2,0.1558730608283439,0.3117461216566878,0.0,0.0,0.0,0.0,51.528492040567464,-3.8275384542880744,False,True,True,False,True,19.053414744081763
2025-07-30 15:00:00+00:00,62.88,62.93,62.68,62.89,2002.0,56.4000682083094,57.704351199437625,,56.98085507216056,,,59.1608465058231,"rgba(38, 166, 154, 1.0)",2.3236417130897613,59.1608465058231,1.6048745695902573,2,0.15626193566676222,0.31252387133352444,0.0,0.0,0.0,0.0,53.983860568123966,-1.5121905760482122,False,True,True,False,True,19.07980370879143
2025-07-30 16:00:00+00:00,62.895,62.895,62.625,62.84,3079.0,56.404150127744614,57.71256381943043,,56.987526568346375,,,59.16803687197844,"rgba(38, 166, 154, 1.0)",2.273114183249489,59.16803687197844,1.6153887715276927,2,0.1568016258442473,0.3136032516884946,0.0,0.0,0.0,0.0,54.7535159760502,-0.6892718787103576,False,True,True,False,True,18.62915947632838
2025-07-30 17:00:00+00:00,62.84,63.015,62.715,62.92,4497.0,56.41019271676164,57.724738700002945,,56.997405010736614,,,59.179126240611744,"rgba(38, 166, 154, 1.0)",2.2295844116445878,59.179126240611744,1.677834550623231,2,0.1573497699201959,0.3146995398403918,0.0,0.0,0.0,0.0,56.33978733789196,0.9901723663610866,False,True,True,False,True,19.066583537854818
2025-07-30 18:00:00+00:00,62.955,63.04,62.03,62.035,7355.0,56.41926698053013,57.742552410106,,57.0120829770962,,,59.190924606936015,"rgba(239, 83, 80, 1.0)",2.175749248602118,59.190924606936015,1.3071705734892252,1,0.11836043396722724,0.11836043396722724,0.0,0.0,0.0,0.0,47.9094808283274,3.828511206686507,False,True,False,True,False,11.490515730526397
2025-07-30 19:00:00+00:00,62.0,62.205,61.63,62.185,11198.0,56.43219292573412,57.76731280318805,,57.03277821194001,,,59.20311215048548,"rgba(239, 83, 80, 1.0)",2.1190585131095045,59.20311215048548,1.4071757957919255,1,0.11956644774551672,0.11956644774551672,0.0,0.0,0.0,0.0,44.21014751129497,0.6267758665930145,False,True,False,True,False,12.363007406892088
2025-07-31 14:00:00+00:00,62.89,63.07,62.525,62.525,14884.0,56.45142719582502,57.80514303486749,,57.06385568975624,,,59.51789460437053,"rgba(239, 83, 80, 1.0)",2.0649181930875664,59.51789460437053,1.4562830652061307,1,0.12089510824233349,0.12089510824233349,0.0,0.0,0.0,0.0,45.44418705531566,0.6267758665930145,False,True,False,True,False,14.291998510906978
2025-07-31 15:00:00+00:00,62.5,62.92,62.32,62.745,11009.0,56.46547638823787,57.83250008442672,,57.08644253173517,,,59.5379578116335,"rgba(239, 83, 80, 1.0)",2.0162822580541677,59.5379578116335,1.5905720419627591,1,0.1220705837426498,0.1220705837426498,0.0,0.0,0.0,0.0,48.235500942904224,0.6267758665930145,False,True,False,False,True,15.501818367867664
2025-07-31 16:00:00+00:00,62.745,62.85,62.335,62.465,5642.0,56.47252253331223,57.84607974489797,,57.09771712475256,,,59.54654917391506,"rgba(239, 83, 80, 1.0)",1.9607083616079017,59.54654917391506,1.4884675779582197,1,0.12332525833055025,0.12332525833055025,0.0,0.0,0.0,0.0,47.59079570055324,0.6267758665930145,False,True,False,True,True,13.218616609444258
2025-07-31 17:00:00+00:00,62.465,62.49,61.85,61.89,10981.0,56.485125284235,57.86964977169576,,57.11763445376675,,,59.55159440030343,"rgba(239, 83, 80, 1.0)",1.874117985940341,59.55159440030343,1.2477365978232546,1,0.12499108600332112,0.12499108600332112,0.0,0.0,0.0,0.0,43.39583158188567,0.09020777168858274,False,True,False,True,False,8.789081460463866
2025-07-31 18:00:00+00:00,61.98,62.215,61.57,61.94,16801.0,56.50372104034641,57.90378526669425,,57.14677753659399,,,59.55945573336042,"rgba(239, 83, 80, 1.0)",1.798686390044017,59.55945573336042,1.3234904538202008,0,,,0.0,0.0,0.0,0.0,41.10417017215975,-2.1898804592943435,False,True,False,True,False,9.082760535971005
2025-07-31 19:00:00+00:00,61.93,62.06,61.425,61.675,25354.0,56.530573759757324,57.95184774650099,,57.188378330201175,,,59.57071784350349,"rgba(239, 83, 80, 1.0)",1.7062794280206066,59.57071784350349,1.2332576493274678,0,,,0.0,0.0,0.0,0.0,38.09095729452716,-5.162603189509994,False,True,False,True,False,7.113036883956077
2025-08-01 14:00:00+00:00,59.43,60.185,59.185,59.775,5860.0,56.53435812780558,57.95696517724652,,57.19367933869762,,,59.68139286779744,"rgba(239, 83, 80, 1.0)",1.6272553496525402,59.68139286779744,0.057524550294177475,0,,,0.0,-1.0,59.185,666.0,30.78054074556475,-11.985921969867832,False,True,False,True,False,0.0
2025-08-01 15:00:00+00:00,59.8,60.23,59.61,60.21,5613.0,56.53831755870112,57.96267546721368,,57.19934111549061,,,59.6776706054644,"rgba(239, 83, 80, 1.0)",1.5304642850872934,59.6776706054644,0.34782216071460875,0,,,0.0,0.0,0.0,0.0,29.07290338517791,-13.50039451369176,False,True,False,True,False,0.0
2025-08-01 16:00:00+00:00,60.21,60.43,59.8,59.845,4091.0,56.54120459735636,57.966834273179884,,57.20346554239316,,,59.67235934336145,"rgba(239, 83, 80, 1.0)",1.4381568440569812,59.67235934336145,0.12004299625035128,0,,,0.0,0.0,0.0,0.0,27.108242924766728,-15.442031529506778,False,True,False,True,False,0.0
2025-08-01 17:00:00+00:00,59.86,59.865,59.415,59.45,9143.0,56.54681147806707,57.97405695793708,,57.21118209353747,,,59.64522941577993,"rgba(239, 83, 80, 1.0)",1.3890628022045273,59.64522941577993,-0.1405475803326432,0,,,0.0,0.0,0.0,0.0,24.985367621136696,-17.635873320061314,False,True,False,True,False,0.0
2025-08-01 18:00:00+00:00,59.49,59.78,59.235,59.51,9460.0,56.55246064810332,57.98114640903994,,57.21888442256537,,,59.621100319120025,"rgba(239, 83, 80, 1.0)",1.3362629515464008,59.621100319120025,-0.08314255737724009,0,,,0.0,0.0,0.0,0.0,24.036855918777018,-18.830102766168793,False,True,False,True,False,0.0
2025-08-01 19:00:00+00:00,59.505,59.94,59.495,59.81,17948.0,56.563984965288775,57.99650409240009,,57.23487371751371,,,59.594212907938584,"rgba(239, 83, 80, 1.0)",1.2850818777152888,59.594212907938584,0.16791699875579952,0,,,0.0,0.0,0.0,0.0,25.750422374605293,-18.830102766168793,False,True,False,True,False,0.0
2025-08-04 14:00:00+00:00,61.025,61.44,61.025,61.165,6591.0,56.57012918691454,58.006726952795326,,57.24407996415901,,,59.60598510674581,"rgba(239, 83, 80, 1.0)",1.223459962270566,59.60598510674581,1.2742671941310435,0,,,0.0,0.0,0.0,0.0,34.322911206962516,-22.94809835789654,False,True,False,True,True,3.352135624363168
2025-08-04 15:00:00+00:00,61.19,61.36,61.15,61.28,7321.0,56.57701313071691,58.01819388218562,,57.25439285401779,,,59.61794294462584,"rgba(239, 83, 80, 1.0)",1.1735385851392457,59.61794294462584,1.4162781491986072,0,,,0.0,0.0,0.0,0.0,40.509864624725076,-17.35088317152247,False,True,False,True,True,3.9348219131795865
2025-08-04 16:00:00+00:00,61.28,61.32,61.15,61.295,5718.0,56.58236620611351,58.027071154980405,,57.26239423902835,,,59.62612983144438,"rgba(239, 83, 80, 1.0)",1.1417640374074345,59.62612983144438,1.4616594268856715,0,,,0.0,0.0,0.0,0.0,44.701448300593874,-13.641460419479273,False,True,False,True,True,4.011661655995102
2025-08-04 17:00:00+00:00,61.28,61.43,61.19,61.365,6263.0,56.58830725810969,58.03695847265104,,57.27128191136267,,,59.63515057654568,"rgba(239, 83, 80, 1.0)",1.1250522190082122,59.63515057654568,1.537572562613373,0,,,0.0,0.0,0.0,0.0,47.83815562828063,-10.793290467006656,False,False,False,False,True,4.375297254262033
2025-08-04 18:00:00+00:00,61.365,61.46,61.27,61.3,11492.0,56.59920429262687,58.05502953197798,,57.2875492011548,,,59.650258508529376,"rgba(239, 83, 80, 1.0)",1.1216395255272664,59.650258508529376,1.47083038170851,0,,,0.0,0.0,0.0,0.0,49.526063087746024,-9.11357982981336,False,False,False,False,True,3.991898081069092
2025-08-04 19:00:00+00:00,61.3,61.475,61.235,61.35,25276.0,56.623047000802835,58.09420780950217,,57.32296195860059,,,59.678783684484685,"rgba(239, 83, 80, 1.0)",1.116487413338793,59.678783684484685,1.4968519085384382,0,,,0.0,0.0,0.0,0.0,50.949292419176004,-7.492333681078151,False,False,True,False,True,4.260099347867847
2025-08-05 14:00:00+00:00,61.68,61.68,60.31,60.75,9216.0,56.630877899200044,58.106364807504924,,57.33432806938483,,,59.682081513625064,"rgba(239, 83, 80, 1.0)",1.1207005450661283,59.682081513625064,0.9529026206656496,0,,,0.0,0.0,0.0,0.0,48.24074551523481,-7.492333681078151,False,False,False,False,True,0.7563954701978446
2025-08-05 15:00:00+00:00,60.75,61.015,60.7,60.945,6394.0,56.63626042249566,58.11465828435633,,57.34211316970462,,,59.684115454801294,"rgba(239, 83, 80, 1.0)",1.1248354354111376,59.684115454801294,1.1209502345895084,1,0.10052255593789149,0.10052255593789149,0.0,0.0,0.0,0.0,47.75767387220816,-7.492333681078151,False,False,False,True,True,1.8290716383899586
2025-08-05 16:00:00+00:00,60.945,61.395,60.94,61.32,5240.0,56.641004771143876,58.12222694819934,,57.34906241517899,,,59.68824320916006,"rgba(239, 83, 80, 1.0)",1.1258918506940472,59.68824320916006,1.449301538006562,1,0.10317986919698859,0.10317986919698859,0.0,0.0,0.0,0.0,49.75089085521199,-7.492333681078151,False,False,False,False,True,3.8464020217016355
2025-08-05 17:00:00+00:00,61.32,61.675,61.3,61.62,6525.0,56.647302324882254,58.13254881909774,,57.35837900053885,,,59.69609611119182,"rgba(239, 83, 80, 1.0)",1.1258126474315895,59.69609611119182,1.7089023588403802,1,0.10592719545844767,0.10592719545844767,0.0,0.0,0.0,0.0,52.7009571169683,-4.524721876293285,True,False,True,False,True,5.412551776459718
2025-08-05 18:00:00+00:00,61.62,61.68,61.31,61.42,13093.0,56.65973121185534,58.152700844255484,,57.37667452749505,,,59.710127210831885,"rgba(239, 83, 80, 1.0)",1.1265156876823341,59.710127210831885,1.5178419687043747,1,0.10851556027544876,0.10851556027544876,0.0,0.0,0.0,0.0,53.240002812251944,-3.595012976597424,True,False,True,False,True,4.226268823378316
2025-08-05 19:00:00+00:00,61.415,61.745,61.36,61.565,33706.0,56.692005955762106,58.20480329257503,,57.42401458061174,,,59.74703700335122,"rgba(239, 83, 80, 1.0)",1.1230573898517864,59.74703700335122,1.6187623295802396,2,0.10594886836846784,0.21189773673693568,0.0,0.0,0.0,0.0,54.456026848958466,-1.9771662611837684,True,False,True,False,True,4.990340919000339
2025-08-06 14:00:00+00:00,63.76,64.08,62.555,63.21,17643.0,56.71466131812131,58.24515556103171,,57.45853492416131,63.28166666666667,,60.091294881191246,"rgba(38, 166, 154, 1.0)",1.1312473184477823,60.091294881191246,2.7568729383491686,2,0.1081760828734307,0.2163521657468614,0.0,0.0,0.0,0.0,61.27269415105768,4.67232854948378,True,False,True,False,True,12.767982922545446
2025-08-06 15:00:00+00:00,63.155,63.25,62.59,62.75,7264.0,56.72335249074948,58.260219121329385,,57.47161715956625,63.15966187551024,,60.101908447138136,"rgba(38, 166, 154, 1.0)",1.1308680513434572,60.101908447138136,2.341645030749577,2,0.11076118090302209,0.22152236180604418,0.0,0.0,0.0,0.0,62.91577662474083,6.3081270053453125,True,False,True,False,True,10.071245684262745
2025-08-06 16:00:00+00:00,62.75,62.885,62.185,62.19,8594.0,56.732863141681385,58.27621006995778,,57.48574719886679,62.969916669154166,,60.10745878173234,"rgba(38, 166, 154, 1.0)",1.124153234881834,60.10745878173234,1.8525421211695974,2,0.1135068839028309,0.2270137678056618,0.0,0.0,0.0,0.0,60.98145251849713,6.3081270053453125,True,False,True,False,True,6.943571378436939
2025-08-06 17:00:00+00:00,62.19,62.705,62.185,62.505,13315.0,56.747651887751324,58.301010500531675,,57.5076789316873,62.82631265664161,,60.123440257833366,"rgba(38, 166, 154, 1.0)",1.1207356094575114,60.123440257833366,2.1249969413566,2,0.11644642898726187,0.23289285797452375,0.0,0.0,0.0,0.0,60.83465305946484,6.3081270053453125,True,False,True,False,True,8.350055943425076
2025-08-06 18:00:00+00:00,62.505,62.72,62.44,62.465,14328.0,56.76369301044195,58.327857140753125,,57.531426095692424,62.759610973003625,,60.14518203078798,"rgba(38, 166, 154, 1.0)",1.1157274845676297,60.14518203078798,2.0791976547131563,2,0.12111121754836354,0.24222243509672708,0.0,0.0,0.0,0.0,60.5089392998879,6.3081270053453125,True,False,True,False,True,8.127451594833175
2025-08-06 19:00:00+00:00,62.465,63.01,62.465,62.935,40222.0,56.81027113902298,58.406006198522924,,57.600328114828805,62.776959993160105,,60.221696742117345,"rgba(38, 166, 154, 1.0)",1.1123077098722403,60.221696742117345,2.4393459056346085,2,0.12512543489872502,0.25025086979745004,0.0,0.0,0.0,0.0,62.02949946621971,6.5197589557342255,True,False,True,False,True,10.2023590650398
2025-08-07 14:00:00+00:00,62.37,62.37,61.55,61.655,16179.0,56.8258824192796,58.43008554593382,,57.6225961147571,62.65051938973726,,60.22934712283918,"rgba(38, 166, 154, 1.0)",1.1020568525743537,60.22934712283918,1.293629156999081,2,0.13102854138703704,0.2620570827740741,0.0,0.0,0.0,0.0,56.86945033307464,6.5197589557342255,True,False,True,False,False,3.438906806014206
2025-08-07 15:00:00+00:00,61.655,61.71,60.96,60.96,17218.0,56.84026378309337,58.45056807050863,,57.6424513917217,62.466471373200854,,60.224486446331525,"rgba(239, 83, 80, 1.0)",1.093618742960607,60.224486446331525,0.6725502451405676,2,0.13729980294863753,0.27459960589727506,0.0,0.0,0.0,0.0,51.13122078958038,7.119581417764856,True,False,False,False,False,0.13441646855038059
2025-08-07 16:00:00+00:00,60.925,61.19,60.7,61.075,14170.0,56.85143190637277,58.46586362268163,,57.65762258497954,62.32583621494229,,60.21837468503166,"rgba(239, 83, 80, 1.0)",1.0782279924039186,60.21837468503166,0.7944751212204081,2,0.14528215327861238,0.29056430655722476,0.0,0.0,0.0,0.0,47.84545638574784,4.179101191007945,False,False,False,True,False,0.6631828994918934
2025-08-07 17:00:00+00:00,61.08,61.195,60.74,60.96,8046.0,56.857711038269095,58.47438736038784,,57.66611607811124,62.25608619624282,,60.215349666806205,"rgba(239, 83, 80, 1.0)",1.0615027254019727,60.215349666806205,0.7015058137620984,2,0.15429541352646675,0.3085908270529335,0.0,0.0,0.0,0.0,45.251821631293836,1.8124659931173426,False,False,False,True,False,0.12177891226473392
2025-08-07 18:00:00+00:00,60.97,61.0,60.455,60.68,11505.0,56.86610462017383,58.485245465577194,,57.677258591477305,62.15062486645617,,60.34329812667905,"rgba(239, 83, 80, 1.0)",1.0510532169517601,60.34329812667905,0.3203471221918169,2,0.16074092905659948,0.32148185811319896,0.0,0.0,0.0,0.0,42.530509710654734,-0.7538607937302118,False,True,False,True,False,0.0
2025-08-07 19:00:00+00:00,60.68,61.05,60.59,60.905,25290.0,56.88507844265435,58.51018953249911,,57.70255782010768,61.98065906674786,,60.33800590845284,"rgba(239, 83, 80, 1.0)",1.0350682094422452,60.33800590845284,0.5477842777653155,2,0.16839880039645605,0.3367976007929121,0.0,0.0,0.0,0.0,42.03616238241892,-1.3682080833404555,False,True,False,True,False,0.0
2025-08-08 14:00:00+00:00,61.61,61.965,61.42,61.5,11639.0,56.895456609896996,58.52526412887398,,57.71691937364842,61.96069577712544,,60.35379559414796,"rgba(239, 83, 80, 1.0)",1.0201222678881277,60.35379559414796,1.1235951237736714,2,0.17642878868274475,0.3528575773654895,0.0,0.0,0.0,0.0,44.8057587385863,-1.3682080833404555,False,False,False,True,False,2.6424251080026657
2025-08-08 15:00:00+00:00,61.5,61.995,61.485,61.82,7413.0,56.90223543769468,58.535214187929,,57.726333315041146,61.95393749667178,,60.363698868294684,"rgba(239, 83, 80, 1.0)",1.0078598188310655,60.363698868294684,1.4449441326020536,2,0.1845020104209616,0.3690040208419232,0.0,0.0,0.0,0.0,48.09397016905783,-1.3682080833404555,False,False,False,False,True,4.071117883642952
2025-08-08 16:00:00+00:00,61.82,62.02,61.56,61.56,3219.0,56.90514097565918,58.539444879123586,,57.730353801628524,61.95035257315221,,60.36727359338143,"rgba(239, 83, 80, 1.0)",0.9980206762738149,60.36727359338143,1.1950918803322885,2,0.19152060596890827,0.38304121193781654,0.0,0.0,0.0,0.0,48.94210446193624,-7.4562690585241995,True,False,False,False,True,2.7975616518289677
2025-08-08 17:00:00+00:00,61.57,61.865,61.53,61.71,5282.0,56.90988947515929,58.54633716511933,,57.73691413463957,61.944417648999,,60.372663586794374,"rgba(239, 83, 80, 1.0)",0.9987082512780919,60.372663586794374,1.3390661501936898,2,0.19630111298719333,0.39260222597438665,0.0,0.0,0.0,0.0,50.25915496970096,-5.912340889961904,True,False,False,False,True,3.4757423744395375
2025-08-08 18:00:00+00:00,61.71,61.845,61.535,61.56,3588.0,56.91307275381266,58.55092059225907,,57.74129649437893,61.93966771891604,,60.375771575600695,"rgba(239, 83, 80, 1.0)",0.9992785550738119,60.375771575600695,1.185083396803041,2,0.19889168899387816,0.3977833779877563,0.0,0.0,0.0,0.0,50.27539784849131,-5.505660761753624,True,False,False,False,True,2.7307355040851675
2025-08-08 19:00:00+00:00,61.56,61.625,61.25,61.285,13608.0,56.92444600442873,58.56673174127168,,57.75672770305606,61.9081183994835,,60.380924867807096,"rgba(239, 83, 80, 1.0)",1.0026007711477598,60.380924867807096,0.9017299389845187,2,0.19938188764672388,0.39876377529344775,0.0,0.0,0.0,0.0,48.75048542082402,-5.505660761753624,True,False,False,False,True,1.3743359102391715
2025-08-11 14:00:00+00:00,61.36,61.535,61.03,61.145,11178.0,56.93343255100181,58.57890430462897,,57.76878617385526,61.87806050035844,,60.382425393372806,"rgba(239, 83, 80, 1.0)",1.0076134411800115,60.382425393372806,0.7568126579714435,2,0.19994489153754058,0.39988978307508116,0.0,0.0,0.0,0.0,46.97468705102325,-5.505660761753624,False,False,False,True,False,0.6882279194681722
2025-08-11 15:00:00+00:00,61.14,61.53,61.03,61.49,8664.0,56.94055501266334,58.58866217954893,,57.77837886213955,61.86035254388173,,60.385110414810995,"rgba(239, 83, 80, 1.0)",1.008651843075855,60.385110414810995,1.0954122502960757,2,0.20022166722557544,0.4004433344511509,0.0,0.0,0.0,0.0,48.08014015726859,-5.505660761753624,True,False,False,False,False,2.329823702757235
2025-08-11 16:00:00+00:00,61.515,61.715,61.34,61.39,4061.0,56.943985010319246,58.593429245492295,,57.78302259433437,61.85449244104371,,60.3871184603373,"rgba(239, 83, 80, 1.0)",1.009797401854735,60.3871184603373,0.9931512378826386,2,0.20011513139474763,0.40023026278949525,0.0,0.0,0.0,0.0,48.17879916264741,-5.505660761753624,True,False,False,False,False,1.827848675997707
2025-08-11 17:00:00+00:00,61.4,61.855,61.385,61.69,3372.0,56.946930459707396,58.59759649021862,,57.78703777036525,61.851813607827516,,60.38952511383186,"rgba(239, 83, 80, 1.0)",0.9968884564455431,60.38952511383186,1.3045340005290553,2,0.20014389642464264,0.4002877928492853,0.0,0.0,0.0,0.0,50.20413808307811,-4.179334476799191,True,False,False,False,True,3.2535568713241787
2025-08-11 18:00:00+00:00,61.71,61.775,61.555,61.665,5327.0,56.9515975218592,58.60420330965159,,57.793399394486094,61.84814313815892,,60.39340621056921,"rgba(239, 83, 80, 1.0)",0.9833750120956908,60.39340621056921,1.2930914186245883,2,0.2001652146593738,0.4003304293187476,0.0,0.0,0.0,0.0,51.36333165560025,-2.828224610044785,True,False,False,False,True,3.1241186217539365
2025-08-11 19:00:00+00:00,61.665,61.705,61.32,61.36,9920.0,56.959890149282494,58.61561875108483,,57.80457136250515,61.83450174052793,,60.39773692796142,"rgba(239, 83, 80, 1.0)",0.9751444707008943,60.39773692796142,0.9867902664175964,2,0.20002191180208628,0.40004382360417257,0.0,0.0,0.0,0.0,49.87038628439315,-2.828224610044785,True,False,False,False,True,1.5478675452005781
2025-08-12 14:00:00+00:00,62.005,62.755,61.97,62.75,7014.0,56.967072447397825,58.62653642860156,,57.81464282143813,61.85050316659668,,60.41003788388313,"rgba(239, 83, 80, 1.0)",0.9680959858596807,60.41003788388313,2.4170765608938645,2,0.19967180792696648,0.39934361585393297,0.0,0.0,0.0,0.0,55.844589969927114,1.4491862132564677,True,False,True,False,True,7.848509587948552
2025-08-12 15:00:00+00:00,62.735,62.88,62.595,62.67,6776.0,56.97427312425931,58.637631464912204,,57.824794161523755,61.87037133198797,,60.4233900772016,"rgba(239, 83, 80, 1.0)",0.9608627785896744,60.4233900772016,2.3381173387691274,2,0.19946141697416778,0.39892283394833555,0.0,0.0,0.0,0.0,59.265746683547036,4.483216760764037,True,False,True,False,True,7.433238333009129
2025-08-12 16:00:00+00:00,62.67,63.04,62.6,62.87,5745.0,56.980493156098916,58.6472705686656,,57.83358135493463,61.88884018120524,,60.65855531626354,"rgba(38, 166, 154, 1.0)",0.9559226098570045,60.65855531626354,2.31341393218774,2,0.1991807298550572,0.3983614597101144,0.0,0.0,0.0,0.0,62.28463018330069,7.143752361141743,True,False,True,False,True,8.286291667960718
2025-08-12 17:00:00+00:00,62.88,62.985,62.75,62.83,2959.0,56.98370169062729,58.65223965677228,,57.838111786007005,61.898258631235755,,60.66464419865097,"rgba(38, 166, 154, 1.0)",0.9524068940802995,60.66464419865097,2.273561662360734,2,0.19932023295967888,0.39864046591935776,0.0,0.0,0.0,0.0,63.96728005580602,8.634429703682294,True,False,True,False,True,8.072247715448842
2025-08-12 18:00:00+00:00,62.845,62.845,62.49,62.49,7678.0,56.991661771402875,58.6643253015388,,57.84925317298591,61.91577680525166,,60.67152239712779,"rgba(38, 166, 154, 1.0)",0.9500643553355061,60.67152239712779,1.9140572874455817,2,0.19976983470786047,0.39953966941572094,0.0,0.0,0.0,0.0,62.35805377287792,8.634429703682294,True,False,True,False,True,6.260891485881114
2025-08-12 19:00:00+00:00,62.49,62.705,62.49,62.65,25492.0,57.017960669349556,58.703993963015286,,57.88592501387781,61.968714498275986,,60.70646735540849,"rgba(38, 166, 154, 1.0)",0.9476010155569045,60.70646735540849,2.0510031254549617,2,0.2001905461086717,0.4003810922173434,0.0,0.0,0.0,0.0,62.10952450890693,8.634429703682294,True,False,True,False,True,6.973159104398462
2025-08-13 14:00:00+00:00,62.515,62.965,62.46,62.5,5764.0,57.02390122417606,58.712913679737845,,57.89418510984149,61.98004063580684,,60.71473197767299,"rgba(38, 166, 154, 1.0)",0.9432085980626195,60.71473197767299,1.8927605473423454,2,0.2012313278317442,0.4024626556634884,0.0,0.0,0.0,0.0,60.71159389640249,8.634429703682294,True,False,True,False,False,6.168573203669716
2025-08-13 15:00:00+00:00,62.53,62.82,62.495,62.69,7018.0,57.0311515217905,58.72379288703942,,57.904259869167895,61.993861987862374,,60.72497988096467,"rgba(38, 166, 154, 1.0)",0.9359293545757342,60.72497988096467,2.099538933604762,2,0.2022213306334743,0.4044426612669486,0.0,0.0,0.0,0.0,60.88456621673434,8.634429703682294,True,False,True,False,False,7.030854217313973
2025-08-13 16:00:00+00:00,62.71,62.815,62.29,62.41,5738.0,57.03689426852994,58.73227700667825,,57.91218424355368,62.00211837997463,,60.73141074704186,"rgba(38, 166, 154, 1.0)",0.9281883303383918,60.73141074704186,1.8084576137109654,2,0.20423427495838675,0.4084685499167735,0.0,0.0,0.0,0.0,58.642470385082134,8.634429703682294,True,False,True,False,False,5.514109811532798
2025-08-13 17:00:00+00:00,62.41,62.56,62.19,62.305,11055.0,57.047615207512706,58.74785589628184,,57.92686772460025,62.01266827106838,,60.74086536904514,"rgba(38, 166, 154, 1.0)",0.9227690749941514,60.74086536904514,1.6950444844120667,2,0.2073964145561269,0.4147928291122538,0.0,0.0,0.0,0.0,56.30894945964015,10.904931049540608,True,False,True,False,False,4.948456358495893
2025-08-13 18:00:00+00:00,62.31,62.44,62.18,62.23,7851.0,57.05510498527453,58.758630217800956,,57.93707660914215,62.01834801609047,,60.74688115028739,"rgba(38, 166, 154, 1.0)",0.9154389632822567,60.74688115028739,1.6201176803693842,2,0.2112815992139176,0.4225631984278352,0.0,0.0,0.0,0.0,54.13369130961342,8.730505934525716,True,False,True,False,False,4.54115465473825
2025-08-13 19:00:00+00:00,62.255,62.67,62.1,62.5,29461.0,57.083767948706544,58.80006498170794,,57.976183052049414,62.04791043105814,,60.77614927309037,"rgba(38, 166, 154, 1.0)",0.9081186720480541,60.77614927309037,1.8982659204901937,2,0.21481902441700448,0.42963804883400897,0.0,0.0,0.0,0.0,54.813128926505144,8.730505934525716,True,False,True,False,False,5.835545770161705
2025-08-14 14:00:00+00:00,62.45,62.5,62.17,62.4,6374.0,57.08985213787309,58.80874388412808,,57.98442884724697,62.052710812173274,,60.781753319852065,"rgba(38, 166, 154, 1.0)",0.8997553321083781,60.781753319852065,1.7985408059276844,2,0.21914214111951635,0.4382842822390327,0.0,0.0,0.0,0.0,54.32348871391399,8.600761685649331,True,False,True,False,False,5.278183331634494
2025-08-14 15:00:00+00:00,62.43,62.52,61.905,62.08,3214.0,57.092805171103755,58.81287260525047,,57.988396320745636,62.05361019545774,,60.78374256928937,"rgba(38, 166, 154, 1.0)",0.8899261635531225,60.78374256928937,1.4565898653155482,2,0.22246193929374503,0.44492387858749005,0.0,0.0,0.0,0.0,51.268950479910416,5.54993293391928,False,False,False,False,False,3.5105696521173115
2025-08-14 16:00:00+00:00,62.06,62.06,61.67,61.78,12358.0,57.10338792957009,58.82709381426902,,58.00237671897607,62.04731002266916,,60.78613978927623,"rgba(38, 166, 154, 1.0)",0.8812436543761226,60.78613978927623,1.127792757188565,2,0.22494155956277942,0.44988311912555884,0.0,0.0,0.0,0.0,47.135998241182186,1.661410689558572,False,True,False,True,False,1.8909601989926976
2025-08-14 17:00:00+00:00,61.765,62.0,61.66,61.94,12015.0,57.11369671586041,58.840929195728386,,58.01597763004634,62.042349686250425,,60.78941759688253,"rgba(38, 166, 154, 1.0)",0.8796788777319445,60.78941759688253,1.3079572924201477,2,0.22730543602701614,0.4546108720540323,0.0,0.0,0.0,0.0,45.952183660751395,0.571396265631023,False,True,False,True,False,2.7026261886701093
2025-08-14 18:00:00+00:00,61.94,62.09,61.84,62.035,11008.0,57.123343179941465,58.85400018272243,,58.028745924106296,62.041024099071514,,60.79433921255111,"rgba(38, 166, 154, 1.0)",0.878178150983427,60.79433921255111,1.412766630619921,2,0.22731417395442963,0.45462834790885925,0.0,0.0,0.0,0.0,46.08426254106756,0.571396265631023,False,True,False,True,False,3.185679287390446
2025-08-14 19:00:00+00:00,62.025,62.23,61.95,62.18,22315.0,57.143307530173935,58.88126606860447,,58.055231476485275,62.04476676647981,,60.80799310149829,"rgba(38, 166, 154, 1.0)",0.8756535525788443,60.80799310149829,1.5668375860077073,2,0.2274686248490596,0.4549372496981192,0.0,0.0,0.0,0.0,47.56002432069699,0.571396265631023,False,True,False,True,False,3.9252943404202725
2025-08-15 14:00:00+00:00,61.825,61.825,61.38,61.56,5518.0,57.14769491647097,58.886842953576256,,58.06087823068728,62.03948001111118,,60.808047306607136,"rgba(38, 166, 154, 1.0)",0.872395960393857,60.808047306607136,0.8619396782321012,2,0.2271844148857575,0.454368829771515,0.0,0.0,0.0,0.0,43.967406944465324,-1.5125296899215286,False,True,False,True,False,0.531239105801184
2025-08-15 15:00:00+00:00,61.56,61.645,61.35,61.47,3824.0,57.15066196344132,58.89055173691217,,58.06467024470214,62.035091239051965,,60.80770394726395,"rgba(239, 83, 80, 1.0)",0.869027244308924,60.80770394726395,0.7621119557220827,2,0.22672220941208426,0.4534444188241685,0.0,0.0,0.0,0.0,41.05123263327847,-4.2433363285706065,False,True,False,True,False,0.053163655040005864
2025-08-15 16:00:00+00:00,61.475,61.64,61.38,61.57,7352.0,57.15640969563414,58.89776648659437,,58.072025665773076,62.02747510121543,,60.807499107487125,"rgba(239, 83, 80, 1.0)",0.8611706729375666,60.807499107487125,0.8854236639432743,2,0.22652700026703287,0.45305400053406575,0.0,0.0,0.0,0.0,40.19644347982825,-5.082228497777663,False,True,False,True,False,0.5871732387417019
2025-08-15 17:00:00+00:00,61.535,61.595,61.41,61.515,5817.0,57.16092249242052,58.90339664865751,,58.07778416271926,62.02133485410154,,60.80728408264171,"rgba(239, 83, 80, 1.0)",0.8512705131074979,60.80728408264171,0.8313643036628039,2,0.22636391301537234,0.4527278260307447,0.0,0.0,0.0,0.0,39.23826480515741,-6.123268355961557,False,True,False,True,False,0.2861172577075095
2025-08-15 18:00:00+00:00,61.515,61.68,61.385,61.555,4227.0,57.16422101474775,58.90752485025522,,58.08199711292834,62.01724617075751,,60.80732945987718,"rgba(239, 83, 80, 1.0)",0.8406418236535074,60.80732945987718,0.8894044039747787,2,0.22868172191785535,0.4573634438357107,0.0,0.0,0.0,0.0,39.10439307782782,-6.482322741561774,False,True,False,True,False,0.5063033620180981
2025-08-15 19:00:00+00:00,61.56,61.565,61.355,61.4,8474.0,57.17066794456006,58.91544906883278,,58.09016879240815,62.00758076594771,,60.80663563808339,"rgba(239, 83, 80, 1.0)",0.8309937879885128,60.80663563808339,0.7140418743115906,2,0.23093690824167212,0.46187381648334425,0.0,0.0,0.0,0.0,37.781283069836434,-7.99377001727165,False,True,False,True,False,0.0
2025-08-18 14:00:00+00:00,61.12,61.285,60.87,61.115,2677.0,57.17253390680143,58.91759646249373,,58.092473167909844,62.00275271292081,,60.80546846286738,"rgba(239, 83, 80, 1.0)",0.821145332847653,60.80546846286738,0.37695097901755736,2,0.2318715445385888,0.4637430890771776,0.0,0.0,0.0,0.0,34.97044049192546,-10.813062065247038,False,True,False,True,False,0.0
2025-08-18 15:00:00+00:00,61.11,61.195,61.06,61.15,3409.0,57.17493479401606,58.9203814269111,,58.09544650981194,61.99697704704226,,60.80418010895344,"rgba(239, 83, 80, 1.0)",0.8222156015883684,60.80418010895344,0.4205951460644869,2,0.2332916790808078,0.4665833581616156,0.0,0.0,0.0,0.0,33.62046467598401,-12.202107858148658,False,True,False,True,False,0.0
2025-08-18 16:00:00+00:00,61.155,61.23,60.975,61.035,1820.0,57.176197605180505,58.9218285492398,,58.097002861201695,61.993730150701,,60.80340451496122,"rgba(239, 83, 80, 1.0)",0.8230178645723523,60.80340451496122,0.2813978833364853,2,0.23439808364420925,0.4687961672884185,0.0,0.0,0.0,0.0,31.937316981089715,-13.909042667442733,False,True,False,True,False,0.0
2025-08-18 17:00:00+00:00,61.03,61.17,60.96,61.035,4670.0,57.1794134349933,58.92549000142366,,58.1009555335166,61.98527798129056,,60.80134720896994,"rgba(239, 83, 80, 1.0)",0.8194594845669182,60.80134720896994,0.2851303760960653,2,0.23568354184226034,0.4713670836845207,0.0,0.0,0.0,0.0,30.81521851782685,-15.100300651653868,False,True,False,True,False,0.0
2025-08-18 18:00:00+00:00,61.02,61.155,60.935,61.085,4798.0,57.18271469553349,58.929244610510736,,58.105010127795246,61.97678176487746,,60.799328051088864,"rgba(239, 83, 80, 1.0)",0.8111741739850797,60.799328051088864,0.35217091233034187,2,0.23681436478576992,0.47362872957153984,0.0,0.0,0.0,0.0,31.022735132806325,-15.100300651653868,False,True,False,True,False,0.0
2025-08-18 19:00:00+00:00,61.09,61.265,61.02,61.24,10931.0,57.19044059311167,58.93821537779214,,58.11456935507477,61.960381454860986,,60.79627427594592,"rgba(239, 83, 80, 1.0)",0.8058945731687871,60.79627427594592,0.5506002135109909,2,0.2373019520136561,0.4746039040273122,0.0,0.0,0.0,0.0,33.96715985124622,-15.100300651653868,False,True,False,True,True,0.0
2025-08-19 14:00:00+00:00,60.74,60.98,60.49,60.49,5926.0,57.19406980877604,58.94192153139816,,58.11884771609313,61.94604638645158,,60.79169537197466,"rgba(239, 83, 80, 1.0)",0.8149321145661107,60.79169537197466,-0.3702092071009981,2,0.23590097016237693,0.47180194032475387,0.0,0.0,0.0,0.0,30.60782548992931,-15.2842664518924,False,True,False,True,False,0.0
2025-08-19 15:00:00+00:00,60.49,60.755,60.435,60.625,2975.0,57.195863482526285,58.94372370495351,,58.12094927169331,61.93870306289859,,60.789311435951234,"rgba(239, 83, 80, 1.0)",0.8209400072449505,60.789311435951234,-0.20015035751839896,3,0.27203780260207905,0.8161134078062371,0.0,0.0,0.0,0.0,30.27197671176321,-15.62835870449328,False,True,False,True,False,0.0
2025-08-19 16:00:00+00:00,60.615,60.695,60.26,60.355,4456.0,57.19841406608804,58.946142956196276,,58.123877516697,61.92648393865375,,60.78508031612429,"rgba(239, 83, 80, 1.0)",0.8323007566675621,60.78508031612429,-0.5167366636145838,3,0.271567651027208,0.8147029530816239,0.0,0.0,0.0,0.0,28.622865354704054,-17.281821332834525,False,True,False,True,False,0.0
2025-08-19 17:00:00+00:00,60.355,60.465,60.255,60.31,1896.0,57.199466861884936,58.947105647731746,,58.125071031754416,61.9210229115498,,60.783136456255704,"rgba(239, 83, 80, 1.0)",0.8192227859213991,60.783136456255704,-0.5775430864310668,3,0.27051139429208093,0.8115341828762428,0.0,0.0,0.0,0.0,27.300859135022698,-18.638224276666737,False,True,False,True,False,0.0
2025-08-19 18:00:00+00:00,60.315,60.33,60.105,60.205,7435.0,57.20341808494878,58.95051768810273,,58.12946537760979,61.89823164627782,,60.77475453172301,"rgba(239, 83, 80, 1.0)",0.8193326607726892,60.77475453172301,-0.6953885265426799,3,0.2683337322225216,0.8050011966675648,0.0,0.0,0.0,0.0,25.887439021035306,-20.09475294624436,False,True,False,True,False,0.0
2025-08-19 19:00:00+00:00,60.17,60.19,59.945,60.015,15294.0,57.21107408123203,58.956578489907095,,58.13774280923834,61.848846789743654,,60.756030385375254,"rgba(239, 83, 80, 1.0)",0.8148034914809674,60.756030385375254,-0.9094590206386752,3,0.265765645314091,0.797296935942273,0.0,0.0,0.0,0.0,24.05007569246274,-21.93668173884623,False,True,False,True,False,0.0
2025-08-20 14:00:00+00:00,58.88,59.265,58.74,58.915,5242.0,57.21269710019493,58.95661008636285,,58.13897535149347,61.8227510599511,,60.74465710056059,"rgba(239, 83, 80, 1.0)",0.8354461396476127,60.74465710056059,-2.190035974470274,3,0.25636802430392824,0.7691040729117847,0.0,0.0,0.0,0.0,19.895834419036287,-25.838950484656433,False,True,False,True,False,0.0
2025-08-20 15:00:00+00:00,58.92,59.49,58.91,59.055,7518.0,57.21525484272678,58.95713621373711,,58.141113180278055,61.78843235538908,,60.72994645884736,"rgba(239, 83, 80, 1.0)",0.8518397578023814,60.72994645884736,-1.9662694110080854,3,0.24938761511426785,0.7481628453428035,0.0,0.0,0.0,0.0,18.84046140557074,-26.79813238295332,False,True,False,True,False,0.0
2025-08-20 16:00:00+00:00,59.09,59.35,59.055,59.225,6159.0,57.21740818000322,58.95769374111593,,58.142958556859554,61.76157522941057,,60.71851309298489,"rgba(239, 83, 80, 1.0)",0.8702698401038854,60.71851309298489,-1.7161494333833378,3,0.24428957439448098,0.732868723183443,0.0,0.0,0.0,0.0,20.179962320806855,-26.79813238295332,False,True,False,True,False,0.0
2025-08-20 17:00:00+00:00,59.22,59.4,59.18,59.325,6237.0,57.21968415379377,58.958460044532245,,58.14498080409577,61.73589899336442,,60.707698055898035,"rgba(239, 83, 80, 1.0)",0.9056570607639306,60.707698055898035,-1.5267346944015576,3,0.24001375922666499,0.7200412776799949,0.0,0.0,0.0,0.0,22.267307059730385,-26.79813238295332,False,True,False,True,True,0.0
2025-08-20 18:00:00+00:00,59.32,59.325,58.98,59.17,5198.0,57.22144686179115,58.95883045750905,,58.14645260836482,61.71366993621832,,60.69819799861732,"rgba(239, 83, 80, 1.0)",0.9444154252739354,60.69819799861732,-1.6181417178505415,3,0.23395059411313804,0.7018517823394141,0.0,0.0,0.0,0.0,22.998481804507882,-26.79813238295332,False,True,False,True,True,0.0
2025-08-20 19:00:00+00:00,59.165,59.485,59.16,59.35,15390.0,57.22711243187189,58.960865040498796,,58.15152748019745,61.65436292075635,,60.67334175238009,"rgba(239, 83, 80, 1.0)",0.9754345393415162,60.67334175238009,-1.356668950100365,3,0.22943815073385299,0.688314452201559,0.0,0.0,0.0,0.0,25.730917215861805,-28.676071451822516,False,True,False,True,True,0.0
2025-08-21 14:00:00+00:00,58.955,59.245,58.94,59.04,2582.0,57.22794441305708,58.96096943946615,,58.15219039544525,61.64363332286138,,60.66871825094025,"rgba(239, 83, 80, 1.0)",1.0141061035163172,60.66871825094025,-1.6060629605648027,3,0.2242725411183013,0.6728176233549039,0.0,0.0,0.0,0.0,26.02083413592997,-28.271921556089392,False,True,False,True,True,0.0
2025-08-21 15:00:00+00:00,59.04,59.06,58.545,58.58,3762.0,57.22892801541567,58.960659812499564,,58.152792362648135,61.62607057165019,,60.660922909145384,"rgba(239, 83, 80, 1.0)",1.0654792010770506,60.660922909145384,-1.9530394465155805,3,0.2173981108878591,0.6521943326635773,0.0,0.0,0.0,0.0,24.464106499786254,-28.271921556089392,False,True,False,True,True,0.0
2025-08-21 16:00:00+00:00,58.58,58.73,58.525,58.655,2789.0,57.229611858486464,58.9603404389902,,58.15316687711611,61.612778634241856,,60.6428773358036,"rgba(239, 83, 80, 1.0)",1.1108181304420561,60.6428773358036,-1.7895614784505804,3,0.21177392850681565,0.6353217855204469,-1.0,0.0,58.525,728.0,24.34220028085211,-28.271921556089392,False,True,False,True,True,0.0
2025-08-21 17:00:00+00:00,58.67,58.945,58.585,58.93,10342.0,57.232471502448604,58.959829325493054,,58.155075255787544,61.56747906204224,,60.63011774643621,"rgba(239, 83, 80, 1.0)",1.1432692257392354,60.63011774643621,-1.4870668326936907,3,0.20850420481660134,0.625512614449804,0.0,0.0,0.0,0.0,27.447801700717946,-26.557411124842858,False,True,False,True,True,0.0
2025-08-21 18:00:00+00:00,58.915,59.045,58.84,59.04,4129.0,57.23372152376031,58.95985135215762,,58.15601101863504,61.5507985327094,,60.62516077466911,"rgba(239, 83, 80, 1.0)",1.1723899053173228,60.62516077466911,-1.3520764444317424,3,0.20626122379342404,0.6187836713802721,0.0,0.0,0.0,0.0,30.70441848705025,-23.475598703427565,False,True,False,True,True,0.0
2025-08-21 19:00:00+00:00,59.02,59.06,58.895,59.01,8405.0,57.23627997821733,58.95993528369854,,58.157940179309804,61.517670614070184,,60.61334471619301,"rgba(239, 83, 80, 1.0)",1.201558979818243,60.61334471619301,-1.334387028122039,3,0.2042239937038908,0.6126719811116724,0.0,0.0,0.0,0.0,32.67462302975173,-21.647088720924014,False,True,False,True,True,0.0
2025-08-22 14:00:00+00:00,59.49,60.94,59.49,60.915,4479.0,57.23877391480858,58.96226893506735,,58.16076567178641,61.51035396085107,,60.6227477473959,"rgba(38, 166, 154, 1.0)",1.2014521993767637,60.6227477473959,0.2432491719235292,3,0.20605953111462672,0.6181785933438801,0.0,0.0,0.0,0.0,45.3198179889715,-10.184229306125857,True,False,False,False,True,0.5689030504964414
2025-08-22 15:00:00+00:00,60.915,61.05,60.73,60.74,4594.0,57.241639525921,58.96528376177051,,58.16415142718536,61.505682263736894,,60.633348661167204,"rgba(38, 166, 154, 1.0)",1.2027119955101557,60.633348661167204,0.08867570892361411,4,0.22007912104697325,0.880316484187893,0.0,0.0,0.0,0.0,52.513874255360065,-4.246111523002092,True,False,True,False,True,0.0
2025-08-22 16:00:00+00:00,60.75,60.905,60.625,60.65,3067.0,57.24348992397235,58.967169755549676,,58.166311497457556,61.502074620901,,60.63815181474706,"rgba(38, 166, 154, 1.0)",1.2040135284025901,60.63815181474706,0.009840574855214878,4,0.22036441393489492,0.8814576557395797,0.0,0.0,0.0,0.0,56.65229410195536,-1.0549348592213121,True,False,True,False,True,0.0
2025-08-22 17:00:00+00:00,60.675,60.905,60.67,60.775,5477.0,57.246843131418466,58.97063585304849,,58.17024504561473,61.496179372788305,,60.64537942773897,"rgba(38, 166, 154, 1.0)",1.1824856321622483,60.64537942773897,0.10961703781889176,4,0.22102410843164128,0.8840964337265651,0.0,0.0,0.0,0.0,59.92615821476007,1.5935963637487092,True,False,True,False,True,0.0
2025-08-22 18:00:00+00:00,60.775,60.855,60.69,60.825,4223.0,57.24942912834108,58.973309137579484,,58.17327763152273,61.49174139696299,,60.64969856920196,"rgba(38, 166, 154, 1.0)",1.1691064078143945,60.64969856920196,0.14994480367767704,4,0.22245529494911806,0.8898211797964722,0.0,0.0,0.0,0.0,62.32593587324203,3.686485680928719,True,False,True,False,True,0.11316755877954421
2025-08-22 19:00:00+00:00,60.825,61.11,60.825,60.995,9186.0,57.255337136848574,58.97969182397792,,58.180318868936766,61.48479517233889,,60.65933470154054,"rgba(38, 166, 154, 1.0)",1.1631443288472916,60.65933470154054,0.2885843915794302,4,0.22462868834962835,0.8985147533985134,0.0,0.0,0.0,0.0,64.68406494621041,5.957971315859552,True,False,True,False,True,1.0652214576686951
2025-08-25 14:00:00+00:00,61.385,61.385,60.58,60.78,3811.0,57.25774217586374,58.98224648935798,,58.18316550868552,61.481624971349085,60.915000000000006,60.75870103657087,"rgba(38, 166, 154, 1.0)",1.1530801875493344,60.75870103657087,0.018471363621639342,4,0.22606180764395178,0.9042472305758071,0.0,1.0,61.385,809.0,64.18271527997706,5.957971315859552,True,False,True,False,True,0.0
2025-08-25 15:00:00+00:00,60.79,60.8,60.48,60.545,5831.0,57.26110783485313,58.98552408563631,,58.18702189525306,61.474253570739265,60.72954331743069,60.75002945290977,"rgba(38, 166, 154, 1.0)",1.1443435389493082,60.75002945290977,-0.17916774633779983,4,0.22624759108216203,0.9049903643286481,0.0,0.0,0.0,0.0,61.7578169895194,5.957971315859552,True,False,True,False,True,0.0
2025-08-25 16:00:00+00:00,60.545,60.73,60.39,60.49,9083.0,57.2662251402281,58.990379074805205,,58.19282757172354,61.4620856771775,60.63598397863819,60.7446096105954,"rgba(38, 166, 154, 1.0)",1.1262003326180845,60.7446096105954,-0.22607843668763847,5,0.21814790099537046,1.0907395049768522,0.0,0.0,0.0,0.0,59.658026071879306,5.957971315859552,True,False,True,False,False,0.0
2025-08-25 17:00:00+00:00,60.475,60.525,60.385,60.41,4621.0,57.268745680589625,58.992683733630614,,58.195648864004426,61.455381587613445,60.5971918101602,60.741461561653885,"rgba(38, 166, 154, 1.0)",1.126678279699153,60.741461561653885,-0.2941936199767657,5,0.2179831338711083,1.0899156693555414,0.0,0.0,0.0,0.0,57.518460216514946,5.957971315859552,True,False,True,False,False,0.0
2025-08-25 18:00:00+00:00,60.415,60.6,60.37,60.495,1506.0,57.26957877535425,58.99345827762681,,58.19658657133846,61.45331876319035,60.59059512312892,60.74081935480625,"rgba(38, 166, 154, 1.0)",1.128492776204546,60.74081935480625,-0.21782979917072579,5,0.21925160047108533,1.0962580023554267,0.0,0.0,0.0,0.0,56.803562969952836,5.957971315859552,True,False,True,False,False,0.0
2025-08-25 19:00:00+00:00,60.495,60.5,60.08,60.08,19747.0,57.27955539255671,59.00173075651031,,58.207380037985935,61.41976160064598,60.42650754501222,60.72138105046203,"rgba(38, 166, 154, 1.0)",1.1340299740226802,60.72138105046203,-0.5655768058642184,5,0.21902259417562764,1.0951129708781382,0.0,0.0,0.0,0.0,52.6269075153592,9.736486440112415,True,False,False,False,False,0.0
2025-08-26 14:00:00+00:00,59.97,60.34,59.97,60.23,5295.0,57.282182846442204,59.003857808031334,,58.21019753743805,61.41078202371381,60.40034693550327,60.716861316266,"rgba(38, 166, 154, 1.0)",1.1378239069571106,60.716861316266,-0.42788810578608544,5,0.21977954082078774,1.0988977041039387,0.0,0.0,0.0,0.0,51.24247604901315,8.117158302182148,True,False,False,False,False,0.0
2025-08-26 15:00:00+00:00,60.22,60.36,60.155,60.275,2439.0,57.28342626997416,59.004904232910064,,58.2115474271728,61.40696653401341,60.39396136281123,60.71531520754073,"rgba(38, 166, 154, 1.0)",1.140451001352705,60.71531520754073,-0.3860886675696464,4,0.2324205829161481,0.9296823316645924,0.0,0.0,0.0,0.0,50.74557438218167,7.244625642093162,True,False,False,False,False,0.0
2025-08-26 16:00:00+00:00,60.28,60.425,60.18,60.415,3738.0,57.28537890028532,59.00660210740713,,58.21368999559166,61.401556653360124,60.390364002782185,60.71359421865886,"rgba(38, 166, 154, 1.0)",1.1425296416206818,60.71359421865886,-0.2613448332380298,4,0.23453379209168718,0.9381351683667487,0.0,0.0,0.0,0.0,51.75233247161795,7.244625642093162,True,False,False,False,False,0.0
2025-08-26 17:00:00+00:00,60.41,60.465,60.255,60.305,2818.0,57.28685010117619,59.00788084359207,,58.215303647381646,61.39752073404352,60.38803370182321,60.71232015692307,"rgba(38, 166, 154, 1.0)",1.1440071150474471,60.71232015692307,-0.3560468738047814,3,0.2473597077426821,0.7420791232280463,0.0,0.0,0.0,0.0,51.24145662297212,6.892129293931511,True,False,False,False,False,0.0
2025-08-26 18:00:00+00:00,60.305,60.54,60.3,60.485,6185.0,57.29017970043875,59.01088864848819,,58.21900291238719,61.38959832196962,60.39313128131052,60.710727909093386,"rgba(38, 166, 154, 1.0)",1.1414453655442418,60.710727909093386,-0.19775620972078603,3,0.24690281015568236,0.740708430467047,0.0,0.0,0.0,0.0,52.697470913676945,6.892129293931511,True,False,True,False,False,0.0
2025-08-26 19:00:00+00:00,60.48,60.515,59.75,60.21,22341.0,57.30107227848539,59.01951806765213,,58.23057296719623,61.353807718980555,60.33312303380427,60.744924543323464,"rgba(38, 166, 154, 1.0)",1.1428403252462334,60.744924543323464,-0.4680658631889012,3,0.2460271272825754,0.7380813818477262,0.0,0.0,0.0,0.0,50.75986286227252,5.790131631007341,True,False,False,False,False,0.0
2025-08-27 14:00:00+00:00,59.965,60.155,59.89,60.03,5318.0,57.303532516608065,59.02131483991086,,58.233117680235026,61.344676459604834,60.31545296712066,60.73886944802969,"rgba(38, 166, 154, 1.0)",1.1444707538011691,60.73886944802969,-0.6193862496488408,3,0.24481635051784015,0.7344490515535205,0.0,0.0,0.0,0.0,47.849563799940526,2.8078483469460807,True,False,False,True,False,0.0
2025-08-27 15:00:00+00:00,60.045,60.1,59.92,59.92,3902.0,57.305305051340596,59.022570189371244,,58.234933463188156,61.337830206751725,60.30190779738191,60.73425947385105,"rgba(38, 166, 154, 1.0)",1.1481441233259178,60.73425947385105,-0.7091962213701161,3,0.24343577336295819,0.7303073200888746,0.0,0.0,0.0,0.0,44.978153031953056,-0.020822628029591783,True,False,False,True,False,0.0
2025-08-27 16:00:00+00:00,59.91,59.98,59.79,59.95,2104.0,57.306233668963195,59.0231939819912,,58.23586990841336,61.333969224996004,60.29348572161626,60.731441919345876,"rgba(38, 166, 154, 1.0)",1.1527335588320364,60.731441919345876,-0.6779033310504464,3,0.24215721780043484,0.7264716534013045,0.0,0.0,0.0,0.0,43.46870101040707,-1.5520169534941246,False,False,False,True,False,0.0
2025-08-27 17:00:00+00:00,59.925,60.155,59.845,60.15,1784.0,57.307063903886394,59.02380791127459,,58.236731153437646,61.331038872208374,60.28916453614265,60.72987631580353,"rgba(38, 166, 154, 1.0)",1.1556126256408141,60.72987631580353,-0.5017912602693974,3,0.24136781361358786,0.7241034408407636,0.0,0.0,0.0,0.0,45.05000504192124,-1.5520169534941246,False,False,False,True,False,0.0
2025-08-27 18:00:00+00:00,60.15,60.23,60.115,60.22,11353.0,57.31260145890381,59.02822204396932,,58.24260950132898,61.314680007414616,60.27893234473883,60.72432569832351,"rgba(38, 166, 154, 1.0)",1.1559769161322162,60.72432569832351,-0.43627661702011844,3,0.24075116102723945,0.7222534830817183,0.0,0.0,0.0,0.0,46.947000925993606,-1.5520169534941246,True,False,False,True,True,0.0
2025-08-27 19:00:00+00:00,60.22,60.55,60.095,60.48,28253.0,57.32717877608097,59.04080749657201,,58.2584745502947,61.282354183129705,60.29830163634937,60.72018416909632,"rgba(38, 166, 154, 1.0)",1.1552320152285118,60.72018416909632,-0.20790989682606217,3,0.2404276795287962,0.7212830385863886,0.0,0.0,0.0,0.0,50.99381984445534,-4.070302663810168,True,False,False,False,True,0.0
2025-08-28 14:00:00+00:00,60.925,61.29,60.88,60.97,8312.0,57.332380319657496,59.046306980001795,,58.26456415037313,61.27999275955416,60.34020656916441,60.81529568678646,"rgba(38, 166, 154, 1.0)",1.1512171389016157,60.81529568678646,0.13438326097293876,3,0.240487137280171,0.7214614118405129,0.0,0.0,0.0,0.0,57.29606826074076,1.6876511297795318,True,False,True,False,True,2.0035652970667215
2025-08-28 15:00:00+00:00,60.955,61.06,60.82,60.935,18126.0,57.343343667146335,59.05755189638529,,58.277238418296626,61.27268742025229,60.40529536662925,60.82240198873724,"rgba(38, 166, 154, 1.0)",1.1473069996087681,60.82240198873724,0.09814113511131504,4,0.21556107918918532,0.8622443167567413,0.0,0.0,0.0,0.0,61.013003479568994,4.908880953438128,True,False,True,False,True,1.774041077123563
2025-08-28 16:00:00+00:00,60.94,61.05,60.66,60.66,16987.0,57.353136314931454,59.06714792975172,,58.28835163914854,61.2632051750564,60.44089784659192,60.82268162704859,"rgba(38, 166, 154, 1.0)",1.145862679067262,60.82268162704859,-0.14197305665022222,4,0.21555188138992587,0.8622075255597035,0.0,0.0,0.0,0.0,59.948109483033875,4.908880953438128,True,False,True,False,True,0.0
2025-08-28 17:00:00+00:00,60.66,60.755,60.62,60.62,11056.0,57.359249303642905,59.072887595274736,,58.2951732446986,61.25565322475059,60.453629327030136,60.82018356960275,"rgba(38, 166, 154, 1.0)",1.1238233406104485,60.82018356960275,-0.17812725752253225,5,0.20194251128336607,1.0097125564168303,0.0,0.0,0.0,0.0,58.760599080954776,4.908880953438128,True,False,True,False,False,0.0
2025-08-28 18:00:00+00:00,60.63,60.81,60.615,60.65,13393.0,57.36668378015748,59.079901045867054,,58.30347691967391,61.247158169330454,60.46895619293954,60.81867565655066,"rgba(38, 166, 154, 1.0)",1.102449206200532,60.81867565655066,-0.15300084176393314,5,0.20594248251253236,1.0297124125626618,0.0,0.0,0.0,0.0,58.26666661313083,4.908880953438128,True,False,True,False,False,0.0
2025-08-28 19:00:00+00:00,60.63,60.76,60.555,60.755,36555.0,57.38679762551064,59.09871846694049,,58.32583532084702,61.2251569109749,60.50199643847268,60.81532165229019,"rgba(38, 166, 154, 1.0)",1.0748389236121132,60.81532165229019,-0.056121574093601974,5,0.20865940343661515,1.0432970171830758,0.0,0.0,0.0,0.0,59.00003178715624,4.908880953438128,True,False,True,False,False,0.6216084499051391
2025-08-29 14:00:00+00:00,60.025,60.05,59.485,59.62,4443.0,57.38851148683246,59.099597372917316,,58.32741913773718,61.21795941339066,60.488013301151405,60.81187809132098,"rgba(239, 83, 80, 1.0)",1.0544805603955876,60.81187809132098,-1.1302987803529048,5,0.20832832262463538,1.041641613123177,0.0,0.0,0.0,0.0,49.90005748334489,6.133649510510352,False,False,False,False,False,0.0
2025-08-29 15:00:00+00:00,59.62,59.84,59.57,59.81,8196.0,57.391695784076376,59.10126871141136,,58.3303767353115,61.20505027415002,60.464176642806876,60.799647896270585,"rgba(239, 83, 80, 1.0)",1.0384244952967825,60.799647896270585,-0.9530282661405639,5,0.2093663398236766,1.046831699118383,0.0,0.0,0.0,0.0,45.705454372784494,2.4195346111027334,False,False,False,True,False,0.0
2025-08-29 16:00:00+00:00,59.81,60.295,59.805,60.2,3587.0,57.39329991681574,59.10240815709446,,58.33199682191768,61.200842143146865,60.4591675102767,60.80031969878056,"rgba(239, 83, 80, 1.0)",1.0134749471340756,60.80031969878056,-0.5923379758702031,5,0.21110831593844318,1.0555415796922158,0.0,0.0,0.0,0.0,46.243405520397154,2.4195346111027334,False,False,False,True,False,0.0
2025-08-29 17:00:00+00:00,60.15,60.245,59.93,60.115,4218.0,57.395181487962645,59.10374025833222,,58.33389452729828,61.19591970702634,60.45339763473483,60.799335161734255,"rgba(239, 83, 80, 1.0)",0.9913586409342017,60.799335161734255,-0.6903002944417509,5,0.21455862093994052,1.0727931046997026,0.0,0.0,0.0,0.0,46.00811283710622,2.4195346111027334,False,False,False,True,False,0.0
2025-08-29 18:00:00+00:00,60.12,60.26,60.08,60.23,4984.0,57.39747807931939,59.10545720208592,,58.33625005347206,61.19064868200824,60.44853525738372,60.79867394441767,"rgba(239, 83, 80, 1.0)",0.961650359753674,60.79867394441767,-0.5913520841018981,5,0.21474459775955862,1.073722988797793,0.0,0.0,0.0,0.0,46.83530762016682,2.4195346111027334,False,False,False,True,False,0.0
2025-08-29 19:00:00+00:00,60.2,60.34,60.115,60.245,14967.0,57.40445880424661,59.1107854446341,,58.343452440291195,61.17581794431493,60.43723189438258,60.79442399644514,"rgba(239, 83, 80, 1.0)",0.9379005786838255,60.79442399644514,-0.5858019591118709,5,0.2143665814692815,1.0718329073464075,0.0,0.0,0.0,0.0,47.52226541585128,2.4195346111027334,False,True,False,True,False,0.0
2025-09-01 14:00:00+00:00,60.245,60.245,60.245,60.245,0.0,57.40445880424661,59.1107854446341,,58.343452440291195,61.17581794431493,60.43723189438258,60.79442399644514,"rgba(239, 83, 80, 1.0)",0.9154705480376125,60.79442399644514,-0.6001547484218673,5,0.21403773968392362,1.070188698419618,0.0,0.0,0.0,0.0,47.98023727964092,2.4195346111027334,False,True,False,False,True,0.0
2025-09-01 15:00:00+00:00,60.245,60.245,60.245,60.245,0.0,57.40445880424661,59.1107854446341,,58.343452440291195,61.17581794431493,60.43723189438258,60.79442399644514,"rgba(239, 83, 80, 1.0)",0.8936407364068243,60.79442399644514,-0.6148152988798181,5,0.21368527412094576,1.0684263706047288,0.0,0.0,0.0,0.0,48.285551855500685,2.4195346111027334,False,True,False,False,True,0.0
2025-09-01 16:00:00+00:00,60.245,60.245,60.245,60.245,0.0,57.40445880424661,59.1107854446341,,58.343452440291195,61.17581794431493,60.43723189438258,60.79442399644514,"rgba(239, 83, 80, 1.0)",0.8624262182830197,60.79442399644514,-0.6370678265544563,5,0.21335666871076214,1.0667833435538108,0.0,0.0,0.0,0.0,48.489094906073866,2.4195346111027334,False,True,False,False,True,0.0
2025-09-01 17:00:00+00:00,60.245,60.245,60.245,60.245,0.0,57.40445880424661,59.1107854446341,,58.343452440291195,61.17581794431493,60.43723189438258,60.79442399644514,"rgba(239, 83, 80, 1.0)",0.832222818612775,60.79442399644514,-0.6601885746908172,5,0.21301330607603602,1.06506653038018,0.0,0.0,0.0,0.0,48.62479027312264,2.4195346111027334,False,True,False,False,True,0.0
2025-09-01 18:00:00+00:00,60.245,60.245,60.245,60.245,0.0,57.40445880424661,59.1107854446341,,58.343452440291195,61.17581794431493,60.43723189438258,60.79442399644514,"rgba(239, 83, 80, 1.0)",0.8097079776122895,60.79442399644514,-0.6785458605277837,5,0.21311679607601514,1.0655839803800757,0.0,0.0,0.0,0.0,48.71525385115517,2.336512890073557,False,True,False,False,True,0.0
2025-09-01 19:00:00+00:00,60.245,60.245,60.245,60.245,0.0,57.40445880424661,59.1107854446341,,58.343452440291195,61.17581794431493,60.43723189438258,60.79442399644514,"rgba(239, 83, 80, 1.0)",0.7937215455635994,60.79442399644514,-0.6922125265668728,5,0.2137878864630589,1.0689394323152945,0.0,0.0,0.0,0.0,48.775562903176855,1.9644374714160477,False,True,False,False,True,0.0
2025-09-02 14:00:00+00:00,59.305,59.515,58.79,58.945,15688.0,57.408779447553776,59.11065017947154,,58.34638508774217,61.14238248697888,60.36658297881304,60.74709153082807,"rgba(239, 83, 80, 1.0)",0.7897307843257052,60.74709153082807,-2.2819061464936428,5,0.21103167561759267,1.0551583780879634,0.0,0.0,0.0,0.0,38.88422964594619,-7.342043504055802,False,True,False,True,False,0.0
2025-09-02 15:00:00+00:00,58.97,59.275,58.72,58.735,10031.0,57.41124569850864,59.11002000574428,,58.34780990080417,61.11980500018489,60.319552722270856,60.71811395359623,"rgba(239, 83, 80, 1.0)",0.7861917160682893,60.71811395359623,-2.522430487456288,5,0.20801090923738358,1.040054546186918,0.0,0.0,0.0,0.0,31.655220656719806,-13.62479520803383,False,True,False,True,False,0.0
2025-09-02 16:00:00+00:00,58.735,58.85,58.57,58.78,12369.0,57.41391848637323,59.1085668481332,,58.34900792301907,61.09041016106706,60.258817559793755,60.68211160471228,"rgba(239, 83, 80, 1.0)",0.7742847498652329,60.68211160471228,-2.456604763355279,5,0.20518675384739113,1.0259337692369557,0.0,0.0,0.0,0.0,27.48367301210006,-16.9623827910425,False,True,False,True,False,0.0
2025-09-02 17:00:00+00:00,58.8,58.945,58.545,58.9,5799.0,57.4152278323772,59.10800375291143,,58.34965917253663,61.07724041367743,60.23303294408629,60.66723150226933,"rgba(239, 83, 80, 1.0)",0.7746282165489906,60.66723150226933,-2.2813931438522106,5,0.20264527290544504,1.0132263645272253,0.0,0.0,0.0,0.0,26.475573687894805,-17.558095511270444,False,True,False,True,False,0.0
2025-09-02 18:00:00+00:00,58.86,58.95,58.475,58.64,17779.0,57.41891311639183,59.10569364861608,,58.351163020366,61.03591590555802,60.15380123901652,60.622091930601115,"rgba(239, 83, 80, 1.0)",0.7817931974656748,60.622091930601115,-2.5353148850954796,5,0.1993651997621964,0.996825998810982,0.0,0.0,0.0,0.0,24.676911314842386,-19.151617452505533,False,True,False,True,False,0.0
2025-09-02 19:00:00+00:00,58.71,59.2,58.66,59.125,19011.0,57.423776540635444,59.105045917447114,,58.354205573613186,60.998850279776526,60.09354915260419,60.58812723271493,"rgba(239, 83, 80, 1.0)",0.77406889722922,60.58812723271493,-1.8901770087290632,5,0.19802519485721565,0.9901259742860782,0.0,0.0,0.0,0.0,29.3913883476152,-19.151617452505533,False,True,False,True,True,0.0
2025-09-03 14:00:00+00:00,58.62,59.215,58.62,59.135,5323.0,57.42512858879507,59.104857732952276,,58.35504572244479,60.988686798889766,60.07771374450852,60.57911471341451,"rgba(239, 83, 80, 1.0)",0.7660694520769064,60.57911471341451,-1.8850963310171753,5,0.19669616431651243,0.9834808215825621,0.0,0.0,0.0,0.0,32.64015720860948,-24.178738029370813,False,True,False,True,True,0.0
2025-09-03 15:00:00+00:00,59.135,59.135,58.72,58.82,3508.0,57.42596243872347,59.10462816205481,,58.355512631405546,60.98171804726268,60.06660269916849,60.57277248251429,"rgba(239, 83, 80, 1.0)",0.7618055425662733,60.57277248251429,-2.300813507617406,5,0.1951209989243231,0.9756049946216155,0.0,0.0,0.0,0.0,32.78025479535505,-23.966483367776696,False,True,False,True,True,0.0
2025-09-03 16:00:00+00:00,58.82,58.92,58.225,58.38,3043.0,57.42649601790572,59.10407168692584,,58.3556278868592,60.97460859241828,60.0540417364231,60.565620405183346,"rgba(239, 83, 80, 1.0)",0.7709117861221183,60.565620405183346,-2.8351108966404155,5,0.19240017886678137,0.9620008943339069,0.0,0.0,0.0,0.0,30.712079383577642,-23.966483367776696,False,True,False,True,True,0.0
2025-09-03 17:00:00+00:00,58.38,58.685,58.115,58.205,7886.0,57.42765519542217,59.10221620254824,,58.35558764844486,60.95509146486302,60.01886603613655,60.54560660782786,"rgba(239, 83, 80, 1.0)",0.7891348724057649,60.54560660782786,-2.966041280994541,5,0.18898824875454254,0.9449412437727127,0.0,0.0,0.0,0.0,28.618553659287432,-23.966483367776696,False,True,False,True,False,0.0
2025-09-03 18:00:00+00:00,58.2,58.35,57.98,58.125,9714.0,57.42879132495908,59.09939965037271,,58.355098830587764,60.929788640374476,59.97295919977187,60.519497410918994,"rgba(239, 83, 80, 1.0)",0.8067780821724728,60.519497410918994,-2.9679752881624504,5,0.18851010533841367,0.9425505266920684,0.0,0.0,0.0,0.0,26.898409315197874,-23.966483367776696,False,True,False,True,False,0.0
2025-09-03 19:00:00+00:00,58.115,58.59,58.065,58.485,11379.0,57.43053661103918,59.096911283215924,,58.35516855632541,60.90311251751885,59.92836623343821,60.493907326520215,"rgba(239, 83, 80, 1.0)",0.8146302814746811,60.493907326520215,-2.4660356632994294,5,0.18912762405008085,0.9456381202504043,0.0,0.0,0.0,0.0,30.03398619897418,-23.966483367776696,False,True,False,True,True,0.0
2025-09-04 14:00:00+00:00,57.705,58.005,57.52,57.94,6843.0,57.430967708552906,59.09426413818001,,58.35427170369457,60.883846512755525,59.893487844139166,60.367807183477375,"rgba(239, 83, 80, 1.0)",0.8358956085950536,60.367807183477375,-2.904438255822347,5,0.1890010423721636,0.9450052118608181,0.0,0.0,0.0,0.0,29.434051924873703,-23.966483367776696,False,True,False,True,True,0.0
2025-09-04 15:00:00+00:00,57.94,58.01,57.73,58.01,15652.0,57.43218908997214,59.08869936757461,,58.35259551066826,60.842011729493855,59.82136012414001,60.33025814184092,"rgba(239, 83, 80, 1.0)",0.8515800788127099,60.33025814184092,-2.7246505637800666,5,0.18929846244707765,0.9464923122353883,0.0,0.0,0.0,0.0,29.778615172689538,-23.966483367776696,False,True,False,True,True,0.0
2025-09-04 16:00:00+00:00,58.015,58.57,57.815,58.55,14602.0,57.43424750884228,59.08528883804295,,58.35244977543859,60.80916132468189,59.7716632400018,60.30970303882832,"rgba(239, 83, 80, 1.0)",0.848695246611913,60.30970303882832,-2.0734215795990996,5,0.19032925074502338,0.9516462537251169,0.0,0.0,0.0,0.0,34.93727341908918,-20.845480227101053,False,True,False,True,True,0.0
2025-09-04 17:00:00+00:00,58.55,58.865,58.54,58.635,11619.0,57.436563245079405,59.083878284976976,,58.353375199179325,60.787391119164184,59.743798426622206,60.30021847202007,"rgba(239, 83, 80, 1.0)",0.855600379271214,60.30021847202007,-1.9462572859522074,5,0.1923295771809839,0.9616478859049195,0.0,0.0,0.0,0.0,39.03865464104944,-16.962898170561246,False,True,False,True,True,0.0
2025-09-04 18:00:00+00:00,58.64,58.885,58.605,58.715,10635.0,57.43876875266756,59.082770421690206,,58.354359542105854,60.768361187349214,59.7207675373631,60.290629598659066,"rgba(239, 83, 80, 1.0)",0.8586758977037469,60.290629598659066,-1.8349526321544354,5,0.1942967462958153,0.9714837314790765,0.0,0.0,0.0,0.0,42.42368531057143,-13.816339921396121,False,False,False,True,True,0.0
2025-09-04 19:00:00+00:00,58.715,59.12,58.7,59.025,19439.0,57.44344104060706,59.08199461365344,,58.35714675936267,60.738029756296534,59.68982547280947,60.27800737486793,"rgba(239, 83, 80, 1.0)",0.8599419894535126,60.27800737486793,-1.45708360591185,5,0.19789298379028383,0.9894649189514192,0.0,0.0,0.0,0.0,47.03286791544876,-9.571096916756218,True,False,False,False,True,0.0
2025-09-05 14:00:00+00:00,58.78,58.78,57.915,58.165,11064.0,57.44492388490028,59.07939088602998,,58.35695902235771,60.714996213713626,59.65854723034283,60.25769963086592,"rgba(239, 83, 80, 1.0)",0.8762986090667351,60.25769963086592,-2.3881124644197076,5,0.19864298044709888,0.9932149022354944,0.0,0.0,0.0,0.0,44.43510530903434,-9.571096916756218,False,False,False,True,True,0.0
2025-09-05 15:00:00+00:00,58.165,58.485,57.94,58.35,36110.0,57.449565731887795,59.07071083030248,,58.356109001597346,60.64189986308016,59.56358618479086,60.19523479336048,"rgba(239, 83, 80, 1.0)",0.8883222621557368,60.19523479336048,-2.077213272672634,5,0.19986571334112763,0.9993285667056382,0.0,0.0,0.0,0.0,44.08448703022007,-9.571096916756218,False,False,False,True,False,0.0
2025-09-05 16:00:00+00:00,58.355,58.495,58.08,58.23,11715.0,57.451078783557534,59.067968274452085,,58.3558642554913,60.619206744632756,59.53570131382444,60.1766004148819,"rgba(239, 83, 80, 1.0)",0.9032386074465749,60.1766004148819,-2.1551342013434005,5,0.200746046118263,1.003730230591315,0.0,0.0,0.0,0.0,43.16519787783187,-9.571096916756218,False,False,False,True,False,0.0
2025-09-05 17:00:00+00:00,58.215,58.45,58.065,58.175,21939.0,57.453765122435634,59.062638513012395,,58.35521043772842,60.57718114548254,59.48509942277675,60.14219187047028,"rgba(239, 83, 80, 1.0)",0.9154954844137838,60.14219187047028,-2.1487728819655794,5,0.20279230623771333,1.0139615311885666,0.0,0.0,0.0,0.0,42.22364674481116,-9.571096916756218,False,False,False,True,False,0.0
2025-09-05 18:00:00+00:00,58.165,58.43,58.125,58.195,24755.0,57.45685163323495,59.056847987008645,,58.35459735215439,60.531891259320574,59.43335265840296,60.1062276136165,"rgba(239, 83, 80, 1.0)",0.9284026677652111,60.1062276136165,-2.0586192607751506,5,0.20486241598084018,1.024312079904201,0.0,0.0,0.0,0.0,41.78818402485601,-9.571096916756218,False,False,False,True,False,0.0
2025-09-05 19:00:00+00:00,58.19,58.315,58.06,58.25,64006.0,57.46430876193676,59.04149795822965,,58.35242633667617,60.42057432648219,59.313619665924534,60.01921266882639,"rgba(239, 83, 80, 1.0)",0.9410773871731787,60.01921266882639,-1.879986378315578,5,0.20617333392745457,1.0308666696372728,0.0,0.0,0.0,0.0,42.06975969848365,-9.571096916756218,False,False,False,True,False,0.0
2025-09-08 14:00:00+00:00,56.6,56.925,56.46,56.48,23865.0,57.46120253460772,59.02528522831883,,58.34290043647467,60.353906239620805,59.21896679617383,59.951821214267966,"rgba(239, 83, 80, 1.0)",1.0084713121291247,59.951821214267966,-3.442657388972347,5,0.19907730900537804,0.9953865450268902,0.0,0.0,0.0,0.0,34.97425208173697,-9.509513377797774,False,True,False,True,False,0.0
2025-09-08 15:00:00+00:00,56.485,56.62,56.115,56.31,15636.0,57.45852120140849,59.01358555872684,,58.335733742525406,60.30837357384347,59.15432449117634,59.72257728013216,"rgba(239, 83, 80, 1.0)",1.0764366181029172,59.72257728013216,-3.170253801051834,5,0.19269192370541846,0.9634596185270923,0.0,0.0,0.0,0.0,29.88040687974275,-14.186464909188501,False,True,False,True,False,0.0
2025-09-08 16:00:00+00:00,56.31,56.54,56.195,56.505,24401.0,57.454606009113334,58.99597072984478,,58.32501441325005,60.240482022093666,59.0612717989957,59.65936512657142,"rgba(239, 83, 80, 1.0)",1.132401132251456,59.65936512657142,-2.785554550179464,5,0.18847113786650624,0.9423556893325312,0.0,0.0,0.0,0.0,28.182123496547966,-15.685433133320323,False,True,False,True,False,0.0
2025-09-08 17:00:00+00:00,56.505,56.72,56.435,56.46,15585.0,57.45241902901071,58.985382949841714,,58.31867387648369,60.1997206642803,59.00772778111408,59.623583329106964,"rgba(239, 83, 80, 1.0)",1.1850272661933474,59.623583329106964,-2.669629146398727,5,0.18516142991248855,0.9258071495624427,0.0,0.0,0.0,0.0,26.916114594006455,-16.942577178612652,False,True,False,True,False,0.0
2025-09-08 18:00:00+00:00,56.465,56.835,56.41,56.825,17754.0,57.45035163150842,58.97417295286164,,58.31211619443746,60.15624527447088,58.953015941079,59.58754794558577,"rgba(239, 83, 80, 1.0)",1.2198898266602798,59.58754794558577,-2.264588067882209,5,0.1821122463123012,0.9105612315615059,0.0,0.0,0.0,0.0,29.317759709336805,-16.942577178612652,False,True,False,True,False,0.0
2025-09-08 19:00:00+00:00,56.83,56.945,56.61,56.925,24623.0,57.44801489323075,58.959725280535096,,58.30386721095736,60.100010200857376,58.88560851789006,59.542675622248034,"rgba(239, 83, 80, 1.0)",1.2512397455727506,59.542675622248034,-2.0920655945514297,5,0.179596327208642,0.89798163604321,0.0,0.0,0.0,0.0,31.757141232652383,-16.942577178612652,False,True,False,True,True,0.0
2025-09-09 14:00:00+00:00,56.95,57.125,56.71,56.885,7801.0,57.44737306971759,58.95535862017196,,58.301413365605356,60.08301386609907,58.865930768900675,59.52937708704163,"rgba(239, 83, 80, 1.0)",1.284247306457836,59.52937708704163,-2.05908711954807,5,0.17751201994065893,0.8875600997032946,0.0,0.0,0.0,0.0,33.17715825027497,-22.858113193819428,False,True,False,True,True,0.0
2025-09-09 15:00:00+00:00,56.885,56.96,56.53,56.565,10098.0,57.446204847292535,58.949125097078415,,58.297746966276286,60.0597630602422,58.838215760054545,59.509426812804215,"rgba(239, 83, 80, 1.0)",1.3249855923065295,59.509426812804215,-2.2222330792884857,5,0.17463770728339376,0.8731885364169688,0.0,0.0,0.0,0.0,32.539808397933975,-22.858113193819428,False,True,False,True,True,0.0
2025-09-09 16:00:00+00:00,56.565,56.67,56.515,56.61,9199.0,57.44502292896412,58.94326002124182,,58.29424271510529,60.038320583459424,58.812582439273626,59.49057936368577,"rgba(239, 83, 80, 1.0)",1.3623754327717035,59.49057936368577,-2.114379997168133,5,0.17237139933250784,0.8618569966625391,0.0,0.0,0.0,0.0,32.5833695197075,-22.82343519741262,False,True,False,True,True,0.0
2025-09-09 17:00:00+00:00,56.59,56.755,56.56,56.56,7702.0,57.44406696894201,58.938427450152524,,58.29136578464573,60.020708419643235,58.79182061531815,59.47530489205159,"rgba(239, 83, 80, 1.0)",1.387056722470794,59.47530489205159,-2.1017921219966347,5,0.16997790757464612,0.8498895378732306,0.0,0.0,0.0,0.0,32.34101538450296,-22.62809864474442,False,True,False,True,True,0.0
2025-09-09 18:00:00+00:00,56.56,56.8,56.535,56.535,8680.0,57.442990102173276,58.933001423897544,,58.28813217307487,60.00106680325362,58.7688721491918,59.45833640778649,"rgba(239, 83, 80, 1.0)",1.4122067486388012,59.45833640778649,-2.0700484618164023,5,0.16733130375291552,0.8366565187645776,0.0,0.0,0.0,0.0,32.03264860814885,-22.48841549732549,False,True,False,True,True,0.0
2025-09-09 19:00:00+00:00,56.535,56.545,56.135,56.14,12325.0,57.44081501323314,58.924179466374234,,58.2826013669848,59.97071425724399,58.73192755985465,59.429894582547625,"rgba(239, 83, 80, 1.0)",1.4464828826259257,59.429894582547625,-2.2744096194039947,5,0.16397892812290804,0.8198946406145402,0.0,0.0,0.0,0.0,29.761409583005744,-22.48841549732549,False,True,False,True,False,0.0
2025-09-10 14:00:00+00:00,57.035,57.195,56.74,56.955,13611.0,57.43983645328525,58.9170230398963,,58.278614072548365,59.94391306444929,58.70347803717738,59.40955401567296,"rgba(239, 83, 80, 1.0)",1.4563820809684,59.40955401567296,-1.6853777918228996,5,0.16278499615469783,0.8139249807734892,0.0,0.0,0.0,0.0,36.07604327172081,-18.510888657735002,False,False,False,True,True,0.0
2025-09-10 15:00:00+00:00,56.955,56.955,56.51,56.67,13084.0,57.43840472985685,58.909312922570756,,58.27407475830996,59.91645840907208,58.673147414068026,59.386820788681845,"rgba(239, 83, 80, 1.0)",1.4695337036986906,59.386820788681845,-1.8487638506308757,5,0.16116355987602266,0.8058177993801132,0.0,0.0,0.0,0.0,38.50044450255739,-16.341506872420418,True,False,False,True,True,0.0
2025-09-10 16:00:00+00:00,56.655,56.68,56.37,56.505,9071.0,57.43715224917646,58.90353167804911,,58.270555593119674,59.89656470931182,58.65063631645241,59.36954390283108,"rgba(239, 83, 80, 1.0)",1.4811533033782143,59.36954390283108,-1.9339955535309066,5,0.15946519495381165,0.7973259747690582,0.0,0.0,0.0,0.0,39.15093083035167,-15.725603567540531,True,False,False,True,True,0.0
2025-09-10 17:00:00+00:00,56.505,56.62,55.73,55.855,10583.0,57.4349817484408,58.89555615568937,,58.265417766159615,59.8705947184193,58.6195416135688,59.34499227418886,"rgba(239, 83, 80, 1.0)",1.5101778339288996,59.34499227418886,-2.310980995601857,5,0.15669882072699154,0.7834941036349576,0.0,0.0,0.0,0.0,36.50322758029297,-15.725603567540531,True,False,False,True,False,0.0
2025-09-10 18:00:00+00:00,55.855,55.93,55.635,55.74,14463.0,57.43137789256018,58.88357999211105,,58.25748145555926,59.83291229941004,58.57338126378485,59.30815176744424,"rgba(239, 83, 80, 1.0)",1.5426101461688762,59.30815176744424,-2.313061259389392,4,0.13960151034333595,0.5584060413733438,0.0,0.0,0.0,0.0,34.28552129587929,-15.725603567540531,True,False,False,True,False,0.0
2025-09-10 19:00:00+00:00,55.74,55.75,55.3,55.675,29331.0,57.423272800026915,58.85808181801781,55.574999999999996,58.24030235602402,59.75504327967855,58.478065344133846,59.02030551632206,"rgba(239, 83, 80, 1.0)",1.5742690996771493,59.02030551632206,-2.124989632971973,4,0.13661671291532018,0.5464668516612807,0.0,0.0,0.0,0.0,32.53920395503203,-12.385619684055293,False,False,False,True,False,0.0
2025-09-11 14:00:00+00:00,56.44,57.21,56.385,56.985,8539.0,57.422557746023905,58.85360893481475,55.86474425666754,58.23773368144889,59.73971134021476,58.46322807277535,58.873322982407885,"rgba(38, 166, 154, 1.0)",1.5768639763784662,58.873322982407885,-1.1975179918465366,4,0.13583131783714208,0.5433252713485683,0.0,0.0,0.0,0.0,40.33908521964538,-15.329062854243276,True,False,False,True,True,0.0
2025-09-11 15:00:00+00:00,56.95,57.125,56.82,56.845,12591.0,57.42163746970331,58.84728025534738,56.130546263450974,58.234155047358925,59.71794032311735,58.44277374680904,58.87415453800776,"rgba(38, 166, 154, 1.0)",1.5790104096787922,58.87415453800776,-1.285079899137927,4,0.13491672027246251,0.5396668810898501,0.0,0.0,0.0,0.0,44.72635653119836,-11.533294647194673,True,False,False,True,True,0.0
2025-09-11 16:00:00+00:00,56.845,56.935,56.775,56.805,6768.0,57.42105224811886,58.84373377508641,56.214250380052064,58.23210487815714,59.705996447533245,58.43135025367185,58.8693046904814,"rgba(38, 166, 154, 1.0)",1.5860019710745537,58.8693046904814,-1.301577632392717,4,0.1339609553855079,0.5358438215420316,0.0,0.0,0.0,0.0,47.40483074816075,-9.250843791675607,True,False,False,False,True,0.0
2025-09-11 17:00:00+00:00,56.805,56.92,56.675,56.885,3891.0,57.420709603436116,58.84168869761727,56.253237810863865,58.23091909352134,59.69914677259183,58.42480853981072,58.8661282409074,"rgba(38, 166, 154, 1.0)",1.5885896544073965,58.8661282409074,-1.247098793203735,4,0.13305866312648482,0.5322346525059393,0.0,0.0,0.0,0.0,49.665175185722866,-7.203761767599971,True,False,False,False,True,0.0
2025-09-11 18:00:00+00:00,56.9,56.975,56.665,56.7,10473.0,57.41971700520006,58.83607771639234,56.33029535010405,58.22763162202669,59.68057418551639,58.4069564959058,58.855646036348425,"rgba(38, 166, 154, 1.0)",1.5920750016286722,58.855646036348425,-1.3539852294290307,4,0.13166630412842642,0.5266652165137057,0.0,0.0,0.0,0.0,49.858511817681766,-6.8914892653353945,True,False,False,False,True,0.0
2025-09-11 19:00:00+00:00,56.695,56.84,56.645,56.765,16131.0,57.418122746810425,58.82736969065551,56.4074721284939,58.22249281662011,59.652134538545276,58.379712316624,58.83781942279931,"rgba(38, 166, 154, 1.0)",1.5909613559216846,58.83781942279931,-1.3028722634174075,3,0.14087791393897028,0.4226337418169108,0.0,0.0,0.0,0.0,50.450833664815356,-6.0122806025988496,True,False,False,False,True,0.0
2025-09-12 14:00:00+00:00,56.705,56.71,56.505,56.675,8090.0,57.41718295793833,58.82277907083142,56.42626114137808,58.21972011015989,59.6374971387633,58.36540197696964,58.82679930605036,"rgba(38, 166, 154, 1.0)",1.5914402225600919,58.82679930605036,-1.3521081568422615,3,0.13952270431635386,0.4185681129490616,0.0,0.0,0.0,0.0,50.12779469352316,-5.925491338337807,True,False,False,False,True,0.0
2025-09-12 15:00:00+00:00,56.68,56.695,56.39,56.445,4465.0,57.416586309464584,58.82011543516507,56.429989678796154,58.21807873732905,59.62915916319363,58.35706443026962,58.8197499922001,"rgba(38, 166, 154, 1.0)",1.5910765464228027,58.8197499922001,-1.492542893388267,3,0.1379783583397405,0.41393507501922155,0.0,0.0,0.0,0.0,48.146299669202776,-5.925491338337807,True,False,False,True,True,0.0
2025-09-12 16:00:00+00:00,56.435,56.63,56.41,56.63,2814.0,57.41623001902271,58.81847371604531,56.43344742126041,58.21707412263719,59.62400535727561,58.35197999001778,58.81563451396556,"rgba(38, 166, 154, 1.0)",1.590577808774505,58.81563451396556,-1.374113546604507,3,0.13671505514483687,0.41014516543451063,0.0,0.0,0.0,0.0,48.468823540566476,-5.925491338337807,True,False,False,False,True,0.0
2025-09-12 17:00:00+00:00,56.62,56.75,56.535,56.63,3343.0,57.41584731168296,58.81659677395679,56.43988258985055,58.215940852578406,59.61806753713361,58.34625000291734,58.81131568539037,"rgba(38, 166, 154, 1.0)",1.5913594732093426,58.81131568539037,-1.3707246678786167,3,0.13556416610588776,0.4066924983176633,0.0,0.0,0.0,0.0,48.68383945480894,-5.925491338337807,True,False,False,False,True,0.0
2025-09-12 18:00:00+00:00,56.63,56.86,56.63,56.73,5089.0,57.41534152848158,58.81387879644414,56.45357725472614,58.21432978670162,59.60938055028022,58.33811539591935,58.80574097688426,"rgba(38, 166, 154, 1.0)",1.5910379863076873,58.80574097688426,-1.3046457688300843,2,0.1520358776344558,0.3040717552689116,0.0,0.0,0.0,0.0,49.793815108677066,-4.74511642793729,True,False,False,False,True,0.0
2025-09-12 19:00:00+00:00,56.73,56.85,56.52,56.58,17867.0,57.41333589909511,58.80398063200033,56.480700146325375,58.20835763727225,59.57834852403687,58.308624317801474,58.78347869103717,"rgba(38, 166, 154, 1.0)",1.5911639232432278,58.78347869103717,-1.384821927426482,2,0.1507134538363113,0.3014269076726226,0.0,0.0,0.0,0.0,49.01273681357351,-4.74511642793729,True,False,False,False,True,0.0
2025-09-15 14:00:00+00:00,57.0,57.72,56.875,57.72,9933.0,57.4133722644125,58.800516566766575,56.548973395538006,58.20672678432201,59.56594541491771,58.30025318559952,58.78361934468595,"rgba(38, 166, 154, 1.0)",1.5765625396544198,58.78361934468595,-0.6746445624155814,2,0.15042945516536416,0.3008589103307283,0.0,0.0,0.0,0.0,55.99961859941102,1.487828158762916,True,False,True,False,True,0.0
2025-09-15 15:00:00+00:00,57.72,57.82,57.42,57.47,10675.0,57.41361675920023,58.79717122783732,56.62163645555556,58.20528080011715,59.55359012065911,58.29278157486722,58.78481205332292,"rgba(38, 166, 154, 1.0)",1.56119435683709,58.78481205332292,-0.8421834524092663,2,0.15000888938451842,0.30001777876903685,0.0,0.0,0.0,0.0,58.42704871712273,3.6526483785136037,True,False,True,False,True,0.0
2025-09-15 16:00:00+00:00,57.48,57.665,57.44,57.575,14429.0,57.413924968170946,58.792641648752515,56.703979883921534,58.20330612131786,59.53704804487055,58.28278574840957,58.78462498447309,"rgba(38, 166, 154, 1.0)",1.53918796011947,58.78462498447309,-0.7858851653044363,2,0.1496883580216002,0.2993767160432004,0.0,0.0,0.0,0.0,60.574458313330325,5.608222693949756,True,False,True,False,True,0.0
2025-09-15 17:00:00+00:00,57.575,57.67,57.44,57.48,10806.0,57.41410770967404,58.7891890373605,56.75491704473041,58.2017665676375,59.52465294002453,58.275173199024024,58.78313882094501,"rgba(38, 166, 154, 1.0)",1.5048193660119102,58.78313882094501,-0.8659769075132315,2,0.1493162224689536,0.2986324449379072,0.0,0.0,0.0,0.0,61.094682656793005,6.152299448147666,True,False,True,False,True,0.0
2025-09-15 18:00:00+00:00,57.475,57.695,57.38,57.67,14651.0,57.41446460619262,58.78472880020446,56.818706416832555,58.199850098016455,59.50851889919847,58.265793313325275,58.78120296371751,"rgba(38, 166, 154, 1.0)",1.4682626001717916,58.78120296371751,-0.7568148664874358,1,0.12404744996837291,0.12404744996837291,0.0,0.0,0.0,0.0,62.53478041787105,7.661348304334268,True,False,True,False,True,0.0
2025-09-15 19:00:00+00:00,57.695,57.89,57.65,57.845,25458.0,57.41586781509298,58.778416938652846,56.93412399076207,58.197687551314125,59.48414652944813,58.254982817512996,58.782344819560784,"rgba(38, 166, 154, 1.0)",1.4362481560531022,58.782344819560784,-0.6526343066901934,1,0.12492857375332664,0.12492857375332664,0.0,0.0,0.0,0.0,64.44433940742309,9.619017380342044,True,False,True,False,True,0.0
2025-09-16 14:00:00+00:00,57.845,58.505,57.82,58.415,7531.0,57.416773084919214,58.7774156511551,56.9784751243223,58.197764823791815,59.47896149256847,58.25492670935847,58.78613010387481,"rgba(38, 166, 154, 1.0)",1.4043451328830907,58.78613010387481,-0.264272717001475,1,0.12590559416462174,0.12590559416462174,0.0,0.0,0.0,0.0,68.1698831499979,13.1958100850743,True,False,True,False,True,1.0637172115865887
2025-09-16 15:00:00+00:00,58.415,58.415,57.98,58.25,9151.0,57.41782856439777,58.776131749310814,57.02724310350276,58.19779780099168,59.47255886940342,58.254602043122475,58.78993510583158,"rgba(38, 166, 154, 1.0)",1.3696475610322596,58.78993510583158,-0.39421462950998115,2,0.11392220917749538,0.22784441835499075,0.0,0.0,0.0,0.0,68.88410327075405,13.942370452132536,True,False,True,False,True,0.08224974178977007
2025-09-16 16:00:00+00:00,58.245,58.535,58.195,58.455,6029.0,57.41867910047722,58.77555938362626,57.06188302423109,58.198046079659754,59.46897464777185,58.255350196541535,58.79341991207143,"rgba(38, 166, 154, 1.0)",1.3312066699796754,58.79341991207143,-0.2542204149837958,2,0.11506803251186537,0.23013606502373074,0.0,0.0,0.0,0.0,70.24444696717798,15.385046849292266,True,False,True,False,True,1.28806293014717
2025-09-16 17:00:00+00:00,58.455,58.61,58.375,58.59,11539.0,57.420519038106434,58.77484128259512,57.12952450112315,58.19883202412769,59.4630031805727,58.25807255926328,58.80115712049319,"rgba(38, 166, 154, 1.0)",1.318680158476854,58.80115712049319,-0.16012762392442548,2,0.11646658888453859,0.23293317776907718,0.0,0.0,0.0,0.0,71.7108371659994,16.951866961417878,True,False,True,False,True,2.0767687368730066
2025-09-16 18:00:00+00:00,58.565,58.705,58.435,58.655,11947.0,57.42254365249678,58.77431907515894,57.196618605368435,58.199823848246936,59.45737683288295,58.26159247595432,58.809307909659466,"rgba(38, 166, 154, 1.0)",1.302789453580486,58.809307909659466,-0.11844424226445595,2,0.11769147983479061,0.23538295966958123,0.0,0.0,0.0,0.0,72.96342632480093,18.333831157037224,True,False,True,False,True,2.458115059471549
2025-09-16 19:00:00+00:00,58.655,58.735,58.465,58.545,25054.0,57.42670707511804,58.77313116050427,57.31769885494629,58.20180156487309,59.44558805761054,58.2683887133618,58.82364379802252,"rgba(38, 166, 154, 1.0)",1.2768985581979921,58.82364379802252,-0.21821921266459438,1,0.1050546915795809,0.1050546915795809,0.0,0.0,0.0,0.0,72.33112941967377,18.333831157037224,True,False,True,False,True,1.764897451422172
2025-09-17 14:00:00+00:00,59.115,59.195,58.795,58.945,4207.0,57.42764235516201,58.77334340613435,57.34172306815863,58.20247633610366,59.444534212404136,58.27091098640794,58.82746318916477,"rgba(38, 166, 154, 1.0)",1.256055960766383,58.82746318916477,0.09357609414433884,2,0.10331634176326283,0.20663268352652567,0.0,0.0,0.0,0.0,73.76761981813297,19.507166040851843,True,False,True,False,True,4.118729045765775
2025-09-17 15:00:00+00:00,58.915,59.35,58.71,59.315,5881.0,57.429071383309534,58.77385112902739,57.37707208254826,58.203595584000105,59.44352993879815,58.27513181644773,58.8335016026086,"rgba(38, 166, 154, 1.0)",1.2369513999207697,58.8335016026086,0.38926217911410227,2,0.10400049531406652,0.20800099062813304,0.0,0.0,0.0,0.0,76.02560595853078,21.814979558762772,True,False,True,False,True,6.2057363888921095
2025-09-17 16:00:00+00:00,59.31,59.32,59.08,59.19,11548.0,57.43198873289274,58.77504645127397,57.4452439350141,58.205955797527395,59.442015768397596,58.2839884365563,58.84561080027089,"rgba(38, 166, 154, 1.0)",1.2150421414113968,58.84561080027089,0.2834380701636109,2,0.1048290603247502,0.2096581206495004,0.0,0.0,0.0,0.0,75.92862208735221,21.908611878065486,True,False,True,False,True,5.389764028472296
2025-09-17 17:00:00+00:00,59.19,59.25,58.925,59.035,8909.0,57.434071746351805,58.77568834585209,57.490886086060826,58.20753716765772,59.440263697851094,58.28977338109391,58.85338804483818,"rgba(38, 166, 154, 1.0)",1.1902747506278417,58.85338804483818,0.15257986029362047,2,0.10537275972382788,0.21074551944765577,0.0,0.0,0.0,0.0,73.92369172678389,21.908611878065486,True,False,True,False,False,4.380515181935738
2025-09-17 18:00:00+00:00,59.355,59.725,58.255,58.81,8652.0,57.43591692104852,58.77601379224105,57.529104377435075,58.20881899461979,59.43794047637219,58.294316963803595,58.859458747883494,"rgba(38, 166, 154, 1.0)",1.1618012498462613,58.859458747883494,-0.042570747698916965,2,0.10610817600800732,0.21221635201601463,0.0,0.0,0.0,0.0,69.98820509661203,24.109280785788243,True,False,True,False,False,2.931295747728303
2025-09-17 19:00:00+00:00,58.805,59.08,58.6,58.685,17842.0,57.4393482385151,58.77606714016879,57.59448546030563,58.21093160300017,59.43189799727343,58.301442593516306,58.86880498182677,"rgba(38, 166, 154, 1.0)",1.1308270512417065,58.86880498182677,-0.16254031208834313,2,0.10693073342743933,0.21386146685487867,0.0,0.0,0.0,0.0,66.01542398464002,20.486289774478138,True,False,True,False,False,2.1330035248501034
2025-09-18 14:00:00+00:00,60.065,60.335,60.01,60.11,4182.0,57.44096026971317,58.77746194984665,57.62523198089411,58.21258848136181,59.43346385377649,58.30767679644592,58.87604564208251,"rgba(38, 166, 154, 1.0)",1.126935504201915,58.87604564208251,1.0949644884880656,2,0.1072099076857006,0.2144198153714012,0.0,0.0,0.0,0.0,69.72952621789483,20.486289774478138,True,False,True,False,True,9.891322811221169
2025-09-18 15:00:00+00:00,60.11,60.505,60.075,60.145,9865.0,57.44488134301273,58.780955767744146,57.697394405443205,58.216666624561356,59.437590235633465,58.32292735124721,58.91210317775292,"rgba(38, 166, 154, 1.0)",1.124021267953149,58.91210317775292,1.0968625393469638,3,0.3498228367610559,1.0494685102831678,0.0,0.0,0.0,0.0,72.30018019574575,17.084777629867133,True,False,True,False,True,10.064601596095383
2025-09-18 16:00:00+00:00,60.135,60.215,60.06,60.155,6216.0,57.44725973283486,58.7830010694402,57.73917533899244,58.21910350683069,59.43985339268134,58.331927735887085,58.92028904768775,"rgba(38, 166, 154, 1.0)",1.1213851834806468,58.92028904768775,1.1010587356610615,3,0.3508527372509862,1.0525582117529586,0.0,0.0,0.0,0.0,74.04385501398033,18.652719936187054,True,False,True,False,True,10.114946679852107
2025-09-18 17:00:00+00:00,60.135,60.17,59.965,60.04,2779.0,57.448288208212674,58.783856469727695,57.756752000858164,58.220142938604184,59.44073881207127,58.33573536192709,58.92344879557284,"rgba(38, 166, 154, 1.0)",1.1438460371732504,58.92344879557284,0.9761376690052253,3,0.35133323413364964,1.0539997024009489,0.0,0.0,0.0,0.0,73.94163385805254,18.652719936187054,True,False,True,False,True,9.347550211145304
2025-09-18 18:00:00+00:00,60.03,60.11,59.905,60.065,7387.0,57.45098499446168,58.78606832544302,57.80157829919916,58.22285270145291,59.44296006272656,58.34559085381218,58.932098078707405,"rgba(38, 166, 154, 1.0)",1.1688780521941073,58.932098078707405,0.9692216558998746,3,0.35123854803552845,1.0537156441065854,0.0,0.0,0.0,0.0,73.97701736420139,18.946716506734674,True,False,True,False,True,9.4785930437463
2025-09-18 19:00:00+00:00,60.06,60.1,59.755,59.845,25117.0,57.459663585587315,58.79276856084166,57.93361411727375,58.231363084890226,59.44877633805398,58.37579696583092,58.95844810708862,"rgba(38, 166, 154, 1.0)",1.1872889210222461,58.95844810708862,0.7467027420318751,3,0.3514212762584648,1.0542638287753945,0.0,0.0,0.0,0.0,71.41363450840402,18.946716506734674,True,False,True,False,False,7.991115107992602
2025-09-19 14:00:00+00:00,59.115,59.745,59.015,59.655,9494.0,57.462355036983666,58.794308598277006,57.969344970971164,58.23373749198228,59.44888592030459,58.3837877884851,58.962294903114284,"rgba(38, 166, 154, 1.0)",1.1997689417190711,58.962294903114284,0.5773654182889458,3,0.3521047625904548,1.0563142877713645,0.0,0.0,0.0,0.0,67.66262110837994,22.680704419396733,True,False,True,False,False,6.7230163062125605
2025-09-19 15:00:00+00:00,59.655,59.775,59.395,59.74,7093.0,57.46452587093308,58.79573377510584,57.997789539172985,58.23574114706286,59.4495551411502,58.39057611787143,58.967584039304015,"rgba(38, 166, 154, 1.0)",1.2165031557411234,58.967584039304015,0.6349477656927348,3,0.3531609223018104,1.0594827669054312,0.0,0.0,0.0,0.0,65.75219172210986,20.827218150446498,True,False,True,False,False,7.1959674335932995
2025-09-19 16:00:00+00:00,59.74,60.02,59.735,60.02,4556.0,57.466102752049885,58.79695966198943,58.018679118995,58.23728938944422,59.450641014779606,58.395897740876805,58.97301977145338,"rgba(38, 166, 154, 1.0)",1.2335758940927264,58.97301977145338,0.8487359663562968,3,0.3537391086128178,1.0612173258384534,0.0,0.0,0.0,0.0,66.2731403647639,20.827218150446498,True,False,True,False,False,8.738784264540595
2025-09-19 17:00:00+00:00,60.01,60.05,59.795,59.82,8208.0,57.46889624844403,58.7990899220902,58.05449011467861,58.240011078472975,59.45243458500249,58.405164820298054,58.9821751221758,"rgba(38, 166, 154, 1.0)",1.2457008049670983,58.9821751221758,0.672573120675093,3,0.3557059459504044,1.0671178378512132,0.0,0.0,0.0,0.0,64.33071424165783,19.213842068718236,True,False,True,False,False,7.372667369766013
2025-09-19 18:00:00+00:00,59.835,59.985,59.73,59.91,11793.0,57.47287654020521,58.80209880882003,58.10324801358394,58.24387434116837,59.454907908461884,58.41816189248641,58.994741840903075,"rgba(38, 166, 154, 1.0)",1.2633059839204388,58.994741840903075,0.7244944382014133,2,0.4854592454125874,0.9709184908251748,0.0,0.0,0.0,0.0,63.68343191620897,18.38640382049641,True,False,True,False,False,7.875506045023229
2025-09-19 19:00:00+00:00,59.905,60.33,59.905,60.08,32685.0,57.48488934393893,58.812119837979914,58.241569406360846,58.25598323484594,59.46528551834507,58.45851335648988,59.03615705324411,"rgba(38, 166, 154, 1.0)",1.2875465285042085,59.03615705324411,0.8107225048935198,2,0.48986100447964215,0.9797220089592843,0.0,0.0,0.0,0.0,64.43690224540315,18.38640382049641,True,False,True,False,False,8.823898155905816
2025-09-22 14:00:00+00:00,59.625,59.705,59.38,59.685,1637.0,57.48537042026498,58.812419372215096,58.246219989915296,58.256417793848506,59.46538514887742,58.459867346642895,59.037136992586944,"rgba(38, 166, 154, 1.0)",1.303595053328769,59.037136992586944,0.4969817933557819,1,0.8733289901981822,0.8733289901981822,0.0,0.0,0.0,0.0,60.58426853385532,15.119470319003199,False,False,True,False,False,6.10691534246963
2025-09-22 15:00:00+00:00,59.68,60.62,59.65,60.56,13604.0,57.49066143447038,58.817090036110045,58.302793869260974,58.26187205825882,59.47073561229641,58.47775665119901,59.05551055623846,"rgba(38, 166, 154, 1.0)",1.338737882155161,59.05551055623846,1.1238118109719486,1,0.8739234910565019,0.8739234910565019,0.0,0.0,0.0,0.0,63.207589643482635,15.119470319003199,False,False,True,False,True,10.809883955371092
2025-09-22 16:00:00+00:00,60.57,60.89,60.54,60.86,13491.0,57.49680184438268,58.82322719256996,58.368953776284314,58.26855151902488,59.47913465048873,58.49985905866599,59.07979390930926,"rgba(38, 166, 154, 1.0)",1.379099040012111,59.07979390930926,1.2908471683622567,1,0.8716964294470183,0.8716964294470183,0.0,0.0,0.0,0.0,66.14549759255459,11.306685869574814,True,False,True,False,True,12.307158799551079
2025-09-22 17:00:00+00:00,60.865,60.94,60.725,60.835,14964.0,57.5037311672799,58.83023329145407,58.44032327278944,58.276125378156244,59.48882486230435,58.52462283198869,59.10635351086146,"rgba(38, 166, 154, 1.0)",1.4179486515309843,59.10635351086146,1.2191178342544988,1,0.8708389809565444,0.8708389809565444,0.0,0.0,0.0,0.0,67.85227529900048,12.91851879981514,True,False,True,False,True,12.134330306524951
2025-09-22 18:00:00+00:00,60.835,61.22,60.655,61.18,18836.0,57.512895036458985,58.839791229527535,58.53099681132413,58.28628077338633,59.50247853439254,58.55749571110507,59.14123411126614,"rgba(38, 166, 154, 1.0)",1.4641988615985393,59.14123411126614,1.3924105134927096,1,0.8572250833215335,0.8572250833215335,0.0,0.0,0.0,0.0,70.33149467040663,15.286401837276529,True,False,True,False,True,13.839201777100989
2025-09-22 19:00:00+00:00,61.19,61.59,61.085,61.46,37111.0,57.53265063227878,58.86145199271262,58.715519882348566,58.308678296417334,59.53490046587273,58.62890393896295,59.21612334795907,"rgba(38, 166, 154, 1.0)",1.515025798846778,59.21612334795907,1.4810814797668446,1,0.8420639212334979,0.8420639212334979,0.0,0.0,0.0,0.0,72.91811271391363,17.744906536033383,True,False,True,False,True,15.182641509281545
2025-09-23 14:00:00+00:00,62.145,62.575,61.99,62.18,14158.0,57.54182738965582,58.87244147316111,58.80075628397609,58.31953535229668,59.55267522505246,58.6635246041006,59.36853493103026,"rgba(38, 166, 154, 1.0)",1.5856265990805816,59.36853493103026,1.7730940377765823,1,0.8209606554412119,0.8209606554412119,0.0,0.0,0.0,0.0,76.44611374273606,21.045043168448686,True,False,True,False,True,18.44239275976347
2025-09-23 15:00:00+00:00,62.19,62.25,61.83,61.92,19379.0,57.55367077188242,58.886270369890404,58.90303155451519,58.333366265684205,59.57442371145526,58.706643094867815,59.405271426657336,"rgba(38, 166, 154, 1.0)",1.6432987780297312,59.405271426657336,1.5302929734772601,1,0.8042334765840201,0.8042334765840201,0.0,0.0,0.0,0.0,76.2601279030659,21.045043168448686,True,False,True,False,True,16.602969981045124
2025-09-23 16:00:00+00:00,61.915,62.03,61.74,61.77,10381.0,57.55977133008791,58.89326576612979,58.95259263614298,58.34042453042887,59.58518929327258,58.72823148088664,59.42350826063439,"rgba(38, 166, 154, 1.0)",1.692015097477035,59.42350826063439,1.3868030745496696,1,0.790915451396756,0.790915451396756,0.0,0.0,0.0,0.0,74.7227343159716,21.045043168448686,True,False,True,False,True,15.553584404454945
2025-09-23 17:00:00+00:00,61.775,61.955,61.135,61.19,8936.0,57.56449570728797,58.89840842677944,58.987937341927996,58.345752555003386,59.59266901575012,58.74410746119813,59.43313476131666,"rgba(38, 166, 154, 1.0)",1.7262570821038326,59.43313476131666,1.0177309375856136,1,0.7839526888234039,0.7839526888234039,0.0,0.0,0.0,0.0,69.02803970919803,24.583758209788442,True,False,True,False,False,11.637585727864113
2025-09-23 18:00:00+00:00,61.19,61.325,60.98,60.985,9040.0,57.56885597033801,58.90291344952271,59.017979156226154,58.350548571884815,59.59882376880167,58.75802675456134,59.43930107575138,"rgba(38, 166, 154, 1.0)",1.7545717451871636,59.43930107575138,0.8809550982959298,1,0.7788840971386822,0.7788840971386822,0.0,0.0,0.0,0.0,63.84556726288199,19.889002847953265,False,True,True,False,False,10.307064885561296
2025-09-23 19:00:00+00:00,60.97,61.385,60.935,61.22,16146.0,57.57680027385939,58.9112178368098,59.071626640048876,58.35933176027625,59.61029678324533,58.78335336958034,59.45518564519686,"rgba(38, 166, 154, 1.0)",1.7866099182530346,59.45518564519686,0.9878006031270604,1,0.7720291775503785,0.7720291775503785,0.0,0.0,0.0,0.0,61.71041942556269,18.0377713050308,False,True,True,False,False,11.448700998115083
2025-09-24 14:00:00+00:00,60.72,60.875,60.48,60.505,4692.0,57.578744545645954,58.91302687525109,59.082711695230095,58.361369216345125,59.6124213445985,58.78891764655746,59.456515506764184,"rgba(239, 83, 80, 1.0)",1.8038588691524433,59.456515506764184,0.5812453020387659,1,0.7705183453767215,0.7705183453767215,0.0,0.0,0.0,0.0,55.96730880848053,12.797584102892102,False,True,True,False,False,6.95839055220295
2025-09-24 15:00:00+00:00,60.535,60.55,59.84,59.84,6749.0,57.58103798843167,58.914796170217265,59.092842895611625,58.36359001732538,59.61382219591286,58.79450501539935,59.454055832715575,"rgba(239, 83, 80, 1.0)",1.8116608029277925,59.454055832715575,0.2130333485499664,1,0.7724644322489852,0.7724644322489852,0.0,0.0,0.0,0.0,49.306919081741654,6.851893322614465,False,True,False,True,False,3.1080155608633646
2025-09-24 16:00:00+00:00,59.885,59.94,59.615,59.675,13925.0,57.58512643069627,58.91738729975856,59.1062412717055,58.36726593418452,59.614623526866005,58.802923790669176,59.4455729497836,"rgba(239, 83, 80, 1.0)",1.8175928914140884,59.4455729497836,0.12622576337097113,1,0.7750918047325082,0.7750918047325082,0.0,0.0,0.0,0.0,44.25956185859244,2.4648801778804597,False,True,False,True,False,2.1898812810650305
2025-09-24 17:00:00+00:00,59.675,59.865,59.41,59.56,14835.0,57.58920038817498,58.91969276825715,59.117093872230114,58.37078793190091,59.614604163779035,58.810496968254725,59.43736641395658,"rgba(239, 83, 80, 1.0)",1.8080984660861714,59.43736641395658,0.0678246170458152,1,0.7781752993471918,0.7781752993471918,0.0,0.0,0.0,0.0,40.45997886612359,-0.8603370379272945,False,True,False,True,False,1.5499354008497228
2025-09-24 18:00:00+00:00,59.555,59.765,59.465,59.66,12455.0,57.592639018008384,58.92166754614374,59.12617649679345,58.37377299227464,59.61468834633026,58.81688950773819,59.43260117463001,"rgba(239, 83, 80, 1.0)",1.795752889860278,59.43260117463001,0.12663146842418924,1,0.7762858534476486,0.7762858534476486,0.0,0.0,0.0,0.0,38.7324843825793,-2.458675339892025,False,True,False,True,False,2.086309795272456
2025-09-24 19:00:00+00:00,59.66,59.73,59.095,59.115,63979.0,57.60740423240239,58.92718225997824,59.14178145692776,58.385076573989735,59.60645529404097,58.83601551080788,59.40323122186368,"rgba(239, 83, 80, 1.0)",1.7818297938957324,59.40323122186368,-0.16176136623773507,1,0.77573754120967,0.77573754120967,0.0,0.0,0.0,0.0,35.45482823307373,-5.678259529337268,False,True,False,True,False,0.0
2025-09-25 14:00:00+00:00,57.835,58.03,57.58,57.94,4472.0,57.60754965208495,58.92612316801317,59.13429654612148,58.38462699435322,59.60310752603391,58.83336741150805,59.39583296305317,"rgba(239, 83, 80, 1.0)",1.76668656371596,59.39583296305317,-0.8240471133663023,2,0.4783125091496422,0.9566250182992844,0.0,0.0,0.0,0.0,30.333185205765375,-10.605248688979728,False,True,False,True,False,0.0
2025-09-25 15:00:00+00:00,57.84,58.2,57.56,58.18,5080.0,57.607803091788035,58.92506764114781,59.126748618510746,58.38424116687852,59.59960091024563,58.830771884416166,59.27865421016219,"rgba(239, 83, 80, 1.0)",1.7556679127385992,59.27865421016219,-0.6257756391118633,2,0.47843696497689586,0.9568739299537917,0.0,0.0,0.0,0.0,28.66244835137155,-12.346796026838199,False,True,False,True,False,0.0
2025-09-25 16:00:00+00:00,58.175,58.71,58.17,58.5,6755.0,57.60857348966323,58.92437874209753,59.12100118167411,58.38433710316489,59.59633646433872,58.82927838505438,59.2856772582742,"rgba(239, 83, 80, 1.0)",1.745097250703955,59.2856772582742,-0.4502197559232093,2,0.4784703480109203,0.9569406960218406,0.0,0.0,0.0,0.0,29.7743886325915,-12.346796026838199,False,True,False,True,False,0.0
2025-09-25 17:00:00+00:00,58.49,58.525,58.09,58.095,8240.0,57.60926535632114,58.92313833586411,59.11179906567628,58.3841093446119,59.591601931928246,58.826380763822506,59.275905173943684,"rgba(239, 83, 80, 1.0)",1.73466173455617,59.275905173943684,-0.6807697145898197,2,0.4788065365918468,0.9576130731836936,0.0,0.0,0.0,0.0,29.311140897443384,-12.48141678199034,False,True,False,True,False,0.0
2025-09-25 18:00:00+00:00,58.095,58.38,57.915,58.295,5270.0,57.60967888990707,58.922301271835494,59.10574903237893,58.383924628477295,59.58850226530532,58.82441766485043,59.26938170347404,"rgba(239, 83, 80, 1.0)",1.7185490370637893,59.26938170347404,-0.5669792845357547,2,0.47926551710994314,0.9585310342198863,0.0,0.0,0.0,0.0,30.411603842383844,-12.48141678199034,False,True,False,True,False,0.0
2025-09-25 19:00:00+00:00,58.27,58.315,57.92,58.02,21134.0,57.611017054946295,58.918450119499354,59.079385730358965,58.38274795429176,59.57522272010914,58.81528780904185,59.24135149277728,"rgba(239, 83, 80, 1.0)",1.7037846055126993,59.24135149277728,-0.7168461839750847,2,0.4792628296467727,0.9585256592935454,0.0,0.0,0.0,0.0,30.235578128800583,-12.71818470596159,False,True,False,True,False,0.0
2025-09-26 14:00:00+00:00,58.78,58.86,58.405,58.45,10894.0,57.6124091326042,58.91762987273109,59.072715110174165,58.3831305101394,59.570674372789775,58.81374703364945,59.237690827381684,"rgba(239, 83, 80, 1.0)",1.6863373018158543,59.237690827381684,-0.46710158550931213,2,0.47926324620060345,0.9585264924012069,0.0,0.0,0.0,0.0,33.117165633885094,-12.71818470596159,False,True,False,True,True,0.0
2025-09-26 15:00:00+00:00,58.445,58.565,58.235,58.255,7019.0,57.61309870011377,58.91676867894649,59.06666261854848,58.383089513027684,59.56712509520089,58.811871764301834,59.232388283363186,"rgba(239, 83, 80, 1.0)",1.668434282480144,59.232388283363186,-0.5858116760285492,2,0.4792813587043603,0.9585627174087206,0.0,0.0,0.0,0.0,34.24195771274828,-12.71818470596159,False,True,False,True,True,0.0
2025-09-26 16:00:00+00:00,58.26,58.43,58.125,58.41,6370.0,57.61369802076887,58.91594800816083,59.06103023796893,58.383016965542694,59.56384277551288,58.810072928380066,59.227330564984335,"rgba(239, 83, 80, 1.0)",1.6417712693615316,59.227330564984335,-0.4978346132845839,2,0.4793650260984905,0.958730052196981,0.0,0.0,0.0,0.0,36.09432551379557,-12.71818470596159,False,True,False,True,True,0.0
2025-09-26 17:00:00+00:00,58.415,58.505,58.23,58.3,6822.0,57.61435986157558,58.915106021007496,59.05527928900548,58.38296893769192,59.56041235334146,58.80825237396279,59.22223371094178,"rgba(239, 83, 80, 1.0)",1.6294341443061462,59.22223371094178,-0.5659840344971366,2,0.47935494326670347,0.9587098865334069,0.0,0.0,0.0,0.0,36.79964312408683,-12.71818470596159,False,True,False,True,True,0.0
2025-09-26 18:00:00+00:00,58.32,58.46,58.135,58.235,7006.0,57.61497485570432,58.91414057112895,59.04890956679734,58.382831199754484,59.55671250584493,58.80612388259079,59.21642565051319,"rgba(239, 83, 80, 1.0)",1.612412657038094,59.21642565051319,-0.6086690316088242,2,0.4795442601705643,0.9590885203411286,0.0,0.0,0.0,0.0,36.94058734620281,-12.71818470596159,False,True,False,True,True,0.0
2025-09-26 19:00:00+00:00,58.19,58.29,57.985,58.085,20164.0,57.61632093983427,58.91069922819144,59.027541169786666,58.38185468695509,59.54489315344883,58.798307038002996,59.196569611755066,"rgba(239, 83, 80, 1.0)",1.59265301356626,59.196569611755066,-0.6979358355440177,2,0.4795984650594554,0.9591969301189108,0.0,0.0,0.0,0.0,36.25419358147428,-12.71818470596159,False,True,False,True,True,0.0
2025-09-29 14:00:00+00:00,58.47,58.89,58.38,58.56,9464.0,57.61756247898953,58.91008887880393,59.023081199344944,58.38225183639029,59.541297232263034,58.79730547687559,59.12023006646935,"rgba(239, 83, 80, 1.0)",1.5555172802026571,59.12023006646935,-0.3601567617406064,2,0.4795959393450644,0.9591918786901288,0.0,0.0,0.0,0.0,39.76984038451923,-14.799378388477308,False,True,False,True,True,0.0
2025-09-29 15:00:00+00:00,58.52,58.585,58.35,58.4,4312.0,57.618033246359644,58.9096591596392,59.02028146336917,58.38230156463407,59.53937935814372,58.79645378373006,59.1154297232913,"rgba(239, 83, 80, 1.0)",1.5140055547519893,59.1154297232913,-0.47254101614475,2,0.4796388557012323,0.9592777114024647,0.0,0.0,0.0,0.0,41.10167743847318,-13.350707912435333,False,True,False,True,True,0.0
2025-09-29 16:00:00+00:00,58.4,58.425,58.165,58.27,3650.0,57.61835510430158,58.909172297319,59.017286209556765,58.38223745233217,59.537527043632814,58.79541271615674,59.1100622445313,"rgba(239, 83, 80, 1.0)",1.4692209034257298,59.1100622445313,-0.5717739535100224,2,0.47970165141905874,0.9594033028381175,0.0,0.0,0.0,0.0,41.173016580655364,-13.033633880298694,False,True,False,True,True,0.0
2025-09-29 17:00:00+00:00,58.23,58.415,58.22,58.365,2706.0,57.61861016816642,58.90883886493233,59.01522218876568,58.38221315886252,59.53620842650724,58.794714186966175,59.10722295310311,"rgba(239, 83, 80, 1.0)",1.4535385000650045,59.10722295310311,-0.5106317810432375,2,0.4800594839465722,0.9601189678931444,0.0,0.0,0.0,0.0,42.08111393860416,-11.890809910135765,False,True,False,True,True,0.0
2025-09-29 18:00:00+00:00,58.41,58.45,58.26,58.395,10465.0,57.61964309540273,58.907631198834046,59.00775959506882,58.38218654511574,59.53128355477867,58.79223593482453,59.09923655796674,"rgba(239, 83, 80, 1.0)",1.434632178116236,59.09923655796674,-0.4908830073025724,2,0.4801178429044713,0.9602356858089426,0.0,0.0,0.0,0.0,42.974283163678344,-10.77785562180236,False,True,False,True,True,0.0
2025-09-29 19:00:00+00:00,58.395,58.495,58.24,58.245,9326.0,57.62051010913063,58.906476712898744,59.000828837852836,58.382091837428376,59.5267735745185,58.789836855692954,59.09219119284319,"rgba(239, 83, 80, 1.0)",1.4152621283323943,59.09219119284319,-0.5986107985814879,2,0.480094617126939,0.960189234253878,0.0,0.0,0.0,0.0,42.381147607062246,-10.77785562180236,False,True,False,True,True,0.0
2025-09-30 14:00:00+00:00,57.92,57.96,57.13,57.16,5221.0,57.62037026344885,58.904821151367905,58.99185526986274,58.38117075376502,59.522360115263304,58.78588690331895,59.078381495406816,"rgba(239, 83, 80, 1.0)",1.4101790506722898,59.078381495406816,-1.3603815022583474,2,0.4786328132797763,0.9572656265595526,0.0,0.0,0.0,0.0,36.58511152571879,-9.603526730075032,False,True,False,True,False,0.0
2025-09-30 15:00:00+00:00,57.16,57.16,56.775,56.865,6062.0,57.619823437851785,58.902280700654266,58.97840483717576,58.379568683081175,59.51608791319316,58.77972020878935,59.058231955231385,"rgba(239, 83, 80, 1.0)",1.4067353842999353,59.058231955231385,-1.559093472524578,2,0.4764576829774068,0.9529153659548136,0.0,0.0,0.0,0.0,31.826486603899422,-13.852722896700541,False,True,False,True,False,0.0
2025-09-30 16:00:00+00:00,56.87,57.01,56.625,56.825,4266.0,57.619375699171975,58.90039415543266,58.96852553668983,58.378355201328304,59.511499286928085,58.775140219214265,59.0443976616294,"rgba(239, 83, 80, 1.0)",1.4054873958239058,59.0443976616294,-1.5790946743626744,2,0.47422301695280406,0.9484460339056081,0.0,0.0,0.0,0.0,28.534222425340516,-16.662557874055494,False,True,False,True,False,0.0
2025-09-30 17:00:00+00:00,56.825,56.825,56.26,56.27,4305.0,57.61871641573959,58.89815737259962,58.956953679080385,58.37684354980051,59.506252984237776,58.76967336604229,59.02844646579486,"rgba(239, 83, 80, 1.0)",1.415128848429606,59.02844646579486,-1.949254634202357,2,0.4702087285235174,0.9404174570470348,0.0,0.0,0.0,0.0,24.86874475440448,-19.84486187715155,False,True,False,True,False,0.0
2025-09-30 18:00:00+00:00,56.27,56.885,56.245,56.795,6497.0,57.61788460596838,58.8950509657202,58.94099908749609,58.3747913969526,59.498859741360704,58.7621437475833,59.00828757984739,"rgba(239, 83, 80, 1.0)",1.4072976531937829,59.00828757984739,-1.5727217158534,2,0.47119308463964843,0.9423861692792969,0.0,0.0,0.0,0.0,27.26867089821772,-19.84486187715155,False,True,False,True,True,0.0
2025-09-30 19:00:00+00:00,56.815,57.025,56.69,56.945,28437.0,57.615169981348615,58.883021855221116,58.88085163937578,58.367127778635975,59.469680718762355,58.73354096868672,58.944368688317205,"rgba(239, 83, 80, 1.0)",1.400707777974879,58.944368688317205,-1.4273988620294946,2,0.4732136666793034,0.9464273333586068,0.0,0.0,0.0,0.0,30.082402108277442,-19.84486187715155,False,True,False,True,True,0.0
2025-10-01 14:00:00+00:00,56.55,56.73,56.41,56.485,2936.0,57.61475866859385,58.881574890995275,58.87380190925889,58.36615769643009,59.46630776553758,58.73009508125562,58.937080124427574,"rgba(239, 83, 80, 1.0)",1.4040676525627307,58.937080124427574,-1.7464116632499807,2,0.47314462108866406,0.9462892421773281,0.0,0.0,0.0,0.0,30.100489631533,-19.84486187715155,False,True,False,True,True,0.0
2025-10-01 15:00:00+00:00,56.465,56.55,56.35,56.35,2619.0,57.6143493231177,58.88021679226785,58.867213956730986,58.36523399669963,59.463177225253354,58.72685532501107,58.9302447749227,"rgba(239, 83, 80, 1.0)",1.4128858175144152,58.9302447749227,-1.8262231405662557,2,0.4727473010561436,0.9454946021122872,0.0,0.0,0.0,0.0,29.620284196961066,-19.84486187715155,False,True,False,True,True,0.0
2025-10-01 16:00:00+00:00,56.34,56.395,56.135,56.215,2030.0,57.613987662556816,58.87909329414452,58.86178275368997,58.36445683547174,59.46062131513504,58.72416788716116,58.92455777728253,"rgba(239, 83, 80, 1.0)",1.4217815939520897,58.92455777728253,-1.9057482448839689,2,0.47069350517273967,0.9413870103454793,0.0,0.0,0.0,0.0,28.80100523606567,-19.84486187715155,False,True,False,True,True,0.0
2025-10-01 17:00:00+00:00,56.21,56.335,56.045,56.11,2682.0,57.613480414774486,58.87756250650644,58.85440933263104,58.36338973037011,59.45716152810296,58.720504623244025,58.91685344437788,"rgba(239, 83, 80, 1.0)",1.4524465473720607,58.91685344437788,-1.9325003384505766,2,0.4679975495834723,0.9359950991669446,0.0,0.0,0.0,0.0,27.858985739659175,-19.84486187715155,False,True,False,True,True,0.0
2025-10-01 18:00:00+00:00,56.135,56.28,56.04,56.11,8324.0,57.61188666828761,58.872787514250696,58.83161104740931,58.36005433655206,59.44640471200829,58.709113163706995,58.89357095966086,"rgba(239, 83, 80, 1.0)",1.4791618639688724,58.89357095966086,-1.88185689982029,2,0.465459990902886,0.930919981805772,0.0,0.0,0.0,0.0,27.230972742054846,-19.84486187715155,False,True,False,True,True,0.0
2025-10-01 19:00:00+00:00,56.12,56.17,55.73,55.76,15661.0,57.60837506481142,58.86300821033482,58.78574328006716,58.353082665951064,59.42479669255412,58.6858347978093,58.647458502442895,"rgba(239, 83, 80, 1.0)",1.5157215241391775,58.647458502442895,-1.9050059370785597,2,0.46241275611358934,0.9248255122271787,0.0,0.0,0.0,0.0,25.46404855483832,-20.064487102627986,False,True,False,True,False,0.0
2025-10-02 14:00:00+00:00,56.14,56.8,56.115,56.28,7906.0,57.607132976058956,58.85894021806642,58.76711840016632,58.35030515658181,59.4155509695098,58.67635015414416,58.639675057569306,"rgba(239, 83, 80, 1.0)",1.5369643152351846,58.639675057569306,-1.5352829172278017,2,0.4613435038118159,0.9226870076236318,0.0,0.0,0.0,0.0,29.660407808272197,-20.064487102627986,False,True,False,True,True,0.0
2025-10-02 15:00:00+00:00,56.285,56.36,56.02,56.165,3960.0,57.606400447808134,58.856728688692,58.757054934462516,58.34876281341069,59.4106100899102,58.67117989332149,58.63157654030152,"rgba(239, 83, 80, 1.0)",1.562475634404634,58.63157654030152,-1.5786336029754404,2,0.46002044462922287,0.9200408892584457,0.0,0.0,0.0,0.0,31.83808794110687,-22.82900045220367,False,True,False,True,True,0.0
2025-10-02 16:00:00+00:00,56.165,56.28,55.99,56.255,2393.0,57.605956081382125,58.85539072113407,58.75099589451923,58.347828985366746,59.40762551350232,58.66805757756014,58.62660202981599,"rgba(239, 83, 80, 1.0)",1.5869108696168686,58.62660202981599,-1.4944771475341714,2,0.4591063938658527,0.9182127877317054,0.0,0.0,0.0,0.0,34.16726524207038,-20.60857089362338,False,True,False,True,True,0.0
2025-10-02 17:00:00+00:00,56.24,56.65,56.205,56.555,11572.0,57.604253311844346,58.84964943154379,58.725402486586326,58.34393606738716,59.39458016226071,58.65484198321117,58.6106089130236,"rgba(239, 83, 80, 1.0)",1.6078825592450416,58.6106089130236,-1.278457124374046,2,0.46049714297124306,0.9209942859424861,0.0,0.0,0.0,0.0,38.4519243926179,-16.630942767828124,False,False,False,True,True,0.0
2025-10-02 18:00:00+00:00,56.545,56.79,56.465,56.75,13241.0,57.60265080032574,58.84365860846509,58.69932746690562,58.33997078912232,59.38079741785537,58.64126907425155,58.59583811043113,"rgba(239, 83, 80, 1.0)",1.6241313187487652,58.59583811043113,-1.136507922187702,2,0.4599837998863224,0.9199675997726448,0.0,0.0,0.0,0.0,42.88404965382172,-12.63521520216829,True,False,False,True,True,0.0
2025-10-02 19:00:00+00:00,56.755,56.875,56.655,56.79,21639.0,57.600336679079106,58.83440783636677,58.660239554991584,58.33393531815097,59.35943099339781,58.620641966519884,58.57293008734622,"rgba(239, 83, 80, 1.0)",1.640010225742695,58.57293008734622,-1.0871457137035871,2,0.46030899703128697,0.9206179940625739,0.0,0.0,0.0,0.0,46.16329396733687,-9.742419250913208,True,False,False,True,True,0.0
2025-10-03 14:00:00+00:00,57.265,57.705,57.195,57.605,4981.0,57.6002733430294,58.83303847488052,58.6548523178194,58.33319792246434,59.3559334341003,58.61780487246197,58.57326823731356,"rgba(38, 166, 154, 1.0)",1.6453512508697965,58.57326823731356,-0.5884872526773247,2,0.46271526771213706,0.9254305354242741,0.0,0.0,0.0,0.0,53.33283882324168,-3.3009273037153193,True,False,True,False,True,0.0
2025-10-03 15:00:00+00:00,57.6,57.63,57.375,57.62,11378.0,57.60018753539246,58.83001466230297,58.64315271488825,58.331599187630204,59.34816450245454,58.61160814145314,58.573410501855065,"rgba(38, 166, 154, 1.0)",1.6504917558219134,58.573410501855065,-0.5776523866247895,2,0.46769767737620793,0.9353953547524159,0.0,0.0,0.0,0.0,58.182631648293636,0.863283022337292,True,False,True,False,True,0.0
2025-10-03 16:00:00+00:00,57.63,57.96,57.555,57.885,14420.0,57.600557615411915,58.82696705216597,58.63206958302873,58.330241869289246,59.33980797105657,58.60572807248044,58.48649438691215,"rgba(38, 166, 154, 1.0)",1.6532824380062492,58.48649438691215,-0.363818288445327,2,0.47375440721122186,0.9475088144224437,0.0,0.0,0.0,0.0,62.64147184258255,4.73024034287598,True,False,True,False,True,0.0
2025-10-03 17:00:00+00:00,57.895,57.895,57.27,57.34,8737.0,57.600446764418756,58.82459540799851,58.623137733331056,58.32896203106999,59.33381603876367,58.60090277506822,58.47867781904508,"rgba(38, 166, 154, 1.0)",1.6607990777263353,58.47867781904508,-0.6856204548258477,2,0.4796563943160457,0.9593127886320914,0.0,0.0,0.0,0.0,60.61898789492829,4.73024034287598,True,False,True,False,True,0.0
2025-10-03 18:00:00+00:00,57.335,57.64,57.185,57.57,6462.0,57.600334563506095,58.8227982962526,58.616408860476874,58.3279761454038,59.32932120782851,58.59724282590096,58.47409001168469,"rgba(38, 166, 154, 1.0)",1.664372343346695,58.47409001168469,-0.54320177531114,2,0.4809197995388965,0.961839599077793,0.0,0.0,0.0,0.0,60.57967685575407,4.73024034287598,True,False,True,False,True,0.0
2025-10-03 19:00:00+00:00,57.575,57.905,57.54,57.825,12943.0,57.60059351829284,58.819983182485394,58.6065189231402,58.32667333915571,59.32178138775328,58.59185287012263,58.47585065434167,"rgba(38, 166, 154, 1.0)",1.6662132905873135,58.47585065434167,-0.3906166503522804,2,0.4829631707512792,0.9659263415025584,0.0,0.0,0.0,0.0,61.88800479046549,4.73024034287598,True,False,True,False,True,0.0
2025-10-06 14:00:00+00:00,56.86,57.225,56.64,56.87,4146.0,57.600228165144244,58.81837044865133,58.600296577625805,58.325640472840746,59.318085717174114,58.58840882554145,58.46796410033947,"rgba(38, 166, 154, 1.0)",1.678418796861419,58.46796410033947,-0.9520651838072883,2,0.4831638817177207,0.9663277634354414,0.0,0.0,0.0,0.0,56.325774695698264,4.73024034287598,True,False,True,False,False,0.0
2025-10-06 15:00:00+00:00,56.87,57.47,56.87,57.405,2344.0,57.60012268984954,58.817620652747856,58.597496210507856,58.325196072599674,59.316292941715155,58.58685763224446,58.46554589831959,"rgba(38, 166, 154, 1.0)",1.684278055300741,58.46554589831959,-0.6296738801422073,2,0.4844642927589886,0.9689285855179772,0.0,0.0,0.0,0.0,55.516013555583505,4.73024034287598,True,False,True,False,False,0.0
2025-10-06 16:00:00+00:00,57.395,57.69,57.295,57.67,2986.0,57.6001041949478,58.81685095692284,58.59474389166222,58.32478980179593,59.31434796905524,58.58533340614847,58.46454043971606,"rgba(38, 166, 154, 1.0)",1.687798416723862,58.46454043971606,-0.4707555308994298,2,0.48685483634964233,0.9737096726992847,0.0,0.0,0.0,0.0,56.224616335377036,4.73024034287598,True,False,True,False,False,0.0
2025-10-06 17:00:00+00:00,57.67,57.815,57.54,57.815,2063.0,57.60013668217062,58.81639180751301,58.593162348122235,58.324571631888766,59.31313733253963,58.5844574062124,58.46459217277485,"rgba(38, 166, 154, 1.0)",1.68090591994668,58.46459217277485,-0.3864536171039591,2,0.48927919854912955,0.9785583970982591,0.0,0.0,0.0,0.0,57.36945991519579,4.73024034287598,True,False,True,False,False,0.0
2025-10-06 18:00:00+00:00,57.815,57.815,57.52,57.57,3298.0,57.600151369279594,58.81559933865845,58.59039036478551,58.32417199120892,59.311098457805066,58.58291741338995,58.46400450127428,"rgba(38, 166, 154, 1.0)",1.6746465486971125,58.46400450127428,-0.5338466806442372,2,0.4917030045698786,0.9834060091397572,0.0,0.0,0.0,0.0,56.48183871003477,4.73024034287598,True,False,True,False,False,0.0
2025-10-06 19:00:00+00:00,57.57,57.77,57.5,57.77,7532.0,57.60022811905165,58.8138623050339,58.58441480169794,58.32332050551269,59.306585102792646,58.579585105462094,58.46316128586791,"rgba(38, 166, 154, 1.0)",1.666159504818067,58.46316128586791,-0.4160233662284315,2,0.4954317066270197,0.9908634132540394,0.0,0.0,0.0,0.0,56.95957436368667,4.73024034287598,True,False,True,False,False,0.0
2025-10-07 14:00:00+00:00,58.455,58.725,58.285,58.4,6587.0,57.60095863116862,58.81340293311153,58.58376178403334,58.323489869288416,59.30456554112209,58.57923255074899,58.47177325969013,"rgba(38, 166, 154, 1.0)",1.656498662788447,58.47177325969013,-0.04332829316584788,2,0.49903707749310305,0.9980741549862061,0.0,0.0,0.0,0.0,60.092956268453506,4.73024034287598,True,False,True,False,True,1.6248918205204212
2025-10-07 15:00:00+00:00,58.4,58.535,57.8,57.94,9011.0,57.601521791237545,58.81208634245547,58.579949375885754,58.32312426784929,59.30057322380741,58.577096131633475,58.47609141185652,"rgba(38, 166, 154, 1.0)",1.6472538517946615,58.47609141185652,-0.3254455354725443,2,0.5024663655022674,1.0049327310045348,0.0,0.0,0.0,0.0,59.05185064019958,4.73024034287598,True,False,True,False,True,0.0
2025-10-07 16:00:00+00:00,57.91,58.03,57.73,57.915,5658.0,57.601730721186634,58.81103328776873,58.57661741701199,58.322697443457805,59.29766735538148,58.575215461529176,58.47649037860556,"rgba(38, 166, 154, 1.0)",1.640330808758484,58.47649037860556,-0.3423031352014518,2,0.5055632778283673,1.0111265556567346,0.0,0.0,0.0,0.0,58.194895448627456,4.73024034287598,True,False,True,False,True,0.0
2025-10-07 17:00:00+00:00,57.915,58.11,57.86,57.925,3929.0,57.60191227962603,58.810361663059076,58.57456826485616,58.32245188901993,59.295761398654115,58.57405501412927,58.47714865960321,"rgba(38, 166, 154, 1.0)",1.6350384930863178,58.47714865960321,-0.3376976517298805,2,0.509404731113155,1.01880946222631,0.0,0.0,0.0,0.0,57.67936903229956,4.73024034287598,True,False,True,False,True,0.0
2025-10-07 18:00:00+00:00,57.93,57.985,57.78,57.875,3929.0,57.602051195725124,58.80962367999955,58.572248966186805,58.32214836017446,59.29373949402166,58.57273763422473,58.477186185420614,"rgba(38, 166, 154, 1.0)",1.6286723936279734,58.477186185420614,-0.3697405247222278,2,0.5096606389373988,1.0193212778747975,0.0,0.0,0.0,0.0,56.93593048894465,4.73024034287598,True,False,True,False,False,0.0
2025-10-07 19:00:00+00:00,57.87,58.055,57.74,57.975,7889.0,57.602373126048974,58.80821432830751,58.567927135042055,58.32159977059653,59.28982102649218,58.57027204793259,58.477621173324636,"rgba(38, 166, 154, 1.0)",1.6179769149457623,58.477621173324636,-0.31064792623538945,2,0.510588843262398,1.021177686524796,0.0,0.0,0.0,0.0,57.11551080033844,4.73024034287598,True,False,True,False,False,0.0
2025-10-08 14:00:00+00:00,57.64,58.475,57.64,58.435,13902.0,57.60339715170755,58.806468181598596,58.56346574912678,58.32126542416938,59.28427367017889,58.56770042922287,58.48307881912535,"rgba(38, 166, 154, 1.0)",1.6089156524121109,58.48307881912535,-0.029882746838387982,2,0.5116267246745307,1.0232534493490615,0.0,0.0,0.0,0.0,59.93525136704005,6.023493869523094,True,False,True,False,True,1.9283470502103093
2025-10-08 15:00:00+00:00,58.415,58.945,58.385,58.885,8033.0,57.60455191845282,58.80635834362491,58.56463007875692,58.32184736759825,59.282696680566005,58.56835320349864,58.455759216893384,"rgba(38, 166, 154, 1.0)",1.599701613505583,58.455759216893384,0.2683255298880251,2,0.5127861918946321,1.0255723837892643,0.0,0.0,0.0,0.0,63.80370074647075,9.73778498171184,True,False,True,False,True,4.208267689627569
2025-10-08 16:00:00+00:00,58.885,58.92,58.525,58.61,5193.0,57.60526212017412,58.80623200357107,58.56514597198748,58.3221746421086,59.281582655845085,58.56864097043647,58.45976766214793,"rgba(38, 166, 154, 1.0)",1.5868429845633036,58.45976766214793,0.0946737259536808,3,0.4390274638589699,1.3170823915769097,0.0,0.0,0.0,0.0,63.8439479598767,9.837982813332694,True,False,True,False,True,2.696563852824209
2025-10-08 17:00:00+00:00,58.615,58.635,58.435,58.485,4174.0,57.60574427575391,58.80599130032548,58.56498526100038,58.32231662963357,59.280440923267115,58.56854141251792,58.460333699065586,"rgba(38, 166, 154, 1.0)",1.5787581018459609,58.460333699065586,0.015623863406035544,3,0.43953164900584424,1.3185949470175327,0.0,0.0,0.0,0.0,62.77066658360427,9.837982813332694,True,False,True,False,True,2.014819194541939
2025-10-08 18:00:00+00:00,58.48,58.52,58.21,58.235,3919.0,57.60609905323115,58.80561140768447,58.56420348390902,58.32231618820645,59.27909621643371,58.56808354992041,58.45878255414076,"rgba(38, 166, 154, 1.0)",1.556205705618097,58.45878255414076,-0.14380011160020728,3,0.4394471679620691,1.3183415038862074,0.0,0.0,0.0,0.0,59.951997507357234,9.837982813332694,True,False,True,False,False,0.659972885307436
2025-10-08 19:00:00+00:00,58.235,58.505,58.215,58.425,12477.0,57.607320740435625,58.8045553556853,58.562355181199,58.322444241719005,59.275106779481725,58.566989286593056,58.46037665559438,"rgba(38, 166, 154, 1.0)",1.5262759305631275,58.46037665559438,-0.023178414129436685,4,0.36744599104245396,1.4697839641698158,0.0,0.0,0.0,0.0,59.317244729669156,13.245796412268163,True,False,True,False,False,1.6605280264394722
2025-10-09 14:00:00+00:00,58.065,58.45,58.05,58.325,5585.0,57.60779119223406,58.803965539843,58.56105862699208,58.32239846501167,59.273120651252555,58.566224083192814,58.46021598959402,"rgba(38, 166, 154, 1.0)",1.4954671812146925,58.46021598959402,-0.09041722298725875,4,0.3674092511705683,1.469637004682273,0.0,0.0,0.0,0.0,58.0011129841728,11.870218600589872,True,False,True,False,False,1.1103762685341465
2025-10-09 15:00:00+00:00,58.355,58.45,58.075,58.12,11791.0,57.608693110562086,58.80258387597528,58.557793264585676,58.322180140335576,59.26870284639864,58.56429155640134,58.459279074177424,"rgba(38, 166, 154, 1.0)",1.453982874107646,58.459279074177424,-0.2333446151390554,4,0.36725106562590965,1.4690042625036386,0.0,0.0,0.0,0.0,55.34829651950999,9.289874075380219,True,False,True,False,False,0.0
2025-10-09 16:00:00+00:00,58.12,58.325,58.07,58.135,15190.0,57.60977787179784,58.80069794407116,58.55321595097134,58.32180005665386,59.262860520048825,58.561563254464026,58.45813821892936,"rgba(38, 166, 154, 1.0)",1.4014399062431995,58.45813821892936,-0.2305758652153648,4,0.36711578585437854,1.4684631434175142,0.0,0.0,0.0,0.0,53.710577998712,7.70464634567724,True,False,True,False,False,0.06745245098150932
2025-10-09 17:00:00+00:00,58.135,58.395,58.09,58.37,35539.0,57.61278162226949,58.797087994469074,58.54588536719979,58.321576531723736,59.25077206349565,58.557082726662436,58.46329542164473,"rgba(38, 166, 154, 1.0)",1.3183509867726677,58.46329542164473,-0.07076675527290395,4,0.36708979926473784,1.4683591970589513,0.0,0.0,0.0,0.0,54.62821407180104,7.70464634567724,True,False,True,False,False,1.365912964819472
2025-10-09 18:00:00+00:00,58.365,58.38,58.22,58.315,11782.0,57.61380099756253,58.79594864849356,58.54372234564561,58.32154321891033,59.24691179075593,58.55573604395419,58.46506727183761,"rgba(38, 166, 154, 1.0)",1.2388516078636913,58.46506727183761,-0.12113417852876963,4,0.36718420243535943,1.4687368097414377,0.0,0.0,0.0,0.0,54.655950602533096,7.70464634567724,True,False,True,False,False,1.0511866938957084
2025-10-09 19:00:00+00:00,58.315,58.765,58.31,58.76,16719.0,57.61588188095416,58.79534516907649,58.54457720761616,58.32236822095099,59.24325368729537,58.55615685124776,58.474338414774856,"rgba(38, 166, 154, 1.0)",1.1616471413821114,58.474338414774856,0.24591080634457219,4,0.36765630170886476,1.470625206835459,0.0,0.0,0.0,0.0,57.99920618267883,4.147815179782555,True,False,True,False,True,3.4845370738155275
2025-10-10 14:00:00+00:00,58.87,58.94,57.32,57.44,6516.0,57.61611260483627,58.79420390295087,58.54143189250179,58.32190064393071,59.240245742522305,58.55423844560518,58.47141239107791,"rgba(239, 83, 80, 1.0)",1.1001129057535688,58.47141239107791,-0.9375513964827138,5,0.33219109132941266,1.6609554566470632,0.0,0.0,0.0,0.0,51.094081178143135,5.526319293643802,False,False,False,False,False,0.0
2025-10-10 15:00:00+00:00,57.44,57.585,56.25,56.42,2330.0,57.6158616588751,58.793273345147355,58.538314417357554,58.32127930401139,59.23825465434556,58.55235589617812,58.46682712311626,"rgba(239, 83, 80, 1.0)",1.0533542605402795,58.46682712311626,-1.9431517009922321,6,0.3892394250654889,2.3354365503929335,0.0,0.0,0.0,0.0,43.14576963924628,-1.4327084639165832,False,True,False,True,False,0.0
2025-10-10 16:00:00+00:00,56.42,56.625,56.135,56.16,5765.0,57.61492198258026,58.79047349633783,58.5287378846018,58.31930881127049,59.232462681955155,58.546567928660494,58.452417167010275,"rgba(239, 83, 80, 1.0)",0.9954283925450648,58.452417167010275,-2.3029453290448476,6,0.3847035047459478,2.3082210284756868,0.0,0.0,0.0,0.0,37.196088652814154,-6.3711406075236425,False,True,False,True,False,0.0
2025-10-10 17:00:00+00:00,56.1,56.17,55.595,56.095,10322.0,57.61278940794228,58.78476530975959,58.50910118039404,58.31517264322447,59.220903873565845,58.53465596769171,58.42323404536294,"rgba(239, 83, 80, 1.0)",0.9624989762485209,58.42323404536294,-2.4189470355984892,6,0.38012792842658333,2.2807675705595,0.0,0.0,0.0,0.0,33.063066826859725,-9.700971821061074,False,True,False,True,False,0.0
2025-10-10 18:00:00+00:00,56.095,56.12,55.76,55.76,22941.0,57.60786064504689,58.771834097732466,58.465290402591336,58.30574762840615,59.19493352193471,58.50782805464749,58.36203729203849,"rgba(239, 83, 80, 1.0)",0.9568956328944282,58.36203729203849,-2.719248790140068,5,0.29235992632059826,1.4617996316029913,0.0,0.0,0.0,0.0,29.45830916290471,-12.720650180756877,False,True,False,True,False,0.0
2025-10-10 19:00:00+00:00,55.77,55.87,55.035,55.055,44623.0,57.59527220479973,58.74220079276764,58.366542622438345,58.28343788712123,59.13721608793853,58.44637185569916,58.23323705084397,"rgba(239, 83, 80, 1.0)",0.9749588810919162,58.23323705084397,-3.2598677877414337,5,0.28764198622929416,1.4382099311464707,0.0,0.0,0.0,0.0,25.60387374564933,-16.12803292781436,False,True,False,True,False,0.0
