date,Open,High,Low,Close,Volume,aVWAP_BoS_CHoCH_bull_173,aVWAP_BoS_CHoCH_bull_239,aVWAP_BoS_CHoCH_bull_317,aVWAP_BoS_CHoCH_bull_516,aVWAP_BoS_CHoCH_bull_621,aVWAP_BoS_CHoCH_bear_486,Peaks_Valleys_avg,color,StDev,StDev_Mean,StdDev_ZScore,MA_Cross_Count,MA_Avg_Deviation_Z,MA_Oscillation_Score,BoS,CHoCH,BoS_CHoCH_Price,BoS_CHoCH_Break_Index,QQEMOD,QQE1_Value,QQE1_Above_Upper,QQE1_Below_Lower,QQE2_Above_Threshold,QQE2_Below_Threshold,QQE2_Above_TL,banker_RSI
2025-03-25 14:00:00+00:00,26.63,26.63,26.63,26.63,0.0,,,,,,,,"rgba(38, 166, 154, 1.0)",,,,0,,,0.0,0.0,0.0,0.0,,,False,False,False,False,False,
2025-03-25 15:00:00+00:00,26.63,26.63,26.63,26.63,0.0,,,,,,,,"rgba(38, 166, 154, 1.0)",,,,0,,,0.0,0.0,0.0,0.0,,,False,False,False,False,False,
2025-03-25 16:00:00+00:00,26.63,26.63,26.63,26.63,0.0,,,,,,,,"rgba(38, 166, 154, 1.0)",,,,0,,,0.0,0.0,0.0,0.0,,,False,False,False,False,False,
2025-03-25 17:00:00+00:00,26.63,26.63,26.63,26.63,0.0,,,,,,,,"rgba(38, 166, 154, 1.0)",,,,0,,,0.0,0.0,0.0,0.0,,,False,False,False,False,False,
2025-03-25 18:00:00+00:00,26.63,26.63,26.63,26.63,0.0,,,,,,,,"rgba(38, 166, 154, 1.0)",,,,0,,,0.0,0.0,0.0,0.0,,,False,False,False,False,False,
2025-03-25 19:00:00+00:00,26.63,26.63,26.63,26.63,0.0,,,,,,,,"rgba(38, 166, 154, 1.0)",,,,0,,,0.0,0.0,0.0,0.0,,,False,False,False,False,False,
2025-03-26 14:00:00+00:00,26.63,26.63,26.63,26.63,0.0,,,,,,,,"rgba(38, 166, 154, 1.0)",,,,0,,,0.0,0.0,0.0,0.0,,,False,False,False,False,False,
2025-03-26 15:00:00+00:00,26.63,26.63,26.63,26.63,0.0,,,,,,,,"rgba(38, 166, 154, 1.0)",,,,0,,,0.0,0.0,0.0,0.0,,,False,False,False,False,False,
2025-03-26 16:00:00+00:00,26.63,26.63,26.63,26.63,0.0,,,,,,,,"rgba(38, 166, 154, 1.0)",,,,0,,,0.0,0.0,0.0,0.0,,,False,False,False,False,False,
2025-03-26 17:00:00+00:00,26.63,26.63,26.63,26.63,0.0,,,,,,,,"rgba(38, 166, 154, 1.0)",,,,0,,,0.0,0.0,0.0,0.0,,,False,False,False,False,False,
2025-03-26 18:00:00+00:00,26.63,26.63,26.63,26.63,0.0,,,,,,,,"rgba(38, 166, 154, 1.0)",,,,0,,,0.0,0.0,0.0,0.0,,,False,False,False,False,False,
2025-03-26 19:00:00+00:00,26.63,26.63,26.6,26.6,2.0,,,,,,,26.610000000000003,"rgba(239, 83, 80, 1.0)",,26.610000000000003,,0,,,0.0,0.0,0.0,0.0,0.0,,False,False,False,True,False,
2025-03-27 14:00:00+00:00,26.6,26.6,26.6,26.6,0.0,,,,,,,26.610000000000003,"rgba(239, 83, 80, 1.0)",,26.610000000000003,,0,,,0.0,0.0,0.0,0.0,0.0,-50.0,False,False,False,True,True,
2025-03-27 15:00:00+00:00,26.6,26.6,26.59,26.59,1.0,,,,,,,26.604444444444443,"rgba(239, 83, 80, 1.0)",,26.604444444444443,,0,,,0.0,0.0,0.0,0.0,0.0,-50.0,False,False,False,True,True,
2025-03-27 16:00:00+00:00,26.59,26.59,26.2,26.2,200.0,,,,,,,26.33270388615216,"rgba(239, 83, 80, 1.0)",,26.33270388615216,,0,,,0.0,0.0,0.0,0.0,0.0,-50.0,False,False,False,True,True,
2025-03-27 17:00:00+00:00,26.2,26.2,26.2,26.2,0.0,,,,,,,26.33270388615216,"rgba(239, 83, 80, 1.0)",,26.33270388615216,,0,,,0.0,0.0,0.0,0.0,0.0,-50.0,False,False,False,True,True,
2025-03-27 18:00:00+00:00,26.2,26.2,26.2,26.2,0.0,,,,,,,26.33270388615216,"rgba(239, 83, 80, 1.0)",,26.33270388615216,,0,,,0.0,0.0,0.0,0.0,0.0,-50.0,False,False,False,True,True,
2025-03-27 19:00:00+00:00,26.2,26.53,26.2,26.26,132.0,,,,,,,26.33081923714759,"rgba(239, 83, 80, 1.0)",,26.33081923714759,,0,,,0.0,0.0,0.0,0.0,5.634588146458052,-44.928870668187756,False,False,False,True,True,
2025-03-28 14:00:00+00:00,26.55,26.55,26.55,26.55,0.0,,,,,,,26.33081923714759,"rgba(38, 166, 154, 1.0)",,26.33081923714759,,0,,,0.0,0.0,0.0,0.0,22.656847392477076,-29.946912635558114,False,False,False,True,True,
2025-03-28 15:00:00+00:00,26.55,26.55,26.55,26.55,0.0,,,,,,,26.33081923714759,"rgba(38, 166, 154, 1.0)",,26.33081923714759,,0,,,0.0,0.0,0.0,0.0,34.00502022315642,-20.935199463394504,False,False,False,True,True,
2025-03-28 16:00:00+00:00,26.55,26.55,26.55,26.55,0.0,,,,,,,26.33081923714759,"rgba(38, 166, 154, 1.0)",,26.33081923714759,,0,,,0.0,0.0,0.0,0.0,41.57046877694266,-15.424021158974924,False,False,False,True,True,
2025-03-28 17:00:00+00:00,26.55,26.55,26.55,26.55,0.0,,,,,,,26.33081923714759,"rgba(38, 166, 154, 1.0)",,26.33081923714759,,0,,,0.0,0.0,0.0,0.0,46.614101146133486,-11.91970538886114,False,False,False,False,True,
2025-03-28 18:00:00+00:00,26.55,26.55,26.55,26.55,0.0,,,,,,,26.33081923714759,"rgba(38, 166, 154, 1.0)",,26.33081923714759,,0,,,0.0,0.0,0.0,0.0,49.97652272559404,-9.537336329356165,False,False,True,False,True,
2025-03-28 19:00:00+00:00,26.55,26.55,26.55,26.55,0.0,,,,,,,26.33081923714759,"rgba(38, 166, 154, 1.0)",,26.33081923714759,,0,,,0.0,0.0,0.0,0.0,52.21813711190107,-7.766562632253397,False,False,True,False,True,
2025-03-31 14:00:00+00:00,26.55,26.55,26.55,26.55,0.0,,,,,,,26.33081923714759,"rgba(38, 166, 154, 1.0)",,26.33081923714759,,0,,,0.0,0.0,0.0,0.0,53.71254670277243,-6.323544051793725,False,False,True,False,True,
2025-03-31 15:00:00+00:00,26.55,26.55,26.55,26.55,0.0,,,,,,,26.33081923714759,"rgba(38, 166, 154, 1.0)",,26.33081923714759,,0,,,0.0,0.0,0.0,0.0,54.70881976335333,-5.058344913751739,False,False,True,False,True,
2025-03-31 16:00:00+00:00,26.55,26.55,26.55,26.55,0.0,,,,,,,26.33081923714759,"rgba(38, 166, 154, 1.0)",,26.33081923714759,,0,,,0.0,0.0,0.0,0.0,55.3730018037406,-3.897781800743914,False,False,True,False,True,
2025-03-31 17:00:00+00:00,26.55,26.55,26.55,26.55,0.0,,,,,,,26.33081923714759,"rgba(38, 166, 154, 1.0)",,26.33081923714759,,0,,,0.0,0.0,0.0,0.0,55.815789830665445,-2.8107573458550092,False,False,True,False,True,
2025-03-31 18:00:00+00:00,26.55,26.55,26.55,26.55,0.0,,,,,,,26.33081923714759,"rgba(38, 166, 154, 1.0)",,26.33081923714759,,0,,,0.0,0.0,0.0,0.0,56.11098184861534,-1.78771132874229,False,False,True,False,True,
2025-03-31 19:00:00+00:00,26.55,26.55,26.55,26.55,0.0,,,,,,,26.33081923714759,"rgba(38, 166, 154, 1.0)",,26.33081923714759,,0,,,0.0,0.0,0.0,0.0,56.307776527248606,-0.8288218314138334,False,False,True,False,True,
2025-04-01 14:00:00+00:00,26.55,26.55,26.55,26.55,0.0,,,,,,,26.33081923714759,"rgba(38, 166, 154, 1.0)",,26.33081923714759,,0,,,0.0,0.0,0.0,0.0,56.43897297967078,0.06245959407753787,False,False,True,False,True,
2025-04-01 15:00:00+00:00,26.55,26.55,26.55,26.55,0.0,,,,,,,26.33081923714759,"rgba(38, 166, 154, 1.0)",,26.33081923714759,,0,,,0.0,0.0,0.0,0.0,56.52643728128557,0.8826923837188616,False,False,True,False,True,
2025-04-01 16:00:00+00:00,26.55,26.55,26.55,26.55,0.0,,,,,,,26.33081923714759,"rgba(38, 166, 154, 1.0)",,26.33081923714759,,0,,,0.0,0.0,0.0,0.0,56.584746815695425,1.6298925929273906,False,False,True,False,True,
2025-04-01 17:00:00+00:00,26.55,26.55,26.55,26.55,0.0,,,,,,,26.33081923714759,"rgba(38, 166, 154, 1.0)",,26.33081923714759,,0,,,0.0,0.0,0.0,0.0,56.62361983863533,2.3039625143551703,False,False,True,False,True,
2025-04-01 18:00:00+00:00,26.55,26.55,26.55,26.55,0.0,,,,,,,26.33081923714759,"rgba(38, 166, 154, 1.0)",,26.33081923714759,,0,,,0.0,0.0,0.0,0.0,56.64953518726193,2.906598636122567,False,False,True,False,True,
2025-04-01 19:00:00+00:00,26.55,26.55,26.55,26.55,0.0,,,,,,,26.33081923714759,"rgba(38, 166, 154, 1.0)",,26.33081923714759,,0,,,0.0,0.0,0.0,0.0,56.66681208634633,3.440966602154205,False,False,True,False,True,
2025-04-02 14:00:00+00:00,26.55,26.55,26.55,26.55,0.0,,,,,,,26.33081923714759,"rgba(38, 166, 154, 1.0)",,26.33081923714759,,0,,,0.0,0.0,0.0,0.0,56.678330019069264,3.911304843818762,False,False,True,False,True,
2025-04-02 15:00:00+00:00,26.55,26.55,26.55,26.55,0.0,,,,,,,26.33081923714759,"rgba(38, 166, 154, 1.0)",,26.33081923714759,,0,,,0.0,0.0,0.0,0.0,56.68600864088455,4.322541608185176,False,False,True,False,True,
2025-04-02 16:00:00+00:00,26.55,26.55,26.55,26.55,0.0,,,,,,,26.33081923714759,"rgba(38, 166, 154, 1.0)",,26.33081923714759,,0,,,0.0,0.0,0.0,0.0,56.69112772209475,4.67996467381505,False,False,True,False,True,
2025-04-02 17:00:00+00:00,26.55,26.55,26.55,26.55,0.0,,,,,,,26.33081923714759,"rgba(38, 166, 154, 1.0)",,26.33081923714759,,0,,,0.0,0.0,0.0,0.0,56.69454044290154,4.988957194500948,False,False,True,False,True,
2025-04-02 18:00:00+00:00,26.55,26.55,26.55,26.55,0.0,,,,,,,26.33081923714759,"rgba(38, 166, 154, 1.0)",,26.33081923714759,,0,,,0.0,0.0,0.0,0.0,56.69681559010607,5.254799228843673,False,False,True,False,True,
2025-04-02 19:00:00+00:00,26.55,26.55,26.55,26.55,0.0,,,,,,,26.33081923714759,"rgba(38, 166, 154, 1.0)",,26.33081923714759,,0,,,0.0,0.0,0.0,0.0,56.69833235490909,5.482527779385336,False,False,True,False,True,
2025-04-03 14:00:00+00:00,26.55,26.55,26.55,26.55,0.0,,,,,,,26.33081923714759,"rgba(38, 166, 154, 1.0)",,26.33081923714759,,0,,,0.0,0.0,0.0,0.0,56.69934353144444,5.676845564160828,False,False,True,False,True,
2025-04-03 15:00:00+00:00,26.55,26.55,26.55,26.55,0.0,,,,,,,26.33081923714759,"rgba(38, 166, 154, 1.0)",,26.33081923714759,,0,,,0.0,0.0,0.0,0.0,56.70001764913467,5.842068418047077,False,False,True,False,True,
2025-04-03 16:00:00+00:00,26.55,26.55,26.55,26.55,0.0,,,,,,,26.33081923714759,"rgba(38, 166, 154, 1.0)",,26.33081923714759,,0,,,0.0,0.0,0.0,0.0,56.70046706092816,5.982102049070171,False,False,True,False,True,
2025-04-03 17:00:00+00:00,26.55,26.55,26.55,26.55,0.0,,,,,,,26.33081923714759,"rgba(38, 166, 154, 1.0)",,26.33081923714759,,0,,,0.0,0.0,0.0,0.0,56.700766668790486,6.100440196927529,False,False,True,False,True,
2025-04-03 18:00:00+00:00,26.55,26.55,26.55,26.55,0.0,,,,,,,26.33081923714759,"rgba(38, 166, 154, 1.0)",,26.33081923714759,,0,,,0.0,0.0,0.0,0.0,56.70096640736537,6.2001776861162625,False,False,True,False,True,
2025-04-03 19:00:00+00:00,26.55,26.55,26.24,26.24,3.0,,,,,,,26.34333333333334,"rgba(239, 83, 80, 1.0)",,26.34333333333334,,0,,,0.0,0.0,0.0,0.0,38.940365200291396,-8.866521666994927,False,False,False,True,False,
2025-04-04 14:00:00+00:00,26.24,26.24,26.24,26.24,0.0,,,,,,,26.34333333333334,"rgba(239, 83, 80, 1.0)",,26.34333333333334,,0,,,0.0,0.0,0.0,0.0,27.099964395575405,-18.527519293210542,False,False,False,True,False,
2025-04-04 15:00:00+00:00,26.24,26.24,26.24,26.24,0.0,,,,,,,26.34333333333334,"rgba(239, 83, 80, 1.0)",,26.34333333333334,,0,,,0.0,0.0,0.0,0.0,19.206363859098076,-24.41184239424846,False,False,False,True,False,0.0
2025-04-04 16:00:00+00:00,26.24,26.24,26.24,26.24,0.0,,,,,,,26.34333333333334,"rgba(239, 83, 80, 1.0)",,26.34333333333334,,0,,,0.0,0.0,0.0,0.0,13.943963501446525,-28.11733690731977,False,False,False,True,False,0.0
2025-04-04 17:00:00+00:00,26.24,26.24,26.24,26.24,0.0,,,,,,,26.34333333333334,"rgba(239, 83, 80, 1.0)",,26.34333333333334,,0,,,0.0,0.0,0.0,0.0,10.43569659634549,-30.595905365028695,False,True,False,True,False,0.0
2025-04-04 18:00:00+00:00,26.24,26.24,26.24,26.24,0.0,,,,,,,26.34333333333334,"rgba(239, 83, 80, 1.0)",,26.34333333333334,,0,,,0.0,0.0,0.0,0.0,8.096851992944801,-32.400594423303396,False,True,False,True,False,0.0
2025-04-04 19:00:00+00:00,26.24,26.24,26.24,26.24,0.0,,,,,,,26.34333333333334,"rgba(239, 83, 80, 1.0)",,26.34333333333334,,0,,,0.0,0.0,0.0,0.0,6.53762225734434,-33.842143779813256,False,True,False,True,False,0.0
2025-04-07 14:00:00+00:00,26.24,26.24,26.24,26.24,0.0,,,,,,,26.34333333333334,"rgba(239, 83, 80, 1.0)",,26.34333333333334,,0,,,0.0,0.0,0.0,0.0,5.498135766944033,-35.08717553706924,False,True,False,True,False,0.0
2025-04-07 15:00:00+00:00,26.24,26.24,26.24,26.24,0.0,,,,,,,26.34333333333334,"rgba(239, 83, 80, 1.0)",,26.34333333333334,,0,,,0.0,0.0,0.0,0.0,4.805144773343828,-36.21900394993652,False,True,False,True,False,0.0
2025-04-07 16:00:00+00:00,26.24,26.24,25.73,25.73,100.0,,,,,,,25.912266990291265,"rgba(239, 83, 80, 1.0)",,25.912266990291265,,0,,,0.0,0.0,0.0,0.0,3.412077706150097,-38.1126543098106,False,True,False,True,False,0.0
2025-04-07 17:00:00+00:00,25.73,25.77,25.73,25.77,43.0,,,,,,,25.860883801130377,"rgba(239, 83, 80, 1.0)",,25.860883801130377,,0,,,0.0,0.0,0.0,0.0,4.710525665450394,-38.1126543098106,False,True,False,True,False,0.0
2025-04-07 18:00:00+00:00,25.77,25.77,25.77,25.77,0.0,,,,,,,25.860883801130377,"rgba(239, 83, 80, 1.0)",,25.860883801130377,,0,,,0.0,0.0,0.0,0.0,5.576157638317258,-38.1126543098106,False,True,False,True,False,0.0
2025-04-07 19:00:00+00:00,25.77,25.77,25.77,25.77,0.0,,,,,,,25.860883801130377,"rgba(239, 83, 80, 1.0)",,25.860883801130377,,0,,,0.0,0.0,0.0,0.0,6.153245620228501,-38.1126543098106,False,True,False,True,False,0.0
2025-04-08 14:00:00+00:00,25.77,26.02,25.77,26.02,2.0,,,,,,,25.862187387387387,"rgba(38, 166, 154, 1.0)",,25.862187387387387,,0,,,0.0,0.0,0.0,0.0,18.10430524891301,-39.207779317806896,False,True,False,True,True,0.0
2025-04-08 15:00:00+00:00,26.02,26.02,26.02,26.02,0.0,,,,,,,25.862187387387387,"rgba(38, 166, 154, 1.0)",,25.862187387387387,,0,,,0.0,0.0,0.0,0.0,26.071678334702682,-32.08946006973862,False,True,False,True,True,0.0
2025-04-08 16:00:00+00:00,26.02,26.02,26.02,26.02,0.0,,,,,,,25.862187387387387,"rgba(38, 166, 154, 1.0)",,25.862187387387387,,0,,,0.0,0.0,0.0,0.0,31.3832603918958,-27.525985138228855,False,True,False,True,True,0.0
2025-04-08 17:00:00+00:00,26.02,26.02,26.02,26.02,0.0,,,,,,,25.862187387387387,"rgba(38, 166, 154, 1.0)",,25.862187387387387,,0,,,0.0,0.0,0.0,0.0,34.92431509669121,-24.461454643145345,False,False,False,True,True,0.0
2025-04-08 18:00:00+00:00,26.02,26.02,26.02,26.02,0.0,,,,,,,25.862187387387387,"rgba(38, 166, 154, 1.0)",,25.862187387387387,,0,,,0.0,0.0,0.0,0.0,37.285018233221486,-22.266366524890252,False,False,False,True,True,0.0
2025-04-08 19:00:00+00:00,26.02,26.02,26.02,26.02,0.0,,,,,,,25.862187387387387,"rgba(38, 166, 154, 1.0)",,25.862187387387387,,0,,,0.0,0.0,0.0,0.0,38.85882032424167,-20.57388286434373,False,False,False,True,True,0.0
2025-04-09 14:00:00+00:00,26.02,26.02,26.02,26.02,0.0,,,,,,,25.862187387387387,"rgba(38, 166, 154, 1.0)",,25.862187387387387,,0,,,0.0,0.0,0.0,0.0,39.90802171825513,-19.17633727769135,False,False,False,True,True,0.0
2025-04-09 15:00:00+00:00,26.02,26.02,26.02,26.02,0.0,,,,,,,25.862187387387387,"rgba(38, 166, 154, 1.0)",,25.862187387387387,,0,,,0.0,0.0,0.0,0.0,40.6074893142641,-17.960501798156507,False,False,False,True,True,0.0
2025-04-09 16:00:00+00:00,26.02,26.02,26.02,26.02,0.0,,,,,,,25.862187387387387,"rgba(38, 166, 154, 1.0)",,25.862187387387387,,0,,,0.0,0.0,0.0,0.0,41.07380104493675,-16.867626150597737,False,False,False,True,True,0.0
2025-04-09 17:00:00+00:00,26.02,26.02,26.02,26.02,0.0,,,,,,,25.862187387387387,"rgba(38, 166, 154, 1.0)",,25.862187387387387,,0,,,0.0,0.0,0.0,0.0,41.38467553205185,-15.869181117565653,True,False,False,True,True,0.0
2025-04-09 18:00:00+00:00,26.02,26.02,26.02,26.02,0.0,,,,,,,25.862187387387387,"rgba(38, 166, 154, 1.0)",,25.862187387387387,,0,,,0.0,0.0,0.0,0.0,41.591925190128585,-14.95245700992502,True,False,False,True,True,0.0
2025-04-09 19:00:00+00:00,26.02,26.02,26.02,26.02,0.0,,,,,,,25.862187387387387,"rgba(38, 166, 154, 1.0)",,25.862187387387387,,0,,,0.0,0.0,0.0,0.0,41.73009162884641,-14.112268279355938,True,False,False,True,True,0.0
2025-04-10 14:00:00+00:00,26.02,26.02,26.02,26.02,0.0,,,,,,,25.862187387387387,"rgba(38, 166, 154, 1.0)",,25.862187387387387,,0,,,0.0,0.0,0.0,0.0,41.822202587991626,-13.34637975301235,True,False,False,True,True,0.0
2025-04-10 15:00:00+00:00,26.02,26.02,26.02,26.02,0.0,,,,,,,25.862187387387387,"rgba(38, 166, 154, 1.0)",,25.862187387387387,,0,,,0.0,0.0,0.0,0.0,41.88360989408844,-12.6531522408781,True,False,False,True,True,0.0
2025-04-10 16:00:00+00:00,26.02,26.02,26.02,26.02,0.0,,,,,,,25.862187387387387,"rgba(38, 166, 154, 1.0)",0.2703473241511304,25.862187387387387,0.5837402426975458,0,,,0.0,0.0,0.0,0.0,41.924548098152975,-12.030472439957393,True,False,False,True,True,0.0
2025-04-10 17:00:00+00:00,26.02,26.02,26.02,26.02,0.0,,,,,,,25.862187387387387,"rgba(38, 166, 154, 1.0)",0.271301036216696,25.862187387387387,0.5816882044142413,0,,,0.0,0.0,0.0,0.0,41.951840234196,-11.47539407400631,True,False,False,True,True,0.0
2025-04-10 18:00:00+00:00,26.02,26.02,26.02,26.02,0.0,,,,,,,25.862187387387387,"rgba(38, 166, 154, 1.0)",0.272005034399622,25.862187387387387,0.5801826902246198,0,,,0.0,0.0,0.0,0.0,41.970034991558016,-10.984146232911243,True,False,False,True,True,0.0
2025-04-10 19:00:00+00:00,26.02,26.02,25.37,25.88,161.0,,,,,,,25.785778433487735,"rgba(239, 83, 80, 1.0)",0.27512205317666744,25.785778433487735,0.3424718790236719,0,,,0.0,0.0,0.0,0.0,33.465517228166675,-13.150770993592857,False,False,False,True,False,0.0
2025-04-11 14:00:00+00:00,25.88,25.88,25.88,25.88,0.0,,,,,,,25.785778433487735,"rgba(239, 83, 80, 1.0)",0.27783960633222876,25.785778433487735,0.3391221566863212,0,,,0.0,0.0,0.0,0.0,27.795838719239114,-18.1139305683437,False,False,False,True,False,0.0
2025-04-11 15:00:00+00:00,25.88,25.88,25.88,25.88,0.0,,,,,,,25.785778433487735,"rgba(239, 83, 80, 1.0)",0.28016931817536345,25.785778433487735,0.33630223011532173,0,,,0.0,0.0,0.0,0.0,24.01605304662074,-21.22717478432383,False,True,False,True,False,0.0
2025-04-11 16:00:00+00:00,25.88,25.88,25.88,25.88,0.0,,,,,,,25.785778433487735,"rgba(239, 83, 80, 1.0)",0.282120797078389,25.785778433487735,0.333975968762359,0,,,0.0,0.0,0.0,0.0,21.496195931541827,-23.25873054240859,False,True,False,True,False,0.0
2025-04-11 17:00:00+00:00,25.88,25.88,25.88,25.88,0.0,,,,,,,25.785778433487735,"rgba(239, 83, 80, 1.0)",0.2837018483174552,25.785778433487735,0.33211474324563556,0,,,0.0,0.0,0.0,0.0,19.816291188155883,-24.667934884021662,False,True,False,True,False,0.0
2025-04-11 18:00:00+00:00,25.88,25.88,25.88,25.88,0.0,,,,,,,25.785778433487735,"rgba(239, 83, 80, 1.0)",0.28491863861571526,25.785778433487735,0.33069639448665716,0,,,0.0,0.0,0.0,0.0,18.696354692565254,-25.72326043003149,False,True,False,True,False,0.0
2025-04-11 19:00:00+00:00,25.88,26.1,25.88,26.1,3.0,,,,,,,25.789096409008796,"rgba(38, 166, 154, 1.0)",0.28278906919762614,25.789096409008796,1.0994187005648794,0,,,0.0,0.0,0.0,0.0,36.31806302635571,-20.842628297062173,True,False,False,True,True,0.0
2025-04-14 14:00:00+00:00,26.1,26.1,26.1,26.1,0.0,,,,,,,25.789096409008796,"rgba(38, 166, 154, 1.0)",0.28046293776444287,25.789096409008796,1.108537168830235,0,,,0.0,0.0,0.0,0.0,48.06586858221601,-10.99457176930055,True,False,True,False,True,0.0
2025-04-14 15:00:00+00:00,26.1,26.1,26.1,26.1,0.0,,,,,,,25.789096409008796,"rgba(38, 166, 154, 1.0)",0.27793530908475544,25.789096409008796,1.1186185447794144,0,,,0.0,0.0,0.0,0.0,55.89773895278955,-4.799310199706852,True,False,True,False,True,0.0
2025-04-14 16:00:00+00:00,26.1,26.1,26.1,26.1,0.0,,,,,,,25.789096409008796,"rgba(38, 166, 154, 1.0)",0.27572887845566174,25.789096409008796,1.1275699256913359,0,,,0.0,0.0,0.0,0.0,61.11898586650524,-0.719735643889976,True,False,True,False,True,0.0
2025-04-14 17:00:00+00:00,26.1,26.1,26.1,26.1,0.0,,,,,,,25.789096409008796,"rgba(38, 166, 154, 1.0)",0.27333990323899937,25.789096409008796,1.1374248227466521,0,,,0.0,0.0,0.0,0.0,64.5998171423157,2.155891055699996,True,False,True,False,True,0.0
2025-04-14 18:00:00+00:00,26.1,26.21,26.09,26.09,291.0,,,,,,,25.978610181822877,"rgba(38, 166, 154, 1.0)",0.2710129813053962,25.978610181822877,0.4110128512685582,0,,,0.0,0.0,0.0,0.0,65.69765951304052,3.254375304035861,True,False,True,False,True,0.0
2025-04-14 19:00:00+00:00,26.09,26.09,26.09,26.09,0.0,,,,,,,25.978610181822877,"rgba(38, 166, 154, 1.0)",0.2715455928734842,25.978610181822877,0.410206687570956,0,,,0.0,0.0,0.0,0.0,66.42955442685707,4.411222896502004,True,False,True,False,True,0.0
2025-04-15 14:00:00+00:00,26.09,26.09,26.09,26.09,0.0,,,,,,,25.978610181822877,"rgba(38, 166, 154, 1.0)",0.27206914860311643,25.978610181822877,0.4094173071405988,0,,,0.0,0.0,0.0,0.0,66.91748436940145,5.60306282034189,True,False,True,False,True,0.0
2025-04-15 15:00:00+00:00,26.09,26.09,26.09,26.09,0.0,,,,,,,25.978610181822877,"rgba(38, 166, 154, 1.0)",0.2725837006753649,25.978610181822877,0.40864445636749086,0,,,0.0,0.0,0.0,0.0,67.24277099776435,6.798900035860015,True,False,True,False,True,0.0
2025-04-15 16:00:00+00:00,26.09,26.09,26.09,26.09,0.0,,,,,,,25.978610181822877,"rgba(38, 166, 154, 1.0)",0.27310909281197443,25.978610181822877,0.40785832881005957,0,,,0.0,0.0,0.0,0.0,67.45962875000629,7.968979227133268,True,False,True,False,True,0.0
2025-04-15 17:00:00+00:00,26.09,26.09,26.09,26.09,0.0,,,,,,,25.978610181822877,"rgba(38, 166, 154, 1.0)",0.2711262463160744,25.978610181822877,0.41084114758578916,0,,,0.0,0.0,0.0,0.0,67.60420058483425,9.088781580373393,True,False,True,False,True,0.0
2025-04-15 18:00:00+00:00,26.09,26.09,26.09,26.09,0.0,,,,,,,25.978610181822877,"rgba(38, 166, 154, 1.0)",0.2689870890099697,25.978610181822877,0.41410841905871104,0,,,0.0,0.0,0.0,0.0,67.7005818080529,10.140288973232401,True,False,True,False,True,0.0
2025-04-15 19:00:00+00:00,26.09,26.39,26.09,26.39,4.0,,,,,,,26.02929264371061,"rgba(38, 166, 154, 1.0)",0.26699374085858457,26.02929264371061,1.3509955519161174,0,,,0.0,0.0,0.0,0.0,76.0925592013856,18.606761089194478,True,False,True,False,True,9.12447781761141
2025-04-16 14:00:00+00:00,26.39,26.39,26.39,26.39,0.0,,,,,,,26.02929264371061,"rgba(38, 166, 154, 1.0)",0.2649679905876169,26.02929264371061,1.3613242697333183,0,,,0.0,0.0,0.0,0.0,81.68721079694072,23.98905607216453,True,False,True,False,True,9.124477817611389
2025-04-16 15:00:00+00:00,26.39,26.39,26.39,26.39,0.0,,,,,,,26.02929264371061,"rgba(38, 166, 154, 1.0)",0.2629090892099256,26.02929264371061,1.371985112319101,0,,,0.0,0.0,0.0,0.0,85.4169785273108,27.51786498643422,True,False,True,False,True,9.124477817611389
2025-04-16 16:00:00+00:00,26.39,26.39,26.39,26.39,0.0,,,,,,,26.02929264371061,"rgba(38, 166, 154, 1.0)",0.26081625163536226,26.02929264371061,1.3829941732069833,0,,,0.0,0.0,0.0,0.0,87.90349034755752,29.94307652398706,True,False,True,False,True,9.124477817611389
2025-04-16 17:00:00+00:00,26.39,26.39,26.39,26.39,0.0,,,,,,,26.02929264371061,"rgba(38, 166, 154, 1.0)",0.25868865421549386,26.02929264371061,1.3943686760568728,0,,,0.0,0.0,0.0,0.0,89.56116489438867,31.714167988153847,True,False,True,False,True,9.12447781761141
2025-04-16 18:00:00+00:00,26.39,26.39,26.39,26.39,0.0,,,,,,,26.02929264371061,"rgba(38, 166, 154, 1.0)",0.2565254320672726,26.02929264371061,1.4061270782492963,3,0.5880449469989526,1.7641348409968578,0.0,0.0,0.0,0.0,90.66628125894277,33.09523941959674,True,False,True,False,True,9.124477817611389
2025-04-16 19:00:00+00:00,26.39,26.39,26.39,26.39,0.0,,,,,,,26.02929264371061,"rgba(38, 166, 154, 1.0)",0.25432567615078344,26.02929264371061,1.4182891863247729,3,0.5923079735263238,1.7769239205789713,0.0,0.0,0.0,0.0,91.40302550197885,34.23776215471186,True,False,True,False,True,9.124477817611389
2025-04-17 14:00:00+00:00,26.39,26.39,26.39,26.39,0.0,,,,,,,26.02929264371061,"rgba(38, 166, 154, 1.0)",0.2520884300728224,26.02929264371061,1.430876284902058,3,0.5967132963307715,1.7901398889923146,0.0,0.0,0.0,0.0,91.89418833066955,35.226117469354776,True,False,True,False,True,9.124477817611389
2025-04-17 15:00:00+00:00,26.39,26.39,26.39,26.39,0.0,,,,,,,26.02929264371061,"rgba(38, 166, 154, 1.0)",0.2498126865841327,26.02929264371061,1.443911280974564,3,0.6012677282695077,1.803803184808523,0.0,0.0,0.0,0.0,92.22163021646335,36.10574119203119,True,False,True,False,True,9.124477817611389
2025-04-17 16:00:00+00:00,26.39,26.39,26.39,26.39,0.0,,,,,,,26.02929264371061,"rgba(38, 166, 154, 1.0)",0.24749738373356342,26.02929264371061,1.457418865799818,3,0.6059785613391092,1.8179356840173275,0.0,0.0,0.0,0.0,92.43992480699256,36.90023826008965,True,False,True,False,True,9.124477817611378
2025-04-17 17:00:00+00:00,26.39,26.39,26.39,26.39,0.0,,,,,,,26.02929264371061,"rgba(38, 166, 154, 1.0)",0.2451414006370816,26.02929264371061,1.4714256969731514,3,0.6108536104843992,1.8325608314531978,0.0,0.0,0.0,0.0,92.58545453401203,37.621572061902,True,False,True,False,True,9.124477817611378
2025-04-17 18:00:00+00:00,26.39,26.39,26.39,26.39,0.0,,,,,,,26.02929264371061,"rgba(38, 166, 154, 1.0)",0.2427435528133267,26.02929264371061,1.4859606037272655,3,0.6159012624075251,1.8477037872225752,0.0,0.0,0.0,0.0,92.68247435202501,38.275959804865536,True,False,True,False,True,9.124477817611378
2025-04-17 19:00:00+00:00,26.39,26.66,26.39,26.66,100.0,,,,,,,26.278787355657876,"rgba(38, 166, 154, 1.0)",0.2452163596970376,26.278787355657876,1.55459711094769,3,0.6148892240839455,1.8446676722518367,0.0,0.0,0.0,0.0,94.50938666704818,40.45315694224111,True,False,True,False,True,20.0
2025-04-18 14:00:00+00:00,26.66,26.66,26.66,26.66,0.0,,,,,,,26.278787355657876,"rgba(38, 166, 154, 1.0)",0.24765567494676388,26.278787355657876,1.5392849141214704,3,0.6138829787251628,1.8416489361754884,0.0,0.0,0.0,0.0,95.72732821039695,41.93573580655283,True,False,True,False,True,20.0
2025-04-18 15:00:00+00:00,26.66,26.66,26.66,26.66,0.0,,,,,,,26.278787355657876,"rgba(38, 166, 154, 1.0)",0.2500624786793233,26.278787355657876,1.5244695899818945,3,0.6128824737197237,1.838647421159171,0.0,0.0,0.0,0.0,96.53928923929612,42.98753231413214,True,False,True,False,True,20.0
2025-04-18 16:00:00+00:00,26.66,26.66,26.66,26.66,0.0,,,,,,,26.278787355657876,"rgba(38, 166, 154, 1.0)",0.25243770081506556,26.278787355657876,1.5101256393608118,3,0.6118876571233455,1.8356629713700365,0.0,0.0,0.0,0.0,97.08059659189558,43.77027391483351,True,False,True,False,True,20.0
2025-04-18 17:00:00+00:00,26.66,26.66,26.66,26.66,0.0,,,,,,,26.278787355657876,"rgba(38, 166, 154, 1.0)",0.25478222461935157,26.278787355657876,1.4962293578826449,3,0.6099953613217263,1.8299860839651787,0.0,0.0,0.0,0.0,97.44146816029523,44.381989152260886,True,False,True,False,True,20.0
2025-04-18 18:00:00+00:00,26.66,26.66,26.66,26.66,0.0,,,,,,,26.278787355657876,"rgba(38, 166, 154, 1.0)",0.2570968899283197,26.278787355657876,1.4827586768879577,3,0.6081237038438094,1.8243711115314283,0.0,0.0,0.0,0.0,97.68204920589498,44.881431201799785,True,False,True,False,True,20.0
2025-04-18 19:00:00+00:00,26.66,26.66,26.66,26.66,0.0,,,,,,,26.278787355657876,"rgba(38, 166, 154, 1.0)",0.25938249609270664,26.278787355657876,1.4696930212510326,3,0.6059964052159431,1.8179892156478292,0.0,0.0,0.0,0.0,97.84243656962816,45.30347559184452,True,False,True,False,True,20.0
2025-04-21 14:00:00+00:00,26.66,26.66,26.66,26.66,0.0,,,,,,,26.278787355657876,"rgba(38, 166, 154, 1.0)",0.26163980466930303,26.278787355657876,1.4570131820116363,3,0.6001486051558842,1.8004458154676526,0.0,0.0,0.0,0.0,97.94936147878362,45.66872694603515,True,False,True,False,True,20.0
2025-04-21 15:00:00+00:00,26.66,26.66,26.66,26.66,0.0,,,,,,,26.278787355657876,"rgba(38, 166, 154, 1.0)",0.26386954188602135,26.278787355657876,1.4447012020310752,3,0.5946421305474908,1.7839263916424724,0.0,0.0,0.0,0.0,98.02064475155392,45.98943619766088,True,False,True,False,True,20.0
2025-04-21 16:00:00+00:00,26.66,26.66,26.66,26.66,0.0,,,,,,,26.278787355657876,"rgba(38, 166, 154, 1.0)",0.26607240090344986,26.278787355657876,1.4327402731275969,3,0.5894551875200779,1.7683655625602337,0.0,0.0,0.0,0.0,98.06816693340078,46.27308712994625,True,False,True,False,True,20.0
2025-04-21 17:00:00+00:00,26.66,26.66,26.66,26.66,0.0,,,,,,,26.278787355657876,"rgba(38, 166, 154, 1.0)",0.26824904389308296,26.278787355657876,1.4211146433538289,3,0.5842439557951965,1.7527318673855894,0.0,0.0,0.0,0.0,98.09984838796535,46.5245260314732,True,False,True,False,True,20.0
2025-04-21 18:00:00+00:00,26.66,26.66,26.66,26.66,0.0,,,,,,,26.278787355657876,"rgba(38, 166, 154, 1.0)",0.27040010395009056,26.278787355657876,1.409809533255531,2,0.47432323585907865,0.9486464717181573,0.0,0.0,0.0,0.0,98.12096935767507,46.74719256452754,True,False,True,False,True,20.0
2025-04-21 19:00:00+00:00,26.66,26.66,26.66,26.66,0.0,,,,,,,26.278787355657876,"rgba(38, 166, 154, 1.0)",0.2725261868564672,26.278787355657876,1.3988110601015362,2,0.4722165399122773,0.9444330798245546,0.0,0.0,0.0,0.0,98.13505000414821,46.94380537861984,True,False,True,False,True,20.0
2025-04-22 14:00:00+00:00,26.66,26.66,26.66,26.66,0.0,,,,,,,26.278787355657876,"rgba(38, 166, 154, 1.0)",0.27462787270863814,26.278787355657876,1.3881061692036096,2,0.470145116962237,0.940290233924474,0.0,0.0,0.0,0.0,98.14443710179698,47.11672413880112,True,False,True,False,True,20.0
2025-04-22 15:00:00+00:00,26.66,26.66,26.66,26.66,0.0,,,,,,,26.278787355657876,"rgba(38, 166, 154, 1.0)",0.27670571742206107,26.278787355657876,1.3776825715554624,2,0.46810806962985696,0.9362161392597139,0.0,0.0,0.0,0.0,98.15069516689616,47.26812517993102,True,False,True,False,True,20.0
2025-04-22 16:00:00+00:00,26.66,26.66,26.66,26.66,0.0,,,,,,,26.278787355657876,"rgba(38, 166, 154, 1.0)",0.2813192857600486,26.278787355657876,1.3550889101406283,2,0.4661045323982478,0.9322090647964956,0.0,0.0,0.0,0.0,98.1548672102956,47.400074323128806,True,False,True,False,True,20.0
2025-04-22 17:00:00+00:00,26.66,26.66,26.66,26.66,0.0,,,,,,,26.278787355657876,"rgba(38, 166, 154, 1.0)",0.28574719501591384,26.278787355657876,1.3340905912336032,2,0.464133670176991,0.928267340353982,0.0,0.0,0.0,0.0,98.15764857256191,47.514546608526075,True,False,True,False,True,20.0
2025-04-22 18:00:00+00:00,26.66,26.66,26.66,26.66,0.0,,,,,,,26.278787355657876,"rgba(38, 166, 154, 1.0)",0.28999794966656905,26.278787355657876,1.3145356537190387,2,0.46219467694465655,0.9243893538893131,0.0,0.0,0.0,0.0,98.15950281407278,47.613421695251105,True,False,True,False,True,20.0
2025-04-22 19:00:00+00:00,26.66,26.66,26.66,26.66,0.0,,,,,,,26.278787355657876,"rgba(38, 166, 154, 1.0)",0.2940792318314872,26.278787355657876,1.2962923017990133,2,0.4602867744645912,0.9205735489291824,0.0,0.0,0.0,0.0,98.16073897508002,47.698470825847565,True,False,True,False,True,20.0
2025-04-23 14:00:00+00:00,26.72,26.72,26.72,26.72,0.0,,,,,,,26.278787355657876,"rgba(38, 166, 154, 1.0)",0.2991960398639547,26.278787355657876,1.474660709221765,2,0.45710874501773135,0.9142174900354627,0.0,0.0,0.0,0.0,98.53333483157463,48.10593812319911,True,False,True,False,True,20.0
2025-04-23 15:00:00+00:00,26.72,26.72,26.72,26.72,0.0,,,,,,,26.278787355657876,"rgba(38, 166, 154, 1.0)",0.3040903137538611,26.278787355657876,1.45092633466534,2,0.45401166977377905,0.9080233395475581,0.0,0.0,0.0,0.0,98.7817320692377,48.36890922757932,True,False,True,False,True,20.0
2025-04-23 16:00:00+00:00,26.72,26.72,26.72,26.72,0.0,,,,,,,26.278787355657876,"rgba(38, 166, 154, 1.0)",0.30877263567314894,26.278787355657876,1.4289240475608993,2,0.45099240985182965,0.9019848197036593,0.0,0.0,0.0,0.0,98.94733022767976,48.54378775854248,True,False,True,False,True,20.0
2025-04-23 17:00:00+00:00,26.72,26.72,26.72,26.72,0.0,,,,,,,26.278787355657876,"rgba(38, 166, 154, 1.0)",0.3132525101817025,26.278787355657876,1.408488775033908,2,0.4480479951148094,0.8960959902296188,0.0,0.0,0.0,0.0,99.05772899997446,48.665227790786716,True,False,True,False,True,20.0
2025-04-23 18:00:00+00:00,26.72,26.72,26.72,26.72,0.0,,,,,,,26.278787355657876,"rgba(38, 166, 154, 1.0)",0.31753850585827403,26.278787355657876,1.3894776104383637,2,0.4451756127116533,0.8903512254233066,0.0,0.0,0.0,0.0,99.13132818150426,48.754233508898736,True,False,True,False,True,20.0
2025-04-23 19:00:00+00:00,26.72,26.72,26.72,26.72,0.0,,,,,,,26.278787355657876,"rgba(38, 166, 154, 1.0)",0.31515333033560644,26.278787355657876,1.3999935963623678,2,0.44237259655587186,0.8847451931117437,0.0,0.0,0.0,0.0,99.18039430252412,48.82333698813346,True,False,True,False,True,20.0
2025-04-24 14:00:00+00:00,26.72,26.855,26.72,26.855,5.0,,,,,,,26.775714285714287,"rgba(38, 166, 154, 1.0)",0.3159556218125529,26.775714285714287,0.250939400384373,2,0.43649168143263845,0.8729833628652769,0.0,0.0,0.0,0.0,99.38980073145729,49.038908976006454,True,False,True,False,True,20.0
2025-04-24 15:00:00+00:00,26.855,26.855,26.855,26.855,0.0,,,,,,,26.775714285714287,"rgba(38, 166, 154, 1.0)",0.3160855312459981,26.775714285714287,0.25083626565623623,2,0.4308833242781027,0.8617666485562054,0.0,0.0,0.0,0.0,99.52940501741273,49.18253446130586,True,False,True,False,True,20.0
2025-04-24 16:00:00+00:00,26.855,26.855,26.855,26.855,0.0,,,,,,,26.775714285714287,"rgba(38, 166, 154, 1.0)",0.3155438890961881,26.775714285714287,0.25126683490151464,2,0.4255281968741559,0.8510563937483118,0.0,0.0,0.0,0.0,99.62247454138301,49.28274542270354,True,False,True,False,True,20.0
2025-04-24 17:00:00+00:00,26.855,26.855,26.855,26.855,0.0,,,,,,,26.775714285714287,"rgba(38, 166, 154, 1.0)",0.31911869067596155,26.775714285714287,0.24845211704074638,2,0.42040884215724283,0.8408176843144857,0.0,0.0,0.0,0.0,99.68452089069655,49.35674682178643,True,False,True,False,True,20.0
2025-04-24 18:00:00+00:00,26.855,26.855,26.855,26.855,0.0,,,,,,,26.775714285714287,"rgba(38, 166, 154, 1.0)",0.3222643003487671,26.775714285714287,0.24602698530339112,2,0.4155094479729422,0.8310188959458844,0.0,0.0,0.0,0.0,99.72588512357223,49.41473682598334,True,False,True,False,True,20.0
2025-04-24 19:00:00+00:00,26.855,26.855,26.855,26.855,0.0,,,,,,,26.775714285714287,"rgba(38, 166, 154, 1.0)",0.3249931808016415,26.775714285714287,0.24396116278546012,2,0.4108156533785562,0.8216313067571124,0.0,0.0,0.0,0.0,99.75346127882268,49.46264179125788,True,False,True,False,True,20.0
2025-04-25 14:00:00+00:00,26.855,26.855,26.855,26.855,0.0,,,,,,,26.775714285714287,"rgba(38, 166, 154, 1.0)",0.3273157552022271,26.775714285714287,0.24223005775181294,2,0.40631438210238524,0.8126287642047705,0.0,0.0,0.0,0.0,99.771845382323,49.50383070232617,True,False,True,False,True,20.0
2025-04-25 15:00:00+00:00,26.855,27.18,26.855,27.18,100.0,,,,,,,27.03596564072784,"rgba(38, 166, 154, 1.0)",0.33751732688255626,27.03596564072784,0.42674656321355897,2,0.3938184707406574,0.7876369414813148,0.0,0.0,0.0,0.0,99.83522419483418,49.58618729762962,True,False,True,False,True,20.0
2025-04-25 16:00:00+00:00,27.18,27.18,27.18,27.18,0.0,,,,,,,27.03596564072784,"rgba(38, 166, 154, 1.0)",0.34672090705261416,27.03596564072784,0.4154187311534154,2,0.3825403822329069,0.7650807644658137,0.0,0.0,0.0,0.0,99.87747673650833,49.64632184201159,True,False,True,False,True,20.0
2025-04-25 17:00:00+00:00,27.18,27.18,27.18,27.18,0.0,,,,,,,27.03596564072784,"rgba(38, 166, 154, 1.0)",0.35500412381819996,27.03596564072784,0.40572587642930935,2,0.37230013887991353,0.7446002777598271,0.0,0.0,0.0,0.0,99.90564509762442,49.69236404452893,True,False,True,False,True,20.0
2025-04-25 18:00:00+00:00,27.18,27.18,27.18,27.18,0.0,,,,,,,27.03596564072784,"rgba(38, 166, 154, 1.0)",0.3624300864547081,27.03596564072784,0.3974128105122361,2,0.36295293367103193,0.7259058673420639,0.0,0.0,0.0,0.0,99.92442400503515,49.72923556181922,True,False,True,False,True,20.0
2025-04-25 19:00:00+00:00,27.18,27.18,27.16,27.16,300.0,,,,,,,27.144584104938268,"rgba(38, 166, 154, 1.0)",0.3685251834146618,27.144584104938268,0.041831320505405986,2,0.35480332293198624,0.7096066458639725,0.0,0.0,0.0,0.0,97.49757953539861,47.91606561752664,False,False,True,False,False,20.0
2025-04-28 14:00:00+00:00,27.025,27.025,27.025,27.025,0.0,,,,,,,27.144584104938268,"rgba(239, 83, 80, 1.0)",0.3708322998264762,27.144584104938268,-0.32247488957738146,2,0.3496984022967582,0.6993968045935164,0.0,0.0,0.0,0.0,84.84588500500095,36.65571158578737,False,True,True,False,False,20.0
2025-04-28 15:00:00+00:00,27.025,27.11,27.025,27.11,1.0,,,,,,,27.1444144353407,"rgba(239, 83, 80, 1.0)",0.37444255263688153,27.1444144353407,-0.09190845190630345,3,0.33381633361462143,1.0014490008438643,0.0,0.0,0.0,0.0,79.13515370997672,32.334118276175474,False,True,True,False,False,20.0
2025-04-28 16:00:00+00:00,27.11,27.11,26.905,26.905,100.0,,,,,,,27.10858922824989,"rgba(239, 83, 80, 1.0)",0.3736645530394828,27.10858922824989,-0.5448449059292418,3,0.33099266076672945,0.9929779823001883,0.0,0.0,0.0,0.0,67.33774579147894,22.47754087754342,False,True,True,False,False,17.403534123973717
2025-04-28 17:00:00+00:00,26.905,26.905,26.905,26.905,0.0,,,,,,,27.10858922824989,"rgba(239, 83, 80, 1.0)",0.37250627904496586,27.10858922824989,-0.5465390510244624,2,0.358714599986952,0.717429199973904,0.0,0.0,0.0,0.0,59.47280717914708,16.435635855716228,False,True,True,False,False,17.403534123973717
2025-04-28 18:00:00+00:00,26.905,26.905,26.905,26.905,0.0,,,,,,,27.10858922824989,"rgba(239, 83, 80, 1.0)",0.3709641686395226,27.10858922824989,-0.5488110320641862,2,0.3558706441227285,0.711741288245457,0.0,0.0,0.0,0.0,54.229514770925846,12.604901039177342,False,True,False,False,False,17.403534123973717
2025-04-28 19:00:00+00:00,26.905,26.905,26.905,26.905,0.0,,,,,,,27.10858922824989,"rgba(239, 83, 80, 1.0)",0.36903340994773776,27.10858922824989,-0.5516823755299591,2,0.3531955392629488,0.7063910785258976,0.0,0.0,0.0,0.0,50.733986498778364,10.027947002191254,False,True,False,True,False,17.403534123973717
2025-04-29 14:00:00+00:00,26.905,26.905,26.905,26.905,0.0,,,,,,,27.10858922824989,"rgba(239, 83, 80, 1.0)",0.3667078641884501,27.10858922824989,-0.5551809713719839,2,0.350679963264943,0.701359926529886,0.0,0.0,0.0,0.0,48.40363431734671,8.146759129269533,False,True,False,True,False,17.403534123973717
2025-04-29 15:00:00+00:00,26.88,26.88,26.88,26.88,100.0,,,,,,,27.059769676431614,"rgba(239, 83, 80, 1.0)",0.3636633801389009,27.059769676431614,-0.49432988375940445,2,0.34857949926854437,0.6971589985370887,0.0,0.0,0.0,0.0,45.79760916860137,5.699076660368178,False,True,False,True,False,15.639857511687516
2025-04-29 16:00:00+00:00,26.88,26.88,26.88,26.88,0.0,,,,,,,27.059769676431614,"rgba(239, 83, 80, 1.0)",0.35698521179656406,27.059769676431614,-0.5035773765722843,2,0.34660585237484415,0.6932117047496883,0.0,0.0,0.0,0.0,44.060259069437805,3.840742186550443,False,True,False,True,False,15.639857511687516
2025-04-29 17:00:00+00:00,26.88,26.88,26.88,26.88,0.0,,,,,,,27.059769676431614,"rgba(239, 83, 80, 1.0)",0.3496647944367066,27.059769676431614,-0.514120035221777,2,0.344753447487247,0.689506894974494,0.0,0.0,0.0,0.0,42.902025669995425,2.329682802589133,False,True,False,True,False,15.639857511687516
2025-04-29 18:00:00+00:00,26.88,26.88,26.88,26.88,0.0,,,,,,,27.059769676431614,"rgba(239, 83, 80, 1.0)",0.3416608481156871,27.059769676431614,-0.5261641110565429,2,0.3430171977643228,0.6860343955286456,0.0,0.0,0.0,0.0,42.129870070367176,1.0318278475278433,False,True,False,True,False,15.639857511687527
2025-04-29 19:00:00+00:00,26.88,26.88,26.88,26.88,0.0,,,,,,,27.059769676431614,"rgba(239, 83, 80, 1.0)",0.3329240775934304,27.059769676431614,-0.5399719892027491,2,0.3413924611428951,0.6827849222857902,0.0,0.0,0.0,0.0,41.61509967061501,-0.12399141081267828,False,True,False,True,False,15.639857511687527
2025-04-30 14:00:00+00:00,26.88,26.88,26.88,26.88,0.0,,,,,,,27.059769676431614,"rgba(239, 83, 80, 1.0)",0.32339509487217327,27.059769676431614,-0.5558825080592878,2,0.3448883632167804,0.6897767264335608,0.0,0.0,0.0,0.0,41.27191940411356,-1.1735612769034205,False,True,False,True,False,15.639857511687527
2025-04-30 15:00:00+00:00,26.88,26.88,26.88,26.88,0.0,,,,,,,27.059769676431614,"rgba(239, 83, 80, 1.0)",0.3130015542660563,27.059769676431614,-0.5743411621490158,2,0.34815241708071465,0.6963048341614293,0.0,0.0,0.0,0.0,41.043132559779266,-2.1337395533007566,False,True,False,True,False,15.639857511687538
2025-04-30 16:00:00+00:00,26.88,26.88,26.88,26.88,0.0,,,,,,,27.059769676431614,"rgba(239, 83, 80, 1.0)",0.3080251393741752,27.059769676431614,-0.5836201447611029,2,0.3517922576164442,0.7035845152328885,0.0,0.0,0.0,0.0,40.89060799688974,-3.0120272918984767,False,True,False,True,False,15.639857511687527
2025-04-30 17:00:00+00:00,26.88,26.88,26.88,26.88,0.0,,,,,,,27.059769676431614,"rgba(239, 83, 80, 1.0)",0.3026049516395095,27.059769676431614,-0.5940738096241497,2,0.35583983685084697,0.7116796737016939,0.0,0.0,0.0,0.0,40.78892495496339,-3.811925050533901,False,True,False,True,False,15.639857511687527
2025-04-30 18:00:00+00:00,26.88,27.09,26.88,26.88,385.0,,,,,,,26.98112746832022,"rgba(239, 83, 80, 1.0)",0.29671667257465745,26.98112746832022,-0.34082165805757614,1,0.30753420815407023,0.30753420815407023,0.0,0.0,0.0,0.0,40.721136260345816,-4.535758294163642,False,True,False,True,False,15.639857511687538
2025-04-30 19:00:00+00:00,26.88,26.88,26.88,26.88,0.0,,,,,,,26.98112746832022,"rgba(239, 83, 80, 1.0)",0.29033182320847956,26.98112746832022,-0.34831685759643627,1,0.30842590735226144,0.30842590735226144,0.0,0.0,0.0,0.0,40.675943797267436,-5.18602424012159,False,True,False,True,False,15.639857511687538
2025-05-01 14:00:00+00:00,26.88,26.88,26.88,26.88,0.0,,,,,,,26.98112746832022,"rgba(239, 83, 80, 1.0)",0.2834168451382168,26.98112746832022,-0.3568153059882655,1,0.30948014285300635,0.30948014285300635,0.0,0.0,0.0,0.0,40.64581548854852,-5.7659080255159765,False,True,False,True,False,15.639857511687538
2025-05-01 15:00:00+00:00,26.88,26.88,26.88,26.88,0.0,,,,,,,26.98112746832022,"rgba(239, 83, 80, 1.0)",0.27563843989824965,26.98112746832022,-0.36688448954199676,1,0.31070183664546336,0.31070183664546336,0.0,0.0,0.0,0.0,40.62572994940257,-6.279359575257054,False,True,False,True,False,15.639857511687538
2025-05-01 16:00:00+00:00,26.88,26.88,26.88,26.88,0.0,,,,,,,26.98112746832022,"rgba(239, 83, 80, 1.0)",0.2672135664409297,26.98112746832022,-0.37845184908520335,1,0.3120968044514199,0.3120968044514199,0.0,0.0,0.0,0.0,40.61233958997194,-6.730961564539115,False,True,False,True,False,15.639857511687538
2025-05-01 17:00:00+00:00,26.88,26.88,26.88,26.88,0.0,,,,,,,26.98112746832022,"rgba(239, 83, 80, 1.0)",0.2580789215137889,26.98112746832022,-0.39184706649829415,1,0.3136718357934254,0.3136718357934254,0.0,0.0,0.0,0.0,40.60341268368485,-7.125719177121965,False,True,False,True,False,15.639857511687548
2025-05-01 18:00:00+00:00,26.88,26.88,26.88,26.88,0.0,,,,,,,26.98112746832022,"rgba(239, 83, 80, 1.0)",0.2481561372774382,26.98112746832022,-0.4075154837180646,1,0.31543479049438233,0.31543479049438233,0.0,0.0,0.0,0.0,40.59746141282679,-7.468841698491239,False,True,False,True,False,15.639857511687548
2025-05-01 19:00:00+00:00,26.88,26.88,26.88,26.88,0.0,,,,,,,26.98112746832022,"rgba(239, 83, 80, 1.0)",0.23734638464972707,26.98112746832022,-0.4260754528427487,1,0.3173947144230799,0.3173947144230799,0.0,0.0,0.0,0.0,40.59349389892142,-7.765549936880525,False,True,False,True,False,15.639857511687548
2025-05-02 14:00:00+00:00,26.88,26.88,26.88,26.88,0.0,,,,,,,26.98112746832022,"rgba(239, 83, 80, 1.0)",0.22552215687872615,26.98112746832022,-0.44841477981519423,1,0.3195619780115053,0.3195619780115053,0.0,0.0,0.0,0.0,40.59084888965117,-8.020922755461385,False,True,False,True,False,15.639857511687548
2025-05-02 15:00:00+00:00,26.88,26.88,26.88,26.88,0.0,,,,,,,26.98112746832022,"rgba(239, 83, 80, 1.0)",0.21251418606593886,26.98112746832022,-0.4758622009772273,1,0.32194844196715316,0.32194844196715316,0.0,0.0,0.0,0.0,40.58908555013767,-8.239784693177818,False,True,False,True,False,15.639857511687548
2025-05-02 16:00:00+00:00,26.88,26.88,26.88,26.88,0.0,,,,,,,26.98112746832022,"rgba(239, 83, 80, 1.0)",0.20857031566492287,26.98112746832022,-0.48486031196638396,1,0.32456765574686913,0.32456765574686913,0.0,0.0,0.0,0.0,40.58790999046201,-8.426630990003169,False,True,False,True,False,15.639857511687548
2025-05-02 17:00:00+00:00,26.88,26.88,26.88,26.88,0.0,,,,,,,26.98112746832022,"rgba(239, 83, 80, 1.0)",0.20433881508744273,26.98112746832022,-0.49490092362993393,1,0.3274350958292555,0.3274350958292555,0.0,0.0,0.0,0.0,40.58712628401156,-8.585583958365767,False,True,False,True,False,15.639857511687548
2025-05-02 18:00:00+00:00,26.88,26.88,26.88,26.88,0.0,,,,,,,26.98112746832022,"rgba(239, 83, 80, 1.0)",0.1998014104144216,26.98112746832022,-0.5061399121781291,1,0.33056845273166063,0.33056845273166063,0.0,0.0,0.0,0.0,40.586603813044604,-8.720374100164712,False,True,False,True,False,15.639857511687559
2025-05-02 19:00:00+00:00,26.88,27.105,26.88,27.105,78.0,,,,,,,27.01004319654428,"rgba(38, 166, 154, 1.0)",0.19815038878731678,27.01004319654428,0.47921583216089836,1,0.33173945808019095,0.33173945808019095,0.0,1.0,27.105,208.0,58.342987500567276,5.9879792378284264,False,False,True,False,True,20.0
2025-05-05 14:00:00+00:00,27.03,27.03,27.03,27.03,0.0,,,,,,,27.01004319654428,"rgba(38, 166, 154, 1.0)",0.19460361653256983,27.01004319654428,0.10255104098941652,2,0.299706494842624,0.599412989685248,0.0,0.0,0.0,0.0,62.308574004057284,8.587536268872157,False,False,True,False,True,20.0
2025-05-05 15:00:00+00:00,27.03,27.03,27.03,27.03,0.0,,,,,,,27.01004319654428,"rgba(38, 166, 154, 1.0)",0.19060418399117723,27.01004319654428,0.10470286138442811,2,0.3021258489712452,0.6042516979424905,0.0,0.0,0.0,0.0,64.95229833971729,10.241470818007954,False,False,True,False,True,20.0
2025-05-05 16:00:00+00:00,27.03,27.03,27.03,27.03,0.0,,,,,,,27.01004319654428,"rgba(38, 166, 154, 1.0)",0.1861229129868916,27.01004319654428,0.1072237863434138,2,0.30485815084841883,0.6097163016968377,0.0,0.0,0.0,0.0,66.71478123015729,11.382673056896827,False,False,True,False,True,20.0
2025-05-05 17:00:00+00:00,27.03,27.03,27.03,27.03,0.0,,,,,,,27.01004319654428,"rgba(38, 166, 154, 1.0)",0.18112404290680434,27.01004319654428,0.11018307197343671,2,0.310474006637923,0.620948013275846,0.0,0.0,0.0,0.0,67.88976982378395,12.25582750109853,True,False,True,False,True,20.0
2025-05-05 18:00:00+00:00,27.03,27.03,27.03,27.03,0.0,,,,,,,27.01004319654428,"rgba(38, 166, 154, 1.0)",0.17556336604053302,27.01004319654428,0.11367293704720126,2,0.3167805043270766,0.6335610086541532,0.0,0.0,0.0,0.0,68.6730955528684,12.993004494549972,True,False,True,False,True,20.0
2025-05-05 19:00:00+00:00,27.03,27.03,27.03,27.03,0.0,,,,,,,27.01004319654428,"rgba(38, 166, 154, 1.0)",0.16938556157020834,27.01004319654428,0.11781879913919581,2,0.32388130719331526,0.6477626143866305,0.0,0.0,0.0,0.0,69.19531270559136,13.660668383528247,True,False,True,False,True,20.0
2025-05-06 14:00:00+00:00,26.97,26.97,26.97,26.97,100.0,,,,,,,26.98679525814756,"rgba(38, 166, 154, 1.0)",0.16174813587626147,26.98679525814756,-0.10383586838001539,2,0.332512070722224,0.665024141444448,0.0,0.0,0.0,0.0,62.75793190021737,18.62184261873196,True,False,True,False,False,15.76773154745229
2025-05-06 15:00:00+00:00,26.97,26.97,26.97,26.97,0.0,,,,,,,26.98679525814756,"rgba(38, 166, 154, 1.0)",0.15333696627105609,26.98679525814756,-0.10953169712430008,2,0.34228923538877626,0.6845784707775525,0.0,0.0,0.0,0.0,58.466344696634714,14.735588200495926,False,False,True,False,False,15.76773154745229
2025-05-06 16:00:00+00:00,26.97,26.97,26.97,26.97,0.0,,,,,,,26.98679525814756,"rgba(38, 166, 154, 1.0)",0.15224023807809706,26.98679525814756,-0.11032075592882748,2,0.3534424843175171,0.7068849686350342,0.0,0.0,0.0,0.0,55.605286560912944,12.169279120813727,False,False,True,False,False,15.76773154745229
2025-05-06 17:00:00+00:00,26.97,26.97,26.97,26.97,0.0,,,,,,,26.98679525814756,"rgba(38, 166, 154, 1.0)",0.15102094001928906,26.98679525814756,-0.11121145283174087,2,0.3595610550889047,0.7191221101778094,0.0,0.0,0.0,0.0,53.69791447043176,10.378723932849951,False,False,True,False,False,15.76773154745229
2025-05-06 18:00:00+00:00,26.97,26.97,26.97,26.97,0.0,,,,,,,26.98679525814756,"rgba(38, 166, 154, 1.0)",0.14967607667196886,26.98679525814756,-0.11221070541800035,2,0.36633501277118863,0.7326700255423773,0.0,0.0,0.0,0.0,52.42633307677764,9.041831117675656,False,False,False,False,False,15.76773154745229
2025-05-06 19:00:00+00:00,26.97,27.1,26.97,27.1,11.0,,,,,,,26.994297414720176,"rgba(38, 166, 154, 1.0)",0.15014146482382662,26.994297414720176,0.7040199414855518,2,0.37207301223242767,0.7441460244648553,0.0,0.0,0.0,0.0,60.446942474852804,3.3358027255561,True,False,True,False,True,20.0
2025-05-07 14:00:00+00:00,26.91,26.91,26.91,26.91,0.0,,,,,,,26.994297414720176,"rgba(239, 83, 80, 1.0)",0.148151158502897,26.994297414720176,-0.5689959874227203,3,0.3790931862635762,1.1372795587907285,0.0,0.0,0.0,0.0,53.91142798339631,3.3358027255561,False,False,True,False,False,7.997237185706947
2025-05-07 15:00:00+00:00,26.91,26.91,26.91,26.91,0.0,,,,,,,26.994297414720176,"rgba(239, 83, 80, 1.0)",0.14605666554298075,26.994297414720176,-0.577155547176101,4,0.36848240262918147,1.4739296105167259,0.0,0.0,0.0,0.0,49.55441832242532,7.91491993192556,False,True,False,False,False,7.997237185706947
2025-05-07 16:00:00+00:00,26.91,26.91,26.91,26.91,0.0,,,,,,,26.994297414720176,"rgba(239, 83, 80, 1.0)",0.14385343517203625,26.994297414720176,-0.5859951458188218,4,0.37927862521455963,1.5171145008582385,0.0,0.0,0.0,0.0,46.649745215111324,5.326643067861895,False,True,False,True,False,7.997237185706947
2025-05-07 17:00:00+00:00,26.91,26.91,26.91,26.91,0.0,,,,,,,26.994297414720176,"rgba(239, 83, 80, 1.0)",0.14153638948883007,26.994297414720176,-0.5955882796263395,4,0.3914808324367607,1.5659233297470427,0.0,0.0,0.0,0.0,44.71329647690199,3.439256885043683,False,True,False,True,False,7.997237185706947
2025-05-07 18:00:00+00:00,26.91,26.91,26.91,26.91,0.0,,,,,,,26.994297414720176,"rgba(239, 83, 80, 1.0)",0.13909984099829106,26.994297414720176,-0.6060209279549894,4,0.40538363922886256,1.6215345569154502,0.0,0.0,0.0,0.0,43.42233065142911,1.9597492612427416,False,True,False,True,False,7.997237185706947
2025-05-07 19:00:00+00:00,26.91,26.97,26.91,26.97,100.0,,,,,,,26.971700385506608,"rgba(239, 83, 80, 1.0)",0.13682450784099248,26.971700385506608,-0.01242749221934276,4,0.4206882247695165,1.682752899078066,0.0,0.0,0.0,0.0,46.69537686822457,1.9597492612427416,False,True,False,True,False,11.380253846027824
2025-05-08 14:00:00+00:00,26.97,26.98,26.97,26.98,50.0,,,,,,,26.974050837623757,"rgba(239, 83, 80, 1.0)",0.1344611200041723,26.974050837623757,0.044244480308201516,4,0.43836056027024506,1.7534422410809802,0.0,0.0,0.0,0.0,49.466837719978145,1.9597492612427416,False,False,False,False,True,11.921896338709367
2025-05-08 15:00:00+00:00,26.98,26.98,26.98,26.98,0.0,,,,,,,26.974050837623757,"rgba(239, 83, 80, 1.0)",0.13191565009020778,26.974050837623757,0.045098230362925935,4,0.45922084167965893,1.8368833667186357,0.0,0.0,0.0,0.0,51.314478287813856,1.9597492612427416,False,False,True,False,True,11.921896338709367
2025-05-08 16:00:00+00:00,26.98,26.98,26.98,26.98,0.0,,,,,,,26.974050837623757,"rgba(239, 83, 80, 1.0)",0.1291773346364096,26.974050837623757,0.046054227647506406,4,0.4842598136529617,1.937039254611847,0.0,0.0,0.0,0.0,52.546238666370996,-5.1223426978136715,False,False,True,False,True,11.921896338709367
2025-05-08 17:00:00+00:00,26.98,26.98,26.98,26.98,0.0,,,,,,,26.974050837623757,"rgba(239, 83, 80, 1.0)",0.1262336243950512,26.974050837623757,0.04712819111986576,4,0.49303846181902083,1.9721538472760833,0.0,0.0,0.0,0.0,53.36741225207575,-3.852405957950076,False,False,True,False,True,11.921896338709367
2025-05-08 18:00:00+00:00,26.98,26.98,26.98,26.98,0.0,,,,,,,26.974050837623757,"rgba(239, 83, 80, 1.0)",0.12306978171409046,26.974050837623757,0.04833974915194144,4,0.5027487828800062,2.010995131520025,0.0,0.0,0.0,0.0,53.914861309212256,-2.783700659464529,True,False,True,False,True,11.921896338709367
2025-05-08 19:00:00+00:00,26.98,26.98,26.98,26.98,0.0,,,,,,,26.974050837623757,"rgba(239, 83, 80, 1.0)",0.1196683480018671,26.974050837623757,0.049713750340654,4,0.5135212905503751,2.0540851622015004,0.0,0.0,0.0,0.0,54.279827347303254,-1.8536847519721746,True,False,True,False,True,11.921896338709367
2025-05-09 14:00:00+00:00,26.98,26.98,26.98,26.98,0.0,,,,,,,26.974050837623757,"rgba(239, 83, 80, 1.0)",0.11600842622386173,26.974050837623757,0.051282157425040914,4,0.5255155363092328,2.102062145236931,0.0,0.0,0.0,0.0,54.52313803936393,-1.0277327287296814,True,False,True,False,True,11.921896338709367
2025-05-09 15:00:00+00:00,26.98,26.98,26.98,26.98,0.0,,,,,,,26.974050837623757,"rgba(239, 83, 80, 1.0)",0.11206469334932151,26.974050837623757,0.05308685722896632,4,0.5389287875191153,2.1557151500764613,0.0,0.0,0.0,0.0,54.68534516740438,-0.28682103081317223,True,False,True,False,True,11.921896338709367
2025-05-09 16:00:00+00:00,26.98,26.98,26.98,26.98,0.0,,,,,,,26.974050837623757,"rgba(239, 83, 80, 1.0)",0.10780600695284502,26.974050837623757,0.055183960007400334,4,0.5540081126763916,2.2160324507055664,0.0,0.0,0.0,0.0,54.79348325276467,0.37976081866047906,True,False,True,False,True,11.921896338709367
2025-05-09 17:00:00+00:00,26.98,26.98,26.98,26.98,0.0,,,,,,,26.974050837623757,"rgba(239, 83, 80, 1.0)",0.10509510921999897,26.974050837623757,0.056607414183182866,4,0.5710675735519901,2.2842702942079605,0.0,0.0,0.0,0.0,54.86557530967154,0.9785965762733753,True,False,True,False,True,11.921896338709367
2025-05-09 18:00:00+00:00,26.98,26.98,26.98,26.98,0.0,,,,,,,26.974050837623757,"rgba(239, 83, 80, 1.0)",0.10219328974277024,26.974050837623757,0.05821480442813713,4,0.5905132837252993,2.3620531349011973,0.0,0.0,0.0,0.0,54.91363668094279,1.514446928205274,True,False,True,False,True,11.921896338709367
2025-05-09 19:00:00+00:00,26.98,26.98,26.98,26.98,0.0,,,,,,,26.974050837623757,"rgba(239, 83, 80, 1.0)",0.09908377563746601,26.974050837623757,0.060041740819511094,5,0.5106606779956616,2.553303389978308,0.0,0.0,0.0,0.0,54.94567759512361,1.991436288700342,True,False,True,False,True,11.921896338709367
2025-05-12 14:00:00+00:00,26.98,26.98,26.98,26.98,0.0,,,,,,,26.974050837623757,"rgba(239, 83, 80, 1.0)",0.09574633340416355,26.974050837623757,0.06213462348611066,5,0.5323351979891345,2.661675989945673,0.0,0.0,0.0,0.0,54.96703820457749,2.4135974951068775,True,False,True,False,True,11.921896338709367
2025-05-12 15:00:00+00:00,26.98,26.98,26.98,26.98,0.0,,,,,,,26.974050837623757,"rgba(239, 83, 80, 1.0)",0.09215620307796131,26.974050837623757,0.06455520277034975,5,0.5578844656763262,2.7894223283816313,0.0,0.0,0.0,0.0,54.98127861088008,2.7850638712077327,True,False,True,False,True,11.921896338709367
2025-05-12 16:00:00+00:00,26.98,26.98,26.98,26.98,0.0,,,,,,,26.974050837623757,"rgba(239, 83, 80, 1.0)",0.08828256232570103,26.974050837623757,0.06738774022320587,5,0.5885116406187852,2.942558203093926,0.0,0.0,0.0,0.0,54.990772215081805,3.110081325247066,False,False,True,False,True,11.921896338709367
2025-05-12 17:00:00+00:00,26.98,26.98,26.88,26.88,13.0,,,,,,,26.96124808863172,"rgba(239, 83, 80, 1.0)",0.08796103764806668,26.96124808863172,-0.9236826986602384,5,0.5958614276258254,2.979307138129127,0.0,0.0,0.0,0.0,42.36752165786149,-4.766625296071204,False,True,False,True,False,2.937736879776512
2025-05-12 18:00:00+00:00,26.88,27.11,26.86,27.11,301.0,27.026666666666664,,,,,,27.00572654850947,"rgba(38, 166, 154, 1.0)",0.08910020677207833,27.00572654850947,1.170294158320677,6,0.5924986077103617,3.5549916462621702,0.0,0.0,0.0,0.0,51.648595134323045,-2.661234917536575,False,False,False,False,True,17.005807117785384
2025-05-12 19:00:00+00:00,27.11,27.11,26.89,26.89,3.0,27.026041666666664,,,,,,27.005448288840228,"rgba(239, 83, 80, 1.0)",0.08866029916839267,27.005448288840228,-1.3021418822527986,7,0.6215773776046929,4.3510416432328505,0.0,0.0,0.0,0.0,48.28634078021604,-2.661234917536575,False,True,False,True,False,2.2804726053229345
2025-05-13 14:00:00+00:00,26.89,26.89,26.89,26.89,0.0,27.026041666666664,,,,,,27.005448288840228,"rgba(239, 83, 80, 1.0)",0.08821569593325906,27.005448288840228,-1.308704620179738,8,0.6565993247942123,5.252794598353699,0.0,0.0,0.0,0.0,46.04483787747803,2.1471890448064954,False,True,False,True,False,2.2804726053229345
2025-05-13 15:00:00+00:00,26.89,26.89,26.89,26.89,0.0,27.026041666666664,,,,,,27.005448288840228,"rgba(239, 83, 80, 1.0)",0.08776632570586576,27.005448288840228,-1.3154052868423909,8,0.6664532547741998,5.3316260381935985,0.0,0.0,0.0,0.0,44.55050260898602,1.009101159462837,False,True,False,True,False,2.2804726053229345
2025-05-13 16:00:00+00:00,26.89,26.89,26.89,26.89,0.0,27.026041666666664,,,,,,27.005448288840228,"rgba(239, 83, 80, 1.0)",0.08731211488324839,27.005448288840228,-1.3222482240248294,8,0.6769678472943083,5.415742778354466,0.0,0.0,0.0,0.0,43.55427909665802,0.0821543815635124,False,True,False,True,False,2.2804726053229345
2025-05-13 17:00:00+00:00,26.89,26.89,26.89,26.89,0.0,27.026041666666664,,,,,,27.005448288840228,"rgba(239, 83, 80, 1.0)",0.08685298752156756,27.005448288840228,-1.3292379702144228,8,0.6882099010239486,5.505679208191589,0.0,0.0,0.0,0.0,42.89013008843935,-0.7323576271951637,False,True,False,True,False,2.2804726053229345
2025-05-13 18:00:00+00:00,26.89,26.89,26.89,26.89,0.0,27.026041666666664,,,,,,27.005448288840228,"rgba(239, 83, 80, 1.0)",0.08318068902700536,27.005448288840228,-1.3879217663458612,8,0.7002562642650257,5.602050114120206,0.0,0.0,0.0,0.0,42.447364082960235,-1.4821798438465876,False,True,False,True,False,2.2804726053229345
2025-05-13 19:00:00+00:00,26.89,26.93,26.89,26.93,39.0,27.013605442176868,,,,,,26.99869632648759,"rgba(239, 83, 80, 1.0)",0.07887508655627455,26.99869632648759,-0.8709508855952579,8,0.7131059705495377,5.704847764396302,0.0,0.0,0.0,0.0,44.69891292949873,-1.4821798438465876,False,True,False,True,False,4.5933080053730535
2025-05-14 14:00:00+00:00,26.93,27.2,26.93,27.2,30.0,27.021358355674707,,,,,,27.01007260420073,"rgba(38, 166, 154, 1.0)",0.07969253980694437,27.01007260420073,2.3832518860531984,8,0.7078034124412422,5.662427299529938,0.0,0.0,0.0,0.0,54.63570220655824,-1.8429276179345138,False,False,True,False,True,17.24529520244194
2025-05-14 15:00:00+00:00,27.2,27.2,27.2,27.2,0.0,27.021358355674707,,,,,,27.01007260420073,"rgba(38, 166, 154, 1.0)",0.08050079737716184,27.01007260420073,2.359323161849231,9,0.7901820791540195,7.111638712386176,0.0,0.0,0.0,0.0,61.26022839126459,3.9799851670577198,True,False,True,False,True,17.24529520244194
2025-05-14 16:00:00+00:00,27.2,27.2,27.2,27.2,0.0,27.021358355674707,,,,,,27.01007260420073,"rgba(38, 166, 154, 1.0)",0.08202493578217873,27.01007260420073,2.31548362687697,9,0.787238608685631,7.085147478170679,0.0,0.0,0.0,0.0,65.67657918106882,7.732878031032769,True,False,True,False,True,17.24529520244194
2025-05-14 17:00:00+00:00,27.2,27.2,27.2,27.2,0.0,27.021358355674707,,,,,,27.01007260420073,"rgba(38, 166, 154, 1.0)",0.08652047614740171,27.01007260420073,2.19517279904583,9,0.7857147650304142,7.071432885273728,0.0,0.0,0.0,0.0,68.6208130409383,10.275823478386073,True,False,True,False,True,17.24529520244194
2025-05-14 18:00:00+00:00,27.2,27.2,27.2,27.2,0.0,27.021358355674707,,,,,,27.01007260420073,"rgba(38, 166, 154, 1.0)",0.08930033342339652,27.01007260420073,2.1268385964336067,9,0.7855860320992542,7.0702742888932875,0.0,0.0,0.0,0.0,70.58363561418463,12.119338792799496,True,False,True,False,True,17.24529520244194
2025-05-14 19:00:00+00:00,27.2,27.2,27.2,27.2,0.0,27.021358355674707,,,,,,27.01007260420073,"rgba(38, 166, 154, 1.0)",0.09348204047768695,27.01007260420073,2.0316992957016504,9,0.7868503504368376,7.081653153931539,0.0,0.0,0.0,0.0,71.89218399634885,13.55924756394964,True,False,True,False,True,17.24529520244194
2025-05-15 14:00:00+00:00,27.2,27.2,27.2,27.2,0.0,27.021358355674707,,,,,,27.01007260420073,"rgba(38, 166, 154, 1.0)",0.0973235525135291,27.01007260420073,1.951504963537656,9,0.789528024990323,7.105752224912908,0.0,0.0,0.0,0.0,72.76454958445832,14.761764699495131,True,False,True,False,True,17.24529520244194
2025-05-15 15:00:00+00:00,27.2,27.2,27.2,27.2,0.0,27.021358355674707,,,,,,27.01007260420073,"rgba(38, 166, 154, 1.0)",0.10086374718140832,27.01007260420073,1.8830095163694063,9,0.7936626398063247,7.142963758256922,0.0,0.0,0.0,0.0,73.34612664319798,15.816592438118391,True,False,True,False,True,17.24529520244194
2025-05-15 16:00:00+00:00,27.2,27.2,27.2,27.2,0.0,27.021358355674707,,,,,,27.01007260420073,"rgba(38, 166, 154, 1.0)",0.10413336044100421,27.01007260420073,1.8238861686104075,9,0.799323061515629,7.193907553640662,0.0,0.0,0.0,0.0,73.73384468235774,16.769600476690883,True,False,True,False,True,17.24529520244194
2025-05-15 17:00:00+00:00,27.2,27.2,27.2,27.2,0.0,27.021358355674707,,,,,,27.01007260420073,"rgba(38, 166, 154, 1.0)",0.10715716335195137,27.01007260420073,1.7724190325518832,9,0.8066067158359843,7.259460442523859,0.0,0.0,0.0,0.0,73.99232337513092,17.642586668037552,True,False,True,False,True,17.24529520244194
2025-05-15 18:00:00+00:00,27.2,27.2,27.2,27.2,0.0,27.021358355674707,,,,,,27.01007260420073,"rgba(38, 166, 154, 1.0)",0.1096910895885078,27.01007260420073,1.7314751500031431,9,0.8070032720822403,7.263029448740163,0.0,0.0,0.0,0.0,74.16464250364638,18.44494815107224,True,False,True,False,True,17.24529520244195
2025-05-15 19:00:00+00:00,27.2,27.2,27.2,27.2,0.0,27.021358355674707,,,,,,27.01007260420073,"rgba(38, 166, 154, 1.0)",0.11200317723926578,27.01007260420073,1.6957322147526142,9,0.8085953660991756,7.27735829489258,0.0,0.0,0.0,0.0,74.27952192265667,19.180354509176766,True,False,True,False,True,17.24529520244194
2025-05-16 14:00:00+00:00,27.2,27.2,27.2,27.2,0.0,27.021358355674707,,,,,,27.01007260420073,"rgba(38, 166, 154, 1.0)",0.1141069120928518,27.01007260420073,1.664468806628654,9,0.8114043507860953,7.302639157074857,0.0,0.0,0.0,0.0,74.35610820199688,19.850386098142465,True,False,True,False,True,17.24529520244195
2025-05-16 15:00:00+00:00,27.2,27.2,27.2,27.2,0.0,27.021358355674707,,,,,,27.01007260420073,"rgba(38, 166, 154, 1.0)",0.11601362920855611,27.01007260420073,1.637112786617854,9,0.8154684518885664,7.339216066997098,0.0,0.0,0.0,0.0,74.407165721557,20.456371748061073,True,False,True,False,True,17.24529520244195
2025-05-16 16:00:00+00:00,27.2,27.2,27.2,27.2,0.0,27.021358355674707,,,,,,27.01007260420073,"rgba(38, 166, 154, 1.0)",0.11773290124690707,27.01007260420073,1.6132057716046415,9,0.8208442382363424,7.387598144127082,0.0,0.0,0.0,0.0,74.44120406793043,21.000192022166416,True,False,True,False,True,17.24529520244195
2025-05-16 17:00:00+00:00,27.2,27.2,27.2,27.2,0.0,27.021358355674707,,,,,,27.01007260420073,"rgba(38, 166, 154, 1.0)",0.11927283432947634,27.01007260420073,1.5923776513486634,9,0.8276088718234565,7.448479846411109,0.0,0.0,0.0,0.0,74.46389629884604,21.484515945569456,True,False,True,False,True,17.24529520244195
2025-05-16 18:00:00+00:00,27.2,27.2,27.2,27.2,0.0,27.021358355674707,,,,,,27.01007260420073,"rgba(38, 166, 154, 1.0)",0.12064029625733914,27.01007260420073,1.5743279956320195,9,0.8204397640198099,7.383957876178289,0.0,0.0,0.0,0.0,74.47902445278979,21.912750781441844,True,False,True,False,True,17.24529520244194
2025-05-16 19:00:00+00:00,27.2,27.2,27.2,27.2,0.0,27.021358355674707,,,,,,27.01007260420073,"rgba(38, 166, 154, 1.0)",0.1218410942672032,27.01007260420073,1.558812295158398,9,0.8140844286137003,7.326759857523303,0.0,0.0,0.0,0.0,74.48910988875228,22.28886689709634,True,False,True,False,True,17.24529520244195
2025-05-19 14:00:00+00:00,27.2,27.2,27.2,27.2,0.0,27.021358355674707,,,,,,27.01007260420073,"rgba(38, 166, 154, 1.0)",0.12288011443069032,27.01007260420073,1.5456316644821892,9,0.8084922715949654,7.2764304443546886,0.0,0.0,0.0,0.0,74.49583351272727,22.617187513342955,True,False,True,False,True,17.24529520244194
2025-05-19 15:00:00+00:00,27.2,27.2,27.2,27.2,0.0,27.021358355674707,,,,,,27.01007260420073,"rgba(38, 166, 154, 1.0)",0.12376143135835445,27.01007260420073,1.5346250743442844,9,0.8036204439390082,7.232583995451074,0.0,0.0,0.0,0.0,74.5003159287106,22.90218960275716,True,False,True,False,True,17.24529520244195
2025-05-19 16:00:00+00:00,27.2,27.2,27.2,27.2,0.0,27.021358355674707,,,,,,27.01007260420073,"rgba(38, 166, 154, 1.0)",0.12448839448051734,27.01007260420073,1.5256634692079167,9,0.7994328594635344,7.1948957351718095,0.0,0.0,0.0,0.0,74.50330420603282,23.14833669638105,True,False,True,False,True,17.24529520244195
2025-05-19 17:00:00+00:00,27.2,27.2,27.2,27.2,0.0,27.021358355674707,,,,,,27.01007260420073,"rgba(38, 166, 154, 1.0)",0.1250636954831586,27.01007260420073,1.5186453196151226,9,0.7958994061806273,7.163094655625645,0.0,0.0,0.0,0.0,74.50529639091431,23.359950005593532,True,False,True,False,True,17.24529520244195
2025-05-19 18:00:00+00:00,27.2,27.2,27.2,27.2,0.0,27.021358355674707,,,,,,27.01007260420073,"rgba(38, 166, 154, 1.0)",0.1254894202495599,27.01007260420073,1.5134932922756559,9,0.7929953154553107,7.136957839097796,0.0,0.0,0.0,0.0,74.50662451416864,23.5411166915071,True,False,True,False,True,17.24529520244195
2025-05-19 19:00:00+00:00,27.2,27.41,27.2,27.41,60.0,27.06551193225558,27.339999999999996,,,,,27.339999999999996,"rgba(38, 166, 154, 1.0)",0.1317085575963833,27.339999999999996,0.5314764756176027,9,0.7630188251971762,6.867169426774586,1.0,0.0,27.41,241.0,81.75814227292577,30.22119966739689,True,False,True,False,True,20.0
2025-05-20 14:00:00+00:00,27.41,27.41,27.41,27.41,0.0,27.06551193225558,27.339999999999996,,,,,27.339999999999996,"rgba(38, 166, 154, 1.0)",0.13727879832094886,27.339999999999996,0.5099112234093747,9,0.7364111368908156,6.62770023201734,0.0,0.0,0.0,0.0,86.59248744543052,34.26786976583722,True,False,True,False,True,20.0
2025-05-20 15:00:00+00:00,27.41,27.41,27.41,27.41,0.0,27.06551193225558,27.339999999999996,,,,,27.339999999999996,"rgba(38, 166, 154, 1.0)",0.1422763774051844,27.339999999999996,0.4920001568542405,9,0.7125941152830796,6.413347037547716,0.0,0.0,0.0,0.0,89.81538422710035,36.75734952912258,True,False,True,False,True,20.0
2025-05-20 16:00:00+00:00,27.41,27.41,27.41,27.41,0.0,27.06551193225558,27.339999999999996,,,,,27.339999999999996,"rgba(38, 166, 154, 1.0)",0.1467598086719111,27.339999999999996,0.4769698232333645,9,0.691119532763605,6.220075794872446,0.0,0.0,0.0,0.0,91.9639820815469,38.344022094277506,True,False,True,False,True,20.0
2025-05-20 17:00:00+00:00,27.41,27.41,27.41,27.41,0.0,27.06551193225558,27.339999999999996,,,,,27.339999999999996,"rgba(38, 166, 154, 1.0)",0.15077496506404575,27.339999999999996,0.46426805650572983,9,0.670764219010081,6.036877971090729,0.0,0.0,0.0,0.0,93.39638065117794,39.41834702128959,True,False,True,False,True,20.0
2025-05-20 18:00:00+00:00,27.41,27.41,27.41,27.41,0.0,27.06551193225558,27.339999999999996,,,,,27.339999999999996,"rgba(38, 166, 154, 1.0)",0.15435839307756236,27.339999999999996,0.45349007983537426,8,0.6352731697932987,5.08218535834639,0.0,0.0,0.0,0.0,94.35131303093196,40.207740376987616,True,False,True,False,True,20.0
2025-05-20 19:00:00+00:00,27.41,27.41,27.41,27.41,0.0,27.06551193225558,27.339999999999996,,,,,27.339999999999996,"rgba(38, 166, 154, 1.0)",0.15753955602224173,27.339999999999996,0.44433285053895355,8,0.6177598855893561,4.942079084714849,0.0,0.0,0.0,0.0,94.98793461743465,40.84049773560196,True,False,True,False,True,20.0
2025-05-21 14:00:00+00:00,27.41,27.41,27.41,27.41,0.0,27.06551193225558,27.339999999999996,,,,,27.339999999999996,"rgba(38, 166, 154, 1.0)",0.16034239827524605,27.339999999999996,0.43656575399253317,8,0.6030768805954594,4.824615044763675,0.0,0.0,0.0,0.0,95.41234900843644,41.38589505692835,True,False,True,False,True,20.0
2025-05-21 15:00:00+00:00,27.41,27.41,27.41,27.41,0.0,27.06551193225558,27.339999999999996,,,,,27.339999999999996,"rgba(38, 166, 154, 1.0)",0.16278646268165226,27.339999999999996,0.4300111867219385,7,0.6599217017071018,4.619451911949713,0.0,0.0,0.0,0.0,95.69529193577097,41.87903092499748,True,False,True,False,True,20.0
2025-05-21 16:00:00+00:00,27.41,27.41,27.41,27.41,0.0,27.06551193225558,27.339999999999996,,,,,27.339999999999996,"rgba(38, 166, 154, 1.0)",0.16683940597880254,27.339999999999996,0.4195651476300362,7,0.6467045310881315,4.526931717616921,0.0,0.0,0.0,0.0,95.88392055399399,42.3359706038993,True,False,True,False,True,20.0
2025-05-21 17:00:00+00:00,27.41,27.41,27.41,27.41,0.0,27.06551193225558,27.339999999999996,,,,,27.339999999999996,"rgba(38, 166, 154, 1.0)",0.1704928732228765,27.339999999999996,0.4105743464625437,7,0.634786671763391,4.443506702343737,0.0,0.0,0.0,0.0,96.00967296614266,42.76278485167131,True,False,True,False,True,20.0
2025-05-21 18:00:00+00:00,27.41,27.41,27.41,27.41,0.0,27.06551193225558,27.339999999999996,,,,,27.339999999999996,"rgba(38, 166, 154, 1.0)",0.1739201432157527,27.339999999999996,0.4024835692158264,7,0.6240132139107261,4.368092497375082,0.0,0.0,0.0,0.0,96.09350790757512,43.16079139833832,True,False,True,False,True,20.0
2025-05-21 19:00:00+00:00,27.41,27.41,27.41,27.41,0.0,27.06551193225558,27.339999999999996,,,,,27.339999999999996,"rgba(38, 166, 154, 1.0)",0.17713434612335346,27.339999999999996,0.39518027718496207,7,0.6150606643959503,4.305424650771652,0.0,0.0,0.0,0.0,96.14939786853009,43.52947085091738,True,False,True,False,True,20.0
2025-05-22 14:00:00+00:00,27.41,27.41,27.41,27.41,0.0,27.06551193225558,27.339999999999996,,,,,27.339999999999996,"rgba(38, 166, 154, 1.0)",0.18014688701410297,27.339999999999996,0.3885717991592262,7,0.6069985941646586,4.24899015915261,0.0,0.0,0.0,0.0,96.18665784250007,43.867987182834284,True,False,True,False,True,20.0
2025-05-22 15:00:00+00:00,27.41,27.41,27.41,27.41,0.0,27.06551193225558,27.339999999999996,,,,,27.339999999999996,"rgba(38, 166, 154, 1.0)",0.1829677271793033,27.339999999999996,0.38258113099588203,7,0.5997430919114147,4.198201643379903,0.0,0.0,0.0,0.0,96.21149782514672,44.175894062688926,True,False,True,False,True,20.0
2025-05-22 16:00:00+00:00,27.41,27.41,27.41,27.41,0.0,27.06551193225558,27.339999999999996,,,,,27.339999999999996,"rgba(38, 166, 154, 1.0)",0.18560560724668823,27.339999999999996,0.37714377835022467,7,0.593223288262803,4.152563017839621,0.0,0.0,0.0,0.0,96.22805781357782,44.45338501698835,True,False,True,False,True,20.0
2025-05-22 17:00:00+00:00,27.41,27.41,27.41,27.41,0.0,27.06551193225558,27.339999999999996,,,,,27.339999999999996,"rgba(38, 166, 154, 1.0)",0.18749251036084488,27.339999999999996,0.37334824663280164,7,0.5873791024483422,4.111653717138395,0.0,0.0,0.0,0.0,96.23909780586523,44.70130374006632,True,False,True,False,True,20.0
2025-05-22 18:00:00+00:00,27.41,27.41,27.41,27.41,0.0,27.06551193225558,27.339999999999996,,,,,27.339999999999996,"rgba(38, 166, 154, 1.0)",0.18917630844174277,27.339999999999996,0.3700251927770357,7,0.5821594702610253,4.075116291827177,0.0,0.0,0.0,0.0,96.24645780072349,44.921041885776674,True,False,True,False,True,20.0
2025-05-22 19:00:00+00:00,27.41,27.41,27.23,27.25,200.0,27.138546603475508,27.306666666666665,,,,,27.297166666666662,"rgba(239, 83, 80, 1.0)",0.18854588181532642,27.297166666666662,-0.2501601531284577,7,0.5836417144753857,4.0854920013277,0.0,0.0,0.0,0.0,69.16460369983558,23.009266371727975,False,True,True,False,False,10.66876901125471
2025-05-23 14:00:00+00:00,27.25,27.25,27.25,27.25,0.0,27.138546603475508,27.306666666666665,,,,,27.297166666666662,"rgba(239, 83, 80, 1.0)",0.18783815153248404,27.297166666666662,-0.25110269815717023,8,0.5433285929964148,4.346628743971318,0.0,0.0,0.0,0.0,51.11003429924364,8.218685328764707,False,True,False,True,False,10.6687690112547
2025-05-23 15:00:00+00:00,27.25,27.25,27.25,27.25,0.0,27.138546603475508,27.306666666666665,,,,,27.297166666666662,"rgba(239, 83, 80, 1.0)",0.18705224013764063,27.297166666666662,-0.25215772145767934,8,0.5451501484847154,4.3612011878777235,0.0,0.0,0.0,0.0,39.073654698849005,-0.8094498038889597,False,True,False,True,False,10.66876901125471
2025-05-23 16:00:00+00:00,27.25,27.25,27.25,27.25,0.0,27.138546603475508,27.306666666666665,,,,,27.297166666666662,"rgba(239, 83, 80, 1.0)",0.18730348260126806,27.297166666666662,-0.2518194857437361,8,0.547204102230625,4.377632817845,0.0,0.0,0.0,0.0,31.049401631919253,-6.510676924661993,False,True,False,True,False,10.66876901125472
2025-05-23 17:00:00+00:00,27.25,27.25,27.25,27.25,0.0,27.138546603475508,27.306666666666665,,,,,27.297166666666662,"rgba(239, 83, 80, 1.0)",0.1854529395635493,27.297166666666662,-0.2543322676775339,8,0.5494981030931987,4.3959848247455895,0.0,0.0,0.0,0.0,25.699899587299413,-10.336089017016299,False,True,False,True,False,10.66876901125472
2025-05-23 18:00:00+00:00,27.25,27.25,27.25,27.25,0.0,27.138546603475508,27.306666666666665,,,,,27.297166666666662,"rgba(239, 83, 80, 1.0)",0.18347025190286784,27.297166666666662,-0.25708073203950765,8,0.5520408741168763,4.41632699293501,0.0,0.0,0.0,0.0,22.13356489088619,-13.128933130165635,False,True,False,True,False,10.66876901125472
2025-05-23 19:00:00+00:00,27.25,27.25,27.25,27.25,0.0,27.138546603475508,27.306666666666665,,,,,27.297166666666662,"rgba(239, 83, 80, 1.0)",0.1813510855114587,27.297166666666662,-0.26008483232200946,8,0.5548423098446911,4.438738478757529,0.0,0.0,0.0,0.0,19.756008426610705,-15.363200053882608,False,True,False,True,False,10.66876901125472
2025-05-26 14:00:00+00:00,27.25,27.25,27.25,27.25,0.0,27.138546603475508,27.306666666666665,,,,,27.297166666666662,"rgba(239, 83, 80, 1.0)",0.17909059562525714,27.297166666666662,-0.2633676352573939,8,0.5579135903525276,4.463308722820221,0.0,0.0,0.0,0.0,18.17097078376038,-17.293260287270712,False,True,False,True,False,10.66876901125472
2025-05-26 15:00:00+00:00,27.25,27.25,27.25,27.25,0.0,27.138546603475508,27.306666666666665,,,,,27.297166666666662,"rgba(239, 83, 80, 1.0)",0.17668335804194088,27.297166666666662,-0.26695591021914905,8,0.5612673147287739,4.490138517830191,0.0,0.0,0.0,0.0,17.114279021860167,-19.046528088083846,False,True,False,True,False,10.66876901125472
2025-05-26 16:00:00+00:00,27.25,27.25,27.25,27.25,0.0,27.138546603475508,27.306666666666665,,,,,27.297166666666662,"rgba(239, 83, 80, 1.0)",0.17523544007827563,27.297166666666662,-0.2691616869600883,8,0.5649176573262202,4.519341258609762,0.0,0.0,0.0,0.0,16.409817847260022,-20.679919525730483,False,True,False,True,False,10.66876901125472
2025-05-26 17:00:00+00:00,27.25,27.25,27.25,27.25,0.0,27.138546603475508,27.306666666666665,,,,,27.297166666666662,"rgba(239, 83, 80, 1.0)",0.1738557961006912,27.297166666666662,-0.27129763703330806,8,0.5688805508599244,4.551044406879395,0.0,0.0,0.0,0.0,15.94017706419326,-22.213522103920706,False,True,False,True,False,10.66876901125472
2025-05-26 18:00:00+00:00,27.25,27.25,27.25,27.25,0.0,27.138546603475508,27.306666666666665,,,,,27.297166666666662,"rgba(239, 83, 80, 1.0)",0.17238893800332158,27.297166666666662,-0.2736061096086881,8,0.5731739013572841,4.585391210858273,0.0,0.0,0.0,0.0,15.627083208815419,-23.650094155915216,False,True,False,True,False,10.66876901125471
2025-05-26 19:00:00+00:00,27.25,27.25,27.25,27.25,0.0,27.138546603475508,27.306666666666665,,,,,27.297166666666662,"rgba(239, 83, 80, 1.0)",0.170832619202981,27.297166666666662,-0.27609871514420403,8,0.5778178411392692,4.622542729114153,0.0,0.0,0.0,0.0,15.418353971896858,-24.985889420387366,False,True,False,True,False,10.66876901125472
2025-05-27 14:00:00+00:00,27.25,27.275,27.25,27.275,59.0,27.149470134874754,27.299268547544404,,,,,27.286357786357787,"rgba(239, 83, 80, 1.0)",0.1693215662364352,27.286357786357787,-0.0670782027962605,8,0.582255680096083,4.658045440768664,0.0,0.0,0.0,0.0,26.012544589345154,-33.53747855817252,False,True,False,True,True,12.771105110491312
2025-05-27 15:00:00+00:00,27.275,27.275,27.275,27.275,0.0,27.149470134874754,27.299268547544404,,,,,27.286357786357787,"rgba(239, 83, 80, 1.0)",0.16770343300424104,27.286357786357787,-0.06772542549859925,8,0.5870984713541822,4.696787770833458,0.0,0.0,0.0,0.0,33.075338334310686,-26.76969384727606,False,True,False,True,True,12.771105110491312
2025-05-27 16:00:00+00:00,27.275,27.275,27.275,27.275,0.0,27.149470134874754,27.299268547544404,,,,,27.286357786357787,"rgba(239, 83, 80, 1.0)",0.1659750876779285,27.286357786357787,-0.0684306694256889,8,0.5923734335183009,4.738987468146407,0.0,0.0,0.0,0.0,37.783867497621046,-22.327022094837467,False,True,False,True,True,12.771105110491323
2025-05-27 17:00:00+00:00,27.275,27.275,27.275,27.275,0.0,27.149470134874754,27.299268547544404,,,,,27.286357786357787,"rgba(239, 83, 80, 1.0)",0.1641330486453712,27.286357786357787,-0.06919865591680986,7,0.5974805747640043,4.18236402334803,0.0,0.0,0.0,0.0,40.92288693982795,-19.267617756110845,False,True,False,True,True,12.771105110491323
2025-05-27 18:00:00+00:00,27.275,27.275,27.275,27.275,0.0,27.149470134874754,27.299268547544404,,,,,27.286357786357787,"rgba(239, 83, 80, 1.0)",0.162173441799794,27.286357786357787,-0.0700348110747347,7,0.5973891085103936,4.181723759572756,0.0,0.0,0.0,0.0,43.015566567965884,-17.027539569176533,False,True,False,True,True,12.771105110491312
2025-05-27 19:00:00+00:00,27.275,27.275,27.275,27.275,0.0,27.149470134874754,27.299268547544404,,,,,27.286357786357787,"rgba(239, 83, 80, 1.0)",0.16009194993002668,27.286357786357787,-0.07094539333646908,7,0.5974171536955947,4.181920075869162,0.0,0.0,0.0,0.0,44.41068632005784,-15.275872469178395,False,True,False,True,True,12.771105110491323
2025-05-28 14:00:00+00:00,27.275,27.275,27.275,27.275,0.0,27.149470134874754,27.299268547544404,,,,,27.286357786357787,"rgba(239, 83, 80, 1.0)",0.15788375242324587,27.286357786357787,-0.07193765149019732,7,0.597564760833994,4.182953325837958,0.0,0.0,0.0,0.0,45.34076615478581,-13.823147963693813,False,True,False,True,True,12.771105110491323
2025-05-28 15:00:00+00:00,27.275,27.275,27.275,27.275,0.0,27.149470134874754,27.299268547544404,,,,,27.286357786357787,"rgba(239, 83, 80, 1.0)",0.15554345298253822,27.286357786357787,-0.07302002199387407,7,0.5978321960010569,4.184825372007398,0.0,0.0,0.0,0.0,45.960819377937796,-12.564050908833615,False,True,False,True,True,12.771105110491323
2025-05-28 16:00:00+00:00,27.44,27.44,27.42,27.42,29.0,27.160619509939895,27.30988505747126,,,,,27.312131313131307,"rgba(38, 166, 154, 1.0)",0.1546079027849761,27.312131313131307,0.6976919350540286,7,0.5929252353722727,4.150476647605909,0.0,0.0,0.0,0.0,61.322343728639794,2.011303870562301,False,False,True,False,True,20.0
2025-05-28 17:00:00+00:00,27.42,27.42,27.42,27.42,27.0,27.16998217468805,27.31781333333333,,,,,27.323494634230503,"rgba(38, 166, 154, 1.0)",0.15343948538639068,27.323494634230503,0.6289474024660558,8,0.5911556991956662,4.72924559356533,0.0,0.0,0.0,0.0,71.56335996244113,11.097511549670706,True,False,True,False,True,20.0
2025-05-28 18:00:00+00:00,27.42,27.42,27.42,27.42,6.0,27.17197170645446,27.319422572178475,,,,,27.32564176655696,"rgba(38, 166, 154, 1.0)",0.15203283192109004,27.32564176655696,0.6206437928619087,8,0.5889534546153669,4.711627636922935,0.0,0.0,0.0,0.0,78.39070411830868,16.921677751458844,True,False,True,False,True,20.0
2025-05-28 19:00:00+00:00,27.42,27.42,27.42,27.42,0.0,27.17197170645446,27.319422572178475,,,,,27.32564176655696,"rgba(38, 166, 154, 1.0)",0.15038125721806786,27.32564176655696,0.6274600650945052,8,0.587154487377255,4.69723589901804,0.0,0.0,0.0,0.0,82.94226688888705,20.834811409042544,True,False,True,False,True,20.0
2025-05-29 14:00:00+00:00,27.42,27.42,27.42,27.42,0.0,27.17197170645446,27.319422572178475,,,,,27.32564176655696,"rgba(38, 166, 154, 1.0)",0.14552136773832317,27.32564176655696,0.6484149710076775,8,0.5857480379177291,4.685984303341833,0.0,0.0,0.0,0.0,85.97664206927263,23.641452658266758,True,False,True,False,True,20.0
2025-05-29 15:00:00+00:00,27.42,27.42,27.42,27.42,0.0,27.17197170645446,27.319422572178475,,,,,27.32564176655696,"rgba(38, 166, 154, 1.0)",0.1458319407911674,27.32564176655696,0.6470340649046439,8,0.5847258155485815,4.677806524388652,0.0,0.0,0.0,0.0,87.99955885619634,25.809735626995064,True,False,True,False,True,20.0
2025-05-29 16:00:00+00:00,27.42,27.42,27.41,27.41,100.0,27.200234192037467,27.338946638946638,,,,,27.34842958398844,"rgba(38, 166, 154, 1.0)",0.14044485308020363,27.34842958398844,0.43839567389769835,8,0.5844980877639451,4.675984702111561,0.0,0.0,0.0,0.0,86.09146928614277,25.809735626995064,True,False,True,False,True,20.0
2025-05-29 17:00:00+00:00,27.41,27.41,27.41,27.41,0.0,27.200234192037467,27.338946638946638,,,,,27.34842958398844,"rgba(38, 166, 154, 1.0)",0.1344809172971392,27.34842958398844,0.4578375672105033,7,0.5799025228032263,4.059317659622584,0.0,0.0,0.0,0.0,84.81940957277371,25.809735626995064,True,False,True,False,True,20.0
2025-05-29 18:00:00+00:00,27.41,27.41,27.41,27.41,0.0,27.200234192037467,27.338946638946638,,,,,27.34842958398844,"rgba(38, 166, 154, 1.0)",0.12785943858784357,27.34842958398844,0.4815476799490109,6,0.6017480442144583,3.6104882652867496,0.0,0.0,0.0,0.0,83.97136976386099,25.809735626995064,True,False,True,False,True,20.0
2025-05-29 19:00:00+00:00,27.41,27.41,27.41,27.41,0.0,27.200234192037467,27.338946638946638,,,,,27.34842958398844,"rgba(38, 166, 154, 1.0)",0.12047204453098499,27.34842958398844,0.511076376691884,6,0.6055824911276377,3.6334949467658264,0.0,0.0,0.0,0.0,83.40600989125252,25.809735626995064,True,False,True,False,False,20.0
2025-05-30 14:00:00+00:00,27.41,27.41,27.41,27.41,0.0,27.200234192037467,27.338946638946638,,,,,27.34842958398844,"rgba(38, 166, 154, 1.0)",0.11216750665639001,27.34842958398844,0.5489149027817097,6,0.6099851133041226,3.659910679824736,0.0,0.0,0.0,0.0,83.02910330951354,25.809735626995064,True,False,True,False,False,20.0
2025-05-30 15:00:00+00:00,27.41,27.54,27.41,27.54,100.0,27.231306778476586,27.366092943201377,,,,,27.39254191866279,"rgba(38, 166, 154, 1.0)",0.10569512505040492,27.39254191866279,1.3951266084115803,6,0.6082046281796091,3.6492277690776547,0.0,0.0,0.0,0.0,86.99150544943748,28.769906172505316,True,False,True,False,True,20.0
2025-05-30 16:00:00+00:00,27.54,27.54,27.54,27.54,0.0,27.231306778476586,27.366092943201377,,,,,27.39254191866279,"rgba(38, 166, 154, 1.0)",0.10019674339691988,27.39254191866279,1.4716853695840004,6,0.6072126206279308,3.6432757237675846,0.0,0.0,0.0,0.0,89.63310687605343,31.808278862474367,True,False,True,False,True,20.0
2025-05-30 17:00:00+00:00,27.54,27.59,27.54,27.59,100.0,27.263757115749524,27.39652471855115,,,,,27.4268044992147,"rgba(38, 166, 154, 1.0)",0.1045553433344292,27.4268044992147,1.5608528036994214,6,0.6004555473075351,3.602733283845211,0.0,0.0,0.0,0.0,91.83086327037402,34.35318634645206,True,False,True,False,True,20.0
2025-05-30 18:00:00+00:00,27.59,27.59,27.59,27.59,0.0,27.263757115749524,27.39652471855115,,,,,27.4268044992147,"rgba(38, 166, 154, 1.0)",0.10848705656160888,27.4268044992147,1.5042854507958936,6,0.5941510783572698,3.564906470143619,0.0,0.0,0.0,0.0,93.29603419992108,36.19312395738183,True,False,True,False,True,20.0
2025-05-30 19:00:00+00:00,27.59,27.59,27.59,27.59,0.0,27.263757115749524,27.39652471855115,,,,,27.4268044992147,"rgba(38, 166, 154, 1.0)",0.11203683435465442,27.4268044992147,1.4566236338729583,6,0.588701661392839,3.5322099683570336,0.0,0.0,0.0,0.0,94.27281481961913,37.59619360089657,True,False,True,False,True,20.0
2025-06-02 14:00:00+00:00,27.59,27.59,27.59,27.59,0.0,27.263757115749524,27.39652471855115,,,,,27.4268044992147,"rgba(38, 166, 154, 1.0)",0.11523997679716871,27.4268044992147,1.4161361822602252,6,0.5840445039159169,3.504267023495501,0.0,0.0,0.0,0.0,94.92400189941782,38.72215179670698,True,False,True,False,True,20.0
2025-06-02 15:00:00+00:00,27.59,27.6,27.59,27.6,100.0,27.292605430387056,27.422151088348272,,,,,27.461548073449347,"rgba(38, 166, 154, 1.0)",0.11842312289411845,27.461548073449347,1.1691291630135776,6,0.5795433943205102,3.477260365923061,0.0,0.0,0.0,0.0,95.4540536163623,39.75112586031295,True,False,True,False,True,20.0
2025-06-02 16:00:00+00:00,27.6,27.6,27.6,27.6,0.0,27.292605430387056,27.422151088348272,,,,,27.461548073449347,"rgba(38, 166, 154, 1.0)",0.12128545733978716,27.461548073449347,1.1415377373956292,6,0.5757832286929939,3.4546993721579637,0.0,0.0,0.0,0.0,95.80742142765862,40.61658430258497,True,False,True,False,True,20.0
2025-06-02 17:00:00+00:00,27.6,27.6,27.6,27.6,0.0,27.292605430387056,27.422151088348272,,,,,27.461548073449347,"rgba(38, 166, 154, 1.0)",0.12384922539357897,27.461548073449347,1.1179070850921355,6,0.572723658187065,3.43634194912239,0.0,0.0,0.0,0.0,96.04299996852284,41.36397647819015,True,False,True,False,True,20.0
2025-06-02 18:00:00+00:00,27.6,27.6,27.48,27.49,200.0,27.326686361398323,27.442779476724432,,,,,27.484269309300515,"rgba(239, 83, 80, 1.0)",0.12380280746046844,27.484269309300515,0.046288859009219537,6,0.5753087518269406,3.451852510961644,0.0,0.0,0.0,0.0,78.68926940105064,34.58894428228301,True,False,True,False,False,19.856249687984217
2025-06-02 19:00:00+00:00,27.49,27.6,27.49,27.52,3718.0,27.480611198738167,27.51706604242037,,,,,27.527608975035683,"rgba(239, 83, 80, 1.0)",0.12413302948436997,27.527608975035683,-0.06129694141269353,6,0.5771999905071342,3.463199943042805,0.0,0.0,0.0,0.0,69.79222244037041,27.12683191259731,True,False,True,False,False,20.0
2025-06-03 14:00:00+00:00,27.52,27.52,27.52,27.52,0.0,27.480611198738167,27.51706604242037,,,,,27.527608975035683,"rgba(239, 83, 80, 1.0)",0.12431404579507585,27.527608975035683,-0.06120768564017712,6,0.5796042229930446,3.4776253379582673,0.0,0.0,0.0,0.0,63.86085779991693,22.4135774955366,False,False,True,False,False,20.0
2025-06-03 15:00:00+00:00,27.52,27.52,27.52,27.52,0.0,27.480611198738167,27.51706604242037,,,,,27.527608975035683,"rgba(239, 83, 80, 1.0)",0.1243465080089186,27.527608975035683,-0.06119170660697477,6,0.5825405129098365,3.495243077459019,0.0,0.0,0.0,0.0,59.906614706281275,19.2922404664111,False,False,True,False,False,20.0
2025-06-03 16:00:00+00:00,27.52,27.52,27.32,27.32,19.0,27.480260590584688,27.51654090716405,,,,,27.52038587170137,"rgba(239, 83, 80, 1.0)",0.12300911853680264,27.52038587170137,-1.6290326610333252,6,0.5906868741452341,3.5441212448714046,0.0,0.0,0.0,0.0,47.28724420430568,8.092441865514374,False,True,False,True,False,2.002749273026488
2025-06-03 17:00:00+00:00,27.32,27.32,27.32,27.32,0.0,27.480260590584688,27.51654090716405,,,,,27.52038587170137,"rgba(239, 83, 80, 1.0)",0.12163569888483018,27.52038587170137,-1.6474264836600738,6,0.5994016967458359,3.596410180475015,0.0,0.0,0.0,0.0,38.87433053632195,0.9971376745711424,False,True,False,True,False,2.002749273026488
2025-06-03 18:00:00+00:00,27.32,27.32,27.32,27.32,0.0,27.480260590584688,27.51654090716405,,,,,27.52038587170137,"rgba(239, 83, 80, 1.0)",0.12022501426080928,27.52038587170137,-1.666756896918853,6,0.6087411366876839,3.6524468201261033,0.0,0.0,0.0,0.0,33.265721424332796,-3.6922527464431454,False,True,False,True,False,2.002749273026488
2025-06-03 19:00:00+00:00,27.32,27.32,27.32,27.32,0.0,27.480260590584688,27.51654090716405,,,,,27.52038587170137,"rgba(239, 83, 80, 1.0)",0.1187757368978754,27.52038587170137,-1.68709432528013,6,0.6187697530450527,3.712618518270316,0.0,0.0,0.0,0.0,29.52664868300669,-6.9907992845816835,False,True,False,True,False,2.002749273026488
2025-06-04 14:00:00+00:00,27.32,27.32,27.32,27.32,0.0,27.480260590584688,27.51654090716405,,,,,27.52038587170137,"rgba(239, 83, 80, 1.0)",0.11728643616405802,27.52038587170137,-1.7085170140311485,6,0.6295621766638996,3.7773730599833977,0.0,0.0,0.0,0.0,27.03393352212262,-9.491608240633774,False,True,False,True,False,2.002749273026488
2025-06-04 15:00:00+00:00,27.32,27.45,27.32,27.45,56.0,27.47945987954148,27.515252059768187,,,,,27.491964857079815,"rgba(38, 166, 154, 1.0)",0.11595774315739142,27.491964857079815,-0.3618978425861188,5,0.6793508695092623,3.3967543475463113,0.0,0.0,0.0,0.0,35.83999404249222,-9.491608240633774,False,True,False,True,True,11.382829793303468
2025-06-04 16:00:00+00:00,27.45,27.45,27.45,27.45,0.0,27.47945987954148,27.515252059768187,,,,,27.491964857079815,"rgba(38, 166, 154, 1.0)",0.1145153516596047,27.491964857079815,-0.36645616916546864,4,0.6948792608135623,2.7795170432542493,0.0,0.0,0.0,0.0,41.710701056071954,-22.350165862863378,False,True,False,True,True,11.382829793303447
2025-06-04 17:00:00+00:00,27.45,27.45,27.45,27.45,0.0,27.47945987954148,27.515252059768187,,,,,27.491964857079815,"rgba(38, 166, 154, 1.0)",0.11295490609428073,27.491964857079815,-0.3715186752914316,3,0.7156634678567856,2.146990403570357,0.0,0.0,0.0,0.0,45.624505731791785,-18.42528201031142,False,True,False,True,True,11.382829793303447
2025-06-04 18:00:00+00:00,27.45,27.58,27.45,27.56,92.0,27.480347394540946,27.515530894643103,,,,,27.514679265708725,"rgba(38, 166, 154, 1.0)",0.11288597451942343,27.514679265708725,0.40147356200991446,3,0.7340903435383138,2.2022710306149413,0.0,0.0,0.0,0.0,53.30372857605605,-10.944899267616897,False,True,True,False,True,17.971028749344853
2025-06-04 19:00:00+00:00,27.56,27.56,27.56,27.56,0.0,27.480347394540946,27.515530894643103,,,,,27.514679265708725,"rgba(38, 166, 154, 1.0)",0.11260982627164187,27.514679265708725,0.40245807840915143,4,0.6410610486473066,2.5642441945892265,0.0,0.0,0.0,0.0,58.423210472232235,-5.894678112316043,False,False,True,False,True,17.971028749344853
2025-06-05 14:00:00+00:00,27.56,27.56,27.56,27.56,0.0,27.480347394540946,27.515530894643103,,,,,27.514679265708725,"rgba(38, 166, 154, 1.0)",0.11212493032308254,27.514679265708725,0.4041985503195754,4,0.6622877985326628,2.6491511941306514,0.0,0.0,0.0,0.0,61.836198403016354,-2.2946003053886272,False,False,True,False,True,17.971028749344853
2025-06-05 15:00:00+00:00,27.56,27.56,27.56,27.56,0.0,27.480347394540946,27.515530894643103,,,,,27.514679265708725,"rgba(38, 166, 154, 1.0)",0.11142856152836286,27.514679265708725,0.4067245746481031,4,0.6873144023754894,2.7492576095019574,0.0,0.0,0.0,0.0,64.11152369020576,0.438161922149753,False,False,True,False,True,17.971028749344843
2025-06-05 16:00:00+00:00,27.56,27.56,27.56,27.56,0.0,27.480347394540946,27.515530894643103,,,,,27.514679265708725,"rgba(38, 166, 154, 1.0)",0.11297500321445907,27.514679265708725,0.4011571852336359,4,0.7171613128804856,2.8686452515219423,0.0,0.0,0.0,0.0,65.6284072149987,2.6430512070089947,False,False,True,False,True,17.971028749344853
2025-06-05 17:00:00+00:00,27.56,27.56,27.56,27.56,0.0,27.480347394540946,27.515530894643103,,,,,27.514679265708725,"rgba(38, 166, 154, 1.0)",0.11446514871447033,27.514679265708725,0.3959347871405339,4,0.7453290479105328,2.981316191642131,0.0,0.0,0.0,0.0,66.63966289819399,4.512919248646767,False,False,True,False,True,17.971028749344853
2025-06-05 18:00:00+00:00,27.56,27.56,27.56,27.56,0.0,27.480347394540946,27.515530894643103,,,,,27.514679265708725,"rgba(38, 166, 154, 1.0)",0.1159011694549993,27.514679265708725,0.3910291371897671,3,0.507776905366827,1.5233307161004808,0.0,0.0,0.0,0.0,67.31383335365751,6.154254313949011,False,False,True,False,True,17.971028749344864
2025-06-05 19:00:00+00:00,27.56,27.67,27.56,27.67,8.0,27.4805806492599,27.51572425112844,27.633333333333336,,,,27.522873522655278,"rgba(38, 166, 154, 1.0)",0.11989064085958039,27.522873522655278,1.2271723321342731,3,0.49789334915120925,1.4936800474536278,1.0,0.0,27.67,355.0,72.22384674092572,11.638634874375526,True,False,True,False,True,20.0
2025-06-06 14:00:00+00:00,27.67,27.67,27.67,27.67,0.0,27.4805806492599,27.51572425112844,27.633333333333336,,,,27.522873522655278,"rgba(38, 166, 154, 1.0)",0.12365310384315041,27.522873522655278,1.1898324649525058,3,0.48914977808749777,1.4674493342624932,0.0,0.0,0.0,0.0,75.49718899910454,15.375646372219776,True,False,True,False,True,20.0
2025-06-06 15:00:00+00:00,27.67,27.67,27.67,27.67,0.0,27.4805806492599,27.51572425112844,27.633333333333336,,,,27.522873522655278,"rgba(38, 166, 154, 1.0)",0.12720870274477541,27.522873522655278,1.1565755657449817,3,0.48140840543561375,1.4442252163068412,0.0,0.0,0.0,0.0,77.67941717122375,18.041261745588344,True,False,True,False,True,20.0
2025-06-06 16:00:00+00:00,27.67,27.67,27.67,27.67,0.0,27.4805806492599,27.51572425112844,27.633333333333336,,,,27.522873522655278,"rgba(38, 166, 154, 1.0)",0.13057433766867052,27.522873522655278,1.1267641097905012,3,0.47455705939896026,1.4236711781968807,0.0,0.0,0.0,0.0,79.13423595263654,20.045492674684866,True,False,True,False,True,20.0
2025-06-06 17:00:00+00:00,27.67,27.67,27.67,27.67,0.0,27.4805806492599,27.51572425112844,27.633333333333336,,,,27.522873522655278,"rgba(38, 166, 154, 1.0)",0.1337643483924435,27.522873522655278,1.0998930515706469,3,0.46850374624531194,1.4055112387359359,0.0,0.0,0.0,0.0,80.10411514024509,21.633557449168194,True,False,True,False,True,20.0
2025-06-06 18:00:00+00:00,27.67,27.67,27.67,27.67,0.0,27.4805806492599,27.51572425112844,27.633333333333336,,,,27.522873522655278,"rgba(38, 166, 154, 1.0)",0.13679102230679338,27.522873522655278,1.0755565304187158,3,0.4631726008350434,1.3895178025051302,0.0,0.0,0.0,0.0,80.75070126531745,22.949946044976258,True,False,True,False,True,20.0
2025-06-06 19:00:00+00:00,27.67,27.67,27.67,27.67,0.0,27.4805806492599,27.51572425112844,27.633333333333336,,,,27.522873522655278,"rgba(38, 166, 154, 1.0)",0.1396649788109386,27.522873522655278,1.0534242628131258,3,0.4585008310168419,1.3755024930505257,0.0,0.0,0.0,0.0,81.18175868203235,24.07860151010418,True,False,True,False,True,20.0
2025-06-09 14:00:00+00:00,27.67,27.67,27.67,27.67,0.0,27.4805806492599,27.51572425112844,27.633333333333336,,,,27.522873522655278,"rgba(38, 166, 154, 1.0)",0.14239546505567455,27.522873522655278,1.0332244589896142,3,0.4544363867739713,1.3633091603219138,0.0,0.0,0.0,0.0,81.46913029317562,25.067824997994578,True,False,True,False,True,20.0
2025-06-09 15:00:00+00:00,27.67,27.67,27.67,27.67,0.0,27.4805806492599,27.51572425112844,27.633333333333336,,,,27.522873522655278,"rgba(38, 166, 154, 1.0)",0.1449905868331575,27.522873522655278,1.014731235718248,3,0.45093616686204374,1.3528085005861312,0.0,0.0,0.0,0.0,81.66071136727115,25.945485377605948,True,False,True,False,True,20.0
2025-06-09 16:00:00+00:00,27.67,27.67,27.67,27.67,0.0,27.4805806492599,27.51572425112844,27.633333333333336,,,,27.522873522655278,"rgba(38, 166, 154, 1.0)",0.14745749120226,27.522873522655278,0.9977551913108156,3,0.44796463066321773,1.3438938919896533,0.0,0.0,0.0,0.0,81.78843208333483,26.72813381718001,True,False,True,False,True,20.0
2025-06-09 17:00:00+00:00,27.67,27.67,27.67,27.67,0.0,27.4805806492599,27.51572425112844,27.633333333333336,,,,27.522873522655278,"rgba(38, 166, 154, 1.0)",0.14980251263829134,27.522873522655278,0.9821362456047118,3,0.4454927206411792,1.3364781619235375,0.0,0.0,0.0,0.0,81.87357922737728,27.42633192051106,True,False,True,False,True,20.0
2025-06-09 18:00:00+00:00,27.67,27.67,27.67,27.67,0.0,27.4805806492599,27.51572425112844,27.633333333333336,,,,27.522873522655278,"rgba(38, 166, 154, 1.0)",0.1520312912313314,27.522873522655278,0.9677381291253759,3,0.44349702706575994,1.3304910811972799,0.0,0.0,0.0,0.0,81.93034399007223,28.04766271315586,True,False,True,False,True,20.0
2025-06-09 19:00:00+00:00,27.67,27.67,27.67,27.67,0.0,27.4805806492599,27.51572425112844,27.633333333333336,,,,27.522873522655278,"rgba(38, 166, 154, 1.0)",0.1541488691941203,27.522873522655278,0.9544440910523116,3,0.4419591453746173,1.325877436123852,0.0,0.0,0.0,0.0,81.96818716520221,28.598351081017412,True,False,True,False,True,20.0
2025-06-10 14:00:00+00:00,27.67,27.67,27.67,27.67,0.0,27.4805806492599,27.51572425112844,27.633333333333336,,,,27.522873522655278,"rgba(38, 166, 154, 1.0)",0.15615977034379167,27.522873522655278,0.9421535202108668,3,0.44086519011693115,1.3225955703507934,0.0,0.0,0.0,0.0,81.99341594862219,29.08407135281098,True,False,True,False,True,20.0
2025-06-10 15:00:00+00:00,27.67,27.67,27.67,27.67,0.0,27.4805806492599,27.51572425112844,27.633333333333336,,,,27.522873522655278,"rgba(38, 166, 154, 1.0)",0.1580680660774502,27.522873522655278,0.9307792585545698,3,0.4402054395192882,1.3206163185578645,0.0,0.0,0.0,0.0,82.01023513756886,29.510296959254532,True,False,True,False,True,20.0
2025-06-10 16:00:00+00:00,27.67,27.67,27.67,27.67,0.0,27.4805806492599,27.51572425112844,27.633333333333336,,,,27.522873522655278,"rgba(38, 166, 154, 1.0)",0.1580967886914401,27.522873522655278,0.9306101569961224,3,0.4399740924429543,1.319922277328863,0.0,0.0,0.0,0.0,82.02144793019997,29.882406106953113,True,False,True,False,True,20.0
2025-06-10 17:00:00+00:00,27.67,27.67,27.67,27.67,0.0,27.4805806492599,27.51572425112844,27.633333333333336,,,,27.522873522655278,"rgba(38, 166, 154, 1.0)",0.15792437464830747,27.522873522655278,0.9316261512661981,3,0.44016912564797156,1.3205073769439146,0.0,0.0,0.0,0.0,82.02892312528738,30.205669122704833,True,False,True,False,True,20.0
2025-06-10 18:00:00+00:00,27.67,27.67,27.67,27.67,0.0,27.4805806492599,27.51572425112844,27.633333333333336,,,,27.522873522655278,"rgba(38, 166, 154, 1.0)",0.15755016361148125,27.522873522655278,0.9338389372132788,3,0.44079224441581405,1.322376733247442,0.0,0.0,0.0,0.0,82.03390658867897,30.485188605085725,True,False,True,False,True,20.0
2025-06-10 19:00:00+00:00,27.67,27.67,27.67,27.67,0.0,27.4805806492599,27.51572425112844,27.633333333333336,,,,27.522873522655278,"rgba(38, 166, 154, 1.0)",0.15697271238142782,27.522873522655278,0.9372742250081108,3,0.4418489241530734,1.3255467724592203,0.0,0.0,0.0,0.0,82.0372288976067,30.725830454617565,True,False,True,False,True,20.0
2025-06-11 14:00:00+00:00,27.67,27.67,27.67,27.67,0.0,27.4805806492599,27.51572425112844,27.633333333333336,,,,27.522873522655278,"rgba(38, 166, 154, 1.0)",0.15618976676848217,27.522873522655278,0.9419725785416357,3,0.44334854497850235,1.330045634935507,0.0,0.0,0.0,0.0,82.03944377022518,30.932164283680393,True,False,True,False,True,20.0
2025-06-11 15:00:00+00:00,27.67,27.67,27.67,27.67,0.0,27.4805806492599,27.51572425112844,27.633333333333336,,,,27.522873522655278,"rgba(38, 166, 154, 1.0)",0.15519821676306622,27.522873522655278,0.9479907721448557,3,0.44530462583627134,1.335913877508814,0.0,0.0,0.0,0.0,82.04092035197084,31.10842051883766,True,False,True,False,True,20.0
2025-06-11 16:00:00+00:00,27.67,27.67,27.67,27.67,0.0,27.4805806492599,27.51572425112844,27.633333333333336,,,,27.522873522655278,"rgba(38, 166, 154, 1.0)",0.15399403287826105,27.522873522655278,0.9554037555535265,3,0.4477351697504848,1.3432055092514543,0.0,0.0,0.0,0.0,82.04190473980128,31.258465439393817,True,False,True,False,True,20.0
2025-06-11 17:00:00+00:00,27.67,27.67,27.67,27.67,0.0,27.4805806492599,27.51572425112844,27.633333333333336,,,,27.522873522655278,"rgba(38, 166, 154, 1.0)",0.15257218052521448,27.522873522655278,0.9643073648043545,3,0.44378731344262506,1.3313619403278751,0.0,0.0,0.0,0.0,82.04256099835492,31.385792385052838,True,False,True,False,True,20.0
2025-06-11 18:00:00+00:00,27.67,27.67,27.67,27.67,0.0,27.4805806492599,27.51572425112844,27.633333333333336,,,,27.522873522655278,"rgba(38, 166, 154, 1.0)",0.15092650797907822,27.522873522655278,0.9748219800137352,3,0.4400724934163067,1.3202174802489202,0.0,0.0,0.0,0.0,82.04299850405734,31.49352612446455,True,False,True,False,True,20.0
2025-06-11 19:00:00+00:00,27.67,27.67,27.67,27.67,0.0,27.4805806492599,27.51572425112844,27.633333333333336,,,,27.522873522655278,"rgba(38, 166, 154, 1.0)",0.14904960175636603,27.522873522655278,0.9870974199932067,3,0.43657675848074207,1.3097302754422262,0.0,0.0,0.0,0.0,82.04329017452562,31.58443711264367,True,False,True,False,True,20.0
2025-06-12 14:00:00+00:00,27.67,27.67,27.67,27.67,0.0,27.4805806492599,27.51572425112844,27.633333333333336,,,,27.522873522655278,"rgba(38, 166, 154, 1.0)",0.14693260083839896,27.522873522655278,1.0013194927825317,3,0.43328750448394104,1.2998625134518231,0.0,0.0,0.0,0.0,82.04348462150446,31.660962600734834,True,False,True,False,True,20.0
2025-06-12 15:00:00+00:00,27.67,27.67,27.67,27.67,0.0,27.4805806492599,27.51572425112844,27.633333333333336,,,,27.522873522655278,"rgba(38, 166, 154, 1.0)",0.1445649578112679,27.522873522655278,1.01771881355093,3,0.4301933234795114,1.2905799704385341,0.0,0.0,0.0,0.0,82.04361425282369,31.72523201606481,True,False,True,False,True,20.0
2025-06-12 16:00:00+00:00,27.67,27.67,27.67,27.67,0.0,27.4805806492599,27.51572425112844,27.633333333333336,,,,27.522873522655278,"rgba(38, 166, 154, 1.0)",0.1419341301352268,27.522873522655278,1.0365827951638558,3,0.4272838736686553,1.2818516210059658,0.0,0.0,0.0,0.0,82.04370067370317,31.779094546093575,True,False,True,False,True,20.0
2025-06-12 17:00:00+00:00,27.67,27.67,27.67,27.67,0.0,27.4805806492599,27.51572425112844,27.633333333333336,,,,27.522873522655278,"rgba(38, 166, 154, 1.0)",0.1396849092558665,27.522873522655278,1.0532739587153708,3,0.424549766868076,1.273649300604228,0.0,0.0,0.0,0.0,82.04375828762284,31.82414735358121,True,False,True,False,True,20.0
2025-06-12 18:00:00+00:00,27.67,27.67,27.67,27.67,0.0,27.4805806492599,27.51572425112844,27.633333333333336,,,,27.522873522655278,"rgba(38, 166, 154, 1.0)",0.1371941151258704,27.522873522655278,1.0723964159085166,3,0.4219824708308435,1.2659474124925305,0.0,0.0,0.0,0.0,82.0437966969026,31.86176328317815,True,False,True,False,True,20.0
2025-06-12 19:00:00+00:00,27.67,27.67,27.67,27.67,0.0,27.4805806492599,27.51572425112844,27.633333333333336,,,,27.522873522655278,"rgba(38, 166, 154, 1.0)",0.13444832223310293,27.522873522655278,1.0942976074453339,3,0.4195742242108389,1.2587226726325167,0.0,0.0,0.0,0.0,82.04382230308912,31.893117278297993,True,False,True,False,True,20.0
2025-06-13 14:00:00+00:00,27.67,27.67,27.67,27.67,0.0,27.4805806492599,27.51572425112844,27.633333333333336,,,,27.522873522655278,"rgba(38, 166, 154, 1.0)",0.1314315496834635,27.522873522655278,1.1194152218326545,3,0.41731796233632507,1.2519538870089753,0.0,0.0,0.0,0.0,82.04383937388013,31.919211011918875,True,False,True,False,True,20.0
2025-06-13 15:00:00+00:00,27.67,27.67,27.67,27.67,0.0,27.4805806492599,27.51572425112844,27.633333333333336,,,,27.522873522655278,"rgba(38, 166, 154, 1.0)",0.12812465776684812,27.522873522655278,1.1483072806520493,3,0.41520725226306615,1.2456217567891985,0.0,0.0,0.0,0.0,82.04385075440749,31.94089545308306,True,False,True,False,True,20.0
2025-06-13 16:00:00+00:00,27.67,27.67,27.67,27.67,0.0,27.4805806492599,27.51572425112844,27.633333333333336,,,,27.522873522655278,"rgba(38, 166, 154, 1.0)",0.12450453155737723,27.522873522655278,1.1816957624303128,3,0.41323623582657426,1.2397087074797228,0.0,0.0,0.0,0.0,82.0438583414257,31.958891252260017,True,False,True,False,True,20.0
2025-06-13 17:00:00+00:00,27.67,27.67,27.67,27.67,0.0,27.4805806492599,27.51572425112844,27.633333333333336,,,,27.522873522655278,"rgba(38, 166, 154, 1.0)",0.12054295335500408,27.522873522655278,1.2205315470530256,3,0.41139957961771706,1.2341987388531512,0.0,0.0,0.0,0.0,82.04386339943787,31.97380694381917,True,False,True,False,True,20.0
2025-06-13 18:00:00+00:00,27.67,27.67,27.67,27.67,0.0,27.4805806492599,27.51572425112844,27.633333333333336,,,,27.522873522655278,"rgba(38, 166, 154, 1.0)",0.11620500679207513,27.522873522655278,1.2660941331725604,3,0.40969243097480823,1.2290772929244247,0.0,0.0,0.0,0.0,82.04386677144598,31.9861550423213,True,False,True,False,True,20.0
2025-06-13 19:00:00+00:00,27.67,27.67,27.67,27.67,0.0,27.4805806492599,27.51572425112844,27.633333333333336,,,,27.522873522655278,"rgba(38, 166, 154, 1.0)",0.11538810343513227,27.522873522655278,1.2750575922883933,3,0.40811037922533727,1.2243311376760118,0.0,0.0,0.0,0.0,82.04386901945136,31.996366159647295,True,False,True,False,True,20.0
2025-06-16 14:00:00+00:00,27.67,27.67,27.67,27.67,0.0,27.4805806492599,27.51572425112844,27.633333333333336,,,,27.522873522655278,"rgba(38, 166, 154, 1.0)",0.11446703762500729,27.522873522655278,1.285317418859991,3,0.4066494215271424,1.2199482645814272,0.0,0.0,0.0,0.0,82.04387051812162,32.0048012992079,True,False,True,False,True,20.0
2025-06-16 15:00:00+00:00,27.67,27.77,27.67,27.77,100.0,27.48536998940216,27.52016619756065,27.72901234567901,,,,27.736666666666668,"rgba(38, 166, 154, 1.0)",0.11507146232399786,27.736666666666668,0.28967506504329754,3,0.4021422502988496,1.2064267508965487,0.0,0.0,0.0,0.0,87.85875827648997,37.24516058066577,True,False,True,False,True,20.0
2025-06-16 16:00:00+00:00,27.77,27.77,27.76,27.76,100.0,27.49047304326541,27.524958612534494,27.745512820512822,,,,27.750666666666667,"rgba(38, 166, 154, 1.0)",0.1152735876076629,27.750666666666667,0.08096679844042297,3,0.39832853971032284,1.1949856191309685,0.0,0.0,0.0,0.0,88.46791556254983,37.45024782072991,True,False,True,False,True,20.0
2025-06-16 17:00:00+00:00,27.76,27.76,27.76,27.76,0.0,27.49047304326541,27.524958612534494,27.745512820512822,,,,27.750666666666667,"rgba(38, 166, 154, 1.0)",0.1152948433402039,27.750666666666667,0.0809518714188625,2,0.4576108798965425,0.915221759793085,0.0,0.0,0.0,0.0,88.87402041992308,37.597844072601376,True,False,True,False,True,20.0
2025-06-16 18:00:00+00:00,27.76,27.76,27.76,27.76,0.0,27.49047304326541,27.524958612534494,27.745512820512822,,,,27.750666666666667,"rgba(38, 166, 154, 1.0)",0.11513532969547235,27.750666666666667,0.08106402576880892,2,0.4588231557287511,0.9176463114575022,0.0,0.0,0.0,0.0,89.14475699150525,37.72710853339704,True,False,True,False,True,20.0
2025-06-16 19:00:00+00:00,27.76,27.76,27.76,27.76,0.0,27.49047304326541,27.524958612534494,27.745512820512822,,,,27.750666666666667,"rgba(38, 166, 154, 1.0)",0.11457528309123284,27.750666666666667,0.08146026858080926,2,0.460481760697189,0.920963521394378,0.0,0.0,0.0,0.0,89.3252480392267,37.85571426376731,True,False,True,False,True,20.0
2025-06-17 14:00:00+00:00,27.76,27.76,27.76,27.76,0.0,27.49047304326541,27.524958612534494,27.745512820512822,,,,27.750666666666667,"rgba(38, 166, 154, 1.0)",0.1138187273810554,27.750666666666667,0.08200173686784316,2,0.4626011782429822,0.9252023564859644,0.0,0.0,0.0,0.0,89.44557540437432,37.98958364031381,True,False,True,False,True,20.0
2025-06-17 15:00:00+00:00,27.76,27.76,27.76,27.76,0.0,27.49047304326541,27.524958612534494,27.745512820512822,,,,27.750666666666667,"rgba(38, 166, 154, 1.0)",0.11286171080444293,27.750666666666667,0.08269707473694138,2,0.46520032337140876,0.9304006467428175,0.0,0.0,0.0,0.0,89.52579364780607,38.12868661726007,True,False,True,False,True,20.0
2025-06-17 16:00:00+00:00,27.76,27.76,27.76,27.76,0.0,27.49047304326541,27.524958612534494,27.745512820512822,,,,27.750666666666667,"rgba(38, 166, 154, 1.0)",0.11169908094798384,27.750666666666667,0.083557834622475,2,0.46830302698820847,0.9366060539764169,0.0,0.0,0.0,0.0,89.57927247676056,38.27038807399025,True,False,True,False,True,20.0
2025-06-17 17:00:00+00:00,27.76,27.76,27.76,27.76,0.0,27.49047304326541,27.524958612534494,27.745512820512822,,,,27.750666666666667,"rgba(38, 166, 154, 1.0)",0.11032433756609923,27.750666666666667,0.08459904259785063,2,0.47193867053099214,0.9438773410619843,0.0,0.0,0.0,0.0,89.6149250293969,38.411293229250205,True,False,True,False,True,20.0
2025-06-17 18:00:00+00:00,27.76,27.76,27.76,27.76,0.0,27.49047304326541,27.524958612534494,27.745512820512822,,,,27.750666666666667,"rgba(38, 166, 154, 1.0)",0.11110128485051105,27.750666666666667,0.08400742931004142,2,0.47614300548926114,0.9522860109785223,0.0,0.0,0.0,0.0,89.63869339782113,38.54819169851699,True,False,True,False,True,20.0
2025-06-17 19:00:00+00:00,27.76,27.76,27.76,27.76,0.0,27.49047304326541,27.524958612534494,27.745512820512822,,,,27.750666666666667,"rgba(38, 166, 154, 1.0)",0.11179485717164603,27.750666666666667,0.08348624945245915,2,0.48095920512943413,0.9619184102588683,0.0,0.0,0.0,0.0,89.65453897677061,38.67847605208293,True,False,True,False,True,20.0
2025-06-18 14:00:00+00:00,27.76,27.76,27.76,27.76,0.0,27.49047304326541,27.524958612534494,27.745512820512822,,,,27.750666666666667,"rgba(38, 166, 154, 1.0)",0.11278505427762545,27.750666666666667,0.082753281390987,2,0.4864392132115772,0.9728784264231544,0.0,0.0,0.0,0.0,89.66510269607026,38.80026673219464,True,False,True,False,True,20.0
2025-06-18 15:00:00+00:00,27.76,27.76,27.76,27.76,0.0,27.49047304326541,27.524958612534494,27.745512820512822,,,,27.750666666666667,"rgba(38, 166, 154, 1.0)",0.11372085311133873,27.750666666666667,0.08207231196371922,2,0.49264547894514027,0.9852909578902805,0.0,0.0,0.0,0.0,89.67214517560336,38.912383657249194,True,False,True,False,True,20.0
2025-06-18 16:00:00+00:00,27.76,27.76,27.76,27.76,0.0,27.49047304326541,27.524958612534494,27.745512820512822,,,,27.750666666666667,"rgba(38, 166, 154, 1.0)",0.11460358625243812,27.750666666666667,0.08144015068407617,2,0.49965320231070764,0.9993064046214153,0.0,0.0,0.0,0.0,89.67684016195876,39.014247250836945,True,False,True,False,True,20.0
2025-06-18 17:00:00+00:00,27.76,27.76,27.76,27.76,0.0,27.49047304326541,27.524958612534494,27.745512820512822,,,,27.750666666666667,"rgba(38, 166, 154, 1.0)",0.11543447109531434,27.750666666666667,0.08085395328426238,2,0.5075532645237094,1.0151065290474188,0.0,0.0,0.0,0.0,89.67997015286237,39.10575586772376,True,False,True,False,True,20.0
2025-06-18 18:00:00+00:00,27.76,27.76,27.76,27.76,0.0,27.49047304326541,27.524958612534494,27.745512820512822,,,,27.750666666666667,"rgba(38, 166, 154, 1.0)",0.11626313739554246,27.750666666666667,0.08027766618391569,2,0.5145663065718812,1.0291326131437624,0.0,0.0,0.0,0.0,89.68205681346477,39.187164754300724,True,False,True,False,True,20.0
2025-06-18 19:00:00+00:00,27.76,27.87,27.76,27.87,100.0,27.496654047232745,27.530918696044328,27.774025974025975,,,,27.78991666666667,"rgba(38, 166, 154, 1.0)",0.11925413850046007,27.78991666666667,0.671535045578497,2,0.5164362904537408,1.0328725809074817,0.0,0.0,0.0,0.0,92.6531256392,41.93168860445272,True,False,True,False,True,20.0
2025-06-19 14:00:00+00:00,27.87,27.87,27.87,27.87,0.0,27.496654047232745,27.530918696044328,27.774025974025975,,,,27.78991666666667,"rgba(38, 166, 154, 1.0)",0.12206437527652689,27.78991666666667,0.6560745766478433,2,0.519177714832201,1.038355429664402,0.0,0.0,0.0,0.0,94.63383818969015,43.598198596910464,True,False,True,False,True,20.0
2025-06-19 15:00:00+00:00,27.87,27.87,27.87,27.87,0.0,27.496654047232745,27.530918696044328,27.774025974025975,,,,27.78991666666667,"rgba(38, 166, 154, 1.0)",0.1234698051862457,27.78991666666667,0.6486066225870418,2,0.5228322345827734,1.0456644691655468,0.0,0.0,0.0,0.0,95.95431322335025,44.62696207377502,True,False,True,False,True,20.0
2025-06-19 16:00:00+00:00,27.87,27.87,27.87,27.87,0.0,27.496654047232745,27.530918696044328,27.774025974025975,,,,27.78991666666667,"rgba(38, 166, 154, 1.0)",0.1251338742564251,27.78991666666667,0.639981250554295,2,0.5274572253033755,1.054914450606751,0.0,0.0,0.0,0.0,96.83462991245699,45.28564574360493,True,False,True,False,True,20.0
2025-06-19 17:00:00+00:00,27.87,27.87,27.87,27.87,0.0,27.496654047232745,27.530918696044328,27.774025974025975,,,,27.78991666666667,"rgba(38, 166, 154, 1.0)",0.12660188006491857,27.78991666666667,0.6325603797689728,2,0.5331284004778367,1.0662568009556734,0.0,0.0,0.0,0.0,97.42150770519481,45.733949991485886,True,False,True,False,True,20.0
2025-06-19 18:00:00+00:00,27.87,27.87,27.87,27.87,0.0,27.496654047232745,27.530918696044328,27.774025974025975,,,,27.78991666666667,"rgba(38, 166, 154, 1.0)",0.12788057491807384,27.78991666666667,0.6262353245177065,2,0.5399434798635325,1.079886959727065,0.0,0.0,0.0,0.0,97.81275956702004,46.064891906968555,True,False,True,False,True,20.0
2025-06-19 19:00:00+00:00,27.87,27.87,27.87,27.87,0.0,27.496654047232745,27.530918696044328,27.774025974025975,,,,27.78991666666667,"rgba(38, 166, 154, 1.0)",0.12364916949600681,27.78991666666667,0.6476657599865003,2,0.5480272795560273,1.0960545591120545,0.0,0.0,0.0,0.0,98.07359414157018,46.3309593648065,True,False,True,False,True,20.0
2025-06-20 14:00:00+00:00,27.87,27.87,27.65,27.65,100.0,27.50066820140488,27.534567058526108,27.76160130718954,,,,27.751124999999995,"rgba(239, 83, 80, 1.0)",0.11669240385325805,27.751124999999995,-0.8665945396682538,1,0.3278187350835375,0.3278187350835375,0.0,0.0,0.0,0.0,72.03506986217141,26.30850263050023,False,True,True,False,False,3.1087623795411865
2025-06-20 15:00:00+00:00,27.65,27.65,27.65,27.65,0.0,27.50066820140488,27.534567058526108,27.76160130718954,,,,27.751124999999995,"rgba(239, 83, 80, 1.0)",0.10911404068133614,27.751124999999995,-0.9267826520633424,2,0.5357308674990104,1.0714617349980209,0.0,0.0,0.0,0.0,54.676053675905564,12.134161466729495,False,True,False,False,False,3.1087623795411865
2025-06-20 16:00:00+00:00,27.65,27.65,27.65,27.65,0.0,27.50066820140488,27.534567058526108,27.76160130718954,,,,27.751124999999995,"rgba(239, 83, 80, 1.0)",0.10077394200546806,27.751124999999995,-1.0034836187564145,2,0.5421919602970837,1.0843839205941674,0.0,0.0,0.0,0.0,43.103376218395,3.458619457733903,False,True,False,True,False,3.1087623795411865
2025-06-20 17:00:00+00:00,27.65,27.65,27.65,27.65,0.0,27.50066820140488,27.534567058526108,27.76160130718954,,,,27.751124999999995,"rgba(239, 83, 80, 1.0)",0.09146396917689147,27.751124999999995,-1.105626629918282,2,0.5490574924105778,1.0981149848211555,0.0,0.0,0.0,0.0,35.388257913387946,-2.0450300592964155,False,True,False,True,False,3.1087623795411865
2025-06-20 18:00:00+00:00,27.65,27.65,27.65,27.65,0.0,27.50066820140488,27.534567058526108,27.76160130718954,,,,27.751124999999995,"rgba(239, 83, 80, 1.0)",0.0872537977692587,27.751124999999995,-1.1589753407343897,2,0.5563621672159351,1.1127243344318702,0.0,0.0,0.0,0.0,30.244845710049916,-5.761429499088159,False,True,False,True,False,3.1087623795411865
2025-06-20 19:00:00+00:00,27.65,27.65,27.65,27.65,0.0,27.50066820140488,27.534567058526108,27.76160130718954,,,,27.751124999999995,"rgba(239, 83, 80, 1.0)",0.08274284487683287,27.751124999999995,-1.2221600568668636,2,0.5641452173167554,1.1282904346335108,0.0,0.0,0.0,0.0,26.815904241157895,-8.493937644055833,False,True,False,True,False,3.1087623795411865
2025-06-23 14:00:00+00:00,27.65,27.65,27.65,27.65,0.0,27.50066820140488,27.534567058526108,27.76160130718954,,,,27.751124999999995,"rgba(239, 83, 80, 1.0)",0.07787886181147068,27.751124999999995,-1.2984909852021176,2,0.5732503364604924,1.1465006729209848,0.0,0.0,0.0,0.0,24.52994326189655,-10.693191522670908,False,True,False,True,False,3.1087623795411865
2025-06-23 15:00:00+00:00,27.65,27.65,27.65,27.65,0.0,27.50066820140488,27.534567058526108,27.76160130718954,,,,27.751124999999995,"rgba(239, 83, 80, 1.0)",0.07643710244746041,27.751124999999995,-1.3229831686713285,2,0.5830259830776542,1.1660519661553084,0.0,0.0,0.0,0.0,23.005969275722315,-12.600350174431412,False,True,False,True,False,3.1087623795411865
2025-06-23 16:00:00+00:00,27.65,27.65,27.65,27.65,0.0,27.50066820140488,27.534567058526108,27.76160130718954,,,,27.751124999999995,"rgba(239, 83, 80, 1.0)",0.07494815024507316,27.751124999999995,-1.3492661215697415,2,0.5935462104231619,1.1870924208463238,0.0,0.0,0.0,0.0,21.989986618272823,-14.335719974105018,False,True,False,True,False,3.1087623795411865
2025-06-23 17:00:00+00:00,27.65,27.65,27.65,27.65,0.0,27.50066820140488,27.534567058526108,27.76160130718954,,,,27.751124999999995,"rgba(239, 83, 80, 1.0)",0.0734091336335857,27.751124999999995,-1.377553377822866,2,0.6048973184026131,1.2097946368052261,0.0,0.0,0.0,0.0,21.31266484663983,-15.952689075903024,False,True,False,True,False,3.1087623795411865
2025-06-23 18:00:00+00:00,27.65,27.65,27.65,27.65,0.0,27.50066820140488,27.534567058526108,27.76160130718954,,,,27.751124999999995,"rgba(239, 83, 80, 1.0)",0.0718168340822004,27.751124999999995,-1.4080960445046922,2,0.6171805676286071,1.2343611352572141,0.0,0.0,0.0,0.0,20.8611169988845,-17.469842273286716,False,True,False,True,False,3.1087623795411865
2025-06-23 19:00:00+00:00,27.65,27.65,27.65,27.65,0.0,27.50066820140488,27.534567058526108,27.76160130718954,,,,27.751124999999995,"rgba(239, 83, 80, 1.0)",0.07016762426809134,27.751124999999995,-1.4411917327231305,2,0.6199196659957613,1.2398393319915226,0.0,0.0,0.0,0.0,20.56008510038095,-18.88952003481522,False,True,False,True,False,3.1087623795411865
2025-06-24 14:00:00+00:00,27.65,27.65,27.65,27.65,0.0,27.50066820140488,27.534567058526108,27.76160130718954,,,,27.751124999999995,"rgba(239, 83, 80, 1.0)",0.06845739123240725,27.751124999999995,-1.4771962264335348,2,0.6227506081329682,1.2455012162659365,0.0,0.0,0.0,0.0,20.35939716804525,-20.208088320845473,False,True,False,True,False,3.1087623795411865
2025-06-24 15:00:00+00:00,27.65,27.65,27.65,27.65,0.0,27.50066820140488,27.534567058526108,27.76160130718954,,,,27.751124999999995,"rgba(239, 83, 80, 1.0)",0.06668143980409223,27.751124999999995,-1.5165389394274913,2,0.6236479891044862,1.2472959782089723,0.0,0.0,0.0,0.0,20.22560521315478,-21.42124508705578,False,True,False,True,False,3.1087623795411865
2025-06-24 16:00:00+00:00,27.65,27.65,27.65,27.65,0.0,27.50066820140488,27.534567058526108,27.76160130718954,,,,27.751124999999995,"rgba(239, 83, 80, 1.0)",0.06686007979506647,27.751124999999995,-1.5124869774304102,2,0.6245657837429048,1.2491315674858097,0.0,0.0,0.0,0.0,20.136410576561133,-22.526439727226332,False,True,False,True,False,3.1087623795411865
2025-06-24 17:00:00+00:00,27.65,27.65,27.65,27.65,0.0,27.50066820140488,27.534567058526108,27.76160130718954,,,,27.751124999999995,"rgba(239, 83, 80, 1.0)",0.06703716865973974,27.751124999999995,-1.5084915133166772,2,0.6255042400533419,1.2510084801066839,0.0,0.0,0.0,0.0,20.076947485498703,-23.523682499320245,False,True,False,True,False,3.1087623795411865
2025-06-24 18:00:00+00:00,27.65,27.885,27.65,27.8,254.0,27.512619894933067,27.545767607332373,27.768021148036254,,,,27.775225988700566,"rgba(38, 166, 154, 1.0)",0.06782914412496349,27.775225988700566,0.3652413961437163,2,0.6217001685144419,1.2434003370288838,0.0,0.0,0.0,0.0,40.89247389325189,-16.73229496623709,False,True,False,True,True,19.793709283293428
2025-06-24 19:00:00+00:00,27.8,27.85,27.8,27.85,200.0,27.52313336611485,27.55580831005587,27.78317478731632,,,,27.79970215281201,"rgba(38, 166, 154, 1.0)",0.06971550940920071,27.79970215281201,0.7214728489289829,3,0.4787473491839565,1.4362420475518696,0.0,0.0,0.0,0.0,56.09000076322259,-3.5337852892409813,False,True,True,False,True,20.0
2025-06-25 14:00:00+00:00,27.85,27.85,27.85,27.85,0.0,27.52313336611485,27.55580831005587,27.78317478731632,,,,27.79970215281201,"rgba(38, 166, 154, 1.0)",0.07147052564496752,27.79970215281201,0.7037565028953022,3,0.4733243393337629,1.4199730180012886,0.0,0.0,0.0,0.0,66.22168534320306,4.690311271336256,False,False,True,False,True,20.0
2025-06-25 15:00:00+00:00,27.85,27.85,27.74,27.74,100.0,27.52722195344837,27.559597918096546,27.78249826749827,,,,27.7956081247677,"rgba(239, 83, 80, 1.0)",0.07139460196065976,27.7956081247677,-0.7788841626758123,3,0.47296106805664057,1.4188832041699218,0.0,0.0,0.0,0.0,61.82136255906374,4.690311271336256,False,False,True,False,False,9.646170224626555
2025-06-25 16:00:00+00:00,27.74,27.915,27.74,27.915,100.0,27.532450404697666,27.56460919928025,27.789482109227876,,,,27.804659660877626,"rgba(38, 166, 154, 1.0)",0.0749980780529962,27.804659660877626,1.4712422236260958,4,0.46480509815157084,1.8592203926062834,0.0,0.0,0.0,0.0,65.2952993482848,4.690311271336256,False,False,True,False,False,20.0
2025-06-25 17:00:00+00:00,27.915,27.915,27.915,27.915,0.0,27.532450404697666,27.56460919928025,27.789482109227876,,,,27.804659660877626,"rgba(38, 166, 154, 1.0)",0.07829817113786842,27.804659660877626,1.4092326489731788,5,0.5456822917480286,2.728411458740143,0.0,0.0,0.0,0.0,67.6112572077655,4.690311271336256,False,False,True,False,False,20.0
2025-06-25 18:00:00+00:00,27.915,27.94,27.915,27.94,100.0,27.53868718429412,27.57069840743198,27.801718301778546,,,,27.821082076958284,"rgba(38, 166, 154, 1.0)",0.08218442236342788,27.821082076958284,1.446964274030549,5,0.5372559015322848,2.686279507661424,0.0,0.0,0.0,0.0,69.79255593955361,6.633525594637533,False,False,True,False,False,20.0
2025-06-25 19:00:00+00:00,27.94,27.94,27.94,27.94,0.0,27.53868718429412,27.57069840743198,27.801718301778546,,,,27.821082076958284,"rgba(38, 166, 154, 1.0)",0.08574196571466862,27.821082076958284,1.386927883569307,5,0.5297898986761451,2.6489494933807256,0.0,0.0,0.0,0.0,71.24675509407902,8.637500031365036,True,False,True,False,True,20.0
2025-06-26 14:00:00+00:00,28.03,28.03,28.03,28.03,0.0,27.53868718429412,27.57069840743198,27.801718301778546,,,,27.821082076958284,"rgba(38, 166, 154, 1.0)",0.09244024122712216,27.821082076958284,2.260032213983669,5,0.5316642373131706,2.658321186565853,0.0,0.0,0.0,0.0,74.27414042840587,12.218373215377099,True,False,True,False,True,20.0
2025-06-26 15:00:00+00:00,28.03,28.03,28.03,28.03,0.0,27.53868718429412,27.57069840743198,27.801718301778546,,,,27.821082076958284,"rgba(38, 166, 154, 1.0)",0.09844800154873114,27.821082076958284,2.122114413244887,5,0.5352676718819507,2.6763383594097534,0.0,0.0,0.0,0.0,76.29239731795711,14.871267328292902,True,False,True,False,True,20.0
2025-06-26 16:00:00+00:00,28.03,28.03,28.03,28.03,0.0,27.53868718429412,27.57069840743198,27.801718301778546,,,,27.821082076958284,"rgba(38, 166, 154, 1.0)",0.1038851149927009,27.821082076958284,2.0110477141638254,5,0.5407069028078461,2.70353451403923,0.0,0.0,0.0,0.0,77.63790191099127,16.945234484563528,True,False,True,False,True,20.0
2025-06-26 17:00:00+00:00,28.03,28.03,28.03,28.03,0.0,27.53868718429412,27.57069840743198,27.801718301778546,,,,27.821082076958284,"rgba(38, 166, 154, 1.0)",0.10883713760684682,27.821082076958284,1.919546283883292,5,0.5481504190883804,2.740752095441902,0.0,0.0,0.0,0.0,78.53490497301405,18.646459977912485,True,False,True,False,True,20.0
2025-06-26 18:00:00+00:00,28.03,28.03,28.03,28.03,0.0,27.53868718429412,27.57069840743198,27.801718301778546,,,,27.821082076958284,"rgba(38, 166, 154, 1.0)",0.11336765511006233,27.821082076958284,1.84283535580665,5,0.5578438210923607,2.789219105461804,0.0,0.0,0.0,0.0,79.13290701436256,20.094901970978952,True,False,True,False,True,20.0
2025-06-26 19:00:00+00:00,28.03,28.03,28.03,28.03,0.0,27.53868718429412,27.57069840743198,27.801718301778546,,,,27.821082076958284,"rgba(38, 166, 154, 1.0)",0.11752542373951978,27.821082076958284,1.7776402449291093,5,0.5529440138061767,2.7647200690308837,0.0,0.0,0.0,0.0,79.53157504192824,21.359504966622907,True,False,True,False,True,20.0
2025-06-27 14:00:00+00:00,28.03,28.03,28.03,28.03,0.0,27.53868718429412,27.57069840743198,27.801718301778546,,,,27.821082076958284,"rgba(38, 166, 154, 1.0)",0.12134876399226578,27.821082076958284,1.7216320642131369,5,0.5494061331742552,2.747030665871276,0.0,0.0,0.0,0.0,79.79735372697202,22.47978696574461,True,False,True,False,True,20.0
2025-06-27 15:00:00+00:00,28.03,28.03,28.03,28.03,0.0,27.53868718429412,27.57069840743198,27.801718301778546,,,,27.821082076958284,"rgba(38, 166, 154, 1.0)",0.12486839919308984,27.821082076958284,1.6731048399095576,5,0.5471552619770313,2.7357763098851566,0.0,0.0,0.0,0.0,79.9745395170012,23.47883896822985,True,False,True,False,True,20.0
2025-06-27 16:00:00+00:00,28.03,28.03,28.03,28.03,0.0,27.53868718429412,27.57069840743198,27.801718301778546,,,,27.821082076958284,"rgba(38, 166, 154, 1.0)",0.12810936347096705,27.821082076958284,1.6307779336446675,4,0.5811505025866786,2.324602010346714,0.0,0.0,0.0,0.0,80.09266337702067,24.370972840170097,True,False,True,False,True,20.0
2025-06-27 17:00:00+00:00,28.03,28.03,28.03,28.03,0.0,27.53868718429412,27.57069840743198,27.801718301778546,,,,27.821082076958284,"rgba(38, 166, 154, 1.0)",0.13109232699942872,27.821082076958284,1.593670108873937,4,0.5716478048621392,2.2865912194485567,0.0,0.0,0.0,0.0,80.17141261703364,25.166081185285094,True,False,True,False,True,20.0
2025-06-27 18:00:00+00:00,28.03,28.03,28.0,28.0,300.0,27.559787593891457,27.591524968394435,27.84445736434109,,,,27.956612270714736,"rgba(38, 166, 154, 1.0)",0.13311327561167874,27.956612270714736,0.3259459215160175,4,0.5660995091613713,2.2643980366454852,0.0,0.0,0.0,0.0,74.7227740805842,29.614286281442446,True,False,True,False,False,20.0
2025-06-27 19:00:00+00:00,28.0,28.0,28.0,28.0,0.0,27.559787593891457,27.591524968394435,27.84445736434109,,,,27.956612270714736,"rgba(38, 166, 154, 1.0)",0.13495868570334066,27.956612270714736,0.32148897315610314,4,0.5613583939951464,2.2454335759805857,0.0,0.0,0.0,0.0,71.0903483896179,26.076598363768667,True,False,True,False,False,20.0
2025-06-30 14:00:00+00:00,28.0,28.0,28.0,28.0,0.0,27.559787593891457,27.591524968394435,27.84445736434109,,,,27.956612270714736,"rgba(38, 166, 154, 1.0)",0.13663566996297924,27.956612270714736,0.31754321032728816,4,0.5573694263381052,2.2294777053524206,0.0,0.0,0.0,0.0,68.66873126230703,23.758325125130057,True,False,True,False,False,20.0
2025-06-30 15:00:00+00:00,28.0,28.0,28.0,28.0,0.0,27.559787593891457,27.591524968394435,27.84445736434109,,,,27.956612270714736,"rgba(38, 166, 154, 1.0)",0.1381503620062142,27.956612270714736,0.3140616401954314,4,0.554088154691582,2.216352618766328,0.0,0.0,0.0,0.0,67.0543198440998,22.167911182980873,True,False,True,False,False,20.0
2025-06-30 16:00:00+00:00,28.0,28.0,28.0,28.0,0.0,27.559787593891457,27.591524968394435,27.84445736434109,,,,27.956612270714736,"rgba(38, 166, 154, 1.0)",0.13950804813852374,27.956612270714736,0.31100520625292266,4,0.5514792502850344,2.2059170011401377,0.0,0.0,0.0,0.0,65.97804556529496,21.010079063178438,True,False,True,False,False,20.0
2025-06-30 17:00:00+00:00,28.0,28.0,28.0,28.0,0.0,27.559787593891457,27.591524968394435,27.84445736434109,,,,27.956612270714736,"rgba(38, 166, 154, 1.0)",0.14071327309514922,27.956612270714736,0.30834141180076025,4,0.5443069534857483,2.1772278139429933,0.0,0.0,0.0,0.0,65.26052937942508,20.110836137741728,True,False,True,False,False,20.0
2025-06-30 18:00:00+00:00,28.0,28.0,28.0,28.0,0.0,27.559787593891457,27.591524968394435,27.84445736434109,,,,27.956612270714736,"rgba(38, 166, 154, 1.0)",0.14176992527202723,27.956612270714736,0.3060432542516485,4,0.537728405617147,2.150913622468588,0.0,0.0,0.0,0.0,64.78218525551182,19.370009042564362,True,False,True,False,False,20.0
2025-06-30 19:00:00+00:00,28.0,28.0,28.0,28.0,0.0,27.559787593891457,27.591524968394435,27.84445736434109,,,,27.956612270714736,"rgba(38, 166, 154, 1.0)",0.14268130555499933,27.956612270714736,0.30408839557849143,4,0.5316930759591003,2.1267723038364013,0.0,0.0,0.0,0.0,64.46328917290299,18.73150051512529,True,False,True,False,False,20.0
2025-07-01 14:00:00+00:00,28.0,28.0,28.0,28.0,0.0,27.559787593891457,27.591524968394435,27.84445736434109,,,,27.956612270714736,"rgba(38, 166, 154, 1.0)",0.14345018283320077,27.956612270714736,0.3024585150631289,4,0.5261572345975843,2.1046289383903374,0.0,0.0,0.0,0.0,64.25069178449709,18.164882447179735,True,False,True,False,False,20.0
2025-07-01 15:00:00+00:00,28.0,28.0,28.0,28.0,0.0,27.559787593891457,27.591524968394435,27.84445736434109,,,,27.956612270714736,"rgba(38, 166, 154, 1.0)",0.14407883852820003,27.956612270714736,0.3011388051741694,4,0.5210828983232455,2.084331593292982,0.0,0.0,0.0,0.0,64.1089601922265,17.65418315272352,True,False,True,False,False,20.0
2025-07-01 16:00:00+00:00,28.0,28.0,28.0,28.0,0.0,27.559787593891457,27.591524968394435,27.84445736434109,,,,27.956612270714736,"rgba(38, 166, 154, 1.0)",0.14456910190337455,27.956612270714736,0.30011758193160276,4,0.5164369755629328,2.065747902251731,0.0,0.0,0.0,0.0,64.01447246404611,17.191195949542475,True,False,True,False,False,20.0
2025-07-01 17:00:00+00:00,28.0,28.0,28.0,28.0,0.0,27.559787593891457,27.591524968394435,27.84445736434109,,,,27.956612270714736,"rgba(38, 166, 154, 1.0)",0.1449223774833211,27.956612270714736,0.29938598882189654,4,0.5121905680698474,2.0487622722793897,0.0,0.0,0.0,0.0,63.95148064525918,16.771594709213986,True,False,True,False,False,20.0
2025-07-01 18:00:00+00:00,28.0,28.0,28.0,28.0,0.0,27.559787593891457,27.591524968394435,27.84445736434109,,,,27.956612270714736,"rgba(38, 166, 154, 1.0)",0.14513966557232008,27.956612270714736,0.29893777909833363,4,0.5083183972030436,2.0332735888121745,0.0,0.0,0.0,0.0,63.90948609940123,16.392765025597015,True,False,True,False,False,20.0
2025-07-01 19:00:00+00:00,28.0,28.0,28.0,28.0,0.0,27.559787593891457,27.591524968394435,27.84445736434109,,,,27.956612270714736,"rgba(38, 166, 154, 1.0)",0.14522157658636115,27.956612270714736,0.2987691657476408,4,0.5047983300901125,2.01919332036045,0.0,0.0,0.0,0.0,63.881489735495926,16.052662652868662,True,False,True,False,False,20.0
2025-07-02 14:00:00+00:00,28.08,28.08,28.08,28.08,0.0,27.559787593891457,27.591524968394435,27.84445736434109,,,,27.956612270714736,"rgba(38, 166, 154, 1.0)",0.14665412518014642,27.956612270714736,0.8413519165157884,4,0.49702113470136733,1.9880845388054693,0.0,0.0,0.0,0.0,72.7887939012673,20.013485329659105,True,False,True,False,True,20.0
2025-07-02 15:00:00+00:00,28.08,28.08,28.08,28.08,0.0,27.559787593891457,27.591524968394435,27.84445736434109,,,,27.956612270714736,"rgba(38, 166, 154, 1.0)",0.14786812361663068,27.956612270714736,0.8344444107856737,4,0.48996741815787814,1.9598696726315126,0.0,0.0,0.0,0.0,78.72699667844822,25.082233353275555,True,False,True,False,True,20.0
2025-07-02 16:00:00+00:00,28.08,28.24,28.08,28.24,200.0,27.577955368787133,27.60975847630719,27.885637785800245,,,,28.149566666666658,"rgba(38, 166, 154, 1.0)",0.1532770264807072,28.149566666666658,0.5899992674030847,4,0.4718692371694606,1.8874769486778424,0.0,0.0,0.0,0.0,84.72805907159214,30.072528997830744,True,False,True,False,True,20.0
2025-07-02 17:00:00+00:00,28.24,28.26,28.24,28.25,600.0,27.631711771763765,27.663650860456414,27.982285587975248,,,,28.212768939393936,"rgba(38, 166, 154, 1.0)",0.1584597314348552,28.212768939393936,0.23495597442288083,4,0.45544694451895124,1.821787778075805,0.0,0.0,0.0,0.0,88.77654544264611,33.25549721563297,True,False,True,False,True,20.0
2025-07-02 18:00:00+00:00,28.25,28.25,28.25,28.25,500.0,27.670349956255468,27.702084862786226,28.03074945691528,,,,28.225145833333336,"rgba(38, 166, 154, 1.0)",0.1643275404199186,28.225145833333336,0.15124772514182483,4,0.4411750548300385,1.764700219320154,0.0,0.0,0.0,0.0,91.47553635668208,35.351499349264756,True,False,True,False,True,20.0
2025-07-02 19:00:00+00:00,28.27,28.27,28.165,28.24,1753.0,27.770032294443308,27.799800483246276,28.10616943521595,,,,28.225226201441625,"rgba(38, 166, 154, 1.0)",0.16936598784217793,28.225226201441625,0.08723002030454871,4,0.4292974615423496,1.7171898461693984,0.0,0.0,0.0,0.0,91.57753487280415,35.351499349264756,True,False,True,False,True,20.0
2025-07-03 14:00:00+00:00,28.24,28.24,28.24,28.24,0.0,27.770032294443308,27.799800483246276,28.10616943521595,,,,28.225226201441625,"rgba(38, 166, 154, 1.0)",0.17402042439905302,28.225226201441625,0.08489692292954508,4,0.41878232684447325,1.675129307377893,0.0,0.0,0.0,0.0,91.64553388355219,35.517816550118056,True,False,True,False,True,20.0
2025-07-03 15:00:00+00:00,28.24,28.24,28.24,28.24,0.0,27.770032294443308,27.799800483246276,28.10616943521595,,,,28.225226201441625,"rgba(38, 166, 154, 1.0)",0.17832092235985447,28.225226201441625,0.08284949608189761,4,0.4094262948505305,1.637705179402122,0.0,0.0,0.0,0.0,91.69086655738423,35.89810600334897,True,False,True,False,True,20.0
2025-07-03 16:00:00+00:00,28.24,28.24,28.18,28.18,55.0,27.772443164440823,27.80213314257454,28.107298687089717,,,,28.224769344490333,"rgba(239, 83, 80, 1.0)",0.18087437778872378,28.224769344490333,-0.2475162321919799,4,0.40380268609119774,1.615210744364791,0.0,0.0,0.0,0.0,82.24033598992892,38.53206683973302,True,False,True,False,False,20.0
2025-07-03 17:00:00+00:00,28.18,28.18,28.18,28.18,0.0,27.772443164440823,27.80213314257454,28.107298687089717,,,,28.224769344490333,"rgba(239, 83, 80, 1.0)",0.18321889138972297,28.224769344490333,-0.24434895414308153,5,0.3679041576150154,1.839520788075077,0.0,0.0,0.0,0.0,75.93998227829205,32.929420254559716,True,False,True,False,False,20.0
2025-07-03 18:00:00+00:00,28.18,28.18,28.18,28.18,0.0,27.772443164440823,27.80213314257454,28.107298687089717,,,,28.224769344490333,"rgba(239, 83, 80, 1.0)",0.1853623915904536,28.224769344490333,-0.24152334303739817,5,0.36366297867873587,1.8183148933936795,0.0,0.0,0.0,0.0,71.73974647053413,29.31616306946357,False,False,True,False,False,20.0
2025-07-03 19:00:00+00:00,28.18,28.18,28.18,28.18,0.0,27.772443164440823,27.80213314257454,28.107298687089717,,,,28.224769344490333,"rgba(239, 83, 80, 1.0)",0.18731177940166674,28.224769344490333,-0.23900976560759363,5,0.3598349442747478,1.7991747213737392,0.0,0.0,0.0,0.0,68.93958926536217,26.86863123935518,False,True,True,False,False,20.0
2025-07-04 14:00:00+00:00,28.18,28.18,28.18,28.18,0.0,27.772443164440823,27.80213314257454,28.107298687089717,,,,28.224769344490333,"rgba(239, 83, 80, 1.0)",0.18907305895218676,28.224769344490333,-0.23678330872964312,5,0.3563874014104196,1.781937007052098,0.0,0.0,0.0,0.0,67.07281779524754,25.097055477332958,False,True,True,False,False,20.0
2025-07-04 15:00:00+00:00,28.18,28.18,28.18,28.18,0.0,27.772443164440823,27.80213314257454,28.107298687089717,,,,28.224769344490333,"rgba(239, 83, 80, 1.0)",0.1906514436685124,28.224769344490333,-0.23482300279967755,5,0.35329242074453715,1.7664621037226858,0.0,0.0,0.0,0.0,65.82830348183779,23.71694834115992,False,True,True,False,False,20.0
2025-07-04 16:00:00+00:00,28.18,28.18,28.18,28.18,0.0,27.772443164440823,27.80213314257454,28.107298687089717,,,,28.224769344490333,"rgba(239, 83, 80, 1.0)",0.1920514429955455,28.224769344490333,-0.23311121120486475,5,0.350526083150746,1.75263041575373,0.0,0.0,0.0,0.0,64.99862727289795,22.567914552172667,False,True,True,False,False,20.0
2025-07-04 17:00:00+00:00,28.18,28.18,28.18,28.18,0.0,27.772443164440823,27.80213314257454,28.107298687089717,,,,28.224769344490333,"rgba(239, 83, 80, 1.0)",0.19327693336993682,28.224769344490333,-0.23163314788653036,5,0.3480679058524851,1.7403395292624255,0.0,0.0,0.0,0.0,64.4455098002714,21.562948484407443,False,True,True,False,False,20.0
2025-07-04 18:00:00+00:00,28.18,28.18,28.18,28.18,0.0,27.772443164440823,27.80213314257454,28.107298687089717,,,,28.224769344490333,"rgba(239, 83, 80, 1.0)",0.19433121628172648,28.224769344490333,-0.2303764950733931,5,0.3459003786564897,1.7295018932824484,0.0,0.0,0.0,0.0,64.07676481852036,20.657197352577313,False,True,True,False,False,20.0
2025-07-04 19:00:00+00:00,28.18,28.18,28.18,28.18,0.0,27.772443164440823,27.80213314257454,28.107298687089717,,,,28.224769344490333,"rgba(239, 83, 80, 1.0)",0.19521706560292246,28.224769344490333,-0.22933110049608,5,0.3440085880089782,1.7200429400448911,0.0,0.0,0.0,0.0,63.83093483068634,19.8290491261138,False,True,True,False,False,20.0
2025-07-07 14:00:00+00:00,28.18,28.22,28.18,28.22,200.0,27.781119825490393,27.810529438217795,28.111465059399027,,,,28.22364774834379,"rgba(38, 166, 154, 1.0)",0.19663000879894407,28.22364774834379,-0.018551330827234973,5,0.3412842993654331,1.7064214968271654,0.0,0.0,0.0,0.0,68.57361941449705,19.8290491261138,False,True,True,False,True,20.0
2025-07-07 15:00:00+00:00,28.22,28.22,28.06,28.06,800.0,27.805707743547046,27.833741695413313,28.11173339317774,,,,28.198055875674857,"rgba(239, 83, 80, 1.0)",0.19579252210343426,28.198055875674857,-0.7051131176599563,5,0.3423063667720355,1.7115318338601777,0.0,0.0,0.0,0.0,54.98595938032996,11.881571449502786,False,True,True,False,False,12.009859659153719
2025-07-07 16:00:00+00:00,28.06,28.06,28.06,28.06,0.0,27.805707743547046,27.833741695413313,28.11173339317774,,,,28.198055875674857,"rgba(239, 83, 80, 1.0)",0.19593934067750932,28.198055875674857,-0.7045847719885945,5,0.3434749457372411,1.7173747286862053,0.0,0.0,0.0,0.0,45.9275193575519,4.116086984574352,False,True,False,True,False,12.009859659153719
2025-07-07 17:00:00+00:00,28.06,28.06,28.06,28.06,0.0,27.805707743547046,27.833741695413313,28.11173339317774,,,,28.198055875674857,"rgba(239, 83, 80, 1.0)",0.19605287483136102,28.198055875674857,-0.7041767471841975,5,0.344794436165637,1.723972180828185,0.0,0.0,0.0,0.0,39.88855934236653,-0.8190281771496188,False,True,False,True,False,12.00985965915374
2025-07-07 18:00:00+00:00,28.06,28.06,28.06,28.06,0.0,27.805707743547046,27.833741695413313,28.11173339317774,,,,28.198055875674857,"rgba(239, 83, 80, 1.0)",0.19613318236631086,28.198055875674857,-0.7038884191305094,5,0.3462699019249017,1.7313495096245086,0.0,0.0,0.0,0.0,35.86258599890961,-4.107639979264903,False,True,False,True,False,12.00985965915374
2025-07-07 19:00:00+00:00,28.06,28.06,28.06,28.06,0.0,27.805707743547046,27.833741695413313,28.11173339317774,,,,28.198055875674857,"rgba(239, 83, 80, 1.0)",0.1961803040868853,28.198055875674857,-0.7037193479612284,5,0.3479071273803418,1.739535636901709,0.0,0.0,0.0,0.0,33.178603769938334,-6.452503559753424,False,True,False,True,False,12.00985965915374
2025-07-08 14:00:00+00:00,28.06,28.06,28.06,28.06,0.0,27.805707743547046,27.833741695413313,28.11173339317774,,,,28.198055875674857,"rgba(239, 83, 80, 1.0)",0.19619426390468203,28.198055875674857,-0.7036692761921458,5,0.34971268396367955,1.7485634198183977,0.0,0.0,0.0,0.0,31.38928228395748,-8.260612668919563,False,True,False,True,False,12.009859659153719
2025-07-08 15:00:00+00:00,28.06,28.06,28.06,28.06,0.0,27.805707743547046,27.833741695413313,28.11173339317774,,,,28.198055875674857,"rgba(239, 83, 80, 1.0)",0.19617506889910408,28.198055875674857,-0.7037381276305948,5,0.35169400835383824,1.7584700417691912,0.0,0.0,0.0,0.0,30.19640129330358,-9.760233841231567,False,True,False,True,False,12.009859659153719
2025-07-08 16:00:00+00:00,28.06,28.06,28.06,28.06,0.0,27.805707743547046,27.833741695413313,28.11173339317774,,,,28.198055875674857,"rgba(239, 83, 80, 1.0)",0.19612270933532258,28.198055875674857,-0.7039260070531462,5,0.3538594941990012,1.769297470995006,0.0,0.0,0.0,0.0,29.401147299534312,-11.074010746503696,False,True,False,True,False,12.009859659153719
2025-07-08 17:00:00+00:00,28.06,28.06,27.93,27.93,279.0,27.809925595238095,27.837376419349823,28.10513164643529,,,,28.18233137815824,"rgba(239, 83, 80, 1.0)",0.19257676601999715,28.18233137815824,-1.3102898307682493,5,0.35711311534199314,1.7855655767099656,0.0,0.0,0.0,0.0,23.559063962853152,-17.044734091037043,False,True,False,True,False,0.0
2025-07-08 18:00:00+00:00,27.93,27.93,27.93,27.93,0.0,27.809925595238095,27.837376419349823,28.10513164643529,,,,28.18233137815824,"rgba(239, 83, 80, 1.0)",0.1888895239343934,28.18233137815824,-1.335867510820137,5,0.3605287454962179,1.8026437274810894,0.0,0.0,0.0,0.0,19.66434173839904,-21.00816177591554,False,True,False,True,False,0.0
2025-07-08 19:00:00+00:00,27.93,27.93,27.93,27.93,0.0,27.809925595238095,27.837376419349823,28.10513164643529,,,,28.18233137815824,"rgba(239, 83, 80, 1.0)",0.1850525369762614,28.18233137815824,-1.363566164945947,5,0.3618679465019719,1.8093397325098595,0.0,0.0,0.0,0.0,17.067860255429636,-23.762066464687027,False,True,False,True,False,0.0
2025-07-09 14:00:00+00:00,27.93,27.93,27.93,27.93,0.0,27.809925595238095,27.837376419349823,28.10513164643529,,,,28.18233137815824,"rgba(239, 83, 80, 1.0)",0.18105628511125246,28.18233137815824,-1.3936626281887448,5,0.36342820503000894,1.8171410251500446,0.0,0.0,0.0,0.0,15.336872600116697,-25.787509137377334,False,True,False,True,False,0.0
2025-07-09 15:00:00+00:00,27.93,27.93,27.93,27.93,0.0,27.809925595238095,27.837376419349823,28.10513164643529,,,,28.18233137815824,"rgba(239, 83, 80, 1.0)",0.17688997445579396,28.18233137815824,-1.426487730209369,5,0.36504014660407297,1.8252007330203648,0.0,0.0,0.0,0.0,14.182880829908072,-27.369577672186857,False,True,False,True,False,0.0
2025-07-09 16:00:00+00:00,27.93,27.93,27.93,27.93,0.0,27.809925595238095,27.837376419349823,28.10513164643529,,,,28.18233137815824,"rgba(239, 83, 80, 1.0)",0.17254128635026314,28.18233137815824,-1.462440575793551,5,0.36670548500765315,1.8335274250382658,0.0,0.0,0.0,0.0,13.41355298310232,-28.673843523572806,False,True,False,True,False,0.0
2025-07-09 17:00:00+00:00,27.93,27.93,27.93,27.93,0.0,27.809925595238095,27.837376419349823,28.10513164643529,,,,28.18233137815824,"rgba(239, 83, 80, 1.0)",0.16799605851204752,28.18233137815824,-1.5020077279976383,5,0.3684260306595798,1.8421301532978989,0.0,0.0,0.0,0.0,12.900667751898487,-29.79430469432058,False,True,False,True,False,0.0
2025-07-09 18:00:00+00:00,27.93,27.93,27.93,27.93,0.0,27.809925595238095,27.837376419349823,28.10513164643529,,,,28.18233137815824,"rgba(239, 83, 80, 1.0)",0.16323787429242892,28.18233137815824,-1.5457894146930955,5,0.3702036972083208,1.8510184860416041,0.0,0.0,0.0,0.0,12.558744264429265,-30.783085536502238,False,True,False,True,False,0.0
2025-07-09 19:00:00+00:00,27.93,27.93,27.93,27.93,0.0,27.809925595238095,27.837376419349823,28.10513164643529,,,,28.18233137815824,"rgba(239, 83, 80, 1.0)",0.15824752534932768,28.18233137815824,-1.59453601313021,5,0.37204050869958977,1.8602025434979488,0.0,0.0,0.0,0.0,12.330795272783114,-31.66855514396247,False,True,False,True,False,0.0
2025-07-10 14:00:00+00:00,27.89,27.89,27.89,27.89,0.0,27.809925595238095,27.837376419349823,28.10513164643529,,,,28.18233137815824,"rgba(239, 83, 80, 1.0)",0.1533457789697337,28.18233137815824,-1.9063542545630567,5,0.3737886082965527,1.8689430414827635,0.0,0.0,0.0,0.0,10.843794232022377,-33.66769525809833,False,True,False,True,False,0.0
2025-07-10 15:00:00+00:00,27.89,28.14,27.89,28.12,12.0,27.810185135135136,27.83761427550418,28.105018768128307,,,,28.162454745523245,"rgba(38, 166, 154, 1.0)",0.14806940787838452,28.162454745523245,-0.28672192407302705,5,0.3739479300469851,1.8697396502349255,0.0,0.0,0.0,0.0,30.910578095157206,-26.03730137368033,False,True,False,True,True,13.906600829330081
2025-07-10 16:00:00+00:00,28.12,28.12,28.12,28.12,0.0,27.810185135135136,27.83761427550418,28.105018768128307,,,,28.162454745523245,"rgba(38, 166, 154, 1.0)",0.1423185425988926,28.162454745523245,-0.29830789964521875,5,0.37425877373847094,1.8712938686923546,0.0,0.0,0.0,0.0,44.288434003913764,-14.653312010779196,False,True,False,False,True,13.906600829330092
2025-07-10 17:00:00+00:00,28.12,28.12,28.12,28.12,0.0,27.810185135135136,27.83761427550418,28.105018768128307,,,,28.162454745523245,"rgba(38, 166, 154, 1.0)",0.1360330179841887,28.162454745523245,-0.3120914771454884,5,0.3747222745956704,1.8736113729783521,0.0,0.0,0.0,0.0,53.207004609751465,-7.545003214285018,False,False,True,False,True,13.906600829330081
2025-07-10 18:00:00+00:00,28.12,28.12,28.12,28.12,0.0,27.810185135135136,27.83761427550418,28.105018768128307,,,,28.162454745523245,"rgba(38, 166, 154, 1.0)",0.1291347853705453,28.162454745523245,-0.3287630470862103,5,0.3753401347250119,1.8767006736250593,0.0,0.0,0.0,0.0,59.1527183469766,-2.9223480958007926,False,False,True,False,True,13.906600829330092
2025-07-10 19:00:00+00:00,28.12,28.12,28.12,28.12,0.0,27.810185135135136,27.83761427550418,28.105018768128307,,,,28.162454745523245,"rgba(38, 166, 154, 1.0)",0.12151954575253884,28.162454745523245,-0.34936557127771567,5,0.3761146405957219,1.8805732029786095,0.0,0.0,0.0,0.0,63.1165275051267,0.2813252882512103,True,False,True,False,True,13.906600829330092
2025-07-11 14:00:00+00:00,28.12,28.12,28.12,28.12,0.0,27.810185135135136,27.83761427550418,28.105018768128307,,,,28.162454745523245,"rgba(38, 166, 154, 1.0)",0.11304248583389499,28.162454745523245,-0.3755645075394696,5,0.377048686793386,1.88524343396693,0.0,0.0,0.0,0.0,65.75906694389343,2.6865319763935034,True,False,True,False,True,13.906600829330092
2025-07-11 15:00:00+00:00,28.12,28.12,28.12,28.12,0.0,27.810185135135136,27.83761427550418,28.105018768128307,,,,28.162454745523245,"rgba(38, 166, 154, 1.0)",0.10967178716882134,28.162454745523245,-0.38710726449540095,5,0.3781458065351843,1.8907290326759216,0.0,0.0,0.0,0.0,67.52075990307125,4.643064077953902,True,False,True,False,True,13.906600829330081
2025-07-11 16:00:00+00:00,28.12,28.12,28.01,28.01,2.0,27.810227736744128,27.837653245098952,28.104998862925694,,,,28.162328050932274,"rgba(239, 83, 80, 1.0)",0.10727992348004414,28.162328050932274,-1.4199120020868394,5,0.3806852297187236,1.903426148593618,0.0,0.0,0.0,0.0,58.56194620931382,4.643064077953902,True,False,True,False,False,3.6097438288608075
2025-07-11 17:00:00+00:00,28.01,28.01,28.01,28.01,0.0,27.810227736744128,27.837653245098952,28.104998862925694,,,,28.162328050932274,"rgba(239, 83, 80, 1.0)",0.10478949297396083,28.162328050932274,-1.4536576770165732,5,0.3812095896181098,1.906047948090549,0.0,0.0,0.0,0.0,52.58940374680886,15.958968361565937,False,False,False,False,False,3.6097438288608075
2025-07-11 18:00:00+00:00,28.01,28.01,28.01,28.01,0.0,27.810227736744128,27.837653245098952,28.104998862925694,,,,28.162328050932274,"rgba(239, 83, 80, 1.0)",0.09832255247005091,28.162328050932274,-1.54926867850254,5,0.38176042307663227,1.9088021153831614,0.0,0.0,0.0,0.0,48.60770877180556,11.991567374284536,False,False,False,True,False,3.6097438288608075
2025-07-11 19:00:00+00:00,28.01,28.01,28.01,28.01,0.0,27.810227736744128,27.837653245098952,28.104998862925694,,,,28.162328050932274,"rgba(239, 83, 80, 1.0)",0.09707510791381092,28.162328050932274,-1.5691772505421098,5,0.38233806252139313,1.9116903126069658,0.0,0.0,0.0,0.0,45.953245455136695,9.076344197325419,False,False,False,True,False,3.6097438288608075
2025-07-14 14:00:00+00:00,28.01,28.01,28.01,28.01,0.0,27.810227736744128,27.837653245098952,28.104998862925694,,,,28.162328050932274,"rgba(239, 83, 80, 1.0)",0.09579444961206211,28.162328050932274,-1.5901552913467731,5,0.3829428592787226,1.9147142963936132,0.0,0.0,0.0,0.0,44.18360324402411,6.791855947050777,False,False,False,True,False,3.609743828860797
2025-07-14 15:00:00+00:00,28.01,28.01,28.01,28.01,0.0,27.810227736744128,27.837653245098952,28.104998862925694,,,,28.162328050932274,"rgba(239, 83, 80, 1.0)",0.09495337879214928,28.162328050932274,-1.604240447996221,5,0.38357518419417425,1.9178759209708711,0.0,0.0,0.0,0.0,43.00384176994906,4.896239047198449,False,False,False,True,False,3.609743828860797
2025-07-14 16:00:00+00:00,28.01,28.01,27.92,27.92,2.0,27.810252911863593,27.83767418382878,28.104946007388463,,,,28.148868857331667,"rgba(239, 83, 80, 1.0)",0.09532306376941391,28.148868857331667,-2.400980919846411,5,0.38409157675959393,1.9204578837979698,0.0,0.0,0.0,0.0,36.5932375237106,-1.8071481380035976,False,True,False,True,False,0.0
2025-07-14 17:00:00+00:00,27.92,27.92,27.92,27.92,0.0,27.810252911863593,27.83767418382878,28.104946007388463,,,,28.148868857331667,"rgba(239, 83, 80, 1.0)",0.09662819986375826,28.148868857331667,-2.3685513923922943,5,0.3846132304178365,1.9230661520891825,0.0,0.0,0.0,0.0,32.31950135955162,-6.304876340214804,False,True,False,True,False,0.0
2025-07-14 18:00:00+00:00,27.92,27.92,27.92,27.92,0.0,27.810252911863593,27.83767418382878,28.104946007388463,,,,28.148868857331667,"rgba(239, 83, 80, 1.0)",0.09789367278365195,28.148868857331667,-2.3379330943836663,4,0.3423011011939004,1.3692044047756016,0.0,0.0,0.0,0.0,29.470343916778972,-9.467497835072955,False,True,False,True,False,0.0
2025-07-14 19:00:00+00:00,27.92,27.92,27.92,27.92,0.0,27.810252911863593,27.83767418382878,28.104946007388463,,,,28.148868857331667,"rgba(239, 83, 80, 1.0)",0.09912100167408858,28.148868857331667,-2.3089845084918528,4,0.34868453837093316,1.3947381534837326,0.0,0.0,0.0,0.0,27.570905621597205,-11.82009562399719,False,True,False,True,False,0.0
2025-07-15 14:00:00+00:00,27.99,27.99,27.99,27.99,0.0,27.810252911863593,27.83767418382878,28.104946007388463,,,,28.148868857331667,"rgba(38, 166, 154, 1.0)",0.0993679122347035,28.148868857331667,-1.598794356838515,4,0.3558203299127787,1.4232813196511147,0.0,0.0,0.0,0.0,34.966180028604484,-11.82009562399719,False,True,False,True,True,1.9647063379500622
2025-07-15 15:00:00+00:00,27.99,27.99,27.99,27.99,0.0,27.810252911863593,27.83767418382878,28.104946007388463,,,,28.148868857331667,"rgba(38, 166, 154, 1.0)",0.09961131669803502,28.148868857331667,-1.5948876352399697,4,0.3635747536417017,1.4542990145668069,0.0,0.0,0.0,0.0,39.89636296660934,-20.821526794667445,False,False,False,True,True,1.9647063379500622
2025-07-15 16:00:00+00:00,27.99,27.99,27.99,27.99,0.0,27.810252911863593,27.83767418382878,28.104946007388463,,,,28.148868857331667,"rgba(38, 166, 154, 1.0)",0.09985124070422031,28.148868857331667,-1.5910554161492159,4,0.3720326586876124,1.4881306347504497,0.0,0.0,0.0,0.0,43.18315159194591,-17.488298620512253,False,False,False,True,True,1.9647063379500622
2025-07-15 17:00:00+00:00,27.99,27.99,27.99,27.99,0.0,27.810252911863593,27.83767418382878,28.104946007388463,,,,28.148868857331667,"rgba(38, 166, 154, 1.0)",0.10008770928266608,28.148868857331667,-1.5872963670593552,4,0.38129632254917883,1.5251852901967153,0.0,0.0,0.0,0.0,45.37434400883696,-15.059646125568058,True,False,False,True,True,1.9647063379500622
2025-07-15 18:00:00+00:00,27.99,27.99,27.99,27.99,0.0,27.810252911863593,27.83767418382878,28.104946007388463,,,,28.148868857331667,"rgba(38, 166, 154, 1.0)",0.10032074686800455,28.148868857331667,-1.583609196417746,4,0.39149032151257046,1.5659612860502818,0.0,0.0,0.0,0.0,46.835138953430985,-13.17559662010322,True,False,False,True,True,1.9647063379500622
2025-07-15 19:00:00+00:00,27.99,27.99,27.99,27.99,0.0,27.810252911863593,27.83767418382878,28.104946007388463,,,,28.148868857331667,"rgba(38, 166, 154, 1.0)",0.1005503773154553,28.148868857331667,-1.5799926521732657,4,0.402768174047715,1.61107269619086,0.0,0.0,0.0,0.0,47.809002249827,-11.627807311448123,True,False,False,False,True,1.9647063379500622
2025-07-16 14:00:00+00:00,27.79,27.79,27.79,27.79,0.0,27.810252911863593,27.83767418382878,28.104946007388463,,,,28.148868857331667,"rgba(239, 83, 80, 1.0)",0.10499369350383884,28.148868857331667,-3.418003932955715,4,0.41056505645605057,1.6422602258242023,-1.0,0.0,27.79,488.0,37.44864605298245,-2.8232937963547897,False,False,False,True,False,0.0
2025-07-16 15:00:00+00:00,27.79,27.79,27.79,27.79,0.0,27.810252911863593,27.83767418382878,28.104946007388463,,,,28.148868857331667,"rgba(239, 83, 80, 1.0)",0.10904549013517971,28.148868857331667,-3.2910013691239453,4,0.4188749830722901,1.6754999322891604,0.0,0.0,0.0,0.0,30.54174192175274,-9.242229543279947,False,True,False,True,False,0.0
2025-07-16 16:00:00+00:00,27.79,27.79,27.79,27.79,0.0,27.810252911863593,27.83767418382878,28.104946007388463,,,,28.148868857331667,"rgba(239, 83, 80, 1.0)",0.11288166489812781,28.148868857331667,-3.179159854308811,4,0.4277555204389964,1.7110220817559856,0.0,0.0,0.0,0.0,25.937139167599604,-13.482713397461552,False,True,False,True,False,0.0
2025-07-16 17:00:00+00:00,27.79,27.79,27.79,27.79,0.0,27.810252911863593,27.83767418382878,28.104946007388463,,,,28.148868857331667,"rgba(239, 83, 80, 1.0)",0.11652351577957545,28.148868857331667,-3.0797977123392934,4,0.43727369351030776,1.749094774041231,0.0,0.0,0.0,0.0,22.86740399816418,-16.43564485136921,False,True,False,True,False,0.0
2025-07-16 18:00:00+00:00,27.79,27.79,27.79,27.79,0.0,27.810252911863593,27.83767418382878,28.104946007388463,,,,28.148868857331667,"rgba(239, 83, 80, 1.0)",0.11998873820988712,28.148868857331667,-2.990854497560648,4,0.44750808078742954,1.7900323231497182,0.0,0.0,0.0,0.0,20.82091388520723,-18.630609621111358,False,True,False,True,False,0.0
2025-07-16 19:00:00+00:00,27.79,27.79,27.79,27.79,0.0,27.810252911863593,27.83767418382878,28.104946007388463,,,,28.148868857331667,"rgba(239, 83, 80, 1.0)",0.12329222592230538,28.148868857331667,-2.910717643769488,4,0.4585515059116992,1.8342060236467967,0.0,0.0,0.0,0.0,19.45658714323593,-20.37546652897531,False,True,False,True,False,0.0
2025-07-17 14:00:00+00:00,27.79,27.79,27.79,27.79,0.0,27.810252911863593,27.83767418382878,28.104946007388463,,,,28.148868857331667,"rgba(239, 83, 80, 1.0)",0.126446655774919,28.148868857331667,-2.838104773371559,4,0.4705145373320151,1.8820581493280604,0.0,0.0,0.0,0.0,18.54703598192173,-21.844319733440933,False,True,False,True,False,0.0
2025-07-17 15:00:00+00:00,27.79,27.79,27.79,27.79,0.0,27.810252911863593,27.83767418382878,28.104946007388463,,,,28.148868857331667,"rgba(239, 83, 80, 1.0)",0.12946292383749505,28.148868857331667,-2.7719817125567845,4,0.48353009929661006,1.9341203971864402,0.0,0.0,0.0,0.0,17.940668541045596,-23.13234950923186,False,True,False,True,False,0.0
2025-07-17 16:00:00+00:00,27.79,27.79,27.79,27.79,0.0,27.810252911863593,27.83767418382878,28.104946007388463,,,,28.148868857331667,"rgba(239, 83, 80, 1.0)",0.13235047657093396,28.148868857331667,-2.711504080903935,3,0.5760214587537703,1.7280643762613108,0.0,0.0,0.0,0.0,17.53642358046151,-24.289513146091913,False,True,False,True,False,0.0
2025-07-17 17:00:00+00:00,27.79,27.92,27.79,27.92,20.0,27.810372318110993,27.837746721235234,28.1041702067403,,,27.876666666666665,27.97480116534076,"rgba(38, 166, 154, 1.0)",0.13289066155239324,27.97480116534076,-0.4123778503364089,3,0.5796143472813475,1.7388430418440426,0.0,0.0,0.0,0.0,32.662692684851045,-26.21516701528001,False,True,False,True,True,0.0
2025-07-17 18:00:00+00:00,27.92,27.93,27.92,27.93,8.0,27.810455892921308,27.837812838863584,28.103929238079076,,,27.890952380952378,27.9817628169302,"rgba(38, 166, 154, 1.0)",0.13331896318922842,27.9817628169302,-0.38826297243798413,3,0.5836655336969152,1.7509966010907456,0.0,0.0,0.0,0.0,43.31304074785146,-16.72516908365246,True,False,False,True,True,0.0
2025-07-17 19:00:00+00:00,27.93,27.93,27.93,27.93,0.0,27.810455892921308,27.837812838863584,28.103929238079076,,,27.890952380952378,27.9817628169302,"rgba(38, 166, 154, 1.0)",0.13373929190070952,27.9817628169302,-0.3870427022197013,2,0.6605896831255079,1.3211793662510158,0.0,0.0,0.0,0.0,50.41327278985173,-10.676055936670693,True,False,True,False,True,0.0
2025-07-18 14:00:00+00:00,27.93,27.93,27.93,27.93,100.0,27.811520210113958,27.838661785922582,28.10102703153679,,,27.921458333333334,27.994803520558918,"rgba(38, 166, 154, 1.0)",0.1341517226299751,27.994803520558918,-0.48306141202273556,1,0.3817335797043543,0.3817335797043543,0.0,0.0,0.0,0.0,55.14676081785191,-6.645059655221473,True,False,True,False,True,0.0
2025-07-18 15:00:00+00:00,27.93,27.93,27.93,27.93,0.0,27.811520210113958,27.838661785922582,28.10102703153679,,,27.921458333333334,27.994803520558918,"rgba(38, 166, 154, 1.0)",0.13455632800173534,27.994803520558918,-0.48160886612543696,1,0.3821367501271467,0.3821367501271467,0.0,0.0,0.0,0.0,58.30241950318538,-3.7828887372910387,True,False,True,False,True,0.0
2025-07-18 16:00:00+00:00,27.93,27.93,27.93,27.93,0.0,27.811520210113958,27.838661785922582,28.10102703153679,,,27.921458333333334,27.994803520558918,"rgba(38, 166, 154, 1.0)",0.13495317840001264,27.994803520558918,-0.4801926218205474,1,0.38190284211370185,0.38190284211370185,0.0,0.0,0.0,0.0,60.40619196007435,-1.5939133676098436,True,False,True,False,True,0.0
2025-07-18 17:00:00+00:00,27.93,27.93,27.93,27.93,0.0,27.811520210113958,27.838661785922582,28.10102703153679,,,27.921458333333334,27.994803520558918,"rgba(38, 166, 154, 1.0)",0.1351792936856341,27.994803520558918,-0.47938940049222195,1,0.3816696433026898,0.3816696433026898,0.0,0.0,0.0,0.0,61.80870693133366,0.20288418381792184,True,False,True,False,True,0.0
2025-07-18 18:00:00+00:00,27.93,27.93,27.93,27.93,0.0,27.811520210113958,27.838661785922582,28.10102703153679,,,27.921458333333334,27.994803520558918,"rgba(38, 166, 154, 1.0)",0.13537508786449634,27.994803520558918,-0.4786960553908058,1,0.3806204382968033,0.3806204382968033,0.0,0.0,0.0,0.0,62.7437169121732,1.7609669277819506,True,False,True,False,True,0.0
2025-07-18 19:00:00+00:00,27.93,27.99,27.93,27.99,100.0,27.812918725732438,27.839860236639595,28.0988765796816,,,27.942748538011696,28.007137074243293,"rgba(38, 166, 154, 1.0)",0.1328662539599408,28.007137074243293,-0.12897988565599935,1,0.38054376264372797,0.38054376264372797,0.0,0.0,0.0,0.0,67.91154066775007,7.250084875576462,True,False,True,False,True,4.368535176760368
2025-07-21 14:00:00+00:00,28.04,28.04,28.04,28.04,0.0,27.812918725732438,27.839860236639595,28.0988765796816,,,27.942748538011696,28.007137074243293,"rgba(38, 166, 154, 1.0)",0.13000180178895523,28.007137074243293,0.25278823296661845,1,0.3804930877004348,0.3804930877004348,0.0,0.0,0.0,0.0,73.28080500057031,12.714509289820903,True,False,True,False,True,8.138308792155613
2025-07-21 15:00:00+00:00,28.04,28.08,28.015,28.08,182.0,27.816797956111397,27.843429225383716,28.097700664010624,,,27.994056910569107,28.035402840993424,"rgba(38, 166, 154, 1.0)",0.12722966394396376,28.035402840993424,0.35052485107731374,2,0.3294411891878606,0.6588823783757212,0.0,0.0,0.0,0.0,77.88722131994639,17.34383825780084,True,False,True,False,True,10.92980482876612
2025-07-21 16:00:00+00:00,28.08,28.08,28.08,28.08,0.0,27.816797956111397,27.843429225383716,28.097700664010624,,,27.994056910569107,28.035402840993424,"rgba(38, 166, 154, 1.0)",0.12461284187541487,28.035402840993424,0.3578857390248897,2,0.3289932600689115,0.657986520137823,0.0,0.0,0.0,0.0,80.95816553286377,20.544087467018784,True,False,True,False,True,10.92980482876612
2025-07-21 17:00:00+00:00,28.08,28.08,28.055,28.055,100.0,27.818920699156187,27.845385493580043,28.097161568627453,,,28.007640522875818,28.039008668642545,"rgba(38, 166, 154, 1.0)",0.12172658033587982,28.039008668642545,0.13137090776172353,2,0.3288466902801813,0.6576933805603626,0.0,0.0,0.0,0.0,79.1639486685045,20.544087467018784,True,False,True,False,True,8.656859034748408
2025-07-21 18:00:00+00:00,28.055,28.07,28.055,28.07,100.0,27.821021427351884,27.84732195867501,28.096664864864863,,,28.017043715846995,28.045343919763553,"rgba(38, 166, 154, 1.0)",0.11882203362837618,28.045343919763553,0.20750427747736236,2,0.3285443297657529,0.6570886595315057,0.0,0.0,0.0,0.0,78.63531883066989,20.544087467018784,True,False,True,False,True,9.7141379489814
2025-07-21 19:00:00+00:00,28.07,28.07,28.07,28.07,0.0,27.821021427351884,27.84732195867501,28.096664864864863,,,28.017043715846995,28.045343919763553,"rgba(38, 166, 154, 1.0)",0.11726135435484555,28.045343919763553,0.21026603668447394,2,0.3282465953593684,0.6564931907187368,0.0,0.0,0.0,0.0,78.28289893878014,20.544087467018784,True,False,True,False,True,9.7141379489814
2025-07-22 14:00:00+00:00,28.07,28.07,28.07,28.07,0.0,27.821021427351884,27.84732195867501,28.096664864864863,,,28.017043715846995,28.045343919763553,"rgba(38, 166, 154, 1.0)",0.11566077301454455,28.045343919763553,0.21317582092717385,2,0.3279534523913596,0.6559069047827192,0.0,0.0,0.0,0.0,78.04795234418697,20.544087467018784,True,False,True,False,True,9.7141379489814
2025-07-22 15:00:00+00:00,28.07,28.07,28.07,28.07,0.0,27.821021427351884,27.84732195867501,28.096664864864863,,,28.017043715846995,28.045343919763553,"rgba(38, 166, 154, 1.0)",0.11401860919670517,28.045343919763553,0.21624610587829857,2,0.3276648668859144,0.6553297337718288,0.0,0.0,0.0,0.0,77.89132128112486,20.63919553935048,True,False,True,False,True,9.7141379489814
2025-07-22 16:00:00+00:00,28.07,28.07,28.07,28.07,0.0,27.821021427351884,27.84732195867501,28.096664864864863,,,28.017043715846995,28.045343919763553,"rgba(38, 166, 154, 1.0)",0.11233303926992982,28.045343919763553,0.21949090309218744,2,0.3274175082049088,0.6548350164098176,0.0,0.0,0.0,0.0,77.78690057241678,21.32982097325535,True,False,True,False,True,9.7141379489814
2025-07-22 17:00:00+00:00,28.07,28.07,28.07,28.07,0.0,27.821021427351884,27.84732195867501,28.096664864864863,,,28.017043715846995,28.045343919763553,"rgba(38, 166, 154, 1.0)",0.11060207873149515,28.045343919763553,0.22292601114942667,2,0.3271822137723594,0.6543644275447188,0.0,0.0,0.0,0.0,77.71728676661141,22.02035850210818,True,False,True,False,True,9.7141379489814
2025-07-22 18:00:00+00:00,28.07,28.07,28.07,28.07,0.0,27.821021427351884,27.84732195867501,28.096664864864863,,,28.017043715846995,28.045343919763553,"rgba(38, 166, 154, 1.0)",0.10882356163752294,28.045343919763553,0.22656931886288775,2,0.32695890723562077,0.6539178144712415,0.0,0.0,0.0,0.0,77.67087756274115,22.683682362612288,True,False,True,False,True,9.7141379489814
2025-07-22 19:00:00+00:00,28.07,28.07,28.07,28.07,0.0,27.821021427351884,27.84732195867501,28.096664864864863,,,28.017043715846995,28.045343919763553,"rgba(38, 166, 154, 1.0)",0.10699511650006882,28.045343919763553,0.23044117379348986,2,0.3267475164009373,0.6534950328018746,0.0,0.0,0.0,0.0,77.63993809349432,23.303365915645514,True,False,True,False,True,9.7141379489814
2025-07-23 14:00:00+00:00,28.12,28.175,28.12,28.175,758.0,27.841420648920245,27.86670234454638,28.102952901055346,28.156666666666666,,28.094407894736843,28.107036879431945,"rgba(38, 166, 154, 1.0)",0.10687759269242633,28.107036879431945,0.6358968129422682,2,0.3241522455333106,0.6483044910666212,0.0,1.0,28.175,518.0,82.07052997573973,27.880760231039574,True,False,True,False,True,17.282324191666426
2025-07-23 15:00:00+00:00,28.175,28.175,28.175,28.175,0.0,27.841420648920245,27.86670234454638,28.102952901055346,28.156666666666666,,28.094407894736843,28.107036879431945,"rgba(38, 166, 154, 1.0)",0.10675989731909663,28.107036879431945,0.6365978450215208,2,0.32168617325988824,0.6433723465197765,0.0,0.0,0.0,0.0,85.02425789723667,30.800659707389954,True,False,True,False,True,17.282324191666426
2025-07-23 16:00:00+00:00,28.175,28.175,28.175,28.175,0.0,27.841420648920245,27.86670234454638,28.102952901055346,28.156666666666666,,28.094407894736843,28.107036879431945,"rgba(38, 166, 154, 1.0)",0.10664202981203481,28.107036879431945,0.63730145316857,2,0.319342383836672,0.638684767673344,0.0,0.0,0.0,0.0,86.9934098449013,32.72019018298819,True,False,True,False,True,17.282324191666426
2025-07-23 17:00:00+00:00,28.175,28.175,28.175,28.175,0.0,27.841420648920245,27.86670234454638,28.102952901055346,28.156666666666666,,28.094407894736843,28.107036879431945,"rgba(38, 166, 154, 1.0)",0.10545811687263756,28.107036879431945,0.6444560417301519,2,0.31711454236198033,0.6342290847239607,0.0,0.0,0.0,0.0,88.30617781001105,34.040852395941016,True,False,True,False,True,17.282324191666426
2025-07-23 18:00:00+00:00,28.175,28.175,28.175,28.175,0.0,27.841420648920245,27.86670234454638,28.102952901055346,28.156666666666666,,28.094407894736843,28.107036879431945,"rgba(38, 166, 154, 1.0)",0.10729881656357804,28.107036879431945,0.6334004674486359,2,0.31499683700492875,0.6299936740098575,0.0,0.0,0.0,0.0,89.18135645341755,35.00417851018922,True,False,True,False,True,17.282324191666426
2025-07-23 19:00:00+00:00,28.175,28.175,28.13,28.13,100.0,27.843835374907197,27.868983659862828,28.103526296649846,28.155306915306916,,28.097854223433245,28.11590765066518,"rgba(239, 83, 80, 1.0)",0.10819664280106736,28.11590765066518,0.1302475656359402,2,0.3140977057377043,0.6281954114754086,0.0,0.0,0.0,0.0,80.21558165556877,35.06583557951416,True,False,True,False,False,12.474516847417956
2025-07-24 14:00:00+00:00,28.13,28.13,28.13,28.13,0.0,27.843835374907197,27.868983659862828,28.103526296649846,28.155306915306916,,28.097854223433245,28.11590765066518,"rgba(239, 83, 80, 1.0)",0.10907898617576803,28.11590765066518,0.1291939889513845,2,0.3132410471863224,0.6264820943726448,0.0,0.0,0.0,0.0,74.23839845700292,29.923129171505977,True,False,True,False,False,12.474516847417956
2025-07-24 15:00:00+00:00,28.13,28.13,28.13,28.13,0.0,27.843835374907197,27.868983659862828,28.103526296649846,28.155306915306916,,28.097854223433245,28.11590765066518,"rgba(239, 83, 80, 1.0)",0.10994621944877982,28.11590765066518,0.12817493321255619,2,0.31242590573421414,0.6248518114684283,0.0,0.0,0.0,0.0,70.25360965795902,26.64349516974326,True,False,True,False,False,12.474516847417956
2025-07-24 16:00:00+00:00,28.13,28.13,28.13,28.13,0.0,27.843835374907197,27.868983659862828,28.103526296649846,28.155306915306916,,28.097854223433245,28.11590765066518,"rgba(239, 83, 80, 1.0)",0.1107986974258242,28.11590765066518,0.1271887636066726,2,0.3116513846244811,0.6233027692489622,0.0,0.0,0.0,0.0,67.59708379192975,24.448325540105515,True,False,True,False,False,12.474516847417956
2025-07-24 17:00:00+00:00,28.13,28.13,28.13,28.13,0.0,27.843835374907197,27.868983659862828,28.103526296649846,28.155306915306916,,28.097854223433245,28.11590765066518,"rgba(239, 83, 80, 1.0)",0.11163675812954116,28.11590765066518,0.12623395350183766,2,0.3109166430213576,0.6218332860427151,0.0,0.0,0.0,0.0,65.82606654791024,22.875628341851495,True,False,True,False,False,12.474516847417956
2025-07-24 18:00:00+00:00,28.13,28.13,28.13,28.13,0.0,27.843835374907197,27.868983659862828,28.103526296649846,28.155306915306916,,28.097854223433245,28.11590765066518,"rgba(239, 83, 80, 1.0)",0.1124607238742586,28.11590765066518,0.12530907546511028,2,0.3102433124199373,0.6204866248398746,0.0,0.0,0.0,0.0,64.64538838523058,21.657960352972054,False,False,True,False,False,12.474516847417956
2025-07-24 19:00:00+00:00,28.13,28.13,28.13,28.13,0.0,27.843835374907197,27.868983659862828,28.103526296649846,28.155306915306916,,28.097854223433245,28.11590765066518,"rgba(239, 83, 80, 1.0)",0.11327090225298393,28.11590765066518,0.12441279317565565,2,0.30957931013556395,0.6191586202711279,0.0,0.0,0.0,0.0,63.858269610110796,20.645377087886743,False,False,True,False,False,12.474516847417956
2025-07-25 14:00:00+00:00,28.13,28.13,28.13,28.13,0.0,27.843835374907197,27.868983659862828,28.103526296649846,28.155306915306916,,28.097854223433245,28.11590765066518,"rgba(239, 83, 80, 1.0)",0.1139813087249232,28.11590765066518,0.1236373708327053,2,0.31284330203144856,0.6256866040628971,0.0,0.0,0.0,0.0,63.33352376003094,19.75732425012589,False,False,True,False,False,12.474516847417966
2025-07-25 15:00:00+00:00,28.13,28.13,28.1,28.1,2112.0,27.882117838009624,27.904552558637874,28.104973883889183,28.123088664422,,28.105019553072626,28.108813706645442,"rgba(239, 83, 80, 1.0)",0.11423095776372987,28.108813706645442,-0.0771569005284072,2,0.31718573188816024,0.6343714637763205,0.0,0.0,0.0,0.0,55.71343393988534,12.409774920275218,False,False,True,False,False,9.043424492648594
2025-07-25 16:00:00+00:00,28.1,28.1,27.99,27.99,287.0,27.884888896310642,27.90695334977394,28.10266457733936,28.114592160474874,,28.09920437893285,28.10172719254019,"rgba(239, 83, 80, 1.0)",0.11391726885793654,28.10172719254019,-0.9807748523142914,2,0.32203373846546934,0.6440674769309387,0.0,0.0,0.0,0.0,42.661237688787054,0.5693705688599238,False,True,False,True,False,0.0
2025-07-25 17:00:00+00:00,27.99,27.99,27.99,27.99,0.0,27.884888896310642,27.90695334977394,28.10266457733936,28.114592160474874,,28.09920437893285,28.10172719254019,"rgba(239, 83, 80, 1.0)",0.11359700383014716,28.10172719254019,-0.9835399594451206,2,0.32676795283134386,0.6535359056626877,0.0,0.0,0.0,0.0,33.95977352138819,-6.802725681204855,False,True,False,True,False,0.0
2025-07-25 18:00:00+00:00,27.99,27.99,27.99,27.99,0.0,27.884888896310642,27.90695334977394,28.10266457733936,28.114592160474874,,28.09920437893285,28.10172719254019,"rgba(239, 83, 80, 1.0)",0.11327010689950036,28.10172719254019,-0.9863784505767336,2,0.3318703402891728,0.6637406805783456,0.0,0.0,0.0,0.0,28.158797409788946,-11.542308746446643,False,True,False,True,False,0.0
2025-07-25 19:00:00+00:00,27.99,27.99,27.99,27.99,0.0,27.884888896310642,27.90695334977394,28.10266457733936,28.114592160474874,,28.09920437893285,28.10172719254019,"rgba(239, 83, 80, 1.0)",0.1129365204774997,28.10172719254019,-0.9892919674504184,2,0.3373802539061937,0.6747605078123874,0.0,0.0,0.0,0.0,24.291480002056115,-14.755558617487992,False,True,False,True,False,0.0
2025-07-28 14:00:00+00:00,27.99,27.99,27.99,27.99,0.0,27.884888896310642,27.90695334977394,28.10266457733936,28.114592160474874,,28.09920437893285,28.10172719254019,"rgba(239, 83, 80, 1.0)",0.11259618510770193,28.10172719254019,-0.9922822201597633,1,0.28815204279440704,0.28815204279440704,0.0,0.0,0.0,0.0,21.713268396900894,-17.09546429386338,False,True,False,True,False,0.0
2025-07-28 15:00:00+00:00,27.99,27.99,27.99,27.99,0.0,27.884888896310642,27.90695334977394,28.10266457733936,28.114592160474874,,28.09920437893285,28.10172719254019,"rgba(239, 83, 80, 1.0)",0.11224903940236529,28.10172719254019,-0.9953509903964118,1,0.290818325913134,0.290818325913134,0.0,0.0,0.0,0.0,19.99446066013075,-18.93752615490684,False,True,False,True,False,0.0
2025-07-28 16:00:00+00:00,27.99,27.99,27.79,27.79,79.0,27.884740753045403,27.906682678113146,28.100683756327932,28.108484212629897,,28.09434870755195,28.08420614658429,"rgba(239, 83, 80, 1.0)",0.11470977871672673,28.08420614658429,-2.564786976974527,1,0.2877064176997296,0.2877064176997296,0.0,0.0,0.0,0.0,15.06618957692731,-23.894573296723358,False,True,False,True,False,0.0
2025-07-28 17:00:00+00:00,27.79,27.79,27.79,27.79,107.0,27.884071935959184,27.905838180916305,28.09733195536735,28.098586504017813,,28.086313841598816,28.058627918705934,"rgba(239, 83, 80, 1.0)",0.11664896905626382,28.058627918705934,-2.3028743492483534,1,0.2850211371891643,0.2850211371891643,0.0,0.0,0.0,0.0,11.780675521458353,-27.311522109211765,False,True,False,True,False,0.0
2025-07-28 18:00:00+00:00,27.79,27.79,27.79,27.79,0.0,27.884071935959184,27.905838180916305,28.09733195536735,28.098586504017813,,28.086313841598816,28.058627918705934,"rgba(239, 83, 80, 1.0)",0.11847480440662016,28.058627918705934,-2.267384361184262,1,0.2827306351560317,0.2827306351560317,0.0,0.0,0.0,0.0,9.59033281781238,-29.80326088175878,False,True,False,True,False,0.0
2025-07-28 19:00:00+00:00,27.79,27.79,27.79,27.79,0.0,27.884071935959184,27.905838180916305,28.09733195536735,28.098586504017813,,28.086313841598816,28.058627918705934,"rgba(239, 83, 80, 1.0)",0.1201096721052945,28.058627918705934,-2.2365219552880085,1,0.2808089551083026,0.2808089551083026,0.0,0.0,0.0,0.0,8.130104348715065,-31.734616240060184,False,True,False,True,False,0.0
2025-07-29 14:00:00+00:00,27.79,27.79,27.79,27.79,0.0,27.884071935959184,27.905838180916305,28.09733195536735,28.098586504017813,,28.086313841598816,28.058627918705934,"rgba(239, 83, 80, 1.0)",0.12156127732157386,28.058627918705934,-2.2098148738213412,1,0.2792351557137808,0.2792351557137808,0.0,0.0,0.0,0.0,7.156618702650188,-33.31768570705818,False,True,False,True,False,0.0
2025-07-29 15:00:00+00:00,27.79,27.79,27.79,27.79,0.0,27.884071935959184,27.905838180916305,28.09733195536735,28.098586504017813,,28.086313841598816,28.058627918705934,"rgba(239, 83, 80, 1.0)",0.12283611729300378,28.058627918705934,-2.1868805740999657,1,0.27799264102548576,0.27799264102548576,0.0,0.0,0.0,0.0,6.50762827194027,-34.67293856370597,False,True,False,True,False,0.0
2025-07-29 16:00:00+00:00,27.79,27.79,27.79,27.79,0.0,27.884071935959184,27.905838180916305,28.09733195536735,28.098586504017813,,28.086313841598816,28.058627918705934,"rgba(239, 83, 80, 1.0)",0.12393964674770266,28.058627918705934,-2.1674091039872527,1,0.27706865425749183,0.27706865425749183,0.0,0.0,0.0,0.0,6.074967984800324,-35.8671181013063,False,True,False,True,False,0.0
2025-07-29 17:00:00+00:00,27.79,27.79,27.79,27.79,0.0,27.884071935959184,27.905838180916305,28.09733195536735,28.098586504017813,,28.086313841598816,28.058627918705934,"rgba(239, 83, 80, 1.0)",0.12487640736755212,28.058627918705934,-2.1511502802549,1,0.27645390359579997,0.27645390359579997,0.0,0.0,0.0,0.0,5.786527793373693,-36.93640315044066,False,True,False,True,False,0.0
2025-07-29 18:00:00+00:00,27.79,27.79,27.79,27.79,0.0,27.884071935959184,27.905838180916305,28.09733195536735,28.098586504017813,,28.086313841598816,28.058627918705934,"rgba(239, 83, 80, 1.0)",0.12565012914782492,28.058627918705934,-2.13790403979529,1,0.27783654683392783,0.27783654683392783,0.0,0.0,0.0,0.0,5.594234332422607,-37.900290736477004,False,True,False,True,False,0.0
2025-07-29 19:00:00+00:00,27.79,27.79,27.79,27.79,0.0,27.884071935959184,27.905838180916305,28.09733195536735,28.098586504017813,,28.086313841598816,28.058627918705934,"rgba(239, 83, 80, 1.0)",0.1273672069463557,28.058627918705934,-2.109082275935242,1,0.2746245206347352,0.2746245206347352,0.0,0.0,0.0,0.0,5.466038691788549,-38.76970605034624,False,True,False,True,False,0.0
2025-07-30 14:00:00+00:00,27.79,27.79,27.79,27.79,0.0,27.884071935959184,27.905838180916305,28.09733195536735,28.098586504017813,,28.086313841598816,28.058627918705934,"rgba(239, 83, 80, 1.0)",0.12899385417268952,28.058627918705934,-2.0824861806695947,1,0.2716579706383642,0.2716579706383642,0.0,0.0,0.0,0.0,5.380574931365844,-39.551574235911794,False,True,False,True,False,0.0
2025-07-30 15:00:00+00:00,27.79,27.79,27.79,27.79,0.0,27.884071935959184,27.905838180916305,28.09733195536735,28.098586504017813,,28.086313841598816,28.058627918705934,"rgba(239, 83, 80, 1.0)",0.13053345158193333,28.058627918705934,-2.057923968534014,1,0.26891802600889125,0.26891802600889125,0.0,0.0,0.0,0.0,5.3235990910840405,-40.251265357565735,False,True,False,True,False,0.0
2025-07-30 16:00:00+00:00,27.79,27.79,27.79,27.79,0.0,27.884071935959184,27.905838180916305,28.09733195536735,28.098586504017813,,28.086313841598816,28.058627918705934,"rgba(239, 83, 80, 1.0)",0.13198904540915252,28.058627918705934,-2.0352288924676727,1,0.26638814683570267,0.26638814683570267,0.0,0.0,0.0,0.0,5.285615197562838,-40.873794063866995,False,True,False,True,False,0.0
2025-07-30 17:00:00+00:00,27.79,27.79,27.79,27.79,0.0,27.884071935959184,27.905838180916305,28.09733195536735,28.098586504017813,,28.086313841598816,28.058627918705934,"rgba(239, 83, 80, 1.0)",0.13336338625239044,28.058627918705934,-2.014255383389531,1,0.2640537938172275,0.2640537938172275,0.0,0.0,0.0,0.0,5.260292601882036,-41.42431670970176,False,True,False,True,False,0.0
2025-07-30 18:00:00+00:00,27.79,27.79,27.79,27.79,0.0,27.884071935959184,27.905838180916305,28.09733195536735,28.098586504017813,,28.086313841598816,28.058627918705934,"rgba(239, 83, 80, 1.0)",0.13465896195926877,28.058627918705934,-1.994875905750622,1,0.2619021553229983,0.2619021553229983,0.0,0.0,0.0,0.0,5.243410871428169,-41.90825392674543,False,True,False,True,False,0.0
2025-07-30 19:00:00+00:00,27.79,27.79,27.59,27.59,56.0,27.883234843007077,27.90489791105121,28.09485779693871,28.09151376583786,,28.080458343473676,27.83646734178054,"rgba(239, 83, 80, 1.0)",0.14111853684528336,27.83646734178054,-1.746527049460253,1,0.2512804285890162,0.2512804285890162,0.0,0.0,0.0,0.0,3.842189027591299,-43.58220250568914,False,True,False,True,False,0.0
2025-07-31 14:00:00+00:00,27.59,27.59,27.59,27.59,0.0,27.883234843007077,27.90489791105121,28.09485779693871,28.09151376583786,,28.080458343473676,27.83646734178054,"rgba(239, 83, 80, 1.0)",0.14716182794296948,27.83646734178054,-1.6748048405328027,1,0.2421471679978389,0.2421471679978389,0.0,0.0,0.0,0.0,2.9080411317000525,-44.70050506112842,False,True,False,True,False,0.0
2025-07-31 15:00:00+00:00,27.59,27.59,27.59,27.59,0.0,27.883234843007077,27.90489791105121,28.09485779693871,28.09151376583786,,28.080458343473676,27.83646734178054,"rgba(239, 83, 80, 1.0)",0.1528382233684868,27.83646734178054,-1.6126027661700695,1,0.23361691102261148,0.23361691102261148,0.0,0.0,0.0,0.0,2.2852758677725546,-45.47451093306077,False,True,False,True,False,0.0
2025-07-31 16:00:00+00:00,27.59,27.59,27.59,27.59,0.0,27.883234843007077,27.90489791105121,28.09485779693871,28.09151376583786,,28.080458343473676,27.83646734178054,"rgba(239, 83, 80, 1.0)",0.1581872251419549,27.83646734178054,-1.558073615359044,1,0.22605376339004463,0.22605376339004463,0.0,0.0,0.0,0.0,1.8700990251542229,-46.03457260850704,False,True,False,True,False,0.0
2025-07-31 17:00:00+00:00,27.59,27.59,27.59,27.59,0.0,27.883234843007077,27.90489791105121,28.09485779693871,28.09151376583786,,28.080458343473676,27.83646734178054,"rgba(239, 83, 80, 1.0)",0.16312199049698226,27.83646734178054,-1.5109387828681529,1,0.21929453898524978,0.21929453898524978,0.0,0.0,0.0,0.0,1.5933144634086682,-46.46021814174147,False,True,False,True,False,0.0
2025-07-31 18:00:00+00:00,27.59,27.59,27.59,27.59,0.0,27.883234843007077,27.90489791105121,28.09485779693871,28.09151376583786,,28.080458343473676,27.83646734178054,"rgba(239, 83, 80, 1.0)",0.16774001225594898,27.83646734178054,-1.4693413841204706,1,0.21321221832229237,0.21321221832229237,0.0,0.0,0.0,0.0,1.4087914222449651,-46.79941859633568,False,True,False,True,False,0.0
2025-07-31 19:00:00+00:00,27.59,27.59,27.59,27.59,0.0,27.883234843007077,27.90489791105121,28.09485779693871,28.09151376583786,,28.080458343473676,27.83646734178054,"rgba(239, 83, 80, 1.0)",0.172066795117177,27.83646734178054,-1.4323934005552736,1,0.20770626714234888,0.20770626714234888,0.0,0.0,0.0,0.0,1.2857760614691631,-47.0807975648862,False,True,False,True,False,0.0
2025-08-01 14:00:00+00:00,27.59,27.78,27.59,27.78,8.0,27.883147296498258,27.904796493354887,28.094554698457227,28.090658682634732,,28.079751437130597,27.71262745067815,"rgba(38, 166, 154, 1.0)",0.17267484936584823,27.71262745067815,0.39017001937039275,1,0.20660439207375444,0.20660439207375444,0.0,0.0,0.0,0.0,22.126188200724137,-31.424589622924394,False,True,False,True,True,0.0
2025-08-01 15:00:00+00:00,27.78,27.78,27.78,27.78,0.0,27.883147296498258,27.904796493354887,28.094554698457227,28.090658682634732,,28.079751437130597,27.71262745067815,"rgba(38, 166, 154, 1.0)",0.1732349079523186,27.71262745067815,0.38890862192968845,1,0.20553813987490652,0.20553813987490652,0.0,0.0,0.0,0.0,36.01979629356079,-20.00541615442796,False,False,False,True,True,0.0
2025-08-01 16:00:00+00:00,27.78,27.78,27.78,27.78,0.0,27.883147296498258,27.904796493354887,28.094554698457227,28.090658682634732,,28.079751437130597,27.71262745067815,"rgba(38, 166, 154, 1.0)",0.17374743500577589,27.71262745067815,0.3877614038999367,1,0.2045062242419629,0.2045062242419629,0.0,0.0,0.0,0.0,45.28220168878522,-13.011880960384161,True,False,False,False,True,0.0
2025-08-01 17:00:00+00:00,27.78,27.78,27.78,27.78,0.0,27.883147296498258,27.904796493354887,28.094554698457227,28.090658682634732,,28.079751437130597,27.71262745067815,"rgba(38, 166, 154, 1.0)",0.1738484117562925,27.71262745067815,0.3875361796016758,1,0.20350743102889493,0.20350743102889493,0.0,0.0,0.0,0.0,51.45713861893485,-8.574751346038326,True,False,True,False,True,0.0
2025-08-01 18:00:00+00:00,27.78,27.78,27.78,27.78,0.0,27.883147296498258,27.904796493354887,28.094554698457227,28.090658682634732,,28.079751437130597,27.71262745067815,"rgba(38, 166, 154, 1.0)",0.17394922630827792,27.71262745067815,0.3873115779339717,1,0.20262397218672537,0.20262397218672537,0.0,0.0,0.0,0.0,55.5737632390346,-5.580710271464049,True,False,True,False,True,0.0
2025-08-01 19:00:00+00:00,27.78,27.78,27.78,27.78,0.0,27.883147296498258,27.904796493354887,28.094554698457227,28.090658682634732,,28.079751437130597,27.71262745067815,"rgba(38, 166, 154, 1.0)",0.17404987894358193,27.71262745067815,0.38708759656012975,1,0.20301398022787193,0.20301398022787193,0.0,0.0,0.0,0.0,58.31817965243443,-3.383010028120559,True,False,True,False,True,0.0
2025-08-04 14:00:00+00:00,27.78,27.78,27.78,27.78,0.0,27.883147296498258,27.904796493354887,28.094554698457227,28.090658682634732,,28.079751437130597,27.71262745067815,"rgba(38, 166, 154, 1.0)",0.1741503699429505,27.71262745067815,0.38686423315622626,1,0.20349730209181513,0.20349730209181513,0.0,0.0,0.0,0.0,60.147790594700986,-1.618210941694521,True,False,True,False,True,0.0
2025-08-04 15:00:00+00:00,27.78,27.78,27.78,27.78,0.0,27.883147296498258,27.904796493354887,28.094554698457227,28.090658682634732,,28.079751437130597,27.71262745067815,"rgba(38, 166, 154, 1.0)",0.1742506995860317,27.71262745067815,0.3866414854110197,1,0.20407592408198674,0.20407592408198674,0.0,0.0,0.0,0.0,61.36753122287869,-0.09128390261669495,True,False,True,False,True,0.0
2025-08-04 16:00:00+00:00,27.78,27.78,27.78,27.78,0.0,27.883147296498258,27.904796493354887,28.094554698457227,28.090658682634732,,28.079751437130597,27.71262745067815,"rgba(38, 166, 154, 1.0)",0.17435086815138143,27.71262745067815,0.3864193510258632,1,0.20475225731685479,0.20475225731685479,0.0,0.0,0.0,0.0,62.18069164166383,1.2955123822858212,True,False,True,False,True,0.0
2025-08-04 17:00:00+00:00,27.78,27.78,27.78,27.78,0.0,27.883147296498258,27.904796493354887,28.094554698457227,28.090658682634732,,28.079751437130597,27.71262745067815,"rgba(38, 166, 154, 1.0)",0.17445087591646904,27.71262745067815,0.3861978277146177,1,0.20552916634208626,0.20552916634208626,0.0,0.0,0.0,0.0,62.722798587520586,2.5859427582471426,True,False,True,False,True,0.0
2025-08-04 18:00:00+00:00,27.78,27.78,27.78,27.78,0.0,27.883147296498258,27.904796493354887,28.094554698457227,28.090658682634732,,28.079751437130597,27.71262745067815,"rgba(38, 166, 154, 1.0)",0.1745507231576831,27.71262745067815,0.3859769132035656,1,0.20641000394163045,0.20641000394163045,0.0,0.0,0.0,0.0,63.08420321809176,3.7956081541990585,True,False,True,False,True,0.0
2025-08-04 19:00:00+00:00,27.78,27.78,27.78,27.78,0.0,27.883147296498258,27.904796493354887,28.094554698457227,28.090658682634732,,28.079751437130597,27.71262745067815,"rgba(38, 166, 154, 1.0)",0.17465041015033703,27.71262745067815,0.3857566052313256,1,0.20739865300319596,0.20739865300319596,0.0,0.0,0.0,0.0,63.32513963847254,4.926881624941153,True,False,True,False,True,0.0
2025-08-05 14:00:00+00:00,27.78,27.78,27.78,27.78,0.0,27.883147296498258,27.904796493354887,28.094554698457227,28.090658682634732,,28.079751437130597,27.71262745067815,"rgba(38, 166, 154, 1.0)",0.17532936829665102,27.71262745067815,0.38426277340976167,1,0.2070722184742893,0.2070722184742893,0.0,0.0,0.0,0.0,63.4857639187264,5.977189509942114,True,False,True,False,True,0.0
2025-08-05 15:00:00+00:00,27.78,27.82,27.78,27.82,92.0,27.882687803391452,27.904192213297634,28.091925584011648,28.083399092340464,,28.073782371109527,27.774915897435896,"rgba(38, 166, 154, 1.0)",0.17563544861651997,27.774915897435896,0.25669136224624,1,0.20715194697712477,0.20715194697712477,0.0,0.0,0.0,0.0,68.19805483737464,11.08799182011505,True,False,True,False,True,0.0
2025-08-05 16:00:00+00:00,27.82,27.85,27.82,27.85,100.0,27.882410843660114,27.903765403368794,28.08944941353778,28.0768189600793,,28.068356927361336,27.80533895833334,"rgba(38, 166, 154, 1.0)",0.1757576904880161,27.80533895833334,0.25410576084979924,1,0.20744255596049407,0.20744255596049407,0.0,0.0,0.0,0.0,73.15673193769716,16.090251021671506,True,False,True,False,True,0.0
2025-08-05 17:00:00+00:00,27.85,27.85,27.85,27.85,0.0,27.882410843660114,27.903765403368794,28.08944941353778,28.0768189600793,,28.068356927361336,27.80533895833334,"rgba(38, 166, 154, 1.0)",0.17587329079291714,27.80533895833334,0.2539387388801817,1,0.20775585911935543,0.20775585911935543,0.0,0.0,0.0,0.0,76.46251667124551,19.37600906329577,True,False,True,False,True,0.0
2025-08-05 18:00:00+00:00,27.85,27.85,27.85,27.85,0.0,27.882410843660114,27.903765403368794,28.08944941353778,28.0768189600793,,28.068356927361336,27.80533895833334,"rgba(38, 166, 154, 1.0)",0.17598226261948224,27.80533895833334,0.25378149480456,1,0.20809215821231014,0.20809215821231014,0.0,0.0,0.0,0.0,78.66637316027774,21.63012312491135,True,False,True,False,True,0.0
2025-08-05 19:00:00+00:00,27.85,27.85,27.85,27.85,0.0,27.882410843660114,27.903765403368794,28.08944941353778,28.0768189600793,,28.068356927361336,27.80533895833334,"rgba(38, 166, 154, 1.0)",0.17608461827402339,27.80533895833334,0.2536339749855902,1,0.20845177983362265,0.20845177983362265,0.0,0.0,0.0,0.0,80.13561081963256,23.26605186619868,True,False,True,False,True,0.0
2025-08-06 14:00:00+00:00,27.85,27.85,27.85,27.85,0.0,27.882410843660114,27.903765403368794,28.08944941353778,28.0768189600793,,28.068356927361336,27.80533895833334,"rgba(38, 166, 154, 1.0)",0.17618036928794972,27.80533895833334,0.2534961292632252,1,0.20834955962283935,0.20834955962283935,0.0,0.0,0.0,0.0,81.11510259253578,24.529059112385738,True,False,True,False,True,0.0
2025-08-06 15:00:00+00:00,27.85,27.85,27.85,27.85,0.0,27.882410843660114,27.903765403368794,28.08944941353778,28.0768189600793,,28.068356927361336,27.80533895833334,"rgba(38, 166, 154, 1.0)",0.17626952642434213,27.80533895833334,0.2533679109067677,1,0.20825162869473235,0.20825162869473235,0.0,0.0,0.0,0.0,81.76809710780458,25.56164581823532,True,False,True,False,True,0.0
2025-08-06 16:00:00+00:00,27.85,27.85,27.85,27.85,0.0,27.882410843660114,27.903765403368794,28.08944941353778,28.0768189600793,,28.068356927361336,27.80533895833334,"rgba(38, 166, 154, 1.0)",0.17608768802443264,27.80533895833334,0.25362955336470777,1,0.20815796919732937,0.20815796919732937,0.0,0.0,0.0,0.0,82.20342678465045,26.444639580951076,True,False,True,False,True,0.0
2025-08-06 17:00:00+00:00,27.85,27.85,27.85,27.85,0.0,27.882410843660114,27.903765403368794,28.08944941353778,28.0768189600793,,28.068356927361336,27.80533895833334,"rgba(38, 166, 154, 1.0)",0.17544299143356937,27.80533895833334,0.25456156043469846,1,0.20806856409895894,0.20806856409895894,0.0,0.0,0.0,0.0,82.49364656921436,27.2226938901633,True,False,True,False,True,0.0
2025-08-06 18:00:00+00:00,27.85,27.85,27.85,27.85,0.0,27.882410843660114,27.903765403368794,28.08944941353778,28.0768189600793,,28.068356927361336,27.80533895833334,"rgba(38, 166, 154, 1.0)",0.17425318123663536,27.80533895833334,0.25629972061176476,1,0.20831551962239403,0.20831551962239403,0.0,0.0,0.0,0.0,82.68712642559031,27.919877963838616,True,False,True,False,True,0.0
2025-08-06 19:00:00+00:00,27.85,27.85,27.85,27.85,0.0,27.882410843660114,27.903765403368794,28.08944941353778,28.0768189600793,,28.068356927361336,27.80533895833334,"rgba(38, 166, 154, 1.0)",0.1730001041501213,27.80533895833334,0.2581561547957573,1,0.20857998971510538,0.20857998971510538,0.0,0.0,0.0,0.0,82.8161129965076,28.54902651520584,True,False,True,False,True,0.0
2025-08-07 14:00:00+00:00,28.03,28.03,28.03,28.03,0.0,27.882410843660114,27.903765403368794,28.08944941353778,28.0768189600793,,28.068356927361336,27.80533895833334,"rgba(38, 166, 154, 1.0)",0.17270849783708395,27.80533895833334,1.3008105824565939,1,0.20819809350566912,0.20819809350566912,0.0,0.0,0.0,0.0,87.56227663821343,33.31136091948112,True,False,True,False,True,14.35626717870828
2025-08-07 15:00:00+00:00,28.03,28.03,28.03,28.03,0.0,27.882410843660114,27.903765403368794,28.08944941353778,28.0768189600793,,28.068356927361336,27.80533895833334,"rgba(38, 166, 154, 1.0)",0.17221600201859352,27.80533895833334,1.304530583879219,1,0.2078196304845837,0.2078196304845837,0.0,0.0,0.0,0.0,90.72638573268398,36.339445021298346,True,False,True,False,True,14.35626717870829
2025-08-07 16:00:00+00:00,28.03,28.05,28.03,28.05,100.0,27.88344818324416,27.904687252311756,28.089000551554083,28.075937527419494,,28.067789370227565,27.88054765327587,"rgba(38, 166, 154, 1.0)",0.17195287957085703,27.88054765327587,0.9854580344745268,1,0.20720834013580022,0.20720834013580022,0.0,0.0,0.0,0.0,92.93796383159432,38.41828694347495,True,False,True,False,True,15.823258672024775
2025-08-07 17:00:00+00:00,28.05,28.05,28.05,28.05,0.0,27.88344818324416,27.904687252311756,28.089000551554083,28.075937527419494,,28.067789370227565,27.88054765327587,"rgba(38, 166, 154, 1.0)",0.17168893409304803,27.88054765327587,0.9869730254851247,1,0.20660538189181363,0.20660538189181363,0.0,0.0,0.0,0.0,94.41234923086787,39.84106972523634,True,False,True,False,True,15.823258672024785
2025-08-07 18:00:00+00:00,28.05,28.05,28.05,28.05,0.0,27.88344818324416,27.904687252311756,28.089000551554083,28.075937527419494,,28.067789370227565,27.88054765327587,"rgba(38, 166, 154, 1.0)",0.17142416178345504,27.88054765327587,0.9884974496079842,1,0.20618418305120131,0.20618418305120131,0.0,0.0,0.0,0.0,95.39527283038359,40.875526469817956,True,False,True,False,True,15.823258672024785
2025-08-07 19:00:00+00:00,28.05,28.05,28.05,28.05,0.0,27.88344818324416,27.904687252311756,28.089000551554083,28.075937527419494,,28.067789370227565,27.88054765327587,"rgba(38, 166, 154, 1.0)",0.17115855880489647,27.88054765327587,0.9900313949084509,1,0.2058206548593352,0.2058206548593352,0.0,0.0,0.0,0.0,96.05055523006072,41.67905169679217,True,False,True,False,True,15.823258672024796
2025-08-08 14:00:00+00:00,28.05,28.05,28.05,28.05,0.0,27.88344818324416,27.904687252311756,28.089000551554083,28.075937527419494,,28.067789370227565,27.88054765327587,"rgba(38, 166, 154, 1.0)",0.1708921212842596,27.88054765327587,0.991574950622019,1,0.20551390185551532,0.20551390185551532,0.0,0.0,0.0,0.0,96.48741016317882,42.341956687399346,True,False,True,False,True,15.823258672024785
2025-08-08 15:00:00+00:00,28.05,28.05,28.05,28.05,0.0,27.88344818324416,27.904687252311756,28.089000551554083,28.075937527419494,,28.067789370227565,27.88054765327587,"rgba(38, 166, 154, 1.0)",0.17062484531203198,27.88054765327587,0.993128207174307,1,0.2052631749429023,0.2052631749429023,0.0,0.0,0.0,0.0,96.77864678525756,42.91455982309439,True,False,True,False,True,15.823258672024785
2025-08-08 16:00:00+00:00,28.05,28.05,28.05,28.05,0.0,27.88344818324416,27.904687252311756,28.089000551554083,28.075937527419494,,28.067789370227565,27.88054765327587,"rgba(38, 166, 154, 1.0)",0.17035672694182474,27.88054765327587,0.9946912562014543,1,0.20506786624553572,0.20506786624553572,0.0,0.0,0.0,0.0,96.97280453331004,43.423939843542584,True,False,True,False,True,15.823258672024775
2025-08-08 17:00:00+00:00,28.05,28.28,28.05,28.28,100.0,27.885497021712673,27.906646872265963,28.090102660497394,28.07920492433957,,28.070795446144746,27.97130418068982,"rgba(38, 166, 154, 1.0)",0.17313323516019102,27.97130418068982,1.7829957317239573,1,0.20046332399847214,0.20046332399847214,0.0,0.0,0.0,0.0,97.74601005074031,44.46352165115378,True,False,True,False,True,20.0
2025-08-08 18:00:00+00:00,28.28,28.28,28.28,28.28,0.0,27.885497021712673,27.906646872265963,28.090102660497394,28.07920492433957,,28.070795446144746,27.97130418068982,"rgba(38, 166, 154, 1.0)",0.17585461849710857,27.97130418068982,1.7554035370146186,1,0.196325353159647,0.196325353159647,0.0,0.0,0.0,0.0,98.26148039569382,45.2292253233112,True,False,True,False,True,20.0
2025-08-08 19:00:00+00:00,28.28,28.28,28.28,28.28,0.0,27.885497021712673,27.906646872265963,28.090102660497394,28.07920492433957,,28.070795446144746,27.97130418068982,"rgba(38, 166, 154, 1.0)",0.17852339791612815,27.97130418068982,1.7291616836422123,1,0.19259371167455577,0.19259371167455577,0.0,0.0,0.0,0.0,98.6051272923295,45.81994706258912,True,False,True,False,True,20.0
2025-08-11 14:00:00+00:00,28.28,28.28,28.05,28.05,100.0,27.88703186321305,27.908081160365057,28.090451753548468,28.080391764607818,,28.07200766616041,28.023824423115173,"rgba(239, 83, 80, 1.0)",0.17644479523545759,28.023824423115173,0.14834995189230754,1,0.1927328389861614,0.1927328389861614,0.0,0.0,0.0,0.0,81.94472829141179,36.126413312763304,True,False,True,False,False,8.62269323881015
2025-08-11 15:00:00+00:00,28.05,28.05,28.05,28.05,0.0,27.88703186321305,27.908081160365057,28.090451753548468,28.080391764607818,,28.07200766616041,28.023824423115173,"rgba(239, 83, 80, 1.0)",0.1743252629345909,28.023824423115173,0.15015366358374346,1,0.1922554150980285,0.1922554150980285,0.0,0.0,0.0,0.0,70.83779562413332,26.856669577989734,False,False,True,False,False,8.62269323881015
2025-08-11 16:00:00+00:00,28.05,28.05,28.05,28.05,0.0,27.88703186321305,27.908081160365057,28.090451753548468,28.080391764607818,,28.07200766616041,28.023824423115173,"rgba(239, 83, 80, 1.0)",0.17308717795113607,28.023824423115173,0.1512277061459617,1,0.1917881523709762,0.1917881523709762,0.0,0.0,0.0,0.0,63.43317384594768,21.127555936271534,False,False,True,False,False,8.62269323881015
2025-08-11 17:00:00+00:00,28.05,28.05,28.05,28.05,0.0,27.88703186321305,27.908081160365057,28.090451753548468,28.080391764607818,,28.07200766616041,28.023824423115173,"rgba(239, 83, 80, 1.0)",0.17183346222041831,28.023824423115173,0.15233108002707663,1,0.19133371327093932,0.19133371327093932,0.0,0.0,0.0,0.0,58.49675932715725,17.44933279308637,False,True,True,False,False,8.62269323881014
2025-08-11 18:00:00+00:00,28.05,28.05,28.05,28.05,0.0,27.88703186321305,27.908081160365057,28.090451753548468,28.080391764607818,,28.07200766616041,28.023824423115173,"rgba(239, 83, 80, 1.0)",0.17056377106501047,28.023824423115173,0.15346504548642603,1,0.19089185725830846,0.19089185725830846,0.0,0.0,0.0,0.0,55.2058163146303,14.934623623562302,False,True,True,False,False,8.62269323881015
2025-08-11 19:00:00+00:00,28.05,28.05,28.05,28.05,0.0,27.88703186321305,27.908081160365057,28.090451753548468,28.080391764607818,,28.07200766616041,28.023824423115173,"rgba(239, 83, 80, 1.0)",0.1692777450076423,28.023824423115173,0.1546309403143718,1,0.19046235324488597,0.19046235324488597,0.0,0.0,0.0,0.0,53.01185430627899,13.067695183210702,False,True,False,False,False,8.62269323881014
2025-08-12 14:00:00+00:00,28.07,28.07,28.07,28.07,0.0,27.88703186321305,27.908081160365057,28.090451753548468,28.080391764607818,,28.07200766616041,28.023824423115173,"rgba(239, 83, 80, 1.0)",0.16825409784418016,28.023824423115173,0.274439538034853,1,0.18988686447328842,0.18988686447328842,0.0,0.0,0.0,0.0,52.962625942872414,12.83045750458733,False,True,False,False,False,9.93200723254592
2025-08-12 15:00:00+00:00,28.07,28.07,28.07,28.07,0.0,27.88703186321305,27.908081160365057,28.090451753548468,28.080391764607818,,28.07200766616041,28.023824423115173,"rgba(239, 83, 80, 1.0)",0.16722030567651835,28.023824423115173,0.2761361827322141,1,0.18932900085862991,0.18932900085862991,0.0,0.0,0.0,0.0,52.9298070339347,12.285881262336034,False,True,True,False,False,9.93200723254592
2025-08-12 16:00:00+00:00,28.07,28.07,28.07,28.07,0.0,27.88703186321305,27.908081160365057,28.090451753548468,28.080391764607818,,28.07200766616041,28.023824423115173,"rgba(239, 83, 80, 1.0)",0.16617617916669103,28.023824423115173,0.27787121545567084,1,0.1887883589748108,0.1887883589748108,0.0,0.0,0.0,0.0,52.90792776130956,11.564422254516664,False,True,True,False,False,9.93200723254592
2025-08-12 17:00:00+00:00,28.07,28.07,28.07,28.07,0.0,27.88703186321305,27.908081160365057,28.090451753548468,28.080391764607818,,28.07200766616041,28.023824423115173,"rgba(239, 83, 80, 1.0)",0.165121522270826,28.023824423115173,0.27964602221321794,1,0.18833686665442037,0.18833686665442037,0.0,0.0,0.0,0.0,52.89334157955946,10.757303880688987,False,True,True,False,False,9.93200723254592
2025-08-12 18:00:00+00:00,28.07,28.07,28.07,28.07,0.0,27.88703186321305,27.908081160365057,28.090451753548468,28.080391764607818,,28.07200766616041,28.023824423115173,"rgba(239, 83, 80, 1.0)",0.16462712440545116,28.023824423115173,0.2804858376260309,0,,,0.0,0.0,0.0,0.0,52.88361745839273,9.926773076664091,False,True,True,False,False,9.93200723254592
2025-08-12 19:00:00+00:00,28.07,28.07,28.07,28.07,0.0,27.88703186321305,27.908081160365057,28.090451753548468,28.080391764607818,,28.07200766616041,28.023824423115173,"rgba(239, 83, 80, 1.0)",0.16558136727635417,28.023824423115173,0.27886940206116934,0,,,0.0,0.0,0.0,0.0,52.87713471094824,9.11389610220398,False,True,True,False,False,9.93200723254592
2025-08-13 14:00:00+00:00,28.07,28.07,28.07,28.07,0.0,27.88703186321305,27.908081160365057,28.090451753548468,28.080391764607818,,28.07200766616041,28.023824423115173,"rgba(239, 83, 80, 1.0)",0.16652321754608151,28.023824423115173,0.2772921251779784,0,,,0.0,0.0,0.0,0.0,52.87281287931858,8.344443692797057,False,True,True,False,False,9.93200723254592
2025-08-13 15:00:00+00:00,28.07,28.07,28.07,28.07,0.0,27.88703186321305,27.908081160365057,28.090451753548468,28.080391764607818,,28.07200766616041,28.023824423115173,"rgba(239, 83, 80, 1.0)",0.16745288432387773,28.023824423115173,0.27575265168629537,0,,,0.0,0.0,0.0,0.0,52.86993165823214,7.633301791502667,False,True,True,False,False,9.93200723254592
2025-08-13 16:00:00+00:00,28.07,28.07,28.07,28.07,0.0,27.88703186321305,27.908081160365057,28.090451753548468,28.080391764607818,,28.07200766616041,28.023824423115173,"rgba(239, 83, 80, 1.0)",0.1683705694251999,28.023824423115173,0.2742496924638701,0,,,0.0,0.0,0.0,0.0,52.86801084417451,6.987751418186896,False,True,True,False,False,9.93200723254591
2025-08-13 17:00:00+00:00,28.07,28.07,28.07,28.07,0.0,27.88703186321305,27.908081160365057,28.090451753548468,28.080391764607818,,28.07200766616041,28.023824423115173,"rgba(239, 83, 80, 1.0)",0.16927646771609997,28.023824423115173,0.27278202048893524,0,,,0.0,0.0,0.0,0.0,52.86673030146943,6.409886388866617,False,True,True,False,False,9.93200723254591
2025-08-13 18:00:00+00:00,28.07,28.07,28.07,28.07,0.0,27.88703186321305,27.908081160365057,28.090451753548468,28.080391764607818,,28.07200766616041,28.023824423115173,"rgba(239, 83, 80, 1.0)",0.1701707674367349,28.023824423115173,0.2713484670743737,0,,,0.0,0.0,0.0,0.0,52.86587660633271,5.898377748313955,False,True,True,False,False,9.93200723254591
2025-08-13 19:00:00+00:00,28.07,28.07,28.07,28.07,0.0,27.88703186321305,27.908081160365057,28.090451753548468,28.080391764607818,,28.07200766616041,28.023824423115173,"rgba(239, 83, 80, 1.0)",0.17101361833951856,28.023824423115173,0.27001110983544,0,,,0.0,0.0,0.0,0.0,52.86530747624156,5.449746320486469,False,True,True,False,False,9.93200723254591
2025-08-14 14:00:00+00:00,28.07,28.07,28.07,28.07,0.0,27.88703186321305,27.908081160365057,28.090451753548468,28.080391764607818,,28.07200766616041,28.023824423115173,"rgba(239, 83, 80, 1.0)",0.1717701166468996,28.023824423115173,0.26882194520336095,0,,,0.0,0.0,0.0,0.0,52.864928056180794,5.059267418110721,False,True,True,False,False,9.93200723254592
2025-08-14 15:00:00+00:00,28.07,28.07,28.07,28.07,0.0,27.88703186321305,27.908081160365057,28.090451753548468,28.080391764607818,,28.07200766616041,28.023824423115173,"rgba(239, 83, 80, 1.0)",0.17244139884596216,28.023824423115173,0.2677754715158355,0,,,0.0,0.0,0.0,0.0,52.864675109473616,4.721602522915482,False,True,True,False,False,9.93200723254592
2025-08-14 16:00:00+00:00,28.07,28.07,28.07,28.07,0.0,27.88703186321305,27.908081160365057,28.090451753548468,28.080391764607818,,28.07200766616041,28.023824423115173,"rgba(239, 83, 80, 1.0)",0.17302845675426531,28.023824423115173,0.2668669521245643,0,,,0.0,0.0,0.0,0.0,52.8645064783355,4.431230011321141,False,True,True,False,False,9.93200723254591
2025-08-14 17:00:00+00:00,28.07,28.07,28.07,28.07,0.0,27.88703186321305,27.908081160365057,28.090451753548468,28.080391764607818,,28.07200766616041,28.023824423115173,"rgba(239, 83, 80, 1.0)",0.17353214516429188,28.023824423115173,0.2660923533280301,0,,,0.0,0.0,0.0,0.0,52.86439405757675,4.182729407826862,False,True,True,False,False,9.93200723254592
2025-08-14 18:00:00+00:00,28.07,28.07,28.07,28.07,0.0,27.88703186321305,27.908081160365057,28.090451753548468,28.080391764607818,,28.07200766616041,28.023824423115173,"rgba(239, 83, 80, 1.0)",0.17395318827669365,28.023824423115173,0.2654482929705198,0,,,0.0,0.0,0.0,0.0,52.86431911040426,3.970960104410871,False,True,True,False,False,9.93200723254592
2025-08-14 19:00:00+00:00,28.07,28.07,28.07,28.07,0.0,27.88703186321305,27.908081160365057,28.090451753548468,28.080391764607818,,28.07200766616041,28.023824423115173,"rgba(239, 83, 80, 1.0)",0.17429218503903307,28.023824423115173,0.2649319983824097,0,,,0.0,0.0,0.0,0.0,52.86426914562259,3.791165108351265,False,True,True,False,False,9.93200723254592
2025-08-15 14:00:00+00:00,28.07,28.07,28.07,28.07,0.0,27.88703186321305,27.908081160365057,28.090451753548468,28.080391764607818,,28.07200766616041,28.023824423115173,"rgba(239, 83, 80, 1.0)",0.1745496134841954,28.023824423115173,0.264541272610774,0,,,0.0,0.0,0.0,0.0,52.86423583576815,3.63902247095524,False,True,True,False,False,9.93200723254592
2025-08-15 15:00:00+00:00,28.07,28.07,28.07,28.07,0.0,27.88703186321305,27.908081160365057,28.090451753548468,28.080391764607818,,28.07200766616041,28.023824423115173,"rgba(239, 83, 80, 1.0)",0.17472583414318332,28.023824423115173,0.26427446811893923,0,,,0.0,0.0,0.0,0.0,52.864213629198524,3.510661050008487,False,True,True,False,False,9.93200723254592
2025-08-15 16:00:00+00:00,28.07,28.07,28.07,28.07,0.0,27.88703186321305,27.908081160365057,28.090451753548468,28.080391764607818,,28.07200766616041,28.023824423115173,"rgba(239, 83, 80, 1.0)",0.17482109258990502,28.023824423115173,0.2641304673295135,0,,,0.0,0.0,0.0,0.0,52.86419882481877,3.4026527320329407,False,True,True,False,False,9.93200723254592
2025-08-15 17:00:00+00:00,28.07,28.42,28.07,28.42,400.0,27.89736641221374,27.91812568826768,28.098282600698912,28.100663787224367,28.303333333333335,28.090480468490053,28.30333333333333,"rgba(38, 166, 154, 1.0)",0.18306765352098303,28.30333333333333,0.6372871691027518,0,,,1.0,0.0,28.42,653.0,67.7097189973488,15.777367077871503,False,False,True,False,True,20.0
2025-08-15 18:00:00+00:00,28.42,28.42,28.42,28.42,0.0,27.89736641221374,27.91812568826768,28.098282600698912,28.100663787224367,28.303333333333335,28.090480468490053,28.30333333333333,"rgba(38, 166, 154, 1.0)",0.1905835514675971,28.30333333333333,0.6121549617911611,0,,,0.0,0.0,0.0,0.0,77.60673244570214,23.869878530320193,True,False,True,False,True,20.0
2025-08-15 19:00:00+00:00,28.42,28.42,28.42,28.42,0.0,27.89736641221374,27.91812568826768,28.098282600698912,28.100663787224367,28.303333333333335,28.090480468490053,28.30333333333333,"rgba(38, 166, 154, 1.0)",0.19745224077558282,28.30333333333333,0.5908601807121038,0,,,0.0,0.0,0.0,0.0,84.20474141127104,28.802679478568507,True,False,True,False,True,20.0
2025-08-18 14:00:00+00:00,28.42,28.42,28.35,28.35,100.0,27.900302123810107,27.92099947390572,28.100788986088325,28.106724457286802,28.317333333333337,28.096016833039737,28.325733333333336,"rgba(38, 166, 154, 1.0)",0.20175911067074362,28.325733333333336,0.12027544424631821,0,,,0.0,0.0,0.0,0.0,81.7198810825276,28.802679478568507,True,False,True,False,False,20.0
2025-08-18 15:00:00+00:00,28.35,28.35,28.35,28.35,100.0,27.90305880790371,27.92369081974069,28.103039401601343,28.112014205986807,28.32277777777778,28.10089268573623,28.328611111111115,"rgba(38, 166, 154, 1.0)",0.20570143674994343,28.328611111111115,0.10398026006443,0,,,0.0,0.0,0.0,0.0,80.06330753003198,28.802679478568507,True,False,True,False,False,20.0
2025-08-18 16:00:00+00:00,28.35,28.35,28.35,28.35,0.0,27.90305880790371,27.92369081974069,28.103039401601343,28.112014205986807,28.32277777777778,28.10089268573623,28.328611111111115,"rgba(38, 166, 154, 1.0)",0.20556825218456076,28.328611111111115,0.1040476273042537,0,,,0.0,0.0,0.0,0.0,78.95892516170156,28.802679478568507,True,False,True,False,False,20.0
2025-08-18 17:00:00+00:00,28.35,28.35,28.35,28.35,0.0,27.90305880790371,27.92369081974069,28.103039401601343,28.112014205986807,28.32277777777778,28.10089268573623,28.328611111111115,"rgba(38, 166, 154, 1.0)",0.20492776138750762,28.328611111111115,0.10437282261840918,0,,,0.0,0.0,0.0,0.0,78.22267024948128,35.46541211124736,True,False,True,False,False,20.0
2025-08-18 18:00:00+00:00,28.35,28.35,28.35,28.35,0.0,27.90305880790371,27.92369081974069,28.103039401601343,28.112014205986807,28.32277777777778,28.10089268573623,28.328611111111115,"rgba(38, 166, 154, 1.0)",0.20377518083474058,28.328611111111115,0.10496316971119347,0,,,0.0,0.0,0.0,0.0,77.73183364133443,34.681841922379945,True,False,True,False,False,20.0
2025-08-18 19:00:00+00:00,28.35,28.35,28.35,28.35,0.0,27.90305880790371,27.92369081974069,28.103039401601343,28.112014205986807,28.32277777777778,28.10089268573623,28.328611111111115,"rgba(38, 166, 154, 1.0)",0.20210174941603815,28.328611111111115,0.10583227978326773,0,,,0.0,0.0,0.0,0.0,77.4046092359032,33.92199013458884,True,False,True,False,False,20.0
2025-08-19 14:00:00+00:00,28.35,28.35,28.35,28.35,0.0,27.90305880790371,27.92369081974069,28.103039401601343,28.112014205986807,28.32277777777778,28.10089268573623,28.328611111111115,"rgba(38, 166, 154, 1.0)",0.1998943865286637,28.328611111111115,0.10700094815228327,0,,,0.0,0.0,0.0,0.0,77.18645963228238,33.18807873067237,True,False,True,False,False,20.0
2025-08-19 15:00:00+00:00,28.35,28.35,28.35,28.35,0.0,27.90305880790371,27.92369081974069,28.103039401601343,28.112014205986807,28.32277777777778,28.10089268573623,28.328611111111115,"rgba(38, 166, 154, 1.0)",0.19713515736715856,28.328611111111115,0.1084986015409206,0,,,0.0,0.0,0.0,0.0,77.04102656320183,32.48703665237505,True,False,True,False,False,20.0
2025-08-19 16:00:00+00:00,28.35,28.35,28.35,28.35,0.0,27.90305880790371,27.92369081974069,28.103039401601343,28.112014205986807,28.32277777777778,28.10089268573623,28.328611111111115,"rgba(38, 166, 154, 1.0)",0.1938004918222184,28.328611111111115,0.11036550365675528,0,,,0.0,0.0,0.0,0.0,76.9440711838148,31.826346641461072,True,False,True,False,False,20.0
2025-08-19 17:00:00+00:00,28.35,28.35,28.35,28.35,0.0,27.90305880790371,27.92369081974069,28.103039401601343,28.112014205986807,28.32277777777778,28.10089268573623,28.328611111111115,"rgba(38, 166, 154, 1.0)",0.19469930616137843,28.328611111111115,0.10985600981627343,0,,,0.0,0.0,0.0,0.0,76.87943426422345,31.21209223134575,True,False,True,False,False,20.0
2025-08-19 18:00:00+00:00,28.35,28.35,28.35,28.35,0.0,27.90305880790371,27.92369081974069,28.103039401601343,28.112014205986807,28.32277777777778,28.10089268573623,28.328611111111115,"rgba(38, 166, 154, 1.0)",0.19529446466254372,28.328611111111115,0.10952122440256891,0,,,0.0,0.0,0.0,0.0,76.83634298449587,30.648248566970693,True,False,True,False,False,20.0
2025-08-19 19:00:00+00:00,28.35,28.35,28.35,28.35,0.0,27.90305880790371,27.92369081974069,28.103039401601343,28.112014205986807,28.32277777777778,28.10089268573623,28.328611111111115,"rgba(38, 166, 154, 1.0)",0.1955887393355144,28.328611111111115,0.10935644332875091,0,,,0.0,0.0,0.0,0.0,76.8076154646775,30.13663604966078,True,False,True,False,False,20.0
2025-08-20 14:00:00+00:00,28.35,28.35,28.35,28.35,0.0,27.90305880790371,27.92369081974069,28.103039401601343,28.112014205986807,28.32277777777778,28.10089268573623,28.328611111111115,"rgba(38, 166, 154, 1.0)",0.19558348831330571,28.328611111111115,0.10935937932870436,0,,,0.0,0.0,0.0,0.0,76.78846378479858,29.677192315975844,True,False,True,False,False,20.0
2025-08-20 15:00:00+00:00,28.35,28.35,28.35,28.35,0.0,27.90305880790371,27.92369081974069,28.103039401601343,28.112014205986807,28.32277777777778,28.10089268573623,28.328611111111115,"rgba(38, 166, 154, 1.0)",0.1952786874332811,28.328611111111115,0.1095300729947488,0,,,0.0,0.0,0.0,0.0,76.77569599821263,29.26836525236554,True,False,True,False,False,20.0
2025-08-20 16:00:00+00:00,28.35,28.35,28.35,28.35,0.0,27.90305880790371,27.92369081974069,28.103039401601343,28.112014205986807,28.32277777777778,28.10089268573623,28.328611111111115,"rgba(38, 166, 154, 1.0)",0.19467292967808372,28.328611111111115,0.10987089434702219,0,,,0.0,0.0,0.0,0.0,76.76718414048867,28.907519872952278,True,False,True,False,False,20.0
2025-08-20 17:00:00+00:00,28.35,28.35,28.35,28.35,0.0,27.90305880790371,27.92369081974069,28.103039401601343,28.112014205986807,28.32277777777778,28.10089268573623,28.328611111111115,"rgba(38, 166, 154, 1.0)",0.19376339244591603,28.328611111111115,0.11038663505469003,0,,,0.0,0.0,0.0,0.0,76.7615095686727,28.591305875138204,True,False,True,False,False,20.0
2025-08-20 18:00:00+00:00,28.35,28.35,28.35,28.35,0.0,27.90305880790371,27.92369081974069,28.103039401601343,28.112014205986807,28.32277777777778,28.10089268573623,28.328611111111115,"rgba(38, 166, 154, 1.0)",0.19254577085402563,28.328611111111115,0.11108469842789502,0,,,0.0,0.0,0.0,0.0,76.75772652079537,28.315964047151212,True,False,True,False,False,20.0
2025-08-20 19:00:00+00:00,28.35,28.35,28.35,28.35,0.0,27.90305880790371,27.92369081974069,28.103039401601343,28.112014205986807,28.32277777777778,28.10089268573623,28.328611111111115,"rgba(38, 166, 154, 1.0)",0.19101417333357945,28.328611111111115,0.11197540222072067,0,,,0.0,0.0,0.0,0.0,76.75520448887715,28.07756709810039,True,False,True,False,False,20.0
2025-08-21 14:00:00+00:00,28.35,28.35,28.35,28.35,0.0,27.90305880790371,27.92369081974069,28.103039401601343,28.112014205986807,28.32277777777778,28.10089268573623,28.328611111111115,"rgba(38, 166, 154, 1.0)",0.18916097344264604,28.328611111111115,0.11307241921849787,0,,,0.0,0.0,0.0,0.0,76.75352313426501,27.872199427615655,True,False,True,False,False,20.0
2025-08-21 15:00:00+00:00,28.35,28.35,28.23,28.23,8.0,27.90323867001613,27.923864538918146,28.103159929014012,28.112288546414874,28.322083333333335,28.1011520030669,28.296241987179492,"rgba(239, 83, 80, 1.0)",0.18550801930137736,28.296241987179492,-0.3570842243314269,0,,,0.0,0.0,0.0,0.0,56.9743998460507,9.895882174330303,False,True,True,False,False,10.372363240055968
2025-08-21 16:00:00+00:00,28.23,28.23,28.23,28.23,0.0,27.90323867001613,27.923864538918146,28.103159929014012,28.112288546414874,28.322083333333335,28.1011520030669,28.296241987179492,"rgba(239, 83, 80, 1.0)",0.18158084591580131,28.296241987179492,-0.3648071295482784,1,0.2787988921990302,0.2787988921990302,0.0,0.0,0.0,0.0,43.78831765390783,-0.9346552293749326,False,True,False,True,False,10.372363240055968
2025-08-21 17:00:00+00:00,28.23,28.23,28.23,28.23,0.0,27.90323867001613,27.923864538918146,28.103159929014012,28.112288546414874,28.322083333333335,28.1011520030669,28.296241987179492,"rgba(239, 83, 80, 1.0)",0.17736123874427237,28.296241987179492,-0.37348626818626623,1,0.27922568983451157,0.27922568983451157,0.0,0.0,0.0,0.0,34.99759619247926,-7.549836964729252,False,True,False,True,False,10.372363240055968
2025-08-21 18:00:00+00:00,28.23,28.23,28.23,28.23,0.0,27.90323867001613,27.923864538918146,28.103159929014012,28.112288546414874,28.322083333333335,28.1011520030669,28.296241987179492,"rgba(239, 83, 80, 1.0)",0.17388253257595582,28.296241987179492,-0.38095826071865907,1,0.2797519740447651,0.2797519740447651,0.0,0.0,0.0,0.0,29.137115218193536,-11.730027090610534,False,True,False,True,False,10.372363240055968
2025-08-21 19:00:00+00:00,28.23,28.23,28.23,28.23,0.0,27.90323867001613,27.923864538918146,28.103159929014012,28.112288546414874,28.322083333333335,28.1011520030669,28.296241987179492,"rgba(239, 83, 80, 1.0)",0.17088777203335326,28.296241987179492,-0.3876344479847442,1,0.2803794232302364,0.2803794232302364,0.0,0.0,0.0,0.0,25.230127902003055,-14.536243839850968,False,True,False,True,False,10.372363240055968
2025-08-22 14:00:00+00:00,28.23,28.23,28.23,28.23,0.0,27.90323867001613,27.923864538918146,28.103159929014012,28.112288546414874,28.322083333333335,28.1011520030669,28.296241987179492,"rgba(239, 83, 80, 1.0)",0.16768449567560578,28.296241987179492,-0.3950394275427837,1,0.2811100604626674,0.2811100604626674,0.0,0.0,0.0,0.0,22.6254696912094,-16.58528819704307,False,True,False,True,False,10.372363240055968
2025-08-22 15:00:00+00:00,28.23,28.23,28.23,28.23,0.0,27.90323867001613,27.923864538918146,28.103159929014012,28.112288546414874,28.322083333333335,28.1011520030669,28.296241987179492,"rgba(239, 83, 80, 1.0)",0.16426050503211406,28.296241987179492,-0.403273977311472,1,0.28194627197070343,0.28194627197070343,0.0,0.0,0.0,0.0,20.88903088401363,-18.224059941684164,False,True,False,True,False,10.372363240055968
2025-08-22 16:00:00+00:00,28.23,28.23,28.23,28.23,0.0,27.90323867001613,27.923864538918146,28.103159929014012,28.112288546414874,28.322083333333335,28.1011520030669,28.296241987179492,"rgba(239, 83, 80, 1.0)",0.16060168399114635,28.296241987179492,-0.41246134868139667,1,0.2828908293588071,0.2828908293588071,0.0,0.0,0.0,0.0,19.731405012549782,-19.638892672938724,False,True,False,True,False,10.372363240055968
2025-08-22 17:00:00+00:00,28.23,28.23,28.23,28.23,0.0,27.90323867001613,27.923864538918146,28.103159929014012,28.112288546414874,28.322083333333335,28.1011520030669,28.296241987179492,"rgba(239, 83, 80, 1.0)",0.15669158322048718,28.296241987179492,-0.4227539591981777,1,0.28791794280896454,0.28791794280896454,0.0,0.0,0.0,0.0,18.959654431573885,-20.923268678663547,False,True,False,True,False,10.372363240055968
2025-08-22 18:00:00+00:00,28.23,28.23,28.23,28.23,0.0,27.90323867001613,27.923864538918146,28.103159929014012,28.112288546414874,28.322083333333335,28.1011520030669,28.296241987179492,"rgba(239, 83, 80, 1.0)",0.1525108768824626,28.296241987179492,-0.43434270744206144,1,0.2934609530564942,0.2934609530564942,0.0,0.0,0.0,0.0,18.44515404425662,-22.1190823746789,False,True,False,True,False,10.372363240055968
2025-08-22 19:00:00+00:00,28.23,28.51,28.23,28.51,200.0,27.909454129088225,27.929968107505566,28.108717573716238,28.12495249982664,28.34549504950495,28.11280105839641,28.413846153846144,"rgba(38, 166, 154, 1.0)",0.1529313571504851,28.413846153846144,0.6287385919111512,1,0.2945914257051957,0.2945914257051957,0.0,0.0,0.0,0.0,41.61593054867468,-19.32343962202225,False,True,False,True,True,20.0
2025-08-25 14:00:00+00:00,28.51,28.51,28.51,28.51,0.0,27.909454129088225,27.929968107505566,28.108717573716238,28.12495249982664,28.34549504950495,28.11280105839641,28.413846153846144,"rgba(38, 166, 154, 1.0)",0.15283801706168484,28.413846153846144,0.6291225704338341,2,0.36312460140493846,0.7262492028098769,0.0,0.0,0.0,0.0,57.06311488495339,-5.9457071299083,False,True,True,False,True,20.0
2025-08-25 15:00:00+00:00,28.51,28.51,28.51,28.51,0.0,27.909454129088225,27.929968107505566,28.108717573716238,28.12495249982664,28.34549504950495,28.11280105839641,28.413846153846144,"rgba(38, 166, 154, 1.0)",0.15222991146891449,28.413846153846144,0.6316356964675243,2,0.365813217078925,0.73162643415785,0.0,0.0,0.0,0.0,67.36123777580588,2.5185071721879524,False,False,True,False,True,20.0
2025-08-25 16:00:00+00:00,28.51,28.51,28.51,28.51,0.0,27.909454129088225,27.929968107505566,28.108717573716238,28.12495249982664,28.34549504950495,28.11280105839641,28.413846153846144,"rgba(38, 166, 154, 1.0)",0.15110082547539652,28.413846153846144,0.636355531820135,2,0.36921337992904774,0.7384267598580955,0.0,0.0,0.0,0.0,74.22665303637419,8.117388634040168,True,False,True,False,True,20.0
2025-08-25 17:00:00+00:00,28.51,28.51,28.51,28.51,0.0,27.909454129088225,27.929968107505566,28.108717573716238,28.12495249982664,28.34549504950495,28.11280105839641,28.413846153846144,"rgba(38, 166, 154, 1.0)",0.15378995855138763,28.413846153846144,0.6252283768041225,2,0.3733833449351687,0.7467666898703375,0.0,0.0,0.0,0.0,78.80359654341973,12.07042673529621,True,False,True,False,True,20.0
2025-08-25 18:00:00+00:00,28.51,28.67,28.51,28.55,188.0,27.91696121850499,27.937410524812268,28.116387532693977,28.141953953953955,28.38912985274431,28.12835979779959,28.496278038113093,"rgba(38, 166, 154, 1.0)",0.15724806820702278,28.496278038113093,0.3416382948258573,2,0.3704251953320987,0.7408503906641974,0.0,0.0,0.0,0.0,82.57847305070864,15.737842924475885,True,False,True,False,True,20.0
2025-08-25 19:00:00+00:00,28.55,28.65,28.55,28.65,88.0,27.92062699688436,27.94104998782269,28.120196544961633,28.150172470325924,28.40760147601476,28.135907840037476,28.518628050861015,"rgba(38, 166, 154, 1.0)",0.16376790872393987,28.518628050861015,0.8021837132965709,2,0.3644389261071813,0.7288778522143626,0.0,0.0,0.0,0.0,86.20206978836646,19.60393058982733,True,False,True,False,True,20.0
2025-08-26 14:00:00+00:00,28.65,28.65,28.65,28.65,0.0,27.92062699688436,27.94104998782269,28.120196544961633,28.150172470325924,28.40760147601476,28.135907840037476,28.518628050861015,"rgba(38, 166, 154, 1.0)",0.16965603782670158,28.518628050861015,0.7743429047492927,2,0.35927034790073076,0.7185406958014615,0.0,0.0,0.0,0.0,88.617800946805,22.597208394087502,True,False,True,False,True,20.0
2025-08-26 15:00:00+00:00,28.65,28.65,28.65,28.65,0.0,27.92062699688436,27.94104998782269,28.120196544961633,28.150172470325924,28.40760147601476,28.135907840037476,28.518628050861015,"rgba(38, 166, 154, 1.0)",0.17497624034299045,28.518628050861015,0.7507987877752269,2,0.35483255051195894,0.7096651010239179,0.0,0.0,0.0,0.0,90.22828838576405,25.057100644585176,True,False,True,False,True,20.0
2025-08-26 16:00:00+00:00,28.65,28.65,28.32,28.32,100.0,27.923641573454848,27.944009017187113,28.122853977240226,28.155571419383882,28.40949324324324,28.140984521549,28.502593707158052,"rgba(239, 83, 80, 1.0)",0.1737682001612214,28.502593707158052,-1.0507889647740047,2,0.3585454283923709,0.7170908567847418,0.0,0.0,0.0,0.0,72.22245551357754,38.04375995294318,True,False,True,False,False,6.681482093745213
2025-08-26 17:00:00+00:00,28.32,28.32,28.32,28.32,0.0,27.923641573454848,27.944009017187113,28.122853977240226,28.155571419383882,28.40949324324324,28.140984521549,28.502593707158052,"rgba(239, 83, 80, 1.0)",0.17247556296386568,28.502593707158052,-1.0586642189786968,3,0.5135181113774813,1.5405543341324437,0.0,0.0,0.0,0.0,60.21856693211987,27.023482738896178,False,False,True,False,False,6.681482093745213
2025-08-26 18:00:00+00:00,28.32,28.32,28.32,28.32,0.0,27.923641573454848,27.944009017187113,28.122853977240226,28.155571419383882,28.40949324324324,28.140984521549,28.502593707158052,"rgba(239, 83, 80, 1.0)",0.17109641136465784,28.502593707158052,-1.067197761201957,3,0.5197572174591266,1.55927165237738,0.0,0.0,0.0,0.0,52.21597454448142,19.778464232893356,False,True,False,False,False,6.681482093745213
2025-08-26 19:00:00+00:00,28.32,28.32,28.32,28.32,0.0,27.923641573454848,27.944009017187113,28.122853977240226,28.155571419383882,28.40949324324324,28.140984521549,28.502593707158052,"rgba(239, 83, 80, 1.0)",0.16962863518214066,28.502593707158052,-1.0764320950999213,3,0.5265542740299417,1.579662822089825,0.0,0.0,0.0,0.0,46.880912952722454,14.759256497020601,False,True,False,True,False,6.681482093745213
2025-08-27 14:00:00+00:00,28.32,28.32,28.32,28.32,0.0,27.923641573454848,27.944009017187113,28.122853977240226,28.155571419383882,28.40949324324324,28.140984521549,28.502593707158052,"rgba(239, 83, 80, 1.0)",0.16977006177107823,28.502593707158052,-1.0755353756321615,3,0.5339639337498413,1.6018918012495238,0.0,0.0,0.0,0.0,43.324205224883144,11.045232267960486,False,True,False,True,False,6.681482093745213
2025-08-27 15:00:00+00:00,28.32,28.32,28.32,28.32,0.0,27.923641573454848,27.944009017187113,28.122853977240226,28.155571419383882,28.40949324324324,28.140984521549,28.502593707158052,"rgba(239, 83, 80, 1.0)",0.16990967393641565,28.502593707158052,-1.0746516247590643,3,0.5420498533415524,1.6261495600246572,0.0,0.0,0.0,0.0,40.95306673965694,8.101683988752484,False,True,False,True,False,6.681482093745213
2025-08-27 16:00:00+00:00,28.32,28.32,28.23,28.23,71.0,27.92504901382995,27.945360952094,28.123684173132116,28.156982616419235,28.401035856573703,28.14242553433379,28.46477527852424,"rgba(239, 83, 80, 1.0)",0.16991391567090844,28.46477527852424,-1.3817307287471092,3,0.5519406204907589,1.6558218614722766,0.0,0.0,0.0,0.0,36.31876253747129,2.8785232486732255,False,True,False,True,False,0.5475676839196559
2025-08-27 17:00:00+00:00,28.23,28.23,28.23,28.23,0.0,27.92504901382995,27.945360952094,28.123684173132116,28.156982616419235,28.401035856573703,28.14242553433379,28.46477527852424,"rgba(239, 83, 80, 1.0)",0.1682316078320465,28.46477527852424,-1.3955479683617265,3,0.5626686921073224,1.688006076321967,0.0,0.0,0.0,0.0,33.22922640268085,-0.941317885338151,False,True,False,True,False,0.5475676839196559
2025-08-27 18:00:00+00:00,28.23,28.23,28.23,28.23,0.0,27.92504901382995,27.945360952094,28.123684173132116,28.156982616419235,28.401035856573703,28.14242553433379,28.46477527852424,"rgba(239, 83, 80, 1.0)",0.16649724722413495,28.46477527852424,-1.4100850460800103,3,0.574340491736896,1.7230214752106883,0.0,0.0,0.0,0.0,31.169535646153893,-3.8956129941930513,False,True,False,True,False,0.5475676839196559
2025-08-27 19:00:00+00:00,28.23,28.24,28.23,28.24,100.0,27.926874755878444,27.947105820105815,28.12463930453405,28.15847092516498,28.388905289052886,28.144005700871897,28.402479995601027,"rgba(239, 83, 80, 1.0)",0.1646862154202066,28.402479995601027,-0.9866034943267793,3,0.5845882821501553,1.753764846450466,0.0,0.0,0.0,0.0,30.73216554847685,-5.4591869219784,False,True,False,True,False,1.20181066523514
2025-08-28 14:00:00+00:00,28.24,28.24,28.24,28.24,0.0,27.926874755878444,27.947105820105815,28.12463930453405,28.15847092516498,28.388905289052886,28.144005700871897,28.402479995601027,"rgba(239, 83, 80, 1.0)",0.16281509990365656,28.402479995601027,-0.997941810662363,3,0.5939277580198911,1.781783274059673,0.0,0.0,0.0,0.0,30.440585483358824,-6.994725333035731,False,True,False,True,False,1.20181066523514
2025-08-28 15:00:00+00:00,28.24,28.24,28.24,28.24,0.0,27.926874755878444,27.947105820105815,28.12463930453405,28.15847092516498,28.388905289052886,28.144005700871897,28.402479995601027,"rgba(239, 83, 80, 1.0)",0.16088180430003765,28.402479995601027,-1.0099339468993669,3,0.6039854728335778,1.8119564185007335,0.0,0.0,0.0,0.0,30.246198773280142,-8.46839428085191,False,True,False,True,False,1.20181066523514
2025-08-28 16:00:00+00:00,28.24,28.24,28.24,28.24,0.0,27.926874755878444,27.947105820105815,28.12463930453405,28.15847092516498,28.388905289052886,28.144005700871897,28.402479995601027,"rgba(239, 83, 80, 1.0)",0.15888405881026751,28.402479995601027,-1.0226324580180517,3,0.6148419402077029,1.8445258206231085,0.0,0.0,0.0,0.0,30.116607633227687,-9.855183216885841,False,True,False,True,False,1.20181066523514
2025-08-28 17:00:00+00:00,28.24,28.24,28.24,28.24,0.0,27.926874755878444,27.947105820105815,28.12463930453405,28.15847092516498,28.388905289052886,28.144005700871897,28.402479995601027,"rgba(239, 83, 80, 1.0)",0.15718618099367282,28.402479995601027,-1.0336786260337276,3,0.626591313863197,1.8797739415895909,0.0,0.0,0.0,0.0,30.030213539859382,-11.138672856340918,False,True,False,True,False,1.20181066523514
2025-08-28 18:00:00+00:00,28.24,28.24,28.24,28.24,0.0,27.926874755878444,27.947105820105815,28.12463930453405,28.15847092516498,28.388905289052886,28.144005700871897,28.402479995601027,"rgba(239, 83, 80, 1.0)",0.15543626485576775,28.402479995601027,-1.0453158775514633,3,0.6393444802842374,1.9180334408527122,0.0,0.0,0.0,0.0,29.972617477613845,-12.30989500600942,False,True,False,True,False,1.20181066523514
2025-08-28 19:00:00+00:00,28.24,28.24,28.24,28.24,0.0,27.926874755878444,27.947105820105815,28.12463930453405,28.15847092516498,28.388905289052886,28.144005700871897,28.402479995601027,"rgba(239, 83, 80, 1.0)",0.15363253221513556,28.402479995601027,-1.0575884759453398,3,0.6532330543354042,1.9596991630062126,0.0,0.0,0.0,0.0,29.934220102783485,-13.365872839962513,False,True,False,True,False,1.20181066523514
2025-08-29 14:00:00+00:00,28.24,28.24,28.24,28.24,0.0,27.926874755878444,27.947105820105815,28.12463930453405,28.15847092516498,28.388905289052886,28.144005700871897,28.402479995601027,"rgba(239, 83, 80, 1.0)",0.15177306435248167,28.402479995601027,-1.0705456616707747,3,0.6684146066226179,2.0052438198678537,0.0,0.0,0.0,0.0,29.90862185289658,-14.308159040989437,False,True,False,True,False,1.20181066523514
2025-08-29 15:00:00+00:00,28.24,28.24,28.24,28.24,0.0,27.926874755878444,27.947105820105815,28.12463930453405,28.15847092516498,28.388905289052886,28.144005700871897,28.402479995601027,"rgba(239, 83, 80, 1.0)",0.14985578653037063,28.402479995601027,-1.084242386383254,3,0.6850795976860836,2.0552387930582507,0.0,0.0,0.0,0.0,29.891556352971975,-15.141527043895756,False,True,False,True,False,1.20181066523514
2025-08-29 16:00:00+00:00,28.24,28.28,28.24,28.28,5.0,27.926974267361715,27.94720149700598,28.12469931271477,28.15857187286185,28.38845588235294,28.14410844920981,28.393082039614114,"rgba(38, 166, 154, 1.0)",0.14778874623391489,28.393082039614114,-0.7651600172257427,3,0.7031588531689682,2.1094765595069047,0.0,0.0,0.0,0.0,37.072858502653816,-17.891078049413053,False,True,False,True,True,4.187175476164171
2025-08-29 17:00:00+00:00,28.28,28.28,28.28,28.28,0.0,27.926974267361715,27.94720149700598,28.12469931271477,28.15857187286185,28.38845588235294,28.14410844920981,28.393082039614114,"rgba(38, 166, 154, 1.0)",0.1456378329221397,28.393082039614114,-0.7764606033005771,3,0.7232831918818011,2.1698495756454035,0.0,0.0,0.0,0.0,41.86039326910837,-13.381832064839422,False,True,False,True,True,4.187175476164171
2025-08-29 18:00:00+00:00,28.28,28.28,28.28,28.28,0.0,27.926974267361715,27.94720149700598,28.12469931271477,28.15857187286185,28.38845588235294,28.14410844920981,28.393082039614114,"rgba(38, 166, 154, 1.0)",0.14339927249198225,28.393082039614114,-0.7885816828006283,3,0.7293077351000624,2.187923205300187,0.0,0.0,0.0,0.0,45.05208311341141,-10.477727012012565,False,False,False,True,True,4.187175476164171
2025-08-29 19:00:00+00:00,28.28,28.28,28.28,28.28,0.0,27.926974267361715,27.94720149700598,28.12469931271477,28.15857187286185,28.38845588235294,28.14410844920981,28.393082039614114,"rgba(38, 166, 154, 1.0)",0.1410688925040194,28.393082039614114,-0.8016086155272767,3,0.7356753790771536,2.207026137231461,0.0,0.0,0.0,0.0,47.17987634294677,-8.525574966958544,False,False,False,False,True,4.187175476164171
2025-09-01 14:00:00+00:00,28.28,28.28,28.28,28.28,0.0,27.926974267361715,27.94720149700598,28.12469931271477,28.15857187286185,28.38845588235294,28.14410844920981,28.393082039614114,"rgba(38, 166, 154, 1.0)",0.13864206295889966,28.393082039614114,-0.8156401975036704,3,0.7411392173330472,2.2234176519991418,0.0,0.0,0.0,0.0,48.59840516263701,-7.133091334909167,False,False,False,False,True,4.187175476164171
2025-09-01 15:00:00+00:00,28.28,28.28,28.28,28.28,0.0,27.926974267361715,27.94720149700598,28.12469931271477,28.15857187286185,28.38845588235294,28.14410844920981,28.393082039614114,"rgba(38, 166, 154, 1.0)",0.13611362502995986,28.393082039614114,-0.830791477261904,3,0.7468949311170254,2.2406847933510763,0.0,0.0,0.0,0.0,49.5440910424305,-6.069383103283336,False,False,False,False,True,4.187175476164171
2025-09-01 16:00:00+00:00,28.28,28.28,28.28,28.28,0.0,27.926974267361715,27.94720149700598,28.12469931271477,28.15857187286185,28.38845588235294,28.14410844920981,28.393082039614114,"rgba(38, 166, 154, 1.0)",0.13347780461260836,28.393082039614114,-0.8471973294909246,3,0.7529592906469085,2.2588778719407254,0.0,0.0,0.0,0.0,50.17454829562617,-5.2018983044059794,False,False,False,False,True,4.187175476164171
2025-09-01 17:00:00+00:00,28.28,28.28,28.28,28.28,0.0,27.926974267361715,27.94720149700598,28.12469931271477,28.15857187286185,28.38845588235294,28.14410844920981,28.393082039614114,"rgba(38, 166, 154, 1.0)",0.1307281065330439,28.393082039614114,-0.8650170388992033,3,0.7593506663655095,2.2780519990965287,0.0,0.0,0.0,0.0,50.59485313108994,-4.4568684592510195,False,False,False,False,True,4.187175476164171
2025-09-01 18:00:00+00:00,28.28,28.28,28.28,28.28,0.0,27.926974267361715,27.94720149700598,28.12469931271477,28.15857187286185,28.38845588235294,28.14410844920981,28.393082039614114,"rgba(38, 166, 154, 1.0)",0.12785718383937683,28.393082039614114,-0.8844402498038344,3,0.7660892193660577,2.298267658098173,0.0,0.0,0.0,0.0,50.87505635473246,-3.794792688156754,False,False,False,False,True,4.187175476164171
2025-09-01 19:00:00+00:00,28.28,28.28,28.28,28.28,0.0,27.926974267361715,27.94720149700598,28.12469931271477,28.15857187286185,28.38845588235294,28.14410844920981,28.393082039614114,"rgba(38, 166, 154, 1.0)",0.12485667458756718,28.393082039614114,-0.9056947895469064,3,0.7731971207623948,2.319591362287184,0.0,0.0,0.0,0.0,51.061858503827466,-3.1954783618865576,False,False,False,False,True,4.187175476164171
2025-09-02 14:00:00+00:00,28.345,28.355,28.345,28.355,12.0,27.927272558774746,27.947491921972226,28.124929230682643,28.15900328926953,28.38813411078717,28.14452488435602,28.392708467477796,"rgba(38, 166, 154, 1.0)",0.12175196318916831,28.392708467477796,-0.30971547801005134,3,0.7790704286126863,2.337211285838059,0.0,0.0,0.0,0.0,61.74014199684446,6.84927804984941,True,False,True,False,True,10.202391081616135
2025-09-02 15:00:00+00:00,28.355,28.355,28.355,28.355,0.0,27.927272558774746,27.947491921972226,28.124929230682643,28.15900328926953,28.38813411078717,28.14452488435602,28.392708467477796,"rgba(38, 166, 154, 1.0)",0.11844248233424225,28.392708467477796,-0.3183694459508449,3,0.7774723898771766,2.3324171696315297,0.0,0.0,0.0,0.0,68.85899765885578,13.046425371519554,True,False,True,False,True,10.202391081616124
2025-09-02 16:00:00+00:00,28.355,28.355,28.26,28.28,613.0,27.940124872866985,27.959905531505527,28.1334609519223,28.17327623663101,28.36040218303946,28.158823425336166,28.339839041873056,"rgba(239, 83, 80, 1.0)",0.11494052516062252,28.339839041873056,-0.5206087390799117,3,0.7774723898771766,2.3324171696315297,0.0,0.0,0.0,0.0,61.08253406074087,18.030143154213505,True,False,True,False,False,3.278801769752114
2025-09-02 17:00:00+00:00,28.28,28.28,28.28,28.28,40.0,27.940891306798957,27.96064286399846,28.133929914393146,28.1739848937583,28.358813991769544,28.1595540649181,28.337931971913626,"rgba(239, 83, 80, 1.0)",0.11125706779800655,28.337931971913626,-0.5207037454807261,3,0.7774723898771766,2.3324171696315297,0.0,0.0,0.0,0.0,55.89822499533093,13.812784187532941,False,False,True,False,False,3.278801769752114
2025-09-02 18:00:00+00:00,28.28,28.285,28.28,28.285,124.0,27.94326857761355,27.962930794594694,28.13539755472814,28.176190360008672,28.354458662944,28.16182524415508,28.333142800553183,"rgba(239, 83, 80, 1.0)",0.1073460347243715,28.333142800553183,-0.4484823373010258,3,0.7853839605405294,2.3561518816215883,0.0,0.0,0.0,0.0,53.109161891329784,11.60489308943064,False,False,False,False,False,3.681093201809386
2025-09-02 19:00:00+00:00,28.285,28.29,28.28,28.28,620.0,27.954676441943512,27.97390045465422,28.14232349165597,28.18600546690307,28.33853316480077,28.17203600795157,28.31815206266099,"rgba(239, 83, 80, 1.0)",0.10323671740080825,28.31815206266099,-0.36955904470369183,3,0.7937894780183772,2.3813684340551315,0.0,0.0,0.0,0.0,50.62086395636964,9.397545783817733,False,False,False,False,False,3.233319145842252
2025-09-03 14:00:00+00:00,28.28,28.28,28.28,28.28,0.0,27.954676441943512,27.97390045465422,28.14232349165597,28.18600546690307,28.33853316480077,28.17203600795157,28.31815206266099,"rgba(239, 83, 80, 1.0)",0.10283153370537189,28.31815206266099,-0.3710152059999339,3,0.802679667998024,2.4080390039940722,0.0,0.0,0.0,0.0,48.96199866639621,7.733308152525957,False,False,False,True,False,3.233319145842252
2025-09-03 15:00:00+00:00,28.28,28.28,28.28,28.28,0.0,27.954676441943512,27.97390045465422,28.14232349165597,28.18600546690307,28.33853316480077,28.17203600795157,28.31815206266099,"rgba(239, 83, 80, 1.0)",0.10239026206451794,28.31815206266099,-0.3726141714233273,3,0.8120917286959447,2.436275186087834,0.0,0.0,0.0,0.0,47.85608847308059,6.383698300652966,False,True,False,True,False,3.233319145842252
2025-09-03 16:00:00+00:00,28.28,28.28,28.28,28.28,0.0,27.954676441943512,27.97390045465422,28.14232349165597,28.18600546690307,28.33853316480077,28.17203600795157,28.31815206266099,"rgba(239, 83, 80, 1.0)",0.1019124337066838,28.31815206266099,-0.3743612165203895,3,0.8220672262023411,2.4662016786070233,0.0,0.0,0.0,0.0,47.11881501087017,5.223080010083976,False,True,False,True,False,3.233319145842252
2025-09-03 17:00:00+00:00,28.28,28.28,28.28,28.28,0.0,27.954676441943512,27.97390045465422,28.14232349165597,28.18600546690307,28.33853316480077,28.17203600795157,28.31815206266099,"rgba(239, 83, 80, 1.0)",0.1019848072056621,28.31815206266099,-0.3740955511545011,3,0.8326527640504614,2.497958292151384,0.0,0.0,0.0,0.0,46.62729936939656,4.185604642639689,False,True,False,True,False,3.233319145842252
2025-09-03 18:00:00+00:00,28.28,28.28,28.28,28.28,0.0,27.954676441943512,27.97390045465422,28.14232349165597,28.18600546690307,28.33853316480077,28.17203600795157,28.31815206266099,"rgba(239, 83, 80, 1.0)",0.10204847814527736,28.31815206266099,-0.3738621423307655,3,0.8419360025550485,2.5258080076651455,0.0,0.0,0.0,0.0,46.29962227508082,3.23894882220457,False,True,False,True,False,3.233319145842252
2025-09-03 19:00:00+00:00,28.28,28.33,28.28,28.33,267.0,27.959783988479384,27.9788323537948,28.145703182827532,28.19083795309168,28.336316974088714,28.17697078700676,28.31810930731059,"rgba(38, 166, 154, 1.0)",0.10199885178589535,28.31810930731059,0.11657673082799737,3,0.8510848878723888,2.5532546636171665,0.0,0.0,0.0,0.0,54.1603160773147,-2.8913604034310794,False,False,True,False,True,7.565571708474007
2025-09-04 14:00:00+00:00,28.33,28.33,28.33,28.33,0.0,27.959783988479384,27.9788323537948,28.145703182827532,28.19083795309168,28.336316974088714,28.17697078700676,28.31810930731059,"rgba(38, 166, 154, 1.0)",0.10194849432615866,28.31810930731059,0.11663431390529251,3,0.8608678863095657,2.582603658928697,0.0,0.0,0.0,0.0,59.40077861213728,2.0352189796209714,True,False,True,False,True,7.565571708474007
2025-09-04 15:00:00+00:00,28.33,28.33,28.29,28.29,100.0,27.961606628114662,27.98058869163599,28.14686137643889,28.19241462275169,28.33526519982993,28.178602324080053,28.3175942320806,"rgba(38, 166, 154, 1.0)",0.1019522057246808,28.3175942320806,-0.2706585098817763,3,0.8718990085805397,2.615697025741619,0.0,0.0,0.0,0.0,55.648923005401045,2.0352189796209714,True,False,True,False,False,3.6126242999483047
2025-09-04 16:00:00+00:00,28.29,28.29,28.29,28.29,0.0,27.961606628114662,27.98058869163599,28.14686137643889,28.19241462275169,28.33526519982993,28.178602324080053,28.3175942320806,"rgba(38, 166, 154, 1.0)",0.10194955473952387,28.3175942320806,-0.2706655477908101,4,0.7157229710519784,2.8628918842079134,0.0,0.0,0.0,0.0,53.147685934243555,2.0352189796209714,True,False,True,False,False,3.6126242999483047
2025-09-04 17:00:00+00:00,28.29,28.32,28.29,28.32,592.0,27.972215592476378,27.990815852038313,28.153661690841663,28.20142336396186,28.33125312947067,28.187932709607775,28.316559587871176,"rgba(38, 166, 154, 1.0)",0.10188617567005001,28.316559587871176,0.033767212344550296,4,0.7255803406814435,2.902321362725774,0.0,0.0,0.0,0.0,55.420280959940115,2.0352189796209714,True,False,True,False,False,6.185456081286777
2025-09-04 18:00:00+00:00,28.32,28.32,28.305,28.305,33.0,27.97278799082537,27.991367293160913,28.154024118955622,28.201885094501716,28.331066648940883,28.188413978494626,28.31650758981359,"rgba(38, 166, 154, 1.0)",0.10183284307041361,28.31650758981359,-0.11300469933489761,4,0.7363091993279014,2.9452367973116056,0.0,0.0,0.0,0.0,54.663668741635114,2.0352189796209714,True,False,True,False,False,4.7195745415098465
2025-09-04 19:00:00+00:00,28.305,28.305,28.305,28.305,0.0,27.97278799082537,27.991367293160913,28.154024118955622,28.201885094501716,28.331066648940883,28.188413978494626,28.31650758981359,"rgba(38, 166, 154, 1.0)",0.10177589760453577,28.31650758981359,-0.11306792751958054,4,0.7477972241553613,2.9911888966214453,0.0,0.0,0.0,0.0,54.15926059609845,2.0352189796209714,True,False,True,False,False,4.7195745415098465
2025-09-05 14:00:00+00:00,28.305,28.41,28.305,28.41,1.0,27.972808643560114,27.991387376539972,28.154039641285,28.20190740024911,28.331078327130957,28.188436268068333,28.318638746083195,"rgba(38, 166, 154, 1.0)",0.10226810727514857,28.318638746083195,0.8933503938916251,4,0.7567533189639836,3.0270132758559343,0.0,0.0,0.0,0.0,61.65794134741036,4.32397439333873,True,False,True,False,True,12.893049478562702
2025-09-05 15:00:00+00:00,28.41,28.41,28.41,28.41,0.0,27.972808643560114,27.991387376539972,28.154039641285,28.20190740024911,28.331078327130957,28.188436268068333,28.318638746083195,"rgba(38, 166, 154, 1.0)",0.10275164670591097,28.318638746083195,0.8891463723038243,5,0.7637070133365245,3.8185350666826223,0.0,0.0,0.0,0.0,66.65706184828497,8.984067619077074,True,False,True,False,True,12.893049478562702
2025-09-05 16:00:00+00:00,28.41,28.41,28.41,28.41,0.0,27.972808643560114,27.991387376539972,28.154039641285,28.20190740024911,28.331078327130957,28.188436268068333,28.318638746083195,"rgba(38, 166, 154, 1.0)",0.10322663773762132,28.318638746083195,0.8850550198973303,5,0.7745869007109258,3.872934503554629,0.0,0.0,0.0,0.0,69.98980884886804,12.073482232682949,True,False,True,False,True,12.893049478562702
2025-09-05 17:00:00+00:00,28.41,28.41,28.41,28.41,0.0,27.972808643560114,27.991387376539972,28.154039641285,28.20190740024911,28.331078327130957,28.188436268068333,28.318638746083195,"rgba(38, 166, 154, 1.0)",0.10369319784419115,28.318638746083195,0.8810727783136159,6,0.6723041618698958,4.033824971219375,0.0,0.0,0.0,0.0,72.21164018259009,14.23405077001479,True,False,True,False,True,12.893049478562702
2025-09-05 18:00:00+00:00,28.41,28.41,28.41,28.41,0.0,27.972808643560114,27.991387376539972,28.154039641285,28.20190740024911,28.331078327130957,28.188436268068333,28.318638746083195,"rgba(38, 166, 154, 1.0)",0.10415144032800379,28.318638746083195,0.8771962598796641,6,0.683661553863285,4.10196932317971,0.0,0.0,0.0,0.0,73.69286107173812,15.847044957061286,True,False,True,False,True,12.893049478562702
2025-09-05 19:00:00+00:00,28.41,28.41,28.41,28.41,0.0,27.972808643560114,27.991387376539972,28.154039641285,28.20190740024911,28.331078327130957,28.188436268068333,28.318638746083195,"rgba(38, 166, 154, 1.0)",0.10460147450367799,28.318638746083195,0.8734222375956326,7,0.6112099659512458,4.27846976165872,0.0,0.0,0.0,0.0,74.68034166450347,17.133945045792203,True,False,True,False,True,12.893049478562702
2025-09-08 14:00:00+00:00,28.41,28.41,28.41,28.41,0.0,27.972808643560114,27.991387376539972,28.154039641285,28.20190740024911,28.331078327130957,28.188436268068333,28.318638746083195,"rgba(38, 166, 154, 1.0)",0.1050434058710596,28.318638746083195,0.8697476358387555,7,0.6234684980944729,4.36427948666131,0.0,0.0,0.0,0.0,75.33866205968037,18.219917743617827,True,False,True,False,True,12.893049478562702
2025-09-08 15:00:00+00:00,28.41,28.41,28.41,28.41,0.0,27.972808643560114,27.991387376539972,28.154039641285,28.20190740024911,28.331078327130957,28.188436268068333,28.318638746083195,"rgba(38, 166, 154, 1.0)",0.10547733627819499,28.318638746083195,0.8661695217239931,7,0.6371176016740893,4.459823211718625,0.0,0.0,0.0,0.0,75.77754232313164,19.173357227061643,True,False,True,False,True,12.893049478562702
2025-09-08 16:00:00+00:00,28.41,28.41,28.41,28.41,0.0,27.972808643560114,27.991387376539972,28.154039641285,28.20190740024911,28.331078327130957,28.188436268068333,28.318638746083195,"rgba(38, 166, 154, 1.0)",0.1059033640749783,28.318638746083195,0.8626850970675708,7,0.6523720935095615,4.56660465456693,0.0,0.0,0.0,0.0,76.07012916543249,20.030170689770443,True,False,True,False,True,12.893049478562702
2025-09-08 17:00:00+00:00,28.41,28.41,28.41,28.41,0.0,27.972808643560114,27.991387376539972,28.154039641285,28.20190740024911,28.331078327130957,28.188436268068333,28.318638746083195,"rgba(38, 166, 154, 1.0)",0.10632158425810856,28.318638746083195,0.85929169090459,7,0.6694992944599162,4.686495061219413,0.0,0.0,0.0,0.0,76.26518706029972,20.808426171238523,True,False,True,False,True,12.893049478562702
2025-09-08 18:00:00+00:00,28.41,28.41,28.41,28.41,0.0,27.972808643560114,27.991387376539972,28.154039641285,28.20190740024911,28.331078327130957,28.188436268068333,28.318638746083195,"rgba(38, 166, 154, 1.0)",0.1061643719604107,28.318638746083195,0.8605641631909627,7,0.6888364472756201,4.8218551309293405,0.0,0.0,0.0,0.0,76.39522565687787,21.51697779914585,True,False,True,False,True,12.893049478562713
2025-09-08 19:00:00+00:00,28.41,28.41,28.41,28.41,0.0,27.972808643560114,27.991387376539972,28.154039641285,28.20190740024911,28.331078327130957,28.188436268068333,28.318638746083195,"rgba(38, 166, 154, 1.0)",0.10595184185594472,28.318638746083195,0.8622903794444878,7,0.7108157774309286,4.9757104420165,0.0,0.0,0.0,0.0,76.48191805459663,22.160379211452693,True,False,True,False,True,12.893049478562702
2025-09-09 14:00:00+00:00,28.41,28.41,28.41,28.41,0.0,27.972808643560114,27.991387376539972,28.154039641285,28.20190740024911,28.331078327130957,28.188436268068333,28.318638746083195,"rgba(38, 166, 154, 1.0)",0.10568366021249516,28.318638746083195,0.864478517616701,7,0.7360014989221407,5.152010492454985,0.0,0.0,0.0,0.0,76.53971298640914,22.74154997314608,True,False,True,False,True,12.893049478562713
2025-09-09 15:00:00+00:00,28.41,28.61,28.41,28.61,33.0,27.973773750939785,27.992339256162353,28.154939963090143,28.203353006586262,28.332924022837062,28.18982984293194,28.391881285675616,"rgba(38, 166, 154, 1.0)",0.10971736827309751,28.391881285675616,1.9880053427955355,7,0.7093585505127721,4.965509853589404,0.0,0.0,0.0,0.0,82.92370012032893,28.974025445328166,True,False,True,False,True,20.0
2025-09-09 16:00:00+00:00,28.61,28.61,28.59,28.59,41.0,27.975080140501646,27.993631362119316,28.156205567202417,28.205411189108702,28.33574296141814,28.19180501282811,28.40518197885366,"rgba(38, 166, 154, 1.0)",0.11276408443565643,28.40518197885366,1.6389794859887261,7,0.6891854583054121,4.8242982081378845,0.0,0.0,0.0,0.0,84.4993941036863,30.45316955383771,True,False,True,False,True,20.0
2025-09-09 17:00:00+00:00,28.59,28.63,28.59,28.63,93.0,27.978117893629296,27.996638382894805,28.159178759054818,28.21023545240498,28.342392466276404,28.196432810181935,28.433876552145712,"rgba(38, 166, 154, 1.0)",0.1167490185535017,28.433876552145712,1.679872347401456,7,0.6641581467690166,4.649107027383116,0.0,0.0,0.0,0.0,86.20437986229739,32.08771379867902,True,False,True,False,True,20.0
2025-09-09 18:00:00+00:00,28.63,28.63,28.63,28.63,0.0,27.978117893629296,27.996638382894805,28.159178759054818,28.21023545240498,28.342392466276404,28.196432810181935,28.433876552145712,"rgba(38, 166, 154, 1.0)",0.12036307685558002,28.433876552145712,1.6294319900911935,7,0.640332363370549,4.482326543593843,0.0,0.0,0.0,0.0,87.34103703470478,33.23028932757775,True,False,True,False,True,20.0
2025-09-09 19:00:00+00:00,28.63,28.63,28.58,28.58,219.0,27.98493840524982,28.003381311576355,28.165731204121634,28.22062313325969,28.35581726133076,28.206442084427703,28.46871790696872,"rgba(38, 166, 154, 1.0)",0.12228371235032817,28.46871790696872,0.9100320140140008,7,0.6257802805439676,4.3804619638077735,0.0,0.0,0.0,0.0,82.09495003951827,36.56208878972441,True,False,True,False,False,20.0
2025-09-10 14:00:00+00:00,28.58,28.58,28.58,28.58,0.0,27.98493840524982,28.003381311576355,28.165731204121634,28.22062313325969,28.35581726133076,28.206442084427703,28.46871790696872,"rgba(38, 166, 154, 1.0)",0.12399676688554899,28.46871790696872,0.8974596340402412,7,0.6124303374774395,4.287012362342076,0.0,0.0,0.0,0.0,78.59755870939392,33.4638413101749,True,False,True,False,False,20.0
2025-09-10 15:00:00+00:00,28.58,28.58,28.58,28.58,0.0,27.98493840524982,28.003381311576355,28.165731204121634,28.22062313325969,28.35581726133076,28.206442084427703,28.46871790696872,"rgba(38, 166, 154, 1.0)",0.12551074036040258,28.46871790696872,0.8866340259943707,6,0.683628199068497,4.101769194410982,0.0,0.0,0.0,0.0,76.26596448931102,31.426207272436926,True,False,True,False,False,20.0
2025-09-10 16:00:00+00:00,28.58,28.58,28.58,28.58,0.0,27.98493840524982,28.003381311576355,28.165731204121634,28.22062313325969,28.35581726133076,28.206442084427703,28.46871790696872,"rgba(38, 166, 154, 1.0)",0.12683872856085157,28.46871790696872,0.8773510606256961,6,0.6706926280767395,4.024155768460437,0.0,0.0,0.0,0.0,74.71156834258909,30.008975545762922,True,False,True,False,False,20.0
2025-09-10 17:00:00+00:00,28.58,28.58,28.58,28.58,0.0,27.98493840524982,28.003381311576355,28.165731204121634,28.22062313325969,28.35581726133076,28.206442084427703,28.46871790696872,"rgba(38, 166, 154, 1.0)",0.12814606671406117,28.46871790696872,0.8684003800100029,5,0.7706961866139224,3.853480933069612,0.0,0.0,0.0,0.0,73.67530424477447,28.952226798433472,True,False,True,False,False,20.0
2025-09-10 18:00:00+00:00,28.58,28.58,28.58,28.58,0.0,27.98493840524982,28.003381311576355,28.165731204121634,28.22062313325969,28.35581726133076,28.206442084427703,28.46871790696872,"rgba(38, 166, 154, 1.0)",0.12943338054717599,28.46871790696872,0.8597634749307789,5,0.7576688670831155,3.7883443354155775,0.0,0.0,0.0,0.0,72.98446151289805,28.106281261908848,True,False,True,False,False,20.0
2025-09-10 19:00:00+00:00,28.58,28.58,28.58,28.58,0.0,27.98493840524982,28.003381311576355,28.165731204121634,28.22062313325969,28.35581726133076,28.206442084427703,28.46871790696872,"rgba(38, 166, 154, 1.0)",0.13070126173717594,28.46871790696872,0.8514232498769018,5,0.7455376341822861,3.7276881709114305,0.0,0.0,0.0,0.0,72.52389969164712,27.387637037847725,True,False,True,False,False,20.0
2025-09-11 14:00:00+00:00,28.58,28.58,28.58,28.58,0.0,27.98493840524982,28.003381311576355,28.165731204121634,28.22062313325969,28.35581726133076,28.206442084427703,28.46871790696872,"rgba(38, 166, 154, 1.0)",0.13195027045725863,28.46871790696872,0.8433638873618257,5,0.7342165693693962,3.6710828468469807,0.0,0.0,0.0,0.0,72.21685847747982,26.7515777134506,True,False,True,False,False,20.0
2025-09-11 15:00:00+00:00,28.58,28.58,28.58,28.58,0.0,27.98493840524982,28.003381311576355,28.165731204121634,28.22062313325969,28.35581726133076,28.206442084427703,28.46871790696872,"rgba(38, 166, 154, 1.0)",0.13254110360191632,28.46871790696872,0.8396043944640049,5,0.7236311098479502,3.6181555492397512,0.0,0.0,0.0,0.0,72.01216433470162,26.175392624964317,True,False,True,False,False,20.0
2025-09-11 16:00:00+00:00,28.58,28.58,28.58,28.58,0.0,27.98493840524982,28.003381311576355,28.165731204121634,28.22062313325969,28.35581726133076,28.206442084427703,28.46871790696872,"rgba(38, 166, 154, 1.0)",0.13079531495540767,28.46871790696872,0.8508110024370333,5,0.713716202877679,3.568581014388395,0.0,0.0,0.0,0.0,71.8757015728495,25.648292802433716,True,False,True,False,False,20.0
2025-09-11 17:00:00+00:00,28.58,28.58,28.58,28.58,0.0,27.98493840524982,28.003381311576355,28.165731204121634,28.22062313325969,28.35581726133076,28.206442084427703,28.46871790696872,"rgba(38, 166, 154, 1.0)",0.12901906416800932,28.46871790696872,0.8625244164410134,5,0.7044148142290485,3.5220740711452425,0.0,0.0,0.0,0.0,71.7847263982814,25.16550377730485,True,False,True,False,False,20.0
2025-09-11 18:00:00+00:00,28.58,28.58,28.58,28.58,0.0,27.98493840524982,28.003381311576355,28.165731204121634,28.22062313325969,28.35581726133076,28.206442084427703,28.46871790696872,"rgba(38, 166, 154, 1.0)",0.1272110752156736,28.46871790696872,0.8747830551908338,5,0.6956767132372722,3.478383566186361,0.0,0.0,0.0,0.0,71.72407628190268,24.724926713044155,True,False,True,False,False,20.0
2025-09-11 19:00:00+00:00,28.58,28.58,28.58,28.58,0.0,27.98493840524982,28.003381311576355,28.165731204121634,28.22062313325969,28.35581726133076,28.206442084427703,28.46871790696872,"rgba(38, 166, 154, 1.0)",0.12936375837865755,28.46871790696872,0.8602261902869794,5,0.6874574758626444,3.437287379313222,0.0,0.0,0.0,0.0,71.68364287098353,24.325349379326795,False,False,True,False,False,20.0
2025-09-12 14:00:00+00:00,28.58,28.58,28.58,28.58,0.0,27.98493840524982,28.003381311576355,28.165731204121634,28.22062313325969,28.35581726133076,28.206442084427703,28.46871790696872,"rgba(38, 166, 154, 1.0)",0.13138853049568386,28.46871790696872,0.8469696145580495,5,0.6797176610324899,3.3985883051624493,0.0,0.0,0.0,0.0,71.6566872637041,23.965568961850735,False,False,True,False,False,20.0
2025-09-12 15:00:00+00:00,28.58,28.58,28.58,28.58,0.0,27.98493840524982,28.003381311576355,28.165731204121634,28.22062313325969,28.35581726133076,28.206442084427703,28.46871790696872,"rgba(38, 166, 154, 1.0)",0.1332912208264987,28.46871790696872,0.8348793892144671,5,0.6724221258026739,3.3621106290133698,0.0,0.0,0.0,0.0,71.63871685885114,23.64403245103135,False,False,True,False,False,20.0
2025-09-12 16:00:00+00:00,28.58,28.76,28.58,28.76,66.0,27.987306752981716,28.00573258668303,28.168131921750174,28.224475425139012,28.361207878500235,28.21013411915827,28.63961716506865,"rgba(38, 166, 154, 1.0)",0.14011986503149648,28.63961716506865,0.8591418133630937,5,0.6482951607764782,3.241475803882391,0.0,0.0,0.0,0.0,79.28401377997668,26.78866342718962,True,False,True,False,True,20.0
2025-09-12 17:00:00+00:00,28.76,28.76,28.76,28.76,0.0,27.987306752981716,28.00573258668303,28.168131921750174,28.224475425139012,28.361207878500235,28.21013411915827,28.63961716506865,"rgba(38, 166, 154, 1.0)",0.1463927519985378,28.63961716506865,0.8223278358245102,5,0.6270775666267203,3.135387833133602,0.0,0.0,0.0,0.0,84.38087839406037,31.162033347188057,True,False,True,False,True,20.0
2025-09-12 18:00:00+00:00,28.76,28.76,28.76,28.76,0.0,27.987306752981716,28.00573258668303,28.168131921750174,28.224475425139012,28.361207878500235,28.21013411915827,28.63961716506865,"rgba(38, 166, 154, 1.0)",0.15217862311507555,28.63961716506865,0.7910627160841103,5,0.6082588745517744,3.041294372758872,0.0,0.0,0.0,0.0,87.77878813678284,33.8858693132986,True,False,True,False,True,20.0
2025-09-12 19:00:00+00:00,28.76,28.76,28.76,28.76,0.0,27.987306752981716,28.00573258668303,28.168131921750174,28.224475425139012,28.361207878500235,28.21013411915827,28.63961716506865,"rgba(38, 166, 154, 1.0)",0.15653100317451807,28.63961716506865,0.7690670377748473,4,0.6370730071026661,2.5482920284106645,0.0,0.0,0.0,0.0,90.04406129859781,35.64892469483982,True,False,True,False,True,20.0
2025-09-15 14:00:00+00:00,28.76,29.12,28.76,29.12,100.0,27.992363392753116,28.01079144194566,28.173757213055623,28.233804482938375,28.376015299026424,28.21898614068513,28.791966741809766,"rgba(38, 166, 154, 1.0)",0.17567083777083722,28.791966741809766,1.8673176626968369,4,0.5809643870812181,2.3238575483248725,0.0,0.0,0.0,0.0,92.85917467485197,38.03691281824368,True,False,True,False,True,20.0
2025-09-15 15:00:00+00:00,28.94,28.94,28.94,28.94,100.0,27.99707167817691,28.015495342715397,28.17890392710012,28.242198581560288,28.38879247847757,28.226976984742702,28.82096797980848,"rgba(38, 166, 154, 1.0)",0.1843932587535056,28.82096797980848,0.6455334701288751,4,0.5573998405128602,2.2295993620514407,0.0,0.0,0.0,0.0,85.25785586945588,40.920719294163646,True,False,True,False,False,20.0
2025-09-15 16:00:00+00:00,28.94,28.94,28.94,28.94,0.0,27.99707167817691,28.015495342715397,28.17890392710012,28.242198581560288,28.38879247847757,28.226976984742702,28.82096797980848,"rgba(38, 166, 154, 1.0)",0.19239029868184443,28.82096797980848,0.618700740146805,4,0.5372853030935667,2.149141212374267,0.0,0.0,0.0,0.0,80.19030999919183,36.67139847752135,True,False,True,False,False,20.0
2025-09-15 17:00:00+00:00,28.94,28.94,28.94,28.94,0.0,27.99707167817691,28.015495342715397,28.17890392710012,28.242198581560288,28.38879247847757,28.226976984742702,28.82096797980848,"rgba(38, 166, 154, 1.0)",0.19962615961708233,28.82096797980848,0.5962746586912564,4,0.5199245828793176,2.0796983315172706,0.0,0.0,0.0,0.0,76.81194608568245,33.89529145054766,False,False,True,False,False,20.0
2025-09-15 18:00:00+00:00,28.94,29.0,28.94,29.0,144.0,28.00405414960617,28.02247537440949,28.186578077878295,28.2546145455962,28.40747038174638,28.238805861605037,28.85701022521817,"rgba(38, 166, 154, 1.0)",0.20819847166457228,28.85701022521817,0.6867955064156372,4,0.5006301092042277,2.0025204368169107,0.0,0.0,0.0,0.0,75.7625741312149,33.05296728431509,False,False,True,False,False,20.0
2025-09-15 19:00:00+00:00,29.0,29.0,29.0,29.0,100.0,28.008943187210576,28.027363486348634,28.191953586219043,28.263224750683456,28.420191069128382,28.24701989137082,28.87635493357045,"rgba(38, 166, 154, 1.0)",0.2159501318807618,28.87635493357045,0.5725630512595429,4,0.48402119704929303,1.9360847881971721,0.0,0.0,0.0,0.0,75.06299282823655,32.26423896998095,False,True,True,False,False,20.0
2025-09-16 14:00:00+00:00,29.0,29.01,28.98,28.99,335.0,28.024869522521655,28.043278496368796,28.209310682959412,28.29042519276394,28.458645436945055,28.273057696313277,28.91187793031595,"rgba(38, 166, 154, 1.0)",0.22265140612290416,28.91187793031595,0.3508716654631215,4,0.47016706371065026,1.880668254842601,0.0,0.0,0.0,0.0,73.98790410020615,30.95155518181612,False,True,True,False,False,20.0
2025-09-16 15:00:00+00:00,28.99,29.0,28.99,29.0,31.0,28.02632227419588,28.044729833693445,28.210885598141687,28.29285160146293,28.461965233545648,28.2753863455483,28.9141807242189,"rgba(38, 166, 154, 1.0)",0.22901518498739656,28.9141807242189,0.37473181433720726,4,0.4574771270359607,1.8299085081438429,0.0,0.0,0.0,0.0,73.52587545316592,30.10512251772947,False,True,True,False,False,20.0
2025-09-16 16:00:00+00:00,29.0,29.0,29.0,29.0,0.0,28.02632227419588,28.044729833693445,28.210885598141687,28.29285160146293,28.461965233545648,28.2753863455483,28.9141807242189,"rgba(38, 166, 154, 1.0)",0.23476396043041262,28.9141807242189,0.3655555802677657,4,0.4462997663567484,1.7851990654269936,0.0,0.0,0.0,0.0,73.2178563551391,29.318716876013085,False,True,True,False,False,20.0
2025-09-16 17:00:00+00:00,29.0,29.075,29.0,29.075,100.0,28.031235062628976,28.049642217227,28.21626522631106,28.301150937191714,28.473441321883943,28.283344977567733,28.925585865525402,"rgba(38, 166, 154, 1.0)",0.24217700696506364,28.925585865525402,0.6169625116233738,3,0.435231253548678,1.305693760646034,0.0,0.0,0.0,0.0,74.8828599417682,29.318716876013085,False,True,True,False,False,20.0
2025-09-16 18:00:00+00:00,29.075,29.08,29.075,29.08,1.0,28.03128531209009,28.04969248310123,28.21632049062973,28.301236117200062,28.473559349593497,28.283426648859674,28.925715364807083,"rgba(38, 166, 154, 1.0)",0.24901747469315277,28.925715364807083,0.6195735274523609,3,0.4208637722073418,1.2625913166220253,0.0,0.0,0.0,0.0,76.10272306026201,29.318716876013085,False,True,True,False,True,20.0
2025-09-16 19:00:00+00:00,29.08,29.09,29.06,29.06,300.0,28.046027217964486,28.064433261096397,28.23242866427657,28.325708651669498,28.506542242703535,28.306943890771382,28.9631240906375,"rgba(38, 166, 154, 1.0)",0.255172172929747,28.9631240906375,0.37964919234814215,3,0.4088531931348838,1.2265595794046513,0.0,0.0,0.0,0.0,75.24734175784889,29.318716876013085,False,True,True,False,True,20.0
2025-09-17 14:00:00+00:00,29.06,29.06,29.05,29.05,100.0,28.05077016040431,28.069172777378387,28.237559639144102,28.33334855802884,28.51643891402715,28.31430909150714,28.96861461650294,"rgba(38, 166, 154, 1.0)",0.26049393484290495,28.96861461650294,0.3124271724258823,3,0.3983644267446828,1.1950932802340484,0.0,0.0,0.0,0.0,73.8287226998344,28.55366370159959,False,True,True,False,True,20.0
2025-09-17 15:00:00+00:00,29.05,29.05,29.05,29.05,0.0,28.05077016040431,28.069172777378387,28.237559639144102,28.33334855802884,28.51643891402715,28.31430909150714,28.96861461650294,"rgba(38, 166, 154, 1.0)",0.2653067746676154,28.96861461650294,0.3067595375166087,3,0.388814825659962,1.166444476979886,0.0,0.0,0.0,0.0,72.88297666115807,27.330813365995695,False,True,True,False,False,20.0
2025-09-17 16:00:00+00:00,29.05,29.05,29.05,29.05,0.0,28.05077016040431,28.069172777378387,28.237559639144102,28.33334855802884,28.51643891402715,28.31430909150714,28.96861461650294,"rgba(38, 166, 154, 1.0)",0.269637945440675,28.96861461650294,0.30183208585145893,3,0.3801515404917621,1.1404546214752862,0.0,0.0,0.0,0.0,72.25247930204051,26.408105524562757,False,True,True,False,False,20.0
2025-09-17 17:00:00+00:00,29.05,29.05,29.05,29.05,33.0,28.05232037359159,28.070721600153128,28.239231952761134,28.335823131387116,28.519606872975892,28.3166969935412,28.97021209258108,"rgba(38, 166, 154, 1.0)",0.2735103305192445,28.97021209258108,0.2917180761232997,3,0.3726775496333428,1.1180326489000285,0.0,0.0,0.0,0.0,71.83214772929549,25.676567351509505,False,True,True,False,False,20.0
2025-09-17 18:00:00+00:00,29.05,29.05,29.05,29.05,0.0,28.05232037359159,28.070721600153128,28.239231952761134,28.335823131387116,28.519606872975892,28.3166969935412,28.97021209258108,"rgba(38, 166, 154, 1.0)",0.27694317561977694,28.97021209258108,0.2881020889587288,3,0.36570594542752694,1.0971178362825809,0.0,0.0,0.0,0.0,71.5519266807988,25.071419398776655,False,True,True,False,False,20.0
2025-09-17 19:00:00+00:00,29.05,29.05,29.045,29.05,2008.0,28.13823446024314,28.156421607148058,28.32929157427937,28.459534370946823,28.659929729491587,28.437364407939775,29.012889231483683,"rgba(38, 166, 154, 1.0)",0.2799526504363357,29.012889231483683,0.1325608757712292,2,0.4894757482643365,0.978951496528673,0.0,0.0,0.0,0.0,71.36511264846769,24.554553842248396,False,True,True,False,False,20.0
2025-09-18 14:00:00+00:00,29.05,29.05,29.05,29.05,0.0,28.13823446024314,28.156421607148058,28.32929157427937,28.459534370946823,28.659929729491587,28.437364407939775,29.012889231483683,"rgba(38, 166, 154, 1.0)",0.28255228329042764,29.012889231483683,0.13134124447393802,1,0.32131286643243645,0.32131286643243645,0.0,0.0,0.0,0.0,71.24056996024694,24.10365479961233,False,True,True,False,False,20.0
2025-09-18 15:00:00+00:00,29.05,29.05,28.97,28.97,100.0,28.141906269158934,28.160073893766846,28.33297059904446,28.46413901985998,28.66432233237673,28.441920841819424,29.01238818525247,"rgba(239, 83, 80, 1.0)",0.2832290799186265,29.01238818525247,-0.14966042775215213,1,0.3181012397428339,0.3181012397428339,0.0,0.0,0.0,0.0,61.99824837956176,15.462173916595233,False,True,True,False,False,20.0
2025-09-18 16:00:00+00:00,28.97,28.97,28.97,28.97,0.0,28.141906269158934,28.160073893766846,28.33297059904446,28.46413901985998,28.66432233237673,28.441920841819424,29.01238818525247,"rgba(239, 83, 80, 1.0)",0.28360194474456946,29.01238818525247,-0.14946366214324697,2,0.2306794344072714,0.4613588688145428,0.0,0.0,0.0,0.0,55.83670065910496,10.16276199321036,False,True,True,False,False,20.0
2025-09-18 17:00:00+00:00,28.97,28.97,28.97,28.97,0.0,28.141906269158934,28.160073893766846,28.33297059904446,28.46413901985998,28.66432233237673,28.441920841819424,29.01238818525247,"rgba(239, 83, 80, 1.0)",0.28477560314040556,29.01238818525247,-0.14884767088552556,2,0.22868806062370892,0.45737612124741783,0.0,0.0,0.0,0.0,51.72900217880043,6.844557817698089,False,True,False,False,False,20.0
2025-09-18 18:00:00+00:00,28.97,29.0,28.97,29.0,100.0,28.1455184065193,28.163665714533025,28.33657273391812,28.468608726448508,28.6685159670358,28.446349764309772,29.011736795994544,"rgba(239, 83, 80, 1.0)",0.2862024105762499,29.011736795994544,-0.041008725156831315,2,0.22650981821294858,0.45301963642589715,0.0,0.0,0.0,0.0,52.215329740287295,6.844557817698089,False,True,False,False,False,20.0
2025-09-18 19:00:00+00:00,29.0,29.0,28.98,28.98,1189.0,28.186061834495437,28.20394347259381,28.37635664899548,28.516159358756628,28.710758421738323,28.493713137717496,29.005353864497277,"rgba(239, 83, 80, 1.0)",0.2858805269260412,29.005353864497277,-0.08868692376461013,2,0.22473611463096732,0.44947222926193464,0.0,0.0,0.0,0.0,50.521415215667936,6.160599098527356,False,True,False,False,False,20.0
2025-09-19 14:00:00+00:00,28.93,28.93,28.93,28.93,0.0,28.186061834495437,28.20394347259381,28.37635664899548,28.516159358756628,28.710758421738323,28.493713137717496,29.005353864497277,"rgba(239, 83, 80, 1.0)",0.2845336313816375,29.005353864497277,-0.26483289209565153,2,0.2242567114402425,0.448513422880485,0.0,0.0,0.0,0.0,45.58203505576738,1.6011680686157135,False,True,False,True,False,18.805656769141304
2025-09-19 15:00:00+00:00,28.93,28.94,28.93,28.94,45.0,28.187428613819993,28.205298137496577,28.377651398445785,28.517615072954335,28.71188796296296,28.495177823499162,28.99984731550787,"rgba(239, 83, 80, 1.0)",0.2831323823687057,28.99984731550787,-0.21137573529097284,2,0.22381042587685923,0.44762085175371846,0.0,0.0,0.0,0.0,43.398046023289595,-0.3620199379353224,False,True,False,True,False,19.306253656402355
2025-09-19 16:00:00+00:00,28.94,29.0,28.94,29.0,100.0,28.19062279181612,28.20846794871795,28.38072868771499,28.521144998345935,28.714834249084248,28.49871434823839,29.00233908293376,"rgba(38, 166, 154, 1.0)",0.2822168037593723,29.00233908293376,-0.008288248263746195,2,0.2228929059821395,0.445785811964279,0.0,0.0,0.0,0.0,47.20273036718459,-0.3620199379353224,False,True,False,True,True,20.0
2025-09-19 17:00:00+00:00,29.0,29.0,29.0,29.0,0.0,28.19062279181612,28.20846794871795,28.38072868771499,28.521144998345935,28.714834249084248,28.49871434823839,29.00233908293376,"rgba(38, 166, 154, 1.0)",0.2809659977501234,29.00233908293376,-0.008325145933989057,2,0.22204806291828152,0.44409612583656305,0.0,0.0,0.0,0.0,49.73918659644792,-6.940289670793078,False,True,False,False,True,20.0
2025-09-19 18:00:00+00:00,29.0,29.01,29.0,29.0,23239.0,28.583667415855047,28.595889594999893,28.718679995951387,28.82951570440494,28.922151427069483,28.816102044314533,29.003697762727608,"rgba(38, 166, 154, 1.0)",0.27937546178660316,29.003697762727608,-0.013235817863032311,2,0.22135411049369833,0.44270822098739665,0.0,0.0,0.0,0.0,51.43015741595682,-5.258346321927384,False,True,True,False,True,20.0
2025-09-19 19:00:00+00:00,29.0,29.01,29.0,29.01,100.0,28.58454588248325,28.596749338970398,28.719351090190234,28.830001875331615,28.92241196296639,28.816616416540707,29.00370842863426,"rgba(38, 166, 154, 1.0)",0.27758774280357335,29.00370842863426,0.0226651627416966,2,0.2207071521163621,0.4414143042327242,0.0,0.0,0.0,0.0,53.42916642488402,-3.1974756455891793,False,True,True,False,True,20.0
2025-09-22 14:00:00+00:00,29.01,29.01,29.01,29.01,0.0,28.58454588248325,28.596749338970398,28.719351090190234,28.830001875331615,28.92241196296639,28.816616416540707,29.00370842863426,"rgba(38, 166, 154, 1.0)",0.27544005740823496,29.00370842863426,0.022841889538304704,2,0.220208690886769,0.440417381773538,0.0,0.0,0.0,0.0,54.76183909750216,-1.6934130902708873,False,True,True,False,True,20.0
2025-09-22 15:00:00+00:00,29.01,29.01,29.01,29.01,0.0,28.58454588248325,28.596749338970398,28.719351090190234,28.830001875331615,28.92241196296639,28.816616416540707,29.00370842863426,"rgba(38, 166, 154, 1.0)",0.27292390781916614,29.00370842863426,0.02305247428126332,2,0.21985576388278152,0.43971152776556305,0.0,0.0,0.0,0.0,55.65028754591425,-0.5259098742609893,False,True,True,False,True,20.0
2025-09-22 16:00:00+00:00,29.01,29.01,29.01,29.01,0.0,28.58454588248325,28.596749338970398,28.719351090190234,28.830001875331615,28.92241196296639,28.816616416540707,29.00370842863426,"rgba(38, 166, 154, 1.0)",0.2710883636394689,29.00370842863426,0.023208562998707747,2,0.21964629476631367,0.43929258953262734,0.0,0.0,0.0,0.0,56.24258651152231,0.43280214285587704,False,True,True,False,True,20.0
2025-09-22 17:00:00+00:00,29.01,29.01,29.01,29.01,0.0,28.58454588248325,28.596749338970398,28.719351090190234,28.830001875331615,28.92241196296639,28.816616416540707,29.00370842863426,"rgba(38, 166, 154, 1.0)",0.26893068198242925,29.00370842863426,0.02339476968326832,2,0.21957905957494078,0.43915811914988157,0.0,0.0,0.0,0.0,56.63745248859435,1.2550772499329952,False,True,True,False,True,20.0
2025-09-22 18:00:00+00:00,29.01,29.03,29.01,29.02,300.0,28.587242081510226,28.59939030900532,28.721438301745618,28.83155338704702,28.92330619953776,28.818250107100784,29.00388241022095,"rgba(38, 166, 154, 1.0)",0.265690499343245,29.00388241022095,0.060663026411899273,2,0.21956227536378517,0.43912455072757034,0.0,0.0,0.0,0.0,58.24085397373594,3.186975439310139,False,True,True,False,True,20.0
2025-09-22 19:00:00+00:00,29.02,29.03,29.02,29.03,125.0,28.588372823901572,28.600498298896355,28.722318673373636,28.832215003300508,28.923699336660178,28.818945329526148,29.003983349662256,"rgba(38, 166, 154, 1.0)",0.2621820768879168,29.003983349662256,0.09923123138911956,2,0.21959911242819685,0.4391982248563937,0.0,0.0,0.0,0.0,60.543962682415206,5.672166309209267,False,True,True,False,True,20.0
2025-09-23 14:00:00+00:00,29.03,29.03,29.02,29.02,16.0,28.58851604140514,28.60063860085718,28.722429764266273,28.832297920225603,28.923747820356855,28.81903256066224,29.003994315448146,"rgba(38, 166, 154, 1.0)",0.2588341498275215,29.003994315448146,0.061837607450635504,2,0.21950359675107473,0.43900719350214945,0.0,0.0,0.0,0.0,59.96180228360815,5.672166309209267,False,True,True,False,True,20.0
2025-09-23 15:00:00+00:00,29.02,29.02,29.02,29.02,0.0,28.58851604140514,28.60063860085718,28.722429764266273,28.832297920225603,28.923747820356855,28.81903256066224,29.003994315448146,"rgba(38, 166, 154, 1.0)",0.2547276765273192,29.003994315448146,0.06283449356606,2,0.219538958393791,0.439077916787582,0.0,0.0,0.0,0.0,59.573695351070114,5.672166309209267,False,True,True,False,True,20.0
2025-09-23 16:00:00+00:00,29.02,29.04,29.02,29.04,100.0,28.589429555240656,28.60153407836644,28.72314524171154,28.83284156773664,28.92408009904993,28.819602676314876,29.005742903661307,"rgba(38, 166, 154, 1.0)",0.25044937989882876,29.005742903661307,0.13678251610177813,2,0.2195298774224435,0.439059754844887,0.0,0.0,0.0,0.0,62.03375544767134,7.846644503010829,False,True,True,False,True,20.0
2025-09-23 17:00:00+00:00,29.04,29.04,29.04,29.04,0.0,28.589429555240656,28.60153407836644,28.72314524171154,28.83284156773664,28.92408009904993,28.819602676314876,29.005742903661307,"rgba(38, 166, 154, 1.0)",0.24821628537253376,29.005742903661307,0.13801308921885347,2,0.2196589329279745,0.439317865855949,0.0,0.0,0.0,0.0,63.673795512072154,9.569219609769704,False,False,True,False,True,20.0
2025-09-23 18:00:00+00:00,29.04,29.04,29.04,29.04,0.0,28.589429555240656,28.60153407836644,28.72314524171154,28.83284156773664,28.92408009904993,28.819602676314876,29.005742903661307,"rgba(38, 166, 154, 1.0)",0.24567199622574679,29.005742903661307,0.1394424145404559,2,0.2199268574168803,0.4398537148337606,0.0,0.0,0.0,0.0,64.76715555500604,10.770249111611456,False,False,True,False,True,20.0
2025-09-23 19:00:00+00:00,29.04,29.04,29.04,29.04,0.0,28.589429555240656,28.60153407836644,28.72314524171154,28.83284156773664,28.92408009904993,28.819602676314876,29.005742903661307,"rgba(38, 166, 154, 1.0)",0.24280672994775196,29.005742903661307,0.14108791937547802,2,0.22033517895884003,0.44067035791768006,0.0,0.0,0.0,0.0,65.4960622502953,11.655049848808602,False,False,True,False,True,20.0
2025-09-24 14:00:00+00:00,29.04,29.04,28.83,28.83,170.0,28.590510065557442,28.60258046332577,28.723834433645084,28.833148895887728,28.923956611362495,28.819964644190787,28.980929066751685,"rgba(239, 83, 80, 1.0)",0.23822400314722134,28.980929066751685,-0.633559443035692,2,0.2221355884977999,0.4442711769955998,0.0,0.0,0.0,0.0,48.81894705684762,4.074258294798561,False,True,False,True,False,4.959558729673702
2025-09-24 15:00:00+00:00,28.83,28.83,28.83,28.83,0.0,28.590510065557442,28.60258046332577,28.723834433645084,28.833148895887728,28.923956611362495,28.819964644190787,28.980929066751685,"rgba(239, 83, 80, 1.0)",0.23341524302300087,28.980929066751685,-0.6466118698889509,3,0.3179298306364625,0.9537894919093876,0.0,0.0,0.0,0.0,37.70087026121584,-5.237072015450956,False,True,False,True,False,4.959558729673702
2025-09-24 16:00:00+00:00,28.83,28.83,28.83,28.83,0.0,28.590510065557442,28.60258046332577,28.723834433645084,28.833148895887728,28.923956611362495,28.819964644190787,28.980929066751685,"rgba(239, 83, 80, 1.0)",0.2283661711110431,28.980929066751685,-0.6609081634875649,3,0.32084126419426734,0.9625237925828021,0.0,0.0,0.0,0.0,30.288819064127978,-11.034082651118716,False,True,False,True,False,4.959558729673702
2025-09-24 17:00:00+00:00,28.83,28.83,28.83,28.83,0.0,28.590510065557442,28.60258046332577,28.723834433645084,28.833148895887728,28.923956611362495,28.819964644190787,28.980929066751685,"rgba(239, 83, 80, 1.0)",0.22306046931893225,28.980929066751685,-0.6766284820099067,3,0.3239494736799902,0.9718484210399707,0.0,0.0,0.0,0.0,25.34745159940274,-14.794771341452694,False,True,False,True,False,4.959558729673702
2025-09-24 18:00:00+00:00,28.83,28.83,28.83,28.83,0.0,28.590510065557442,28.60258046332577,28.723834433645084,28.833148895887728,28.923956611362495,28.819964644190787,28.980929066751685,"rgba(239, 83, 80, 1.0)",0.21747935596299448,28.980929066751685,-0.6939926140730711,3,0.32610789914791727,0.9783236974437518,0.0,0.0,0.0,0.0,22.053206622919244,-17.398268487043218,False,True,False,True,False,4.959558729673702
2025-09-24 19:00:00+00:00,28.83,28.83,28.83,28.83,0.0,28.590510065557442,28.60258046332577,28.723834433645084,28.833148895887728,28.923956611362495,28.819964644190787,28.980929066751685,"rgba(239, 83, 80, 1.0)",0.21160103969453417,28.980929066751685,-0.7132718580663245,3,0.3283996529438374,0.9851989588315122,0.0,0.0,0.0,0.0,19.85704330526358,-19.354677856763313,False,True,False,True,False,4.959558729673702
2025-09-25 14:00:00+00:00,28.705,28.705,28.705,28.705,0.0,28.590510065557442,28.60258046332577,28.723834433645084,28.833148895887728,28.923956611362495,28.819964644190787,28.980929066751685,"rgba(239, 83, 80, 1.0)",0.20607544756689816,28.980929066751685,-1.3389710904891365,3,0.3323048638732658,0.9969145916197975,0.0,0.0,0.0,0.0,15.911741136073772,-23.183538435874304,False,True,False,True,False,0.0
2025-09-25 15:00:00+00:00,28.705,28.705,28.63,28.63,18.0,28.5905338134108,28.602599914790684,28.72380604310832,28.83306261827248,28.92381065082811,28.819886041771447,28.975150465827348,"rgba(239, 83, 80, 1.0)",0.20125245228159694,28.975150465827348,-1.7150124727146494,3,0.3362435416165708,1.0087306248497123,0.0,0.0,0.0,0.0,12.625882677052072,-26.502477248465464,False,True,False,True,False,0.0
2025-09-25 16:00:00+00:00,28.63,28.63,28.63,28.63,18.0,28.59054834113854,28.602610078445917,28.723767369063978,28.832964322531485,28.92365128869604,28.819795607884643,28.969777809802213,"rgba(239, 83, 80, 1.0)",0.1962665727203032,28.969777809802213,-1.7312057019838374,3,0.340281173708318,1.020843521124954,0.0,0.0,0.0,0.0,10.435310371037605,-28.93002935314224,False,True,False,True,False,0.0
2025-09-25 17:00:00+00:00,28.63,28.63,28.63,28.63,0.0,28.59054834113854,28.602610078445917,28.723767369063978,28.832964322531485,28.92365128869604,28.819795607884643,28.969777809802213,"rgba(239, 83, 80, 1.0)",0.1911050604875502,28.969777809802213,-1.777963435062201,4,0.2835229611497311,1.1340918445989243,0.0,0.0,0.0,0.0,8.974928833694626,-30.821426218927602,False,True,False,True,False,0.0
2025-09-25 18:00:00+00:00,28.63,28.63,28.615,28.62,18.0,28.590559791756103,28.602617144583604,28.72372529267213,28.83286208997482,28.92348758181745,28.81970129320604,28.946044639135597,"rgba(239, 83, 80, 1.0)",0.19093329338365422,28.946044639135597,-1.707636386287297,4,0.28724224657533526,1.148968986301341,0.0,0.0,0.0,0.0,7.9115714579442535,-32.462443465201176,False,True,False,True,False,0.0
2025-09-25 19:00:00+00:00,28.62,28.63,28.62,28.62,36.0,28.590583893394342,28.602632496226153,28.72364261640054,28.832659532568897,28.923162505014037,28.819514518217126,28.93849552823844,"rgba(239, 83, 80, 1.0)",0.19039520302029492,28.93849552823844,-1.672812776719435,4,0.29115912828580703,1.1646365131432281,0.0,0.0,0.0,0.0,7.202666540777338,-33.855199610860424,False,True,False,True,False,0.0
2025-09-26 14:00:00+00:00,28.62,28.72,28.62,28.72,14.0,28.59061136411597,28.602656706589286,28.723630778143672,28.832604667185635,28.923062939796715,28.81946539717754,28.937473366808216,"rgba(38, 166, 154, 1.0)",0.18921704492432995,28.937473366808216,-1.1493328568532908,4,0.29560207418528506,1.1824082967411402,0.0,0.0,0.0,0.0,18.042198409129526,-41.18853848589834,False,True,False,True,True,0.0
2025-09-26 15:00:00+00:00,28.72,28.72,28.72,28.72,0.0,28.59061136411597,28.602656706589286,28.723630778143672,28.832604667185635,28.923062939796715,28.81946539717754,28.937473366808216,"rgba(38, 166, 154, 1.0)",0.18802374298937238,28.937473366808216,-1.1566271543722528,4,0.3003417151401944,1.2013668605607777,0.0,0.0,0.0,0.0,25.268552988030983,-34.50029583895192,False,True,False,True,True,0.0
2025-09-26 16:00:00+00:00,28.72,28.72,28.72,28.72,0.0,28.59061136411597,28.602656706589286,28.723630778143672,28.832604667185635,28.923062939796715,28.81946539717754,28.937473366808216,"rgba(38, 166, 154, 1.0)",0.18588243402507038,28.937473366808216,-1.1699511465343007,4,0.3054082669721564,1.2216330678886256,0.0,0.0,0.0,0.0,30.086122707298625,-30.11812077498295,False,True,False,True,True,0.0
2025-09-26 17:00:00+00:00,28.72,28.72,28.72,28.72,0.0,28.59061136411597,28.602656706589286,28.723630778143672,28.832604667185635,28.923062939796715,28.81946539717754,28.937473366808216,"rgba(38, 166, 154, 1.0)",0.18369694490484229,28.937473366808216,-1.1838703519041756,4,0.3097190178532789,1.2388760714131155,0.0,0.0,0.0,0.0,33.29783585347705,-27.09806178352225,False,True,False,True,True,0.0
2025-09-26 18:00:00+00:00,28.72,28.72,28.72,28.72,0.0,28.59061136411597,28.602656706589286,28.723630778143672,28.832604667185635,28.923062939796715,28.81946539717754,28.937473366808216,"rgba(38, 166, 154, 1.0)",0.18146567937931848,28.937473366808216,-1.198426983835506,4,0.3142958476909992,1.2571833907639969,0.0,0.0,0.0,0.0,35.43897795092934,-24.877856649354566,False,True,False,True,True,0.0
2025-09-26 19:00:00+00:00,28.72,28.74,28.705,28.705,858.0,28.59278207058036,28.60463479737927,28.723496762810445,28.82999453351175,28.91787157012195,28.817187529592033,28.903673381666096,"rgba(38, 166, 154, 1.0)",0.17936278601988087,28.903673381666096,-1.1076622195424417,3,0.3890914404734979,1.1672743214204937,0.0,0.0,0.0,0.0,35.69164365862572,-24.187183784918616,False,True,False,True,True,0.0
2025-09-29 14:00:00+00:00,28.705,28.705,28.705,28.705,0.0,28.59278207058036,28.60463479737927,28.723496762810445,28.82999453351175,28.91787157012195,28.817187529592033,28.903673381666096,"rgba(38, 166, 154, 1.0)",0.17721905821440007,28.903673381666096,-1.1210610397542105,3,0.3966795338409875,1.1900386015229625,0.0,0.0,0.0,0.0,35.86008746375664,-23.360106682245686,False,False,False,True,True,0.0
2025-09-29 15:00:00+00:00,28.705,28.705,28.705,28.705,0.0,28.59278207058036,28.60463479737927,28.723496762810445,28.82999453351175,28.91787157012195,28.817187529592033,28.903673381666096,"rgba(38, 166, 154, 1.0)",0.17503299560183963,28.903673381666096,-1.1350624548415669,3,0.40381799565844495,1.211453986975335,0.0,0.0,0.0,0.0,35.97238333384392,-22.46870732290016,False,False,False,True,True,0.0
2025-09-29 16:00:00+00:00,28.705,28.705,28.705,28.705,0.0,28.59278207058036,28.60463479737927,28.723496762810445,28.82999453351175,28.91787157012195,28.817187529592033,28.903673381666096,"rgba(38, 166, 154, 1.0)",0.1728029915067378,28.903673381666096,-1.149710314235797,3,0.41201664626390605,1.236049938791718,0.0,0.0,0.0,0.0,36.04724724723544,-21.565059941452752,False,False,False,True,True,0.0
2025-09-29 17:00:00+00:00,28.72,28.72,28.72,28.72,98.0,28.593031802308886,28.604862966700296,28.723489093784497,28.82971241505055,28.917304735457467,28.816942176082154,28.902711314396225,"rgba(38, 166, 154, 1.0)",0.17033440876879322,28.902711314396225,-1.0726623922723248,3,0.4209546809049587,1.262864042714876,0.0,0.0,0.0,0.0,38.743621892740336,-18.303409053395047,False,False,False,True,True,0.0
2025-09-29 18:00:00+00:00,28.72,28.72,28.72,28.72,0.0,28.593031802308886,28.604862966700296,28.723489093784497,28.82971241505055,28.917304735457467,28.816942176082154,28.902711314396225,"rgba(38, 166, 154, 1.0)",0.1678084761997675,28.902711314396225,-1.0888086140459152,2,0.4346378373974604,0.8692756747949208,0.0,0.0,0.0,0.0,40.5412049897436,-16.0419262330129,False,False,False,True,True,0.0
2025-09-29 19:00:00+00:00,28.72,28.72,28.69,28.69,166.0,28.593386305709167,28.60518062595542,28.723402155332586,28.829151313789353,28.916255381661625,28.81644423068701,28.885593616509162,"rgba(38, 166, 154, 1.0)",0.16564732426404918,28.885593616509162,-1.1807834347953357,2,0.4405967607528005,0.881193521505601,0.0,0.0,0.0,0.0,38.21557766349913,-16.0419262330129,False,False,False,True,True,0.0
2025-09-30 14:00:00+00:00,28.69,28.69,28.69,28.69,0.0,28.593386305709167,28.60518062595542,28.723402155332586,28.829151313789353,28.916255381661625,28.81644423068701,28.885593616509162,"rgba(38, 166, 154, 1.0)",0.16344426275287188,28.885593616509162,-1.1966991879360045,2,0.44688332061821706,0.8937666412364341,0.0,0.0,0.0,0.0,36.665159446002825,-16.0419262330129,False,False,False,True,False,0.0
2025-09-30 15:00:00+00:00,28.69,28.69,28.69,28.69,0.0,28.593386305709167,28.60518062595542,28.723402155332586,28.829151313789353,28.916255381661625,28.81644423068701,28.885593616509162,"rgba(38, 166, 154, 1.0)",0.16119757336095425,28.885593616509162,-1.2133781696030048,2,0.4535259386267198,0.9070518772534396,0.0,0.0,0.0,0.0,35.631547301005284,-16.0419262330129,False,False,False,True,False,0.0
2025-09-30 16:00:00+00:00,28.69,28.69,28.69,28.69,0.0,28.593386305709167,28.60518062595542,28.723402155332586,28.829151313789353,28.916255381661625,28.81644423068701,28.885593616509162,"rgba(38, 166, 154, 1.0)",0.15890540559631783,28.885593616509162,-1.2308808235639597,2,0.46055663967991156,0.9211132793598231,0.0,0.0,0.0,0.0,34.942472537673595,-16.0419262330129,False,False,False,True,False,0.0
2025-09-30 17:00:00+00:00,28.69,28.69,28.69,28.69,0.0,28.593386305709167,28.60518062595542,28.723402155332586,28.829151313789353,28.916255381661625,28.81644423068701,28.885593616509162,"rgba(38, 166, 154, 1.0)",0.1565657620223527,28.885593616509162,-1.2492745155945146,2,0.4680116594453496,0.9360233188906992,0.0,0.0,0.0,0.0,34.48308936211913,-16.0419262330129,False,False,False,True,False,0.0
2025-09-30 18:00:00+00:00,28.69,28.765,28.69,28.765,1.0,28.593389232714443,28.605183337691326,28.723402525398907,28.82914899068862,28.916250254530645,28.81644226987465,28.822315540427383,"rgba(38, 166, 154, 1.0)",0.15313122206451876,28.822315540427383,-0.37429036126436194,2,0.4765731248294665,0.953146249658933,0.0,0.0,0.0,0.0,45.67075147811281,-9.853146184890093,True,False,False,True,True,2.066301096957467
2025-09-30 19:00:00+00:00,28.765,28.78,28.765,28.78,66.0,28.593628213307806,28.60540847277182,28.723478341533635,28.82905602379341,28.915979589466655,28.8163722301888,28.832599898014458,"rgba(38, 166, 154, 1.0)",0.1529252894191994,28.832599898014458,-0.3439581393909896,2,0.4858382553683707,0.9716765107367414,0.0,0.0,0.0,0.0,54.24298873708564,-2.3454400997893003,True,False,True,False,True,3.209108328982829
2025-10-01 14:00:00+00:00,28.78,28.78,28.72,28.72,35.0,28.593730283649784,28.60550303103295,28.723491205433934,28.82897501537714,28.91580094553048,28.81630384356264,28.82974092701379,"rgba(239, 83, 80, 1.0)",0.15344212748228017,28.82974092701379,-0.7151942482449317,2,0.4953867784489461,0.9907735568978921,0.0,0.0,0.0,0.0,52.34345967510118,-2.3454400997893003,True,False,True,False,True,0.0
2025-10-01 15:00:00+00:00,28.72,28.72,28.72,28.72,0.0,28.593730283649784,28.60550303103295,28.723491205433934,28.82897501537714,28.91580094553048,28.81630384356264,28.82974092701379,"rgba(239, 83, 80, 1.0)",0.1539553579842357,28.82974092701379,-0.7128100538406029,2,0.5056556452775237,1.0113112905550474,0.0,0.0,0.0,0.0,51.07710696711154,-2.3454400997893003,True,False,False,False,False,0.0
2025-10-01 16:00:00+00:00,28.72,28.83,28.72,28.83,400.0,28.59530845407285,28.60699915037104,28.724107205856402,28.828608303109796,28.914396419901752,28.81607115421952,28.831947189916075,"rgba(38, 166, 154, 1.0)",0.15339438659103413,28.831947189916075,-0.012694010252594345,2,0.5173850850118403,1.0347701700236807,0.0,0.0,0.0,0.0,57.54131612009844,-0.3777676180015064,True,False,True,False,True,6.381671103603576
2025-10-01 17:00:00+00:00,28.83,28.83,28.83,28.83,0.0,28.59530845407285,28.60699915037104,28.724107205856402,28.828608303109796,28.914396419901752,28.81607115421952,28.831947189916075,"rgba(38, 166, 154, 1.0)",0.15106892406985004,28.831947189916075,-0.012889414074179028,2,0.5302546752258829,1.0605093504517658,0.0,0.0,0.0,0.0,61.85078888875637,3.5005857625155414,True,False,True,False,True,6.381671103603576
2025-10-01 18:00:00+00:00,28.83,28.83,28.83,28.83,0.0,28.59530845407285,28.60699915037104,28.724107205856402,28.828608303109796,28.914396419901752,28.81607115421952,28.831947189916075,"rgba(38, 166, 154, 1.0)",0.15103940181523295,28.831947189916075,-0.012891933447002209,2,0.5444425427192715,1.088885085438543,0.0,0.0,0.0,0.0,64.72377073452833,6.144361140349773,True,False,True,False,True,6.381671103603576
2025-10-01 19:00:00+00:00,28.83,28.83,28.775,28.775,4.0,28.595324109760508,28.607013991212337,28.72411331099155,28.828604674091018,28.914382537316285,28.816068851130627,28.80250034510483,"rgba(38, 166, 154, 1.0)",0.15137365022283358,28.80250034510483,-0.18167194266866984,2,0.5482792449977085,1.096558489995417,0.0,0.0,0.0,0.0,61.17192767864759,6.144361140349773,True,False,True,False,True,2.1621432427227276
2025-10-02 14:00:00+00:00,28.775,28.775,28.775,28.775,0.0,28.595324109760508,28.607013991212337,28.72411331099155,28.828604674091018,28.914382537316285,28.816068851130627,28.80250034510483,"rgba(38, 166, 154, 1.0)",0.15167482405480257,28.80250034510483,-0.1813112049162067,2,0.5530761523419472,1.1061523046838944,0.0,0.0,0.0,0.0,58.804032308060435,6.144361140349773,True,False,True,False,False,2.1621432427227276
2025-10-02 15:00:00+00:00,28.775,28.775,28.775,28.775,0.0,28.595324109760508,28.607013991212337,28.72411331099155,28.828604674091018,28.914382537316285,28.816068851130627,28.80250034510483,"rgba(38, 166, 154, 1.0)",0.15143139855483045,28.80250034510483,-0.18160266211153395,2,0.5564289393457904,1.1128578786915808,0.0,0.0,0.0,0.0,57.22543539433566,6.144361140349773,True,False,True,False,False,2.1621432427227276
2025-10-02 16:00:00+00:00,28.775,28.775,28.775,28.775,0.0,28.595324109760508,28.607013991212337,28.72411331099155,28.828604674091018,28.914382537316285,28.816068851130627,28.80250034510483,"rgba(38, 166, 154, 1.0)",0.15112723593464306,28.80250034510483,-0.18196816036999966,2,0.559883339735253,1.119766679470506,0.0,0.0,0.0,0.0,56.17303745185248,6.144361140349773,True,False,True,False,False,2.1621432427227383
2025-10-02 17:00:00+00:00,28.775,28.775,28.775,28.775,0.0,28.595324109760508,28.607013991212337,28.72411331099155,28.828604674091018,28.914382537316285,28.816068851130627,28.80250034510483,"rgba(38, 166, 154, 1.0)",0.15087582150005915,28.80250034510483,-0.18227138604059975,2,0.5656480080972233,1.1312960161944465,0.0,0.0,0.0,0.0,55.47143882353036,13.148462767631862,True,False,True,False,False,2.1621432427227383
2025-10-02 18:00:00+00:00,28.775,28.775,28.775,28.775,0.0,28.595324109760508,28.607013991212337,28.72411331099155,28.828604674091018,28.914382537316285,28.816068851130627,28.80250034510483,"rgba(38, 166, 154, 1.0)",0.15045202162355745,28.80250034510483,-0.1827848161032883,2,0.5716712760441653,1.1433425520883307,0.0,0.0,0.0,0.0,55.00370640464895,12.107656340016163,True,False,True,False,False,2.1621432427227383
2025-10-02 19:00:00+00:00,28.775,28.775,28.775,28.775,0.0,28.595324109760508,28.607013991212337,28.72411331099155,28.828604674091018,28.914382537316285,28.816068851130627,28.80250034510483,"rgba(38, 166, 154, 1.0)",0.14996621241022867,28.80250034510483,-0.1833769397976354,2,0.5779705061852961,1.1559410123705922,0.0,0.0,0.0,0.0,54.691884792061344,11.176091525682686,True,False,True,False,False,2.1621432427227383
2025-10-03 14:00:00+00:00,28.775,28.775,28.775,28.775,0.0,28.595324109760508,28.607013991212337,28.72411331099155,28.828604674091018,28.914382537316285,28.816068851130627,28.80250034510483,"rgba(38, 166, 154, 1.0)",0.14819864317072312,28.80250034510483,-0.18556408153581963,2,0.5845647694401391,1.1691295388802783,0.0,0.0,0.0,0.0,54.484003717002935,10.332994639667909,True,False,True,False,False,2.1621432427227383
2025-10-03 15:00:00+00:00,28.775,28.775,28.775,28.775,0.0,28.595324109760508,28.607013991212337,28.72411331099155,28.828604674091018,28.914382537316285,28.816068851130627,28.80250034510483,"rgba(38, 166, 154, 1.0)",0.1461956605750567,28.80250034510483,-0.18810643897813406,2,0.5914750660506688,1.1829501321013376,0.0,0.0,0.0,0.0,54.345416333630666,9.567768238714194,True,False,True,False,False,2.1621432427227383
2025-10-03 16:00:00+00:00,28.775,28.775,28.775,28.775,0.0,28.595324109760508,28.607013991212337,28.72411331099155,28.828604674091018,28.914382537316285,28.816068851130627,28.80250034510483,"rgba(38, 166, 154, 1.0)",0.14446072442261745,28.80250034510483,-0.19036554893894966,2,0.5987245825723807,1.1974491651447614,0.0,0.0,0.0,0.0,54.253024744715816,8.87467276123536,True,False,True,False,False,2.1621432427227383
2025-10-03 17:00:00+00:00,28.775,28.775,28.775,28.775,0.0,28.595324109760508,28.607013991212337,28.72411331099155,28.828604674091018,28.914382537316285,28.816068851130627,28.80250034510483,"rgba(38, 166, 154, 1.0)",0.1427996454426471,28.80250034510483,-0.1925799256684774,2,0.606338991973114,1.212677983946228,0.0,0.0,0.0,0.0,54.19143035210592,8.249921398544721,True,False,True,False,False,2.1621432427227383
2025-10-03 18:00:00+00:00,28.775,28.775,28.775,28.775,0.0,28.595324109760508,28.607013991212337,28.72411331099155,28.828604674091018,28.914382537316285,28.816068851130627,28.80250034510483,"rgba(38, 166, 154, 1.0)",0.1410224248980699,28.80250034510483,-0.195006894291507,2,0.6143468056490755,1.228693611298151,0.0,0.0,0.0,0.0,54.15036742369932,7.690204660269558,True,False,True,False,False,2.1621432427227383
2025-10-03 19:00:00+00:00,28.775,28.775,28.775,28.775,0.0,28.595324109760508,28.607013991212337,28.72411331099155,28.828604674091018,28.914382537316285,28.816068851130627,28.80250034510483,"rgba(38, 166, 154, 1.0)",0.13912461197597478,28.80250034510483,-0.19766700308626123,2,0.6227797883116618,1.2455595766233236,0.0,0.0,0.0,0.0,54.12299213809492,7.192034975446909,True,False,True,False,False,2.1621432427227383
2025-10-06 14:00:00+00:00,28.775,28.8,28.775,28.8,100.0,28.595711411381785,28.607380933455204,28.724261923618435,28.828509915086826,28.91403174013302,28.81600721544458,28.793441589745107,"rgba(38, 166, 154, 1.0)",0.1369825398217762,28.793441589745107,0.047877709549159916,2,0.6320967555857878,1.2641935111715756,0.0,0.0,0.0,0.0,59.13389232733695,5.987829600054525,True,False,True,False,True,4.327967299812517
2025-10-06 15:00:00+00:00,28.8,28.8,28.8,28.8,0.0,28.595711411381785,28.607380933455204,28.724261923618435,28.828509915086826,28.91403174013302,28.81600721544458,28.793441589745107,"rgba(38, 166, 154, 1.0)",0.1347228720450278,28.793441589745107,0.04868074852725263,2,0.6419831983270124,1.283966396654025,0.0,0.0,0.0,0.0,62.4744924534983,9.070919493135555,True,False,True,False,True,4.327967299812517
2025-10-06 16:00:00+00:00,28.8,28.8,28.8,28.8,0.0,28.595711411381785,28.607380933455204,28.724261923618435,28.828509915086826,28.91403174013302,28.81600721544458,28.793441589745107,"rgba(38, 166, 154, 1.0)",0.1323395850287239,28.793441589745107,0.04955743403207551,2,0.6524938505639224,1.3049877011278448,0.0,0.0,0.0,0.0,64.70155920427254,11.046615938075476,True,False,True,False,True,4.327967299812517
2025-10-06 17:00:00+00:00,28.8,28.8,28.79,28.79,41.0,28.595871110585506,28.607532315390255,28.724324167893844,28.82847295542684,28.913890443422893,28.815983758915344,28.77648810384635,"rgba(239, 83, 80, 1.0)",0.1298578571472383,28.77648810384635,0.10405143324002408,2,0.6634976678799078,1.3269953357598157,0.0,0.0,0.0,0.0,62.55341457532365,11.046615938075476,True,False,True,False,False,3.3380013290063744
2025-10-06 18:00:00+00:00,28.79,28.79,28.76,28.76,8.0,28.59589856272005,28.607558118758796,28.724332197926955,28.828460970193852,28.913857583283377,28.81597447864109,28.77564029184756,"rgba(239, 83, 80, 1.0)",0.12896462256635996,28.77564029184756,-0.1212758315910183,2,0.6743956655656647,1.3487913311313293,0.0,0.0,0.0,0.0,54.37886789728118,9.07225806540417,True,False,True,False,False,0.4554328447895273
2025-10-06 19:00:00+00:00,28.76,28.76,28.76,28.76,0.0,28.59589856272005,28.607558118758796,28.724332197926955,28.828460970193852,28.913857583283377,28.81597447864109,28.77564029184756,"rgba(239, 83, 80, 1.0)",0.12800309680864333,28.77564029184756,-0.12218682389331856,3,0.4943063851167335,1.4829191553502006,0.0,0.0,0.0,0.0,48.92917011191954,4.4975244831785375,False,False,False,True,False,0.4554328447895273
2025-10-07 14:00:00+00:00,28.76,28.76,28.755,28.755,53.0,28.596066303128126,28.607714844782894,28.724369814302634,28.828363610777046,28.913620121232853,28.815895288002068,28.770602730108532,"rgba(239, 83, 80, 1.0)",0.12700351133611365,28.770602730108532,-0.12285274591535186,3,0.49417784167405027,1.4825335250221507,0.0,0.0,0.0,0.0,44.4309713288128,0.7863884935391567,False,False,False,True,False,0.0
2025-10-07 15:00:00+00:00,28.755,28.755,28.755,28.755,0.0,28.596066303128126,28.607714844782894,28.724369814302634,28.828363610777046,28.913620121232853,28.815895288002068,28.770602730108532,"rgba(239, 83, 80, 1.0)",0.12537859782516164,28.770602730108532,-0.12444492424688643,3,0.4940494612302748,1.4821483836908245,0.0,0.0,0.0,0.0,41.432172140074975,-1.6630272750948265,False,True,False,True,False,0.0
2025-10-07 16:00:00+00:00,28.755,28.8,28.75,28.75,3948.0,28.608369348798966,28.619256480050996,28.72774289985051,28.822703051288592,28.898756106100976,28.811441801669673,28.766001874906134,"rgba(239, 83, 80, 1.0)",0.12406780331589262,28.766001874906134,-0.12897685361117844,3,0.4937869212539465,1.4813607637618396,0.0,0.0,0.0,0.0,38.4939387204519,-4.232023987282346,False,True,False,True,False,0.0
2025-10-07 17:00:00+00:00,28.75,28.75,28.75,28.75,0.0,28.608369348798966,28.619256480050996,28.72774289985051,28.822703051288592,28.898756106100976,28.811441801669673,28.766001874906134,"rgba(239, 83, 80, 1.0)",0.12347166578638087,28.766001874906134,-0.12959957091547877,3,0.49352504965342453,1.4805751489602736,0.0,0.0,0.0,0.0,36.535116440703185,-6.049614037988064,False,True,False,True,False,0.0
2025-10-07 18:00:00+00:00,28.75,28.75,28.75,28.75,0.0,28.608369348798966,28.619256480050996,28.72774289985051,28.822703051288592,28.898756106100976,28.811441801669673,28.766001874906134,"rgba(239, 83, 80, 1.0)",0.12268310455786456,28.766001874906134,-0.13043258860951742,3,0.5008476224432356,1.5025428673297068,0.0,0.0,0.0,0.0,35.22923492087071,-7.4311295601021214,False,True,False,True,False,0.0
2025-10-07 19:00:00+00:00,28.75,28.75,28.745,28.745,50.0,28.60849554399731,28.61937353766245,28.727761993165966,28.822614803122786,28.89856152875151,28.811367672976115,28.76579217433931,"rgba(239, 83, 80, 1.0)",0.12075039402614739,28.76579217433931,-0.1721913581069309,3,0.5002201237540188,1.5006603712620565,0.0,0.0,0.0,0.0,33.25306736002109,-9.551671547088077,False,True,False,True,False,0.0
2025-10-08 14:00:00+00:00,28.745,28.745,28.745,28.745,0.0,28.60849554399731,28.61937353766245,28.727761993165966,28.822614803122786,28.89856152875151,28.811367672976115,28.76579217433931,"rgba(239, 83, 80, 1.0)",0.11868756775059192,28.76579217433931,-0.17518409664440748,3,0.499693729124507,1.499081187373521,0.0,0.0,0.0,0.0,31.93562231945468,-11.11758216004074,False,True,False,True,False,0.0
2025-10-08 15:00:00+00:00,28.745,28.745,28.745,28.745,0.0,28.60849554399731,28.61937353766245,28.727761993165966,28.822614803122786,28.89856152875151,28.811367672976115,28.76579217433931,"rgba(239, 83, 80, 1.0)",0.1164877134602633,28.76579217433931,-0.1784924239791354,3,0.49926749180741625,1.4978024754222488,0.0,0.0,0.0,0.0,31.057325625743736,-12.344938971527966,False,True,False,True,False,0.0
2025-10-08 16:00:00+00:00,28.745,28.745,28.745,28.745,0.0,28.60849554399731,28.61937353766245,28.727761993165966,28.822614803122786,28.89856152875151,28.811367672976115,28.76579217433931,"rgba(239, 83, 80, 1.0)",0.11389077270754451,28.76579217433931,-0.18256241348630353,3,0.5008491919433313,1.502547575829994,0.0,0.0,0.0,0.0,30.47179449660311,-13.359224879240486,False,True,False,True,False,0.0
2025-10-08 17:00:00+00:00,28.745,28.76,28.745,28.76,240.0,28.60913442960539,28.619969021745746,28.7278932712132,28.82224021452258,28.897685307631008,28.81105973003117,28.76525075205849,"rgba(239, 83, 80, 1.0)",0.11105322966773046,28.76525075205849,-0.04728139896693653,3,0.5029847474013316,1.5089542422039948,0.0,0.0,0.0,0.0,37.817063223865745,-18.56528198976465,False,True,False,True,True,0.6435548348228508
2025-10-08 18:00:00+00:00,28.76,28.76,28.72,28.72,200.0,28.60958414049062,28.620382292540057,28.727915033202645,28.821831644493447,28.89685360896041,28.8107074769814,28.76399874918253,"rgba(239, 83, 80, 1.0)",0.10826331763695551,28.76399874918253,-0.4064049591577676,3,0.5037986424412846,1.5113959273238537,0.0,0.0,0.0,0.0,34.02991472046651,-18.56528198976465,False,True,False,True,False,0.0
2025-10-08 19:00:00+00:00,28.72,28.73,28.72,28.73,1.0,28.609586260168477,28.62038422980878,28.727915008233815,28.82182945789867,28.896849302937525,28.810705572675896,28.76399144584862,"rgba(239, 83, 80, 1.0)",0.10518353757309866,28.76399144584862,-0.3231631739424791,3,0.5055363773024854,1.516609131907456,0.0,0.0,0.0,0.0,34.50713252481792,-18.56528198976465,False,True,False,True,False,0.0
2025-10-09 14:00:00+00:00,28.73,28.785,28.73,28.785,105.0,28.609884293140095,28.620663658856046,28.727996221042392,28.821696693943338,28.896504365600077,28.810601042867567,28.764038867630468,"rgba(38, 166, 154, 1.0)",0.10172330426429291,28.764038867630468,0.20606027813520233,3,0.5086872079642134,1.52606162389264,0.0,0.0,0.0,0.0,44.09888147135467,-13.154380391199545,False,True,False,True,True,3.213526213988281
2025-10-09 15:00:00+00:00,28.785,28.785,28.785,28.785,0.0,28.609884293140095,28.620663658856046,28.727996221042392,28.821696693943338,28.896504365600077,28.810601042867567,28.764038867630468,"rgba(38, 166, 154, 1.0)",0.09771709487314055,28.764038867630468,0.21450834571724037,5,0.36090504591603884,1.8045252295801941,0.0,0.0,0.0,0.0,50.49338076904584,-7.533219537921568,False,False,True,False,True,3.213526213988281
2025-10-09 16:00:00+00:00,28.785,28.785,28.785,28.785,0.0,28.609884293140095,28.620663658856046,28.727996221042392,28.821696693943338,28.896504365600077,28.810601042867567,28.764038867630468,"rgba(38, 166, 154, 1.0)",0.09306628462095974,28.764038867630468,0.22522799158580883,5,0.36692812053873236,1.834640602693662,0.0,0.0,0.0,0.0,54.756380300839965,-3.8703925514525963,True,False,True,False,True,3.213526213988281
2025-10-09 17:00:00+00:00,28.785,28.785,28.785,28.785,0.0,28.609884293140095,28.620663658856046,28.727996221042392,28.821696693943338,28.896504365600077,28.810601042867567,28.764038867630468,"rgba(38, 166, 154, 1.0)",0.08844028880833245,28.764038867630468,0.23700886385569045,5,0.37238981828100004,1.861949091405,0.0,0.0,0.0,0.0,57.5983799887027,-1.3516323472925293,True,False,True,False,True,3.213526213988281
2025-10-09 18:00:00+00:00,28.785,28.785,28.67,28.67,278.0,28.61037637018524,28.621104816034933,28.727887719994694,28.82097889382377,28.895193496383165,28.809962372234065,28.751517966015882,"rgba(239, 83, 80, 1.0)",0.08413186774931573,28.751517966015882,-0.9689308961828376,5,0.37518474908793037,1.8759237454396518,0.0,0.0,0.0,0.0,47.03073329816293,6.886383079342039,False,True,False,True,False,0.0
2025-10-09 19:00:00+00:00,28.67,28.67,28.67,28.67,0.0,28.61037637018524,28.621104816034933,28.727887719994694,28.82097889382377,28.895193496383165,28.809962372234065,28.751517966015882,"rgba(239, 83, 80, 1.0)",0.07838476364057632,28.751517966015882,-1.0399720842391138,6,0.4209033183240554,2.5254199099443326,0.0,0.0,0.0,0.0,39.98563550446974,0.7311770386886849,False,True,False,True,False,0.0
2025-10-10 14:00:00+00:00,28.67,28.67,28.67,28.67,0.0,28.61037637018524,28.621104816034933,28.727887719994694,28.82097889382377,28.895193496383165,28.809962372234065,28.751517966015882,"rgba(239, 83, 80, 1.0)",0.07183897157989062,28.751517966015882,-1.1347318067495722,6,0.4249269883741937,2.549561930245162,0.0,0.0,0.0,0.0,35.28890364200762,-3.3561725769504847,False,True,False,True,False,0.0
2025-10-10 15:00:00+00:00,28.67,28.67,28.67,28.67,0.0,28.61037637018524,28.621104816034933,28.727887719994694,28.82097889382377,28.895193496383165,28.809962372234065,28.751517966015882,"rgba(239, 83, 80, 1.0)",0.06425084568307501,28.751517966015882,-1.2687454172662191,6,0.4294616557824238,2.5767699346945427,0.0,0.0,0.0,0.0,32.15774906703287,-6.238404007702748,False,True,False,True,False,0.0
2025-10-10 16:00:00+00:00,28.67,28.69,28.67,28.69,200.0,28.610637775667772,28.621329281342796,28.727711546065628,28.82035472168687,28.8941369952958,28.809395989414426,28.74712228512094,"rgba(239, 83, 80, 1.0)",0.05487553484153095,28.74712228512094,-1.0409426584341648,6,0.4352884926790053,2.611730956074032,0.0,0.0,0.0,0.0,33.56118035102983,-6.238404007702748,False,True,False,True,False,0.0
2025-10-10 17:00:00+00:00,28.69,28.69,28.565,28.565,50.0,28.61063422172104,28.621316070827916,28.727592007373744,28.820112746763282,28.893779053358564,28.809169552105427,28.73699026224559,"rgba(239, 83, 80, 1.0)",0.05775819430028272,28.73699026224559,-2.977763836442302,6,0.43527127416487116,2.611627644989227,0.0,0.0,0.0,0.0,28.454705294693934,-10.158154049512248,False,True,False,True,False,0.0
2025-10-10 18:00:00+00:00,28.565,28.565,28.565,28.565,0.0,28.61063422172104,28.621316070827916,28.727592007373744,28.820112746763282,28.893779053358564,28.809169552105427,28.73699026224559,"rgba(239, 83, 80, 1.0)",0.06029417374181382,28.73699026224559,-2.852518768763143,6,0.43592355869800353,2.6155413521880213,0.0,0.0,0.0,0.0,25.05038859047,-13.710936762769265,False,True,False,True,False,0.0
2025-10-10 19:00:00+00:00,28.565,28.565,28.565,28.565,0.0,28.61063422172104,28.621316070827916,28.727592007373744,28.820112746763282,28.893779053358564,28.809169552105427,28.73699026224559,"rgba(239, 83, 80, 1.0)",0.06252567040248787,28.73699026224559,-2.750714404795032,5,0.45119965121333544,2.255998256066677,0.0,0.0,0.0,0.0,22.78084412098738,-16.298092016955238,False,True,False,True,False,0.0
2025-10-13 14:00:00+00:00,28.565,28.565,28.565,28.565,0.0,28.61063422172104,28.621316070827916,28.727592007373744,28.820112746763282,28.893779053358564,28.809169552105427,28.73699026224559,"rgba(239, 83, 80, 1.0)",0.06448430215988044,28.73699026224559,-2.6671648212794845,5,0.44808181449309165,2.240409072465458,0.0,0.0,0.0,0.0,21.267814474665627,-18.299932155337245,False,True,False,True,False,0.0
2025-10-13 15:00:00+00:00,28.565,28.565,28.565,28.565,0.0,28.61063422172104,28.621316070827916,28.727592007373744,28.820112746763282,28.893779053358564,28.809169552105427,28.73699026224559,"rgba(239, 83, 80, 1.0)",0.06619429495437396,28.73699026224559,-2.5982641308308865,5,0.4454856867587524,2.227428433793762,0.0,0.0,0.0,0.0,20.259128043784457,-19.93787879284875,False,True,False,True,False,0.0
2025-10-13 16:00:00+00:00,28.565,28.565,28.565,28.565,0.0,28.61063422172104,28.621316070827916,28.727592007373744,28.820112746763282,28.893779053358564,28.809169552105427,28.73699026224559,"rgba(239, 83, 80, 1.0)",0.06767449916815235,28.73699026224559,-2.5414338393290756,5,0.44505752729162734,2.2252876364581367,0.0,0.0,0.0,0.0,19.586670423197017,-21.337936910155534,False,True,False,True,False,0.0
2025-10-13 17:00:00+00:00,28.565,28.565,28.565,28.565,0.0,28.61063422172104,28.621316070827916,28.727592007373744,28.820112746763282,28.893779053358564,28.809169552105427,28.73699026224559,"rgba(239, 83, 80, 1.0)",0.07007704897193834,28.73699026224559,-2.454302296811351,5,0.4439881637331221,2.2199408186656107,0.0,0.0,0.0,0.0,19.138365342805386,-22.570091507074277,False,True,False,True,False,0.0
2025-10-13 18:00:00+00:00,28.565,28.565,28.565,28.565,0.0,28.61063422172104,28.621316070827916,28.727592007373744,28.820112746763282,28.893779053358564,28.809169552105427,28.73699026224559,"rgba(239, 83, 80, 1.0)",0.07160955193094481,28.73699026224559,-2.4017782210318117,5,0.4409505615523882,2.204752807761941,0.0,0.0,0.0,0.0,18.839495289210966,-23.67239997189142,False,True,False,True,False,0.0
2025-10-13 19:00:00+00:00,28.565,28.565,28.565,28.565,0.0,28.61063422172104,28.621316070827916,28.727592007373744,28.820112746763282,28.893779053358564,28.809169552105427,28.73699026224559,"rgba(239, 83, 80, 1.0)",0.07309952489834252,28.73699026224559,-2.352823256851147,5,0.43876279520590034,2.1938139760295017,0.0,0.0,0.0,0.0,18.640248586814685,-24.66544677678652,False,True,False,True,False,0.0
2025-10-14 14:00:00+00:00,28.565,28.565,28.565,28.565,0.0,28.61063422172104,28.621316070827916,28.727592007373744,28.820112746763282,28.893779053358564,28.809169552105427,28.73699026224559,"rgba(239, 83, 80, 1.0)",0.07454951797599767,28.73699026224559,-2.3070606881853295,5,0.4402080616569455,2.2010403082847274,0.0,0.0,0.0,0.0,18.507417451883832,-25.560799049279485,False,True,False,True,False,0.0
2025-10-14 15:00:00+00:00,28.565,28.565,28.48,28.48,100.0,28.610451440380675,28.621112849845296,28.727159800249673,28.81940824012351,28.892821566971378,28.8084990155652,28.712284719172423,"rgba(239, 83, 80, 1.0)",0.07869756226294129,28.712284719172423,-2.9516126356788797,5,0.43669397095903895,2.1834698547951947,0.0,0.0,0.0,0.0,15.232990406428305,-29.233068258182676,False,True,False,True,False,0.0
2025-10-14 16:00:00+00:00,28.48,28.48,28.48,28.48,0.0,28.610451440380675,28.621112849845296,28.727159800249673,28.81940824012351,28.892821566971378,28.8084990155652,28.712284719172423,"rgba(239, 83, 80, 1.0)",0.08259490855217634,28.712284719172423,-2.8123370222716018,5,0.4339599684105388,2.169799842052694,0.0,0.0,0.0,0.0,13.050039042791289,-31.67370112347806,False,True,False,True,False,0.0
2025-10-14 17:00:00+00:00,28.48,28.48,28.48,28.48,0.0,28.610451440380675,28.621112849845296,28.727159800249673,28.81940824012351,28.892821566971378,28.8084990155652,28.712284719172423,"rgba(239, 83, 80, 1.0)",0.0869412662871185,28.712284719172423,-2.671742994923907,5,0.4326100351759644,2.163050175879822,0.0,0.0,0.0,0.0,11.594738133699948,-33.359438496070844,False,True,False,True,False,0.0
2025-10-14 18:00:00+00:00,28.48,28.48,28.48,28.48,0.0,28.610451440380675,28.621112849845296,28.727159800249673,28.81940824012351,28.892821566971378,28.8084990155652,28.712284719172423,"rgba(239, 83, 80, 1.0)",0.09096643277449196,28.712284719172423,-2.553521250506354,5,0.4319870654349967,2.1599353271749835,0.0,0.0,0.0,0.0,10.624537527639054,-34.58193131297574,False,True,False,True,False,0.0
2025-10-14 19:00:00+00:00,28.48,28.48,28.48,28.48,0.0,28.610451440380675,28.621112849845296,28.727159800249673,28.81940824012351,28.892821566971378,28.8084990155652,28.712284719172423,"rgba(239, 83, 80, 1.0)",0.09471136807726892,28.712284719172423,-2.45255373127877,5,0.4320816915878325,2.1604084579391625,0.0,0.0,0.0,0.0,9.977737123598459,-35.51725993792785,False,True,False,True,False,0.0
2025-10-15 14:00:00+00:00,28.48,28.48,28.48,28.48,0.0,28.610451440380675,28.621112849845296,28.727159800249673,28.81940824012351,28.892821566971378,28.8084990155652,28.712284719172423,"rgba(239, 83, 80, 1.0)",0.09820813529266761,28.712284719172423,-2.365228893514748,5,0.43289533187292717,2.164476659364636,0.0,0.0,0.0,0.0,9.546536854238061,-36.270198359274524,False,True,False,True,False,0.0
2025-10-15 15:00:00+00:00,28.48,28.48,28.48,28.48,0.0,28.610451440380675,28.621112849845296,28.727159800249673,28.81940824012351,28.892821566971378,28.8084990155652,28.712284719172423,"rgba(239, 83, 80, 1.0)",0.1014823909626746,28.712284719172423,-2.2889165003794365,5,0.4344402498436047,2.1722012492180234,0.0,0.0,0.0,0.0,9.259070007997796,-36.90216152962147,False,True,False,True,False,0.0
2025-10-15 16:00:00+00:00,28.48,28.48,28.48,28.48,0.0,28.610451440380675,28.621112849845296,28.727159800249673,28.81940824012351,28.892821566971378,28.8084990155652,28.712284719172423,"rgba(239, 83, 80, 1.0)",0.10458683189212324,28.712284719172423,-2.2209748107870255,5,0.437504328838269,2.187521644191345,0.0,0.0,0.0,0.0,9.06742544383762,-37.44867002328914,False,True,False,True,False,0.0
2025-10-15 17:00:00+00:00,28.48,28.48,28.48,28.48,0.0,28.610451440380675,28.621112849845296,28.727159800249673,28.81940824012351,28.892821566971378,28.8084990155652,28.712284719172423,"rgba(239, 83, 80, 1.0)",0.10751693769689548,28.712284719172423,-2.1604476852499683,5,0.4422569064391868,2.211284532195934,0.0,0.0,0.0,0.0,8.939662401064169,-37.93012585798497,False,True,False,True,False,0.0
2025-10-15 18:00:00+00:00,28.48,28.675,28.48,28.675,0.0,28.610451440380675,28.621112849845296,28.727159800249673,28.81940824012351,28.892821566971378,28.8084990155652,28.712284719172423,"rgba(38, 166, 154, 1.0)",0.10752824895882286,28.712284719172423,-0.3467434793502543,5,0.4549680092853639,2.2748400464268195,0.0,0.0,0.0,0.0,32.48286730153277,-22.650093072996594,False,False,False,True,True,0.0
2025-10-15 19:00:00+00:00,28.68,28.68,28.675,28.68,0.0,28.610451440380675,28.621112849845296,28.727159800249673,28.81940824012351,28.892821566971378,28.8084990155652,28.712284719172423,"rgba(38, 166, 154, 1.0)",0.10752866787159934,28.712284719172423,-0.30024290090690026,5,0.469289058748904,2.34644529374452,0.0,0.0,0.0,0.0,48.3274936167186,-9.466370099838414,True,False,True,False,True,0.4107372138185248
2025-10-16 14:00:00+00:00,28.68,28.68,28.68,28.68,0.0,28.610451440380675,28.621112849845296,28.727159800249673,28.81940824012351,28.892821566971378,28.8084990155652,28.712284719172423,"rgba(38, 166, 154, 1.0)",0.10748945056054737,28.712284719172423,-0.3003524439287932,5,0.4878056441327132,2.439028220663566,0.0,0.0,0.0,0.0,58.89057782684249,-1.3508179009623333,True,False,True,False,True,0.4107372138185248
2025-10-16 15:00:00+00:00,28.68,28.68,28.68,28.68,0.0,28.610451440380675,28.621112849845296,28.727159800249673,28.81940824012351,28.892821566971378,28.8084990155652,28.712284719172423,"rgba(38, 166, 154, 1.0)",0.1074475359084582,28.712284719172423,-0.3004696096514407,5,0.5092430151884388,2.546215075942194,0.0,0.0,0.0,0.0,65.93263396692508,3.8302679670255984,True,False,True,False,True,0.4107372138185248
2025-10-16 16:00:00+00:00,28.68,28.68,28.68,28.68,0.0,28.610451440380675,28.621112849845296,28.727159800249673,28.81940824012351,28.892821566971378,28.8084990155652,28.712284719172423,"rgba(38, 166, 154, 1.0)",0.10745550095044527,28.712284719172423,-0.30044733761291736,5,0.5344047329627639,2.6720236648138194,0.0,0.0,0.0,0.0,70.62733806031348,7.34857531693055,True,False,True,False,True,0.4107372138185248
2025-10-16 17:00:00+00:00,28.68,28.68,28.68,28.68,0.0,28.610451440380675,28.621112849845296,28.727159800249673,28.81940824012351,28.892821566971378,28.8084990155652,28.712284719172423,"rgba(38, 166, 154, 1.0)",0.10746329773549124,28.712284719172423,-0.3004255392560982,5,0.5644429264853348,2.822214632426674,0.0,0.0,0.0,0.0,73.75714078923907,9.943654366869495,True,False,True,False,True,0.41073721381853545
2025-10-16 18:00:00+00:00,28.68,28.68,28.68,28.68,0.0,28.610451440380675,28.621112849845296,28.727159800249673,28.81940824012351,28.892821566971378,28.8084990155652,28.712284719172423,"rgba(38, 166, 154, 1.0)",0.10747092630021615,28.712284719172423,-0.3004042142731458,4,0.3315448421219484,1.3261793684877936,0.0,0.0,0.0,0.0,75.84367594185613,12.031852306568183,True,False,True,False,True,0.41073721381853545
2025-10-16 19:00:00+00:00,28.68,28.68,28.68,28.68,0.0,28.610451440380675,28.621112849845296,28.727159800249673,28.81940824012351,28.892821566971378,28.8084990155652,28.712284719172423,"rgba(38, 166, 154, 1.0)",0.10747838668043966,28.712284719172423,-0.3003833623630228,4,0.3345607642948325,1.33824305717933,0.0,0.0,0.0,0.0,77.23469937693417,13.83731052728217,True,False,True,False,True,0.41073721381853545
2025-10-17 14:00:00+00:00,28.68,28.68,28.68,28.68,0.0,28.610451440380675,28.621112849845296,28.727159800249673,28.81940824012351,28.892821566971378,28.8084990155652,28.712284719172423,"rgba(38, 166, 154, 1.0)",0.10748567891118191,28.712284719172423,-0.30036298323148014,4,0.3377413414714091,1.3509653658856364,0.0,0.0,0.0,0.0,78.16204833365288,15.473058405122089,True,False,True,False,True,0.41073721381853545
2025-10-17 15:00:00+00:00,28.68,28.68,28.68,28.68,0.0,28.610451440380675,28.621112849845296,28.727159800249673,28.81940824012351,28.892821566971378,28.8084990155652,28.712284719172423,"rgba(38, 166, 154, 1.0)",0.10713959068298966,28.712284719172423,-0.30133323234311526,4,0.34109764690502237,1.3643905876200895,0.0,0.0,0.0,0.0,78.78028097146534,16.99040268581213,True,False,True,False,True,0.41073721381853545
2025-10-17 16:00:00+00:00,28.68,28.89,28.68,28.835,349.0,28.611636392154068,28.622239193255268,28.727668872400255,28.819269422772233,28.89203809054714,28.808446277701584,28.764728909174107,"rgba(38, 166, 154, 1.0)",0.1079518578044407,28.764728909174107,0.6509484158502704,4,0.3408396067374928,1.3633584269499712,0.0,0.0,0.0,0.0,83.60300904402717,22.37788453398555,True,False,True,False,True,13.852879937269869
2025-10-17 17:00:00+00:00,28.835,28.835,28.815,28.82,0.0,28.611636392154068,28.622239193255268,28.727668872400255,28.819269422772233,28.89203809054714,28.808446277701584,28.764728909174107,"rgba(38, 166, 154, 1.0)",0.1089362984360288,28.764728909174107,0.5073707443653492,5,0.41883686688231786,2.0941843344115894,0.0,0.0,0.0,0.0,84.72813260371365,24.200943134496455,True,False,True,False,True,12.299290053746006
2025-10-17 18:00:00+00:00,28.82,28.82,28.82,28.82,0.0,28.611636392154068,28.622239193255268,28.727668872400255,28.819269422772233,28.89203809054714,28.808446277701584,28.764728909174107,"rgba(38, 166, 154, 1.0)",0.10989552778367856,28.764728909174107,0.502942130044554,5,0.4152674611724829,2.0763373058624146,0.0,0.0,0.0,0.0,85.47821497683796,25.743783275204663,True,False,True,False,True,12.299290053746006
2025-10-17 19:00:00+00:00,28.82,28.845,28.82,28.845,0.0,28.611636392154068,28.622239193255268,28.727668872400255,28.819269422772233,28.89203809054714,28.808446277701584,28.764728909174107,"rgba(38, 166, 154, 1.0)",0.11016155212865232,28.764728909174107,0.7286670283307886,5,0.41127928519904466,2.0563964259952234,0.0,0.0,0.0,0.0,86.51743988874152,27.575827935236887,True,False,True,False,True,14.145801568377262
