date,Open,High,Low,Close,Volume,aVWAP_BoS_CHoCH_bull_119,Peaks_Valleys_avg,color,StDev,StDev_Mean,StdDev_ZScore,MA_Cross_Count,MA_Avg_Deviation_Z,MA_Oscillation_Score,BoS,CHoCH,BoS_CHoCH_Price,BoS_CHoCH_Break_Index,QQEMOD,QQE1_Value,QQE1_Above_Upper,QQE1_Below_Lower,QQE2_Above_Threshold,QQE2_Below_Threshold,QQE2_Above_TL,banker_RSI
2023-12-01 17:00:00+00:00,34.505,34.77,34.325,34.745,15464.0,,,"rgba(38, 166, 154, 1.0)",,,,0,,,0.0,0.0,0.0,0.0,,,False,False,False,False,False,
2023-12-04 17:00:00+00:00,34.86,35.01,34.61,34.72,24202.0,,,"rgba(239, 83, 80, 1.0)",,,,0,,,0.0,0.0,0.0,0.0,0.0,,False,False,False,True,False,
2023-12-05 17:00:00+00:00,34.18,34.31,33.96,34.19,22955.0,,,"rgba(239, 83, 80, 1.0)",,,,0,,,0.0,0.0,0.0,0.0,0.0,-50.0,False,False,False,True,True,
2023-12-06 17:00:00+00:00,34.58,34.665,34.25,34.315,16049.0,,,"rgba(239, 83, 80, 1.0)",,,,0,,,0.0,0.0,0.0,0.0,6.76556078981658,-43.91099528916508,False,False,False,True,True,
2023-12-07 17:00:00+00:00,34.275,34.35,34.18,34.3,53308.0,,,"rgba(239, 83, 80, 1.0)",,,,0,,,0.0,0.0,0.0,0.0,11.095498794331332,-40.419984732490796,False,False,False,True,True,
2023-12-08 17:00:00+00:00,34.455,34.595,34.325,34.35,32184.0,,,"rgba(239, 83, 80, 1.0)",,,,0,,,0.0,0.0,0.0,0.0,16.41403553320076,-36.109595893053324,False,False,False,True,True,
2023-12-11 17:00:00+00:00,34.89,34.94,34.41,34.525,41700.0,,,"rgba(239, 83, 80, 1.0)",,,,0,,,0.0,0.0,0.0,0.0,26.36995897896423,-27.693534190452493,False,False,False,True,True,
2023-12-12 17:00:00+00:00,34.17,34.515,34.155,34.395,41574.0,,,"rgba(239, 83, 80, 1.0)",,,,0,,,0.0,0.0,0.0,0.0,30.222062764713666,-25.049612572125422,False,False,False,True,True,
2023-12-13 17:00:00+00:00,34.35,34.84,34.07,34.685,104911.0,,,"rgba(239, 83, 80, 1.0)",,,,0,,,0.0,0.0,0.0,0.0,39.24176095914784,-17.49425377081141,False,False,False,True,True,
2023-12-14 17:00:00+00:00,35.625,35.77,35.29,35.38,63350.0,,,"rgba(239, 83, 80, 1.0)",,35.48,,0,,,0.0,0.0,0.0,0.0,51.758375658800894,-6.897037163522199,False,False,True,False,True,
2023-12-15 17:00:00+00:00,34.84,34.955,34.7,34.85,29937.0,,,"rgba(239, 83, 80, 1.0)",,35.27301119126995,,0,,,0.0,0.0,0.0,0.0,52.896699696562095,-6.754743795757058,False,False,True,False,True,
2023-12-18 17:00:00+00:00,34.83,35.07,34.81,34.96,14310.0,,,"rgba(239, 83, 80, 1.0)",,35.22960858574124,,0,,,0.0,0.0,0.0,0.0,54.57718427330808,-5.4937095657903825,False,False,True,False,True,
2023-12-19 17:00:00+00:00,34.615,34.71,34.45,34.67,45838.0,,,"rgba(239, 83, 80, 1.0)",,35.044503372763714,,0,,,0.0,0.0,0.0,0.0,52.71095381022121,-5.4937095657903825,False,False,True,False,True,
2023-12-20 17:00:00+00:00,34.72,34.8,34.17,34.2,22047.0,,,"rgba(239, 83, 80, 1.0)",,34.962273651998494,,0,,,0.0,0.0,0.0,0.0,47.876003749821116,-5.4937095657903825,False,False,False,True,False,
2023-12-21 17:00:00+00:00,34.275,34.575,34.085,34.49,20488.0,,,"rgba(239, 83, 80, 1.0)",,34.9017474018132,,0,,,0.0,0.0,0.0,0.0,47.38091423276106,-5.4937095657903825,False,False,False,True,False,
2023-12-22 17:00:00+00:00,34.59,34.8,34.49,34.625,16721.0,,,"rgba(239, 83, 80, 1.0)",,34.881038736947026,,0,,,0.0,0.0,0.0,0.0,48.209990526887466,-5.4937095657903825,False,False,False,False,False,
2023-12-25 17:00:00+00:00,34.625,34.625,34.625,34.625,0.0,,,"rgba(239, 83, 80, 1.0)",,34.881038736947026,,0,,,0.0,0.0,0.0,0.0,48.76270805630508,-5.4937095657903825,False,False,False,False,False,
2023-12-26 17:00:00+00:00,34.56,34.77,34.56,34.63,14094.0,,,"rgba(239, 83, 80, 1.0)",,34.86688753665366,,0,,,0.0,0.0,0.0,0.0,49.18184243323333,-5.4937095657903825,False,False,False,False,False,
2023-12-27 17:00:00+00:00,34.545,34.6,34.385,34.555,14438.0,,,"rgba(239, 83, 80, 1.0)",,34.84572613998941,,0,,,0.0,0.0,0.0,0.0,48.64985739648675,-5.4937095657903825,False,False,False,False,False,
2023-12-28 17:00:00+00:00,34.53,34.695,34.4,34.62,22425.0,,,"rgba(239, 83, 80, 1.0)",,34.822415575565394,,0,,,0.0,0.0,0.0,0.0,49.086635015414814,-5.4937095657903825,False,False,False,False,False,
2023-12-29 17:00:00+00:00,34.5,34.88,34.41,34.765,22870.0,,,"rgba(239, 83, 80, 1.0)",,34.81144700042114,,0,,,0.0,0.0,0.0,0.0,51.08048000677346,-5.026861257165763,False,False,False,False,False,
2024-01-01 17:00:00+00:00,34.765,34.765,34.765,34.765,0.0,,,"rgba(239, 83, 80, 1.0)",,34.81144700042114,,0,,,0.0,0.0,0.0,0.0,52.40971000101256,-3.2496471513776157,False,False,True,False,True,
2024-01-02 17:00:00+00:00,34.875,34.89,34.53,34.705,19933.0,,34.708333333333336,"rgba(239, 83, 80, 1.0)",,34.75653667035404,,0,,,0.0,0.0,0.0,0.0,52.364361932243256,-2.7864459095368517,False,False,True,False,True,
2024-01-03 17:00:00+00:00,34.33,34.55,34.09,34.095,24784.0,,34.451534949422665,"rgba(239, 83, 80, 1.0)",,34.60719676207529,,0,,,0.0,0.0,0.0,0.0,45.93490996023496,1.1971591267542578,False,False,False,True,False,
2024-01-04 17:00:00+00:00,34.27,34.275,34.025,34.11,16498.0,,34.25167087315201,"rgba(239, 83, 80, 1.0)",,34.412163664012525,,0,,,0.0,0.0,0.0,0.0,41.872970930778465,-2.597753518584284,False,False,False,True,False,
2024-01-05 17:00:00+00:00,34.415,34.43,34.19,34.215,50230.0,,34.28508269187874,"rgba(38, 166, 154, 1.0)",,34.4153029273377,,0,,,0.0,0.0,0.0,0.0,40.78572931069974,-3.626545112845136,False,False,False,True,False,
2024-01-08 17:00:00+00:00,34.5,34.6,34.435,34.53,14806.0,,34.32177976354011,"rgba(38, 166, 154, 1.0)",,34.43792540064785,,0,,,0.0,0.0,0.0,0.0,44.12319261619854,-3.626545112845136,False,False,False,True,True,
2024-01-09 17:00:00+00:00,34.36,34.47,34.24,34.44,7632.0,,34.32656762953489,"rgba(38, 166, 154, 1.0)",,34.439381275428985,,0,,,0.0,0.0,0.0,0.0,45.33250357054089,-3.626545112845136,False,False,False,True,True,
2024-01-10 17:00:00+00:00,34.205,34.4,34.115,34.27,21694.0,,34.31639706563759,"rgba(38, 166, 154, 1.0)",,34.426003449333614,,0,,,0.0,0.0,0.0,0.0,44.33924726887968,-3.626545112845136,False,False,False,True,True,
2024-01-11 17:00:00+00:00,34.11,34.35,34.09,34.325,25617.0,,34.30682008630617,"rgba(38, 166, 154, 1.0)",,34.412494633981446,,0,,,0.0,0.0,0.0,0.0,44.43651393012934,-3.626545112845136,False,False,False,True,True,
2024-01-12 17:00:00+00:00,34.71,34.885,34.645,34.74,14996.0,,34.34650984376566,"rgba(38, 166, 154, 1.0)",,34.44032991580523,,0,,,0.0,0.0,0.0,0.0,49.13773506878813,-6.208417740837746,False,False,False,False,True,
2024-01-15 17:00:00+00:00,34.74,34.74,34.74,34.74,0.0,,34.34650984376566,"rgba(38, 166, 154, 1.0)",,34.44032991580523,,0,,,0.0,0.0,0.0,0.0,52.271882494560664,-3.2157429556167187,False,False,True,False,True,
2024-01-16 17:00:00+00:00,34.81,34.97,34.69,34.91,31907.0,,34.42680357334905,"rgba(38, 166, 154, 1.0)",,34.49858559427795,,0,,,0.0,0.0,0.0,0.0,55.95380003214511,0.22694535626340695,False,False,True,False,True,
2024-01-17 17:00:00+00:00,34.595,34.77,34.52,34.715,44010.0,,34.46975190100886,"rgba(38, 166, 154, 1.0)",,34.527905420393616,,0,,,0.0,0.0,0.0,0.0,55.676259638266785,0.22694535626340695,False,False,True,False,True,
2024-01-18 17:00:00+00:00,34.6,34.77,34.44,34.725,11340.0,,34.47741366928037,"rgba(38, 166, 154, 1.0)",,34.533018488867896,,0,,,0.0,0.0,0.0,0.0,55.60212673853232,0.22694535626340695,False,False,True,False,True,
2024-01-19 17:00:00+00:00,35.17,35.35,35.15,35.35,21389.0,,34.53880870100231,"rgba(38, 166, 154, 1.0)",,34.58165388966773,,0,,,0.0,0.0,0.0,0.0,60.64035795037421,5.085981586580111,False,False,True,False,True,
2024-01-22 17:00:00+00:00,35.785,36.14,35.63,36.13,22147.0,,34.643142917935876,"rgba(38, 166, 154, 1.0)",,34.66684494126143,,0,,,0.0,0.0,0.0,0.0,67.16963115172813,11.103655102133509,False,False,True,False,True,
2024-01-23 17:00:00+00:00,36.32,36.45,36.22,36.405,21665.0,,34.757501267715675,"rgba(38, 166, 154, 1.0)",,34.76177663813858,,0,,,0.0,0.0,0.0,0.0,72.2746430476621,15.613381051545531,False,False,True,False,True,
2024-01-24 17:00:00+00:00,36.615,36.67,36.075,36.24,31217.0,,35.37283638727092,"rgba(38, 166, 154, 1.0)",,35.240455500981774,,0,,,0.0,0.0,0.0,0.0,73.71140105037799,16.79193072806045,False,False,True,False,True,
2024-01-25 17:00:00+00:00,36.36,36.36,35.93,36.13,23808.0,,35.397603541726376,"rgba(38, 166, 154, 1.0)",,35.27021310762879,,0,,,0.0,0.0,0.0,0.0,73.36952002166785,16.79193072806045,False,False,True,False,True,
2024-01-26 17:00:00+00:00,36.56,36.57,36.245,36.265,27649.0,,35.4728447703913,"rgba(38, 166, 154, 1.0)",,35.34081786038662,,0,,,0.0,0.0,0.0,0.0,73.73957832123037,17.183620791854196,False,False,True,False,True,
2024-01-29 17:00:00+00:00,35.99,36.375,35.95,36.325,23835.0,,35.51003199685323,"rgba(38, 166, 154, 1.0)",,35.37892719030068,,0,,,0.0,0.0,0.0,0.0,74.25675445549585,18.094469877348672,True,False,True,False,True,
2024-01-30 17:00:00+00:00,36.425,36.46,36.2,36.395,21358.0,,35.55293918794458,"rgba(38, 166, 154, 1.0)",,35.42066686189132,,0,,,0.0,0.0,0.0,0.0,74.93147581997935,19.20016117729628,True,False,True,False,True,
2024-01-31 17:00:00+00:00,36.26,36.475,35.89,35.9,27889.0,,35.5760521174922,"rgba(38, 166, 154, 1.0)",,35.44738534750588,,0,,,0.0,0.0,0.0,0.0,69.23641232413992,19.20016117729628,True,False,True,False,False,
2024-02-01 17:00:00+00:00,36.14,36.62,36.11,36.365,63169.0,,35.67420762370995,"rgba(38, 166, 154, 1.0)",,35.545105981766824,,0,,,0.0,0.0,0.0,0.0,68.29829252870347,23.997259373510218,True,False,True,False,False,
2024-02-02 17:00:00+00:00,35.15,35.37,34.88,35.08,37635.0,,35.60561656277096,"rgba(239, 83, 80, 1.0)",,35.493158329135625,,0,,,0.0,0.0,0.0,0.0,59.09488585898318,15.424294983013908,True,False,True,False,False,
2024-02-05 17:00:00+00:00,34.665,34.96,34.595,34.63,26417.0,,35.34045163165216,"rgba(239, 83, 80, 1.0)",,35.301058293336304,,0,,,0.0,0.0,0.0,0.0,51.163264941346355,8.436142850882874,False,False,False,False,False,
2024-02-06 17:00:00+00:00,35.025,35.185,34.94,34.995,47142.0,,35.346460978749924,"rgba(239, 83, 80, 1.0)",,35.304854984139155,,0,,,0.0,0.0,0.0,0.0,48.20059829890175,6.082647779024981,False,True,False,True,False,
2024-02-07 17:00:00+00:00,34.885,34.89,34.61,34.81,47586.0,,35.27887676412638,"rgba(239, 83, 80, 1.0)",,35.24732573865046,,0,,,0.0,0.0,0.0,0.0,45.40938877109185,3.6451470299666298,False,True,False,True,False,
2024-02-08 17:00:00+00:00,35.015,35.115,34.7,34.945,71462.0,,35.236283936343646,"rgba(239, 83, 80, 1.0)",,35.210600527978514,,0,,,0.0,0.0,0.0,0.0,44.458915960339596,2.686664788335605,False,True,False,True,False,0.1693504864043085
2024-02-09 17:00:00+00:00,35.67,36.685,35.61,36.52,58017.0,,35.55203202236059,"rgba(38, 166, 154, 1.0)",,35.48785556412242,,0,,,0.0,0.0,0.0,0.0,50.97318655789957,2.686664788335605,False,False,False,False,True,12.464278375557296
2024-02-12 17:00:00+00:00,36.0,36.135,35.875,36.06,26332.0,,35.56435324000249,"rgba(38, 166, 154, 1.0)",,35.50133907225256,,0,,,0.0,0.0,0.0,0.0,52.98513533171999,-5.622204133936215,False,False,True,False,True,8.381396336376316
2024-02-13 17:00:00+00:00,35.265,35.34,34.925,35.08,57490.0,,35.45459998049415,"rgba(38, 166, 154, 1.0)",,35.40932111183954,,0,,,0.0,0.0,0.0,0.0,50.38291529908585,-5.622204133936215,False,False,False,False,True,0.699454195312093
2024-02-14 17:00:00+00:00,35.24,35.605,35.115,35.58,15681.0,,35.44953493807526,"rgba(38, 166, 154, 1.0)",,35.40562722787836,,0,,,0.0,0.0,0.0,0.0,50.59307698755824,-5.622204133936215,False,False,False,False,True,4.100129465407303
2024-02-15 17:00:00+00:00,36.135,36.24,35.915,35.92,17790.0,,35.47058034406473,"rgba(38, 166, 154, 1.0)",,35.425139730510985,,0,,,0.0,0.0,0.0,0.0,51.9626214484888,-5.622204133936215,False,False,True,False,True,6.282474956039728
2024-02-16 17:00:00+00:00,35.92,36.18,35.81,35.92,20768.0,,35.48991314376332,"rgba(38, 166, 154, 1.0)",,35.443337514707174,,0,,,0.0,0.0,0.0,0.0,52.87565108910916,-4.435872296989274,False,False,True,False,True,6.282474956039728
2024-02-19 17:00:00+00:00,35.92,35.92,35.92,35.92,0.0,,35.48991314376332,"rgba(38, 166, 154, 1.0)",,35.443337514707174,,0,,,0.0,0.0,0.0,0.0,53.484337516189406,-3.2842385343899423,False,False,True,False,True,6.282474956039728
2024-02-20 17:00:00+00:00,35.82,36.23,35.805,36.135,22425.0,,35.51268603130244,"rgba(38, 166, 154, 1.0)",,35.46474247117524,,0,,,0.0,0.0,0.0,0.0,54.84873819443718,-1.4380485872115543,False,False,True,False,True,7.674788681483225
2024-02-21 17:00:00+00:00,35.8,35.96,35.7,35.75,12246.0,,35.51780181505344,"rgba(38, 166, 154, 1.0)",,35.46990315615138,,0,,,0.0,0.0,0.0,0.0,53.58203762594434,-1.4380485872115543,False,False,True,False,True,4.723234897052812
2024-02-22 17:00:00+00:00,36.12,36.27,36.1,36.26,40953.0,,35.56390631000538,"rgba(38, 166, 154, 1.0)",,35.51325426176407,,0,,,0.0,0.0,0.0,0.0,55.09632948486757,-0.3973805369559358,False,False,True,False,True,7.95846324774546
2024-02-23 17:00:00+00:00,36.36,36.515,36.285,36.35,10278.0,,35.57743489773986,"rgba(38, 166, 154, 1.0)",,35.64842172699307,,0,,,0.0,0.0,0.0,0.0,56.49527095109704,1.3117705200310397,True,False,True,False,True,8.509649097836544
2024-02-26 17:00:00+00:00,36.25,36.265,35.95,35.98,34213.0,,35.600638287377265,"rgba(38, 166, 154, 1.0)",,35.6328048072591,,0,,,0.0,0.0,0.0,0.0,55.16915764098127,1.3117705200310397,False,False,True,False,True,5.725465961805902
2024-02-27 17:00:00+00:00,35.88,35.88,35.465,35.535,31886.0,,35.5982949942632,"rgba(38, 166, 154, 1.0)",,35.601680112913776,,0,,,0.0,0.0,0.0,0.0,51.94069587477652,1.3117705200310397,False,False,False,False,False,2.5523333668165904
2024-02-28 17:00:00+00:00,34.63,34.955,34.405,34.835,60743.0,,35.519765969144665,"rgba(38, 166, 154, 1.0)",,35.46680202613223,,0,,,0.0,0.0,0.0,0.0,46.88364018536367,2.0256514004463924,False,True,False,True,False,0.0
2024-02-29 17:00:00+00:00,34.295,34.405,33.985,33.995,67443.0,,35.39891371553517,"rgba(239, 83, 80, 1.0)",,35.31369634578521,,0,,,0.0,0.0,0.0,0.0,40.993607412436326,-3.301714451923189,False,True,False,True,False,0.0
2024-03-01 17:00:00+00:00,33.88,33.97,33.6,33.925,43318.0,,35.31802616876124,"rgba(239, 83, 80, 1.0)",,35.04814462853743,,0,,,0.0,0.0,0.0,0.0,36.88286282210006,-6.869464879494487,False,True,False,True,False,0.0
2024-03-04 17:00:00+00:00,34.675,35.02,34.66,34.89,32808.0,,35.300836277492635,"rgba(239, 83, 80, 1.0)",,35.09294622563988,,0,,,0.0,0.0,0.0,0.0,39.532857309583335,-6.869464879494487,False,True,False,True,True,0.0
2024-03-05 17:00:00+00:00,34.55,34.725,34.39,34.54,25859.0,,35.279627113451774,"rgba(239, 83, 80, 1.0)",,35.0848079165188,,0,,,0.0,0.0,0.0,0.0,40.034278024564316,-6.869464879494487,False,True,False,True,True,0.0
2024-03-06 17:00:00+00:00,34.63,34.675,33.935,34.0,17673.0,,35.25928480480596,"rgba(239, 83, 80, 1.0)",,35.06438568665217,,0,,,0.0,0.0,0.0,0.0,38.61594129704825,-6.869464879494487,False,True,False,True,True,0.0
2024-03-07 17:00:00+00:00,34.475,34.605,34.41,34.5,31140.0,,35.23515713918395,"rgba(239, 83, 80, 1.0)",,35.049975705755315,,0,,,0.0,0.0,0.0,0.0,40.1910010026392,-6.869464879494487,False,True,False,True,True,0.0
2024-03-08 17:00:00+00:00,34.61,34.655,34.38,34.4,18262.0,,35.22129029839549,"rgba(239, 83, 80, 1.0)",,35.04056086366218,,0,,,0.0,0.0,0.0,0.0,40.86817011581992,-6.869464879494487,False,True,False,True,True,0.0
2024-03-11 17:00:00+00:00,34.125,34.205,33.895,33.895,39801.0,,35.17438637243377,"rgba(239, 83, 80, 1.0)",,34.990601833150805,,0,,,0.0,0.0,0.0,0.0,39.5198226543826,-6.869464879494487,False,True,False,True,True,0.0
2024-03-12 17:00:00+00:00,33.905,34.025,33.825,33.88,39564.0,,35.128236646735076,"rgba(239, 83, 80, 1.0)",,34.94273044722389,,0,,,0.0,0.0,0.0,0.0,38.56869677119144,-6.869464879494487,False,True,False,True,True,0.0
2024-03-13 17:00:00+00:00,34.145,34.27,33.76,33.795,19950.0,,35.10690020538603,"rgba(239, 83, 80, 1.0)",,34.9217347581896,,0,,,0.0,0.0,0.0,0.0,37.61183434965015,-7.296379561807207,False,True,False,True,False,0.0
2024-03-14 17:00:00+00:00,33.455,33.455,33.215,33.4,27471.0,,35.064560188039636,"rgba(239, 83, 80, 1.0)",0.7942607362303089,34.873937773353646,-1.8557354104512285,0,,,0.0,0.0,0.0,0.0,35.53033517714147,-9.584112029903018,False,True,False,True,False,0.0
2024-03-15 17:00:00+00:00,32.995,33.22,32.94,33.12,24905.0,,35.02234422896528,"rgba(239, 83, 80, 1.0)",0.8222128075509992,34.82595620113198,-2.0748353534083908,0,,,0.0,0.0,0.0,0.0,33.22034421527685,-11.990515316475154,False,True,False,True,False,0.0
2024-03-18 17:00:00+00:00,33.665,33.68,33.195,33.23,32231.0,,34.97797444420912,"rgba(239, 83, 80, 1.0)",0.8455271664406678,34.77931943655743,-1.8323709728682633,0,,,0.0,0.0,0.0,0.0,32.573407950268816,-12.826027461525122,False,True,False,True,False,0.0
2024-03-19 17:00:00+00:00,33.695,33.88,33.545,33.73,25092.0,,34.95239171380689,"rgba(239, 83, 80, 1.0)",0.8526106860589877,34.755552826445616,-1.2028383448793254,0,,,0.0,0.0,0.0,0.0,35.82990660170114,-12.826027461525122,False,True,False,True,True,0.0
2024-03-20 17:00:00+00:00,33.385,33.67,33.265,33.495,12746.0,,34.937305936805195,"rgba(239, 83, 80, 1.0)",0.8656889824956825,34.74058758911595,-1.4388395997891328,0,,,0.0,0.0,0.0,0.0,36.893691332064954,-12.826027461525122,False,True,False,True,True,0.0
2024-03-21 17:00:00+00:00,32.82,32.85,32.54,32.715,57520.0,,34.83850904490955,"rgba(239, 83, 80, 1.0)",0.8995533275960824,34.632854101681254,-2.1320071226976833,0,,,0.0,0.0,0.0,0.0,34.65602185515239,-12.826027461525122,False,True,False,True,False,0.0
2024-03-22 17:00:00+00:00,31.845,31.98,31.81,31.89,42471.0,,34.270170945679716,"rgba(239, 83, 80, 1.0)",0.9622611181272241,34.23614078380113,-2.438153989186686,0,,,0.0,0.0,0.0,0.0,31.028060427113466,-14.23520463962943,False,True,False,True,False,0.0
2024-03-25 17:00:00+00:00,32.32,32.375,32.19,32.21,16699.0,,34.26203227211806,"rgba(239, 83, 80, 1.0)",1.0091272966781233,34.218757940683545,-1.9905892421065574,0,,,0.0,0.0,0.0,0.0,30.764123010258164,-14.546727012372848,False,True,False,True,False,0.0
2024-03-26 17:00:00+00:00,32.21,32.315,32.16,32.27,27388.0,,34.23502920063158,"rgba(239, 83, 80, 1.0)",1.0504554224690312,34.182242995204064,-1.8203942350161326,0,,,0.0,0.0,0.0,0.0,30.996820505704612,-14.546727012372848,False,True,False,True,False,0.0
2024-03-27 17:00:00+00:00,32.565,32.815,32.55,32.76,53083.0,,34.21571003082179,"rgba(239, 83, 80, 1.0)",1.076507708679712,34.14648328738212,-1.28794552626342,0,,,0.0,0.0,0.0,0.0,34.327755081654026,-14.546727012372848,False,True,False,True,True,0.0
2024-03-28 17:00:00+00:00,33.1,33.27,32.955,32.965,26294.0,,34.21298533329388,"rgba(239, 83, 80, 1.0)",1.094132500169849,34.13782305573635,-1.0719204991664903,0,,,0.0,0.0,0.0,0.0,37.756299286209206,-16.947061853189297,False,True,False,True,True,0.0
2024-03-29 17:00:00+00:00,32.965,32.965,32.965,32.965,0.0,,34.21298533329388,"rgba(239, 83, 80, 1.0)",1.1131160183333393,34.13782305573635,-1.0536395455816046,0,,,0.0,0.0,0.0,0.0,40.041995422579326,-14.817183091369174,False,True,False,True,True,0.0
2024-04-01 17:00:00+00:00,32.63,32.8,32.535,32.625,17124.0,,34.19825925631236,"rgba(239, 83, 80, 1.0)",1.1386015881670697,34.121228499735274,-1.3140931079710814,0,,,0.0,0.0,0.0,0.0,39.867748415084705,-14.817183091369174,False,True,False,True,True,0.0
2024-04-02 17:00:00+00:00,32.25,32.27,31.915,32.05,38274.0,,34.13632203989308,"rgba(239, 83, 80, 1.0)",1.1785969479706637,34.05815124119606,-1.703849008478889,0,,,0.0,0.0,0.0,0.0,37.400562147855695,-14.817183091369174,False,True,False,True,False,0.0
2024-04-03 17:00:00+00:00,32.23,32.255,32.02,32.1,34611.0,,34.08724851532208,"rgba(239, 83, 80, 1.0)",1.2138809587360613,34.00780704516819,-1.5716590918063924,0,,,0.0,0.0,0.0,0.0,36.142055390570384,-14.817183091369174,False,True,False,True,False,0.0
2024-04-04 17:00:00+00:00,32.455,32.53,31.98,32.0,21163.0,,34.06000728989505,"rgba(239, 83, 80, 1.0)",1.251058733615234,33.97979430072588,-1.5824950879842292,0,,,0.0,0.0,0.0,0.0,34.886393767834704,-10.49048535434909,False,True,False,True,False,0.0
2024-04-05 17:00:00+00:00,31.515,31.69,31.49,31.655,20730.0,,34.021796107593836,"rgba(239, 83, 80, 1.0)",1.2961331714751367,33.94143985884742,-1.7640470201416152,0,,,0.0,0.0,0.0,0.0,32.6885757477847,-12.719393578438954,False,True,False,True,False,0.0
2024-04-08 17:00:00+00:00,31.895,31.96,31.73,31.815,14306.0,,33.99989164773128,"rgba(239, 83, 80, 1.0)",1.3340116529064083,33.91924866534559,-1.5773840211673327,0,,,0.0,0.0,0.0,0.0,32.698732200161324,-12.911800438361226,False,True,False,True,False,0.0
2024-04-09 17:00:00+00:00,32.105,32.325,32.04,32.32,14226.0,,33.98445769124162,"rgba(239, 83, 80, 1.0)",1.3577314379720518,33.90332735798637,-1.1661565120354547,0,,,0.0,0.0,0.0,0.0,36.73721887041689,-12.911800438361226,False,True,False,True,True,0.0
2024-04-10 17:00:00+00:00,31.48,31.77,31.41,31.77,22492.0,,33.94787563768251,"rgba(239, 83, 80, 1.0)",1.3933328149919284,33.86646865708948,-1.5046431366088386,0,,,0.0,0.0,0.0,0.0,36.733148501105816,-12.911800438361226,False,True,False,True,True,0.0
2024-04-11 17:00:00+00:00,31.78,31.96,31.755,31.76,16570.0,,33.9247436920432,"rgba(239, 83, 80, 1.0)",1.4272073941603385,33.84304466147449,-1.4595248525180127,0,,,0.0,0.0,0.0,0.0,36.68540314156385,-12.911800438361226,False,True,False,True,True,0.0
2024-04-12 17:00:00+00:00,31.28,31.34,31.19,31.275,22228.0,,33.883342385881626,"rgba(239, 83, 80, 1.0)",1.4715821999369147,33.801545992165074,-1.7168908350980234,0,,,0.0,0.0,0.0,0.0,34.614775371426994,-12.911800438361226,False,True,False,True,False,0.0
2024-04-15 17:00:00+00:00,31.045,31.045,30.595,30.64,30665.0,,33.8154548209564,"rgba(239, 83, 80, 1.0)",1.532099595708833,33.73369239587902,-2.0192501874838666,0,,,0.0,0.0,0.0,0.0,31.22745517820907,-14.654252023190487,False,True,False,True,False,0.0
2024-04-16 17:00:00+00:00,30.615,30.715,30.48,30.635,17707.0,,33.77589376345306,"rgba(239, 83, 80, 1.0)",1.5887875370350297,33.69410447307986,-1.9254333268428778,0,,,0.0,0.0,0.0,0.0,28.955001331317344,-16.797014935570466,False,True,False,True,False,0.0
2024-04-17 17:00:00+00:00,30.745,30.87,30.43,30.56,57212.0,,33.22349013231595,"rgba(239, 83, 80, 1.0)",1.6449272335284626,33.27972118540929,-1.6533990865816788,0,,,0.0,0.0,0.0,0.0,27.207015261029813,-18.457119550066217,False,True,False,True,False,0.0
2024-04-18 17:00:00+00:00,30.79,30.885,30.615,30.855,27686.0,,33.18866153439224,"rgba(239, 83, 80, 1.0)",1.6897715608708548,33.24021629023455,-1.41156138821823,0,,,0.0,0.0,0.0,0.0,28.901756829351,-18.457119550066217,False,True,False,True,False,0.0
2024-04-19 17:00:00+00:00,31.445,31.66,31.415,31.58,26683.0,,33.19262769086192,"rgba(239, 83, 80, 1.0)",1.7158190017734511,33.233595795541675,-0.9637355652504945,4,0.34561861380565817,1.3824744552226327,0.0,0.0,0.0,0.0,35.385091324312626,-19.50932659610367,False,True,False,True,True,0.0
2024-04-22 17:00:00+00:00,31.55,31.75,31.49,31.51,23172.0,,33.18836529873803,"rgba(239, 83, 80, 1.0)",1.7414439281685044,33.22291413741364,-0.9836171637263842,4,0.3402780241380652,1.3611120965522607,0.0,0.0,0.0,0.0,39.30248632623069,-16.111906569899716,False,False,False,True,True,0.0
2024-04-23 17:00:00+00:00,31.58,31.66,31.54,31.655,16488.0,,33.18338557206061,"rgba(239, 83, 80, 1.0)",1.7633327577103561,33.21423342792697,-0.8842536504293127,4,0.33564106215419126,1.342564248616765,0.0,0.0,0.0,0.0,42.8884572470285,-13.000741009793508,True,False,False,True,True,0.0
2024-04-24 17:00:00+00:00,31.43,31.85,31.415,31.755,21469.0,,33.17626573295756,"rgba(239, 83, 80, 1.0)",1.782862252337742,33.063865137847024,-0.7341369957947129,4,0.33162745104687036,1.3265098041874814,0.0,0.0,0.0,0.0,45.96390202720582,-10.301148208203664,True,False,False,True,True,0.0
2024-04-25 17:00:00+00:00,30.855,30.855,30.545,30.66,37730.0,,33.11239994128972,"rgba(239, 83, 80, 1.0)",1.823992260336036,32.94938107894723,-1.255148461279906,4,0.32370792777756563,1.2948317111102625,0.0,0.0,0.0,0.0,42.171684490958825,-10.301148208203664,True,False,False,True,False,0.0
2024-04-26 17:00:00+00:00,31.11,31.24,30.905,30.92,18609.0,,33.090790596152885,"rgba(239, 83, 80, 1.0)",1.8551483221827014,32.928387136067506,-1.0826019203168122,4,0.3175225736826903,1.2700902947307613,0.0,0.0,0.0,0.0,41.440961300571544,-10.301148208203664,True,False,False,True,False,0.0
2024-04-29 17:00:00+00:00,31.23,31.32,31.06,31.065,12546.0,,33.07838816065986,"rgba(239, 83, 80, 1.0)",1.8814058214178195,32.917714313968325,-0.9847499634991701,4,0.3123951068369897,1.2495804273479587,0.0,0.0,0.0,0.0,41.93767469174611,-10.301148208203664,True,False,False,True,False,0.0
2024-04-30 17:00:00+00:00,31.18,31.225,30.73,30.73,37370.0,,33.03217799229406,"rgba(239, 83, 80, 1.0)",1.9117235207581182,32.8704078519305,-1.1196220733224516,4,0.3064445501157834,1.2257782004631337,0.0,0.0,0.0,0.0,40.64701484640751,-10.301148208203664,True,False,False,True,False,0.0
2024-05-01 17:00:00+00:00,30.86,31.035,30.7,30.745,12029.0,,33.01704659502787,"rgba(239, 83, 80, 1.0)",1.9410654940656296,32.854963253351485,-1.087012911105896,4,0.30117784568967504,1.2047113827587002,0.0,0.0,0.0,0.0,39.90376313060135,-10.301148208203664,True,False,False,True,False,0.0
2024-05-02 17:00:00+00:00,31.25,31.45,31.19,31.285,40616.0,,32.986877421801054,"rgba(239, 83, 80, 1.0)",1.9584512105600531,32.831243332888455,-0.7895235401071237,4,0.29863483533844604,1.1945393413537841,0.0,0.0,0.0,0.0,43.245322732735225,-10.301148208203664,True,False,False,True,True,0.0
2024-05-03 17:00:00+00:00,31.35,31.43,31.24,31.34,26156.0,,32.968343997150875,"rgba(239, 83, 80, 1.0)",1.9678234718125018,32.81593232712187,-0.7500328907869135,4,0.2958238337685692,1.1832953350742768,0.0,0.0,0.0,0.0,45.823013498583705,-9.912409978830993,True,False,False,True,True,0.0
2024-05-06 17:00:00+00:00,32.04,32.32,32.04,32.295,28940.0,,32.97043062846724,"rgba(38, 166, 154, 1.0)",1.952481846358719,32.82686537558002,-0.27240477373550015,4,0.29517869604312347,1.1807147841724939,0.0,0.0,0.0,0.0,52.28978194116877,-3.831855216981083,True,False,True,False,True,0.0
2024-05-07 17:00:00+00:00,32.58,32.67,32.44,32.525,42365.0,,32.98220419275401,"rgba(38, 166, 154, 1.0)",1.9285911559599247,32.850619300088695,-0.16883791003730128,4,0.29465025428740516,1.1786010171496206,0.0,0.0,0.0,0.0,57.44702454364533,0.8073518559033133,True,False,True,False,True,0.0
2024-05-08 17:00:00+00:00,32.325,32.4,32.155,32.37,49073.0,,32.98245254841235,"rgba(38, 166, 154, 1.0)",1.9074360768810519,32.858757184632275,-0.25623777937107567,4,0.29369181867385424,1.174767274695417,0.0,0.0,0.0,0.0,59.700878991959584,2.7698650279568398,True,False,True,False,True,0.0
2024-05-09 17:00:00+00:00,31.985,32.085,31.85,32.055,25973.0,,32.97547169056904,"rgba(38, 166, 154, 1.0)",1.8895587930605449,32.853941028145634,-0.4228188247329306,4,0.2924510518569251,1.1698042074277004,0.0,0.0,0.0,0.0,58.912392631667096,2.7698650279568398,True,False,True,False,True,0.0
2024-05-10 17:00:00+00:00,33.98,34.0,33.155,33.21,35436.0,,33.002950738414356,"rgba(38, 166, 154, 1.0)",1.8607424581320988,32.89028971913771,0.17181866274133872,4,0.2926160021440706,1.1704640085762823,0.0,0.0,0.0,0.0,62.74287558917478,5.725147497139766,True,False,True,False,True,0.07879064877169029
2024-05-13 17:00:00+00:00,33.745,33.985,33.63,33.93,25347.0,,33.027769016089856,"rgba(38, 166, 154, 1.0)",1.830312396414464,32.92151595981776,0.5509901163090158,5,0.25772003040942226,1.2886001520471113,0.0,0.0,0.0,0.0,67.04100161358436,9.811035557185782,True,False,True,False,True,3.4059569239769587
2024-05-14 17:00:00+00:00,34.235,34.58,34.05,34.075,25247.0,,33.057500567252156,"rgba(38, 166, 154, 1.0)",1.7979238702579243,32.9577967002104,0.6213852089462112,5,0.2579854724258368,1.289927362129184,0.0,0.0,0.0,0.0,70.21923080828543,12.824808177480008,True,False,True,False,True,4.053413522138321
2024-05-15 17:00:00+00:00,34.545,34.595,34.405,34.485,27872.0,,33.0930544463065,"rgba(38, 166, 154, 1.0)",1.778069286441723,33.00031608676631,0.834997783581787,5,0.2580289465559255,1.2901447327796276,0.0,0.0,0.0,0.0,73.19035272039031,15.689342595986233,True,False,True,False,True,5.857545659479207
2024-05-16 17:00:00+00:00,34.58,34.625,34.375,34.41,28573.0,,33.29464686214867,"rgba(38, 166, 154, 1.0)",1.746981600278521,33.15928234178326,0.7159306417522282,5,0.2581588709845411,1.2907943549227054,1.0,0.0,34.625,171.0,74.59158599532324,17.182276952498896,True,False,True,False,True,5.47555552001873
2024-05-17 17:00:00+00:00,34.06,34.32,34.01,34.295,13815.0,,33.295549862818206,"rgba(38, 166, 154, 1.0)",1.7385068539068438,33.166457762246225,0.6491445433290474,5,0.25845759764465304,1.2922879882232652,0.0,0.0,0.0,0.0,74.58374148482292,17.528709044872542,True,False,True,False,True,4.885072069315594
2024-05-20 17:00:00+00:00,34.355,34.43,34.3,34.365,19755.0,,33.312407119215635,"rgba(38, 166, 154, 1.0)",1.7360141465774719,33.187521862055085,0.6782652896385082,5,0.2587258527309483,1.2936292636547413,0.0,0.0,0.0,0.0,74.78531151743985,18.219060397665146,True,False,True,False,True,5.203164696055904
2024-05-21 17:00:00+00:00,33.85,34.03,33.85,34.02,13224.0,,33.311903905547766,"rgba(38, 166, 154, 1.0)",1.7266725094687023,33.19198959980936,0.4795410801121872,5,0.25907342405981915,1.2953671202990957,0.0,0.0,0.0,0.0,71.93362014027166,18.219060397665146,True,False,True,False,True,3.414075003615771
2024-05-22 17:00:00+00:00,34.31,34.365,34.065,34.285,38264.0,,33.337886712315594,"rgba(38, 166, 154, 1.0)",1.7214153458107613,33.22504024351269,0.6157489876378928,5,0.2590040563370048,1.295020281685024,0.0,0.0,0.0,0.0,71.08324004319834,18.219060397665146,True,False,True,False,False,4.644177656551118
2024-05-23 17:00:00+00:00,33.975,34.05,33.69,33.835,21097.0,,33.340380620407295,"rgba(38, 166, 154, 1.0)",1.7115322938211779,33.232644977477726,0.3519390342191284,5,0.2590541989939832,1.295270994969916,0.0,0.0,0.0,0.0,67.0162682542541,22.885009424184133,True,False,True,False,False,2.341326365036142
2024-05-24 17:00:00+00:00,33.51,33.53,33.32,33.515,23316.0,,33.332946246246834,"rgba(38, 166, 154, 1.0)",1.668622623441097,33.23151141948727,0.16989376539082904,5,0.25912141366400415,1.2956070683200207,0.0,0.0,0.0,0.0,62.1852902411288,18.26691307496138,True,False,True,False,False,0.7519847089642795
2024-05-27 17:00:00+00:00,33.515,33.515,33.515,33.515,0.0,,33.332946246246834,"rgba(38, 166, 154, 1.0)",1.635462644961068,33.23151141948727,0.17333846259721805,4,0.2946387852714671,1.1785551410858683,0.0,0.0,0.0,0.0,58.96463823237859,15.26130561863053,True,False,True,False,False,0.7519847089642795
2024-05-28 17:00:00+00:00,33.19,33.32,33.055,33.25,33449.0,,33.31815193358885,"rgba(38, 166, 154, 1.0)",1.6202782738420811,33.22472859371339,0.015596954359382059,4,0.2947686325303897,1.1790745301215588,0.0,0.0,0.0,0.0,55.03734713202515,11.61250544641073,True,False,True,False,False,0.0
2024-05-29 17:00:00+00:00,33.06,33.115,32.905,32.995,17166.0,,33.30900926662417,"rgba(38, 166, 154, 1.0)",1.5952600482747665,33.21926886583886,-0.14058451854379916,4,0.2946625942146718,1.1786503768586871,0.0,0.0,0.0,0.0,50.85962728015332,7.7677854411561995,False,False,False,False,False,0.0
2024-05-30 17:00:00+00:00,32.465,32.565,32.345,32.55,18602.0,,33.290695659097935,"rgba(239, 83, 80, 1.0)",1.5624159595417024,33.20542609483782,-0.4194952636236992,4,0.29420976542203353,1.1768390616881341,0.0,0.0,0.0,0.0,45.765795741507,3.12013063176947,False,False,False,True,False,0.0
2024-05-31 17:00:00+00:00,32.545,33.08,32.505,33.07,23809.0,,33.27962985674456,"rgba(239, 83, 80, 1.0)",1.5265039932608853,33.198212848558285,-0.08399116486056415,4,0.294558956979647,1.178235827918588,0.0,0.0,0.0,0.0,46.15840108847149,3.12013063176947,False,False,False,True,False,0.0
2024-06-03 17:00:00+00:00,32.485,32.51,32.315,32.35,20525.0,,33.262062812052264,"rgba(239, 83, 80, 1.0)",1.4905926839849768,33.12334607359654,-0.5188178379683565,4,0.2942812979965538,1.1771251919862151,0.0,0.0,0.0,0.0,43.04691441395583,0.46724896935870674,False,True,False,True,False,0.0
2024-06-04 17:00:00+00:00,32.97,33.175,32.94,33.08,36767.0,,33.256231055623104,"rgba(239, 83, 80, 1.0)",1.4444683332512878,33.15455002258482,-0.05161070053853102,4,0.2948954381109587,1.1795817524438348,0.0,0.0,0.0,0.0,45.128689507484545,0.46724896935870674,False,True,False,True,False,0.0
2024-06-05 17:00:00+00:00,33.01,33.295,33.005,33.21,22662.0,,33.25531509353702,"rgba(239, 83, 80, 1.0)",1.4071689840063764,33.16289356021703,0.033476036153706666,4,0.29538036420758196,1.1815214568303278,0.0,0.0,0.0,0.0,47.1594344850138,0.46724896935870674,False,False,False,True,True,0.0
2024-06-06 17:00:00+00:00,33.47,33.575,33.22,33.255,22483.0,,33.25789042640633,"rgba(239, 83, 80, 1.0)",1.3523122240634147,33.18636380109893,0.050754698271407675,4,0.29591688537446514,1.1836675414978606,0.0,0.0,0.0,0.0,48.750584991182905,0.46724896935870674,False,False,False,False,True,0.0
2024-06-07 17:00:00+00:00,33.345,33.41,33.24,33.34,17627.0,,33.25961324339944,"rgba(239, 83, 80, 1.0)",1.2910227909866017,33.191400110792145,0.11510245229233956,4,0.2973913330489361,1.1895653321957445,0.0,0.0,0.0,0.0,50.293347980826276,0.46724896935870674,False,False,False,False,True,0.1606642045359301
2024-06-10 17:00:00+00:00,32.88,33.055,32.82,32.89,21235.0,,33.255134225383614,"rgba(239, 83, 80, 1.0)",1.2374448645466114,33.17704581956478,-0.23196655284512605,4,0.300443830645822,1.201775322583288,0.0,0.0,0.0,0.0,48.618303820700135,0.46724896935870674,False,False,False,False,True,0.0
2024-06-11 17:00:00+00:00,32.42,32.755,32.42,32.66,13442.0,,33.24940105395078,"rgba(239, 83, 80, 1.0)",1.1951402985981698,33.16292754734268,-0.4208104671330983,5,0.2862909579045723,1.4314547895228615,0.0,0.0,0.0,0.0,46.28919648790662,0.46724896935870674,False,True,False,True,False,0.0
2024-06-12 17:00:00+00:00,32.75,32.75,32.405,32.435,10646.0,,33.24439604152646,"rgba(239, 83, 80, 1.0)",1.1705435597299294,33.1522177418186,-0.6127219579799996,5,0.28952580755694024,1.4476290377847012,0.0,0.0,0.0,0.0,43.6090502611647,-0.22927292465572435,False,True,False,True,False,0.0
2024-06-13 17:00:00+00:00,31.91,31.96,31.41,31.43,34401.0,,33.206914965490604,"rgba(239, 83, 80, 1.0)",1.170316512204595,33.077264984324465,-1.4075380182591921,5,0.29111165444512405,1.4555582722256202,0.0,0.0,0.0,0.0,38.12622297432388,-5.48096190403929,False,True,False,True,False,0.0
2024-06-14 17:00:00+00:00,30.95,31.04,30.86,30.95,16803.0,,33.18230220666727,"rgba(239, 83, 80, 1.0)",1.1782046274498048,33.03334155348298,-1.7682340613381562,5,0.2922456792750788,1.4612283963753938,0.0,0.0,0.0,0.0,33.25083881203522,-9.976591738191914,False,True,False,True,False,0.0
2024-06-17 17:00:00+00:00,30.835,31.195,30.835,31.14,16813.0,,33.15983963606443,"rgba(239, 83, 80, 1.0)",1.1612248581438311,32.99705863350912,-1.5992239749995958,5,0.2943551205380926,1.471775602690463,0.0,0.0,0.0,0.0,31.44433804245695,-11.630302438796214,False,True,False,True,False,0.0
2024-06-18 17:00:00+00:00,31.01,31.05,30.79,31.02,16729.0,,32.89453327895249,"rgba(239, 83, 80, 1.0)",1.1527802975478043,32.828580483609784,-1.5688856649068335,5,0.29675625375388337,1.483781268769417,0.0,0.0,0.0,0.0,29.88123260728599,-13.216326067056606,False,True,False,True,False,0.0
2024-06-19 17:00:00+00:00,31.02,31.02,31.02,31.02,0.0,,32.89453327895249,"rgba(239, 83, 80, 1.0)",1.153522970401211,32.828580483609784,-1.5678755690324357,5,0.2979085547169933,1.4895427735849665,0.0,0.0,0.0,0.0,28.839162317172022,-14.444954624762715,False,True,False,True,False,0.0
2024-06-20 17:00:00+00:00,31.77,31.94,31.64,31.65,17171.0,,32.926855922575186,"rgba(239, 83, 80, 1.0)",1.1339044480454636,32.84011993555999,-1.0495769177124472,5,0.302269993857742,1.51134996928871,0.0,0.0,0.0,0.0,33.13563642479076,-14.444954624762715,False,True,False,True,True,0.0
2024-06-21 17:00:00+00:00,31.835,32.095,31.81,32.075,12672.0,,32.93930690118347,"rgba(239, 83, 80, 1.0)",1.1120930351903608,32.84458804465559,-0.6920176822471077,4,0.29790330955253497,1.1916132382101399,0.0,0.0,0.0,0.0,38.60877547138206,-18.452369844508198,False,True,False,True,True,0.0
2024-06-24 17:00:00+00:00,32.25,32.26,32.01,32.03,27074.0,,32.95010403799662,"rgba(239, 83, 80, 1.0)",1.099958344829635,32.847075703555966,-0.742824223659593,4,0.2985003660566354,1.1940014642265415,0.0,0.0,0.0,0.0,41.99742311598884,-15.314475526539098,False,True,False,True,True,0.0
2024-06-25 17:00:00+00:00,31.39,31.81,31.35,31.77,23246.0,,32.93153433278683,"rgba(239, 83, 80, 1.0)",1.0889763852203396,32.826246688219605,-0.9699445300697576,4,0.29955739855611113,1.1982295942244445,0.0,0.0,0.0,0.0,42.746932095709965,-14.507923628137071,False,True,False,True,True,0.0
2024-06-26 17:00:00+00:00,31.8,31.905,31.74,31.815,13518.0,,32.92519995935635,"rgba(239, 83, 80, 1.0)",1.0783890638229612,32.81868406681585,-0.9307253759211169,4,0.3004098378270819,1.2016393513083277,0.0,0.0,0.0,0.0,43.57663265461183,-13.434491428215743,False,True,False,True,True,0.0
2024-06-27 17:00:00+00:00,31.9,32.065,31.855,31.995,49041.0,,32.91057826634921,"rgba(239, 83, 80, 1.0)",1.0723177389809997,32.80159837771931,-0.7522009087397925,4,0.3019245027950885,1.207698011180354,0.0,0.0,0.0,0.0,45.48057422198606,-11.284510804013372,False,True,False,True,True,0.0
2024-06-28 17:00:00+00:00,32.21,32.27,32.005,32.195,22532.0,,32.83246234633002,"rgba(239, 83, 80, 1.0)",1.0685880091659852,32.75825917833792,-0.5271060254340088,3,0.20389850972500848,0.6116955291750255,0.0,0.0,0.0,0.0,48.18105128148777,-8.426013053051847,False,True,False,False,True,0.0
2024-07-01 17:00:00+00:00,32.17,32.21,32.01,32.06,25349.0,,32.82368569621796,"rgba(239, 83, 80, 1.0)",1.0638298778512472,32.75055880905667,-0.6491252252206695,3,0.20776945000436267,0.623308350013088,0.0,0.0,0.0,0.0,48.90241719256805,-7.41136791716373,False,False,False,False,True,0.0
2024-07-02 17:00:00+00:00,31.75,31.86,31.59,31.82,34173.0,,32.79085590545257,"rgba(239, 83, 80, 1.0)",1.0523305453024576,32.722407334928654,-0.8575322069258065,2,0.18976201071771592,0.37952402143543185,0.0,0.0,0.0,0.0,47.57434083428709,-7.41136791716373,False,True,False,True,True,0.0
2024-07-03 17:00:00+00:00,31.82,31.82,31.82,31.82,0.0,,32.79085590545257,"rgba(239, 83, 80, 1.0)",1.0441726238838382,32.722407334928654,-0.8642319423891012,2,0.1923698361974052,0.3847396723948104,0.0,0.0,0.0,0.0,46.68895659543312,-7.41136791716373,False,True,False,True,True,0.0
2024-07-04 17:00:00+00:00,31.82,31.82,31.82,31.82,0.0,,32.79085590545257,"rgba(239, 83, 80, 1.0)",1.0441154797890542,32.722407334928654,-0.8642792415173942,2,0.1961339351511852,0.3922678703023704,0.0,0.0,0.0,0.0,46.098700436197134,-7.41136791716373,False,True,False,True,False,0.0
2024-07-05 17:00:00+00:00,31.14,31.25,31.03,31.07,23988.0,,32.747651901313375,"rgba(239, 83, 80, 1.0)",1.052267607178473,32.68437489169305,-1.534186627698058,2,0.19930185020078148,0.39860370040156295,0.0,0.0,0.0,0.0,40.85170345286794,-3.8165515111225616,False,True,False,True,False,0.0
2024-07-08 17:00:00+00:00,31.25,31.33,31.145,31.305,9642.0,,32.73530616090825,"rgba(239, 83, 80, 1.0)",1.0578562463009,32.672981785137324,-1.2931641609347848,2,0.20324697715335555,0.4064939543067111,0.0,0.0,0.0,0.0,39.73424783279963,-4.994445911020634,False,True,False,True,False,0.0
2024-07-09 17:00:00+00:00,31.11,31.23,30.895,30.955,13730.0,,32.71427443466216,"rgba(239, 83, 80, 1.0)",1.068092924560166,32.65355075167542,-1.5902649597410938,2,0.2078604713827934,0.4157209427655868,0.0,0.0,0.0,0.0,37.156465943279585,-7.563982680926912,False,True,False,True,False,0.0
2024-07-10 17:00:00+00:00,30.495,31.08,30.45,31.075,31492.0,30.868333333333332,32.50259248534446,"rgba(239, 83, 80, 1.0)",1.0742010104309179,32.437148922819446,-1.2680577560367572,2,0.21184766766874727,0.42369533533749454,0.0,0.0,0.0,0.0,36.65125092369146,-8.224581377035157,False,True,False,True,False,0.0
2024-07-11 17:00:00+00:00,31.825,31.965,31.72,31.87,11644.0,31.13377132789318,32.525750384861574,"rgba(38, 166, 154, 1.0)",1.0710114567737055,32.452114164003824,-0.5435181484961631,2,0.2197118870380035,0.439423774076007,0.0,0.0,0.0,0.0,42.43247050275241,-12.965406893483262,False,True,False,True,True,0.0
2024-07-12 17:00:00+00:00,32.47,32.675,32.43,32.445,10228.0,31.398823676386076,32.55642885705015,"rgba(38, 166, 154, 1.0)",1.0675319139901074,32.4746557111761,-0.027779695189864242,2,0.2296487965879105,0.459297593175821,0.0,0.0,0.0,0.0,49.17485504377663,-6.856519916767901,False,False,False,False,True,0.0
2024-07-15 17:00:00+00:00,33.105,33.205,32.98,32.99,17839.0,31.81459257334663,32.61445087114861,"rgba(38, 166, 154, 1.0)",1.0704526364332245,32.520092597724975,0.4389800970931046,2,0.23885142062914982,0.47770284125829965,0.0,0.0,0.0,0.0,55.751416461462114,-1.101798083586857,True,False,True,False,True,1.4871187444799077
2024-07-16 17:00:00+00:00,33.51,33.85,33.495,33.725,29849.0,32.368555248782805,32.71155589701943,"rgba(38, 166, 154, 1.0)",1.085140946547437,32.60134339203488,1.035493694658036,3,0.27114059329189627,0.8134217798756889,0.0,0.0,0.0,0.0,62.23356626613187,4.480287988335043,True,False,True,False,True,4.821447044230325
2024-07-17 17:00:00+00:00,34.03,34.1,33.94,33.995,24867.0,32.69304362328163,32.78139652755436,"rgba(38, 166, 154, 1.0)",1.104684182988123,32.662919995448135,1.2058469063516808,3,0.27443481020960153,0.8233044306288047,0.0,0.0,0.0,0.0,67.19310885064787,8.677966656552698,True,False,True,False,True,5.994662956122696
2024-07-18 17:00:00+00:00,34.17,34.245,33.69,33.7,27399.0,32.90486319284102,32.8363290983497,"rgba(38, 166, 154, 1.0)",1.1173826923131902,32.71353065806413,0.8828392892802893,3,0.2752699555985306,0.8258098667955919,0.0,0.0,0.0,0.0,68.27218164469711,9.502144952529868,True,False,True,False,True,4.512683703823576
2024-07-19 17:00:00+00:00,32.985,33.52,32.94,33.28,16635.0,32.93831891758309,32.850083764660305,"rgba(38, 166, 154, 1.0)",1.121491698868352,32.727341728968156,0.49278855259428866,3,0.2767895773746308,0.8303687321238924,0.0,0.0,0.0,0.0,66.13035308406299,9.502144952529868,True,False,True,False,True,2.4538100054597543
2024-07-22 17:00:00+00:00,33.31,33.57,33.31,33.5,6112.0,32.9564287905035,32.856539074864536,"rgba(38, 166, 154, 1.0)",1.1291282613727378,32.733702437701865,0.6786629903023671,3,0.2820349882862492,0.8461049648587475,0.0,0.0,0.0,0.0,65.55463856657197,9.502144952529868,True,False,True,False,True,3.4441532279836444
2024-07-23 17:00:00+00:00,33.44,33.71,33.405,33.52,15713.0,33.00465235845613,32.873787898025526,"rgba(38, 166, 154, 1.0)",1.1380071881848335,32.75074107253065,0.6759701831904509,3,0.2857106361838229,0.8571319085514688,0.0,0.0,0.0,0.0,65.25158945141465,9.502144952529868,True,False,True,False,True,3.5346530802568097
2024-07-24 17:00:00+00:00,33.57,33.71,33.52,33.56,28219.0,33.08058999289384,32.902944597291295,"rgba(38, 166, 154, 1.0)",1.1453324313832942,32.77999451036486,0.6810297763882225,3,0.2870851164256445,0.8612553492769335,0.0,0.0,0.0,0.0,65.22730907503643,9.502144952529868,True,False,True,False,True,3.7186381802222925
2024-07-25 17:00:00+00:00,34.51,34.56,34.09,34.12,29491.0,33.219609413411995,32.950679068586744,"rgba(38, 166, 154, 1.0)",1.1617290623955323,32.82688178615469,1.1130979293733445,3,0.28878171123462,0.8663451337038599,0.0,0.0,0.0,0.0,67.43919525091805,10.517756957507395,True,False,True,False,True,6.247233248403166
2024-07-26 17:00:00+00:00,34.5,34.51,34.305,34.36,10685.0,33.26774443030855,32.967982834490385,"rgba(38, 166, 154, 1.0)",1.1772097794636482,32.8440233408505,1.2877710375802345,3,0.28896909838222257,0.8669072951466676,0.0,0.0,0.0,0.0,69.70829222619096,13.143188485800685,True,False,True,False,True,7.2975131595615075
2024-07-29 17:00:00+00:00,34.525,34.725,34.33,34.685,26870.0,33.39058423883065,33.01333292391915,"rgba(38, 166, 154, 1.0)",1.187921274729491,32.88913948140657,1.5117672835705174,3,0.2855086450947533,0.85652593528426,0.0,0.0,0.0,0.0,72.20224303741159,15.8784024794479,True,False,True,False,True,8.697079790294108
2024-07-30 17:00:00+00:00,34.94,35.06,34.83,34.91,24667.0,33.512668842834685,33.05937591479935,"rgba(38, 166, 154, 1.0)",1.2017621896033928,32.9350517500997,1.6433769234760738,3,0.2809562046896366,0.8428686140689099,0.0,0.0,0.0,0.0,74.48641364686269,18.34151808702545,True,False,True,False,True,9.651409109536996
2024-07-31 17:00:00+00:00,34.93,35.175,34.67,34.71,7426.0,33.54382608563956,33.07187483824389,"rgba(38, 166, 154, 1.0)",1.2060756927227054,32.947652348128756,1.4612247494125021,3,0.27738997660589765,0.832169929817693,0.0,0.0,0.0,0.0,74.01784659488487,18.34151808702545,True,False,True,False,True,8.560501305529403
2024-08-01 17:00:00+00:00,34.075,34.295,33.855,34.175,15446.0,33.56988659979716,33.0863124738499,"rgba(38, 166, 154, 1.0)",1.2032004992691019,32.96298113948882,1.0073290870868439,3,0.2752444740086048,0.8257334220258143,0.0,0.0,0.0,0.0,69.19203384152931,18.34151808702545,True,False,True,False,False,5.721025085789371
2024-08-02 17:00:00+00:00,33.54,33.905,33.48,33.86,13167.0,33.5766432206371,33.09382074137688,"rgba(38, 166, 154, 1.0)",1.205514887566353,32.971502126085625,0.7370277074786193,3,0.27370898050908155,0.8211269415272446,0.0,0.0,0.0,0.0,63.80536410391805,20.02013682111668,True,False,True,False,False,4.1060071151951085
2024-08-05 17:00:00+00:00,32.58,32.7,32.35,32.47,16286.0,33.528775191030164,33.08504067776073,"rgba(239, 83, 80, 1.0)",1.198379077927509,32.96480046179043,-0.41289143886435914,3,0.2742651737396617,0.822795521218985,0.0,0.0,0.0,0.0,53.995999835158685,11.157283811354233,True,False,False,False,False,0.0
2024-08-06 17:00:00+00:00,32.585,32.7,32.25,32.295,21358.0,33.467051157303494,33.01786430535489,"rgba(239, 83, 80, 1.0)",1.1934121796892314,32.88574751888803,-0.49500711400638,4,0.341151741413785,1.36460696565514,0.0,0.0,0.0,0.0,46.91259602397836,5.101536228002146,False,False,False,True,False,0.0
2024-08-07 17:00:00+00:00,32.59,32.755,32.265,32.27,55571.0,33.33636028489098,32.993447307200654,"rgba(239, 83, 80, 1.0)",1.1895746722677278,32.86541880148821,-0.5005308328842779,4,0.34247363402690933,1.3698945361076373,0.0,0.0,0.0,0.0,42.10770401502855,1.1072757975964436,False,True,False,True,False,0.0
2024-08-08 17:00:00+00:00,32.375,32.54,32.305,32.33,18509.0,33.29830509083232,32.98488903742304,"rgba(239, 83, 80, 1.0)",1.1667987042400183,32.85824023579417,-0.45272610766073446,4,0.34253134139868924,1.370125365594757,0.0,0.0,0.0,0.0,39.35509222441365,-1.2112534749914516,False,True,False,True,False,0.0
2024-08-09 17:00:00+00:00,37.39,37.74,36.91,37.52,41742.0,33.639068094530295,33.23259223679318,"rgba(38, 166, 154, 1.0)",1.2749752620811443,33.082305784378946,3.4806120146812902,4,0.31354520193961893,1.2541808077584757,0.0,0.0,0.0,0.0,52.09293382314161,-8.514971276839567,False,False,True,False,True,16.313409325633895
2024-08-12 17:00:00+00:00,36.665,36.8,36.47,36.55,109025.0,34.16925692896784,33.54985159204768,"rgba(38, 166, 154, 1.0)",1.3311599121486755,33.393770988808555,2.3710367044458645,5,0.893762918538774,4.46881459269387,0.0,0.0,0.0,0.0,57.430188778822455,-4.038646124334775,True,False,True,False,True,12.19408546670127
2024-08-13 17:00:00+00:00,37.51,37.745,37.45,37.56,112084.0,34.699282438813235,33.85459885044241,"rgba(38, 166, 154, 1.0)",1.4147305062821525,33.704071811794705,2.725556684529622,5,0.8352698392931842,4.176349196465921,0.0,0.0,0.0,0.0,62.317825432952745,0.26798518647609626,True,False,True,False,True,15.066736487858801
2024-08-14 17:00:00+00:00,37.49,37.64,37.425,37.58,17956.0,34.76838812566417,33.8953406690158,"rgba(38, 166, 154, 1.0)",1.4891306128012827,33.746467990881165,2.57434235530715,5,0.7873230835336776,3.936615417668388,0.0,0.0,0.0,0.0,65.60209122987881,3.3339745938441894,True,False,True,False,True,15.122075526492218
2024-08-15 17:00:00+00:00,38.135,38.365,38.02,38.23,33378.0,34.916654195609254,33.98268619742159,"rgba(38, 166, 154, 1.0)",1.5910606638453386,33.83666390913028,2.761262465160648,5,0.737406651583265,3.687033257916325,0.0,0.0,0.0,0.0,68.64692732944451,6.4253548595776095,True,False,True,False,True,16.901127647923005
2024-08-16 17:00:00+00:00,38.38,38.47,38.22,38.295,35896.0,35.067929631624324,34.07317567176556,"rgba(38, 166, 154, 1.0)",1.6851556936116137,33.930579777617865,2.5899210612571606,5,0.695722105224396,3.4786105261219804,0.0,0.0,0.0,0.0,70.76327315732884,8.848717269815516,True,False,True,False,True,17.0767374985185
2024-08-19 17:00:00+00:00,38.575,38.74,38.53,38.665,25419.0,35.17682602910513,34.13891245373212,"rgba(38, 166, 154, 1.0)",1.7946752774112849,33.99882611606013,2.6000101203102073,5,0.6566073681935501,3.2830368409677506,0.0,0.0,0.0,0.0,72.68832835933043,11.254339799823768,True,False,True,False,True,18.076134056044992
2024-08-20 17:00:00+00:00,38.65,38.765,38.59,38.76,57811.0,35.40528808199967,34.279867486580805,"rgba(38, 166, 154, 1.0)",1.8992405831786312,34.14597022340809,2.4294077419458437,5,0.6236631323586883,3.1183156617934413,0.0,0.0,0.0,0.0,74.10861230571369,13.297517983873242,True,False,True,False,True,18.332296966353994
2024-08-21 17:00:00+00:00,39.065,39.12,38.945,39.015,28051.0,35.515604578091256,34.34896723613314,"rgba(38, 166, 154, 1.0)",2.0030796514592217,34.21816151515473,2.3947317728233237,5,0.593516301711918,2.96758150855959,0.0,0.0,0.0,0.0,75.44127740921797,15.328012662007083,True,False,True,False,True,19.022262979466866
2024-08-22 17:00:00+00:00,39.01,39.105,38.835,38.87,31412.0,35.62845597308261,34.421120932488776,"rgba(38, 166, 154, 1.0)",2.0902192695012873,34.29390768513682,2.1892881678174367,5,0.5692982862829081,2.846491431414541,0.0,0.0,0.0,0.0,75.51946215033124,16.24952044666037,True,False,True,False,True,18.36268346131559
2024-08-23 17:00:00+00:00,39.12,39.195,39.02,39.075,18105.0,35.69316646433459,34.4628551772748,"rgba(38, 166, 154, 1.0)",2.184118314288561,34.33772439004629,2.16896473920956,4,0.6601199481430494,2.6404797925721977,0.0,0.0,0.0,0.0,75.95399624497261,17.551125547850063,True,False,True,False,True,18.93013108955183
2024-08-26 17:00:00+00:00,39.48,39.48,39.09,39.145,12061.0,35.736690173413145,34.49102361545968,"rgba(38, 166, 154, 1.0)",2.2743153667394673,34.367280737163306,2.100728567685928,4,0.6364888689315993,2.545955475726397,0.0,0.0,0.0,0.0,76.38116797632514,18.82662037814316,True,False,True,False,True,19.125186189053284
2024-08-27 17:00:00+00:00,39.315,39.485,39.3,39.45,17385.0,35.800592548028035,34.53246928515873,"rgba(38, 166, 154, 1.0)",2.3684204794688495,34.41072528803301,2.1276942821813134,4,0.6129867625440242,2.4519470501760967,0.0,0.0,0.0,0.0,77.2747589249822,20.475960919183763,True,False,True,False,True,19.976233699816103
2024-08-28 17:00:00+00:00,39.355,39.39,39.095,39.17,21246.0,35.87170928807508,34.5794678749806,"rgba(38, 166, 154, 1.0)",2.4474420586870926,34.46020792751365,1.9243732679060337,4,0.5949736403185971,2.3798945612743885,0.0,0.0,0.0,0.0,75.85384434040932,20.475960919183763,True,False,True,False,True,18.64015525287957
2024-08-29 17:00:00+00:00,39.59,39.65,39.23,39.285,10820.0,35.90858417872898,34.97192344344438,"rgba(38, 166, 154, 1.0)",2.52590597786396,34.818832860792895,1.7681446492255937,4,0.5783567013183504,2.3134268052734015,0.0,0.0,0.0,0.0,75.21377699248497,20.475960919183763,True,False,True,False,True,18.970484944217436
2024-08-30 17:00:00+00:00,39.04,39.255,38.91,39.225,28203.0,35.99428969583998,35.011181452713025,"rgba(38, 166, 154, 1.0)",2.598935072969963,34.86661750348219,1.676987833150145,4,0.5647560567725847,2.2590242270903387,0.0,0.0,0.0,0.0,74.30278987965752,20.475960919183763,True,False,True,False,True,18.678175007295575
2024-09-02 17:00:00+00:00,39.225,39.225,39.225,39.225,0.0,35.99428969583998,35.011181452713025,"rgba(38, 166, 154, 1.0)",2.6682271976685654,34.86661750348219,1.6334375499680331,4,0.5540368065970163,2.216147226388065,0.0,0.0,0.0,0.0,73.69546513777257,20.475960919183763,True,False,True,False,False,18.678175007295575
2024-09-03 17:00:00+00:00,38.905,38.935,38.64,38.71,17954.0,36.040379230398415,35.0304074941501,"rgba(38, 166, 154, 1.0)",2.721960160824728,34.89131885363401,1.4029158844150627,4,0.5467774260908022,2.1871097043632086,0.0,0.0,0.0,0.0,69.04041279864998,23.66517277205324,True,False,True,False,False,16.14429849935084
2024-09-04 17:00:00+00:00,38.76,38.985,38.71,38.925,11953.0,36.07144630208305,35.04805794668862,"rgba(38, 166, 154, 1.0)",2.7781121628165133,34.91175721556548,1.444593504232673,4,0.5396317163778279,2.1585268655113117,0.0,0.0,0.0,0.0,66.9614430716922,21.597801865545833,True,False,True,False,False,16.814746514711764
2024-09-05 17:00:00+00:00,38.54,38.545,38.11,38.155,20435.0,36.111906569261116,35.29172792026707,"rgba(239, 83, 80, 1.0)",2.8155376136812498,35.193257143556934,1.0519280019742507,4,0.5354063146157718,2.1416252584630873,0.0,0.0,0.0,0.0,60.652299512641264,15.741541555734088,False,False,True,False,False,13.14528899251615
2024-09-06 17:00:00+00:00,38.11,38.5,38.11,38.335,101922.0,36.29712305605207,35.59122924465499,"rgba(239, 83, 80, 1.0)",2.8537291265864346,35.5856512443972,0.9634231679484979,4,0.5296260208587631,2.1185040834350524,0.0,0.0,0.0,0.0,57.45511306414942,12.950349349880796,False,True,True,False,False,13.729402494076385
2024-09-09 17:00:00+00:00,38.97,38.97,38.565,38.76,26421.0,36.34975972322682,35.636674969921,"rgba(239, 83, 80, 1.0)",2.8982737173256057,35.63606397979309,1.0778609354707638,4,0.523058963650954,2.092235854603816,0.0,0.0,0.0,0.0,57.50933103225291,12.950349349880796,False,True,True,False,False,15.09240513138434
2024-09-10 17:00:00+00:00,38.72,38.84,38.6,38.84,135952.0,36.58812157138313,35.81764619740691,"rgba(239, 83, 80, 1.0)",2.940778207969501,35.841927243942415,1.0194827844999734,4,0.5165831820882616,2.0663327283530464,0.0,0.0,0.0,0.0,57.93525236235775,12.950349349880796,False,True,True,False,False,15.34729332293007
2024-09-11 17:00:00+00:00,38.31,38.67,38.24,38.66,15366.0,36.609513633605985,35.83167912252657,"rgba(239, 83, 80, 1.0)",2.9757189107904445,35.8585453234515,0.9414379383717868,4,0.5110970811723233,2.0443883246892933,0.0,0.0,0.0,0.0,56.940023111235746,12.118686589665984,False,True,True,False,False,14.473280837411615
2024-09-12 17:00:00+00:00,38.595,38.67,38.44,38.5,16067.0,36.6315339401495,35.84641263417365,"rgba(239, 83, 80, 1.0)",3.0018215145816445,35.875923960741446,0.8741612472666499,4,0.5087088477594431,2.0348353910377726,0.0,0.0,0.0,0.0,55.154131692259895,10.168510832039956,False,True,True,False,False,13.695023639385749
2024-09-13 17:00:00+00:00,39.15,39.345,39.145,39.29,29905.0,36.68627069403262,36.103197198355005,"rgba(239, 83, 80, 1.0)",3.0447518353288765,36.23787373850969,1.0024220122230865,4,0.5037673251555373,2.0150693006221494,0.0,0.0,0.0,0.0,58.06199327925481,10.168510832039956,False,True,True,False,True,16.268850435942536
2024-09-16 17:00:00+00:00,38.845,39.095,38.735,38.995,11723.0,36.704533331261175,36.110850839945314,"rgba(239, 83, 80, 1.0)",3.072667286292493,36.24749561401319,0.8941756884136879,4,0.5000014535733449,2.0000058142933796,0.0,0.0,0.0,0.0,57.948030182974584,10.168510832039956,False,True,True,False,True,14.831765708665941
2024-09-17 17:00:00+00:00,38.4,38.57,38.35,38.56,12602.0,36.719969490545864,36.11049072962503,"rgba(239, 83, 80, 1.0)",3.097093668132916,36.248915893950695,0.7462105940898277,4,0.49863412248706807,1.9945364899482723,0.0,0.0,0.0,0.0,55.21950642293726,9.974809115023334,False,True,True,False,False,12.752731653657065
2024-09-18 17:00:00+00:00,38.21,38.65,38.165,38.31,28753.0,36.751926009992474,36.11551601390948,"rgba(239, 83, 80, 1.0)",3.1167693773122127,36.257702615762966,0.6584694392778146,4,0.4982446231938734,1.9929784927754937,0.0,0.0,0.0,0.0,52.042932007877496,6.896234902313289,False,True,False,False,False,11.577665774414292
2024-09-19 17:00:00+00:00,38.26,38.495,38.24,38.47,56772.0,36.81251179254437,36.143664515371924,"rgba(239, 83, 80, 1.0)",3.1375189213743058,36.29288788867716,0.6938960898343256,4,0.4966369847050214,1.9865479388200855,0.0,0.0,0.0,0.0,50.93262274449158,5.765544578992348,False,True,False,False,False,12.127480457902589
2024-09-20 17:00:00+00:00,38.56,38.625,38.375,38.58,23057.0,36.837702712665184,36.15991710735967,"rgba(239, 83, 80, 1.0)",3.158853876140935,36.31197155158496,0.717990935112773,4,0.49498643988606666,1.9799457595442667,0.0,0.0,0.0,0.0,50.897862153786534,5.527899295619363,False,True,False,False,False,12.507537146109385
2024-09-23 17:00:00+00:00,38.76,39.11,38.73,39.015,12857.0,36.85488511970916,36.17454379411044,"rgba(239, 83, 80, 1.0)",3.1814453511764613,36.328400320333955,0.8444588490802057,4,0.4909266643861544,1.9637066575446176,0.0,0.0,0.0,0.0,53.416920830118656,5.527899295619363,False,True,True,False,True,13.995592961128612
2024-09-24 17:00:00+00:00,38.825,38.99,38.725,38.96,30046.0,36.892852090845395,36.20551027651938,"rgba(239, 83, 80, 1.0)",3.198524057146348,36.363362446192625,0.8118236747370405,4,0.4870492428707263,1.9481969714829053,0.0,0.0,0.0,0.0,54.675691611935854,5.527899295619363,False,True,True,False,True,13.723024704365173
2024-09-25 17:00:00+00:00,38.55,38.81,38.505,38.72,41297.0,36.93745485736615,36.23810024235047,"rgba(239, 83, 80, 1.0)",3.2071035359167746,36.400756657334426,0.7231582381710042,4,0.4842656781002091,1.9370627124008364,0.0,0.0,0.0,0.0,53.68823396868185,5.527899295619363,False,True,True,False,True,12.529358230031864
2024-09-26 17:00:00+00:00,39.24,39.29,38.9,39.005,11775.0,36.95250169677414,36.251021330640825,"rgba(239, 83, 80, 1.0)",3.2029877071653017,36.415204508356645,0.8085561758010524,4,0.4815939077081388,1.9263756308325553,0.0,0.0,0.0,0.0,54.856395226071754,5.527899295619363,False,True,True,False,True,13.531449257467969
2024-09-27 17:00:00+00:00,38.865,38.9,38.77,38.79,13353.0,36.96736021228915,36.26268579350238,"rgba(239, 83, 80, 1.0)",3.1837739546950212,36.428419808696326,0.7417549816377881,4,0.47821392674174873,1.912855706966995,0.0,0.0,0.0,0.0,53.96045972483371,5.527899295619363,False,True,True,False,True,12.451591757487211
2024-09-30 17:00:00+00:00,39.02,39.2,38.775,39.175,10501.0,36.980310286491175,36.27368067992931,"rgba(239, 83, 80, 1.0)",3.170189564343692,36.44072284164761,0.862496422644823,4,0.47368458734056884,1.8947383493622754,0.0,0.0,0.0,0.0,55.76046787901613,1.8426035713698568,False,True,True,False,True,13.815258345735973
2024-10-01 17:00:00+00:00,39.475,39.625,39.34,39.435,26367.0,37.018533153173635,36.309007439059926,"rgba(38, 166, 154, 1.0)",3.154470411428255,36.479738873758855,0.9368485802037018,4,0.46876698299206787,1.8750679319682715,0.0,0.0,0.0,0.0,58.34929402291134,4.3870808738799525,False,False,True,False,True,14.720877094420686
2024-10-02 17:00:00+00:00,39.07,39.255,39.065,39.255,38989.0,37.06683522277469,36.350530762867265,"rgba(38, 166, 154, 1.0)",3.131877359155775,36.526004753484834,0.8713608272486101,4,0.4643610350894469,1.8574441403577877,0.0,0.0,0.0,0.0,58.50934957752171,4.661236140504073,False,False,True,False,True,13.792442406554777
2024-10-03 17:00:00+00:00,39.11,39.275,39.0,39.27,25237.0,37.096830092394065,36.37607898918357,"rgba(38, 166, 154, 1.0)",3.1179935697336925,36.55447438693223,0.8709208509688198,4,0.4601850702631256,1.8407402810525024,0.0,0.0,0.0,0.0,58.710534127136484,5.069250588326867,False,False,True,False,True,13.846253720035975
2024-10-04 17:00:00+00:00,39.64,39.69,39.435,39.61,14707.0,37.117172278277,36.394607881170515,"rgba(38, 166, 154, 1.0)",3.113422593102804,36.8878000515639,0.8743432242274517,4,0.4555874027004102,1.8223496108016408,0.0,0.0,0.0,0.0,60.88001093615331,7.299802192847537,False,False,True,False,True,15.064992661687551
2024-10-07 17:00:00+00:00,39.675,39.685,39.48,39.575,19104.0,37.14312105826478,36.41809870851299,"rgba(38, 166, 154, 1.0)",3.1042263735717017,36.91237283756034,0.8577425876889454,4,0.4512970780264469,1.8051883121057877,0.0,0.0,0.0,0.0,61.956736997172314,8.451151866619327,False,False,True,False,True,14.876845144343136
2024-10-08 17:00:00+00:00,39.11,39.16,38.915,38.925,24329.0,37.16770649354842,36.43791634476226,"rgba(38, 166, 154, 1.0)",3.078158514085584,36.917888551682154,0.6520494117289108,4,0.4485933232160264,1.7943732928641056,0.0,0.0,0.0,0.0,57.07347968951092,10.87940803344614,False,True,True,False,False,11.454306639471504
2024-10-09 17:00:00+00:00,39.15,39.255,38.885,38.98,32218.0,37.199968683518655,36.46431978356122,"rgba(38, 166, 154, 1.0)",3.050388253238466,36.938733255711654,0.6691826006480381,4,0.4458136761558483,1.7832547046233933,0.0,0.0,0.0,0.0,54.24553452418937,8.374239907463966,False,True,True,False,False,11.662556304629597
2024-10-10 17:00:00+00:00,38.385,38.48,38.17,38.37,20697.0,37.212450117945195,36.471989445592186,"rgba(239, 83, 80, 1.0)",3.016760766537884,37.166633030463466,0.3988937349240153,4,0.44433598393373946,1.7773439357349579,0.0,0.0,0.0,0.0,48.586949066791135,3.322942085651775,False,True,False,True,False,8.563318249219616
2024-10-11 17:00:00+00:00,38.81,38.995,38.69,38.965,23181.0,37.23269081721934,36.488226277202195,"rgba(239, 83, 80, 1.0)",2.9901301562559217,37.19794439981865,0.5909627701270241,4,0.4423695983850058,1.7694783935400231,0.0,0.0,0.0,0.0,49.07177720970323,3.322942085651775,False,True,False,False,False,10.846826780935658
2024-10-14 17:00:00+00:00,39.18,39.215,39.03,39.14,25867.0,37.257973231401905,36.50973039338206,"rgba(239, 83, 80, 1.0)",2.9596866662134804,37.23103887289788,0.6449875755072351,4,0.44028890691891776,1.761155627675671,0.0,0.0,0.0,0.0,50.446035666556355,3.322942085651775,False,True,False,False,True,11.501841177683442
2024-10-15 17:00:00+00:00,39.515,39.525,39.16,39.37,15026.0,37.27406933657371,36.52392098610667,"rgba(239, 83, 80, 1.0)",2.9232969832454505,37.252260614065875,0.7244352517283426,4,0.4382572821935234,1.7530291287740936,0.0,0.0,0.0,0.0,52.6938906173753,3.322942085651775,False,True,True,False,True,12.3595722225528
2024-10-16 17:00:00+00:00,39.64,39.715,39.515,39.525,10778.0,37.28674296884884,36.71478595508497,"rgba(239, 83, 80, 1.0)",2.88481383070685,37.56625464215348,0.6789850135204658,4,0.4364319247632368,1.7457276990529471,0.0,0.0,0.0,0.0,55.05977792264502,-0.1873550100580914,False,True,True,False,True,12.93608238698512
2024-10-17 17:00:00+00:00,38.775,38.81,38.47,38.48,21333.0,37.300702054067614,36.685577097822325,"rgba(239, 83, 80, 1.0)",2.831547781309283,37.5250453344148,0.33725535973249077,4,0.43680479159457,1.74721916637828,0.0,0.0,0.0,0.0,50.34835123630619,-0.1873550100580914,False,True,False,False,False,7.699888782332486
2024-10-18 17:00:00+00:00,38.87,39.005,38.76,38.995,15857.0,37.313524834520855,36.695534588049114,"rgba(239, 83, 80, 1.0)",2.7585044583698837,37.53334854210342,0.5298709789870452,4,0.4360315312535056,1.7441261250140223,0.0,0.0,0.0,0.0,50.13929570730502,-0.1873550100580914,False,True,False,False,False,9.656549425796744
2024-10-21 17:00:00+00:00,38.84,38.865,38.635,38.66,12807.0,37.32246293351196,36.69971851412999,"rgba(239, 83, 80, 1.0)",2.6833207156549017,37.53423961290795,0.4195400052346281,4,0.43677490616796383,1.7470996246718553,0.0,0.0,0.0,0.0,48.37151132507573,3.887288588637176,False,True,False,True,False,8.053781506690331
2024-10-22 17:00:00+00:00,38.25,38.42,38.165,38.19,16465.0,37.330047125452396,36.69662281540426,"rgba(239, 83, 80, 1.0)",2.5881571289865666,37.52202846850528,0.25808770418675053,4,0.4372216040324032,1.7488864161296127,0.0,0.0,0.0,0.0,45.186466372709255,0.7707997510039704,False,True,False,True,False,5.862077269714693
2024-10-23 17:00:00+00:00,38.28,38.425,38.095,38.365,13196.0,37.33627397956055,36.78556136265934,"rgba(239, 83, 80, 1.0)",2.4905970683264713,37.703822667206026,0.2654694094048085,4,0.4374518753437691,1.7498075013750765,0.0,0.0,0.0,0.0,44.14898762510137,-0.3424285435456227,False,True,False,True,False,6.548387283757105
2024-10-24 17:00:00+00:00,38.34,38.505,38.295,38.485,17867.0,37.345732868496555,36.793786305570116,"rgba(239, 83, 80, 1.0)",2.412195809137656,37.7060250022293,0.322931909101183,4,0.43761783932518433,1.7504713573007373,0.0,0.0,0.0,0.0,44.21912633568202,-0.534099025203723,False,True,False,True,False,7.020557651352796
2024-10-25 17:00:00+00:00,38.465,38.52,38.24,38.345,11462.0,37.351383567191256,36.796001899230866,"rgba(239, 83, 80, 1.0)",2.3446170224541203,37.703982546071245,0.2733996417281822,4,0.43794460220845444,1.7517784088338177,0.0,0.0,0.0,0.0,43.53790169349439,-1.5246300717699626,False,True,False,True,False,6.352511109127953
2024-10-28 17:00:00+00:00,38.37,38.44,38.195,38.205,20941.0,37.36066482961579,36.797516254101424,"rgba(239, 83, 80, 1.0)",2.287179225773627,37.6971832247674,0.22202753921080745,3,0.5475617074939453,1.642685122481836,0.0,0.0,0.0,0.0,42.345955696971345,-2.9928362968324365,False,True,False,True,False,5.681956199648756
2024-10-29 17:00:00+00:00,38.28,38.34,38.16,38.175,16401.0,37.367378181640795,36.79849158278027,"rgba(239, 83, 80, 1.0)",2.244731726180693,37.691791938013154,0.21526316768774842,3,0.5495942060974507,1.6487826182923522,0.0,0.0,0.0,0.0,41.384903198896005,-4.221038411613321,False,True,False,True,False,5.536803567392955
2024-10-30 17:00:00+00:00,38.3,38.53,38.27,38.415,37334.0,37.38540500181251,36.81142893689001,"rgba(239, 83, 80, 1.0)",2.2070675624513294,37.695576656040615,0.3259634440734296,3,0.5519878094976113,1.655963428492834,0.0,0.0,0.0,0.0,42.78382553078487,-4.221038411613321,False,True,False,True,False,6.542195450895054
2024-10-31 17:00:00+00:00,38.41,38.49,38.15,38.15,29623.0,37.39734262263275,36.81696860504147,"rgba(239, 83, 80, 1.0)",2.159061883368756,37.69261108632869,0.21184613428386373,3,0.5573485837221769,1.6720457511665305,0.0,0.0,0.0,0.0,42.02156338014396,-4.221038411613321,False,True,False,True,False,5.233777756909223
2024-11-01 17:00:00+00:00,38.295,38.44,38.19,38.33,35982.0,37.41233398327842,36.82655617790899,"rgba(239, 83, 80, 1.0)",2.097299726825845,37.693809157258215,0.30333806589705953,3,0.5643718832190258,1.6931156496570772,0.0,0.0,0.0,0.0,43.071288380750616,-4.221038411613321,False,True,False,True,False,6.001150576795023
2024-11-04 17:00:00+00:00,38.835,39.055,38.705,38.795,32437.0,37.43311190382836,36.85016965367978,"rgba(239, 83, 80, 1.0)",2.040140981703186,37.717046456599974,0.5283720846096196,3,0.5707692166702972,1.7123076500108918,0.0,0.0,0.0,0.0,47.16775884335377,-6.732190853292892,False,True,False,False,True,7.945365956145643
2024-11-05 17:00:00+00:00,38.88,39.145,38.85,39.095,26829.0,37.45195379169429,36.872015599220056,"rgba(239, 83, 80, 1.0)",1.981506445306803,37.73985991318719,0.6838938576366776,3,0.5777013828723833,1.7331041486171497,0.0,0.0,0.0,0.0,51.66731290430407,-2.6117673184743495,False,True,True,False,True,9.166578284238863
2024-11-06 17:00:00+00:00,39.97,40.54,39.97,40.51,53033.0,37.51777758080146,36.961522404979966,"rgba(38, 166, 154, 1.0)",1.9373613870787625,37.851767181207926,1.3720892945018746,3,0.5823528241266501,1.7470584723799503,0.0,0.0,0.0,0.0,59.73792698505403,4.580305026387428,True,False,True,False,True,14.472088797348913
2024-11-07 17:00:00+00:00,41.845,42.315,41.82,41.82,89610.0,37.68343669755901,37.18064470763545,"rgba(38, 166, 154, 1.0)",1.9328624970318058,38.13555068402157,1.9062138779330897,3,0.5816854005854709,1.7450562017564129,0.0,0.0,0.0,0.0,67.42710521601819,11.144603601633392,True,False,True,False,True,18.7542154675786
2024-11-08 17:00:00+00:00,46.08,46.2,45.635,45.93,85860.0,37.96610871333144,37.546670184855344,"rgba(38, 166, 154, 1.0)",2.085605701982934,38.6217590514745,3.504133567326286,3,0.5626456227141028,1.6879368681423084,0.0,0.0,0.0,0.0,75.43822258772362,17.885986321084033,True,False,True,False,True,20.0
2024-11-11 17:00:00+00:00,46.62,46.82,46.295,46.665,59522.0,38.166554590189236,38.251978496285304,"rgba(38, 166, 154, 1.0)",2.2596607913338373,39.58034235562848,3.1352748481286747,3,0.5428801248173033,1.6286403744519098,0.0,0.0,0.0,0.0,81.04072221856765,22.417695262066175,True,False,True,False,True,20.0
2024-11-12 17:00:00+00:00,46.28,46.74,46.215,46.64,50246.0,38.3274657945402,38.42563042776331,"rgba(38, 166, 154, 1.0)",2.4141646700367425,39.80642408137411,2.8306171502882136,3,0.526835303938574,1.580505911815722,0.0,0.0,0.0,0.0,84.66790532022463,25.3417750903059,True,False,True,False,True,20.0
2024-11-13 17:00:00+00:00,46.285,46.37,45.8,45.895,31226.0,38.41835910910654,38.51419914096666,"rgba(38, 166, 154, 1.0)",2.515501424053257,39.91943647708552,2.3754959809507836,3,0.5159789735916449,1.5479369207749347,0.0,0.0,0.0,0.0,83.86301893979774,25.3417750903059,True,False,True,False,True,20.0
2024-11-14 17:00:00+00:00,45.24,45.31,44.975,45.105,30984.0,38.49611928024839,38.57929752469137,"rgba(38, 166, 154, 1.0)",2.5644991731346973,40.00000929087237,1.9906384695330503,3,0.508919946305923,1.5267598389177688,0.0,0.0,0.0,0.0,80.26955006606694,25.3417750903059,True,False,True,False,False,20.0
2024-11-15 17:00:00+00:00,44.75,44.87,44.57,44.77,26628.0,38.55764395861015,38.628515573183556,"rgba(38, 166, 154, 1.0)",2.58579692527048,40.05929319310674,1.8217620884519048,3,0.5034369796168994,1.5103109388506981,0.0,0.0,0.0,0.0,76.6436260138475,25.3417750903059,True,False,True,False,False,20.0
2024-11-18 17:00:00+00:00,45.03,45.06,44.67,44.715,40765.0,38.650682008564544,38.70695255096221,"rgba(38, 166, 154, 1.0)",2.553284583073669,40.152723875833274,1.7868263312327748,3,0.49922673522264377,1.4976802056679313,0.0,0.0,0.0,0.0,74.01257889648177,33.508159029489136,True,False,True,False,False,20.0
2024-11-19 17:00:00+00:00,44.56,44.66,44.265,44.4,29351.0,38.71202048607313,38.75617118297182,"rgba(38, 166, 154, 1.0)",2.4941581421067403,40.209513112892346,1.6801207655453936,3,0.4971685324245662,1.4915055972736986,0.0,0.0,0.0,0.0,70.97064218050755,30.326308194974118,True,False,True,False,False,20.0
2024-11-20 17:00:00+00:00,44.265,44.7,44.08,44.64,26155.0,38.76589134567808,38.80040711193141,"rgba(38, 166, 154, 1.0)",2.428424070970301,40.70043360330733,1.6222728327341016,3,0.49513258016211653,1.4853977404863496,0.0,0.0,0.0,0.0,69.48058267303996,28.521482961808502,True,False,True,False,False,20.0
2024-11-21 17:00:00+00:00,45.08,45.965,45.055,45.77,19740.0,38.81375885005387,38.84642437943386,"rgba(38, 166, 154, 1.0)",2.3873206984225237,40.782622928064484,2.0891106399031525,3,0.490610945895207,1.471832837685621,0.0,0.0,0.0,0.0,70.67329590131982,28.521482961808502,True,False,True,False,False,20.0
2024-11-22 17:00:00+00:00,46.44,46.6,46.01,46.19,48116.0,38.93892398254176,38.972262801948055,"rgba(38, 166, 154, 1.0)",2.4888449743416703,40.9682571161335,2.0980587130573336,3,0.48761306721726644,1.4628392016517993,0.0,0.0,0.0,0.0,72.1479527938938,28.521482961808502,True,False,True,False,False,20.0
2024-11-25 17:00:00+00:00,46.325,46.705,46.265,46.69,42373.0,39.049897029589665,39.08361410641243,"rgba(38, 166, 154, 1.0)",2.583517967827893,41.11263172674562,2.1588269726428813,3,0.48339457574599304,1.4501837272379792,0.0,0.0,0.0,0.0,73.89485810910385,28.521482961808502,True,False,True,False,True,20.0
2024-11-26 17:00:00+00:00,46.77,47.025,46.72,46.87,29992.0,39.129759995728655,39.549398476344344,"rgba(38, 166, 154, 1.0)",2.6893421497083017,41.764917871236605,1.8982642760115565,3,0.480529664123512,1.441588992370536,0.0,0.0,0.0,0.0,75.33024638955916,28.521482961808502,True,False,True,False,True,20.0
2024-11-27 17:00:00+00:00,46.355,46.655,46.28,46.44,39206.0,39.2262869769359,39.626236337707034,"rgba(38, 166, 154, 1.0)",2.77227177307407,41.851967101273765,1.6549722661709796,3,0.4795239957874746,1.4385719873624239,0.0,0.0,0.0,0.0,73.9919263709674,28.521482961808502,True,False,True,False,True,20.0
2024-11-28 17:00:00+00:00,46.44,46.44,46.44,46.44,0.0,39.2262869769359,39.626236337707034,"rgba(38, 166, 154, 1.0)",2.8551804616289895,41.851967101273765,1.6069152056709526,3,0.4772897798428776,1.4318693395286328,0.0,0.0,0.0,0.0,73.09971302523957,28.521482961808502,True,False,True,False,True,20.0
2024-11-29 17:00:00+00:00,46.3,46.42,46.13,46.16,7869.0,39.24477077642797,39.64074271303156,"rgba(38, 166, 154, 1.0)",2.924616733186674,41.867442136766996,1.4677334689786214,3,0.47518577912183746,1.4255573373655124,0.0,0.0,0.0,0.0,70.89659331101305,26.857915393122866,True,False,True,False,False,20.0
2024-12-02 17:00:00+00:00,45.955,46.435,45.93,46.26,25252.0,39.30319571734877,39.68792795808422,"rgba(38, 166, 154, 1.0)",2.994664471572191,41.91743351330301,1.4501011809236686,2,0.6580663425872819,1.3161326851745638,0.0,0.0,0.0,0.0,69.72344634555833,25.35251340971314,True,False,True,False,False,20.0
2024-12-03 17:00:00+00:00,45.985,46.09,45.57,45.63,54929.0,39.41898274006098,39.773623566386604,"rgba(38, 166, 154, 1.0)",3.0455696045593292,41.99818560762779,1.1924910161091882,2,0.6549549345411598,1.3099098690823197,0.0,0.0,0.0,0.0,65.39417207377001,21.018360671046253,False,False,True,False,False,20.0
2024-12-04 17:00:00+00:00,45.735,45.735,45.39,45.48,51860.0,39.52075514618986,39.84917469140184,"rgba(38, 166, 154, 1.0)",3.0916802044334943,42.06601845394108,1.1042479559054124,2,0.6522997119929382,1.3045994239858765,0.0,0.0,0.0,0.0,61.74039049818833,17.501867490329417,False,False,True,False,False,19.639851936797736
2024-12-05 17:00:00+00:00,45.35,45.4,45.145,45.155,111226.0,39.71760627691175,39.992524686597044,"rgba(38, 166, 154, 1.0)",3.127178099319626,42.185626829223274,0.949537594748047,2,0.6519377663771293,1.3038755327542586,0.0,0.0,0.0,0.0,57.6710613254312,13.696876727875846,False,True,True,False,False,18.18988156431122
2024-12-06 17:00:00+00:00,45.235,45.26,44.965,45.16,63078.0,39.82131796366856,40.069379154572864,"rgba(38, 166, 154, 1.0)",3.1617527098426974,42.24886588572217,0.9207342829865599,2,0.6533613148682248,1.3067226297364496,0.0,0.0,0.0,0.0,54.984346622714995,11.206977461927764,False,True,True,False,False,18.20354207375493
2024-12-09 17:00:00+00:00,45.045,45.075,44.79,44.795,64621.0,39.918868965272644,40.13921433710811,"rgba(38, 166, 154, 1.0)",3.1881191071603454,42.30176225566691,0.7820403380580777,2,0.6557296435281977,1.3114592870563955,0.0,0.0,0.0,0.0,51.319725285576844,7.78587490446651,False,True,False,False,False,16.56348003639272
2024-12-10 17:00:00+00:00,44.49,44.9,44.49,44.65,45583.0,39.982680866159335,40.183553452085555,"rgba(38, 166, 154, 1.0)",3.2123619919876716,42.33266441609959,0.721380588389586,2,0.6590219539760868,1.3180439079521735,0.0,0.0,0.0,0.0,48.169989484333044,4.848318717584718,False,True,False,True,False,15.91497649579929
2024-12-11 17:00:00+00:00,44.92,45.28,44.9,45.035,64435.0,40.07730255118686,40.25613897068371,"rgba(38, 166, 154, 1.0)",3.2389671193143394,42.3922677404056,0.8159182116531764,2,0.6619115748756432,1.3238231497512865,0.0,0.0,0.0,0.0,48.508441684615036,4.848318717584718,False,True,False,True,False,17.027423460164187
2024-12-12 17:00:00+00:00,44.585,44.81,44.545,44.74,74830.0,40.1749754992653,40.32649263289603,"rgba(38, 166, 154, 1.0)",3.259778011565222,42.44243593923265,0.7048222463664471,2,0.6645046286259925,1.329009257251985,0.0,0.0,0.0,0.0,47.12968311053524,3.5227662380885363,False,True,False,True,False,15.692342104679948
2024-12-13 17:00:00+00:00,44.73,44.815,44.53,44.66,30039.0,40.21278028485233,40.35387415959978,"rgba(38, 166, 154, 1.0)",3.2771870147626836,42.461782948980954,0.6707633836936298,2,0.6671753487297378,1.3343506974594757,0.0,0.0,0.0,0.0,45.78173501828816,1.9337276398275876,False,True,False,True,False,15.329712720615259
2024-12-16 17:00:00+00:00,44.355,44.49,43.595,43.685,68130.0,40.282260013890436,40.395785357906256,"rgba(239, 83, 80, 1.0)",3.2812537746009145,42.47743538131682,0.36801926996032186,2,0.6714578662087013,1.3429157324174026,0.0,0.0,0.0,0.0,40.798237724572424,-2.951797553227024,False,True,False,True,False,11.05077736156148
2024-12-17 17:00:00+00:00,43.565,43.61,43.055,43.285,23160.0,40.301452788388545,40.404817274156336,"rgba(239, 83, 80, 1.0)",3.2756630825880193,42.47562526388704,0.2470872967416083,2,0.6762760389590674,1.3525520779181348,0.0,0.0,0.0,0.0,36.283360443815475,-7.202483550373188,False,True,False,True,False,9.377526011205251
2024-12-18 17:00:00+00:00,43.21,43.235,41.965,42.065,60312.0,40.33580966581163,40.679937297757185,"rgba(239, 83, 80, 1.0)",3.264628546948176,42.63124573831192,-0.17344874927386622,2,0.6836892344115088,1.3673784688230175,0.0,0.0,0.0,0.0,30.68640029720136,-12.33123150104744,False,True,False,True,False,4.562605239896772
2024-12-19 17:00:00+00:00,42.42,42.49,42.165,42.29,38320.0,40.35597915225609,40.67896458209097,"rgba(239, 83, 80, 1.0)",3.2445165563892706,42.60775226675323,-0.097935165757591,2,0.69321172927547,1.38642345855094,0.0,0.0,0.0,0.0,28.452226638181678,-14.321626716833684,False,True,False,True,False,5.310987151833906
2024-12-20 17:00:00+00:00,42.735,42.735,42.075,42.175,61563.0,40.387750363308,40.681402458359,"rgba(239, 83, 80, 1.0)",3.22539462632015,42.576630658980214,-0.12452140141327049,2,0.7048437441204307,1.4096874882408614,0.0,0.0,0.0,0.0,26.71429346904718,-16.01879423118472,False,True,False,True,False,4.868414769927515
2024-12-23 17:00:00+00:00,42.1,42.1,42.1,42.1,0.0,40.387750363308,40.681402458359,"rgba(239, 83, 80, 1.0)",3.210457705012648,42.576630658980214,-0.14846190256175168,1,1.2664746806050613,1.2664746806050613,0.0,0.0,0.0,0.0,25.382964631000213,-17.481576658356303,False,True,False,True,False,4.576583395180268
2024-12-24 17:00:00+00:00,42.7,42.805,42.66,42.72,8557.0,40.39297917945367,40.68406661558417,"rgba(239, 83, 80, 1.0)",3.197971199493859,42.57551965190233,0.04517875211650836,1,1.3046321066659294,1.3046321066659294,0.0,0.0,0.0,0.0,28.919433372705797,-17.481576658356303,False,True,False,True,True,6.682274515192148
2024-12-25 17:00:00+00:00,42.72,42.72,42.72,42.72,0.0,40.39297917945367,40.68406661558417,"rgba(239, 83, 80, 1.0)",3.182389771485739,42.57551965190233,0.045399953642452,1,1.3482071064641241,1.3482071064641241,0.0,0.0,0.0,0.0,31.27707920050952,-17.481576658356303,False,True,False,True,True,6.682274515192148
2024-12-26 17:00:00+00:00,43.13,43.27,42.91,43.135,12982.0,40.40213975990657,40.69092871337269,"rgba(239, 83, 80, 1.0)",3.165883802708439,42.57764655260709,0.17604987489309795,1,1.3960685986824293,1.3960685986824293,0.0,0.0,0.0,0.0,35.558744778174415,-21.609484715890964,False,True,False,True,True,8.076900891407714
2024-12-27 17:00:00+00:00,42.73,43.02,42.67,42.9,18513.0,40.41393818456546,40.69757996079979,"rgba(239, 83, 80, 1.0)",3.156409395225794,42.57664817946883,0.10244292803723404,0,,,0.0,0.0,0.0,0.0,37.31225901264984,-19.813627850309523,False,True,False,True,True,7.108387370170863
2024-12-30 17:00:00+00:00,42.71,42.815,42.59,42.645,12417.0,40.42121152837697,40.70062481883512,"rgba(239, 83, 80, 1.0)",3.141727805460395,42.57417333206307,0.022543858768998417,0,,,0.0,0.0,0.0,0.0,37.3420213297153,-19.474707006524383,False,True,False,True,True,6.062008399074621
2024-12-31 17:00:00+00:00,42.73,42.965,42.63,42.955,20810.0,40.43418758116489,40.70750536126715,"rgba(239, 83, 80, 1.0)",3.1217493247931087,42.57252534672367,0.12251933562976709,0,,,0.0,0.0,0.0,0.0,39.5057689753,-17.056803534947974,False,True,False,True,True,7.1348697616780505
2025-01-01 17:00:00+00:00,42.955,42.955,42.955,42.955,0.0,40.43418758116489,40.70750536126715,"rgba(239, 83, 80, 1.0)",3.0967414478115507,42.57252534672367,0.12350874611976996,0,,,0.0,0.0,0.0,0.0,40.948267405689805,-15.333392318552534,False,True,False,True,True,7.1348697616780505
2025-01-02 17:00:00+00:00,43.32,43.42,42.855,43.02,20987.0,40.44846518927542,40.7169136592992,"rgba(239, 83, 80, 1.0)",3.0730722559174346,42.57431605970065,0.14502878656405016,0,,,0.0,0.0,0.0,0.0,42.406862967662526,-13.589605740763787,False,True,False,True,True,7.364674022807247
2025-01-03 17:00:00+00:00,43.09,43.55,43.06,43.52,38946.0,40.47729973770162,40.738744894756394,"rgba(239, 83, 80, 1.0)",3.0524573721853,42.58386939798399,0.3066809746620063,0,,,0.0,0.0,0.0,0.0,46.78353793073823,-9.228217275536352,False,True,False,False,True,9.115822972051447
2025-01-06 17:00:00+00:00,43.73,43.88,43.605,43.64,59369.0,40.52508344113255,40.77835991583301,"rgba(239, 83, 80, 1.0)",3.037431098095075,42.60775606099048,0.33984110443094173,0,,,0.0,0.0,0.0,0.0,50.41290170875077,-5.73110302569696,False,True,False,False,True,9.530940212233315
2025-01-07 17:00:00+00:00,42.72,42.905,42.575,42.82,27535.0,40.540353822081876,40.784428159343335,"rgba(239, 83, 80, 1.0)",3.0163010698773953,42.60275537050981,0.0720235230029671,0,,,0.0,0.0,0.0,0.0,47.6499695682039,-5.73110302569696,False,True,False,False,False,5.973488408072811
2025-01-08 17:00:00+00:00,42.815,43.54,42.74,43.46,26903.0,40.558247827495656,40.79588161937845,"rgba(239, 83, 80, 1.0)",2.9932041826909592,42.605413946818615,0.28550877288067045,0,,,0.0,0.0,0.0,0.0,49.500561942530815,-5.73110302569696,False,True,False,False,False,8.212012279691884
2025-01-09 17:00:00+00:00,43.46,43.46,43.46,43.46,0.0,40.558247827495656,40.79588161937845,"rgba(239, 83, 80, 1.0)",2.972977119816822,42.605413946818615,0.2874512714830582,0,,,0.0,0.0,0.0,0.0,50.73429019208209,-5.411337282429102,False,False,False,False,False,8.212012279691884
2025-01-10 17:00:00+00:00,42.645,43.4,42.56,43.345,40417.0,40.58326384234766,41.09890984584973,"rgba(239, 83, 80, 1.0)",2.9474562372102557,42.799807049550104,0.1849706684588185,0,,,0.0,0.0,0.0,0.0,50.81704631223059,-5.012981970147983,False,False,False,False,False,7.710166341551329
2025-01-13 17:00:00+00:00,43.845,44.4,43.82,44.34,30518.0,40.60982772917077,41.14469426798017,"rgba(38, 166, 154, 1.0)",2.9331627489300827,42.845047857016354,0.5096724153915281,0,,,0.0,0.0,0.0,0.0,55.59050340007049,-0.2816859768320441,False,False,True,False,True,11.111923939628966
2025-01-14 17:00:00+00:00,44.24,44.585,44.06,44.22,53646.0,40.65688641379783,41.19992910274635,"rgba(38, 166, 154, 1.0)",2.919939625131619,42.89341662952397,0.4543187670930808,0,,,0.0,0.0,0.0,0.0,57.954184912013375,2.0535318584973155,True,False,True,False,True,10.579502231407204
2025-01-15 17:00:00+00:00,44.105,44.375,43.88,44.3,29091.0,40.681193326555366,41.22242906588578,"rgba(38, 166, 154, 1.0)",2.903221064533136,42.910402423898205,0.4786399468775045,0,,,0.0,0.0,0.0,0.0,59.87205299928429,3.997422506149121,True,False,True,False,True,10.849323616309633
2025-01-16 17:00:00+00:00,44.86,44.94,44.69,44.835,22926.0,40.703552475363956,41.248473175577764,"rgba(38, 166, 154, 1.0)",2.889987180058117,42.934548154690305,0.657598711310366,0,,,0.0,0.0,0.0,0.0,63.22442844800248,7.266200068364668,True,False,True,False,True,12.631917460091497
2025-01-17 17:00:00+00:00,45.14,45.32,45.07,45.115,29627.0,40.73449420555295,41.28565977398625,"rgba(38, 166, 154, 1.0)",2.8829374909241334,42.97041804518115,0.7438877747333337,0,,,0.0,0.0,0.0,0.0,66.37830019399524,10.289511127581981,True,False,True,False,True,13.543916158457375
2025-01-20 17:00:00+00:00,45.115,45.115,45.115,45.115,0.0,40.73449420555295,41.28565977398625,"rgba(38, 166, 154, 1.0)",2.873452128561479,42.97041804518115,0.7463433733599328,0,,,0.0,0.0,0.0,0.0,68.48088135799043,12.341826898297889,True,False,True,False,True,13.543916158457375
2025-01-21 17:00:00+00:00,46.375,46.52,46.065,46.145,23348.0,40.76441692967038,41.32701920399567,"rgba(38, 166, 154, 1.0)",2.864619352730026,43.01424728666254,1.092903568620316,0,,,0.0,0.0,0.0,0.0,72.60621672233377,16.26802105289586,True,False,True,False,True,16.80345436039418
2025-01-22 17:00:00+00:00,45.915,46.01,45.655,45.79,31807.0,40.80153969327997,41.37210087427145,"rgba(38, 166, 154, 1.0)",2.8484058288391982,43.05962243630691,0.9585633957243345,0,,,0.0,0.0,0.0,0.0,72.55513239067834,16.337905740615355,True,False,True,False,True,15.122372500398868
2025-01-23 17:00:00+00:00,46.23,46.6,45.985,46.15,44631.0,40.85707228154098,41.43996992154173,"rgba(38, 166, 154, 1.0)",2.8214991893805372,43.12938041339917,1.0705725516313227,0,,,0.0,0.0,0.0,0.0,73.49445168260775,17.50940234175431,True,False,True,False,True,16.23587245460769
2025-01-24 17:00:00+00:00,46.195,46.375,46.145,46.36,26261.0,40.88950987669719,41.477964315180316,"rgba(38, 166, 154, 1.0)",2.806434570767569,43.168011550242035,1.1373821014772296,0,,,0.0,0.0,0.0,0.0,74.65458583809796,18.941518533223743,True,False,True,False,True,16.87922311099945
2025-01-27 17:00:00+00:00,46.655,46.69,46.29,46.385,34441.0,40.932724517411316,41.527988353340504,"rgba(38, 166, 154, 1.0)",2.791680855685217,43.21899171799441,1.13408675478003,0,,,0.0,0.0,0.0,0.0,75.49428765408152,20.099841362830617,True,False,True,False,True,16.95641724606991
2025-01-28 17:00:00+00:00,47.51,47.83,47.455,47.655,49306.0,41.006536706947315,41.62069894815683,"rgba(38, 166, 154, 1.0)",2.8006765463217027,43.31907664248096,1.5481699817187644,0,,,0.0,0.0,0.0,0.0,78.56836259602292,23.286204110946827,True,False,True,False,True,20.0
2025-01-29 17:00:00+00:00,47.61,47.81,47.49,47.555,53342.0,41.084251657666755,41.71332160013522,"rgba(38, 166, 154, 1.0)",2.8062271456160017,43.4175650000909,1.4743763726941208,0,,,0.0,0.0,0.0,0.0,79.81465677709491,24.691019409266545,True,False,True,False,True,20.0
2025-01-30 17:00:00+00:00,48.36,48.505,48.185,48.41,66513.0,41.189442716989504,41.8399428115757,"rgba(38, 166, 154, 1.0)",2.8028140267359523,43.55457445957548,1.7323395323802337,0,,,0.0,0.0,0.0,0.0,81.91227861462599,26.885278072796197,True,False,True,False,True,20.0
2025-01-31 17:00:00+00:00,48.535,48.73,48.3,48.635,216289.0,41.51989000502244,42.21075938618744,"rgba(38, 166, 154, 1.0)",2.8106208188559907,43.94741764748414,1.667810300509996,0,,,0.0,0.0,0.0,0.0,83.58756129178751,28.65596007255384,True,False,True,False,True,20.0
2025-02-03 17:00:00+00:00,48.815,49.15,48.66,48.975,40754.0,41.58199170794454,42.278221158117006,"rgba(38, 166, 154, 1.0)",2.8124882654408663,44.0182840915817,1.762395231768664,0,,,0.0,0.0,0.0,0.0,85.10612216054949,30.2809844696705,True,False,True,False,True,20.0
2025-02-04 17:00:00+00:00,49.07,49.46,49.07,49.35,28642.0,41.627155307277924,42.32772736810698,"rgba(38, 166, 154, 1.0)",2.8042721221619096,44.070713218967846,1.882587192345004,0,,,0.0,0.0,0.0,0.0,86.52447281541362,31.818642224830356,True,False,True,False,True,20.0
2025-02-05 17:00:00+00:00,49.28,49.46,49.25,49.415,35493.0,41.68298153581636,42.388508021349246,"rgba(38, 166, 154, 1.0)",2.7946138945870755,44.134936556471686,1.8893713560056855,0,,,0.0,0.0,0.0,0.0,87.53967858339752,32.99691718382847,True,False,True,False,True,20.0
2025-02-06 17:00:00+00:00,49.455,49.505,49.025,49.39,40746.0,41.745525728008474,42.45549738924883,"rgba(38, 166, 154, 1.0)",2.7798133290103246,44.20511447771908,1.8651919782422428,0,,,0.0,0.0,0.0,0.0,87.96493239453365,33.66572035208284,True,False,True,False,True,20.0
2025-02-07 17:00:00+00:00,55.03,55.08,54.33,54.89,154825.0,42.13916250282143,42.936283345076745,"rgba(38, 166, 154, 1.0)",2.9527530320817186,44.75470194417177,3.432490948517543,0,,,0.0,0.0,0.0,0.0,90.76823056956442,36.516528779864245,True,False,True,False,True,20.0
2025-02-10 17:00:00+00:00,54.86,54.93,54.34,54.42,80089.0,42.33045895841057,43.15966279108936,"rgba(38, 166, 154, 1.0)",3.0758719806651174,45.0059366390619,3.060616118003205,0,,,0.0,0.0,0.0,0.0,90.67708843646719,36.6167470668057,True,False,True,False,True,20.0
2025-02-11 17:00:00+00:00,54.895,55.08,54.51,54.78,75789.0,42.5093928687513,43.364875288878366,"rgba(38, 166, 154, 1.0)",3.193263848949584,45.23527850759761,2.98901748928204,0,,,0.0,0.0,0.0,0.0,90.77458282309492,36.989376338381874,True,False,True,False,True,20.0
2025-02-12 17:00:00+00:00,55.005,55.075,54.62,54.89,72819.0,42.67751482867037,43.55429272071109,"rgba(38, 166, 154, 1.0)",3.3025510205358732,45.4454023601238,2.859788563794456,0,,,0.0,0.0,0.0,0.0,90.89038990499729,37.42109729784954,True,False,True,False,True,20.0
2025-02-13 17:00:00+00:00,55.14,55.83,55.13,55.54,27058.0,42.74203713019401,44.43928373348173,"rgba(38, 166, 154, 1.0)",3.4118242300235613,46.33992483773025,2.696526708882132,0,,,0.0,0.0,0.0,0.0,91.2661659810353,38.10025235221144,True,False,True,False,True,20.0
2025-02-14 17:00:00+00:00,55.11,55.215,54.89,55.06,54398.0,42.86535216896267,44.55600656256702,"rgba(38, 166, 154, 1.0)",3.489372968272522,46.46402174534896,2.463473619131818,0,,,0.0,0.0,0.0,0.0,89.14460578488442,38.10025235221144,True,False,True,False,False,20.0
2025-02-17 17:00:00+00:00,55.06,55.06,55.06,55.06,0.0,42.86535216896267,44.55600656256702,"rgba(38, 166, 154, 1.0)",3.5639216404767846,46.46402174534896,2.4119436737955513,0,,,0.0,0.0,0.0,0.0,87.73023232078383,40.73711783620054,True,False,True,False,False,20.0
2025-02-18 17:00:00+00:00,55.135,55.15,54.61,54.695,53213.0,42.98131811919921,44.670021235448274,"rgba(38, 166, 154, 1.0)",3.6197491551135434,46.58517444072561,2.2404385529913893,0,,,0.0,0.0,0.0,0.0,84.82688306149392,37.971581655508075,True,False,True,False,False,20.0
2025-02-19 17:00:00+00:00,54.81,55.115,54.665,54.995,32846.0,43.05241723604846,44.742872639798954,"rgba(38, 166, 154, 1.0)",3.705691084590521,46.662977762752725,2.2484395075171144,0,,,0.0,0.0,0.0,0.0,83.31229178220119,36.57086193068642,True,False,True,False,False,20.0
2025-02-20 17:00:00+00:00,54.06,54.58,54.06,54.47,52270.0,43.158624661801255,44.8433107312303,"rgba(38, 166, 154, 1.0)",3.7887067036768283,46.76759566665934,2.0329903937577702,0,,,0.0,0.0,0.0,0.0,79.46707366225253,33.052700611654714,True,False,True,False,False,20.0
2025-02-21 17:00:00+00:00,54.09,54.095,53.135,53.175,43141.0,43.23786284657299,44.909767018530566,"rgba(38, 166, 154, 1.0)",3.8678488364491272,46.8336904668581,1.639492596862582,0,,,0.0,0.0,0.0,0.0,71.46725572198231,25.918755740022263,False,False,True,False,False,20.0
2025-02-24 17:00:00+00:00,52.6,52.88,52.46,52.485,53491.0,43.32631755115633,44.976292695902806,"rgba(239, 83, 80, 1.0)",3.9289776574105986,46.89621524246289,1.422452669588458,0,,,0.0,0.0,0.0,0.0,63.917684820976895,19.50024069232397,False,False,True,False,False,20.0
2025-02-25 17:00:00+00:00,52.39,52.61,52.16,52.505,32438.0,43.37810593955918,45.01593913332157,"rgba(239, 83, 80, 1.0)",3.988034213982013,46.9333435507732,1.3970934426020274,0,,,0.0,0.0,0.0,0.0,58.951065730110216,15.53085702180664,False,True,True,False,False,20.0
2025-02-26 17:00:00+00:00,53.02,53.085,52.69,52.88,38093.0,43.44122934595615,45.06963067555423,"rgba(239, 83, 80, 1.0)",4.050945082701356,46.98573503179702,1.4550345284543864,0,,,0.0,0.0,0.0,0.0,56.929813149462014,14.086768716578973,False,True,True,False,False,20.0
2025-02-27 17:00:00+00:00,52.965,53.085,52.63,52.715,27643.0,43.48615421826467,45.10790482196973,"rgba(239, 83, 80, 1.0)",4.104013292876539,47.02293326506065,1.3869513397579014,0,,,0.0,0.0,0.0,0.0,54.94397096003711,12.382617659681038,False,True,True,False,False,20.0
2025-02-28 17:00:00+00:00,52.85,53.31,52.355,53.2,42882.0,43.556069568500405,45.16920623961549,"rgba(239, 83, 80, 1.0)",4.161135743480967,47.08302614865113,1.4700250672985171,0,,,0.0,0.0,0.0,0.0,55.367653501144666,12.382617659681038,False,True,True,False,False,20.0
2025-03-03 17:00:00+00:00,53.775,53.96,52.48,52.71,32191.0,43.60840314102803,45.21587151085408,"rgba(239, 83, 80, 1.0)",4.2047914239493664,47.12894709816941,1.3273079064141933,0,,,0.0,0.0,0.0,0.0,53.61944100212542,10.815530621193119,False,True,True,False,False,20.0
2025-03-04 17:00:00+00:00,52.185,52.83,52.05,52.27,23238.0,43.64318217865608,45.24443158698952,"rgba(239, 83, 80, 1.0)",4.235208247642626,47.155859192131764,1.207529951027754,0,,,0.0,0.0,0.0,0.0,50.80536684740064,7.88771675060628,False,True,False,False,False,19.202131402478198
2025-03-05 17:00:00+00:00,51.6,52.095,51.52,52.005,27739.0,43.68193683512917,45.274095926078665,"rgba(239, 83, 80, 1.0)",4.260813119750813,47.18261708356877,1.1317987390897963,0,,,0.0,0.0,0.0,0.0,47.98561078882064,4.993848883604329,False,True,False,True,False,18.120411042549563
2025-03-06 17:00:00+00:00,51.48,51.55,50.865,51.005,16743.0,43.70307425634556,45.288295798259014,"rgba(239, 83, 80, 1.0)",4.278605621351688,47.194276755713986,0.8906460612469679,0,,,0.0,0.0,0.0,0.0,43.139641514041244,0.3047154551214888,False,True,False,True,False,14.177320547002846
2025-03-07 17:00:00+00:00,50.43,51.72,50.42,51.64,13488.0,43.720288777117915,45.30029324745815,"rgba(239, 83, 80, 1.0)",4.304863594536623,47.204361010886764,1.0303785222701558,0,,,0.0,0.0,0.0,0.0,42.80450502751407,-0.18313539876638885,False,True,False,True,False,15.801558968646994
2025-03-10 17:00:00+00:00,51.48,51.48,49.79,50.215,20346.0,43.74348847229676,45.31384691238561,"rgba(239, 83, 80, 1.0)",4.316000920521814,47.21407067001749,0.6953032182439137,0,,,0.0,0.0,0.0,0.0,39.10013655422243,-3.8952986027884933,False,True,False,True,False,10.56898160837373
2025-03-11 17:00:00+00:00,49.495,50.275,49.375,49.625,18477.0,43.76213593859586,45.32233406083936,"rgba(239, 83, 80, 1.0)",4.322559731296935,47.21827415883641,0.5567825526476834,0,,,0.0,0.0,0.0,0.0,35.53724301251521,-7.387074011712052,False,True,False,True,False,8.535206283595087
2025-03-12 17:00:00+00:00,48.66,49.31,48.65,49.1,29050.0,43.787639903588456,45.766709082472815,"rgba(239, 83, 80, 1.0)",4.3246160398226206,47.545034052122226,0.3595616197042904,0,,,0.0,0.0,0.0,0.0,32.27289628335887,-10.562497782002126,False,True,False,True,False,6.770531629690961
2025-03-13 17:00:00+00:00,49.04,49.445,48.775,49.365,22444.0,43.80782883107532,45.77689966438485,"rgba(239, 83, 80, 1.0)",4.3277462738485495,47.550334554359694,0.41930957380885797,0,,,0.0,0.0,0.0,0.0,31.349410128365513,-11.623308865207292,False,True,False,True,False,7.504923210103954
2025-03-14 17:00:00+00:00,49.97,50.14,49.75,50.13,18090.0,43.82642705944362,45.798171098485675,"rgba(239, 83, 80, 1.0)",4.334424455491127,47.57074814877532,0.5904479077914152,0,,,0.0,0.0,0.0,0.0,34.05104403757506,-11.623308865207292,False,True,False,True,False,9.579173751773975
2025-03-17 17:00:00+00:00,50.01,50.615,49.985,50.345,25188.0,43.85342030613916,45.82666122987206,"rgba(239, 83, 80, 1.0)",4.342605056377435,47.597688271520596,0.632641396768231,0,,,0.0,0.0,0.0,0.0,36.71443326064522,-11.623308865207292,False,True,False,True,True,10.150711971686842
2025-03-18 17:00:00+00:00,49.97,50.71,49.88,50.475,21304.0,43.876216736812225,45.84703408966156,"rgba(239, 83, 80, 1.0)",4.347628785217666,47.61583946728286,0.6576367656867456,0,,,0.0,0.0,0.0,0.0,39.03567023770123,-17.729313174942305,False,True,False,True,True,10.49839109776035
2025-03-19 17:00:00+00:00,51.005,51.28,50.67,51.17,14628.0,43.89342233904774,45.866245942097095,"rgba(239, 83, 80, 1.0)",4.357092252971021,47.634704608396675,0.8113886937309336,0,,,0.0,0.0,0.0,0.0,43.30915730736173,-13.555333881881722,False,True,False,True,True,12.331294205107742
2025-03-20 17:00:00+00:00,49.865,49.98,49.4,49.455,30034.0,43.92148197474604,45.87688828012256,"rgba(239, 83, 80, 1.0)",4.349738556914967,47.63809691176924,0.41770397564293843,0,,,0.0,0.0,0.0,0.0,41.19228436709808,-13.555333881881722,False,True,False,True,True,6.499813802330166
2025-03-21 17:00:00+00:00,49.465,49.925,49.425,49.91,42835.0,43.96201252856971,45.8968253580758,"rgba(239, 83, 80, 1.0)",4.344108552639574,47.64890417700526,0.5204970814140566,0,,,0.0,0.0,0.0,0.0,41.44059365649953,-13.555333881881722,False,True,False,True,True,7.716115127401039
2025-03-24 17:00:00+00:00,50.04,50.14,49.57,49.94,30173.0,43.99085905394477,45.91308172694845,"rgba(239, 83, 80, 1.0)",4.334258639600795,47.65930064046047,0.5262028755509589,0,,,0.0,0.0,0.0,0.0,41.71885026228978,-13.555333881881722,False,True,False,True,True,7.796398527660589
2025-03-25 17:00:00+00:00,50.565,50.59,50.31,50.58,34319.0,44.0266909585991,45.9406829793435,"rgba(239, 83, 80, 1.0)",4.326096171039227,47.68227876855452,0.6698235815569911,0,,,0.0,0.0,0.0,0.0,44.26399493286273,-11.707730449802526,False,True,False,True,True,9.4977863489272
2025-03-26 17:00:00+00:00,50.675,50.71,50.33,50.345,24282.0,44.05168278630783,45.95924306014276,"rgba(239, 83, 80, 1.0)",4.318775129781684,47.69738236911807,0.6130482720955583,0,,,0.0,0.0,0.0,0.0,45.16754732658833,-10.496985427750673,False,True,False,True,True,8.70379144529408
2025-03-27 17:00:00+00:00,50.44,50.9,50.41,50.755,48746.0,44.103025839900724,45.999674662023665,"rgba(239, 83, 80, 1.0)",4.310127620860812,47.731615305220956,0.7014605971632972,0,,,0.0,0.0,0.0,0.0,47.2979962616575,-8.156396793886046,False,True,False,False,True,9.794593404698116
2025-03-28 17:00:00+00:00,49.845,50.08,49.505,49.99,21956.0,44.12301087073476,46.01046541977858,"rgba(239, 83, 80, 1.0)",4.294103069462858,47.738082539355325,0.5244209149656869,0,,,0.0,0.0,0.0,0.0,46.07848762776362,-8.156396793886046,False,True,False,True,True,7.218979263600744
2025-03-31 17:00:00+00:00,49.855,50.63,49.8,50.39,22978.0,44.1452807456231,46.02533421591516,"rgba(239, 83, 80, 1.0)",4.266056006060635,47.74921022795121,0.6190236997116573,0,,,0.0,0.0,0.0,0.0,46.82226415656486,-8.11918800393876,False,True,False,True,True,8.299943488968527
2025-04-01 17:00:00+00:00,50.365,50.62,50.15,50.58,12736.0,44.15790877914918,46.0343382291578,"rgba(239, 83, 80, 1.0)",4.230711103519195,47.75631172263748,0.6674263990783292,0,,,0.0,0.0,0.0,0.0,48.04873175138999,-6.6370840396297766,False,True,False,False,True,8.811569754210076
2025-04-02 17:00:00+00:00,50.58,50.66,50.125,50.535,30770.0,44.188162035892915,46.055759506140745,"rgba(239, 83, 80, 1.0)",4.1690978100242155,47.77310034216941,0.6624693839491733,0,,,0.0,0.0,0.0,0.0,48.67830690629356,-5.719426492106102,False,True,False,False,True,8.656488573688979
2025-04-03 17:00:00+00:00,48.94,49.36,48.79,48.94,19419.0,44.20283303130127,46.05976397265185,"rgba(239, 83, 80, 1.0)",4.102902869305355,47.77225256654114,0.28461493500004864,0,,,0.0,0.0,0.0,0.0,43.96791729339348,-1.523592414129709,False,True,False,True,False,3.4090947336607442
2025-04-04 17:00:00+00:00,47.41,47.76,47.02,47.065,30869.0,44.2175916063751,46.048679552050984,"rgba(239, 83, 80, 1.0)",4.036024985636715,47.74997677260389,-0.16971569181101803,0,,,0.0,0.0,0.0,0.0,37.49315062427559,-7.460337615825495,False,True,False,True,False,0.0
2025-04-07 17:00:00+00:00,46.14,47.075,45.81,46.81,33743.0,44.22982757321832,46.03042118564231,"rgba(239, 83, 80, 1.0)",3.9668713668885958,47.718407139593516,-0.22899838577473727,0,,,0.0,0.0,0.0,0.0,32.8295647275276,-11.515091654144513,False,True,False,True,False,0.0
2025-04-08 17:00:00+00:00,45.725,46.07,44.56,45.09,35173.0,44.23528662910505,46.215350461378684,"rgba(239, 83, 80, 1.0)",3.9267465190949586,47.69370589818542,-0.663069512005456,0,,,0.0,0.0,0.0,0.0,27.812708813592522,-15.866823332024644,False,True,False,True,False,0.0
2025-04-09 17:00:00+00:00,45.3,48.265,45.13,48.11,36514.0,44.25164957044526,46.254501106861674,"rgba(239, 83, 80, 1.0)",3.8615340006061047,47.733726468514845,0.09744146534151822,1,0.2887542326593345,0.2887542326593345,0.0,0.0,0.0,0.0,33.36978183744567,-15.866823332024644,False,True,False,True,True,0.9716740476382739
2025-04-10 17:00:00+00:00,46.29,47.09,45.73,46.665,18788.0,44.258070764292164,46.24895973695323,"rgba(239, 83, 80, 1.0)",3.8110378962752383,47.72248931742415,-0.2774806617529831,2,0.38280760716020507,0.7656152143204101,0.0,0.0,0.0,0.0,34.867874678654054,-22.51529270453057,False,True,False,True,True,0.0
2025-04-11 17:00:00+00:00,46.955,47.54,46.84,47.29,15783.0,44.265183682382606,46.25260939385412,"rgba(239, 83, 80, 1.0)",3.7495409628955354,47.723231260959956,-0.1155424797987537,2,0.3831304602665534,0.7662609205331068,0.0,0.0,0.0,0.0,37.26513003592517,-20.27628030254982,False,True,False,True,True,0.0
2025-04-14 17:00:00+00:00,47.55,48.18,47.45,47.99,10966.0,44.27118718447714,46.2592553903607,"rgba(239, 83, 80, 1.0)",3.676374048453624,47.728759058462344,0.07105940203433384,2,0.38331715172456193,0.7666343034491239,0.0,0.0,0.0,0.0,40.377623210270045,-17.274655523486267,False,True,False,True,True,0.7057309803132483
2025-04-15 17:00:00+00:00,47.88,48.24,47.83,47.93,22251.0,44.283733847288445,46.271446303074065,"rgba(239, 83, 80, 1.0)",3.6079859770805585,47.73832907200154,0.05312407786949089,2,0.38345647931671456,0.7669129586334291,0.0,0.0,0.0,0.0,42.336049934140334,-15.276936095632799,False,True,False,True,True,0.5569656435171559
2025-04-16 17:00:00+00:00,48.075,48.105,47.35,47.69,21136.0,44.29466584288445,46.2766769967007,"rgba(239, 83, 80, 1.0)",3.538331613006721,47.73962908051227,-0.014026124722126538,2,0.38373223034694026,0.7674644606938805,0.0,0.0,0.0,0.0,43.138050921892734,-14.225468434915484,False,False,False,True,True,0.0
2025-04-17 17:00:00+00:00,47.92,48.03,47.53,47.59,19353.0,44.30461956600155,46.280406955774446,"rgba(239, 83, 80, 1.0)",3.4683628365217074,47.73952107070409,-0.043109985244230924,2,0.38400480489287936,0.7680096097857587,0.0,0.0,0.0,0.0,43.44780293364948,-13.49249217936454,False,False,False,True,True,0.0
2025-04-18 17:00:00+00:00,47.59,47.59,47.59,47.59,0.0,44.30461956600155,46.280406955774446,"rgba(239, 83, 80, 1.0)",3.407945534448123,47.73952107070409,-0.04387425479448072,2,0.3844010176917863,0.7688020353835726,0.0,0.0,0.0,0.0,43.65430427482064,-12.758165651761644,False,False,False,True,True,0.0
2025-04-21 17:00:00+00:00,46.63,46.7,46.06,46.68,27881.0,44.31369744954138,46.26689476354597,"rgba(239, 83, 80, 1.0)",3.3566998929261325,47.71646248555428,-0.3087742481055603,2,0.38456260751157845,0.7691252150231569,0.0,0.0,0.0,0.0,41.61820351760863,-12.758165651761644,False,False,False,True,True,0.0
2025-04-22 17:00:00+00:00,47.465,47.52,47.08,47.38,15524.0,44.32068188733521,46.26652210018956,"rgba(239, 83, 80, 1.0)",3.2762489771626786,47.712333576271504,-0.10143721633735903,2,0.38522711189614994,0.7704542237922999,0.0,0.0,0.0,0.0,42.624176761921596,-12.758165651761644,False,False,False,True,True,0.0
2025-04-23 17:00:00+00:00,47.63,47.74,47.27,47.61,31885.0,44.335937180874645,46.268727078743794,"rgba(239, 83, 80, 1.0)",3.207871227279852,47.707485991687776,-0.030389621272435063,2,0.3860290974666117,0.7720581949332234,0.0,0.0,0.0,0.0,44.038064275492566,-11.259715315108203,True,False,False,True,True,0.0
2025-04-24 17:00:00+00:00,47.92,47.92,47.65,47.835,44690.0,44.358803715030184,46.27612602011041,"rgba(239, 83, 80, 1.0)",3.1352212617867172,47.70596436020537,0.041156788953738525,2,0.3870976538836187,0.7741953077672374,0.0,0.0,0.0,0.0,45.73236183801971,-9.309385017500247,True,False,False,True,True,0.4169474795544055
2025-04-25 17:00:00+00:00,47.85,48.145,47.76,48.04,24985.0,44.372118297377796,46.28164289024053,"rgba(239, 83, 80, 1.0)",3.055015257772759,47.70680835820613,0.1090638224952037,2,0.3881967459280614,0.7763934918561228,0.0,0.0,0.0,0.0,47.56893230624813,-7.290940771422157,True,False,False,False,True,0.954962710864077
2025-04-28 17:00:00+00:00,47.585,48.29,47.53,48.24,20660.0,44.3831705179816,46.2862565437466,"rgba(239, 83, 80, 1.0)",2.9962701784019936,47.70758547959562,0.17769242715232503,2,0.3896295419369658,0.7792590838739316,0.0,0.0,0.0,0.0,49.50444023027387,-5.238189498868387,True,False,False,False,True,1.4829126789690932
2025-04-29 17:00:00+00:00,48.72,49.2,48.67,48.87,16318.0,44.39398538515056,46.295447886854106,"rgba(38, 166, 154, 1.0)",2.9289372407683114,47.714871690092814,0.3943847938524533,2,0.3911717546999868,0.7823435093999735,0.0,0.0,0.0,0.0,52.8810809850849,-1.9344718873148352,True,False,True,False,True,3.1300456435527657
2025-04-30 17:00:00+00:00,49.49,50.4,49.35,50.315,25125.0,44.414595602925885,46.72812153277998,"rgba(38, 166, 154, 1.0)",2.8591950640719745,47.99503674916188,0.8114043284385419,2,0.39186800654703713,0.7837360130940743,0.0,0.0,0.0,0.0,58.59382990870276,3.3529534471524443,True,False,True,False,True,6.710949515519175
2025-05-01 17:00:00+00:00,49.665,49.78,49.3,49.3,22540.0,44.43111797415929,46.729676921898594,"rgba(38, 166, 154, 1.0)",2.7996337710942445,47.9913760633725,0.4674268292298885,2,0.39335804546884173,0.7867160909376835,0.0,0.0,0.0,0.0,58.45897665194188,3.3529534471524443,True,False,True,False,True,3.8934843807818993
2025-05-02 17:00:00+00:00,49.8,49.84,49.61,49.705,36919.0,44.459326225827894,46.75512410636796,"rgba(38, 166, 154, 1.0)",2.743440552128329,48.01385343715367,0.6164327349956084,2,0.39486475346149796,0.7897295069229959,0.0,0.0,0.0,0.0,59.35156502640895,4.10937300304122,True,False,True,False,True,4.877939379297445
2025-05-05 17:00:00+00:00,49.72,49.84,49.455,49.54,63915.0,44.50647969881853,46.791952530000636,"rgba(38, 166, 154, 1.0)",2.684981525596018,48.04408019979726,0.5571434238716688,2,0.3976768322860794,0.7953536645721588,0.0,0.0,0.0,0.0,59.308780595028935,4.319832563027859,True,False,True,False,True,4.420826227467945
2025-05-06 17:00:00+00:00,49.455,49.78,49.42,49.7,30141.0,44.52851122637944,46.80920505552688,"rgba(38, 166, 154, 1.0)",2.6469292730588223,48.05825888525588,0.6202436655388628,2,0.40116902782932395,0.8023380556586479,0.0,0.0,0.0,0.0,59.72903616374608,5.059696650627991,True,False,True,False,True,4.818229234061157
2025-05-07 17:00:00+00:00,50.015,50.09,49.47,49.57,41076.0,44.558678967695016,46.833594487543586,"rgba(38, 166, 154, 1.0)",2.6001407827441225,48.07869179666305,0.5735490221275866,2,0.4070771628457518,0.8141543256915036,0.0,0.0,0.0,0.0,59.417731746488315,5.108584824254287,True,False,True,False,True,4.447351044885544
2025-05-08 17:00:00+00:00,42.515,42.75,41.875,42.2,112672.0,44.522780981648395,46.51625152646956,"rgba(239, 83, 80, 1.0)",2.7187013692449313,47.45480987345579,-1.932838204629738,2,0.4069051995141548,0.8138103990283097,0.0,0.0,0.0,0.0,46.44422991060359,1.6478378813709327,True,False,False,True,False,0.0
2025-05-09 17:00:00+00:00,42.18,42.96,42.18,42.44,111734.0,44.4921421634748,46.31937303765532,"rgba(239, 83, 80, 1.0)",2.8262618962696,47.2044788526925,-1.6857881638574153,3,0.6648867806283351,1.9946603418850053,0.0,0.0,0.0,0.0,38.41288795262984,-5.216059128574813,False,True,False,True,False,0.0
2025-05-12 17:00:00+00:00,43.47,43.65,43.31,43.545,75081.0,44.482030592738184,46.24631726639534,"rgba(239, 83, 80, 1.0)",2.893618698303268,47.10867143989205,-1.2315622103152977,3,0.6690330315637024,2.007099094691107,0.0,0.0,0.0,0.0,35.846784168186815,-7.033229884587428,False,True,False,True,False,0.0
2025-05-13 17:00:00+00:00,44.015,44.11,43.69,43.715,83636.0,44.47479275547612,46.18272019429211,"rgba(239, 83, 80, 1.0)",2.9708658640169383,47.02367099176708,-1.113705950794219,3,0.6717363862284772,2.0152091586854315,0.0,0.0,0.0,0.0,34.55874664056384,-7.997945959141674,False,True,False,True,False,0.0
2025-05-14 17:00:00+00:00,43.18,43.36,43.15,43.285,54152.0,44.46604877766863,46.13004256984697,"rgba(239, 83, 80, 1.0)",3.0563487313405027,46.95514968132768,-1.200828178961755,3,0.6733517245123605,2.0200551735370813,0.0,0.0,0.0,0.0,33.17230750769362,-9.336547744772666,False,True,False,True,False,0.0
2025-05-15 17:00:00+00:00,43.945,44.04,43.64,43.845,112884.0,44.4567810799602,46.05440533995258,"rgba(239, 83, 80, 1.0)",3.1301004833767188,46.85366193507775,-0.9612029872702494,3,0.6752186292376677,2.025655887713003,0.0,0.0,0.0,0.0,33.81688751570537,-9.336547744772666,False,True,False,True,False,0.0
2025-05-16 17:00:00+00:00,43.94,44.36,43.935,44.29,82254.0,44.45398008444919,46.01344919368388,"rgba(239, 83, 80, 1.0)",3.1914709224192817,46.79690804755761,-0.7855023932529698,3,0.6788487987365063,2.036546396209519,0.0,0.0,0.0,0.0,35.47974662260674,-9.336547744772666,False,True,False,True,False,0.0
2025-05-19 17:00:00+00:00,44.005,44.3,43.895,44.12,73582.0,44.45067142401752,45.97607619500305,"rgba(239, 83, 80, 1.0)",3.255730330045951,46.74553513470792,-0.8064350755582597,3,0.6829475970225919,2.048842791067776,0.0,0.0,0.0,0.0,36.27898362330493,-9.336547744772666,False,True,False,True,True,0.0
2025-05-20 17:00:00+00:00,44.2,44.425,43.975,44.41,20350.0,44.450198929703035,45.96714967957189,"rgba(239, 83, 80, 1.0)",3.3118295507124316,46.63502252671732,-0.6718408941784713,3,0.6868346533958011,2.060503960187403,0.0,0.0,0.0,0.0,37.720465700864416,-9.336547744772666,False,True,False,True,True,0.0
2025-05-21 17:00:00+00:00,44.22,44.22,43.67,43.7,24161.0,44.448382369150075,45.95346160832173,"rgba(239, 83, 80, 1.0)",3.381315188710532,46.60321787827431,-0.8586061092345105,3,0.6890030169508856,2.067009050852657,0.0,0.0,0.0,0.0,37.22205185493965,-9.336547744772666,False,True,False,True,True,0.0
2025-05-22 17:00:00+00:00,43.455,43.72,43.4,43.515,26252.0,44.44535425571326,45.93616627320076,"rgba(239, 83, 80, 1.0)",3.451926126379462,46.569224920719954,-0.8847886104455439,3,0.6904735653445485,2.0714206960336456,0.0,0.0,0.0,0.0,36.51979923856195,-9.336547744772666,False,True,False,True,True,0.0
2025-05-23 17:00:00+00:00,43.355,43.575,43.295,43.5,25386.0,44.44215987961428,45.91906821478888,"rgba(239, 83, 80, 1.0)",3.4599933057268784,46.540587226159786,-0.8787841355435851,3,0.6904166650042275,2.0712499950126824,0.0,0.0,0.0,0.0,36.01900815128613,-9.336547744772666,False,True,False,True,True,0.0
2025-05-26 17:00:00+00:00,43.5,43.5,43.5,43.5,0.0,44.44215987961428,45.91906821478888,"rgba(239, 83, 80, 1.0)",3.4713790935030344,46.540587226159786,-0.8759018085493717,3,0.6900235305839019,2.0700705917517057,0.0,0.0,0.0,0.0,35.68514742643558,-9.779742442854662,False,True,False,True,True,0.0
2025-05-27 17:00:00+00:00,44.03,44.1,43.92,44.005,39887.0,44.439968684408726,45.89967904954277,"rgba(239, 83, 80, 1.0)",3.4583628267491804,46.5193717208256,-0.727041044212553,3,0.6934822849314272,2.0804468547942814,0.0,0.0,0.0,0.0,37.76184691815721,-9.779742442854662,False,True,False,True,True,0.0
2025-05-28 17:00:00+00:00,44.165,44.18,43.96,44.12,29155.0,44.43866913639805,45.88650190993528,"rgba(239, 83, 80, 1.0)",3.4344665321355947,46.50449672779672,-0.6942844559658622,3,0.6952918485936737,2.085875545781021,0.0,0.0,0.0,0.0,39.65889404214469,-9.779742442854662,False,True,False,True,True,0.0
2025-05-29 17:00:00+00:00,43.525,43.57,43.215,43.46,24914.0,44.43546158749168,45.870407476273776,"rgba(239, 83, 80, 1.0)",3.4003985352010337,46.480122341272775,-0.8881671692327743,3,0.6952918485936737,2.085875545781021,0.0,0.0,0.0,0.0,38.809191624016016,-9.779742442854662,False,True,False,True,True,0.0
2025-05-30 17:00:00+00:00,42.65,43.07,42.65,43.05,29830.0,44.42980980001986,45.847203764033836,"rgba(239, 83, 80, 1.0)",3.379870417047845,46.44347545887845,-1.0040253146280365,3,0.6943810397684057,2.083143119305217,0.0,0.0,0.0,0.0,37.09758118908897,-9.779742442854662,False,True,False,True,False,0.0
2025-06-02 17:00:00+00:00,42.6,42.8,42.56,42.745,45037.0,44.420112535313265,45.81031315681137,"rgba(239, 83, 80, 1.0)",3.35821168760069,46.38704045218087,-1.0845178300189189,3,0.6898343770647773,2.069503131194332,0.0,0.0,0.0,0.0,35.14939954300719,-11.027546254366634,False,True,False,True,False,0.0
2025-06-03 17:00:00+00:00,42.75,42.85,42.59,42.745,23316.0,44.41521206237037,45.791896737670605,"rgba(239, 83, 80, 1.0)",3.3380636845574556,46.36009102992215,-1.0829904314427201,3,0.6856720554996225,2.0570161664988675,0.0,0.0,0.0,0.0,33.850611778952675,-12.363795810528288,False,True,False,True,False,0.0
2025-06-04 17:00:00+00:00,42.64,42.72,42.57,42.6,45304.0,44.405220597991175,45.75578736694224,"rgba(239, 83, 80, 1.0)",3.3049047634530453,46.30825542727787,-1.1220460777827055,3,0.6809517739055689,2.042855321716707,0.0,0.0,0.0,0.0,32.55273361280727,-13.707285403428479,False,True,False,True,False,0.0
2025-06-05 17:00:00+00:00,42.3,42.495,42.0,42.09,27778.0,44.3976618201588,45.67210156810481,"rgba(239, 83, 80, 1.0)",3.289418979884496,46.032969820576355,-1.1986827596874887,3,0.6735812350238396,2.020743705071519,0.0,0.0,0.0,0.0,30.27988980339211,-15.93163538437576,False,True,False,True,False,0.0
2025-06-06 17:00:00+00:00,42.705,43.105,42.7,43.08,33421.0,44.39177739437117,45.67079874909835,"rgba(239, 83, 80, 1.0)",3.2768482852710497,46.030530772275235,-0.9004172654368643,3,0.6689532503248247,2.006859750974474,0.0,0.0,0.0,0.0,34.5914894125238,-19.507642418351658,False,True,False,True,True,0.0
2025-06-09 17:00:00+00:00,43.205,43.54,42.99,43.2,33817.0,44.38703519747482,45.6624899902375,"rgba(239, 83, 80, 1.0)",3.2712249310539137,46.02063287482788,-0.862255862643825,3,0.664760748745762,1.9942822462372858,0.0,0.0,0.0,0.0,38.0545396496326,-16.42575242365045,False,True,False,True,True,0.0
2025-06-10 17:00:00+00:00,43.62,43.72,43.42,43.655,19021.0,44.385207630240394,45.6597829581862,"rgba(38, 166, 154, 1.0)",3.25270504612949,46.018229893126936,-0.7265429418320687,3,0.6603594021937012,1.9810782065811035,0.0,0.0,0.0,0.0,42.51117835583531,-12.479508460277543,False,False,False,True,True,0.0
2025-06-11 17:00:00+00:00,43.79,43.86,43.575,43.845,16851.0,44.38392681501952,45.657665486206135,"rgba(38, 166, 154, 1.0)",3.2184845938857944,46.01665950978419,-0.674745970171716,3,0.6569247693556662,1.9707743080669986,0.0,0.0,0.0,0.0,46.32668971386984,-9.172573400813036,True,False,False,True,True,0.0
2025-06-12 17:00:00+00:00,43.59,43.67,43.5,43.595,17751.0,44.38221359020052,45.652449061567815,"rgba(38, 166, 154, 1.0)",3.1869147411825582,46.01089845555513,-0.7580681165818293,3,0.6525872701059784,1.957761810317935,0.0,0.0,0.0,0.0,47.58140945584549,-8.148843939532448,True,False,False,False,True,0.0
2025-06-13 17:00:00+00:00,43.36,43.4,42.77,42.865,56446.0,44.37289256479644,45.61679890236164,"rgba(38, 166, 154, 1.0)",3.1504375500485446,45.96578654846475,-0.9842399664189398,3,0.64642014910356,1.93926044731068,0.0,0.0,0.0,0.0,45.23615649280079,-8.148843939532448,True,False,False,True,True,0.0
2025-06-16 17:00:00+00:00,43.82,44.095,43.8,44.055,40920.0,44.37098134867121,45.60994199830379,"rgba(38, 166, 154, 1.0)",3.101641452957098,45.812433677425645,-0.5666140668032766,3,0.6430770022659205,1.9292310067977614,0.0,0.0,0.0,0.0,48.804860399584285,-7.29809155487159,True,False,False,False,True,0.0
2025-06-17 17:00:00+00:00,43.61,43.67,43.115,43.185,31715.0,44.36701279253915,45.59449646612849,"rgba(38, 166, 154, 1.0)",3.071113075502371,45.77643606703336,-0.8438100464957484,3,0.6372675938115814,1.9118027814347442,0.0,0.0,0.0,0.0,47.90963335108677,-7.29809155487159,True,False,False,False,True,0.0
2025-06-18 17:00:00+00:00,42.74,42.76,42.025,42.075,22967.0,44.36132160938214,45.573774927397054,"rgba(239, 83, 80, 1.0)",3.062066747437892,45.72902733986537,-1.1933206037793858,3,0.629058704864888,1.8871761145946642,0.0,0.0,0.0,0.0,44.21819469191401,-7.29809155487159,False,False,False,True,False,0.0
2025-06-19 17:00:00+00:00,42.075,42.075,42.075,42.075,0.0,44.36132160938214,45.573774927397054,"rgba(239, 83, 80, 1.0)",3.0686621127392417,45.72902733986537,-1.1907558426507887,3,0.6212109741556101,1.8636329224668304,0.0,0.0,0.0,0.0,41.75723558579884,-1.9648339119621525,False,False,False,True,False,0.0
2025-06-20 17:00:00+00:00,41.16,41.17,40.47,40.645,65945.0,44.33326679522107,45.32321963363505,"rgba(239, 83, 80, 1.0)",3.089517866698257,45.192316830312635,-1.4718532232255102,3,0.6100685630459717,1.830205689137915,0.0,0.0,0.0,0.0,37.08243736043,-6.376878144438052,False,True,False,True,False,0.0
2025-06-23 17:00:00+00:00,41.07,41.67,41.045,41.515,32204.0,44.32218288206505,45.300148691183836,"rgba(239, 83, 80, 1.0)",3.1114502745198913,45.15461404340813,-1.169748420282801,3,0.6020763203464946,1.806228961039484,0.0,0.0,0.0,0.0,37.45077317541546,-6.376878144438052,False,True,False,True,False,0.0
2025-06-24 17:00:00+00:00,41.955,42.3,41.895,42.18,29877.0,44.31448106809837,45.2907697759684,"rgba(239, 83, 80, 1.0)",3.125428465041103,45.1441006974132,-0.9483821916155166,3,0.5962164239444788,1.7886492718334366,0.0,0.0,0.0,0.0,39.97591645889679,-6.376878144438052,False,True,False,True,True,0.0
2025-06-25 17:00:00+00:00,41.68,41.865,41.59,41.7,25230.0,44.30681887971917,45.27250247765561,"rgba(239, 83, 80, 1.0)",3.152088686900986,45.119502992952306,-1.0848371770637675,3,0.5897384959957237,1.769215487987171,0.0,0.0,0.0,0.0,40.42210588096764,-6.376878144438052,False,True,False,True,True,0.0
2025-06-26 17:00:00+00:00,42.2,42.31,42.09,42.25,8982.0,44.30462505935782,45.2686868019051,"rgba(239, 83, 80, 1.0)",3.1622157344732886,45.11550043344055,-0.9061685457452956,3,0.5847468408291635,1.7542405224874904,0.0,0.0,0.0,0.0,42.598600131619946,-6.376878144438052,False,False,False,True,True,0.0
2025-06-27 17:00:00+00:00,44.06,44.26,43.475,43.535,49872.0,44.3014501537489,45.28659729948576,"rgba(38, 166, 154, 1.0)",3.1400460847595055,45.15985824308093,-0.5174631834122854,3,0.5905009553134598,1.7715028659403793,0.0,0.0,0.0,0.0,47.614109287789134,-8.544833500630062,True,False,False,False,True,0.0
2025-06-30 17:00:00+00:00,43.64,44.09,43.64,44.015,41467.0,44.299597324807515,45.2958150295765,"rgba(38, 166, 154, 1.0)",3.106701224046912,45.187066849666095,-0.37727054040276015,3,0.5963538751318117,1.7890616253954352,0.0,0.0,0.0,0.0,52.06035617382633,-4.388327250763609,True,False,True,False,True,0.0
2025-07-01 17:00:00+00:00,44.995,45.255,44.91,44.98,22750.0,44.30156162780897,45.310938305201496,"rgba(38, 166, 154, 1.0)",3.0623117702770664,45.21833287819968,-0.07782776414634024,3,0.604835654733959,1.8145069642018767,0.0,0.0,0.0,0.0,56.97837638068107,0.11040426523997837,True,False,True,False,True,0.0
2025-07-02 17:00:00+00:00,44.71,45.06,44.68,45.005,33958.0,44.30395446987451,45.32765438593966,"rgba(38, 166, 154, 1.0)",2.9995982208431795,45.25461394105578,-0.08321579180881483,3,0.6144169328752395,1.8432507986257183,0.0,0.0,0.0,0.0,60.30524262705577,3.1109580094501155,True,False,True,False,True,0.0
2025-07-03 17:00:00+00:00,45.9,45.9,45.9,45.9,0.0,44.30395446987451,45.32765438593966,"rgba(38, 166, 154, 1.0)",2.9684235009648074,45.25461394105578,0.2174171100365069,3,0.627725861988479,1.883177585965437,0.0,0.0,0.0,0.0,64.16699861226348,6.665469779455961,True,False,True,False,True,1.4704995539748005
2025-07-04 17:00:00+00:00,45.9,45.9,45.9,45.9,0.0,44.30395446987451,45.32765438593966,"rgba(38, 166, 154, 1.0)",2.927721336675386,45.25461394105578,0.2204397156448966,4,0.5181396958404164,2.0725587833616657,0.0,0.0,0.0,0.0,66.74150260240197,9.085948226163694,True,False,True,False,True,1.4704995539748005
2025-07-07 17:00:00+00:00,46.225,46.51,46.015,46.07,38716.0,44.3123419437207,45.467490051004624,"rgba(38, 166, 154, 1.0)",2.885132711984814,45.31423997750015,0.2619498296769606,4,0.529626507968207,2.118506031872828,0.0,0.0,0.0,0.0,68.7823885769497,11.130391430510514,True,False,True,False,True,1.8928887883536447
2025-07-08 17:00:00+00:00,46.025,46.385,46.025,46.14,30080.0,44.31875599005681,45.49118518568814,"rgba(38, 166, 154, 1.0)",2.8267859426855875,45.359721180259044,0.2760303877129278,4,0.541086963068904,2.164347852275616,0.0,0.0,0.0,0.0,70.28582270076242,12.791838654870944,True,False,True,False,True,2.06891888185498
2025-07-09 17:00:00+00:00,45.535,45.75,45.38,45.735,29999.0,44.323195362750944,45.49742879375566,"rgba(38, 166, 154, 1.0)",2.770747085970406,45.37930868177013,0.12837379493455217,4,0.5545217104761536,2.2180868419046145,0.0,0.0,0.0,0.0,69.0109456888509,12.791838654870944,True,False,True,False,True,0.9887111480839543
2025-07-10 17:00:00+00:00,45.485,45.655,45.26,45.31,23492.0,44.326083034951424,45.50019147321485,"rgba(38, 166, 154, 1.0)",2.701440893467777,45.39051045668997,-0.029802782983200854,4,0.5671696072492171,2.2686784289968682,0.0,0.0,0.0,0.0,65.96493380232164,12.791838654870944,True,False,True,False,False,0.0
2025-07-11 17:00:00+00:00,44.31,44.455,44.18,44.335,39345.0,44.32607083419509,45.47825470591953,"rgba(38, 166, 154, 1.0)",2.6505769812122817,45.369659339717,-0.3903524957210582,4,0.5755814484731101,2.3023257938924404,0.0,0.0,0.0,0.0,59.86845681289417,17.155148032409897,True,False,True,False,False,0.0
2025-07-14 17:00:00+00:00,44.825,45.095,44.72,44.905,33115.0,44.32823102166095,45.47712597658515,"rgba(38, 166, 154, 1.0)",2.584300649469006,45.37553065246528,-0.18207272151634443,4,0.5831870742084065,2.332748296833626,0.0,0.0,0.0,0.0,57.86493943500972,15.204710211564631,True,False,True,False,False,0.0
2025-07-15 17:00:00+00:00,44.52,44.76,44.08,44.095,44932.0,44.32814781921423,45.461317800981256,"rgba(38, 166, 154, 1.0)",2.511723416804008,45.23336964840185,-0.4532225326984227,4,0.5905594777140327,2.362237910856131,0.0,0.0,0.0,0.0,53.676926770647135,11.175878899081198,True,False,True,False,False,0.0
2025-07-16 17:00:00+00:00,44.61,44.9,44.6,44.86,34769.0,44.32992311386246,45.47046389175547,"rgba(38, 166, 154, 1.0)",2.4325799839630053,45.25143606080914,-0.1609139528359674,4,0.6007952853249562,2.4031811412998247,0.0,0.0,0.0,0.0,53.518311726287784,10.835043339223077,True,False,True,False,False,0.0
2025-07-17 17:00:00+00:00,45.26,45.56,45.21,45.465,19406.0,44.33225573330694,45.484502215252434,"rgba(38, 166, 154, 1.0)",2.391358187721166,45.27361124348552,0.08003349623540411,4,0.6118014872507377,2.4472059490029507,0.0,0.0,0.0,0.0,55.18886817174939,10.835043339223077,True,False,True,False,False,0.4244176813195857
2025-07-18 17:00:00+00:00,45.345,45.465,45.185,45.37,13141.0,44.333725094638766,45.49121676674118,"rgba(38, 166, 154, 1.0)",2.380156503673878,45.284934385039605,0.03573950487251133,4,0.6257446988042693,2.5029787952170772,0.0,0.0,0.0,0.0,55.917865185247585,10.835043339223077,True,False,True,False,False,0.17779066388972353
2025-07-21 17:00:00+00:00,45.2,45.26,44.895,44.9,18925.0,44.33515964854663,45.49418045393777,"rgba(38, 166, 154, 1.0)",2.3711576315193788,45.2921734293309,-0.16539323413922843,4,0.6385047549375291,2.5540190197501165,0.0,0.0,0.0,0.0,54.51246360166091,10.835043339223077,True,False,True,False,False,0.0
2025-07-22 17:00:00+00:00,45.5,45.87,45.455,45.78,28500.0,44.33945825100278,45.51241755596685,"rgba(38, 166, 154, 1.0)",2.372794515083404,45.321674751572544,0.19315842375476264,4,0.6510820197213534,2.6043280788854135,0.0,0.0,0.0,0.0,56.35105211192164,10.835043339223077,True,False,True,False,True,1.2452692347505874
2025-07-23 17:00:00+00:00,45.84,46.0,45.78,45.885,18163.0,44.34255713097988,45.579376092584624,"rgba(38, 166, 154, 1.0)",2.3474533028386495,45.28628056883742,0.2550506246231093,4,0.6635706082868346,2.6542824331473382,0.0,0.0,0.0,0.0,57.87814042982819,10.835043339223077,True,False,True,False,True,1.514508034863784
2025-07-24 17:00:00+00:00,44.885,45.205,44.825,45.06,32737.0,44.34502722207744,45.552455552875685,"rgba(38, 166, 154, 1.0)",2.3393115430601736,45.25841310122806,-0.08481687777614319,4,0.6723619151533873,2.689447660613549,0.0,0.0,0.0,0.0,55.51208076624832,10.835043339223077,True,False,True,False,True,0.0
2025-07-25 17:00:00+00:00,45.44,45.755,45.43,45.515,19044.0,44.347575412442005,45.56226446354127,"rgba(38, 166, 154, 1.0)",2.324476688175846,45.27463744896832,0.10340501681705688,5,0.5821930431844757,2.9109652159223787,0.0,0.0,0.0,0.0,55.471889984260656,10.730554720063942,True,False,True,False,True,0.5304964306508566
2025-07-28 17:00:00+00:00,45.365,45.42,45.215,45.33,16001.0,44.34927959826972,45.56436998991564,"rgba(38, 166, 154, 1.0)",2.2975795136666535,45.28021270946236,0.021669452674646497,5,0.5884074455635557,2.942037227817779,0.0,0.0,0.0,0.0,54.68631784676553,9.601193513534888,True,False,True,False,False,0.04012805820847021
2025-07-29 17:00:00+00:00,45.01,45.205,44.93,45.18,16644.0,44.35065237343995,45.56275506448881,"rgba(38, 166, 154, 1.0)",2.2705656714720988,45.28092180393819,-0.044447868302686176,5,0.5931522637617644,2.965761318808822,0.0,0.0,0.0,0.0,53.52289732817708,8.137495015952794,False,False,True,False,False,0.0
2025-07-30 17:00:00+00:00,45.075,45.09,44.12,44.295,39016.0,44.35129269184269,45.539883707199856,"rgba(38, 166, 154, 1.0)",2.2474376240227327,45.25693457840899,-0.4280139159934505,5,0.5959779830183431,2.9798899150917157,0.0,0.0,0.0,0.0,49.44629778428602,4.091793612383874,False,False,False,False,False,0.0
2025-07-31 17:00:00+00:00,44.69,44.71,44.04,44.05,56126.0,44.350779638811694,45.50726580210258,"rgba(239, 83, 80, 1.0)",2.2257810006966396,45.22170763140436,-0.5264253900260766,5,0.5994015095829294,2.997007547914647,0.0,0.0,0.0,0.0,45.94647838932089,0.7759111335975177,False,True,False,True,False,0.0
2025-08-01 17:00:00+00:00,42.905,42.92,42.39,42.48,64117.0,44.338714633273646,45.410446400438815,"rgba(239, 83, 80, 1.0)",2.2169151157925966,45.101029148833774,-1.182286651465544,5,0.6023845992414711,3.011922996207356,0.0,0.0,0.0,0.0,39.8407371921833,-4.794713627242963,False,True,False,True,False,0.0
2025-08-04 17:00:00+00:00,42.565,42.62,42.355,42.57,44899.0,44.32997277913462,45.35293444478978,"rgba(239, 83, 80, 1.0)",2.2185012431289812,45.02969284449,-1.1087182628849201,5,0.6068987477777976,3.034493738888988,0.0,0.0,0.0,0.0,36.21401027295412,-7.93087530254202,False,True,False,True,False,0.0
2025-08-05 17:00:00+00:00,42.355,42.525,42.18,42.35,102052.0,44.308651221772486,45.23689910269755,"rgba(239, 83, 80, 1.0)",2.2112093996290976,44.88649139074608,-1.1471059191280315,5,0.6119581352055385,3.059790676027693,0.0,0.0,0.0,0.0,33.33135671398027,-10.445506326483368,False,True,False,True,False,0.0
2025-08-06 17:00:00+00:00,42.065,42.325,42.045,42.19,83310.0,44.29014409919875,45.15244032008404,"rgba(239, 83, 80, 1.0)",2.1998430779413862,44.78311457051426,-1.1787725208749422,5,0.6204160804239651,3.1020804021198254,0.0,0.0,0.0,0.0,31.061302190516383,-12.501946453561516,False,True,False,True,False,0.0
2025-08-07 17:00:00+00:00,42.015,42.045,41.595,41.665,53077.0,44.27620894086806,45.09467242569842,"rgba(239, 83, 80, 1.0)",2.1896034031445337,44.71202377357157,-1.3915870651258953,5,0.6209451773808425,3.1047258869042125,0.0,0.0,0.0,0.0,28.46282669989233,-14.961331235673171,False,True,False,True,False,0.0
2025-08-08 17:00:00+00:00,44.34,44.435,43.54,43.555,42994.0,44.27427997564174,45.08894159432482,"rgba(239, 83, 80, 1.0)",2.150838644313639,44.70913828254035,-0.5365991938036115,6,0.5403715626093598,3.2422293756561587,0.0,0.0,0.0,0.0,35.22364320339857,-21.854264882257105,False,True,False,True,True,0.0
2025-08-11 17:00:00+00:00,43.46,43.49,43.17,43.25,37715.0,44.27049930753442,45.075357957973274,"rgba(239, 83, 80, 1.0)",2.1065295848601204,44.69518896435398,-0.6860520615237151,6,0.5469303506944574,3.2815821041667443,0.0,0.0,0.0,0.0,38.80704792401691,-18.66740656385592,False,True,False,True,True,0.0
2025-08-12 17:00:00+00:00,43.215,43.33,42.885,43.32,40754.0,44.26592321836597,45.05906101853854,"rgba(239, 83, 80, 1.0)",2.0407393003249954,44.677945772142245,-0.6654185431358068,6,0.5569081820461043,3.3414490922766253,0.0,0.0,0.0,0.0,41.45652418415858,-16.23768944763249,False,True,False,True,True,0.0
2025-08-13 17:00:00+00:00,43.87,44.23,43.7,44.23,23595.0,44.265408765090584,45.057895499768094,"rgba(38, 166, 154, 1.0)",1.9128663177411558,44.67892232933686,-0.2346856783316557,6,0.5679492183201015,3.4076953099206087,0.0,0.0,0.0,0.0,46.32230573823948,-11.691363355795708,False,True,False,True,True,0.0
2025-08-14 17:00:00+00:00,43.585,43.82,43.56,43.73,45350.0,44.26280656933062,45.04935315836454,"rgba(38, 166, 154, 1.0)",1.8162112628629992,44.672391595623246,-0.5188777401026038,6,0.5816214189523592,3.489728513714155,0.0,0.0,0.0,0.0,47.745708816223384,-10.294205317685027,False,True,False,False,True,0.0
2025-08-15 17:00:00+00:00,43.835,43.835,43.57,43.65,61779.0,44.25918529844095,45.037323457859955,"rgba(38, 166, 154, 1.0)",1.6933780355166503,44.662883827319575,-0.5981439501844876,6,0.5925431855145182,3.5552591130871094,0.0,0.0,0.0,0.0,48.40398650428292,-9.396955658593967,False,False,False,False,True,0.0
