date,Close,High,Low,Open,Volume,aVWAP_BoS_CHoCH_bull_107,aVWAP_BoS_CHoCH_bull_152,aVWAP_BoS_CHoCH_bull_490,aVWAP_BoS_CHoCH_bull_536,aVWAP_BoS_CHoCH_bull_770,aVWAP_BoS_CHoCH_bull_852,aVWAP_BoS_CHoCH_bear_48,aVWAP_BoS_CHoCH_bear_90,aVWAP_BoS_CHoCH_bear_133,aVWAP_BoS_CHoCH_bear_298,aVWAP_BoS_CHoCH_bear_354,aVWAP_BoS_CHoCH_bear_513,aVWAP_BoS_CHoCH_bear_572,aVWAP_BoS_CHoCH_bear_674,aVWAP_BoS_CHoCH_bear_726,Peaks_Valleys_avg,color,StDev,StDev_Mean,StdDev_ZScore,MA_Cross_Count,MA_Avg_Deviation_Z,MA_Oscillation_Score,BoS,CHoCH,BoS_CHoCH_Price,BoS_CHoCH_Break_Index,QQEMOD,QQE1_Value,QQE1_Above_Upper,QQE1_Below_Lower,QQE2_Above_Threshold,QQE2_Below_Threshold,QQE2_Above_TL,banker_RSI
2022-01-03 00:00:00+00:00,37.48,38.12,37.08,37.19,745690,,,,,,,,,,,,,,,,,#000000,,,,0,,,0.0,0.0,0.0,0.0,,,False,False,False,False,False,
2022-01-04 00:00:00+00:00,37.11,37.93,36.5,37.93,692798,,,,,,,,,,,,,,,,,#000000,,,,0,,,0.0,0.0,0.0,0.0,0.0,,False,False,False,True,False,
2022-01-05 00:00:00+00:00,35.69,37.88,35.63,37.39,1058475,,,,,,,,,,,,,,,,,#000000,,,,0,,,0.0,0.0,0.0,0.0,0.0,-50.0,False,False,False,True,True,
2022-01-06 00:00:00+00:00,36.46,36.81,35.34,36.54,1316019,,,,,,,,,,,,,,,,,#000000,,,,0,,,0.0,0.0,0.0,0.0,10.844944186425517,-40.058801162443274,False,False,False,True,True,
2022-01-07 00:00:00+00:00,34.38,35.75,33.78,35.34,2026422,,,,,,,,,,,,,,,,,#000000,,,,0,,,0.0,0.0,0.0,0.0,12.74410947423582,-38.92039654786303,False,False,False,True,True,
2022-01-10 00:00:00+00:00,33.47,33.895,32.89,33.76,1833169,,,,,,,,,,,,,,,,,#000000,,,,0,,,0.0,0.0,0.0,0.0,12.955347534427968,-38.92039654786303,False,False,False,True,True,
2022-01-11 00:00:00+00:00,34.06,34.37,33.24,33.47,1061500,,,,,,,,,,,,,,,,,#000000,,,,0,,,0.0,0.0,0.0,0.0,16.562648629014788,-36.189017733187114,False,False,False,True,True,
2022-01-12 00:00:00+00:00,33.9,35.13,33.73,34.58,890575,,,,,,,,,,,,,,,,,#000000,,,,0,,,0.0,0.0,0.0,0.0,18.693484833317367,-34.56729341344274,False,False,False,True,True,
2022-01-13 00:00:00+00:00,33.03,34.25,32.87,34.05,1152430,,,,,,,,,,,,,,,,,#000000,,,,0,,,0.0,0.0,0.0,0.0,18.802823679343124,-34.56729341344274,False,False,False,True,True,
2022-01-14 00:00:00+00:00,32.33,33.02,31.68,32.53,1093295,,,,,,,,,,,,,,,,,#000000,,,,0,,,0.0,0.0,0.0,0.0,18.04071976291813,-34.56729341344274,False,False,False,True,True,
2022-01-18 00:00:00+00:00,31.85,32.47,31.59,32.17,1413416,,,,,,,,,,,,,,,,,#000000,,,,0,,,0.0,0.0,0.0,0.0,17.035183235860536,-34.56729341344274,False,False,False,True,True,
2022-01-19 00:00:00+00:00,31.26,32.7,31.25,32.025,1000475,,,,,,,,,,,,,,,,,#000000,,,,0,,,0.0,0.0,0.0,0.0,15.819596436782174,-34.56729341344274,False,False,False,True,False,
2022-01-20 00:00:00+00:00,30.6,32.24,30.59,31.48,1313374,,,,,,,,,,,,,,,,,#000000,,,,0,,,0.0,0.0,0.0,0.0,14.481970409510115,-31.639211357807426,False,False,False,True,False,
2022-01-21 00:00:00+00:00,30.05,30.68,29.63,30.25,1744108,,,,,,,,,,,,,,,,,#000000,,,,0,,,0.0,0.0,0.0,0.0,13.205663326613465,-32.885522319360966,False,False,False,True,False,
2022-01-24 00:00:00+00:00,30.14,30.46,28.17,29.32,2330527,,,,,,,,,,,,,,,,29.590000000000003,#000000,,29.590000000000003,,0,,,0.0,0.0,0.0,0.0,12.86955925010835,-33.28136525950309,False,False,False,True,False,
2022-01-25 00:00:00+00:00,30.25,30.68,29.16,29.45,1531943,,,,,,,,,,,,,,,,29.764513956095453,#000000,,29.764513956095453,,0,,,0.0,0.0,0.0,0.0,13.310158403390526,-33.28136525950309,False,False,False,True,False,
2022-01-26 00:00:00+00:00,29.07,31.14,28.74,31.14,1539282,,,,,,,,,,,,,,,,29.731882085664054,#000000,,29.731882085664054,,0,,,0.0,0.0,0.0,0.0,12.604141280779011,-33.78101304804538,False,False,False,True,False,
2022-01-27 00:00:00+00:00,29.51,30.26,28.97,29.43,2404905,,,,,,,,,,,,,,,,29.68509355797238,#000000,,29.68509355797238,,0,,,0.0,0.0,0.0,0.0,14.49490937300024,-33.78101304804538,False,False,False,True,True,
2022-01-28 00:00:00+00:00,29.45,29.72,28.36,29.69,915542,,,,,,,,,,,,,,,,29.63172557440312,#000000,,29.63172557440312,,0,,,0.0,0.0,0.0,0.0,15.683386415044431,-33.78101304804538,False,False,False,True,True,
2022-01-31 00:00:00+00:00,30.71,30.79,29.36,29.48,801586,,,,,,,,,,,,,,,,29.686849835438323,#000000,,29.686849835438323,,0,,,0.0,0.0,0.0,0.0,22.335492929254478,-31.672771502601577,False,False,False,True,True,
2022-02-01 00:00:00+00:00,32.28,32.32,30.71,30.82,1300047,,,,,,,,,,,,,,,,29.93705633550114,#000000,,29.93705633550114,,0,,,0.0,0.0,0.0,0.0,31.64522754756814,-23.33401441955587,False,False,False,True,True,
2022-02-02 00:00:00+00:00,31.53,32.85,31.24,32.77,1443255,,,,,,,,,,,,,,,,30.16486440912989,#000000,,30.16486440912989,,0,,,0.0,0.0,0.0,0.0,36.06446670039251,-19.81902287431617,False,False,False,True,True,
2022-02-03 00:00:00+00:00,30.28,31.55,30.16,30.79,995855,,,,,,,,,,,,,,,,30.202292211386176,#000000,,30.202292211386176,,0,,,0.0,0.0,0.0,0.0,36.56231593679104,-19.81902287431617,False,False,False,True,True,
2022-02-04 00:00:00+00:00,31.14,31.3887,30.06,30.815,971084,,,,,,,,,,,,,,,,30.247360672958347,#000000,,30.247360672958347,,0,,,0.0,0.0,0.0,0.0,39.187000535750535,-17.595127319393576,False,False,False,True,True,
2022-02-07 00:00:00+00:00,31.65,31.89,30.24,30.24,1677874,,,,,,,,,,,,,,,,30.354141208169146,#000000,,30.354141208169146,,0,,,0.0,0.0,0.0,0.0,42.17845574225758,-14.93722828866344,False,False,False,True,True,
2022-02-08 00:00:00+00:00,32.87,32.96,31.265,31.41,1306551,,,,,,,,,,,,,,,,30.506726917843345,#000000,,30.506726917843345,,0,,,0.0,0.0,0.0,0.0,46.76390598662382,-10.767877241424998,False,False,False,False,True,
2022-02-09 00:00:00+00:00,34.31,34.45,33.15,33.61,2049798,,,,,,,,,,,,,,,,32.42257869916635,#000000,,32.42257869916635,,0,,,0.0,0.0,0.0,0.0,52.214587614751736,-5.8511606573117945,False,False,True,False,True,
2022-02-10 00:00:00+00:00,28.73,29.6,27.02,28.2,9141350,,,,,,,,,,,,,,,,29.777935876626604,#000000,,29.777935876626604,,0,,,0.0,0.0,0.0,0.0,47.22451466395345,-5.8511606573117945,False,False,False,False,False,
2022-02-11 00:00:00+00:00,26.9,28.94,26.52,28.67,3300186,,,,,,,,,,,,,,,,29.411865601451957,#000000,,29.411865601451957,,0,,,0.0,0.0,0.0,0.0,42.29846830694842,1.4883383919781608,False,False,False,True,False,
2022-02-14 00:00:00+00:00,27.76,28.23,26.98,27.14,2664009,,,,,,,,,,,,,,,,29.223440341056317,#000000,,29.223440341056317,,0,,,0.0,0.0,0.0,0.0,40.420378321774535,-0.09857249598135809,False,False,False,True,False,
2022-02-15 00:00:00+00:00,29.58,29.98,28.3,28.5,2623729,,,,,,,,,,,,,,,,29.243112157141923,#000000,,29.243112157141923,,0,,,0.0,0.0,0.0,0.0,41.84746399328263,-0.09857249598135809,False,False,False,True,False,
2022-02-16 00:00:00+00:00,30.42,30.6,29.03,29.2,2106138,,,,,,,,,,,,,,,,29.309285265044352,#000000,,29.309285265044352,,0,,,0.0,0.0,0.0,0.0,43.914545580458736,-0.09857249598135809,False,False,False,True,False,
2022-02-17 00:00:00+00:00,29.14,30.74,29.0716,29.95,1332681,,,,,,,,,,,,,,,,29.328833601080465,#000000,,29.328833601080465,,0,,,0.0,0.0,0.0,0.0,43.8173359090973,-0.09857249598135809,False,False,False,True,False,
2022-02-18 00:00:00+00:00,28.34,29.59,28.14,29.26,1208347,,,,,,,,,,,,,,,,29.30702267900144,#000000,,29.30702267900144,,0,,,0.0,0.0,0.0,0.0,42.886547165704194,-0.09857249598135809,False,False,False,True,False,
2022-02-22 00:00:00+00:00,26.41,28.14,26.3,27.5,1599681,,,,,,,,,,,,,,,,29.194816262587658,#000000,,29.194816262587658,,0,,,0.0,0.0,0.0,0.0,40.399736779523636,-1.0883950097173667,False,False,False,True,False,
2022-02-23 00:00:00+00:00,25.41,27.1,25.37,26.74,1015295,,,,,,,,,,,,,,,,29.099367799101465,#000000,,29.099367799101465,,0,,,0.0,0.0,0.0,0.0,37.88963269359432,-3.835395945435053,False,False,False,True,False,
2022-02-24 00:00:00+00:00,26.67,26.76,24.0,24.2,2051585,,,,,,,,,,,,,,,,28.91498291875265,#000000,,28.91498291875265,,0,,,0.0,0.0,0.0,0.0,38.25099242360224,-3.838294921417585,False,False,False,True,False,
2022-02-25 00:00:00+00:00,26.73,26.74,25.36,26.69,1092501,,,,,,,,,,,,,,,,28.83922535432588,#000000,,28.83922535432588,,0,,,0.0,0.0,0.0,0.0,38.588330654348624,-3.9455446243518253,False,False,False,True,False,
2022-02-28 00:00:00+00:00,26.1,26.95,26.06,26.54,1508267,,,,,,,,,,,,,,,,28.74550004953413,#000000,,28.74550004953413,,0,,,0.0,0.0,0.0,0.0,38.13383472647962,-4.8782998655460545,False,False,False,True,False,
2022-03-01 00:00:00+00:00,25.17,26.23,24.98,26.23,726925,,,,,,,,,,,,,,,,28.686072876578045,#000000,,28.686072876578045,,0,,,0.0,0.0,0.0,0.0,36.86621862028592,-6.566513191809861,False,False,False,True,False,
2022-03-02 00:00:00+00:00,26.19,26.315,25.05,25.34,922096,,,,,,,,,,,,,,,,28.622832849074776,#000000,,28.622832849074776,,0,,,0.0,0.0,0.0,0.0,37.89812070333892,-6.566513191809861,False,False,False,True,False,
2022-03-03 00:00:00+00:00,25.31,26.22,25.11,26.18,805411,,,,,,,,,,,,,,,,28.563967385596847,#000000,,28.563967385596847,,0,,,0.0,0.0,0.0,0.0,37.58364873523111,-6.652823994024224,False,False,False,True,False,
2022-03-04 00:00:00+00:00,24.09,25.37,23.81,25.0,1030227,,,,,,,,,,,,,,,,28.464511834586613,#000000,,28.464511834586613,,0,,,0.0,0.0,0.0,0.0,36.10589359366741,-8.455883102323327,False,False,False,True,False,
2022-03-07 00:00:00+00:00,21.7,24.23,21.68,23.89,1560663,,,,,,,,,,,,,,,,28.25559778729742,#000000,,28.25559778729742,,0,,,0.0,0.0,0.0,0.0,33.11444377123629,-11.57501273045169,False,False,False,True,False,
2022-03-08 00:00:00+00:00,22.42,23.3,21.71,21.8,1770703,,,,,,,,,,,,,,,,28.033963670100476,#000000,,28.033963670100476,,0,,,0.0,0.0,0.0,0.0,32.49860934544309,-12.375709249671658,False,False,False,True,False,
2022-03-09 00:00:00+00:00,23.43,23.78,23.1,23.36,877721,,,,,,,,,,,,,,,,27.948628527451895,#000000,,27.948628527451895,,0,,,0.0,0.0,0.0,0.0,33.93283923424467,-12.375709249671658,False,False,False,True,False,
2022-03-10 00:00:00+00:00,23.46,23.92,22.77,22.99,769755,,,,,,,,,,,,,,,,27.875568928753772,#000000,,27.875568928753772,,0,,,0.0,0.0,0.0,0.0,34.94426892747364,-12.375709249671658,False,False,False,True,True,
2022-03-11 00:00:00+00:00,22.52,23.89,22.5,23.77,580312,,,,,,,,,,,,,,,,27.81705172826083,#000000,,27.81705172826083,,0,,,0.0,0.0,0.0,0.0,34.59656745832274,-12.375709249671658,False,False,False,True,True,
2022-03-14 00:00:00+00:00,21.3,22.7101,21.2,22.45,1244912,,,,,,,,,,,,,,,,25.688895560297222,#000000,,25.688895560297222,,0,,,-1.0,0.0,21.2,78.0,33.168385213320235,-12.389422501031063,False,False,False,True,True,
2022-03-15 00:00:00+00:00,21.89,21.99,21.225,21.37,956830,,,,,,,,,,,,,,,,25.608937972580406,#000000,,25.608937972580406,,0,,,0.0,0.0,0.0,0.0,33.45478166335016,-12.389422501031063,False,False,False,True,True,0.0
2022-03-16 00:00:00+00:00,23.47,23.65,22.47,22.48,1009221,,,,,,,,,,,,,,,,25.707253558445416,#000000,,25.707253558445416,,0,,,0.0,0.0,0.0,0.0,36.630745068799555,-12.389422501031063,False,False,False,True,True,0.0
2022-03-17 00:00:00+00:00,23.97,23.98,22.89,23.23,622678,,,,,,,,,,,,,,,,25.754322965253152,#000000,,25.754322965253152,,0,,,0.0,0.0,0.0,0.0,39.605581738297715,-14.760366355836943,True,False,False,True,True,0.0
2022-03-18 00:00:00+00:00,26.3,26.52,23.57,23.85,2083485,,,,,,,,,,,,,,,,26.063385348654844,#000000,,26.063385348654844,,0,,,0.0,0.0,0.0,0.0,44.99773926437409,-9.787562300054518,True,False,False,True,True,0.0
2022-03-21 00:00:00+00:00,26.04,26.61,25.69,26.15,1230788,,,,,,,,,,,,,,,,26.19669334721924,#000000,,26.19669334721924,,0,,,0.0,0.0,0.0,0.0,48.17345935682252,-7.034778192891231,True,False,False,False,True,0.0
2022-03-22 00:00:00+00:00,27.1,27.45,26.36,26.36,919538,,,,,,,,,,,,,,,,26.308682676236867,#000000,,26.308682676236867,,0,,,0.0,0.0,0.0,0.0,51.682022711763935,-3.9676273975953507,True,False,True,False,True,0.0
2022-03-23 00:00:00+00:00,26.93,27.33,26.4101,26.72,961005,,,,,,,,,,,,,,,,26.39702194598495,#000000,,26.39702194598495,,0,,,0.0,0.0,0.0,0.0,53.709265988879885,-2.258922834732921,True,False,True,False,True,0.0
2022-03-24 00:00:00+00:00,27.1,27.36,26.53,27.16,756894,,,,,,,,,,,,,,,,26.457583998253085,#000000,,26.457583998253085,,0,,,0.0,0.0,0.0,0.0,55.30329631402785,-0.8531527875896572,True,False,True,False,True,0.0
2022-03-25 00:00:00+00:00,26.37,27.22,26.15,27.18,523293,,,,,,,,,,,,,,,,26.48455490860988,#000000,,26.48455490860988,,0,,,0.0,0.0,0.0,0.0,54.89884229047735,-0.8531527875896572,True,False,True,False,True,0.0
2022-03-28 00:00:00+00:00,26.83,26.93,26.11,26.41,461454,,,,,,,,,,,,,,,,26.50674374388331,#000000,,26.50674374388331,,0,,,0.0,0.0,0.0,0.0,55.38784382867448,-0.6273901445604295,True,False,True,False,True,0.0
2022-03-29 00:00:00+00:00,27.83,28.53,27.31,27.32,1086595,,,,,,,27.89,,,,,,,,,26.926512982120762,#000000,,26.926512982120762,,0,,,0.0,0.0,0.0,0.0,57.25531259859457,1.3450484628660035,True,False,True,False,True,0.0
2022-03-30 00:00:00+00:00,27.37,27.875,27.225,27.78,552097,,,,,,,27.755234711587047,,,,,,,,,26.919470174866923,#000000,,26.919470174866923,,0,,,0.0,0.0,0.0,0.0,57.46554966272153,1.774835495909798,True,False,True,False,True,0.0
2022-03-31 00:00:00+00:00,26.33,27.49,26.25,27.22,786746,,,,,,,27.40970159616531,,,,,,,,,26.85027055676894,#000000,,26.85027055676894,,0,,,0.0,0.0,0.0,0.0,55.43774389735183,1.774835495909798,True,False,True,False,True,0.0
2022-04-01 00:00:00+00:00,26.18,26.8134,25.71,26.38,634444,,,,,,,27.166025287859682,,,,,,,,,26.79399175507231,#000000,,26.79399175507231,,0,,,0.0,0.0,0.0,0.0,53.78591047416067,1.774835495909798,True,False,True,False,False,0.0
2022-04-04 00:00:00+00:00,26.93,27.13,26.18,26.31,523643,,,,,,,27.10474646143113,,,,,,,,,26.788740059466406,#000000,,26.788740059466406,,0,,,0.0,0.0,0.0,0.0,54.134927717214566,1.774835495909798,True,False,True,False,False,0.0
2022-04-05 00:00:00+00:00,25.78,26.81,25.53,26.75,951535,,,,,,,26.881344009384662,,,,,,,,,26.73286197234009,#000000,,26.73286197234009,,0,,,0.0,0.0,0.0,0.0,52.00856945421249,1.774835495909798,True,False,False,False,False,0.0
2022-04-06 00:00:00+00:00,25.16,25.35,24.31,25.33,797402,,,,,,,26.591040656867314,,,,,,,,,26.63921218734379,#000000,,26.63921218734379,,0,,,0.0,0.0,0.0,0.0,49.45918334712499,4.578803383539018,True,False,False,False,False,0.0
2022-04-07 00:00:00+00:00,25.11,25.35,24.21,25.04,547590,,,,,,,26.432628307232655,,,,,,,,,26.585100561390348,#000000,,26.585100561390348,,0,,,0.0,0.0,0.0,0.0,47.66691295878554,2.790200856281878,True,False,False,False,False,0.0
2022-04-08 00:00:00+00:00,24.25,25.1,24.18,25.1,653917,,,,,,,26.240212436453245,,,,,,,,,26.5147943291667,#000000,,26.5147943291667,,0,,,0.0,0.0,0.0,0.0,44.91428731070726,0.12719425192016587,False,False,False,True,False,0.0
2022-04-11 00:00:00+00:00,24.24,24.59,23.77,23.94,877184,,,,,,,25.99873291149164,,,,,,,,,26.420273131103844,#000000,,26.420273131103844,,0,,,0.0,0.0,0.0,0.0,43.06141492128231,-1.6538396286165593,False,False,False,True,False,0.0
2022-04-12 00:00:00+00:00,23.99,25.43,23.91,24.78,843554,,,,,,,25.839785593827454,,,,,,,,,26.35367323413822,#000000,,26.35367323413822,,0,,,0.0,0.0,0.0,0.0,41.35518106775508,-3.3147979590136174,False,True,False,True,False,0.0
2022-04-13 00:00:00+00:00,24.13,24.595,23.86,23.88,2052277,,,,,,,25.512283810168583,,,,,,,,,26.201811292955227,#000000,,26.201811292955227,,0,,,0.0,0.0,0.0,0.0,40.665274966141986,-4.06382668813054,False,True,False,True,False,0.0
2022-04-14 00:00:00+00:00,23.65,24.39,23.41,24.15,1492584,,,,,,,25.297797057897935,,,,,,,,,26.091724137165937,#000000,,26.091724137165937,,0,,,0.0,0.0,0.0,0.0,39.21735186148753,-5.578560757211655,False,True,False,True,False,0.0
2022-04-18 00:00:00+00:00,22.87,23.71,22.79,23.6,1498064,,,,,,,25.052829696410104,,,,,,,,,25.960105115632228,#000000,,25.960105115632228,,0,,,0.0,0.0,0.0,0.0,36.81331745218162,-7.973213451630045,False,True,False,True,False,0.0
2022-04-19 00:00:00+00:00,23.89,24.215,22.83,22.83,1071835,,,,,,,24.94781806705379,,,,,,,,,25.896118497409827,#000000,,25.896118497409827,,0,,,0.0,0.0,0.0,0.0,38.519359090627546,-7.973213451630045,False,True,False,True,False,0.0
2022-04-20 00:00:00+00:00,23.76,24.24,23.4796,24.18,563893,,,,,,,24.9054776552274,,,,,,,,,25.868120650832186,"rgba(239, 83, 80, 0.5)",3.986882780607715,25.868120650832186,-0.5287641415208215,0,,,0.0,0.0,0.0,0.0,39.376394412269335,-7.973213451630045,False,True,False,True,True,0.0
2022-04-21 00:00:00+00:00,23.64,24.5,23.23,24.33,756026,,,,,,,24.851726022768936,,,,,,,,,25.83156566889073,"rgba(239, 83, 80, 0.5)",3.8605299920891456,25.83156566889073,-0.5676851814081494,0,,,0.0,0.0,0.0,0.0,39.674388444328,-7.973213451630045,False,True,False,True,True,0.0
2022-04-22 00:00:00+00:00,21.84,23.552,21.81,23.33,1794888,,,,,,,24.600106937781153,,,,,,,,,25.678353843916106,"rgba(239, 83, 80, 1.0)",3.7652875175861524,25.678353843916106,-1.019405244882015,0,,,0.0,0.0,0.0,0.0,36.54766473319225,-8.467064697286716,False,True,False,True,False,0.0
2022-04-25 00:00:00+00:00,22.35,22.36,21.57,21.6,2029867,,,,,,,24.339351569859005,,,,,,,,,25.510349728705734,"rgba(239, 83, 80, 0.5)",3.692988716156287,25.510349728705734,-0.8557702098789697,0,,,0.0,0.0,0.0,0.0,36.12857094240296,-8.985503069970775,False,True,False,True,False,0.0
2022-04-26 00:00:00+00:00,20.92,22.07,20.82,21.94,1224763,,,,,,,24.15808701331565,,,,,,,,,25.39288145278038,"rgba(239, 83, 80, 1.0)",3.6149342535733147,25.39288145278038,-1.2373341087348944,0,,,0.0,0.0,0.0,0.0,33.71945883774319,-11.398565291880999,False,True,False,True,False,0.0
2022-04-27 00:00:00+00:00,21.14,21.5,20.74,20.74,853249,,,,,,,24.038295514091004,,,,,,,,,25.313114692783444,"rgba(239, 83, 80, 1.0)",3.5841163762074184,25.313114692783444,-1.1643357120003122,0,,,0.0,0.0,0.0,0.0,32.81791564021547,-12.363333467437997,False,True,False,True,False,0.0
2022-04-28 00:00:00+00:00,22.53,22.82,20.98,21.45,1241953,,,,,,,23.933415016531264,,,,,,,,,25.233924582359037,"rgba(239, 83, 80, 0.5)",3.541743384012766,25.233924582359037,-0.7634445212954735,0,,,0.0,0.0,0.0,0.0,36.154319954360005,-12.363333467437997,False,True,False,True,True,0.0
2022-04-29 00:00:00+00:00,21.77,22.91,21.7,22.35,1083869,,,,,,,23.85154025383838,,,,,,,,,25.16946069806874,"rgba(239, 83, 80, 0.5)",3.490205600696775,25.16946069806874,-0.9740001269237781,0,,,0.0,0.0,0.0,0.0,37.04568624288364,-12.363333467437997,False,True,False,True,True,0.0
2022-05-02 00:00:00+00:00,22.5,22.555,21.46,21.58,845056,,,,,,,23.794213375958165,,,,,,,,,25.122514059082132,"rgba(239, 83, 80, 0.5)",3.421826602459175,25.122514059082132,-0.7664076423970173,0,,,0.0,0.0,0.0,0.0,39.47085921160156,-15.525748429851582,False,True,False,True,True,0.0
2022-05-03 00:00:00+00:00,22.56,22.85,22.25,22.36,904710,,,,,,,23.75047611901128,,,,,,,,,25.08213510356317,"rgba(239, 83, 80, 0.5)",3.368703511939178,25.08213510356317,-0.7486960768807219,0,,,0.0,0.0,0.0,0.0,41.237099875405534,-13.81672504343242,False,True,False,True,True,0.0
2022-05-04 00:00:00+00:00,23.06,23.08,21.785,22.64,861475,,,,,,,23.714470093693436,,,,,,,,,25.04687659833491,"rgba(239, 83, 80, 0.5)",3.3197676408431347,25.04687659833491,-0.5984986942731624,0,,,0.0,0.0,0.0,0.0,43.68017569675922,-11.476589068741049,False,False,False,True,True,0.0
2022-05-05 00:00:00+00:00,21.01,22.55,20.82,22.52,2026331,,,,,,,23.554490575898733,,,,,,,,,24.919098020579323,"rgba(239, 83, 80, 1.0)",3.312016032297881,24.919098020579323,-1.1802775054404504,0,,,0.0,0.0,0.0,0.0,41.47763753408431,-11.476589068741049,False,True,False,True,True,0.0
2022-05-06 00:00:00+00:00,19.97,20.83,19.56,20.73,1378158,,,,,,,23.39636545697011,,,,,,,,,24.801488117959906,"rgba(239, 83, 80, 1.0)",3.334602927588934,24.801488117959906,-1.4488945829161397,0,,,0.0,0.0,0.0,0.0,38.56763523510473,-11.476589068741049,False,True,False,True,False,0.0
2022-05-09 00:00:00+00:00,18.49,19.87,18.47,19.49,1338452,,,,,,,23.205775158003974,,,,,,,,,24.66331408551412,"rgba(255, 0, 0, 1.0)",3.402904154495787,24.66331408551412,-1.8141310496089567,0,,,0.0,0.0,0.0,0.0,34.94200804914922,-9.344016788674054,False,True,False,True,False,0.0
2022-05-10 00:00:00+00:00,18.56,19.14,18.09,19.01,1211865,,,,,,,23.03382547573081,,,,,,,,,24.53701791275224,"rgba(255, 0, 0, 1.0)",3.470165419117083,24.53701791275224,-1.7224014393737401,0,,,0.0,0.0,0.0,0.0,32.717023944324914,-11.353667249598878,False,True,False,True,False,0.0
2022-05-11 00:00:00+00:00,18.18,18.87,18.08,18.5,1832487,,,,,,,22.785135174087788,,,,,,,,,24.350459178590178,"rgba(255, 0, 0, 1.0)",3.5383027080867544,24.350459178590178,-1.7439036983714415,0,,,0.0,0.0,0.0,0.0,30.80564411663022,-13.120931194668714,False,True,False,True,False,0.0
2022-05-12 00:00:00+00:00,19.11,19.75,17.91,17.91,1941394,,,,,,,22.578358766670355,,,,,,,,,23.133178369726807,"rgba(239, 83, 80, 1.0)",3.572317808163564,23.133178369726807,-1.126209532794905,0,,,-1.0,0.0,17.91,114.0,32.18372360386594,-13.120931194668714,False,True,False,True,False,0.0
2022-05-13 00:00:00+00:00,20.77,21.37,19.62,19.63,1679172,,,,,,,22.490202428656755,,,,,,,,,23.218583476056818,"rgba(239, 83, 80, 0.5)",3.5859101298637515,23.218583476056818,-0.6828345907681332,0,,,0.0,0.0,0.0,0.0,36.92478830241453,-19.452042519749252,False,True,False,True,True,0.0
2022-05-16 00:00:00+00:00,20.2,20.66,19.9,20.45,933710,,,,,,,22.436470891128135,,,,,,,,,23.200731666926448,"rgba(239, 83, 80, 0.5)",3.5992642541457247,23.200731666926448,-0.8337069620465152,0,,,0.0,0.0,0.0,0.0,39.119965850493095,-17.441267760826037,False,True,False,True,True,0.0
2022-05-17 00:00:00+00:00,20.81,21.25,20.09,20.84,720046,,,,,,,22.405192483443116,,,,,,,,,23.199299172749104,"rgba(239, 83, 80, 0.5)",3.5988317073263745,23.199299172749104,-0.6639096704313943,0,,,0.0,0.0,0.0,0.0,41.87228418575402,-14.864110290102538,False,False,False,True,True,0.0
2022-05-18 00:00:00+00:00,19.01,20.36,18.92,20.25,2226855,,,,,,,22.246758985766615,,,,,,,,,23.05614639156179,"rgba(239, 83, 80, 1.0)",3.6041466258881467,23.05614639156179,-1.1226364550484185,0,,,0.0,0.0,0.0,0.0,40.83633217944804,-14.864110290102538,False,False,False,True,True,0.0
2022-05-19 00:00:00+00:00,20.89,21.34,19.21,20.54,5811269,,,,,,,22.03119448882443,,,,,,,,,22.92543971196356,"rgba(239, 83, 80, 0.5)",3.5282764952632384,22.92543971196356,-0.5768934817597673,0,,,0.0,0.0,0.0,0.0,43.672240702305274,-13.148102005594161,False,False,False,True,True,0.0
2022-05-20 00:00:00+00:00,20.31,21.72,19.84,21.26,2468839,,,,,,,21.9618145371391,,,,,,,,,22.498626770020024,"rgba(239, 83, 80, 0.5)",3.474423942142027,22.498626770020024,-0.6299250772117088,0,,,0.0,0.0,0.0,0.0,44.65188830971623,-12.104458205314508,True,False,False,True,True,0.0
2022-05-23 00:00:00+00:00,19.58,20.11,18.71,20.01,2277490,,,,,,,21.853315377048204,,,,,,,,,22.31859506345636,"rgba(239, 83, 80, 0.5)",3.457748280481271,22.31859506345636,-0.7920168969255296,0,,,0.0,0.0,0.0,0.0,44.19847692311298,-12.104458205314508,False,False,False,True,True,0.0
2022-05-24 00:00:00+00:00,18.45,19.43,18.08,19.32,1418057,,,,,,,21.76896001163292,,,,,,,,,22.193942486618024,"rgba(239, 83, 80, 1.0)",3.4368220602576867,22.193942486618024,-1.0893617478518252,0,,,0.0,0.0,0.0,0.0,42.3355387029584,-12.104458205314508,False,False,False,True,True,0.0
2022-05-25 00:00:00+00:00,19.18,19.47,18.24,18.27,1814854,,,,,,,21.677394320647647,,,,,,,,,22.08960292828689,"rgba(239, 83, 80, 0.5)",3.377052326277228,22.08960292828689,-0.861580647017797,0,,,0.0,0.0,0.0,0.0,42.55402664254795,-12.104458205314508,False,False,False,True,True,0.0
2022-05-26 00:00:00+00:00,19.95,20.38,19.28,19.38,1699899,,,,,,,21.623782560356428,,,,,,,,,22.05680755835965,"rgba(239, 83, 80, 0.5)",3.2520720878948683,22.05680755835965,-0.6478354419638436,6,0.17866873031612715,1.0720123818967628,0.0,0.0,0.0,0.0,44.15292937128548,-11.749122188407881,False,False,False,True,True,0.0
2022-05-27 00:00:00+00:00,20.43,20.5,20.01,20.11,770196,,,,,,,21.606404246482924,,,,,,,,,22.052169141430948,"rgba(239, 83, 80, 0.5)",3.042819146837417,22.052169141430948,-0.5331138865472715,6,0.18276624605948003,1.0965974763568802,0.0,0.0,0.0,0.0,46.09331150652082,-9.649609711581903,True,False,False,False,True,0.0
2022-05-31 00:00:00+00:00,20.06,20.83,20.0,20.59,1392877,,,,,,,21.575728821012266,,,,,,,,,22.040622677518957,"rgba(239, 83, 80, 0.5)",3.016263525897179,22.040622677518957,-0.6566477565748596,6,0.18579345577321002,1.11476073463926,0.0,0.0,0.0,0.0,46.71164482907126,-8.812771394858757,True,False,False,False,True,0.0
2022-06-01 00:00:00+00:00,20.08,20.49,19.52,20.19,861034,,,,,,,21.553668875450665,,,,,,,,,22.02607483121184,"rgba(239, 83, 80, 0.5)",3.019777349945401,22.02607483121184,-0.6444431511637863,6,0.1900351497422331,1.1402108984533985,0.0,0.0,0.0,0.0,47.165585974107586,-8.091463093068583,True,False,False,False,True,0.0
2022-06-02 00:00:00+00:00,21.33,21.48,20.27,20.38,1008006,,,,,,,21.545008627720048,,,,,,,,,22.035159683451045,#000000,2.9900433393466384,22.035159683451045,-0.23583594062724628,6,0.19326222249532768,1.1595733349719661,0.0,0.0,0.0,0.0,49.92359984466174,-5.231582934337766,True,False,False,False,True,0.0
2022-06-03 00:00:00+00:00,20.78,21.215,20.62,20.9,910896,,,,,,,21.53515587862168,,,,,,,,,22.037801869374988,#000000,2.919010612340247,22.037801869374988,-0.43090006732335046,6,0.19572495302812923,1.1743497181687754,0.0,0.0,0.0,0.0,50.5749850316742,-4.420539846703676,True,False,False,False,True,0.0
2022-06-06 00:00:00+00:00,21.4,21.53,20.73,21.07,931128,,,,,,,21.530511369266684,,,,,,,,,22.04696715536942,#000000,2.8077517086910815,22.04696715536942,-0.23042178315369055,6,0.19933803484015508,1.1960282090409304,0.0,0.0,0.0,0.0,52.19286759661533,-2.687842706787677,True,False,True,False,True,0.0
2022-06-07 00:00:00+00:00,21.54,21.76,20.885,21.1,720457,,,,,,,21.52898357571647,21.395,,,,,,,,21.961429657314447,#000000,2.7278094237413804,21.961429657314447,-0.15449380504611204,6,0.2032394697974773,1.2194368187848639,0.0,1.0,21.76,152.0,53.53885866366783,-1.2387099320513641,True,False,True,False,True,0.0
2022-06-08 00:00:00+00:00,21.29,21.68,21.04,21.19,688271,,,,,,,21.526934277279693,21.36649972055168,,,,,,,,21.962995873296883,#000000,2.6668085863136235,21.962995873296883,-0.2523600219193752,6,0.20650085448703245,1.2390051269221947,0.0,0.0,0.0,0.0,53.79615611364777,-0.7985175115749072,True,False,True,False,True,0.0
2022-06-09 00:00:00+00:00,20.75,21.21,20.63,21.03,650300,,,,,,,21.520319756032514,21.207585367950312,,,,,,,,21.939112517147837,#000000,2.650213807455024,21.939112517147837,-0.4486855037140309,6,0.2090963473954125,1.254578084372475,0.0,0.0,0.0,0.0,52.609126768556465,-0.7985175115749072,True,False,True,False,True,0.0
2022-06-10 00:00:00+00:00,19.99,20.68,19.85,20.3,630123,,,,,,,21.50743453790197,20.965238993645205,,,,,,,,21.894960508009294,"rgba(239, 83, 80, 0.5)",2.6565442701862683,21.894960508009294,-0.7170821617347737,6,0.21103786462681703,1.2662271877609022,0.0,0.0,0.0,0.0,50.0748474686889,-0.7985175115749072,True,False,False,False,False,0.0
2022-06-13 00:00:00+00:00,18.71,19.47,18.4821,19.1,830854,,,,,,,21.474798542444674,20.474782720327575,,,,,,,,21.793104731452697,"rgba(239, 83, 80, 1.0)",2.662616460253795,21.793104731452697,-1.1579229594182037,6,0.2117281573685682,1.2703689442114092,0.0,0.0,0.0,0.0,45.96008911999323,0.5848773429680563,True,False,False,True,False,0.0
2022-06-14 00:00:00+00:00,18.68,19.24,18.475,18.94,639095,,,,,,,21.449397863434974,20.217176406225708,,,,,,,,21.73167726828128,"rgba(239, 83, 80, 1.0)",2.6637765171525496,21.73167726828128,-1.145620606169837,6,0.2120208397607586,1.2721250385645517,0.0,0.0,0.0,0.0,43.16471666171165,-1.9628959323661235,False,False,False,True,False,0.0
2022-06-15 00:00:00+00:00,18.89,19.15,18.45,18.98,622511,,,,,,,21.42540563557704,20.036581922103938,,,,,,,,21.68292256064518,"rgba(239, 83, 80, 1.0)",2.6687706654684478,21.68292256064518,-1.0465202562300124,6,0.21221112483164106,1.2732667489898464,0.0,0.0,0.0,0.0,41.945561006369815,-3.043855500658289,False,False,False,True,False,0.0
2022-06-16 00:00:00+00:00,17.85,18.38,17.7621,18.29,843668,,,,,,,21.383373497212744,19.730744530549803,,,,,,,,21.5971768912365,"rgba(239, 83, 80, 1.0)",2.70648869960344,21.5971768912365,-1.3845159936509408,6,0.21181029437145385,1.2708617662287232,0.0,0.0,0.0,0.0,39.23177838860026,-5.5747029368562195,False,True,False,True,False,0.0
2022-06-17 00:00:00+00:00,18.4,18.62,17.82,17.95,544826,,,,,,,21.358993661341138,19.60264244159,,,,,,,,21.555170844104,"rgba(239, 83, 80, 1.0)",2.711892374754627,21.555170844104,-1.1634572498067826,6,0.2121647599666284,1.2729885597997703,0.0,0.0,0.0,0.0,39.131979798201066,-5.68341106514584,False,True,False,True,False,0.0
2022-06-21 00:00:00+00:00,18.8,19.2,18.6059,18.87,1024544,,,,,,,21.322739088363498,19.498116893810018,,,,,,,,21.506957260647226,"rgba(239, 83, 80, 0.5)",2.7210810318661998,21.506957260647226,-0.9948094999547706,5,0.2207828450406523,1.1039142252032614,0.0,0.0,0.0,0.0,40.25339454169007,-5.68341106514584,False,False,False,True,False,0.0
2022-06-22 00:00:00+00:00,18.71,18.939,18.3273,18.37,734004,,,,,,,21.29524166035494,19.420413099215384,,,,,,,,21.47035338803915,"rgba(239, 83, 80, 1.0)",2.7439484472345907,21.47035338803915,-1.0059785892920445,5,0.22112184276078994,1.1056092138039497,0.0,0.0,0.0,0.0,40.799314690566916,-5.68341106514584,False,False,False,True,False,0.0
2022-06-23 00:00:00+00:00,19.11,19.3,18.46,18.86,564251,,,,,,,21.27683160394188,19.389602744086908,,,,,,,,21.44946519402626,"rgba(239, 83, 80, 0.5)",2.7668296684860194,21.44946519402626,-0.8455400130599263,5,0.22186494660881664,1.1093247330440832,0.0,0.0,0.0,0.0,42.42381337508853,-5.68341106514584,False,False,False,True,True,0.0
2022-06-24 00:00:00+00:00,19.85,20.05,19.36,19.42,662106,,,,,,,21.262886956177947,19.415908363143974,,,,,,,,21.442410352140122,"rgba(239, 83, 80, 0.5)",2.7798149656484847,21.442410352140122,-0.5728476074193082,4,0.2143581400457218,0.8574325601828872,0.0,0.0,0.0,0.0,45.62462105429003,-9.331671917941797,True,False,False,True,True,0.0
2022-06-27 00:00:00+00:00,19.66,20.14,19.31,19.88,654155,,,,,,,21.248910106082466,19.435076200709577,,,,,,,,21.43411806103666,"rgba(239, 83, 80, 0.5)",2.790509637330801,21.43411806103666,-0.6357684765904096,4,0.21890350699179578,0.8756140279671831,0.0,0.0,0.0,0.0,47.20400297871362,-7.7898185236198785,True,False,False,False,True,0.0
2022-06-28 00:00:00+00:00,19.12,20.16,19.1,19.78,941258,,,,,,,21.22613497415455,19.437258414885942,,,,,,,,21.171016369119002,"rgba(239, 83, 80, 0.5)",2.806972175279413,21.171016369119002,-0.7306863912588795,4,0.22261174654478139,0.8904469861791255,0.0,0.0,0.0,0.0,46.7313378244464,-7.7898185236198785,True,False,False,False,True,0.0
2022-06-29 00:00:00+00:00,18.68,19.16,18.44,19.01,608848,,,,,,,21.205991814888133,19.400957896007004,,,,,,,,21.116148390048792,"rgba(239, 83, 80, 0.5)",2.833121329641305,21.116148390048792,-0.8598814193239044,4,0.22483281576042477,0.8993312630416991,0.0,0.0,0.0,0.0,45.266739590033495,-7.7898185236198785,True,False,False,True,True,0.0
2022-06-30 00:00:00+00:00,18.01,18.47,17.7,18.41,923722,,,,,,,21.167483722058087,19.30011339421372,,,,,,,,21.01934700585787,"rgba(239, 83, 80, 1.0)",2.8692748118550777,21.01934700585787,-1.0488179777775382,4,0.22792796046117442,0.9117118418446977,0.0,0.0,0.0,0.0,42.70940713337589,-7.7898185236198785,True,False,False,True,False,0.0
2022-07-01 00:00:00+00:00,17.63,18.15,17.35,18.08,722575,,,,,,,21.13469249651729,19.21176844950819,,,,,,,,20.95132092030491,"rgba(239, 83, 80, 1.0)",2.9123527036178705,20.95132092030491,-1.1404253736777823,4,0.2318935128042109,0.9275740512168436,0.0,0.0,0.0,0.0,40.18590753653303,-4.829030329251722,False,False,False,True,False,0.0
2022-07-05 00:00:00+00:00,17.96,18.025,17.07,17.3,1503072,,,,,,,21.067951885511327,19.0535976694117,,,,,,,,20.843121059402513,"rgba(239, 83, 80, 0.5)",2.9414320530181506,20.843121059402513,-0.9801759848384713,4,0.23905911214938244,0.9562364485975298,0.0,0.0,0.0,0.0,39.77347362773321,-5.2780232041478,False,False,False,True,False,0.0
2022-07-06 00:00:00+00:00,17.48,18.26,17.26,18.07,776903,,,,,,,21.034276039292266,18.98310551503906,,,,,,,,20.796438793668692,"rgba(239, 83, 80, 1.0)",2.972664815970371,20.796438793668692,-1.1156450521604138,5,0.22074253267849614,1.1037126633924808,0.0,0.0,0.0,0.0,38.383226452247214,-6.715263040580112,False,True,False,True,False,0.0
2022-07-07 00:00:00+00:00,18.51,18.525,17.74,17.77,794007,,,,,,,21.006467959378814,18.947316317848866,,,,,,,,20.771429452896758,"rgba(239, 83, 80, 0.5)",2.9469811274872155,20.771429452896758,-0.7673715422891071,4,0.19857385145855877,0.7942954058342351,0.0,0.0,0.0,0.0,41.07523567448937,-6.715263040580112,False,False,False,True,True,0.0
2022-07-08 00:00:00+00:00,18.29,18.535,17.85,18.41,465815,,,,,,,20.99021700534907,18.926980364208752,,,,,,,,20.756470740071094,"rgba(239, 83, 80, 0.5)",2.926091314087521,20.756470740071094,-0.8429233661288678,4,0.1986835115019502,0.7947340460078008,0.0,0.0,0.0,0.0,42.27986764350827,-6.715263040580112,False,False,False,True,True,0.0
2022-07-11 00:00:00+00:00,17.39,18.09,17.355,17.95,505307,,,,,,,20.96893888786666,18.888000245503523,,,,,,,,20.729433040794785,"rgba(239, 83, 80, 1.0)",2.89080494416785,20.729433040794785,-1.1551914104519692,4,0.19896177185357555,0.7958470874143022,0.0,0.0,0.0,0.0,40.90273913307166,-6.715263040580112,False,False,False,True,True,0.0
2022-07-12 00:00:00+00:00,17.67,17.925,17.24,17.28,437968,,,,,,,20.950712013879215,18.85603702452945,,,,,,,,20.70698034881011,"rgba(239, 83, 80, 1.0)",2.8487879515318184,20.70698034881011,-1.0660605143240292,4,0.20089167876631076,0.803566715065243,0.0,0.0,0.0,0.0,40.96805501166098,-6.715263040580112,False,False,False,True,True,0.0
2022-07-13 00:00:00+00:00,17.55,17.9,17.18,17.3,551114,,,,,,,20.927591991706027,18.815933962033707,,,,,,,,20.678611566932325,"rgba(239, 83, 80, 1.0)",2.7978671091316016,20.678611566932325,-1.1182130690629473,4,0.20555247479372346,0.8222098991748938,0.0,0.0,0.0,0.0,40.71032130400263,-6.715263040580112,False,False,False,True,True,0.0
2022-07-14 00:00:00+00:00,17.05,17.37,16.85,17.18,560581,,,,,,,20.901287104717,18.76391738349516,,,,,,,,20.642895974950903,"rgba(239, 83, 80, 1.0)",2.7695989432237975,20.642895974950903,-1.2972621843828378,4,0.20819524536780393,0.8327809814712157,0.0,0.0,0.0,0.0,39.31166952024746,-6.715263040580112,False,True,False,True,False,0.0
2022-07-15 00:00:00+00:00,17.63,17.63,16.65,17.34,1032209,17.30333333333333,,,,,,20.85644196368503,18.687125094027554,,,,,,,,20.223022354632153,"rgba(239, 83, 80, 0.5)",2.7120703371250507,20.223022354632153,-0.9561043897485734,4,0.21063319666196997,0.8425327866478799,0.0,-1.0,16.65,182.0,40.593091593087784,-6.715263040580112,False,False,False,True,False,0.0
2022-07-18 00:00:00+00:00,18.47,18.89,17.89,17.89,2330970,18.074968325107484,,,,,,20.78965009963955,18.65842155959197,,,,,,,,20.2707580574549,"rgba(239, 83, 80, 0.5)",2.6020092236577637,20.2707580574549,-0.6920644404647772,4,0.21167108584446476,0.846684343377859,0.0,0.0,0.0,0.0,44.15418246319732,-10.226113446126178,True,False,False,True,True,0.0
2022-07-19 00:00:00+00:00,19.14,19.215,18.49,18.68,742308,18.23288036636498,,,,,,20.77373607995438,18.667899473623994,,,,,,,,20.285005410929777,#000000,2.4913347629134432,20.285005410929777,-0.4595951647986368,4,0.21236531123750724,0.849461244950029,0.0,0.0,0.0,0.0,48.33715552787983,-6.332478714438167,True,False,False,False,True,0.0
2022-07-20 00:00:00+00:00,19.35,19.6439,18.97,19.06,1110215,18.464561509872816,,,,,,20.75520104058432,18.69835857416161,,,,,,,,20.313708191990976,#000000,2.4057895034967665,20.313708191990976,-0.40057876659210806,4,0.2145723638834332,0.8582894555337328,0.0,0.0,0.0,0.0,51.65951623311504,-3.358198736932124,True,False,True,False,True,0.0
2022-07-21 00:00:00+00:00,19.54,19.555,18.9,19.17,983269,18.602100082067384,,,,,,20.739291825218974,18.723468640338837,,,,,,,,20.330390397299844,#000000,2.3172007654468514,20.330390397299844,-0.3410970724185072,4,0.2171588321332556,0.8686353285330224,0.0,0.0,0.0,0.0,54.36779287599987,-0.9779535704872018,True,False,True,False,True,0.0
2022-07-22 00:00:00+00:00,19.18,19.93,18.93,19.6,662380,18.673978931335824,,,,,,20.72888561705782,18.73968099598092,,,,,,,,20.338890767038592,"rgba(239, 83, 80, 0.5)",2.1954801071521897,20.338890767038592,-0.52785300275019,4,0.21899030306599188,0.8759612122639675,0.0,0.0,0.0,0.0,54.80049799893697,-0.6606138873645904,True,False,True,False,True,0.0
2022-07-25 00:00:00+00:00,18.96,19.24,18.76,19.24,489339,18.694794705599065,,,,,,20.71932088536031,18.74433821938954,,,,,,,,20.337822543962105,"rgba(239, 83, 80, 0.5)",2.1083450663776575,20.337822543962105,-0.6535090322426858,4,0.21985809746793528,0.8794323898717411,0.0,0.0,0.0,0.0,54.26773521706432,-0.6606138873645904,True,False,True,False,True,0.0
2022-07-26 00:00:00+00:00,17.6,18.525,17.56,18.48,1099768,18.590707019016012,,,,,,20.684897815027977,18.70980780858563,,,,,,,,20.29556290802594,"rgba(239, 83, 80, 1.0)",2.052341945061678,20.29556290802594,-1.3134082819444248,4,0.22086092309021213,0.8834436923608485,0.0,0.0,0.0,0.0,49.81002754889155,-0.6606138873645904,True,False,False,False,False,0.0
2022-07-27 00:00:00+00:00,18.15,18.18,17.59,17.83,783854,18.538301292090484,,,,,,20.661545325776103,18.689067884586436,,,,,,,,20.269792533936183,"rgba(239, 83, 80, 1.0)",1.9830161575441525,20.269792533936183,-1.068973909199722,4,0.22154512251403438,0.8861804900561375,0.0,0.0,0.0,0.0,48.67656138015715,4.390091028426589,True,False,False,False,False,0.0
2022-07-28 00:00:00+00:00,18.86,18.87,17.69,18.2,794745,18.533152955573655,,,,,,20.642603600500927,18.683079145603237,,,,,,,,20.256708783065616,"rgba(239, 83, 80, 0.5)",1.927339079645308,20.256708783065616,-0.7246824379873288,4,0.22178262005800733,0.8871304802320293,0.0,0.0,0.0,0.0,50.01086931466382,4.390091028426589,True,False,False,False,False,0.0
2022-07-29 00:00:00+00:00,19.58,19.64,18.67,18.97,914404,18.596949956493045,,,,,,20.629330842507684,18.70207016773223,,,,,,,,20.26278934050764,#000000,1.8636674393046686,20.26278934050764,-0.3663686589718983,4,0.2214343015620642,0.8857372062482568,0.0,0.0,0.0,0.0,52.721333333581185,4.390091028426589,True,False,True,False,True,0.0
2022-08-01 00:00:00+00:00,19.44,19.87,19.08,19.49,608230,18.642567551466417,,,,,,20.621732403437182,18.717426452421478,,,,,,,,20.26866202198869,#000000,1.8038857257908023,20.26866202198869,-0.45937611797743566,4,0.2211926130250998,0.8847704521003992,0.0,0.0,0.0,0.0,54.06129568077547,4.390091028426589,True,False,True,False,True,0.0
2022-08-02 00:00:00+00:00,19.43,19.635,19.17,19.27,519804,18.675685305023666,,,,,,20.615030540954788,18.72919193365705,,,,,,,,20.272375928592453,#000000,1.7353480633293714,20.272375928592453,-0.4854218853227078,4,0.22142796014545635,0.8857118405818254,0.0,0.0,0.0,0.0,54.91886185786004,-0.7842473108428294,True,False,True,False,True,0.0
2022-08-03 00:00:00+00:00,20.08,20.34,19.67,19.74,671598,18.747061621630372,,,,,,20.610873941091846,18.757064446380923,,,,,,,,20.28701289769223,#000000,1.6773971900934594,20.28701289769223,-0.12341316589465397,4,0.2219628848844993,0.8878515395379972,0.0,0.0,0.0,0.0,57.21123594967614,1.5373857089494152,True,False,True,False,True,0.0
2022-08-04 00:00:00+00:00,20.11,20.53,20.01,20.03,1051677,18.85910044684809,,,,,,20.606536315237264,18.80444907699791,,,,,,,,20.31216383903877,#000000,1.6387761858739245,20.31216383903877,-0.12336269026936206,4,0.22207476079787275,0.888299043191491,0.0,0.0,0.0,0.0,58.8159814692298,3.186328086321666,True,False,True,False,True,0.0
2022-08-05 00:00:00+00:00,20.05,20.34,19.65,19.67,509550,18.90021665281304,,,,,,20.603390552147083,18.823169436558455,,,,,,,,20.320790655244384,#000000,1.5662103456582541,20.320790655244384,-0.17289545813246043,4,0.2219275577851021,0.8877102311404084,0.0,0.0,0.0,0.0,59.616148743921215,4.1068862777991555,True,False,True,False,True,0.0
2022-08-08 00:00:00+00:00,21.45,21.76,20.24,20.28,1765291,19.147361546036592,,,,,,20.613251597331697,18.941644759599576,,,,,,,,20.391154951795034,"rgba(38, 166, 154, 0.5)",1.5069517588840406,20.391154951795034,0.7026403081337409,4,0.22199229829888256,0.8879691931955302,0.0,0.0,0.0,0.0,63.39196470984548,7.804690785056785,True,False,True,False,True,0.0
2022-08-09 00:00:00+00:00,20.46,21.26,20.3,21.15,829443,19.222259621228893,,,,,,20.61375659892525,18.982105652198697,,,,,,,,20.412061108635978,#000000,1.4369270640458716,20.412061108635978,0.033362090925508854,5,0.25104512449441707,1.2552256224720852,0.0,0.0,0.0,0.0,62.04881626771973,7.804690785056785,True,False,True,False,True,0.0
2022-08-10 00:00:00+00:00,21.68,21.7,20.78,21.1,1181135,19.363655096442848,,,,,,20.62289825672211,19.05953396739462,,,,,,,,20.456659858522606,"rgba(38, 166, 154, 0.5)",1.4337172375043896,20.456659858522606,0.853264583473105,5,0.252262338823928,1.26131169411964,0.0,0.0,0.0,0.0,63.60776155650231,8.027608232028896,True,False,True,False,True,0.4901245222255888
2022-08-11 00:00:00+00:00,22.07,24.34,21.64,23.97,3649574,19.921204269055607,,,,,,20.695543808773095,19.387460865741023,22.683333333333337,,,,,,,20.86210662113137,"rgba(38, 166, 154, 0.5)",1.4268821046395674,20.86210662113137,0.8465264053288726,5,0.25642368487768674,1.2821184243884338,0.0,1.0,24.34,271.0,65.31140825216141,9.756804050789832,True,False,True,False,True,1.441212682860968
2022-08-12 00:00:00+00:00,22.72,22.82,22.05,22.21,1397917,20.078888909357385,,,,,,20.719987727200962,19.49273807288701,22.64086723020738,,,,,,,20.914128642856546,"rgba(38, 166, 154, 1.0)",1.4636330584302304,20.914128642856546,1.2338279370925647,5,0.2600958903702742,1.300479451851371,0.0,0.0,0.0,0.0,67.4788979486251,11.915706613629254,True,False,True,False,True,3.0041342012156704
2022-08-15 00:00:00+00:00,21.86,22.6,21.805,22.46,1329406,20.18811563710002,,,,,,20.737110212305357,19.572877566443974,22.52567925120949,,,,,,,20.943015320291405,"rgba(38, 166, 154, 0.5)",1.4758588887354915,20.943015320291405,0.6213227339737489,4,0.26083112664395863,1.0433245065758345,0.0,0.0,0.0,0.0,65.91062543102497,11.915706613629254,True,False,True,False,True,0.828946928892428
2022-08-16 00:00:00+00:00,21.69,21.861,21.13,21.67,991616,20.24158449468922,,,,,,20.744722928573722,19.617618452328486,22.39576803877074,,,,,,,20.95035933085412,"rgba(38, 166, 154, 0.5)",1.4568339978519853,20.95035933085412,0.5077041517677632,4,0.2673474011809892,1.0693896047239568,0.0,0.0,0.0,0.0,64.30763569334117,11.915706613629254,True,False,True,False,False,0.4048135062096314
2022-08-17 00:00:00+00:00,20.71,21.37,20.43,21.19,1151856,20.26735271241929,,,,,,20.745700072823457,19.64868350230382,22.1849954454633,,,,,,,20.939260013181748,#000000,1.4410134696871923,20.939260013181748,-0.15909637071714106,4,0.2750772030476034,1.1003088121904137,0.0,0.0,0.0,0.0,60.29540206064809,15.96624452128836,True,False,True,False,False,0.0
2022-08-18 00:00:00+00:00,20.94,21.045,20.38,20.68,1000268,20.286233315620095,,,,,,20.746089937184436,19.673357238472146,22.038257741087424,,,,,,,20.93199045488853,#000000,1.409991080413968,20.93199045488853,0.005680564382803433,4,0.2817401012291569,1.1269604049166275,0.0,0.0,0.0,0.0,58.192835580976336,13.991370218120956,True,False,True,False,False,0.0
2022-08-19 00:00:00+00:00,19.77,20.72,19.73,20.57,722270,20.280804132659085,,,,,,20.741676795267505,19.679513879789262,21.899702743762102,,,,,,,20.91587224311277,"rgba(239, 83, 80, 0.5)",1.367317687173599,20.91587224311277,-0.8380438970854079,3,0.343089119637167,1.029267358911501,0.0,0.0,0.0,0.0,53.775951435174704,9.870164467121235,True,False,False,False,False,0.0
2022-08-22 00:00:00+00:00,19.1,19.34,18.805,19.27,985988,20.240463903949824,,,,,,20.726943464124446,19.667210032439904,21.652256333800732,,,,,,,20.874461556828358,"rgba(239, 83, 80, 1.0)",1.3059941779322355,20.874461556828358,-1.358705564551474,4,0.3901467329856289,1.5605869319425156,0.0,0.0,0.0,0.0,49.40122239092659,5.896044699841056,False,False,False,False,False,0.0
2022-08-23 00:00:00+00:00,19.14,19.48,19.04,19.21,660683,20.217967794672322,,,,,,20.718034371115106,19.66112678258668,21.51710011451486,,,,,,,20.851346498634427,"rgba(239, 83, 80, 1.0)",1.2950038853467452,20.851346498634427,-1.3214991228973831,5,0.3458174682370536,1.729087341185268,0.0,0.0,0.0,0.0,46.60798885306113,3.43336977944449,False,True,False,True,False,0.0
2022-08-24 00:00:00+00:00,19.27,19.775,18.83,19.09,613188,20.199395464559696,,,,,,20.71025056383889,19.656520573657577,21.407955539224947,,,,,,,20.832301641343474,"rgba(239, 83, 80, 1.0)",1.2940705106317003,20.832301641343474,-1.2072770598727551,4,0.3874569649044178,1.549827859617671,0.0,0.0,0.0,0.0,45.1741749754899,2.159001072513618,False,True,False,True,False,0.0
2022-08-25 00:00:00+00:00,19.51,19.72,19.27,19.27,461106,20.189007150830985,,,,,,20.7053044459647,19.65506678266701,21.34009234627844,,,,,,,20.82079195106242,"rgba(239, 83, 80, 1.0)",1.2887936534143796,20.82079195106242,-1.0170689059414288,4,0.401466746208217,1.605866984832868,0.0,0.0,0.0,0.0,45.03315529463717,1.9464358975370857,False,True,False,True,False,0.0
2022-08-26 00:00:00+00:00,18.56,19.61,18.39,19.59,893412,20.15164329876172,,,,,,20.690754915114834,19.640893665296424,21.179765088550784,,,,,,,20.78816981757435,"rgba(255, 0, 0, 1.0)",1.2887936534143796,20.78816981757435,-1.7288801909221834,4,0.42118626534893067,1.6847450613957227,0.0,0.0,0.0,0.0,42.61570599837674,-0.511279233923716,False,True,False,True,False,0.0
2022-08-29 00:00:00+00:00,18.34,18.69,18.13,18.28,570149,20.120687492095445,,,,,,20.679260720960873,19.62690178788599,21.06938632109168,,,,,,,20.763329906105167,"rgba(255, 0, 0, 1.0)",1.2867078600510762,20.763329906105167,-1.8833567287052806,3,0.41780904378864364,1.2534271313659309,0.0,0.0,0.0,0.0,40.52346469123822,-2.6480465612370523,False,True,False,True,False,0.0
2022-08-30 00:00:00+00:00,18.41,18.81,18.16,18.47,653019,20.08798424955557,,,,,,20.666652586434566,19.61218009796609,20.95639376317545,,,,,,,20.73716023327495,"rgba(255, 0, 0, 1.0)",1.2921268869162947,20.73716023327495,-1.8010307322284709,3,0.430410828646236,1.2912324859387079,0.0,0.0,0.0,0.0,39.408341557523244,-3.8908438574728663,False,True,False,True,False,0.0
2022-08-31 00:00:00+00:00,18.01,18.7406,17.98,18.6,637208,20.053209880351655,,,,,,20.653293653841786,19.595536149626238,20.846411973979166,,,,,,,20.71020102201137,"rgba(255, 26, 202, 1.0)",1.2945953766290426,20.71020102201137,-2.085749007572032,3,0.44349177814552104,1.3304753344365632,0.0,0.0,0.0,0.0,37.7167292993918,-5.716284778760716,False,True,False,True,False,0.0
2022-09-01 00:00:00+00:00,17.86,17.88,17.23,17.79,805058,19.99745282252635,,,,,,20.632565478178137,19.56619766705383,20.690993841344184,,,,,,,20.669042339568694,"rgba(255, 26, 202, 1.0)",1.304610328070498,20.669042339568694,-2.153165799111243,3,0.4523211288015145,1.3569633864045434,0.0,0.0,0.0,0.0,36.238834380413195,-7.346374635067704,False,True,False,True,False,0.0
2022-09-02 00:00:00+00:00,17.73,18.27,17.61,18.27,626315,19.95963036892403,,,,,,20.617778624417173,19.546462151826745,20.587965830508736,,,,,,,20.640929441769465,"rgba(255, 26, 202, 1.0)",1.3089250523971558,20.640929441769465,-2.2239084173982384,3,0.4618273474196668,1.3854820422590004,0.0,0.0,0.0,0.0,34.93914268545059,-8.821638255942553,False,True,False,True,False,0.0
2022-09-06 00:00:00+00:00,17.48,17.87,17.19,17.78,716494,19.910869143852914,,,,,,20.598884978926026,19.519755826199656,20.46465820367908,,,,,,,20.605530007098785,"rgba(255, 26, 202, 1.0)",1.326650214937192,20.605530007098785,-2.355956356775443,3,0.4700293744424792,1.4100881233274376,0.0,0.0,0.0,0.0,33.462950455928954,-10.470051055404411,False,True,False,True,False,0.0
2022-09-07 00:00:00+00:00,18.77,18.93,17.43,17.48,1502430,19.84931651511132,,,,,,20.570882735184604,19.48911429202575,20.302686493139163,,,,,,,20.55807749292115,"rgba(239, 83, 80, 1.0)",1.3162526387472557,20.55807749292115,-1.3584607090497112,3,0.48419265822229035,1.452577974666871,0.0,0.0,0.0,0.0,38.108004229887584,-10.470051055404411,False,True,False,True,True,0.0
2022-09-08 00:00:00+00:00,18.24,18.62,18.03,18.6,1352427,19.795197582986724,,,,,,20.545375759330398,19.46101894613642,20.171752849445266,,,,,,,20.51672455038883,"rgba(255, 0, 0, 1.0)",1.3172610130785323,20.51672455038883,-1.7283776926396421,3,0.49525717035382605,1.4857715110614782,0.0,0.0,0.0,0.0,39.64116536894035,-16.550006246661404,False,True,False,True,True,0.0
2022-09-09 00:00:00+00:00,19.09,19.63,18.79,18.79,2406034,19.75869259626496,,,,,,20.518469319039717,19.449311250413597,20.067532151913888,,,,,,,20.482129498227728,"rgba(239, 83, 80, 1.0)",1.3171122110802411,20.482129498227728,-1.0569558815994584,3,0.504054382443179,1.5121631473295372,0.0,0.0,0.0,0.0,43.50183053429299,-12.856593596216506,False,True,False,True,True,0.0
2022-09-12 00:00:00+00:00,19.99,20.05,19.3,19.42,1231606,19.759310961752792,,,,,,20.511147651509802,19.455983726438472,20.05299376721199,,,,,,,20.413681899669264,#000000,1.3156514503236956,20.413681899669264,-0.32203202418469207,3,0.5219344443147181,1.5658033329441543,0.0,0.0,0.0,0.0,48.47493078650119,-8.237443052308556,False,False,False,False,True,0.0
2022-09-13 00:00:00+00:00,18.34,19.36,18.285,19.01,1488807,19.722108790742006,,,,,,20.48924383077332,19.437070647533925,19.972851736392755,,,,,,,20.330496927309078,"rgba(255, 0, 0, 1.0)",1.3204490363727648,20.330496927309078,-1.5074394183185706,3,0.5389440660968886,1.6168321982906657,0.0,0.0,0.0,0.0,47.32412294191519,-8.237443052308556,False,False,False,False,True,0.0
2022-09-14 00:00:00+00:00,18.38,18.67,17.93,18.44,1127375,19.687191296796534,,,,,,20.47002202499082,19.417404525504494,19.904050160065268,,,,,,,20.283333325323955,"rgba(239, 83, 80, 1.0)",1.3226324011109716,20.283333325323955,-1.4390493713334205,3,0.557337080771442,1.6720112423143259,0.0,0.0,0.0,0.0,46.66831500641015,-8.237443052308556,False,False,False,True,True,0.0
2022-09-15 00:00:00+00:00,17.89,18.62,17.745,18.15,1495257,19.635726083869184,,,,,,20.4422330493649,19.38682451643109,19.808511038544474,,,,,,,20.22619801923993,"rgba(255, 0, 0, 1.0)",1.3255772157649135,20.22619801923993,-1.7624005538537006,3,0.5603568500303572,1.6810705500910714,0.0,0.0,0.0,0.0,45.08647061077769,-8.237443052308556,False,True,False,True,True,0.0
2022-09-16 00:00:00+00:00,17.24,17.555,16.92,17.5,1563262,19.557831134791932,,,,,,20.403674858749778,19.3364798746363,19.67472826858924,,,,,,,20.144652195768984,"rgba(255, 26, 202, 1.0)",1.34237100979127,20.144652195768984,-2.1638222030887273,3,0.5639894765188657,1.691968429556597,0.0,0.0,0.0,0.0,42.64170228525511,-8.237443052308556,False,True,False,True,False,0.0
2022-09-19 00:00:00+00:00,17.64,17.795,16.77,16.95,1650405,19.48632174412978,,,,,,20.366010971884332,19.289770472700305,19.55632228303412,,,,,,,20.079370312496437,"rgba(255, 0, 0, 1.0)",1.3507650418182668,20.079370312496437,-1.8059175629928919,3,0.5620822433953566,1.68624673018607,0.0,0.0,0.0,0.0,42.321004373992686,-8.237443052308556,False,True,False,True,False,0.0
2022-09-20 00:00:00+00:00,17.61,18.23,17.38,17.5,1968783,19.419861491608568,,,,,,20.327288291921864,19.246388473004288,19.4500595444683,,,,,,,20.025044753010263,"rgba(255, 0, 0, 1.0)",1.3392434061443077,20.025044753010263,-1.803290381666464,3,0.5612831346349794,1.683849403904938,0.0,0.0,0.0,0.0,42.03526298537547,-8.237443052308556,False,True,False,True,False,0.0
2022-09-21 00:00:00+00:00,17.67,18.27,17.39,17.68,2037934,19.357582890895465,,,,,,20.288941565599025,19.205001424709664,19.354506760478223,,,,,,,19.975431618865525,"rgba(255, 0, 0, 1.0)",1.3358247713753197,19.975431618865525,-1.7258488300766641,3,0.5705225361194189,1.7115676083582567,0.0,0.0,0.0,0.0,42.06455033371205,-8.237443052308556,False,True,False,True,False,0.0
2022-09-22 00:00:00+00:00,17.18,17.69,17.03,17.69,1554831,19.29975729026937,,,,,,20.255046255172044,19.164934503145044,19.2687385119005,,,,,,,19.927374744304753,"rgba(255, 26, 202, 1.0)",1.326284955725537,19.927374744304753,-2.0714814960724763,3,0.5719134243527325,1.7157402730581977,0.0,0.0,0.0,0.0,40.79385565203768,-3.642071139848923,False,True,False,True,False,0.0
2022-09-23 00:00:00+00:00,16.58,16.87,16.22,16.8,1488776,19.227875832390584,,,,,,20.215318914792505,19.11344369653992,19.164496130793466,,,,,,,19.86618119646042,"rgba(255, 26, 202, 1.0)",1.3235598734998146,19.86618119646042,-2.482835315769251,3,0.5757497650067571,1.7272492950202714,0.0,0.0,0.0,0.0,38.542382636561946,-6.079102668401106,False,True,False,True,False,0.0
2022-09-26 00:00:00+00:00,16.14,17.08,16.13,16.38,1119501,19.174196115435517,,,,,,20.18514851884756,19.074483911610766,19.088243789331727,,,,,,,19.820996442476382,"rgba(255, 26, 202, 1.0)",1.335272256882508,19.820996442476382,-2.7567385029555633,3,0.5775481333351012,1.7326444000053036,0.0,0.0,0.0,0.0,36.11558491428077,-8.581930511657411,False,True,False,True,False,0.0
2022-09-27 00:00:00+00:00,16.56,16.76,16.01,16.42,1476574,19.10632302804568,,,,,,20.14601701067155,19.02468150301646,18.99374946272918,,,,,,,19.764472479827116,"rgba(255, 26, 202, 1.0)",1.3446306569477395,19.764472479827116,-2.3831618469127784,3,0.5898394416417948,1.7695183249253845,0.0,0.0,0.0,0.0,36.305845853089174,-8.581930511657411,False,True,False,True,False,0.0
2022-09-28 00:00:00+00:00,16.88,17.03,16.53,16.61,1275090,19.058143453516404,,,,,,20.116189327947943,18.98911786737187,18.928492998343682,,,,,,,19.725167687881388,"rgba(255, 26, 202, 1.0)",1.35685225283969,19.725167687881388,-2.0968883545919432,3,0.5873574966436412,1.7620724899309237,0.0,0.0,0.0,0.0,37.74189620620942,-8.581930511657411,False,True,False,True,False,0.0
2022-09-29 00:00:00+00:00,16.03,16.64,15.69,16.6,2113436,18.959262055689006,,,,,,20.057774311539465,18.914623974927544,18.79575980571159,,,,,,,19.643175467833483,"rgba(255, 26, 202, 1.0)",1.3942181121131119,19.643175467833483,-2.591542482802252,3,0.5743657440382551,1.7230972321147653,0.0,0.0,0.0,0.0,36.62193571317503,-8.581930511657411,False,True,False,True,False,0.0
2022-09-30 00:00:00+00:00,15.24,15.87,15.08,15.65,1869492,18.856270301361715,,,,,,19.998273557124982,18.83564060272795,18.659359032545762,,,,,,,19.210663713624708,"rgba(255, 26, 202, 1.0)",1.452624180236965,19.210663713624708,-2.733441841080311,3,0.5546770218040394,1.6640310654121184,0.0,0.0,0.0,0.0,34.32120854997112,-10.905818199661667,False,True,False,True,False,0.0
2022-10-03 00:00:00+00:00,16.01,16.0909,15.23,15.49,1352350,18.79319409951642,,,,,,19.95964986332745,18.786758812156,18.578048817882667,,,,,,,19.176256070560072,"rgba(255, 26, 202, 1.0)",1.4859011037381307,19.176256070560072,-2.1308659523804208,3,0.5433680385726051,1.630104115717815,0.0,0.0,0.0,0.0,35.7609854107961,-10.905818199661667,False,True,False,True,False,0.0
2022-10-04 00:00:00+00:00,16.91,17.07,16.45,16.48,2618395,18.717539955681225,,,,,,19.904823576591873,18.72742816523439,18.486482232039542,,,,,,,19.166741704404263,"rgba(255, 0, 0, 1.0)",1.4969801072297342,19.166741704404263,-1.5075295212710076,3,0.5388367303821563,1.6165101911464688,0.0,0.0,0.0,0.0,39.590434109168854,-15.295189243813859,False,True,False,True,True,0.0
2022-10-05 00:00:00+00:00,17.33,17.42,16.46,16.52,2086763,18.668928947417513,,,,,,19.866034710951748,18.688708463564513,18.430335216674518,,,,,,,19.151058024222714,"rgba(239, 83, 80, 1.0)",1.5047105974180175,19.151058024222714,-1.2102380533157198,3,0.5355450581872517,1.606635174561755,0.0,0.0,0.0,0.0,43.32470891815189,-11.845408160352143,False,True,False,True,True,0.0
2022-10-06 00:00:00+00:00,17.56,17.725,17.14,17.23,2461164,18.628778665087193,,,,,,19.828061119196892,18.65616416054877,18.38766786104971,,,,,,,19.14216199472217,"rgba(239, 83, 80, 1.0)",1.5099577346271869,19.14216199472217,-1.0478187292525847,3,0.5370078664783263,1.6110235994349789,0.0,0.0,0.0,0.0,46.452198053897575,-9.032493843127739,False,False,False,False,True,0.0
2022-10-07 00:00:00+00:00,16.92,17.25,16.7,17.14,1860893,18.58731652758705,,,,,,19.79399007176718,18.622393067919344,18.340922642411645,,,,,,,19.11400857016022,"rgba(239, 83, 80, 1.0)",1.522986480511211,19.11400857016022,-1.4405962221173292,3,0.534070226327376,1.602210678982128,0.0,0.0,0.0,0.0,46.668054388741695,-8.900727718576377,False,False,False,False,True,0.0
2022-10-10 00:00:00+00:00,16.62,17.0,16.35,16.99,876431,18.565029933610656,,,,,,19.7765548296486,18.604166772646032,18.315403214096577,,,,,,,19.096450730721248,"rgba(255, 0, 0, 1.0)",1.539211217205513,19.096450730721248,-1.6089089678136066,3,0.5322417171781963,1.596725151534589,0.0,0.0,0.0,0.0,45.99550657640516,-8.900727718576377,False,False,False,True,True,0.0
2022-10-11 00:00:00+00:00,16.42,17.0,16.04,16.58,1000757,18.53799125431651,,,,,,19.755809824908127,18.581982978268567,18.284302140568702,,,,,,,19.07412966229317,"rgba(255, 0, 0, 1.0)",1.5520702593923368,19.07412966229317,-1.7100576769844866,3,0.5254598467773506,1.5763795403320517,0.0,0.0,0.0,0.0,45.00039668087353,-8.900727718576377,False,False,False,True,True,0.0
2022-10-12 00:00:00+00:00,16.45,16.54,16.12,16.45,1476311,18.497167317103482,,,,,,19.72460491010805,18.548317652572834,18.237450736702034,,,,,,,19.039697819945765,"rgba(255, 0, 0, 1.0)",1.5649995193275943,19.039697819945765,-1.6547594986217218,3,0.5238500914800209,1.571550274440063,0.0,0.0,0.0,0.0,44.45144011889487,-8.900727718576377,False,False,False,True,True,0.0
2022-10-13 00:00:00+00:00,16.57,16.85,15.43,15.76,919458,18.471505179607036,,,,,,19.704964629429675,18.527049828426797,18.208111630642787,,,,,,,19.017804441747135,"rgba(255, 0, 0, 1.0)",1.5789443046280076,19.017804441747135,-1.5502791546050299,3,0.5209642525124001,1.5628927575372003,0.0,0.0,0.0,0.0,44.57308898869937,-8.900727718576377,False,False,False,True,True,0.0
2022-10-14 00:00:00+00:00,16.34,17.05,16.22,16.9,846352,18.45107829059297,,,,,,19.688406994598733,18.509993871398645,18.185326764558283,,,,,,,19.001199717045377,"rgba(255, 0, 0, 1.0)",1.5976298097522825,19.001199717045377,-1.6657173650621886,3,0.5154448465496616,1.546334539648985,0.0,0.0,0.0,0.0,43.88282281362426,-8.900727718576377,False,False,False,True,False,0.0
2022-10-17 00:00:00+00:00,17.44,17.52,16.77,16.785,1237805,18.432713773793473,,,,,,19.669860635172654,18.494315828632477,18.166913524432182,,,,,,,18.989485446012964,"rgba(239, 83, 80, 0.5)",1.6010210705885708,18.989485446012964,-0.9678107768084134,3,0.5137729723190197,1.5413189169570591,0.0,0.0,0.0,0.0,47.516811226136724,-7.214758480002558,False,False,False,False,True,0.0
2022-10-18 00:00:00+00:00,17.59,18.24,17.36,17.86,1362590,18.421145024132503,,,,,,19.65379717972384,18.484041818236857,18.15771019621062,,,,,,,18.888677273082042,"rgba(239, 83, 80, 0.5)",1.6012962316891046,18.888677273082042,-0.8110162550699008,3,0.5126563909009197,1.5379691727027591,0.0,0.0,0.0,0.0,50.40741332917763,-4.427355534267761,True,False,False,False,True,0.0
2022-10-19 00:00:00+00:00,17.37,17.74,17.135,17.46,1619325,18.40183768144793,,,,,,19.63197997848868,18.467232592087857,18.139571767848775,,,,,,,18.864067013577515,"rgba(239, 83, 80, 0.5)",1.6050553356911827,18.864067013577515,-0.9308507814991472,3,0.512428770251642,1.5372863107549262,0.0,0.0,0.0,0.0,51.44106415869937,-3.4172092202397053,True,False,True,False,True,0.0
2022-10-20 00:00:00+00:00,17.49,17.91,17.34,17.48,1271528,18.389638104575297,,,,,,19.61639742120796,18.456411945279292,18.12904297658743,,,,,,,18.857811993267777,"rgba(239, 83, 80, 0.5)",1.6049768654839993,18.857811993267777,-0.8522315945378436,3,0.5141670515010119,1.5425011545030358,0.0,0.0,0.0,0.0,52.56136280620715,-2.2716393352576603,True,False,True,False,True,0.0
2022-10-21 00:00:00+00:00,17.89,17.99,17.39,17.39,1173107,18.381086509823234,,,,,,19.603458583183937,18.448626059261027,18.122689051857883,,,,,,,18.856911536588914,"rgba(239, 83, 80, 0.5)",1.6060880457842015,18.856911536588914,-0.6020289728990551,3,0.5156465083893821,1.5469395251681464,0.0,0.0,0.0,0.0,54.70299892357308,-0.1566733643855187,True,False,True,False,True,0.0
2022-10-24 00:00:00+00:00,17.04,18.01,17.01,17.77,1905656,18.359015081080223,,,,,,19.57831206003561,18.429180276254844,18.101938961602254,,,,,,,18.836429284984344,"rgba(239, 83, 80, 1.0)",1.613804714845561,18.836429284984344,-1.1131639835097775,3,0.5152408456771504,1.5457225370314513,0.0,0.0,0.0,0.0,52.63283946411852,-0.1566733643855187,True,False,True,False,True,0.0
2022-10-25 00:00:00+00:00,17.95,18.12,17.04,17.08,1584185,18.34751472766714,,,,,,19.56105316998806,18.418623318911987,18.093197825611966,,,,,,,18.831713979123215,"rgba(239, 83, 80, 0.5)",1.6103973322033518,18.831713979123215,-0.547513313324266,3,0.522845234674376,1.568535704023128,0.0,0.0,0.0,0.0,54.22670071611678,-0.1566733643855187,True,False,True,False,True,0.0
2022-10-26 00:00:00+00:00,17.57,18.19,17.56,17.68,1577979,18.337655552897317,,,,,,19.54481087141149,18.409408276781758,18.086360260567226,,,,,,,18.82807048090769,"rgba(239, 83, 80, 0.5)",1.6110508349499397,18.82807048090769,-0.7809005486451845,3,0.5272408236104763,1.581722470831429,0.0,0.0,0.0,0.0,53.87877508721522,-0.1566733643855187,True,False,True,False,True,0.0
2022-10-27 00:00:00+00:00,16.79,17.875,16.69,17.68,1874138,18.313286278347462,,,,,,19.518907074349016,18.387875995388217,18.062392094093646,,,,,,,18.802938756778126,"rgba(239, 83, 80, 1.0)",1.6188298187215624,18.802938756778126,-1.2434529766493945,3,0.5333125591118536,1.5999376773355607,0.0,0.0,0.0,0.0,51.117660395095854,-0.1566733643855187,True,False,False,False,False,0.0
2022-10-28 00:00:00+00:00,17.4,17.42,16.535,16.78,1423684,18.295415521792354,,,,,,19.49959599741284,18.371993076712908,18.04496336247447,,,,,,,18.785193395800476,"rgba(239, 83, 80, 0.5)",1.615421089777338,18.785193395800476,-0.857481312189261,3,0.5431613647846403,1.6294840943539208,0.0,0.0,0.0,0.0,51.25932250044984,-0.1566733643855187,True,False,False,False,False,0.0
2022-10-31 00:00:00+00:00,16.36,17.23,16.32,17.02,1974984,18.26170193930206,,,,,,19.467999974631685,18.342389683100723,18.009796917435686,,,,,,,18.74844998967653,"rgba(239, 83, 80, 1.0)",1.6301144822451366,18.74844998967653,-1.4652038342650313,3,0.5480110812819803,1.6440332438459409,0.0,0.0,0.0,0.0,48.43075991791389,3.2685158291209717,True,False,False,False,False,0.0
2022-11-01 00:00:00+00:00,16.4,16.91,16.25,16.76,2871560,18.211709495333334,,,,,,19.421442430699912,18.298281898553622,17.957602107342908,,,,,,,18.69549989218809,"rgba(239, 83, 80, 1.0)",1.6459461858903381,18.69549989218809,-1.3946384832420207,3,0.5501231640390948,1.6503694921172842,0.0,0.0,0.0,0.0,46.68137272875821,1.5537781653149807,True,False,False,True,False,0.0
2022-11-02 00:00:00+00:00,14.86,16.35,14.75,15.39,7382062,18.01299656580403,,,,,,19.26142204214677,18.123826306195475,17.739672317680128,,,,,,,18.480339481059428,"rgba(255, 26, 202, 1.0)",1.6916855180239607,18.480339481059428,-2.1400783079873538,3,0.5385531804198652,1.6156595412595958,0.0,0.0,0.0,0.0,42.17084414707965,-2.6921554596352166,False,False,False,True,False,0.0
2022-11-03 00:00:00+00:00,15.3,15.54,14.51,14.77,2461724,17.94811201246878,15.116666666666667,,,,,19.208188514526316,18.066211283779406,17.66933853390167,,,,,,,18.17791417809793,"rgba(255, 0, 0, 1.0)",1.72180260663536,18.17791417809793,-1.6714541881904625,3,0.5283187364803695,1.5849562094411085,0.0,0.0,0.0,0.0,40.680220519892146,-4.017508408864764,False,True,False,True,False,0.0
2022-11-04 00:00:00+00:00,16.04,16.54,15.61,15.77,2136321,17.91216865263015,15.556502266361756,,,,,19.173522785566895,18.033454642136764,17.632817024943055,,,,,,,18.17783363627409,"rgba(239, 83, 80, 1.0)",1.7334069665580023,18.17783363627409,-1.2333131673741642,3,0.52300254614579,1.5690076384373701,0.0,0.0,0.0,0.0,42.008563125192964,-4.017508408864764,False,False,False,True,False,0.0
2022-11-07 00:00:00+00:00,16.43,16.575,15.88,16.19,1974444,17.884159237640596,15.778354660362815,,,,,19.144492883315326,18.007568275980084,17.605278312612214,,,,,,,18.169933956750135,"rgba(239, 83, 80, 0.5)",1.7412614977664058,18.169933956750135,-0.9992375981333229,3,0.5199088205964245,1.5597264617892734,0.0,0.0,0.0,0.0,44.01699662688935,-4.017508408864764,False,False,False,True,True,0.0
2022-11-08 00:00:00+00:00,16.65,16.92,16.22,16.55,1371116,17.868857861631497,15.919600440438149,,,,,19.12677368084264,17.99312831179702,17.591063665127127,,,,,,,18.167724124689926,"rgba(239, 83, 80, 0.5)",1.7472294465063372,18.167724124689926,-0.8686461458880995,3,0.5174174175016298,1.5522522525048896,0.0,0.0,0.0,0.0,45.98647421425899,-9.528985795195943,True,False,False,True,True,0.0
2022-11-09 00:00:00+00:00,16.2,16.46,16.07,16.41,1276693,17.851066385827455,15.964426271255007,,,,,19.108221527522204,17.976610606695452,17.573606837050324,,,,,,,18.155635290911228,"rgba(239, 83, 80, 1.0)",1.7603226362754887,18.155635290911228,-1.110952759801456,3,0.5132469194084973,1.5397407582254918,0.0,0.0,0.0,0.0,46.03967264408126,-9.370626376220848,True,False,False,True,True,0.0
2022-11-10 00:00:00+00:00,17.34,17.36,16.88,17.08,1556207,17.84240687733856,16.141889537161322,,,,,19.09332054454289,17.967700348778877,17.567696177331985,,,,,,,18.162960158969746,#000000,1.7625224859597157,18.162960158969746,-0.46692179278588536,3,0.5129007468436414,1.5387022405309243,0.0,0.0,0.0,0.0,49.202305199398594,-6.248231985259871,True,False,False,False,True,0.0
2022-11-11 00:00:00+00:00,18.86,19.015,17.47,17.49,2243954,17.85369554443683,16.539383495108225,,,,,19.08616367245195,17.97545690598963,17.587000626554953,,,,,,,18.207256866714474,#000000,1.7625224859597157,18.207256866714474,0.37034598904994903,3,0.5127122855792283,1.538136856737685,0.0,0.0,0.0,0.0,54.327482669049544,-1.4266919970867917,True,False,True,False,True,1.0330307534136338
2022-11-14 00:00:00+00:00,18.32,18.76,18.07,18.62,1471503,17.86008811049879,16.72661678476202,,,,,19.081086508644933,17.979728198488807,17.598285680293152,,,,,,,18.2294459361805,#000000,1.7541481030881259,18.2294459361805,0.05162281546243568,4,0.4885003628431957,1.9540014513727828,0.0,0.0,0.0,0.0,56.158490231292575,0.2007104246690261,True,False,True,False,True,0.0
2022-11-15 00:00:00+00:00,18.89,19.48,18.53,19.35,1632053,17.87470572391139,16.95335188330367,,,,,19.080177057445376,17.99105947418049,17.61946033320673,,,,,,,18.309450201514082,#000000,1.749515680729161,18.309450201514082,0.331834578495437,4,0.49080222814919994,1.9632089125967997,0.0,0.0,0.0,0.0,58.43450186904961,2.3111558507919554,True,False,True,False,True,1.100106370400617
2022-11-16 00:00:00+00:00,18.41,18.66,18.19,18.51,1152573,17.879745678865,17.051196377818737,,,,,19.07649202180473,17.994509424631087,17.628114117257333,,,,,,,18.306773104422692,#000000,1.7427479802090218,18.306773104422692,0.05923225661402107,4,0.49302357878067227,1.972094315122689,0.0,0.0,0.0,0.0,58.523611445957734,2.447956038718985,True,False,True,False,True,0.0
2022-11-17 00:00:00+00:00,17.86,18.18,17.65,17.86,1398517,17.879933341271194,17.11451085835037,,,,,19.06855483243905,17.993563784390336,17.631591018361036,,,,,,,18.293581331179155,#000000,1.7266830984644013,18.293581331179155,-0.2511064894101032,4,0.4939165699826696,1.9756662799306783,0.0,0.0,0.0,0.0,57.03779655520088,2.447956038718985,True,False,True,False,True,0.0
2022-11-18 00:00:00+00:00,18.11,18.41,17.76,18.38,1446498,17.882353493113463,17.18487626375162,,,,,19.061815902936964,17.994551257988142,17.63769250658103,,,,,,,18.29530848031501,#000000,1.7094249388673737,18.29530848031501,-0.10840398785675433,5,0.45091488972320504,2.254574448616025,0.0,0.0,0.0,0.0,56.62885218788366,2.447956038718985,True,False,True,False,True,0.0
2022-11-21 00:00:00+00:00,17.46,18.0,17.18,18.0,1372169,17.878780558863642,17.20797307409173,,,,,19.051948672237824,17.990385204675334,17.63656561924341,,,,,,,18.28369782577551,#000000,1.6935309134925933,18.28369782577551,-0.4863789726027402,5,0.45051207607769,2.25256038038845,0.0,0.0,0.0,0.0,54.53322110796714,2.447956038718985,True,False,True,False,False,0.0
2022-11-22 00:00:00+00:00,17.94,17.96,17.25,17.59,1037524,17.87748630238367,17.231397461705416,,,,,19.045405774439917,17.98847354887556,17.63730846419153,,,,,,,18.28040421672678,#000000,1.6436901244533069,18.28040421672678,-0.20709756155528222,5,0.4507093688388383,2.2535468441941915,0.0,0.0,0.0,0.0,54.35656985014609,2.447956038718985,True,False,True,False,False,0.0
2022-11-23 00:00:00+00:00,17.92,18.13,17.7965,17.94,1215192,17.878147270721907,17.26811119940487,,,,,19.03914834613559,17.98815192359696,17.640655864204913,,,,,,,18.28228230090217,#000000,1.6165555975592372,18.28228230090217,-0.22410754164543598,5,0.45069536204287675,2.2534768102143836,0.0,0.0,0.0,0.0,54.17817594075213,2.447956038718985,True,False,True,False,False,0.0
2022-11-25 00:00:00+00:00,18.33,18.38,17.845,17.88,458189,17.87921539092755,17.285467694707652,,,,,19.037314519826186,17.988752292951922,17.642852369286295,,,,,,,18.28479332661615,#000000,1.5553873014968842,18.28479332661615,0.029064576610817277,5,0.45105534388521457,2.2552767194260728,0.0,0.0,0.0,0.0,55.145768329548815,2.447956038718985,True,False,True,False,False,0.0
2022-11-28 00:00:00+00:00,17.26,18.02,17.225,17.86,1530823,17.874875069689416,17.29832784348468,,,,,19.026377657485323,17.98383903036239,17.640974290239303,,,,,,,18.27655119831688,"rgba(239, 83, 80, 0.5)",1.4757290822926903,18.27655119831688,-0.688846760909236,5,0.45048433621305,2.25242168106525,0.0,0.0,0.0,0.0,52.58494434000955,2.447956038718985,True,False,False,False,False,0.0
2022-11-29 00:00:00+00:00,17.75,17.99,17.23,17.31,2542957,17.870786052893294,17.330551674466065,,,,,19.01036231685439,17.978447172565396,17.641313551058172,,,,,,,18.27079928553459,#000000,1.357559747660695,18.27079928553459,-0.3836289978632728,6,0.48369937424558546,2.9021962454735126,0.0,0.0,0.0,0.0,52.24780433037696,6.869954372469749,True,False,False,False,False,0.0
2022-11-30 00:00:00+00:00,18.76,18.82,17.75,17.95,1335284,17.87636485512799,17.38072701518303,,,,,19.006902215081805,17.982435593845675,17.650316033413766,,,,,,,18.282059586420296,#000000,1.2741048792165206,18.282059586420296,0.3751185804057226,6,0.4838362494702613,2.903017496821568,0.0,0.0,0.0,0.0,54.4550442009962,6.869954372469749,True,False,True,False,False,1.003710105468091
2022-12-01 00:00:00+00:00,18.71,19.09,18.58,18.79,895850,17.882320322402222,17.422205230020946,,,,,19.006031434211298,17.987076358498012,17.65885948456192,,,,,,,18.293089143413336,#000000,1.190720169696736,18.293089143413336,0.35013336231034636,7,0.458301176656345,3.208108236594415,0.0,0.0,0.0,0.0,55.76685250601797,6.869954372469749,True,False,True,False,True,0.8677013811652365
2022-12-02 00:00:00+00:00,19.15,19.16,18.09,18.25,1037833,17.889173457475426,17.46753130417241,,,,,19.00506282183634,17.99243056976231,17.668655905299122,,,,,,,18.305210255462566,"rgba(38, 166, 154, 0.5)",1.1490561265586998,18.305210255462566,0.7352032028822543,7,0.45769672255075083,3.203877057855256,0.0,0.0,0.0,0.0,57.65416430708157,3.1801855129624954,True,False,True,False,True,2.0400933651958937
2022-12-05 00:00:00+00:00,18.22,19.12,18.19,19.05,1707374,17.896708167557417,17.52105392509075,,,,,19.001263273158226,17.997978552363893,17.680372798594007,,,,,,,18.31776501424584,#000000,1.0835077669685538,18.31776501424584,-0.09023010007521083,7,0.458869288326566,3.2120850182859617,0.0,0.0,0.0,0.0,55.94061498027497,3.1801855129624954,True,False,True,False,True,0.0
2022-12-06 00:00:00+00:00,18.1,18.359,17.75,18.32,878569,17.897781616977465,17.53517483346037,,,,,18.997598601808466,17.99837180524585,17.683142688301903,,,,,,,18.319291855051592,#000000,1.0544815215447731,18.319291855051592,-0.20796178080990624,7,0.4591441420260217,3.214008994182152,0.0,0.0,0.0,0.0,54.444945075320994,3.1801855129624954,True,False,True,False,False,0.0
2022-12-07 00:00:00+00:00,17.89,18.1,17.77,17.96,959541,17.897931208126394,17.545697059920673,,,,,18.99298871829091,17.99790506194254,17.68496909523483,,,,,,,18.31924278175322,#000000,1.0395809446794613,18.31924278175322,-0.41289981694073,7,0.4591533131177807,3.2140731918244647,0.0,0.0,0.0,0.0,52.80637214843449,7.313161547920139,True,False,False,False,False,0.0
2022-12-08 00:00:00+00:00,18.75,18.88,17.9,18.04,1112130,17.902670460900566,17.575318081966014,,,,,18.990605773743116,18.001415596900863,17.69227726860807,,,,,,,18.32643271668114,#000000,1.032383544901741,18.32643271668114,0.41028093232459845,7,0.4597325779247305,3.2181280454731134,0.0,0.0,0.0,0.0,54.13973051189822,7.313161547920139,True,False,True,False,False,0.9786367805613594
2022-12-09 00:00:00+00:00,18.42,18.9,18.3,18.49,1049001,17.90729143671156,17.602481641243426,,,,,18.988518508386704,18.004875769650045,17.699301506954548,,,,,,,18.333215059963372,#000000,1.0175563910708387,18.333215059963372,0.08528759761933229,8,0.43747109923339705,3.4997687938671764,0.0,0.0,0.0,0.0,53.942330616205425,7.313161547920139,True,False,True,False,False,0.06669594111524901
2022-12-12 00:00:00+00:00,18.52,18.53,17.96,18.27,1051914,17.91039074503414,17.62264298553456,,,,,18.985504659190862,18.006999619840183,17.704553745130628,,,,,,,18.337434621554,#000000,0.9975686298051236,18.337434621554,0.1830103443425888,8,0.4391220951480793,3.5129767611846345,0.0,0.0,0.0,0.0,54.10127696347119,7.313161547920139,True,False,True,False,False,0.3437733947653534
2022-12-13 00:00:00+00:00,18.74,19.8208,18.55,19.26,1389702,17.921032053159404,17.672155762812498,,,,,18.98581688924379,18.01563642017471,17.718902790662884,,,,,,,18.39549498985956,#000000,1.000358440264843,18.39549498985956,0.3443815699193087,8,0.43978878094388196,3.5183102475510557,0.0,0.0,0.0,0.0,54.867201514267514,7.313161547920139,True,False,True,False,False,0.9583822448762831
2022-12-14 00:00:00+00:00,19.39,19.6,18.66,18.69,1454555,17.93371633005526,17.72675028511884,,,,,18.987274549555277,18.02608628785341,17.73559749948774,,,,,,,18.417877802886206,"rgba(38, 166, 154, 0.5)",1.0193624045018592,18.417877802886206,0.9536571025383753,8,0.4389661474944442,3.5117291799555534,0.0,0.0,0.0,0.0,57.17571495467159,7.313161547920139,True,False,True,False,True,2.7515700961987655
2022-12-15 00:00:00+00:00,18.45,19.09,18.355,18.88,1138277,17.93902286389489,17.751107872185955,,,,,18.985526010448773,18.0301817170721,17.743346095689876,,,,,,,18.415263098073122,#000000,1.0198449802709646,18.415263098073122,0.03406096279225449,8,0.43916201171422625,3.51329609371381,0.0,0.0,0.0,0.0,55.32786960969475,7.313161547920139,True,False,True,False,True,0.06871455157241613
2022-12-16 00:00:00+00:00,18.35,18.87,18.12,18.14,1175962,17.94297919737515,17.7699267167795,,,,,18.982802530654556,18.033071388928633,17.749573650446358,,,,,,,18.411805548060237,#000000,1.022803900960453,18.411805548060237,-0.060427563878273485,8,0.43912676669718015,3.513014133577441,0.0,0.0,0.0,0.0,53.771059690865044,7.313161547920139,True,False,True,False,False,0.0
2022-12-19 00:00:00+00:00,17.85,18.38,17.73,18.35,1005690,17.943268449484666,17.774828280055523,,,,,18.978515416640413,18.032797664906916,17.75135552680579,,,,,,,18.402236195381896,"rgba(239, 83, 80, 0.5)",1.0227602292260816,18.402236195381896,-0.5399468806093186,8,0.43950908828423285,3.516072706273863,0.0,0.0,0.0,0.0,51.14482375111083,5.289735089795371,False,False,False,False,False,0.0
2022-12-20 00:00:00+00:00,17.93,18.18,17.7,17.77,821924,17.94323291870594,17.777765193175973,,,,,18.974863727647065,18.032336460865274,17.75248680256875,,,,,,,18.395604049396056,#000000,1.0235639555842477,18.395604049396056,-0.4548851557891079,8,0.44141227864105115,3.531298229128409,0.0,0.0,0.0,0.0,49.68772870135126,3.9263614975524987,False,False,False,False,False,0.0
2022-12-21 00:00:00+00:00,18.29,18.551,18.03,18.22,1141478,17.94580805646566,17.79036568073066,,,,,18.971547771067634,18.034044099214164,17.75700842924999,,,,,,,18.39492481211256,#000000,1.0273270135613555,18.39492481211256,-0.10213380036491594,8,0.44302423830959814,3.544193906476785,0.0,0.0,0.0,0.0,50.03991122210968,3.9263614975524987,False,False,False,False,False,0.0
2022-12-22 00:00:00+00:00,17.99,18.02,17.49,18.0,996962,17.94508394354416,17.791268836172087,,,,,18.966752449986522,18.03289048707195,17.75756476436851,,,,,,,18.38787510452582,#000000,1.0185961368914525,18.38787510452582,-0.39061124435446376,8,0.4446741616664669,3.557393293331735,0.0,0.0,0.0,0.0,49.19203621298725,3.3447406083871414,False,True,False,False,False,0.0
2022-12-23 00:00:00+00:00,17.3,17.99,17.08,17.87,1274115,17.941098159567176,17.782515628351025,,,,,18.958665343252804,18.028688720257765,17.754787656263055,,,,,,,18.37347183014163,"rgba(239, 83, 80, 1.0)",1.015488663267752,18.37347183014163,-1.0570987830502128,8,0.4479182827045738,3.5833462616365903,0.0,0.0,0.0,0.0,46.42028748365419,0.6451308942644118,False,True,False,True,False,0.0
2022-12-27 00:00:00+00:00,17.24,17.45,16.99,17.2,1274385,17.935313938526487,17.768342364850028,,,,,18.94943727004991,18.022881569993988,17.749956978584418,,,,,,,18.35704647925031,"rgba(239, 83, 80, 1.0)",0.9990481596126017,18.35704647925031,-1.118110742212334,8,0.4514194936806858,3.6113559494454863,0.0,0.0,0.0,0.0,44.39320285215115,-1.2802902410120467,False,True,False,True,False,0.0
2022-12-28 00:00:00+00:00,16.8,17.47,16.77,17.09,977278,17.929624944571916,17.75386223204162,,,,,18.94155885650599,18.017306933958174,17.744825977965544,,,,,,,18.264773770599756,"rgba(255, 0, 0, 1.0)",0.9582593641645833,18.264773770599756,-1.5285775703081752,8,0.45401944032647035,3.6321555226117628,0.0,0.0,0.0,0.0,41.751769503748065,-3.7511852409696544,False,True,False,True,False,0.0
2022-12-29 00:00:00+00:00,17.59,17.84,16.88,16.99,1589375,17.924727205578293,17.74426785754722,,,,,18.931665147966847,18.01213893875988,17.741374160655237,,,,,,,18.26847792696313,"rgba(239, 83, 80, 0.5)",0.9527195403279106,18.26847792696313,-0.712148642117289,7,0.42939779349198987,3.0057845544439292,0.0,0.0,0.0,0.0,43.36426637389609,-3.7511852409696544,False,True,False,True,False,0.0
2022-12-30 00:00:00+00:00,17.81,17.8699,17.23,17.32,976494,17.922979292891558,17.74230410110082,,,,,18.926455280349746,18.01009670165659,17.740658259398344,,,,,,,18.26992523472221,#000000,0.94735976404037,18.26992523472221,-0.48548107295657844,7,0.43589055798782933,3.0512339059148053,0.0,0.0,0.0,0.0,45.267613477313425,-3.7511852409696544,False,True,False,True,True,0.0
2023-01-03 00:00:00+00:00,17.68,18.4,17.53,18.09,1125939,17.922611240588537,17.744935076773377,,,,,18.921577381730135,18.00922363382674,17.7416696335331,,,,,,,18.275013576022577,"rgba(239, 83, 80, 0.5)",0.9462919573094615,18.275013576022577,-0.6287843528907775,7,0.4516754833853627,3.1617283836975387,0.0,0.0,0.0,0.0,46.05632180011007,-3.7511852409696544,False,True,False,True,True,0.0
2023-01-04 00:00:00+00:00,18.54,18.745,17.845,18.05,1475518,17.926707674632976,17.761543619628725,,,,,18.91830007758419,18.01220014397816,17.748110537980295,,,,,,,18.292866397772478,#000000,0.9546830991590468,18.292866397772478,0.25886454096151273,7,0.47340719478314036,3.3138503634819827,0.0,0.0,0.0,0.0,49.654527831716365,-5.2850257424887985,False,True,False,False,True,0.763245560582348
2023-01-05 00:00:00+00:00,18.95,19.3,18.32,18.46,2831126,17.94253188388762,17.814133652250334,,,,,18.91759694176117,18.025124716887166,17.769273499686182,,,,,,,18.336613395300354,"rgba(38, 166, 154, 0.5)",0.9701633929442561,18.336613395300354,0.632250824098956,8,0.4691481270510377,3.7531850164083016,0.0,0.0,0.0,0.0,53.268766834649405,-1.95914800918397,True,False,True,False,True,1.960961588761574
2023-01-06 00:00:00+00:00,19.48,19.595,18.685,19.02,1657648,17.95546260581328,17.853493374366312,,,,,18.919824675335658,18.036033204607445,17.78567848358895,,,,,,,18.365463156172613,"rgba(38, 166, 154, 1.0)",0.9976550524122579,18.365463156172613,1.1171565173077789,8,0.49181123915533226,3.934489913242658,0.0,0.0,0.0,0.0,57.090770140889454,1.4893239966229643,True,False,True,False,True,3.4829468029188533
2023-01-09 00:00:00+00:00,20.45,20.7,19.52,19.6,2539566,17.989226841259605,17.948793127915227,,,,,18.932942244929773,18.065396068507866,17.82627329236155,,,,,,,18.435131578582528,"rgba(0, 255, 255, 0.75)",1.0545642027196627,18.435131578582528,1.910617121481307,8,0.5070290940917607,4.056232752734085,0.0,0.0,0.0,0.0,61.72653003545283,5.634969556457136,True,False,True,False,True,6.161834237556139
2023-01-10 00:00:00+00:00,21.21,21.325,20.165,20.4,1990596,18.022803063961927,18.03897475614464,,,,,18.94833682854273,18.094912245700915,17.86587873251531,,,,,,,18.498412228902573,"rgba(0, 255, 0, 1.0)",1.1362958947212907,18.498412228902573,2.3863394945755063,7,0.5441193023762905,3.8088351166340333,0.0,0.0,0.0,0.0,66.10037044452551,9.47317610118391,True,False,True,False,True,8.163422917842613
2023-01-11 00:00:00+00:00,21.86,22.315,20.97,21.21,3238979,18.09082633019056,18.21309443380138,,,,,18.9831254004191,18.155225835192965,17.944922008805886,,,,,,,18.61726882570515,"rgba(0, 255, 0, 1.0)",1.2330782984426358,18.61726882570515,2.6297852929456167,7,0.5309900463068555,3.716930324147989,0.0,0.0,0.0,0.0,69.94708604585634,12.811452839478669,True,False,True,False,True,9.817479586232057
2023-01-12 00:00:00+00:00,22.32,22.37,21.43,21.93,2580518,18.147954368033428,18.35225896032677,,,,,19.013445289014488,18.206115994111094,18.01084188909064,,,,,,,18.708637214378648,"rgba(0, 255, 0, 1.0)",1.33333896395211,18.708637214378648,2.708510651272817,6,0.4331292341699944,2.5987754050199663,0.0,0.0,0.0,0.0,73.10447894180487,15.550859150500273,True,False,True,False,True,10.961919224228627
2023-01-13 00:00:00+00:00,22.21,22.335,21.47,21.85,1914961,18.18891943327903,18.44824063545187,,,,,19.035303523593786,18.242690260008516,18.05799120195506,,,,,,,18.769822928936627,"rgba(0, 255, 0, 1.0)",1.422906238008061,18.769822928936627,2.4177117080316606,6,0.4106703927065067,2.46402235623904,0.0,0.0,0.0,0.0,74.66679408991078,16.902535679823217,True,False,True,False,True,10.595211557817418
2023-01-17 00:00:00+00:00,22.01,22.395,21.72,22.22,1088939,18.212048492498237,18.501143657423942,,,,,19.047743010663748,18.263375408214873,18.08455389848576,,,,,,,18.80315529533523,"rgba(0, 255, 0, 1.0)",1.499054873416448,18.80315529533523,2.1392443742610663,6,0.3934300179691292,2.360580107814775,0.0,0.0,0.0,0.0,74.68721382157035,16.990650793303203,True,False,True,False,True,9.923085265030661
2023-01-18 00:00:00+00:00,21.31,22.6799,21.29,22.2,2795321,18.26589376117163,18.619816230989656,,,,,19.07624834249606,18.311574277862093,18.146405612853844,,,,,,,18.875915959974467,"rgba(0, 255, 255, 0.75)",1.5348213735313747,18.875915959974467,1.5859070521184493,6,0.38363725951691624,2.3018235571014976,0.0,0.0,0.0,0.0,71.42149410498271,16.990650793303203,True,False,True,False,True,7.606451662937186
2023-01-19 00:00:00+00:00,20.52,21.21,20.49,20.82,2886246,18.304065437059986,18.696646908471763,,,,,19.094109239478627,18.34565280130707,18.19070195767587,,,,,,,18.918378546353082,"rgba(38, 166, 154, 1.0)",1.5301654741819473,18.918378546353082,1.0466982039986044,6,0.3796022773219408,2.277613663931645,0.0,0.0,0.0,0.0,66.20584497732145,24.14215069951524,True,False,True,False,False,5.090425436219519
2023-01-20 00:00:00+00:00,21.14,21.14,20.07,20.64,2973315,18.342854167511575,18.771741489924093,,,,,19.11258630671196,18.380390966610793,18.235528938951635,,,,,,,18.960349685596146,"rgba(38, 166, 154, 1.0)",1.5537953881088047,18.960349685596146,1.4027910824582936,6,0.37067059890804743,2.2240235934482846,0.0,0.0,0.0,0.0,64.32315601870876,22.354513080922246,True,False,True,False,False,6.755027324650367
2023-01-23 00:00:00+00:00,21.83,21.86,20.87,21.19,2237874,18.379831011230383,18.844217930817994,,,,,19.132243904422342,18.413708057033094,18.277722253717087,,,,,,,19.003954487632324,"rgba(0, 255, 255, 0.75)",1.6065413244069096,19.003954487632324,1.759086722161331,6,0.358398115976822,2.150388695860932,0.0,0.0,0.0,0.0,64.60525749457645,22.354513080922246,True,False,True,False,False,8.551780405918581
2023-01-24 00:00:00+00:00,21.5,21.72,21.11,21.53,3135452,18.428984096337658,18.93683092579861,,,,,19.15838481206494,18.458092965568927,18.333691961249077,,,,,,,19.059535435341026,"rgba(38, 166, 154, 1.0)",1.6493941229957902,19.059535435341026,1.479612744239906,6,0.3492273293855659,2.0953639763133953,0.0,0.0,0.0,0.0,63.534533768151746,21.209396355185532,True,False,True,False,False,7.491873613705675
2023-01-25 00:00:00+00:00,22.27,22.325,21.05,21.27,2552909,18.473507424821673,19.01985844668627,,,,,19.183236181412315,18.498449279857596,18.38404246309931,,,,,,,19.11084118105186,"rgba(0, 255, 255, 0.75)",1.712952911108695,19.11084118105186,1.8442765113160053,6,0.3368326116067224,2.0209956696403344,0.0,0.0,0.0,0.0,64.48691359617581,21.209396355185532,True,False,True,False,False,9.471100361469215
2023-01-26 00:00:00+00:00,22.19,22.955,21.735,22.5,2881072,18.528299609807508,19.12080360035217,,,,,19.214939208409433,18.548269972493863,18.44566501696578,,,,,,,19.17450599189436,"rgba(0, 255, 255, 0.75)",1.764248016312655,19.17450599189436,1.709223408627171,6,0.3263103902341738,1.957862341405043,0.0,0.0,0.0,0.0,64.79914215625995,21.209396355185532,True,False,True,False,False,9.209358587090602
2023-01-27 00:00:00+00:00,22.85,22.985,22.04,22.15,2087931,18.570447900374283,19.197403496672358,,,,,19.239945796068735,18.586691337581456,18.49286891127196,,,,,,,19.2234922406355,"rgba(0, 255, 255, 0.75)",1.827792327588905,19.2234922406355,1.9840917945794938,6,0.31386323389712045,1.8831794033827227,0.0,0.0,0.0,0.0,66.35417494034819,21.209396355185532,True,False,True,False,False,10.881886969181565
2023-01-30 00:00:00+00:00,23.07,23.3,22.44,22.44,2365039,18.620744832622588,19.28775294430474,,,,,19.270399393198602,18.6326384384834,18.549002931627765,,,,,,,19.281922340749983,"rgba(0, 255, 0, 1.0)",1.8896642344392802,19.281922340749983,2.0046300237957637,6,0.3021398146980244,1.8128388881881465,0.0,0.0,0.0,0.0,67.80908647958516,21.209396355185532,True,False,True,False,True,11.431558958397037
2023-01-31 00:00:00+00:00,24.19,24.24,23.0,23.2,2999092,18.695457506223896,19.42219593883435,,,,,19.317332328277068,18.701069425327024,18.631947846263706,,,,,,,19.370540214676943,"rgba(0, 255, 0, 1.0)",1.9846291504623568,19.370540214676943,2.4283931253354183,6,0.2867500997345273,1.7205005984071637,0.0,0.0,0.0,0.0,70.60475341889003,21.209396355185532,True,False,True,False,True,14.141819866393714
2023-02-01 00:00:00+00:00,24.65,24.73,23.05,24.23,3820333,18.79357242663173,19.594461714559966,,,,,19.380062542801323,18.79118173999628,18.740454988370224,,,,,,,19.744003662315134,"rgba(0, 255, 0, 1.0)",2.088811826576754,19.744003662315134,2.3487019152534434,6,0.27168242997873127,1.6300945798723876,0.0,0.0,0.0,0.0,73.08682687726181,16.917716207401497,True,False,True,False,True,15.210162709497823
2023-02-02 00:00:00+00:00,18.81,23.44,18.65,23.1,15767573,18.897799736912567,19.686806714580765,,,,,19.426902423256895,18.887697015505072,18.857655665336747,,,,,,,19.621973724331912,#000000,2.0701602584088903,19.621973724331912,-0.3922274717784364,6,0.2718019564726412,1.6308117388358472,0.0,0.0,0.0,0.0,61.18348356809953,18.12534142828453,False,False,True,False,False,0.0
2023-02-03 00:00:00+00:00,21.39,21.69,18.4053,18.85,9527676,18.961899206962837,19.74604830650891,,,,,19.458786280286134,18.947515528970598,18.92878260251436,,,,,,,19.693980138631414,"rgba(38, 166, 154, 0.5)",2.086474391740156,19.693980138631414,0.8128639719148802,7,0.28874470283752657,2.021212919862686,0.0,0.0,0.0,0.0,57.46603438263797,15.061480283220646,False,False,True,False,False,4.393338625389443
2023-02-06 00:00:00+00:00,20.99,21.49,20.72,20.95,4002116,18.99679033153616,19.785491225412514,,,,,19.478695967700464,18.9801321606575,18.967091675788108,,,,,,,19.729082272332025,"rgba(38, 166, 154, 0.5)",2.0966058112883292,19.729082272332025,0.601409058812615,8,0.35504182099860254,2.8403345679888203,0.0,0.0,0.0,0.0,54.432161021578565,12.523325677509511,False,True,True,False,False,3.436793795493987
2023-02-07 00:00:00+00:00,21.35,21.9,20.04,21.67,5306076,19.041949576645,19.835433784769155,,,,,19.504829205404405,19.022458748523764,19.016511035999233,,,,,,,19.769209087177188,"rgba(38, 166, 154, 0.5)",2.108934208432202,19.769209087177188,0.7495686240482512,8,0.3512701426284308,2.8101611410274465,0.0,0.0,0.0,0.0,52.95911159579903,11.292524932427597,False,True,False,False,False,4.219950302192903
2023-02-08 00:00:00+00:00,20.32,21.09,20.0,20.95,4063594,19.06508827033926,19.85341985834675,,,,,19.5166222092798,19.044293828157972,19.041891653398764,,,,,,,19.77617280460897,#000000,2.1086005179132927,19.77617280460897,0.25790906848928047,8,0.349857188033264,2.798857504266112,0.0,0.0,0.0,0.0,50.454879207643486,8.933723123307573,False,True,False,False,False,1.7672559227875126
2023-02-09 00:00:00+00:00,19.58,20.85,19.52,20.69,3183593,19.076598469545523,19.856242024013337,,,,,19.52104746243132,19.05526145523468,19.05459710370733,,,,,,,19.770602787735932,#000000,2.1062322964209215,19.770602787735932,-0.0904946657877296,8,0.3499085584723248,2.7992684677785986,0.0,0.0,0.0,0.0,47.765824081002734,6.3342259394486575,False,True,False,True,False,0.06350490444969736
2023-02-10 00:00:00+00:00,19.48,19.72,19.15,19.44,1945411,19.079436912823454,19.85091996344701,,,,,19.520638179820033,19.058058784398124,19.057831277989386,,,,,,,19.760385006750656,#000000,2.094913617088572,19.760385006750656,-0.13384084406321436,8,0.34975074126167294,2.7980059300933835,0.0,0.0,0.0,0.0,45.833163957742535,4.38680267954625,False,True,False,True,False,0.0
2023-02-13 00:00:00+00:00,19.85,20.19,19.5,19.63,1374603,19.08353582912154,19.85088095264413,,,,,19.52195987714956,19.06198787345857,19.062364146319837,,,,,,,19.75761771763542,#000000,2.093565001239387,19.75761771763542,0.04412678006648562,8,0.34928029503743874,2.79424236029951,0.0,0.0,0.0,0.0,45.29436235065866,3.6450479525566166,False,True,False,True,False,0.690468105446822
2023-02-14 00:00:00+00:00,20.03,20.12,19.3,19.45,1201698,19.086943985466224,19.850608797619444,,,,,19.52300063149993,19.065260703461075,19.066134430792577,,,,,,,19.755146539562123,#000000,2.0897654681116182,19.755146539562123,0.13152359182499318,8,0.34859755409000975,2.788780432720078,0.0,0.0,0.0,0.0,45.312938759406485,3.2922692398239306,False,True,False,True,False,1.108190529808784
2023-02-15 00:00:00+00:00,20.35,20.36,19.8,19.85,1653950,19.093829653496165,19.854067634121968,,,,,19.526130190858467,19.071815566517305,19.073676565694658,,,,,,,19.756043739461408,#000000,2.078010205560712,19.756043739461408,0.28582932795478055,8,0.34797962317125886,2.783836985370071,0.0,0.0,0.0,0.0,46.021422252584465,3.2922692398239306,False,True,False,True,False,1.854097498591564
2023-02-16 00:00:00+00:00,19.96,20.59,19.88,20.04,1531293,19.099971037052477,19.856939123659583,,,,,19.528881901843963,19.077669663345393,19.080400444464047,,,,,,,19.75670622862881,#000000,2.070672154439526,19.75670622862881,0.09817767189041839,8,0.3487901362572936,2.790321090058349,0.0,0.0,0.0,0.0,45.72315719314433,2.8048728948972155,False,True,False,True,False,0.9012447000203778
2023-02-17 00:00:00+00:00,20.11,20.215,19.305,19.42,2502109,19.10732714723794,19.85725400242261,,,,,19.53139715008282,19.084739246922393,19.088495944100583,,,,,,,19.753647672313413,#000000,2.0478583231541596,19.753647672313413,0.17401219784468502,8,0.3503525599570269,2.8028204796562153,0.0,0.0,0.0,0.0,45.893810052907774,2.4616981263741238,False,True,False,True,False,1.260052756390536
2023-02-21 00:00:00+00:00,18.87,19.84,18.81,19.51,1899907,19.10779844572019,19.849064259202457,,,,,19.529441557319082,19.085330497350764,19.08914586266725,,,,,,,19.74312697403927,#000000,2.0221309338204505,19.74312697403927,-0.43178557799402945,8,0.35213586236383015,2.8170868989106412,0.0,0.0,0.0,0.0,43.61589174189305,-0.16565973596242145,False,True,False,True,False,0.0
2023-02-22 00:00:00+00:00,18.82,19.04,18.54,18.87,1272001,19.106334038813884,19.840720652218476,,,,,19.526784025532027,19.084061286157997,19.087670421258323,,,,,,,19.73343961244775,#000000,1.9574124950239098,19.73343961244775,-0.4666566780225811,9,0.3618213494677579,3.256392145209821,0.0,0.0,0.0,0.0,42.008271931665945,-2.0547122649258824,False,True,False,True,False,0.0
2023-02-23 00:00:00+00:00,18.43,19.01,18.1,18.93,1291108,19.10348411368273,19.83009066815693,,,,,19.523050125690887,19.08149601355452,19.084711023205458,,,,,,,19.721655055731727,"rgba(239, 83, 80, 0.5)",1.9042089180559088,19.721655055731727,-0.678315831568752,9,0.36490950411480944,3.284185537033285,0.0,0.0,0.0,0.0,40.22008355178335,-4.054241440146512,False,True,False,True,False,0.0
2023-02-24 00:00:00+00:00,18.3,18.655,17.89,18.01,1237784,19.099714997745963,19.818293287459394,,,,,19.51868077417238,19.078064255920538,19.080763558498834,,,,,,,19.63759944133111,"rgba(239, 83, 80, 0.5)",1.8692514279520962,19.63759944133111,-0.7155802699033095,9,0.37036496764184046,3.333284708776564,0.0,0.0,0.0,0.0,38.78475788736026,-5.67576760174326,False,True,False,True,False,0.0
2023-02-27 00:00:00+00:00,18.53,18.65,18.3,18.49,939491,19.09761146741553,19.81067526977318,,,,,19.515948834139238,19.076166191009996,19.078579997003256,,,,,,,19.634396054948077,"rgba(239, 83, 80, 0.5)",1.8405091344174096,19.634396054948077,-0.6000492115447494,9,0.37388440158517217,3.3649596142665494,0.0,0.0,0.0,0.0,38.62475464907871,-6.105617429619066,False,True,False,True,False,0.0
2023-02-28 00:00:00+00:00,18.81,18.99,18.51,18.6,672569,19.096799892072497,19.806409329604445,,,,,19.514528711722956,19.0754563707217,19.077761028902696,,,,,,,19.634686609387195,#000000,1.8140388664549214,19.634686609387195,-0.4546135282089282,9,0.37553793780443373,3.3798414402399035,0.0,0.0,0.0,0.0,39.49652741516452,-6.105617429619066,False,True,False,True,False,0.0
2023-03-01 00:00:00+00:00,18.83,19.16,18.64,18.82,1071626,19.09593442426102,19.800376218043212,,,,,19.512599701518294,19.07472474303859,19.076914244435546,,,,,,,19.63407843798403,#000000,1.7763441757245908,19.63407843798403,-0.4526591462243172,9,0.3765562264674773,3.3890060382072953,0.0,0.0,0.0,0.0,40.15065645215064,-6.105617429619066,False,True,False,True,False,0.0
2023-03-02 00:00:00+00:00,19.02,19.02,18.52,18.58,546250,19.09544920638342,19.797254006663962,,,,,19.511584977536028,19.074310179386718,19.07643536661366,,,,,,,19.63258150440221,#000000,1.7600672386828662,19.63258150440221,-0.34804437633907226,9,0.37727041387570537,3.3954337248813484,0.0,0.0,0.0,0.0,41.31775124949878,-6.105617429619066,False,True,False,True,True,0.0
2023-03-03 00:00:00+00:00,19.41,19.42,18.99,19.17,734851,19.095926540119418,19.794940641646175,,,,,19.511092674593183,19.07481027064361,19.07700107095703,,,,,,,19.634761970319893,#000000,1.7586833014943308,19.634761970319893,-0.12780127617571366,9,0.378861886428467,3.4097569778562034,0.0,0.0,0.0,0.0,43.56062476835051,-6.105617429619066,False,True,False,True,True,0.0
2023-03-06 00:00:00+00:00,19.16,19.59,18.96,19.5,1387235,19.09663588785267,19.79032564148343,,,,,19.510026368806578,19.075574407377978,19.07786238442682,,,,,,,19.635500719801243,#000000,1.7539531360910552,19.635500719801243,-0.2711022945920703,9,0.38128981116765076,3.4316083005088567,0.0,0.0,0.0,0.0,44.221073952443795,-10.080127193948435,False,True,False,True,True,0.0
2023-03-07 00:00:00+00:00,18.82,19.34,18.75,19.2,1060737,19.096149721136154,19.785172977844745,,,,,19.508426660740163,19.075194661914274,19.077419296539677,,,,,,,19.631420180218203,#000000,1.7542885624549924,19.631420180218203,-0.46253518240048414,9,0.3843721701109011,3.45934953099811,0.0,0.0,0.0,0.0,43.56324000374151,-10.080127193948435,False,True,False,True,True,0.0
2023-03-08 00:00:00+00:00,18.71,18.79,18.51,18.71,824431,19.094881942894915,19.77975522361523,,,,,19.506500738746023,19.0740650433571,19.07612264386103,,,,,,,19.625354102818235,"rgba(239, 83, 80, 0.5)",1.752164602083045,19.625354102818235,-0.5224133062213585,10,0.3587710007496182,3.587710007496182,0.0,0.0,0.0,0.0,42.77124654459806,-10.080127193948435,False,True,False,True,True,0.0
2023-03-09 00:00:00+00:00,17.99,18.81,17.91,18.67,1316892,19.090822987395676,19.76787275826742,,,,,19.501858517394684,19.07035254394691,19.071876706148956,,,,,,,19.610176588241377,"rgba(239, 83, 80, 0.5)",1.750603427495903,19.610176588241377,-0.9254960676953032,10,0.36108740201426387,3.6108740201426386,0.0,0.0,0.0,0.0,40.14205907143123,-10.080127193948435,False,True,False,True,False,0.0
2023-03-10 00:00:00+00:00,17.42,18.0,17.27,17.93,1729087,19.081395967448717,19.745806368822006,,,,,19.49259795514247,19.061630886302215,19.061924359217834,,,,,,,19.58087686888568,"rgba(239, 83, 80, 1.0)",1.7597020427559098,19.58087686888568,-1.2279788375431337,10,0.36334227745478875,3.6334227745478875,0.0,0.0,0.0,0.0,37.02177898372423,-8.842495568471556,False,True,False,True,False,0.0
2023-03-13 00:00:00+00:00,17.39,17.71,16.98,17.11,1439317,19.072597821838485,19.72609192040453,,,,,19.48415117985784,19.053472617048243,19.05262893795882,,,,,,,19.38412360668866,"rgba(239, 83, 80, 1.0)",1.7608024071761033,19.38412360668866,-1.132508451011688,10,0.3632645012800509,3.6326450128005088,-1.0,0.0,16.98,348.0,34.87220507308158,-10.82461634802565,False,True,False,True,False,0.0
2023-03-14 00:00:00+00:00,17.89,18.27,17.67,17.9,1512997,19.066563054065835,19.710739830810745,,,,,19.477762510500177,19.047905780211014,19.046296492752067,,,,,,,19.38306566735887,"rgba(239, 83, 80, 0.5)",1.761399699358707,19.38306566735887,-0.8476586364256037,10,0.36363054660867566,3.636305466086757,0.0,0.0,0.0,0.0,35.991879755798664,-10.82461634802565,False,True,False,True,False,0.0
2023-03-15 00:00:00+00:00,17.6,17.695,17.22,17.34,1305516,19.059395506969775,19.694470927651867,,,,,19.470729730209058,19.041258569103825,19.038741735471543,,,,,,,19.36293203658748,"rgba(239, 83, 80, 0.5)",1.7655912109897827,19.36293203658748,-0.9984938900999553,10,0.3639739104851799,3.639739104851799,0.0,0.0,0.0,0.0,35.90045530389301,-10.82461634802565,False,True,False,True,False,0.0
2023-03-16 00:00:00+00:00,18.43,18.44,17.29,17.44,1657035,19.05356827195723,19.679249630809633,,,,,19.464345149558277,19.03588571237329,19.032649081030634,,,,,,,19.354848160997403,"rgba(239, 83, 80, 0.5)",1.7647583812364194,19.354848160997403,-0.5240650339620083,10,0.36492154657423903,3.6492154657423903,0.0,0.0,0.0,0.0,39.51419666656149,-14.971696693136018,False,True,False,True,True,0.0
2023-03-17 00:00:00+00:00,18.19,18.43,17.895,18.3,1178932,19.049948935956568,19.66936663624243,,,,,19.460215634494716,19.032554633679492,19.028878264533656,,,,,,,19.349728539921024,"rgba(239, 83, 80, 0.5)",1.7522535091591063,19.349728539921024,-0.6618497459751518,10,0.36520214593144135,3.6520214593144136,0.0,0.0,0.0,0.0,41.1174360914046,-13.477819195351486,False,True,False,True,True,0.0
2023-03-20 00:00:00+00:00,18.09,18.51,17.865,18.32,1286419,19.045959052555634,19.65861098982995,,,,,19.45568172066819,19.02887922055317,19.024721884923714,,,,,,,19.342932041105605,"rgba(239, 83, 80, 0.5)",1.7481498276234395,19.342932041105605,-0.7167189112210888,10,0.3667294622189334,3.667294622189334,0.0,0.0,0.0,0.0,41.84410022333183,-12.76001021024343,False,True,False,True,True,0.0
2023-03-21 00:00:00+00:00,18.65,18.97,18.38,18.4,1421683,19.044099442509307,19.65088565083452,,,,,19.45266432286641,19.027210397573853,19.02284966107424,,,,,,,19.343754293066276,#000000,1.74881272466379,19.343754293066276,-0.3967001630775827,10,0.3672110084785823,3.672110084785823,0.0,0.0,0.0,0.0,44.68826636180164,-10.03111536767122,False,True,False,True,True,0.0
2023-03-22 00:00:00+00:00,18.19,19.0,18.18,18.75,1465133,19.04114625252833,19.64137704765556,,,,,19.44875436906004,19.024514193308868,19.01981503714866,,,,,,,19.339559015764305,"rgba(239, 83, 80, 0.5)",1.7529486920948827,19.339559015764305,-0.6557858886277551,10,0.36792458290570085,3.6792458290570087,0.0,0.0,0.0,0.0,44.88210411812637,-9.802386331817075,False,True,False,True,True,0.0
2023-03-23 00:00:00+00:00,18.12,18.72,17.75,18.4,1764231,19.036064896097677,19.62765724308718,,,,,19.44286351373578,19.019830070138926,19.014536535471755,,,,,,,19.32892032012807,"rgba(239, 83, 80, 0.5)",1.759567924031159,19.32892032012807,-0.6870552160091894,10,0.3701038039506196,3.701038039506196,0.0,0.0,0.0,0.0,44.75954190919584,-9.780807268209074,False,True,False,True,True,0.0
2023-03-24 00:00:00+00:00,17.76,18.09,17.72,17.92,1051023,19.031852262040868,19.617694244703504,,,,,19.438430062876456,19.015922435169156,19.01013004209661,,,,,,,19.319018930291413,"rgba(239, 83, 80, 0.5)",1.76475445041805,19.319018930291413,-0.8834197471053825,10,0.3706539940253578,3.7065399402535784,0.0,0.0,0.0,0.0,43.398011241444834,-9.780807268209074,False,True,False,True,True,0.0
2023-03-27 00:00:00+00:00,18.03,18.23,17.66,17.96,2353765,19.023452197865954,19.597235240938698,,,,,19.429316419560845,19.00813701414629,19.001368266575057,,,,,,,19.300478717018684,"rgba(239, 83, 80, 0.5)",1.7655002914979432,19.300478717018684,-0.7196139944790054,10,0.3739854081627697,3.739854081627697,0.0,0.0,0.0,0.0,43.80399795733966,-9.780807268209074,False,True,False,True,True,0.0
2023-03-28 00:00:00+00:00,18.02,18.355,17.9,18.1,2083605,19.01695221748256,19.580833760173725,,,,,19.421990948837486,19.002118652787345,18.99461345930239,,,,,,,19.286995107367126,"rgba(239, 83, 80, 0.5)",1.7640049641408486,19.286995107367126,-0.7182491733996968,10,0.3773071829160557,3.773071829160557,0.0,0.0,0.0,0.0,44.034514147469395,-9.780807268209074,False,True,False,True,True,0.0
2023-03-29 00:00:00+00:00,18.04,18.25,17.795,18.21,1787297,19.0110717028933,19.56646047346774,,,,,19.415474737012353,18.996664028063982,18.98849783238284,,,,,,,19.274791636982222,"rgba(239, 83, 80, 0.5)",1.7697516189547156,19.274791636982222,-0.6977203036613348,10,0.38719587416429546,3.8719587416429544,0.0,0.0,0.0,0.0,44.29740698620504,-9.507262067932615,False,True,False,True,True,0.0
2023-03-30 00:00:00+00:00,18.28,18.76,18.21,18.25,1313622,19.008484395154955,19.5586895460626,,,,,19.412054116082594,18.994285999531755,18.985850161974795,,,,,,,19.270227509770514,"rgba(239, 83, 80, 0.5)",1.7709245816448305,19.270227509770514,-0.5591584870603535,10,0.39595838182543297,3.9595838182543295,0.0,0.0,0.0,0.0,45.8022038776886,-7.855483741451195,False,True,False,True,True,0.0
2023-03-31 00:00:00+00:00,19.25,19.25,18.3,18.35,1187235,19.008189911053424,19.554892884293846,,,,,19.41057695005092,18.99406096783962,18.98563131160819,,,,,,,19.20323256262347,#000000,1.767765913327997,19.20323256262347,0.026455673244929895,10,0.402306695877669,4.02306695877669,0.0,0.0,0.0,0.0,50.955313226352054,-2.9281272970072934,False,False,True,False,True,0.6325736137341913
2023-04-03 00:00:00+00:00,19.0,19.225,18.7,19.2,921958,19.008089220734274,19.55217172520047,,,,,19.409535719366666,18.994006476555967,18.9855970184941,,,,,,,19.204966674225084,#000000,1.766596585385452,19.204966674225084,-0.11602347469745734,10,0.4074603310845254,4.074603310845254,0.0,0.0,0.0,0.0,53.07349653582718,-1.0353587656031351,False,False,True,False,True,0.0
2023-04-04 00:00:00+00:00,18.89,19.22,18.58,19.11,569348,19.007880863530172,19.550277672004185,,,,,19.40877973191566,18.993834933473888,18.985420222467404,,,,,,,19.204476370903244,#000000,1.7678068256947692,19.204476370903244,-0.17789068711150058,11,0.3858081296440631,4.243889426084694,0.0,0.0,0.0,0.0,53.90726349885523,-0.3134755536703153,True,False,True,False,True,0.0
2023-04-05 00:00:00+00:00,18.44,18.72,18.35,18.66,592496,19.006900920555974,19.54713901826685,,,,,19.407392935280903,18.99293701890804,18.984424913608542,,,,,,,19.198814253355742,#000000,1.7678838879975927,19.198814253355742,-0.42922177101529996,11,0.39178182107647097,4.309600031841181,0.0,0.0,0.0,0.0,52.241915118265034,-0.3134755536703153,False,False,True,False,True,0.0
2023-04-06 00:00:00+00:00,18.22,18.35,17.97,18.35,595118,19.005290929533516,19.543034668356174,,,,,19.40550762119078,18.99144501024199,18.982760213330064,,,,,,,19.190418002474367,"rgba(239, 83, 80, 0.5)",1.7690433613720318,19.190418002474367,-0.5485552381948019,11,0.3936142888313723,4.329757177145095,0.0,0.0,0.0,0.0,50.144081262732925,-0.3134755536703153,False,False,False,False,False,0.0
2023-04-10 00:00:00+00:00,18.34,18.4095,18.0,18.05,911037,19.00304590821145,19.537118515316482,,,,,19.40279650295857,18.98936720210527,18.980445642616232,,,,,,,19.181278094625668,#000000,1.7639469665783447,19.181278094625668,-0.4769293581754082,10,0.3923165001981791,3.9231650019817907,0.0,0.0,0.0,0.0,49.377396621395434,3.847480640136027,False,False,False,False,False,0.0
2023-04-11 00:00:00+00:00,18.61,18.695,18.44,18.44,728436,19.00204703999402,19.533636331038025,,,,,19.40125917554171,18.988455918120334,18.979441252981125,,,,,,,19.179097344177812,#000000,1.7577242453020225,19.179097344177812,-0.3237694113276722,10,0.39262380097745825,3.9262380097745826,0.0,0.0,0.0,0.0,50.25478678071747,3.847480640136027,False,False,False,False,False,0.0
2023-04-12 00:00:00+00:00,18.25,18.85,18.23,18.77,580420,19.00099373091017,19.53047927883034,,,,,19.399832287142782,18.987486781933757,18.978367504761305,,,,,,,19.176202708189116,"rgba(239, 83, 80, 0.5)",1.7580922092473588,19.176202708189116,-0.5268225997006293,10,0.3920488471010007,3.9204884710100067,0.0,0.0,0.0,0.0,49.02188162547916,3.4159818017375017,False,False,False,False,False,0.0
2023-04-13 00:00:00+00:00,18.64,18.76,18.41,18.41,794463,18.999970223678943,19.526819152330788,,,,,19.3982116340365,18.986554234075783,18.977342175360903,,,,,,,19.17433686916187,#000000,1.7523084182851019,19.17433686916187,-0.3049331177012769,10,0.392269997368338,3.92269997368338,0.0,0.0,0.0,0.0,50.178687411636496,3.4159818017375017,False,False,False,False,False,0.0
2023-04-14 00:00:00+00:00,18.51,18.995,18.35,18.73,456943,18.99940609933942,19.52476103790875,,,,,19.397300017713714,18.986040832458475,18.976778532914302,,,,,,,19.173366104602792,#000000,1.7375199473869671,19.173366104602792,-0.3817890583647213,9,0.40721313013979477,3.6649181712581527,0.0,0.0,0.0,0.0,50.26515855957302,3.4159818017375017,True,False,False,False,False,0.0
2023-04-17 00:00:00+00:00,18.52,18.61,18.4,18.51,506715,18.998605188270552,19.52221815000629,,,,,19.39615134873948,18.985305940034547,18.97596728106238,,,,,,,19.171555037106792,#000000,1.7213197116019994,19.171555037106792,-0.3785206389697371,9,0.4077668182237014,3.6699013640133127,0.0,0.0,0.0,0.0,50.37732990974139,3.4159818017375017,True,False,False,False,False,0.0
2023-04-18 00:00:00+00:00,18.66,18.725,18.405,18.66,425809,18.998053201342238,19.520273231008396,,,,,19.395282561514463,18.984802422854642,18.975414127603358,,,,,,,19.17054694040598,#000000,1.6949702806398381,19.17054694040598,-0.30121291578826553,9,0.4099033219636456,3.68912989767281,0.0,0.0,0.0,0.0,51.248529617179514,3.4159818017375017,True,False,False,False,False,0.0
2023-04-19 00:00:00+00:00,18.53,18.635,18.395,18.47,504754,18.997276231964502,19.51778778660035,,,,,19.394156512203786,18.984089677411973,18.97462819846869,,,,,,,19.168869401349625,#000000,1.683847139496109,19.168869401349625,-0.3794105690263577,9,0.4108086663856976,3.697277997471278,0.0,0.0,0.0,0.0,50.997764325310214,3.4159818017375017,True,False,False,False,False,0.0
2023-04-20 00:00:00+00:00,18.48,18.77,18.33,18.37,942457,18.995852414687768,19.51321075741229,,,,,19.39207770917602,18.98278373458318,18.973189392495737,,,,,,,19.16589143267204,#000000,1.676275063970746,19.16589143267204,-0.40917594457756024,9,0.4117104496831352,3.705394047148217,0.0,0.0,0.0,0.0,50.50188119234721,3.4159818017375017,True,False,False,False,False,0.0
2023-04-21 00:00:00+00:00,19.14,19.15,18.465,18.6,1025064,18.99559816244432,19.51023773653447,,,,,19.390846159371826,18.98258421996611,18.972998424309534,,,,,,,19.167277903623035,#000000,1.6626338596790904,19.167277903623035,-0.0164064405787447,9,0.41232864009033965,3.7109577608130566,0.0,0.0,0.0,0.0,53.889260157869415,0.474008081604822,True,False,True,False,True,0.7342879148858223
2023-04-24 00:00:00+00:00,19.75,19.78,19.08,19.16,1032553,18.997379873735436,19.510370119034466,,,,,19.391227007767984,18.98430661484888,18.974968128836768,,,,,,,19.175233078269112,#000000,1.6583299099063875,19.175233078269112,0.3465938341323971,8,0.3872446971467429,3.0979575771739434,0.0,0.0,0.0,0.0,58.55230276010626,4.8116235078015706,True,False,True,False,True,2.81892512115288
2023-04-25 00:00:00+00:00,18.96,19.67,18.96,19.56,1105257,18.99807985497831,19.508697107705956,,,,,19.390684599475442,18.985010885177765,18.975794299601898,,,,,,,19.17895475964225,#000000,1.6582781474814325,19.17895475964225,-0.13203741481776926,9,0.3860434891091911,3.4743914019827202,0.0,0.0,0.0,0.0,56.97395711969628,4.8116235078015706,True,False,True,False,True,0.03549657636700232
2023-04-26 00:00:00+00:00,18.91,19.18,18.73,19.04,601039,18.997969130396438,19.507052575851294,,,,,19.39000237674024,18.984929856085106,18.975721909192057,,,,,,,19.17922343313308,#000000,1.6600955144560672,19.17922343313308,-0.16217345977306197,9,0.36795749535953315,3.3116174582357982,0.0,0.0,0.0,0.0,55.66668816369765,4.8116235078015706,True,False,True,False,False,0.0
2023-04-27 00:00:00+00:00,19.31,19.345,18.8,19.04,1026322,18.998467848262333,19.505306338654453,,,,,19.389387904258907,18.985440834931957,18.976327427487234,,,,,,,19.181680674640923,#000000,1.6572633688927998,19.181680674640923,0.0774284448492968,9,0.36817260755585823,3.3135534680027243,0.0,0.0,0.0,0.0,56.53533077488013,4.8116235078015706,True,False,True,False,False,1.2500710373251245
2023-04-28 00:00:00+00:00,19.62,19.63,19.1993,19.24,965974,18.999943411157183,19.505204113463478,,,,,19.389614753951083,18.986872147115232,18.977963646226833,,,,,,,19.186779507719912,#000000,1.6461000374622958,19.186779507719912,0.2631799297860183,9,0.36808303932547365,3.3127473539292627,0.0,0.0,0.0,0.0,58.31878166449205,4.8116235078015706,True,False,True,False,False,2.3115702711138297
2023-05-01 00:00:00+00:00,19.79,19.9,19.515,19.64,920172,19.002069160606986,19.5062074035375,,,,,19.390409355857283,18.988916206666815,18.980284858723923,,,,,,,19.19342512870771,#000000,1.6239868636578845,19.19342512870771,0.3673520301442334,9,0.36869544770366863,3.3182590293330176,0.0,0.0,0.0,0.0,60.138401669588546,5.717968972743222,True,False,True,False,True,2.8923355705743745
2023-05-02 00:00:00+00:00,18.9,19.29,18.46,18.96,1805177,19.001399327043885,19.50091769995057,,,,,19.38813103979785,18.988353294866442,18.979705164393426,,,,,,,19.191845971213226,#000000,1.5919645973699665,19.191845971213226,-0.18332441041426226,9,0.36962906580528565,3.3266615922475706,0.0,0.0,0.0,0.0,56.62530609787837,5.717968972743222,True,False,True,False,False,0.0
2023-05-03 00:00:00+00:00,19.17,19.49,18.84,18.84,887113,19.00185623526313,19.499528533515306,,,,,19.38764312268268,18.988819260153875,18.980252913287615,,,,,,,19.193202914334215,#000000,1.5597115926517613,19.193202914334215,-0.014876413334060356,10,0.3525874386382489,3.5258743863824886,0.0,0.0,0.0,0.0,55.44353096902405,10.227134504126212,True,False,True,False,False,0.6460028302649619
2023-05-04 00:00:00+00:00,19.17,19.41,18.98,19.08,812306,19.00232290656397,19.498342422710433,,,,,19.387238497566013,18.98929154366529,18.980805175276643,,,,,,,19.194491263434937,#000000,1.5304912948473919,19.194491263434937,-0.016002223284371918,9,0.36198359192973495,3.2578523273676145,0.0,0.0,0.0,0.0,54.65568088312118,9.462812947646228,True,False,True,False,False,0.6460028302649619
2023-05-05 00:00:00+00:00,20.32,20.4,19.52,19.52,1322620,19.00673563040553,19.501910899165132,,,,,19.3895020235724,18.993514453412235,18.985572873900878,,,,,,,19.20607858631528,"rgba(38, 166, 154, 0.5)",1.517966895388545,19.20607858631528,0.7338245761938027,9,0.36181227036019215,3.256310433241729,0.0,0.0,0.0,0.0,58.23595807099104,9.462812947646228,True,False,True,False,True,4.555374274765541
2023-05-08 00:00:00+00:00,20.56,20.81,20.32,20.46,938637,19.01124584161791,19.506512188293843,,,,,19.39221761317907,18.99781598965835,18.990414630803723,,,,,,,19.217500587720235,"rgba(38, 166, 154, 0.5)",1.518379292428515,19.217500587720235,0.884166044001136,10,0.39592474747672035,3.9592474747672037,0.0,0.0,0.0,0.0,61.27838419955907,6.04930766617457,True,False,True,False,True,5.335387856941676
2023-05-09 00:00:00+00:00,20.73,20.795,20.19,20.36,957314,19.015843508134896,19.511200804605462,,,,,19.394993941835423,19.0022021276108,18.99534821577065,,,,,,,19.228736867931794,"rgba(38, 166, 154, 0.5)",1.5126917955976726,19.228736867931794,0.9924448168736512,10,0.39468768411563887,3.9468768411563886,0.0,0.0,0.0,0.0,63.76800797486837,8.30950642903121,True,False,True,False,True,5.888503826907662
2023-05-10 00:00:00+00:00,20.65,21.06,20.45,20.99,1609021,19.024241338078035,19.520078337544483,,,,,19.400215522695245,19.010210948766144,19.004345236413986,,,,,,,19.248473529091854,"rgba(38, 166, 154, 0.5)",1.4928349232611593,19.248473529091854,0.9388355330316448,10,0.39337169431780267,3.933716943178027,0.0,0.0,0.0,0.0,64.93552218493336,9.372029905883025,True,False,True,False,True,5.5812812463684125
2023-05-11 00:00:00+00:00,20.32,20.83,20.06,20.65,746471,19.02738698757406,19.523077488155856,,,,,19.402046125147113,19.013217708239285,19.007722871592573,,,,,,,19.255441479289953,"rgba(38, 166, 154, 0.5)",1.4761091783151916,19.255441479289953,0.721192264331774,10,0.39335996831044906,3.9335996831044904,0.0,0.0,0.0,0.0,63.722423811623294,9.372029905883025,True,False,True,False,True,4.313307479769396
2023-05-12 00:00:00+00:00,20.24,20.455,20.03,20.35,856804,19.03055778739711,19.525867281534886,,,,,19.403801156812268,19.016253420000677,19.01113292195215,,,,,,,19.262178211379354,"rgba(38, 166, 154, 0.5)",1.4399192920325816,19.262178211379354,0.6790809693509678,10,0.3936749197706705,3.936749197706705,0.0,0.0,0.0,0.0,62.440998113841374,9.372029905883025,True,False,True,False,True,4.005779289435683
2023-05-15 00:00:00+00:00,20.75,20.97,20.285,20.35,2021386,19.040585571454805,19.536236421586093,,,,,19.410006461927036,19.025829276644725,19.02186752277134,,,,,,,19.283476830602964,"rgba(38, 166, 154, 1.0)",1.4104043506854609,19.283476830602964,1.0397891701654924,10,0.3942474521493313,3.9424745214933132,0.0,0.0,0.0,0.0,63.45355127205323,9.372029905883025,True,False,True,False,True,5.752396491758663
2023-05-16 00:00:00+00:00,20.04,20.6,19.92,20.6,1409251,19.045456986531274,19.540326200970295,,,,,19.412654475186972,19.030501306790406,19.027104059656793,,,,,,,19.292750911391998,"rgba(38, 166, 154, 0.5)",1.3508599196521331,19.292750911391998,0.5531654894316718,10,0.3958210085707904,3.958210085707904,0.0,0.0,0.0,0.0,60.28467840997422,9.372029905883025,True,False,True,False,False,3.0254712373252985
2023-05-17 00:00:00+00:00,20.44,20.63,19.87,20.07,2936300,19.056587096465716,19.550322561163263,,,,,19.419007738222717,19.041169463312585,19.0390404892841,,,,,,,19.313352788387814,"rgba(38, 166, 154, 0.5)",1.2830914666194915,19.313352788387814,0.87807240631139,10,0.3961871662249749,3.961871662249749,0.0,0.0,0.0,0.0,59.68266106411627,9.372029905883025,True,False,True,False,False,4.396106907131031
2023-05-18 00:00:00+00:00,18.3,22.65,17.51,22.55,12549234,19.07213932149295,19.546988673447654,,,,,19.420987758264083,19.05645968668464,19.05611688529394,19.486666666666665,,,,,,19.32245073918705,"rgba(239, 83, 80, 0.5)",1.1483520193566117,19.32245073918705,-0.8903635139335583,10,0.3968613362553887,3.9686133625538873,0.0,0.0,0.0,0.0,52.13278850678369,7.9944895405179395,False,False,False,False,False,0.0
2023-05-19 00:00:00+00:00,17.0,18.27,16.875,18.02,4643313,19.049819521227946,19.505825386114267,,,,,19.39914218297026,19.035457707427096,19.032810422267303,18.91815439998506,,,,,,19.24477634928074,"rgba(255, 26, 202, 1.0)",0.9805006626971752,19.24477634928074,-2.289418492697168,11,0.41885517558002333,4.607406931380257,0.0,0.0,0.0,0.0,44.669895873364894,1.2891678625191005,False,True,False,True,False,0.0
2023-05-22 00:00:00+00:00,17.06,17.28,16.62,16.89,2163353,19.037205614744945,19.483709063960227,,,,,19.387161595937492,19.02355718029506,19.019626870246473,18.702277598475572,,,,,,19.20791951560978,"rgba(255, 26, 202, 1.0)",1.0066600381620814,19.20791951560978,-2.1337089326912846,11,0.4181395160996049,4.5995346770956544,0.0,0.0,0.0,0.0,39.92633007046712,-2.716878515238733,False,True,False,True,False,0.0
2023-05-23 00:00:00+00:00,16.54,17.2385,16.45,16.92,1910883,19.02488166985908,19.462617994446845,,,,,19.37561280886632,19.01191523882085,19.006742535314025,18.526215768357318,,,,,,19.17447450619709,"rgba(255, 26, 202, 1.0)",1.0082907309889597,19.17447450619709,-2.612812381616485,11,0.41690251531610656,4.585927668477172,0.0,0.0,0.0,0.0,35.88943327929302,-6.109556290087085,False,True,False,True,False,0.0
2023-05-24 00:00:00+00:00,16.31,16.6,16.0301,16.6,1578285,19.01290525772279,19.44272883552519,,,,,19.364606323515627,19.000585833123456,18.994212234848465,18.37333784545239,,,,,,19.143577544342268,"rgba(255, 26, 202, 1.0)",1.0254891164356559,19.143577544342268,-2.763147359565431,11,0.41156514310149106,4.527216574116402,0.0,0.0,0.0,0.0,32.825002802256385,-8.693493533550566,False,True,False,True,False,0.0
2023-05-25 00:00:00+00:00,16.15,16.49,16.045,16.24,1161465,19.00388363789342,19.427858685481162,,,,,19.356332696893517,18.992047154698028,18.984775232539707,18.269559941926364,,,,,,19.121159107652694,"rgba(255, 26, 202, 1.0)",1.0330445687777159,19.121159107652694,-2.876118995686827,11,0.40505386657544756,4.4555925323299235,0.0,0.0,0.0,0.0,30.51617701409064,-10.711838640059838,False,True,False,True,False,0.0
2023-05-26 00:00:00+00:00,16.03,16.23,15.95,16.09,1384331,18.992597925696,19.409445698665436,,,,,19.346032061365914,18.98135937461616,18.972969926401667,18.14963810649899,,,,,,19.093941044652023,"rgba(255, 26, 202, 1.0)",1.0674014417443396,19.093941044652023,-2.870467403196451,11,0.3986146209163912,4.384760830080303,0.0,0.0,0.0,0.0,28.769287707365688,-12.355097374125421,False,True,False,True,False,0.0
2023-05-30 00:00:00+00:00,16.05,16.52,15.91,16.46,2311748,18.974518247309888,19.379959903982314,,,,,19.329442461508137,18.964231060049134,18.95407216556833,17.98360531820369,,,,,,19.052253798935475,"rgba(255, 26, 202, 1.0)",1.1081959692700403,19.052253798935475,-2.7091361836598575,10,0.41547360384358056,4.154736038435805,0.0,0.0,0.0,0.0,27.71406437973375,-13.496964607844276,False,True,False,True,False,0.0
2023-05-31 00:00:00+00:00,15.9,16.02,15.51,15.9,1465412,18.961766226337634,19.359542749384538,,,,,19.317864082021234,18.952138984114384,18.940739669373293,17.874402606475275,,,,,,19.023721845720512,"rgba(255, 26, 202, 1.0)",1.1513540794283377,19.023721845720512,-2.713085315397919,10,0.40688118280314106,4.068811828031411,0.0,0.0,0.0,0.0,26.712226252655547,-14.719623687238034,False,True,False,True,False,0.0
2023-06-01 00:00:00+00:00,15.7,15.905,15.44,15.89,1072127,18.952124241959595,19.34421769400342,,,,,19.309133085793004,18.942991788906802,18.930659815231724,17.796661876776565,,,,,,18.821231498688572,"rgba(255, 26, 202, 1.0)",1.1930410080323754,18.821231498688572,-2.6161979996280835,10,0.3979115659546276,3.9791156595462764,-1.0,0.0,15.44,407.0,25.64263899428978,-16.091430725962084,False,True,False,True,False,0.0
2023-06-02 00:00:00+00:00,16.17,16.29,15.8,16.0,843244,18.945514606915147,19.333576698944956,,,,,19.303058839883168,18.93672221795767,18.92375836186125,17.750272375212983,,,,,,18.816419243554076,"rgba(255, 26, 202, 1.0)",1.2144018213852632,18.816419243554076,-2.1791957134380078,10,0.3924320797722768,3.9243207977227677,0.0,0.0,0.0,0.0,27.78443616459957,-16.091430725962084,False,True,False,True,False,0.0
2023-06-05 00:00:00+00:00,16.12,16.21,15.9,16.0,802664,18.939229407853702,19.323481171426568,,,,,19.29728023349993,18.930759026817988,18.917197030462884,17.708142896231447,,,,,,18.806746730799016,"rgba(255, 26, 202, 1.0)",1.2286278437258535,18.806746730799016,-2.1867864581770906,10,0.3886540989287107,3.8865409892871075,0.0,0.0,0.0,0.0,29.07406327455884,-16.091430725962084,False,True,False,True,False,0.0
2023-06-06 00:00:00+00:00,16.9,16.93,16.04,16.04,960590,18.933173243335023,19.31350171250634,,,,,19.291561061908684,18.925015826661074,18.91088794708966,17.67641797908619,,,,,,18.80401642559364,"rgba(255, 0, 0, 1.0)",1.2306590192338756,18.80401642559364,-1.547151888407687,10,0.38962452012224397,3.8962452012224396,0.0,0.0,0.0,0.0,34.07139802693892,-23.634048634260377,False,True,False,True,True,0.0
2023-06-07 00:00:00+00:00,17.03,17.26,16.9,17.06,1290510,18.92662713407284,19.30238422298097,,,,,19.28517670582637,18.918811347167072,18.904086247165978,17.65324112754472,,,,,,18.707652682355384,"rgba(239, 83, 80, 1.0)",1.2265757359560394,18.707652682355384,-1.3677530324271068,10,0.39293941995911785,3.9293941995911785,0.0,0.0,0.0,0.0,38.0037426787515,-19.8130384702714,False,True,False,True,True,0.0
2023-06-08 00:00:00+00:00,16.55,17.0701,16.48,16.99,703919,18.92238335662764,19.29538982973917,,,,,19.281142804552577,18.9147852325439,18.899669197439955,17.633982794685632,,,,,,18.69553773067235,"rgba(255, 0, 0, 1.0)",1.244426493328297,18.69553773067235,-1.7241176896949315,10,0.39484396760841844,3.9484396760841847,0.0,0.0,0.0,0.0,38.85586621471608,-18.892108035819618,False,True,False,True,True,0.0
2023-06-09 00:00:00+00:00,16.42,16.74,16.365,16.55,709989,18.917751525444086,19.287854831397773,,,,,19.276785613478452,18.91038896337561,18.89484524729176,17.611502492324636,,,,,,18.681949090033456,"rgba(255, 0, 0, 1.0)",1.2641298684567142,18.681949090033456,-1.7893328418819072,10,0.3959717580834045,3.9597175808340452,0.0,0.0,0.0,0.0,38.97334494890089,-18.521415120797002,False,True,False,True,True,0.0
2023-06-12 00:00:00+00:00,16.59,16.77,16.4,16.48,902692,18.912078766119606,19.278601674366254,,,,,19.27142173141658,18.90500413684118,18.888940420405877,17.58612483233805,,,,,,18.6697272549958,"rgba(255, 0, 0, 1.0)",1.2806181924972877,18.6697272549958,-1.6240025849860817,10,0.3956385894697989,3.956385894697989,0.0,0.0,0.0,0.0,39.978709177629966,-17.21580028361081,False,True,False,True,True,0.0
2023-06-13 00:00:00+00:00,16.56,16.73,16.485,16.73,697721,18.907722368861833,19.271506124238165,,,,,19.267298134246428,18.900868032376813,18.88440690790325,17.56744847420076,,,,,,18.661162402887978,"rgba(255, 0, 0, 1.0)",1.2970354694491106,18.661162402887978,-1.6199729709630881,10,0.39352246494343535,3.9352246494343532,0.0,0.0,0.0,0.0,40.52574882749993,-16.305992419211435,False,True,False,True,True,0.0
2023-06-14 00:00:00+00:00,16.87,17.0,16.62,16.72,685852,18.903895022741374,19.265184779923004,,,,,19.26361699727561,18.89723481876318,18.88042935931505,17.554081239139695,,,,,,18.656621868520737,"rgba(239, 83, 80, 1.0)",1.3074949158428957,18.656621868520737,-1.3664465130015169,10,0.3939758951201088,3.939758951201088,0.0,0.0,0.0,0.0,42.66041293197445,-13.907524028722392,False,True,False,True,True,0.0
2023-06-15 00:00:00+00:00,16.94,16.95,16.645,16.74,592630,18.900623070698117,19.259782428167014,,,,,19.260464699472752,18.894128393546584,18.8770298804948,17.543146468640796,,,,,,18.652630727222604,"rgba(239, 83, 80, 1.0)",1.3153696017428924,18.652630727222604,-1.3020148291045583,10,0.3971600545911332,3.9716005459113317,0.0,0.0,0.0,0.0,44.474344070426795,-11.879113704278296,False,True,False,True,True,0.0
2023-06-16 00:00:00+00:00,17.12,17.18,16.93,17.1,823091,18.896606144135415,19.25303511334535,,,,,19.256518751231074,18.890315529854266,18.87286335142574,17.5333649281658,,,,,,18.650295627885324,"rgba(239, 83, 80, 1.0)",1.320363422534733,18.650295627885324,-1.158995774775083,10,0.39991303584594523,3.9991303584594524,0.0,0.0,0.0,0.0,46.70109392255019,-9.512497522484658,False,False,False,False,True,0.0
2023-06-20 00:00:00+00:00,16.79,17.09,16.6,17.02,817190,18.89209004240003,19.245612522064853,,,,,19.252167486263367,18.88602616130909,18.868172624748794,17.518952568542364,,,,,,18.643766532365113,"rgba(239, 83, 80, 1.0)",1.3278404875437513,18.643766532365113,-1.3960762228256984,10,0.4054528107847871,4.054528107847871,0.0,0.0,0.0,0.0,46.377549096192865,-9.512497522484658,False,False,False,False,True,0.0
2023-06-21 00:00:00+00:00,16.24,16.83,16.23,16.8,806056,18.88681008779585,19.23715212179016,,,,,19.247197205200973,18.88100789844463,18.862679438613636,17.497544810999155,,,,,,18.632181901822,"rgba(255, 0, 0, 1.0)",1.339804987826763,18.632181901822,-1.785470216603875,10,0.4095455771400374,4.095455771400374,0.0,0.0,0.0,0.0,43.68087286666653,-9.512497522484658,False,True,False,True,False,0.0
2023-06-22 00:00:00+00:00,16.26,16.35,15.92,16.15,692241,18.88182125645147,19.229265440223624,,,,,19.242554620824787,18.876264371207043,18.857485299820905,17.475548223976592,,,,,,18.619951573306754,"rgba(255, 0, 0, 1.0)",1.3528184526261584,18.619951573306754,-1.7444702714732319,10,0.41817187617968027,4.181718761796803,0.0,0.0,0.0,0.0,42.01614408776882,-9.512497522484658,False,True,False,True,False,0.0
2023-06-23 00:00:00+00:00,15.86,16.03,15.79,15.95,678702,18.87643735927661,19.220858322617723,,,,,19.237597052450518,18.87114332490349,18.85187604549877,17.45012993961357,,,,,,18.605706621659213,"rgba(255, 0, 0, 1.0)",1.3756299523366866,18.605706621659213,-1.9959630982120395,10,0.4280189136144906,4.280189136144906,0.0,0.0,0.0,0.0,39.299888065025314,-4.942590260086092,False,True,False,True,False,0.0
2023-06-26 00:00:00+00:00,15.94,16.22,15.84,15.84,827931,18.8701297932737,19.21098681563813,,,,,19.231761537409664,18.865142971870323,18.845307806660816,17.422257560992268,,,,,,18.59046224106704,"rgba(255, 0, 0, 1.0)",1.396017824300906,18.59046224106704,-1.898587679132487,10,0.4503577663270142,4.503577663270142,0.0,0.0,0.0,0.0,38.07707931329417,-6.225724392689997,False,True,False,True,False,0.0
2023-06-27 00:00:00+00:00,16.27,16.32,15.785,16.08,976380,18.863049147747486,19.199872985701283,,,,,19.225171818472113,18.85840621554535,18.83793923877583,17.39350451481926,,,,,,18.436191192241242,"rgba(255, 0, 0, 1.0)",1.411250202882255,18.436191192241242,-1.5349448225531805,10,0.48628774049703133,4.862877404970313,0.0,0.0,0.0,0.0,39.578482627327546,-6.225724392689997,False,True,False,True,False,0.0
2023-06-28 00:00:00+00:00,16.42,16.43,16.02,16.19,831362,18.857410479099652,19.190977180009117,,,,,19.219880302092996,18.853040786849547,18.832076171253426,17.373064404803028,,,,,,18.429351448370614,"rgba(239, 83, 80, 1.0)",1.4218558232050296,18.429351448370614,-1.4131893090547667,9,0.4734512087768797,4.261060878991917,0.0,0.0,0.0,0.0,41.55973909161329,-6.225724392689997,False,True,False,True,True,0.0
2023-06-29 00:00:00+00:00,16.85,16.86,16.33,16.45,994028,18.85172010534505,19.18183230236414,,,,,19.214417277138402,18.84762659508055,18.82617132404412,17.35804759288996,,,,,,18.4301370081001,"rgba(239, 83, 80, 1.0)",1.4264748587068028,18.4301370081001,-1.1077215966726546,8,0.39333551008305784,3.1466840806644627,0.0,0.0,0.0,0.0,45.40568496741477,-10.308851919504121,False,False,False,True,True,0.0
2023-06-30 00:00:00+00:00,17.8,17.85,16.91,16.99,1909962,18.845066389787817,19.170283952865375,,,,,19.207443384551777,18.841301112473264,18.819321274948503,17.36452055746862,,,,,,18.456277176526164,#000000,1.4266217261592578,18.456277176526164,-0.4600218575760717,8,0.40031415540678095,3.2025132432542476,0.0,0.0,0.0,0.0,51.91849099983809,-4.274169832132216,True,False,True,False,True,0.0
2023-07-03 00:00:00+00:00,18.01,18.34,17.8,17.85,594609,18.84383161879247,19.16786554778976,,,,,19.20596221330594,18.840129126145687,18.81806726913716,17.372945102550943,,,,,,18.466869088852818,#000000,1.4257888222895552,18.466869088852818,-0.3204325084546308,8,0.4103646337774325,3.28291707021946,0.0,0.0,0.0,0.0,56.93650408106002,0.16566333136801603,True,False,True,False,True,0.0
2023-07-05 00:00:00+00:00,17.49,18.03,17.335,17.8,723001,18.841521768619177,19.163808870271975,,,,,19.203495681709455,18.837932756672856,18.815694124224724,17.376558129504655,,,,,,18.471622885138796,"rgba(239, 83, 80, 0.5)",1.426286465294105,18.471622885138796,-0.6882368367257722,8,0.41460325741999937,3.316826059359995,0.0,0.0,0.0,0.0,57.24243508299184,0.2326651611013375,True,False,True,False,True,0.0
2023-07-06 00:00:00+00:00,17.21,17.31,17.01,17.21,872687,18.83774273954122,19.157549246704477,,,,,19.199702001057986,18.834335890689637,18.811790127241704,17.373067684380704,,,,,,18.469181695746425,"rgba(239, 83, 80, 0.5)",1.429097705635386,18.469181695746425,-0.8811025941620861,7,0.4548015470126776,3.1836108290887433,0.0,0.0,0.0,0.0,56.007279459573,0.2326651611013375,True,False,True,False,True,0.0
2023-07-07 00:00:00+00:00,17.24,17.53,17.01,17.15,691109,18.834911686279682,19.152827330128453,,,,,19.196831065520605,18.831641091094234,18.80886849309398,17.371525456255423,,,,,,18.467978565403175,"rgba(239, 83, 80, 0.5)",1.4317144891277904,18.467978565403175,-0.857697938191063,7,0.4557623697591717,3.190336588314202,0.0,0.0,0.0,0.0,55.3188688094581,0.2326651611013375,True,False,True,False,True,0.0
2023-07-10 00:00:00+00:00,17.67,17.77,17.12,17.16,728958,18.832427734236163,19.148552852292692,,,,,19.194217362578545,18.829277258810887,18.80631405242809,17.373631243363665,,,,,,18.469441463587504,"rgba(239, 83, 80, 0.5)",1.4300361867783515,18.469441463587504,-0.5590358278894462,7,0.4590679089762545,3.2134753628337815,0.0,0.0,0.0,0.0,56.715253840640145,0.2326651611013375,True,False,True,False,True,0.0
2023-07-11 00:00:00+00:00,18.22,18.25,17.75,17.75,802901,18.830851578193602,19.145461496406522,,,,,19.19229629731141,18.827779680649304,18.804717466714123,17.384393497734457,,,,,,18.477186433361602,#000000,1.430102144654086,18.477186433361602,-0.1798378069168002,7,0.46371640272392994,3.2460148190675095,0.0,0.0,0.0,0.0,59.607615479815095,2.796644459632205,True,False,True,False,True,0.983856064045515
2023-07-12 00:00:00+00:00,18.14,18.52,18.12,18.44,578844,18.82999832771236,19.143629933573095,,,,,19.191145765453854,18.826969914778843,18.803863405375104,17.393996548867573,,,,,,18.483684115001875,#000000,1.4301318782508352,18.483684115001875,-0.24031637936931194,7,0.47044894959757355,3.2931426471830147,0.0,0.0,0.0,0.0,61.04055440184521,4.3313004759437135,True,False,True,False,True,0.6606296756087708
2023-07-13 00:00:00+00:00,18.16,18.57,18.16,18.24,502725,18.829306884944575,19.142111114073952,,,,,19.190188089450373,18.826313867331077,18.80317368639544,17.402513441211696,,,,,,18.46264878568085,#000000,1.4300734183887394,18.46264878568085,-0.21163164197670722,7,0.47529892983542377,3.3270925088479664,0.0,0.0,0.0,0.0,62.07056075852559,5.53247800520451,True,False,True,False,True,0.741213386285601
2023-07-14 00:00:00+00:00,17.59,18.2,17.58,18.2,510137,18.827941396445308,19.139655157131894,,,,,19.1886685235091,18.825014554398834,18.801777520285846,17.406188182554434,,,,,,18.451512976320345,"rgba(239, 83, 80, 0.5)",1.4307601205382388,18.451512976320345,-0.6021365594088908,8,0.433369766232069,3.466958129856552,0.0,0.0,0.0,0.0,59.273694687868655,5.53247800520451,True,False,True,False,True,0.0
2023-07-17 00:00:00+00:00,17.5,17.64,17.06,17.41,642985,18.825580646160546,19.135681481497276,,,,,19.18622518635902,18.82276617291485,18.7993470369935,17.406115087694143,,,,,,18.437511921501105,"rgba(239, 83, 80, 0.5)",1.4317852524066177,18.437511921501105,-0.6547852898507562,7,0.39802543912156985,2.786178073850989,0.0,0.0,0.0,0.0,56.91661687110917,5.53247800520451,True,False,True,False,False,0.0
2023-07-18 00:00:00+00:00,17.91,17.97,17.36,17.4,572205,18.823995611360505,19.132863714870275,,,,,19.184477328785963,18.821257328119838,18.797725259448764,17.409657638322926,,,,,,18.438060786716637,#000000,1.4317723282701313,18.438060786716637,-0.3688161702039878,7,0.39872259635478274,2.7910581744834793,0.0,0.0,0.0,0.0,57.2763973179722,5.53247800520451,True,False,True,False,False,0.0
2023-07-19 00:00:00+00:00,18.12,18.24,17.78,17.9,604586,18.822790881561144,19.130540532379158,,,,,19.183019534087602,18.820111477761248,18.796504672715315,17.416582926937085,,,,,,18.444202750477064,#000000,1.4314136778434075,18.444202750477064,-0.22649130401318557,7,0.39889626733397787,2.792273871337845,0.0,0.0,0.0,0.0,58.411293407300136,5.53247800520451,True,False,True,False,False,0.6453999498550154
2023-07-20 00:00:00+00:00,17.57,17.99,17.52,17.95,591926,18.82107966267055,19.127537258459796,,,,,19.18115321432326,18.818481900897464,18.794752178233413,17.4194976125654,,,,,,18.443341683763798,"rgba(239, 83, 80, 0.5)",1.4241034859654027,18.443341683763798,-0.6132571771438067,7,0.3986981934766658,2.7908873543366606,0.0,0.0,0.0,0.0,56.022103736239345,5.53247800520451,True,False,True,False,False,0.0
2023-07-21 00:00:00+00:00,17.41,17.8,17.355,17.77,476965,18.819495236238783,19.12483781308579,,,,,19.179479636592518,18.81697241929355,18.79312462654924,17.420357361966346,,,,,,18.440791434860834,"rgba(239, 83, 80, 0.5)",1.419925096362253,18.440791434860834,-0.7259477542172108,7,0.39851764426023195,2.7896235098216238,0.0,0.0,0.0,0.0,53.619518669774294,9.546182856163632,True,False,True,False,False,0.0
2023-07-24 00:00:00+00:00,17.54,17.735,17.35,17.44,717314,18.817156266568297,19.120845559451617,,,,,19.176999354569055,18.81474384431917,18.790723129376342,17.421873391782437,,,,,,18.43789792365875,"rgba(239, 83, 80, 0.5)",1.415986422798476,18.43789792365875,-0.6341147833071696,7,0.39899677746263645,2.7929774422384552,0.0,0.0,0.0,0.0,52.711340354104976,8.521501993753674,True,False,False,False,False,0.0
2023-07-25 00:00:00+00:00,17.5,17.5889,17.26,17.54,974044,18.813765657144753,19.11514251759591,,,,,19.173454501511163,18.8115122213489,18.78723764818004,17.422336618164394,,,,,,18.432758938236258,"rgba(239, 83, 80, 0.5)",1.4153008784624743,18.432758938236258,-0.6590534581237382,7,0.39951036656449723,2.7965725659514806,0.0,0.0,0.0,0.0,51.875650445352505,7.513154985503782,True,False,False,False,False,0.0
2023-07-26 00:00:00+00:00,17.89,17.9,17.33,17.33,908918,18.811210179391587,19.110671671300828,,,,,19.170651028166183,18.809076978529635,18.784623366792413,17.426696083896886,,,,,,18.432957914497287,#000000,1.4147655457882855,18.432957914497287,-0.38377942982401264,7,0.4008068077154994,2.805647654008496,0.0,0.0,0.0,0.0,53.42752011692873,7.513154985503782,True,False,True,False,False,0.0
2023-07-27 00:00:00+00:00,17.64,18.4,17.6,18.15,1010115,18.808827493309504,19.106345543872326,,,,,19.167915365317686,18.80680671649069,18.782197612435507,17.434290742908377,,,,,,18.435953404895706,"rgba(239, 83, 80, 0.5)",1.4140182727517179,18.435953404895706,-0.5629017815637972,7,0.40324661443028226,2.8227263010119756,0.0,0.0,0.0,0.0,52.91265462006591,7.513154985503782,True,False,False,False,False,0.0
2023-07-28 00:00:00+00:00,18.22,18.2999,17.84,17.85,843505,18.807358768294275,19.103458557536975,,,,,19.166063784863983,18.805408058740248,18.780718047810954,17.443751385379798,,,,,,18.441298591740356,#000000,1.4119892427429104,18.441298591740356,-0.156728242001664,7,0.4049964598787306,2.834975219151114,0.0,0.0,0.0,0.0,55.35129696756282,7.513154985503782,True,False,True,False,True,1.2461731141501282
2023-07-31 00:00:00+00:00,18.24,18.63,18.105,18.3,759154,18.806434945152244,19.101413355646056,,,,,19.16472847005366,18.804529212018004,18.779803533467717,17.454560313709155,18.325,,,,,18.424764306770168,#000000,1.4119531932114093,18.424764306770168,-0.1308572463014397,7,0.4058559896120242,2.8409919272841693,0.0,0.0,0.0,0.0,57.06370642931115,7.513154985503782,True,False,True,False,True,1.3304736954247787
2023-08-01 00:00:00+00:00,17.81,18.15,17.79,18.08,678039,18.804915524212404,19.09863982421227,,,,,19.16296121099443,18.803080892575732,18.778259271251425,17.459567792648702,18.1323564754351,,,,,18.41642855147987,#000000,1.4090724954016287,18.41642855147987,-0.4303742734734326,7,0.40657721023362353,2.846040471635365,0.0,0.0,0.0,0.0,55.505902276142926,7.513154985503782,True,False,True,False,True,0.0
2023-08-02 00:00:00+00:00,17.13,17.53,16.94,17.48,1488932,18.798919711830848,19.088929282080837,,,,,19.156876391386167,18.797358978373765,18.77208284873493,17.45353477063778,17.65793539237045,,,,,18.38010921654969,"rgba(239, 83, 80, 0.5)",1.409443018224468,18.38010921654969,-0.8869526475249102,7,0.4057065832635999,2.839946082845199,0.0,0.0,0.0,0.0,51.16856854051453,6.416237552643601,True,False,False,False,False,0.0
2023-08-03 00:00:00+00:00,16.6,17.27,15.84,17.15,2466967,18.785207775122366,19.067763192561245,,,,,19.14365810009565,18.78426403016437,18.757896393987085,17.42077162597041,17.160280112039622,,,,,18.31722688711034,"rgba(239, 83, 80, 1.0)",1.4143312429784411,18.31722688711034,-1.2141617429690867,7,0.40373229166268854,2.82612604163882,0.0,0.0,0.0,0.0,46.30275894438426,1.9358587920155585,False,False,False,True,False,0.0
2023-08-04 00:00:00+00:00,16.71,17.32,16.544,16.83,1356154,18.778712278565994,19.05760270454982,,,,,19.13725576543004,18.778058573958074,18.751191676571494,17.409528792119445,17.099541715030092,,,,,18.30035543765921,"rgba(239, 83, 80, 1.0)",1.4164759850475033,18.30035543765921,-1.1227549598067308,7,0.40219902021610665,2.8153931415127467,0.0,0.0,0.0,0.0,43.7109174539537,-0.3288106008812193,False,False,False,True,False,0.0
2023-08-07 00:00:00+00:00,16.63,16.83,16.39,16.78,751975,18.7746792417927,19.051395246700615,,,,,19.133346910632085,18.77420458265946,18.747023009550336,17.40084216337883,17.051134933721677,,,,,18.288508425736318,"rgba(239, 83, 80, 1.0)",1.4199978048454318,18.288508425736318,-1.1679654856345703,7,0.4000959940621768,2.8006719584352373,0.0,0.0,0.0,0.0,41.67381211857188,-2.1345174223929035,False,True,False,True,False,0.0
2023-08-08 00:00:00+00:00,16.32,16.5,16.2,16.5,631093,18.770873672091337,19.04562074835472,,,,,19.129716151303487,18.77056731866482,18.743084291221713,17.39117677508766,16.995948638808912,,,,,18.276084361157906,"rgba(239, 83, 80, 1.0)",1.427122386590017,18.276084361157906,-1.3706493427181092,7,0.397088288224542,2.779618017571794,0.0,0.0,0.0,0.0,39.14918725242437,-4.460054316702617,False,True,False,True,False,0.0
2023-08-09 00:00:00+00:00,16.16,16.46,15.9897,16.34,844062,18.76551711004095,19.037547461236002,,,,,19.124637537105855,18.765446798949135,18.73753784935827,17.376875159604598,16.921408438379437,,,,,18.25858555899185,"rgba(239, 83, 80, 1.0)",1.4289046393893992,18.25858555899185,-1.4686673282050646,6,0.44287164360806686,2.657229861648401,0.0,0.0,0.0,0.0,36.89559506546837,-6.565112686271398,False,True,False,True,False,0.0
2023-08-10 00:00:00+00:00,17.06,17.3,16.245,16.26,1348035,18.759217065856287,19.027751867369407,,,,,19.11840131315572,18.759422997986754,18.73104137331025,17.367281775709145,16.91447854192037,,,,,18.247019761846587,"rgba(239, 83, 80, 0.5)",1.4102214636632993,18.247019761846587,-0.8417257802636866,6,0.44212026736769056,2.6527216042061434,0.0,0.0,0.0,0.0,40.733779518379365,-6.565112686271398,False,True,False,True,True,0.0
2023-08-11 00:00:00+00:00,16.77,17.2,16.735,16.92,675826,18.75612971416426,19.022949441837344,,,,,19.11533391524512,18.75647036825729,18.727859364708234,17.36291945214809,16.913691413569847,,,,,18.241778759230712,"rgba(239, 83, 80, 1.0)",1.4055520924835077,18.241778759230712,-1.0471179027098079,6,0.44060706178258197,2.643642370695492,0.0,0.0,0.0,0.0,42.042235765827165,-6.565112686271398,False,True,False,True,True,0.0
2023-08-14 00:00:00+00:00,16.18,16.66,16.12,16.62,726640,18.75178406249633,19.016400836262626,,,,,19.111181231576374,18.752313901937658,18.72336464356788,17.35251850096696,16.876904131776374,,,,,18.230055287569908,"rgba(239, 83, 80, 1.0)",1.4072588779430857,18.230055287569908,-1.4567719697504151,6,0.4378421398756079,2.6270528392536474,0.0,0.0,0.0,0.0,40.71465865956698,-6.565112686271398,False,True,False,True,True,0.0
2023-08-15 00:00:00+00:00,15.7,16.05,15.695,16.0,943017,18.745001051831967,19.00636651927578,,,,,19.104838592951936,18.745825267911776,18.716336026439684,17.332873230489056,16.797866876323774,,,,,18.20882520191011,"rgba(255, 0, 0, 1.0)",1.409434210168349,18.20882520191011,-1.7800229225388566,6,0.4323066089602982,2.593839653761789,0.0,0.0,0.0,0.0,38.34779920332915,-6.565112686271398,False,True,False,True,True,0.0
2023-08-16 00:00:00+00:00,15.45,15.74,15.4,15.68,770899,18.738942199886765,18.997481877485807,,,,,19.099224098426948,18.740028448639432,18.710053513109365,17.314236571463834,16.725148153024403,,,,,18.189337209909503,"rgba(255, 0, 0, 1.0)",1.4086716891909252,18.189337209909503,-1.9446243087932364,6,0.42573934606047126,2.5544360763628275,0.0,0.0,0.0,0.0,36.06712719769983,-7.093252226481233,False,True,False,True,False,0.0
2023-08-17 00:00:00+00:00,15.33,15.6,15.23,15.55,525977,18.734637328946533,18.991196487080828,,,,,19.095250064723295,18.73590924566516,18.70558864987951,17.300736689779963,16.674742047908474,,,,,18.175526447446103,"rgba(255, 26, 202, 1.0)",1.40431798714148,18.175526447446103,-2.026269316138458,6,0.41882463395994485,2.512947803759669,0.0,0.0,0.0,0.0,34.21004034980741,-8.988568454626659,False,True,False,True,False,0.0
2023-08-18 00:00:00+00:00,15.37,15.475,15.052,15.22,905699,18.727057042747617,18.980162584918855,,,,,19.08826564143374,18.728654865105295,18.697726151462966,17.27688397736339,16.590962535774434,,,,,17.98024419339992,"rgba(255, 0, 0, 1.0)",1.4134642511182514,17.98024419339992,-1.846699830812732,6,0.41266919490482246,2.4760151694289347,0.0,0.0,0.0,0.0,33.24112434327115,-10.092217174559636,False,True,False,True,False,0.0
2023-08-21 00:00:00+00:00,15.58,15.63,15.35,15.5,618072,18.722235492042856,18.97312033848195,,,,,19.083791155300833,18.724039720184454,18.692728925068227,17.26271260931009,16.54823117110414,,,,,17.97106932484821,"rgba(255, 0, 0, 1.0)",1.412869203920688,17.97106932484821,-1.6923500903077453,6,0.4078971387627986,2.4473828325767917,0.0,0.0,0.0,0.0,34.03483525180035,-10.092217174559636,False,True,False,True,False,0.0
2023-08-22 00:00:00+00:00,15.37,15.67,15.25,15.54,394657,18.719078053005013,18.968521826393783,,,,,19.080867926215216,18.72101717204338,18.689455982246447,17.253321590494295,16.52044947399879,,,,,17.962548224628765,"rgba(255, 0, 0, 1.0)",1.4142641801202716,17.962548224628765,-1.833142818061256,6,0.40248545001868136,2.414912700112088,0.0,0.0,0.0,0.0,33.795915947601586,-10.092217174559636,False,True,False,True,False,0.0
2023-08-23 00:00:00+00:00,15.5,15.73,15.08,15.2,517289,18.71495703101478,18.962523783441938,,,,,19.07705042018604,18.717071824062142,18.685184720924198,17.241201744410997,16.486269966670296,,,,,17.951540974425637,"rgba(255, 0, 0, 1.0)",1.3835773843115797,17.951540974425637,-1.7718856944495653,6,0.39822240393092834,2.38933442358557,0.0,0.0,0.0,0.0,34.57436826174539,-10.092217174559636,False,True,False,True,False,0.0
2023-08-24 00:00:00+00:00,15.13,15.55,15.12,15.5,537425,18.710465087713374,18.95601438437686,,,,,19.072907960257048,18.712771027869284,18.680527459272664,17.227610027021548,16.447577598994215,,,,,17.937599216508993,"rgba(255, 26, 202, 1.0)",1.3479891330061973,17.937599216508993,-2.0828055269612356,6,0.39474544512686593,2.3684726707611956,0.0,0.0,0.0,0.0,33.68817226899711,-10.793496002333029,False,True,False,True,False,0.0
2023-08-25 00:00:00+00:00,15.18,15.33,15.065,15.25,526774,18.705977870216046,18.94952695235938,,,,,19.068776494390644,18.70847433953444,18.675874777881855,17.21396541280378,16.40970085320134,,,,,17.923576149629717,"rgba(255, 26, 202, 1.0)",1.3000902671364025,17.923576149629717,-2.1102966609178284,5,0.4413330973960502,2.206665486980251,0.0,0.0,0.0,0.0,33.484261652116544,-11.348717517728645,False,True,False,True,False,0.0
2023-08-28 00:00:00+00:00,15.53,15.57,15.25,15.31,600398,18.7012523642194,18.94266646281958,,,,,19.064391352950487,18.70394869372167,18.670978991384757,17.200593431233212,16.377808464099683,,,,,17.91210490678156,"rgba(255, 0, 0, 1.0)",1.2428586200970935,17.91210490678156,-1.9166338538131307,5,0.43895172386515624,2.194758619325781,0.0,0.0,0.0,0.0,35.936788707275994,-11.348717517728645,False,True,False,True,True,0.0
2023-08-29 00:00:00+00:00,15.77,15.89,15.5,15.51,468300,18.697881360851152,18.937746265956967,,,,,19.061233342428753,18.70071966201064,18.667489901064844,17.19189048854127,16.361188808216756,,,,,17.906080009905274,"rgba(255, 0, 0, 1.0)",1.1886836841233266,17.906080009905274,-1.7970129803545407,5,0.4366812377682046,2.183406188841023,0.0,0.0,0.0,0.0,39.15880283961866,-15.827995805932972,False,True,False,True,True,0.0
2023-08-30 00:00:00+00:00,15.79,15.9,15.5,15.76,667728,18.693104057940438,18.930778426085816,,,,,19.05675422315004,18.69614300386277,18.662546038794353,17.17973994125694,16.339241196781018,,,,,17.89730303418217,"rgba(255, 0, 0, 1.0)",1.1316038526266095,17.89730303418217,-1.862226811344648,5,0.43428401782039644,2.171420089101982,0.0,0.0,0.0,0.0,41.43959964769785,-13.600753504858915,False,True,False,True,True,0.0
2023-08-31 00:00:00+00:00,15.73,15.95,15.59,15.88,419586,18.690136909109796,18.926451799858206,,,,,19.0539683094882,18.693300127664177,18.659476098651748,17.172346147405726,16.326784188229365,,,,,17.891892916788294,"rgba(255, 26, 202, 1.0)",1.0450016940372149,17.891892916788294,-2.068793695861036,5,0.43203503938828114,2.1601751969414056,0.0,0.0,0.0,0.0,42.59831053535742,-12.43578267790906,False,True,False,True,True,0.0
2023-09-01 00:00:00+00:00,16.26,16.56,15.85,15.85,1717904,18.67997353197703,18.911449662912567,,,,,19.044218290369006,18.683558294193773,18.64898409338709,17.152578798525642,16.31845646451148,,,,,17.76208923969795,"rgba(255, 0, 0, 1.0)",0.9763669004654114,17.76208923969795,-1.5384475231410828,5,0.4319841086207233,2.1599205431036164,0.0,0.0,0.0,0.0,46.79545362465039,-8.444218410070413,False,False,False,False,True,0.0
2023-09-05 00:00:00+00:00,16.05,16.21,15.79,16.1,1037156,18.673365213827104,18.901782556438555,,,,,19.037935448126127,18.677222993428373,18.64215738354273,17.138471660582304,16.30446922327071,,,,,17.748476694780756,"rgba(255, 0, 0, 1.0)",0.8800190006139377,17.748476694780756,-1.930045480376932,5,0.4308098548062448,2.154049274031224,0.0,0.0,0.0,0.0,48.21048441877985,-7.1443234738305605,False,False,False,False,True,0.0
2023-09-06 00:00:00+00:00,15.52,16.14,15.475,15.99,629070,18.668914677262453,18.895333991769544,,,,,19.0337539632657,18.672956239103744,18.637554968099312,17.127804359630886,16.288260369782396,,,,,17.73543701333194,"rgba(255, 26, 202, 1.0)",0.8705651472898447,17.73543701333194,-2.544826220333784,5,0.42890072625667075,2.144503631283354,0.0,0.0,0.0,0.0,46.216022152324356,-7.1443234738305605,False,False,False,False,True,0.0
2023-09-07 00:00:00+00:00,15.28,15.66,15.15,15.66,665642,18.663666951796966,18.887795383436146,,,,,19.028878078236854,18.667925277043484,18.63212278801528,17.11395518110598,16.26225250991834,,,,,17.716792711505736,"rgba(255, 26, 202, 1.0)",0.8843326592704617,17.716792711505736,-2.7555159090426344,5,0.4260167159560938,2.130083579780469,0.0,0.0,0.0,0.0,43.771588241694765,-7.1443234738305605,False,True,False,True,False,0.0
2023-09-08 00:00:00+00:00,15.36,15.4,15.14,15.3,365247,18.660739403714206,18.88359841521412,,,,,19.026161981146,18.66511842951191,18.629092123674322,17.10617632802595,16.247631327611796,,,,,17.706864838321387,"rgba(255, 26, 202, 1.0)",0.8953547386975863,17.706864838321387,-2.6211564387710924,5,0.42369998489614813,2.1184999244807408,0.0,0.0,0.0,0.0,42.71688374351024,-1.6946140864284587,False,True,False,True,False,0.0
2023-09-11 00:00:00+00:00,15.09,15.5,15.09,15.46,857430,18.653737338905973,18.87358353187561,,,,,19.0196761885461,18.658404411785106,18.621842905303982,17.087443842565197,16.21246761762309,,,,,17.68399827123317,"rgba(255, 26, 202, 1.0)",0.9127146520332362,17.68399827123317,-2.8420692770238434,5,0.42092440407225595,2.1046220203612798,0.0,0.0,0.0,0.0,40.73010743436241,-3.6596895515126775,False,True,False,True,False,0.0
2023-09-12 00:00:00+00:00,15.09,15.31,14.89,15.04,804576,18.64694456149226,18.86390253119293,,,,,19.01340240092577,18.651890305034314,18.61480919637578,17.068997974024708,16.177535464233085,,,,,17.66223169195252,"rgba(255, 26, 202, 1.0)",0.9287960821204393,17.66223169195252,-2.7694256483943405,5,0.41811753311913014,2.090587665595651,0.0,0.0,0.0,0.0,39.40558989493052,-5.014599571340092,False,True,False,True,False,0.0
2023-09-13 00:00:00+00:00,15.17,15.29,14.95,15.0,441105,18.643273287097927,18.85867213317389,,,,,19.010006375401147,18.648369146702922,18.611008606353572,17.059231621762134,16.15997165826066,,,,,17.651418161611513,"rgba(255, 26, 202, 1.0)",0.9418713020098157,17.651418161611513,-2.6345618093645378,5,0.41575086191764077,2.078754309588204,0.0,0.0,0.0,0.0,39.21575515640327,-5.36471537453501,False,True,False,True,False,0.0
2023-09-14 00:00:00+00:00,15.53,15.62,15.27,15.27,461614,18.639807608364706,18.85370792845904,,,,,19.006767168396554,18.645044364526598,18.607424735937425,17.05088766373478,16.148056892551445,,,,,17.643732958435823,"rgba(255, 26, 202, 1.0)",0.947547293739996,17.643732958435823,-2.2307413808263434,5,0.4166311509005339,2.0831557545026693,0.0,0.0,0.0,0.0,41.94309340477941,-5.36471537453501,False,True,False,True,False,0.0
2023-09-15 00:00:00+00:00,15.79,15.835,15.41,15.42,685097,18.63501011689989,18.846812337817045,,,,,19.002248953582054,18.640440860968702,18.60246778369817,17.040253058228725,16.13626373666261,,,,,17.635400525855204,"rgba(255, 0, 0, 1.0)",0.9499490171242095,17.635400525855204,-1.9426311229225801,4,0.432330936872616,1.729323747490464,0.0,0.0,0.0,0.0,45.51607139033737,-9.99304610427724,False,False,False,True,True,0.0
2023-09-18 00:00:00+00:00,15.84,15.885,15.62,15.74,1305798,18.62622706721585,18.83417784820871,,,,,18.993937766259624,18.63201072739085,18.593398361488642,17.021936995285976,16.120070028848563,,,,,17.622236315204358,"rgba(255, 0, 0, 1.0)",0.9505432301755397,17.622236315204358,-1.8749660811063027,3,0.5307453998218493,1.5922361994655478,0.0,0.0,0.0,0.0,48.225180879763656,-7.442885960194424,False,False,False,False,True,0.0
2023-09-19 00:00:00+00:00,15.4,15.9,15.295,15.85,870716,18.619888365932365,18.825125539549628,,,,,18.98799014126765,18.62592640951089,18.586848309982816,17.00761443658981,16.10268164640486,,,,,17.609720321520335,"rgba(255, 26, 202, 1.0)",0.9548581329465496,17.609720321520335,-2.3141870454634637,3,0.5312757442077011,1.593827232623103,0.0,0.0,0.0,0.0,47.04265173419509,-7.442885960194424,False,False,False,False,True,0.0
2023-09-20 00:00:00+00:00,15.01,15.5,14.99,15.44,624307,18.61482417469853,18.817949543070238,,,,,18.98328921544518,18.62106573890101,18.581610101507284,16.995015430727282,16.08326015902717,,,,,17.59715947376714,"rgba(255, 26, 202, 1.0)",0.9705591775452097,17.59715947376714,-2.665638050335809,3,0.5323677170016717,1.5971031510050153,0.0,0.0,0.0,0.0,44.16749388925211,-7.442885960194424,False,True,False,True,False,0.0
2023-09-21 00:00:00+00:00,14.47,15.035,14.47,14.9,1224991,18.603471907829856,18.802001635263643,,,,,18.972874703385315,18.610170249911764,18.569855333077243,16.964052932443995,16.027516443283254,,,,,17.56376089321651,"rgba(255, 26, 202, 1.0)",0.9986521908043438,17.56376089321651,-3.097936320276536,3,0.5328686081478357,1.5986058244435069,0.0,0.0,0.0,0.0,39.998411557576915,-3.899378890621051,False,True,False,True,False,0.0
2023-09-22 00:00:00+00:00,14.45,14.62,14.18,14.54,939686,18.59427694012412,18.789142028630984,,,,,18.964474125287147,18.601344251579675,18.560331766167206,16.93842055310286,15.980584646343022,,,,,17.53620291281058,"rgba(255, 26, 202, 1.0)",1.0259032846958174,17.53620291281058,-3.0082786153917493,3,0.5349890198336301,1.6049670595008902,0.0,0.0,0.0,0.0,37.143939731106215,-6.5006271365224535,False,True,False,True,False,0.0
2023-09-25 00:00:00+00:00,14.97,15.035,14.3305,14.34,1023912,18.585167487777547,18.776367843030165,,,,,18.95608125694878,18.592597264945507,18.550906008253335,16.914995745775922,15.943597214159668,,,,,17.5131430115825,"rgba(255, 26, 202, 1.0)",1.0387963929211845,17.5131430115825,-2.448163113496152,2,0.7064079172763951,1.4128158345527901,0.0,0.0,0.0,0.0,39.10517184138512,-6.5006271365224535,False,True,False,True,False,0.0
2023-09-26 00:00:00+00:00,14.57,14.93,14.38,14.82,659007,18.579094524769335,18.767878498440655,,,,,18.95050156313206,18.586765429377188,18.544621072414248,16.899133553539983,15.918023558615333,,,,,17.49740886932339,"rgba(255, 26, 202, 1.0)",1.0615032685721264,17.49740886932339,-2.7577954359586414,2,0.7065256556153982,1.4130513112307963,0.0,0.0,0.0,0.0,38.617574948575836,-6.5006271365224535,False,True,False,True,False,0.0
2023-09-27 00:00:00+00:00,14.62,14.815,14.335,14.7,565857,18.57384658107626,18.76055248696438,,,,,18.94568148619394,18.5817253488277,18.53919019404848,16.885470958468762,15.896242922716363,,,,,17.483964582400258,"rgba(255, 26, 202, 1.0)",1.0820650927116093,17.483964582400258,-2.6467581309949524,2,0.7076498824231687,1.4152997648463375,0.0,0.0,0.0,0.0,38.64416750291966,-6.5006271365224535,False,True,False,True,False,0.0
2023-09-28 00:00:00+00:00,14.74,14.77,14.265,14.67,721864,18.567174579312077,18.751247622294297,,,,,18.939550305329732,18.57531681473763,18.5322865492998,16.86828699088997,15.869507308643561,,,,,17.467287374819524,"rgba(255, 26, 202, 1.0)",1.0989532283943289,17.467287374819524,-2.4817137839472383,1,0.6905377475900826,0.6905377475900826,0.0,0.0,0.0,0.0,39.53554402683882,-6.5006271365224535,False,True,False,True,False,0.0
2023-09-29 00:00:00+00:00,14.66,15.09,14.65,15.01,858440,18.559683556319726,18.740787719133266,,,,,18.932629840049778,18.568119695994994,18.524540487281577,16.850023637840724,15.844062353348061,,,,,17.450451329285766,"rgba(255, 26, 202, 1.0)",1.1167217950625339,17.450451329285766,-2.498788276205809,1,0.7081187877904965,0.7081187877904965,0.0,0.0,0.0,0.0,39.7111038653442,-6.5006271365224535,False,True,False,True,False,0.0
2023-10-02 00:00:00+00:00,14.42,14.71,14.36,14.64,448815,18.55546387014441,18.734921774928914,,,,,18.928755943252664,18.56406573591429,18.520174642672636,16.839208935575197,15.827508398603138,,,,,17.440055824542423,"rgba(255, 26, 202, 1.0)",1.1373633964110224,17.440055824542423,-2.655313010839176,1,0.7291072560876006,0.7291072560876006,0.0,0.0,0.0,0.0,38.61060873213344,-6.5006271365224535,False,True,False,True,False,0.0
2023-10-03 00:00:00+00:00,13.8,14.31,13.71,14.25,803704,18.546896082221718,18.723083541529064,,,,,18.9209665701211,18.555835559694415,18.511301834722616,16.81554560961872,15.786875940046666,,,,,17.41612520497681,"rgba(255, 26, 202, 1.0)",1.171922529186352,17.41612520497681,-3.085635026990591,1,0.7462075144736201,0.7462075144736201,0.0,0.0,0.0,0.0,35.37958660134832,-9.254201311651812,False,True,False,True,False,0.0
2023-10-04 00:00:00+00:00,13.72,13.8897,13.51,13.8,941631,18.53639172769765,18.708614564214326,,,,,18.91144506827913,18.545744394275708,18.500421342928153,16.786096960988957,15.7356984388185,,,,,17.38631466946127,"rgba(255, 26, 202, 1.0)",1.2046644630222108,17.38631466946127,-3.043432243583725,1,0.759990515659517,0.759990515659517,0.0,0.0,0.0,0.0,32.952035709063544,-11.685941494365686,False,True,False,True,False,0.0
2023-10-05 00:00:00+00:00,13.64,13.85,13.48,13.7,558781,18.530115600249257,18.69998254077614,,,,,18.905757245312234,18.53971439984067,18.49392096102443,16.768604961762314,15.705784134279087,,,,,17.368806143849767,"rgba(255, 26, 202, 1.0)",1.2397758007140485,17.368806143849767,-3.0076455288949515,1,0.7741520555937063,0.7741520555937063,0.0,0.0,0.0,0.0,31.05016678757636,-13.581175646209452,False,True,False,True,False,0.0
2023-10-06 00:00:00+00:00,14.02,14.13,13.378,13.53,870087,18.52074677572369,18.687093600615363,,,,,18.897238079905375,18.53071107880705,18.484221641167178,16.74335871396118,15.664956309665408,,,,,17.344232759501995,"rgba(255, 26, 202, 1.0)",1.2651023816419604,17.344232759501995,-2.627639318161362,1,0.8063363775804974,0.8063363775804974,0.0,0.0,0.0,0.0,33.09408154280172,-13.581175646209452,False,True,False,True,False,0.0
2023-10-09 00:00:00+00:00,14.02,14.075,13.76,13.84,483795,18.5156746075747,18.680117087804646,,,,,18.892615436422034,18.525835920882926,18.47897224074678,16.730029048086955,15.644331700778471,,,,,17.331526743657662,"rgba(255, 26, 202, 1.0)",1.2892207297783478,17.331526743657662,-2.5686266650606866,1,0.8289834951436986,0.8289834951436986,0.0,0.0,0.0,0.0,34.45669137961862,-13.581175646209452,False,True,False,True,True,0.0
2023-10-10 00:00:00+00:00,13.9,14.365,13.9,14.1,675329,18.508773052195437,18.67062495528386,,,,,18.886311773078223,18.519201368412855,18.471831693520073,16.712317795615718,15.618066161786194,,,,,17.314953674726482,"rgba(255, 26, 202, 1.0)",1.3146425815092264,17.314953674726482,-2.5976289850630514,1,0.8640382035950152,0.8640382035950152,0.0,0.0,0.0,0.0,34.75043449008313,-13.581175646209452,False,True,False,True,True,0.0
2023-10-11 00:00:00+00:00,14.06,14.2,13.83,13.84,630171,18.50231618362088,18.661754832363496,,,,,18.880414061938982,18.512993621020307,18.465151783635545,16.695847586949764,15.59394838884079,,,,,17.299629106962325,"rgba(255, 26, 202, 1.0)",1.3358069666880685,17.299629106962325,-2.4252224967762332,0,,,0.0,0.0,0.0,0.0,36.40774467447502,-13.581175646209452,False,True,False,True,True,0.0
2023-10-12 00:00:00+00:00,13.21,14.02,13.17,14.02,1546750,18.484560146700673,18.63749571151353,,,,,18.86432450816533,18.4959237399131,18.446769117756826,16.64790224583835,15.517501297850885,,,,,17.253551310762575,"rgba(255, 26, 202, 1.0)",1.3763949516992535,17.253551310762575,-2.9377841772599744,0,,,0.0,0.0,0.0,0.0,33.755015950114085,-13.581175646209452,False,True,False,True,True,0.0
2023-10-13 00:00:00+00:00,12.92,13.29,12.76,13.19,1498585,18.465853170447676,18.612060292818246,,,,,18.847458338040123,18.477938113313773,18.427394986876312,16.59602887249286,15.43246098539212,,,,,17.203338303031423,"rgba(255, 26, 202, 1.0)",1.422272638933755,17.203338303031423,-3.0116154848078516,0,,,0.0,0.0,0.0,0.0,31.0737425325406,-13.698474716213653,False,True,False,True,False,0.0
2023-10-16 00:00:00+00:00,12.83,13.05,12.695,13.04,1158376,18.451134512470936,18.592098888918237,,,,,18.834195779784483,18.46378427901587,18.41215282461512,16.555501377903948,15.367210898018081,,,,,17.164530202730262,"rgba(255, 26, 202, 1.0)",1.4650647435191497,17.164530202730262,-2.958592937209403,0,,,0.0,0.0,0.0,0.0,29.01357240980102,-15.672883906372675,False,True,False,True,False,0.0
2023-10-17 00:00:00+00:00,13.35,13.39,12.68,12.7,1172174,18.437065123378172,18.573025576780186,,,,,18.821464655168707,18.45025028880486,18.39759173258617,16.51843299189435,15.31151085189777,,,,,17.13003661448241,"rgba(255, 26, 202, 1.0)",1.4791876635992725,17.13003661448241,-2.555481435860908,0,,,0.0,0.0,0.0,0.0,31.85077395198153,-15.672883906372675,False,True,False,True,True,0.0
2023-10-18 00:00:00+00:00,12.72,13.24,12.66,13.23,1253289,18.421351189057017,18.551785722910665,,,,,18.80727940129744,18.435132792262266,18.381326566664768,16.476620387709428,15.248013091753618,,,,,17.091038319778995,"rgba(255, 26, 202, 1.0)",1.5027199603650079,17.091038319778995,-2.908751088071844,0,,,0.0,0.0,0.0,0.0,31.451948151872855,-15.672883906372675,False,True,False,True,True,0.0
2023-10-19 00:00:00+00:00,12.16,12.36,11.48,11.99,4020892,18.363687980319884,18.4743806317381,,,,,18.755591237004378,18.379650579519815,18.32161155796617,16.317720526018658,14.997556938979079,,,,,16.94150721354743,"rgba(255, 26, 202, 1.0)",1.5480501190760276,16.94150721354743,-3.088728946580443,0,,,0.0,0.0,0.0,0.0,29.63448331463973,-15.672883906372675,False,True,False,True,True,0.0
2023-10-20 00:00:00+00:00,12.16,12.3,11.98,12.06,929903,18.35080343827608,18.457138660138504,,,,,18.744006088610227,18.367247132017244,18.308276896563765,16.283759270787492,14.947607218080796,,,,,16.910428003071132,"rgba(255, 26, 202, 1.0)",1.5928431942415346,16.910428003071132,-2.9823575981897874,0,,,0.0,0.0,0.0,0.0,28.422840089817647,-16.19857404875163,False,True,False,True,False,0.0
2023-10-23 00:00:00+00:00,12.17,12.35,11.91,12.07,745703,18.340504123362415,18.443372539228616,,,,,18.73474041108432,18.357330921714613,18.297619409161193,16.256900583727557,14.908752675429096,,,,,16.885999080095736,"rgba(255, 26, 202, 1.0)",1.6329150631933487,16.885999080095736,-2.888085967480189,0,,,0.0,0.0,0.0,0.0,27.695744251570506,-17.054315857614903,False,True,False,True,False,0.0
2023-10-24 00:00:00+00:00,12.09,12.475,12.045,12.37,1230778,18.32374358097263,18.420997618974972,,,,,18.719642928978622,18.34119057805807,18.280280370757517,16.21396020678281,14.84826734609329,,,,,16.847296624261663,"rgba(255, 26, 202, 1.0)",1.6648053967383527,16.847296624261663,-2.857569199128046,0,,,0.0,0.0,0.0,0.0,26.966328123077275,-17.95811645196197,False,True,False,True,False,0.0
2023-10-25 00:00:00+00:00,12.01,12.16,11.905,11.95,1509312,18.30271930479113,18.39299644176256,,,,,18.700719703475784,18.320941026618105,18.258531554001806,16.160241121605342,14.772928293413505,,,,,16.798970294704375,"rgba(255, 26, 202, 1.0)",1.684037405161215,16.798970294704375,-2.8437434228166216,0,,,0.0,0.0,0.0,0.0,26.226235628607277,-18.898622546095762,False,True,False,True,False,0.0
2023-10-26 00:00:00+00:00,11.34,12.15,11.285,12.04,1738427,18.277017196972697,18.358872842072135,,,,,18.677649825571876,18.296183622324815,18.231939480036868,16.0937425045811,14.678065135402838,,,,,16.738882174935505,"rgba(255, 26, 202, 1.0)",1.7203152864184001,16.738882174935505,-3.1383097142475984,0,,,0.0,0.0,0.0,0.0,23.95366252279171,-21.256411276895918,False,True,False,True,False,0.0
2023-10-27 00:00:00+00:00,11.32,11.535,11.2,11.53,1114790,18.260050739381242,18.336400544589647,,,,,18.662436181912884,18.279838351509177,18.214385993134574,16.04988922299163,14.615651013550945,,,,,16.699316820560462,"rgba(255, 26, 202, 1.0)",1.7512576896321208,16.699316820560462,-3.0716877661165167,0,,,0.0,0.0,0.0,0.0,22.39311616104139,-22.879143131415017,False,True,False,True,False,0.0
2023-10-30 00:00:00+00:00,11.19,11.54,11.1,11.4,1962222,18.23006590478285,18.296772620491282,,,,,18.6355373407291,18.250944568771857,18.18337014738958,15.97343736633269,14.508901340490768,,,,,16.630775235002602,"rgba(255, 26, 202, 1.0)",1.7923964731937119,16.630775235002602,-3.0354753071501914,0,,,0.0,0.0,0.0,0.0,21.045196569400694,-24.28924659116241,False,True,False,True,False,0.0
2023-10-31 00:00:00+00:00,11.1,11.22,10.87,11.12,2667656,18.188473805093498,18.241990618735567,,,,,18.598229785245678,18.210853585387113,18.140357195620556,15.868798394985223,14.365379816248865,,,,,16.53750295107736,"rgba(255, 26, 202, 1.0)",1.83283221980248,16.53750295107736,-2.9667216084096055,0,,,0.0,0.0,0.0,0.0,19.93142605536273,-25.482984938533438,False,True,False,True,False,0.0
2023-11-01 00:00:00+00:00,10.13,10.8184,9.8,10.43,5178551,18.10002970172503,18.12618837067827,,,,,18.51913623386676,18.12557261919388,18.04889154678702,15.645564066645086,14.057464470853356,,,,,15.954008769353408,"rgba(255, 26, 202, 1.0)",1.8911554978682368,15.954008769353408,-3.0796033303017083,0,,,0.0,0.0,0.0,0.0,17.452137114788357,-27.93857715737746,False,True,False,True,False,0.0
2023-11-02 00:00:00+00:00,10.27,10.4399,10.145,10.32,2637857,18.055931525681327,18.068741510134043,,,,,18.4795912873665,18.083023286232656,18.003319386803526,15.539239908199761,13.918981977429768,,,,,15.863578019781903,"rgba(255, 26, 202, 1.0)",1.9329725323477709,15.863578019781903,-2.8937700490694476,0,,,0.0,0.0,0.0,0.0,17.10133972864331,-28.37172108591529,False,True,False,True,False,0.0
2023-11-03 00:00:00+00:00,10.4,10.565,10.22,10.42,3446749,17.99986058935456,17.995978529364784,,,,,18.429174997470817,18.02889209866041,17.94541022927533,15.409286895807226,13.75769058307414,,,,,15.75562973795061,"rgba(255, 26, 202, 1.0)",1.9757870549445937,15.75562973795061,-2.7106310493064725,0,,,0.0,0.0,0.0,0.0,18.082663053134105,-28.37172108591529,False,True,False,True,False,0.0
2023-11-06 00:00:00+00:00,10.11,10.52,10.07,10.5,2259823,17.962769566265948,17.948017748297556,,,,,18.39580170216654,17.993070526376304,17.90711604916807,15.324956114481495,13.655011623763373,,,,,15.683924196150278,"rgba(255, 26, 202, 1.0)",2.024717193020264,15.683924196150278,-2.7529396279959837,0,,,0.0,0.0,0.0,0.0,18.09100664071768,-28.37172108591529,False,True,False,True,False,0.0
2023-11-07 00:00:00+00:00,10.39,10.4,9.965,10.06,2510257,17.922078004501955,17.895556971256184,,,,,18.3591297294597,17.953756300811644,17.86512207323434,15.234770054710744,13.548322795687286,,,,,15.60794785161537,"rgba(255, 26, 202, 1.0)",2.0574188062094434,15.60794785161537,-2.5361622222306965,0,,,0.0,0.0,0.0,0.0,20.638052374380816,-28.37172108591529,False,True,False,True,True,0.0
2023-11-08 00:00:00+00:00,10.64,10.88,10.24,10.4,1792174,17.894545786426992,17.860160910357493,,,,,18.33422303820023,17.927141932315223,17.836728503159073,15.17651811551472,13.483489675813175,,,,,15.561125329940392,"rgba(255, 26, 202, 1.0)",2.0794868996379643,15.561125329940392,-2.3665094167206115,0,,,0.0,0.0,0.0,0.0,24.410134315975725,-29.954886960976772,False,True,False,True,True,0.0
2023-11-09 00:00:00+00:00,10.28,10.87,10.26,10.66,1236775,17.875364677825683,17.835544830485734,,,,,18.316870445297667,17.90859714843135,17.816949774481106,15.136162406324356,13.438642945997874,,,,,15.528108031617247,"rgba(255, 26, 202, 1.0)",2.0982408075544225,15.528108031617247,-2.5011943399071113,0,,,0.0,0.0,0.0,0.0,25.676939561894557,-28.79096830742137,False,True,False,True,True,0.0
2023-11-10 00:00:00+00:00,10.13,10.3359,9.96,10.21,3459540,17.819879795801157,17.764522767098917,,,,,18.266723258623838,17.854943525320156,17.759738800078015,15.019184179965226,13.306892449346327,,,,,15.429131667933305,"rgba(255, 26, 202, 1.0)",2.1213365071522072,15.429131667933305,-2.4980155906745485,0,,,0.0,0.0,0.0,0.0,26.042258644757137,-28.40343295201317,False,True,False,True,True,0.0
2023-11-13 00:00:00+00:00,10.02,10.17,9.918,10.1,1375803,17.79773350859078,17.736253935525827,,,,,18.246693226504508,17.833521482308022,17.736910064196408,14.973194791958822,13.25572049246469,,,,,15.390042263892548,"rgba(255, 26, 202, 1.0)",2.1286578523220694,15.390042263892548,-2.5227362199305916,0,,,0.0,0.0,0.0,0.0,25.933421964778454,-28.382419955034216,False,True,False,True,True,0.0
2023-11-14 00:00:00+00:00,10.71,10.79,10.3,10.33,2149632,17.765878179613377,17.695701720134746,,,,,18.217727997006264,17.802688515817866,17.704102696778588,14.911030688857007,13.192352822746166,,,,,15.340193742668607,"rgba(255, 26, 202, 1.0)",2.1133311308142466,15.340193742668607,-2.1909456947641877,0,,,0.0,0.0,0.0,0.0,31.162669493864463,-23.37888516882333,False,True,False,True,True,0.0
2023-11-15 00:00:00+00:00,11.01,11.33,10.77,10.77,1541736,17.744586003101524,17.66867240277225,,,,,18.198271727703034,17.782067067485748,17.682192996507975,14.871930220621119,13.156082826698386,,,,,14.984007709101572,"rgba(255, 0, 0, 1.0)",2.098057230902985,14.984007709101572,-1.8941369427711918,0,,,0.0,0.0,0.0,0.0,36.45645341305263,-18.55684057371169,False,False,False,True,True,0.0
2023-11-16 00:00:00+00:00,10.51,10.99,10.38,10.89,1366567,17.72467864987507,17.643427056118313,,,,,18.180131694755048,17.762788757648583,17.661701920109433,14.834291104223562,13.11891440651642,,,,,14.945194767783235,"rgba(255, 26, 202, 1.0)",2.1044660618326834,14.945194767783235,-2.107515463528467,0,,,0.0,0.0,0.0,0.0,37.70372388435209,-17.601847894885765,False,False,False,True,True,0.0
2023-11-17 00:00:00+00:00,10.84,10.92,10.62,10.67,1172044,17.70809231253037,17.62242986493728,,,,,18.164984650642644,17.746721399676375,17.64463632190056,14.803795156420376,13.089970365602909,,,,,14.92125339418302,"rgba(255, 0, 0, 1.0)",2.1106707272616156,14.92125339418302,-1.9336286524796027,0,,,0.0,0.0,0.0,0.0,40.439952537589505,-15.149231991434803,True,False,False,True,True,0.0
2023-11-20 00:00:00+00:00,10.85,11.128,10.735,11.04,1181286,17.691722381759934,17.601738820015353,,,,,18.15000982664678,17.730859451666078,17.62779902936287,14.774358885109935,13.06289321741459,,,,,14.899946658672798,"rgba(255, 0, 0, 1.0)",2.1118159812679935,14.899946658672798,-1.917755474244066,0,,,0.0,0.0,0.0,0.0,42.32134654400319,-13.46631899154552,True,False,False,True,True,0.0
2023-11-21 00:00:00+00:00,10.63,10.86,10.575,10.77,756328,17.68095046982562,17.588132904160645,,,,,18.140169611993745,17.720422148712636,17.616718003917455,14.754705364629793,13.044206547364652,,,,,14.883750896389287,"rgba(255, 26, 202, 1.0)",2.11570810670871,14.883750896389287,-2.010556599419856,0,,,0.0,0.0,0.0,0.0,42.47955468341914,-13.298360408957599,True,False,False,True,True,0.0
2023-11-22 00:00:00+00:00,10.64,10.9,10.57,10.81,936408,17.667688123467865,17.57139792951936,,,,,18.128046816136006,17.70757000502905,17.6030771417406,14.73072158017526,13.021618917521375,,,,,14.864383387100009,"rgba(255, 0, 0, 1.0)",2.1219968752896174,14.864383387100009,-1.990758533291172,0,,,0.0,0.0,0.0,0.0,42.652811328630555,-12.972273034967245,True,False,False,True,True,0.0
2023-11-24 00:00:00+00:00,10.69,10.86,10.65,10.65,448537,17.661380623863955,17.563445592861992,,,,,18.122277423308294,17.701456819226088,17.596590580321827,14.71941853864537,13.011091217847868,,,,,14.855436869406812,"rgba(255, 0, 0, 1.0)",2.127363906149898,14.855436869406812,-1.9580274241586706,0,,,0.0,0.0,0.0,0.0,43.132681455489134,-12.270007291372686,True,False,False,True,True,0.0
2023-11-27 00:00:00+00:00,10.65,10.725,10.48,10.7,942596,17.64794339459702,17.54651360080632,,,,,18.109994148058913,17.688433436726495,17.582771237767126,14.695193075923797,12.988178816322694,,,,,14.835460654015066,"rgba(255, 0, 0, 1.0)",2.112862368302193,14.835460654015066,-1.9809433481359813,0,,,0.0,0.0,0.0,0.0,43.20868114555587,-11.895824820887576,True,False,False,True,True,0.0
2023-11-28 00:00:00+00:00,10.85,10.93,10.5,10.65,948304,17.634747832782384,17.52990880289449,,,,,18.0979099186821,17.675640996012792,17.569205019267407,14.67194494659427,12.9669179948224,,,,,14.817435344549589,"rgba(255, 0, 0, 1.0)",2.097962357635194,14.817435344549589,-1.8910898616034513,0,,,0.0,0.0,0.0,0.0,44.83847960399964,-10.052979692955716,True,False,False,False,True,0.0
2023-11-29 00:00:00+00:00,10.99,11.28,10.96,10.99,1642380,17.613060676716586,17.502678376083846,,,,,18.077973957847636,17.65460639304395,17.546923459957522,14.635531687652726,12.936188365877852,,,,,14.792586113847378,"rgba(255, 0, 0, 1.0)",2.0898834572446936,14.792586113847378,-1.8195206534917092,0,,,0.0,0.0,0.0,0.0,46.97182251765099,-7.813592410048713,True,False,False,False,True,0.0
2023-11-30 00:00:00+00:00,11.1,11.12,10.73,11.01,1449106,17.593772878142516,17.478496329763324,,,,,18.060244583567155,17.63589641025329,17.527108830525144,14.603183929213843,12.9085731084053,,,,,14.76908425269949,"rgba(255, 0, 0, 1.0)",2.0862673854527305,14.76908425269949,-1.758683607999403,0,,,0.0,0.0,0.0,0.0,49.20180922180299,-5.562867815712401,True,False,False,False,True,0.0
2023-12-01 00:00:00+00:00,11.73,11.7892,10.97,11.14,2136959,17.567725348814278,17.445952443471427,,,,,18.03614442950814,17.610609195311532,17.500380011253082,14.5631285173455,12.87972617048656,,,,,14.74559471519217,"rgba(239, 83, 80, 1.0)",2.077407020284686,14.74559471519217,-1.4516147705994151,0,,,0.0,0.0,0.0,0.0,54.3713714029174,-0.6773490304652228,True,False,True,False,True,0.0
2023-12-04 00:00:00+00:00,11.64,12.0483,11.595,11.7,1424408,17.551237996823698,17.4254123969246,,,,,18.02082456346681,17.594593890380963,17.483474593314174,14.5392534504945,12.864699543380915,,,,,14.733049369323087,"rgba(239, 83, 80, 1.0)",2.0699204667665154,14.733049369323087,-1.494284161630051,0,,,0.0,0.0,0.0,0.0,57.03873167892568,1.7107210985618693,True,False,True,False,True,0.0
2023-12-05 00:00:00+00:00,11.51,11.695,11.33,11.5,1268029,17.536010390905705,17.406452105390585,,,,,18.006708458003967,17.579803965624233,17.46785636378717,14.516461491764431,12.848710700818645,,,,,14.71857407534578,"rgba(255, 0, 0, 1.0)",2.061924999291408,14.71857407534578,-1.5561061030097718,0,,,0.0,0.0,0.0,0.0,57.68865344043506,2.2605315162186415,True,False,True,False,True,0.0
2023-12-06 00:00:00+00:00,11.87,11.91,11.525,11.68,1774699,17.515729260916814,17.381265613298442,,,,,17.98783111255361,17.560095193905497,17.447070252980765,14.487808781389276,12.831133257346174,,,,,14.702178239793767,"rgba(239, 83, 80, 1.0)",2.0460071156076873,14.702178239793767,-1.3842465249455298,0,,,0.0,0.0,0.0,0.0,60.061244058420904,4.516665647369578,True,False,True,False,True,0.0
2023-12-07 00:00:00+00:00,11.95,12.295,11.86,11.89,1502173,17.499465008359536,17.36112650725546,,,,,17.97262293064421,17.544280396406656,17.430414862606234,14.466351645570677,12.82031838876839,,,,,14.69142749973083,"rgba(239, 83, 80, 1.0)",2.031620371362107,14.69142749973083,-1.349379804600419,0,,,0.0,0.0,0.0,0.0,62.03614092587507,6.400131282540862,True,False,True,False,True,0.0
2023-12-08 00:00:00+00:00,11.72,12.16,11.705,11.87,1112284,17.48710417353241,17.345829877096634,,,,,17.961084735562665,17.53226195194015,17.417754206605313,14.449588521694734,12.8107718582074,,,,,14.681615966668634,"rgba(239, 83, 80, 1.0)",2.0156504505342467,14.681615966668634,-1.469310299255339,0,,,0.0,0.0,0.0,0.0,61.24485286331306,6.400131282540862,True,False,True,False,True,0.0
2023-12-11 00:00:00+00:00,11.71,11.93,11.635,11.7,744480,17.4787095697121,17.335446884041882,,,,,17.95325581433286,17.52409999062024,17.409155213683785,14.438045348349675,12.80380344847594,,,,,14.674362045440219,"rgba(239, 83, 80, 1.0)",2.004368535281224,14.674362045440219,-1.4789505987851188,0,,,0.0,0.0,0.0,0.0,60.626592572113154,6.400131282540862,True,False,True,False,True,0.0
2023-12-12 00:00:00+00:00,11.35,11.73,11.25,11.73,1113450,17.465511511494505,17.319116787120265,,,,,17.940990123880454,17.51127131159137,17.395628952292277,14.418957101576673,12.790463194775704,,,,,14.660659347023904,"rgba(255, 0, 0, 1.0)",1.994428247903697,14.660659347023904,-1.659954099879838,0,,,0.0,0.0,0.0,0.0,57.18503480382442,6.400131282540862,True,False,True,False,False,0.0
2023-12-13 00:00:00+00:00,12.53,12.56,11.31,11.31,2220790,17.442355858497788,17.29060826447418,,,,,17.919246852079826,17.488736571594973,17.37193922866603,14.39026475210476,12.777857947665153,,,,,14.645473292376035,"rgba(239, 83, 80, 1.0)",1.9699974573542367,14.645473292376035,-1.0738456968453034,0,,,0.0,0.0,0.0,0.0,60.78091049758136,6.400131282540862,True,False,True,False,True,0.0
2023-12-14 00:00:00+00:00,12.75,13.305,12.48,13.03,2607956,17.419029651678866,17.262092201449594,,,,,17.897035086760262,17.465997889019622,17.34813290771931,14.367815523098807,12.779337100278932,,,,,14.421753903465776,"rgba(239, 83, 80, 0.5)",1.939417828502587,14.421753903465776,-0.8619874886663939,0,,,1.0,0.0,13.305,532.0,63.90373320886971,7.962739728091158,True,False,True,False,True,0.0
2023-12-15 00:00:00+00:00,12.67,12.975,12.605,12.69,1371209,17.406607151939898,17.246925975964558,,,,,17.88521628032486,17.45388750135376,17.335454247022668,14.355551690347285,12.779001179071116,,,,,14.416910889502168,"rgba(239, 83, 80, 0.5)",1.9070690969497457,14.416910889502168,-0.9160186656562458,0,,,0.0,0.0,0.0,0.0,65.36675181481368,9.311633443416639,True,False,True,False,True,0.0
2023-12-18 00:00:00+00:00,11.96,12.789,11.94,12.71,1613032,17.390454727558616,17.227165764154726,,,,,17.86998069640516,17.43815363873277,17.31894651084803,14.336761952344517,12.77170012340192,,,,,14.398475597697413,"rgba(239, 83, 80, 1.0)",1.8764618325479436,14.398475597697413,-1.299507165773972,0,,,0.0,0.0,0.0,0.0,61.66801796344265,9.311633443416639,True,False,True,False,False,0.0
2023-12-19 00:00:00+00:00,12.65,12.665,12.03,12.12,1651064,17.374721634575366,17.207978170175856,,,,,17.855071968521745,17.42281866957379,17.302881002515708,14.319830622155475,12.767360053158711,,,,,14.38836155304503,"rgba(239, 83, 80, 0.5)",1.8291811489504957,14.38836155304503,-0.9503495889635784,0,,,0.0,0.0,0.0,0.0,61.94579289176117,9.311633443416639,True,False,True,False,False,0.0
2023-12-20 00:00:00+00:00,12.28,12.8301,12.27,12.55,992525,17.365334265286002,17.196545834908722,,,,,17.846168399948294,17.413667018877245,17.29329739758557,14.309860529085922,12.764900312740982,,,,,14.38277980371384,"rgba(239, 83, 80, 1.0)",1.7853483067952753,14.38277980371384,-1.1777980776694261,0,,,0.0,0.0,0.0,0.0,60.13139863223263,9.311633443416639,True,False,True,False,False,0.0
2023-12-21 00:00:00+00:00,12.7,12.82,12.48,12.49,912820,17.357094703910796,17.18653664517721,,,,,17.83831888983521,17.405629889198853,17.284892219378307,14.301798764015336,12.764182505541195,,,,,14.380055288617495,"rgba(239, 83, 80, 0.5)",1.7520847299434699,14.380055288617495,-0.9588892933686498,0,,,0.0,0.0,0.0,0.0,60.47345849384384,9.311633443416639,True,False,True,False,False,0.0
2023-12-22 00:00:00+00:00,12.04,12.6,12.04,12.5,1588275,17.341488386903315,17.167540885993258,,,,,17.82356039104258,17.39041784523436,17.26895361840814,14.2842342556884,12.757434235119462,,,,,14.36713601274939,"rgba(239, 83, 80, 1.0)",1.7235068691270454,14.36713601274939,-1.350233094184349,0,,,0.0,0.0,0.0,0.0,57.5190868769393,13.576958180946491,True,False,True,False,False,0.0
2023-12-26 00:00:00+00:00,12.16,12.25,11.92,12.11,839454,17.33309097189282,17.157323995230797,,,,,17.815629423001358,17.382232998662314,17.26037609024072,14.274550825184331,12.753166515879348,,,,,14.359542440513811,"rgba(239, 83, 80, 1.0)",1.6911580018991632,14.359542440513811,-1.3006132118014606,0,,,0.0,0.0,0.0,0.0,56.0378617972184,12.026840500871103,True,False,True,False,False,0.0
2023-12-27 00:00:00+00:00,11.98,12.185,11.91,12.08,909394,17.32387673549865,17.14611674147415,,,,,17.806934860097442,17.373252316585344,17.250963220255887,14.263749337912627,12.748003590878067,,,,,14.350757938520749,"rgba(239, 83, 80, 1.0)",1.663742118790656,14.350757938520749,-1.4249551728870153,0,,,0.0,0.0,0.0,0.0,54.20861483134534,10.13582817902872,True,False,True,False,False,0.0
2023-12-28 00:00:00+00:00,12.22,12.31,11.9371,12.05,750562,17.316482878121043,17.137138848326554,,,,,17.79994027492528,17.36604340625701,17.24341349217735,14.255428150422992,12.744557633435939,,,,,14.344706954600195,"rgba(239, 83, 80, 1.0)",1.634245319946167,14.344706954600195,-1.3001150614708097,0,,,0.0,0.0,0.0,0.0,54.06433785120299,9.79603685703944,True,False,True,False,False,0.0
2023-12-29 00:00:00+00:00,11.85,12.35,11.85,12.17,1009993,17.306299519636344,17.124772845968955,,,,,17.790324120892194,17.356116107763157,17.233012784829846,14.243599276520719,12.738903359002704,,,,,14.335346544531859,"rgba(255, 0, 0, 1.0)",1.6023522348987036,14.335346544531859,-1.551061302503801,0,,,0.0,0.0,0.0,0.0,52.18274878331685,7.776259168365769,True,False,False,False,False,0.0
2024-01-02 00:00:00+00:00,11.54,11.865,11.51,11.72,1052803,17.294969850009185,17.11099609681853,,,,,17.77967974954279,17.345076719967025,17.221432067251406,14.229329044980597,12.730063312695556,,,,,14.322055216819185,"rgba(255, 0, 0, 1.0)",1.5606167988308275,14.322055216819185,-1.7826638921889268,0,,,0.0,0.0,0.0,0.0,49.571349521111784,5.131136902879533,True,False,False,False,False,0.0
2024-01-03 00:00:00+00:00,11.26,11.46,11.105,11.44,1158748,17.28175470975656,17.094911343383107,,,,,17.76731612286684,17.332205150513328,17.207915378925875,14.211625128507123,12.717312492885265,,,,,14.013062557155507,"rgba(255, 0, 0, 1.0)",1.5099408376931596,14.013062557155507,-1.8232916737066005,0,,,0.0,0.0,0.0,0.0,46.69072781171475,2.3127097119378845,False,False,False,True,False,0.0
2024-01-04 00:00:00+00:00,11.33,11.525,11.12,11.27,811923,17.272606301860314,17.083790019081754,,,,,17.758747523760988,17.32329282922152,17.198560436341932,14.199555136635869,12.708815597216594,,,,,14.00281742830477,"rgba(255, 0, 0, 1.0)",1.4527027684056781,14.00281742830477,-1.8398928441763425,0,,,0.0,0.0,0.0,0.0,45.17910215227401,0.8140773313716991,False,False,False,True,False,0.0
2024-01-05 00:00:00+00:00,11.4,11.525,11.17,11.25,1265085,17.258503214693835,17.066666460053,,,,,17.745524552961015,17.309551071237294,17.184142192815468,14.181207249330416,12.696157804753117,,,,,13.987594920037631,"rgba(255, 0, 0, 1.0)",1.404924197243463,13.987594920037631,-1.8418039386855405,0,,,0.0,0.0,0.0,0.0,44.60185241472094,0.13742776063600104,False,False,False,True,False,0.0
2024-01-08 00:00:00+00:00,11.94,12.0,11.38,11.4,1559993,17.242403466598315,17.047193970603747,,,,,17.730332933601268,17.29385094317227,17.167701421983967,14.162140128277969,12.685562216931313,,,,,13.980547012942386,"rgba(239, 83, 80, 1.0)",1.36341076015304,13.980547012942386,-1.4966487522170793,0,,,0.0,0.0,0.0,0.0,47.21967044217138,0.13742776063600104,False,False,False,True,True,0.0
2024-01-09 00:00:00+00:00,11.8,12.185,11.77,11.85,1240142,17.23000952752873,17.032238719616707,,,,,17.718603761079564,17.28175941759948,17.15505207811133,14.148103581912325,12.678622630389617,,,,,13.975462768829582,"rgba(255, 0, 0, 1.0)",1.3344336720966745,13.975462768829582,-1.6302517047636198,0,,,0.0,0.0,0.0,0.0,48.20512455563656,0.13742776063600104,False,False,False,False,True,0.0
2024-01-10 00:00:00+00:00,11.64,11.88,11.59,11.87,874679,17.22095023223834,17.02130177916893,,,,,17.710053950071437,17.27292330345628,17.145802238285672,14.137364227480475,12.672440223039171,,,,,13.968109252960371,"rgba(255, 0, 0, 1.0)",1.3047984622259552,13.968109252960371,-1.7842673181792927,0,,,0.0,0.0,0.0,0.0,47.99579324203305,0.13742776063600104,False,False,False,False,True,0.0
2024-01-11 00:00:00+00:00,11.87,11.89,11.32,11.71,984420,17.21077136175819,17.009023169345095,,,,,17.700444495110975,17.26299419818893,17.135410285206852,14.125340566707548,12.665504390884234,,,,,13.959595826968272,"rgba(255, 0, 0, 1.0)",1.2575742128801353,13.959595826968272,-1.6616083612136223,0,,,0.0,0.0,0.0,0.0,49.17907436687543,0.13742776063600104,False,False,False,False,True,0.0
2024-01-12 00:00:00+00:00,11.78,12.08,11.695,12.07,1285309,17.197917367762557,16.99355150550647,,,,,17.68827348933796,17.250450347477226,17.122294525451608,14.110829322723971,12.658046172940065,,,,,13.951124680342634,"rgba(255, 0, 0, 1.0)",1.2198773679321149,13.951124680342634,-1.7797892947411873,0,,,0.0,0.0,0.0,0.0,49.42572961217063,0.13742776063600104,False,False,False,False,True,0.0
2024-01-16 00:00:00+00:00,11.56,11.99,11.48,11.63,1402925,17.18350037371695,16.976198516964285,,,,,17.67464983887276,17.23638318158463,17.107579823131672,14.093989480265607,12.648326793430135,,,,,13.938558135963925,"rgba(255, 26, 202, 1.0)",1.178759968383409,13.938558135963925,-2.017847738098842,0,,,0.0,0.0,0.0,0.0,48.288692838212036,0.13742776063600104,False,False,False,False,True,0.0
2024-01-17 00:00:00+00:00,11.71,11.73,11.1651,11.35,2653801,17.155737661522746,16.942812097825353,,,,,17.648442658482,17.209293764300227,17.07924131819276,14.060934366333003,12.627853664525976,,,,,13.911164004506878,"rgba(255, 0, 0, 1.0)",1.130237159199886,13.911164004506878,-1.9475240099742588,0,,,0.0,0.0,0.0,0.0,48.52779316023594,0.13742776063600104,False,False,False,False,True,0.0
2024-01-18 00:00:00+00:00,11.08,11.92,10.9,11.82,2665624,17.126969996674266,16.908247173257156,,,,,17.621339574528992,17.18122519236127,17.04987078333212,14.02557017595095,12.603770897623402,,,,,13.878684394712703,"rgba(255, 26, 202, 1.0)",1.0840409553116463,13.878684394712703,-2.581714630798355,0,,,0.0,0.0,0.0,0.0,45.35771966719181,-0.29070122087128425,False,False,False,True,False,0.0
2024-01-19 00:00:00+00:00,11.49,11.51,10.87,11.12,1867805,17.10694600414181,16.884235996113397,11.29,,,,17.602456073258136,17.161682699613667,17.029432584074616,14.001236502038276,12.58728456490486,,,,,13.576937873250813,"rgba(255, 26, 202, 1.0)",1.0398356072429358,13.576937873250813,-2.0069882765259486,0,,,0.0,-1.0,10.87,571.0,45.83265013682081,-0.29070122087128425,False,False,False,True,False,0.0
2024-01-22 00:00:00+00:00,12.08,12.08,11.37,11.54,2394598,17.083897521468185,16.85676661144345,11.600860069621135,,,,17.58051858658378,17.139160581739812,17.005947041370227,13.97690504314599,12.575505288983305,,,,,13.579070390303315,"rgba(239, 83, 80, 1.0)",1.0126203276293257,13.579070390303315,-1.480387416093879,0,,,0.0,0.0,0.0,0.0,49.124931912904486,-0.29070122087128425,False,False,False,False,True,0.0
2024-01-23 00:00:00+00:00,12.19,12.3299,12.02,12.26,1296218,17.072301206687612,16.843011767479116,11.735902267139037,,,,17.56940588769722,17.127818455450832,16.99414580645156,13.966003897623484,12.57214402917961,,,,,13.582274940284051,"rgba(239, 83, 80, 1.0)",0.9870136412067078,13.582274940284051,-1.4105934124495767,0,,,0.0,0.0,0.0,0.0,51.81078901089971,-2.6806102654714365,False,False,False,False,True,0.0
2024-01-24 00:00:00+00:00,11.8,12.99,11.68,12.25,1873102,17.05556114238355,16.823179029441764,11.841952322864204,,,,17.553358940064754,17.111443096420558,16.977111971172747,13.950280324841037,12.56710388109749,,,,,13.581723198579116,"rgba(255, 0, 0, 1.0)",0.9608259397449065,13.581723198579116,-1.8543662539462165,0,,,0.0,0.0,0.0,0.0,51.412915576804735,-2.6806102654714365,False,False,False,False,True,0.0
2024-01-25 00:00:00+00:00,11.76,12.18,11.64,11.88,1200136,17.04424932331154,16.809757519772823,11.844461593120709,,,,17.542564782265835,17.100382823164924,16.965593135661337,13.938706048928696,12.561650251333267,,,,,13.575038418097336,"rgba(255, 0, 0, 1.0)",0.9211298780587074,13.575038418097336,-1.9704478829006737,0,,,0.0,0.0,0.0,0.0,50.931907622039795,-2.6806102654714365,False,False,False,False,True,0.0
2024-01-26 00:00:00+00:00,12.07,12.3,11.85,11.94,1421720,17.031461361327406,16.79463282609685,11.876827333768402,,,,17.530308583616776,17.087871543057325,16.952581850211594,13.926549814637019,12.557229074963868,,,,,13.571013574894152,"rgba(255, 0, 0, 1.0)",0.8799847869284007,13.571013574894152,-1.705726732087564,0,,,0.0,0.0,0.0,0.0,52.25053941129006,-2.1276342283450163,False,False,False,False,True,0.0
2024-01-29 00:00:00+00:00,12.24,12.295,11.93,12.02,1122169,17.021579632282457,16.78296820708721,11.904758953440968,,,,17.520817635664383,17.078200344714578,16.942531838632487,13.917484083404997,12.554375027646664,,,,,13.568609520445719,"rgba(255, 0, 0, 1.0)",0.8420723685492072,13.568609520445719,-1.5777854375328315,0,,,0.0,0.0,0.0,0.0,53.97137962531423,-0.3849905196209136,True,False,True,False,True,0.0
2024-01-30 00:00:00+00:00,12.36,12.5,12.1,12.3,1815046,17.006220021938447,16.764893234441068,11.962775545851931,,,,17.50600717139693,17.06315931514011,16.926922502066834,13.904370074608913,12.551715695823626,,,,,13.567484012252887,"rgba(255, 0, 0, 1.0)",0.796720598272638,13.567484012252887,-1.5155677095217843,0,,,0.0,0.0,0.0,0.0,55.70991483343933,1.3448183520613597,True,False,True,False,True,0.0
2024-01-31 00:00:00+00:00,11.99,12.58,11.99,12.32,2956832,16.980706111976335,16.734885430424356,12.004286955170212,,,,17.481444038122497,17.0381759622496,16.90098890185452,13.88170189355649,12.545090524433844,,,,,13.559631228849014,"rgba(255, 26, 202, 1.0)",0.7751762833513866,13.559631228849014,-2.024870036094102,0,,,0.0,0.0,0.0,0.0,54.426712253599874,1.3448183520613597,True,False,True,False,True,0.0
2024-02-01 00:00:00+00:00,13.01,13.24,12.14,13.0,6113401,16.93540648916713,16.682229522410015,12.22386580436169,,,,17.43713988113369,16.993718596536944,16.85508244213817,13.85288298025825,12.554189106313936,,,,,13.574169729143534,"rgba(239, 83, 80, 0.5)",0.7773690903958695,13.574169729143534,-0.7257424254625756,0,,,0.0,0.0,0.0,0.0,57.950810505453845,3.427057142885076,True,False,True,False,True,1.9038223214002343
2024-02-02 00:00:00+00:00,12.45,12.85,12.06,12.85,3235964,16.909866731101626,16.652510653171337,12.253219044947546,,,,17.41231604407438,16.968667083755236,16.82917558049311,13.833479499542921,12.552294624651118,,,,,13.568805504777265,"rgba(239, 83, 80, 1.0)",0.7702249115775296,13.568805504777265,-1.45256987661668,0,,,0.0,0.0,0.0,0.0,57.23434115968685,3.427057142885076,True,False,True,False,True,0.0
2024-02-05 00:00:00+00:00,11.83,12.37,11.68,12.33,2413700,16.88891745636354,16.62804146442632,12.227678620539152,,,,17.392134339419083,16.94813848235264,16.807893103879213,13.814303773109687,12.544110648106168,,,,,13.554786812093463,"rgba(255, 26, 202, 1.0)",0.7419939049312698,13.554786812093463,-2.324529622993639,0,,,0.0,0.0,0.0,0.0,54.02244739505466,3.427057142885076,False,False,True,False,False,0.0
2024-02-06 00:00:00+00:00,12.17,12.205,11.71,11.77,1704725,16.87443178065865,16.611163537193573,12.21612587232264,,,,17.378148560887205,16.933938075447738,16.793183971355816,13.801485781122777,12.539125911639081,,,,,13.546060463455621,"rgba(255, 0, 0, 1.0)",0.7328421778649596,13.546060463455621,-1.8777036925802966,0,,,0.0,0.0,0.0,0.0,53.303898106062334,8.102617198264312,False,False,True,False,False,0.0
2024-02-07 00:00:00+00:00,11.95,12.195,11.73,12.17,1315019,16.863155878695157,16.59803077158053,12.205094395325027,,,,17.367269196606006,16.922884302040675,16.781733321380187,13.791337630374407,12.534828044448954,,,,,13.538724844858123,"rgba(255, 26, 202, 1.0)",0.7308138620066674,13.538724844858123,-2.173911754349878,0,,,0.0,0.0,0.0,0.0,51.877481542950136,6.696285683259148,False,False,False,False,False,0.0
2024-02-08 00:00:00+00:00,12.21,12.316,11.87,11.96,1113950,16.85398124680885,16.58737813212881,12.202537476682311,,,,17.358382223292534,16.91388523466222,16.772423563834483,13.78363439371096,12.532318635681639,,,,,13.53405764309766,"rgba(255, 0, 0, 1.0)",0.7314183924848106,13.53405764309766,-1.810260251454034,0,,,0.0,0.0,0.0,0.0,52.05647559894961,6.696285683259148,False,False,False,False,False,0.0
2024-02-09 00:00:00+00:00,12.21,12.31,11.98,12.2,1088261,16.845118040087964,16.57710070948604,12.20135212389959,,,,17.349786676862855,16.905189782064753,16.7634321075549,13.776334072046044,12.530106804535599,,,,,13.529806897849605,"rgba(255, 0, 0, 1.0)",0.7319049069332657,13.529806897849605,-1.8032491452744732,0,,,0.0,0.0,0.0,0.0,52.17580496961593,6.6957116383221305,False,False,False,False,False,0.0
2024-02-12 00:00:00+00:00,13.24,13.475,12.24,12.26,2188459,16.830495445890154,16.560385176424933,12.250182627589119,,,,17.335302713174706,16.89080283553018,16.74865653366046,13.769214061796761,12.535573788496253,,,,,13.534243006093016,#000000,0.7554268049638276,13.534243006093016,-0.38950564655579706,0,,,0.0,0.0,0.0,0.0,56.089363117025364,6.6957116383221305,True,False,True,False,True,3.121190101681158
2024-02-13 00:00:00+00:00,12.59,12.84,12.4206,12.61,1575601,16.81903490509604,16.547217447654482,12.265926485870422,,,,17.324056819322482,16.879539904807515,16.737056538754747,13.761797411462636,12.536271148577793,,,,,13.53293860639702,"rgba(239, 83, 80, 1.0)",0.7631590815707973,13.53293860639702,-1.2355728041081357,0,,,0.0,0.0,0.0,0.0,55.63718291741467,6.6957116383221305,True,False,True,False,True,0.0
2024-02-14 00:00:00+00:00,13.03,13.06,12.56,12.69,810263,16.81353767733538,16.540936815319686,12.27926432515159,,,,17.31862059436639,16.874131578164196,16.731500653352356,13.758899446805387,12.537795481999986,,,,,13.533725432950856,"rgba(239, 83, 80, 0.5)",0.7814614398562353,13.533725432950856,-0.6445940992859821,0,,,0.0,0.0,0.0,0.0,56.7940536509105,2.3124128669426938,True,False,True,False,True,2.0082898711793398
2024-02-15 00:00:00+00:00,13.33,13.37,13.03,13.2,1031749,16.80719911217626,16.533754554234374,12.30507414153216,,,,17.312277903994747,16.867885356813986,16.72510887685515,13.756742790246683,12.541719391073924,,,,,13.537203718545907,#000000,0.8065795202723167,13.537203718545907,-0.2568918666270513,0,,,0.0,0.0,0.0,0.0,58.486557997119064,4.030213302167631,True,False,True,False,True,3.3541150887466884
2024-02-16 00:00:00+00:00,13.07,13.47,13.012,13.15,1519228,16.797751868580495,16.52304592094887,12.33840807168695,,,,17.302838622013045,16.858577032436163,16.715579988946,13.753236577021658,12.546936503997173,,,,,13.54142579687299,"rgba(239, 83, 80, 0.5)",0.8225894513094627,13.54142579687299,-0.5730997353814059,0,,,0.0,0.0,0.0,0.0,58.36648191804623,4.041484964293197,True,False,True,False,True,2.096989802519758
2024-02-20 00:00:00+00:00,13.71,13.71,12.94,13.01,1309734,16.790250879492092,16.51460900648181,12.373707501643795,,,,17.295265414385145,16.85117537920196,16.708029526707577,13.75166210849601,12.55323959118512,,,,,13.547187572005788,#000000,0.8544889416203982,13.547187572005788,0.19053778236786312,0,,,0.0,0.0,0.0,0.0,60.25200972054309,5.981237963351788,True,False,True,False,True,4.921118374148449
2024-02-21 00:00:00+00:00,14.08,14.15,13.61,13.69,1287885,16.783993373973136,16.507687620861123,12.421199323970976,,,,17.288800054484287,16.844980683792986,16.701759246836914,13.752663618650036,12.562703130008192,,,,,13.556777874154031,"rgba(38, 166, 154, 0.5)",0.8800112611893189,13.556777874154031,0.5945629890449854,1,0.1479078328368892,0.1479078328368892,0.0,0.0,0.0,0.0,62.49471563714864,8.193340655552277,True,False,True,False,True,6.486819298702276
2024-02-22 00:00:00+00:00,13.66,14.405,13.575,14.16,1105780,16.778516879843735,16.501620686735205,12.458060910641573,,,,17.283158439950572,16.839561096334297,16.696268528647824,13.753222659926724,12.570340072287909,13.88,,,,13.438033890873433,#000000,0.8916848512081321,13.438033890873433,0.2489288775354078,1,0.15092901491978927,0.15092901491978927,0.0,1.0,14.405,605.0,61.91172991134907,8.193340655552277,True,False,True,False,True,4.431238877546427
2024-02-23 00:00:00+00:00,13.71,13.861,13.49,13.64,605952,16.775325345343052,16.49806408052285,12.474845302511893,,,,17.279899949162882,16.836406508864062,16.693063168800624,13.753063723329571,12.57387636937576,13.811678127183463,,,,13.438034372796116,#000000,0.9051802866565009,13.438034372796116,0.30045465109326996,1,0.15373905173263383,0.15373905173263383,0.0,0.0,0.0,0.0,61.68063921225796,8.193340655552277,True,False,True,False,True,4.646827298725373
2024-02-26 00:00:00+00:00,13.11,13.71,13.085,13.71,1153556,16.76851196171369,16.490393403977222,12.495798001828598,,,,17.273049486687224,16.829685871504502,16.686200151031226,13.751010686618717,12.578237751453171,13.606349106035182,,,,13.431311536588904,#000000,0.8954539842102612,13.431311536588904,-0.35882529114243966,1,0.15708781169798888,0.15708781169798888,0.0,0.0,0.0,0.0,58.72780907296695,8.193340655552277,True,False,True,False,False,1.7748112230754813
2024-02-27 00:00:00+00:00,13.49,13.525,13.17,13.21,602579,16.76505902580239,16.48651797319088,12.507545615077676,,,,17.2695642857173,16.826277992072477,16.682724730888374,13.750166874505323,12.580786526273148,13.569624937269316,,,,13.43162017784754,#000000,0.8988781797230223,13.43162017784754,0.06494742387722581,2,0.23470009274116801,0.46940018548233603,0.0,0.0,0.0,0.0,58.1308185393281,12.249708892818973,True,False,True,False,False,3.442367951859751
2024-02-28 00:00:00+00:00,13.46,13.63,13.11,13.29,691662,16.761110191253664,16.48208873338954,12.520731037385792,,,,17.265576712231912,16.822380319156316,16.678750607678108,13.74921679976233,12.583710409299302,13.541419069883474,,,,13.432641254435413,#000000,0.9049568801634397,13.432641254435413,0.03023209852788375,2,0.23564654322575687,0.47129308645151374,0.0,0.0,0.0,0.0,57.59015760572997,11.612886983865202,True,False,True,False,False,3.2987243171126046
2024-02-29 00:00:00+00:00,13.61,13.7415,13.405,13.61,700686,16.757339534645283,16.477883928511627,12.53643253077048,,,,17.26173893388863,16.81865435427241,16.674961654889866,13.74876804050808,12.587319530773586,13.547774116028474,,,,13.43616695180044,#000000,0.904850791542531,13.43616695180044,0.19211239004744718,2,0.23575895758708004,0.4715179151741601,0.0,0.0,0.0,0.0,57.805289889326176,11.612886983865202,True,False,True,False,False,3.9624181599638106
2024-03-01 00:00:00+00:00,13.76,13.925,13.43,13.63,768542,16.753369433598962,16.47347590477686,12.55503262998978,,,,17.257675224060243,16.81472809749445,16.670976768006078,13.74863684538727,12.591718734268616,13.569241501335611,,,,13.441245201967586,#000000,0.9022158508038031,13.441245201967586,0.35330214798202486,2,0.2368986201707713,0.4737972403415426,0.0,0.0,0.0,0.0,58.53126281926333,11.612886983865202,True,False,True,False,False,4.627109802447002
2024-03-04 00:00:00+00:00,13.23,13.78,13.05,13.77,1035400,16.747421960974613,16.46680786616794,12.571791859659443,,,,17.251674673240768,16.80885776336497,16.66499056983133,13.747046902525101,12.59573604436335,13.535696175625313,,,,13.442629646612868,#000000,0.8820796883370369,13.442629646612868,-0.2410549176273782,2,0.23997519455225746,0.47995038910451493,0.0,0.0,0.0,0.0,56.218264239936,9.902023853651649,False,False,True,False,False,2.0284944890387244
2024-03-05 00:00:00+00:00,12.9,13.12,12.425,13.09,1463784,16.737721213427438,16.45580792734135,12.57880209216486,,,,17.242055735747535,16.799304910457725,16.655194689752634,13.74177709236802,12.597359011109598,13.405903952632858,,,,13.435599011390138,"rgba(239, 83, 80, 0.5)",0.8729694173359056,13.435599011390138,-0.6135369702006955,3,0.23363819445325698,0.700914583359771,0.0,0.0,0.0,0.0,53.172639356678886,6.993937156605995,False,False,False,False,False,0.4637924010968888
2024-03-06 00:00:00+00:00,12.86,13.095,12.74,13.01,793739,16.732592277743482,16.450006750576044,12.58371946237015,,,,17.236955126717483,16.79425188960982,16.65001849148324,13.739199082416956,12.59856219750898,13.360746695726963,,,,13.433413090359892,"rgba(239, 83, 80, 0.5)",0.8681717976705167,13.433413090359892,-0.6604834341526384,3,0.2381249677329106,0.7143749031987318,0.0,0.0,0.0,0.0,50.9613764973805,4.956311670453566,False,True,False,False,False,0.2746673435993827
2024-03-07 00:00:00+00:00,12.67,13.1,12.635,12.97,649119,16.728302522703565,16.445147856572856,12.586428317830695,,,,17.232700008872197,16.790026961827976,16.645687193782667,13.736861445079905,12.599224036032828,13.322828286889457,,,,13.43118981051298,"rgba(239, 83, 80, 0.5)",0.8498635184546902,13.43118981051298,-0.8956612373443836,3,0.2395165271615746,0.7185495814847238,0.0,0.0,0.0,0.0,48.60621246696185,2.8070223968913552,False,True,False,True,False,0.0
2024-03-08 00:00:00+00:00,12.93,12.98,12.6,12.77,1158889,16.72073520318398,16.436588272283352,12.591860500943962,,,,17.225183347344107,16.782572276666347,16.63804879525732,13.732871968949702,12.6005974122127,13.270319084953822,,,,13.428189875117377,"rgba(239, 83, 80, 0.5)",0.840771160390465,13.428189875117377,-0.5925392051816001,3,0.23949085311848384,0.7184725593554515,0.0,0.0,0.0,0.0,48.508884113029126,2.7440841555497357,False,True,False,True,False,0.6177748986885412
2024-03-11 00:00:00+00:00,12.88,13.015,12.77,12.97,685306,16.716333461900312,16.431618036747906,12.595618083899105,,,,17.22080266051383,16.77823472963921,16.633607442156784,13.730664447571527,12.601578221743159,13.247386341625175,,,,13.427009149480062,"rgba(239, 83, 80, 0.5)",0.8302778651352314,13.427009149480062,-0.6588266078741811,3,0.23937163413306625,0.7181149023991987,0.0,0.0,0.0,0.0,48.18010276754208,2.3489388325270824,False,True,False,True,False,0.3739924923697693
2024-03-12 00:00:00+00:00,13.1,13.11,12.6698,12.81,663240,16.712162569280995,16.426918010829564,12.600032695171286,,,,17.216641371839785,16.774123137016318,16.629401084080055,13.728719637432262,12.60275653296371,13.231601721686577,,,,13.426445664723882,#000000,0.8161024268873084,13.426445664723882,-0.40000575169097,3,0.24020988820543887,0.7206296646163166,0.0,0.0,0.0,0.0,49.24628963162776,2.3489388325270824,False,True,False,False,False,1.438758352157251
2024-03-13 00:00:00+00:00,13.18,13.37,13.04,13.06,619479,16.708520489367213,16.42283854447032,12.60670984654122,,,,17.21297773136195,16.77052867805106,16.62573385967546,13.727468621875731,12.604574940739388,13.229897357054247,,,,13.4273943172069,#000000,0.8017605178157069,13.4273943172069,-0.30856385630074995,3,0.2389982042189537,0.7169946126568612,0.0,0.0,0.0,0.0,50.41984820323514,2.3489388325270824,False,True,False,False,True,1.8261595770932395
2024-03-14 00:00:00+00:00,12.58,13.14,12.41,13.14,815014,16.7030778553345,16.416679822559313,12.608208608887974,,,,17.207585017339,16.76516816298601,16.620237958064145,13.724330816965047,12.604997908217124,13.198539983774804,,,,13.424900632296536,"rgba(239, 83, 80, 1.0)",0.781024090941382,13.424900632296536,-1.0817856223591804,3,0.2385290946318732,0.7155872838956195,0.0,0.0,0.0,0.0,47.84881393528247,1.9339315305574374,False,True,False,True,False,0.0
2024-03-15 00:00:00+00:00,12.42,12.64,12.075,12.55,1623134,16.691385988145232,16.403383085231894,12.601752315950817,,,,17.196094431866758,16.753664816359578,16.608413976717987,13.716114460278435,12.603201190668994,13.110582958974055,,,,13.415626065826766,"rgba(239, 83, 80, 1.0)",0.7571725022730151,13.415626065826766,-1.3149263382358953,3,0.23829500067562082,0.7148850020268624,0.0,0.0,0.0,0.0,45.38083008907407,-0.4029622724882316,False,True,False,True,False,0.0
2024-03-18 00:00:00+00:00,12.33,12.59,12.21,12.58,514316,16.68769298438047,16.399186313529462,12.599766831385725,,,,17.19246359995768,16.750030989411506,16.604679628550528,13.713528646360253,12.602633624164028,13.08646406934141,,,,13.412881986816396,"rgba(239, 83, 80, 1.0)",0.7375406417265279,13.412881986816396,-1.4682336478183085,3,0.23816832445272387,0.7145049733581716,0.0,0.0,0.0,0.0,43.307721126444235,-2.329394281548062,False,True,False,True,False,0.0
2024-03-19 00:00:00+00:00,12.41,12.46,12.19,12.19,577397,16.68353215864757,16.39445794813462,12.597350350795672,,,,17.1883742402938,16.74593692775521,16.60047201340579,13.710587091054443,12.60193437847506,13.060378377938685,,,,13.409782987223064,"rgba(239, 83, 80, 1.0)",0.7206188031543718,13.409782987223064,-1.3873950871760548,3,0.23791751368764766,0.713752541062943,0.0,0.0,0.0,0.0,42.53590532081728,-3.0562243465049264,False,True,False,True,False,0.0
2024-03-20 00:00:00+00:00,12.51,12.53,12.175,12.33,634381,16.679024331898976,16.389341917014153,12.595300140909774,,,,17.183937183763884,16.74150040399026,16.595914856211515,13.707492333981449,12.601329361012848,13.035721712043472,,,,13.406768013235018,"rgba(239, 83, 80, 1.0)",0.7057427752836326,13.406768013235018,-1.2706726085500684,3,0.2375198005610846,0.7125594016832538,0.0,0.0,0.0,0.0,42.802877335331715,-3.0562243465049264,False,True,False,True,False,0.0
2024-03-21 00:00:00+00:00,12.31,12.59,12.3041,12.53,465601,16.675719065432283,16.385591954634773,12.593794790437245,,,,17.180683389040375,16.73824728056686,16.592573552007842,13.705223960743275,12.600879497323684,13.018676241609992,,,,13.404603153395067,"rgba(255, 0, 0, 1.0)",0.7017883975637769,13.404603153395067,-1.5597338987007001,3,0.23782744597422248,0.7134823379226675,0.0,0.0,0.0,0.0,41.81963897206093,-3.927916802580789,False,True,False,True,False,0.0
2024-03-22 00:00:00+00:00,11.89,12.28,11.88,12.28,722470,16.670139715914917,16.379226612120622,12.58692626731257,,,,17.17523755897532,16.73276216309807,16.586924475690996,13.700685772786022,12.598847161254715,12.978569825275228,,,,13.399051586477105,"rgba(255, 26, 202, 1.0)",0.6988186427791364,13.399051586477105,-2.159432353544186,3,0.23833715608963715,0.7150114682689115,0.0,0.0,0.0,0.0,39.08368069204098,-6.614052725462429,False,True,False,True,False,0.0
2024-03-25 00:00:00+00:00,11.93,12.175,11.92,12.03,671093,16.664959829108636,16.373319259462818,12.580599928994213,,,,17.170181122795505,16.72766953066704,16.581680057893596,13.696471355638899,12.59694513594816,12.94378991077937,,,,13.394012744740696,"rgba(255, 26, 202, 1.0)",0.6933960557215975,13.394012744740696,-2.1113658387011442,3,0.23910138689234625,0.7173041606770387,0.0,0.0,0.0,0.0,37.616919500689335,-8.04349236348029,False,True,False,True,False,0.0
2024-03-26 00:00:00+00:00,11.12,12.2,11.11,11.93,1963362,16.648148628763337,16.354033984661,12.546381125020028,,,,17.153926736370767,16.71116187128901,16.564629952810748,13.680415756123722,12.586486945470101,12.804531206303894,,,,13.371950282664248,"rgba(255, 26, 202, 1.0)",0.7062544777823121,13.371950282664248,-3.1885819538242477,3,0.23914538553422884,0.7174361566026866,0.0,0.0,0.0,0.0,33.58152346176978,-11.837231768670044,False,True,False,True,False,0.0
2024-03-27 00:00:00+00:00,11.66,11.925,11.18,11.18,2215090,16.629719061451837,16.332951644577353,12.514008953861884,,,,17.136057909552658,16.693056541596413,16.5459492141858,13.66348205134592,12.576083702203341,12.686887616105706,,,,13.350765498641953,"rgba(255, 26, 202, 1.0)",0.7094154426501085,13.350765498641953,-2.3833220944921796,3,0.24350125242531417,0.7305037572759425,0.0,0.0,0.0,0.0,34.92459190708242,-11.837231768670044,False,True,False,True,False,0.0
2024-03-28 00:00:00+00:00,12.06,12.1199,11.74,11.75,765722,16.62386353690192,16.32629492955286,12.507766080140785,,,,17.130334374605145,16.687297294727315,16.54002307005657,13.658766060497612,12.573919734784255,12.663798540615295,,,,13.345952432329607,"rgba(255, 0, 0, 1.0)",0.7062590699410894,13.345952432329607,-1.82079421994095,3,0.24761291171276034,0.742838735138281,0.0,0.0,0.0,0.0,38.25080516877887,-16.73450503684336,False,True,False,True,True,0.0
2024-04-01 00:00:00+00:00,12.32,12.5081,12.04,12.09,1077336,16.6162081916113,16.317641121139964,12.50427504371161,,,,17.122795301818723,16.67975975609123,16.532286486939515,13.653411201183145,12.57248970699561,12.647495142243507,,,,13.341800427783173,"rgba(239, 83, 80, 1.0)",0.7019554412080727,13.341800427783173,-1.4556485608611336,3,0.25125100970217223,0.7537530291065166,0.0,0.0,0.0,0.0,41.88478829805001,-13.439583244589315,False,True,False,True,True,0.0
2024-04-02 00:00:00+00:00,11.6,12.04,11.575,12.04,1087810,16.607524891220645,16.307750605418907,12.492109068135541,,,,17.114341587799736,16.671223165224934,16.523492385978976,13.64587946916751,12.568278250215613,12.609207163190941,,,,13.333462666596413,"rgba(255, 26, 202, 1.0)",0.6975458911573121,13.333462666596413,-2.4850876316114356,3,0.2566141239691115,0.7698423719073344,0.0,0.0,0.0,0.0,41.190385378678755,-13.439583244589315,False,True,False,True,True,0.0
2024-04-03 00:00:00+00:00,11.54,11.705,11.44,11.55,515976,16.60326793561915,16.30289340210997,12.485151500417334,,,,17.11020958466455,16.66703970090781,16.51917880552868,13.641998702482336,12.56587341973576,12.588691819633398,,,,13.328949785589208,"rgba(255, 26, 202, 1.0)",0.7041962257244094,13.328949785589208,-2.540413765707007,3,0.26062685475347636,0.7818805642604291,0.0,0.0,0.0,0.0,40.50004494946615,-13.439583244589315,False,True,False,True,True,0.0
2024-04-04 00:00:00+00:00,11.26,11.8,11.225,11.74,631047,16.597933932407063,16.296799783710387,12.475574120794246,,,,17.10504319336259,16.661799179943614,16.513771797618666,13.636969121742386,12.562559405458554,12.561549135058243,,,,13.322926519947876,"rgba(255, 26, 202, 1.0)",0.7144681887900766,13.322926519947876,-2.88735951063316,3,0.2629201883344859,0.7887605650034577,0.0,0.0,0.0,0.0,38.985267559045944,-13.439583244589315,False,True,False,True,True,0.0
2024-04-05 00:00:00+00:00,11.24,11.3,11.07,11.2,556175,16.59303768778802,16.291194148833068,12.465492961587362,,,,17.100317394464234,16.65699091898811,16.508805406939135,13.632105538487442,12.55907831404967,12.534113396237238,,,,13.316835131746576,"rgba(255, 26, 202, 1.0)",0.7250038086263428,13.316835131746576,-2.8645851332581733,3,0.2672703985999272,0.8018111957997816,0.0,0.0,0.0,0.0,37.89974012468532,-13.439583244589315,False,True,False,True,False,0.0
2024-04-08 00:00:00+00:00,11.14,11.35,11.1,11.33,508848,16.588560330643176,16.28606960984393,12.456360606133176,,,,17.09599547576282,16.652593856810405,16.504264055835275,13.627660645978972,12.555893440017098,12.509844609307388,,,,13.311313559429967,"rgba(255, 26, 202, 1.0)",0.7368651153354857,13.311313559429967,-2.946690668673322,3,0.2726038370240642,0.8178115110721926,0.0,0.0,0.0,0.0,36.77634693622582,-13.439583244589315,False,True,False,True,False,0.0
2024-04-09 00:00:00+00:00,11.27,11.335,11.15,11.18,369436,16.585347424078172,16.282395662255915,12.45009814582579,,,,17.092890837879345,16.649438054411636,16.501005903006895,13.624516480306715,12.55368364646747,12.493484707897787,,,,13.307486247199284,"rgba(255, 26, 202, 1.0)",0.7458637172331589,13.307486247199284,-2.731713850832566,3,0.27967564973158693,0.8390269491947608,0.0,0.0,0.0,0.0,37.02683971652249,-13.439583244589315,False,True,False,True,False,0.0
2024-04-10 00:00:00+00:00,11.14,11.2,10.85,10.91,480046,16.581031129281826,16.27745130914612,12.440793689297816,,,,17.08873167703078,16.64520001900129,16.49662660874728,13.620120069845461,12.550409670438944,12.469722447379002,,,,13.301952725220184,"rgba(255, 26, 202, 1.0)",0.7579708568408163,13.301952725220184,-2.8522900395288175,3,0.2817482258850156,0.8452446776550467,0.0,0.0,0.0,0.0,36.593898717573765,-13.439583244589315,False,True,False,True,False,0.0
2024-04-11 00:00:00+00:00,11.21,11.25,10.98,11.21,400747,16.577487351538213,16.273396738497034,12.433585490169964,,,,17.085311921324113,16.64171973389032,16.493032119891943,13.61658069257007,12.54784006501533,12.451622020257325,,,,13.297606195511733,"rgba(255, 26, 202, 1.0)",0.7666450134036995,13.297606195511733,-2.723041510755176,3,0.2825742487593754,0.8477227462781263,0.0,0.0,0.0,0.0,36.89704534427362,-13.439583244589315,False,True,False,True,False,0.0
2024-04-12 00:00:00+00:00,10.79,11.07,10.72,11.06,722325,16.570774993246534,16.265697014592696,12.417944500875489,,,,17.078860864154084,16.63513114852343,16.486218693210624,13.609489202325458,12.542289439591844,12.413318942397511,,,,13.288496042626253,"rgba(255, 26, 202, 1.0)",0.7851530406853684,13.288496042626253,-3.1821771210938574,3,0.28429846954592936,0.852895408637788,0.0,0.0,0.0,0.0,35.171536639635505,-10.457150390274123,False,True,False,True,False,0.0
2024-04-15 00:00:00+00:00,10.94,10.96,10.69,10.95,968566,16.56180432423513,16.25541310670859,12.39749691136434,10.863333333333333,,,17.070236217771374,16.626325127530787,16.477113789505506,13.600048745480466,12.534918282709464,12.364865466392093,,,,13.015173680289863,"rgba(255, 26, 202, 1.0)",0.799688948538491,13.015173680289863,-2.5949760642340296,3,0.28481888111285003,0.8544566433385501,0.0,-1.0,10.69,649.0,35.32116141222088,-10.538600095758596,False,True,False,True,False,0.0
2024-04-16 00:00:00+00:00,11.2,11.21,10.79,10.79,683673,16.555714572579017,16.248450484030887,12.385255012788377,10.947469774852992,,,17.064361772030164,16.620344200890173,16.470936863608973,13.593916279109816,12.530382291230485,12.336838319000242,,,,13.012371796634483,"rgba(255, 26, 202, 1.0)",0.8081501956560561,13.012371796634483,-2.242617531216707,3,0.28645834500672884,0.8593750350201865,0.0,0.0,0.0,0.0,37.52842672038348,-10.538600095758596,False,True,False,True,True,0.0
2024-04-17 00:00:00+00:00,11.24,11.38,11.035,11.29,516308,16.551251372660136,16.243358241777184,12.377204533989172,11.011959510215826,,,17.06004501212359,16.61595905996098,16.46641205722205,13.589581450751263,12.52732828345005,12.318894604706264,,,,13.010870267388693,"rgba(255, 26, 202, 1.0)",0.8161987922489544,13.010870267388693,-2.169655584161349,3,0.2896474396721057,0.8689423190163171,0.0,0.0,0.0,0.0,39.31630910543611,-10.538600095758596,False,True,False,True,True,0.0
2024-04-18 00:00:00+00:00,11.24,11.38,11.12,11.29,547955,16.546547881939453,16.23799554572425,12.368987162213571,11.059303101316816,,,17.055492811552515,16.611337301924554,16.461644302886516,13.585052954604354,12.524172414205388,12.300944558914393,,,,13.008375470851337,"rgba(255, 26, 202, 1.0)",0.8229176395251381,13.008375470851337,-2.1489094241214377,3,0.2928934599264854,0.8786803797794562,0.0,0.0,0.0,0.0,40.5082306954712,-13.482266767886799,False,True,False,True,True,0.0
2024-04-19 00:00:00+00:00,11.42,11.44,11.11,11.19,464426,16.542625479590146,16.233529007348768,12.362584802072293,11.097852387730876,,,17.051690965255073,16.60748219148108,16.457669455326453,13.581353846500503,12.52166956359471,12.287267353154677,,,,13.006447962157273,"rgba(255, 0, 0, 1.0)",0.8243512327613386,13.006447962157273,-1.9244806086395116,3,0.2966067000129265,0.8898201000387795,0.0,0.0,0.0,0.0,42.858824491865505,-11.195066824829645,False,True,False,True,True,0.0
2024-04-22 00:00:00+00:00,11.46,11.555,11.28,11.4,450607,16.538904290415186,16.229298565512572,12.357087207460422,11.139272627598706,,,17.048076729247963,16.6038237327017,16.453900001837233,13.577947990254668,12.519469770584447,12.275808841552982,,,,13.005116941998901,"rgba(255, 0, 0, 1.0)",0.8215640982709451,13.005116941998901,-1.8807016339330513,3,0.3009286944348826,0.9027860833046479,0.0,0.0,0.0,0.0,44.76830636650641,-9.37612385687364,False,False,False,True,True,0.0
2024-04-23 00:00:00+00:00,11.37,11.69,11.36,11.41,425476,16.535424232745843,16.225345530116563,12.352186546031703,11.174306994730848,,,17.04469361478013,16.600401845954533,16.450375448289417,13.574804214522455,12.517480046645876,12.265787898600173,,,,13.00379300112913,"rgba(255, 0, 0, 1.0)",0.8209978986268681,13.00379300112913,-1.9900087489403757,3,0.30367303364411224,0.9110191009323367,0.0,0.0,0.0,0.0,45.29238038075822,-8.84347385613566,False,False,False,True,True,0.0
2024-04-24 00:00:00+00:00,11.5,11.51,11.09,11.32,702224,16.529570233641685,16.218689497088313,12.343248703454408,11.202689618884827,,,17.03901221839043,16.594646899463186,16.44444483399708,13.569373758296814,12.513878833383053,12.247631243252794,,,,12.999727517538933,"rgba(255, 0, 0, 1.0)",0.8197440162955968,12.999727517538933,-1.8295071238411287,3,0.30608262706450845,0.9182478811935253,0.0,0.0,0.0,0.0,46.86598013585237,-7.2801670278813475,False,False,False,False,True,0.0
2024-04-25 00:00:00+00:00,11.14,11.38,11.0201,11.35,404755,16.52608031089246,16.214714051976564,12.33719975769729,11.200913812801083,,,17.035635104329067,16.591217339486953,16.440907358240665,13.565991633739587,12.51147732893235,12.235347914112884,,,,12.996047236127634,"rgba(255, 26, 202, 1.0)",0.8284876485403796,12.996047236127634,-2.2402835327691326,3,0.3063015448571013,0.9189046345713039,0.0,0.0,0.0,0.0,45.03893792388067,-7.2801670278813475,False,False,False,True,True,0.0
2024-04-26 00:00:00+00:00,11.27,11.43,11.21,11.26,270587,16.52380351577673,16.212124883361735,12.333618038653972,11.206013269631349,,,17.033427098425875,16.588979217754204,16.4386004974308,13.563852517084438,12.510024920177871,12.22823384468631,,,,12.99412018083523,"rgba(255, 26, 202, 1.0)",0.8341966411082101,12.99412018083523,-2.066803072408417,3,0.30473919375502173,0.9142175812650652,0.0,0.0,0.0,0.0,45.07398699163505,-7.2801670278813475,False,False,False,True,True,0.0
2024-04-29 00:00:00+00:00,11.54,11.55,11.33,11.35,391693,16.520618425960034,16.20851135118265,12.329325288128887,11.22398487028007,,,17.03032860845329,16.585846832760286,16.435375253176993,13.560995488423622,12.50822396254904,12.21998388802336,,,,12.992283757111263,"rgba(255, 0, 0, 1.0)",0.835173650821918,12.992283757111263,-1.7389003540545496,3,0.3044517328966935,0.9133551986900805,0.0,0.0,0.0,0.0,47.434156612153735,-6.698564410940847,False,False,False,False,True,0.0
2024-04-30 00:00:00+00:00,11.29,11.39,11.19,11.33,309865,16.51801015318292,16.20554609098641,12.32523870194993,11.227318528710118,,,17.02779907731505,16.583282782873308,16.432732597102,13.558542846540576,12.506552058562708,12.21201265429628,,,,12.989955976742275,"rgba(255, 26, 202, 1.0)",0.8408688770959789,12.989955976742275,-2.021665949408469,3,0.30360472923383086,0.9108141877014926,0.0,0.0,0.0,0.0,47.005353574613494,-6.698564410940847,False,False,False,False,True,0.0
2024-05-01 00:00:00+00:00,11.24,11.48,11.055,11.26,486895,16.51389219753965,16.200863984448528,12.318687471248957,11.22959859588436,,,17.02380698057378,16.579234796316968,16.42856010066216,13.554646014536505,12.50386608250698,12.19933890522451,,,,12.986085392895209,"rgba(255, 26, 202, 1.0)",0.846676001934882,12.986085392895209,-2.062282843620151,3,0.3017325600923287,0.9051976802769861,0.0,0.0,0.0,0.0,46.339354471534065,-6.698564410940847,False,False,False,False,True,0.0
2024-05-02 00:00:00+00:00,11.41,11.52,11.13,11.45,385693,16.510693622686347,16.197232516283414,12.314014611329908,11.236407770978154,,,17.02070061003705,16.57608973016969,16.425320282707496,13.551695824203504,12.50190824244773,12.190525688808536,,,,12.983513477812526,"rgba(255, 0, 0, 1.0)",0.8483307828419886,12.983513477812526,-1.8548348234412835,3,0.3005135653724949,0.9015406961174848,0.0,0.0,0.0,0.0,47.44619832143455,-6.4367375022234015,False,False,False,False,True,0.0
2024-05-03 00:00:00+00:00,11.36,11.67,11.22,11.58,446265,16.50704305211881,16.193092369160805,12.309016770184158,11.247198296205617,,,17.01715075547947,16.57249953161266,16.421623562616848,13.54839022454515,12.499775681431679,12.181309090258551,,,,12.980875758473363,"rgba(255, 0, 0, 1.0)",0.8518833824517776,12.980875758473363,-1.9026967679641484,3,0.2994634467577389,0.8983903402732167,0.0,0.0,0.0,0.0,47.743077266844594,-5.9957866021868185,False,False,False,False,True,0.0
2024-05-06 00:00:00+00:00,11.47,11.72,11.39,11.4,492690,16.503105746544026,16.18863491688908,12.304235521279573,11.264523013115696,,,17.013313702942813,16.568626084828683,16.417638165316877,13.54494031732579,12.49766910953673,12.172812970877013,,,,12.97858295783304,"rgba(255, 0, 0, 1.0)",0.8463045902390247,12.97858295783304,-1.7825532027505202,3,0.2988329981321824,0.8964989943965471,0.0,0.0,0.0,0.0,48.98406015687886,-4.654311654802775,True,False,False,False,True,0.0
2024-05-07 00:00:00+00:00,11.43,11.59,11.3825,11.56,353471,16.50025129636817,16.185401726512865,12.30058286797167,11.273165970678676,,,17.01053453537109,16.565818248975667,16.414748373840414,13.542400146720265,12.496071651783618,12.166306382039709,,,,12.976640259448805,"rgba(255, 0, 0, 1.0)",0.8469902836164797,12.976640259448805,-1.8260425052870264,3,0.2991225415877971,0.8973676247633913,0.0,0.0,0.0,0.0,49.405580332941994,-4.097066125483067,True,False,False,False,True,0.0
2024-05-08 00:00:00+00:00,11.38,11.48,11.26,11.39,292423,16.497848144380075,16.182676965512744,12.297246230550186,11.276574476558368,,,17.00819843918333,16.56345482889511,16.41231477111457,13.540208220627983,12.494633183263254,12.160300375819443,,,,12.974693899353355,"rgba(255, 0, 0, 1.0)",0.8519005355807137,12.974693899353355,-1.871924987423915,3,0.2982454476242771,0.8947363428728314,0.0,0.0,0.0,0.0,49.158975846932414,-4.097066125483067,True,False,False,False,True,0.0
2024-05-09 00:00:00+00:00,11.36,11.5094,11.28,11.42,376674,16.494761843448277,16.17917885089605,12.293028702664989,11.281049041783987,,,17.00519736253218,16.560419386787242,16.409189564827635,13.537404031077193,12.492801842365541,12.152791424209587,,,,12.972227391359962,"rgba(255, 0, 0, 1.0)",0.8569640946151967,12.972227391359962,-1.881324318592253,3,0.29796858418313427,0.8939057525494027,0.0,0.0,0.0,0.0,48.77280756174764,-4.097066125483067,True,False,False,False,True,0.0
2024-05-10 00:00:00+00:00,10.93,11.37,10.88,11.35,926873,16.486704208561704,16.17001430829284,12.279187204181069,11.260347624684178,,,16.997402640666948,16.552500030239177,16.401022605575573,13.52950440497171,12.487016310231757,12.127413721863062,,,,12.746751997254993,"rgba(255, 26, 202, 1.0)",0.8676586076675804,12.746751997254993,-2.0938557875184842,3,0.295588114834711,0.8867643445041329,0.0,0.0,0.0,0.0,44.60619471223193,-2.1060099815911997,False,False,False,True,False,0.0
2024-05-13 00:00:00+00:00,11.19,11.54,11.0,11.01,793945,16.4800536727694,16.16247086476921,12.269321626617408,11.259084101096017,,,16.990947701478046,16.545960367364675,16.394286170008517,13.523277044464356,12.482729467976238,12.110170331994198,,,,12.745149450290803,"rgba(255, 0, 0, 1.0)",0.8735404815880932,12.745149450290803,-1.7802832073260626,3,0.29377298902028154,0.8813189670608446,0.0,0.0,0.0,0.0,44.79783754812107,-2.1060099815911997,False,False,False,True,False,0.0
2024-05-14 00:00:00+00:00,11.73,11.75,11.43,11.43,1238619,16.47048869348622,16.151685815863157,12.260059028562164,11.298287233298653,,,16.981593512236522,16.536544473197775,16.384611682094366,13.515293731086746,12.478204155215751,12.096187866299363,,,,12.751270164211947,"rgba(239, 83, 80, 1.0)",0.8747689939595353,12.751270164211947,-1.1674741231845582,3,0.2943490573464263,0.883047172039279,0.0,0.0,0.0,0.0,49.34866647349081,-4.257994897558376,True,False,False,False,True,0.0
2024-05-15 00:00:00+00:00,11.42,11.81,11.335,11.81,1367791,16.45971976182949,16.139533759051222,12.248310872146833,11.32126425724665,,,16.97108026773874,16.52594544486241,16.37371622354993,13.506021116435388,12.472587569418858,12.078044727706441,,,,12.747605417630364,"rgba(255, 0, 0, 1.0)",0.8785105536036422,12.747605417630364,-1.5112003062280117,3,0.2935326890858649,0.8805980672575946,0.0,0.0,0.0,0.0,49.799300108297544,-3.9532646413043935,True,False,False,False,True,0.0
2024-05-16 00:00:00+00:00,13.19,14.31,12.95,12.98,8447805,16.42024802328895,16.09716279057476,12.358813772625172,12.161204639308911,,,16.930089631689658,16.486740214679546,16.334265302566415,13.505387575659649,12.507960040515822,12.307401976034356,,,,12.899142225022837,#000000,0.8867569824625746,12.899142225022837,0.3280016743363371,3,0.29147236049677977,0.8744170814903394,0.0,0.0,0.0,0.0,57.5663940371837,3.1694875792241106,True,False,True,False,True,6.289129578941967
2024-05-17 00:00:00+00:00,13.29,13.88,13.21,13.37,2057907,16.41071553792123,16.086954758963724,12.38230345666908,12.273492131593924,,,16.92018312267584,16.477269268869605,16.324740217181237,13.505080915679557,12.51600777706416,12.351475141615442,,,,12.918074520971288,#000000,0.8966025564007325,12.918074520971288,0.41481643831325477,4,0.306176851943276,1.224707407773104,0.0,0.0,0.0,0.0,62.99069404789458,7.816439359848481,True,False,True,False,True,6.788428509301912
2024-05-20 00:00:00+00:00,13.12,13.53,12.8,13.35,1180943,16.404701137275435,16.08044534509949,12.39158724488005,12.314922666620344,,,16.914016680299273,16.471305370909015,16.318714228784543,13.503709497096862,12.519068359438245,12.368621079929186,,,,12.924122372322728,#000000,0.8981188147486889,12.924122372322728,0.21809767756850937,4,0.30359602961622734,1.2143841184649093,0.0,0.0,0.0,0.0,65.40465369837051,9.633139843225955,True,False,True,False,True,5.770283496216152
2024-05-21 00:00:00+00:00,13.99,14.09,13.03,13.08,1755513,16.397314460348912,16.072639123829155,12.414751731476118,12.406074708773836,,,16.906229321561426,16.463949680798123,16.3113554376064,13.504849074639017,12.527506343113167,12.409905863330756,,,,12.941673494232822,"rgba(38, 166, 154, 1.0)",0.9223386452798998,12.941673494232822,1.1365960985501649,4,0.2955179433092858,1.1820717732371433,0.0,0.0,0.0,0.0,69.15392935072967,12.815532376713051,True,False,True,False,True,9.99601602751293
2024-05-22 00:00:00+00:00,13.77,14.13,13.64,13.89,1428178,16.39165299143415,16.066708087595664,12.435031990996146,12.479116276819907,,,16.90020408308032,16.458303525695396,16.30572659721549,13.50642920132576,12.535108827425711,12.44517312598945,,,,12.956664052490131,"rgba(38, 166, 154, 0.5)",0.939688217413696,12.956664052490131,0.8655380927818941,4,0.28975949042441357,1.1590379616976543,0.0,0.0,0.0,0.0,70.20738576111823,13.56359850296409,True,False,True,False,True,8.678067509623695
2024-05-23 00:00:00+00:00,14.0,14.105,13.67,13.8,933967,16.388077745290655,16.062982762458038,12.448705453295613,12.525519189578748,,,16.89637740526039,16.454734692195295,16.302176277794658,13.507690751998274,12.540327430115953,12.46855241678627,,,,12.966571649091952,"rgba(38, 166, 154, 1.0)",0.9624658084485993,12.966571649091952,1.073729936000359,4,0.283014009066032,1.132056036264128,0.0,0.0,0.0,0.0,71.47362562161445,14.696791434938845,True,False,True,False,True,9.757289903989719
2024-05-24 00:00:00+00:00,13.98,14.36,13.76,14.1,1039626,16.38428470778649,16.05906055581122,12.464729069916345,12.57752613387877,,,16.892284257347118,16.45094354243065,16.29841627978262,13.509448341018361,12.546541401281072,12.495595017722014,,,,12.978101307721975,"rgba(38, 166, 154, 1.0)",0.9830597206755027,12.978101307721975,1.019163608483092,4,0.2775112096136678,1.1100448384546713,0.0,0.0,0.0,0.0,72.17443302861128,15.435049918398136,True,False,True,False,True,9.635087343122322
2024-05-28 00:00:00+00:00,14.24,14.539,14.0601,14.29,1200871,16.380376103698282,16.05509755389387,12.48568364581256,12.642744457877841,,,16.887976984932262,16.44702389320754,16.29455930205504,13.51241183816919,12.554833841230593,12.530513098065466,,,,12.993318592197738,"rgba(38, 166, 154, 1.0)",1.0095802356684855,12.993318592197738,1.234851241889439,4,0.2715730138139149,1.0862920552556596,0.0,0.0,0.0,0.0,73.31741501679849,16.69599618595238,True,False,True,False,True,10.861784598846814
2024-05-29 00:00:00+00:00,14.1,14.28,14.03,14.05,760135,16.377741556315907,16.05239677506257,12.497661633491285,12.678118195856207,,,16.88510876137535,16.44438685643772,16.29195272158276,13.51392844067612,12.559610076150118,12.550167694086905,,,,13.001655274371362,"rgba(38, 166, 154, 1.0)",1.0312821897788873,13.001655274371362,1.0650283079785645,4,0.26693671953962544,1.0677468781585018,0.0,0.0,0.0,0.0,72.98395046769203,16.69599618595238,True,False,True,False,True,9.985458108105561
2024-05-30 00:00:00+00:00,14.29,14.47,14.1,14.21,888724,16.37487480934235,16.04949523133037,12.512709006398188,12.721449693378817,,,16.881945510575246,16.4415112517604,16.289124711791533,13.51611714247332,12.565685511297959,12.574661612999607,,,,13.012196172394093,"rgba(38, 166, 154, 1.0)",1.0511438985674975,13.012196172394093,1.2156316840608612,4,0.2614691247977641,1.0458764991910563,0.0,0.0,0.0,0.0,73.32395337657385,17.254894648978805,True,False,True,False,True,10.891567593193617
2024-05-31 00:00:00+00:00,14.46,14.52,14.195,14.51,1004888,16.37180532000614,16.04642062880579,12.530410342953072,12.77081960346783,,,16.87852239213936,16.438426985973454,16.286103817499697,13.518912240281905,12.572919766724077,12.60318615686943,,,,13.024555208181408,"rgba(38, 166, 154, 1.0)",1.0795605879538417,13.024555208181408,1.3296565360349817,4,0.2546735893683667,1.0186943574734668,0.0,0.0,0.0,0.0,74.04092477916956,18.29896789682641,True,False,True,False,True,11.697063377799736
2024-06-03 00:00:00+00:00,14.72,14.74,14.38,14.55,600721,16.370179820653487,16.044833559339747,12.54207517397309,12.802812106414883,,,16.87666254680469,16.436786846762022,16.284513288036003,13.520996864988565,12.577740837895464,12.621875278518955,,,,13.032798419241377,"rgba(0, 255, 255, 0.75)",1.1113383701524726,13.032798419241377,1.5181709064244258,4,0.24718529351793306,0.9887411740717322,0.0,0.0,0.0,0.0,75.22945760325189,19.775109180391908,True,False,True,False,True,12.91447329469377
2024-06-04 00:00:00+00:00,14.24,14.75,14.19,14.61,400997,16.368960761715684,16.04361358891259,12.548969948040352,12.821035971053453,,,16.875302239531702,16.435561756233167,16.28331370320753,13.522104620488834,12.580599926325638,12.63280158067364,14.393333333333334,,,13.006945722597404,"rgba(38, 166, 154, 1.0)",1.126908103562156,13.006945722597404,1.0941923955510766,4,0.2431704970789101,0.9726819883156403,0.0,0.0,0.0,0.0,72.14077321939624,19.775109180391908,True,False,True,False,False,9.84078741466912
2024-06-05 00:00:00+00:00,14.28,14.29,14.07,14.24,449797,16.367470712595427,16.042098270211287,12.555894092206845,12.838702953604555,,,16.873667628721773,16.43406835813766,16.281841963942426,13.523087813796222,12.583478871972614,12.643661500744793,14.298171096646193,,,13.00679484439038,"rgba(38, 166, 154, 1.0)",1.145512954063859,13.00679484439038,1.1114716346879854,4,0.23901683358162304,0.9560673343264922,0.0,0.0,0.0,0.0,70.23556334856846,19.775109180391908,True,False,True,False,False,10.033930149473715
2024-06-06 00:00:00+00:00,13.78,14.29,13.71,14.27,827509,16.364370695912903,16.0388810517231,12.56630594939079,12.863521655167718,,,16.870342124628003,16.430972148411087,16.27876532625561,13.524141149322151,12.587822019132425,12.65967744306412,14.114996032698903,,,13.004125543734585,"rgba(38, 166, 154, 0.5)",1.1466307400616096,13.004125543734585,0.6766559007686522,4,0.23711524537114498,0.9484609814845799,0.0,0.0,0.0,0.0,65.48457519273576,20.999910530801344,True,False,True,False,False,6.9360713202238
2024-06-07 00:00:00+00:00,13.6,13.76,13.42,13.58,953920,16.36031955507689,16.03460112614178,12.575220469091455,12.882221658485987,,,16.866084871499485,16.42693862075702,16.274727450062784,13.52434870274592,12.591556052673436,12.672922235780474,13.925944997821233,,,12.999564727863248,"rgba(38, 166, 154, 0.5)",1.1383871473701193,12.999564727863248,0.5274438257001283,4,0.23619636988457016,0.9447854795382806,0.0,0.0,0.0,0.0,61.22361488200261,17.086758052063132,True,False,True,False,False,5.854021095922249
2024-06-10 00:00:00+00:00,13.46,13.715,13.44,13.49,571148,16.357851547035587,16.031988163978852,12.580199887631773,12.892135300059739,,,16.86349843520047,16.424482309642435,16.27226615667343,13.52437377430078,12.593656497244444,12.680210839139486,13.856835417023712,,,12.998744796082496,#000000,1.135590444507983,12.998744796082496,0.4061809485525854,4,0.23546936739149138,0.9418774695659655,0.0,0.0,0.0,0.0,57.54420122589698,13.792630329238897,True,False,True,False,False,5.015381778150694
2024-06-11 00:00:00+00:00,13.48,13.78,13.38,13.38,576295,16.355373016870917,16.029365985408347,12.585215510404835,12.90196433501341,,,16.86089929280389,16.42201523742067,16.26979472280933,13.52441402820167,12.595785057929797,12.68751195806615,13.809543222425827,,,12.999036151432104,#000000,1.1322617562581831,12.999036151432104,0.42478150119399116,4,0.23617132487199544,0.9446852994879817,0.0,0.0,0.0,0.0,55.21491765506156,11.75144592343679,True,False,False,False,False,5.121038206194861
2024-06-12 00:00:00+00:00,13.52,13.98,13.51,13.72,567279,16.353044472451572,16.02691818473529,12.590728920917284,12.913152037711434,,,16.858439850082636,16.41969487804011,16.26747631193747,13.524672338484136,12.598141613942046,12.695594252874164,13.791332745947633,,,13.001213666582123,#000000,1.136819048727514,13.001213666582123,0.45634908563379073,4,0.2358694967955247,0.9434779871820989,0.0,0.0,0.0,0.0,53.92773278157813,10.590025091006353,False,False,False,False,False,5.335676728202294
2024-06-13 00:00:00+00:00,13.29,13.54,13.19,13.52,343963,16.351461139716037,16.02522900024129,12.593030863792842,12.916889086587664,,,16.856796289001966,16.418121238849388,16.265894244496497,13.524473878905184,12.599127088270222,12.69879256603075,13.758238563479253,,,13.000584772458918,#000000,1.1344229314446919,13.000584772458918,0.25512110123912046,4,0.23526134397668785,0.9410453759067514,0.0,0.0,0.0,0.0,51.48581690310068,8.253874666760261,False,False,False,False,False,3.9134976447437886
2024-06-14 00:00:00+00:00,13.09,13.35,12.94,13.15,670354,16.348161879149266,16.021681961082887,12.596207009441718,12.920408411645118,,,16.85340349946224,16.414846734725913,16.262591387967568,13.523642446963594,12.600489313544823,12.70289167422398,13.679268957570063,,,12.997586959709603,#000000,1.1304686582951196,12.997586959709603,0.08174754745502376,4,0.23491936154652496,0.9396774461860998,0.0,0.0,0.0,0.0,48.5948825167726,5.489298106851862,False,False,False,True,False,2.6930916887541017
2024-06-17 00:00:00+00:00,13.4,13.44,12.97,12.99,383167,16.346362858995935,16.019758595676606,12.598491507813398,12.923728888557658,,,16.8515414686033,16.413059448266438,16.260792777466094,13.523339796486205,12.601476035427057,12.705980202798465,13.651969750170121,,,12.997155277374878,#000000,1.127629771202003,12.997155277374878,0.3572491015341923,4,0.2344943205589472,0.9379772822357888,0.0,0.0,0.0,0.0,48.98838678169575,5.489298106851862,False,False,False,True,False,4.419499459206492
2024-06-18 00:00:00+00:00,13.55,13.68,13.28,13.35,466402,16.344341751564084,16.017619399775537,12.60221046075284,12.930353360098948,,,16.84942505128295,16.411047954153048,16.25877694917074,13.523310780874331,12.603091022209439,12.711231167593128,13.640807906918306,,,12.998496401415991,#000000,1.1243981373033984,12.998496401415991,0.4904878265866391,4,0.23387702360931736,0.9355080944372695,0.0,0.0,0.0,0.0,50.269571464721786,5.489298106851862,False,False,False,False,False,5.241859453446885
2024-06-20 00:00:00+00:00,13.24,13.5,13.22,13.38,281641,16.34304401072299,16.01623532424986,12.603987528872379,12.93302414476279,,,16.848078377027072,16.409758141559706,16.2574802034447,13.523132880396286,12.603865414944424,12.713642475375446,13.626891380252903,,,12.998572869959858,#000000,1.12450192377637,12.998572869959858,0.2146969470975798,4,0.23351268876453674,0.9340507550581469,0.0,0.0,0.0,0.0,48.98338219373101,5.489298106851862,False,False,False,True,False,3.3175250053219933
2024-06-21 00:00:00+00:00,13.12,13.31,13.04,13.21,462636,16.340799654173452,16.013827319604687,12.606226048832802,12.935514167634533,,,16.845766192383035,16.40752989566489,16.255234291493764,13.522606898964648,12.604844543924912,12.716506354384123,13.595613234666281,,,12.99773841418554,#000000,1.1261849495268177,12.99773841418554,0.1085626174153987,4,0.2332124936264739,0.9328499745058956,0.0,0.0,0.0,0.0,47.36471862329991,3.7211235093622435,False,True,False,True,False,2.58260946714633
2024-06-24 00:00:00+00:00,13.29,13.39,13.06,13.06,393518,16.338946981565297,16.011846680363476,12.60842491243499,12.938433299966924,,,16.843849653054857,16.405689357772744,16.253381892443766,13.522270428621571,12.60581005427804,12.719405554172928,13.57692718974495,,,12.997668442588438,#000000,1.1297793294858574,12.997668442588438,0.25875102312643317,4,0.23263230212943592,0.9305292085177437,0.0,0.0,0.0,0.0,47.611947677766224,3.698095339890827,False,True,False,True,False,3.5518048520644534
2024-06-25 00:00:00+00:00,13.22,13.29,13.1,13.25,283883,16.337593134895634,16.01039724754498,12.609894752171094,12.940214070323576,,,16.842451692736688,16.404344733139283,16.252027752803926,13.521990124342603,12.606457794427742,12.721307141837718,13.563031766268908,,,12.997508214162636,#000000,1.133465259942128,12.997508214162636,0.19629343192108475,4,0.23246019786058655,0.9298407914423462,0.0,0.0,0.0,0.0,47.27568095278204,3.033112556972881,False,True,False,True,False,3.1125542673577264
2024-06-26 00:00:00+00:00,13.02,13.46,13.02,13.08,422551,16.33555659071434,16.00821443567159,12.611934811141433,12.942457533533002,,,16.840351913902868,16.40232248931826,16.24999016872409,13.521525907856114,12.607360270137214,12.72389686617538,13.542239311687313,,,12.997153134575267,#000000,1.1340948686822243,12.997153134575267,0.020145462302707924,4,0.2324503960624748,0.9298015842498992,0.0,0.0,0.0,0.0,45.662305708906864,1.1659815541835528,False,True,False,True,False,1.8595291413018273
2024-06-27 00:00:00+00:00,13.17,13.18,12.8805,13.01,435581,16.333400547282693,16.005896793236907,12.61368415864608,12.943815971377054,,,16.838137026548637,16.40018272643445,16.247831453673857,13.520927824302506,12.608138603063853,12.72599983888224,13.518363375646985,,,12.996392745494386,#000000,1.1362849534758768,12.996392745494386,0.1527849629395794,4,0.23205835235627464,0.9282334094250986,0.0,0.0,0.0,0.0,45.90510854217015,1.0999187952707103,False,True,False,True,False,2.746547748854262
2024-06-28 00:00:00+00:00,12.93,13.21,12.814,13.08,455809,16.331083664559976,16.003399251460976,12.615139210948543,12.944243595293397,,,16.835765345984488,16.397884524997984,16.245510065901943,13.52017415383425,12.608790701635522,12.72760268672774,13.491172281612634,,,12.995199753516085,#000000,1.1350234827114751,12.995199753516085,-0.05744352826985409,4,0.23246210133684755,0.9298484053473902,0.0,0.0,0.0,0.0,44.3987511439893,-0.6396990991035025,False,True,False,True,False,1.237041483813865
2024-07-01 00:00:00+00:00,12.73,13.08,12.5,12.99,643588,16.327608250288144,15.999629552179831,12.61599210131425,12.94170570813283,,,16.832235186898938,16.394441042805287,16.24202254944663,13.518688453114404,12.609183953076114,12.727970418930868,13.442774368447065,,,12.99208664970148,#000000,1.1319776682610048,12.99208664970148,-0.23152987647195333,4,0.23259638049547254,0.9303855219818902,0.0,0.0,0.0,0.0,42.15304783452959,-2.99806774837883,False,True,False,True,False,0.0
2024-07-02 00:00:00+00:00,12.79,12.86,12.61,12.77,385693,16.325518991466772,15.997362998499035,12.616443910910505,12.94007569110296,,,16.830113881875306,16.392371069405854,16.23992586666103,13.517781153132804,12.609394375687895,12.728101570875353,13.41611841900776,,,12.990305574623795,#000000,1.1327278403749688,12.990305574623795,-0.176834688337393,4,0.2329511610698176,0.9318046442792705,0.0,0.0,0.0,0.0,41.25520697553892,-4.034019588911448,False,True,False,True,False,0.3698728145704031
2024-07-03 00:00:00+00:00,12.7,12.945,12.66,12.74,186091,16.324516058350092,15.996275603740598,12.616684611347905,12.939361644513815,,,16.829094936337658,16.39137729351914,16.238919498494393,13.517352738207778,12.60950623904036,12.72820169668989,13.404255686677056,,,12.989517695471232,#000000,1.133299130379574,12.989517695471232,-0.25546449980444697,4,0.2330782781485246,0.9323131125940984,0.0,0.0,0.0,0.0,40.05915636206974,-5.357164539427586,False,True,False,True,False,0.0
2024-07-05 00:00:00+00:00,12.5,12.86,12.485,12.73,431573,16.322092085727686,15.993636930443492,12.616678442773829,12.93626393987462,,,16.826644659608785,16.388977223481795,16.23648480828242,13.516158054180547,12.609515191612456,12.727552076651113,13.372101552476805,,,12.98702397624505,#000000,1.133345887582904,12.98702397624505,-0.4297222777097024,4,0.23321691254910126,0.932867650196405,0.0,0.0,0.0,0.0,38.00694198692609,-7.453945425661402,False,True,False,True,False,0.0
2024-07-08 00:00:00+00:00,12.69,12.76,12.48,12.63,337450,16.32021343913312,15.991593878247187,12.616754541164015,12.934092741751044,,,16.824743630484686,16.387116788811905,16.234598260636222,13.515255424596045,12.609558227419717,12.727175870359709,13.349603489833893,,,12.985279445089745,#000000,1.1338634743118583,12.985279445089745,-0.2604188703308839,4,0.23366167857671782,0.9346467143068713,0.0,0.0,0.0,0.0,38.722274255534096,-7.453945425661402,False,True,False,True,False,0.0
2024-07-09 00:00:00+00:00,12.64,12.83,12.57,12.72,387557,16.318079695969285,15.989276192945503,12.616961237319638,12.931948015835177,,,16.822581580119284,16.385003286683997,16.232456124202162,13.514264564187753,12.609661029611456,12.726935078942399,13.32667538393082,,,12.983524719903855,#000000,1.1341381932734746,12.983524719903855,-0.30289493991233585,4,0.23365785787844429,0.9346314315137771,0.0,0.0,0.0,0.0,38.8425459938814,-7.453945425661402,False,True,False,True,False,0.0
2024-07-10 00:00:00+00:00,12.54,12.72,12.45,12.67,479790,16.31536185098148,15.98631619736923,12.61677200094999,12.928204956278567,,,16.81983712567331,16.382312554168184,16.229725758919393,13.512879834113008,12.609589502983034,12.72594965951722,13.295904119786606,,,12.980899340121903,#000000,1.1342065210677517,12.980899340121903,-0.3887293292114363,4,0.23387395327806226,0.935495813112249,0.0,0.0,0.0,0.0,38.20135979561951,-7.728589096898531,False,True,False,True,False,0.0
2024-07-11 00:00:00+00:00,12.73,12.83,12.58,12.67,303629,16.31370967683067,15.984524128018705,12.61701761561809,12.926807884552128,,,16.81816067675604,16.380675665586125,16.228067574339374,13.51213851642252,12.609707769752083,12.725899724669896,13.281287692612544,,,12.979774114065592,#000000,1.1332333077217194,12.979774114065592,-0.2204083769543831,4,0.23445963523398006,0.9378385409359202,0.0,0.0,0.0,0.0,39.95489673979446,-7.728589096898531,False,True,False,True,True,0.06483068850293705
2024-07-12 00:00:00+00:00,13.11,13.15,12.74,12.78,418120,16.31161794215656,15.982275505607957,12.618354423431342,12.927457401429534,,,16.816015387260858,16.378599947685217,16.225972719573118,13.511485458622465,12.610319509654254,12.727385582748656,13.271893717829823,,,12.979547676313384,#000000,1.1346301854163041,12.979547676313384,0.11497342954854615,4,0.23441509108545028,0.9376603643418011,0.0,0.0,0.0,0.0,44.62541296475713,-9.555280126453894,False,True,False,True,True,2.504179512276991
2024-07-15 00:00:00+00:00,11.84,12.71,11.81,12.69,1395828,16.30280358639107,15.972585485265729,12.612614209534815,12.904224808554748,,,16.807223576343034,16.36988884048624,16.21709669532742,13.505587129709342,12.607767275431685,12.716589299212062,13.156352456375213,,,12.966741640672131,"rgba(239, 83, 80, 1.0)",1.1264254552816557,12.966741640672131,-1.0002806980160055,4,0.22757175768133928,0.9102870307253571,0.0,0.0,0.0,0.0,40.438559183040525,-5.002176093961907,False,True,False,True,False,0.0
2024-07-16 00:00:00+00:00,12.04,12.13,11.86,11.9,785074,16.297732333832112,15.967001730092782,12.60873535626146,12.889984100719987,,,16.80217742344368,16.36487856907995,16.21198769553048,13.50202994397027,12.60602232710258,12.709595143810672,13.095133415512297,,,12.959298262269414,"rgba(239, 83, 80, 0.5)",1.1237295048187437,12.959298262269414,-0.8180778900325273,5,0.4007189384428905,2.0035946922144525,0.0,0.0,0.0,0.0,39.13475694902988,-6.06107741759206,False,True,False,True,False,0.0
2024-07-17 00:00:00+00:00,12.22,12.25,11.87,11.97,945638,16.29178661875051,15.960471930131298,12.604923979205859,12.875366600322073,,,16.796244064169713,16.35900169717967,16.206001178641728,13.498062835369721,12.604296039068984,12.70256972684261,13.035795634313347,,,12.951782258898636,"rgba(239, 83, 80, 0.5)",1.1231439143103752,12.951782258898636,-0.6515480781890348,5,0.40299287001380046,2.014964350069002,0.0,0.0,0.0,0.0,39.55738517497156,-6.06107741759206,False,True,False,True,False,0.0
2024-07-18 00:00:00+00:00,11.9,12.54,11.845,12.12,597001,16.28802522652683,15.956341323184294,12.602459214733045,12.8662029988965,,,16.792491302521473,16.35528387938529,16.202213872805782,13.495536962826957,12.603171948690946,12.6980836899889,13.001218322965897,,,12.947170279824459,"rgba(239, 83, 80, 0.5)",1.124823077179311,12.947170279824459,-0.9309644343805776,5,0.4050719264249684,2.025359632124842,0.0,0.0,0.0,0.0,38.40261811359709,-6.710701293098616,False,True,False,True,False,0.0
2024-07-19 00:00:00+00:00,12.2,12.39,12.02,12.21,548492,16.284664533753723,15.952660373252916,12.60069459652222,12.859127931330045,,,16.78912813856059,16.351960572966245,16.198832064302223,13.493403216499795,12.60236279478885,12.69475010200777,12.975156257020968,,,12.943623021175274,"rgba(239, 83, 80, 0.5)",1.1208968095493166,12.943623021175274,-0.6634179121932426,4,0.42880380454914047,1.7152152181965619,0.0,0.0,0.0,0.0,39.74378731160687,-6.710701293098616,False,True,False,True,False,0.0
2024-07-22 00:00:00+00:00,12.03,12.31,11.92,12.27,524551,16.28136397431934,15.949037511073097,12.598530320835275,12.851322696286987,,,16.785834670720188,16.348698059744034,16.195508933218964,13.491185241029529,12.601366660286702,12.690856811022861,12.948242190653152,,,12.93978448649834,"rgba(239, 83, 80, 0.5)",1.116955530743206,12.93978448649834,-0.8145216720427384,4,0.430490493329341,1.721961973317364,0.0,0.0,0.0,0.0,39.8151535243958,-6.710701293098616,False,True,False,True,False,0.0
2024-07-23 00:00:00+00:00,11.59,11.76,11.46,11.71,1015384,16.274255268380006,15.941168750391435,12.590484835075802,12.827381254970092,,,16.77881814993141,16.341682328249764,16.188336621667734,13.485441021457158,12.597648818440733,12.677543516114746,12.873749188577872,,,12.928347568994047,"rgba(239, 83, 80, 1.0)",1.1128297668962082,12.928347568994047,-1.2026525608915282,4,0.4309661137405888,1.7238644549623552,0.0,0.0,0.0,0.0,37.970085309078286,-7.376050895797263,False,True,False,True,False,0.0
2024-07-24 00:00:00+00:00,11.3,11.56,11.285,11.42,582355,16.269994917769505,15.936438650514702,12.58490588225792,12.811647688650375,,,16.774630528666798,16.337480137074593,16.1840347881413,13.48177611805949,12.595056408491878,12.668508486713915,12.82780916590252,,,12.920930630912602,"rgba(239, 83, 80, 1.0)",1.1119630721719371,12.920930630912602,-1.4577198393347055,4,0.43108135464748476,1.724325418589939,0.0,0.0,0.0,0.0,35.67280208143201,-9.663540322221237,False,True,False,True,False,0.0
2024-07-25 00:00:00+00:00,11.18,11.42,11.16,11.37,530638,16.266017625246565,15.932015955241804,12.579329602540637,12.796346513507276,,,16.770729784041556,16.333558329830044,16.18001711571823,13.478244395584538,12.592455008960489,12.659574686367527,12.784842803467633,,,12.913767300526633,"rgba(255, 0, 0, 1.0)",1.11133107432346,12.913767300526633,-1.560081725944801,4,0.4316362635885793,1.7265450543543173,0.0,0.0,0.0,0.0,33.71883318560312,-11.57742327022521,False,True,False,True,False,0.0
2024-07-26 00:00:00+00:00,11.4,11.4,11.19,11.26,622438,16.26143152559943,15.926923606590883,12.573222624289038,12.779649816319393,,,16.766224714015628,16.329035064160493,16.1753859327243,13.474258188016405,12.589590361067186,12.649801584082937,12.739717268897293,,,12.905986982729337,"rgba(239, 83, 80, 1.0)",1.1095499128066244,12.905986982729337,-1.3572953909931982,3,0.5052807322733867,1.5158421968201599,0.0,0.0,0.0,0.0,34.194044039220756,-11.57742327022521,False,True,False,True,False,0.0
2024-07-29 00:00:00+00:00,11.41,11.54,11.26,11.43,340257,16.258965352696105,15.924188957422617,12.57010483954646,12.77113592012636,,,16.76379833956572,16.32660208917705,16.17289628313566,13.472159677115085,12.588120735373016,12.644813080194913,12.717435665200238,,,12.90203274411292,"rgba(239, 83, 80, 1.0)",1.1056346267769055,12.90203274411292,-1.3494808393098405,3,0.5036484381656666,1.510945314497,0.0,0.0,0.0,0.0,34.59267837733532,-11.57742327022521,False,True,False,True,False,0.0
2024-07-30 00:00:00+00:00,11.4,11.45,11.23,11.4,376392,16.256215869271127,15.921138781007116,12.56654787744843,12.76154521654137,,,16.761095165772854,16.323889868726514,16.17012026528634,13.469794735578198,12.586439968232755,12.639150114590748,12.692852899837149,,,12.897589749708843,"rgba(239, 83, 80, 1.0)",1.1029337944569175,12.897589749708843,-1.3578237943522735,3,0.5019924282117264,1.505977284635179,0.0,0.0,0.0,0.0,34.80952228134788,-11.57742327022521,False,True,False,True,False,0.0
2024-07-31 00:00:00+00:00,11.55,11.89,11.33,11.52,697434,16.251368312668703,15.915782187111542,12.561257903456829,12.746974923079549,,,16.756306464664124,16.319104589661695,16.16523046121594,13.465902790325483,12.583919504635158,12.630651036358874,12.657046747267785,,,12.890852523053146,"rgba(239, 83, 80, 1.0)",1.0907336980217393,12.890852523053146,-1.2293124577383518,3,0.5006952090702516,1.5020856272107546,0.0,0.0,0.0,0.0,36.336276133911454,-11.57742327022521,False,True,False,True,True,0.0
2024-08-01 00:00:00+00:00,10.9,11.25,10.43,11.06,1579293,16.238715233964754,15.90166266489759,12.540642354888567,12.695288881521236,,,16.743967887273655,16.30663715333679,16.152435771245283,13.453742533362044,12.57410145083306,12.598755327169625,12.533977569856608,,,12.867109777383678,"rgba(255, 0, 0, 1.0)",1.091505398995449,12.867109777383678,-1.8021988523319066,3,0.4966695277516148,1.4900085832548444,0.0,0.0,0.0,0.0,34.283703862774274,-11.590440697888546,False,True,False,True,True,0.0
2024-08-02 00:00:00+00:00,10.74,10.755,10.31,10.64,920536,16.231014478066438,15.893049180520064,12.52704299599759,12.662388227904337,,,16.736485075510114,16.299052958574077,16.144643812091342,13.44600604241147,12.567575409121172,12.578004352319548,12.459804555471084,,,12.852046064243584,"rgba(255, 0, 0, 1.0)",1.1000397208226464,12.852046064243584,-1.9199725466859738,3,0.491714923185732,1.475144769557196,0.0,0.0,0.0,0.0,32.316294774998724,-13.53452279843674,False,True,False,True,False,0.0
2024-08-05 00:00:00+00:00,10.4,10.56,10.13,10.13,595428,16.225834201141883,15.887242361075785,12.517271349466524,12.639254169062447,,,16.731467032739108,16.293953258398375,16.139399190997743,13.440606741797042,12.562868167263673,12.563219065379345,12.40901259875215,,,12.643595000243014,"rgba(255, 26, 202, 1.0)",1.116893003820044,12.643595000243014,-2.0087823923772254,3,0.48525081547490884,1.4557524464247265,0.0,0.0,0.0,0.0,29.84874378270433,-15.895500312092175,False,True,False,True,False,0.0
2024-08-06 00:00:00+00:00,10.61,10.86,10.36,10.36,713203,16.219901866481354,15.880612864769558,12.507009581354007,12.6150873384977,,,16.725699233618897,16.288109947817563,16.133397439270535,13.43468071837356,12.557885583873325,12.54772389565552,12.358278430370753,,,12.639587075085965,"rgba(255, 0, 0, 1.0)",1.12850220435115,12.639587075085965,-1.7984786093110985,3,0.481179326665911,1.443537979997733,0.0,0.0,0.0,0.0,30.12220976589156,-15.895500312092175,False,True,False,True,False,0.0
2024-08-07 00:00:00+00:00,10.21,10.92,10.14,10.72,697915,16.213916055387408,15.873912391059836,12.496096465688423,12.589839020295877,,,16.71989363042033,16.282215913801448,16.127338879568917,13.428524057416901,12.55256946299078,12.53135909692224,12.306314535338213,,,12.627073354844615,"rgba(255, 26, 202, 1.0)",1.151858944067027,12.627073354844615,-2.0984108924920273,3,0.4729282664986691,1.4187847994960072,0.0,0.0,0.0,0.0,28.889861208443413,-16.90559803123194,False,True,False,True,False,0.0
2024-08-08 00:00:00+00:00,10.45,10.505,10.26,10.37,644400,16.208382729561464,15.867719531796789,12.486032932821916,12.566844827766383,,,16.71452710062474,16.27676733795019,16.121738341910653,13.422827247163156,12.547642370152108,12.516341934508871,12.260309805027484,,,12.616038620367979,"rgba(255, 0, 0, 1.0)",1.1691927144845642,12.616038620367979,-1.8525933266038803,3,0.46685205483432585,1.4005561645029776,0.0,0.0,0.0,0.0,30.120720007150133,-16.90559803123194,False,True,False,True,False,0.0
2024-08-09 00:00:00+00:00,10.24,10.42,10.21,10.42,571782,16.20338466085801,15.862120850850609,12.476695239453607,12.545779399458674,,,16.709686310428346,16.271846698073304,16.11667832301649,13.41759842033625,12.543055774910336,12.50247740742237,12.21889719992565,,,12.605194564101884,"rgba(255, 0, 0, 1.0)",1.1900292675635495,12.605194564101884,-1.9875095752429288,3,0.4596531148858527,1.378959344657558,0.0,0.0,0.0,0.0,30.13167901632361,-16.90559803123194,False,True,False,True,False,0.0
2024-08-12 00:00:00+00:00,10.28,10.31,10.16,10.29,625409,16.197890570571975,15.855966062006912,12.466387106248684,12.522779401774434,,,16.704366913569647,16.266437881103204,16.111115848152576,13.411826245744395,12.537971610949354,12.487238315462504,12.174650233924767,,,12.593515614995946,"rgba(255, 0, 0, 1.0)",1.2107533504706303,12.593515614995946,-1.910806700717915,3,0.4532576181604165,1.3597728544812495,0.0,0.0,0.0,0.0,30.497032698502444,-16.90559803123194,False,True,False,True,False,0.0
2024-08-13 00:00:00+00:00,10.49,10.59,10.29,10.32,586546,16.19292580711838,15.850418335518285,12.457699275372331,12.503547240474497,,,16.699545506272468,16.261547937138914,16.106092213751804,13.40678443377529,12.533652678099722,12.474435426157065,12.13918856815727,,,12.585331764699044,"rgba(255, 0, 0, 1.0)",1.2221008642999578,12.585331764699044,-1.7145325937554987,3,0.44864387703737957,1.3459316311121388,0.0,0.0,0.0,0.0,32.6104628471997,-16.90559803123194,False,True,False,True,True,0.0
2024-08-14 00:00:00+00:00,10.33,10.64,10.3,10.58,473617,16.188899922957933,15.845919404949989,12.450622805228262,12.488028544189097,,,16.695637044034093,16.25758282883346,16.102018404315633,13.402680012281683,12.530122577893936,12.46404587678025,12.11105873738829,,,12.578488772885475,"rgba(255, 0, 0, 1.0)",1.2383723406367875,12.578488772885475,-1.8156807117714466,3,0.44320557526622356,1.3296167257986706,0.0,0.0,0.0,0.0,33.233711670971104,-20.472534985681715,False,True,False,True,True,0.0
2024-08-15 00:00:00+00:00,10.62,10.72,10.51,10.56,660880,16.183479688198105,15.839877476916453,12.441764125735121,12.468748732348612,,,16.690359201446427,16.252242000909018,16.096536807688985,13.397342011390771,12.525666630036971,12.451079997965136,12.077637438109198,,,12.571110383297594,"rgba(255, 0, 0, 1.0)",1.2511911441819994,12.571110383297594,-1.559402328229542,3,0.43962005341973054,1.3188601602591916,0.0,0.0,0.0,0.0,36.12019111271521,-17.660120785878462,False,True,False,True,True,0.0
2024-08-16 00:00:00+00:00,10.76,10.835,10.445,10.5,1027756,16.17516708360736,15.830622761473153,12.428628672834234,12.440541614057997,,,16.682255036672547,16.244049484195187,16.088132202750447,13.389269381344098,12.519006658797911,12.431957837066363,12.030661787922163,,,12.560387653824886,"rgba(239, 83, 80, 1.0)",1.2587745792800327,12.560387653824886,-1.4302701082942382,3,0.43677018008805835,1.310310540264175,0.0,0.0,0.0,0.0,39.142271165397105,-14.836306269529167,False,True,False,True,True,0.0
2024-08-19 00:00:00+00:00,11.3,11.355,10.72,10.74,1750358,16.162209422275733,15.816292534843015,12.4122827998979,12.406135061419272,,,16.669522678071484,16.231263697099358,16.07505116628235,13.377870980368177,12.510492141671751,12.40835936220474,11.981626722881384,,,12.551691837233104,"rgba(239, 83, 80, 0.5)",1.2580783000311193,12.551691837233104,-0.9949236364717061,3,0.43727924748950925,1.3118377424685277,0.0,0.0,0.0,0.0,44.69892674491109,-9.769873682013255,False,False,False,False,True,0.0
2024-08-20 00:00:00+00:00,11.88,11.97,11.22,11.28,2067383,16.148697319933444,15.801503810806356,12.401742064648811,12.384675894588486,,,16.65608399686761,16.217906061065232,16.061442825628927,13.367894564125203,12.504615329500828,12.39335928005647,11.964098365696128,,,12.552497633797932,"rgba(239, 83, 80, 0.5)",1.2544928267042557,12.552497633797932,-0.5360713265811853,3,0.4375133404192159,1.3125400212576477,0.0,0.0,0.0,0.0,51.14820646836792,-4.074333223650811,True,False,True,False,True,0.0
2024-08-21 00:00:00+00:00,11.54,12.01,11.42,11.99,459731,16.145681296835,15.7982030426587,12.399331939480978,12.379856934372077,,,16.653085451539933,16.214924562349253,16.058405176591585,13.365648327183575,12.503266898847752,12.389954342778582,11.960043475258633,,,12.552005727249288,"rgba(239, 83, 80, 0.5)",1.2527299630648825,12.552005727249288,-0.8078402824926076,3,0.43701248525887787,1.3110374557766336,0.0,0.0,0.0,0.0,53.15752309680957,-2.6108191457832106,True,False,True,False,True,0.0
2024-08-22 00:00:00+00:00,11.18,11.57,11.12,11.56,427751,16.142649792830532,15.79486511757984,12.396003175585623,12.373185693586125,,,16.650094214057354,16.21193109494484,16.05534747169351,13.363116356716251,12.501474393170836,12.385244341090234,11.951920344346338,,,12.549730081505757,"rgba(239, 83, 80, 1.0)",1.2559567187126555,12.549730081505757,-1.090587009168372,3,0.4357711428716031,1.3073134286148094,0.0,0.0,0.0,0.0,52.380280070543996,-2.6108191457832106,True,False,True,False,True,0.0
2024-08-23 00:00:00+00:00,11.63,11.645,11.23,11.23,516374,16.139154656635718,15.791031229685212,12.392775235771989,12.366792910855825,,,16.646630103025284,16.208477471164215,16.051825204641386,13.360379258154612,12.499694392644892,12.380700477163101,11.945425911696583,,,12.548104936889228,"rgba(239, 83, 80, 0.5)",1.254175397593219,12.548104936889228,-0.7320387073858121,3,0.4358158684873381,1.3074476054620143,0.0,0.0,0.0,0.0,54.03371789360101,-2.1847925590150226,True,False,True,False,True,0.0
2024-08-26 00:00:00+00:00,11.64,11.71,11.505,11.67,211945,16.137757657808507,15.789502343904346,12.391629645765835,12.364546264834486,,,16.645241823283815,16.207096501336544,16.050418099461236,13.359328517558225,12.499050817787873,12.37909469053694,11.943500826827815,,,12.547673730240493,"rgba(239, 83, 80, 0.5)",1.251791149146399,12.547673730240493,-0.7250999744321878,3,0.4359731162844094,1.3079193488532281,0.0,0.0,0.0,0.0,55.18191194753042,-1.0752394815803967,True,False,True,False,True,0.0
2024-08-27 00:00:00+00:00,11.64,11.655,11.38,11.61,215644,16.136318304982293,15.787925564996483,12.390377367372071,12.362091522485803,,,16.64381325096208,16.205673921752332,16.048967984037223,13.358223939973252,12.498352430877777,12.37733949688661,11.94120811140861,,,12.547081502725243,"rgba(239, 83, 80, 0.5)",1.2491772138939665,12.547081502725243,-0.7261431705895959,3,0.4367431183596288,1.3102293550788864,0.0,0.0,0.0,0.0,55.94737465015004,-0.22658958704738552,True,False,True,False,True,0.0
2024-08-28 00:00:00+00:00,11.3,11.555,11.29,11.49,170270,16.135138614513526,15.786629420481727,12.389181855792987,12.359740112380134,,,16.642646667771363,16.204508607826938,16.04777863166888,13.357267222796827,12.497698225503663,12.37566110701341,11.938590548530193,,,12.546290606333594,"rgba(239, 83, 80, 1.0)",1.2441510003660698,12.546290606333594,-1.0017197317422835,3,0.43689965134033953,1.3106989540210185,0.0,0.0,0.0,0.0,54.21156444910683,-0.22658958704738552,True,False,True,False,True,0.0
2024-08-29 00:00:00+00:00,11.43,11.65,11.2446,11.31,251733,16.133417543980112,15.78474057694975,12.387524269489216,12.356495824580163,,,16.640942513981358,16.202808171983996,16.046043908446162,13.355897285494494,12.496784236699707,12.37333888625005,11.935176419445458,,,12.545267988637283,"rgba(239, 83, 80, 0.5)",1.2413788033205313,12.545267988637283,-0.8984106911235173,3,0.4376463881780102,1.3129391645340307,0.0,0.0,0.0,0.0,53.82593292005262,-0.22658958704738552,True,False,True,False,True,0.0
2024-08-30 00:00:00+00:00,11.67,11.725,11.39,11.45,372278,16.130957808916236,15.782048844771442,12.385479489031217,12.352537510587183,,,16.638498680561604,16.200376671831965,16.043566312853024,13.354037050898034,12.495631623572612,12.370487871595925,11.931755713453835,,,12.54431384769836,"rgba(239, 83, 80, 0.5)",1.241818602470434,12.54431384769836,-0.7040592289075299,3,0.4384503012105683,1.315350903631705,0.0,0.0,0.0,0.0,54.932026022412565,-0.22658958704738552,True,False,True,False,True,0.0
2024-09-03 00:00:00+00:00,11.63,12.018,11.6,11.69,766292,16.126075089991744,15.776722916962424,12.382118883111541,12.346151761364183,,,16.63362947388977,16.195547227311,16.038651762949065,13.350555184357207,12.493673323707698,12.365839561329405,11.928056417207143,,,12.42616270240706,"rgba(239, 83, 80, 0.5)",1.2398758583601523,12.42616270240706,-0.642130981935608,3,0.43958232265079705,1.318746967952391,0.0,0.0,0.0,0.0,55.36999262799971,-0.05054972800898838,True,False,True,False,True,0.0
2024-09-04 00:00:00+00:00,11.17,11.65,10.95,11.52,773599,16.1206032161004,15.770704469280908,12.376148539117663,12.334631201115874,,,16.628228828061097,16.190143293244276,16.033133193744426,13.34597859281835,12.490405102451303,12.357522925781034,11.914587391882579,,,12.409269545913872,"rgba(239, 83, 80, 0.5)",1.2438851225890515,12.409269545913872,-0.9962893867035149,3,0.4394641787665498,1.3183925362996494,0.0,0.0,0.0,0.0,52.55213915402227,-0.05054972800898838,True,False,True,False,False,0.0
2024-09-05 00:00:00+00:00,10.7,11.17,10.63,11.08,552575,16.116362704701626,15.766013107720099,12.37032457060875,12.32337669230969,,,16.62407433403732,16.185959947112007,16.028850447062855,13.342061917161526,12.487283790016837,12.349403170092149,11.899312244541218,,,12.395036376915145,"rgba(239, 83, 80, 1.0)",1.253322330793259,12.395036376915145,-1.3524345136676175,3,0.43907023444125876,1.3172107033237763,0.0,0.0,0.0,0.0,48.2162381172475,3.6806144125299483,True,False,False,False,False,0.0
2024-09-06 00:00:00+00:00,10.52,10.81,10.475,10.7,479311,16.11252887805125,15.76176019110291,12.364552184390883,12.312253461315938,,,16.62033151479095,16.182179720350074,16.024975852297803,13.338361599725074,12.484207929822004,12.34136413608717,11.883603179472631,,,12.382647052679092,"rgba(239, 83, 80, 1.0)",1.266625622853356,12.382647052679092,-1.4705584815843733,3,0.4372291535180009,1.3116874605540028,0.0,0.0,0.0,0.0,44.50725780998814,0.22891802194276067,True,False,False,True,False,0.0
2024-09-09 00:00:00+00:00,10.39,10.48,10.295,10.47,715664,16.106593251625654,15.755161148426183,12.35496861825512,12.293871980947776,,,16.614553947874455,16.176329534724395,16.018973778511846,13.33242593969906,12.479115633483637,12.328042538487429,11.857055553617478,,,12.364270274791028,"rgba(255, 0, 0, 1.0)",1.2691478023241929,12.364270274791028,-1.5555873564730152,3,0.43392145169267565,1.301764355078027,0.0,0.0,0.0,0.0,41.45347581911394,-2.5506477556683222,False,False,False,True,False,0.0
2024-09-10 00:00:00+00:00,10.14,10.38,9.9744,10.38,802351,16.099693709501775,15.747474674779559,12.343125390344555,12.27130820244625,,,16.607857185651778,16.169531998580208,16.011993326951337,13.325296533066474,12.472828614226362,12.311625335923145,11.824028670966023,,,12.159839127641401,"rgba(255, 0, 0, 1.0)",1.2788712647142784,12.159839127641401,-1.5793920649962114,3,0.42923206761329763,1.2876962028398928,-1.0,0.0,9.9744,711.0,38.35204873180322,-5.369746782748706,False,True,False,True,False,0.0
2024-09-11 00:00:00+00:00,10.3,10.34,10.05,10.2,390447,16.096378808754654,15.74378545241516,12.337579462881159,12.260834656521128,,,16.604636303492896,16.166265537020564,16.00864026745773,13.321910087935171,12.469867588102888,12.303965962228459,11.809032157493826,,,12.15283931328686,"rgba(239, 83, 80, 1.0)",1.2792100603022811,12.15283931328686,-1.4484245948230172,3,0.4255907270399925,1.2767721811199775,0.0,0.0,0.0,0.0,37.63826140980601,-6.002385244015301,False,True,False,True,False,0.0
2024-09-12 00:00:00+00:00,10.35,10.3901,10.16,10.32,331150,16.093603801947562,15.74070006802752,12.333054100100108,12.252339025338577,,,16.60193710711699,16.1635306164192,16.00583391037057,13.319108666798378,12.46744070216423,12.297731725592564,11.797086936375786,,,12.148072934804208,"rgba(239, 83, 80, 1.0)",1.2770915436298995,12.148072934804208,-1.4079436542924046,3,0.42193725462553533,1.265811763876606,0.0,0.0,0.0,0.0,37.591104094858196,-6.1659081112706104,False,True,False,True,False,0.0
2024-09-13 00:00:00+00:00,10.5,10.6,10.4,10.4,576087,16.088948978097616,15.735537859352831,12.325998892842577,12.239229640798563,,,16.597395762700238,16.158940920127147,16.001129253490944,13.314569491609017,12.463619996641842,12.288054646968616,11.779467265698829,,,12.144239930378578,"rgba(239, 83, 80, 1.0)",1.2647905214158008,12.144239930378578,-1.3000096874050129,3,0.41901965113949285,1.2570589534184786,0.0,0.0,0.0,0.0,38.859380948130145,-6.1659081112706104,False,True,False,True,False,0.0
2024-09-16 00:00:00+00:00,10.49,10.73,10.49,10.62,359687,16.08608295949635,15.732362949103962,12.321789174899688,12.231469080101991,,,16.594596257185575,16.156114457857324,15.998233243767796,13.311813108100456,12.461326779641116,12.282299772531237,11.76929561091058,,,12.142040940602893,"rgba(239, 83, 80, 1.0)",1.2538145472593267,12.142040940602893,-1.3176118782590587,3,0.41629937523765403,1.248898125712962,0.0,0.0,0.0,0.0,39.642060802827416,-6.1659081112706104,False,True,False,True,False,0.0
2024-09-17 00:00:00+00:00,10.58,10.9,10.53,10.6,772367,16.080050104577733,15.72569034530679,12.313329525060297,12.216034487952584,,,16.588693207803423,16.15016323605272,15.992139347086459,13.306128102580573,12.456680576372097,12.270785645186184,11.749795460579069,,,12.13851008216819,"rgba(239, 83, 80, 1.0)",1.2347914730763956,12.13851008216819,-1.2621645971406596,3,0.41380531025346007,1.2414159307603803,0.0,0.0,0.0,0.0,41.00926547603372,-6.1659081112706104,False,False,False,True,True,0.0
2024-09-18 00:00:00+00:00,10.5,10.756596,10.49,10.62,596249,16.075326633684533,15.72046202275333,12.306512138086038,12.20366155283891,,,16.584076750963664,16.145504392215326,15.987367076692772,13.301610502970714,12.45293481695551,12.261527479922428,11.734022490614992,,,12.133331561694586,"rgba(239, 83, 80, 1.0)",1.20991325725867,12.133331561694586,-1.3499575708388099,3,0.411736440561016,1.235209321683048,0.0,0.0,0.0,0.0,41.33058640927224,-6.1659081112706104,False,False,False,True,True,0.0
2024-09-19 00:00:00+00:00,10.68,10.86,10.57,10.75,672805,16.070123746306965,15.71471393664158,12.299419530422618,12.19094946899072,,,16.578981037635465,16.140370986645134,15.982112622743694,13.296757093688422,12.448998580862593,12.251946586451563,11.718547169930696,,,12.129352033672907,"rgba(239, 83, 80, 1.0)",1.1713225296512757,12.129352033672907,-1.237363746520274,3,0.4101049829944638,1.2303149489833913,0.0,0.0,0.0,0.0,43.30592321343916,-6.1659081112706104,False,False,False,True,True,0.0
2024-09-20 00:00:00+00:00,10.51,10.71,10.48,10.6,698634,16.064594467334494,15.708596708251054,12.291495784221123,12.176783432694032,,,16.573576178825487,16.13491701784412,15.976526525009572,13.291471942471917,12.444611402252855,12.241254734362123,11.700863961570047,,,12.122544331468655,"rgba(239, 83, 80, 1.0)",1.146601763300493,12.122544331468655,-1.406368264101519,3,0.40745621486704575,1.2223686446011373,0.0,0.0,0.0,0.0,43.26155543123753,-6.1659081112706104,False,False,False,True,True,0.0
2024-09-23 00:00:00+00:00,10.5,10.56,10.365,10.51,962098,16.05687153286427,15.700046593734717,12.280128111662753,12.15658695527443,,,16.56603562218475,16.127300375710306,15.968722644193388,13.283983368091636,12.438309849881431,12.225957039950991,11.675484649704611,,,12.111410804254493,"rgba(239, 83, 80, 1.0)",1.118024722123566,12.111410804254493,-1.4413015851687023,3,0.40521776351035105,1.215653290531053,0.0,0.0,0.0,0.0,43.15195464858229,-6.1659081112706104,False,False,False,True,True,0.0
2024-09-24 00:00:00+00:00,11.0,11.07,10.75,10.89,1336073,16.047072460946183,15.689271784813295,12.268581982923685,12.136861541373662,,,16.55639193230257,16.11762439698562,15.958836172843634,13.275360365834224,12.431682281655148,12.210673724835347,11.654929913411257,,,12.108370453323626,"rgba(239, 83, 80, 1.0)",1.0950332258730622,12.108370453323626,-1.0121797468199476,3,0.4046837982310068,1.2140513946930205,0.0,0.0,0.0,0.0,47.5340379030267,-7.170659219813203,True,False,False,False,True,0.0
2024-09-25 00:00:00+00:00,10.84,11.01,10.69,10.95,410507,16.044014354614184,15.685906158700616,12.264827880985477,12.13046609990709,,,16.553386425716408,16.114605247683453,15.955750023083977,13.272618308741393,12.429531052576142,12.205711057895149,11.648048648939087,,,12.10642068072749,"rgba(239, 83, 80, 1.0)",1.0763402623522733,12.10642068072749,-1.1765988182582787,3,0.4034368919505691,1.2103106758517073,0.0,0.0,0.0,0.0,49.02617502665102,-5.685490273679903,True,False,False,False,True,0.0
2024-09-26 00:00:00+00:00,11.86,11.9187,11.11,11.12,1019054,16.037579557842015,15.678919828665753,12.260691465029229,12.124377311514168,,,16.546960819255094,16.108236987739854,15.949276466415958,13.268026158520682,12.426844844670471,12.200554004593679,11.647666125855649,,,12.114851466521639,#000000,1.0557908440152843,12.114851466521639,-0.24138442568076493,3,0.40392200419512864,1.211766012585386,0.0,0.0,0.0,0.0,55.590033345566546,0.45742043152197454,True,False,True,False,True,1.7435372400087985
2024-09-27 00:00:00+00:00,12.67,12.86,11.93,11.93,1568422,16.029630951983645,15.670480106668775,12.262933630744556,12.131030833274963,,,16.538821955388496,16.100339859316954,15.941320219359511,13.264679454269748,12.427152422917121,12.204442046227904,11.673567242023147,12.486666666666666,,12.106203481990542,"rgba(38, 166, 154, 0.5)",1.040709650467784,12.106203481990542,0.5417423752686824,3,0.4037340402865294,1.2112021208595882,0.0,0.0,0.0,0.0,62.39757251236881,6.547912516957481,True,False,True,False,True,6.342224830255578
2024-09-30 00:00:00+00:00,12.53,12.77,12.41,12.66,651265,16.02641823813279,15.667080113310249,12.264193566371622,12.134353031317918,,,16.535521290856913,16.09714618554589,15.93810666717143,13.263446139332755,12.427456747795846,12.206493213909921,11.684913090265065,12.511116998327543,,12.118949586990567,#000000,1.0224722203764962,12.118949586990567,0.40201621600836723,4,0.4131887734506019,1.6527550938024076,0.0,0.0,0.0,0.0,65.86025599832736,9.386580239120661,True,False,True,False,True,5.451509148089439
2024-10-01 00:00:00+00:00,12.32,12.54,12.08,12.41,667102,16.022889668062177,15.663317181605223,12.264399232238805,12.135729852309836,,,16.531927589113476,16.093643219393062,15.934570955197731,13.261721452906189,12.427208247365702,12.207103768965345,11.692955935690504,12.465411587060917,,12.125042123063658,#000000,1.0069793738998136,12.125042123063658,0.19360662391853464,4,0.4136195624158247,1.6544782496632988,0.0,0.0,0.0,0.0,66.5804518623658,9.793239827387076,True,False,True,False,True,4.1253252715117625
2024-10-02 00:00:00+00:00,12.19,12.3,12.11,12.24,426085,16.02057069283769,15.660837012935309,12.264227538519126,12.136044089030854,,,16.529573875469932,16.091342255912778,15.932245701978092,13.260491902512328,12.426892691035466,12.20707793440927,11.697067182352745,12.43127569898523,,12.127636330086094,#000000,0.994255880926514,12.127636330086094,0.06272396383091097,4,0.4141801336978423,1.6567205347913692,0.0,0.0,0.0,0.0,66.0929863510328,9.793239827387076,True,False,True,False,True,3.3098999392201414
2024-10-03 00:00:00+00:00,11.8,12.05,11.755,11.98,424226,16.01806443737073,15.658134881591698,12.263179438774646,12.134747192030003,,,16.527053645851932,16.088859001851436,15.929727991606125,13.258888564753294,12.426121391528282,12.205855808619742,11.698438722330286,12.367371926538404,,12.126550890782335,#000000,0.9717441735039839,12.126550890782335,-0.33604615256383163,4,0.41571484017966764,1.6628593607186706,0.0,0.0,0.0,0.0,63.08854801443105,9.793239827387076,True,False,True,False,False,0.9149781176057985
2024-10-04 00:00:00+00:00,12.04,12.16,11.89,12.06,404014,16.015773280161365,15.655674692932914,12.262593004626092,12.134266150978437,,,16.524739225558925,16.08658725931288,15.927428463513404,13.257542171678654,12.425601143560138,12.205253651625755,11.700948297496591,12.334457357770559,,12.127668471744244,#000000,0.9453644704462849,12.127668471744244,-0.09273510321670766,5,0.3848992610428568,1.924496305214284,0.0,0.0,0.0,0.0,62.18889220666762,9.793239827387076,True,False,True,False,False,2.3109107460688847
2024-10-07 00:00:00+00:00,12.19,12.255,11.9,12.05,483681,16.013092214535405,15.652802714252271,12.262149955639414,12.134160805445429,,,16.52202389830359,16.08392781464617,15.92473902114016,13.256045505502772,12.425113541602459,12.20488518027706,11.704666525049507,12.311505561147394,,12.130181887749508,#000000,0.9275416117035638,12.130181887749508,0.0644910282144937,5,0.3850123842611844,1.925061921305922,0.0,0.0,0.0,0.0,62.253901782877804,9.793239827387076,True,False,True,False,False,3.174027411329888
2024-10-08 00:00:00+00:00,12.08,12.25,11.902,11.95,455939,16.010543908115896,15.65007094494327,12.261628463761996,12.133869402131106,,,16.51944552076962,16.08140040343276,15.922182275428824,13.254591814015752,12.424599648529421,12.204396184338524,11.707794685136696,12.290491225152376,,12.132162361837851,#000000,0.911104606290522,12.132162361837851,-0.05725178149436155,5,0.38552068281469587,1.9276034140734795,0.0,0.0,0.0,0.0,61.48563526639694,9.793239827387076,True,False,True,False,False,2.4855395516978263
2024-10-09 00:00:00+00:00,11.82,12.25,11.7317,12.01,759205,16.006153445527577,15.645349153610608,12.260095834027645,12.132176392319748,,,16.51502036057979,16.077048459093437,15.917773911345588,13.251885193761135,12.423395254196683,12.20268037756729,11.710911443616872,12.244133576366695,,12.133151265485893,#000000,0.8879849239854412,12.133151265485893,-0.3526538086709979,4,0.42604823462118513,1.7041929384847405,0.0,0.0,0.0,0.0,59.132459515548916,15.392811675944785,True,False,True,False,False,0.8738532045836358
2024-10-10 00:00:00+00:00,11.53,11.91,11.48,11.7,446438,16.003390109875877,15.642358754080727,12.258395276443252,12.129738233278637,,,16.51225551972532,16.074312401242892,15.914995290421546,13.249945027345088,12.422266213429019,12.200589376801005,11.710341273177082,12.201229979339983,,12.131162227465811,"rgba(239, 83, 80, 0.5)",0.8648452030423885,12.131162227465811,-0.6951096281172843,4,0.42778591492792895,1.7111436597117158,0.0,0.0,0.0,0.0,55.721263404267006,11.972493522983697,True,False,True,False,False,0.0
2024-10-11 00:00:00+00:00,11.85,11.88,11.49,11.49,856198,15.998221473896114,15.636779094831574,12.255683034499432,12.126070306075025,,,16.507070405530154,16.069192623961502,15.909800837175993,13.246467442919247,12.42038561155949,12.197329995543223,11.710791683108342,12.14594120941444,,12.129587787328061,#000000,0.8469811149070648,12.129587787328061,-0.330099198680173,4,0.42937033758160814,1.7174813503264326,0.0,0.0,0.0,0.0,55.31640185823163,11.42139040687637,True,False,True,False,False,1.0449188937223681
2024-10-14 00:00:00+00:00,11.23,11.35,10.84,11.27,1715897,15.986446463516865,15.623930478502272,12.24410605696519,12.107816322976005,,,16.495409177146964,16.057551450065848,15.897937153490219,13.236789381796683,12.413351515193877,12.182544601726777,11.693932772039673,11.951089151022133,,12.10983820982839,"rgba(239, 83, 80, 1.0)",0.8233503955632014,12.10983820982839,-1.0686072595210787,4,0.43401848739466353,1.7360739495786541,0.0,0.0,0.0,0.0,51.60258408028996,7.745917782639744,True,False,False,False,False,0.0
2024-10-15 00:00:00+00:00,10.76,11.28,10.73,11.16,1151742,15.97822290756905,15.614932608641405,12.234970561934444,12.09327916509806,,,16.487294801450588,16.04942555160695,15.889645954146552,13.229676892917334,12.407877265882643,12.170835391485502,11.678952529155502,11.83283897765156,,12.094732608267938,"rgba(255, 0, 0, 1.0)",0.8080646437437267,12.094732608267938,-1.651764643586165,4,0.43646442084179793,1.7458576833671917,0.0,0.0,0.0,0.0,47.11693769194433,3.490055680552821,False,False,False,True,False,0.0
2024-10-16 00:00:00+00:00,11.01,11.095,10.76,10.87,668198,15.973493950274399,15.609763278830725,12.229854748860397,12.085231533891832,,,16.48262469684765,16.044752036314282,15.884878954925172,13.225626882971751,12.404787061591815,12.164311344254484,11.670878699650011,11.77790850210999,,12.087053402675497,"rgba(239, 83, 80, 1.0)",0.7942510325475887,12.087053402675497,-1.356061696540463,4,0.4413476748490581,1.7653906993962325,0.0,0.0,0.0,0.0,45.65128878043779,2.1290855441123497,False,False,False,True,False,0.0
2024-10-17 00:00:00+00:00,11.03,11.13,10.9,11.02,690539,15.968679404711873,15.604507581569461,12.224878056203615,12.077504999381953,,,16.477863380974306,16.039992829419752,15.88002706644374,13.221575968350571,12.40174988014119,12.158000784014375,11.663462595318295,11.731873878586805,,12.080242870804337,"rgba(239, 83, 80, 1.0)",0.7779331127597904,12.080242870804337,-1.3500426368001013,4,0.4466031108854956,1.7864124435419824,0.0,0.0,0.0,0.0,44.79764375340139,1.239332397467244,False,True,False,True,False,0.0
2024-10-18 00:00:00+00:00,11.24,11.3,11.095,11.13,565430,15.964896519913344,15.60039258810892,12.221476810921908,12.072392933683302,,,16.474107571977704,16.036251116198663,15.876217818279969,13.21855785528668,12.399616459643664,12.153746738168559,11.659286449262098,11.707227375024033,,12.076518241347127,"rgba(239, 83, 80, 1.0)",0.7620259152389142,12.076518241347127,-1.0977556335270535,4,0.4547398181086232,1.8189592724344927,0.0,0.0,0.0,0.0,45.54677810041795,1.239332397467244,False,True,False,True,False,0.0
2024-10-21 00:00:00+00:00,10.45,10.93,10.37,10.6,1602941,15.952791710057296,15.587104582237728,12.206034400127411,12.047879654025014,,,16.462221446647774,16.024297798059642,15.864002563047894,13.20738740921942,12.390432713693695,12.133985652914404,11.631811836058434,11.574148185574174,,12.052819686639976,"rgba(255, 26, 202, 1.0)",0.7565824535430484,12.052819686639976,-2.1184996812099333,4,0.4598019860281519,1.8392079441126077,0.0,0.0,0.0,0.0,42.54390539328294,-1.1790740601896488,False,True,False,True,False,0.0
2024-10-22 00:00:00+00:00,10.22,10.55,10.18,10.45,761812,15.94677309725299,15.580478737901716,12.197607486014626,12.034440080496553,,,16.45633378257058,16.01835770182849,15.85792472983332,13.20157554759619,12.385461253616732,12.123182047011493,11.616042862760041,11.507153603183243,,12.03970057941782,"rgba(255, 26, 202, 1.0)",0.7495201347746725,12.03970057941782,-2.4278208082627084,4,0.46591907724824294,1.8636763089929718,0.0,0.0,0.0,0.0,39.72901565849721,-3.949782638549358,False,True,False,True,False,0.0
2024-10-23 00:00:00+00:00,10.22,10.3,10.105,10.16,592863,15.942008179775817,15.575227954149682,12.190726535870041,12.023473990423648,,,16.4516789309407,16.01365583340765,15.853111708929472,13.196899504116267,12.381407053384494,12.114363968035011,11.60302871823301,11.455446469368749,,12.029072283395774,"rgba(255, 26, 202, 1.0)",0.7422008421514367,12.029072283395774,-2.4374430486386527,4,0.4745555226761693,1.8982220907046772,0.0,0.0,0.0,0.0,37.85242250197339,-5.814900609593494,False,True,False,True,False,0.0
2024-10-24 00:00:00+00:00,10.21,10.36,10.12,10.25,453522,15.938382256453771,15.571234377528896,12.18555205050063,12.01527284977869,,,16.44813513294288,16.01007758738226,15.849449538962782,13.19335818682634,12.378346713724032,12.10774910141756,11.593386750893092,11.419229581971129,,12.02131756930765,"rgba(255, 26, 202, 1.0)",0.7360836713114777,12.02131756930765,-2.460749558647906,4,0.4873485028589314,1.9493940114357255,0.0,0.0,0.0,0.0,36.56158540787328,-7.166106758391962,False,True,False,True,False,0.0
2024-10-25 00:00:00+00:00,10.22,10.425,10.175,10.31,520816,15.934255556039107,15.566692733089248,12.17977429106927,12.006173223160012,,,16.44409880576496,16.00600462166567,15.845282237973233,13.189361136441109,12.374913672662897,12.100383761526668,11.58282647603116,11.38161528096018,,12.01293980912421,"rgba(255, 26, 202, 1.0)",0.7232599622357,12.01293980912421,-2.478970083705417,4,0.4963222586790441,1.9852890347161765,0.0,0.0,0.0,0.0,35.78541243228334,-8.093752380493683,False,True,False,True,False,0.0
2024-10-28 00:00:00+00:00,10.36,10.51,10.25,10.25,654870,15.929166710520976,15.561100817986379,12.172937227898977,11.995518023861242,,,16.439113167545703,16.00098069930385,15.840145020567062,13.184522600861975,12.370817499947,12.091708475990503,11.570781355088743,11.34164884999813,,12.00354445127065,"rgba(255, 26, 202, 1.0)",0.6933042180305504,12.00354445127065,-2.3705963537037484,4,0.5078862162139862,2.031544864855945,0.0,0.0,0.0,0.0,36.490328475351355,-8.093752380493683,False,True,False,True,False,0.0
2024-10-29 00:00:00+00:00,10.06,10.335,9.96,10.31,965895,15.921334219502658,15.552470682292446,12.16153128774702,11.977622690970497,,,16.43146606264031,15.9932520216464,15.83223289199005,13.176771711146353,12.364039010983051,12.07719546738682,11.549755659918286,11.274079365008111,,11.98726633115517,"rgba(255, 26, 202, 1.0)",0.6996543548184568,11.98726633115517,-2.7545977780060396,4,0.5131484314281801,2.0525937257127205,0.0,0.0,0.0,0.0,35.49272628273467,-8.834110770155164,False,True,False,True,False,0.0
2024-10-30 00:00:00+00:00,10.02,10.125,9.91,10.03,827698,15.914523782595323,15.544961371717214,12.15138408918195,11.961746732342194,,,16.424824219948725,15.986532819642935,15.825351837871105,13.169944752822346,12.358005527224847,12.064301438277386,11.53099135391461,11.217328617392706,,11.97293988631895,"rgba(255, 26, 202, 1.0)",0.7027116846274349,11.97293988631895,-2.7791481613890667,4,0.5170905982498843,2.0683623929995374,0.0,0.0,0.0,0.0,34.64060806719965,-9.933364428899594,False,True,False,True,False,0.0
2024-10-31 00:00:00+00:00,9.82,10.06,9.755,10.0,793052,15.907858554741212,15.53760370122204,12.141119133551902,11.945696258376886,,,16.418334500214673,15.979958346267326,15.818615493479767,13.163141843851886,12.351909461106017,12.05126266477319,11.511814322675749,11.161754971586722,,11.958441633984641,"rgba(255, 26, 202, 1.0)",0.7054325361530186,11.958441633984641,-3.031390706255689,4,0.5187920265072068,2.075168106028827,0.0,0.0,0.0,0.0,33.14632457760488,-11.625469116143023,False,True,False,True,False,0.0
2024-11-01 00:00:00+00:00,9.74,9.91,9.68,9.87,734397,15.901595555674344,15.530685134887642,12.131272328122874,11.930331710078107,,,16.41224298613899,15.973781503701817,15.812284440461783,13.156672908201498,12.346060008580869,12.038767725413663,11.493367472500385,11.11049037963459,,11.944624214616216,"rgba(255, 26, 202, 1.0)",0.7148316251065492,11.944624214616216,-3.084116786645534,4,0.520685420656984,2.082741682627936,0.0,0.0,0.0,0.0,31.790341490192684,-13.15105739758944,False,True,False,True,False,0.0
2024-11-04 00:00:00+00:00,9.7,9.81,9.6,9.69,940082,15.893501341009792,15.521740514074436,12.118397887882177,11.910319786741802,,,16.404375693464786,15.965799267963444,15.80410133287944,13.148249295139166,12.338398342555115,12.02246015643804,11.469334274942472,11.046838081068778,,11.926801658830767,"rgba(255, 26, 202, 1.0)",0.7180193728723749,11.926801658830767,-3.1013113893050526,4,0.5233647591263451,2.0934590365053802,0.0,0.0,0.0,0.0,30.699232117066604,-14.409539071929274,False,True,False,True,False,0.0
2024-11-05 00:00:00+00:00,10.05,10.08,9.32,9.67,950695,15.885486692077668,15.512898446657722,12.106120725746868,11.891465057289725,,,16.396572569273946,15.95789327246867,15.79600142736599,13.140051157881642,12.331026536890253,12.006993163676361,11.447195469174588,10.993025145841031,,11.910624659903915,"rgba(255, 26, 202, 1.0)",0.716069023800825,11.910624659903915,-2.5983873035421903,4,0.5272488187821015,2.108995275128406,0.0,0.0,0.0,0.0,33.705523909177884,-14.409539071929274,False,True,False,True,True,0.0
2024-11-06 00:00:00+00:00,9.61,10.16,9.61,10.16,1547877,15.872432753473465,15.498501968101504,12.086208535305568,11.86114556575684,,,16.383862449861983,15.945015763853101,15.782809045596451,13.126696202941076,12.319005354275786,11.982005993085005,11.41189399091857,10.913261249947613,,11.885125205482302,"rgba(255, 26, 202, 1.0)",0.7294457231784168,11.885125205482302,-3.118978058530373,4,0.5263502589178048,2.1054010356712194,0.0,0.0,0.0,0.0,33.3518308081175,-14.409539071929274,False,True,False,True,True,0.0
2024-11-07 00:00:00+00:00,9.71,10.28,9.64,10.14,2318208,15.853253137864423,15.477388807725237,12.058080631496951,11.819106534490725,,,16.365157684716763,15.926089727057011,15.76343271170907,13.107388135764634,12.301800156068458,11.947006338776255,11.364336800979828,10.81938916026986,,11.851331214418618,"rgba(255, 26, 202, 1.0)",0.7420770218154765,11.851331214418618,-2.885591591530342,4,0.5299785843498876,2.1199143373995506,0.0,0.0,0.0,0.0,34.07307409436558,-14.409539071929274,False,True,False,True,True,0.0
2024-11-08 00:00:00+00:00,9.72,9.775,9.33,9.6,1171692,15.8431726500852,15.466269421334815,12.04241917718673,11.79568657162088,,,16.355355303804647,15.916146462227864,15.753243413008791,13.096912962906766,12.292244007057173,11.927519636323435,11.337267133386991,10.766384230608814,,11.832132167193793,"rgba(255, 26, 202, 1.0)",0.7543962922536054,11.832132167193793,-2.79976477732178,4,0.5362424651857937,2.1449698607431746,0.0,0.0,0.0,0.0,34.65421938594379,-14.409539071929274,False,True,False,True,True,0.0
2024-11-11 00:00:00+00:00,9.39,9.77,9.33,9.73,1162753,15.833022598471302,15.455066887031128,12.026369940300922,11.771769007221653,,,16.345495250877306,15.906135814106145,15.742982000808336,13.086248761270722,12.282435782370957,11.907584224354371,11.309534085506652,10.713531381786698,,11.812527533066056,"rgba(255, 26, 202, 1.0)",0.7721562181485346,11.812527533066056,-3.1373541728055474,4,0.5367935784069643,2.147174313627857,0.0,0.0,0.0,0.0,33.3120746721133,-14.409539071929274,False,True,False,True,True,0.0
2024-11-12 00:00:00+00:00,9.75,9.795,9.294,9.34,1768966,15.817925199769304,15.438435393259967,12.003442868445596,11.738133921321635,,,16.330802692680525,15.891241093336266,15.727724644825557,13.070667186743407,12.268262891682095,11.879308253778055,11.27151604166461,10.647988034073652,,11.78585042467927,"rgba(255, 26, 202, 1.0)",0.7805242405526639,11.78585042467927,-2.608311592267461,4,0.5401595103789294,2.1606380415157176,0.0,0.0,0.0,0.0,35.841933942140045,-18.46633197672442,False,True,False,True,True,0.0
2024-11-13 00:00:00+00:00,9.66,9.835,9.57,9.82,950525,15.809941214493453,15.429652845761998,11.99168498912334,11.721115422444385,,,16.32302257782871,15.883362427698001,15.719658298455498,13.06253344562679,12.260923608557722,11.864896103824092,11.252679374538936,10.618229953451607,,11.772689304204324,"rgba(255, 26, 202, 1.0)",0.7900142546326274,11.772689304204324,-2.67424200489492,4,0.54539814803377,2.18159259213508,0.0,0.0,0.0,0.0,36.99497056145724,-17.28603201479624,False,True,False,True,True,0.0
2024-11-14 00:00:00+00:00,9.42,9.81,9.41,9.74,724758,15.803726975039723,15.422809526937556,11.982253277648953,11.707436633589728,,,16.316976211612843,15.877231456459556,15.713378194915334,13.05609856985867,12.25504891488388,11.853326873602654,11.237341590775367,10.593479206415441,,11.761958257491536,"rgba(255, 26, 202, 1.0)",0.8021676264354759,11.761958257491536,-2.919537239240502,4,0.5484414562069491,2.1937658248277963,0.0,0.0,0.0,0.0,36.41471328021582,-17.28603201479624,False,True,False,True,True,0.0
2024-11-15 00:00:00+00:00,9.41,9.55,9.325,9.37,888156,15.795984816571467,15.414276604879227,11.970237171894055,11.690001567299221,,,16.309452129412,15.869594267229225,15.70555228887233,13.047980174597788,12.247571314661656,11.83858655214176,11.21762832705649,10.561407285105025,,11.748159642079282,"rgba(255, 26, 202, 1.0)",0.8181237158368161,11.748159642079282,-2.857953628306325,4,0.5499449604656437,2.1997798418625747,0.0,0.0,0.0,0.0,35.97267513950073,-17.28603201479624,False,True,False,True,True,0.0
2024-11-18 00:00:00+00:00,9.44,9.525,9.35,9.41,678993,15.790087902451562,15.407780445213696,11.961162720339635,11.676909521505126,,,16.303719407585127,15.86377689047497,15.699592046240385,13.041815226788422,12.241901520453405,11.827484174847399,11.2029275974795,10.5382608148435,,11.737880138139662,"rgba(255, 26, 202, 1.0)",0.832774544184479,11.737880138139662,-2.7593064103441525,4,0.5543107931959159,2.2172431727836637,0.0,0.0,0.0,0.0,36.00826312383502,-17.28603201479624,False,True,False,True,True,0.0
2024-11-19 00:00:00+00:00,9.32,9.45,9.23,9.36,991167,15.781357459535991,15.398156571635248,11.947485884192377,11.657185604420688,,,16.295240436142,15.85516532308402,15.690766280472811,13.032592465194709,12.233357507075537,11.810756305847518,11.180647695500925,10.503068683502082,,11.722296574925842,"rgba(255, 26, 202, 1.0)",0.8484442572484556,11.722296574925842,-2.831413560057088,4,0.5555028958936594,2.2220115835746377,0.0,0.0,0.0,0.0,35.27508103195564,-17.28603201479624,False,True,False,True,True,0.0
2024-11-20 00:00:00+00:00,9.33,9.68,9.24,9.25,838281,15.774087270016995,15.3901524482062,11.936394521565704,11.641350346228768,,,16.288171062171727,15.847992620319205,15.683418546869179,13.025002939909069,12.226376999427375,11.79725286013908,11.163046289818036,10.476879585514057,,11.709998625509126,"rgba(255, 26, 202, 1.0)",0.8641358335001305,11.709998625509126,-2.754195038839072,4,0.5554048869072197,2.2216195476288787,0.0,0.0,0.0,0.0,34.91285309403507,-17.28603201479624,False,True,False,True,True,0.0
2024-11-21 00:00:00+00:00,9.5,9.5296,9.229,9.33,721076,15.767849657406869,15.38328784278277,11.926942159483174,11.627924429925786,,,16.282104246212832,15.841838293336224,15.677114783214297,13.018505160440982,12.22040619783559,11.785772533142396,11.148208871289272,10.45540003115796,,11.538773834522495,"rgba(255, 26, 202, 1.0)",0.8738358433260264,11.538773834522495,-2.333131388571151,4,0.5582642949190015,2.233057179676006,-1.0,0.0,9.229,798.0,36.796512484470426,-16.572086902494803,False,True,False,True,True,0.0
2024-11-22 00:00:00+00:00,9.36,9.625,9.335,9.55,929811,15.759850324694334,15.374489654980076,11.914956490123954,11.611007922850304,,,16.27432031162378,15.833945037005073,15.669031453496652,13.010208365991009,12.212800367078556,11.771258181319304,11.129667237877506,10.429480396856356,,11.526788908703022,"rgba(255, 26, 202, 1.0)",0.8874929361476287,11.526788908703022,-2.441471723829688,4,0.5595270752614437,2.238108301045775,0.0,0.0,0.0,0.0,36.961435172122414,-16.271816596424458,False,True,False,True,True,0.0
2024-11-25 00:00:00+00:00,9.7,9.76,9.41,9.53,1639687,15.74620076197994,15.35951504093868,11.895644338885173,11.584271181190886,,,16.261003770016963,15.820470653622422,15.655245784057506,12.99641716488455,12.200368822759346,11.748074412502776,11.101375468710991,10.394754802136474,,11.51243532716603,"rgba(255, 26, 202, 1.0)",0.8935622202408006,11.51243532716603,-2.028325824560497,4,0.5623411994158363,2.249364797663345,0.0,0.0,0.0,0.0,40.77763566852457,-12.589828857250104,False,True,False,True,True,0.0
2024-11-26 00:00:00+00:00,9.39,9.625,9.36,9.58,801742,15.739369486926059,15.352011598226762,11.885642353785776,11.570379961566125,,,16.254350525215408,15.813728622204048,15.648344236286805,12.989386751076152,12.193947223822065,11.73605345682751,11.086423752104283,10.375438314959085,,11.501612001588493,"rgba(255, 26, 202, 1.0)",0.905144993611348,11.501612001588493,-2.33289916697609,4,0.5650963772270454,2.2603855089081817,0.0,0.0,0.0,0.0,40.885442915730366,-12.49066816967035,False,True,False,True,True,0.0
2024-11-27 00:00:00+00:00,9.47,9.59,9.405,9.45,540762,15.734792245565748,15.34698712023239,11.879025212759531,11.56124425830043,,,16.249890140660007,15.809210722038129,15.643720446947077,12.984700760989384,12.189680230183594,11.728122396192136,11.076674803930997,10.363265177056835,,11.494841304323398,"rgba(255, 26, 202, 1.0)",0.915869163322225,11.494841304323398,-2.210841226467856,4,0.5687467485355344,2.2749869941421377,0.0,0.0,0.0,0.0,41.76418323668766,-11.59737990060534,False,False,False,True,True,0.0
2024-11-29 00:00:00+00:00,9.44,9.6,9.42,9.6,1034322,15.726053616203037,15.337397960236627,11.86646099678683,11.543977885072401,,,16.241372971485735,15.800584959201116,15.634893387950694,12.975768408382972,12.181551065676445,11.713096250440955,11.058336159342575,10.340845672374458,,11.482146306720484,"rgba(255, 26, 202, 1.0)",0.9261938582517656,11.482146306720484,-2.204879991943729,4,0.5717015239334762,2.2868060957339047,0.0,0.0,0.0,0.0,42.10817236541843,-11.17857703704697,False,False,False,True,True,0.0
2024-12-02 00:00:00+00:00,9.63,9.815,9.4,9.54,817975,15.719301905227088,15.330002590359646,11.857148678734513,11.531364437312998,,,16.234780179515422,15.793918390233593,15.628075905376708,12.96899529201313,12.175461305741354,11.702031776729545,11.045290191150938,10.326455782612323,,11.473941666943613,"rgba(255, 0, 0, 1.0)",0.933934561822184,11.473941666943613,-1.974379943007922,4,0.579314834240156,2.317259336960624,0.0,0.0,0.0,0.0,44.32154556712929,-9.006399025113254,False,False,False,True,True,0.0
2024-12-03 00:00:00+00:00,9.74,9.74,9.355,9.52,2374382,15.699776915317113,15.308631045944708,11.830508915534692,11.49560555499838,,,16.215707408269747,15.774637712827948,15.608362673474065,12.949468939827884,12.15792399024837,11.670515109033909,11.008637429635835,10.287560052125372,,11.450078560025942,"rgba(255, 0, 0, 1.0)",0.9398156422627104,11.450078560025942,-1.8195893780920027,3,0.7447899179389869,2.2343697538169605,0.0,0.0,0.0,0.0,46.85882805632981,-6.616721608684614,False,False,False,False,True,0.0
2024-12-04 00:00:00+00:00,9.49,10.0,9.49,9.76,1131508,15.690589686264019,15.298588503353141,11.818306636180337,11.479454558373188,,,16.20672314200925,15.765563511830639,15.599089095255453,12.940376968521672,12.149807790276803,11.656172660983273,10.992403842502966,10.271697689319852,,11.439550915749825,"rgba(255, 26, 202, 1.0)",0.9459343443305217,11.439550915749825,-2.0609791022331527,2,0.49189218229328247,0.9837843645865649,0.0,0.0,0.0,0.0,46.22246809850563,-6.616721608684614,False,False,False,False,True,0.0
2024-12-05 00:00:00+00:00,9.58,9.6499,9.4,9.6,902588,15.683139749115128,15.290438007587996,11.808149979886625,11.465960132546876,,,16.19944672022983,15.758206453714196,15.591567450583051,12.932903656547523,12.143069645857805,11.644217460561958,10.978622211440443,10.257301627057348,,11.42997950077687,"rgba(255, 0, 0, 1.0)",0.9417675924549694,11.42997950077687,-1.9643694639718947,2,0.49313096279259816,0.9862619255851963,0.0,0.0,0.0,0.0,46.725990304735475,-6.616721608684614,False,False,False,False,True,0.0
2024-12-06 00:00:00+00:00,9.51,9.93,9.5,9.67,1244758,15.673067595940912,15.279436952527526,11.79492333699865,11.448639727164739,,,16.189593279866873,15.748257115102739,15.581401715741876,12.922963657124425,12.13420123544111,11.628750643136632,10.961378644705851,10.241099453378366,,11.418475637038709,"rgba(255, 26, 202, 1.0)",0.9432112676891257,11.418475637038709,-2.0233808717261064,2,0.4958625137444459,0.9917250274888918,0.0,0.0,0.0,0.0,46.401960806178835,-6.616721608684614,False,False,False,False,True,0.0
2024-12-09 00:00:00+00:00,9.92,10.05,9.7,9.74,1453669,15.66182070489214,15.26719638850792,11.781406866366963,11.431500955459647,,,16.178550118180613,15.737140624377517,15.57005872453819,12.912287771893324,12.124929191902341,11.613169058668753,10.945421907972339,10.230547098093838,,11.408992357381585,"rgba(255, 0, 0, 1.0)",0.943259405628451,11.408992357381585,-1.5785608375561728,2,0.49874198645034606,0.9974839729006921,0.0,0.0,0.0,0.0,49.997986117178925,-3.5876260215947937,True,False,False,False,True,0.0
2024-12-10 00:00:00+00:00,10.0,10.105,9.713,9.75,943469,15.65460675141669,15.259354268553185,11.772962648066587,11.420927297482818,,,16.17145957888808,15.73000896445388,15.562784722707317,12.905511418951793,12.119084217231718,11.603490055231044,10.935789795874298,10.224975199306334,,11.403259724433124,"rgba(239, 83, 80, 1.0)",0.9366603891939265,11.403259724433124,-1.4981520950626985,2,0.5050197080442159,1.0100394160884318,0.0,0.0,0.0,0.0,53.01308723531525,-0.8267369374974152,True,False,True,False,True,0.0
2024-12-11 00:00:00+00:00,9.95,10.13,9.89,10.08,687962,15.649404443652738,15.253704784761704,11.767022705007376,11.413571601396223,,,16.166341378326948,15.724865131294488,15.557540160603804,12.900673728167316,12.114940440459439,11.596715300824002,10.929232942932337,10.221741996994647,,11.399402441068206,"rgba(255, 0, 0, 1.0)",0.9297166089584539,11.399402441068206,-1.558972300916457,2,0.5099283508922335,1.019856701784467,0.0,0.0,0.0,0.0,54.454334573566314,0.4245321037282608,True,False,True,False,True,0.0
2024-12-12 00:00:00+00:00,10.0,10.02,9.77,9.91,476465,15.645768915674346,15.249754671692878,11.762793875120817,11.40830854710546,,,16.162767220490778,15.721270827910628,15.553874610597871,12.897263793408822,12.111999239766913,11.591882552875607,10.924458157202398,10.218988039227908,,11.396430315344617,"rgba(255, 0, 0, 1.0)",0.9217942159597287,11.396430315344617,-1.5149046188044468,2,0.5118480923302969,1.0236961846605939,0.0,0.0,0.0,0.0,55.85335164345002,1.6869740023495226,True,False,True,False,True,0.0
2024-12-13 00:00:00+00:00,9.92,10.04,9.845,9.99,842801,15.639355088209008,15.242788355250429,11.755381419207625,11.399120983856198,,,16.15646011338448,15.71492938670803,15.547408191718347,12.891261351324658,12.106827883011093,11.583427881867914,10.916164936906574,10.214324016679575,,11.391207433034136,"rgba(255, 0, 0, 1.0)",0.9189358906754084,11.391207433034136,-1.600990284483082,2,0.5119188477090678,1.0238376954181356,0.0,0.0,0.0,0.0,55.7803481003141,1.6869740023495226,True,False,True,False,True,0.0
2024-12-16 00:00:00+00:00,10.01,10.17,9.8,9.87,582615,15.634974980377748,15.238036124962406,11.75045542989325,11.393086851654765,,,16.152148382796668,15.710597928540741,15.542993122943194,12.887207754522882,12.103362977479062,11.57783860919641,10.910848804560182,10.211843236201268,,11.387920347861751,"rgba(255, 0, 0, 1.0)",0.9132859591844598,11.387920347861751,-1.5087501718434366,2,0.5119608533653314,1.0239217067306627,0.0,0.0,0.0,0.0,56.616738867293066,2.521070065740247,True,False,True,False,True,0.0
2024-12-17 00:00:00+00:00,10.1,10.3,9.9,10.0,1087637,15.626970526339878,15.229367516497087,11.741886606713269,11.382807660244223,,,16.14425441113812,15.702679936588478,15.534927798642617,12.879948500116594,12.097250389931633,11.568204287404157,10.902221602117702,10.209547514649127,,11.382846672941728,"rgba(239, 83, 80, 1.0)",0.9026619691949288,11.382846672941728,-1.4211817011476409,2,0.5135024058193646,1.0270048116387291,0.0,0.0,0.0,0.0,58.03309829627756,3.9719900818120806,True,False,True,False,True,0.0
2024-12-18 00:00:00+00:00,9.83,10.31,9.82,10.05,715341,15.621610896216229,15.223556463807112,11.735913536362258,11.37554618310381,,,16.138976606069328,15.697379332559088,15.529525892400729,12.875000846820523,12.093023445606237,11.5614520971346,10.89585928730262,10.206578669375268,,11.254773177038022,"rgba(255, 0, 0, 1.0)",0.8939391921599119,11.254773177038022,-1.5938144222041801,2,0.5141250709690681,1.0282501419381362,0.0,0.0,0.0,0.0,55.542136001802234,3.9719900818120806,True,False,True,False,False,0.0
2024-12-19 00:00:00+00:00,9.84,10.03,9.84,9.89,652985,15.616655126798767,15.218178963073564,11.730238454029992,11.368589545909556,,,16.134101608267567,15.69247887435374,15.52453004665864,12.870369349420358,12.089027648267937,11.55501512523379,10.889603002487835,10.202935744588917,,11.248758234930133,"rgba(255, 0, 0, 1.0)",0.891563602699154,11.248758234930133,-1.5800984143646106,2,0.514912421105042,1.029824842210084,0.0,0.0,0.0,0.0,53.99439574028794,3.9719900818120806,True,False,True,False,False,0.0
2024-12-20 00:00:00+00:00,10.13,10.27,9.7,9.75,676117,15.61164939441925,15.212758319777112,11.724814761511894,11.362088363929422,,,16.129167088112386,15.687527290892135,15.519485978272932,12.865798420958242,12.085150805654576,11.548923035720547,10.88405063051423,10.200852031050186,,11.24680810742971,"rgba(239, 83, 80, 1.0)",0.8912121920011017,11.24680810742971,-1.2531337850327882,2,0.5179789479887579,1.0359578959775158,0.0,0.0,0.0,0.0,55.897944086129414,3.9719900818120806,True,False,True,False,False,0.0
2024-12-23 00:00:00+00:00,10.11,10.25,9.96,10.12,671944,15.606748725516708,15.207458466814018,11.719690991336927,11.356042864728677,,,16.1243298273825,15.68267855915959,15.51454909987448,12.861387508946319,12.081449540382733,11.543207307455663,10.879072972813848,10.199715895901772,,11.245497303376009,"rgba(239, 83, 80, 1.0)",0.8915403817284384,11.245497303376009,-1.2736353020539681,2,0.5178874794110042,1.0357749588220084,0.0,0.0,0.0,0.0,56.8998361440407,3.9719900818120806,True,False,True,False,True,0.0
2024-12-24 00:00:00+00:00,10.1,10.22,10.05,10.1,472068,15.603321438319881,15.203753823880794,11.716147690568402,11.351886554133403,,,16.120945498830004,15.679287330275676,15.511096796897911,12.858315786429966,12.07887939806955,11.539265068860281,10.875688555780997,10.19907402553668,,11.244352193661019,"rgba(239, 83, 80, 1.0)",0.8920595059537227,11.244352193661019,-1.2828204688403204,2,0.5174611881518029,1.0349223763036057,0.0,0.0,0.0,0.0,57.42387159775295,3.9719900818120806,True,False,True,False,True,0.0
2024-12-26 00:00:00+00:00,10.11,10.16,10.01,10.01,349866,15.600770229196653,15.20099547329489,11.713482489399029,11.348749427066023,,,16.11842718332837,15.67676308418187,15.508526795593172,12.85601874643646,12.076949770099137,11.53629582868734,10.87310049905093,10.198419546080459,,11.243115655938045,"rgba(239, 83, 80, 1.0)",0.8921667520781926,11.243115655938045,-1.270071601859845,2,0.5169406476352033,1.0338812952704066,0.0,0.0,0.0,0.0,57.88392757881765,3.9719900818120806,True,False,True,False,True,0.0
2024-12-27 00:00:00+00:00,9.98,10.21,9.9,10.05,556121,15.596673297844333,15.196562836988376,11.709099150485335,11.343544998704004,,,16.11438655233149,15.672709962694974,15.504399008323485,12.85229186431763,12.073792599890282,11.531395106439003,10.868690494052066,10.196778721829602,,11.240303064614695,"rgba(239, 83, 80, 1.0)",0.8932259986615495,11.240303064614695,-1.4109565401177193,2,0.5160118681569943,1.0320237363139886,0.0,0.0,0.0,0.0,56.17912561225377,3.9719900818120806,True,False,True,False,True,0.0
2024-12-30 00:00:00+00:00,9.85,9.978,9.585,9.89,759138,15.590864140403541,15.19026052561351,11.70235311504679,11.335297406364626,,,16.108675248425573,15.666965701857293,15.49854250532385,12.846814772875787,12.069024435493944,11.523758777959408,10.861144636174599,10.191628065187341,,11.107142844828719,"rgba(239, 83, 80, 1.0)",0.8951392664309528,11.107142844828719,-1.4044103437011828,2,0.5148310243042514,1.0296620486085029,0.0,0.0,0.0,0.0,53.25840326955338,7.419376492643387,True,False,True,False,False,0.0
2024-12-31 00:00:00+00:00,10.03,10.05,9.855,9.88,578081,15.586581079420654,15.185625934401747,11.697716003543984,11.329783026387556,,,16.104452884329255,15.662728604850823,15.49422689372456,12.842894944347053,12.065684851394646,11.518572772927362,10.856404194968311,10.189517433033393,,11.107861247136347,"rgba(239, 83, 80, 1.0)",0.8957190075803788,11.107861247136347,-1.2033475208346784,2,0.5140845524291981,1.0281691048583963,0.0,0.0,0.0,0.0,53.656751242842404,7.419376492643387,True,False,True,False,False,0.0
2025-01-02 00:00:00+00:00,9.93,10.15,9.83,10.11,397877,15.583632589522795,15.182435763505696,11.694523476796947,11.325990356188953,,,16.101546178209755,15.659811724774428,15.491256015558584,12.840195423832627,12.063383349067806,11.515004363115535,10.85314026595081,10.188032476478055,,11.106766555457405,"rgba(239, 83, 80, 1.0)",0.8968155273468053,11.106766555457405,-1.312161218861614,2,0.5132121058839278,1.0264242117678557,0.0,0.0,0.0,0.0,52.55018137642062,6.656082924330491,True,False,False,False,False,0.0
2025-01-03 00:00:00+00:00,10.01,10.025,9.78,9.96,487350,15.580004921400592,15.178509806301932,11.69055755629953,11.321265718109666,,,16.097971206527408,15.656223116866851,15.487600563360628,12.836859345611389,12.060528632942733,11.510566721189381,10.849032779770491,10.185980510058506,,11.104350149696904,"rgba(239, 83, 80, 1.0)",0.8971361241336032,11.104350149696904,-1.2198262005710199,2,0.5125723712541539,1.0251447425083078,0.0,0.0,0.0,0.0,52.84503058509094,6.656082924330491,True,False,False,False,False,0.0
2025-01-06 00:00:00+00:00,10.44,10.4998,10.045,10.06,790630,15.574535725760649,15.172626207072144,11.685584922496853,11.315810962323123,,,16.092546917202597,15.650807236691737,15.482096519598068,12.832189390602023,12.056761645147008,11.50519278274944,10.845266871839158,10.187852469935718,,11.109926301806759,"rgba(239, 83, 80, 0.5)",0.8970078991689036,11.109926301806759,-0.7468454875675677,2,0.5125644951026438,1.0251289902052876,0.0,0.0,0.0,0.0,57.22356767349183,3.0577018363806374,True,False,True,False,True,0.0
2025-01-07 00:00:00+00:00,10.3,10.82,10.215,10.5,642204,15.570200308058709,15.167972546427247,11.681917532568885,11.311942694048144,,,16.088237512132206,15.646512488127163,15.477735459586524,12.828585156966454,12.053919706283684,11.501292922322387,10.842929473099382,10.190571409265116,,11.027640771784338,"rgba(239, 83, 80, 0.5)",0.8960639657027112,11.027640771784338,-0.8120411037996674,2,0.5125289694207328,1.0250579388414656,0.0,0.0,0.0,0.0,58.20714169265355,3.953862573285164,True,False,True,False,True,0.0
2025-01-08 00:00:00+00:00,10.14,10.205,9.9,10.17,470379,15.56680471710201,15.16430803597987,11.678460095815742,11.307952817665848,,,16.084882328191714,15.643151899393976,15.474315752810568,12.825550799471777,12.051375859533952,11.497478360708536,10.839687278398976,10.189734480597467,,11.018073835296773,"rgba(239, 83, 80, 0.5)",0.8960371815002265,11.018073835296773,-0.9799524544579971,2,0.5121834660655081,1.0243669321310163,0.0,0.0,0.0,0.0,56.86487406655722,3.953862573285164,True,False,True,False,True,0.0
2025-01-10 00:00:00+00:00,9.98,10.08,9.86,10.04,569629,15.562617173236163,15.159782939750091,11.674010380867225,11.302731787352114,,,16.0807509826815,15.639008487887542,15.470097208265923,12.821740429033538,12.04813508302163,11.492534910314266,10.835241888705715,10.187739115772711,,11.00894934720678,"rgba(239, 83, 80, 1.0)",0.8966194166861533,11.00894934720678,-1.1475876253156654,2,0.5116038120275391,1.0232076240550783,0.0,0.0,0.0,0.0,54.18658147486269,3.953862573285164,True,False,True,False,False,0.0
2025-01-13 00:00:00+00:00,9.89,9.94,9.76,9.94,462350,15.559156080903314,15.156038081829701,11.670183223112547,11.298175807982066,,,16.07734148178863,15.635584652247204,15.4666094756797,12.818536000391992,12.045373004222066,11.48825715771356,10.831210880642635,10.18532925531673,,11.001469196569342,"rgba(239, 83, 80, 1.0)",0.8942473809738658,11.001469196569342,-1.2429102060762134,2,0.5128327974610878,1.0256655949221756,0.0,0.0,0.0,0.0,51.46378591135102,6.114251742182525,True,False,False,False,False,0.0
2025-01-14 00:00:00+00:00,10.09,10.285,9.94,9.94,582877,15.554983601985946,15.151539762761589,11.666023629511056,11.293433588054237,,,16.073215461901018,15.63145453094276,15.462408098240052,12.814835659972394,12.042285385338323,11.483693483627476,10.827433487501574,10.184583948917671,,10.999575208308194,"rgba(239, 83, 80, 1.0)",0.8922731371903961,10.999575208308194,-1.0193910030422735,2,0.5195231910830793,1.0390463821661586,0.0,0.0,0.0,0.0,51.86888111405039,6.114251742182525,True,False,False,False,False,0.0
2025-01-15 00:00:00+00:00,10.12,10.37,10.1,10.3,486898,15.551561612930833,15.147856435915886,11.662768928842064,11.289804368876052,,,16.069826087485275,15.628066365574018,15.458963544707267,12.811856660613223,12.039835393544601,11.480156238865208,10.824704657861558,10.184676874191025,,10.999570994778207,"rgba(239, 83, 80, 1.0)",0.8732117789007726,10.999570994778207,-1.0072825585168355,2,0.5235716453287186,1.0471432906574372,0.0,0.0,0.0,0.0,52.45368079259232,6.114251742182525,True,False,False,False,False,0.0
2025-01-16 00:00:00+00:00,10.29,10.46,9.99,10.35,1179065,15.54337025985993,15.139049437713169,11.65521357498074,11.281512086312912,,,16.06170433986065,15.619954479123715,15.450719982808234,12.804808154952775,12.034089603833724,11.47200108973195,10.818711750047266,10.185810253617275,,11.00031387301023,"rgba(239, 83, 80, 0.5)",0.8265486256905112,11.00031387301023,-0.8593733640496027,2,0.5256072906367283,1.0512145812734566,0.0,0.0,0.0,0.0,54.553572150438995,6.114251742182525,True,False,True,False,True,0.0
2025-01-17 00:00:00+00:00,10.21,10.46,10.135,10.37,355182,15.540917722691335,15.136414335982963,11.6529881399941,11.279091653812642,,,16.059271279283262,15.617525476346295,15.448252114901338,12.802710365292985,12.032386843492354,11.469608588572383,10.816998181226735,10.186262274376222,,11.000473732675477,"rgba(239, 83, 80, 1.0)",0.781536071228241,11.000473732675477,-1.0114360191119383,2,0.531022311406768,1.062044622813536,0.0,0.0,0.0,0.0,54.8928140610129,6.114251742182525,True,False,True,False,True,0.0
2025-01-21 00:00:00+00:00,10.61,10.625,10.23,10.35,576408,15.537108335107058,15.132337003051509,11.649963158264772,11.276037792869975,,,16.055476967118587,15.613750181337837,15.44442201397144,12.79960822069961,12.029974245023942,11.466453462061633,10.815345901203465,10.188923781637028,,11.003864924072818,"rgba(239, 83, 80, 0.5)",0.7428421194403685,11.003864924072818,-0.5302135053536586,2,0.5368121654151083,1.0736243308302167,0.0,0.0,0.0,0.0,58.517939436665415,3.846273238026029,True,False,True,False,True,1.705648193562105
2025-01-22 00:00:00+00:00,10.21,10.625,10.195,10.61,586224,15.533128863335264,15.12806831940821,11.646520721308494,11.272388735469924,,,16.0515229665772,15.609807828366007,15.44041896246726,12.796264370147581,12.02729822518784,11.462792730602514,10.812944842810149,10.190295143137941,,11.004568951688906,"rgba(239, 83, 80, 1.0)",0.7045435043698827,11.004568951688906,-1.1277784079487585,2,0.5429705463738193,1.0859410927476385,0.0,0.0,0.0,0.0,56.515661278942034,3.846273238026029,True,False,True,False,True,0.0
2025-01-23 00:00:00+00:00,10.44,10.45,10.04,10.12,846996,15.527353088018232,15.121871332609523,11.641452484884162,11.266979237997115,,,16.045786448803586,15.604086204381975,15.434608552633737,12.79138367618341,12.023370548237269,11.457389292037961,10.809275341542314,10.191811739109474,,11.004478151532687,"rgba(239, 83, 80, 0.5)",0.6785488490453628,11.004478151532687,-0.8318902203236235,2,0.5464660547868113,1.0929321095736226,0.0,0.0,0.0,0.0,56.97079225034159,3.846273238026029,True,False,True,False,True,0.2925882926665224
2025-01-24 00:00:00+00:00,10.45,10.54,10.3,10.43,508873,15.52396882676444,15.11824851649306,11.638698717322928,11.264162250156437,,,16.042417462437022,15.600732387847627,15.431205593830656,12.7886019334011,12.021184103426709,11.454504192654015,10.807620067906296,10.193611079352298,,11.00561134273614,"rgba(239, 83, 80, 0.5)",0.6420112822114058,11.00561134273614,-0.8654230200166252,2,0.5511940911004187,1.1023881822008375,0.0,0.0,0.0,0.0,57.34973200250107,3.846273238026029,True,False,True,False,True,0.37403838833101943
2025-01-27 00:00:00+00:00,10.77,10.78,10.32,10.32,1046150,15.517289022330205,15.111124623300016,11.633975879606275,11.259758706320575,,,16.0357422695096,15.59410847956445,15.424494128058456,12.783370794556895,12.017251830383294,11.449733289733311,10.805981310724288,10.200182700005485,,11.011475947684488,#000000,0.5994148798607236,11.011475947684488,-0.402852774927103,2,0.5579375507611628,1.1158751015223256,0.0,0.0,0.0,0.0,59.825417349048436,5.168881453524101,True,False,True,False,True,2.9394062366063274
2025-01-28 00:00:00+00:00,11.79,11.825,10.72,10.82,1925202,15.507099724130244,15.100463066048524,11.632372014860826,11.262071957830665,,,16.025359341933772,15.583972010861096,15.414297409212,12.77744677227818,12.014304628300891,11.449683813998167,10.81627016339668,10.234256390258267,,11.048131126206782,"rgba(38, 166, 154, 1.0)",0.5872334588009974,11.048131126206782,1.2633286858483028,2,0.5560272084634906,1.1120544169269813,0.0,0.0,0.0,0.0,65.68186200391611,10.667232347206927,True,False,True,False,True,10.186281158576517
2025-01-29 00:00:00+00:00,11.29,11.97,11.285,11.76,1718785,15.498201911598917,15.091178153535521,11.631489356049483,11.264860724551744,,,16.01627031775932,15.575116458899119,15.405397781573047,12.772477580778018,12.012019338598305,11.45028770866615,10.826171857859082,10.264808097798513,11.515,11.051304117099004,#000000,0.5690256568894289,11.051304117099004,0.4194817580033609,3,0.6784317695397748,2.0352953086193244,0.0,1.0,11.97,851.0,65.40964888890767,10.667232347206927,True,False,True,False,True,6.106361552176519
2025-01-30 00:00:00+00:00,11.61,11.68,11.3,11.43,875219,15.493703303191541,15.08648840946812,11.631102201740937,11.26634103542585,,,16.011671551648234,15.570638541095462,15.400899024942467,12.769992235080352,12.010898548412618,11.450661234803796,10.831214282710498,10.27999192633063,11.520061011856576,11.064242903114692,"rgba(38, 166, 154, 0.5)",0.5718451878954363,11.064242903114692,0.9543791019626459,3,0.6708600219046046,2.0125800657138138,0.0,0.0,0.0,0.0,66.42639687062946,11.246224515262355,True,False,True,False,True,8.195846792951052
2025-01-31 00:00:00+00:00,10.95,11.5464,10.915,11.54,670318,15.489923959826166,15.082509097764852,11.629663203317106,11.2657908889886,,,16.007847597453292,15.56688286263722,15.397111567705139,12.767494500933049,12.009345281707278,11.449540042261637,10.832883708057707,10.287798633679875,11.441428047457737,11.065287591734194,#000000,0.5429741918113801,11.065287591734194,-0.21232609850127718,3,0.6692380731804756,2.007714219541427,0.0,0.0,0.0,0.0,62.805191628078425,11.246224515262355,True,False,True,False,False,3.2040455181072502
2025-02-03 00:00:00+00:00,10.46,10.895,10.0601,10.38,1965547,15.477191247852467,15.068926581366823,11.619855574313275,11.255998830009634,,,15.99514210334202,15.554258017008827,15.384315699725017,12.757242951932776,12.001371725270769,11.43939289163883,10.8271952206868,10.292582252804142,11.076974166395628,11.041406830024298,"rgba(239, 83, 80, 1.0)",0.5278280159433214,11.041406830024298,-1.1015080906329335,4,0.5373494585881172,2.149397834352469,0.0,0.0,0.0,0.0,57.92152673733381,13.666646764113352,True,False,True,False,False,0.0
2025-02-04 00:00:00+00:00,10.57,10.85,10.445,10.58,1316182,15.468955514268306,15.06017125612325,11.614226222913427,11.250803876166618,,,15.98689683544155,15.546087416665415,15.376044786636253,12.750876353939498,11.996597430209047,11.43374990076542,10.825050271049168,10.298216189307697,10.985427746178576,11.036009473566649,"rgba(239, 83, 80, 0.5)",0.524873215064496,11.036009473566649,-0.8878515043092564,4,0.537411436886648,2.149645747546592,0.0,0.0,0.0,0.0,55.21663854244319,11.2941251591499,True,False,True,False,False,0.5453834749192268
2025-02-05 00:00:00+00:00,10.64,10.815,10.43,10.69,1039769,15.462478025100628,15.053289335696304,11.609853361599429,11.24680254988415,,,15.98040910683123,15.539660559918609,15.369540274805633,12.74588925316235,11.992867263374833,11.429382915385693,10.823441694504337,10.302621325321395,10.936481725768166,11.032970766852625,"rgba(239, 83, 80, 0.5)",0.5174912803376248,11.032970766852625,-0.7593765958650351,4,0.5371502163989728,2.148600865595891,0.0,0.0,0.0,0.0,53.77856083245983,10.03787831753938,False,False,False,False,False,1.0191251422825829
2025-02-06 00:00:00+00:00,9.8,10.33,9.73,10.2,3238969,15.439608716319302,15.02873849205219,11.58727756286376,11.221410327529354,,,15.957763393277752,15.51701079580112,15.3465234164494,12.725598584896234,11.975692665596837,11.40486643904363,10.801828484764973,10.28868150696006,10.642306276667378,10.99011983287103,"rgba(255, 26, 202, 1.0)",0.5054629489814683,10.99011983287103,-2.3545144807728793,4,0.5358003629722772,2.1432014518891087,0.0,0.0,0.0,0.0,49.02474396955745,5.632614366107802,False,True,False,False,False,0.0
2025-02-07 00:00:00+00:00,9.6,10.25,9.56,9.8,1690787,15.427421540078695,15.015640278033748,11.574675806515595,11.207025698655615,,,15.945715854700971,15.50494330640113,15.334253818861406,12.714556474735094,11.96618520519066,11.391099865577896,10.789047072463628,10.278776513566742,10.528965544611504,10.869147946535318,"rgba(255, 26, 202, 1.0)",0.4878700535895185,10.869147946535318,-2.6014057169476255,4,0.533484881376158,2.133939525504632,0.0,0.0,0.0,0.0,45.12659635382674,2.117811062527416,False,True,False,True,False,0.0
2025-02-10 00:00:00+00:00,9.85,10.13,9.56,9.58,1194085,15.41891236444524,15.006505991444524,11.566097906867256,11.197349637219057,,,15.93729572119244,15.49651608466809,15.32568896497297,12.70692367543724,11.959654258316682,11.381780702287305,10.780604068462226,10.272637104188444,10.469538629848932,10.763325108914406,"rgba(255, 0, 0, 1.0)",0.48555112181122867,10.763325108914406,-1.8810071028308466,4,0.532508390731635,2.13003356292654,0.0,0.0,0.0,0.0,44.004952358606374,1.1616483195492293,False,True,False,True,False,0.0
2025-02-11 00:00:00+00:00,9.93,10.005,9.69,9.8,940201,15.412264605181392,14.999375872707107,11.5595138287868,11.189985000351346,,,15.930712967736257,15.489931472950698,15.318998720185945,12.70100152765609,11.954608737168494,11.37465570304764,10.774260382519415,10.268237908573393,10.431382242142169,10.755866717205848,"rgba(255, 0, 0, 1.0)",0.4849847401707079,10.755866717205848,-1.702871552031007,4,0.5319951409424568,2.1279805637698272,0.0,0.0,0.0,0.0,43.728636733499755,0.8244794227879382,False,True,False,True,False,0.0
2025-02-12 00:00:00+00:00,9.92,9.955,9.68,9.84,1123233,15.404310197123142,14.990844974623778,11.551606878409647,11.18113927245648,,,15.922837215398697,15.482052601349993,15.310993397541814,12.693900737426345,11.948545640339317,11.366100423596487,10.766603647167564,10.262803875218552,10.39009956014551,10.745745543316113,"rgba(255, 0, 0, 1.0)",0.4844070583697653,10.745745543316113,-1.7046521702121693,4,0.531359415348753,2.125437661395012,0.0,0.0,0.0,0.0,43.49652788253948,0.3723470182783757,False,True,False,True,False,0.0
2025-02-13 00:00:00+00:00,10.04,10.08,9.83,9.99,590140,15.400238993333858,14.986488753264188,11.547801376840567,11.17699412223442,,,15.918797075033387,15.4780185022241,15.306898046587953,12.690356356923328,11.945573259173328,11.362031385246967,10.76320316530369,10.26090153615363,10.375429537922463,10.743411428881778,"rgba(239, 83, 80, 1.0)",0.4838034371167869,10.743411428881778,-1.453919866865229,4,0.5314524315767161,2.1258097263068643,0.0,0.0,0.0,0.0,44.14090400635192,0.3723470182783757,False,True,False,True,False,0.0
2025-02-14 00:00:00+00:00,10.09,10.175,9.975,10.07,649019,15.395848430099374,14.981799044925655,11.543894746670265,11.17283491335265,,,15.914432446798664,15.473666676647376,15.30248301298907,12.68660785114096,11.942475213003021,11.357895766093877,10.759956687752089,10.25955735608986,10.364158874830265,10.74253209042594,"rgba(239, 83, 80, 1.0)",0.48322501426836906,10.74253209042594,-1.350369023039735,4,0.5313310246332995,2.125324098533198,0.0,0.0,0.0,0.0,44.9146970396088,0.3723470182783757,False,True,False,True,False,0.0
2025-02-18 00:00:00+00:00,10.57,10.57,10.075,10.21,960464,15.389760676206421,14.975334370149568,11.53942652139833,11.168550730402002,,,15.908344452285174,15.467626680029735,15.296368750645744,12.68176945834697,11.93870608056681,11.353368430898898,10.757478020348724,10.261139263840231,10.366341428990689,10.749356169361786,#000000,0.48596956120179524,10.749356169361786,-0.36906873121485284,4,0.5312197246934903,2.1248788987739613,0.0,0.0,0.0,0.0,48.40271226151876,0.3723470182783757,False,True,False,False,True,1.0387779310412384
2025-02-19 00:00:00+00:00,10.58,10.63,10.355,10.45,764452,15.385039074351964,14.970333059785562,11.536258326511208,11.165690695360437,,,15.903611024853394,15.462940154526109,15.291629003099386,12.678129710734094,11.935946533767902,11.35023518262208,10.756174644575749,10.263375246867225,10.372678495292156,10.755575305792888,#000000,0.49055768962181967,10.755575305792888,-0.35790959862079125,4,0.5327494178392197,2.130997671356879,0.0,0.0,0.0,0.0,50.78460803258919,-5.329754732191397,False,True,False,False,True,1.1059847200521737
2025-02-20 00:00:00+00:00,10.45,10.63,10.31,10.63,827822,15.379875185458054,14.96485896307632,11.532653692709475,11.162344005629263,,,15.898439132579687,15.457815346753327,15.286444311492307,12.674095805622478,11.93284757088597,11.346631708884656,10.7544323068132,10.26521654080557,10.376514227468123,10.75970837547602,"rgba(239, 83, 80, 0.5)",0.49324474490726095,10.75970837547602,-0.6279000003015773,4,0.5337388449193956,2.1349553796775824,0.0,0.0,0.0,0.0,51.417716119416895,-4.547673932572842,False,True,False,False,True,0.1995395775087303
2025-02-21 00:00:00+00:00,10.41,10.51,10.225,10.51,821656,15.374675505101898,14.959340440283826,11.528828357557627,11.158669213129738,,,15.89323849080222,15.452656085744998,15.28122228787968,12.66995908242288,11.92961433770223,11.342755897991848,10.752243881214383,10.26627123326507,10.37672188949192,10.761341442447506,"rgba(239, 83, 80, 0.5)",0.49486927930904523,10.761341442447506,-0.7099681817753201,4,0.5435146558690913,2.1740586234763652,0.0,0.0,0.0,0.0,51.538540287923965,-4.1677598927813335,False,True,False,False,True,0.0
2025-02-24 00:00:00+00:00,11.62,11.75,10.5,10.54,3275623,15.35780506972776,14.941811044770866,11.5257053546207,11.161088332807783,,,15.876003536573615,15.435857550217285,15.264353267765923,12.66010270001461,11.92434321943337,11.3419244656476,10.764541975592467,10.301946737191052,10.503149094394477,10.813228118404385,"rgba(0, 255, 255, 0.75)",0.5271451242136564,10.813228118404385,1.53045498201103,3,0.5063964666998783,1.5191894000996347,0.0,0.0,0.0,0.0,57.45983247926367,1.5985231426916187,True,False,True,False,True,7.66301964324985
2025-02-25 00:00:00+00:00,10.78,11.59,10.74,11.49,1110608,15.35176243900656,14.935495947601423,11.523546738651946,11.160316097216008,,,15.869868058112544,15.42984654973744,15.258303597477576,12.656180741927587,11.92186981914111,11.340302001565009,10.766635764113744,10.310526446768044,10.527067545047954,10.820593378343302,#000000,0.5323648752130526,10.820593378343302,-0.07625104553912822,4,0.6655906328660137,2.662362531464055,0.0,0.0,0.0,0.0,56.38949099462177,1.5985231426916187,True,False,True,False,True,2.0347865931218294
2025-02-26 00:00:00+00:00,10.56,10.755,10.41,10.74,1224416,15.344409504645139,14.927735738167032,11.518953163638496,11.156338224523845,,,15.862477464724762,15.422544178122367,15.250926851516148,12.650652454651812,11.917745033228089,11.335843674189256,10.765023852653126,10.313888044352492,10.52932505933021,10.81410585238916,#000000,0.5355126196141545,10.81410585238916,-0.4745095504420543,4,0.6916996879506485,2.766798751802594,0.0,0.0,0.0,0.0,54.61096322616476,1.5985231426916187,False,False,True,False,False,0.6581047540626663
2025-02-27 00:00:00+00:00,10.33,10.71,10.3,10.6,533934,15.34112409005371,14.92426084973317,11.5166934920561,11.15424125932728,,,15.859183021942611,15.419282568962526,15.2476292405647,12.648102423995589,11.91578307127939,11.33359055565631,10.763860402441146,10.314619940886754,10.527661580935431,10.810392554793342,"rgba(239, 83, 80, 0.5)",0.5337047805604151,10.810392554793342,-0.9001091470248913,4,0.7183348983212523,2.873339593285009,0.0,0.0,0.0,0.0,52.34580384801764,1.5985231426916187,False,True,False,False,False,0.0
2025-02-28 00:00:00+00:00,10.22,10.43,10.08,10.27,680399,15.33677016230952,14.91963982508739,11.51328315629943,11.150824202696194,,,15.854833179460412,15.41496274823655,15.243255910392197,12.644562073704149,11.912945502073018,11.330081414907779,10.761447527982085,10.31412270134523,10.52055224314277,10.803020773500977,"rgba(239, 83, 80, 1.0)",0.5322496196878919,10.803020773500977,-1.0953897418336467,3,0.8219668609931365,2.4659005829794096,0.0,0.0,0.0,0.0,50.320998577916754,6.279816538270879,False,True,False,False,False,0.0
2025-03-03 00:00:00+00:00,9.72,10.29,9.64,10.27,996247,15.329958861052885,14.912370491932176,11.506916319281613,11.143900363079378,,,15.848068416630133,15.4082112251127,15.236406143453332,12.638622662096596,11.90791591600939,11.32329522243157,10.755527714117992,10.309767452094112,10.498046916979742,10.785706113016357,"rgba(255, 26, 202, 1.0)",0.5322496196878919,10.785706113016357,-2.002267495543313,3,0.8513586872722149,2.5540760618166445,0.0,0.0,0.0,0.0,46.82694708351389,2.9287818187005428,False,True,False,True,False,0.0
2025-03-04 00:00:00+00:00,9.65,9.81,9.48,9.61,898038,15.323567419947395,14.905528196148458,11.500389194538556,11.136563909671723,,,15.841742208973496,15.401879271259391,15.229974284347596,12.632832607439706,11.902875965659316,11.31623586180034,10.74882993724642,10.303778989550464,10.47177830904325,10.767480251429888,"rgba(255, 26, 202, 1.0)",0.5285222642273752,10.767480251429888,-2.114348490244749,3,0.8912289804816687,2.673686941445006,0.0,0.0,0.0,0.0,44.21923862589044,0.4682041946464466,False,True,False,True,False,0.0
2025-03-05 00:00:00+00:00,9.94,9.965,9.645,9.86,1229578,15.315152258695422,14.896549746636653,11.492498467436661,11.127989872669726,,,15.833384987846685,15.393537712899978,15.221511703093643,12.625478555248053,11.896630302008457,11.30783164488469,10.74145742463329,10.298236506296163,10.446575983170998,10.750279300483632,"rgba(255, 0, 0, 1.0)",0.5273518066036899,10.750279300483632,-1.5365061621805822,3,0.9360217313554496,2.808065194066349,0.0,0.0,0.0,0.0,44.25351017320111,0.4339235173018281,False,True,False,True,False,0.0
2025-03-06 00:00:00+00:00,9.72,10.015,9.62,9.77,1303292,15.306155054856037,14.886945655299874,11.483888901099032,11.118569775594938,,,15.824456205111046,15.384620043174918,15.212462608306677,12.617544376285755,11.889842625165384,11.298635614472524,10.73321357975175,10.291676915179055,10.419323775453057,10.732535516164164,"rgba(255, 0, 0, 1.0)",0.526740546762684,10.732535516164164,-1.9222661372608327,3,0.9730619902598644,2.9191859707795933,0.0,0.0,0.0,0.0,43.2743324109022,-0.6829399581522466,False,True,False,True,False,0.0
2025-03-07 00:00:00+00:00,9.64,9.75,9.4,9.63,756542,15.300768029503745,14.881181971280244,11.478381255082994,11.112398197351808,,,15.819124009532713,15.379282794768729,15.207041750431667,12.612654123354398,11.885571696090896,11.292690342451936,10.727555417895903,10.286558546371788,10.400111909099024,10.72050050459033,"rgba(255, 26, 202, 1.0)",0.5235748567596406,10.72050050459033,-2.063698228897876,3,1.0000485664234233,3.00014569927027,0.0,0.0,0.0,0.0,42.25778991433608,-1.8782392038885476,False,True,False,True,False,0.0
2025-03-10 00:00:00+00:00,9.31,9.66,9.24,9.5,653644,15.295964402114427,14.876030500499734,11.473162274679247,11.10643118314892,,,15.814381486841725,15.37452548233261,15.202205503430335,12.608171703379192,11.881583849707066,11.287005301353725,10.721883981677903,10.280974288250873,10.380397577454435,10.708413677007059,"rgba(255, 26, 202, 1.0)",0.5254556152557998,10.708413677007059,-2.661335489442413,3,1.0417387421490394,3.125216226447118,0.0,0.0,0.0,0.0,40.14512083716715,-4.101877236044224,False,True,False,True,False,0.0
2025-03-11 00:00:00+00:00,9.17,9.37,9.0595,9.37,963174,15.288656327167029,14.86817559886907,11.464768124981234,11.096672471190272,,,15.807184510202323,15.367290718020437,15.194844172655962,12.601171467161825,11.875250260682359,11.277791901169127,10.712338615410326,10.270994705108846,10.346965729738544,10.688258701181992,"rgba(255, 26, 202, 1.0)",0.5308615469048682,10.688258701181992,-2.859989972967599,3,1.0505043679494863,3.151513103848459,0.0,0.0,0.0,0.0,38.16713282025365,-6.1519003015887535,False,True,False,True,False,0.0
2025-03-12 00:00:00+00:00,9.07,9.31,9.03,9.29,837465,15.282250521481723,14.861287618055576,11.457317612163024,11.087988383634078,,,15.80087986417992,15.360949680481145,15.188390982485428,12.594995596330762,11.869638120416896,11.269605331090878,10.70379327255798,10.261963223817482,10.31788123889275,10.670885156116599,"rgba(255, 26, 202, 1.0)",0.5364896915966205,10.670885156116599,-2.9839998441578315,3,1.0407948443069817,3.122384532920945,0.0,0.0,0.0,0.0,36.43761895171224,-7.945116989249854,False,True,False,True,False,0.0
2025-03-13 00:00:00+00:00,8.72,9.17,8.7,9.17,906251,15.275025940063781,14.853497509425772,11.448365365797104,11.077373039589077,,,15.793791517692503,15.353801645913299,15.181108516410696,12.587810969090196,11.862986073117089,11.259690318675757,10.693055095144349,10.250015666161993,10.2810149593283,10.649102096923228,"rgba(255, 26, 202, 1.0)",0.5524372859929016,10.649102096923228,-3.491983879140291,3,1.0256072813838026,3.076821844151408,0.0,0.0,0.0,0.0,33.945545830588614,-10.429790531864015,False,True,False,True,False,0.0
2025-03-14 00:00:00+00:00,8.65,8.84,8.55,8.84,932380,15.267397964931012,14.845259236885092,11.438570618351207,11.065661213508948,,,15.786321384863125,15.34625664912055,15.173416650538496,12.580085577600173,11.855756478211585,11.248800431980227,10.681043376265348,10.236337603447476,10.24032741562312,10.625213133200935,"rgba(255, 26, 202, 1.0)",0.5727241053955643,10.625213133200935,-3.4488039085358757,3,1.0103737851832024,3.0311213555496073,0.0,0.0,0.0,0.0,32.032206925085845,-12.334786588986304,False,True,False,True,False,0.0
2025-03-17 00:00:00+00:00,8.53,8.83,8.53,8.7,1130924,15.2580992649433,14.835215340888402,11.42656910914333,11.05131357237849,,,15.777217962577733,15.337059390721317,15.164039594303048,12.570636404914477,11.846893974226067,11.235459670668305,10.666305567450559,10.2195405659405,10.192173046839597,10.597002550357955,"rgba(255, 26, 202, 1.0)",0.594110039251137,10.597002550357955,-3.4791577549562493,3,1.0000393549688835,3.0001180649066503,0.0,0.0,0.0,0.0,30.31563409806283,-14.058990438102278,False,True,False,True,False,0.0
2025-03-18 00:00:00+00:00,8.39,8.54,8.33,8.54,775018,15.2515405101485,14.828118715562525,11.417790410330852,11.040734077088784,,,15.770809875396429,15.330574187242354,15.157423005745054,12.563843289817232,11.84045395768521,11.225664942573308,10.655298491405084,10.206736885167889,10.156585660999863,10.576214529534942,"rgba(255, 26, 202, 1.0)",0.6231420817552795,10.576214529534942,-3.50837247803385,3,0.9644544108643522,2.8933632325930567,0.0,0.0,0.0,0.0,28.662460701352583,-15.73595913553553,False,True,False,True,False,0.0
2025-03-19 00:00:00+00:00,8.45,8.575,8.37,8.38,929495,15.243742740264274,14.819687889459233,11.407486343124123,11.028373478609282,,,15.763186189464975,15.322862912610502,15.149557585062764,12.55581359127454,11.832863358725266,11.214194404426536,10.642501822619217,10.192000164753788,10.116803925769288,10.55292615989429,"rgba(255, 26, 202, 1.0)",0.6453360602282197,10.55292615989429,-3.2586528004503594,3,0.9336042755498409,2.8008128266495227,0.0,0.0,0.0,0.0,28.20899211940074,-16.323762632357692,False,True,False,True,False,0.0
2025-03-20 00:00:00+00:00,8.48,8.55,8.33,8.55,1089298,15.234611428473041,14.80981789859367,11.395454386793318,11.013972681277746,,,15.754257779304194,15.313832560715806,15.14034735550937,12.546416614441487,11.823980417479314,11.20081598827659,10.627614759507333,10.174929546824993,10.07218726732415,10.526729131154944,"rgba(255, 26, 202, 1.0)",0.6665529182240845,10.526729131154944,-3.0706176136893997,3,0.9073779394511705,2.7221338183535115,0.0,0.0,0.0,0.0,28.24922358294569,-16.525334605739545,False,True,False,True,False,0.0
2025-03-21 00:00:00+00:00,8.28,8.38,8.25,8.34,664187,15.228932868031626,14.803673128293543,11.387794431706281,11.004760986485374,,,15.748712850132913,15.30821791542004,15.134618253841857,12.540498808139338,11.818347010023777,11.192280205235802,10.618017103670253,10.163791821024038,10.043724801413386,10.510006324406836,"rgba(255, 26, 202, 1.0)",0.6928654953126511,10.510006324406836,-3.218527029406423,3,0.8769967395157945,2.6309902185473835,0.0,0.0,0.0,0.0,27.389089907191103,-17.626860690028046,False,True,False,True,False,0.0
2025-03-24 00:00:00+00:00,8.62,8.64,8.3308,8.36,878006,15.221686001072282,14.795850945907112,11.378467314609995,10.993694373143148,,,15.741618548594598,15.301049562474303,15.127310623855271,12.533118816802087,11.811406673224479,11.181953734791492,10.606682718911243,10.151041702688412,10.012202560662772,10.491311139846802,"rgba(255, 26, 202, 1.0)",0.7096325149727551,10.491311139846802,-2.6370143706262503,3,0.8603728572065377,2.581118571619613,0.0,0.0,0.0,0.0,30.51734043885827,-17.626860690028046,False,True,False,True,True,0.0
2025-03-25 00:00:00+00:00,8.51,8.72,8.48,8.62,657974,15.216297685911211,14.79003890234192,11.37161438016998,10.985598489207662,,,15.736340485126036,15.295719026129532,15.121877827781336,12.527660783828344,11.806287539488615,11.174382657320201,10.59843012133677,10.14184758475628,9.990038062438979,10.478084381128278,"rgba(255, 26, 202, 1.0)",0.7291912093683464,10.478084381128278,-2.698996306926285,3,0.8434546612564112,2.5303639837692335,0.0,0.0,0.0,0.0,31.984006158793097,-17.626860690028046,False,True,False,True,True,0.0
2025-03-26 00:00:00+00:00,8.39,8.62,8.335,8.48,482231,15.212281924144706,14.78570293930473,11.366395850128722,10.979402127508088,,,15.732411517793798,15.291747043791965,15.117827996144966,12.523547431743015,11.8024053053542,11.168603684248827,10.592063868595494,10.13466046362337,9.97286630068067,10.4678386714017,"rgba(255, 26, 202, 1.0)",0.7496167188807074,10.4678386714017,-2.771868101480223,3,0.8230635044422558,2.4691905133267675,0.0,0.0,0.0,0.0,32.296948049561465,-17.626860690028046,False,True,False,True,True,0.0
2025-03-27 00:00:00+00:00,8.39,8.455,8.28,8.39,475572,15.2082833931947,14.781383239534472,11.361138719753786,10.973144706254024,,,15.728501983804353,15.287792492711397,15.113795037141628,12.519426144608406,11.798501944655175,11.162775464684836,10.585608828895753,10.127326440507247,9.95550545800962,10.457470306963094,"rgba(255, 26, 202, 1.0)",0.7698465273519964,10.457470306963094,-2.6855616457405738,3,0.8044250236060574,2.4132750708181723,0.0,0.0,0.0,0.0,32.505575976740374,-22.031261255636288,False,True,False,True,True,0.0
2025-03-28 00:00:00+00:00,8.24,8.335,8.16,8.26,850213,15.20101081018992,14.773518686848934,11.351378923402375,10.96147648205713,,,15.721399603630516,15.28060118331679,15.106458187628744,12.51184812956811,11.791281600419143,11.151933259181526,10.573488725719049,10.11340462748726,9.922913430488444,10.437993301742296,"rgba(255, 26, 202, 1.0)",0.7928942762648665,10.437993301742296,-2.772113972239163,3,0.7835189831232277,2.350556949369683,0.0,0.0,0.0,0.0,31.771935786635368,-22.031261255636288,False,True,False,True,True,0.0
2025-03-31 00:00:00+00:00,7.95,8.0,7.51,7.8,2197083,15.181143520517253,14.751965493089237,11.323026763409976,10.927135220978643,,,15.70206844158296,15.26096707480986,15.086401133551506,12.490451016114092,11.770538371842122,11.12024266632892,10.537130168177953,10.07039377074487,9.824228060243902,10.379056011766492,"rgba(255, 26, 202, 1.0)",0.8247463819834849,10.379056011766492,-2.9452157230744085,3,0.7573660823852671,2.2720982471558013,0.0,0.0,0.0,0.0,29.82157639250175,-22.031261255636288,False,True,False,True,False,0.0
2025-04-01 00:00:00+00:00,8.04,8.18,7.86,8.0,1194707,15.17068716311733,14.740649252762658,11.30869830267686,10.909995978695967,,,15.691870967403796,15.250629282652207,15.075849871465934,12.479408863651557,11.759934858090135,11.104325363786698,10.519232971657532,10.049762366877763,9.779499308646203,10.351840629879684,"rgba(255, 26, 202, 1.0)",0.8518096687124221,10.351840629879684,-2.714034267037864,3,0.7362324804065796,2.208697441219739,0.0,0.0,0.0,0.0,29.683371200144965,-22.031261255636288,False,True,False,True,False,0.0
2025-04-02 00:00:00+00:00,8.16,8.27,7.88,7.88,932135,15.162637423488194,14.731947020065455,11.297864288554212,10.897115458644553,,,15.684012876631742,15.242669403208053,15.0677287338252,12.470979100951638,11.751872441054172,11.09232620040211,10.505869526338863,10.034551477218894,9.747577552515562,10.33218427976352,"rgba(255, 26, 202, 1.0)",0.8741365469438731,10.33218427976352,-2.484948475564645,3,0.7199822387249853,2.159946716174956,0.0,0.0,0.0,0.0,31.110488662712484,-22.031261255636288,False,True,False,True,False,0.0
2025-04-03 00:00:00+00:00,7.42,7.85,7.335,7.77,1774820,15.14613112474379,14.7140253207519,11.273802938845185,10.867991334952961,,,15.667977321142025,15.226359801638287,15.051060365967901,12.45294106042207,11.73424317845883,11.065448537127375,10.474906135446455,9.99790442062114,9.670153765463377,10.284937324204469,"rgba(255, 26, 202, 1.0)",0.9174323157891869,10.284937324204469,-3.122777860446319,3,0.6886546855137685,2.0659640565413055,0.0,0.0,0.0,0.0,28.613692246187956,-22.031261255636288,False,True,False,True,False,0.0
2025-04-04 00:00:00+00:00,7.6,7.675,7.01,7.15,1231019,15.134564354034403,14.701463208620133,11.256822874295787,10.84744831013983,,,15.656746654262559,15.214931584513277,15.03937894929866,12.440237389452447,11.721793402016573,11.046487359324122,10.45304066941557,9.972036950083462,9.61703202106658,10.252239338871856,"rgba(255, 26, 202, 1.0)",0.9519711745202029,10.252239338871856,-2.7860500505265775,3,0.6653102062445427,1.9959306187336283,0.0,0.0,0.0,0.0,28.867627888618756,-22.031261255636288,False,True,False,True,False,0.0
2025-04-07 00:00:00+00:00,7.33,7.57,7.08,7.34,1281453,15.122402108990283,14.688250220923686,11.238840541595733,10.825694543984076,,,15.64494430572041,15.202915827136328,15.02709500165799,12.426814445981723,11.708604738685496,11.026409485742526,10.429856399024022,9.944602875677667,9.561896483536508,10.218067064886496,"rgba(255, 26, 202, 1.0)",0.992441288798471,10.218067064886496,-2.9100633936572926,3,0.6393192866756378,1.9179578600269132,0.0,0.0,0.0,0.0,27.954113789215462,-18.266558656218443,False,True,False,True,False,0.0
2025-04-08 00:00:00+00:00,6.88,7.59,6.77,7.53,1378773,15.108945728896193,14.67361196027833,11.218467034050503,10.800957932240163,,,15.631907465425543,15.189624739871686,15.013499797646197,12.411755872296446,11.693708739434449,11.003623223364524,10.403339829207082,9.91299180197255,9.499235798891025,10.179110727179712,"rgba(255, 26, 202, 1.0)",1.0448577298732757,10.179110727179712,-3.1574736280889075,3,0.6081653659959753,1.8244960979879257,0.0,0.0,0.0,0.0,25.87709961079819,-20.333832695175474,False,True,False,True,False,0.0
2025-04-09 00:00:00+00:00,7.78,7.87,6.73,6.86,1260153,15.09726658739308,14.660949300183393,11.201713955425177,10.780913400629435,7.460000000000001,,15.620554795925095,15.178082542860245,15.001708067031233,12.3990424640455,11.681292345473777,10.985021072059645,10.38219854422976,9.88849873260583,9.453241717677953,9.958766552951218,"rgba(255, 26, 202, 1.0)",1.0678551037115396,9.958766552951218,-2.040320400566039,3,0.5953795010918611,1.7861385032755832,0.0,0.0,0.0,0.0,31.550849250227163,-22.612543019098247,False,True,False,True,True,0.0
2025-04-10 00:00:00+00:00,7.53,7.64,7.32808,7.58,911691,15.088882646807562,14.651865767585786,11.189812832792875,10.766731065167136,7.476522437965158,,15.612400572773819,15.169795978418358,14.993244358400384,12.389958212684661,11.672438021648956,10.97183307292741,10.367295167067935,9.871363624298608,9.421870767580034,9.939865615167708,"rgba(255, 26, 202, 1.0)",1.0957831869457817,9.939865615167708,-2.199217549490423,3,0.5803687846132151,1.7411063538396452,0.0,0.0,0.0,0.0,34.24162340869265,-20.29029787698132,False,True,False,True,True,0.0
2025-04-11 00:00:00+00:00,7.71,7.775,7.4,7.53,642967,15.083081308079281,14.645588745344236,11.181757230279143,10.757194421054876,7.511199507211437,,15.606750937068997,15.164060736619465,14.987389362162311,12.383740224307195,11.666408348137614,10.962935352037679,10.357345447239567,9.860075274054749,9.40178951123451,9.928801290917855,"rgba(255, 0, 0, 1.0)",1.1165177041964207,9.928801290917855,-1.9872513284639486,3,0.5689946214855673,1.706983864456702,0.0,0.0,0.0,0.0,37.1830217078646,-17.72405232838036,False,True,False,True,True,0.0
2025-04-14 00:00:00+00:00,7.82,7.975,7.655,7.95,742099,15.076565606932006,14.63855193818825,11.172995190780123,10.746917440215366,7.574930912719186,,15.600393866557921,15.157617239908632,14.980815858638998,12.37686713756217,11.659794877288585,10.953301176305553,10.346737515492652,9.848274557174143,9.381566761180627,9.918858645440347,"rgba(255, 0, 0, 1.0)",1.1337063509085379,9.918858645440347,-1.851324766557361,3,0.559604736967599,1.678814210902797,0.0,0.0,0.0,0.0,39.84452397488445,-15.408557048279654,False,False,False,True,True,0.0
2025-04-15 00:00:00+00:00,7.82,8.005,7.765,7.82,710316,15.070379918224816,14.631876059783002,11.16476706758562,10.73730326053684,7.622937944406975,,15.594355193387186,15.151499425611426,14.974576079369562,12.370374889101685,11.653562509479531,10.944271099737087,10.336852304285095,9.837362753475096,9.363250604660223,9.909242608274182,"rgba(255, 0, 0, 1.0)",1.1498826888854627,9.909242608274182,-1.8169180460479883,3,0.5507760575558315,1.6523281726674943,0.0,0.0,0.0,0.0,41.61885881956435,-13.876447153151261,False,False,False,True,True,0.0
2025-04-16 00:00:00+00:00,7.78,7.98,7.6625,7.77,714865,15.064117172306593,14.625115385088565,11.156388105320698,10.727505299954839,7.649420189285984,,15.58824353504609,15.145305695577962,14.96825815735598,12.363779184496458,11.647218761467144,10.935072593463108,10.326760147279176,9.8261943294736,9.344588224609646,9.89829742085497,"rgba(255, 0, 0, 1.0)",1.1657571023253026,9.89829742085497,-1.8171001631726384,3,0.5422411009646785,1.6267233028940353,0.0,0.0,0.0,0.0,42.5611129639699,-13.02827856983707,False,False,False,True,True,0.0
2025-04-17 00:00:00+00:00,8.01,8.04,7.79,7.79,634917,15.05867037988337,14.619244363880046,11.149289010212275,10.719270028927319,7.683019365516303,,15.582920366232939,15.139917569273349,14.962765015233959,12.358115529286733,11.641805571417228,10.927309454975322,10.318355387931502,9.817054254638304,9.329851526103697,9.890102914261782,"rgba(255, 0, 0, 1.0)",1.177234474949351,9.890102914261782,-1.5970505063085845,3,0.5361275973637644,1.6083827920912932,0.0,0.0,0.0,0.0,44.88943987616608,-10.804055219587156,True,False,False,True,True,0.0
2025-04-21 00:00:00+00:00,8.17,8.21,7.85,8.13,935558,15.050806067535879,14.610780308457414,11.139307746816256,10.70778857623833,7.739223283457707,,15.575223415675419,15.132136002636354,14.954836134053844,12.3500416340979,11.63413757553368,10.916439316465311,10.30675142324374,9.804671996081098,9.310682854628093,9.879776703963786,"rgba(239, 83, 80, 1.0)",1.1861820348580927,9.879776703963786,-1.4414117342186297,3,0.5313361333916992,1.5940084001750976,0.0,0.0,0.0,0.0,47.545642983650986,-8.283343869751086,True,False,False,False,True,0.0
2025-04-22 00:00:00+00:00,8.33,8.56,8.26,8.26,937884,15.043285853146154,14.602714364790197,11.130361972668373,10.697708194684926,7.81987271173205,,15.567838072104225,15.124690600472299,14.947259422028477,12.342556824209415,11.627143356363716,10.9067928771825,10.296821741307122,9.79460631126603,9.296677638652247,9.873596307760902,"rgba(239, 83, 80, 1.0)",1.1914613935216358,9.873596307760902,-1.2955487405248198,3,0.5278208390189405,1.5834625170568215,0.0,0.0,0.0,0.0,50.37469884261921,-5.622217862580733,True,False,True,False,True,0.0
2025-04-23 00:00:00+00:00,8.48,8.74,8.445,8.6,895069,15.036309328840423,14.595248032613977,11.122408713259965,10.688876734811872,7.8983400846856755,,15.56097207756587,15.117780939667387,14.940233549606846,12.335748571077223,11.62084820095268,10.898276700996364,10.288282126358013,9.78628461996628,9.286139737132968,9.736940633787597,"rgba(239, 83, 80, 1.0)",1.195192049854877,9.736940633787597,-1.0516641521671914,3,0.5252270268584619,1.5756810805753858,0.0,0.0,0.0,0.0,53.21246829966838,-2.97096612666752,True,False,True,False,True,0.0
2025-04-24 00:00:00+00:00,8.45,8.65,8.45,8.54,651457,15.031211063630172,14.589790988717711,11.116564951988936,10.682379932302549,7.942913975345292,,15.555955960131675,15.11273170007017,14.935098979687943,12.330758612566317,11.61622551804054,10.892016297157793,10.281982912704498,9.780111377950467,9.278263957071603,9.732562350752257,"rgba(239, 83, 80, 1.0)",1.198400254994732,9.732562350752257,-1.0702287031455078,3,0.5225518503700347,1.567655551110104,0.0,0.0,0.0,0.0,54.82782748637987,-1.447984333350405,True,False,True,False,True,0.0
2025-04-25 00:00:00+00:00,8.5,8.535,8.35,8.41,612242,15.02638656491457,14.584624994918041,11.110981125447543,10.67615537203086,7.975828786186956,,15.551211517093385,15.10795393049267,14.930239680154678,12.326013446471169,11.611816766695272,10.886027132474652,10.275920405494153,9.77411402641332,9.270483808946517,9.727431189904946,"rgba(239, 83, 80, 1.0)",1.1966226045240518,9.727431189904946,-1.025746283969914,3,0.520167570824688,1.560502712474064,0.0,0.0,0.0,0.0,56.256666964743175,-0.028037673048736167,True,False,True,False,True,0.0
2025-04-28 00:00:00+00:00,8.32,8.55,8.225,8.51,797103,15.020023624309946,14.577806234257526,11.10348243689325,10.66775197895563,8.005524364376063,,15.544959938603002,15.101653509909545,14.923829699214183,12.319698828111518,11.605919692858865,10.877964531203054,10.267670285156113,9.765817990588175,9.25938955823632,9.718893524117743,"rgba(239, 83, 80, 1.0)",1.1977996643998128,9.718893524117743,-1.167886054483654,3,0.5169736790274669,1.550921037082401,0.0,0.0,0.0,0.0,55.42300066803506,-0.028037673048736167,True,False,True,False,True,0.0
2025-04-29 00:00:00+00:00,8.16,8.3,8.11,8.24,611440,15.015022855864691,14.572438792899117,11.097392247487363,10.660860488432569,8.01572496309093,,15.540055156783222,15.096703232379422,14.918790256108379,12.314654912481036,11.60116720303166,10.871386491612661,10.26081227980125,9.75873342810703,9.249432524209075,9.709988362768803,"rgba(239, 83, 80, 1.0)",1.201953335125823,9.709988362768803,-1.2895578534307628,3,0.5130517106791078,1.5391551320373233,0.0,0.0,0.0,0.0,53.40832266250507,-0.028037673048736167,True,False,True,False,False,0.0
2025-04-30 00:00:00+00:00,8.36,8.375,8.075,8.27,860011,15.008083788456656,14.564998990536358,11.08910367761813,10.65154374674327,8.034073974027471,,15.533242443961992,15.089832999018508,14.911798982407827,12.307718488531037,11.594661247287853,10.862462982475396,10.251612233234857,9.749378585866276,9.236771522689155,9.700328350158978,"rgba(239, 83, 80, 1.0)",1.2045417355961818,9.700328350158978,-1.1127288582454886,3,0.510467007826779,1.531401023480337,0.0,0.0,0.0,0.0,53.764033205857146,-0.028037673048736167,True,False,True,False,False,0.0
2025-05-01 00:00:00+00:00,8.23,8.39,8.21,8.28,478949,15.004229353702094,14.560867677580037,11.084519587363987,10.646401004639102,8.043446575665183,,15.529457383797535,15.086016621011709,14.907915742008951,12.30387218801097,11.591056262019508,10.857532589907697,10.24654251485869,9.744242817380382,9.229909026173267,9.69526553039502,"rgba(239, 83, 80, 1.0)",1.2088249077752855,9.69526553039502,-1.2121404191544045,3,0.5071838559677192,1.5215515679031575,0.0,0.0,0.0,0.0,52.78180038492778,-0.028037673048736167,True,False,True,False,False,0.0
2025-05-02 00:00:00+00:00,8.29,8.355,8.145,8.3,735467,14.998307413137395,14.554520814088281,11.077476056939698,10.638502913290631,8.055761313620648,,15.523642111383099,15.080153104873578,14.901949564468948,12.297960627021576,11.585513516680088,10.84995912336411,10.238755651016929,9.736354749893131,9.219415233314002,9.687501236075303,"rgba(239, 83, 80, 1.0)",1.2103800311555417,9.687501236075303,-1.1545970687744396,3,0.5043635144652528,1.5130905433957587,0.0,0.0,0.0,0.0,52.66747026061827,-0.028037673048736167,True,False,True,False,False,0.0
2025-05-05 00:00:00+00:00,8.4,8.485,8.225,8.26,732950,14.992509387157986,14.548315413147737,11.070756274882983,10.631034915093837,8.072372850064191,,15.51794100200315,15.074410952690377,14.896109817679582,12.29224178095305,11.580184844972788,10.84276487606937,10.231471789611406,9.729140063205874,9.21032334266518,9.681542770268832,"rgba(239, 83, 80, 1.0)",1.2100701788896826,9.681542770268832,-1.059064831632104,3,0.5021215892522938,1.5063647677568812,0.0,0.0,0.0,0.0,53.57959513727366,-0.028037673048736167,True,False,True,False,False,0.0
2025-05-06 00:00:00+00:00,8.22,8.49,8.19,8.33,589641,14.987803144448877,14.543275887692428,11.065235043600508,10.624877785201443,8.081658242827046,,15.513316334995961,15.069750498359166,14.891369143004173,12.287571284292701,11.57581765916595,10.836844517445398,10.22543437224041,9.723094994783404,9.202551580275541,9.67597080082686,"rgba(239, 83, 80, 1.0)",1.2092284339220927,9.67597080082686,-1.2040494252227152,3,0.49964132026316815,1.4989239607895044,0.0,0.0,0.0,0.0,52.324391902629685,-0.028037673048736167,True,False,True,False,False,0.0
2025-05-07 00:00:00+00:00,8.3,8.3754,8.19,8.33,584018,14.983140274544905,14.538283221532433,11.059765393871173,10.618781256118641,8.08968945982359,,15.508734293756559,15.065132950811616,14.886672185044588,12.282942737986986,11.571488379259446,10.83098119453391,10.219456023173962,9.717109656516103,9.194886936021467,9.670401406598153,"rgba(239, 83, 80, 1.0)",1.207884383823616,9.670401406598153,-1.1345468365606983,3,0.49786428136982847,1.4935928441094855,0.0,0.0,0.0,0.0,52.273951520660646,-0.028037673048736167,True,False,True,False,False,0.0
2025-05-08 00:00:00+00:00,8.63,8.79,8.4,8.44,1193559,14.97408289833669,14.528622683903736,11.049929638174211,10.60810807386728,8.127702598398324,,15.499799911876305,15.056157783319012,14.877555676077394,12.274267496577059,11.563530112055254,10.820571055937814,10.209346670052636,9.707721594666367,9.18497670337147,9.665694240802882,"rgba(239, 83, 80, 0.5)",1.197788247014036,9.665694240802882,-0.8646722351674107,3,0.49732227884511654,1.4919668365353496,0.0,0.0,0.0,0.0,55.04293647443891,0.5432585622330421,True,False,True,False,True,0.0
2025-05-09 00:00:00+00:00,8.79,8.8,8.6,8.6,708303,14.968823939641185,14.523023706394973,11.044422695258854,10.602214590934539,8.152885152184849,,15.494603508729304,15.050944991686363,14.872264256199816,12.269311084835888,11.559023691615291,10.814780824722005,10.203864173470082,9.702840731748296,9.18047281476343,9.664077710426852,"rgba(239, 83, 80, 0.5)",1.1920627137503237,9.664077710426852,-0.7332480920210442,3,0.49740122175185036,1.492203665255551,0.0,0.0,0.0,0.0,58.015279129457326,3.463063974686989,True,False,True,False,True,0.0
2025-05-12 00:00:00+00:00,9.04,9.27,8.935,9.15,1660817,14.957220610335442,14.510732015159894,11.033558583430933,10.59110826371008,8.235810621568953,,15.483082096467736,15.039433898288548,14.860600989331154,12.258892907963693,11.549819648362131,10.803598051567127,10.194196482261923,9.695653802404724,9.178231412615284,9.668299145531208,"rgba(239, 83, 80, 0.5)",1.182256584092854,9.668299145531208,-0.5314405975698606,3,0.49779852817816855,1.4933955845345057,0.0,0.0,0.0,0.0,61.53952137707455,6.78358559307663,True,False,True,False,True,0.0
2025-05-13 00:00:00+00:00,9.19,9.27,8.97,9.01,1028217,14.950135004792525,14.503236105756178,11.02710324876458,10.584590855287871,8.283347293697357,,15.476038393813647,15.032403103101386,14.853480544419217,12.252601569574257,11.54429711106212,10.796992162784596,10.188621384910771,9.691725685106832,9.177748082976434,9.670830923869175,#000000,1.171941901213577,9.670830923869175,-0.4102856322239718,3,0.49859790219761796,1.495793706592854,0.0,0.0,0.0,0.0,64.70710282374745,9.677838587340908,True,False,True,False,True,0.5935690786432488
2025-05-14 00:00:00+00:00,9.13,9.28,9.09,9.12,809597,14.944590455055998,14.497374326628595,11.022113968086437,10.579582739501227,8.318335432443755,,15.47052372502746,15.02690087427492,14.84790937891768,12.24770279014674,11.54000866752195,10.791900567196532,10.18437018352975,9.688801799777288,9.177628543613858,9.672633822621297,#000000,1.1555182917300777,9.672633822621297,-0.4696021053970922,3,0.4996436137916252,1.4989308413748756,0.0,0.0,0.0,0.0,66.03178872525481,10.842024356116852,True,False,True,False,True,0.15005479814630007
2025-05-15 00:00:00+00:00,9.08,9.22,9.03,9.11,738459,14.939492849906436,14.491982113703267,11.017448091026608,10.574863456814658,8.345940435453896,,15.465456880337143,15.02184266879024,14.84278666239756,12.243166069507565,11.536017437484055,10.787123052768525,10.180309055114048,9.68587670982356,9.176969596072405,9.673397711898994,"rgba(239, 83, 80, 0.5)",1.1110402884336812,9.673397711898994,-0.5340919839509625,3,0.4999900019193592,1.4999700057580776,0.0,0.0,0.0,0.0,66.2380620319554,11.063809916449394,True,False,True,False,True,0.0
2025-05-16 00:00:00+00:00,9.11,9.115,9.03,9.09,532868,14.935804223808734,14.488079779021795,11.014051395893725,10.571419033971875,8.364080002470374,,15.461791321681712,15.01818265142886,14.839079720610718,12.239874480742968,11.533115926835023,10.783641310460505,10.177329580272728,9.683693441535176,9.176327477073166,9.6736288798937,"rgba(239, 83, 80, 0.5)",1.0794626958408462,9.6736288798937,-0.522138358338231,3,0.500410123624521,1.501230370873563,0.0,0.0,0.0,0.0,66.58833971498427,11.539399416345454,True,False,True,False,True,0.004926262971469697
2025-05-19 00:00:00+00:00,8.99,9.035,8.88,8.93,415098,14.932876813729097,14.484978251692683,11.011254146004564,10.568537151302477,8.375416329867456,,15.458886622812736,15.015278664560729,14.836136879853555,12.237220476973583,11.53075295242217,10.78075332159426,10.174773116194867,9.681674378166086,9.175202360006507,9.673094578435329,"rgba(239, 83, 80, 0.5)",1.0357416631540266,9.673094578435329,-0.6595221595655215,3,0.5015132187787028,1.5045396563361084,0.0,0.0,0.0,0.0,65.07969906450799,11.539399416345454,True,False,True,False,True,0.0
2025-05-20 00:00:00+00:00,8.92,9.09,8.86,9.08,958945,14.926111775176805,14.477811395772106,11.004784455977399,10.561870728363813,8.399561675920719,,15.452174170281063,15.008567699685546,14.829336204173757,12.231083899467233,11.525285924979485,10.774073874676107,10.16885168466116,9.676977726270087,9.172505126802534,9.671572676053028,"rgba(239, 83, 80, 0.5)",1.0096693241573804,9.671572676053028,-0.7443750721853941,3,0.5025070800198864,1.5075212400596594,0.0,0.0,0.0,0.0,63.091829816839606,11.539399416345454,True,False,True,False,False,0.0
2025-05-21 00:00:00+00:00,10.67,11.56,10.19,10.32,13713475,14.86048775784115,14.410990274706114,10.996247423962409,10.575540630681747,9.29661186917018,,15.38459047236243,14.9430458737591,14.7638790604939,12.193972686539059,11.50410297095722,10.775695698368553,10.210309082240652,9.7727591441776,9.417666591071429,9.886182518072934,"rgba(38, 166, 154, 0.5)",1.0141959581075632,9.886182518072934,0.7728461897931725,3,0.4999753774626159,1.4999261323878477,0.0,0.0,0.0,0.0,69.4835458052217,14.211428430973669,True,False,True,False,True,10.443070574689916
2025-05-22 00:00:00+00:00,11.41,11.6,10.45,10.49,3662655,14.844781621054578,14.395230139771305,10.998034732269739,10.584031502364015,9.464688917451355,,15.368213165898968,14.927328138701782,14.748255476153739,12.186781424885188,11.501362959489803,10.780648740341075,10.226400855802314,9.80332987075439,9.484533309815987,9.937361269378933,"rgba(38, 166, 154, 1.0)",1.0366910631237432,9.937361269378933,1.420518400326258,4,0.5433377648384907,2.173351059353963,0.0,0.0,0.0,0.0,74.97701452456722,19.13868059795867,True,False,True,False,True,14.502862878692294
2025-05-23 00:00:00+00:00,11.77,12.025,11.152,11.22,2788924,14.834505063358987,14.38515072612225,11.003626052167808,10.595816377598934,9.605542510184614,,15.35728400770224,14.917007480296528,14.738077129322392,12.183966465897512,11.502235912470221,10.789235257410278,10.244648115775682,9.833933935707522,9.54621816561809,9.984848503446248,"rgba(0, 255, 255, 0.75)",1.0690911691376952,9.984848503446248,1.669784156942962,4,0.5317942564184692,2.127177025673877,0.0,0.0,0.0,0.0,79.10891386613966,22.6952249976666,True,False,True,False,True,16.33429141322198
2025-05-27 00:00:00+00:00,12.51,12.62,11.885,11.92,2103484,14.82846563928164,14.379500323315874,11.012216992111929,10.610239460226062,9.732289509852425,,15.350607755884193,14.910899128983532,14.732147700354057,12.184573498074903,11.505948036298552,10.800702951096392,10.264708892893188,9.864867747371877,9.604970809687797,10.0307501000937,"rgba(0, 255, 0, 1.0)",1.1406332206912173,10.0307501000937,2.1735732880056644,3,0.6519862221212459,1.9559586663637378,0.0,0.0,0.0,0.0,82.6420502273711,25.712539309958217,True,False,True,False,True,19.837016429345464
2025-05-28 00:00:00+00:00,12.61,12.7692,12.391,12.51,1568868,14.824433618547245,14.375823524824373,11.01975553749976,10.622386842623472,9.827841038475585,,15.346062039163924,14.9068060331697,14.728207380577212,12.185759311752284,11.50952614739021,10.810528384053748,10.281208771985165,9.889744439395852,9.651095828571487,10.14397214958112,"rgba(0, 255, 0, 1.0)",1.2122141457413413,10.14397214958112,2.0343170050294668,3,0.6300174921052405,1.8900524763157214,1.0,0.0,12.7692,880.0,85.0892731704442,27.790103665939597,True,False,True,False,True,20.0
2025-05-29 00:00:00+00:00,12.23,12.7468,12.135,12.66,1564836,14.820032802531609,14.371722331048378,11.02616239412197,10.63302049660156,9.90990445350499,,15.341183022844746,14.902352427312245,14.72388967141574,12.186296897792422,11.512351498917651,10.819026211889915,10.295892296860778,9.91212866091808,9.692372827223533,10.169857352314462,"rgba(0, 255, 255, 0.75)",1.2633840157178833,10.169857352314462,1.6306543553306858,3,0.614542274677958,1.843626824033874,0.0,0.0,0.0,0.0,83.70328339612072,27.790103665939597,True,False,True,False,True,17.362926583191282
2025-05-30 00:00:00+00:00,12.07,12.28,12.0,12.24,1030728,14.81684306108399,14.368688472451804,11.02955855020528,10.638940980539195,9.955839034833856,,15.33770406737724,14.89913408243967,14.720748354510897,12.18616376277206,11.513654765373124,10.823665353226813,10.304281799763714,9.925153126691468,9.716369916333122,10.183278183176233,"rgba(38, 166, 154, 1.0)",1.3061335279339037,10.183278183176233,1.444509138210595,3,0.6020721898368083,1.806216569510425,0.0,0.0,0.0,0.0,81.57828011901186,27.790103665939597,True,False,True,False,True,16.160825634784125
2025-06-02 00:00:00+00:00,11.49,12.18,11.4,12.1,1634273,14.811004235500185,14.362986627724094,11.032803708649691,10.645549365244255,10.011244450406078,,15.331474726204751,14.89326629959857,14.714969588408154,12.18466412827668,11.514255705892348,10.82854844200466,10.31433198965272,9.941531870161276,9.746866865482419,10.195472857393057,"rgba(38, 166, 154, 0.5)",1.3315424910252311,10.195472857393057,0.9722011511703338,3,0.5963379471781318,1.7890138415343955,0.0,0.0,0.0,0.0,76.27563523707316,34.12417650228646,True,False,True,False,False,11.97372627445068
2025-06-03 00:00:00+00:00,11.59,11.645,11.34,11.51,791073,14.808036760151785,14.36006551555902,11.033971593855469,10.648217771246113,10.034298407574106,,15.328330754916605,14.890287780873976,14.71202812743124,12.183700431772547,11.514273399720828,10.830443438937111,10.318567389050859,9.948613418704815,9.760067979371952,10.200834987154144,"rgba(38, 166, 154, 1.0)",1.3575378480945866,10.200834987154144,1.0232974460311812,3,0.589652391450599,1.768957174351797,0.0,0.0,0.0,0.0,73.05863061211636,31.16045112354233,True,False,True,False,False,12.478942468833086
2025-06-04 00:00:00+00:00,11.7,11.785,11.535,11.54,704484,14.805517802276555,14.357605040684412,11.03531976896308,10.650980230834191,10.05623059348846,,15.325644309992814,14.887756434780716,14.7095349010092,12.183037314999039,11.514506328335449,10.832480912339413,10.322775015896843,9.955455147372588,9.77263447512758,10.207727937923256,"rgba(38, 166, 154, 1.0)",1.384948719251087,10.207727937923256,1.0774926474416264,3,0.5820618734243612,1.7461856202730837,0.0,0.0,0.0,0.0,71.27597678978702,29.47718958207075,True,False,True,False,False,13.036459916250234
2025-06-05 00:00:00+00:00,11.18,11.665,11.125,11.61,1075257,14.801252154112536,14.353369746817766,11.036243739781794,10.653734326692806,10.081591579805243,,15.321159377568401,14.883480651056482,14.705299592470155,12.181335795137995,11.514079984377082,10.83428523341284,10.327495674966173,9.963687316192738,9.788025782523185,10.213549317273436,"rgba(38, 166, 154, 0.5)",1.3949879136679106,10.213549317273436,0.6928021907985044,3,0.577781973182984,1.733345919548952,0.0,0.0,0.0,0.0,66.82114067297127,25.23480075913298,True,False,True,False,False,9.405772343777663
2025-06-06 00:00:00+00:00,11.38,11.5,11.2,11.22,712954,14.798459312039578,14.350601932683498,11.036930950459558,10.655647353347494,10.098335130129287,,15.318218384121451,14.880680365568296,14.702527571718209,12.180259358403612,11.513852481284193,10.835563451815174,10.330715593283756,9.969237012269186,9.798303435065481,10.218243215881198,"rgba(38, 166, 154, 0.5)",1.4087793962816386,10.218243215881198,0.8246548658967949,3,0.5724027587685153,1.7172082763055458,0.0,0.0,0.0,0.0,64.66069343072995,23.168210849878093,True,False,True,False,False,10.450539475787917
2025-06-09 00:00:00+00:00,11.74,11.778,11.43,11.49,990275,14.794913424685593,14.347137108348042,11.03873116543953,10.659371832375813,10.126046244806119,,15.314438726049206,14.877117255994047,14.699017543273325,12.179294627442145,11.514129764473228,10.838302417583787,10.33640266980482,9.978461113503457,9.814961714401408,10.228723036317955,"rgba(38, 166, 154, 1.0)",1.4319690595078016,10.228723036317955,1.0553838112965255,3,0.5652967148751588,1.6958901446254764,0.0,0.0,0.0,0.0,64.57578766555483,22.919239340287362,True,False,True,False,False,12.285260061129843
2025-06-10 00:00:00+00:00,11.66,12.025,11.63,11.75,632898,14.792739352386333,14.345027547514773,11.040105574492298,10.66202995551112,10.144625112999597,,15.312107664841232,14.874930289371152,14.696868278533096,12.178821792006126,11.514466194918072,10.84030587838655,10.34034800946311,9.984731244953544,9.826151691374285,10.236363091972247,"rgba(38, 166, 154, 0.5)",1.4531929058531394,10.236363091972247,0.9796613390374108,3,0.5590817788133139,1.6772453364399418,0.0,0.0,0.0,0.0,63.99429606948944,22.040508285974013,True,False,True,False,False,11.726288787230423
2025-06-11 00:00:00+00:00,11.6,11.85,11.335,11.73,717737,14.790133672679383,14.342475428562661,11.041283098149085,10.664551572334288,10.162959921153524,,15.309336111262072,14.872312907731343,14.694287750123149,12.178054806702784,11.51458532535739,10.842138515088159,10.344247032139746,9.991091255525342,9.837549427025095,10.243459429460417,"rgba(38, 166, 154, 0.5)",1.4527503211136337,10.243459429460417,0.9337740634603339,3,0.5538017773748892,1.6614053321246676,0.0,0.0,0.0,0.0,63.1925422637852,20.875645112059473,True,False,True,False,False,11.30331714092873
2025-06-12 00:00:00+00:00,11.46,11.61,11.415,11.48,431031,14.788521981954952,14.340889348706304,11.041860574627778,10.665897317674075,10.172996182887807,,15.30762890558878,14.870695167332222,14.6926901619201,12.177516334905947,11.514567942032457,10.84308920034541,10.346390653115497,9.994649987075887,9.843938449621206,10.247220036150019,"rgba(38, 166, 154, 0.5)",1.4646247005679591,10.247220036150019,0.8280482797946018,3,0.5493252853686634,1.6479758561059903,0.0,0.0,0.0,0.0,61.666531998250484,19.01122356161011,True,False,True,False,False,10.312657042245352
2025-06-13 00:00:00+00:00,11.02,11.45,10.97,11.35,644515,14.785860409032212,14.338231114719894,11.042059657844288,10.667059462995699,10.183843584087986,,15.304846024642826,14.868029756856073,14.690044383226454,12.176302622941162,11.514080321624228,10.843748776819558,10.348613564794723,9.998711829485925,9.85140424576021,10.255551087884726,"rgba(38, 166, 154, 0.5)",1.4711772940848769,10.255551087884726,0.5196171224154105,3,0.5479123602612803,1.643737080783841,0.0,0.0,0.0,0.0,57.853711012069674,15.077110610771413,False,False,True,False,False,7.283589370916882
2025-06-16 00:00:00+00:00,11.61,11.615,11.11,11.19,756043,14.78299876690245,14.335409479566259,11.042955508683212,10.669259114173803,10.200112450359624,,15.301820200294452,14.865158243952381,14.687206685903785,12.17529399384061,11.51397308486068,10.845277256295313,10.35217435799316,10.004669000641178,9.862045777141489,10.269830300230504,"rgba(38, 166, 154, 0.5)",1.4912135091025696,10.269830300230504,0.8987108094105355,3,0.5428467225771659,1.6285401677314977,0.0,0.0,0.0,0.0,58.20297228266437,15.077110610771413,False,False,True,False,False,10.420922283398035
2025-06-17 00:00:00+00:00,11.26,11.51,11.19,11.43,684822,14.780314017773962,14.332748069751077,11.043512312184342,10.670921515335888,10.213046923821846,,15.298994810886972,14.862466479496698,14.684541653183517,12.174226811160581,11.513700719553292,10.846367882654835,10.355013163858832,10.009558160097642,9.870811385973372,10.274768188158973,"rgba(38, 166, 154, 0.5)",1.505006360167429,10.274768188158973,0.6546363111259024,3,0.5400975970922243,1.6202927912766727,0.0,0.0,0.0,0.0,56.43112795056311,13.175238898116547,False,False,True,False,False,8.09063893819144
2025-06-18 00:00:00+00:00,11.21,11.515,11.19,11.35,434555,14.778605187712289,14.331053306336223,11.043845368151288,10.671947720897284,10.220991560641078,,15.29719728269913,14.86075331092199,14.68284520905075,12.17353914161931,11.513514932893834,10.847035511054179,10.356778045655046,10.01260648296903,9.876262155186884,10.277664292680274,"rgba(38, 166, 154, 0.5)",1.5206901823287016,10.277664292680274,0.613100365974612,3,0.5376416270974839,1.6129248812924515,0.0,0.0,0.0,0.0,54.97150805197299,11.494700050056096,False,False,False,False,False,7.761523061194026
2025-06-20 00:00:00+00:00,11.2,11.36,11.11,11.24,724628,14.775692512536784,14.328155319492598,11.0442257766784,10.67343176451525,10.233006428825101,,15.294142225908118,14.857834711576466,14.679951841745662,12.172287263168291,11.51308481589541,10.847946723148537,10.359454262800345,10.017338636245233,9.884745531789534,10.281030688132065,"rgba(38, 166, 154, 0.5)",1.536014111703281,10.281030688132065,0.5982818158154112,3,0.5361017296175691,1.6083051888527073,0.0,0.0,0.0,0.0,53.93835809788109,10.213030210615152,False,False,False,False,False,7.6946766327076155
2025-06-23 00:00:00+00:00,11.33,11.34,11.02,11.08,821712,14.772401560535888,14.324882641819293,11.044671189143022,10.675125285912072,10.246376587329282,,15.290689063373618,14.854536807152158,14.67668299467389,12.170881591238338,11.512609799640648,10.848992948650112,10.362492368601064,10.022689650044152,9.89428439717557,10.285439552240081,"rgba(38, 166, 154, 0.5)",1.551933557136398,10.285439552240081,0.6730703405159459,2,0.5507714838800206,1.1015429677600412,0.0,0.0,0.0,0.0,54.0063645877004,9.939824206628842,False,False,False,False,False,8.408166782062349
2025-06-24 00:00:00+00:00,11.63,11.745,11.3,11.4,830430,14.769389582560143,14.321932394092483,11.045912803808665,10.677832890560001,10.263919461854158,,15.28748691248318,14.85151136270055,14.673699851350527,12.169959508026002,11.512687206461246,10.850950617441915,10.366695172282684,10.029507351591148,9.906124097851853,10.295605887307739,"rgba(38, 166, 154, 0.5)",1.573841023600489,10.295605887307739,0.847858260575492,2,0.5490911820873823,1.0981823641747646,0.0,0.0,0.0,0.0,55.68637602226862,9.939824206628842,False,False,True,False,False,10.02998931945374
2025-06-25 00:00:00+00:00,11.51,11.55,11.4,11.55,436914,14.767771838616433,14.320342518400183,11.046472621176445,10.679135380930965,10.27246159260057,,15.285772035256498,14.849887222745341,14.672096567967127,12.169418771402663,11.512664050542305,10.851872361791862,10.368762280762027,10.032903090121092,9.912018653196782,10.300023229731654,"rgba(38, 166, 154, 0.5)",1.5930133720731507,10.300023229731654,0.7595521741877659,2,0.5496099851051861,1.0992199702103722,0.0,0.0,0.0,0.0,55.92188593972941,9.939824206628842,False,False,True,False,False,9.193052772173427
2025-06-26 00:00:00+00:00,11.59,11.73,11.45,11.47,858301,14.764698420200977,14.317338157872259,11.047825419481047,10.682007755277583,10.290298388818707,,15.282499232942634,14.846799110662957,14.669053689371756,12.168519397054801,11.512799012767607,10.85396882466458,10.3731742082227,10.039998914615868,9.924222744217582,10.309937487163166,"rgba(38, 166, 154, 0.5)",1.6131683557968803,10.309937487163166,0.7935083205897021,2,0.5468032639995468,1.0936065279990936,0.0,0.0,0.0,0.0,56.54263870239704,9.939824206628842,False,False,True,False,True,9.63075278310265
2025-06-27 00:00:00+00:00,11.39,11.72,11.125,11.54,892472,14.761329776420602,14.314017380303188,11.04876461503805,10.684392491530447,10.305864706982744,,15.278938214297304,14.843418763010726,14.665713145987345,12.16729980689016,11.512615828359063,10.85561103557346,10.377060703213598,10.046467928478362,9.935387310010764,10.317070836822612,"rgba(38, 166, 154, 0.5)",1.6288745022697144,10.317070836822612,0.6586935713477877,2,0.5436403832197902,1.0872807664395805,0.0,0.0,0.0,0.0,55.40286710893903,9.939824206628842,False,True,True,False,True,8.21873599252941
2025-06-30 00:00:00+00:00,11.19,11.47,11.04,11.47,1343045,14.756003969393644,14.308728178695054,11.04947880606742,10.68707914225329,10.324842861494018,,15.273345167367788,14.838080638837155,14.660424197483076,12.165040485960052,11.511856628857624,10.857277432061657,10.381856091462481,10.054831951396553,9.949884233613181,10.323991897151915,"rgba(38, 166, 154, 0.5)",1.6406114878466258,10.323991897151915,0.5278569053449443,2,0.5416450140582307,1.0832900281164615,0.0,0.0,0.0,0.0,53.19993368780288,7.832863369364063,False,True,False,False,False,6.82565908374152
2025-07-01 00:00:00+00:00,11.0,11.355,10.75,11.0,1236700,14.75083875985108,14.303560763937165,11.049427399553888,10.688640085402971,10.337976230163504,11.035000000000002,15.26795648482682,14.832909459537241,14.655287418890584,12.162528899591063,11.510665968003236,10.85799648589161,10.385206984365132,10.061151397075609,9.960930748904442,10.336015854800719,#000000,1.647552943823951,10.336015854800719,0.40301232666804737,2,0.5405553730494204,1.0811107460988407,0.0,0.0,0.0,0.0,50.45488517237378,5.094976085786648,False,True,False,False,False,5.519036744924488
2025-07-02 00:00:00+00:00,11.88,11.985,11.05,11.05,1852472,14.744380386707371,14.297274007376561,11.052542808291857,10.694979780941793,10.373027556880226,11.396798600617467,15.261057125063871,14.826416077751658,14.648897913259264,12.160789532326707,11.511141682238948,10.862697203330333,10.394763708808146,10.076237374180618,9.986124992621962,10.373979218297661,"rgba(38, 166, 154, 0.5)",1.6670075903566155,10.373979218297661,0.9034276690846761,2,0.5343463700068938,1.0686927400137876,0.0,0.0,0.0,0.0,53.864678676225886,5.094976085786648,False,True,False,False,True,10.394679195286496
2025-07-03 00:00:00+00:00,12.06,12.27,11.76,11.76,668270,14.742350092041002,14.295346361315445,11.05440463452308,10.698186999925904,10.388984686514954,11.50941497611052,15.258843038983851,14.824367080075548,14.646898577376977,12.160633162950356,11.511838199619005,10.865228383873387,10.39925014879135,10.082955803807836,9.997139672297573,10.389701062419253,"rgba(38, 166, 154, 0.5)",1.687586933363114,10.389701062419253,0.9897557895000327,2,0.5274604963965688,1.0549209927931376,0.0,0.0,0.0,0.0,56.92923601261549,1.8956048653188589,False,True,True,False,True,11.327253318956775
2025-07-07 00:00:00+00:00,12.57,12.715,11.935,11.95,1606054,14.738158967859217,14.291495097331536,11.060566708211779,10.707994504481466,10.434626554456763,11.778089487403987,15.254153611926132,14.820117106413791,14.642795853780243,12.161338075205144,11.514715811902764,10.873219667512002,10.41239975680588,10.102002158458648,10.027948047079786,10.433284478949094,"rgba(38, 166, 154, 1.0)",1.7160390700943702,10.433284478949094,1.2451438654793574,2,0.5179970821636402,1.0359941643272803,0.0,0.0,0.0,0.0,60.92268287094184,5.534067356337289,False,False,True,False,True,13.878095256565551
2025-07-08 00:00:00+00:00,12.66,12.75,12.46,12.66,977865,14.735850968669858,14.289426561563431,11.064890608175949,10.714665609725433,10.464362126907877,11.908429705126917,15.251522624290397,14.817768418835827,14.640546541047213,12.162142601307895,11.516882235958635,10.878726561515672,10.421182720563644,10.114522507958952,10.047996908856478,10.459509827719472,"rgba(38, 166, 154, 1.0)",1.7448481386720411,10.459509827719472,1.2611356389761599,2,0.5086615898893223,1.0173231797786446,0.0,0.0,0.0,0.0,63.894116445640414,8.161048309030612,False,False,True,False,True,14.315870649877255
2025-07-09 00:00:00+00:00,12.93,13.1,12.58,12.71,1166396,14.733425251390385,14.287330215208373,11.070828348889027,10.723582910517898,10.502724428630662,12.057818097113868,15.248685151487466,14.81528763522081,14.63819738477708,12.16360988588816,11.520028921287032,10.886172364091916,10.432731494801242,10.130747546512522,10.073761850294318,10.492595217968802,"rgba(38, 166, 154, 1.0)",1.777914731586712,10.492595217968802,1.3709345778669146,2,0.49832796972179194,0.9966559394435839,0.0,0.0,0.0,0.0,66.77609562586598,10.722911240528447,True,False,True,False,True,15.61785430557119
2025-07-10 00:00:00+00:00,13.46,13.685,13.0,13.1,1891806,14.730580933359361,14.285165959837887,11.083091637928227,10.741300859004294,10.575309600385397,12.324262895342404,15.245084196029257,14.812332208069554,14.635499181500064,12.167691284707574,11.527024255739516,10.901215620336949,10.455116953262134,10.161501264395385,10.122031182259446,10.555111532888514,"rgba(0, 255, 255, 0.75)",1.8195294610035078,10.555111532888514,1.5965053214963507,2,0.48547750609731877,0.9709550121946375,0.0,0.0,0.0,0.0,70.18144390957312,13.790321560791782,True,False,True,False,True,18.064653910318643
2025-07-11 00:00:00+00:00,14.0,14.275,13.64,13.74,1828421,14.729040691130411,14.28444356292184,11.09783168374342,10.761978794519088,10.656102282395318,12.592534354490233,15.24271483771248,14.810660562054608,14.634124318962094,12.173514562771604,11.535870397008827,10.919001039676084,10.480728893371147,10.196022168333384,10.175568343411813,10.623600319180678,"rgba(0, 255, 255, 0.75)",1.8761439561356688,10.623600319180678,1.7996485129924464,2,0.47025094915590737,0.9405018983118147,0.0,0.0,0.0,0.0,73.63096227576882,16.89523209821246,True,False,True,False,True,20.0
2025-07-14 00:00:00+00:00,13.77,13.95,13.54,13.84,1198307,14.72774461501196,14.283642695721543,11.106682914396186,10.774475546127945,10.703647375125682,12.70447391408533,15.240900874359166,14.809284440565602,14.63293039567276,12.176849735063392,11.541116756749071,10.929720157067651,10.496275766211323,10.217020313113977,10.207882962129842,10.660824011494523,"rgba(0, 255, 255, 0.75)",1.9209962036440018,10.660824011494523,1.618522713687605,2,0.4583607536440435,0.916721507288087,0.0,0.0,0.0,0.0,74.12672941250068,17.29747793072167,True,False,True,False,True,18.730069895720355
2025-07-15 00:00:00+00:00,13.87,14.129,13.85,13.85,1280117,14.726642061281947,14.283105572804645,11.116770085129902,10.788582940791681,10.756019547689005,12.820769329401742,15.239223057864608,14.808090917251182,14.631942422684846,12.18083886450761,11.547188908847906,10.941871884859776,10.51371303229303,10.240410166823375,10.243641288489071,10.701484851840425,"rgba(0, 255, 255, 0.75)",1.9635616380207057,10.701484851840425,1.6136570845585865,2,0.4469244913254448,0.8938489826508896,0.0,0.0,0.0,0.0,74.71550526344491,17.961945207315367,True,False,True,False,True,19.164575988088824
2025-07-16 00:00:00+00:00,13.82,14.0986,13.75,13.97,691419,14.726001857988521,14.28276398890081,11.122073650683511,10.796006675644977,10.783090559958469,12.872094000745157,15.238276471314457,14.807402585209308,14.631363057252889,12.18291302707182,11.550374121399447,10.948264303018473,10.522894683776483,10.252719185001471,10.262363538282173,10.721916161676978,"rgba(0, 255, 255, 0.75)",2.001267229163255,10.721916161676978,1.54806104511008,2,0.4366059734616544,0.8732119469233088,0.0,0.0,0.0,0.0,74.68205772277442,18.16587275207138,True,False,True,False,True,18.79505139376905
2025-07-17 00:00:00+00:00,14.12,14.13,13.744,13.75,793809,14.725363209228927,14.282480523415508,11.128375310592968,10.804783364967058,10.814664588358742,12.930925999837454,15.237278610311071,14.806706828475537,14.63079610327864,12.185439098893939,11.554189432099795,10.955838638378776,10.533712264592758,10.26716743868153,10.284258320561618,10.745719500870827,"rgba(0, 255, 255, 0.75)",2.04129673500954,10.745719500870827,1.6530083261576387,2,0.42560083508047214,0.8512016701609443,0.0,0.0,0.0,0.0,75.50605974150002,19.267056883302246,True,False,True,False,True,20.0
2025-07-18 00:00:00+00:00,14.02,14.37,13.97,14.16,1031697,14.724673784471912,14.282270585407955,11.136870741698136,10.81655167145906,10.85632317657985,13.006543265336825,15.236111544638465,14.805940499184993,14.630202530694879,12.188931965328115,11.559377034227373,10.966019335156037,10.548163000309302,10.286388405606795,10.313256172407735,10.777055552868516,"rgba(0, 255, 255, 0.75)",2.0709618429500822,10.777055552868516,1.5659122152206888,1,0.4114155313135574,0.4114155313135574,0.0,0.0,0.0,0.0,75.14560951670703,19.267056883302246,True,False,True,False,True,19.360714190809553
2025-07-21 00:00:00+00:00,14.16,14.55,14.06,14.21,1274228,14.724016417555543,14.282229791184207,11.147774568361964,10.831568218917397,10.908442469895508,13.09758122436607,15.23484957514277,14.805184485292648,14.62966718948666,12.193532644933635,11.56609567624864,10.979044186809748,10.566527645068103,10.310701671547816,10.349735532174861,10.816117052165753,"rgba(0, 255, 255, 0.75)",2.1017749855991563,10.816117052165753,1.5909804668652487,1,0.4021972521836718,0.4021972521836718,0.0,0.0,0.0,0.0,75.34574623174646,19.822963772821723,True,False,True,False,True,19.98297104412867
2025-07-22 00:00:00+00:00,14.63,14.81,13.76,14.34,1608128,14.723443058481825,14.282466126569915,11.162056779563224,10.851118907169498,10.974701881369738,13.207205959743195,15.233494245511556,14.804481876786214,14.629252535365586,12.19971110650351,11.574976422582312,10.996048078596946,10.590336794036961,10.342063478227596,10.396475794770625,10.865512119609116,"rgba(0, 255, 255, 0.75)",2.142497263130752,10.865512119609116,1.7570560976539955,1,0.39152565837064474,0.39152565837064474,0.0,0.0,0.0,0.0,76.77448403604876,21.55026231793508,True,False,True,False,True,20.0
2025-07-23 00:00:00+00:00,15.24,15.425,14.835,14.86,1827693,14.724332654117559,14.284478169913806,11.18194497769576,10.877824813363702,11.063205561127244,13.378286419547496,15.233371169195836,14.805194267700543,14.630353031454744,12.209123424279142,11.587723239545722,11.019476200978524,10.62241400802694,10.38375305154733,10.45823008380263,11.148020360555066,"rgba(0, 255, 255, 0.75)",2.182961662884133,11.148020360555066,1.8745082467635292,1,0.3790763969265345,0.3790763969265345,0.0,0.0,0.0,0.0,78.99085794467493,23.934389518575458,True,False,True,False,True,20.0
2025-07-24 00:00:00+00:00,14.73,15.28,14.66,15.18,1079692,14.724528849454142,14.285291055800734,11.192791880677412,10.89243861366495,11.110345867158616,13.452432586462027,15.232997998973241,14.805292692757577,14.630666745719221,12.214138134766843,11.594632052306732,11.032277811012836,10.640012021911412,10.406638857390403,10.4918654772948,11.17730468164641,"rgba(0, 255, 255, 0.75)",2.2076918197908437,11.17730468164641,1.6092351688335613,1,0.3699628504877081,0.3699628504877081,0.0,0.0,0.0,0.0,76.40356669695481,23.934389518575458,True,False,True,False,False,20.0
2025-07-25 00:00:00+00:00,14.34,14.845,14.27,14.84,1172302,14.724221246050682,14.285581728570266,11.203215278107821,10.906590454868281,11.154886453282115,13.504641394463476,15.232116400059203,14.804889585896015,14.630475900323827,12.218740893701481,11.601182896802136,11.044632712398581,10.657150641362287,10.429004854794599,10.524502361364066,11.20030946062771,"rgba(38, 166, 154, 1.0)",2.2136566870064023,11.20030946062771,1.418327673754232,1,0.36304708183067486,0.36304708183067486,0.0,0.0,0.0,0.0,72.07892102283658,27.28641047553137,True,False,True,False,False,17.907332401666824
2025-07-28 00:00:00+00:00,13.7,14.4,13.575,14.3,1635948,14.722731890437112,14.284783259317638,11.215041324822755,10.922910197728845,11.204382469627209,13.530149833095127,15.229915312028488,14.80328848809333,14.62912758872871,12.223459432190827,11.608404438763229,11.05877882197025,10.67714590221366,10.455303395334152,10.562474374058093,11.218534908428579,"rgba(38, 166, 154, 1.0)",2.1928252129193164,11.218534908428579,1.131629222863521,1,0.3585092491521436,0.3585092491521436,0.0,0.0,0.0,0.0,65.70643965845142,21.43390439322546,False,False,True,False,False,13.6095035265609
2025-07-29 00:00:00+00:00,13.05,13.75,12.95,13.75,1113676,14.720940582755171,14.2833573381918,11.221116849691724,10.931538931332856,11.229261293802082,13.51811990652786,15.227704572062672,14.801436814141942,14.627416342312774,12.22542669884299,11.611920262743585,11.06616557271593,10.687927881243445,10.469678333321747,10.582949187993782,11.222175941743554,"rgba(38, 166, 154, 0.5)",2.1780438616022617,11.222175941743554,0.8392044303973848,1,0.35563313590819534,0.35563313590819534,0.0,0.0,0.0,0.0,58.709887667333604,15.222396104623229,False,True,True,False,False,9.555819098066298
2025-07-30 00:00:00+00:00,12.75,13.1,12.69,13.1,1116193,14.718658502667065,14.281375854862322,11.225966509966588,10.93862982720198,11.248739228352,13.490414237274738,15.22504291535159,14.799104054768833,14.625204512791617,12.226617648958921,11.614565032818755,11.07216106758958,10.696956962779598,10.481869510442301,10.60010323003639,11.221673949771661,"rgba(38, 166, 154, 0.5)",2.152026281697634,11.221673949771661,0.7101800118457257,1,0.35353472778163414,0.35353472778163414,0.0,0.0,0.0,0.0,52.95375485255605,10.310207250121586,False,True,False,False,False,7.772465962314261
2025-07-31 00:00:00+00:00,10.95,12.6,10.885,12.3,5725175,14.698547577099065,14.261685894423742,11.22977013186248,10.94868842936912,11.262096077283324,13.13895628167628,15.203682867039895,14.778901216551443,14.605283144765314,12.21933145444867,11.61308458726786,11.07905720034611,10.71336795101407,10.507411362852919,10.632961266787383,11.177351754202935,#000000,2.1178817141085053,11.177351754202935,-0.10734865535143262,1,0.3535507651058352,0.3535507651058352,0.0,0.0,0.0,0.0,44.61465955537372,3.0477628557414533,False,True,False,True,False,0.0
2025-08-01 00:00:00+00:00,11.27,11.58,11.01,11.34,2175395,14.690520383968938,14.253766414466002,11.230094113366906,10.951065027902198,11.26262746640113,13.023669920669432,15.195216108597924,14.770846996717355,14.597319658857618,12.215893459755236,11.611742292086054,11.080387958423081,10.717906872896444,10.514927775276167,10.642124193075418,11.155670149474807,#000000,2.084722480288454,11.155670149474807,0.054841760285222106,2,0.22808541975831276,0.4561708395166255,0.0,0.0,0.0,0.0,40.49437189843034,-0.2157461278542243,False,True,False,True,False,0.0
2025-08-04 00:00:00+00:00,11.42,11.6,11.34,11.39,998778,14.687027375680586,14.2503479390349,11.23067621902198,10.952681372111014,11.264502464856745,12.980042826545136,15.191506295456797,14.767337829936478,14.593859632343735,12.214605061391914,11.611443777581488,11.081482297220012,10.720570454711554,10.519065229469177,10.647311355485144,11.150330380098215,#000000,2.0502141571285453,11.150330380098215,0.1315324152670347,2,0.2281426750244866,0.4562853500489732,0.0,0.0,0.0,0.0,38.42419503205031,-1.7764753425921072,False,True,False,True,False,0.5886621147798614
2025-08-05 00:00:00+00:00,11.34,11.475,11.01,11.42,1562049,14.681279098033155,14.244678470104994,11.230856241326336,10.954295466258417,11.264661437611059,12.909043718188128,15.185442933488499,14.761569961323127,14.5881571165687,12.212128774092456,11.610455120208865,11.082366322069245,10.723693266227329,10.52424211088951,10.653526416112422,11.138878013392537,#000000,2.012935197195461,11.138878013392537,0.09991478458306947,2,0.2283206080643274,0.4566412161286548,0.0,0.0,0.0,0.0,36.84664771833205,-3.1409808894533953,False,True,False,True,False,0.19467386321553448
2025-08-06 00:00:00+00:00,11.3,11.625,11.28,11.32,1566644,14.675746995421868,14.239255592941339,11.231549210733869,10.95653115513549,11.266711190652568,12.848614611171758,15.179576934666411,14.75601369865115,14.582675380318499,12.20999220152686,11.609841587975259,11.08382256421861,10.727501655056692,10.530227558148118,10.660882865328905,11.131968922183749,#000000,1.9789675805037596,11.131968922183749,0.0849084540199889,2,0.22879057927394725,0.4575811585478945,0.0,0.0,0.0,0.0,35.6892436708349,-4.332110355792189,False,True,False,True,False,0.0
2025-08-07 00:00:00+00:00,11.44,11.535,11.2,11.32,1027041,14.67211939913316,14.235699254091315,11.231973930342493,10.95795205951801,11.26792485426284,12.811305106016457,15.175731083218796,14.75237032535063,14.579080690221538,12.208580383954432,11.609422102070429,11.084740233014587,10.729938487779306,10.534062784700724,10.665563460030247,11.127880453833068,#000000,1.947031901440098,11.127880453833068,0.16030530672665194,2,0.22929125187896093,0.45858250375792187,0.0,0.0,0.0,0.0,35.69428178719599,-4.627257436523607,False,True,False,True,False,0.6990444455062637
2025-08-08 00:00:00+00:00,11.21,11.39,11.03,11.39,1053680,14.668200389884099,14.231827422560093,11.231914293853448,10.958793632772068,11.267353345688903,12.7703122729556,15.171604554230983,14.748439031047914,14.575191455107488,12.206816018913266,11.608635763174176,11.085122143443327,10.731738750442691,10.537136152869618,10.669117611404783,11.121569176092937,#000000,1.9169224302521533,11.121569176092937,0.04613166527319099,2,0.2300357061080389,0.4600714122160778,0.0,0.0,0.0,0.0,34.99021702985864,-5.749958205849325,False,True,False,True,False,0.0
2025-08-11 00:00:00+00:00,11.07,11.34,10.98,11.34,899483,14.664784676404734,14.228442736511717,11.231678724582997,10.959280238023133,11.266206146766452,12.735232560187804,15.168017697088795,14.745014226200176,14.57179971472038,12.205194296240775,11.607832722069812,11.085238646508424,10.7330096264608,10.539428418792761,10.671671779509266,11.115691048242734,#000000,1.8888521038637427,11.115691048242734,-0.024189849564860373,2,0.23100490824094264,0.46200981648188527,0.0,0.0,0.0,0.0,34.09238137249571,-7.120911032432048,False,True,False,True,False,0.0
2025-08-12 00:00:00+00:00,11.44,11.44,10.94,11.05,1258300,14.660210744212675,14.223938687340397,11.231812981231625,10.960523973023168,11.266288458922974,12.692767097260102,15.16318838894408,14.740423610293897,14.5672632782143,12.203235165491337,11.607049470858279,11.085919257077531,10.735410924167887,10.54337661183843,10.67630037161183,11.110377791235928,#000000,1.8588076484332878,11.110377791235928,0.1773299184785991,2,0.23182555878902503,0.46365111757805005,0.0,0.0,0.0,0.0,35.753557448900374,-7.120911032432048,False,True,False,True,False,0.7250511027536142
2025-08-13 00:00:00+00:00,11.37,11.53,11.29,11.49,1282305,14.655731504848875,14.219554084545384,11.232352683700139,10.9622770916773,11.267805077856634,12.655502647478022,15.158434907258027,14.73592386255346,14.56282573450568,12.201510792467824,11.606548643514603,11.087060921090243,10.738392227149742,10.548029128749953,10.681903952910282,11.107401177355705,#000000,1.8284644963505932,11.107401177355705,0.14361712965628368,3,0.2057022871313164,0.6171068613939492,0.0,0.0,0.0,0.0,36.595126356824096,-7.120911032432048,False,True,False,True,False,0.360615161316737
2025-08-14 00:00:00+00:00,11.13,11.24,10.97,11.24,847574,14.652520768519242,14.216373284869817,11.232095690966151,10.962677363799981,11.266626440008741,12.626742006094625,15.155063393445722,14.732704477850033,14.559637563880468,12.199975246908293,11.605773793204916,11.087124566000751,10.739506249006354,10.55005913523219,10.684110844761355,11.102822256527569,#000000,1.7930179902928265,11.102822256527569,0.015157540872188093,3,0.20678781228606133,0.620363436858184,0.0,0.0,0.0,0.0,36.24410274371766,-7.120911032432048,False,True,False,True,False,0.0
2025-08-15 00:00:00+00:00,11.34,11.46,11.08,11.13,1440030,14.647355806298917,14.211296628820929,11.232319524586623,10.964159322573563,11.266968226412384,12.58578988727671,15.149602587101576,14.72751920826736,14.554516555616537,12.197806780412252,11.604942058572785,11.087969807779748,10.742287959506482,10.554566436115573,10.68935992325121,11.098559047700569,#000000,1.751673053536732,11.098559047700569,0.13783448447297145,3,0.20753547272530123,0.6226064181759037,0.0,0.0,0.0,0.0,37.39319429105343,-7.120911032432048,False,True,False,True,False,0.2183574564608577
2025-08-18 00:00:00+00:00,11.31,11.51,11.13,11.22,1139807,14.643307264985966,14.20732289095602,11.232562847135286,10.965405413635182,11.267466602117617,12.555670540731422,15.145317295490033,14.72345386629548,14.55050348571356,12.19614183390249,11.604335921642164,11.088709391030658,10.74456239023026,10.558206925814572,10.693609005726644,11.095809449746854,#000000,1.7134532646355722,11.095809449746854,0.12500518962138243,3,0.20843869391958234,0.625316081758747,0.0,0.0,0.0,0.0,38.026760435809884,-7.120911032432048,False,True,False,True,True,0.05895170660113891
2025-08-19 00:00:00+00:00,11.22,11.51,11.14,11.43,815261,14.640394363807198,14.204461153551465,11.232681117258364,10.966224050963593,11.267627075207317,12.534544527758818,15.142236753450213,14.720529305723758,14.547615565482102,12.19491882313117,11.603863891342865,11.089173919491225,10.746102871757358,10.560698764993901,10.6964845007281,11.093761214575526,#000000,1.6702097618709029,11.093761214575526,0.0755825934600376,3,0.20953877157597053,0.6286163147279116,0.0,0.0,0.0,0.0,38.030130490546576,-7.120911032432048,False,True,False,True,True,0.0
2025-08-20 00:00:00+00:00,11.18,11.215,10.955,11.11,1166465,14.636020247286433,14.200133429145556,11.232340323482013,10.966764969502579,11.26610438761217,12.501472501798009,15.1376397669749,14.716142547317121,14.543273065843948,12.192840602673797,11.602819354894436,11.089264399026723,10.7475942850391,10.563394304716192,10.699363280838936,11.088916419526495,#000000,1.6266198523761943,11.088916419526495,0.055995615902786754,3,0.21070398393312187,0.6321119517993656,0.0,0.0,0.0,0.0,37.837135801597064,-7.120911032432048,False,True,False,True,True,0.0
2025-08-21 00:00:00+00:00,11.11,11.11,11.0,11.0,941283,14.632455084575458,14.19660103690168,11.231964299072041,10.967073273778816,11.26454800111807,12.475088381973425,15.133897965306925,14.712567893095947,14.53973266336356,12.1911021144272,11.601904881491745,11.08922220278963,10.748648781556513,10.565381620808422,10.701419463798219,11.084829077690364,#000000,1.5842552801846677,11.084829077690364,0.015888173215810195,3,0.21211442245985954,0.6363432673795786,0.0,0.0,0.0,0.0,37.34907407374119,-7.651103912866951,False,True,False,True,True,0.0
2025-08-22 00:00:00+00:00,11.61,11.715,11.015,11.03,1326599,14.627968395144086,14.192229645773478,11.23267749862495,10.969020770573513,11.266596971639835,12.448990832361623,15.129119911772431,14.708057442802286,14.535291310416696,12.18947640889965,11.601527935748104,11.090551550995992,10.751818965064155,10.570195616786144,10.707149961851288,11.084422463455422,#000000,1.5331792558702442,11.084422463455422,0.3428024052192488,3,0.21382385000322102,0.641471550009663,0.0,0.0,0.0,0.0,40.936210351474855,-7.651103912866951,False,True,False,True,True,1.7376438659541016
2025-08-25 00:00:00+00:00,11.79,11.91,11.4015,11.51,1079595,14.624617004715818,14.189010371407617,11.233938757069138,10.97143008751836,11.270533712742633,12.4338461998903,15.125508030858812,14.704680963094745,14.53198258144814,12.188608942222853,11.601723125352349,11.09239203509444,10.755312435319553,10.575198030429645,10.713327370320693,11.086905525910064,#000000,1.4814355711105207,11.086905525910064,0.4746034777353688,3,0.2154329359826006,0.6462988079478018,0.0,0.0,0.0,0.0,44.50515357563364,-10.392806273306846,False,True,False,True,True,2.7034714131493693
2025-08-26 00:00:00+00:00,12.17,12.94,12.085,12.47,2129728,14.619600550036822,14.184458058242203,11.2400987862714,10.980641728012651,11.290364277416773,12.432483113319304,15.119852300168523,14.69958439898133,14.52708109753082,12.189340350506257,11.604810340146429,11.100119701742567,10.76716192664361,10.5909774542378,10.733748195868092,11.105909525775127,"rgba(38, 166, 154, 0.5)",1.4373274373511291,11.105909525775127,0.7403257229861974,3,0.2167569504460308,0.6502708513380924,0.0,0.0,0.0,0.0,49.084878990980165,-6.096428486030803,False,True,False,False,True,4.699926307388232
2025-08-27 00:00:00+00:00,14.14,14.32,13.38,13.5,10583748,14.61214863262708,14.181491355914973,11.309432838772617,11.072839093576103,11.50382311535087,12.675039566995174,15.10788475965098,14.691405924152447,14.520529786477749,12.219277908445195,11.649060207477964,11.181434879207849,10.877173564793708,10.72935961293608,10.916258873391572,11.321445944320198,"rgba(0, 255, 255, 0.75)",1.420129317801544,11.321445944320198,1.9847164764143554,3,0.2170541488913841,0.6511624466741524,0.0,0.0,0.0,0.0,58.23047071280982,2.23418661384774,False,False,True,False,True,13.660554505739356
2025-08-28 00:00:00+00:00,13.18,14.31,13.08,14.31,2303009,14.609531288892518,14.179709441861212,11.321705189942397,11.08930273472613,11.53852957749247,12.703612601981934,15.10437532048684,14.688651533918483,14.518086572385878,12.224094160522567,11.656734860963631,11.195902138191459,10.896947532526182,10.754207938933492,10.94809079480843,11.353953211380224,"rgba(38, 166, 154, 1.0)",1.3899418355839586,11.353953211380224,1.3137576996900704,3,0.2186210527785869,0.6558631583357607,0.0,0.0,0.0,0.0,59.480018981138464,2.9802133195430045,False,False,True,False,True,8.376065421993854
2025-08-29 00:00:00+00:00,12.98,13.39,12.81,13.16,1207277,14.607581124317244,14.178122513734783,11.326741868267218,11.09621907789835,11.55211409022938,12.70979621390754,15.102004496211556,14.686640781569531,14.516216243581319,12.225709418118,11.659740561427553,11.201919332727618,10.905387837855821,10.764907998868901,10.961522311824712,11.3660492542387,"rgba(38, 166, 154, 1.0)",1.3587879866973318,11.3660492542387,1.1877870290008725,3,0.22113681516625863,0.6634104454987759,0.0,0.0,0.0,0.0,59.45083257073483,2.9802133195430045,False,False,True,False,True,7.33283956478472
2025-09-02 00:00:00+00:00,13.1,13.15,12.83,12.86,778144,14.60629973772109,14.17707162748592,11.329910656551613,11.10057606604011,11.560551355944769,12.713300703355282,15.100454409171535,14.685320886774354,14.514985737555559,12.226705755088151,11.661625099365354,11.205707930459782,10.910709545503746,10.77165278737549,10.969953264426763,11.373514595318692,"rgba(38, 166, 154, 1.0)",1.3244894579891975,11.373514595318692,1.3035101142310404,3,0.22480685739863068,0.674420572195892,0.0,0.0,0.0,0.0,59.79422061796572,3.1604331173189593,True,False,True,False,True,7.847268988051756
2025-09-03 00:00:00+00:00,13.15,13.4093,13.005,13.11,1899712,14.603498961109699,14.17487299081879,11.338328664905971,11.11201541214815,11.582973570450928,12.72578345251346,15.096973663739991,14.682420142498515,14.512315099023345,12.229616534723375,11.666745665929465,11.215705566406635,10.924572849801159,10.789118118897553,10.991842833793331,11.393673741963152,"rgba(38, 166, 154, 1.0)",1.2860892883691437,11.393673741963152,1.3656332215191682,3,0.22679402608474733,0.680382078254242,0.0,0.0,0.0,0.0,60.183027900134554,3.7272005262540873,True,False,True,False,True,8.063626863305963
2025-09-04 00:00:00+00:00,13.12,13.175,12.82,13.06,687338,14.602381393636456,14.17395953483071,11.341110560498887,11.115827124124058,11.590191922955984,12.728728487878135,15.095618845494155,14.681268476420206,14.511242493234258,12.230501469734747,11.668408342303081,11.219025249332637,10.929218132516196,10.794984616503193,10.999123839619893,11.400037170368076,"rgba(38, 166, 154, 1.0)",1.244756541194718,11.400037170368076,1.3817664520815467,3,0.22958309546866573,0.6887492864059972,0.0,0.0,0.0,0.0,60.28075162166183,4.119692563849583,True,False,True,False,True,7.900099943264639
2025-09-05 00:00:00+00:00,13.39,13.54,13.145,13.15,648028,14.60154447784536,14.173341961325807,11.344217969869982,11.120002924440628,11.5984215855484,12.73427246645083,15.09454157245891,14.680395350111107,14.51045205366033,12.231663814261392,11.670337549742305,11.222692581419606,10.934240737202606,10.801272613743725,11.007010937718269,11.407524534079885,"rgba(0, 255, 255, 0.75)",1.1987033986095255,11.407524534079885,1.653849874973035,3,0.2319185285250276,0.6957555855750828,0.0,0.0,0.0,0.0,61.30679619234694,5.436074169186426,True,False,True,False,True,9.09171184572946
2025-09-08 00:00:00+00:00,15.1,15.3965,13.87,14.03,4101169,14.60233848667903,14.17627729318414,11.377475180509038,11.162735540013228,11.68971043386333,12.842723743130335,15.093346553931468,14.680846399010974,14.511654725630587,12.248234500861363,11.69270642501887,11.260966504834895,10.984029015259638,10.862231277062524,11.085367075669808,11.685360852401105,"rgba(0, 255, 0, 1.0)",1.1849130427668964,11.685360852401105,2.8817634917962867,3,0.23108087574977942,0.6932426272493383,0.0,0.0,0.0,0.0,66.10588522787307,10.199937670903552,True,False,True,False,True,15.877103667988504
2025-09-09 00:00:00+00:00,14.89,15.11,14.43,14.91,1417778,14.602642388950564,14.177320378069341,11.388893763547863,11.177362513231516,11.720273128993878,12.877979333516434,15.092964170109882,14.681031848328272,14.51209964237845,12.253960471508352,11.700417264639881,11.274085688199479,11.001037120355198,10.882984773670438,11.111855512809306,11.713810457900548,"rgba(0, 255, 0, 1.0)",1.2089197471110888,11.713810457900548,2.6272956080744616,3,0.23105154418496507,0.6931546325548952,0.0,0.0,0.0,0.0,68.20674607508211,12.265318703393618,True,False,True,False,True,14.71960799738126
2025-09-10 00:00:00+00:00,14.59,14.99,14.515,14.96,612987,14.602702897549596,14.177690890671247,11.393646807489302,11.183457044179328,11.732831634455973,12.891975511496783,15.092734045907449,14.681042582674495,14.512219642295067,12.25632041027273,11.703620008829724,11.279549696518503,11.008129755431057,10.891637059036897,11.122849385938377,11.72482877324693,"rgba(0, 255, 0, 1.0)",1.2326639283927079,11.72482877324693,2.3243733841461696,3,0.2320465984747783,0.6961397954243349,0.0,0.0,0.0,0.0,68.06192258627942,12.265318703393618,True,False,True,False,True,13.084153122923698
2025-09-11 00:00:00+00:00,14.63,14.7282,14.44,14.62,507903,14.602701167958696,14.17793922750181,11.397457118872369,11.188349146914017,11.742812805189018,12.902784042319594,15.09249579635585,14.68100063428745,14.51226616222482,12.25819325839743,11.7061810325413,11.28393319019705,11.013828920285963,10.898590868960797,11.131657014419126,11.733212688560318,"rgba(0, 255, 0, 1.0)",1.2585495297838303,11.733212688560318,2.301687174709157,3,0.23273943502473857,0.6982183050742157,0.0,0.0,0.0,0.0,68.06531662751524,12.50253317647929,True,False,True,False,True,13.237328842602949
2025-09-12 00:00:00+00:00,14.04,14.6,14.04,14.6,709774,14.602426190183312,14.177979294222398,11.402148643964049,11.194417755347747,11.754840335039267,12.91439288484316,15.091911854635407,14.680674646502876,14.51205335154518,12.260389598251706,11.709292284287017,11.289353093071966,11.020938258355827,10.907290615917221,11.142575864302914,11.741370165307165,"rgba(0, 255, 255, 0.75)",1.2729242350227639,11.741370165307165,1.805786842177396,3,0.23441269279591204,0.7032380783877361,0.0,0.0,0.0,0.0,65.09166191088144,12.50253317647929,True,False,True,False,False,10.06973748611033
2025-09-15 00:00:00+00:00,14.26,14.26,13.98,14.1,518940,14.602193337247988,14.177972497340132,11.405496287407212,11.198751910385619,11.76334894572446,12.92237026601085,15.091455841754112,14.68040514246718,14.511865289091732,12.261943411911263,11.711508068887104,11.293222464348633,11.026019345042192,10.913508114619134,11.150356015126283,11.7471480317989,"rgba(0, 255, 255, 0.75)",1.290646768516181,11.7471480317989,1.946971107431704,3,0.23562465691552648,0.7068739707465794,0.0,0.0,0.0,0.0,63.80442789371261,12.50253317647929,True,False,True,False,False,10.944674188075371
2025-09-16 00:00:00+00:00,14.13,14.22,13.96,14.12,404030,14.601985879654064,14.17793759887045,11.408037392887305,11.202045780778805,11.769758543999213,12.9281986100633,15.09107682281004,14.680169667640502,14.511692173998147,12.263111241884275,11.713186012450102,11.296161593417741,11.029884419322348,10.918238538533071,11.156259123097984,11.751434336988646,"rgba(0, 255, 255, 0.75)",1.3052876801410893,11.751434336988646,1.8222539745064121,3,0.2369789858387641,0.7109369575162923,0.0,0.0,0.0,0.0,62.29079106966278,17.578633846867262,True,False,True,False,False,10.252000563587284
2025-09-17 00:00:00+00:00,14.01,14.35,13.96,14.17,513126,14.60172441263335,14.177895302349148,11.4112617371446,11.206223101096223,11.777859974276646,12.935539073598077,15.090597503302794,14.679872613423699,14.511474318752073,12.26459495793735,11.715316610192552,11.299889915998705,11.034784474803377,10.924232349341539,11.163730692532493,11.757034252943821,"rgba(0, 255, 255, 0.75)",1.316776407788462,11.757034252943821,1.7109706201678194,3,0.23883521041856223,0.7165056312556867,0.0,0.0,0.0,0.0,60.65785330217207,15.8699958322414,True,False,True,False,False,9.609695080526329
2025-09-18 00:00:00+00:00,13.85,14.11,13.85,14.07,567563,14.601336326920984,14.177737058754474,11.414594816754967,11.210559620385602,11.786106323986617,12.942389274205365,15.089976369708134,14.679447063501714,14.511132544029282,12.266082102254666,11.717501608984769,11.303753192118315,11.039887288484088,10.93048309676291,11.171476112067259,11.76220800291383,"rgba(0, 255, 255, 0.75)",1.3210289737737497,11.76220800291383,1.580428619307287,3,0.24107732935907422,0.7232319880772227,0.0,0.0,0.0,0.0,58.72237212113,13.898453396607046,False,False,True,False,False,8.751194249793151
2025-09-19 00:00:00+00:00,13.69,13.835,13.61,13.77,534015,14.600848126581136,14.177449570435268,11.41744379837828,11.214291531074828,11.793002151924544,12.947310226648264,15.089278665187123,14.678925960432593,14.510685537552623,12.26729080030349,11.719345490156547,11.307068045797905,11.04430047169377,10.935902311234619,11.178134527724918,11.765834377449927,"rgba(38, 166, 154, 1.0)",1.3235214017540768,11.765834377449927,1.4538228244741305,3,0.24427279514315056,0.7328183854294517,0.0,0.0,0.0,0.0,56.58308548446091,11.768618072985817,False,False,True,False,False,7.892947638429902
2025-09-22 00:00:00+00:00,13.69,13.96,13.585,13.69,560055,14.600355867928355,14.177169994026427,11.420467423380465,11.218245554366488,11.800306101359894,12.9526260873236,15.08856538402832,14.678398862515387,14.510236805640025,12.268585472588837,11.721307917031824,11.310582806123167,11.048970861912178,10.94163111775439,11.185171610831093,11.770057493778705,"rgba(38, 166, 154, 1.0)",1.3264413272341786,11.770057493778705,1.4474386969114208,3,0.24827359619182102,0.7448207885754631,0.0,0.0,0.0,0.0,55.15689439334818,10.323797079401146,False,False,True,False,False,7.892947638429902
2025-09-23 00:00:00+00:00,13.6,13.84,13.5009,13.7,442666,14.599922641463195,14.176899204959481,11.422751181471167,11.221241157302561,11.805751484697103,12.956264199287391,15.08796104697757,14.677938954126363,14.509837111672521,12.269539333514034,11.722781316466408,11.31324211766076,11.052517097796938,10.945984877464127,11.190494493681086,11.773029093831427,"rgba(38, 166, 154, 1.0)",1.3217354821161675,11.773029093831427,1.3822515404092024,3,0.2522469600503981,0.7567408801511943,0.0,0.0,0.0,0.0,53.67198286239652,8.806165669144022,False,False,False,False,False,7.39839761097198
2025-09-24 00:00:00+00:00,13.52,13.63,13.39,13.45,518310,14.599344821434197,14.176502628885514,11.42525894703746,11.224546567441399,11.811626911801428,12.959660997585427,15.087188521119225,14.677331244283671,14.509297181159939,12.27054632510855,11.724384017915407,11.31617031756458,11.056443802351822,10.950813507955566,11.196360322831715,11.775885015248775,"rgba(38, 166, 154, 1.0)",1.318209637595182,11.775885015248775,1.3230937894924089,3,0.25717253116433936,0.7715175934930181,0.0,0.0,0.0,0.0,52.19051606494948,7.2828161106680085,False,False,False,False,False,6.954902347347939
2025-09-25 00:00:00+00:00,13.29,13.52,13.23,13.48,452528,14.598763493827535,14.176069852022302,11.427269152703184,11.227215100828552,11.816224506696317,12.9617104032008,15.086443301128346,14.67672528417038,14.508747449045147,12.271306453965769,11.725650820136256,11.31852706882279,11.059630039017721,10.95474124728244,11.201090855683784,11.777694807736513,"rgba(38, 166, 154, 1.0)",1.3162930066210374,11.777694807736513,1.1489122745896965,3,0.2627270536062949,0.7881811608188847,0.0,0.0,0.0,0.0,49.82075064287885,4.939993110674301,False,True,False,True,False,5.6809505393783155
2025-09-26 00:00:00+00:00,13.51,13.51,13.12,13.14,512747,14.598122977432043,14.175599715409469,11.42958125207759,11.230278070106703,11.821513485117855,12.964205269336423,15.085615847032411,14.67605654453615,14.50814303961516,12.27219309559623,11.727113276969144,11.321234616194973,11.063282041986255,10.959237929928499,11.206508684861333,11.780077577228447,"rgba(38, 166, 154, 1.0)",1.3149020036791523,11.780077577228447,1.315628402672713,3,0.2682202794105724,0.8046608382317173,0.0,0.0,0.0,0.0,49.73118897716364,4.734403752772231,False,True,False,False,False,6.716950502071494
