date,Close,High,Low,Open,Volume,aVWAP_BoS_CHoCH_bull_157,aVWAP_BoS_CHoCH_bull_334,aVWAP_BoS_CHoCH_bull_444,aVWAP_BoS_CHoCH_bull_490,aVWAP_BoS_CHoCH_bull_561,aVWAP_BoS_CHoCH_bull_687,aVWAP_BoS_CHoCH_bear_44,aVWAP_BoS_CHoCH_bear_397,aVWAP_BoS_CHoCH_bear_590,aVWAP_BoS_CHoCH_bear_758,Peaks_Valleys_avg,color,StDev,StDev_Mean,StdDev_ZScore,MA_Cross_Count,MA_Avg_Deviation_Z,MA_Oscillation_Score,BoS,CHoCH,BoS_CHoCH_Price,BoS_CHoCH_Break_Index,QQEMOD,QQE1_Value,QQE1_Above_Upper,QQE1_Below_Lower,QQE2_Above_Threshold,QQE2_Below_Threshold,QQE2_Above_TL,banker_RSI
2022-01-03 00:00:00+00:00,94.3632827125,96.3705913566,92.9690437035,95.4707633437,841426,,,,,,,,,,,,#000000,,,,0,,,0.0,0.0,0.0,0.0,,,False,False,False,False,False,
2022-01-04 00:00:00+00:00,94.2742887332,96.5386910953,93.9974185754,96.1431622984,972207,,,,,,,,,,,,#000000,,,,0,,,0.0,0.0,0.0,0.0,0.0,,False,False,False,True,False,
2022-01-05 00:00:00+00:00,92.276868309,95.1737212173,92.0395510309,94.7588115094,713340,,,,,,,,,,,,#000000,,,,0,,,0.0,0.0,0.0,0.0,0.0,-50.0,False,False,False,True,True,
2022-01-06 00:00:00+00:00,93.5030075793,94.1160772145,91.5451400348,92.9492672637,542263,,,,,,,,,,,,#000000,,,,0,,,0.0,0.0,0.0,0.0,13.11859546040723,-37.97462082796004,False,False,False,True,True,
2022-01-07 00:00:00+00:00,95.8564039207,96.2222680578,93.8342629467,93.8787599363,900598,,,,,,,,,,,,#000000,,,,0,,,0.0,0.0,0.0,0.0,31.03827863665643,-22.27705544197645,False,False,False,True,True,
2022-01-10 00:00:00+00:00,93.9479774758,97.8933772245,92.15820967,97.6659481663,830410,,,,,,,,,,,,#000000,,,,0,,,0.0,0.0,0.0,0.0,36.560806800278854,-18.66578269971166,False,False,False,True,True,
2022-01-11 00:00:00+00:00,94.6599293101,96.0838329789,93.9578656957,94.1457418742,1093321,,,,,,,,,,,,#000000,,,,0,,,0.0,0.0,0.0,0.0,42.08933744195926,-14.780040612447685,False,False,False,True,True,
2022-01-12 00:00:00+00:00,93.8589834965,95.4213222441,93.5128957992,95.0752345469,828779,,,,,,,,,,,,#000000,,,,0,,,0.0,0.0,0.0,0.0,43.72500896344729,-14.230684379028212,False,False,False,True,True,
2022-01-13 00:00:00+00:00,93.6908837578,95.0455698871,93.295354961,94.2347358535,1016903,,,,,,,,,,,,#000000,,,,0,,,0.0,0.0,0.0,0.0,44.40783804550084,-14.138151855457963,False,False,False,True,True,
2022-01-14 00:00:00+00:00,91.1594994579,93.4337900399,90.0322423868,93.1470316621,1018276,,,,,,,,,,,,#000000,,,,0,,,0.0,0.0,0.0,0.0,40.26745197793739,-14.138151855457963,False,False,False,True,True,
2022-01-18 00:00:00+00:00,88.8456559962,91.0309525989,88.0447101826,90.5760944825,1567014,,,,,,,,,,,,#000000,,,,0,,,0.0,0.0,0.0,0.0,35.02877925919527,-5.363443839060068,False,False,False,True,False,
2022-01-19 00:00:00+00:00,85.968183999,89.8344779884,85.6715374014,89.1324143739,971032,,,,,,,,,,,,#000000,,,,0,,,0.0,0.0,0.0,0.0,29.561891870387644,-10.263712698824222,False,False,False,True,False,
2022-01-20 00:00:00+00:00,87.4415287673,90.2794478848,86.9768813132,87.2437643689,1063954,,,,,,,,,,,,#000000,,,,0,,,0.0,0.0,0.0,0.0,29.162134414134165,-10.519294039409388,False,False,False,True,False,
2022-01-21 00:00:00+00:00,86.0374015385,88.9049853157,85.592431642,86.8086826923,1234042,,,,,,,,,,,,#000000,,,,0,,,0.0,0.0,0.0,0.0,27.842096196017792,-11.91583375753686,False,False,False,True,False,
2022-01-24 00:00:00+00:00,86.8185709123,87.0064470908,82.3787601674,82.6655185452,1071875,,,,,,,,,,,85.40125939016666,#000000,,85.40125939016666,,0,,,0.0,0.0,0.0,0.0,28.553812210193605,-11.91583375753686,False,False,False,True,False,
2022-01-25 00:00:00+00:00,86.7098004931,87.6294049458,83.070935562,85.4045554635,883328,,,,,,,,,,,85.58293090394325,#000000,,85.58293090394325,,0,,,0.0,0.0,0.0,0.0,28.931527153364055,-11.91583375753686,False,False,False,True,False,
2022-01-26 00:00:00+00:00,89.3400669923,92.0692156907,88.0150455228,88.3116921204,1214733,,,,,,,,,,,87.2020373314544,#000000,,87.2020373314544,,0,,,0.0,0.0,0.0,0.0,33.983938753159364,-11.91583375753686,False,False,False,True,True,
2022-01-27 00:00:00+00:00,85.7704196006,91.0177023842,84.9694737869,90.1805656856,624922,,,,,,,,,,,87.21035257848085,#000000,,87.21035257848085,,0,,,0.0,0.0,0.0,0.0,33.910788931625774,-11.91583375753686,False,False,False,True,True,
2022-01-28 00:00:00+00:00,88.6478915978,88.6577798177,84.826094598,86.1362837377,567404,,,,,,,,,,,87.23206179568687,#000000,,87.23206179568687,,0,,,0.0,0.0,0.0,0.0,37.65816350530072,-11.91583375753686,False,False,False,True,True,
2022-01-31 00:00:00+00:00,90.5859827024,90.9815114993,87.2140997091,87.9161633236,700733,,,,,,,,,,,87.55894206919201,#000000,,87.55894206919201,,0,,,0.0,0.0,0.0,0.0,42.22220903406672,-16.616817858380273,False,False,False,True,True,
2022-02-01 00:00:00+00:00,91.8615630723,92.5438502469,90.635423802,91.1594994579,685595,,,,,,,,,,,88.0504657333906,#000000,,88.0504657333906,,0,,,0.0,0.0,0.0,0.0,46.49119047585636,-12.46191215622504,False,False,False,False,True,
2022-02-02 00:00:00+00:00,91.8615630723,92.8800497242,90.6749766817,92.2472036493,696368,,,,,,,,,,,88.45619475010237,#000000,,88.45619475010237,,0,,,0.0,0.0,0.0,0.0,49.33717810371611,-9.68361213231968,False,False,False,False,True,
2022-02-03 00:00:00+00:00,91.5649164747,93.1865845418,90.0619070466,90.1410128059,762301,,,,,,,,,,,88.7891830441411,#000000,,88.7891830441411,,0,,,0.0,0.0,0.0,0.0,50.852315730616475,-8.09116374829501,False,False,False,False,True,
2022-02-04 00:00:00+00:00,92.0889921305,92.6328442262,90.4920446132,91.0012879391,798030,,,,,,,,,,,89.08314029316573,#000000,,89.08314029316573,,0,,,0.0,0.0,0.0,0.0,52.46062306091632,-6.314764017547404,False,False,True,False,True,
2022-02-07 00:00:00+00:00,94.5610471109,95.1741167461,92.4350798278,92.8306086246,841561,,,,,,,,,,,89.5562571864047,#000000,,89.5562571864047,,0,,,0.0,0.0,0.0,0.0,56.01483103907928,-2.696248451740857,False,False,True,False,True,
2022-02-08 00:00:00+00:00,97.2209782699,97.7648303656,94.0270832352,94.3138416129,1675149,,,,,,,,,,,90.63588197366123,#000000,,90.63588197366123,,0,,,0.0,0.0,0.0,0.0,60.423091849193284,1.6312897681389131,False,False,True,False,True,
2022-02-09 00:00:00+00:00,97.2605311495,100.7115199022,97.0232138714,98.8821992167,1120328,,,,,,,,,,,91.37644715510083,#000000,,91.37644715510083,,0,,,0.0,0.0,0.0,0.0,63.38967422089741,4.538816312345439,False,False,True,False,True,
2022-02-10 00:00:00+00:00,99.5249335116,100.612637703,95.9453979,96.2420444976,1117075,,,,,,,,,,,92.01712108340195,#000000,,92.01712108340195,,0,,,0.0,0.0,0.0,0.0,66.85606339092087,7.921185891008932,False,False,True,False,True,
2022-02-11 00:00:00+00:00,97.1418725105,101.5124657159,96.321150257,99.73258613,1529525,,,,,,,,,,,92.69235075943713,#000000,,92.69235075943713,,0,,,0.0,0.0,0.0,0.0,65.6196111074514,7.921185891008932,False,False,True,False,True,
2022-02-14 00:00:00+00:00,97.0331020913,99.8413565491,96.7166790539,97.3396369089,658414,,,,,,,,,,,92.9201435830366,#000000,,92.9201435830366,,0,,,0.0,0.0,0.0,0.0,64.64398746963215,7.921185891008932,False,False,True,False,True,
2022-02-15 00:00:00+00:00,104.9733426885,105.3589832654,100.4346497444,100.4346497444,1832450,,,,,,,,,,,94.08524338060745,#000000,,94.08524338060745,,0,,,0.0,0.0,0.0,0.0,68.5450352937866,9.992256663541518,False,False,True,False,True,
2022-02-16 00:00:00+00:00,105.3886479252,106.8916573533,102.8770400651,103.4406686006,3013477,,,,,,,,,,,100.4037110871956,#000000,,100.4037110871956,,0,,,0.0,0.0,0.0,0.0,71.30833281977245,12.811837443018987,False,False,True,False,True,
2022-02-17 00:00:00+00:00,100.9587254003,103.3121217416,98.7536523577,98.8624227769,2471536,,,,,,,,,,,99.78410740717692,#000000,,99.78410740717692,,0,,,0.0,0.0,0.0,0.0,68.16053714494694,12.811837443018987,False,False,True,False,True,
2022-02-18 00:00:00+00:00,99.8710212089,103.1934631025,99.6831450304,101.116936919,1620653,,,,,,,,,,,99.67549723562391,#000000,,99.67549723562391,,0,,,0.0,0.0,0.0,0.0,65.03109668105144,12.811837443018987,False,False,True,False,False,
2022-02-22 00:00:00+00:00,97.4385191081,100.6818552424,97.1913136101,99.1887340343,1010763,,,,,,,,,,,99.44623367305968,#000000,,99.44623367305968,,0,,,0.0,0.0,0.0,0.0,60.79938715867334,19.427168128815794,False,False,True,False,False,
2022-02-23 00:00:00+00:00,93.3151314008,98.0189576175,93.1371434422,97.586842407,1190981,,,,,,,,,,,98.93282950145004,#000000,,98.93282950145004,,0,,,0.0,0.0,0.0,0.0,55.01999701994902,13.978495562724575,False,False,True,False,False,
2022-02-24 00:00:00+00:00,94.5709353309,94.9763523476,89.8245897685,89.9531366274,1093164,,,,,,,,,,,98.43618272517244,#000000,,98.43618272517244,,0,,,0.0,0.0,0.0,0.0,52.18015326695847,11.356123255068027,False,False,False,False,False,
2022-02-25 00:00:00+00:00,97.8637125648,97.8736007847,93.0481494629,94.808252609,822559,,,,,,,,,,,98.28190808898582,#000000,,98.28190808898582,,0,,,0.0,0.0,0.0,0.0,52.68070006869185,11.356123255068027,False,False,False,False,False,
2022-02-28 00:00:00+00:00,96.0245036593,96.8650023527,93.537616349,95.431210464,912455,,,,,,,,,,,98.09297030691697,#000000,,98.09297030691697,,0,,,0.0,0.0,0.0,0.0,51.65105688623347,10.554352443139308,False,False,False,False,False,
2022-03-01 00:00:00+00:00,90.9518468395,95.5300926633,90.0223541669,95.0060170074,1674572,,,,,,,,,,,97.51710338319128,#000000,,97.51710338319128,,0,,,0.0,0.0,0.0,0.0,47.860977123513194,6.686604140666589,False,False,False,True,False,
2022-03-02 00:00:00+00:00,94.5116060113,95.9651743398,92.1779861098,92.9789319235,879929,,,,,,,,,,,97.35147243876341,#000000,,97.35147243876341,,0,,,0.0,0.0,0.0,0.0,47.85411192414468,6.381218249274212,False,False,False,True,False,
2022-03-03 00:00:00+00:00,91.5550282547,96.7166790539,91.1001701383,95.4806515636,635941,,,,,,,,,,,97.20902086802954,#000000,,97.20902086802954,,0,,,0.0,0.0,0.0,0.0,46.196470562122684,4.417543566706101,False,False,False,True,False,
2022-03-04 00:00:00+00:00,89.5773842704,90.9716232794,87.0756646302,90.645312022,865980,,,,,,,,,,,96.8749653667455,#000000,,96.8749653667455,,0,,,0.0,0.0,0.0,0.0,44.07841878194178,2.0351098232559295,False,False,False,True,False,
2022-03-07 00:00:00+00:00,81.3108324159,89.8147015485,81.2020619968,89.7158193493,2066840,,,,,,,,,,,95.75012715953419,#000000,,95.75012715953419,,0,,,0.0,0.0,0.0,0.0,39.40242800703785,-2.6558328349350546,False,False,False,True,False,
2022-03-08 00:00:00+00:00,83.6642287573,86.9174531115,80.8559742995,82.7050714248,1393090,,,,,,,,,,,91.33099547969137,#000000,,91.33099547969137,,0,,,0.0,-1.0,80.85597,87.0,37.95137751787877,-4.216949567780972,False,False,False,True,False,
2022-03-09 00:00:00+00:00,87.8469457841,90.3288889845,86.9372295513,87.5305227466,702100,,,,,,,,,,,91.7190101751277,#000000,,91.7190101751277,,0,,,0.0,0.0,0.0,0.0,39.638044192462075,-4.216949567780972,False,False,False,True,False,
2022-03-10 00:00:00+00:00,89.8443662083,90.259671445,85.3452261439,85.7506431607,545785,,,,,,,,,,,91.8476340631496,#000000,,91.8476340631496,,0,,,0.0,0.0,0.0,0.0,41.91173131678312,-4.216949567780972,False,False,False,True,True,
2022-03-11 00:00:00+00:00,89.4389491915,91.525363595,89.003867515,90.9716232794,503554,,,,,,,,,,,92.00186687893857,#000000,,92.00186687893857,,0,,,0.0,0.0,0.0,0.0,43.221130808240474,-4.216949567780972,False,False,False,True,True,
2022-03-14 00:00:00+00:00,88.3314685603,90.259671445,87.0163353107,89.5872724903,956742,,,,,,,,,,,92.01114688717196,#000000,,92.01114688717196,,0,,,0.0,0.0,0.0,0.0,43.505708479608145,-4.216949567780972,False,False,False,True,True,
2022-03-15 00:00:00+00:00,89.6861546895,91.5945811344,88.242474581,89.6861546895,527679,,,,,,,,,,,92.05970283687073,#000000,,92.05970283687073,,0,,,0.0,0.0,0.0,0.0,44.61367662640946,-4.216949567780972,False,False,False,True,True,0.0
2022-03-16 00:00:00+00:00,92.9987083633,93.1470316621,90.4969887231,91.4956989352,1012160,,,,,,,,,,,92.29888681728418,#000000,,92.29888681728418,,0,,,0.0,0.0,0.0,0.0,47.42582704042793,-9.121500615436219,False,False,False,False,True,0.0
2022-03-17 00:00:00+00:00,92.6921735457,92.9987083633,90.5365416028,91.2880463169,862417,,,,,,,,,,,92.42586879128908,#000000,,92.42586879128908,,0,,,0.0,0.0,0.0,0.0,49.09248543555442,-7.290160134581946,False,False,False,False,True,0.0
2022-03-18 00:00:00+00:00,93.1964727617,94.2149594137,91.0480592194,91.8912277321,704879,,,,,,,,,,,92.5367052540408,#000000,,92.5367052540408,,0,,,0.0,0.0,0.0,0.0,50.53428320241976,-5.6768539118073065,True,False,False,False,True,0.006922880720672708
2022-03-21 00:00:00+00:00,91.4165931758,93.2459138613,90.3783300841,93.2459138613,519944,,,,,,,,,,,92.56586625500108,#000000,,92.56586625500108,,0,,,0.0,0.0,0.0,0.0,50.1618847403453,-5.6768539118073065,False,False,False,False,True,0.0
2022-03-22 00:00:00+00:00,92.9888201434,94.0368725729,92.2076507696,92.2076507696,485919,,,,,,,,,,,92.628820898434,#000000,,92.628820898434,,0,,,0.0,0.0,0.0,0.0,51.05742106523557,-4.621476696701215,True,False,False,False,True,0.0
2022-03-23 00:00:00+00:00,92.1285450102,93.1173670024,91.7429044333,92.0889921305,450004,,,,,,,,,,,92.66034083002982,#000000,,92.66034083002982,,0,,,0.0,0.0,0.0,0.0,50.963387295792465,-4.376962039255652,False,False,False,False,True,0.0
2022-03-24 00:00:00+00:00,93.9974185754,94.1358536543,91.7874014229,92.5537384668,474220,,,,,,,,,,,92.71497472852599,#000000,,92.71497472852599,,0,,,0.0,0.0,0.0,0.0,52.3070201187733,-2.761852506876977,True,False,True,False,True,0.9101449290926666
2022-03-25 00:00:00+00:00,94.1160772145,94.8626378185,93.3250196207,94.551158891,468365,,,,,,,,,,,92.78324195922181,#000000,,92.78324195922181,,0,,,0.0,0.0,0.0,0.0,53.29204208447228,-1.5295881949696835,True,False,True,False,True,1.0355520095978363
2022-03-28 00:00:00+00:00,93.2162492016,95.0356816672,90.8035235407,94.432500252,1211541,,,,,,,,,,,92.86733930168482,#000000,,92.86733930168482,,0,,,0.0,0.0,0.0,0.0,53.077632479268985,-1.4562350190885311,True,False,True,False,True,0.05253116666278146
2022-03-29 00:00:00+00:00,97.2704193695,97.7944950253,94.9071348082,95.2037814058,1293447,,,,,,,,,,,94.02635471983939,#000000,,94.02635471983939,,0,,,0.0,0.0,0.0,0.0,55.93149892010314,1.485585246828009,True,False,True,False,True,4.257317532942597
2022-03-30 00:00:00+00:00,95.4015458043,96.9638845519,94.422612032,96.4991382156,1223569,,,,,,,,,,,94.02345035277027,#000000,,94.02345035277027,,0,,,0.0,0.0,0.0,0.0,56.02966504314135,1.760147506844568,True,False,True,False,True,2.219497587758095
2022-03-31 00:00:00+00:00,94.3830591523,96.7661201535,94.1457418742,95.6685277422,1318525,,,,,,,,,,,94.02921093713444,#000000,,94.02921093713444,,0,,,0.0,0.0,0.0,0.0,55.15776042660891,1.760147506844568,True,False,True,False,True,1.1309756665485402
2022-04-01 00:00:00+00:00,93.7007719777,96.0739447589,93.0877023426,95.5004280035,497821,,,,,,,,,,,94.00667319495984,#000000,,94.00667319495984,,0,,,0.0,0.0,0.0,0.0,53.94363384281659,1.760147506844568,True,False,True,False,False,0.4043803841560809
2022-04-04 00:00:00+00:00,94.0963007746,94.6292758284,91.5055871551,93.2558020813,915296,,,,,,,,,,,93.92270784192388,#000000,,93.92270784192388,,0,,,0.0,0.0,0.0,0.0,53.492415240673495,1.760147506844568,True,False,True,False,False,0.823158846476904
2022-04-05 00:00:00+00:00,93.799654177,96.2815973773,93.1173670024,95.4114340242,481704,,,,,,,,,,,93.9237660182181,#000000,,93.9237660182181,,0,,,0.0,0.0,0.0,0.0,52.87682213496541,1.760147506844568,False,False,True,False,False,0.4987847533672607
2022-04-06 00:00:00+00:00,88.5094565189,93.4436782598,88.0941512822,92.4449680477,856190,,,,,,,,,,,93.68890118452057,#000000,,93.68890118452057,,0,,,0.0,0.0,0.0,0.0,47.98200122250286,1.8134471212702934,False,False,False,False,False,0.0
2022-04-07 00:00:00+00:00,87.8766104439,88.6874444775,85.1870146252,88.5094565189,2274195,,,,,,,,,,,92.91315847741514,#000000,,92.91315847741514,,0,,,0.0,0.0,0.0,0.0,44.29686609304833,-1.5387920477591521,False,True,False,True,False,0.0
2022-04-08 00:00:00+00:00,86.6603593935,88.6478915978,86.3933774556,87.8864986638,535342,,,,,,,,,,,92.7698907290618,#000000,,92.7698907290618,,0,,,0.0,0.0,0.0,0.0,41.03417018702442,-4.414095040741216,False,True,False,True,False,0.0
2022-04-11 00:00:00+00:00,85.4737730029,88.36113322,85.1672381853,85.6814256213,1195042,,,,,,,,,,,91.21635624945165,#000000,,91.21635624945165,,0,,,0.0,0.0,0.0,0.0,38.10382712775561,-6.957657065798422,False,True,False,True,False,0.0
2022-04-12 00:00:00+00:00,87.0361117505,88.4105743197,85.8346930301,86.719688713,621853,,,,,,,,,,,91.16180938604498,#000000,,91.16180938604498,,0,,,0.0,0.0,0.0,0.0,38.11142051900072,-6.957657065798422,False,True,False,True,False,0.0
2022-04-13 00:00:00+00:00,92.8800497242,93.0778141227,87.9656044232,87.9656044232,802213,,,,,,,,,,,91.43796396238977,#000000,,91.43796396238977,,0,,,0.0,0.0,0.0,0.0,43.54545712526244,-11.928796951090163,False,True,False,True,True,0.131045470428095
2022-04-14 00:00:00+00:00,95.9157332402,96.2420444976,92.9492672637,93.542560459,838767,,,,,,,,,,,91.8653733978427,#000000,,91.8653733978427,,0,,,0.0,0.0,0.0,0.0,49.15488570911394,-6.915097400925966,False,False,False,False,True,3.04645815880194
2022-04-18 00:00:00+00:00,95.4015458043,98.1109180628,94.1655183141,95.8267392609,745416,,,,,,,,,,,92.17473442654207,#000000,,92.17473442654207,,0,,,0.0,0.0,0.0,0.0,52.41592147848308,-4.170904688230436,False,False,True,False,True,2.5246904426108543
2022-04-19 00:00:00+00:00,98.5262232995,99.4853806319,94.9961287875,95.8366274808,1223331,,,,,,,,,,,92.68098257726167,#000000,,92.68098257726167,,0,,,0.0,0.0,0.0,0.0,56.467337208131475,-0.6330583318896004,True,False,True,False,True,5.409592337612615
2022-04-20 00:00:00+00:00,97.9131536644,100.7807374417,97.9032654445,99.1788458144,1128029,,,,,,,,,,,93.10455855262516,"rgba(38, 166, 154, 1.0)",4.529741679879086,93.10455855262516,1.061560559431988,0,,,0.0,0.0,0.0,0.0,58.54944691433805,1.1161300434478747,True,False,True,False,True,4.773851570064345
2022-04-21 00:00:00+00:00,95.9750625597,101.3839188569,95.6586395222,100.8202903213,1258873,,,,,,,97.67254031293334,,,,94.11263590147651,#000000,4.541541303124146,94.11263590147651,0.41008691409287124,0,,,0.0,0.0,0.0,0.0,58.03742156674059,1.1161300434478747,True,False,True,False,True,2.789888175013086
2022-04-22 00:00:00+00:00,93.7502130774,96.1036094187,93.2656903012,95.3224400449,639173,,,,,,,96.56146722774872,,,,93.94813827178946,#000000,4.539524569843476,93.94813827178946,-0.0436004236444258,0,,,0.0,0.0,0.0,0.0,55.73938221686447,1.1161300434478747,True,False,True,False,True,0.5878469745314518
2022-04-25 00:00:00+00:00,96.4299206761,96.5485793152,92.5636266868,93.4535664797,1029431,,,,,,,96.07593124109277,,,,93.92950163283926,"rgba(38, 166, 154, 0.5)",4.559384806916815,93.92950163283926,0.5484114961008498,0,,,0.0,0.0,0.0,0.0,56.162207008597356,1.1161300434478747,True,False,True,False,True,3.089657122759057
2022-04-26 00:00:00+00:00,94.8478054887,96.3903677964,94.5017177914,96.1629387382,879425,,,,,,,95.88435606306588,,,,93.9473325577074,#000000,4.564942826587259,93.9473325577074,0.1972583152078156,0,,,0.0,0.0,0.0,0.0,55.06983849025738,1.1161300434478747,True,False,True,False,True,1.5393425727493621
2022-04-27 00:00:00+00:00,95.6685277422,96.3409266968,93.1470316621,94.8280290488,780531,,,,,,,95.74276200862738,,,,93.95899940645188,#000000,4.563288132091418,93.95899940645188,0.374626428632859,0,,,0.0,0.0,0.0,0.0,54.96400558349248,1.1161300434478747,True,False,True,False,True,2.303306755181705
2022-04-28 00:00:00+00:00,97.0331020913,98.1010298429,94.2841769531,96.953996332,789738,,,,,,,95.8499772632988,,,,94.04674081786628,"rgba(38, 166, 154, 0.5)",4.587738559252048,94.04674081786628,0.6509440838582986,0,,,0.0,0.0,0.0,0.0,55.912791778751874,1.1161300434478747,True,False,True,False,True,3.563717085083649
2022-04-29 00:00:00+00:00,93.8985363762,98.209800262,93.6414426582,97.2605311495,554215,,,,,,,95.79390990039333,,,,94.0616908742087,#000000,4.584470622170574,94.0616908742087,-0.03558851423753846,0,,,0.0,0.0,0.0,0.0,53.7345177817313,1.1161300434478747,True,False,True,False,False,0.4955924687784723
2022-05-02 00:00:00+00:00,93.1964727617,95.312551825,90.2003421255,94.8774701484,1514795,,,,,,,95.20582982310755,,,,93.91978172754288,#000000,4.58307491516073,93.91978172754288,-0.1578217636046481,0,,,0.0,0.0,0.0,0.0,51.71136185028676,1.1161300434478747,False,False,False,False,False,0.0
2022-05-03 00:00:00+00:00,88.4501271993,93.3744607203,86.6306947338,93.0975905625,2223445,,,,,,,93.89039725333255,,,,93.4452294816232,"rgba(239, 83, 80, 1.0)",4.609320081913607,93.4452294816232,-1.083696118636533,0,,,0.0,0.0,0.0,0.0,47.10433074012386,3.2561608209933866,False,True,False,True,False,0.0
2022-05-04 00:00:00+00:00,89.2115201333,90.4772122833,84.8409269279,88.6973326974,1656594,,,,,,,93.05467978388795,,,,93.09065611142775,"rgba(239, 83, 80, 0.5)",4.6238053778842705,93.09065611142775,-0.838948801063668,0,,,0.0,0.0,0.0,0.0,44.75599540572941,0.9999712626261044,False,True,False,True,False,0.0
2022-05-05 00:00:00+00:00,85.5034376627,89.7702045589,84.2575219526,87.5601874064,1641201,,,,,,,92.22641191746257,,,,92.69985032465802,"rgba(255, 0, 0, 1.0)",4.677375516648825,92.69985032465802,-1.5385578165239977,0,,,0.0,0.0,0.0,0.0,41.085962004430016,-2.473679673459934,False,True,False,True,False,0.0
2022-05-06 00:00:00+00:00,84.5442803303,85.6122080818,81.8250198518,85.6122080818,1061848,,,,,,,91.60330431439368,,,,92.38641079805525,"rgba(255, 0, 0, 1.0)",4.707730020180762,92.38641079805525,-1.6657986830464295,0,,,0.0,0.0,0.0,0.0,38.15649946538374,-5.201542464579475,False,True,False,True,False,0.0
2022-05-09 00:00:00+00:00,78.898106755,83.5455701182,78.3443664394,83.3280292799,1486146,,,,,,,90.51704127719252,,,,91.8150428998192,"rgba(255, 26, 202, 1.0)",4.933398419763459,91.8150428998192,-2.6182633239337134,0,,,0.0,0.0,0.0,0.0,33.862262643123984,-9.182425228647261,False,True,False,True,False,0.0
2022-05-10 00:00:00+00:00,83.8916578154,84.7272123988,79.6001703694,80.5494394819,1462168,,,,,,,89.84722811830474,,,,91.42786072028576,"rgba(255, 0, 0, 1.0)",4.977614803572567,91.42786072028576,-1.5140189030852358,0,,,0.0,0.0,0.0,0.0,35.349078118610336,-9.182425228647261,False,True,False,True,False,0.0
2022-05-11 00:00:00+00:00,82.4084248272,86.3241599162,82.0326724702,83.9806517947,1580593,,,,,,,89.31416766192204,,,,91.0926628413301,"rgba(255, 0, 0, 1.0)",5.070894641784568,91.0926628413301,-1.7125652626602224,0,,,0.0,0.0,0.0,0.0,35.650792814028236,-9.182425228647261,False,True,False,True,False,0.0
2022-05-12 00:00:00+00:00,79.3430766515,82.0722253499,78.4036957589,81.9931195905,1514178,,,,,,,88.60699279352202,,,,90.65248903786052,"rgba(255, 26, 202, 1.0)",5.251669579872715,90.65248903786052,-2.153488945630625,0,,,0.0,0.0,0.0,0.0,34.531152406469516,-9.182425228647261,False,True,False,True,False,0.0
2022-05-13 00:00:00+00:00,82.6655185452,83.4763525787,80.4901101624,80.4901101624,1167261,,,,,,,88.2554709174232,,,,90.41106011192169,"rgba(239, 83, 80, 1.0)",5.35882070113722,90.41106011192169,-1.4453817357759269,0,,,0.0,0.0,0.0,0.0,36.386610369469324,-9.182425228647261,False,True,False,True,False,0.0
2022-05-16 00:00:00+00:00,80.1539106851,82.8336182838,79.906705187,82.7742889643,832882,,,,,,,87.98036318412504,,,,90.22224859216129,"rgba(255, 0, 0, 1.0)",5.488422620711344,90.22224859216129,-1.8344684079296274,0,,,0.0,0.0,0.0,0.0,36.4543648430036,-9.182425228647261,False,True,False,True,False,0.0
2022-05-17 00:00:00+00:00,81.7953551921,83.2093706409,81.2416148764,82.7446243045,994670,,,,,,,87.72602714260418,,,,90.03604852543178,"rgba(239, 83, 80, 1.0)",5.603938899119293,90.03604852543178,-1.4705180555460504,0,,,0.0,0.0,0.0,0.0,37.75012751167807,-9.182425228647261,False,True,False,True,True,0.0
2022-05-18 00:00:00+00:00,78.146602041,82.2007722088,77.1577800488,80.4604455026,1033442,,,,,,,87.35907263731528,,,,88.26443108095138,"rgba(255, 0, 0, 1.0)",5.828763138476307,88.26443108095138,-1.7358449467885364,0,,,0.0,0.0,0.0,0.0,36.91439431624175,-9.182425228647261,False,True,False,True,True,0.0
2022-05-19 00:00:00+00:00,81.3503852956,82.5171952463,77.1973329285,77.3456562273,1070228,,,,,,,87.06126825682173,,,,88.16183639731854,"rgba(239, 83, 80, 1.0)",5.955390467332575,88.16183639731854,-1.143745509061371,0,,,0.0,0.0,0.0,0.0,38.70559576852776,-9.182425228647261,False,True,False,True,True,0.0
2022-05-20 00:00:00+00:00,79.7484936683,82.4776423667,78.1663784808,82.3293190678,833928,,,,,,,86.83902130708654,,,,88.03266110913614,"rgba(239, 83, 80, 1.0)",6.1154816747456575,88.03266110913614,-1.354622232790957,0,,,0.0,0.0,0.0,0.0,39.103904020829205,-9.182425228647261,False,True,False,True,True,0.0
2022-05-23 00:00:00+00:00,81.548149694,82.3194308479,78.6706776968,80.0055873862,784495,,,,,,,86.66352456991227,,,,87.94289823414117,"rgba(239, 83, 80, 1.0)",6.225249852526426,87.94289823414117,-1.027227612004352,0,,,0.0,0.0,0.0,0.0,40.67600539632217,-9.182425228647261,False,True,False,True,True,0.0
2022-05-24 00:00:00+00:00,79.9462580667,80.8856389593,78.6113483773,80.4307808429,871640,,,,,,,86.44769797900811,,,,87.79176575084408,"rgba(239, 83, 80, 1.0)",6.365865106520446,87.79176575084408,-1.2324338566502238,0,,,0.0,0.0,0.0,0.0,40.84730138484037,-14.089769993862966,False,True,False,True,True,0.0
2022-05-25 00:00:00+00:00,81.7656905323,82.3886483874,78.8091127757,78.9969889542,804859,,,,,,,86.29332183332666,,,,87.70185674675228,"rgba(239, 83, 80, 0.5)",6.449059050251593,87.70185674675228,-0.9204701287733907,0,,,0.0,0.0,0.0,0.0,42.32908046347943,-12.402501026885027,False,True,False,True,True,0.0
2022-05-26 00:00:00+00:00,85.5825434221,86.1956130572,82.4875305866,82.4875305866,616078,,,,,,,86.26073843279947,,,,87.72930750851171,#000000,6.441289387157591,87.72930750851171,-0.33328173248850573,8,0.2567809520773214,2.054247616618571,0.0,0.0,0.0,0.0,45.84554840968191,-8.904937945676188,False,False,False,False,True,0.0
2022-05-27 00:00:00+00:00,87.3723112279,88.800367949,86.1857248373,86.1857248373,666886,,,,,,,86.28746126263799,,,,87.81679202891038,#000000,6.412668805278769,87.81679202891038,-0.06931292017521608,8,0.2566845013239838,2.0534760105918703,0.0,0.0,0.0,0.0,49.238289132631834,-5.676096040457722,True,False,False,False,True,0.0
2022-05-31 00:00:00+00:00,87.4019758876,87.8469457841,85.5429905424,87.4711934271,783731,,,,,,,86.30397081280367,,,,87.8825513914859,#000000,6.344082972368399,87.8825513914859,-0.07575176837677636,8,0.25627146061974376,2.05017168495795,0.0,0.0,0.0,0.0,51.51793370177619,-3.5637297762475413,True,False,True,False,True,0.0
2022-06-01 00:00:00+00:00,87.9656044232,89.0829732743,85.8989664595,87.3920876677,960912,,,,,,,86.3450152976006,,,,87.9659181918962,#000000,6.306783957483375,87.9659181918962,-4.9750982165088506e-05,8,0.25620380305842394,2.0496304244673915,0.0,0.0,0.0,0.0,53.40041390878939,-1.813131090522397,True,False,True,False,True,0.0
2022-06-02 00:00:00+00:00,89.9036955278,90.0915717063,87.738175365,87.738175365,441584,,,,,,,86.38510797360973,,,,88.02077112489481,#000000,6.261926588272457,88.02077112489481,0.30069410370150174,8,0.2571367251896651,2.057093801517321,0.0,0.0,0.0,0.0,55.878737608118975,0.5119019385050123,True,False,True,False,True,0.02751071813841577
2022-06-03 00:00:00+00:00,91.1298347981,91.5649164747,88.4204625396,88.6973326974,804154,,,,,,,86.48302954262871,,,,88.13747766907159,#000000,6.029084517317741,88.13747766907159,0.4963203153701484,9,0.2650094291045674,2.3850848619411065,0.0,0.0,0.0,0.0,58.26555342633117,2.7424433527567302,True,False,True,False,True,1.013118398642348
2022-06-06 00:00:00+00:00,94.0567478949,94.5214942312,91.3275991965,92.1087685704,1009898,,,,,,,86.68707739005727,,,,88.97013600748035,"rgba(38, 166, 154, 0.5)",5.783079658835365,88.97013600748035,0.8795680134975049,9,0.2651818658789959,2.386636792910963,0.0,0.0,0.0,0.0,61.44279718285992,5.699812628868159,True,False,True,False,True,3.3088015100102695
2022-06-07 00:00:00+00:00,93.0481494629,93.7403248574,92.1977625497,93.7403248574,510135,,,,,,,86.78101152576484,,,,89.0386314396707,"rgba(38, 166, 154, 0.5)",5.654152737580579,89.0386314396707,0.7091280001298628,9,0.26535592010423936,2.3882032809381544,0.0,0.0,0.0,0.0,62.509499705901774,6.684460012310929,True,False,True,False,True,2.463644251723686
2022-06-08 00:00:00+00:00,92.3955269481,92.8998261641,91.268269877,92.0692156907,448246,,,,,,,86.85084118202062,,,,89.06822287010957,"rgba(38, 166, 154, 0.5)",5.54356034530821,89.06822287010957,0.6002106716140461,9,0.2655931207277931,2.390338086550138,0.0,0.0,0.0,0.0,62.52993598195946,6.808017187686417,True,False,True,False,True,1.9155455653224926
2022-06-09 00:00:00+00:00,89.3202905524,91.7824573129,89.2906258927,91.7824573129,460423,,,,,,,86.89378721981753,,,,89.0348073328706,#000000,5.474269447079191,89.0348073328706,0.05215001239694492,9,0.2655189360215307,2.3896704241937763,0.0,0.0,0.0,0.0,59.571931113968105,6.808017187686417,True,False,True,False,False,0.0
2022-06-10 00:00:00+00:00,83.7334462967,88.4402389794,83.7235580768,87.4613052072,959826,,,,,,,86.85141963870302,,,,88.73921838246434,"rgba(239, 83, 80, 0.5)",5.503936097518588,88.73921838246434,-0.909489499345962,9,0.263726060830235,2.373534547472115,0.0,0.0,0.0,0.0,53.6361325006289,9.720336459448369,True,False,True,False,False,0.0
2022-06-13 00:00:00+00:00,77.8796201031,81.923902051,77.2171093683,81.0141858182,1020029,,,,,,,86.63601816818803,,,,88.22273318956681,"rgba(255, 0, 0, 1.0)",5.640812604412163,88.22273318956681,-1.8336211130957585,10,0.3167371752022381,3.167371752022381,0.0,0.0,0.0,0.0,46.846414239189755,3.5679353620839223,False,False,False,True,False,0.0
2022-06-14 00:00:00+00:00,78.5322426179,78.9772125144,77.2077155594,78.3740310992,829567,,,,,,,86.4525966196047,,,,87.87788229485736,"rgba(255, 0, 0, 1.0)",5.694677948214575,87.87788229485736,-1.6411182093075967,10,0.31080063058140833,3.1080063058140834,0.0,0.0,0.0,0.0,42.86145911871155,0.17093227883927398,False,True,False,True,False,0.0
2022-06-15 00:00:00+00:00,81.0240740382,82.3589837276,79.5408410499,80.1044695854,646156,,,,,,,86.36095216141106,,,,87.72648727573373,"rgba(239, 83, 80, 1.0)",5.7164732266099945,87.72648727573373,-1.1724734765369356,10,0.3078588665480936,3.078588665480936,0.0,0.0,0.0,0.0,42.21801220873448,-0.21363495056440485,False,True,False,True,False,0.0
2022-06-16 00:00:00+00:00,75.4570062223,78.7992245558,75.2444094939,78.6212365972,1158143,,,,,,,86.07388058812627,,,,87.29906192859377,"rgba(255, 0, 0, 1.0)",5.922641581522217,87.29906192859377,-1.9994550646521099,10,0.29945959940356454,2.9945959940356452,0.0,0.0,0.0,0.0,39.256163346343186,-2.9591175418221454,False,True,False,True,False,0.0
2022-06-17 00:00:00+00:00,75.0614774254,76.7325865922,73.9243321344,76.1294051769,809292,,,,,,,85.85786608619229,,,,87.00664416638536,"rgba(255, 0, 0, 1.0)",6.093905788383814,87.00664416638536,-1.960182378230264,10,0.2914117718659307,2.9141177186593072,0.0,0.0,0.0,0.0,37.12269970676769,-4.98078038736346,False,True,False,True,False,0.0
2022-06-21 00:00:00+00:00,74.2110905121,76.6831454926,74.1715376324,76.0404111976,554037,,,,,,,85.71195446741618,,,,86.81975486006706,"rgba(255, 0, 0, 1.0)",6.3046111647281435,86.81975486006706,-1.9999114962882494,10,0.2828608361866923,2.8286083618669227,0.0,0.0,0.0,0.0,35.34209028765959,-6.754714023074065,False,True,False,True,False,0.0
2022-06-22 00:00:00+00:00,72.203781868,74.2012022922,71.5017182536,73.1728274204,811858,,,,,,,85.45892775531665,,,,86.50432801463711,"rgba(255, 26, 202, 1.0)",6.572056463385949,86.50432801463711,-2.175962155271779,9,0.2808302912877293,2.5274726215895638,0.0,0.0,0.0,0.0,33.32558082824314,-8.818078280437163,False,True,False,True,False,0.0
2022-06-23 00:00:00+00:00,70.4140140622,73.1530509805,69.3361980908,72.7772986235,1213334,,,,,,,85.051639967293,,,,84.34770343838234,"rgba(255, 26, 202, 1.0)",6.83938808906751,84.34770343838234,-2.037271345729714,7,0.3051084950367124,2.135759465256987,0.0,0.0,0.0,0.0,31.284906131905437,-10.93946649763523,False,True,False,True,False,0.0
2022-06-24 00:00:00+00:00,75.4570062223,75.4570062223,70.9875308177,71.570935793,970358,,,,,,,84.80796542225725,,,,84.2597931431223,"rgba(239, 83, 80, 1.0)",6.97345119787816,84.2597931431223,-1.262328604737459,7,0.2992048673818416,2.0944340716728913,0.0,0.0,0.0,0.0,34.31710289885745,-10.93946649763523,False,True,False,True,False,0.0
2022-06-27 00:00:00+00:00,76.3172813555,76.8067482416,74.6560604086,75.1208067449,732731,,,,,,,84.66294367048714,,,,84.22983922642544,"rgba(239, 83, 80, 1.0)",7.099557970902295,84.22983922642544,-1.11451415755111,7,0.29450643094037315,2.061545016582612,0.0,0.0,0.0,0.0,36.99144465865963,-10.93946649763523,False,True,False,True,True,0.0
2022-06-28 00:00:00+00:00,74.7944954875,79.7188290085,74.7648308277,77.6719674847,611168,,,,,,,84.55226538824789,,,,84.19452073199655,"rgba(239, 83, 80, 1.0)",7.24925288267717,84.19452073199655,-1.2966888307840476,7,0.2890693033931007,2.023485123751705,0.0,0.0,0.0,0.0,37.925807541037216,-10.93946649763523,False,True,False,True,True,0.0
2022-06-29 00:00:00+00:00,74.4286313504,75.0911420852,72.1147878887,74.8439365871,846080,,,,,,,84.35733663573986,,,,84.0187126071906,"rgba(239, 83, 80, 1.0)",7.400615849567893,84.0187126071906,-1.2958490822558426,7,0.28376901953673067,1.9863831367571148,0.0,0.0,0.0,0.0,38.341240787852904,-10.93946649763523,False,True,False,True,True,0.0
2022-06-30 00:00:00+00:00,73.0838334411,74.5868428692,71.1754069962,72.9750630219,793208,,,,,,,84.16530063665192,,,,83.8296498252326,"rgba(239, 83, 80, 1.0)",7.579167666895,83.8296498252326,-1.4178095612093635,7,0.27801928818472993,1.9461350172931096,0.0,0.0,0.0,0.0,37.841558652489425,-10.93946649763523,False,True,False,True,True,0.0
2022-07-01 00:00:00+00:00,74.3297491512,74.7944954875,72.6190871047,72.8069632833,541346,,,,,,,84.04887836905753,,,,83.72941911980388,"rgba(239, 83, 80, 1.0)",7.714478392969123,83.72941911980388,-1.2184453037253449,7,0.2740657886000163,1.9184605202001141,0.0,0.0,0.0,0.0,38.71162854069697,-10.93946649763523,False,True,False,True,True,0.0
2022-07-05 00:00:00+00:00,74.3099727114,74.4681842301,71.2495686456,72.2532229676,457764,,,,,,,83.94703537478831,,,,83.63648760651103,"rgba(239, 83, 80, 1.0)",7.815714582555614,83.63648760651103,-1.1933029023254595,7,0.27126461889694375,1.8988523322786062,0.0,0.0,0.0,0.0,39.27823312511501,-16.944547553352677,False,True,False,True,True,0.0
2022-07-06 00:00:00+00:00,72.3521051669,74.6362839688,70.8639280686,74.1418729727,623705,,,,,,,83.80207441962494,,,,83.49736934965749,"rgba(239, 83, 80, 1.0)",7.954615249993859,83.49736934965749,-1.401106632123545,7,0.2675822566310781,1.8730757964175466,0.0,0.0,0.0,0.0,38.336804648396054,-16.944547553352677,False,True,False,True,True,0.0
2022-07-07 00:00:00+00:00,73.9342203543,75.3185711434,73.1629392004,73.1629392004,426846,,,,,,,83.71819090720716,,,,83.42919182927169,"rgba(239, 83, 80, 1.0)",8.041753322967745,83.42919182927169,-1.1807091182284175,7,0.2661514528916354,1.8630601702414478,0.0,0.0,0.0,0.0,39.40540372895882,-16.123590915971945,False,True,False,True,True,0.0
2022-07-08 00:00:00+00:00,73.5386915575,74.5868428692,72.1543407684,73.973773234,412632,,,,,,,83.63254900909551,,,,83.3541400952346,"rgba(239, 83, 80, 1.0)",8.146744053721456,83.3541400952346,-1.2048308469014528,7,0.2637941562204462,1.8465590935431235,0.0,0.0,0.0,0.0,39.81943015762377,-15.362846372687649,False,True,False,True,True,0.0
2022-07-11 00:00:00+00:00,73.3310389391,73.9342203543,71.195183436,73.2717096196,654728,,,,,,,83.49164344681112,,,,83.22525544845931,"rgba(239, 83, 80, 1.0)",8.23060450267335,83.22525544845931,-1.202125130194946,7,0.26155938484329505,1.8309156939030653,0.0,0.0,0.0,0.0,39.92892230958164,-14.877749972398632,False,True,False,True,True,0.0
2022-07-12 00:00:00+00:00,73.4299211383,75.1900242844,73.0541687813,73.0541687813,336743,,,,,,,83.42772503349012,,,,83.17269771399651,"rgba(239, 83, 80, 1.0)",8.313387651346023,83.17269771399651,-1.1719382018856122,7,0.26379785169840114,1.846584961888808,0.0,0.0,0.0,0.0,40.12953532350236,-14.299499751575212,False,True,False,True,True,0.0
2022-07-13 00:00:00+00:00,73.7562323957,74.2494568054,71.3138420751,71.6500415524,451803,,,,,,,83.33634285664105,,,,83.09214992461493,"rgba(239, 83, 80, 1.0)",8.357780676407936,83.09214992461493,-1.1170330845445668,7,0.2669743538928465,1.8688204772499257,0.0,0.0,0.0,0.0,40.71312288433098,-13.379267675047736,False,True,False,True,True,0.0
2022-07-14 00:00:00+00:00,72.8959572626,73.3704929366,71.7291473118,72.5300931255,458440,,,,,,,83.24132815190534,,,,83.00616205509527,"rgba(239, 83, 80, 1.0)",8.407289346051142,83.00616205509527,-1.2025522586829933,7,0.26718406665512184,1.870288466585853,0.0,0.0,0.0,0.0,40.24019742592521,-13.379267675047736,False,True,False,True,True,0.0
2022-07-15 00:00:00+00:00,74.47807245,74.8340483672,73.2717096196,74.1814258524,656545,,,,,,,83.12742126027925,,,,82.91656237346008,"rgba(239, 83, 80, 1.0)",8.43254251931611,82.91656237346008,-1.0007052919247486,7,0.2679058536721439,1.8753409757050075,0.0,0.0,0.0,0.0,42.17186361921048,-11.45440831681885,False,False,False,True,True,0.0
2022-07-18 00:00:00+00:00,75.4767826621,76.9797920902,74.7747190477,75.6448824008,803342,,,,,,,83.0153932520608,,,,82.84508504799962,"rgba(239, 83, 80, 0.5)",8.363916502994718,82.84508504799962,-0.8809631687812014,6,0.27166252895843823,1.6299751737506294,0.0,0.0,0.0,0.0,44.74733038629324,-8.883062720298788,False,False,False,True,True,0.0
2022-07-19 00:00:00+00:00,78.5124661781,78.9475478546,76.6139279531,76.623816173,725278,,,,,,,82.94795349519575,,,,82.82610440487468,"rgba(239, 83, 80, 0.5)",8.28720777389765,82.82610440487468,-0.5205176875571311,6,0.2715761532420316,1.6294569194521897,0.0,0.0,0.0,0.0,49.68960263156174,-4.254664166510317,True,False,False,False,True,0.0
2022-07-20 00:00:00+00:00,79.6298350292,80.3714515233,78.2207636904,78.2257078003,462738,,,,,,,82.91768922033174,,,,82.82977907360674,#000000,8.21329591366413,82.82977907360674,-0.3896053518640587,6,0.27231813061115734,1.6339087836669441,0.0,0.0,0.0,0.0,53.96171462875823,-0.4469663771059942,True,False,True,False,True,0.0
2022-07-21 00:00:00+00:00,79.3430766515,79.4913999503,77.0490096297,78.4135839788,672469,,,,,,,82.8650545746862,,,,82.81868541215403,#000000,8.147640844848864,82.81868541215403,-0.426578543021001,6,0.2745604750640756,1.6473628503844537,0.0,0.0,0.0,0.0,56.391781340543304,1.5805482701153224,True,False,True,False,True,0.0
2022-07-22 00:00:00+00:00,78.6805659167,80.8411419696,78.3048135597,80.1440224651,380311,,,,,,,82.84031844779607,,,,82.81778100153309,"rgba(239, 83, 80, 0.5)",8.074876719328886,82.81778100153309,-0.512356439440098,6,0.27590094794776227,1.6554056876865735,0.0,0.0,0.0,0.0,57.021323845552686,2.011724217938756,True,False,True,False,True,0.0
2022-07-25 00:00:00+00:00,79.6792761288,79.8671523073,77.8697318832,78.4333604187,406969,,,,,,,82.81322196525137,,,,82.8145433358356,#000000,7.994579040950846,82.8145433358356,-0.39217414587756694,6,0.2758516962436867,1.6551101774621202,0.0,0.0,0.0,0.0,58.47642925045978,3.3469718307137413,True,False,True,False,True,0.0
2022-07-26 00:00:00+00:00,78.2949253398,79.5210646101,77.9785023023,79.0662064937,460041,,,,,,,82.77862934537659,,,,82.80382443765457,"rgba(239, 83, 80, 0.5)",7.991020240607382,82.80382443765457,-0.5642457361003823,6,0.2766464025056417,1.6598784150338504,0.0,0.0,0.0,0.0,57.36034939574915,3.3469718307137413,True,False,True,False,True,0.0
2022-07-27 00:00:00+00:00,82.1315546694,82.8731711635,80.4703337226,80.7768685401,946172,,,,,,,82.76280030305767,,,,82.85252737311076,#000000,7.972399795683738,82.85252737311076,-0.09043358614567874,6,0.27734722315618643,1.6640833389371186,0.0,0.0,0.0,0.0,60.16282304778154,4.88605057852164,True,False,True,False,True,0.0
2022-07-28 00:00:00+00:00,81.8546845116,83.2489235205,80.292345764,82.2897661881,476757,,,,,,,82.75480310365296,,,,82.87403551247179,#000000,7.962307795313995,82.87403551247179,-0.12802205429331753,6,0.2775692768150093,1.6654156608900559,0.0,0.0,0.0,0.0,61.626131018447836,6.295132991465053,True,False,True,False,True,0.0
2022-07-29 00:00:00+00:00,81.8250198518,82.2502133085,80.1687430149,81.7162494327,481361,,,,,,,82.74367305052232,,,,82.88986297387702,#000000,7.958056211128565,82.88986297387702,-0.1338069364963699,6,0.2776479805983279,1.6658878835899675,0.0,0.0,0.0,0.0,62.55492023542084,7.256949748243372,True,False,True,False,True,0.0
2022-08-01 00:00:00+00:00,82.6556303252,82.8533947237,80.539551262,81.5085968143,650139,,,,,,,82.73560333581987,,,,82.91788567432916,#000000,7.94363948563827,82.91788567432916,-0.03301450797248642,6,0.277564727448078,1.665388364688468,0.0,0.0,0.0,0.0,63.91812403985655,8.676654874040295,True,False,True,False,True,0.0
2022-08-02 00:00:00+00:00,82.4479777069,83.693893417,81.043850478,82.2106604288,403181,,,,,,,82.73327794920377,,,,82.93733247886966,#000000,7.857037544733858,82.93733247886966,-0.06228235122761329,6,0.27760129097252456,1.6656077458351475,0.0,0.0,0.0,0.0,64.45026417097229,9.349283388669896,True,False,True,False,True,0.0
2022-08-03 00:00:00+00:00,83.693893417,84.1487515334,82.8583388336,83.0808237819,373053,,,,,,,82.73851522273927,,,,82.96399212273944,#000000,7.705379351135815,82.96399212273944,0.09472619854244628,6,0.2781010924732475,1.668606554839485,0.0,0.0,0.0,0.0,65.9619343980877,10.974236384918726,True,False,True,False,True,0.35079379948361833
2022-08-04 00:00:00+00:00,84.702491849,85.0090266666,83.2143147508,83.6048994377,738744,,,,,,,82.75780677680069,,,,83.02546172695271,#000000,7.562479778038413,83.02546172695271,0.2217566421688045,6,0.27856315459237074,1.6713789275542243,0.0,0.0,0.0,0.0,67.82002722731161,12.894703901749097,True,False,True,False,True,1.282616717612317
2022-08-05 00:00:00+00:00,83.822440276,85.7704196006,83.5950112178,84.1487515334,860115,,,,,,,82.78091084961443,,,,83.0933145221779,#000000,7.326620710921241,83.0933145221779,0.099517333104911,6,0.27881354910375394,1.6728812946225236,0.0,0.0,0.0,0.0,67.31405635738881,12.894703901749097,True,False,True,False,True,0.44412766983759155
2022-08-08 00:00:00+00:00,84.2377455127,85.9780722189,84.1883044131,84.5442803303,1100114,,,,,,,82.81671245053573,,,,83.18168861079877,#000000,7.097877867688823,83.18168861079877,0.14878487931000386,6,0.27934623759498783,1.6760774255699271,0.0,0.0,0.0,0.0,67.38775948787422,12.894703901749097,True,False,True,False,True,0.8366769643177214
2022-08-09 00:00:00+00:00,86.5120360947,86.5417007545,83.8521049358,85.3155614842,1040205,,,,,,,82.86315811315741,,,,83.2750549412987,#000000,6.929232035270266,83.2750549412987,0.4671486157376218,6,0.28082794233571645,1.6849676540142986,0.0,0.0,0.0,0.0,69.39138074324788,14.941120475658309,True,False,True,False,True,2.9563103997116187
2022-08-10 00:00:00+00:00,87.10532929,89.3202905524,86.5713654142,88.6577798177,789502,,,,,,,82.92248077327599,,,,83.3719145785534,"rgba(38, 166, 154, 0.5)",6.817650417943123,83.3719145785534,0.5476101710379228,6,0.2821760381452771,1.6930562288716624,0.0,0.0,0.0,0.0,71.16404148673234,16.769154933452256,True,False,True,False,True,3.500278297477461
2022-08-11 00:00:00+00:00,89.0434203946,89.9531366274,88.2226981411,89.7652604489,833240,,,,,,,83.00163286022902,,,,83.4907917864065,"rgba(38, 166, 154, 0.5)",6.655497868902079,83.4907917864065,0.8342919970177209,6,0.28343876975455445,1.7006326185273268,0.0,0.0,0.0,0.0,73.61390906108109,19.17540102691129,True,False,True,False,True,5.255634259146458
2022-08-12 00:00:00+00:00,91.4759224954,91.653910454,89.4092845317,89.5477196106,566411,,,,,,,83.06966310329872,,,,83.58675705619608,"rgba(38, 166, 154, 1.0)",6.5767062459149725,83.58675705619608,1.1995617782235848,5,0.31063254013948877,1.5531627006974438,0.0,0.0,0.0,0.0,76.47877186177693,21.894524455658242,True,False,True,False,True,7.381706482401672
2022-08-15 00:00:00+00:00,91.6934633336,91.9604452715,90.3486654243,90.7936353208,613369,,,,,,,83.1465535272801,,,,83.69263198354487,"rgba(38, 166, 154, 1.0)",6.477880814490024,83.69263198354487,1.2351001167169504,5,0.3111516977344307,1.5557584886721534,0.0,0.0,0.0,0.0,78.48733575856988,23.761840336257237,True,False,True,False,True,7.569287174111935
2022-08-16 00:00:00+00:00,94.0666361148,94.1358536543,91.6736868938,91.6934633336,710794,,,,,,,83.25476979487196,,,,83.83577494600904,"rgba(0, 255, 255, 0.75)",6.391135511706915,83.83577494600904,1.6007892729000444,5,0.310300818327811,1.551504091639055,0.0,0.0,0.0,0.0,80.7968253046407,25.912047281751697,True,False,True,False,True,9.589214644945471
2022-08-17 00:00:00+00:00,93.7106601977,94.1457418742,92.255509754,92.9196026039,536872,,,,,,,83.33561683578309,,,,83.94108906813034,"rgba(0, 255, 255, 0.75)",6.386287472342362,83.94108906813034,1.5297731541023745,4,0.3469650397629634,1.3878601590518536,0.0,0.0,0.0,0.0,81.57562781241874,26.651024941894903,True,False,True,False,True,9.203139810284014
2022-08-18 00:00:00+00:00,94.4127238121,95.7278570617,93.5227840192,93.7106601977,628700,,,,,,,83.43964139543856,,,,85.1217763838262,"rgba(38, 166, 154, 1.0)",6.417589702989959,85.1217763838262,1.4477316030261544,4,0.34680022601493526,1.387200904059741,1.0,0.0,95.72786,224.0,82.40291424962726,27.518509222659745,True,False,True,False,True,9.801993309819942
2022-08-19 00:00:00+00:00,90.635423802,93.7798777371,90.2794478848,93.1272552223,862370,,,,,,,83.54168539783852,,,,85.06691788238254,"rgba(38, 166, 154, 0.5)",6.4538767138033295,85.06691788238254,0.8628156636007217,4,0.34789312359400426,1.391572494376017,0.0,0.0,0.0,0.0,76.09286764953978,31.339516806629163,True,False,True,False,False,5.7662434145804085
2022-08-22 00:00:00+00:00,89.0434203946,90.2003421255,88.1534806017,88.5687858384,609843,,,,,,,83.5909009322995,,,,85.01764200394022,"rgba(38, 166, 154, 0.5)",6.451243626632163,85.01764200394022,0.6240313687798854,4,0.35208118706462566,1.4083247482585026,0.0,0.0,0.0,0.0,69.72898890723751,25.611779462184217,True,False,True,False,False,4.1463533907841175
2022-08-23 00:00:00+00:00,90.645312022,91.2287169973,90.002577727,90.0816834864,482999,,,,,,,83.63960733726402,,,,85.05199609857895,"rgba(38, 166, 154, 0.5)",6.519738162082636,85.05199609857895,0.8579049931714346,4,0.35455247549687985,1.4182099019875194,0.0,0.0,0.0,0.0,66.93985361001413,23.333426117270747,True,False,True,False,False,5.575998852809352
2022-08-24 00:00:00+00:00,92.4944091473,92.6921735457,90.3387772044,90.3387772044,501584,,,,,,,83.69816176370985,,,,85.12212511394223,"rgba(38, 166, 154, 1.0)",6.630045925818332,85.12212511394223,1.1119506736218916,4,0.35560079872879613,1.4224031949151845,0.0,0.0,0.0,0.0,66.5496296550012,23.152831277966982,True,False,True,False,False,7.187665995128796
2022-08-25 00:00:00+00:00,93.5524486789,94.5116060113,93.1074787824,93.6513308781,470825,,,,,,,83.76489769503854,,,,85.22326530913824,"rgba(38, 166, 154, 1.0)",6.75743691305262,85.22326530913824,1.2325950618455896,4,0.3556853432381127,1.4227413729524507,0.0,0.0,0.0,0.0,67.05384450830529,23.152831277966982,True,False,True,False,False,8.09453261438139
2022-08-26 00:00:00+00:00,90.0421306067,94.046859675,90.0322423868,93.7403248574,495796,,,,,,,83.81786093120228,,,,85.27528344368602,"rgba(38, 166, 154, 0.5)",6.8175476864597595,85.27528344368602,0.6992026139371712,4,0.3576267024914776,1.4305068099659104,0.0,0.0,0.0,0.0,62.93302319468654,19.703156679708343,True,False,True,False,False,4.495420824289532
2022-08-29 00:00:00+00:00,89.3895080919,90.2349508952,88.5094565189,88.8357677763,533230,,,,,,,83.85917629209182,,,,85.29270886909538,"rgba(38, 166, 154, 0.5)",6.869290142378102,85.29270886909538,0.5963933882382694,4,0.3596527966671649,1.4386111866686595,0.0,0.0,0.0,0.0,59.48167838261662,16.464392762199594,True,False,True,False,False,3.847531986631889
2022-08-30 00:00:00+00:00,88.4402389794,90.6799207917,88.4303507595,90.002577727,874885,,,,,,,83.92330706224075,,,,85.32533708761308,#000000,6.898558681865411,85.32533708761308,0.4515293752556188,4,0.3596711285097438,1.4386845140389752,0.0,0.0,0.0,0.0,56.16072452389328,13.373846391271158,False,False,True,False,False,2.9051525754143412
2022-08-31 00:00:00+00:00,88.618226938,90.1113481462,88.5490093986,88.5786740583,890969,,,,,,,83.98594993660525,,,,85.363988356617,#000000,6.936802631761229,85.363988356617,0.46912659248555943,4,0.3594858152205307,1.4379432608821228,0.0,0.0,0.0,0.0,54.146352088045845,11.486979028619196,False,False,False,False,False,3.069637133672444
2022-09-01 00:00:00+00:00,87.352534788,88.0348219626,85.7259226109,87.9557162033,940648,,,,,,,84.02449952555514,,,,85.35669684148812,#000000,6.955184156302759,85.35669684148812,0.28695688017164345,4,0.35936833866545037,1.4374733546618015,0.0,0.0,0.0,0.0,51.38500028221072,8.8403787590846,False,False,False,False,False,1.7982332786666149
2022-09-02 00:00:00+00:00,87.1448821697,88.8061031165,86.6208065138,88.4402389794,634756,,,,,,,84.05407646132524,,,,85.36542245811471,#000000,6.97537848217226,85.36542245811471,0.2551058291866527,4,0.3591607821978957,1.4366431287915828,0.0,0.0,0.0,0.0,49.313385436306135,6.813993203967591,False,True,False,True,False,1.5894222629423211
2022-09-06 00:00:00+00:00,86.729576933,88.2325863611,84.959585567,87.6887342654,747275,,,,,,,84.07955901866434,,,,85.47863598421871,#000000,6.972398542773277,85.47863598421871,0.1794132881399704,4,0.3592099191108665,1.436839676443466,0.0,0.0,0.0,0.0,47.448463493609125,4.927540437107226,False,True,False,True,False,1.1667811908137828
2022-09-07 00:00:00+00:00,88.9544264153,88.9544264153,86.3192158062,86.4131538955,856566,,,,,,,84.12418714966662,,,,85.57586355270456,#000000,7.008079078458575,85.57586355270456,0.48209542511876996,3,0.4170943461735974,1.2512830385207923,0.0,0.0,0.0,0.0,49.19214707892536,4.927540437107226,False,True,False,True,False,3.328777122892582
2022-09-08 00:00:00+00:00,90.0322423868,90.1756215757,87.5799638462,87.8073929044,992555,,,,,,,84.18982777574831,,,,85.6973093562964,"rgba(38, 166, 154, 0.5)",7.048533097116794,85.6973093562964,0.6150120841848354,3,0.4209655381673385,1.2628966145020155,0.0,0.0,0.0,0.0,51.58822954231229,4.927540437107226,False,False,False,False,True,4.351420960609239
2022-09-09 00:00:00+00:00,91.9110041719,92.610892378,90.635423802,90.635423802,678975,,,,,,,84.25505319618325,,,,85.83603120252816,"rgba(38, 166, 154, 0.5)",7.122598466557398,85.83603120252816,0.8529152665134148,3,0.4235130409303914,1.2705391227911742,0.0,0.0,0.0,0.0,55.081683382268636,-2.3060542187731485,False,False,True,False,True,6.100057220189253
2022-09-12 00:00:00+00:00,93.0481494629,93.7007719777,92.5735149067,92.6130677864,824674,,,,,,,84.34722722965196,,,,86.01766321137826,"rgba(38, 166, 154, 0.5)",7.20560486701896,86.01766321137826,0.9756968889178527,3,0.4285703095705971,1.2857109287117914,0.0,0.0,0.0,0.0,58.42071706180059,0.9281815332695373,False,False,True,False,True,7.137452742624195
2022-09-13 00:00:00+00:00,89.5180549509,91.9703334915,89.4290609716,90.131124586,937541,,,,,,,84.4169359352219,,,,86.09178417367607,#000000,7.239898191357404,86.09178417367607,0.47324847486308785,4,0.3518131180443626,1.4072524721774504,0.0,0.0,0.0,0.0,55.99593574279709,0.9281815332695373,False,False,True,False,True,3.398273314790039
2022-09-14 00:00:00+00:00,92.1977625497,92.3757505082,88.5094565189,89.9531366274,835867,,,,,,,84.48517498748343,,,,86.17319855446993,"rgba(38, 166, 154, 0.5)",7.307699997094353,86.17319855446993,0.824413152924384,4,0.3544401116411575,1.41776044656463,0.0,0.0,0.0,0.0,56.8513922016895,0.9281815332695373,False,False,True,False,True,5.837112644194978
2022-09-15 00:00:00+00:00,92.3955269481,95.6289748625,91.6637986739,93.2459138613,998246,,,,,,,84.59165949358456,,,,86.90396995267018,"rgba(38, 166, 154, 0.5)",7.367213966321571,86.90396995267018,0.7454048464635182,4,0.3553019102631131,1.4212076410524523,0.0,0.0,0.0,0.0,57.5898389982877,0.9281815332695373,False,False,True,False,True,6.014064402374608
2022-09-16 00:00:00+00:00,88.0545984025,90.8727410801,86.6653035035,90.8727410801,1508510,,,,,,,84.66284065056469,,,,86.6809937644786,#000000,7.37228733486885,86.6809937644786,0.18632000838120355,3,0.3616814701316286,1.0850444103948857,0.0,0.0,0.0,0.0,53.60969870655225,0.9281815332695373,False,False,False,False,False,1.6231954543490161
2022-09-19 00:00:00+00:00,88.7764384568,90.0816834864,86.5318125345,86.719688713,1169679,,,,,,,84.71535377073822,,,,86.64353994225796,#000000,7.3795256653895045,86.64353994225796,0.2890292155965361,3,0.3652792343590579,1.0958377030771738,0.0,0.0,0.0,0.0,51.679002358317334,0.9281815332695373,False,True,False,False,False,2.2918555098819624
2022-09-20 00:00:00+00:00,88.2622510208,89.3895080919,87.2536525888,88.8061031165,953292,,,,,,,84.75529220825575,,,,86.62856724046662,#000000,7.362703814429763,86.62856724046662,0.22188639140034436,3,0.3699464424161438,1.1098393272484313,0.0,0.0,0.0,0.0,49.90873954301975,7.010937635748412,False,True,False,False,False,1.7832657954726656
2022-09-21 00:00:00+00:00,84.3069630522,88.1831452615,84.2278572928,88.1831452615,1144747,,,,,,,84.7660780919437,,,,86.5142274365242,#000000,7.308886620764129,86.5142274365242,-0.30199734909739584,3,0.3771180273664974,1.1313540820994923,0.0,0.0,0.0,0.0,45.57361043645914,2.7788524192553226,False,True,False,True,False,0.0
2022-09-22 00:00:00+00:00,80.163798905,84.2179690729,79.8770405273,84.0300928944,1172744,,,,,,,84.7214415722329,,,,86.27337837606473,"rgba(239, 83, 80, 0.5)",7.210307442021633,86.27337837606473,-0.8473396620313495,4,0.36863540285594437,1.4745416114237775,0.0,0.0,0.0,0.0,40.34119872249161,-2.1461123388568097,False,True,False,True,False,0.0
2022-09-23 00:00:00+00:00,77.9191729828,78.9277714148,76.8314687914,78.7003423566,1657231,77.89280439633333,,,,,,84.5951114670967,,,,85.23048036089911,"rgba(239, 83, 80, 1.0)",7.142541537366487,85.23048036089911,-1.0236282617118444,4,0.3713162959054243,1.4852651836216972,0.0,0.0,0.0,0.0,35.83800218623568,-6.2692234704877094,False,True,False,True,False,0.0
2022-09-26 00:00:00+00:00,77.256662248,80.0649167058,77.2467740281,78.2454842402,859355,77.99410224067849,,,,,,84.53424474857471,,,,85.07088503305106,"rgba(239, 83, 80, 1.0)",7.087250298165848,85.07088503305106,-1.1025746878268639,4,0.37083565423068193,1.4833426169227277,0.0,0.0,0.0,0.0,32.549416490303734,-9.239055892526729,False,True,False,True,False,0.0
2022-09-27 00:00:00+00:00,79.6693879089,81.6173672335,78.6904541367,79.9264816269,1331736,78.68562680226965,,,,,,84.468335699837,,,,84.95001086520924,"rgba(239, 83, 80, 0.5)",7.054845516652749,84.95001086520924,-0.7485100763502871,4,0.371807763745594,1.487231054982376,0.0,0.0,0.0,0.0,33.163012560881356,-9.239055892526729,False,True,False,True,False,0.0
2022-09-28 00:00:00+00:00,82.4974188065,83.3478057198,79.6397232491,79.6397232491,1160267,79.4136479037251,,,,,,84.43537445267316,,,,84.91825726488527,#000000,7.053779750121889,84.91825726488527,-0.343197341587458,4,0.37201780666127393,1.4880712266450957,0.0,0.0,0.0,0.0,36.36854946816203,-9.239055892526729,False,True,False,True,False,0.0
2022-09-29 00:00:00+00:00,80.4307808429,81.5580379139,78.7794481159,80.9251918389,804221,79.5302023389744,,,,,,84.39951746723005,,,,84.84507699152904,"rgba(239, 83, 80, 0.5)",7.036560269313594,84.84507699152904,-0.6273372187089421,4,0.3717819630189927,1.4871278520759708,0.0,0.0,0.0,0.0,37.17646575701828,-9.239055892526729,False,True,False,True,True,0.0
2022-09-30 00:00:00+00:00,80.0550284858,81.6223113434,79.0859829335,79.3925177511,791660,79.61701486378976,,,,,,84.36480263508624,,,,84.77602011444584,"rgba(239, 83, 80, 0.5)",7.026587752913682,84.77602011444584,-0.671875424410407,4,0.3721469489716415,1.488587795886566,0.0,0.0,0.0,0.0,37.478442328062094,-9.239055892526729,False,True,False,True,True,0.0
2022-10-03 00:00:00+00:00,81.4888203745,82.1711075491,79.8058453438,80.78675676,642862,79.75346202835232,,,,,,84.34312252625156,,,,84.7397306774572,#000000,7.025284427776316,84.7397306774572,-0.46274429688624097,4,0.37205532224574156,1.4882212889829662,0.0,0.0,0.0,0.0,39.15201630504716,-9.239055892526729,False,True,False,True,True,0.0
2022-10-04 00:00:00+00:00,85.1079088658,85.9582957791,83.6840051971,83.6840051971,710438,80.21441861167632,,,,,,84.3473727940986,,,,84.77710662291426,#000000,6.9787297805358595,84.77710662291426,0.04740149759177779,4,0.37191011750963654,1.4876404700385462,0.0,0.0,0.0,0.0,43.43635624913285,-14.162596492754226,False,True,False,True,True,0.0
2022-10-05 00:00:00+00:00,84.7914858283,85.2661203846,83.189594201,83.6543405373,466091,80.44687674984323,,,,,,84.34770349952076,,,,84.79169886346098,#000000,6.922267235465079,84.79169886346098,-3.077534480187279e-05,4,0.37243073204469407,1.4897229281787763,0.0,0.0,0.0,0.0,46.02128097377651,-11.548551970518808,False,True,False,True,True,0.0
2022-10-06 00:00:00+00:00,82.6951832049,85.4441083432,82.6655185452,84.3168512721,437342,80.60257732989743,,,,,,84.34433205799947,,,,84.7940269208208,#000000,6.846000345599293,84.7940269208208,-0.30657955155815325,4,0.3724320701905089,1.4897282807620356,0.0,0.0,0.0,0.0,45.99763687378052,-11.343671193178658,False,True,False,True,True,0.0
2022-10-07 00:00:00+00:00,81.8546845116,82.0425606901,80.6285452413,81.4888203745,494775,80.65049063093467,,,,,,84.3299090374036,,,,84.76821394091611,#000000,6.728321065262807,84.76821394091611,-0.4330247324786829,4,0.37275698937698365,1.4910279575079346,0.0,0.0,0.0,0.0,45.32016794683255,-11.343671193178658,False,True,False,True,True,0.0
2022-10-10 00:00:00+00:00,81.0141858182,82.4677541467,80.3022339839,81.9041256112,615314,80.6881884282005,,,,,,84.31062180800589,,,,84.73297192699667,"rgba(239, 83, 80, 0.5)",6.565082840089292,84.73297192699667,-0.5664492283460789,4,0.37263443003543806,1.4905377201417522,0.0,0.0,0.0,0.0,44.20368455313947,-11.343671193178658,False,True,False,True,True,0.0
2022-10-11 00:00:00+00:00,79.7386054483,81.2465589864,78.6311248171,80.8658625194,600753,80.64181426654639,,,,,,84.28354970171821,,,,84.33556949263728,"rgba(239, 83, 80, 0.5)",6.513855531838129,84.33556949263728,-0.7057209085876155,4,0.3732255533432422,1.4929022133729688,0.0,0.0,0.0,0.0,42.474419299442225,-11.343671193178658,False,True,False,True,True,0.0
2022-10-12 00:00:00+00:00,81.2910559761,81.9140138311,79.0958711534,79.5902821495,478031,80.64722900340378,,,,,,84.26656492086835,,,,84.33501321563777,#000000,6.465746181852415,84.33501321563777,-0.4707820495770979,4,0.37321571119629116,1.4928628447851646,0.0,0.0,0.0,0.0,43.07249798622784,-11.343671193178658,False,True,False,True,True,0.0
2022-10-13 00:00:00+00:00,81.9733431506,82.4726982567,78.9772125144,79.3529648714,622216,80.67355501367948,,,,,,84.24703857932523,,,,84.32643012755305,#000000,6.388062064806917,84.32643012755305,-0.36835693721835727,4,0.373676747800277,1.494706991201108,0.0,0.0,0.0,0.0,44.21384974794478,-11.343671193178658,False,True,False,True,True,0.0
2022-10-14 00:00:00+00:00,82.2502133085,84.5541685502,81.9041256112,83.4269114791,791619,80.81514307903319,,,,,,84.23643858484269,,,,84.3697487618712,#000000,6.299908976267687,84.3697487618712,-0.3364390598904962,4,0.37375975803140943,1.4950390321256377,0.0,0.0,0.0,0.0,45.28741399035234,-10.292971724094741,False,True,False,True,True,0.0
2022-10-17 00:00:00+00:00,84.7123800689,84.7815976084,82.9127240432,83.0808237819,608075,80.9696006283131,,,,,,84.23583125185033,,,,84.41713171072763,#000000,6.177443490942441,84.41713171072763,0.04779458664498913,4,0.3741563179897138,1.4966252719588553,0.0,0.0,0.0,0.0,48.56813333486269,-6.939143574921985,False,True,False,False,True,0.0
2022-10-18 00:00:00+00:00,85.9484075592,87.985380863,85.0980206459,86.7987944724,634188,81.21827244777866,,,,,,84.24898633513531,,,,84.50669218958278,#000000,6.080713993813574,84.50669218958278,0.23709639543711597,4,0.3739611693818099,1.4958446775272396,0.0,0.0,0.0,0.0,51.873923115093575,-3.7050863589785337,False,False,True,False,True,0.9730991506421134
2022-10-19 00:00:00+00:00,85.6319845217,87.2190438191,84.8903680275,85.5331023224,622305,81.42220543466746,,,,,,84.2591184642509,,,,84.56741983635183,#000000,5.976737698429416,84.56741983635183,0.1781180200743832,4,0.3739513810921031,1.4958055243684123,0.0,0.0,0.0,0.0,53.67565843734005,-1.9483374422835453,False,False,True,False,True,0.6691448625374825
2022-10-20 00:00:00+00:00,84.0993104338,87.0756646302,83.8026638362,85.9088546795,424084,81.52484010469475,,,,,,84.26214777540362,,,,84.58947039940168,#000000,5.815297445649186,84.58947039940168,-0.08428803000754477,4,0.37464270017762424,1.498570800710497,0.0,0.0,0.0,0.0,52.9862213000372,-1.9483374422835453,False,False,True,False,True,0.0
2022-10-21 00:00:00+00:00,87.5997402861,87.8172811244,83.6840051971,83.7828873963,470154,81.67439060959524,,,,,,84.27174209253467,,,,84.6320921061298,"rgba(38, 166, 154, 0.5)",5.699045272843547,84.6320921061298,0.5207272513014246,4,0.37456984076668876,1.498279363066755,0.0,0.0,0.0,0.0,55.73999968927765,0.15529180762023742,False,False,True,False,True,2.4790887148737006
2022-10-24 00:00:00+00:00,87.0657764103,88.2474186909,86.0275133185,86.0275133185,684208,81.90834718460468,,,,,,84.29046895337648,,,,84.70239836549305,#000000,5.560388744236467,84.70239836549305,0.4250382758321839,5,0.39050638053430714,1.9525319026715358,0.0,0.0,0.0,0.0,56.91549589870681,1.3683493465769203,False,False,True,False,True,1.9611409259699428
2022-10-25 00:00:00+00:00,88.7368855771,88.9148735357,86.1971951724,86.6999122732,928275,82.2414582671525,,,,,,84.32289353347316,,,,84.80684958822542,"rgba(38, 166, 154, 0.5)",5.41887962578515,84.80684958822542,0.7252488079222003,4,0.41698017974409474,1.667920718976379,0.0,0.0,0.0,0.0,59.05958758202924,3.513938383797978,True,False,True,False,True,3.487822110053621
2022-10-26 00:00:00+00:00,88.4699036392,91.5550282547,87.9656044232,89.4191727517,863297,82.58723176113844,,,,,,84.36382072064994,,,,84.92350253414448,"rgba(38, 166, 154, 0.5)",5.266005739121273,84.92350253414448,0.6734518116281626,4,0.4186974557164461,1.6747898228657845,0.0,0.0,0.0,0.0,60.123602640373406,4.644371160771719,True,False,True,False,True,3.2212772822110622
2022-10-27 00:00:00+00:00,89.9828012872,91.2880463169,89.4735579612,89.5872724903,693342,82.87603518661903,,,,,,84.4021959637199,,,,85.02448130746639,"rgba(38, 166, 154, 0.5)",5.126440212634685,85.02448130746639,0.9672052679973294,4,0.42230490240663277,1.689219609626531,0.0,0.0,0.0,0.0,62.057976653309055,6.6158716294444275,True,False,True,False,True,4.603633017995705
2022-10-28 00:00:00+00:00,91.7033515536,92.0692156907,89.0928614942,90.0421306067,504501,83.0917339900372,,,,,,84.43314523498839,,,,85.10187878461207,"rgba(38, 166, 154, 1.0)",4.9698284288082295,85.10187878461207,1.3283099937055518,4,0.4235694761694537,1.6942779046778147,0.0,0.0,0.0,0.0,64.58066596149033,9.105288673535341,True,False,True,False,True,6.142520809544134
2022-10-31 00:00:00+00:00,93.1569198821,93.8095423969,91.4165931758,91.6341340141,1334485,83.73174733366034,,,,,,84.5363126101651,,,,85.34503220744908,"rgba(0, 255, 255, 0.75)",4.875336179393242,85.34503220744908,1.6023280010247711,4,0.42282058779796733,1.6912823511918693,0.0,0.0,0.0,0.0,67.19036284965848,11.626498895625488,True,False,True,False,True,7.4161460926940315
2022-11-01 00:00:00+00:00,92.8602732844,94.7983643891,92.405415168,94.7192586297,971761,84.17278763083908,,,,,,84.61484030980898,,,,85.51613885328287,"rgba(0, 255, 255, 0.75)",4.791147665151981,85.51613885328287,1.532854953424643,4,0.4199968188765866,1.6799872755063463,0.0,0.0,0.0,0.0,68.44358455608224,12.868388162682898,True,False,True,False,True,7.099910259481039
2022-11-02 00:00:00+00:00,90.9419586196,94.0270832352,90.506876943,91.9901099313,1063777,84.53838722678948,,,,,,84.68445098381659,,,,85.65398448999767,"rgba(38, 166, 154, 1.0)",4.742796918578646,85.65398448999767,1.1149484619272017,3,0.30097554869233956,0.9029266460770187,0.0,0.0,0.0,0.0,66.31299530309097,12.868388162682898,True,False,True,False,True,5.0725231092866565
2022-11-03 00:00:00+00:00,89.2016319134,97.1220960706,87.5700756263,95.9453979,1416327,84.9426373083004,,,,,,84.76837940233472,,,,86.17290080032153,"rgba(38, 166, 154, 0.5)",4.6926122350460355,86.17290080032153,0.6454253966391847,3,0.3008507180159778,0.9025521540479333,0.0,0.0,0.0,0.0,62.59182807725996,18.373175652149556,True,False,True,False,False,3.2829636679276675
2022-11-04 00:00:00+00:00,90.9617350594,93.2261374215,89.2115201333,91.2188287774,832607,85.15288351800741,,,,,,84.81551063532697,,,,86.24424937690122,"rgba(38, 166, 154, 1.0)",4.651108058292903,86.24424937690122,1.0142713571419872,3,0.2997599406789669,0.8992798220369007,0.0,0.0,0.0,0.0,61.7573829256861,17.569618284736066,True,False,True,False,False,4.899789341495801
2022-11-07 00:00:00+00:00,89.0829732743,91.2766748639,86.6109182939,90.9419586196,830089,85.27855944628507,,,,,,84.84610493311122,,,,86.24396537917532,"rgba(38, 166, 154, 0.5)",4.5702395567053875,86.24396537917532,0.6211945478786403,3,0.29894438642155075,0.8968331592646522,0.0,0.0,0.0,0.0,58.907797767330266,14.81749742415876,True,False,True,False,False,2.984834485575032
2022-11-08 00:00:00+00:00,90.1212363661,91.139723018,88.5490093986,89.4488374114,674101,85.39923929369441,,,,,,84.87622151155205,,,,86.27801979209214,"rgba(38, 166, 154, 0.5)",4.515169173375765,86.27801979209214,0.8511788653833515,3,0.29990006461650515,0.8997001938495155,0.0,0.0,0.0,0.0,58.0230126057029,13.90996957565686,True,False,True,False,False,3.94515503999547
2022-11-09 00:00:00+00:00,88.8357677763,90.9617350594,88.3215803404,89.4883902911,599080,85.48867375399598,,,,,,84.89974097432835,,,,86.29830853450083,"rgba(38, 166, 154, 0.5)",4.411522051926129,86.29830853450083,0.5751890644389459,3,0.30177136704868124,0.9053141011460437,0.0,0.0,0.0,0.0,55.90667077202899,11.790669446405289,True,False,True,False,False,2.637208034613529
2022-11-10 00:00:00+00:00,93.1173670024,93.7502130774,91.9604452715,91.9604452715,720434,85.68510068334963,,,,,,84.9500127323682,,,,86.40129416909826,"rgba(0, 255, 255, 0.75)",4.433941859242566,86.40129416909826,1.5146957372257965,3,0.3022624299548528,0.9067872898645584,0.0,0.0,0.0,0.0,58.19659979130285,11.790669446405289,True,False,True,False,False,6.494719143457303
2022-11-11 00:00:00+00:00,95.0356816672,96.8452259128,93.8935922662,94.1061889945,927701,85.99928458914201,,,,,,85.0323170810943,,,,86.57951051658294,"rgba(0, 255, 255, 0.75)",4.486954718924808,86.57951051658294,1.8846125446622233,3,0.3032782302885228,0.9098346908655683,0.0,0.0,0.0,0.0,60.98521633778845,11.790669446405289,True,False,True,False,True,8.124563958372743
2022-11-14 00:00:00+00:00,90.7046413415,94.7785879492,90.5760944825,94.3830591523,1066742,86.21822613400913,,,,,,85.09588578315831,,,,86.67482938886714,"rgba(38, 166, 154, 0.5)",4.460134263337678,86.67482938886714,0.9035180814528221,3,0.3091885066795419,0.9275655200386257,0.0,0.0,0.0,0.0,58.370006151339936,11.790669446405289,True,False,True,False,True,3.805166203564685
2022-11-15 00:00:00+00:00,91.4067049559,93.7403248574,90.516765163,92.5834031266,947354,86.3956064727869,,,,,,85.15032137508024,,,,86.7515378576197,"rgba(38, 166, 154, 1.0)",4.450815383883408,86.7515378576197,1.0459133207674396,3,0.3106735336699513,0.932020601009854,0.0,0.0,0.0,0.0,57.1687028663591,11.790669446405289,True,False,True,False,False,4.4118796192564815
2022-11-16 00:00:00+00:00,93.0778141227,93.1371434422,90.2893361048,90.2893361048,653167,86.51749194402997,,,,,,85.188887020234,,,,86.80642845776161,"rgba(38, 166, 154, 1.0)",4.458922520190865,86.80642845776161,1.4064800714837147,3,0.31080117664159174,0.9324035299247753,0.0,0.0,0.0,0.0,57.62397196743045,11.790669446405289,True,False,True,False,False,5.843314411765167
2022-11-17 00:00:00+00:00,93.2656903012,93.3447960606,90.4376594036,91.4561460555,497308,86.60976455230342,,,,,,85.21872242790593,,,,86.84894845222591,"rgba(38, 166, 154, 1.0)",4.483040388606649,86.84894845222591,1.4313370598404176,3,0.31217071309769634,0.9365121392930891,0.0,0.0,0.0,0.0,58.06843568377512,11.790669446405289,True,False,True,False,False,6.003825774574889
2022-11-18 00:00:00+00:00,94.7291468496,95.0060170074,93.2305871205,94.6302646504,558840,86.74448928021167,,,,,,85.26114686488224,,,,86.91914662278643,"rgba(0, 255, 255, 0.75)",4.54126698635,86.91914662278643,1.7197844236616406,3,0.3131186282330729,0.9393558846992187,0.0,0.0,0.0,0.0,59.464096695072044,11.790669446405289,True,False,True,False,False,7.253623475346952
2022-11-21 00:00:00+00:00,94.0963007746,95.6289748625,93.9479774758,94.422612032,471713,86.85802624339355,,,,,,85.29757457619596,,,,86.97875008158992,"rgba(0, 255, 255, 0.75)",4.5731708638094135,86.97875008158992,1.5563710399136963,3,0.31615847656899304,0.9484754297069791,0.0,0.0,0.0,0.0,59.63052816232103,11.790669446405289,True,False,True,False,False,6.601387964993442
2022-11-22 00:00:00+00:00,95.9651743398,96.0146154394,93.9380892559,94.3237298328,271705,86.92814839898836,,,,,,85.32011241407227,,,,87.0164978626661,"rgba(0, 255, 255, 0.75)",4.643417135998377,87.0164978626661,1.927174797146424,3,0.3169408632520913,0.9508225897562739,0.0,0.0,0.0,0.0,61.16706327494573,11.790669446405289,True,False,True,False,True,8.197623836159593
2022-11-23 00:00:00+00:00,95.2037814058,96.3359825869,94.936799468,95.9552861199,495266,87.05579303048081,,,,,,85.36169578253539,,,,87.08550019370452,"rgba(0, 255, 255, 0.75)",4.71029562616266,87.08550019370452,1.723518406573816,3,0.3187610375562761,0.9562831126688283,0.0,0.0,0.0,0.0,61.21315945052895,11.790669446405289,True,False,True,False,True,7.398212298613785
2022-11-25 00:00:00+00:00,95.1246756465,96.3705913566,94.6203764305,95.1938931859,377621,87.14923736928884,,,,,,85.39279992812136,,,,87.13578141898104,"rgba(0, 255, 255, 0.75)",4.774476843600406,87.13578141898104,1.6732501778131097,3,0.3232329067679041,0.9696987203037124,0.0,0.0,0.0,0.0,61.13775077865833,11.790669446405289,True,False,True,False,True,7.314361290662248
2022-11-28 00:00:00+00:00,93.2656903012,94.9170230281,93.0283730231,94.2545122934,511842,87.2480673897341,,,,,,85.4277958045525,,,,87.18574899382662,"rgba(38, 166, 154, 1.0)",4.807425496163593,87.18574899382662,1.264697978621878,3,0.327798217438425,0.983394652315275,0.0,0.0,0.0,0.0,58.68111289237732,11.790669446405289,True,False,True,False,False,5.353543147991072
2022-11-29 00:00:00+00:00,96.9638845519,96.9836609917,93.1865845418,93.4931193594,702632,87.4188439437601,,,,,,85.48666306511606,,,,87.27878217219664,"rgba(0, 255, 255, 0.75)",4.895584830148508,87.27878217219664,1.9783340940309178,3,0.33038579527298134,0.991157385818944,0.0,0.0,0.0,0.0,60.2139353516378,11.790669446405289,True,False,True,False,False,8.566017499540731
2022-11-30 00:00:00+00:00,99.1986222542,99.4260513124,96.696902614,97.5176248675,1180322,87.7801965662622,,,,,,85.61004313585825,,,,87.48620345495638,"rgba(0, 255, 0, 1.0)",5.036638306157887,87.48620345495638,2.3254436962296463,3,0.3314161293081718,0.9942483879245154,0.0,0.0,0.0,0.0,62.708348741831436,8.442020201289012,True,False,True,False,True,10.403241574591966
2022-12-01 00:00:00+00:00,99.8018036694,101.0576075995,99.1096282749,99.1096282749,1181217,88.16806924767795,,,,,,85.74581282852286,,,,87.71287735871267,"rgba(0, 255, 0, 1.0)",5.1628762352081425,87.71287735871267,2.3415099955809726,3,0.3322497500214028,0.9967492500642083,0.0,0.0,0.0,0.0,64.74262943902909,10.407761370669945,True,False,True,False,True,10.89153685423976
2022-12-02 00:00:00+00:00,98.5163350796,99.4557159722,97.5021003622,98.3976764405,404155,88.27907212500179,,,,,,85.78685513374462,,,,87.77671016402131,"rgba(0, 255, 0, 1.0)",5.255326541000268,87.77671016402131,2.0435694778986218,3,0.33480544915622173,1.0044163474686651,0.0,0.0,0.0,0.0,64.38315750580477,10.407761370669945,True,False,True,False,True,9.502452699685925
2022-12-05 00:00:00+00:00,96.825449473,98.8624227769,96.7661201535,97.9032654445,676076,88.44172886392369,,,,,,85.84952971172602,,,,87.86915339055149,"rgba(0, 255, 255, 0.75)",5.297796138174292,87.86915339055149,1.6905701633009615,3,0.3410302832077858,1.0230908496233573,0.0,0.0,0.0,0.0,62.07106118585851,10.407761370669945,True,False,True,False,False,7.707108577002725
2022-12-06 00:00:00+00:00,95.3718811445,97.4187426683,94.0073067953,96.696902614,895887,88.60548324800091,,,,,,85.9182629723309,,,,87.9594072625857,"rgba(38, 166, 154, 1.0)",5.348418182013254,87.9594072625857,1.385918907171931,3,0.3471227863915642,1.0413683591746925,0.0,0.0,0.0,0.0,58.91080872210623,13.419762410540983,True,False,True,False,False,6.193906339737779
2022-12-07 00:00:00+00:00,94.422612032,95.5202044433,93.9479774758,94.808252609,506843,88.6824676953075,,,,,,85.95287137917623,,,,88.00105929105757,"rgba(38, 166, 154, 1.0)",5.387310007660906,88.00105929105757,1.1919775791277656,3,0.35331871722891933,1.059956151686758,0.0,0.0,0.0,0.0,55.80030909424866,10.563540045434593,False,False,True,False,False,5.215898332320542
2022-12-08 00:00:00+00:00,96.0739447589,97.4879602077,95.3570488146,95.7179688418,555721,88.78780375785364,,,,,,85.99777118443502,,,,88.06087854954748,"rgba(38, 166, 154, 1.0)",5.447252843287726,88.06087854954748,1.4710288726961638,3,0.35486245783150466,1.064587373494514,0.0,0.0,0.0,0.0,55.386152562003886,10.228166019143366,False,False,True,False,False,6.676751754162595
2022-12-09 00:00:00+00:00,97.5571777472,98.0606859056,95.5795337629,95.7772981613,663967,88.9222370464505,,,,,,86.05482372532953,,,,88.13865003736215,"rgba(0, 255, 255, 0.75)",5.522378241581969,88.13865003736215,1.7055202120924926,3,0.354105738826575,1.062317216479725,0.0,0.0,0.0,0.0,56.45643641263383,10.228166019143366,False,False,True,False,False,7.962966981657754
2022-12-12 00:00:00+00:00,99.0107460757,99.3667219929,96.2815973773,97.20120183,735698,89.08658083709773,,,,,,86.12390998005033,,,,88.23566807010444,"rgba(0, 255, 255, 0.75)",5.6178334715092095,88.23566807010444,1.91801306682394,3,0.3523903986208204,1.0571711958624612,0.0,0.0,0.0,0.0,58.37672494937316,10.228166019143366,False,False,True,False,True,9.20164989012953
2022-12-13 00:00:00+00:00,99.8907976487,102.3430761893,98.723987698,102.2343057701,831118,89.30649338067863,,,,,,86.21440339747107,,,,89.1153866296632,"rgba(0, 255, 255, 0.75)",5.753395158075302,89.1153866296632,1.8728786608569261,3,0.3507962219524304,1.0523886658572912,0.0,0.0,0.0,0.0,60.34997251276181,5.415899304586176,True,False,True,False,True,9.944288268716324
2022-12-14 00:00:00+00:00,98.5064468597,100.1380031468,96.7206343418,99.4260513124,1175568,89.55300609757296,,,,,,86.32378902983383,,,,89.18595456557352,"rgba(0, 255, 255, 0.75)",5.852043734332644,89.18595456557352,1.592690129679862,3,0.3502249530982739,1.0506748592948216,0.0,0.0,0.0,0.0,59.80213373963426,5.415899304586176,True,False,True,False,True,8.432778201764979
2022-12-15 00:00:00+00:00,95.8761803605,97.586842407,95.5251485533,97.329748689,1028995,89.70915071277209,,,,,,86.4014461957264,,,,89.2116855049921,"rgba(38, 166, 154, 1.0)",5.899009640705728,89.2116855049921,1.1297650387821014,3,0.3540663107392537,1.0621989322177612,0.0,0.0,0.0,0.0,56.427877050371364,5.415899304586176,False,False,True,False,False,5.650432507494138
2022-12-16 00:00:00+00:00,94.8379172687,95.7871863812,94.0765243348,94.926911248,1051519,89.82857947574655,,,,,,86.46832431362559,,,,89.22415778130471,"rgba(38, 166, 154, 0.5)",5.930626739262835,89.22415778130471,0.9465710344288273,3,0.3550577062423812,1.0651731187271436,0.0,0.0,0.0,0.0,53.141924534730606,8.336156976536223,False,True,False,False,False,4.581456754579335
2022-12-19 00:00:00+00:00,93.2656903012,94.9466876879,92.7712793051,94.9466876879,500196,89.87006717895089,,,,,,86.49514781688252,,,,89.2215152706509,"rgba(38, 166, 154, 0.5)",5.940388973858974,89.2215152706509,0.6807929663100725,3,0.3573659277722763,1.072097783316829,0.0,0.0,0.0,0.0,49.485709916387584,4.985823762669398,False,True,False,False,False,2.9842908502772083
2022-12-20 00:00:00+00:00,93.1470316621,94.046859675,92.1384332301,92.8207204047,766612,89.92295438941127,,,,,,86.53274394310175,,,,89.21582477577975,"rgba(38, 166, 154, 0.5)",5.946973999933358,89.21582477577975,0.661043227423612,3,0.35995954865396734,1.079878645961902,0.0,0.0,0.0,0.0,46.93890674086945,2.710890886933967,False,True,False,True,False,2.8639445916638557
2022-12-21 00:00:00+00:00,90.8727410801,93.9875303555,90.5365416028,93.671107318,909329,89.95857969039392,,,,,,86.56800510640004,,,,89.1925404041265,#000000,5.938212970589015,89.1925404041265,0.2829471903913266,3,0.3627126360631696,1.0881379081895088,0.0,0.0,0.0,0.0,43.27616099013403,-0.618160124892853,False,True,False,True,False,0.5827176936434775
2022-12-22 00:00:00+00:00,89.4883902911,91.1100583583,88.4204625396,90.1509010259,800946,89.95388096727554,,,,,,86.5862098655425,,,,89.14467558224362,#000000,5.9375557654806155,89.14467558224362,0.05788824937942455,3,0.36590433360232444,1.0977130008069733,0.0,0.0,0.0,0.0,39.80146376284313,-3.741168983583357,False,True,False,True,False,0.0
2022-12-23 00:00:00+00:00,90.0717952665,90.0816834864,88.6577798177,88.6577798177,578661,89.94976829624152,,,,,,86.59893806209229,,,,89.11526828468783,#000000,5.9375815081839125,89.11526828468783,0.16109706965601575,2,0.48398252413393505,0.9679650482678701,0.0,0.0,0.0,0.0,38.34494635909148,-5.011453215871349,False,True,False,True,False,0.0
2022-12-27 00:00:00+00:00,89.003867515,90.6255355821,88.9544264153,89.8740308681,536048,89.94522774284452,,,,,,86.61033844209818,,,,89.09075235826649,#000000,5.9328786573342,89.09075235826649,-0.014644635139989313,2,0.48607937959046005,0.9721587591809201,0.0,0.0,0.0,0.0,36.5258547646631,-6.734169709054193,False,True,False,True,False,0.0
2022-12-28 00:00:00+00:00,87.0954410701,89.3400669923,87.0855528501,88.489680079,583461,89.92085233209768,,,,,,86.61552742004014,,,,89.04836473144272,#000000,5.9276708333402,89.04836473144272,-0.3294588576610055,2,0.48851569735999834,0.9770313947199967,0.0,0.0,0.0,0.0,33.95713302505065,-9.209125692452943,False,True,False,True,False,0.0
2022-12-29 00:00:00+00:00,88.4501271993,89.0335321747,87.0262235306,87.0954410701,558764,89.90164744893484,,,,,,86.62178215703491,,,,88.96516693409656,#000000,5.929270079193863,88.96516693409656,-0.08686393568136867,2,0.49106672154695846,0.9821334430939169,0.0,0.0,0.0,0.0,34.3344236207704,-9.209125692452943,False,True,False,True,False,0.0
2022-12-30 00:00:00+00:00,89.4389491915,89.4488374114,87.1448821697,87.5997402861,460217,89.89068785101261,,,,,,86.62857277953215,,,,88.95872212052662,#000000,5.92170242752217,88.95872212052662,0.08109611667439477,2,0.49202141394618476,0.9840428278923695,0.0,0.0,0.0,0.0,36.01502265778642,-9.209125692452943,False,True,False,True,False,0.0
2023-01-03 00:00:00+00:00,87.8073929044,91.0111761591,87.8073929044,90.3486654243,764912,89.87579980481907,,,,,,86.6408403776623,,,,88.94318261189908,#000000,5.916099368847111,88.94318261189908,-0.19198286517631746,2,0.4923191361330549,0.9846382722661098,0.0,0.0,0.0,0.0,35.73042177298672,-9.209125692452943,False,True,False,True,False,0.0
2023-01-04 00:00:00+00:00,90.6255355821,91.0902819184,88.6083387181,88.6083387181,580803,89.87835711506253,,,,,,86.65515586382551,,,,88.9576699784094,#000000,5.914848048730222,88.9576699784094,0.28197945068912666,3,0.40024678034047984,1.2007403410214395,0.0,0.0,0.0,0.0,39.19349291825607,-9.209125692452943,False,True,False,True,True,0.5313645580705035
2023-01-05 00:00:00+00:00,90.9518468395,91.2979345368,89.3202905524,90.1904539056,693150,89.88672299969507,,,,,,86.67412285681091,,,,88.97552026952464,#000000,5.9162364094862205,88.97552026952464,0.33405131796398224,4,0.3796221286837589,1.5184885147350355,0.0,0.0,0.0,0.0,41.8806794817526,-14.465589947798222,False,True,False,True,True,0.8514713178978575
2023-01-06 00:00:00+00:00,94.1556300941,94.2545122934,91.525363595,91.9505570516,987261,89.94885019200177,,,,,,86.72015806272992,,,,89.07220001997862,"rgba(38, 166, 154, 0.5)",5.937338155659227,89.07220001997862,0.8561799818115571,4,0.37857175942852955,1.5142870377141182,0.0,0.0,0.0,0.0,46.931673749573925,-9.666322198937117,False,True,False,False,True,3.9128533349110697
2023-01-09 00:00:00+00:00,95.6190866426,96.7463437136,94.5017177914,94.5214942312,1129683,90.06421235081874,,,,,,86.79024900548526,,,,89.22244496935909,"rgba(38, 166, 154, 1.0)",5.942736371998801,89.22244496935909,1.076379848074842,4,0.37751077376472836,1.5100430950589134,0.0,0.0,0.0,0.0,51.51948425560779,-5.4523616524475855,False,True,False,False,True,5.255056762784388
2023-01-10 00:00:00+00:00,97.1418725105,97.1715371703,94.6500410902,95.4905397836,1038640,90.179037251653,,,,,,86.85874627944287,,,,89.35226813009736,"rgba(38, 166, 154, 1.0)",5.892760236392324,89.35226813009736,1.3218939966869585,4,0.37494038576720734,1.4997615430688294,0.0,0.0,0.0,0.0,55.74236853260888,-1.6473400396563989,False,False,True,False,True,6.625788665309045
2023-01-11 00:00:00+00:00,101.374030637,101.8091123135,98.081253403,98.1109180628,1378229,90.42252907328454,,,,,,86.98686728507201,,,,89.61967864142123,"rgba(0, 255, 0, 1.0)",5.862301458053702,89.61967864142123,2.005074641705861,4,0.36774157353030756,1.4709662941212303,0.0,0.0,0.0,0.0,61.107955252810584,3.1862017307234396,True,False,True,False,True,10.23551032826973
2023-01-12 00:00:00+00:00,102.4221819487,103.0253633639,100.5038672839,101.8486651932,920193,90.60316562050876,,,,,,87.08086193391463,,,,89.80546207291135,"rgba(0, 255, 0, 1.0)",5.821778565994962,89.80546207291135,2.167159010389535,4,0.358437138242087,1.433748552968348,0.0,0.0,0.0,0.0,65.20131223530134,6.789018680688315,True,False,True,False,True,11.088214440376522
2023-01-13 00:00:00+00:00,103.766979858,103.8263091775,101.744838884,101.8981062928,690576,90.74814665764887,,,,,,87.15591677664911,,,,89.94973537952437,"rgba(0, 255, 0, 1.0)",5.869364629036581,89.94973537952437,2.3541295100528865,4,0.3481529105314995,1.392611642125998,0.0,0.0,0.0,0.0,68.5692015683385,9.76927258990198,True,False,True,False,True,12.17121097290066
2023-01-17 00:00:00+00:00,103.8164209576,104.1723968748,102.886928285,103.0649162436,561461,90.86835175796053,,,,,,87.21836632878691,,,,90.06631706477192,"rgba(0, 255, 0, 1.0)",5.966251349297144,90.06631706477192,2.3046471038213827,4,0.3387702891414358,1.3550811565657432,0.0,0.0,0.0,0.0,70.83837132341253,11.82459607046566,True,False,True,False,True,12.21112576135539
2023-01-18 00:00:00+00:00,103.3022335217,105.9226118009,102.6891638865,105.3095421658,732627,91.02603310199709,,,,,,87.30084942545172,,,,90.21553679033991,"rgba(0, 255, 0, 1.0)",5.987202988778609,90.21553679033991,2.1857780262148387,4,0.331066462453769,1.324265849815076,0.0,0.0,0.0,0.0,71.54309727603868,12.572473148989296,True,False,True,False,True,11.62709441914328
2023-01-19 00:00:00+00:00,103.8658620572,104.2515026342,102.1947528905,102.5408405877,737542,91.174593420878,,,,,,87.38043597430061,,,,90.35104401479475,"rgba(0, 255, 0, 1.0)",5.997291448746915,90.35104401479475,2.253486954553303,4,0.32355728992565896,1.2942291597026359,0.0,0.0,0.0,0.0,72.3494810219758,13.590808312611841,True,False,True,False,True,12.098258707695301
2023-01-20 00:00:00+00:00,107.8804793454,108.0288026442,104.1546969611,104.6964725306,893906,91.39643401998164,,,,,,87.49516512332848,,,,90.55644778883072,"rgba(0, 255, 0, 1.0)",6.148652830030526,90.55644778883072,2.8175328865466733,4,0.3115410407916056,1.2461641631664224,0.0,0.0,0.0,0.0,74.85117629909583,16.274513931957955,True,False,True,False,True,15.323041935562703
2023-01-23 00:00:00+00:00,109.3834887735,109.4131534333,107.4948387685,108.0683555239,901820,91.6434221553008,,,,,,87.62190663688216,,,,90.78319350564092,"rgba(0, 255, 0, 1.0)",6.399658760508227,90.78319350564092,2.906451103711965,4,0.29922255798427644,1.1968902319371058,0.0,0.0,0.0,0.0,77.0914404082208,18.692726057622252,True,False,True,False,True,16.46937934759539
2023-01-24 00:00:00+00:00,110.5700751641,111.0150450606,108.187014163,109.1461714954,983860,91.92271479785806,,,,,,87.76596032362995,,,,91.03541742206743,"rgba(0, 255, 0, 1.0)",6.661154798799832,91.03541742206743,2.9326232961216,4,0.28727964567387576,1.149118582695503,0.0,0.0,0.0,0.0,79.0083642721847,20.806778898591418,True,False,True,False,True,17.361310775752212
2023-01-25 00:00:00+00:00,110.8568335418,111.9247612934,109.3538241137,109.3637123337,939154,92.19279320216253,,,,,,87.90657024210064,,,,91.27528224713512,"rgba(0, 255, 0, 1.0)",6.865836706093043,91.27528224713512,2.852026946298818,4,0.27659945401302594,1.1063978160521037,0.0,0.0,0.0,0.0,80.38922682483091,22.437286510703913,True,False,True,False,True,17.577097218890255
2023-01-26 00:00:00+00:00,110.5404105044,111.2029212391,109.6306942716,109.6306942716,705842,92.38800808663255,,,,,,88.00995612396943,,,,91.44540217096885,"rgba(0, 255, 0, 1.0)",7.015530824874451,91.44540217096885,2.721819461718761,4,0.2677851201004538,1.0711404804018152,0.0,0.0,0.0,0.0,80.71736954719346,23.13233586178025,True,False,True,False,True,17.188488393560984
2023-01-27 00:00:00+00:00,110.9853804008,111.3321602735,109.571364952,110.4514165251,644648,92.56434700216404,,,,,,88.10426964936558,,,,91.59745678349381,"rgba(0, 255, 0, 1.0)",7.135250105691293,91.59745678349381,2.7172030875052,4,0.25967096243512805,1.0386838497405122,0.0,0.0,0.0,0.0,81.13484486792817,23.980513222544232,True,False,True,False,True,17.534628385586526
2023-01-30 00:00:00+00:00,107.7024913868,110.5107458446,107.5442798681,109.6900235911,606113,92.70865454833621,,,,,,88.18424985146252,,,,91.71830351084449,"rgba(0, 255, 0, 1.0)",7.104783078874748,91.71830351084449,2.249778451854871,4,0.25492042033832907,1.0196816813533163,0.0,0.0,0.0,0.0,75.77949901266845,23.980513222544232,True,False,True,False,False,13.543518155900543
2023-01-31 00:00:00+00:00,107.9002557853,108.5281577503,107.3168508099,108.0782437439,854413,92.89930954332735,,,,,,88.29226755682376,,,,91.87533915513664,"rgba(0, 255, 0, 1.0)",7.101606130279519,91.87533915513664,2.2565200514059796,4,0.2500812815532556,1.0003251262130224,0.0,0.0,0.0,0.0,72.36621126294123,29.52033336582248,True,False,True,False,False,13.70602552411226
2023-02-01 00:00:00+00:00,108.444107881,109.1955137128,105.9226118009,107.4849505486,725880,93.05692397862063,,,,,,88.38282834928997,,,,92.00403126127104,"rgba(0, 255, 0, 1.0)",7.111494371650462,92.00403126127104,2.311761179937977,4,0.2452019574076825,0.98080782963073,0.0,0.0,0.0,0.0,70.54069093692624,27.68386808476265,True,False,True,False,False,14.157485376547918
2023-02-02 00:00:00+00:00,109.1857243751,110.8766099817,108.2562317024,109.3439358938,912593,93.27116103987069,,,,,,88.50467490820004,,,,92.18071575315071,"rgba(0, 255, 0, 1.0)",7.129368199632692,92.18071575315071,2.3852055533932717,4,0.2401837020403917,0.9607348081615668,0.0,0.0,0.0,0.0,69.9362439204154,26.923769402295562,True,False,True,False,False,14.774723374292765
2023-02-03 00:00:00+00:00,108.7803073583,109.3834887735,107.7420442665,107.7420442665,496750,93.37975352523834,,,,,,88.56788331890282,,,,92.26898156781246,"rgba(0, 255, 0, 1.0)",7.176565576417447,92.26898156781246,2.3007280592188257,4,0.23576665792734497,0.9430666317093799,0.0,0.0,0.0,0.0,68.79337371656851,25.573949017358515,True,False,True,False,False,14.26954432158077
2023-02-06 00:00:00+00:00,109.3933769934,110.0163348485,107.6728267271,107.8804793454,670192,93.5275567602724,,,,,,88.65418937733365,,,,92.38912721876831,"rgba(0, 255, 0, 1.0)",7.248858399491605,92.38912721876831,2.3457831340482898,4,0.23153813488954833,0.9261525395581933,0.0,0.0,0.0,0.0,68.60066189845509,25.06523179997555,True,False,True,False,False,14.79233137785868
2023-02-07 00:00:00+00:00,112.1126374719,112.4982780488,108.182070053,109.3933769934,827423,93.72817014434357,,,,,,88.7696061284169,,,,92.55423008079427,"rgba(0, 255, 0, 1.0)",7.371938049966496,92.55423008079427,2.6530889514453557,4,0.2260468910522447,0.9041875642089788,0.0,0.0,0.0,0.0,70.58273440341392,25.06523179997555,True,False,True,False,False,17.05013238976713
2023-02-08 00:00:00+00:00,110.3129814462,112.2510725508,110.0262230684,111.5687853762,666742,93.88586961691388,,,,,,88.86146214146939,,,,92.68327879828729,"rgba(0, 255, 0, 1.0)",7.395777475930376,92.68327879828729,2.3837524459448294,4,0.22191699775655224,0.887667991026209,0.0,0.0,0.0,0.0,68.75692036507667,24.804325264731958,True,False,True,False,False,14.776556707014262
2023-02-09 00:00:00+00:00,110.5404105044,113.6453115598,110.5206340645,112.0434199324,1430082,94.22816992457268,,,,,,89.06216346232004,,,,92.96322086515762,"rgba(0, 255, 0, 1.0)",7.480515638274389,92.96322086515762,2.3497296829790595,4,0.21837135744774916,0.8734854297909966,0.0,0.0,0.0,0.0,67.74095515052953,23.57773609132248,True,False,True,False,False,14.967761997484835
2023-02-10 00:00:00+00:00,108.2067906028,109.8185704501,107.8162059159,109.2450536946,974874,94.41553044260903,,,,,,89.17926088215026,,,,93.11153759730104,"rgba(0, 255, 0, 1.0)",7.492173185465321,93.11153759730104,2.014802999319807,4,0.21594329371374604,0.8637731748549842,0.0,0.0,0.0,0.0,63.48519256261578,19.368220943725106,False,False,True,False,False,12.073238299924288
2023-02-13 00:00:00+00:00,110.1349934876,110.4909694047,108.315561022,108.4045550013,819599,94.58050527650194,,,,,,89.2818044009292,,,,93.24325824124014,"rgba(0, 255, 0, 1.0)",7.562149586755272,93.24325824124014,2.2337213847164423,4,0.2130353817974004,0.8521415271896016,0.0,0.0,0.0,0.0,62.588562164264204,18.415008568202836,False,False,True,False,False,13.735113318320924
2023-02-14 00:00:00+00:00,114.8121215105,115.3263089464,109.3796323677,110.1152170477,1521790,94.94703343509663,,,,,,89.5019950685711,,,,93.54268819297832,"rgba(0, 255, 0, 1.0)",7.734744353953665,93.54268819297832,2.749856019048604,3,0.20166930252433138,0.6050079075729942,0.0,0.0,0.0,0.0,65.34275945308801,18.415008568202836,True,False,True,False,False,17.494141012107505
2023-02-15 00:00:00+00:00,115.9294903617,117.2015109724,114.0803932363,114.5451395726,1946822,95.45846541283794,,,,,,89.80772001853377,,,,93.96356534246384,"rgba(0, 255, 0, 1.0)",7.943839751082668,93.96356534246384,2.7651520810502785,3,0.19887648618744325,0.5966294585623297,0.0,0.0,0.0,0.0,67.79245760983792,18.415008568202836,True,False,True,False,True,18.3416014109945
2023-02-16 00:00:00+00:00,115.6822848636,118.035681205,110.204211027,113.9815110371,2504276,96.04684464523018,,,,,,90.17447075792902,,,,94.44255996958216,"rgba(0, 255, 0, 1.0)",8.148374329793441,94.44255996958216,2.606621153419232,3,0.19731541002238925,0.5919462300671677,0.0,0.0,0.0,0.0,69.0588508694465,13.159104320469666,True,False,True,False,True,18.0320907670092
2023-02-17 00:00:00+00:00,112.4686133891,116.0283725609,111.4319324125,115.3164207265,1105360,96.27743962734904,,,,,,90.32430603362953,,,,94.62855117256953,"rgba(0, 255, 0, 1.0)",8.272654643107877,94.62855117256953,2.15650997003645,3,0.19757769033373196,0.5927330710011959,0.0,0.0,0.0,0.0,65.65710882908382,13.159104320469666,True,False,True,False,False,14.11236583198767
2023-02-21 00:00:00+00:00,111.4995678368,112.6218807979,110.837057102,111.6182264758,811211,96.42670476227518,,,,,,90.42520182853771,,,,94.74771357327336,"rgba(0, 255, 0, 1.0)",8.364227803165882,94.74771357327336,2.0027974677095735,3,0.19755619351316892,0.5926685805395068,0.0,0.0,0.0,0.0,62.29601958926373,18.49244662868422,False,False,True,False,False,12.971897037249828
2023-02-22 00:00:00+00:00,111.4006856375,112.0335317125,110.332757886,111.4303502973,565975,96.52646887547131,,,,,,90.49372593003041,,,,94.82718505752904,"rgba(0, 255, 255, 0.75)",8.422036126483984,94.82718505752904,1.9678733659018441,3,0.19689472247914483,0.5906841674374345,0.0,0.0,0.0,0.0,59.94013927038,16.291598327653332,False,False,True,False,False,12.854823459039654
2023-02-23 00:00:00+00:00,113.0421301445,113.3882178418,111.1435919196,112.2609607707,614366,96.6424545116723,,,,,,90.57211564479708,,,,94.92038657245399,"rgba(0, 255, 0, 1.0)",8.475808664370454,94.92038657245399,2.138054820447273,3,0.19650669112518057,0.5895200733755417,0.0,0.0,0.0,0.0,59.89086680579418,16.17766360703432,False,False,True,False,False,14.224831507430547
2023-02-24 00:00:00+00:00,114.3473751742,114.4462573734,111.588561816,112.0631963723,927347,96.82450987815717,,,,,,90.69438983168394,,,,95.06748985720078,"rgba(0, 255, 0, 1.0)",8.573235148740935,95.06748985720078,2.2488459703371904,3,0.1960092691221692,0.5880278073665076,0.0,0.0,0.0,0.0,60.95522880382382,16.17766360703432,False,False,True,False,False,15.292857317855976
2023-02-27 00:00:00+00:00,115.0296623488,115.9987079011,113.7046408793,115.4251911457,830138,96.9980885169961,,,,,,90.80964616062568,,,,95.20872550039051,"rgba(0, 255, 0, 1.0)",8.642519378095185,95.20872550039051,2.293421163584134,3,0.19503630413934445,0.5851089124180333,0.0,0.0,0.0,0.0,62.21800967813014,16.17766360703432,False,False,True,False,False,15.847328556407575
2023-02-28 00:00:00+00:00,114.9406683695,115.9987079011,114.6658747379,114.8912272699,656494,97.13520744745551,,,,,,90.90111002562932,,,,95.32044692827996,"rgba(0, 255, 0, 1.0)",8.71352162730062,95.32044692827996,2.251698254784527,3,0.19332529341006002,0.5799758802301801,0.0,0.0,0.0,0.0,62.92155082387595,16.17766360703432,False,False,True,False,False,15.735179459510434
2023-03-01 00:00:00+00:00,115.9888196812,116.9116872465,115.0197741289,115.1878738675,654900,97.27570590785412,,,,,,90.99454672297699,,,,95.43527366825035,"rgba(0, 255, 0, 1.0)",8.771105547113192,95.43527366825035,2.343324442118289,3,0.19154698403488665,0.5746409521046599,0.0,0.0,0.0,0.0,64.30216988421435,16.17766360703432,False,False,True,False,True,16.601586452614743
2023-03-02 00:00:00+00:00,118.3718806823,118.409455918,115.2472031871,115.6427319839,676383,97.42909780825751,,,,,,91.0955708106184,,,,95.56121322572446,"rgba(0, 255, 0, 1.0)",8.938945767721153,95.56121322572446,2.551829717878552,3,0.18969910629414097,0.5690973188824229,0.0,0.0,0.0,0.0,66.98895679786622,11.470017214487164,True,False,True,False,True,18.517278477378706
2023-03-03 00:00:00+00:00,121.4273406381,121.6002856045,118.5696450807,119.2618204753,1043332,97.6983321875805,,,,,,91.26864511188107,,,,95.78403477510534,"rgba(0, 255, 0, 1.0)",9.194527116257689,95.78403477510534,2.7889749563794726,3,0.18719050822731806,0.5615715246819541,0.0,0.0,0.0,0.0,70.4839639970041,14.873935756145983,True,False,True,False,True,20.0
2023-03-06 00:00:00+00:00,121.9613045139,123.464313942,121.4767817377,121.5855521569,835732,97.9258649719407,,,,,,91.41410963494198,,,,95.97293890668271,"rgba(0, 255, 0, 1.0)",9.38614594512017,95.97293890668271,2.7688005022688325,3,0.18508943212731718,0.5552682963819515,0.0,0.0,0.0,0.0,73.07175793753439,17.338658307295475,True,False,True,False,True,20.0
2023-03-07 00:00:00+00:00,120.0133251893,123.6719665603,119.7463432514,122.1294042525,719073,98.10916145708286,,,,,,91.53353444354873,,,,97.5147077442013,"rgba(0, 255, 0, 1.0)",9.516726452183056,97.5147077442013,2.364113075871558,3,0.18446715586491802,0.5534014675947541,0.0,0.0,0.0,0.0,71.63861321960124,17.338658307295475,True,False,True,False,True,18.695286378544864
2023-03-08 00:00:00+00:00,118.4806511015,120.5077361854,117.3731704702,119.9144429901,853328,98.3010863792268,,,,,,91.6628364810732,,,,97.59305324461543,"rgba(0, 255, 0, 1.0)",9.620826577876166,97.59305324461543,2.1710814229743227,3,0.18413681091875456,0.5524104327562637,0.0,0.0,0.0,0.0,68.50859614777418,17.338658307295475,True,False,True,False,False,16.75038902822241
2023-03-09 00:00:00+00:00,111.0447097204,116.8194301546,110.8172806622,116.2755780589,1235298,98.49455828030838,,,,,,91.80765819289314,,,,97.57058940995536,"rgba(38, 166, 154, 1.0)",9.595566586053025,97.57058940995536,1.4042026793945668,3,0.18573685702547182,0.5572105710764155,0.0,0.0,0.0,0.0,59.448032149572256,16.041317246314094,False,False,True,False,False,8.200420257874274
2023-03-10 00:00:00+00:00,109.4724827528,112.7949246465,108.3205051319,110.4909694047,768774,98.59031697082706,,,,,,91.88538895525039,,,,97.56411026086317,"rgba(38, 166, 154, 1.0)",9.568924072795097,97.56411026086317,1.2444839567483763,3,0.18772865019371202,0.5631859505811361,0.0,0.0,0.0,0.0,52.408891379789615,9.879606081049488,False,True,False,False,False,6.560622256964635
2023-03-13 00:00:00+00:00,106.5752343158,107.801373586,105.1908835267,107.29707437,1353686,98.70299474881284,,,,,,91.99353357870936,,,,97.51173045516185,"rgba(38, 166, 154, 0.5)",9.511868137138544,97.51173045516185,0.952862648006044,3,0.18956345429275223,0.5686903628782567,0.0,0.0,0.0,0.0,46.0789789652696,4.4789926291753375,False,True,False,True,False,3.645976606530386
2023-03-14 00:00:00+00:00,109.1165068356,111.0743743801,108.5133254204,109.2944947942,1272974,98.84621915026992,,,,,,92.11479652385162,,,,97.58214369050218,"rgba(38, 166, 154, 1.0)",9.48953860503201,97.58214369050218,1.2154819770669893,3,0.1908324961445529,0.5724974884336587,0.0,0.0,0.0,0.0,44.30093551746238,3.2611322576365183,False,True,False,True,False,5.857491118925555
2023-03-15 00:00:00+00:00,104.7459136303,106.3478052576,103.2429042022,105.3985361451,1906180,98.96105796690044,,,,,,92.24430495903458,,,,97.56844859166257,"rgba(38, 166, 154, 0.5)",9.436244839645619,97.56844859166257,0.7606272580467479,3,0.19284776825886643,0.5785433047765993,0.0,0.0,0.0,0.0,40.775598985271515,0.16969544108755485,False,True,False,True,False,1.6863720282725119
2023-03-16 00:00:00+00:00,106.4269110169,107.5739445279,103.4110039408,104.0636264557,1394126,99.05658192794128,,,,,,92.34496912069629,,,,97.60207768805324,"rgba(38, 166, 154, 0.5)",9.383509821935563,97.60207768805324,0.9404618843385435,3,0.19534513113597976,0.5860353934079393,0.0,0.0,0.0,0.0,39.926275400241856,-0.5684790553220864,False,True,False,True,False,3.1412040128376546
2023-03-17 00:00:00+00:00,104.9535662486,106.6938929548,103.5741595695,105.8039531619,1187864,99.12731182302512,,,,,,92.42497901611173,,,,97.62619045537446,"rgba(38, 166, 154, 0.5)",9.29780593213142,97.62619045537446,0.7880757940863821,2,0.14359429430519782,0.28718858861039565,0.0,0.0,0.0,0.0,38.57671126304212,-1.9924272457811725,False,True,False,True,False,1.7785694007646171
2023-03-20 00:00:00+00:00,108.2166788228,108.5825429599,104.7558018502,105.5468594439,1193286,99.22134747845753,,,,,,92.51759459643148,,,,97.6872299689868,"rgba(38, 166, 154, 1.0)",9.269292855350438,97.6872299689868,1.135949529066328,2,0.14477316403622204,0.28954632807244407,0.0,0.0,0.0,0.0,40.46118378186252,-1.9924272457811725,False,True,False,True,False,4.554780216184291
2023-03-21 00:00:00+00:00,110.461304745,111.6775557953,109.5021474126,110.075664168,791013,99.30829101038925,,,,,,92.5922763848641,,,,97.76070498842499,"rgba(38, 166, 154, 1.0)",9.275019181549915,97.76070498842499,1.3693340690701046,2,0.1454124048552641,0.2908248097105282,0.0,0.0,0.0,0.0,43.38538737004603,-1.9924272457811725,False,True,False,True,True,6.380964835864265
2023-03-22 00:00:00+00:00,107.425621229,110.6194173815,107.3465154697,109.9471173091,836034,99.38197781319657,,,,,,92.66145890903918,,,,97.8161150796394,"rgba(38, 166, 154, 1.0)",9.263979234945147,97.8161150796394,1.0372978938804256,2,0.14654256716591638,0.29308513433183275,0.0,0.0,0.0,0.0,43.402333412187545,-1.9924272457811725,False,True,False,True,True,3.5701191312221816
2023-03-23 00:00:00+00:00,105.2304364064,109.6010296118,104.142732215,108.0090262044,1195583,99.46097695944259,,,,,,92.74610134801887,,,,97.86535764207223,"rgba(38, 166, 154, 0.5)",9.2362284100258,97.86535764207223,0.7974119345438755,2,0.14759993070186755,0.2951998614037351,0.0,0.0,0.0,0.0,42.17359178803133,-1.9924272457811725,False,True,False,True,True,1.6174424226063735
2023-03-24 00:00:00+00:00,102.4419583885,103.8361973975,100.0984502671,103.3813392811,1136515,99.48948969791022,,,,,,92.8010118589781,,,,98.08467807088653,#000000,9.193801739874875,98.08467807088653,0.4739367283411502,2,0.14847830605576087,0.29695661211152174,0.0,0.0,0.0,0.0,39.9394586388361,-1.9924272457811725,False,True,False,True,True,0.0
2023-03-27 00:00:00+00:00,103.0352515838,104.2317261943,102.6150022371,103.9251913768,643164,99.51238973822602,,,,,,92.83566063218149,,,,98.11344292345973,"rgba(38, 166, 154, 0.5)",9.129713994005467,98.11344292345973,0.5390977925017054,2,0.14914503795925765,0.2982900759185153,0.0,0.0,0.0,0.0,38.974964254802515,-3.2593257733097545,False,True,False,True,True,0.0
2023-03-28 00:00:00+00:00,103.51977436,103.8658620572,102.4617348283,102.8275989654,555683,99.53189447284292,,,,,,92.86538004434357,,,,98.1288060538442,"rgba(38, 166, 154, 0.5)",9.04837270290233,98.1288060538442,0.5957942365069253,2,0.14987628129029057,0.29975256258058114,0.0,0.0,0.0,0.0,38.78215049322004,-3.9022631639263423,False,True,False,True,True,0.15603492971112232
2023-03-29 00:00:00+00:00,106.9015455732,107.0993099716,104.4097141529,104.6272549912,618658,99.56972047791015,,,,,,92.90728124889169,,,,98.19157264637704,"rgba(38, 166, 154, 0.5)",8.989478591793311,98.19157264637704,0.9689074664212982,2,0.15082273462254864,0.3016454692450973,0.0,0.0,0.0,0.0,41.55747536182224,-3.9022631639263423,False,True,False,True,True,3.0152764776345116
2023-03-30 00:00:00+00:00,108.7506426985,109.2846065743,107.5937209677,107.9101440052,811850,99.63665410851536,,,,,,92.97179530740058,,,,98.3017376252173,"rgba(38, 166, 154, 1.0)",8.953890310130554,98.3017376252173,1.1669681793466544,2,0.1520503418358281,0.3041006836716562,0.0,0.0,0.0,0.0,44.789719991245086,-3.9022631639263423,False,True,False,True,True,4.517602370926152
2023-03-31 00:00:00+00:00,110.5404105044,111.9247612934,110.0262230684,110.0459995083,590356,99.69704347909607,,,,,,93.02521765709385,,,,98.39729029229075,"rgba(38, 166, 154, 1.0)",8.94273587636832,98.39729029229075,1.3578753057213877,2,0.15274083047456352,0.30548166094912704,0.0,0.0,0.0,0.0,48.196196431130566,-8.717541543800465,False,True,False,False,True,5.941092332789204
2023-04-03 00:00:00+00:00,108.8890777774,110.5305222844,108.2760081423,110.3426461059,642565,99.75270507778853,,,,,,93.07781436053625,,,,98.46780842590832,"rgba(38, 166, 154, 1.0)",8.926906426098386,98.46780842590832,1.1673998644171328,2,0.15417583628688677,0.30835167257377355,0.0,0.0,0.0,0.0,49.13758743430379,-7.666862508811633,False,True,False,False,True,4.430753998682189
2023-04-04 00:00:00+00:00,108.8000837981,109.3538241137,107.0894217517,109.3538241137,518082,99.79328302379379,,,,,,93.11784031117641,,,,98.5118275167589,"rgba(38, 166, 154, 1.0)",8.895242745060632,98.5118275167589,1.1566020822820142,2,0.15546499221731197,0.31092998443462394,0.0,0.0,0.0,0.0,49.69238948458509,-6.893386997761944,False,True,False,False,True,4.349330752070731
2023-04-05 00:00:00+00:00,106.4367992369,108.4886048706,105.8435060416,108.2364552626,678445,99.8367556065623,,,,,,93.16486074648661,,,,98.54788412374697,"rgba(38, 166, 154, 0.5)",8.820094980773657,98.54788412374697,0.8944251882037051,2,0.15741290484436593,0.31482580968873186,0.0,0.0,0.0,0.0,48.180320588105005,-6.893386997761944,False,True,False,False,True,2.2047948603791134
2023-04-06 00:00:00+00:00,106.9015455732,106.921322013,105.0425602279,106.6246754154,551770,99.86859139665125,,,,,,93.2011135601407,,,,98.57043748237272,"rgba(38, 166, 154, 0.5)",8.725288881737855,98.57043748237272,0.9548231816443797,2,0.1583632478453958,0.3167264956907916,0.0,0.0,0.0,0.0,47.60144293885574,-6.893386997761944,False,True,False,False,True,2.597455852312546
2023-04-10 00:00:00+00:00,107.8409264657,108.8890777774,105.6160769834,106.1994819587,524367,99.90397162375919,,,,,,93.23841864095807,,,,98.60176377378872,"rgba(38, 166, 154, 1.0)",8.598042515269807,98.60176377378872,1.0745658300133853,2,0.15891824901976076,0.3178364980395215,0.0,0.0,0.0,0.0,48.10111363180502,-6.893386997761944,False,True,False,False,True,3.394098357057679
2023-04-11 00:00:00+00:00,109.9471173091,110.5700751641,107.549223978,108.2562317024,683231,99.96110439824054,,,,,,93.29321675517926,,,,98.66183875358134,"rgba(38, 166, 154, 1.0)",8.470051565044598,98.66183875358134,1.3323742445786677,2,0.1602791327593756,0.3205582655187512,0.0,0.0,0.0,0.0,50.28373978008623,-5.301555875616231,False,True,False,False,True,5.152390822122172
2023-04-12 00:00:00+00:00,108.0980201837,111.2424741188,107.6530502872,110.7480631227,737152,100.01965923552665,,,,,,93.35061610523582,,,,98.71966595953376,"rgba(38, 166, 154, 1.0)",8.272635751388808,98.71966595953376,1.1336597556095478,2,0.16176117472069163,0.32352234944138325,0.0,0.0,0.0,0.0,50.003780238419495,-5.301555875616231,False,True,False,False,True,3.4271696981165185
2023-04-13 00:00:00+00:00,110.9853804008,111.336412208,108.2760081423,108.9286306571,724294,100.0840588796422,,,,,,93.41090611574477,,,,98.78683464368875,"rgba(0, 255, 255, 0.75)",8.037300167205128,98.78683464368875,1.5177417171608687,2,0.16255856672187713,0.32511713344375426,0.0,0.0,0.0,0.0,52.18650758674082,-2.9746970732155233,False,True,True,False,True,5.800437799158836
2023-04-14 00:00:00+00:00,110.7183984629,112.1521903516,109.3736005536,110.9260510813,843734,100.16207324211226,,,,,,93.48287457714429,,,,98.86813265393937,"rgba(0, 255, 255, 0.75)",7.800206980740863,98.86813265393937,1.5192245331719507,2,0.163431821501212,0.326863643002424,0.0,0.0,0.0,0.0,53.375884809180945,-1.634409287222482,False,True,True,False,True,5.54843199810303
2023-04-17 00:00:00+00:00,112.3400665301,112.607048468,110.6837896932,110.8766099817,661314,100.22886328097088,,,,,,93.54252783424668,,,,98.93942628483681,"rgba(0, 255, 255, 0.75)",7.522552773345494,98.93942628483681,1.7813953120735027,2,0.16378094777892127,0.32756189555784254,0.0,0.0,0.0,0.0,55.43852436543904,0.5003174778259449,False,False,True,False,True,6.865528879913988
2023-04-18 00:00:00+00:00,115.6229555441,116.1865840796,113.1014594641,113.1904534434,938400,100.34716607909293,,,,,,93.6406844891857,,,,99.07406148624095,"rgba(0, 255, 0, 1.0)",7.186878458528901,99.07406148624095,2.302653948213071,2,0.16366021322816798,0.32732042645633597,0.0,0.0,0.0,0.0,58.98195388170161,3.93569417627139,False,False,True,False,True,9.434044555518003
2023-04-19 00:00:00+00:00,115.5240733449,116.0036520111,114.6044688922,114.9505565894,714964,100.43850770694301,,,,,,93.7162840069769,,,,99.17580921815355,"rgba(0, 255, 0, 1.0)",6.866836854490339,99.17580921815355,2.3807561579180456,2,0.16325267375191055,0.3265053475038211,0.0,0.0,0.0,0.0,61.2274789549499,6.059229361749054,True,False,True,False,True,9.336328514639934
2023-04-20 00:00:00+00:00,115.1878738675,116.3349073784,114.6934628715,114.9406683695,602029,100.51470712161944,,,,,,93.77961707314853,,,,99.25893269266678,"rgba(0, 255, 0, 1.0)",6.5465881375014705,99.25893269266678,2.433166840538798,2,0.163171528620626,0.326343057241252,0.0,0.0,0.0,0.0,62.298569329784755,7.099909494206983,True,False,True,False,True,8.99906020357065
2023-04-21 00:00:00+00:00,116.0877018804,116.2755780589,114.4264809336,115.385638266,444061,100.57113223236959,,,,,,93.8265063598348,,,,99.31980764871807,"rgba(0, 255, 0, 1.0)",6.130654827093385,99.31980764871807,2.735090248039913,2,0.1629905150110056,0.3259810300220112,0.0,0.0,0.0,0.0,63.65439979928298,8.466043085029085,True,False,True,False,True,9.712126273322312
2023-04-24 00:00:00+00:00,116.5524482167,116.6018893163,115.2867560668,116.008596121,456938,100.63086546214984,,,,,,93.87576005781456,,,,99.38422203861239,"rgba(0, 255, 0, 1.0)",5.8006731437995125,99.38422203861239,2.9596954961061996,2,0.16326644962959208,0.32653289925918416,0.0,0.0,0.0,0.0,64.89286369124446,9.752577617864638,True,False,True,False,True,10.081764390779568
2023-04-25 00:00:00+00:00,114.3177105144,116.265689839,114.2583811949,116.265689839,464876,100.68650522279334,,,,,,93.9229593904455,,,,99.44190855542217,"rgba(0, 255, 0, 1.0)",5.41197517798305,99.44190855542217,2.748682591800391,2,0.16326742849695247,0.32653485699390494,0.0,0.0,0.0,0.0,62.6570035452032,9.752577617864638,True,False,True,False,True,7.78209634574959
2023-04-26 00:00:00+00:00,109.5318120723,115.5270398108,109.2846065743,114.7725686308,896154,100.76652932564694,,,,,,93.99830695463595,,,,99.514339998485,"rgba(0, 255, 255, 0.75)",5.097582425024273,99.514339998485,1.9651417551658914,2,0.16359586048307834,0.3271917209661567,0.0,0.0,0.0,0.0,56.45169747411149,11.983229270955633,False,False,True,False,False,3.1651716031810615
2023-04-27 00:00:00+00:00,110.1152170477,110.960659851,107.8705911255,109.4230416532,669700,100.8156168917508,,,,,,94.04843119520135,,,,100.05861493711208,"rgba(0, 255, 0, 1.0)",4.815939365225979,100.05861493711208,2.0881911809776343,2,0.16381133047432134,0.3276226609486427,0.0,0.0,0.0,0.0,52.903646133080144,8.841842546197881,False,False,False,False,False,3.6600853704232605
2023-04-28 00:00:00+00:00,113.0223537047,113.3981060617,109.324159454,110.1943228071,1435229,100.94553441536148,,,,,,94.17022562593093,,,,100.24867728415165,"rgba(0, 255, 0, 1.0)",4.582391092674392,100.24867728415165,2.7875570116590205,2,0.16388996414124754,0.3277799282824951,0.0,0.0,0.0,0.0,53.20286881594036,8.841842546197881,False,False,False,False,False,6.074670761373575
2023-05-01 00:00:00+00:00,114.1990518754,116.3546838183,112.3993958496,112.5971602481,661041,101.01723919164046,,,,,,94.23328591376979,,,,100.35274602858381,"rgba(0, 255, 0, 1.0)",4.482939293324677,100.35274602858381,3.088666818985044,2,0.16414855111173593,0.32829710222347186,0.0,0.0,0.0,0.0,54.35139918101841,8.841842546197881,False,False,True,False,False,7.02491079837716
2023-05-02 00:00:00+00:00,117.6895935077,118.3125513628,113.3931619518,114.7132393113,1028000,101.14499262759787,,,,,,94.34097358958618,,,,100.53718649364667,"rgba(0, 255, 0, 1.0)",4.458992670659273,100.53718649364667,3.8466999793290304,2,0.1640655055781931,0.3281310111563862,0.0,0.0,0.0,0.0,57.53647981536605,8.841842546197881,False,False,True,False,True,9.747928395557771
2023-05-03 00:00:00+00:00,116.8787594741,120.6362830444,116.8787594741,117.9565754456,1060473,101.28868028995525,,,,,,94.45925940174008,,,,101.92306447002527,"rgba(0, 255, 0, 1.0)",4.44142831761428,101.92306447002527,3.3673165330085078,2,0.1645468490338629,0.3290936980677258,1.0,0.0,120.636284,392.0,58.78591695401843,8.841842546197881,True,False,True,False,True,8.950781286673962
2023-05-04 00:00:00+00:00,114.8516743902,116.4535660175,111.7566615547,114.4561455933,1196345,101.41218182525452,,,,,,94.57022748056555,,,,101.93002592766899,"rgba(0, 255, 0, 1.0)",4.387685598796844,101.93002592766899,2.94498048494502,2,0.16512358433556545,0.3302471686711309,0.0,0.0,0.0,0.0,57.54777919379531,8.841842546197881,True,False,True,False,True,6.983573823127966
2023-05-05 00:00:00+00:00,114.999997689,117.2248471714,113.4475471613,117.0666356527,979086,101.51821114637006,,,,,,94.66408067690963,,,,102.01527113718315,"rgba(0, 255, 0, 1.0)",4.317759575507155,102.01527113718315,3.007283366464815,2,0.16540667037934334,0.3308133407586867,0.0,0.0,0.0,0.0,56.84357280414164,8.841842546197881,False,False,True,False,True,7.1023669675428
2023-05-08 00:00:00+00:00,116.4634542374,116.9974181132,114.6143571121,115.6229555441,878960,101.61750220876415,,,,,,94.75086647145935,,,,102.11339446154956,"rgba(0, 255, 0, 1.0)",4.275210466987129,102.11339446154956,3.356573877861822,2,0.16516987138194617,0.33033974276389233,0.0,0.0,0.0,0.0,57.57369859616698,8.841842546197881,True,False,True,False,True,8.275659323099752
2023-05-09 00:00:00+00:00,117.7489228272,118.7674094792,116.2063605195,116.4634542374,726639,101.7072822061467,,,,,,94.82726766927225,,,,102.21927677429264,"rgba(0, 255, 0, 1.0)",4.319475510435356,102.21927677429264,3.5952619746053727,2,0.16455669629511857,0.32911339259023714,0.0,0.0,0.0,0.0,59.048802283049405,3.43933340332579,True,False,True,False,True,9.293351609029418
2023-05-10 00:00:00+00:00,113.2102298832,118.5597568608,111.8159908742,118.5597568608,1102745,101.81583330388754,,,,,,94.92684789352793,,,,102.29335098026976,"rgba(0, 255, 0, 1.0)",4.317287262886366,102.29335098026976,2.528643159045119,2,0.16510963539861656,0.3302192707972331,0.0,0.0,0.0,0.0,55.49749490550333,3.43933340332579,False,False,True,False,False,4.902624042783636
2023-05-11 00:00:00+00:00,111.2424741188,114.119946116,110.9359393012,113.2201181031,1085787,101.9008510794282,,,,,,95.01188841444703,,,,102.3160571007596,"rgba(0, 255, 0, 1.0)",4.316017299755706,102.3160571007596,2.068206959815861,2,0.16658062394362858,0.33316124788725715,0.0,0.0,0.0,0.0,51.601776844504016,7.397023935589047,False,False,False,False,False,3.102824148667665
2023-05-12 00:00:00+00:00,112.2807372106,113.5662058004,111.2523623387,111.2622505586,1205511,101.99603981846423,,,,,,95.10678449260737,,,,102.35782596673677,"rgba(0, 255, 0, 1.0)",4.31621890719006,102.35782596673677,2.298982386489574,2,0.16836916081219758,0.33673832162439515,0.0,0.0,0.0,0.0,49.98077808434876,5.872077958193778,False,True,False,False,False,3.964313490618398
2023-05-15 00:00:00+00:00,112.6564895676,114.2386047551,110.9952686207,112.7751482066,746096,102.05556596096474,,,,,,95.1658872928691,,,,102.3903691131112,"rgba(0, 255, 0, 1.0)",4.316558678003053,102.3903691131112,2.3783113401896716,2,0.17081402602054807,0.34162805204109614,0.0,0.0,0.0,0.0,49.26097195280821,5.115311773591451,False,True,False,False,False,4.277256603494745
2023-05-16 00:00:00+00:00,110.9458275211,112.5378309285,110.6788455833,112.3796194098,771325,102.10925877767997,,,,,,95.22225317783173,,,,102.40930454451316,"rgba(0, 255, 255, 0.75)",4.316632403179002,102.40930454451316,1.9775885874136696,2,0.17367965959434262,0.34735931918868523,0.0,0.0,0.0,0.0,47.30843031141305,3.137194681553453,False,True,False,True,False,2.6873358601923307
2023-05-17 00:00:00+00:00,111.4303502973,113.6354233398,110.8172806622,111.1930330192,799497,102.16766449082148,,,,,,95.28232402255534,,,,102.43888501020459,"rgba(0, 255, 0, 1.0)",4.293003322733036,102.43888501020459,2.0944463843021697,2,0.17781815524134292,0.35563631048268585,0.0,0.0,0.0,0.0,46.534564688710134,2.248147009736577,False,True,False,True,False,3.1040661737023463
2023-05-18 00:00:00+00:00,113.9024052777,115.7416141831,110.7678395625,111.1139272598,727326,102.22829759945014,,,,,,95.34151139305123,,,,102.48424103842248,"rgba(0, 255, 0, 1.0)",4.278826149562889,102.48424103842248,2.6685272642927917,2,0.18289436053507463,0.36578872107014926,0.0,0.0,0.0,0.0,48.50730540301545,2.248147009736577,False,True,False,False,False,5.1982972535709315
2023-05-19 00:00:00+00:00,112.3104018703,114.2336606451,111.5490089364,113.872740618,529564,102.26902959765273,,,,,,95.38253678445462,,,,102.51090395812017,"rgba(0, 255, 0, 1.0)",4.262444780381585,102.51090395812017,2.299032226126002,2,0.18847975898684838,0.37695951797369676,0.0,0.0,0.0,0.0,48.288982484031344,2.248147009736577,False,True,False,False,False,3.6920001283226576
2023-05-22 00:00:00+00:00,109.9174526493,112.3400665301,109.7394646907,111.3809091977,749914,102.31503683744053,,,,,,95.43352296656019,,,,102.5263968353639,"rgba(0, 255, 255, 0.75)",4.257348935409166,102.5263968353639,1.7360700111901366,2,0.1957794431225642,0.3915588862451284,0.0,0.0,0.0,0.0,46.12327962627526,1.4696333792378908,False,True,False,True,False,1.4885395618718924
2023-05-23 00:00:00+00:00,107.6530502872,110.075664168,107.0103159923,110.0163348485,1129297,102.36357679719859,,,,,,95.49757094509077,,,,102.5139327241113,"rgba(38, 166, 154, 1.0)",4.269952334196169,102.5139327241113,1.2035538481148307,2,0.20593481608675768,0.41186963217351535,0.0,0.0,0.0,0.0,43.05690306403308,-1.5611612359557583,False,True,False,True,False,0.0
2023-05-24 00:00:00+00:00,107.4849505486,108.0386908642,105.6457416431,106.5653460958,843873,102.39210077154452,,,,,,95.54058659830099,,,,102.49469420755376,"rgba(38, 166, 154, 1.0)",4.289746307124578,102.49469420755376,1.1632987090071552,2,0.21650604127038042,0.43301208254076085,0.0,0.0,0.0,0.0,40.896689331369906,-3.666145686002494,False,True,False,True,False,0.0
2023-05-25 00:00:00+00:00,108.4045550013,109.3538241137,107.5442798681,108.0683555239,762037,102.42508309438567,,,,,,95.58377107328303,,,,102.49438596227488,"rgba(38, 166, 154, 1.0)",4.306394593754253,102.49438596227488,1.3724169744214545,2,0.2279558559615702,0.4559117119231404,0.0,0.0,0.0,0.0,40.59086813859491,-4.059160471524493,False,True,False,True,False,0.15818080483657582
2023-05-26 00:00:00+00:00,109.1362832755,110.9086834484,108.6164452359,108.9580530905,643721,102.45780414109879,,,,,,95.62318451723637,,,,102.50496757670251,"rgba(0, 255, 255, 0.75)",4.313512965260715,102.50496757670251,1.5373352884767988,1,0.29069446894523465,0.29069446894523465,0.0,0.0,0.0,0.0,41.284408624477045,-4.059160471524493,False,True,False,True,False,0.81997622979992
2023-05-30 00:00:00+00:00,107.6510317339,110.7898633251,107.4926049028,109.5521537071,750034,102.49071514710893,,,,,,95.66584834382357,,,,102.50953398427245,"rgba(38, 166, 154, 1.0)",4.3363646457486285,102.50953398427245,1.1856700645939153,0,,,0.0,0.0,0.0,0.0,40.4519089652575,-4.52963229292866,False,True,False,True,False,0.0
2023-05-31 00:00:00+00:00,106.4232237928,108.3193949276,105.2944326212,107.6807367647,3145616,102.58211854861344,106.67901711386666,,,,,95.81513288164255,,,,103.0294407850618,"rgba(38, 166, 154, 0.5)",4.360092889639817,103.0294407850618,0.7783740148753034,0,,,0.0,0.0,0.0,0.0,38.90846360209936,-6.208960414552529,False,True,False,True,False,0.0
2023-06-01 00:00:00+00:00,108.8095279363,109.0273648291,105.8984349148,106.4430271467,803333,102.61165782274323,106.92979670323052,,,,,95.85686366032824,,,,103.04531197248347,"rgba(38, 166, 154, 1.0)",4.368722754924734,103.04531197248347,1.3194281915277621,0,,,0.0,0.0,0.0,0.0,40.88487113353793,-6.208960414552529,False,True,False,True,False,0.5501726272611371
2023-06-02 00:00:00+00:00,113.9484982702,114.2653519324,109.918515754,110.1165492929,936221,102.67647216179063,108.03769797656517,,,,,95.92435264497058,,,,103.15535674593912,"rgba(0, 255, 0, 1.0)",4.361183265020961,103.15535674593912,2.474819531393624,0,,,0.0,0.0,0.0,0.0,46.79373768116995,-8.336800887597285,False,True,False,True,True,4.979333189355721
2023-06-05 00:00:00+00:00,113.2949875919,114.3148603171,112.047376297,113.7405630544,666000,102.72438507191498,108.65933214041523,,,,,95.97347802400162,,,,103.22836817552593,"rgba(0, 255, 0, 1.0)",4.336007663858518,103.22836817552593,2.321633215799255,0,,,0.0,0.0,0.0,0.0,50.07360915496302,-5.405273253571295,False,False,False,False,True,4.366635557685058
2023-06-06 00:00:00+00:00,116.1763755826,117.0378214767,112.4384925363,112.8791171603,839042,102.79550767646658,109.52043523112106,,,,,96.0420975505421,,,,103.34126490556127,"rgba(0, 255, 0, 1.0)",4.342787782350303,103.34126490556127,2.9555003192194684,0,,,0.0,0.0,0.0,0.0,54.293531344317216,-1.626725512931138,True,False,True,False,True,6.719977609330208
2023-06-07 00:00:00+00:00,115.4238481348,117.9982841402,114.5723039177,116.4734258909,780324,102.86504106246558,110.22536338543497,,,,,96.10805721216023,,,,104.4626981112724,"rgba(0, 255, 0, 1.0)",4.364805533640227,104.4626981112724,2.5112573605051423,0,,,0.0,0.0,0.0,0.0,56.294614959192785,0.06554267957695004,True,False,True,False,True,6.000762509482573
2023-06-08 00:00:00+00:00,114.8891575799,116.1169655209,113.5177753231,115.0871911187,614318,102.91449207111346,110.58961589761364,,,,,96.15667626600879,,,,104.49986296876128,"rgba(0, 255, 0, 1.0)",4.381629127630758,104.49986296876128,2.371103146458322,0,,,0.0,0.0,0.0,0.0,57.036506044593864,0.7041841389842958,True,False,True,False,True,5.48717866512208
2023-06-09 00:00:00+00:00,114.4732871482,115.3743397501,113.6811529927,115.0871911187,377223,102.94381678045978,110.77078370998893,,,,,96.18587822638798,,,,104.52418573237745,"rgba(0, 255, 0, 1.0)",4.393985482949294,104.52418573237745,2.2642545029858865,0,,,0.0,0.0,0.0,0.0,57.05148644653411,0.8221128756452529,True,False,True,False,True,5.084184776041635
2023-06-12 00:00:00+00:00,115.1565028574,115.6119799968,113.799973116,115.2357162729,425319,102.97768840774837,110.97312499616164,,,,,96.21931279956978,,,,104.56035739614929,"rgba(0, 255, 0, 1.0)",4.409781387551445,104.56035739614929,2.402873188036716,0,,,0.0,0.0,0.0,0.0,57.67008794650988,1.6336943044815584,True,False,True,False,True,5.666141713172607
2023-06-13 00:00:00+00:00,115.5228649043,116.6566069144,114.9386659646,115.6416850276,612214,103.02957153105903,111.28809057135686,,,,,96.26941474203794,,,,104.62964407403936,"rgba(0, 255, 0, 1.0)",4.421463691434235,104.62964407403936,2.463713736101514,0,,,0.0,0.0,0.0,0.0,58.41779687378816,2.620785595140589,True,False,True,False,True,5.980491985093941
2023-06-14 00:00:00+00:00,115.740701797,116.6417543989,114.0178100088,115.8496202434,450248,103.06674425256867,111.48306084785962,,,,,96.30564610819857,,,,104.67426321266525,"rgba(0, 255, 0, 1.0)",4.429464335485557,104.67426321266525,2.4983694971147448,0,,,0.0,0.0,0.0,0.0,59.12683904757248,3.5980067645308296,True,False,True,False,True,6.169831902375833
2023-06-15 00:00:00+00:00,111.6117025114,115.8397185665,110.0472375543,115.4535531657,751709,103.11358022537605,111.55652152998894,,,,,96.35651203263158,,,,104.685513113049,"rgba(0, 255, 255, 0.75)",4.413252742246179,104.685513113049,1.5694069211240846,0,,,0.0,0.0,0.0,0.0,54.60844560621112,3.5980067645308296,True,False,True,False,False,2.0800548173536164
2023-06-16 00:00:00+00:00,112.0572779739,113.0276423144,111.2156354337,112.0869830048,694210,103.15459954170831,111.59053598292807,,,,,96.40204904306347,,,,104.69583320089298,"rgba(0, 255, 255, 0.75)",4.384403411821971,104.69583320089298,1.679007171912568,0,,,0.0,0.0,0.0,0.0,52.11360644447989,7.757961147530139,False,False,False,False,False,2.4823999912619534
2023-06-20 00:00:00+00:00,108.34414912,111.0770119565,108.1213613887,110.8294700329,935528,103.19144143688908,111.4031633500539,,,,,96.45166537405477,,,,104.65574139175567,"rgba(38, 166, 154, 0.5)",4.327892557092954,104.65574139175567,0.852241057186002,0,,,0.0,0.0,0.0,0.0,47.194931141472416,3.1471126289751084,False,True,False,True,False,0.0
2023-06-21 00:00:00+00:00,111.0572086026,111.4037672956,107.7302451494,108.3738541508,533847,103.21533302647327,111.34625620314976,,,,,96.4817578578201,,,,104.6496141000641,"rgba(0, 255, 255, 0.75)",4.168333935666548,104.6496141000641,1.5372075753597887,0,,,0.0,0.0,0.0,0.0,46.897338183240954,2.922749309590948,False,True,False,True,False,1.4669712070415848
2023-06-22 00:00:00+00:00,109.3541201682,111.4235706495,109.0174631521,110.9581918331,605795,103.24172534372921,111.28119480878873,,,,,96.51541486090714,,,,104.64423396371785,"rgba(38, 166, 154, 1.0)",3.9842071789045757,104.64423396371785,1.1821388780733761,0,,,0.0,0.0,0.0,0.0,45.31377216217893,1.3546285081961074,False,True,False,True,False,0.0
2023-06-23 00:00:00+00:00,106.4826338545,107.8589669497,105.5518762218,107.7401468264,939155,103.26224844624292,110.97169283836614,,,,,96.55450635992213,,,,105.09756784507547,#000000,3.8833425201649,105.09756784507547,0.35666851487663914,0,,,0.0,0.0,0.0,0.0,42.253308207966356,-1.6078725013414612,False,True,False,True,False,0.0
2023-06-26 00:00:00+00:00,106.8093891937,108.2203781582,105.9974516843,105.9974516843,447972,103.27303891475437,110.84975756527803,,,,,96.5737418969878,,,,105.08044978047253,#000000,3.8122229515591086,105.08044978047253,0.45352526208373256,0,,,0.0,0.0,0.0,0.0,40.58659167979019,-3.2381889208867563,False,True,False,True,False,0.0
2023-06-27 00:00:00+00:00,109.1857916602,109.2353000449,106.7994875167,107.2351613022,491523,103.28921004862636,110.76997200906153,,,,,96.59758235417276,,,,105.09114531339166,"rgba(38, 166, 154, 1.0)",3.8168624864045895,105.09114531339166,1.0727780634993245,0,,,0.0,0.0,0.0,0.0,42.050268541631496,-3.2381889208867563,False,True,False,True,False,0.0
2023-06-28 00:00:00+00:00,109.3739235221,110.9235359638,108.7303145208,109.0669715369,458597,103.3079250626786,110.7376196392075,,,,,96.62212039311525,,,,105.11675477885933,"rgba(38, 166, 154, 1.0)",3.8173452269973747,105.11675477885933,1.115217118203702,0,,,0.0,0.0,0.0,0.0,43.22058848442683,-3.2381889208867563,False,True,False,True,False,0.036948882124544724
2023-06-29 00:00:00+00:00,111.2057337567,111.5720958037,109.2650050757,109.2650050757,386399,103.32608406105076,110.73624187063014,,,,,96.64431027191125,,,,105.14614004700802,"rgba(0, 255, 255, 0.75)",3.785304486783457,105.14614004700802,1.6008206818894746,0,,,0.0,0.0,0.0,0.0,45.851978173160774,-3.2381889208867563,False,True,False,True,True,1.6889133343359326
2023-06-30 00:00:00+00:00,113.453414423,113.7504647313,111.9186544967,111.9186544967,457197,103.35431219698599,110.80067869567206,,,,,96.67487461374684,,,,105.20921441733677,"rgba(0, 255, 0, 1.0)",3.791310925565645,105.20921441733677,2.1744985224162896,0,,,0.0,0.0,0.0,0.0,49.57838599099068,-6.605022310060903,False,True,False,False,True,3.6573909642542333
2023-07-03 00:00:00+00:00,112.75039536,114.0475150396,111.6760634116,112.5127551133,340235,103.37474620079172,110.84193364090464,,,,,96.69724653423641,,,,105.24751033639268,"rgba(0, 255, 0, 1.0)",3.727120431778943,105.24751033639268,2.013051405485767,0,,,0.0,0.0,0.0,0.0,51.302713349554,-4.945943614433787,False,False,False,False,True,2.989045740064139
2023-07-05 00:00:00+00:00,111.9483595275,112.6117718828,110.9482901562,112.6117718828,596153,103.4066152786658,110.87621715041531,,,,,96.73390350687666,,,,105.2897003705181,"rgba(0, 255, 255, 0.75)",3.6892614855994132,105.2897003705181,1.8048759034763922,0,,,0.0,0.0,0.0,0.0,51.58044714828582,-4.563092065857873,False,False,False,False,True,2.225173375073414
2023-07-06 00:00:00+00:00,112.4731484056,112.5424601442,109.3046117835,110.453206309,509619,103.43239759453995,110.89236251271498,,,,,96.76428099685431,,,,105.3163056760391,"rgba(0, 255, 255, 0.75)",3.621354368342894,105.3163056760391,1.9762889796492982,0,,,0.0,0.0,0.0,0.0,52.29592904151767,-3.6635813592774085,False,False,True,False,True,2.698000383254648
2023-07-07 00:00:00+00:00,114.4732871482,116.1862772595,112.8197070986,112.8197070986,653596,103.47773760104258,111.01990959877782,,,,,96.81112420585652,,,,105.3963706537694,"rgba(0, 255, 0, 1.0)",3.6236193782562243,105.3963706537694,2.504930994932101,0,,,0.0,0.0,0.0,0.0,54.6594784213668,-1.2036546851237375,True,False,True,False,True,4.479900822042321
2023-07-10 00:00:00+00:00,118.5824830799,118.6715981724,114.1762368399,114.1762368399,471787,103.51805426727437,111.17257959068067,,,,,96.8498288403473,,,,105.47834798365236,"rgba(0, 255, 0, 1.0)",3.718626551522765,105.47834798365236,3.5239180150750946,0,,,0.0,0.0,0.0,0.0,59.16682227939111,3.1578706698458774,True,False,True,False,True,7.944387621269865
2023-07-11 00:00:00+00:00,118.3349411563,121.7757738943,117.5824137086,119.1270753119,670412,103.58365223885306,111.44830700795858,,,,,96.910207350895,,,,105.6163670734963,"rgba(0, 255, 0, 1.0)",3.774096592183821,105.6163670734963,3.3699651750153796,0,,,0.0,0.0,0.0,0.0,61.850200312168084,5.6832863397019295,True,False,True,False,True,7.694658441645423
2023-07-12 00:00:00+00:00,117.4932986161,120.7113436229,117.3645768158,119.5429457435,438330,103.62431913023131,111.60311402973603,,,,,96.9482617768406,,,,105.69336977443318,"rgba(0, 255, 0, 1.0)",3.762518890823266,105.69336977443318,3.1361779658958517,0,,,0.0,0.0,0.0,0.0,62.513223661739104,6.352664824015449,True,False,True,False,True,6.839789321912921
2023-07-13 00:00:00+00:00,117.7309388628,118.8498283574,117.4734952622,118.2557277408,412451,103.66109321804016,111.73253165581653,,,,,96.98311203470693,,,,105.75791398566494,"rgba(0, 255, 0, 1.0)",3.6667202221933013,105.75791398566494,3.2653227275609327,0,,,0.0,0.0,0.0,0.0,63.140471044796215,7.10318151421464,True,False,True,False,True,7.042197352851698
2023-07-14 00:00:00+00:00,115.8496202434,117.4536919083,114.7307307488,117.4536919083,488757,103.69837108732212,111.83243555269219,,,,,97.0203352427217,,,,105.81103588785996,"rgba(0, 255, 0, 1.0)",3.5440639474019195,105.81103588785996,2.8325065530770455,0,,,0.0,0.0,0.0,0.0,61.02514339648354,7.10318151421464,True,False,True,False,True,5.120189891543504
2023-07-17 00:00:00+00:00,117.9289724016,118.4834663105,114.9766884041,115.0772894418,389871,103.73063210026504,111.92929121157795,,,,,97.05166554690956,,,,105.86042169509035,"rgba(0, 255, 0, 1.0)",3.4632963836164197,105.86042169509035,3.4847005193091545,0,,,0.0,0.0,0.0,0.0,61.42222248986441,7.10318151421464,True,False,True,False,True,6.918991971729913
2023-07-18 00:00:00+00:00,119.7409792824,119.9192094674,117.4239868775,117.7903489244,520747,103.77955270957641,112.09852324040564,,,,,97.09730343033128,,,,105.94274506516062,"rgba(0, 255, 0, 1.0)",3.5111572998692897,105.94274506516062,3.9298251370717714,0,,,0.0,0.0,0.0,0.0,63.03928643934299,7.419775146723033,True,False,True,False,True,8.44246446388652
2023-07-19 00:00:00+00:00,119.4934373588,120.3152765451,118.4735646336,119.3350105277,482222,103.82575514234988,112.25682132254653,,,,,97.14016282865013,,,,106.0193160328593,"rgba(0, 255, 0, 1.0)",3.576922695580123,106.0193160328593,3.7669590518660625,0,,,0.0,0.0,0.0,0.0,63.76653434451892,8.35000564295219,True,False,True,False,True,8.182983218082622
2023-07-20 00:00:00+00:00,119.3251088507,119.9934720444,118.7904182958,119.5330440666,652240,103.88758514566753,112.4587205162322,,,,,97.19772261029173,,,,106.11758611465423,"rgba(0, 255, 0, 1.0)",3.6520044730524543,106.11758611465423,3.6165132966024363,0,,,0.0,0.0,0.0,0.0,63.99616967787691,8.851923961805277,True,False,True,False,True,8.003881360572574
2023-07-21 00:00:00+00:00,119.8895044365,121.9886599486,119.7409792824,120.4935067301,517719,103.9399966161535,112.63678047518034,,,,,97.24559909682178,,,,106.20290097063295,"rgba(0, 255, 0, 1.0)",3.7169883486348407,106.20290097063295,3.682175509345841,0,,,0.0,0.0,0.0,0.0,64.64092831359605,9.774933832143631,True,False,True,False,True,8.493804062833199
2023-07-24 00:00:00+00:00,119.0280585424,119.9835703675,118.3745478641,119.632060836,444802,103.98095830173585,112.75739626471305,,,,,97.28409386530045,,,,106.26293011764339,"rgba(0, 255, 0, 1.0)",3.753765419082426,106.26293011764339,3.400619644441429,0,,,0.0,0.0,0.0,0.0,63.6393322269926,9.774933832143631,True,False,True,False,True,7.553578303561871
2023-07-25 00:00:00+00:00,119.9489144982,120.0182262368,117.6517254472,118.1765143252,500797,104.02704774160135,112.88953145685966,,,,,97.3274261979015,,,,106.32917360395868,"rgba(0, 255, 0, 1.0)",3.759328223991879,106.32917360395868,3.6229187989813414,0,,,0.0,0.0,0.0,0.0,63.8813359386952,9.774933832143631,True,False,True,False,True,8.371990990220528
2023-07-26 00:00:00+00:00,119.2954038199,121.2509850163,118.5923847569,120.0578329446,420867,104.06685142052862,113.00503686062096,,,,,97.36455039955503,,,,106.38683795047041,"rgba(0, 255, 0, 1.0)",3.7525214545364145,106.38683795047041,3.439971236893119,0,,,0.0,0.0,0.0,0.0,62.913849822098236,9.774933832143631,True,False,True,False,True,7.6457696955092445
2023-07-27 00:00:00+00:00,121.0975090237,123.1372544741,119.8845535981,120.1766530679,539682,104.1229820208745,113.18282138299038,,,,,97.41549836642729,,,,106.47319265005015,"rgba(0, 255, 0, 1.0)",3.802180523352571,106.47319265005015,3.8462972191427838,0,,,0.0,0.0,0.0,0.0,64.059001282329,10.130198894315193,True,False,True,False,True,9.257152387752512
2023-07-28 00:00:00+00:00,123.9491919835,124.3848657691,122.0480700103,122.0480700103,591237,104.19144965258349,113.4165994842117,,,,,97.47590768077823,,,,106.58414261689192,"rgba(0, 255, 0, 1.0)",3.9651201596080825,106.58414261689192,4.379450979443826,0,,,0.0,0.0,0.0,0.0,66.99027151833269,13.051824651973703,True,False,True,False,True,11.702363360867835
2023-07-31 00:00:00+00:00,125.107688186,126.5434313428,124.5531942771,124.5531942771,782804,104.29041441739905,113.76697811187034,,,,,97.56140199858679,,,,108.14558303010028,"rgba(0, 255, 0, 1.0)",4.123813610175441,108.14558303010028,4.113208490812003,0,,,0.0,0.0,0.0,0.0,69.66384657629288,15.605305535874152,True,False,True,False,True,12.663483445192231
2023-08-01 00:00:00+00:00,123.8006668294,125.107688186,122.2411527107,124.5135875693,754097,104.37734087662135,114.03951163728412,,,,,97.63831281845583,,,,108.23303481151932,"rgba(0, 255, 0, 1.0)",4.263540638027923,108.23303481151932,3.6513389550055764,0,,,0.0,0.0,0.0,0.0,69.20087721310463,15.605305535874152,True,False,True,False,True,11.157414651075335
2023-08-02 00:00:00+00:00,121.1371157315,123.4937148441,121.0975090237,122.3352186417,1050326,104.48593323594494,114.32872929902757,,,,,97.73731457636721,,,,108.32307167012762,"rgba(0, 255, 0, 1.0)",4.321381730477809,108.32307167012762,2.965265477705335,0,,,0.0,0.0,0.0,0.0,65.07859576304227,19.383326775058265,True,False,True,False,False,8.185568332981163
2023-08-03 00:00:00+00:00,110.8888800945,114.859452549,109.5125469993,114.859452549,2233657,104.58041998231667,114.14206546677579,,,,,97.85785366897268,,,,108.72958439679401,#000000,4.333208162107048,108.72958439679401,0.4983134012781919,0,,,-1.0,0.0,109.51255,423.0,54.469557131724265,9.703345856063791,False,False,True,False,False,0.0
2023-08-04 00:00:00+00:00,111.1265203412,114.2752536093,110.7304532634,111.5522924498,914840,104.61995192614746,114.08157435060946,,,,,97.90764601196761,,,,108.68361647557722,"rgba(38, 166, 154, 0.5)",4.344547572785426,108.68361647557722,0.5622918899370135,0,,,0.0,0.0,0.0,0.0,47.6298851046171,3.933442444653032,False,True,False,True,False,0.0
2023-08-07 00:00:00+00:00,114.1762368399,114.7257799103,111.1265203412,111.1265203412,1010710,104.67069825619011,114.05876903038052,,,,,97.96726830295381,,,,108.68931094736698,"rgba(38, 166, 154, 1.0)",4.341592339576263,108.68931094736698,1.263804950666682,0,,,0.0,0.0,0.0,0.0,45.90587104164357,2.9208922772710224,False,True,False,True,False,1.199592675755369
2023-08-08 00:00:00+00:00,114.3544670249,114.8297475182,111.6859650885,112.6216735597,860282,104.71481128805483,114.0476218385164,,,,,98.01857445098486,,,,108.70173642329935,"rgba(38, 166, 154, 1.0)",4.339931260179602,108.70173642329935,1.3024931186045379,0,,,0.0,0.0,0.0,0.0,44.9140429016536,2.3109269310068967,False,True,False,True,False,1.3556879180272503
2023-08-09 00:00:00+00:00,114.3841720557,116.4833275678,114.2901061248,114.9089609338,575431,104.74877080164593,114.06454211733744,,,,,98.05583096950961,,,,108.7322995857538,"rgba(38, 166, 154, 1.0)",4.333976172351525,108.7322995857538,1.3040848046194091,0,,,0.0,0.0,0.0,0.0,44.2814216102189,1.790737575352665,False,True,False,True,False,1.3821690531972166
2023-08-10 00:00:00+00:00,116.2456873212,117.5626103547,116.0476537823,116.1862772595,726480,104.79779560084141,114.11770559749215,,,,,98.10694773929801,116.61865048606667,,,108.79671908737473,"rgba(0, 255, 255, 0.75)",4.33177717790164,108.79671908737473,1.7196102033654534,0,,,0.0,0.0,0.0,0.0,45.643207149569804,1.790737575352665,False,True,False,True,False,3.0368641779775736
2023-08-11 00:00:00+00:00,116.1466705517,116.4140158292,114.2554502555,115.2852246576,764128,104.84454305488015,114.14957826641731,,,,,98.15748421378602,116.0992186792352,,,108.84002655202546,"rgba(0, 255, 255, 0.75)",4.338170848342992,108.84002655202546,1.6842683829442495,0,,,0.0,0.0,0.0,0.0,46.46297305672957,1.790737575352665,False,True,False,True,False,2.941777133424985
2023-08-14 00:00:00+00:00,115.9981453976,116.3843107984,114.775288295,115.8397185665,535150,104.87738604339384,114.17278214928967,,,,,98.19293336594562,115.99884083479056,,,108.87012749988223,"rgba(0, 255, 255, 0.75)",4.309856292264352,108.87012749988223,1.6538876042135466,0,,,0.0,0.0,0.0,0.0,46.866219103953256,1.790737575352665,False,True,False,True,False,2.796683683604872
2023-08-15 00:00:00+00:00,113.6811529927,116.7308694914,113.6415462849,115.8595219204,746502,104.91852914880535,114.18312150177792,,,,,98.23923907480331,115.64492707858173,,,108.89338527428276,"rgba(38, 166, 154, 1.0)",4.28367167497043,108.89338527428276,1.1176784967886906,0,,,0.0,0.0,0.0,0.0,45.02250004413988,1.790737575352665,False,True,False,True,False,0.5576808401128837
2023-08-16 00:00:00+00:00,113.6613496388,114.2752536093,112.6909852983,112.6909852983,756579,104.9550418752637,114.17026730625085,,,,,98.28266469331483,115.19417547276915,,,108.89865503485184,"rgba(38, 166, 154, 1.0)",4.281818447932978,108.89865503485184,1.1123065262721086,0,,,0.0,0.0,0.0,0.0,43.776154337266725,0.35881248367019936,False,True,False,True,False,0.5387202763305972
2023-08-17 00:00:00+00:00,111.0671102795,114.0673183935,111.0671102795,114.0673183935,651447,104.98087518855687,114.13454775309343,,,,,98.31626301987272,114.70687100431589,,,108.8848866646543,"rgba(38, 166, 154, 0.5)",4.297715763395455,108.8848866646543,0.5077635969861367,0,,,0.0,0.0,0.0,0.0,40.8472685857077,-2.681343372102269,False,True,False,True,False,0.0
2023-08-18 00:00:00+00:00,111.6018008345,112.6512795738,109.7996956307,109.8789090463,621976,105.00288994213491,114.09012888516556,,,,,98.34652595143415,114.27221798943053,,,108.86499823651607,"rgba(38, 166, 154, 0.5)",4.288847937647025,108.86499823651607,0.6381206882996664,0,,,0.0,0.0,0.0,0.0,39.61867715745615,-4.064583865986364,False,True,False,True,False,0.0
2023-08-21 00:00:00+00:00,111.4730790342,112.5127551133,110.7205515865,111.9780645584,695876,105.02817988324071,114.04590462488567,,,,,98.38078290877809,113.93005724229482,,,108.84810437912901,"rgba(38, 166, 154, 0.5)",4.287661813248379,108.84810437912901,0.612215881149982,0,,,0.0,0.0,0.0,0.0,38.6909825403673,-5.197830754355891,False,True,False,True,False,0.0
2023-08-22 00:00:00+00:00,110.9977985409,111.8889494659,109.8838598847,111.8889494659,587957,105.0473033176978,114.00030731834227,,,,,98.40817970077791,113.63960741669722,,,108.82855168201873,"rgba(38, 166, 154, 0.5)",4.301242060323971,108.82855168201873,0.5043303372509781,0,,,0.0,0.0,0.0,0.0,37.650211329437816,-6.464370850132745,False,True,False,True,False,0.0
2023-08-23 00:00:00+00:00,111.0176018948,111.5324890959,110.2551727701,111.166127049,516331,105.06402788945331,113.96149540547813,,,,,98.43216256860832,113.4281052724685,,,108.81288316464243,"rgba(38, 166, 154, 0.5)",4.313530060077129,108.81288316464243,0.5111170432224006,0,,,0.0,0.0,0.0,0.0,36.990166933164545,-7.38967932287251,False,True,False,True,False,0.0
2023-08-24 00:00:00+00:00,110.1660576776,111.9606807034,110.0173320125,110.8006205155,308980,105.07361675016949,113.93707889560756,,,,,98.44621818387868,113.3067998520722,,,108.80287168054795,#000000,4.325528684546841,108.80287168054795,0.315148990208316,0,,,0.0,0.0,0.0,0.0,35.7263032890412,-8.888547542641838,False,True,False,True,False,0.0
2023-08-25 00:00:00+00:00,109.769455904,110.9096860032,109.5612399728,110.3643585645,476024,105.08667146394977,113.8929048382851,,,,,98.46669305888672,113.09888267680272,,,108.783043539516,#000000,4.327258835825088,108.783043539516,0.22795316894786927,0,,,0.0,0.0,0.0,0.0,34.50437215840174,-10.32143617793541,False,True,False,True,False,0.0
2023-08-28 00:00:00+00:00,111.891275393,112.208556812,109.8537337809,110.146227589,578728,105.10636273890525,113.85754185774509,,,,,98.4941312453629,112.96949403109026,,,108.77255417811698,"rgba(38, 166, 154, 0.5)",4.332264011612345,108.77255417811698,0.7198825386734279,0,,,0.0,0.0,0.0,0.0,37.49151050733859,-10.32143617793541,False,True,False,True,True,0.0
2023-08-29 00:00:00+00:00,114.4791019662,114.8360435625,111.162519634,111.4946736194,582932,105.13297190678796,113.85256199295155,,,,,98.52631739566162,113.00515969940618,,,108.78395630495852,"rgba(38, 166, 154, 1.0)",4.322979808304926,108.78395630495852,1.3174120430311687,0,,,0.0,0.0,0.0,0.0,42.94695081780564,-12.46930396286821,False,True,False,True,True,1.6919060363824947
2023-08-30 00:00:00+00:00,114.330376301,115.4706064003,113.9932647934,113.9932647934,690438,105.16840996168857,113.86441816747748,,,,,98.56706399027661,113.12419331577452,,,109.56120595019979,"rgba(38, 166, 154, 1.0)",4.319716799919479,109.56120595019979,1.1040469946754632,0,,,0.0,0.0,0.0,0.0,46.37768523946292,-9.370790842580355,False,True,False,False,True,1.5367851197343576
2023-08-31 00:00:00+00:00,111.455013442,114.7021904638,111.3856081316,114.3402913454,861387,105.2025635703108,113.83815134982868,,,,,98.61104012900424,113.072180262481,,,109.50449846721213,#000000,4.326343971632359,109.50449846721213,0.45084602324209605,0,,,0.0,0.0,0.0,0.0,45.18065595244927,-9.370790842580355,False,True,False,True,True,0.0
2023-09-01 00:00:00+00:00,113.8247090396,113.9833497491,112.2779621224,112.4068576988,507821,105.22486732707128,113.83275221059831,,,,,98.63840895397081,113.08605374266045,,,109.51111673707412,"rgba(38, 166, 154, 1.0)",4.3133195844059005,109.51111673707412,1.000063226968148,0,,,0.0,0.0,0.0,0.0,47.26414986949743,-8.78290712526315,False,True,False,False,True,0.988223857519948
2023-09-05 00:00:00+00:00,110.5130842296,113.5966630198,110.3346134314,113.3884470886,660368,105.2470283228502,113.79858481594678,,,,,98.669321333813,112.99202438475879,,,109.47899712641251,#000000,4.321567581436092,109.47899712641251,0.23928518615086722,0,,,0.0,0.0,0.0,0.0,45.42178213795184,-8.78290712526315,False,True,False,True,True,0.0
2023-09-06 00:00:00+00:00,111.4153532647,112.1193214129,109.9578417465,109.9677567908,352072,105.25818128103842,113.77833217295981,,,,,98.68533475191623,112.93664826834548,,,109.46288079743196,#000000,4.3306026526128685,109.46288079743196,0.4508546786415544,0,,,0.0,0.0,0.0,0.0,45.23196066310789,-8.78290712526315,False,True,False,True,True,0.0
2023-09-07 00:00:00+00:00,109.5314948398,110.7411302494,109.0952328888,110.4139337862,635559,105.27354623418525,113.72373052970993,,,,,98.71096491100717,112.77344539086072,,,109.41492061057882,#000000,4.355382593987174,109.41492061057882,0.026765554278084,0,,,0.0,0.0,0.0,0.0,43.47022238988268,-8.78290712526315,False,True,False,True,False,0.0
2023-09-08 00:00:00+00:00,110.9295160919,111.7128045949,109.6603904162,110.0074169682,761415,105.29577536671725,113.67603626258163,,,,,98.74421287620522,112.65612431752962,,,109.38742547295415,#000000,4.344845674358238,109.38742547295415,0.35492414104526876,0,,,0.0,0.0,0.0,0.0,43.93646350777149,-8.78290712526315,False,True,False,True,False,0.0
2023-09-11 00:00:00+00:00,108.7085461594,112.3077072554,108.5102452726,111.7326346836,1053154,105.32107682198348,113.59234867106734,,,,,98.78638252741423,112.44551617370536,,,109.33474888723853,#000000,4.326396428264395,109.33474888723853,-0.14474002515061785,0,,,0.0,0.0,0.0,0.0,42.37344447129787,-8.78290712526315,False,True,False,True,False,0.0
2023-09-12 00:00:00+00:00,107.5286558828,108.8275266915,106.923838178,108.4210098735,866874,105.3321981666246,113.48940566932112,,,,,98.81436157236742,112.17361245485681,,,109.26010013252059,#000000,4.325537769035043,109.26010013252059,-0.400284159374443,1,0.15581117210498813,0.15581117210498813,0.0,0.0,0.0,0.0,40.438940613955495,-4.089340346667271,False,True,False,True,False,0.0
2023-09-13 00:00:00+00:00,103.6816186783,107.2460771191,103.4585301807,106.953583311,1052417,105.32924290283376,113.30701719829551,,,,,98.83691607627915,111.68801782227195,,,109.11941145288299,"rgba(239, 83, 80, 1.0)",4.4380110371534345,109.11941145288299,-1.2252769831034083,1,0.15134479787488195,0.15134479787488195,0.0,0.0,0.0,0.0,36.752987844372264,-7.69323897573144,False,True,False,True,False,0.0
2023-09-14 00:00:00+00:00,106.4578310939,106.6660470251,103.9790700086,104.4450770926,682062,105.33056456508359,113.2049920437814,,,,,98.85365060358144,111.4430941041572,,,109.04913260456809,"rgba(239, 83, 80, 0.5)",4.486021101078964,109.04913260456809,-0.5776391711677051,1,0.14947271366855638,0.14947271366855638,0.0,0.0,0.0,0.0,37.47313618199009,-7.69323897573144,False,True,False,True,False,0.0
2023-09-15 00:00:00+00:00,106.5867266704,107.4592505724,105.9323337438,106.2496151628,869368,105.33655945010914,113.09496163547453,,,,,98.87783197557067,111.20602008258842,,,108.98160497266568,"rgba(239, 83, 80, 0.5)",4.507041254956842,108.98160497266568,-0.5313637410422625,1,0.14793369589266492,0.14793369589266492,0.0,0.0,0.0,0.0,38.09264630554419,-7.69323897573144,False,True,False,True,False,0.0
2023-09-18 00:00:00+00:00,105.7142027683,107.2906948186,105.4613691376,106.2991903845,444520,105.33844394836439,113.03582349474793,,,,,98.88934136164558,111.08119945959938,,,108.94514520658622,"rgba(239, 83, 80, 0.5)",4.523190299488721,108.94514520658622,-0.7143061035153506,1,0.1456322501347972,0.1456322501347972,0.0,0.0,0.0,0.0,37.86969030106584,-7.69323897573144,False,True,False,True,False,0.0
2023-09-19 00:00:00+00:00,104.6632080681,106.1752523302,104.1872859398,105.4564116155,508812,105.33757730544332,112.9582785296767,,,,,98.900398498398,110.91414020372719,,,108.89497354624989,"rgba(239, 83, 80, 0.5)",4.607993955809028,108.89497354624989,-0.9183530878583603,1,0.14331237241360645,0.14331237241360645,0.0,0.0,0.0,0.0,36.96769753118817,-8.083922311432424,False,True,False,True,False,0.0
2023-09-20 00:00:00+00:00,104.9606593984,105.9422487882,104.8714239993,105.3374310834,617748,105.33732462971459,112.86901429128906,,,,,98.91431558384511,110.73133364790174,,,108.83944561585606,"rgba(239, 83, 80, 0.5)",4.714933187677293,108.83944561585606,-0.8226598475654892,1,0.14115599438989546,0.14115599438989546,0.0,0.0,0.0,0.0,36.76520022767466,-8.560447473258051,False,True,False,True,False,0.0
2023-09-21 00:00:00+00:00,102.2042770715,104.0583903633,102.1646168941,103.7708540774,456304,105.33140056647068,112.78360369276372,,,,,98.92060299036228,110.54660914824683,,,108.78158216842974,"rgba(239, 83, 80, 1.0)",4.892011606914336,108.78158216842974,-1.3444990783818698,1,0.13704083568526804,0.13704083568526804,0.0,0.0,0.0,0.0,34.71127951081207,-10.763348373628489,False,True,False,True,False,0.0
2023-09-22 00:00:00+00:00,102.045636362,103.6518735453,101.8572505195,102.2935124705,394478,105.32571354025575,112.70880680339285,,,,,98.92561683077965,110.38797222102747,,,108.73127849238332,"rgba(239, 83, 80, 1.0)",5.051249717764199,108.73127849238332,-1.3235619903865197,1,0.13328117631364958,0.13328117631364958,0.0,0.0,0.0,0.0,33.240762395368634,-12.340485637875403,False,True,False,True,False,0.0
2023-09-25 00:00:00+00:00,102.4323230913,104.107965585,102.2538522932,102.4025779583,508335,105.31949233246343,112.61785677922026,,,,,98.93279782907229,110.20282150107148,,,108.67191121167805,"rgba(239, 83, 80, 1.0)",5.193415097342821,108.67191121167805,-1.2014422116134125,1,0.13075867300757485,0.13075867300757485,0.0,0.0,0.0,0.0,32.862608667281194,-12.883911435478971,False,True,False,True,False,0.0
2023-09-26 00:00:00+00:00,101.5697142336,102.9479053971,101.3119230807,101.9068257412,611090,105.30897917030647,112.49980877839492,,,,,98.93927136456324,109.96341965696907,,,108.59379068342598,"rgba(239, 83, 80, 1.0)",5.352860783147069,108.59379068342598,-1.3122098134777884,1,0.12779962527592187,0.12779962527592187,0.0,0.0,0.0,0.0,31.97053796804397,-13.934567399644841,False,True,False,True,False,0.0
2023-09-27 00:00:00+00:00,102.6207089338,103.9096646982,101.8869956525,102.1150416724,467733,105.303027435426,112.41844332194896,,,,,98.94562494383462,109.80807407145814,,,108.54231887089361,"rgba(239, 83, 80, 1.0)",5.4766780262038255,108.54231887089361,-1.081241202926473,1,0.125356653785161,0.125356653785161,0.0,0.0,0.0,0.0,33.10248086051257,-13.934567399644841,False,True,False,True,False,0.0
2023-09-28 00:00:00+00:00,107.2014594196,107.8261072131,102.7694345989,102.7694345989,1017628,105.30626607173096,112.3021238673649,,,,,98.97051421441606,109.63331581792296,,,108.48277681923437,#000000,5.504515120804079,108.48277681923437,-0.23277570712662604,1,0.12482214714529168,0.12482214714529168,0.0,0.0,0.0,0.0,39.510139345912734,-14.789067828815675,False,True,False,True,True,0.0
2023-09-29 00:00:00+00:00,105.1787903739,108.0640682773,104.5392700139,107.9351727008,806645,105.30878951806747,112.21277393320261,,,,,98.99010363920961,109.50542974400537,,,108.43784749650402,"rgba(239, 83, 80, 0.5)",5.558290566726597,108.43784749650402,-0.5863416249077731,1,0.12395856164329802,0.12395856164329802,0.0,0.0,0.0,0.0,41.81030164691353,-12.793010310103767,False,True,False,True,True,0.0
2023-10-02 00:00:00+00:00,103.5527231019,105.9125036552,102.45215318,105.0003195758,740546,105.30382368911435,112.10808714597478,,,,,99.00295033461173,109.33552421511489,,,108.37766297596697,"rgba(239, 83, 80, 0.5)",5.637198380591918,108.37766297596697,-0.8559109593656595,1,0.12286809490717074,0.12286809490717074,0.0,0.0,0.0,0.0,41.93784443421521,-12.759410188416254,False,True,False,True,True,0.0
2023-10-03 00:00:00+00:00,101.1830275043,102.7743921211,100.4096540457,102.4422381357,554626,105.29314373501262,112.00768778730374,,,,,99.00767769421634,109.15837490625655,,,108.3145699904536,"rgba(239, 83, 80, 1.0)",5.779900488650303,108.3145699904536,-1.2338521225681054,1,0.12014033016539233,0.12014033016539233,0.0,0.0,0.0,0.0,40.23449580959844,-12.759410188416254,False,True,False,True,True,0.0
2023-10-04 00:00:00+00:00,103.2751018603,103.5527231019,101.0243867948,101.7382699874,497470,105.28649942087874,111.92896997095194,,,,,99.01390725981399,109.02908604704706,,,108.26749930876926,"rgba(239, 83, 80, 0.5)",5.869216600737727,108.26749930876926,-0.8506071232473762,1,0.1184855902293211,0.1184855902293211,0.0,0.0,0.0,0.0,41.41341836817568,-12.759410188416254,False,True,False,True,True,0.0
2023-10-05 00:00:00+00:00,103.4535726585,104.0435177968,102.2935124705,103.1660363726,613856,105.28031974663419,111.84025130425951,,,,,99.0229377238501,108.89181028152471,,,108.21640200080512,"rgba(239, 83, 80, 0.5)",5.937058180023774,108.21640200080512,-0.802220425989838,1,0.11698099679054692,0.11698099679054692,0.0,0.0,0.0,0.0,42.39071019440344,-12.363580675042726,False,False,False,True,True,0.0
2023-10-06 00:00:00+00:00,103.5328930132,105.2283655956,102.5909638008,103.0173107075,643606,105.27554286017434,111.75469142946014,,,,,99.03352189678013,108.767408497919,,,108.1689061263587,"rgba(239, 83, 80, 0.5)",6.014997727641572,108.1689061263587,-0.7707422883726427,1,0.11559960461165869,0.11559960461165869,0.0,0.0,0.0,0.0,43.13436894949588,-11.523046064425678,False,False,False,True,True,0.0
2023-10-09 00:00:00+00:00,103.5725531906,103.8799195652,99.3189991681,101.5102239676,746583,105.26440583087188,111.63910886380002,,,,,99.04181337090608,108.58853164050093,,,108.18154153773162,"rgba(239, 83, 80, 0.5)",6.0837552741740515,108.18154153773162,-0.7575893735727797,1,0.11430409387725966,0.11430409387725966,0.0,0.0,0.0,0.0,43.6804244410356,-10.825847658235475,False,False,False,True,True,0.0
2023-10-10 00:00:00+00:00,109.769455904,112.0102559251,108.8771019133,110.989006358,3600915,105.35103640740667,111.56037072134781,,,,,99.17877411980554,108.7793147838236,,,108.98925164293685,#000000,6.057089630972116,108.98925164293685,0.12880843913447765,1,0.11423356020292037,0.11423356020292037,0.0,1.0,112.010254,471.0,49.914880174386674,-4.880795320287724,True,False,False,False,True,0.039388753181032854
2023-10-11 00:00:00+00:00,107.3700151734,110.9096860032,107.0229886214,109.7595408596,9321519,105.48454758545097,111.1680128380281,,,,,99.46333527042412,108.69908632628933,,,108.80690129486133,#000000,6.0512001478438915,108.80690129486133,-0.23745473399575218,2,0.12799174991299317,0.25598349982598634,0.0,0.0,0.0,0.0,51.58459321235742,-3.417986407437013,True,False,True,False,True,0.0
2023-10-12 00:00:00+00:00,106.7354523355,107.7765319914,106.1901248967,107.5088257941,1321363,105.493187422041,111.09341869834532,,,,,99.49560860590198,108.64170926309278,,,108.75800589775963,#000000,6.072083236443366,108.75800589775963,-0.33309055286342093,3,0.17183922210211242,0.5155176663063372,0.0,0.0,0.0,0.0,52.082273030278145,-2.9665027829043,True,False,True,False,True,0.0
2023-10-13 00:00:00+00:00,104.2071160284,107.6575514593,103.5180204467,106.2099549854,928875,105.49162604874874,111.02099940211069,,,,,99.51273618820677,108.5646227631753,,,108.69982205909245,"rgba(239, 83, 80, 0.5)",6.128649167316626,108.69982205909245,-0.7330662774190991,3,0.17039636997830385,0.5111891099349115,0.0,0.0,0.0,0.0,50.142038603227775,-2.9665027829043,True,False,False,False,True,0.0
2023-10-16 00:00:00+00:00,106.0116540986,106.6957921581,104.9309142654,105.5654771032,694223,105.49285991334936,110.97477251673004,,,,,99.52717422913115,108.5213106372549,,,108.66668679580607,#000000,6.163537663264377,108.66668679580607,-0.43076441522057485,3,0.16997080050485436,0.5099124015145631,0.0,0.0,0.0,0.0,50.48911389438007,-2.9665027829043,True,False,False,False,True,0.0
2023-10-17 00:00:00+00:00,106.4280859609,108.5994806717,104.6037178021,105.9521638325,889293,105.49712541897648,110.92432075298211,,,,,99.54749802067839,108.48127665214939,,,108.63510729867998,#000000,6.188768999200314,108.63510729867998,-0.3566171783217566,3,0.16970646134899328,0.5091193840469799,0.0,0.0,0.0,0.0,51.090211957042285,-2.9665027829043,True,False,False,False,True,0.0
2023-10-18 00:00:00+00:00,104.5541425804,106.2168955164,104.1872859398,105.4068363938,796063,105.49527541934717,110.86440683150296,,,,,99.56156318045244,108.41906489768166,,,108.58976128206038,"rgba(239, 83, 80, 0.5)",6.239184102995074,108.58976128206038,-0.6468183395523004,3,0.16865963344216142,0.5059789003264843,0.0,0.0,0.0,0.0,49.72874649234326,-2.9665027829043,True,False,False,False,False,0.0
2023-10-19 00:00:00+00:00,102.9974806188,105.5853071919,102.5909638008,104.8119337333,889838,105.48813886685646,110.78478129926414,,,,,99.57356301280005,108.32748514147156,,,108.52516234672734,"rgba(239, 83, 80, 0.5)",6.314214932442699,108.52516234672734,-0.8754345214835634,3,0.1669134936907559,0.5007404810722677,0.0,0.0,0.0,0.0,47.49607443605963,-2.9665027829043,True,False,False,False,False,0.0
2023-10-20 00:00:00+00:00,99.576790321,102.4323230913,99.3884044785,102.3629177809,888534,105.46800779174272,110.67113543919551,,,,,99.57612384337168,108.17727127336865,,,108.42292613503278,"rgba(239, 83, 80, 1.0)",6.456028093935542,108.42292613503278,-1.3702133394280578,3,0.16373956507300752,0.49121869521902256,0.0,0.0,0.0,0.0,43.573241366397866,-1.5188305406210603,False,False,False,True,False,0.0
2023-10-23 00:00:00+00:00,101.0838770609,102.7793496433,98.8926522614,100.2906735136,1103460,105.44547356092241,110.53954703273713,,,,,99.58089181835985,108.00902337284414,,,108.30902822752236,"rgba(239, 83, 80, 1.0)",6.546947374572126,108.30902822752236,-1.1035908421510057,3,0.16179005317433234,0.485370159522997,0.0,0.0,0.0,0.0,42.58627959058356,-2.438742720260265,False,False,False,True,False,0.0
2023-10-24 00:00:00+00:00,101.3317531694,102.481898313,100.6377000655,102.0654664507,873000,105.43000927313169,110.44389977127618,,,,,99.58622359682295,107.89151839618175,,,108.22965104130931,"rgba(239, 83, 80, 1.0)",6.578353028471904,108.22965104130931,-1.0485752044705376,3,0.15964366236903715,0.47893098710711146,0.0,0.0,0.0,0.0,42.19681069581886,-2.887387478927309,False,False,False,True,False,0.0
2023-10-25 00:00:00+00:00,100.4988894447,102.1596593719,99.9089443064,100.2311832475,716561,105.41540055094727,110.36149189500543,,,,,99.58913678590172,107.78903983823213,,,108.16088686495804,"rgba(239, 83, 80, 1.0)",6.621825486768558,108.16088686495804,-1.1570823537358261,3,0.15730148563849253,0.47190445691547755,0.0,0.0,0.0,0.0,41.278092001719614,-3.9071906824853,False,False,False,True,False,0.0
2023-10-26 00:00:00+00:00,99.6660257201,101.7779301648,99.5272150993,101.1631974156,470639,105.40474233087657,110.30514568014182,,,,,99.59024219517298,107.71829831351523,,,108.11363186341377,"rgba(239, 83, 80, 1.0)",6.686627207136368,108.11363186341377,-1.263358324253218,3,0.15468428741341986,0.46405286224025954,0.0,0.0,0.0,0.0,40.00968623220224,-5.273835694883552,False,True,False,True,False,0.0
2023-10-27 00:00:00+00:00,98.4365602217,100.8062558193,97.9308929603,100.1915230702,549486,105.38926878057934,110.23191292805444,,,,,99.58930856526564,107.62353195625458,,,108.05074166823165,"rgba(239, 83, 80, 1.0)",6.76564246143008,108.05074166823165,-1.4210300797508386,3,0.15215145404913957,0.45645436214741875,0.0,0.0,0.0,0.0,38.22796270452116,-7.106317238172764,False,True,False,True,False,0.0
2023-10-30 00:00:00+00:00,100.6079549325,101.1235372383,99.5073850106,99.8940717399,846563,105.37064729476218,110.13439324502593,,,,,99.59152809024059,107.50398779550893,,,107.97104747780358,"rgba(239, 83, 80, 1.0)",6.816083621959185,107.97104747780358,-1.08025267201566,2,0.17617496390203607,0.35234992780407215,0.0,0.0,0.0,0.0,39.80802501087751,-7.106317238172764,False,True,False,True,False,0.0
2023-10-31 00:00:00+00:00,101.5697142336,101.6292044997,99.3586593455,100.360078824,1118380,105.34842170661207,110.01418580995261,,,,,99.59600128929077,107.36142820182828,,,107.87580648675255,"rgba(239, 83, 80, 0.5)",6.8138724791676815,107.87580648675255,-0.9254784665302174,2,0.174819728887025,0.34963945777405,0.0,0.0,0.0,0.0,41.96991929181229,-7.106317238172764,False,False,False,True,True,0.0
2023-11-01 00:00:00+00:00,103.1164611509,103.6022983236,100.5583797108,102.1051266281,1486095,105.32944116904028,109.88580580538789,,,,,99.6092770957042,107.2247526416875,,,107.78306251919382,"rgba(239, 83, 80, 0.5)",6.748693858839951,107.78306251919382,-0.6914821543106682,2,0.1740264704026236,0.3480529408052472,0.0,0.0,0.0,0.0,45.08519890046287,-9.725656788145756,True,False,False,True,True,0.0
2023-11-02 00:00:00+00:00,101.262347859,101.5399691006,95.947884092,100.9648965288,2213756,105.27438655837858,109.63255222377465,99.58340035053334,,,,99.60909750373956,106.92203400284588,,,107.36314342334227,"rgba(239, 83, 80, 0.5)",6.706618514698152,107.36314342334227,-0.9096678976106701,2,0.17279928601519823,0.34559857203039646,0.0,0.0,0.0,0.0,45.28446942585947,-9.513441476874242,True,False,False,True,True,0.0
2023-11-03 00:00:00+00:00,103.7708540774,105.2382806399,102.2984699927,102.481898313,865680,105.26876808463402,109.5767263330189,100.76009777164158,,,,99.62035733843457,106.87393665585535,,,107.38785998392189,"rgba(239, 83, 80, 0.5)",6.626397657085858,107.38785998392189,-0.5458479997278886,2,0.1725531440775262,0.3451062881550524,0.0,0.0,0.0,0.0,47.959706008045956,-6.9188765390475595,True,False,False,False,True,0.0
2023-11-06 00:00:00+00:00,102.9875655744,104.1972009841,101.7481850318,104.018730186,716026,105.26171614701228,109.52516340590311,101.17844616544133,,,,99.62785657963761,106.82538580718061,,,107.37500380700968,"rgba(239, 83, 80, 0.5)",6.534373792399073,107.37500380700968,-0.6714397388336196,2,0.17220140354862026,0.3444028070972405,0.0,0.0,0.0,0.0,48.92556337983471,-5.954013074960692,True,False,False,False,True,0.0
2023-11-07 00:00:00+00:00,105.8133532117,106.3586806505,103.0073956631,103.0073956631,952509,105.26089281182617,109.47922671458149,101.95710168670988,,,,99.64394953482366,106.79659639958766,,,107.39129965058552,#000000,6.4287361718076115,107.39129965058552,-0.2454520448055402,2,0.17190671916335165,0.3438134383267033,0.0,0.0,0.0,0.0,52.09867062449269,-2.910477857295092,True,False,True,False,True,0.0
2023-11-08 00:00:00+00:00,104.3657567379,107.330354996,104.2071160284,105.8827585221,808396,105.26103139961546,109.44306344294158,102.44361659742664,,,,99.65813815314407,106.77618255498474,,,107.39884010718706,#000000,6.304275317366547,107.39884010718706,-0.48111530930950047,2,0.17138000203348605,0.3427600040669721,0.0,0.0,0.0,0.0,52.65473894527162,-2.35158612416501,True,False,True,False,True,0.0
2023-11-09 00:00:00+00:00,105.0003195758,105.9125036552,104.2641275334,105.0300647088,803999,105.26034071498704,109.4056462765373,102.77421902583424,,,,99.6715767939796,106.753182535691,,,107.39691806335672,#000000,6.181975595166356,107.39691806335672,-0.3876751777264536,2,0.17094837554398284,0.3418967510879657,0.0,0.0,0.0,0.0,53.59814173067487,-1.3457749492616031,True,False,True,False,True,0.0
2023-11-10 00:00:00+00:00,107.0725638431,107.300609863,103.874962043,104.9804894871,795671,105.26311342729367,109.37781459716015,103.1420863030301,,,,99.68732526608352,106.74441158798106,,,107.40573490508109,#000000,5.992725460165933,107.40573490508109,-0.05559591611457959,2,0.1708335756346282,0.3416671512692564,0.0,0.0,0.0,0.0,55.97456887443955,1.0132867774515901,True,False,True,False,True,0.0
2023-11-13 00:00:00+00:00,106.6660470251,107.9748328782,106.1008894977,106.6660470251,484528,105.26649585497051,109.36531157119204,103.38127811094937,,,,99.69811904648887,106.74575128141156,,,107.41601404873668,#000000,5.69252560465816,107.41601404873668,-0.13174592012778857,2,0.1706440043188374,0.3412880086376748,0.0,0.0,0.0,0.0,57.05717629483419,2.131430986999476,True,False,True,False,True,0.0
2023-11-14 00:00:00+00:00,109.7892859927,111.2071373335,108.5697355387,108.926677135,886794,105.28364006533964,109.36982124202572,104.05454638627651,,,,99.72580980450931,106.79008993279896,,,107.47276586706221,#000000,5.32159658695931,107.47276586706221,0.43530547417188253,2,0.17086064072358564,0.3417212814471713,0.0,0.0,0.0,0.0,60.1328409184363,5.1122948096532355,True,False,True,False,True,2.3489773813282895
2023-11-15 00:00:00+00:00,111.5442488411,112.7489267286,110.6518948504,110.7014700721,732555,105.30322256395179,109.3870108921474,104.65529535570899,,,,99.75259948611813,106.84664694626588,,,107.53433367675635,"rgba(38, 166, 154, 0.5)",4.991541372009566,107.53433367675635,0.8033420672078461,3,0.23308160856131468,0.6992448256839441,0.0,0.0,0.0,0.0,63.269952030489996,8.061605720287858,True,False,True,False,True,3.9466376377967123
2023-11-16 00:00:00+00:00,112.674563896,112.9422700932,111.0881568014,111.0881568014,853330,105.3279771972906,109.41182084670923,105.29485144123016,,,,99.78518601048926,106.91873908572386,,,107.60693988958371,"rgba(38, 166, 154, 1.0)",4.765393600935625,107.60693988958371,1.0634219186892173,3,0.2328646483992439,0.6985939451977317,0.0,0.0,0.0,0.0,66.01221108236658,10.589602664361536,True,False,True,False,True,4.958918560696109
2023-11-17 00:00:00+00:00,114.3502063897,114.7041734727,112.8827798272,113.4479373547,490709,105.34570676960092,109.43458639219095,105.69672194890782,,,,99.80646231982458,106.9726447719773,,,107.65820945883122,"rgba(38, 166, 154, 1.0)",4.818050887059615,107.65820945883122,1.3889427670517631,3,0.23231036454754558,0.6969310936426367,0.0,0.0,0.0,0.0,68.73966817903667,13.091606550835024,True,False,True,False,True,6.436545787417778
2023-11-20 00:00:00+00:00,114.2312258576,114.5435497544,113.6561532858,114.2312258576,581017,105.36700390465475,109.46221557624597,106.13550763260203,,,,99.83186350667737,107.03689083783956,,,107.71735198796651,"rgba(38, 166, 154, 1.0)",4.864932163359555,107.71735198796651,1.3389444396970231,3,0.23183903983798446,0.6955171195139533,0.0,0.0,0.0,0.0,70.37647863812569,14.592342009813478,True,False,True,False,True,6.312255693379971
2023-11-21 00:00:00+00:00,114.7567232077,114.8758581397,113.6348692651,113.7837879301,559712,105.38807155231947,109.49009394145082,106.53043700213986,,,,99.85672339563386,107.10008775642872,,,107.77378978256745,"rgba(38, 166, 154, 1.0)",4.876484393413252,107.77378978256745,1.4319605809801261,3,0.2315391563586583,0.6946174690759749,0.0,0.0,0.0,0.0,71.77005835257386,15.935964015433953,True,False,True,False,True,6.781488060858965
2023-11-22 00:00:00+00:00,116.4146843441,116.4643238991,115.2829024905,116.1962703022,1004503,105.432420070518,109.55564059490631,107.28079223760137,,,,99.90610069001605,107.23550997738826,,,107.89106530054767,"rgba(0, 255, 255, 0.75)",4.922361383676741,107.89106530054767,1.7316117975039131,3,0.23061219709233607,0.6918365912770083,0.0,0.0,0.0,0.0,73.60423927536252,17.74466185066933,True,False,True,False,True,8.24953765006029
2023-11-24 00:00:00+00:00,115.9381446163,116.7274135405,115.8090817733,116.2260540352,194726,105.44105848162953,109.56839723002732,107.4143426533722,,,,99.9156993816703,107.26159410094826,,,107.91311841566679,"rgba(0, 255, 255, 0.75)",4.955635649949897,107.91311841566679,1.6193737327550186,3,0.2297603362340004,0.6892810087020013,0.0,0.0,0.0,0.0,73.98625950393387,18.23991651118922,True,False,True,False,True,7.727398160623736
2023-11-27 00:00:00+00:00,115.0744163596,116.2558377682,115.0247768046,115.5112444434,672323,105.46881809453052,109.60738325896264,107.81119869482818,,,,99.94731561480887,107.34343315873689,,,107.98093852684337,"rgba(38, 166, 154, 1.0)",4.928983180759123,107.98093852684337,1.439136140785966,3,0.229238046576928,0.687714139730784,0.0,0.0,0.0,0.0,72.71845860532207,18.23991651118922,True,False,True,False,True,6.778767385238375
2023-11-28 00:00:00+00:00,113.3668156682,114.9254976947,113.3668156682,114.9254976947,676790,105.49224980386087,109.63573760672372,108.09886486547057,,,,99.97581216242382,107.40859221118298,,,108.03287521178638,"rgba(38, 166, 154, 1.0)",4.871909351372982,108.03287521178638,1.094835735174432,3,0.22946797809850028,0.6884039342955008,0.0,0.0,0.0,0.0,69.12923544111996,18.23991651118922,True,False,True,False,False,4.92975656296834
2023-11-29 00:00:00+00:00,112.9895550504,114.2404718359,112.8207805634,113.6348692651,716235,105.51533082557849,109.66160477124808,108.34945948494234,,,,100.00468556154212,107.47055902029473,,,108.08083117292544,"rgba(38, 166, 154, 1.0)",4.811271967334561,108.08083117292544,1.0202549161223127,3,0.23121957333920382,0.6936587200176114,0.0,0.0,0.0,0.0,66.16409228410834,21.954117083209823,True,False,True,False,False,4.524408210072686
2023-11-30 00:00:00+00:00,113.932706595,113.972418239,112.0364755947,113.2129330478,528992,105.53221218637205,109.68029317913596,108.5184702545243,,,,100.02587281896825,107.5152242939043,,,108.11480555079511,"rgba(38, 166, 154, 1.0)",4.815899338220128,108.11480555079511,1.2080611814355493,3,0.23272440058411678,0.6981732017523503,0.0,0.0,0.0,0.0,65.1260690578369,20.92871303740023,True,False,True,False,False,5.424506938405653
2023-12-01 00:00:00+00:00,117.2486288678,117.4372591768,113.1980411813,113.922778684,870378,105.5692253185842,109.73273261638825,108.91326763506116,,,,100.0675031752767,107.620129619582,,,108.19643601695591,"rgba(0, 255, 255, 0.75)",4.897496698562156,108.19643601695591,1.848330567226659,3,0.23282611349922447,0.6984783404976734,0.0,0.0,0.0,0.0,67.08212942745743,20.92871303740023,True,False,True,False,False,8.472737787470237
2023-12-04 00:00:00+00:00,119.1746436011,120.2567858997,117.1692055799,117.1692055799,1001884,105.62332853125086,109.81967905098834,109.48604589425308,,,,100.12386630140973,107.77866031295403,,,108.32036487974874,"rgba(0, 255, 0, 1.0)",5.068183941258326,108.32036487974874,2.1416505097595904,3,0.23214187469113104,0.6964256240733931,0.0,0.0,0.0,0.0,69.5539127469458,20.92871303740023,True,False,True,False,True,10.156524329584482
2023-12-05 00:00:00+00:00,116.1565586582,118.7080317843,115.3623257785,118.1024292135,1290671,105.68130351489289,109.9035399780985,109.98684005368045,,,,100.18780530138932,107.93852541101724,,,108.44058589828724,"rgba(38, 166, 154, 1.0)",5.145761411744964,108.44058589828724,1.4994812511713829,3,0.23203886505853435,0.6961165951756031,0.0,0.0,0.0,0.0,66.92283066206005,20.92871303740023,True,False,True,False,True,6.844286392681653
2023-12-06 00:00:00+00:00,117.2684846898,119.0654365802,117.0103590039,117.2287730458,739196,105.71732940310321,109.95781997801731,110.28321941012624,,,,100.22648819732417,108.03804822272718,,,108.51515503993039,"rgba(0, 255, 255, 0.75)",5.249119537835316,108.51515503993039,1.6675805507525931,3,0.2323191884738145,0.6969575654214435,0.0,0.0,0.0,0.0,66.00295750623593,20.92871303740023,True,False,True,False,False,7.826531193563113
2023-12-07 00:00:00+00:00,119.9490206589,119.9788043918,117.2684846898,117.2684846898,706115,105.7551847304083,110.0173726964725,110.591027556259,,,,100.26597255095218,108.14353874532378,,,108.59437072267471,"rgba(0, 255, 0, 1.0)",5.427307744783187,108.59437072267471,2.092133055683005,3,0.23220487297647466,0.696614618929424,0.0,0.0,0.0,0.0,67.1523001922911,20.92871303740023,True,False,True,False,False,10.126410592026513
2023-12-08 00:00:00+00:00,121.7559004602,122.3664669865,119.8199578159,120.0780835018,832561,105.8070381855821,110.1038008046188,111.01657668143025,,,,100.31785861575685,108.29043639623782,,,108.70538694816864,"rgba(0, 255, 0, 1.0)",5.653748335713257,108.70538694816864,2.30829402674234,3,0.23087792716896974,0.6926337815069092,0.0,0.0,0.0,0.0,68.92274960622998,20.92871303740023,True,False,True,False,False,11.619025408682852
2023-12-11 00:00:00+00:00,126.8191350684,127.7225749691,122.1133052561,122.1133052561,1710907,105.94134354762859,110.34291539703884,112.11257652609049,,,,100.44504359571299,108.67720454379597,,,108.99939517579939,"rgba(0, 255, 0, 1.0)",6.0598501729988445,108.99939517579939,2.9406238411637386,3,0.22571991572119274,0.6771597471635782,0.0,0.0,0.0,0.0,72.24277965660823,16.40646892773148,True,False,True,False,True,15.531398460160343
2023-12-12 00:00:00+00:00,126.4815860945,127.0290111068,126.0745417436,126.8489188014,923663,106.01666753981168,110.47704840032397,112.67646044460726,,,,100.5158256367915,108.89056345294904,,,109.16023076373097,"rgba(0, 255, 0, 1.0)",6.42100434904732,109.16023076373097,2.6976084097091437,3,0.22144385015312265,0.664331550459368,0.0,0.0,0.0,0.0,74.01418112285205,18.14760981692386,True,False,True,False,True,15.152830914164337
2023-12-13 00:00:00+00:00,126.8092071574,127.6630075031,124.7193818926,126.2234604086,830796,106.08351870224264,110.59483971401298,113.14278910580877,,,,100.57884432445839,109.07676512865406,,,109.29959359637569,"rgba(0, 255, 0, 1.0)",6.757341198580374,109.29959359637569,2.5911986751095006,3,0.2168149032925928,0.6504447098777784,0.0,0.0,0.0,0.0,75.32699488074145,19.492968452756983,True,False,True,False,True,15.399663113252636
2023-12-14 00:00:00+00:00,129.4301756604,132.6567467343,128.6061590477,128.6061590477,1126021,106.19039745907705,110.78979809425319,113.89528740581498,,,,100.67637919754704,109.37738310529504,,,110.77001520092449,"rgba(0, 255, 0, 1.0)",7.146733487457378,110.77001520092449,2.6110055023353502,3,0.21088281549818685,0.6326484464945605,1.0,0.0,132.65675,532.0,77.18917440513346,21.38462324946569,True,False,True,False,True,17.34094945233491
2023-12-15 00:00:00+00:00,129.6982292573,129.9960665872,127.9955925215,128.6657265137,1387175,106.31534177654552,111.01261830111186,114.68437338233588,,,,100.7916163076078,109.71895453993687,,,110.99072281516075,"rgba(0, 255, 0, 1.0)",7.522080389579876,110.99072281516075,2.4870122988919694,3,0.2050188649179924,0.6150565947539772,0.0,0.0,0.0,0.0,78.52531930735529,22.79112921437975,True,False,True,False,True,17.536279199876944
2023-12-18 00:00:00+00:00,130.4626784041,130.571885425,128.5863032257,129.4798152154,447453,106.35647975545031,111.08584699821228,114.93237401765786,,,,100.82942635889017,109.83019244687353,,,111.07284688885647,"rgba(0, 255, 0, 1.0)",7.92033432610116,111.07284688885647,2.4481077081992693,3,0.19974582339031752,0.5992374701709525,0.0,0.0,0.0,0.0,79.69565973580329,24.07208618102044,True,False,True,False,True,18.097243332404105
2023-12-19 00:00:00+00:00,129.5890222364,132.1603511845,129.4202477494,130.9789297759,1067348,106.45617348083296,111.26298811394607,115.51183062778854,,,,100.92081826569098,110.09735266281434,,,111.27521320548388,"rgba(0, 255, 0, 1.0)",8.249377898607014,111.27521320548388,2.2200230436780686,3,0.19658664562406147,0.5897599368721844,0.0,0.0,0.0,0.0,79.02383049649968,24.07208618102044,True,False,True,False,True,17.049324065092584
2023-12-20 00:00:00+00:00,126.1440371206,128.6458706917,125.7568485918,128.4076008278,1140395,106.54615578886836,111.41431504137222,115.94842401157528,,,,101.0061841744593,110.32674132825547,,,111.40463431977062,"rgba(0, 255, 255, 0.75)",8.47420509195793,111.40463431977062,1.7393257114838017,3,0.19606290541728247,0.5881887162518474,0.0,0.0,0.0,0.0,73.72855884226678,29.34212524672833,True,False,True,False,False,13.060956907651384
2023-12-21 00:00:00+00:00,129.0926266866,129.3308965505,127.1963956862,127.5041609271,724173,106.60761031520191,111.51925679750065,116.24899637187856,,,,101.06363016420026,110.48375244868,,,111.5125352726629,"rgba(0, 255, 0, 1.0)",8.768016165654023,111.5125352726629,2.005024977349111,2,0.24007472863884405,0.4801494572776881,0.0,0.0,0.0,0.0,72.03955134950715,27.753932156484524,True,False,True,False,False,15.319397270844686
2023-12-22 00:00:00+00:00,129.5493105924,129.7280129903,128.2686100739,129.1919057965,447488,106.64652008978429,111.58588473654052,116.43699223770322,,,,101.09983470586565,110.58283005663033,,,111.58348027043834,"rgba(0, 255, 255, 0.75)",9.060507180877515,111.58348027043834,1.9828724775892344,2,0.23530767737440506,0.4706153547488101,0.0,0.0,0.0,0.0,71.17358620843135,26.87140797871831,True,False,True,False,False,15.661342977290587
2023-12-26 00:00:00+00:00,130.1449852522,130.4527504931,128.8543568226,129.2614011735,365297,106.67907669007263,111.64185406415106,116.59390541616251,,,,101.12998758614518,110.66567137472752,,,111.64458541883577,"rgba(0, 255, 255, 0.75)",9.353091736006585,111.64458541883577,1.9779983299151513,2,0.22858968511501615,0.4571793702300323,0.0,0.0,0.0,0.0,70.94754300333132,26.494429549389196,True,False,True,False,False,16.110429153664448
2023-12-27 00:00:00+00:00,129.4103198384,129.9861386762,128.4721322493,129.7975083673,398883,106.7137136751284,111.70081464130553,116.75442157516973,,,,101.16223605545173,110.75284734128759,,,111.7070799450676,"rgba(0, 255, 255, 0.75)",9.607748898722011,111.7070799450676,1.8426001844914177,2,0.22296901121041696,0.4459380224208339,0.0,0.0,0.0,0.0,69.74661756895581,25.134684924773183,True,False,True,False,False,15.250826876562577
2023-12-28 00:00:00+00:00,129.6783734354,129.9960665872,128.8990324221,129.3308965505,371956,106.74625213466985,111.75617088418646,116.90322523917645,,,,101.19249172502214,110.83442738161513,,,111.76611582033861,"rgba(0, 255, 255, 0.75)",9.850437772380394,111.76611582033861,1.81842249339268,2,0.21782699105550413,0.43565398211100825,0.0,0.0,0.0,0.0,69.1378142826252,24.316655603641507,True,False,True,False,False,15.459970428681846
2023-12-29 00:00:00+00:00,129.4698873044,130.581813336,129.1819778855,129.7577967233,539861,106.79376868982578,111.83689414175787,117.1167937775527,,,,101.23663068204219,110.95295942356626,,,111.85247838101161,"rgba(0, 255, 255, 0.75)",10.044555133553475,111.85247838101161,1.7539262505054183,2,0.21321165897381592,0.42642331794763183,0.0,0.0,0.0,0.0,68.39568537354481,23.347218209455505,True,False,True,False,False,15.209363166334402
2024-01-02 00:00:00+00:00,129.0429871316,130.3931830271,127.7325028801,129.0429871316,655574,106.84948388508175,111.93022005164829,117.35314990097558,,,,101.28875741788968,111.0897148850934,,,111.94895464173813,"rgba(0, 255, 255, 0.75)",10.236969024045601,111.94895464173813,1.6698333705718682,2,0.20913835556812488,0.41827671113624976,0.0,0.0,0.0,0.0,67.17894881974743,21.936480675042617,True,False,True,False,False,14.690198317357709
2024-01-03 00:00:00+00:00,126.6404326704,128.9933475766,125.5384345498,127.782142435,752332,106.9073553561307,112.02372596228224,117.56871444900919,,,,101.34404865776932,111.22695116902185,,,112.03683716705955,"rgba(38, 166, 154, 1.0)",10.367755714319754,112.03683716705955,1.4085589886314778,2,0.20649122440056877,0.41298244880113755,0.0,0.0,0.0,0.0,62.76489378025255,17.623386989653326,False,False,True,False,False,11.820752403811653
2024-01-04 00:00:00+00:00,125.6178578378,127.851637812,125.5384345498,126.7794234244,743736,106.9622040580955,112.11065250203423,117.75710307451168,,,,101.39694839341662,111.35424232157847,,,112.11603609522444,"rgba(38, 166, 154, 1.0)",10.464798137085745,112.11603609522444,1.2902133004101661,2,0.20431757031791667,0.40863514063583334,0.0,0.0,0.0,0.0,58.51884571777976,13.666330172476584,False,False,True,False,False,10.630937132753669
2024-01-05 00:00:00+00:00,127.4445934612,128.5465915818,125.220741398,125.3398763299,548828,107.0040079157364,112.17740247435705,117.90247833271935,,,,101.43698725573991,111.45134711028433,,,112.17970531570897,"rgba(38, 166, 154, 1.0)",10.577785301896293,112.17970531570897,1.4431081469156377,2,0.2015821870500093,0.4031643741000186,0.0,0.0,0.0,0.0,57.765197892896204,13.033189018491768,False,True,True,False,False,12.19975262933286
2024-01-08 00:00:00+00:00,128.9337801106,128.9635638436,126.8538827569,127.4445934612,572953,107.05001922624389,112.25192394076724,118.06839581427113,,,,101.48057073088317,111.55900926615212,,,112.25445436481019,"rgba(0, 255, 255, 0.75)",10.7129969295215,112.25445436481019,1.5569243467089091,2,0.19828875538885957,0.39657751077771913,0.0,0.0,0.0,0.0,58.72913427789854,13.033189018491768,False,True,True,False,False,13.447672004817775
2024-01-09 00:00:00+00:00,127.6431516811,128.0204122989,126.7794234244,126.9581258223,684304,107.10272723286636,112.3357906332305,118.24526012932519,,,,101.53094837511036,111.67995590259159,,,112.33597166192472,"rgba(38, 166, 154, 1.0)",10.779858879836102,112.33597166192472,1.4199796295856528,2,0.19564757287737716,0.3912951457547543,0.0,0.0,0.0,0.0,57.602840032277385,12.84782281382855,False,True,True,False,False,11.920204671403088
2024-01-10 00:00:00+00:00,128.2586821629,129.6088780584,127.7325028801,127.752358702,546787,107.14681287050624,112.40675299032682,118.39744187731796,,,,101.57268882423274,111.78163345274051,,,112.40755507052931,"rgba(38, 166, 154, 1.0)",10.844539342401344,112.40755507052931,1.4616690107244983,2,0.1929445871216795,0.385889174243359,0.0,0.0,0.0,0.0,57.50510438131717,12.584281947190007,False,True,True,False,False,12.445935350132814
2024-01-11 00:00:00+00:00,127.911205278,129.3606802835,127.5637283931,128.2686100739,426534,107.18066892258662,112.46081073128227,118.51015790082108,,,,101.60485305333395,111.85890799229287,,,112.46148349158095,"rgba(38, 166, 154, 1.0)",10.8967761132424,112.46148349158095,1.4178250177723337,2,0.19050508459524607,0.38101016919049213,0.0,0.0,0.0,0.0,56.93319094002679,11.80379718273408,False,True,True,False,False,12.028121402838611
2024-01-12 00:00:00+00:00,126.9779816443,128.6160869587,125.9851905447,128.6160869587,538854,107.22109301054762,112.52392895176304,118.6335110410802,,,,101.64372749973815,111.94911691380179,,,112.52194749642345,"rgba(38, 166, 154, 1.0)",10.909752767562786,112.52194749642345,1.3250560719265498,2,0.18847478725376177,0.37694957450752353,0.0,0.0,0.0,0.0,55.200440360713316,9.935306670534345,False,True,False,False,False,10.903291523328413
2024-01-16 00:00:00+00:00,126.0249021887,126.1043254766,123.5032127956,124.6449225602,826836,107.27667951348782,112.60678847545911,118.77382946041809,125.21081348696667,,,101.69853838745455,112.0677575865456,,,113.51637984579479,"rgba(38, 166, 154, 1.0)",10.913683554262445,113.51637984579479,1.1461320351385746,2,0.1868108179209298,0.3736216358418596,0.0,0.0,0.0,0.0,52.743626869433086,7.457439730416972,False,True,False,False,False,9.761613206694086
2024-01-17 00:00:00+00:00,126.8092071574,127.2460352412,124.3173014973,124.3173014973,662847,107.3232507961049,112.67719393857348,118.89742539192333,125.61722418901525,,,101.74399445867581,112.16784966600191,,,113.59931486426635,"rgba(38, 166, 154, 1.0)",10.97497039802999,113.59931486426635,1.203638079561912,2,0.18503763946083873,0.37007527892167746,0.0,0.0,0.0,0.0,52.21793133133522,6.82999245710748,False,True,False,False,False,10.481637364282555
2024-01-18 00:00:00+00:00,128.6359427807,128.7352218907,126.4716581835,127.5538004821,590892,107.36858062271682,112.74776834521643,119.03108081399564,126.27906282751513,,,101.787393686208,112.26738377779552,,,113.69972228562679,"rgba(38, 166, 154, 1.0)",11.03678848802666,113.69972228562679,1.3533121986778007,2,0.1829237983390835,0.365847596678167,0.0,0.0,0.0,0.0,54.1591605919307,6.82999245710748,False,True,False,False,False,12.130736940568951
2024-01-19 00:00:00+00:00,129.6386617914,130.1449852522,127.871493634,128.9139242886,583623,107.41591030928878,112.82261157199937,119.1775423223139,126.92295387389312,,,101.8321935478608,112.37233652705721,,,113.80570613054132,"rgba(38, 166, 154, 1.0)",11.08473360477676,113.80570613054132,1.4283568938486504,2,0.18069132773190208,0.36138265546380416,0.0,0.0,0.0,0.0,56.549087998672235,6.82999245710748,False,True,True,False,True,13.018109181169372
2024-01-22 00:00:00+00:00,130.1747689852,131.6639556346,130.1549131632,130.2939039171,720677,107.47793031416221,112.92216653036749,119.37791432775177,127.71957984576427,,,101.890223020278,112.51112878377823,,,113.9464322411487,"rgba(38, 166, 154, 1.0)",11.092520404878565,113.9464322411487,1.4629981421457614,2,0.17836797335851334,0.3567359467170267,0.0,0.0,0.0,0.0,58.71016557019677,4.0048074239436176,False,True,True,False,True,13.491747864661345
2024-01-23 00:00:00+00:00,130.2343364512,131.8922975876,130.0754898752,131.1278484408,696926,107.53777126507336,113.01776247513601,119.56629734171173,128.23426847627493,,,101.94625330709789,112.64386452785057,,,114.06847810532516,"rgba(38, 166, 154, 1.0)",11.12280011230404,114.06847810532516,1.4533982614676468,2,0.17615060783002812,0.35230121566005623,0.0,0.0,0.0,0.0,60.21686880570306,5.458376173272498,False,True,True,False,True,13.544991909417142
2024-01-24 00:00:00+00:00,129.8173641893,131.4554695037,129.5195268594,131.4554695037,478597,107.5778586415176,113.08109296097291,119.68679282056334,128.44729394857492,,,101.98397880463725,112.73156433420522,,,114.14195387954116,"rgba(38, 166, 154, 1.0)",11.13715544711255,114.14195387954116,1.4074877902348841,2,0.1741525763482484,0.3483051526964968,0.0,0.0,0.0,0.0,60.38671456874788,5.70934952489678,False,True,True,False,True,13.000869538784674
2024-01-25 00:00:00+00:00,130.1946248072,132.4631524699,130.0159224092,131.9518650535,797410,107.64617430982483,113.1893971985426,119.89318940302793,128.81102882325084,,,102.04800092798243,112.88091921501942,,,115.43060912274309,"rgba(38, 166, 154, 1.0)",11.147608036007188,115.43060912274309,1.3244110877211137,2,0.17221196846408016,0.3444239369281603,0.0,0.0,0.0,0.0,60.996315372282176,6.4544156714237175,False,True,True,False,True,13.350628990462635
2024-01-26 00:00:00+00:00,129.4996710374,130.3832551161,128.9734917546,129.9662828542,819286,107.71212897807754,113.29140864996495,120.07384047767518,128.91816666297493,,,102.11059589532725,113.02117201245676,,,115.49898831109601,"rgba(38, 166, 154, 1.0)",11.136445387597446,115.49898831109601,1.2571949342019317,2,0.1704892045977215,0.340978409195443,0.0,0.0,0.0,0.0,59.9230500842352,6.4544156714237175,False,True,True,False,True,12.423583949495324
2024-01-29 00:00:00+00:00,130.2244085402,130.3733272051,128.5763753147,129.3507523725,883571,107.783158125274,113.4007184511756,120.26337206098518,129.0190966355144,,,102.17804323823707,113.17076736685904,,,115.59655707196262,"rgba(38, 166, 154, 1.0)",11.205645490365658,115.59655707196262,1.3054001646593263,2,0.16879279719297408,0.33758559438594815,0.0,0.0,0.0,0.0,60.27234603633297,6.4544156714237175,False,True,True,False,True,13.114584266453509
2024-01-30 00:00:00+00:00,129.7577967233,131.5249648807,129.7280129903,130.0258503202,564363,107.82954634998117,113.47237013671055,120.38816824829574,129.11663509608732,,,102.22190532597374,113.26840622970472,,,115.67124451926418,"rgba(38, 166, 154, 1.0)",11.234711762940854,115.67124451926418,1.25384188764879,2,0.16725206530204256,0.3345041306040851,0.0,0.0,0.0,0.0,59.4716411342983,6.4544156714237175,False,True,True,False,True,12.479947836790771
2024-01-31 00:00:00+00:00,127.4445934612,130.1449852522,127.4247376392,129.1819778855,925544,107.89849089436198,113.5748013636275,120.5464700323906,129.03236430789258,,,102.28845017040382,113.40767714274854,,,115.7375847535541,"rgba(38, 166, 154, 1.0)",11.217680095671883,115.7375847535541,1.0436211950956609,2,0.16632369455908935,0.3326473891181787,0.0,0.0,0.0,0.0,54.749697761018496,8.954891229439617,False,True,True,False,False,9.404729393213671
2024-02-01 00:00:00+00:00,129.2713290845,129.3507523725,125.8561277017,127.782142435,795753,107.95688264906211,113.66069411707477,120.67460956873744,128.9580397431525,,,102.34500213434674,113.52396723442348,,,115.79684338906398,"rgba(38, 166, 154, 1.0)",11.177172055795381,115.79684338906398,1.2055362150795088,2,0.16504942293156502,0.33009884586313004,0.0,0.0,0.0,0.0,54.49458614152351,8.713247721640982,False,True,True,False,False,11.211672573791983
2024-02-02 00:00:00+00:00,129.9464270323,130.780371556,127.2261794192,128.9933475766,566033,108.00058287098747,113.72600980169054,120.77686650901457,128.97857537724724,,,102.38687644902204,113.61203531717673,,,115.85646039148932,"rgba(38, 166, 154, 1.0)",11.164837276450882,115.85646039148932,1.2619948049336587,2,0.1638695098985689,0.3277390197971378,0.0,0.0,0.0,0.0,55.25396282701673,8.713247721640982,False,True,True,False,False,11.86750059063679
2024-02-05 00:00:00+00:00,127.970772744,129.196869752,127.0772607543,128.7650056237,617033,108.04526689042086,113.79099704805229,120.8698773367894,128.9260137265622,,,102.4302875492398,113.69945839942905,,,115.90378901131336,"rgba(38, 166, 154, 1.0)",11.125426262688523,115.90378901131336,1.0846311366204302,2,0.16321075539183486,0.3264215107836697,0.0,0.0,0.0,0.0,52.67129777225006,6.9137450662231,False,True,False,False,False,9.279936944544264
2024-02-06 00:00:00+00:00,128.5565194928,128.7104021132,126.8588467124,128.0402681209,803220,108.10302235846054,113.874484937048,120.98681564929953,128.86335212669957,,,102.48649133907419,113.81138084142103,,,115.96614557237356,"rgba(38, 166, 154, 1.0)",11.053574931474827,115.96614557237356,1.1390318515483708,2,0.1629904594930081,0.3259809189860162,0.0,0.0,0.0,0.0,51.8339106735548,6.0757503786596345,False,True,False,False,False,9.866896727172914
2024-02-07 00:00:00+00:00,128.5565194928,129.7925444118,127.3155306182,128.4969520268,605333,108.14744288636084,113.93901532896504,121.07868138901266,128.8477097736985,,,102.52953254326522,113.89758073704947,,,116.01996549551514,"rgba(38, 166, 154, 1.0)",10.941602963855598,116.01996549551514,1.1457694122788047,2,0.16248106461061368,0.32496212922122736,0.0,0.0,0.0,0.0,51.27565260775796,5.445763000934477,False,True,False,False,False,9.866896727172914
2024-02-08 00:00:00+00:00,130.0556340532,130.641380802,128.6409067362,129.1422662415,499979,108.18617973066152,113.99631784416309,121.16504782286127,128.88515807983222,,,102.56664322655074,113.97390621784255,,,116.07600851277414,"rgba(38, 166, 154, 1.0)",10.755583240875941,116.07600851277414,1.2997552273406385,2,0.16177797117650353,0.32355594235300705,0.0,0.0,0.0,0.0,53.151898450398974,5.445763000934477,False,True,False,False,False,11.381049371435708
2024-02-09 00:00:00+00:00,129.5393826814,129.7677246343,127.980700655,129.3606802835,652879,108.23496018526447,114.06731005749626,121.26653333812705,128.89567022961225,,,102.61373781465089,114.06821365334096,,,116.1396376571339,"rgba(38, 166, 154, 1.0)",10.582686307012505,116.1396376571339,1.2661950506259372,2,0.16133992557662735,0.3226798511532547,0.0,0.0,0.0,0.0,53.477725048927866,5.445763000934477,False,True,False,False,True,10.681121397534135
2024-02-12 00:00:00+00:00,131.8029463886,131.8426580326,129.8322560558,130.0854177862,647175,108.2878508880179,114.1465979263896,121.39044560965083,129.00230573137148,,,102.66388068771839,114.17322051871506,,,116.22555572792055,"rgba(38, 166, 154, 1.0)",10.428480562476837,116.22555572792055,1.4937354073161069,2,0.16073153296810225,0.3214630659362045,0.0,0.0,0.0,0.0,56.60645234099053,2.4586217990690926,False,True,True,False,True,12.931279810888164
2024-02-13 00:00:00+00:00,125.5980020158,128.0402681209,124.5406794947,128.0402681209,892963,108.34424652759736,114.22236461324135,121.46977061758926,128.82270805688384,,,102.72044839011123,114.27313889267923,,,117.09842477427617,"rgba(38, 166, 154, 0.5)",10.170841244328695,117.09842477427617,0.8356808485495965,2,0.16105716161566247,0.32211432323132494,0.0,0.0,0.0,0.0,51.04915576338194,5.601748598765532,False,True,False,False,False,5.093533889065053
2024-02-14 00:00:00+00:00,128.1395472309,128.9734917546,124.8782284686,126.1440371206,1138451,108.42074962661486,114.32779535171792,121.59401818140569,128.71497440997646,,,102.79607707788749,114.41159052239468,,,117.2054199854363,"rgba(38, 166, 154, 1.0)",9.889788370224599,117.2054199854363,1.105597696952073,2,0.16157586463506182,0.32315172927012364,0.0,0.0,0.0,0.0,50.17025473455821,4.950713336265181,False,True,False,False,False,7.604342299064378
2024-02-15 00:00:00+00:00,133.361628415,133.9667345903,127.970772744,129.3805361055,1369230,108.5333421527629,114.49487406882724,121.84694273600873,128.958755641615,,,102.90275837144739,114.63012659723486,,,117.48319190161583,"rgba(0, 255, 255, 0.75)",9.611333647898801,117.48319190161583,1.6520534085147984,2,0.16135496643579492,0.32270993287158983,0.0,0.0,0.0,0.0,53.74321413142607,4.950713336265181,False,True,True,False,True,12.324067706023829
2024-02-16 00:00:00+00:00,131.8724417656,133.0141515302,131.3214427053,132.6666746453,709937,108.59204990521971,114.5817468074759,121.97705031556936,129.08248119491907,,,102.95834058750252,114.74324882729718,,,117.60294700686457,"rgba(0, 255, 255, 0.75)",9.350511845258065,117.60294700686457,1.5260656309389027,2,0.16145109050560583,0.32290218101121165,0.0,0.0,0.0,0.0,54.69394743695376,4.950713336265181,False,True,True,False,True,10.580105483988298
2024-02-20 00:00:00+00:00,131.3264066608,132.4135129149,131.0980647078,131.9419371425,745525,108.65219301559691,114.66969624445727,122.10413847095792,129.18392812393103,,,103.01556937179866,114.85738281398368,,,117.70894952410495,"rgba(38, 166, 154, 1.0)",9.086524346826288,117.70894952410495,1.4986431133540405,2,0.1619095447795152,0.3238190895590304,0.0,0.0,0.0,0.0,54.80604881149873,4.950713336265181,False,True,True,False,True,9.945376666239856
2024-02-21 00:00:00+00:00,132.5872513573,132.8627508875,130.3336155611,130.591741247,698254,108.70900778289763,114.75276653710857,122.22401153415329,129.283240623374,,,103.06955108822815,114.96487302093874,,,117.80709065254466,"rgba(0, 255, 255, 0.75)",8.862740801778232,117.80709065254466,1.6676738082862397,2,0.1620606871502481,0.3241213743004962,0.0,0.0,0.0,0.0,55.8646313439077,0.6979455976391193,False,True,True,False,True,11.06271461209295
2024-02-22 00:00:00+00:00,134.5629056456,135.7741107872,133.5899703679,133.7091052999,856712,108.78644321028419,114.86953893797072,122.40719037764637,129.51110225914658,,,103.14171240859208,115.11573190768173,,,117.9700153485015,"rgba(0, 255, 255, 0.75)",8.584142495438106,117.9700153485015,1.9329700439987465,2,0.1612065043887575,0.322413008777515,0.0,0.0,0.0,0.0,57.99380232424601,2.844856331480756,False,True,True,False,True,12.771620525600156
2024-02-23 00:00:00+00:00,149.0874394334,149.5739070722,135.8485701196,136.5385599339,2250915,109.06706383502318,115.32477418218807,123.24402941648236,131.0511261739986,,,103.39059755477771,115.70258197635881,,,118.76865161055689,"rgba(0, 255, 0, 1.0)",8.767086512844868,118.76865161055689,3.4582512421227194,2,0.15691451866675848,0.31382903733351697,0.0,0.0,0.0,0.0,65.08948490936194,9.504577585346702,True,False,True,False,True,20.0
2024-02-26 00:00:00+00:00,150.020663067,150.9638146117,148.3833519855,149.7327536481,1570534,109.28704180748593,115.686244303369,123.91752902677906,132.2788396019823,,,103.58304165211445,116.16581106367835,,,119.37484892157897,"rgba(0, 255, 0, 1.0)",8.914540453429407,119.37484892157897,3.43773347661815,2,0.1531064446478797,0.3062128892957594,0.0,0.0,0.0,0.0,70.03333563054518,13.888826136508158,True,False,True,False,True,20.0
2024-02-27 00:00:00+00:00,150.5269865279,150.9543094579,148.2909944523,150.7058658939,1140562,109.44583840787504,115.94505550512285,124.38804660680502,133.08029959032092,,,103.72220673312765,116.49572278140288,,,119.77789818888668,"rgba(0, 255, 0, 1.0)",9.122604389560241,119.77789818888668,3.370648010802931,2,0.15002106135264498,0.30004212270528996,0.0,0.0,0.0,0.0,73.45042263653609,16.803224093207945,True,False,True,False,True,20.0
2024-02-28 00:00:00+00:00,151.2921927048,151.8387685455,149.105889342,149.8313445488,533333,109.52116588333145,116.067632777742,124.60916203799542,133.4476897117239,,,103.78814668233868,116.65152585840517,,,119.96391666074669,"rgba(0, 255, 0, 1.0)",9.271081158557271,119.96391666074669,3.3791394453641566,2,0.146779067664702,0.293558135329404,0.0,0.0,0.0,0.0,75.92051640414147,18.903031499930947,True,False,True,False,True,20.0
2024-02-29 00:00:00+00:00,152.6337879502,152.8722937716,149.4735858167,151.0139359132,1329748,109.71192594695312,116.37748369104386,125.16337079088359,134.3454990550456,,,103.95493623676421,117.04413596311876,,,120.42280494173522,"rgba(0, 255, 0, 1.0)",9.44381292111498,120.42280494173522,3.41080274223198,2,0.14355275346672514,0.28710550693345027,0.0,0.0,0.0,0.0,77.90759749445822,20.66230932944771,True,False,True,False,True,20.0
2024-03-01 00:00:00+00:00,156.8672662799,157.3244024376,152.7530408609,153.5579980081,917986,109.85503719982628,116.612085287582,125.58852449260695,135.04661499217488,,,104.07897209660626,117.34071498738213,,,120.7748653380273,"rgba(0, 255, 0, 1.0)",9.794586969847492,120.7748653380273,3.6849334283296167,2,0.1395945513535769,0.2791891027071538,0.0,0.0,0.0,0.0,80.17595047309938,22.78469418889685,True,False,True,False,True,20.0
2024-03-04 00:00:00+00:00,156.5393207755,157.3343401802,155.0983481046,156.2113752711,732765,109.97031101380838,116.80055657790011,125.92691819571677,135.591292164696,,,104.17884683016024,117.57832183572901,,,121.0516340835391,"rgba(0, 255, 0, 1.0)",10.064903332349834,121.0516340835391,3.5258845038182445,2,0.1362296108362125,0.272459221672425,0.0,0.0,0.0,0.0,81.31717367851321,23.934761385648486,True,False,True,False,True,20.0
2024-03-05 00:00:00+00:00,156.8473907948,157.811351823,155.8486476677,155.9231807369,749831,110.0889748597435,116.99404786416787,126.27126708394597,136.13358793805787,,,104.28165231544936,117.8216549526869,,,121.33051661530376,"rgba(0, 255, 0, 1.0)",10.379198635029686,121.33051661530376,3.4219283615622453,2,0.13256031470023227,0.26512062940046455,0.0,0.0,0.0,0.0,82.1512171906257,24.910509940537978,True,False,True,False,True,20.0
2024-03-06 00:00:00+00:00,156.3604414095,158.8150638213,156.3505036669,157.5827837441,966419,110.24213562865619,117.24278925233651,126.70873033973434,136.80380481418794,,,104.4144146953989,118.13355151545794,,,123.92356249791672,"rgba(0, 255, 0, 1.0)",10.671138004880351,123.92356249791672,3.039683199369042,1,0.16000323888869358,0.16000323888869358,0.0,0.0,0.0,0.0,82.07133590999028,25.12350892316941,True,False,True,False,True,20.0
2024-03-07 00:00:00+00:00,155.674737173,157.5221635145,154.7902780853,156.5492585181,756104,110.35827777231833,117.4295762139457,127.02952967718045,137.27044062402942,,,104.51550922551827,118.36687703239119,,,124.14452907206314,"rgba(0, 255, 0, 1.0)",10.92463092311168,124.14452907206314,2.8861577405084615,1,0.15702224731567205,0.15702224731567205,0.0,0.0,0.0,0.0,81.08826897874066,25.12350892316941,True,False,True,False,True,20.0
2024-03-08 00:00:00+00:00,155.7244258858,157.652347942,155.0486593918,156.0026826774,540050,110.44113677436324,117.56239210878239,127.25552671816112,137.59257572720242,,,104.5876783102787,118.53241798162598,,,124.31121750449215,"rgba(0, 255, 0, 1.0)",11.178130014536706,124.31121750449215,2.8102382366689462,1,0.15467875375031737,0.15467875375031737,0.0,0.0,0.0,0.0,80.4517306656977,25.12350892316941,True,False,True,False,True,20.0
2024-03-11 00:00:00+00:00,153.2101770185,154.7604648576,151.8983950009,153.1406128206,697303,110.54103098958086,117.71996075242646,127.51388720255201,137.93108733746988,,,104.67542512675642,118.72797993815962,,,124.46607818157952,"rgba(0, 255, 0, 1.0)",11.325982177597984,124.46607818157952,2.537890170247162,1,0.1528900124973392,0.1528900124973392,0.0,0.0,0.0,0.0,76.5712908966727,25.12350892316941,True,False,True,False,False,20.0
2024-03-12 00:00:00+00:00,155.5356087771,155.9728694497,152.9915466823,153.6176244634,501815,110.61521780102649,117.8373818575692,127.70761242894925,138.18939217980133,,,104.74037576421871,118.87358540228335,,,124.60493054811805,"rgba(0, 255, 0, 1.0)",11.521450596058196,124.60493054811805,2.6846166609926874,1,0.15081047585292665,0.15081047585292665,0.0,0.0,0.0,0.0,75.20657355963444,25.12350892316941,True,False,True,False,False,20.0
2024-03-13 00:00:00+00:00,156.0424336476,157.3641534078,155.5902663612,156.0026826774,789498,110.7353726200643,118.02804637056799,128.02343543475482,138.6153665646467,,,104.84526937601902,119.10975243912108,,,124.8498085349614,"rgba(0, 255, 0, 1.0)",11.733237312543395,124.8498085349614,2.6584841234986523,1,0.14909844178585668,0.14909844178585668,0.0,0.0,0.0,0.0,74.5482499118274,30.415231055043307,True,False,True,False,False,20.0
2024-03-14 00:00:00+00:00,155.1579745599,156.2710017264,153.5182470378,156.1119978455,457492,110.80265766729137,118.13380604999044,128.19470146906488,138.8350567815414,,,104.9042688439238,119.24033308673567,,,124.97381070660524,"rgba(0, 255, 0, 1.0)",11.885481951487673,124.97381070660524,2.53958265861627,1,0.14797222242829866,0.14797222242829866,0.0,0.0,0.0,0.0,72.88907861838099,28.592891322290825,True,False,True,False,False,20.0
2024-03-15 00:00:00+00:00,152.6437256927,155.088410362,152.1021187233,152.772916346,936286,110.93443711419825,118.33844948577622,128.5166370435609,139.22120540390964,,,105.02048841425517,119.4920299499451,,,125.19082682235846,"rgba(0, 255, 0, 1.0)",11.936263967877995,125.19082682235846,2.299957419190861,1,0.1479700392233796,0.1479700392233796,0.0,0.0,0.0,0.0,68.64797068283104,24.43345839007665,True,False,True,False,False,20.0
2024-03-18 00:00:00+00:00,155.1480368174,156.1169667168,152.8722937716,153.8362547997,494080,111.00599279186957,118.44987646040907,128.69286373614966,139.43672477714577,,,105.08340909170691,119.62893157516731,,,125.3191032157229,"rgba(0, 255, 0, 1.0)",11.986334078712861,125.3191032157229,2.4885785266616094,1,0.147485526820878,0.147485526820878,0.0,0.0,0.0,0.0,67.53354952981257,23.307916426924976,True,False,True,False,False,20.0
2024-03-19 00:00:00+00:00,156.1318733306,156.5492585181,154.6113987192,154.6113987192,394596,111.06434395701609,118.54094512336262,128.83753348365386,139.61614667789433,,,105.13460874611052,119.7407606133791,,,125.42834539790488,"rgba(0, 255, 0, 1.0)",12.02507900068784,125.42834539790488,2.5532911618242897,1,0.14697581070653049,0.14697581070653049,0.0,0.0,0.0,0.0,67.40130998282532,23.018574976896588,True,False,True,False,False,20.0
2024-03-20 00:00:00+00:00,157.314464695,157.6920989123,155.7492702421,155.7542391134,487480,111.13807698261984,118.65630874519492,129.0217075719593,139.8478930548232,,,105.19915661453709,119.88235784223833,,,125.57168986067605,"rgba(0, 255, 0, 1.0)",12.087509493138366,125.57168986067605,2.6260806539463863,1,0.14658179336640592,0.14658179336640592,0.0,0.0,0.0,0.0,68.02808366947724,23.018574976896588,True,False,True,False,False,20.0
2024-03-21 00:00:00+00:00,158.4473673467,158.9392856033,157.0958343588,158.7057486532,374432,111.19608265082553,118.74731090088142,129.16776546116068,140.0343738116553,,,105.24981467209071,119.99401140385332,,,125.68829139620186,"rgba(0, 255, 0, 1.0)",12.222375993536406,125.68829139620186,2.6802543112584822,1,0.14632558982017163,0.14632558982017163,0.0,0.0,0.0,0.0,69.10483163879917,23.018574976896588,True,False,True,False,False,20.0
2024-03-22 00:00:00+00:00,158.1591728125,158.9108636596,157.2449004971,157.4834063185,376652,111.25421881217734,118.83830146612823,129.31293928559586,140.2176010549708,,,105.30062171547742,120.10550832199719,,,125.80327478562874,"rgba(0, 255, 0, 1.0)",12.3607630955355,125.80327478562874,2.6176294923537258,1,0.14654239525470875,0.14654239525470875,0.0,0.0,0.0,0.0,69.40252603930449,23.018574976896588,True,False,True,False,False,20.0
2024-03-25 00:00:00+00:00,156.8672662799,159.1231338406,156.8175775671,158.6958109106,755923,111.36921532320981,119.01733174013584,129.59493770258172,140.5643233803387,,,105.40132771817089,120.32438824685363,,,126.02231482877662,"rgba(0, 255, 0, 1.0)",12.384885319859768,126.02231482877662,2.490531858350114,1,0.1467944419875916,0.1467944419875916,0.0,0.0,0.0,0.0,67.7291793140757,22.480174857283984,True,False,True,False,False,20.0
2024-03-26 00:00:00+00:00,158.328114436,159.5156746717,157.2001806556,158.0101066741,616208,111.46404046502333,119.16484902211806,129.82669691442507,140.84881727264175,,,105.48430209121095,120.50446143587271,,,126.20395481101505,"rgba(0, 255, 0, 1.0)",12.442266753085248,126.20395481101505,2.581857491282227,1,0.14683100674381488,0.14683100674381488,0.0,0.0,0.0,0.0,67.69082174064093,22.187357635305275,True,False,True,False,False,20.0
2024-03-27 00:00:00+00:00,159.8386513048,160.0572816411,158.328114436,159.5007680578,384588,111.52436270902926,119.25883364163155,129.97476439574444,141.0322870813715,,,105.53699219050415,120.61911081848756,,,126.32177097820659,"rgba(0, 255, 0, 1.0)",12.56468903131897,126.32177097820659,2.6675455511114237,1,0.14654352284475547,0.14654352284475547,0.0,0.0,0.0,0.0,68.67509908327348,22.187357635305275,True,False,True,False,False,20.0
2024-03-28 00:00:00+00:00,158.6262467127,160.4928528974,158.4473673467,160.3554139178,431687,111.59158270091893,119.36323354228406,130.13798465247527,141.23154660281293,,,105.59577237394583,120.74627588637263,,,128.65324106402065,"rgba(0, 255, 0, 1.0)",12.668360354000892,128.65324106402065,2.365973560202158,1,0.14697034392982034,0.14697034392982034,1.0,0.0,160.49286,635.0,67.53482046462472,21.6354945489374,True,False,True,False,False,20.0
2024-04-01 00:00:00+00:00,157.1256475864,158.9840054448,156.5790717457,158.6759354255,399174,111.65145392092101,119.45536440376311,130.27894046019523,141.39561191927797,,,105.64836546610104,120.858177604376,,,128.71816073394933,"rgba(0, 255, 0, 1.0)",12.795695962319277,128.71816073394933,2.220081419260424,1,0.14738665981892551,0.14738665981892551,0.0,0.0,0.0,0.0,64.72796713767909,18.8262262065346,False,False,True,False,False,20.0
2024-04-02 00:00:00+00:00,154.5020835511,156.0722468753,153.9157567402,155.7343636283,349151,111.70058496416578,119.52983307900838,130.3888186011496,141.51263317084332,,,105.69186352799213,120.94825377092755,,,128.7407734064259,"rgba(0, 255, 0, 1.0)",12.857372099799017,128.7407734064259,2.0036217311527285,1,0.14849430868866012,0.14849430868866012,0.0,0.0,0.0,0.0,59.83736631581825,14.22765782940425,False,True,True,False,False,17.715945830099045
2024-04-03 00:00:00+00:00,156.4995698053,156.7380756267,153.9058189976,153.9058189976,364460,111.75280036513114,119.60917249936708,130.50658296395468,141.6405997595317,,,105.7380026137572,121.04421251468904,,,128.80453713292388,"rgba(0, 255, 0, 1.0)",12.946530035695272,128.80453713292388,2.139185758347396,1,0.14900533085597042,0.14900533085597042,0.0,0.0,0.0,0.0,58.47041567661664,13.055467510265998,False,True,True,False,False,19.16175744639787
2024-04-04 00:00:00+00:00,154.8300290555,158.6361844553,154.0648228785,158.3380521785,309654,111.79719666595072,119.67654853599845,130.60628963100197,141.74850653893986,,,105.77723783029259,121.12562838191903,,,128.86576149493203,"rgba(0, 255, 255, 0.75)",13.025177513372745,128.86576149493203,1.993390687682442,1,0.15017919505804023,0.15017919505804023,0.0,0.0,0.0,0.0,55.80028000269038,10.615730813831782,False,True,True,False,False,17.177535700192617
2024-04-05 00:00:00+00:00,156.191499786,156.956705963,154.1542625616,154.9194687385,326355,111.84381001676918,119.74713877050658,130.71021337850337,141.85986742606715,,,105.81845989659635,121.21083664564011,,,128.93165681342458,"rgba(0, 255, 0, 1.0)",13.119507298670259,128.93165681342458,2.0778099628282822,1,0.1512352737538883,0.1512352737538883,0.0,0.0,0.0,0.0,55.31273996387661,10.195055878979147,False,True,False,False,False,18.17396888776578
2024-04-08 00:00:00+00:00,156.3107526967,157.1455230716,155.6548616878,156.3107526967,609197,111.93174853004972,119.8803644499554,130.90653803827692,142.07188601148547,,,105.89615284279886,121.37153141178798,,,129.0696294905602,"rgba(0, 255, 0, 1.0)",13.213347022923905,129.0696294905602,2.0616368554370847,1,0.15207849747026042,0.15207849747026042,0.0,0.0,0.0,0.0,55.10164379286205,9.912365268991522,False,True,False,False,False,18.261359567121623
2024-04-09 00:00:00+00:00,156.3902546371,156.8473907948,153.7567528592,156.280939469,540454,112.00823953662439,119.9954781468129,131.07345430406178,142.24583076033207,,,105.9639183992598,121.51001904502547,,,129.18006508461448,"rgba(0, 255, 0, 1.0)",13.289577003560616,129.18006508461448,2.0474834936578663,1,0.15316544327552167,0.15316544327552167,0.0,0.0,0.0,0.0,55.04338398520711,9.675610932795152,False,True,False,False,False,18.320655550263062
2024-04-10 00:00:00+00:00,154.9194687385,156.0076515487,154.1989824031,154.6511496895,393574,112.06298209609531,120.07738677567339,131.19055554304796,142.36397679553437,,,106.01253429670408,121.60834182002718,,,129.25426926248943,"rgba(0, 255, 255, 0.75)",13.288427588068448,129.25426926248943,1.9313947647993437,0,,,0.0,0.0,0.0,0.0,53.17389851070632,7.7092884100271135,False,True,False,False,False,16.515206381619823
2024-04-11 00:00:00+00:00,156.0026826774,156.2907778341,153.3393676718,154.0747606211,374366,112.11512804188168,120.15531809287177,131.30166617559485,142.47582039472857,,,106.05884724850324,121.70180224680038,,,129.32715372970466,"rgba(0, 255, 0, 1.0)",13.332287949658042,129.32715372970466,2.0008215430405203,0,,,0.0,0.0,0.0,0.0,53.190567705854775,7.534115701826764,False,True,False,False,False,17.35335346835438
2024-04-12 00:00:00+00:00,151.7990175753,155.2176010153,151.5903249816,154.0846983637,564245,112.18922662764108,120.26432170703656,131.4509888281301,142.61042751013932,,,106.12516760773597,121.8319111161409,,,129.40561789910709,"rgba(0, 255, 255, 0.75)",13.318843747524454,129.40561789910709,1.681332111156807,0,,,0.0,0.0,0.0,0.0,48.9020484325936,3.349095379679241,False,True,False,True,False,12.393766298725808
2024-04-15 00:00:00+00:00,151.0536868834,154.7505271151,150.0201616574,154.0648228785,513815,112.2549354002965,120.36014717305802,131.57936696253498,142.719194468731,,,106.18420212578238,121.94593737614521,,,129.46936330070844,"rgba(0, 255, 255, 0.75)",13.298496656158806,129.46936330070844,1.6230649328843807,0,,,0.0,0.0,0.0,0.0,45.43636193232737,0.12056127751174017,False,True,False,True,False,11.552818778075086
2024-04-16 00:00:00+00:00,148.8176948079,150.1294768255,147.9431734627,149.8114690637,492508,112.3130048329746,120.44284616602147,131.68314299657095,142.7881912617412,,,106.2369724397926,122.04365634217838,,,129.501456473615,"rgba(38, 166, 154, 1.0)",13.244895149646533,129.501456473615,1.4583911851352402,0,,,0.0,0.0,0.0,0.0,41.462056218570545,-3.487979776563023,False,True,False,True,False,9.076213678997277
2024-04-17 00:00:00+00:00,147.9133602351,149.3046441932,147.1382163155,148.7680060951,679626,112.39099558156634,120.5528260248871,131.81742710141873,142.86824930315865,,,106.30814287452874,122.17315156607856,,,129.54120212249444,"rgba(38, 166, 154, 1.0)",13.183700600251479,129.54120212249444,1.3935509209193584,0,,,0.0,0.0,0.0,0.0,38.2033805925471,-6.361372642440479,False,True,False,True,False,8.09495613642143
2024-04-18 00:00:00+00:00,146.879835009,148.8872590058,146.61151596,148.5791889865,428054,112.4390398260776,120.62000216592341,131.89750891096526,142.91127295139063,,,106.3521398845603,122.25199890440116,,,129.56448304941304,"rgba(38, 166, 154, 1.0)",13.109608167792274,129.56448304941304,1.3208138441641126,0,,,0.0,0.0,0.0,0.0,35.3533590874505,-8.857313959927993,False,True,False,True,False,6.9791743342761166
2024-04-19 00:00:00+00:00,145.4587378232,148.3506209076,144.2860842014,146.4425743365,493831,112.492050516296,120.69298500925767,131.98050072739844,142.94464729051856,,,106.40102213111237,122.33723608214717,,,131.041503105219,"rgba(38, 166, 154, 1.0)",13.019790346408456,131.041503105219,1.1073323252058394,0,,,0.0,0.0,0.0,0.0,32.579091210431514,-11.31531846559524,False,True,False,True,False,5.463245617227447
2024-04-22 00:00:00+00:00,145.6674304169,147.7046676413,144.9866950517,146.9096482367,541618,112.55015056726278,120.77282538032406,132.07097172713688,142.9814576277967,,,106.454614760982,122.43036537596427,,,131.06407409336205,"rgba(38, 166, 154, 1.0)",12.888333469948606,131.06407409336205,1.1330678522237356,0,,,0.0,0.0,0.0,0.0,31.07220501987729,-12.646603196941605,False,True,False,True,False,5.6553976943735655
2024-04-23 00:00:00+00:00,148.8773212632,149.264893223,145.5581152488,145.5581152488,655411,112.62390426941616,120.87551201393406,132.19259476317615,143.04951087660143,,,106.52217650274116,122.55048762665548,,,131.14918598570054,"rgba(38, 166, 154, 1.0)",12.74582390212459,131.14918598570054,1.3908975530835928,0,,,0.0,0.0,0.0,0.0,34.68290265870496,-12.646603196941605,False,True,False,True,True,8.537850480539081
2024-04-24 00:00:00+00:00,150.8847452599,155.0387216492,149.9804106872,151.153064309,718986,112.71374801904922,121.00409085708672,132.3578839858502,143.182849702824,,,106.6033002238049,122.70190293419542,,,131.3338071990308,"rgba(0, 255, 255, 0.75)",12.640878363049575,131.3338071990308,1.546643951421791,0,,,0.0,0.0,0.0,0.0,39.35418526657148,-17.555734814653583,False,True,False,True,True,10.255271315595216
2024-04-25 00:00:00+00:00,150.3182939341,151.3418814176,148.8176948079,149.4040216188,360088,112.7565240697619,121.06434963167203,132.43209158196592,143.2346998056588,,,106.64220494324574,122.77250115714675,,,131.38816855269565,"rgba(0, 255, 255, 0.75)",12.54811417037874,131.38816855269565,1.508603215142168,0,,,0.0,0.0,0.0,0.0,41.89991907049894,-15.294348353166065,False,True,False,True,True,9.62561783687611
2024-04-26 00:00:00+00:00,150.3779203895,151.6300759518,150.1791655383,150.4176713597,375464,112.80170058796888,121.1281420442586,132.51127770386483,143.29233091753872,,,106.6832271312777,122.8472518216039,,,131.4489650496575,"rgba(0, 255, 255, 0.75)",12.426265273540134,131.4489650496575,1.523302047973245,0,,,0.0,0.0,0.0,0.0,43.66843477589053,-13.670831627038595,False,True,False,True,True,9.677437418141459
2024-04-29 00:00:00+00:00,151.2623794772,152.8673249003,150.2785429639,150.7953055769,449028,112.8566394138929,121.20597301647932,132.60889547089613,143.36684710514146,,,106.73300954788414,122.93848493581251,,,131.52802774992202,"rgba(0, 255, 255, 0.75)",12.312988346067723,131.52802774992202,1.602726419665649,0,,,0.0,0.0,0.0,0.0,45.935405184924484,-11.489600643165076,False,True,False,True,True,10.45186829209602
2024-04-30 00:00:00+00:00,147.8636715223,150.2785429639,147.7245431265,150.0499748851,510260,112.91429136615767,121.28565885482986,132.7020491262046,143.42071155747016,,,106.7858545910195,123.03118000304163,,,131.57261665709603,"rgba(38, 166, 154, 1.0)",12.1661210472536,131.57261665709603,1.3390508611519634,0,,,0.0,0.0,0.0,0.0,43.96130096834576,-11.489600643165076,False,True,False,True,True,6.655946251176818
2024-05-01 00:00:00+00:00,148.0823018586,150.4027647459,146.61151596,147.5158505327,464175,112.96619928129213,121.3570694477449,132.78450161788433,143.46638943594223,,,106.83351688298656,123.11408378201968,,,131.61114941741215,"rgba(38, 166, 154, 1.0)",11.993825583453818,131.61114941741215,1.3733026486487157,0,,,0.0,0.0,0.0,0.0,42.93413466253314,-11.489600643165076,False,True,False,True,True,6.854648351681963
2024-05-02 00:00:00+00:00,150.7356791216,150.7555546067,148.2214302544,149.4139593613,474514,113.02140620511459,121.43381919798202,132.8761339471491,143.52661498736137,,,106.88392894894274,123.20340536708746,,,131.66993914865105,"rgba(0, 255, 255, 0.75)",11.804306519759507,131.66993914865105,1.6151512112155288,0,,,0.0,0.0,0.0,0.0,45.43586077622615,-11.489600643165076,False,True,False,True,True,9.222958437249869
2024-05-03 00:00:00+00:00,149.5630254997,153.0312976525,149.4835235592,152.1865895351,383745,113.06688391279283,121.49729688665269,132.95292168918687,143.5804219434524,,,106.92535710124517,123.27732639691992,,,131.72421211976763,"rgba(0, 255, 255, 0.75)",11.613553725789869,131.72421211976763,1.5360339996807564,0,,,0.0,0.0,0.0,0.0,45.878363173775185,-11.170822247287134,False,True,False,True,True,7.923316664406862
2024-05-06 00:00:00+00:00,150.4176713597,151.3319436751,149.3344574209,150.6959281513,454560,113.12013903324805,121.57128397026618,133.04134497329844,143.6402016851723,,,106.97395835070651,123.36332400350499,,,131.78384523771794,"rgba(0, 255, 255, 0.75)",11.454820856168784,131.78384523771794,1.626723486639876,0,,,0.0,0.0,0.0,0.0,47.15293964742576,-9.658009471670638,False,True,False,False,True,8.684342875797256
2024-05-07 00:00:00+00:00,149.4636480741,151.0039981706,149.443772589,150.0698503702,540425,113.18259383807698,121.65756734777567,133.14296304752736,143.70586196666815,,,107.03107960368484,123.46338832162655,,,131.8490098428432,"rgba(0, 255, 255, 0.75)",11.302414862374533,131.8490098428432,1.5584844872307344,0,,,0.0,0.0,0.0,0.0,46.950974794159805,-9.522169821924187,False,True,False,False,True,7.61665976462055
2024-05-08 00:00:00+00:00,146.8997104941,148.7481306099,146.5022007918,148.3009321948,949354,113.28411621271236,121.79414220269628,133.29155502364904,143.7716704762866,,,107.12503307095622,123.62037917073782,,,131.911244786371,"rgba(38, 166, 154, 1.0)",11.14675423799975,131.911244786371,1.3446484409454997,0,,,0.0,0.0,0.0,0.0,44.36472365960468,-9.522169821924187,False,True,False,True,True,4.823776208265919
2024-05-09 00:00:00+00:00,151.3220059325,151.5505740113,138.8103880518,141.1159443253,1476110,113.44006208974349,122.00236530601241,133.51404780512172,143.86522714464826,147.22765599853338,,107.26968984590486,123.85885310207797,,,133.39735060141433,"rgba(0, 255, 255, 0.75)",10.998984623158893,133.39735060141433,1.6296645504299034,0,,,0.0,-1.0,138.8104,648.0,47.31552545666297,-8.892251227815741,False,True,False,False,True,8.76462203723369
2024-05-10 00:00:00+00:00,151.2524417346,152.3977665644,149.0959515995,151.918270486,594400,113.50926423147664,122.09737036034646,133.62520415983101,143.94125159066422,148.28632612764548,,107.33299471861336,123.96846664864387,,,133.52886991817883,"rgba(0, 255, 255, 0.75)",10.832641471056379,133.52886991817883,1.6361265037504114,0,,,0.0,0.0,0.0,0.0,49.21221319983333,-6.935006981458365,False,True,False,False,True,8.689185673586515
2024-05-13 00:00:00+00:00,148.3009321948,152.5542860097,148.161803799,152.1865895351,485912,113.56377260495222,122.17124274019805,133.7085657617669,143.99133094017452,148.5497728892724,,107.38313699421157,124.05331307218889,,,133.5945087801246,"rgba(38, 166, 154, 1.0)",10.65456123566489,133.5945087801246,1.380293668541447,0,,,0.0,0.0,0.0,0.0,47.711742049976564,-6.935006981458365,False,True,False,False,True,5.548601412618172
2024-05-14 00:00:00+00:00,149.533212272,149.8015313211,148.3704963927,149.0661383718,389172,113.60678334103952,122.22918688308049,133.77289720131068,144.02777431223933,148.64031569220245,,107.42279654058856,124.11971160320026,,,133.63780772958373,"rgba(0, 255, 255, 0.75)",10.45436453761948,133.63780772958373,1.5204563113537397,0,,,0.0,0.0,0.0,0.0,47.94714472225229,-6.935006981458365,False,True,False,False,True,6.641482482946316
2024-05-15 00:00:00+00:00,148.2810567097,150.9046207451,147.6947298988,150.9046207451,712485,113.68465240622442,122.33355544576226,133.8872325065502,144.08974334969875,148.7026071349199,,107.49473351030694,124.23904829168563,,,133.70822632689982,"rgba(38, 166, 154, 1.0)",10.258274388761938,133.70822632689982,1.420592765462084,0,,,0.0,0.0,0.0,0.0,46.978852127385935,-6.935006981458365,False,True,False,False,True,5.330802111495434
2024-05-16 00:00:00+00:00,148.2413057395,148.9170722334,147.645041186,148.589126729,481361,113.73603882387262,122.40178619093015,133.9600053938442,144.12490904435757,148.65204567656892,,107.54238475294402,124.31678643473025,,,133.7455057052146,"rgba(38, 166, 154, 1.0)",10.041238165264645,133.7455057052146,1.4436267515723593,0,,,0.0,0.0,0.0,0.0,46.2968583864411,-6.935006981458365,False,True,False,True,True,5.2890473902539235
2024-05-17 00:00:00+00:00,148.1220528288,148.7481306099,147.6352028209,148.3903718779,382235,113.77661758307592,122.45550396383165,134.01687211340803,144.15175469652047,148.6111664507207,,107.58005186975667,124.3779041365453,,,133.77450164603286,"rgba(38, 166, 154, 1.0)",9.75049712311628,133.77450164603286,1.4714686852993646,0,,,0.0,0.0,0.0,0.0,45.72310699948641,-6.935006981458365,False,True,False,True,False,5.161496210679616
2024-05-20 00:00:00+00:00,149.7319671232,150.4077336172,147.7742318393,147.7742318393,407149,113.82116067348983,122.51499472917332,134.0817700436387,144.18793932375692,148.6684516711681,,107.62121835739012,124.44575459195516,,,133.81785977427012,"rgba(0, 255, 255, 0.75)",9.496147645287131,133.81785977427012,1.675848769772229,0,,,0.0,0.0,0.0,0.0,47.291635896088124,-6.935006981458365,False,True,False,False,False,6.657142844750421
2024-05-21 00:00:00+00:00,149.3642706486,149.5183056582,147.6152279583,149.4835235592,280332,113.85135767421562,122.55508350704915,134.1247588042026,144.21028800833656,148.6772854300085,,107.64919485103184,124.49137393852274,,,133.84397870229662,"rgba(0, 255, 255, 0.75)",9.245111302412267,133.84397870229662,1.678756635656055,0,,,0.0,0.0,0.0,0.0,47.90286389928633,-6.7505843981712985,False,True,False,False,False,6.251609399507622
2024-05-22 00:00:00+00:00,149.0760761144,151.0536868834,148.3357142938,148.7680060951,411895,113.89646223234371,122.61523004878286,134.19026665273392,144.2473422805871,148.73672842518522,,107.69088575885883,124.5598920131539,,,133.88878907734198,"rgba(0, 255, 255, 0.75)",8.919569919344328,133.88878907734198,1.702692750254759,0,,,0.0,0.0,0.0,0.0,47.953410995457716,-6.4174016954764,False,False,False,False,False,5.930159649346223
2024-05-23 00:00:00+00:00,145.9059362383,149.5928387274,145.8264342979,149.533212272,376150,113.93480511641881,122.66507878502172,134.24037190098107,144.26556773375822,148.63459835223412,,107.72672227321497,124.61619375934416,,,133.9079548264705,"rgba(38, 166, 154, 1.0)",8.600673452451945,133.9079548264705,1.3950048770203018,0,,,0.0,0.0,0.0,0.0,44.64403796546289,-6.4174016954764,False,True,False,True,False,2.4891292400841536
2024-05-24 00:00:00+00:00,147.1481540581,148.0027999181,146.4326365939,146.6810801579,421256,113.97775213882329,122.72086067522535,134.29639861959805,144.28631509199644,148.5400838367149,,107.76686645139316,124.67915426839808,,,133.93115947082828,"rgba(0, 255, 255, 0.75)",8.25688176932645,133.93115947082828,1.6007246992892206,0,,,0.0,0.0,0.0,0.0,44.14280282298923,-6.4174016954764,False,True,False,True,False,3.7012702926242014
2024-05-28 00:00:00+00:00,147.0090256623,147.9231986002,146.2835704555,146.8500217813,402715,114.01855418589167,122.77368476673826,134.3490033466608,144.30505170174803,148.4534056325857,,107.80504836607646,124.73869028247873,,,133.95294930261102,"rgba(0, 255, 255, 0.75)",7.943191169757538,133.95294930261102,1.6436814978591914,0,,,0.0,0.0,0.0,0.0,43.66389764049735,-6.4174016954764,False,True,False,True,False,3.551199972010867
2024-05-29 00:00:00+00:00,143.9183877267,146.6143083097,142.7445182478,145.7289321773,452520,114.06062154607004,122.82633444292692,134.3954121918313,144.30595701294433,148.2028313555571,,107.84497860171797,124.797330669862,,,133.95238343049135,"rgba(38, 166, 154, 1.0)",7.615912180644136,133.95238343049135,1.3085765775421188,0,,,0.0,0.0,0.0,0.0,40.53441820868343,-5.354151558159074,False,True,False,True,False,0.29662086323577697
2024-05-30 00:00:00+00:00,145.0226208806,145.2116337628,141.8292979761,141.8292979761,449814,114.10176657621246,122.87744065454568,134.43927819155044,144.30384932171825,147.95929384413338,,107.8841458535052,124.85408093660851,,,133.95013760418212,"rgba(0, 255, 255, 0.75)",7.338692975453568,133.95013760418212,1.5087813747561138,0,,,0.0,0.0,0.0,0.0,40.025457080392115,-5.90562857862686,False,True,False,True,False,1.4082444356889319
2024-05-31 00:00:00+00:00,146.7038407276,146.7535809597,144.9728806485,145.7189841308,597322,114.16009319343037,122.95170016961222,134.50968065543964,144.32175357581738,147.82893987371637,,107.93907319355534,124.93721256637147,,,133.9758559777092,"rgba(0, 255, 255, 0.75)",6.76881354733354,133.9758559777092,1.8803863721293959,0,,,0.0,0.0,0.0,0.0,41.87387106929434,-5.90562857862686,False,True,False,True,False,3.0711151240641392
2024-06-03 00:00:00+00:00,143.6199463338,147.72848951,141.3965579563,147.2310871884,586050,114.21373453663398,123.01818302955087,134.56681762221834,144.32105909033132,147.59334490159011,,107.99014531677852,125.01091413814154,,,135.13582783622977,"rgba(38, 166, 154, 1.0)",6.301157109403197,135.13582783622977,1.3464381779831198,0,,,0.0,0.0,0.0,0.0,40.396361549165,-5.90562857862686,False,True,False,True,False,0.0
2024-06-04 00:00:00+00:00,143.0926998729,145.0524650199,141.4711683045,141.4711683045,504331,114.25814567691195,123.07226992281242,134.6102143411494,144.3120514803445,147.3582046291425,,108.03272020717392,125.0704758425649,,,135.1052162018288,"rgba(38, 166, 154, 1.0)",6.036186805741183,135.1052162018288,1.3232664806652585,0,,,0.0,0.0,0.0,0.0,39.006241902859045,-6.8812664932057,False,True,False,True,False,0.0
2024-06-05 00:00:00+00:00,144.2367252125,144.2765173982,142.0183108583,144.0477123303,424294,114.29579620508599,123.1182353916558,134.64767165431135,144.30664358531448,147.19221917565574,,108.06876881767302,125.12112182044267,,,135.10013237119745,"rgba(0, 255, 255, 0.75)",5.6723039447047885,135.10013237119745,1.610737529294733,0,,,0.0,0.0,0.0,0.0,39.608033415302515,-6.8812664932057,False,True,False,True,False,0.5355773487986397
2024-06-06 00:00:00+00:00,144.9231404163,145.3558804361,143.8537254249,144.2665693518,402930,114.33292678327312,123.16425370939727,134.68773066832998,144.309217350687,147.09456832225436,,108.10409174097991,125.17208357412238,,,135.119229284857,"rgba(0, 255, 255, 0.75)",5.239467936877022,135.119229284857,1.8711654025860107,0,,,0.0,0.0,0.0,0.0,40.90310300041338,-6.8812664932057,False,True,False,True,False,1.2277580599202302
2024-06-07 00:00:00+00:00,144.3958939554,145.0624130663,143.5602580552,144.2964134911,296828,114.3598882658075,123.19744675167131,134.71595175492763,144.30935881389658,147.01694566240036,,108.12980612383842,125.20874609670564,,,135.1267741437276,"rgba(0, 255, 255, 0.75)",4.838713070743512,135.1267741437276,1.9156167510151854,0,,,0.0,0.0,0.0,0.0,41.23195916834163,-6.8812664932057,False,True,False,True,True,0.676402387445183
2024-06-10 00:00:00+00:00,145.3011661807,146.0074774773,143.1822322908,143.1822322908,606555,114.41573193089206,123.26651973298482,134.77602506369934,144.31428105490912,146.89790530824723,,108.18294966540543,125.28514069145078,,,135.15189845892044,"rgba(0, 255, 0, 1.0)",4.484952158497732,135.15189845892044,2.262960085883976,0,,,0.0,0.0,0.0,0.0,42.71221435669244,-6.8812664932057,False,False,False,True,True,1.6064729654374297
2024-06-11 00:00:00+00:00,145.1221013449,145.6294517129,143.1921803372,144.6147509769,595500,114.47003145292167,123.33333609337713,134.83325596937624,144.317347586199,146.7837504595447,,108.23471619418994,125.35887193950582,,,135.1710153484847,"rgba(0, 255, 0, 1.0)",4.535296141459396,135.1710153484847,2.1941424961090115,0,,,0.0,0.0,0.0,0.0,43.48641356994454,-10.265520600343287,False,False,False,True,True,1.4134699291886932
2024-06-12 00:00:00+00:00,148.9620472675,149.6683585642,146.2263344988,146.5247758918,465855,114.51747773697986,123.39418672008009,134.89398993363875,144.34567694521405,146.84108267687498,,108.27914576585113,125.42696502263422,,,135.23577580066916,"rgba(0, 255, 0, 1.0)",4.541024510789869,135.23577580066916,3.022725694216365,0,,,0.0,0.0,0.0,0.0,48.543015841080766,-5.466010509833552,True,False,False,False,True,5.258323298698659
2024-06-13 00:00:00+00:00,147.8777102065,149.2803847534,147.7185414636,148.5442293174,623823,114.58081701578203,123.47522963308496,134.9745044901525,144.38304789841544,146.91165633862323,,108.33849676453043,125.517543285734,,,135.31406904865474,"rgba(0, 255, 0, 1.0)",4.557405275669853,135.31406904865474,2.7567531079400545,0,,,0.0,0.0,0.0,0.0,50.5165828040306,-3.724081853928098,True,False,False,False,True,4.067917927737515
2024-06-14 00:00:00+00:00,146.7038407276,146.7436329133,144.823659952,146.2362825453,807111,114.65708511663667,123.57007067805402,135.0602633764649,144.4037121224848,146.86303834054493,,108.41080770662383,125.6224477326278,,,135.36094248755714,"rgba(0, 255, 0, 1.0)",4.587747090251187,135.36094248755714,2.4724332045561446,0,,,0.0,0.0,0.0,0.0,50.408268804174256,-3.724081853928098,True,False,False,False,True,2.793310392633934
2024-06-17 00:00:00+00:00,149.1908523355,149.5887741927,146.4302694507,146.6541004954,686495,114.726417568281,123.65833553362518,135.14725025266853,144.44446636784937,146.93687470269126,,108.47585676611146,125.72082489549868,,,135.43742511143628,"rgba(0, 255, 0, 1.0)",4.59048170472324,135.43742511143628,2.996074945666932,0,,,0.0,0.0,0.0,0.0,52.90202656724529,-1.515471433142686,True,False,True,False,True,5.224998977014785
2024-06-18 00:00:00+00:00,149.8374753535,150.6134229752,148.5889955264,149.2306445212,391372,114.76731035880792,123.71095692987679,135.20106323778091,144.47470433438147,147.00984714897362,,108.51402947015166,125.77966589669593,,,135.49046962062238,"rgba(0, 255, 0, 1.0)",4.5438869250672305,135.49046962062238,3.157430184657455,0,,,0.0,0.0,0.0,0.0,55.15871521711957,0.5892406897903868,True,False,True,False,True,5.842893869648133
2024-06-20 00:00:00+00:00,149.2306445212,150.3149815823,148.9371771515,149.2107484283,407497,114.80956050258715,123.76513053933678,135.2559583196673,144.50470917697365,147.07680677185027,,108.55352089787938,125.84015125103353,,,135.54203151191373,"rgba(0, 255, 0, 1.0)",4.5030935559391665,135.54203151191373,3.0398242539802967,0,,,0.0,0.0,0.0,0.0,55.83038296378733,1.2263267173969155,True,False,True,False,True,5.163096249559896
2024-06-21 00:00:00+00:00,147.6886973243,149.2704367069,146.9823860277,148.1264113673,779664,114.8865963047867,123.86208794478507,135.3487800401895,144.54401203615288,147.12112253989247,,108.62608218661128,125.94767090423727,,,135.61120438077347,"rgba(0, 255, 0, 1.0)",4.465525089109462,135.61120438077347,2.7046075663041624,0,,,0.0,0.0,0.0,0.0,54.2815534267245,1.2263267173969155,True,False,True,False,True,3.45260466037686
2024-06-24 00:00:00+00:00,149.4892937284,150.1259687001,147.3106715599,148.0468269958,365029,114.9236211549708,123.90907721979137,135.39516014536525,144.56734809590137,147.16273751394826,,108.66081920120875,125.99990887294139,,,135.65025654319837,"rgba(0, 255, 0, 1.0)",4.421121003788628,135.65025654319837,3.130210001794216,0,,,0.0,0.0,0.0,0.0,55.17904218734757,1.2263267173969155,True,False,True,False,True,5.226618613129492
2024-06-25 00:00:00+00:00,149.2008003819,150.3249296287,148.673553921,149.7479429357,370810,114.96161790731676,123.95743620195549,135.4434151335519,144.59306196753366,147.21260298976702,,108.69641603919467,126.05370789550518,,,135.69231380104586,"rgba(0, 255, 0, 1.0)",4.386818956871944,135.69231380104586,3.0793353255878313,0,,,0.0,0.0,0.0,0.0,55.38849529591547,1.2263267173969155,True,False,True,False,True,4.902713295732699
2024-06-26 00:00:00+00:00,148.0866191816,149.2405925676,147.5295285814,148.7531382925,366734,114.99790156719307,124.00299689106642,135.48702974302122,144.61239260802338,147.23574756074623,,108.73059844297401,126.1041450577996,,,135.72490609696393,"rgba(0, 255, 0, 1.0)",4.356395718274577,135.72490609696393,2.8376010546471067,0,,,0.0,0.0,0.0,0.0,54.0394211619181,1.2263267173969155,True,False,True,False,True,3.6513037461097646
2024-06-27 00:00:00+00:00,148.2159437852,148.3104502263,147.290775467,148.235839878,379025,115.03492882216217,124.04923615082522,135.53058381386273,144.6302947822126,147.2510847561717,,108.76555553805002,126.1552220852767,,,135.75553523901488,"rgba(0, 255, 0, 1.0)",4.353601192122611,135.75553523901488,2.862092322266667,0,,,0.0,0.0,0.0,0.0,53.304090550264135,1.2263267173969155,True,False,True,False,False,3.783408478546452
2024-06-28 00:00:00+00:00,151.1307213897,151.1705135754,148.3950086209,148.3950086209,641771,115.10179040780743,124.1345990303995,135.6171399802688,144.68087681796231,147.35723633633282,,108.82805990025335,126.25021024499353,,,135.83445093595543,"rgba(0, 255, 0, 1.0)",4.314277386694345,135.83445093595543,3.545499995183381,0,,,0.0,0.0,0.0,0.0,56.03278611986905,1.7954023376589134,True,False,True,False,True,6.69212438182544
2024-07-01 00:00:00+00:00,148.0766711351,152.2946428222,146.7446277179,151.876824872,530083,115.1549551433437,124.20148238215533,135.68209230272845,144.71313730049576,147.4052774760518,,108.87806064976417,126.32422785708047,,,135.88602165073786,"rgba(0, 255, 0, 1.0)",4.272356933082147,135.88602165073786,2.853378047598571,0,,,0.0,0.0,0.0,0.0,54.00467539594624,1.7954023376589134,True,False,True,False,True,3.2740417295540034
2024-07-02 00:00:00+00:00,147.8976062994,149.1908523355,147.5146065117,148.3552164352,440991,115.1979673799299,124.2549840833264,135.73229204107975,144.73448681192158,147.4237529883994,,108.91869741447788,126.38318251419201,,,135.92146057601911,"rgba(0, 255, 0, 1.0)",4.2437460548611945,135.92146057601911,2.822069362435637,0,,,0.0,0.0,0.0,0.0,52.45345785277643,1.7954023376589134,True,False,False,False,False,3.078588712476165
2024-07-03 00:00:00+00:00,148.6636058746,149.5390339606,147.3156455831,148.0169828565,333490,115.23072016988996,124.29579890268745,135.77091029247245,144.75186481457996,147.44242888488304,,108.94961059490865,126.42817558957607,,,135.94981236688466,"rgba(0, 255, 0, 1.0)",4.238133985296507,135.94981236688466,2.9998564348894363,0,,,0.0,0.0,0.0,0.0,52.31890548292752,1.7954023376589134,True,False,False,False,False,3.8540620546515605
2024-07-05 00:00:00+00:00,148.096567228,148.6934500139,146.8829055633,148.6437097817,291957,115.25881199829593,124.33051301813755,135.80290406393138,144.7644763364048,147.44910383319905,,108.97621399650343,126.4663219611214,,,135.97124665299341,"rgba(0, 255, 0, 1.0)",4.204619780033983,135.97124665299341,2.883809050365211,0,,,0.0,0.0,0.0,0.0,51.50772253537096,5.689235741870753,True,False,False,False,False,3.217020161111691
2024-07-08 00:00:00+00:00,147.8976062994,149.6310533901,147.1614508634,148.9322031283,313178,115.28920456436732,124.3681712255942,135.83799345288776,144.77934730576737,147.46137398041654,,109.00495898788975,126.50773575957518,,,135.99595501852943,"rgba(0, 255, 0, 1.0)",4.151915063861294,135.99595501852943,2.866544979319012,0,,,0.0,0.0,0.0,0.0,50.70426305729893,4.76607795650623,True,False,False,False,False,2.9914301468417293
2024-07-09 00:00:00+00:00,147.8578141136,150.3846179073,147.798125835,147.8080738815,490757,115.33736715699106,124.42805312813209,135.89456550478457,144.80540215257471,147.4906616333962,,109.05043441960424,126.57365434874976,,,136.03809176926245,"rgba(0, 255, 0, 1.0)",4.068956017136554,136.03809176926245,2.904853798998653,0,,,0.0,0.0,0.0,0.0,50.111945626749275,4.0271682956823796,True,False,False,False,False,2.945551155817771
2024-07-10 00:00:00+00:00,151.5186952005,151.5584873862,147.519580535,148.4248527602,391439,115.37742851306731,124.47858308192164,135.94465023643605,144.8339841611016,147.54159360870557,,109.0880191989629,126.6295450926247,,,136.08131419381988,"rgba(0, 255, 0, 1.0)",3.948090613281305,136.08131419381988,3.9100878168168287,0,,,0.0,0.0,0.0,0.0,54.13518856304748,0.09525199458362721,True,False,True,False,True,6.716449457979753
2024-07-11 00:00:00+00:00,151.9166170577,153.0805384903,150.4045140001,152.6925646794,460098,115.42655957861095,124.5414060462891,136.00963786708476,144.87710916887795,147.63370109777807,,109.1338263994737,126.69934327856569,,,136.14353200625192,"rgba(0, 255, 0, 1.0)",3.832795179682328,136.14353200625192,4.115295577249028,0,,,0.0,0.0,0.0,0.0,57.19673971448354,2.927287468960998,True,False,True,False,True,7.110518761657879
2024-07-12 00:00:00+00:00,154.1151353191,155.8460953983,152.2150584507,152.6030322615,382408,115.46982275669222,124.59770901114884,136.07091458244878,144.9241071121151,147.7471519957819,,109.1738352003219,126.7622543664658,,,136.20843951654112,"rgba(0, 255, 0, 1.0)",3.7757965572668413,136.20843951654112,4.7424948698827345,0,,,0.0,0.0,0.0,0.0,61.128325031436745,6.490450685030751,True,False,True,False,True,9.249761424775194
2024-07-15 00:00:00+00:00,156.3534457663,156.6817312985,154.2942001549,155.8261993054,363096,115.51263603100678,124.65407552078528,136.13423219614262,144.97659639792118,147.87955024351092,,109.21320886552373,126.82546327834538,,,136.27906688783008,"rgba(0, 255, 0, 1.0)",3.7208977016724343,136.27906688783008,5.395036490642322,0,,,0.0,0.0,0.0,0.0,65.27505577160088,10.16460169196786,True,False,True,False,True,11.333915728789837
2024-07-16 00:00:00+00:00,161.3772092143,161.3971053071,156.3832899056,156.7016273914,410294,115.56563182565355,124.72556222157844,136.21955617667197,145.05673238750427,148.0961206584692,,109.26138119650331,126.90624010207654,159.71920147566667,,138.18866387026623,"rgba(0, 255, 0, 1.0)",3.7817619169208774,138.18866387026623,6.131677734730048,0,,,0.0,0.0,0.0,0.0,70.39272476012034,14.66957495224841,True,False,True,False,True,15.643021056232115
2024-07-17 00:00:00+00:00,156.3335496734,161.3672611678,156.3136535805,159.7855217852,400224,115.61520219014709,124.7916115890781,136.2961646325485,145.1250244694549,148.26982236987394,,109.3066892096425,126.9805562186974,158.87266133488376,,138.23189994400065,"rgba(0, 255, 0, 1.0)",3.716822265952221,138.23189994400065,4.870195138255246,0,,,0.0,0.0,0.0,0.0,67.68279357828249,14.66957495224841,True,False,True,False,True,9.765570747950978
2024-07-18 00:00:00+00:00,152.1454221257,158.1838863097,151.7176561291,155.6670305625,416354,115.66180623296663,124.85182582348799,136.3607506987108,145.17353996156928,148.3727308575772,,109.34988021599274,127.04759894743755,157.2243768553334,,138.21136742110403,"rgba(0, 255, 0, 1.0)",3.6239928248905224,138.21136742110403,3.844945444950464,0,,,0.0,0.0,0.0,0.0,62.301824686137486,19.134969450710912,True,False,True,False,False,5.350947390394598
2024-07-19 00:00:00+00:00,153.8067458798,153.9261224369,151.2103057611,152.6428244473,444559,115.71010370805988,124.91357469224096,136.42518340960783,145.21876765459024,148.45920403870798,,109.39483900069698,127.11608504474708,156.09575977483215,,138.21293261441707,"rgba(0, 255, 0, 1.0)",3.6119955132807138,138.21293261441707,4.317229411843684,0,,,0.0,0.0,0.0,0.0,59.843555510426455,17.120677433096446,True,False,True,False,False,6.78887712565578
2024-07-22 00:00:00+00:00,153.1700709081,153.8962782976,151.0113448325,151.8867729185,286304,115.74090177759957,124.95279148221192,136.46569693714216,145.24654645845925,148.5097521048794,,109.4235529289803,127.15951033689254,155.59806812167042,,138.223664875103,"rgba(0, 255, 0, 1.0)",3.5450224569146753,138.223664875103,4.2161668126653415,0,,,0.0,0.0,0.0,0.0,57.68067846823675,15.244215339693213,True,False,True,False,False,6.133845993014834
2024-07-23 00:00:00+00:00,154.2643560156,155.1795762873,153.2098630939,153.995758762,240798,115.76783266172949,124.9874984206329,136.50280362339748,145.27450417510897,148.56650691784532,,109.44852383716722,127.19809459632698,155.44690638507495,,138.25123099761984,"rgba(0, 255, 0, 1.0)",3.5340837778811482,138.25123099761984,4.531054164081185,0,,,0.0,0.0,0.0,0.0,57.036929959295136,14.642913563391318,True,False,True,False,False,7.087745186391203
2024-07-24 00:00:00+00:00,149.5290859142,153.8415640423,149.4892937284,152.9910060724,417710,115.81050118302522,125.04080700296574,136.55501107056733,145.3050379250149,148.606975485287,,109.48862078156297,127.25671054796123,154.72945841079667,,138.25556317783523,"rgba(0, 255, 0, 1.0)",3.445691895995425,138.25556317783523,3.2717732973940135,0,,,0.0,0.0,0.0,0.0,52.95860205950152,10.722645897244313,True,False,False,False,False,2.3564363410891502
2024-07-25 00:00:00+00:00,149.479345682,150.7725917181,147.1813469563,149.0117874997,663503,115.87458713388546,125.1191556490043,136.6268463376003,145.33755111931956,148.62107054571916,,109.54938136402562,127.34216336643419,153.59958909962722,,138.24477909369955,"rgba(0, 255, 0, 1.0)",3.3492031112622667,138.24477909369955,3.354399902031115,0,,,0.0,0.0,0.0,0.0,50.2059086709386,8.093439791156698,False,False,False,False,False,2.308675916031973
2024-07-26 00:00:00+00:00,149.0714757783,150.7626436717,147.8478660672,150.5139425109,476218,115.92054627951495,125.17526876596024,136.67823971959203,145.3610503368365,148.63227132813813,,109.59296765436929,127.4033171610087,153.04523096533654,,138.25015865315044,"rgba(0, 255, 0, 1.0)",3.2447761545883935,138.25015865315044,3.3349965019458385,0,,,0.0,0.0,0.0,0.0,48.07260942552769,6.004572453465158,False,False,False,True,False,1.911347227349232
2024-07-29 00:00:00+00:00,149.9568519107,150.792487811,148.6437097817,149.8573714464,582903,115.9775897182165,125.24521843698126,136.74341203431152,145.39361697847454,148.65804337984832,,109.64695408723624,127.4796515010531,152.60894071863677,,138.27317536069273,"rgba(0, 255, 0, 1.0)",3.1764666843606104,138.27317536069273,3.6781989899444136,0,,,0.0,0.0,0.0,0.0,47.504628945867395,5.294446865583417,False,True,False,True,False,2.73403598689184
2024-07-30 00:00:00+00:00,150.6134229752,152.2846947757,149.7081507499,149.9568519107,410844,116.01894967042516,125.29642269266985,136.7926964365774,145.42179783558964,148.6919719537588,,109.68593073071246,127.53570894633152,152.4584169537256,,138.30302792497608,"rgba(0, 255, 0, 1.0)",3.078448035020835,138.30302792497608,3.998896492706462,0,,,0.0,0.0,0.0,0.0,47.76715815858161,5.263757800877912,False,True,False,True,False,3.344364712438857
2024-07-31 00:00:00+00:00,146.5645680775,149.3898132641,144.5849068376,148.7133461068,810689,116.0908888094667,125.38106404294378,136.86144052742608,145.43612137476356,148.6377246945736,,109.75513402917788,127.62660529634572,151.64020664807077,,138.29073820081686,"rgba(0, 255, 0, 1.0)",3.074912134132686,138.29073820081686,2.6907532689602784,0,,,0.0,0.0,0.0,0.0,44.7921780103492,2.124829982281838,False,True,False,True,False,0.0
2024-08-01 00:00:00+00:00,140.4266234292,146.1218800113,138.924468418,145.5896595272,1106866,116.17261932019012,125.46877243190902,136.90734417707637,145.38721215419133,148.37483725565576,,109.83646784771014,127.71726726517232,150.01062312532747,,138.17586556979032,"rgba(38, 166, 154, 0.5)",3.2200994555077807,138.17586556979032,0.6989715350437057,0,,,0.0,0.0,0.0,0.0,39.62338520562557,-2.930767414576607,False,True,False,True,False,0.0
2024-08-02 00:00:00+00:00,135.8604701171,136.7955864816,133.7912764593,135.9500025349,1272840,116.2428877542731,125.52982017109892,136.8923479732171,145.2353394662301,147.82711042416966,,109.91104682167354,127.77387284627189,147.6816810345048,,137.9232729721282,"rgba(239, 83, 80, 0.5)",3.5523760086694662,137.9232729721282,-0.5806825769552512,0,,,0.0,0.0,0.0,0.0,34.541519322379,-7.717365645973963,False,True,False,True,False,0.0
2024-08-05 00:00:00+00:00,133.2441339055,134.0698217594,130.0806551403,130.0806551403,1091261,116.29334085376456,125.56587941494456,136.85275600140469,145.0696384909772,147.28722391629026,,109.96713750584689,127.80300832220006,145.84303223046103,,137.68214269686948,"rgba(239, 83, 80, 1.0)",3.9739065569393195,137.68214269686948,-1.1167874049830702,1,0.43022180539479316,0.43022180539479316,0.0,0.0,0.0,0.0,30.377276199114362,-11.544572501617019,False,True,False,True,False,0.0
2024-08-06 00:00:00+00:00,131.3341089907,136.7856384352,130.5681094154,135.4625482598,1080587,116.34431570517097,125.60342648824981,136.81802657038023,144.91521016344706,146.80325018947772,,110.023464305048,127.83413939687861,144.4594770558666,,137.47970872018226,"rgba(239, 83, 80, 1.0)",4.437093061920926,137.47970872018226,-1.385050897900635,1,0.40311951163619936,0.40311951163619936,0.0,0.0,0.0,0.0,27.077425256292994,-14.559775993890185,False,True,False,True,False,0.0
2024-08-07 00:00:00+00:00,129.682733283,133.323718277,128.2402665504,131.4037453157,1645403,116.40979430165733,125.64066951047084,136.73358694311068,144.64044244384425,146.00495402625774,,110.09945958785877,127.85794477737876,142.4940793603512,,137.4314619476319,"rgba(255, 0, 0, 1.0)",4.920096657319099,137.4314619476319,-1.5749139100966538,1,0.37659922801061935,0.37659922801061935,0.0,0.0,0.0,0.0,24.44431922761605,-17.00808464479161,False,True,False,True,False,0.0
2024-08-08 00:00:00+00:00,132.6571991661,133.7017440414,129.613096958,130.1701875582,780973,116.44413144730565,125.66391035269663,136.7040817785749,144.52767962814585,145.6882497786066,,110.1381132544025,127.87595498732973,141.83985577032223,,137.33147529218934,"rgba(239, 83, 80, 0.5)",5.2256517876183635,137.33147529218934,-0.8944867197551383,1,0.3601099804247112,0.3601099804247112,0.0,0.0,0.0,0.0,25.69815733449932,-17.00808464479161,False,True,False,True,False,0.0
2024-08-09 00:00:00+00:00,134.4378994773,134.8557174275,132.0155501712,133.0053807912,569858,116.47194733484316,125.68550003711933,136.6908221771463,144.4581566662496,145.49490452573397,,110.1685210865662,127.89463710019422,141.48901932475866,,137.28703766903135,"rgba(239, 83, 80, 0.5)",5.450032482989441,137.28703766903135,-0.5227745340278326,1,0.34996123462537526,0.34996123462537526,0.0,0.0,0.0,0.0,28.17375810375371,-17.00808464479161,False,True,False,True,False,0.0
2024-08-12 00:00:00+00:00,132.9059003269,134.8756135203,132.6671472125,134.7363408703,507124,116.49621682403635,125.70393822324868,136.67797382773963,144.3953984376024,145.3239622161347,,110.19518760185525,127.91035639215151,141.1908181642587,,137.23836404079037,"rgba(239, 83, 80, 0.5)",5.697799299112323,137.23836404079037,-0.7603749248530646,1,0.33942350943127825,0.33942350943127825,0.0,0.0,0.0,0.0,29.151789225383908,-17.00808464479161,False,True,False,True,True,0.0
2024-08-13 00:00:00+00:00,134.7562369632,135.7709376992,132.8710821644,133.6818479485,712137,116.53214683915961,125.73293764318028,136.66560300610615,144.31630313611484,145.1112293807119,,110.2341083247262,127.93615019830212,140.85656948762744,,137.18630033092498,#000000,5.872958856723276,137.18630033092498,-0.41377156336504606,1,0.3334620548749923,0.3334620548749923,0.0,0.0,0.0,0.0,31.522592511266318,-17.00808464479161,False,True,False,True,True,0.0
2024-08-14 00:00:00+00:00,138.0689364249,138.2678973535,134.7462889167,134.7462889167,759136,116.57573852421716,125.77264606855677,136.66774907582433,144.2549327136232,144.94585462088313,,110.27983192131985,127.97412285916187,140.6639064744624,,137.17462587742529,#000000,5.955833417117837,137.17462587742529,0.1501570787564908,1,0.3325933218189287,0.3325933218189287,0.0,0.0,0.0,0.0,35.83238178129959,-22.36243494665892,False,True,False,True,True,0.0
2024-08-15 00:00:00+00:00,141.620389001,142.6947780156,140.0784418041,140.3470390577,791602,116.63081586145633,125.82996243104186,136.6972117286243,144.23064582217202,144.87313824954092,,110.33522635364226,128.03262313547276,140.70382162033079,,137.23391911794272,"rgba(38, 166, 154, 0.5)",5.968561989836884,137.23391911794272,0.7349290985879777,2,0.23978217816892985,0.4795643563378597,0.0,0.0,0.0,0.0,41.14161119903666,-17.283643189382005,False,True,False,True,True,0.0
2024-08-16 00:00:00+00:00,142.3565444369,143.07280378,140.2774027327,141.4711683045,480275,116.66470022316074,125.86550123370209,136.71653644125115,144.2184149186491,144.83596002079366,,110.36921026993166,128.0690179431502,140.7390067949559,,137.2674245891039,"rgba(38, 166, 154, 0.5)",5.991121771332656,137.2674245891039,0.849443567003994,2,0.2409060463171979,0.4818120926343958,0.0,0.0,0.0,0.0,45.149416217573105,-13.535813231364848,False,True,False,True,True,0.0
2024-08-19 00:00:00+00:00,145.907997013,146.0870618488,142.6599598531,142.6748819227,649792,116.71580110408455,125.92223104838624,136.75736256294124,144.22311895000624,144.83677660460964,,110.41941099020055,128.12850771366266,140.8974026697053,,137.34632315985888,"rgba(38, 166, 154, 1.0)",5.990515912577898,137.34632315985888,1.4292047593371255,2,0.24405424176500712,0.48810848353001424,0.0,0.0,0.0,0.0,49.911156865451595,-9.110166167033022,False,False,False,False,True,0.9431396421423734
2024-08-20 00:00:00+00:00,142.3068042048,145.8582567809,142.2371678798,145.8582567809,534818,116.75561195314047,125.96519821694977,136.78485237441734,144.21875497939862,144.8182653492272,,110.45892483590848,128.17304083239898,140.97575188802483,,137.38927823718012,"rgba(38, 166, 154, 0.5)",5.995831599530815,137.38927823718012,0.8201574520546361,2,0.24760716363519622,0.49521432727039244,0.0,0.0,0.0,0.0,50.51180371239985,-8.542379239446618,False,False,False,False,True,0.0
2024-08-21 00:00:00+00:00,144.525218559,145.2713220414,143.1971543604,143.7393228909,485279,116.79279767886804,126.00591897170042,136.8128008987404,144.21934125972228,144.81236380210277,,110.4956330691177,128.2154954050877,141.06607317504427,,137.43294387313102,"rgba(38, 166, 154, 1.0)",5.992049795952561,137.43294387313102,1.183614109926052,2,0.25126076753964216,0.5025215350792843,0.0,0.0,0.0,0.0,52.214557958530875,-6.752835486943177,False,False,True,False,True,0.0
2024-08-22 00:00:00+00:00,144.3561017697,146.5645680775,144.0278162375,144.6545431626,404264,116.82443010508322,126.04090527812144,136.83793014736113,144.22264219172365,144.81406734638847,,110.52674007806199,128.25211552532306,141.15197543326857,,137.47189536075547,"rgba(38, 166, 154, 1.0)",5.981792015232744,137.47189536075547,1.1508602090165894,2,0.25403255711029227,0.5080651142205845,0.0,0.0,0.0,0.0,53.22478187675768,-5.517432142324594,True,False,True,False,True,0.0
2024-08-23 00:00:00+00:00,147.9871387172,148.5243332246,144.9430365092,144.9430365092,492311,116.86581566664681,126.08819574850153,136.87641730906086,144.2379822581972,144.84217205518868,,110.56692590237684,128.30224860811833,141.30804649668053,,137.5362442609738,"rgba(0, 255, 255, 0.75)",5.974654628226965,137.5362442609738,1.749204783629074,2,0.2557843133558113,0.5115686267116226,0.0,0.0,0.0,0.0,55.94668979993808,-2.6231359994404286,True,False,True,False,True,2.5851120290169796
2024-08-26 00:00:00+00:00,146.3158669167,149.8275273071,145.654321829,148.8327226639,583121,116.91487379314295,126.14423862725866,136.92213714609866,144.25665063799556,144.87620519469996,,110.61455881503456,128.36164438030335,141.48613467808335,,137.609016724509,"rgba(38, 166, 154, 1.0)",5.974608911725425,137.609016724509,1.4573088081302608,2,0.25879752692054847,0.5175950538410969,0.0,0.0,0.0,0.0,56.43114050532199,-1.8212914280614854,True,False,True,False,True,1.223002203583473
2024-08-27 00:00:00+00:00,147.8876582529,148.2859820244,144.5019061954,146.085243187,464547,116.95336281780288,126.18788678190872,136.9569664051522,144.26953070555732,144.8985034414686,,110.65203109635063,128.40776576486883,141.61186738408296,,137.6607853132903,"rgba(0, 255, 255, 0.75)",5.950803779156008,137.6607853132903,1.7185700149333718,2,0.2609347385654794,0.5218694771309588,0.0,0.0,0.0,0.0,57.64882583670298,-0.2554332469828253,True,False,True,False,True,2.4454217499402873
2024-08-28 00:00:00+00:00,146.1848241299,148.1565267987,145.7616051227,147.23042403,700683,117.01086085762346,126.25277189984375,137.00804150852065,144.28732468124224,144.92808581484795,,110.70810796890746,128.47618478198706,141.78435375109754,,137.73229478238227,"rgba(38, 166, 154, 1.0)",5.925097915168498,137.73229478238227,1.426563656590197,2,0.26403744706539334,0.5280748941307867,0.0,0.0,0.0,0.0,57.06179029422619,-0.2554332469828253,True,False,True,False,True,1.052382009221649
2024-08-29 00:00:00+00:00,148.4951020044,150.2925380232,146.7723516928,147.9374487244,623710,117.06498011512858,126.31529204382107,137.06150529636486,144.31471913645976,144.97980481198834,,110.76039327694913,128.5426944319883,141.9816158427045,,137.81115585510426,"rgba(0, 255, 255, 0.75)",5.925957334051815,137.81115585510426,1.8029063570713717,2,0.267435415436429,0.534870830872858,0.0,0.0,0.0,0.0,58.05842328661074,0.9780572474905114,True,False,True,False,True,2.8490814000660762
2024-08-30 00:00:00+00:00,151.2833684047,151.7065874119,148.2441580284,149.4212047731,542315,117.11470628118845,126.37397475937264,137.11519688157696,144.34883616294636,145.04696548037208,,110.80800920569175,128.60560803158825,142.1909440905066,,139.09513996055176,"rgba(0, 255, 0, 1.0)",5.941653742528953,139.09513996055176,2.051319207127099,2,0.27042445629880707,0.5408489125976141,0.0,0.0,0.0,0.0,60.205749188770085,3.428854505835588,True,False,True,False,True,4.945280831010095
2024-09-03 00:00:00+00:00,148.5050600987,151.2734103104,147.9424277715,150.4767627675,484290,117.15742942778415,126.42359634011311,137.15858907697606,144.3731586257608,145.09276217015312,,110.84917941002033,128.65848415248266,142.34387343448057,,139.12655211685546,"rgba(0, 255, 255, 0.75)",5.9426266026536,139.12655211685546,1.578175545752225,2,0.27306878094890746,0.5461375618978149,0.0,0.0,0.0,0.0,59.29846451220105,3.428854505835588,True,False,True,False,True,2.651455056742069
2024-09-04 00:00:00+00:00,146.9814716728,148.4353534387,146.6727707499,146.9416392957,461024,117.19562126450005,126.4667645901337,137.19323591437055,144.38724544305137,145.11612417636763,,110.88637759697141,128.70400104511313,142.44543447788567,,139.1287827436447,"rgba(38, 166, 154, 1.0)",5.939374215495268,139.1287827436447,1.3221407919824921,2,0.2767960516540212,0.5535921033080424,0.0,0.0,0.0,0.0,57.5136656089022,3.428854505835588,True,False,True,False,True,1.4244090762683292
2024-09-05 00:00:00+00:00,146.6628126557,148.2461496473,145.7068356041,148.2461496473,449265,117.23214160637723,126.50767592307581,137.22515339456865,144.398600709764,145.1335552405655,,110.92206693207781,128.74698213300786,142.531028042511,,139.13839089762024,"rgba(38, 166, 154, 1.0)",5.936271976607446,139.13839089762024,1.2675331904822769,2,0.2778656033742902,0.5557312067485805,0.0,0.0,0.0,0.0,56.07261105385622,3.428854505835588,True,False,True,False,False,1.1675389294447278
2024-09-06 00:00:00+00:00,143.8944624439,148.7639705502,143.8446719725,148.305898213,616799,117.2798222010571,126.55981369963654,137.2624530873048,144.40547460662626,145.13849654830747,,110.96908582714765,128.80122274499377,142.6078349643474,,139.13549495998487,"rgba(38, 166, 154, 0.5)",5.930906810278884,139.13549495998487,0.8024013251510465,2,0.278162394910889,0.556324789821778,0.0,0.0,0.0,0.0,53.02377458605711,8.921998647388051,False,False,True,False,False,0.0
2024-09-09 00:00:00+00:00,145.1890147012,146.4935250528,144.0338757639,144.730942364,801487,117.3409665373263,126.62620491206795,137.30889521023593,144.41217215520595,145.14021911799463,,111.02953036759831,128.87008357980315,142.69337261380954,,139.1441416125106,"rgba(38, 166, 154, 1.0)",5.922017247706925,139.1441416125106,1.020745606749127,2,0.2781626686271909,0.5563253372543818,0.0,0.0,0.0,0.0,52.0017546698099,7.772044764073598,False,False,False,False,False,0.0
2024-09-10 00:00:00+00:00,142.5799939981,145.3782184927,139.9311409178,144.7508585526,863369,117.40040142745572,126.68724492922892,137.34205994570084,144.3968733706727,145.09462309278933,,111.08945601193089,128.93189772659557,142.69122098224926,,139.87834576771905,#000000,5.928591198355016,139.87834576771905,0.45569818191049677,2,0.27725954885201354,0.5545190977040271,0.0,0.0,0.0,0.0,49.44868041043485,5.182597824342444,False,False,False,False,False,0.0
2024-09-11 00:00:00+00:00,144.6214033269,144.6413195154,140.5485427636,142.4007483009,388944,117.42776298117136,126.71569021391866,137.35865963279312,144.3925344489831,145.079818297083,,111.11692489344573,128.9608575508733,142.69991742045428,,139.8816758491273,"rgba(38, 166, 154, 0.5)",5.931390300073628,139.8816758491273,0.7990921584967808,2,0.2769998699989724,0.5539997399979448,0.0,0.0,0.0,0.0,49.383089656232535,4.937938676801153,False,False,False,False,False,0.0
2024-09-12 00:00:00+00:00,144.6811518926,145.8611860656,143.7052586525,145.4180508698,468866,117.46255309108511,126.7529025855302,137.38352183128896,144.39418291065923,145.07661504241668,,111.15149598969039,128.99920473963678,142.73634959694917,,139.9186004803502,"rgba(38, 166, 154, 0.5)",5.932965144312445,139.9186004803502,0.802727016998469,2,0.2768598751218508,0.5537197502437016,0.0,0.0,0.0,0.0,49.3872651690596,4.663807736418171,False,False,False,False,False,0.0
2024-09-13 00:00:00+00:00,145.0695175698,145.9856622442,144.2230795554,145.8163746413,513016,117.5009957848359,126.79421738265901,137.41179412335143,144.39769787209218,145.07678432701377,,111.18962704570372,129.04186056812947,142.7813118983341,,139.95503561506908,"rgba(38, 166, 154, 0.5)",5.9335227724203525,139.95503561506908,0.8619638199592984,2,0.2767702587685711,0.5535405175371422,0.0,0.0,0.0,0.0,49.72480520513259,4.663807736418171,False,False,False,False,False,0.0
2024-09-16 00:00:00+00:00,144.242995744,147.4495021043,143.8546300668,145.9757041499,354172,117.52755919828823,126.82277069434849,137.43141817278268,144.4004141821812,145.0775435068623,,111.215971172249,129.0713409650574,142.81252970283796,,139.9769747304343,"rgba(38, 166, 154, 0.5)",5.931989250983449,139.9769747304343,0.7191552164155478,2,0.2766289760773461,0.5532579521546922,0.0,0.0,0.0,0.0,49.20397711990995,3.8578336328053098,False,False,False,False,False,0.0
2024-09-17 00:00:00+00:00,147.7582030272,147.7781192158,144.8205652126,145.6968775098,428219,117.56146624238431,126.86017986475721,137.45989357689072,144.41035571011219,145.0922638348516,,111.2492694800265,129.11037409043723,142.87401988539023,,140.02622536827317,"rgba(38, 166, 154, 1.0)",5.933330637323719,140.02622536827317,1.3031428941931362,2,0.27739318174739774,0.5547863634947955,0.0,0.0,0.0,0.0,51.82842933186987,3.8578336328053098,False,False,False,False,True,2.1389574243130483
2024-09-18 00:00:00+00:00,147.64866399,149.8494028274,147.0013878614,147.4196278215,351705,117.59056914725049,126.89292208979509,137.48659547292834,144.4231700011133,145.11387073019296,,111.27763235364475,129.14479887563635,142.94044943502422,,140.07930288744743,"rgba(38, 166, 154, 1.0)",5.9354317489833575,140.07930288744743,1.2752839932577897,2,0.2779688409587767,0.5559376819175534,0.0,0.0,0.0,0.0,53.466563632759986,3.8578336328053098,False,False,True,False,True,2.0465604601920973
2024-09-19 00:00:00+00:00,153.4343167707,153.792808165,149.5969651373,150.8850446333,480153,117.63553803338395,126.946061037489,137.53677519116636,144.45956915060893,145.18192794619964,,111.32058796231637,129.20170277471493,143.09770454870227,,140.20894762984432,"rgba(0, 255, 0, 1.0)",5.985623513081047,140.20894762984432,2.2095223850870043,2,0.27643464543831475,0.5528692908766295,0.0,0.0,0.0,0.0,58.221191905567395,3.551920694738733,True,False,True,False,True,6.470592708579623
2024-09-20 00:00:00+00:00,154.2409224079,154.6790785565,151.3032845933,152.4982559077,789772,117.71166248961738,127.036871908006,137.6248647862881,144.52728579951156,145.30854039854697,,111.39299672789201,129.2992602641911,143.3757000456197,,140.41917100135942,"rgba(0, 255, 0, 1.0)",6.042129202491056,140.41917100135942,2.2875630333826917,2,0.27473073108551965,0.5494614621710393,0.0,0.0,0.0,0.0,61.79423879147708,6.80479649134152,True,False,True,False,True,7.056733230470293
2024-09-23 00:00:00+00:00,150.9547512933,154.2907128793,150.4170142018,154.2907128793,543677,117.76165452516682,127.09544144286298,137.67915271336526,144.56543037489268,145.37751908930147,,111.44089971032886,129.36175662776847,143.53081356167095,,140.5231783134505,"rgba(0, 255, 255, 0.75)",6.058117002633541,140.5231783134505,1.721916723515701,2,0.2739807087704561,0.5479614175409122,0.0,0.0,0.0,0.0,60.87050000356509,6.80479649134152,True,False,True,False,True,4.239208446804287
2024-09-24 00:00:00+00:00,155.0973185166,155.5056003823,151.8908121562,153.5338977135,510311,117.81156780189878,127.15519216978477,137.73784066606837,144.61189921747334,145.46315236091039,,111.48828539912539,129.42600189637648,143.70964496547066,,140.64430376833346,"rgba(0, 255, 0, 1.0)",6.134062950200775,140.64430376833346,2.3561895053250943,2,0.27091773971969924,0.5418354794393985,0.0,0.0,0.0,0.0,62.52620885622655,7.269513692619604,True,False,True,False,True,7.232363242232008
2024-09-25 00:00:00+00:00,152.8268730192,156.2723736424,152.717333982,155.3462708737,469804,117.85711368866734,127.20950957240873,137.79076457619047,144.6532820259147,145.5385187601743,,111.53158667604539,129.4843170488307,143.86560326196474,,140.74557237602207,"rgba(0, 255, 255, 0.75)",6.16822642520828,140.74557237602207,1.9586344291454891,2,0.26999659648744373,0.5399931929748875,0.0,0.0,0.0,0.0,61.63019045553962,7.269513692619604,True,False,True,False,True,5.331983354699847
2024-09-26 00:00:00+00:00,157.1088535625,157.4872611454,154.1911319365,154.3703776336,404026,117.89870732888045,127.26009138020041,137.8425120949264,144.69741043118532,145.61990267480047,,111.57079117175878,129.53898995909483,144.02604282351192,,140.85120727742708,"rgba(0, 255, 0, 1.0)",6.278556710134889,140.85120727742708,2.58939228164169,2,0.26575784814450343,0.5315156962890069,0.0,0.0,0.0,0.0,63.16127471937174,7.918629323171963,True,False,True,False,True,8.29846074777517
2024-09-27 00:00:00+00:00,157.6864230311,159.6879999828,156.3420803024,157.4075963911,330729,117.93414356690096,127.30370424951474,137.8884157873294,144.73838101826192,145.69575268261684,,111.60401019553721,129.58631991648875,144.17154187397486,,142.42889937847372,"rgba(0, 255, 0, 1.0)",6.394842963385525,142.42889937847372,2.385910606403494,2,0.2614716320187454,0.5229432640374908,1.0,0.0,159.688,728.0,64.441467733893,9.249350069593795,True,False,True,False,True,8.687093254143246
2024-09-30 00:00:00+00:00,151.5621950448,158.2241601226,149.9888161474,157.1088535625,716994,118.00184484451268,127.38353503510471,137.96427695748866,144.79529313298409,145.79563798612313,,111.66865146179742,129.6716380959645,144.37346436965498,,142.38479518220933,"rgba(38, 166, 154, 1.0)",6.4118355671244425,142.38479518220933,1.4313217746328644,2,0.26088747239272414,0.5217749447854483,0.0,0.0,0.0,0.0,60.56336591905729,9.249350069593795,True,False,True,False,False,3.7242254153637404
2024-10-01 00:00:00+00:00,148.8735095873,152.2094711734,145.7964584527,151.8211054962,813188,118.068992189037,127.45854072686012,138.02548576182562,144.82660631617094,145.84233691034044,,111.73417039571217,129.75016170584144,144.48621116067702,,142.30522432162186,"rgba(38, 166, 154, 1.0)",6.414324652301139,142.30522432162186,1.024002622524221,2,0.26076855892627104,0.5215371178525421,0.0,0.0,0.0,0.0,56.34420538551484,11.983462533355286,True,False,True,False,False,1.6869110659469762
2024-10-02 00:00:00+00:00,149.9788580532,150.5763437104,147.7084125558,147.7084125558,286405,118.09292438682749,127.48539793953582,138.04778439343295,144.8387416265414,145.86084365586294,,111.75747672349581,129.77832632499764,144.5285724657806,,142.30565397464582,"rgba(38, 166, 154, 1.0)",6.422071732738707,142.30565397464582,1.1948175601087436,2,0.26115407953001823,0.5223081590600365,0.0,0.0,0.0,0.0,54.230918326661026,10.100246784805265,True,False,True,False,False,2.474273830746416
2024-10-03 00:00:00+00:00,149.3714143017,149.5506599988,147.3598792557,148.5349343816,474119,118.13162824820299,127.52837920054314,138.08237390572805,144.85581474828788,145.88545630945612,,111.79531952307589,129.82321166475484,144.5878671027107,,142.3024716061318,"rgba(38, 166, 154, 1.0)",6.422846861425794,142.3024716061318,1.1005933736366542,2,0.261646669225758,0.523293338451516,0.0,0.0,0.0,0.0,52.42582846276275,8.442315917883256,False,False,False,False,False,2.0104810638277755
2024-10-04 00:00:00+00:00,153.0459510935,153.1305948949,151.084206519,151.1638712733,281046,118.15726057441036,127.55815286138784,138.10976334939105,144.8752846030615,145.91817016026334,,111.81993247833219,129.854840878209,144.65238105699365,,142.343418540964,"rgba(0, 255, 255, 0.75)",6.450990527115724,142.343418540964,1.6590525916213332,2,0.26027507501988145,0.5205501500397629,0.0,0.0,0.0,0.0,53.55262828862961,8.442315917883256,True,False,False,False,False,4.611471750606299
2024-10-07 00:00:00+00:00,151.7812731191,152.6675435106,150.6261341818,152.6675435106,331039,118.18676233298261,127.59210641694891,138.14025522373555,144.89588739722316,145.95201448238092,,111.84836582677545,129.89078371601482,144.72001984465157,,142.38101945651468,"rgba(38, 166, 154, 1.0)",6.46808739825593,142.38101945651468,1.4533281762890269,2,0.25964203928262075,0.5192840785652415,0.0,0.0,0.0,0.0,53.38926689109692,8.442315917883256,True,False,False,False,False,3.627452085668036
2024-10-08 00:00:00+00:00,151.8011893076,152.7272920763,150.8551703504,151.8111474019,262944,118.21023044554987,127.61912255527825,138.16456067278182,144.91241009202344,145.97909245734087,,111.87097978275055,129.9193832309844,144.77360542322987,,142.41109082728946,"rgba(38, 166, 154, 1.0)",6.488663923057141,142.41109082728946,1.4471543898187267,2,0.2588417413742837,0.5176834827485673,0.0,0.0,0.0,0.0,53.293672997746626,8.442315917883256,True,False,False,False,False,3.6416254604477167
2024-10-09 00:00:00+00:00,153.3845262992,154.7587433108,151.5223626676,151.5223626676,446213,118.25167003003673,127.66752951437913,138.2099079257182,144.94604626018153,146.03561178650682,,111.91066676822018,129.97090135051522,144.88081915080267,,142.48104689932578,"rgba(0, 255, 255, 0.75)",6.521333005508933,142.48104689932578,1.6719709591065872,2,0.2573899218726131,0.5147798437452262,0.0,0.0,0.0,0.0,54.312665750462465,8.442315917883256,True,False,True,False,False,4.772950879120341
2024-10-10 00:00:00+00:00,153.583688185,154.1911319365,152.3190102105,152.6974177934,309727,118.2804937640138,127.70120951985118,138.24152201866713,144.96963417944215,146.07509630234085,,111.93826470653129,130.0067462662364,144.95489905788702,,142.52872937294072,"rgba(0, 255, 255, 0.75)",6.556995548486166,142.52872937294072,1.6859793071861358,2,0.2558801794840025,0.511760358968005,0.0,0.0,0.0,0.0,55.13010526696136,8.442315917883256,True,False,True,False,False,4.915567765743514
2024-10-11 00:00:00+00:00,154.4400842936,155.6948041738,153.4044424878,153.4044424878,363829,118.31539834366922,127.74242554380733,138.28129778764907,145.0009417528098,146.12816041587988,,111.97153392627756,130.050775855217,145.05194410803907,,142.59499428273492,"rgba(0, 255, 255, 0.75)",6.605745473098958,142.59499428273492,1.793149623930058,2,0.254176427102485,0.50835285420497,0.0,0.0,0.0,0.0,56.29432512620522,8.442315917883256,True,False,True,False,True,5.53454940690467
2024-10-14 00:00:00+00:00,151.6816921762,154.9230518665,151.3132426876,153.6832691278,533688,118.36383304052617,127.7984394368019,138.33259800097034,145.03752226306653,146.1876747902394,,112.01809604770195,130.1101505279961,145.16328601951426,,142.65920367802667,"rgba(38, 166, 154, 1.0)",6.622434732434502,142.65920367802667,1.3624125963800207,2,0.2536289510052423,0.5072579020104846,0.0,0.0,0.0,0.0,54.48860178588575,8.442315917883256,True,False,True,False,True,3.2627674200718424
2024-10-15 00:00:00+00:00,150.944793199,152.3787587763,150.3572656361,151.2634522161,421452,118.40041316485231,127.83999074137051,138.36887743220336,145.06084175891573,146.22378809556173,,112.0535148891759,130.1538927482145,145.23274968772157,,142.69224131807746,"rgba(38, 166, 154, 1.0)",6.62113555233056,142.69224131807746,1.2463952468119672,2,0.2532648421345342,0.5065296842690684,0.0,0.0,0.0,0.0,52.65092778053591,7.373255199718955,False,False,False,False,False,2.6655414728524285
2024-10-16 00:00:00+00:00,152.8766634906,153.1654482249,151.4974674319,152.3588425877,331697,118.4302715836861,127.87438241796475,138.40012930438186,145.0828745882351,146.25906256218857,,112.08225957166579,130.19028568728655,145.2978040664267,,142.7292716903405,"rgba(0, 255, 255, 0.75)",6.648822942466051,142.7292716903405,1.5261937170033628,2,0.2522626140615043,0.5045252281230086,0.0,0.0,0.0,0.0,53.08064882035065,7.373255199718955,False,False,False,False,False,4.112633804738692
2024-10-17 00:00:00+00:00,151.9704769105,154.3504614451,151.5821112333,153.4741491478,393840,118.46578191711843,127.91529322061974,138.43737432456135,145.10929047307383,146.30123672043803,,112.11643865567547,130.23357694509,145.3748243688992,,142.77350911226682,"rgba(38, 166, 154, 1.0)",6.667260154187868,142.77350911226682,1.3794223692405845,2,0.25153751892674026,0.5030750378534805,0.0,0.0,0.0,0.0,52.507625576648515,6.897200740357626,False,False,False,False,False,3.3622704699123283
2024-10-18 00:00:00+00:00,153.2849453564,153.7031853164,151.5821112333,153.1554901306,262410,118.48955477931023,127.94272111106488,138.4624691957468,145.12730579517046,146.33000432704975,,112.139304551854,130.26261415903588,145.42679525912473,,142.80386628203505,"rgba(0, 255, 255, 0.75)",6.697284363564202,142.80386628203505,1.5649744740399611,2,0.25036063178864876,0.5007212635772975,0.0,0.0,0.0,0.0,53.27460366090519,6.897200740357626,False,False,False,False,False,4.354059805588037
2024-10-21 00:00:00+00:00,151.5422788562,153.967074815,150.3771818246,153.1853644135,301484,118.5161170975729,127.97302995406713,138.48940806685303,145.14551699176687,146.35825788010257,,112.16496713925332,130.29456603969388,145.47853803655732,,142.8315928554543,"rgba(38, 166, 154, 1.0)",6.711202872610499,142.8315928554543,1.297932154054741,2,0.2503153281000504,0.5006306562001008,0.0,0.0,0.0,0.0,52.074609207714595,6.133569745581447,False,False,False,False,False,2.895157789729506
2024-10-22 00:00:00+00:00,153.6334786564,153.7529757878,151.0443741418,151.3530750647,300459,118.54321739137065,128.00422493693043,138.51783188612166,145.16581604684916,146.39035364510923,,112.19105391441093,130.32755853519365,145.53593557383005,,142.8649703569767,"rgba(0, 255, 255, 0.75)",6.744485988754812,142.8649703569767,1.5966388420671058,2,0.24932374568692403,0.49864749137384806,0.0,0.0,0.0,0.0,53.12053344044307,6.133569745581447,False,False,False,False,False,4.482637576601711
2024-10-23 00:00:00+00:00,147.4893344815,152.8368311135,147.1208849928,152.3588425877,522283,118.58520122426307,128.05028857764478,138.55438460168475,145.18406909709458,146.41400370433797,,112.2322403690922,130.37537733416647,145.5844437021345,,142.87763672866623,"rgba(38, 166, 154, 0.5)",6.744662331711514,142.87763672866623,0.6837551720196376,2,0.24936200026750438,0.49872400053500876,0.0,0.0,0.0,0.0,48.9896982530268,3.069204917350504,False,True,False,False,False,0.0
2024-10-24 00:00:00+00:00,151.8908121562,152.4634025777,147.4246068686,148.584724853,468763,118.62456043866858,128.09427908389603,138.59142039616435,145.20622425164652,146.44591304988782,,112.27057101812589,130.42137464497,145.64407711812208,,142.90519322037701,"rgba(38, 166, 154, 1.0)",6.747489160105671,142.90519322037701,1.3316981654376272,2,0.24940136438789987,0.49880272877579973,0.0,0.0,0.0,0.0,49.62044707335424,3.069204917350504,False,True,False,False,False,2.827818706985429
2024-10-25 00:00:00+00:00,153.9123052964,154.1712157479,152.1995130791,153.2650291678,626902,118.6817007079379,128.16022103906687,138.65221077153802,145.25101522953705,146.5164881088264,,112.32549611798119,130.49116210815686,145.7660738859589,,142.98044219069598,"rgba(0, 255, 255, 0.75)",6.767389048294647,142.98044219069598,1.615373821083747,2,0.24894871814609654,0.4978974362921931,0.0,0.0,0.0,0.0,51.345080164831316,3.069204917350504,False,True,False,False,True,4.263315145357382
2024-10-28 00:00:00+00:00,155.9238403424,156.9296078653,154.2359433608,155.6549717966,513720,118.73143340594335,128.21883141211183,138.70924813981392,145.29744122940153,146.5919055379614,,112.37287417731281,130.55366082208272,145.8920007530604,,143.0646713762953,"rgba(0, 255, 255, 0.75)",6.792861167501058,143.0646713762953,1.8930416284122742,2,0.24725771835262964,0.49451543670525927,0.0,0.0,0.0,0.0,53.703254847911616,-0.5963695201678263,False,False,True,False,True,5.663620357327602
2024-10-29 00:00:00+00:00,155.8939660595,156.2026669824,154.5994138022,155.356228968,557798,118.78509113567554,128.28188644650965,138.77027400278996,145.34675585644058,146.67124384448505,,112.4240449413806,130.62081993743473,146.02338411942662,,143.15141867734627,"rgba(0, 255, 255, 0.75)",6.785397198084203,143.15141867734627,1.8779368414499709,2,0.2455398333948343,0.4910796667896686,0.0,0.0,0.0,0.0,55.24989259102221,0.8569874576672873,False,False,True,False,True,5.639428497674395
2024-10-30 00:00:00+00:00,156.4516193396,158.1843277455,155.4856841937,156.1827507938,867365,118.8707987267411,128.38343967849153,138.87068746637706,145.430969620366,146.80735001339795,,112.50547375123003,130.72928537242032,146.2443568354148,,144.62650525269825,"rgba(0, 255, 255, 0.75)",6.676742117690468,144.62650525269825,1.7710904327981052,2,0.24377334575586626,0.4875466915117325,0.0,0.0,0.0,0.0,56.64427227071435,2.192415664092522,True,False,True,False,True,6.033405635521724
2024-10-31 00:00:00+00:00,144.8404814012,153.2251967906,144.7110261754,150.3373494475,1158954,118.95727313521276,128.47470052834058,138.9354412343427,145.45216685631368,146.82131978819325,,112.59147034791334,130.822453864323,146.28060511294296,,144.35041288404267,#000000,6.611998704893916,144.35041288404267,0.07411806006474449,2,0.24367333513223854,0.4873466702644771,0.0,0.0,0.0,0.0,50.15073896091677,5.06099918293981,False,True,False,False,False,0.0
2024-11-01 00:00:00+00:00,144.4321995354,146.0553689042,143.1077729953,144.8106071183,645290,119.00007375249761,128.51706408095257,138.95848071270402,145.4471680658226,146.79885317118837,,112.63499883641536,130.86449809712676,146.25480526972456,,144.22487655970616,#000000,6.6025394764956395,144.22487655970616,0.0314004901344233,2,0.24351053972487144,0.4870210794497429,0.0,0.0,0.0,0.0,45.64474410631719,1.112443626307062,False,True,False,True,False,0.0
2024-11-04 00:00:00+00:00,142.4704549609,143.0878568067,140.946866535,142.5600778095,655262,119.03937984781986,128.5535393765701,138.97184389845873,145.42918441544856,146.75316878968547,142.16839276753333,112.67581265915905,130.89959170902063,146.1944916641876,,144.6705924992111,#000000,6.589152118667494,144.6705924992111,-0.3339029815502287,2,0.2424100466598113,0.4848200933196226,0.0,0.0,0.0,0.0,41.783474524937894,-2.191823408591162,False,True,False,True,False,0.0
2024-11-05 00:00:00+00:00,142.5003292438,144.0637500468,141.7634302666,142.3409997352,815211,119.08937416359406,128.60065960994675,138.9914444388286,145.41120142133954,146.70494156582797,142.50515163908779,112.72747448689712,130.94528579313956,146.13284904314855,,144.56306804191098,#000000,6.579961509510508,144.56306804191098,-0.3134879733155817,3,0.2806074779482968,0.8418224338448905,0.0,0.0,0.0,0.0,39.23511322218357,-4.308366780683841,False,True,False,True,False,0.0
2024-11-06 00:00:00+00:00,152.4683816248,155.2915013551,150.2078942217,150.6560084647,819672,119.16030952415281,128.6805277514046,139.061872771204,145.4602368809006,146.77662130334042,146.13824268957393,112.7962615284679,131.02895134310845,146.2490059813603,,144.85733431100516,"rgba(38, 166, 154, 1.0)",6.557667638127279,144.85733431100516,1.1606332821052188,3,0.28001338199383974,0.8400401459815192,0.0,0.0,0.0,0.0,44.14989808652988,-4.308366780683841,False,True,False,True,True,2.791554525745706
2024-11-07 00:00:00+00:00,153.2451129792,155.1968994594,151.4526560076,152.4783397191,486556,119.20307972640033,128.72895038890547,139.1052956847865,145.4916018031293,146.8229191173697,147.39287229863208,112.83763758145186,131.07977670275588,146.32273861781732,,144.9873246878238,"rgba(38, 166, 154, 1.0)",6.588546651511603,144.9873246878238,1.2533550611623339,4,0.5182823160125374,2.0731292640501495,0.0,0.0,0.0,0.0,47.8125611461193,-9.653318312653504,False,True,False,False,True,3.300224502672883
2024-11-08 00:00:00+00:00,154.5197490479,155.5155584766,153.3546520164,153.3546520164,448469,119.24375101790987,128.77552267026084,139.14835191375442,145.52457158225783,146.87258857752516,148.37603800510774,112.87679600690839,131.12886429370178,146.4004718917525,,145.1070074733804,"rgba(38, 166, 154, 1.0)",6.635890652591867,145.1070074733804,1.4184594152170278,4,0.5158002445574212,2.063200978229685,0.0,0.0,0.0,0.0,50.904290053183054,-6.944673128862959,False,True,False,False,True,4.136139674762958
2024-11-11 00:00:00+00:00,156.7603202624,156.919649771,154.7288690279,155.5852651366,500351,119.29116701972178,128.8306552655907,139.20132156509987,145.56790182259454,146.9392940027151,149.418266645297,112.9221517151952,131.18729707865995,146.5030993515882,,145.2525815276503,"rgba(0, 255, 255, 0.75)",6.7203355339015545,145.2525815276503,1.7123756212316332,4,0.5111274684318038,2.044509873727215,0.0,0.0,0.0,0.0,54.0743712622391,-4.0867689622222585,False,False,True,False,True,5.58767456416091
2024-11-12 00:00:00+00:00,156.8200688282,156.8798173939,154.6591623679,155.7744689281,646287,119.3522051179411,128.90149715714836,139.2691872187627,145.6232620270438,147.02389356787953,150.40894102608087,112.98057318077451,131.2623199150027,146.63227768720452,,145.41447208147474,"rgba(0, 255, 255, 0.75)",6.799950438132008,145.41447208147474,1.6773058642848646,4,0.5065950038066795,2.026380015226718,0.0,0.0,0.0,0.0,56.21769743671528,-2.1121445755058232,True,False,True,False,True,5.626341515097344
2024-11-13 00:00:00+00:00,158.861478157,159.4987961913,156.6159278953,157.3378897311,440266,119.39615750486666,128.9534398853943,139.32111896545956,145.66849853449062,147.09439782185422,151.13323330751123,113.02231112652964,131.31768134271786,146.7383087368089,,145.54406951606413,"rgba(0, 255, 255, 0.75)",6.914564205807879,145.54406951606413,1.9259939230515681,4,0.4999299010419813,1.9997196041679253,0.0,0.0,0.0,0.0,58.68101508516143,0.2601270832983573,True,False,True,False,True,6.948004514821687
2024-11-14 00:00:00+00:00,157.1088535625,161.1617979372,156.8300269225,160.0962818485,467690,119.44278885690889,129.00849526368492,139.37609614294476,145.71635758212818,147.16860968513978,151.77400251831364,113.06660536193937,131.37633361815475,146.84925404214442,,146.98286576935243,"rgba(38, 166, 154, 1.0)",6.997021962684782,146.98286576935243,1.4471853664529868,4,0.49555882533088846,1.9822353013235539,0.0,0.0,0.0,0.0,58.858598324845204,0.5935988935866447,True,False,True,False,True,5.602737002472505
2024-11-15 00:00:00+00:00,152.299094022,157.3080154482,152.0999321362,156.7702783567,499817,119.48679841888031,129.05819234774287,139.42076991483336,145.74919686274086,147.21565512665677,151.95806133760047,113.10919089213394,131.42841257886312,146.92044239677577,,146.925252912957,"rgba(38, 166, 154, 0.5)",6.960282930632651,146.925252912957,0.7720722221495288,4,0.49479873041265,1.9791949216506,0.0,0.0,0.0,0.0,55.57125203039878,0.5935988935866447,False,False,True,False,True,2.060243706859911
2024-11-18 00:00:00+00:00,152.0800159477,152.647627322,149.7896542617,151.8310635905,525110,119.52970279548308,129.10517500156902,139.45969090697494,145.7733569706763,147.24691541778384,151.9203901992767,113.15121299663433,131.47706115076332,146.96855485814854,,146.86740933701898,"rgba(38, 166, 154, 0.5)",6.827449699880474,146.86740933701898,0.7634778489502841,4,0.4941439694860727,1.9765758779442908,0.0,0.0,0.0,0.0,53.239702169077106,0.5935988935866447,False,False,True,False,False,1.903152142939284
2024-11-19 00:00:00+00:00,152.5380882849,152.6526063692,148.4253953444,151.1339969904,526102,119.57217032221881,129.15142098731204,139.49746863759154,145.79610232770196,147.27560406884334,151.86531942425987,113.19289331875385,131.52483827220658,147.0126310832349,,146.84304004347524,"rgba(38, 166, 154, 0.5)",6.614322728164457,146.84304004347524,0.8610175940122583,4,0.493627322599004,1.974509290396016,0.0,0.0,0.0,0.0,52.016717163849506,0.5935988935866447,False,True,False,False,False,2.2197043717494864
2024-11-20 00:00:00+00:00,154.1811738422,154.2010900307,151.6219436105,152.3588425877,527323,119.61747992681795,129.2020373245338,139.5419335307698,145.82760975616804,147.3193018034396,151.97062587310683,113.23691398187661,131.5776508951243,147.0778733335489,,146.8872470497528,"rgba(38, 166, 154, 1.0)",6.33253463430732,146.8872470497528,1.1518179076244461,4,0.4919394129162742,1.9677576516650968,0.0,0.0,0.0,0.0,52.39275614677794,0.5935988935866447,False,False,False,False,False,3.355318326321619
2024-11-21 00:00:00+00:00,155.3462708737,156.1230022281,153.0658672821,154.3504614451,384520,119.65191927435926,129.2411145547597,139.57770794163284,145.85500808728546,147.35867152458954,152.11337729946155,113.27015945961747,131.61866261065182,147.13588517021702,,146.9433522608396,"rgba(38, 166, 154, 1.0)",5.967413539417323,146.9433522608396,1.4081341199760233,4,0.48953431239706496,1.9581372495882599,0.0,0.0,0.0,0.0,53.46162195041889,0.5935988935866447,False,False,True,False,False,4.155154432193267
2024-11-22 00:00:00+00:00,155.7246784566,157.1849399553,155.136586795,155.136586795,402458,119.68908950104301,129.28375111774292,139.61782913952197,145.88721686485897,147.40581232066953,152.30618059314148,113.30587693232553,131.66358812921055,147.20476035340855,,147.01679115238258,"rgba(0, 255, 255, 0.75)",5.693502865451095,147.01679115238258,1.5294428596950391,4,0.48688245211624226,1.947529808464969,0.0,0.0,0.0,0.0,54.446102515546485,0.5935988935866447,False,False,True,False,False,4.416306271267487
2024-11-25 00:00:00+00:00,159.7914818113,161.0075357556,157.369341578,157.8278537209,757254,119.76529928898968,129.37368735398874,139.70821622933568,145.96727541145898,147.52735409814062,152.90869988353077,113.37821682365059,131.75932192389732,147.3800339337116,,147.23265110506267,"rgba(0, 255, 0, 1.0)",5.539641642169771,147.23265110506267,2.2670835980860087,4,0.48044006131402317,1.9217602452560927,0.0,0.0,0.0,0.0,57.69475505759426,0.9288733432621186,True,False,True,False,True,7.1587998516999
2024-11-26 00:00:00+00:00,155.9439668728,159.0738106311,155.6349695591,159.0738106311,477748,119.81019900587143,129.4254390948784,139.75761241874716,146.00796094398447,147.58684571536077,153.1111829550609,113.42126042160572,131.81393507617847,147.465511446349,,147.31418954824994,"rgba(0, 255, 255, 0.75)",5.219337104609929,147.31418954824994,1.6534240175687982,4,0.4779910196726582,1.911964078690633,0.0,0.0,0.0,0.0,56.50945610767191,0.9288733432621186,True,False,True,False,True,4.18847279552493
2024-11-27 00:00:00+00:00,155.6050665933,156.4024790157,154.1500879519,155.5452606616,310751,119.8381677657159,129.4571654451315,139.786792290861,146.03063902386114,147.61896649135446,153.18412433102387,113.4482487894377,131.84721542521672,147.5115754167171,,147.34960203616492,"rgba(0, 255, 255, 0.75)",4.937993268122657,147.34960203616492,1.6718258022805408,4,0.4758899950902429,1.9035599803609715,0.0,0.0,0.0,0.0,55.44951104485688,0.9288733432621186,True,False,True,False,True,3.931983798539836
2024-11-29 00:00:00+00:00,157.4291475097,157.8477890315,155.7844843883,155.7844843883,185163,119.85557759890428,129.47722239844592,139.8059440838072,146.0464517735124,147.6419819688555,153.25605114637585,113.46493963615745,131.86837507105528,147.5444140860299,,147.3800034290857,"rgba(0, 255, 0, 1.0)",4.788920758817865,147.3800034290857,2.098415193467287,4,0.47264250544019654,1.8905700217607861,0.0,0.0,0.0,0.0,56.0076879344376,0.9288733432621186,True,False,True,False,True,5.1741201893062865
2024-12-02 00:00:00+00:00,155.7047431461,158.1119318964,154.6415930338,157.3593739227,419662,119.89405590620008,129.5211438331421,139.84701339318718,146.07930212939118,147.68894261101912,153.3741237659149,113.50196856286516,131.91455091667285,147.6112691435574,,147.4355353028208,"rgba(0, 255, 255, 0.75)",4.705502967403531,147.4355353028208,1.7573483431128494,4,0.470874552510838,1.883498210043352,0.0,0.0,0.0,0.0,54.89543762734105,0.9288733432621186,False,False,True,False,True,3.844777467175799
2024-12-03 00:00:00+00:00,157.5288240625,158.1268833794,156.0087566321,156.2230612207,363919,119.92833878125948,129.56063809549892,139.88478417274536,146.11062061541836,147.73433738383335,153.50547298500604,113.53483034319366,131.95621069688613,147.67555835104633,,147.4937324847479,"rgba(0, 255, 0, 1.0)",4.661922811829834,147.4937324847479,2.152564935714425,4,0.46860884561532223,1.874435382461289,0.0,0.0,0.0,0.0,55.46595644387464,0.9288733432621186,True,False,True,False,True,5.095856057251435
2024-12-04 00:00:00+00:00,161.2866301035,161.7401584188,156.4423496369,157.5387917178,528755,119.98150490622481,129.62319904636004,139.9475627864201,146.16639366242677,147.817405062273,153.80403796928545,113.58532691182897,132.02270390489497,147.79249218030358,,147.61414773197728,"rgba(0, 255, 0, 1.0)",4.770124670980783,147.61414773197728,2.8662735912752386,4,0.46394115461993735,1.8557646184797494,0.0,0.0,0.0,0.0,58.139971479501355,2.8383623946290584,True,False,True,False,True,7.587480344335933
2024-12-05 00:00:00+00:00,164.0875412375,165.0344684892,161.7052716253,162.2036543893,601231,120.04751497943514,129.7029004136428,140.0319743696765,146.246692040194,147.93983496198175,154.30406468886466,113.6473018798959,132.10817116593142,147.9637403584776,,147.8054248945918,"rgba(0, 255, 0, 1.0)",4.880382526698863,147.8054248945918,3.33623773420105,4,0.46041601534504367,1.8416640613801747,0.0,0.0,0.0,0.0,61.32294625189019,6.001091936121739,True,False,True,False,True,9.366752655245307
2024-12-06 00:00:00+00:00,162.8714872932,167.6559618281,162.5525223242,166.021266362,2330247,120.30585771337655,130.0150697026455,140.36376395511866,146.56421171967574,148.4188390273322,155.96363147321605,113.88964838485296,132.44289279760812,148.62407691151995,,149.92748951266805,"rgba(0, 255, 0, 1.0)",4.982996880085515,149.92748951266805,2.597633129625765,4,0.45414869484926035,1.8165947793970414,0.0,0.0,0.0,0.0,62.269714128944315,7.00273258851481,True,False,True,False,True,8.391646619210636
2024-12-09 00:00:00+00:00,158.0172391713,163.6290290945,156.870958814,163.2801611597,698292,120.3742224373528,130.09445630305092,140.44167637559073,146.6318384634343,148.51491777173428,156.1305506480496,113.9548790559181,132.52679814137218,148.7538370627615,,149.9697118353855,"rgba(0, 255, 255, 0.75)",4.957596715251812,149.9697118353855,1.6232718791257552,4,0.451162986989822,1.804651947959288,0.0,0.0,0.0,0.0,58.91982860804452,7.00273258851481,True,False,True,False,False,4.642202969226858
2024-12-10 00:00:00+00:00,158.7050073857,160.5888942338,156.0536110809,158.2863658639,466968,120.41857619778786,130.1454077780356,140.490557673163,146.67299012257445,148.57215686991609,156.20138581401108,113.99738728353105,132.58043229161433,148.830539525544,,149.99032556818685,"rgba(0, 255, 255, 0.75)",4.995809331820541,149.99032556818685,1.7443984024781405,4,0.44822600585706385,1.7929040234282554,0.0,0.0,0.0,0.0,57.13557711729286,7.00273258851481,True,False,True,False,False,5.096601195862494
2024-12-11 00:00:00+00:00,160.8879238922,162.6023606006,159.4226785659,161.5956274172,475451,120.46661715522308,130.20170248106933,140.5470056652915,146.72350562306022,148.6444699086619,156.34527128361916,114.04303498885149,132.64011455112475,148.92754934117266,,150.05908256303115,"rgba(0, 255, 0, 1.0)",5.050701157997035,150.05908256303115,2.1440273321305083,4,0.44323878137593203,1.7729551255037281,0.0,0.0,0.0,0.0,57.3329869927119,7.00273258851481,True,False,True,False,False,6.528793461518671
2024-12-12 00:00:00+00:00,159.0140046994,162.3930398397,158.9591825953,161.2567271376,534415,120.51935142123524,130.26299473438362,140.60746206205272,146.77650362675823,148.7192218217223,156.46913671053414,114.09331174956306,132.7048984352448,149.02719911349618,,150.1216045634094,"rgba(0, 255, 255, 0.75)",5.082686983309164,150.1216045634094,1.7495470732689258,4,0.44043288294208555,1.7617315317683422,0.0,0.0,0.0,0.0,55.96339497093878,11.206063569880847,True,False,True,False,False,5.091397038894165
2024-12-13 00:00:00+00:00,158.4757513142,160.0307055381,157.493937269,159.6419669821,415102,120.55871397170014,130.30811802673998,140.65068122090582,146.81292342823807,148.7692912923486,156.52372981493406,114.13105582054754,132.75234856830318,149.09339229254664,,150.15202506819512,"rgba(0, 255, 255, 0.75)",5.076186335403037,150.15202506819512,1.6397597913127064,4,0.4372816517359166,1.7491266069436664,0.0,0.0,0.0,0.0,54.62354216984885,9.765695784319249,False,False,True,False,False,4.679657250931594
2024-12-16 00:00:00+00:00,159.5223551187,163.0210021224,158.1767216558,158.4757513142,508663,120.60882465440262,130.36627333887367,140.70796056446602,146.8631317369617,148.83960692269866,156.63351399560358,114.17885082167514,132.81377322953549,149.1864032781077,,150.21501634748887,"rgba(0, 255, 255, 0.75)",5.114911503046609,150.21501634748887,1.8196480556246926,4,0.4334959833383658,1.7339839333534632,0.0,0.0,0.0,0.0,54.514194363619524,9.452820622323983,False,False,True,False,False,5.389692619329228
2024-12-17 00:00:00+00:00,157.1301178513,160.4593147151,156.2629318418,158.8844251807,363801,120.64252102381192,130.4045514941329,140.74394486445235,146.89270551756118,148.87937816550198,156.66076980185878,114.2112776676785,132.85388377936493,149.23839827372083,,150.23586202464816,"rgba(38, 166, 154, 1.0)",5.136641102649987,150.23586202464816,1.3421719931133829,4,0.43148180353215465,1.7259272141286186,0.0,0.0,0.0,0.0,52.458452244441794,7.289867842165144,False,False,False,False,False,3.5400574062724175
2024-12-18 00:00:00+00:00,150.8205920583,159.1934224944,150.5714006763,157.4889534414,524727,120.68526756738032,130.4507415263828,140.78231147831724,146.9181363225564,148.90846567558694,156.56999941988892,114.25324362935143,132.9013574607102,149.2747959796453,,151.0708398427728,#000000,5.11718002391697,151.0708398427728,-0.048903455282632693,4,0.4314570411941172,1.7258281647764688,0.0,0.0,0.0,0.0,47.200989928392865,2.2618695490577636,False,True,False,True,False,0.0
2024-12-19 00:00:00+00:00,154.638204031,155.1764574162,152.2853390019,152.7443495276,540599,120.72986623448348,130.4991729617435,140.8231546381968,146.94611881813617,148.94128822723212,156.49646173822057,114.29693995685902,132.95123118386613,149.316028987692,,151.06153533361157,"rgba(38, 166, 154, 0.5)",5.074375302954485,151.06153533361157,0.7048490669001063,4,0.43063495603976165,1.7225398241590466,0.0,0.0,0.0,0.0,46.61527736036079,1.7437363881637395,False,True,False,True,False,1.6026767469558578
2024-12-20 00:00:00+00:00,159.3230020131,160.9776327898,153.6165193647,153.7610503662,1832996,120.89798324393406,130.6891573111738,141.00052686739625,147.0912167752259,149.1332374344375,156.62855403476397,114.4590046002712,133.14986982710815,149.5630972720818,,151.31937933570168,"rgba(0, 255, 255, 0.75)",5.072336042904056,151.31937933570168,1.5778967737350482,5,0.4381369812665743,2.1906849063328715,0.0,0.0,0.0,0.0,49.08609081805929,1.7437363881637395,False,True,False,False,False,4.663384710405545
2024-12-23 00:00:00+00:00,157.050376609,158.2464952427,154.8475247919,156.7912175717,556632,120.94701430677992,130.7436960933217,141.04972855491962,147.12952078207803,149.18185767133548,156.63083599363836,114.50656601496873,133.2065437741111,149.62455124437176,,151.34374768179816,"rgba(38, 166, 154, 1.0)",4.974906800221141,151.34374768179816,1.147082579908468,5,0.4401938348904128,2.200969174452064,0.0,0.0,0.0,0.0,49.338373473147996,1.7437363881637395,False,True,False,False,True,3.0522276179396535
2024-12-24 00:00:00+00:00,158.0870127582,158.3760747614,156.4872040856,157.2098590935,156490,120.96113442039207,130.75953853939222,141.06432811492812,147.1412800343536,149.1970977662655,156.63836192019738,114.5202138950699,133.22305983748717,149.6438925453167,,151.35596746653886,"rgba(38, 166, 154, 1.0)",4.912816368325558,151.35596746653886,1.3700991014152812,4,0.4878091442001047,1.9512365768004187,0.0,0.0,0.0,0.0,50.13202145461453,1.7437363881637395,False,True,False,False,True,3.7231924980666378
2024-12-26 00:00:00+00:00,158.9741340783,159.6519346374,157.0404089537,157.4092121991,302628,120.98908287855255,130.79115232473544,141.09402598268355,147.1658990629778,149.2295548551979,156.6653511991561,114.54713588635181,133.2561176800782,149.68523249715386,,151.38867366849541,"rgba(0, 255, 255, 0.75)",4.784079710773349,151.38867366849541,1.5855631319693049,4,0.4990954567905481,1.9963818271621925,0.0,0.0,0.0,0.0,51.2085884344274,1.7437363881637395,False,False,False,False,True,4.2989490620349216
2024-12-27 00:00:00+00:00,157.9474655843,158.9939697123,156.3970964819,157.7780154445,285008,121.0148232020146,130.8200294786438,141.12066384819516,147.18741472949816,149.25739066035285,156.67992976082223,114.57201377272101,133.28621949605272,149.72044096542942,,151.41073481860673,"rgba(38, 166, 154, 1.0)",4.688717272617846,151.41073481860673,1.3941405262091293,4,0.516591669777434,2.066366679109736,0.0,0.0,0.0,0.0,51.187981360497105,1.7437363881637395,False,False,False,False,True,3.549648519677863
2024-12-30 00:00:00+00:00,157.6484359259,158.0371744818,153.69645996,155.1664897609,399240,121.04952854434514,130.85840317881318,141.15489279620903,147.21367325060996,149.29009250644063,156.67598359607095,114.60575245249217,133.32599840370256,149.76126197490464,,151.4236082400808,"rgba(38, 166, 154, 1.0)",4.582758825305041,151.4236082400808,1.3583144832861382,4,0.541453725629552,2.165814902518208,0.0,0.0,0.0,0.0,50.950489092169704,1.7437363881637395,False,False,False,False,True,3.3296737421642106
2024-12-31 00:00:00+00:00,156.4722526027,158.4558160036,155.9040962517,157.5188564072,264162,121.07276736011258,130.88420869872564,141.17816953384084,147.2318698549995,149.31301494554603,156.6791386093038,114.62830365993976,133.3527919697785,149.7899301861876,,151.43646712244544,"rgba(38, 166, 154, 1.0)",4.468372329136843,151.43646712244544,1.126984304199047,4,0.563542812587877,2.254171250351508,0.0,0.0,0.0,0.0,49.888093475794676,1.7437363881637395,False,True,False,False,True,2.459040131667802
2025-01-02 00:00:00+00:00,155.8044196989,157.7879830998,154.4587862359,157.7879830998,300182,121.0984569379088,130.91243013408703,141.20298668392417,147.25049948216162,149.33575284996647,156.67040079421113,114.65333996777886,133.38197181023654,149.81804559523925,,151.44246859172347,"rgba(38, 166, 154, 1.0)",4.316863093611381,151.44246859172347,1.0104446243921616,4,0.5847258355530743,2.3389033422122973,0.0,0.0,0.0,0.0,48.662861173219554,1.7437363881637395,False,True,False,False,False,1.9634072430557588
2025-01-03 00:00:00+00:00,156.1732229443,156.9606677115,153.4919236737,156.2629318418,278757,121.12195502252733,130.93808569611895,141.22522157218762,147.26679504984685,149.3552384366581,156.65673819287107,114.67629549872682,133.40843440708704,149.84194415928536,,151.44443605346527,"rgba(38, 166, 154, 1.0)",4.251810132574567,151.44443605346527,1.1121820456200238,4,0.6141581906474183,2.456632762589673,0.0,0.0,0.0,0.0,48.19284726703963,1.7437363881637395,False,True,False,False,False,2.225808698682986
2025-01-06 00:00:00+00:00,153.2128293258,158.520605763,153.0035085649,158.0272068266,486147,121.16211039484348,130.98155913877054,141.26213613368324,147.2929107948705,149.38550097792137,156.62066659397289,114.71565204180351,133.45312524568246,149.8785972822599,,151.44017671908628,#000000,4.179050995886422,151.44017671908628,0.42417587353171476,4,0.643915366384503,2.575661465538012,0.0,0.0,0.0,0.0,45.58176547076326,-0.5651330521653222,False,True,False,True,False,0.01820529568616891
2025-01-07 00:00:00+00:00,152.5948346984,155.774516733,151.9170341392,154.1996271986,450848,121.19763173677514,131.01924470707635,141.29249149936976,147.31228667955602,149.40581842377927,156.5606084610652,114.75073765991614,133.4915516126037,149.90223930366292,,151.4191710554561,#000000,4.183193392004006,151.4191710554561,0.28104453530432827,3,0.8331128007792402,2.4993384023377208,0.0,0.0,0.0,0.0,43.40499250064268,-2.6834904089432428,False,True,False,True,False,0.0
2025-01-08 00:00:00+00:00,151.8472605523,152.8639613909,151.3389101329,151.8173575864,469377,121.23291338502993,131.05588106731372,141.3202755046254,147.32770215958595,149.41940619705073,156.4733070232023,114.78586661553173,133.52857811384075,149.916798081586,,151.3819811872591,#000000,4.194588565561379,151.3819811872591,0.11092371939907854,3,0.8508313940183472,2.5524941820550415,0.0,0.0,0.0,0.0,41.415599819041034,-4.575187221434959,False,True,False,True,False,0.0
2025-01-10 00:00:00+00:00,150.5813683316,152.3605947993,149.5148292165,149.5148292165,453129,121.26557488059527,131.0891139901821,141.34397322096717,147.33871139781223,149.42640241680905,156.37034046964212,114.81862775376885,133.5618760609388,149.9227549279608,,151.8087408310367,#000000,4.1990769350984625,151.8087408310367,-0.29229578748070806,3,0.8669008315989316,2.6007024947967947,-1.0,0.0,149.51483,781.0,39.19700340300689,-6.652423275904482,False,True,False,True,False,0.0
2025-01-13 00:00:00+00:00,151.8970988287,152.6446729748,149.5148292165,149.5148292165,554220,121.30614416712173,131.130703921543,141.37441981057526,147.35413158248835,149.43810567160799,156.26100832819066,114.85920920606308,133.60368181409672,149.93420690662774,,152.05681518269853,#000000,4.2091607194612655,152.05681518269853,-0.03794494072418678,4,0.7158858679877197,2.8635434719508788,0.0,0.0,0.0,0.0,39.36147109604456,-6.652423275904482,False,True,False,True,False,0.0
2025-01-14 00:00:00+00:00,153.4420853973,154.000274093,151.6279721361,153.0533468413,410023,121.33775333707743,131.16389717217646,141.40057878557292,147.37020066935887,149.45415304314744,156.2096506884241,114.89054648413166,133.63738475084813,149.95240909960916,,152.10397935319966,#000000,4.206541309919314,152.10397935319966,0.31810124886803853,4,0.731307408981293,2.925229635925172,0.0,0.0,0.0,0.0,41.25903651989994,-6.652423275904482,False,True,False,True,True,0.2787724697054266
2025-01-15 00:00:00+00:00,154.2195625092,157.369341578,153.9105651955,157.1002148854,390075,121.36979617684457,131.19846895196932,141.42992480648493,147.3911668416855,149.47837348950895,156.1941420832368,114.92198421616523,133.6728720754355,149.98147357615795,,152.19226130247307,#000000,4.1952104328672455,152.19226130247307,0.4832418395139585,5,0.6474025430028881,3.2370127150144405,0.0,0.0,0.0,0.0,43.38345172281721,-10.89312969176681,False,True,False,True,True,0.8731920577353165
2025-01-16 00:00:00+00:00,154.4687538912,156.1931582548,153.4121824314,154.638204031,336478,121.39699966015577,131.2276210254366,141.45426621069444,147.40806222810124,149.4973701997631,156.17511419799987,114.94874325783108,133.70271492870148,150.00401186692528,,152.2287584717178,"rgba(38, 166, 154, 0.5)",4.177832193120273,152.2287584717178,0.5361621328809826,5,0.6571406112468138,3.2857030562340688,0.0,0.0,0.0,0.0,45.083796554096814,-9.277403871307357,False,True,False,True,True,1.0655522833580768
2025-01-17 00:00:00+00:00,155.4854547299,157.299567991,155.2861016243,155.7047431461,360182,121.42723370508388,131.2605141315773,141.48283624229933,147.42935401266752,149.52272939507606,156.1730895116,114.97830646654373,133.7365882711965,150.0346901494095,,152.2888247334318,"rgba(38, 166, 154, 0.5)",4.166583010026316,152.2888247334318,0.767206602814812,5,0.6598208487165468,3.299104243582734,0.0,0.0,0.0,0.0,47.38614734710988,-7.104534390075926,False,True,False,False,True,1.8557832784161405
2025-01-21 00:00:00+00:00,155.6549048697,157.1400855065,152.9935409096,155.8642256306,377919,121.45820348250736,131.29387580215985,141.5111306969868,147.44961364499625,149.54603691972298,156.16049450046427,115.0087056293267,133.77080975050603,150.06249787165717,,152.32043669124238,"rgba(38, 166, 154, 0.5)",4.117550091897943,152.32043669124238,0.809818485273275,5,0.6654742283503483,3.3273711417517413,0.0,0.0,0.0,0.0,49.11827980715792,-5.481922719958426,False,False,False,False,True,1.988498635495656
2025-01-22 00:00:00+00:00,154.3491420278,156.1233846679,153.6414385029,155.9738698387,514262,121.49956100317804,131.3380710251313,141.54789164029313,147.47505710294496,149.57438356464638,156.13358920194202,115.04942578374104,133.81599810366012,150.09585515233948,,152.33871228017534,#000000,4.083115000988733,152.33871228017534,0.49237646922456046,5,0.6693679550119632,3.346839775059816,0.0,0.0,0.0,0.0,48.61514317289749,-5.481922719958426,False,False,False,False,True,0.905542236184079
2025-01-23 00:00:00+00:00,155.0269425869,155.7446137672,152.5748993878,153.9205328507,525167,121.54136487129131,131.38253927115585,141.58449540536213,147.4999435976944,149.60158396629038,156.10238176338967,115.09065556556033,133.86138106085832,150.12756495560023,,152.34700138884335,"rgba(38, 166, 154, 0.5)",4.037517882921346,152.34700138884335,0.6637595859061726,5,0.6764023396242688,3.3820116981213437,0.0,0.0,0.0,0.0,49.17458532150157,-5.3281219035381895,False,False,False,False,True,1.453514512940984
2025-01-24 00:00:00+00:00,154.2694007856,156.2414017064,152.8739290462,155.0269425869,409201,121.57387686481674,131.41708881631476,141.61290090864424,147.51924732368238,149.62262377225704,156.07903696683735,115.12273172588534,133.89662635386415,150.1520262707199,,152.35277526809855,#000000,4.033380691926859,152.35277526809855,0.47519082970217186,5,0.6798479771615512,3.399239885807756,0.0,0.0,0.0,0.0,48.55402476119113,-5.3281219035381895,False,True,False,False,True,0.8140723162118704
2025-01-27 00:00:00+00:00,155.4655194193,155.8941285964,151.5083602727,152.5051258008,336661,121.60043743438807,131.4452243419141,141.63586508281253,147.5346569048015,149.63918639556132,156.0583300375218,115.14896713448482,133.92529122135502,150.17114908721496,,152.35460248760933,"rgba(38, 166, 154, 0.5)",4.020066757237895,152.35460248760933,0.7738470825365382,5,0.6798299837517117,3.3991499187585585,0.0,0.0,0.0,0.0,49.779329321787785,-4.476641650565206,False,False,False,False,True,1.8004737299629738
2025-01-28 00:00:00+00:00,157.5487593731,159.3927756001,154.7179452732,155.2661663137,491808,121.64263222549404,131.49145831554955,141.67699771872586,147.5667539336074,149.67828676961122,156.0776353535539,115.19009454007183,133.9730266647992,150.21842301793617,,152.41589296581031,"rgba(38, 166, 154, 1.0)",4.018363942821708,152.41589296581031,1.2773522956921075,5,0.6809601495710192,3.4048007478550963,0.0,0.0,0.0,0.0,53.01139733543159,-1.3175840044776095,True,False,True,False,True,3.4902772590155884
2025-01-29 00:00:00+00:00,156.9407324009,159.0140046994,156.3725760499,158.1468186899,346696,121.67250281294392,131.52423216227658,141.70627701904127,147.5897717748904,149.70641523147955,156.093441388606,115.21919198032816,134.00688108817857,150.25241664215952,,152.45815375869236,"rgba(38, 166, 154, 1.0)",4.022398345329335,152.45815375869236,1.114404456588108,5,0.6858828010529742,3.4294140052648707,0.0,0.0,0.0,0.0,54.24552855671553,-0.1167492141061075,True,False,True,False,True,2.954325581971087
2025-01-30 00:00:00+00:00,158.5853955223,160.2001556778,157.8278537209,158.4956866248,427879,121.71076900265756,131.56678980574802,141.74553000161518,147.622129923742,149.74721012977506,156.13258367556432,115.25626097005417,134.05106745863648,150.30218104502674,,152.5292460286628,"rgba(38, 166, 154, 1.0)",4.042552017350228,152.5292460286628,1.4981005730154597,5,0.6897594943755792,3.4487974718778958,0.0,0.0,0.0,0.0,56.81980416248578,2.34105528557248,True,False,True,False,True,4.287039172440242
2025-01-31 00:00:00+00:00,157.7182095128,160.7334252354,157.299567991,159.6120640163,497260,121.7547981197552,131.61556325516398,141.79016115496768,147.65854770655721,149.7926869234582,156.1720784589076,115.29897835876676,134.10162945391264,150.35738192092126,,152.6000428983744,"rgba(38, 166, 154, 1.0)",4.055044533452513,152.6000428983744,1.2621727263912281,5,0.703451112628404,3.5172555631420197,0.0,0.0,0.0,0.0,57.1773147954552,2.712300344256164,True,False,True,False,True,3.505700462721329
2025-02-03 00:00:00+00:00,156.3626083946,157.1375935927,152.8440260804,154.4986568571,482581,121.79379760631025,131.65724477550717,141.82520386711323,147.68358222379678,149.8207925877134,156.1609314613393,115.33735690106658,134.1442406705111,150.39010073615017,,152.61197905844227,"rgba(38, 166, 154, 0.5)",4.039911903071307,152.61197905844227,0.9283938427732379,5,0.7157657306264001,3.5788286531320006,0.0,0.0,0.0,0.0,55.45481315215582,2.712300344256164,True,False,True,False,True,2.290750904526117
2025-02-04 00:00:00+00:00,157.2497297146,158.165757235,156.1582714614,157.3394386122,270312,121.81673274066068,131.68223456330804,141.84725581316252,147.70066727068294,149.84125297261724,156.16974106453824,115.35975500254577,134.1699815127497,150.41449779424045,,152.63426650416721,"rgba(38, 166, 154, 1.0)",4.019478717997939,152.63426650416721,1.1482740758810868,5,0.7387027908044927,3.693513954022464,0.0,0.0,0.0,0.0,55.39681197360871,2.712300344256164,True,False,True,False,True,3.0344660555655416
2025-02-05 00:00:00+00:00,158.0471421371,159.8562715706,157.6085653048,157.6085653048,496790,121.86036776274383,131.73039139363465,141.89107236717376,147.7362283654607,149.885224537986,156.20585438254537,115.40214649566002,134.2198284877816,150.46748001347382,,152.69425619626222,"rgba(38, 166, 154, 1.0)",4.025067581935916,152.69425619626222,1.3298872209900212,5,0.7543293526666602,3.771646763333301,0.0,0.0,0.0,0.0,56.2993157871599,2.712300344256164,True,False,True,False,True,3.7033640791294538
2025-02-06 00:00:00+00:00,165.8019779458,166.1010076042,158.4159453825,158.4159453825,1021931,121.96184866232109,131.84707351963812,142.00704933692123,147.84184436353368,150.0252912980549,156.42896908988664,115.49904300004296,134.34243826610006,150.63992786094025,,152.9572782601258,"rgba(0, 255, 0, 1.0)",4.189770961437601,152.9572782601258,3.065728366513594,5,0.7462380888553273,3.7311904442766366,0.0,0.0,0.0,0.0,62.530886248446876,7.977198512836964,True,False,True,False,True,9.724127729557779
2025-02-07 00:00:00+00:00,163.4894819206,167.4764443565,163.0010668118,166.4997138155,442513,122.0069218296909,131.8992673199333,142.05971025435156,147.89066950120755,150.09046539986656,156.53739430713134,115.54194080396275,134.39741714377803,150.72014606701538,,153.07707907384093,"rgba(0, 255, 0, 1.0)",4.286091208440101,153.07707907384093,2.4293470064881366,5,0.7481100112967893,3.7405500564839467,0.0,0.0,0.0,0.0,63.76567654669533,9.01657556456248,True,False,True,False,True,7.6016002873493065
2025-02-10 00:00:00+00:00,161.8647541098,167.5562852753,161.2965977588,167.4566087225,709646,122.07717541238816,131.97986703710112,142.13962810420747,147.96335923481328,150.18609685471998,156.6830107848865,115.60906505481768,134.48202893186888,150.83703919210896,163.57254571463332,154.01667616821732,"rgba(0, 255, 255, 0.75)",4.323020303744943,154.01667616821732,1.815415471165856,5,0.7605002812531855,3.8025014062659275,0.0,0.0,0.0,0.0,62.76099911363251,9.01657556456248,True,False,True,False,True,6.144205328666608
2025-02-11 00:00:00+00:00,158.3661071061,160.1752365396,153.5716649159,158.8545222149,941593,122.15614893795427,132.06531076360605,142.21433682130439,148.02086541391833,150.2530881071086,156.70140052084076,115.68636139435883,134.56976898752347,150.91494921642067,160.03621369552656,153.87808501380528,"rgba(38, 166, 154, 1.0)",4.327980659842764,153.87808501380528,1.0369783150689444,5,0.768897430577007,3.844487152885035,0.0,0.0,0.0,0.0,58.77106911581674,13.866590277899498,True,False,True,False,False,3.115752195654043
2025-02-12 00:00:00+00:00,161.5856597619,163.290128815,157.8378213762,159.8612553983,1200373,122.26636688356072,132.18850078675518,142.33047952961962,148.12048737543626,150.37820816080884,156.83990575097135,115.79280529430727,134.69783589662038,151.06452633941345,160.40173026337328,154.04765642586648,"rgba(0, 255, 255, 0.75)",4.272505188193266,154.04765642586648,1.7643052504334447,5,0.7711194909300102,3.855597454650051,0.0,0.0,0.0,0.0,58.445893019863,13.606770552686264,True,False,True,False,False,5.549675858026241
2025-02-13 00:00:00+00:00,146.9033035329,152.2160637977,139.7193153421,150.4318535024,3700409,122.47509960858373,132.37164262880844,142.40470736650883,148.07762713020855,150.23497495505472,155.8660679591366,116.01244572410131,134.86889722940472,150.853404833002,152.42590072231647,152.90744104148104,"rgba(239, 83, 80, 1.0)",4.373124298326512,152.90744104148104,-1.3729629205551455,5,0.7571360190120447,3.785680095060224,0.0,0.0,0.0,0.0,50.2036221193378,5.953384219862876,False,False,False,False,False,0.0
2025-02-14 00:00:00+00:00,142.2882791377,147.0727536726,142.2783114824,146.5743709086,1575509,122.55402490465163,132.43497467713746,142.416418366277,148.03642382752764,150.14180222246864,155.4132339708976,116.09766494578744,134.9252084115981,150.7248168077783,150.7692488417697,152.49682535382834,"rgba(255, 26, 202, 1.0)",4.639425563640287,152.49682535382834,-2.2003901293586665,6,0.8316276820807378,4.989766092484427,0.0,0.0,0.0,0.0,43.29368426464322,-0.13149347771771147,False,True,False,True,False,0.0
2025-02-18 00:00:00+00:00,145.5177994488,146.5644032533,141.0622575381,142.2683438271,1236018,122.61698423423344,132.48633083073165,142.4285820495267,148.00849466149867,150.07630187708807,155.09567986103136,116.16535789737856,134.97134307935278,150.6343632210236,149.92604400860364,152.23352863280337,"rgba(239, 83, 80, 1.0)",4.784822583915512,152.23352863280337,-1.403548212336803,6,0.8165062812997302,4.899037687798382,0.0,0.0,0.0,0.0,40.764090520743174,-2.0599632521202267,False,True,False,True,False,0.0
2025-02-19 00:00:00+00:00,146.4148884241,147.0427510302,141.6902198208,143.3946888739,804073,122.65899757699104,132.52136574359648,142.4390927305104,147.99385703304577,150.03938903534902,154.9110096150521,116.2102589634982,135.00322713594642,150.58303003728125,149.54038161024178,152.08969148742466,"rgba(239, 83, 80, 1.0)",4.898742089948122,152.08969148742466,-1.158420459605119,6,0.8026101435220175,4.8156608611321055,0.0,0.0,0.0,0.0,39.64106222460195,-2.8712904955190766,False,True,False,True,False,0.0
2025-02-20 00:00:00+00:00,145.2885433773,146.2255029737,143.2551417,146.2255029737,831521,122.70203589160832,132.55702870430736,142.4493525418086,147.97822887572755,150.00083073676882,154.7246882757186,116.2563435955684,135.0355764661113,150.52973923039167,149.19131823319432,151.9478750946116,"rgba(239, 83, 80, 1.0)",5.033991387704631,151.9478750946116,-1.322873085078535,6,0.7865898947861231,4.719539368716738,0.0,0.0,0.0,0.0,38.45569128657746,-3.9494116598559614,False,True,False,True,False,0.0
2025-02-21 00:00:00+00:00,139.567109246,146.0062145576,139.0786941372,145.7669908308,1281008,122.75800107571241,132.59669584221047,142.44367027059883,147.92822659628862,149.90384901400614,154.35666257578256,116.31873284808253,135.06814392621618,150.40136022671152,148.39428170504402,151.65190769078373,"rgba(255, 26, 202, 1.0)",5.214903087712006,151.65190769078373,-2.317358202352679,6,0.7494057859313008,4.496434715587805,0.0,0.0,0.0,0.0,35.69634836634128,-6.615299689832916,False,True,False,True,False,0.0
2025-02-24 00:00:00+00:00,137.5636105345,141.3513195413,136.8957776306,141.022386917,853492,122.78928600065366,132.6142960142999,142.4275607925265,147.880144961524,149.8180951707735,154.0688138056749,116.35529490010047,135.07987960784197,150.29003499377316,147.7580305595442,151.41599182274408,"rgba(255, 26, 202, 1.0)",5.460684704818575,151.41599182274408,-2.536748052129906,6,0.7097598720861208,4.258559232516725,0.0,0.0,0.0,0.0,33.26009983072359,-8.997193616575395,False,True,False,True,False,0.0
2025-02-25 00:00:00+00:00,138.1217992302,139.2581119322,134.8937740674,139.17837069,929812,122.82069765256306,132.62960157105454,142.4048001434081,147.82173895921676,149.7164750799905,153.74395236803204,116.3928864880577,135.08832808862388,150.15912504192394,147.07482831726426,151.15124299337356,"rgba(255, 26, 202, 1.0)",5.617294276302477,151.15124299337356,-2.3195230875014885,6,0.6781146943443844,4.068688166066306,0.0,0.0,0.0,0.0,32.06213024022645,-10.272661333720563,False,True,False,True,False,0.0
2025-02-26 00:00:00+00:00,139.3677561403,141.9643303411,138.9989528949,139.1684030347,598415,122.84454740487952,132.64488932886331,142.39810174284432,147.79411468991884,149.66604909538736,153.57481851933244,116.42008958456854,135.09994723710398,150.09374687921158,146.79057735230523,151.02087680193796,"rgba(255, 26, 202, 1.0)",5.722370069360349,151.02087680193796,-2.0364150728442056,6,0.6568915406750812,3.941349244050487,0.0,0.0,0.0,0.0,32.248099404411654,-10.33793533897142,False,True,False,True,False,0.0
2025-02-27 00:00:00+00:00,138.7397938576,140.8629044325,136.6565539039,140.2648451156,504435,122.86302417164507,132.65539362757434,142.38915372677215,147.76689587464415,149.61797246726704,153.42142621624004,116.44166107620758,135.10705803786496,150.0318903832107,146.52324834936888,150.90102810719048,"rgba(255, 26, 202, 1.0)",6.016054494105224,150.90102810719048,-2.0214634461018517,6,0.6349386176206843,3.8096317057241054,0.0,0.0,0.0,0.0,32.12467053092149,-10.831496375574027,False,True,False,True,False,0.0
2025-02-28 00:00:00+00:00,140.6436160163,141.6514205724,138.508267749,139.1668331025,875754,122.89804815015077,132.67805345275065,142.38015094623447,147.72790392695381,149.54700157652343,153.1892625768295,116.48154846081415,135.12443899960684,149.94029705670243,146.1817546433057,150.726333298639,"rgba(255, 0, 0, 1.0)",6.232256694399345,150.726333298639,-1.6178276628752928,6,0.6205039612276063,3.723023767365638,0.0,0.0,0.0,0.0,33.64393067402381,-10.831496375574027,False,True,False,True,False,0.0
2025-03-03 00:00:00+00:00,139.5759418827,143.2579209043,138.154039415,141.4718118396,631275,122.92329652239957,132.6944357285635,142.3738963262937,147.70027743913752,149.49684261724505,153.02770282051543,116.51029215701536,135.13704440819365,149.87574520059462,145.9601728011151,150.6061741042451,"rgba(255, 0, 0, 1.0)",6.470347140657858,150.6061741042451,-1.7047357710120683,6,0.6031678653447444,3.6190071920684668,0.0,0.0,0.0,0.0,34.14694931544318,-10.831496375574027,False,True,False,True,False,0.0
2025-03-04 00:00:00+00:00,136.9516587317,138.6978547447,133.7785711196,136.8019847878,902521,122.9513038670545,132.7059763194918,142.34829212252572,147.64067559770874,149.39632616248116,152.73566237318744,116.54463778676484,135.14166460674176,149.74829975862602,145.4731614916933,150.3774047825671,"rgba(255, 0, 0, 1.0)",6.771484405249134,150.3774047825671,-1.9826887647352043,6,0.5816570617665554,3.4899423705993327,0.0,0.0,0.0,0.0,33.29517069559756,-10.831496375574027,False,True,False,True,False,0.0
2025-03-05 00:00:00+00:00,139.5659636197,139.9401484797,137.275952277,139.4362462016,583533,122.97262168479489,132.71822789563998,142.33871682815052,147.61086259769874,149.34433268547576,152.5799140993869,116.56950483869392,135.15009156176916,149.68216352209012,145.26281880662282,150.26082168072858,"rgba(255, 0, 0, 1.0)",6.970484003177622,150.26082168072858,-1.5343063775991936,6,0.5679829933925324,3.4078979603551947,0.0,0.0,0.0,0.0,35.00587827772896,-10.831496375574027,False,True,False,True,False,0.0
2025-03-06 00:00:00+00:00,136.7321369473,138.8974200033,135.2653322964,137.1113109386,611601,122.99216325744129,132.72697507095396,142.32299817483525,147.57282155097508,149.28022776511682,152.39747323285098,116.5932263480066,135.15431593417915,149.60121751754218,144.99245600745468,150.12086710385248,"rgba(255, 0, 0, 1.0)",7.223220744743344,150.12086710385248,-1.8535679068504225,6,0.5498262096489795,3.2989572578938775,0.0,0.0,0.0,0.0,34.78266638131907,-10.831496375574027,False,True,False,True,False,0.0
2025-03-07 00:00:00+00:00,135.4349627662,137.2460174882,133.139962292,136.5724847404,1256802,123.02730910744408,132.7377087865263,142.28087872415864,147.48316802373648,149.1327499763799,151.99598108256612,116.63776708944918,135.15488399918385,149.4162346782914,144.38257254301115,149.80928536340915,"rgba(255, 0, 0, 1.0)",7.510695983837212,149.80928536340915,-1.913846949489403,6,0.5311229823986828,3.186737894392097,0.0,0.0,0.0,0.0,34.05153257377103,-10.890728381730852,False,True,False,True,False,0.0
2025-03-10 00:00:00+00:00,129.4280484816,133.9681581153,128.1608090893,133.2397449213,1311477,123.04961410663624,132.72799330832976,142.2079993658217,147.35510412554214,148.93045905067092,151.48306598260717,116.67221902140864,135.13196917571716,149.1650235785785,143.53054001206118,149.39907403760986,"rgba(255, 26, 202, 1.0)",8.002478949908017,149.39907403760986,-2.4956048845638534,6,0.502474833224749,3.0148489993484935,0.0,0.0,0.0,0.0,31.328221068486126,-13.748833825482194,False,True,False,True,False,0.0
2025-03-11 00:00:00+00:00,126.8137435936,129.4591806619,123.850199503,129.1586353824,1355616,123.06083735092913,132.70086662561766,142.10935524235174,147.19523674061543,148.6835909419584,150.88619899717642,116.69789855844904,135.0891459879509,148.86062154454558,142.5256747148931,148.91611964957494,"rgba(255, 26, 202, 1.0)",8.556637043766068,148.91611964957494,-2.5830680842162885,6,0.47322402835526156,2.8393441701315694,0.0,0.0,0.0,0.0,28.73884216841568,-16.352786527427114,False,True,False,True,False,0.0
2025-03-12 00:00:00+00:00,124.5087648564,128.5499613436,121.8545469167,127.6519176798,2054068,123.06967666328966,132.6484499368546,141.94567038456688,146.9375261349237,148.29106056043068,149.97352021530097,116.72985212138157,135.01180850315492,148.3798418947582,141.06871160634844,148.17995978886472,"rgba(255, 26, 202, 1.0)",9.155670890081737,148.17995978886472,-2.5854134794324604,6,0.44488491037602945,2.6693094622561766,0.0,0.0,0.0,0.0,26.3840792158223,-18.657783577054914,False,True,False,True,False,0.0
2025-03-13 00:00:00+00:00,120.5673509986,125.3918411259,119.0406767701,124.428938753,2067646,123.06317169927154,132.57399658481185,141.75256462049063,146.64595176264123,147.8546847583731,149.00437447321107,116.74897112735142,134.9099141057088,147.84942667094018,139.57274808155051,147.39600785233097,"rgba(255, 26, 202, 1.0)",9.86008104772973,147.39600785233097,-2.7209367472601276,6,0.4150638819199568,2.490383291519741,0.0,0.0,0.0,0.0,23.868949372022296,-21.066485645898894,False,True,False,True,False,0.0
2025-03-14 00:00:00+00:00,121.9443512831,123.2115906754,120.6172423133,122.3833948521,1376680,123.05966718756862,132.52613976553184,141.62764164973262,146.45748375584589,147.57476683714702,148.40082473408447,116.7622820035543,134.84423313123332,147.51115788607885,138.71097755893712,146.91186233454718,"rgba(255, 26, 202, 1.0)",10.439390542546501,146.91186233454718,-2.3916636655837573,6,0.39287547050554633,2.357252823033278,0.0,0.0,0.0,0.0,23.48738131368757,-21.48303054959957,False,True,False,True,False,0.0
2025-03-17 00:00:00+00:00,126.2050695548,126.7937870677,121.8046556021,121.8046556021,1341284,123.06527172635016,132.49304675551963,141.52579946457243,146.29879794271042,147.33912700198658,147.9020920152668,116.78270886961607,134.7956377658995,147.22775532208405,138.08533211729306,146.51916010844158,"rgba(255, 0, 0, 1.0)",10.825361043747954,146.51916010844158,-1.8765277639745526,6,0.37901597982044266,2.274095878922656,0.0,0.0,0.0,0.0,26.842175910966183,-21.48303054959957,False,True,False,True,True,0.0
2025-03-18 00:00:00+00:00,121.9443512831,126.1202543199,121.7447860245,125.2072432616,1003386,123.06572807943918,132.46306767956708,141.44285925298166,146.17247875234608,147.1531709932992,147.5165919212175,116.79481617162352,134.753510554966,147.00486969837428,137.59853775913516,146.21386240664725,"rgba(255, 26, 202, 1.0)",11.284997005398523,146.21386240664725,-2.1505996955016635,6,0.3625015924097969,2.1750095544587813,0.0,0.0,0.0,0.0,27.585158353798356,-21.48303054959957,False,True,False,True,True,0.0
2025-03-19 00:00:00+00:00,125.4267650461,126.9549360141,122.68274274,122.68274274,829965,123.06933103202199,132.44311388590876,141.38137954464997,146.0769463235563,147.01263551231642,147.2291080358209,116.80749687017062,134.7241763565782,146.83699339031844,137.26576085349618,145.98867073156168,"rgba(255, 0, 0, 1.0)",11.632725296260684,145.98867073156168,-1.7675914424001111,6,0.35142351964395596,2.108541117863736,0.0,0.0,0.0,0.0,30.61487228230394,-24.63858435127392,False,True,False,True,True,0.0
2025-03-20 00:00:00+00:00,123.6506342444,126.1352217142,122.2636556969,122.2636556969,742387,123.07088925377619,132.42295144832667,141.3234216620197,145.98817888015492,146.88275709145452,146.96675661276612,116.8174227042578,134.69538466803564,146.6821709668193,136.95943931681578,145.78228053793796,"rgba(255, 0, 0, 1.0)",12.009095412336713,145.78228053793796,-1.842907024520977,6,0.3401638505106641,2.0409831030639847,0.0,0.0,0.0,0.0,31.94119689370663,-23.35258948387791,False,True,False,True,True,0.0
2025-03-21 00:00:00+00:00,121.3256989814,122.0840469641,115.8725782894,121.0263510934,1518030,123.05979151392444,132.3613020478895,141.17725814314073,145.7741432464656,146.57311010862998,146.35221483469095,116.82568618025401,134.61371991909994,146.31381044385748,136.18306744356556,145.2905264515337,"rgba(255, 0, 0, 1.0)",12.412631553826484,145.2905264515337,-1.9306806430378571,6,0.3282580389330691,1.9695482335984145,0.0,0.0,0.0,0.0,31.954644231361815,-23.22121990276573,False,True,False,True,True,0.0
2025-03-24 00:00:00+00:00,123.4211341969,124.4139713586,122.1888187249,123.0419602056,1041456,123.06043755225367,132.33127317275046,141.09469642099558,145.64924659781147,146.39255886216037,146.001056752319,116.83821186028665,134.5715898692856,146.10016846872145,135.797310008793,145.01427637621413,"rgba(255, 0, 0, 1.0)",12.740726640091037,145.01427637621413,-1.6948124537392821,6,0.3193005162102209,1.9158030972613251,0.0,0.0,0.0,0.0,33.54279372671492,-21.539751748121148,False,True,False,True,True,0.0
2025-03-25 00:00:00+00:00,125.4367433091,125.8957434039,123.8801342918,124.6285040116,637907,123.0632595131974,132.31649825446723,141.04939253485412,145.57930821712102,146.29154218100695,145.80722818440404,116.84789443981929,134.54989011361158,145.9810572776188,135.60351459371245,144.86331560302168,"rgba(239, 83, 80, 1.0)",12.980463027846268,144.86331560302168,-1.4966008725764968,6,0.312656227912701,1.8759373674762059,0.0,0.0,0.0,0.0,36.04940368295604,-19.036039511646702,False,True,False,True,True,0.0
2025-03-26 00:00:00+00:00,124.9378301625,127.1430262703,124.4788300677,125.2371780504,810339,123.06763208765153,132.2989737965722,140.9938175819025,145.49307766327345,146.16727800461533,145.5713434304514,116.86083136681043,134.52376626701513,145.83488873605887,135.37727995172312,144.68012406025528,"rgba(239, 83, 80, 1.0)",13.169192033529914,144.68012406025528,-1.4991271937936412,6,0.30634572329469517,1.8380743397681711,0.0,0.0,0.0,0.0,37.46936615800809,-17.595157237281327,False,True,False,True,True,0.0
2025-03-27 00:00:00+00:00,124.4189604901,125.4267650461,121.5352425029,123.4510689857,803565,123.06891127967606,132.27728235036818,140.93299427411753,145.4009695245853,146.03533183213102,145.32310890450768,116.87107217661125,134.4930715270445,145.67984719219814,135.12517289843393,144.4853948540606,"rgba(255, 0, 0, 1.0)",13.305897409534104,144.4853948540606,-1.50808575673989,6,0.3004207906540111,1.8025247439240668,0.0,0.0,0.0,0.0,38.13980416752375,-16.825380218055237,False,True,False,True,True,0.0
2025-03-28 00:00:00+00:00,121.3256989814,123.8102864513,120.2380683219,123.550851615,914638,123.06635431771078,132.24693125835103,140.85625805036963,145.28744914913182,145.87367756775956,145.02171486328217,116.8793308914589,134.45184860534616,145.49010412144295,134.80284642261506,144.24666003025953,"rgba(255, 0, 0, 1.0)",13.514765788504128,144.24666003025953,-1.6959939526555812,5,0.3320295215881102,1.660147607940551,0.0,0.0,0.0,0.0,37.02347199692849,-16.825380218055237,False,True,False,True,True,0.0
2025-03-31 00:00:00+00:00,122.2337209081,122.7176666603,118.0328722141,118.910959352,696298,123.06320269828454,132.22219158809992,140.79582759432165,145.19885201445277,145.74802776733992,144.7897025759528,116.88458293673224,134.41868194308913,145.3428767626766,134.55332875135582,144.06225706245738,"rgba(255, 0, 0, 1.0)",13.743491794192778,144.06225706245738,-1.58828167406342,5,0.3249208199548007,1.6246040997740034,0.0,0.0,0.0,0.0,37.08220242006816,-16.825380218055237,False,True,False,True,True,0.0
2025-04-01 00:00:00+00:00,121.5152859771,122.8823079987,119.4497855503,122.1538948047,922787,123.05961958588539,132.1904077245744,140.7174603458728,145.08381121295557,145.58536255940288,144.49267442826581,116.89200850226676,134.37591472367052,145.15273887181394,134.24294765145325,143.82644154149358,"rgba(255, 0, 0, 1.0)",13.960289229441727,143.82644154149358,-1.598187200687804,4,0.35549775364979463,1.4219910145991785,0.0,0.0,0.0,0.0,36.73511312101873,-16.825380218055237,False,True,False,True,True,0.0
2025-04-02 00:00:00+00:00,124.4888083306,124.7981344815,119.7291769124,119.7291769124,740699,123.05953211387155,132.1690374809491,140.66054692973833,144.9988948669707,145.46549771649018,144.27693202021413,116.90028256625348,134.3462781133145,145.01314003819564,134.0358709174375,143.65646536413084,"rgba(239, 83, 80, 1.0)",14.062330107682024,143.65646536413084,-1.3630498563719438,4,0.34998838622305106,1.3999535448922042,0.0,0.0,0.0,0.0,39.15163928587556,-15.154586860397629,False,False,False,True,True,0.0
2025-04-03 00:00:00+00:00,114.98950202,118.3421983649,113.7721539424,118.3421983649,1481290,123.03587982784984,132.0927689653379,140.50118186400852,144.7752670585087,145.15283608016694,143.71444298983025,116.89704602330278,134.2495951239658,144.64825076392242,133.38422520400044,143.20112312001737,"rgba(255, 0, 0, 1.0)",14.399162988586893,143.20112312001737,-1.9592542373732798,2,0.3512312295681469,0.7024624591362938,0.0,0.0,0.0,0.0,36.30787763523759,-15.154586860397629,False,True,False,True,False,0.0
2025-04-04 00:00:00+00:00,109.5214139337,112.4550232355,107.2363917224,110.0303053432,1116851,123.00372858441007,132.0149778520029,140.35379201754645,144.5747775729488,144.8745450424238,143.2175557117236,116.88250436374265,134.15413393789413,144.32363204819262,132.76709083643775,142.79349330924293,"rgba(255, 26, 202, 1.0)",14.871096723908027,142.79349330924293,-2.2373655415778404,2,0.33842788872083973,0.6768557774416795,0.0,0.0,0.0,0.0,32.76519104142774,-12.662694539598647,False,True,False,True,False,0.0
2025-04-07 00:00:00+00:00,105.7695870715,112.2055666622,102.5166733559,105.0910651922,1833875,122.93977715914455,131.8718963922795,140.09212598626812,144.22344418229872,144.38992500781188,142.3642796873064,116.84909166304695,133.98051735855623,143.7597868810099,131.7012974032557,142.09000291715193,"rgba(255, 26, 202, 1.0)",15.404137035961734,142.09000291715193,-2.357835155637742,2,0.32510790045436033,0.6502158009087207,0.0,0.0,0.0,0.0,29.47415938218949,-15.659449514566703,False,True,False,True,False,0.0
2025-04-08 00:00:00+00:00,104.0433475844,110.7088272225,102.5166733559,110.6589359078,1210510,122.89504349228483,131.7743243160693,139.9161243926153,143.9885360183749,144.0677856692107,141.8062624625249,116.82480588886884,133.86263262399137,143.3862428394585,131.01613821226792,141.62903745829257,"rgba(255, 26, 202, 1.0)",15.973666390937233,141.62903745829257,-2.3529782677330155,2,0.3128791320254284,0.6257582640508568,0.0,0.0,0.0,0.0,26.882723555834733,-17.965751077516586,False,True,False,True,False,0.0
2025-04-09 00:00:00+00:00,118.9009810891,119.8988073822,102.2023580736,103.0455212913,1670437,122.8620126982497,131.6814493202086,139.73175961330966,143.73515680947366,143.7219653267046,141.226567230239,116.81529557359956,133.74690143201977,142.9885379097738,130.40614819843148,139.63543869798022,"rgba(239, 83, 80, 1.0)",16.17797937032441,139.63543869798022,-1.2816469309457674,2,0.3087029394519451,0.6174058789038902,0.0,0.0,0.0,0.0,33.77451894939237,-22.006234678343702,False,True,False,True,True,0.0
2025-04-10 00:00:00+00:00,111.0081751104,116.5361327744,108.2142614897,114.7500237097,851942,122.84207241563224,131.6298874959065,139.63248633735893,143.60013660448135,143.53852312783408,140.9218439759609,116.80778632368396,133.6832929202608,142.77792635395411,130.080481702396,139.3633559811612,"rgba(255, 0, 0, 1.0)",16.50802217407695,139.3633559811612,-1.717660696827037,2,0.3022017926895204,0.6044035853790408,0.0,0.0,0.0,0.0,35.80467439964224,-20.421646429488234,False,True,False,True,True,0.0
2025-04-11 00:00:00+00:00,112.2853927656,112.9988385652,108.553622212,111.0081751104,627755,122.8265672960276,131.5908373841916,139.55810945830686,143.49938193424404,143.40199219029918,140.69646429187608,116.80154506218578,133.63528775443413,142.6213728485958,129.83955775787084,139.16571513601087,"rgba(255, 0, 0, 1.0)",16.720854454854297,139.16571513601087,-1.607592628892667,2,0.2965866399485676,0.5931732798971352,0.0,0.0,0.0,0.0,37.719136118269674,-18.803191498683347,False,False,False,True,True,0.0
2025-04-14 00:00:00+00:00,108.8329137914,111.9561100889,106.9170873086,111.656762201,1247516,122.79044540896388,131.50591312958665,139.40085531515618,143.28842471159138,143.11702327313594,140.22817323556473,116.78460854944855,133.53183044175103,142.29484304025934,129.32789372933084,138.74117128046618,"rgba(255, 0, 0, 1.0)",17.021732862521468,138.74117128046618,-1.7570630282254234,2,0.2896982885655318,0.5793965771310636,0.0,0.0,0.0,0.0,37.931430877196895,-18.63297247185036,False,False,False,True,True,0.0
2025-04-15 00:00:00+00:00,108.2342180155,110.7587185372,107.7802070522,109.4316095673,673767,122.7705704335246,131.45967770122925,139.31573224351303,143.17453556557652,142.96368880851983,139.9785268732096,116.77511733856507,133.47560800713063,142.11949689986952,129.0578637950072,138.52231754045934,"rgba(255, 0, 0, 1.0)",17.293356624540532,138.52231754045934,-1.7514297647674897,2,0.2832264750252762,0.5664529500505524,0.0,0.0,0.0,0.0,37.88829801024379,-18.52657446530813,False,False,False,True,True,0.0
2025-04-16 00:00:00+00:00,105.7795653344,108.678250716,104.2928041577,107.3661091405,1163922,122.7297654588113,131.3708259553135,139.15695739503232,142.9643390627628,142.6814638489535,139.5201793624185,116.75320876482351,133.36857425912615,141.7968358389654,128.5480816875466,138.10524422264365,"rgba(255, 0, 0, 1.0)",17.582517472256658,138.10524422264365,-1.8385125417477972,2,0.27654351506638764,0.5530870301327753,0.0,0.0,0.0,0.0,37.088939377412146,-18.52657446530813,False,False,False,True,True,0.0
2025-04-17 00:00:00+00:00,105.6797827051,107.0368264638,104.6270759659,106.3882393733,1018791,122.69320185281953,131.2921233423444,139.01726372975023,142.7799814032315,142.434832797941,139.12357494268127,116.73325378214443,133.27396673752588,141.51547115743205,128.11121039246333,137.75269370203364,"rgba(255, 0, 0, 1.0)",17.856549797499884,137.75269370203364,-1.7961426681331356,2,0.2706146052523525,0.541229210504705,0.0,0.0,0.0,0.0,36.523771267761354,-18.52657446530813,False,False,False,True,True,0.0
2025-04-21 00:00:00+00:00,103.9934562697,105.2906304508,102.7062603516,104.6021303086,976872,122.65460691288727,131.211865418456,138.87727883610424,142.5964747258074,142.1900628248606,138.7320591364822,116.71108145294085,133.17801079450902,141.23651372403424,127.67553613058769,137.40156036561893,"rgba(255, 0, 0, 1.0)",18.14500168418695,137.40156036561893,-1.841173931939257,2,0.26483504400195984,0.5296700880039197,0.0,0.0,0.0,0.0,35.57773120681575,-18.52657446530813,False,False,False,True,True,0.0
2025-04-22 00:00:00+00:00,106.9270655715,107.8949570759,104.3726302611,104.8016955672,1177227,122.61426657565715,131.12425083556548,138.72157544095597,142.39124081473173,141.91748947332815,138.30351442003993,116.68949139160898,133.0726545254692,140.92713121814404,127.22214795134992,137.0387430985739,"rgba(255, 0, 0, 1.0)",18.350270956750435,137.0387430985739,-1.640939122808802,2,0.26048767891716096,0.5209753578343219,0.0,0.0,0.0,0.0,36.81554243795696,-18.52657446530813,False,False,False,True,True,0.0
2025-04-23 00:00:00+00:00,110.6589359078,116.0671544166,109.760892244,111.7765013561,1155324,122.5888744232468,131.0587707208229,138.59720547779295,142.22397092865913,141.6967543548436,137.9678578063258,116.68020914672663,132.99223083474874,140.67860327043599,126.91366700999781,136.78884978042004,"rgba(239, 83, 80, 1.0)",18.463992572232815,136.78884978042004,-1.4151822131858773,2,0.2579334373123464,0.5158668746246928,0.0,0.0,0.0,0.0,39.781192236043445,-15.547683572241496,True,False,False,True,True,0.0
2025-04-24 00:00:00+00:00,112.6046971794,113.9916757269,110.2897401794,110.6589359078,805400,122.57147083533664,131.01370958090394,138.51162431417313,142.10896574926429,141.54548723376598,137.74009880716275,116.67395068080977,132.93688657461763,140.50867112621592,126.70786224312529,136.6176831732774,"rgba(239, 83, 80, 1.0)",18.517564805465266,136.6176831732774,-1.2967680278775222,2,0.2555859204515456,0.5111718409030912,0.0,0.0,0.0,0.0,42.79326634488835,-12.587479752665892,True,False,False,True,True,0.0
2025-04-25 00:00:00+00:00,112.5348493389,113.7521974165,111.5270447829,112.0558927182,445447,122.56215957076039,130.98929051286638,138.465085896924,142.04639400685963,141.46336939031383,137.61736842262582,116.67074093391166,132.90686075551451,140.41657773717122,126.59889621065128,136.52551810397478,"rgba(239, 83, 80, 1.0)",18.59565022418942,136.52551810397478,-1.2901226080208508,2,0.2533855388254813,0.5067710776509626,0.0,0.0,0.0,0.0,44.76464829269928,-10.66693549867749,True,False,False,True,True,0.0
2025-04-28 00:00:00+00:00,112.5348493389,114.9584696223,111.2376751579,112.7543711234,1035247,122.54124881767254,130.93372783444732,138.35884150637747,141.90349246755403,141.27631284468654,137.34014219702416,116.66386005804017,132.8384656066087,140.20720350811487,126.3574328865824,136.31724585139386,"rgba(239, 83, 80, 1.0)",18.665582362828427,136.31724585139386,-1.2741309673710108,2,0.2515756793214878,0.5031513586429756,0.0,0.0,0.0,0.0,46.07890292457323,-9.34662871263155,True,False,False,False,True,0.0
2025-04-29 00:00:00+00:00,113.103610326,113.8719365717,111.2376751579,112.7743276493,835537,122.52413666756024,130.88870517315547,138.27315765961285,141.7884958208614,141.1262116001905,137.119342947055,116.65807040050517,132.78312972048397,140.03947616901237,126.16625271112588,136.1491568567123,"rgba(239, 83, 80, 1.0)",18.720780012894398,136.1491568567123,-1.2310142266956352,2,0.24985258565559382,0.49970517131118763,0.0,0.0,0.0,0.0,47.32642501227606,-8.04815470191771,True,False,False,False,True,0.0
2025-04-30 00:00:00+00:00,112.4350667096,112.5647841277,108.0047179681,109.8606748733,968075,122.5008804029137,130.831855384485,138.16789456678487,141.64849104972117,140.94374666308497,136.85055628308683,116.64842227953113,132.7138756423939,139.83548968040978,125.92356535432988,135.9359429716764,"rgba(239, 83, 80, 1.0)",18.78744605646021,135.9359429716764,-1.2508819022793922,2,0.2483751960706606,0.4967503921413212,0.0,0.0,0.0,0.0,47.7044652172133,-7.516940686573335,True,False,False,False,True,0.0
2025-05-01 00:00:00+00:00,118.4220244684,123.9849060526,117.3543503347,120.8567206236,1562795,122.49249999297852,130.78173312210578,138.0548986186981,141.49014279580783,140.74017128278916,136.57388240325648,116.65740698910908,132.64854564161598,139.61217733606506,125.77238115554374,135.7656881183004,"rgba(239, 83, 80, 0.5)",18.74638569585855,135.7656881183004,-0.9251737338217664,2,0.24851913145318716,0.4970382629063743,0.0,0.0,0.0,0.0,51.59912029886314,-3.695430440506385,True,False,True,False,True,0.0
2025-05-02 00:00:00+00:00,122.7126775288,123.7803516625,120.4775466322,120.9764597788,1583526,122.49194576639786,130.74254685762116,137.95680661677997,141.34964623802185,140.56122723399506,136.34175614116177,116.67312842701344,132.5953963139167,139.4179507189767,125.68656226877258,135.6348114470774,"rgba(239, 83, 80, 0.5)",18.63420030337019,135.6348114470774,-0.693463293723439,2,0.24977657576545906,0.4995531515309181,0.0,0.0,0.0,0.0,56.13424562085352,0.5580436004791594,True,False,True,False,True,0.0
2025-05-05 00:00:00+00:00,121.9443512831,123.6007429297,120.3777640029,121.4155033478,1063989,122.49080744250003,130.71533669812405,137.8901246462639,141.25468460946848,140.44066800214736,136.18620854673173,116.68299304747414,132.55878720217638,139.28726403819525,125.62551602383103,135.5408082196746,"rgba(239, 83, 80, 0.5)",18.505635047659354,135.5408082196746,-0.7347198246133313,2,0.2508740464095522,0.5017480928191044,0.0,0.0,0.0,0.0,58.56135648210331,2.7421985564929514,True,False,True,False,True,0.0
2025-05-06 00:00:00+00:00,121.2957641926,122.9421775762,120.0983726408,121.1760250374,1112551,122.48840929114424,130.68535415660537,137.81869458735264,141.15368281137924,140.31270502630503,136.021203526505,116.69224169471113,132.51887694050558,139.14857991762702,125.55485472206414,135.4352837353578,"rgba(239, 83, 80, 0.5)",18.366781621915944,135.4352837353578,-0.7698419806922513,2,0.25126302330612627,0.5025260466122525,0.0,0.0,0.0,0.0,59.654287490739904,3.7369758781517817,True,False,True,False,True,0.0
2025-05-07 00:00:00+00:00,123.5807864038,125.6562650935,121.674938184,122.3534600633,1340305,122.49157580919969,130.65799796657183,137.7448717951245,141.04674555107823,140.17846292499925,135.85642533127728,116.70845213617292,132.480617634747,139.00467685211265,125.51658401546919,135.3396403574181,"rgba(239, 83, 80, 0.5)",18.182874716370733,135.3396403574181,-0.6466993881353174,2,0.25209268155727105,0.5041853631145421,0.0,0.0,0.0,0.0,61.49998525936402,5.525072983783446,True,False,True,False,True,0.0
2025-05-08 00:00:00+00:00,126.6740479125,128.4202439255,124.9078953737,125.9356564556,1538600,122.50474575344946,130.64029614372927,137.67906847174186,140.94667329462666,140.05474579435287,135.7181796676647,116.73506492227006,132.4520124247076,138.87467065249325,125.5423599205631,135.27736261047548,#000000,17.969849079069295,135.27736261047548,-0.478763881661997,2,0.2536390960862258,0.5072781921724516,0.0,0.0,0.0,0.0,64.07230953120157,8.009006224655906,True,False,True,False,True,0.0
2025-05-09 00:00:00+00:00,126.8337001194,127.3126567401,125.232188919,126.6740479125,878764,122.51185671424128,130.62973077695372,137.64113189533884,140.88931696719263,139.98401509905935,135.63930075245392,116.74988417581712,132.43521805310237,138.8003965681003,125.55394445509732,135.23852495800853,#000000,17.7693417828281,135.23852495800853,-0.47299584539089434,2,0.2549964440485833,0.5099928880971666,0.0,0.0,0.0,0.0,65.85412539965131,9.749379868857567,True,False,True,False,True,0.0
2025-05-12 00:00:00+00:00,134.6167452058,135.6943976024,132.4714186756,132.9104622446,2154624,122.56342666218599,130.65209144091912,137.61333805541284,140.82559124976996,139.9119289758882,135.61109592377076,116.81506967516826,132.44767739840154,138.73477111219466,125.81549348331747,135.3080125107702,#000000,17.54776700240858,135.3080125107702,-0.03939346270527346,2,0.256707527888411,0.513415055776822,0.0,0.0,0.0,0.0,69.68378305289274,13.400696326678649,True,False,True,False,True,2.1136552736434133
2025-05-13 00:00:00+00:00,136.2032890119,138.5282242749,134.8063322015,135.2553540334,1566779,122.60780766646526,130.6782176257358,137.60679589129558,140.79564864305408,139.88107695898515,135.62431284979345,116.86824561150124,132.4677508148523,138.71165422167115,126.0441627601545,135.38467976645305,#000000,17.339834058649195,135.38467976645305,0.04720975083603168,2,0.2586890370766264,0.5173780741532528,0.0,0.0,0.0,0.0,72.6516441532655,16.171917803151047,True,False,True,False,True,3.013988519969587
2025-05-14 00:00:00+00:00,135.9538324386,139.0371156844,135.8839845981,136.2531803266,1149086,122.64121546776077,130.6986836192951,137.60398140479407,140.77620929423387,139.8617506061623,135.63850377536124,116.90794375112614,132.48395557681758,138.69837826780943,126.21263158630278,135.2123563867412,#000000,17.10126864095769,135.2123563867412,0.043357955916963675,2,0.2603479394547129,0.5206958789094258,0.0,0.0,0.0,0.0,74.38374210543137,17.803111363542143,True,False,True,False,True,2.8596811935744952
2025-05-15 00:00:00+00:00,133.8983102748,135.4349627662,133.1898536067,133.8384406972,1086957,122.6665570424023,130.70936509159446,137.58995895251746,140.7447245653079,139.82639815184922,135.6239174422722,116.9401574223779,132.48970622292856,138.6662059792036,126.32720988174191,135.16813848544354,#000000,16.801824161008593,135.16813848544354,-0.07557680633215913,2,0.2611654762983669,0.5223309525967338,0.0,0.0,0.0,0.0,73.49933872533431,17.803111363542143,True,False,True,False,True,1.5859888892183278
2025-05-16 00:00:00+00:00,134.736484361,135.7293215227,132.8007013523,133.3594840765,833981,122.68634234781508,130.71809908421415,137.5800524662917,140.72167378810863,139.80074628949208,135.61480116979482,116.96514657843473,132.49473711357052,138.6431746598198,126.41561624316269,135.1704993307813,#000000,16.508103470693253,135.1704993307813,-0.026291025528873867,1,0.3290518989207952,0.3290518989207952,0.0,0.0,0.0,0.0,73.23056815599497,17.803111363542143,True,False,True,False,True,2.0823191348121206
2025-05-19 00:00:00+00:00,133.429331917,134.5468973653,132.2219621023,132.3017882058,837748,122.70442384802537,130.72442011777093,137.566960564581,140.6949554954175,139.7703690652816,135.59804722345743,116.9887103163782,132.49709673380863,138.61474444473038,126.49140036474847,135.15989917373616,#000000,16.15870076159476,135.15989917373616,-0.10709816848946682,1,0.3318320173154627,0.3318320173154627,0.0,0.0,0.0,0.0,71.71422486210437,17.803111363542143,True,False,True,False,False,1.2618447471617849
2025-05-20 00:00:00+00:00,131.9425707402,133.339427768,131.393766279,132.3616577834,600513,122.71592866984575,130.72695204741254,137.55499664326393,140.67285992684734,139.74479047527655,135.5798621579959,117.00435416658111,132.49658942693688,138.59000861390547,126.5356569812441,135.14221426906684,#000000,15.81113565842991,135.14221426906684,-0.20236645855105914,1,0.33416884030666505,0.33416884030666505,0.0,0.0,0.0,0.0,69.2247521047461,17.803111363542143,True,False,True,False,False,0.3312209381273874
2025-05-21 00:00:00+00:00,126.5243739686,131.1942010204,126.4445478651,131.1942010204,801106,122.72452054384566,130.72095081616095,137.52669461607914,140.62909732604675,139.69215862198848,135.52612002156016,117.01946865163993,132.48555774321326,138.5358769396466,126.55113541817833,135.06326049779616,"rgba(239, 83, 80, 0.5)",15.477771230500768,135.06326049779616,-0.5516870873740066,1,0.3365328987937405,0.3365328987937405,0.0,0.0,0.0,0.0,63.16093525136631,19.52223579677198,True,False,True,False,False,0.0
2025-05-22 00:00:00+00:00,127.2627654255,127.9462764363,126.0354390849,126.464504391,692458,122.73057336240996,130.7139005104071,137.4998678148495,140.5886060138093,139.64327387928003,135.47431264789378,117.03135110070129,132.4739823724044,138.4852313719084,126.55576683365663,134.99399418565702,"rgba(239, 83, 80, 0.5)",15.102875808296114,134.99399418565702,-0.5119044120001431,1,0.3393507495028375,0.3393507495028375,0.0,0.0,0.0,0.0,59.60654566992573,16.27800680996279,True,False,True,False,False,0.0
2025-05-23 00:00:00+00:00,127.0731784298,127.9612438307,124.5486779082,124.5486779082,582015,122.73500191489694,130.70709555082718,137.4762331869815,140.5533718652299,139.60067965925523,135.42841643614864,117.04076754888193,132.46329626560365,138.44095816061704,126.5555623296973,134.20340156413718,#000000,14.685378225483685,134.20340156413718,-0.48553214121268173,1,0.34206110156940905,0.34206110156940905,0.0,0.0,0.0,0.0,57.0903778175298,14.001590548759495,True,False,True,False,False,0.0
2025-05-27 00:00:00+00:00,131.5633967489,132.3866034407,127.8115698867,129.0588527531,1289907,122.75524610929901,130.70666511628028,137.44350129739817,140.49832934878197,139.53626779370472,135.37399274917112,117.07047230028172,132.45585358598737,138.377035833047,126.6196326082895,134.31283412122414,#000000,13.994467722485965,134.31283412122414,-0.19646601977625844,1,0.3451152805957095,0.3451152805957095,0.0,0.0,0.0,0.0,58.275532757841894,14.001590548759495,True,False,True,False,False,0.2504640678375729
2025-05-28 00:00:00+00:00,130.7651357144,131.9325924773,129.7273963695,131.3538532273,1066873,122.77238188137477,130.70696620690777,137.41752888023913,140.45426714579145,139.48498433706794,135.33193296260387,117.09534306354976,132.4504656381197,138.3264260925085,126.67397552430131,134.32027260279887,#000000,13.33743141634712,134.32027260279887,-0.2665533398013566,1,0.34798543037997315,0.34798543037997315,0.0,0.0,0.0,0.0,58.381467179081355,14.001590548759495,True,False,True,False,False,0.0
2025-05-29 00:00:00+00:00,131.3039619126,132.1680666529,129.8055143863,131.6535996688,866760,122.78674025613245,130.70789123768137,137.3974780713747,140.41980944270728,139.44511164477535,135.30043941102096,117.11589992468578,132.4468671380017,138.28734007021126,126.72006168730931,134.32246759255392,#000000,12.697097999540414,134.32246759255392,-0.23773193528656633,1,0.35084387665405214,0.35084387665405214,0.0,0.0,0.0,0.0,58.790427785252106,14.001590548759495,True,False,True,False,False,0.0946523620625328
2025-05-30 00:00:00+00:00,131.893351273,132.9822231422,130.4348623473,130.644645001,1419482,122.81205778935815,130.71204875479174,137.36841408908705,140.36798323600368,139.38585634049937,135.25800623992794,117.15106145111957,132.44394300119146,138.23017721139743,126.80487534609676,134.33766248945352,#000000,12.146778987561301,134.33766248945352,-0.20123122508086863,1,0.3539651668988548,0.3539651668988548,0.0,0.0,0.0,0.0,59.44880737293069,14.001590548759495,True,False,True,False,False,0.4703168488746883
2025-06-02 00:00:00+00:00,130.3749244463,131.2789877872,127.407998344,130.8344483544,1054200,122.82641776500148,130.70907877136344,137.3390641609321,140.32066658946263,139.33056364364177,135.20871858523645,117.17336076696684,132.43512501693897,138.17488925273614,126.84038410575364,134.2980484079603,#000000,11.418552952548973,134.2980484079603,-0.3435745297992876,1,0.3563965348433512,0.3563965348433512,0.0,0.0,0.0,0.0,58.36668386137131,14.001590548759495,True,False,True,False,False,0.0
2025-06-03 00:00:00+00:00,132.6925232871,133.8613123577,129.3409956531,129.9453694887,930499,122.84323422643779,130.7122833017245,137.32099986488834,140.28812062935242,139.29368430847714,135.18358274910088,117.19654807800985,132.43380121483523,138.13961697973212,126.89550669918657,134.30537390569262,#000000,11.172640801875621,134.30537390569262,-0.14435715308433364,1,0.3588304388816552,0.3588304388816552,0.0,0.0,0.0,0.0,59.279833295307704,14.001590548759495,True,False,True,False,False,0.9882244607832007
2025-06-04 00:00:00+00:00,130.8244587042,132.9222852412,130.7944897537,132.5926267853,614769,122.853762847332,130.71363216672304,137.30813168254966,140.26559851426657,139.2680328670664,135.1648902294008,117.21136098185377,132.43209292615302,138.11484515155342,126.92809561725781,134.30369053554304,#000000,11.013520470138957,134.30369053554304,-0.31590551275373857,1,0.3611498184643056,0.3611498184643056,0.0,0.0,0.0,0.0,58.04918833385783,13.497790776413083,True,False,True,False,False,0.0
2025-06-05 00:00:00+00:00,129.8254936866,132.5027199338,129.3659697785,130.9043759056,540713,122.861989569263,130.7134120739224,137.29501467662226,140.2437471207901,139.24286670498023,135.14437352194543,117.22350137706218,132.42904838294862,138.0900995622467,126.95052724268142,134.29287870686983,#000000,10.766402234586565,134.29287870686983,-0.41493759223657506,1,0.36322677940067016,0.36322677940067016,0.0,0.0,0.0,0.0,56.29411247623066,11.556389813760362,True,False,True,False,False,0.0
2025-06-06 00:00:00+00:00,132.4827406334,133.2619333471,131.378884289,131.4438170151,798916,122.87696103665515,130.71703186068692,137.2809135995251,140.217644035425,139.21364753803286,135.12624037430854,117.24382659297889,132.42891734125905,138.06255469475735,126.99951354046588,134.30093642083034,#000000,10.506824385864848,134.30093642083034,-0.17304903181558978,1,0.36578324119934735,0.36578324119934735,0.0,0.0,0.0,0.0,57.14821453123692,11.556389813760362,True,False,True,False,False,0.866276649210338
2025-06-09 00:00:00+00:00,133.8313434072,134.6504947216,132.3029269302,133.1220782447,847629,122.89482840487732,130.72367022686709,137.26974023269156,140.1944179932744,139.1884009725339,135.11567753947983,117.26706611494605,132.43188272718314,138.03982740700312,127.06211151629284,134.32395621953611,#000000,10.28423214184601,134.32395621953611,-0.047899814545385784,1,0.3688731562676176,0.3688731562676176,0.0,0.0,0.0,0.0,58.63634436717673,11.556389813760362,True,False,True,False,False,1.7410765818021332
2025-06-10 00:00:00+00:00,134.5905568205,135.6269830263,133.4217677499,134.56058787,659700,122.9099261414508,130.73052079230067,137.26333045237686,140.17904392267403,139.17222423644284,135.11263786566312,117.28615887806052,132.43605989154497,138.02605080905778,127.11699170724027,134.34950311101295,#000000,10.201677305598185,134.34950311101295,0.023628831050633545,1,0.37231920954993375,0.37231920954993375,0.0,0.0,0.0,0.0,60.13810636892728,11.556389813760362,True,False,True,False,True,2.2343335026753444
2025-06-11 00:00:00+00:00,134.2309294142,135.8592423929,133.4317574001,135.3797391844,1135129,122.93572601250871,130.7421308157992,137.25221382950994,140.1526027458484,139.1444184589938,135.10712664581607,117.31883848868559,132.44307639082402,138.00233468382402,127.20907473521628,134.38833893712885,#000000,10.151014337619152,134.38833893712885,-0.015506777716340401,1,0.37601868466286686,0.37601868466286686,0.0,0.0,0.0,0.0,60.71134266614805,11.556389813760362,True,False,True,False,True,1.98379481202549
2025-06-12 00:00:00+00:00,132.9222852412,134.5156344442,131.3938687642,132.2030304285,1161344,122.95845300496579,130.7490338483133,137.23450777133397,140.11838357876886,139.1068353632115,135.08716290085138,117.34911533017257,132.44480625275435,137.96769281936778,127.28126078535024,134.39816113370222,#000000,10.073683772118223,134.39816113370222,-0.14650806258055485,1,0.38029979664785857,0.38029979664785857,0.0,0.0,0.0,0.0,59.54168190478194,11.556389813760362,True,False,True,False,True,1.0675603823213393
2025-06-13 00:00:00+00:00,130.4248726972,132.6825336369,128.4169530118,129.7755454357,955185,122.97252740378006,130.74841421801904,137.2118477391127,140.08100836284075,139.0641806437902,135.05266734283632,117.37005385407357,132.43932026219923,137.92591085512902,127.31432547207399,134.37363685741562,#000000,9.9457317971157,134.37363685741562,-0.3970310320815999,1,0.38489113573187805,0.38489113573187805,0.0,0.0,0.0,0.0,56.16044946698604,10.677181450446831,False,False,True,False,False,0.0
2025-06-16 00:00:00+00:00,134.5306189195,134.6205257711,131.0741999586,132.0831546264,1165483,122.99621192088804,130.75673598070162,137.19627777945774,140.04949437597458,139.030153925788,135.03769144681306,117.40113234999006,132.44265834291394,137.89524677763205,127.38957744524532,134.3885577512816,#000000,9.874418817910547,134.3885577512816,0.014386787803725227,1,0.38914743789616574,0.38914743789616574,0.0,0.0,0.0,0.0,57.24434969258534,10.677181450446831,True,False,True,False,False,2.1141158556544077
2025-06-17 00:00:00+00:00,133.821353757,135.2199047816,132.5027199338,133.6415400538,877243,123.01471770537769,130.76399797246043,137.18599250704227,140.02752688024012,139.00679279482952,135.02959085317804,117.42508552646115,132.4462923427518,137.87467382961663,127.44905166858287,134.40336150472032,#000000,9.751387228458993,134.40336150472032,-0.05968461041335346,1,0.39393052991840805,0.39393052991840805,0.0,0.0,0.0,0.0,57.24919234091515,10.677181450446831,False,False,True,False,False,1.6196813014848885
2025-06-18 00:00:00+00:00,132.3928337818,136.3886938522,132.3928337818,133.4517367005,879976,123.03300743988268,130.77095873533474,137.1753600042261,140.00521051136707,138.9830149075215,135.0207392941037,117.44886359984724,132.4496000724814,137.85362081088792,127.50649306361595,134.41568526882432,#000000,9.631792238088856,134.41568526882432,-0.2100181811464925,1,0.39871316543650565,0.39871316543650565,0.0,0.0,0.0,0.0,55.83377851160358,10.141098241332593,False,False,True,False,False,0.6231718259819381
2025-06-20 00:00:00+00:00,131.5836721176,133.6215607535,130.8544276547,133.3917987994,1658061,123.06183172346161,130.776466773053,137.14569121375266,139.95228944555498,138.92444962240344,134.9828660188946,117.48880512375112,132.44751544969824,137.79838474051743,127.58301170198882,134.40305873622046,#000000,9.55384687075602,134.40305873622046,-0.29510485742141174,1,0.4043250592609957,0.4043250592609957,0.0,0.0,0.0,0.0,54.108162372041804,8.377427047938191,False,False,False,False,False,0.058928594596295625
2025-06-23 00:00:00+00:00,132.5226992341,132.9922127924,127.4579465949,131.4238377148,1293447,123.08162134649307,130.77720215874564,137.11818418252702,139.9061983007666,138.87273558198547,134.943946943164,117.51761609366628,132.4420240179028,137.74847198230947,127.62749511677556,133.942373853255,#000000,9.431855586246023,133.942373853255,-0.1505191217330793,1,0.4113218336335552,0.4113218336335552,0.0,0.0,0.0,0.0,53.83738503448225,7.984196682349939,False,False,False,False,False,0.7152669661190885
2025-06-24 00:00:00+00:00,135.8792216932,136.7483212585,133.7963796315,134.5206292693,823652,123.1012863959027,130.7874356802527,137.1135199931974,139.89173137927105,138.85868884488065,134.9472213508045,117.54198268685316,132.44928721308275,137.7379048147811,127.69218225941817,134.0560077105955,#000000,9.416591271975955,134.0560077105955,0.19361719436952063,1,0.41819126761699776,0.41819126761699776,0.0,0.0,0.0,0.0,56.36175271569374,7.984196682349939,False,False,True,False,True,3.014783623744396
2025-06-25 00:00:00+00:00,136.9581039122,137.5774622231,135.3098116332,136.6684040571,1173293,123.13176385992627,130.8054649235265,137.11151331155963,139.8765646585681,138.84555502310138,134.9617532412314,117.57877920785245,132.46345154770103,137.73052081356585,127.79574583380749,134.1750087634186,#000000,9.443585437124325,134.1750087634186,0.294707467551528,2,0.2779102253936976,0.5558204507873952,0.0,0.0,0.0,0.0,58.78913542341815,4.538334535724886,False,False,True,False,True,3.7383052914835773
2025-06-26 00:00:00+00:00,138.7162823432,140.3845539226,136.9630987373,137.5974415235,999350,123.16158894428385,130.82618130994572,137.11690114634504,139.87189698433355,138.8447732226768,134.9892018376573,117.61340935424253,132.48142598431312,137.73585418997533,127.9023697604968,134.29003177483565,#000000,9.577815340545087,134.29003177483565,0.4621357179050013,2,0.2830356456804105,0.566071291360821,0.0,0.0,0.0,0.0,61.546504726409324,7.118826349338832,True,False,True,False,True,4.909768247605275
2025-06-27 00:00:00+00:00,139.2257545022,139.954998965,137.457586421,138.8561374457,1264320,123.19962174936934,130.85286949618597,137.124489295938,139.866990554165,138.8449895056572,135.02512203657258,117.6574555181146,132.50471495247143,137.74385701870463,128.03665194411073,134.40885212914765,#000000,9.73369961635315,134.40885212914765,0.4948686073031982,2,0.2878443818126316,0.5756887636252632,0.0,0.0,0.0,0.0,63.70414469733839,9.096822465541585,True,False,True,False,True,5.248811774041222
2025-06-30 00:00:00+00:00,139.5054647071,145.0197516042,138.6863133927,143.8509625336,1421102,123.24809473878238,130.89078800138884,137.14349249074567,139.8736413182147,138.8604844970818,135.08721897177008,117.71183536215601,132.53961831558436,137.76981944562618,128.2134355899263,134.57261794689094,#000000,9.894324226779055,134.57261794689094,0.49855317524953113,2,0.2933147494444722,0.5866294988889444,0.0,0.0,0.0,0.0,65.32661575488812,10.587316097841033,True,False,True,False,True,5.437322484416381
2025-07-01 00:00:00+00:00,145.2395239081,146.8728317119,140.4544814738,141.2536534879,2174676,123.33465496886913,130.96588144378353,137.1950339523927,139.90982744195526,138.91665757336153,135.2280718322685,117.80560860202355,132.61180716875205,137.84557719298448,128.5382769446249,134.88263701221604,"rgba(38, 166, 154, 1.0)",10.173779955659102,134.88263701221604,1.0179979261417995,2,0.2982257314790101,0.5964514629580202,0.0,0.0,0.0,0.0,69.34391252842508,14.309834363188514,True,False,True,False,True,9.159566876411532
2025-07-02 00:00:00+00:00,145.2395239081,145.9887476713,143.0517905196,144.4003932933,975166,123.3742948242419,131.0007224595691,137.21976927688502,139.92799697128925,138.94415075970582,135.2937625808433,117.84834845364472,132.64547076934716,137.88197708119804,128.68485067565882,135.01231403611433,"rgba(38, 166, 154, 0.5)",10.441891042923313,135.01231403611433,0.9794403935019865,3,0.2388361790381435,0.7165085371144305,0.0,0.0,0.0,0.0,72.02211037744972,16.699977265363884,True,False,True,False,True,9.159566876411532
2025-07-03 00:00:00+00:00,147.3173711447,148.6859532188,145.7290167667,145.8488925688,635156,123.40302456869073,131.02740092723909,137.24107240390566,139.94580470836988,138.9695085458024,135.34716487992495,117.87867629326068,132.6717721982403,137.91396846866553,128.7934364101837,135.11420462503975,"rgba(38, 166, 154, 1.0)",10.755552944779524,135.11420462503975,1.1345922038888159,3,0.24554286670862083,0.7366286001258625,0.0,0.0,0.0,0.0,74.63268334125223,19.040801355539898,True,False,True,False,True,10.462552636141208
2025-07-07 00:00:00+00:00,145.3593997102,147.3473400952,143.8934185469,146.1685613745,1024271,123.44589555625278,131.0657201878006,137.26939361120654,139.9676513701375,139.0016892595771,135.4200448895291,117.92461072198893,132.70903168265025,137.95572531907158,128.9499032334457,135.24640730810918,"rgba(38, 166, 154, 0.5)",10.995470600912599,135.24640730810918,0.9197416617394671,3,0.2525290352447571,0.7575871057342713,0.0,0.0,0.0,0.0,73.66155743228138,19.040801355539898,True,False,True,False,True,8.866662424591922
2025-07-08 00:00:00+00:00,146.1785510246,148.016646657,145.9637735458,146.4682508797,879848,123.48456004247643,131.10116085436837,137.2970375846418,139.99025252510663,139.03405650826738,135.48906738417,117.96563685294167,132.7438102971914,137.9967890146907,129.0914400034602,135.3675810859641,"rgba(38, 166, 154, 0.5)",11.250174086784517,135.3675810859641,0.9609602353918648,3,0.2578133063198705,0.7734399189596115,0.0,0.0,0.0,0.0,73.43628238041984,19.040801355539898,True,False,True,False,True,9.389697597749247
2025-07-09 00:00:00+00:00,146.9777230387,148.0466156075,145.7489960671,147.3972883461,753458,123.51785934419692,131.1317794407501,137.32109399073565,140.010072449783,139.062292022607,135.54857371555462,118.00092633638357,132.7738904204155,138.0324676950773,129.2122524249218,135.46890363549306,"rgba(38, 166, 154, 1.0)",11.508361449883141,135.46890363549306,1.0000397930952882,3,0.26524607053978855,0.7957382116193656,0.0,0.0,0.0,0.0,73.69899982756462,19.040801355539898,True,False,True,False,True,9.902236203921781
2025-07-10 00:00:00+00:00,152.0924239288,152.2222893811,146.8778265369,147.5171641482,1185708,123.57781804206132,131.1902681842522,137.37231221738415,140.05658651286578,139.12576767919697,135.66918414181964,118.06293473637082,132.83252455524658,138.10974696066324,129.43573001940555,136.21804885869687,"rgba(38, 166, 154, 1.0)",11.876547163126784,136.21804885869687,1.3366153354224395,2,0.13414158280973676,0.2682831656194735,0.0,0.0,0.0,0.0,75.97084364240918,20.59046515096908,True,False,True,False,True,13.062076157356664
2025-07-11 00:00:00+00:00,150.4241523494,151.6329000207,149.8079907266,151.0035520596,676349,123.61218476378255,131.22385994643383,137.40184842676993,140.0835039871782,139.1623716959388,135.73814278418652,118.098443711437,132.86622071194464,138.15419363840184,129.56244729848916,136.3325488082127,"rgba(38, 166, 154, 1.0)",12.185396960023569,136.3325488082127,1.1564336875866583,2,0.13267641409784897,0.26535282819569794,0.0,0.0,0.0,0.0,75.32473091580823,20.59046515096908,True,False,True,False,True,11.662011109944125
2025-07-14 00:00:00+00:00,150.2543282964,151.5679672946,149.4651459325,151.193355413,853153,123.65510275917057,131.26564868624666,137.4383784954072,140.11664616130506,139.20744300262692,135.82311234700987,118.14286024233034,132.9080847888778,138.2089518272694,129.7187021020984,136.46442500644562,"rgba(38, 166, 154, 1.0)",12.478031639409645,136.46442500644562,1.1051345026567658,2,0.13177808945036618,0.26355617890073235,0.0,0.0,0.0,0.0,74.67351111404662,20.59046515096908,True,False,True,False,True,11.519129015830732
2025-07-15 00:00:00+00:00,148.18647071,151.5429931691,148.0266363072,151.5429931691,919884,123.69919631411803,131.30774759014542,137.47398878072642,140.14809170507164,139.25058196376435,135.90633838754115,118.18887331744142,132.94998276234398,138.261813601951,129.87514998002982,136.5747305166545,"rgba(38, 166, 154, 0.5)",12.706479499401569,136.5747305166545,0.9138440111513476,2,0.13145725328523014,0.2629145065704603,0.0,0.0,0.0,0.0,71.62544348078546,20.59046515096908,True,False,True,False,False,9.782329313222256
2025-07-16 00:00:00+00:00,146.7179921341,148.925704823,146.198530325,148.18647071,701770,123.73014561717292,131.3362184250174,137.49648868207922,140.16677295277066,139.27680619733127,135.9598637948941,118.22166293694022,132.97795443673635,138.2946295580463,129.98085566742236,136.62910376438944,"rgba(38, 166, 154, 0.5)",12.891512768639508,136.62910376438944,0.782599261294862,2,0.13121799012604907,0.26243598025209813,0.0,0.0,0.0,0.0,67.9102654535879,23.06760116725117,True,False,True,False,False,8.566725935415665
2025-07-17 00:00:00+00:00,147.2574332436,148.3962533637,145.0397309046,146.8478575864,983448,123.77267796368018,131.37499245042414,137.52661919597097,140.19138808238972,139.3115249490585,136.03152250030303,118.26688565495918,133.0159256214023,138.33827477708806,130.1236160488915,136.70489956905715,"rgba(38, 166, 154, 0.5)",13.060586116578559,136.70489956905715,0.8079678492489629,2,0.13014116029296263,0.26028232058592526,0.0,0.0,0.0,0.0,65.83126987615171,21.125727424161937,True,False,True,False,False,8.921861936691258
2025-07-18 00:00:00+00:00,147.7069675016,147.7569157524,146.3283957773,147.7569157524,586458,123.798367523775,131.39856610997697,137.54519383681583,140.20677832306268,139.3330709578185,136.07523489711915,118.29412956176589,133.0390653457483,138.3651962945313,130.20944108668104,136.75673787680057,"rgba(38, 166, 154, 0.5)",13.233310904732226,136.75673787680057,0.8274746738462573,2,0.12883984911858015,0.2576796982371603,0.0,0.0,0.0,0.0,64.78937769859331,20.11881482558516,False,False,True,False,False,9.220874761554395
2025-07-21 00:00:00+00:00,147.1375574415,149.1704512523,147.0626350652,148.695942869,839318,123.83585805728886,131.4332972289044,137.57308666651625,140.23032150436913,139.36573666434677,136.14011993204338,118.33373762779183,133.07327166934866,138.40570540275613,130.33452965365515,136.83968134342211,"rgba(38, 166, 154, 0.5)",13.379345784263302,136.83968134342211,0.7696845768191586,2,0.12772342876247095,0.2554468575249419,0.0,0.0,0.0,0.0,63.33873333403784,18.665308945507903,False,False,True,False,False,8.731146325486652
2025-07-22 00:00:00+00:00,148.3862637135,148.9756530739,146.8278782861,147.9966673567,1045081,123.88290637397338,131.47705615833183,137.60852850484736,140.26048432297907,139.40736642604986,136.22178426732214,118.38336315533725,133.11642886654636,138.4571148892544,130.4902158747192,136.94665587748403,"rgba(38, 166, 154, 0.5)",13.556620022532085,136.94665587748403,0.8438392325670048,2,0.12654579909318228,0.25309159818636456,0.0,0.0,0.0,0.0,63.42997544868201,18.614206972497,False,False,True,False,False,9.582361811771761
2025-07-23 00:00:00+00:00,147.2474435935,149.834762989,147.1575367419,148.1764810598,823711,123.91988574451807,131.51141854166144,137.6363389213422,140.2841451987994,139.43996093109277,136.28545568679394,118.42238223803842,133.15030743736136,138.49732024217317,130.6111252942072,137.02960051914275,"rgba(38, 166, 154, 0.5)",13.611164640184377,137.02960051914275,0.750695722553456,2,0.1255331818707207,0.2510663637414414,0.0,0.0,0.0,0.0,61.91086137370699,16.97882924501458,False,True,True,False,False,8.583240949104415
2025-07-24 00:00:00+00:00,145.34941006,147.9067605051,144.0907141379,146.428292279,1024324,123.96135571886528,131.5480536283059,137.66315380383335,140.3047564157106,139.4694651578264,136.3484468571832,118.4670135034241,133.18577288489965,138.53497521520748,130.73970923012868,137.0953376611714,"rgba(38, 166, 154, 0.5)",13.524190699251413,137.0953376611714,0.6103191371950604,2,0.12498586687660174,0.24997173375320347,0.0,0.0,0.0,0.0,58.53956956146304,13.666962884235602,False,True,True,False,False,6.937194881875559
2025-07-25 00:00:00+00:00,148.6659739184,149.1754460774,145.1596067067,145.7989443179,711990,123.99256990320981,131.576764459582,137.68599112785228,140.3238903447448,139.49588641000855,136.4003902999334,118.50008483411527,133.21397808808837,138.56766716451784,130.83884739345294,137.16106915830306,"rgba(38, 166, 154, 0.5)",13.38720561777971,137.16106915830306,0.8593955369458979,2,0.1238715099003572,0.2477430198007144,0.0,0.0,0.0,0.0,59.307278384214996,13.666962884235602,False,True,True,False,False,9.246082619277992
2025-07-28 00:00:00+00:00,147.5870916994,149.1654564272,147.2374539433,149.1654564272,915201,124.03312949656772,131.6142728862764,137.7161583299027,140.3494373616662,139.53095962009792,136.46839614661044,118.54296449876118,133.25089570825358,138.6108576067541,130.96705111708215,137.24832423318998,"rgba(38, 166, 154, 0.5)",13.158509849839222,137.24832423318998,0.7857095966179134,2,0.12276654434152273,0.24553308868304546,0.0,0.0,0.0,0.0,58.54291434983393,13.529603445769922,False,True,True,False,False,8.308003869975941
2025-07-29 00:00:00+00:00,145.7090374664,148.865766922,144.6551293728,146.7279817843,703210,124.06214380356516,131.64019681831402,137.73565910235953,140.3649026451105,139.55269849634394,136.512992479896,118.5740568687315,133.27609810469647,138.63821094455355,131.0552068237921,137.2988952249869,"rgba(38, 166, 154, 0.5)",13.18222644848296,137.2988952249869,0.6379910308991056,2,0.12212819490861465,0.2442563898172293,0.0,0.0,0.0,0.0,55.989709168001184,10.97875730115063,False,True,True,False,False,6.692238131533397
2025-07-30 00:00:00+00:00,144.6701138481,147.1675263921,143.8909211343,146.0386959222,500990,124.0816915554478,131.65715546512882,137.74763669192464,140.37375459941373,139.56548059272376,136.54080301183427,118.59523881022021,133.2924039947511,138.6546726285641,131.11267303373322,137.3269219399652,"rgba(38, 166, 154, 0.5)",13.043227995294142,137.3269219399652,0.5629888483728218,1,0.14316507801132622,0.14316507801132622,0.0,0.0,0.0,0.0,53.245889016091425,8.326642378488543,False,True,False,False,False,5.807544319152598
2025-07-31 00:00:00+00:00,140.8240985303,145.3927651418,140.4145228731,144.2305692403,939893,124.11302605151799,131.68178128907195,137.76095512112508,140.3799864216552,139.5765806078496,136.5744867590911,118.6303751971052,133.31514339258712,138.67122210672267,131.1963681887466,137.3428635525362,#000000,12.873413709043753,137.3428635525362,0.2704205004549961,1,0.14274611409593066,0.14274611409593066,0.0,0.0,0.0,0.0,48.231843337304156,3.6529859887333913,False,True,False,True,False,2.631746357836672
2025-08-01 00:00:00+00:00,137.3576899193,138.6563444421,133.3718194991,137.9870378804,1012709,124.13598128537068,131.69376968980265,137.75679155417328,140.3657150793135,139.56256040839628,136.57377096527628,118.65891594511052,133.32376510670545,138.66019831489268,131.23881077235401,137.13464126786363,#000000,12.584339711071877,137.13464126786363,0.017724303106671252,1,0.14246979778570715,0.14246979778570715,0.0,0.0,0.0,0.0,42.781373327024355,-1.257484032512707,False,True,False,True,False,0.0
2025-08-04 00:00:00+00:00,138.0869343821,138.361649762,136.718352308,137.6873483751,751715,124.15470208781547,131.70497157324644,137.7567097168566,140.3585872748631,139.5564320508682,136.579168158774,118.681537829179,133.33269238014586,138.656737366341,131.2773712873499,137.13799859353853,#000000,12.263869432187743,137.13799859353853,0.07737654039848914,1,0.1421818669665724,0.1421818669665724,0.0,0.0,0.0,0.0,39.985356066278136,-3.6110871580473045,False,True,False,True,False,0.48168430782599003
2025-08-05 00:00:00+00:00,136.4486317533,138.3566549369,134.2708880149,137.7772552267,691164,124.17014407928089,131.71290879718345,137.75366550239005,140.34869514158595,139.5466707766991,136.57821979766877,118.70080402444827,133.33832877479225,138.64896677164458,131.30500709104464,137.09850262913707,#000000,11.840222508429783,137.09850262913707,-0.05488671140887749,1,0.14209562713836457,0.14209562713836457,0.0,0.0,0.0,0.0,37.16353645352356,-6.068399675166333,False,True,False,True,False,0.0
2025-08-06 00:00:00+00:00,135.9091906438,137.2718788243,134.1110536121,136.0090871455,1636944,124.20478448044605,131.729207147394,137.7434569873693,140.32199781176507,139.51951977573896,136.57000783839862,118.74473565710174,133.3489826632644,138.62604622303888,131.36171293254472,137.00285758065326,#000000,11.381248151873205,137.00285758065326,-0.09609376074215992,1,0.14230328351658192,0.14230328351658192,0.0,0.0,0.0,0.0,34.97373116794209,-8.010593033627721,False,True,False,True,False,0.0
2025-08-07 00:00:00+00:00,138.9560339474,145.2694928586,137.6873483751,142.792059615,2024442,124.26528175864368,131.77331174267687,137.76170601090038,140.32425460006948,139.52935780319226,136.62012134762807,118.81422366757266,133.38835891972613,138.64561900417442,131.5053405549929,137.1012426906447,#000000,10.836885291757183,137.1012426906447,0.17115538337995326,1,0.14222870604556917,0.14222870604556917,0.0,0.0,0.0,0.0,37.08412743860501,-8.010593033627721,False,True,False,True,False,1.1830521296903953
2025-08-08 00:00:00+00:00,135.7193872904,138.5664375906,133.8613123577,137.3277209687,1280483,124.2926574813238,131.78665938469635,137.7549025961873,140.30500674011228,139.5100957895087,136.61570558570145,118.84875481941806,133.39741976108368,138.62973646555378,131.54940895500752,137.0443026589845,#000000,10.345491719251644,137.0443026589845,-0.1280669304600573,2,0.14338656182702714,0.2867731236540543,0.0,0.0,0.0,0.0,36.38756440732515,-8.010593033627721,False,True,False,True,False,0.0
2025-08-11 00:00:00+00:00,134.8702670255,136.1089836473,134.2908673153,135.1399875802,1239241,124.31687929310156,131.79660941156925,137.7446968168396,140.28238268374534,139.48654674624288,136.60437334788713,118.88018633290753,133.40297991866902,138.60890575529905,131.5823336860182,136.97846788266293,#000000,9.949290004236758,136.97846788266293,-0.2118946031591381,3,0.1302102682755019,0.3906308048265057,0.0,0.0,0.0,0.0,35.43061934666168,-8.010593033627721,False,True,False,True,False,0.0
2025-08-12 00:00:00+00:00,140.5443883254,140.8141088801,135.7343717657,135.9990974953,1064858,124.34518804748407,131.81528517579525,137.74891581093664,140.27773491899856,139.48447053149116,136.61976283427285,118.9136405504587,133.41882125382187,138.61102923342094,131.6413805822575,136.99198802121933,#000000,9.608525872845641,136.99198802121933,0.3697133515787274,3,0.12989005063964498,0.38967015191893495,0.0,0.0,0.0,0.0,40.041957922409935,-8.010593033627721,False,True,False,True,True,2.353370497095092
2025-08-13 00:00:00+00:00,145.0896791555,145.1396274063,140.1547919685,140.1547919685,864041,124.3749837760101,131.83962922101148,137.76407901859108,140.2873001936016,139.49912201409822,136.65478962643837,118.94666446084742,133.44170542483482,138.63075021223352,131.71692391688924,137.05771016251427,"rgba(38, 166, 154, 0.5)",9.28290532609426,137.05771016251427,0.8652430150728617,4,0.16575339537662437,0.6630135815064975,0.0,0.0,0.0,0.0,46.036498236792255,-11.411677161887852,False,True,False,True,True,5.53171549081722
2025-08-14 00:00:00+00:00,142.7720803146,144.3103865452,142.2326392051,143.3514800248,942075,124.40676024330386,131.86524586573606,137.77949189529204,140.29650057047363,139.51354857386048,136.6905953414177,118.98204785226065,133.46565466074892,138.65049763057485,131.79573117499302,137.11964879721307,"rgba(38, 166, 154, 0.5)",8.897736815281723,137.11964879721307,0.635266206984114,4,0.16547000827784797,0.6618800331113919,0.0,0.0,0.0,0.0,48.32496998252412,-9.36120845877064,False,True,False,False,True,3.7393446310886773
2025-08-15 00:00:00+00:00,140.9839329331,143.5812419789,140.8440778307,143.5812419789,1018126,124.43859815867363,131.88960811634252,137.79200146441434,140.30179824084047,139.52340540262887,136.72108319780835,119.01811371558692,133.4879262602748,138.66546354164652,131.8700183554156,137.16438892394558,#000000,8.483016789444974,137.16438892394558,0.45025774485167763,4,0.16524626151455754,0.6609850460582302,0.0,0.0,0.0,0.0,48.6212423505724,-9.04140038872837,False,True,False,False,True,2.3833823688065934
2025-08-18 00:00:00+00:00,140.3945435728,140.8840364314,139.2457338025,140.5144193749,793290,124.4610058881256,131.90540342943967,137.79775970919266,140.3014511606642,139.52558306660882,136.73705650347597,119.04413351985446,133.5018151634164,138.6710256693225,131.9177764636346,137.18061672600004,#000000,7.998523016225734,137.18061672600004,0.401815040136811,4,0.16497471682567208,0.6598988673026883,0.0,0.0,0.0,0.0,48.41432072567248,-9.036370057671327,False,True,False,False,True,1.9377587073567604
2025-08-19 00:00:00+00:00,139.8750817636,142.6322252122,139.385588905,140.5543779756,1522788,124.50508467506849,131.93721913767612,137.81084199392834,140.3031704282539,139.53263174324474,136.77132272714735,119.09497629592826,133.53012672326727,138.6847930681762,132.01291075853302,137.21931918133765,#000000,7.696977065199195,137.21931918133765,0.34503969022722103,4,0.1648020282066459,0.6592081128265836,0.0,0.0,0.0,0.0,47.90286927796065,-9.036370057671327,False,True,False,False,True,1.541351159615484
2025-08-20 00:00:00+00:00,137.1079486649,139.8266319603,136.2788077003,138.9959925481,1182128,124.5330279011837,131.9535917087051,137.81058109495382,140.2928216345021,139.52379076496655,136.7778802332505,119.12900016358898,133.5430584316564,138.67965711474923,132.06102640355533,137.20682795439322,#000000,7.501399927427412,137.20682795439322,-0.01318144485693838,4,0.16487898483340785,0.6595159393336314,0.0,0.0,0.0,0.0,45.68160112250192,-9.036370057671327,False,True,False,True,True,0.0
2025-08-21 00:00:00+00:00,136.6883833575,137.5774622231,135.5695425378,135.979118195,779912,124.54983244838013,131.96225010242455,137.80776286228559,140.28305073375054,139.5143580167906,136.77714008542884,119.15002542749107,133.54926820055965,138.67228446216836,132.0861212165048,137.18912288468215,#000000,7.274093751630156,137.18912288468215,-0.06883875081620226,4,0.16526193379017828,0.6610477351607131,0.0,0.0,0.0,0.0,43.93030911058875,-9.036370057671327,False,True,False,True,False,0.0
2025-08-22 00:00:00+00:00,143.9109004347,144.4303622438,137.1279279652,137.4076381702,975326,124.57983284580028,131.98511806150486,137.81953303583302,140.28814586122746,139.52367262661636,136.80510550806585,119.18407344404575,133.57015284220762,138.68627042876625,132.15280822733226,137.2269527374372,"rgba(38, 166, 154, 0.5)",7.043985935995745,137.2269527374372,0.9488871440113081,4,0.16496671351485653,0.6598668540594261,0.0,0.0,0.0,0.0,48.152583062641156,-8.574620643849329,False,True,False,False,True,4.35236721305591
2025-08-25 00:00:00+00:00,141.2936120886,143.5962264542,141.203705237,143.5213040778,706639,124.60176514006639,132.00196920121166,137.8284587568838,140.29231402663257,139.53098096634378,136.82600635366205,119.20890413901509,133.58559826101475,138.69699333253433,132.2015837788048,137.25521998386975,"rgba(38, 166, 154, 0.5)",6.8431713144025785,137.25521998386975,0.5901345909945004,5,0.23522036610086605,1.1761018305043303,0.0,0.0,0.0,0.0,49.12554659767913,-7.511835573311885,False,True,False,False,True,2.3874264924439608
2025-08-26 00:00:00+00:00,142.2426288553,144.0707348375,141.3535499896,141.8330531981,957855,124.6322986104745,132.02591077292863,137.8419997223391,140.29962680037036,139.54288357557527,136.85689998841468,119.24324780195329,133.60773938950035,138.71368815137896,132.27042242618242,137.29803584231914,"rgba(38, 166, 154, 0.5)",6.718253056398379,137.29803584231914,0.7359938620162136,5,0.2349022737215833,1.1745113686079165,0.0,0.0,0.0,0.0,50.385489271506046,-6.110140329012829,False,True,False,False,True,3.04665622274662
2025-08-27 00:00:00+00:00,144.78,145.405,141.4,141.85,965317,124.66519964219665,132.05290827741348,137.85932731775114,140.31118772468835,139.55994356233796,136.89475755042733,119.27969024336373,133.6331834728802,138.73603747087915,132.34756994357812,137.353483435466,"rgba(38, 166, 154, 1.0)",6.612702167542001,137.353483435466,1.1230683578925666,5,0.23593778160316953,1.1796889080158477,0.0,0.0,0.0,0.0,52.784113275683445,-3.6325282178968124,False,False,True,False,True,4.785793968470561
2025-08-28 00:00:00+00:00,145.4,147.45,145.04,145.48,842046,124.69693944476388,132.08053126301326,137.87962480811817,140.32714450184687,139.58193224452316,136.93730967986573,119.31410128892541,133.6598147362596,138.7633038654387,132.4261632655156,137.41921392415702,"rgba(38, 166, 154, 1.0)",6.637094961059091,137.41921392415702,1.2024516934995728,5,0.23864952151257132,1.1932476075628566,0.0,0.0,0.0,0.0,54.7507317371967,-1.596701734647283,False,False,True,False,True,5.2064045447654195
2025-08-29 00:00:00+00:00,144.28,145.68,143.155,144.98,685810,124.72079077366499,132.10037796672037,137.89284101652433,140.33642282763844,139.59529068520575,136.9656129791708,119.34039208315613,133.67862490423963,138.780483881588,132.48205906441976,137.4598886910216,"rgba(38, 166, 154, 1.0)",6.657070089652562,137.4598886910216,1.0244914379945105,6,0.21968374597010873,1.3181024758206523,0.0,0.0,0.0,0.0,55.10106257962987,-1.0511864064376866,False,False,True,False,True,4.3304224602816
2025-09-02 00:00:00+00:00,142.95,143.2,141.28,141.64,555098,124.73819624861724,132.11392165794814,137.9003815919219,140.34038949558519,139.6017804781114,136.9825430171007,119.360023671969,133.6911120489683,138.78962567248144,132.51976976242727,137.481257810008,"rgba(38, 166, 154, 0.5)",6.661702572719985,137.481257810008,0.820922599034482,6,0.22535879941958403,1.3521527965175042,0.0,0.0,0.0,0.0,54.21322132012407,-1.0511864064376866,False,False,True,False,True,3.294269917746103
2025-09-03 00:00:00+00:00,143.44,145.19,142.79,143.59,628165,124.75932540769405,132.13116710834964,137.91135615283576,140.34764420540108,139.61247062579108,137.00618408520066,119.38347505759343,133.70733291072725,138.80362849974242,132.56775714586522,137.51363298036307,"rgba(38, 166, 154, 0.5)",6.6507244414196105,137.51363298036307,0.8910859368535096,6,0.22632761886720024,1.3579657132032015,0.0,0.0,0.0,0.0,53.999446682914154,-1.0511864064376866,False,False,True,False,True,3.6446415091272684
2025-09-04 00:00:00+00:00,145.28,145.54,142.28,143.5,807770,124.78722389578235,132.15432883102775,137.9267436296157,140.35843178236263,139.62796246726418,137.03882858781097,119.41425556534796,133.72926770959657,138.82352323585468,132.63191361459255,137.55898661635757,"rgba(38, 166, 154, 1.0)",6.664388576269422,137.55898661635757,1.1585478990729083,6,0.22951578273571918,1.3770946964143151,0.0,0.0,0.0,0.0,55.244817990800506,-0.10090193036732842,False,False,True,False,True,4.956059868001088
2025-09-05 00:00:00+00:00,144.95,147.31,143.27,145.38,611825,124.80917412326872,132.17297352945775,137.93980954287264,140.36820750575916,139.64162359217346,137.06607415466834,119.43827422556475,133.74708220544284,138.84068569462156,132.68336715132048,137.5975966366045,"rgba(38, 166, 154, 1.0)",6.656740647955743,137.5975966366045,1.104505005111381,6,0.2326070910165312,1.3956425460991873,0.0,0.0,0.0,0.0,55.74049389584095,0.68669930489542,False,False,True,False,True,4.6880333177483
2025-09-08 00:00:00+00:00,145.41,145.56,144.0,145.04,700021,124.83400098621382,132.1939352383051,137.95431717308063,140.37891155846975,139.65664736605038,137.09631198398162,119.46550144808994,133.76706503634892,138.8596335965781,132.74085061073032,137.63966272228328,"rgba(38, 166, 154, 1.0)",6.6291480354364,137.63966272228328,1.1721471954133538,6,0.23741561828149926,1.4244937096889956,0.0,0.0,0.0,0.0,56.44542180531972,1.6759923287649343,False,False,True,False,True,5.021696018529784
2025-09-09 00:00:00+00:00,144.25,148.0,143.86,147.11,965298,124.868779655641,132.22358335647672,137.97530012173164,140.39480063373657,139.67869283983714,137.1396212047608,119.50350909266893,133.7954333197638,138.88717897904235,132.82167450382246,137.99850368109077,"rgba(38, 166, 154, 0.5)",6.464345612736419,137.99850368109077,0.967073342519339,6,0.24330947347241158,1.4598568408344694,0.0,0.0,0.0,0.0,55.61972030013328,1.6759923287649343,False,False,True,False,True,4.0563362826606735
2025-09-10 00:00:00+00:00,142.06,144.79,141.44,142.93,505586,124.8846383188823,132.23599027188587,137.98238549948718,140.39874332562988,139.6849142635575,137.15499739990565,119.5213699463333,133.8069025377442,138.8957496875296,132.85488725474218,137.97162644032093,"rgba(38, 166, 154, 0.5)",6.293602727571031,137.97162644032093,0.6496078218869318,6,0.25176163046828365,1.5105697828097018,0.0,0.0,0.0,0.0,52.8666282164863,1.6759923287649343,False,False,False,False,False,2.260773759432986
2025-09-11 00:00:00+00:00,145.82,146.35,141.8,141.86,827216,124.91326635416905,132.2598665702323,137.9985062033217,140.41030854724647,139.70126690098328,137.18840683299993,119.55290970686733,133.82955833855982,138.91651616458873,132.9190451313223,138.01834731909835,"rgba(38, 166, 154, 1.0)",6.135216948492906,138.01834731909835,1.2716180611702879,6,0.2608365275203559,1.5650191651221355,0.0,0.0,0.0,0.0,54.32663386323172,1.6759923287649343,False,False,True,False,False,5.044357262087182
2025-09-12 00:00:00+00:00,143.44,146.05,142.8775,145.63,789705,124.93978164723299,132.281596211876,138.01259454749385,140.4199093551965,139.71510594715755,137.2177633329476,119.58230638936706,133.85003596951816,138.93436985639326,132.97688833756192,138.0497873448272,"rgba(38, 166, 154, 0.5)",6.055320537373847,138.0497873448272,0.8901614079558707,6,0.2733607211665164,1.6401643269990984,0.0,0.0,0.0,0.0,53.093213611236635,1.6759923287649343,False,False,True,False,False,3.113610456357719
2025-09-15 00:00:00+00:00,140.38,144.08,140.38,143.63,813809,124.96346563239199,132.29917838342223,138.02111075137327,140.42308165204832,139.72120932060184,137.2368573257844,119.60943687705792,133.86591977430007,138.9438043254279,133.02259593913453,138.039124734499,#000000,5.944734633031929,138.039124734499,0.393772878017785,6,0.2859709476173296,1.7158256857039778,0.0,0.0,0.0,0.0,49.89884041346491,4.324642583030283,False,False,False,False,False,0.7174870101459305
2025-09-16 00:00:00+00:00,143.37,143.51,140.19,141.7,727892,124.9855354740942,132.31609886611034,138.03026296045348,140.4276678782742,139.72876676542936,137.2566723998631,119.63446439252199,133.88142951853564,138.95452070457407,133.06657217071032,138.04884375200862,"rgba(38, 166, 154, 0.5)",5.848314219829262,138.04884375200862,0.9098615512055593,6,0.29664428096912987,1.7798656858147792,0.0,0.0,0.0,0.0,50.24076142169032,4.324642583030283,False,False,False,False,False,2.92198142411225
2025-09-17 00:00:00+00:00,141.03,144.24,138.53,143.54,794872,125.00806402052189,132.33251258169162,138.0377064073417,140.42983538453694,139.7335676300227,137.27354897337085,119.66042403607636,133.8961319103509,138.96242181583898,133.10854491434444,138.04709737334701,"rgba(38, 166, 154, 0.5)",5.7524517863667635,138.04709737334701,0.518544568026181,6,0.3075120196898684,1.8450721181392105,0.0,0.0,0.0,0.0,48.745399755960875,3.138914847151227,False,True,False,False,False,1.1180149484816546
2025-09-18 00:00:00+00:00,142.76,144.67,141.45,141.82,574309,125.02599377468663,132.346575009151,138.04587234877843,140.43454934935673,139.74082842102587,137.2907879566329,119.68060853796777,133.9091504214385,138.97226753328596,133.1448438705739,138.0652006216282,"rgba(38, 166, 154, 0.5)",5.6187740066093275,138.0652006216282,0.835555829946056,6,0.31977786534329394,1.9186671920597638,0.0,0.0,0.0,0.0,49.1275038270324,3.138914847151227,False,False,False,False,False,2.3862263469848415
2025-09-19 00:00:00+00:00,143.04,144.12,141.725,142.8,766084,125.04985722706638,132.36527831312088,138.05672668361606,140.4408142724762,139.7504680276356,137.31362809698928,119.70748065802152,133.92646119772965,138.9853311729136,133.19285767765933,138.08942760172823,"rgba(38, 166, 154, 0.5)",5.533666678953419,138.08942760172823,0.8946278634925044,6,0.33402411971474594,2.0041447182884755,0.0,0.0,0.0,0.0,49.60598972465981,3.138914847151227,False,False,False,False,False,2.591497779640612
2025-09-22 00:00:00+00:00,139.01,142.81,138.96,141.98,1054469,125.07766150966013,132.38437846611535,138.06340269981038,140.44019937734728,139.75255844905428,137.32987207585032,119.74008175896667,133.94308802865547,138.99105067740408,133.24011645955585,138.0801797681932,#000000,5.402857760895145,138.0801797681932,0.1720978550530514,7,0.3155119791191538,2.2085838538340767,0.0,0.0,0.0,0.0,46.97586618310471,1.1244211423817845,False,True,False,True,False,0.0
2025-09-23 00:00:00+00:00,138.49,140.7,138.14,139.03,520213,125.09030492356379,132.39239638724132,138.06496486617476,140.43797143236918,139.75126053986673,137.3347007046052,119.75522792267711,133.94977115069457,138.99131340765794,133.25941769744168,138.06883692063266,#000000,5.24141293843074,138.06883692063266,0.08035296671233867,7,0.3344941993143747,2.341459395200623,0.0,0.0,0.0,0.0,44.88547785517058,-0.906084647366562,False,True,False,True,False,0.0
2025-09-24 00:00:00+00:00,140.07,140.99,138.3675,138.76,826041,125.11133341036594,132.40640977839936,138.06908903750673,140.43630353065964,139.75144567373025,137.34531296561607,119.78009679219018,133.9617808044172,138.99417181015852,133.29343807017398,138.06166635285717,#000000,5.136129986894931,138.06166635285717,0.3910207982015982,7,0.34772911125889344,2.434103778812254,0.0,0.0,0.0,0.0,44.972829302078736,-0.906084647366562,False,True,False,True,False,0.3184828842248457
2025-09-25 00:00:00+00:00,140.0,140.74,137.84,139.01,998469,125.13618431081007,132.42263409240098,138.07324302486685,140.43339639388108,139.7505803572454,137.356562640549,119.80965176105657,133.97553364116317,138.9964119006217,133.33232846103266,138.07861611894856,#000000,5.057947158109126,138.07861611894856,0.3798742495700043,7,0.35699596291994073,2.4989717404395853,0.0,0.0,0.0,0.0,44.976311221991736,-1.0452565928013229,False,True,False,True,False,0.2642802831270785
2025-09-26 00:00:00+00:00,142.11,143.38,140.21,140.88,671340,125.1555929530204,132.4371318691239,138.0805618420281,140.43654114202496,139.75612949768654,137.37226276286736,119.83185991762156,133.98867962025673,139.00460157082185,133.36812012786274,138.1413974822553,"rgba(38, 166, 154, 0.5)",4.9884176546534285,138.1413974822553,0.7955634015613409,7,0.36799886363471146,2.5759920454429803,0.0,0.0,0.0,0.0,46.95276941087333,-1.0452565928013229,False,True,False,True,True,1.8827214716059864
2025-09-29 00:00:00+00:00,144.39,144.78,141.8,143.66,1037205,125.18862725594006,132.46358551214104,138.09698972684544,140.44717355035314,139.7716255900162,137.40563553097226,119.86880761537141,134.0133951193598,139.02478573959894,133.43409844145623,138.24733267568746,"rgba(38, 166, 154, 1.0)",4.9164887575077945,138.24733267568746,1.2494012754391595,7,0.3806773505458239,2.6647414538207674,0.0,0.0,0.0,0.0,50.126792934497594,-3.9084868926642784,False,False,False,False,True,3.5878883668179036
2025-09-30 00:00:00+00:00,141.93,143.57,141.15,143.04,899727,125.21496065178113,132.48349276228325,138.1074912321162,140.4522272769344,139.7800228187189,137.42769608737038,119.8988307633904,134.03154628617014,139.0367538737229,133.48268382890123,138.2762590322131,"rgba(38, 166, 154, 0.5)",4.801073537779089,138.2762590322131,0.7610258287101944,8,0.35611720831047117,2.8489376664837693,0.0,0.0,0.0,0.0,50.00908520126821,-3.9084868926642784,False,False,False,False,True,1.6206062568740975
2025-10-01 00:00:00+00:00,144.07,144.5,141.16,141.16,1109617,125.24927956945078,132.51051029913785,138.12358653765432,140.46202385780774,139.79463005318433,137.46039918489166,119.93744507633681,134.05661546954934,139.0561166465556,133.54882505967336,138.33300867144425,"rgba(38, 166, 154, 1.0)",4.607575042504064,138.33300867144425,1.2451216259383768,8,0.3629221916418329,2.9033775331346634,0.0,0.0,0.0,0.0,51.63775487560358,-2.383941925490838,True,False,False,False,True,3.2157246906856436
2025-10-02 00:00:00+00:00,145.41,146.28,142.58,144.55,768209,125.27495457024725,132.5317619019172,138.13794698072655,140.4724344989328,139.8090770151848,137.48869427868757,119.96583479421655,134.07673746101753,139.07422503183957,133.6011596893511,138.39096689379954,"rgba(0, 255, 255, 0.75)",4.531087269526419,138.39096689379954,1.5490836279862845,8,0.369564156598987,2.956513252791896,0.0,0.0,0.0,0.0,53.71019370887771,-0.37856586822564253,True,False,True,False,True,4.199107241486011
2025-10-03 00:00:00+00:00,146.99,147.01,144.0072,145.37,975343,125.30953337701602,132.56137625282832,138.1595049070047,140.4894019360155,139.8318865197333,137.53040751955393,120.00359238985114,134.1051434498588,139.10205493881938,133.6742471982736,138.47911739905913,"rgba(0, 255, 255, 0.75)",4.4477593708092815,138.47911739905913,1.9135213691635249,8,0.3684604752244973,2.9476838017959786,0.0,0.0,0.0,0.0,56.19375867122531,1.9650406299507637,True,False,True,False,True,5.347150567225697
2025-10-06 00:00:00+00:00,147.54,148.99,146.3565,146.66,829941,125.34117207254695,132.58951029834765,138.18154105396817,140.50799345583707,139.8562448573328,137.57233434315785,120.03763955678048,134.132498221756,139.13110090371978,133.74387975106956,138.57018063439185,"rgba(0, 255, 0, 1.0)",4.320284486212427,138.57018063439185,2.07621035009015,7,0.39966883680894283,2.7976818576626,0.0,0.0,0.0,0.0,58.22697801096656,3.8490960368523233,True,False,True,False,True,5.746031919483162
2025-10-07 00:00:00+00:00,144.71,147.66,143.3,147.66,945834,125.37323980558902,132.61633726330888,138.20016694851392,140.52194573087303,139.87528569465795,137.60836515738708,120.0729649461933,134.1580058376392,139.15466019819274,133.80879123720683,138.62796759826148,"rgba(38, 166, 154, 1.0)",4.1211497559869485,138.62796759826148,1.4758096069920619,7,0.39948383748661714,2.79638686240632,0.0,0.0,0.0,0.0,56.64091450326655,3.8490960368523233,True,False,True,False,True,3.389041220635402
2025-10-08 00:00:00+00:00,145.08,147.35,143.31,145.2,864466,125.40249282408809,132.64080210358614,138.21716079626304,140.5346886310094,139.8926461182197,137.64110076909472,120.10519468128423,134.18126562678972,139.176116105899,133.86759972117315,138.67816752534807,"rgba(0, 255, 255, 0.75)",3.9420534211533194,138.67816752534807,1.623984200797301,6,0.4325422622275242,2.595253573365145,0.0,0.0,0.0,0.0,55.89322820151754,3.8490960368523233,True,False,True,False,False,3.6668317312955097
2025-10-09 00:00:00+00:00,145.8,149.99,145.1,146.18,1007855,125.43943045916748,132.67307351576375,138.2416834277417,140.55483970567224,139.91918928444895,137.68744857138395,120.14522489734452,134.21244857204613,139.20796096483258,133.9456328523963,138.75933147150246,"rgba(0, 255, 255, 0.75)",3.860729501964335,138.75933147150246,1.8236627365152787,6,0.4326423469114646,2.5958540814687874,0.0,0.0,0.0,0.0,56.017809248912556,3.8490960368523233,True,False,True,False,False,4.212089307493336
2025-10-10 00:00:00+00:00,142.64,147.285,142.105,146.48,1005758,125.47112483623874,132.6985074501881,138.25777802483285,140.56561393098423,139.93445692860598,137.7186624430926,120.18066698947803,134.2362428758503,139.22747780363218,134.00512454559393,138.79371646071368,"rgba(38, 166, 154, 1.0)",3.790255949640678,138.79371646071368,1.0147820069119442,6,0.43525777002484795,2.611546620149088,0.0,0.0,0.0,0.0,53.00260382580824,7.465461839308702,True,False,True,False,False,1.5902142623826343
2025-10-13 00:00:00+00:00,146.01,147.37,143.01,144.06,874356,125.50074371914121,132.72335489351542,138.27521379404584,140.57885523687264,139.95233775168637,137.75175978180314,120.21326711891459,134.25989670802983,139.24943327934864,134.06370535065233,138.84042193513753,"rgba(0, 255, 255, 0.75)",3.7632820737286847,138.84042193513753,1.905139695722781,6,0.43793429983335214,2.6276057990001127,0.0,0.0,0.0,0.0,53.86177481711872,7.465461839308702,True,False,True,False,False,4.1424648075346155
2025-10-14 00:00:00+00:00,147.75,149.05,144.31,144.31,564777,125.52133316661323,132.74132910866865,138.2888866807445,140.5901130290275,139.96710609405932,137.77731968319267,120.23558934027064,134.2772608547726,139.2671030998726,134.1064060110253,138.88157079298912,"rgba(0, 255, 0, 1.0)",3.762844243951806,138.88157079298912,2.3568419610419733,6,0.447489449492001,2.684936696952006,0.0,0.0,0.0,0.0,55.68441960539798,7.465461839308702,True,False,True,False,True,5.417040168346123
