date,Close,High,Low,Open,Volume,aVWAP_BoS_CHoCH_bull_70,aVWAP_BoS_CHoCH_bull_104,aVWAP_BoS_CHoCH_bull_148,Peaks_Valleys_avg,color,StDev,StDev_Mean,StdDev_ZScore,MA_Cross_Count,MA_Avg_Deviation_Z,MA_Oscillation_Score,BoS,CHoCH,BoS_CHoCH_Price,BoS_CHoCH_Break_Index,QQEMOD,QQE1_Value,QQE1_Above_Upper,QQE1_Below_Lower,QQE2_Above_Threshold,QQE2_Below_Threshold,QQE2_Above_TL,banker_RSI
2021-12-31 00:00:00+00:00,34.81,34.82,34.06,34.39,59251786,,,,,#000000,,,,0,,,0.0,0.0,0.0,0.0,,,False,False,False,False,False,
2022-01-07 00:00:00+00:00,34.15,34.8,33.9703,34.38,57564627,,,,,"rgba(239, 83, 80, 0.5)",,,,0,,,0.0,0.0,0.0,0.0,0.0,,False,False,False,True,False,
2022-01-14 00:00:00+00:00,34.54,34.77,34.07,34.07,49611452,,,,,"rgba(239, 83, 80, 0.5)",,,,0,,,0.0,0.0,0.0,0.0,11.076398750354983,-77.69099687588746,False,False,False,True,True,
2022-01-21 00:00:00+00:00,34.84,35.14,34.43,34.55,56195905,,,,,"rgba(239, 83, 80, 0.5)",,,,0,,,0.0,0.0,0.0,0.0,23.22442478847385,-65.60157545506817,False,False,False,True,True,
2022-01-28 00:00:00+00:00,34.03,35.26,33.88,34.97,80027499,,,,,"rgba(239, 83, 80, 0.5)",,34.39,,0,,,0.0,0.0,0.0,0.0,25.593770582885764,-62.80001616510282,False,False,False,True,True,
2022-02-04 00:00:00+00:00,34.39,34.44,34.0196,34.16,77004042,,,,,"rgba(239, 83, 80, 0.5)",,34.33762815397959,,0,,,0.0,0.0,0.0,0.0,30.49488670296256,-57.2361134573723,False,False,False,True,True,
2022-02-11 00:00:00+00:00,35.41,35.4766,34.455,34.52,76420461,,,,,"rgba(239, 83, 80, 0.5)",,34.59172965868847,,0,,,0.0,0.0,0.0,0.0,39.432475564942756,-47.690306127604025,False,False,False,True,True,
2022-02-18 00:00:00+00:00,36.06,36.15,35.1099,35.39,75887066,,,,,#000000,,34.88159251711911,,0,,,0.0,0.0,0.0,0.0,47.83640009061888,-38.70026049607952,False,False,False,False,True,
2022-02-25 00:00:00+00:00,35.96,37.19,35.7,36.17,100967141,,,,,#000000,,35.22652944356995,,0,,,0.0,0.0,0.0,0.0,53.257243590421695,-32.556235081839844,False,False,False,False,True,
2022-03-04 00:00:00+00:00,37.4,37.465,35.95,36.42,127854067,,,,,"rgba(38, 166, 154, 0.5)",,35.63321328660535,,0,,,0.0,0.0,0.0,0.0,60.10131391311505,-24.973178097423975,False,False,True,False,True,
2022-03-11 00:00:00+00:00,37.68,39.36,37.36,37.5525,179359658,,,,38.13333333333333,"rgba(38, 166, 154, 0.5)",,37.195752904815045,,0,,,0.0,0.0,0.0,0.0,65.38900136290583,-18.860835454497654,False,False,True,False,True,
2022-03-18 00:00:00+00:00,36.5,37.33,36.03,37.28,92769628,,,,37.617433804705115,"rgba(38, 166, 154, 0.5)",,36.95851586243904,,0,,,0.0,0.0,0.0,0.0,64.29760578203256,-18.8453863986836,False,False,True,False,True,
2022-03-25 00:00:00+00:00,37.16,37.37,36.32,36.53,65438269,,,,37.48805018295276,"rgba(38, 166, 154, 0.5)",,36.91812451613145,,0,,,0.0,0.0,0.0,0.0,64.78037893669485,-17.02372772312949,False,False,True,False,True,
2022-04-01 00:00:00+00:00,36.54,37.06,35.99,36.73,55720555,,,,37.352314861811266,"rgba(38, 166, 154, 0.5)",,36.855694656070284,,0,,,0.0,0.0,0.0,0.0,63.169904833942205,-17.02372772312949,False,False,True,False,True,
2022-04-08 00:00:00+00:00,36.97,37.035,36.4,36.7199,56860603,,,,37.282759651471736,"rgba(38, 166, 154, 0.5)",,36.8336489295863,,0,,,0.0,0.0,0.0,0.0,62.85480772185706,-15.960178110477699,False,False,True,False,True,
2022-04-15 00:00:00+00:00,37.47,37.67,36.89,37.31,41256349,,,,37.287845168802235,"rgba(38, 166, 154, 0.5)",,36.85540192429128,,0,,,0.0,0.0,0.0,0.0,63.51679155634855,-13.69348515099108,False,False,True,False,True,
2022-04-22 00:00:00+00:00,36.72,37.9,36.61,37.88,59467460,,,,37.26504815383585,"rgba(38, 166, 154, 0.5)",,36.93345657318802,,0,,,0.0,0.0,0.0,0.0,61.825038295941354,-13.69348515099108,False,False,True,False,True,
2022-04-29 00:00:00+00:00,36.04,36.39,35.75,36.08,65397374,,,,37.13717076550985,"rgba(38, 166, 154, 0.5)",,36.70581149601825,,0,,,0.0,0.0,0.0,0.0,58.94689086476017,-13.69348515099108,False,False,True,False,True,
2022-05-06 00:00:00+00:00,35.74,36.18,35.24,35.38,68320680,,,,36.99574014439106,"rgba(38, 166, 154, 0.5)",,36.54817181152253,,0,,,0.0,0.0,0.0,0.0,56.214341819450354,-13.69348515099108,False,False,True,False,True,
2022-05-13 00:00:00+00:00,34.39,35.51,34.2308,35.51,60683859,,,,36.80964580952974,#000000,,35.93006982400998,,0,,,0.0,0.0,0.0,0.0,51.711888034671716,-13.69348515099108,False,False,False,False,True,
2022-05-20 00:00:00+00:00,35.04,35.14,34.29,34.32,36093914,,,,36.717891655698566,#000000,,35.87445592080089,,0,,,0.0,0.0,0.0,0.0,49.94706246010846,-13.69348515099108,False,False,False,False,True,
2022-05-27 00:00:00+00:00,35.23,35.53,34.98,35.26,31247769,,,,36.66131820411918,#000000,,35.87223029358448,,0,,,0.0,0.0,0.0,0.0,49.091386203248824,-13.69348515099108,False,False,False,False,True,
2022-06-03 00:00:00+00:00,35.15,35.54,34.86,35.2,31657674,,,,36.60589831111809,#000000,,35.85598519918839,,0,,,0.0,0.0,0.0,0.0,48.324545045508835,-13.69348515099108,False,False,False,False,True,
2022-06-10 00:00:00+00:00,35.56,35.64,34.73,35.22,35284964,,,,36.55391119264131,#000000,,35.62279429328329,,0,,,0.0,0.0,0.0,0.0,48.693897217383594,-13.69348515099108,False,False,False,False,True,
2022-06-17 00:00:00+00:00,34.89,35.2,34.29,34.89,44419833,,,,36.46927224599797,#000000,,35.49860156697707,,0,,,0.0,0.0,0.0,0.0,47.612207034263356,-13.69348515099108,False,False,False,False,False,
2022-06-24 00:00:00+00:00,34.66,35.11,34.6,34.85,31135976,,,,36.414529304925914,#000000,,35.45104171639606,,0,,,0.0,0.0,0.0,0.0,46.4067658766899,-13.69348515099108,False,False,False,False,False,
2022-07-01 00:00:00+00:00,34.3,34.78,34.02,34.75,38038418,,,,36.33609480754829,"rgba(239, 83, 80, 0.5)",,35.35467739121429,,0,,,0.0,0.0,0.0,0.0,44.8819466898885,-13.69348515099108,False,False,False,True,False,
2022-07-08 00:00:00+00:00,33.09,34.1,32.9,34.06,34383990,,,,36.23661867823358,"rgba(239, 83, 80, 0.5)",,35.191588708934276,,0,,,0.0,0.0,0.0,0.0,41.89604617408737,-13.69348515099108,False,False,False,True,False,
2022-07-15 00:00:00+00:00,32.4,33.15,32.24,32.99,32775629,,,,36.12410307058742,"rgba(239, 83, 80, 0.5)",,35.005045911302496,,0,,,0.0,0.0,0.0,0.0,38.879035423027965,-13.69348515099108,False,False,False,True,False,
2022-07-22 00:00:00+00:00,32.75,33.0366,32.2,32.62,29399474,,,,36.03070396860825,"rgba(239, 83, 80, 0.5)",,34.02811082255752,,0,,,0.0,0.0,0.0,0.0,37.6377289216124,-13.69348515099108,False,False,False,True,False,
2022-07-29 00:00:00+00:00,33.45,33.565,32.505,32.7369,27358746,,,,35.96072266044161,"rgba(239, 83, 80, 0.5)",,34.02832418431724,,0,,,0.0,0.0,0.0,0.0,38.44842484982462,-13.69348515099108,False,False,False,True,False,
2022-08-05 00:00:00+00:00,33.68,34.1,33.3199,33.61,33506296,,,,35.894886517582385,"rgba(239, 83, 80, 0.5)",,34.06787387860978,,0,,,0.0,0.0,0.0,0.0,39.55398465686259,-13.69348515099108,False,False,False,True,False,
2022-08-12 00:00:00+00:00,34.21,34.23,33.81,33.83,17630286,,,,35.867547022358195,"rgba(239, 83, 80, 0.5)",,33.91082962967097,,0,,,0.0,0.0,0.0,0.0,41.51386737636571,-13.69348515099108,False,False,False,True,False,
2022-08-19 00:00:00+00:00,33.15,33.88,33.14,33.84,17572933,,,,35.8308304683138,"rgba(239, 83, 80, 0.5)",,33.81099997047563,,0,,,0.0,0.0,0.0,0.0,41.16254180647987,-13.69348515099108,False,False,False,True,False,
2022-08-26 00:00:00+00:00,32.98,33.42,32.88,32.96,16877386,,,,35.79241405528341,"rgba(239, 83, 80, 0.5)",,33.732148141615056,,0,,,0.0,0.0,0.0,0.0,40.65620872335939,-13.69348515099108,False,False,False,True,False,
2022-09-02 00:00:00+00:00,32.47,33.145,32.06,32.99,19304837,,,,35.741321326892376,"rgba(239, 83, 80, 0.5)",,33.61215923307888,,0,,,0.0,0.0,0.0,0.0,39.54530800339282,-13.69348515099108,False,False,False,True,False,
2022-09-09 00:00:00+00:00,32.58,32.66,32.22,32.45,16152258,,,,35.69886159617226,"rgba(239, 83, 80, 0.5)",,33.53366681288618,,0,,,0.0,0.0,0.0,0.0,39.02553550717115,-13.69348515099108,False,False,False,True,False,
2022-09-16 00:00:00+00:00,31.75,32.9401,31.4504,32.82,20600945,,,,35.63909017231889,"rgba(239, 83, 80, 0.5)",,33.41387821024907,,0,,,0.0,0.0,0.0,0.0,37.478042920828294,-13.69348515099108,False,False,False,True,False,
2022-09-23 00:00:00+00:00,31.18,32.05,31.12,31.56,35638088,,,,35.52374987021703,"rgba(239, 83, 80, 0.5)",,33.18063613510271,,0,,,0.0,0.0,0.0,0.0,35.65897234406706,-6.709817282460776,False,False,False,True,False,
2022-09-30 00:00:00+00:00,31.53,31.8001,30.785,31.22,61033607,,,,35.336781502959774,"rgba(239, 83, 80, 0.5)",,32.33030897048198,,0,,,0.0,0.0,0.0,0.0,35.277204956993785,-7.459198530572905,False,False,False,True,False,
2022-10-07 00:00:00+00:00,32.19,32.835,31.64,31.67,34917527,,,,35.25854535508006,"rgba(239, 83, 80, 0.5)",,32.38452014587826,,0,,,0.0,0.0,0.0,0.0,36.61981061570343,-7.459198530572905,False,False,False,True,False,
2022-10-14 00:00:00+00:00,31.17,31.9615,31.13,31.78,24214603,,,,35.19284337020994,"rgba(239, 83, 80, 0.5)",,32.31672543410632,,0,,,0.0,0.0,0.0,0.0,36.153896433387004,-7.459198530572905,False,False,False,True,False,
2022-10-21 00:00:00+00:00,31.43,31.66,30.8346,31.58,47862198,,,,35.06570313096166,"rgba(239, 83, 80, 0.5)",,32.194937104539015,,0,,,0.0,0.0,0.0,0.0,36.433111272511326,-7.459198530572905,False,False,False,True,False,
2022-10-28 00:00:00+00:00,31.22,31.7499,31.09,31.28,25206547,,,,35.002798050350535,"rgba(239, 83, 80, 0.5)",,32.14738875719407,,0,,,0.0,0.0,0.0,0.0,36.338439987176166,-7.741913958970649,False,False,False,True,False,
2022-11-04 00:00:00+00:00,31.91,31.93,30.69,31.02,38302354,,,,33.21256155093323,"rgba(239, 83, 80, 0.5)",,31.77400800009671,,0,,,0.0,0.0,0.0,0.0,37.894164671879196,-7.741913958970649,False,False,False,True,False,
2022-11-11 00:00:00+00:00,33.56,33.56,31.77,31.86,32169785,,,,33.52412756589589,"rgba(239, 83, 80, 0.5)",,32.01781654022461,,0,,,0.0,0.0,0.0,0.0,42.09165814964135,-7.741913958970649,False,False,False,True,True,
2022-11-18 00:00:00+00:00,33.19,33.8847,33.16,33.47,20046753,,,,33.65193539720276,"rgba(239, 83, 80, 0.5)",,32.144985297927846,,0,,,0.0,0.0,0.0,0.0,44.44867138855481,-11.109074960320605,False,False,False,True,True,
2022-11-25 00:00:00+00:00,33.28,33.315,32.88,33.12,11430615,,,,33.68567234466605,#000000,,32.18994096954857,,0,,,0.0,0.0,0.0,0.0,46.288323346729676,-9.273431773644688,False,False,False,False,True,
2022-12-02 00:00:00+00:00,34.12,34.24,33.01,33.22,23273963,,,,33.79540782115899,#000000,,32.32112330481158,,0,,,0.0,0.0,0.0,0.0,48.99293909902103,-6.632891487229806,False,False,False,False,True,
2022-12-09 00:00:00+00:00,34.05,34.27,33.5,33.97,17144671,,,,33.86166361022751,#000000,,32.409105934526075,,0,,,0.0,0.0,0.0,0.0,50.7850937831937,-4.899899437999331,False,False,False,False,True,0.0
2022-12-16 00:00:00+00:00,34.0,34.62,33.665,33.94,25033766,,,,33.94524761926628,#000000,,32.52917225338706,,0,,,0.0,0.0,0.0,0.0,51.959924947196974,-3.7457852265739646,False,False,False,False,True,0.0
2022-12-23 00:00:00+00:00,34.11,34.5999,33.84,33.98,18520588,,,,33.99664147253944,#000000,,32.60970885321897,,0,,,0.0,0.0,0.0,0.0,52.99848225112431,-2.6907337205574464,False,False,False,False,True,0.0
2022-12-30 00:00:00+00:00,34.59,34.78,34.085,34.24,15283792,,,,34.04432918407525,"rgba(38, 166, 154, 0.5)",,32.68189160342368,,0,,,0.0,0.0,0.0,0.0,54.59619272867255,-1.0788756617180653,False,False,True,False,True,1.5975879538091284
2023-01-06 00:00:00+00:00,35.43,35.48,34.6278,34.935,26386001,,,,34.156776526374436,"rgba(38, 166, 154, 0.5)",,32.838091502313375,,0,,,0.0,0.0,0.0,0.0,57.06589918316675,1.3552734065718681,False,False,True,False,True,5.039156289328314
2023-01-13 00:00:00+00:00,36.45,36.4657,35.4221,35.59,21966888,,,,34.2796358844229,"rgba(38, 166, 154, 0.5)",,33.00003928015967,,0,,,0.0,0.0,0.0,0.0,60.16871669260141,4.3504104874059735,False,False,True,False,True,8.880393574924483
2023-01-20 00:00:00+00:00,36.55,36.71,36.0748,36.34,19735910,,,,34.38794273781035,"rgba(38, 166, 154, 0.5)",,33.14517855452505,,0,,,0.0,0.0,0.0,0.0,62.50609321523322,6.568429937765238,False,False,True,False,True,9.241588106182203
2023-01-27 00:00:00+00:00,36.55,36.955,36.255,36.38,20151211,,,,34.490101014388344,"rgba(38, 166, 154, 0.5)",,33.28571747590073,,0,,,0.0,0.0,0.0,0.0,64.17564787425594,8.148074056624424,False,False,True,False,True,9.241588106182203
2023-02-03 00:00:00+00:00,35.37,37.07,35.3007,36.55,44884615,,,,34.62341497082917,"rgba(38, 166, 154, 0.5)",,34.18706040970588,,0,,,0.0,0.0,0.0,0.0,62.4036950017892,8.148074056624424,False,False,True,False,True,3.9430659856410166
2023-02-10 00:00:00+00:00,35.35,35.8,35.215,35.51,24180859,,,,34.664018072945254,"rgba(38, 166, 154, 0.5)",,34.208762127673,,0,,,0.0,0.0,0.0,0.0,61.09247761092418,8.148074056624424,False,False,True,False,True,3.857284820957478
2023-02-17 00:00:00+00:00,34.93,35.38,34.575,35.211,32316175,,,,34.68636870523817,"rgba(38, 166, 154, 0.5)",,34.19718442571816,,0,,,0.0,0.0,0.0,0.0,59.193653414698275,8.148074056624424,False,False,True,False,False,2.0628962471616106
2023-02-24 00:00:00+00:00,34.33,34.975,34.305,34.91,11720223,,,,34.68610187974605,"rgba(38, 166, 154, 0.5)",,34.48408557077786,,0,,,0.0,0.0,0.0,0.0,56.56387479458032,12.798131602097271,False,False,True,False,False,0.0
2023-03-03 00:00:00+00:00,35.19,35.2,34.375,34.44,22704258,,,,34.6980542452809,"rgba(38, 166, 154, 0.75)",,34.54630502896021,,0,,,0.0,0.0,0.0,0.0,56.28120269056691,12.488621400249201,True,False,True,False,False,2.9710183075471974
2023-03-10 00:00:00+00:00,35.46,35.47,34.37,35.13,19107051,,,,34.71189328495772,"rgba(38, 166, 154, 0.75)",,34.58497754787832,,0,,,0.0,0.0,0.0,0.0,56.538857477670646,12.488621400249201,True,False,True,False,False,3.9913037565058325
2023-03-17 00:00:00+00:00,37.49,37.691,35.94,36.03,34319659,,,,34.82062343965414,"rgba(38, 166, 154, 0.75)",,34.96184389729118,,0,,,0.0,0.0,0.0,0.0,59.485235329903645,12.488621400249201,True,False,True,False,False,10.951617008967073
2023-03-24 00:00:00+00:00,37.46,37.99,36.7,37.58,35351449,,,,34.934209317127966,"rgba(38, 166, 154, 1.0)",,35.240593600252765,,0,,,0.0,0.0,0.0,0.0,61.52174406502908,12.488621400249201,True,False,True,False,True,10.824755765433618
2023-03-31 00:00:00+00:00,37.37,37.622,36.855,36.96,21911891,,,,34.99553348985811,"rgba(38, 166, 154, 1.0)",,35.361356660627244,,0,,,0.0,0.0,0.0,0.0,62.76091774291498,6.687446173892582,True,False,True,False,True,10.438722405083634
2023-04-07 00:00:00+00:00,38.05,38.52,37.4,37.51,31751230,,,,35.10248968369391,"rgba(38, 166, 154, 1.0)",,35.57322496477347,,0,,,0.0,0.0,0.0,0.0,64.46500170882368,8.410817357393789,True,False,True,False,True,12.60253447221406
2023-04-14 00:00:00+00:00,38.01,38.84,37.58,37.77,26621411,,,,35.18913150118679,"rgba(38, 166, 154, 1.0)",,35.7297176821455,,0,,,0.0,0.0,0.0,0.0,65.57885157147749,9.573116962144063,True,False,True,False,True,12.42665454168323
2023-04-21 00:00:00+00:00,37.59,38.155,37.38,37.925,17834671,,,,35.235459152559464,"rgba(38, 166, 154, 1.0)",,35.8010024951968,,0,,,0.0,0.0,0.0,0.0,65.28251640692939,9.573116962144063,True,False,True,False,True,10.585612937221029
2023-04-28 00:00:00+00:00,37.71,38.0738,37.41,37.56,15738986,,,,35.27489926863283,"rgba(38, 166, 154, 1.0)",,35.8595905595585,,0,,,0.0,0.0,0.0,0.0,65.24130724194738,9.573116962144063,True,False,True,False,True,10.978665241979506
2023-05-05 00:00:00+00:00,38.24,39.04,37.52,37.95,36082795,,,,36.34122638729903,"rgba(38, 166, 154, 1.0)",,36.92353060567851,,0,,,1.0,0.0,39.04,100.0,65.94644788164618,10.41978207919999,True,False,True,False,True,12.692144380698313
2023-05-12 00:00:00+00:00,38.11,38.68,38.07,38.32,20776472,,,,36.380971813510904,"rgba(38, 166, 154, 1.0)",,36.986849128991224,,0,,,0.0,0.0,0.0,0.0,66.08230418017477,10.777511693030682,True,False,True,False,True,12.108623161546316
2023-05-19 00:00:00+00:00,37.45,38.33,37.0,38.21,19727469,,,,36.347735267295256,"rgba(38, 166, 154, 1.0)",,36.97189226127942,,0,,,0.0,0.0,0.0,0.0,64.40059200286821,10.777511693030682,True,False,True,False,True,9.205852353517905
2023-05-26 00:00:00+00:00,36.92,37.505,36.7485,37.37,17288362,,,,36.29934070837514,"rgba(38, 166, 154, 0.75)",,37.25989103435356,,0,,,0.0,0.0,0.0,0.0,61.91589621628111,10.777511693030682,True,False,True,False,False,6.967647030260377
2023-06-02 00:00:00+00:00,36.94,37.5842,36.92,37.07,19169861,,,,36.273993657372564,"rgba(38, 166, 154, 0.75)",1.9551459289791173,37.24164171162587,-0.15428091947252864,0,,,0.0,0.0,0.0,0.0,60.17918402530979,15.21949011862462,True,False,True,False,False,7.037206605169388
2023-06-09 00:00:00+00:00,37.14,37.342,36.76,36.88,15826707,,,,36.258765343213305,"rgba(38, 166, 154, 0.75)",1.9710439909891477,37.218658725115596,-0.03990713828569649,0,,,0.0,0.0,0.0,0.0,59.33264899945564,14.312858100673338,True,False,True,False,False,7.738951057110199
2023-06-16 00:00:00+00:00,37.06,37.26,36.76,37.09,19169454,,,,36.24499488158014,"rgba(38, 166, 154, 0.75)",1.9827061041655947,37.19149788091163,-0.06632242702806979,0,,,0.0,0.0,0.0,0.0,58.51211587926385,13.413370358711127,True,False,True,False,False,7.391714674147259
2023-06-23 00:00:00+00:00,36.35,36.75,36.245,36.74,19212161,,,,36.208811638575575,"rgba(38, 166, 154, 0.75)",1.9875705483541208,37.111762501622245,-0.3832631260576125,0,,,0.0,0.0,0.0,0.0,56.12643957939062,11.021128997952879,True,False,True,False,False,4.374953146461987
2023-06-30 00:00:00+00:00,36.39,36.58,35.87,36.52,18913431,,,,36.1743859644292,"rgba(38, 166, 154, 0.75)",1.9932784167915087,36.90125059097494,-0.25648729583791713,0,,,0.0,0.0,0.0,0.0,54.51762811436377,9.418793513014549,True,False,True,False,False,4.523300077678073
2023-07-07 00:00:00+00:00,36.46,36.6501,36.05,36.44,17372159,,,,36.153257351363195,#000000,1.9956800191260016,36.870794227914274,-0.20584173012574364,0,,,0.0,0.0,0.0,0.0,53.543666175603406,8.426472580681505,True,False,False,False,False,4.7866610499565745
2023-07-14 00:00:00+00:00,37.02,37.175,36.38,36.39,18225972,,,,36.15303159993287,"rgba(38, 166, 154, 0.75)",2.005843113155816,36.90667053671563,0.056499664675205,0,,,0.0,0.0,0.0,0.0,54.18866585566366,8.426472580681505,True,False,True,False,False,6.865109838634286
2023-07-21 00:00:00+00:00,37.17,37.6,36.86,36.93,18789379,,,,36.166839742044516,"rgba(38, 166, 154, 0.75)",2.0191722235778924,36.9903300552849,0.08898198113914889,0,,,0.0,0.0,0.0,0.0,54.987891106834276,8.426472580681505,True,False,True,False,False,7.411957959491964
2023-07-28 00:00:00+00:00,37.12,37.4799,36.8,37.18,15802403,,,,36.17595287317868,"rgba(38, 166, 154, 0.75)",2.0291437416615774,37.00645313363508,0.055958020141018715,0,,,0.0,0.0,0.0,0.0,55.40437099535615,8.426472580681505,True,False,True,False,False,7.187592451921134
2023-08-04 00:00:00+00:00,36.77,37.365,36.59,37.23,26899306,,,,36.18112465787711,"rgba(38, 166, 154, 0.75)",2.0354539702152166,36.97961455165702,-0.10298172040454226,0,,,0.0,0.0,0.0,0.0,54.63103045820564,8.426472580681505,True,False,True,False,False,5.619831970808249
2023-08-11 00:00:00+00:00,36.24,36.765,36.22,36.76,18168789,,,,36.17069792164818,#000000,2.0228701400741538,36.90823005922897,-0.3303375960675716,0,,,0.0,0.0,0.0,0.0,52.614383172786575,7.100009591978726,False,False,False,False,False,3.3115904545416406
2023-08-18 00:00:00+00:00,35.78,36.24,35.7,36.1,22751874,,,,36.142648214990466,#000000,2.0029802120165217,36.49014465896063,-0.35454402130397683,0,,,0.0,0.0,0.0,0.0,50.046644081663715,4.5665540601257675,False,False,False,False,False,1.3749622420102163
2023-08-25 00:00:00+00:00,36.26,36.4299,35.71,35.89,44838104,,,,36.11180074698778,#000000,2.0009979672315725,36.434931445980354,-0.08742210079422393,0,,,0.0,0.0,0.0,0.0,49.5792586511246,4.080353526971805,False,False,False,False,False,3.2638900596293716
2023-09-01 00:00:00+00:00,36.76,36.96,36.23,36.25,24181508,,,,36.11490870803893,#000000,1.9961083037651992,36.48225453392968,0.13914348512373723,0,,,0.0,0.0,0.0,0.0,50.52056649017715,4.080353526971805,False,False,False,False,False,5.16823468290162
2023-09-08 00:00:00+00:00,36.35,36.62,36.2701,36.59,16871797,,,,36.11226192681708,#000000,1.9944395496271972,36.482250678629086,-0.06630969519923775,0,,,0.0,0.0,0.0,0.0,50.125824332421914,4.080353526971805,False,False,False,False,False,3.426200495681101
2023-09-15 00:00:00+00:00,36.42,36.5599,36.0,36.53,18547472,,,,36.10791200307323,#000000,1.9886484884993705,36.47323322749486,-0.026768545473326424,0,,,0.0,0.0,0.0,0.0,50.029241468737816,4.080353526971805,False,False,False,False,False,3.6961332231584016
2023-09-22 00:00:00+00:00,36.46,36.88,36.27,36.505,20705377,,,,36.10890047734918,#000000,1.9760340388066553,36.48305668152665,-0.01166816009939344,0,,,0.0,0.0,0.0,0.0,50.07143296019102,4.080353526971805,False,False,False,False,False,3.852590741219789
2023-09-29 00:00:00+00:00,34.99,36.48,34.96,36.42,53043274,,,,36.0516199531392,#000000,1.967254894470932,36.303772055543355,-0.6678199450593693,0,,,0.0,0.0,0.0,0.0,46.74974842539832,0.8656354855810378,False,True,False,False,False,0.0
2023-10-06 00:00:00+00:00,34.64,34.795,34.3501,34.75,39458238,34.59503333333333,,,35.63379586992214,"rgba(239, 83, 80, 1.0)",1.9648851420939697,35.673984011904935,-0.5262312741614107,0,,,0.0,0.0,0.0,0.0,43.758847923417854,-2.0277554679632885,False,True,False,True,False,0.0
2023-10-13 00:00:00+00:00,36.5,36.56,34.93,34.95,28555034,35.18350211761513,,,35.77557107215378,#000000,1.9702642800734504,35.820263825772194,0.344997461052517,0,,,0.0,0.0,0.0,0.0,46.04095025012539,-2.0277554679632885,False,True,False,False,False,3.5620407088490538
2023-10-20 00:00:00+00:00,37.47,37.815,36.25,36.31,39850202,35.92049327833257,,,35.986525389816556,#000000,1.987405098873163,36.09819323135012,0.6902502008411244,0,,,0.0,0.0,0.0,0.0,49.31740217809657,-5.2431828930797835,False,True,False,False,True,6.8112189983328975
2023-10-27 00:00:00+00:00,38.01,38.0434,37.1,37.46,34566956,36.356688144600845,,,36.12962632868268,#000000,2.014873988414464,36.649525181727384,0.6752158328984101,0,,,0.0,0.0,0.0,0.0,52.46496618801358,-2.360002518720208,False,False,False,False,True,8.528633245096763
2023-11-03 00:00:00+00:00,37.73,38.015,37.295,37.89,40993933,36.65243815649178,,,36.239931015633104,"rgba(38, 166, 154, 0.5)",2.0363578332958205,36.78778062846389,0.4626983313689687,0,,,0.0,0.0,0.0,0.0,54.09912962332665,-0.942235981206764,False,False,True,False,True,7.430167513924918
2023-11-10 00:00:00+00:00,36.64,37.615,36.599,37.58,20175054,36.68205624883199,,,36.2549329218638,#000000,2.0430363201385897,36.76858421003932,-0.0629377993782306,0,,,0.0,0.0,0.0,0.0,53.115829242189676,-0.942235981206764,False,False,False,False,True,3.3378871256643805
2023-11-17 00:00:00+00:00,37.5,37.63,36.57,36.62,26569868,36.745693581530944,,,36.28508769032515,#000000,2.0595060896567796,36.79087349708314,0.34431872111387485,0,,,0.0,0.0,0.0,0.0,53.80319473852946,-0.942235981206764,False,False,False,False,True,6.092079195306777
2023-11-24 00:00:00+00:00,37.87,38.0,37.21,37.22,13407377,36.79785524311329,,,36.30880723793747,"rgba(38, 166, 154, 0.5)",2.0810171629355825,36.82640377330134,0.5014837192531915,0,,,0.0,0.0,0.0,0.0,54.84653240769528,-0.42418102963592474,False,False,True,False,True,7.2354429372055975
2023-12-01 00:00:00+00:00,39.21,39.29,37.9601,38.08,28237745,37.00793148552608,,,36.40171081295719,"rgba(38, 166, 154, 1.0)",2.128074458495504,37.54114875750254,0.7842071671107302,8,0.2809025465117013,2.2472203720936106,0.0,0.0,0.0,0.0,57.34607122528735,2.0023870899152385,True,False,True,False,True,11.150599149554669
2023-12-08 00:00:00+00:00,37.9,38.87,37.755,38.72,38523272,37.15280367110982,,,36.47572551593803,"rgba(38, 166, 154, 0.5)",2.1445010339668107,37.53521609468462,0.1701019955400138,8,0.2792957813631288,2.2343662509050306,0.0,0.0,0.0,0.0,56.74546925247161,2.0023870899152385,False,False,True,False,True,6.4558827020652245
2023-12-15 00:00:00+00:00,38.18,38.76,37.4,37.67,26270164,37.2277670811379,,,36.517974586797266,"rgba(38, 166, 154, 0.5)",2.150855199703162,37.555962265375086,0.29013470302930494,8,0.2769634253447209,2.2157074027577672,0.0,0.0,0.0,0.0,56.68978640223915,2.0023870899152385,False,False,True,False,True,7.260984149241946
2023-12-22 00:00:00+00:00,38.86,39.18,38.24,38.3,19596996,37.312064538932994,,,36.56283341463753,"rgba(38, 166, 154, 1.0)",2.1555743784200403,37.6300397070882,0.5705951533035549,8,0.27316800607491,2.18534404859928,0.0,0.0,0.0,0.0,57.526464989600214,2.349321049995389,True,False,True,False,True,9.176930549764723
2023-12-29 00:00:00+00:00,39.03,39.4499,38.88,38.99,15928450,37.38944831377314,,,36.604031579073556,"rgba(38, 166, 154, 1.0)",2.167019026095412,38.25219216379053,0.3589298602564382,8,0.269888000384557,2.159104003076456,1.0,0.0,39.4499,114.0,58.338232268262104,3.2704925925241852,True,False,True,False,True,9.648465830894438
2024-01-05 00:00:00+00:00,38.66,39.18,38.42,39.09,26982526,37.48165479023485,,,36.657664959165956,"rgba(38, 166, 154, 1.0)",2.1793257656424023,38.245849468904666,0.1900360825464985,8,0.2673229017239151,2.1385832137913208,0.0,0.0,0.0,0.0,58.202532125380486,3.2903174200352368,True,False,True,False,True,8.322822285907826
2024-01-12 00:00:00+00:00,38.75,39.02,38.1,38.22,24916196,37.5487400234505,,,36.69990225280923,"rgba(38, 166, 154, 1.0)",2.194093479822191,38.25173089676432,0.22709565832904163,8,0.26426026296821326,2.114082103745706,0.0,0.0,0.0,0.0,58.234375132223704,3.516246172669618,True,False,True,False,True,8.580997608288435
2024-01-19 00:00:00+00:00,38.39,38.65,37.88,38.63,22314300,37.586631235000624,,,36.727830443961665,"rgba(38, 166, 154, 0.5)",2.206791825742115,38.407500820532775,-0.0079304356344935,8,0.26201616174390496,2.0961292939512397,0.0,0.0,0.0,0.0,57.526839058727866,3.516246172669618,False,False,True,False,True,7.280621451253772
2024-01-26 00:00:00+00:00,38.18,38.475,38.055,38.24,22414847,37.61771411056894,,,36.75277950066102,"rgba(38, 166, 154, 0.5)",2.2005693202745036,38.37152326648598,-0.08703350752072152,8,0.26016980132324524,2.081358410585962,0.0,0.0,0.0,0.0,56.596673029071674,3.516246172669618,False,False,True,False,True,6.525622601746225
2024-02-02 00:00:00+00:00,38.51,39.076,38.235,38.46,29485093,37.67625782543868,,,36.79449487176552,"rgba(38, 166, 154, 0.5)",2.1940349106587274,38.41804714521863,0.04191038817780746,8,0.25868346519674074,2.069467721573926,0.0,0.0,0.0,0.0,56.49362044380052,3.516246172669618,False,False,True,False,True,7.518514417685953
2024-02-09 00:00:00+00:00,38.32,38.68,38.13,38.18,30371042,37.7164989348685,,,36.8280112968529,"rgba(38, 166, 154, 0.5)",2.1716533743621333,38.406788556581546,-0.03996427680685344,8,0.25782425036195916,2.0625940028956733,0.0,0.0,0.0,0.0,56.005150804867874,3.516246172669618,False,False,True,False,True,6.821479153164891
2024-02-16 00:00:00+00:00,38.07,38.25,37.53,38.11,24052669,37.72666110074853,37.95,,36.84370447579563,"rgba(38, 166, 154, 0.5)",2.1454082708539914,38.30002325759381,-0.10721654275260382,8,0.2564127842270689,2.0513022738165514,0.0,0.0,0.0,0.0,55.1064960704984,3.516246172669618,False,False,True,False,False,5.903921724097984
2024-02-23 00:00:00+00:00,38.52,38.63,38.2057,38.39,20508642,37.75261054276438,38.18099157517606,,36.86581156980792,"rgba(38, 166, 154, 0.5)",2.100794761662999,38.36181182172794,0.07529920635695055,8,0.25478820305183,2.03830562441464,0.0,0.0,0.0,0.0,55.319023106324195,3.516246172669618,False,False,True,False,False,7.298398548252649
2024-03-01 00:00:00+00:00,39.4,39.5,38.31,38.37,24748670,37.80713830618366,38.498431802625944,,36.904634767033215,"rgba(38, 166, 154, 0.5)",2.0483067320273443,38.493312448585264,0.44265223427612604,8,0.2512994305187831,2.010395444150265,0.0,0.0,0.0,0.0,56.950769387991414,3.516246172669618,False,False,True,False,False,9.919320356668045
2024-03-08 00:00:00+00:00,41.18,41.525,39.6097,39.66,33225515,37.963193481213004,39.23501649249967,,37.00107632244422,"rgba(38, 166, 154, 1.0)",2.046115484662743,38.88725641003601,1.1205347924640228,8,0.24412239704513455,1.9529791763610764,0.0,0.0,0.0,0.0,60.373436983395464,6.719150125003495,True,False,True,False,True,14.734732522306807
2024-03-15 00:00:00+00:00,40.8,41.35,40.68,41.21,23727945,38.071171301955275,39.556050417449285,,37.06935305553998,"rgba(38, 166, 154, 1.0)",2.0451978648302918,39.09714315365284,0.8326122746507274,8,0.23882659672335332,1.9106127737868266,0.0,0.0,0.0,0.0,61.94547009112242,8.217542420642879,True,False,True,False,True,13.311305489262264
2024-03-22 00:00:00+00:00,40.93,41.66,40.635,40.78,27436192,38.19195625943509,39.827190898215306,,37.14729084425259,"rgba(38, 166, 154, 1.0)",2.0072095281983326,39.29852365681321,0.8128081898112551,7,0.23299129618779849,1.6309390733145894,0.0,0.0,0.0,0.0,63.224184731739946,9.428194977448342,True,False,True,False,True,13.651021217729465
2024-03-29 00:00:00+00:00,42.01,42.09,41.05,41.1,20352874,38.29404971329474,40.048137225873454,,37.21266333516772,"rgba(38, 166, 154, 1.0)",2.0037019612581197,39.46697847481336,1.2691615691137426,7,0.22535396514233805,1.5774777559963664,0.0,0.0,0.0,0.0,65.3324751185694,11.428390540740253,True,False,True,False,True,16.38727464258184
2024-04-05 00:00:00+00:00,43.95,44.07,42.145,42.62,64575890,38.72281445314804,40.95203692568059,,37.48339704306699,"rgba(38, 166, 154, 1.0)",2.0596200734229932,40.172232660800454,1.8342059236784747,7,0.21386950901961854,1.4970865631373298,0.0,0.0,0.0,0.0,68.46242609772287,14.365413547978903,True,False,True,False,True,20.0
2024-04-12 00:00:00+00:00,44.3,45.98,43.85,44.13,62872640,39.17628011930244,41.73569280247605,,37.776629727481854,"rgba(38, 166, 154, 1.0)",2.140380954557091,41.974726649128044,1.0863829384770065,7,0.20378890002476568,1.4265223001733598,0.0,0.0,0.0,0.0,70.94220557498582,16.62588542767152,True,False,True,False,True,20.0
2024-04-19 00:00:00+00:00,45.14,45.43,43.95,44.52,59052539,39.55242496479892,42.24412548502907,,38.03116997764474,"rgba(38, 166, 154, 1.0)",2.2886436283654463,42.361469884267294,1.214051013139664,7,0.19320854057251344,1.352459784007594,0.0,0.0,0.0,0.0,73.26724319302511,18.723307673886282,True,False,True,False,True,20.0
2024-04-26 00:00:00+00:00,44.26,44.3422,43.69,44.19,36795626,39.733031069315246,42.415743788488506,,38.16118130545096,"rgba(38, 166, 154, 1.0)",2.3734906061869627,42.46424515285698,0.756588141727645,7,0.18590181968815012,1.3013127378170508,0.0,0.0,0.0,0.0,72.9644824114439,18.723307673886282,True,False,True,False,True,19.996181038686323
2024-05-03 00:00:00+00:00,43.52,44.38,43.05,44.14,46739080,39.92124375043285,42.54564588712198,,38.30390204200289,"rgba(38, 166, 154, 1.0)",2.4228295720366373,42.53143560624293,0.40802060746108665,7,0.180662771216052,1.264639398512364,0.0,0.0,0.0,0.0,71.25018895609568,18.723307673886282,True,False,True,False,True,17.335012121506495
2024-05-10 00:00:00+00:00,44.68,44.87,43.6201,43.97,30371928,40.056553090990356,42.66371185248593,,38.40540374733108,"rgba(38, 166, 154, 1.0)",2.5218986841213655,42.63005808306932,0.8128565710580405,7,0.1742540234200802,1.2197781639405614,0.0,0.0,0.0,0.0,71.05166491263822,18.723307673886282,True,False,True,False,True,19.808112457999822
2024-05-17 00:00:00+00:00,45.69,45.74,44.095,44.35,30203961,40.206170960086574,42.814011504464354,,38.51631182576159,"rgba(38, 166, 154, 1.0)",2.645986128949791,42.770657757672744,1.1033097303068475,7,0.16735688349869612,1.171498184490873,0.0,0.0,0.0,0.0,71.68439628643469,18.723307673886282,True,False,True,False,True,20.0
2024-05-24 00:00:00+00:00,44.12,46.085,44.07,45.73,29374083,40.33200251082634,42.92095641028735,,38.6129919153499,"rgba(38, 166, 154, 0.75)",2.7013975829005634,43.592685615834476,0.19520058339555096,6,0.17422772452531876,1.0453663471519126,0.0,0.0,0.0,0.0,69.35327930251184,18.723307673886282,True,False,True,False,False,16.50635955415321
2024-05-31 00:00:00+00:00,43.99,44.665,43.865,44.64,19785992,40.40221834991332,42.96569897972042,,38.66952428255299,"rgba(38, 166, 154, 0.75)",2.7474632493095177,43.55467791582912,0.15844509813927019,6,0.17065333037459715,1.0239199822475828,0.0,0.0,0.0,0.0,67.47661193423572,22.34170722727957,True,False,True,False,False,16.08295381111745
2024-06-07 00:00:00+00:00,43.24,44.9499,43.235,44.11,26238772,40.48282896321933,43.00381348688951,,38.73704714635406,"rgba(38, 166, 154, 0.75)",2.776305127712419,43.88102994208873,-0.23089318810462137,6,0.16871216525157948,1.0122729915094768,0.0,0.0,0.0,0.0,64.93039794929547,19.90032804865281,True,False,True,False,False,13.667700167531954
2024-06-14 00:00:00+00:00,44.08,44.25,43.3799,43.55,19457028,40.54182195851796,43.033005728897066,,38.786787829837166,"rgba(38, 166, 154, 0.75)",2.8348900037450213,43.872216083969434,0.07329523041672592,6,0.16661437159950576,0.9996862295970346,0.0,0.0,0.0,0.0,63.995280396139165,19.018958727466057,True,False,True,False,False,15.471718440873865
2024-06-21 00:00:00+00:00,43.89,44.69,43.65,43.91,19171324,40.60088858581283,43.06534553991484,,38.836510105197576,"rgba(38, 166, 154, 0.75)",2.895034973104057,43.88784512012014,0.0007443363896740956,6,0.16473637378662548,0.9884182427197529,0.0,0.0,0.0,0.0,63.014350935361804,18.054329862749668,True,False,True,False,False,14.861655928837656
2024-06-28 00:00:00+00:00,43.93,44.13,43.35,44.05,16853673,40.64725063937379,43.08491583644261,,38.87682830015072,"rgba(38, 166, 154, 0.75)",2.952512486338051,43.86861972958266,0.020789165397727724,6,0.16266608682807857,0.9759965209684713,0.0,0.0,0.0,0.0,62.358663940220765,17.368231223274137,True,False,True,False,False,14.948644986305634
2024-07-05 00:00:00+00:00,45.15,45.225,43.84,43.99,16972686,40.70603872089815,43.127922998937095,,38.925132629212456,"rgba(38, 166, 154, 0.75)",3.0374357784335504,43.936999030849876,0.39935032627280276,5,0.17180981577693744,0.8590490788846872,0.0,0.0,0.0,0.0,63.18531282934666,17.368231223274137,True,False,True,False,False,17.535582463027396
2024-07-12 00:00:00+00:00,45.61,45.805,44.4,44.89,19535460,40.78032358376983,43.19023803494414,,38.985080904515776,"rgba(38, 166, 154, 0.75)",3.114051125851105,44.044833879936675,0.5026141372793123,4,0.1856429214379719,0.7425716857518876,0.0,0.0,0.0,0.0,64.21795338281778,17.368231223274137,True,False,True,False,False,18.472486114849655
2024-07-19 00:00:00+00:00,45.32,46.9301,45.25,45.66,23606862,40.87775778960775,43.27993123030246,,39.06267143591439,"rgba(38, 166, 154, 0.75)",3.174604624598573,44.83667087393081,0.15224860517246627,4,0.18288207381756752,0.7315282952702701,0.0,0.0,0.0,0.0,64.39815006383006,17.368231223274137,True,False,True,False,False,17.502283441954887
2024-07-26 00:00:00+00:00,45.08,45.96,44.455,45.29,17704569,40.93887283060723,43.32671562241719,,39.113435215200546,"rgba(38, 166, 154, 0.75)",3.215348596123712,44.803431678244706,0.0860150349136983,4,0.180755687459832,0.723022749839328,0.0,0.0,0.0,0.0,64.05915903794836,17.368231223274137,True,False,True,False,False,16.698520150012563
2024-08-02 00:00:00+00:00,46.05,46.76,44.77,45.23,32704533,41.06513381534872,43.43776415215722,,39.21614093185157,"rgba(38, 166, 154, 0.75)",3.26366461799292,44.95785004005371,0.33463915192913973,4,0.17828677687711986,0.7131471075084794,0.0,0.0,0.0,0.0,64.85276041315373,17.368231223274137,True,False,True,False,False,18.71548827168315
2024-08-09 00:00:00+00:00,45.89,46.04,44.99,45.09,69916431,41.30301692671544,43.626459239081,,39.416539021380615,"rgba(38, 166, 154, 0.75)",3.31591538596011,45.090227426418565,0.24119209343149892,4,0.1762120129388417,0.7048480517553668,0.0,0.0,0.0,0.0,65.09275331495374,17.368231223274137,True,False,True,False,False,18.17294863997829
2024-08-16 00:00:00+00:00,47.4,47.4089,46.02,46.22,30655419,41.42873514482765,43.746544286284,,39.51900220655689,"rgba(38, 166, 154, 1.0)",3.4084340437553977,45.26935075076989,0.6251108931192842,4,0.17351812955133064,0.6940725182053226,0.0,0.0,0.0,0.0,66.71039141027812,17.368231223274137,True,False,True,False,True,20.0
2024-08-23 00:00:00+00:00,47.43,47.83,46.66,47.04,20614894,41.51554312719313,43.83116930382783,,39.58966476185928,"rgba(38, 166, 154, 1.0)",3.517508014295174,45.39229909250987,0.5793024206935415,4,0.17160197386097437,0.6864078954438975,0.0,0.0,0.0,0.0,67.89200802705018,13.752519283275873,True,False,True,False,True,20.0
2024-08-30 00:00:00+00:00,47.28,47.755,47.12,47.72,15122799,41.57845090100582,43.892077242269536,,39.641130592479826,"rgba(38, 166, 154, 1.0)",3.613908328306842,45.47566665975296,0.49927479513360873,4,0.16990377495287176,0.679615099811487,0.0,0.0,0.0,0.0,68.40211907552256,14.361752473240344,True,False,True,False,True,20.0
2024-09-06 00:00:00+00:00,47.15,47.605,46.72,47.1,18412333,41.65032585224517,43.95884011276427,,39.70081758310204,"rgba(38, 166, 154, 1.0)",3.6988362815672158,45.55522912828099,0.43115476066523667,4,0.1681656156692199,0.6726624626768796,0.0,0.0,0.0,0.0,68.46614820914186,14.561301131355393,True,False,True,False,True,20.0
2024-09-13 00:00:00+00:00,48.8,48.85,47.095,47.27,17239337,41.72895265109792,44.039390846081304,,39.76436694944556,"rgba(38, 166, 154, 1.0)",3.8291981283692356,45.672673638806685,0.8167052882492569,4,0.16591991570149703,0.6636796628059881,0.0,0.0,0.0,0.0,70.03783999595805,16.211811395112534,True,False,True,False,True,20.0
2024-09-20 00:00:00+00:00,49.52,49.595,48.11,48.81,25146976,41.85446668137409,44.17365015968022,,39.86459486418712,"rgba(38, 166, 154, 1.0)",3.9715375332959564,45.87658959236805,0.9173803286729381,4,0.1631771774478553,0.6527087097914211,0.0,0.0,0.0,0.0,71.7088190999038,17.911535922607385,True,False,True,False,True,20.0
2024-09-27 00:00:00+00:00,50.09,50.57,49.59,49.68,25809712,41.996282962021866,44.33105909522131,,39.97660675136002,"rgba(38, 166, 154, 1.0)",4.117065398496319,46.12012996251715,0.9642475047719128,4,0.1604643815094649,0.6418575260378596,0.0,0.0,0.0,0.0,73.307843584504,19.504454520256033,True,False,True,False,True,20.0
2024-10-04 00:00:00+00:00,50.08,50.485,49.58,49.89,36430754,42.187505617932175,44.538221341266585,,40.12951319304428,"rgba(38, 166, 154, 1.0)",4.2518301305978365,46.413149455599914,0.8624169902771962,4,0.1577379070673051,0.6309516282692204,0.0,0.0,0.0,0.0,74.42559716821782,20.615834089292107,True,False,True,False,True,20.0
2024-10-11 00:00:00+00:00,50.16,50.27,49.195,50.0,21280311,42.29268831592318,44.6488364359028,,40.21482902663871,"rgba(38, 166, 154, 1.0)",4.38303016661323,46.555958475357926,0.8222716676912393,4,0.15444670941005484,0.6177868376402194,0.0,0.0,0.0,0.0,75.28506055980091,21.482943019768555,True,False,True,False,True,20.0
2024-10-18 00:00:00+00:00,51.37,51.41,49.9313,50.12,18823089,42.39565707888721,44.76144735906875,,40.29725679499153,"rgba(38, 166, 154, 1.0)",4.539225429023728,46.70987988500976,1.0266333293767498,3,0.1670987339496354,0.5012962018489062,0.0,0.0,0.0,0.0,76.7499182889591,22.93295304414164,True,False,True,False,True,20.0
2024-10-25 00:00:00+00:00,51.8,51.92,51.15,51.68,22550737,42.5259835665861,44.90632578851727,,40.4010723632529,"rgba(38, 166, 154, 1.0)",4.69006931699291,46.90982967908534,1.0426648286831808,3,0.1630926758302828,0.4892780274908484,0.0,0.0,0.0,0.0,78.06403125003678,24.223472760634564,True,False,True,False,True,20.0
2024-11-01 00:00:00+00:00,51.62,52.69,51.57,51.74,33882962,42.722020528531566,45.12321249935257,,42.83832277641763,"rgba(38, 166, 154, 1.0)",4.817146955698252,48.62060526128698,0.6226496235837273,3,0.15937408914547982,0.4781222674364395,1.0,0.0,52.69,161.0,78.51436969643052,24.69112847175286,True,False,True,False,True,20.0
2024-11-08 00:00:00+00:00,50.7,51.93,50.08,51.8,48582029,42.958725870468896,45.36728115042624,,42.87036468219514,"rgba(38, 166, 154, 1.0)",4.908960338361245,48.68027740057883,0.4114359172222228,3,0.1568057508648271,0.4704172525944813,0.0,0.0,0.0,0.0,76.48823996020388,24.69112847175286,True,False,True,False,True,20.0
2024-11-15 00:00:00+00:00,48.37,49.625,48.29,49.62,37885953,43.08676593882097,45.47549139386945,48.76166666666666,42.79956622872927,"rgba(38, 166, 154, 0.75)",4.944985440727723,48.85096691798438,-0.09726356604067198,3,0.15595494939486435,0.46786484818459306,0.0,0.0,0.0,0.0,70.57731302492138,24.730232688503477,True,False,True,False,False,16.822261236965883
2024-11-22 00:00:00+00:00,51.08,51.2,49.16,49.16,21893002,43.17984604654284,45.566016287195026,49.390976347696274,42.86165595729202,"rgba(38, 166, 154, 0.75)",5.03294727473579,49.05060647297879,0.40322169421648496,2,0.1806432638241814,0.3612865276483628,0.0,0.0,0.0,0.0,69.06023219370492,23.454691690045195,True,False,True,False,False,20.0
2024-11-29 00:00:00+00:00,50.25,50.26,49.385,49.96,21649932,43.26328324434787,45.64332175823433,49.54359507425172,42.9051603147963,"rgba(38, 166, 154, 0.75)",5.083456233634692,49.10190131121901,0.2258500193597802,2,0.17857599489189419,0.35715198978378837,0.0,0.0,0.0,0.0,66.75194529878509,21.388904739516448,True,False,True,False,False,19.266113320504118
2024-12-06 00:00:00+00:00,49.68,50.1699,49.52,49.985,22216574,43.34461629933988,45.71677538322561,49.59640522784238,42.9468773030027,"rgba(38, 166, 154, 0.5)",5.115640556793101,49.122532800864576,0.10897309788412682,2,0.17676976097068334,0.3535395219413667,0.0,0.0,0.0,0.0,64.3000516636193,19.184310566186795,False,False,True,False,False,17.58527380996727
2024-12-13 00:00:00+00:00,49.98,51.38,49.95,50.38,26317622,43.44778589455311,45.81378148462005,49.76655880082398,43.02051115228054,"rgba(38, 166, 154, 0.5)",5.1483978090275935,49.82280283830083,0.030533219756935757,2,0.17462705391986952,0.34925410783973904,0.0,0.0,0.0,0.0,62.851482768814606,17.927982387932403,False,False,True,False,False,18.12987073630731
2024-12-20 00:00:00+00:00,49.5,50.21,48.825,50.17,24031140,43.52727862064356,45.88190128068671,49.72678231803454,43.06046534526632,"rgba(38, 166, 154, 0.5)",5.174107218981225,49.880533946109516,-0.0735458176656112,2,0.172920293556336,0.345840587112672,0.0,0.0,0.0,0.0,61.11240650855956,16.351875852720156,False,False,True,False,False,16.70963395809839
2024-12-27 00:00:00+00:00,49.37,49.805,49.21,49.41,10959574,43.56254681752689,45.911724906704066,49.7091679638786,43.078847559153914,"rgba(38, 166, 154, 0.5)",5.194214341999254,49.83921624435458,-0.09033440159767887,2,0.17143740563218274,0.3428748112643655,0.0,0.0,0.0,0.0,59.676657396190436,15.03755125716711,False,True,True,False,False,16.324744284990107
2025-01-03 00:00:00+00:00,49.79,50.22,49.0,49.3,13254515,43.606130839510726,45.94921449597876,49.706254786827984,43.104565256773576,"rgba(38, 166, 154, 0.5)",5.215644346190224,49.83282901085202,-0.008211643281104648,2,0.17027776197259414,0.3405555239451883,0.0,0.0,0.0,0.0,59.148857219075296,14.547816831347504,False,True,True,False,False,17.12547884258282
2025-01-10 00:00:00+00:00,50.78,50.93,49.505,49.56,24616161,43.69505961309073,46.03026035159356,49.791059270286055,43.17105304085565,"rgba(38, 166, 154, 0.5)",5.2443723660237564,49.9645916894821,0.15548253510765467,2,0.16874640352192655,0.3374928070438531,0.0,0.0,0.0,0.0,59.86909147627244,14.547816831347504,False,True,True,False,False,18.9647867522029
2025-01-17 00:00:00+00:00,50.99,51.4167,50.14,50.37,23119724,43.78187655284993,46.1111954374845,49.899302748240686,43.24166047757829,"rgba(38, 166, 154, 0.5)",5.26113971141835,50.10455172347109,0.16829970787645251,2,0.16744568009681043,0.33489136019362087,0.0,0.0,0.0,0.0,60.60561058561211,14.547816831347504,False,True,True,False,False,19.34761925253574
2025-01-24 00:00:00+00:00,52.31,52.5782,51.515,51.55,19446563,43.8662746180302,46.19510424402404,50.076428241953096,43.32185204370688,"rgba(38, 166, 154, 0.5)",5.28922864997457,50.33069848202674,0.37421364228275106,2,0.16582709208501242,0.33165418417002485,0.0,0.0,0.0,0.0,62.420867059004905,14.547816831347504,False,False,True,False,True,20.0
2025-01-31 00:00:00+00:00,52.87,53.18,51.52,51.91,31902943,44.00744149818306,46.33649995750205,50.35794734178175,43.456926489268554,"rgba(38, 166, 154, 0.5)",5.329913627750395,50.65813513222822,0.41499075261850826,2,0.16375506389204178,0.32751012778408356,0.0,0.0,0.0,0.0,64.20635795440276,14.547816831347504,False,False,True,False,True,20.0
2025-02-07 00:00:00+00:00,53.97,54.475,53.085,53.13,37609374,44.192953586295395,46.529156976201406,50.77421251943393,43.64466015253838,"rgba(38, 166, 154, 0.5)",5.396560105564753,51.12492556042071,0.5272014735174627,2,0.16116986306167225,0.3223397261233445,0.0,0.0,0.0,0.0,66.36143598439834,11.035985114267355,False,False,True,False,True,20.0
2025-02-14 00:00:00+00:00,54.46,55.295,54.3,54.83,33543597,44.36652866020954,46.71166485004371,51.150688717914605,43.821168911853796,"rgba(38, 166, 154, 1.0)",5.457055480982634,51.52997606509463,0.5369239776132478,2,0.15797873684365832,0.31595747368731664,0.0,0.0,0.0,0.0,68.2624202622763,12.892664181305491,True,False,True,False,True,20.0
2025-02-21 00:00:00+00:00,55.39,55.6,55.08,55.16,19859908,44.47313051971421,46.8247041057032,51.37748437999226,43.92984289497806,"rgba(38, 166, 154, 1.0)",5.531440983265702,51.7696299481855,0.6545075799899572,2,0.15457325071634725,0.3091465014326945,0.0,0.0,0.0,0.0,70.26407055787915,14.834830488083497,True,False,True,False,True,20.0
2025-02-28 00:00:00+00:00,53.87,55.7,53.44,55.52,54957083,44.73096278809842,47.08702167610788,51.761708304672624,44.17251191826081,"rgba(38, 166, 154, 1.0)",5.5573990935225055,52.14097095577098,0.3111219862263098,2,0.15234337077586765,0.3046867415517353,0.0,0.0,0.0,0.0,68.95038306724535,14.834830488083497,True,False,True,False,True,20.0
2025-03-07 00:00:00+00:00,54.91,55.3,54.2,54.23,38799962,44.91347929070927,47.272679926483,52.01711671302649,44.34341212512402,"rgba(38, 166, 154, 1.0)",5.564556846766954,52.38656919490176,0.4534827973883252,2,0.1496629556387304,0.2993259112774608,0.0,0.0,0.0,0.0,68.85097727534324,14.834830488083497,True,False,True,False,True,20.0
2025-03-14 00:00:00+00:00,56.29,56.53,54.34,54.75,46905606,45.14513276521547,47.511441718711254,52.358367172310665,44.563746369015476,"rgba(38, 166, 154, 1.0)",5.584800715068274,52.72153299451257,0.638960490722506,2,0.1465493094284946,0.2930986188569892,0.0,0.0,0.0,0.0,69.75245486169857,14.834830488083497,True,False,True,False,True,20.0
2025-03-21 00:00:00+00:00,56.97,57.585,56.3467,56.37,27143331,45.289987186294546,47.663614225010114,52.59171365240423,44.70463005893447,"rgba(38, 166, 154, 1.0)",5.65249251247657,52.95538111258161,0.710238691790753,2,0.1434939190932068,0.2869878381864136,0.0,0.0,0.0,0.0,70.82935040685832,15.583361436249845,True,False,True,False,True,20.0
2025-03-28 00:00:00+00:00,58.13,58.24,56.634,57.04,20509524,45.40353483815251,47.78380524838452,52.778756565219595,44.815791836659585,"rgba(38, 166, 154, 1.0)",5.758469438164134,53.14368494707108,0.8659097884382655,2,0.14015761452972433,0.28031522905944867,0.0,0.0,0.0,0.0,72.27970234364834,17.10033091839462,True,False,True,False,True,20.0
2025-04-04 00:00:00+00:00,57.26,59.15,56.89,58.83,58335514,45.71790907227682,48.11365920119593,53.25191487500776,45.11846423961847,"rgba(38, 166, 154, 1.0)",5.836305832096692,53.61406188108633,0.6246996342897039,2,0.13747988413113973,0.27495976826227947,0.0,0.0,0.0,0.0,71.85245782778773,17.10033091839462,True,False,True,False,True,20.0
2025-04-11 00:00:00+00:00,60.96,61.224,55.78,57.04,67664646,46.10764573701886,48.527351208553235,53.85354345159126,45.49669798423691,"rgba(38, 166, 154, 1.0)",6.003944883338144,54.216541429232194,1.1231712985044093,2,0.13336225920211256,0.2667245184042251,0.0,0.0,0.0,0.0,73.51008176272762,18.5109786109377,True,False,True,False,True,20.0
2025-04-18 00:00:00+00:00,62.63,63.03,60.26,60.445,37335703,46.354552323932516,48.795737504951646,54.274620908998386,45.74168722805546,"rgba(38, 166, 154, 1.0)",6.183953815544947,54.644100109336186,1.2913906100962813,2,0.12904526995574359,0.25809053991148717,0.0,0.0,0.0,0.0,75.34597076101703,20.37947485530036,True,False,True,False,True,20.0
2025-04-25 00:00:00+00:00,62.34,64.98,61.485,64.47,69100592,46.81874194447034,49.29946697814828,55.03304032849719,46.19849182668544,"rgba(38, 166, 154, 1.0)",6.34838368306355,57.473673352892945,0.7665457681912993,2,0.12550628241718986,0.2510125648343797,0.0,0.0,0.0,0.0,76.23154721912118,21.319187772153597,True,False,True,False,True,20.0
2025-05-02 00:00:00+00:00,60.97,63.25,60.43,62.24,38840704,47.04696700594583,49.53996972017883,55.338782002375986,46.41509347939605,"rgba(38, 166, 154, 1.0)",6.458066419128408,57.57808939474047,0.525220768125408,1,0.14614223641503712,0.14614223641503712,0.0,0.0,0.0,0.0,74.93155298299963,21.319187772153597,True,False,True,False,True,20.0
2025-05-09 00:00:00+00:00,62.77,64.59,62.02,62.595,37919644,47.28655165301725,49.795481522435104,55.67986235653861,46.645099366589584,"rgba(38, 166, 154, 1.0)",6.628791291176857,57.88181392891097,0.7374174048284443,1,0.14257563310026805,0.14257563310026805,0.0,0.0,0.0,0.0,74.87876407224628,21.319187772153597,True,False,True,False,True,20.0
2025-05-16 00:00:00+00:00,60.2,61.435,59.71,61.07,45916681,47.51980948226706,50.03266821645531,55.92001132891986,46.85838000882523,"rgba(38, 166, 154, 0.75)",6.6859649771499585,59.05484983167359,0.1712767225434309,1,0.14046332963793232,0.14046332963793232,0.0,0.0,0.0,0.0,71.80718016171267,21.319187772153597,True,False,True,False,False,20.0
2025-05-23 00:00:00+00:00,63.38,63.475,60.67,60.95,54314719,47.82757300491349,50.35281200099556,56.29042978610061,47.146576333811495,"rgba(38, 166, 154, 0.75)",6.820921717853186,59.53796932744616,0.5632714802308387,1,0.13748710486065163,0.13748710486065163,0.0,0.0,0.0,0.0,71.23753109432587,25.96801706502758,True,False,True,False,False,20.0
2025-05-30 00:00:00+00:00,62.16,62.8,61.695,62.16,32441688,48.001927837625345,50.5319336211535,56.48303143079887,47.30808590265523,"rgba(38, 166, 154, 0.5)",6.916411070063019,59.67114131474887,0.3598482883737052,1,0.13530484895755754,0.13530484895755754,0.0,0.0,0.0,0.0,69.61066793448141,24.328939016140566,False,False,True,False,False,20.0
2025-06-06 00:00:00+00:00,62.47,63.885,62.44,63.285,43509062,48.240642232029074,50.77799583741617,56.75229610449199,47.530124165440384,"rgba(38, 166, 154, 0.5)",7.00792646974878,59.90110386691123,0.36657007521097185,1,0.1332423540051173,0.1332423540051173,0.0,0.0,0.0,0.0,68.60986357657623,23.29979113648419,False,False,True,False,False,20.0
2025-06-13 00:00:00+00:00,64.74,65.0,62.43,62.48,40098285,48.47031887805772,51.01648158468944,57.022966943582496,50.463869374953106,"rgba(38, 166, 154, 0.5)",7.139031294217725,61.73916465091327,0.4203420920030511,1,0.13050715827332987,0.13050715827332987,0.0,0.0,0.0,0.0,68.99763164785135,23.29979113648419,False,False,True,False,False,20.0
2025-06-20 00:00:00+00:00,63.45,64.43,63.285,64.42,31568197,48.64270995570581,51.19362096978121,57.21284935295052,50.572794269858015,"rgba(38, 166, 154, 0.5)",7.21774384404146,61.81491616453822,0.22653669495511577,1,0.12848129672614877,0.12848129672614877,0.0,0.0,0.0,0.0,67.97850827079247,22.521783541268476,False,False,True,False,False,20.0
2025-06-27 00:00:00+00:00,61.65,63.99,61.37,63.52,35425923,48.814237032452304,51.36528015550654,57.37081384074187,50.61632641086894,"rgba(38, 166, 154, 0.5)",7.230495291621618,62.70750940814204,-0.14625684209592593,1,0.12720323087240376,0.12720323087240376,0.0,0.0,0.0,0.0,65.59862512751346,20.1452645701237,False,True,True,False,False,20.0
2025-07-04 00:00:00+00:00,62.87,63.3153,61.8,61.88,27988502,48.94993015684559,51.501114994055044,57.49662143128551,50.69445378582237,"rgba(38, 166, 154, 0.5)",7.252537293195355,62.709946722041906,0.022068590823829417,1,0.12579961325533018,0.12579961325533018,0.0,0.0,0.0,0.0,64.59390409826413,19.12702367516094,False,True,True,False,False,20.0
2025-07-11 00:00:00+00:00,63.3,63.5001,61.9633,62.345,26346683,49.07762635122992,51.62893317765855,57.61538036042467,50.783127178357766,"rgba(38, 166, 154, 0.5)",7.276909682174347,62.74137059785478,0.07676739530155825,1,0.12454001725263557,0.12454001725263557,0.0,0.0,0.0,0.0,64.11745285547451,18.595447219135508,False,True,True,False,False,20.0
2025-07-18 00:00:00+00:00,63.13,63.66,62.4501,63.26,37776486,49.25875533867807,51.80979813513708,57.78169887111927,50.91777936602506,"rgba(38, 166, 154, 0.5)",7.277732809525718,62.792634721745046,0.04635582084208759,1,0.12357526846860246,0.12357526846860246,0.0,0.0,0.0,0.0,63.60915562843394,18.002773593382855,False,True,True,False,False,20.0
2025-07-25 00:00:00+00:00,62.91,64.72,62.6701,63.83,30648350,49.405968932760864,51.956860803550114,57.917889318506454,51.03613563611833,"rgba(38, 166, 154, 0.5)",7.252406827584416,63.05176123408972,-0.019546784599911594,1,0.12271820854833153,0.12271820854833153,0.0,0.0,0.0,0.0,63.018306551641295,17.31098561451104,False,True,True,False,False,20.0
2025-08-01 00:00:00+00:00,63.29,63.36,61.6,62.72,29974657,49.54014710185848,52.08878269831355,58.02914890615368,51.12897221782115,"rgba(38, 166, 154, 0.5)",7.230965693796723,62.96396504145287,0.0450887159963743,1,0.12180759524500742,0.12180759524500742,0.0,0.0,0.0,0.0,62.85032214191575,17.007833394930657,False,True,True,False,False,20.0
2025-08-08 00:00:00+00:00,64.06,64.17,63.43,63.62,28521479,49.676111027918296,52.22441691396916,58.15472873075156,51.24519045476484,"rgba(38, 166, 154, 0.5)",7.232421851485027,63.217789948328715,0.11644924327780426,1,0.12091781893218491,0.12091781893218491,0.0,0.0,0.0,0.0,63.2433856567548,17.007833394930657,False,True,True,False,False,20.0
2025-08-15 00:00:00+00:00,62.94,63.525,62.74,63.18,26923667,49.79485838278176,52.340836407737974,58.25219786759648,51.33300125980046,"rgba(38, 166, 154, 0.5)",7.234541165400481,63.18166206303574,-0.033403923968461154,1,0.12041329106453505,0.12041329106453505,0.0,0.0,0.0,0.0,62.252034262883754,16.14163064505638,False,True,True,False,False,20.0
2025-08-22 00:00:00+00:00,63.58,63.67,62.48,63.0,34051326,49.94400072534264,52.48688861095746,58.374351088593635,51.44673861856288,"rgba(38, 166, 154, 0.5)",7.229654646406464,63.188510268177154,0.05415054397064955,1,0.11987375185974887,0.11987375185974887,0.0,0.0,0.0,0.0,62.011873731792875,15.761217752053454,False,True,True,False,False,20.0
2025-08-29 00:00:00+00:00,65.1,65.11,63.4,63.41,24326359,50.05870469194157,52.60111533140983,58.480243505431304,51.54920652077225,"rgba(38, 166, 154, 0.5)",7.247577148435386,63.33944745589264,0.24291601290335005,0,,,0.0,0.0,0.0,0.0,62.875372495327404,15.761217752053454,False,True,True,False,False,20.0
2025-09-05 00:00:00+00:00,67.76,67.85,65.56,65.69,29861892,50.221151215799445,52.76739492881996,58.65741814813243,51.72254750402782,"rgba(38, 166, 154, 0.5)",7.339864600955569,63.783403947723976,0.5417805734125287,0,,,0.0,0.0,0.0,0.0,64.98746217803509,15.761217752053454,False,True,True,False,True,20.0
2025-09-12 00:00:00+00:00,68.68,69.26,68.17,68.3,36281631,50.43329123255397,52.9870412217435,58.90339165742685,51.96010498963411,"rgba(38, 166, 154, 0.5)",7.476454572387454,64.39539400049344,0.5730799215086203,0,,,0.0,0.0,0.0,0.0,66.94251326289421,13.317958102235266,False,False,True,False,True,20.0
2025-09-19 00:00:00+00:00,69.44,69.855,68.35,68.86,64333107,50.80792072214899,53.37418430177558,59.332449265143524,52.3659354682489,"rgba(38, 166, 154, 0.5)",7.622721823600826,65.24829225568868,0.5498964597308674,0,,,0.0,0.0,0.0,0.0,68.69669565745284,15.012869016375888,False,False,True,False,True,20.0
2025-09-26 00:00:00+00:00,70.63,70.6459,69.985,70.16,6504018,50.84739093288602,53.415198482627346,59.37889658762587,52.409333836015186,"rgba(38, 166, 154, 1.0)",7.798196564440906,65.33862694476448,0.6785380454967894,0,,,0.0,0.0,0.0,0.0,70.48333810497098,16.713984519117176,True,False,True,False,True,20.0
