date,Open,High,Low,Close,Volume,aVWAP_BoS_CHoCH_bull_71,aVWAP_BoS_CHoCH_bull_134,aVWAP_BoS_CHoCH_bull_356,aVWAP_BoS_CHoCH_bull_466,aVWAP_BoS_CHoCH_bull_498,aVWAP_BoS_CHoCH_bull_602,aVWAP_BoS_CHoCH_bear_631,Peaks_Valleys_avg,color,StDev,StDev_Mean,StdDev_ZScore,MA_Cross_Count,MA_Avg_Deviation_Z,MA_Oscillation_Score,BoS,CHoCH,BoS_CHoCH_Price,BoS_CHoCH_Break_Index,QQEMOD,QQE1_Value,QQE1_Above_Upper,QQE1_Below_Lower,QQE2_Above_Threshold,QQE2_Below_Threshold,QQE2_Above_TL,banker_RSI
2025-04-11 14:00:00+00:00,60.475,61.05,59.87,60.09,1876.0,,,,,,,,,"rgba(38, 166, 154, 1.0)",,,,0,,,0.0,0.0,0.0,0.0,,,False,False,False,False,False,
2025-04-11 15:00:00+00:00,60.05,60.36,59.64,60.36,1372.0,,,,,,,,,"rgba(38, 166, 154, 1.0)",,,,0,,,0.0,0.0,0.0,0.0,100.0,,False,False,True,False,False,
2025-04-11 16:00:00+00:00,60.29,62.26,60.29,62.18,3366.0,,,,,,,,,"rgba(38, 166, 154, 1.0)",,,,0,,,0.0,0.0,0.0,0.0,100.0,50.0,False,False,True,False,True,
2025-04-11 17:00:00+00:00,62.22,63.06,62.065,62.75,3460.0,,,,,,,,,"rgba(38, 166, 154, 1.0)",,,,0,,,0.0,0.0,0.0,0.0,100.0,50.0,False,False,True,False,True,
2025-04-11 18:00:00+00:00,62.88,62.88,62.105,62.4,5078.0,,,,,,,,,"rgba(239, 83, 80, 1.0)",,,,0,,,0.0,0.0,0.0,0.0,95.30388113104407,45.77349301793966,False,False,True,False,False,
2025-04-11 19:00:00+00:00,62.4,63.02,62.4,62.47,10241.0,,,,,,,,,"rgba(239, 83, 80, 1.0)",,,,0,,,0.0,0.0,0.0,0.0,92.31742281820857,43.367447668525074,False,False,True,False,False,
2025-04-14 14:00:00+00:00,62.795,62.85,62.18,62.55,5564.0,,,,,,,,,"rgba(38, 166, 154, 1.0)",,,,0,,,0.0,0.0,0.0,0.0,90.49943011104702,42.06071753465639,False,False,True,False,False,
2025-04-14 15:00:00+00:00,62.48,62.55,61.715,61.715,10634.0,,,,,,,,,"rgba(239, 83, 80, 1.0)",,,,0,,,0.0,0.0,0.0,0.0,80.35363313328277,33.194256804631635,False,False,True,False,False,
2025-04-14 16:00:00+00:00,61.65,62.14,61.625,62.065,3161.0,,,,,,,,,"rgba(38, 166, 154, 1.0)",,,,0,,,0.0,0.0,0.0,0.0,75.28069687229467,29.333764421441657,False,False,True,False,False,
2025-04-14 17:00:00+00:00,62.4,62.47,62.025,62.28,2159.0,,,,,,,,,"rgba(239, 83, 80, 1.0)",,,,0,,,0.0,0.0,0.0,0.0,72.83654756992843,27.747871429136964,False,False,True,False,False,
2025-04-14 18:00:00+00:00,62.27,62.54,62.26,62.43,2087.0,,,,,,,,,"rgba(239, 83, 80, 1.0)",,,,0,,,0.0,0.0,0.0,0.0,71.84348345597225,27.206944810647457,False,False,True,False,False,
2025-04-14 19:00:00+00:00,62.425,62.45,62.08,62.17,7798.0,,,,,,,,,"rgba(239, 83, 80, 1.0)",,,,0,,,0.0,0.0,0.0,0.0,68.75828163752061,24.505092716952646,False,False,True,False,False,
2025-04-15 14:00:00+00:00,62.58,62.92,62.31,62.4,2643.0,,,,,,,,,"rgba(239, 83, 80, 1.0)",,,,0,,,0.0,0.0,0.0,0.0,67.87176808124032,23.722701896967465,False,False,True,False,False,
2025-04-15 15:00:00+00:00,62.4,62.535,62.21,62.46,1228.0,,,,,,,,,"rgba(239, 83, 80, 1.0)",,,,0,,,0.0,0.0,0.0,0.0,67.58364068263387,23.295988436821446,False,False,True,False,False,
2025-04-15 16:00:00+00:00,62.46,62.55,61.97,61.97,879.0,,,,,,,,,"rgba(239, 83, 80, 1.0)",,,,0,,,0.0,0.0,0.0,0.0,62.97816808585358,18.833874110166363,False,False,True,False,False,
2025-04-15 17:00:00+00:00,61.975,62.1,61.39,61.465,1954.0,,,,,,,,,"rgba(239, 83, 80, 1.0)",,,,0,,,0.0,0.0,0.0,0.0,56.567219449258424,12.92154138913834,False,False,True,False,False,
2025-04-15 18:00:00+00:00,61.465,61.47,61.2,61.25,2509.0,,,,,,,,,"rgba(239, 83, 80, 1.0)",,,,0,,,0.0,0.0,0.0,0.0,51.09815233342299,8.064322293254214,False,False,False,False,False,
2025-04-15 19:00:00+00:00,61.23,61.27,60.66,60.91,7929.0,,,,,,,,60.94666666666667,"rgba(239, 83, 80, 1.0)",,60.94666666666667,,0,,,0.0,0.0,0.0,0.0,45.74858700363409,3.3626494308198005,False,False,False,True,False,
2025-04-16 14:00:00+00:00,62.0,62.565,62.0,62.47,5111.0,,,,,,,,61.49474041411043,"rgba(38, 166, 154, 1.0)",,61.49474041411043,,0,,,0.0,0.0,0.0,0.0,50.765397941655884,3.3626494308198005,False,False,False,False,True,
2025-04-16 15:00:00+00:00,62.39,62.73,62.19,62.62,3828.0,,,,,,,,61.725898446763104,"rgba(38, 166, 154, 1.0)",,61.725898446763104,,0,,,0.0,0.0,0.0,0.0,54.64727399922986,-4.02924517794041,False,False,True,False,True,
2025-04-16 16:00:00+00:00,62.67,62.9,62.55,62.82,6720.0,,,,,,,,62.01955464643039,"rgba(38, 166, 154, 1.0)",,62.01955464643039,,0,,,0.0,0.0,0.0,0.0,57.963148285949,-0.9863372162706483,False,False,True,False,True,
2025-04-16 17:00:00+00:00,62.81,63.05,62.045,62.135,5846.0,,,,,,,,62.097102500509614,"rgba(38, 166, 154, 1.0)",,62.097102500509614,,0,,,0.0,0.0,0.0,0.0,56.23529133478865,-0.9863372162706483,False,False,True,False,True,
2025-04-16 18:00:00+00:00,62.135,62.3,61.98,62.13,2701.0,,,,,,,,62.100427934235775,"rgba(38, 166, 154, 1.0)",,62.100427934235775,,0,,,0.0,0.0,0.0,0.0,55.05700079335867,-0.9863372162706483,False,False,True,False,True,
2025-04-16 19:00:00+00:00,62.12,62.21,61.695,62.135,4944.0,,,,,,,,62.0888150075964,"rgba(38, 166, 154, 1.0)",,62.0888150075964,,0,,,0.0,0.0,0.0,0.0,54.298031057617486,-0.9863372162706483,False,False,True,False,True,
2025-04-17 14:00:00+00:00,62.78,63.03,62.31,62.79,11635.0,,,,,,,,62.23718072149006,"rgba(38, 166, 154, 1.0)",,62.23718072149006,,0,,,0.0,0.0,0.0,0.0,56.92228953050804,-0.9863372162706483,False,False,True,False,True,
2025-04-17 15:00:00+00:00,62.805,63.73,62.615,63.685,10560.0,,,,,,,,62.434248096411025,"rgba(38, 166, 154, 1.0)",,62.434248096411025,,0,,,0.0,0.0,0.0,0.0,61.62414155634473,3.7702565620503634,False,False,True,False,True,
2025-04-17 16:00:00+00:00,63.82,64.22,63.42,63.725,9505.0,,,,,,,,62.621377600721154,"rgba(38, 166, 154, 1.0)",,62.621377600721154,,0,,,0.0,0.0,0.0,0.0,64.87107373905106,7.048975400440682,False,False,True,False,True,
2025-04-17 17:00:00+00:00,63.735,64.21,63.13,64.21,8097.0,,,,,,,,62.75078281908529,"rgba(38, 166, 154, 1.0)",,62.75078281908529,,0,,,0.0,0.0,0.0,0.0,68.34308446701681,10.507012448792032,False,False,True,False,True,
2025-04-17 18:00:00+00:00,64.23,64.555,64.11,64.21,6553.0,,,,,,,,62.87181281888393,"rgba(38, 166, 154, 1.0)",,62.87181281888393,,0,,,0.0,0.0,0.0,0.0,70.65775828566065,12.894718611347258,False,False,True,False,True,
2025-04-17 19:00:00+00:00,64.205,64.38,63.57,63.85,10234.0,,,,,,,,62.98779886401248,"rgba(38, 166, 154, 1.0)",,62.98779886401248,,0,,,0.0,0.0,0.0,0.0,69.33983151163704,12.894718611347258,False,False,True,False,True,
2025-04-18 14:00:00+00:00,63.85,63.85,63.85,63.85,0.0,,,,,,,,62.98779886401248,"rgba(38, 166, 154, 1.0)",,62.98779886401248,,0,,,0.0,0.0,0.0,0.0,68.46121366228797,12.894718611347258,False,False,True,False,True,
2025-04-18 15:00:00+00:00,63.85,63.85,63.85,63.85,0.0,,,,,,,,62.98779886401248,"rgba(38, 166, 154, 1.0)",,62.98779886401248,,0,,,0.0,0.0,0.0,0.0,67.87546842938859,12.894718611347258,False,False,True,False,True,
2025-04-18 16:00:00+00:00,63.85,63.85,63.85,63.85,0.0,,,,,,,,62.98779886401248,"rgba(38, 166, 154, 1.0)",,62.98779886401248,,0,,,0.0,0.0,0.0,0.0,67.48497160745566,12.894718611347258,False,False,True,False,False,
2025-04-18 17:00:00+00:00,63.85,63.85,63.85,63.85,0.0,,,,,,,,62.98779886401248,"rgba(38, 166, 154, 1.0)",,62.98779886401248,,0,,,0.0,0.0,0.0,0.0,67.22464039283372,12.894718611347258,False,False,True,False,False,
2025-04-18 18:00:00+00:00,63.85,63.85,63.85,63.85,0.0,,,,,,,,62.98779886401248,"rgba(38, 166, 154, 1.0)",,62.98779886401248,,0,,,0.0,0.0,0.0,0.0,67.05108624975242,12.894718611347258,False,False,True,False,False,
2025-04-18 19:00:00+00:00,63.85,63.85,63.85,63.85,0.0,,,,,,,,62.98779886401248,"rgba(38, 166, 154, 1.0)",,62.98779886401248,,0,,,0.0,0.0,0.0,0.0,66.93538348769822,12.894718611347258,False,False,True,False,False,
2025-04-21 14:00:00+00:00,64.43,64.87,64.305,64.73,7107.0,,,,,,,,63.10397092388609,"rgba(38, 166, 154, 1.0)",,63.10397092388609,,0,,,0.0,0.0,0.0,0.0,71.17116541267882,16.757082955211303,False,False,True,False,True,
2025-04-21 15:00:00+00:00,64.81,64.85,64.27,64.3,4717.0,,,,,,,,63.16520389558273,"rgba(38, 166, 154, 1.0)",,63.16520389558273,,0,,,0.0,0.0,0.0,0.0,69.32217791373532,16.757082955211303,False,False,True,False,True,
2025-04-21 16:00:00+00:00,64.35,64.79,64.34,64.45,5121.0,,,,,,,,63.228237770625405,"rgba(38, 166, 154, 1.0)",,63.228237770625405,,0,,,0.0,0.0,0.0,0.0,68.82989878830321,16.757082955211303,False,False,True,False,False,
2025-04-21 17:00:00+00:00,64.44,64.52,64.12,64.32,5277.0,,,,,,,,63.27795282679669,"rgba(38, 166, 154, 1.0)",,63.27795282679669,,0,,,0.0,0.0,0.0,0.0,67.16143868518479,16.757082955211303,False,False,True,False,False,
2025-04-21 18:00:00+00:00,64.325,64.66,64.25,64.51,2991.0,,,,,,,,63.308029403187646,"rgba(38, 166, 154, 1.0)",,63.308029403187646,,0,,,0.0,0.0,0.0,0.0,67.1198326189957,16.757082955211303,False,False,True,False,False,
2025-04-21 19:00:00+00:00,64.51,64.885,64.505,64.77,8344.0,,,,,,,,63.40063656133732,"rgba(38, 166, 154, 1.0)",,63.40063656133732,,0,,,0.0,0.0,0.0,0.0,68.41343483145016,16.757082955211303,False,False,True,False,False,
2025-04-22 14:00:00+00:00,66.36,67.22,66.36,67.16,4585.0,,,,,,,,63.52283006461566,"rgba(38, 166, 154, 1.0)",,63.52283006461566,,0,,,0.0,0.0,0.0,0.0,74.63383496490661,20.585100288465867,True,False,True,False,True,
2025-04-22 15:00:00+00:00,67.16,67.635,67.16,67.41,4205.0,,,,,,,,63.64275145209911,"rgba(38, 166, 154, 1.0)",,63.64275145209911,,0,,,0.0,0.0,0.0,0.0,79.0445893408793,24.482557541906857,True,False,True,False,True,
2025-04-22 16:00:00+00:00,67.49,67.93,67.49,67.58,3375.0,,,,,,,,63.74018456074901,"rgba(38, 166, 154, 1.0)",,63.74018456074901,,0,,,0.0,0.0,0.0,0.0,82.16607894897444,27.1458693027311,True,False,True,False,True,
2025-04-22 17:00:00+00:00,67.575,67.925,67.155,67.32,4543.0,,,,,,,,63.857808707594536,"rgba(38, 166, 154, 1.0)",,63.857808707594536,,0,,,0.0,0.0,0.0,0.0,82.14034879225719,27.1458693027311,True,False,True,False,True,
2025-04-22 18:00:00+00:00,67.31,67.875,67.31,67.84,4447.0,,,,,,,,63.97221510811569,"rgba(38, 166, 154, 1.0)",,63.97221510811569,,0,,,0.0,0.0,0.0,0.0,82.95045260243597,27.89804343770389,True,False,True,False,True,
2025-04-22 19:00:00+00:00,67.84,68.015,67.535,68.0,9185.0,,,,,,,,64.19827155792503,"rgba(38, 166, 154, 1.0)",,64.19827155792503,,0,,,0.0,0.0,0.0,0.0,83.72591207588664,28.838244647894214,True,False,True,False,True,
2025-04-23 14:00:00+00:00,68.595,68.845,67.14,67.48,3233.0,,,,,,,,66.0463961843281,"rgba(38, 166, 154, 1.0)",,66.0463961843281,,0,,,0.0,0.0,0.0,0.0,80.16804152045259,28.838244647894214,True,False,True,False,False,
2025-04-23 15:00:00+00:00,67.47,67.47,66.52,66.62,5472.0,,,,,,,,65.79005151548489,"rgba(38, 166, 154, 1.0)",,65.79005151548489,,0,,,0.0,0.0,0.0,0.0,72.66890468430086,28.198732133845283,True,False,True,False,False,20.0
2025-04-23 16:00:00+00:00,66.62,67.4,66.53,67.01,2739.0,,,,,,,,65.78217641182786,"rgba(38, 166, 154, 1.0)",,65.78217641182786,,0,,,0.0,0.0,0.0,0.0,69.03814187725855,25.085733709296107,True,False,True,False,False,20.0
2025-04-23 17:00:00+00:00,66.93,67.19,66.57,66.92,2337.0,,,,,,,,65.77613594477023,"rgba(38, 166, 154, 1.0)",,65.77613594477023,,0,,,0.0,0.0,0.0,0.0,66.11179992190458,22.541491480991624,False,False,True,False,False,20.0
2025-04-23 18:00:00+00:00,66.92,66.985,66.68,66.76,3058.0,,,,,,,,65.76874334258451,"rgba(38, 166, 154, 1.0)",,65.76874334258451,,0,,,0.0,0.0,0.0,0.0,63.220300001646876,19.92649771570788,False,False,True,False,False,20.0
2025-04-23 19:00:00+00:00,66.745,67.155,66.45,67.13,5224.0,,,,,,,,66.16142511313929,"rgba(38, 166, 154, 1.0)",,66.16142511313929,,0,,,0.0,0.0,0.0,0.0,62.83334929964504,19.486958114527127,False,False,True,False,False,20.0
2025-04-24 14:00:00+00:00,67.675,67.76,67.185,67.52,10172.0,,,,,,,,66.38953069888777,"rgba(38, 166, 154, 1.0)",,66.38953069888777,,0,,,0.0,0.0,0.0,0.0,64.01817919619099,19.486958114527127,False,False,True,False,False,20.0
2025-04-24 15:00:00+00:00,67.52,67.59,67.27,67.425,4759.0,,,,,,,,66.43339681434898,"rgba(38, 166, 154, 1.0)",,66.43339681434898,,0,,,0.0,0.0,0.0,0.0,64.1372054856788,19.486958114527127,False,False,True,False,False,20.0
2025-04-24 16:00:00+00:00,67.425,68.145,67.305,68.125,5900.0,,,,,,,,66.53391117952789,"rgba(38, 166, 154, 1.0)",,66.53391117952789,,0,,,0.0,0.0,0.0,0.0,66.6014056832823,19.486958114527127,False,False,True,False,True,20.0
2025-04-24 17:00:00+00:00,68.13,68.13,67.69,67.9,1834.0,,,,,,,,66.56158067654398,"rgba(38, 166, 154, 1.0)",,66.56158067654398,,0,,,0.0,0.0,0.0,0.0,66.62989700071417,19.486958114527127,False,False,True,False,True,20.0
2025-04-24 18:00:00+00:00,67.895,67.99,67.57,67.76,991.0,,,,,,,,66.57294431230441,"rgba(38, 166, 154, 1.0)",,66.57294431230441,,0,,,0.0,0.0,0.0,0.0,65.64305300389563,19.486958114527127,False,False,True,False,True,20.0
2025-04-24 19:00:00+00:00,67.735,68.35,67.71,68.35,6879.0,,,,,,,,66.68511031281399,"rgba(38, 166, 154, 1.0)",,66.68511031281399,,0,,,0.0,0.0,0.0,0.0,67.12424880395349,19.486958114527127,False,False,True,False,True,20.0
2025-04-25 14:00:00+00:00,68.5,68.96,68.325,68.325,1995.0,,,,,,,,66.72588233051569,"rgba(38, 166, 154, 1.0)",,66.72588233051569,,0,,,0.0,0.0,0.0,0.0,67.91664257610225,19.486958114527127,False,False,True,False,True,20.0
2025-04-25 15:00:00+00:00,68.325,69.115,68.325,69.03,2573.0,,,,,,,,66.78594258139798,"rgba(38, 166, 154, 1.0)",,66.78594258139798,,0,,,0.0,0.0,0.0,0.0,70.57393186726131,16.138097367453668,True,False,True,False,True,20.0
2025-04-25 16:00:00+00:00,69.045,69.185,68.735,69.01,1335.0,,,,,,,,66.81817827710397,"rgba(38, 166, 154, 1.0)",,66.81817827710397,,0,,,0.0,0.0,0.0,0.0,72.17750882032806,17.828063621360386,True,False,True,False,True,20.0
2025-04-25 17:00:00+00:00,69.005,69.11,68.37,68.42,3079.0,,,,,,,,66.87211698674874,"rgba(38, 166, 154, 1.0)",,66.87211698674874,,0,,,0.0,0.0,0.0,0.0,68.70946485189705,17.828063621360386,False,False,True,False,False,20.0
2025-04-25 18:00:00+00:00,68.45,68.835,68.425,68.735,2422.0,,,,,,,,66.91227368294828,"rgba(38, 166, 154, 1.0)",,66.91227368294828,,0,,,0.0,0.0,0.0,0.0,67.64411849626381,22.114180420991005,False,False,True,False,False,20.0
2025-04-25 19:00:00+00:00,68.735,68.85,68.52,68.75,4347.0,,,,,,,,66.98028747317737,"rgba(38, 166, 154, 1.0)",,66.98028747317737,,0,,,0.0,0.0,0.0,0.0,66.99382569894584,21.35208517163987,False,True,True,False,False,20.0
2025-04-28 14:00:00+00:00,69.235,69.48,68.96,69.48,2779.0,,,,,,,,67.04042287662698,"rgba(38, 166, 154, 1.0)",,67.04042287662698,,0,,,0.0,0.0,0.0,0.0,69.09983869021255,21.35208517163987,False,False,True,False,True,20.0
2025-04-28 15:00:00+00:00,69.575,69.575,69.09,69.25,4127.0,,,,,,,,67.12205046718049,"rgba(38, 166, 154, 1.0)",,67.12205046718049,,0,,,0.0,0.0,0.0,0.0,68.7206439244586,21.35208517163987,False,False,True,False,True,20.0
2025-04-28 16:00:00+00:00,69.285,69.285,68.93,69.08,1728.0,,,,,,,,67.14982950533896,"rgba(38, 166, 154, 1.0)",,67.14982950533896,,0,,,0.0,0.0,0.0,0.0,67.17190708102078,21.224709729181,False,True,True,False,True,20.0
2025-04-28 17:00:00+00:00,69.08,69.16,68.825,69.085,1981.0,,,,,,,,67.17873455467098,"rgba(38, 166, 154, 1.0)",,67.17873455467098,,0,,,0.0,0.0,0.0,0.0,66.16204005002268,20.081657337807684,False,True,True,False,False,20.0
2025-04-28 18:00:00+00:00,69.085,69.385,69.085,69.23,786.0,,,,,,,,67.19165893304624,"rgba(38, 166, 154, 1.0)",,67.19165893304624,,0,,,0.0,0.0,0.0,0.0,66.18274252749276,19.862406740873226,False,True,True,False,False,20.0
2025-04-28 19:00:00+00:00,69.255,69.685,69.255,69.6,2966.0,,,,,,,,67.81372809588397,"rgba(38, 166, 154, 1.0)",,67.81372809588397,,0,,,1.0,0.0,69.685,115.0,67.80492699117244,19.862406740873226,False,True,True,False,False,20.0
2025-04-29 14:00:00+00:00,68.41,68.85,68.11,68.84,3171.0,,,,,,,,67.71554364906223,"rgba(38, 166, 154, 1.0)",,67.71554364906223,,0,,,0.0,0.0,0.0,0.0,63.00855066976378,16.799005003092034,False,True,True,False,False,20.0
2025-04-29 15:00:00+00:00,68.84,69.13,68.71,68.9,1149.0,,,,,,,,67.72009407111145,"rgba(38, 166, 154, 1.0)",,67.72009407111145,,0,,,0.0,0.0,0.0,0.0,60.14586799884742,14.230542480163905,False,True,True,False,False,20.0
2025-04-29 16:00:00+00:00,68.895,69.08,68.815,68.815,629.0,,,,,,,,67.7228753433123,"rgba(38, 166, 154, 1.0)",2.8354183367087384,67.7228753433123,0.3851723192124815,0,,,0.0,0.0,0.0,0.0,57.634597987413485,11.995313385333183,False,True,True,False,False,20.0
2025-04-29 17:00:00+00:00,68.815,69.555,68.78,69.42,3306.0,,,,,,,,67.77474476392773,"rgba(38, 166, 154, 1.0)",2.812932894412605,67.77474476392773,0.5848896144448674,0,,,0.0,0.0,0.0,0.0,59.280226364674554,11.995313385333183,False,True,True,False,False,20.0
2025-04-29 18:00:00+00:00,69.42,69.43,69.095,69.32,1253.0,,,,,,,,67.79243237263185,"rgba(38, 166, 154, 1.0)",2.7895660242416938,67.79243237263185,0.5476004561617758,0,,,0.0,0.0,0.0,0.0,59.59285441070281,11.995313385333183,False,True,True,False,True,20.0
2025-04-29 19:00:00+00:00,69.32,69.63,69.25,69.52,4531.0,,,,,,,,67.86586625722899,"rgba(38, 166, 154, 1.0)",2.8023633414133333,67.86586625722899,0.5902638384988185,0,,,0.0,0.0,0.0,0.0,60.83589450517843,11.995313385333183,False,True,True,False,True,20.0
2025-04-30 14:00:00+00:00,68.11,68.24,67.305,67.585,5014.0,,,,,,,,67.77507275557797,"rgba(239, 83, 80, 1.0)",2.7929530450245164,67.77507275557797,-0.0680544042502168,0,,,0.0,0.0,0.0,0.0,51.97143320058255,7.030695621447116,False,True,False,False,False,11.817773978276541
2025-04-30 15:00:00+00:00,67.585,68.07,66.64,66.87,889.0,,,,,,,,67.75507957126885,"rgba(239, 83, 80, 1.0)",2.7712960785442906,67.75507957126885,-0.31937387640434367,0,,,0.0,0.0,0.0,0.0,44.23210023046252,0.2837127432296427,False,True,False,True,False,7.777515568600396
2025-04-30 16:00:00+00:00,66.87,67.36,66.72,67.035,1251.0,,,,,,,,67.72589508771111,"rgba(239, 83, 80, 1.0)",2.7502875492580063,67.72589508771111,-0.25120831016288003,0,,,0.0,0.0,0.0,0.0,40.0213980185871,-3.112879689151285,False,True,False,True,False,8.506190017812731
2025-04-30 17:00:00+00:00,67.035,67.04,66.47,66.98,1651.0,66.83,,,,,,,67.51448937311105,"rgba(239, 83, 80, 1.0)",2.7287045535456103,67.51448937311105,-0.1958766010107401,0,,,0.0,0.0,0.0,0.0,37.058775988041845,-5.532838149456005,False,True,False,True,False,8.199434751412845
2025-04-30 18:00:00+00:00,66.97,67.39,66.895,66.9,3365.0,66.98541434077617,,,,,,,67.4982907305455,"rgba(239, 83, 80, 1.0)",2.689670472800016,67.4982907305455,-0.22244016008498768,0,,,0.0,0.0,0.0,0.0,34.838929140515035,-7.479731061776278,False,True,False,True,False,7.748271714121831
2025-04-30 19:00:00+00:00,66.97,67.67,66.86,67.495,4733.0,67.15836974732451,,,,,,,67.49360944906194,"rgba(239, 83, 80, 1.0)",2.6592835975601146,67.49360944906194,0.0005229043413590769,0,,,0.0,0.0,0.0,0.0,37.18284380552814,-7.479731061776278,False,True,False,True,False,10.406562207823818
2025-05-01 14:00:00+00:00,68.245,68.84,68.245,68.81,4911.0,67.65191416552979,,,,,,,67.62080585226373,"rgba(239, 83, 80, 1.0)",2.645234373716611,67.62080585226373,0.4495609763551614,0,,,0.0,0.0,0.0,0.0,44.377726106693316,-13.87877375822378,False,True,False,True,True,15.69327416059696
2025-05-01 15:00:00+00:00,68.81,68.95,67.92,67.92,796.0,67.68340288561078,,,,,,,67.62863747591584,"rgba(239, 83, 80, 1.0)",2.6206525131338223,67.62863747591584,0.11117938094575826,0,,,0.0,0.0,0.0,0.0,45.62444976174905,-12.729394745490225,False,True,False,True,True,10.84116005537431
2025-05-01 16:00:00+00:00,67.92,68.33,67.74,67.98,2783.0,67.7342539795676,,,,,,,67.63796931838549,"rgba(239, 83, 80, 1.0)",2.5890726417279555,67.63796931838549,0.1321054790437416,0,,,0.0,0.0,0.0,0.0,46.69006370312762,-11.49848898904613,False,True,False,True,True,11.076422262275791
2025-05-01 17:00:00+00:00,67.985,68.43,67.86,67.875,3745.0,67.78889343765164,,,,,,,67.64967893791349,"rgba(239, 83, 80, 1.0)",2.558588817832747,67.64967893791349,0.08806458486649911,0,,,0.0,0.0,0.0,0.0,46.97739538328924,-10.806561607571787,False,True,False,True,True,10.516461803545749
2025-05-01 18:00:00+00:00,67.875,68.79,67.875,68.24,2293.0,67.83732565803024,,,,,,,67.66472638903171,"rgba(239, 83, 80, 1.0)",2.5302547640842836,67.66472638903171,0.22735797957344303,0,,,0.0,0.0,0.0,0.0,48.78235790968674,-8.611795805339462,False,True,False,False,True,11.97088846874934
2025-05-01 19:00:00+00:00,68.175,68.515,67.95,67.96,8246.0,67.91448938699793,,,,,,,67.68868895362337,"rgba(239, 83, 80, 1.0)",2.485504266634743,67.68868895362337,0.10915734485701234,0,,,0.0,0.0,0.0,0.0,48.69735710123038,-8.160056449506115,False,True,False,False,True,10.462006920944017
2025-05-02 14:00:00+00:00,68.95,69.26,68.57,68.91,3165.0,68.00307213442427,,,,,,,67.92477416509222,"rgba(38, 166, 154, 1.0)",2.434235039026693,67.92477416509222,0.4047373483300584,0,,,0.0,0.0,0.0,0.0,52.41036355907903,-4.200540390267456,False,True,True,False,True,14.118828251594827
2025-05-02 15:00:00+00:00,68.91,68.93,68.38,68.49,1931.0,68.03371270723129,,,,,,,67.9166117250477,"rgba(38, 166, 154, 1.0)",2.3662059436083833,67.9166117250477,0.242323909506328,0,,,0.0,0.0,0.0,0.0,52.920844150752416,-3.3189055548979454,False,True,True,False,True,11.897587590943125
2025-05-02 16:00:00+00:00,68.49,69.15,68.49,68.76,1274.0,68.05881362541676,,,,,,,67.92661803834598,"rgba(38, 166, 154, 1.0)",2.2838732175569554,67.92661803834598,0.3648985220578444,0,,,0.0,0.0,0.0,0.0,54.28222346404833,-1.6065354687400912,False,True,True,False,True,12.91270731893417
2025-05-02 17:00:00+00:00,68.76,68.8,68.26,68.6,2410.0,68.08766849058584,,,,,,,67.92739266499441,"rgba(38, 166, 154, 1.0)",2.240009284488502,67.92739266499441,0.30026988712199354,0,,,0.0,0.0,0.0,0.0,54.383086634428714,-1.0555741634545655,False,True,True,False,True,12.065774589688193
2025-05-02 18:00:00+00:00,68.6,68.985,68.58,68.67,1811.0,68.11527964620929,,,,,,,67.93947662251391,"rgba(38, 166, 154, 1.0)",2.196930858765998,67.93947662251391,0.33251996737686323,0,,,0.0,0.0,0.0,0.0,54.76018611363276,-0.21057539391630087,False,False,True,False,True,12.335283002254105
2025-05-02 19:00:00+00:00,68.65,69.055,68.56,68.85,12844.0,68.27741615735611,,,,,,,68.0242519921719,"rgba(38, 166, 154, 1.0)",2.1572762377048247,68.0242519921719,0.38277342205680087,0,,,0.0,0.0,0.0,0.0,55.8405283565565,1.2600186308309276,False,False,True,False,True,13.031595418276147
2025-05-05 14:00:00+00:00,67.22,67.74,66.62,67.4,12769.0,68.08714867034305,,,,,,,67.77108486202671,"rgba(38, 166, 154, 1.0)",2.0833780672675077,67.77108486202671,-0.17811690919517495,0,,,0.0,0.0,0.0,0.0,50.05962458835141,4.785243161501441,False,True,False,False,False,5.663930623650295
2025-05-05 15:00:00+00:00,67.4,67.73,67.145,67.66,7927.0,68.02763650081317,,,,,,,67.74533299353023,"rgba(38, 166, 154, 1.0)",2.0048976451598977,67.74533299353023,-0.0425622693189528,0,,,0.0,0.0,0.0,0.0,47.507948441230376,2.3925795485181567,False,True,False,True,False,6.709684955316138
2025-05-05 16:00:00+00:00,67.66,68.18,67.63,67.95,5513.0,68.02041462306441,,,,,,,67.7581989514928,"rgba(38, 166, 154, 1.0)",1.92185432227216,67.7581989514928,0.09979999331085623,0,,,0.0,0.0,0.0,0.0,47.22414308088814,2.0435375017667923,False,True,False,True,False,7.86217268697002
2025-05-05 17:00:00+00:00,67.945,68.085,67.66,67.82,4034.0,68.01267361554197,,,,,,,67.76104457337492,"rgba(38, 166, 154, 1.0)",1.8539987171633645,67.76104457337492,0.03179906548979611,0,,,0.0,0.0,0.0,0.0,46.476710000679155,1.136320473441721,False,True,False,True,False,7.2274075420904715
2025-05-05 18:00:00+00:00,67.815,68.12,67.77,67.845,3349.0,68.00889614740369,,,,,,,67.76471896661143,"rgba(38, 166, 154, 1.0)",1.8083816367526826,67.76471896661143,0.044393855675693546,2,0.24634100424907945,0.4926820084981589,0.0,0.0,0.0,0.0,46.119738812585965,0.5264002584530516,False,True,False,True,False,7.329132865025972
2025-05-05 19:00:00+00:00,67.845,67.89,67.46,67.7,6701.0,67.9862304460906,,,,,,,67.75417961429605,"rgba(38, 166, 154, 1.0)",1.7604374712242026,67.75417961429605,-0.03077622192304855,2,0.251413945629071,0.502827891258142,0.0,0.0,0.0,0.0,45.15719377764533,-0.6780441080413055,False,True,False,True,False,6.604213866588932
2025-05-06 14:00:00+00:00,68.12,68.53,67.99,68.22,9436.0,68.00948284399533,,,,,,,67.78972674832885,"rgba(38, 166, 154, 1.0)",1.7248826778225916,67.78972674832885,0.24945073494175793,2,0.2533809786852006,0.5067619573704012,0.0,0.0,0.0,0.0,47.57862022213078,-0.6780441080413055,False,True,False,True,True,8.739232493197271
2025-05-06 15:00:00+00:00,68.21,68.34,68.005,68.07,5047.0,68.01535555174262,,,,,,,67.80058692313659,"rgba(38, 166, 154, 1.0)",1.6860124394399159,67.80058692313659,0.1597930540494106,3,0.22419866440198258,0.6725959932059478,0.0,0.0,0.0,0.0,48.3207849430721,-0.6780441080413055,False,True,False,False,True,7.976818355955114
2025-05-06 16:00:00+00:00,68.08,68.7,67.78,67.78,2205.0,68.01674781666799,,,,,,,67.80397971820979,"rgba(38, 166, 154, 1.0)",1.6332834612721279,67.80397971820979,-0.014681908424585484,3,0.22619654613582807,0.6785896384074842,0.0,0.0,0.0,0.0,47.18985165008937,-0.6780441080413055,False,True,False,True,True,6.512727417620951
2025-05-06 17:00:00+00:00,67.78,68.245,67.78,68.175,1958.0,68.01759850126635,,,,,,,67.80653428498013,"rgba(38, 166, 154, 1.0)",1.5784972611961698,67.80653428498013,0.23342816239075784,3,0.2280288087724616,0.6840864263173848,0.0,0.0,0.0,0.0,48.83105409525746,-0.6780441080413055,False,True,False,False,True,8.152079358198879
2025-05-06 18:00:00+00:00,68.135,68.64,67.95,68.62,2599.0,68.02613091793195,,,,,,,67.81671838136744,"rgba(38, 166, 154, 1.0)",1.5226474750688512,67.81671838136744,0.5275558734277904,4,0.20791016093197845,0.8316406437279138,0.0,0.0,0.0,0.0,52.19020184153821,-1.6857041946311426,False,False,True,False,True,9.942265148603063
2025-05-06 19:00:00+00:00,68.62,68.675,68.38,68.515,5781.0,68.04944692305403,,,,,,,67.84275734100012,"rgba(38, 166, 154, 1.0)",1.4609996053548644,67.84275734100012,0.4601251475605947,4,0.2107193034500146,0.8428772138000584,0.0,0.0,0.0,0.0,53.71684799002639,-0.2455818964967591,False,False,True,False,True,9.39808087542858
2025-05-07 14:00:00+00:00,68.315,68.375,67.8,67.855,2937.0,68.04852899308581,,,,,,,67.84393255643111,"rgba(38, 166, 154, 1.0)",1.3909100106253771,67.84393255643111,0.007956980310979682,4,0.21363398885706747,0.8545359554282699,0.0,0.0,0.0,0.0,50.86934160350309,-0.2455818964967591,False,False,False,False,False,6.066929023327596
2025-05-07 15:00:00+00:00,67.855,68.54,67.855,68.415,3774.0,68.05495906032351,,,,,,,67.85230795626741,"rgba(38, 166, 154, 1.0)",1.3169240095188042,67.85230795626741,0.42727753436449273,4,0.2161413217978434,0.8645652871913736,0.0,0.0,0.0,0.0,51.95282701058568,-0.2455818964967591,False,False,True,False,False,8.344722860428611
2025-05-07 16:00:00+00:00,68.365,68.57,68.19,68.41,2329.0,68.06085633995127,,,,,,,67.85915641243693,"rgba(38, 166, 154, 1.0)",1.235459858944558,67.85915641243693,0.4458611775809907,4,0.21864608724757026,0.874584348990281,0.0,0.0,0.0,0.0,52.64563326402502,-0.2455818964967591,False,False,True,False,False,8.319639248720708
2025-05-07 17:00:00+00:00,68.44,68.595,67.97,67.97,1943.0,68.06255645761955,,,,,,,67.86187971028178,"rgba(38, 166, 154, 1.0)",1.1803958032170827,67.86187971028178,0.09159664023164198,4,0.22206719827782878,0.8882687931113151,0.0,0.0,0.0,0.0,50.596771437827826,-0.2455818964967591,False,False,False,False,False,6.127163242281746
2025-05-07 18:00:00+00:00,68.1,68.66,67.92,68.66,4071.0,68.07287961483688,,,,,,,67.87363794374366,"rgba(38, 166, 154, 1.0)",1.1061967877975374,67.87363794374366,0.7108699509261832,4,0.22493911432727154,0.8997564573090862,0.0,0.0,0.0,0.0,52.75108106559651,-0.2455818964967591,True,False,True,False,True,8.910035833342743
2025-05-07 19:00:00+00:00,68.6,68.6,67.98,68.51,4329.0,68.0816933968877,,,,,,,67.88400891232367,"rgba(38, 166, 154, 1.0)",1.0293313232255379,67.88400891232367,0.6081531510327685,4,0.22809150656906085,0.9123660262762434,0.0,0.0,0.0,0.0,53.31138277754022,-0.2455818964967591,True,False,True,False,True,8.164617552234482
2025-05-08 14:00:00+00:00,69.65,70.055,69.29,69.395,3117.0,68.11373014947488,,,,,,,67.9146435536713,"rgba(38, 166, 154, 1.0)",0.9475035952772599,67.9146435536713,1.5623755452827752,4,0.23172434544282966,0.9268973817713186,0.0,0.0,0.0,0.0,57.240890625416355,2.9516585810395313,True,False,True,False,True,11.557674603311039
2025-05-08 15:00:00+00:00,69.35,70.065,69.305,69.76,2133.0,68.13674984788045,,,,,,,67.93651406469704,"rgba(38, 166, 154, 1.0)",0.8717989064764952,67.93651406469704,2.0916359515439846,4,0.23656668929558805,0.9462667571823522,0.0,0.0,0.0,0.0,61.000400776867906,6.393230704386376,True,False,True,False,True,12.884782558048968
2025-05-08 16:00:00+00:00,69.76,70.11,69.585,69.975,842.0,68.14667399429923,,,,,,,67.94588626397186,"rgba(38, 166, 154, 1.0)",0.8044187482417414,67.94588626397186,2.5224595280297395,4,0.24237306701606165,0.9694922680642466,0.0,0.0,0.0,0.0,64.14653018066622,9.205553632717105,True,False,True,False,True,13.656073533025427
2025-05-08 17:00:00+00:00,69.97,70.22,69.865,69.88,3622.0,68.19045108308066,,,,,,,67.98707407371445,"rgba(38, 166, 154, 1.0)",0.8176434221383169,67.98707407371445,2.3150995593349557,4,0.25031013337941266,1.0012405335176506,0.0,0.0,0.0,0.0,65.55326981372623,10.455622220089829,True,False,True,False,True,13.16248718045841
2025-05-08 18:00:00+00:00,69.88,69.935,69.66,69.79,2578.0,68.21714662174952,,,,,,,68.01227210450693,"rgba(38, 166, 154, 1.0)",0.830824603946476,68.01227210450693,2.13971503377336,3,0.1851143276344964,0.5553429829034892,0.0,0.0,0.0,0.0,65.79834923897334,10.779830137317823,True,False,True,False,True,12.690532620528089
2025-05-08 19:00:00+00:00,69.8,70.145,69.31,69.45,10262.0,68.30521428773186,,,,,,,68.09571349372514,"rgba(38, 166, 154, 1.0)",0.8376241336002017,68.09571349372514,1.6168188713164058,3,0.18866264124427534,0.565987923732826,0.0,0.0,0.0,0.0,63.43366832035956,10.779830137317823,True,False,True,False,False,10.91753363816899
2025-05-09 14:00:00+00:00,70.29,70.845,70.065,70.795,1621.0,68.32720317479344,,,,,,,68.11609413020412,"rgba(38, 166, 154, 1.0)",0.8776674912662146,68.11609413020412,3.052301579418209,3,0.1904663499160318,0.5713990497480954,0.0,0.0,0.0,0.0,66.50141820036843,11.400728726094414,True,False,True,False,True,15.753010994854865
2025-05-09 15:00:00+00:00,70.795,70.845,70.555,70.825,1541.0,68.34930067230484,,,,,,,68.1365253887803,"rgba(38, 166, 154, 1.0)",0.9208758952294962,68.1365253887803,2.9194754962607585,3,0.1942060666622849,0.5826181999868547,0.0,0.0,0.0,0.0,68.6231553330863,13.452185145509148,True,False,True,False,True,15.854587693585486
2025-05-09 16:00:00+00:00,70.825,70.905,70.46,70.53,1457.0,68.36888112636137,,,,,,,68.15465306451735,"rgba(38, 166, 154, 1.0)",0.9522339215979224,68.15465306451735,2.4944993888651195,3,0.19906709804439116,0.5972012941331735,0.0,0.0,0.0,0.0,67.97364269283733,13.452185145509148,True,False,True,False,True,14.318055182502757
2025-05-09 17:00:00+00:00,70.51,71.21,70.51,71.205,1537.0,68.39225513995058,,,,,,,68.17620261178779,"rgba(38, 166, 154, 1.0)",0.9984157631149262,68.17620261178779,3.0336033345094244,4,0.1776093479581108,0.7104373918324433,0.0,0.0,0.0,0.0,69.53442041201693,14.569263879167593,True,False,True,False,True,16.62316243669861
2025-05-09 18:00:00+00:00,71.215,71.275,70.925,71.125,2329.0,68.42867300137976,,,,,,,68.20973052309891,"rgba(38, 166, 154, 1.0)",1.020723233261227,68.20973052309891,2.856082218866279,5,0.16455653462094674,0.8227826731047337,0.0,0.0,0.0,0.0,70.0089045836564,15.264605586325828,True,False,True,False,True,16.20416971512996
2025-05-09 19:00:00+00:00,71.125,71.52,70.98,71.25,5598.0,68.51676030087879,,,,,,,68.2907277059339,"rgba(38, 166, 154, 1.0)",1.0521860683942106,68.2907277059339,2.8124990274603974,5,0.16549242640430756,0.8274621320215378,0.0,0.0,0.0,0.0,70.70724807577915,16.224235511861522,True,False,True,False,True,16.629755062605494
2025-05-12 14:00:00+00:00,71.795,72.65,71.795,72.36,1707.0,68.5521403762716,,,,,,,68.32303718462514,"rgba(38, 166, 154, 1.0)",1.1208341287382804,68.32303718462514,3.6017486547445343,5,0.1645501814567675,0.8227509072838375,0.0,0.0,0.0,0.0,73.80207172691189,19.356120617821986,True,False,True,False,True,20.0
2025-05-12 15:00:00+00:00,72.33,72.54,71.86,71.925,4942.0,68.64665548062338,,,,,,,68.4094502664072,"rgba(38, 166, 154, 1.0)",1.1603891976791478,68.4094502664072,3.0296298350795707,5,0.16392368993122924,0.8196184496561463,0.0,0.0,0.0,0.0,72.9097738114078,19.356120617821986,True,False,True,False,True,17.93504242725508
2025-05-12 16:00:00+00:00,71.93,72.615,71.93,72.515,2861.0,68.70282291793558,,,,,,,68.46075911208463,"rgba(38, 166, 154, 1.0)",1.2248279893944218,68.46075911208463,3.310049184881759,4,0.17818734048142076,0.7127493619256831,0.0,0.0,0.0,0.0,73.70729303134647,19.539152178870978,True,False,True,False,True,19.77124054083071
2025-05-12 17:00:00+00:00,72.515,72.635,72.265,72.39,3040.0,68.76188361906448,,,,,,,68.51471773571599,"rgba(38, 166, 154, 1.0)",1.2836066937128887,68.51471773571599,3.0190573820354474,4,0.1779228037350861,0.7116912149403444,0.0,0.0,0.0,0.0,73.4023364788998,19.539152178870978,True,False,True,False,True,19.11653218960074
2025-05-12 18:00:00+00:00,72.39,72.39,72.09,72.34,1991.0,68.79795134768894,,,,,,,68.54771928948999,"rgba(38, 166, 154, 1.0)",1.3334747436274499,68.54771928948999,2.843908914385492,4,0.17811988051998845,0.7124795220799538,0.0,0.0,0.0,0.0,72.84047261742322,19.539152178870978,True,False,True,False,True,18.851896579194744
2025-05-12 19:00:00+00:00,72.36,72.545,72.25,72.515,7869.0,68.939905027259,,,,,,,68.67765274196617,"rgba(38, 166, 154, 1.0)",1.392577411437963,68.67765274196617,2.7555719534983836,4,0.17831430857283725,0.713257234291349,0.0,0.0,0.0,0.0,72.9842944303882,19.610266495065645,True,False,True,False,True,19.410135295008867
2025-05-13 14:00:00+00:00,72.635,73.375,72.635,73.34,2972.0,69.00055284942111,,,,,,,68.73304548791464,"rgba(38, 166, 154, 1.0)",1.474244784520233,68.73304548791464,3.1249590030495633,3,0.20279392073208632,0.608381762196259,0.0,0.0,0.0,0.0,75.09173778175855,21.83146355426581,True,False,True,False,True,20.0
2025-05-13 15:00:00+00:00,73.33,73.87,73.305,73.835,1967.0,69.04499988708547,,,,,,,68.77357215105982,"rgba(38, 166, 154, 1.0)",1.5656921389194978,68.77357215105982,3.2327094983264844,3,0.20047559908447554,0.6014267972534266,0.0,0.0,0.0,0.0,77.40891467542868,24.1201361006797,True,False,True,False,True,20.0
2025-05-13 16:00:00+00:00,73.825,73.9,73.49,73.54,8516.0,69.22699953213547,,,,,,,69.52776117600231,"rgba(38, 166, 154, 1.0)",1.6428766574859368,69.52776117600231,2.442203318012653,3,0.19954594190309904,0.5986378257092971,1.0,0.0,73.9,240.0,76.72637521357706,24.1201361006797,True,False,True,False,True,20.0
2025-05-13 17:00:00+00:00,73.55,73.83,73.485,73.625,1280.0,69.25313666786789,,,,,,,69.54874383442912,"rgba(38, 166, 154, 1.0)",1.71645688913317,69.54874383442912,2.3748083574819274,3,0.19890065899554155,0.5967019769866246,0.0,0.0,0.0,0.0,76.4825960820352,24.1201361006797,True,False,True,False,True,20.0
2025-05-13 18:00:00+00:00,73.62,73.87,73.575,73.855,2865.0,69.31210087533304,,,,,,,69.59944367385953,"rgba(38, 166, 154, 1.0)",1.79538686137068,69.59944367385953,2.370272623523374,3,0.19616227907968256,0.5884868372390477,0.0,0.0,0.0,0.0,76.90110370635624,24.1201361006797,True,False,True,False,True,20.0
2025-05-13 19:00:00+00:00,73.86,73.89,73.42,73.585,5427.0,69.416412121293,,,,,,,69.68168895146857,"rgba(38, 166, 154, 1.0)",1.8602590805711277,69.68168895146857,2.0982620589240963,3,0.19549468471172404,0.5864840541351721,0.0,0.0,0.0,0.0,74.91260478962708,24.1201361006797,True,False,True,False,False,20.0
2025-05-14 14:00:00+00:00,73.52,73.77,73.34,73.385,2237.0,69.45664306600106,,,,,,,69.7118488110059,"rgba(38, 166, 154, 1.0)",1.9121690834243992,69.7118488110059,1.9209343048346257,3,0.19537052018879622,0.5861115605663887,0.0,0.0,0.0,0.0,71.97988941763396,25.054079438089715,True,False,True,False,False,20.0
2025-05-14 15:00:00+00:00,73.385,73.535,73.165,73.28,554.0,69.46606617587808,,,,,,,69.71840109044093,"rgba(38, 166, 154, 1.0)",1.9597862151289676,69.71840109044093,1.8173405252392227,3,0.19616969469088696,0.5885090840726609,0.0,0.0,0.0,0.0,69.17423349013323,22.50821500538268,True,False,True,False,False,19.55549266113508
2025-05-14 16:00:00+00:00,73.265,73.4,73.025,73.105,613.0,69.47603644869916,,,,,,,69.72482251294282,"rgba(38, 166, 154, 1.0)",2.000256485806142,69.72482251294282,1.6898720294337182,3,0.19729667124725703,0.5918900137417711,0.0,0.0,0.0,0.0,65.87408558422987,19.570989186127633,True,False,True,False,False,18.586762081817024
2025-05-14 17:00:00+00:00,73.105,73.29,72.855,72.895,2053.0,69.50758446970846,,,,,,,69.74372883634811,"rgba(38, 166, 154, 1.0)",2.036151837733827,69.74372883634811,1.547660201588478,3,0.19862747488428423,0.5958824246528527,0.0,0.0,0.0,0.0,62.02439023134466,16.190657359909963,False,False,True,False,False,17.42726009620445
2025-05-14 18:00:00+00:00,72.895,72.895,72.505,72.635,1078.0,69.52236408684257,,,,,,,69.75086934900293,"rgba(38, 166, 154, 1.0)",2.0646956715740847,69.75086934900293,1.3968793031847995,3,0.19671956671921198,0.5901587001576359,0.0,0.0,0.0,0.0,57.57148095255496,12.316780980923838,False,True,True,False,False,16.002833844515344
2025-05-14 19:00:00+00:00,72.645,72.76,72.425,72.685,4379.0,69.57998878270412,,,,,,,69.78069704816656,"rgba(38, 166, 154, 1.0)",2.092186289140865,69.78069704816656,1.3881665160065961,3,0.19468305765016303,0.5840491729504891,0.0,0.0,0.0,0.0,54.98003185372986,10.165245846720794,False,True,True,False,False,16.180715110126542
2025-05-15 14:00:00+00:00,71.67,71.785,71.37,71.73,1960.0,69.59688533214367,,,,,,,69.98606005171023,"rgba(239, 83, 80, 1.0)",2.103367039035618,69.98606005171023,0.8291182261225151,3,0.19400353923628944,0.5820106177088683,0.0,0.0,0.0,0.0,47.91755424965146,3.883152380688699,False,True,False,True,False,11.120016702829467
2025-05-15 15:00:00+00:00,71.735,71.85,71.56,71.68,3539.0,69.62770108412431,,,,,,,69.99565301546698,"rgba(239, 83, 80, 1.0)",2.1138827091654537,69.99565301546698,0.796802479735496,3,0.19371181900281112,0.5811354570084334,0.0,0.0,0.0,0.0,42.99996259797328,-0.28185818271351337,False,True,False,True,False,10.865412084064811
2025-05-15 16:00:00+00:00,71.68,71.925,71.58,71.835,2641.0,69.65101733199882,,,,,,,70.00618433491543,"rgba(239, 83, 80, 1.0)",2.126717042386917,70.00618433491543,0.8599243005228351,3,0.19288003232119835,0.5786400969635951,0.0,0.0,0.0,0.0,41.0772150066022,-1.7994062872233911,False,True,False,True,False,11.459632424075966
2025-05-15 17:00:00+00:00,71.83,71.925,71.74,71.825,1150.0,69.66124779876266,,,,,,,70.01144842550084,"rgba(239, 83, 80, 1.0)",2.135824551201269,70.01144842550084,0.8491107443629429,3,0.1920289723849901,0.5760869171549703,0.0,0.0,0.0,0.0,39.74081236322685,-3.0277761429170127,False,True,False,True,False,11.406928130483518
2025-05-15 18:00:00+00:00,71.825,71.91,71.745,71.88,2927.0,69.68703539561184,,,,,,,70.02476702981025,"rgba(239, 83, 80, 1.0)",2.1452111490187797,70.02476702981025,0.8648253441337607,3,0.19162406685868957,0.5748722005760687,0.0,0.0,0.0,0.0,39.405495855495474,-3.549676475513195,False,True,False,True,False,11.623746357579353
2025-05-15 19:00:00+00:00,71.865,72.42,71.79,72.295,5497.0,69.74087020416108,,,,,,,70.06910835524221,"rgba(239, 83, 80, 1.0)",2.1587787985112117,70.06910835524221,1.0310883385981309,3,0.19182765129492316,0.5754829538847694,0.0,0.0,0.0,0.0,42.93063638087849,-3.549676475513195,False,True,False,True,True,13.24487806397535
2025-05-16 14:00:00+00:00,71.76,71.895,71.49,71.85,1875.0,69.75559276933463,,,,,,,70.07403906727114,"rgba(239, 83, 80, 1.0)",2.168817228622963,70.07403906727114,0.8188615016934612,3,0.19218428647879202,0.576552859436376,0.0,0.0,0.0,0.0,42.26034074796822,-3.549676475513195,False,True,False,True,True,10.842292395800108
2025-05-16 15:00:00+00:00,71.85,71.905,71.545,71.85,1196.0,69.76497239044895,,,,,,,70.07769276555793,"rgba(239, 83, 80, 1.0)",2.17791602804742,70.07769276555793,0.8137628869148845,3,0.1927694014011918,0.5783082042035754,0.0,0.0,0.0,0.0,41.81347699269471,-3.549676475513195,False,True,False,True,True,10.842292395800108
2025-05-16 16:00:00+00:00,71.855,72.22,71.855,72.13,3765.0,69.7983014473593,,,,,,,70.10056293831659,"rgba(239, 83, 80, 1.0)",2.190577872255412,70.10056293831659,0.9264391316040768,3,0.1933909233592859,0.5801727700778577,0.0,0.0,0.0,0.0,44.00005560797058,-3.549676475513195,False,True,False,True,True,11.966652979179251
2025-05-16 17:00:00+00:00,72.14,72.42,72.09,72.41,638.0,69.80443686198733,,,,,,,70.10573383621937,"rgba(239, 83, 80, 1.0)",2.1878099564189877,70.10573383621937,1.0532295810337442,3,0.19331562052828696,0.5799468615848609,0.0,0.0,0.0,0.0,47.59663985461145,-8.430233424951119,False,True,False,False,True,13.074050063907325
2025-05-16 18:00:00+00:00,72.41,72.455,72.21,72.215,4581.0,69.84739430154559,,,,,,,70.140641028053,"rgba(239, 83, 80, 1.0)",2.167386421684321,70.140641028053,0.9570785122548564,3,0.19314162579000335,0.57942487737001,0.0,0.0,0.0,0.0,48.37374289668415,-7.449202737155588,False,True,False,False,True,11.988017259219202
2025-05-16 19:00:00+00:00,72.215,72.64,72.215,72.53,10026.0,69.94255262734333,,,,,,,70.4456846625773,"rgba(239, 83, 80, 1.0)",2.1519827710387283,70.4456846625773,0.9685557735281627,3,0.1928045307792261,0.5784135923376783,0.0,0.0,0.0,0.0,51.209607124621535,-4.533493413395739,False,True,True,False,True,13.243264211622346
2025-05-19 14:00:00+00:00,71.54,71.835,71.54,71.71,881.0,69.94813993114363,,,,,,,70.44127436463559,"rgba(239, 83, 80, 1.0)",2.1234677210079864,70.44127436463559,0.5974781828857538,3,0.19274503030930892,0.5782350909279268,0.0,0.0,0.0,0.0,47.618563891771544,-4.533493413395739,False,True,False,True,False,8.80849236974294
2025-05-19 15:00:00+00:00,71.71,72.15,71.71,72.125,1111.0,69.95633666744763,,,,,,,70.44186950130869,"rgba(239, 83, 80, 1.0)",2.0949280729016295,70.44186950130869,0.8034311633239288,3,0.19256275339267304,0.5776882601780191,0.0,0.0,0.0,0.0,48.030789243132546,-4.533493413395739,False,True,False,False,False,10.482943324875247
2025-05-19 16:00:00+00:00,72.125,72.29,72.01,72.09,1802.0,69.97036396800328,,,,,,,70.44732159228958,"rgba(239, 83, 80, 1.0)",2.075931339887869,70.44732159228958,0.7912970800851,3,0.19264382940253558,0.5779314882076068,0.0,0.0,0.0,0.0,48.090107316167305,-4.533493413395739,False,True,False,False,False,10.297248819182109
2025-05-19 17:00:00+00:00,72.05,72.13,71.91,71.91,1827.0,69.98344887048265,,,,,,,70.4502273711466,"rgba(239, 83, 80, 1.0)",2.0734719827052857,70.4502273711466,0.7040233198371054,3,0.19243097798802297,0.5772929339640689,0.0,0.0,0.0,0.0,46.98683330657528,-4.533493413395739,False,True,False,True,False,9.335835523630681
2025-05-19 18:00:00+00:00,71.91,72.09,71.91,71.935,1899.0,69.9968367890266,,,,,,,70.45403822571508,"rgba(239, 83, 80, 1.0)",2.057666120843127,70.45403822571508,0.7197289002737229,3,0.1922769413420683,0.5768308240262049,0.0,0.0,0.0,0.0,46.45360370679962,-4.533493413395739,False,True,False,True,False,9.440560858454244
2025-05-19 19:00:00+00:00,71.99,72.195,71.98,72.02,3717.0,70.02365192316637,,,,,,,70.46648612486433,"rgba(239, 83, 80, 1.0)",2.0421409958295227,70.46648612486433,0.7607280194209229,3,0.19164155060593735,0.574924651817812,0.0,0.0,0.0,0.0,46.83248909900084,-4.533493413395739,False,True,False,True,False,9.801318045985738
2025-05-20 14:00:00+00:00,71.895,72.03,71.635,71.995,898.0,70.02946943090222,,,,,,,70.46805198129,"rgba(239, 83, 80, 1.0)",2.0229023903989636,70.46805198129,0.7548303002444184,3,0.19108588700130533,0.573257661003916,0.0,0.0,0.0,0.0,46.876123684600664,-4.533493413395739,False,True,False,True,False,9.661500803302953
2025-05-20 15:00:00+00:00,71.99,72.13,71.685,71.96,1703.0,70.0406284374017,,,,,,,70.47193324574377,"rgba(239, 83, 80, 1.0)",2.0081970467011323,70.47193324574377,0.7409963861368448,3,0.19099611653402426,0.5729883496020728,0.0,0.0,0.0,0.0,46.587044043946904,-4.533493413395739,False,True,False,True,False,9.462559787970953
2025-05-20 16:00:00+00:00,71.94,72.05,71.83,72.03,5183.0,70.0745882179146,,,,,,,70.48715779395874,"rgba(239, 83, 80, 1.0)",1.987646022739586,70.48715779395874,0.7762157790624848,3,0.19067198500007468,0.5720159550002241,0.0,0.0,0.0,0.0,47.18134122382048,-4.533493413395739,False,True,False,True,False,9.775350637910215
2025-05-20 17:00:00+00:00,72.015,72.11,71.74,71.75,2974.0,70.09250671288358,,,,,,,70.4939218754761,"rgba(239, 83, 80, 1.0)",1.9787907468503612,70.4939218754761,0.6347705670865874,3,0.19060418992836323,0.5718125697850897,0.0,0.0,0.0,0.0,44.92639677941043,-1.9681236883593414,False,True,False,True,False,8.155446989089231
2025-05-20 18:00:00+00:00,71.75,71.91,71.15,71.395,3546.0,70.10891217362605,,,,,,,70.49239867142303,"rgba(239, 83, 80, 1.0)",1.961186880942961,70.49239867142303,0.4602321876347565,3,0.19041768866211237,0.5712530659863371,0.0,0.0,0.0,0.0,40.86370773583515,-5.8228247422308925,False,True,False,True,False,6.149363728990416
2025-05-20 19:00:00+00:00,71.255,72.015,71.255,71.835,12717.0,70.1734802141742,,,,,,,70.51442057739088,"rgba(239, 83, 80, 1.0)",1.949109133531322,70.51442057739088,0.6775297493047702,3,0.19006944892577646,0.5702083467773293,0.0,0.0,0.0,0.0,42.8505948569115,-5.8228247422308925,False,True,False,True,True,8.187868929446655
2025-05-21 14:00:00+00:00,71.795,72.065,71.505,71.9,2220.0,70.18507385285139,,,,,,,70.52045693103871,"rgba(239, 83, 80, 1.0)",1.9339896959769354,70.52045693103871,0.7133145909882601,3,0.18979349010338817,0.5693804703101645,0.0,0.0,0.0,0.0,44.771352779318036,-8.920471553404283,False,True,False,True,True,8.484734477215163
2025-05-21 15:00:00+00:00,71.9,72.505,71.9,72.4,2753.0,70.20307097012412,,,,,,,70.53527194720846,"rgba(239, 83, 80, 1.0)",1.9230086224879455,70.53527194720846,0.9696930273661514,3,0.1891392289298296,0.5674176867894888,0.0,0.0,0.0,0.0,49.913494690885756,-4.259491330818975,False,True,False,False,True,10.726384339257539
2025-05-21 16:00:00+00:00,72.4,73.015,72.295,73.005,2423.0,70.22245360955309,,,,,,,70.5550687036855,"rgba(38, 166, 154, 1.0)",1.9206654885533172,70.5550687036855,1.275563762099888,3,0.18783548835249683,0.5635064650574905,0.0,0.0,0.0,0.0,56.457067673604534,1.4887003135473762,False,False,True,False,True,13.294017724437357
2025-05-21 17:00:00+00:00,72.97,73.02,72.3,72.72,781.0,70.22841656362556,,,,,,,70.75354489898062,"rgba(38, 166, 154, 1.0)",1.8824477906931527,70.75354489898062,1.044626634927969,3,0.18676723489509958,0.5603017046852987,0.0,0.0,0.0,0.0,58.25389151936299,2.7955324125867165,True,False,True,False,True,11.630473389645708
2025-05-21 18:00:00+00:00,72.72,72.73,72.44,72.535,402.0,70.23133528815522,,,,,,,70.7525686748494,"rgba(38, 166, 154, 1.0)",1.8456454106850646,70.7525686748494,0.9657496043560155,3,0.18632453649157624,0.5589736094747287,0.0,0.0,0.0,0.0,57.910183301402455,2.7955324125867165,True,False,True,False,True,10.562677464426404
2025-05-21 19:00:00+00:00,72.54,72.545,72.01,72.01,4034.0,70.25552833569301,,,,,,,70.73716649518997,"rgba(38, 166, 154, 1.0)",1.809063923491967,70.73716649518997,0.7035868043585413,3,0.18630943699129573,0.5589283109738872,0.0,0.0,0.0,0.0,54.0050167846175,2.7955324125867165,False,False,True,False,False,7.613964267843482
2025-05-22 14:00:00+00:00,70.515,70.705,70.31,70.41,2113.0,70.25694035001183,70.475,,,,,,70.66307324848579,"rgba(239, 83, 80, 1.0)",1.7674192897970824,70.66307324848579,-0.14318800861047867,3,0.18689789004410576,0.5606936701323173,0.0,0.0,0.0,0.0,45.27513512848818,1.9125315532746896,False,True,False,True,False,0.0
2025-05-22 15:00:00+00:00,70.45,70.72,70.41,70.695,1180.0,70.25819834429082,70.52277811519383,,,,,,70.64976743941274,"rgba(239, 83, 80, 1.0)",1.7230855024198695,70.64976743941274,0.026250908921076694,4,0.17071208431795326,0.682848337271813,0.0,0.0,0.0,0.0,41.23195237377774,-1.4801838870058148,False,True,False,True,False,0.9204375924990735
2025-05-22 16:00:00+00:00,70.7,70.925,70.56,70.67,1620.0,70.26044882110052,70.58725999050138,,,,,,70.63895603217003,"rgba(239, 83, 80, 1.0)",1.6726694880391373,70.63895603217003,0.01855953495413232,4,0.17098061722627855,0.6839224689051142,0.0,0.0,0.0,0.0,38.45656920959442,-3.853244203104296,False,True,False,True,False,0.8031241040547457
2025-05-22 17:00:00+00:00,70.65,71.11,70.495,71.105,1771.0,70.26386790611355,70.67100713145821,,,,,,70.63588807413416,"rgba(239, 83, 80, 1.0)",1.6327005264315648,70.63588807413416,0.2873227014210245,4,0.17110526168912515,0.6844210467565006,0.0,0.0,0.0,0.0,39.38054005821892,-3.853244203104296,False,True,False,True,False,2.784393282402327
2025-05-22 18:00:00+00:00,71.1,71.385,71.005,71.275,926.0,70.26652396453484,70.73801248357425,,,,,,70.64024676417483,"rgba(239, 83, 80, 1.0)",1.586283230223214,70.64024676417483,0.40015126159774966,4,0.172760566867016,0.691042267468064,0.0,0.0,0.0,0.0,41.00967177718356,-3.853244203104296,False,True,False,True,False,3.5452841113134355
2025-05-22 19:00:00+00:00,71.28,71.48,71.17,71.18,4777.0,70.28077090117831,70.94574244503646,,,,,,70.65565271578068,"rgba(239, 83, 80, 1.0)",1.52841473547088,70.65565271578068,0.3430661011376525,4,0.17557907120996616,0.7023162848398646,0.0,0.0,0.0,0.0,41.63110704921333,-3.853244203104296,False,True,False,True,True,3.0761915841443006
2025-05-23 14:00:00+00:00,71.38,71.715,71.22,71.255,1478.0,70.28561921321813,70.99381067435989,,,,,,70.66091398884986,"rgba(239, 83, 80, 1.0)",1.4794386809907785,70.66091398884986,0.4015617671644766,4,0.1783288603515948,0.7133154414063791,0.0,0.0,0.0,0.0,42.563461831905244,-3.853244203104296,False,True,False,True,True,3.4205718101379716
2025-05-23 15:00:00+00:00,71.28,71.59,71.21,71.355,548.0,70.28738737562134,71.00868417400957,,,,,,70.66256293897018,"rgba(239, 83, 80, 1.0)",1.4405569337170292,70.66256293897018,0.48067316523418824,4,0.18136324794677045,0.7254529917870818,0.0,0.0,0.0,0.0,43.911345971774054,-3.853244203104296,False,True,False,True,True,3.8838548480560675
2025-05-23 16:00:00+00:00,71.355,71.485,71.195,71.36,2363.0,70.29468306178164,71.05629103083771,,,,,,70.6676021198211,"rgba(239, 83, 80, 1.0)",1.3965666781387214,70.6676021198211,0.49578576591967477,4,0.18480500488687035,0.7392200195474814,0.0,0.0,0.0,0.0,44.84910228242705,-3.853244203104296,False,True,False,True,True,3.907331000595679
2025-05-23 17:00:00+00:00,71.365,71.72,71.3,71.545,2493.0,70.30353439453522,71.11650076980297,,,,,,70.67706851823931,"rgba(239, 83, 80, 1.0)",1.3268357604225478,70.67706851823931,0.6541363352192802,5,0.17009511954382353,0.8504755977191176,0.0,0.0,0.0,0.0,46.96449742573689,-8.80703043160937,False,False,False,True,True,4.782475719844459
2025-05-23 18:00:00+00:00,71.545,71.85,71.54,71.7,2778.0,70.31464390866562,71.18960372537458,,,,,,70.69121370099352,"rgba(239, 83, 80, 1.0)",1.2724161311504052,70.69121370099352,0.792811623736987,5,0.17082686561235905,0.8541343280617952,0.0,0.0,0.0,0.0,49.56720731408244,-6.041220571998238,True,False,False,False,True,5.513762542356407
2025-05-23 19:00:00+00:00,71.695,71.87,71.62,71.76,9993.0,70.35467000972966,71.3643864960466,,,,,,70.73417094897634,"rgba(239, 83, 80, 1.0)",1.2137868744460614,70.73417094897634,0.8451475894331312,5,0.17266655167959954,0.8633327583979977,0.0,0.0,0.0,0.0,51.768688995951976,-3.7311659612624553,True,False,True,False,True,5.798439032060134
2025-05-26 14:00:00+00:00,71.76,71.76,71.76,71.76,0.0,70.35467000972966,71.3643864960466,,,,,,70.73417094897634,"rgba(239, 83, 80, 1.0)",1.1317942702944037,70.73417094897634,0.9063741334870192,5,0.1745525748073971,0.8727628740369855,0.0,0.0,0.0,0.0,53.23634345053166,-2.1207960793777616,True,False,True,False,True,5.798439032060134
2025-05-26 15:00:00+00:00,71.76,71.76,71.76,71.76,0.0,70.35467000972966,71.3643864960466,,,,,,70.73417094897634,"rgba(239, 83, 80, 1.0)",1.0717781301936231,70.73417094897634,0.9571281799138235,5,0.17674525691174345,0.8837262845587173,0.0,0.0,0.0,0.0,54.21477975358479,-0.9345799519583622,True,False,True,False,True,5.798439032060134
2025-05-26 16:00:00+00:00,71.76,71.76,71.76,71.76,0.0,70.35467000972966,71.3643864960466,,,,,,70.73417094897634,"rgba(239, 83, 80, 1.0)",0.9998764698481215,70.73417094897634,1.0259557874979137,5,0.17852212560997893,0.8926106280498947,0.0,0.0,0.0,0.0,54.867070622286874,-0.008564694310351229,True,False,True,False,True,5.798439032060145
2025-05-26 17:00:00+00:00,71.76,71.76,71.76,71.76,0.0,70.35467000972966,71.3643864960466,,,,,,70.73417094897634,"rgba(239, 83, 80, 1.0)",0.957732047953219,70.73417094897634,1.0711023539579525,5,0.18088527209805144,0.9044263604902572,0.0,0.0,0.0,0.0,55.301931201421596,0.7530188485001759,True,False,True,False,True,5.798439032060145
2025-05-26 18:00:00+00:00,71.76,71.76,71.76,71.76,0.0,70.35467000972966,71.3643864960466,,,,,,70.73417094897634,"rgba(239, 83, 80, 1.0)",0.9250801036662681,70.73417094897634,1.1089083496208685,5,0.18198116427635033,0.9099058213817517,0.0,0.0,0.0,0.0,55.591838254178086,1.4049943868503973,True,False,True,False,True,5.798439032060145
2025-05-26 19:00:00+00:00,71.76,71.76,71.76,71.76,0.0,70.35467000972966,71.3643864960466,,,,,,70.73417094897634,"rgba(239, 83, 80, 1.0)",0.8971473459590451,70.73417094897634,1.1434343039013934,5,0.18373426264481954,0.9186713132240977,0.0,0.0,0.0,0.0,55.785109622682405,1.9781362039773782,True,False,True,False,True,5.798439032060145
2025-05-27 14:00:00+00:00,72.135,72.48,71.955,71.955,1043.0,70.35982216508948,71.38852381384194,,,,,,70.74115580410019,"rgba(239, 83, 80, 1.0)",0.864329209261716,70.74115580410019,1.4043771550155517,5,0.18510291141707486,0.9255145570853742,0.0,0.0,0.0,0.0,58.638894764491006,4.941938855471818,True,False,True,False,True,6.843782754486163
2025-05-27 15:00:00+00:00,71.99,72.19,71.845,71.955,328.0,70.3613146523965,71.39449402891263,,,,,,70.74294509580717,"rgba(239, 83, 80, 1.0)",0.8261126812748775,70.74294509580717,1.4671786690434925,5,0.18681194418002448,0.9340597209001223,0.0,0.0,0.0,0.0,60.5414181923634,6.872499383116683,True,False,True,False,True,6.843782754486163
2025-05-27 16:00:00+00:00,71.955,72.49,71.955,72.26,402.0,70.3634061965177,71.40448673587082,,,,,,70.8604434616447,"rgba(239, 83, 80, 1.0)",0.771209988814886,70.8604434616447,1.8147541637861682,5,0.18833827055444766,0.9416913527722383,0.0,0.0,0.0,0.0,65.01455286888802,11.063021088213084,True,False,True,False,True,8.480248501113717
2025-05-27 17:00:00+00:00,72.3,72.42,72.135,72.38,387.0,70.36549759047729,71.41475219298246,,,,,,70.8661495026897,"rgba(38, 166, 154, 1.0)",0.7585658410027089,70.8661495026897,1.9956744892562268,5,0.18960897660185827,0.9480448830092914,0.0,0.0,0.0,0.0,68.92216857048406,14.55706418916246,True,False,True,False,True,9.115346925478523
2025-05-27 18:00:00+00:00,72.38,72.49,72.305,72.405,743.0,70.36968196694687,71.43570171422031,,,,,,70.98550274461329,"rgba(38, 166, 154, 1.0)",0.7459314571324583,70.98550274461329,1.9029861816575053,4,0.1868440429710115,0.747376171884046,0.0,0.0,0.0,0.0,71.71631045076592,16.98170959225513,True,False,True,False,True,9.248799449184872
2025-05-27 19:00:00+00:00,72.41,72.49,72.27,72.32,2509.0,70.3834097698337,71.49762269037704,,,,,,71.09167979142823,"rgba(38, 166, 154, 1.0)",0.724292839339264,71.09167979142823,1.6958889303562545,4,0.19100259765765693,0.7640103906306277,0.0,0.0,0.0,0.0,71.3808840221708,16.98170959225513,True,False,True,False,True,8.660880040346036
2025-05-28 14:00:00+00:00,71.88,72.03,71.465,71.6,962.0,70.38687798852841,71.50264907759326,,,,,,71.10244525401808,"rgba(239, 83, 80, 1.0)",0.7191551161481766,71.10244525401808,0.6918601214253169,3,0.22010878149617907,0.6603263444885372,0.0,0.0,0.0,0.0,60.588400364584594,16.341883720785816,True,False,True,False,False,3.9017434291252506
2025-05-28 15:00:00+00:00,71.655,72.07,71.62,71.81,756.0,70.38986996694791,71.50903144413243,,,,,,71.09737340408145,"rgba(239, 83, 80, 1.0)",0.7109102907135741,71.09737340408145,1.0024142359836337,3,0.225629456537338,0.676888369612014,0.0,0.0,0.0,0.0,56.00123707431962,12.58377495731228,True,False,True,False,False,5.085423127519167
2025-05-28 16:00:00+00:00,71.81,72.265,71.81,72.265,758.0,70.3934369669963,71.52050361484007,,,,,,71.10640846778657,"rgba(239, 83, 80, 1.0)",0.7039653003843034,71.10640846778657,1.645807728848206,3,0.23136259942723006,0.6940877982816902,0.0,0.0,0.0,0.0,57.16461443951012,12.58377495731228,True,False,True,False,False,7.5674741308994875
2025-05-28 17:00:00+00:00,72.28,72.405,72.19,72.255,381.0,70.39540097502518,71.52771386869767,,,,,,71.11341573920048,"rgba(239, 83, 80, 1.0)",0.7035908349773192,71.11341573920048,1.622511556501896,3,0.23837129778525898,0.7151138933557769,0.0,0.0,0.0,0.0,57.82410300495498,12.58377495731228,True,False,True,False,False,7.5017887291999905
2025-05-28 18:00:00+00:00,72.255,72.335,71.805,71.93,590.0,70.3980165689486,71.53486356634639,,,,,,71.1143946854268,"rgba(239, 83, 80, 1.0)",0.7035722428449825,71.1143946854268,1.1592346384718109,2,0.21656620429315943,0.43313240858631885,0.0,0.0,0.0,0.0,54.787866744692614,11.831534231575503,True,False,True,False,False,5.381127768145237
2025-05-28 19:00:00+00:00,71.96,72.07,71.605,71.795,2311.0,70.40693048805126,71.55029179202347,,,,,,71.10144265333153,"rgba(239, 83, 80, 1.0)",0.7030373165554482,71.10144265333153,0.9865156945958069,2,0.2230573039485308,0.4461146078970616,0.0,0.0,0.0,0.0,51.52762752273858,8.64416261526128,False,False,False,False,False,4.514804055564973
2025-05-29 14:00:00+00:00,72.155,72.37,71.605,72.155,3471.0,70.42215845163248,71.58695225752093,,,,,,71.11555351362102,"rgba(239, 83, 80, 1.0)",0.7023027567674635,71.11555351362102,1.480054686334009,2,0.23151277858169672,0.46302555716339344,0.0,0.0,0.0,0.0,52.76199785303127,8.64416261526128,False,False,True,False,False,6.5230332571526155
2025-05-29 15:00:00+00:00,72.14,72.14,71.615,71.635,1237.0,70.42670180084366,71.59236602111943,,,,,,71.11243551255068,"rgba(239, 83, 80, 1.0)",0.7038772927465831,71.11243551255068,0.7424085033489902,1,0.19497821306984164,0.19497821306984164,0.0,0.0,0.0,0.0,49.31355478449884,6.306930215274427,False,True,False,False,False,3.2375055862043496
2025-05-29 16:00:00+00:00,71.72,71.94,71.59,71.745,1057.0,70.43045233584427,71.59594800068064,,,,,,71.10958427639645,"rgba(239, 83, 80, 1.0)",0.7033429314923793,71.10958427639645,0.9034223494011787,1,0.2004302094587686,0.2004302094587686,0.0,0.0,0.0,0.0,48.01893825795751,4.856555166597829,False,True,False,True,False,3.856410369202674
2025-05-29 17:00:00+00:00,71.745,71.965,71.63,71.83,864.0,70.43361724262907,71.59962987486374,,,,,,71.10867900167068,"rgba(239, 83, 80, 1.0)",0.6884964817676394,71.10867900167068,1.047675648940726,1,0.20694013517664372,0.20694013517664372,0.0,0.0,0.0,0.0,47.94727292830822,4.418866239401289,False,True,False,True,False,4.33693862120958
2025-05-29 18:00:00+00:00,71.83,71.96,71.725,71.79,510.0,70.43550116859541,71.60191271590963,,,,,,71.10845310362936,"rgba(239, 83, 80, 1.0)",0.6573875062201463,71.10845310362936,1.0367506073996045,1,0.21799988349467148,0.21799988349467148,0.0,0.0,0.0,0.0,47.540727843573194,3.5598568282658007,False,True,False,True,False,4.080450487887813
2025-05-29 19:00:00+00:00,71.79,71.965,71.615,71.75,2244.0,70.44344394974665,71.6093689908036,,,,,,71.10617827503732,"rgba(239, 83, 80, 1.0)",0.6343316195844336,71.10617827503732,1.0149607950876878,1,0.22750698190966978,0.22750698190966978,0.0,0.0,0.0,0.0,46.88491717036892,2.439284894097952,False,True,False,True,False,3.8204317939453034
2025-05-30 14:00:00+00:00,71.16,71.685,71.16,71.535,1562.0,70.44761737925207,71.60506072077064,,,,,,71.09662747763635,"rgba(239, 83, 80, 1.0)",0.6081233649746007,71.09662747763635,0.7208611732620398,1,0.23859324654952904,0.23859324654952904,0.0,0.0,0.0,0.0,44.47339133364586,-0.25071027491865294,False,True,False,True,False,2.424177785901339
2025-05-30 15:00:00+00:00,71.535,71.565,71.075,71.215,613.0,70.44896437424663,71.60147838762296,,,,,,71.09146864101862,"rgba(239, 83, 80, 1.0)",0.5741456402492467,71.09146864101862,0.2151568353419077,1,0.2554561817076099,0.2554561817076099,0.0,0.0,0.0,0.0,40.50355892102454,-4.21281575460312,False,True,False,True,False,0.3957573656714821
2025-05-30 16:00:00+00:00,71.19,71.305,70.935,70.975,538.0,70.44984224708695,71.59632453983293,,,,,,71.08525199180411,"rgba(239, 83, 80, 1.0)",0.5526733310119185,71.08525199180411,-0.19948853258805424,1,0.26853083217710144,0.26853083217710144,0.0,0.0,0.0,0.0,36.434638043691166,-8.08124432009847,False,True,False,True,False,0.0
2025-05-30 17:00:00+00:00,70.965,71.145,70.81,70.89,911.0,70.451029406767,71.5858238018156,,,,,,71.06619125445283,"rgba(239, 83, 80, 1.0)",0.5381753038357052,71.06619125445283,-0.3273863612787021,2,0.20496502813869202,0.40993005627738405,0.0,0.0,0.0,0.0,33.25399818877849,-11.034869815391957,False,True,False,True,False,0.0
2025-05-30 18:00:00+00:00,70.915,71.215,70.915,71.08,1593.0,70.45359633868227,71.57160987141788,,,,,,71.05622792641717,"rgba(239, 83, 80, 1.0)",0.5208640171151375,71.05622792641717,0.045639692514175816,2,0.21254969841229998,0.42509939682459996,0.0,0.0,0.0,0.0,33.8369904220323,-11.034869815391957,False,True,False,True,False,0.0
2025-05-30 19:00:00+00:00,71.085,71.505,71.01,71.365,5918.0,70.46633743716485,71.54576816051554,,,,,,71.04249044488887,"rgba(239, 83, 80, 1.0)",0.5029687809353448,71.04249044488887,0.6412118750419679,2,0.21900753935403378,0.43801507870806755,0.0,0.0,0.0,0.0,37.6420163596625,-11.034869815391957,False,True,False,True,True,1.389365204262642
2025-06-02 14:00:00+00:00,72.22,72.51,71.84,72.195,1285.0,70.47197006169603,71.55833687108732,,,,,,71.0593458348922,"rgba(239, 83, 80, 1.0)",0.489320111146234,71.0593458348922,2.3208818506305025,2,0.22499498246956295,0.4499899649391259,0.0,0.0,0.0,0.0,46.39518961756881,-10.158380943111013,False,True,False,False,True,6.225306404407114
2025-06-02 15:00:00+00:00,72.235,72.33,71.89,72.155,1271.0,70.4773215944384,71.569202673345,,,,,,71.072587161695,"rgba(239, 83, 80, 1.0)",0.4816545900800026,71.072587161695,2.2472802306840167,2,0.2324533990249572,0.4649067980499144,0.0,0.0,0.0,0.0,51.84438216699809,-5.459262257930504,False,False,True,False,True,5.963737075695217
2025-06-02 16:00:00+00:00,72.225,72.48,72.165,72.39,1407.0,70.4839911126339,71.5853281086112,,,,,,71.09039189408014,"rgba(38, 166, 154, 1.0)",0.4756463407222139,71.09039189408014,2.7322991783066266,2,0.24141792013883567,0.48283584027767135,0.0,0.0,0.0,0.0,56.80632891637647,-1.181411679612026,True,False,True,False,True,7.271262773704436
2025-06-02 17:00:00+00:00,72.38,72.415,72.145,72.335,2316.0,70.49459367112347,71.60891603696774,,,,,,71.11424868304974,"rgba(38, 166, 154, 1.0)",0.4793162641535049,71.11424868304974,2.5468597839177445,2,0.2559580467032294,0.5119160934064588,0.0,0.0,0.0,0.0,59.504665335864665,1.1287791722885459,True,False,True,False,True,6.9008124992520194
2025-06-02 18:00:00+00:00,72.34,72.46,71.915,72.41,5440.0,70.51852052588477,71.65598170459617,,,,,,71.1565959600015,"rgba(38, 166, 154, 1.0)",0.48378078387616735,71.1565959600015,2.590851232155042,2,0.2592096959826918,0.5184193919653836,0.0,0.0,0.0,0.0,61.77561666696012,3.25925765356142,True,False,True,False,True,7.324829834363889
2025-06-02 19:00:00+00:00,72.41,72.73,72.41,72.585,5724.0,70.54740818680439,71.7207888490553,,,,,,71.21101572395817,"rgba(38, 166, 154, 1.0)",0.4915343416385082,71.21101572395817,2.795296604224453,2,0.26206422861023315,0.5241284572204663,0.0,0.0,0.0,0.0,64.36485691443846,5.840325612941427,True,False,True,False,True,8.3134526393046
2025-06-03 14:00:00+00:00,71.76,72.845,71.665,72.705,1468.0,70.55407629972146,71.73294318259741,,,,,,71.22062244741191,"rgba(38, 166, 154, 1.0)",0.5015262740919931,71.22062244741191,2.959720415995218,2,0.2670745746728681,0.5341491493457362,0.0,0.0,0.0,0.0,66.78946898509491,8.358227464209179,True,False,True,False,True,8.988198108660459
2025-06-03 15:00:00+00:00,72.705,73.17,72.705,73.17,3038.0,70.5722230218621,71.77840332489079,,,,,,71.25749222068487,"rgba(38, 166, 154, 1.0)",0.5240560196321636,71.25749222068487,3.649433853765346,2,0.2654530305082434,0.5309060610164869,0.0,0.0,0.0,0.0,70.58704626804091,12.173002139287235,True,False,True,False,True,11.5276048173153
2025-06-03 16:00:00+00:00,73.175,73.25,72.925,73.075,3097.0,70.5909585878978,71.82392755761823,,,,,,71.29361812842934,"rgba(38, 166, 154, 1.0)",0.5400813835913036,71.29361812842934,3.298358220987461,2,0.265054804842724,0.530109609685448,0.0,0.0,0.0,0.0,71.80640091856864,13.617989420876867,True,False,True,False,True,10.83920469806947
2025-06-03 17:00:00+00:00,73.06,73.16,72.68,72.805,2298.0,70.6035705278407,71.8506172588721,,,,,,71.31425475513454,"rgba(38, 166, 154, 1.0)",0.550491794868201,71.31425475513454,2.7080244587884916,2,0.2655371469239438,0.5310742938478876,0.0,0.0,0.0,0.0,69.18712587090137,13.617989420876867,True,False,True,False,True,8.903320013738718
2025-06-03 18:00:00+00:00,72.795,73.6,72.73,73.575,5312.0,70.63747720989134,71.93058877337872,,,,,,71.37622817781623,"rgba(38, 166, 154, 1.0)",0.5836650279619845,71.37622817781623,3.7671810316635654,2,0.25966698524610643,0.5193339704922129,0.0,0.0,0.0,0.0,71.14138513807872,13.617989420876867,True,False,True,False,True,12.97401316638788
2025-06-03 19:00:00+00:00,73.57,73.745,73.37,73.565,14639.0,70.73530293953326,72.14543570551447,,,,,,71.65205829526468,"rgba(38, 166, 154, 1.0)",0.6134999137287186,71.65205829526468,3.118079826790643,2,0.25425900386415756,0.5085180077283151,0.0,0.0,0.0,0.0,72.3321793389741,14.966828305123812,True,False,True,False,True,12.902271407890662
2025-06-04 14:00:00+00:00,72.72,73.265,72.26,72.315,2075.0,70.74417141164402,72.15402018603336,,,,,,71.65148350398529,"rgba(38, 166, 154, 1.0)",0.6126057400921033,71.65148350398529,1.0831052544740283,2,0.25455928774053915,0.5091185754810783,0.0,0.0,0.0,0.0,63.50188138444257,21.228494387932045,True,False,True,False,False,4.620444508962638
2025-06-04 15:00:00+00:00,72.275,72.305,71.02,71.03,1079.0,70.74590444905039,72.14738277703333,,,,,,71.63987835836055,"rgba(239, 83, 80, 1.0)",0.6205134607371176,71.63987835836055,-0.9828608031098355,2,0.2518609861978634,0.5037219723957268,0.0,0.0,0.0,0.0,52.895251446954944,11.604670584622681,False,True,False,False,False,0.0
2025-06-04 16:00:00+00:00,71.0,71.93,70.99,71.875,2430.0,70.7505811344837,72.13594100983074,,,,,,71.61892645586498,"rgba(239, 83, 80, 1.0)",0.6163944492921036,71.61892645586498,0.4154377840830774,3,0.44978658690036316,1.3493597607010894,0.0,0.0,0.0,0.0,50.059900186287074,9.333473610388978,False,True,False,True,False,1.8725934396532864
2025-06-04 17:00:00+00:00,71.875,72.24,71.64,72.06,1396.0,70.75444384677303,72.13409619529448,,,,,,71.62120670181427,"rgba(239, 83, 80, 1.0)",0.6161821203235326,71.62120670181427,0.7121162456894014,4,0.4268266817639145,1.707306727055658,0.0,0.0,0.0,0.0,48.98168571108745,8.353196389063115,False,True,False,True,False,2.7907599998454025
2025-06-04 18:00:00+00:00,72.06,72.365,71.94,72.015,2230.0,70.76119667881169,72.13358745103258,,,,,,71.62362506092545,"rgba(239, 83, 80, 1.0)",0.6158063124192649,71.62362506092545,0.6355487613256049,4,0.4334900361265576,1.7339601445062305,0.0,0.0,0.0,0.0,48.077989301840816,7.227689036101317,False,True,False,True,False,2.5490844670618706
2025-06-04 19:00:00+00:00,72.015,72.42,72.0,72.37,5471.0,70.77937779026496,72.13923436538748,,,,,,71.63138861211651,"rgba(239, 83, 80, 1.0)",0.6177363281952668,71.63138861211651,1.195674196531986,4,0.4472629257596585,1.789051703038634,0.0,0.0,0.0,0.0,49.17922744693739,7.227689036101317,False,True,False,False,False,4.316793084709243
2025-06-05 14:00:00+00:00,72.81,73.21,72.48,73.08,703.0,70.7827069946685,72.14359505407138,,,,,,71.63724074456199,"rgba(239, 83, 80, 1.0)",0.6321553506760722,71.63724074456199,2.2822859189517506,4,0.45285469071498374,1.811418762859935,0.0,0.0,0.0,0.0,52.77053359742349,7.227689036101317,False,True,True,False,True,7.669404186849967
2025-06-05 15:00:00+00:00,73.08,73.225,72.685,72.815,236.0,70.78381449011712,72.14502014850144,,,,,,71.63909173732536,"rgba(239, 83, 80, 1.0)",0.6403096590404216,71.63909173732536,1.8364680995705644,4,0.46251396860346405,1.8500558744138562,0.0,0.0,0.0,0.0,53.78730796408276,7.227689036101317,False,False,True,False,True,6.2025131545718075
2025-06-05 16:00:00+00:00,72.815,72.945,72.725,72.905,498.0,70.78609279862386,72.14781413286562,,,,,,71.64261491634942,"rgba(239, 83, 80, 1.0)",0.6498022360279692,71.64261491634942,1.9427219754846288,4,0.47651578033426534,1.9060631213370614,0.0,0.0,0.0,0.0,54.8430210261667,7.227689036101317,False,False,True,False,True,6.622981942472499
2025-06-05 17:00:00+00:00,72.86,73.37,72.86,73.13,1004.0,70.79124891354331,72.1554310871799,,,,,,71.65216606261394,"rgba(239, 83, 80, 1.0)",0.6637796022486409,71.65216606261394,2.2263925139906298,4,0.4836030644120539,1.9344122576482157,0.0,0.0,0.0,0.0,56.51260595199072,7.227689036101317,False,False,True,False,True,7.672684893105224
2025-06-05 18:00:00+00:00,73.13,73.19,72.84,73.04,492.0,70.79366276807828,72.15875056684057,,,,,,71.65612342487327,"rgba(239, 83, 80, 1.0)",0.6751434749093829,71.65612342487327,2.049751832841867,4,0.4885849366533018,1.9543397466132073,0.0,0.0,0.0,0.0,57.03914801348297,7.227689036101317,False,False,True,False,True,7.157883846707659
2025-06-05 19:00:00+00:00,73.04,73.105,72.765,72.92,3251.0,70.80882034561172,72.17776163613573,,,,,,71.67689991438014,"rgba(239, 83, 80, 1.0)",0.6836958585716554,71.67689991438014,1.8182062536065131,4,0.49344625236209644,1.9737850094483858,0.0,0.0,0.0,0.0,56.572332926489494,7.227689036101317,False,False,True,False,True,6.467683130907815
2025-06-06 14:00:00+00:00,73.94,74.29,73.725,74.035,1948.0,70.82240044912886,72.2045271327097,,,,,,71.70729796492206,"rgba(38, 166, 154, 1.0)",0.7223247441677769,71.70729796492206,3.222514601461957,4,0.47607899185739455,1.9043159674295782,0.0,0.0,0.0,0.0,60.79000648315596,4.837639960314057,True,False,True,False,True,11.52366545357242
2025-06-06 15:00:00+00:00,73.935,74.42,73.935,74.235,2013.0,70.83709742378046,72.23404650261199,,,,,,71.86225004970424,"rgba(38, 166, 154, 1.0)",0.7620281319445399,71.86225004970424,3.1137301246884195,4,0.45421728270828615,1.8168691308331446,0.0,0.0,0.0,0.0,64.19888371309935,8.2566353617418,True,False,True,False,True,12.36938402634583
2025-06-06 16:00:00+00:00,74.24,74.24,73.58,73.615,4943.0,70.86857485238893,72.28943442572496,,,,,,71.90066930184871,"rgba(38, 166, 154, 1.0)",0.782184645605392,71.90066930184871,2.1917212358783082,4,0.44409747307853187,1.7763898923141275,0.0,0.0,0.0,0.0,62.47698442336088,8.2566353617418,True,False,True,False,True,8.836083114306874
2025-06-06 17:00:00+00:00,73.615,73.77,73.55,73.71,2262.0,70.88210773849087,72.3113696343106,,,,,,71.91699135470517,"rgba(38, 166, 154, 1.0)",0.8038694428090272,71.91699135470517,2.2304724496422716,4,0.43364515977107293,1.7345806390842917,0.0,0.0,0.0,0.0,61.71503166726731,8.2566353617418,True,False,True,False,False,9.251812740861212
2025-06-06 18:00:00+00:00,73.71,73.75,73.575,73.705,1452.0,70.890726105518,72.3250881739628,,,,,,71.92761953916683,"rgba(38, 166, 154, 1.0)",0.824014792573164,71.92761953916683,2.1569764000023803,4,0.42313213492856816,1.6925285397142726,0.0,0.0,0.0,0.0,61.17354054835225,8.2566353617418,True,False,True,False,False,9.223391514292704
2025-06-06 19:00:00+00:00,73.705,73.77,73.395,73.545,4780.0,70.9176540475189,72.36494910217078,,,,,,71.95682271553656,"rgba(38, 166, 154, 1.0)",0.8340492888416328,71.95682271553656,1.9041767743356957,4,0.41564314213101866,1.6625725685240746,0.0,0.0,0.0,0.0,59.676104648753174,8.2566353617418,True,False,True,False,False,8.30577217107323
2025-06-09 14:00:00+00:00,73.3,73.94,73.29,73.93,773.0,70.92220135272147,72.3719293855528,,,,,,71.96262273924988,"rgba(38, 166, 154, 1.0)",0.856838900203486,71.96262273924988,2.296087701297064,4,0.4039405741412549,1.6157622965650196,0.0,0.0,0.0,0.0,60.60028521332631,8.2566353617418,True,False,True,False,False,10.043442969128701
2025-06-09 15:00:00+00:00,73.93,74.105,73.805,73.84,2779.0,70.93956874158232,72.40001680428516,,,,,,71.98776845459743,"rgba(38, 166, 154, 1.0)",0.8776628105428809,71.98776845459743,2.110413615744834,4,0.3944994956846068,1.5779979827384272,0.0,0.0,0.0,0.0,60.51220734972217,8.2566353617418,True,False,True,False,False,9.518170010809488
2025-06-09 16:00:00+00:00,73.875,74.135,73.81,74.135,956.0,70.94571582852188,72.41012823430478,,,,,,71.99698770723992,"rgba(38, 166, 154, 1.0)",0.9061945876199283,71.99698770723992,2.359330238746466,4,0.3825883520629804,1.5303534082519217,0.0,0.0,0.0,0.0,61.91986557703772,8.2566353617418,True,False,True,False,False,10.843542691418037
2025-06-09 17:00:00+00:00,74.2,74.345,74.1,74.12,1396.0,70.9551169841441,72.42612394484182,,,,,,72.012011310518,"rgba(38, 166, 154, 1.0)",0.908393850369107,72.012011310518,2.3205668869570855,4,0.37188416364772103,1.4875366545908841,0.0,0.0,0.0,0.0,62.72226486324605,8.787584744104905,True,False,True,False,True,10.753486793325074
2025-06-09 18:00:00+00:00,74.12,74.17,73.925,73.93,2486.0,70.97079973759786,72.451069862672,,,,,,72.03394796718717,"rgba(38, 166, 154, 1.0)",0.9103648263845349,72.03394796718717,2.082738675595477,4,0.36428683364010395,1.4571473345604158,0.0,0.0,0.0,0.0,61.489649244132806,8.787584744104905,True,False,True,False,True,9.606275606631687
2025-06-09 19:00:00+00:00,73.93,74.0,73.355,73.465,3165.0,70.9879247159528,72.47380948680168,,,,,,72.05071369617391,"rgba(38, 166, 154, 1.0)",0.9001761589367644,72.05071369617391,1.5711217074406425,4,0.36071631716185354,1.4428652686474142,0.0,0.0,0.0,0.0,57.02849930900667,10.931150484716369,False,False,True,False,False,6.87103739416645
2025-06-10 14:00:00+00:00,74.97,75.535,74.79,75.185,236.0,70.98994972209168,72.47775977741495,,,,,,72.05475455422666,"rgba(38, 166, 154, 1.0)",0.9471807004369932,72.05475455422666,3.304802815692047,4,0.34085378105340947,1.3634151242136379,0.0,0.0,0.0,0.0,61.57809276932663,7.268784125538083,True,False,True,False,True,14.28024868579967
2025-06-10 15:00:00+00:00,75.165,75.71,75.105,75.6,900.0,70.99821025781755,72.49439495525085,,,,,,72.07198024783614,"rgba(38, 166, 154, 1.0)",1.0083852358026772,72.07198024783614,3.4986824746155114,4,0.3196734969357141,1.2786939877428565,0.0,0.0,0.0,0.0,65.64326575289223,10.839551376928206,True,False,True,False,True,15.863640386273012
2025-06-10 16:00:00+00:00,75.63,75.76,75.155,75.155,1083.0,71.00785565845344,72.5134053824768,,,,,,72.09127289152298,"rgba(38, 166, 154, 1.0)",1.044936878994192,72.09127289152298,2.9319733756799042,4,0.3064103248097429,1.2256412992389716,0.0,0.0,0.0,0.0,65.57484244538816,10.839551376928206,True,False,True,False,True,13.342969124570086
2025-06-10 17:00:00+00:00,75.155,75.225,74.805,74.97,6253.0,71.0582219189027,72.60523930038843,,,,,,72.17877955038992,"rgba(38, 166, 154, 1.0)",1.0730174973180047,72.17877955038992,2.6012813925091662,4,0.2963141991812481,1.1852567967249923,0.0,0.0,0.0,0.0,64.43440032000359,10.839551376928206,True,False,True,False,True,12.315419829314088
2025-06-10 18:00:00+00:00,74.965,75.295,74.86,75.265,3428.0,71.08625958060733,72.65554096402515,,,,,,72.22556140731872,"rgba(38, 166, 154, 1.0)",1.1088105671731856,72.22556140731872,2.7411702978535444,4,0.28580357228490066,1.1432142891396027,0.0,0.0,0.0,0.0,64.7161852671712,10.839551376928206,True,False,True,False,True,13.479741650255956
2025-06-10 19:00:00+00:00,75.265,75.42,75.085,75.21,4070.0,71.11984753623186,72.71499408030799,,,,,,72.28007350232126,"rgba(38, 166, 154, 1.0)",1.1394614541117467,72.28007350232126,2.571325679430485,3,0.3356083009531783,1.0068249028595349,0.0,0.0,0.0,0.0,64.53345751908178,10.839551376928206,True,False,True,False,True,13.168183721884468
2025-06-11 14:00:00+00:00,76.245,76.55,75.96,76.33,821.0,71.12825416149083,72.73147123453734,,,,,,72.29586573625906,"rgba(38, 166, 154, 1.0)",1.2087013468789558,72.29586573625906,3.3375773710831584,3,0.3166893039816067,0.9500679119448201,0.0,0.0,0.0,0.0,67.76379407982544,13.31365589883616,True,False,True,False,True,17.383870169971175
2025-06-11 15:00:00+00:00,76.34,76.86,76.34,76.825,1504.0,71.14475887163253,72.76458053285401,,,,,,72.32778953598388,"rgba(38, 166, 154, 1.0)",1.2926576889888375,72.32778953598388,3.479042056009428,3,0.2972585293060275,0.8917755879180824,0.0,0.0,0.0,0.0,70.96948074851551,16.399760665147966,True,False,True,False,True,19.102605342588603
2025-06-11 16:00:00+00:00,76.825,76.825,76.45,76.715,3503.0,71.18274188055346,72.83935826959194,,,,,,72.39877711285705,"rgba(38, 166, 154, 1.0)",1.3644249754070692,72.39877711285705,3.1634006742329186,3,0.28213247673327785,0.8463974301998336,0.0,0.0,0.0,0.0,72.34041120701151,17.739854463606974,True,False,True,False,True,18.47033893260793
2025-06-11 17:00:00+00:00,76.715,76.82,76.58,76.76,559.0,71.18881696276698,72.85119943995024,,,,,,72.40991253113916,"rgba(38, 166, 154, 1.0)",1.4311362650041695,72.40991253113916,3.039603967305081,3,0.2690878681632977,0.8072636044898931,0.0,0.0,0.0,0.0,73.3663831538747,18.82751602309635,True,False,True,False,True,18.628446340958828
2025-06-11 18:00:00+00:00,76.84,77.605,76.685,77.285,1573.0,71.20729232906463,72.88815088226329,,,,,,72.44494450688401,"rgba(38, 166, 154, 1.0)",1.5109429428597427,72.44494450688401,3.2033343919362505,3,0.2551850976060677,0.7655552928182032,0.0,0.0,0.0,0.0,75.28264803754885,20.773190455714996,True,False,True,False,True,20.0
2025-06-11 19:00:00+00:00,77.28,77.585,77.27,77.43,3555.0,71.25026567114875,72.97385518551165,,,,,,72.52562384864792,"rgba(38, 166, 154, 1.0)",1.5885784001220788,72.52562384864792,3.0872735969311877,3,0.24285171994994612,0.7285551598498383,0.0,0.0,0.0,0.0,76.87094091216011,22.401854457462946,True,False,True,False,True,20.0
2025-06-12 14:00:00+00:00,78.09,78.56,78.09,78.395,2955.0,71.2907892270984,73.05688268393969,,,,,,72.60405855847856,"rgba(38, 166, 154, 1.0)",1.6961667832963403,72.60405855847856,3.414134446299727,3,0.22797792387050744,0.6839337716115224,0.0,0.0,0.0,0.0,79.59590163569692,25.058920088201447,True,False,True,False,True,20.0
2025-06-12 15:00:00+00:00,78.395,78.885,78.395,78.815,1094.0,71.30641295008505,73.08896453974442,,,,,,72.63426473308041,"rgba(38, 166, 154, 1.0)",1.8098044715455677,72.63426473308041,3.4151397922236617,3,0.21427855307309604,0.6428356592192881,0.0,0.0,0.0,0.0,81.95716154352571,27.32208040775626,True,False,True,False,True,20.0
2025-06-12 16:00:00+00:00,78.82,79.0,78.465,78.76,1456.0,71.32722585689247,73.13142593290031,,,,,,72.67405232147948,"rgba(38, 166, 154, 1.0)",1.9099128252360411,72.67405232147948,3.1865054771640584,3,0.20357573450664013,0.6107272035199204,0.0,0.0,0.0,0.0,83.07363672328994,28.44952757847949,True,False,True,False,True,20.0
2025-06-12 17:00:00+00:00,78.76,78.92,78.74,78.795,3641.0,71.3792988835135,73.23628145593638,,,,,,72.77143904868333,"rgba(38, 166, 154, 1.0)",2.003954327310648,72.77143904868333,3.0058374431120005,3,0.19419080286489288,0.5825724085946786,0.0,0.0,0.0,0.0,83.87287532209464,29.36082875740992,True,False,True,False,True,20.0
2025-06-12 18:00:00+00:00,78.785,78.835,78.46,78.66,2037.0,71.40747150657161,73.29157289479005,,,,,,72.82212515481608,"rgba(38, 166, 154, 1.0)",2.0851950780477706,72.82212515481608,2.7996780285178557,3,0.18654499859561682,0.5596349957868505,0.0,0.0,0.0,0.0,83.08371528477727,29.36082875740992,True,False,True,False,True,20.0
2025-06-12 19:00:00+00:00,78.66,79.035,78.65,78.92,8121.0,71.52094718734548,73.50969586122751,,,,,,73.01986173322629,"rgba(38, 166, 154, 1.0)",2.1709045380934318,73.01986173322629,2.717824834414611,3,0.17910662946585476,0.5373198883975643,0.0,0.0,0.0,0.0,83.1207783109093,29.36082875740992,True,False,True,False,True,20.0
2025-06-13 14:00:00+00:00,79.965,81.05,79.96,80.61,5483.0,71.6126212536636,73.69057247407088,,,,,,73.18467406329071,"rgba(38, 166, 154, 1.0)",2.311456100882615,73.18467406329071,3.2124018854928593,3,0.16854073411437312,0.5056222023431194,0.0,0.0,0.0,0.0,85.3888682854133,31.44604442928558,True,False,True,False,True,20.0
2025-06-13 15:00:00+00:00,80.61,81.505,80.565,80.735,3334.0,71.66988552051455,73.80216062900695,,,,,,73.28570807943628,"rgba(38, 166, 154, 1.0)",2.4438734153534694,73.28570807943628,3.04814966019273,3,0.15958042503875816,0.4787412751162745,0.0,0.0,0.0,0.0,87.00923222649192,33.13580633361508,True,False,True,False,True,20.0
2025-06-13 16:00:00+00:00,80.735,80.82,80.265,80.715,2980.0,71.71864810413732,73.89448090557072,,,,,,73.36845987447886,"rgba(38, 166, 154, 1.0)",2.5631832738797016,73.36845987447886,2.8661782403102327,3,0.15214822452791746,0.4564446735837524,0.0,0.0,0.0,0.0,87.91585190524256,34.1511157766863,True,False,True,False,True,20.0
2025-06-13 17:00:00+00:00,80.72,81.435,80.65,81.09,1405.0,71.7426312050775,73.94005950224606,,,,,,73.40935082108835,"rgba(38, 166, 154, 1.0)",2.6777592605868876,73.40935082108835,2.8683120592507163,1,0.23761476834175999,0.23761476834175999,0.0,0.0,0.0,0.0,88.89182623157954,35.249643564696996,True,False,True,False,True,20.0
2025-06-13 18:00:00+00:00,81.085,81.495,80.9,81.39,2584.0,71.78737532970732,74.0247402454017,,,,,,73.4852072476188,"rgba(38, 166, 154, 1.0)",2.7945809578058234,73.4852072476188,2.82861469097953,1,0.2285685863579437,0.2285685863579437,0.0,0.0,0.0,0.0,89.81406125131375,36.303776604604266,True,False,True,False,True,20.0
2025-06-13 19:00:00+00:00,81.38,81.95,81.26,81.84,6866.0,71.90944887614476,74.25308592653066,,,,,,73.68901219090442,"rgba(38, 166, 154, 1.0)",2.9210768762766777,73.68901219090442,2.7904050986447024,1,0.21954032205027418,0.21954032205027418,0.0,0.0,0.0,0.0,90.79189410903399,37.40865229533162,True,False,True,False,True,20.0
2025-06-16 14:00:00+00:00,81.5,81.855,81.29,81.48,3952.0,71.97735835884409,74.37605898375129,,,,,,73.79781614066326,"rgba(38, 166, 154, 1.0)",3.0252099740990857,73.79781614066326,2.539388645783015,1,0.2125799769651094,0.2125799769651094,0.0,0.0,0.0,0.0,88.19311327200097,37.40865229533162,True,False,True,False,False,20.0
2025-06-16 15:00:00+00:00,81.565,81.965,81.36,81.87,1130.0,71.99698235762601,74.41137380114773,,,,,,73.82902625229755,"rgba(38, 166, 154, 1.0)",3.1294568218783936,73.82902625229755,2.569447097492152,1,0.2054903605859571,0.2054903605859571,0.0,0.0,0.0,0.0,87.10443878811226,40.53040397450445,True,False,True,False,False,20.0
2025-06-16 16:00:00+00:00,81.87,81.945,81.51,81.89,1360.0,72.02061694474145,74.45371677565436,,,,,,73.86641450208722,"rgba(38, 166, 154, 1.0)",3.2238144018070467,73.86641450208722,2.488848456479167,1,0.19917834321411745,0.19917834321411745,0.0,0.0,0.0,0.0,86.41136709534683,39.76926956334174,True,False,True,False,False,20.0
2025-06-16 17:00:00+00:00,81.885,82.055,81.57,81.58,1327.0,72.04345852122887,74.49430582102156,,,,,,73.90218964485457,"rgba(38, 166, 154, 1.0)",3.3054335379606585,73.90218964485457,2.3227846716538054,1,0.19415893101071302,0.19415893101071302,0.0,0.0,0.0,0.0,83.05976281395687,36.574949471596724,True,False,True,False,False,20.0
2025-06-16 18:00:00+00:00,81.58,81.66,81.48,81.49,1534.0,72.06921012701325,74.53943889781637,,,,,,73.94184424590108,"rgba(38, 166, 154, 1.0)",3.3715936096258288,73.94184424590108,2.238750166256422,1,0.18978204928010284,0.18978204928010284,0.0,0.0,0.0,0.0,80.00512771769986,33.78583230003258,True,False,True,False,False,20.0
2025-06-16 19:00:00+00:00,81.485,81.485,81.085,81.245,5398.0,72.15616115318886,74.68777802949593,,,,,,74.07146985267222,"rgba(38, 166, 154, 1.0)",3.4268092807811934,74.07146985267222,2.0933555268335406,1,0.1861211911788269,0.1861211911788269,0.0,0.0,0.0,0.0,75.75606710921507,29.980381040906394,True,False,True,False,False,20.0
2025-06-17 14:00:00+00:00,82.21,82.21,81.64,81.64,3161.0,72.209392206799,74.77875973225224,,,,,,74.15117550728641,"rgba(38, 166, 154, 1.0)",3.487140679284162,74.15117550728641,2.1475544526213066,1,0.18236382315336183,0.18236382315336183,0.0,0.0,0.0,0.0,74.45242825569183,28.922043499057338,False,False,True,False,False,20.0
2025-06-17 15:00:00+00:00,81.6,81.825,81.45,81.8,524.0,72.21803371525833,74.79332679851582,,,,,,74.16390590877549,"rgba(38, 166, 154, 1.0)",3.5448931634877017,74.16390590877549,2.1541112070389197,1,0.17872243981789487,0.17872243981789487,0.0,0.0,0.0,0.0,74.1465475049917,28.624959053164076,False,False,True,False,False,20.0
2025-06-17 16:00:00+00:00,81.8,81.95,81.66,81.75,1986.0,72.250970212675,74.84873693750482,,,,,,74.21233747773346,"rgba(38, 166, 154, 1.0)",3.5949635653282157,74.21233747773346,2.096728488423043,1,0.17542969092503224,0.17542969092503224,0.0,0.0,0.0,0.0,73.4361654548742,27.812108381207835,False,False,True,False,False,20.0
2025-06-17 17:00:00+00:00,81.75,82.065,81.615,81.66,926.0,72.26623924399054,74.87424909902748,,,,,,74.23461761066471,"rgba(38, 166, 154, 1.0)",3.634182339850412,74.23461761066471,2.0432057874236773,1,0.17251597098678664,0.17251597098678664,0.0,0.0,0.0,0.0,71.99852044765503,26.277610239680428,False,False,True,False,False,20.0
2025-06-17 18:00:00+00:00,81.66,81.88,81.555,81.67,1660.0,72.29326486976767,74.91900313931448,,,,,,74.2736492683747,"rgba(38, 166, 154, 1.0)",3.6629870152479693,74.2736492683747,2.019212926727943,1,0.16986395717490202,0.16986395717490202,0.0,0.0,0.0,0.0,71.09150007023264,25.228142302362002,False,False,True,False,False,20.0
2025-06-17 19:00:00+00:00,81.67,81.78,81.255,81.57,2546.0,72.33368654583977,74.98485634475695,,,,,,74.33094119290045,"rgba(38, 166, 154, 1.0)",3.679893575870245,74.33094119290045,1.9671924358267887,1,0.16754147490905635,0.16754147490905635,0.0,0.0,0.0,0.0,69.25821117083605,23.321550165286425,False,True,True,False,False,20.0
2025-06-18 14:00:00+00:00,82.69,82.69,81.4,81.415,11096.0,72.51141291973198,75.26966084261959,,,,,,75.14838143321329,"rgba(38, 166, 154, 1.0)",3.6865637605176107,75.14838143321329,1.699853569305107,1,0.16555386752541412,0.16555386752541412,0.0,0.0,0.0,0.0,66.17982245245067,20.341552686847024,False,True,True,False,False,20.0
2025-06-18 15:00:00+00:00,81.38,81.69,81.17,81.69,7812.0,72.62846467656559,75.4473189257865,,,,,,75.29078900258543,"rgba(38, 166, 154, 1.0)",3.6968299568320875,75.29078900258543,1.7309995515450285,1,0.16353499524275397,0.16353499524275397,0.0,0.0,0.0,0.0,66.05844532121425,20.12881445292382,False,True,True,False,False,20.0
2025-06-18 16:00:00+00:00,81.725,81.83,81.53,81.8,6389.0,72.72409540767131,75.589896596379,,,,,,75.41071387834066,"rgba(38, 166, 154, 1.0)",3.709074388553192,75.41071387834066,1.7226093230639206,1,0.16161864578441296,0.16161864578441296,0.0,0.0,0.0,0.0,66.67504008866254,20.12881445292382,False,True,True,False,False,20.0
2025-06-18 17:00:00+00:00,81.785,81.96,81.635,81.635,5471.0,72.80460907569002,75.70738039485286,,,,,,75.50966227748985,"rgba(38, 166, 154, 1.0)",3.7269685130543735,75.50966227748985,1.6435174327486435,1,0.15999763902409153,0.15999763902409153,0.0,0.0,0.0,0.0,64.96677169718285,18.789750671983043,False,True,True,False,False,20.0
2025-06-18 18:00:00+00:00,81.635,81.785,80.93,80.935,4625.0,72.86761507957715,75.79488824743542,,,,,,75.5794536191741,"rgba(38, 166, 154, 1.0)",3.72792556739502,75.5794536191741,1.4366022829603382,1,0.15890335392779514,0.15890335392779514,0.0,0.0,0.0,0.0,57.49143955195329,11.852863774178019,False,True,True,False,False,20.0
2025-06-18 19:00:00+00:00,80.935,81.395,80.69,80.99,12195.0,73.02559698347964,76.00512779605371,,,,,,76.18153774267775,"rgba(38, 166, 154, 1.0)",3.7297706412107288,76.18153774267775,1.2892112464484846,1,0.15788511121642673,0.15788511121642673,0.0,0.0,0.0,0.0,53.01686229809112,7.995892235164774,False,True,False,False,False,20.0
2025-06-19 14:00:00+00:00,80.99,80.99,80.99,80.99,0.0,73.02559698347964,76.00512779605371,,,,,,76.18153774267775,"rgba(38, 166, 154, 1.0)",3.7271565291511783,76.18153774267775,1.290115459255296,1,0.15686131012143223,0.15686131012143223,0.0,0.0,0.0,0.0,50.03381079551634,5.507252342867844,False,True,False,False,False,20.0
2025-06-19 15:00:00+00:00,80.99,80.99,80.99,80.99,0.0,73.02559698347964,76.00512779605371,,,,,,76.18153774267775,"rgba(38, 166, 154, 1.0)",3.722153010830897,76.18153774267775,1.29184970186082,1,0.15589449029892558,0.15589449029892558,0.0,0.0,0.0,0.0,48.04510979379982,3.814907210006737,False,True,False,True,False,20.0
2025-06-19 16:00:00+00:00,80.99,80.99,80.99,80.99,0.0,73.02559698347964,76.00512779605371,,,,,,76.18153774267775,"rgba(38, 166, 154, 1.0)",3.7164586456553446,76.18153774267775,1.293829076490193,1,0.1550118262549273,0.1550118262549273,0.0,0.0,0.0,0.0,46.7193091259888,2.5805624683960104,False,True,False,True,False,20.0
2025-06-19 17:00:00+00:00,80.99,80.99,80.99,80.99,0.0,73.02559698347964,76.00512779605371,,,,,,76.18153774267775,"rgba(38, 166, 154, 1.0)",3.7092899420071466,76.18153774267775,1.2963295758757332,1,0.15424661662695163,0.15424661662695163,0.0,0.0,0.0,0.0,45.83544201411479,1.609163726781297,False,True,False,True,False,20.0
2025-06-19 18:00:00+00:00,80.99,80.99,80.99,80.99,0.0,73.02559698347964,76.00512779605371,,,,,,76.18153774267775,"rgba(38, 166, 154, 1.0)",3.7060806402064745,76.18153774267775,1.297452139911979,1,0.15384694391216025,0.15384694391216025,0.0,0.0,0.0,0.0,45.24619727286545,0.7918743481161812,False,True,False,True,False,20.0
2025-06-19 19:00:00+00:00,80.99,80.99,80.99,80.99,0.0,73.02559698347964,76.00512779605371,,,,,,76.18153774267775,"rgba(38, 166, 154, 1.0)",3.6984246914327907,76.18153774267775,1.3001379393937103,1,0.15344825238610935,0.15344825238610935,0.0,0.0,0.0,0.0,44.85336744536589,0.07055185241045336,False,True,False,True,False,20.0
2025-06-20 14:00:00+00:00,80.94,81.37,80.73,81.19,2221.0,73.05396474808872,76.04213202659292,,,,,,76.21084571872862,"rgba(38, 166, 154, 1.0)",3.6858828651351696,76.21084571872862,1.3508715451511724,1,0.15285803672102435,0.15285803672102435,0.0,0.0,0.0,0.0,47.958435025101956,0.07055185241045336,False,True,False,False,True,20.0
2025-06-20 15:00:00+00:00,81.135,81.455,81.03,81.44,1518.0,73.07374624068756,76.06816183836786,,,,,,76.23281653772855,"rgba(38, 166, 154, 1.0)",3.685681012041613,76.23281653772855,1.412814469092382,1,0.1522317604822453,0.1522317604822453,0.0,0.0,0.0,0.0,53.12246538826864,-2.2289691972746155,False,True,True,False,True,20.0
2025-06-20 16:00:00+00:00,81.445,81.6,81.42,81.475,1352.0,73.0916895591484,76.09196224315022,,,,,,76.25374080374391,"rgba(38, 166, 154, 1.0)",3.6827893512128798,76.25374080374391,1.4177458166420867,1,0.1518049721357788,0.1518049721357788,0.0,0.0,0.0,0.0,56.941751996045696,1.2671398262928335,False,True,True,False,True,20.0
2025-06-20 17:00:00+00:00,81.475,81.58,81.1,81.375,1140.0,73.10649706435358,76.11132905906989,,,,,,76.26998430919063,"rgba(38, 166, 154, 1.0)",3.653155673986529,76.26998430919063,1.3974262655055394,1,0.15157292241063522,0.15157292241063522,0.0,0.0,0.0,0.0,57.54238477812068,1.8278601630562719,False,True,True,False,True,20.0
2025-06-20 18:00:00+00:00,81.375,81.54,81.225,81.26,1318.0,73.12352990070151,76.13350041650183,,,,,,76.28843528484478,"rgba(38, 166, 154, 1.0)",3.587615499600617,76.28843528484478,1.3857573967189831,1,0.15132844176214466,0.15132844176214466,0.0,0.0,0.0,0.0,55.89291720341846,1.8278601630562719,False,True,True,False,True,20.0
2025-06-20 19:00:00+00:00,81.25,81.55,81.14,81.32,5210.0,73.19013530558422,76.21925070566292,,,,,,76.35907569492356,"rgba(38, 166, 154, 1.0)",3.537635640923123,76.35907569492356,1.4023276585323838,1,0.15136429783565522,0.15136429783565522,0.0,0.0,0.0,0.0,55.70803987571408,1.8278601630562719,False,True,True,False,True,20.0
2025-06-23 14:00:00+00:00,81.78,81.88,81.3,81.3,1822.0,73.21361684327508,76.24947315395784,,,,,,76.82771281253048,"rgba(38, 166, 154, 1.0)",3.4865414107695116,76.82771281253048,1.2827288308279248,1,0.15144582431729678,0.15144582431729678,0.0,0.0,0.0,0.0,55.19285940210902,1.8278601630562719,False,True,True,False,False,20.0
2025-06-23 15:00:00+00:00,81.37,81.825,81.31,81.55,1044.0,73.22712248164844,76.26685856904462,,,,,,76.8431443348609,"rgba(38, 166, 154, 1.0)",3.4321679159978857,76.8431443348609,1.371394343266159,1,0.15146361508900114,0.15146361508900114,0.0,0.0,0.0,0.0,58.36441362877872,3.3260031756032618,False,True,True,False,True,20.0
2025-06-23 16:00:00+00:00,81.55,81.72,80.76,80.785,2210.0,73.25395284285912,76.30003154747634,,,,,,76.8580913129005,"rgba(239, 83, 80, 1.0)",3.3725259093164417,76.8580913129005,1.1643820663472446,1,0.15190305441179555,0.15190305441179555,0.0,0.0,0.0,0.0,50.94628000419449,6.467515421912452,False,True,False,False,False,17.725075907056837
2025-06-23 17:00:00+00:00,80.785,80.85,79.365,79.365,2407.0,73.27841817836793,76.32650997890502,,,,,,76.84624125797124,"rgba(239, 83, 80, 1.0)",3.3156996299480648,76.84624125797124,0.7596462355271318,1,0.1528752899457986,0.1528752899457986,0.0,0.0,0.0,0.0,40.22384370092023,-3.0945186904358977,False,True,False,True,False,8.226608349573407
2025-06-23 18:00:00+00:00,79.36,79.67,78.845,79.075,3275.0,73.30809073721115,76.35526501698321,,,,,,76.82784377608276,"rgba(239, 83, 80, 1.0)",3.2487242125195426,76.82784377608276,0.6917042127667913,1,0.1541019792830714,0.1541019792830714,0.0,0.0,0.0,0.0,32.453852710032315,-9.612118684388186,False,True,False,True,False,6.487091103593222
2025-06-23 19:00:00+00:00,79.075,79.28,78.785,79.03,3203.0,73.33601942440272,76.3812349361091,,,,,,76.81856122628568,"rgba(239, 83, 80, 1.0)",3.180266009612029,76.81856122628568,0.6953628303514463,1,0.155612030806853,0.155612030806853,0.0,0.0,0.0,0.0,27.177774076819667,-13.876420360463953,False,True,False,True,False,6.218303709306504
2025-06-24 14:00:00+00:00,78.95,80.005,77.845,80.005,3121.0,73.36417098161466,76.40843254355295,,,,,,77.12623389539645,"rgba(239, 83, 80, 1.0)",3.116964190645684,77.12623389539645,0.9235801018320976,1,0.15714312436483316,0.15714312436483316,0.0,0.0,0.0,0.0,31.816928660005576,-13.876420360463953,False,True,False,True,True,10.89338286613405
2025-06-24 15:00:00+00:00,80.02,80.02,79.07,79.07,2516.0,73.38705854838669,76.43075171292888,,,,,,77.13400576118411,"rgba(239, 83, 80, 1.0)",3.0443865815069238,77.13400576118411,0.6359226027916577,1,0.15910041001100822,0.15910041001100822,0.0,0.0,0.0,0.0,31.615421285336254,-13.876420360463953,False,True,False,True,True,5.536758971254962
2025-06-24 16:00:00+00:00,79.07,79.395,78.87,79.395,2121.0,73.40568592289678,76.44826232590995,,,,,,77.13575378747824,"rgba(239, 83, 80, 1.0)",2.965039852063728,77.13575378747824,0.7619614997583517,1,0.16100170297768523,0.16100170297768523,0.0,0.0,0.0,0.0,33.4520061570112,-13.876420360463953,False,True,False,True,True,7.04000633493126
2025-06-24 17:00:00+00:00,79.395,79.575,79.24,79.57,2136.0,73.42509990464784,76.4671942637191,,,,,,77.14472646464463,"rgba(239, 83, 80, 1.0)",2.9100458619961125,77.14472646464463,0.8334141970160465,1,0.16280436669849213,0.16280436669849213,0.0,0.0,0.0,0.0,35.71368299335306,-13.876420360463953,False,True,False,True,True,7.838596183528399
2025-06-24 18:00:00+00:00,79.595,79.595,79.005,79.185,2834.0,73.44981958824513,76.49029527471008,,,,,,77.15079884945308,"rgba(239, 83, 80, 1.0)",2.8561677500136446,77.15079884945308,0.7122134722434291,1,0.16426539078175137,0.16426539078175137,0.0,0.0,0.0,0.0,35.757812038707115,-13.876420360463953,False,True,False,True,True,5.709517022725866
2025-06-24 19:00:00+00:00,79.19,79.3,78.795,78.795,11818.0,73.54550697012328,76.57270663207758,,,,,,77.16045751879624,"rgba(239, 83, 80, 1.0)",2.784318866356968,77.16045751879624,0.587052905812623,1,0.1659230651084176,0.1659230651084176,0.0,0.0,0.0,0.0,34.465618224336836,-13.876420360463953,False,True,False,True,True,3.6208246763012006
2025-06-25 14:00:00+00:00,78.975,80.01,78.945,79.705,2055.0,73.56358298841351,76.5898786918796,,,,,,77.17206983344296,"rgba(239, 83, 80, 1.0)",2.711596223828853,77.17206983344296,0.9341103753937471,1,0.16733871521088436,0.16733871521088436,0.0,0.0,0.0,0.0,38.71336021185396,-19.34767571631449,False,True,False,True,True,7.763721377299785
2025-06-25 15:00:00+00:00,79.7,79.965,79.335,79.76,1809.0,73.57975759009449,76.60550498739204,,,,,,77.18361466157515,"rgba(239, 83, 80, 1.0)",2.6343920132131258,77.18361466157515,0.9779810011200574,1,0.1688848998688105,0.1688848998688105,0.0,0.0,0.0,0.0,41.810359949152854,-16.06430978056256,False,True,False,True,True,8.003538212573279
2025-06-25 16:00:00+00:00,79.785,80.2,79.68,79.74,1698.0,73.59532385746775,76.62090960072402,,,,,,77.19617712532049,"rgba(239, 83, 80, 1.0)",2.547352145848076,77.19617712532049,0.9986145334580764,1,0.17049976363191613,0.17049976363191613,0.0,0.0,0.0,0.0,43.77698774219817,-13.860083610623214,False,True,False,True,True,7.893829925182253
2025-06-25 17:00:00+00:00,79.74,79.89,79.65,79.88,816.0,73.60269795867693,76.62811028812966,,,,,,77.2017647109067,"rgba(239, 83, 80, 1.0)",2.466782121720095,77.2017647109067,1.085720244812603,1,0.17206858208536244,0.17206858208536244,0.0,0.0,0.0,0.0,45.890341119541624,-11.500519755689076,False,True,False,True,True,8.521449293098385
2025-06-25 18:00:00+00:00,79.895,80.335,79.895,80.3,1637.0,73.61831780046224,76.64412823022798,,,,,,77.21642478097428,"rgba(239, 83, 80, 1.0)",2.3792353416198,77.21642478097428,1.2960362369728413,1,0.1735376512486116,0.1735376512486116,0.0,0.0,0.0,0.0,49.534961708741065,-7.767152084742307,False,False,False,False,True,10.37178787601561
2025-06-25 19:00:00+00:00,80.22,80.595,80.07,80.11,3110.0,73.64815608237402,76.67485883012316,,,,,,77.24468390041092,"rgba(239, 83, 80, 1.0)",2.2942210497742184,77.24468390041092,1.248927647957491,1,0.17484811228197836,0.17484811228197836,0.0,0.0,0.0,0.0,50.751573363262914,-6.323318911615026,False,False,False,False,True,9.288814346382072
2025-06-26 14:00:00+00:00,80.355,81.07,80.225,80.94,1332.0,73.66178868424835,76.68962721024687,,,,,,77.26002661380346,"rgba(38, 166, 154, 1.0)",2.206658161846812,77.26002661380346,1.6676680828156307,1,0.17602685005279464,0.17602685005279464,0.0,0.0,0.0,0.0,55.298542695964876,-1.802629049280661,True,False,True,False,True,12.805655674736173
2025-06-26 15:00:00+00:00,80.93,81.345,80.93,81.22,1031.0,73.6729282911076,76.70216119121608,,,,,,77.27406762105167,"rgba(38, 166, 154, 1.0)",2.106751701015489,77.27406762105167,1.8729935649494545,1,0.17741221106267896,0.17741221106267896,0.0,0.0,0.0,0.0,59.31844015905833,2.0825066762780082,True,False,True,False,True,13.93075250933278
2025-06-26 16:00:00+00:00,81.23,81.655,81.23,81.51,2338.0,73.69907408124995,76.73221932646989,,,,,,77.697052818419,"rgba(38, 166, 154, 1.0)",1.9802980415420501,77.697052818419,1.925441070785427,1,0.17819984447852746,0.17819984447852746,0.0,0.0,0.0,0.0,62.96089825703237,5.563908791743586,True,False,True,False,True,15.076399451656613
2025-06-26 17:00:00+00:00,81.515,81.515,81.09,81.28,2102.0,73.72192004992738,76.7579621840845,,,,,,77.72001730344348,"rgba(38, 166, 154, 1.0)",1.9071507213316505,77.72001730344348,1.8666498964857858,1,0.17921439082903648,0.17921439082903648,0.0,0.0,0.0,0.0,63.67623843291948,6.400518699848135,True,False,True,False,True,13.729301863304766
2025-06-26 18:00:00+00:00,81.275,81.38,81.245,81.285,3761.0,73.76250067957697,76.80338823653415,,,,,,77.76440240415677,"rgba(38, 166, 154, 1.0)",1.8417913161523558,77.76440240415677,1.9115073271156624,1,0.18143444875974613,0.18143444875974613,0.0,0.0,0.0,0.0,64.17390424093804,7.217059345006845,True,False,True,False,True,13.74962135833567
2025-06-26 19:00:00+00:00,81.3,81.35,80.96,81.35,6877.0,73.83478225420004,76.8826485797891,,,,,,77.83732017261069,"rgba(38, 166, 154, 1.0)",1.7550248888156403,77.83732017261069,2.0014985825983356,0,,,0.0,0.0,0.0,0.0,64.80121543411752,8.263993110475326,True,False,True,False,True,14.017896085794774
2025-06-27 14:00:00+00:00,80.97,81.19,80.88,81.045,1861.0,73.85362702030746,76.90273269327155,,,,,,77.85383286010992,"rgba(38, 166, 154, 1.0)",1.6493688582705315,77.85383286010992,1.934780764101625,0,,,0.0,0.0,0.0,0.0,62.61123047654944,8.263993110475326,True,False,True,False,True,12.189395688132954
2025-06-27 15:00:00+00:00,81.065,81.29,80.87,80.985,1463.0,73.86839302147455,76.91842361955517,,,,,,77.86686434885542,"rgba(38, 166, 154, 1.0)",1.5452348286515212,77.86686434885542,2.01790407084319,0,,,0.0,0.0,0.0,0.0,60.655390760104325,8.263993110475326,True,False,True,False,False,11.8313654566036
2025-06-27 16:00:00+00:00,81.06,81.06,79.965,80.01,3598.0,73.90091879733461,76.95002561125236,,,,,,77.88172343473062,"rgba(38, 166, 154, 1.0)",1.4257210124731405,77.88172343473062,1.4927721108476566,0,,,0.0,0.0,0.0,0.0,53.330255535352336,9.635840835010796,True,False,False,False,False,6.295926016818552
2025-06-27 17:00:00+00:00,79.965,80.19,79.345,79.57,3809.0,73.93159567058336,76.97663139029844,,,,,,77.88401939020001,"rgba(239, 83, 80, 1.0)",1.3483646852118176,77.88401939020001,1.2503891775652143,0,,,0.0,0.0,0.0,0.0,46.652958467901854,3.586495532298912,False,False,False,True,False,3.977460591163471
2025-06-27 18:00:00+00:00,79.57,79.93,78.695,78.85,5154.0,73.96873162348389,77.00480664810782,,,,,,77.8753363648657,"rgba(239, 83, 80, 1.0)",1.294561138201895,77.8753363648657,0.7528911585342882,0,,,0.0,0.0,0.0,0.0,39.938208715663606,-2.332231597858687,False,True,False,True,False,0.3875375103369052
2025-06-27 19:00:00+00:00,78.835,79.35,78.77,79.35,4425.0,74.00018636303432,77.02840417728169,,,,,,77.87186729264045,"rgba(239, 83, 80, 1.0)",1.225777010422912,77.87186729264045,1.205874065829943,0,,,0.0,0.0,0.0,0.0,38.82786114755384,-3.1312723184849744,False,True,False,True,False,2.7158251769130004
2025-06-30 14:00:00+00:00,78.835,79.41,78.835,79.39,684.0,74.00506601288043,77.03209876298861,,,,,,77.87177580670286,"rgba(239, 83, 80, 1.0)",1.1532670865740653,77.87177580670286,1.3164549747164227,0,,,0.0,0.0,0.0,0.0,38.34576189050315,-3.6875599287996152,False,True,False,True,False,2.899490644229111
2025-06-30 15:00:00+00:00,79.395,79.595,79.115,79.345,226.0,74.00671958562553,77.0333949762544,,,,,,77.87192481233804,"rgba(239, 83, 80, 1.0)",1.0984210945274886,77.87192481233804,1.3410842116935489,0,,,0.0,0.0,0.0,0.0,37.834647313376635,-4.513710721530288,False,True,False,True,False,2.6729321095276894
2025-06-30 16:00:00+00:00,79.345,79.77,79.215,79.765,283.0,74.00887845298074,77.03517806621547,,,,,,77.87246394122931,"rgba(239, 83, 80, 1.0)",1.0404449412043615,77.87246394122931,1.8189680047653387,0,,,0.0,0.0,0.0,0.0,40.396975911797995,-4.513710721530288,False,True,False,True,False,4.622290266996689
2025-06-30 17:00:00+00:00,79.735,79.825,79.455,79.47,852.0,74.0153678610874,77.04053121478643,,,,,,77.87411623667987,"rgba(239, 83, 80, 1.0)",1.017108159937321,77.87411623667987,1.569040369726733,0,,,0.0,0.0,0.0,0.0,40.614899671130345,-4.513710721530288,False,True,False,True,False,3.1133818846611945
2025-06-30 18:00:00+00:00,79.47,79.68,79.37,79.52,732.0,74.02087126294636,77.04500436876833,,,,,,77.87534159198648,"rgba(239, 83, 80, 1.0)",1.0036287180056573,77.87534159198648,1.638711984329888,0,,,0.0,0.0,0.0,0.0,41.1214051399636,-4.513710721530288,False,True,False,True,True,3.348224589738379
2025-06-30 19:00:00+00:00,79.515,79.54,79.245,79.415,2998.0,74.04279420794222,77.06225438624351,,,,,,77.87882822714946,"rgba(239, 83, 80, 1.0)",0.9901450799157447,77.87882822714946,1.5514612999756257,0,,,0.0,0.0,0.0,0.0,40.8744973931799,-4.513710721530288,False,True,False,True,True,2.8035692556752636
2025-07-01 14:00:00+00:00,79.415,79.415,78.445,78.63,595.0,74.04666324821154,77.06482048667189,,,,,,78.10289720326202,"rgba(239, 83, 80, 1.0)",0.9944075016216223,78.10289720326202,0.5300671966758187,0,,,0.0,0.0,0.0,0.0,37.21965830005438,-7.107052008537032,False,True,False,True,False,0.0
2025-07-01 15:00:00+00:00,78.63,80.11,78.63,80.11,1210.0,74.0558029454442,77.07233146677822,,,,,,78.13172825880491,"rgba(239, 83, 80, 1.0)",0.9698085489537109,78.13172825880491,2.0398580145837735,0,,,0.0,0.0,0.0,0.0,43.07311968084353,-12.81296757760284,False,True,False,True,True,5.608432285796546
2025-07-01 16:00:00+00:00,80.11,80.735,80.075,80.46,677.0,74.06164347382716,77.07784088158604,,,,,,78.15029063283022,"rgba(239, 83, 80, 1.0)",0.9492506907429451,78.15029063283022,2.4331921901073836,0,,,0.0,0.0,0.0,0.0,48.27563187984168,-8.031453551070832,True,False,False,False,True,7.056656019335389
2025-07-01 17:00:00+00:00,80.32,80.66,80.29,80.54,584.0,74.06673106159576,77.08268278861924,,,,,,78.16203017213611,"rgba(239, 83, 80, 1.0)",0.949323101664252,78.16203017213611,2.5049109451725022,0,,,0.0,0.0,0.0,0.0,52.04284292442534,-4.658119024087377,True,False,True,False,True,7.385782521473665
2025-07-01 18:00:00+00:00,80.425,80.795,80.41,80.77,842.0,74.07423617524867,77.08996910286164,,,,,,78.17705786768691,"rgba(239, 83, 80, 1.0)",0.9493754466705062,78.17705786768691,2.731208334286109,0,,,0.0,0.0,0.0,0.0,55.43797816155296,-1.586539803996132,True,False,True,False,True,8.33319123861764
2025-07-01 19:00:00+00:00,80.77,80.77,80.345,80.35,3730.0,74.10642562392113,77.12037211771468,,,,,,78.2117673409056,"rgba(239, 83, 80, 1.0)",0.9499609664822664,78.2117673409056,2.2508637033922962,0,,,0.0,0.0,0.0,0.0,55.23859578135925,-1.586539803996132,True,False,True,False,True,6.212784717327111
2025-07-02 14:00:00+00:00,79.6,79.98,79.44,79.98,1055.0,74.11449594114187,77.12713555223804,,,,,,78.21211132220785,"rgba(239, 83, 80, 1.0)",0.9515449741551469,78.21211132220785,1.8579139460663139,0,,,0.0,0.0,0.0,0.0,53.181121750902776,-1.586539803996132,True,False,True,False,True,4.3967252482591554
2025-07-02 15:00:00+00:00,79.98,80.735,79.98,80.44,876.0,74.121867322263,77.13394902035684,,,,,,78.21782617699978,"rgba(239, 83, 80, 1.0)",0.9475791820784086,78.21782617699978,2.3451062085662646,0,,,0.0,0.0,0.0,0.0,53.98863407700035,-1.586539803996132,True,False,True,False,True,6.344379189596612
2025-07-02 16:00:00+00:00,80.44,80.525,80.25,80.27,2456.0,74.14232155834661,77.15268680357103,,,,,,78.23220058921115,"rgba(239, 83, 80, 1.0)",0.9374465606401949,78.23220058921115,2.1737766144207824,0,,,0.0,0.0,0.0,0.0,53.58800571156953,-1.586539803996132,True,False,True,False,True,5.506878924390392
2025-07-02 17:00:00+00:00,80.31,80.79,80.305,80.77,1952.0,74.15919453775572,77.16868482064949,,,,,,78.2473167085736,"rgba(239, 83, 80, 1.0)",0.9319514158171106,78.2473167085736,2.7068828359626096,0,,,0.0,0.0,0.0,0.0,55.580261256226,-0.32799083277264884,True,False,True,False,True,7.589824251966501
2025-07-02 18:00:00+00:00,80.78,80.85,80.64,80.78,2362.0,74.17991846023996,77.18859604194566,,,,,,78.26680089523504,"rgba(38, 166, 154, 1.0)",0.9200638050741258,78.26680089523504,2.731548715322506,0,,,0.0,0.0,0.0,0.0,56.95182862242853,1.3347557640952203,True,False,True,False,True,7.631033990163196
2025-07-02 19:00:00+00:00,80.775,80.955,80.44,80.9,9508.0,74.26214420169187,77.266742397431,,,,,,78.33630278843533,"rgba(38, 166, 154, 1.0)",0.907897124784114,78.33630278843533,2.8237750088417632,0,,,0.0,0.0,0.0,0.0,58.425854171024255,3.0724163797905177,True,False,True,False,True,8.131587578204709
2025-07-03 14:00:00+00:00,81.18,81.395,81.04,81.18,1669.0,74.27732872200697,77.28179012317416,,,,,,78.35170136591611,"rgba(38, 166, 154, 1.0)",0.9029691164305104,78.35170136591611,3.1322207843213095,0,,,0.0,0.0,0.0,0.0,60.677643911186976,5.481891100530049,True,False,True,False,True,9.293963689623478
2025-07-03 15:00:00+00:00,81.165,81.36,80.97,81.17,535.0,74.28215523525428,77.28654248848727,,,,,,78.35642657852478,"rgba(38, 166, 154, 1.0)",0.8992246510049888,78.35642657852478,3.1288882242393248,0,,,0.0,0.0,0.0,0.0,62.09312982332955,7.064576921453792,True,False,True,False,True,9.240597892957581
2025-07-03 16:00:00+00:00,81.175,81.44,81.13,81.405,538.0,74.28711346638856,77.29150432766968,,,,,,78.68976947554216,"rgba(38, 166, 154, 1.0)",0.9010893907333286,78.68976947554216,3.0132754334707195,0,,,1.0,0.0,81.44,390.0,64.14097162286123,9.21578459872729,True,False,True,False,True,10.22398059411534
2025-07-03 17:00:00+00:00,81.405,81.405,81.195,81.255,0.0,74.28711346638856,77.29150432766968,,,,,,78.68976947554216,"rgba(38, 166, 154, 1.0)",0.8958759717498999,78.68976947554216,2.863376857230816,0,,,0.0,0.0,0.0,0.0,64.06165734970386,9.391700540974306,True,False,True,False,True,9.401900269353646
2025-07-03 18:00:00+00:00,81.255,81.255,81.255,81.255,0.0,74.28711346638856,77.29150432766968,,,,,,78.68976947554216,"rgba(38, 166, 154, 1.0)",0.8877287803093111,78.68976947554216,2.8896556936725974,0,,,0.0,0.0,0.0,0.0,64.00878116759895,9.683682350866896,True,False,True,False,True,9.401900269353636
2025-07-03 19:00:00+00:00,81.255,81.255,81.255,81.255,0.0,74.28711346638856,77.29150432766968,,,,,,78.68976947554216,"rgba(38, 166, 154, 1.0)",0.8804009733501792,78.68976947554216,2.913707051795264,0,,,0.0,0.0,0.0,0.0,63.97353037952902,10.03861955153765,True,False,True,False,True,9.401900269353636
2025-07-04 14:00:00+00:00,81.255,81.255,81.255,81.255,0.0,74.28711346638856,77.29150432766968,,,,,,78.68976947554216,"rgba(38, 166, 154, 1.0)",0.8746039000507889,78.68976947554216,2.9330197639284097,0,,,0.0,0.0,0.0,0.0,63.950029854149065,10.41988571953339,True,False,True,False,True,9.401900269353636
2025-07-04 15:00:00+00:00,81.255,81.255,81.255,81.255,0.0,74.28711346638856,77.29150432766968,,,,,,78.68976947554216,"rgba(38, 166, 154, 1.0)",0.8685559777518972,78.68976947554216,2.953442944572755,0,,,0.0,0.0,0.0,0.0,63.934362837229095,10.802908450066496,True,False,True,False,True,9.401900269353636
2025-07-04 16:00:00+00:00,81.255,81.255,81.255,81.255,0.0,74.28711346638856,77.29150432766968,,,,,,78.68976947554216,"rgba(38, 166, 154, 1.0)",0.8641594728964453,78.68976947554216,2.968468905235539,0,,,0.0,0.0,0.0,0.0,63.92391815928245,11.171838918181663,True,False,True,False,True,9.401900269353636
2025-07-04 17:00:00+00:00,81.255,81.255,81.255,81.255,0.0,74.28711346638856,77.29150432766968,,,,,,78.68976947554216,"rgba(38, 166, 154, 1.0)",0.8621041878060319,78.68976947554216,2.975545833950864,0,,,0.0,0.0,0.0,0.0,63.91695504065135,11.517062750811043,True,False,True,False,True,9.401900269353636
2025-07-04 18:00:00+00:00,81.255,81.255,81.255,81.255,0.0,74.28711346638856,77.29150432766968,,,,,,78.68976947554216,"rgba(38, 166, 154, 1.0)",0.8555199672809987,78.68976947554216,2.998446117640726,0,,,0.0,0.0,0.0,0.0,63.912312961563956,11.833351804215226,True,False,True,False,True,9.401900269353636
2025-07-04 19:00:00+00:00,81.255,81.255,81.255,81.255,0.0,74.28711346638856,77.29150432766968,,,,,,78.68976947554216,"rgba(38, 166, 154, 1.0)",0.8466634673995878,78.68976947554216,3.0298112806692723,0,,,0.0,0.0,0.0,0.0,63.90921824217236,12.118501983973026,True,False,True,False,True,9.401900269353636
2025-07-07 14:00:00+00:00,80.96,81.315,80.685,80.685,1258.0,74.29797335212834,77.30182727297569,,,,,,78.6831297438237,"rgba(239, 83, 80, 1.0)",0.8365050739480322,78.6831297438237,2.3931358201189696,0,,,0.0,0.0,0.0,0.0,55.16118341487337,7.570597770019013,True,False,True,False,False,5.847487328859128
2025-07-07 15:00:00+00:00,80.67,80.67,79.97,80.09,1459.0,74.3092840260039,77.31156782350612,,,,,,78.67016217600599,"rgba(239, 83, 80, 1.0)",0.836089988261151,78.67016217600599,1.6981878074475065,0,,,0.0,0.0,0.0,0.0,45.24482135265478,-1.0545378781379071,False,True,False,True,False,2.3765937460840476
2025-07-07 16:00:00+00:00,80.09,80.15,79.73,79.9,2517.0,74.32765995215495,77.32642224875163,,,,,,78.65764477612672,"rgba(239, 83, 80, 1.0)",0.8365162206373821,78.65764477612672,1.4851537761296238,0,,,0.0,0.0,0.0,0.0,37.747552423452746,-7.123720640188566,False,True,False,True,False,1.3091089130717677
2025-07-07 17:00:00+00:00,79.9,79.93,79.715,79.795,933.0,74.33430376364676,77.33164756958911,,,,,,78.65487191124824,"rgba(239, 83, 80, 1.0)",0.8377019724201772,78.65487191124824,1.3610187468675277,0,,,0.0,0.0,0.0,0.0,32.28611263434056,-11.330190380866995,False,True,False,True,False,0.720031307189231
2025-07-07 18:00:00+00:00,79.795,80.25,79.655,80.195,2222.0,74.35069455104933,77.34509942433824,,,,,,78.84403609361677,"rgba(239, 83, 80, 1.0)",0.8357529215910683,78.84403609361677,1.6164632769830163,0,,,0.0,0.0,0.0,0.0,34.08332215012059,-11.330190380866995,False,True,False,True,False,2.884103546602841
2025-07-07 19:00:00+00:00,80.2,80.26,79.875,80.135,12122.0,74.43935444317718,77.41768742187347,,,,,,78.8702045058542,"rgba(239, 83, 80, 1.0)",0.8339149771956665,78.8702045058542,1.5166959806851321,0,,,0.0,0.0,0.0,0.0,34.85663574343793,-11.330190380866995,False,True,False,True,True,2.538338002513317
2025-07-08 14:00:00+00:00,79.97,80.34,79.68,80.15,3107.0,74.46150819188674,77.43545414786918,,,,,,78.87616174667835,"rgba(239, 83, 80, 1.0)",0.8318488200758108,78.87616174667835,1.531333846462107,0,,,0.0,0.0,0.0,0.0,35.571953328724774,-11.330190380866995,False,True,False,True,True,2.6203096269489485
2025-07-08 15:00:00+00:00,80.15,80.52,79.93,80.45,2670.0,74.48122878404148,77.45193166770078,,,,,,78.88694787433596,"rgba(38, 166, 154, 1.0)",0.8291178803170984,78.88694787433596,1.8851989117232038,0,,,0.0,0.0,0.0,0.0,39.72246893605961,-17.67506461189931,False,True,False,True,True,4.2536004179215965
2025-07-08 16:00:00+00:00,80.385,80.81,80.11,80.68,2832.0,74.50283379805056,77.47061802640971,,,,,,78.9029350556558,"rgba(38, 166, 154, 1.0)",0.8269349844277526,78.9029350556558,2.1489778251115483,0,,,0.0,0.0,0.0,0.0,44.760947931869666,-12.899300571839795,False,True,False,True,True,5.480846830481369
2025-07-08 17:00:00+00:00,80.695,81.125,80.595,80.885,2233.0,74.52070095167227,77.48678717538338,,,,,,78.92033363175952,"rgba(38, 166, 154, 1.0)",0.823748584054497,78.92033363175952,2.385031557287034,0,,,0.0,0.0,0.0,0.0,49.869025052955266,-8.163758794394724,False,False,False,False,True,6.560622233902496
2025-07-08 18:00:00+00:00,80.885,80.98,80.62,80.88,2522.0,74.54062860897159,77.50464215535607,,,,,,78.93797891271439,"rgba(38, 166, 154, 1.0)",0.8166781319303399,78.93797891271439,2.37795162054279,0,,,0.0,0.0,0.0,0.0,53.210760734841,-5.0733079467335,True,False,True,False,True,6.529106189345153
2025-07-08 19:00:00+00:00,80.875,80.9,80.405,80.5,5629.0,74.58307935941113,77.54116024346578,,,,,,78.96577396706623,"rgba(38, 166, 154, 1.0)",0.8068737188682353,78.96577396706623,1.9014450428324294,0,,,0.0,0.0,0.0,0.0,51.17292361632474,-5.0733079467335,False,False,False,False,True,4.157032392568954
2025-07-09 14:00:00+00:00,80.38,80.585,80.22,80.31,2269.0,74.59937568990625,77.55454996285509,,,,,,78.97306918223667,"rgba(38, 166, 154, 1.0)",0.7983984362867452,78.97306918223667,1.6745158269362792,0,,,0.0,0.0,0.0,0.0,48.13002384547683,-5.0733079467335,False,False,False,True,False,2.999189764226486
2025-07-09 15:00:00+00:00,80.31,80.44,80.0,80.395,2138.0,74.61440048426051,77.5666370480146,,,,,,78.9786424156934,"rgba(38, 166, 154, 1.0)",0.7914794733654265,78.9786424156934,1.7895064015799973,0,,,0.0,0.0,0.0,0.0,47.09113782815241,-5.0733079467335,False,False,False,True,False,3.4767700583080803
2025-07-09 16:00:00+00:00,80.4,80.4,80.085,80.145,1143.0,74.6223038343417,77.57289331461443,,,,,,78.98114961552692,"rgba(38, 166, 154, 1.0)",0.7836339350399517,78.98114961552692,1.4851965087675065,0,,,0.0,0.0,0.0,0.0,44.22373242550577,2.1153227418832756,False,True,False,True,False,1.9450316414755946
2025-07-09 17:00:00+00:00,80.145,80.36,79.89,80.29,693.0,74.62705909854341,77.5766290963904,,,,,,78.98255107657447,"rgba(38, 166, 154, 1.0)",0.7754715624355276,78.98255107657447,1.68600498942763,0,,,0.0,0.0,0.0,0.0,44.08374066215808,1.5549370422558013,False,True,False,True,False,2.779302514005181
2025-07-09 18:00:00+00:00,80.265,80.385,80.22,80.325,1483.0,74.63744553197014,77.58498511677764,,,,,,78.98668348013764,"rgba(38, 166, 154, 1.0)",0.7620432585686858,78.98668348013764,1.7562211919255928,0,,,0.0,0.0,0.0,0.0,44.41985312726626,1.3567607794518324,False,True,False,True,False,2.9818715780023446
2025-07-09 19:00:00+00:00,80.32,80.325,79.9,79.925,3096.0,74.65801871449852,77.60061721896085,,,,,,78.99074684510965,"rgba(38, 166, 154, 1.0)",0.7612040130947825,78.99074684510965,1.2273360870655479,0,,,0.0,0.0,0.0,0.0,41.22214378612875,-2.140598719523126,False,True,False,True,False,0.5118958346194411
2025-07-10 14:00:00+00:00,79.675,80.925,79.515,80.3,1212.0,74.66632222756168,77.60716992427741,80.24666666666667,,,,,79.1694159952569,"rgba(38, 166, 154, 1.0)",0.753395688244309,79.1694159952569,1.500651015640637,0,,,0.0,0.0,0.0,0.0,43.29651893319502,-2.140598719523126,False,True,False,True,False,2.7025176522711263
2025-07-10 15:00:00+00:00,80.335,80.785,80.315,80.415,393.0,74.66913380711698,77.6094949990915,80.30992211838006,,,,,79.17396692674626,"rgba(38, 166, 154, 1.0)",0.7395523481659229,79.17396692674626,1.678086853934663,0,,,0.0,0.0,0.0,0.0,45.7763367702571,-2.140598719523126,False,True,False,True,True,3.361791278876261
2025-07-10 16:00:00+00:00,80.415,81.07,80.41,80.855,796.0,74.6750865526369,77.61463637561906,80.46521379980564,,,,,79.18568955327697,"rgba(38, 166, 154, 1.0)",0.7262855765749415,79.18568955327697,2.298421585893609,0,,,0.0,0.0,0.0,0.0,50.91576875831243,-5.46225654807909,False,False,True,False,True,5.824557756786728
2025-07-10 17:00:00+00:00,80.855,80.97,80.76,80.925,1543.0,74.6867937217357,77.62488969487623,80.62944557133198,,,,,79.20231976196857,"rgba(38, 166, 154, 1.0)",0.728164964975845,79.20231976196857,2.3657829213035195,0,,,0.0,0.0,0.0,0.0,54.815555314799774,-1.7984492643251926,True,False,True,False,True,6.208470711932822
2025-07-10 18:00:00+00:00,80.925,80.97,80.655,80.655,1083.0,74.69481923143722,77.63177350934211,80.65757177905975,,,,,79.20882571839488,"rgba(38, 166, 154, 1.0)",0.7130275824506312,79.20882571839488,2.028216463428685,0,,,0.0,0.0,0.0,0.0,54.554530502973186,-1.7984492643251926,True,False,True,False,True,4.472519742546066
2025-07-10 19:00:00+00:00,80.65,80.955,80.64,80.94,971.0,74.70209734785425,77.63808677860425,80.68791402689786,,,,,79.21528198766826,"rgba(38, 166, 154, 1.0)",0.7064046259032813,79.21528198766826,2.4415440515077798,0,,,0.0,0.0,0.0,0.0,56.52543563399391,0.11879027282456178,True,False,True,False,True,6.059835966428675
2025-07-11 14:00:00+00:00,81.515,82.485,81.41,82.42,725.0,74.70863269052725,77.6446301658083,80.84073082453271,,,,,79.23123106057186,"rgba(38, 166, 154, 1.0)",0.7369865108122255,79.23123106057186,4.326767033922823,0,,,0.0,0.0,0.0,0.0,63.767792446754854,6.96993129909071,True,False,True,False,True,13.405601849754174
2025-07-11 15:00:00+00:00,82.355,82.65,82.355,82.55,1613.0,74.72394162324069,77.66046222676027,81.1653436900192,,,,,79.26893105530738,"rgba(38, 166, 154, 1.0)",0.7615138904888537,79.26893105530738,4.3086133892926615,0,,,0.0,0.0,0.0,0.0,68.9045869149728,11.61458266303675,True,False,True,False,True,13.988286468528162
2025-07-11 16:00:00+00:00,82.56,82.62,82.475,82.515,1196.0,74.73528073673346,77.67217911498284,81.33740645544833,,,,,79.29318719710183,"rgba(38, 166, 154, 1.0)",0.7709873276919195,79.29318719710183,4.1788142128654835,0,,,0.0,0.0,0.0,0.0,71.99318939169686,14.370953475431833,True,False,True,False,True,13.757613570817433
2025-07-11 17:00:00+00:00,82.49,82.55,82.295,82.495,2741.0,74.76084567116558,77.69832780529585,81.58514394741846,,,,,79.3391289694059,"rgba(38, 166, 154, 1.0)",0.7972407483394721,79.3391289694059,3.9584918823671336,0,,,0.0,0.0,0.0,0.0,73.84078353130504,16.126049372559237,True,False,True,False,True,13.62366154319033
2025-07-11 18:00:00+00:00,82.51,82.71,82.23,82.67,4249.0,74.80060234220012,77.73905885612317,81.8298491909777,,,,,79.40247363615438,"rgba(38, 166, 154, 1.0)",0.8274000960363687,79.40247363615438,3.9491491232580103,0,,,0.0,0.0,0.0,0.0,75.62647933355916,17.982566085750094,True,False,True,False,True,14.439705644353836
2025-07-11 19:00:00+00:00,82.67,82.685,82.35,82.485,8862.0,74.88191061319706,77.8213239711313,82.0661380528417,,,,,79.51058200495446,"rgba(38, 166, 154, 1.0)",0.8487693794320893,79.51058200495446,3.5043889036568707,0,,,0.0,0.0,0.0,0.0,74.68206546447445,17.982566085750094,True,False,True,False,True,13.175068127005549
2025-07-14 14:00:00+00:00,82.25,82.7,82.06,82.505,720.0,74.88836846398232,77.82776414678565,82.07594423587702,,,,,79.51817065701832,"rgba(38, 166, 154, 1.0)",0.8705159234471525,79.51817065701832,3.431102479038115,0,,,0.0,0.0,0.0,0.0,74.14078384626193,17.982566085750094,True,False,True,False,True,13.271352244747714
2025-07-14 15:00:00+00:00,82.505,82.78,82.27,82.45,648.0,74.89423141584015,77.8336434783678,82.08621592155104,,,,,79.52523902045296,"rgba(38, 166, 154, 1.0)",0.8928470758774864,79.52523902045296,3.2757692314471685,0,,,0.0,0.0,0.0,0.0,73.06759951525194,17.982566085750094,True,False,True,False,True,12.887270554578407
2025-07-14 16:00:00+00:00,82.49,82.87,82.49,82.73,682.0,74.9005515483427,77.8400754499263,82.10139152146972,,,,,79.53341439339191,"rgba(38, 166, 154, 1.0)",0.9198351644353507,79.53341439339191,3.475172215850597,0,,,0.0,0.0,0.0,0.0,73.74295892449356,17.982566085750094,True,False,True,False,True,14.260194524034034
2025-07-14 17:00:00+00:00,82.725,83.06,82.59,82.985,1205.0,74.91195298870083,77.85182191308161,82.13408173004179,,,,,79.54893227726603,"rgba(38, 166, 154, 1.0)",0.9552729103954605,79.54893227726603,3.5969487727978335,0,,,0.0,0.0,0.0,0.0,75.25726873183196,19.570769816565914,True,False,True,False,True,15.482739594869361
2025-07-14 18:00:00+00:00,82.985,83.245,82.865,82.965,840.0,74.92002759481943,77.8602159550048,82.15946832208239,,,,,79.8491786143573,"rgba(38, 166, 154, 1.0)",0.9870092599775145,79.8491786143573,3.1568309558855474,0,,,0.0,0.0,0.0,0.0,75.9749969529403,20.69568374796077,True,False,True,False,True,15.337219843959108
2025-07-14 19:00:00+00:00,83.01,83.18,82.795,83.12,2360.0,74.94264620962657,77.88368435423857,82.22411821979334,,,,,79.87933800590942,"rgba(38, 166, 154, 1.0)",1.0196901225117507,79.87933800590942,3.1780851089427338,0,,,0.0,0.0,0.0,0.0,77.12240714658232,22.20012430502115,True,False,True,False,True,16.086504125605245
2025-07-15 14:00:00+00:00,83.005,83.13,82.485,82.62,863.0,74.9505938683525,77.8917382052109,82.2378641979084,,,,,79.88557779850039,"rgba(38, 166, 154, 1.0)",1.0394322688100108,79.88557779850039,2.630688197346521,0,,,0.0,0.0,0.0,0.0,71.43354493583001,26.49932325221623,True,False,True,False,False,12.470595485009888
2025-07-15 15:00:00+00:00,82.675,82.925,82.165,82.4,2910.0,74.97642405924414,77.9173202619994,82.25901199034034,,,,,79.90224845465886,"rgba(38, 166, 154, 1.0)",1.0538085155233252,79.90224845465886,2.370213856262827,0,,,0.0,0.0,0.0,0.0,65.48530908908663,21.035116961379757,True,False,True,False,False,10.93887444851438
2025-07-15 16:00:00+00:00,82.43,82.5,81.95,82.05,1199.0,74.98655067378807,77.92702464555116,82.25600413825578,,,,,79.906381514143,"rgba(38, 166, 154, 1.0)",1.0613575999431306,79.906381514143,2.0196948568247395,0,,,0.0,0.0,0.0,0.0,58.63342046708772,14.956203802469432,True,False,True,False,False,8.5633860632541
2025-07-15 17:00:00+00:00,82.05,82.235,81.675,81.88,1336.0,74.99743000686865,77.93718507984818,82.2445866865896,,,,,79.90889609747744,"rgba(38, 166, 154, 1.0)",1.0676779679497612,79.90889609747744,1.8461595740404997,0,,,0.0,0.0,0.0,0.0,52.85042390588325,9.993299860346838,False,False,False,False,False,7.43404617301152
2025-07-15 18:00:00+00:00,81.89,82.17,81.73,81.955,772.0,75.00372063888965,77.94306448185912,82.2387763046327,,,,,79.9111145888197,"rgba(38, 166, 154, 1.0)",1.0749182537543687,79.9111145888197,1.9014333453186942,0,,,0.0,0.0,0.0,0.0,49.75269593480975,7.44448892441455,False,True,False,True,False,7.842636932261698
2025-07-15 19:00:00+00:00,81.955,82.28,81.95,82.155,3690.0,75.03439259240247,77.97215868993904,82.22921178624235,,,,,79.93053722400983,"rgba(38, 166, 154, 1.0)",1.079854323676324,79.93053722400983,2.0599656150072865,0,,,0.0,0.0,0.0,0.0,49.6450565569326,7.391248667231295,False,True,False,False,False,8.929835010791816
2025-07-16 14:00:00+00:00,81.735,81.815,80.92,81.49,1840.0,75.0480462294526,77.98402858948724,82.19523090133261,,,,,80.1042347289881,"rgba(239, 83, 80, 1.0)",1.070294002718106,80.1042347289881,1.2947519723483623,0,,,0.0,0.0,0.0,0.0,44.957279069915955,2.8972166817484606,False,True,False,True,False,4.559901285531549
2025-07-16 15:00:00+00:00,81.58,82.07,81.51,81.96,3559.0,75.07609898847728,78.00966598223843,82.16939062239626,,,,,80.13148689509632,"rgba(239, 83, 80, 1.0)",1.0482877802742747,80.13148689509632,1.744285433171094,0,,,0.0,0.0,0.0,0.0,45.743896977761075,2.8972166817484606,False,True,False,True,False,7.109193309043057
2025-07-16 16:00:00+00:00,82.04,82.475,81.895,82.34,643.0,75.08143309379024,78.0147287111217,82.17027978184758,,,,,80.13856223062727,"rgba(239, 83, 80, 1.0)",1.0422833864452397,80.13856223062727,2.1121297700818644,0,,,0.0,0.0,0.0,0.0,48.7645587087666,2.8972166817484606,False,True,False,False,True,9.07750085497895
2025-07-16 17:00:00+00:00,82.335,82.425,81.96,82.03,533.0,75.08578797442952,78.018818629549,82.16993358273693,,,,,80.14321747290293,"rgba(239, 83, 80, 1.0)",1.030999965048511,80.14321747290293,1.8300510097575906,0,,,0.0,0.0,0.0,0.0,48.670083613586534,2.8972166817484606,False,True,False,False,True,7.09617042886936
2025-07-16 18:00:00+00:00,82.045,82.13,81.8,81.95,896.0,75.09291183977177,78.02537889399564,82.16617758253462,,,,,80.14836113221683,"rgba(239, 83, 80, 1.0)",1.0163735347618366,80.14836113221683,1.7726148961615187,0,,,0.0,0.0,0.0,0.0,48.08321485931777,2.8972166817484606,False,True,False,True,True,6.58986156752697
2025-07-16 19:00:00+00:00,81.955,82.06,81.665,81.98,4390.0,75.12730859196694,78.05673628463393,82.14485937213145,,,,,80.1687178083017,"rgba(239, 83, 80, 1.0)",1.009504124101873,80.1687178083017,1.794229610809918,0,,,0.0,0.0,0.0,0.0,47.9307309059477,2.8972166817484606,False,True,False,True,True,6.750924127177139
2025-07-17 14:00:00+00:00,81.975,82.355,81.975,82.23,2714.0,75.14928749514362,78.07728787350949,82.14684358095505,,,,,80.18815478627963,"rgba(239, 83, 80, 1.0)",0.9988019760640774,80.18815478627963,2.0442943272565026,0,,,0.0,0.0,0.0,0.0,49.789324646332744,2.8972166817484606,False,True,False,False,True,8.090461516043213
2025-07-17 15:00:00+00:00,82.235,82.285,81.725,81.87,2219.0,75.16658074757923,78.09302124934642,82.13986403604757,,,,,80.19857774723498,"rgba(239, 83, 80, 1.0)",0.983512449713201,80.19857774723498,1.6994418863253076,0,,,0.0,0.0,0.0,0.0,48.283433368844086,2.8972166817484606,False,True,False,False,True,5.761309505150443
2025-07-17 16:00:00+00:00,81.89,82.28,81.87,82.21,1559.0,75.17896293318044,78.10445319707874,82.13935604693636,,,,,80.20790088796518,"rgba(239, 83, 80, 1.0)",0.9682632729624181,80.20790088796518,2.067721835518305,0,,,0.0,0.0,0.0,0.0,49.84336842993723,2.8972166817484606,False,True,False,False,True,7.582558274246409
2025-07-17 17:00:00+00:00,82.215,82.375,82.045,82.155,800.0,75.18536516783412,78.11039858076593,82.14003362369526,,,,,80.21306198924518,"rgba(239, 83, 80, 1.0)",0.9251863118928245,80.21306198924518,2.09896967323462,0,,,0.0,0.0,0.0,0.0,50.44304895542939,2.8972166817484606,False,True,False,False,True,7.225544575081056
2025-07-17 18:00:00+00:00,82.105,82.405,82.075,82.2,2413.0,75.20470141137332,78.12837992858795,82.14329105310998,,,,,80.22884446033432,"rgba(239, 83, 80, 1.0)",0.9211765391163388,80.22884446033432,2.1398238621628023,0,,,0.0,0.0,0.0,0.0,51.20454653628295,2.8972166817484606,False,True,False,False,True,7.469281690099901
2025-07-17 19:00:00+00:00,82.155,82.33,81.825,81.975,9420.0,75.27723696443218,78.19402392187509,82.13049668229273,,,,,80.27410571761325,"rgba(239, 83, 80, 1.0)",0.9191162176916279,80.27410571761325,1.8505758571626112,0,,,0.0,0.0,0.0,0.0,49.742366849132154,2.8972166817484606,False,True,False,False,True,5.983361922433943
2025-07-18 14:00:00+00:00,83.14,83.645,82.965,83.045,1107.0,75.28712290256729,78.20390459601452,82.14661720346622,,,,,80.53824316051194,"rgba(38, 166, 154, 1.0)",0.9357456775081143,80.53824316051194,2.6788869024365063,0,,,0.0,0.0,0.0,0.0,55.41263430159255,0.8383504538562363,False,False,True,False,True,11.532549263777899
2025-07-18 15:00:00+00:00,83.045,83.055,82.36,82.775,3011.0,75.31224022387278,78.22798591023334,82.16922044359804,,,,,80.54519300269064,"rgba(38, 166, 154, 1.0)",0.9474151653301982,80.54519300269064,2.3535690359486945,0,,,0.0,0.0,0.0,0.0,57.05277350756124,2.3503865656898597,False,False,True,False,True,9.777417680693702
2025-07-18 16:00:00+00:00,82.775,82.87,82.235,82.44,2579.0,75.33299979958548,78.24743401618537,82.18032697321443,,,,,80.55558288135454,"rgba(38, 166, 154, 1.0)",0.9474370263616861,80.55558288135454,1.988962924408739,0,,,0.0,0.0,0.0,0.0,55.765903282855255,2.3503865656898597,False,False,True,False,True,7.6548883814400455
2025-07-18 17:00:00+00:00,82.435,82.59,82.275,82.43,1576.0,75.34548044299272,78.2590015506759,82.18516538818587,,,,,80.56215188760507,"rgba(38, 166, 154, 1.0)",0.9397341391342623,80.56215188760507,1.9876346241030558,0,,,0.0,0.0,0.0,0.0,54.83779445146122,2.3503865656898597,False,True,True,False,False,7.5919029512513525
2025-07-18 18:00:00+00:00,82.435,82.52,82.12,82.43,2295.0,75.36338516844467,78.27543175818398,82.18984197331369,,,,,80.57115264856971,"rgba(38, 166, 154, 1.0)",0.9391864507068626,80.57115264856971,1.979210145154106,0,,,0.0,0.0,0.0,0.0,54.219055230531865,2.3503865656898597,False,True,True,False,False,7.591902951251374
2025-07-18 19:00:00+00:00,82.435,82.65,82.225,82.28,5132.0,75.40325497290192,78.31195170224815,82.20105817794949,,,,,80.59512514577867,"rgba(38, 166, 154, 1.0)",0.933215539543471,80.59512514577867,1.8054509197795559,0,,,0.0,0.0,0.0,0.0,52.57201048191456,2.3503865656898597,False,True,True,False,False,6.620476798687157
2025-07-21 14:00:00+00:00,82.05,82.195,81.67,81.96,1315.0,75.41275417343367,78.32019797598316,82.19729369458854,,,,,80.7565342182402,"rgba(38, 166, 154, 1.0)",0.9308494715800772,80.7565342182402,1.2928683084677022,0,,,0.0,0.0,0.0,0.0,49.11409801176299,3.5455056534341836,False,True,False,False,False,4.582850885440916
2025-07-21 15:00:00+00:00,81.975,82.29,81.745,81.865,1037.0,75.42025434421399,78.32671926333055,82.1946841140463,,,,,80.7584380206929,"rgba(38, 166, 154, 1.0)",0.9277760292023784,80.7584380206929,1.1927037824618234,0,,,0.0,0.0,0.0,0.0,46.16479509281817,0.7721639794470292,False,True,False,True,False,3.9855126425427194
2025-07-21 16:00:00+00:00,81.91,82.12,81.81,81.905,2000.0,75.43462338791583,78.33915635908039,82.18935166102492,,,,,80.76097342520717,"rgba(38, 166, 154, 1.0)",0.9258896719841188,80.76097342520717,1.235597079662052,0,,,0.0,0.0,0.0,0.0,44.621262591181974,-0.6886948307177931,False,True,False,True,False,4.213788407951416
2025-07-21 17:00:00+00:00,81.915,82.14,81.88,82.08,2127.0,75.45004198460427,78.3526114678585,82.1858867229102,,,,,80.76706107011964,"rgba(38, 166, 154, 1.0)",0.9270195241743154,80.76706107011964,1.4163012705150717,0,,,0.0,0.0,0.0,0.0,45.435792683875434,-0.6886948307177931,False,True,False,True,False,5.215229681410744
2025-07-21 18:00:00+00:00,82.08,82.445,82.04,82.31,4768.0,75.48555184056748,78.38429610801226,82.18963850927972,,,,,80.79169234007182,"rgba(38, 166, 154, 1.0)",0.9300468505114796,80.79169234007182,1.6325066410290938,0,,,0.0,0.0,0.0,0.0,48.14395015034553,-0.6886948307177931,False,True,False,False,True,6.514616392480608
2025-07-21 19:00:00+00:00,82.315,82.315,82.01,82.14,6740.0,75.53431728107918,78.4269746241738,82.18746234223822,,,,,80.81388255690362,"rgba(38, 166, 154, 1.0)",0.9322065850010377,80.81388255690362,1.422557472166862,0,,,0.0,0.0,0.0,0.0,48.296424149990976,-0.6886948307177931,False,True,False,False,True,5.385726157443354
2025-07-22 14:00:00+00:00,83.25,83.455,83.075,83.335,1350.0,75.54565660729041,78.43797063022127,82.2011431714412,,,,,80.83096194028394,"rgba(38, 166, 154, 1.0)",0.9532622981169412,80.83096194028394,2.626809079371426,0,,,0.0,0.0,0.0,0.0,55.639974855593415,0.6282052956769206,False,False,True,False,True,11.676104389612323
2025-07-22 15:00:00+00:00,83.335,83.76,83.105,83.42,2411.0,75.56619019991079,78.45804870206987,82.2277883042305,,,,,80.86209910528166,"rgba(38, 166, 154, 1.0)",0.9751216047992839,80.86209910528166,2.623160928984703,0,,,0.0,0.0,0.0,0.0,60.859282636527084,5.22963396061958,True,False,True,False,True,12.088707044523623
2025-07-22 16:00:00+00:00,83.42,83.705,83.26,83.56,2308.0,75.58594560378907,78.47742518165363,82.25386216266287,,,,,80.89108811440578,"rgba(38, 166, 154, 1.0)",0.9991223490997779,80.89108811440578,2.67125631610478,0,,,0.0,0.0,0.0,0.0,64.88567602065709,8.683131319138631,True,False,True,False,True,12.770175882990436
2025-07-22 17:00:00+00:00,83.59,83.72,83.39,83.565,1199.0,75.59623427190634,78.48753210530742,82.26751612105339,,,,,80.90583648710287,"rgba(38, 166, 154, 1.0)",1.0217469451004066,80.90583648710287,2.6025656603610483,0,,,0.0,0.0,0.0,0.0,67.59060678348708,10.999017337355355,True,False,True,False,True,12.794732042676642
2025-07-22 18:00:00+00:00,83.56,83.87,83.5,83.79,2323.0,75.61649586694342,78.50762042917815,82.29638609145539,,,,,80.93575969017444,"rgba(38, 166, 154, 1.0)",1.04863546255862,80.93575969017444,2.721861325251543,0,,,0.0,0.0,0.0,0.0,70.32933253669387,13.478545456534242,True,False,True,False,True,13.901806130171906
2025-07-22 19:00:00+00:00,83.79,83.88,83.46,83.51,5244.0,75.6612868539253,78.55151823160307,82.35308213980582,,,,,80.99405111580407,"rgba(38, 166, 154, 1.0)",1.06708870592304,80.99405111580407,2.3577691997214236,0,,,0.0,0.0,0.0,0.0,68.94522902626156,13.478545456534242,True,False,True,False,True,11.937071213653628
2025-07-23 14:00:00+00:00,83.69,84.12,83.555,84.12,1196.0,75.67183390681855,78.56204064796026,82.36839266743976,,,,,81.0088969074414,"rgba(38, 166, 154, 1.0)",1.0996614876358972,81.0088969074414,2.8291461759263754,0,,,0.0,0.0,0.0,0.0,70.69924344969444,13.89866184461438,True,False,True,False,True,14.89021298270287
2025-07-23 15:00:00+00:00,84.17,84.33,83.69,84.295,1173.0,75.68236856136528,78.57265265418842,82.38475627781438,,,,,81.02439214396802,"rgba(38, 166, 154, 1.0)",1.1349441388017343,81.02439214396802,2.8817346547866847,0,,,0.0,0.0,0.0,0.0,72.48049844125501,15.825315931586431,True,False,True,False,True,15.703089105516348
2025-07-23 16:00:00+00:00,84.31,84.5,83.89,83.9,1152.0,75.69267881923396,78.58301956197342,82.40045312723856,,,,,81.0392069705239,"rgba(38, 166, 154, 1.0)",1.1575269809874538,81.0392069705239,2.471469846029539,0,,,0.0,0.0,0.0,0.0,69.78817030453135,15.825315931586431,True,False,True,False,True,12.963321239301308
2025-07-23 17:00:00+00:00,83.905,84.13,83.645,84.125,2622.0,75.71568990998256,78.60591769862411,82.43247099641353,,,,,81.0697344097338,"rgba(38, 166, 154, 1.0)",1.1778753318155197,81.0697344097338,2.593878577588483,0,,,0.0,0.0,0.0,0.0,69.05317727233043,15.825315931586431,True,False,True,False,False,14.033708216222713
2025-07-23 18:00:00+00:00,84.125,84.285,84.01,84.18,2549.0,75.73845478664045,78.62878161541592,82.4661018864655,,,,,81.10096759016287,"rgba(38, 166, 154, 1.0)",1.1868008136049628,81.10096759016287,2.594396948957623,0,,,0.0,0.0,0.0,0.0,68.82225260698468,15.825315931586431,True,False,True,False,False,14.29496710297234
2025-07-23 19:00:00+00:00,84.18,84.28,83.605,83.91,6212.0,75.79194300438274,78.68146891449028,82.53254490187635,,,,,81.16437853445929,"rgba(38, 166, 154, 1.0)",1.1825437652615627,81.16437853445929,2.3217926864071825,0,,,0.0,0.0,0.0,0.0,66.00388522405969,15.825315931586431,True,False,True,False,False,12.418420958673849
2025-07-24 14:00:00+00:00,83.16,84.675,83.16,84.62,5755.0,75.84219936153502,78.73136096856437,82.59780829177639,,,,,81.22507109223321,"rgba(38, 166, 154, 1.0)",1.190814896245156,81.22507109223321,2.85092915655623,0,,,0.0,0.0,0.0,0.0,67.52031397342816,15.825315931586431,True,False,True,False,False,15.759010225228856
2025-07-24 15:00:00+00:00,84.605,84.99,84.435,84.705,7644.0,75.9124477376832,78.80292197102324,82.7051450383371,,,,,81.59420211347127,"rgba(38, 166, 154, 1.0)",1.2076265792691074,81.59420211347127,2.5759601021794993,0,,,0.0,0.0,0.0,0.0,68.8596648004755,15.825315931586431,True,False,True,False,True,16.142815157501808
2025-07-24 16:00:00+00:00,84.705,84.705,83.99,84.27,3593.0,75.94364370479205,78.83379749742693,82.74285719387323,,,,,81.62151017906669,"rgba(38, 166, 154, 1.0)",1.208813624336124,81.62151017906669,2.1909827682392704,0,,,0.0,0.0,0.0,0.0,65.90114107335313,15.825315931586431,True,False,True,False,False,13.160147869922984
2025-07-24 17:00:00+00:00,84.27,84.45,84.06,84.25,1806.0,75.95910974240276,78.84899517099495,82.76036417253351,,,,,81.63500407254404,"rgba(38, 166, 154, 1.0)",1.2073582657953055,81.63500407254404,2.165882324691277,0,,,0.0,0.0,0.0,0.0,63.7631391675166,18.97411612073347,True,False,True,False,False,13.025001906490449
2025-07-24 18:00:00+00:00,84.225,84.55,84.11,84.21,1819.0,75.97469762974059,78.86431959575381,82.77801478704372,,,,,81.64938341832384,"rgba(38, 166, 154, 1.0)",1.2092869911767428,81.64938341832384,2.117459792720049,0,,,0.0,0.0,0.0,0.0,61.97493793089941,17.13563906395771,True,False,True,False,False,12.750475473604297
2025-07-24 19:00:00+00:00,84.21,84.3,83.935,83.99,7265.0,76.0347826968872,78.92228173245205,82.83515503053309,,,,,81.69635848609087,"rgba(38, 166, 154, 1.0)",1.2094250737483854,81.69635848609087,1.8964725998282905,0,,,0.0,0.0,0.0,0.0,58.80284406161581,14.042150011378666,False,False,True,False,False,11.24099159516945
2025-07-25 14:00:00+00:00,83.25,83.405,82.715,83.295,1376.0,76.04474853665228,78.93114562849674,82.83766390624591,,,,,81.88643148384202,"rgba(38, 166, 154, 1.0)",1.2018778025467212,81.88643148384202,1.1719731516575942,0,,,0.0,0.0,0.0,0.0,52.04538574960422,7.801172375268635,False,True,False,False,False,6.71002962801855
2025-07-25 15:00:00+00:00,83.295,83.5,83.195,83.28,1286.0,76.05428172714177,78.93976219849107,82.84140403226607,,,,,81.89314962029836,"rgba(38, 166, 154, 1.0)",1.1931715552939766,81.89314962029836,1.1623226966384947,0,,,0.0,0.0,0.0,0.0,47.458145969918384,3.772972741101796,False,True,False,True,False,6.615595232118608
2025-07-25 16:00:00+00:00,83.29,83.4,83.235,83.395,1112.0,76.06252567559369,78.94721675448041,82.84471299189178,,,,,81.89704843765051,"rgba(38, 166, 154, 1.0)",1.1770201992964437,81.89704843765051,1.2726642781873037,0,,,0.0,0.0,0.0,0.0,45.4770207884676,2.0951527000809165,False,True,False,True,False,7.22834539156565
2025-07-25 17:00:00+00:00,83.395,83.48,83.35,83.455,909.0,76.06932933207062,78.95340919064591,82.84784126244696,,,,,81.90101878709079,"rgba(38, 166, 154, 1.0)",1.1553532863235,81.90101878709079,1.3450268686681959,0,,,0.0,0.0,0.0,0.0,44.73748585531531,1.3589612736544652,False,True,False,True,False,7.550107543454832
2025-07-25 18:00:00+00:00,83.445,83.91,83.445,83.84,1537.0,76.0812778900001,78.96454806325828,82.85577964388187,,,,,81.91323275445549,"rgba(38, 166, 154, 1.0)",1.1389798936770124,81.91323275445549,1.691660455325734,0,,,0.0,0.0,0.0,0.0,47.59412335790176,1.3589612736544652,False,True,False,True,True,9.583665152487626
2025-07-25 19:00:00+00:00,83.83,83.945,83.62,83.715,3456.0,76.10810802895703,78.98955327896682,82.87367976675316,,,,,81.93555889334259,"rgba(38, 166, 154, 1.0)",1.1116395771795164,81.93555889334259,1.6007356549613538,0,,,0.0,0.0,0.0,0.0,48.4189396317215,1.3589612736544652,False,True,False,False,True,8.74716020148589
2025-07-28 14:00:00+00:00,84.69,85.31,84.5,85.24,1463.0,76.1212654297931,79.0028279397655,82.89148909540525,,,,,81.96192049741707,"rgba(38, 166, 154, 1.0)",1.1200601375435264,81.96192049741707,2.9266995518403918,0,,,0.0,0.0,0.0,0.0,56.536976259057795,-0.3836935717517349,False,False,True,False,True,16.009816887862343
2025-07-28 15:00:00+00:00,85.225,85.33,84.725,85.325,927.0,76.12968509652322,79.01136223299636,82.9031974149898,,,,,81.97816560795621,"rgba(38, 166, 154, 1.0)",1.1281227051345777,81.97816560795621,2.9667290418062575,0,,,0.0,0.0,0.0,0.0,62.200598683061614,4.705682697615551,True,False,True,False,True,16.375322868147276
2025-07-28 16:00:00+00:00,85.325,85.37,84.75,85.125,1656.0,76.14461190124977,79.02643715324176,82.92339360858408,,,,,82.0043333185482,"rgba(38, 166, 154, 1.0)",1.1134599633989621,82.0043333185482,2.8026752501505374,0,,,0.0,0.0,0.0,0.0,64.30075192203591,6.528099713142879,True,False,True,False,True,15.035906874558105
2025-07-28 17:00:00+00:00,85.14,85.185,84.69,85.0,1109.0,76.15444280670067,79.03628605114235,82.93594965337664,,,,,82.01950336714151,"rgba(38, 166, 154, 1.0)",1.1034402101154521,82.01950336714151,2.701094817404418,0,,,0.0,0.0,0.0,0.0,64.65358830478702,6.9788073629685385,True,False,True,False,True,14.202004688767609
2025-07-28 18:00:00+00:00,85.0,85.09,84.61,84.93,425.0,76.15816958201259,79.03999983292566,82.94052785779968,,,,,82.02483958217547,"rgba(38, 166, 154, 1.0)",1.091554359123385,82.02483958217547,2.6614894563360405,0,,,0.0,0.0,0.0,0.0,64.27697477840701,6.9788073629685385,True,False,True,False,True,13.732388034694399
2025-07-28 19:00:00+00:00,84.93,85.065,84.575,84.99,3997.0,76.19306361455904,79.07469714974972,82.98255063641695,,,,,82.07147544840092,"rgba(38, 166, 154, 1.0)",1.0904548930956404,82.07147544840092,2.6764284979398067,0,,,0.0,0.0,0.0,0.0,64.346482199722,7.502889746984678,True,False,True,False,True,14.013210457476532
2025-07-29 14:00:00+00:00,85.45,85.64,85.05,85.195,931.0,76.20154084888698,79.08329831143355,82.99418241151457,,,,,82.08445464834155,"rgba(38, 166, 154, 1.0)",1.093625254920786,82.08445464834155,2.8442515730708404,0,,,0.0,0.0,0.0,0.0,65.48217063208692,9.118254469818574,True,False,True,False,True,14.972451975342867
2025-07-29 15:00:00+00:00,85.19,85.625,85.09,85.545,1917.0,76.21918574425911,79.10128894714242,83.01904975294646,,,,,82.1118209977569,"rgba(38, 166, 154, 1.0)",1.0959752331663681,82.1118209977569,3.132533380635212,0,,,0.0,0.0,0.0,0.0,67.85375762276016,11.81423223381536,True,False,True,False,True,16.573449102541698
2025-07-29 16:00:00+00:00,85.545,85.625,85.365,85.5,1712.0,76.23501755984304,79.11746346452526,83.04152627934744,,,,,82.13602317573489,"rgba(38, 166, 154, 1.0)",1.1013559128861194,82.13602317573489,3.0543957542750713,0,,,0.0,0.0,0.0,0.0,68.92026647039165,13.223281307168577,True,False,True,False,True,16.254140278484144
2025-07-29 17:00:00+00:00,85.5,86.07,85.455,85.85,2886.0,76.26243022880595,79.14579756833307,83.08295019537026,,,,,82.18018299468686,"rgba(38, 166, 154, 1.0)",1.1409483490226497,82.18018299468686,3.2164619971243615,0,,,0.0,0.0,0.0,0.0,71.14487424930829,15.672533459184365,True,False,True,False,True,17.83609018975849
2025-07-29 18:00:00+00:00,85.865,86.29,85.665,86.1,1793.0,76.27978519848735,79.16387626338582,83.11016466299542,,,,,82.52920188249644,"rgba(38, 166, 154, 1.0)",1.1863441382738795,82.52920188249644,3.009917613534162,0,,,1.0,0.0,86.29,498.0,73.53864009966166,18.18958875489082,True,False,True,False,True,18.936467960246866
2025-07-29 19:00:00+00:00,86.11,86.17,85.545,85.76,2321.0,76.30171516688513,79.18648186489109,83.1423599501318,,,,,82.55538975357234,"rgba(38, 166, 154, 1.0)",1.218017895844301,82.55538975357234,2.631004238411705,0,,,0.0,0.0,0.0,0.0,71.31664611914886,18.18958875489082,True,False,True,False,True,16.492375565298605
2025-07-30 14:00:00+00:00,85.39,85.405,84.61,84.68,3694.0,76.33303479201395,79.21716698467368,83.17488873844506,,,,,82.55983598411976,"rgba(38, 166, 154, 1.0)",1.2248382389989707,82.55983598411976,1.7309747102711337,0,,,0.0,0.0,0.0,0.0,62.184910436561694,18.12010465457557,True,False,True,False,False,9.376570755872358
2025-07-30 15:00:00+00:00,84.695,84.75,84.22,84.43,2740.0,76.35495552473603,79.23800207429217,83.19239787286666,,,,,82.56123952327744,"rgba(38, 166, 154, 1.0)",1.2290705013544536,82.56123952327744,1.5204664619834007,0,,,0.0,0.0,0.0,0.0,54.89592062751552,11.742964953078953,False,True,True,False,False,7.854463660517741
2025-07-30 16:00:00+00:00,84.43,84.77,84.33,84.69,2060.0,76.3716212997229,79.25394458437323,83.20656365179633,,,,,82.56829700329004,"rgba(38, 166, 154, 1.0)",1.2346194949455849,82.56829700329004,1.7185076093452332,0,,,0.0,0.0,0.0,0.0,51.77899816622654,9.24743703372804,False,True,False,False,False,9.115745775912782
2025-07-30 17:00:00+00:00,84.685,84.75,84.455,84.58,1087.0,76.38038641409852,79.26231618080004,83.21391510023687,,,,,82.57252794111967,"rgba(38, 166, 154, 1.0)",1.2381544606675152,82.57252794111967,1.6213421852052723,0,,,0.0,0.0,0.0,0.0,49.093499946848986,6.929443588428548,False,True,False,True,False,8.439105273357729
2025-07-30 18:00:00+00:00,84.685,84.685,84.23,84.23,2072.0,76.39660994980868,79.27756585798326,83.22558309904886,,,,,82.5775576640567,"rgba(239, 83, 80, 1.0)",1.2367484176868992,82.5775576640567,1.3361184152827803,0,,,0.0,0.0,0.0,0.0,45.47703565462069,3.5963910351698587,False,True,False,True,False,6.315359343077205
2025-07-30 19:00:00+00:00,84.23,84.41,83.895,84.38,2652.0,76.41688217943455,79.29636982194431,83.23824513580385,,,,,82.58223003724059,"rgba(239, 83, 80, 1.0)",1.2389064052960113,82.58223003724059,1.4510942514094625,0,,,0.0,0.0,0.0,0.0,44.23881268153419,2.338599657110592,False,True,False,True,False,7.071464692204074
2025-07-31 14:00:00+00:00,84.035,84.4,83.66,83.755,4637.0,76.45077035912807,79.32699421699415,83.25336830368926,,,,,82.58398938864134,"rgba(239, 83, 80, 1.0)",1.238223109326778,82.58398938864134,0.945718588627644,0,,,0.0,0.0,0.0,0.0,40.479323044957795,-1.381456274013793,False,True,False,True,False,3.401920972113494
2025-07-31 15:00:00+00:00,83.755,83.86,83.31,83.35,2787.0,76.46982602769155,79.34350201917573,83.25661483746845,,,,,82.57892784786796,"rgba(239, 83, 80, 1.0)",1.2369554930935462,82.57892784786796,0.6233628909344452,0,,,0.0,0.0,0.0,0.0,36.509733765757474,-5.254417881045931,False,True,False,True,False,1.150576209817416
2025-07-31 16:00:00+00:00,83.36,83.62,83.29,83.55,2418.0,76.48622877277248,79.35765060090665,83.25914489174316,,,,,82.57554412877641,"rgba(239, 83, 80, 1.0)",1.2363471516049553,82.57554412877641,0.788173345939771,0,,,0.0,0.0,0.0,0.0,35.503684067252145,-6.427454833640951,False,True,False,True,False,2.2039249098605467
2025-07-31 17:00:00+00:00,83.55,83.69,82.965,83.175,2695.0,76.50387472623407,79.37251031284652,83.25935706647253,,,,,82.56946821796986,"rgba(239, 83, 80, 1.0)",1.2328630415750517,82.56946821796986,0.4911590027522768,0,,,0.0,0.0,0.0,0.0,33.41647577623054,-8.73556858214208,False,True,False,True,False,0.1530146611811709
2025-07-31 18:00:00+00:00,83.13,83.67,83.045,83.67,1513.0,76.51401070777625,79.38119639082366,83.26072312644948,,,,,82.56826529972659,"rgba(239, 83, 80, 1.0)",1.2266079720593406,82.56826529972659,0.898196265937942,0,,,0.0,0.0,0.0,0.0,35.76451193704843,-8.73556858214208,False,True,False,True,False,2.7386150942867786
2025-07-31 19:00:00+00:00,83.66,83.73,83.075,83.36,9476.0,76.57616425444814,79.43380667393605,83.26590081796523,,,,,82.56208093281647,"rgba(239, 83, 80, 1.0)",1.2150743424416757,82.56208093281647,0.6566833314742871,0,,,0.0,0.0,0.0,0.0,35.97470731952948,-8.73556858214208,False,True,False,True,False,1.059535865067641
2025-08-01 14:00:00+00:00,82.83,83.4,82.02,82.1,2488.0,76.59020929730798,79.44436293305687,83.25789787531507,82.50666666666667,,,,82.67095619855715,"rgba(239, 83, 80, 1.0)",1.2113481135720918,82.67095619855715,-0.47133948710539325,0,,,0.0,0.0,0.0,0.0,32.29563193634021,-10.694409685796543,False,True,False,True,False,0.0
2025-08-01 15:00:00+00:00,82.3,82.8,82.18,82.8,3107.0,76.60791109008396,79.45781433600793,83.24926366621781,82.55479416145369,,,,82.66065623447216,"rgba(239, 83, 80, 1.0)",1.2005517687929848,82.66065623447216,0.11606643640859769,1,0.42234479562095684,0.42234479562095684,0.0,0.0,0.0,0.0,33.956562961323684,-10.694409685796543,False,True,False,True,False,0.0
2025-08-01 16:00:00+00:00,82.8,83.1,82.605,82.72,1419.0,76.61625016467934,79.46433821326528,83.24666274527733,82.6060875867313,,,,82.65929181939262,"rgba(239, 83, 80, 1.0)",1.1936021376763193,82.65929181939262,0.05086132027675771,2,0.268469417636016,0.536938835272032,0.0,0.0,0.0,0.0,34.806620408320796,-10.694409685796543,False,True,False,True,False,0.0
2025-08-01 17:00:00+00:00,82.725,82.79,82.37,82.74,831.0,76.62098559349647,79.46794764605535,83.24455133834867,82.60897365625665,,,,82.65651717842623,"rgba(239, 83, 80, 1.0)",1.1732737098395312,82.65651717842623,0.07115374773477645,2,0.27677607864221,0.55355215728442,0.0,0.0,0.0,0.0,35.49583294300227,-10.694409685796543,False,True,False,True,True,0.0
2025-08-01 18:00:00+00:00,82.74,83.465,82.575,83.1,1026.0,76.62722318622288,79.47297316631632,83.24371381938082,82.65959624995304,,,,82.6575731638335,"rgba(239, 83, 80, 1.0)",1.1597353185151469,82.6575731638335,0.3814894908373972,2,0.2840923791651472,0.5681847583302944,0.0,0.0,0.0,0.0,38.16295788207378,-10.694409685796543,False,True,False,True,True,0.0
2025-08-01 19:00:00+00:00,83.18,83.5,82.93,83.25,4912.0,76.65775147776684,79.49804079383384,83.2433752611221,82.8616893999855,,,,82.66553107102044,"rgba(239, 83, 80, 1.0)",1.1515010689157583,82.66553107102044,0.5075713299423082,2,0.29153602565057257,0.5830720513011451,0.0,0.0,0.0,0.0,40.82388727658475,-14.857509263138851,False,True,False,True,True,0.6609885693766806
2025-08-04 14:00:00+00:00,82.38,83.46,82.38,83.44,2108.0,76.67050217521123,79.50831523065332,83.24210725711396,82.89241782560359,,,,82.66516369157685,"rgba(239, 83, 80, 1.0)",1.1373613171583563,82.66516369157685,0.6812578348972156,2,0.2972810160200655,0.594562032040131,0.0,0.0,0.0,0.0,43.721845989299595,-11.948362676530358,False,True,False,True,True,1.6036197769390164
2025-08-04 15:00:00+00:00,83.44,83.95,83.33,83.95,2976.0,76.69023042974858,79.525332613216,83.24801678987691,83.02663760357592,,,,82.67803491730938,"rgba(239, 83, 80, 1.0)",1.121640429128106,82.67803491730938,1.1340221426213877,2,0.30268031995246036,0.6053606399049207,0.0,0.0,0.0,0.0,48.32957262709886,-7.567440116585885,False,True,False,False,True,4.067177666867877
2025-08-04 16:00:00+00:00,83.95,83.95,83.54,83.8,1162.0,76.69792537999086,79.53197143275702,83.2503782035103,83.06937765240403,,,,82.68266760035729,"rgba(239, 83, 80, 1.0)",1.1052402086973458,82.68266760035729,1.0109407808820239,2,0.3104166100435351,0.6208332200870702,0.0,0.0,0.0,0.0,50.44260850675041,-5.57498192497917,False,False,False,False,True,3.278632871543948
2025-08-04 17:00:00+00:00,83.8,83.8,83.52,83.68,1008.0,76.70449582703527,79.53758240328136,83.25202645623183,83.09799710034702,,,,82.68583421963633,"rgba(239, 83, 80, 1.0)",1.0927727235009403,82.68583421963633,0.9097644542029214,2,0.31729068592575815,0.6345813718515163,0.0,0.0,0.0,0.0,51.066817563251284,-4.849659877207891,False,False,True,False,True,2.646489094031711
2025-08-04 18:00:00+00:00,83.69,84.24,83.675,84.14,2704.0,76.72294746820332,79.55383464745081,83.26008005296266,83.20281952459177,,,,82.69977243642509,"rgba(239, 83, 80, 1.0)",1.0736839964937388,82.69977243642509,1.3413886844529368,2,0.31758081601255167,0.6351616320251033,0.0,0.0,0.0,0.0,53.97179389472856,-1.9338097668469132,True,False,True,False,True,4.862013009071884
2025-08-04 19:00:00+00:00,84.11,84.44,84.01,84.325,6970.0,76.77163370344351,79.59741195592086,83.28640972080312,83.44237314534423,,,,82.74023256155698,"rgba(239, 83, 80, 1.0)",1.0618852307314994,82.74023256155698,1.4924093419694018,2,0.31724363134246114,0.6344872626849223,0.0,0.0,0.0,0.0,56.79535596788465,0.8505794639421538,True,False,True,False,True,5.732444341835713
2025-08-05 14:00:00+00:00,83.79,84.155,83.67,83.93,1377.0,76.7807444379125,79.60530474596106,83.28968548948743,83.46279813845258,,,,82.74481377942348,"rgba(239, 83, 80, 1.0)",1.046143268745342,82.74481377942348,1.1329100477776246,2,0.31781237932560286,0.6356247586512057,0.0,0.0,0.0,0.0,55.82366091613368,0.8505794639421538,True,False,True,False,True,3.6070381429323284
2025-08-05 15:00:00+00:00,83.93,84.09,83.46,84.09,953.0,76.7870024533473,79.61070195974006,83.29179574849579,83.47483147200953,,,,82.74771906501755,"rgba(239, 83, 80, 1.0)",1.0310523662668332,82.74771906501755,1.3018552489651884,2,0.31823071565482414,0.6364614313096483,0.0,0.0,0.0,0.0,56.079978805514166,0.8505794639421538,True,False,True,False,True,4.375541525167616
2025-08-05 16:00:00+00:00,84.075,84.24,83.4,83.55,1136.0,76.79429031561587,79.61689237760115,83.2936551261747,83.48331294925437,,,,82.75020105037734,"rgba(239, 83, 80, 1.0)",1.0097926912400073,82.75020105037734,0.7920427198185763,2,0.3189067205422182,0.6378134410844364,0.0,0.0,0.0,0.0,52.80743244364674,0.8505794639421538,False,False,True,False,False,1.5381702954946377
2025-08-05 17:00:00+00:00,83.55,84.13,83.515,84.12,1507.0,76.8042012233438,79.62545717553633,83.29717037290158,83.50182542129059,,,,82.754983681911,"rgba(239, 83, 80, 1.0)",1.0066670186754636,82.754983681911,1.3559760007684014,2,0.3194037868320879,0.6388075736641758,0.0,0.0,0.0,0.0,53.81681078691279,0.8505794639421538,True,False,True,False,False,4.261742161857459
2025-08-05 18:00:00+00:00,84.19,84.67,84.175,84.4,3847.0,76.83112177937073,79.64966019470619,83.31291785375117,83.59069194640493,,,,82.77641847089534,"rgba(38, 166, 154, 1.0)",1.0016386888821371,82.77641847089534,1.620925336776519,2,0.3193267955390928,0.6386535910781856,0.0,0.0,0.0,0.0,55.8091600544836,0.8505794639421538,True,False,True,False,True,5.552342573343246
2025-08-05 19:00:00+00:00,84.395,85.03,84.38,84.935,5442.0,76.8707057518481,79.68608569641137,83.34161572478335,83.73480695824902,,,,82.81421394829388,"rgba(38, 166, 154, 1.0)",0.9963263512527744,82.81421394829388,2.1286058017430296,2,0.31782327199773347,0.6356465439954669,0.0,0.0,0.0,0.0,59.3022994919635,4.0489112792085535,True,False,True,False,True,7.937870231717056
2025-08-06 14:00:00+00:00,86.82,86.82,86.01,86.465,1898.0,76.88727902249568,79.70274288208545,83.36253063284096,83.84401392474379,,,,83.12225318809828,"rgba(38, 166, 154, 1.0)",1.0264670889449707,83.12225318809828,3.2565552738154326,2,0.3076934030947445,0.615386806189489,1.0,0.0,86.82,574.0,65.47391652130281,9.771573531447672,True,False,True,False,True,14.04769253789765
2025-08-06 15:00:00+00:00,86.52,86.655,85.745,85.745,2596.0,76.90894768787729,79.72410274413706,83.38716667137784,83.95969535245719,,,,83.14159640308604,"rgba(38, 166, 154, 1.0)",1.0329955696174753,83.14159640308604,2.5202466239792494,2,0.30240747195285267,0.6048149439057053,0.0,0.0,0.0,0.0,65.6120307919164,9.83663903724998,True,False,True,False,True,10.315251932415439
2025-08-06 16:00:00+00:00,85.82,86.06,85.605,85.98,2210.0,76.92697889236044,79.7416973761901,83.40649479590309,84.0418896865788,,,,83.15949283307353,"rgba(38, 166, 154, 1.0)",1.0400287721257235,83.15949283307353,2.7119510945467566,2,0.29643764863292077,0.5928752972658415,0.0,0.0,0.0,0.0,66.31002391025406,10.649097304461314,True,False,True,False,True,11.20580678583319
2025-08-06 17:00:00+00:00,85.98,85.995,85.54,85.54,1373.0,76.93790771855613,79.75224109870514,83.41744236680773,84.0845879673264,,,,83.1689670043922,"rgba(38, 166, 154, 1.0)",1.0267928157564148,83.1689670043922,2.3091639902652803,2,0.2927148212910367,0.5854296425820734,0.0,0.0,0.0,0.0,64.49777482101739,10.649097304461314,True,False,True,False,True,8.996387548789716
2025-08-06 18:00:00+00:00,85.54,85.675,84.82,85.105,1708.0,76.95070363233819,79.76422389380194,83.42800274015364,84.11937966446301,,,,83.17383110224104,"rgba(38, 166, 154, 1.0)",1.0011785082630928,83.17383110224104,1.9288956782634878,2,0.29142802503218496,0.5828560500643699,0.0,0.0,0.0,0.0,61.241927294612324,10.649097304461314,True,False,True,False,False,6.879359786274147
2025-08-06 19:00:00+00:00,85.115,85.605,84.76,85.51,6392.0,76.9987694623024,79.80935261882172,83.46842575029041,84.2419186426819,,,,83.20776117130353,"rgba(38, 166, 154, 1.0)",0.9807109849688388,83.20776117130353,2.347520180748894,2,0.2894507364069809,0.5789014728139618,0.0,0.0,0.0,0.0,60.51389256154714,15.95235976474136,True,False,True,False,False,8.472331051289821
2025-08-07 14:00:00+00:00,85.9,86.06,85.34,85.635,757.0,77.00468890712757,79.8150219376601,83.47408788395711,84.25948314945533,,,,83.21422338023783,"rgba(38, 166, 154, 1.0)",0.9652036941359543,83.21422338023783,2.5080474043660255,2,0.28821882961280976,0.5764376592256195,0.0,0.0,0.0,0.0,60.46697963229672,15.608084029044804,True,False,True,False,False,8.958708791715935
2025-08-07 15:00:00+00:00,85.65,85.81,85.135,85.45,1194.0,77.01377989196955,79.82361726087491,83.48210125019102,84.28229399428426,,,,83.22254697924146,"rgba(38, 166, 154, 1.0)",0.9503086885881515,83.22254697924146,2.3439257659190864,2,0.2884600778523756,0.5769201557047512,0.0,0.0,0.0,0.0,59.41389431816159,14.264350874327747,True,False,True,False,False,8.04184668835127
2025-08-07 16:00:00+00:00,85.44,85.825,85.43,85.565,917.0,77.02086539098482,79.83036611811845,83.48864848016399,84.301264436044,,,,83.22978284155849,"rgba(38, 166, 154, 1.0)",0.9302517967775941,83.22978284155849,2.5103065283300023,2,0.28829437532795954,0.5765887506559191,0.0,0.0,0.0,0.0,59.199816052215716,13.691647554757381,True,False,True,False,False,8.502467796942387
2025-08-07 17:00:00+00:00,85.57,85.63,84.98,85.36,1667.0,77.03329204796043,79.84199468614256,83.49886937782946,84.32720321737584,,,,83.23972647672983,"rgba(38, 166, 154, 1.0)",0.9317567105044692,83.23972647672983,2.2755656056635414,2,0.28837235868155875,0.5767447173631175,0.0,0.0,0.0,0.0,57.79659137820957,12.0195520537305,True,False,True,False,False,7.470493437598062
2025-08-07 18:00:00+00:00,85.34,85.455,85.005,85.09,1385.0,77.04341439811135,79.85137290410317,83.50663002535896,84.34488236171163,,,,83.24677648446648,"rgba(38, 166, 154, 1.0)",0.9301584046065505,83.24677648446648,1.9816232443904993,2,0.2919944522993088,0.5839889045986176,0.0,0.0,0.0,0.0,55.265682900472044,9.400738667452622,True,False,True,False,False,6.123089214750447
2025-08-07 19:00:00+00:00,85.08,85.215,84.88,85.02,5158.0,77.08022415970795,79.88506935514417,83.53246773499032,84.39440360155801,,,,83.2690167771568,"rgba(38, 166, 154, 1.0)",0.9290590173181716,83.2690167771568,1.884684600443995,2,0.2941378502652165,0.588275700530433,0.0,0.0,0.0,0.0,53.164098029109105,7.287650911080931,False,False,True,False,False,5.773965847471164
2025-08-08 14:00:00+00:00,85.245,85.78,84.72,85.385,3656.0,77.10694527163552,79.90986598122545,83.5532924680031,84.43779325461668,,,,83.29014373998626,"rgba(38, 166, 154, 1.0)",0.9320016384409456,83.29014373998626,2.24769589838707,2,0.294172142001496,0.588344284002992,0.0,0.0,0.0,0.0,53.92052713459425,7.287650911080931,True,False,True,False,False,7.323639262280484
2025-08-08 15:00:00+00:00,85.345,85.66,85.22,85.49,1940.0,77.12133250761696,79.92332408886205,83.56515145919177,84.4631917746025,,,,83.30280751562545,"rgba(38, 166, 154, 1.0)",0.9382138627492185,83.30280751562545,2.3312301930452057,2,0.2951685909809274,0.5903371819618548,0.0,0.0,0.0,0.0,55.010460344094774,7.287650911080931,True,False,True,False,True,7.765447296516438
2025-08-08 16:00:00+00:00,85.535,85.785,85.46,85.48,3046.0,77.14414146080195,79.94477252084734,83.58462241227414,84.50506846378961,,,,83.32407610938299,"rgba(38, 166, 154, 1.0)",0.9405773433063869,83.32407610938299,2.292128240127872,2,0.29678477396385167,0.5935695479277033,0.0,0.0,0.0,0.0,55.656899605766355,7.287650911080931,True,False,True,False,True,7.712972004537182
2025-08-08 17:00:00+00:00,85.48,85.72,85.295,85.655,3119.0,77.16731934786503,79.96649597307002,83.60399283335852,84.54412042053124,,,,83.3449235671051,"rgba(38, 166, 154, 1.0)",0.9505050009123163,83.3449235671051,2.430367468532663,2,0.29797690841673063,0.5959538168334613,0.0,0.0,0.0,0.0,57.18528115687109,7.287650911080931,True,False,True,False,True,8.466257702593087
2025-08-08 18:00:00+00:00,85.665,85.83,85.47,85.58,3366.0,77.19239739204164,79.99004305770477,83.62520903058669,84.58583355274455,,,,83.36787221326202,"rgba(38, 166, 154, 1.0)",0.9593016651123114,83.36787221326202,2.3059772198758695,2,0.2987010477124044,0.5974020954248088,0.0,0.0,0.0,0.0,57.49011930131774,4.025508543055928,True,False,True,False,True,8.059612721564399
2025-08-08 19:00:00+00:00,85.615,85.795,85.22,85.505,9533.0,77.26162275809969,80.05428363796429,83.67948880011701,84.67643612556078,,,,83.42426245351412,"rgba(38, 166, 154, 1.0)",0.9644758040402821,83.42426245351412,2.157376616157158,2,0.30148648317728666,0.6029729663545733,0.0,0.0,0.0,0.0,56.948372127916414,4.025508543055928,True,False,True,False,True,7.648733102277028
2025-08-11 14:00:00+00:00,84.77,84.775,83.215,83.445,2283.0,77.2746573248097,80.06473296756668,83.68039576057402,84.65652840380083,,,,83.42071628066515,"rgba(239, 83, 80, 1.0)",0.9710673750309077,83.42071628066515,0.025007244563306944,2,0.30490005480572946,0.6098001096114589,0.0,0.0,0.0,0.0,46.47394289426913,0.5270356006205645,False,True,False,True,False,0.0
2025-08-11 15:00:00+00:00,83.45,83.845,83.305,83.435,1487.0,77.2827525749563,80.0709954977905,83.67971917934601,84.63986180929483,,,,83.41682877663723,"rgba(239, 83, 80, 1.0)",0.9779086528586922,83.41682877663723,0.018581718557915655,2,0.3086991318004516,0.6173982636009032,0.0,0.0,0.0,0.0,39.46582959747125,-5.437611009996367,False,True,False,True,False,0.0
2025-08-11 16:00:00+00:00,83.44,83.795,83.23,83.68,1542.0,77.29117876255398,80.0775406465337,83.6792076126766,84.62369452054793,,,,83.4132417736849,"rgba(239, 83, 80, 1.0)",0.9800301061761201,83.4132417736849,0.2721939097931813,2,0.3127969811622314,0.6255939623244628,0.0,0.0,0.0,0.0,36.666552886757806,-7.493003746183959,False,True,False,True,False,0.0
2025-08-11 17:00:00+00:00,83.68,83.745,83.195,83.4,2172.0,77.30278000108179,80.08639855752263,83.67771293811042,84.59920036024985,,,,83.40739955805289,"rgba(239, 83, 80, 1.0)",0.9874632254540857,83.40739955805289,-0.007493502403068148,2,0.3178750950108877,0.6357501900217754,0.0,0.0,0.0,0.0,33.88555319535364,-9.753435459433497,False,True,False,True,False,0.0
2025-08-11 18:00:00+00:00,83.4,83.49,83.15,83.325,795.0,77.30692921529081,80.08950894080851,83.67687725731247,84.5895429649985,,,,83.40494499128447,"rgba(239, 83, 80, 1.0)",0.9953859770188671,83.40494499128447,-0.0803155691663399,2,0.31854728335177784,0.6370945667035557,0.0,0.0,0.0,0.0,31.786751856713515,-11.563633611999151,False,True,False,True,False,0.0
2025-08-11 19:00:00+00:00,83.32,83.43,83.115,83.41,6098.0,77.33854875336259,80.11314513011729,83.67053640824565,84.51987293099056,,,,83.38756124521251,"rgba(239, 83, 80, 1.0)",1.002149572553082,83.38756124521251,0.022390624515581853,2,0.32024966689351975,0.6404993337870395,0.0,0.0,0.0,0.0,31.159973361777844,-12.209012799605091,False,True,False,True,False,0.0
2025-08-12 14:00:00+00:00,83.78,84.12,83.62,83.78,1908.0,77.34923110066252,80.1216618598535,83.67146896631287,84.50841085476806,,,,83.38645275036198,"rgba(239, 83, 80, 1.0)",1.0046650286649668,83.38645275036198,0.3917198652380462,2,0.3239057412602233,0.6478114825204466,0.0,0.0,0.0,0.0,33.907595411098285,-12.209012799605091,False,True,False,True,False,0.0
2025-08-12 15:00:00+00:00,83.73,84.055,83.675,83.78,2647.0,77.36398531816235,80.13340246959575,83.67272059658372,84.49305852472226,,,,83.38507451476158,"rgba(239, 83, 80, 1.0)",1.0070416848162307,83.38507451476158,0.39216399002439,2,0.3277889309365819,0.6555778618731638,0.0,0.0,0.0,0.0,35.73934344397858,-12.209012799605091,False,True,False,True,True,0.0
2025-08-12 16:00:00+00:00,83.755,83.84,83.455,83.62,3058.0,77.38042735804459,80.14615250924608,83.67242221749308,84.47107170095951,,,,83.38147883631127,"rgba(239, 83, 80, 1.0)",1.009996842383271,83.38147883631127,0.23616030632917281,2,0.331652063459702,0.663304126919404,0.0,0.0,0.0,0.0,36.05384380741676,-12.209012799605091,False,True,False,True,True,0.0
2025-08-12 17:00:00+00:00,83.615,83.84,83.515,83.715,1736.0,77.38979981991095,80.15345588086909,83.67250837895759,84.45982971849591,,,,83.37991343699602,"rgba(239, 83, 80, 1.0)",1.004946899230416,83.37991343699602,0.3334370833529525,2,0.3366753976111543,0.6733507952223086,0.0,0.0,0.0,0.0,37.19380305394584,-12.209012799605091,False,True,False,True,True,0.0
2025-08-12 18:00:00+00:00,83.71,83.91,83.52,83.58,1810.0,77.39951126777852,80.16099570350774,83.67249562464357,84.44815233668778,,,,83.37824617423098,"rgba(239, 83, 80, 1.0)",1.0010010665017763,83.37824617423098,0.20155205875463436,2,0.34390412371287554,0.6878082474257511,0.0,0.0,0.0,0.0,37.0876205731756,-12.209012799605091,False,True,False,True,True,0.0
2025-08-12 19:00:00+00:00,83.54,83.685,83.365,83.465,5075.0,77.42586908632381,80.18097896148616,83.67014124239016,84.4106108806082,,,,83.37109467760497,"rgba(239, 83, 80, 1.0)",1.0000757989303422,83.37109467760497,0.0938982050115301,2,0.3521969093255344,0.7043938186510688,0.0,0.0,0.0,0.0,36.28742281810953,-12.209012799605091,False,True,False,True,True,0.0
2025-08-13 14:00:00+00:00,83.61,84.09,83.445,83.495,1361.0,77.43309751723487,80.18657214071897,83.67016574827012,84.40285907186092,,,,83.37013892320243,"rgba(239, 83, 80, 1.0)",0.9995706285420755,83.37013892320243,0.12491471160941192,2,0.3609480522138394,0.7218961044276788,0.0,0.0,0.0,0.0,36.126618194501845,-12.209012799605091,False,True,False,True,True,0.0
2025-08-13 15:00:00+00:00,83.52,83.665,82.9,82.9,735.0,77.43666865931539,80.18913489352576,83.6691230519558,84.39578182028627,,,,83.36829647520423,"rgba(239, 83, 80, 1.0)",1.012618085652208,83.36829647520423,-0.4624611014157483,2,0.36643935137517136,0.7328787027503427,0.0,0.0,0.0,0.0,32.720888222281275,-12.7725008465002,False,True,False,True,False,0.0
2025-08-13 16:00:00+00:00,82.86,83.405,82.86,83.335,839.0,77.44077169783196,80.19209916759276,83.66804169265245,84.38809010687397,,,,83.45451807451907,"rgba(239, 83, 80, 1.0)",1.0170183943356033,83.45451807451907,-0.11751810506550071,3,0.41182848896663665,1.23548546689991,0.0,0.0,0.0,0.0,35.024537132440045,-12.7725008465002,False,True,False,True,True,0.0
2025-08-13 17:00:00+00:00,83.335,83.44,83.17,83.28,548.0,77.44349340867089,80.19409428095095,83.66748340095484,84.3835238302464,,,,83.45528838461078,"rgba(239, 83, 80, 1.0)",1.0201128360141085,83.45528838461078,-0.17183234875828615,3,0.4200877779559629,1.2602633338678888,0.0,0.0,0.0,0.0,36.22120683133713,-12.7725008465002,False,True,False,True,True,0.0
2025-08-13 18:00:00+00:00,83.265,83.41,83.21,83.245,461.0,77.44577780745112,80.19576616432025,83.66700451610546,84.3796827522196,,,,83.45495051014268,"rgba(239, 83, 80, 1.0)",1.0219591148548828,83.45495051014268,-0.20543924614096573,3,0.419667581761691,1.259002745285073,0.0,0.0,0.0,0.0,36.786724007222865,-12.7725008465002,False,True,False,True,True,0.0
2025-08-13 19:00:00+00:00,83.245,83.4,83.205,83.385,3464.0,77.46300806413892,80.20843978746922,83.66383618669721,84.35273010295981,,,,83.45101436590535,"rgba(239, 83, 80, 1.0)",1.0236051814885,83.45101436590535,-0.0644920200671021,3,0.419523643569984,1.258570930709952,0.0,0.0,0.0,0.0,38.717917181333384,-15.411946469948838,False,True,False,True,True,0.0
2025-08-14 14:00:00+00:00,83.04,83.805,83.04,83.495,1101.0,77.46857190774797,80.21259629236278,83.66318918248524,84.34539541791659,,,,83.4506861013244,"rgba(239, 83, 80, 1.0)",1.0247463408403057,83.4506861013244,0.04324377351693991,3,0.4192960714069815,1.2578882142209444,0.0,0.0,0.0,0.0,41.19689087190312,-12.960974093171508,False,True,False,True,True,0.0
2025-08-14 15:00:00+00:00,83.495,83.67,82.945,83.45,648.0,77.47179156787425,80.2149684455002,83.6626497309134,84.34069912773678,,,,83.44970968669043,"rgba(239, 83, 80, 1.0)",1.0266000826671784,83.44970968669043,0.00028279104441801577,3,0.4188837834783319,1.2566513504349957,0.0,0.0,0.0,0.0,42.421031786057384,-11.710853512656826,False,True,False,True,True,0.0
2025-08-14 16:00:00+00:00,83.455,83.46,83.075,83.19,1045.0,77.47687647443122,80.21864857223314,83.66146473516356,84.33235867326064,,,,83.44699624529899,"rgba(239, 83, 80, 1.0)",1.030695724100085,83.44699624529899,-0.24934249681047213,3,0.41671269557116286,1.2501380867134886,0.0,0.0,0.0,0.0,40.94446502067433,-11.710853512656826,False,True,False,True,True,0.0
2025-08-14 17:00:00+00:00,83.2,83.42,83.17,83.355,608.0,77.47986842563687,80.22083746288065,83.66089825093584,84.32788641134462,,,,83.44589851973014,"rgba(239, 83, 80, 1.0)",1.0298252716323322,83.44589851973014,-0.08826596339595803,4,0.38014029031893215,1.5205611612757286,0.0,0.0,0.0,0.0,41.99901663196196,-11.710853512656826,False,True,False,True,True,0.0
2025-08-14 18:00:00+00:00,83.35,83.37,83.105,83.175,2042.0,77.48972568293874,80.22793345505113,83.65847213232843,84.31171901162085,,,,83.44071128694995,"rgba(239, 83, 80, 1.0)",1.0251768118222362,83.44071128694995,-0.2591858144719969,4,0.3777555175054503,1.5110220700218011,0.0,0.0,0.0,0.0,41.11431125052207,-11.710853512656826,False,True,False,True,True,0.0
2025-08-14 19:00:00+00:00,83.175,83.4,83.1,83.265,2150.0,77.50013696543725,80.2354638721179,83.65616533882199,84.29577564367968,,,,83.43630074438546,"rgba(239, 83, 80, 1.0)",1.0191984441074124,83.43630074438546,-0.1680739853713993,4,0.3758156017314268,1.5032624069257072,0.0,0.0,0.0,0.0,41.68232481088553,-11.710853512656826,False,True,False,True,True,0.0
2025-08-15 14:00:00+00:00,83.365,83.47,83.09,83.47,1005.0,77.5050652512827,80.23907366850086,83.65533151396046,84.28910550778363,,,,83.43492587589618,"rgba(239, 83, 80, 1.0)",1.0029563641908672,83.43492587589618,0.03497073786665786,4,0.3748586598912132,1.4994346395648528,0.0,0.0,0.0,0.0,44.50008617357251,-9.234628890206373,False,False,False,True,True,0.0
2025-08-15 15:00:00+00:00,83.47,83.63,83.375,83.41,677.0,77.50845328999792,80.24160095164852,83.65500233411872,84.28526728763677,,,,83.43457460646854,"rgba(239, 83, 80, 1.0)",0.979507713273789,83.43457460646854,-0.02508873195741612,4,0.37354108651365,1.4941643460546,0.0,0.0,0.0,0.0,45.70291125621908,-8.014974026265563,False,False,False,True,True,0.0
2025-08-15 16:00:00+00:00,83.43,83.755,83.4,83.51,467.0,77.51082077307527,80.24338690732456,83.65487885061665,84.28290963244612,,,,83.43456961047062,"rgba(239, 83, 80, 1.0)",0.9622097081847606,83.43456961047062,0.07839287931493556,4,0.3725481102162217,1.4901924408648868,0.0,0.0,0.0,0.0,47.723667242674935,-6.036807167127591,False,False,False,False,True,0.0
2025-08-15 17:00:00+00:00,83.51,83.64,83.5,83.59,772.0,77.51474442300406,80.24635434985255,83.65471952411235,84.27916040901651,,,,83.43462519777421,"rgba(239, 83, 80, 1.0)",0.9610670355648055,83.43462519777421,0.1616690579075807,4,0.37196029330138186,1.4878411732055274,0.0,0.0,0.0,0.0,50.029710591183786,-3.8382062185609698,True,False,False,False,True,0.0
2025-08-15 18:00:00+00:00,83.595,83.62,83.155,83.315,1012.0,77.51969943934749,80.24998764859036,83.65394347787564,84.27283116170652,,,,83.43329911581532,"rgba(239, 83, 80, 1.0)",0.9637786323916532,83.43329911581532,-0.12274511162563842,4,0.3707628357884837,1.4830513431539347,0.0,0.0,0.0,0.0,48.153628631527766,-3.8382062185609698,True,False,False,False,False,0.0
2025-08-15 19:00:00+00:00,83.32,83.585,83.25,83.575,3770.0,77.53842027387796,80.26390971878972,83.65213640268472,84.2526807430783,,,,83.43067994815856,"rgba(239, 83, 80, 1.0)",0.962187878491505,83.43067994815856,0.14999155057711663,5,0.3208810946393153,1.6044054731965764,0.0,0.0,0.0,0.0,49.98314384749319,-3.8382062185609698,True,False,False,False,False,0.0
2025-08-18 14:00:00+00:00,82.89,83.19,82.69,83.145,963.0,77.5428126829293,80.26693735011997,83.65052486175877,84.2447537050635,,,,83.42757132575616,"rgba(239, 83, 80, 1.0)",0.965233025126709,83.42757132575616,-0.29274933451336477,6,0.29060363873447564,1.7436218324068538,0.0,0.0,0.0,0.0,46.97947249346807,-3.8382062185609698,True,False,False,True,False,0.0
2025-08-18 15:00:00+00:00,83.14,83.41,82.85,83.35,1279.0,77.54884327644379,80.27123345485417,83.6490430785014,84.2360163380257,,,,83.42489892524011,"rgba(239, 83, 80, 1.0)",0.9677971550566762,83.42489892524011,-0.07739114012557102,7,0.2895317526366314,2.0267222684564197,0.0,0.0,0.0,0.0,47.18932882229876,-3.8382062185609698,True,False,False,True,False,0.0
2025-08-18 16:00:00+00:00,83.35,83.71,83.31,83.415,2721.0,77.56225225794265,80.28118478310458,83.64784810940691,84.22272965041965,,,,83.42320579612182,"rgba(239, 83, 80, 1.0)",0.9689902564626628,83.42320579612182,-0.008468399003071125,7,0.28870424300343267,2.020929701024029,0.0,0.0,0.0,0.0,48.00264059631367,-3.8382062185609698,True,False,False,False,False,0.0
2025-08-18 17:00:00+00:00,83.42,83.75,83.42,83.625,1370.0,77.56911711234567,80.28635903479116,83.64767421034101,84.2172649810162,,,,83.42313860487741,"rgba(239, 83, 80, 1.0)",0.9695137027511677,83.42313860487741,0.20820891396354066,7,0.2883275692975307,2.0182929850827147,0.0,0.0,0.0,0.0,50.60878047148741,-3.5468315780023474,True,False,False,False,True,0.0
2025-08-18 18:00:00+00:00,83.59,83.77,83.49,83.665,2869.0,77.58354571213327,80.2972837119446,83.64763034849798,84.20690532351354,,,,83.42345738027309,"rgba(239, 83, 80, 1.0)",0.9674367684264235,83.42345738027309,0.24967277201981208,8,0.2787206746558496,2.229765397246797,0.0,0.0,0.0,0.0,52.724156700416756,-1.4955766788174856,True,False,True,False,True,0.0
2025-08-18 19:00:00+00:00,83.665,83.77,83.505,83.67,12250.0,77.64445597484021,80.34323171320943,83.64765160096708,84.1670435832906,,,,83.42391618181719,"rgba(239, 83, 80, 1.0)",0.9668114538987672,83.42391618181719,0.2545313434077063,8,0.2794996526727559,2.235997221382047,0.0,0.0,0.0,0.0,54.18600639244897,-0.05216027185559824,True,False,True,False,True,0.0
2025-08-19 14:00:00+00:00,83.455,83.82,83.41,83.6,1865.0,77.65356357871887,80.35003691793432,83.64747909849622,84.16105649076097,,,,83.51503358091887,"rgba(239, 83, 80, 1.0)",0.9632461867138007,83.51503358091887,0.08820841468472065,8,0.2798998319262861,2.2391986554102887,0.0,0.0,0.0,0.0,54.14014976043227,0.05512679705321233,True,False,True,False,True,0.0
2025-08-19 15:00:00+00:00,83.575,83.715,83.21,83.215,1124.0,77.6588277084056,80.3538362107755,83.64674256640664,84.1560296792541,,,,83.50940061516165,"rgba(239, 83, 80, 1.0)",0.9667115941731366,83.50940061516165,-0.3045382065717963,8,0.2793162264268779,2.2345298114150234,0.0,0.0,0.0,0.0,49.622414806441014,3.8977983780917143,True,False,False,False,False,0.0
2025-08-19 16:00:00+00:00,83.21,83.28,83.055,83.055,1093.0,77.66371410069418,80.35721713272527,83.64536259981837,84.14964830220745,,,,83.50183753930142,"rgba(239, 83, 80, 1.0)",0.9700051174763913,83.50183753930142,-0.4606548267125903,9,0.2801399422323551,2.521259480091196,0.0,0.0,0.0,0.0,45.19951845588329,-0.13199289098240996,True,False,False,True,False,0.0
2025-08-19 17:00:00+00:00,83.02,83.04,82.63,82.635,1698.0,77.67078682385929,80.36177020811724,83.64173910275282,84.13642960466497,,,,83.48649612285777,"rgba(239, 83, 80, 1.0)",0.9578899107327219,83.48649612285777,-0.8889290025055487,9,0.27713278514261996,2.49419506628358,0.0,0.0,0.0,0.0,39.397390532313146,-5.289060316171415,False,True,False,True,False,0.0
2025-08-19 18:00:00+00:00,82.635,82.72,82.525,82.65,890.0,77.67438696105846,80.3640146864887,83.63955647736073,84.1289195443551,,,,83.47909300789777,"rgba(239, 83, 80, 1.0)",0.9605533877995907,83.47909300789777,-0.8631409960429494,9,0.2758411154432927,2.4825700389896346,0.0,0.0,0.0,0.0,35.754893717022,-8.367010697030132,False,True,False,True,False,0.0
2025-08-19 19:00:00+00:00,82.64,82.67,82.46,82.52,1767.0,77.68140168897649,80.36829771934461,83.63490207668502,84.11342782155145,82.55,,,83.46814875210487,"rgba(239, 83, 80, 1.0)",0.964381013262496,83.46814875210487,-0.9831682074466483,9,0.2744970060756676,2.4704730546810088,0.0,0.0,0.0,0.0,32.53195645017621,-11.141468342592503,False,True,False,True,False,0.0
2025-08-20 14:00:00+00:00,83.33,83.58,83.19,83.275,800.0,77.6850906172699,80.37093887489307,83.63434890856736,84.11004418818492,82.79879885729126,,,83.48108559628754,"rgba(239, 83, 80, 1.0)",0.9570226116878012,83.48108559628754,-0.2153403626734428,9,0.2751539830729841,2.476385847656857,0.0,0.0,0.0,0.0,39.095738827695214,-17.921178566620107,False,True,False,True,True,0.0
2025-08-20 15:00:00+00:00,83.285,83.56,83.075,83.4,1619.0,77.692537025254,80.376263646903,83.63322297238291,84.10325774926214,83.01005056537664,,,83.49200019496972,"rgba(239, 83, 80, 1.0)",0.9538790553601193,83.49200019496972,-0.09644849045876243,9,0.27580318001620674,2.4822286201458605,0.0,0.0,0.0,0.0,44.45569958044342,-13.258356193107893,True,False,False,True,True,0.0
2025-08-20 16:00:00+00:00,83.395,83.625,83.255,83.525,1224.0,77.69827623410565,80.38044337000973,83.63273930801557,84.09902805293102,83.113735982748,,,83.49823662962248,"rgba(239, 83, 80, 1.0)",0.9515105250504281,83.49823662962248,0.02812724575600967,9,0.276545408385982,2.488908675473838,0.0,0.0,0.0,0.0,49.00019686108861,-9.305914972296208,True,False,False,False,True,0.0
2025-08-20 17:00:00+00:00,83.525,83.7,83.44,83.605,988.0,77.70299138026373,80.3839324917603,83.63261866907658,84.0962609352331,83.18599536313431,,,83.50326472384711,"rgba(239, 83, 80, 1.0)",0.9503964653995215,83.50326472384711,0.10704509102959174,9,0.2776140982848541,2.498526884563687,0.0,0.0,0.0,0.0,52.65443713504553,-6.06377013069303,True,False,True,False,True,0.0
2025-08-20 18:00:00+00:00,83.58,83.695,83.45,83.56,1541.0,77.71031395794111,80.38933674772974,83.63238269749316,84.09189330613194,83.26020909434436,,,83.50858465226482,"rgba(239, 83, 80, 1.0)",0.9517326920514912,83.50858465226482,0.0540228870612392,9,0.27934263940359116,2.5140837546323205,0.0,0.0,0.0,0.0,54.54067615662892,-4.281167797344828,True,False,True,False,True,0.0
2025-08-20 19:00:00+00:00,83.56,83.645,83.315,83.365,2892.0,77.72371094347778,80.39902742861541,83.6310778819221,84.08195206451079,83.30866032683963,,,83.51075144772626,"rgba(239, 83, 80, 1.0)",0.9542501985558618,83.51075144772626,-0.15273923751532428,9,0.28232806565565355,2.540952590900882,0.0,0.0,0.0,0.0,53.49938860783776,-4.281167797344828,True,False,True,False,True,0.0
2025-08-21 14:00:00+00:00,83.56,83.83,83.56,83.765,1991.0,77.73334227716742,80.40626669996718,83.63148694160907,84.07816460718047,83.37227434617583,,,83.51670339584096,"rgba(38, 166, 154, 1.0)",0.953930196514546,83.51670339584096,0.2602880221909939,10,0.272386072451323,2.72386072451323,0.0,0.0,0.0,0.0,56.27731782954687,-2.1775772519439442,True,False,True,False,True,1.0243168396412479
2025-08-21 15:00:00+00:00,83.795,84.36,83.71,84.18,3534.0,77.75139971949285,80.42044637826658,83.63521584635012,84.07825843341107,83.52591108257927,,,83.53522271095478,"rgba(38, 166, 154, 1.0)",0.9540270124807794,83.53522271095478,0.6758480426760589,11,0.27645132993401483,3.0409646292741632,0.0,0.0,0.0,0.0,60.675744967319545,2.2373030391022226,True,False,True,False,True,3.5216936057411914
2025-08-21 16:00:00+00:00,84.18,84.425,84.12,84.195,3260.0,77.76839363386088,80.43400900298477,83.6398354998621,84.08103202790042,83.64569407626426,,,83.55227352007712,"rgba(38, 166, 154, 1.0)",0.9535269994820277,83.55227352007712,0.6740516841914398,11,0.28397242907819875,3.1236967198601864,0.0,0.0,0.0,0.0,63.690181772211155,5.298363858728393,True,False,True,False,True,3.6105821941290763
2025-08-21 17:00:00+00:00,84.2,84.515,84.09,84.45,5909.0,77.79946640408293,80.45901909275825,83.64945193698492,84.0888768757573,83.80912569376427,,,83.58012928798883,"rgba(38, 166, 154, 1.0)",0.9549914248955765,83.58012928798883,0.9108675631368037,11,0.2893911015351848,3.1833021168870332,0.0,0.0,0.0,0.0,67.04983367749782,8.687562659455821,True,False,True,False,True,5.118089314292185
2025-08-21 18:00:00+00:00,84.425,84.685,84.41,84.59,3357.0,77.81755065357528,80.47384489051038,83.65639979883004,84.09653659607737,83.89659470719941,,,83.59732859880378,"rgba(38, 166, 154, 1.0)",0.9574085565455368,83.59732859880378,1.0368315536868769,11,0.28962464348961886,3.1858710783858073,0.0,0.0,0.0,0.0,69.95679833546005,11.657231705425595,True,False,True,False,True,5.935131537051678
2025-08-21 19:00:00+00:00,84.625,84.67,84.335,84.415,5090.0,77.84443011614363,80.49563962781484,83.66572633987147,84.10557057375324,83.98300703520546,,,83.61734630079668,"rgba(38, 166, 154, 1.0)",0.9571089773881876,83.61734630079668,0.8333990361055907,11,0.28965216470661015,3.1861738117727114,0.0,0.0,0.0,0.0,69.44719100660649,11.657231705425595,True,False,True,False,True,4.745884855542833
2025-08-22 14:00:00+00:00,85.11,86.33,85.11,86.185,1183.0,77.85196067714695,80.50244411024414,83.67157288805176,84.11537582579558,84.04667444175793,,,83.63076662798493,"rgba(38, 166, 154, 1.0)",0.9893921602930369,83.63076662798493,2.5816187701129216,11,0.28181139533602584,3.099925348696284,0.0,0.0,0.0,0.0,74.62638916580167,16.65472977007444,True,False,True,False,True,13.997020718167747
2025-08-22 15:00:00+00:00,86.18,86.265,85.88,86.08,3395.0,77.87403061903451,80.52259991967014,83.68968838180999,84.14605199130686,84.22530389105059,,,83.67048198399164,"rgba(38, 166, 154, 1.0)",1.016297032200793,83.67048198399164,2.3708797129816936,11,0.275116918978355,3.026286108761905,0.0,0.0,0.0,0.0,77.12128123969833,19.223321888357006,True,False,True,False,True,13.293234633851423
2025-08-22 16:00:00+00:00,86.03,86.735,86.03,86.68,2606.0,77.89172737043435,80.53909880458482,83.70574893292336,84.17378370435844,84.36817689603784,,,83.70410143325365,"rgba(38, 166, 154, 1.0)",1.0557452216209469,83.70410143325365,2.818765840282263,11,0.26442963149295284,2.9087259464224813,0.0,0.0,0.0,0.0,79.84931099384293,22.041635069547766,True,False,True,False,True,16.013155369186286
2025-08-22 17:00:00+00:00,86.69,86.99,86.66,86.8,2460.0,77.90901492561603,80.55546300799877,83.72255034333065,84.2030773580485,84.50627495261676,,,83.73807521459726,"rgba(38, 166, 154, 1.0)",1.066599222249572,83.73807521459726,2.870736000486491,11,0.25435298027545666,2.7978827830300235,0.0,0.0,0.0,0.0,81.85719033636896,24.218814908102544,True,False,True,False,True,16.539043420863262
2025-08-22 18:00:00+00:00,86.805,87.21,86.755,87.17,1623.0,77.92067529888104,80.56660478096619,83.73434687414317,84.22370867532932,84.5973545686981,,,83.7612985899373,"rgba(38, 166, 154, 1.0)",1.1083459716150412,83.7612985899373,3.0754849995941873,11,0.2430428918052498,2.6734718098577477,0.0,0.0,0.0,0.0,83.75214839552483,26.338164495931892,True,False,True,False,True,18.134129884626493
2025-08-22 19:00:00+00:00,87.17,87.36,86.97,87.26,5838.0,77.96306630423156,80.60729873788674,83.77800822623033,84.29936648605293,84.89445079650984,,,83.84287081101581,"rgba(38, 166, 154, 1.0)",1.1467285940757606,83.84287081101581,2.979893591768614,11,0.2331929191723491,2.56512211089584,0.0,0.0,0.0,0.0,85.1455107749282,28.032360571729654,True,False,True,False,True,18.51664929172586
2025-08-25 14:00:00+00:00,87.69,87.76,87.28,87.38,1262.0,77.97245213096518,80.61639656642363,83.78805428338775,84.31673169603827,84.95663291235981,,,83.86094079889284,"rgba(38, 166, 154, 1.0)",1.1960013031429464,83.86094079889284,2.942353985618154,11,0.2238435124673387,2.4622786371407255,0.0,0.0,0.0,0.0,86.2549151811028,29.50788411110716,True,False,True,False,True,19.02889499840196
2025-08-25 15:00:00+00:00,87.375,87.755,87.37,87.73,815.0,77.97859601874728,80.6223831179436,83.79476717839323,84.32835604947871,84.99744425004076,,,83.87292763417814,"rgba(38, 166, 154, 1.0)",1.2609408470750483,83.87292763417814,3.0588844629539547,10,0.22614984160474308,2.2614984160474307,0.0,0.0,0.0,0.0,87.48759912553902,31.121497149149434,True,False,True,False,True,20.0
2025-08-25 16:00:00+00:00,87.73,87.97,87.67,87.83,1227.0,77.98802741935738,80.63164025382596,83.80536880470015,84.3467841033288,85.06120486321815,,,83.8917715106746,"rgba(38, 166, 154, 1.0)",1.3208903631088698,83.8917715106746,2.981495360490265,10,0.2166486387657868,2.166486387657868,0.0,0.0,0.0,0.0,88.44206556565126,32.47895564421391,True,False,True,False,True,20.0
2025-08-25 17:00:00+00:00,87.83,88.02,87.775,87.97,1054.0,77.99619548540576,80.63968167220303,83.81465299830803,84.3629028152686,85.1155915636932,,,83.90810404832834,"rgba(38, 166, 154, 1.0)",1.380918166288112,83.90810404832834,2.941445808182809,10,0.20811153083026607,2.081115308302661,0.0,0.0,0.0,0.0,89.26727767343112,33.71808585324271,True,False,True,False,True,20.0
2025-08-25 18:00:00+00:00,87.97,88.01,87.825,87.87,1082.0,78.00454971120347,80.64789565988853,83.82409416654211,84.37920708019116,85.16893008593283,,,83.92448567341809,"rgba(38, 166, 154, 1.0)",1.4365336375784734,83.92448567341809,2.74655199389049,9,0.17903365332545565,1.611302879929101,0.0,0.0,0.0,0.0,88.45158637337059,33.71808585324271,True,False,True,False,True,20.0
2025-08-25 19:00:00+00:00,87.86,87.9,87.61,87.79,2684.0,78.02493057943127,80.6678134955384,83.84655744108143,84.41748458771706,85.28670385635377,,,83.962403101202,"rgba(38, 166, 154, 1.0)",1.4855594299193748,83.962403101202,2.576535695381598,8,0.18368683039329714,1.4694946431463771,0.0,0.0,0.0,0.0,86.77969980452005,33.71808585324271,True,False,True,False,False,20.0
2025-08-26 14:00:00+00:00,86.965,87.46,86.94,87.385,1802.0,78.0378594672243,80.6801767729844,83.8595714803317,84.43889952742877,85.34504333120228,,,83.98322766243763,"rgba(38, 166, 154, 1.0)",1.5228343269673013,83.98322766243763,2.2338426953751096,8,0.18069275333567109,1.4455420266853687,0.0,0.0,0.0,0.0,80.61243165714174,35.69054842879093,True,False,True,False,False,17.14132879780422
2025-08-26 15:00:00+00:00,87.39,87.39,86.985,87.2,3241.0,78.06084617001787,80.7020612854822,83.88225355322326,84.47567950144976,85.43820232239585,,,84.01847853072422,"rgba(38, 166, 154, 1.0)",1.5560601756592978,84.01847853072422,2.044600536047893,8,0.17846418695642058,1.4277134956513646,0.0,0.0,0.0,0.0,74.55755272716007,30.186636734729973,True,False,True,False,False,15.80640742175963
2025-08-26 16:00:00+00:00,87.23,87.61,87.1,87.38,908.0,78.0673861344359,80.70832759377468,83.88887966388903,84.48644839917091,85.46503218115585,,,84.02871338736088,"rgba(38, 166, 154, 1.0)",1.5929062198471724,84.02871338736088,2.1038819303252176,7,0.18648762262774965,1.3054133583942475,0.0,0.0,0.0,0.0,71.59090449799585,27.644108999168637,True,False,True,False,False,16.645767441743335
2025-08-26 17:00:00+00:00,87.385,87.47,87.305,87.375,1009.0,78.0746583959613,80.71529799532213,83.89625550693046,84.49840386878104,85.49428757122774,,,84.04002684697632,"rgba(38, 166, 154, 1.0)",1.6258252873133252,84.04002684697632,2.051249404869771,6,0.19771769371315492,1.1863061622789295,0.0,0.0,0.0,0.0,69.55483484075381,25.840955243509725,True,False,True,False,False,16.60894751692192
2025-08-26 18:00:00+00:00,87.375,87.5,87.31,87.4,1090.0,78.08251856126314,80.7228341603521,83.90423405701516,84.51129747492641,85.52522926548798,,,84.05217258679582,"rgba(38, 166, 154, 1.0)",1.657413389636618,84.05217258679582,2.0199109251423297,6,0.19460106416790493,1.1676063850074296,0.0,0.0,0.0,0.0,68.36732414398612,24.669816977321773,True,False,True,False,False,16.728393460459703
2025-08-26 19:00:00+00:00,87.405,87.855,87.285,87.77,2691.0,78.10235156164624,80.74201428457053,83.92508018291944,84.5451736429987,85.60646626252226,,,84.0839022930494,"rgba(38, 166, 154, 1.0)",1.697283608785302,84.0839022930494,2.171762979310586,6,0.19046406402229596,1.1427843841337757,0.0,0.0,0.0,0.0,69.81238494683006,24.669816977321773,True,False,True,False,False,18.474634228299568
2025-08-27 14:00:00+00:00,87.955,88.56,87.93,88.445,2341.0,78.12075492527264,80.7602385222788,83.94629028660184,84.5803573760985,85.69407848318413,,,84.1167061602181,"rgba(38, 166, 154, 1.0)",1.7530605592297563,84.1167061602181,2.468992766390009,6,0.1850005613069011,1.1100033678414065,0.0,0.0,0.0,0.0,73.3984692524516,24.669816977321773,True,False,True,False,True,20.0
2025-08-27 15:00:00+00:00,88.44,88.985,88.38,88.93,729.0,78.12672662359569,80.76623536236596,83.95353497220991,84.59249483431343,85.72474059058781,,,84.12798718947667,"rgba(38, 166, 154, 1.0)",1.8218544334219502,84.12798718947667,2.6357829266874075,6,0.1788824627471042,1.0732947764826253,0.0,0.0,0.0,0.0,77.01300964323516,20.617209869346368,True,False,True,False,True,20.0
2025-08-27 16:00:00+00:00,88.935,89.13,88.71,88.97,2657.0,78.14878548922147,80.78848376664199,83.98069197799028,84.63793850272644,85.83752241120315,,,84.16997961894354,"rgba(38, 166, 154, 1.0)",1.8888183230952393,84.16997961894354,2.5412821986979557,6,0.17316300191868542,1.0389780115121126,0.0,0.0,0.0,0.0,79.51320959827044,23.03222491276857,True,False,True,False,True,20.0
2025-08-27 17:00:00+00:00,88.96,89.49,88.96,89.465,1279.0,78.15973335195217,80.7996325110088,83.99462302833416,84.66132189333814,85.89515748730742,,,84.19147236333788,"rgba(38, 166, 154, 1.0)",1.9651300371898413,84.19147236333788,2.683551488634986,6,0.16681523383685692,1.0008914030211415,0.0,0.0,0.0,0.0,82.17873872371916,25.635922169660148,True,False,True,False,True,20.0
2025-08-27 18:00:00+00:00,89.465,89.71,89.39,89.675,2322.0,78.18006398026648,80.82047809650429,84.02108443637258,84.70576458873586,86.00343671418356,,,84.23211670521577,"rgba(38, 166, 154, 1.0)",2.041976005983352,84.23211670521577,2.665498163952764,6,0.16089983954494272,0.9653990372696564,0.0,0.0,0.0,0.0,84.30770425884111,27.77413141755568,True,False,True,False,True,20.0
2025-08-27 19:00:00+00:00,89.675,89.84,89.57,89.79,5645.0,78.22979921066093,80.8715576643107,84.08599269708608,84.8135769187424,86.25139368780543,,,84.32948555302167,"rgba(38, 166, 154, 1.0)",2.118326921404883,84.32948555302167,2.5777486901582223,6,0.15540810710759467,0.932448642645568,0.0,0.0,0.0,0.0,85.91568407992095,29.48857214635403,True,False,True,False,True,20.0
2025-08-28 14:00:00+00:00,89.605,89.785,89.435,89.625,1401.0,78.24195016438019,80.88397618094176,84.10154129256166,84.83899538496031,86.3059885768571,,,84.35218120952621,"rgba(38, 166, 154, 1.0)",2.1816647561233786,84.35218120952621,2.4168785674674944,6,0.1511441535488878,0.9068649212933269,0.0,0.0,0.0,0.0,84.78942417924173,29.48857214635403,True,False,True,False,True,20.0
2025-08-28 15:00:00+00:00,89.59,90.225,89.59,90.2,804.0,78.24915031547715,80.89140457496416,84.1110532111673,84.85464251360604,86.3401254591368,,,84.36614831737457,"rgba(38, 166, 154, 1.0)",2.2562528390844587,84.36614831737457,2.5856373813994598,6,0.14604845432393418,0.876290725943605,0.0,0.0,0.0,0.0,85.34743158543981,29.48857214635403,True,False,True,False,True,20.0
2025-08-28 16:00:00+00:00,90.22,90.295,90.12,90.235,881.0,78.25717179298344,80.89971924169438,84.12181401379816,84.87237989388984,86.3789344818051,,,84.38196624055729,"rgba(38, 166, 154, 1.0)",2.3266941188143666,84.38196624055729,2.5156008742676024,5,0.15015730999193053,0.7507865499596527,0.0,0.0,0.0,0.0,85.78785802917582,30.30402136630663,True,False,True,False,True,20.0
2025-08-28 17:00:00+00:00,90.19,90.51,90.115,90.51,590.0,78.26261025102461,80.90537571181491,84.12918986180826,84.8845503908206,86.40556975313517,,,84.39280889191157,"rgba(38, 166, 154, 1.0)",2.402928163046001,84.39280889191157,2.5457236725438173,5,0.14524615475952335,0.7262307737976168,0.0,0.0,0.0,0.0,86.60670239248302,31.517513630090008,True,False,True,False,True,20.0
2025-08-28 18:00:00+00:00,90.505,90.625,90.36,90.42,665.0,78.26877968211888,80.91180363240633,84.13760192817952,84.89842731698444,86.43583928998235,,,84.40515786940702,"rgba(38, 166, 154, 1.0)",2.4709772896100586,84.40515786940702,2.43419563420681,5,0.14124680485682473,0.7062340242841236,0.0,0.0,0.0,0.0,85.92593744111957,31.517513630090008,True,False,True,False,True,20.0
2025-08-28 19:00:00+00:00,90.43,90.545,90.39,90.405,2924.0,78.29578474102938,80.93990107421554,84.17420066937407,84.95840030042463,86.5630649273161,,,84.45828424252073,"rgba(38, 166, 154, 1.0)",2.5322279689019758,84.45828424252073,2.3484124772770287,5,0.13745225969598274,0.6872612984799137,0.0,0.0,0.0,0.0,85.25339665567314,31.517513630090008,True,False,True,False,True,20.0
2025-08-29 14:00:00+00:00,90.955,90.975,90.295,90.575,1158.0,78.3065942554455,80.95117908189617,84.18896370031534,84.98251222711389,86.61333535108957,,,84.47956262844077,"rgba(38, 166, 154, 1.0)",2.5941696444425366,84.47956262844077,2.349667988991168,5,0.133813991736875,0.669069958684375,0.0,0.0,0.0,0.0,85.28787418384823,31.517513630090008,True,False,True,False,True,20.0
2025-08-29 15:00:00+00:00,90.53,91.1,90.465,91.03,2812.0,78.3332960238974,80.9791622709237,84.22591677935844,85.04277817246924,86.73767940717627,,,84.53258901549029,"rgba(38, 166, 154, 1.0)",2.6622492725498486,84.53258901549029,2.440571982309765,5,0.1298781627250945,0.6493908136254725,0.0,0.0,0.0,0.0,86.35171429456712,32.73638119151731,True,False,True,False,True,20.0
2025-08-29 16:00:00+00:00,91.03,91.205,90.93,90.93,2671.0,78.3588697334921,81.0060153385391,84.26145948780814,85.10039961945586,86.8534698765107,,,84.97662897944643,"rgba(38, 166, 154, 1.0)",2.7211020836331357,84.97662897944643,2.187852876362804,5,0.12645891695020123,0.6322945847510062,1.0,0.0,91.205,649.0,85.58379501550255,32.73638119151731,True,False,True,False,True,20.0
2025-08-29 17:00:00+00:00,90.965,91.06,90.77,90.875,684.0,78.36534027127276,81.01278678096759,84.27034117945372,85.11468192294356,86.88129728824345,,,84.98749005790191,"rgba(38, 166, 154, 1.0)",2.7740550294306314,84.98749005790191,2.1223479273612282,4,0.12956110767941256,0.5182444307176503,0.0,0.0,0.0,0.0,84.22973787092158,32.73638119151731,True,False,True,False,False,20.0
2025-08-29 18:00:00+00:00,90.86,90.905,90.71,90.815,1536.0,78.37974023190607,81.02781846498591,84.28992519538691,85.14599560196204,86.94102044384621,,,85.01097051252384,"rgba(38, 166, 154, 1.0)",2.8134657348978944,85.01097051252384,2.0629465699488234,4,0.12670178818237915,0.5068071527295166,0.0,0.0,0.0,0.0,82.36026230463261,35.49137882937927,True,False,True,False,False,20.0
2025-08-29 19:00:00+00:00,90.815,90.84,90.485,90.84,7289.0,78.44714021061549,81.09788771222792,84.38004571292365,85.28777203919215,87.19540178159326,,,85.12314369991665,"rgba(38, 166, 154, 1.0)",2.854854056635439,85.12314369991665,2.0025038711859398,3,0.1327577788365659,0.39827333650969765,0.0,0.0,0.0,0.0,81.2308386980493,34.31861712138746,True,False,True,False,False,20.0
2025-09-01 14:00:00+00:00,90.84,90.84,90.84,90.84,0.0,78.44714021061549,81.09788771222792,84.38004571292365,85.28777203919215,87.19540178159326,,,85.12314369991665,"rgba(38, 166, 154, 1.0)",2.891431013582975,85.12314369991665,1.9771719516140875,3,0.13014097278953782,0.3904229183686134,0.0,0.0,0.0,0.0,80.47788962699377,33.489715435602534,True,False,True,False,False,20.0
2025-09-01 15:00:00+00:00,90.84,90.84,90.84,90.84,0.0,78.44714021061549,81.09788771222792,84.38004571292365,85.28777203919215,87.19540178159326,,,85.12314369991665,"rgba(38, 166, 154, 1.0)",2.923558896554816,85.12314369991665,1.9554442042608462,3,0.12772817672089765,0.38318453016269294,0.0,0.0,0.0,0.0,79.97592357962341,32.86886328719804,True,False,True,False,False,20.0
2025-09-01 16:00:00+00:00,90.84,90.84,90.84,90.84,0.0,78.44714021061549,81.09788771222792,84.38004571292365,85.28777203919215,87.19540178159326,,,85.12314369991665,"rgba(38, 166, 154, 1.0)",2.953720439113298,85.12314369991665,1.9354764331723762,3,0.12551587558321428,0.3765476267496428,0.0,0.0,0.0,0.0,79.64127954804317,32.375878965811,False,False,True,False,False,20.0
2025-09-01 17:00:00+00:00,90.84,90.84,90.84,90.84,0.0,78.44714021061549,81.09788771222792,84.38004571292365,85.28777203919215,87.19540178159326,,,85.12314369991665,"rgba(38, 166, 154, 1.0)",2.981685462653874,85.12314369991665,1.9173237323949706,3,0.12347430631979649,0.37042291895938945,0.0,0.0,0.0,0.0,79.41818352698968,31.96437078467578,False,False,True,False,False,20.0
2025-09-01 18:00:00+00:00,90.84,90.84,90.84,90.84,0.0,78.44714021061549,81.09788771222792,84.38004571292365,85.28777203919215,87.19540178159326,,,85.12314369991665,"rgba(38, 166, 154, 1.0)",3.0055506728135732,85.12314369991665,1.9020994561145277,2,0.13303157637037594,0.2660631527407519,0.0,0.0,0.0,0.0,79.26945284628735,31.608081899283945,False,False,True,False,False,20.0
2025-09-01 19:00:00+00:00,90.84,90.84,90.84,90.84,0.0,78.44714021061549,81.09788771222792,84.38004571292365,85.28777203919215,87.19540178159326,,,85.12314369991665,"rgba(38, 166, 154, 1.0)",3.0221911656023264,85.12314369991665,1.891626302515504,2,0.13105573189417574,0.2621114637883515,0.0,0.0,0.0,0.0,79.17029905915246,31.29246107774138,False,False,True,False,False,20.0
2025-09-02 14:00:00+00:00,90.21,90.705,89.765,89.925,1785.0,78.46274571370567,81.11385028519278,84.39971406430801,85.31774819344913,87.24299959133631,,,85.14360491657635,"rgba(239, 83, 80, 1.0)",3.022641583805046,85.14360491657635,1.5818597577171545,2,0.12982356357071456,0.2596471271414291,0.0,0.0,0.0,0.0,63.89094173699387,17.317614105034195,False,True,True,False,False,20.0
2025-09-02 15:00:00+00:00,89.925,89.96,89.22,89.27,2296.0,78.48164561927413,81.13282956704104,84.42197678802586,85.35064453440737,87.28875851414303,,,85.16179548882543,"rgba(239, 83, 80, 1.0)",3.0093528636005806,85.16179548882543,1.3651454971814925,1,0.15840909916212223,0.15840909916212223,0.0,0.0,0.0,0.0,50.17592311681336,5.671917075799016,False,True,False,True,False,14.704373212438117
2025-09-02 16:00:00+00:00,89.245,89.515,88.92,89.44,3097.0,78.50659428179378,81.1577096792299,84.45057362703626,85.39218276872882,87.34246047892785,,,85.18560804953492,"rgba(239, 83, 80, 1.0)",2.997171875661393,85.18560804953492,1.4194687949039462,1,0.15734003717452844,0.15734003717452844,0.0,0.0,0.0,0.0,43.21795944199659,0.5142758283095148,False,True,False,True,False,15.59170487900067
2025-09-02 17:00:00+00:00,89.45,89.56,89.23,89.415,2524.0,78.52704850028825,81.1781472812559,84.47415626700386,85.42633044605961,87.38649460880663,,,85.20799498514313,"rgba(239, 83, 80, 1.0)",2.9856451986556705,85.20799498514313,1.4090773467494193,1,0.1563400073144342,0.1563400073144342,0.0,0.0,0.0,0.0,38.44408109907002,-2.9218609822874697,False,True,False,True,False,15.39208876340906
2025-09-02 18:00:00+00:00,89.415,89.475,87.83,88.02,5382.0,78.56658042964662,81.21634222868815,84.51404728055543,85.48011363535936,87.432509939445,,,85.233327541266,"rgba(239, 83, 80, 1.0)",2.9599309752732075,85.233327541266,0.9414653524063302,1,0.15660692126732476,0.15660692126732476,0.0,0.0,0.0,0.0,30.782548486093187,-9.306448070021382,False,True,False,True,False,5.315476846902193
2025-09-02 19:00:00+00:00,88.06,89.32,88.06,89.145,4986.0,78.60439549067645,81.25330931080433,84.55398544192782,85.53475753060822,87.48722999740393,,,85.2694049388368,"rgba(239, 83, 80, 1.0)",2.9423107637763337,85.2694049388368,1.3171943320456847,1,0.15642998824919568,0.15642998824919568,0.0,0.0,0.0,0.0,34.036032097952116,-9.306448070021382,False,True,False,True,False,11.170860296141054
2025-09-03 14:00:00+00:00,88.315,88.565,87.97,88.12,877.0,78.61061486817098,81.25924343473012,84.55992396747668,85.54240861326666,87.49218971665492,,,85.27351813429604,"rgba(239, 83, 80, 1.0)",2.916751864908104,85.27351813429604,0.9759081325876332,1,0.15663808688155204,0.15663808688155204,0.0,0.0,0.0,0.0,33.05347346825208,-9.306448070021382,False,True,False,True,False,4.926938516738339
2025-09-03 15:00:00+00:00,88.11,88.16,87.305,87.61,1619.0,78.6214469185757,81.26934464301597,84.56926549477464,85.55366152796373,87.49465696685408,,,85.27772312900902,"rgba(239, 83, 80, 1.0)",2.883239071000533,85.27772312900902,0.8089085967406932,1,0.15716504911676457,0.15716504911676457,0.0,0.0,0.0,0.0,31.201913005943823,-9.306448070021382,False,True,False,True,False,2.0908480297029044
2025-09-03 16:00:00+00:00,87.62,87.62,86.92,87.045,2436.0,78.63680677097699,81.28331284777633,84.58099739241815,85.56649065642466,87.48918217932179,,,85.46373960343183,"rgba(239, 83, 80, 1.0)",2.852520432849397,85.46373960343183,0.5543379736595401,1,0.15787706940636428,0.15787706940636428,0.0,0.0,0.0,0.0,28.81441194786998,-10.814720913787944,False,True,False,True,False,0.0
2025-09-03 17:00:00+00:00,87.045,88.34,86.985,88.29,1932.0,78.64990973987332,81.2956070339331,84.59261710199335,85.58069264007142,87.49464527393344,,,85.48555038326131,"rgba(239, 83, 80, 1.0)",2.8150143023661593,85.48555038326131,0.9962470223975113,1,0.158268765668581,0.158268765668581,0.0,0.0,0.0,0.0,33.24193743959237,-10.814720913787944,False,True,False,True,True,5.172854670394063
2025-09-03 18:00:00+00:00,88.33,88.51,87.87,87.9,2651.0,78.66825934710737,81.31296818671404,84.60949706068523,85.60175572321951,87.5061532465649,,,85.50888521253623,"rgba(239, 83, 80, 1.0)",2.777948466888508,85.50888521253623,0.8607484321485595,1,0.15864339563952273,0.15864339563952273,0.0,0.0,0.0,0.0,35.108922059685284,-10.814720913787944,False,True,False,True,True,3.178803843160999
2025-09-03 19:00:00+00:00,87.9,88.17,87.595,88.17,2322.0,78.68407781428283,81.32784537582816,84.62366532031662,85.61907855484367,87.51397145546466,,,85.52182667955556,"rgba(239, 83, 80, 1.0)",2.741150031555924,85.52182667955556,0.9660811301675792,1,0.15897036503607848,0.15897036503607848,0.0,0.0,0.0,0.0,37.51120130662845,-10.814720913787944,False,True,False,True,True,4.418942145467067
2025-09-04 14:00:00+00:00,87.44,87.76,87.43,87.74,2321.0,78.699267862765,81.34190419740209,84.63630647757192,85.63372028001811,87.51607760817816,,,85.52750378017865,"rgba(239, 83, 80, 1.0)",2.7054268484725283,85.52750378017865,0.8177993136537814,2,0.12991725418836692,0.25983450837673383,0.0,0.0,0.0,0.0,37.8101547857449,-10.814720913787944,False,True,False,True,True,2.2512305094535954
2025-09-04 15:00:00+00:00,87.73,88.18,87.67,88.15,2848.0,78.71857716764629,81.36004147995114,84.65349678826347,85.654537389981,87.52555597201398,,,85.54251330716855,"rgba(239, 83, 80, 1.0)",2.669755535929311,85.54251330716855,0.9766762004011809,2,0.1302778198342928,0.2605556396685856,0.0,0.0,0.0,0.0,39.859871652882674,-18.567205526427703,False,True,False,True,True,4.133187252918184
2025-09-04 16:00:00+00:00,88.11,88.18,87.93,87.97,730.0,78.72352781374141,81.3646931398741,84.6579096454239,85.65987439207055,87.52805919371907,,,85.54636984639676,"rgba(239, 83, 80, 1.0)",2.6318792706921594,85.54636984639676,0.9208743655501529,2,0.13077498368313029,0.26154996736626057,0.0,0.0,0.0,0.0,40.60186397302539,-17.225751942184225,False,True,False,True,True,3.226617737949134
2025-09-04 17:00:00+00:00,87.97,88.05,87.825,87.975,540.0,78.72715639685018,81.36809036816962,84.66109240788784,85.66367950043383,87.5296126041979,,,85.54891836918874,"rgba(239, 83, 80, 1.0)",2.5907139229629825,85.54891836918874,0.936452924928338,2,0.13136230775354713,0.26272461550709425,0.0,0.0,0.0,0.0,41.12220157529899,-16.06068825450511,False,True,False,True,True,3.249916684554073
2025-09-04 18:00:00+00:00,87.975,88.02,87.695,87.725,298.0,78.72912796069807,81.36992473797098,84.66277331124024,85.6656487498719,87.5301878676954,,,85.55005083704258,"rgba(239, 83, 80, 1.0)",2.538553535787199,85.55005083704258,0.8567671046901801,2,0.13202421820407007,0.26404843640814013,0.0,0.0,0.0,0.0,40.49081428541217,-16.055273985528913,False,True,False,True,True,1.9750441962150767
2025-09-04 19:00:00+00:00,87.725,88.04,87.35,87.46,7794.0,78.77928103964709,81.41608034782932,84.70340334826932,85.7113002285641,87.53454287492676,,,85.57195912438428,"rgba(239, 83, 80, 1.0)",2.480032978929964,85.57195912438428,0.7612966809942704,1,0.10275432157795143,0.10275432157795143,0.0,0.0,0.0,0.0,39.06768472837663,-16.055273985528913,False,True,False,True,True,0.64205697729248
2025-09-05 14:00:00+00:00,87.84,87.84,86.765,86.765,396.0,78.78167272142953,81.41822210302908,84.705093347818,85.71297693584015,87.53349341127236,,,85.57211646423427,"rgba(239, 83, 80, 1.0)",2.40969450233806,85.57211646423427,0.49503517338331005,1,0.10346875273572126,0.10346875273572126,0.0,0.0,0.0,0.0,35.892149933909,-16.055273985528913,False,True,False,True,False,0.0
2025-09-05 15:00:00+00:00,86.765,87.26,86.665,87.09,1252.0,78.78911815008438,81.42484271735003,84.71016028229771,85.71780935267559,87.52926319344992,87.005,,85.73639440437465,"rgba(239, 83, 80, 1.0)",2.334613371545339,85.73639440437465,0.5797986133906909,2,0.10213632472716005,0.2042726494543201,0.0,-1.0,86.665,800.0,35.852347135145365,-16.055273985528913,False,True,False,True,False,0.0
2025-09-05 16:00:00+00:00,87.15,87.435,87.15,87.4,1081.0,78.79578839960789,81.43087696297954,84.7151311186048,85.72299356109221,87.527884086681,87.15481711673097,,85.74547621577996,"rgba(239, 83, 80, 1.0)",2.2500193532709476,85.74547621577996,0.7353375791256176,2,0.10291556498964685,0.2058311299792937,0.0,0.0,0.0,0.0,37.68156234989536,-16.055273985528913,False,True,False,True,False,0.4028388208329865
2025-09-05 17:00:00+00:00,87.4,87.4,86.7,86.96,431.0,78.79834895832207,81.4331538023851,84.71687453163474,85.72465602391843,87.52649802441616,87.13379462132175,,85.74441912355468,"rgba(239, 83, 80, 1.0)",2.1862582560543724,85.74441912355468,0.5560097363058667,2,0.1036916398478481,0.2073832796956962,0.0,0.0,0.0,0.0,37.22565004930567,-16.055273985528913,False,True,False,True,False,0.0
2025-09-05 18:00:00+00:00,86.96,87.365,86.895,87.325,771.0,78.80302288464114,81.43734956714255,84.72022316201988,85.72801967707638,87.52488752292072,87.1471438000943,,85.74580012806774,"rgba(239, 83, 80, 1.0)",2.121096123651526,85.74580012806774,0.7445206534127383,2,0.10443655259199797,0.20887310518399593,0.0,0.0,0.0,0.0,39.0849592807716,-15.437384009215819,False,True,False,True,True,0.06984403535635764
2025-09-05 19:00:00+00:00,87.37,87.39,87.19,87.3,2842.0,78.82040805014265,81.45302627431039,84.73297621497443,85.74110897792372,87.52081377689458,87.212295227641,,85.75343028207166,"rgba(239, 83, 80, 1.0)",2.056444217532682,85.75343028207166,0.7520601360069503,2,0.10524172904786304,0.21048345809572608,0.0,0.0,0.0,0.0,40.21333976082984,-14.099669867328359,False,True,False,True,True,0.0
2025-09-08 14:00:00+00:00,86.79,87.09,86.74,87.025,2490.0,78.83496967591662,81.46589300291642,84.74256902770834,85.74991349673002,87.51217409107626,87.1391064245705,,85.75010612414151,"rgba(239, 83, 80, 1.0)",1.9926941177337403,85.75010612414151,0.639784031333626,2,0.10623287693937267,0.21246575387874533,0.0,0.0,0.0,0.0,39.72073685599447,-14.099669867328359,False,True,False,True,True,0.0
2025-09-08 15:00:00+00:00,87.025,87.305,86.7,86.88,3587.0,78.8558808897491,81.4843564247785,84.75630505334281,85.76247783841701,87.50039331495819,87.08800024088647,,85.74909709064028,"rgba(239, 83, 80, 1.0)",1.9255358842268455,85.74909709064028,0.587318532271242,2,0.1071831630513074,0.2143663261026148,0.0,0.0,0.0,0.0,38.75222993992876,-14.099669867328359,False,True,False,True,True,0.0
2025-09-08 16:00:00+00:00,86.89,87.03,86.675,86.775,2754.0,78.87159687921735,81.49810083942818,84.76609779674652,85.77088275049852,87.48950277432127,87.04067563124673,,85.74693374163596,"rgba(239, 83, 80, 1.0)",1.8491766685082272,85.74693374163596,0.5559589172155268,2,0.10827914761787402,0.21655829523574804,0.0,0.0,0.0,0.0,37.63018456904949,-14.099669867328359,False,True,False,True,False,0.0
2025-09-08 17:00:00+00:00,86.78,87.045,86.78,86.915,2261.0,78.88459332540403,81.50951475170726,84.77440378427825,85.77824281468776,87.48195659771498,87.02419380998722,,85.74745016427332,"rgba(239, 83, 80, 1.0)",1.7811401677861143,85.74745016427332,0.655506993128961,2,0.10937972245085463,0.21875944490170926,0.0,0.0,0.0,0.0,38.06726445143841,-14.099669867328359,False,True,False,True,False,0.0
2025-09-08 18:00:00+00:00,86.91,87.39,86.88,87.3,1471.0,78.89331683799873,81.51729368118225,84.78046774588994,85.78413531765173,87.47948986429564,87.0370713657163,,85.75073789246427,"rgba(239, 83, 80, 1.0)",1.719890560630067,85.75073789246427,0.9007910985732523,2,0.11040991214340909,0.22081982428681818,0.0,0.0,0.0,0.0,41.31934094881838,-12.14266365730817,False,True,False,True,True,0.10795416321208151
2025-09-08 19:00:00+00:00,87.295,87.56,87.185,87.56,5781.0,78.92843042888155,81.54897090396845,84.8064003922775,85.81077785160143,87.4780600846837,87.13012688267735,,85.77156568034694,"rgba(239, 83, 80, 1.0)",1.6538806399420278,85.77156568034694,1.081356342447876,2,0.11151770316222037,0.22303540632444074,0.0,0.0,0.0,0.0,45.218247486962326,-8.52487193070884,False,False,False,True,True,1.401331716799998
2025-09-09 14:00:00+00:00,89.22,90.02,89.11,90.015,1066.0,78.93660077185584,81.55702339743891,84.81522690264454,85.8223619519201,87.4912381160277,87.2369820710694,,85.78902585344505,"rgba(38, 166, 154, 1.0)",1.6005822786206707,85.78902585344505,2.640272982527804,2,0.11194230108338646,0.22388460216677292,0.0,0.0,0.0,0.0,55.865730029962315,1.0276736553094352,True,False,True,False,True,11.90076362487423
2025-09-09 15:00:00+00:00,90.015,90.46,89.76,89.93,1215.0,78.94618700861426,81.56655817613701,84.82593369010006,85.83661075696548,87.50830439452658,87.36355850183936,,85.8104670343649,"rgba(38, 166, 154, 1.0)",1.545605298497218,85.8104670343649,2.6653201626835115,2,0.11243373658318556,0.22486747316637112,0.0,0.0,0.0,0.0,62.45932211869125,6.454669137683297,True,False,True,False,True,11.464973473340951
2025-09-09 16:00:00+00:00,89.93,90.37,89.745,90.365,853.0,78.9529737980567,81.57332599019978,84.83358206755737,85.84681665721125,87.52066320072413,87.44919356189793,,85.8255562534559,"rgba(38, 166, 154, 1.0)",1.484914493854114,85.8255562534559,3.0570404998619902,2,0.11297177708235462,0.22594355416470924,0.0,0.0,0.0,0.0,67.67911028237411,10.646042776170944,True,False,True,False,True,13.086352185216409
2025-09-09 17:00:00+00:00,90.365,90.695,90.325,90.55,1162.0,78.96250520710011,81.58291770116644,84.84467416822416,85.86180702257704,87.5396070803539,87.5722989971396,,85.84778042188285,"rgba(38, 166, 154, 1.0)",1.4755498654431813,85.84778042188285,3.186757484949409,2,0.11332357001651247,0.22664714003302494,0.0,0.0,0.0,0.0,71.4968076260707,13.705107789621067,True,False,True,False,True,13.764510113362125
2025-09-09 18:00:00+00:00,90.555,90.615,90.165,90.19,1447.0,78.97414746900603,81.59456668327648,84.85794212896718,85.87954505697607,87.56130667248473,87.70296951593137,,85.8729336800437,"rgba(38, 166, 154, 1.0)",1.4556925908044338,85.8729336800437,2.965644221332907,1,0.11661390091661697,0.11661390091661697,0.0,0.0,0.0,0.0,71.61350078472182,13.705107789621067,True,False,True,False,True,11.875022378973657
2025-09-09 19:00:00+00:00,90.195,90.31,89.335,89.49,7058.0,79.0275521141999,81.64699377572798,84.9146075458861,85.95244597209793,87.64007337499002,88.0808114350692,,85.96332509632106,"rgba(38, 166, 154, 1.0)",1.439424991554032,85.96332509632106,2.45005813041461,1,0.1178420135577292,0.1178420135577292,0.0,0.0,0.0,0.0,67.67667141419366,13.705107789621067,True,False,True,False,False,8.354530166717534
2025-09-10 14:00:00+00:00,91.635,91.745,90.78,90.84,1331.0,79.0388849451919,81.65851999428452,84.92824301715936,85.97092418370516,87.66395788341568,88.18498301289476,,85.98778636733307,"rgba(38, 166, 154, 1.0)",1.4420472246782474,85.98778636733307,3.3648091058526655,1,0.1184495353061959,0.1184495353061959,0.0,0.0,0.0,0.0,68.62566194611324,13.705107789621067,True,False,True,False,False,13.276811834192674
2025-09-10 15:00:00+00:00,90.84,91.485,90.685,91.485,2088.0,79.05676243130044,81.67672942833202,84.94984529319595,86.00018615801932,87.70180258874919,88.33968454605407,,86.02582374024203,"rgba(38, 166, 154, 1.0)",1.4629627688588391,86.02582374024203,3.731589330886603,1,0.11856334136254167,0.11856334136254167,0.0,0.0,0.0,0.0,70.49022864078894,13.705107789621067,True,False,True,False,False,15.42207736286657
2025-09-10 16:00:00+00:00,91.5,91.57,91.16,91.34,1494.0,79.06966703815752,81.68990435416097,84.96555034795148,86.02147386668439,87.72943616448796,88.44590279250617,,86.05307855591596,"rgba(38, 166, 154, 1.0)",1.4793603286508863,86.05307855591596,3.5737888475794746,2,0.10956218954372388,0.21912437908744775,0.0,0.0,0.0,0.0,70.97290378252468,13.705107789621067,True,False,True,False,False,14.706855879185063
2025-09-10 17:00:00+00:00,91.34,91.385,91.065,91.28,625.0,79.07500780092708,81.6953408258013,84.9719814799942,86.03014114106138,87.74051547743962,88.4865064638489,,86.0639516016537,"rgba(38, 166, 154, 1.0)",1.4940481769203593,86.0639516016537,3.4912183414981977,2,0.10998858531252499,0.21997717062504998,0.0,0.0,0.0,0.0,70.95644065129719,14.047826204139213,True,False,True,False,False,14.408248298024713
2025-09-10 18:00:00+00:00,91.275,91.39,91.01,91.185,3125.0,79.1015356859526,81.72229350443246,85.00369419231538,86.07265166699588,87.79413016702338,88.66977034390675,,86.11599502678095,"rgba(38, 166, 154, 1.0)",1.5093696763298017,86.11599502678095,3.3583588253507877,2,0.11064124436060553,0.22128248872121106,0.0,0.0,0.0,0.0,70.36602124186417,14.047826204139213,True,False,True,False,False,13.92998211038893
2025-09-10 19:00:00+00:00,91.19,91.435,91.02,91.435,5102.0,79.14495950477978,81.76643912350625,85.05561963199447,86.14192016414701,87.8806879517819,88.931092414582,,86.19792837379181,"rgba(38, 166, 154, 1.0)",1.5292731536198838,86.19792837379181,3.4245495082495365,1,0.10211070705026459,0.10211070705026459,0.0,0.0,0.0,0.0,70.66731610690387,14.916901060589197,True,False,True,False,False,14.794783820908993
2025-09-11 14:00:00+00:00,91.59,91.675,91.09,91.26,838.0,79.15208858961284,81.77368517060276,85.06412743353117,86.1532200035441,87.89467952954566,88.96984658673061,,86.21098257535716,"rgba(38, 166, 154, 1.0)",1.5453892480317277,86.21098257535716,3.2671493159884997,1,0.103369306335919,0.103369306335919,0.0,0.0,0.0,0.0,69.66651894048876,14.916901060589197,True,False,True,False,False,13.895615908497795
2025-09-11 15:00:00+00:00,91.26,92.16,91.155,92.065,612.0,79.157482491967,81.77921958880127,85.07077223310438,86.16215710363765,87.90615603099548,89.00261246057478,,86.59593876985255,"rgba(38, 166, 154, 1.0)",1.5766160649379344,86.59593876985255,3.4688605246216,1,0.10468950318171484,0.10468950318171484,0.0,0.0,0.0,0.0,71.23537456803587,16.368315805565317,True,False,True,False,False,16.638743935276324
2025-09-11 16:00:00+00:00,92.07,92.16,91.655,91.665,881.0,79.16525962803607,81.78720237553071,85.08036201002709,86.17504868150489,87.92269945844625,89.04901463438893,,86.97539456730762,"rgba(38, 166, 154, 1.0)",1.5953063107846732,86.97539456730762,2.9396269550176495,1,0.10650454548361173,0.10650454548361173,0.0,0.0,0.0,0.0,69.70502708915281,16.368315805565317,True,False,True,False,False,14.599278936601966
2025-09-11 17:00:00+00:00,91.65,91.86,91.41,91.56,904.0,79.17309349044632,81.79520389752187,85.08985876374304,86.18771116614948,87.93859617873069,89.09147695731386,,86.97977563851654,"rgba(38, 166, 154, 1.0)",1.604383584024994,86.97977563851654,2.854818764720112,1,0.10881721433040697,0.10881721433040697,0.0,0.0,0.0,0.0,68.0233560749125,16.368315805565317,True,False,True,False,False,14.06831673498234
2025-09-11 18:00:00+00:00,91.555,91.61,91.38,91.57,1764.0,79.18824114083851,81.81063717935687,85.1080560212496,86.21184337927424,87.96847367383933,89.16758672967818,,86.99593985024742,"rgba(38, 166, 154, 1.0)",1.6085350562021479,86.99593985024742,2.8436185659218465,1,0.11053049660594577,0.11053049660594577,0.0,0.0,0.0,0.0,66.93970252936126,16.368315805565317,True,False,True,False,False,14.103386822982383
2025-09-11 19:00:00+00:00,91.57,91.83,91.48,91.83,2909.0,79.21353036007122,81.83648603152444,85.13873914140451,86.25259827002982,88.01929401144804,89.29269149984513,,87.04259568219527,"rgba(38, 166, 154, 1.0)",1.6187510979521709,87.04259568219527,2.9574678428704186,1,0.11214462006545277,0.11214462006545277,0.0,0.0,0.0,0.0,67.21655227884527,16.368315805565317,True,False,True,False,False,15.019296208514497
2025-09-12 14:00:00+00:00,92.07,92.07,91.515,91.655,2241.0,79.23299459757139,81.85637421318037,85.16230159449974,86.28377425559893,88.05785837950135,89.3822051131801,,87.07702029110277,"rgba(38, 166, 154, 1.0)",1.623244448795314,87.07702029110277,2.820265125375766,1,0.11398228934651428,0.11398228934651428,0.0,0.0,0.0,0.0,66.03357188368615,19.75762815396567,True,False,True,False,False,14.098909405369575
2025-09-12 15:00:00+00:00,91.655,91.725,91.47,91.67,2495.0,79.25437819730546,81.87814420128896,85.18784348545942,86.31728542276325,88.0984421521866,89.46960334840166,,87.10960954487248,"rgba(38, 166, 154, 1.0)",1.626402756986169,87.10960954487248,2.8039736378572186,1,0.11596645520628385,0.11596645520628385,0.0,0.0,0.0,0.0,65.31520528154252,18.82927316001131,True,False,True,False,False,14.153321917551047
2025-09-12 16:00:00+00:00,91.675,91.68,91.3,91.33,1277.0,79.26513100261619,81.88903823698378,85.20046477499497,86.33368241960915,88.11778631889106,89.50812530671084,,87.12345349773537,"rgba(38, 166, 154, 1.0)",1.6279322816130326,87.12345349773537,2.583981256331242,1,0.11855156499346119,0.11855156499346119,0.0,0.0,0.0,0.0,62.091332352651634,15.652832238111912,True,False,True,False,False,12.348270407592945
2025-09-12 17:00:00+00:00,91.32,91.5,91.085,91.465,1828.0,79.28038106976908,81.9044485209709,85.21819357024616,86.35657688472989,88.14437716771675,89.558351259025,,87.141971082642,"rgba(38, 166, 154, 1.0)",1.6382497857056706,87.141971082642,2.638809389800025,1,0.12170018153195711,0.12170018153195711,0.0,0.0,0.0,0.0,60.74714744762287,14.330962312642157,True,False,True,False,False,12.858030530425019
2025-09-12 18:00:00+00:00,91.465,91.54,90.94,91.235,2078.0,79.29751012577398,81.92169910298364,85.23785847752085,86.3817735790007,88.17304355903535,89.60886204917479,,87.16132808669957,"rgba(38, 166, 154, 1.0)",1.647821042830051,87.16132808669957,2.472156749682053,0,,,0.0,0.0,0.0,0.0,58.02217908819924,11.749419781477883,True,False,True,False,False,11.63261825688058
2025-09-12 19:00:00+00:00,91.24,91.32,90.85,91.015,5961.0,79.34565278441409,81.96990088924831,85.29192337681489,86.45005363895584,88.24783142010402,89.7242156066156,,87.51767036544848,"rgba(38, 166, 154, 1.0)",1.654279645086792,87.51767036544848,2.1141102986659983,0,,,0.0,0.0,0.0,0.0,54.58799902962401,8.601360631115021,False,False,True,False,False,10.46908556886352
2025-09-15 14:00:00+00:00,91.235,91.88,91.065,91.88,1495.0,79.35822556265674,81.98263219424648,85.3065954249514,86.46885973597358,88.2695112355833,89.76100228549039,,87.54141375904621,"rgba(38, 166, 154, 1.0)",1.674595427812699,87.54141375904621,2.590826517794035,0,,,0.0,0.0,0.0,0.0,57.35086486436633,8.601360631115021,True,False,True,False,True,13.768518228024096
2025-09-15 15:00:00+00:00,91.89,92.485,91.87,92.425,1726.0,79.37347947019323,81.99828118103277,85.32519291848811,86.49313328605957,88.29901343556354,89.81609156278736,,87.58016972947799,"rgba(38, 166, 154, 1.0)",1.7049275512347493,87.58016972947799,2.8416634284625575,0,,,0.0,0.0,0.0,0.0,61.3022127169109,6.576059593152266,True,False,True,False,True,15.717258880907902
2025-09-15 16:00:00+00:00,92.365,92.555,92.235,92.455,1313.0,79.3851985469139,82.01033310657839,85.3395886105639,86.51195543521851,88.32203265139799,89.85895564571844,,87.60902953407796,"rgba(38, 166, 154, 1.0)",1.734571824520043,87.60902953407796,2.793756013685348,0,,,0.0,0.0,0.0,0.0,64.04367479907822,8.967511498231033,True,False,True,False,True,15.823045457666254
2025-09-15 17:00:00+00:00,92.44,92.89,92.435,92.755,1277.0,79.3968191626386,82.02234071424404,85.35408220318365,86.53100484825374,88.34568082327189,89.90370381359773,,87.63895828554288,"rgba(38, 166, 154, 1.0)",1.7694444005084984,87.63895828554288,2.89132662941366,0,,,0.0,0.0,0.0,0.0,66.939519552398,11.552811794916053,True,False,True,False,True,16.88130469473134
2025-09-15 18:00:00+00:00,92.75,93.03,92.65,92.79,2334.0,79.41821319331657,82.04448418027934,85.38089196015322,86.5662482901778,88.38952118570596,89.98558815989745,,87.69194865869729,"rgba(38, 166, 154, 1.0)",1.8029772100124357,87.69194865869729,2.827573922172626,0,,,0.0,0.0,0.0,0.0,68.99383263594656,13.418413428162793,True,False,True,False,True,17.004772130888473
2025-09-15 19:00:00+00:00,92.775,93.09,92.66,92.955,2808.0,79.44401172447705,82.07119735219186,85.41322922424776,86.60865375263991,88.4420523828872,90.0807705243254,,87.75137519867278,"rgba(38, 166, 154, 1.0)",1.8388262340208599,87.75137519867278,2.829862172429824,0,,,0.0,0.0,0.0,0.0,70.96715939336603,15.296648949958495,True,False,True,False,True,17.591454372260596
2025-09-16 14:00:00+00:00,94.54,94.775,94.245,94.44,2462.0,79.46920480773743,82.09792289517456,85.44730684878989,86.65461722909455,88.50313014219614,90.20335292123403,,87.83167300323989,"rgba(38, 166, 154, 1.0)",1.9127666321832435,87.83167300323989,3.4548527173005565,0,,,0.0,0.0,0.0,0.0,75.67281582674573,19.697701766937328,True,False,True,False,True,20.0
2025-09-16 15:00:00+00:00,94.44,95.33,94.36,95.285,2862.0,79.49936640349132,82.13010679155822,85.48879593472353,86.71078078046267,88.57846071519357,90.35336774235923,,87.92754619086259,"rgba(38, 166, 154, 1.0)",2.0109681635867376,87.92754619086259,3.658662500163478,0,,,0.0,0.0,0.0,0.0,79.83439766915758,23.48718367300377,True,False,True,False,True,20.0
2025-09-16 16:00:00+00:00,95.275,95.665,94.875,95.54,2587.0,79.52717499064721,82.15988948370814,85.52743093042211,86.76312989603728,88.64888877960787,90.49124612780633,,88.01383805895159,"rgba(38, 166, 154, 1.0)",2.1114203771427174,88.01383805895159,3.5645018976435208,0,,,0.0,0.0,0.0,0.0,82.86687245594175,26.2321555816946,True,False,True,False,True,20.0
2025-09-16 17:00:00+00:00,95.48,96.09,95.48,95.975,2578.0,79.55564172925938,82.19052851288464,85.56752907826646,86.81759797321125,88.72263359172918,90.63433564380713,95.84833333333331,88.63285097884753,"rgba(38, 166, 154, 1.0)",2.219790057844528,88.63285097884753,3.3075871275330773,0,,,0.0,0.0,0.0,0.0,85.29983087431901,28.503204991224294,True,False,True,False,True,20.0
2025-09-16 18:00:00+00:00,95.97,96.04,95.41,95.42,1983.0,79.57716943559154,82.21361619528787,85.5974908382254,86.85801968023948,88.77657931358014,90.73477404399324,95.75050939121536,88.68762056412004,"rgba(38, 166, 154, 1.0)",2.301167884061301,88.68762056412004,2.925635927091975,0,,,0.0,0.0,0.0,0.0,82.77584718866673,28.503204991224294,True,False,True,False,True,20.0
2025-09-16 19:00:00+00:00,95.36,95.505,95.07,95.23,5417.0,79.63438957867993,82.27462365132223,85.67556914731365,86.96217592158635,88.91231227556888,90.97110006062532,95.48873872519543,88.81267116223685,"rgba(38, 166, 154, 1.0)",2.3732156938917894,88.81267116223685,2.704064722932748,0,,,0.0,0.0,0.0,0.0,79.78614140201766,28.503204991224294,True,False,True,False,False,20.0
2025-09-17 14:00:00+00:00,95.21,95.49,94.54,94.655,2288.0,79.6578585721372,82.29948522160845,85.70690120590618,87.00345522085381,88.96468416937992,91.05563358598937,95.377987526496,88.85626359099524,"rgba(38, 166, 154, 1.0)",2.427039521277396,88.85626359099524,2.3892220782431997,0,,,0.0,0.0,0.0,0.0,74.1868676364867,31.476502520051966,True,False,True,False,False,19.601692909068944
2025-09-17 15:00:00+00:00,94.655,94.695,94.245,94.54,984.0,79.6676642120281,82.30980732779783,85.719724575538,87.02017950329676,88.9854203179177,91.08719182938549,95.31228943396226,88.8712714890367,"rgba(38, 166, 154, 1.0)",2.4761428392491722,88.8712714890367,2.2893382486295515,0,,,0.0,0.0,0.0,0.0,69.78367579745986,27.434047860870464,True,False,True,False,False,18.994910988449774
2025-09-17 16:00:00+00:00,94.535,94.675,94.46,94.505,877.0,79.6764240694905,82.31903249982021,85.7311913120418,87.0351282962976,89.00394865073635,91.11526688937008,95.26475979802271,88.88525076107838,"rgba(38, 166, 154, 1.0)",2.5224576300703454,88.88525076107838,2.2278864754469203,0,,,0.0,0.0,0.0,0.0,66.62842557096225,24.51917956958721,False,False,True,False,False,18.80805029249183
2025-09-17 17:00:00+00:00,94.51,94.875,94.4,94.875,506.0,79.68153125333443,82.32442270607157,85.73792101891284,87.04392086027146,89.01490898727008,91.13205121946726,95.24580707988792,88.8941342807328,"rgba(38, 166, 154, 1.0)",2.5753156160997333,88.8941342807328,2.3223816459145725,0,,,0.0,0.0,0.0,0.0,66.03214961588108,23.82074548860635,False,False,True,False,False,19.987774363238042
2025-09-17 18:00:00+00:00,94.875,95.09,93.95,94.37,1523.0,79.6966305110039,82.34029596706422,85.7575611426822,87.06941748105396,89.04622971008207,91.17822675870839,95.17267300074276,88.91755973560295,"rgba(38, 166, 154, 1.0)",2.6151640638946008,88.91755973560295,2.0849323909250557,0,,,0.0,0.0,0.0,0.0,62.41622002038682,20.189483817176693,False,True,True,False,False,17.28928204958102
2025-09-17 19:00:00+00:00,94.37,94.88,94.37,94.52,2122.0,79.7177874798999,82.36256128832396,85.78515381825751,87.10522278836392,89.09022640601486,91.24274267713449,95.10502708173762,88.95240344889433,"rgba(38, 166, 154, 1.0)",2.656573607739487,88.95240344889433,2.0957810221728455,0,,,0.0,0.0,0.0,0.0,60.713698665285705,18.33647151711544,False,True,True,False,False,17.78195677154778
2025-09-18 14:00:00+00:00,94.505,94.56,93.56,93.615,485.0,79.72239446664422,82.3673571615102,85.79095215957892,87.11262122957527,89.09895613851701,91.25422808231738,95.07418021283023,88.95768840671887,"rgba(239, 83, 80, 1.0)",2.6804539416557795,88.95768840671887,1.7375085320078998,0,,,0.0,0.0,0.0,0.0,54.92871112754223,12.728757614298644,False,True,True,False,False,13.149058891547497
2025-09-18 15:00:00+00:00,93.64,94.12,93.28,94.12,1242.0,79.73411900983906,82.37954428162477,85.80563233041747,87.13129527855874,89.12083722891923,91.28241323223104,94.99755677747231,88.97072723287174,"rgba(239, 83, 80, 1.0)",2.7118779969377234,88.97072723287174,1.8987848173637867,0,,,0.0,0.0,0.0,0.0,53.574710256691496,11.311610097415794,False,True,True,False,False,14.858982446529843
2025-09-18 16:00:00+00:00,94.13,94.13,93.8,93.805,773.0,79.74144336643333,82.38716362810126,85.81482327692005,87.14298904300911,89.13455924401248,91.30012998654661,94.95715861327687,88.97940148790313,"rgba(239, 83, 80, 1.0)",2.737060527890831,88.97940148790313,1.7630587496782408,0,,,0.0,0.0,0.0,0.0,51.22910732412505,8.850677611016472,False,True,False,False,False,13.30513126186256
2025-09-18 17:00:00+00:00,93.805,93.85,93.64,93.83,904.0,79.7499158583682,82.39595465542257,85.82536221895398,87.15633503372956,89.15004552197007,91.31946709507788,94.90780071026659,88.98869576911486,"rgba(239, 83, 80, 1.0)",2.760511116012095,88.98869576911486,1.7537709603136882,0,,,0.0,0.0,0.0,0.0,49.79975799330929,7.185589487353589,False,True,False,False,False,13.391407776270068
2025-09-18 18:00:00+00:00,93.855,94.19,93.835,94.115,1383.0,79.76311012030875,82.40969999638872,85.84198412327139,87.17748809825062,89.17492731205235,91.35170289049947,94.85616626923911,89.00586248015003,"rgba(239, 83, 80, 1.0)",2.7836150858103013,89.00586248015003,1.8354324726483198,0,,,0.0,0.0,0.0,0.0,50.4065211860387,7.185589487353589,False,True,False,False,False,14.377586312633628
2025-09-18 19:00:00+00:00,94.115,94.265,93.97,94.03,4518.0,79.80616930647025,82.45453823122433,85.89609278459316,87.24610870336018,89.25515821785946,91.45344657757443,94.73039789000471,89.06322864701588,"rgba(239, 83, 80, 1.0)",2.804876453415317,89.06322864701588,1.770762967807872,0,,,0.0,0.0,0.0,0.0,50.316544533500306,6.798932804379085,False,True,False,False,False,13.94429463615494
2025-09-19 14:00:00+00:00,93.47,93.47,92.58,92.725,1839.0,79.82220043218302,82.47087550752136,85.91481555083689,87.26896841275016,89.27938885797204,91.47538371122153,94.61755285160764,89.07255087115495,"rgba(239, 83, 80, 1.0)",2.8087032803630043,89.07255087115495,1.3004040527816085,0,,,0.0,0.0,0.0,0.0,44.7128985495344,1.1649552766117282,False,True,False,True,False,7.665966877980686
2025-09-19 15:00:00+00:00,92.725,92.74,92.365,92.58,2163.0,79.8404844298349,82.4893604256104,85.93557493371225,87.29390906014483,89.3046823044329,91.4941022832287,94.47676191230015,89.07938935505179,"rgba(239, 83, 80, 1.0)",2.795897971756709,89.07938935505179,1.2520523568135495,0,,,0.0,0.0,0.0,0.0,40.532477634020445,-2.8749180044668634,False,True,False,True,False,7.009636972618413
2025-09-19 16:00:00+00:00,92.535,92.75,92.05,92.07,7316.0,79.90062761283865,82.54971098960823,86.00199942513711,87.37229003781296,89.38051661319518,91.5379353733815,94.06550384308888,89.09748908100133,"rgba(239, 83, 80, 1.0)",2.791303276605179,89.09748908100133,1.064918650693476,0,,,0.0,0.0,0.0,0.0,36.28604277356934,-6.870463067294722,False,True,False,True,False,4.737501790133681
2025-09-19 17:00:00+00:00,92.215,92.23,91.795,92.06,5009.0,79.94060881467276,82.58950542232567,86.04482323855682,87.42177060459666,89.42578052282094,91.55575489605776,93.83311515979656,89.10751391555085,"rgba(239, 83, 80, 1.0)",2.7743132451089276,89.10751391555085,1.0642223222825817,0,,,0.0,0.0,0.0,0.0,33.427356454707656,-9.556451050156802,False,True,False,True,False,4.693324917115689
2025-09-19 18:00:00+00:00,92.075,92.075,91.78,91.995,4295.0,79.97446082050656,82.62308130398391,86.08058665324276,87.46266075385694,89.46224614989617,91.56766734203812,93.66533215779832,89.11686804427535,"rgba(239, 83, 80, 1.0)",2.7478944388115996,89.11686804427535,1.0473953857446503,0,,,0.0,0.0,0.0,0.0,31.32372888434361,-11.61983662825012,False,True,False,True,False,4.4015495622805645
2025-09-19 19:00:00+00:00,91.995,92.24,91.79,91.91,7213.0,80.03102569227708,82.67910940837902,86.13998478956184,87.5301429334758,89.52188262331113,91.5875804057839,93.4459756156243,89.13744208637297,"rgba(239, 83, 80, 1.0)",2.7089153808388766,89.13744208637297,1.0234937323027198,0,,,0.0,0.0,0.0,0.0,29.645196532377682,-13.387018249462443,False,True,False,True,False,4.015521777174101
2025-09-22 14:00:00+00:00,91.65,92.06,91.58,92.05,586.0,80.03556585917946,82.68359127968633,86.14468982398397,87.53543587563665,89.52644372302174,91.5887883617997,93.42976436206939,89.42663814458473,"rgba(239, 83, 80, 1.0)",2.690420480215922,89.42663814458473,0.9750750392759158,0,,,0.0,0.0,0.0,0.0,29.84243730546243,-13.5055003401133,False,True,False,True,False,4.590831661709572
2025-09-22 15:00:00+00:00,92.055,92.635,92.035,92.585,248.0,80.03757071006459,82.68559405713354,86.14685909733961,87.53793950627237,89.52879242739324,91.59015813197861,93.42530523359171,89.43557861113834,"rgba(239, 83, 80, 1.0)",2.6675806986460073,89.43557861113834,1.1806283462990328,0,,,0.0,0.0,0.0,0.0,34.3270041257274,-13.5055003401133,False,True,False,True,True,6.747852943177449
2025-09-22 16:00:00+00:00,92.59,92.825,92.535,92.675,365.0,80.04058215788697,82.68861889778759,86.15018129821969,87.54181567454332,89.53255267347025,91.59279624635793,93.42048963503309,89.44730000582102,"rgba(239, 83, 80, 1.0)",2.648163424437299,89.44730000582102,1.2188447149423272,0,,,0.0,0.0,0.0,0.0,37.963418156820374,-18.7547015946302,False,True,False,True,True,7.104900688570826
2025-09-22 17:00:00+00:00,92.675,93.165,92.675,93.075,536.0,80.04510443356568,82.6931878720809,86.15527274579733,87.54782167586359,89.53857170689443,91.5976877994864,93.416280422725,89.46249547289167,"rgba(239, 83, 80, 1.0)",2.622768364132997,89.46249547289167,1.3773631619590265,0,,,0.0,0.0,0.0,0.0,43.05437526140163,-13.958992749308287,False,True,False,True,True,8.678363975951864
2025-09-22 18:00:00+00:00,93.045,93.25,92.905,93.2,1024.0,80.05383314326676,82.70202977324892,86.16518742882255,87.55956824393985,89.55050113902627,91.60792433625215,93.41103611965785,89.48274632678623,"rgba(239, 83, 80, 1.0)",2.6037030663389147,89.48274632678623,1.427679569637191,0,,,0.0,0.0,0.0,0.0,47.20979259377369,-10.127541315671017,False,True,False,False,True,9.164882907885637
2025-09-22 19:00:00+00:00,93.2,93.55,92.68,92.685,5676.0,80.1014647219918,82.75008317567098,86.21848769157971,87.62209663017708,89.6125499111696,91.65698006447306,93.37197983388931,89.53256289416781,"rgba(239, 83, 80, 1.0)",2.5755886443432487,89.53256289416781,1.2239676210546557,0,,,0.0,0.0,0.0,0.0,46.56344426918254,-10.127541315671017,False,True,False,True,True,6.646885509898038
2025-09-23 14:00:00+00:00,94.065,94.755,94.045,94.51,3974.0,80.13837734010747,82.78824434193452,86.26329958621652,87.67677764630815,89.67303973537791,91.72526681544122,93.43436008767405,90.01037179774079,"rgba(38, 166, 154, 1.0)",2.5651899320308518,90.01037179774079,1.7541111268501188,0,,,0.0,0.0,0.0,0.0,53.86688663602616,-3.872865595759677,False,False,True,False,True,13.319579981731657
2025-09-23 15:00:00+00:00,94.53,94.565,94.22,94.275,1870.0,80.15558034821541,82.80598746197671,86.28400428326583,87.70189232374352,89.70049315140106,91.75529984233296,93.45901652868848,90.03785657539325,"rgba(38, 166, 154, 1.0)",2.543274954758251,90.03785657539325,1.666018617719418,0,,,0.0,0.0,0.0,0.0,57.415161261067524,-0.6411490934355157,False,False,True,False,True,12.201060338014212
2025-09-23 16:00:00+00:00,94.275,94.285,94.09,94.27,748.0,80.16238296610285,82.81298463519315,86.29211504956338,87.71167753956487,89.71106073787556,91.76649226810393,93.46704372205268,90.04696343595359,"rgba(38, 166, 154, 1.0)",2.5120930184486503,90.04696343595359,1.681082879110248,0,,,0.0,0.0,0.0,0.0,59.75093584161989,1.5807032447027325,False,False,True,False,True,12.177090502294014
2025-09-23 17:00:00+00:00,94.27,94.27,93.695,93.76,801.0,80.16950148117786,82.82026681350044,86.30044666326155,87.72163095870722,89.72155558989307,91.77687828798013,93.47200502484353,90.05328876788805,"rgba(38, 166, 154, 1.0)",2.4530365866616513,90.05328876788805,1.5110705043158108,0,,,0.0,0.0,0.0,0.0,58.3667818997406,1.5807032447027325,False,False,True,False,True,9.752328994044458
2025-09-23 18:00:00+00:00,93.76,94.03,93.6,93.66,2305.0,80.1897292614965,82.84089582108281,86.32386575306289,87.74942872303617,89.75042954682102,91.80421591338784,93.48113490412551,90.06918396703183,"rgba(38, 166, 154, 1.0)",2.3970606005121566,90.06918396703183,1.4980080320876947,0,,,0.0,0.0,0.0,0.0,56.90048074726034,1.5807032447027325,False,False,True,False,True,9.28328684544029
2025-09-23 19:00:00+00:00,93.665,93.95,93.36,93.405,5995.0,80.24131932449414,82.89325156720342,86.38254134470914,87.81827692358267,89.82013405385885,91.86529247485372,93.48795784828906,90.10671609077625,"rgba(38, 166, 154, 1.0)",2.342779338100845,90.10671609077625,1.407850861403568,0,,,0.0,0.0,0.0,0.0,54.526877712035315,1.5807032447027325,False,False,True,False,False,8.08680424060735
2025-09-24 14:00:00+00:00,94.165,94.295,93.86,94.02,6248.0,80.29661251379737,82.94973803404551,86.44676238779459,87.89424365236943,89.89920394429727,91.94152844311654,93.52949578836129,90.17404185766699,"rgba(38, 166, 154, 1.0)",2.2773241607945436,90.17404185766699,1.688805752182058,0,,,0.0,0.0,0.0,0.0,55.856207997275774,1.5807032447027325,False,False,True,False,False,10.345574404985765
2025-09-24 15:00:00+00:00,94.06,94.355,93.96,94.25,5467.0,80.34508591313141,82.99926985493629,86.50302546493552,87.96058344740274,89.96809686590431,92.00785286177104,93.56896352220556,90.23365324430176,"rgba(38, 166, 154, 1.0)",2.219866944719328,90.23365324430176,1.8092736437435664,0,,,0.0,0.0,0.0,0.0,57.68539548519625,1.5807032447027325,False,False,True,False,False,11.16786679922533
2025-09-24 16:00:00+00:00,94.25,94.3,93.91,94.065,1127.0,80.35496699904672,83.00933866394973,86.51437774435735,87.9738760692064,89.98170560863973,92.0204568223249,93.5753397446999,90.24472593736142,"rgba(38, 166, 154, 1.0)",2.1539494795295604,90.24472593736142,1.7736135870154917,0,,,0.0,0.0,0.0,0.0,57.71644163132271,1.5807032447027325,False,False,True,False,False,10.277679879700862
2025-09-24 17:00:00+00:00,94.055,94.47,94.055,94.18,2676.0,80.37861650515318,83.03348169493819,86.54170485027251,88.00594303974725,90.0147762278196,92.05181144391005,93.59390882282814,90.27297726055089,"rgba(38, 166, 154, 1.0)",2.073921564973709,90.27297726055089,1.8838816305469333,0,,,0.0,0.0,0.0,0.0,58.28681456716581,2.326961679609724,False,False,True,False,False,10.699039933215762
2025-09-24 18:00:00+00:00,94.19,94.19,93.965,94.035,2447.0,80.39990471434649,83.05513100792797,86.56597082305522,88.0341794744796,90.04335793322443,92.07752151997909,93.60568884536104,90.29554399605681,"rgba(38, 166, 154, 1.0)",1.9789681131332486,90.29554399605681,1.8895989172976648,0,,,0.0,0.0,0.0,0.0,57.62722397771891,2.326961679609724,False,False,True,False,False,9.987176360550688
2025-09-24 19:00:00+00:00,94.035,94.15,93.81,93.82,5449.0,80.44660055248085,83.10244113553686,86.61847316834573,88.09471648167664,90.10346123657789,92.12869492311623,93.62267610398861,90.34007970357857,"rgba(38, 166, 154, 1.0)",1.867861191962038,90.34007970357857,1.8630508045226044,0,,,0.0,0.0,0.0,0.0,55.676313691204975,2.326961679609724,False,False,True,False,False,8.932317368452129
2025-09-25 14:00:00+00:00,93.525,93.9,93.365,93.835,404.0,80.44999184327091,83.10585930443544,86.62221618433335,88.09898280497292,90.10758361302851,92.13191234632349,93.6229783257872,90.34281302614195,"rgba(38, 166, 154, 1.0)",1.7510459756997987,90.34281302614195,1.99434339378919,0,,,0.0,0.0,0.0,0.0,54.47665373342181,2.326961679609724,False,False,True,False,False,8.990644849679818
2025-09-25 15:00:00+00:00,93.815,93.99,93.525,93.535,683.0,80.45571398710473,83.11162394502527,86.62852023403221,88.10615925585851,90.11449919297745,92.13726434360677,93.62337451664473,90.34736566387369,"rgba(38, 166, 154, 1.0)",1.636352189014324,90.34736566387369,1.9480123884861347,0,,,0.0,0.0,0.0,0.0,51.52781134392116,6.256520567981504,False,False,False,False,False,7.50414847307853
2025-09-25 16:00:00+00:00,93.53,93.535,92.66,92.685,844.0,80.46239185612977,83.11825197177522,86.63549764515253,88.1138550809037,90.1212834963304,92.14075671846969,93.61803670794764,90.65286577681837,"rgba(38, 166, 154, 1.0)",1.5188645059362271,90.65286577681837,1.3379298912044972,0,,,0.0,0.0,0.0,0.0,45.258143850167144,0.36587998874077954,False,True,False,True,False,3.488017265386805
2025-09-25 17:00:00+00:00,92.68,93.19,92.68,93.075,525.0,80.46654934198321,83.12237942352854,86.63984494879908,88.11865122440233,90.12551937977932,92.14297124894449,93.61486741418129,90.65455514185878,"rgba(38, 166, 154, 1.0)",1.4828171447249368,90.65455514185878,1.6323286163448139,0,,,0.0,0.0,0.0,0.0,43.93650862365813,-0.7853239353717782,False,True,False,True,False,5.0814872737990875
2025-09-25 18:00:00+00:00,93.075,93.245,92.85,93.09,1018.0,80.47465452327222,83.13043777450011,86.64836375166689,88.12807684430898,90.13392637522017,92.14763870381735,93.60957626322418,90.6595114172516,"rgba(38, 166, 154, 1.0)",1.4423859675152233,90.6595114172516,1.685047301822671,0,,,0.0,0.0,0.0,0.0,43.162735675668515,-1.5837702526674988,False,True,False,True,False,5.14257841003548
2025-09-25 19:00:00+00:00,93.09,93.345,93.05,93.27,3767.0,80.50493647167987,83.1606221260729,86.680472634687,88.16376598528106,90.16629873310619,92.16745776591226,93.59631635224122,90.68062221375605,"rgba(38, 166, 154, 1.0)",1.411637385490223,90.68062221375605,1.834308026168295,0,,,0.0,0.0,0.0,0.0,43.98840498177901,-1.5837702526674988,False,True,False,True,False,5.882067768120081
2025-09-26 14:00:00+00:00,94.165,94.615,93.925,94.01,1564.0,80.51841441430659,83.17429400944957,86.69565815497477,88.18122649732747,90.18370853977997,92.18278478623004,93.60453086088371,91.05530539634263,"rgba(38, 166, 154, 1.0)",1.388336719550568,91.05530539634263,2.128226216341714,0,,,0.0,0.0,0.0,0.0,48.91919477268037,-6.387856453428924,False,False,False,False,True,8.820890785330366
2025-09-26 15:00:00+00:00,93.96,94.04,93.76,94.005,1561.0,80.53159606089713,83.18759884557832,86.71025273515161,88.19783594233985,90.19986554148073,92.19598145691103,93.60908288183354,91.06488081447964,"rgba(38, 166, 154, 1.0)",1.3534126435752665,91.06488081447964,2.172374552193883,0,,,0.0,0.0,0.0,0.0,52.17044983573632,-3.3754742511904965,True,False,True,False,True,8.796325609326644
2025-09-26 16:00:00+00:00,93.98,93.98,93.7,93.735,376.0,80.53473651279872,83.19075997742738,86.71369626261927,88.20173202976726,90.20360179251476,92.19889509618362,93.60973075818075,91.06657043929275,"rgba(38, 166, 154, 1.0)",1.2897175576008917,91.06657043929275,2.069003050304297,0,,,0.0,0.0,0.0,0.0,52.37719612570224,-3.120444257667316,True,False,True,False,True,7.464635916816942
2025-09-26 17:00:00+00:00,93.75,93.75,93.28,93.38,393.0,80.53793454207195,83.19395780445096,86.71712204860376,88.20555536781377,90.20713621312154,92.20129635860803,93.60924945586282,91.06557523138663,"rgba(38, 166, 154, 1.0)",1.2624119164727856,91.06557523138663,1.833335647749533,0,,,0.0,0.0,0.0,0.0,50.24251039065146,-3.120444257667316,False,False,False,False,True,5.743077072207939
2025-09-26 18:00:00+00:00,93.38,93.52,93.225,93.275,737.0,80.54386735734181,83.19987358789807,86.7234136324108,88.21253371531418,90.21348053452765,92.20531619174436,93.60752139357207,91.06306487301887,"rgba(38, 166, 154, 1.0)",1.2474930789337617,91.06306487301887,1.7731041272563077,0,,,0.0,0.0,0.0,0.0,48.18800084405824,-3.120444257667316,False,False,False,True,False,5.2375242764401015
2025-09-26 19:00:00+00:00,93.285,93.31,93.04,93.275,2575.0,80.56434004142125,83.22022098065491,86.74486665518991,88.236144827679,90.23452155921161,92.21753676435794,93.59876630013545,91.0576103982275,"rgba(38, 166, 154, 1.0)",1.2290934071946156,91.0576103982275,1.8040855062705634,0,,,0.0,0.0,0.0,0.0,46.81832781299609,2.1382122918121453,False,False,False,True,False,5.2375242764401015
2025-09-29 14:00:00+00:00,92.27,92.64,92.22,92.355,1233.0,80.57349831507476,83.22915349052684,86.75381842684948,88.24555792094647,90.24179892388611,92.21862408798609,93.58635974376267,91.04406641512456,"rgba(239, 83, 80, 1.0)",1.2126563129506254,91.04406641512456,1.0810429722545953,0,,,0.0,0.0,0.0,0.0,41.29736831974719,-3.109724688549541,False,True,False,True,False,0.9018187335370236
2025-09-29 15:00:00+00:00,92.36,92.69,92.295,92.61,416.0,80.57661806158303,83.23220484640899,86.7568998194946,88.24882062941646,90.24438635209239,92.21923549066094,93.58267448371637,91.04096449561406,"rgba(239, 83, 80, 1.0)",1.1915418393663881,91.04096449561406,1.316811086734717,0,,,0.0,0.0,0.0,0.0,39.687643777617545,-4.607458647886546,False,True,False,True,False,2.017214449529625
2025-09-29 16:00:00+00:00,92.595,92.695,92.445,92.525,521.0,80.58053057028322,83.23603313552854,86.76076990928229,88.25292208251217,90.24765159487897,92.22005478902436,93.57819688011354,91.03761171486794,"rgba(239, 83, 80, 1.0)",1.1759587118166943,91.03761171486794,1.264830363673449,0,,,0.0,0.0,0.0,0.0,38.22155320013799,-6.083462097610685,False,True,False,True,False,1.6248912732434668
2025-09-29 17:00:00+00:00,92.525,92.525,92.165,92.315,870.0,80.58693831066232,83.24226810745506,86.7669759976351,88.25940422041968,90.25256566093893,92.22052124827799,93.56921715221911,91.03038342851332,"rgba(239, 83, 80, 1.0)",1.158133789283245,91.03038342851332,1.109212582668634,0,,,0.0,0.0,0.0,0.0,36.27444116421697,-8.070006556266193,False,True,False,True,False,0.6533558320418145
2025-09-29 18:00:00+00:00,92.325,92.6,92.32,92.52,1478.0,80.59794226339416,83.25300942800256,86.77776133253121,88.27075944958379,90.26143870543459,92.22229787427884,93.55601343722235,91.02276744540423,"rgba(239, 83, 80, 1.0)",1.153003391072861,91.02276744540423,1.2985500009697328,0,,,0.0,0.0,0.0,0.0,36.84758048345668,-8.070006556266193,False,True,False,True,False,1.5806294932462777
2025-09-29 19:00:00+00:00,92.52,92.525,92.02,92.1,3258.0,80.62158746277883,83.27592136083466,86.80029433613304,88.29401326186665,90.27844362332543,92.22218936634991,93.5211123581743,91.00281041824334,"rgba(239, 83, 80, 1.0)",1.14594542973635,91.00281041824334,0.957453604059562,0,,,0.0,0.0,0.0,0.0,35.19556907025029,-9.52053145578374,False,True,False,True,False,0.0
2025-09-30 14:00:00+00:00,90.15,90.15,88.93,89.295,2073.0,80.633016912993,83.28596191119354,86.80728480954848,88.29836462436636,90.27392642397281,92.19628700166517,93.4549296955219,91.04323684515215,"rgba(239, 83, 80, 1.0)",1.2190160889959203,91.04323684515215,-1.4341376302852065,0,,,0.0,0.0,0.0,0.0,28.280985798584336,-16.068617432517968,False,True,False,True,False,0.0
2025-09-30 15:00:00+00:00,89.33,90.81,89.28,90.31,4254.0,80.65816575876714,83.30870642590104,86.82513876585834,88.31233029304926,90.27235505618565,92.15736110310236,93.34748485539757,90.98419472358341,"rgba(239, 83, 80, 1.0)",1.2505517088798255,90.98419472358341,-0.5391178299914666,1,0.8368161586283431,0.8368161586283431,0.0,0.0,0.0,0.0,28.863452103092058,-16.068617432517968,False,True,False,True,False,0.0
2025-09-30 16:00:00+00:00,90.09,90.495,89.77,89.77,3246.0,80.67702085967498,83.32565257823981,86.83813745080005,88.32214209142302,90.27015061519981,92.12690602476367,93.2671317294468,90.93203173863016,"rgba(239, 83, 80, 1.0)",1.3029844363794616,90.93203173863016,-0.8918231915793579,1,0.8554707366894834,0.8554707366894834,0.0,0.0,0.0,0.0,28.268139865198073,-16.14108556734886,False,True,False,True,False,0.0
2025-09-30 17:00:00+00:00,89.81,89.835,89.36,89.48,1671.0,80.68622767237228,83.33375364904886,86.84383776459333,88.32580557210822,90.26706539050134,92.10827443430597,93.22170522208458,90.89880120530879,"rgba(239, 83, 80, 1.0)",1.3605657838773908,90.89880120530879,-1.0428023562855075,1,0.8740677943282238,0.8740677943282238,0.0,0.0,0.0,0.0,27.36542381471084,-17.258064182618803,False,True,False,True,False,0.0
2025-09-30 18:00:00+00:00,89.54,90.325,89.435,90.325,2178.0,80.69883351682041,83.34507601412349,86.8525120969608,88.33235660166466,90.26572428219171,92.0887937694945,93.171525474069,90.87058273593547,"rgba(239, 83, 80, 1.0)",1.3890637945144433,90.87058273593547,-0.3927701075285608,1,0.9026071195945552,0.9026071195945552,0.0,0.0,0.0,0.0,30.61464351975613,-17.258064182618803,False,True,False,True,True,0.0
2025-09-30 19:00:00+00:00,90.3,90.875,90.265,90.69,10022.0,80.75999249954181,83.40117754230403,86.89902568913406,88.3719821626138,90.27439934126163,92.02769505344249,92.99880040862921,90.8106085841089,"rgba(239, 83, 80, 1.0)",1.4022621588589619,90.8106085841089,-0.08601001128565605,1,0.9385358364401408,0.9385358364401408,0.0,0.0,0.0,0.0,34.25087291533287,-21.23057506508719,False,True,False,True,True,0.0
2025-10-01 14:00:00+00:00,90.78,91.07,90.49,90.815,2634.0,80.77623550925759,83.41614670923681,86.91164911842235,88.38299574325919,90.27780244977068,92.01441732599237,92.96036624333658,90.80009788537953,"rgba(239, 83, 80, 1.0)",1.4146804847312708,90.80009788537953,0.010533908385185389,1,0.9821195387301246,0.9821195387301246,0.0,0.0,0.0,0.0,37.18783439699715,-18.45266143081281,False,True,False,True,True,0.0
2025-10-01 15:00:00+00:00,90.815,91.255,90.46,90.515,2307.0,80.7903504210598,83.42912219919405,86.92250144252492,88.3923680787795,90.28046958931729,92.00256961755963,92.92706050956797,90.79036576704428,"rgba(239, 83, 80, 1.0)",1.430052052856643,90.79036576704428,-0.1925564642868857,1,1.0280707570119567,1.0280707570119567,0.0,0.0,0.0,0.0,38.19383388983374,-17.423432676477013,False,True,False,True,True,0.0
2025-10-01 16:00:00+00:00,90.525,90.88,90.15,90.16,2759.0,80.80659227236453,83.44384707292971,86.93422931071261,88.40184097465378,90.28126032442917,91.9848657095517,92.88240183504234,90.77243368873442,"rgba(239, 83, 80, 1.0)",1.4503023201475749,90.77243368873442,-0.4222800172257251,2,0.6191301928350356,1.2382603856700711,0.0,0.0,0.0,0.0,37.77722995215096,-17.423432676477013,False,True,False,True,True,0.0
2025-10-01 17:00:00+00:00,90.16,90.16,89.18,89.56,2700.0,80.82117279577386,83.45662149422103,86.94311657193127,88.40751067428756,90.27697393804259,91.95976693178793,92.82723834107834,90.74192551081067,"rgba(239, 83, 80, 1.0)",1.500670345709573,90.74192551081067,-0.7875983650838474,2,0.638858095789996,1.277716191579992,0.0,0.0,0.0,0.0,35.853737816271575,-17.423432676477013,False,True,False,True,True,0.0
2025-10-01 18:00:00+00:00,89.58,90.51,89.415,90.455,2660.0,80.83629182260017,83.47015627165393,86.95341026844126,88.41527307581754,90.27600064915565,91.94069200707283,92.78280978062553,90.72242241637501,"rgba(239, 83, 80, 1.0)",1.5291713206614612,90.72242241637501,-0.1748806119770385,2,0.6415424399219785,1.283084879843957,0.0,0.0,0.0,0.0,38.72319595984849,-16.52461720687655,False,True,False,True,True,0.0
2025-10-01 19:00:00+00:00,90.45,90.47,89.935,90.09,8191.0,80.88273199284784,83.51172941084312,86.98507182569584,88.43926745933553,90.27383060727492,91.88556025578336,92.65658696240831,90.67069823121389,"rgba(239, 83, 80, 1.0)",1.5655325145328756,90.67069823121389,-0.37092696946454423,2,0.6426224869461283,1.2852449738922567,0.0,0.0,0.0,0.0,39.48713038709974,-15.614058571501324,False,True,False,True,True,0.0
2025-10-02 14:00:00+00:00,90.33,90.33,89.36,89.4,1210.0,80.88920895421472,83.51739777722239,86.98901506775123,88.44180949747458,90.27216858127214,91.8755667032667,92.63565327005206,90.66043593166431,"rgba(239, 83, 80, 1.0)",1.6201072648300487,90.66043593166431,-0.7779953581015053,2,0.6358873805758052,1.2717747611516104,0.0,0.0,0.0,0.0,38.0612747670707,-15.614058571501324,False,True,False,True,True,0.0
2025-10-02 15:00:00+00:00,89.38,89.615,89.17,89.59,1686.0,80.89797423156807,83.52497474449483,86.99400849575215,88.44466496335404,90.26891614933575,91.86028640023794,92.60464767075293,90.64423836975274,"rgba(239, 83, 80, 1.0)",1.6664518546268643,90.64423836975274,-0.6326245590748214,2,0.6298590538264592,1.2597181076529185,0.0,0.0,0.0,0.0,38.017901258264295,-15.614058571501324,False,True,False,True,True,0.0
2025-10-02 16:00:00+00:00,89.58,89.58,89.205,89.235,1136.0,80.90378853154814,83.52996749533169,86.99720060383495,88.44635635639796,90.2664215481163,91.849597372649,92.58332261897917,90.63286176921761,"rgba(239, 83, 80, 1.0)",1.7201860835873748,90.63286176921761,-0.8126224148392317,2,0.6232339403645291,1.2464678807290581,0.0,0.0,0.0,0.0,36.96317517133086,-15.614058571501324,False,True,False,True,False,0.0
2025-10-02 17:00:00+00:00,89.215,89.46,89.1,89.35,1393.0,80.91087635139107,83.53603951472967,87.00104195689082,88.44833695296306,90.26326046678571,91.8364235520461,92.55725903150545,90.68874943074371,"rgba(239, 83, 80, 1.0)",1.7578121639154403,90.68874943074371,-0.7615998217703304,2,0.6221846663350404,1.2443693326700809,0.0,0.0,0.0,0.0,36.883655654931644,-15.614058571501324,False,True,False,True,False,0.0
2025-10-02 18:00:00+00:00,89.345,89.57,89.29,89.31,1385.0,80.91798426809606,83.54215454506605,87.00499187820736,88.45049581179362,90.26041995172903,91.82390337992881,92.53243191388209,90.67795681270331,"rgba(239, 83, 80, 1.0)",1.7794970313799705,90.67795681270331,-0.7687322814146446,2,0.6133502681990812,1.2267005363981625,0.0,0.0,0.0,0.0,36.69460566870151,-15.614058571501324,False,True,False,True,False,0.0
2025-10-02 19:00:00+00:00,89.31,89.455,89.14,89.26,5865.0,80.94758082843151,83.56744620488816,87.02084462024033,88.45851960112483,90.24716671763315,91.77004768673231,92.4280995382163,90.6212388368726,"rgba(239, 83, 80, 1.0)",1.7933117660059819,90.6212388368726,-0.75906424230089,2,0.602663262702741,1.205326525405482,0.0,0.0,0.0,0.0,36.382307056821844,-15.614058571501324,False,True,False,True,False,0.0
2025-10-03 14:00:00+00:00,89.5,90.525,89.5,90.025,2003.0,80.95852348500732,83.5771316068074,87.02794149127418,88.46361934796876,90.24610207559392,91.75743696774924,92.40192807783725,90.61786408791812,"rgba(239, 83, 80, 1.0)",1.7757063231152024,90.61786408791812,-0.33387507844091446,2,0.5975088123592783,1.1950176247185567,0.0,0.0,0.0,0.0,40.65800118099318,-12.753616581743863,False,False,False,True,True,0.0
2025-10-03 15:00:00+00:00,90.025,90.745,89.94,90.745,674.0,80.96238639105229,83.58061650249954,87.03068838832786,88.46583394677951,90.24645986681492,91.75434479353602,92.39492259173281,90.61918400298094,"rgba(239, 83, 80, 1.0)",1.7562429750443767,90.61918400298094,0.07163928841673022,2,0.5958277182457166,1.1916554364914331,0.0,0.0,0.0,0.0,46.580839184743496,-7.332806510126645,True,False,False,False,True,0.0
2025-10-03 16:00:00+00:00,90.75,90.785,90.04,90.04,570.0,80.96558617589322,83.5834805100993,87.0328812440756,88.46752797079067,90.24651474773299,91.75135762859901,92.38845996591317,90.61905237182623,"rgba(239, 83, 80, 1.0)",1.7497482238459763,90.61905237182623,-0.3309346818786621,2,0.591359987013576,1.182719974027152,0.0,0.0,0.0,0.0,47.284780443307355,-6.864011426189549,True,False,False,False,True,0.0
2025-10-03 17:00:00+00:00,90.04,90.275,89.915,89.965,1970.0,80.97634788121687,83.59301138834209,87.03988806034631,88.47260072486029,90.24563611545382,91.73947163562397,92.36394336155938,90.61355702160168,"rgba(239, 83, 80, 1.0)",1.7532509520619608,90.61355702160168,-0.369916822710931,3,0.5025089737675709,1.5075269213027127,0.0,0.0,0.0,0.0,47.43677643339425,-6.711756912092589,True,False,False,False,True,0.0
2025-10-03 18:00:00+00:00,89.97,90.14,89.73,89.74,1911.0,80.98655446538118,83.60197072565806,87.04624590365646,88.47692804092192,90.24400013826086,91.72687534376982,92.33881735650911,90.60482617384784,"rgba(239, 83, 80, 1.0)",1.7607649545667547,90.60482617384784,-0.4911650312012487,3,0.49747263672507414,1.4924179101752224,0.0,0.0,0.0,0.0,46.553146168351304,-6.711756912092589,True,False,False,True,True,0.0
2025-10-03 19:00:00+00:00,89.71,90.145,89.69,89.965,5038.0,81.013541333501,83.62570566209867,87.06324395374523,88.48872164929672,90.24047363582694,91.69557233242567,92.27657983213419,90.5839861059574,"rgba(239, 83, 80, 1.0)",1.762376313468688,90.5839861059574,-0.35122243826524707,3,0.4925427917438197,1.4776283752314592,0.0,0.0,0.0,0.0,47.16217348310583,-6.711756912092589,True,False,False,True,True,0.0
2025-10-06 14:00:00+00:00,89.985,90.265,89.35,90.15,1775.0,81.02299828148895,83.6340102842983,87.06916101243583,88.49279823792358,90.2392036937711,91.68473099360837,92.2553070662039,90.57652494362078,"rgba(239, 83, 80, 1.0)",1.7517286828683154,90.57652494362078,-0.24348801717534038,3,0.4888633384351997,1.466590015305599,0.0,0.0,0.0,0.0,48.54545500832151,-5.25813536776829,True,False,False,False,True,0.0
2025-10-06 15:00:00+00:00,90.15,90.41,89.825,90.235,2131.0,81.03462459005851,83.64432317089914,87.07681511538496,88.49846181266578,90.23881085167778,91.67360076199849,92.23279125655549,90.57093225827062,"rgba(239, 83, 80, 1.0)",1.7471910223194338,90.57093225827062,-0.1922699086586764,3,0.4857205972781064,1.4571617918343192,0.0,0.0,0.0,0.0,49.93050396915477,-3.785518506046806,True,False,False,False,True,0.0
2025-10-06 16:00:00+00:00,90.265,90.37,90.14,90.21,1339.0,81.04198137426938,83.65086924617503,87.08173474342001,88.5021786530399,90.23881439740616,91.66706938457015,92.21944711714775,90.56807694705651,"rgba(239, 83, 80, 1.0)",1.738473188470895,90.56807694705651,-0.20597208483351429,3,0.482569209318972,1.447707627956916,0.0,0.0,0.0,0.0,50.689644995955916,-2.897607226349244,True,False,False,False,True,0.0
2025-10-06 17:00:00+00:00,90.21,90.645,90.105,90.645,1283.0,81.04919162228998,83.65734313688469,87.08676908989904,88.50618437266041,90.23945877650713,91.66184469566078,92.20826207761274,90.56709262052037,"rgba(239, 83, 80, 1.0)",1.7367547089108566,90.56709262052037,0.04485802115860272,3,0.48050708119407187,1.4415212435822156,0.0,0.0,0.0,0.0,53.66005927130415,0.0016686722100729412,True,False,True,False,True,0.0
2025-10-06 18:00:00+00:00,90.64,90.925,90.47,90.875,1768.0,81.05941664665887,83.66662551511853,87.094278865945,88.5124955639729,90.24148130945164,91.65645546111514,92.1956205452799,90.56869895656534,"rgba(239, 83, 80, 1.0)",1.724507836828924,90.56869895656534,0.17761649839637345,3,0.4792070618571717,1.437621185571515,0.0,0.0,0.0,0.0,56.7750222961313,2.9059424573733637,True,False,True,False,True,0.0
2025-10-06 19:00:00+00:00,90.875,91.225,90.83,91.04,3205.0,81.07842167563768,83.68404098070785,87.10883074107046,88.52523754476059,90.24704339190713,91.64978416994545,92.1775307761937,90.72194020258395,"rgba(239, 83, 80, 1.0)",1.7147648434912426,90.72194020258395,0.18548304079321368,3,0.47825445008096584,1.4347633502428976,0.0,0.0,0.0,0.0,59.636870314969755,5.501527754493424,True,False,True,False,True,0.0
2025-10-07 14:00:00+00:00,90.45,90.45,89.305,89.75,2144.0,81.08957112032279,83.69375531535091,87.1155541253518,88.52965428213271,90.24511227767977,91.63691331765365,92.15342687156449,90.68741312424115,"rgba(239, 83, 80, 1.0)",1.7192112218195519,90.68741312424115,-0.5452576811644017,3,0.4740633992470653,1.422190197741196,0.0,0.0,0.0,0.0,53.72348301810955,8.45515874775262,True,False,True,False,False,0.0
2025-10-07 15:00:00+00:00,89.75,90.41,89.705,90.32,739.0,81.09354355645867,83.69726523397769,87.11812717963925,88.53152966386608,90.24495081542653,91.63327512907998,92.14632880287066,90.68264907399782,"rgba(239, 83, 80, 1.0)",1.7089929730654276,90.68264907399782,-0.21220044769835672,4,0.4811792964207283,1.9247171856829133,0.0,0.0,0.0,0.0,52.714068298520814,7.739071699203748,True,False,True,False,False,0.0
2025-10-07 16:00:00+00:00,90.32,90.42,90.12,90.23,2121.0,81.10506590997124,83.70749195338257,87.12575942253306,88.53725893403774,90.24500479731437,91.62370717179559,92.12735381238242,90.67424393581271,"rgba(239, 83, 80, 1.0)",1.6998137815351697,90.67424393581271,-0.26134859043882624,4,0.4788656124760138,1.9154624499040551,0.0,0.0,0.0,0.0,51.59848792105708,6.721778932924579,True,False,False,False,False,0.0
2025-10-07 17:00:00+00:00,90.23,90.73,90.23,90.7,527.0,81.10801701134058,83.71014289829114,87.12782917796746,88.53892117504721,90.24535737999453,91.62186188077241,92.1234364339877,90.67413596691057,"rgba(239, 83, 80, 1.0)",1.7010046713330569,90.67413596691057,0.015205151123520675,4,0.4782057207040913,1.9128228828163651,0.0,0.0,0.0,0.0,53.10566221936851,6.721778932924579,True,False,True,False,False,0.0
2025-10-07 18:00:00+00:00,90.705,90.825,90.46,90.66,1416.0,81.11601688337659,83.71735432330486,87.13353194500215,88.54358390727802,90.246591753737,91.61737314911893,92.11363779728255,90.67501089137197,"rgba(239, 83, 80, 1.0)",1.7031418423431772,90.67501089137197,-0.008813647224661008,4,0.4763885695956082,1.9055542783824329,0.0,0.0,0.0,0.0,53.8745894501356,6.721778932924579,True,False,True,False,False,0.0
2025-10-07 19:00:00+00:00,90.67,90.93,90.625,90.8,2810.0,81.13207971296814,83.73190214106931,87.14523225874136,88.55337302833152,90.24984480089446,91.60982604426142,92.09635136303093,90.67911420776296,"rgba(239, 83, 80, 1.0)",1.7062017587162455,90.67911420776296,0.07085081914813394,4,0.47479818735825907,1.8991927494330363,0.0,0.0,0.0,0.0,55.090151314566384,6.721778932924579,True,False,True,False,True,0.0
2025-10-08 14:00:00+00:00,89.5,89.93,89.13,89.28,4833.0,81.15576907016384,83.75206244635008,87.15784624047105,88.56003305365255,90.24158420814067,91.57661053199,92.03835613574263,90.63330415229272,"rgba(239, 83, 80, 1.0)",1.7289911056012384,90.63330415229272,-0.7827131949427379,4,0.4686673346371383,1.874669338548553,0.0,0.0,0.0,0.0,48.87981177513361,4.057766486948793,True,False,False,True,False,0.0
2025-10-08 15:00:00+00:00,89.305,89.42,87.78,87.85,4913.0,81.17654549962901,83.76849243038613,87.16445169668626,88.5584531880277,90.22201208442671,91.52701959674069,91.95807679471446,90.56133975178571,"rgba(239, 83, 80, 1.0)",1.7845736816478461,90.56133975178571,-1.5193207092923775,5,0.504761640647198,2.5238082032359896,0.0,0.0,0.0,0.0,41.34522552928469,-2.7217005134258514,False,False,False,True,False,0.0
2025-10-08 16:00:00+00:00,87.83,88.19,87.78,87.98,2888.0,81.18808116215709,83.77732718315937,87.16711015523683,88.55592141231226,90.2084782457007,91.49529066811343,91.90786460406541,90.48050474456667,"rgba(239, 83, 80, 1.0)",1.8335099063221536,90.48050474456667,-1.363780329707868,5,0.49329169636681625,2.4664584818340813,0.0,0.0,0.0,0.0,37.00464542557711,-6.382269247950717,False,True,False,True,False,0.0
2025-10-08 17:00:00+00:00,87.975,88.46,87.965,88.44,1230.0,81.1932023259919,83.78135071109524,87.16865828971233,88.55542065411983,90.20354702567872,91.48310783556732,91.8884945897381,90.46973455323737,"rgba(239, 83, 80, 1.0)",1.868213729888904,90.46973455323737,-1.0864573580444012,5,0.4851481906932952,2.425740953466476,0.0,0.0,0.0,0.0,36.489323414372755,-6.675375194816581,False,True,False,True,False,0.0
2025-10-08 18:00:00+00:00,88.46,88.595,88.23,88.485,3050.0,81.20613415363931,83.7916242014713,87.17298491274428,88.55487213270334,90.192366419499,91.45467823741185,91.84328856990321,90.44555661080261,"rgba(239, 83, 80, 1.0)",1.8969166114079639,90.44555661080261,-1.0335491813461493,5,0.48059814837917436,2.402990741895872,0.0,0.0,0.0,0.0,36.3789174681682,-6.905934320856481,False,True,False,True,False,0.0
2025-10-08 19:00:00+00:00,88.48,89.56,88.455,89.48,3547.0,81.22262433209072,83.80537931756183,87.1808582883708,88.55813200786704,90.18486124755685,91.43009574919961,91.80310937046214,90.44824089917583,"rgba(239, 83, 80, 1.0)",1.9056398041256073,90.44824089917583,-0.5080922937690722,5,0.48289292208906537,2.414464610445327,0.0,0.0,0.0,0.0,40.823830588184,-6.905934320856481,False,False,False,True,True,0.0
2025-10-09 14:00:00+00:00,89.595,89.79,89.005,89.365,106.0,81.22312980421022,83.80580625366537,87.18111880143802,88.5582642793206,90.18468702919336,91.42944033429855,91.8020265151515,90.4484287358292,"rgba(239, 83, 80, 1.0)",1.9107788799159158,90.4484287358292,-0.5670089549434826,5,0.48634059395028817,2.431702969751441,0.0,0.0,0.0,0.0,43.341895317694096,-13.514833195341943,False,False,False,True,True,0.0
2025-10-09 15:00:00+00:00,89.365,89.55,89.0,89.25,819.0,81.22697580478024,83.80903185736251,87.18302015905651,88.5591370057602,90.18314147682811,91.42409381772516,91.79327848063933,90.44824659826813,"rgba(239, 83, 80, 1.0)",1.914672832120104,90.44824659826813,-0.6258231579654877,5,0.4920667670241955,2.4603338351209776,0.0,0.0,0.0,0.0,44.547499071506756,-12.182780166688481,False,False,False,True,True,0.0
2025-10-09 16:00:00+00:00,89.275,89.64,88.9,88.91,626.0,81.2298703811239,83.81144211972908,87.18438987798932,88.55969286724034,90.18181370596656,91.41980498782863,91.78632567051415,90.44687308146139,"rgba(239, 83, 80, 1.0)",1.9283595067808614,90.44687308146139,-0.796984730314628,5,0.4946085607215154,2.473042803607577,0.0,0.0,0.0,0.0,43.959605712873255,-12.182780166688481,False,False,False,True,True,0.0
2025-10-09 17:00:00+00:00,88.91,88.96,88.46,88.48,547.0,81.23223305243626,83.81334277569366,87.185270991382,88.55975335290393,90.18007672684095,91.41522058300117,91.77909537064983,90.44206879685969,"rgba(239, 83, 80, 1.0)",1.9178794901514105,90.44206879685969,-1.0230407108137871,5,0.49516636222516197,2.47583181112581,0.0,0.0,0.0,0.0,41.96627600426127,-12.182780166688481,False,False,False,True,True,0.0
2025-10-09 18:00:00+00:00,88.48,88.48,88.135,88.365,969.0,81.2362415085084,83.81649208929014,87.18649923762968,88.55941469720642,90.176401072025,91.40624513661459,91.76512738077838,90.43016277061149,"rgba(239, 83, 80, 1.0)",1.9115421702052828,90.43016277061149,-1.0803647457014842,5,0.4934426634054548,2.467213317027274,0.0,0.0,0.0,0.0,40.223654057691064,-12.182780166688481,False,True,False,True,False,0.0
2025-10-09 19:00:00+00:00,88.365,88.415,88.035,88.075,1968.0,81.24419475443844,83.82266007744556,87.18865489351755,88.55828369726308,90.16837222978701,91.38728609391826,91.73586791621972,90.4038307073262,"rgba(239, 83, 80, 1.0)",1.907810102550041,90.4038307073262,-1.2206826582024068,5,0.49056916948195306,2.4528458474097654,0.0,0.0,0.0,0.0,38.02285083002448,-12.182780166688481,False,True,False,True,False,0.0
2025-10-10 14:00:00+00:00,87.2,88.05,87.12,87.87,567.0,81.24631936875467,83.82423215705333,87.18896340707144,88.55753984376672,90.1654995286505,91.38102965760751,91.72636668870155,90.39356353351018,"rgba(239, 83, 80, 1.0)",1.9157953632573708,90.39356353351018,-1.3172406520597426,5,0.4872300092065268,2.436150046032634,0.0,0.0,0.0,0.0,35.847242360007094,-8.47483417062687,False,True,False,True,False,0.0
2025-10-10 15:00:00+00:00,87.87,87.87,87.21,87.51,1381.0,81.25136775849761,83.82790704888619,87.18948416458704,88.5554245683337,90.15810978754334,91.36526527547223,91.70255944776055,90.36739952510845,"rgba(239, 83, 80, 1.0)",1.9305543898727058,90.36739952510845,-1.4800927340342147,5,0.48426234911293287,2.4213117455646644,0.0,0.0,0.0,0.0,33.231317156642994,-11.133376216090468,False,True,False,True,False,0.0
2025-10-10 16:00:00+00:00,87.3,87.815,87.3,87.365,1190.0,81.25568605906498,83.83103653603277,87.18988344208418,88.55354389371665,90.15168687067141,91.35165547186524,91.68208212222667,90.34552491245206,"rgba(239, 83, 80, 1.0)",1.9499168381446819,90.34552491245206,-1.5285395018630619,5,0.47941542149921157,2.3970771074960577,0.0,0.0,0.0,0.0,31.040357729838384,-13.357926744248964,False,True,False,True,False,0.0
2025-10-10 17:00:00+00:00,87.38,87.695,87.0,87.58,1948.0,81.2626648277785,83.83605253887843,87.19038811358978,88.55028210937485,90.14097072534643,91.32919094972651,91.64844799824783,90.23691136983415,"rgba(239, 83, 80, 1.0)",1.9482230943168843,90.23691136983415,-1.3637613564814839,5,0.47674195032851757,2.383709751642588,0.0,0.0,0.0,0.0,31.38838681693139,-13.357926744248964,False,True,False,True,False,0.0
2025-10-10 18:00:00+00:00,87.65,88.045,87.525,87.74,2709.0,81.2728855715913,83.84367316433676,87.19211311106329,88.54715843033638,90.12808281715161,91.3010975591989,91.6062977197233,90.2099754147971,"rgba(239, 83, 80, 1.0)",1.9337527115828261,90.2099754147971,-1.2772964195485816,5,0.4724847533031772,2.362423766515886,0.0,0.0,0.0,0.0,32.940827758485966,-13.357926744248964,False,True,False,True,False,0.0
2025-10-10 19:00:00+00:00,87.78,87.835,87.085,87.1,8278.0,81.30186558086885,83.86424757072209,87.19344591274536,88.53256978478534,90.0825290914749,91.20780775851026,91.46917109953168,90.0743811295451,"rgba(239, 83, 80, 1.0)",1.9339181928357023,90.0743811295451,-1.5380077298842596,5,0.46752148408232486,2.3376074204116244,0.0,0.0,0.0,0.0,31.477808670956684,-13.513028671435805,False,True,False,True,False,0.0
2025-10-13 14:00:00+00:00,87.1,87.1,87.1,87.1,0.0,81.30186558086885,83.86424757072209,87.19344591274536,88.53256978478534,90.0825290914749,91.20780775851026,91.46917109953168,90.0743811295451,"rgba(239, 83, 80, 1.0)",1.926595599394923,90.0743811295451,-1.5438533807921384,5,0.462301889073904,2.31150944536952,0.0,0.0,0.0,0.0,30.50246261260383,-14.710570415162756,False,True,False,True,False,0.0
2025-10-13 15:00:00+00:00,87.1,87.1,87.1,87.1,0.0,81.30186558086885,83.86424757072209,87.19344591274536,88.53256978478534,90.0825290914749,91.20780775851026,91.46917109953168,90.0743811295451,"rgba(239, 83, 80, 1.0)",1.918373529843505,90.0743811295451,-1.5504702724853325,5,0.4577763040918109,2.2888815204590545,0.0,0.0,0.0,0.0,29.85223190703526,-15.629461967703222,False,True,False,True,False,0.0
2025-10-13 16:00:00+00:00,87.1,87.1,87.1,87.1,0.0,81.30186558086885,83.86424757072209,87.19344591274536,88.53256978478534,90.0825290914749,91.20780775851026,91.46917109953168,90.0743811295451,"rgba(239, 83, 80, 1.0)",1.9111551975685728,90.0743811295451,-1.5563263168418777,5,0.45465930674356436,2.2732965337178217,0.0,0.0,0.0,0.0,29.418744769989548,-16.37227557811684,False,True,False,True,False,0.0
2025-10-13 17:00:00+00:00,87.1,88.29,87.1,88.26,161.0,81.3024769439395,83.86470750239245,87.19356681611978,88.53241722081457,90.08183046572351,91.2062856584936,91.46693088145317,90.07306039835105,"rgba(239, 83, 80, 1.0)",1.8784858288028554,90.07306039835105,-0.9651711876402552,5,0.4555638902442752,2.277819451221376,0.0,0.0,0.0,0.0,38.09413971473761,-16.6160513025996,False,True,False,True,True,0.0
2025-10-13 18:00:00+00:00,88.26,88.635,88.26,88.555,404.0,81.30415037164332,83.86603339887291,87.19413375447594,88.53238829487218,90.08055724999704,91.20316089570603,91.46226090067186,90.07240476735814,"rgba(38, 166, 154, 1.0)",1.8463430425126137,90.07240476735814,-0.8218433586930601,5,0.45433152304246516,2.271657615212326,0.0,0.0,0.0,0.0,45.321597284386755,-10.243707123105786,False,False,False,True,True,0.0
2025-10-13 19:00:00+00:00,88.615,88.725,88.175,88.345,3074.0,81.31673688105845,83.87594821064309,87.19820348073712,88.53186426890343,90.07052385123696,91.17902620868573,91.42639636017887,90.0628408168514,"rgba(38, 166, 154, 1.0)",1.832899961883993,90.0628408168514,-0.9372256274617848,5,0.45252837244844607,2.2626418622422304,0.0,0.0,0.0,0.0,48.70061552526805,-7.5272510997123305,True,False,False,False,True,0.0
2025-10-14 14:00:00+00:00,88.45,88.97,88.44,88.81,2295.0,81.32653367460705,83.88385031238899,87.20203105393877,88.53255563564329,90.06456666530103,91.16336513541056,91.40299693841399,90.06098417020371,"rgba(38, 166, 154, 1.0)",1.8041690408417856,90.06098417020371,-0.693385232694175,5,0.451202166147433,2.256010830737165,0.0,0.0,0.0,0.0,53.217453338619535,-3.637022221888998,True,False,True,False,True,0.0
2025-10-14 15:00:00+00:00,88.75,88.945,88.38,88.655,1079.0,81.33108112291477,83.88749558087376,87.20373077193193,88.53275435653028,90.06161622818118,91.1558305578645,91.39180966564479,90.05873128335935,"rgba(38, 166, 154, 1.0)",1.7742048390236165,90.05873128335935,-0.7911889610964272,5,0.44966870388205643,2.248343519410282,0.0,0.0,0.0,0.0,55.106219990761446,-2.0639829312789573,True,False,True,False,True,0.0
2025-10-14 16:00:00+00:00,88.655,89.02,88.53,88.755,1037.0,81.33551077427276,83.89107312360436,87.20548184238969,88.5331068624268,90.05901056086502,91.1489443447786,91.3815664957303,90.0215045110202,"rgba(38, 166, 154, 1.0)",1.736168435907591,90.0215045110202,-0.7294825115042077,5,0.44838013232875945,2.2419006616437973,0.0,0.0,0.0,0.0,56.88316264824627,-0.3799919340413922,True,False,True,False,True,0.0
2025-10-14 17:00:00+00:00,88.755,88.93,88.57,88.605,1030.0,81.33986588865004,83.89457282931966,87.20714319108126,88.53335701061155,90.0562997103776,91.14195338334736,91.37121380385503,90.01767257411076,"rgba(38, 166, 154, 1.0)",1.6738232198099965,90.01767257411076,-0.8439795537494795,5,0.4468132475331026,2.234066237665513,0.0,0.0,0.0,0.0,56.86046010156375,-0.1739276146589006,True,False,True,False,True,0.0
2025-10-14 18:00:00+00:00,88.605,88.63,88.08,88.285,929.0,81.34359233321351,83.89748237440452,87.20826828255244,88.5330874068084,90.0531986568807,91.13473125418395,91.36065993907788,90.00638793105186,"rgba(38, 166, 154, 1.0)",1.6094574739222691,90.00638793105186,-1.0695454579839379,5,0.44485698479032554,2.2242849239516276,0.0,0.0,0.0,0.0,54.46390766105611,-0.1739276146589006,True,False,True,False,True,0.0
2025-10-14 19:00:00+00:00,88.285,88.325,87.605,87.87,3445.0,81.35659073558341,83.9072723214349,87.21094844717035,88.5301291207362,90.03915733037495,91.10451026975277,91.31709115621149,89.95862487865087,"rgba(38, 166, 154, 1.0)",1.5542566515034075,89.95862487865087,-1.343809516034928,5,0.44288463211278534,2.2144231605639266,0.0,0.0,0.0,0.0,50.29953667474439,-0.1739276146589006,True,False,False,False,False,0.0
2025-10-15 14:00:00+00:00,87.86,87.945,87.38,87.86,4042.0,81.37130311747978,83.91811663287054,87.21318266671513,88.52551560847353,90.02133716497025,91.06752596113793,91.26435099609022,89.90921787085185,"rgba(38, 166, 154, 1.0)",1.5057392216474297,89.90921787085185,-1.360938096976579,5,0.4412792363397019,2.2063961816985094,0.0,0.0,0.0,0.0,47.46474309518768,4.356121571639612,True,False,False,True,False,0.0
2025-10-15 15:00:00+00:00,87.66,87.835,87.035,87.18,3650.0,81.38374320008279,83.92688937772759,87.21371411321165,88.51943926749098,90.00286336235344,91.03111200266923,91.21308515015374,89.85689671899418,"rgba(239, 83, 80, 1.0)",1.4680679158026582,89.85689671899418,-1.8234147686080266,5,0.43888227297503396,2.1944113648751697,0.0,0.0,0.0,0.0,42.196406443726836,-0.6463556804822801,False,True,False,True,False,0.0
2025-10-15 16:00:00+00:00,87.25,87.25,86.325,86.43,1147.0,81.38719634428766,83.92908979060961,87.21304920910774,88.51643726753272,89.99563250161013,91.0177240902353,91.19445718788296,89.83393999486468,"rgba(239, 83, 80, 1.0)",1.443200172790468,89.83393999486468,-2.358605589883667,5,0.4347083003037794,2.173541501518897,0.0,0.0,0.0,0.0,36.24320776455154,-6.120373991194747,False,True,False,True,False,0.0
2025-10-15 17:00:00+00:00,86.415,86.415,85.83,86.0,1927.0,81.39234426435377,83.93198857913313,87.21073662076513,88.50982159349685,89.98142520722313,90.99240693274415,91.15949077130188,89.78674977498875,"rgba(239, 83, 80, 1.0)",1.4547968280191077,89.78674977498875,-2.602940632022751,5,0.42843689618729225,2.142184480936461,0.0,0.0,0.0,0.0,31.221264432199035,-10.63890428426594,False,True,False,True,False,0.0
2025-10-15 18:00:00+00:00,85.985,85.985,85.61,85.73,2891.0,81.39954264866,83.935704579338,87.20634727038224,88.4987184834416,89.95864198016586,90.9525662491591,91.1048054383579,89.71403762649257,"rgba(239, 83, 80, 1.0)",1.4621235235785615,89.71403762649257,-2.7248297166723607,5,0.42661392822474353,2.1330696411237176,0.0,0.0,0.0,0.0,27.280323801498163,-14.189159758098086,False,True,False,True,False,0.0
2025-10-15 19:00:00+00:00,85.73,86.12,85.675,86.08,8092.0,81.42040499195541,83.94705540810672,87.1957583387944,88.47017443372796,89.89890150200917,90.84805477542612,90.96254960734272,89.55180941619427,"rgba(239, 83, 80, 1.0)",1.4557717776052685,89.55180941619427,-2.384858306502803,5,0.4258805418762316,2.129402709381158,0.0,0.0,0.0,0.0,27.58513585346934,-14.189159758098086,False,True,False,True,False,0.0
2025-10-16 14:00:00+00:00,85.66,85.66,85.17,85.295,2381.0,81.4257228234535,83.94940942584894,87.1912240867296,88.45997511391228,89.8791095939913,90.81456111897883,90.9174713177243,89.4991865763484,"rgba(239, 83, 80, 1.0)",1.4752773842107916,89.4991865763484,-2.8497600663738543,5,0.4228517958878788,2.114258979439394,0.0,0.0,0.0,0.0,25.75914960713751,-15.966077508678588,False,True,False,True,False,0.0
2025-10-16 15:00:00+00:00,85.345,85.735,84.91,85.07,2697.0,81.43152132183488,83.95181177979318,87.18573083487087,88.44799483676569,89.85622517811542,90.77617318756597,90.86604335738525,89.44004309297188,"rgba(239, 83, 80, 1.0)",1.4898681331102654,89.44004309297188,-2.9331744171539076,5,0.41809742729279326,2.0904871364639663,0.0,0.0,0.0,0.0,24.062176074465683,-17.94917187013654,False,True,False,True,False,0.0
2025-10-16 16:00:00+00:00,85.155,85.17,84.72,85.075,822.0,81.43316927026831,83.95240026057374,87.18384857800359,88.44407812016523,89.84892003437078,90.76405461960113,90.84986557798612,89.42119587609986,"rgba(239, 83, 80, 1.0)",1.5104892203150737,89.42119587609986,-2.8773431929512747,5,0.4138037190159879,2.0690185950799393,0.0,0.0,0.0,0.0,22.973821112528903,-19.431354748518665,False,True,False,True,False,0.0
2025-10-16 17:00:00+00:00,85.15,85.165,84.675,84.845,1281.0,81.43566703991053,83.95323350898119,87.18079727534919,88.43782760415878,89.83736158239424,90.74496639745693,90.82443236755235,89.391595601852,"rgba(239, 83, 80, 1.0)",1.579265403983616,89.391595601852,-2.8789306663613665,5,0.40868209898607616,2.043410494930381,0.0,0.0,0.0,0.0,21.710626276278802,-21.124072933226877,False,True,False,True,False,0.0
2025-10-16 18:00:00+00:00,84.845,84.9,84.45,84.685,1356.0,81.4381417697839,83.9539113835443,87.17727085416102,88.43083190044575,89.82465122243842,90.72415203997714,90.79677057679407,89.10572770421665,"rgba(239, 83, 80, 1.0)",1.6393559711067243,89.10572770421665,-2.6966246392674713,5,0.40537075508580156,2.0268537754290077,0.0,0.0,0.0,0.0,20.502585263932573,-22.77281681897145,False,True,False,True,False,0.0
2025-10-16 19:00:00+00:00,84.685,84.815,84.465,84.68,11189.0,81.45826221827247,83.95926546606583,87.14826031647546,88.37370769045714,89.72161678045316,90.55701608868452,90.57678843640818,88.86667248512681,"rgba(239, 83, 80, 1.0)",1.700047561603775,88.86667248512681,-2.46267962125555,5,0.4034231356909584,2.017115678454792,0.0,0.0,0.0,0.0,19.68512096385053,-24.059568444704066,False,True,False,True,False,0.0
2025-10-17 14:00:00+00:00,84.755,85.25,84.49,84.595,3629.0,81.46498723394369,83.96129401017963,87.13945810476115,88.35615956072785,89.68987765544304,90.50587306290633,90.51021985907585,88.80196258483186,"rgba(239, 83, 80, 1.0)",1.7608656961855977,88.80196258483186,-2.389144495201999,5,0.4012661797195173,2.0063308985975863,0.0,0.0,0.0,0.0,18.917669762708215,-25.30083083780633,False,True,False,True,False,0.0
2025-10-17 15:00:00+00:00,84.59,84.89,84.515,84.85,3919.0,81.47216092394466,83.96340227311147,87.12991909947583,88.33726067805469,89.65587314876961,90.45139768867665,90.43970064651596,88.73425740822137,"rgba(239, 83, 80, 1.0)",1.8013748203098625,88.73425740822137,-2.1562738439705873,5,0.4009322070670419,2.0046610353352095,0.0,0.0,0.0,0.0,21.46145434102788,-25.30083083780633,False,True,False,True,True,0.0
2025-10-17 16:00:00+00:00,84.79,84.95,84.67,84.78,3934.0,81.47943631203492,83.96563639728954,87.12061298247362,88.31874079146182,89.62253806175036,90.39819641729035,90.37121445130056,88.67084316576033,"rgba(239, 83, 80, 1.0)",1.8344034599992316,88.67084316576033,-2.121040027782089,5,0.40051031698158673,2.0025515849079336,0.0,0.0,0.0,0.0,22.86413512441407,-25.30083083780633,False,True,False,True,True,0.0
2025-10-17 17:00:00+00:00,84.78,84.92,84.63,84.91,1891.0,81.48294314134344,83.9667316981124,87.11620443631965,88.30995767603861,89.60674262966177,90.37306850855306,90.33899898111997,88.64161294116096,"rgba(239, 83, 80, 1.0)",1.8579828377109078,88.64161294116096,-2.0084216416974137,5,0.40039657168591924,2.0019828584295962,0.0,0.0,0.0,0.0,25.40316293091376,-29.717560529493472,False,True,False,True,True,0.0
2025-10-17 18:00:00+00:00,84.91,85.015,84.76,84.76,2662.0,81.4879042087444,83.96831386152644,87.11009424758582,88.29775600720869,89.58479755764961,90.3382342010514,90.29447971142424,88.60192099464513,"rgba(239, 83, 80, 1.0)",1.8867587847191059,88.60192099464513,-2.036254462287872,5,0.4004185360061971,2.0020926800309855,0.0,0.0,0.0,0.0,26.3082518171871,-28.62033338425709,False,True,False,True,True,0.0
2025-10-17 19:00:00+00:00,84.785,85.12,84.72,84.99,4800.0,81.49707382660172,83.97147077128695,87.09963402548834,88.27659076021254,89.546544585486,90.27762428934875,90.21741780924658,88.53609111898444,"rgba(239, 83, 80, 1.0)",1.9118628597777505,88.53609111898444,-1.8547832031198483,5,0.4007468340328398,2.003734170164199,0.0,0.0,0.0,0.0,29.737655939464805,-25.21375778041304,False,True,False,True,True,0.0
2025-10-20 14:00:00+00:00,86.0,86.29,85.75,85.84,4160.0,81.50731437875842,83.9770351411539,87.09488576915196,88.26399168822724,89.52110866280354,90.23599020882727,90.1649365276913,88.50720900499238,"rgba(239, 83, 80, 1.0)",1.9249178922475696,88.50720900499238,-1.3856222209447542,5,0.4013690918790512,2.006845459395256,0.0,0.0,0.0,0.0,38.97769397489537,-16.71427725152796,False,False,False,True,True,0.0
2025-10-20 15:00:00+00:00,85.84,85.98,85.68,85.82,4629.0,81.51831478409665,83.98277647651028,87.0890331796393,88.24933026261985,89.49218187974104,90.18918062187234,90.10623465721905,88.471246052805,"rgba(239, 83, 80, 1.0)",1.9250805809747653,88.471246052805,-1.3772130263048767,5,0.40330812369832686,2.0165406184916344,0.0,0.0,0.0,0.0,44.972350743039,-11.565364115330866,True,False,False,True,True,0.0
2025-10-20 16:00:00+00:00,85.82,86.15,85.82,86.1,4275.0,81.5288857657243,83.98860934439548,87.0845105540941,88.2370323820576,89.46727860465923,90.14873440030154,90.05584287504253,88.44310743125838,"rgba(239, 83, 80, 1.0)",1.924800474040811,88.44310743125838,-1.217324841124654,5,0.4062801512841582,2.031400756420791,0.0,0.0,0.0,0.0,50.686166531606645,-6.70269723573098,True,False,True,False,True,0.0
2025-10-20 17:00:00+00:00,86.095,86.52,86.095,86.4,3410.0,81.53787080703607,83.9939547350196,87.08199317675151,88.22870189381803,89.44946271722934,90.11945156475241,90.0196013444487,88.42657398471763,"rgba(38, 166, 154, 1.0)",1.9277132791183775,88.42657398471763,-1.0512839262301834,5,0.41081100716842406,2.0540550358421203,0.0,0.0,0.0,0.0,56.08784139246106,-2.0903706120078596,True,False,True,False,True,0.0
2025-10-20 18:00:00+00:00,86.37,86.37,86.05,86.18,4719.0,81.54989299265563,84.00087794540306,87.07789449445372,88.21645857312399,89.42405837306674,90.0782067840805,89.9687563621934,88.40008277358538,"rgba(38, 166, 154, 1.0)",1.9303569011373465,88.40008277358538,-1.1500892774166918,5,0.4181637860204773,2.0908189301023867,0.0,0.0,0.0,0.0,57.58793812423741,-0.9183379449944198,True,False,True,False,True,0.0
2025-10-20 19:00:00+00:00,86.185,86.41,86.11,86.41,3975.0,81.56021016473888,84.006966029034,87.0749003616969,88.20681599095057,89.40368515199344,90.04509878423364,89.92818607185559,88.38010182289311,"rgba(38, 166, 154, 1.0)",1.9329577345628624,88.38010182289311,-1.0192161927113481,5,0.42686322463115295,2.134316123155765,0.0,0.0,0.0,0.0,59.89869277461218,1.2916312816638822,True,False,True,False,True,0.0
2025-10-21 14:00:00+00:00,85.44,85.755,85.16,85.555,3707.0,81.56813740070601,84.01060353529844,87.06915813184177,88.194061357828,89.37995160764375,90.00807869497469,89.88276078983571,88.34669630801208,"rgba(38, 166, 154, 1.0)",1.9450570292023843,88.34669630801208,-1.4352773549045386,5,0.43343064103859197,2.16715320519296,0.0,0.0,0.0,0.0,55.10755332202526,1.2916312816638822,True,False,True,False,False,0.0
2025-10-21 15:00:00+00:00,85.57,86.075,85.3,86.045,2811.0,81.57461094460982,84.01393784174212,87.06569910614849,88.18559245985425,89.36359511794242,89.98234483459888,89.85136893737642,88.3262258915797,"rgba(38, 166, 154, 1.0)",1.9492581009570988,88.3262258915797,-1.1703046869265785,5,0.4405412456364982,2.202706228182491,0.0,0.0,0.0,0.0,54.8102685804115,1.2916312816638822,True,False,True,False,False,0.0
2025-10-21 16:00:00+00:00,85.98,86.32,85.685,85.7,2044.0,81.5794111232201,84.01648266546724,87.06338466521925,88.17971640387059,89.35211047597716,89.96425093840132,89.82937353785232,88.31246684911711,"rgba(38, 166, 154, 1.0)",1.957567494493663,88.31246684911711,-1.3345475220985128,5,0.44718597006353633,2.2359298503176817,0.0,0.0,0.0,0.0,52.58464466965994,1.2916312816638822,True,False,True,False,False,0.0
2025-10-21 17:00:00+00:00,85.69,85.86,85.35,85.35,2798.0,81.58538606741841,84.01925210991301,87.05919536405213,88.17038215762932,89.33478694253571,89.93743845281956,89.79677108175287,88.28893493923357,"rgba(38, 166, 154, 1.0)",1.9599864404759315,88.28893493923357,-1.4994669751490384,5,0.4537069832711154,2.268534916355577,0.0,0.0,0.0,0.0,49.27974711963365,7.482556498730737,True,False,False,False,False,0.0
2025-10-21 18:00:00+00:00,85.35,85.46,85.315,85.34,2425.0,81.59035518430711,84.02140769575419,87.05523475368884,88.16189528385094,89.319320105488,89.91368909828779,89.76794501468044,88.26727530324847,"rgba(38, 166, 154, 1.0)",1.9470047497369176,88.26727530324847,-1.5034762003759892,5,0.45694364043203795,2.2847182021601897,0.0,0.0,0.0,0.0,47.0247781242564,5.021312988227173,True,False,False,True,False,0.0
2025-10-21 19:00:00+00:00,85.28,85.495,85.17,85.3,5587.0,81.60160340091208,84.02616499414118,87.04591130115473,88.14218986835618,89.28369560131831,89.85930964195144,89.70220104979926,88.21759566648923,"rgba(38, 166, 154, 1.0)",1.945611536832272,88.21759566648923,-1.4995776963984744,5,0.46174470236573495,2.3087235118286746,0.0,0.0,0.0,0.0,45.29337457089882,3.011172705965677,True,False,False,True,False,0.0
2025-10-22 14:00:00+00:00,86.325,87.02,86.19,86.62,2359.0,81.60797014970959,84.03015041499093,87.04492366230147,88.13771455156889,89.27367315152631,89.84314354730301,89.68301554320558,88.21038674049451,"rgba(38, 166, 154, 1.0)",1.9288408109215311,88.21038674049451,-0.8245298064461208,5,0.4700964020766326,2.350482010383163,0.0,0.0,0.0,0.0,51.39149936448084,3.011172705965677,True,False,True,False,True,0.0
2025-10-22 15:00:00+00:00,86.565,87.455,86.565,87.07,2167.0,81.61429434141147,84.03439489939879,87.04489266645712,88.13475035965449,89.265973703533,89.83034512175058,89.66798038231126,88.20763391046842,"rgba(38, 166, 154, 1.0)",1.91247211132061,88.20763391046842,-0.5948499346653785,5,0.47897223141054274,2.3948611570527136,0.0,0.0,0.0,0.0,56.979594384101915,-1.1846358034556133,True,False,True,False,True,0.0
2025-10-22 16:00:00+00:00,87.06,87.175,86.455,86.95,2438.0,81.62116901842532,84.03888567071454,87.04446163506381,88.1309241138428,89.25672049863519,89.81521894727892,89.65019034304014,88.20265676519969,"rgba(38, 166, 154, 1.0)",1.8918724339417863,88.20265676519969,-0.662125385795559,5,0.48963586347693155,2.4481793173846578,0.0,0.0,0.0,0.0,59.88096748551358,1.5459864720956489,True,False,True,False,True,0.0
2025-10-22 17:00:00+00:00,86.925,86.99,86.66,86.84,3305.0,81.6304065414084,84.04488620857816,87.04378600921116,88.12565213206337,89.24413412960212,89.79475222207002,89.6261752108674,88.19537738844846,"rgba(38, 166, 154, 1.0)",1.8670881675024646,88.19537738844846,-0.7259311113633689,5,0.4989298899841133,2.4946494499205665,0.0,0.0,0.0,0.0,61.02579187841145,2.800447137689794,True,False,True,False,True,0.0
2025-10-22 18:00:00+00:00,86.84,87.095,86.73,87.085,2861.0,81.63859125789284,84.05031989059165,87.0435853337339,88.12161219512495,89.23396935761976,89.77808631269681,89.6067386226064,88.19062463628428,"rgba(38, 166, 154, 1.0)",1.8383810028702359,88.19062463628428,-0.6014121308684627,4,0.401186479970962,1.604745919883848,0.0,0.0,0.0,0.0,62.80221576266263,4.798409637670332,True,False,True,False,True,0.0
2025-10-22 19:00:00+00:00,87.08,88.475,86.98,88.12,7556.0,81.66366893592718,84.06891071241665,87.04939577843389,88.11920369708967,89.21791982107315,89.74863171396173,89.57358992244946,88.2038411834032,"rgba(38, 166, 154, 1.0)",1.8106815823869309,88.2038411834032,-0.04630365947207064,4,0.4039691751862109,1.6158767007448436,0.0,0.0,0.0,0.0,67.15507867901727,9.177923221455991,True,False,True,False,True,1.422927035165305
2025-10-23 14:00:00+00:00,90.31,91.39,90.31,90.86,3289.0,81.6797689029563,84.08329747276022,87.06116764411529,88.13004784420697,89.22618321586002,89.7559605309515,89.58406482092118,88.32805520137917,"rgba(38, 166, 154, 1.0)",1.8161120436133351,88.32805520137917,1.3941567138023445,4,0.4012985712701139,1.6051942850804557,0.0,0.0,0.0,0.0,73.73378970530362,15.434905790572017,True,False,True,False,True,11.475062314631607
2025-10-23 15:00:00+00:00,90.89,91.01,90.56,90.66,6187.0,81.70954115405942,84.10975894247393,87.08247897700134,88.14940097305895,89.24046778975774,89.76813079364314,89.6016437016558,88.3974449085611,"rgba(38, 166, 154, 1.0)",1.8106575133451048,88.3974449085611,1.2495765072981326,5,0.5758486609789047,2.8792433048945236,0.0,0.0,0.0,0.0,77.07208878131743,18.565424102984707,True,False,True,False,True,10.603972186111548
2025-10-23 16:00:00+00:00,90.66,90.87,90.58,90.84,1918.0,81.71875136618115,84.11794408612087,87.08907141243026,88.1553882763148,89.24489982292236,89.77191907684993,89.60707907041035,88.41901192592084,"rgba(38, 166, 154, 1.0)",1.805306367651631,88.41901192592084,1.3410400126314397,5,0.5738975002477872,2.869487501238936,0.0,0.0,0.0,0.0,79.48897932791044,20.94791249334699,True,False,True,False,True,11.194239226492893
2025-10-23 17:00:00+00:00,90.85,90.96,90.72,90.87,5445.0,81.74504594090949,84.14137311072724,87.10809704269336,88.17279702239985,89.25805265938074,89.78344467918278,89.62337206941515,88.4810185417649,"rgba(38, 166, 154, 1.0)",1.8298176495577598,88.4810185417649,1.3055844437900628,5,0.5731686705198885,2.8658433525994425,0.0,0.0,0.0,0.0,81.13462410644915,22.748618087426706,True,False,True,False,True,11.29354981019026
2025-10-23 18:00:00+00:00,90.87,91.0,90.34,90.49,2506.0,81.75677924857726,84.15171754422131,87.11623136337813,88.18002233697302,89.26313221156727,89.7874917028121,89.62928880071914,88.50449817618804,"rgba(38, 166, 154, 1.0)",1.8336177207772624,88.50449817618804,1.0828330252885607,5,0.574425440647472,2.87212720323736,0.0,0.0,0.0,0.0,79.81926282098992,22.748618087426706,True,False,True,False,True,9.591782849777843
2025-10-23 19:00:00+00:00,90.49,90.49,89.72,89.98,7710.0,81.79046709768332,84.18066048249499,87.1371432410519,88.1970445964534,89.27227643198248,89.79158528541815,89.63715194478574,88.55219307924993,"rgba(38, 166, 154, 1.0)",1.8285800083259418,88.55219307924993,0.7808282460974864,4,0.6853034887074436,2.7412139548297745,0.0,0.0,0.0,0.0,75.9937577886871,22.748618087426706,True,False,True,False,False,7.367259976110024
2025-10-24 14:00:00+00:00,90.18,90.56,89.985,90.535,1283.0,81.79624657839089,84.1856908193618,87.14094424782832,88.20029294251181,89.27434092432136,89.7929855501558,89.63932451574308,88.5621621029829,"rgba(38, 166, 154, 1.0)",1.8246179410038375,88.5621621029829,1.081233420258774,4,0.6837627763407681,2.7350511053630724,0.0,0.0,0.0,0.0,74.74177143545732,22.748618087426706,True,False,True,False,False,9.286202616077663
2025-10-24 15:00:00+00:00,90.535,91.315,90.515,91.22,1690.0,81.80443041185684,84.19300780776294,87.14695593247306,88.20585335199392,89.27868602376485,89.79694346252549,89.64475592910271,88.58069377782218,"rgba(38, 166, 154, 1.0)",1.8393467504717336,88.58069377782218,1.434914988976888,4,0.6769730150006102,2.707892060002441,0.0,0.0,0.0,0.0,75.25739769197457,22.748618087426706,True,False,True,False,False,11.553377548418542
2025-10-24 16:00:00+00:00,91.225,91.375,90.65,90.65,2578.0,81.81671742966772,84.20393540396363,87.15579551232868,88.21391794621529,89.28479891558676,89.80231824550236,89.65221179255708,88.60661260715773,"rgba(38, 166, 154, 1.0)",1.8356535719025235,88.60661260715773,1.1131661355494502,4,0.6761374676130757,2.7045498704523028,0.0,0.0,0.0,0.0,72.54508179820998,29.484655982807624,True,False,True,False,False,9.089999731344228
2025-10-24 17:00:00+00:00,90.69,90.715,90.45,90.645,4519.0,81.83749370145945,84.22218256109075,87.17000205780647,88.22642853970426,89.29350039088891,89.80915319108753,89.6620775327605,88.6442307547229,"rgba(38, 166, 154, 1.0)",1.8613716123551864,88.6442307547229,1.0748897382965525,4,0.6739537490786709,2.6958149963146836,0.0,0.0,0.0,0.0,70.71036846821943,27.366530269252067,True,False,True,False,False,9.068583166745686
2025-10-24 18:00:00+00:00,90.645,90.965,90.535,90.96,3140.0,81.85222760627016,84.2352287629444,87.18042325550245,88.2358299854927,89.3004682363624,89.81511117993759,89.67036346772221,88.67245650182096,"rgba(38, 166, 154, 1.0)",1.9057718234997953,88.67245650182096,1.2003239159964834,4,0.6684378184159417,2.673751273663767,0.0,0.0,0.0,0.0,70.33815295666497,26.583905911330135,True,False,True,False,False,10.130668358128698
2025-10-24 19:00:00+00:00,90.96,91.115,90.73,91.015,3923.0,81.87084050665034,84.25178446675457,87.1938337168917,88.24808158450296,89.30984079594077,89.82343157002929,89.68173192929827,88.70870182868033,"rgba(38, 166, 154, 1.0)",1.9492105285697596,88.70870182868033,1.1831960363008722,4,0.6632679295939714,2.6530717183758856,0.0,0.0,0.0,0.0,70.24189875938943,25.984785353920373,True,False,True,False,False,10.316315281604183
2025-10-27 14:00:00+00:00,91.32,91.775,91.3,91.59,1922.0,81.8805340368925,84.26059142726406,87.20141511595587,88.2553698305765,89.31606090723491,89.829610863033,89.6898292049555,88.82199374465542,"rgba(38, 166, 154, 1.0)",2.003439355771668,88.82199374465542,1.3816271739747423,4,0.6546471709895687,2.618588683958275,0.0,0.0,0.0,0.0,71.67371002582689,25.984785353920373,True,False,True,False,False,12.232606489903361
2025-10-27 15:00:00+00:00,91.59,91.755,91.355,91.525,1121.0,81.88617296625544,84.26571122859315,87.20581465465186,88.25959302378845,89.31965674634581,89.83317382364959,89.69449452666224,88.83425062444674,"rgba(38, 166, 154, 1.0)",2.0533921901305305,88.83425062444674,1.3103923295735438,4,0.6469691545290264,2.5878766181161055,0.0,0.0,0.0,0.0,72.16363502534911,25.984785353920373,True,False,True,False,False,11.935519628205814
2025-10-27 16:00:00+00:00,91.525,91.535,91.23,91.43,444.0,81.88837069941819,84.26769624683914,87.20749592285075,88.26118818964332,89.32098410694063,89.83446037520434,89.69618992285409,88.83789572477545,"rgba(38, 166, 154, 1.0)",2.090065051361203,88.83789572477545,1.2402026786373894,4,0.6400131818039592,2.5600527272158367,0.0,0.0,0.0,0.0,71.76296361586049,25.984785353920373,True,False,True,False,False,11.496194775865082
2025-10-27 17:00:00+00:00,91.43,91.48,91.045,91.3,1537.0,81.89587221728853,84.27444057869377,87.21313461540775,88.2664810946814,89.32529395571409,89.83854780835911,89.70160955865049,88.8490243721466,"rgba(38, 166, 154, 1.0)",2.124004370892436,88.8490243721466,1.153940952966861,4,0.6338457817018317,2.535383126807327,0.0,0.0,0.0,0.0,70.45729994044873,24.614272713643388,True,False,True,False,False,10.890121124260485
2025-10-27 18:00:00+00:00,91.3,91.395,91.175,91.385,2484.0,81.90802626677645,84.28538022884221,87.22231139744616,88.2751185993225,89.33237312351494,89.84530264690073,89.71052927527728,88.871048140988,"rgba(38, 166, 154, 1.0)",2.1602705181792246,88.871048140988,1.1637208571132494,4,0.6290653937763808,2.5162615751055233,0.0,0.0,0.0,0.0,69.9221800167768,23.759639858136893,True,False,True,False,False,11.188437626147469
2025-10-27 19:00:00+00:00,91.4,91.56,90.96,91.5,3121.0,81.9232877984056,84.29911937856798,87.2338441728909,88.28597882904053,89.34129297540817,89.85382634254954,89.72174697568262,88.89992213148697,"rgba(38, 166, 154, 1.0)",2.2011759080957214,88.89992213148697,1.1812222089793822,4,0.6260398760787601,2.5041595043150404,0.0,0.0,0.0,0.0,70.03737301553073,23.528365486737698,True,False,True,False,False,11.595746203726517
2025-10-28 14:00:00+00:00,90.65,90.9,90.525,90.59,2284.0,81.93363472807596,84.30818887363628,87.24087614061455,88.29214927498812,89.34560459885913,89.85722523060194,89.72650869734747,88.9090971527031,"rgba(38, 166, 154, 1.0)",2.2249771473678037,88.9090971527031,0.7554697131543354,3,0.7433662527353652,2.2300987582060956,0.0,0.0,0.0,0.0,63.36669090824617,17.163372774435317,False,False,True,False,False,7.351382902287305
2025-10-28 15:00:00+00:00,90.59,91.04,90.57,90.84,2276.0,81.94409179157998,84.31740630972868,87.24814987307352,88.29863919818554,89.35034018796367,89.86118224934697,89.73192719286556,88.92217196480108,"rgba(38, 166, 154, 1.0)",2.2531234916158396,88.92217196480108,0.851186382963653,3,0.7403032204021445,2.2209096612064334,0.0,0.0,0.0,0.0,60.28146834593808,14.430446406499058,False,False,True,False,False,8.268280527614962
2025-10-28 16:00:00+00:00,90.84,91.145,90.76,91.005,1154.0,81.94947590058676,84.32217988217833,87.25198456071182,88.30211665365663,89.352979508216,89.86349610432188,89.73503945320977,88.93023292708605,"rgba(38, 166, 154, 1.0)",2.2842890016908877,88.93023292708605,0.9082769611805461,3,0.7360213689036699,2.2080641067110096,0.0,0.0,0.0,0.0,59.10005177182285,13.426681931770887,False,False,True,False,False,8.871903564636202
2025-10-28 17:00:00+00:00,91.005,91.18,90.63,91.05,1092.0,81.95455542783544,84.32667937580253,87.25558972232011,88.30537844698215,89.35544345859967,89.86564392339736,89.73793057761914,88.93775743004379,"rgba(38, 166, 154, 1.0)",2.3153998020311692,88.93775743004379,0.9122582493542833,3,0.7322021170905314,2.196606351271594,0.0,0.0,0.0,0.0,58.56128825415307,12.882426903077878,False,False,True,False,False,9.037950218218011
2025-10-28 18:00:00+00:00,91.16,91.26,90.98,91.23,1204.0,81.96027569034891,84.33178529007266,87.2597746402825,88.30924093788721,89.3584959238021,89.86844310543324,89.74163299469899,88.94760982021657,"rgba(38, 166, 154, 1.0)",2.3483617118605253,88.94760982021657,0.9719074230584246,3,0.7281789247088621,2.1845367741265864,0.0,0.0,0.0,0.0,59.223305297513406,12.882426903077878,False,True,True,False,False,9.707131478936763
2025-10-28 19:00:00+00:00,91.26,91.655,91.26,91.455,4873.0,81.98410797679605,84.35327789876474,87.27791803730504,88.3264033036242,89.37278898769206,89.8822591690096,89.75955816367672,88.99474477442587,"rgba(38, 166, 154, 1.0)",2.383796417558169,88.99474477442587,1.0320743866602002,3,0.7234537732793697,2.170361319838109,0.0,0.0,0.0,0.0,60.87461932513792,12.882426903077878,False,False,True,False,True,10.541226640316463
2025-10-29 14:00:00+00:00,92.56,94.27,92.56,93.72,2820.0,82.00083255680494,84.36924635107243,87.29348686290892,88.34272989323115,89.38906078134042,89.90046364532537,89.7821461829717,89.05189147185303,"rgba(38, 166, 154, 1.0)",2.475615025960137,89.05189147185303,1.8856358840916732,3,0.7050248203790148,2.1150744611370444,0.0,0.0,0.0,0.0,68.0686849350798,13.424832044886642,True,False,True,False,True,18.018501290831598
2025-10-29 15:00:00+00:00,93.84,94.17,93.555,93.965,756.0,82.00545560394558,84.37369524326016,87.29790148698667,88.34740954585594,89.39380091063151,89.90582262381788,89.78876708130056,89.06809106749799,"rgba(38, 166, 154, 1.0)",2.5692861612481557,89.06809106749799,1.9059414269849582,3,0.6875359155015066,2.06260774650452,0.0,0.0,0.0,0.0,73.2066145386317,17.910446427150774,True,False,True,False,True,18.73884823389417
2025-10-29 16:00:00+00:00,93.9,94.28,93.9,94.05,2170.0,82.01890609119427,84.38668310136015,87.31088512842784,88.36123246769273,89.40789331123699,89.92181554787086,89.80848126976589,89.32732156808228,"rgba(38, 166, 154, 1.0)",2.657104979837424,89.32732156808228,1.7773774343709494,3,0.6715025556219244,2.0145076668657733,0.0,0.0,0.0,0.0,76.75473654077618,20.89812121191588,True,False,True,False,True,18.989519131795785
2025-10-29 17:00:00+00:00,93.995,94.02,93.655,93.655,1533.0,82.02815419033901,84.39555403956093,87.3196221242243,88.37044709216109,89.41716145782878,89.93222958454189,89.8213282296583,89.35023022547247,"rgba(38, 166, 154, 1.0)",2.7280316502356974,89.35023022547247,1.5779764777126408,3,0.6595290124884438,1.9785870374653314,0.0,0.0,0.0,0.0,76.20066380061864,20.89812121191588,True,False,True,False,True,17.044844887342588
2025-10-29 18:00:00+00:00,93.67,93.67,92.7,92.93,2515.0,82.04242286634502,84.40902408629361,87.33240802892276,88.38361296417433,89.42993475449789,89.94620743701259,89.8386503721754,89.37088259511518,"rgba(38, 166, 154, 1.0)",2.77700086132267,89.37088259511518,1.2816407277560735,2,0.7846304503568349,1.5692609007136697,0.0,0.0,0.0,0.0,71.39040532020167,20.89812121191588,True,False,True,False,False,13.611081945378523
2025-10-29 19:00:00+00:00,93.08,93.08,92.24,92.38,6340.0,82.07650267859674,84.44072363001612,87.36143266342823,88.41276287582933,89.45712219726495,89.97503522126722,89.87450588414146,89.41924915635009,"rgba(38, 166, 154, 1.0)",2.8117728080923317,89.41924915635009,1.0529836675028692,2,0.7769614093355343,1.5539228186710685,0.0,0.0,0.0,0.0,65.47590732646331,22.42979726693224,False,False,True,False,False,11.123980275167082
2025-10-30 14:00:00+00:00,91.675,92.105,91.515,92.07,3453.0,82.09379156747754,84.45646998633036,87.37508820639015,88.42593549389068,89.4685842316097,89.98648025109146,89.88887844612815,89.43508823373153,"rgba(239, 83, 80, 1.0)",2.8432056327802626,89.43508823373153,0.9267397812840851,2,0.7707927772771253,1.5415855545542505,0.0,0.0,0.0,0.0,60.15655377160188,17.724407257936093,False,True,True,False,False,9.75578595256631
2025-10-30 15:00:00+00:00,92.07,92.26,91.76,91.88,3678.0,82.11227120618173,84.47332651281552,87.38976718352477,88.4401381148688,89.48102384362932,89.9989633267059,89.90449047771774,89.45784982257106,"rgba(239, 83, 80, 1.0)",2.8704331264351906,89.45784982257106,0.8438274193264402,2,0.7667354042982537,1.5334708085965074,0.0,0.0,0.0,0.0,55.778488160036765,13.87437073742791,False,True,True,False,False,8.921979518857938
2025-10-30 16:00:00+00:00,91.895,92.365,91.825,92.32,3261.0,82.1289348008917,84.48861257143976,87.4032783439568,88.45335610940191,89.49284371819668,90.01103037719943,89.91948316496261,89.4835957714854,"rgba(239, 83, 80, 1.0)",2.903875436301074,89.4835957714854,0.9767651163879045,2,0.7607707778285843,1.5215415556571685,0.0,0.0,0.0,0.0,54.90924716155331,13.106157153973584,False,True,True,False,False,10.42320312740436
2025-10-30 17:00:00+00:00,92.27,92.315,92.025,92.11,2960.0,82.14398252924512,84.50239921600293,87.41542524496457,88.46520906294491,89.50340349075283,90.02176764841712,89.93280177868505,89.50672744920958,"rgba(239, 83, 80, 1.0)",2.9325506116848725,89.50672744920958,0.8877161541279361,2,0.7562363643255287,1.5124727286510573,0.0,0.0,0.0,0.0,53.29010176027075,11.385707438741122,False,True,True,False,False,9.48838758198643
2025-10-30 18:00:00+00:00,92.11,92.155,91.85,91.93,1939.0,82.15364663920147,84.51120141284471,87.4230613542752,88.47257261455641,89.50982973648075,90.02818039497402,89.94077163303261,89.51997438907752,"rgba(239, 83, 80, 1.0)",2.9575733113306173,89.51997438907752,0.8148658907928182,1,0.9773846665188997,0.9773846665188997,0.0,0.0,0.0,0.0,51.31748023948638,9.221689081968428,False,True,False,False,False,8.687378989758596
2025-10-30 19:00:00+00:00,91.905,91.91,91.29,91.32,6303.0,82.18342854195934,84.53787323583848,87.44515602377234,88.49310518760608,89.52654280871865,90.04376636622767,89.96035604064308,89.54788358286717,"rgba(239, 83, 80, 1.0)",2.973600074893846,89.54788358286717,0.5959498158796904,1,0.9721031799981413,0.9721031799981413,0.0,0.0,0.0,0.0,47.32573624342307,5.190457156779644,False,True,False,True,False,6.03080710719836
2025-10-31 14:00:00+00:00,89.61,90.525,88.51,88.88,4622.0,82.20001853334028,84.55116439594288,87.45250595379582,88.49711428769835,89.5251913691941,90.03809925175989,89.95440020304657,89.52007610298612,"rgba(239, 83, 80, 1.0)",2.973671642269758,89.52007610298612,-0.21524774083582687,1,0.9722775247490337,0.9722775247490337,0.0,0.0,0.0,0.0,38.989891647006296,-2.6516640911700193,False,True,False,True,False,0.0
2025-10-31 15:00:00+00:00,88.88,89.23,88.26,88.885,4591.0,82.2152358448742,84.56287555215215,87.45774214263389,88.49855196720694,89.52077355433697,90.02867375152901,89.9439981202067,89.4867681051552,"rgba(239, 83, 80, 1.0)",2.973382423442926,89.4867681051552,-0.20238503477073932,2,0.6089976042037384,1.2179952084074768,0.0,0.0,0.0,0.0,33.45846676378277,-7.648301313525188,False,True,False,True,False,0.0
2025-10-31 16:00:00+00:00,88.885,88.885,88.12,88.55,5953.0,82.23404756163153,84.57698972274575,87.46309225470708,88.49867637410873,89.51300569401903,90.01400809968638,89.92764964780815,89.44345098865928,"rgba(239, 83, 80, 1.0)",2.9718689375518026,89.44345098865928,-0.3006360668769258,2,0.6090008805953178,1.2180017611906355,0.0,0.0,0.0,0.0,29.24927466148206,-11.45003937954776,False,True,False,True,False,0.0
2025-10-31 17:00:00+00:00,88.54,89.24,88.48,89.045,3576.0,82.24601578402326,84.58628254903044,87.46749872713562,88.50026837238917,89.51026586024952,90.00767347771672,89.920767394418,89.42679384416272,"rgba(239, 83, 80, 1.0)",2.9704701481254125,89.42679384416272,-0.12852976974155259,2,0.6092738025361472,1.2185476050722943,0.0,0.0,0.0,0.0,29.189165272897704,-11.615394684414483,False,True,False,True,False,0.0
2025-10-31 18:00:00+00:00,89.045,89.465,88.875,89.26,11075.0,82.28434567840414,84.61664383491106,87.4835584376851,88.50833063534502,89.5058767114072,89.9934235195097,89.90581276153826,89.39641539718403,"rgba(239, 83, 80, 1.0)",2.965604324418943,89.39641539718403,-0.045999190134965826,2,0.609344762557502,1.218689525115004,0.0,0.0,0.0,0.0,30.293105304291096,-11.615394684414483,False,True,False,True,False,0.0
2025-10-31 19:00:00+00:00,89.255,89.29,88.24,88.24,15940.0,82.33397597969345,84.65392394876777,87.49812581375302,88.50966288696718,89.48760100264052,89.95866825912226,89.86765876083805,89.33192065604936,"rgba(239, 83, 80, 1.0)",2.9538301566945147,89.33192065604936,-0.3696626407495555,2,0.6095118841862879,1.2190237683725758,0.0,0.0,0.0,0.0,28.80554823364927,-12.737723194288463,False,True,False,True,False,0.0
2025-11-03 15:00:00+00:00,88.68,88.68,87.47,87.83,5917.0,82.35046254210711,84.66551419602466,87.5005342546335,88.50655514154508,89.476614136308,89.94076601388282,89.84769903246355,89.3000911887935,"rgba(239, 83, 80, 1.0)",2.9381410559856085,89.3000911887935,-0.5003473831859161,2,0.6093327434409981,1.2186654868819962,0.0,0.0,0.0,0.0,27.082592251685508,-14.8915682317458,False,True,False,True,False,0.0
2025-11-03 16:00:00+00:00,87.945,88.67,87.915,88.35,5544.0,82.36668941531266,84.67733289034776,87.50421374459494,88.50546223270153,89.46864352254656,89.92697966482523,89.83252434147921,89.27829894708017,"rgba(239, 83, 80, 1.0)",2.9166895772593757,89.27829894708017,-0.3182714246719536,2,0.6093172194418448,1.2186344388836896,0.0,0.0,0.0,0.0,28.685120278812803,-14.8915682317458,False,True,False,True,False,0.0
2025-11-03 17:00:00+00:00,88.27,89.055,88.07,89.055,6421.0,82.3866773913877,84.69247792724973,87.51060272748707,88.50688967791986,89.46281004833232,89.91532929378126,89.82001434394579,89.26348895245954,"rgba(239, 83, 80, 1.0)",2.8989447101377848,89.26348895245954,-0.07191891302046366,2,0.6092164855914244,1.2184329711828488,0.0,0.0,0.0,0.0,32.96646387978043,-14.8915682317458,False,True,False,True,True,0.0
2025-11-03 18:00:00+00:00,89.045,89.215,88.88,89.085,5005.0,82.40298514707595,84.70517369617284,87.51688907146439,88.50965789265793,89.46035655277012,89.90890675626271,89.81337127959556,89.25804252273619,"rgba(239, 83, 80, 1.0)",2.8686449543081003,89.25804252273619,-0.06032204245991573,2,0.6091960824411514,1.2183921648823028,0.0,0.0,0.0,0.0,35.95184995258738,-21.384680272639137,False,True,False,True,True,0.0
2025-11-03 19:00:00+00:00,89.09,89.34,88.825,89.185,2725.0,82.41190582361256,84.71214453628997,87.52041520768675,88.51130743552969,89.45922055805418,89.90568108083605,89.81007141661146,89.255741545095,"rgba(239, 83, 80, 1.0)",2.8331200974349766,89.255741545095,-0.02496948334772361,2,0.6092460810657633,1.2184921621315266,0.0,0.0,0.0,0.0,38.418611723635024,-18.80845799241953,False,True,False,True,True,0.0
2025-11-03 20:00:00+00:00,89.17,89.8,89.17,89.78,8054.0,82.4399592278921,84.73478868758863,87.53376721396141,88.51984914498118,89.46042129835389,89.90184808349298,89.80694116427,89.26078584998615,"rgba(239, 83, 80, 1.0)",2.797435395643003,89.26078584998615,0.18560362495681806,2,0.6091271746021616,1.2182543492043232,0.0,0.0,0.0,0.0,42.73413655968781,-14.565348125459778,False,True,False,True,True,0.6484885496436128
2025-11-04 15:00:00+00:00,87.885,88.57,87.335,88.34,3601.0,82.44980938357187,84.74173046610264,87.53534817777863,88.51829367508624,89.45448307460946,89.89222227443857,89.7963571089471,89.15660315452027,"rgba(239, 83, 80, 1.0)",2.7554228563181877,89.15660315452027,-0.2963621908876141,3,0.4730714213942573,1.4192142641827719,0.0,0.0,0.0,0.0,40.8504831033927,-14.565348125459778,False,True,False,True,True,0.0
2025-11-04 16:00:00+00:00,88.34,88.465,88.19,88.28,744.0,82.45192316926043,84.74325963365683,87.5358107206275,88.51814224049185,89.45346703750835,89.89049719977325,89.79447766442298,89.15639884332265,"rgba(239, 83, 80, 1.0)",2.7087100467050202,89.15639884332265,-0.3235484153753307,4,0.433605076823973,1.734420307295892,0.0,0.0,0.0,0.0,39.43567880726637,-14.565348125459778,False,True,False,True,False,0.0
2025-11-04 17:00:00+00:00,88.305,88.46,88.045,88.155,653.0,82.45374815537662,84.74456623734994,87.53616832391384,88.51795058445734,89.4525052876379,89.8888984949476,89.79273028147666,89.15498012851094,"rgba(239, 83, 80, 1.0)",2.660799442964333,89.15498012851094,-0.3758194294406824,4,0.4337854653311546,1.7351418613246183,0.0,0.0,0.0,0.0,38.13530280327869,-14.565348125459778,False,True,False,True,False,0.0
2025-11-04 18:00:00+00:00,88.155,88.45,87.955,88.1,842.0,82.45607857970948,84.74622454209573,87.53659408112121,88.5176610295583,89.45121549389853,89.8867779036622,89.79040903307776,89.15246080642575,"rgba(239, 83, 80, 1.0)",2.609470663592102,89.15246080642575,-0.4033234866787033,4,0.4344521286591173,1.7378085146364692,0.0,0.0,0.0,0.0,37.09921125088729,-14.565348125459778,False,True,False,True,False,0.0
2025-11-04 19:00:00+00:00,88.12,88.29,88.075,88.26,1899.0,82.46136427384084,84.75000234728572,87.53761287419076,88.51708431716169,89.4484064582393,89.88212525575426,89.78532659421732,89.14736899164478,"rgba(239, 83, 80, 1.0)",2.561450312363368,89.14736899164478,-0.34643224869977296,4,0.43517669780556933,1.7407067912222773,0.0,0.0,0.0,0.0,37.375615926734156,-14.565348125459778,False,True,False,True,False,0.0
2025-11-04 20:00:00+00:00,88.26,88.435,88.12,88.335,4606.0,82.47434082824304,84.7593643765061,87.54039490610919,88.51609205524184,89.44212722799911,89.87153669648275,89.77381677499274,89.13714832739899,"rgba(239, 83, 80, 1.0)",2.5095693826810628,89.13714832739899,-0.3196358438761442,4,0.4359313411571167,1.7437253646284667,0.0,0.0,0.0,0.0,38.0359123049638,-14.565348125459778,False,True,False,True,False,0.0
2025-11-05 15:00:00+00:00,89.085,90.28,89.085,90.24,3800.0,82.48788145107768,84.77046629599432,87.54741284334041,88.52109566965052,89.44403568475646,89.87151914307393,89.7744158471385,89.16281741058489,"rgba(239, 83, 80, 1.0)",2.4579527810512647,89.16281741058489,0.43824380912410854,4,0.4359296860748314,1.7437187442993256,0.0,0.0,0.0,0.0,46.49427758999929,-9.371593819545659,False,True,False,False,True,2.715162875957322
2025-11-05 16:00:00+00:00,90.24,90.24,89.55,89.63,4292.0,82.50298842169563,84.7827967569231,87.555079444708,88.52644612266175,89.4458604741867,89.87112022993473,89.77464508697894,89.1815736101421,"rgba(239, 83, 80, 1.0)",2.3975586907684856,89.1815736101421,0.18703458296329203,5,0.43185235034542435,2.1592617517271218,0.0,0.0,0.0,0.0,49.49054292487564,-6.651150634545289,False,False,False,False,True,0.5687680531876751
2025-11-05 17:00:00+00:00,89.63,89.63,89.305,89.315,2752.0,82.5121266467571,84.79005995036526,87.55912116294506,88.52881544093111,89.44576658225024,89.86933489171055,89.7730209597258,89.18589454541821,"rgba(239, 83, 80, 1.0)",2.3400271269707136,89.18589454541821,0.05517263158779006,5,0.43173713493719995,2.1586856746859997,0.0,0.0,0.0,0.0,50.23572799135845,-5.911342508254549,False,False,False,False,True,0.0
2025-11-05 18:00:00+00:00,89.315,89.315,88.56,88.56,2627.0,82.52006491104959,84.7960681686131,87.56171169312883,88.52953223355377,89.4438258053266,89.86538335073136,89.76887541591222,89.1820920635265,"rgba(239, 83, 80, 1.0)",2.3031179414559153,89.1820920635265,-0.27010864373417165,5,0.43177282625326174,2.158864131266309,0.0,0.0,0.0,0.0,48.0704288052183,-5.911342508254549,False,False,False,False,True,0.0
2025-11-05 19:00:00+00:00,88.56,88.685,88.11,88.625,2987.0,82.52858267319263,84.80230421133832,87.56385046673674,88.52937076467434,89.44046009700915,89.85949483262493,89.76255420158225,89.17360150426912,"rgba(239, 83, 80, 1.0)",2.264185387390435,89.17360150426912,-0.24229531173743699,6,0.39988961835250475,2.3993377101150286,0.0,0.0,0.0,0.0,46.90319962329672,-5.911342508254549,False,False,False,True,False,0.0
2025-11-05 20:00:00+00:00,88.66,89.155,88.65,88.99,6116.0,82.54728609486482,84.81659295376643,87.57038973163593,88.53172359950973,89.43687265369238,89.85152763445156,89.75433544232138,89.16907784432519,"rgba(239, 83, 80, 1.0)",2.2283524536440793,89.16907784432519,-0.08036333930583646,6,0.3998665053282973,2.399199031969784,0.0,0.0,0.0,0.0,47.6983841375386,-5.911342508254549,False,False,False,True,False,0.0
