date,Open,High,Low,Close,Volume,aVWAP_BoS_CHoCH_bull_285,Peaks_Valleys_avg,color,StDev,StDev_Mean,StdDev_ZScore,MA_Cross_Count,MA_Avg_Deviation_Z,MA_Oscillation_Score,BoS,CHoCH,BoS_CHoCH_Price,BoS_CHoCH_Break_Index,QQEMOD,QQE1_Value,QQE1_Above_Upper,QQE1_Below_Lower,QQE2_Above_Threshold,QQE2_Below_Threshold,QQE2_Above_TL,banker_RSI
2024-02-05 17:00:00+00:00,63.97,64.8,63.95,64.215,9763.0,,,"rgba(38, 166, 154, 1.0)",,,,0,,,0.0,0.0,0.0,0.0,,,False,False,False,False,False,
2024-02-06 17:00:00+00:00,65.01,65.72,64.935,65.595,11544.0,,,"rgba(38, 166, 154, 1.0)",,,,0,,,0.0,0.0,0.0,0.0,100.0,,False,False,True,False,False,
2024-02-07 17:00:00+00:00,65.43,65.95,65.08,65.5,14751.0,,,"rgba(239, 83, 80, 1.0)",,,,0,,,0.0,0.0,0.0,0.0,97.60403530895337,41.6141235813368,False,False,True,False,True,
2024-02-08 17:00:00+00:00,64.005,64.34,63.625,64.02,19285.0,,,"rgba(239, 83, 80, 1.0)",,,,0,,,0.0,0.0,0.0,0.0,78.75983306311174,36.39456854620782,False,False,True,False,False,
2024-02-09 17:00:00+00:00,64.55,65.43,64.45,65.05,8931.0,,,"rgba(239, 83, 80, 1.0)",,,,0,,,0.0,0.0,0.0,0.0,72.16550511217432,31.206971174547164,False,False,True,False,False,
2024-02-12 17:00:00+00:00,67.53,67.97,67.36,67.53,12253.0,,,"rgba(239, 83, 80, 1.0)",,,,0,,,0.0,0.0,0.0,0.0,73.94283768482484,31.206971174547164,False,False,True,False,False,
2024-02-13 17:00:00+00:00,65.13,65.13,64.07,64.33,10240.0,,,"rgba(239, 83, 80, 1.0)",,,,0,,,0.0,0.0,0.0,0.0,64.9006183153507,25.630859168987698,False,False,True,False,False,
2024-02-14 17:00:00+00:00,64.99,65.72,64.99,65.34,6120.0,,,"rgba(239, 83, 80, 1.0)",,,,0,,,0.0,0.0,0.0,0.0,61.05743690780237,22.36511753573312,False,False,True,False,False,
2024-02-15 17:00:00+00:00,66.62,67.61,66.44,67.31,13420.0,,,"rgba(239, 83, 80, 1.0)",,,,0,,,0.0,0.0,0.0,0.0,61.80404240498228,22.36511753573312,False,False,True,False,False,
2024-02-16 17:00:00+00:00,67.58,68.31,67.125,67.14,13685.0,,,"rgba(239, 83, 80, 1.0)",,67.525,,0,,,0.0,0.0,0.0,0.0,61.87456904546464,22.36511753573312,False,False,True,False,False,
2024-02-19 17:00:00+00:00,67.14,67.14,67.14,67.14,0.0,,,"rgba(239, 83, 80, 1.0)",,67.525,,0,,,0.0,0.0,0.0,0.0,61.921586805786205,22.05373106480711,False,False,True,False,False,
2024-02-20 17:00:00+00:00,66.675,66.86,66.28,66.83,10556.0,,,"rgba(239, 83, 80, 1.0)",,67.14687506015979,,0,,,0.0,0.0,0.0,0.0,61.030060656063505,20.38697066780537,False,False,True,False,False,
2024-02-21 17:00:00+00:00,66.59,67.26,66.53,67.2,10155.0,,,"rgba(239, 83, 80, 1.0)",,67.10252786176687,,0,,,0.0,0.0,0.0,0.0,61.20397075718256,19.707845460308064,False,False,True,False,False,
2024-02-22 17:00:00+00:00,64.75,65.065,63.11,63.97,28222.0,,64.04833333333333,"rgba(239, 83, 80, 1.0)",,64.88716621684927,,0,,,0.0,0.0,0.0,0.0,53.993441438943414,12.332271488253348,False,False,True,False,False,
2024-02-23 17:00:00+00:00,64.55,65.09,64.26,64.5,20501.0,,64.28746888875206,"rgba(38, 166, 154, 1.0)",,64.86992758312891,,0,,,0.0,0.0,0.0,0.0,50.43205965238499,8.687846099936408,False,False,False,False,False,
2024-02-26 17:00:00+00:00,63.54,63.975,63.32,63.83,13798.0,,64.15965723516899,"rgba(239, 83, 80, 1.0)",,64.68187200694516,,0,,,0.0,0.0,0.0,0.0,46.89077923464738,5.117314360945045,False,False,False,True,False,
2024-02-27 17:00:00+00:00,64.865,65.24,64.415,65.04,15315.0,,64.30499903643559,"rgba(38, 166, 154, 1.0)",,64.73368159344292,,0,,,0.0,0.0,0.0,0.0,47.360381994685724,5.117314360945045,False,False,False,True,False,
2024-02-28 17:00:00+00:00,64.26,64.71,64.13,64.515,14895.0,,64.32855765601579,"rgba(239, 83, 80, 1.0)",,64.70382600655114,,0,,,0.0,0.0,0.0,0.0,46.63623661553011,4.124809715250677,False,False,False,True,False,
2024-02-29 17:00:00+00:00,64.98,65.54,64.66,65.105,14445.0,,64.43275598081661,"rgba(239, 83, 80, 1.0)",,64.7570767279176,,0,,,0.0,0.0,0.0,0.0,47.529540542294896,4.124809715250677,False,False,False,True,False,
2024-03-01 17:00:00+00:00,65.88,66.47,65.65,65.81,11513.0,,64.58251748968594,"rgba(239, 83, 80, 1.0)",,64.86562255144278,,0,,,0.0,0.0,0.0,0.0,49.67831755946103,4.124809715250677,False,False,False,False,False,
2024-03-04 17:00:00+00:00,65.83,66.0,65.135,65.67,6183.0,,64.63298035855382,"rgba(239, 83, 80, 1.0)",,64.8996458403848,,0,,,0.0,0.0,0.0,0.0,50.748733757872486,4.124809715250677,False,False,False,False,True,
2024-03-05 17:00:00+00:00,64.935,65.055,64.15,64.51,9615.0,,64.62859680365636,"rgba(239, 83, 80, 1.0)",,64.88052663873381,,0,,,0.0,0.0,0.0,0.0,48.6774226477099,4.124809715250677,False,False,False,False,True,
2024-03-06 17:00:00+00:00,65.355,65.63,65.01,65.01,6257.0,,64.6547403915383,"rgba(239, 83, 80, 1.0)",,64.89510266693507,,0,,,0.0,0.0,0.0,0.0,48.61199679071997,4.113230299228633,False,False,False,False,True,
2024-03-07 17:00:00+00:00,65.935,66.29,65.65,65.79,6428.0,,64.70956609726488,"rgba(239, 83, 80, 1.0)",,64.93622584141531,,0,,,0.0,0.0,0.0,0.0,50.47469555150319,4.113230299228633,False,False,False,False,True,
2024-03-08 17:00:00+00:00,67.055,69.065,66.93,69.01,31870.0,,66.84495197123206,"rgba(38, 166, 154, 1.0)",,66.44214709919142,,0,,,0.0,0.0,0.0,0.0,56.9097444722284,1.4700887864627035,False,False,True,False,True,
2024-03-11 17:00:00+00:00,68.875,68.945,67.36,67.76,23628.0,,66.93370232109865,"rgba(38, 166, 154, 1.0)",,66.580554710372,,0,,,0.0,0.0,0.0,0.0,58.19122530707226,2.686404222018254,False,False,True,False,True,
2024-03-12 17:00:00+00:00,65.545,66.08,65.435,65.63,7568.0,,66.78539019908852,"rgba(239, 83, 80, 1.0)",,66.48003767795652,,0,,,0.0,0.0,0.0,0.0,55.02183001026039,2.686404222018254,False,False,True,False,False,
2024-03-13 17:00:00+00:00,65.21,65.3,64.54,64.74,6321.0,,66.63498973693467,"rgba(239, 83, 80, 1.0)",,66.37129641949736,,0,,,0.0,0.0,0.0,0.0,51.52273898143987,7.378800392891449,False,False,False,False,False,
2024-03-14 17:00:00+00:00,63.54,63.87,63.03,63.87,14524.0,,65.34410063804238,"rgba(239, 83, 80, 1.0)",,65.43822582940699,,0,,,0.0,0.0,0.0,0.0,47.91555574721151,4.034277207755238,False,False,False,True,False,
2024-03-15 17:00:00+00:00,63.45,64.195,63.25,63.91,6815.0,,65.26965915619488,"rgba(239, 83, 80, 1.0)",,65.37028361424672,,0,,,0.0,0.0,0.0,0.0,45.59817262367879,1.8719859695730108,False,False,False,True,False,
2024-03-18 17:00:00+00:00,64.1,64.12,63.48,63.49,4664.0,,65.21216963444805,"rgba(239, 83, 80, 1.0)",,65.31884961003628,,0,,,0.0,0.0,0.0,0.0,43.37542310090589,-0.2801823281340461,False,False,False,True,False,
2024-03-19 17:00:00+00:00,64.66,65.19,64.36,64.61,11538.0,,65.24433406988211,"rgba(239, 83, 80, 1.0)",,65.33378550639131,,0,,,0.0,0.0,0.0,0.0,44.532237603446234,-0.2801823281340461,False,False,False,True,False,
2024-03-20 17:00:00+00:00,65.2,66.355,65.11,65.95,13245.0,,65.38922486762637,"rgba(239, 83, 80, 1.0)",,65.44467975488969,,0,,,0.0,0.0,0.0,0.0,47.935462599273855,-0.2801823281340461,False,False,False,False,True,
2024-03-21 17:00:00+00:00,66.795,66.99,66.36,66.37,16817.0,,65.598871324386,"rgba(239, 83, 80, 1.0)",,65.61461464949967,,0,,,0.0,0.0,0.0,0.0,50.95516143171825,-5.3974910772377385,False,False,False,False,True,
2024-03-22 17:00:00+00:00,66.33,66.62,66.28,66.32,13438.0,,65.69371764683488,"rgba(239, 83, 80, 1.0)",,65.6932863184364,,0,,,0.0,0.0,0.0,0.0,52.84248930687161,-3.489837555749723,False,False,True,False,True,
2024-03-25 17:00:00+00:00,65.95,65.95,65.55,65.62,9877.0,,65.70037229760457,"rgba(239, 83, 80, 1.0)",,65.69838329498837,,0,,,0.0,0.0,0.0,0.0,52.31830181362753,-3.489837555749723,False,False,True,False,True,
2024-03-26 17:00:00+00:00,65.29,65.32,64.25,65.15,8465.0,,65.66116249287366,"rgba(239, 83, 80, 1.0)",,65.66422954614671,,0,,,0.0,0.0,0.0,0.0,50.830832483371594,-3.489837555749723,False,False,False,False,True,
2024-03-27 17:00:00+00:00,65.84,66.27,65.46,66.27,30634.0,,65.72342215555203,"rgba(239, 83, 80, 1.0)",,65.71748916127797,,0,,,0.0,0.0,0.0,0.0,52.47203622081159,-3.1931892561196022,False,False,True,False,True,
2024-03-28 17:00:00+00:00,66.525,66.77,66.11,66.19,9336.0,,65.75377926163561,"rgba(239, 83, 80, 1.0)",,65.74418563981399,,0,,,0.0,0.0,0.0,0.0,53.34267567216061,-2.0419852990999203,False,False,True,False,True,
2024-03-29 17:00:00+00:00,66.19,66.19,66.19,66.19,0.0,,65.75377926163561,"rgba(239, 83, 80, 1.0)",,65.74418563981399,,0,,,0.0,0.0,0.0,0.0,53.92310197305996,-1.1246539058108667,False,False,True,False,True,
2024-04-01 17:00:00+00:00,64.37,65.13,64.335,65.09,9469.0,,65.71461975859789,"rgba(239, 83, 80, 1.0)",,65.70970145107916,,0,,,0.0,0.0,0.0,0.0,51.132459498524156,-1.1246539058108667,False,False,False,False,False,
2024-04-02 17:00:00+00:00,63.53,64.175,63.53,63.79,4797.0,,65.67382911029854,"rgba(239, 83, 80, 1.0)",,65.30520155459476,,0,,,0.0,0.0,0.0,0.0,46.43189539285611,1.5262530522098388,False,True,False,True,False,
2024-04-03 17:00:00+00:00,63.715,64.505,63.695,64.35,4272.0,,65.64582222487265,"rgba(239, 83, 80, 1.0)",,65.31841553216356,,0,,,0.0,0.0,0.0,0.0,45.04272440534454,0.1906677545559674,False,True,False,True,False,
2024-04-04 17:00:00+00:00,65.11,65.26,64.12,64.22,5794.0,,65.61843940650259,"rgba(239, 83, 80, 1.0)",,65.34063512261447,,0,,,0.0,0.0,0.0,0.0,43.81730915990059,-1.0838288588031233,False,True,False,True,False,
2024-04-05 17:00:00+00:00,64.2,64.2,63.645,63.75,2277.0,,65.6015381040455,"rgba(239, 83, 80, 1.0)",,65.31948633818567,,0,,,0.0,0.0,0.0,0.0,41.90364513714722,-3.041493033998691,False,True,False,True,False,
2024-04-08 17:00:00+00:00,64.49,65.01,64.33,64.895,5122.0,,65.58369754278475,"rgba(239, 83, 80, 1.0)",,65.33350537968943,,0,,,0.0,0.0,0.0,0.0,44.32208279766097,-3.041493033998691,False,True,False,True,True,
2024-04-09 17:00:00+00:00,65.62,66.3,65.58,66.27,9991.0,,65.60339128592136,"rgba(239, 83, 80, 1.0)",,65.45601480641471,,0,,,0.0,0.0,0.0,0.0,49.23412932138061,-6.1281253992260005,False,True,False,False,True,
2024-04-10 17:00:00+00:00,64.455,64.79,64.03,64.62,6535.0,,65.5753016123648,"rgba(239, 83, 80, 1.0)",,65.42363843441828,,0,,,0.0,0.0,0.0,0.0,48.41125472759583,-6.1281253992260005,False,True,False,False,True,
2024-04-11 17:00:00+00:00,65.37,66.255,65.36,66.055,14646.0,,65.59332465256142,"rgba(239, 83, 80, 1.0)",,65.49717353688152,,0,,,0.0,0.0,0.0,0.0,50.86500591778507,-4.6196147510353,False,False,False,False,True,
2024-04-12 17:00:00+00:00,64.42,64.77,63.91,64.325,4857.0,,65.57160504022839,"rgba(239, 83, 80, 1.0)",,65.4689441810024,,0,,,0.0,0.0,0.0,0.0,49.030968603731885,-4.6196147510353,False,True,False,False,True,0.0
2024-04-15 17:00:00+00:00,61.99,61.99,60.31,60.9,20998.0,,65.25759207291378,"rgba(239, 83, 80, 1.0)",,65.03128486377648,,0,,,0.0,0.0,0.0,0.0,43.368212316317965,-0.7910910859904163,False,True,False,True,False,0.0
2024-04-16 17:00:00+00:00,60.575,60.66,59.89,59.95,10598.0,,63.85581970157228,"rgba(239, 83, 80, 1.0)",,64.04076522607726,,0,,,0.0,0.0,0.0,0.0,38.69652395132846,-5.005023934664102,False,True,False,True,False,0.0
2024-04-17 17:00:00+00:00,61.32,62.82,61.32,62.11,24453.0,,64.02910385251025,"rgba(239, 83, 80, 1.0)",,64.0794388073934,,0,,,0.0,0.0,0.0,0.0,39.74438878235185,-5.005023934664102,False,True,False,True,False,0.0
2024-04-18 17:00:00+00:00,62.95,63.14,62.66,62.99,10560.0,,64.0686247561934,"rgba(239, 83, 80, 1.0)",,64.094323316332,,0,,,0.0,0.0,0.0,0.0,41.895805207247406,-5.005023934664102,False,True,False,True,True,0.0
2024-04-19 17:00:00+00:00,63.68,63.73,62.97,63.71,9421.0,,64.11309370813083,"rgba(239, 83, 80, 1.0)",,64.12242641321909,,0,,,0.0,0.0,0.0,0.0,44.4873153141222,-5.005023934664102,False,True,False,True,True,0.0
2024-04-22 17:00:00+00:00,64.74,64.84,64.26,64.63,4476.0,,64.15796291606308,"rgba(38, 166, 154, 1.0)",,64.15899141009491,,0,,,0.0,0.0,0.0,0.0,47.639070109366635,-8.962133743192183,False,True,False,False,True,0.0
2024-04-23 17:00:00+00:00,65.14,65.57,65.14,65.2,7316.0,,64.24864192715403,"rgba(38, 166, 154, 1.0)",,64.2370607485466,,0,,,0.0,0.0,0.0,0.0,50.597842278776476,-6.082841334917163,True,False,False,False,True,1.1930254793381678
2024-04-24 17:00:00+00:00,64.68,65.07,64.6,65.0,8564.0,,64.31531894285496,"rgba(38, 166, 154, 1.0)",,64.29518440143885,,0,,,0.0,0.0,0.0,0.0,52.16392457574939,-4.457006970220078,True,False,True,False,True,0.7544253486980708
2024-04-25 17:00:00+00:00,63.62,63.89,63.445,63.79,6113.0,,64.3183787861804,"rgba(38, 166, 154, 1.0)",,64.29643608412273,,0,,,0.0,0.0,0.0,0.0,50.84793403305961,-4.457006970220078,True,False,False,False,True,0.0
2024-04-26 17:00:00+00:00,63.27,63.36,63.07,63.14,21861.0,,64.26922742680603,"rgba(38, 166, 154, 1.0)",,64.24677108637603,,0,,,0.0,0.0,0.0,0.0,48.81628129241871,-4.457006970220078,False,False,False,False,False,0.0
2024-04-29 17:00:00+00:00,64.26,64.73,64.26,64.5,11558.0,,64.30366389282855,"rgba(38, 166, 154, 1.0)",,64.27881733171868,,0,,,0.0,0.0,0.0,0.0,50.124951470270354,-4.457006970220078,True,False,False,False,False,0.0
2024-04-30 17:00:00+00:00,63.73,64.08,63.43,63.91,11615.0,,64.30175708411693,"rgba(38, 166, 154, 1.0)",,64.27683841621284,,0,,,0.0,0.0,0.0,0.0,49.83839151417196,-4.457006970220078,True,False,False,False,False,0.0
2024-05-01 17:00:00+00:00,65.89,66.82,65.49,65.83,5123.0,,64.34178085246053,"rgba(38, 166, 154, 1.0)",,64.31534650762097,,0,,,0.0,0.0,0.0,0.0,52.93540809966625,-2.6177806381916895,True,False,True,False,True,2.509652239823012
2024-05-02 17:00:00+00:00,66.445,67.05,66.365,66.68,4136.0,,64.381881311873,"rgba(38, 166, 154, 1.0)",,64.35407021424497,,0,,,0.0,0.0,0.0,0.0,56.20283216949671,0.6394982417278214,True,False,True,False,True,4.172768073756121
2024-05-03 17:00:00+00:00,67.27,67.54,67.1,67.54,1996.0,,64.40543718173335,"rgba(38, 166, 154, 1.0)",,64.37685408437305,,0,,,0.0,0.0,0.0,0.0,59.5152893360476,3.8367501271913724,True,False,True,False,True,5.811580229407319
2024-05-06 17:00:00+00:00,67.77,67.84,67.45,67.6,5165.0,,64.46830783982851,"rgba(38, 166, 154, 1.0)",,64.43781239943407,,0,,,0.0,0.0,0.0,0.0,61.80390938950502,6.049918363761407,True,False,True,False,True,5.925362408287246
2024-05-07 17:00:00+00:00,68.83,69.1,68.04,68.05,12077.0,,64.6332037155356,"rgba(38, 166, 154, 1.0)",,64.59841431032707,,0,,,0.0,0.0,0.0,0.0,63.96438421751654,8.176216187193582,True,False,True,False,True,6.78390701442655
2024-05-08 17:00:00+00:00,68.34,68.845,68.3,68.485,7418.0,,64.7291456302386,"rgba(38, 166, 154, 1.0)",,64.69235473363038,,0,,,0.0,0.0,0.0,0.0,66.01808817014333,10.234203182839835,True,False,True,False,True,7.610115457714052
2024-05-09 17:00:00+00:00,68.74,68.93,67.59,68.92,15194.0,,64.90494102515328,"rgba(38, 166, 154, 1.0)",,64.86541971602765,,0,,,0.0,0.0,0.0,0.0,67.99741556156845,12.249694382147034,True,False,True,False,True,8.432806855351288
2024-05-10 17:00:00+00:00,69.555,70.29,69.48,70.27,4000.0,,64.9656100840726,"rgba(38, 166, 154, 1.0)",,64.92510895591506,,0,,,0.0,0.0,0.0,0.0,70.96439173559153,15.173026622989198,True,False,True,False,True,10.910500241267865
2024-05-13 17:00:00+00:00,70.95,71.05,70.56,70.65,4909.0,,65.04798356233536,"rgba(38, 166, 154, 1.0)",,65.00615681104784,,0,,,0.0,0.0,0.0,0.0,73.34940687540248,17.52326273608736,True,False,True,False,True,11.588422087044727
2024-05-14 17:00:00+00:00,71.845,73.64,71.845,73.3,12685.0,,65.32317795545941,"rgba(38, 166, 154, 1.0)",,66.36989699140126,,0,,,0.0,0.0,0.0,0.0,77.07736585270574,21.08921300413671,True,False,True,False,True,16.027364262310382
2024-05-15 17:00:00+00:00,73.085,73.21,72.565,73.09,12492.0,,65.5728267128135,"rgba(38, 166, 154, 1.0)",,66.5829281614618,,0,,,0.0,0.0,0.0,0.0,78.84506108178557,22.815979250328823,True,False,True,False,True,15.515000001777725
2024-05-16 17:00:00+00:00,72.3,72.61,72.03,72.455,4740.0,,65.65519413970159,"rgba(38, 166, 154, 1.0)",,66.63974009613214,,0,,,0.0,0.0,0.0,0.0,77.83420606319531,22.815979250328823,True,False,True,False,True,13.96982402636343
2024-05-17 17:00:00+00:00,72.18,72.48,71.93,72.48,3903.0,,65.72053755735297,"rgba(38, 166, 154, 1.0)",2.4857662820564985,66.68609010724852,2.330834533630462,0,,,0.0,0.0,0.0,0.0,77.18867300589653,22.815979250328823,True,False,True,False,True,14.011649848282019
2024-05-20 17:00:00+00:00,71.08,71.44,70.81,71.39,7718.0,,65.82445950810187,"rgba(38, 166, 154, 1.0)",2.561089559099741,66.73288119923463,1.8184130985260887,0,,,0.0,0.0,0.0,0.0,73.03447728066895,22.815979250328823,True,False,True,False,False,11.3779683051871
2024-05-21 17:00:00+00:00,72.09,72.51,72.09,72.215,9016.0,,65.96320897630726,"rgba(38, 166, 154, 1.0)",2.6628413362387846,66.8452758615507,2.0165392753118137,0,,,0.0,0.0,0.0,0.0,71.57454415507405,27.214942127625633,True,False,True,False,False,12.799356365216521
2024-05-22 17:00:00+00:00,73.545,73.545,72.38,72.89,6343.0,,66.06672680697213,"rgba(38, 166, 154, 1.0)",2.7790936010223213,66.94104486276123,2.1406098502944912,0,,,0.0,0.0,0.0,0.0,71.5727776973986,26.94824300596119,True,False,True,False,False,13.93828851075062
2024-05-23 17:00:00+00:00,72.46,72.54,71.84,72.54,7143.0,,66.16850946510311,"rgba(38, 166, 154, 1.0)",2.8666379874953374,67.02460639602148,1.9239937613460145,0,,,0.0,0.0,0.0,0.0,70.34420646007533,25.457953375074794,True,False,True,False,False,13.084908092139408
2024-05-24 17:00:00+00:00,73.68,73.945,73.465,73.525,7861.0,,66.30017576256871,"rgba(38, 166, 154, 1.0)",2.9856448395795625,67.15476760582034,2.1336202852167507,0,,,0.0,0.0,0.0,0.0,71.02456347398862,25.457953375074794,True,False,True,False,False,14.745211958176629
2024-05-27 17:00:00+00:00,73.525,73.525,73.525,73.525,0.0,,66.30017576256871,"rgba(38, 166, 154, 1.0)",3.097098285943272,67.15476760582034,2.0568389524775794,0,,,0.0,0.0,0.0,0.0,71.47813481659747,25.457953375074794,True,False,True,False,False,14.745211958176629
2024-05-28 17:00:00+00:00,74.545,74.545,73.9,74.025,13846.0,,66.53507097684904,"rgba(38, 166, 154, 1.0)",3.2104873924837727,67.3903683424146,2.066549668788004,0,,,0.0,0.0,0.0,0.0,72.54048388465354,25.457953375074794,True,False,True,False,False,15.587289425071198
2024-05-29 17:00:00+00:00,73.15,73.39,72.95,73.13,9637.0,,66.66850117463513,"rgba(38, 166, 154, 1.0)",3.2968880467484403,67.50855222888238,1.7050769366165694,0,,,0.0,0.0,0.0,0.0,69.70071413202783,23.80831356508945,True,False,True,False,False,13.332490020433518
2024-05-30 17:00:00+00:00,75.065,75.49,74.885,75.2,8619.0,,66.81970319090725,"rgba(38, 166, 154, 1.0)",3.4420037899586977,67.66454452365096,2.1892641426869157,0,,,0.0,0.0,0.0,0.0,71.052414696524,23.80831356508945,True,False,True,False,False,16.754075722235363
2024-05-31 17:00:00+00:00,75.07,75.73,75.0,75.5,4180.0,,66.89275854209912,"rgba(38, 166, 154, 1.0)",3.588003921980031,67.73962044872408,2.162868190788758,0,,,0.0,0.0,0.0,0.0,72.32315550578782,23.80831356508945,True,False,True,False,True,17.228112892681064
2024-06-03 17:00:00+00:00,75.67,75.985,75.395,75.9,8295.0,,67.03957977751028,"rgba(38, 166, 154, 1.0)",3.737591858523458,67.89101131180544,2.1428205623710146,0,,,0.0,0.0,0.0,0.0,73.66965689410735,23.80831356508945,True,False,True,False,True,17.860806754367438
2024-06-04 17:00:00+00:00,75.51,75.78,75.255,75.445,18234.0,,67.33429383115453,"rgba(38, 166, 154, 1.0)",3.864096817655601,68.1836690795914,1.8791793433411286,0,,,0.0,0.0,0.0,0.0,72.7635723720649,23.80831356508945,True,False,True,False,True,16.695208100504566
2024-06-05 17:00:00+00:00,75.335,75.7,75.16,75.6,19410.0,,67.62360985486025,"rgba(38, 166, 154, 1.0)",3.98782375115428,68.46378135108299,1.7895020176986063,0,,,0.0,0.0,0.0,0.0,72.41552591423178,23.80831356508945,True,False,True,False,True,16.94850171638569
2024-06-06 17:00:00+00:00,75.355,75.58,74.89,75.22,10961.0,,67.77199227693306,"rgba(38, 166, 154, 1.0)",4.076174398836443,68.6034226800118,1.6232321467592061,0,,,0.0,0.0,0.0,0.0,70.55867667319296,23.80831356508945,True,False,True,False,False,15.95995757624637
2024-06-07 17:00:00+00:00,74.485,74.6,73.74,73.98,29943.0,,68.08838597997183,"rgba(38, 166, 154, 1.0)",4.133908287532469,68.87764782098343,1.234268354333079,0,,,0.0,0.0,0.0,0.0,64.87150234545436,18.74924451646494,False,False,True,False,False,12.81627678057649
2024-06-10 17:00:00+00:00,74.67,75.06,74.455,74.51,5720.0,,68.15053820226237,"rgba(38, 166, 154, 1.0)",4.19096623059001,68.93367106213006,1.330559262722788,0,,,0.0,0.0,0.0,0.0,62.43802029039598,16.646599939202275,False,False,True,False,False,13.739688752174008
2024-06-11 17:00:00+00:00,73.21,73.82,73.055,73.785,6623.0,,68.20832906455664,"rgba(38, 166, 154, 1.0)",4.2402647832927025,68.9812331001384,1.1328931435577285,0,,,0.0,0.0,0.0,0.0,58.53586751070502,13.178055237317416,False,True,True,False,False,11.937655646916554
2024-06-12 17:00:00+00:00,76.37,76.765,75.335,75.345,7958.0,,69.80789002256704,"rgba(38, 166, 154, 1.0)",4.31368384925822,69.91702578970383,1.2583152590632165,0,,,0.0,0.0,0.0,0.0,59.60245634956315,13.178055237317416,False,False,True,False,False,14.629382565622365
2024-06-13 17:00:00+00:00,74.67,75.185,74.27,74.625,2627.0,,69.77364035579056,"rgba(38, 166, 154, 1.0)",4.371303517423756,69.90326075275397,1.080167329590696,0,,,0.0,0.0,0.0,0.0,58.17502542801218,13.09183760910274,False,True,True,False,False,12.863143662562337
2024-06-14 17:00:00+00:00,73.685,73.99,73.52,73.815,3734.0,,69.7073528867135,"rgba(38, 166, 154, 1.0)",4.4150252435179524,69.86925594024487,0.8937081538884035,0,,,0.0,0.0,0.0,0.0,55.08003589803679,10.158406647192265,False,True,True,False,False,10.91949744961379
2024-06-17 17:00:00+00:00,73.14,73.885,73.12,73.27,3869.0,,69.66145575937762,"rgba(38, 166, 154, 1.0)",4.44583460987678,69.8468953446117,0.769957714527571,0,,,0.0,0.0,0.0,0.0,51.698829404008706,7.015583456162318,False,True,False,False,False,9.634088825837168
2024-06-18 17:00:00+00:00,73.66,74.05,73.05,73.05,12714.0,,69.62830450068506,"rgba(38, 166, 154, 1.0)",4.459609134288616,69.8461146938767,0.7184228952913317,0,,,0.0,0.0,0.0,0.0,48.914089395282446,4.449212600141344,False,True,False,True,False,9.115734383392574
2024-06-19 17:00:00+00:00,73.05,73.05,73.05,73.05,0.0,,69.62830450068506,"rgba(38, 166, 154, 1.0)",4.475925114502079,69.8461146938767,0.7158040459038625,0,,,0.0,0.0,0.0,0.0,47.0575960561316,2.696719924442611,False,True,False,True,False,9.115734383392574
2024-06-20 17:00:00+00:00,71.4,71.405,70.485,70.92,14671.0,,69.46027908485014,"rgba(239, 83, 80, 1.0)",4.474502032789935,69.73218094919085,0.2654639649517661,0,,,0.0,0.0,0.0,0.0,41.44673521451736,-2.5120593631332895,False,True,False,True,False,4.224210342714013
2024-06-21 17:00:00+00:00,71.8,72.56,71.73,72.31,17405.0,,69.48123135764266,"rgba(239, 83, 80, 1.0)",4.495947461500901,69.75532136492956,0.5682180801591499,0,,,0.0,0.0,0.0,0.0,41.934833629010996,-2.5120593631332895,False,True,False,True,False,6.862732734315578
2024-06-24 17:00:00+00:00,72.56,73.32,72.56,73.055,12597.0,,69.54650060054882,"rgba(239, 83, 80, 1.0)",4.525249532714538,69.81151213339903,0.7167533730798085,12,0.1890654654139755,2.268785584967706,0.0,0.0,0.0,0.0,44.14029927327542,-2.5120593631332895,False,True,False,True,True,8.224210302029402
2024-06-25 17:00:00+00:00,72.785,73.2,72.59,73.155,23142.0,,69.65848790913009,"rgba(239, 83, 80, 1.0)",4.541997268734207,69.90891398034938,0.7146825124699512,12,0.18786359383382845,2.2543631260059414,0.0,0.0,0.0,0.0,45.862702785434195,-2.5120593631332895,False,True,False,True,True,8.406463647114823
2024-06-26 17:00:00+00:00,72.82,73.22,72.5,73.0,9995.0,,69.70188609070559,"rgba(239, 83, 80, 1.0)",4.544919168945918,69.9469446436469,0.6717512991680289,12,0.18685334784399413,2.2422401741279296,0.0,0.0,0.0,0.0,46.60020867508415,-2.5120593631332895,False,True,False,True,True,8.047962064252303
2024-06-27 17:00:00+00:00,72.865,74.14,72.86,74.085,8061.0,,69.75401344094044,"rgba(239, 83, 80, 1.0)",4.548054553897194,70.40413208524402,0.809328004124724,12,0.18582282676893622,2.2298739212272345,0.0,0.0,0.0,0.0,49.93816102376145,-5.8821592671184035,False,True,False,False,True,10.042278715616085
2024-06-28 17:00:00+00:00,71.67,71.85,71.04,71.63,19674.0,,69.7621256204098,"rgba(239, 83, 80, 1.0)",4.519895575011527,70.23730869351213,0.30812466424831286,12,0.18570302842138042,2.228436341056565,0.0,0.0,0.0,0.0,46.59491374280728,-5.8821592671184035,False,True,False,True,False,4.5699157486340525
2024-07-01 17:00:00+00:00,70.03,70.12,68.94,69.185,8618.0,,69.6727172683659,"rgba(239, 83, 80, 1.0)",4.47290014450384,70.0623497604312,-0.19614785309018384,12,0.1856770260336429,2.2281243124037147,0.0,0.0,0.0,0.0,41.06078428143849,-2.6701833882556727,False,True,False,True,False,0.0
2024-07-02 17:00:00+00:00,69.17,69.645,68.975,69.3,8768.0,,69.6334462854051,"rgba(239, 83, 80, 1.0)",4.44165419128445,69.98692259374252,-0.1546546768747606,13,0.18097076297749703,2.3526199187074615,0.0,0.0,0.0,0.0,37.6741880034608,-5.732950388384921,False,True,False,True,False,0.0
2024-07-03 17:00:00+00:00,70.39,70.39,70.39,70.39,0.0,,69.6334462854051,"rgba(239, 83, 80, 1.0)",4.427537911182097,69.98692259374252,0.0910387249851609,13,0.18119161742352244,2.3554910265057916,0.0,0.0,0.0,0.0,38.21617219939754,-5.732950388384921,False,True,False,True,False,1.981439101326405
2024-07-04 17:00:00+00:00,70.39,70.39,70.39,70.39,0.0,,69.6334462854051,"rgba(239, 83, 80, 1.0)",4.4166077062186995,69.98692259374252,0.09126402729632001,14,0.18090514658008786,2.53267205212123,0.0,0.0,0.0,0.0,38.5774949966887,-5.732950388384921,False,True,False,True,False,1.981439101326405
2024-07-05 17:00:00+00:00,70.825,71.16,70.6,70.825,7138.0,,69.70542765633546,"rgba(239, 83, 80, 1.0)",4.406201416063351,70.02585239644547,0.1813688318108063,14,0.18067193814991953,2.5294071340988733,0.0,0.0,0.0,0.0,39.988739912597225,-5.732950388384921,False,True,False,True,False,2.8100874209770836
2024-07-08 17:00:00+00:00,71.7,71.7,71.07,71.12,4406.0,,69.74695443217014,"rgba(239, 83, 80, 1.0)",4.388906892577179,70.05294123453014,0.2431263163213942,14,0.18037683807985522,2.525275733117973,0.0,0.0,0.0,0.0,41.73527131345999,-5.732950388384921,False,True,False,True,True,3.372587940846852
2024-07-09 17:00:00+00:00,71.68,71.75,70.54,70.615,7998.0,,69.78285670870439,"rgba(239, 83, 80, 1.0)",4.362174036455226,70.07239712356673,0.1243881770646162,14,0.18026888770874988,2.523764427922498,0.0,0.0,0.0,0.0,41.76484773720304,-5.732950388384921,False,True,False,True,True,2.320183732490353
2024-07-10 17:00:00+00:00,71.82,72.105,71.43,71.97,2794.0,,69.80685825084579,"rgba(239, 83, 80, 1.0)",4.354737234136881,70.09098820427855,0.4314868371372304,14,0.17973814356401205,2.516334009896169,0.0,0.0,0.0,0.0,45.37483179242004,-10.005498746440871,False,True,False,True,True,4.897534463386535
2024-07-11 17:00:00+00:00,73.93,74.41,73.82,73.95,7638.0,,69.95071981183933,"rgba(38, 166, 154, 1.0)",4.365307045741839,70.21869986724046,0.854762355468044,14,0.17933606397441657,2.510704895641832,0.0,0.0,0.0,0.0,51.46863897368125,-4.239826602039059,False,True,True,False,True,8.418125189740497
2024-07-12 17:00:00+00:00,75.82,75.985,75.15,75.215,4979.0,,70.0618982209993,"rgba(38, 166, 154, 1.0)",4.392047817024168,70.32123545245105,1.1142329845727237,14,0.17806851530260454,2.4929592142364636,0.0,0.0,0.0,0.0,57.27112713098808,1.0007449389758847,False,False,True,False,True,10.52892204889229
2024-07-15 17:00:00+00:00,73.48,73.48,72.85,72.97,9004.0,,70.1379378319722,"rgba(38, 166, 154, 1.0)",4.371996446467866,70.38995140135927,0.5901305342380024,14,0.17839265663964982,2.4974971929550973,0.0,0.0,0.0,0.0,56.02311617300417,1.0007449389758847,False,False,True,False,True,5.88527068036775
2024-07-16 17:00:00+00:00,74.745,76.06,74.745,76.05,8321.0,,70.28185551543875,"rgba(38, 166, 154, 1.0)",4.369365759940892,70.52666688346599,1.2641040874107834,13,0.1770988422844231,2.3022849496975004,0.0,0.0,0.0,0.0,59.1556531451464,2.4490526355289433,False,False,True,False,True,10.767411768399054
2024-07-17 17:00:00+00:00,75.74,76.16,75.395,75.43,3291.0,,70.33360802486753,"rgba(38, 166, 154, 1.0)",4.36061864670389,70.57622935429626,1.113092209834176,13,0.1760618195073892,2.2888036535960596,0.0,0.0,0.0,0.0,60.04937906966357,3.3920022279403383,False,False,True,False,True,9.540761475278746
2024-07-18 17:00:00+00:00,75.47,75.7,74.5,75.06,4150.0,,70.38608782825979,"rgba(38, 166, 154, 1.0)",4.3386899536050265,70.62651224654158,1.0218494063570107,13,0.1751265104620132,2.2766446360061714,0.0,0.0,0.0,0.0,59.91398606721803,3.540868146371473,False,False,True,False,True,8.81082921388089
2024-07-19 17:00:00+00:00,73.79,74.215,73.665,73.905,3640.0,,70.41419473269112,"rgba(38, 166, 154, 1.0)",4.287669218156174,70.65319623886657,0.7584082623173537,13,0.1746106096164451,2.269937925013786,0.0,0.0,0.0,0.0,57.6213131793768,3.540868146371473,False,False,True,False,True,6.567526504575159
2024-07-22 17:00:00+00:00,74.755,75.55,74.605,75.25,6707.0,,70.49086332751556,"rgba(38, 166, 154, 1.0)",4.271472922532411,70.72709841202311,1.0588622870856021,13,0.1735602421586453,2.256283148062389,0.0,0.0,0.0,0.0,58.07686401648887,3.540868146371473,False,False,True,False,True,8.676962609504287
2024-07-23 17:00:00+00:00,75.92,76.945,75.92,76.24,6873.0,,70.5910411489417,"rgba(38, 166, 154, 1.0)",4.288838156159469,70.82458893044782,1.2626755481026413,13,0.1724980900794688,2.2424751710330946,0.0,0.0,0.0,0.0,59.67897544108152,4.134122131434566,True,False,True,False,True,10.17773615600521
2024-07-24 17:00:00+00:00,77.55,78.24,76.43,76.665,7974.0,,70.71614155907344,"rgba(38, 166, 154, 1.0)",4.280952056904296,70.94701948467704,1.3356796430600144,13,0.1711128356607928,2.2244668635903064,0.0,0.0,0.0,0.0,61.289674907775364,5.989073437105482,True,False,True,False,True,10.813973141716733
2024-07-25 17:00:00+00:00,76.855,76.965,75.94,76.14,4221.0,,70.76830480470032,"rgba(38, 166, 154, 1.0)",4.284130124999417,70.99805603056265,1.2002305764319072,13,0.16989496865891193,2.208634592565855,0.0,0.0,0.0,0.0,61.128119891453345,6.179708154923375,True,False,True,False,True,9.765259514551744
2024-07-26 17:00:00+00:00,78.1,78.25,77.73,78.175,5425.0,,70.85946989687885,"rgba(38, 166, 154, 1.0)",4.28818239178615,71.0877779839245,1.6527333421383392,13,0.16694620071729552,2.170300609324842,0.0,0.0,0.0,0.0,63.637732576462696,8.861697470742541,True,False,True,False,True,12.773108595753932
2024-07-29 17:00:00+00:00,75.855,76.76,75.52,76.275,7397.0,,70.93731612495225,"rgba(38, 166, 154, 1.0)",4.152075691693142,71.16406703542644,1.2309344395620634,12,0.17090535294418854,2.0508642353302626,0.0,0.0,0.0,0.0,61.332342982451294,8.861697470742541,True,False,True,False,False,9.079667313869763
2024-07-30 17:00:00+00:00,76.24,76.75,76.02,76.54,6041.0,,71.00165162702741,"rgba(38, 166, 154, 1.0)",3.9687600770957494,71.22721873815469,1.338650147310767,11,0.16272662478175878,1.7899928725993466,0.0,0.0,0.0,0.0,60.178470350363185,8.861697470742541,True,False,True,False,False,9.472097299660991
2024-07-31 17:00:00+00:00,77.34,78.56,77.095,77.73,17353.0,,72.16825294244623,"rgba(38, 166, 154, 1.0)",3.868577415047513,72.02960878333842,1.4735109589610151,11,0.16151451263577682,1.776659638993545,0.0,0.0,0.0,0.0,61.07017950767327,8.861697470742541,True,False,True,False,False,11.21212413554715
2024-08-01 17:00:00+00:00,76.24,76.785,75.82,76.73,15006.0,,72.18882515563081,"rgba(38, 166, 154, 1.0)",3.7656686388072913,72.08725255821356,1.2329144933094667,11,0.1613430840568353,1.7747739246251883,0.0,0.0,0.0,0.0,59.55758889916472,8.861697470742541,True,False,True,False,False,9.292805198829143
2024-08-02 17:00:00+00:00,75.46,75.46,74.56,75.4,7973.0,,72.1658108580783,"rgba(38, 166, 154, 1.0)",3.6553957612234846,72.08594893817694,0.9066189486179824,11,0.16184370750701482,1.780280782577163,0.0,0.0,0.0,0.0,56.084456926683615,10.457534552751532,True,False,True,False,False,6.820696625724221
2024-08-05 17:00:00+00:00,73.355,73.43,72.7,72.7,15704.0,,72.01321151479611,"rgba(239, 83, 80, 1.0)",3.5460034920689516,71.98622252396896,0.20129068615625645,11,0.1634124566419965,1.7975370230619614,0.0,0.0,0.0,0.0,50.001626472635586,4.865740903464108,False,True,False,False,False,2.1345890799435203
2024-08-06 17:00:00+00:00,74.05,74.515,73.725,73.985,4228.0,,72.00639098843637,"rgba(239, 83, 80, 1.0)",3.4511020801429484,71.98514971899061,0.5794816364651116,12,0.15889403663624913,1.9067284396349895,0.0,0.0,0.0,0.0,48.21844979936801,3.380580875336932,False,True,False,True,False,4.106418241780098
2024-08-07 17:00:00+00:00,73.7,73.955,72.21,72.49,10686.0,,71.94951276873623,"rgba(239, 83, 80, 1.0)",3.3392260526400475,71.94740627627081,0.16249086320472367,11,0.16294468848588398,1.7923915733447238,0.0,0.0,0.0,0.0,45.16169898719682,0.6137505542339596,False,True,False,True,False,1.6441307485916283
2024-08-08 17:00:00+00:00,73.41,73.635,72.775,73.19,5955.0,,71.93204961169634,"rgba(239, 83, 80, 1.0)",3.1786228532562073,71.9370327237077,0.3941855747399367,11,0.16337426768502653,1.7971169445352917,0.0,0.0,0.0,0.0,44.38372335991065,-0.1189604587214177,False,True,False,True,False,2.7190641956277553
2024-08-09 17:00:00+00:00,72.39,72.86,72.16,72.51,5969.0,,71.90379277470399,"rgba(239, 83, 80, 1.0)",2.9765921350998212,71.91684022915572,0.19927478939750307,11,0.16397828723732377,1.8037611596105614,0.0,0.0,0.0,0.0,42.95903284812477,-1.5921052134117204,False,True,False,True,False,1.6063180595875863
2024-08-12 17:00:00+00:00,71.24,71.745,71.21,71.67,2899.0,,71.83955893594688,"rgba(239, 83, 80, 1.0)",2.817365404028945,71.87012666693202,-0.07103326627274989,11,0.16498072601438282,1.814787986158211,0.0,0.0,0.0,0.0,40.9255987378162,-3.6711611056868065,False,True,False,True,False,0.24828778364941684
2024-08-13 17:00:00+00:00,72.885,72.89,72.51,72.73,4135.0,,71.91393115364701,"rgba(239, 83, 80, 1.0)",2.6140580926427512,71.91901738018736,0.31023894308055106,11,0.1661207335551427,1.8273280691065696,0.0,0.0,0.0,0.0,41.741822938281786,-3.6711611056868065,False,True,False,True,False,1.9165503502548482
2024-08-14 17:00:00+00:00,72.69,73.04,72.38,72.74,4893.0,,71.92716121732964,"rgba(239, 83, 80, 1.0)",2.475644537059634,71.92712434995217,0.32834909773165394,11,0.17230454008038387,1.8953499408842225,0.0,0.0,0.0,0.0,42.306621499116574,-3.6711611056868065,False,True,False,True,False,1.932248087837607
2024-08-15 17:00:00+00:00,74.285,74.405,73.675,73.68,4908.0,,71.98655371830264,"rgba(239, 83, 80, 1.0)",2.3594356517171473,71.96986679883547,0.724806035680583,11,0.17294528900499143,1.9023981790549056,0.0,0.0,0.0,0.0,44.63822783043298,-3.6711611056868065,False,True,False,True,True,3.4072375727101196
2024-08-16 17:00:00+00:00,73.49,73.93,73.33,73.76,5354.0,,72.01341962303073,"rgba(239, 83, 80, 1.0)",2.265361252339882,71.99033898455392,0.7811826981759376,11,0.17362383373884002,1.9098621711272403,0.0,0.0,0.0,0.0,46.358760737012076,-8.385857127115045,False,True,False,True,True,3.5325250528491026
2024-08-19 17:00:00+00:00,74.08,74.32,73.99,74.32,4871.0,,72.04854395757174,"rgba(239, 83, 80, 1.0)",2.1685127506078565,72.017712468304,1.0616896446888036,10,0.17811188213201534,1.7811188213201534,0.0,0.0,0.0,0.0,48.708108235974564,-6.013883743004129,False,False,False,False,True,4.414840573099138
2024-08-20 17:00:00+00:00,72.93,73.065,72.59,72.76,6134.0,,72.02854960414399,"rgba(239, 83, 80, 1.0)",2.0787314045473853,72.00398065328028,0.36369265652401006,10,0.18054773028189494,1.8054773028189495,0.0,0.0,0.0,0.0,47.00241656471462,-6.013883743004129,False,True,False,True,True,1.7223878437885674
2024-08-21 17:00:00+00:00,73.32,73.68,73.185,73.185,6211.0,,72.03169479628917,"rgba(239, 83, 80, 1.0)",1.9968132990719576,72.00781006706659,0.589534301219112,10,0.18269263217499826,1.8269263217499825,0.0,0.0,0.0,0.0,46.86799027388907,-6.013883743004129,False,True,False,True,True,2.4065859948534722
2024-08-22 17:00:00+00:00,72.45,72.69,72.275,72.52,3679.0,,72.01701540239495,"rgba(239, 83, 80, 1.0)",1.9274250011698026,71.99716634782764,0.2712601796983183,10,0.18519194591939717,1.8519194591939716,0.0,0.0,0.0,0.0,45.44540191014056,-6.013883743004129,False,True,False,True,False,1.2695649678980914
2024-08-23 17:00:00+00:00,74.81,74.81,74.315,74.72,3900.0,,72.04403027459946,"rgba(239, 83, 80, 1.0)",1.8935163009547218,72.01923641850837,1.4263218014705699,10,0.1877437652253379,1.8774376522533789,0.0,0.0,0.0,0.0,49.128643631615034,-5.2942042269243785,False,False,False,False,True,4.752890028500829
2024-08-26 17:00:00+00:00,75.24,75.48,74.7,74.71,4494.0,,72.3997833186427,"rgba(239, 83, 80, 1.0)",1.8658163008366424,72.27254806529692,1.3063729444373007,10,0.18961193224752104,1.8961193224752104,0.0,0.0,0.0,0.0,51.56085572017143,-2.9866257517566766,True,False,True,False,True,4.735417742688398
2024-08-27 17:00:00+00:00,73.82,74.715,73.82,74.485,6742.0,,72.3838353274892,"rgba(239, 83, 80, 1.0)",1.8677766760806747,72.2667849470577,1.187623274960784,9,0.1940310700942559,1.7462796308483033,0.0,0.0,0.0,0.0,52.61158490422041,-1.9388357398042402,True,False,True,False,True,4.336363412618539
2024-08-28 17:00:00+00:00,74.08,74.11,73.59,73.59,3804.0,,72.36575170580777,"rgba(239, 83, 80, 1.0)",1.8665636828089318,72.25603620511221,0.714662889444176,8,0.19205981786346094,1.5364785429076875,0.0,0.0,0.0,0.0,51.131587319431375,-1.9388357398042402,False,False,False,False,True,2.756812444310782
2024-08-29 17:00:00+00:00,74.155,74.49,73.54,73.93,4562.0,,72.36513200275449,"rgba(239, 83, 80, 1.0)",1.8612609500882948,72.25825312317926,0.8981797403214437,7,0.20509217204706445,1.4356452043294512,0.0,0.0,0.0,0.0,50.98476047832129,-1.9388357398042402,False,False,False,False,True,3.3100977658367547
2024-08-30 17:00:00+00:00,73.33,74.56,73.24,74.505,5165.0,,72.37309300666945,"rgba(239, 83, 80, 1.0)",1.8580354053587949,72.2670386566451,1.2044772327267557,6,0.19081675049595123,1.1449005029757073,0.0,0.0,0.0,0.0,52.27835718426957,-1.889970563439583,True,False,True,False,True,4.245225317947337
2024-09-02 17:00:00+00:00,74.505,74.505,74.505,74.505,0.0,,72.37309300666945,"rgba(239, 83, 80, 1.0)",1.839856871146654,72.2670386566451,1.2163779576832692,7,0.18471001068923204,1.2929700748246242,0.0,0.0,0.0,0.0,53.14075498823509,-0.8425410880479802,True,False,True,False,True,4.245225317947337
2024-09-03 17:00:00+00:00,72.15,72.645,72.095,72.57,6598.0,,72.31050972780093,"rgba(239, 83, 80, 1.0)",1.8362639754094825,72.22221481431362,0.18939825120123116,7,0.1949996444432662,1.3649975111028634,0.0,0.0,0.0,0.0,48.86895922163543,3.0016827618144504,False,True,False,False,False,0.781548877319505
2024-09-04 17:00:00+00:00,72.785,72.955,72.65,72.905,3271.0,,72.29471218738436,"rgba(239, 83, 80, 1.0)",1.8361674858343628,72.21123765221807,0.3778317354675728,7,0.20320623922245407,1.4224436745571785,0.0,0.0,0.0,0.0,46.997427761439326,1.247629082924206,False,True,False,True,False,1.3502359198981964
2024-09-05 17:00:00+00:00,73.69,74.05,73.385,73.63,2874.0,,72.29740237292478,"rgba(239, 83, 80, 1.0)",1.8305922907994512,72.2143126405691,0.7733493506697963,7,0.2109782859882299,1.4768480019176093,0.0,0.0,0.0,0.0,47.76885616562551,1.247629082924206,False,True,False,True,False,2.5757341037298715
2024-09-06 17:00:00+00:00,72.6,73.12,72.46,72.83,4742.0,,72.27857866003824,"rgba(239, 83, 80, 1.0)",1.8336888484124132,72.20117252737809,0.3429303031244035,7,0.21866912051889537,1.5306838436322676,0.0,0.0,0.0,0.0,46.3598699322809,0.5526747323928021,False,True,False,True,False,1.149037475360668
2024-09-09 17:00:00+00:00,72.68,72.68,71.86,72.015,7147.0,,72.2334539472674,"rgba(239, 83, 80, 1.0)",1.8447486901280028,72.16764546563206,-0.08274594065247481,6,0.23805927550973985,1.4283556530584391,0.0,0.0,0.0,0.0,43.704351898511,-2.0304226269440733,False,True,False,True,False,0.0
2024-09-10 17:00:00+00:00,72.18,72.55,71.65,72.55,6860.0,,72.20507655844615,"rgba(239, 83, 80, 1.0)",1.8497065459973812,72.15034732828214,0.21606274388911934,6,0.24513224974304496,1.4707934984582698,0.0,0.0,0.0,0.0,43.58322022496794,-2.26370092047749,False,True,False,True,False,0.6547283636128682
2024-09-11 17:00:00+00:00,73.26,73.8,73.245,73.66,5697.0,,72.27337235805669,"rgba(239, 83, 80, 1.0)",1.8483676216770621,72.20111555432013,0.7892826235271289,7,0.2339345424241082,1.6375417969687573,0.0,0.0,0.0,0.0,46.483889288037915,-2.26370092047749,False,True,False,True,True,2.558009868882184
2024-09-12 17:00:00+00:00,73.93,74.29,73.9,74.23,6286.0,,72.33864411931877,"rgba(239, 83, 80, 1.0)",1.8414240768030288,72.25149640851309,1.0744421214052295,6,0.25504744668455687,1.530284680107341,0.0,0.0,0.0,0.0,49.74692447948745,-4.64980660455948,False,False,False,False,True,3.5169217990495945
2024-09-13 17:00:00+00:00,76.115,76.13,75.575,75.86,9985.0,,72.51822800545185,"rgba(38, 166, 154, 1.0)",1.8465589424459712,72.39302793837422,1.8775312187074813,6,0.27064248285483666,1.62385489712902,0.0,0.0,0.0,0.0,55.01082397119656,0.14102350027732768,True,False,True,False,True,6.175315217957028
2024-09-16 17:00:00+00:00,75.0,75.2,74.9,75.01,7453.0,,72.57574800640289,"rgba(38, 166, 154, 1.0)",1.8352901383408426,72.44114309355909,1.3997007082287476,6,0.28526636700275004,1.7115982020165004,0.0,0.0,0.0,0.0,56.104637045668085,1.0174828785401928,True,False,True,False,True,4.600117899022624
2024-09-17 17:00:00+00:00,75.95,76.18,75.51,75.66,5703.0,,72.63671657124439,"rgba(38, 166, 154, 1.0)",1.8381799336484241,72.49176726479739,1.723570515164036,5,0.3329107807191508,1.664553903595754,0.0,0.0,0.0,0.0,58.0413909525322,2.8249411958294672,True,False,True,False,True,5.650203078601059
2024-09-18 17:00:00+00:00,74.99,76.715,74.94,75.285,6016.0,,72.68899528437348,"rgba(38, 166, 154, 1.0)",1.8341982513415724,72.53609958230386,1.498693184166722,4,0.27007809442437114,1.0803123776974846,0.0,0.0,0.0,0.0,58.23118656235034,3.1216660576060065,True,False,True,False,True,4.948177396577133
2024-09-19 17:00:00+00:00,75.3,75.45,74.8,74.99,3928.0,,72.70929294857747,"rgba(38, 166, 154, 1.0)",1.831852083016888,72.55417439810482,1.329706489119798,5,0.2463576560737863,1.2317882803689315,0.0,0.0,0.0,0.0,57.47662990182715,3.1216660576060065,True,False,True,False,True,4.393428097782298
2024-09-20 17:00:00+00:00,75.57,75.79,75.385,75.585,10168.0,,72.77994123587602,"rgba(38, 166, 154, 1.0)",1.8442657368468791,72.61581609537576,1.6099544904524508,5,0.2549848782762968,1.274924391381484,0.0,0.0,0.0,0.0,58.33613353403045,3.660819286880894,True,False,True,False,True,5.387559806760539
2024-09-23 17:00:00+00:00,75.615,76.02,75.47,75.66,9407.0,,72.8423190614889,"rgba(38, 166, 154, 1.0)",1.85549038708796,72.67092230341115,1.6109367730435742,5,0.2646772492535326,1.3233862462676629,0.0,0.0,0.0,0.0,59.08213926295483,4.670818697409338,True,False,True,False,True,5.513399626236083
2024-09-24 17:00:00+00:00,76.015,76.08,75.58,75.72,5662.0,,72.87837726166381,"rgba(38, 166, 154, 1.0)",1.8692929963773879,72.70306856449771,1.613942512676704,5,0.2739817976407197,1.3699089882035986,0.0,0.0,0.0,0.0,59.73137998216019,5.6005441235425835,True,False,True,False,True,5.615789213623486
2024-09-25 17:00:00+00:00,76.65,76.81,76.44,76.65,5619.0,,72.9295726368432,"rgba(38, 166, 154, 1.0)",1.8899944396693942,72.7477333710494,2.0646974123549273,5,0.28095623393073965,1.4047811696536983,0.0,0.0,0.0,0.0,62.343219161375536,8.295943031614947,True,False,True,False,True,7.196002290757985
2024-09-26 17:00:00+00:00,77.49,77.62,77.045,77.08,3961.0,,72.9725421402006,"rgba(38, 166, 154, 1.0)",1.925408235640721,72.78500551792287,2.2306929006397844,5,0.28599802074439856,1.4299901037219929,0.0,0.0,0.0,0.0,64.952052302792,10.859262130548679,True,False,True,False,True,7.916824308492384
2024-09-27 17:00:00+00:00,77.405,77.625,77.155,77.47,4721.0,,73.42344163382323,"rgba(38, 166, 154, 1.0)",1.9706830754291809,73.13568226255921,2.1993986711926494,5,0.285666804461452,1.42833402230726,0.0,0.0,0.0,0.0,67.44386619053044,13.236477249214062,True,False,True,False,True,8.570412764672113
2024-09-30 17:00:00+00:00,77.075,77.22,76.7,77.005,6767.0,,73.45395724057244,"rgba(38, 166, 154, 1.0)",2.0019731820433666,73.1675876373693,1.9168150687782666,5,0.2859747628551358,1.429873814275679,0.0,0.0,0.0,0.0,66.87995818797964,13.236477249214062,True,False,True,False,True,7.591401107316742
2024-10-01 17:00:00+00:00,76.72,76.86,76.47,76.66,4002.0,,73.46909178052746,"rgba(38, 166, 154, 1.0)",2.0237838145234632,73.18379365871832,1.7176767183999926,5,0.2830025962863826,1.415012981431913,0.0,0.0,0.0,0.0,64.93838281252258,13.236477249214062,True,False,True,False,False,6.865336224123585
2024-10-02 17:00:00+00:00,75.84,76.23,75.84,76.21,3542.0,,73.47025968434072,"rgba(38, 166, 154, 1.0)",2.03702951678454,73.18841164243364,1.4833306698156974,5,0.28124228822549224,1.406211441127461,0.0,0.0,0.0,0.0,61.71310716897427,16.042069118055338,True,False,True,False,False,5.918541158189019
2024-10-03 17:00:00+00:00,75.78,76.14,75.565,75.585,4896.0,,73.4681530118611,"rgba(38, 166, 154, 1.0)",2.0121235544064864,73.19144332633479,1.189567444018728,5,0.28118177293449964,1.4059088646724982,0.0,0.0,0.0,0.0,57.18470348099072,11.894089401020146,True,False,True,False,False,4.613618632078865
2024-10-04 17:00:00+00:00,75.75,76.07,75.64,76.065,3533.0,,73.47427689048139,"rgba(38, 166, 154, 1.0)",2.0141148504069517,73.19940050456152,1.4227587343688368,5,0.28047510180820423,1.402375509041021,0.0,0.0,0.0,0.0,55.90093359928544,10.793792412091165,True,False,True,False,False,5.492046948842209
2024-10-07 17:00:00+00:00,76.29,76.3,75.5,76.0,5727.0,,73.48752419016553,"rgba(38, 166, 154, 1.0)",2.0214978457915116,73.21468491366653,1.377847170172416,5,0.28188809951288396,1.40944049756442,0.0,0.0,0.0,0.0,54.77739111292095,9.70431247322773,True,False,True,False,False,5.3534772071058505
2024-10-08 17:00:00+00:00,75.83,75.83,75.23,75.245,8895.0,,73.49064761119314,"rgba(38, 166, 154, 1.0)",2.021683191780331,73.22395988488263,0.9996819102688428,5,0.2828365785905091,1.4141828929525455,0.0,0.0,0.0,0.0,51.149444527612104,6.263883722438166,False,False,False,False,False,3.746701248572613
2024-10-09 17:00:00+00:00,76.42,76.575,75.905,75.905,5685.0,,73.51344238627335,"rgba(38, 166, 154, 1.0)",2.0261921682559816,73.24639433442414,1.3121192092378002,5,0.2821925904703667,1.4109629523518334,0.0,0.0,0.0,0.0,51.333911141416706,6.263883722438166,False,False,False,False,False,4.995373048477557
2024-10-10 17:00:00+00:00,74.975,75.225,74.95,75.045,9693.0,,73.64033771895463,"rgba(38, 166, 154, 1.0)",2.028234860327526,73.36403509866838,0.8287821761727203,5,0.2829688577768891,1.4148442888844457,0.0,0.0,0.0,0.0,48.5363713029745,3.6201957261393645,False,True,False,True,False,3.1738557438141974
2024-10-11 17:00:00+00:00,76.0,76.12,75.82,75.945,6820.0,,73.69249716309086,"rgba(38, 166, 154, 1.0)",2.0139979557499377,73.40901957532115,1.2591772585660523,5,0.28188194740977074,1.4094097370488536,0.0,0.0,0.0,0.0,49.83478963614858,3.6201957261393645,False,True,False,False,False,4.878898007765837
2024-10-14 17:00:00+00:00,76.74,77.02,76.69,76.885,3855.0,,73.73853303372435,"rgba(38, 166, 154, 1.0)",1.9442794399313308,73.44788903946815,1.7678070805774955,5,0.27920250284999704,1.396012514249985,0.0,0.0,0.0,0.0,53.29260682785031,3.6201957261393645,False,False,True,False,True,6.609151970422271
2024-10-15 17:00:00+00:00,77.04,77.23,76.67,77.01,9693.0,,73.83111006017822,"rgba(38, 166, 154, 1.0)",1.872831257459693,73.52836722469767,1.8590210738071589,5,0.2762347712078518,1.381173856039259,0.0,0.0,0.0,0.0,55.91447232485251,0.6414415363081147,True,False,True,False,True,6.837377118343433
2024-10-16 17:00:00+00:00,78.11,78.74,78.09,78.74,11266.0,,73.99885556763938,"rgba(38, 166, 154, 1.0)",1.872477758200101,73.67190499095886,2.7066249448606436,5,0.26938472155735305,1.3469236077867652,0.0,0.0,0.0,0.0,61.17085602409923,5.501163381040222,True,False,True,False,True,9.905142911811023
2024-10-17 17:00:00+00:00,77.525,77.84,77.19,77.26,11551.0,,74.08071478549478,"rgba(38, 166, 154, 1.0)",1.8299846353903835,73.7472577249942,1.9195474142636428,5,0.2666259884491139,1.3331299422455696,0.0,0.0,0.0,0.0,59.7324531757373,5.501163381040222,True,False,True,False,True,6.695451210814117
2024-10-18 17:00:00+00:00,77.78,78.32,77.72,78.22,2762.0,,74.10627680060624,"rgba(38, 166, 154, 1.0)",1.8165599902555642,73.77023995755668,2.4495530377817567,5,0.26201528775369487,1.3100764387684745,0.0,0.0,0.0,0.0,60.65964700871585,5.501163381040222,True,False,True,False,True,8.362811408167907
2024-10-21 17:00:00+00:00,79.37,80.53,79.33,80.375,16142.0,,74.35706989777587,"rgba(38, 166, 154, 1.0)",1.8754397634436013,73.98930216439156,3.404906923741074,5,0.2516131903743243,1.2580659518716213,0.0,0.0,0.0,0.0,64.3866255901129,8.457373071789647,True,False,True,False,True,11.891533036234708
2024-10-22 17:00:00+00:00,79.61,79.69,79.325,79.355,9435.0,,74.46244999698114,"rgba(38, 166, 154, 1.0)",1.8745956921448634,74.08422180202629,2.8116879922747637,5,0.2451011598319725,1.2255057991598626,0.0,0.0,0.0,0.0,64.06987976771599,8.457373071789647,True,False,True,False,True,9.724640908901055
2024-10-23 17:00:00+00:00,78.71,78.77,77.98,78.475,4903.0,,74.49661934743982,"rgba(38, 166, 154, 1.0)",1.880329751126656,74.1165204501814,2.317933621593278,5,0.24120757943482415,1.2060378971741208,0.0,0.0,0.0,0.0,61.70260354493294,8.457373071789647,True,False,True,False,False,7.904543673475704
2024-10-24 17:00:00+00:00,78.55,78.7,77.72,77.93,25424.0,,74.63601860459981,"rgba(38, 166, 154, 1.0)",1.9022287378678269,74.25247571391881,1.9332713321339385,4,0.27314218320781236,1.0925687328312494,0.0,0.0,0.0,0.0,58.864845083925644,8.457373071789647,True,False,True,False,False,6.794104915124269
2024-10-25 17:00:00+00:00,79.035,79.05,78.67,78.86,9953.0,,74.70594429393238,"rgba(38, 166, 154, 1.0)",1.9487039166979687,74.31872699859983,2.3304068732489887,4,0.26805156328103225,1.072206253124129,0.0,0.0,0.0,0.0,58.73548017828186,8.457373071789647,True,False,True,False,False,8.348588010210179
2024-10-28 17:00:00+00:00,81.715,81.82,81.4,81.53,17326.0,,74.93783210372055,"rgba(38, 166, 154, 1.0)",2.0610891636558515,74.52837808910277,3.3970494990513265,4,0.2559807242377611,1.0239228969510443,0.0,0.0,0.0,0.0,62.34900329362514,8.457373071789647,True,False,True,False,True,12.520218473258371
2024-10-29 17:00:00+00:00,80.87,81.055,80.74,81.055,5135.0,,74.9933958309817,"rgba(38, 166, 154, 1.0)",2.162298216383579,74.57952810370693,2.994717309217057,4,0.2470852109669993,0.9883408438679973,0.0,0.0,0.0,0.0,63.580293929501764,8.457373071789647,True,False,True,False,True,11.53698980547308
2024-10-30 17:00:00+00:00,80.79,80.8,80.13,80.14,7655.0,,75.06212215079195,"rgba(38, 166, 154, 1.0)",2.2297621514976154,74.64382782775988,2.464914102407124,4,0.24120722135902928,0.9648288854361171,0.0,0.0,0.0,0.0,62.21868601226198,8.457373071789647,True,False,True,False,True,9.667326540938678
2024-10-31 17:00:00+00:00,79.59,79.81,79.03,79.05,7908.0,,75.11049785167904,"rgba(38, 166, 154, 1.0)",2.2666877986559135,74.69091550788406,1.923107582217879,4,0.23770266096596301,0.9508106438638521,0.0,0.0,0.0,0.0,58.98507034612795,8.457373071789647,True,False,True,False,False,7.500629445699296
2024-11-01 17:00:00+00:00,79.13,79.29,78.485,78.72,11870.0,,75.16752528579478,"rgba(38, 166, 154, 1.0)",2.2877880225307248,74.74817673528389,1.736097586664748,4,0.235081066926019,0.940324267704076,0.0,0.0,0.0,0.0,56.15690872318294,11.546296388875383,False,False,True,False,False,6.85351505954376
2024-11-04 17:00:00+00:00,80.725,81.05,80.35,80.84,12320.0,,75.27492005300296,"rgba(38, 166, 154, 1.0)",2.3657578828695383,74.84928825976108,2.5322590209326528,4,0.2293279436289909,0.9173117745159636,0.0,0.0,0.0,0.0,57.85664060602665,11.546296388875383,False,False,True,False,False,10.186147916625988
2024-11-05 17:00:00+00:00,80.83,82.055,80.81,81.85,13933.0,,75.41262259011324,"rgba(38, 166, 154, 1.0)",2.470069915485466,74.97802710319894,2.782096512215704,4,0.22229259115690675,0.889170364627627,0.0,0.0,0.0,0.0,60.33692355958314,11.546296388875383,True,False,True,False,True,11.69125416814515
2024-11-06 17:00:00+00:00,81.74,82.46,81.35,82.04,25226.0,,75.65848469342798,"rgba(38, 166, 154, 1.0)",2.5726604661075774,75.20900770242261,2.655224965583062,4,0.21571948562486337,0.8628779424994535,0.0,0.0,0.0,0.0,62.240289190205125,6.808129432872136,True,False,True,False,True,11.972209681521093
2024-11-07 17:00:00+00:00,82.64,83.81,82.64,83.05,14988.0,,75.82588078119153,"rgba(38, 166, 154, 1.0)",2.70437666961726,75.3654377116973,2.841528095784921,4,0.20976050992889517,0.8390420397155807,0.0,0.0,0.0,0.0,64.80383581076228,9.334582933531536,True,False,True,False,True,13.453762218164911
2024-11-08 17:00:00+00:00,83.41,83.49,82.94,83.0,25406.0,,76.08551317904923,"rgba(38, 166, 154, 1.0)",2.81393342570916,75.61034928862304,2.6260929430178823,4,0.20348561440635118,0.8139424576254047,0.0,0.0,0.0,0.0,66.3653022556968,10.934933252327276,True,False,True,False,True,13.34885425586572
2024-11-11 17:00:00+00:00,83.74,83.92,83.06,83.92,22854.0,,76.87942502331781,"rgba(38, 166, 154, 1.0)",2.9593430348976355,76.57546053284021,2.4818141663708277,4,0.19597519319390824,0.783900772775633,0.0,0.0,0.0,0.0,68.58462530851008,13.174424439265188,True,False,True,False,True,14.691805409812353
2024-11-12 17:00:00+00:00,80.34,80.44,79.455,79.53,37648.0,,76.808244132017,"rgba(239, 83, 80, 1.0)",2.9855716958985083,76.5467909600213,0.9992086420423095,4,0.19481067130423751,0.7792426852169501,0.0,0.0,0.0,0.0,60.73037986372765,16.696689636841228,True,False,True,False,False,6.090942418524428
2024-11-13 17:00:00+00:00,79.76,80.1,79.155,79.23,14535.0,,76.81653170953884,"rgba(239, 83, 80, 1.0)",3.0014479343646197,76.56341739350617,0.8884320717221854,4,0.1940609363535862,0.7762437454143448,0.0,0.0,0.0,0.0,55.064470088586546,11.714628146765648,False,True,True,False,False,5.552303306587394
2024-11-14 17:00:00+00:00,79.27,80.42,79.23,79.51,6054.0,,76.82562034919181,"rgba(239, 83, 80, 1.0)",3.0258319576663495,76.5750849938564,0.9699530731399716,4,0.19273419536811676,0.770936781472467,0.0,0.0,0.0,0.0,51.834676963726224,8.97947091450613,False,True,False,False,False,5.988874772759473
2024-11-15 17:00:00+00:00,79.275,79.42,78.89,79.01,11592.0,,76.82961331460504,"rgba(239, 83, 80, 1.0)",3.0418870787718153,77.0232879697085,0.6531182712718085,4,0.19322499538348387,0.7728999815339355,0.0,0.0,0.0,0.0,48.84367191668523,6.318341585402557,False,True,False,True,False,5.071678396847748
2024-11-18 17:00:00+00:00,79.505,79.68,79.08,79.335,20633.0,,76.85475480094964,"rgba(239, 83, 80, 1.0)",3.034292483244288,77.06152656195215,0.7492598194149793,3,0.20868605019454065,0.6260581505836219,0.0,0.0,0.0,0.0,47.5911100812211,5.103169606216099,False,True,False,True,False,5.593025970366991
2024-11-19 17:00:00+00:00,79.245,79.57,78.99,79.38,12657.0,,76.87105663179396,"rgba(239, 83, 80, 1.0)",3.0421503996438037,77.0798243108491,0.7561018973355857,3,0.2121688596869524,0.6365065790608572,0.0,0.0,0.0,0.0,46.866397582202495,4.174375484117256,False,True,False,True,False,5.666059654952505
2024-11-20 17:00:00+00:00,79.23,79.51,78.92,79.42,6213.0,,76.87911478983582,"rgba(239, 83, 80, 1.0)",3.027270106431896,77.08842217902665,0.7701915385810996,2,0.1947161231997226,0.3894322463994452,0.0,0.0,0.0,0.0,46.49226262859276,3.414722671020556,False,True,False,True,False,5.732170556813006
2024-11-21 17:00:00+00:00,79.76,80.5,79.75,80.07,11600.0,,76.91143577927147,"rgba(239, 83, 80, 1.0)",3.0303622311946676,77.12922555344971,0.9704366086264643,2,0.19645092354758448,0.39290184709516895,0.0,0.0,0.0,0.0,48.02813975773923,3.414722671020556,False,True,False,True,False,6.810305772492711
2024-11-22 17:00:00+00:00,80.66,81.31,80.66,80.82,9933.0,,76.95245850906203,"rgba(239, 83, 80, 1.0)",3.031639206646816,77.18060498225428,1.20047102233221,2,0.1971474724524192,0.3942949449048384,0.0,0.0,0.0,0.0,50.90350218384592,3.414722671020556,False,True,False,False,True,8.037449608347092
2024-11-25 17:00:00+00:00,82.77,82.87,81.795,82.06,7250.0,,76.99739336522137,"rgba(239, 83, 80, 1.0)",3.036720156073843,77.81083055701393,1.3992627652854908,2,0.19625449824216012,0.39250899648432025,0.0,0.0,0.0,0.0,55.3405238403496,-1.0552796432932325,False,True,True,False,True,10.010570953661148
2024-11-26 17:00:00+00:00,81.24,81.31,80.68,81.06,7826.0,,77.02884571427028,"rgba(239, 83, 80, 1.0)",3.0372761371551587,77.80480607616651,1.0717477690001675,2,0.1974525491715481,0.3949050983430962,0.0,0.0,0.0,0.0,55.37413060290474,-0.8042561315474543,False,True,True,False,True,7.998043096224851
2024-11-27 17:00:00+00:00,81.96,81.96,81.345,81.585,3841.0,,77.04780508196356,"rgba(239, 83, 80, 1.0)",3.0438803219596573,77.82593596701548,1.2349578943249704,2,0.1967067008035106,0.3934134016070212,0.0,0.0,0.0,0.0,56.5055715283518,0.60032289021499,False,False,True,False,True,8.837148293212113
2024-11-28 17:00:00+00:00,81.585,81.585,81.585,81.585,0.0,,77.04780508196356,"rgba(239, 83, 80, 1.0)",3.0622961678809935,77.82593596701548,1.2275311814747356,2,0.19457856002909166,0.3891571200581833,0.0,0.0,0.0,0.0,57.259865478649836,1.6902057726505433,False,False,True,False,True,8.837148293212113
2024-11-29 17:00:00+00:00,81.63,81.91,81.34,81.725,5048.0,,77.0725720773122,"rgba(239, 83, 80, 1.0)",3.0808871894103254,77.85336912391253,1.2566610323789513,2,0.19193977612939167,0.38387955225878334,0.0,0.0,0.0,0.0,58.10056598110899,2.884399529671768,True,False,True,False,True,9.066420893225676
2024-12-02 17:00:00+00:00,81.78,82.35,81.6,81.75,7574.0,,77.11180795218485,"rgba(239, 83, 80, 1.0)",3.10427608018049,77.89973363210846,1.2403105485603818,2,0.19067360283099458,0.38134720566198915,0.0,0.0,0.0,0.0,58.72690859893617,3.882990226693437,True,False,True,False,True,9.108026930131121
2024-12-03 17:00:00+00:00,79.99,80.34,79.56,79.65,17052.0,,77.14436019383321,"rgba(239, 83, 80, 1.0)",3.067919005942917,77.88405371223766,0.5756169847839864,2,0.1898447572984821,0.3796895145969642,0.0,0.0,0.0,0.0,52.804449844497235,7.808618586609676,False,True,False,False,False,4.792206337905828
2024-12-04 17:00:00+00:00,79.375,79.375,78.49,78.72,22420.0,,77.15496330727989,"rgba(239, 83, 80, 1.0)",3.0301306099757896,77.83678348061062,0.2914780361221576,2,0.1896387474552062,0.3792774949104124,0.0,0.0,0.0,0.0,46.9933956726212,2.4810633189533604,False,True,False,True,False,2.9839143973615627
2024-12-05 17:00:00+00:00,78.4,78.47,77.47,78.19,17515.0,,77.14491623420643,"rgba(239, 83, 80, 1.0)",2.9736552445621935,77.7856896928491,0.1359640825513449,2,0.18975165728205967,0.37950331456411934,0.0,0.0,0.0,0.0,42.170989846856756,-1.7691693313873031,False,True,False,True,False,1.9695503046637768
2024-12-06 17:00:00+00:00,78.28,79.1,78.17,78.995,11734.0,,77.15061947660402,"rgba(239, 83, 80, 1.0)",2.958533393057539,77.7775677052645,0.41149858155811764,2,0.19016202833901685,0.3803240566780337,0.0,0.0,0.0,0.0,41.67377603704736,-2.092864560814782,False,True,False,True,False,3.4127240142610056
2024-12-09 17:00:00+00:00,79.25,79.3,78.27,78.49,7283.0,,77.15368663697049,"rgba(239, 83, 80, 1.0)",2.93969526826659,77.77282943388514,0.24396085330903822,2,0.19017141240409552,0.38034282480819104,0.0,0.0,0.0,0.0,40.2768067245476,-3.4884194267056543,False,True,False,True,False,2.433208518348998
2024-12-10 17:00:00+00:00,78.9,79.58,78.84,79.415,12793.0,,77.16919118418724,"rgba(239, 83, 80, 1.0)",2.921607616204093,77.78152183284007,0.5591025153755032,2,0.1895776604878493,0.3791553209756986,0.0,0.0,0.0,0.0,42.2495327376142,-3.4884194267056543,False,True,False,True,False,4.088839860465779
2024-12-11 17:00:00+00:00,79.875,80.4,79.65,80.245,16043.0,,77.20506376897755,"rgba(239, 83, 80, 1.0)",2.8936035344208957,77.81774932710803,0.8388331863776716,2,0.18848668633982965,0.3769733726796593,0.0,0.0,0.0,0.0,45.776522453938014,-3.4884194267056543,False,True,False,True,True,5.539854161194086
2024-12-12 17:00:00+00:00,74.285,75.31,73.98,74.205,50844.0,,76.98241006958139,"rgba(239, 83, 80, 1.0)",2.8887170645942404,77.46773413990722,-1.129475150023223,2,0.18779693841050127,0.37559387682100254,0.0,0.0,0.0,0.0,39.28056043570311,-4.017496804466461,False,True,False,True,False,0.0
2024-12-13 17:00:00+00:00,72.205,72.885,71.82,72.46,48198.0,,76.69591828497748,"rgba(239, 83, 80, 1.0)",2.930270065652029,77.07530281767859,-1.575043499156663,3,0.4206527623660339,1.2619582870981016,0.0,0.0,0.0,0.0,33.71988600069214,-9.004868313215752,False,True,False,True,False,0.0
2024-12-16 17:00:00+00:00,74.43,74.69,73.12,73.145,22585.0,,76.60544279763639,"rgba(239, 83, 80, 1.0)",2.955310905733649,76.957795315751,-1.2901503216983818,3,0.4177264499386313,1.2531793498158939,0.0,0.0,0.0,0.0,31.51877109720442,-10.909967680990917,False,True,False,True,False,0.0
2024-12-17 17:00:00+00:00,71.85,71.89,71.29,71.49,29148.0,,76.4354053049981,"rgba(239, 83, 80, 1.0)",2.9837592574309677,76.7426483088469,-1.760412907229472,3,0.4117728121197599,1.2353184363592797,0.0,0.0,0.0,0.0,28.81365997434603,-13.457968197579618,False,True,False,True,False,0.0
2024-12-18 17:00:00+00:00,70.9,71.02,67.18,67.18,27442.0,,76.20377642356708,"rgba(239, 83, 80, 1.0)",3.1778848821697467,76.45585529238483,-2.9188770633036887,3,0.39437050970075993,1.1831115291022798,0.0,0.0,0.0,0.0,24.77667836960805,-17.29983572695417,False,True,False,True,False,0.0
2024-12-19 17:00:00+00:00,68.68,68.97,67.12,67.12,42020.0,,75.26999594183373,"rgba(239, 83, 80, 1.0)",3.374350788409817,75.66837786804885,-2.533340012369407,2,0.5186799625104088,1.0373599250208176,0.0,0.0,0.0,0.0,22.06050358740395,-19.93645945884278,False,True,False,True,False,0.0
2024-12-20 17:00:00+00:00,68.58,68.71,67.56,67.6,30417.0,,75.06311552914758,"rgba(239, 83, 80, 1.0)",3.5259012163397476,75.40928269954003,-2.2148330938343426,2,0.5022341573825779,1.0044683147651559,0.0,0.0,0.0,0.0,21.32311459449845,-20.86931835840595,False,True,False,True,False,0.0
2024-12-23 17:00:00+00:00,68.04,68.04,68.04,68.04,0.0,,75.06311552914758,"rgba(239, 83, 80, 1.0)",3.638726378508885,75.40928269954003,-2.0252368364559152,2,0.4912688677438931,0.9825377354877862,0.0,0.0,0.0,0.0,21.854940798592246,-20.86931835840595,False,True,False,True,False,0.0
2024-12-24 17:00:00+00:00,70.01,70.44,70.01,70.27,4504.0,,75.05136304397811,"rgba(239, 83, 80, 1.0)",3.6900170267434254,75.39164437076587,-1.387973099757189,2,0.48539825145082505,0.9707965029016501,0.0,0.0,0.0,0.0,26.815267288382124,-20.86931835840595,False,True,False,True,True,0.0
2024-12-25 17:00:00+00:00,70.27,70.27,70.27,70.27,0.0,,75.05136304397811,"rgba(239, 83, 80, 1.0)",3.7577666718889158,75.39164437076587,-1.3629490114646694,2,0.4814316493546127,0.9628632987092254,0.0,0.0,0.0,0.0,30.122151614908713,-27.260065190976114,False,True,False,True,True,0.0
2024-12-26 17:00:00+00:00,69.34,69.5,69.0,69.295,10058.0,,75.00597242706053,"rgba(239, 83, 80, 1.0)",3.856807913194282,75.33283730837789,-1.565501172024208,2,0.47456178998196086,0.9491235799639217,0.0,0.0,0.0,0.0,31.221708586465553,-25.978806012000764,False,True,False,True,True,0.0
2024-12-27 17:00:00+00:00,67.55,68.21,67.365,67.96,12590.0,,74.92040402236125,"rgba(239, 83, 80, 1.0)",4.004056285660519,75.22955882253586,-1.8155486096861067,2,0.4655049429647071,0.9310098859294142,0.0,0.0,0.0,0.0,30.59516794703007,-25.978806012000764,False,True,False,True,True,0.0
2024-12-30 17:00:00+00:00,68.035,68.66,68.03,68.495,7931.0,,74.87433721970925,"rgba(239, 83, 80, 1.0)",4.122844755005051,75.1734019011327,-1.619852868101632,2,0.4593739937879877,0.9187479875759754,0.0,0.0,0.0,0.0,31.405794612345424,-25.04111257632505,False,True,False,True,True,0.0
2024-12-31 17:00:00+00:00,67.92,67.975,67.4,67.7,19846.0,,74.74264659653896,"rgba(239, 83, 80, 1.0)",4.262884648043074,75.01644665689722,-1.7163135437539723,1,0.6962116465156265,0.6962116465156265,0.0,0.0,0.0,0.0,31.063369662772672,-24.896254787994412,False,True,False,True,True,0.0
2025-01-01 17:00:00+00:00,67.7,67.7,67.7,67.7,0.0,,74.74264659653896,"rgba(239, 83, 80, 1.0)",4.39413144878348,75.01644665689722,-1.6650495648970125,1,0.6831960821376141,0.6831960821376141,0.0,0.0,0.0,0.0,30.835086363057506,-24.59712048739224,False,True,False,True,True,0.0
2025-01-02 17:00:00+00:00,69.37,69.65,68.8,69.14,6711.0,,74.71289824469412,"rgba(239, 83, 80, 1.0)",4.481073755250948,74.97991733919602,-1.3032406200305833,1,0.6743211740260495,0.6743211740260495,0.0,0.0,0.0,0.0,34.28673314505352,-20.935802845374745,False,True,False,True,True,0.0
2025-01-03 17:00:00+00:00,69.36,69.46,68.52,68.9,21220.0,,74.61323829267819,"rgba(239, 83, 80, 1.0)",4.57325083186676,74.85970077470105,-1.3031650774922292,1,0.6651319571321238,0.6651319571321238,0.0,0.0,0.0,0.0,36.19936735128737,-18.871341269733396,False,True,False,True,True,0.0
2025-01-06 17:00:00+00:00,70.04,70.31,68.85,68.85,11466.0,,74.56548502021313,"rgba(239, 83, 80, 1.0)",4.663257530181199,74.52340347608663,-1.2166180914023386,1,0.6558443393417062,0.6558443393417062,0.0,0.0,0.0,0.0,37.38656942428851,-17.502861542770745,False,True,False,True,True,0.0
2025-01-07 17:00:00+00:00,69.18,69.9,69.18,69.87,7746.0,,74.53630770233198,"rgba(239, 83, 80, 1.0)",4.728784339905152,74.49717832177174,-0.9785132899218971,1,0.6508535904555506,0.6508535904555506,0.0,0.0,0.0,0.0,40.81506982268864,-14.105616246992888,False,False,False,True,True,0.0
2025-01-08 17:00:00+00:00,68.885,68.885,67.91,68.375,10167.0,,74.48364105451576,"rgba(239, 83, 80, 1.0)",4.824320339564697,74.41399121173933,-1.251780724885328,1,0.6419650354103358,0.6419650354103358,0.0,0.0,0.0,0.0,40.2721718060355,-14.105616246992888,False,False,False,True,True,0.0
2025-01-09 17:00:00+00:00,68.375,68.375,68.375,68.375,0.0,,74.48364105451576,"rgba(239, 83, 80, 1.0)",4.914971205912998,74.41399121173933,-1.22869310088207,1,0.6341918828284842,0.6341918828284842,0.0,0.0,0.0,0.0,39.91023979493342,-14.105616246992888,False,False,False,True,True,0.0
2025-01-10 17:00:00+00:00,65.52,66.01,65.05,65.75,12239.0,,74.38386591003962,"rgba(239, 83, 80, 1.0)",5.065219375735198,73.70714859789956,-1.570938592712899,1,0.6178856422357746,0.6178856422357746,0.0,0.0,0.0,0.0,35.96657428083918,-14.105616246992888,False,True,False,True,False,0.0
2025-01-13 17:00:00+00:00,66.11,67.235,65.98,66.44,25367.0,,74.21265297535379,"rgba(239, 83, 80, 1.0)",5.189762238300427,73.52676529912823,-1.3655279324412837,1,0.6049343893980078,0.6049343893980078,0.0,0.0,0.0,0.0,35.19148921158549,-10.250449225728033,False,True,False,True,False,0.0
2025-01-14 17:00:00+00:00,65.845,66.655,65.73,66.105,18581.0,,74.08620047246583,"rgba(239, 83, 80, 1.0)",5.31661864447788,73.37180220574251,-1.3668089986650052,1,0.592159066631204,0.592159066631204,0.0,0.0,0.0,0.0,34.22028597836108,-11.350299608109971,False,True,False,True,False,0.0
2025-01-15 17:00:00+00:00,67.425,67.83,67.315,67.35,18555.0,,73.98930040471839,"rgba(239, 83, 80, 1.0)",5.409161228711641,73.29144174476059,-1.0984035220143982,1,0.5835574501831755,0.5835574501831755,0.0,0.0,0.0,0.0,36.84372127342547,-11.350299608109971,False,False,False,True,True,0.0
2025-01-16 17:00:00+00:00,68.01,68.11,67.55,67.63,16570.0,,73.90967592948986,"rgba(239, 83, 80, 1.0)",5.4921047754812475,73.22506621980486,-1.0187471740858391,1,0.5758287204283432,0.5758287204283432,0.0,0.0,0.0,0.0,39.2753169785621,-15.224612872946494,False,False,False,True,True,0.0
2025-01-17 17:00:00+00:00,67.73,67.905,66.945,67.09,12408.0,,73.84629923354069,"rgba(239, 83, 80, 1.0)",5.582404507923908,73.16213135419007,-1.0877268649326675,1,0.567266448781814,0.567266448781814,0.0,0.0,0.0,0.0,39.84794473460407,-14.5725676011525,False,False,False,True,True,0.0
2025-01-20 17:00:00+00:00,67.09,67.09,67.09,67.09,0.0,,73.84629923354069,"rgba(239, 83, 80, 1.0)",5.668786154766077,73.16213135419007,-1.07115195183097,1,0.5592009619617744,0.5592009619617744,0.0,0.0,0.0,0.0,40.22969657196538,-14.001343244015757,False,False,False,True,True,0.0
2025-01-21 17:00:00+00:00,66.82,67.05,66.39,66.51,14103.0,,73.76740374409545,"rgba(239, 83, 80, 1.0)",5.763484804360051,73.07374585240112,-1.1388502052500715,1,0.5512698317101119,0.5512698317101119,0.0,0.0,0.0,0.0,39.27743856125659,-14.001343244015757,False,False,False,True,True,0.0
2025-01-22 17:00:00+00:00,65.46,65.46,64.46,64.58,17474.0,,73.64419090593887,"rgba(239, 83, 80, 1.0)",5.897017208297268,72.91270550572104,-1.413037339283441,1,0.5396574589441221,0.5396574589441221,0.0,0.0,0.0,0.0,35.54733416677967,-10.330302297190173,False,False,False,True,False,0.0
2025-01-23 17:00:00+00:00,64.955,65.65,64.895,65.495,15423.0,,73.54591464045505,"rgba(239, 83, 80, 1.0)",6.0037327630474415,72.7936209238058,-1.2156805127517176,1,0.5304194734175512,0.5304194734175512,0.0,0.0,0.0,0.0,35.86550385286463,-10.330302297190173,False,False,False,True,False,0.0
2025-01-24 17:00:00+00:00,65.6,65.82,65.01,65.26,14212.0,,73.45807653527496,"rgba(239, 83, 80, 1.0)",6.109890447403986,72.68973280658457,-1.2160173526092217,1,0.5216172729947802,0.5216172729947802,0.0,0.0,0.0,0.0,35.679706443662205,-10.46848856690471,False,False,False,True,False,0.0
2025-01-27 17:00:00+00:00,64.58,64.65,63.895,64.6,16244.0,,73.3470631702022,"rgba(239, 83, 80, 1.0)",6.221892753932736,72.55229571185234,-1.2781152016523998,1,0.5125383564651181,0.5125383564651181,0.0,0.0,0.0,0.0,34.4536200602845,-11.849498482913653,False,False,False,True,False,0.0
2025-01-28 17:00:00+00:00,62.055,62.84,62.04,62.52,13980.0,,72.5143776298767,"rgba(239, 83, 80, 1.0)",6.376044921959548,71.6656740534801,-1.434380429469961,1,0.4998516894145459,0.4998516894145459,0.0,0.0,0.0,0.0,30.977222911120208,-15.225282236317575,False,True,False,True,False,0.0
2025-01-29 17:00:00+00:00,63.105,63.655,62.96,63.4,11183.0,,72.46381861383229,"rgba(239, 83, 80, 1.0)",6.487401110704541,71.59203169019906,-1.262760163955609,1,0.4895209840533504,0.4895209840533504,0.0,0.0,0.0,0.0,31.345612280532826,-15.225282236317575,False,True,False,True,False,0.0
2025-01-30 17:00:00+00:00,63.75,64.52,63.525,64.26,13019.0,,72.41265043670334,"rgba(239, 83, 80, 1.0)",6.583527096247604,71.52243665087744,-1.1031224668334372,1,0.48125537650348876,0.48125537650348876,0.0,0.0,0.0,0.0,33.95538704534508,-15.225282236317575,False,False,False,True,True,0.0
2025-01-31 17:00:00+00:00,64.6,64.98,64.11,64.16,10675.0,,72.36783461073827,"rgba(239, 83, 80, 1.0)",6.668566739589533,71.46611585279666,-1.095605118476534,1,0.47348357658636847,0.47348357658636847,0.0,0.0,0.0,0.0,35.51925489082008,-18.359968138953906,False,False,False,True,True,0.0
2025-02-03 17:00:00+00:00,63.4,63.4,62.43,62.485,12824.0,,72.26965456709331,"rgba(239, 83, 80, 1.0)",6.759045098876625,71.3458825232196,-1.310966622295849,1,0.463689660775802,0.463689660775802,0.0,0.0,0.0,0.0,33.952901972333656,-18.359968138953906,False,False,False,True,True,0.0
2025-02-04 17:00:00+00:00,63.3,63.335,62.645,62.705,9793.0,,72.20052320916128,"rgba(239, 83, 80, 1.0)",6.847756614296989,71.26177611225131,-1.2495736332664296,1,0.4550692915253133,0.4550692915253133,0.0,0.0,0.0,0.0,33.57867667173158,-18.359968138953906,False,False,False,True,False,0.0
2025-02-05 17:00:00+00:00,64.365,64.64,63.96,64.4,18171.0,,72.11557251981772,"rgba(239, 83, 80, 1.0)",6.905015220707175,71.16312142237189,-0.9794506175873771,1,0.4491896260257952,0.4491896260257952,0.0,0.0,0.0,0.0,37.83348938654092,-16.196478026987585,True,False,False,True,True,0.0
2025-02-06 17:00:00+00:00,64.49,64.675,64.07,64.14,8108.0,,72.07649004944597,"rgba(239, 83, 80, 1.0)",6.966457617666121,71.11845243627725,-1.0017217959642377,1,0.4433408215033181,0.4433408215033181,0.0,0.0,0.0,0.0,40.15174068711733,-14.083979917574908,True,False,False,True,True,0.0
2025-02-07 17:00:00+00:00,63.7,64.17,63.495,64.04,7002.0,,72.03896752504843,"rgba(239, 83, 80, 1.0)",7.014618100088537,71.07524205619927,-1.0029401395509285,1,0.4378169197777116,0.4378169197777116,0.0,0.0,0.0,0.0,41.48360687907109,-12.847553562973637,True,False,False,True,True,0.0
2025-02-10 17:00:00+00:00,64.22,64.38,63.63,63.9,23494.0,,71.91694059724723,"rgba(239, 83, 80, 1.0)",7.021398530515412,70.93680315832822,-1.00219395434483,1,0.43250183811550114,0.43250183811550114,0.0,0.0,0.0,0.0,42.04716798872806,-12.22818364250616,True,False,False,True,True,0.0
2025-02-11 17:00:00+00:00,63.9,64.04,63.43,63.45,8661.0,,71.86938061972937,"rgba(239, 83, 80, 1.0)",7.035862928180441,70.88278328100432,-1.0564138836807224,1,0.4270638452169992,0.4270638452169992,0.0,0.0,0.0,0.0,41.360525947243005,-12.22818364250616,True,False,False,True,True,0.0
2025-02-12 17:00:00+00:00,62.965,63.56,62.965,63.4,10188.0,,71.81045175057638,"rgba(239, 83, 80, 1.0)",7.057720120995593,70.81547753509368,-1.0506902240333695,1,0.42215481496620894,0.42215481496620894,0.0,0.0,0.0,0.0,40.78089799218487,-12.22818364250616,True,False,False,True,True,0.0
2025-02-13 17:00:00+00:00,62.9,63.02,62.31,62.89,14046.0,,71.160998611409,"rgba(239, 83, 80, 1.0)",7.0966468499928395,70.04709253825399,-1.008517499819117,1,0.4172118886204044,0.4172118886204044,0.0,0.0,0.0,0.0,39.14041576674854,-12.22818364250616,True,False,False,True,False,0.0
2025-02-14 17:00:00+00:00,63.185,63.47,62.92,63.14,9874.0,,71.11993070927335,"rgba(239, 83, 80, 1.0)",7.128909230718232,69.99866664131122,-0.9620920142674073,1,0.4130024822596331,0.4130024822596331,0.0,0.0,0.0,0.0,39.110600754786006,-12.22818364250616,True,False,False,True,False,0.0
2025-02-17 17:00:00+00:00,63.14,63.14,63.14,63.14,0.0,,71.11993070927335,"rgba(239, 83, 80, 1.0)",7.122466571565141,69.99866664131122,-0.9629622789235562,1,0.4089349304691962,0.4089349304691962,0.0,0.0,0.0,0.0,39.09072408014431,-12.22818364250616,True,False,False,True,False,0.0
2025-02-18 17:00:00+00:00,64.99,65.62,64.9,65.535,9878.0,,71.13342143440929,"rgba(239, 83, 80, 1.0)",7.056500231879992,70.0132940962009,-0.6346338764319421,1,0.4068804345737966,0.4068804345737966,0.0,0.0,0.0,0.0,46.72225924678472,-7.034920279691214,True,False,False,False,True,0.0
2025-02-19 17:00:00+00:00,66.04,66.14,65.61,66.06,15430.0,,71.13834413193297,"rgba(38, 166, 154, 1.0)",6.97357001583591,70.02329725244748,-0.5683311766351287,1,0.40515987923379326,0.40515987923379326,0.0,0.0,0.0,0.0,52.88596172580343,-1.6236189820637108,True,False,True,False,True,0.0
2025-02-20 17:00:00+00:00,68.835,69.97,68.74,69.3,29504.0,,71.15000447207481,"rgba(38, 166, 154, 1.0)",6.838580171772916,69.94906562781452,-0.09491233728510208,1,0.4048622136501682,0.4048622136501682,0.0,0.0,0.0,0.0,61.29581168698769,5.644092455226442,True,False,True,False,True,0.0
2025-02-21 17:00:00+00:00,69.11,69.33,68.54,68.775,17268.0,,71.16220389199529,"rgba(38, 166, 154, 1.0)",6.698962544392312,69.9847136693251,-0.18058224110205634,1,0.4045464444260955,0.4045464444260955,0.0,0.0,0.0,0.0,65.25338315560265,8.70100689095812,True,False,True,False,True,0.0
2025-02-24 17:00:00+00:00,69.305,69.38,68.52,68.61,13513.0,,71.1666720053275,"rgba(38, 166, 154, 1.0)",6.527187597114696,70.00610013295008,-0.21388999659933466,1,0.4042005104097674,0.4042005104097674,0.0,0.0,0.0,0.0,67.35761023810475,10.280485814750506,True,False,True,False,True,0.0
2025-02-25 17:00:00+00:00,68.05,68.85,67.98,68.495,9493.0,,71.16025561385321,"rgba(38, 166, 154, 1.0)",6.448725069889942,70.00951639471012,-0.23485516567943274,1,0.40367333706584596,0.40367333706584596,0.0,0.0,0.0,0.0,68.35769169162297,11.127805278276846,True,False,True,False,True,0.0
2025-02-26 17:00:00+00:00,68.85,69.14,68.13,68.26,19703.0,,71.14883871118866,"rgba(38, 166, 154, 1.0)",6.372577562712975,70.01803493574195,-0.2758750157908638,1,0.4032653766577764,0.4032653766577764,0.0,0.0,0.0,0.0,68.14819409839569,11.127805278276846,True,False,True,False,True,0.0
2025-02-27 17:00:00+00:00,69.49,69.96,68.94,69.12,14496.0,,71.15933016316191,"rgba(38, 166, 154, 1.0)",6.2837094054302,70.04659170636563,-0.14745935029473098,1,0.4029844955297873,0.4029844955297873,0.0,0.0,0.0,0.0,69.44255098999513,12.645189181809002,True,False,True,False,True,0.0
2025-02-28 17:00:00+00:00,69.19,69.91,68.85,69.81,8444.0,,71.16613187096009,"rgba(38, 166, 154, 1.0)",6.199434493245018,70.0639713546357,-0.04096685833400213,1,0.4031437157613679,0.4031437157613679,0.0,0.0,0.0,0.0,71.30678378571527,14.762602982472544,True,False,True,False,True,0.0
2025-03-03 17:00:00+00:00,69.64,69.97,68.4,68.65,10757.0,,71.16456919969858,"rgba(38, 166, 154, 1.0)",6.106836105973807,70.07354490627137,-0.2331067809202911,1,0.40333073958619475,0.40333073958619475,0.0,0.0,0.0,0.0,68.32665748240618,14.762602982472544,True,False,True,False,False,0.0
2025-03-04 17:00:00+00:00,68.91,69.82,68.54,69.615,16381.0,,71.16786244439862,"rgba(38, 166, 154, 1.0)",6.00689297150959,70.09468553605775,-0.07985584866134356,1,0.40389590165780775,0.40389590165780775,0.0,0.0,0.0,0.0,68.05163339119508,14.762602982472544,True,False,True,False,False,0.0
2025-03-05 17:00:00+00:00,68.96,69.635,68.59,69.59,9102.0,,71.1678990510325,"rgba(38, 166, 154, 1.0)",5.901467751468424,70.10406127447717,-0.08710735974948962,1,0.4053426924307497,0.4053426924307497,0.0,0.0,0.0,0.0,67.77915598838055,14.762602982472544,True,False,True,False,False,0.0
2025-03-06 17:00:00+00:00,68.32,69.48,68.11,69.39,18077.0,,71.15971401061311,"rgba(38, 166, 154, 1.0)",5.775717117052773,70.1121376401304,-0.12502995307687267,1,0.406077676279486,0.406077676279486,0.0,0.0,0.0,0.0,66.82603299233347,14.762602982472544,True,False,True,False,False,0.0
2025-03-07 17:00:00+00:00,70.85,71.71,70.62,70.64,24440.0,,71.2050005974666,"rgba(38, 166, 154, 1.0)",5.625463847141471,70.19169699063028,0.07969174125926078,1,0.4075815782242763,0.4075815782242763,0.0,0.0,0.0,0.0,68.46932993670761,14.762602982472544,True,False,True,False,False,1.3280505385421115
2025-03-10 17:00:00+00:00,72.74,73.32,72.33,73.0,43804.0,,71.43902289498202,"rgba(38, 166, 154, 1.0)",5.4450973171094965,70.41601110711504,0.4745532985729369,1,0.4106113994731472,0.4106113994731472,1.0,0.0,73.32,321.0,72.32091848003039,17.336223940199616,True,False,True,False,True,5.381725147011473
2025-03-11 17:00:00+00:00,70.75,71.59,70.68,71.11,7881.0,,71.43203664353113,"rgba(38, 166, 154, 1.0)",5.273583539809683,70.41707825593002,0.1313948549101744,2,0.32258069569610276,0.6451613913922055,0.0,0.0,0.0,0.0,69.32160259052175,17.336223940199616,True,False,True,False,False,1.9229191369425607
2025-03-12 17:00:00+00:00,70.66,71.59,70.61,71.205,10028.0,,71.42815109263297,"rgba(38, 166, 154, 1.0)",5.076203625076869,70.4238124179586,0.15389208939181748,2,0.32410577392229684,0.6482115478445937,0.0,0.0,0.0,0.0,67.46465777666495,17.336223940199616,True,False,True,False,False,2.083845931760159
2025-03-13 17:00:00+00:00,71.61,71.85,71.19,71.52,15417.0,,71.4375354617352,"rgba(38, 166, 154, 1.0)",4.868991199139472,70.45174606053257,0.219399439386176,2,0.32544643679315616,0.6508928735863123,0.0,0.0,0.0,0.0,66.73050200241337,21.75046705688824,True,False,True,False,False,2.623117983871108
2025-03-14 17:00:00+00:00,71.8,71.98,71.51,71.915,9131.0,,71.4479126371483,"rgba(38, 166, 154, 1.0)",4.646769147861112,70.47374762291756,0.31016225063512176,2,0.32729848614215384,0.6545969722843077,0.0,0.0,0.0,0.0,66.88432262287081,21.652526912507213,True,False,True,False,False,3.3016243741282345
2025-03-17 17:00:00+00:00,72.315,72.89,72.24,72.78,5029.0,,71.45995712418652,"rgba(38, 166, 154, 1.0)",4.418221863197098,70.49346732543563,0.5175232809404001,2,0.33092701994583423,0.6618540398916685,0.0,0.0,0.0,0.0,68.30338997320774,21.652526912507213,True,False,True,False,False,4.772759656167594
2025-03-18 17:00:00+00:00,72.14,72.455,71.98,72.1,6761.0,,71.47095877534119,"rgba(38, 166, 154, 1.0)",4.247121528668528,70.51357596227243,0.37352923080232914,2,0.33441631161569485,0.6688326232313897,0.0,0.0,0.0,0.0,66.96763551500416,21.342769757198056,True,False,True,False,False,3.4810209641027967
2025-03-19 17:00:00+00:00,71.52,71.88,70.76,71.8,8678.0,,71.47600486227445,"rgba(38, 166, 154, 1.0)",4.095863171190849,70.52815314411241,0.3105198593628327,2,0.3374083657490182,0.6748167314980364,0.0,0.0,0.0,0.0,65.10024800519002,19.369917726985335,True,False,True,False,False,2.9130624770188867
2025-03-20 17:00:00+00:00,71.53,72.2,71.53,72.07,5028.0,,71.48211365960361,"rgba(38, 166, 154, 1.0)",3.958176618614257,70.54040013148199,0.38644052954198704,2,0.3397790761610209,0.6795581523220418,0.0,0.0,0.0,0.0,64.42343630929332,18.522503118751402,True,False,True,False,False,3.388998013917444
2025-03-21 17:00:00+00:00,71.92,72.03,71.21,71.66,9383.0,,71.48945487917736,"rgba(38, 166, 154, 1.0)",3.779039282794156,70.55813498811756,0.29157278594567515,2,0.34204655106413967,0.6840931021282793,0.0,0.0,0.0,0.0,62.49890276106636,16.51727438907298,True,False,True,False,False,2.5951811404176794
2025-03-24 17:00:00+00:00,71.09,71.425,70.525,71.05,11675.0,,71.48898524386324,"rgba(38, 166, 154, 1.0)",3.6010511015586166,70.56814622007082,0.13380920357409662,2,0.3459955466926047,0.6919910933852094,0.0,0.0,0.0,0.0,59.163429169643244,13.302968375542974,True,False,True,False,False,1.4203002096836173
2025-03-25 17:00:00+00:00,71.22,71.46,70.77,71.23,10141.0,,71.49084889837675,"rgba(38, 166, 154, 1.0)",3.3730107344055296,70.57936791118158,0.19289357195985793,2,0.35112383017089577,0.7022476603417915,0.0,0.0,0.0,0.0,57.473097212854775,11.69363529604896,False,False,True,False,False,1.7542323591282383
2025-03-26 17:00:00+00:00,70.17,70.3,68.7,69.755,15895.0,,71.46488320165311,"rgba(38, 166, 154, 1.0)",3.065143020927292,70.56101226856552,-0.2629607372518895,2,0.35671676572602196,0.7134335314520439,0.0,0.0,0.0,0.0,52.07446348924196,6.717882702938105,False,False,False,False,False,0.0
2025-03-27 17:00:00+00:00,69.78,70.2,69.63,70.095,5989.0,,71.45848953487263,"rgba(38, 166, 154, 1.0)",2.9873534899429686,70.55811367957128,-0.15502473380882703,2,0.36398397832538854,0.7279679566507771,0.0,0.0,0.0,0.0,49.60835079705831,4.583288434946226,False,True,False,False,False,0.0
2025-03-28 17:00:00+00:00,70.34,70.72,70.225,70.57,5400.0,,71.45616457900077,"rgba(38, 166, 154, 1.0)",2.956038777190316,70.55966936942619,0.0034947547554242883,2,0.37185617691748024,0.7437123538349605,0.0,0.0,0.0,0.0,49.50200794772657,4.500754156514887,False,True,False,False,False,0.5019730589002123
2025-03-31 17:00:00+00:00,70.505,71.0,70.38,70.77,9136.0,,71.4545507058384,"rgba(38, 166, 154, 1.0)",2.911024041977934,70.5650341356868,0.07041022724564243,2,0.38184340017651264,0.7636868003530253,0.0,0.0,0.0,0.0,50.07340497167573,4.500754156514887,False,True,False,False,False,0.8843763861980847
2025-04-01 17:00:00+00:00,71.02,71.02,70.31,70.755,5364.0,,71.45352629615437,"rgba(38, 166, 154, 1.0)",2.8997418757445503,70.56802173910094,0.06448100172745341,2,0.38667401701024157,0.7733480340204831,0.0,0.0,0.0,0.0,50.39977758933648,4.500754156514887,False,True,False,False,False,0.8545779223936201
2025-04-02 17:00:00+00:00,71.22,71.31,70.7,71.25,2985.0,,71.45423243964294,"rgba(38, 166, 154, 1.0)",2.925620323842423,70.57123465844658,0.23200732371928046,2,0.39141606189452405,0.7828321237890481,0.0,0.0,0.0,0.0,52.347820747081336,4.500754156514887,False,True,True,False,True,1.8222064875022745
2025-04-03 17:00:00+00:00,72.125,72.15,70.87,70.88,5784.0,,71.45688769248423,"rgba(38, 166, 154, 1.0)",2.944719006463534,70.49184876905649,0.131812655160486,2,0.3967900405588646,0.7935800811177292,0.0,0.0,0.0,0.0,52.11135614181479,4.500754156514887,False,True,True,False,True,1.0650598472786221
2025-04-04 17:00:00+00:00,67.985,68.72,67.44,68.405,20087.0,,71.4020648094127,"rgba(239, 83, 80, 1.0)",2.944997289648428,70.29133106339879,-0.64052047518997,2,0.40163921510822786,0.8032784302164557,0.0,0.0,0.0,0.0,45.39104175106905,-0.03402027868293089,False,True,False,True,False,0.0
2025-04-07 17:00:00+00:00,68.765,69.365,67.97,68.31,11022.0,,71.37786171652591,"rgba(239, 83, 80, 1.0)",2.945295443967006,70.26471972166908,-0.6636752607189299,2,0.4072300095594673,0.8144600191189346,0.0,0.0,0.0,0.0,40.738330553045984,-4.1847862107404765,False,True,False,True,False,0.0
2025-04-08 17:00:00+00:00,67.275,67.275,65.4,66.45,10923.0,66.375,71.07093584073579,"rgba(239, 83, 80, 1.0)",2.9374095086695324,69.80083862727179,-1.1407461633735605,2,0.4125502533849098,0.8251005067698196,0.0,0.0,0.0,0.0,34.881412071431285,-9.337843203424313,False,True,False,True,False,0.0
2025-04-09 17:00:00+00:00,65.845,69.87,65.7,69.48,16261.0,67.55641094025898,71.10000304653047,"rgba(239, 83, 80, 1.0)",2.9301496979254864,69.84909919776534,-0.12596598666158762,2,0.41935667088990597,0.8387133417798119,0.0,0.0,0.0,0.0,39.305208638112376,-9.337843203424313,False,True,False,True,True,0.0
2025-04-10 17:00:00+00:00,67.66,68.79,66.91,68.51,5060.0,67.6370076603399,71.09304773733007,"rgba(239, 83, 80, 1.0)",2.9264072659981992,69.84356787198878,-0.45570139449947544,2,0.42761072633293173,0.8552214526658635,0.0,0.0,0.0,0.0,40.57164711882236,-9.337843203424313,False,True,False,True,True,0.0
2025-04-11 17:00:00+00:00,69.135,70.1,68.78,70.0,11481.0,68.15943819325328,71.11125698274189,"rgba(239, 83, 80, 1.0)",2.936771940827717,69.88624241081526,0.03873558842048907,2,0.43818279077428146,0.8763655815485629,0.0,0.0,0.0,0.0,44.32486379368538,-12.702948047953825,False,True,False,True,True,0.0
2025-04-14 17:00:00+00:00,70.06,70.48,69.825,70.435,7872.0,68.47788040002324,71.12595470763459,"rgba(38, 166, 154, 1.0)",2.950670937597505,69.91982975059143,0.17459427374440864,2,0.45264593404741416,0.9052918680948283,0.0,0.0,0.0,0.0,47.597077867050714,-9.66440073514243,False,True,False,False,True,0.5045148407570323
2025-04-15 17:00:00+00:00,71.33,71.445,70.85,71.03,8366.0,68.84487953682547,71.1491411485833,"rgba(38, 166, 154, 1.0)",2.972331909794485,69.96753900302134,0.35745032157331275,2,0.4661415756578109,0.9322831513156218,0.0,0.0,0.0,0.0,50.82916254187482,-6.614612110467526,False,True,True,False,True,1.5595465979972403
2025-04-16 17:00:00+00:00,70.86,70.975,69.78,70.265,11642.0,69.0879658077881,71.15965173583665,"rgba(38, 166, 154, 1.0)",2.9840140946580096,69.99902242246654,0.08913415590416147,2,0.4828895143869494,0.9657790287738988,0.0,0.0,0.0,0.0,51.25700741803149,-6.048470207928318,False,True,True,False,True,0.16299164039914515
2025-04-17 17:00:00+00:00,71.405,72.03,71.24,71.59,8836.0,69.36609579277565,71.1817445563333,"rgba(38, 166, 154, 1.0)",3.0100055864783983,70.04459915110132,0.5134212560405064,3,0.36805216398420476,1.1041564919526143,0.0,0.0,0.0,0.0,53.93338726524418,-3.258999143513691,False,True,True,False,True,2.5003377615116094
2025-04-18 17:00:00+00:00,71.59,71.59,71.59,71.59,0.0,69.36609579277565,71.1817445563333,"rgba(38, 166, 154, 1.0)",3.0364408352455143,70.04459915110132,0.5089514114552887,3,0.3839028487144765,1.1517085461434295,0.0,0.0,0.0,0.0,55.717640496719305,-1.2930973998265145,False,False,True,False,True,2.5003377615116094
2025-04-21 17:00:00+00:00,70.605,70.82,70.065,70.775,15148.0,69.55423746456182,71.19094663753532,"rgba(38, 166, 154, 1.0)",3.0512708355228386,70.07647808404136,0.22892819209179055,4,0.32790225308062276,1.311609012322491,0.0,0.0,0.0,0.0,54.84326964643416,-1.2930973998265145,False,False,True,False,True,0.9804962045223391
2025-04-22 17:00:00+00:00,72.12,72.61,71.51,72.43,11208.0,69.8301525791923,71.21915666561274,"rgba(38, 166, 154, 1.0)",3.085577286212373,70.1324264835585,0.7446170694566637,5,0.2930579161765764,1.465289580882882,0.0,0.0,0.0,0.0,57.27211464163514,0.7937177272695024,False,False,True,False,True,3.8708861115770503
2025-04-23 17:00:00+00:00,71.5,71.99,71.35,71.655,4151.0,69.89880142048527,71.2260276716391,"rgba(38, 166, 154, 1.0)",3.1123087256254194,70.14735042206492,0.48441517562886405,6,0.30641452381830564,1.838487142909834,0.0,0.0,0.0,0.0,56.98335123550879,0.8779936993650779,False,False,True,False,True,2.426192362842947
2025-04-24 17:00:00+00:00,73.16,73.5,72.54,72.705,5900.0,70.05109817883061,71.24427990569323,"rgba(38, 166, 154, 1.0)",3.156055026981285,70.18144607259308,0.7995912320390245,6,0.31480207025495205,1.8888124215297122,0.0,0.0,0.0,0.0,58.580127212250204,2.798051581940129,False,False,True,False,True,4.218611902651734
2025-04-25 17:00:00+00:00,72.815,73.62,72.815,73.18,6348.0,70.21361131854931,71.26504067167761,"rgba(38, 166, 154, 1.0)",3.193682519605937,70.21951368172104,0.9269820340953165,6,0.32558221022288664,1.9534932613373197,0.0,0.0,0.0,0.0,60.39604895403106,4.870564594488833,True,False,True,False,True,5.016484863944974
2025-04-28 17:00:00+00:00,72.84,73.315,72.675,73.28,3109.0,70.2844136811686,71.27438549052226,"rgba(38, 166, 154, 1.0)",3.2365097038420165,70.23676622005095,0.9402826063943102,6,0.3360158527464372,2.016095116478623,0.0,0.0,0.0,0.0,61.77182630444708,6.494001997536365,True,False,True,False,True,5.185544660210571
2025-04-29 17:00:00+00:00,73.51,73.76,73.165,73.555,16562.0,70.65641090431427,71.3279846001547,"rgba(38, 166, 154, 1.0)",3.278676386416827,70.33318952729789,0.982655832106426,6,0.3503280495415966,2.1019682972495795,0.0,0.0,0.0,0.0,63.17234855954272,8.124087433083034,True,False,True,False,True,5.655614632952933
2025-04-30 17:00:00+00:00,72.49,72.81,71.94,72.68,7925.0,70.75207597220012,71.34277709753228,"rgba(38, 166, 154, 1.0)",3.3106861513579378,70.36213989750362,0.7001147183781435,7,0.33390059576402914,2.337304170348204,0.0,0.0,0.0,0.0,61.2992725443216,8.124087433083034,True,False,True,False,True,3.9301371476682903
2025-05-01 17:00:00+00:00,72.03,72.505,71.77,71.85,7797.0,70.81547846950293,71.35300950129813,"rgba(38, 166, 154, 1.0)",3.3300171820026487,70.38378985268514,0.4403010756938754,6,0.2406053742227401,1.4436322453364405,0.0,0.0,0.0,0.0,57.75084880485759,12.693552613765391,False,False,True,False,False,2.328882549749089
2025-05-02 17:00:00+00:00,72.43,72.47,72.095,72.24,11874.0,70.91668048198143,71.37045374146602,"rgba(38, 166, 154, 1.0)",3.3506033233779022,70.4190839083972,0.5434591671588999,6,0.24082367761150672,1.4449420656690404,0.0,0.0,0.0,0.0,56.36542526155398,11.284794287778588,False,False,True,False,False,3.028943493835328
2025-05-05 17:00:00+00:00,71.13,71.525,71.05,71.22,10269.0,70.9364716264967,71.3743112576697,"rgba(38, 166, 154, 1.0)",3.357528786108907,70.36291135354736,0.2552736554333259,6,0.24267686638780253,1.4560611983268152,0.0,0.0,0.0,0.0,52.77675195039687,7.843279285770954,False,False,False,False,False,1.0731855509585237
2025-05-06 17:00:00+00:00,72.0,72.505,71.98,72.08,10722.0,71.00657964837507,71.38775932224738,"rgba(38, 166, 154, 1.0)",3.368530130968644,70.42009990266367,0.4927668843083845,6,0.24216703935959827,1.4530022361575896,0.0,0.0,0.0,0.0,52.632136423238826,7.604645535769421,False,False,False,False,False,2.6337005412987935
2025-05-07 17:00:00+00:00,72.5,72.76,71.865,72.375,10378.0,71.07479999867878,71.40155484514766,"rgba(38, 166, 154, 1.0)",3.3555254123301106,70.46002300086042,0.5706936362641949,7,0.23897962855181937,1.6728573998627356,0.0,0.0,0.0,0.0,53.260947557992175,7.604645535769421,False,False,True,False,False,3.1644661381073007
2025-05-08 17:00:00+00:00,74.09,74.465,73.38,74.0,8508.0,71.19103096573802,71.42525705169211,"rgba(38, 166, 154, 1.0)",3.380989689318739,70.52710882314474,1.0271818301685016,7,0.2356731803405671,1.6497122623839697,0.0,0.0,0.0,0.0,57.02337462584386,7.604645535769421,False,False,True,False,True,6.008704399397754
2025-05-09 17:00:00+00:00,74.41,74.985,74.41,74.78,12863.0,71.39469061049061,71.46863413572181,"rgba(38, 166, 154, 1.0)",3.4150107804560363,70.63406324368295,1.2140332850613762,7,0.2313921742979471,1.6197452200856297,0.0,0.0,0.0,0.0,60.78913798111817,5.731891704106843,True,False,True,False,True,7.321189937203773
2025-05-12 17:00:00+00:00,73.62,74.19,73.115,74.06,9159.0,71.4890406922532,71.49050630428594,"rgba(38, 166, 154, 1.0)",3.4180814912873814,70.67902913511068,0.9891428491413516,7,0.22826292916945248,1.5978405041861674,0.0,0.0,0.0,0.0,61.03351378316053,6.012487595246256,True,False,True,False,True,5.872049440874939
2025-05-13 17:00:00+00:00,73.85,74.065,73.22,73.22,14430.0,71.60671951819077,71.51987637055765,"rgba(38, 166, 154, 1.0)",3.3534952856133384,70.73478919719139,0.7410807504248738,7,0.2263421445792444,1.5843950120547108,0.0,0.0,0.0,0.0,58.82748726588037,6.012487595246256,True,False,True,False,True,4.212039222682776
2025-05-14 17:00:00+00:00,72.75,73.21,72.73,73.005,7879.0,71.64925757153348,71.53176313338615,"rgba(38, 166, 154, 1.0)",3.3021980285591663,70.7552918232769,0.6812759735383571,7,0.2246858102946311,1.5728006720624177,0.0,0.0,0.0,0.0,56.772893427976726,6.012487595246256,True,False,True,False,False,3.7896483040076987
2025-05-15 17:00:00+00:00,75.09,75.24,74.87,75.14,6545.0,71.73530140445712,71.72962472721036,"rgba(38, 166, 154, 1.0)",3.304233631553932,70.96598144704006,1.2632334811618502,6,0.24096013650254422,1.4457608190152653,0.0,0.0,0.0,0.0,59.57674384553448,6.012487595246256,True,False,True,False,True,7.440092936690931
2025-05-16 17:00:00+00:00,74.96,75.14,74.81,74.955,5203.0,71.79844053915075,71.74241026367777,"rgba(38, 166, 154, 1.0)",3.2935647422985124,70.9938123583056,1.2027052606016062,6,0.23717668635217526,1.4230601181130516,0.0,0.0,0.0,0.0,60.8998065359868,6.012487595246256,True,False,True,False,True,7.06810844680286
2025-05-19 17:00:00+00:00,74.935,75.2,74.7,75.07,10346.0,71.91774707784583,71.77132834555947,"rgba(38, 166, 154, 1.0)",3.2322104365753197,71.05153226689363,1.2432568398498582,6,0.23342746727008734,1.400564803620524,0.0,0.0,0.0,0.0,61.9917622647411,7.0168570051503565,True,False,True,False,True,7.261982138403198
2025-05-20 17:00:00+00:00,74.515,74.535,73.64,73.83,6005.0,71.96200190378518,71.77281254023912,"rgba(38, 166, 154, 1.0)",3.145215024374267,71.06062335351548,0.8805047111319448,6,0.23141236240927557,1.3884741744556535,0.0,0.0,0.0,0.0,59.01363096807532,7.0168570051503565,True,False,True,False,False,4.757519372194611
2025-05-21 17:00:00+00:00,72.73,72.92,72.185,72.795,8687.0,71.98201122292483,71.7554957321071,"rgba(38, 166, 154, 1.0)",3.0852981633477174,71.04109644676964,0.5684713309287674,6,0.23035576006704053,1.3821345604022433,0.0,0.0,0.0,0.0,54.55362228406332,9.824356849203411,True,False,True,False,False,2.741652868662367
2025-05-22 17:00:00+00:00,70.56,71.23,70.5,70.95,6923.0,71.95675176508703,71.70426500541075,"rgba(239, 83, 80, 1.0)",3.0006433724534256,70.91081113978655,0.013060152557021469,6,0.23006883929960123,1.3804130357976074,0.0,0.0,0.0,0.0,48.24726911902782,4.10761051460473,False,True,False,True,False,0.0
2025-05-23 17:00:00+00:00,71.34,71.715,71.32,71.565,5967.0,71.94845026126976,71.70630567595235,"rgba(239, 83, 80, 1.0)",2.9098964982677002,70.91175559616626,0.22449059759432125,7,0.22816267907812765,1.5971387535468935,0.0,0.0,0.0,0.0,45.67211027062723,1.9329022667006868,False,True,False,True,False,0.43930172491789676
2025-05-26 17:00:00+00:00,71.565,71.565,71.565,71.565,0.0,71.94845026126976,71.70630567595235,"rgba(239, 83, 80, 1.0)",2.8081445462783354,70.91175559616626,0.23262492121336517,7,0.22767992763322906,1.5937594934326034,0.0,0.0,0.0,0.0,43.955337705026835,0.39366366213518234,False,True,False,True,False,0.4393017249179074
2025-05-27 17:00:00+00:00,72.22,72.58,72.03,72.4,8237.0,71.95868027474215,71.72609392135624,"rgba(239, 83, 80, 1.0)",2.6881378279362673,70.93860220395163,0.5436468996719248,7,0.22679338803280125,1.5875537162296087,0.0,0.0,0.0,0.0,45.099065931127654,0.39366366213518234,False,True,False,True,False,1.9602868985656912
2025-05-28 17:00:00+00:00,72.46,72.695,72.28,72.535,9484.0,71.97471878091997,71.74118712137054,"rgba(239, 83, 80, 1.0)",2.5560880548494493,70.96104342658633,0.615767743379393,8,0.22198266864219174,1.775861349137534,0.0,0.0,0.0,0.0,46.222145475989095,0.39366366213518234,False,True,False,True,False,2.205270023875034
2025-05-29 17:00:00+00:00,73.755,73.88,73.45,73.645,17232.0,72.06022436879852,71.80442848084834,"rgba(239, 83, 80, 1.0)",2.4014451354837565,71.05639694819142,1.0779355370478276,8,0.22041844686551204,1.7633475749240963,0.0,0.0,0.0,0.0,49.71573610476463,0.39366366213518234,False,True,False,False,True,4.197720283057713
2025-05-30 17:00:00+00:00,73.86,74.84,73.86,74.4,7120.0,72.10762887535363,71.83478301378685,"rgba(239, 83, 80, 1.0)",2.252232622040539,71.10295357975289,1.463901369681772,8,0.21947194340611403,1.7557755472489123,0.0,0.0,0.0,0.0,53.61726704542659,-2.761273637627035,False,False,True,False,True,5.517677254526877
2025-06-02 17:00:00+00:00,73.82,73.83,73.495,73.74,8205.0,72.1442018188227,71.85435550433337,"rgba(239, 83, 80, 1.0)",2.069438292592128,71.13445135851421,1.2590608044766272,8,0.2187669660506683,1.7501357284053465,0.0,0.0,0.0,0.0,54.2368572830498,-2.036476936094587,True,False,True,False,True,4.2005980226967665
2025-06-03 17:00:00+00:00,75.14,75.31,75.01,75.19,9952.0,72.22679820723742,71.90258003221082,"rgba(38, 166, 154, 1.0)",2.00735081121338,71.20899497233125,1.9832134001840722,8,0.2171403291687664,1.7371226333501313,0.0,0.0,0.0,0.0,57.51472217191695,1.2318669695535291,True,False,True,False,True,6.705019614059719
2025-06-04 17:00:00+00:00,74.83,74.92,74.06,74.17,6406.0,72.26403647426791,71.92177964920457,"rgba(38, 166, 154, 1.0)",1.9330377997170263,71.23965943483844,1.5159251234458657,8,0.2159041701697029,1.7272333613576232,0.0,0.0,0.0,0.0,56.86984361203645,1.2318669695535291,True,False,True,False,True,4.681799757558661
2025-06-05 17:00:00+00:00,74.48,75.365,74.47,75.135,10905.0,72.34187770585442,71.96264795262104,"rgba(38, 166, 154, 1.0)",1.9603223397378713,71.30406527878618,1.9542371392482747,8,0.21387449823874874,1.71099598590999,0.0,0.0,0.0,0.0,58.270143778840506,2.387745444445308,True,False,True,False,True,6.323535802554698
2025-06-06 17:00:00+00:00,77.63,78.28,77.55,77.83,11931.0,72.50986065510637,72.05516981311652,"rgba(38, 166, 154, 1.0)",2.0612985892086395,71.44571497298438,3.097215056779637,8,0.20938789873997607,1.6751031899198086,0.0,0.0,0.0,0.0,62.83349203014099,6.870678128869578,True,False,True,False,True,10.607781370842048
2025-06-09 17:00:00+00:00,78.425,78.58,77.7,77.88,6232.0,72.59621694900567,72.10108129684878,"rgba(38, 166, 154, 1.0)",2.1493413782738138,71.51615966424296,2.960832746293649,8,0.20528477604581533,1.6422782083665226,0.0,0.0,0.0,0.0,65.92997660364178,9.844560838270368,True,False,True,False,True,10.68373917049956
2025-06-10 17:00:00+00:00,79.38,79.41,78.82,79.025,16970.0,72.86026755646998,72.23874605539764,"rgba(38, 166, 154, 1.0)",2.269311178579263,71.72665922512557,3.216104007139149,8,0.2005286079212733,1.6042288633701864,0.0,0.0,0.0,0.0,69.20310189692823,12.95532503981903,True,False,True,False,True,12.409021345809098
2025-06-11 17:00:00+00:00,79.925,80.05,79.235,79.73,13531.0,73.07433006543538,72.34734166577269,"rgba(38, 166, 154, 1.0)",2.398871239817752,71.89232001927917,3.267236628055236,8,0.19665007131253043,1.5732005705002434,0.0,0.0,0.0,0.0,72.05337260949693,15.666568656703049,True,False,True,False,True,13.446430662430728
2025-06-12 17:00:00+00:00,78.85,79.185,78.825,79.18,3138.0,73.11766399578808,72.3688077453896,"rgba(38, 166, 154, 1.0)",2.507620784727925,71.92511769910843,2.8931337405861908,8,0.1932687777499596,1.5461502219996768,0.0,0.0,0.0,0.0,72.2004532752648,15.965436072767687,True,False,True,False,True,12.294640200118142
2025-06-13 17:00:00+00:00,78.76,79.11,78.56,78.95,7494.0,73.21543042887623,72.41679619769083,"rgba(38, 166, 154, 1.0)",2.6073245028309233,71.99843123948915,2.666169382814886,8,0.19065004551848452,1.5252003641478762,0.0,0.0,0.0,0.0,71.55325506684667,15.965436072767687,True,False,True,False,True,11.812233680812891
2025-06-16 17:00:00+00:00,80.305,80.38,79.705,79.99,4439.0,73.28326283278317,72.4504993118027,"rgba(38, 166, 154, 1.0)",2.714891781892383,72.0496276125528,2.924747292104754,7,0.2003421853799712,1.4023952976597984,0.0,0.0,0.0,0.0,72.46617412519876,16.84018472488313,True,False,True,False,True,13.383331513770937
2025-06-17 17:00:00+00:00,80.64,81.065,80.09,80.115,12096.0,73.4719512918042,72.54400939905328,"rgba(38, 166, 154, 1.0)",2.8309132483739567,72.19123241242161,2.7990146261563122,7,0.19931692282365301,1.395218459765571,0.0,0.0,0.0,0.0,73.22908893471622,17.961257814890885,True,False,True,False,True,13.570656925247672
2025-06-18 17:00:00+00:00,84.195,85.36,84.19,84.9,16600.0,73.86898846556852,72.74421434903732,"rgba(38, 166, 154, 1.0)",3.1409970701345618,72.49129724636278,3.950561709089921,6,0.20756605083499913,1.2453963050099948,0.0,0.0,0.0,0.0,77.4130465521753,22.166754214910867,True,False,True,False,True,20.0
2025-06-19 17:00:00+00:00,84.9,84.9,84.9,84.9,0.0,73.86898846556852,72.74421434903732,"rgba(38, 166, 154, 1.0)",3.4079022397473375,72.49129724636278,3.6411557259216485,5,0.22034101600337616,1.1017050800168808,0.0,0.0,0.0,0.0,80.20235163048136,24.90076529971587,True,False,True,False,True,20.0
2025-06-20 17:00:00+00:00,84.6,85.09,83.98,84.17,18982.0,74.27473010055387,72.9463499739609,"rgba(38, 166, 154, 1.0)",3.628067388152012,72.79263577523551,3.135929685848435,5,0.2144321284674305,1.0721606423371526,0.0,0.0,0.0,0.0,79.83808421278034,24.90076529971587,True,False,True,False,True,18.51443041361892
2025-06-23 17:00:00+00:00,85.545,86.69,85.545,86.59,19781.0,74.73738000618482,73.17739312703819,"rgba(38, 166, 154, 1.0)",3.940843941717574,73.13447618236006,3.4143762139881892,5,0.20756168538265415,1.0378084269132708,0.0,0.0,0.0,0.0,81.16088007582616,26.16347530097846,True,False,True,False,True,20.0
2025-06-24 17:00:00+00:00,86.72,86.72,86.0,86.285,12483.0,75.01284182419553,73.31502232507728,"rgba(38, 166, 154, 1.0)",4.200590722078679,73.33681392961577,3.08246790203278,5,0.20201587143575814,1.0100793571787907,0.0,0.0,0.0,0.0,81.17970548635651,26.48523148164037,True,False,True,False,True,20.0
2025-06-25 17:00:00+00:00,85.53,86.02,85.365,85.425,13621.0,75.28038045621855,73.44894269016112,"rgba(38, 166, 154, 1.0)",4.405027929884448,73.5325614057371,2.6997419275329904,5,0.19709736151174456,0.9854868075587229,0.0,0.0,0.0,0.0,78.77595856120351,26.48523148164037,True,False,True,False,False,19.024431012240527
2025-06-26 17:00:00+00:00,85.505,85.56,85.03,85.36,9518.0,75.45447317679475,73.53648295811738,"rgba(38, 166, 154, 1.0)",4.592749671988284,73.6598450517815,2.5475272513934533,5,0.19307997410615516,0.9653998705307758,0.0,0.0,0.0,0.0,76.98775198625162,26.48523148164037,True,False,True,False,False,18.885797196742576
2025-06-27 17:00:00+00:00,84.69,84.79,83.73,84.33,8205.0,75.58454971997217,73.6021575866097,"rgba(38, 166, 154, 1.0)",4.73743089801977,73.7548299056949,2.2322584375268626,5,0.190594578236632,0.9529728911831601,0.0,0.0,0.0,0.0,72.8988839135727,27.528874956788073,True,False,True,False,False,16.699578550025283
2025-06-30 17:00:00+00:00,83.565,84.11,83.15,83.675,12582.0,75.76263257891694,73.69274817513255,"rgba(38, 166, 154, 1.0)",4.859325137587692,74.54258723549387,1.8793582454208282,5,0.1891001985638085,0.9455009928190425,0.0,0.0,0.0,0.0,68.48858119108058,23.483537762790803,True,False,True,False,False,15.334600016611002
2025-07-01 17:00:00+00:00,84.96,85.29,84.65,84.77,25073.0,76.14809955978944,73.89150310897622,"rgba(38, 166, 154, 1.0)",4.999066842651346,74.87108695904041,1.9801521669011162,5,0.1873544346311679,0.9367721731558396,0.0,0.0,0.0,0.0,67.26972981944014,22.4203512036827,True,False,True,False,False,16.812134586631267
2025-07-02 17:00:00+00:00,84.91,85.36,84.49,84.595,19077.0,76.41753797687353,74.03301603708456,"rgba(38, 166, 154, 1.0)",5.122602075803446,75.07240938326068,1.8589362351058212,5,0.18613299393075097,0.9306649696537549,0.0,0.0,0.0,0.0,65.97086596432337,21.14497435872859,True,False,True,False,False,16.442848712431793
2025-07-03 17:00:00+00:00,87.615,87.615,87.615,87.615,0.0,76.41753797687353,74.03301603708456,"rgba(38, 166, 154, 1.0)",5.326529959965784,75.07240938326068,2.354739522918198,5,0.18307411302707938,0.9153705651353969,0.0,0.0,0.0,0.0,68.81701209656198,21.14497435872859,True,False,True,False,True,20.0
2025-07-04 17:00:00+00:00,87.615,87.615,87.615,87.615,0.0,76.41753797687353,74.03301603708456,"rgba(38, 166, 154, 1.0)",5.511808944242938,75.07240938326068,2.2755851560929017,5,0.1803730920169969,0.9018654600849845,0.0,0.0,0.0,0.0,70.71444285138773,21.14497435872859,True,False,True,False,True,20.0
2025-07-07 17:00:00+00:00,86.87,87.28,86.67,87.05,12132.0,76.62270251619461,74.14124097296641,"rgba(38, 166, 154, 1.0)",5.6610636316367255,75.24748090641256,2.0848589349233464,5,0.17859552800878145,0.8929776400439072,0.0,0.0,0.0,0.0,70.31145691591492,21.14497435872859,True,False,True,False,True,19.10351280075005
2025-07-08 17:00:00+00:00,85.96,86.82,85.96,86.46,10902.0,76.79035077813114,74.23071289706287,"rgba(38, 166, 154, 1.0)",5.784886305500399,75.38131140770923,1.9151091321806784,5,0.17625645808892537,0.8812822904446269,0.0,0.0,0.0,0.0,68.34859443843531,21.14497435872859,True,False,True,False,True,17.84501891062508
2025-07-09 17:00:00+00:00,87.81,88.43,87.81,88.145,12721.0,77.01245019987802,74.34943079987185,"rgba(38, 166, 154, 1.0)",5.925962150183195,75.56815276915661,2.122329996733878,5,0.1728046192577691,0.8640230962888455,0.0,0.0,0.0,0.0,69.29618098696955,21.14497435872859,True,False,True,False,True,19.988979487962258
2025-07-10 17:00:00+00:00,87.65,88.59,87.615,88.54,7535.0,77.1413258038769,74.41882619770666,"rgba(38, 166, 154, 1.0)",6.069173892609857,75.67469804257018,2.119778109026549,5,0.16837418956288291,0.8418709478144146,0.0,0.0,0.0,0.0,70.38669221751704,21.14497435872859,True,False,True,False,True,20.0
2025-07-11 17:00:00+00:00,87.43,88.45,87.28,87.845,7410.0,77.26086234579329,74.48371425722937,"rgba(38, 166, 154, 1.0)",6.187181057754794,75.77111794977932,1.9514350618667768,5,0.16502295241288545,0.8251147620644272,0.0,0.0,0.0,0.0,69.02378485057973,21.14497435872859,True,False,True,False,True,18.977683101851458
2025-07-14 17:00:00+00:00,86.86,87.5,86.78,87.5,8375.0,77.38534693937211,74.55199750194734,"rgba(38, 166, 154, 1.0)",6.288611171671111,75.86864996574522,1.8495896338211528,5,0.16227061943861826,0.8113530971930913,0.0,0.0,0.0,0.0,67.09797722906018,21.14497435872859,False,False,True,False,False,18.235474705870324
2025-07-15 17:00:00+00:00,86.57,87.305,86.52,86.77,6153.0,77.47126676378898,74.5995725833052,"rgba(38, 166, 154, 1.0)",6.364137792886402,75.93473314320583,1.7025506375593287,5,0.16021505858034807,0.8010752929017404,0.0,0.0,0.0,0.0,63.732276339269994,18.23118561822406,False,False,True,False,False,16.67226663748279
2025-07-16 17:00:00+00:00,86.66,87.45,86.54,87.41,8507.0,77.59084498634418,74.66607370878606,"rgba(38, 166, 154, 1.0)",6.451410431025734,76.02756737606603,1.7643324270913312,5,0.1581304603343284,0.790652301671642,0.0,0.0,0.0,0.0,62.76055884337333,17.237935560906124,False,False,True,False,False,17.534204703989243
2025-07-17 17:00:00+00:00,88.1,88.365,88.01,88.365,9359.0,77.73398094923702,74.74560186587728,"rgba(38, 166, 154, 1.0)",6.546989894958041,76.1423192409994,1.8669160874088886,5,0.15556552711852503,0.7778276355926251,0.0,0.0,0.0,0.0,63.8063531335819,17.237935560906124,False,False,True,False,False,18.798778100625558
2025-07-18 17:00:00+00:00,89.585,89.97,89.39,89.7,9567.0,77.8958824365026,74.8353807407176,"rgba(38, 166, 154, 1.0)",6.62565606134526,76.27568815682308,2.026110579674623,5,0.1524307913062621,0.7621539565313106,0.0,0.0,0.0,0.0,66.42898095063826,17.237935560906124,False,False,True,False,True,20.0
2025-07-21 17:00:00+00:00,90.08,90.17,89.45,89.575,6002.0,77.99561285630853,74.89101730341298,"rgba(38, 166, 154, 1.0)",6.686389886307078,76.35744918215272,1.9767843399193992,5,0.14995554283657284,0.7497777141828642,0.0,0.0,0.0,0.0,67.75859496365553,13.363812812376324,False,False,True,False,True,20.0
2025-07-22 17:00:00+00:00,89.835,90.535,89.805,90.395,7213.0,78.11841027383646,74.95965606698614,"rgba(38, 166, 154, 1.0)",6.714656752008629,76.45862895736485,2.075515034847642,5,0.1471330653288855,0.7356653266444275,0.0,0.0,0.0,0.0,69.77453859807144,15.369625633641064,True,False,True,False,True,20.0
2025-07-23 17:00:00+00:00,90.31,90.56,90.14,90.45,5688.0,78.21460773850151,75.01365663631509,"rgba(38, 166, 154, 1.0)",6.791382285761055,76.5377664427135,2.048512802239856,4,0.15583282736672105,0.6233313094668842,0.0,0.0,0.0,0.0,71.19332274271375,16.816244161979597,True,False,True,False,True,20.0
2025-07-24 17:00:00+00:00,89.425,89.59,89.015,89.1,6363.0,78.31046042199766,75.06820459621412,"rgba(38, 166, 154, 1.0)",6.807396349784599,76.61481331480931,1.8340619590316263,4,0.1539978942632935,0.615991577053174,0.0,0.0,0.0,0.0,67.41715465917324,16.816244161979597,False,False,True,False,False,18.30378111611149
2025-07-25 17:00:00+00:00,89.425,89.495,89.065,89.41,5906.0,78.39865611081429,75.11861875767968,"rgba(38, 166, 154, 1.0)",6.846764174239917,76.6857371122496,1.8584345194221565,3,0.1693601484229954,0.5080804452689862,0.0,0.0,0.0,0.0,65.52989156035949,20.21616476304021,False,False,True,False,False,18.720039781409533
2025-07-28 17:00:00+00:00,88.73,88.865,88.39,88.42,6082.0,78.48175833427474,75.1667217325015,"rgba(38, 166, 154, 1.0)",6.864414266725363,76.75149783589809,1.6998540167751726,2,0.13984371992827477,0.27968743985654954,0.0,0.0,0.0,0.0,61.29223834701371,16.294489918849763,False,True,True,False,False,16.5301572241561
2025-07-29 17:00:00+00:00,87.99,88.155,87.63,88.125,10130.0,78.60928609527043,75.2415799346748,"rgba(38, 166, 154, 1.0)",6.878332822305985,76.85119108427511,1.639032190935085,2,0.1385927891514753,0.2771855783029506,0.0,0.0,0.0,0.0,57.65243002304388,13.02079852066288,False,True,True,False,False,15.884445506317025
2025-07-30 17:00:00+00:00,90.56,90.67,88.965,89.48,7185.0,78.714064309193,76.13566440530191,"rgba(38, 166, 154, 1.0)",6.89593737299358,77.94516384984917,1.6727002474419914,2,0.13701532421121906,0.27403064842243813,0.0,0.0,0.0,0.0,58.418188613351255,13.02079852066288,False,True,True,False,False,17.77652715753578
2025-07-31 17:00:00+00:00,90.03,90.03,88.96,89.39,6061.0,78.79898854787646,76.17841577484072,"rgba(38, 166, 154, 1.0)",6.9250947890866525,78.00387182693385,1.6441837288653005,2,0.13555553041815013,0.27111106083630027,0.0,0.0,0.0,0.0,58.6446352098248,13.02079852066288,False,True,True,False,False,17.575704702613226
2025-08-01 17:00:00+00:00,89.31,89.31,88.7,88.71,11417.0,78.94725026733936,76.24807024790978,"rgba(38, 166, 154, 1.0)",6.9339377240034095,78.09756396105935,1.530506396416465,2,0.134359653344754,0.268719306689508,0.0,0.0,0.0,0.0,56.672005143212274,11.900177206299887,False,True,True,False,False,16.056124421847844
2025-08-04 17:00:00+00:00,88.635,88.715,88.21,88.325,14830.0,79.12429913676483,76.3358842850462,"rgba(38, 166, 154, 1.0)",6.914542523284058,78.2119516437379,1.4625766378914264,2,0.13325038632090896,0.26650077264181793,0.0,0.0,0.0,0.0,54.22765187313544,9.425880619505776,False,True,True,False,False,15.20073780027635
2025-08-05 17:00:00+00:00,85.56,85.78,84.87,85.19,18349.0,79.26348220270894,76.36625114898837,"rgba(239, 83, 80, 1.0)",6.876825367502962,78.23610551032965,1.0112070785644176,2,0.13299308528515877,0.26598617057031754,0.0,0.0,0.0,0.0,46.50451465358064,2.2479642493525773,False,True,False,True,False,8.669838847991784
2025-08-06 17:00:00+00:00,84.555,85.38,84.41,85.23,28256.0,79.45672167882852,77.02692565185137,"rgba(239, 83, 80, 1.0)",6.821882812545607,79.01888730763166,0.910468980930889,2,0.13281701350208996,0.26563402700417993,0.0,0.0,0.0,0.0,41.477329062314176,-2.157299423001092,False,True,False,True,False,8.732307350358042
2025-08-07 17:00:00+00:00,86.66,87.36,86.38,87.29,10315.0,79.54837225821149,77.11043590281233,"rgba(239, 83, 80, 1.0)",6.802088439894114,79.1194837838198,1.2011775924964878,2,0.13224042977208705,0.2644808595441741,0.0,0.0,0.0,0.0,43.488545997441946,-2.157299423001092,False,True,False,True,False,11.857336636189395
2025-08-08 17:00:00+00:00,86.535,86.84,86.23,86.65,11404.0,79.64136399022019,77.17850705781672,"rgba(239, 83, 80, 1.0)",6.7765198242110145,79.19889400519496,1.099547583139045,2,0.13192260373673878,0.26384520747347756,0.0,0.0,0.0,0.0,43.62920455039843,-2.157299423001092,False,True,False,True,True,10.577952934129183
2025-08-11 17:00:00+00:00,86.7,87.69,86.54,87.57,8699.0,79.71759055368753,77.2382036434913,"rgba(239, 83, 80, 1.0)",6.758579282579721,79.2705084819677,1.2279935132852977,2,0.1315759824022389,0.2631519648044778,0.0,0.0,0.0,0.0,45.76413871338669,-2.157299423001092,False,True,False,True,True,11.940423513713444
2025-08-12 17:00:00+00:00,87.91,88.88,87.765,88.87,13697.0,79.85376125552806,77.35325502265269,"rgba(38, 166, 154, 1.0)",6.757397180027638,79.4130917082704,1.3994897798342711,2,0.1309721990022693,0.2619443980045386,0.0,0.0,0.0,0.0,49.6504989595163,-7.0268568095607336,False,True,False,False,True,13.806491305236591
2025-08-13 17:00:00+00:00,89.585,89.68,88.835,89.5,12072.0,79.98155306365942,77.46079370147058,"rgba(38, 166, 154, 1.0)",6.74476034742087,79.54800544050417,1.475514925196916,2,0.13058558569706724,0.2611711713941345,0.0,0.0,0.0,0.0,53.30029282772044,-3.523891031155273,False,True,True,False,True,14.689050120781886
2025-08-14 17:00:00+00:00,88.51,88.915,88.25,88.335,10749.0,80.08253769631197,77.53695626318745,"rgba(38, 166, 154, 1.0)",6.691876746278584,79.6411422541401,1.2991658507001975,2,0.13048614923003607,0.26097229846007214,0.0,0.0,0.0,0.0,53.01940430706829,-3.523891031155273,False,True,True,False,True,12.312888600917901
2025-08-15 17:00:00+00:00,88.91,90.06,88.91,89.71,10738.0,80.19346265442124,77.62490355833997,"rgba(38, 166, 154, 1.0)",6.658677047809393,79.75094289092395,1.4956510185987208,1,0.1602731340715967,0.1602731340715967,0.0,0.0,0.0,0.0,55.231353271014456,-1.299604490191001,False,True,True,False,True,14.251205989602614
2025-08-18 17:00:00+00:00,90.87,92.07,90.84,92.01,26268.0,80.5120695837563,77.88863091074441,"rgba(38, 166, 154, 1.0)",6.635269723025115,80.08844820766652,1.7966943756580676,1,0.15906959474342322,0.15906959474342322,0.0,0.0,0.0,0.0,59.68782243869675,3.0635393177963124,False,True,True,False,True,17.296624045471653
2025-08-19 17:00:00+00:00,91.885,92.89,91.85,92.73,13043.0,80.67535679981269,78.02095491478124,"rgba(38, 166, 154, 1.0)",6.633584458327349,80.2581625073295,1.8801053293312953,1,0.1577713337270249,0.1577713337270249,0.0,0.0,0.0,0.0,63.416889786337634,6.624943025304333,False,False,True,False,True,18.20609652369072
2025-08-20 17:00:00+00:00,92.01,92.63,91.75,92.29,11242.0,80.8094692760034,78.1263032519158,"rgba(38, 166, 154, 1.0)",6.6180280751595415,80.39215051838931,1.7977937455824209,1,0.15666207775103808,0.15666207775103808,0.0,0.0,0.0,0.0,64.78230672424559,8.018191410177792,False,False,True,False,True,17.29894635314622
2025-08-21 17:00:00+00:00,92.34,92.83,92.26,92.59,11362.0,80.94579070827287,78.23268922076223,"rgba(38, 166, 154, 1.0)",6.630270039205719,80.52737026623626,1.819327065479342,1,0.15568187306839404,0.15568187306839404,0.0,0.0,0.0,0.0,66.07275338237541,9.467970141115266,True,False,True,False,True,17.68703438538526
2025-08-22 17:00:00+00:00,94.83,95.365,94.65,94.9,8098.0,81.06081337072177,79.3433261464916,"rgba(38, 166, 154, 1.0)",6.695956068827797,81.91968956816714,1.9385298079031772,1,0.1547284899644309,0.1547284899644309,0.0,0.0,0.0,0.0,69.36965041719412,12.801341328699415,True,False,True,False,True,20.0
2025-08-25 17:00:00+00:00,93.28,93.33,92.3,92.675,11605.0,81.19680479596481,79.37949660600853,"rgba(38, 166, 154, 1.0)",6.691408789977685,81.9640452925841,1.6007024893559991,1,0.15473923306044027,0.15473923306044027,0.0,0.0,0.0,0.0,66.45984496280303,12.801341328699415,True,False,True,False,False,16.070953760478154
2025-08-26 17:00:00+00:00,91.3,91.64,90.26,91.595,16783.0,81.36148928476622,79.4368531207845,"rgba(38, 166, 154, 1.0)",6.641960307749939,82.02946922116163,1.4401668085365038,1,0.15586491727116888,0.15586491727116888,0.0,0.0,0.0,0.0,62.51435467858273,19.222327990566797,False,False,True,False,False,13.998544550461215
2025-08-27 17:00:00+00:00,92.13,92.385,91.98,92.31,9015.0,81.45704693292379,79.50284038301533,"rgba(38, 166, 154, 1.0)",6.589561924084727,82.10953911199596,1.5479725367966495,1,0.15592582120062237,0.15592582120062237,0.0,0.0,0.0,0.0,60.924884627019104,17.609732091270516,False,False,True,False,False,14.92210755621685
2025-08-28 17:00:00+00:00,92.92,93.13,92.65,92.94,8340.0,81.54946711749291,79.57387762403526,"rgba(38, 166, 154, 1.0)",6.582488661743198,82.19659650230489,1.6321188003155644,1,0.1562512946597387,0.1562512946597387,0.0,0.0,0.0,0.0,60.764645127393315,17.18332210048834,False,False,True,False,False,15.728929193838507
2025-08-29 17:00:00+00:00,92.2,92.33,91.775,91.89,11329.0,81.66279438631695,79.64986928199113,"rgba(38, 166, 154, 1.0)",6.546135892044467,82.28739389269379,1.4669121242924827,1,0.15655137814112932,0.15655137814112932,0.0,0.0,0.0,0.0,58.50340307939875,14.721108064029352,False,True,True,False,False,13.703001974040582
2025-09-01 17:00:00+00:00,91.89,91.89,91.89,91.89,0.0,81.66279438631695,79.64986928199113,"rgba(38, 166, 154, 1.0)",6.503976816719757,82.28739389269379,1.4764207158028022,1,0.15684674042644525,0.15684674042644525,0.0,0.0,0.0,0.0,56.9959083807357,12.987032563230144,False,True,True,False,False,13.703001974040582
2025-09-02 17:00:00+00:00,90.0,90.945,89.955,90.87,13947.0,81.78042207925127,79.71349925688749,"rgba(38, 166, 154, 1.0)",6.412485275258024,82.35868916630801,1.3273029829061898,1,0.1573439736651437,0.1573439736651437,0.0,0.0,0.0,0.0,53.90022050107198,9.816256790865886,False,True,True,False,False,11.74381760510288
2025-09-03 17:00:00+00:00,91.37,91.385,90.865,91.04,7125.0,81.8427130968189,79.75252017678339,"rgba(38, 166, 154, 1.0)",6.286921924063856,82.40354527924356,1.3737175083564355,1,0.15815239993812436,0.15815239993812436,0.0,0.0,0.0,0.0,52.20806591532667,8.008619960775007,False,True,False,False,False,11.980537282017998
2025-09-04 17:00:00+00:00,90.89,91.73,90.82,91.67,5982.0,81.89610216962784,79.78793922938718,"rgba(38, 166, 154, 1.0)",6.101543024454937,82.44466275844673,1.5119679078846444,1,0.15851793542137177,0.15851793542137177,0.0,0.0,0.0,0.0,52.472540277060666,7.993610960483302,False,True,False,False,False,12.859901662147404
2025-09-05 17:00:00+00:00,90.42,91.36,90.39,91.1,7893.0,81.96230233412692,79.82970018459847,"rgba(38, 166, 154, 1.0)",5.910482142952256,82.4921299689608,1.4563735788125756,1,0.15913650203399302,0.15913650203399302,0.0,0.0,0.0,0.0,51.29347826902374,6.53274297421671,False,True,False,False,False,11.742436427463911
2025-09-08 17:00:00+00:00,90.89,90.89,90.25,90.53,8479.0,82.02928183002763,79.8703750028189,"rgba(38, 166, 154, 1.0)",5.694567193608112,82.5373508804121,1.403556907460724,1,0.1602659374400382,0.1602659374400382,0.0,0.0,0.0,0.0,49.211466458130715,4.269005930138292,False,True,False,False,False,10.631091903113887
2025-09-09 17:00:00+00:00,89.86,90.26,89.66,90.26,8933.0,82.09468275500758,80.62352138247641,"rgba(239, 83, 80, 1.0)",5.485093187017468,83.49546882906188,1.2332572921366094,1,0.10032008204026997,0.10032008204026997,0.0,0.0,0.0,0.0,47.21353534484553,2.1522622000626654,False,True,False,True,False,10.104068075598605
2025-09-10 17:00:00+00:00,91.195,91.315,90.82,91.15,5009.0,82.13559584969506,80.66852403855702,"rgba(239, 83, 80, 1.0)",5.270759461149066,83.54762979214517,1.44236713207881,1,0.10090597722687368,0.10090597722687368,0.0,0.0,0.0,0.0,48.3593578051451,2.1522622000626654,False,True,False,False,False,11.420255431803362
2025-09-11 17:00:00+00:00,92.34,92.39,91.685,91.95,7303.0,82.20059737495801,80.74157517577643,"rgba(239, 83, 80, 1.0)",5.085730246890722,83.63356611950505,1.6352487207868325,1,0.10123429858420005,0.10123429858420005,0.0,0.0,0.0,0.0,51.04627607575017,2.1522622000626654,False,True,False,False,True,12.581404919918924
2025-09-12 17:00:00+00:00,91.235,91.64,91.15,91.45,7241.0,82.26034848098074,80.78723963820254,"rgba(239, 83, 80, 1.0)",4.902032082772968,83.68478373397905,1.5840810779900794,1,0.10161700200356033,0.10161700200356033,0.0,0.0,0.0,0.0,51.409092397655044,2.1522622000626654,False,True,False,False,True,11.573066996340966
2025-09-15 17:00:00+00:00,91.54,91.87,91.29,91.755,5803.0,82.30884040182086,80.8251877958966,"rgba(239, 83, 80, 1.0)",4.6787925619579145,83.72758101911211,1.715703116688013,1,0.10200191059842242,0.10200191059842242,0.0,0.0,0.0,0.0,52.44141348149216,-1.9559164489567777,False,True,True,False,True,12.024372321376724
2025-09-16 17:00:00+00:00,91.295,91.35,90.945,91.055,6054.0,82.35609912122416,80.85570606582749,"rgba(239, 83, 80, 1.0)",4.480121023742794,83.76052956419502,1.628186023803218,1,0.10250161253986351,0.10250161253986351,0.0,0.0,0.0,0.0,51.0691432365897,-1.9559164489567777,False,True,False,False,True,10.598001337918962
2025-09-17 17:00:00+00:00,92.91,93.91,92.31,92.375,10340.0,82.45152953814393,80.94432655064747,"rgba(239, 83, 80, 1.0)",4.23621694546015,83.86395929983743,2.0091135108846685,1,0.10305888782265675,0.10305888782265675,0.0,0.0,0.0,0.0,53.49477863470897,-0.7141631770631989,False,True,True,False,True,12.567044806201405
2025-09-18 17:00:00+00:00,94.545,94.69,93.7,94.08,9190.0,82.54524470992814,81.03863204749078,"rgba(38, 166, 154, 1.0)",4.0360762733971365,83.97617014976473,2.503379313426837,1,0.1035987952172963,0.1035987952172963,0.0,0.0,0.0,0.0,58.1644159001559,3.675413045754766,False,False,True,False,True,14.985491869038494
2025-09-19 17:00:00+00:00,92.62,92.91,92.24,92.49,6640.0,82.60276786039107,81.08343983754202,"rgba(38, 166, 154, 1.0)",3.8908743974293416,84.02700137017536,2.1750891355979136,1,0.10442913231760448,0.10442913231760448,0.0,0.0,0.0,0.0,57.06030416662203,3.675413045754766,False,False,True,False,True,11.786440349739824
2025-09-22 17:00:00+00:00,92.545,92.97,92.3,92.7,10612.0,82.69434156528715,81.15474435460361,"rgba(38, 166, 154, 1.0)",3.734793703674074,84.10778424838367,2.300586440199846,1,0.1056066677882515,0.1056066677882515,0.0,0.0,0.0,0.0,56.731967108048224,3.675413045754766,False,False,True,False,True,12.087865339956565
2025-09-23 17:00:00+00:00,93.4,93.84,93.095,93.795,10539.0,82.79189652014418,81.23784991089897,"rgba(38, 166, 154, 1.0)",3.6236480510933493,84.20397240128665,2.646787840176556,1,0.10648225858332627,0.10648225858332627,0.0,0.0,0.0,0.0,58.520971179216986,4.0560172423819125,True,False,True,False,True,13.644515942963036
2025-09-24 17:00:00+00:00,92.91,93.365,92.755,92.85,10536.0,82.88247991784195,81.308488647267,"rgba(38, 166, 154, 1.0)",3.5065438092915455,84.28384715283778,2.4429048410756637,1,0.10756981595817502,0.10756981595817502,0.0,0.0,0.0,0.0,57.28142789319508,4.0560172423819125,True,False,True,False,True,11.754181049874973
2025-09-25 17:00:00+00:00,93.265,93.81,93.05,93.725,7928.0,82.95316121582529,81.36616223653542,"rgba(38, 166, 154, 1.0)",3.370691701942475,84.34980545930395,2.7813859497423836,1,0.10818154253482497,0.10818154253482497,0.0,0.0,0.0,0.0,58.097982960721566,4.0560172423819125,True,False,True,False,True,13.003305140097872
2025-09-26 17:00:00+00:00,94.745,94.98,94.46,94.825,8613.0,83.0376780465227,81.44120429199376,"rgba(38, 166, 154, 1.0)",3.231326419974725,84.43761599425667,3.2145882698611974,1,0.10847574637058,0.10847574637058,0.0,0.0,0.0,0.0,60.4359126360103,6.241488176899132,True,False,True,False,True,14.535220578517997
2025-09-29 17:00:00+00:00,95.39,95.81,95.22,95.595,11537.0,83.15648296571179,81.54939797800486,"rgba(38, 166, 154, 1.0)",3.135315662943761,84.56523278660333,3.517912835303088,1,0.10888467388050595,0.10888467388050595,0.0,0.0,0.0,0.0,63.101729321982724,8.828600517053488,True,False,True,False,True,15.583899089086081
2025-09-30 17:00:00+00:00,95.59,96.325,95.4,96.315,4788.0,83.20698077714475,81.59569043181645,"rgba(38, 166, 154, 1.0)",3.0475861929726773,84.61999887953502,3.8374636121636443,1,0.10948044417739043,0.10948044417739043,0.0,0.0,0.0,0.0,65.83683058199811,11.410746021940945,True,False,True,False,True,16.55113338103637
2025-10-01 17:00:00+00:00,99.665,101.14,99.335,100.33,38848.0,83.73389736962817,82.1256158284896,"rgba(38, 166, 154, 1.0)",3.2431655123558785,85.26597685962678,4.644851791554269,1,0.10914358897210134,0.10914358897210134,0.0,0.0,0.0,0.0,71.13690437952489,16.259964138835457,True,False,True,False,True,20.0
2025-10-02 17:00:00+00:00,99.54,99.91,99.26,99.91,8604.0,83.84231931713471,82.22720686726468,"rgba(38, 166, 154, 1.0)",3.3981549339235424,85.38822714100912,4.273428710981078,1,0.10850393274826069,0.10850393274826069,0.0,0.0,0.0,0.0,73.5525707441671,18.340593841036366,True,False,True,False,True,20.0
2025-10-03 17:00:00+00:00,101.56,101.58,100.85,101.315,14671.0,84.04164182976129,82.41766082085711,"rgba(38, 166, 154, 1.0)",3.574948906582941,85.61905867868012,4.390535845817891,1,0.10762805858643737,0.10762805858643737,0.0,0.0,0.0,0.0,76.12666117804727,20.651330843691312,True,False,True,False,True,20.0
2025-10-06 17:00:00+00:00,103.815,104.23,102.99,104.11,17115.0,84.30180664107883,82.67186239592236,"rgba(38, 166, 154, 1.0)",3.894262974827319,85.929929500556,4.668423939770053,1,0.10595727065499926,0.10595727065499926,0.0,0.0,0.0,0.0,79.28056434781337,23.54031071387091,True,False,True,False,True,20.0
2025-10-07 17:00:00+00:00,104.22,104.79,103.37,104.79,12040.0,84.48571606936663,82.84890777102927,"rgba(38, 166, 154, 1.0)",4.202149171275502,86.14603036133195,4.436770061879775,1,0.10462220475700476,0.10462220475700476,0.0,0.0,0.0,0.0,81.6680877188975,25.749140981468955,True,False,True,False,True,20.0
2025-10-08 17:00:00+00:00,106.95,107.58,106.815,107.075,13640.0,84.71928309640398,83.07836019156653,"rgba(38, 166, 154, 1.0)",4.5645105220932445,86.42834794152452,4.5233003535737515,1,0.10300196283340633,0.10300196283340633,0.0,0.0,0.0,0.0,84.08741385112177,28.04892878373684,True,False,True,False,True,20.0
2025-10-09 17:00:00+00:00,106.27,106.68,105.65,106.655,15550.0,84.97013787700861,83.31720538852987,"rgba(38, 166, 154, 1.0)",4.863642674277851,86.72003380300544,4.098772778358865,0,,,0.0,0.0,0.0,0.0,84.61865228053432,28.69207824173145,True,False,True,False,True,20.0
2025-10-10 17:00:00+00:00,104.23,104.645,103.77,103.94,20370.0,85.25696520679995,83.57594526054407,"rgba(38, 166, 154, 1.0)",5.011503772627186,87.0307123376881,3.374094569113239,0,,,0.0,0.0,0.0,0.0,78.98322290025752,28.69207824173145,True,False,True,False,False,20.0
2025-10-13 17:00:00+00:00,103.94,107.3,103.94,107.26,12279.0,85.44408020880097,83.74765367016242,"rgba(38, 166, 154, 1.0)",5.247581903870696,87.23820805328526,3.8154320053482853,0,,,0.0,0.0,0.0,0.0,77.6360788422144,33.868075394362336,True,False,True,False,False,20.0
2025-10-14 17:00:00+00:00,108.69,109.09,107.735,108.26,16689.0,85.71946925649996,84.003868690754,"rgba(38, 166, 154, 1.0)",5.51498732938132,87.5495714024683,3.7552993979144884,0,,,0.0,0.0,0.0,0.0,77.32703011777224,33.37301366118217,True,False,True,False,False,20.0
2025-10-15 17:00:00+00:00,108.07,109.655,107.835,109.25,25655.0,86.140141059666,84.3904125257404,"rgba(38, 166, 154, 1.0)",5.787352658408328,88.01754844893112,3.6687675357437697,0,,,0.0,0.0,0.0,0.0,77.68637663386104,33.37301366118217,True,False,True,False,False,20.0
2025-10-16 17:00:00+00:00,109.73,110.68,109.61,110.44,11468.0,86.33398565111041,84.56835954572259,"rgba(38, 166, 154, 1.0)",6.119364134810697,88.23301339238537,3.628969631221594,0,,,0.0,0.0,0.0,0.0,78.57126126628194,33.37301366118217,True,False,True,False,False,20.0
2025-10-17 17:00:00+00:00,109.305,109.86,108.91,108.91,13678.0,86.5514883989677,84.764250423015,"rgba(38, 166, 154, 1.0)",6.365942360336613,88.46836297386776,3.2110936400390755,0,,,0.0,0.0,0.0,0.0,76.08716888815356,31.27045113186695,True,False,True,False,False,20.0
2025-10-20 17:00:00+00:00,109.6,109.965,109.0,109.88,9566.0,86.70372710588589,84.90092919568353,"rgba(38, 166, 154, 1.0)",6.615827992550886,88.63232097759429,3.2116432057075244,0,,,0.0,0.0,0.0,0.0,75.15962317623385,30.107096319918355,True,False,True,False,False,20.0
2025-10-21 17:00:00+00:00,105.335,105.63,104.88,105.51,9592.0,86.82626558244219,85.0044935083646,"rgba(38, 166, 154, 1.0)",6.7123330841388675,88.75303444368924,2.4964442834202005,0,,,0.0,0.0,0.0,0.0,67.7675266200406,23.105392669578563,True,False,True,False,False,18.34132170653398
