date,Close,High,Low,Open,Volume,aVWAP_BoS_CHoCH_bull_191,aVWAP_BoS_CHoCH_bull_401,aVWAP_BoS_CHoCH_bull_497,aVWAP_BoS_CHoCH_bull_693,aVWAP_BoS_CHoCH_bull_894,aVWAP_BoS_CHoCH_bear_211,aVWAP_BoS_CHoCH_bear_252,aVWAP_BoS_CHoCH_bear_441,aVWAP_BoS_CHoCH_bear_622,aVWAP_BoS_CHoCH_bear_709,aVWAP_BoS_CHoCH_bear_794,aVWAP_BoS_CHoCH_bear_910,Peaks_Valleys_avg,color,StDev,StDev_Mean,StdDev_ZScore,MA_Cross_Count,MA_Avg_Deviation_Z,MA_Oscillation_Score,BoS,CHoCH,BoS_CHoCH_Price,BoS_CHoCH_Break_Index,QQEMOD,QQE1_Value,QQE1_Above_Upper,QQE1_Below_Lower,QQE2_Above_Threshold,QQE2_Below_Threshold,QQE2_Above_TL,banker_RSI
2022-01-03 00:00:00+00:00,31.8995481804,32.0858030188,30.5185366955,30.5730503067,2491492,,,,,,,,,,,,,,#000000,,,,0,,,0.0,0.0,0.0,0.0,,,False,False,False,False,False,
2022-01-04 00:00:00+00:00,34.0346646208,34.0619214264,31.9722329954,32.1176026254,3290422,,,,,,,,,,,,,,#000000,,,,0,,,0.0,0.0,0.0,0.0,100.0,,False,False,True,False,False,
2022-01-05 00:00:00+00:00,33.6258125365,35.04861779,33.5031569112,34.5343727239,3694769,,,,,,,,,,,,,,#000000,,,,0,,,0.0,0.0,0.0,0.0,94.2003514942228,26.801405976891203,False,False,True,False,True,
2022-01-06 00:00:00+00:00,34.5616295295,35.3066488832,33.6076413327,35.1431080495,3277925,,,,,,,,,,,,,,#000000,,,,0,,,0.0,0.0,0.0,0.0,92.10061970030706,26.801405976891203,False,False,True,False,True,
2022-01-07 00:00:00+00:00,34.3526606864,35.1158512438,33.9710654077,34.9250536045,2177508,,,,,,,,,,,,,,#000000,,,,0,,,0.0,0.0,0.0,0.0,88.6610327835667,26.801405976891203,False,False,True,False,True,
2022-01-10 00:00:00+00:00,34.6433999464,34.7160847614,33.7711821665,34.2799758714,2908577,,,,,,,,,,,,,,#000000,,,,0,,,0.0,0.0,0.0,0.0,86.95267955472922,26.801405976891203,False,False,True,False,True,
2022-01-11 00:00:00+00:00,35.7700145788,35.9608122181,34.2436334639,35.2430496701,3554285,,,,,,,,,,,,,,#000000,,,,0,,,0.0,0.0,0.0,0.0,87.4107135236374,26.801405976891203,False,False,True,False,True,
2022-01-12 00:00:00+00:00,35.7427577732,36.4696059231,35.2430496701,36.2697226819,2826089,,,,,,,,,,,,,,#000000,,,,0,,,0.0,0.0,0.0,0.0,87.48982089337423,26.801405976891203,False,False,True,False,True,
2022-01-13 00:00:00+00:00,35.1885360588,36.4241779137,34.8977967989,36.042582635,3372925,,,,,,,,,,,,,,#000000,,,,0,,,0.0,0.0,0.0,0.0,83.25751608836492,26.801405976891203,False,False,True,False,False,
2022-01-14 00:00:00+00:00,37.5507925461,37.5553353471,35.034080827,35.1431080495,3858750,,,,,,,,,,,,,,#000000,,,,0,,,0.0,0.0,0.0,0.0,83.85962169637126,26.801405976891203,False,False,True,False,False,
2022-01-18 00:00:00+00:00,35.7155009675,37.5330756225,35.1158512438,36.7876019887,6660999,,,,,,,,,,,,,,#000000,,,,0,,,0.0,0.0,0.0,0.0,76.93751190702858,26.801405976891203,False,False,True,False,False,
2022-01-19 00:00:00+00:00,35.6519017544,36.2778997236,34.6615711501,35.9971546256,4397576,,,,,,,,,,,,,,#000000,,,,0,,,0.0,0.0,0.0,0.0,72.11773035532417,34.27968233321508,False,False,True,False,False,
2022-01-20 00:00:00+00:00,34.4162598995,36.40600671,34.4162598995,35.1249368457,3139539,,,,,,,,,,,,,,#000000,,,,0,,,0.0,0.0,0.0,0.0,65.31346681577813,27.573938594239124,False,False,True,False,False,
2022-01-21 00:00:00+00:00,33.3350732765,34.3254038808,32.1902874403,33.8892949908,4523562,,,,,,,,,,,,,,#000000,,,,0,,,0.0,0.0,0.0,0.0,58.32403267537591,20.894805166531285,False,False,True,False,False,
2022-01-24 00:00:00+00:00,34.0710070283,34.3617462883,31.2635560492,32.072174616,4072039,,,,,,,,,,,,,33.23210312193334,#000000,,33.23210312193334,,0,,,0.0,0.0,0.0,0.0,55.45115788040142,18.12763508575479,False,False,True,False,False,
2022-01-25 00:00:00+00:00,35.3429912907,35.6246449488,32.6354819322,33.5622133234,2970461,,,,,,,,,,,,,33.78138832805723,#000000,,33.78138832805723,,0,,,0.0,0.0,0.0,0.0,56.130633622281394,18.12763508575479,False,False,True,False,False,
2022-01-26 00:00:00+00:00,34.8251119839,36.7058315718,34.2981470752,36.1425242556,3988331,,,,,,,,,,,,,34.321914784904756,#000000,,34.321914784904756,,0,,,0.0,0.0,0.0,0.0,55.341413424286735,17.361375717992644,False,False,True,False,False,
2022-01-27 00:00:00+00:00,34.3890030939,36.2242946725,33.5440421196,35.7972713844,3132852,,,,,,,,,,,,,34.40977075766221,#000000,,34.40977075766221,,0,,,0.0,0.0,0.0,0.0,53.80013726248023,15.312971134533399,False,False,False,False,False,
2022-01-28 00:00:00+00:00,34.7342559651,35.0578851039,33.5076997121,34.6252287426,2736291,,,,,,,,,,,,,34.4135772037943,#000000,,34.4135772037943,,0,,,0.0,0.0,0.0,0.0,53.54486256412504,14.406995871780822,False,False,False,False,False,
2022-01-31 00:00:00+00:00,35.252135272,35.4338473094,33.9619798058,34.7887695764,2780317,,,,,,,,,,,,,34.47984566240817,#000000,,34.47984566240817,,0,,,0.0,0.0,0.0,0.0,54.50157302219418,14.406995871780822,False,False,True,False,False,
2022-02-01 00:00:00+00:00,37.0510844431,37.196454073,34.6797423539,34.9159680026,3739786,,,,,,,,,,,,,34.77194529618804,#000000,,34.77194529618804,,0,,,0.0,0.0,0.0,0.0,58.273360244112894,14.406995871780822,False,False,True,False,False,
2022-02-02 00:00:00+00:00,36.9420572206,37.2100824758,36.0607538388,36.7785163868,2600944,,,,,,,,,,,,,34.968426398955835,#000000,,34.968426398955835,,0,,,0.0,0.0,0.0,0.0,60.47685351875286,14.406995871780822,False,False,True,False,True,
2022-02-03 00:00:00+00:00,37.0874268505,37.8778742136,36.1425242556,36.6058899512,3157241,,,,,,,,,,,,,35.192142407393874,#000000,,35.192142407393874,,0,,,0.0,0.0,0.0,0.0,62.1842826529285,14.406995871780822,False,False,True,False,True,
2022-02-04 00:00:00+00:00,37.3054812955,39.0862592629,37.0419988412,37.5689637499,4070860,,,,,,,,,,,,,35.51281270810703,#000000,,35.51281270810703,,0,,,0.0,0.0,0.0,0.0,63.69543844194608,14.406995871780822,False,False,True,False,True,
2022-02-07 00:00:00+00:00,36.7330883775,37.3963373143,36.3823841451,37.1510260637,2623341,,,,,,,,,,,,,35.6096698147392,#000000,,35.6096698147392,,0,,,0.0,0.0,0.0,0.0,62.7940048473356,14.406995871780822,False,False,True,False,True,
2022-02-08 00:00:00+00:00,35.3975049019,36.6513179606,35.2248784663,36.55137634,2919631,,,,,,,,,,,,,35.62082617915781,#000000,,35.62082617915781,,0,,,0.0,0.0,0.0,0.0,58.52273967380638,14.406995871780822,False,False,True,False,False,
2022-02-09 00:00:00+00:00,36.8148587943,36.8239443962,35.106765642,35.106765642,2124969,,,,,,,,,,,,,35.653424710656616,#000000,,35.653424710656616,,0,,,0.0,0.0,0.0,0.0,58.577414629852036,14.406995871780822,False,False,True,False,False,
2022-02-10 00:00:00+00:00,37.3690805086,38.7682631973,36.3923783072,36.3969211081,4402545,,,,,,,,,,,,,35.833771555388296,#000000,,35.833771555388296,,0,,,0.0,0.0,0.0,0.0,59.57307703482726,14.406995871780822,False,False,True,False,False,
2022-02-11 00:00:00+00:00,38.6864927804,39.1588532218,37.2782244899,37.5417069443,3932958,,,,,,,,,,,,,37.2055906742961,#000000,,37.2055906742961,,0,,,0.0,0.0,0.0,0.0,62.21075327138951,14.406995871780822,False,False,True,False,True,
2022-02-14 00:00:00+00:00,37.8597030099,39.0590024573,37.1146836562,38.8318624104,2690791,,,,,,,,,,,,,37.18292044565579,#000000,,37.18292044565579,,0,,,0.0,0.0,0.0,0.0,61.80660662583155,14.406995871780822,False,False,True,False,True,
2022-02-15 00:00:00+00:00,36.7785163868,37.215533837,36.0529402211,36.6604035625,2281321,,,,,,,,,,,,,36.99650531352422,#000000,,36.99650531352422,,0,,,0.0,0.0,0.0,0.0,59.06701208123552,14.406995871780822,False,False,True,False,True,
2022-02-16 00:00:00+00:00,37.3054812955,38.713567874,36.9875760859,37.3872517124,3014560,,,,,,,,,,,,,37.01566334263241,#000000,,37.01566334263241,,0,,,0.0,0.0,0.0,0.0,58.18665588089594,14.406995871780822,False,False,True,False,False,
2022-02-17 00:00:00+00:00,37.4962789349,38.6319791692,37.269138888,37.5144501386,3482917,,,,,,,,,,,,,37.061359415124244,#000000,,37.061359415124244,,0,,,0.0,0.0,0.0,0.0,57.94508567366242,13.918532596723878,False,False,True,False,False,
2022-02-18 00:00:00+00:00,36.7966875906,37.8960454174,36.5695475437,36.5695475437,2541494,,,,,,,,,,,,,37.02665381109735,#000000,,37.02665381109735,,0,,,0.0,0.0,0.0,0.0,56.10798994965203,11.84774472500196,False,False,True,False,False,
2022-02-22 00:00:00+00:00,35.5883025413,38.3957535204,35.0249952251,38.1322710661,4821490,,,,,,,,,,,,,36.88218846549661,#000000,,36.88218846549661,,0,,,0.0,0.0,0.0,0.0,52.39166796044285,8.11939238855637,False,False,False,False,False,
2022-02-23 00:00:00+00:00,36.333321895,37.0051112976,36.0062402275,36.1061818481,4199398,,,,,,,,,,,,,36.81025866811804,#000000,,36.81025866811804,,0,,,0.0,0.0,0.0,0.0,51.53155251143953,7.163495362830446,False,False,False,False,False,
2022-02-24 00:00:00+00:00,36.0607538388,37.4508509255,34.6979135576,37.123769258,6955281,,,,,,,,,,,,,36.47375138886087,#000000,,36.47375138886087,,0,,,0.0,0.0,0.0,0.0,50.389253588340566,5.893430175838169,False,False,False,False,False,
2022-02-25 00:00:00+00:00,37.6234773611,37.7961037967,35.3611624944,36.2061234687,8026825,,,,,,,,,,,,,36.63936976753775,#000000,,36.63936976753775,,0,,,0.0,0.0,0.0,0.0,52.701440896348394,5.893430175838169,False,False,False,False,False,
2022-02-28 00:00:00+00:00,41.6574845933,41.6665701952,37.850617408,37.850617408,6019901,,,,,,,,,,,,,37.23646329394191,#000000,,37.23646329394191,,0,,,0.0,0.0,0.0,0.0,59.01315480232112,3.21745933438622,False,False,True,False,True,
2022-03-01 00:00:00+00:00,42.8204416332,43.5200329775,41.8391966308,41.8482822326,4773405,,,,,,,,,,,,,37.80930322259644,#000000,,37.80930322259644,,0,,,0.0,0.0,0.0,0.0,64.12975517003142,7.832239426802701,False,False,True,False,True,
2022-03-02 00:00:00+00:00,43.0657528838,44.6103052024,42.8249844341,43.701745015,4360628,,,,,,,,,,,,,38.28218651152966,#000000,,38.28218651152966,,0,,,0.0,0.0,0.0,0.0,67.72726250733739,10.956399176579929,False,False,True,False,True,
2022-03-03 00:00:00+00:00,42.184449502,43.0839240875,41.7301694083,42.4115895488,7482751,,,,,,,,,,,,,38.754371558121456,#000000,,38.754371558121456,,0,,,0.0,0.0,0.0,0.0,68.1433112651943,11.197143139130404,False,False,True,False,True,
2022-03-04 00:00:00+00:00,44.2014531181,44.3559083499,42.2026207057,42.3207335301,5054860,,,,,,,,,,,,,39.10419914166186,#000000,,39.10419914166186,,0,,,0.0,0.0,0.0,0.0,70.14301337380988,13.101413078789207,False,False,True,False,True,
2022-03-07 00:00:00+00:00,44.2832235349,46.2139139332,42.7205000126,44.8283596474,6908933,,,,,,,,,,,,,40.78336567175453,#000000,,40.78336567175453,,0,,,0.0,0.0,0.0,0.0,71.5396912154962,14.511028768976715,False,False,True,False,True,
2022-03-08 00:00:00+00:00,42.8567840407,45.437094973,41.3031461202,44.7420464296,5289868,,,,,,,,,,,,,40.817693350907945,#000000,,40.817693350907945,,0,,,0.0,0.0,0.0,0.0,69.4000252539132,14.511028768976715,False,False,True,False,True,
2022-03-09 00:00:00+00:00,41.9391382514,43.1144517098,39.6321222235,40.4127571365,5628382,,,,,,,,,,,,,40.70563688388032,#000000,,40.70563688388032,,0,,,0.0,0.0,0.0,0.0,66.22336619841413,14.511028768976715,False,False,True,False,False,
2022-03-10 00:00:00+00:00,43.2474649213,43.2565505231,40.9669788508,42.0481654739,5210565,,,,,,,,,,,,,40.767425694822364,#000000,,40.767425694822364,,0,,,0.0,0.0,0.0,0.0,65.6072201214617,14.511028768976715,False,False,True,False,False,
2022-03-11 00:00:00+00:00,41.7301694083,43.3746633475,41.6483989914,42.402503947,3537590,,,,,,,,,,,,,40.79698467660057,#000000,,40.79698467660057,,0,,,0.0,0.0,0.0,0.0,62.50843763343548,19.44501873774746,False,False,True,False,False,
2022-03-14 00:00:00+00:00,40.012990654,41.2268884088,38.507027274,41.2268884088,3528882,,,,,,,,,,,,,40.697009496010836,#000000,,40.697009496010836,,0,,,0.0,0.0,0.0,0.0,57.91032350774428,15.030461615183782,False,False,True,False,False,
2022-03-15 00:00:00+00:00,39.3558429973,40.0768800096,38.0506747347,38.205834598,3460091,,,,,,,,,,,,,40.29581695659143,#000000,,40.29581695659143,,0,,,0.0,0.0,0.0,0.0,53.97230107674636,11.35029624706759,False,False,False,False,False,8.613654475464038
2022-03-16 00:00:00+00:00,39.930847197,40.2594210253,38.8356011024,39.456240556,4436483,,,,,,,,,,,,,40.27945576485914,#000000,,40.27945576485914,,0,,,0.0,0.0,0.0,0.0,52.23061254919797,9.727871524640506,False,False,False,False,False,9.842250549474262
2022-03-17 00:00:00+00:00,43.2804748361,43.4265076487,40.8800604789,41.2268884088,5014611,,,,,,,,,,,,,40.59499947673452,#000000,,40.59499947673452,,0,,,0.0,0.0,0.0,0.0,55.163310799472434,9.727871524640506,False,True,True,False,False,16.299821976667317
2022-03-18 00:00:00+00:00,43.7915896802,44.2661963212,43.1618231759,43.4082535471,7105216,,,,,,,,,,,,,40.986897155040175,#000000,,40.986897155040175,,0,,,0.0,0.0,0.0,0.0,57.620722988706035,9.727871524640506,False,True,True,False,True,17.19186942543421
2022-03-21 00:00:00+00:00,46.3106556977,46.4019262056,44.2570692704,44.8138193685,5383390,,,,,,,,,,,,,41.3522859240329,#000000,,41.3522859240329,,0,,,0.0,0.0,0.0,0.0,61.423134441854764,3.575227251045213,False,True,True,False,True,20.0
2022-03-22 00:00:00+00:00,46.0185900725,46.383672104,44.9598521811,46.2376392914,2743730,,,,,,,,,,,,,41.510475050080075,#000000,,41.510475050080075,,0,,,0.0,0.0,0.0,0.0,63.46053323241959,5.55260386293709,False,False,True,False,True,20.0
2022-03-23 00:00:00+00:00,47.9170166363,48.3733691757,46.7578811863,46.8491516942,4457482,,,,,,,,,,,,,41.85058683134597,#000000,,41.85058683134597,,0,,,0.0,0.0,0.0,0.0,66.26786224655059,8.303971428742138,False,False,True,False,True,20.0
2022-03-24 00:00:00+00:00,47.9626518903,48.8479758167,47.3785206399,47.8531272808,3759205,,,,,,,,,,,,,42.116366025046965,#000000,,42.116366025046965,,0,,,0.0,0.0,0.0,0.0,68.17248361785005,10.232231424923853,True,False,True,False,True,20.0
2022-03-25 00:00:00+00:00,50.3174309936,50.6049330934,47.4332829446,47.5062993509,3890394,,,,,,,,,,,,,42.425359167816666,#000000,,42.425359167816666,,0,,,0.0,0.0,0.0,0.0,71.00051806242071,13.061574605085362,True,False,True,False,True,20.0
2022-03-28 00:00:00+00:00,49.1400414419,49.4047259148,47.8257461285,48.7201971057,7099067,,,,,,,,,,,,,42.857287278448936,#000000,,42.857287278448936,,0,,,0.0,0.0,0.0,0.0,70.73810346470434,13.061574605085362,True,False,True,False,True,20.0
2022-03-29 00:00:00+00:00,48.7201971057,48.8936110706,46.7852623386,47.5701887064,4837353,,,,,,,,,,,,,43.078710636083066,#000000,,43.078710636083066,,0,,,0.0,0.0,0.0,0.0,69.81614294948146,13.061574605085362,True,False,True,False,True,20.0
2022-03-30 00:00:00+00:00,49.7606808955,50.2809227904,49.0989697134,49.6055210321,3345637,,,,,,,,,,,,,43.27051909643484,#000000,,43.27051909643484,,0,,,0.0,0.0,0.0,0.0,70.0560658944509,13.061574605085362,True,False,True,False,True,20.0
2022-03-31 00:00:00+00:00,49.34996361,50.7007671266,48.9620639516,49.1491684927,3847245,,,,,,,,,,,,,43.47339189985509,#000000,,43.47339189985509,,0,,,0.0,0.0,0.0,0.0,69.42626424185086,13.061574605085362,True,False,True,False,True,20.0
2022-04-01 00:00:00+00:00,50.4178285522,50.6551318727,49.0305168325,49.2313119498,2464557,,,,,,,,,,,,,43.603523456295186,#000000,,43.603523456295186,,0,,,0.0,0.0,0.0,0.0,69.93641432060791,13.687171523587757,True,False,True,False,True,20.0
2022-04-04 00:00:00+00:00,49.7150456416,51.3944229865,49.0578979848,51.1297385137,5714783,,,,,,,,,,,,,44.91251595335192,#000000,,44.91251595335192,,0,,,0.0,0.0,0.0,0.0,68.86533154982638,13.687171523587757,True,False,True,False,True,20.0
2022-04-05 00:00:00+00:00,47.1503443702,50.6596953981,47.1320902686,50.2079063841,3270992,,,,,,,,,,,,,44.89074113637353,#000000,,44.89074113637353,,0,,,0.0,0.0,0.0,0.0,63.85368111753628,13.687171523587757,True,False,True,False,False,16.037652256948856
2022-04-06 00:00:00+00:00,46.0916064788,48.0904306013,45.735651498,47.84400023,3699965,,,,,,,,,,,,,44.80387542687429,#000000,,44.80387542687429,,0,,,0.0,0.0,0.0,0.0,59.06516202743162,15.154432746630789,False,True,True,False,False,13.605745677898788
2022-04-07 00:00:00+00:00,47.0408197607,47.7436026714,45.5166022791,46.986057456,3302148,,,,,,,,,,,,,44.78447287377346,#000000,,44.78447287377346,,0,,,0.0,0.0,0.0,0.0,57.11356620210205,13.355849387505899,False,True,True,False,False,15.070338618572563
2022-04-08 00:00:00+00:00,48.0356682966,48.6143233165,46.5935942721,47.3237583351,4502947,,,,,,,,,,,,,44.851519374878414,#000000,,44.851519374878414,,0,,,0.0,0.0,0.0,0.0,57.033778386749944,13.215572458702951,False,True,True,False,False,16.561268004245974
2022-04-11 00:00:00+00:00,45.4162047205,47.3420124367,45.4070776697,47.1959796241,3840801,,,,,,,,,,,,,44.826068003844625,#000000,,44.826068003844625,,0,,,0.0,0.0,0.0,0.0,53.475847676626884,9.740413143639472,False,True,False,False,False,10.824641539882851
2022-04-12 00:00:00+00:00,46.9221681005,48.2182093123,46.4749426119,46.5844672213,4167737,,,,,,,,,,,,,44.869901127169555,#000000,,44.869901127169555,,0,,,0.0,0.0,0.0,0.0,52.97546046132811,9.165189290989964,False,True,False,False,False,13.099805800270072
2022-04-13 00:00:00+00:00,48.3551150742,48.6745618517,47.1503443702,47.8805084332,3499637,,,,,,,,,,,,,44.939936722819176,#000000,,44.939936722819176,,0,,,0.0,0.0,0.0,0.0,54.22255207575117,9.165189290989964,False,True,False,False,False,15.159621748356098
2022-04-14 00:00:00+00:00,48.5376560899,49.1856766959,47.7709838237,48.1817011092,3342386,,,,,,,,,,,,,45.01806214400816,#000000,,45.01806214400816,,0,,,0.0,0.0,0.0,0.0,55.25084834220557,9.165189290989964,False,True,True,False,False,15.41734908980131
2022-04-18 00:00:00+00:00,49.5325046258,49.7698079463,48.145192906,49.1400414419,4347394,,,,,,,,,,,,,45.139684534298226,#000000,,45.139684534298226,,0,,,0.0,0.0,0.0,0.0,57.01264024200472,9.165189290989964,False,True,True,False,True,16.81107359159545
2022-04-19 00:00:00+00:00,49.0670250356,49.905801003,48.318606871,48.8297217151,3676897,,,,,,,,,,,,,45.2329594986023,#000000,,45.2329594986023,,0,,,0.0,0.0,0.0,0.0,57.43114842655953,9.165189290989964,False,True,True,False,True,15.797053705479598
2022-04-20 00:00:00+00:00,51.1388655645,51.7640685434,49.6785374384,49.8975866573,3779175,,,,,,,,,,,,,45.38024467801773,"rgba(38, 166, 154, 1.0)",5.687289645381344,45.38024467801773,1.0125422205564745,0,,,0.0,0.0,0.0,0.0,59.86635090591339,4.4153482230018355,False,True,True,False,True,18.624977734061293
2022-04-21 00:00:00+00:00,48.9027381214,52.2158575574,48.7110700549,51.6591074594,3992187,,,,,,,,,,,,,46.129856544095595,#000000,5.667850583206011,46.129856544095595,0.48922983000302156,0,,,0.0,0.0,0.0,0.0,58.13596490368684,4.4153482230018355,False,True,True,False,True,13.945856572059032
2022-04-22 00:00:00+00:00,45.909065463,49.0852791372,45.1789014,48.6563077502,4805829,,,,,,,,,,,,,45.88471082570519,#000000,5.636561506367367,45.88471082570519,0.004320832349171334,0,,,0.0,0.0,0.0,0.0,53.587894429175904,9.13595962622906,False,True,False,False,False,8.261289685473937
2022-04-25 00:00:00+00:00,44.9872333334,45.4253317713,42.039195929,43.9558765944,5726938,,,,,,,,,,,,,45.396579463439195,#000000,5.583953038659353,45.396579463439195,-0.07330758822740316,0,,,0.0,0.0,0.0,0.0,49.675744310112016,5.517499709298875,False,True,False,False,False,6.622204837778391
2022-04-26 00:00:00+00:00,45.3888235681,46.3115684028,44.448737337,45.3340612634,4586859,,,,,,,,,,,,,45.40805801450518,#000000,5.547106257158115,45.40805801450518,-0.0034674739428973435,0,,,0.0,0.0,0.0,0.0,47.603612212730155,3.6597258326476094,False,True,False,True,False,7.215395891892754
2022-04-27 00:00:00+00:00,45.5531104823,46.0459712248,43.974130696,45.480094076,4572390,,,,,,,,,,,,,45.378076695903204,#000000,5.504079210017999,45.378076695903204,0.03180073900066988,0,,,0.0,0.0,0.0,0.0,46.45382494460357,2.5863886673745498,False,True,False,True,False,7.459983480530585
2022-04-28 00:00:00+00:00,47.7070944682,47.9900330426,44.3392127275,45.8177949551,4169860,,,,,,,,,,,,,45.451897381692206,#000000,5.487691301474317,45.451897381692206,0.4109555298604193,0,,,0.0,0.0,0.0,0.0,48.49011231935913,2.5863886673745498,False,True,False,False,False,10.570288356867227
2022-04-29 00:00:00+00:00,46.7213729831,49.2495660514,46.4019262056,47.7527297222,3361704,,,,,,,,,,,,,45.53328254338685,#000000,5.471491041677005,45.53328254338685,0.21714198756121783,0,,,0.0,0.0,0.0,0.0,48.61323378606271,2.5863886673745498,False,True,False,False,False,8.768888075082074
2022-05-02 00:00:00+00:00,46.5023237642,47.415028843,45.1058849937,45.8725572599,3121503,,,,,,,,,,,,,45.549509779184135,#000000,5.448383157376193,45.549509779184135,0.17488013553634085,0,,,0.0,0.0,0.0,0.0,48.41957915803985,2.5863886673745498,False,True,False,False,False,8.370906318932818
2022-05-03 00:00:00+00:00,50.3721932983,50.4634638062,46.3745450532,46.5297049166,5306213,,,,,,,,,,,,,45.74114289121707,"rgba(38, 166, 154, 0.5)",5.471575066217591,45.74114289121707,0.8463834181268561,0,,,0.0,0.0,0.0,0.0,52.57888283839226,2.5863886673745498,False,True,False,False,True,13.627258726353691
2022-05-04 00:00:00+00:00,51.7686320688,51.8872837291,48.7840864612,51.2210090216,4400050,,,,,,,,,,,,,45.95388275152069,"rgba(38, 166, 154, 1.0)",5.5517680435540155,45.95388275152069,1.047368923136232,0,,,0.0,0.0,0.0,0.0,56.517964524258375,0.49914873369196044,False,True,True,False,True,15.359705290006367
2022-05-05 00:00:00+00:00,50.3174309936,52.5718125382,48.6471806994,52.3710174208,4616791,,,,,,,,,,,,,46.61815746329956,"rgba(38, 166, 154, 0.5)",5.5682742326242165,46.61815746329956,0.6643483017820127,0,,,0.0,0.0,0.0,0.0,57.15224936550321,1.1233497864364779,False,True,True,False,True,12.733495730018646
2022-05-06 00:00:00+00:00,50.7646564822,51.458312342,48.8844840199,51.2301360723,5036402,,,,,,,,,,,,,46.75358366165135,"rgba(38, 166, 154, 0.5)",5.585076687232432,46.75358366165135,0.7181768568582106,0,,,0.0,0.0,0.0,0.0,57.99777118919846,2.058878260005976,False,False,True,False,True,13.29743285443756
2022-05-09 00:00:00+00:00,43.1800772774,49.0852791372,42.3677697573,49.0852791372,8231870,,,,,,,,,,,,,46.33802484304003,"rgba(239, 83, 80, 0.5)",5.497224297756723,46.33802484304003,-0.5744622003014698,0,,,0.0,0.0,0.0,0.0,51.34681263945514,7.61247824845821,False,True,False,False,False,1.3335886416453988
2022-05-10 00:00:00+00:00,40.1042611619,43.1618231759,38.3701215122,39.9764824509,14258786,,,,,,,,,,,,,45.42155977963053,"rgba(239, 83, 80, 0.5)",5.391497971035527,45.42155977963053,-0.9862377109842914,0,,,0.0,0.0,0.0,0.0,45.14711083802966,1.9822974689921224,False,True,False,True,False,0.0
2022-05-11 00:00:00+00:00,39.410605302,43.1846408028,39.0409597451,40.834425225,7614650,,,,,,,,,,,,,45.098890921460416,"rgba(239, 83, 80, 1.0)",5.305803860282461,45.098890921460416,-1.0720874290210933,0,,,0.0,0.0,0.0,0.0,40.64952656159436,-1.9348537033507256,False,True,False,True,False,0.0
2022-05-12 00:00:00+00:00,38.6986953406,39.6570356733,37.4300352811,39.109412626,5875514,,,,,,,,,,,,,44.178294608841384,"rgba(239, 83, 80, 1.0)",5.253150657338215,44.178294608841384,-1.0431071990267102,0,,,0.0,0.0,0.0,0.0,37.267875368705305,-4.837611522741909,False,True,False,True,False,0.0
2022-05-13 00:00:00+00:00,41.2086343073,41.5143905087,39.629654521,39.8669578414,6409328,,,,,,,,,,,,,44.13001053009617,"rgba(239, 83, 80, 0.5)",5.16707171928964,44.13001053009617,-0.5653833315086625,0,,,0.0,0.0,0.0,0.0,37.87375249915192,-4.837611522741909,False,True,False,True,False,0.0
2022-05-16 00:00:00+00:00,40.3871997363,42.4042779605,40.1772775682,41.217761358,5956913,,,,,,,,,,,,,44.04444026018095,"rgba(239, 83, 80, 0.5)",5.073509378426227,44.04444026018095,-0.7208502539548681,0,,,0.0,0.0,0.0,0.0,37.72318881119587,-4.837611522741909,False,True,False,True,False,0.0
2022-05-17 00:00:00+00:00,43.024917414,43.3352371408,40.6336301076,41.1812531549,5135475,,,,,,,,,,,,,44.034593835158546,#000000,4.97282905256844,44.034593835158546,-0.20303863464541427,0,,,0.0,0.0,0.0,0.0,40.34876994034624,-4.837611522741909,False,True,False,True,False,1.3037390684169772
2022-05-18 00:00:00+00:00,41.3637941707,43.5177781566,40.8252981742,43.5177781566,3610225,,,,,,,,,,,,,44.00447864956955,"rgba(239, 83, 80, 0.5)",4.886012712072114,44.00447864956955,-0.5404579632683071,0,,,0.0,0.0,0.0,0.0,40.83735553347329,-4.837611522741909,False,True,False,True,False,0.0
2022-05-19 00:00:00+00:00,42.2856263002,43.3899994456,40.4145808887,40.615376006,5078591,,,,,,,,,,,,,43.96521241920111,#000000,4.829265623129854,43.96521241920111,-0.3477932775030432,0,,,0.0,0.0,0.0,0.0,42.09851926288171,-4.837611522741909,False,True,False,True,True,0.36139117604998816
2022-05-20 00:00:00+00:00,43.0796797188,43.7003191723,41.9479254211,42.5868189762,4153943,,,,,,,,,,,,,43.96161456513146,#000000,4.7665101100399,43.96161456513146,-0.18502737348103065,0,,,0.0,0.0,0.0,0.0,43.746030761940965,-4.837611522741909,False,True,False,True,True,1.360463654035165
2022-05-23 00:00:00+00:00,45.480094076,45.9181925138,43.2713477853,43.7185732739,2849414,,,,,,,,,,,,,44.00119367505225,#000000,4.707752643353035,44.00119367505225,0.31414148384279245,0,,,0.0,0.0,0.0,0.0,47.08425487788362,-9.965406690274136,False,True,False,False,True,4.280466447831781
2022-05-24 00:00:00+00:00,44.6495324543,45.5713645839,43.8691696119,44.8229464193,4225244,,,,,,,,,,,,,44.04598068091916,#000000,4.64695539690468,44.04598068091916,0.12988112039613442,0,,,0.0,0.0,0.0,0.0,48.48418162030221,-8.419852856743816,False,True,False,False,True,3.1858550158602057
2022-05-25 00:00:00+00:00,46.6209754245,46.8765328465,44.9598521811,45.0419956382,3712709,,,,,,,,,,,,,44.11800162227066,"rgba(38, 166, 154, 0.5)",4.580905383313472,44.11800162227066,0.5463928181854051,0,,,0.0,0.0,0.0,0.0,51.160997681360726,-5.673196140916858,False,True,False,False,True,5.509684975661212
2022-05-26 00:00:00+00:00,49.0670250356,49.6055210321,47.1412173194,47.3511394875,4760363,,,,,,,,,,,,,44.27859474949484,"rgba(38, 166, 154, 1.0)",4.504353150727404,44.27859474949484,1.063067243147193,6,0.30701077167015306,1.8420646300209182,0.0,0.0,0.0,0.0,54.79816253813563,-2.1007891835540633,False,False,True,False,True,8.244550908667094
2022-05-27 00:00:00+00:00,51.5130746468,51.5860910531,48.619799547,48.8114676136,3897685,,,,,,,,,,,,,44.44729124616103,"rgba(0, 255, 255, 0.75)",4.498177493705823,44.44729124616103,1.5708102693870858,6,0.3057782575675087,1.8346695454050521,0.0,0.0,0.0,0.0,58.78127274423733,1.6970619563832372,True,False,True,False,True,10.821895977482882
2022-05-31 00:00:00+00:00,51.1023573613,53.6214233788,50.7920376345,52.9916568744,8157359,,,,,,,,,,,,,44.82274339617931,"rgba(38, 166, 154, 1.0)",4.487530910290479,44.82274339617931,1.3993472336247836,6,0.30558404289693764,1.8335042573816258,0.0,0.0,0.0,0.0,60.941417585365706,3.745326231132701,True,False,True,False,True,10.257905012033198
2022-06-01 00:00:00+00:00,53.1468167378,53.8039643945,51.2940254279,52.0880788464,4304880,,,,,,,,,,,,,45.02259876328033,"rgba(0, 255, 255, 0.75)",4.541000673131147,45.02259876328033,1.789080988820422,6,0.30296084750228786,1.8177650850137272,0.0,0.0,0.0,0.0,63.63953668228345,6.340798658717304,True,False,True,False,True,12.349175748057835
2022-06-02 00:00:00+00:00,53.2198331441,53.9499972071,51.8416484751,52.3345092177,5236035,,,,,,,,,,,,,45.25507982448599,"rgba(0, 255, 255, 0.75)",4.571049032416328,45.25507982448599,1.7424344528204982,6,0.30082727707795986,1.8049636624677592,0.0,0.0,0.0,0.0,65.48214845531152,8.161319764277408,True,False,True,False,True,12.422839740934478
2022-06-03 00:00:00+00:00,52.4531608779,53.6305504296,51.7960132212,53.3202307028,3565311,,,,,,,,,,,,,45.39581946103925,"rgba(0, 255, 255, 0.75)",4.549157604940058,45.39581946103925,1.5513512675834706,6,0.2995633402330268,1.7973800413981607,0.0,0.0,0.0,0.0,65.63176706300777,8.486485765897172,True,False,True,False,True,11.335213549218391
2022-06-06 00:00:00+00:00,53.913489004,54.1142841213,51.8599025767,52.9368945697,4011694,,,,,,,,,,,,,45.55996825408598,"rgba(0, 255, 255, 0.75)",4.564285427181883,45.55996825408598,1.830192454697496,6,0.2964174843642097,1.7785049061852582,0.0,0.0,0.0,0.0,66.74545004192235,9.827749778379939,True,False,True,False,True,12.838328021219915
2022-06-07 00:00:00+00:00,56.5512066817,56.8523993577,53.2472142965,53.6214233788,4637675,,,,,,,,,,,,,45.79228767244896,"rgba(0, 255, 0, 1.0)",4.647233376291407,45.79228767244896,2.315123459075536,6,0.2909007118712323,1.7454042712273936,0.0,0.0,0.0,0.0,69.04617330028684,12.286946823623687,True,False,True,False,True,15.430526866967412
2022-06-08 00:00:00+00:00,56.0492188883,57.7742314872,55.6841368568,56.9436698656,4049480,,,,,,,,,,,,,46.95764316195769,"rgba(0, 255, 255, 0.75)",4.682230081961486,46.95764316195769,1.9417191310969604,6,0.2869402870218177,1.7216417221309062,0.0,0.0,0.0,0.0,69.82935273067889,13.302668833389866,True,False,True,False,True,14.704092049336175
2022-06-09 00:00:00+00:00,54.6345260162,55.7480262123,54.342460391,55.3281818761,5877411,,,,,,,,,,,,,47.09262001387672,"rgba(0, 255, 255, 0.75)",4.630304201265528,47.09262001387672,1.6288143660759846,6,0.28342403943776573,1.7005442366265944,0.0,0.0,0.0,0.0,68.29096350997737,13.302668833389866,True,False,True,False,True,12.678656583954414
2022-06-10 00:00:00+00:00,53.9773783595,55.7754073647,53.0372921283,53.8495996485,2399206,,,,,,,,,,,,,47.148851119796184,"rgba(38, 166, 154, 1.0)",4.571221277519339,47.148851119796184,1.4938080712228066,6,0.2818350348484813,1.691010209090888,0.0,0.0,0.0,0.0,66.34441762165291,13.302668833389866,True,False,True,False,False,11.750221654422639
2022-06-13 00:00:00+00:00,51.8325214243,52.9095134173,49.3225824577,51.6134722054,4286174,,,,,,,,,,,,,47.14004180945321,"rgba(38, 166, 154, 1.0)",4.449708980157576,47.14004180945321,1.0545587668253793,6,0.28207061630317704,1.6924236978190623,0.0,0.0,0.0,0.0,62.298364796520104,18.502062009324305,True,False,True,False,False,8.795033394779438
2022-06-14 00:00:00+00:00,51.20275492,53.9164550912,49.8367369284,53.4030523561,5475461,,,,,,,,,,,,,47.18901624211199,"rgba(38, 166, 154, 0.5)",4.353794180409715,47.18901624211199,0.9218944469052262,6,0.2837898243189882,1.702738945913929,0.0,0.0,0.0,0.0,58.8620380909756,15.217090772625085,True,False,True,False,False,7.948434096543089
2022-06-15 00:00:00+00:00,49.5158602189,51.6519823132,48.4477991718,51.184419108,3889094,,,,,,,,,,,,,47.1835912464514,"rgba(38, 166, 154, 0.5)",4.3227040487855595,47.1835912464514,0.5395393591897277,6,0.2875569514875637,1.7253417089253822,0.0,0.0,0.0,0.0,54.70746346002347,11.337309417571255,False,False,True,False,False,5.719384119408673
2022-06-16 00:00:00+00:00,46.2062461588,48.929114236,45.9312089792,48.0948347914,4817989,,,,,,,,,,,,,47.09868014859737,#000000,4.2970301660211,47.09868014859737,-0.20768622870146866,6,0.29199361221740355,1.7519616733044212,0.0,0.0,0.0,0.0,49.02434948290132,6.134454547984554,False,True,False,True,False,1.5984569585957225
2022-06-17 00:00:00+00:00,42.9516395345,46.0320559451,41.530614107,45.5919964578,7737347,,,,,,,,,,,,,46.841950079106525,"rgba(239, 83, 80, 0.5)",4.298445616021859,46.841950079106525,-0.9050505443423382,7,0.2756780507992691,1.9297463555948837,0.0,0.0,0.0,0.0,43.11075911477448,0.8496737278489235,False,True,False,True,False,0.0
2022-06-21 00:00:00+00:00,46.3254289366,46.4079400904,43.804254791,44.0334524406,6167995,,,,,,,,,,,,,46.75205651698595,#000000,4.262816824948349,46.75205651698595,-0.10008114303413063,7,0.27969092829376746,1.9578364980563723,0.0,0.0,0.0,0.0,42.874268805438376,0.8496737278489235,False,True,False,True,False,1.6468335474892584
2022-06-22 00:00:00+00:00,42.1907033378,43.785918979,42.0073452181,43.5108817995,5847170,,,,,,,,,,,,,46.59361054830914,"rgba(239, 83, 80, 1.0)",4.286961121175698,46.59361054830914,-1.027046219001314,7,0.2842309692298176,1.9896167846087232,0.0,0.0,0.0,0.0,40.1858694594202,-1.663800877982105,False,True,False,True,False,0.0
2022-06-23 00:00:00+00:00,39.3303166709,43.1166618422,38.4593656024,42.8324567567,8273821,,,,,,,,,,,,,46.30582136235977,"rgba(255, 0, 0, 1.0)",4.366494528233116,46.30582136235977,-1.5975067978116497,7,0.28759489953107104,2.0131642967174974,0.0,0.0,0.0,0.0,37.00219442677293,-4.6905093173612755,False,True,False,True,False,0.0
2022-06-24 00:00:00+00:00,41.6497968848,42.1494477609,39.5045068845,40.2379393633,39394998,,,,,,,,,,,,,45.46195485491671,"rgba(239, 83, 80, 0.5)",4.383843922782917,45.46195485491671,-0.8695925396214177,7,0.2916009700393777,2.041206790275644,0.0,0.0,0.0,0.0,37.11397686474997,-4.691165326890683,False,True,False,True,False,0.0
2022-06-27 00:00:00+00:00,43.3458594918,43.7034078252,41.6589647908,42.5574195772,6078033,,,,,,,,,,,,,45.40394190631103,#000000,4.36530629921831,45.40394190631103,-0.47146346062350136,7,0.2946045783822928,2.0622320486760497,0.0,0.0,0.0,0.0,38.69486612150538,-4.691165326890683,False,True,False,True,False,0.0
2022-06-28 00:00:00+00:00,44.6201984236,45.8670336374,43.8500943209,45.3811346202,6416588,,,,,,,,,,,,,45.38966298602825,#000000,4.35256836928217,45.38966298602825,-0.17678402661257867,7,0.29797348537931284,2.0858143976551897,0.0,0.0,0.0,0.0,40.839015733369905,-4.691165326890683,False,True,False,True,False,0.02458430863211092
2022-06-29 00:00:00+00:00,41.8789945344,45.8762015433,41.6222931668,45.3536309023,5022040,,,,,,,,,,,,,45.3496858015942,"rgba(239, 83, 80, 0.5)",4.350196187948829,45.3496858015942,-0.7978240790171515,7,0.30085297851429554,2.1059708496000686,0.0,0.0,0.0,0.0,40.50145572909486,-4.691165326890683,False,True,False,True,False,0.0
2022-06-30 00:00:00+00:00,40.5129765428,41.8606587224,39.8712231239,40.8613569702,4995058,,,,,,,,,,,,,45.270620667843644,"rgba(239, 83, 80, 1.0)",4.339811077815454,45.270620667843644,-1.0962790867473706,7,0.30304998998000376,2.1213499298600262,0.0,0.0,0.0,0.0,39.4733107362259,-4.691165326890683,False,True,False,True,False,0.0
2022-07-01 00:00:00+00:00,39.8803910299,41.3335041283,38.6427237221,40.971371842,4916499,,,,,,,,,,,,,45.182783162293276,"rgba(239, 83, 80, 1.0)",4.327821737416714,45.182783162293276,-1.2251872775975956,7,0.3054838956062432,2.1383872692437027,0.0,0.0,0.0,0.0,38.415021027507066,-4.714621189663468,False,True,False,True,False,0.0
2022-07-05 00:00:00+00:00,36.6349523116,39.256973423,35.6173147474,38.9360967135,7424102,,,,,,,,,,,,,44.98897309353748,"rgba(255, 0, 0, 1.0)",4.415913265658495,44.98897309353748,-1.891799109123068,7,0.30679177493568593,2.1475424245498016,0.0,0.0,0.0,0.0,35.962852866063905,-7.393091625576972,False,True,False,True,False,0.0
2022-07-06 00:00:00+00:00,35.8831840209,37.2675378245,34.3063041917,35.855680303,10471201,,,,,,,,,,,,,44.68961551448113,"rgba(255, 0, 0, 1.0)",4.577672982026594,44.68961551448113,-1.9237790746866348,6,0.319291798091679,1.9157507885500742,0.0,0.0,0.0,0.0,33.960781474740365,-9.570035189015712,False,True,False,True,False,0.0
2022-07-07 00:00:00+00:00,39.5595143204,40.1095886795,37.1116834228,37.1116834228,5877297,,,,,,,,,,,,,44.58778198285081,"rgba(239, 83, 80, 1.0)",4.64101810941743,44.58778198285081,-1.0834406468372926,6,0.32106867050488924,1.9264120230293353,0.0,0.0,0.0,0.0,36.36775212182282,-9.570035189015712,False,True,False,True,False,0.0
2022-07-08 00:00:00+00:00,39.4953389786,40.3479542351,38.0193061152,40.0637491496,3576009,,,,,,,,,,,,,44.53178054599486,"rgba(239, 83, 80, 1.0)",4.715908800971551,44.53178054599486,-1.0679683980227255,6,0.32167102221163774,1.9300261332698265,0.0,0.0,0.0,0.0,37.93028619955754,-9.570035189015712,False,True,False,True,True,0.0
2022-07-11 00:00:00+00:00,38.67022744,39.3578203888,38.101817269,38.7619064999,2570019,,,,,,,,,,,,,44.48791251448641,"rgba(239, 83, 80, 1.0)",4.804949013727703,44.48791251448641,-1.2107693667227957,6,0.32236231626792367,1.934173897607542,0.0,0.0,0.0,0.0,38.4028956525079,-9.570035189015712,False,True,False,True,True,0.0
2022-07-12 00:00:00+00:00,36.9191573971,37.9001233374,36.1215495765,36.9008215851,3772765,,,,,,,,,,,,,44.40551717700638,"rgba(255, 0, 0, 1.0)",4.929304333002681,44.40551717700638,-1.5187457040912853,6,0.3225076769916819,1.9350460619500915,0.0,0.0,0.0,0.0,37.557390066897,-9.570035189015712,False,True,False,True,True,0.0
2022-07-13 00:00:00+00:00,37.5059033801,38.5052051323,36.5432732518,36.6257844056,2992777,,,,,,,,,,,,,44.34636838306134,"rgba(239, 83, 80, 1.0)",5.031819349039561,44.34636838306134,-1.35944169066145,6,0.32270124365519154,1.9362074619311493,0.0,0.0,0.0,0.0,37.66892745187276,-9.570035189015712,False,True,False,True,True,0.0
2022-07-14 00:00:00+00:00,36.5341053458,36.6349523116,34.1687856019,35.6173147474,5435256,,,,,,,,,,,,,43.51169390026127,"rgba(239, 83, 80, 1.0)",5.132975321722325,43.51169390026127,-1.359365303186379,6,0.3217290058169603,1.9303740349017617,0.0,0.0,0.0,0.0,37.05602767858407,-9.570035189015712,False,True,False,True,True,0.0
2022-07-15 00:00:00+00:00,37.7717726536,37.8267800895,36.38741885,37.4050564142,2598352,,,,,,,,,,,,,43.50778196092443,"rgba(239, 83, 80, 1.0)",5.20910012433427,43.50778196092443,-1.1011516711934002,6,0.32268153759662094,1.9360892255797255,0.0,0.0,0.0,0.0,38.16245037235059,-9.570035189015712,False,True,False,True,True,0.0
2022-07-18 00:00:00+00:00,39.825383594,40.5313123547,38.9819362435,38.9819362435,3193849,,,,,,,,,,,,,43.55592006474695,"rgba(239, 83, 80, 0.5)",5.24612846981383,43.55592006474695,-0.7111027669666149,6,0.32670277647483925,1.9602166588490355,0.0,0.0,0.0,0.0,41.17527714651814,-13.614751489590788,False,True,False,True,True,0.0
2022-07-19 00:00:00+00:00,41.7598117566,41.8514908164,39.7062008162,39.9904059017,3065337,,,,,,,,,,,,,43.60203560985301,#000000,5.246340789575017,43.60203560985301,-0.351144526660122,6,0.33112803040044236,1.9867681824026542,0.0,0.0,0.0,0.0,45.0500698858275,-9.877025668743109,False,True,False,True,True,0.0
2022-07-20 00:00:00+00:00,42.7041060729,42.8132041541,40.8796927821,40.95303603,2510233,,,,,,,,,,,,,43.640838497582855,#000000,5.2402751303909145,43.640838497582855,-0.17875634415649094,6,0.33653856303082064,2.019231378184924,0.0,0.0,0.0,0.0,48.48085200174967,-6.69046365711921,False,False,False,False,True,0.0
2022-07-21 00:00:00+00:00,41.7139722267,41.7414759446,40.2287714573,40.8888606881,2203075,,,,,,,,,,,,,43.650315766636936,#000000,5.229145511845124,43.650315766636936,-0.37029827063536597,5,0.3672275275725364,1.8361376378626821,0.0,0.0,0.0,0.0,49.68885354831737,-5.6090785435595905,False,False,False,False,True,0.0
2022-07-22 00:00:00+00:00,40.7788458163,42.8049530387,40.5267284017,41.8789945344,2233080,,,,,,,,,,,,,43.65698551980887,"rgba(239, 83, 80, 0.5)",5.23390122300596,43.65698551980887,-0.5499033284880918,5,0.3666579212728649,1.8332896063643245,0.0,0.0,0.0,0.0,49.49909825203841,-5.6090785435595905,False,False,False,False,True,0.0
2022-07-25 00:00:00+00:00,43.5200497055,43.7125757311,40.8063495343,41.2830806454,3611889,,,,,,,,,,,,,43.68782826536242,#000000,5.234219883579092,43.68782826536242,-0.03205416730557657,5,0.36689586909497424,1.8344793454748711,0.0,0.0,0.0,0.0,52.01728019155827,-3.2709626807895944,True,False,True,False,True,0.45036704042694353
2022-07-26 00:00:00+00:00,42.2915503036,44.7943886372,41.6314610728,44.4093365859,2944259,,,,,,,,,,,,,43.70874132756476,#000000,5.2452756358296675,43.70874132756476,-0.2701842805522266,5,0.3665728243669472,1.8328641218347361,0.0,0.0,0.0,0.0,52.33847759712272,-2.8530628549058576,True,False,True,False,True,0.0
2022-07-27 00:00:00+00:00,44.6477021415,44.941075133,42.7041060729,42.7316097909,2798786,,,,,,,,,,,,,43.7409487859571,#000000,5.241785519733584,43.7409487859571,0.17298558900002126,5,0.36731949744644526,1.8365974872322264,0.0,0.0,0.0,0.0,54.60403716527896,-0.5649360018734484,True,False,True,False,True,1.5805790381927451
2022-07-28 00:00:00+00:00,44.7760528253,46.0228880391,43.785918979,45.527821116,2196783,,,,,,,,,,,,,43.77085880395014,#000000,5.2319849292578215,43.77085880395014,0.1921247929688607,6,0.3373622970265853,2.024173782159512,0.0,0.0,0.0,0.0,56.22041517294781,1.0759981520745683,True,False,True,False,True,1.708494048700402
2022-07-29 00:00:00+00:00,46.8388316717,46.9580144494,45.1702727826,45.8395299194,3025596,,,,,,,,,,,,,43.82786060698425,"rgba(38, 166, 154, 0.5)",5.23528750723877,43.82786060698425,0.5751300306912492,6,0.3372917100923461,2.0237502605540767,0.0,0.0,0.0,0.0,58.93255626948357,3.7220808427282464,True,False,True,False,True,3.7444011483038047
2022-08-01 00:00:00+00:00,44.8952356031,45.5461569279,43.8409264149,45.4361420561,3953489,,,,,,,,,,,,,43.8652250866511,#000000,5.231706081642405,43.8652250866511,0.19687851350501376,6,0.33774159797643694,2.0264495878586217,0.0,0.0,0.0,0.0,58.35120255791226,3.7220808427282464,True,False,True,False,True,1.696049235752941
2022-08-02 00:00:00+00:00,44.5743588936,45.0877616287,43.813422697,44.8952356031,2543420,,,,,,,,,,,,,43.88327931188672,#000000,5.219200375381381,43.88327931188672,0.13241100781894835,6,0.33857417561178,2.03144505367068,0.0,0.0,0.0,0.0,57.585679178848224,3.7220808427282464,True,False,True,False,True,1.3614191490130771
2022-08-03 00:00:00+00:00,43.0341506883,45.0934457304,42.1356959019,45.0327541928,3156201,,,,,,,,,,,,,43.88922402641064,#000000,5.209757081983059,43.88922402641064,-0.1641292145976905,6,0.3385025444812933,2.03101526688776,0.0,0.0,0.0,0.0,55.3046611738541,3.7220808427282464,True,False,True,False,False,0.0
2022-08-04 00:00:00+00:00,41.8331550045,43.2725162439,41.0630509018,42.6215949191,5675665,,,,,,,,,,,,,43.86657885072387,#000000,5.19681862597141,43.86657885072387,-0.39128243500008103,7,0.3154979638533826,2.208485746973678,0.0,0.0,0.0,0.0,52.512489450519425,7.601161690997138,False,False,False,False,False,0.0
2022-08-05 00:00:00+00:00,43.8409264149,44.5468551757,40.8155174402,40.980539748,3592925,,,,,,,,,,,,,43.86620408329608,#000000,5.176334448227434,43.86620408329608,-0.004883314370218491,6,0.3464943444362481,2.0789660666174887,0.0,0.0,0.0,0.0,52.79955320957684,7.601161690997138,False,False,True,False,False,0.6172524819927396
2022-08-08 00:00:00+00:00,43.4742101756,44.2809859021,42.8600521537,43.4925459875,3278923,,,,,,,,,,,,,43.87094630587162,#000000,5.127220651697628,43.87094630587162,-0.0773783999602709,6,0.3490722056801896,2.0944332340811376,0.0,0.0,0.0,0.0,52.5671502130445,7.422359656278282,False,False,False,False,False,0.23619768304871513
2022-08-09 00:00:00+00:00,43.5017138935,44.9777467569,42.6032591071,43.9601091927,4909254,,,,,,,,,,,,,43.87935440080529,#000000,5.106885841887906,43.87935440080529,-0.07394731720998907,6,0.35120593962498364,2.107235637749902,0.0,0.0,0.0,0.0,52.4435281011205,7.058494560064432,False,False,False,False,False,0.2650197851847693
2022-08-10 00:00:00+00:00,44.363497056,44.363497056,42.5482516712,43.785918979,3871959,,,,,,,,,,,,,43.885738394788014,#000000,5.105225018046646,43.885738394788014,0.0935822925577501,5,0.30826294921550434,1.5413147460775218,0.0,0.0,0.0,0.0,53.370056381007664,7.058494560064432,False,False,True,False,False,1.1749716487814723
2022-08-11 00:00:00+00:00,46.8479995776,47.4714171845,45.509485304,45.6378359878,3244103,,,,,,,,,,,,,43.92162423753259,"rgba(38, 166, 154, 0.5)",5.111059606956861,43.92162423753259,0.5725574665738992,6,0.2738132518365677,1.642879511019406,0.0,0.0,0.0,0.0,56.48361719933684,7.058494560064432,True,False,True,False,True,3.7278477070162666
2022-08-12 00:00:00+00:00,46.655473552,46.8113279537,45.5908046301,46.1787424408,3230921,,,,,,,,,,,,,43.95280428155749,"rgba(38, 166, 154, 0.5)",5.115307514656992,43.95280428155749,0.5283493245906515,6,0.27377506383758027,1.6426503830254817,0.0,0.0,0.0,0.0,58.265554768046336,3.865291852565676,True,False,True,False,True,3.5131672390779336
2022-08-15 00:00:00+00:00,45.2527839364,45.8853694493,43.4650422696,44.363497056,2456380,,,,,,,,,,,,,43.96363638938961,#000000,5.1147970989562905,43.96363638938961,0.252042754007475,6,0.2737798286245227,1.6426789717471362,0.0,0.0,0.0,0.0,57.367223508552954,3.865291852565676,True,False,True,False,True,1.9531245822295027
2022-08-16 00:00:00+00:00,44.2901538081,46.8388316717,43.9876129107,46.0045522271,3726966,,,,,,,,,,,,,43.981251919537975,#000000,5.1033755264315435,43.981251919537975,0.060528935596087935,6,0.27402238216226193,1.6441342929735716,0.0,0.0,0.0,0.0,55.453310844236555,3.865291852565676,True,False,True,False,False,0.8970594141761694
2022-08-17 00:00:00+00:00,44.0792919705,45.0785937227,43.4375385516,44.345161244,3266547,,,,,,,,,,,,,43.98730233802697,#000000,5.098434869098446,43.98730233802697,0.018042719939520727,6,0.2742610526220269,1.6455663157321614,0.0,0.0,0.0,0.0,53.88795572614537,3.865291852565676,True,False,True,False,False,0.6649612340196782
2022-08-18 00:00:00+00:00,46.0045522271,46.4079400904,44.922739321,44.922739321,4098876,,,,,,,,,,,,,44.014105950172286,#000000,5.096349999779652,44.014105950172286,0.3905631043813264,6,0.275706964487432,1.654241786924592,0.0,0.0,0.0,0.0,55.21630089117703,3.865291852565676,True,False,True,False,False,2.7241924882258317
2022-08-19 00:00:00+00:00,45.4269741501,46.1879103468,44.9869146629,45.6561717997,3921564,,,,,,,,,,,,,44.035603327156046,#000000,5.053390761770006,44.035603327156046,0.2753341050666369,6,0.2765731248994433,1.6594387493966598,0.0,0.0,0.0,0.0,55.22382189879911,3.865291852565676,True,False,True,False,False,2.07061728686471
2022-08-22 00:00:00+00:00,45.8945373553,46.050391757,43.6667362012,44.6110305176,3677480,,,,,,,,,,,,,44.05127983238995,#000000,4.985921999233147,44.05127983238995,0.3696924105899672,6,0.2772582921910782,1.6635497531464694,0.0,0.0,0.0,0.0,55.81001251452364,3.865291852565676,True,False,True,False,False,2.5736997727861493
2022-08-23 00:00:00+00:00,48.0856668855,49.6900504326,46.9488465435,46.9488465435,4145384,,,,,,,,,,,,,44.10435346686446,"rgba(38, 166, 154, 0.5)",4.957469027487135,44.10435346686446,0.8030939571302987,6,0.27802148774738833,1.66812892648433,0.0,0.0,0.0,0.0,58.598565143296184,4.4641043028644205,True,False,True,False,True,4.886509463576875
2022-08-24 00:00:00+00:00,49.2041514155,49.470020689,48.0948347914,48.2140175692,2587756,,,,,,,,,,,,,44.14139443591025,"rgba(38, 166, 154, 1.0)",4.934023844884347,44.14139443591025,1.0260909024261962,6,0.27809508158937296,1.6685704895362377,0.0,0.0,0.0,0.0,61.48258390178482,7.214951132056719,True,False,True,False,True,6.033650174034971
2022-08-25 00:00:00+00:00,49.8275690224,50.5151619712,49.1949835095,49.6900504326,2088198,,,,,,,,,,,,,44.17604770753956,"rgba(38, 166, 154, 1.0)",4.970016030305559,44.17604770753956,1.1371233574296904,6,0.2784587861096804,1.6707527166580824,0.0,0.0,0.0,0.0,63.951032919534185,9.503760913252513,True,False,True,False,True,6.669497319547673
2022-08-26 00:00:00+00:00,48.9474500479,50.7626954328,48.7549240223,49.7908973985,2225769,,,,,,,,,,,,,44.21003546520402,"rgba(38, 166, 154, 0.5)",4.967679914265411,44.21003546520402,0.9536473090973122,6,0.2788551822689546,1.6731310936137276,0.0,0.0,0.0,0.0,63.94230142119122,9.503760913252513,True,False,True,False,True,5.599010218818975
2022-08-29 00:00:00+00:00,50.4876582532,51.6244785952,48.4065435949,48.7090844924,2880196,,,,,,,,,,,,,44.71340199155377,"rgba(38, 166, 154, 1.0)",4.9735023755132355,44.71340199155377,1.1610040220500268,6,0.2773689762266221,1.6642138573597327,0.0,0.0,0.0,217.0,65.40109084302632,10.952552116461291,True,False,True,False,True,7.186281248375874
2022-08-30 00:00:00+00:00,48.4340473128,49.5983713728,47.9023087658,49.5341960309,2844937,,,,,,,,,,,,,44.68712992166458,"rgba(38, 166, 154, 0.5)",4.938244733335618,44.68712992166458,0.7587549004693622,6,0.2768130243685281,1.6608781462111688,0.0,0.0,0.0,0.0,62.92213736552975,10.952552116461291,True,False,True,False,False,4.706065515036624
2022-08-31 00:00:00+00:00,48.7182523983,49.5800355608,46.6921451759,47.0588614153,3006941,,,,,,,,,,,,,44.68921317811791,"rgba(38, 166, 154, 0.5)",4.937298022251919,44.68921317811791,0.8160413250372182,6,0.2762896956316017,1.6577381737896104,0.0,0.0,0.0,0.0,61.585500130987256,10.952552116461291,True,False,True,False,False,5.004362388859313
2022-09-01 00:00:00+00:00,46.7746563298,48.5440621847,46.1420708169,47.792293894,4332569,,,,,,,,,,,,,44.67169080817349,#000000,4.91063095674769,44.67169080817349,0.4282475185264806,6,0.2766061904019695,1.659637142411817,0.0,0.0,0.0,0.0,57.84613152666485,12.63436563902605,True,False,True,False,False,2.7033514053850034
2022-09-02 00:00:00+00:00,48.3790398769,49.1033044497,47.4439134666,48.2140175692,2184775,,,,,,,,,,,,,44.691661129076586,"rgba(38, 166, 154, 0.5)",4.918309400641517,44.691661129076586,0.7497248439356936,6,0.2760578762056317,1.6563472572337903,0.0,0.0,0.0,0.0,57.27855547016722,12.129909236877921,True,False,True,False,False,4.413380573763927
2022-09-06 00:00:00+00:00,47.6822790222,49.2041514155,47.187212099,49.0207932958,2597414,,,,,,,,,,,,,44.710366032618495,"rgba(38, 166, 154, 0.5)",4.905529045139816,44.710366032618495,0.6058292514904068,6,0.2758806080251532,1.655283648150919,0.0,0.0,0.0,0.0,55.9145513879247,10.788645427934135,True,False,True,False,False,3.589621863296937
2022-09-07 00:00:00+00:00,45.9403768852,46.3987721844,45.2069444065,46.2979252186,4307316,,,,,,,,,,,,,44.68796712381554,#000000,4.893314166596574,44.68796712381554,0.2559430518346518,6,0.2764000157886502,1.6584000947319013,0.0,0.0,0.0,0.0,52.76234863111381,7.779526589536893,False,False,False,False,False,1.5636068766866984
2022-09-08 00:00:00+00:00,46.1604066288,46.6738093639,45.2527839364,46.4262759024,4667667,,,,,,,,,,,,,44.681073087829674,#000000,4.886932564176707,44.681073087829674,0.30271208402065275,6,0.2769827660015583,1.66189659600935,0.0,0.0,0.0,0.0,50.969184226726426,6.0957903300128535,False,False,False,False,False,1.806815886759594
2022-09-09 00:00:00+00:00,47.9481482957,48.5899017146,47.4072418427,47.6547753042,2779672,,,,,,,,,,,,,44.70691930696871,"rgba(38, 166, 154, 0.5)",4.895847713600726,44.70691930696871,0.6620363169645002,6,0.2776610965314321,1.6659665791885927,0.0,0.0,0.0,0.0,52.11945337109882,6.0957903300128535,False,False,False,False,False,3.7628312716817867
2022-09-12 00:00:00+00:00,49.1766476975,49.2041514155,47.6822790222,48.6540770565,2979329,,,,,,,,,,,,,44.743279637300446,"rgba(38, 166, 154, 0.5)",4.914055424748696,44.743279637300446,0.9021811267882224,6,0.27760850663064224,1.6656510397838535,0.0,0.0,0.0,0.0,54.28125298944724,6.0957903300128535,True,False,True,False,True,5.073187771949325
2022-09-13 00:00:00+00:00,47.3614023127,49.1124723557,47.2605553469,48.1498422273,2310726,,,,,,,,,,,,,44.7621785386791,"rgba(38, 166, 154, 0.5)",4.917114413572542,44.7621785386791,0.528607544060059,6,0.27951095386017494,1.6770657231610495,0.0,0.0,0.0,0.0,53.18577920661025,6.0957903300128535,False,False,False,False,True,2.9123438311919436
2022-09-14 00:00:00+00:00,49.4058453471,49.7650601064,47.8953012314,48.1163564678,2578922,,,,,,,,,,,,,45.09698742867888,"rgba(38, 166, 154, 0.5)",4.920596541206223,45.09698742867888,0.8756779553734466,6,0.2792605601607541,1.6755633609645249,0.0,0.0,0.0,0.0,54.71917097460489,6.0957903300128535,True,False,True,False,True,5.080779096971199
2022-09-15 00:00:00+00:00,47.2689780614,48.604520115,47.1308185386,48.1808309118,2838885,,,,,,,,,,,,,45.06378791813015,#000000,4.874674904298269,45.06378791813015,0.452376863393579,6,0.27904430821586246,1.6742658492951747,0.0,0.0,0.0,0.0,53.09421695172354,6.0957903300128535,False,False,False,False,True,2.5914857134282308
2022-09-16 00:00:00+00:00,45.6386956926,47.0663440947,44.0636771329,47.0387121901,7635551,,,,,,,,,,,,,44.940348846488796,#000000,4.829546625361261,44.940348846488796,0.14459884131649084,6,0.27905051706112766,1.6743031023667658,0.0,0.0,0.0,0.0,50.29278970072771,5.512001544479631,False,False,False,False,False,0.7581732337216707
2022-09-19 00:00:00+00:00,45.8136977548,46.0715955306,43.7873580873,43.9163069752,2301964,,,,,,,,,,,,,44.91990623650241,#000000,4.743405188272847,44.91990623650241,0.18842824570570457,6,0.27903883046748246,1.6742329828048947,0.0,0.0,0.0,0.0,48.647576980483,3.9089809872323045,False,True,False,False,False,0.9498205760675731
2022-09-20 00:00:00+00:00,45.2518490288,45.859750929,44.2663110996,45.6386956926,2408626,,,,,,,,,,,,,44.90185921130233,#000000,4.651294510911374,44.90185921130233,0.07524567981593906,6,0.2790392530134069,1.6742355180804411,0.0,0.0,0.0,0.0,46.93298353934796,2.2204203347525464,False,True,False,True,False,0.31291686684004816
2022-09-21 00:00:00+00:00,44.1834153859,46.9558164765,44.1649941162,46.4584421944,2125988,,,,,,,,,,,,,44.888742447629305,#000000,4.573543519577363,44.888742447629305,-0.15421894614320522,6,0.2793037518502575,1.6758225111015452,0.0,0.0,0.0,0.0,44.64804204307004,-0.00290428903061013,False,True,False,True,False,0.0
2022-09-22 00:00:00+00:00,43.0965604734,45.5465893441,43.059717934,45.0768469666,2638587,,,,,,,,,,,,,44.85531072564927,#000000,4.459523407433214,44.85531072564927,-0.3943807648408694,7,0.26094819667582353,1.8266373767307647,0.0,0.0,0.0,0.0,42.04295462401849,-2.496696419148151,False,True,False,True,False,0.0
2022-09-23 00:00:00+00:00,39.25572574,40.8860081089,38.3346622548,40.6188996982,6280943,,,,,,,,,,,,,44.64093089714511,"rgba(239, 83, 80, 1.0)",4.29349751354099,44.64093089714511,-1.2542700071820354,7,0.25884091542111415,1.811886407947799,0.0,0.0,0.0,0.0,37.36678544043691,-6.857572802250246,False,True,False,True,False,0.0
2022-09-26 00:00:00+00:00,36.9899095664,39.1359874869,36.8609606785,38.9149322505,3865404,,,,,,,,,,,,,44.042081612218496,"rgba(255, 0, 0, 1.0)",4.173812881844238,44.042081612218496,-1.6896234319690984,7,0.2564770450992574,1.7953393156948017,0.0,0.0,0.0,0.0,32.99363731265319,-10.807773078977696,False,True,False,True,False,0.0
2022-09-27 00:00:00+00:00,38.0951857487,38.6017706655,37.1004371846,37.9109730516,3657372,,,,,,,,,,,,,43.943681807174734,"rgba(239, 83, 80, 1.0)",4.062556682212155,43.943681807174734,-1.4396097127905418,7,0.256298823003407,1.7940917610238492,0.0,0.0,0.0,0.0,31.77755894269322,-11.800980843995518,False,True,False,True,False,0.0
2022-09-28 00:00:00+00:00,41.1807484241,41.341934534,38.0675538441,38.574138761,5382208,,,,,,,,,,,,,43.922382973140664,"rgba(239, 83, 80, 0.5)",3.912518575825794,43.922382973140664,-0.7007339379754892,7,0.2571715979903458,1.8002011859324205,0.0,0.0,0.0,0.0,35.00047382292119,-11.800980843995518,False,True,False,True,False,0.0
2022-09-29 00:00:00+00:00,41.9268098472,41.9820736563,39.9465233539,40.628110333,3333323,,,,,,,,,,,,,43.92166820367909,"rgba(239, 83, 80, 0.5)",3.811598104437888,43.92166820367909,-0.5233653448815748,7,0.25874574304069814,1.811220201284887,0.0,0.0,0.0,0.0,37.999433311431716,-11.800980843995518,False,True,False,True,True,0.0
2022-09-30 00:00:00+00:00,42.3689203201,42.9261637286,40.8031123952,41.3281185818,4499591,,,,,,,,,,,,,43.93030587864176,#000000,3.7182903748225247,43.93030587864176,-0.4199202862461444,6,0.18923393394377364,1.1354036036626418,0.0,0.0,0.0,0.0,40.514251558435504,-16.567996937630312,False,True,False,True,True,0.0
2022-10-03 00:00:00+00:00,46.2742294974,46.8268675885,44.4965769709,44.680789668,5224584,,,,,,,,,,,,,44.04968671987687,"rgba(38, 166, 154, 0.5)",3.669281749531732,44.04968671987687,0.6062610966865726,6,0.19011665079517134,1.140699904771028,0.0,0.0,0.0,0.0,46.03106858263915,-11.43985189874607,False,True,False,True,True,1.9843384319745994
2022-10-04 00:00:00+00:00,48.6413626544,49.101894397,47.2137142523,47.8492480571,4396653,,,,,,,,,,,,,44.18647420204561,"rgba(38, 166, 154, 1.0)",3.7020189282849247,44.18647420204561,1.2033672811117295,7,0.2320131757751798,1.6240922304262586,0.0,0.0,0.0,0.0,51.478167896451154,-6.509063059740619,False,False,False,False,True,4.349816555748827
2022-10-05 00:00:00+00:00,50.4558577203,50.722966131,47.7433257563,48.3926755134,4566326,,,,,,,,,,,,,44.336036542459425,"rgba(0, 255, 255, 0.75)",3.780095237316496,44.336036542459425,1.6189595218201598,7,0.23255624061562832,1.6278936843093983,0.0,0.0,0.0,0.0,56.29353215240256,-2.231660572728835,True,False,True,False,True,6.095860822585234
2022-10-06 00:00:00+00:00,51.3769212055,52.4729867529,50.0045366125,50.0598004216,4704696,,,,,,,,,,,,,44.92954026545821,"rgba(0, 255, 255, 0.75)",3.8683476451661356,44.92954026545821,1.6667015303286916,7,0.23125103568093577,1.6187572497665503,1.0,0.0,52.47299,217.0,60.07249109269476,1.0956114698068191,True,False,True,False,True,6.9667657977066
2022-10-07 00:00:00+00:00,51.1834978736,52.2242996119,50.3913832763,51.2111297782,4894029,,,,,,,,,,,,,45.073407551215524,"rgba(0, 255, 255, 0.75)",3.9518378884773604,45.073407551215524,1.5461389092401978,7,0.23059121237994873,1.614138486659641,0.0,0.0,0.0,0.0,62.33404032821996,3.1043845795653198,True,False,True,False,True,6.745363660235029
2022-10-10 00:00:00+00:00,49.2124220152,52.1229826285,48.8808391606,51.1006021599,2905914,,,,,,,,,,,,,45.11938407670179,"rgba(38, 166, 154, 1.0)",3.9567269518798125,45.11938407670179,1.0344504405474917,7,0.2300525380961001,1.6103677666727008,0.0,0.0,0.0,0.0,61.30993904849588,3.1043845795653198,True,False,True,False,True,4.512071801300696
2022-10-11 00:00:00+00:00,48.3097797997,49.4611091563,47.4531907585,48.0887245633,3056735,,,,,,,,,,,,,45.12958824864498,"rgba(38, 166, 154, 0.5)",3.9735892042073186,45.12958824864498,0.8003322406069988,7,0.23044288420403217,1.613100189428225,0.0,0.0,0.0,0.0,59.55792231930286,3.1043845795653198,True,False,True,False,True,3.509784188996239
2022-10-12 00:00:00+00:00,47.8308267874,48.3466223391,46.2189656883,47.6742459949,4354487,,,,,,,,,,,,,45.12801833774492,"rgba(38, 166, 154, 0.5)",3.9930217688223544,45.12801833774492,0.6768829738817599,7,0.23066171017003317,1.6146319711902322,0.0,0.0,0.0,0.0,57.81766241570932,3.1043845795653198,True,False,True,False,True,2.9775776270835976
2022-10-13 00:00:00+00:00,48.9545242394,49.6084793139,46.3755464808,46.3755464808,4092346,,,,,,,,,,,,,45.15948638693413,"rgba(38, 166, 154, 0.5)",4.028325322619769,45.15948638693413,0.9420882248898957,7,0.23032868617156116,1.612300803200928,0.0,0.0,0.0,0.0,57.77243461578079,3.1043845795653198,True,False,True,False,False,4.127750369401241
2022-10-14 00:00:00+00:00,45.8873828336,48.8163647166,45.7952764851,48.2637266255,3938428,,,,,,,,,,,,,45.157325013740355,#000000,4.021025183449618,45.157325013740355,0.18156012125080312,6,0.21600924866837146,1.2960554920102287,0.0,0.0,0.0,0.0,54.27593542666561,3.1043845795653198,False,False,True,False,False,0.7581155490490481
2022-10-17 00:00:00+00:00,46.3939677505,47.4347694888,45.5464051314,46.7808144143,3044138,,,,,,,,,,,,,45.152766843634666,#000000,4.000456195305263,45.152766843634666,0.31026484137532845,6,0.21601024018057005,1.2960614410834204,0.0,0.0,0.0,0.0,52.502246673803306,10.642316208974286,False,False,False,False,False,1.287156830376798
2022-10-18 00:00:00+00:00,46.0992274352,47.729509804,45.2564543462,46.7900250491,3436312,,,,,,,,,,,,,45.14893375570068,#000000,3.9670755875507275,45.14893375570068,0.23954514062738816,6,0.21605326592007135,1.296319595520428,0.0,0.0,0.0,0.0,50.99515266333463,8.87711761963623,False,False,False,False,False,0.9657761489495229
2022-10-19 00:00:00+00:00,47.609771551,47.9321437708,45.8965934685,46.2558082277,3634770,,,,,,,,,,,,,45.16170163483843,"rgba(38, 166, 154, 0.5)",3.8700167433097827,45.16170163483843,0.6325734689374731,6,0.21646379345554959,1.2987827607332976,0.0,0.0,0.0,0.0,51.7389969943969,8.87711761963623,False,False,False,False,False,2.561672013490451
2022-10-20 00:00:00+00:00,46.1913337837,48.8388386656,46.1637018792,48.355832974,3901010,,,,,,,,,,,,,45.17462826602143,#000000,3.7310507079598914,45.17462826602143,0.27249844541365137,6,0.2182824932200066,1.3096949593200395,0.0,0.0,0.0,0.0,50.5611550105981,7.762003770705604,False,True,False,False,False,0.9920645247006945
2022-10-21 00:00:00+00:00,46.9742377462,47.0571334598,44.7922383497,45.9058041033,4074569,,,,,,,,,,,,,45.17420889935269,#000000,3.6856581063561076,45.17420889935269,0.48838736391285503,6,0.2198264733601644,1.3189588401609864,0.0,0.0,0.0,0.0,50.71121346763284,7.485015423953634,False,False,False,False,False,1.826076659637085
2022-10-24 00:00:00+00:00,45.7768552154,47.1952929826,45.5650106138,46.7900250491,3001056,,,,,,,,,,,,,45.17366106529724,#000000,3.629914008404888,45.17366106529724,0.16617312385530136,6,0.22305468343596246,1.3383281006157748,0.0,0.0,0.0,0.0,49.391002218513826,5.7901003330670875,False,True,False,False,False,0.4982862578912375
2022-10-25 00:00:00+00:00,46.918973937,47.3887163145,45.1689533151,45.740012676,3984804,,,,,,,,,,,,,45.179282460625735,#000000,3.5573167990675914,45.179282460625735,0.489045978932844,6,0.2264179788884028,1.3585078733304168,0.0,0.0,0.0,0.0,49.94107169228325,5.7901003330670875,False,True,False,False,False,1.730807832224798
2022-10-26 00:00:00+00:00,48.1531990072,49.1203156667,46.8729207628,47.0847653644,3797512,,,,,,,,,,,,,45.20911739741006,"rgba(38, 166, 154, 0.5)",3.4388946725932428,45.20911739741006,0.8561127600834113,6,0.22894885704482773,1.3736931422689664,0.0,0.0,0.0,0.0,51.734270582395546,5.7901003330670875,False,False,False,False,False,3.0434775635728037
2022-10-27 00:00:00+00:00,47.0202909204,49.3045283638,46.6426548915,49.0650518576,4313700,,,,,,,,,,,,,45.23502389447103,"rgba(38, 166, 154, 0.5)",3.319416130078636,45.23502389447103,0.5378256163039978,6,0.23337955581362194,1.4002773348817317,0.0,0.0,0.0,0.0,51.43423929603548,5.7901003330670875,False,False,False,False,False,1.7554722541195993
2022-10-28 00:00:00+00:00,46.1821231489,47.6189821858,45.1689533151,47.3334525054,2093043,,,,,,,,,,,,,45.236598747686855,#000000,3.151256398131384,45.236598747686855,0.30004680094384384,6,0.24197820620062935,1.451869237203776,0.0,0.0,0.0,0.0,50.185097709010684,5.289259931725489,False,True,False,False,False,0.8109263935133662
2022-10-31 00:00:00+00:00,46.6518655263,47.3795056797,45.2610596637,45.6202744229,3018269,,,,,,,,,,,,,45.24034753645261,#000000,3.0173105852812325,45.24034753645261,0.4678066609161573,6,0.2507732668095992,1.5046396008575953,0.0,0.0,0.0,0.0,49.993449074551094,4.778702250380448,False,True,False,False,False,1.3293809886279888
2022-11-01 00:00:00+00:00,47.2229248872,47.8446427397,47.0295015553,47.7018778995,2709787,,,,,,,,,,,,,45.25316881632813,"rgba(38, 166, 154, 0.5)",2.942199500015723,45.25316881632813,0.669484197404475,6,0.25800296414210916,1.548017784852655,0.0,0.0,0.0,0.0,50.65279501663282,4.778702250380448,False,True,False,False,False,1.9625386802201952
2022-11-02 00:00:00+00:00,45.9150147382,47.7571417086,45.8044871199,47.3426631402,3166072,,,,,,,,,,,,,45.25797678684889,#000000,2.903728125840285,45.25797678684889,0.22627392196401738,6,0.26526613962735973,1.5915968377641585,0.0,0.0,0.0,0.0,49.26306894000176,3.532137556142132,False,True,False,False,False,0.4471262353672607
2022-11-03 00:00:00+00:00,47.1123972689,47.3982953748,44.5334195103,45.4452723607,3233986,46.34803738466667,,,,,,,,,,,,45.325322529236814,"rgba(38, 166, 154, 0.5)",2.883369342901822,45.325322529236814,0.6197869669602131,6,0.2694387370544135,1.616632422326481,0.0,-1.0,44.53342,235.0,50.05119053153621,3.532137556142132,False,True,False,False,False,1.7936960578380727
2022-11-04 00:00:00+00:00,49.1940007455,50.1979599444,47.9920128973,49.1387369364,3487386,47.79041730373089,,,,,,,,,,,,45.44501083794995,"rgba(38, 166, 154, 1.0)",2.8649971214782948,45.44501083794995,1.308549275475581,6,0.2715771268466876,1.6294627610801258,0.0,0.0,0.0,0.0,53.08014385273914,3.532137556142132,False,False,True,False,True,4.066464074386857
2022-11-07 00:00:00+00:00,51.0821808902,51.2479723176,49.2768964592,49.6545324881,3191955,48.67435518605967,,,,,,,,,,,,45.54198174699333,"rgba(0, 255, 255, 0.75)",2.8569948829933476,45.54198174699333,1.9391701315901766,6,0.2698740432369518,1.619244259421711,0.0,0.0,0.0,0.0,56.92653444967535,2.656271662860874,True,False,True,False,True,6.047870903756902
2022-11-08 00:00:00+00:00,50.8242831144,51.1558659691,49.6361112184,50.6216491476,4517670,49.25801105076687,,,,,,,,,,,,45.6374695089184,"rgba(0, 255, 255, 0.75)",2.8899659440758136,45.6374695089184,1.794766341836701,5,0.27281185654514406,1.3640592827257203,0.0,0.0,0.0,0.0,59.06526110894971,4.592052107382209,True,False,True,False,True,5.733563751086862
2022-11-09 00:00:00+00:00,46.5597591778,50.3545407369,46.3985730679,49.1479475713,6872365,48.7782945783208,,,,,,,,,,,,45.6411807812701,#000000,2.8525248778476433,45.6411807812701,0.3220229221008595,5,0.2728656870384352,1.364328435192176,0.0,0.0,0.0,0.0,54.90952559441504,4.592052107382209,False,False,True,False,False,0.7752188037997598
2022-11-10 00:00:00+00:00,49.599268679,50.0874323262,47.0847653644,47.8031948829,3876023,48.80069655958783,,,,,,,,,,,,45.672790875883564,"rgba(38, 166, 154, 1.0)",2.8705895905705074,45.672790875883564,1.367829736446608,5,0.2709412782975221,1.3547063914876105,0.0,0.0,0.0,0.0,55.19495579052525,4.592052107382209,True,False,True,False,False,3.9488789709730696
2022-11-11 00:00:00+00:00,53.0440461138,53.2743119851,50.6769129567,50.787440575,6172747,49.49590742610161,,,,,,,,,,,,45.81872909388796,"rgba(0, 255, 0, 1.0)",2.965206102831132,45.81872909388796,2.4366997670122905,5,0.2656366135866561,1.3281830679332804,0.0,0.0,0.0,0.0,57.98460665777426,4.592052107382209,True,False,True,False,True,7.296631587135067
2022-11-14 00:00:00+00:00,51.2940254918,53.0164142092,51.2940254918,52.6111462757,3272877,49.72014057310974,,,,,,,,,,,,45.881119754364846,"rgba(0, 255, 255, 0.75)",3.0163878128237522,45.881119754364846,1.7944992730785276,5,0.2650881933514141,1.3254409667570703,0.0,0.0,0.0,0.0,57.94422279465893,4.592052107382209,True,False,True,False,True,5.334445698538733
2022-11-15 00:00:00+00:00,53.8637926156,54.4394572939,51.036127716,51.7269253299,4259281,50.09179909716484,,,,,53.11312587516666,,,,,,,46.37557084198752,"rgba(0, 255, 0, 1.0)",3.1255538329925203,46.37557084198752,2.3958063670408714,5,0.25970261895004143,1.298513094750207,0.0,0.0,0.0,0.0,59.694466982598385,4.592052107382209,True,False,True,False,True,7.73745745001208
2022-11-16 00:00:00+00:00,50.8427043841,53.2006269062,50.7598086704,52.8690440516,2979186,50.1992036803525,,,,,52.490788956606195,,,,,,,46.384543937425946,"rgba(38, 166, 154, 1.0)",3.1523660267691507,46.384543937425946,1.41422677722587,5,0.2574705411750819,1.2873527058754095,0.0,0.0,0.0,0.0,57.8991910480795,4.592052107382209,True,False,True,False,True,4.449890066967971
2022-11-17 00:00:00+00:00,50.1426961353,50.538753434,48.9084710651,49.8203239155,3193894,50.175393618175605,,,,,51.68637859872632,,,,,,,46.36416425920069,"rgba(38, 166, 154, 1.0)",3.145785533490512,46.36416425920069,1.2011409665002533,5,0.2556687285332722,1.278343642666361,0.0,0.0,0.0,0.0,56.07597663784224,4.592052107382209,True,False,True,False,False,3.710423717601266
2022-11-18 00:00:00+00:00,50.161117405,50.3176981975,47.1308185386,48.2637266255,4354508,50.089718361469174,,,,,50.955123623945326,,,,,,,46.34587754431562,"rgba(38, 166, 154, 1.0)",3.113063145733983,46.34587754431562,1.2255581342487802,5,0.25486950642399153,1.2743475321199575,0.0,0.0,0.0,0.0,54.876366432788586,4.592052107382209,True,False,True,False,False,3.72823654857784
2022-11-21 00:00:00+00:00,49.4334772517,49.8111132806,46.8268675885,48.8900497954,4813030,49.96552179964343,,,,,50.3990101139026,,,,,,,46.331358034940486,"rgba(38, 166, 154, 0.5)",3.104246554380778,46.331358034940486,0.9993147008190235,5,0.2555967988155343,1.2779839940776716,0.0,0.0,0.0,0.0,53.34782382166759,8.449752203372618,False,False,False,False,False,2.943260326354377
2022-11-22 00:00:00+00:00,51.4137637449,51.5611339026,50.0027865919,50.1703280399,2576936,50.01211562771402,,,,,50.467980447624,,,,,,,46.3638996519295,"rgba(0, 255, 255, 0.75)",3.1164548197977915,46.3638996519295,1.620387390470226,5,0.2555010052216778,1.277505026108389,0.0,0.0,0.0,0.0,54.16632093244381,8.449752203372618,False,False,True,False,False,4.88470072757702
2022-11-23 00:00:00+00:00,50.8334937492,51.2479723176,50.0413791519,50.3729620066,2442743,50.040792110870726,,,,,50.491756882924825,,,,,,,46.38953684604657,"rgba(38, 166, 154, 1.0)",3.1156829103360533,46.38953684604657,1.4263187336589767,5,0.2600715867144011,1.3003579335720055,0.0,0.0,0.0,0.0,54.07004024705502,8.449752203372618,False,False,True,False,False,4.246283828200664
2022-11-25 00:00:00+00:00,50.787440575,51.4961989268,50.5111215294,51.1006021599,998004,50.05554939235801,,,,,50.50889168614477,,,,,,,46.40100301311101,"rgba(38, 166, 154, 1.0)",3.123804855464514,46.40100301311101,1.4041970497022997,5,0.26658435137541353,1.3329217568770677,0.0,0.0,0.0,0.0,53.95190690530981,8.449752203372618,False,False,True,False,False,4.19502814129223
2022-11-28 00:00:00+00:00,49.599268679,50.4880949423,48.6874158287,49.0189986833,4258819,50.02491586574018,,,,,50.37813268226055,,,,,,,46.41973227356949,"rgba(38, 166, 154, 1.0)",3.1342477741357992,46.41973227356949,1.0144496014860214,5,0.269162629833912,1.34581314916956,0.0,0.0,0.0,0.0,52.466658125481814,6.817407849477718,False,False,False,False,False,2.869094144599785
2022-11-29 00:00:00+00:00,49.9400621686,51.6624508859,49.4518985214,50.4927002597,3391773,50.04122971682769,,,,,50.37541440911154,,,,,,,46.4478362499156,"rgba(38, 166, 154, 1.0)",3.1471476900487483,46.4478362499156,1.1096479296878197,5,0.2718547317740948,1.3592736588704741,0.0,0.0,0.0,0.0,51.88362297206689,6.033588258531765,False,False,False,False,False,3.22082332432376
2022-11-30 00:00:00+00:00,51.3584999358,52.1874570725,50.0874323262,51.1604712865,21331906,50.320929052716025,,,,,50.70192311927167,,,,,,,46.67960950999262,"rgba(38, 166, 154, 1.0)",3.1695635277880294,46.67960950999262,1.4761939253739054,5,0.2747850207588457,1.3739251037942286,0.0,0.0,0.0,0.0,53.13253044288206,6.033588258531765,False,False,False,False,False,4.677207797494351
2022-12-01 00:00:00+00:00,50.2071705793,52.6203569106,50.0690110565,51.7085040602,3144208,50.34287038597439,,,,,50.71627572391892,,,,,,,46.70721758320893,"rgba(38, 166, 154, 1.0)",3.1625151360067836,46.70721758320893,1.10669920793181,5,0.28232189303296024,1.4116094651648012,0.0,0.0,0.0,0.0,52.4495567928095,6.033588258531765,False,False,False,False,False,3.360355154342077
2022-12-02 00:00:00+00:00,51.1098127948,51.2111297782,49.7374282018,49.7374282018,2846272,50.35313122880024,,,,,50.71485931235316,,,,,,,46.728886282577854,"rgba(38, 166, 154, 1.0)",3.1619289418116034,46.728886282577854,1.3855233918419834,5,0.2888100331102267,1.4440501655511335,0.0,0.0,0.0,0.0,53.067857782006,6.033588258531765,False,False,False,False,False,4.29520514284307
2022-12-05 00:00:00+00:00,47.4439801236,52.4821973878,46.7623931446,52.0769294543,5769677,50.2698905637577,,,,,50.55673550636896,,,,,,,46.736853176895615,#000000,3.156102297654346,46.736853176895615,0.22405070559022447,5,0.30098623533258595,1.5049311766629296,0.0,0.0,0.0,0.0,49.36575678402661,3.132420842682876,False,True,False,False,False,0.22708600660062572
2022-12-06 00:00:00+00:00,46.6058123521,48.3742542437,46.2558082277,47.0571334598,3534844,50.161962737265945,,,,,50.380835026866805,,,,,,,46.721276864910294,#000000,3.147653727105223,46.721276864910294,-0.03668272396547242,5,0.31180446586477506,1.5590223293238754,0.0,0.0,0.0,0.0,46.141343845425205,0.1356513924576106,False,True,False,True,False,0.0
2022-12-07 00:00:00+00:00,46.0531742609,47.4071375842,45.6479063274,46.6610761612,2708414,50.06616905159379,,,,,50.231191950033676,,,,,,,46.70410545506251,#000000,3.1464800104407233,46.70410545506251,-0.2068759985770051,5,0.3188761536965867,1.5943807684829334,0.0,0.0,0.0,0.0,43.4924220937024,-2.2453941115557683,False,True,False,True,False,0.0
2022-12-08 00:00:00+00:00,44.5149982406,47.4716120282,44.2221000523,47.3702950448,2796622,49.9476380244155,,,,,50.052108701814284,,,,,,,46.6788080544164,"rgba(239, 83, 80, 0.5)",3.1674779435042706,46.6788080544164,-0.6831333484906656,5,0.32202872456860765,1.6101436228430384,0.0,0.0,0.0,0.0,40.40779959766674,-5.005333555199741,False,True,False,True,False,0.0
2022-12-09 00:00:00+00:00,43.0228753946,45.2242171242,42.9676115855,44.4799978282,2505260,49.809398298045636,,,,,49.84906885286786,,,,,,,46.49121197035378,"rgba(239, 83, 80, 1.0)",3.206677158886237,46.49121197035378,-1.0815983037589059,5,0.3224287419363404,1.612143709681702,0.0,0.0,0.0,0.0,37.215549058540304,-7.833501842102898,False,True,False,True,False,0.0
2022-12-12 00:00:00+00:00,44.8834236347,45.1597426803,43.0320860294,43.3913007887,3159715,49.660521723409566,,,,,49.635056962234216,,,,,,,46.47549349577426,#000000,3.2104144479760164,46.47549349577426,-0.4959078919165614,5,0.32605427969030254,1.6302713984515127,0.0,0.0,0.0,0.0,37.856673735601305,-7.833501842102898,False,True,False,True,False,0.0
2022-12-13 00:00:00+00:00,46.8913420325,47.5545077418,45.6479063274,46.9373952068,3444832,49.57485692770782,,,,,49.51533199511418,,,,,,,46.515343780653204,#000000,3.2066812921858996,46.515343780653204,0.1172546372983915,5,0.3323621403926117,1.6618107019630584,0.0,0.0,0.0,0.0,40.81575433576673,-7.833501842102898,False,True,False,True,True,0.0
2022-12-14 00:00:00+00:00,46.4308102899,47.5786213896,46.0050093981,47.1620770389,2423695,49.51696799470498,,,,,49.43604587922491,,,,,,,46.52480395295654,#000000,3.1893383816008,46.52480395295654,-0.02947121058047139,6,0.29890464758445084,1.7934278855067052,0.0,0.0,0.0,0.0,42.312983840031286,-13.158513310064485,False,True,False,True,True,0.0
2022-12-15 00:00:00+00:00,47.4305167315,47.4582863549,45.7226848937,45.7365697054,2617600,49.46118110842024,,,,,49.36105434414349,,,,,,,46.53204622522312,#000000,3.18713307044699,46.53204622522312,0.2819055516093875,6,0.3024068973920467,1.8144413843522802,0.0,0.0,0.0,0.0,44.54962193727387,-11.046732898272005,False,True,False,True,True,0.4593293371573921
2022-12-16 00:00:00+00:00,46.440066831,46.768674041,45.1395228028,46.0235224803,4300148,49.349219700774974,,,,,49.21237418692243,,,,,,,46.517968156240784,#000000,3.185324065524957,46.517968156240784,-0.024456326464209296,6,0.3028207696736603,1.8169246180419618,0.0,0.0,0.0,0.0,44.91430568337964,-10.64369188936135,False,True,False,True,True,0.0
2022-12-19 00:00:00+00:00,45.634747753,47.2546424501,45.3570515192,46.9121504285,2246678,49.293070004178176,,,,,49.13919255232273,,,,,,,46.509861854182695,#000000,3.1909503425586045,46.509861854182695,-0.27424873697062985,6,0.3033380252443989,1.8200281514663934,0.0,0.0,0.0,0.0,44.273893739871006,-10.64369188936135,False,True,False,True,True,0.0
2022-12-20 00:00:00+00:00,45.7921089522,46.4770929955,45.0053029564,45.4958996361,1911645,49.24212197009194,,,,,49.07324684731929,,,,,,,46.499881305777905,#000000,3.193783598844278,46.499881305777905,-0.22160936446477472,6,0.30309115731384706,1.8185469438830824,0.0,0.0,0.0,0.0,44.08121645004309,-10.64369188936135,False,True,False,True,True,0.0
2022-12-21 00:00:00+00:00,48.272861974,48.3098881385,46.3382448786,46.8195850172,2244161,49.21547083042644,,,,,49.041171347582264,,,,,,,46.508583790604575,"rgba(38, 166, 154, 0.5)",3.1953988993798803,46.508583790604575,0.552130810252771,6,0.3036015113147013,1.821609067888208,0.0,0.0,0.0,0.0,47.25840016794592,-7.913465451318288,False,True,False,False,True,1.4431685942162886
2022-12-22 00:00:00+00:00,46.0235224803,48.2589771623,44.8757113807,48.1062442338,2149941,49.17107838100682,,,,,48.9854281919677,,,,,,,46.503408695453544,#000000,3.1949229236870464,46.503408695453544,-0.150202751871002,7,0.34410936439383194,2.4087655507568235,0.0,0.0,0.0,0.0,46.70621556693648,-7.913465451318288,False,True,False,True,True,0.0
2022-12-23 00:00:00+00:00,48.0969876926,48.0969876926,46.5048626189,46.9214069696,2046878,49.147459385320985,,,,,48.95761769946759,,,,,,,46.5090551107264,#000000,3.193118286683479,46.5090551107264,0.4972983896324438,7,0.32924592997793883,2.304721509845572,0.0,0.0,0.0,0.0,48.72394112851005,-6.269108517797747,False,True,False,False,True,1.2159422404842317
2022-12-27 00:00:00+00:00,48.6523801602,48.7171759481,47.8553919692,48.5783278312,1057175,49.14188322056903,,,,,48.95211376753889,,,,,,,46.61017132898109,"rgba(38, 166, 154, 0.5)",3.1958998617684555,46.61017132898109,0.639009017663293,8,0.3594234887752544,2.875387910202035,0.0,0.0,0.0,0.0,50.65678578395817,-4.3191676827499705,False,False,False,False,True,1.8054077598800795
2022-12-28 00:00:00+00:00,45.8754178223,48.4765058788,45.1163814499,48.3931970087,2416805,49.09691327784845,,,,,48.89696590060454,,,,,,,46.53822926232018,#000000,3.193431121706383,46.53822926232018,-0.20755463786737646,8,0.3614134136056419,2.891307308845135,0.0,0.0,0.0,0.0,48.85013376193449,-4.3191676827499705,False,True,False,False,True,0.0
2022-12-29 00:00:00+00:00,46.7825588527,47.1296791449,45.1996903201,45.6440042941,1499619,49.06853155247209,,,,,48.862343579637106,,,,,,,46.52376887829227,#000000,3.194046847516834,46.52376887829227,0.0810225982154641,9,0.3491010508655477,3.1419094577899296,0.0,0.0,0.0,0.0,48.698400298739436,-4.3191676827499705,False,True,False,False,True,0.0
2022-12-30 00:00:00+00:00,46.9399200518,47.17133358,46.1716271383,46.3752710431,1920346,49.038173624664104,,,,,48.826101296535505,,,,,,,46.520333201487844,#000000,3.184959290536149,46.520333201487844,0.13174009839275685,9,0.3520374416368468,3.1683369747316212,0.0,0.0,0.0,0.0,48.78447296510169,-4.3191676827499705,False,False,False,False,True,0.0
2023-01-03 00:00:00+00:00,43.5057432939,47.1620770389,43.1539947311,46.3012187141,3347423,48.938840672722954,,,,,48.70296975653441,,,,,,,46.45435835759815,"rgba(239, 83, 80, 0.5)",3.2147453514688293,46.45435835759815,-0.9172157484731793,8,0.37413587774194634,2.9930870219355707,0.0,0.0,0.0,0.0,45.461250950547985,0.09695458678527302,False,True,False,True,False,0.0
2023-01-04 00:00:00+00:00,43.2373036013,43.9963399736,42.4042148999,42.6356284281,4768494,48.76163098018692,,,,,48.48381199908998,,,,,,,46.26520037683396,"rgba(239, 83, 80, 0.5)",3.242711177007026,46.26520037683396,-0.9337546917541588,9,0.4411010080396297,3.9699090723566672,-1.0,0.0,42.404217,274.0,43.019342011200806,-2.270834290451255,False,True,False,True,False,0.0
2023-01-05 00:00:00+00:00,43.6908741165,43.9685703503,42.7467069216,42.9596073675,2816011,48.6666357208304,,,,,48.368315093694946,,,,,,,46.22505114612947,"rgba(239, 83, 80, 0.5)",3.264207855805218,46.22505114612947,-0.7763528370666034,9,0.43799507721257597,3.9419556949131835,0.0,0.0,0.0,0.0,42.04102754832046,-3.2469787188021755,False,True,False,True,False,0.0
2023-01-06 00:00:00+00:00,44.5147062767,45.1441510733,44.0750205732,44.385114701,2176529,48.610693866812674,,,,,48.30202649867767,,,,,,,46.22191233667374,"rgba(239, 83, 80, 0.5)",3.271182535314054,46.22191233667374,-0.5218926310420156,9,0.4371312024129126,3.9341808217162133,0.0,0.0,0.0,0.0,42.57142075249738,-3.2469787188021755,False,True,False,True,False,0.0
2023-01-09 00:00:00+00:00,46.1808836795,46.6899934414,45.6069781296,45.9957528569,2089143,48.578917284870705,,,,,48.26665100577731,,,,,,,46.246628604758705,#000000,3.2546582190472555,46.246628604758705,-0.020200254783726987,9,0.4390202762196364,3.9511824859767275,0.0,0.0,0.0,0.0,45.11207840725572,-3.2469787188021755,False,True,False,True,True,0.0
2023-01-10 00:00:00+00:00,45.3570515192,46.8102359107,44.6535543936,46.4215537488,4304681,48.501602753221285,,,,,48.179150450031166,,,,,,,46.25713223484062,#000000,3.226556246493953,46.25713223484062,-0.2789601813446355,9,0.4406620170911425,3.9659581538202824,0.0,0.0,0.0,0.0,45.809693633439224,-3.2469787188021755,False,True,False,True,True,0.0
2023-01-11 00:00:00+00:00,45.3755646015,46.2827056319,44.755376346,46.2827056319,2097605,48.46366891072944,,,,,48.136424517084585,,,,,,,46.25627575518463,#000000,3.0971311995737927,46.25627575518463,-0.28436352770777906,9,0.4401645595718595,3.9614810361467354,0.0,0.0,0.0,0.0,46.30063282688138,-3.2469787188021755,False,True,False,True,True,0.0
2023-01-12 00:00:00+00:00,47.0880247099,47.6434171774,45.6902869998,45.8198785755,3783252,48.42709712333102,,,,,48.099646111348264,,,,,,,46.28592439987368,#000000,2.8524934856751325,46.28592439987368,0.2811926877499867,9,0.4409980703234459,3.968982632911013,0.0,0.0,0.0,0.0,48.913753470266826,-5.565294370618133,False,False,False,False,True,0.46756472654497827
2023-01-13 00:00:00+00:00,46.5418887834,47.0047158397,46.0883182682,46.7825588527,3351386,48.390991969776735,,,,,48.06245067032784,,,,,,,46.300038167983814,#000000,2.637203731486439,46.300038167983814,0.09170721720459044,10,0.42455978159310453,4.2455978159310455,0.0,0.0,0.0,0.0,49.86824329420928,-4.57083555116337,False,False,False,False,True,0.0
2023-01-17 00:00:00+00:00,46.2734490907,47.3117553089,45.9772397747,46.7825588527,3115621,48.358224164874926,,,,,48.028907869415676,,,,,,,46.30960673077468,#000000,2.534505171458704,46.30960673077468,-0.014266153599471271,10,0.4245086234081648,4.245086234081648,0.0,0.0,0.0,0.0,50.10670911509118,-4.201177889433275,False,False,False,False,True,0.0
2023-01-18 00:00:00+00:00,44.45916703,47.2083597445,44.4406539477,46.7085065237,3792641,48.29580793769776,,,,,47.96028577739959,,,,,,,46.29475716929176,"rgba(239, 83, 80, 0.5)",2.4737779845052272,46.29475716929176,-0.7420189486644214,10,0.4236320219305926,4.2363202193059255,0.0,0.0,0.0,0.0,47.79876815433014,-4.201177889433275,False,False,False,False,False,0.0
2023-01-19 00:00:00+00:00,45.7365697054,45.8198785755,43.8945180213,44.0889053849,3091261,48.243164058768784,,,,,47.90240725550089,,,,,,,46.279615232838964,#000000,2.406198650504457,46.279615232838964,-0.2256860743085838,10,0.42490014851270963,4.2490014851270965,0.0,0.0,0.0,0.0,48.18776365971025,-4.201177889433275,False,False,False,False,False,0.0
2023-01-20 00:00:00+00:00,46.440066831,46.6066845713,45.3477949781,45.9679832336,2985704,48.20957261190324,,,,,47.86786388753636,,,,,,,46.2801380630772,#000000,2.4049479964897786,46.2801380630772,0.06649988613318425,10,0.4256133312121119,4.256133312121119,0.0,0.0,0.0,0.0,49.43507144149254,-4.201177889433275,False,False,False,False,False,0.0
2023-01-23 00:00:00+00:00,47.5323386839,47.7174695064,46.5511453245,46.6251976535,3015103,48.19466997165643,,,,,47.85625625431764,,,,,,,46.29632521183754,"rgba(38, 166, 154, 0.5)",2.4024944724399853,46.29632521183754,0.514470891084781,10,0.4284796958496192,4.284796958496192,0.0,0.0,0.0,0.0,51.712551162993364,-2.4148087141848222,True,False,False,False,True,1.0733453615344324
2023-01-24 00:00:00+00:00,46.4770929955,47.6804433419,46.0790617271,46.5048626189,2628975,48.17496440269905,,,,,47.83785733102329,,,,,,,46.30277331898252,#000000,2.3843642668242744,46.30277331898252,0.0731094988055915,10,0.4288626687951334,4.288626687951334,0.0,0.0,0.0,0.0,51.589613571502525,-2.4148087141848222,True,False,False,False,True,0.0
2023-01-25 00:00:00+00:00,46.2827056319,46.291962173,44.903481004,46.1716271383,2674989,48.14290802192734,,,,,47.804510887447094,,,,,,,46.297693755507844,#000000,2.3485575712308675,46.297693755507844,-0.006381842110852598,10,0.42942476214369973,4.294247621436997,0.0,0.0,0.0,0.0,51.20947390534833,-2.4148087141848222,True,False,False,False,True,0.0
2023-01-26 00:00:00+00:00,47.7359825887,47.7730087532,45.560695424,46.9028938873,2566442,48.128436949801916,,,,,47.79228083939094,,,,,,,46.306132443301664,"rgba(38, 166, 154, 0.5)",2.3102020400067986,46.306132443301664,0.618928613444617,10,0.4293204664151903,4.293204664151903,0.0,0.0,0.0,0.0,53.02601640731854,-0.8098034288815938,True,False,True,False,True,1.3213066805182017
2023-01-27 00:00:00+00:00,47.5045690605,48.5690712901,47.3009251558,47.8933437878,1709201,48.12556175554803,,,,,47.792273008306175,47.791521835466675,,,,,,46.44164919086039,#000000,2.3016859624205575,46.44164919086039,0.46180056141186165,11,0.4355256551001117,4.790782206101229,0.0,0.0,0.0,0.0,53.83136298191472,0.07427394265712195,True,False,True,False,True,1.0403441111951466
2023-01-30 00:00:00+00:00,45.3477949781,46.7918153938,45.3200253547,46.4308102899,2791367,48.093869062621515,,,,,47.759588756293695,46.568658425437015,,,,,,46.37443366338897,#000000,2.31292206596268,46.37443366338897,-0.44387085081557504,11,0.4348976803115485,4.7838744834270335,0.0,0.0,0.0,0.0,51.03301686125471,0.07427394265712195,True,False,False,False,False,0.0
2023-01-31 00:00:00+00:00,45.5699519651,46.217909844,44.7738894283,45.1441510733,2622908,48.061056498419376,,,,,47.72526018249927,46.18275083456181,,,,,,46.346440502312674,#000000,2.322693204829921,46.346440502312674,-0.3343052520229548,12,0.42790362482757227,5.134843497930867,0.0,0.0,0.0,0.0,49.53191194225023,3.433325742147318,False,False,False,False,False,0.0
2023-02-01 00:00:00+00:00,43.9685703503,45.1996903201,42.5615760991,44.9127375452,3527337,47.99107290028153,,,,,47.64818201927146,45.4300430334273,,,,,,46.27571553604869,"rgba(239, 83, 80, 0.5)",2.3495678761864007,46.27571553604869,-0.9819444712078025,12,0.4257408836204499,5.108890603445398,0.0,0.0,0.0,0.0,46.404695819542184,0.5070654404676063,False,False,False,True,False,0.0
2023-02-02 00:00:00+00:00,43.3761517182,44.4684235711,42.6078588047,44.1629577139,3480312,47.917330196070765,,,,,47.56680248379228,44.95079362281295,,,,,,46.21532618585525,"rgba(239, 83, 80, 1.0)",2.3884113081385583,46.21532618585525,-1.188729285437858,12,0.42275386764670747,5.073046411760489,0.0,0.0,0.0,0.0,43.612644509810366,-2.026716984987033,False,True,False,True,False,0.0
2023-02-03 00:00:00+00:00,42.9410942852,44.0611357615,42.6263718869,43.1632512723,3583947,47.83932152454076,,,,,47.48084082939559,44.598518324088445,,,,,,46.158573069293496,"rgba(239, 83, 80, 1.0)",2.439366644094689,46.158573069293496,-1.3189812166541215,12,0.42013741482760997,5.041648977931319,0.0,0.0,0.0,0.0,41.23230436715872,-4.1504709045919626,False,True,False,True,False,0.0
2023-02-06 00:00:00+00:00,41.6359219864,43.3020993892,41.2749168825,43.0058900731,4416639,47.72388915738809,,,,,47.35243798523599,44.09411869133472,,,,,,46.07021332697759,"rgba(255, 0, 0, 1.0)",2.5216327369564877,46.07021332697759,-1.758500068463421,12,0.41373621551046397,4.964834586125567,0.0,0.0,0.0,0.0,38.19841291270736,-6.881609436507972,False,True,False,True,False,0.0
2023-02-07 00:00:00+00:00,43.6723610342,43.7973243394,41.3489692115,41.969157467,3602486,47.64705094267567,,,,,47.268628303627814,43.932492818934186,,,,,,46.024032673190625,"rgba(239, 83, 80, 0.5)",2.5542078168482076,46.024032673190625,-0.9207048946755219,12,0.41304948363350813,4.956593803602098,0.0,0.0,0.0,0.0,40.01337412014432,-6.881609436507972,False,True,False,True,False,0.0
2023-02-08 00:00:00+00:00,43.3483820948,44.2092404196,43.0429162376,43.4502040472,3774309,47.57898038483763,,,,,47.19575743835095,43.88146097633832,,,,,,45.99078632245083,"rgba(239, 83, 80, 1.0)",2.5897549469308694,45.99078632245083,-1.0203298311225757,12,0.41046745965935333,4.92560951591224,0.0,0.0,0.0,0.0,40.80394483339521,-6.881609436507972,False,True,False,True,True,0.0
2023-02-09 00:00:00+00:00,42.4504976055,43.5612825407,42.2005709951,43.5149998351,2951261,47.51713416990631,,,,,47.12876669587989,43.777446863874694,,,,,,45.954869740634145,"rgba(239, 83, 80, 1.0)",2.6455270323573257,45.954869740634145,-1.3246404562388987,12,0.4066676808216289,4.880012169859547,0.0,0.0,0.0,0.0,40.18958772336013,-6.881609436507972,False,True,False,True,True,0.0
2023-02-10 00:00:00+00:00,45.2089468612,45.4496169305,43.2835863069,43.5057432939,3656252,47.472426292517675,,,,,47.08341882283408,43.86551601337037,,,,,,45.94476266296258,#000000,2.6500881740103868,45.94476266296258,-0.27765710174430597,12,0.40635281726722533,4.876233807206704,0.0,0.0,0.0,0.0,44.143554363966814,-11.199766133087103,False,True,False,True,True,0.0
2023-02-13 00:00:00+00:00,44.7831459694,45.1348945322,43.9222876446,44.533219359,2627482,47.44077291729699,,,,,47.05140091533861,43.916238428644675,,,,,,45.93686899268616,#000000,2.6630982463932775,45.93686899268616,-0.4332258582080778,12,0.4060089501277053,4.872107401532464,0.0,0.0,0.0,0.0,46.16990544118151,-9.303852509958816,False,False,False,True,True,0.0
2023-02-14 00:00:00+00:00,45.1163814499,45.3848211426,43.8389787745,44.1537011728,2482307,47.41323043977781,,,,,47.0239212245683,43.96825127129001,,,,,,45.93109518897309,#000000,2.6689363719694565,45.93109518897309,-0.30525783515472116,11,0.4228316038723543,4.651147642595897,0.0,0.0,0.0,0.0,48.007951721095985,-7.557509486732215,True,False,False,False,True,0.0
2023-02-15 00:00:00+00:00,43.9315441858,44.2277535018,43.1632512723,44.0703923027,2576742,47.37454331343209,,,,,46.9836148983885,43.95683495192178,,,,,,45.914161345923475,"rgba(239, 83, 80, 0.5)",2.692251094894153,45.914161345923475,-0.7364161403382853,11,0.42405610603544325,4.664617166389876,0.0,0.0,0.0,0.0,47.45881853080454,-7.557509486732215,True,False,False,False,True,0.0
2023-02-16 00:00:00+00:00,43.2465601424,44.2138686901,43.1077120255,43.5057432939,1950459,47.34379432361732,,,,,46.951424849691584,43.9383282814591,,,,,,45.89964732515684,"rgba(239, 83, 80, 0.5)",2.7247473647878837,45.89964732515684,-0.9737002472386571,11,0.43452764115404907,4.77980405269454,0.0,0.0,0.0,0.0,46.142720916901766,-7.557509486732215,False,False,False,True,True,0.0
2023-02-17 00:00:00+00:00,40.3029800642,42.2098275363,40.0345403716,42.0339532549,4319265,47.23097486879118,,,,,46.82827175924283,43.6718509386277,,,,,,45.8234107331627,"rgba(255, 0, 0, 1.0)",2.8295910673866147,45.8234107331627,-1.9509641278523415,11,0.4485468766626331,4.934015643288964,0.0,0.0,0.0,0.0,41.999659090111074,-2.4131567426759943,False,True,False,True,False,0.0
2023-02-21 00:00:00+00:00,39.627252562,40.506623969,39.3217867048,39.8864357135,3195379,47.1369260518234,,,,,46.72515529431589,43.44070235015558,,,,,,45.757600865635695,"rgba(255, 26, 202, 1.0)",2.9487185304670533,45.757600865635695,-2.0789872754198395,11,0.45533844855422506,5.008722934096475,0.0,0.0,0.0,0.0,38.633038349216115,-5.5558850259427786,False,True,False,True,False,0.0
2023-02-22 00:00:00+00:00,40.5436501335,40.8398594496,39.3217867048,39.5624567741,2838931,47.05999147310514,,,,,46.641427587511586,43.27850235953901,,,,,,45.70604663809851,"rgba(255, 0, 0, 1.0)",3.032752516347374,45.70604663809851,-1.7022148944801028,11,0.45319277429107496,4.985120517201825,0.0,0.0,0.0,0.0,38.07508446974508,-6.0732806705727995,False,True,False,True,False,0.0
2023-02-23 00:00:00+00:00,41.3489692115,42.1728013718,40.4892216717,41.3211995881,2567758,47.00286685509718,,,,,46.5802460449737,43.19353651799927,,,,,,45.67139146348629,"rgba(239, 83, 80, 1.0)",3.093441748946534,45.67139146348629,-1.3972858074532297,11,0.4515244871726223,4.966769358898845,0.0,0.0,0.0,0.0,39.1111251289579,-6.0732806705727995,False,True,False,True,False,0.0
2023-02-24 00:00:00+00:00,42.1728013718,42.4967803112,40.5436501335,40.8953986963,2531460,46.951560315481665,,,,,46.52580104698411,43.133325221651,,,,,,45.64187996423779,"rgba(239, 83, 80, 1.0)",3.1193700073775092,45.64187996423779,-1.112108722028229,11,0.451031879579897,4.961350675378867,0.0,0.0,0.0,0.0,41.176426642969915,-6.0732806705727995,False,True,False,True,True,0.0
2023-02-27 00:00:00+00:00,42.5245499346,42.9775650573,42.0061836315,42.1728013718,3074526,46.89952431798844,,,,,46.47160609360199,43.10316560450313,,,,,,45.61533890424839,"rgba(239, 83, 80, 0.5)",3.1054391294803088,45.61533890424839,-0.995282419258247,10,0.41392351929010107,4.139235192901011,0.0,0.0,0.0,0.0,43.134492906515426,-6.0732806705727995,False,True,False,True,True,0.0
2023-02-28 00:00:00+00:00,39.5902263975,43.3020993892,39.5439436919,43.1539947311,7423137,46.73233423273647,,,,,46.29332996729436,42.865980841120695,,,,,,45.51266766404326,"rgba(255, 0, 0, 1.0)",3.1582382466750247,45.51266766404326,-1.8752357497976535,10,0.4027279422896791,4.027279422896791,0.0,0.0,0.0,0.0,40.89023792745634,-6.0732806705727995,False,True,False,True,True,0.0
2023-03-01 00:00:00+00:00,41.8488224323,41.9922988198,39.2755039992,39.553200233,5076303,46.62737241876903,,,,,46.18252846916471,42.745181538401084,,,,,,45.45058360229441,"rgba(239, 83, 80, 1.0)",3.198017907488098,45.45058360229441,-1.1262479680182391,10,0.4009340539156012,4.009340539156012,0.0,0.0,0.0,0.0,42.80321149089182,-6.0732806705727995,False,True,False,True,True,0.0
2023-03-02 00:00:00+00:00,42.5245499346,42.774476545,41.6359219864,41.9413878436,3157977,46.578437640477034,,,,,46.13240642200956,42.72805465745361,,,,,,45.426115648335276,"rgba(239, 83, 80, 0.5)",3.1995035871999407,45.426115648335276,-0.9068799689249891,10,0.4026710111807505,4.026710111807505,0.0,0.0,0.0,0.0,44.972723777237945,-10.851596320898778,False,False,False,True,True,0.0
2023-03-03 00:00:00+00:00,42.6633980514,43.2697014952,41.4322780816,41.4878173284,3043655,46.53386417797066,,,,,46.087080558284676,42.71804396770733,,,,,,45.404445566216715,"rgba(239, 83, 80, 0.5)",3.1169558044188737,45.404445566216715,-0.8793989029073691,10,0.40460081290731076,4.046008129073107,0.0,0.0,0.0,0.0,46.60886311542474,-9.209060877527818,True,False,False,False,True,0.0
2023-03-06 00:00:00+00:00,40.7380374972,42.1728013718,40.4695978045,42.1728013718,5262288,46.43466047434813,,,,,45.98357926261657,42.62315310472007,,,,,,45.34707765691776,"rgba(239, 83, 80, 1.0)",3.10960819388764,45.34707765691776,-1.4821932128869042,10,0.39927631660029195,3.9927631660029195,0.0,0.0,0.0,0.0,45.267416219017925,-9.209060877527818,False,False,False,True,True,0.0
2023-03-07 00:00:00+00:00,39.6365091031,40.3770323932,39.1551689646,40.1271057828,4994504,46.31978591978737,,,,,45.86199908757607,42.467795005145724,,,,,,45.27438588647748,"rgba(255, 0, 0, 1.0)",3.043383870389586,45.27438588647748,-1.85250268236973,10,0.390658642352318,3.90658642352318,0.0,0.0,0.0,0.0,43.17652535967118,-9.209060877527818,False,True,False,True,False,0.0
2023-03-08 00:00:00+00:00,38.4979545446,40.0900796183,37.9795882415,39.4606348217,4572068,46.204646841740455,,,,,45.73962567995009,42.29895844515866,,,,,,45.19918459028229,"rgba(255, 26, 202, 1.0)",3.0892452843266285,45.19918459028229,-2.169212681065233,10,0.3793757486462823,3.793757486462823,0.0,0.0,0.0,0.0,40.645749436871206,-3.579033355653749,False,True,False,True,False,0.0
2023-03-09 00:00:00+00:00,37.5075046441,39.849409549,37.4010544211,38.9792946832,4750700,46.079196741156515,,,,,45.60616639344149,42.111530713850485,,,,,,45.11604831754466,"rgba(255, 26, 202, 1.0)",3.172234809657205,45.11604831754466,-2.398480607514311,10,0.36746649798512254,3.6746649798512254,0.0,0.0,0.0,0.0,38.042516184462954,-6.10137787545677,False,True,False,True,False,0.0
2023-03-10 00:00:00+00:00,36.2671281331,37.8777662891,35.8089293474,37.433452315,4645395,45.93596878326996,,,,,45.45275295496041,41.87493050020574,,,,,,45.017477092519556,"rgba(255, 26, 202, 1.0)",3.2859544971406933,45.017477092519556,-2.662955000452307,10,0.35206380380573077,3.5206380380573075,0.0,0.0,0.0,0.0,35.25453622631278,-8.763523048898577,False,True,False,True,False,0.0
2023-03-13 00:00:00+00:00,34.8138511763,36.4152327911,34.0733278862,34.9064165875,4326521,45.784800143747965,,,,,45.290173176033704,41.61215236857278,,,,,,44.910957533675415,"rgba(255, 26, 202, 1.0)",3.4534091209866764,44.910957533675415,-2.923808330734519,10,0.33473439741152944,3.3473439741152946,0.0,0.0,0.0,0.0,32.30504835785362,-11.54600001462724,False,True,False,True,False,0.0
2023-03-14 00:00:00+00:00,34.4713591546,35.7713739159,33.6512781582,34.7322940171,3812245,45.649352471938016,,,,,45.14468508921068,41.38143105185455,,,,,,44.81537634552205,"rgba(255, 26, 202, 1.0)",3.5724712523542466,44.81537634552205,-2.895479476316394,10,0.319137138263924,3.1913713826392396,0.0,0.0,0.0,0.0,30.09411301149492,-13.627515167102068,False,True,False,True,False,0.0
2023-03-15 00:00:00+00:00,31.0792059423,32.6168578105,30.0634237991,32.6168578105,7393153,45.31810791409236,,,,,44.78644861471627,40.771353718511506,,,,,,43.88712297861308,"rgba(255, 26, 202, 1.0)",3.829846398619443,43.88712297861308,-3.3442377848182083,9,0.32050974234449847,2.884587681100486,0.0,0.0,0.0,0.0,26.631383704235798,-16.88620778137588,False,True,False,True,False,0.0
2023-03-16 00:00:00+00:00,32.7100488328,32.877792673,30.2591249459,30.2964013549,5105840,45.108988397557646,,,,,44.56181747698443,40.419005986589006,,,,,,43.75415273771839,"rgba(255, 26, 202, 1.0)",3.9875805453892545,43.75415273771839,-2.7696252851088943,9,0.3054481331122859,2.749033198010573,0.0,0.0,0.0,0.0,27.25237967977811,-16.88620778137588,False,True,False,True,False,0.0
2023-03-17 00:00:00+00:00,31.7595004052,32.6261769128,31.2376306803,32.3000083347,6803454,44.838776507840116,,,,,44.272739260521035,39.98726711658286,,,,,,43.57103935931103,"rgba(255, 26, 202, 1.0)",4.18542858467226,43.57103935931103,-2.822061997991523,9,0.290896627767576,2.6180696499081844,0.0,0.0,0.0,0.0,27.043551494388417,-16.88620778137588,False,True,False,True,False,0.0
2023-03-20 00:00:00+00:00,31.9831588588,32.8311971619,31.4799273383,31.6663093829,3440788,44.70856334311768,,,,,44.13404697769549,39.79069029130164,,,,,,43.48396041870012,"rgba(255, 26, 202, 1.0)",4.346568044350871,43.48396041870012,-2.64594996386803,9,0.2787339919480252,2.5086059275322263,0.0,0.0,0.0,0.0,27.312506283844485,-16.88620778137588,False,True,False,True,False,0.0
2023-03-21 00:00:00+00:00,33.4183006024,33.8468861141,32.8218780596,33.1107702288,2620099,44.62094280325633,,,,,44.041409105051024,39.67098977249521,,,,,,43.43273361295487,"rgba(255, 26, 202, 1.0)",4.41116447451767,43.43273361295487,-2.270247021711852,9,0.2704806681961117,2.4343260137650056,0.0,0.0,0.0,0.0,30.02621468012731,-16.88620778137588,False,True,False,True,True,0.0
2023-03-22 00:00:00+00:00,32.0856689833,33.7351500783,32.0483925744,33.4742152158,2286753,44.540619112681505,,,,,43.95634203148448,39.55828074775314,,,,,,43.38055808062813,"rgba(255, 26, 202, 1.0)",4.529938875832944,43.38055808062813,-2.493386645366439,8,0.28226042923510203,2.2580834338808162,0.0,0.0,0.0,0.0,30.68690244946778,-16.88620778137588,False,True,False,True,True,0.0
2023-03-23 00:00:00+00:00,31.8526914275,32.9476859397,31.5358419517,31.8433723253,5203338,44.354128683700964,,,,,43.758904753463995,39.296840023654106,,,,,,43.25315804937057,"rgba(255, 26, 202, 1.0)",4.620055069287786,43.25315804937057,-2.4676040546910687,8,0.27328285509113337,2.186262840729067,0.0,0.0,0.0,0.0,30.93162552744825,-16.88620778137588,False,True,False,True,True,0.0
2023-03-24 00:00:00+00:00,31.6663093829,31.8247341208,30.6551867908,30.8462283865,2796889,44.25034015433412,,,,,43.64899165757985,39.15023483458862,,,,,,43.1787908445873,"rgba(255, 26, 202, 1.0)",4.768881011308293,43.1787908445873,-2.4140844433711224,8,0.264932106786656,2.119456854293248,0.0,0.0,0.0,0.0,30.928373390648552,-16.88620778137588,False,True,False,True,True,0.0
2023-03-27 00:00:00+00:00,32.6448151172,32.877792673,31.4053745204,32.1602218012,2950461,44.150398549974256,,,,,43.543745724514864,39.01912493815078,,,,,,43.111722821923564,"rgba(255, 26, 202, 1.0)",4.886447527709958,43.111722821923564,-2.1420280572682016,8,0.2586504213284082,2.0692033706272657,0.0,0.0,0.0,0.0,32.86130694191772,-16.88620778137588,False,True,False,True,True,0.0
2023-03-28 00:00:00+00:00,32.4863903793,33.0362174109,32.1415835967,32.5329858904,3013174,44.0521244886608,,,,,43.440564384170145,38.895026691643736,,,,,,43.04680244297661,"rgba(255, 26, 202, 1.0)",5.004351300815113,43.04680244297661,-2.110245949751075,8,0.2529364406594732,2.0234915252757855,0.0,0.0,0.0,0.0,33.96939860683328,-20.754351014326637,False,True,False,True,True,0.0
2023-03-29 00:00:00+00:00,32.7380061395,33.3344286824,32.5330790815,33.0548556154,2083261,43.98697550224786,,,,,43.372375866437835,38.816086586274196,,,,,,43.00463005065849,"rgba(255, 26, 202, 1.0)",5.119260119975771,43.00463005065849,-2.005489791600408,8,0.24772753328094632,1.9818202662475706,0.0,0.0,0.0,0.0,35.24237446768171,-19.319111328968027,False,True,False,True,True,0.0
2023-03-30 00:00:00+00:00,32.7939207529,33.3810241935,32.5516240949,33.3064713757,3266384,43.88670663090337,,,,,43.267618861444795,38.69720644889183,,,,,,42.93964391020852,"rgba(255, 0, 0, 1.0)",5.23212901502671,42.93964391020852,-1.9391194537003829,8,0.24323572725272918,1.9458858180218335,0.0,0.0,0.0,0.0,36.217562196091336,-18.185798094331307,False,True,False,True,True,0.0
2023-03-31 00:00:00+00:00,33.6233208515,33.7443759895,33.0268983087,33.2132803533,3293524,43.79245418284052,,,,,43.16965072962934,38.59314480046344,,,,,,42.88076673329149,"rgba(255, 0, 0, 1.0)",5.311157254325333,42.88076673329149,-1.7430185999957646,8,0.24041294068186356,1.9233035254549085,0.0,0.0,0.0,0.0,38.73394307078785,-15.646990682912282,False,True,False,True,True,0.0
2023-04-03 00:00:00+00:00,37.6305348111,38.1058090249,35.6642042403,36.2140312719,11937168,43.58111187177003,,,,,42.95865039130944,38.495004144258765,,,,,,42.425466013798356,"rgba(239, 83, 80, 0.5)",5.301570968981276,42.425466013798356,-0.9044359173446522,8,0.24104096860354873,1.9283277488283899,0.0,0.0,0.0,0.0,46.5012951999381,-8.389651309753361,True,False,False,False,True,0.0
2023-04-04 00:00:00+00:00,36.4749661344,37.826235958,35.8851601542,37.6212157089,4290155,43.50383219132291,,,,,42.8813552287436,38.45333136318577,,,,,,42.38492442135529,"rgba(239, 83, 80, 1.0)",5.308506242602014,42.38492442135529,-1.1132996773228745,8,0.2411171873944768,1.9289374991558144,0.0,0.0,0.0,0.0,49.74756587607061,-5.632219089689997,True,False,True,False,True,0.0
2023-04-05 00:00:00+00:00,36.698624588,36.7079436902,35.6735233425,36.4936043389,4240265,43.425080004585936,,,,,42.80235354777443,38.405628033972505,,,,,,42.33861304947013,"rgba(239, 83, 80, 1.0)",5.295482562001402,42.33861304947013,-1.0650565638608251,8,0.23980785998957332,1.9184628799165866,0.0,0.0,0.0,0.0,52.19623170721006,-3.577641423255727,True,False,True,False,True,0.0
2023-04-06 00:00:00+00:00,36.419051521,36.6799863835,36.0928829429,36.5029234411,2694473,43.37619224540678,,,,,42.75342377305307,38.37696071214083,,,,,,42.310956522172944,"rgba(239, 83, 80, 1.0)",5.296007428812616,42.310956522172944,-1.1125182659522685,8,0.23949333004805026,1.915946640384402,0.0,0.0,0.0,0.0,53.33164792413767,-2.6501301962710713,True,False,True,False,True,0.0
2023-04-10 00:00:00+00:00,36.6799863835,37.4534718687,36.3724560099,36.6240717701,3790394,43.31280521947856,,,,,42.690501710416115,38.3466135761023,,,,,,42.28042368690826,"rgba(239, 83, 80, 1.0)",5.299803915434697,42.28042368690826,-1.056725379423571,8,0.24147876431281678,1.9318301145025343,0.0,0.0,0.0,0.0,54.475039355660975,-1.5802393459348565,True,False,True,False,True,0.0
2023-04-11 00:00:00+00:00,36.6333908723,37.0807077795,36.2047121697,37.0807077795,2392510,43.272233922272314,,,,,42.65016470276662,38.32566411728997,,,,,,42.25911603678994,"rgba(239, 83, 80, 1.0)",5.299572088861442,42.25911603678994,-1.0615432850350321,8,0.24248395942304302,1.9398716753843441,0.0,0.0,0.0,0.0,55.14074623394722,-0.8528479249524992,True,False,True,False,True,0.0
2023-04-12 00:00:00+00:00,35.8226289782,36.6520290768,35.7667143648,36.4936043389,2631102,43.224468820599064,,,,,42.60235219259621,38.29576524928619,,,,,,42.22984140154791,"rgba(239, 83, 80, 1.0)",5.268081149371879,42.22984140154791,-1.216232674037652,8,0.24517526146508728,1.9614020917206982,0.0,0.0,0.0,0.0,53.90954094414391,-0.8528479249524992,True,False,True,False,True,0.0
2023-04-13 00:00:00+00:00,36.0462874317,36.3072222942,35.5616941157,35.8505862849,2392726,43.18092601910279,,,,,42.558756865228325,38.26795737896343,,,,,,42.20272264146524,"rgba(239, 83, 80, 1.0)",5.26486416615965,42.20272264146524,-1.169343598517933,8,0.24601648032113407,1.9681318425690726,0.0,0.0,0.0,0.0,53.51424905824493,-0.8528479249524992,True,False,True,False,True,0.0
2023-04-14 00:00:00+00:00,35.9251391027,36.6054335656,35.5616941157,36.2606267831,2485233,43.13661564685679,,,,,42.514479211525135,38.24049481710102,,,,,,42.17564390793247,"rgba(239, 83, 80, 1.0)",5.2256823131485985,42.17564390793247,-1.1961126663795199,8,0.24653678329089446,1.9722942663271557,0.0,0.0,0.0,0.0,52.979654378900136,-0.8528479249524992,True,False,True,False,True,0.0
2023-04-17 00:00:00+00:00,35.1982491287,35.6735233425,34.7416131193,34.9000378573,2859114,43.08046442458246,,,,,42.457879862646294,38.198216618729425,,,,,,42.13632811650672,"rgba(239, 83, 80, 1.0)",5.1790417155301025,42.13632811650672,-1.3396453183610957,8,0.24684249478377196,1.9747399582701757,0.0,0.0,0.0,0.0,51.02455469832925,-0.8528479249524992,True,False,False,False,False,0.0
2023-04-18 00:00:00+00:00,35.4871412979,35.5477154624,34.5849590108,35.0957390041,1986870,43.041919916177676,,,,,42.41907243490575,38.169543785246496,,,,,,42.10965843283987,"rgba(239, 83, 80, 1.0)",5.172274872276874,42.10965843283987,-1.28038770144182,8,0.24704617182521654,1.9763693746017323,0.0,0.0,0.0,0.0,50.40556052247648,-0.8528479249524992,True,False,False,False,False,0.0
2023-04-19 00:00:00+00:00,35.3380356621,35.4964604001,34.6204647903,34.890718755,2254870,42.99832734162307,,,,,42.3751988664531,38.13707077724267,,,,,,42.079518663477344,"rgba(239, 83, 80, 1.0)",5.149077993673075,42.079518663477344,-1.3092602228323087,8,0.24864693446138472,1.9891754756910778,0.0,0.0,0.0,0.0,49.639440549956305,-0.8528479249524992,True,False,False,False,False,0.0
2023-04-20 00:00:00+00:00,34.7975277327,34.890718755,34.4247636435,34.6763794037,2314405,42.951559595547785,,,,,42.32795972100922,38.09957287880884,,,,,,42.045612946153476,"rgba(239, 83, 80, 1.0)",5.125450871620619,42.045612946153476,-1.4141361208992922,8,0.24975137649529233,1.9980110119623387,0.0,0.0,0.0,0.0,47.85887884670747,2.5494119647164766,True,False,False,False,False,0.0
2023-04-21 00:00:00+00:00,34.4899973591,35.1050581064,34.2244029455,35.1050581064,1805186,42.91501780894079,,,,,42.29104840023126,38.07006254385892,,,,,,42.01905851324863,"rgba(239, 83, 80, 1.0)",5.148931627403903,42.01905851324863,-1.462256968819916,8,0.25086869728993766,2.0069495783195013,0.0,0.0,0.0,0.0,45.97459574936022,0.5947390619219064,True,False,False,True,False,0.0
2023-04-24 00:00:00+00:00,35.2634828443,35.4405457867,34.1684883321,34.4620400524,2027995,42.87606393505849,,,,,42.251874928332406,38.04079915894987,,,,,,41.99208002142641,"rgba(239, 83, 80, 1.0)",5.161979885186769,41.99208002142641,-1.303491553005724,8,0.2517991874630726,2.014393499704581,0.0,0.0,0.0,0.0,46.94436206194992,0.5947390619219064,True,False,False,True,False,0.0
2023-04-25 00:00:00+00:00,33.3903432957,34.6763794037,33.3251095801,34.5552310747,2938638,42.812118341837945,,,,,42.18693650202296,37.98376483974445,,,,,,41.94267867059345,"rgba(255, 0, 0, 1.0)",5.194566011741019,41.94267867059345,-1.6464003644506653,8,0.2520347913048255,2.016278330438604,0.0,0.0,0.0,0.0,43.75583516313063,-1.6473237039668476,False,False,False,True,False,0.0
2023-04-26 00:00:00+00:00,32.2161364146,33.4648961136,31.9272442454,33.3344286824,3381057,42.72951280434637,,,,,42.102397047968374,37.90080597794068,,,,,,41.874028845968716,"rgba(255, 0, 0, 1.0)",5.233986119757808,41.874028845968716,-1.8452269857787882,8,0.25279260851877794,2.0223408681502235,0.0,0.0,0.0,0.0,39.890421638516344,-5.267543435405983,False,False,False,True,False,0.0
2023-04-27 00:00:00+00:00,32.1881791079,32.7380061395,31.8200745697,32.3279656413,2018180,42.679462673734044,,,,,42.051142373969505,37.849892175174546,,,,,,41.832327575785186,"rgba(255, 0, 0, 1.0)",5.242735552067913,41.832327575785186,-1.839526020739537,8,0.25289475238319653,2.0231580190655722,0.0,0.0,0.0,0.0,37.27441993062881,-7.629772503655637,False,True,False,True,False,0.0
2023-04-28 00:00:00+00:00,33.6233208515,34.2477007011,32.0017970632,32.2254555168,2703266,42.619790822372785,,,,,41.99052958195493,37.79554030114699,,,,,,41.786247936305145,"rgba(255, 0, 0, 1.0)",5.235629945222116,41.786247936305145,-1.5591107794496435,8,0.2550107996317556,2.040086397054045,0.0,0.0,0.0,0.0,39.39577369726983,-7.629772503655637,False,True,False,True,False,0.0
2023-05-01 00:00:00+00:00,33.5021725225,33.6792354649,32.8964308775,32.9337072864,1551918,42.586123746046944,,,,,41.95638025677334,37.76538357652297,,,,,,41.760560057879054,"rgba(255, 0, 0, 1.0)",5.225174028468681,41.760560057879054,-1.580499996820069,8,0.25462151277094847,2.0369721021675877,0.0,0.0,0.0,0.0,40.583122856176004,-7.629772503655637,False,False,False,True,True,0.0
2023-05-02 00:00:00+00:00,31.6476711784,32.8871117752,31.0931845957,32.7473252418,2779094,42.516847940101115,,,,,41.88546264029269,37.69455354722425,,,,,,41.70317169931407,"rgba(255, 0, 0, 1.0)",5.207096782629984,41.70317169931407,-1.931114580865399,8,0.252676055637249,2.021408445097992,0.0,0.0,0.0,0.0,38.39614481072058,-7.629772503655637,False,True,False,True,True,0.0
2023-05-03 00:00:00+00:00,30.6971227508,31.4892464405,30.5573362173,31.0419295334,2763432,42.442701350689546,,,,,41.809248287381045,37.61443036689799,,,,,,41.63975709203247,"rgba(255, 26, 202, 1.0)",5.2107084155441505,41.63975709203247,-2.100028147533513,8,0.24996881862512324,1.999750549000986,0.0,0.0,0.0,0.0,35.7477347741645,-8.608744998409989,False,True,False,True,False,0.0
2023-05-04 00:00:00+00:00,30.464145195,31.4799273383,30.1659339236,31.0885250445,3048045,42.36053111479609,,,,,41.72479695230049,37.52550522756024,,,,,,41.56971777589553,"rgba(255, 26, 202, 1.0)",5.2159350377823674,41.56971777589553,-2.129162365031531,8,0.24674745310168583,1.9739796248134867,0.0,0.0,0.0,0.0,33.70277561913831,-10.544583199975825,False,True,False,True,False,0.0
2023-05-05 00:00:00+00:00,32.3279656413,32.4863903793,31.549820605,31.6756284851,2662955,42.29829706496247,,,,,41.66141811501896,37.46543078678147,,,,,,41.520502885543976,"rgba(255, 0, 0, 1.0)",5.213310099175643,41.520502885543976,-1.7632822658482477,8,0.24463025362504592,1.9570420290003674,0.0,0.0,0.0,0.0,36.91393300343397,-10.544583199975825,False,True,False,True,True,0.0
2023-05-08 00:00:00+00:00,32.5889005038,33.5767253404,32.4025184592,33.3810241935,2534015,42.243999442655415,,,,,41.606464897182676,37.417182319712495,,,,,,41.4796510332168,"rgba(255, 0, 0, 1.0)",5.178390635954373,41.4796510332168,-1.7168945246592509,8,0.2433439947614051,1.946751958091241,0.0,0.0,0.0,0.0,39.60529031627326,-16.517800552718583,False,False,False,True,True,0.0
2023-05-09 00:00:00+00:00,32.4118375614,33.0082601043,31.7967768141,32.234774619,3189406,42.17330303697165,,,,,41.534755582713096,37.352015016191025,,,,,,41.42527046556077,"rgba(255, 0, 0, 1.0)",5.124457746242822,41.42527046556077,-1.758904717434599,8,0.24298630455928116,1.9438904364742493,0.0,0.0,0.0,0.0,41.08018630334151,-15.125497809787902,False,False,False,True,True,0.0
2023-05-10 00:00:00+00:00,31.8806487342,33.8957182098,31.6383520762,33.3064713757,5240167,42.060099197006664,,,,,41.42016781642932,37.249927941093745,,,,,,41.33919009236778,"rgba(255, 0, 0, 1.0)",5.043582426012851,41.33919009236778,-1.8753617090471792,8,0.24224834872799222,1.9379867898239378,0.0,0.0,0.0,0.0,41.099783187954685,-14.992510304178886,False,False,False,True,True,0.0
2023-05-11 00:00:00+00:00,30.9953340222,31.6942666896,30.4548260928,31.0512486356,3483649,41.9753355060547,,,,,41.33371576575475,37.16486900507247,,,,,,41.27064848037877,"rgba(255, 26, 202, 1.0)",4.99434198209405,41.27064848037877,-2.0573910427075894,7,0.25388997250785045,1.777229807554953,0.0,0.0,0.0,0.0,39.639485506035044,-14.992510304178886,False,False,False,True,True,0.0
2023-05-12 00:00:00+00:00,30.6412081374,31.228311578,30.058764248,30.9487385111,2497157,41.91314906961195,,,,,41.27021886072959,37.10137192549704,,,,,,41.21988677368464,"rgba(255, 26, 202, 1.0)",4.946949158493783,41.21988677368464,-2.1384247740087097,7,0.25270015522485606,1.7689010865739925,0.0,0.0,0.0,0.0,38.113446936440624,-14.992510304178886,False,True,False,True,True,0.0
2023-05-15 00:00:00+00:00,31.1630778624,31.7035857918,30.7064418531,31.0698868401,2840029,41.84664893919729,,,,,41.20259271235113,37.03664683386289,,,,,,41.16706219977975,"rgba(255, 26, 202, 1.0)",4.84092540242521,41.16706219977975,-2.0665437918890355,7,0.2516353561054865,1.7614474927384054,0.0,0.0,0.0,0.0,38.57205780928438,-14.992510304178886,False,False,False,True,True,0.0
2023-05-16 00:00:00+00:00,29.8956799589,31.2702475381,29.8863608567,30.8555474888,2702452,41.779201695577505,,,,,41.13374911408484,36.96769397456933,,,,,,40.435809925960584,"rgba(255, 26, 202, 1.0)",4.75185692504406,40.435809925960584,-2.2181076015799555,7,0.2500053777686617,1.750037644380632,0.0,0.0,0.0,0.0,36.84954118248989,-14.992510304178886,False,True,False,True,False,0.0
2023-05-17 00:00:00+00:00,30.8555474888,31.0885250445,29.8956799589,30.3243586616,3408063,41.69719192701703,,,,,41.050249239049755,36.88610930588791,,,,,,40.379091218674645,"rgba(255, 26, 202, 1.0)",4.69335011445802,40.379091218674645,-2.029156891691727,6,0.24197578900262448,1.4518547340157468,0.0,0.0,0.0,0.0,38.22658975057868,-14.992510304178886,False,False,False,True,False,0.0
2023-05-18 00:00:00+00:00,31.5451610539,31.5637992584,30.1178473561,30.501421604,2841416,41.63254687162321,,,,,40.98467852981388,36.82457062821828,,,,,,40.33900129828389,"rgba(255, 0, 0, 1.0)",4.6095429566374095,40.33900129828389,-1.9077466740431162,6,0.24186591898054524,1.4511955138832715,0.0,0.0,0.0,0.0,40.76746362392555,-14.513840101109494,False,False,False,True,True,0.0
2023-05-19 00:00:00+00:00,32.1695409034,32.4724117259,31.6663093829,31.9831588588,3838954,41.554823648206465,,,,,40.90648742848882,36.757958849179495,,,,,,40.304235460801486,"rgba(255, 0, 0, 1.0)",4.548939241991464,40.304235460801486,-1.788261861646723,5,0.23732212179385487,1.1866106089692743,0.0,0.0,0.0,0.0,43.83173318300491,-11.53121284199193,True,False,False,True,True,0.0
2023-05-22 00:00:00+00:00,32.8032398552,33.1433870866,31.9878184099,32.1788600056,3244698,41.49382455573477,,,,,40.8454691270854,36.70949370617215,,,,,,40.27726430562973,"rgba(255, 0, 0, 1.0)",4.488537707935453,40.27726430562973,-1.6651357160743294,5,0.23979603253187073,1.1989801626593537,0.0,0.0,0.0,0.0,47.177857715571335,-8.371657339196261,True,False,False,False,True,0.0
2023-05-23 00:00:00+00:00,33.6699163627,34.1079141676,32.7473252418,32.8591544685,4110360,41.42516524971535,,,,,40.77745850098777,36.662414737513,,,,,,40.253665953462416,"rgba(239, 83, 80, 1.0)",4.425051011164969,40.253665953462416,-1.4878358631687576,4,0.2721930000686496,1.0887720002745984,0.0,0.0,0.0,0.0,51.02596368553288,-4.8196354969954385,True,False,True,False,True,0.0
2023-05-24 00:00:00+00:00,33.7817455895,34.5925074836,33.0362174109,34.0147231453,3442671,41.370671038304906,,,,,40.723731795685936,36.6276268603659,,,,,,40.23316278035235,"rgba(239, 83, 80, 1.0)",4.382247864583917,40.23316278035235,-1.472170764915165,4,0.2743852582625881,1.0975410330503523,0.0,0.0,0.0,0.0,53.79376057789234,-2.3257245682073133,True,False,True,False,True,0.0
2023-05-25 00:00:00+00:00,32.0577116766,33.1760039444,31.913265592,33.0362174109,2234845,41.32914500695678,,,,,40.68222350996676,36.594355663296476,,,,,,40.204857545262186,"rgba(255, 0, 0, 1.0)",4.307765875712622,40.204857545262186,-1.8912694198624305,4,0.27611093267398873,1.104443730695955,0.0,0.0,0.0,0.0,51.69063684850041,-2.3257245682073133,True,False,True,False,True,0.0
2023-05-26 00:00:00+00:00,32.0949880856,32.6820915261,31.6569902807,32.5329858904,1984482,41.291620423712864,,,,,40.644664599104836,36.56360352455687,,,,,,40.177941682774026,"rgba(255, 0, 0, 1.0)",4.234024157308461,40.177941682774026,-1.909047586141384,3,0.1930962416042088,0.5792887248126264,0.0,0.0,0.0,0.0,50.371282825922606,-2.3257245682073133,True,False,False,False,False,0.0
2023-05-30 00:00:00+00:00,30.9673767155,31.5824374628,30.4083237727,31.4240127249,3451068,41.21891509260597,,,,,40.57133285157569,36.49736512141228,,,,,,40.11664664870331,"rgba(255, 26, 202, 1.0)",4.189449156359733,40.11664664870331,-2.183883749803812,3,0.1924783179228153,0.5774349537684459,0.0,0.0,0.0,0.0,47.329641194379754,3.839780724041937,True,False,False,False,False,0.0
2023-05-31 00:00:00+00:00,30.8182710798,30.8741856932,30.2777631504,30.2777631504,4748831,41.117363943932304,,,,,40.46882163949016,36.40345366989943,,,,,,40.03032650224924,"rgba(255, 26, 202, 1.0)",4.062808441836089,40.03032650224924,-2.2674107219995023,3,0.1920529986986703,0.5761589960960108,0.0,0.0,0.0,0.0,45.03539802520553,1.6426270334390267,True,False,False,True,False,0.0
2023-06-01 00:00:00+00:00,31.7688195075,32.2813701302,30.864866591,30.8928238977,2816983,41.06360853569485,,,,,40.41499190086151,36.35843359325645,,,,,,39.99041786307087,"rgba(255, 26, 202, 1.0)",3.9248877075315787,39.99041786307087,-2.0947346696809204,3,0.192419122465613,0.577257367396839,0.0,0.0,0.0,0.0,45.88117069646569,1.6426270334390267,True,False,False,True,False,0.0
2023-06-02 00:00:00+00:00,33.1666848422,33.4695556647,32.2627319257,32.756644344,3182994,41.01205290799113,,,,,40.3640368163435,36.322603841000976,,,,,,39.95990601410103,"rgba(255, 0, 0, 1.0)",3.7496538146876963,39.95990601410103,-1.8116928942323784,3,0.1941350643931122,0.5824051931793366,0.0,0.0,0.0,0.0,49.27905662509285,1.6426270334390267,True,False,False,False,True,0.0
2023-06-05 00:00:00+00:00,33.5674062381,35.2075682309,33.5114916248,35.0398243907,5896100,40.93142897745891,,,,,40.28559706722184,36.279864258236074,,,,,,39.923578176074145,"rgba(255, 0, 0, 1.0)",3.6002300526669964,39.923578176074145,-1.7654904950492232,3,0.19566362094104672,0.5869908628231402,0.0,0.0,0.0,0.0,52.25662885199871,-4.48617325083783,True,False,True,False,True,0.0
2023-06-06 00:00:00+00:00,33.9774467363,34.3315726211,32.7473252418,32.9243881842,4161442,40.87230123156255,,,,,40.22781631202032,36.24519349784985,,,,,,39.89154735059399,"rgba(255, 0, 0, 1.0)",3.4613716753375297,39.89154735059399,-1.7086002801814926,3,0.19742376778715554,0.5922713033614666,0.0,0.0,0.0,0.0,54.96483989372293,-1.894124040720655,True,False,True,False,True,0.0
2023-06-07 00:00:00+00:00,35.5710132179,35.813309876,34.1079141676,34.2663389055,4308437,40.824480384136734,,,,,40.182332384163225,36.23043970299908,,,,,,39.87635561465967,"rgba(239, 83, 80, 1.0)",3.399249569083712,39.87635561465967,-1.266556723553605,2,0.2268840311407087,0.4537680622814174,0.0,0.0,0.0,0.0,59.168971983248746,2.0695225453521005,True,False,True,False,True,0.0
2023-06-08 00:00:00+00:00,35.4219075822,36.1366827234,34.9745906751,35.5710132179,5357972,40.7696943277864,,,,,40.13072898363007,36.21843470472734,,,,,,39.86077825569696,"rgba(239, 83, 80, 1.0)",3.349064845364329,39.86077825569696,-1.3254060098720106,2,0.23036152742843774,0.4607230548568755,0.0,0.0,0.0,0.0,61.55835487835404,4.28999330618668,True,False,True,False,True,0.0
2023-06-09 00:00:00+00:00,35.1516536175,36.0649256362,34.9606120218,35.2728019465,2783480,40.74104413857087,,,,,40.103691202878544,36.21133495993227,,,,,,39.85102108428452,"rgba(239, 83, 80, 1.0)",3.2749969605000935,39.85102108428452,-1.4349226956433327,2,0.2338538457587159,0.4677076915174318,0.0,0.0,0.0,0.0,62.3707967432542,5.119330521661823,True,False,True,False,True,0.0
2023-06-12 00:00:00+00:00,35.049143493,35.654885138,34.1917860877,34.2756580077,4113135,40.69592586016364,,,,,40.06072634546296,36.195707557445445,,,,,,39.831241357494484,"rgba(255, 0, 0, 1.0)",3.1747859537291867,39.831241357494484,-1.5062741029445794,2,0.23622214526961205,0.4724442905392241,0.0,0.0,0.0,0.0,62.60282959367919,5.545189800828247,True,False,True,False,True,0.0
2023-06-13 00:00:00+00:00,35.5896514224,36.8850066326,35.5523750135,35.6828424447,4796740,40.653613794494845,,,,,40.021598892548674,36.19301633107938,,,,,,39.464539913597974,"rgba(239, 83, 80, 1.0)",3.0442082175778675,39.464539913597974,-1.2728723576868328,2,0.23979591390155552,0.47959182780311105,0.0,0.0,0.0,0.0,63.71336222217852,6.893825280046713,True,False,True,False,True,0.0
2023-06-14 00:00:00+00:00,34.648422097,36.1234227123,34.3571799373,36.1234227123,4524124,40.60624492465374,,,,,39.976662348149766,36.17759086068505,,,,,,39.420483539529116,"rgba(255, 0, 0, 1.0)",2.887536677064146,39.420483539529116,-1.652640979570527,2,0.2441494462882995,0.488298892576599,0.0,0.0,0.0,0.0,61.60824630697336,6.893825280046713,True,False,True,False,True,0.0
2023-06-15 00:00:00+00:00,35.2684860499,36.0294736285,34.8926897148,34.9866387986,3660847,40.57089748235524,,,,,39.94345574408235,36.169208145628374,,,,,,39.40468886129751,"rgba(239, 83, 80, 1.0)",2.820210544845109,39.40468886129751,-1.4666290851787016,2,0.25018492699319117,0.5003698539863823,0.0,0.0,0.0,0.0,61.422869942089655,6.893825280046713,True,False,True,False,True,0.0
2023-06-16 00:00:00+00:00,35.6067027515,35.8697601861,34.9866387986,35.7476263772,43287897,40.19334487155757,,,,,39.591602317522764,36.092429276275276,,,,,,39.238607122143996,"rgba(239, 83, 80, 1.0)",2.677241222763114,39.238607122143996,-1.356584658776319,2,0.2556306297510511,0.5112612595021022,0.0,0.0,0.0,0.0,61.93471966023477,6.893825280046713,True,False,True,False,True,0.0
2023-06-20 00:00:00+00:00,34.0095683273,35.1839318745,33.2156985694,34.8175304478,7655570,40.11481450191899,,,,,39.516467835871346,36.05421817131327,,,,,,39.18021006766428,"rgba(255, 26, 202, 1.0)",2.4857298128386094,39.18021006766428,-2.0801302352565814,2,0.26107988385085557,0.5221597677017111,0.0,0.0,0.0,0.0,58.02194558256497,6.893825280046713,True,False,True,False,False,0.0
2023-06-21 00:00:00+00:00,34.5544730132,35.4751740342,34.0471479608,34.1598868614,3974870,40.078555224999796,,,,,39.48221435442119,36.040542805980884,,,,,,39.156972450878165,"rgba(255, 26, 202, 1.0)",2.2667205805144675,39.156972450878165,-2.0304661621034708,1,0.22506241521992051,0.22506241521992051,0.0,0.0,0.0,0.0,56.58706899425528,12.423471709403898,True,False,True,False,False,0.0
2023-06-22 00:00:00+00:00,33.2767654739,33.8498548849,33.1358418482,33.8498548849,3672420,40.037676560371196,,,,,39.442710328037,36.016463108170136,,,,,,39.12361795472957,"rgba(255, 26, 202, 1.0)",2.1171558108429664,39.12361795472957,-2.761654315135921,1,0.23215370822821452,0.23215370822821452,0.0,0.0,0.0,0.0,52.86897302920013,8.785386443376915,True,False,False,False,False,0.0
2023-06-23 00:00:00+00:00,32.8539945969,33.2673705655,32.4124339031,32.609726979,4959918,39.978517605952895,,,,,39.385139218073796,35.97756985898543,,,,,,38.59259748634731,"rgba(255, 26, 202, 1.0)",2.0021553304559183,38.59259748634731,-2.8662126270395554,0,,,0.0,0.0,0.0,0.0,49.585328414780065,5.666597048534285,False,False,False,False,False,0.0
2023-06-26 00:00:00+00:00,33.6807465341,34.0847275943,32.8352047801,32.8915742304,2189861,39.95519947243453,,,,,39.36268332496605,35.96440973506518,,,,,,38.58578177604465,"rgba(255, 26, 202, 1.0)",1.9189577519104242,38.58578177604465,-2.556093398649044,0,,,0.0,0.0,0.0,0.0,49.34502692786457,5.391879348186244,False,False,False,False,False,0.0
2023-06-27 00:00:00+00:00,33.9250141519,34.1598868614,33.0606825812,33.5210330917,2824237,39.92621793303307,,,,,39.33486999159925,35.948897762703275,,,,,,38.574304356070044,"rgba(255, 26, 202, 1.0)",1.8629252648132408,38.574304356070044,-2.4956933549538483,0,,,0.0,0.0,0.0,0.0,49.73486031614405,5.391879348186244,False,False,False,False,False,0.0
2023-06-28 00:00:00+00:00,34.1317021362,34.2350461284,33.2767654739,34.0189632357,2882116,39.897701647804055,,,,,39.30759768307254,35.9344469061902,,,,,,38.56169644981808,"rgba(255, 26, 202, 1.0)",1.8362480602483637,38.56169644981808,-2.4125249793423325,0,,,0.0,0.0,0.0,0.0,50.47573739099902,5.391879348186244,True,False,False,False,False,0.0
2023-06-29 00:00:00+00:00,35.2778809583,35.2872758667,34.150491953,34.1786766781,2638820,39.87623141820279,,,,,39.287532975762126,35.92790293468241,,,,,,38.56317856639515,"rgba(255, 0, 0, 1.0)",1.8415930594956818,38.56317856639515,-1.7839433044968276,0,,,0.0,0.0,0.0,0.0,53.387976961081215,5.391879348186244,True,False,True,False,True,0.0
2023-06-30 00:00:00+00:00,35.766416194,36.2258272136,35.2590911416,35.6067027515,3464842,39.85306521369918,,,,,39.266491631853626,35.926433712276484,,,,,,38.57428138675748,"rgba(255, 0, 0, 1.0)",1.857006707629949,38.57428138675748,-1.5120382609393388,0,,,0.0,0.0,0.0,0.0,56.22843530026907,0.5785645656935188,True,False,True,False,True,0.0
2023-07-03 00:00:00+00:00,35.2778809583,36.1703972542,35.2778809583,35.9073398196,1589164,39.842077063942334,,,,,39.256448111203554,35.92510571657747,,,,,,38.575841441399376,"rgba(255, 0, 0, 1.0)",1.8463367268634607,38.575841441399376,-1.786218318205649,0,,,0.0,0.0,0.0,0.0,56.722896664706454,1.1627941419121797,True,False,True,False,True,0.0
2023-07-05 00:00:00+00:00,35.6254925683,35.8509703694,35.2309064164,35.841575461,2101851,39.82760918606657,,,,,39.24322559761879,35.92333346466142,,,,,,38.57653527599674,"rgba(255, 0, 0, 1.0)",1.858959738151854,38.57653527599674,-1.587469941995957,0,,,0.0,0.0,0.0,0.0,57.76288433930692,2.332902505221668,True,False,True,False,True,0.0
2023-07-06 00:00:00+00:00,35.0242184321,35.4000147672,34.075332686,35.0805878824,3010603,39.80350390916485,,,,,39.22068987843216,35.91561472304073,,,,,,38.5662956364763,"rgba(255, 0, 0, 1.0)",1.853647280717947,38.5662956364763,-1.9108690424665882,0,,,0.0,0.0,0.0,0.0,56.71090853873346,2.332902505221668,True,False,True,False,True,0.0
2023-07-07 00:00:00+00:00,35.6348874767,36.4522445055,34.92087444,35.0148235237,4067015,39.77672363332132,,,,,39.19634218847917,35.91328138251503,,,,,,38.56482866643886,"rgba(255, 0, 0, 1.0)",1.857570579471031,38.56482866643886,-1.5772973700806585,0,,,0.0,0.0,0.0,0.0,57.35691184217694,2.332902505221668,True,False,True,False,True,0.0
2023-07-10 00:00:00+00:00,35.6724671102,35.8227856442,34.9302693483,35.3624351337,2688730,39.75838076138523,,,,,39.17955219674473,35.91055434877674,,,,,,38.5606142301197,"rgba(255, 0, 0, 1.0)",1.8713682675994137,38.5606142301197,-1.5433344520822732,0,,,0.0,0.0,0.0,0.0,57.870165094742745,3.0297640352963953,True,False,True,False,True,0.0
2023-07-11 00:00:00+00:00,37.4574997019,37.5796335109,35.81808819,36.0388685369,2627295,39.74673454279885,,,,,39.16977305467381,35.91684892443316,,,,,,38.56984938463243,"rgba(239, 83, 80, 0.5)",1.9105207169985978,38.56984938463243,-0.582223303225895,0,,,0.0,0.0,0.0,0.0,61.47890349967628,6.636603857977846,True,False,True,False,True,2.9956050361431537
2023-07-12 00:00:00+00:00,36.762276482,38.0493789297,36.6401426731,37.5702386025,4567559,39.72814027526054,,,,,39.1544808665172,35.92968109157166,,,,,,38.5857812239349,"rgba(239, 83, 80, 0.5)",1.9273663330491944,38.5857812239349,-0.9461121690602661,0,,,0.0,0.0,0.0,0.0,61.76255122245976,7.029804134012608,True,False,True,False,True,1.64768795451862
2023-07-13 00:00:00+00:00,37.3917353433,37.9366400292,36.7340917569,36.762276482,3038565,39.71688257561392,,,,,39.14545583607945,35.93946961395686,,,,,,38.59647231330164,"rgba(239, 83, 80, 0.5)",1.9528046158776842,38.59647231330164,-0.6169265272143848,0,,,0.0,0.0,0.0,0.0,63.01270710074295,8.383323714653557,True,False,True,False,True,2.800462735792596
2023-07-14 00:00:00+00:00,35.9355245448,37.0723084585,35.8791550945,37.0159390082,3065204,39.70059445297202,,,,,39.13111708771365,35.941921716645545,,,,,,38.595599059249224,"rgba(239, 83, 80, 1.0)",1.9605070567105682,38.595599059249224,-1.35682985957338,0,,,0.0,0.0,0.0,0.0,59.981323813495315,8.383323714653557,True,False,True,False,False,0.017396964313505237
2023-07-17 00:00:00+00:00,36.9407797412,37.260206626,35.6254925683,35.6254925683,3313586,39.68476352497909,,,,,39.11747200731791,35.94684818471223,,,,,,38.5972303139382,"rgba(239, 83, 80, 0.5)",1.982207687056018,38.5972303139382,-0.8356594435360947,0,,,0.0,0.0,0.0,0.0,59.78014467597903,8.383323714653557,True,False,True,False,False,1.8603744357963983
2023-07-18 00:00:00+00:00,38.3875956313,38.7399046955,36.8656204741,36.9219899244,4254095,39.67374578610701,,,,,39.10974856458645,35.96611532721436,,,,,,38.615783394347986,#000000,2.038883719140221,38.615783394347986,-0.11191798772330616,0,,,0.0,0.0,0.0,0.0,61.78459046483007,8.383323714653557,True,False,True,False,False,4.408511134872416
2023-07-19 00:00:00+00:00,38.951290134,39.2472297479,38.3124363643,38.5754937989,2883589,39.6700579482704,,,,,39.1084792474107,35.98428154128946,,,,,,38.634127109107034,#000000,2.108052870436875,38.634127109107034,0.15045306943712183,0,,,0.0,0.0,0.0,0.0,63.843735950273135,9.219328237228979,True,False,True,False,True,5.37290123450585
2023-07-20 00:00:00+00:00,39.4867999115,39.5149846367,38.7117199704,39.2895068356,3703939,39.667624862006804,,,,,39.10924786778965,36.01051307116147,,,,,,38.66018028080111,#000000,2.1937380455936513,38.66018028080111,0.37680872260899323,1,0.11208712478701588,0.11208712478701588,0.0,0.0,0.0,0.0,65.88003057182723,11.190687672099806,True,False,True,False,True,6.282945394924237
2023-07-21 00:00:00+00:00,39.646513354,39.7874369796,38.9888697675,39.7404624377,3010865,39.666744134097534,,,,,39.11100249443992,36.033066053995356,,,,,,38.681933822619165,#000000,2.2471928412713438,38.681933822619165,0.4292375419081197,1,0.11482096365377939,0.11482096365377939,0.0,0.0,0.0,0.0,67.43764138449475,12.703663229062968,True,False,True,False,True,6.55519836566873
2023-07-24 00:00:00+00:00,39.6934878958,40.369921299,39.6300722643,39.7404624377,2283463,39.66753968363509,,,,,39.113860491698716,36.05205680771149,,,,,,38.7002620212937,#000000,2.3189688365483665,38.7002620212937,0.42830496850688415,1,0.11474178287094576,0.11474178287094576,0.0,0.0,0.0,0.0,68.53908020385894,13.813818168003003,True,False,True,False,True,6.636486559121579
2023-07-25 00:00:00+00:00,39.9941249639,40.4544754744,39.5525642702,39.646513354,1799046,39.66844004694275,,,,,39.116390275446335,36.06728342239094,,,,,,38.71470064172938,"rgba(38, 166, 154, 0.5)",2.3943009231733483,38.71470064172938,0.5343623726607021,1,0.11656764297536544,0.11656764297536544,0.0,0.0,0.0,0.0,69.69519626656022,15.0109013650695,True,False,True,False,True,7.162636904720518
2023-07-26 00:00:00+00:00,40.4920551079,40.6564660046,39.2313523527,39.2425322937,2373038,39.67006906928988,,,,,39.12017857169042,36.087828326402835,,,,,,38.7338988412048,"rgba(38, 166, 154, 0.5)",2.485581875661659,38.7338988412048,0.7073419242032344,1,0.1188795384668387,0.1188795384668387,0.0,0.0,0.0,0.0,71.14750333954981,16.500751550327223,True,False,True,False,True,8.033684142650564
2023-07-27 00:00:00+00:00,40.3229467571,41.2906223201,40.1914180399,40.9148259849,3136849,39.67442685313448,,,,,39.127485927410746,36.11782597771352,,,,,,38.76206951910033,"rgba(38, 166, 154, 0.5)",2.5643677960004823,38.76206951910033,0.6086791607795468,1,0.12172296287892068,0.12172296287892068,0.0,0.0,0.0,0.0,71.46001926413092,16.942372525524505,True,False,True,False,True,7.665835321814523
2023-07-28 00:00:00+00:00,42.3898266002,42.7468331186,40.5719118292,41.8073422808,5374365,39.69214446490406,,,,,39.15074344006848,36.1829534064639,,,,,,38.82504278910209,"rgba(38, 166, 154, 1.0)",2.711471557710378,38.82504278910209,1.3147044825017775,1,0.11967433187034998,0.11967433187034998,0.0,0.0,0.0,0.0,74.11696992452576,19.59305710322009,True,False,True,False,True,11.19132068880537
2023-07-31 00:00:00+00:00,43.3011327129,43.4326614302,42.1079793489,42.7468331186,3573047,39.70926014753239,,,,,39.17177763754988,36.23320554131352,,,,,,38.87377108162571,"rgba(0, 255, 255, 0.75)",2.8900993511661444,38.87377108162571,1.5319063787505656,1,0.11554421888180968,0.11554421888180968,0.0,0.0,0.0,0.0,76.66429242965677,22.049415531640847,True,False,True,False,True,12.659822385690966
2023-08-01 00:00:00+00:00,44.024540658,44.1654642836,42.4274062338,42.5495400427,4943836,39.73692255962456,,,,,39.20500291164807,36.30754012449962,,,,,,38.94497202781655,"rgba(0, 255, 255, 0.75)",3.082210723479852,38.94497202781655,1.6480276937225629,1,0.11024030641561482,0.11024030641561482,0.0,0.0,0.0,0.0,78.90938393924179,24.17243760932321,True,False,True,False,True,13.800687126292072
2023-08-02 00:00:00+00:00,43.8366424904,44.1184897417,42.8783618359,43.5547952391,3658288,39.757518937766434,,,,,39.229668185641856,36.362117179406205,,,,,,38.99587948180065,"rgba(38, 166, 154, 1.0)",3.2530110262976693,38.99587948180065,1.4880868738120272,1,0.10546007358202711,0.10546007358202711,0.0,0.0,0.0,0.0,79.70962054438397,24.952799234379995,True,False,True,False,True,13.372045616709688
2023-08-03 00:00:00+00:00,45.3868023727,45.9974714173,43.752088315,44.1184897417,3476114,39.7840966757919,,,,,39.26043950220033,36.42333834865921,,,,,,39.05406843238877,"rgba(0, 255, 255, 0.75)",3.4721310202471534,39.05406843238877,1.8238752810256718,0,,,0.0,0.0,0.0,0.0,81.39718257279824,26.618062949533893,True,False,True,False,True,15.778540158526997
2023-08-04 00:00:00+00:00,45.0110060376,45.9317070586,44.8231078701,45.4713565481,3871384,39.81455182017664,,,,,39.29555796146281,36.49214751151163,,,,,,39.11846627672335,"rgba(0, 255, 255, 0.75)",3.65898330762764,39.11846627672335,1.6104308944489738,0,,,0.0,0.0,0.0,0.0,81.19205252143819,26.618062949533893,True,False,True,False,True,14.910049133190643
2023-08-07 00:00:00+00:00,45.6592547157,45.8189681581,44.8794773203,45.2552736554,1778127,39.828929662286356,,,,,39.312079771342255,36.524097003065194,,,,,,39.14806954940568,"rgba(0, 255, 255, 0.75)",3.855501664308007,39.14806954940568,1.6888036196615048,0,,,0.0,0.0,0.0,0.0,81.58058069979973,27.06879407146974,True,False,True,False,True,15.905212407322395
2023-08-08 00:00:00+00:00,45.7813885246,45.9176146961,44.1137922876,44.6164198858,2980106,39.85208989446471,,,,,39.33875883549512,36.57605685435706,,,,,,39.19542960769885,"rgba(0, 255, 255, 0.75)",4.0413082800886615,39.19542960769885,1.629660115104275,0,,,0.0,0.0,0.0,0.0,81.93786580889576,27.637715315856354,True,False,True,False,True,16.09276768766628
2023-08-09 00:00:00+00:00,45.9974714173,46.7960386294,45.790783433,46.3450830273,2744913,39.87685581154182,,,,,39.36691598821137,36.62840011403064,,,,,,39.44521901909991,"rgba(0, 255, 255, 0.75)",4.220017111680021,39.44521901909991,1.5526601491887286,0,,,1.0,0.0,46.79604,447.0,82.35817908499928,28.28942064882078,True,False,True,False,True,16.428370686471233
2023-08-10 00:00:00+00:00,45.2176940219,46.3544779356,44.945241679,45.8283630665,2420932,39.89617417071162,,,,,39.389071973556554,36.67080389990637,,,,,,39.46666165709831,"rgba(38, 166, 154, 1.0)",4.3642065268460986,39.46666165709831,1.3177727335827574,0,,,0.0,0.0,0.0,0.0,79.55644000754019,28.28942064882078,True,False,True,False,False,14.54972172932677
2023-08-11 00:00:00+00:00,45.6874394408,46.016261234,44.9405442248,45.0016111293,2086539,39.91284277312539,,,,,39.408170827065135,36.70720027276021,,,,,,39.49398462484417,"rgba(38, 166, 154, 1.0)",4.504760199046467,39.49398462484417,1.3748689258235798,0,,,0.0,0.0,0.0,0.0,78.28412860023859,32.27883902003336,True,False,True,False,False,15.303732705351802
2023-08-14 00:00:00+00:00,45.1143500298,45.4619616398,44.7197638779,45.3210380141,2109994,39.92826281101458,,,,,39.42595949465444,36.74184804347716,,,,,,39.516115238512235,"rgba(38, 166, 154, 1.0)",4.608389956798129,39.516115238512235,1.214791899940988,0,,,0.0,0.0,0.0,0.0,75.30793923438279,29.416217730788333,True,False,True,False,False,13.922944860666266
2023-08-15 00:00:00+00:00,44.6164198858,44.8888722287,44.2030439171,44.4754962601,1833852,39.9402262589901,,,,,39.439895992853884,36.76983733934982,,,,,,39.530924612479836,"rgba(38, 166, 154, 1.0)",4.690650716442555,39.530924612479836,1.0841769257074556,0,,,0.0,0.0,0.0,0.0,71.60028793813312,25.98228524863903,True,False,True,False,False,12.733601724149516
2023-08-16 00:00:00+00:00,44.4942860769,45.3492227392,44.2030439171,44.8418976868,2014530,39.95361583572755,,,,,39.455453346008184,36.80079553933348,,,,,,39.55090659844063,"rgba(38, 166, 154, 1.0)",4.776876796620475,39.55090659844063,1.03485597157471,0,,,0.0,0.0,0.0,0.0,68.70664827249723,23.398142584084,True,False,True,False,False,12.440883824987303
2023-08-17 00:00:00+00:00,45.0861653046,45.8189681581,44.7385536947,45.2740634722,1643993,39.96571066315272,,,,,39.469367148354756,36.82757504731983,,,,,,39.57285160131244,"rgba(38, 166, 154, 1.0)",4.8698320650118,39.57285160131244,1.1321363097711252,0,,,0.0,0.0,0.0,0.0,67.95320369328718,22.79209423968129,True,False,True,False,False,13.456286124350452
2023-08-18 00:00:00+00:00,45.3586176476,45.6310699906,44.2406235507,44.4848911685,1802792,39.978563497228826,,,,,39.484183760316604,36.8562667423065,,,,,,39.595490959550595,"rgba(38, 166, 154, 1.0)",4.941761516526165,39.595490959550595,1.1662089861634242,0,,,0.0,0.0,0.0,0.0,67.96482369505088,22.77262744503058,True,False,True,False,False,13.921940982462278
2023-08-21 00:00:00+00:00,45.2740634722,45.8847325168,44.7291587863,45.6780445324,2031085,39.99358601817655,,,,,39.50143377209538,36.889209242187704,,,,,,39.62301811584059,"rgba(38, 166, 154, 1.0)",4.989301237928064,39.62301811584059,1.132632624665123,0,,,0.0,0.0,0.0,0.0,67.62257469876056,22.303761041199436,True,False,True,False,False,13.709387387942982
2023-08-22 00:00:00+00:00,44.7573435114,45.7344139827,44.7291587863,45.3868023727,1525232,40.00434069524074,,,,,39.51382592119018,36.913128831300014,,,,,,39.64189552324497,"rgba(38, 166, 154, 1.0)",5.013671418950668,39.64189552324497,1.0202998084038115,0,,,0.0,0.0,0.0,0.0,65.2958582301655,19.952975902460665,False,False,True,False,False,12.406528156886349
2023-08-23 00:00:00+00:00,44.1372795585,44.3533624512,43.7802730401,44.2312286423,2513575,40.018546541223294,,,,,39.53053752699512,36.94753118375237,,,,,,39.66238467279033,"rgba(38, 166, 154, 0.5)",5.047896224591113,39.66238467279033,0.8864871000932947,0,,,0.0,0.0,0.0,0.0,61.512308808801876,16.338643532158216,False,False,True,False,False,10.862390339659822
2023-08-24 00:00:00+00:00,43.4608461553,44.0903050166,43.3575021632,43.7332984983,2477277,40.03090029011003,,,,,39.545260461177264,36.97898050608774,,,,,,39.678924400913914,"rgba(38, 166, 154, 0.5)",5.068806897488535,39.678924400913914,0.7461167550612213,0,,,0.0,0.0,0.0,0.0,56.88576368549287,12.081090823379775,False,True,True,False,False,9.206430004820206
2023-08-25 00:00:00+00:00,43.8366424904,44.0527253831,42.8877567443,43.9118017574,1985156,40.04061954078804,,,,,39.55685700548306,37.003805072176526,,,,,,39.76797696430929,"rgba(38, 166, 154, 0.5)",5.089193641962366,39.76797696430929,0.7994715493910458,0,,,0.0,0.0,0.0,0.0,54.96636780116516,10.433574685673193,False,True,False,False,False,9.917986447697245
2023-08-28 00:00:00+00:00,43.9587762993,44.7338562405,43.7098112273,44.1936490088,1817888,40.050823982548216,,,,,39.56883615629897,37.02823093181128,,,,,,39.797263201651134,"rgba(38, 166, 154, 0.5)",5.099108710159514,39.797263201651134,0.8161255886459972,0,,,0.0,0.0,0.0,0.0,54.06639416584521,9.645537374991562,False,True,False,False,False,10.150575524410677
2023-08-29 00:00:00+00:00,44.3909420847,44.5317717613,43.5266105139,43.9399864826,1292287,40.05807480182496,,,,,39.57734276834881,37.045531053179374,,,,,,39.81276761129084,"rgba(38, 166, 154, 0.5)",5.09602124700145,39.81276761129084,0.8983821400083462,0,,,0.0,0.0,0.0,0.0,54.78957700381558,9.645537374991562,False,True,False,False,False,10.97671747268172
2023-08-30 00:00:00+00:00,44.4754962601,44.9734264041,44.3627573596,44.597630069,2149144,40.0714087037285,,,,,39.59281808763936,37.0759439806384,,,,,,39.845668427417955,"rgba(38, 166, 154, 0.5)",5.081205886831317,39.845668427417955,0.9111671394148617,0,,,0.0,0.0,0.0,0.0,55.52819529998959,9.645537374991562,False,True,False,False,False,11.13913837700154
2023-08-31 00:00:00+00:00,44.1184897417,44.8512925952,44.1090948334,44.7667384198,3708682,40.09300519804055,,,,,39.61800935724242,37.12617019178571,,,,,,39.8855078654577,"rgba(38, 166, 154, 0.5)",5.0639688493088215,39.8855078654577,0.8359020369606072,0,,,0.0,0.0,0.0,0.0,54.586035861499006,9.645537374991562,False,True,False,False,False,10.207819405372177
2023-09-01 00:00:00+00:00,45.3586176476,45.7612834207,44.5506555271,44.5506555271,2954710,40.11350848786625,,,,,39.641511534504275,37.170412538571625,,,,,,39.93259748941024,"rgba(38, 166, 154, 1.0)",5.034896817212737,39.93259748941024,1.0776824938377867,0,,,0.0,0.0,0.0,0.0,57.48779321897015,9.645537374991562,False,True,True,False,True,12.599219315272393
2023-09-05 00:00:00+00:00,44.522470802,45.7438088911,44.3721522679,45.3022481973,3172674,40.133872570631674,,,,,39.66498706697033,37.21537676198409,,,,,,39.97151614382777,"rgba(38, 166, 154, 0.5)",5.004179205157558,39.97151614382777,0.9094307920631196,0,,,0.0,0.0,0.0,0.0,56.41796776215644,9.645537374991562,False,True,True,False,True,10.429870641943488
2023-09-06 00:00:00+00:00,44.2688082758,45.1425347549,43.725124928,44.3909420847,2405732,40.1475814902503,,,,,39.68095231301441,37.24691901158494,,,,,,39.99298818150378,"rgba(38, 166, 154, 0.5)",4.976863785295683,39.99298818150378,0.8591394658879903,0,,,0.0,0.0,0.0,0.0,54.88395819141917,9.645537374991562,False,True,False,False,True,9.7799356951572
2023-09-07 00:00:00+00:00,43.8554323072,44.7479486031,43.6487443229,44.0621202915,2533247,40.160922614549854,,,,,39.6965997375694,37.2784738052809,,,,,,40.01170236463316,"rgba(38, 166, 154, 0.5)",4.949818037592825,40.01170236463316,0.7765396451696849,0,,,0.0,0.0,0.0,0.0,52.56232193139558,7.749155759700756,False,True,False,False,False,8.720788579870405
2023-09-08 00:00:00+00:00,44.4567064433,44.8043180533,44.1137922876,44.3627573596,2398348,40.17466716843843,,,,,39.71256664534553,37.3097090844066,,,,,,40.03408203183124,"rgba(38, 166, 154, 0.5)",4.937453339120248,40.03408203183124,0.8957298647113454,0,,,0.0,0.0,0.0,0.0,52.87916713986402,7.749155759700756,False,True,False,False,False,9.927386783296743
2023-09-11 00:00:00+00:00,42.8877567443,43.653441777,42.5965145846,42.9723109197,9055894,40.20892853839301,,,,,39.75424355428565,37.402413431773454,,,,,,40.06374434084718,"rgba(38, 166, 154, 0.5)",4.915241629082681,40.06374434084718,0.574541928263221,0,,,0.0,0.0,0.0,0.0,48.88709050286392,4.0743051590026695,False,True,False,True,False,6.001059802782503
2023-09-12 00:00:00+00:00,45.3868023727,45.3868023727,43.3762919799,43.4420563385,10265460,40.26908787329243,,,,,39.82359283829991,37.53399860972037,,,,,,40.16855015290808,"rgba(38, 166, 154, 1.0)",4.924427783531974,40.16855015290808,1.059666716454353,0,,,0.0,0.0,0.0,0.0,51.98215773101801,4.0743051590026695,False,True,False,False,True,10.823365434979674
2023-09-13 00:00:00+00:00,45.1331398465,45.6874394408,44.4567064433,45.5371209068,5220944,40.301606212182655,,,,,39.860777224536506,37.60252938048313,,,,,,40.2250636418196,"rgba(38, 166, 154, 1.0)",4.893284731160833,40.2250636418196,1.003022810715545,0,,,0.0,0.0,0.0,0.0,53.43285232027451,4.0743051590026695,False,True,False,False,True,10.206569582606672
2023-09-14 00:00:00+00:00,45.5465158152,46.1231736534,45.2534601924,45.9151986954,3061996,40.32263519153373,,,,,39.88460349169414,37.645048325202076,,,,,,40.262514850553906,"rgba(38, 166, 154, 1.0)",4.86285022889352,40.262514850553906,1.0866057385954913,0,,,0.0,0.0,0.0,0.0,55.18019944273641,-0.37095748491962866,False,True,True,False,True,10.971761361788857
2023-09-15 00:00:00+00:00,44.7335227973,45.3669010787,44.4026535458,45.2345533781,7050677,40.363183257064584,,,,,39.93114227072145,37.73155751392035,,,,,,40.32729103361379,"rgba(38, 166, 154, 0.5)",4.786953669964392,40.32729103361379,0.9204667660213607,0,,,0.0,0.0,0.0,0.0,54.31269231634329,-0.37095748491962866,False,True,True,False,True,8.981373075159318
2023-09-18 00:00:00+00:00,44.6768023542,45.5937828511,44.3553865099,45.4897953721,2363718,40.376737290413246,,,,,39.94667771618467,37.76025994157002,,,,,,40.34864952882612,"rgba(38, 166, 154, 0.5)",4.697882197717398,40.34864952882612,0.9212987135941457,0,,,0.0,0.0,0.0,0.0,53.59569296602044,-0.37095748491962866,False,True,False,False,True,8.843183123756244
2023-09-19 00:00:00+00:00,44.5444546536,45.4708885577,44.3175728812,45.3669010787,2579995,40.39111961698939,,,,,39.96318969361997,37.79089996491004,,,,,,40.37086096224306,"rgba(38, 166, 154, 0.5)",4.622902848625208,40.37086096224306,0.9028080035465411,0,,,0.0,0.0,0.0,0.0,52.77163923657447,-0.37095748491962866,False,True,False,False,True,8.515982744243662
2023-09-20 00:00:00+00:00,43.5613003064,44.6768023542,43.4856730489,43.9867036297,2772707,40.40342792490557,,,,,39.977626668947536,37.819469714003716,,,,,,40.387387286643914,"rgba(38, 166, 154, 0.5)",4.562616717216306,40.387387286643914,0.6956343730955596,0,,,0.0,0.0,0.0,0.0,49.83847913674363,-0.37095748491962866,False,True,False,False,False,6.1164096247261845
2023-09-21 00:00:00+00:00,42.719947067,43.8165423004,42.4363448514,43.6652877854,2310964,40.41095380628398,,,,,39.98679034591177,37.8395228579488,,,,,,40.39506110160681,"rgba(38, 166, 154, 0.5)",4.499238575014725,40.39506110160681,0.5167287590179821,0,,,0.0,0.0,0.0,0.0,46.17754176103806,1.5466260504219562,False,True,False,True,False,4.1310378392992
2023-09-22 00:00:00+00:00,42.7294004742,43.6558343782,42.6017794772,43.183164019,4289586,40.424833220451006,,,,,40.00367948128124,37.876369758508034,,,,,,40.40967363571461,"rgba(38, 166, 154, 0.5)",4.4401959864426725,40.40967363571461,0.5224379386784388,0,,,0.0,0.0,0.0,0.0,43.76618585292794,-0.7087075127757316,False,True,False,True,False,4.150919436146118
2023-09-25 00:00:00+00:00,43.9299831866,43.9299831866,42.4930652945,42.6443198095,1917843,40.432081061696074,,,,,40.012309158034185,37.89412410671504,,,,,,40.418697091548594,"rgba(38, 166, 154, 0.5)",4.416003418559298,40.418697091548594,0.7951275762818465,0,,,0.0,0.0,0.0,0.0,45.559371645335276,-0.7087075127757316,False,True,False,True,False,6.636330353508868
2023-09-26 00:00:00+00:00,44.0056104441,44.4310137674,43.2493378693,43.2493378693,2404235,40.44244819548015,,,,,40.024456557847216,37.91798897632781,,,,,,40.432874760604776,"rgba(38, 166, 154, 0.5)",4.387065620112657,40.432874760604776,0.8143793580647374,0,,,0.0,0.0,0.0,0.0,46.948850495620434,-0.7087075127757316,False,True,False,True,True,6.790135674087384
2023-09-27 00:00:00+00:00,46.2366145396,46.5533036803,44.9604045697,45.3196340427,3048648,40.46314921828038,,,,,40.0477381029022,37.95812100962381,,,,,,40.46697870266492,"rgba(38, 166, 154, 1.0)",4.378561709626366,40.46697870266492,1.317701158407887,0,,,0.0,0.0,0.0,0.0,52.41350607987152,-3.568008318073133,False,True,False,False,True,11.116570400474956
2023-09-28 00:00:00+00:00,46.510763348,46.6052974198,45.8679316594,46.104266839,2373014,40.480361343624274,,,,,40.066993949113126,37.99068116141241,,,,,,40.703287115783105,"rgba(38, 166, 154, 1.0)",4.367464937889889,40.703287115783105,1.329713303897234,0,,,0.0,0.0,0.0,0.0,56.48812125127908,0.11081292124865172,False,True,True,False,True,11.620640268266815
2023-09-29 00:00:00+00:00,44.9698579769,46.5485769767,44.898957423,46.3311486115,3237896,40.500272120511426,,,,,40.089513928310744,38.03018469452259,,,,,,40.70931139730415,"rgba(38, 166, 154, 0.5)",4.339733479761833,40.70931139730415,0.9817530499199401,0,,,0.0,0.0,0.0,0.0,55.34326326800463,0.11081292124865172,False,True,True,False,True,7.870347235721631
2023-10-02 00:00:00+00:00,43.2776980909,45.281820414,42.8806549891,45.1116590847,2821096,40.511745467395386,,,,,40.102982181191365,38.05666732980816,,,,,,40.69015274187851,"rgba(38, 166, 154, 0.5)",4.2750517802345955,40.69015274187851,0.6052664346628109,0,,,0.0,0.0,0.0,0.0,51.43291008951975,0.11081292124865172,False,True,False,False,False,4.035859568769045
2023-10-03 00:00:00+00:00,43.3060583124,43.3438719412,42.3512641868,43.0130026897,2263034,40.51863969800173,,,,,40.11136406787683,38.07476106067346,,,,,,40.67449780949748,"rgba(38, 166, 154, 0.5)",4.21940148914466,40.67449780949748,0.6236809911720383,0,,,0.0,0.0,0.0,0.0,48.887472087543145,5.949933057082177,False,True,False,False,False,4.09197027720267
2023-10-04 00:00:00+00:00,41.4531905042,42.6537732167,40.9616133307,42.6254129951,3853093,40.52413651030912,,,,,40.1190991862365,38.09714692374762,,,,,,40.63479066394269,#000000,4.16235541223893,40.63479066394269,0.19661940396797994,0,,,0.0,0.0,0.0,0.0,44.41250144607365,1.8007111936862685,False,True,False,True,False,0.1315792765587105
2023-10-05 00:00:00+00:00,41.491004133,42.0393017497,40.7536383726,40.8859860732,2285903,40.526646839283934,41.427981418433326,,,,40.1228941126479,38.10933969692362,,,,,,40.594455976966195,#000000,4.066660817936712,40.594455976966195,0.22046297839235107,0,,,0.0,-1.0,40.75364,483.0,41.52069394888532,-0.8291259647300606,False,True,False,True,False,0.20956759558840687
2023-10-06 00:00:00+00:00,43.0508163184,43.3438719412,41.5382711689,41.7746063485,2859422,40.53397862652775,42.10393964359125,,,,40.13200576558724,38.13001068291288,,,,,,40.62858701295465,"rgba(38, 166, 154, 0.5)",3.9825401367877675,40.62858701295465,0.6082121516040953,0,,,0.0,0.0,0.0,0.0,43.05837543112807,-0.8291259647300606,False,True,False,True,False,3.35107745972331
2023-10-09 00:00:00+00:00,45.7828509948,45.9813725456,44.4971876177,45.0832988631,2532556,40.548916859983926,43.197900312030384,,,,40.14887803946523,38.15932445950019,,,,,,40.71688212837952,"rgba(38, 166, 154, 1.0)",3.881034399926585,40.71688212837952,1.30531408495537,0,,,0.0,0.0,0.0,0.0,48.3502764783504,-0.8291259647300606,False,True,False,False,True,8.35432700239556
2023-10-10 00:00:00+00:00,45.5748760367,46.00027936,45.3385408571,45.7733975876,2114119,40.5618706383563,43.72470250365209,,,,40.16345792622561,38.184342354973005,,,,,,40.7711913790598,"rgba(38, 166, 154, 1.0)",3.752901769552381,40.7711913790598,1.2799921108015426,0,,,0.0,0.0,0.0,0.0,51.4949355449289,-6.788853562768104,False,True,False,False,True,7.904629942625288
2023-10-11 00:00:00+00:00,45.9624657313,45.9908259528,44.8274896647,44.922590941,2076862,40.574421567132404,44.05172874088281,,,,40.17759034258399,38.2086117870217,,,,,,40.81306557730363,"rgba(38, 166, 154, 1.0)",3.645010105888076,40.81306557730363,1.4127258922212946,0,,,0.0,0.0,0.0,0.0,54.13255340667244,-4.3093513744467415,False,True,True,False,True,8.586005578259961
2023-10-12 00:00:00+00:00,45.8679316594,46.5769371983,45.4236215218,46.3784156474,3062280,40.59414238409059,44.4423159010041,,,,40.19968057088421,38.24585048992576,,,,,,40.872366821049155,"rgba(38, 166, 154, 1.0)",3.532984730951233,40.872366821049155,1.413978609810131,0,,,0.0,0.0,0.0,0.0,55.688728520217836,-2.758162716320001,False,False,True,False,True,8.375277983403574
2023-10-13 00:00:00+00:00,47.1157814078,47.6073585814,46.3973224618,46.8794462282,3346838,40.61985504906602,44.91799996295781,,,,40.228141223095356,38.29180687624913,,,,,,40.95019539961682,"rgba(0, 255, 255, 0.75)",3.435791022733133,40.95019539961682,1.794517177380168,0,,,0.0,0.0,0.0,0.0,58.499627137952835,0.04966740135573389,False,False,True,False,True,10.56338428436171
2023-10-16 00:00:00+00:00,47.8720539826,48.0894823478,46.7565519348,47.5128245095,2049218,40.63679500820986,45.18562421125738,,,,40.2468038457664,38.321407449105365,,,,,,40.998780464358205,"rgba(0, 255, 0, 1.0)",3.3783748862514775,40.998780464358205,2.03449106439106,0,,,0.0,0.0,0.0,0.0,61.32156333353997,2.869032448286042,False,False,True,False,True,11.846079002305203
2023-10-17 00:00:00+00:00,48.3730845633,48.6803202968,47.5128245095,47.6640790245,2331509,40.657671416174054,45.49463561121345,,,,40.26969822831479,38.357084279355924,,,,,,41.057631627648725,"rgba(0, 255, 0, 1.0)",3.336633847323586,41.057631627648725,2.192465002271441,0,,,0.0,0.0,0.0,0.0,63.80421102360854,5.377799835538703,True,False,True,False,True,12.6846606522795
2023-10-18 00:00:00+00:00,48.4770720424,48.6850470004,47.9004142041,48.6755935932,2027196,40.67612609331039,45.72946001214724,,,,40.28991100148138,38.38841393303415,,,,,,41.10677773575446,"rgba(0, 255, 0, 1.0)",3.272567332700954,41.10677773575446,2.2521444350428697,0,,,0.0,0.0,0.0,0.0,65.58750439393825,7.264691081054053,True,False,True,False,True,12.859408228351192
2023-10-19 00:00:00+00:00,48.0894823478,48.7794865382,47.4655574736,48.1083891622,2732431,40.700079553051474,45.96684802830623,,,,40.31618109848119,38.429312602820815,48.11150878653332,,,,,41.47885020287973,"rgba(0, 255, 0, 1.0)",3.2008571644747903,41.47885020287973,2.0652693341925406,0,,,0.0,0.0,0.0,0.0,65.66846259980818,7.6420349973383,True,False,True,False,True,11.932232351478081
2023-10-20 00:00:00+00:00,47.1725018509,48.3730845633,47.0023405216,47.9665880544,2264319,40.71822712074153,46.08502207078513,,,,40.336164417883495,38.46087618546903,47.84163796912205,,,,,41.503351522673825,"rgba(0, 255, 255, 0.75)",3.0805706201664305,41.503351522673825,1.8402922793309937,0,,,0.0,0.0,0.0,0.0,63.28289452716213,7.6420349973383,True,False,True,False,True,9.77254505586382
2023-10-23 00:00:00+00:00,46.4162292761,46.7849121563,46.0380929888,46.5391235695,2198549,40.732911482693254,46.10764503662549,,,,40.35249720570763,38.48760658922418,47.405136472398006,,,,,41.5054641502286,"rgba(0, 255, 255, 0.75)",2.9586493143023396,41.5054641502286,1.6597996599774032,0,,,0.0,0.0,0.0,0.0,59.905599997420076,7.6420349973383,True,False,True,False,False,8.03645982030785
2023-10-24 00:00:00+00:00,45.9057452882,46.5580303839,45.8490248451,46.5485769767,1806489,40.744267775964,46.107463882128144,,,,40.365171385683944,38.508585552531244,47.144076482644074,,,,,41.50910538359882,"rgba(0, 255, 255, 0.75)",2.8196776109179273,41.50910538359882,1.5592704242418278,0,,,0.0,0.0,0.0,0.0,56.52560849646899,14.22909056402564,False,False,True,False,False,6.881467395242243
2023-10-25 00:00:00+00:00,46.0664532103,46.3311486115,45.3101806355,45.8395714379,1899376,40.75570900858391,46.09652944216126,,,,40.377970993725135,38.52993659707048,46.92776547746826,,,,,41.51391323174462,"rgba(0, 255, 255, 0.75)",2.733524511665665,41.51391323174462,1.6654469199477941,0,,,0.0,0.0,0.0,0.0,54.63364834510677,12.282109232258072,False,False,True,False,False,7.1844854166700145
2023-10-26 00:00:00+00:00,45.4897953721,45.6694101086,44.5728148751,45.4330749289,2311201,40.76778998071228,46.04453890747146,,,,40.39161906413632,38.55344529158366,46.633230413293525,,,,,41.51155534072048,"rgba(0, 255, 255, 0.75)",2.6095736524955844,41.51155534072048,1.5244789230513018,0,,,0.0,0.0,0.0,0.0,52.04186220606674,9.655638871546792,False,True,False,False,False,5.867347624210748
2023-10-27 00:00:00+00:00,45.1872863421,45.752883694,44.6295353183,45.4992487792,2625938,40.78127248458533,45.98915906618269,,,,40.40686123302604,38.579741997194446,46.39393132348263,,,,,41.513284303977215,"rgba(38, 166, 154, 1.0)",2.495906452838666,41.513284303977215,1.4720111140160077,0,,,0.0,0.0,0.0,0.0,49.63717453523937,7.215761778642218,False,True,False,False,False,5.179489728682277
2023-10-30 00:00:00+00:00,44.9131375338,45.8395714379,44.2986660668,45.1589261206,2117411,40.791660581254376,45.940891769073936,,,,40.41863990743707,38.60024463469885,46.23157271011653,,,,,41.51490738825622,"rgba(38, 166, 154, 1.0)",2.3074161328535707,41.51490738825622,1.4727426480030728,0,,,0.0,0.0,0.0,0.0,47.41529965938115,4.944089731457389,False,True,False,True,False,4.553729416461909
2023-10-31 00:00:00+00:00,45.3763544858,45.6032362583,44.5066410249,44.9887647913,2472442,40.804140077757644,45.89820942671344,,,,40.43274873978161,38.62455739967531,46.102130508933875,,,,,41.52140673398368,"rgba(0, 255, 255, 0.75)",2.1481117006939194,41.52140673398368,1.7945750914959535,0,,,0.0,0.0,0.0,0.0,47.29251753708169,4.587825026148394,False,True,False,True,False,5.489070115671513
2023-11-01 00:00:00+00:00,45.0360318272,45.8442981415,44.7146159829,45.5181555936,2414751,40.81636056017525,45.862650573023615,,,,40.44655254735669,38.64826024036741,46.006587124807915,,,,,41.52972743700983,"rgba(0, 255, 255, 0.75)",2.0337929803525525,41.52972743700983,1.7240222697505614,0,,,0.0,0.0,0.0,0.0,46.35440619907785,3.3631015200808463,False,True,False,True,False,4.695788223673524
2023-11-02 00:00:00+00:00,46.4256826833,46.4351360905,44.7902432404,44.9414977553,3979965,40.83948177522023,45.86427603564788,,,,40.472386622754485,38.69100515557386,45.98835131285841,,,,,41.56029522801414,"rgba(0, 255, 0, 1.0)",1.9434840474485258,41.56029522801414,2.5034357558392695,0,,,0.0,0.0,0.0,0.0,49.37392365068024,3.3631015200808463,False,True,False,False,False,7.468997143197253
2023-11-03 00:00:00+00:00,46.1420804678,46.9787070036,45.7733975876,46.3406020187,2262294,40.85360247698086,45.88252656875207,,,,40.48807823289355,38.716464708503395,46.012441115875184,,,,,41.582361616819135,"rgba(0, 255, 0, 1.0)",1.860919459567001,41.582361616819135,2.4502505079085046,0,,,0.0,0.0,0.0,0.0,50.60486806404677,3.3631015200808463,False,True,False,False,True,6.797078207909337
2023-11-06 00:00:00+00:00,44.8091500548,46.4729497192,44.7335227973,46.1988009109,2246380,40.86509335285563,45.86071196196873,,,,40.50101657380746,38.738398897756504,45.964124442854725,,,,,41.59289789922955,"rgba(0, 255, 255, 0.75)",1.768196111952829,41.59289789922955,1.8189453838456653,0,,,0.0,0.0,0.0,0.0,48.248784694438,3.3631015200808463,False,True,False,False,True,3.7210601331642366
2023-11-07 00:00:00+00:00,43.1169901687,43.9583434082,42.6254129951,43.9583434082,3929312,40.875660537940036,45.68851229073154,,,,40.513707043236636,38.764292899531505,45.65984505073019,,,,,41.57283001137635,"rgba(38, 166, 154, 0.5)",1.6798699728058133,41.57283001137635,0.9192140953293602,0,,,0.0,0.0,0.0,0.0,43.7683256187652,0.4376481896415143,False,True,False,True,False,0.06433291623140747
2023-11-08 00:00:00+00:00,42.464705073,43.0224560969,41.698979091,41.954221085,4742317,40.883799953343775,45.44709476993828,,,,40.52419516842987,38.78936285902096,45.272847576315726,,,,,41.53711515923489,"rgba(38, 166, 154, 0.5)",1.608669220189659,41.53711515923489,0.5766194206511577,0,,,0.0,0.0,0.0,0.0,39.87222989715944,-3.2436721919959552,False,True,False,True,False,0.0
2023-11-09 00:00:00+00:00,41.5760847976,43.2115242406,41.5335444653,42.3512641868,2863737,40.88774348764484,45.30550175941812,,,,40.52950497053273,38.80313774975388,45.06135559132184,,,,,41.51549274353853,#000000,1.57437652138331,41.51549274353853,0.03848638063290449,0,,,0.0,0.0,0.0,0.0,36.151157822783695,-6.69673032716365,False,True,False,True,False,0.0
2023-11-10 00:00:00+00:00,42.1527426359,42.4174380371,41.6800722767,42.0582085641,1750796,40.89009544857252,45.22410323069487,,,,40.53268532979591,38.81144323277146,44.94450149751474,,,,,41.503280554674454,#000000,1.517738072681657,41.503280554674454,0.42791446885036205,0,,,0.0,0.0,0.0,0.0,35.3285877669018,-7.463301860884592,False,True,False,True,False,0.0
2023-11-13 00:00:00+00:00,42.2661835221,42.8333879532,41.8880472347,42.1621960431,1572558,40.892633590933166,45.15987298953815,,,,40.53598184691417,38.819425112000864,44.85546318184865,,,,,41.49459003938887,"rgba(38, 166, 154, 0.5)",1.520446625750453,41.49459003938887,0.5074781775587118,0,,,0.0,0.0,0.0,0.0,35.109017986131505,-7.825911585429296,False,True,False,True,False,0.0
2023-11-14 00:00:00+00:00,42.4457982586,42.9090152107,42.1811028575,42.5214255161,4006442,40.89987735839138,45.0182024313375,,,,40.545176481653606,38.8406484376232,44.66841782697891,,,,,41.477684876857026,"rgba(38, 166, 154, 0.5)",1.5349021132459442,41.477684876857026,0.6307329785973451,0,,,0.0,0.0,0.0,0.0,35.512551296702,-7.825911585429296,False,True,False,True,False,0.0
2023-11-15 00:00:00+00:00,42.927922025,43.3060583124,42.3890778155,42.4079846299,3719376,40.90804299417568,44.916757372795175,,,,40.555194717308325,38.8620571990711,44.544655079110626,,,,,41.469504840167325,"rgba(38, 166, 154, 0.5)",1.5473524099682003,41.469504840167325,0.9425242597855572,0,,,0.0,0.0,0.0,0.0,37.25444390723051,-7.825911585429296,False,True,False,True,False,0.0
2023-11-16 00:00:00+00:00,41.4531905042,42.4174380371,40.6969179295,42.2945437437,2476865,40.90973062934005,44.81306721546081,,,,40.55795751751471,38.871427292370925,44.41191806312797,,,,,41.45248338731354,#000000,1.5905227478764787,41.45248338731354,0.00044458143550850544,0,,,0.0,0.0,0.0,0.0,35.845426661341975,-7.825911585429296,False,True,False,True,False,0.0
2023-11-17 00:00:00+00:00,42.5403323305,42.6537732167,41.8785938276,42.0393017497,2253408,40.913339315514946,44.74666741962824,,,,40.56262161446079,38.88256203844167,44.33298234438917,,,,,41.4448733538642,"rgba(38, 166, 154, 0.5)",1.6085437649618826,41.4448733538642,0.6810252854150698,0,,,0.0,0.0,0.0,0.0,37.87658069025092,-7.825911585429296,False,True,False,True,False,0.0
2023-11-20 00:00:00+00:00,42.4457982586,43.1264435759,42.4127113335,43.0035492825,1919468,40.9170432955792,44.69972265635657,,,,40.567245331914954,38.89281581369308,44.2800140751472,,,,,41.440970658646435,"rgba(38, 166, 154, 0.5)",1.6288553340224163,41.440970658646435,0.616891862012183,0,,,0.0,0.0,0.0,0.0,39.05499166390193,-7.825911585429296,False,True,False,True,True,0.0
2023-11-21 00:00:00+00:00,42.2283698934,42.397585882,41.6517120551,41.9258608635,5157870,40.923697577121615,44.55098372519529,,,,40.57622080752825,38.91597620798846,44.10834654072938,,,,,41.422018825930266,#000000,1.648464817898574,41.422018825930266,0.489152730901259,1,0.10123911446932403,0.10123911446932403,0.0,0.0,0.0,0.0,39.415211036994634,-7.825911585429296,False,True,False,True,True,0.0
2023-11-22 00:00:00+00:00,42.2189164862,42.3323573724,40.6685577079,41.2168553246,3877866,40.92715675642086,44.43537094410134,,,,40.581346518476636,38.93126088856853,43.976390473718766,,,,,41.40507332429604,#000000,1.6656092355210923,41.40507332429604,0.4886159037472837,1,0.10476336992691973,0.10476336992691973,0.0,0.0,0.0,0.0,39.6356686116717,-7.825911585429296,False,True,False,True,True,0.0
2023-11-24 00:00:00+00:00,42.6159595879,42.8617481747,42.1149290072,42.2000096718,1453132,40.92969950913057,44.40646493750807,,,,40.584558928621504,38.93854682533603,43.9468284701178,,,,,41.40295189232448,"rgba(38, 166, 154, 0.5)",1.672105723311367,41.40295189232448,0.7254372009284983,1,0.10844087746774791,0.10844087746774791,0.0,0.0,0.0,0.0,41.05426002509552,-7.825911585429296,False,True,False,True,True,0.0
2023-11-27 00:00:00+00:00,41.8596870132,42.4457982586,41.3964700611,42.1338358215,2625806,40.93247339090304,44.33957442310175,,,,40.58846601866526,38.94934129843509,43.873907370110246,,,,,41.3940942076674,#000000,1.6979682372190703,41.3940942076674,0.27420583926537323,1,0.11317605688015316,0.11317605688015316,0.0,0.0,0.0,0.0,40.27813697588921,-7.825911585429296,False,True,False,True,True,0.0
2023-11-28 00:00:00+00:00,41.6800722767,42.2141897826,41.5997183156,42.0203949353,2504352,40.93491586486495,44.277301318923676,,,,40.591975106083154,38.95932332452977,43.80676356540726,,,,,41.38565422072743,#000000,1.7222309299343703,41.38565422072743,0.17095155525036956,1,0.11777493526610677,0.11777493526610677,0.0,0.0,0.0,0.0,39.375667692664734,-7.825911585429296,False,True,False,True,True,0.0
2023-11-29 00:00:00+00:00,41.5193643545,41.9986520988,41.1175945492,41.8785938276,3641607,40.937317797534604,44.18210467580021,,,,40.59587261481843,38.97228171988681,43.70359335641291,,,,,41.37105998682874,#000000,1.7524974452388935,41.37105998682874,0.08462458423215678,1,0.12293405837082672,0.12293405837082672,0.0,0.0,0.0,0.0,38.41683813420284,-7.825911585429296,False,True,False,True,False,0.0
2023-11-30 00:00:00+00:00,41.9164074563,43.1736160778,41.3255695073,42.0582085641,4070681,40.942579348263415,44.10549292939137,,,,40.6028912616759,38.98991917494753,43.62765668422329,,,,,41.36341120867712,#000000,1.7750639990970039,41.36341120867712,0.3115359490723685,1,0.1264079299065579,0.1264079299065579,0.0,0.0,0.0,0.0,39.300242959987045,-7.825911585429296,False,True,False,True,False,0.0
2023-12-01 00:00:00+00:00,41.7840597557,42.6348664023,41.4626439114,41.8785938276,2912178,40.94575922010338,44.04946780830599,,,,40.60729584963343,39.00171040659908,43.57172963436343,,,,,41.35695350410221,#000000,1.7992877955056417,41.35695350410221,0.23737517292377616,1,0.13121880743749403,0.13121880743749403,0.0,0.0,0.0,0.0,39.537398793128745,-7.825911585429296,False,True,False,True,False,0.0
2023-12-04 00:00:00+00:00,41.3019359893,41.6138984264,40.9995214935,41.2168553246,3060161,40.946934977863414,43.97615697617451,,,,40.609666768149005,39.01127802796153,43.4945488747496,,,,,41.344807219265896,#000000,1.8298337409737107,41.344807219265896,-0.023429030193247928,1,0.13534213276979196,0.13534213276979196,0.0,0.0,0.0,0.0,38.45031587484999,-7.825911585429296,False,True,False,True,False,0.0
2023-12-05 00:00:00+00:00,40.0918998697,41.4531905042,39.9879123906,41.2924825821,3956283,40.945098779729854,43.86047943416096,,,,40.60923527100161,39.01928855754956,43.36874376620242,,,,,41.321115144558945,"rgba(239, 83, 80, 0.5)",1.8869856900120314,41.321115144558945,-0.6514173803040907,1,0.14178778200139305,0.14178778200139305,0.0,0.0,0.0,0.0,35.247565795464205,-10.899608137025751,False,True,False,True,False,0.0
2023-12-06 00:00:00+00:00,39.0520250794,40.3187816421,38.929130786,40.1297134984,3493969,40.93949593860452,43.733695255130066,,,,40.60471101212959,39.021232411083695,43.227454072560576,,,,,41.29079411411156,"rgba(239, 83, 80, 1.0)",1.9731531787526362,41.29079411411156,-1.1346149193175348,1,0.14546730569130772,0.14546730569130772,0.0,0.0,0.0,0.0,31.552188706694366,-14.37175816880044,False,True,False,True,False,0.0
2023-12-07 00:00:00+00:00,38.9669444147,39.5341488458,38.5509944986,39.3261738877,3367535,40.932654523218424,43.607014119229405,,,,40.59884657254136,39.02121497850485,43.08664549629267,,,,,41.25902751790814,"rgba(239, 83, 80, 1.0)",2.0585030081407805,41.25902751790814,-1.1134708543750549,1,0.1464061448960796,0.1464061448960796,0.0,0.0,0.0,0.0,28.972666261516366,-16.69452531853657,False,True,False,True,False,0.0
2023-12-08 00:00:00+00:00,39.3545341093,39.5341488458,39.0803853009,39.3072670734,2462054,40.928476741308984,43.52450620070244,,,,40.595409735624344,39.02220571515418,42.996812208764354,,,,,41.23870079702626,"rgba(239, 83, 80, 0.5)",2.127808392072917,41.23870079702626,-0.8854964078277289,0,,,0.0,0.0,0.0,0.0,28.961674194175785,-16.69452531853657,False,True,False,True,False,0.0
2023-12-11 00:00:00+00:00,39.4490681811,39.7232169895,39.0425716722,39.2789068518,1768249,40.92564205046674,43.46830093827488,,,,40.59311100264993,39.02310596335294,42.93627608648664,,,,,41.224879267144686,"rgba(239, 83, 80, 0.5)",2.190005281451366,41.224879267144686,-0.8108706865162505,0,,,0.0,0.0,0.0,0.0,29.374348737649296,-16.69452531853657,False,True,False,True,False,0.0
2023-12-12 00:00:00+00:00,38.5982615345,38.9953046363,38.163404804,38.6455285704,2148799,40.92036318156991,43.388667999654764,,,,40.58841146936165,39.02185917949718,42.848960095270904,,,,,41.04658272417025,"rgba(239, 83, 80, 1.0)",2.274133480558312,41.04658272417025,-1.0765952001503345,0,,,0.0,0.0,0.0,674.0,28.14623843780898,-17.55961326222684,False,True,False,True,False,0.0
2023-12-13 00:00:00+00:00,39.5908692889,39.6192295104,38.3902865765,38.6927956064,2705547,40.915490781416906,43.30438661801012,,,,40.58433139403743,39.022496626165506,42.7590273872733,,,,,41.042574229317566,"rgba(239, 83, 80, 0.5)",2.3262580777036006,41.042574229317566,-0.6240515419727786,0,,,0.0,0.0,0.0,0.0,31.310990740988405,-17.55961326222684,False,True,False,True,True,0.0
2023-12-14 00:00:00+00:00,41.4815507258,41.6052910102,40.5201839008,40.5487393511,3575909,40.916560625160436,43.2499309359193,,,,40.586722692003256,39.03275023445693,42.70991690969984,,,,,41.08215112738869,#000000,2.3400980851241937,41.08215112738869,0.17067643486837436,0,,,0.0,0.0,0.0,0.0,38.65967848404152,-16.309530293242346,False,True,False,True,True,0.0
2023-12-15 00:00:00+00:00,41.1769592565,41.4720322424,40.5154246591,41.2911810575,7140986,40.91758265042464,43.14195510042932,,,,40.59031182271161,39.05156744820102,42.61182374804215,,,,,41.09033211839336,#000000,2.356989230129798,41.09033211839336,0.036753302475576,1,0.18560061945426617,0.18560061945426617,0.0,0.0,0.0,0.0,42.79840509659276,-12.77064276552624,False,True,False,True,True,0.0
2023-12-18 00:00:00+00:00,41.6528834273,42.6047317689,41.4910692092,42.2239924322,2285037,40.919939507128,43.12296122931132,,,,40.593557113252146,39.06007254456309,42.59887749145478,,,,,41.09916857061041,#000000,2.3681596456487006,41.09916857061041,0.23381652402826544,1,0.1871848587440498,0.1871848587440498,0.0,0.0,0.0,0.0,46.67388060434806,-9.479982696160526,False,False,False,False,True,0.0
2023-12-19 00:00:00+00:00,42.0145857971,42.0431412473,41.1674407731,41.4244398253,2291389,40.92187975865863,43.101826465125335,,,,40.59636825617835,39.068032720574095,42.583173085060714,,,,,41.103982443492384,#000000,2.367251591142287,41.103982443492384,0.3846669095143421,1,0.1869211735522767,0.1869211735522767,0.0,0.0,0.0,0.0,50.07983771283638,-6.5930365316915385,True,False,False,False,True,0.0
2023-12-20 00:00:00+00:00,41.2435886404,42.471473001,41.1864777399,42.1668815317,2104223,40.92342008536603,43.08148502133915,,,,40.598695677405715,39.07500791615668,42.5674649508163,,,,,41.10627573196156,#000000,2.380538259452432,41.10627573196156,0.05768145413887333,1,0.18556335562994072,0.18556335562994072,0.0,0.0,0.0,0.0,50.214693700338515,-6.5930365316915385,True,False,False,False,True,0.0
2023-12-21 00:00:00+00:00,41.5481801097,41.6766796358,41.1436445645,41.2721440907,3443354,40.92529953238596,43.045447752705705,,,,40.601831956485455,39.08555377800485,42.538167760239254,,,,,41.10609840403992,#000000,2.390500175323663,41.10609840403992,0.18493272254214488,1,0.18449393969920755,0.18449393969920755,0.0,0.0,0.0,0.0,51.07471267423093,-5.7949799464428935,True,False,True,False,True,0.0
2023-12-22 00:00:00+00:00,41.7099943278,42.2335109156,41.6005317685,41.852771579,1742742,40.926944099025,43.032159408146384,,,,40.60413458385764,39.091732067666975,42.52908039816238,,,,,41.10855451633397,#000000,2.3994548698680123,41.10855451633397,0.25065685502937307,1,0.1835984666007574,0.1835984666007574,0.0,0.0,0.0,0.0,52.06570862549276,-4.703043396386143,True,False,True,False,True,0.0
2023-12-26 00:00:00+00:00,43.0521004894,43.2234331909,42.0050673137,42.1192891147,1585717,40.92991232490081,43.029440768454755,,,,40.607753410576976,39.09918225086727,42.53181660339868,,,,,41.177799350705165,"rgba(38, 166, 154, 0.5)",2.397431778721221,41.177799350705165,0.7817954009496679,1,0.18396716160614593,0.18396716160614593,0.0,1.0,43.223434,535.0,55.71253886117661,-1.101997152793949,True,False,True,False,True,1.9275804760059714
2023-12-27 00:00:00+00:00,42.8331753708,43.1044521482,42.6903981196,42.9854711055,1507690,40.93290360034659,43.0279961846746,,,,40.61136743885597,39.10646101726676,42.5356478232649,,,,,41.188183182220804,"rgba(38, 166, 154, 0.5)",2.397625155795694,41.188183182220804,0.6860923128883655,1,0.1840762736174143,0.1840762736174143,0.0,0.0,0.0,0.0,57.43392117921867,0.6334348668468053,True,False,True,False,True,1.4048693594955601
2023-12-28 00:00:00+00:00,42.1478445649,42.699916603,42.1383260815,42.4809914845,1677958,40.93528723444042,43.020744616198144,,,,40.614407291812796,39.11335748123813,42.533115447493465,,,,,41.18401558836546,#000000,2.392137846864666,41.18401558836546,0.4029153160206927,1,0.18426638706165202,0.18426638706165202,0.0,0.0,0.0,0.0,56.46602179624828,0.6334348668468053,True,False,True,False,True,0.0
2023-12-29 00:00:00+00:00,41.8051791619,42.462906366,41.7290312946,42.2239924322,1441910,40.93684599467515,43.01172063501048,,,,40.61651024917655,39.11865505165191,42.52755799087587,,,,,41.178305862863034,#000000,2.391275586281541,41.178305862863034,0.2621501689864866,1,0.18436735818378386,0.18436735818378386,0.0,0.0,0.0,0.0,54.83505372473314,0.6334348668468053,True,False,True,False,True,0.0
2024-01-02 00:00:00+00:00,42.0241042805,42.6047317689,41.77186447,42.1716407734,1983311,40.939253183249974,43.00118037412314,,,,40.619672849749044,39.12624887280512,42.521998438500276,,,,,41.177170331682774,#000000,2.383146667368981,41.177170331682774,0.3553847358258683,1,0.1848760573249904,0.1848760573249904,0.0,0.0,0.0,0.0,54.3403518793215,0.6334348668468053,True,False,True,False,False,0.0
2024-01-03 00:00:00+00:00,42.4143621005,42.6808796362,41.6100502519,41.8813270293,2869181,40.943013073928824,42.988105201839296,,,,40.624530078458264,39.13753572486862,42.516258906853324,,,,,41.18024289197049,"rgba(38, 166, 154, 0.5)",2.380050927795647,41.18024289197049,0.5185263870267384,1,0.1850562594904774,0.1850562594904774,0.0,0.0,0.0,0.0,55.054753131170195,0.6334348668468053,True,False,True,False,False,0.44895792146158087
2024-01-04 00:00:00+00:00,41.0817744223,42.3667696835,40.9532748962,42.2620663659,6157946,40.94625759754234,42.93436409815298,,,,40.62993365517972,39.155548774042565,42.473073787052876,,,,,41.15879773396967,#000000,2.388608025789923,41.15879773396967,-0.032246107707102,1,0.1846253676655382,0.1846253676655382,0.0,0.0,0.0,0.0,51.73860412982699,0.6334348668468053,True,False,False,False,False,0.0
2024-01-05 00:00:00+00:00,41.5672170765,41.6338464605,40.7724237113,41.6338464605,4576613,40.94798934658687,42.89316710106736,,,,40.63322778682852,39.16794099331696,42.43897455464939,,,,,41.145472932077446,#000000,2.3919678500053747,41.145472932077446,0.17631681145781564,1,0.18429125167497543,0.18429125167497543,0.0,0.0,0.0,0.0,50.89443497394593,0.6334348668468053,True,False,False,False,False,0.0
2024-01-08 00:00:00+00:00,40.4249990667,40.662961152,39.4731507251,40.3774066496,3955820,40.94498981020434,42.83460526286585,,,,40.63140613192579,39.17294903697599,42.382632995539346,,,,,41.11409601236447,#000000,2.4135148542416283,41.11409601236447,-0.2855159331020542,2,0.1877308607599829,0.3754617215199658,0.0,0.0,0.0,0.0,47.674670018421374,3.4791986943587005,True,False,False,False,False,0.0
2024-01-09 00:00:00+00:00,39.9110009622,40.5392208676,39.6064094929,40.4821099671,2644340,40.94255593434092,42.794453922399235,,,,40.62973900257363,39.17571880189006,42.343750635381674,,,,,41.09369166361994,#000000,2.4425864644579236,41.09369166361994,-0.48419604326367816,3,0.22735513130337925,0.6820653939101378,0.0,0.0,0.0,0.0,44.5078209310532,0.4153799866324661,False,False,False,True,False,0.0
2024-01-10 00:00:00+00:00,39.3494104407,39.9681118627,39.0590966965,39.9014824788,2621354,40.93870067049033,42.74796032937591,,,,40.62658844059119,39.176634882139574,42.29746341446354,,,,,41.06860032377632,"rgba(239, 83, 80, 0.5)",2.4814418076097122,41.06860032377632,-0.6928189401033594,3,0.22413097914756822,0.6723929374427047,0.0,0.0,0.0,0.0,41.35431272934321,-2.567885852838657,False,True,False,True,False,0.0
2024-01-11 00:00:00+00:00,39.1495222889,39.6825573602,39.0067450377,39.6444834266,2508626,40.934585240525976,42.702304085164506,,,,40.6231287649305,39.17695271809719,42.25182563267425,,,,,41.04446410758297,"rgba(239, 83, 80, 0.5)",2.52120555521884,41.04446410758297,-0.7516014768254331,3,0.22104758757629686,0.6631427627288906,0.0,0.0,0.0,0.0,38.888963650060376,-4.878393130010323,False,True,False,True,False,0.0
2024-01-12 00:00:00+00:00,39.5778540427,40.2155924315,39.2732625733,40.0728151803,2637031,40.93134557431772,42.66117539070835,,,,40.620613206944576,39.178608406082745,42.21172128878119,,,,,41.025347303147456,"rgba(239, 83, 80, 0.5)",2.550142023470534,41.025347303147456,-0.5676128023950365,3,0.21887687431341515,0.6566306229402454,0.0,0.0,0.0,0.0,38.747744896846456,-5.073443602877248,False,True,False,True,False,0.0
2024-01-16 00:00:00+00:00,38.5498578338,39.3398919573,38.4023213408,39.1209668387,2597780,40.92580707250384,42.60947163933754,,,,40.615701470631734,39.1772917581563,42.159381899343785,,,,,40.99797628211197,"rgba(239, 83, 80, 0.5)",2.572205562602804,40.99797628211197,-0.95175847681269,3,0.21481275481096632,0.644438264432899,0.0,0.0,0.0,0.0,36.696191499236775,-7.163051008786169,False,True,False,True,False,0.0
2024-01-17 00:00:00+00:00,38.3309327152,38.7211905352,37.8074161273,37.8359715776,2428084,40.91951806804416,42.55652177661897,,,,40.609956173103015,39.17465542503215,42.10519745974128,,,,,40.969297140167185,"rgba(239, 83, 80, 1.0)",2.5897912971642856,40.969297140167185,-1.0187556147308419,3,0.21042984336147375,0.6312895300844212,0.0,0.0,0.0,0.0,34.953365946382064,-8.957644090554595,False,True,False,True,False,0.0
2024-01-18 00:00:00+00:00,38.3594881654,38.4356360328,37.7693421937,38.2643033313,2524228,40.91276868814311,42.50159646799475,38.188155463966666,,,40.60376177740485,39.17162949928377,42.0490417796958,,,,,40.77861356209847,"rgba(239, 83, 80, 0.5)",2.6263777788841343,40.77861356209847,-0.9210881298753143,3,0.20630995928709295,0.6189298778612788,0.0,0.0,0.0,0.0,33.90409399109542,-10.12456499917586,False,True,False,True,False,0.0
2024-01-19 00:00:00+00:00,38.9401156538,38.9401156538,38.0834521464,38.3118957484,2566718,40.90710879701721,42.45303275132818,38.42330466277302,,,40.59870541019583,39.17002179458063,42.00026949292454,,,,,40.76689992879985,"rgba(239, 83, 80, 0.5)",2.660767446159608,40.76689992879985,-0.6865629229027599,3,0.20343724634751084,0.6103117390425326,0.0,0.0,0.0,0.0,35.46201187999908,-10.12456499917586,False,True,False,True,False,0.0
2024-01-22 00:00:00+00:00,39.3018180236,39.5017061753,38.5926910091,38.7497459855,2659845,40.902510433601066,42.41014994221012,38.6665328127628,,,40.59477338774526,39.169899909129306,41.9581902108833,,,,,40.760408004452216,"rgba(239, 83, 80, 0.5)",2.6870817234917594,40.760408004452216,-0.5428156382816803,3,0.20125038460039213,0.6037511538011764,0.0,0.0,0.0,0.0,37.80512746591728,-10.12456499917586,False,True,False,True,True,0.0
2024-01-23 00:00:00+00:00,39.7396682607,39.9823895878,39.1638000141,39.3018180236,2102864,40.89990671243112,42.38204083748995,38.87185124665174,,,40.592729881127994,39.171061732228964,41.93147973005329,,,,,40.76014658527384,#000000,2.7040023164248517,40.76014658527384,-0.3773955067919771,3,0.19984384418406473,0.5995315325521942,0.0,0.0,0.0,0.0,40.866385282788286,-14.997870136295866,False,False,False,True,True,0.0
2024-01-24 00:00:00+00:00,40.1680000144,40.582054043,39.9110009622,40.1680000144,2628444,40.89817503804728,42.355076325125985,39.1558145332078,,,40.59174800928823,39.17437306832771,41.90730309317129,,,,,40.766934256202134,#000000,2.715327165486915,40.766934256202134,-0.22057535070354303,3,0.19897338747384444,0.5969201624215333,0.0,0.0,0.0,0.0,44.278872686808526,-11.748365295250707,False,False,False,True,True,0.0
2024-01-25 00:00:00+00:00,40.8152568867,40.8461919578,39.8110568863,40.5582578345,2023673,40.89737743129147,42.33734292341748,39.34206076443641,,,40.591543563810845,39.1775638995337,41.89206035826118,,,,,40.772520197738025,#000000,2.721873962453293,40.772520197738025,0.015701200552083502,3,0.19850189080111233,0.595505672403337,0.0,0.0,0.0,0.0,48.416529956869226,-7.901271855815004,True,False,False,False,True,0.0
2024-01-26 00:00:00+00:00,40.7962199199,41.0722559389,40.1394445642,40.8723677872,1422180,40.897064017324126,42.32626607937452,39.46056832760343,,,40.59165412484523,39.18010057273443,41.88288258541684,,,,,40.77670116590686,#000000,2.7016086206158882,40.77670116590686,0.007224863677215361,3,0.19877788938256927,0.5963336681477078,0.0,0.0,0.0,0.0,51.10535490734314,-5.462801594351156,True,False,True,False,True,0.0
2024-01-29 00:00:00+00:00,40.9009232374,40.9723118631,40.0109450381,40.5963317681,1607984,40.89664670559565,42.3136105731049,39.567623234945465,,,40.59171255396357,39.182879133582965,41.872323221054145,,,,,40.77987605942425,#000000,2.682174332475953,40.77987605942425,0.04513024247160463,3,0.1986293547723842,0.5958880643171526,0.0,0.0,0.0,0.0,53.21414189872491,-3.521155483461129,True,False,True,False,True,0.0
2024-01-30 00:00:00+00:00,41.4244398253,41.5624578348,40.2822218154,40.4821099671,2324254,40.89707864500847,42.30056734032944,39.745753862001635,,,40.5928651494037,39.188153542443025,41.862918286041605,,,,,40.77651391269916,#000000,2.6512386545653994,40.77651391269916,0.24438611419802583,3,0.19866143247856125,0.5959842974356837,0.0,0.0,0.0,0.0,56.13922250471574,-0.7688100565836322,True,False,True,False,True,0.0
2024-01-31 00:00:00+00:00,40.3774066496,41.4244398253,40.3678881662,41.4244398253,2205869,40.89671031247073,42.28477363689613,39.84347032035017,,,40.59315091249236,39.192172877059775,41.85006666132037,,,,,40.77022189858452,#000000,2.6275885955254297,40.77022189858452,-0.14949648116659456,3,0.19794525892524475,0.5938357767757343,0.0,0.0,0.0,0.0,54.15000677879543,-0.7688100565836322,True,False,True,False,True,0.0
2024-02-01 00:00:00+00:00,40.0823336637,41.1864777399,39.8348530949,40.7486275028,2840400,40.89527140767046,42.26037330377865,39.903276350956816,,,40.59251695337856,39.196123450551184,41.828852925895724,,,,,40.75679943058621,#000000,2.576405310812358,40.75679943058621,-0.2617855832138271,4,0.1864753234974197,0.7459012939896787,0.0,0.0,0.0,0.0,51.89064910647508,-0.7688100565836322,True,False,True,False,False,0.0
2024-02-02 00:00:00+00:00,39.5207431422,40.0252227632,39.197114706,40.0157042798,2105074,40.89262649356074,42.23533306455294,39.878162670704256,,,40.59041164127945,39.19707958165834,41.80525983846003,,,,,40.733838089565474,#000000,2.505290036890222,40.733838089565474,-0.48421337629685096,4,0.18503398381129488,0.7401359352451795,0.0,0.0,0.0,0.0,48.73266461143703,5.901441877728033,True,False,False,False,False,0.0
2024-02-05 00:00:00+00:00,39.1590407724,39.3589289241,38.5974502508,39.2351886397,2483960,40.88823382811506,42.20046343430159,39.80744831546053,,,40.586609386473434,39.19661603643004,41.77141213431194,,,,,40.701025985500785,"rgba(239, 83, 80, 0.5)",2.414797892521144,40.701025985500785,-0.6385566336116411,4,0.1843684623092473,0.7374738492369892,0.0,0.0,0.0,0.0,45.65182395601252,2.953181684009806,False,False,False,True,False,0.0
2024-02-06 00:00:00+00:00,39.6254464597,40.2079776448,39.1114483553,39.1780777392,2513232,40.88526877511544,42.17260509873057,39.79495173176972,,,40.58428916296914,39.197947726813226,41.74545398249049,,,,,40.68607533884115,#000000,2.30358214237417,40.68607533884115,-0.4604258991381221,4,0.18403817947878198,0.7361527179151279,0.0,0.0,0.0,0.0,45.395893800446856,2.6078333140373786,False,False,False,True,False,0.0
2024-02-07 00:00:00+00:00,39.7396682607,39.9062417205,39.2161516729,39.6730388768,1929824,40.882951028316334,42.151393568588965,39.78504265047822,,,40.58246300445001,39.19890261662837,41.7256916999053,,,,,40.67537141480013,#000000,2.1946408138535403,40.67537141480013,-0.4263582214426895,4,0.18420861626877208,0.7368344650750883,0.0,0.0,0.0,0.0,45.65610217555661,2.6078333140373786,False,False,False,True,False,0.0
2024-02-08 00:00:00+00:00,39.7872606778,40.0680559386,39.4350767914,39.65400191,3069716,40.87969675353832,42.120233187294964,39.78325281007051,,,40.58000151943658,39.20092384240569,41.69708436233777,,,,,40.6627937753093,#000000,2.1092280430102157,40.6627937753093,-0.4150964616702931,4,0.18390093293434226,0.735603731737369,0.0,0.0,0.0,0.0,46.020356378550076,2.6078333140373786,False,False,False,True,False,0.0
2024-02-09 00:00:00+00:00,39.5588170758,39.9966673129,39.3494104407,39.8062976446,2698927,40.87652356769646,42.09204330369093,39.77317357485667,,,40.57751088757117,39.202285795667684,41.67098658790116,,,,,40.65029763232103,"rgba(239, 83, 80, 0.5)",2.044789534333164,40.65029763232103,-0.5337862592674972,4,0.18345394587263916,0.7338157834905567,0.0,0.0,0.0,0.0,45.434780399059136,1.7103418554636178,False,False,False,True,False,0.0
2024-02-12 00:00:00+00:00,40.5392208676,40.8342938535,39.4445952748,39.6635203934,3106124,40.87475719347955,42.06859945678551,39.80941466786786,,,40.576589167528,39.20613744453882,41.650912653739994,,,,,40.6484585501704,#000000,1.9813590200566291,40.6484585501704,-0.055132705110293494,4,0.1836239271748093,0.7344957086992372,0.0,0.0,0.0,0.0,48.771634585738056,1.7103418554636178,True,False,False,False,True,0.0
2024-02-13 00:00:00+00:00,40.0537782134,40.6391649435,39.8205753698,40.2822218154,2422095,40.87315588847527,42.049723442519415,39.82878472875534,,,40.57563544057833,39.2088376215656,41.63453090252281,,,,,40.6452567277345,#000000,1.9114684666404953,40.6452567277345,-0.30943671039159293,4,0.18310003559063917,0.7324001423625567,0.0,0.0,0.0,0.0,49.17565473026518,1.7103418554636178,True,False,False,False,True,0.0
2024-02-14 00:00:00+00:00,40.3583696827,40.9961080716,40.0109450381,40.4059620998,2191606,40.8722968204071,42.035497803440485,39.85772869566218,,,40.57537950071617,39.21198497790441,41.622833890477324,,,,,40.645578726045876,#000000,1.8520471240909695,40.645578726045876,-0.15507653105038807,4,0.18259626352927996,0.7303850541171198,0.0,0.0,0.0,0.0,50.50634303993271,1.7103418554636178,True,False,False,False,True,0.0
2024-02-15 00:00:00+00:00,42.0050673137,42.4286398257,40.3583696827,40.5106654174,4462001,40.875317918378066,42.02768177089056,40.0073216575677,,,40.57978004046611,39.22418662957713,41.622329675193456,,,,,40.6707461676823,"rgba(38, 166, 154, 0.5)",1.7968926107975283,40.6707461676823,0.7425714469522352,4,0.18260837753770717,0.7304335101508287,0.0,0.0,0.0,0.0,55.68040272200453,-0.10642622177239502,True,False,True,False,True,2.08623539929188
2024-02-16 00:00:00+00:00,42.6713611528,42.9378786884,41.9574748966,42.1764000152,2470844,40.87910912059417,42.03251944957413,40.121633326770684,,,40.58440062410436,39.23350214388808,41.63208591943218,,,,,40.6939078543878,"rgba(38, 166, 154, 1.0)",1.7529900337963527,40.6939078543878,1.1280459445224227,5,0.2489839480648663,1.2449197403243315,0.0,0.0,0.0,0.0,60.363107365367725,4.26258002545773,True,False,True,False,True,3.767342221286764
2024-02-20 00:00:00+00:00,42.2049554654,42.8569715794,42.0050673137,42.585694802,2117957,40.88201695640347,42.03520643022697,40.205411040772844,,,40.58800488048621,39.24104310157644,41.63874822732658,,,,,40.7107234798587,"rgba(38, 166, 154, 0.5)",1.68805830762292,40.7107234798587,0.8851779460423,5,0.24953814805559832,1.2476907402779915,0.0,0.0,0.0,0.0,61.686488441237906,5.427292329354927,True,False,True,False,True,2.4911680220413643
2024-02-21 00:00:00+00:00,44.0800966983,44.0896151817,42.2811033327,42.5285839015,2708500,40.88855244298491,42.050446001320395,40.35542862390045,,,40.59552031294839,39.25410696157598,41.66021809536048,,,,,40.74457004633023,"rgba(0, 255, 0, 1.0)",1.6618228000011093,40.74457004633023,2.007149409652785,5,0.2519111168821118,1.259555584410559,0.0,0.0,0.0,0.0,65.59979924881978,9.0781738144316,True,False,True,False,True,7.0102603760154025
2024-02-22 00:00:00+00:00,44.0325042812,44.5036692103,43.6422464612,43.6993573617,2582053,40.89612813455001,42.07039735272111,40.5102657906209,,,40.60407000431926,39.26817174801605,41.6865442706417,,,,,40.78121468457947,"rgba(0, 255, 0, 1.0)",1.5801223575370658,40.78121468457947,2.05761888065954,5,0.25485832033830846,1.2742916016915422,0.0,0.0,0.0,0.0,68.03569185438273,11.309989046524258,True,False,True,False,True,6.87809863254731
2024-02-23 00:00:00+00:00,43.7564682622,43.9087639968,43.0521004894,43.3376549919,1953555,40.900957059612765,42.08159893955321,40.60414452782812,,,40.609602834534776,39.2776823109706,41.70207171304499,,,,,40.803390782623566,"rgba(0, 255, 255, 0.75)",1.4995810127296014,40.803390782623566,1.969268385307919,5,0.2559023784741613,1.2795118923708064,0.0,0.0,0.0,0.0,68.61107928510731,11.882532204441254,True,False,True,False,True,6.104555147775322
2024-02-26 00:00:00+00:00,43.7564682622,44.0087080727,43.2615071245,43.6232094943,2602121,40.90760938402193,42.097276669851475,40.7246467881916,,,40.61719594778719,39.29058782381061,41.723479954520414,,,,,40.83257278061818,"rgba(0, 255, 255, 0.75)",1.468877203087317,40.83257278061818,1.9905649535824494,5,0.2556511084517924,1.2782555422589619,0.0,0.0,0.0,0.0,68.99467090559035,12.41908675267507,True,False,True,False,True,6.104555147775322
2024-02-27 00:00:00+00:00,43.8421346129,44.4037251344,43.6803203948,43.9563564139,3736467,40.918134774990975,42.123432626549516,40.89801558755412,,,40.62909608084806,39.310245450779234,41.75801966919311,,,,,40.87629347989759,"rgba(0, 255, 255, 0.75)",1.4848181163556224,40.87629347989759,1.9974440642479814,5,0.2553594674652348,1.276797337326174,0.0,0.0,0.0,0.0,69.41109958476099,13.08969241265605,True,False,True,False,True,6.314244329208098
2024-02-28 00:00:00+00:00,45.5459431443,45.9076455141,43.3566919587,44.003948831,5716861,40.939120000733666,42.182128564429824,41.20270998072548,,,40.6523253538207,39.34613733006319,41.83090575645406,,,,,40.958429122683825,"rgba(0, 255, 0, 1.0)",1.564104932779013,40.958429122683825,2.932996326189789,5,0.25332174011210273,1.2666087005605138,0.0,0.0,0.0,0.0,72.25374111568023,16.047553585231014,True,False,True,False,True,10.310070955464546
2024-02-29 00:00:00+00:00,47.0308265572,47.1450483582,45.3460549926,45.8886085473,4836149,40.96360938821275,42.257141460332676,41.5209423856514,,,40.67891330819618,39.384573988363435,41.919887383942815,,,,,41.04973806223567,"rgba(0, 255, 0, 1.0)",1.7058546991250172,41.04973806223567,3.50621216334088,5,0.24915410301654334,1.2457705150827167,0.0,0.0,0.0,0.0,75.6097345387914,19.37628862785631,True,False,True,False,True,13.492185046024446
2024-03-01 00:00:00+00:00,47.9731564153,48.2777478846,47.0784189743,47.2592701592,3695808,40.986430880272195,42.3293364488281,41.795160213477125,,,40.703458784650294,39.41885487712815,42.003827681421484,,,,,41.131702165194014,"rgba(0, 255, 0, 1.0)",1.874080977293624,41.131702165194014,3.650564907811926,5,0.24353859553063958,1.217692977653198,0.0,0.0,0.0,0.0,78.56475250740992,22.23927694350074,True,False,True,False,True,15.390969429785905
2024-03-04 00:00:00+00:00,46.5263469361,47.8684530978,46.4501990688,47.5924170787,4320866,41.009688491279775,42.39890946790416,42.04638574929398,,,40.728606414452415,39.45464395773153,42.08531603775861,,,,,41.209775220365984,"rgba(0, 255, 0, 1.0)",1.9668451459121779,41.209775220365984,2.7030962385543114,5,0.24256576697544494,1.2128288348772247,0.0,0.0,0.0,0.0,75.73093122596443,22.23927694350074,True,False,True,False,True,11.220928064471241
2024-03-05 00:00:00+00:00,46.4026066517,46.9261232396,46.2122369834,46.4121251352,2819048,41.02366130361445,42.438951942882504,42.18409544753007,,,40.74376548512502,39.476467061859786,42.132424673389266,,,,,41.254163291943925,"rgba(0, 255, 0, 1.0)",2.048545428383906,41.254163291943925,2.513219032598008,5,0.24154512620608015,1.2077256310304008,0.0,0.0,0.0,0.0,73.47280000457852,22.23927694350074,True,False,True,False,False,10.875182449851035
2024-03-06 00:00:00+00:00,47.1069744245,47.6733241877,46.8309384054,47.0689004908,3053507,41.04060882748875,42.48865287777665,42.34628688059242,,,40.76204910707994,39.50225661263435,42.19019455868005,,,,,41.30745661024667,"rgba(0, 255, 0, 1.0)",2.1456706473407423,41.30745661024667,2.7028928328031254,5,0.23995035864507125,1.1997517932253563,0.0,0.0,0.0,0.0,72.89875991229711,22.23927694350074,True,False,True,False,False,12.33477908631426
2024-03-07 00:00:00+00:00,46.8309384054,47.4591583109,46.821419922,47.1736038084,6122473,41.073400293623415,42.58183424237979,42.63170058497426,,,40.79745892065803,39.55234384224653,42.298430476196835,,,,,41.40531888548496,"rgba(0, 255, 0, 1.0)",2.2341934218215203,41.40531888548496,2.4284466451841817,5,0.23869445984318052,1.1934722992159026,0.0,0.0,0.0,0.0,71.62274062126248,27.97955978380132,True,False,True,False,False,11.547009913067402
2024-03-08 00:00:00+00:00,47.0784189743,47.4972322445,46.9166047562,46.9261232396,4450625,41.09751576262014,42.64907184145465,42.82367566249804,,,40.82346812394849,39.58894823782973,42.37615222844672,,,,,41.47408271299757,"rgba(0, 255, 0, 1.0)",2.322184241324572,41.47408271299757,2.4133900151289116,5,0.23875192151913666,1.1937596075956833,0.0,0.0,0.0,0.0,71.13833999950532,27.27517071848635,True,False,True,False,False,12.066340636038241
2024-03-11 00:00:00+00:00,48.1825630505,48.3348587851,46.6310502537,46.8880493059,3123983,41.11585920266701,42.70072882239396,42.96493308364376,,,40.84317648353636,39.616289264319995,42.43536131193181,,,,,41.525692973262935,"rgba(0, 255, 0, 1.0)",2.442745398280426,41.525692973262935,2.725159192572087,5,0.2381816753963924,1.190908376981962,0.0,0.0,0.0,0.0,72.29172061550759,27.27517071848635,True,False,True,False,False,14.327054352135377
2024-03-12 00:00:00+00:00,48.4300436193,48.4490805861,47.7685090219,48.2777478846,3224298,41.136110712108945,42.75815485052962,43.11688051106009,,,40.86487025975417,39.64604510558413,42.50076436564737,,,,,41.58207094361668,"rgba(0, 255, 0, 1.0)",2.5646059490504554,41.58207094361668,2.670185132425035,5,0.23807061680757124,1.1903530840378562,0.0,0.0,0.0,0.0,73.35964228768773,27.27517071848635,True,False,True,False,False,14.821471394142254
2024-03-13 00:00:00+00:00,49.2391147096,49.4104474111,48.629931771,48.6775241881,3112112,41.15795692990505,42.82118900646294,43.279264615093936,,,40.88817298457585,39.67749114815166,42.57198041847446,,,,,41.642822132581344,"rgba(0, 255, 0, 1.0)",2.7068565541475285,41.642822132581344,2.8063151574764413,5,0.23648962583391037,1.1824481291695519,0.0,0.0,0.0,0.0,74.99199147014372,27.27517071848635,True,False,True,False,True,16.414087317997335
2024-03-14 00:00:00+00:00,48.7060796383,49.5199221328,48.600758845,49.3571536339,3843530,41.184262534438965,42.8954954208915,43.4631293657876,,,40.916244869046906,39.71542214266889,42.65585136601915,,,,,41.71369476125889,"rgba(0, 255, 0, 1.0)",2.8199318810742247,41.71369476125889,2.4796290023776835,5,0.2353235869253428,1.176617934626714,0.0,0.0,0.0,0.0,74.11087249416946,27.27517071848635,True,False,True,False,True,14.81612393454217
2024-03-15 00:00:00+00:00,48.3135203175,48.9550196955,48.0358564076,48.4667141988,14056615,41.27277715571212,43.13096755508725,43.990815474118655,,,41.01087718136015,39.84405186875177,42.9213296028947,,,,,41.933865675767215,"rgba(0, 255, 0, 1.0)",2.9153903763419513,41.933865675767215,2.1882677165647966,5,0.23344228875400028,1.1672114437700014,0.0,0.0,0.0,0.0,72.13352765756227,27.27517071848635,True,False,True,False,False,13.651559536494368
2024-03-18 00:00:00+00:00,48.4475649636,48.667781168,48.0645802604,48.6390573153,3083903,41.29179738004985,43.17959167921037,44.090998716542295,,,41.031206692166485,39.87163229089248,42.97592919617954,,,,,41.97850495331756,"rgba(0, 255, 0, 1.0)",3.008871076835569,41.97850495331756,2.1499957442795967,5,0.23039732106516403,1.15198660532582,0.0,0.0,0.0,0.0,71.04005558381695,26.062065444892596,True,False,True,False,False,13.92747319018859
2024-03-19 00:00:00+00:00,48.8592735197,49.0316166361,48.3211800116,48.3901172582,4037473,41.31774474912964,43.246020983361376,44.225420078641584,,,41.058889551689255,39.90891996310105,43.05022211131169,,,,,42.0389881906926,"rgba(0, 255, 0, 1.0)",3.1080847689020277,42.0389881906926,2.1943691488880317,5,0.22623640726969135,1.1311820363484568,0.0,0.0,0.0,0.0,71.00468818787729,25.793338687923537,True,False,True,False,False,14.776362362154515
2024-03-20 00:00:00+00:00,49.2805566933,49.5342840592,48.3613934054,48.5145872867,3636087,41.341963782554316,43.307924306093284,44.34815152642711,,,41.084687044274695,39.94344598843687,43.119197674927754,,,,,42.0949068372104,"rgba(0, 255, 0, 1.0)",3.214188340887549,42.0949068372104,2.2356032360273543,5,0.22173502655206123,1.1086751327603062,0.0,0.0,0.0,0.0,71.65871701664457,25.793338687923537,True,False,True,False,False,15.63789658062408
2024-03-21 00:00:00+00:00,49.309280546,49.8741829833,49.1465120471,49.2422582229,3253253,41.36457829950871,43.36583280070501,44.46133839277242,,,41.108734173574014,39.97541076739547,43.18349218319519,,,,,42.14685456435354,"rgba(0, 255, 0, 1.0)",3.3144786361279404,42.14685456435354,2.160951017627855,5,0.21700998502198784,1.0850499251099393,0.0,0.0,0.0,0.0,72.14175584681537,25.793338687923537,True,False,True,False,False,15.696920126685274
2024-03-22 00:00:00+00:00,48.782676579,49.4911982801,48.6869304032,49.3571536339,2846803,41.383152007074834,43.411878406751164,44.54763449375502,,,41.12851763976068,40.001866184327504,43.23466649292714,,,,,42.18807001783368,"rgba(0, 255, 255, 0.75)",3.3932964432896395,42.18807001783368,1.9434218823431644,5,0.21320560235498265,1.0660280117749132,0.0,0.0,0.0,0.0,70.14357423693883,24.309924623043727,True,False,True,False,False,14.040692946398117
2024-03-25 00:00:00+00:00,49.5199221328,49.6922652493,48.8401242845,48.8401242845,4017136,41.410454746622484,43.47974248925635,44.67348877115994,,,41.15755044996875,40.040435398157456,43.309833918786346,,,,,42.24846046941116,"rgba(0, 255, 0, 1.0)",3.477328680628173,42.24846046941116,2.0911056535717716,5,0.2084196130225889,1.0420980651129446,0.0,0.0,0.0,0.0,70.25442243024457,24.224983778525413,True,False,True,False,False,15.590526404254827
2024-03-26 00:00:00+00:00,49.0220420185,49.7114144844,49.0028927834,49.5582206031,3054774,41.4308180746291,43.529412260911876,44.76280693323305,,,41.179209129125766,40.069223083889995,43.36479346767434,,,,,42.29250378175439,"rgba(0, 255, 255, 0.75)",3.529919430671303,42.29250378175439,1.9064282822641705,5,0.20489666280313146,1.0244833140156573,0.0,0.0,0.0,0.0,68.29034657955111,22.178322935004118,True,False,True,False,False,14.030717388375315
2024-03-27 00:00:00+00:00,49.1752358999,49.3475790163,48.7491654175,48.8305496669,2990417,41.450257300024425,43.57591915734227,44.84402173876471,,,41.199894724728544,40.09675795882541,43.416227724246205,,,,,42.33364845874045,"rgba(0, 255, 255, 0.75)",3.57909715463838,42.33364845874045,1.911540018491285,5,0.20121308697433687,1.0060654348716844,0.0,0.0,0.0,0.0,67.31981377088317,21.12331782772104,True,False,True,False,False,14.35854747001759
2024-03-28 00:00:00+00:00,49.6922652493,49.8454591306,49.424175957,49.6348175438,3305242,41.473204222015475,43.63158450636263,44.94175866185209,,,41.22425577926509,40.12889066854377,43.4775501507326,,,,,42.382634895076805,"rgba(0, 255, 0, 1.0)",3.640340498313844,42.382634895076805,2.007952376325488,5,0.1978811084372448,0.989405542186224,0.0,0.0,0.0,0.0,67.77786828358529,21.12331782772104,True,False,True,False,False,15.46106743413954
2024-04-01 00:00:00+00:00,49.8837576009,50.1590278564,49.4146013394,49.8933322185,3292793,41.49639638598669,43.687528804498086,45.03853333711622,,,41.248858652252004,40.16123957976798,43.53905621925201,,,,,42.43169276883895,"rgba(0, 255, 0, 1.0)",3.701303282478196,42.43169276883895,2.0133623924682933,5,0.19431426223678055,0.9715713111839028,0.0,0.0,0.0,0.0,68.47505717209359,21.12331782772104,True,False,True,False,False,15.867374327449127
2024-04-02 00:00:00+00:00,50.2763169218,50.2763169218,49.5007728976,50.1135484229,3767719,41.523405691514334,43.75234807405964,45.14906990387536,,,41.2774864245432,40.1987462942718,43.61016651187984,,,,,42.488329735067396,"rgba(0, 255, 0, 1.0)",3.752558916075171,42.488329735067396,2.0753803899974796,5,0.18989687580512654,0.9494843790256327,0.0,0.0,0.0,0.0,69.7238466423892,21.12331782772104,True,False,True,False,True,16.699621457984495
2024-04-03 00:00:00+00:00,51.8178303524,51.8178303524,50.2571676866,50.3241900097,2903503,41.5472216372019,43.81142069097522,45.25248628084038,,,41.302632247870136,40.23119774622071,43.67464416579477,,,,,42.53960799405507,"rgba(0, 255, 0, 1.0)",3.8532785079033234,42.53960799405507,2.407877431988033,5,0.18363807881206093,0.9181903940603047,0.0,0.0,0.0,0.0,72.89123668257065,19.323149650029023,True,False,True,False,True,19.8119547495408
2024-04-04 00:00:00+00:00,52.1625165854,52.2917739227,51.7555953381,52.0954942623,2261723,41.567156300592835,43.86148080806045,45.34065305410535,,,41.32363952706879,40.258100152545936,43.72913875356179,,,,,42.58289177264927,"rgba(0, 255, 0, 1.0)",3.9743567488892606,42.58289177264927,2.4103585606470808,5,0.17766363031447807,0.8883181515723904,0.0,0.0,0.0,0.0,75.40722652466276,21.65343139963113,True,False,True,False,True,20.0
2024-04-05 00:00:00+00:00,52.9189113743,53.1582768139,52.124218115,52.3923074073,2154668,41.587273181666895,43.912421638316836,45.430630528987614,,,41.3448079309915,40.28504970352296,43.784479795086504,,,,,42.62679904793684,"rgba(0, 255, 0, 1.0)",4.106295539782058,42.62679904793684,2.506422693313841,5,0.17160073005388235,0.8580036502694117,0.0,0.0,0.0,0.0,77.89014887652166,23.904751689190178,True,False,True,False,True,20.0
2024-04-08 00:00:00+00:00,52.995508315,53.1678514314,52.4018820249,53.0721052556,1657915,41.60287077626918,43.951755166594495,45.4995120117453,,,41.36121550136984,40.30590822526241,43.82717203077091,,,,,42.66064159163096,"rgba(0, 255, 0, 1.0)",4.234272977268576,42.66064159163096,2.440765340083436,5,0.16609086928775837,0.8304543464387919,0.0,0.0,0.0,0.0,79.62301267364298,25.44308088182457,True,False,True,False,True,20.0
2024-04-09 00:00:00+00:00,53.1965752842,53.29232146,52.2582627612,53.2731722248,2807097,41.629323395054236,44.0180178851779,45.61420745963842,,,41.389035571519244,40.34123731616617,43.899026749059075,,,,,42.717550077368806,"rgba(0, 255, 0, 1.0)",4.3613085752236165,42.717550077368806,2.4027250138552527,3,0.20265460086910844,0.6079638026073253,0.0,0.0,0.0,0.0,80.99089692653823,26.67799052141315,True,False,True,False,True,20.0
2024-04-10 00:00:00+00:00,53.1582768139,53.5699853699,52.6316728469,53.0816798732,3208105,41.65994821852402,44.09426820155775,45.7445666669103,,,41.421226801630894,40.38202365451872,43.98159655191664,,,,,43.35587385188351,"rgba(0, 255, 0, 1.0)",4.472652350413268,43.35587385188351,2.1916308700162586,3,0.1969475368158937,0.590842610447681,0.0,0.0,0.0,0.0,81.68396767977339,27.340764852780325,True,False,True,False,True,20.0
2024-04-11 00:00:00+00:00,52.5263520535,53.2444483721,51.8561288227,53.1487021963,2721474,41.68449682142421,44.153881467675184,45.8432661385994,,,41.447055203915035,40.41485976863864,44.04613589072062,,,,,43.392414087342054,"rgba(0, 255, 0, 1.0)",4.562572524472601,43.392414087342054,2.0019271840974757,2,0.23883029390709798,0.47766058781419596,0.0,0.0,0.0,0.0,78.69602218866639,27.340764852780325,True,False,True,False,False,20.0
2024-04-12 00:00:00+00:00,51.4539948843,53.3976422534,51.2960136942,52.8710382864,3575533,41.71512439407526,44.226406227431475,45.95943465665909,,,41.47930732909332,40.455988843951985,44.12462834178224,,,,,43.43776457994517,"rgba(0, 255, 255, 0.75)",4.624057022265344,43.43776457994517,1.7335924418223658,2,0.23509273815942366,0.47018547631884733,0.0,0.0,0.0,0.0,72.13021013243903,27.14890296860065,True,False,True,False,False,16.426403527348374
2024-04-15 00:00:00+00:00,50.3337646272,51.918363837,49.9316306888,51.82740497,3767922,41.74310295269992,44.28873771966635,46.05167865617199,,,41.50886101171966,40.49411340563898,44.192178540973416,,,,,43.463910250979865,"rgba(38, 166, 154, 1.0)",4.66942160096379,43.463910250979865,1.4712431138799211,2,0.23240055149859035,0.4648011029971807,0.0,0.0,0.0,0.0,64.2487027449528,20.15012687677236,False,True,True,False,False,12.845888821244507
2024-04-16 00:00:00+00:00,50.065675335,50.2858915393,48.9837435482,49.9124814536,3247483,41.764544410905586,44.33372738324813,46.1127943550452,,,41.53157371326296,40.52371812684361,44.24100102342756,,,,,43.89170339520217,"rgba(38, 166, 154, 1.0)",4.706987684328035,43.89170339520217,1.3116609504533303,2,0.23009209297287023,0.46018418594574045,0.0,0.0,0.0,0.0,58.270212798479925,15.118923821939717,False,True,True,False,False,12.013727183262453
2024-04-17 00:00:00+00:00,49.5486459855,50.4582346558,49.0890643416,50.0369514822,2636359,41.78169449158283,44.36918465978556,46.15990599009071,,,41.5497431927786,40.54740721676005,44.279450595259604,,,,,43.90563479705746,"rgba(38, 166, 154, 1.0)",4.730370215956268,43.90563479705746,1.192932250716402,2,0.22831698890634328,0.45663397781268655,0.0,0.0,0.0,0.0,52.9445232917571,10.704637920431182,False,True,False,False,False,10.421291012092546
2024-04-18 00:00:00+00:00,49.3380043987,50.1614215108,49.0603404889,49.7880114251,1958237,41.79409883430986,44.39434667279762,46.19237880962163,,,41.56289203962887,40.56458188677263,44.306730973958565,,,,,43.91485144196787,"rgba(38, 166, 154, 1.0)",4.745989411781322,43.91485144196787,1.1426812169597,2,0.22677867137149987,0.45355734274299975,0.0,0.0,0.0,0.0,48.86619358059015,7.3835294491304495,False,True,False,True,False,9.77630309150771
2024-04-19 00:00:00+00:00,49.7688621899,50.2858915393,49.1273628119,49.2518328405,1842832,41.80604835584084,44.41875163526162,46.224239538691414,,,41.57554799376919,40.58105747184394,44.33315681406923,,,,,43.92924066767792,"rgba(38, 166, 154, 1.0)",4.766894096038337,43.92924066767792,1.225036974720136,2,0.2249880221681258,0.4499760443362516,0.0,0.0,0.0,0.0,47.682969314344305,6.58816262529718,False,True,False,True,False,10.78826373122683
2024-04-22 00:00:00+00:00,49.9603545416,50.3912123327,49.0411912537,49.5965190735,2049676,41.819414340162524,44.44599038981778,46.25970533874886,,,41.58969932122345,40.599452999802374,44.3626263933566,,,,,43.94706860931025,"rgba(38, 166, 154, 1.0)",4.79119737128568,43.94706860931025,1.255069550740743,2,0.22332913262819679,0.44665826525639357,0.0,0.0,0.0,0.0,47.56124394993997,6.498560006519909,False,True,False,True,False,11.236925296300353
2024-04-23 00:00:00+00:00,50.5252569789,50.6497270074,49.2614074581,49.6826906317,1636236,41.83051607492671,44.468938260668736,46.290250594118746,,,41.60143858734604,40.614638745025644,44.38741574363477,,,,,43.965820115408285,"rgba(38, 166, 154, 1.0)",4.808263807514563,43.965820115408285,1.3642007023908187,2,0.22145665275005075,0.4429133055001015,0.0,0.0,0.0,0.0,49.344201941794395,6.498560006519909,False,True,False,True,False,12.550424709061211
2024-04-24 00:00:00+00:00,50.6497270074,50.8124955063,50.132697658,50.2284438338,2115781,41.845492351071194,44.50033925654558,46.33292905116535,,,41.61725464728349,40.63499635976726,44.42128575354791,,,,,43.99507844295644,"rgba(38, 166, 154, 1.0)",4.829234744432053,43.99507844295644,1.3779923562664147,2,0.2196754514943805,0.439350902988761,0.0,0.0,0.0,0.0,50.92655964792643,6.498560006519909,False,True,False,False,False,12.838329290078352
2024-04-25 00:00:00+00:00,50.8795178294,51.1715436656,50.0848245701,50.8124955063,1573447,41.85682692187591,44.524173101563115,46.36545443309686,,,41.629217521839365,40.65035650113315,44.44696901999598,,,,,44.017791082263024,"rgba(38, 166, 154, 1.0)",4.836159526314985,44.017791082263024,1.418837966324369,2,0.21776409968980567,0.43552819937961135,0.0,0.0,0.0,0.0,52.72318068755333,6.498560006519909,False,True,False,False,True,13.373544063647802
2024-04-26 00:00:00+00:00,50.9944132404,51.1954802096,50.4678092734,50.7550478008,1139322,41.86517699162119,44.54179909268918,46.38963633268009,,,41.638025640303105,40.661641244047225,44.465948272776636,,,,,44.03499124481439,"rgba(38, 166, 154, 1.0)",4.832867524652371,44.03499124481439,1.4400191935917384,2,0.21594218573180624,0.43188437146361247,0.0,0.0,0.0,0.0,54.29902004123392,6.498560006519909,False,True,True,False,True,13.643077662616417
2024-04-29 00:00:00+00:00,51.2337786799,51.2912263854,50.6497270074,50.7933462712,1371122,41.875397061225776,44.56345483816001,46.41949972443804,,,41.64880073962678,40.67541733315668,44.48925030194567,,,,,44.056544421544864,"rgba(38, 166, 154, 1.0)",4.818874042734263,44.056544421544864,1.48940067632121,2,0.21423681385904014,0.4284736277180803,0.0,0.0,0.0,0.0,56.14614280902958,6.498560006519909,False,True,True,False,True,14.208304353332448
2024-04-30 00:00:00+00:00,49.1369374295,50.8986670646,49.0890643416,50.8795178294,2507972,41.891292636539426,44.594539264242556,46.45753387883375,,,41.66562760087523,40.697257321847225,44.52277692108371,,,,,44.07544908774205,"rgba(38, 166, 154, 1.0)",4.770608606416942,44.07544908774205,1.0609732969813845,2,0.2142365663159334,0.4284731326318668,0.0,0.0,0.0,0.0,50.37326681945916,6.498560006519909,False,True,False,False,False,7.421322274331455
2024-05-01 00:00:00+00:00,48.5720349922,49.1082135768,47.8395767472,48.89757199,2401497,41.90412257647562,44.61704211785075,46.47997686336048,,,41.67927687529706,40.71529579363974,44.547132687092365,,,,,44.07898331034024,"rgba(38, 166, 154, 0.5)",4.721708850826296,44.07898331034024,0.9515732171994213,2,0.21506810890173744,0.4301362178034749,0.0,0.0,0.0,0.0,45.30480439338866,3.6373921275432792,False,True,False,True,False,5.732813481154601
2024-05-02 00:00:00+00:00,48.89757199,49.4624744273,48.7060796383,49.0699151065,2210332,41.91680575274915,44.64024058158062,46.50534735247789,,,41.692736392629506,40.732918348609516,44.57217206940519,,,,,44.08974277127156,"rgba(38, 166, 154, 1.0)",4.650399935624697,44.08974277127156,1.0338528482029574,2,0.21592324945314106,0.43184649890628213,0.0,0.0,0.0,0.0,43.144214275559996,1.6049921355102938,False,True,False,True,False,6.557315295146534
2024-05-03 00:00:00+00:00,49.3475790163,49.4433251921,48.4284157285,49.0220420185,2782248,41.93282082433463,44.66943277972366,46.53720494151774,,,41.70972608139101,40.7551306685651,44.603651889660014,,,,,44.10511578248572,"rgba(38, 166, 154, 1.0)",4.572383984653252,44.10511578248572,1.1465492074615968,2,0.21647413196291165,0.4329482639258233,0.0,0.0,0.0,0.0,43.31399345292676,1.6049921355102938,False,True,False,True,False,7.687508261145666
2024-05-06 00:00:00+00:00,50.1805707459,50.6018539195,49.6156683086,49.6156683086,2490196,41.94921223371984,44.70144529975348,46.57669235507168,,,41.72704482625967,40.77743103126099,44.63804783544573,,,,,44.13160336000992,"rgba(38, 166, 154, 1.0)",4.497067487914325,44.13160336000992,1.3450915295681949,2,0.21668138189647962,0.43336276379295924,0.0,0.0,0.0,0.0,46.02863801225165,1.6049921355102938,False,True,False,True,False,9.723507870704061
2024-05-07 00:00:00+00:00,50.2763169218,50.6497270074,50.0465260998,50.0465260998,2864501,41.968425915133516,44.739090875125676,46.62344486167821,,,41.74733075099883,40.803474975971184,44.67844896173357,,,,,44.16392224456216,"rgba(38, 166, 154, 1.0)",4.429996650643888,44.16392224456216,1.3797741080344665,2,0.21748569070426418,0.43497138140852837,0.0,0.0,0.0,0.0,48.116886430329984,1.6049921355102938,False,True,False,False,True,9.954265208099208
2024-05-08 00:00:00+00:00,48.7443781087,49.5582206031,47.7007447923,48.9262958427,6413799,42.00266334224536,44.79711619238861,46.67899908703948,,,41.78370154659334,40.85122052321849,44.740921267077596,,,,,44.191922899819986,"rgba(38, 166, 154, 1.0)",4.352179276989402,44.191922899819986,1.0460173901726655,2,0.21847370765463747,0.43694741530927494,0.0,0.0,0.0,0.0,45.45650513884037,1.6049921355102938,False,True,False,True,True,5.318633459663825
2024-05-09 00:00:00+00:00,48.7348034911,49.4433251921,48.4571395812,49.0411912537,3220901,42.020264354884546,44.82716461489593,46.70860981471563,,,41.80237699778432,40.875619781077845,44.773205133702724,,,,,44.20992588302167,"rgba(38, 166, 154, 1.0)",4.279324433958422,44.20992588302167,1.0573812941527252,2,0.21862128898990096,0.4372425779798019,0.0,0.0,0.0,0.0,43.66156791450511,1.5493073739276753,False,True,False,True,True,5.290692399125369
2024-05-10 00:00:00+00:00,47.8156402032,49.1369374295,47.7246813362,49.012467401,2806434,42.03407464578032,44.84882775270116,46.72620036214358,,,41.81707578905689,40.89503473649635,44.79651940825324,,,,,44.21925307684276,"rgba(38, 166, 154, 0.5)",4.207649581708939,44.21925307684276,0.8547259120605194,2,0.21922541484393435,0.4384508296878687,0.0,0.0,0.0,0.0,40.53863071061296,-1.6258897900961742,False,True,False,True,False,2.644729718044861
2024-05-13 00:00:00+00:00,47.6720209395,48.3518187878,47.6241478516,48.1028787307,2001895,42.04334455387624,44.86255966406356,46.735686590075844,,,41.82696061961267,40.90817608351539,44.81131382293321,,,,,44.223844755047175,"rgba(38, 166, 154, 0.5)",4.1458010901054285,44.223844755047175,0.8317273572729798,2,0.2197126783479405,0.439425356695881,0.0,0.0,0.0,0.0,38.1801882324707,-4.0417392423538985,False,True,False,True,False,2.238895635203768
2024-05-14 00:00:00+00:00,47.6624463219,48.0693675692,47.2507377659,47.7390432626,3053820,42.056893992710165,44.88174837151785,46.7471201726263,,,41.841427619330204,40.9274932721079,44.83200064461194,,,,,44.229221867042575,"rgba(38, 166, 154, 0.5)",4.080523629926642,44.229221867042575,0.8413686002644579,2,0.22010285216525988,0.44020570433051975,0.0,0.0,0.0,0.0,36.58814317245816,-5.757037405089335,False,True,False,True,False,2.2114419364482636
2024-05-15 00:00:00+00:00,47.8539386736,48.3996918757,47.2507377659,47.8347894384,2721172,42.06928559847897,44.89968287244787,46.75896739718997,,,41.85464193558917,40.94505564146317,44.85130060805436,,,,,44.23636390531016,"rgba(38, 166, 154, 0.5)",4.014649384215328,44.23636390531016,0.9010935755718316,2,0.22080829557641848,0.44161659115283697,0.0,0.0,0.0,0.0,36.35906926365435,-6.265248126785188,False,True,False,True,False,2.7356369755911167
2024-05-16 00:00:00+00:00,47.202864678,48.1890502889,47.1645662077,48.0358564076,2491635,42.079966165014824,44.91416723044698,46.76647103041559,,,41.86605399908168,40.96032455537999,44.86690764475892,,,,,44.24074500105726,"rgba(38, 166, 154, 0.5)",3.9561364762163214,44.24074500105726,0.7487405186222816,2,0.22155939203110137,0.44311878406220273,0.0,0.0,0.0,0.0,34.73467133747396,-8.153004640557803,False,True,False,True,False,0.840741741242681
2024-05-17 00:00:00+00:00,47.6720209395,48.0358564076,47.1549915901,47.4518047351,3055846,42.093253138991145,44.93240222601703,46.77669599066813,,,41.88023934455433,40.97924453283136,44.88652882690566,,,,,44.247775773576436,"rgba(38, 166, 154, 0.5)",3.8714465768509734,44.247775773576436,0.8844872576567593,2,0.2221933542460065,0.444386708492013,0.0,0.0,0.0,0.0,35.68022655696801,-8.153004640557803,False,True,False,True,False,2.14654068166001
2024-05-20 00:00:00+00:00,47.6911701747,48.0167071725,47.4278681912,47.8730879087,1825012,42.1012881110235,44.94354030786404,46.783332077778276,,,41.88881151391986,40.990646786248945,44.89849958650785,,,,,44.25277610915902,"rgba(38, 166, 154, 0.5)",3.7746287878204208,44.25277610915902,0.910922440012016,2,0.22237378826316734,0.4447475765263347,0.0,0.0,0.0,0.0,36.393252692241035,-8.153004640557803,False,True,False,True,False,2.1999295327376203
2024-05-21 00:00:00+00:00,47.3464839417,47.9784087021,47.1789281341,47.3464839417,2135295,42.110308186318335,44.95547627695578,46.789243462157394,,,41.89844751119562,41.00352212232867,44.911338400941084,,,,,44.25742767980041,"rgba(38, 166, 154, 0.5)",3.656342197172063,44.25742767980041,0.8448487847468905,2,0.222710744497384,0.445421488994768,0.0,0.0,0.0,0.0,35.94944564130882,-8.153004640557803,False,True,False,True,False,1.1746150462208185
2024-05-22 00:00:00+00:00,46.6475368583,47.0975438846,46.3363617869,47.0017977088,2007556,42.11749512023437,44.96306983185398,46.78851039702433,,,41.9061756406497,41.014082352591366,44.91956674478812,,,,,44.25703260977748,"rgba(38, 166, 154, 0.5)",3.5213259856361163,44.25703260977748,0.6788647964640744,2,0.22341236568346054,0.4468247313669211,0.0,0.0,0.0,0.0,34.01871177379145,-10.159350460594311,False,True,False,True,False,0.0
2024-05-23 00:00:00+00:00,46.2262536847,47.3847824121,46.1017836561,47.020946944,1676070,42.12331746939256,44.96891242154465,46.78712393189219,,,41.91244355153938,41.02267882364531,44.925906725617274,,,,,44.256340231049705,"rgba(38, 166, 154, 0.5)",3.3959948167317076,44.256340231049705,0.580069629065609,2,0.22431800634840643,0.44863601269681286,0.0,0.0,0.0,0.0,31.878373306201013,-12.47132035515478,False,True,False,True,False,0.0
2024-05-24 00:00:00+00:00,46.2358283023,46.6906226374,46.0251867155,46.5039175945,2219084,42.13056433542125,44.9753680453534,46.783192436756195,,,41.920265697519405,41.033500925977826,44.932943035603216,,,,,44.25409936956636,"rgba(38, 166, 154, 0.5)",3.267278256377788,44.25409936956636,0.6065381572154948,2,0.2251573535154603,0.4503147070309206,0.0,0.0,0.0,0.0,30.502581145758523,-14.008604613696363,False,True,False,True,False,0.0
2024-05-28 00:00:00+00:00,47.1071185022,47.3369093242,46.4081714187,46.5422160649,2202373,42.13881650023181,44.984710420223614,46.78457214684192,,,41.929116109650124,41.045480449123936,44.94302026359155,,,,,44.25641165524996,"rgba(38, 166, 154, 0.5)",3.1275156083169917,44.25641165524996,0.9114924444722721,2,0.22579057995010096,0.4515811599002019,0.0,0.0,0.0,0.0,33.797038419278735,-14.008604613696363,False,True,False,True,True,0.5596805752837355
2024-05-29 00:00:00+00:00,47.0400961791,47.5667001461,46.6571114759,47.202864678,3753818,42.153216199249535,45.00152934197356,46.78877174738572,,,41.94453987033532,41.066259374783264,44.96112462516715,,,,,44.26242760655075,"rgba(38, 166, 154, 0.5)",2.969523246975146,44.26242760655075,0.9353920954748107,2,0.22711932254449407,0.45423864508898815,0.0,0.0,0.0,0.0,35.7970430139341,-14.008604613696363,False,True,False,True,True,0.3605425363038215
2024-05-30 00:00:00+00:00,48.1794756714,48.1986249065,46.9539246209,47.020946944,3349584,42.167779813333894,45.02119576160181,46.8008329426098,,,41.960059270255556,41.08678927671918,44.98217652939393,,,,,44.27478569186643,"rgba(38, 166, 154, 1.0)",2.8341413298166533,44.27478569186643,1.3777329798109168,2,0.22803947939732278,0.45607895879464555,0.0,0.0,0.0,0.0,41.43000509873744,-14.420096718713346,False,True,False,True,True,3.623721256881179
2024-05-31 00:00:00+00:00,49.4720490449,49.5199221328,48.3039456999,48.3805426406,4001372,42.18915342545249,45.05541583645506,46.833841785182244,,,41.982677018866845,41.11596092542375,45.01861049978337,,,,,44.68566004694571,"rgba(0, 255, 255, 0.75)",2.6716242664021888,44.68566004694571,1.791565175592598,1,0.3024453537624625,0.3024453537624625,0.0,0.0,0.0,0.0,48.51181121094816,-7.99548551005666,False,True,False,False,True,7.062036118781158
2024-06-03 00:00:00+00:00,46.3219998605,49.3954521042,46.1783805968,49.2614074581,3687954,42.203634792629444,45.072634134460486,46.83991499547846,,,41.998155463255735,41.13663968154671,45.03705918522291,,,,,44.650430751306274,"rgba(38, 166, 154, 0.5)",2.514987118459498,44.650430751306274,0.6646432090744108,1,0.3056229999745106,0.3056229999745106,0.0,0.0,0.0,0.0,45.68598418882999,-7.99548551005666,False,True,False,True,True,0.0
2024-06-04 00:00:00+00:00,45.4890081309,45.7858212759,45.0581503397,45.6709258649,2331658,42.20943140617007,45.074429214359384,46.82847977308688,,,42.0044878172525,41.14572951335098,45.03913206173034,,,,,44.611843257047916,#000000,2.4254746561876526,44.611843257047916,0.3616466870162246,1,0.3095442003932974,0.3095442003932974,0.0,0.0,0.0,0.0,42.53317986163613,-7.99548551005666,False,True,False,True,False,0.0
2024-06-05 00:00:00+00:00,45.5943289243,45.9773136276,45.4219858078,45.6039035419,2729397,42.216650657278294,45.07774654857204,46.817421867464326,,,42.01234351331919,41.15686390639156,45.04283614847916,,,,,44.58616404316702,#000000,2.3535091916634414,44.58616404316702,0.4283666640028805,1,0.31395178366539217,0.31395178366539217,0.0,0.0,0.0,0.0,40.70876675778575,-1.6112164757161338,False,True,False,True,False,0.0
2024-06-06 00:00:00+00:00,46.3124252429,46.3315744781,45.5273066012,45.5368812188,2413402,42.22373294716855,45.082590542392346,46.811087991077045,,,42.02000528468723,41.167517033704286,45.04812014091636,,,,,44.57553451326817,"rgba(38, 166, 154, 0.5)",2.250440031523745,44.57553451326817,0.771800494704053,1,0.3181388496051447,0.3181388496051447,0.0,0.0,0.0,0.0,41.363134328816166,-1.6112164757161338,False,True,False,True,False,0.0
2024-06-07 00:00:00+00:00,45.6039035419,46.1975298319,45.5847543067,45.9964628627,2204290,42.22973873609637,45.08579618923528,46.80341821793737,,,42.02652587333857,41.1766880924532,45.05165904424499,,,,,44.56511127400876,#000000,2.2160586246435034,44.56511127400876,0.4687566729234684,1,0.3239772589715729,0.3239772589715729,0.0,0.0,0.0,0.0,40.54435444607792,-1.9089096981403344,False,True,False,True,False,0.0
2024-06-10 00:00:00+00:00,46.4560445066,46.7337084165,45.3645381023,45.7283735704,2181933,42.23631076160167,45.090666685645864,46.798828276046315,,,42.03362271431605,41.18649269450279,45.05694592378022,,,,,44.56100811686863,"rgba(38, 166, 154, 0.5)",2.1659419870145973,44.56100811686863,0.8749248138189409,1,0.33071562809313815,0.33071562809313815,0.0,0.0,0.0,0.0,42.12716138466837,-1.9089096981403344,False,True,False,True,False,0.0
2024-06-11 00:00:00+00:00,46.5326414473,46.6858353286,45.5847543067,46.2071044495,2122510,42.24281679585181,45.0957194994589,46.79502280970064,,,42.04064061026582,41.196151241063355,45.06241662058829,,,,,44.558736311778446,"rgba(38, 166, 154, 0.5)",2.104674877232401,44.558736311778446,0.9378670106601903,1,0.3379883250637645,0.3379883250637645,0.0,0.0,0.0,0.0,43.368911694825755,-1.9089096981403344,False,True,False,True,False,0.0
2024-06-12 00:00:00+00:00,46.3124252429,47.3847824121,46.0634851858,47.0305215615,2609538,42.2514189622345,45.10354812975028,46.79320531350824,,,42.049886046953766,41.20871993514025,45.07083834631825,,,,,44.56047068848734,"rgba(38, 166, 154, 0.5)",2.0441871271408787,44.56047068848734,0.8570421617237377,2,0.22315438271853114,0.44630876543706227,0.0,0.0,0.0,0.0,43.71777809564589,-1.9089096981403344,False,True,False,True,False,0.0
2024-06-13 00:00:00+00:00,44.8379341353,46.2932760077,44.4453748145,46.2932760077,2619075,42.25725198837274,45.10401277505748,46.77929498295968,,,42.056286653253345,41.21801971316977,45.0715074996286,,,,,44.54696150307162,#000000,2.015341809299373,44.54696150307162,0.1443788001051481,2,0.22719073983781715,0.4543814796756343,0.0,0.0,0.0,0.0,41.17400997251182,-2.2045729413230717,False,True,False,True,False,0.0
2024-06-14 00:00:00+00:00,44.1485616694,44.9532778666,43.9028100164,44.9484592068,2893157,42.26179426908155,45.09958511295956,46.756057269074866,,,42.0614021479218,41.226037117137324,45.06704790938357,,,,,44.52392479824422,#000000,2.0510160230997463,44.52392479824422,-0.18301326007044985,2,0.2306953294417173,0.4613906588834346,0.0,0.0,0.0,0.0,38.42012411400932,-5.05373851863618,False,True,False,True,False,0.0
2024-06-17 00:00:00+00:00,43.9750899144,44.2208415674,43.7148822817,44.1967482681,6121400,42.269660905660004,45.08599539211776,46.701128882163204,,,42.070426521621734,41.24089163938725,45.05317657783045,,,,,44.47444486588428,#000000,2.1135945934278304,44.47444486588428,-0.2362586245427624,3,0.18974059535473864,0.5692217860642159,0.0,0.0,0.0,0.0,36.323442506933304,-7.223144723389744,False,True,False,True,False,0.0
2024-06-18 00:00:00+00:00,44.2738468259,44.7460754925,44.023276513,44.1871109483,8299737,42.28255382457009,45.074143395099426,46.63985156367815,,,42.08493096421325,41.26352736475414,45.04128357028291,,,,,44.43059194590229,#000000,2.1716907625362385,44.43059194590229,-0.0721765376112917,3,0.1918991607671141,0.5756974823013423,0.0,0.0,0.0,0.0,35.90044140146621,-7.840660395390572,False,True,False,True,False,0.0
2024-06-20 00:00:00+00:00,44.9195472476,45.2472161183,44.0618257919,44.3123961048,2965429,42.28799561606044,45.07225403101795,46.622366346003865,,,42.090965716932814,41.27256106787471,45.0394967819533,,,,,44.42083411469812,#000000,2.2000534015363233,44.42083411469812,0.22668228532708634,3,0.19439967521780302,0.5831990256534091,0.0,0.0,0.0,0.0,37.630002943209405,-7.840660395390572,False,True,False,True,False,0.0
2024-06-21 00:00:00+00:00,44.3798573429,45.1026563224,44.0425511524,45.0544697238,9999989,42.304434040760675,45.06161357642345,46.55863806957744,,,42.109333708952875,41.300646195527946,45.02898477896582,,,,,44.385390851670415,#000000,2.2390040251604044,44.385390851670415,-0.0024714152847562783,4,0.1825422870454469,0.7301691481817876,0.0,0.0,0.0,0.0,37.705053445992824,-7.840660395390572,False,True,False,True,False,0.0
2024-06-24 00:00:00+00:00,45.4977864312,45.6616208666,44.5629664177,44.6400649755,3653043,42.31235409403719,45.062840209169,46.54428355259909,,,42.11800159300482,41.31309960304659,45.03050511933685,,,,,44.38188939292782,#000000,2.260533485960263,44.38188939292782,0.4936432241339496,4,0.18468945360874378,0.7387578144349751,0.0,0.0,0.0,0.0,40.905137972776835,-7.840660395390572,False,True,False,True,True,0.0
2024-06-25 00:00:00+00:00,44.977371166,45.295402717,44.4858678599,45.295402717,2634105,42.31741498387576,45.06213633459886,46.53162199543273,,,42.12358213798906,41.321300196219724,45.0299337775265,,,,,44.3771548205853,#000000,2.289189596899967,44.3771548205853,0.26219599557306966,4,0.24001314827730608,0.9600525931092243,0.0,0.0,0.0,0.0,41.899367024502226,-7.840660395390572,False,True,False,True,True,0.0
2024-06-26 00:00:00+00:00,44.3027587851,44.9388218871,43.5703224858,44.9388218871,3382871,42.32227206942173,45.05717448450831,46.50921777350035,,,42.12906067110534,41.32988787083647,45.02494561248477,,,,,44.50158046920267,#000000,2.3343802643571547,44.50158046920267,-0.08517107822508954,4,0.24432639698413924,0.977305587936557,-1.0,0.0,43.570324,647.0,41.195920028441975,-7.840660395390572,False,True,False,True,True,0.0
2024-06-27 00:00:00+00:00,44.8809979687,44.9291845673,44.3798573429,44.5918783769,2683008,42.32701138217925,45.05555589763034,46.49534400982981,,,42.13431373437985,41.337721829678955,45.023416886240234,,,,,44.50582756126963,#000000,2.370482180543282,44.50582756126963,0.158267550167529,4,0.25020382779752126,1.000815311190085,0.0,0.0,0.0,0.0,42.35123820307375,-12.86173731803148,False,True,False,True,True,0.0
2024-06-28 00:00:00+00:00,45.1701175605,45.8640045808,44.9195472476,45.4399625129,7576260,42.34354355690228,45.05917029831997,46.46997600514172,,,42.152367114359045,41.36344972435426,45.027664794030855,,,,,44.52542998227192,#000000,2.399876080668626,44.52542998227192,0.26863369463996006,5,0.2292195065313752,1.146097532656876,0.0,0.0,0.0,0.0,43.907518121998024,-11.160476908619358,False,True,False,True,True,0.0
2024-07-01 00:00:00+00:00,45.2375787986,45.8061806625,44.7460754925,45.6327089074,2580530,42.34903026411295,45.060123670962916,46.46118538627697,,,42.158364292009935,41.372017089517215,45.02881680163038,,,,,44.52650145034706,#000000,2.424642188119384,44.52650145034706,0.2932710449967323,5,0.23551190061107982,1.1775595030553991,0.0,0.0,0.0,0.0,45.13610782618633,-9.79281114386859,False,False,False,True,True,0.0
2024-07-02 00:00:00+00:00,45.1893922,46.0085643768,44.9099099279,45.6905328258,2043924,42.35351898303434,45.06126325205757,46.45492127285798,,,42.16325962911882,41.37896039436174,45.030130252317,,,,,44.528047167959144,#000000,2.450868074594011,44.528047167959144,0.2698411386954839,5,0.24217810352060623,1.2108905176030311,0.0,0.0,0.0,0.0,45.821441988499124,-8.931093148300853,False,False,False,False,True,0.0
2024-07-03 00:00:00+00:00,46.0760256148,46.5386169617,45.256853438,45.295402717,1560705,42.35760390678196,45.063777746487304,46.45275031034027,,,42.167671165107464,41.38502466007991,45.03285299849461,,,,,44.53357396373134,"rgba(38, 166, 154, 0.5)",2.4639093735587494,44.53357396373134,0.6260180133333472,5,0.24987957726688173,1.2493978863344086,0.0,0.0,0.0,0.0,48.843799536786065,-5.906095091033002,True,False,False,False,True,0.0
2024-07-05 00:00:00+00:00,44.8328113701,46.1916734516,44.7374019048,46.1338495332,3700926,42.36536848443077,45.06503514793144,46.44047876521519,,,42.176157768366416,41.397139070975285,45.034382300404715,,,,,44.53280435723743,#000000,2.4949481866513077,44.53280435723743,0.12024578885753873,5,0.2582579789965565,1.2912898949827825,0.0,0.0,0.0,0.0,47.500702164294694,-5.906095091033002,True,False,False,False,True,0.0
2024-07-08 00:00:00+00:00,45.0255577646,45.1026563224,44.4280439415,44.6207903361,1758818,42.36853257971686,45.064368152577096,46.432788920142144,,,42.17965009468034,41.40227260780083,45.03378505957671,,,,,44.52927009424877,#000000,2.5202275464923956,44.52927009424877,0.19692177043376619,5,0.26525519084592736,1.3262759542296367,0.0,0.0,0.0,0.0,47.16360968432226,-5.906095091033002,True,False,False,False,True,0.0
2024-07-09 00:00:00+00:00,44.7846247714,45.4014132339,44.4280439415,44.5726037374,1279642,42.37084741365293,45.06392931871051,46.427308393614034,,,42.182203525616,41.40601879062894,45.033398820176544,,,,,44.5269291047664,#000000,2.5460796772910492,44.5269291047664,0.10121272673908416,5,0.2740190551977981,1.3700952759889906,0.0,0.0,0.0,0.0,46.318086695097264,-5.906095091033002,False,False,False,False,False,0.0
2024-07-10 00:00:00+00:00,45.6230715877,45.6423462271,44.5244171388,44.5244171388,2039666,42.375105187769414,45.06464916455979,46.42083231554382,,,42.186855233030826,41.412646694344524,45.03426684687107,,,,,44.526685270223474,#000000,2.5575919291991402,44.526685270223474,0.4286791434393657,5,0.28370892757441823,1.4185446378720912,0.0,0.0,0.0,0.0,48.20855933304297,-5.906095091033002,True,False,False,False,False,0.0
2024-07-11 00:00:00+00:00,46.4133318053,46.7024513971,45.5218797305,45.7290821047,2628548,42.38237119820236,45.06996622981309,46.41934964226957,,,42.19467266561741,41.423252079129604,45.039972859354044,,,,,44.53621701162135,"rgba(38, 166, 154, 0.5)",2.5628138195664723,44.53621701162135,0.7324429029324407,4,0.23199967264924137,0.9279986905969655,0.0,0.0,0.0,0.0,51.407714221990055,-3.0983304747015197,True,False,True,False,True,0.36618987896376254
2024-07-12 00:00:00+00:00,46.4904303631,47.271053261,46.3555078869,47.1264934651,2148117,42.38905061497993,45.0761345962468,46.42100567043487,,,42.201820067034014,41.43277311808838,45.0465388850054,,,,,44.54747976978081,"rgba(38, 166, 154, 0.5)",2.5624045726483473,44.54747976978081,0.7582528590756764,4,0.236395367537042,0.945581470148168,0.0,0.0,0.0,0.0,53.720999811005555,-0.9220645439094568,True,False,True,False,True,0.5677282819423901
2024-07-15 00:00:00+00:00,47.1168561454,47.5505355331,46.6157155196,46.9337470705,3291833,42.40016449704732,45.08773080694646,46.426921583737865,,,42.213670604190526,41.44836767124008,45.058834956748726,,,,,44.56816252151398,"rgba(38, 166, 154, 0.5)",2.561170565608484,44.56816252151398,0.9951284221792924,4,0.24236087801427672,0.9694435120571069,0.0,0.0,0.0,0.0,56.69194888332959,1.8351269084800421,True,False,True,False,True,2.197643191393766
2024-07-16 00:00:00+00:00,46.7024513971,47.0204829481,46.422969125,46.7795499549,1763390,42.4056174624009,45.092724940627534,46.42827243716593,,,42.21950398248725,41.4561276787,45.064145891207616,,,,,44.57616182225264,"rgba(38, 166, 154, 0.5)",2.5608917481425193,44.57616182225264,0.8302926417680931,4,0.2449614448004023,0.9798457792016092,0.0,0.0,0.0,0.0,57.21808093796767,2.3038835551340213,True,False,True,False,True,1.0731314986497402
2024-07-17 00:00:00+00:00,46.7120887168,47.7709410352,46.6735394379,46.8277365535,3250721,42.4164166646572,45.10374640988695,46.43361399503536,,,42.23102083912033,41.47128561888204,45.07582706078314,47.052189729966656,,,,44.86467879111797,"rgba(38, 166, 154, 0.5)",2.555837837831474,44.86467879111797,0.7228196947148583,4,0.24776071372682576,0.991042854907303,0.0,0.0,0.0,0.0,57.59358138744586,2.7447537500232144,True,False,True,False,True,1.0986771872331147
2024-07-18 00:00:00+00:00,46.0663882951,47.0401016399,45.965196438,46.8084619141,1692554,42.42117968376556,45.10740667944878,46.43327500933875,,,42.23613436910544,41.478166702712805,45.07973530687328,46.81423838858027,,,,44.85726718855629,#000000,2.5530253542521604,44.85726718855629,0.47360325056304986,4,0.25076209893552887,1.0030483957421155,0.0,0.0,0.0,0.0,55.589582694633584,2.7447537500232144,True,False,True,False,True,0.0
2024-07-19 00:00:00+00:00,45.5266983904,45.998927057,45.2086668394,45.8158179822,2053622,42.425802444530675,45.109068455448934,46.428694917342646,,,42.24115197766215,41.48516063543005,45.081572756341686,46.45142523443036,,,,44.8391484385822,#000000,2.5499358408071764,44.8391484385822,0.26963421620841954,4,0.25337866922071883,1.0135146768828753,0.0,0.0,0.0,0.0,52.59766802512537,7.539323191640612,True,False,True,False,False,0.0
2024-07-22 00:00:00+00:00,45.083381683,45.4206878734,44.6497022952,45.2183041591,2618706,42.43069570975474,45.10880935746706,46.41935161990379,,,42.24652171804543,41.49290098541716,45.08143089505231,46.07010456081802,,,,44.81576023319802,#000000,2.5230817030224237,44.81576023319802,0.10606927610841638,4,0.25537870523837086,1.0215148209534834,0.0,0.0,0.0,0.0,49.35916626740162,4.50697904184856,True,False,False,False,False,0.0
2024-07-23 00:00:00+00:00,44.6111530163,45.0159204449,44.3509453837,44.8231740503,2399067,42.43449453759724,45.10697142801472,46.40848213257712,,,42.25073820987277,41.49918491725393,45.079629106898786,45.78840563555841,,,,44.79501610607112,#000000,2.491337415330669,44.79501610607112,-0.07380095872991649,4,0.2541399622657436,1.0165598490629744,0.0,0.0,0.0,0.0,45.97431878892006,1.4043723927917284,False,False,False,True,False,0.0
2024-07-24 00:00:00+00:00,43.9847272341,45.0689257034,43.9847272341,44.7460754925,2121338,42.437371450241805,45.10423033082829,46.39728106889218,,,42.253971079584964,41.504171982412515,45.07687087871477,45.5719682182925,,,,44.77654152031282,#000000,2.4446276776532687,44.77654152031282,-0.3238997469638914,4,0.25084666164560165,1.0033866465824066,0.0,0.0,0.0,0.0,42.26430194229667,-1.9513106296200888,False,True,False,True,False,0.0
2024-07-25 00:00:00+00:00,44.1871109483,44.5822410572,43.9076286763,43.9654525946,2485179,42.440518783833,45.100537805341844,46.38355099052703,,,42.257528421640686,41.50974551293836,45.0731374787793,45.370669938763506,,,,44.756999263363475,#000000,2.3848534478413685,44.756999263363475,-0.2389615662041216,4,0.2479313930207501,0.9917255720830004,0.0,0.0,0.0,0.0,40.616765672309896,-3.3761644832966766,False,True,False,True,False,0.0
2024-07-26 00:00:00+00:00,44.3798573429,44.5726037374,43.6956076423,44.235297547,3239559,42.44458284099757,45.09571824315035,46.36583288403288,,,42.26212376051088,41.51695105381735,45.068264902846586,45.18233123377,,,,44.73575382822263,#000000,2.3073046424399615,44.73575382822263,-0.1542477221153882,4,0.24577125836717836,0.9830850334687135,0.0,0.0,0.0,0.0,40.31876441702004,-3.6615547849967953,False,True,False,True,False,0.0
2024-07-29 00:00:00+00:00,43.7630688804,44.6978888939,43.2619282546,44.5340544585,2875128,42.44754894234363,45.09000045864347,46.3481276167089,,,42.26554325749122,41.52258693140461,45.06243848680863,45.021135186736416,,,,44.71518203101783,#000000,2.2334391535795097,44.71518203101783,-0.4262991221819908,4,0.24281179142580084,0.9712471657032034,0.0,0.0,0.0,0.0,38.546794474619844,-5.4443163143702975,False,True,False,True,False,0.0
2024-07-30 00:00:00+00:00,44.3123961048,44.447318581,42.4042067988,43.7148822817,3880336,42.45102462829932,45.08116792716272,46.32283895670443,,,42.26961471406281,41.529560307294304,45.05341329692598,44.831635273713324,,,,44.687664185471824,#000000,2.1628969361937185,44.687664185471824,-0.1735025254287995,4,0.24052355314404922,0.9620942125761969,0.0,0.0,0.0,0.0,39.624562252925855,-5.4443163143702975,False,True,False,True,False,0.0
2024-07-31 00:00:00+00:00,44.7557128122,46.5964408801,44.2063855878,45.8832792203,5993902,42.4625048191966,45.082204380780404,46.30618355063315,,,42.2821605225573,41.54738699804915,45.054779208342374,44.89680232697712,,,,44.68849054551848,#000000,2.112856685861712,44.68849054551848,0.03181581937447058,4,0.23895386835646665,0.9558154734258666,0.0,0.0,0.0,0.0,41.987212718899706,-5.4443163143702975,False,True,False,True,True,0.0
2024-08-01 00:00:00+00:00,42.8667981457,45.0930190027,42.7318756696,44.5436917782,2944385,42.46477102743854,45.07487857188684,46.286585728542235,,,42.2848631997279,41.55220467432249,45.047282459729445,44.78642009693532,,,,44.66930180667978,"rgba(239, 83, 80, 0.5)",2.123730117359768,44.66930180667978,-0.8487442195436126,4,0.23461034473160935,0.9384413789264374,0.0,0.0,0.0,0.0,39.136739861628016,-5.4443163143702975,False,True,False,True,True,0.0
2024-08-02 00:00:00+00:00,40.0816127446,42.2403723635,39.5708347991,42.2403723635,4623489,42.458865057764584,45.041462046706776,46.223822396041086,,,42.279404990340346,41.54876140864635,45.01268437440351,44.30822747023374,,,,44.59013639735697,"rgba(255, 26, 202, 1.0)",2.225394028783175,44.59013639735697,-2.025943987646174,5,0.3168725414734381,1.5843627073671904,0.0,0.0,0.0,0.0,33.71972732678464,-10.002542820257418,False,True,False,True,False,0.0
2024-08-05 00:00:00+00:00,38.4721803502,38.9829582958,37.5759096156,38.587828187,4533733,42.44591004873071,44.99243681917811,46.13899359201292,,,42.26670971137009,41.53705773696065,44.96184353125029,43.70342734589567,,,,44.322842950509035,"rgba(255, 26, 202, 1.0)",2.3914778637779897,44.322842950509035,-2.4464632054199003,5,0.2996831659198041,1.4984158295990204,0.0,0.0,0.0,0.0,28.83396411875424,-14.43019655224058,False,True,False,True,False,0.0
2024-08-06 00:00:00+00:00,39.3202644862,39.6768453161,38.2408846768,38.48181767,4139114,42.4362619346268,44.9531846808383,46.07028715521267,,,42.2573507902717,41.52889148141971,44.921184781949215,43.31162932104061,,,,44.26119573559656,"rgba(255, 0, 0, 1.0)",2.5076469675434083,44.26119573559656,-1.970345632119377,5,0.2882233421259328,1.441116710629664,0.0,0.0,0.0,0.0,27.958652069101845,-15.101540998528165,False,True,False,True,False,0.0
2024-08-07 00:00:00+00:00,39.4359123229,40.5827533704,39.3877257243,40.2647218195,2871315,42.431035541982354,44.929573267632435,46.028252778607985,,,42.25235996460196,41.52492052367418,44.89675739406692,43.11680220971875,,,,44.230237353032734,"rgba(255, 0, 0, 1.0)",2.600216942936325,44.230237353032734,-1.8438173180729625,5,0.2782934433134675,1.3914672165673374,0.0,0.0,0.0,0.0,27.696590430370517,-15.392892413149937,False,True,False,True,False,0.0
2024-08-08 00:00:00+00:00,40.9393342003,40.9586088398,39.715394595,39.8406797515,2622096,42.42761136998343,44.911266088241966,45.99483398040213,,,42.24918307453359,41.52285181649355,44.87784478996749,42.99236500369168,,,,44.211926408276696,"rgba(239, 83, 80, 1.0)",2.633600467312431,44.211926408276696,-1.2426304781591828,5,0.2724622507525406,1.362311253762703,0.0,0.0,0.0,0.0,31.344520620656784,-15.392892413149937,False,True,False,True,False,0.0
2024-08-09 00:00:00+00:00,40.9489715201,41.2188164724,40.4960174929,40.9971581187,1845633,42.42565378877293,44.8994957326506,45.97304793669571,,,42.24741006041187,41.5219166412012,44.86569686342817,42.92324214082477,,,,44.20101567117977,"rgba(239, 83, 80, 1.0)",2.6485637065614,44.20101567117977,-1.2278519648303485,5,0.26719680454714806,1.3359840227357402,0.0,0.0,0.0,0.0,33.799158954542094,-15.392892413149937,False,True,False,True,True,0.0
2024-08-12 00:00:00+00:00,41.5272107037,41.8452422547,41.1899045132,41.1899045132,2723616,42.42395920887538,44.88497179575177,45.94519462146115,,,42.24601609684759,41.52191418860337,44.85073528991193,42.858405508846964,,,,44.19245471024449,"rgba(239, 83, 80, 1.0)",2.6406096977459335,44.19245471024449,-1.0093290230735672,5,0.263434861795744,1.31717430897872,0.0,0.0,0.0,0.0,36.8291171732481,-20.353960104359103,False,True,False,True,True,0.0
2024-08-13 00:00:00+00:00,40.9489715201,41.1802671935,40.1876232616,41.093531316,2812241,42.420771575992894,44.86679814700104,45.91199438355325,,,42.24310265503254,41.52023919099405,44.831985641886405,42.76336140475786,,,,44.16906255349521,"rgba(239, 83, 80, 1.0)",2.634329560636874,44.16906255349521,-1.2223569448223173,5,0.2593467541007869,1.2967337705039346,0.0,0.0,0.0,0.0,37.85130855625107,-19.291824411589683,False,True,False,True,True,0.0
2024-08-14 00:00:00+00:00,40.9489715201,41.199541833,40.6887638874,41.1128059554,1631495,42.4191219425491,44.85677188179949,45.89357169731346,,,42.24161644838063,41.519495462103926,44.82164844525996,42.716556815110174,,,,44.15668932040795,"rgba(239, 83, 80, 1.0)",2.618096316440669,44.15668932040795,-1.2252100047521837,5,0.2556284748023556,1.278142374011778,0.0,0.0,0.0,0.0,38.53276947825306,-18.440992435532245,False,True,False,True,True,0.0
2024-08-15 00:00:00+00:00,42.2500096832,42.3078336016,41.3681949282,41.4886614248,1825655,42.41856725907055,44.84855063794423,45.87737415893059,,,42.24127555101621,41.520154888699395,44.81320153466378,42.695796839208555,,,,44.15201532834974,"rgba(239, 83, 80, 0.5)",2.561320880841427,44.15201532834974,-0.7425878027921706,5,0.2535434801442058,1.267717400721029,0.0,0.0,0.0,0.0,42.1860565903889,-14.780811519819629,False,False,False,True,True,0.0
2024-08-16 00:00:00+00:00,41.6332212207,42.1825484451,41.5464853431,41.5464853431,1717082,42.4178261613716,44.84035805885831,45.8615337921279,,,42.24072970552672,41.52051802137571,44.804779510465224,42.67248202352492,,,,44.14533920924187,"rgba(239, 83, 80, 0.5)",2.5627372295165305,44.14533920924187,-0.9802479784537984,5,0.2513335676689315,1.2566678383446575,0.0,0.0,0.0,0.0,43.35349056234745,-13.512352234423517,False,False,False,True,True,0.0
2024-08-19 00:00:00+00:00,42.0379886492,42.6547771118,41.7585063771,41.8645168941,1591373,42.41753548010209,44.833702489191644,45.848260603132324,,,42.24062916003744,41.52131022338812,44.797949838770215,42.660352183724086,,,,44.14146185833568,"rgba(239, 83, 80, 0.5)",2.5635043525768952,44.14146185833568,-0.8205459869889503,5,0.2494678878475638,1.247339439237819,0.0,0.0,0.0,0.0,45.08350547002247,-11.66563091259058,False,False,False,True,True,0.0
2024-08-20 00:00:00+00:00,41.0549820371,42.1343618465,40.9296968806,41.8452422547,1612515,42.41638620652266,44.8250478198702,45.8321003121085,,,42.23965143429016,41.52112148068977,44.78904360272357,42.630741075673214,,,,44.13135378308079,"rgba(239, 83, 80, 1.0)",2.5740315623041106,44.13135378308079,-1.1951569635094217,5,0.24674593447749021,1.2337296723874511,0.0,0.0,0.0,0.0,44.24423908776558,-11.66563091259058,False,False,False,True,True,0.0
2024-08-21 00:00:00+00:00,41.1513552343,41.6043092615,40.7369504861,41.411562867,3606845,42.41331202685489,44.80468349085022,45.79469931009372,,,42.23694742059295,41.520108282095215,44.768081476921886,42.55897987403785,,,,44.10525062531291,"rgba(239, 83, 80, 1.0)",2.568649080264496,44.10525062531291,-1.1499801252371726,5,0.24468334260646757,1.223416713032338,0.0,0.0,0.0,0.0,43.93564226801682,-11.66563091259058,False,False,False,True,True,0.0
2024-08-22 00:00:00+00:00,41.0646193568,41.4404748261,40.9007849214,41.2862777105,1510722,42.41199919202668,44.796153878050276,45.779114743063396,,,42.23578846867102,41.51965127678973,44.75930352559111,42.53038702108979,,,,44.09419276206002,"rgba(239, 83, 80, 1.0)",2.5390561134031238,44.09419276206002,-1.1931888347278183,5,0.24286214425549427,1.2143107212774713,0.0,0.0,0.0,0.0,43.544957317705645,-11.66563091259058,False,False,False,True,True,0.0
2024-08-23 00:00:00+00:00,41.7585063771,41.9127034928,41.3007336901,41.4404748261,2181850,42.41088121002689,44.785651461262624,45.759299538183704,,,42.234910892452945,41.519886989525844,44.74851602793742,42.505776779017424,,,,44.08301111228038,"rgba(239, 83, 80, 0.5)",2.4874921495061932,44.08301111228038,-0.9344772145881283,5,0.2422425372104237,1.2112126860521184,0.0,0.0,0.0,0.0,45.2171813079958,-10.428950171742862,True,False,False,True,True,0.0
2024-08-26 00:00:00+00:00,42.3560202002,43.0499072206,41.9319781322,42.5680412342,2192023,42.4109333527448,44.77781283553864,45.74337363201576,,,42.23523208161905,41.521477322443396,44.740499347460606,42.504129683091485,,,,44.12411505192676,"rgba(239, 83, 80, 0.5)",2.461043666304028,44.12411505192676,-0.7184329461256842,5,0.24383973169394305,1.2191986584697152,0.0,0.0,0.0,0.0,47.83318377138284,-7.6902418413975795,True,False,False,False,True,0.0
2024-08-27 00:00:00+00:00,41.6717704996,42.3174709213,41.4212001867,42.0669006084,1510331,42.41031199925748,44.770962717281314,45.73036849696654,,,42.23477984509647,41.52181060021664,44.733470580433945,42.49108234972617,,,,44.10389292643568,"rgba(239, 83, 80, 0.5)",2.4415439410653392,44.10389292643568,-0.9961411654030882,5,0.24548993849531228,1.2274496924765614,0.0,0.0,0.0,0.0,47.820148559358245,-7.465722424237093,True,False,False,False,True,0.0
2024-08-28 00:00:00+00:00,41.6043092615,41.7681436969,41.1899045132,41.30555235,1793803,42.4092326543627,44.76209663272968,45.71392959553672,,,42.23389271161032,41.5218091638185,44.72436494027239,42.470086778816125,,,,44.08264409747884,"rgba(239, 83, 80, 1.0)",2.438241927353193,44.08264409747884,-1.0164433677297853,5,0.24844398192001726,1.2422199096000863,0.0,0.0,0.0,0.0,47.641663722700336,-7.347282755249211,True,False,False,False,True,0.0
2024-08-29 00:00:00+00:00,42.2307350438,42.4668493771,41.5368480234,41.9705274111,1383975,42.408922988929405,44.75645973548411,45.70300817907661,,,42.23374355042663,41.52241015237475,44.7185909865562,42.4636508877268,,,,44.078632411642985,"rgba(239, 83, 80, 0.5)",2.425692196287722,44.078632411642985,-0.7618020829975888,5,0.25251175749390076,1.2625587874695037,0.0,0.0,0.0,0.0,49.24778453197091,-5.530225926776339,True,False,False,False,True,0.0
2024-08-30 00:00:00+00:00,41.2766403908,41.9223408125,40.7465878058,41.7199570982,2964324,42.406736293281,44.74104868628847,45.674957620063026,,,42.231863177988274,41.521931790868656,44.70275909340799,42.42463083220529,,,,44.049114833656034,"rgba(239, 83, 80, 1.0)",2.425262282914087,44.049114833656034,-1.143164787737826,5,0.2564850353325607,1.2824251766628034,0.0,0.0,0.0,0.0,47.84856663537933,-5.530225926776339,True,False,False,False,True,0.0
2024-09-03 00:00:00+00:00,39.8117677923,40.5104734725,39.6142027379,40.457468214,2630317,42.40243673126726,44.72219986202103,45.64282844406923,,,42.22777806522126,41.518777395148625,44.683340491169375,42.353053041341,,,,44.00068722404339,"rgba(255, 0, 0, 1.0)",2.4488267390934966,44.00068722404339,-1.7105822003944775,5,0.25902969214974514,1.2951484607487256,0.0,0.0,0.0,0.0,44.02344430324564,-1.2835148364532998,False,False,False,True,False,0.0
2024-09-04 00:00:00+00:00,39.3395391257,40.563478731,39.2142539692,40.0430634657,3125288,42.396774495051204,44.69871901693975,45.60330343223562,,,42.22235643981871,41.51438452559678,44.65914705015948,42.26409319966501,,,,43.946925983102375,"rgba(255, 0, 0, 1.0)",2.491160721557196,43.946925983102375,-1.8494940200094157,5,0.260191719017941,1.3009585950897051,0.0,0.0,0.0,0.0,40.69821829304591,-4.408087890823616,False,False,False,True,False,0.0
2024-09-05 00:00:00+00:00,39.3395391257,40.1201620235,39.0504195338,40.0141515065,3093901,42.390772690531094,44.67475603256341,45.56336526312177,,,42.216582391213024,41.509572410252765,44.63445798524922,42.17521037771336,,,,43.89676823875674,"rgba(255, 0, 0, 1.0)",2.5199891838151034,43.89676823875674,-1.8084320132507026,5,0.2599956707453928,1.299978353726964,0.0,0.0,0.0,0.0,38.48140095291276,-6.436764061512207,False,True,False,True,False,0.0
2024-09-06 00:00:00+00:00,38.8287611801,39.8647730508,38.4914549897,39.397363044,3696271,42.382542994522986,44.64399509771307,45.512903326069996,,,42.20859841609934,41.50259435289487,44.602757656370066,42.059887093669055,,,,43.83416597474462,"rgba(255, 0, 0, 1.0)",2.556446372411806,43.83416597474462,-1.9579541541184036,5,0.2577879470899909,1.2889397354499545,0.0,0.0,0.0,0.0,36.12721528449483,-8.605276083935891,False,True,False,True,False,0.0
2024-09-09 00:00:00+00:00,38.8287611801,39.3202644862,38.6022841665,38.8480358196,5092822,42.37077961725201,44.60107664838458,45.443115539754736,,,42.197161546523056,41.49247915179249,44.558542080966454,41.90728723465863,,,,43.75363776783655,"rgba(255, 0, 0, 1.0)",2.593509929341468,43.75363776783655,-1.8989233594286068,5,0.255629556085647,1.278147780428235,0.0,0.0,0.0,0.0,34.55775817221621,-10.061324755794445,False,True,False,True,False,0.0
2024-09-10 00:00:00+00:00,37.2193287857,38.8383984999,36.9350278538,38.7805745815,3287313,42.36048983116364,44.56768233126263,45.390349475723426,,,42.187017747584946,41.4828360572207,44.5241076918556,41.77834467565522,,,,43.686747267457655,"rgba(255, 26, 202, 1.0)",2.6835038903858925,43.686747267457655,-2.4100648800727575,5,0.2506118855359323,1.2530594276796614,0.0,0.0,0.0,0.0,31.129568881189073,-13.274545663166194,False,True,False,True,False,0.0
2024-09-11 00:00:00+00:00,37.315701983,37.4891737381,36.4387058878,37.0265823912,2945988,42.35016645947709,44.53552275639374,45.34014374668507,,,42.17679872847296,41.47292216770962,44.49094145923621,41.65381447084513,,,,43.382449679569206,"rgba(255, 26, 202, 1.0)",2.76761603148767,43.382449679569206,-2.1920481842664294,5,0.24616148252112985,1.2308074126056492,0.0,0.0,0.0,0.0,29.216671440961967,-15.034192646270483,False,True,False,True,False,0.0
2024-09-12 00:00:00+00:00,37.3638885816,37.8891225067,36.857929296,37.3446139422,4232453,42.33621547450166,44.491573638457375,45.2715549956917,,,42.16301758763754,41.45968949542799,44.4456453251639,41.49664594213036,,,,43.31133392013913,"rgba(255, 26, 202, 1.0)",2.84268637297745,43.31133392013913,-2.0921918770482337,5,0.24273675879333112,1.2136837939666556,0.0,0.0,0.0,0.0,28.141665638105607,-16.072888923463736,False,True,False,True,False,0.0
2024-09-13 00:00:00+00:00,37.6915574523,38.2936900373,37.5847274776,37.7401165318,1885627,42.33063147506446,44.47349210946706,45.24323386365561,,,42.157523734420806,41.454519436439995,44.42702462245967,41.43810113507925,,,,43.287661238604414,"rgba(255, 0, 0, 1.0)",2.8886437665982343,43.287661238604414,-1.937277227123985,5,0.2404302359833284,1.202151179916642,0.0,0.0,0.0,0.0,28.826459474015444,-16.072888923463736,False,True,False,True,False,0.0
2024-09-16 00:00:00+00:00,38.0314710083,38.4199436438,37.638142465,37.973200113,2449960,42.3236771049097,44.450756888207245,45.207613551984984,,,42.15069318187572,41.44814649229465,44.40362133118597,41.36833560828779,,,,43.258517194384915,"rgba(255, 0, 0, 1.0)",2.9211554126802386,43.258517194384915,-1.7893762733044583,5,0.23957408180959816,1.1978704090479908,0.0,0.0,0.0,0.0,30.69952841699036,-16.072888923463736,False,True,False,True,False,0.0
2024-09-17 00:00:00+00:00,38.7792808315,39.080347124,37.8469465065,38.0800300878,2091091,42.31850205395633,44.43309677403991,45.179750234684334,,,42.145641252529906,41.44358053752845,44.38545897900304,41.32026513848251,,,,43.24106401956429,"rgba(255, 0, 0, 1.0)",2.908493880834402,43.24106401956429,-1.5340528021961222,5,0.24009072632057302,1.2004536316028651,0.0,0.0,0.0,0.0,34.75417802260863,-21.037364924208333,False,True,False,True,True,0.0
2024-09-18 00:00:00+00:00,38.7987044633,39.58536155,38.4393672755,38.653027225,2213833,42.31358118989683,44.41569488678624,45.15215207387583,,,42.14086337025218,41.43938630162457,44.36757619505396,41.27778698802345,,,,43.22659043877175,"rgba(255, 0, 0, 1.0)",2.854415582231567,43.22659043877175,-1.5512408224768923,5,0.2412201418667797,1.2061007093338985,0.0,0.0,0.0,0.0,37.5268974076335,-18.43304094414443,False,True,False,True,True,0.0
2024-09-19 00:00:00+00:00,39.2163125464,39.8670042107,39.1434739272,39.7504624201,2508974,42.30879276111622,44.39777970188595,45.12350187887756,,,42.13625482630745,41.43553674604115,44.34918573322978,41.240720940497695,,,,43.215685854373795,"rgba(239, 83, 80, 1.0)",2.8600393703193214,43.215685854373795,-1.3983630258653645,5,0.24328182184838668,1.2164091092419334,0.0,0.0,0.0,0.0,40.885326235473926,-15.305868595630876,False,False,False,True,True,0.0
2024-09-20 00:00:00+00:00,39.3522779688,39.5950733659,38.6724508568,39.3037188894,14714361,42.279087434099736,44.29108177162175,44.95531656225263,,,42.107554965547855,41.41102593900735,44.239711658917315,41.02877049032466,,,,43.111319206248744,"rgba(239, 83, 80, 1.0)",2.872410304861871,43.111319206248744,-1.3086714078020643,5,0.24620107066475078,1.231005353323754,0.0,0.0,0.0,0.0,43.60822939288833,-12.798491177780647,True,False,False,True,True,0.0
2024-09-23 00:00:00+00:00,40.0321050808,40.2991800176,39.3037188894,39.4591079435,5982670,42.269776801729954,44.25451063888631,44.897311935851846,,,42.09871106829044,41.40420363774347,44.20228644543007,40.98201272156541,,,,43.0845996126596,"rgba(239, 83, 80, 1.0)",2.8712849460845593,43.0845996126596,-1.063110972675195,5,0.2472934241211963,1.2364671206059814,0.0,0.0,0.0,0.0,47.66923477917962,-9.047609099192393,True,False,False,False,True,0.0
2024-09-24 00:00:00+00:00,39.5270906547,40.8187621675,39.4979552071,40.7313558246,4045856,42.26370325998315,44.23050852611912,44.85936469234161,,,42.09295617267235,41.3998331748401,44.17774069327349,40.95435071205983,,,,43.06658251442768,"rgba(239, 83, 80, 1.0)",2.863871155623795,43.06658251442768,-1.2359116969271362,5,0.2475026967449422,1.237513483724711,0.0,0.0,0.0,0.0,48.5629384153242,-8.257165177565525,True,False,False,False,True,0.0
2024-09-25 00:00:00+00:00,37.7206929,39.5270906547,37.6818456365,39.4299724959,3753167,42.25413215411875,44.20005529018359,44.81311097097476,,,42.08358921034543,41.39125452963286,44.146502033686225,40.8903164785315,,,,43.024406232746045,"rgba(255, 0, 0, 1.0)",2.8981783856872503,43.024406232746045,-1.8300161780719248,5,0.24619695127525568,1.2309847563762784,0.0,0.0,0.0,0.0,44.5045732454269,-8.257165177565525,True,False,False,True,False,0.0
2024-09-26 00:00:00+00:00,35.933718777,37.0797130515,35.8414565261,36.9437476291,5613569,42.232597893506004,44.139627847325265,44.72397112045233,,,42.062194115901335,41.370138442871884,44.08439844668651,40.72935340335151,,,,42.61492404715851,"rgba(255, 26, 202, 1.0)",2.959954140622009,42.61492404715851,-2.2571989134786086,5,0.24311354886992845,1.2155677443496422,0.0,0.0,0.0,0.0,38.98733339515641,-3.554810495541922,False,False,False,True,False,0.0
2024-09-27 00:00:00+00:00,37.2642375534,37.53607128,36.458253953,36.6426813367,5628572,42.21404927685341,44.08604490359045,44.644754594747965,,,42.04385301280698,41.35244898858881,44.029402728147026,40.60600252112202,,,,42.555415515548916,"rgba(255, 0, 0, 1.0)",2.978389464111101,42.555415515548916,-1.7765231934595445,5,0.2434749892828453,1.2173749464142265,0.0,0.0,0.0,0.0,39.14116803555438,-3.554810495541922,False,False,False,True,False,0.0
2024-09-30 00:00:00+00:00,37.2059666581,37.6721338206,36.6718167843,36.9049003656,2838151,42.20492311834649,44.05970441078382,44.60593566787924,,,42.03483604476661,41.34378633939169,44.00238152730352,40.54854894724058,,,,42.52296355585143,"rgba(255, 0, 0, 1.0)",2.997079811752661,42.52296355585143,-1.7740591614882975,5,0.24425302447549235,1.2212651223774618,0.0,0.0,0.0,0.0,39.14341542807221,-3.554810495541922,False,False,False,True,False,0.0
2024-10-01 00:00:00+00:00,39.167753467,39.2551598099,36.5649868096,36.7689349432,10905370,42.178095288263435,43.97689665564232,44.48292124682726,,,42.00860916973209,41.31990995351531,43.91762980496432,40.41408239877639,,,,42.461907716142754,"rgba(239, 83, 80, 1.0)",2.9999320894116237,42.461907716142754,-1.0980762733828549,5,0.24550111981563064,1.2275055990781532,0.0,0.0,0.0,0.0,43.612947501039855,-3.554810495541922,True,False,False,True,False,0.0
2024-10-02 00:00:00+00:00,40.0709523443,40.2991800176,39.2648716258,40.0418168967,5105347,42.17066669813784,43.94935601856213,44.44105750361615,,,42.00157392345771,41.31458433472575,43.88957591086407,40.399304731842605,,,,42.46504152615343,"rgba(239, 83, 80, 0.5)",2.9988246390159152,42.46504152615343,-0.7983425074962262,5,0.24767007358658524,1.2383503679329262,0.0,0.0,0.0,0.0,48.17991108804679,-9.516598202090876,True,False,False,False,True,0.0
2024-10-03 00:00:00+00:00,41.712249229,41.9404769023,39.9446987378,40.4011540844,4478750,42.16792145756747,43.9332388781904,44.415404952085744,,,41.999255849527636,41.31421140620645,43.873282820866415,40.41820180956882,,,,42.48918983896436,#000000,2.9902830814584664,42.48918983896436,-0.2598217589437769,5,0.2498326168293176,1.249163084146588,0.0,0.0,0.0,0.0,53.60202963581987,-4.484940997652885,True,False,True,False,True,0.0
2024-10-04 00:00:00+00:00,42.2755345504,42.5960244746,41.5957074384,41.9259091785,2995446,42.167898508881834,43.9262993045288,44.40350946376194,,,41.99955763519719,41.316025682055326,43.866354405220555,40.44523064154753,,,,42.514270561826116,#000000,2.978557333889809,42.514270561826116,-0.08015155817542667,5,0.25212812510806226,1.2606406255403113,0.0,0.0,0.0,0.0,57.919981612494475,-0.5733339898651764,True,False,True,False,True,0.18029494093738663
2024-10-07 00:00:00+00:00,42.2366872868,42.7514135288,42.0359440525,42.392076341,3084301,42.168234739613496,43.91995336406526,44.39239185600996,,,42.000234932366425,41.31829669310121,43.860046328472535,40.47512220043084,,,,42.51159053491183,#000000,2.9586440729378842,42.51159053491183,-0.09291528191116923,5,0.2545399652281132,1.272699826140566,1.0,0.0,42.751415,721.0,60.699199836401746,1.9280241426105675,True,False,True,False,True,0.09122947681114724
2024-10-08 00:00:00+00:00,40.6342376657,41.4403183842,40.012681449,41.3237765936,3129011,42.165344640231226,43.90690989899667,44.37228342950505,,,41.997617727833386,41.31690093837306,43.84682318279809,40.47859512120974,,,,42.472234288989306,"rgba(239, 83, 80, 0.5)",2.9483216892432056,42.472234288989306,-0.6234043693383728,5,0.25671113535381707,1.2835556767690854,0.0,0.0,0.0,0.0,58.820041972526,1.9280241426105675,True,False,True,False,True,0.0
2024-10-09 00:00:00+00:00,40.8770330628,41.0809811964,39.925275106,40.0418168967,2821800,42.16262788819306,43.89499011353285,44.354004098440775,,,41.99514369332139,41.315510402199315,43.834737486108416,40.480683050641105,,,,42.458603926645935,"rgba(239, 83, 80, 0.5)",2.9198369773492097,42.458603926645935,-0.5416640984120185,5,0.25844303327545026,1.2922151663772512,0.0,0.0,0.0,0.0,57.97757387785793,1.9280241426105675,True,False,True,False,True,0.0
2024-10-10 00:00:00+00:00,41.547148359,41.7073933211,40.7507794563,41.0032866694,1600071,42.16179962394576,43.889724530231696,44.34567064641174,,,41.9944684383057,41.315532798397356,43.82942732309815,40.48741116316548,,,,42.463466311798555,#000000,2.8964541475432193,42.463466311798555,-0.3163585218760605,5,0.26115017330823564,1.3057508665411781,0.0,0.0,0.0,0.0,58.53447254367866,1.9280241426105675,True,False,True,False,True,0.0
2024-10-11 00:00:00+00:00,41.887061915,42.0375950612,41.2557938824,41.2557938824,3060902,42.16096835538893,43.881247008143234,44.33191405862893,,,41.99394564444753,41.31643001296179,43.82091712495573,40.50580406400502,,,,42.480214565994714,#000000,2.881327951473238,42.480214565994714,-0.20586086033401213,5,0.26416692365387584,1.3208346182693793,0.0,0.0,0.0,0.0,59.45826767925311,1.9280241426105675,True,False,True,False,True,0.0
2024-10-14 00:00:00+00:00,41.3140647777,41.6151310702,40.9353039582,41.2557938824,1855130,42.159958620854944,43.8751017316216,44.322254604511926,,,41.99311111689858,41.31639269396056,43.814719373344694,40.51277804914387,,,,42.48311341672294,#000000,2.8581300602824173,42.48311341672294,-0.4090256966498661,5,0.2667480639895655,1.3337403199478275,0.0,0.0,0.0,0.0,58.627724357756705,1.9280241426105675,True,False,True,False,True,0.0
2024-10-15 00:00:00+00:00,39.8767160266,40.4594249798,39.7504624201,40.0029696331,2631949,42.15646653877408,43.86221310897469,44.30301057061241,,,41.98982152227344,41.31398527660589,43.80162142365073,40.506734626513804,,,,42.46580843781702,"rgba(239, 83, 80, 0.5)",2.836371802191761,42.46580843781702,-0.9128184144322464,5,0.26781804087507116,1.3390902043753559,0.0,0.0,0.0,0.0,54.97137793984427,1.9280241426105675,True,False,True,False,False,0.0
2024-10-16 00:00:00+00:00,39.9155632902,40.5371195068,39.8864278425,40.1389350555,1890464,42.15406426632473,43.853210807451504,44.28956428368711,,,41.987566606238204,41.31237452651941,43.79247792244953,40.50323442036392,,,,42.45581710289143,"rgba(239, 83, 80, 0.5)",2.811157737335743,42.45581710289143,-0.9036326133370737,5,0.26860301468511255,1.3430150734255628,0.0,0.0,0.0,0.0,52.61815556056041,1.9280241426105675,True,False,False,False,False,0.0
2024-10-17 00:00:00+00:00,40.1195114238,40.1680705032,39.5805056421,39.7795978678,1425833,42.152117057490855,43.84616577819387,44.27910062077822,,,41.98572732713104,41.31100384915692,43.78531861148117,40.49958957804313,,,,42.44751033581367,"rgba(239, 83, 80, 0.5)",2.783306018825323,42.44751033581367,-0.8364150029741201,5,0.26966446665739197,1.3483223332869598,0.0,0.0,0.0,0.0,51.520896008978355,8.736467064813702,True,False,False,False,False,0.0
2024-10-18 00:00:00+00:00,39.6144969977,40.2069177667,39.2842952576,40.100087792,2459489,42.14837857837093,43.83328317873841,44.26011555155163,,,41.982166228899,41.30820378511987,43.77221636215494,40.490528593136,,,,42.43072647053603,"rgba(239, 83, 80, 1.0)",2.7388791826180245,42.43072647053603,-1.028241585356849,5,0.2715281896797551,1.3576409483987755,0.0,0.0,0.0,0.0,49.656848488196815,6.677935110091944,True,False,False,False,False,0.0
2024-10-21 00:00:00+00:00,38.8472635427,40.1097996079,38.8035603713,40.0321050808,2406152,42.14406392849524,43.81939783287552,44.23988197364287,,,41.97801017310979,41.30471186124427,43.75807632776303,40.47693334374507,,,,42.40986278587134,"rgba(239, 83, 80, 1.0)",2.724590039722721,42.40986278587134,-1.3075725856848186,5,0.27278833794161483,1.3639416897080743,0.0,0.0,0.0,0.0,46.83378217997796,3.7600355089357578,True,False,False,True,False,0.0
2024-10-22 00:00:00+00:00,39.2551598099,39.5465142865,38.7307217521,39.1968889146,2008185,42.140378220419706,43.80768134073724,44.22286398753214,,,41.97445460522776,41.30169880549375,43.746144398845644,40.465121909859995,,,,42.39275123593053,"rgba(239, 83, 80, 1.0)",2.699827556379062,42.39275123593053,-1.162145122423518,5,0.27650828209350936,1.3825414104675469,0.0,0.0,0.0,0.0,46.06783050122094,2.7996607575087324,True,False,False,True,False,0.0
2024-10-23 00:00:00+00:00,38.4976381709,39.2357361782,38.148012799,38.992940781,1874150,42.13630940060801,43.79550677009543,44.20536359962429,,,41.97049318655669,41.29816802931288,43.73373016831214,40.44966178560883,,,,42.37246296996533,"rgba(239, 83, 80, 1.0)",2.685868806017159,42.37246296996533,-1.4426709116932876,5,0.28261101246471465,1.4130550623235734,0.0,0.0,0.0,0.0,44.010524604609046,0.5917857113634497,False,False,False,True,False,0.0
2024-10-24 00:00:00+00:00,38.6627390409,39.0220762287,38.3496300968,38.8375517269,1321759,42.1334871338816,43.78703932971401,44.19319927536266,,,41.96774754592721,41.29573097858011,43.72509819114953,40.439214756720524,,,,42.35903261180274,"rgba(239, 83, 80, 1.0)",2.6494633664441287,42.35903261180274,-1.3951102769401835,5,0.28349930413187874,1.4174965206593937,0.0,0.0,0.0,0.0,43.12721691089606,-0.5052877257925985,False,False,False,True,False,0.0
2024-10-25 00:00:00+00:00,39.2260243623,39.4445402197,38.8375517269,39.0609234922,3056533,42.12790364224394,43.769437931044294,44.167760952753774,,,41.96236132128746,41.29116703512832,43.70718131902668,40.4221306390361,,,,42.33635878906357,"rgba(239, 83, 80, 1.0)",2.582499090396754,42.33635878906357,-1.2043893600309918,5,0.284095606164558,1.4204780308227898,0.0,0.0,0.0,0.0,44.17619853380223,-0.5052877257925985,False,False,False,True,False,0.0
2024-10-28 00:00:00+00:00,38.0120473766,38.487926355,37.8566583224,37.9440646654,2821692,42.12094418019874,43.749623981578225,44.13961706110732,,,41.9555440109057,41.284893716249776,43.68696550610302,40.39387506556856,,,,42.30322885848495,"rgba(255, 0, 0, 1.0)",2.5223670684926525,42.30322885848495,-1.7012517866597923,5,0.2835949592191829,1.4179747960959144,0.0,0.0,0.0,0.0,42.31924460490798,-1.7319023570883942,False,False,False,True,False,0.0
2024-10-29 00:00:00+00:00,37.6624220047,38.2451309578,37.3516438963,38.0120473766,2224295,42.11497525400095,43.733094259245846,44.11627881712424,37.7530656196,,41.949676289950546,41.2793966574404,43.670092304494176,40.36858193196913,,,,41.996342898328486,"rgba(255, 0, 0, 1.0)",2.4401060927418152,41.996342898328486,-1.776119860738799,5,0.2837867710940762,1.418933855470381,0.0,-1.0,37.351643,744.0,40.439358695697806,-3.7458868557535325,False,True,False,True,False,0.0
2024-10-30 00:00:00+00:00,38.1577246149,38.5656208821,37.6672779126,37.9440646654,1684596,42.11085539109966,43.72142151512147,44.09975742241016,37.91560077699472,,41.94564158980396,41.27568881498027,43.65818736782889,40.35246201904406,,,,41.986785281330484,"rgba(255, 0, 0, 1.0)",2.355446052115565,41.986785281330484,-1.6256201932501833,5,0.2838874623877088,1.419437311938544,0.0,0.0,0.0,0.0,40.708483485124724,-3.7458868557535325,False,True,False,True,False,0.0
2024-10-31 00:00:00+00:00,38.0703182719,38.6349632475,38.0363269163,38.4393672755,1661653,42.106919167653565,43.710195223689915,44.08386777800941,38.014515266514316,,41.94179195923803,41.2721757302093,43.64674205541779,40.33761271706074,,,,41.97555165674518,"rgba(255, 0, 0, 1.0)",2.262707405370298,41.97555165674518,-1.7259117884957293,5,0.2852987308687279,1.4264936543436395,0.0,0.0,0.0,0.0,40.69805638932159,-4.034871047005936,False,True,False,True,False,0.0
2024-11-01 00:00:00+00:00,37.8372346906,38.6336035933,37.633286557,38.5461972503,2066902,42.10176520251575,43.69575445157554,44.063507716347566,38.01998004892714,,41.93673987072836,41.2675110506222,43.63201519982662,40.31758358163712,,,,41.95446385057922,"rgba(255, 0, 0, 1.0)",2.1874008568175514,41.95446385057922,-1.8822472100378402,5,0.28680593361223455,1.4340296680611728,0.0,0.0,0.0,0.0,40.16329751924053,-4.8904464528091935,False,True,False,True,False,0.0
2024-11-04 00:00:00+00:00,38.7987044633,39.2842952576,38.1188773513,38.2742664055,1969452,42.09770861929969,43.68375393322545,44.04647007723104,38.16634855627951,,41.93279860049425,41.26403748177582,43.6197984843357,40.30456751561986,,,,41.947471822293885,"rgba(239, 83, 80, 1.0)",2.11051026203996,41.947471822293885,-1.4919460073841935,5,0.28931523553674554,1.4465761776837276,0.0,0.0,0.0,0.0,42.85442797347678,-4.8904464528091935,False,False,False,True,True,0.0
2024-11-05 00:00:00+00:00,38.7987044633,39.0900589399,38.4976381709,39.080347124,2293845,42.09308233905546,43.6700225330504,44.02699111283011,38.28760994605169,,41.92830839682053,41.260101824259806,43.605824293047995,40.29025794555069,,,,41.937803756972684,"rgba(255, 0, 0, 1.0)",2.0416842293516937,41.937803756972684,-1.5375047955723595,5,0.28993716153819904,1.449685807690995,0.0,0.0,0.0,0.0,44.648514942967616,-4.8904464528091935,False,False,False,True,True,0.0
2024-11-06 00:00:00+00:00,40.7604912722,41.0809811964,39.4493961276,39.4493961276,2655732,42.09038970342416,43.65952040221267,44.011610027789395,38.67852757839927,,41.925830266917075,41.25857295289137,43.59521045146322,40.29177853823526,,,,41.9560376911394,"rgba(239, 83, 80, 0.5)",1.9770769340569734,41.9560376911394,-0.6047040448173823,4,0.33111900641601955,1.3244760256640782,0.0,0.0,0.0,0.0,50.51019179834585,-4.524150897686013,True,False,False,False,True,0.0
2024-11-07 00:00:00+00:00,40.352595005,40.8381857993,40.0709523443,40.7410676404,2960745,42.087380576916715,43.647857100070304,43.994570677997814,38.9729673488219,,41.92305929133546,41.25685520964168,43.58342487867895,40.293319141101954,,,,41.968825893517575,"rgba(239, 83, 80, 0.5)",1.926083415639384,41.968825893517575,-0.8391281890462945,4,0.3321871548415143,1.3287486193660571,0.0,0.0,0.0,0.0,53.20976878946961,-2.11977640888243,True,False,True,False,True,0.0
2024-11-08 00:00:00+00:00,41.9259091785,42.731989897,40.9255921423,41.7899437561,4205690,42.08680298147422,43.63876448636652,43.98028745323698,39.532140069112586,,41.92289786110939,41.25860969182295,43.57439029271902,40.31951302226971,,,,42.01511280635714,#000000,1.878623396038366,42.01511280635714,-0.047483507362492385,4,0.3338291391502914,1.3353165566011655,0.0,0.0,0.0,0.0,57.74334589500147,1.9790437889758792,True,False,True,False,True,1.741091882428563
2024-11-11 00:00:00+00:00,41.459742016,41.8190792038,41.1004048282,41.5762838066,2871786,42.08571162433165,43.631218627308186,43.968816988301896,39.75721543839725,,41.92207449188303,41.25900764026197,43.56684268442632,40.332374098917036,,,,42.03374450103595,#000000,1.8177181463984544,42.03374450103595,-0.3157818973052838,3,0.38962839880801403,1.168885196424042,0.0,0.0,0.0,0.0,59.41473473842372,3.369355212507017,True,False,True,False,True,0.644334423959382
2024-11-12 00:00:00+00:00,40.7604912722,42.1007218644,40.6536612975,41.7413846767,5680537,42.08257552847034,43.6144852747998,43.943862180847475,40.02260083696048,,41.91944481807601,41.25866698743897,43.550050848591795,40.350690121620175,,,,42.05433227686318,"rgba(239, 83, 80, 0.5)",1.7671473601188066,42.05433227686318,-0.7321636179657326,3,0.39183566867422087,1.1755070060226627,0.0,0.0,0.0,0.0,58.62560044275955,3.369355212507017,True,False,True,False,True,0.0
2024-11-13 00:00:00+00:00,40.9935748535,41.2460820665,39.6970474327,40.8867448787,2973680,42.07999928776137,43.60394920778073,43.928530046933176,40.078317104827434,,41.917112345140545,41.257418351412376,43.53943057071698,40.35402095654971,,,,42.055148370034566,"rgba(239, 83, 80, 0.5)",1.6981035847957293,42.055148370034566,-0.6251523911965982,2,0.39305155774032663,0.7861031154806533,0.0,0.0,0.0,0.0,58.56175551046786,3.369355212507017,True,False,True,False,True,0.0
2024-11-14 00:00:00+00:00,43.4312406408,43.4506642726,41.5083010954,41.5083010954,5704771,42.08245591663259,43.598490795260815,43.918526152622505,40.47642973244401,,41.92019132557548,41.263409138505864,43.53425705374139,40.405831346911356,,,,42.109630896464026,"rgba(38, 166, 154, 0.5)",1.6539050184743354,42.109630896464026,0.799084427203146,2,0.39541226419870984,0.7908245283974197,0.0,0.0,0.0,0.0,62.271564103344645,6.1621669109682955,True,False,True,False,True,4.975988561156491
2024-11-15 00:00:00+00:00,42.5280417634,43.8682723556,42.2366872868,43.2175806913,3799665,42.084267171528985,43.59525886296551,43.912434275196055,40.689837522233674,,41.92241839585879,41.267582745544956,43.53122479509598,40.44026463690079,,,,42.14248139331829,#000000,1.6462651937434116,42.14248139331829,0.23420307466076418,3,0.42576170462170143,1.2772851138651042,0.0,0.0,0.0,0.0,62.435491272338,6.432430576154495,True,False,True,False,True,2.8675768721153645
2024-11-18 00:00:00+00:00,43.664324222,43.9848141463,43.0525769394,43.2855634025,3775111,42.0876155345434,43.59513459418487,43.91043859409754,40.92329695417257,,41.926210728670355,41.27347486682771,43.53138928352083,40.48295187370301,,,,42.18278137010107,"rgba(38, 166, 154, 0.5)",1.7014449358655157,42.18278137010107,0.8707556857520496,2,0.5730165819029046,1.1460331638058092,0.0,0.0,0.0,0.0,64.04580004215842,8.149143423517792,True,False,True,False,True,5.228862055499885
2024-11-19 00:00:00+00:00,43.3146988502,43.9751023304,43.0136325577,43.246716139,2895135,42.089943683467595,43.59459002811801,43.90833765000945,41.07039689468802,,41.928872913455216,41.27771276786239,43.53105101344359,40.513531800382985,,,,42.2099210302775,"rgba(38, 166, 154, 0.5)",1.734660152060228,42.2099210302775,0.6368843018676463,2,0.5774165384968009,1.1548330769936017,0.0,0.0,0.0,0.0,64.23767574832053,8.562717225200075,True,False,True,False,True,4.412658990147985
2024-11-20 00:00:00+00:00,44.4218458611,44.5529553756,43.3146988502,43.3826815614,3911765,42.09461920102899,43.59687824448313,43.90945322213131,41.29233979199032,,41.93403011288769,41.28516201586944,43.533705269565935,40.56299693929942,,,,42.25407829667827,"rgba(38, 166, 154, 1.0)",1.804144143099325,42.25407829667827,1.201548985269957,2,0.5797782181324708,1.1595564362649415,0.0,0.0,0.0,0.0,65.78625711553485,10.293844892677782,True,False,True,False,True,6.659247937011855
2024-11-21 00:00:00+00:00,45.2473502114,45.8203473487,44.5869467312,44.771471233,3319808,42.10078394958375,43.60312720126782,43.91600540305377,41.52238325666248,,41.94064802667355,41.293963322876046,43.54038926855387,40.61690797521294,45.21821476376667,,,42.37874769616276,"rgba(0, 255, 255, 0.75)",1.8967142517169406,42.37874769616276,1.5124062639591196,2,0.5795911293058541,1.1591822586117082,0.0,0.0,0.0,0.0,67.75131705739986,12.37448510964964,True,False,True,False,True,8.274995122987413
2024-11-22 00:00:00+00:00,45.363892002,45.6261110309,44.8103184965,44.8977248395,2840282,42.1061208105326,43.608595021337464,43.92176641179915,41.7011385259095,,41.94637246154143,41.30155491845029,43.54623013286189,40.66252687168083,45.240604287144045,,,42.41990134961383,"rgba(38, 166, 154, 1.0)",1.9867198065985252,42.41990134961383,1.4818348529109362,2,0.5821960243444437,1.1643920486888875,0.0,0.0,0.0,0.0,69.19135627849616,13.924141585249622,True,False,True,False,True,8.501481387877963
2024-11-25 00:00:00+00:00,44.431557677,45.6843819263,44.3927104135,45.3736038179,2849464,42.110729974339996,43.61262952159624,43.92566246740522,41.84442675492576,,41.9513535112534,41.30831813061275,43.550593832628294,40.70320608827005,45.112708061577386,,,42.44751089129722,"rgba(38, 166, 154, 0.5)",2.042984790373764,42.44751089129722,0.9711510311047392,2,0.583322190017137,1.166644380034274,0.0,0.0,0.0,0.0,67.55460004752274,13.924141585249622,True,False,True,False,True,6.250140355779166
2024-11-26 00:00:00+00:00,44.4024222293,44.6549294424,43.9751023304,44.5092522041,3314325,42.11510715871243,43.6154151773398,43.92772610773821,41.97060701214213,,41.95614107480198,41.315059521445576,43.55370393423203,40.74401948466257,44.90601609584018,,,42.469245279326714,"rgba(38, 166, 154, 0.5)",2.0926100270206045,42.469245279326714,0.9238113767072438,2,0.585129039269762,1.170258078539524,0.0,0.0,0.0,0.0,66.38410833113909,13.924141585249622,True,False,True,False,False,6.180345735366828
2024-11-27 00:00:00+00:00,44.179050464,45.111384789,44.012784176,44.4801167564,2072163,42.11794558727773,43.617360427770436,43.92928342146581,42.04598407416008,,41.95923736918423,41.319384277024646,43.5558566732563,40.76970310486442,44.83813271483962,,,42.485746546334966,"rgba(38, 166, 154, 0.5)",2.137997509511082,42.485746546334966,0.7920046258857706,2,0.5867866459424261,1.1735732918848523,0.0,0.0,0.0,0.0,64.95749401399166,13.924141585249622,True,False,True,False,False,5.638444084496701
2024-11-29 00:00:00+00:00,44.1110677528,44.5869467312,44.0236614098,44.344151334,1158304,42.11939667490546,43.61818674126015,43.92981729661049,42.08288341130916,,41.9608294911085,41.32164640703673,43.55679093669429,40.78315344443859,44.79363245418585,,,42.4936271063677,"rgba(38, 166, 154, 0.5)",2.180014163507162,42.4936271063677,0.7419404302539919,2,0.5914997264157067,1.1829994528314134,0.0,0.0,0.0,0.0,63.79870783264332,18.669696930264962,True,False,True,False,False,5.471620881634163
2024-12-02 00:00:00+00:00,42.9650734783,44.4801167564,42.7999726082,44.3053040705,2433394,42.12125482012804,43.61762248057096,43.92796917580847,42.12833427647345,,41.962958487957394,41.32504655526758,43.55638580455155,40.80440715502347,44.607137438400514,,,42.4983201905945,#000000,2.1896319107756046,42.4983201905945,0.21316518333904308,2,0.6022100171527496,1.2044200343054992,0.0,0.0,0.0,0.0,59.811407117542984,14.804179918242141,True,False,True,False,False,2.706405111437924
2024-12-03 00:00:00+00:00,43.0816152689,43.5672060632,42.6348717382,43.5089351679,2466924,42.12266785461194,43.61615364740786,43.92494682738895,42.16063696517562,,41.96463550667412,41.327955448295455,43.55505143750796,40.823003727644526,44.424714356953835,,,42.50034161787905,#000000,2.2066395036056368,42.50034161787905,0.26342030498010777,2,0.6138183820617422,1.2276367641234844,0.0,0.0,0.0,0.0,57.430067342278186,12.567169006922704,True,False,True,False,False,2.9632751189759716
2024-12-04 00:00:00+00:00,41.3820474889,43.0524798212,41.3092088698,43.0524798212,3078525,42.12229153921923,43.6102115298158,43.91588970962141,42.15078252602381,,41.96454310281642,41.32915640956989,43.54915765616432,40.83395411258302,44.09634767059728,,,42.485639183507246,"rgba(239, 83, 80, 0.5)",2.201582910466125,42.485639183507246,-0.5012719209260172,2,0.6319978466916257,1.2639956933832515,0.0,0.0,0.0,0.0,52.0382626437764,7.582212475906893,False,False,False,False,False,0.0
2024-12-05 00:00:00+00:00,41.4403183842,42.0424509691,41.3237765936,41.3237765936,3686529,42.12116762567022,43.60184928493497,43.90347429616044,42.12567632708433,,41.963743848882345,41.32982411453601,43.540817080043325,40.84307327081022,43.75854791305707,,,42.46703959172748,#000000,2.20346670118037,42.46703959172748,-0.4659572150454908,3,0.5859096451905313,1.7577289355715942,0.0,0.0,0.0,0.0,48.60246063225119,4.561262141870415,False,True,False,True,False,0.0
2024-12-06 00:00:00+00:00,40.012681449,41.4208947524,39.7698860519,41.3043529618,3184770,42.117962682217005,43.59037573250198,43.88731358892099,42.06008978932601,,41.960772033458696,41.327866232351475,43.529240648528706,40.83858750013287,43.40687196496724,,,42.43618108979185,"rgba(239, 83, 80, 1.0)",2.2025154894882166,42.43618108979185,-1.1003326207503699,3,0.6030653272099498,1.8091959816298493,0.0,0.0,0.0,0.0,43.81789707171707,0.2979813899252264,False,True,False,True,False,0.0
2024-12-09 00:00:00+00:00,40.1583586873,40.9547275899,40.0321050808,40.6342376657,2736350,42.115187476656494,43.5805235305352,43.87347027838053,42.00698178183859,,41.95819597978191,41.32615548378005,43.51930082394189,40.834637502243595,43.157094153760895,,,42.41245527678812,"rgba(239, 83, 80, 1.0)",2.2015183679544577,42.41245527678812,-1.0238827085428848,3,0.6181831837412511,1.8545495512237533,0.0,0.0,0.0,0.0,41.06056380890921,-2.047574492745447,False,True,False,True,False,0.0
2024-12-10 00:00:00+00:00,40.1583586873,40.9692953138,39.9155632902,40.3817304527,3557199,42.11152251770653,43.567670818531504,43.85546326692169,41.941425481448086,,41.95478776554416,41.323861061663166,43.50633375004373,40.8292257574295,42.884778907084375,,,42.38429816316809,"rgba(239, 83, 80, 1.0)",2.1961790685754123,42.38429816316809,-1.0135509930490234,3,0.6314810685139698,1.8944432055419094,0.0,0.0,0.0,0.0,39.22234163370397,-3.638095575431244,False,True,False,True,False,0.0
2024-12-11 00:00:00+00:00,41.032422117,41.207234803,39.9204191981,40.2263413985,2696988,42.10933831314646,43.55911290949914,43.84336890248598,41.90590205041205,,41.952809722447874,41.3227893751552,43.49772332305677,40.828313222409626,42.73657962798271,,,42.36911987530305,"rgba(239, 83, 80, 0.5)",2.185580333752495,42.36911987530305,-0.6115985478365034,3,0.6435404504064853,1.930621351219456,0.0,0.0,0.0,0.0,40.68847794087797,-3.638095575431244,False,True,False,True,False,0.0
2024-12-12 00:00:00+00:00,40.1097996079,40.779914904,39.9544105537,40.779914904,2724114,42.10644472504685,43.54919349728258,43.82954484566572,41.85954072781123,,41.950109584944016,41.320925825505896,43.48771522912305,40.82373539320784,42.57778584921184,,,42.35004004385434,"rgba(239, 83, 80, 1.0)",2.1806104181339667,42.35004004385434,-1.0273455621987728,3,0.6535614900098118,1.9606844700294355,0.0,0.0,0.0,0.0,39.81940775507475,-3.638095575431244,False,True,False,True,False,0.0
2024-12-13 00:00:00+00:00,39.6339206295,40.353025336,39.3795434544,40.1720261922,2403231,42.103212700210285,43.53918073595472,43.81575731814226,41.808687344253144,,41.94703377714898,41.31851098433854,43.47758920707472,40.81614966548397,42.427243422580865,,,42.3295064462254,"rgba(239, 83, 80, 1.0)",2.1773611664310533,42.3295064462254,-1.238005829388324,3,0.6604507860659037,1.981352358197711,0.0,0.0,0.0,0.0,38.386896320285615,-4.562584987034754,False,True,False,True,False,0.0
2024-12-16 00:00:00+00:00,38.9099240542,39.3991109294,38.8169785479,39.3306247668,3261746,42.0974296138844,43.522986820634685,43.793751571718985,41.71944423280484,,41.94143342559784,41.313651412186296,43.46116959710284,40.79867370215089,42.196166855620326,,,42.293858875191816,"rgba(255, 0, 0, 1.0)",2.1721531570962163,42.293858875191816,-1.5578711887496641,3,0.6674033647897518,2.0022100943692553,0.0,0.0,0.0,0.0,36.23475536720863,-6.816597513686496,False,True,False,True,False,0.0
2024-12-17 00:00:00+00:00,38.1370087913,38.479439604,37.432579691,38.4500883915,2668530,42.09113174101326,43.506811855045704,43.772044740359256,41.62423248410314,,41.935252521582015,41.30790293378988,43.444729487952635,40.77643052460544,41.975088536632185,,,42.25597780381425,"rgba(255, 0, 0, 1.0)",2.1832202991309506,42.25597780381425,-1.88664836716379,3,0.6736506266338097,2.020951879901429,0.0,0.0,0.0,0.0,33.670419223054566,-9.431001103007546,False,True,False,True,False,0.0
2024-12-18 00:00:00+00:00,37.1879862534,38.538142029,37.1586350409,38.2446299039,2190607,42.08548529013256,43.49267106894723,43.753153752753285,41.541634521881754,,41.929692092410384,41.30264432441798,43.43034820128789,40.75590479465471,41.79420675872398,,,42.22302851544536,"rgba(255, 26, 202, 1.0)",2.2112431761363553,42.22302851544536,-2.2770187903272356,3,0.6729751711952385,2.0189255135857156,0.0,0.0,0.0,0.0,30.76810402471281,-12.317852973796178,False,True,False,True,False,0.0
2024-12-19 00:00:00+00:00,36.9238253408,38.0783063663,36.8700147845,37.7750105037,2598255,42.07830082509409,43.47502648549866,43.729670892349475,41.43990961662409,,41.922599441178974,41.29585542192033,43.41239566511993,40.72931357168026,41.5823874382284,,,42.182268427079194,"rgba(255, 26, 202, 1.0)",2.2416115036475297,42.182268427079194,-2.345831593798793,3,0.6746564033770758,2.023969210131227,0.0,0.0,0.0,0.0,28.525615821490607,-14.554785488212715,False,True,False,True,False,0.0
2024-12-20 00:00:00+00:00,36.9629602908,37.4619309035,36.7281505907,36.8651229158,10750879,42.04732390382752,43.40028379142739,43.63074164300561,41.04449038115964,,41.89197415609474,41.26634062544849,43.33635005828901,40.616113875978776,40.84417731243485,,,42.02038853440336,"rgba(255, 26, 202, 1.0)",2.2703630170782465,42.02038853440336,-2.2275857233227034,3,0.6803678857200693,2.041103657160208,0.0,0.0,0.0,0.0,27.182244614294625,-15.974562052313345,False,True,False,True,False,0.0
2024-12-23 00:00:00+00:00,37.3053911035,37.4227959535,36.4933408906,36.7085831157,2200818,42.041058374619176,43.385251373968295,43.61091910331551,40.97258405197559,,41.885781598222785,41.26038162238392,43.321062096472794,40.59393739345391,40.72249626821833,,,41.67037626557181,"rgba(255, 0, 0, 1.0)",2.289125788800033,41.67037626557181,-1.906834995013511,2,0.5835796392455932,1.1671592784911864,0.0,0.0,0.0,816.0,27.658223964965543,-15.974562052313345,False,True,False,True,False,0.0
2024-12-24 00:00:00+00:00,37.9217665662,37.9217665662,37.0803651409,37.4227959535,978144,42.03859629707944,43.379191823295685,43.60290891008704,40.945985704037575,,41.883358411986414,41.25809684654519,43.314906370931205,40.58574458150318,40.67892542206398,,,41.66800393269865,"rgba(255, 0, 0, 1.0)",2.29849505701752,41.66800393269865,-1.6298653134193357,2,0.5798155904304867,1.1596311808609734,0.0,0.0,0.0,0.0,30.29316363890047,-15.974562052313345,False,True,False,True,True,0.0
2024-12-26 00:00:00+00:00,37.8532804037,38.1370087913,37.5402008036,37.8630641412,1462898,42.03508826904458,43.37047158469736,43.59137397726315,40.909374915971796,,41.879911984255166,41.25487587862048,43.3060520316013,40.57441165120182,40.620201173809505,,,41.661956671347795,"rgba(255, 0, 0, 1.0)",2.288819137076328,41.661956671347795,-1.6640354870996454,2,0.5780715560765872,1.1561431121531744,0.0,0.0,0.0,0.0,31.910340916372732,-15.974562052313345,False,True,False,True,True,0.0
2024-12-27 00:00:00+00:00,37.8434966662,38.4305209165,37.6771731286,37.9609015163,1452937,42.03172630089446,43.36205693350114,43.58024162261726,40.875483262468215,,41.87661355785538,41.25181410926372,43.29751133445219,40.56382147213491,40.56706237769048,,,41.65406249402696,"rgba(255, 0, 0, 1.0)",2.2808433315690575,41.65406249402696,-1.6706828457198617,2,0.574798783958222,1.149597567916444,0.0,0.0,0.0,0.0,32.966843397725015,-15.974562052313345,False,True,False,True,True,0.0
2024-12-30 00:00:00+00:00,38.9294915292,39.6534881045,38.0000364663,38.2152786914,2812916,42.02664044793527,43.348485599967,43.562173112370196,40.831294571565195,,41.87167907935818,41.247489557169914,43.28377103799606,40.550451099228056,40.50299043301724,,,41.654920093821495,"rgba(239, 83, 80, 1.0)",2.2621978415723603,41.654920093821495,-1.2047702082180234,2,0.5740907906256312,1.1481815812512624,0.0,0.0,0.0,0.0,37.65009692659768,-18.685553955434102,False,True,False,True,True,0.0
2024-12-31 00:00:00+00:00,39.624136892,39.6965365495,38.8658972354,38.9784102167,2002421,42.02363956579358,43.34001920267686,43.55084769642305,40.809219442541725,,41.868798118852325,41.245107955760695,43.27521739508781,40.54403149287013,40.474153733042165,,,41.65764479373346,"rgba(239, 83, 80, 0.5)",2.2446507749041857,41.65764479373346,-0.9059350899786446,2,0.5741498417786907,1.1482996835573813,0.0,0.0,0.0,0.0,42.795364212983756,-13.859943500681652,False,True,False,True,True,0.0
2025-01-02 00:00:00+00:00,40.7101317549,40.8373203425,40.0301619984,40.1818099297,1743316,42.02215382479933,43.33478157549523,43.543706295872994,40.805476748522345,,41.867439202422375,41.24430361030786,43.26996186687274,40.54394403544065,40.47530014052129,,,41.67061339008511,#000000,2.231195820362257,41.67061339008511,-0.4304784127056887,2,0.574333184279952,1.148666368559904,0.0,0.0,0.0,0.0,48.799168639171256,-8.393570362153532,False,False,False,False,True,0.0
2025-01-03 00:00:00+00:00,40.88623903,41.0819137801,40.4902911732,40.88623903,1850601,42.02088872298649,43.32982185745816,43.536896187327855,40.805670401217306,,41.86631471483625,41.24379987831715,43.26499943533611,40.54534549411901,40.48321281423858,,,41.68376074416831,#000000,2.2260626685395017,41.68376074416831,-0.3582656164354789,2,0.5751454742064847,1.1502909484129693,0.0,0.0,0.0,0.0,53.174293393871736,-4.556457203404747,True,False,True,False,True,0.0017109936533188375
2025-01-06 00:00:00+00:00,40.5144570049,42.1874761181,40.4069337297,41.2678047927,3006380,42.01920903973861,43.32249843215374,43.52678208147994,40.810737166980545,,41.86487034935649,41.24340091908303,43.25769138391307,40.549368852261125,40.50312540013162,,,41.70235803308448,"rgba(239, 83, 80, 0.5)",2.2197684304558347,41.70235803308448,-0.535146374678614,2,0.5754308048243202,1.1508616096486404,0.0,0.0,0.0,0.0,54.80890506517317,-3.2169392630872125,True,False,True,False,True,0.0
2025-01-07 00:00:00+00:00,40.96450893,41.341182824,40.3823765485,40.84710408,1957352,42.01796291244497,43.31746448836168,43.51987259063857,40.8119398998117,,41.863773936064426,41.24296663708378,43.25266025112517,40.551208638349884,40.512124193930106,,,41.70976598259892,#000000,2.2177164719973583,41.70976598259892,-0.33604703847814665,2,0.5754159759663665,1.150831951932733,0.0,0.0,0.0,0.0,56.966144715313014,-1.2214556656350481,True,False,True,False,True,0.20859616557192595
2025-01-08 00:00:00+00:00,41.5123982303,41.5221819678,40.7981853925,40.8764552925,1892506,42.01716956264376,43.313380972463285,43.514192929379014,40.818203707680205,,41.86313324711948,41.243008435885635,43.24860045332353,40.55491698655128,40.52870806880964,,,41.71922768238434,#000000,2.219336931217157,41.71922768238434,-0.09319425508361648,2,0.5770225795807982,1.1540451591615963,0.0,0.0,0.0,0.0,59.60208846045566,1.3099288525167125,True,False,True,False,True,1.5308807528406376
2025-01-10 00:00:00+00:00,42.6668792558,43.6256855312,42.2559622806,42.8332027933,3501173,42.018816321599644,43.31166938344782,43.51109270664376,40.86752744953609,,41.86512370806273,41.24658858646523,43.2470885575246,40.57638618859451,40.61814319706218,,,41.760022392516234,#000000,2.235455374553637,41.760022392516234,0.40566985751833223,2,0.5744147539334585,1.148829507866917,0.0,0.0,0.0,0.0,63.432152135698374,4.978547747410502,True,False,True,False,True,4.221441898581695
2025-01-13 00:00:00+00:00,43.6354692687,45.0834624193,43.0582287559,43.3615246186,4918126,42.02410125008221,43.31483564340309,43.513791599876484,40.96839825527587,,41.870948239083084,41.25494929556514,43.250680791628945,40.619835628286204,40.787995392333755,,,41.83054341283951,"rgba(38, 166, 154, 0.5)",2.2649437084325648,41.83054341283951,0.7968965626565495,3,0.5212563823105053,1.563769146931516,0.0,0.0,0.0,0.0,67.33872549945153,8.682281244172131,True,False,True,False,True,6.3730340105191985
2025-01-14 00:00:00+00:00,44.0072512939,44.1246561439,43.0288775434,43.3908758311,2885208,42.0268545225204,43.316058342644,43.51457702896657,41.02063567531411,,41.87400975450043,41.25945439260272,43.25213448192799,40.643252666779816,40.873748885769245,,,41.86391216004763,"rgba(38, 166, 154, 0.5)",2.2802168676083654,41.86391216004763,0.9399716159895061,3,0.5136549454979507,1.540964836493852,0.0,0.0,0.0,0.0,70.40673148625893,11.594215831537014,True,False,True,False,True,7.1805200343037185
2025-01-15 00:00:00+00:00,44.7508153442,44.8682201942,44.1099805376,44.3692495815,2893857,42.03099860148198,43.31985904120226,43.51861276716226,41.08706950078076,,41.87848939903641,41.26552269451603,43.25623340724866,40.67282369233575,40.9792600201593,,,41.90479491328282,"rgba(38, 166, 154, 1.0)",2.2690161571721923,41.90479491328282,1.2542971198865722,3,0.5033602427698075,1.5100807283094224,0.0,0.0,0.0,0.0,73.30937540022097,14.3913819379094,True,False,True,False,True,8.770871720987348
2025-01-16 00:00:00+00:00,44.9171388817,45.0051925193,43.9289813938,44.2714122065,3004406,42.03535543780395,43.323907989773126,43.5229305795183,41.15424033798346,,41.88319452298185,41.27187664878374,43.26059274063134,40.703373287876786,41.08379365751823,,,41.94458452537715,"rgba(38, 166, 154, 1.0)",2.288295646918781,41.94458452537715,1.2990254822734237,3,0.4929901149818426,1.4789703449455278,0.0,0.0,0.0,0.0,75.42735181788089,16.507333883891278,True,False,True,False,True,9.123468787391477
2025-01-17 00:00:00+00:00,44.7508153442,45.1666241881,44.379033319,44.9464900943,2538607,42.03923630026286,43.32769985438504,43.52704379439338,41.211384136692736,,41.88737268806079,41.27746406427444,43.264655052211474,40.729784847567764,41.17106631419576,,,41.97755941813318,"rgba(38, 166, 154, 1.0)",2.29768572428068,41.97755941813318,1.2069779155437024,3,0.4847215596472645,1.4541646789417935,0.0,0.0,0.0,0.0,76.09356538224277,17.364402044057414,True,False,True,False,True,8.668933282975594
2025-01-21 00:00:00+00:00,44.4279520065,44.9856250443,43.7626578562,44.437735744,2207727,42.04214132715851,43.33012907429222,43.52952692046742,41.25456064845522,,41.8905262864494,41.28179006456713,43.26729554297028,40.750376718164354,41.23612577739513,,,42.001713420109326,"rgba(38, 166, 154, 1.0)",2.3267460224736682,42.001713420109326,1.042760388523725,3,0.47902509726493414,1.4370752917948024,0.0,0.0,0.0,0.0,75.07755472358038,17.364402044057414,True,False,True,False,True,7.782940000431918
2025-01-22 00:00:00+00:00,44.2714122065,44.873112063,44.0268187689,44.2029260439,1651798,42.04430864549453,43.33193657196121,43.531371971331716,41.28608956323858,,41.89287905221989,41.28501718861526,43.26926020327313,40.76562570216678,41.28308507968278,,,42.0191013430618,"rgba(38, 166, 154, 0.5)",2.357176836620662,42.0191013430618,0.9555120466342281,3,0.47315137628859133,1.419454128865774,0.0,0.0,0.0,0.0,73.68704366976354,17.364402044057414,True,False,True,False,True,7.351502697672778
2025-01-23 00:00:00+00:00,44.7605990817,45.3476233319,44.359465844,44.7214641317,2640237,42.04840111725,43.335987125240834,43.53577991868653,41.342024227528896,,41.89727959480215,41.290877365879545,43.27359110498751,40.7926103622115,41.365352410105075,,,42.123870914672494,"rgba(38, 166, 154, 1.0)",2.3965610452031267,42.123870914672494,1.1002132294126576,3,0.4658258246353853,1.397477473906156,0.0,0.0,0.0,0.0,73.64715685526342,17.364402044057414,True,False,True,False,True,8.457364331023971
2025-01-24 00:00:00+00:00,43.9191976563,44.8877876692,43.7528741187,44.7312478692,2309449,42.051152633552356,43.33800420042341,43.53771763714843,41.380841893845265,,41.900283533490466,41.29506728134581,43.275812441084454,40.81224295818039,41.42156802441556,,,42.12957189264503,"rgba(38, 166, 154, 0.5)",2.4159651551474544,42.12957189264503,0.7407498240783779,3,0.46222382543247487,1.3866714762974246,0.0,0.0,0.0,0.0,70.00262011884031,17.364402044057414,True,False,True,False,False,6.12967641454367
2025-01-27 00:00:00+00:00,42.6277443058,43.9289813938,42.3635833931,43.9289813938,2648769,42.05251182215182,43.33701538656633,43.535797344592716,41.40538362892607,,41.90189612704199,41.29784794453415,43.274971040495146,40.82648664004288,41.456240907255044,,,42.11413161592129,#000000,2.4190766135239543,42.11413161592129,0.21231766162648102,3,0.46062643053512026,1.3818792916053608,0.0,0.0,0.0,0.0,63.40413387619539,21.05135544733527,True,False,True,False,False,2.7340433832452042
2025-01-28 00:00:00+00:00,42.9114726934,43.0435531497,42.128773693,42.9799588559,2451236,42.053386320293775,43.33540694772844,43.5331564856507,41.42351026683557,,41.90299693552219,41.29998618169935,43.27348035730422,40.837811480138676,41.48132708910043,,,42.10647218219944,#000000,2.428551184721609,42.10647218219944,0.331473561794762,3,0.4585154107858654,1.3755462323575962,0.0,0.0,0.0,0.0,59.768260559285416,17.638870454681324,True,False,True,False,False,3.4058074849800377
2025-01-29 00:00:00+00:00,43.214768556,43.3321734061,42.4614207682,42.7647166308,1547993,42.05420219715192,43.33488185769494,43.53210706650549,41.43740961968591,,41.90396057383996,41.30163079882713,43.2730419920043,40.846068178120895,41.500545252555035,,,42.10857272835811,#000000,2.4413762445669893,42.10857272835811,0.4531033797447674,3,0.45627589119602224,1.3688276735880667,0.0,0.0,0.0,0.0,58.15650151397051,16.097927391226136,True,False,True,False,False,4.1244568665443495
2025-01-30 00:00:00+00:00,42.9212564309,43.4789294686,42.6277443058,43.4691457311,1634281,42.055067944432324,43.33434014685129,43.53101724474345,41.451880743896446,,41.90498212434314,41.30337029007019,43.27259186189629,40.854743208574625,41.52040058847009,,,42.11185327000695,#000000,2.4501232753368187,42.11185327000695,0.33035201495393585,3,0.45474161597512985,1.3642248479253896,0.0,0.0,0.0,0.0,56.13398713649098,14.072538480459812,False,False,True,False,False,3.347852473209578
2025-01-31 00:00:00+00:00,41.3069397427,42.7157979433,41.1895348926,42.5886093557,2610635,42.054608672331405,43.330106940266965,43.52506443588215,41.45601910706249,,41.904735120360215,41.30407542613867,43.2684177110766,40.86036165070108,41.524868936226305,,,42.09714651941737,#000000,2.448492240846782,42.09714651941737,-0.3227319913597461,3,0.4557742087589525,1.3673226262768576,0.0,0.0,0.0,0.0,50.644302427713185,8.817815978631877,False,False,False,False,False,0.0
2025-02-03 00:00:00+00:00,41.0427788301,41.4732632803,40.0644050797,40.788401655,3278094,42.05244401727399,43.321912694201934,43.51400455263589,41.445369077433625,,41.90280512934627,41.30317171332203,43.26022340348943,40.86035996505096,41.50811685917527,,,41.94473994107341,#000000,2.4483474748288914,41.94473994107341,-0.36839587527764855,4,0.42400770267558496,1.6960308107023399,0.0,0.0,0.0,0.0,46.44023772004702,4.900216152794222,False,True,False,True,False,0.0
2025-02-04 00:00:00+00:00,42.7647166308,42.9310401684,40.3285659923,40.6122943799,2890262,42.052373287823066,43.318080939293154,43.50851430507716,41.4540994192744,,41.902976390364636,41.30443472139312,43.25647827519596,40.86832828255258,41.518985202686835,,,41.969126384701866,#000000,2.4518762223600876,41.969126384701866,0.3244822225700814,4,0.4267576300862126,1.7070305203448504,0.0,0.0,0.0,0.0,48.345052666505325,4.900216152794222,False,True,False,True,False,2.7678854617227096
2025-02-05 00:00:00+00:00,42.4222858182,42.8429865309,42.2559622806,42.6766629933,2065225,42.052891019461335,43.31639432750983,43.5059122279934,41.465644221913095,,41.90367761290706,41.30597240835816,43.25488004662657,40.87641763869045,41.53409768156508,,,41.987213311439305,#000000,2.4523428436537427,41.987213311439305,0.17741096351458074,5,0.41040770001461124,2.0520385000730563,0.0,0.0,0.0,0.0,48.78938842437674,4.900216152794222,False,True,False,True,False,1.9194140541354052
2025-02-06 00:00:00+00:00,41.4243445927,42.8625540059,41.2091023677,42.6277443058,3275297,42.052492864374564,43.311514603162344,43.49904270041822,41.47190555791371,,41.9035459049949,41.30703690276592,43.25008370350228,40.883840411582106,41.54115251855409,,,41.98556162557886,#000000,2.4495469207701,41.98556162557886,-0.229110546166807,5,0.4144959784816787,2.0724798924083934,0.0,0.0,0.0,0.0,46.89786720296499,4.900216152794222,False,True,False,True,False,0.0
2025-02-07 00:00:00+00:00,41.6004518678,42.1140980868,41.4341283302,41.5221819678,1733378,42.05217239443628,43.308744008349215,43.49517901889347,41.4740956160134,,41.90336392047174,41.30747466316669,43.2473522386383,40.88724828457242,41.543319557109214,,,41.983023109326396,#000000,2.443238866035882,41.983023109326396,-0.15658364265754962,6,0.38800675559258657,2.3280405335555194,0.0,0.0,0.0,0.0,46.110984484737926,4.144098533204492,False,True,False,True,False,0.0
2025-02-10 00:00:00+00:00,43.5278481561,43.5865505812,42.0553956618,42.0602875305,2310464,42.05344670641656,43.30816165393673,43.49391574493258,41.492780384695635,,41.90485538235778,41.30996535416478,43.24690052754927,40.899022466980114,41.56788157143295,,,42.00387929757814,"rgba(38, 166, 154, 0.5)",2.442219081940346,42.00387929757814,0.6240098891173459,6,0.38830162216868863,2.329809733012132,0.0,0.0,0.0,0.0,49.86400371483688,4.144098533204492,False,False,False,False,False,4.365728540732228
2025-02-11 00:00:00+00:00,44.418168269,44.9660575693,43.7822253313,43.7822253313,2490757,42.0566364242824,43.3108456069853,43.49668592940071,41.529179138658826,,41.90831371378829,41.314684399417075,43.24980820421344,40.91932262935023,41.61639221450278,,,42.1034034859222,"rgba(38, 166, 154, 0.5)",2.457714033192397,42.1034034859222,0.9418365000223734,7,0.4224233962424468,2.9569637736971277,0.0,0.0,0.0,0.0,53.86090290945692,4.144098533204492,False,False,True,False,True,6.28085822146743
2025-02-12 00:00:00+00:00,41.7961266179,44.1833585689,41.7961266179,43.9779000813,2889930,42.057483278431825,43.30877971433799,43.49344781315824,41.544453327500655,,41.9094161446418,41.316951672875206,43.24787012626457,40.930535398429676,41.63547481231234,,,42.063884155575025,#000000,2.435814824522848,42.063884155575025,-0.10992524348704345,7,0.42392914527962644,2.967504016957385,0.0,0.0,0.0,0.0,51.2848202661432,4.144098533204492,False,False,False,False,True,0.15707364268565627
2025-02-13 00:00:00+00:00,42.3342321806,42.4418532932,41.2531291864,41.8059103554,1421600,42.05744614668195,43.30694616058221,43.49084041351034,41.54771995938117,,41.90949567242604,41.31755612253838,43.24607863502074,40.93408269581248,41.63904201736313,,,42.047968226964834,#000000,2.4174758517534967,42.047968226964834,0.11841440046961561,8,0.3855778175422864,3.0846225403382914,0.0,0.0,0.0,0.0,50.541816318001594,4.144098533204492,False,False,False,False,True,1.3195541759452851
2025-02-14 00:00:00+00:00,43.175633606,43.6746042187,42.7255816808,42.7255816808,1909358,42.05862993927734,43.30672855012178,43.49013657740288,41.56307938844756,,41.910859654419944,41.31975004117794,43.24597362683167,40.94400672108637,41.65867015991262,,,42.06096005651584,#000000,2.412051414764958,42.06096005651584,0.4621267783351868,9,0.3556262491553677,3.2006362423983097,0.0,0.0,0.0,0.0,51.4961658964646,4.144098533204492,False,False,False,False,True,3.101379683241227
2025-02-18 00:00:00+00:00,43.4789294686,44.2224935189,42.5592581432,43.4887132061,1921440,42.06005819450263,43.30694425572717,43.489971307889896,41.58037506383076,,41.912473418392906,41.32222124270154,43.246313086703736,40.954911162857364,41.68079515654394,,,42.07759181737886,"rgba(38, 166, 154, 0.5)",2.3885512221366754,42.07759181737886,0.5866893865343094,9,0.3540824894524456,3.1867424050720103,0.0,0.0,0.0,0.0,52.64093082381541,4.144098533204492,False,False,False,False,True,3.7352853643087407
2025-02-19 00:00:00+00:00,44.4279520065,44.8975714067,43.728414775,43.7626578562,2014886,42.06257573661184,43.30902148328787,43.49210130999822,41.60717419873191,,41.9152046922608,41.32595366529888,43.24856580376499,40.970523069922535,41.715510622120874,,,42.11112495368396,"rgba(38, 166, 154, 0.5)",2.3675835534168903,42.11112495368396,0.978561896779693,9,0.35137134963775624,3.1623421467398063,0.0,0.0,0.0,0.0,54.9256623323236,-2.1962674532806403,False,False,True,False,True,5.686503654805222
2025-02-20 00:00:00+00:00,44.5551405941,44.7116803942,43.9681163438,44.3692495815,2582274,42.065878976275485,43.31182500603147,43.49500636974054,41.64150997905162,,41.918782626416615,41.33081883022594,43.25159671147588,40.990675991114976,41.759692609529424,,,42.14970179968189,"rgba(38, 166, 154, 1.0)",2.3558003868410724,42.14970179968189,1.021070718832676,9,0.35144945681449347,3.163045111330441,0.0,0.0,0.0,0.0,56.64744425809768,-0.2749322727870549,True,False,True,False,True,5.945069728937
2025-02-21 00:00:00+00:00,42.3733671307,44.339898369,42.2168273306,44.2322772564,2740973,42.067236447747206,43.31092298144318,43.493274084554955,41.658639019295066,,41.92038958261069,41.33356874375279,43.25083841462456,41.00294566032175,41.780499592025805,,,42.15475162265561,#000000,2.3177817220266954,42.15475162265561,0.09432100787007106,9,0.3600412542612583,3.2403712883513247,0.0,0.0,0.0,0.0,53.44315136692799,-0.2749322727870549,False,False,True,False,True,0.9836140472884694
2025-02-24 00:00:00+00:00,42.5592581432,42.7647166308,41.8646127804,42.5299069307,2420580,42.067668846628536,43.308753861293326,43.49004556676475,41.66690145868732,,41.92102698828788,41.33513432799247,43.24876154865395,41.01050579731794,41.78965736318144,,,42.14956913986634,#000000,2.272980026564881,42.14956913986634,0.18024311632549503,9,0.36499056047837264,3.284915044305354,0.0,0.0,0.0,0.0,51.65930513282073,-0.2749322727870549,False,False,False,False,False,1.3759526717151864
2025-02-25 00:00:00+00:00,41.3852096427,42.8527702684,41.2678047927,42.2853134931,3429567,42.06723682670587,43.30381981662716,43.48317457042864,41.66953192558332,,41.92086451038247,41.3361761422317,43.243911491241334,41.01679824520537,41.79059858258409,,,42.131733230363885,#000000,2.2456498666068394,42.131733230363885,-0.3324309807885941,9,0.3710575794590657,3.339518215131591,0.0,0.0,0.0,0.0,48.51807489043253,5.304203234164525,False,False,False,False,False,0.0
2025-02-26 00:00:00+00:00,40.9938601426,41.6542624241,40.6318618549,41.5808843928,3731028,42.06527127658317,43.29579649684554,43.472427743735295,41.659901641102266,,41.919162491979186,41.33562704349579,43.2359135459032,41.01742822234327,41.77528654153041,,,42.09917576285535,#000000,2.2191515052943713,42.09917576285535,-0.49808028772183055,10,0.36864207604623106,3.6864207604623105,0.0,0.0,0.0,0.0,45.82220676746795,2.6540638395223937,False,True,False,True,False,0.0
2025-02-27 00:00:00+00:00,42.2363948056,43.1658498685,40.2698635672,40.5144570049,5227081,42.064779082553706,43.288687661993386,43.46252525229914,41.66518219948839,,41.91908072286426,41.33737981498841,43.228941080945894,41.02738446174863,41.7787313851519,,,42.085935297529865,#000000,2.215405389749894,42.085935297529865,0.06791511330895558,10,0.36900022053685416,3.6900022053685415,0.0,0.0,0.0,0.0,46.60395737016952,2.6540638395223937,False,True,False,True,False,0.7067869386133658
2025-02-28 00:00:00+00:00,42.5201231932,42.5739337495,41.1406162051,41.6591542928,3978135,42.064807871797626,43.28404469064152,43.45596077855147,41.67225122533266,,41.91942795451953,41.33915595835428,43.224419660466154,41.03642406381782,41.785383424741966,,,42.08212980454508,#000000,2.2087471617240815,42.08212980454508,0.19829946869655843,10,0.36857126761145304,3.6857126761145302,0.0,0.0,0.0,0.0,47.67097508816228,2.6540638395223937,False,True,False,True,False,1.3034393444655592
2025-03-03 00:00:00+00:00,38.8120866791,43.0386612809,38.4500883915,42.9799588559,3988721,42.060599239581684,43.27184714073838,43.440081004601936,41.64573113949322,,41.91545692272152,41.336185040861324,43.21215985397812,41.02841871335716,41.748673498755316,,,42.03883596706324,"rgba(239, 83, 80, 1.0)",2.2383424003355086,42.03883596706324,-1.441579843852121,10,0.36646446340570976,3.6646446340570975,0.0,0.0,0.0,0.0,43.19717923273529,-0.14949700268251576,False,True,False,True,False,0.0
2025-03-04 00:00:00+00:00,38.0783063663,38.9294915292,36.9531765533,38.1761437414,4339646,42.05112659389048,43.24991006313996,43.41214935768512,41.57978596574042,,41.9061490930912,41.327469554871236,43.18994601186536,41.000382891772475,41.661579950127674,,,41.95221506354,"rgba(255, 0, 0, 1.0)",2.281222257294908,41.95221506354,-1.69817240948443,11,0.4581908669132089,5.0400995360452985,0.0,0.0,0.0,0.0,39.48788734764385,-3.680948005607945,False,True,False,True,False,0.0
2025-03-05 00:00:00+00:00,37.393444741,37.7505511599,35.8280467403,37.295607366,4814194,42.03810598627345,43.22121940503187,43.375866895351756,41.48982569282273,,41.893263047814116,41.31498603724712,43.16084624709326,40.95979479341727,41.54461389921247,,,41.53389722155977,"rgba(255, 0, 0, 1.0)",2.335772344484258,41.53389722155977,-1.7726267246622376,11,0.45176205452651796,4.969382599791698,-1.0,0.0,35.828045,816.0,36.35924243875457,-6.6151264663286256,False,True,False,True,False,0.0
2025-03-06 00:00:00+00:00,37.1684187784,37.7750105037,36.4101791218,37.0412301909,3566262,42.028745657033156,43.20056534578187,43.34978293860201,41.42724693235304,,41.884007310546586,41.30605536138395,43.13990597548781,40.93120040832827,41.463992374590966,,,41.46611968363073,"rgba(255, 0, 0, 1.0)",2.395116556953157,41.46611968363073,-1.7943598163330552,11,0.4448580348059092,4.893438382865001,0.0,0.0,0.0,0.0,34.055826490352814,-8.786701360438613,False,True,False,True,False,0.0
2025-03-07 00:00:00+00:00,37.7163080787,38.538142029,37.1488513034,37.6184707036,3690468,42.02043916350445,43.181722874542984,43.32595277840478,41.37431972071104,,41.87583453982369,41.29835468813127,43.12082989586708,40.90727682938436,41.396236021164086,,,41.42036405874278,"rgba(255, 0, 0, 1.0)",2.432209202756876,41.42036405874278,-1.5229183311387349,11,0.43997575132898414,4.839733264618825,0.0,0.0,0.0,0.0,33.81143663327664,-9.117987779200504,False,True,False,True,False,0.0
2025-03-10 00:00:00+00:00,37.0216627159,38.3620347539,36.7672855407,38.1272250538,3961664,42.01067990843515,43.160083620002524,43.298682497488265,41.31275634359106,,41.86620245376763,41.2891434682266,43.09890809475664,40.878601793906654,41.318108177829714,,,41.35738888115996,"rgba(255, 0, 0, 1.0)",2.489162284984827,41.35738888115996,-1.7418414988102682,11,0.43351191100863956,4.768631021095035,0.0,0.0,0.0,0.0,32.8584574315331,-10.24830175940059,False,True,False,True,False,0.0
2025-03-11 00:00:00+00:00,38.0978738413,38.2641973789,37.1782025159,37.1782025159,4210070,42.001387157390795,43.139093327583296,43.272222836399784,41.256850691173135,,41.85706441338126,41.28055717045509,43.07766746022764,40.85260653215638,41.247736445881735,,,41.30685491584059,"rgba(239, 83, 80, 1.0)",2.510326555040513,41.30685491584059,-1.2783122052775322,11,0.4300774676689908,4.730852144358899,0.0,0.0,0.0,0.0,34.71143137771365,-10.24830175940059,False,True,False,True,False,0.0
2025-03-12 00:00:00+00:00,38.8903565792,39.4284621419,37.9902527288,38.3228998039,3822263,41.994852474763974,43.123478020429886,43.25247074266971,41.22095447324986,,41.850705073501636,41.27488408952548,43.0619079282664,40.83651776393574,41.20295274576006,,,41.283160874083755,"rgba(239, 83, 80, 0.5)",2.5201979807465507,41.283160874083755,-0.9494509213815574,11,0.42882472480271033,4.717071972829814,0.0,0.0,0.0,0.0,37.5996193525482,-10.24830175940059,False,True,False,True,True,0.0
2025-03-13 00:00:00+00:00,37.8728478787,39.2621386043,37.5793357536,38.479439604,3370867,41.988165142327894,43.108129009955576,43.23314589030468,41.18346545399085,,41.844154561359026,41.26884509377507,43.04639543993745,40.818937254652354,41.156440582573246,,,41.25125485831827,"rgba(239, 83, 80, 1.0)",2.530616870373011,41.25125485831827,-1.335013221152001,11,0.42557673918026195,4.681344130982882,0.0,0.0,0.0,0.0,38.048709272151385,-10.24830175940059,False,True,False,True,True,0.0
2025-03-14 00:00:00+00:00,39.9470002296,39.9667125416,37.8673513156,38.2517413992,3261801,41.983474592042434,43.096466555148254,43.21838558267721,41.16035846279937,,41.83962903559984,41.26498762363888,43.03465068585107,40.808799650489576,41.12808783416911,,,41.23873450523096,"rgba(239, 83, 80, 0.5)",2.4955167919651977,41.23873450523096,-0.5176219530118764,11,0.42544620191594246,4.679908221075367,0.0,0.0,0.0,0.0,42.13959527089978,-14.377958259400586,False,True,False,True,True,0.0
2025-03-17 00:00:00+00:00,40.4989449651,40.9227596727,40.0061371656,40.1046987255,3387182,41.980787509078965,43.08824443094992,43.20784547001849,41.15192410563604,,41.83715323829142,41.263417087976975,43.02643463926312,40.80656651679835,41.118116173245426,,,41.24567562659972,#000000,2.4521051844504145,41.24567562659972,-0.30452635810036904,11,0.4261042055128954,4.68714626064185,0.0,0.0,0.0,0.0,45.72321758369877,-10.932858568061548,False,True,False,True,True,0.0
2025-03-18 00:00:00+00:00,40.1638356614,41.1790197284,39.9667125416,41.1790197284,2757454,41.978549933641446,43.08148848008293,43.19920159364052,41.14481820473501,,41.83508617395075,41.26207936788864,43.01968214985861,40.80455640387445,41.109736080884126,,,41.24913297117483,#000000,2.427030276827372,41.24913297117483,-0.4471708985820883,11,0.42762044364456014,4.703824880090162,0.0,0.0,0.0,0.0,47.52372135202491,-9.193702041116438,False,True,False,False,True,0.0
2025-03-19 00:00:00+00:00,41.7506767759,42.1744914835,39.8385825137,40.3116780013,3222540,41.977326079891526,43.076065059023946,43.1921389776274,41.14607774627799,,41.83408668916182,41.26206522293422,43.01432027550911,40.8073952883091,41.1117878507129,,,41.26415817895389,#000000,2.3990273431817544,41.26415817895389,0.20279827086124452,11,0.4287593092555653,4.716352401811219,0.0,0.0,0.0,0.0,51.13743893425091,-5.737134747447719,False,False,True,False,True,1.0685755431231598
2025-03-20 00:00:00+00:00,41.5141290321,41.8295260238,41.0213212326,41.1987320404,3461637,41.97637928760288,43.07091205551969,43.18538810359142,41.14983913212641,,41.83338684661354,41.26245550750556,43.00924857539574,40.81175405766253,41.11693178018539,,,41.281215918734475,#000000,2.3735051857403455,41.281215918734475,0.09813044216833099,12,0.41205054955078935,4.944606594609472,0.0,0.0,0.0,0.0,53.08522040858327,-3.8698401607606527,False,False,True,False,True,0.6064236890036838
2025-03-21 00:00:00+00:00,40.8636227367,41.64225906,40.7552050208,41.4845605641,22256954,41.966133830716146,43.031177215931045,43.13423531743599,41.14527887375385,,41.82463177835668,41.26020305398613,42.969874093896394,40.82317260653844,41.114303430097706,,,41.324178306579014,#000000,2.3480134507856616,41.324178306579014,-0.19614690440759938,12,0.4142796897911804,4.971356277494165,0.0,0.0,0.0,0.0,53.11241328432565,-3.7076109030464863,False,False,True,False,True,0.0
2025-03-24 00:00:00+00:00,42.3913269153,42.5785938791,41.612690592,42.0857860796,3680040,41.966567428354026,43.02841461589961,43.13046157965259,41.15772138576939,,41.82534719126615,41.26218172448145,42.967255866292334,40.832511813977874,41.129772886316985,,,41.343365689462146,#000000,2.3427650135589118,41.343365689462146,0.4473181133287827,13,0.3979556426302491,5.173423354193238,0.0,0.0,0.0,0.0,55.431969049957615,-1.298131069643098,False,False,True,False,True,2.2610084589947874
2025-03-25 00:00:00+00:00,43.1699632385,43.2182584029,42.4997446312,42.8249977788,3113880,41.96816723602283,43.028231468442165,43.1298934940503,41.17565785510208,,41.82720702631172,41.26522448451852,42.967242764204734,40.8447192620615,41.15172330777637,,,41.367229638079344,"rgba(38, 166, 154, 0.5)",2.3438036095973422,41.367229638079344,0.769148743110931,14,0.4029788277872409,5.641703589021373,0.0,0.0,0.0,0.0,57.99442492921161,1.3001813145032344,True,False,True,False,True,3.6932023692000158
2025-03-26 00:00:00+00:00,43.3375178904,44.3625581134,43.1896755505,43.5346410102,3260751,41.970957348452345,43.02998117460776,43.13165983838515,41.20093429147233,,41.83028875820278,41.2696470600391,42.96921320602512,40.861333842087554,41.18241683199363,43.62991718476666,,41.42868345088307,"rgba(38, 166, 154, 0.5)",2.3579538278318437,41.42868345088307,0.8095300327708782,14,0.4062806882959053,5.687929636142674,0.0,0.0,0.0,0.0,59.92094047185616,3.2770054574000937,True,False,True,False,True,4.0001665009961975
2025-03-27 00:00:00+00:00,42.696867751,43.3276617344,42.5096007871,43.0812578346,2777699,41.97220528184374,43.0295233531961,43.13079893728788,41.215230206026966,,41.83176386303065,41.27215244616166,42.96889863949822,40.871361618349255,41.19977199045892,43.268720361142805,,41.42880038312315,"rgba(38, 166, 154, 0.5)",2.3647582404408394,41.42880038312315,0.5362355213277329,14,0.40939734401600114,5.731562816224016,0.0,0.0,0.0,0.0,59.72852127189553,3.288041602463963,True,False,True,False,True,2.6952298935850116
2025-03-28 00:00:00+00:00,41.612690592,42.627874659,41.4549920962,42.4800323192,3026648,41.972090785873554,43.026486235437915,43.12678365520425,41.221644579908975,,41.83186946672474,41.27323619844691,42.96595995584613,40.876989271456395,41.20763167240876,42.81123861532869,,41.41538655836135,#000000,2.361750879111589,41.41538655836135,0.0835414248741048,14,0.4135677975053009,5.789949165074213,0.0,0.0,0.0,0.0,57.33508963011262,3.288041602463963,True,False,True,False,True,0.5404919007577789
2025-03-31 00:00:00+00:00,42.1843476395,42.5490254111,41.1691635724,41.3958551602,3055300,41.97208361542793,43.023623382878114,43.12298300725284,41.22864634354549,,41.832085733190766,41.27444670630408,42.96320045602271,40.882987481663235,41.21616304073069,42.59855275358308,,41.41455931805394,#000000,2.36181799242069,41.41455931805394,0.3259304162794869,14,0.4184159975499611,5.857823965699455,0.0,0.0,0.0,0.0,56.724560362622746,3.288041602463963,True,False,True,False,False,1.6351969021552897
2025-04-01 00:00:00+00:00,43.2783809544,43.4902883082,41.8788068038,42.2730530434,2979432,41.97347186848894,43.02325229787789,43.122216591066724,41.243648811636255,,41.833716360999695,41.27717615898385,42.9629835185143,40.8936550560181,41.23420919738922,42.65457840041322,,41.43530644940169,"rgba(38, 166, 154, 0.5)",2.37105602149875,41.43530644940169,0.7773222092969757,14,0.42001619541500074,5.880226735810011,0.0,0.0,0.0,0.0,58.03676788810197,3.288041602463963,True,False,True,False,False,3.6827741275553514
2025-04-02 00:00:00+00:00,43.5050725422,43.5691375561,42.6081623471,42.7757169989,2274612,41.974929989257205,43.02366138854666,43.12247201928895,41.257292886302515,,41.835366190617975,41.27970013942028,42.96352512295313,40.90312213322842,41.25055413473464,42.72957808288195,,41.454812912589816,"rgba(38, 166, 154, 0.5)",2.385549479907374,41.454812912589816,0.8594496349284647,14,0.42146000865064975,5.900440121109097,0.0,0.0,0.0,0.0,59.24909429586764,3.548613362910274,True,False,True,False,False,4.101153711592971
2025-04-03 00:00:00+00:00,38.488289143,40.7059242409,38.3798714271,40.0455617895,5239578,41.96749414777232,43.00605777813961,43.10061618929975,41.225073101799175,,41.82817624562347,41.273493080665645,42.94581445542271,40.88727522494053,41.21237897252816,41.90978747405903,,41.38303278714976,"rgba(239, 83, 80, 1.0)",2.4033376633407153,41.38303278714976,-1.20446813958134,14,0.4179687799027873,5.851562918639022,0.0,0.0,0.0,0.0,52.13804995874029,8.130038584367206,False,False,False,False,False,0.0
2025-04-04 00:00:00+00:00,32.4661778328,36.4924175549,32.1606369971,36.369215605,8051301,41.93372221489604,42.940876361797535,43.0210392282481,41.04910578926039,,41.7943796785449,41.23908946016604,42.87963303435315,40.78655575322686,41.004475660013654,39.755958565500684,,41.09929444033121,"rgba(255, 26, 202, 1.0)",2.602045441808913,41.09929444033121,-3.3178193081553413,15,0.44131872900566455,6.619780935084968,0.0,0.0,0.0,0.0,43.136141627797514,-0.08571894979945682,False,True,False,True,False,0.0
2025-04-07 00:00:00+00:00,32.239486245,33.5996357717,29.9627142112,30.8497682504,7897531,41.89378328187402,42.86571870647522,42.92967490909604,40.84454443090314,,41.75429537094279,41.197775999809814,42.8032635735251,40.666412620673924,40.764553384667074,38.154038889448124,,40.818571717068735,"rgba(255, 26, 202, 1.0)",2.7866299207340224,40.818571717068735,-3.078659784794433,15,0.4137864609284542,6.206796913926813,0.0,0.0,0.0,0.0,37.01952358346286,-5.334962421078444,False,True,False,True,False,0.0
2025-04-08 00:00:00+00:00,30.7314943785,33.8558958275,30.130268863,33.6292042397,6065010,41.86222249966401,42.806808376681744,42.85825363282158,40.687453398928895,,41.72260794817734,41.1650689642435,42.74340818179796,40.57261041224594,40.58155190121941,37.25960263805731,,40.62272089254999,"rgba(255, 26, 202, 1.0)",3.0131482281059108,40.62272089254999,-3.2826883263780546,14,0.4046962427722338,5.665747398811273,0.0,0.0,0.0,0.0,32.18555828484628,-9.376129213395515,False,True,False,True,False,0.0
2025-04-09 00:00:00+00:00,35.4525930979,36.0193220674,29.3713448518,29.6177487515,6331772,41.8359764418919,42.757018716862014,42.797961139737076,40.5645218684006,,41.69634922501299,41.13837761849008,42.692895235243256,40.4984788522373,40.439692437029706,36.806686015334975,,40.02610457269793,"rgba(255, 0, 0, 1.0)",3.0488697883291995,40.02610457269793,-1.5000678258890965,13,0.41956197601745504,5.454305688226915,0.0,0.0,0.0,0.0,35.15279846830577,-9.376129213395515,False,True,False,True,False,0.0
2025-04-10 00:00:00+00:00,31.263726802,33.4813618998,30.4850904787,33.4813618998,5146689,41.80993836302744,42.708742201308716,42.739662402408726,40.441638837965456,,41.67021781701492,41.11145986396853,42.64386904136352,40.42331220690562,40.298108973340106,36.34222509965276,,39.84893489890019,"rgba(255, 26, 202, 1.0)",3.2148004590082135,39.84893489890019,-2.670525964634452,13,0.39705015724853765,5.16165204423099,0.0,0.0,0.0,0.0,34.534688146682015,-9.376129213395515,False,True,False,True,False,0.0
2025-04-11 00:00:00+00:00,32.308479337,32.6140201727,30.3323200609,31.204589866,4427025,41.78766663602587,42.667584387287725,42.690042415598775,40.338742448691626,,41.64786841292858,41.08844932172001,42.60207960374745,40.35974137822109,40.18007399782516,36.00649638360776,,39.725130616226394,"rgba(255, 26, 202, 1.0)",3.3335859850976606,39.725130616226394,-2.224826751846665,12,0.3802172476119386,4.562606971343263,0.0,0.0,0.0,0.0,35.22179449938095,-9.376129213395515,False,True,False,True,False,0.0
2025-04-14 00:00:00+00:00,31.8255276934,33.6094919277,31.4411376098,33.6094919277,3946184,41.76896153715562,42.63296022422259,42.64835491384217,40.25469944500832,,41.629114552344625,41.0692149808418,42.56694048356693,40.30736455665537,40.084146779017914,35.779170301644825,,39.63702232940079,"rgba(255, 26, 202, 1.0)",3.4682828572922086,39.63702232940079,-2.2522657342023877,12,0.36586978540101595,4.390437424812191,0.0,0.0,0.0,0.0,35.38073050372513,-9.376129213395515,False,True,False,True,False,0.0
2025-04-15 00:00:00+00:00,31.7368222895,32.4858901448,31.4509937658,31.4509937658,2977516,41.75430181713978,42.60598111833944,42.61591217887706,40.189305406291645,,41.6144085779821,41.05409746569067,42.539556980593346,40.26633876766199,40.00965267433113,35.607559050934505,,39.56678477453685,"rgba(255, 26, 202, 1.0)",3.606377450194611,39.56678477453685,-2.171143368427595,12,0.35394187695249163,4.2473025234299,0.0,0.0,0.0,0.0,35.4280230746834,-9.376129213395515,False,True,False,True,False,0.0
2025-04-16 00:00:00+00:00,32.6238763286,33.1856772201,31.9733700333,31.9733700333,3330309,41.73912173949987,42.577935029118365,42.58222019270412,40.12345955147843,,41.599198260386224,41.03854053402924,42.511106189670926,40.224735841775896,39.93499902748923,35.46579563464804,,39.503401853557286,"rgba(255, 0, 0, 1.0)",3.709904648390767,39.503401853557286,-1.8543672080470845,12,0.34533660733356,4.14403928800272,0.0,0.0,0.0,0.0,36.56513323896411,-9.376129213395515,False,True,False,True,True,0.0
2025-04-17 00:00:00+00:00,33.33351956,34.1121558832,32.9688417883,32.9688417883,3098442,41.726394071211935,42.55426263548611,42.55381195180232,40.070234034508076,,41.58646697701018,41.0256162481702,42.4871105471113,40.190835946612104,39.87502034503019,35.3821639809134,,39.45901193579108,"rgba(255, 0, 0, 1.0)",3.790258064341208,39.45901193579108,-1.616114858621313,12,0.3400523031908473,4.080627638290167,0.0,0.0,0.0,0.0,38.20610495847104,-9.376129213395515,False,True,False,True,True,0.0
2025-04-21 00:00:00+00:00,32.1803493091,32.6830132646,31.6973976655,32.5450270807,2092912,41.71648462911116,42.53609044888005,42.53202310104842,40.02785548026291,,41.57653215326148,41.01543090009476,42.46867491681124,40.16378846517932,39.827130598105065,35.294147690353974,,39.41655719980339,"rgba(255, 0, 0, 1.0)",3.90645263480645,39.41655719980339,-1.8523731290708245,12,0.33398163849685014,4.007779661962202,0.0,0.0,0.0,0.0,38.30645307120858,-9.376129213395515,False,True,False,True,True,0.0
2025-04-22 00:00:00+00:00,33.0969718162,33.6390603957,32.5548832367,33.0871156602,2183842,41.707151930119316,42.51885796672665,42.51137648585834,39.98919503121413,,41.56719062089035,41.00592098366884,42.45120498651779,40.138957722232234,39.78366902843647,35.23275915107015,,39.382212139692214,"rgba(255, 0, 0, 1.0)",3.9959402931863863,39.382212139692214,-1.5729064656469938,12,0.3305104765375431,3.9661257184505176,0.0,0.0,0.0,0.0,39.58494477906221,-9.376129213395515,False,True,False,True,True,0.0
2025-04-23 00:00:00+00:00,33.1659649081,34.299422847,32.6238763286,33.7474781116,3302274,41.69351289705915,42.49365185362166,42.48120465722857,39.933773204620444,,41.553546520910594,40.99206637394132,42.42565939395137,40.103146311179586,39.72157840701526,35.15696980042689,,39.33485792199478,"rgba(255, 0, 0, 1.0)",4.080197705462967,39.33485792199478,-1.5119103188640257,12,0.3265657718351238,3.9187892620214857,0.0,0.0,0.0,0.0,40.531198104658856,-9.376129213395515,False,True,False,True,True,0.0
2025-04-24 00:00:00+00:00,34.0333066353,34.1121558832,33.1758210641,33.5207865238,2811200,41.68250784090447,42.47326341109212,42.45682579386228,39.890221895021554,,41.54254771250443,40.980944342297406,42.40500587104101,40.074796709945325,39.67301297588613,35.11083003598563,,39.29992568607491,"rgba(239, 83, 80, 1.0)",4.141464889429475,39.29992568607491,-1.2716802366759727,12,0.32433209512985467,3.891985141558256,0.0,0.0,0.0,0.0,42.37300831630513,-13.605117320886507,False,True,False,True,True,0.0
2025-04-25 00:00:00+00:00,34.1712928192,34.5359705908,33.3730427455,33.5010742118,2328367,41.67370692302093,42.45693781718276,42.437322539916664,39.85608711344977,,41.53375741696345,40.97208094223625,42.388473419542215,40.05244294025819,39.635084812818306,35.08168494898681,,39.27358785085762,"rgba(239, 83, 80, 1.0)",4.197968337205854,39.27358785085762,-1.2154200846244798,12,0.3223555081904806,3.8682660982857673,0.0,0.0,0.0,0.0,43.797262237625674,-11.926948776708755,False,True,False,True,True,0.0
2025-04-28 00:00:00+00:00,34.4965459668,34.7330937106,34.1417243512,34.1811489752,2520836,41.66473623870158,42.44023238164358,42.41738382765094,39.822271388992874,,41.524807893451346,40.963103332723726,42.37156518875428,40.030142121977235,39.597698965672016,35.06401966584984,,39.24951344177036,"rgba(239, 83, 80, 1.0)",4.245081874792897,39.24951344177036,-1.11964094336867,12,0.32098481997649564,3.8518178397179477,0.0,0.0,0.0,0.0,45.236521384212324,-10.27229243162197,False,False,False,True,True,0.0
2025-04-29 00:00:00+00:00,34.0628751033,34.4103046019,33.4419372759,33.6489165517,2438237,41.655497754124774,42.42316210098797,42.39702274603916,39.78704126029604,,41.51558007956866,40.95379727263267,42.354280573909556,40.0068763947799,39.55868174042813,35.03493251448862,,39.22156151699576,"rgba(239, 83, 80, 1.0)",4.29519373953219,39.22156151699576,-1.201036955845819,12,0.31834522500209855,3.8201427000251824,0.0,0.0,0.0,0.0,45.57340060707475,-9.660882483488706,False,False,False,False,True,0.0
2025-04-30 00:00:00+00:00,33.0969718162,33.5749953817,32.4366093648,33.4123688079,2998863,41.64278571325515,42.399947375181235,42.36934851481102,39.73741050977825,,41.50285775188072,40.94085632804762,42.33075731619231,39.974107200886756,39.50351687749732,34.97154629702746,,39.1768179952619,"rgba(239, 83, 80, 1.0)",4.352555409162466,39.1768179952619,-1.3968452110370264,12,0.31475140771143256,3.7770168925371905,0.0,0.0,0.0,0.0,44.45911276916039,-9.660882483488706,False,False,False,True,True,0.0
2025-05-01 00:00:00+00:00,33.8854642954,34.368415939,32.9491294763,32.9491294763,2763791,41.6320509369665,42.38024143512225,42.34588511140468,39.6970104439497,,41.49213048992973,40.93001724370107,42.310803423750876,39.94718999170283,39.45889582818745,34.93641298365903,,39.143543478070406,"rgba(239, 83, 80, 1.0)",4.380031407903931,39.143543478070406,-1.2004660909924085,11,0.3140905268547459,3.4549957954022052,0.0,0.0,0.0,0.0,45.109395946886565,-9.628371039833269,False,False,False,True,True,0.0
2025-05-02 00:00:00+00:00,34.9794976104,35.0287783903,33.6292042397,34.4866898109,4070806,41.617911752777545,42.354088073121375,42.31479183822063,39.64645046621223,,41.478031204499715,40.915905294338884,42.28434627410189,39.91308725073889,39.4035564569106,34.92073202720832,,39.10717964400409,"rgba(239, 83, 80, 0.5)",4.3814916389187,39.10717964400409,-0.9420723291903284,11,0.3122477764590643,3.4347255410497075,0.0,0.0,0.0,0.0,47.319232394499316,-7.295159147834546,True,False,False,False,True,0.0
2025-05-05 00:00:00+00:00,33.9248889194,34.4916178889,33.7031254096,34.0727312593,2563907,41.60840039626834,42.33664384746033,42.29406824980889,39.61200415781257,,41.46853444361219,40.906345766167696,42.26669173207911,39.8898245728406,39.3657735035899,34.89900817946212,,39.07981381561387,"rgba(239, 83, 80, 1.0)",4.384015156331002,39.07981381561387,-1.1758455918587758,11,0.30909746411487427,3.400072105263617,0.0,0.0,0.0,0.0,47.14743808628637,-7.267414713621264,True,False,False,False,True,0.0
2025-05-06 00:00:00+00:00,34.1515805072,35.2456138221,33.9495293094,34.378272095,5659044,41.58862125324456,42.300284399646365,42.25094117041412,39.542925099133875,,41.44880826271578,40.88659112094926,42.22991523152507,39.84267075713315,39.290496588169475,34.87577208900122,,39.028274774227725,"rgba(239, 83, 80, 1.0)",4.375217427461111,39.028274774227725,-1.1146175813844326,11,0.30636854408189823,3.3700539849008804,0.0,0.0,0.0,0.0,47.42400559878142,-6.752691122707375,True,False,False,False,True,0.0
2025-05-07 00:00:00+00:00,33.3729441839,34.5951075268,32.7815748245,34.5951075268,6422683,41.56359920923173,42.25491709382656,42.197197670764936,39.453781518844096,,41.4238018537035,40.861321357369086,42.1839956057528,39.781702421758894,39.1930211440612,34.804231751544826,,38.95275703812339,"rgba(239, 83, 80, 1.0)",4.3773256643204075,38.95275703812339,-1.274708185343497,11,0.3029549975816215,3.3325049733978362,0.0,0.0,0.0,0.0,46.37820404664596,-6.752691122707375,True,False,False,False,True,0.0
2025-05-08 00:00:00+00:00,34.8217991145,35.2653261341,33.8263273595,33.9840258553,3251990,41.55265577045933,42.2348976687925,42.17353966994533,39.417581925405905,,41.412895827472404,40.85043745482502,42.163758837008054,39.75645862186856,39.15396705790291,34.79969527137734,,38.926465922758226,"rgba(239, 83, 80, 0.5)",4.358218776257845,38.926465922758226,-0.9418221110466298,11,0.30132870473255946,3.3146157520581543,0.0,0.0,0.0,0.0,48.207246355107806,-5.682092222713607,True,False,False,False,True,0.0
2025-05-09 00:00:00+00:00,35.6201477498,35.8665516495,35.0780591703,35.6694285297,3344094,41.5428720612223,42.2168027818271,42.152200628464136,39.38769892152189,,41.40317557237146,40.8408714138418,42.14549224372306,39.735194525710355,39.12222264961933,34.81937969539535,,38.9089355308654,"rgba(239, 83, 80, 0.5)",4.329002264280164,38.9089355308654,-0.7597103397709284,11,0.30016214200738056,3.3017835620811864,0.0,0.0,0.0,0.0,50.648760805874986,-3.2713454364676338,True,False,False,False,True,0.0
2025-05-12 00:00:00+00:00,37.5519543239,38.498145299,37.2661258002,37.2661258002,3082094,41.53724267679689,42.205788552928404,42.13928850950927,39.376357850124805,,41.39766227314477,40.83580248546659,42.13443526897176,39.726151463452254,39.11143466224777,34.89176620051149,,38.91406726807353,#000000,4.274615203348771,38.91406726807353,-0.3186515930384659,11,0.2999144348012644,3.2990587828139084,0.0,0.0,0.0,0.0,54.77509605171821,0.5986539452584481,True,False,True,False,True,0.0
2025-05-13 00:00:00+00:00,38.7741176667,39.0993708144,37.5273139339,37.8673513156,4114068,41.53113648010831,42.193462077587334,42.12489470596988,39.367915656364794,,41.391734451761074,40.830591040944114,42.122100015011114,39.71845603424708,39.10463322662333,35.005052339625315,,38.74334575585158,#000000,4.230890345929651,38.74334575585158,0.007273152535854869,11,0.2999047459856405,3.2989522058420455,0.0,0.0,0.0,0.0,58.81993604019449,4.244425198682016,True,False,True,False,True,0.8377647638059358
2025-05-14 00:00:00+00:00,38.4192960511,38.8332546027,38.1531798393,38.1531798393,3301476,41.5262565069372,42.18363323347744,42.11343040042613,39.361265592926316,,41.38699744354087,40.82642838676633,42.11226543603856,39.71235628175775,39.09929192357231,35.09093984321287,,38.75443502962948,#000000,4.2050881420164705,38.75443502962948,-0.07969844322187476,11,0.2999539818310328,3.2994938001413607,0.0,0.0,0.0,0.0,60.79292594531791,5.902965735745006,True,False,True,False,True,0.290415523048825
2025-05-15 00:00:00+00:00,37.0887149924,37.5963070259,36.5663387249,37.2858381122,3552955,41.51865158408938,42.16919225282362,42.096515883746015,39.34328532954955,,41.37950593405555,40.81934363360391,42.09774078186708,39.698623129824526,39.081240566010976,35.14273979520184,,38.728886719380725,#000000,4.177733053347221,38.728886719380725,-0.392598499242696,11,0.29991599448000117,3.299075939280013,0.0,0.0,0.0,0.0,59.561215024967446,5.902965735745006,True,False,True,False,True,0.0
2025-05-16 00:00:00+00:00,36.7930303126,37.3597592821,36.1819486412,37.2365573322,4871973,41.507550056467856,42.14834078138162,42.07210352190863,39.31581431965787,,41.36854788736232,40.80888114151987,42.07675437993448,39.67784987218455,39.05330014951096,35.19902740674402,,38.7006878362272,#000000,4.145566699187383,38.7006878362272,-0.46016809330341757,11,0.2998593149716278,3.298452464687906,0.0,0.0,0.0,0.0,58.20635044644703,5.902965735745006,True,False,True,False,False,0.0
2025-05-19 00:00:00+00:00,36.5367702569,36.7240372207,35.8961201175,36.2607978892,2631442,41.50107954039353,42.1363269874207,42.05803997021526,39.29896207862292,,41.36214656533224,40.80270441716205,42.06465315827371,39.66524970124777,39.0359332448007,35.22068252448185,,38.68380160187758,"rgba(239, 83, 80, 0.5)",4.117310651405502,38.68380160187758,-0.5214645011652607,11,0.29966664216215155,3.296333063783667,0.0,0.0,0.0,0.0,56.82143609169237,5.902965735745006,True,False,True,False,False,0.0
2025-05-20 00:00:00+00:00,36.408640229,36.8620234046,36.1129555493,36.6156195048,2857727,41.49417462578032,42.12350739586707,42.04304804532755,39.28134789920413,,41.355318653568396,40.79613046886085,42.05174356468037,39.65198757323498,39.01785772594049,35.24479044284917,,38.66899634025901,"rgba(239, 83, 80, 0.5)",4.108345145050796,38.66899634025901,-0.5501865182826697,11,0.2992809472084976,3.2920904192934737,0.0,0.0,0.0,0.0,55.64378148066165,10.842897949694226,True,False,True,False,False,0.0
2025-05-21 00:00:00+00:00,35.403312318,36.388927917,35.363887694,36.2312294212,2911317,41.486124758840226,42.10880205777713,42.02583667836966,39.25896118611087,,41.34732989617725,40.788310064776134,42.036914294073966,39.63547134851141,38.99442972695932,35.25399097926072,,38.6451981989926,"rgba(239, 83, 80, 0.5)",4.108483022276646,38.6451981989926,-0.7890712614399874,11,0.29812554399010804,3.2793809838911887,0.0,0.0,0.0,0.0,52.92929858859351,8.197704105699827,True,False,True,False,False,0.0
2025-05-22 00:00:00+00:00,35.1569084182,35.5166581119,34.378272095,35.0090660784,3056797,41.47667174097907,42.09174750022888,42.00586719818661,39.23115907443381,,41.33792400910176,40.77899223642001,42.01969825928241,39.61519944107523,38.96499525053134,35.249262277564036,,38.612908686657306,"rgba(239, 83, 80, 0.5)",4.087946307884989,38.612908686657306,-0.8454123435504136,11,0.2968405276013056,3.2652458036143615,0.0,0.0,0.0,0.0,50.669160550208055,6.027683700644744,True,False,False,False,False,0.0
2025-05-23 00:00:00+00:00,35.344175382,35.427952708,34.4866898109,34.4866898109,3202824,41.46690220971322,42.07413941776491,41.98527082989681,39.20288773064292,,41.328205979935106,40.76937802826546,42.001926993122645,39.59446503658409,38.9351493423048,35.24592069044894,,38.582841116312025,"rgba(239, 83, 80, 0.5)",4.068268571792202,38.582841116312025,-0.796079628755996,11,0.29571428933326405,3.2528571826659043,0.0,0.0,0.0,0.0,49.57943792953212,4.942505122881322,True,False,False,False,False,0.0
2025-05-27 00:00:00+00:00,36.0045378334,36.0587466913,34.8809360505,35.6201477498,3363071,41.4575763758224,42.05722418700433,41.96552592980017,39.17760905396571,,41.31894969802884,40.76031219326554,41.98487232040252,39.57558440044594,38.90880339249763,35.254395633042925,,38.56115948665056,"rgba(239, 83, 80, 0.5)",4.054680633070502,38.56115948665056,-0.6305358879312025,11,0.2948680902071718,3.24354899227889,0.0,0.0,0.0,0.0,50.30241169308995,4.942505122881322,True,False,False,False,False,0.0
2025-05-28 00:00:00+00:00,35.9059762735,36.6649002848,35.7926304796,36.428352541,3795242,41.44794208531517,42.03964309123517,41.945048590068,39.15327662432679,,41.309408529557686,40.75106304587541,41.96716437807492,39.557033885608355,38.88381531395223,35.2745304241094,,38.544959150159976,"rgba(239, 83, 80, 0.5)",4.038204594717227,38.544959150159976,-0.653504005248344,11,0.2940143826028778,3.234158208631656,0.0,0.0,0.0,0.0,50.55341187379512,4.942505122881322,True,False,False,False,False,0.0
2025-05-29 00:00:00+00:00,36.0045378334,36.3495032931,35.5905792818,36.1326678613,3258980,41.439480693887575,42.024274864406216,41.927159997794696,39.131741364601226,,41.30102367942066,40.74291153327765,41.95168252213594,39.540621882423864,38.86164622948383,35.288357534749345,,38.52975858617647,"rgba(239, 83, 80, 0.5)",3.9883637673189782,38.52975858617647,-0.6331470497922888,11,0.2934535566329759,3.227989122962735,0.0,0.0,0.0,0.0,50.957571189640376,4.942505122881322,True,False,False,False,False,0.0
2025-05-30 00:00:00+00:00,35.3047507581,36.0143939894,35.0090660784,35.5708669698,24051106,41.37175147058777,41.90332304975174,41.786720353102496,38.95571342132542,,41.23376461626748,40.67689338766019,41.82976510305574,39.40635445580879,38.67920068022131,35.30782893334186,,38.387593827353484,"rgba(239, 83, 80, 0.5)",3.920670557426749,38.387593827353484,-0.7863050526940589,11,0.29259326068250985,3.2185258675076085,0.0,0.0,0.0,0.0,49.46997822228187,4.151013933198648,False,False,False,False,False,0.0
2025-06-02 00:00:00+00:00,36.0538186134,36.8127426246,35.6398600618,36.3297909811,3919438,41.362192746546086,41.886200366891515,41.76696194124603,38.934209408697676,,41.2243058837154,40.66776122881212,41.81253808255324,39.389159421774785,38.65755776141103,35.32516907616972,,38.375230046690504,"rgba(239, 83, 80, 0.5)",3.894134430523579,38.375230046690504,-0.5961302761133456,11,0.2920906018587972,3.212996620446769,0.0,0.0,0.0,0.0,50.38767341023001,4.151013933198648,True,False,False,False,False,0.0
2025-06-03 00:00:00+00:00,37.4041119841,37.7983582237,35.6102915938,36.1129555493,3684877,41.35456361660302,41.872347479646606,41.751045958817805,38.91982960095545,,41.21679277834106,40.660670625422675,41.79863058712409,39.376978851317624,38.64372884099992,35.35513247268036,,38.372000709976106,#000000,3.853692714006463,38.372000709976106,-0.25115877100378603,11,0.29225497975342374,3.214804777287661,0.0,0.0,0.0,0.0,53.788275068691576,4.151013933198648,True,False,True,False,True,0.0
2025-06-04 00:00:00+00:00,36.8127426246,38.0743305914,36.6649002848,37.41396814,3191810,41.34834402289244,41.86100678507217,41.7380456160003,38.90906793128006,,41.21067974757818,40.654955598163205,41.787255397967726,39.36758144218491,38.633633010928655,35.38410408384152,,38.37125960472976,#000000,3.796327937334111,38.37125960472976,-0.410532758459269,11,0.292487941441642,3.2173673558580616,0.0,0.0,0.0,0.0,54.48408914898452,-0.015687246419886947,True,False,True,False,True,0.0
2025-06-05 00:00:00+00:00,36.5269141009,37.1872765523,36.457921009,37.1084273043,3068548,41.341723585728026,41.84908851697459,41.724361628964324,38.89612171189607,,41.20415092825514,40.648753226580006,41.77528481221786,39.356735459287215,38.62101977721877,35.40420460159302,,38.366303072224966,#000000,3.7301894539621117,38.366303072224966,-0.4931087265209045,10,0.3008660932161703,3.0086609321617033,0.0,0.0,0.0,0.0,54.208173275516856,-0.015687246419886947,True,False,True,False,True,0.0
2025-06-06 00:00:00+00:00,37.6308035718,37.8673513156,36.8324549366,37.2069888642,2781279,41.33667172765808,41.83984354074293,41.713798471818805,38.88836258963494,,41.199197439493005,40.64417589764475,41.76602219005075,39.349647159832614,38.61401234275934,35.431560971632024,,38.36734194765873,#000000,3.63623492067535,38.36734194765873,-0.2025552231707661,10,0.30286108972078724,3.0286108972078725,0.0,0.0,0.0,0.0,56.25457025334557,1.9287571006536552,True,False,True,False,True,0.0
2025-06-09 00:00:00+00:00,38.2517413992,38.6065630149,37.6702281958,37.9856251875,2569338,41.332892521969214,41.83275499840452,41.70575274305159,38.884865532171744,,41.19552341593943,40.64092424821993,41.75894491556378,39.345644519257725,38.6116184195149,35.46515639527948,,38.37331472418279,#000000,3.5357835837156752,38.37331472418279,-0.034383700841506805,10,0.3053945158530994,3.0539451585309942,0.0,0.0,0.0,0.0,58.702779528938166,4.3224588307510245,True,False,True,False,True,0.9623081156006528
2025-06-10 00:00:00+00:00,38.8036861347,39.8385825137,38.7001964968,38.8529669147,4624816,41.3281272147072,41.82331982898296,41.6951864997188,38.886874373538845,,41.190980088268695,40.63731200714279,41.74959266049825,39.344231913694934,38.61651606729759,35.54382120336507,,38.395058003439075,#000000,3.4879857307158453,38.395058003439075,0.11715303983685232,10,0.30887297287110815,3.0887297287110815,0.0,0.0,0.0,0.0,61.23563480283458,6.728065944622919,True,False,True,False,True,1.9133851681185021
2025-06-11 00:00:00+00:00,40.0357056335,40.4693764971,38.6558437949,39.1880762183,6040996,41.32362921477259,41.81382918429805,41.68472483930401,38.896304229768845,,41.18679872087283,40.63448681315647,41.74026267975285,39.34720585404447,38.63039089632341,35.65820688694834,,38.43109431360309,#000000,3.446387289669457,38.43109431360309,0.46559228114226514,11,0.2933883558703574,3.2272719145739313,0.0,0.0,0.0,0.0,64.65596517788187,9.900212256682892,True,False,True,False,True,3.9910330090510726
2025-06-12 00:00:00+00:00,39.9470002296,40.0209213995,39.1289392824,39.4739047421,3155014,41.32125889073488,41.808856289268576,41.67924607711087,38.901019358811155,,41.1845927045482,40.63298390985491,41.735372803925905,39.34865259231078,38.63736022791556,35.71519008105,,38.44873702953608,#000000,3.4258872732934913,38.44873702953608,0.4373358142118773,11,0.2968240215086389,3.2650642365950278,0.0,0.0,0.0,0.0,66.64870040605862,11.68664041991481,True,False,True,False,True,3.8264017827115673
2025-06-13 00:00:00+00:00,41.5634098121,41.7917256529,40.4714644862,41.3450207469,4425606,41.32116550429682,41.80710298969118,41.67768968275937,38.92042597675593,,41.184781450666854,40.63442859191464,41.73383284217125,39.359705752743714,38.661277445249,35.823047776338846,,38.490208245887665,"rgba(38, 166, 154, 0.5)",3.4354057367853983,38.490208245887665,0.894567280162957,11,0.29931431951585385,3.2924575146743926,0.0,0.0,0.0,0.0,69.88316257455574,14.646130278885025,True,False,True,False,True,6.481717411859766
2025-06-16 00:00:00+00:00,41.0968513546,41.7917256529,40.540951916,40.7692677569,3061598,41.32091438473594,41.80559647004931,41.67626792880633,38.932922599960854,,41.18472179942698,40.635218667547555,41.732467601817625,39.36675516635563,38.676746066962586,35.89349404132072,,38.516847055874834,"rgba(38, 166, 154, 0.5)",3.4145683831896267,38.516847055874834,0.755587239496174,11,0.301969117361952,3.321660290981472,0.0,0.0,0.0,0.0,70.55766658536847,15.218945748727194,True,False,True,False,True,5.596112738930497
2025-06-17 00:00:00+00:00,41.3648742983,41.9604808396,40.957876495,41.5832633634,3030675,41.321063376803785,41.80474964465982,41.67561527408802,38.94673033129755,,41.18506622345937,40.63643514301751,41.73177197066925,39.37478779904426,38.69361461811364,35.96509687103794,,38.56896780648582,"rgba(38, 166, 154, 0.5)",3.391973375804931,38.56896780648582,0.8242713553583533,11,0.3051778945935549,3.3569568405291035,0.0,0.0,0.0,0.0,71.33964340372111,16.013438590894268,True,False,True,False,True,6.035497673942217
2025-06-18 00:00:00+00:00,40.9181693922,41.9604808396,40.8387551867,41.3847278496,3478907,41.32093242414501,41.803298269729495,41.674303449485066,38.96120228815821,,41.18515404334525,40.63749520285183,41.73048441349196,39.383091542460484,38.71140648179695,36.04227879309316,,38.61572674674846,"rgba(38, 166, 154, 0.5)",3.4157357849270835,38.61572674674846,0.674069304661014,11,0.30770929811906106,3.3848022793096715,0.0,0.0,0.0,0.0,70.3765502901567,16.013438590894268,True,False,True,False,True,5.172303692688821
2025-06-20 00:00:00+00:00,41.1961191115,41.4591786673,40.7824703686,40.957876495,3028152,41.32068927435677,41.80183326661596,41.67292478540085,38.973141804592856,,41.18509865740906,40.63827239554146,41.72915757527644,39.38989942755063,38.72612818920354,36.106472188975715,,38.63471349946901,"rgba(38, 166, 154, 0.5)",3.447403261845904,38.63471349946901,0.7429956455571423,11,0.3087901482631403,3.396691630894543,0.0,0.0,0.0,0.0,70.15652456623191,16.013438590894268,True,False,True,False,True,5.641390178718154
2025-06-23 00:00:00+00:00,38.625084208,41.6923586283,38.5158896754,41.374801074,5602478,41.316306103883875,41.79283771358175,41.6630193863121,38.979527730308654,,41.180998151280235,40.635375623009324,41.72030018717517,39.3914687764008,38.735919726748875,36.18617343507056,,38.59067138535973,#000000,3.4518530466271056,38.59067138535973,0.009969376498775315,11,0.31104093792433996,3.4214503171677393,0.0,0.0,0.0,0.0,63.27199700600456,18.64880443435422,True,False,True,False,False,0.8330062473097897
2025-06-24 00:00:00+00:00,38.3868415914,38.9328142543,37.7416011716,38.0989650964,5450157,41.30893533891178,41.77915472505967,41.64762514879328,38.97349292786515,,41.173851061084925,40.62913312265884,41.7066599921315,39.38435610819948,38.731850150827334,36.23308958098182,,38.53376261348791,#000000,3.4550679509498496,38.53376261348791,-0.04252333794115926,11,0.31372090478266174,3.450929952609279,0.0,0.0,0.0,0.0,58.20864650098396,14.071602400216392,True,False,True,False,False,0.40785532805108105
2025-06-25 00:00:00+00:00,37.7217476202,38.2677202831,37.6125530876,38.2677202831,2888640,41.304403043732584,41.77092309574438,41.638327656033034,38.96786783256029,,41.16942682243035,40.62513403596453,41.69843296650231,39.37886508188611,38.72699832007217,36.251624757712506,,38.39690245300663,#000000,3.455080876542206,38.39690245300663,-0.19540927026933114,11,0.3161702192087156,3.477872411295871,0.0,0.0,0.0,0.0,53.53473316366447,9.961925059696775,False,False,False,False,False,0.0
2025-06-26 00:00:00+00:00,38.4464022455,38.6945716378,37.8805760312,37.9401366854,2331216,41.30125639869765,41.76510735104358,41.63179492127645,38.96530372651947,,41.166375359143146,40.62246739166622,41.69263604856457,39.37584075415449,38.725255746430875,36.270571129087976,,38.39751203624836,#000000,3.458495171416343,38.39751203624836,0.01413626644782148,10,0.3276917031622984,3.276917031622984,0.0,0.0,0.0,0.0,52.06522164439941,8.828170278813928,False,False,False,False,False,0.5240793553273662
2025-06-27 00:00:00+00:00,38.1287454235,38.4761825726,37.7862716622,38.3967683671,4526462,41.29473343714255,41.753181804067765,41.61837903081203,38.95873009860163,,41.160030018156284,40.61683225278741,41.680735334122105,39.36883691717996,38.72009319030572,36.302757912030714,,38.379700721748286,#000000,3.458613694616462,38.379700721748286,-0.07255950516789798,10,0.328678134965108,3.28678134965108,0.0,0.0,0.0,0.0,50.41536586424459,7.361107197703703,False,False,False,False,False,0.0
2025-06-30 00:00:00+00:00,37.7713814987,38.2280131804,37.7316743959,37.9798437881,3186119,41.289839913620106,41.744327370515215,41.608405379754906,38.952951963881716,,41.155256252195,40.612531332410384,41.67188991571931,39.363086478578325,38.71517670098177,36.32210549978495,,38.3639070808327,#000000,3.4533308284086432,38.3639070808327,-0.171580891485496,9,0.34399314838950507,3.0959383355055454,0.0,0.0,0.0,0.0,48.55839690502374,5.592887766825022,False,True,False,True,False,0.0
2025-07-01 00:00:00+00:00,39.0221552355,39.6673956554,37.7416011716,38.3173541616,3855570,41.285509127954036,41.7361694550859,41.59932763176185,38.95200739622616,,41.151095270401555,40.6090724183451,41.66378919946051,39.36046195096134,38.71587113157569,36.35782418457179,,38.376366062849655,#000000,3.4592795643937224,38.376366062849655,0.18668314041381273,9,0.3463150832798955,3.1168357495190597,0.0,0.0,0.0,0.0,50.19837307813587,5.592887766825022,False,False,False,False,False,1.5733094876960187
2025-07-02 00:00:00+00:00,39.7666634123,39.8560043935,38.7739858433,39.3497388333,2834739,41.28317492417025,41.731537022091004,41.59424994642587,38.95449684263895,,41.14889905474191,40.60746100940836,41.65922331441303,39.36082757015996,38.71986999158612,36.3902808765798,,38.39698096999897,#000000,3.457358131921024,38.39698096999897,0.3961644672141574,9,0.3500067142139673,3.1500604279257054,0.0,0.0,0.0,0.0,52.73333218899329,5.592887766825022,False,False,False,False,True,2.889767829010019
2025-07-03 00:00:00+00:00,39.6276885526,40.0545399072,39.5085672443,39.6872492067,1910731,41.2818335967263,41.72878874348869,41.591264909953125,38.957023387972725,,41.14765422372302,40.606628609092105,41.65652649461991,39.361691903002814,38.723489747869195,36.413628664783616,,38.41267996866797,#000000,3.447331006199464,38.41267996866797,0.35244906327446657,9,0.3513645201363193,3.1622806812268736,0.0,0.0,0.0,0.0,54.06239269981457,5.592887766825022,False,False,True,False,True,2.624677629024145
2025-07-07 00:00:00+00:00,38.9923749085,39.935418599,38.4811459605,39.4887136929,2285629,41.27961908000934,41.72453704251602,41.58657110228351,38.95771916174372,,41.14554522468516,40.6049615165131,41.652318773655196,39.361062910802524,38.72525132384708,36.43620681555155,,38.42103037906089,#000000,3.4359761899756878,38.42103037906089,0.16628302929047714,8,0.34657671417118263,2.772613713369461,0.0,0.0,0.0,0.0,53.32086003237067,5.592887766825022,False,False,False,False,True,1.4115729832720376
2025-07-08 00:00:00+00:00,40.8189016353,41.310277032,38.94274103,39.1015694411,3079662,41.27833817136488,41.721522451116115,41.583412407908334,38.96499938882657,,41.144433153572976,40.60458374383147,41.649412042203885,39.364795112821746,38.73458127533811,36.47953500967948,,38.454005923411316,"rgba(38, 166, 154, 0.5)",3.4205895039988063,38.454005923411316,0.6913708029344146,8,0.3512295516516371,2.809836413213097,0.0,0.0,0.0,0.0,56.26183236110416,-0.46696160180734125,False,False,True,False,True,4.637478363757573
2025-07-09 00:00:00+00:00,40.2034415426,40.7841579204,40.1339541128,40.5012448133,2601597,41.27727825860144,41.71901692180047,41.58079250391989,38.97116310988716,,41.143515849457756,40.604286802878214,41.64699799088326,39.367978427655146,38.74245970553341,36.51555102631796,,38.479423908860774,"rgba(38, 166, 154, 0.5)",3.4009692335733215,38.479423908860774,0.5069195030405601,8,0.3526158103900843,2.8209264831206746,0.0,0.0,0.0,0.0,56.70025792728927,0.17094823259952818,False,False,True,False,True,3.4549535423325715
2025-07-10 00:00:00+00:00,40.6104393459,40.6451830608,39.3894459361,39.8262240664,2620804,41.27602575517178,41.716205386341166,41.57781890129499,38.9766211121665,,41.14240374086005,40.60378279498497,41.644273106143274,39.37066183711374,38.74955483079502,36.54969949822245,,38.50076787410639,"rgba(38, 166, 154, 0.5)",3.3972782795014655,38.50076787410639,0.6209887145609971,8,0.35438122356656565,2.835049788532525,0.0,0.0,0.0,0.0,57.710087633602626,1.416525918948814,True,False,True,False,True,4.164708674100613
2025-07-11 00:00:00+00:00,41.6328972419,41.7768354894,40.4019770564,40.67,3424230,41.27601736307866,41.71511959569865,41.57694735472515,38.98969761715199,,41.1426039995052,40.60490888886123,41.643346298948174,39.37849338991414,38.765326024285656,36.605956374446386,,38.62622882944437,"rgba(38, 166, 154, 0.5)",3.3823157333374287,38.62622882944437,0.8889378312085779,8,0.35641846025739077,2.851347682059126,0.0,0.0,0.0,0.0,60.034092008039494,3.885398295947944,True,False,True,False,True,5.921417095691009
2025-07-14 00:00:00+00:00,41.3053136441,41.4145081767,40.6402196729,41.3350939712,2559692,41.27583819116885,41.714037676025455,41.57598050707458,38.99873681992392,,41.14257764498618,40.605558360152706,41.64237788580657,39.38384312768497,38.776286288416166,36.64581238722023,,38.6515753658773,"rgba(38, 166, 154, 0.5)",3.343413808242811,38.6515753658773,0.7937211576025112,8,0.35935362119389,2.87482896955112,0.0,0.0,0.0,0.0,60.687788469116924,4.756019879050818,True,False,True,False,True,5.270602682843677
2025-07-15 00:00:00+00:00,40.1835879912,41.5435562607,40.1736612155,41.3251671955,2576358,41.27509662973252,41.712064233996436,41.573977764943336,39.00568923410902,,41.14198068995424,40.605593903929744,41.640502510763696,39.38769531920147,38.784947167464146,36.68093890074112,,38.66407675523705,#000000,3.2823281918850835,38.66407675523705,0.4629370212642499,8,0.36522668725873303,2.9218134980698642,0.0,0.0,0.0,0.0,58.3276292150936,4.756019879050818,True,False,True,False,True,3.076522119520032
2025-07-16 00:00:00+00:00,39.0320820112,40.2927825238,38.8931071516,40.2332218697,2942779,41.27263475912223,41.70726308840366,41.568727819634695,39.007624264396625,,41.139658157807794,40.603859729539685,41.63576766047299,39.387759505890465,38.78823752136526,36.70808336483434,,38.649560352523835,#000000,3.2229855946628954,38.649560352523835,0.11868550058355995,9,0.3422512957828154,3.0802616620453382,0.0,0.0,0.0,0.0,54.38596766935345,10.283546942274207,False,False,True,False,False,0.9032705310014997
2025-07-17 00:00:00+00:00,39.7269563095,39.7865169636,38.8037661704,38.9228874786,3349305,41.269890205661554,41.70190118458236,41.56287442737022,39.00998502001356,,41.13707264089236,40.601946434017194,41.63048268657673,39.38796361500442,38.79213858061914,36.738697976840406,,38.64388336789884,#000000,3.193279003815636,38.64388336789884,0.3391726624284943,9,0.34497724354125003,3.10479519187125,0.0,0.0,0.0,0.0,53.20012633111795,9.091415555612222,False,True,False,False,False,2.1518665608594283
2025-07-18 00:00:00+00:00,39.7567366366,40.5062082011,39.5383475714,40.1835879912,2812375,41.26821295404832,41.698398394485196,41.559123249453826,39.01420986586919,,41.135538404884365,40.60102608390085,41.62706189696727,39.389780291808904,38.79785558703411,36.768492547713024,,38.65278355593625,#000000,3.151196077336445,38.65278355593625,0.35032827331927524,9,0.348060393463637,3.132543541172733,0.0,0.0,0.0,0.0,52.4718084018999,8.255775775074667,False,True,False,False,False,2.20551023999759
2025-07-21 00:00:00+00:00,38.625084208,39.6971759824,38.5258164511,39.677322431,3454808,41.26464264594965,41.69172457823649,41.551762153815496,39.01384755873005,,41.132119618179935,40.598236129407866,41.620446508071495,39.38798683583431,38.79878189263628,36.793192169538365,,38.642344358298956,#000000,3.068335945278405,38.642344358298956,-0.0056252478890127635,8,0.36522278021822596,2.9217822417458077,0.0,0.0,0.0,0.0,49.65673657416713,5.440098442537334,False,True,False,False,False,0.062229276683527956
2025-07-22 00:00:00+00:00,38.9625945814,39.230617525,38.6499011472,38.7243519649,2634498,41.261925511803085,41.68665407261262,41.54617317300371,39.01356696832668,,41.12951779522638,40.59611281967561,41.61542069227585,39.38662388216553,38.79947300145045,36.81164017937797,,38.63674175857519,#000000,2.978161767854981,38.63674175857519,0.10941407761724846,8,0.36683974882294856,2.9347179905835885,0.0,0.0,0.0,0.0,48.5824839621319,4.294297451269372,False,True,False,False,False,0.690035838854179
2025-07-23 00:00:00+00:00,39.1809836466,39.3001049548,38.431512082,38.9625945814,3569417,41.25829102799437,41.67987183217275,41.538706119678814,39.01332294742345,,41.12603983915926,40.5932850002316,41.608700274248626,39.38488739725793,38.800543925504584,36.83640236139196,,38.61111393725081,#000000,2.984653461021743,38.61111393725081,0.19093329151656346,9,0.3402987394563157,3.0626886551068413,0.0,0.0,0.0,0.0,48.396678391458565,3.9156278178755954,False,True,False,True,False,1.0988200771823102
2025-07-24 00:00:00+00:00,39.6971759824,39.806370515,38.783912619,39.1214229924,6024387,41.25340667174632,41.67042497007548,41.5284329069295,39.01729542158995,,41.12143800726074,40.58987639357038,41.599392046047214,39.38519725550129,38.80710392163263,36.88563366009196,,38.63506601747845,#000000,2.96038744170909,38.63506601747845,0.35877397328383803,9,0.3435986033667594,3.0923874303008345,0.0,0.0,0.0,0.0,49.51486949574196,3.9156278178755954,False,True,False,False,False,2.0664934079097925
2025-07-25 00:00:00+00:00,41.1266316817,41.7023846717,40.2927825238,40.5210983647,5744045,41.252866231716254,41.667914489374276,41.526178250583634,39.03555847666662,,41.12122952027932,40.591131206049845,41.59712588189183,39.39617254244348,38.82910850153415,36.95951940206047,,38.72190457815006,"rgba(38, 166, 154, 0.5)",2.9504623890773507,38.72190457815006,0.8150339799118498,8,0.2583060342533926,2.066448274027141,0.0,0.0,0.0,0.0,53.143051152738096,3.9156278178755954,False,True,True,False,True,4.668800218950828
2025-07-28 00:00:00+00:00,42.5957944838,42.685135465,41.5882267513,41.7917256529,4615528,41.25497775939753,41.66989969428092,41.529003356775235,39.058990846011525,,41.12364604128637,40.59492252191996,41.59937550409798,39.41150595388958,38.856289141846666,37.03460878665583,,38.81398236098891,"rgba(38, 166, 154, 1.0)",2.928536173737153,38.81398236098891,1.291366026728998,8,0.25530088296602726,2.042407063728218,0.0,0.0,0.0,0.0,57.786038000914836,2.189351069244708,False,False,True,False,True,7.205668587853488
2025-07-29 00:00:00+00:00,42.5858677081,42.9630851843,42.0895289236,42.5263070539,3644609,41.25705075895087,41.67210323476725,41.53196650411926,39.078706785849796,,41.12596526926058,40.598355547488595,41.60179764820304,39.42456808712373,38.87903291738477,37.095245278936,,39.04916707289644,"rgba(38, 166, 154, 1.0)",2.988066450180225,39.04916707289644,1.1836084284505262,7,0.27429384717626826,1.9200569302338777,1.0,0.0,42.963085,936.0,60.853398469057794,4.981479692841447,True,False,True,False,True,7.185229764492849
2025-07-30 00:00:00+00:00,41.9604808396,42.3178447645,41.3847278496,42.3178447645,3714296,41.258080917824735,41.67265431212333,41.53301945735184,39.09479926847511,,41.12722880111916,40.60066324061837,41.60254107373153,39.434983932027286,38.89781437143583,37.148382655698896,,39.078384194041604,"rgba(38, 166, 154, 0.5)",2.954055225865059,39.078384194041604,0.9756407464299899,7,0.2721105377185441,1.9047737640298088,0.0,0.0,0.0,0.0,61.11720172103762,5.195274970005194,True,False,True,False,True,5.892297514498804
2025-07-31 00:00:00+00:00,40.8784622895,41.7917256529,40.5905857945,41.1564120088,3025175,41.25785350415354,41.67143737092786,41.53194655865519,39.10405144008317,,41.12717442233762,40.60137106484153,41.601451327788034,39.44065395462742,38.908888165569735,37.18363180322013,,39.082795288421195,"rgba(38, 166, 154, 0.5)",2.9206949819298704,39.082795288421195,0.6148081234735112,7,0.27093997359085964,1.8965798151360174,0.0,0.0,0.0,0.0,58.584832003264935,5.195274970005194,True,False,True,False,True,3.706291673417226
2025-08-01 00:00:00+00:00,39.1313497681,40.6749633878,38.8881437637,40.6104393459,3191488,41.25548363826322,41.666830033367575,41.526967970786785,39.10629805630982,,41.12495375369508,40.59978170182464,41.596920406119374,39.441101938691276,38.91237007950096,37.205904258635194,,39.050582394699475,#000000,2.8499682440736107,39.050582394699475,0.0283397450369767,7,0.270821053165453,1.895747372158171,0.0,0.0,0.0,0.0,53.51252723293879,9.828082424186718,False,True,True,False,False,0.3512737850491945
2025-08-04 00:00:00+00:00,39.071789114,39.558101855,38.6697546986,38.912960703,1923101,41.253666996886224,41.663451578158636,41.52327219265317,39.1062792606547,,41.12322082206089,40.59839717292452,41.59357748421255,39.44036171399928,38.91296795472914,37.21651919526495,,39.029773343085495,#000000,2.7710115179338493,39.029773343085495,0.015162611430006353,7,0.2706466669341278,1.8945266685388946,0.0,0.0,0.0,0.0,50.02888678696616,6.676235367995645,False,True,False,False,False,0.23970441607351844
2025-08-05 00:00:00+00:00,39.8262240664,39.870894557,38.7938393947,39.2107639736,3373843,41.2510735657639,41.658460734017154,41.51787353694938,39.10827695586513,,41.120783036456494,40.59661639696493,41.58866480101492,39.44057640056263,38.9162166457338,37.23872363066594,,39.01192075901924,#000000,2.717280655301025,39.01192075901924,0.29967581957063305,7,0.2703020056616114,1.8921140396312797,0.0,0.0,0.0,0.0,49.40692867456496,6.151870602836468,False,True,False,False,False,1.6435804834817347
2025-08-06 00:00:00+00:00,39.2504710764,40.9380229436,39.0668257261,40.2729289724,3138368,41.249017422146224,41.65438363670733,41.513507331153804,39.11132304554177,,41.11887673034287,40.59534768738796,41.58466975410046,39.44167007305837,38.920517904624155,37.26128057382841,,39.00582817352669,#000000,2.671716927026128,39.00582817352669,0.09156767335588198,7,0.27007193053556616,1.8905035137489632,0.0,0.0,0.0,0.0,47.869264047072946,4.622758354101542,False,True,False,True,False,0.5389499845535255
2025-08-07 00:00:00+00:00,38.6151574323,40.2927825238,38.5754503295,39.8758579448,2771153,41.246492180610524,41.64968496157353,41.50838337467272,39.111530361445126,,41.11647255822096,40.5934484365668,41.580024473961856,39.440802196648015,38.92160664513775,37.27621974552,,38.991524647507205,#000000,2.588666936498581,38.991524647507205,-0.14539035899159583,7,0.27053209692679725,1.8937246784875807,0.0,0.0,0.0,0.0,45.67560347322727,2.4302449159068544,False,True,False,True,False,0.0
2025-08-08 00:00:00+00:00,39.6078350012,39.7468098609,38.4861093483,38.8534000488,3235140,41.243719803166506,41.64448342514454,41.50273180638542,39.112346264136725,,41.11384383746796,40.59142141271349,41.57488985027946,39.440224443264135,38.923491229999215,37.29444929172671,,38.98027273563658,#000000,2.5321848774594953,38.98027273563658,0.24783429960021072,8,0.25135210638063255,2.0108168510450604,0.0,0.0,0.0,0.0,46.53352986470114,2.4302449159068544,False,True,False,True,False,1.2113814048985212
2025-08-11 00:00:00+00:00,38.6449377593,40.0843202343,38.4464022455,39.6177617769,2856610,41.24100262774467,41.6394805377934,41.49726986230423,39.11211754575628,,41.11124904935851,40.58933500072684,41.569938828054894,39.439015518366574,38.92411501140305,37.30850585024012,,38.96838897135839,#000000,2.467902573724695,38.96838897135839,-0.13106320140110586,9,0.24501967568308392,2.205177081147755,0.0,0.0,0.0,0.0,45.299330840152436,1.7769625375355744,False,True,False,True,False,0.0
2025-08-12 00:00:00+00:00,39.3497388333,39.6078350012,38.6647913107,39.0320820112,2064117,41.23917713199904,41.63608546768899,41.493578409085934,39.11240955150935,,41.10951390341265,40.58797724368748,41.56658484114559,39.438486750492814,38.925057428267955,37.319376567276315,,38.96263366193677,#000000,2.4251327082062746,38.96263366193677,0.15962226316659994,8,0.25879545174425933,2.0703636139540746,0.0,0.0,0.0,0.0,46.05671963191148,1.7769625375355744,False,True,False,True,False,0.7142156422646728
2025-08-13 00:00:00+00:00,39.2107639736,39.7468098609,38.6945716378,39.1611300952,5156539,41.234653213085714,41.62767973944398,41.484448105421464,39.11320665706865,,41.105215533490636,40.58462125631462,41.55828252026458,39.43723259143106,38.92746639294024,37.34613738401152,,38.951109271990084,#000000,2.3818954177411564,38.951109271990084,0.10901179777916471,9,0.24448729759639928,2.2003856783675935,0.0,0.0,0.0,0.0,46.28147968188548,1.7769625375355744,False,True,False,True,False,0.4470456570503032
2025-08-14 00:00:00+00:00,39.5482743471,39.5879814498,38.4166219185,39.2405443007,1964435,41.23290691975934,41.624449090806166,41.48093857613387,39.113411702280196,,41.10355454755359,40.58331624144318,41.55509059380051,39.43668719328953,38.9282701461767,37.35595796067284,,38.947151073467595,#000000,2.3454502279898346,38.947151073467595,0.25629334038249674,9,0.24062479793026137,2.1656231813723523,0.0,0.0,0.0,0.0,47.231627782783214,1.7769625375355744,False,True,False,True,False,1.0933226894680246
2025-08-15 00:00:00+00:00,39.1114962167,39.7567366366,38.9774847449,39.5085672443,4341336,41.22924158619094,41.617624075631255,41.47354852999314,39.114478978945804,,41.1000801680124,40.580641437543235,41.54835608503543,39.43595312608769,38.93069917107763,37.37843232396314,,38.941765868781445,#000000,2.293551785902056,38.941765868781445,0.07400327690957151,9,0.2179277452470743,1.9613497072236687,0.0,0.0,0.0,0.0,46.87763154319277,1.7769625375355744,False,True,False,True,False,0.23212103812187834
2025-08-18 00:00:00+00:00,38.8534000488,38.9030339273,38.1783793019,38.625084208,2613294,41.22632232078745,41.61241969605505,41.46783800726787,39.11269545900833,,41.09726466581808,40.57824952966245,41.543187497570756,39.433701330466775,38.92952250743611,37.38726667816301,,38.931033325832196,#000000,2.2089472192590507,38.931033325832196,-0.035144921687281956,9,0.22097848204433457,1.988806338399011,0.0,0.0,0.0,0.0,46.061248440852694,1.0407917380865328,False,True,False,True,False,0.0
2025-08-19 00:00:00+00:00,38.2478667318,39.0866792775,38.049331218,38.4166219185,2595658,41.22322346018246,41.60694965635541,41.461821288903124,39.11024708472474,,41.09426560813417,40.575654489197056,41.53774783348412,39.430959592498546,38.92761531420005,37.39465665514246,,38.9189166783879,#000000,2.143267992496697,38.9189166783879,-0.31309661178030856,9,0.22454273155395713,2.020884583985614,0.0,0.0,0.0,0.0,44.203478197263024,-1.018252320838691,False,True,False,True,False,0.0
2025-08-20 00:00:00+00:00,38.7342787405,38.8316604101,37.7515279473,38.3868415914,2455358,41.22027504128893,41.60175644194799,41.45611008080774,39.107869501861686,38.439155699299995,41.0914111302388,40.573179924738135,41.53258293857528,39.42832135800089,38.925740486977915,37.40141104705611,,38.872583168942455,#000000,2.102917766239819,38.872583168942455,-0.06576787293482804,9,0.22740997130092305,2.0466897417083074,0.0,-1.0,37.75153,946.0,44.40664631884875,-1.0706567131565663,False,True,False,True,False,0.0
2025-08-21 00:00:00+00:00,38.9526678057,39.3100317305,38.3967683671,38.7044984135,2738937,41.217521289212605,41.59680005008987,41.45070552822142,39.10699804272241,38.67503343695511,41.08877003489028,40.57100352821561,41.52767201989934,39.426718360858544,38.92557314800019,37.41204692230082,,38.87849466592106,#000000,2.0317649860070017,38.87849466592106,0.03650675166162482,9,0.22913535769714835,2.0622182192743352,0.0,0.0,0.0,0.0,45.17948260575659,-1.0706567131565663,False,True,False,True,False,0.0
2025-08-22 00:00:00+00:00,40.6302928972,40.67,39.0519355626,39.0519355626,3310130,41.21595473721774,41.593543618937005,41.447325052758224,39.11178223135398,39.236441437285656,41.08736590878554,40.57029728186413,41.524515943576056,39.429179096193444,38.931682456509826,37.43526196909955,,38.917657218742335,"rgba(38, 166, 154, 0.5)",1.9754155358516416,38.917657218742335,0.8669748958511222,9,0.23060705587459582,2.0754635028713624,0.0,0.0,0.0,0.0,49.716520546424576,-4.660785178863819,False,True,False,False,True,3.2694916623141133
2025-08-25 00:00:00+00:00,40.9380229436,40.9926202099,40.1835879912,40.540951916,2445648,41.21541745753573,41.59210048638265,41.44593659926065,39.11733548569771,39.56437993857628,41.08695770114696,40.570451767372916,41.52316271197816,39.43252790779878,38.93837215273924,37.45586006826695,,38.94807044842577,"rgba(38, 166, 154, 1.0)",1.8897928781628606,38.94807044842577,1.0530003145681963,9,0.23331462157829602,2.099831594204664,0.0,0.0,0.0,0.0,53.34149801476809,-1.2811008940902013,False,True,True,False,True,3.8565872835345836
2025-08-26 00:00:00+00:00,40.6104393459,40.7494142055,40.1041737857,40.6302928972,2122858,41.21475446373751,41.590546588123736,41.44438441721043,39.121470634572916,39.71436417551705,41.08640355347219,40.57036962173963,41.52168159664057,39.43492771960736,38.94343062803134,37.472351458202326,,38.965470915545794,"rgba(38, 166, 154, 0.5)",1.8417016421491157,38.965470915545794,0.8931785652504822,9,0.23678009610313122,2.131020864928181,0.0,0.0,0.0,0.0,54.77494422408553,-0.009045498893364368,False,False,True,False,True,3.1616829741366423
2025-08-27 00:00:00+00:00,41.1663387845,41.5782999756,40.3027092995,40.3920502807,2260393,41.214561549448064,41.58968654601073,41.4436462099812,39.12753630435587,39.90621542005943,41.08633405033761,40.570841682554764,41.52091202388547,39.43874568137443,38.9506087249302,37.49275407602734,,38.99020139365232,"rgba(38, 166, 154, 1.0)",1.81936821687973,38.99020139365232,1.1960950898547729,8,0.1434580548879067,1.1476644391032536,0.0,0.0,0.0,0.0,56.906727881259926,1.9659011693488253,True,False,True,False,True,4.2414105794526265
2025-08-28 00:00:00+00:00,41.662677569,41.8066158165,40.9231327801,41.3946546253,2486154,41.2148274166534,41.589480265690895,41.443684963606536,39.13573660775228,40.12357563317349,41.086742573532106,40.57188177187093,41.520817198930864,39.444111568636764,38.960148170114294,37.517746396661835,,39.02168200682313,"rgba(38, 166, 154, 1.0)",1.8377242387498387,39.02168200682313,1.4371011202276378,8,0.14427628904531117,1.1542103123624894,0.0,0.0,0.0,0.0,59.3067603068086,4.194261503563055,True,False,True,False,True,5.197253370536156
2025-08-29 00:00:00+00:00,41.8115792043,42.1580236759,41.5931901391,41.662677569,2540334,41.215522668505635,41.589924064638865,41.44447667733641,39.14545034737215,40.339517085126715,41.087589643896344,40.573405604079944,41.52138533607778,39.45061832909344,38.97132802871343,37.54545307943168,,39.05675993861536,"rgba(38, 166, 154, 1.0)",1.865261092357527,39.05675993861536,1.4769081266809647,8,0.14535694843545746,1.1628555874836597,0.0,0.0,0.0,0.0,61.198101358320386,5.950787926334542,True,False,True,False,True,5.484716915540211
2025-09-02 00:00:00+00:00,42.4369660727,42.4865999512,41.1514486209,41.6229704662,2575691,41.21641407579828,41.59066218955672,41.44560946638013,39.15584500951377,40.52879986423063,41.088637443017376,40.575152416591955,41.52225386060789,39.45764597340015,38.983241784057235,37.57428519873422,,39.0917495693598,"rgba(0, 255, 255, 0.75)",1.9035902755060592,39.0917495693598,1.7573196009581926,8,0.14783738927997264,1.1826991142397811,0.0,0.0,0.0,0.0,63.63934095551099,8.240728326911437,True,False,True,False,True,6.690351044726164
2025-09-03 00:00:00+00:00,40.9975835978,42.4865999512,40.7494142055,41.8115792043,2929621,41.216657743983575,41.59031655659141,41.44553326410159,39.165067283461255,40.62874509454661,41.08904700992424,40.576295173387685,41.52203644899999,39.46369287056513,38.993968367469414,37.60217041029809,,39.11803380833931,"rgba(38, 166, 154, 0.5)",1.9006056222202778,39.11803380833931,0.988921514009313,8,0.14751313078431838,1.180105046274547,0.0,0.0,0.0,0.0,60.611388115274096,8.240728326911437,True,False,True,False,False,3.4931611283240116
2025-09-04 00:00:00+00:00,42.2880644374,42.3277715402,40.5905857945,40.8189016353,4129838,41.21757104266515,41.59070958464688,41.44643557792808,39.17979890178147,40.78112437663104,41.090201994705325,40.578524425484034,41.52262385922617,39.47356258249908,39.010936525075486,37.64408681465496,,39.15941646097755,"rgba(0, 255, 255, 0.75)",1.9133478957587826,39.15941646097755,1.6351694238970125,8,0.14990678410119254,1.1992542728095403,0.0,0.0,0.0,0.0,61.12808367563875,8.240728326911437,True,False,True,False,False,5.964978670258848
2025-09-05 00:00:00+00:00,40.7891213083,42.1788699048,40.6253295094,41.5534830364,3572673,41.217540939763104,41.58979135673739,41.445767925351106,39.18975471323667,40.82546921470221,41.09036800838303,40.57955294495328,41.52185227813948,39.48001852256813,39.022583230132284,37.67499209448732,,39.18275245545822,"rgba(38, 166, 154, 0.5)",1.8947766473938579,39.18275245545822,0.84778797282056,8,0.15236184587264295,1.2188947669811436,0.0,0.0,0.0,0.0,57.82217464080695,13.600305787802299,True,False,True,False,False,2.7783245090750306
2025-09-08 00:00:00+00:00,40.7494142055,41.533629485,40.1141005614,41.533629485,5239483,41.21660980069909,41.587090674331115,41.443231361988055,39.20131478173203,40.82190200661091,41.08971015387519,40.5800862928705,41.51934325888256,39.48722197213269,39.03635087135197,37.71433473608159,,39.20501087093539,"rgba(38, 166, 154, 0.5)",1.87120824478861,39.20501087093539,0.8253508602614587,8,0.15572115882085819,1.2457692705668655,0.0,0.0,0.0,0.0,55.53105351299755,11.437311923710652,True,False,True,False,False,2.6956652542380866
2025-09-09 00:00:00+00:00,41.1464852331,42.0398950452,41.0571442519,41.0571442519,2396172,41.21681096763007,41.58682152922042,41.443179932361595,39.208561639228165,40.85636494177639,41.090045238357845,40.581012522330184,41.51917709729634,39.492023488723355,39.044750043760565,37.73552333594191,,39.22171576448919,"rgba(38, 166, 154, 1.0)",1.823826853526066,39.22171576448919,1.0553465998647789,8,0.15938462348236276,1.2750769878589021,0.0,0.0,0.0,0.0,54.87334482602435,10.759326826824953,False,False,True,False,False,3.4713528339009123
2025-09-10 00:00:00+00:00,42.556087381,42.5759409324,41.2358262143,41.2854600928,2739713,41.21786252445394,41.58777521018631,41.44456806078259,39.21943071251743,40.93531199159045,41.09126180744209,40.582966602763506,41.52026868746826,39.499495506616164,39.057128964763756,37.76406045069996,,39.24891961699001,"rgba(0, 255, 255, 0.75)",1.788734813400149,39.24891961699001,1.8488865645341241,8,0.16109216418723282,1.2887373134978626,0.0,0.0,0.0,0.0,57.09738271759895,10.759326826824953,True,False,True,False,False,6.147111523651294
2025-09-11 00:00:00+00:00,42.0597485965,42.3277715402,41.24575299,42.0001879424,3258737,41.218772473133946,41.58838784358158,41.44561820240154,39.231172242951466,41.00037702371613,41.09236245570032,40.58491581352374,41.521036222587185,39.507503489460824,39.070558169888635,37.79564410422245,,39.27641028898604,"rgba(0, 255, 255, 0.75)",1.7433831673765263,39.27641028898604,1.5965155334741326,8,0.16261099899520737,1.300887991961659,0.0,0.0,0.0,0.0,57.29880016308701,10.759326826824953,True,False,True,False,False,5.070901003534388
2025-09-12 00:00:00+00:00,41.5534830364,42.6652819136,41.5485196485,41.9505540639,2138954,41.21940877236699,41.58885041429524,41.44637569220446,39.23895200272467,41.040348594660145,41.09312421536302,40.58623613629493,41.52160108772173,39.51282898893072,39.07944263258517,37.81633650190803,,39.294240204358665,"rgba(38, 166, 154, 1.0)",1.7047926862479212,39.294240204358665,1.3252302466252983,8,0.16643432300497152,1.3314745840397721,0.0,0.0,0.0,0.0,56.173535138863215,10.759326826824953,True,False,True,False,False,3.980668640697864
2025-09-15 00:00:00+00:00,40.67,41.87,40.45,41.87,2762186,41.21914896700225,41.58779332611559,41.44545497883111,39.24548921840092,41.03803283764333,41.09301003831867,40.58675867703893,41.520648852855125,39.51704264997771,39.08712477060077,37.836797164357044,,39.30589799775006,"rgba(38, 166, 154, 0.5)",1.6492419351068177,39.30589799775006,0.8271084873679212,8,0.1698673212468368,1.3589385699746943,0.0,0.0,0.0,0.0,53.416178532737405,8.964526793642698,False,False,False,False,False,2.1110428696531613
2025-09-16 00:00:00+00:00,42.35,42.44,41.04,41.2,3229979,41.220135359529245,41.588533927288665,41.44664409525236,39.25717138537077,41.09087850010527,41.09418540319885,40.588775300871646,41.52154356194728,39.52507278914517,39.10044512567497,37.86746018394814,,39.331677053743064,"rgba(0, 255, 255, 0.75)",1.6160567258415615,39.331677053743064,1.8677085389345758,9,0.1643173305556112,1.4788559750005008,0.0,0.0,0.0,0.0,54.86625918124556,8.964526793642698,False,False,True,False,False,5.311978955090773
2025-09-17 00:00:00+00:00,41.96,42.575,41.475,42.08,3151539,41.22117484489197,41.58937527447677,41.447938368743344,39.26872518013472,41.14004780150864,41.09540990898337,40.59082408161894,41.52253656384042,39.53304998032128,39.11359457166163,37.89737434739332,,39.356694152129855,"rgba(0, 255, 255, 0.75)",1.544146683241649,39.356694152129855,1.6859187511933706,9,0.1660247759821022,1.4942229838389198,0.0,0.0,0.0,0.0,54.944874142876564,8.964526793642698,False,False,True,False,False,4.485122043546312
2025-09-18 00:00:00+00:00,42.0,42.31,41.33,42.25,2569162,41.22188690418695,41.58985503109007,41.44875571370248,39.27765068721764,41.17118533173915,41.09627042968735,40.59234443039853,41.52313616690091,39.539192372834066,39.12377253785185,37.92071939364495,,39.37523456671778,"rgba(0, 255, 255, 0.75)",1.4937382980928045,39.37523456671778,1.7571789092061874,9,0.16774165665990726,1.5096749099391653,0.0,0.0,0.0,0.0,55.07475689720617,8.964526793642698,False,False,True,False,False,4.561020404645664
2025-09-19 00:00:00+00:00,41.25,41.93,40.88,41.89,5147343,41.22217092292629,41.58907534996,41.448395418364775,39.29176854895094,41.18534795186187,41.09683406248803,40.59413823881728,41.522567429615286,39.54865529085774,39.1400867683418,37.96056415093854,,39.40081732171391,"rgba(38, 166, 154, 1.0)",1.468544100691685,39.40081732171391,1.25919451613004,9,0.16983340304214153,1.5285006273792738,0.0,0.0,0.0,0.0,53.38201358241122,8.230437348599573,False,True,False,False,False,2.9556529678907744
2025-09-22 00:00:00+00:00,41.29,41.56,40.42,41.05,2571062,41.22202842941106,41.58825494723178,41.44772076298909,39.297857045436,41.18178333805725,41.096826586133886,40.594721384080266,41.52184495256492,39.55266075826606,39.14718757336655,37.97860391963593,,39.41072070834393,"rgba(38, 166, 154, 1.0)",1.4246624514689794,39.41072070834393,1.3191049498906429,9,0.17275801186438758,1.5548221067794883,0.0,0.0,0.0,0.0,52.34731773443424,7.019414333154856,False,True,False,False,False,3.0346789722898144
2025-09-23 00:00:00+00:00,41.84,43.21,41.56,41.56,3691407,41.22354502857003,41.58970320887857,41.449757457555954,39.31191283053477,41.233822826413,41.09856183896374,40.597432912291964,41.52347525390377,39.56251382733962,39.16308332184391,38.01328268014597,,39.43947159867467,"rgba(0, 255, 255, 0.75)",1.3742627346328304,39.43947159867467,1.7467754460843286,9,0.17734811493025207,1.5961330343722686,0.0,0.0,0.0,0.0,52.95759782860688,7.019414333154856,False,True,False,False,False,4.125458552819875
2025-09-24 00:00:00+00:00,42.79,43.35,42.2,42.45,3032206,41.225518447026396,41.59200094119017,41.45269621562523,39.32563972123245,41.295923519288195,41.10072504197015,40.60045075287584,41.52593956009939,39.57230816006208,39.17847055941529,38.04520778733595,,39.468537135562585,"rgba(0, 255, 0, 1.0)",1.3729817356062455,39.468537135562585,2.419160268705839,9,0.17992338995970175,1.6193105096373157,0.0,0.0,0.0,0.0,55.34557672537335,7.019414333154856,False,False,True,False,True,5.969578219137791
2025-09-25 00:00:00+00:00,42.71,42.8691,42.25,42.48,1948466,41.226645271107756,41.5932617791779,41.454336374134655,39.333971241084164,41.32897769197921,41.101971488505605,40.60223440818967,41.52730365338036,39.57823801977539,39.18782505593765,38.06476804094648,,39.485610380997166,"rgba(0, 255, 0, 1.0)",1.3809061849759483,39.485610380997166,2.334980937940397,9,0.18106639269795338,1.6295975342815805,0.0,0.0,0.0,0.0,56.69963678629654,7.019414333154856,False,False,True,False,True,5.78894771471953
2025-09-26 00:00:00+00:00,43.17,44.12,42.745,42.76,2690660,41.22902397178632,41.59625358044073,41.45803024723229,39.34797407922109,41.39666909548522,41.104527114548645,40.60559255547459,41.53045752422981,39.58836566574172,39.20341709836419,38.095830696570154,43.345,39.71659368939427,"rgba(0, 255, 0, 1.0)",1.4074947267165958,39.71659368939427,2.4535838359137845,9,0.183772502572226,1.6539525231500338,0.0,0.0,0.0,0.0,58.54742568447206,4.20130198689418,True,False,True,False,True,6.683156187944938
2025-09-29 00:00:00+00:00,40.64,42.86,40.52,42.61,3650107,41.2291927653955,41.595661234808226,41.457718244603775,39.357363744473595,41.394200291657356,41.10489050996394,40.60681035036071,41.53001027825784,39.5947314128021,39.214233109319814,38.12151594177149,42.19080768619948,39.67316532815973,"rgba(38, 166, 154, 0.5)",1.407182133130683,39.67316532815973,0.6870714522854724,9,0.1889144671272437,1.700230204145193,0.0,0.0,0.0,0.0,53.61620980779691,8.249163178393175,False,True,True,False,False,1.1607167148364503
2025-09-30 00:00:00+00:00,40.38,40.97,39.55,40.615,4033207,41.22763375761271,41.592360324061104,41.45434656678975,39.362247884355405,41.34394709332493,41.103520321459385,40.60624922874932,41.526826985800355,39.59755216492605,39.22027268427029,38.14040875711107,41.455697033750035,39.63824756206576,"rgba(38, 166, 154, 0.5)",1.406204034164959,39.63824756206576,0.5274856421349391,9,0.19685016026442317,1.7716514423798086,0.0,0.0,0.0,0.0,49.85490084415176,4.871790752131318,False,True,False,False,False,0.6245645150183421
2025-10-01 00:00:00+00:00,40.53,40.675,39.79,39.79,2569149,41.226677203833496,41.59031770943937,41.45226766976501,39.36543694755089,41.31517421181766,41.10268424389093,40.60592971241598,41.5248599268686,39.599417719332266,39.22419678804497,38.152447523272286,41.23258229601928,39.62863814569282,"rgba(38, 166, 154, 0.5)",1.3997133772242427,39.62863814569282,0.643961734576449,9,0.20198736912940105,1.8178863221646093,0.0,0.0,0.0,0.0,47.735680695342545,3.0564368247951705,False,True,False,True,False,0.9315248845253237
2025-10-02 00:00:00+00:00,39.56,40.67,39.27,40.27,2905606,41.22499685670098,41.58710407021826,41.44888433373023,39.36717129470222,41.26902223659908,41.10113110954491,40.604914284638895,41.521717176943184,39.60008807359225,39.22661951105234,38.16282720380726,40.97605281775802,39.61309286558365,#000000,1.4004413604281034,39.61309286558365,-0.03791152352671189,9,0.2060556777937808,1.8545011001440272,0.0,0.0,0.0,0.0,44.50115578187076,0.15467508209530934,False,True,False,True,False,0.0
2025-10-03 00:00:00+00:00,40.12,40.255,39.51,39.535,2616133,41.22362657659814,41.58443163037829,41.44609116540327,39.36914876928113,41.233361147427296,41.09987718035252,40.6041539863255,41.51911182227501,39.60101864950206,39.229242370060916,38.17277331526027,40.83233286552588,39.60468683107045,#000000,1.3958272558496876,39.60468683107045,0.3691811911323198,9,0.20715050078022226,1.8643545070220005,0.0,0.0,0.0,0.0,43.87115653771177,-0.3487808925761584,False,True,False,True,False,0.08842578661726108
2025-10-06 00:00:00+00:00,40.07,40.68,39.83,40.5,1926006,41.22280451476101,41.58274985510165,41.44436139906112,39.37116213424601,41.21288686305208,41.099143330583374,40.603796813688355,41.5174837887514,39.60213880243279,39.23176838656719,38.18096486805724,40.771976585793205,39.602229908491424,#000000,1.3946025490716218,39.602229908491424,0.33541462534968697,10,0.21270316409956075,2.1270316409956074,0.0,0.0,0.0,0.0,43.348817113395256,-0.9002720546586289,False,True,False,True,False,0.0
2025-10-07 00:00:00+00:00,39.67,40.04,38.9,39.85,2683910,41.22093183112912,41.57930863296621,41.440697827491135,39.371723624656184,41.168130825747134,41.097382763532515,40.602505511851255,41.51409998991726,39.60196671520552,39.23287756311176,38.188580787680074,40.628293268664734,39.59055259641384,#000000,1.3930654697659957,39.59055259641384,0.057030631589413905,9,0.2179028790563168,1.9611259115068513,0.0,0.0,0.0,0.0,42.15979903110367,-2.170197082206343,False,True,False,True,False,0.0
2025-10-08 00:00:00+00:00,40.07,40.09,39.06,39.94,3123763,41.21901997369231,41.575715238770556,41.436904996803335,39.373172079510205,41.12508730041797,41.09560496595876,40.601292482904526,41.51057964068567,39.60238769333249,39.23501569117759,38.19865862040659,40.52237830012493,39.582194764537036,#000000,1.3792454569223507,39.582194764537036,0.35367543392272865,9,0.21980733350836743,1.9782660015753069,0.0,0.0,0.0,0.0,42.60260484423176,-2.170197082206343,False,True,False,True,False,0.0008324713284686425
2025-10-09 00:00:00+00:00,39.15,40.775,39.01,40.175,2099496,41.21765541887323,41.57318340278671,41.43422312646318,39.37388874357442,41.095700349286574,41.09432916188424,40.60038940195708,41.50809490836163,39.60247486160097,39.236174191523645,38.20494577012443,40.457283600036746,39.576413067580845,#000000,1.367418592225674,39.576413067580845,-0.31183799167656207,9,0.2222444362437346,2.0001999261936114,0.0,0.0,0.0,0.0,40.94460353660986,-3.6993675793391887,False,True,False,True,False,0.0
2025-10-10 00:00:00+00:00,36.92,38.9,36.89,38.66,3488455,41.21240870359602,41.56447986831298,41.424637413886316,39.36602098462637,40.98310136861353,41.08918641474911,40.595641830312445,41.49939909858391,39.59559003509564,39.22838785598775,38.2003926177637,40.140414443447646,39.53551653475503,"rgba(255, 0, 0, 1.0)",1.3911584095574303,39.53551653475503,-1.8800997189005284,10,0.2228061757475986,2.228061757475986,0.0,0.0,0.0,0.0,36.52412871649721,-7.99551891153601,False,True,False,True,False,0.0
2025-10-13 00:00:00+00:00,37.99,38.0,37.03,37.56,2069528,41.20939131495648,41.55946746354771,41.41912497224351,39.36165246771692,40.921559107303445,41.08623194005076,40.59292830499856,41.49439361635986,39.591734847570216,39.2240885915769,38.19815992194309,39.98960837009193,39.51416759028372,"rgba(239, 83, 80, 1.0)",1.4005103581574159,39.51416759028372,-1.0882944073965946,10,0.22528893413496376,2.2528893413496376,0.0,0.0,0.0,0.0,36.52821997871577,-8.056982965634546,False,True,False,True,False,0.0
2025-10-14 00:00:00+00:00,36.81,37.51,36.65,36.7,3820105,41.20276133388697,41.54862802723524,41.40714358112765,39.35040775868198,40.7910957077613,41.079702487034766,40.58676343837677,41.48354220290388,39.582138712418306,39.2127452185731,38.18878611962323,39.68546830970541,39.46684171030929,"rgba(255, 0, 0, 1.0)",1.4363610722159976,39.46684171030929,-1.849703226926325,10,0.22858440337167404,2.2858440337167405,0.0,0.0,0.0,0.0,34.956155820921325,-9.693977331489933,False,True,False,True,False,0.0
2025-10-15 00:00:00+00:00,37.29,37.83,36.99,37.565,4315548,41.1959698499421,41.53746008371882,41.394843754561265,39.339856786526234,40.66748190855384,41.07303425593854,40.580557475616516,41.472377523618086,39.572959603846776,39.20223567612002,38.18167181458567,39.447504115399255,39.42465108961344,"rgba(239, 83, 80, 1.0)",1.4488975738972332,39.42465108961344,-1.4732933011073202,10,0.23372118182832816,2.3372118182832815,0.0,0.0,0.0,0.0,35.15127942563844,-9.693977331489933,False,True,False,True,False,0.0
2025-10-16 00:00:00+00:00,36.44,37.55,36.09,37.47,3675340,41.189185215288305,41.52645915964151,41.382676338392095,39.32790290083885,40.548838241767264,41.066339831349964,40.574181036592826,41.4613562901509,39.562819233522504,39.19010850453116,38.17073921595062,39.22584490501564,39.38193171493179,"rgba(255, 0, 0, 1.0)",1.5092771930529436,39.38193171493179,-1.9492322076244288,10,0.23677571168663802,2.3677571168663802,0.0,0.0,0.0,0.0,34.14068985156935,-10.869564139276612,False,True,False,True,False,0.0
2025-10-17 00:00:00+00:00,35.97,36.75,35.8,36.55,4288059,41.180382742621845,41.51231311005763,41.36699447013139,39.31136600301089,40.40156545219662,41.05762951313743,40.565774679592224,41.44716640871628,39.54895058577354,39.17319087045208,38.15376674130695,38.96382246778331,39.32723041768877,"rgba(255, 26, 202, 1.0)",1.5881101130699733,39.32723041768877,-2.113978363376146,10,0.2366798669582792,2.366798669582792,0.0,0.0,0.0,0.0,32.87465377520117,-12.29556467073661,False,True,False,True,False,0.0
2025-10-20 00:00:00+00:00,36.27,36.555,35.785,36.12,2837254,41.17461022324102,41.50304657101203,41.35672977948393,39.30062281450519,40.31010520286556,41.05191853201147,40.56026799753312,41.43787243696815,39.53991742322515,39.16221190824949,38.142862071302325,38.815463616561736,39.293361945688915,"rgba(255, 0, 0, 1.0)",1.6511823624452755,39.293361945688915,-1.831028488707657,10,0.2376693392493417,2.376693392493417,0.0,0.0,0.0,0.0,32.89881674823898,-12.514635142483364,False,True,False,True,False,0.0
2025-10-21 00:00:00+00:00,36.15,36.51,35.84,36.27,1878967,41.17076660400939,41.496885269736254,41.34990622994521,39.293465197502854,40.25117650879542,41.04811528867987,40.5565982255006,41.431692643748946,39.533896580581214,39.15489612967545,38.13557207700556,38.72442860009426,39.27146255208526,"rgba(255, 0, 0, 1.0)",1.7103196719085123,39.27146255208526,-1.8250755126976252,10,0.23806964334971187,2.3806964334971186,0.0,0.0,0.0,0.0,32.737167273907545,-12.959130055867504,False,True,False,True,False,0.0
2025-10-22 00:00:00+00:00,36.56,37.065,36.09,36.47,2998560,41.165140396320744,41.48782699822125,41.33990187778298,39.28358091648122,40.169517765489296,41.04256065892261,40.55129360411359,41.42261685498513,39.52548290591693,39.14486726195758,38.126419314380676,38.612495146351996,39.2419193776219,"rgba(255, 0, 0, 1.0)",1.7575224566329077,39.2419193776219,-1.5259659229390237,10,0.24175810755631028,2.4175810755631026,0.0,0.0,0.0,0.0,33.92126911518161,-12.959130055867504,False,True,False,True,False,0.0
2025-10-23 00:00:00+00:00,37.98,38.28,37.35,37.65,3544184,41.16038274238321,41.479979556793566,41.33133606976677,39.277539299957674,40.110740707467244,41.03791445277897,40.547081504474434,41.414792651391664,39.51994380062415,39.139043962789415,38.12465773545043,38.56950599636703,39.224098839652655,"rgba(239, 83, 80, 0.5)",1.774140093384578,39.224098839652655,-0.7012404737887721,10,0.24606444679310208,2.460644467931021,0.0,0.0,0.0,0.0,38.51831511974682,-15.686773109893032,False,True,False,True,True,0.0
2025-10-24 00:00:00+00:00,37.68,38.72,37.67,38.03,3366413,41.15608642627468,41.47287245563725,41.32359767281337,39.272468307258606,40.061262796138934,41.03372687440446,40.543321365673144,41.40771283554473,39.51520250761752,39.13422418895166,38.124000846664245,38.541035418148994,39.209544869801825,"rgba(239, 83, 80, 0.5)",1.7938683770535113,39.209544869801825,-0.8526516713083226,10,0.24658333555430012,2.465833355543001,0.0,0.0,0.0,0.0,40.94684236122256,-13.426230511437183,False,True,False,True,True,0.0
2025-10-27 00:00:00+00:00,37.35,38.17,37.31,38.07,2310269,41.15275667840592,41.46742955103801,41.31764545935585,39.26786818604205,40.022027089292806,41.03046613250846,40.54032517925013,41.40227994576503,39.511069357932115,39.12971878768092,38.12172413071181,38.508879353800936,39.19673155168,"rgba(239, 83, 80, 1.0)",1.8097506239712735,39.19673155168,-1.0204342671409488,10,0.24781183851135907,2.4781183851135906,0.0,0.0,0.0,0.0,41.86100101617046,-12.58343350003598,False,True,False,True,True,0.0
