date,Close,High,Low,Open,Volume,aVWAP_BoS_CHoCH_bull_156,aVWAP_BoS_CHoCH_bull_323,aVWAP_BoS_CHoCH_bull_382,aVWAP_BoS_CHoCH_bull_528,aVWAP_BoS_CHoCH_bear_520,Peaks_Valleys_avg,color,StDev,StDev_Mean,StdDev_ZScore,MA_Cross_Count,MA_Avg_Deviation_Z,MA_Oscillation_Score,BoS,CHoCH,BoS_CHoCH_Price,BoS_CHoCH_Break_Index,QQEMOD,QQE1_Value,QQE1_Above_Upper,QQE1_Below_Lower,QQE2_Above_Threshold,QQE2_Below_Threshold,QQE2_Above_TL,banker_RSI
2022-12-14 00:00:00+00:00,21.8291836414,21.9417945093,21.8291836414,21.9417945093,517,,,,,,,#000000,,,,0,,,0.0,0.0,0.0,0.0,,,False,False,False,False,False,
2022-12-15 00:00:00+00:00,21.3739758634,21.3739758634,21.3739758634,21.3739758634,195,,,,,,,#000000,,,,0,,,0.0,0.0,0.0,0.0,0.0,,False,False,False,True,False,
2022-12-16 00:00:00+00:00,21.2711534786,21.2711534786,20.3652423575,20.3652423575,223,,,,,,,#000000,,,,0,,,0.0,0.0,0.0,0.0,0.0,-50.0,False,False,False,True,True,
2022-12-19 00:00:00+00:00,21.0998117118,21.240142178,21.0998117118,21.240142178,399,,,,,,,#000000,,,,0,,,0.0,0.0,0.0,0.0,0.0,-50.0,False,False,False,True,True,
2022-12-20 00:00:00+00:00,21.0998117118,21.1618343129,21.0998117118,21.1618343129,118,,,,,,,#000000,,,,0,,,0.0,0.0,0.0,0.0,0.0,-50.0,False,False,False,True,True,
2022-12-21 00:00:00+00:00,21.2856196439,21.3614154205,21.2856196439,21.352753046,913,,,,,,,#000000,,,,0,,,0.0,0.0,0.0,0.0,8.655380969876612,-42.06590077761311,False,False,False,True,True,
2022-12-22 00:00:00+00:00,21.0733914696,21.0733914696,21.0733914696,21.0733914696,913,,,,,,,#000000,,,,0,,,0.0,0.0,0.0,0.0,12.296503073232778,-39.20906001452977,False,False,False,True,True,
2022-12-23 00:00:00+00:00,21.1368000507,21.1368000507,21.1368000507,21.1368000507,5,,,,,,,#000000,,,,0,,,0.0,0.0,0.0,0.0,16.729036801117783,-35.648722720053456,False,False,False,True,True,
2022-12-27 00:00:00+00:00,21.075990182,21.075990182,21.075990182,21.075990182,12,,,,,,,#000000,,,,0,,,0.0,0.0,0.0,0.0,19.060117009826985,-34.051542287460194,False,False,False,True,True,
2022-12-28 00:00:00+00:00,20.9157102673,21.0739608347,20.9157102673,21.0739608347,2095,,,,,,,#000000,,,,0,,,0.0,0.0,0.0,0.0,19.230793203767625,-34.051542287460194,False,False,False,True,True,
2022-12-29 00:00:00+00:00,21.1397250507,21.1607210142,21.1397250507,21.1607210142,100,,,,,,,#000000,,,,0,,,0.0,0.0,0.0,0.0,25.02697153006104,-29.210335410577486,False,False,False,True,True,
2022-12-30 00:00:00+00:00,21.061033568,21.061033568,21.0306675051,21.0350055141,201,,,,,,,#000000,,,,0,,,0.0,0.0,0.0,0.0,27.96704905715499,-26.87548289111744,False,False,False,True,True,
2023-01-03 00:00:00+00:00,21.0913996308,21.1000756487,21.021904727,21.0392567629,1113,,,,,,,#000000,,,,0,,,0.0,0.0,0.0,0.0,30.61361076250188,-24.735248362398767,False,False,False,True,True,
2023-01-04 00:00:00+00:00,21.1071032233,21.1781598103,21.1071032233,21.1433689783,2205,,,,,,,#000000,,,,0,,,0.0,0.0,0.0,0.0,32.74976878506756,-22.980140183124806,False,False,False,True,True,
2023-01-05 00:00:00+00:00,20.924733326,21.0566087988,20.924733326,21.0566087988,401,,,,,,,#000000,,,,0,,,0.0,0.0,0.0,0.0,31.92944192873568,-22.980140183124806,False,False,False,True,True,
2023-01-06 00:00:00+00:00,21.1677485887,21.2649199897,21.1677485887,21.2301291578,500,,,,,,,#000000,,,,0,,,0.0,0.0,0.0,0.0,36.27342713802607,-19.949007093078492,False,False,False,True,True,
2023-01-09 00:00:00+00:00,21.1759040456,21.4297643307,21.1759040456,21.4297643307,501,,,,,,,#000000,,,,0,,,0.0,0.0,0.0,0.0,39.3108653193281,-17.213170366872475,False,False,False,True,True,
2023-01-10 00:00:00+00:00,21.2520794832,21.2735092475,21.2520794832,21.2648332295,501,,,,,,,#000000,,,,0,,,0.0,0.0,0.0,0.0,42.67207114514564,-14.160287267961948,False,False,False,True,True,
2023-01-11 00:00:00+00:00,21.4251660412,21.4384403487,21.3229625498,21.3229625498,901,,,,,,,#000000,,,,0,,,0.0,0.0,0.0,0.0,47.52783962205221,-9.733491435230022,False,False,False,False,True,
2023-01-12 00:00:00+00:00,21.4721900585,21.5252005282,21.4721900585,21.4991724743,300,,,,,,,#000000,,,,0,,,0.0,0.0,0.0,0.0,51.39611170661813,-6.283769386796926,False,False,True,False,True,
2023-01-13 00:00:00+00:00,21.4988254336,21.4988254336,21.4167503038,21.4167503038,401,,,,,,,#000000,,,,0,,,0.0,0.0,0.0,0.0,54.34067162383936,-3.6619191796192894,False,False,True,False,True,
2023-01-17 00:00:00+00:00,21.4858981669,21.5252005282,21.4659433256,21.4991724743,879,,,,,,,#000000,,,,0,,,0.0,0.0,0.0,0.0,56.020027994062964,-2.1243189499040724,False,False,True,False,True,
2023-01-18 00:00:00+00:00,21.2637053472,21.3603561872,21.2637053472,21.3603561872,201,,,,,,,#000000,,,,0,,,0.0,0.0,0.0,0.0,52.96667227386539,-2.1243189499040724,False,False,True,False,True,
2023-01-19 00:00:00+00:00,21.199329294,21.2215399,21.199329294,21.2215399,500,,,,,,,#000000,,,,0,,,0.0,0.0,0.0,0.0,49.94764313316283,-2.1243189499040724,False,False,False,False,False,
2023-01-20 00:00:00+00:00,21.3851695985,21.4037362769,21.3851695985,21.4037362769,301,,,,,,,#000000,,,,0,,,0.0,0.0,0.0,0.0,51.050216500327565,-2.1243189499040724,False,False,False,False,False,
2023-01-23 00:00:00+00:00,21.5432466455,21.5859326538,21.5425525641,21.5859326538,401,,,,,,,#000000,,,,0,,,0.0,0.0,0.0,0.0,53.886808872575386,-2.1243189499040724,False,False,True,False,False,
2023-01-24 00:00:00+00:00,21.5167847907,21.5599045999,21.5167847907,21.5252005282,701,,,,,,,#000000,,,,0,,,0.0,0.0,0.0,0.0,55.2967528553848,-2.1243189499040724,False,False,True,False,True,
2023-01-25 00:00:00+00:00,21.4708886558,21.5165245102,21.4708886558,21.5165245102,600,,,,,,,#000000,,,,0,,,0.0,0.0,0.0,0.0,55.38063112705042,-2.1243189499040724,False,False,True,False,True,
2023-01-26 00:00:00+00:00,21.601983287,21.601983287,21.5772566358,21.5859326538,401,,,,,,,#000000,,,,0,,,0.0,0.0,0.0,0.0,57.243055957391064,-0.29591878423260454,False,False,True,False,True,
2023-01-27 00:00:00+00:00,21.6380755217,21.7507769948,21.6380755217,21.7507769948,500,,,,,,,#000000,,,,0,,,0.0,0.0,0.0,0.0,58.9479581807134,1.6718727437955678,False,False,True,False,True,
2023-01-30 00:00:00+00:00,21.4603906741,21.551228582,21.4603906741,21.551228582,547,,,,,,,#000000,,,,0,,,0.0,0.0,0.0,0.0,56.72433891547212,1.6718727437955678,False,False,True,False,True,
2023-01-31 00:00:00+00:00,21.6777249237,21.6777249237,21.6293127435,21.6293127435,402,,,,,,,#000000,,,,0,,,0.0,0.0,0.0,0.0,58.083793803211535,1.6718727437955678,False,False,True,False,True,
2023-02-01 00:00:00+00:00,21.8424825045,21.8424825045,21.4471163666,21.4557923846,318,,,,,,,#000000,,,,0,,,0.0,0.0,0.0,0.0,60.68417412725462,3.956908726268395,False,False,True,False,True,
2023-02-02 00:00:00+00:00,22.0577345098,22.1151697486,22.0370855871,22.1151697486,1193,,,,,,22.06999661516667,#000000,,22.06999661516667,,0,,,0.0,0.0,0.0,0.0,64.2038811026931,7.458859042729841,False,False,True,False,True,
2023-02-03 00:00:00+00:00,21.9151875349,22.0461086457,21.9151875349,22.0461086457,467,,,,,,22.03872204434137,#000000,,22.03872204434137,,0,,,0.0,0.0,0.0,0.0,64.11218039422519,7.5345473192656485,False,False,True,False,True,
2023-02-06 00:00:00+00:00,21.8147192471,22.0370855871,21.6987208871,22.0370855871,2051,,,,,,21.934515767107367,#000000,,21.934515767107367,,0,,,0.0,0.0,0.0,0.0,62.47989483297886,7.5345473192656485,False,False,True,False,True,
2023-02-07 00:00:00+00:00,22.0124456961,22.0124456961,21.8287743961,21.8375371743,1101,,,,,,21.93833818704105,#000000,,21.93833818704105,,0,,,0.0,0.0,0.0,0.0,63.26296251993638,7.5345473192656485,False,False,True,False,True,
2023-02-08 00:00:00+00:00,21.889593282,21.9286353627,21.8722412461,21.9286353627,1200,,,,,,21.93005178182993,#000000,,21.93005178182993,,0,,,0.0,0.0,0.0,0.0,61.92689702466309,7.5345473192656485,False,False,True,False,True,
2023-02-09 00:00:00+00:00,21.7234475383,22.0022947551,21.7234475383,22.0022947551,701,,,,,,21.918183425647065,#000000,,21.918183425647065,,0,,,0.0,0.0,0.0,0.0,58.79619318102464,7.5345473192656485,False,False,True,False,False,
2023-02-10 00:00:00+00:00,21.756676687,21.756676687,21.7034059368,21.7034059368,207,,,,,,21.91282105907716,#000000,,21.91282105907716,,0,,,0.0,0.0,0.0,0.0,57.09419761505119,12.947798630925178,False,False,True,False,False,
2023-02-13 00:00:00+00:00,21.9052101143,21.9329733717,21.9052101143,21.9242973538,701,,,,,,21.91297223025203,#000000,,21.91297223025203,,0,,,0.0,0.0,0.0,0.0,57.60965484050361,12.947798630925178,False,False,True,False,False,
2023-02-14 00:00:00+00:00,21.9329733717,21.9676774435,21.9329733717,21.9676774435,1042,,,,,,21.916769421793912,#000000,,21.916769421793912,,0,,,0.0,0.0,0.0,0.0,58.24978604034649,12.947798630925178,False,False,True,False,False,
2023-02-15 00:00:00+00:00,21.9937054973,21.9937054973,21.9763534614,21.9763534614,801,,,,,,21.92279148465265,#000000,,21.92279148465265,,0,,,0.0,0.0,0.0,0.0,59.34028521307163,12.947798630925178,False,False,True,False,False,
2023-02-16 00:00:00+00:00,21.8140251656,21.9503254076,21.8140251656,21.9503254076,660,,,,,,21.91866270972824,#000000,,21.91866270972824,,0,,,0.0,0.0,0.0,0.0,57.23678441749656,12.380258690783073,False,False,True,False,False,
2023-02-17 00:00:00+00:00,21.6975062446,21.6975062446,21.6726928333,21.6726928333,707,,,,,,21.903686685836135,#000000,,21.903686685836135,,0,,,0.0,0.0,0.0,0.0,54.25005687868884,9.41745756042404,False,False,True,False,False,
2023-02-21 00:00:00+00:00,21.4327141768,21.4904964564,21.4327141768,21.4904964564,1202,,,,,,21.85856431215528,#000000,,21.85856431215528,,0,,,0.0,0.0,0.0,0.0,49.31327523096895,4.765151036944204,False,False,False,False,False,
2023-02-22 00:00:00+00:00,21.3763200602,21.4297643307,21.3763200602,21.4297643307,669,,,,,,21.834103334967704,#000000,,21.834103334967704,,0,,,0.0,0.0,0.0,0.0,45.481505951767744,1.2988070393438136,False,False,False,True,False,
2023-02-23 00:00:00+00:00,21.4878068908,21.5165245102,20.5361344821,20.5361344821,6701,,,,,,21.394205905398834,#000000,,21.394205905398834,,0,,,0.0,0.0,0.0,0.0,44.62828866425741,0.6088670522494652,False,False,False,True,False,
2023-02-24 00:00:00+00:00,21.2951992924,21.2951992924,21.2951992924,21.2951992924,99,,,,,,21.3942487558067,#000000,,21.3942487558067,,0,,,0.0,0.0,0.0,0.0,42.12891302620692,-1.7349674458966078,False,False,False,True,False,
2023-02-27 00:00:00+00:00,21.3395337441,21.377708223,21.3395337441,21.3776214629,1401,,,,,,21.400280406360988,#000000,,21.400280406360988,,0,,,0.0,0.0,0.0,0.0,41.15500139708266,-2.6901528567684565,False,False,False,True,False,0.0
2023-02-28 00:00:00+00:00,21.377708223,21.4297643307,21.377708223,21.4297643307,1100,,,,,,21.406304548189887,#000000,,21.406304548189887,,0,,,0.0,0.0,0.0,0.0,41.120580666157146,-2.8796688126123584,False,False,False,True,False,0.0
2023-03-01 00:00:00+00:00,21.2474811937,21.2475679538,21.2041878641,21.2041878641,4001,,,,,,21.379678297195582,#000000,,21.379678297195582,,0,,,0.0,0.0,0.0,0.0,39.69887697161699,-4.457261953279456,False,False,False,True,False,0.0
2023-03-02 00:00:00+00:00,21.311944007,21.311944007,21.311944007,21.311944007,4001,,,,,,21.374518536950248,#000000,,21.374518536950248,,0,,,0.0,0.0,0.0,0.0,39.8608205511938,-4.5524091095233885,False,False,False,True,False,0.0
2023-03-03 00:00:00+00:00,21.5580826362,21.5772566358,21.5424658039,21.5425525641,1599,,,,,,21.389104319265662,#000000,,21.389104319265662,,0,,,0.0,0.0,0.0,0.0,43.583615771672626,-4.5524091095233885,False,False,False,True,True,0.0
2023-03-06 00:00:00+00:00,21.5642426089,21.6032846897,21.5642426089,21.6032846897,1701,,,,,,21.403438066427313,#000000,,21.403438066427313,,0,,,0.0,0.0,0.0,0.0,46.14654598075225,-9.45946320572542,False,False,False,True,True,0.0
2023-03-07 00:00:00+00:00,21.3510728479,21.3776214629,21.3510728479,21.3776214629,1001,,,,,,21.402665499389215,#000000,,21.402665499389215,,0,,,0.0,0.0,0.0,0.0,45.137912086361354,-9.45946320572542,False,False,False,True,True,0.0
2023-03-08 00:00:00+00:00,21.3507258072,21.3603561872,21.3256521154,21.3603561872,3100,,,,,,21.39880643850695,#000000,,21.39880643850695,,0,,,0.0,0.0,0.0,0.0,44.461398243606816,-9.45946320572542,False,False,False,True,True,0.0
2023-03-09 00:00:00+00:00,21.109879549,21.2302159179,21.1000756487,21.2302159179,401,,,,,,21.395695196410195,#000000,,21.395695196410195,,0,,,0.0,0.0,0.0,0.0,41.44537699635562,-9.45946320572542,False,True,False,True,False,0.0
2023-03-10 00:00:00+00:00,20.9665517325,21.1000756487,20.9665517325,21.0219914872,1200,,,,,,21.258128533799983,#000000,,21.258128533799983,,0,,,0.0,0.0,0.0,0.0,38.199651511988385,-6.224416114684701,False,True,False,True,False,0.0
2023-03-13 00:00:00+00:00,21.0549603554,21.0549603554,21.0219914872,21.0219914872,579,,,,,,21.25783097888664,#000000,,21.25783097888664,,0,,,0.0,0.0,0.0,0.0,37.54471910406242,-6.89119903869647,False,True,False,True,False,0.0
2023-03-14 00:00:00+00:00,21.1818037378,21.1955118461,21.1174276846,21.1955118461,1428,,,,,,21.273538256932895,#000000,,21.273538256932895,,0,,,0.0,0.0,0.0,0.0,39.12102249242827,-6.89119903869647,False,True,False,True,False,0.0
2023-03-15 00:00:00+00:00,21.1720865977,22.2626620537,21.0738740745,21.3083000795,2873,,,,,,21.386078107878273,#000000,,21.386078107878273,,0,,,0.0,0.0,0.0,0.0,40.060327184741624,-6.89119903869647,False,True,False,True,False,0.0
2023-03-16 00:00:00+00:00,21.3930647748,21.4384403487,21.1868358282,21.1868358282,399,,,,,,21.381822882264483,#000000,,21.381822882264483,,0,,,0.0,0.0,0.0,0.0,43.885927782611546,-11.649782358826748,False,True,False,True,True,0.0
2023-03-17 00:00:00+00:00,21.2419285422,21.3950602589,21.2419285422,21.3950602589,589,,,,,,21.374140576055897,#000000,,21.374140576055897,,0,,,0.0,0.0,0.0,0.0,44.536098953392916,-10.969669582901062,False,True,False,True,True,0.0
2023-03-20 00:00:00+00:00,21.366082359,21.366082359,21.366082359,21.366082359,589,,,,,,21.372760529813625,#000000,,21.372760529813625,,0,,,0.0,0.0,0.0,0.0,46.6101491110749,-8.89472614211197,False,False,False,False,True,0.0
2023-03-21 00:00:00+00:00,21.4710621762,21.4710621762,21.4710621762,21.4710621762,99,,,,,,21.37362173187041,#000000,,21.37362173187041,,0,,,0.0,0.0,0.0,0.0,49.272026837684194,-6.301138022418321,False,False,False,False,True,0.0
2023-03-22 00:00:00+00:00,21.2727284059,21.2727284059,21.2727284059,21.2727284059,99,,,,,,21.372523685074157,#000000,,21.372523685074157,,0,,,0.0,0.0,0.0,0.0,48.51002590019176,-6.301138022418321,False,False,False,False,True,0.0
2023-03-23 00:00:00+00:00,21.2899936816,21.4037362769,21.2899936816,21.4037362769,500,,,,,,21.370065711240787,#000000,,21.370065711240787,,0,,,0.0,0.0,0.0,0.0,48.23477665806894,-6.301138022418321,False,False,False,False,True,0.0
2023-03-24 00:00:00+00:00,21.3992247476,21.3992247476,21.3480362417,21.3480362417,1000,,,,,,21.37066232183788,#000000,,21.37066232183788,,0,,,0.0,0.0,0.0,0.0,49.515514011740734,-5.698350331852346,False,False,False,False,True,0.0
2023-03-27 00:00:00+00:00,21.3934985757,21.4557923846,21.3934985757,21.4557923846,1000,,,,,,21.373619905117188,#000000,,21.373619905117188,,0,,,0.0,0.0,0.0,0.0,50.28569426686259,-4.740381027951614,False,False,False,False,True,0.0
2023-03-28 00:00:00+00:00,21.3585342234,21.4210883128,21.3585342234,21.4210883128,700,,,,,,21.373800264695525,#000000,,21.373800264695525,,0,,,0.0,0.0,0.0,0.0,50.25756951524202,-4.50082724458818,False,False,False,False,True,0.0
2023-03-29 00:00:00+00:00,21.5564341928,21.5564341928,21.5564341928,21.5564341928,700,,,,,,21.381730699683658,#000000,,21.381730699683658,,0,,,0.0,0.0,0.0,0.0,52.94968885122425,-1.7149856273147321,True,False,True,False,True,0.6480178045837199
2023-03-30 00:00:00+00:00,21.6031979295,21.6032846897,21.6031979295,21.6032846897,1003,,,,,,21.394285873668665,#000000,,21.394285873668665,,0,,,0.0,0.0,0.0,0.0,55.309989770419286,0.643282757247917,True,False,True,False,True,1.4274864971408512
2023-03-31 00:00:00+00:00,21.7957187678,21.7957187678,21.7360277643,21.7507769948,1201,,,,,,21.41788306912709,#000000,,21.41788306912709,,0,,,0.0,0.0,0.0,0.0,58.95786625082835,4.115388798938497,True,False,True,False,True,4.5309524738449305
2023-04-03 00:00:00+00:00,21.9018264673,21.9416493896,21.8405737806,21.8405737806,500,,,,,,21.429605333092454,"rgba(0, 255, 255, 0.75)",0.28610874492685795,21.429605333092454,1.6504952839811595,0,,,0.0,0.0,0.0,0.0,62.36000078957227,7.246462584007304,True,False,True,False,True,6.163967956503768
2023-04-04 00:00:00+00:00,21.8091665956,21.880917264,21.7681290307,21.880917264,600,,,,,,21.440500514808292,"rgba(38, 166, 154, 1.0)",0.28574103898722564,21.440500514808292,1.290210472035801,0,,,0.0,0.0,0.0,0.0,62.86411720312603,7.662375389867336,True,False,True,False,True,4.52187687426418
2023-04-05 00:00:00+00:00,21.820011618,21.8635652281,21.820011618,21.8462131922,900,,,,,,21.456043818151905,"rgba(38, 166, 154, 1.0)",0.2891725492399974,21.456043818151905,1.2586526653538637,0,,,0.0,0.0,0.0,0.0,63.31766407189021,8.161367009037718,True,False,True,False,True,4.6917610295775205
2023-04-06 00:00:00+00:00,21.8599213006,21.889593282,21.8599213006,21.889593282,700,,,,,,21.46816164957985,"rgba(38, 166, 154, 1.0)",0.29259965953082867,21.46816164957985,1.338893051510445,0,,,0.0,0.0,0.0,0.0,64.07301888990102,9.028564920631162,True,False,True,False,True,5.322447014394442
2023-04-10 00:00:00+00:00,21.8203586587,21.8203586587,21.803093383,21.803093383,488,,,,,,21.474921915340012,"rgba(38, 166, 154, 1.0)",0.29296932603199,21.474921915340012,1.1790884323578206,0,,,0.0,0.0,0.0,0.0,63.707076996381126,9.028564920631162,True,False,True,False,True,4.6001731371800645
2023-04-11 00:00:00+00:00,21.8462999524,21.8982692999,21.8462999524,21.8982692999,600,,,,,,21.484005504268783,"rgba(38, 166, 154, 1.0)",0.29346150032538626,21.484005504268783,1.2345552916805398,0,,,0.0,0.0,0.0,0.0,63.8072972462125,9.206777608430677,True,False,True,False,True,5.021201861667485
2023-04-12 00:00:00+00:00,21.7701245148,21.8548892102,21.7701245148,21.8548892102,1901,,,,,,21.50484385110129,"rgba(38, 166, 154, 0.5)",0.29481744183267744,21.50484385110129,0.8998133287150287,0,,,0.0,0.0,0.0,0.0,62.110979847710446,9.206777608430677,True,False,True,False,True,3.612468433960487
2023-04-13 00:00:00+00:00,21.959695507,21.959695507,21.959695507,21.959695507,1901,,,,,,21.618492307732236,"rgba(38, 166, 154, 1.0)",0.29645611218802675,21.618492307732236,1.1509400050802656,0,,,0.0,0.0,0.0,0.0,63.5186875726048,9.206777608430677,True,False,True,False,True,6.667272471756277
2023-04-14 00:00:00+00:00,21.9100686843,21.9100686843,21.9100686843,21.9100686843,0,,,,,,21.618492307732236,"rgba(38, 166, 154, 0.5)",0.2977320076341773,21.618492307732236,0.9793249267509857,0,,,0.0,0.0,0.0,0.0,63.34176289506301,9.2147899196857,True,False,True,False,True,5.744294476891369
2023-04-17 00:00:00+00:00,21.9122376888,21.9122376888,21.9122376888,21.9122376888,0,,,,,,21.618492307732236,"rgba(38, 166, 154, 0.5)",0.2975886790754362,21.618492307732236,0.9870852008899953,0,,,0.0,0.0,0.0,0.0,63.253661483288106,9.36498662249695,True,False,True,False,True,5.779184231531978
2023-04-18 00:00:00+00:00,21.9297632451,21.9297632451,21.9297632451,21.9297632451,0,,,,,,21.618492307732236,"rgba(38, 166, 154, 1.0)",0.2935323794655462,21.618492307732236,1.060431349803773,0,,,0.0,0.0,0.0,0.0,63.454006685942005,9.822139939525393,True,False,True,False,True,6.065512477168728
2023-04-19 00:00:00+00:00,21.9269001591,21.9269001591,21.9269001591,21.9269001591,0,,,,,,21.618492307732236,"rgba(38, 166, 154, 1.0)",0.29393363486612645,21.618492307732236,1.0492431446582509,0,,,0.0,0.0,0.0,0.0,63.507356228034624,10.150267842159735,True,False,True,False,True,6.009652500020479
2023-04-20 00:00:00+00:00,21.8982692999,21.8982692999,21.8982692999,21.8982692999,100,,,,,,21.61880558857772,"rgba(38, 166, 154, 0.5)",0.29187052651190254,21.61880558857772,0.957492058763537,0,,,0.0,0.0,0.0,0.0,62.69888378606508,10.150267842159735,True,False,True,False,True,5.444022659714182
2023-04-21 00:00:00+00:00,21.9329733717,21.9329733717,21.9329733717,21.9329733717,100,,,,,,21.619596276367183,"rgba(38, 166, 154, 1.0)",0.290618334588638,21.619596276367183,1.0783115104433947,0,,,0.0,0.0,0.0,0.0,62.81369626717863,10.150267842159735,True,False,True,False,True,6.039568900769879
2023-04-24 00:00:00+00:00,21.9043425125,21.9329733717,21.9043425125,21.9329733717,1100,,,,,,21.6268562988357,"rgba(38, 166, 154, 0.5)",0.2887791040425216,21.6268562988357,0.9608943645155205,0,,,0.0,0.0,0.0,0.0,61.971157557858426,10.150267842159735,True,False,True,False,False,5.459623778135736
2023-04-25 00:00:00+00:00,21.7486947505,21.8548892102,21.7486947505,21.8548892102,1000,,,,,,21.624595342240788,#000000,0.2797992579909154,21.624595342240788,0.4435301549771862,0,,,0.0,0.0,0.0,0.0,57.2433441433821,10.186803931968846,True,False,True,False,False,2.387470681654108
2023-04-26 00:00:00+00:00,21.6577700824,21.7464389858,21.6577700824,21.7464389858,260,,,,,,21.63350385899481,#000000,0.2759389091640192,21.63350385899481,0.08794056437602472,0,,,0.0,0.0,0.0,0.0,52.218852985779684,5.638383408719321,False,False,False,False,False,0.6653070103708671
2023-04-27 00:00:00+00:00,21.8791820604,21.8791820604,21.7421009769,21.7421009769,720,,,,,,21.653711666625963,"rgba(38, 166, 154, 0.5)",0.2740325359566262,21.653711666625963,0.8227869474948996,0,,,0.0,0.0,0.0,0.0,53.48563571403851,5.638383408719321,False,False,False,False,False,4.560367140241215
2023-04-28 00:00:00+00:00,22.0111442934,22.0111442934,22.0111442934,22.0111442934,720,,,,,,21.67761746844772,"rgba(38, 166, 154, 1.0)",0.27549448284229766,21.67761746844772,1.2106479284494485,0,,,0.0,0.0,0.0,0.0,56.31955768748824,2.1902159257011604,True,False,True,False,True,6.735763124103283
2023-05-01 00:00:00+00:00,22.0431587996,22.0431587996,22.0431587996,22.0431587996,88,,,,,,21.731905440673163,"rgba(38, 166, 154, 1.0)",0.27948308902429575,21.731905440673163,1.11367510647408,0,,,0.0,0.0,0.0,0.0,58.65165896987778,4.186687385930242,True,False,True,False,True,7.2537012578856235
2023-05-02 00:00:00+00:00,21.876579255,21.876579255,21.876579255,21.876579255,6,,,,,,21.7304026596943,"rgba(38, 166, 154, 0.5)",0.2807693836444243,21.7304026596943,0.5206286861064,0,,,0.0,0.0,0.0,0.0,56.688450799311795,4.186687385930242,True,False,True,False,True,4.068499601077654
2023-05-03 00:00:00+00:00,21.8032669034,21.9850294794,21.8032669034,21.9850294794,159,,,,,,21.71547631882898,#000000,0.28132377745490783,21.71547631882898,0.31206244052759646,0,,,0.0,0.0,0.0,0.0,54.06640919996311,9.080273858457929,True,False,True,False,False,2.716966372817975
2023-05-04 00:00:00+00:00,21.741667176,21.7594530127,21.741667176,21.7594530127,515,,,,,,21.69360318795759,#000000,0.2812853727950801,21.69360318795759,0.17087268905883216,0,,,0.0,0.0,0.0,0.0,51.267749244974745,6.567397045816335,False,False,False,False,False,1.5944413089674896
2023-05-05 00:00:00+00:00,21.9522341315,21.9522341315,21.9522341315,21.9522341315,515,,,,,,21.707776596012476,"rgba(38, 166, 154, 0.5)",0.2807810080239554,21.707776596012476,0.8706341543822187,0,,,0.0,0.0,0.0,0.0,52.93941674174569,6.567397045816335,False,False,False,False,False,5.115292813480988
2023-05-08 00:00:00+00:00,21.9245576343,21.9245576343,21.9245576343,21.9245576343,0,,,,,,21.707776596012476,"rgba(38, 166, 154, 0.5)",0.27830287342716387,21.707776596012476,0.7789392743882689,0,,,0.0,0.0,0.0,0.0,53.53857769704754,6.567397045816335,False,False,False,False,False,4.603205347267455
2023-05-09 00:00:00+00:00,21.87414997,21.87414997,21.87414997,21.87414997,0,,,,,,21.707776596012476,"rgba(38, 166, 154, 0.5)",0.2780400610157705,21.707776596012476,0.5983791450041753,0,,,0.0,0.0,0.0,0.0,52.986392131579194,6.567397045816335,False,False,False,False,False,3.6686823937112614
2023-05-10 00:00:00+00:00,21.9438183941,21.9498048465,21.9438183941,21.9498048465,100,,,,,,21.70958003839968,"rgba(38, 166, 154, 0.5)",0.27991982813970956,21.70958003839968,0.8368051568801713,10,0.3284730483781989,3.2847304837819893,0.0,0.0,0.0,0.0,53.796650061237735,6.567397045816335,False,False,True,False,False,4.830455743776561
2023-05-11 00:00:00+00:00,21.9511930094,21.9676774435,21.9511930094,21.9676774435,200,,,,,,21.71316172892151,"rgba(38, 166, 154, 0.5)",0.28162942964737325,21.71316172892151,0.8451932057545589,10,0.3262644810857381,3.2626448108573807,0.0,0.0,0.0,0.0,54.46287204267139,6.567397045816335,True,False,True,False,True,4.953682149671426
2023-05-12 00:00:00+00:00,21.873195608,21.873195608,21.8722412461,21.8722412461,500,,,,,,21.714518865705084,"rgba(38, 166, 154, 0.5)",0.2819042563890056,21.714518865705084,0.5628745884416649,10,0.3258547336988662,3.258547336988662,0.0,0.0,0.0,0.0,53.23656352791541,6.567397045816335,False,False,False,False,True,3.466533837658787
2023-05-15 00:00:00+00:00,21.9006118248,21.9006118248,21.9006118248,21.9006118248,0,,,,,,21.714518865705084,"rgba(38, 166, 154, 0.5)",0.2831729682594434,21.714518865705084,0.6571706340430613,10,0.3273529613873349,3.273529613873349,0.0,0.0,0.0,0.0,52.969626950085676,6.567397045816335,False,False,False,False,True,3.9405996833633488
2023-05-16 00:00:00+00:00,21.837884215,21.837884215,21.837884215,21.837884215,0,,,,,,21.714518865705084,#000000,0.28386043981924575,21.714518865705084,0.4345985984291085,10,0.3297075557483941,3.297075557483941,0.0,0.0,0.0,0.0,51.43026944320563,5.9578726495900725,False,False,False,False,False,2.7378177909937484
2023-05-17 00:00:00+00:00,21.9450330366,21.9450330366,21.9450330366,21.9450330366,0,,,,,,21.714518865705084,"rgba(38, 166, 154, 0.5)",0.2846059455341401,21.714518865705084,0.8099415156710622,10,0.32877661140592107,3.2877661140592105,0.0,0.0,0.0,0.0,52.60198461536805,5.9578726495900725,False,False,False,False,False,4.607280421850245
2023-05-18 00:00:00+00:00,22.0543508628,22.0543508628,22.0543508628,22.0543508628,0,,,,,,21.714518865705084,"rgba(38, 166, 154, 1.0)",0.28798254622396585,21.714518865705084,1.1800437267841426,10,0.329330193270684,3.2933019327068402,0.0,0.0,0.0,0.0,55.26523701324247,5.9578726495900725,False,False,True,False,True,6.453438571975685
2023-05-19 00:00:00+00:00,22.0484511706,22.0484511706,22.0484511706,22.0484511706,0,,,,,,21.714518865705084,"rgba(38, 166, 154, 1.0)",0.2905371255007115,21.714518865705084,1.1493619079469335,10,0.3292626677394602,3.292626677394602,0.0,0.0,0.0,0.0,56.891585892926585,2.4907654723654105,True,False,True,False,True,6.335966107881305
2023-05-22 00:00:00+00:00,22.1064937307,22.1064937307,22.1064937307,22.1064937307,100,,,,,,21.717980852991406,"rgba(38, 166, 154, 1.0)",0.29144385142289597,21.717980852991406,1.3330625292377354,10,0.3295657449273205,3.2956574492732047,0.0,0.0,0.0,0.0,58.9589851577841,4.498049894710135,True,False,True,False,True,7.315917049811031
2023-05-23 00:00:00+00:00,21.9676774435,21.9676774435,21.9676774435,21.9676774435,100,,,,,,21.719429203441905,"rgba(38, 166, 154, 0.5)",0.2920737169709759,21.719429203441905,0.8499506310688181,10,0.33563221341005534,3.3563221341005534,0.0,0.0,0.0,0.0,56.909934035981145,4.498049894710135,True,False,True,False,True,4.545418168388782
2023-05-24 00:00:00+00:00,21.8548892102,21.8548892102,21.8548892102,21.8548892102,100,,,,,,21.719373520593987,#000000,0.2923557669564292,21.719373520593987,0.4635300716548184,10,0.3387391014843441,3.387391014843441,0.0,0.0,0.0,0.0,53.30588101014308,8.090882173856798,False,False,False,False,False,2.3860140276914628
2023-05-25 00:00:00+00:00,21.9329733717,21.9329733717,21.9329733717,21.9329733717,100,,,,,,21.720313622656363,"rgba(38, 166, 154, 0.5)",0.291288531118208,21.720313622656363,0.7300656439416715,10,0.3429150903142538,3.4291509031425385,0.0,0.0,0.0,0.0,52.489157941565544,7.372830502624623,False,False,False,False,False,3.752365076051408
2023-05-26 00:00:00+00:00,22.0574742292,22.0574742292,22.0574742292,22.0574742292,100,,,,,,21.722732551884185,"rgba(38, 166, 154, 1.0)",0.29354026431556457,21.722732551884185,1.140360345781926,10,0.3451815201774056,3.451815201774056,0.0,0.0,0.0,0.0,54.14078189545011,7.372830502624623,False,False,True,False,False,5.868774038362982
2023-05-30 00:00:00+00:00,22.0566066275,22.0566066275,22.0566066275,22.0566066275,0,,,,,,21.722732551884185,"rgba(38, 166, 154, 1.0)",0.29664327231579074,21.722732551884185,1.1255069869253234,10,0.34753334815674425,3.4753334815674424,0.0,0.0,0.0,0.0,55.22220741474278,7.372830502624623,False,False,True,False,True,5.851695910947161
2023-05-31 00:00:00+00:00,22.054437623,22.054437623,22.054437623,22.054437623,100,,,,,,21.72501222657639,"rgba(38, 166, 154, 1.0)",0.29954152528248695,21.72501222657639,1.0997653701367107,10,0.3551223035137059,3.551223035137059,0.0,0.0,0.0,0.0,55.88930820193708,7.372830502624623,False,False,True,False,True,5.808161908094025
2023-06-01 00:00:00+00:00,22.1672258563,22.1672258563,22.1672258563,22.1672258563,100,,,,,,21.728498943419236,"rgba(38, 166, 154, 1.0)",0.30355302715023064,21.728498943419236,1.445305675254013,10,0.35510604088573555,3.5510604088573556,0.0,0.0,0.0,0.0,58.31165781693346,3.426902447078035,True,False,True,False,True,7.730091913160425
2023-06-02 00:00:00+00:00,22.3251293829,22.3580982511,22.3251293829,22.3580982511,200,,,,,,21.73876126102553,"rgba(0, 255, 255, 0.75)",0.31097122428808693,21.73876126102553,1.8856025126339362,10,0.3516832519391044,3.516832519391044,0.0,0.0,0.0,0.0,62.08802374127047,7.017194608027431,True,False,True,False,True,10.297561499352856
2023-06-05 00:00:00+00:00,22.3109007135,22.3109007135,22.3109007135,22.3109007135,1,,,,,,21.73880765289892,"rgba(0, 255, 255, 0.75)",0.31709488563338356,21.73880765289892,1.8041699394121378,10,0.3477883842801154,3.4778838428011536,0.0,0.0,0.0,0.0,64.20758227146608,8.97176173427765,True,False,True,False,True,9.999266457555823
2023-06-06 00:00:00+00:00,22.3224398174,22.3224398174,22.3224398174,22.3224398174,1,,,,,,21.738855293897103,"rgba(0, 255, 255, 0.75)",0.3247814185349577,21.738855293897103,1.7968531763158193,10,0.3418075366428247,3.418075366428247,0.0,0.0,0.0,0.0,65.77907153220778,10.443155652139588,True,False,True,False,True,10.18683257310876
2023-06-07 00:00:00+00:00,22.2638766962,22.2638766962,22.2638766962,22.2638766962,1,,,,,,21.738896481299214,"rgba(0, 255, 255, 0.75)",0.3309524060922041,21.738896481299214,1.5862710324412193,10,0.33717887148463316,3.3717887148463315,0.0,0.0,0.0,0.0,65.04443289312456,10.443155652139588,True,False,True,False,True,8.932557934363203
2023-06-08 00:00:00+00:00,22.355148405,22.355148405,22.355148405,22.355148405,0,,,,,,21.738896481299214,"rgba(0, 255, 255, 0.75)",0.3372084543331219,21.738896481299214,1.8275103004742679,10,0.3309071508113233,3.309071508113233,0.0,0.0,0.0,0.0,65.97993687614348,10.743431123363777,True,False,True,False,True,10.444174015750605
2023-06-09 00:00:00+00:00,22.3617421787,22.3617421787,22.3617421787,22.3617421787,1,,,,,,21.73894840184243,"rgba(0, 255, 255, 0.75)",0.3423055749855801,21.73894840184243,1.8194088042060246,10,0.3251715147413134,3.251715147413134,0.0,0.0,0.0,0.0,66.70264914940071,11.608265299689926,True,False,True,False,True,10.552873966384595
2023-06-12 00:00:00+00:00,22.540294628,22.540294628,22.540294628,22.540294628,100,,,,,,21.745953440404396,"rgba(0, 255, 0, 1.0)",0.35300297861317687,21.745953440404396,2.2502393342863276,10,0.3185626704736912,3.185626704736912,0.0,0.0,0.0,0.0,69.47640274529948,14.39107919110917,True,False,True,False,True,13.418060905910615
2023-06-13 00:00:00+00:00,22.6357308255,22.6357308255,22.6357308255,22.6357308255,100,,,,,,21.75368291173785,"rgba(0, 255, 0, 1.0)",0.3629689120989117,21.75368291173785,2.430092176934938,10,0.31150834934942423,3.115083493494242,0.0,0.0,0.0,0.0,72.26322008738214,17.093212614190563,True,False,True,False,True,14.875931605030182
2023-06-14 00:00:00+00:00,22.6877869331,22.6877869331,22.6877869331,22.6877869331,111,,,,,,21.762506825934103,"rgba(0, 255, 0, 1.0)",0.37420031872839643,21.762506825934103,2.4726865821765562,10,0.3019338394688221,3.0193383946882206,0.0,0.0,0.0,0.0,74.58872537200257,19.309728833374848,True,False,True,False,True,15.657849969462838
2023-06-15 00:00:00+00:00,22.8749286403,22.8749286403,22.8749286403,22.8749286403,111,,,,,,21.77305277508614,"rgba(0, 255, 0, 1.0)",0.3911665235297536,21.77305277508614,2.8168971497634985,10,0.28816769014937405,2.8816769014937407,0.0,0.0,0.0,0.0,77.52445977042012,22.07177064033327,True,False,True,False,True,18.359997975745948
2023-06-16 00:00:00+00:00,22.8069954197,22.9307154357,22.8069954197,22.9307154357,468,,,,,,21.94156664051522,"rgba(0, 255, 0, 1.0)",0.40187291375124673,21.94156664051522,2.1534887014566735,10,0.27801983751578946,2.7801983751578945,0.0,0.0,0.0,0.0,77.42387440181761,22.07177064033327,True,False,True,False,True,16.81143744993803
2023-06-20 00:00:00+00:00,22.7434002082,22.7918991485,22.7434002082,22.7918991485,500,,,,,,21.963799380549098,"rgba(0, 255, 255, 0.75)",0.410536945344005,21.963799380549098,1.8989784877890703,10,0.2705604871938359,2.705604871938359,0.0,0.0,0.0,0.0,75.5336671375646,22.07177064033327,True,False,True,False,True,15.379404657163825
2023-06-21 00:00:00+00:00,22.6692202547,22.6692202547,22.6692202547,22.6692202547,78,,,,,,21.9660563848671,"rgba(0, 255, 255, 0.75)",0.41961559078613037,21.9660563848671,1.6757334219054019,10,0.26443921420373273,2.6443921420373275,0.0,0.0,0.0,0.0,72.28102978282425,22.07177064033327,True,False,True,False,False,13.732103444665906
2023-06-22 00:00:00+00:00,22.6792844356,22.6792844356,22.6792844356,22.6792844356,78,,,,,,21.96855962279443,"rgba(0, 255, 255, 0.75)",0.4282961541126299,21.96855962279443,1.6594237561579148,10,0.2586406982354382,2.586406982354382,0.0,0.0,0.0,0.0,70.25269543942062,25.882882079540536,True,False,True,False,False,13.886311776135866
2023-06-23 00:00:00+00:00,22.5845423196,22.5845423196,22.5845423196,22.5845423196,0,,,,,,21.96855962279443,"rgba(38, 166, 154, 1.0)",0.4311905655530973,21.96855962279443,1.42856255682551,9,0.2726691746505618,2.454022571855056,0.0,0.0,0.0,0.0,66.41116626121108,22.270790110811063,True,False,True,False,False,11.787985375453271
2023-06-26 00:00:00+00:00,22.5333538137,22.5333538137,22.5333538137,22.5333538137,1,,,,,,21.96856535069201,"rgba(38, 166, 154, 1.0)",0.43240261667282986,21.96856535069201,1.3061633792917746,9,0.2690506118913502,2.4214555070221517,0.0,0.0,0.0,0.0,62.62007552848131,18.792187672125493,True,False,True,False,False,10.672958790148979
2023-06-27 00:00:00+00:00,22.6890883358,22.6890883358,22.6890883358,22.6890883358,10,,,,,,21.968909160222402,"rgba(0, 255, 255, 0.75)",0.43100759598686983,21.968909160222402,1.6709199148303133,9,0.26367023391770017,2.3730321052593015,0.0,0.0,0.0,0.0,62.69672368161572,18.792187672125493,True,False,True,False,False,13.140248522227818
2023-06-28 00:00:00+00:00,22.6477904904,22.7311670229,22.6477904904,22.7311670229,1800,,,,,,22.02565761209261,"rgba(38, 166, 154, 1.0)",0.4234418348064542,22.02565761209261,1.4692286570875859,9,0.25943375468715363,2.3349037921843827,0.0,0.0,0.0,0.0,61.73724301990567,17.90444023631632,False,False,True,False,False,12.234863955035692
2023-06-29 00:00:00+00:00,22.7836569315,22.7836569315,22.7836569315,22.7836569315,82,,,,,,22.028845333786435,"rgba(0, 255, 255, 0.75)",0.4205152402228584,22.028845333786435,1.7949684708538556,9,0.25367653978183635,2.2830888580365274,0.0,0.0,0.0,0.0,63.088230462377425,17.90444023631632,True,False,True,False,False,14.32710754504799
2023-06-30 00:00:00+00:00,22.9085048297,22.9085048297,22.9085048297,22.9085048297,82,,,,,,22.032972157605094,"rgba(0, 255, 0, 1.0)",0.42327754222247815,22.032972157605094,2.0684600167960685,9,0.2469112604659246,2.2222013441933215,0.0,0.0,0.0,0.0,65.47822647173658,17.90444023631632,True,False,True,False,True,16.166036037314687
2023-07-03 00:00:00+00:00,22.9088518705,22.9088518705,22.9088518705,22.9088518705,0,,,,,,22.032972157605094,"rgba(0, 255, 0, 1.0)",0.4245050462117043,22.032972157605094,2.0632963511536166,8,0.25091590748194503,2.0073272598555603,0.0,0.0,0.0,0.0,67.07551471170208,17.90444023631632,True,False,True,False,True,16.171093516949867
2023-07-05 00:00:00+00:00,22.8741477987,22.8741477987,22.8741477987,22.8741477987,0,,,,,,22.032972157605094,"rgba(0, 255, 255, 0.75)",0.42890730399360566,22.032972157605094,1.9612061470220319,8,0.24543589559549694,1.9634871647639756,0.0,0.0,0.0,0.0,67.15509084778361,17.90444023631632,True,False,True,False,True,15.378329075705228
2023-07-06 00:00:00+00:00,22.7518159456,22.7518159456,22.7518159456,22.7518159456,0,,,,,,22.032972157605094,"rgba(0, 255, 255, 0.75)",0.42590840843928257,22.032972157605094,1.6877896133327561,8,0.24174278755957707,1.9339423004766165,0.0,0.0,0.0,0.0,64.06161991006475,17.90444023631632,True,False,True,False,False,12.637328210291095
2023-07-07 00:00:00+00:00,22.7172853942,22.7172853942,22.7172853942,22.7172853942,85,,,,,,22.035610023897632,"rgba(0, 255, 255, 0.75)",0.4243156847489106,22.035610023897632,1.6065288058011593,8,0.2385430077904897,1.9083440623239176,0.0,0.0,0.0,0.0,61.19437367446871,16.9721539016885,False,False,True,False,False,11.87841062659972
2023-07-10 00:00:00+00:00,22.7454824525,22.7454824525,22.7454824525,22.7454824525,10,,,,,,22.035944826365498,"rgba(0, 255, 255, 0.75)",0.42480257593159987,22.035944826365498,1.6702761855397712,8,0.23519245295273,1.88153962362184,0.0,0.0,0.0,0.0,59.81921088115973,15.586167010135043,False,False,True,False,False,12.33061538688709
2023-07-11 00:00:00+00:00,22.8489873466,22.8489873466,22.8489873466,22.8489873466,10,,,,,,22.036377474539098,"rgba(0, 255, 255, 0.75)",0.42206518559495504,22.036377474539098,1.9253184100352312,8,0.2312117232915748,1.8496937863325984,0.0,0.0,0.0,0.0,60.724117132790944,15.586167010135043,False,False,True,False,False,13.968349247146783
2023-07-12 00:00:00+00:00,22.9692369554,23.0543486914,22.939564974,23.0543486914,400,,,,,,22.05785285370485,"rgba(0, 255, 0, 1.0)",0.4216691853079809,22.05785285370485,2.1613723113997216,8,0.22649491292020335,1.8119593033616268,0.0,0.0,0.0,0.0,63.07479181731003,15.586167010135043,False,False,True,False,True,15.802307263332366
2023-07-13 00:00:00+00:00,23.1123044913,23.1123044913,23.1123044913,23.1123044913,75,,,,,,22.062474876472358,"rgba(0, 255, 0, 1.0)",0.4269163960976494,22.062474876472358,2.459098840953193,6,0.2450302254355483,1.4701813526132899,0.0,0.0,0.0,0.0,66.30438448285717,10.5612889438152,True,False,True,False,True,17.885882062611067
2023-07-14 00:00:00+00:00,23.0886189623,23.0886189623,23.0886189623,23.0886189623,1,,,,,,22.06253386119824,"rgba(0, 255, 0, 1.0)",0.43005690847064315,22.06253386119824,2.385928654769659,6,0.23989494843424627,1.4393696906054776,0.0,0.0,0.0,0.0,67.79254849821078,12.019498711646037,True,False,True,False,True,17.33685304211709
2023-07-17 00:00:00+00:00,23.2058319648,23.2058319648,23.2058319648,23.2058319648,4,,,,,,22.06281063856192,"rgba(0, 255, 0, 1.0)",0.43446061113978995,22.06281063856192,2.630897478230329,6,0.23504291161747023,1.4102574697048214,0.0,0.0,0.0,0.0,70.04987750620111,14.22827790226205,True,False,True,False,True,19.008088015822583
2023-07-18 00:00:00+00:00,23.3264286143,23.3992204049,23.3264286143,23.3992204049,200,,,,,,22.078758120547022,"rgba(0, 255, 0, 1.0)",0.44594645261188987,22.078758120547022,2.797803382996822,6,0.22983729382141127,1.3790237629284676,0.0,0.0,0.0,0.0,72.64110069554448,16.731561774981827,True,False,True,False,True,20.0
2023-07-19 00:00:00+00:00,23.3847314549,23.4252484587,23.3847314549,23.4252484587,1750,,,,,,22.19759733083738,"rgba(0, 255, 0, 1.0)",0.45873282370279056,22.19759733083738,2.587855201815153,6,0.2242304402285105,1.345382641371063,0.0,0.0,0.0,0.0,74.84014242332151,18.850434914471137,True,False,True,False,True,20.0
2023-07-20 00:00:00+00:00,23.2925053841,23.3471642972,23.2925053841,23.3471642972,1000,,,,,,22.245080981212926,"rgba(0, 255, 0, 1.0)",0.4704242855622058,22.245080981212926,2.2265525718666788,5,0.23101752166786746,1.1550876083393373,0.0,0.0,0.0,0.0,73.66727637375598,18.850434914471137,True,False,True,False,True,19.257190278147352
2023-07-21 00:00:00+00:00,23.2824412033,23.2824412033,23.2824412033,23.2824412033,1000,,,,,,22.284789917567245,"rgba(0, 255, 0, 1.0)",0.4820738258082139,22.284789917567245,2.0694989694994463,5,0.22775272295304524,1.1387636147652263,0.0,0.0,0.0,0.0,72.60362610702131,18.850434914471137,True,False,True,False,True,19.02004796806324
2023-07-24 00:00:00+00:00,23.3548859531,23.3548859531,23.3548859531,23.3548859531,18,,,,,,22.28553269535403,"rgba(0, 255, 0, 1.0)",0.49353930057464035,22.28553269535403,2.166703353716502,5,0.22412416780654582,1.120620839032729,0.0,0.0,0.0,0.0,72.73876698379611,18.850434914471137,True,False,True,False,True,20.0
2023-07-25 00:00:00+00:00,23.4003482872,23.4003482872,23.4003482872,23.4003482872,48,,,,,,22.28762633266461,"rgba(0, 255, 0, 1.0)",0.5053016797220725,22.28762633266461,2.2020943115554537,5,0.22117768670388055,1.1058884335194028,0.0,0.0,0.0,0.0,73.3318589918211,18.850434914471137,True,False,True,False,True,20.0
2023-07-26 00:00:00+00:00,23.4104992282,23.4382624856,23.4104992282,23.4382624856,391,,,,,,22.30463168527728,"rgba(0, 255, 0, 1.0)",0.5167509361271678,22.30463168527728,2.1400397476020747,5,0.21821925767361777,1.0910962883680888,0.0,0.0,0.0,0.0,73.8423086008943,18.850434914471137,True,False,True,False,True,20.0
2023-07-27 00:00:00+00:00,23.320962723,23.320962723,23.320962723,23.320962723,391,,,,,,22.31883850636755,"rgba(0, 255, 255, 0.75)",0.5243216860895459,22.31883850636755,1.911277452791273,4,0.20151250298964532,0.8060500119585813,0.0,0.0,0.0,0.0,71.28392083027127,18.850434914471137,True,False,True,False,False,18.609850307277313
2023-07-28 00:00:00+00:00,23.4982137696,23.4982137696,23.4982137696,23.4982137696,0,,,,,,22.31883850636755,"rgba(0, 255, 0, 1.0)",0.5358985314442059,22.31883850636755,2.2007435998268634,4,0.1978820206165362,0.7915280824661448,0.0,0.0,0.0,0.0,71.85509837620434,18.850434914471137,True,False,True,False,False,20.0
2023-07-31 00:00:00+00:00,23.5021179777,23.5021179777,23.5021179777,23.5021179777,0,,,,,,22.31883850636755,"rgba(0, 255, 0, 1.0)",0.5452602104650418,22.31883850636755,2.1701188691602034,4,0.1953282012510011,0.7813128050040044,0.0,0.0,0.0,0.0,72.279696387867,18.850434914471137,True,False,True,False,False,20.0
2023-08-01 00:00:00+00:00,23.5035061406,23.5035061406,23.5033326202,23.5033326202,1005,,,,,,22.488475209981363,"rgba(0, 255, 255, 0.75)",0.5562401357210152,22.488475209981363,1.8248070670105858,4,0.19307538344913383,0.7723015337965353,1.0,0.0,23.503506,249.0,72.57978165970799,18.850434914471137,True,False,True,False,False,20.0
2023-08-02 00:00:00+00:00,23.2918980628,23.3298122613,23.2918980628,23.3298122613,101,,,,,,22.48918919882073,"rgba(38, 166, 154, 1.0)",0.5609117073125824,22.48918919882073,1.4310788195617798,4,0.19330733977671494,0.7732293591068597,0.0,0.0,0.0,0.0,66.88559620833533,21.405849277804222,False,False,True,False,False,16.069978341909625
2023-08-03 00:00:00+00:00,23.2597100363,23.2777561536,23.20834801,23.20834801,200,,,,,,22.4900223477466,"rgba(38, 166, 154, 1.0)",0.5643596188574721,22.4900223477466,1.3638248783844746,4,0.19472705146324723,0.7789082058529889,0.0,0.0,0.0,0.0,62.37060525057864,17.262608972241907,False,True,True,False,False,15.32489275295406
2023-08-04 00:00:00+00:00,23.173036617,23.3471642972,23.173036617,23.3471642972,100,,,,,,22.490623477572456,"rgba(38, 166, 154, 1.0)",0.5659854033280993,22.490623477572456,1.2057080189963016,4,0.19628198845328107,0.7851279538131243,0.0,0.0,0.0,0.0,57.5253190874179,12.94336783887779,False,True,True,False,False,13.339030758540915
2023-08-07 00:00:00+00:00,23.2909437009,23.2909437009,23.2517280997,23.2517280997,105,,,,,,22.492043927750814,"rgba(38, 166, 154, 1.0)",0.569065448544729,22.492043927750814,1.4038803009253402,4,0.1968244663420395,0.787297865368158,0.0,0.0,0.0,0.0,56.621592365908654,12.329759371756971,False,True,True,False,False,15.165127871099862
2023-08-08 00:00:00+00:00,23.227174969,23.227174969,23.227174969,23.227174969,105,,,,,,22.493009235541926,"rgba(38, 166, 154, 1.0)",0.5700327182791037,22.493009235541926,1.2879361305338373,4,0.19793818194786883,0.7917527277914753,0.0,0.0,0.0,0.0,54.671987183183234,10.585532102977062,False,True,False,False,False,13.715177113565005
2023-08-09 00:00:00+00:00,23.0968611794,23.0968611794,23.0968611794,23.0968611794,0,,,,,,22.493009235541926,"rgba(38, 166, 154, 1.0)",0.5691008379755529,22.493009235541926,1.0610631781990363,4,0.19865023368765727,0.7946009347506291,0.0,0.0,0.0,0.0,50.9661108474039,7.166837209869456,False,True,False,False,False,10.836819275006764
2023-08-10 00:00:00+00:00,23.0717874875,23.0717874875,23.0717874875,23.0717874875,2,,,,,,22.49299498919234,"rgba(38, 166, 154, 1.0)",0.5669861798998596,22.49299498919234,1.0208229385941747,3,0.19713445262140375,0.5914033578642113,0.0,0.0,0.0,0.0,48.07142819930656,4.540567274233773,False,True,False,True,False,10.293488166624066
2023-08-11 00:00:00+00:00,23.0452388726,23.0452388726,23.0452388726,23.0452388726,2,,,,,,22.492975014512577,"rgba(38, 166, 154, 0.5)",0.561281899067957,22.492975014512577,0.9839331341425575,3,0.19849085086436083,0.5954725525930825,0.0,0.0,0.0,0.0,45.6778968614701,2.3531962905674106,False,True,False,True,False,9.714133730992657
2023-08-14 00:00:00+00:00,23.107792962,23.107792962,23.107792962,23.107792962,0,,,,,,22.492975014512577,"rgba(38, 166, 154, 1.0)",0.5536840726946549,22.492975014512577,1.110412919221686,2,0.220593637818977,0.441187275637954,0.0,0.0,0.0,0.0,45.63045731796821,2.267451970833875,False,True,False,True,False,10.763193341307243
2023-08-15 00:00:00+00:00,22.9595198153,22.9595198153,22.9595198153,22.9595198153,0,,,,,,22.492975014512577,"rgba(38, 166, 154, 0.5)",0.5484794657700967,22.492975014512577,0.8506148906274283,1,0.2843372212836832,0.2843372212836832,0.0,0.0,0.0,0.0,43.01781270152739,-0.33843376253290103,False,True,False,True,False,7.554683081629555
2023-08-16 00:00:00+00:00,22.8501152289,22.8501152289,22.8501152289,22.8501152289,2,,,,,,22.492912282999644,"rgba(38, 166, 154, 0.5)",0.5443717542910339,22.492912282999644,0.6561746510260439,1,0.28850845443071554,0.28850845443071554,0.0,0.0,0.0,0.0,39.748259402006894,-3.5153793276235916,False,True,False,True,False,5.2930234355742165
2023-08-17 00:00:00+00:00,22.7325551858,22.7325551858,22.7325551858,22.7325551858,2,,,,,,22.492823929015564,#000000,0.5400602010202611,22.492823929015564,0.4438972846574204,1,0.2924280440741411,0.2924280440741411,0.0,0.0,0.0,0.0,36.18067200677038,-6.908477992968848,False,True,False,True,False,2.951449568464497
2023-08-18 00:00:00+00:00,22.7106916205,22.7106916205,22.7106916205,22.7106916205,1,,,,,,22.49277743923986,#000000,0.5325926116759738,22.49277743923986,0.40915734931884334,1,0.29676909150357045,0.29676909150357045,0.0,0.0,0.0,0.0,33.56016093622419,-9.381408467441169,False,True,False,True,False,2.522414773783055
2023-08-21 00:00:00+00:00,22.7768028773,22.7768028773,22.7768028773,22.7768028773,0,,,,,,22.49277743923986,"rgba(38, 166, 154, 0.5)",0.5233488602644036,22.49277743923986,0.5427076652400598,1,0.30164203112510884,0.30164203112510884,0.0,0.0,0.0,0.0,33.648003592096806,-9.381408467441169,False,True,False,True,False,3.732697935443923
2023-08-22 00:00:00+00:00,22.6617588793,22.7311670229,22.6617588793,22.7032302451,2553,,,,,,22.470191462909664,#000000,0.5120144057305317,22.470191462909664,0.3741445831333793,0,,,0.0,0.0,0.0,0.0,32.26166336421304,-10.904213154011586,False,True,False,True,False,1.4653892265609763
2023-08-23 00:00:00+00:00,22.8800474909,22.8800474909,22.8800474909,22.8800474909,2553,,,,,,22.49564892179958,"rgba(38, 166, 154, 0.5)",0.50536429067737,22.49564892179958,0.7606365866990461,0,,,0.0,0.0,0.0,0.0,36.29754955933234,-10.904213154011586,False,True,False,True,True,5.348900210682746
2023-08-24 00:00:00+00:00,22.6797182365,22.6797182365,22.6797182365,22.6797182365,0,,,,,,22.49564892179958,#000000,0.49732345044413023,22.49564892179958,0.37011991800514954,0,,,0.0,0.0,0.0,0.0,36.39068480084809,-10.904213154011586,False,True,False,True,True,1.5624206558979026
2023-08-25 00:00:00+00:00,22.751989466,22.751989466,22.751989466,22.751989466,12,,,,,,22.495650726665332,"rgba(38, 166, 154, 0.5)",0.4878108802470641,22.495650726665332,0.5254879497661885,0,,,0.0,0.0,0.0,0.0,37.830194667036594,-10.904213154011586,False,True,False,True,True,2.8146949575973856
2023-08-28 00:00:00+00:00,22.8400510481,22.8526312742,22.8400510481,22.8526312742,123,,,,,,22.496379112770363,"rgba(38, 166, 154, 0.5)",0.47959959186217727,22.496379112770363,0.7165809587018985,0,,,0.0,0.0,0.0,0.0,40.37716971322325,-16.10075786016003,False,True,False,True,True,4.313389876820455
2023-08-29 00:00:00+00:00,23.063805551,23.063805551,23.063805551,23.063805551,1,,,,,,22.496398582453306,"rgba(38, 166, 154, 1.0)",0.4724686215721886,22.496398582453306,1.2009410628341615,0,,,0.0,0.0,0.0,0.0,45.40731650179201,-11.248513685418672,False,True,False,True,True,7.924080659690517
2023-08-30 00:00:00+00:00,23.1120442108,23.1120442108,23.0695317228,23.0695317228,1802,,,,,,22.53035504524887,"rgba(38, 166, 154, 1.0)",0.4632969395465817,22.53035504524887,1.2555428622524796,0,,,0.0,0.0,0.0,0.0,49.37920525993721,-7.546274967076528,False,True,False,False,True,8.66943742358562
2023-08-31 00:00:00+00:00,23.1195923464,23.1195923464,23.1195923464,23.1195923464,1802,,,,,,22.55941966385148,"rgba(38, 166, 154, 1.0)",0.45413134932938776,22.55941966385148,1.2335036622680309,0,,,0.0,0.0,0.0,0.0,52.128419987135196,-5.021043988480109,False,True,True,False,True,8.78691629399955
2023-09-01 00:00:00+00:00,23.123756835,23.123756835,23.123756835,23.123756835,0,,,,,,22.55941966385148,"rgba(38, 166, 154, 1.0)",0.4424557582549409,22.55941966385148,1.2754657626658146,0,,,0.0,0.0,0.0,0.0,54.022001387700676,-3.2422090862790824,False,True,True,False,True,8.852872092358478
2023-09-05 00:00:00+00:00,23.0484489992,23.0484489992,23.0484489992,23.0484489992,1,,,,,,22.603887333415535,"rgba(38, 166, 154, 1.0)",0.4321851882051477,22.603887333415535,1.0286369776593165,0,,,0.0,0.0,0.0,0.0,53.765194205374264,-3.2422090862790824,False,True,True,False,True,7.3394175833614845
2023-09-06 00:00:00+00:00,22.9101532731,22.9101532731,22.9101532731,22.9101532731,1,,,,,,22.5976059439345,"rgba(38, 166, 154, 0.5)",0.42329610976879384,22.5976059439345,0.7383657018161949,0,,,0.0,0.0,0.0,0.0,51.155444774306304,-3.2422090862790824,False,True,False,False,True,4.645674695324811
2023-09-07 00:00:00+00:00,22.8673805047,22.8673805047,22.8673805047,22.8673805047,0,,,,,,22.5976059439345,"rgba(38, 166, 154, 0.5)",0.4136629628527219,22.5976059439345,0.6521602971295026,0,,,0.0,0.0,0.0,0.0,48.731914078671295,-3.2422090862790824,False,True,False,False,False,3.8317540479052816
2023-09-08 00:00:00+00:00,22.8859471831,22.8859471831,22.8859471831,22.8859471831,0,,,,,,22.5976059439345,"rgba(38, 166, 154, 0.5)",0.40500074462830904,22.5976059439345,0.7119523679644761,0,,,0.0,0.0,0.0,0.0,47.5066983093072,-3.2422090862790824,False,True,False,False,False,4.1524441246282855
2023-09-11 00:00:00+00:00,22.9891917966,22.9891917966,22.9891917966,22.9891917966,0,,,,,,22.5976059439345,"rgba(38, 166, 154, 0.5)",0.3923128553810706,22.5976059439345,0.9981468802115486,0,,,0.0,0.0,0.0,0.0,48.76367153448487,-3.2422090862790824,False,True,False,False,False,5.918752559607022
2023-09-12 00:00:00+00:00,22.913970721,22.913970721,22.913970721,22.913970721,0,,,,,,22.5976059439345,"rgba(38, 166, 154, 0.5)",0.374610881511889,22.5976059439345,0.844515716651594,0,,,0.0,0.0,0.0,0.0,48.17960648453017,-3.2422090862790824,False,True,False,False,False,4.4462331046213635
2023-09-13 00:00:00+00:00,22.9297610737,22.9297610737,22.9297610737,22.9297610737,11,,,,,,22.593856591865762,"rgba(38, 166, 154, 0.5)",0.35840066641350127,22.593856591865762,0.9372317445601261,0,,,0.0,0.0,0.0,0.0,48.123156630898336,-3.2422090862790824,False,True,False,False,False,4.720181467608047
2023-09-14 00:00:00+00:00,23.0480151983,23.0480151983,23.0480151983,23.0480151983,1,,,,,,22.59458541800348,"rgba(38, 166, 154, 1.0)",0.3457426497956715,22.59458541800348,1.3114661455984402,0,,,0.0,0.0,0.0,0.0,50.41477243875748,-3.2422090862790824,False,True,False,False,False,6.745431375215361
2023-09-15 00:00:00+00:00,22.8538459167,22.8538459167,22.8538459167,22.8538459167,1,,,,,,22.594033711142576,"rgba(38, 166, 154, 0.5)",0.3316718927178229,22.594033711142576,0.7833410405338888,0,,,0.0,0.0,0.0,0.0,48.3614285304008,-3.2422090862790824,False,True,False,False,False,2.9803751973437294
2023-09-18 00:00:00+00:00,22.8561016813,22.8561016813,22.8561016813,22.8561016813,0,,,,,,22.594033711142576,"rgba(38, 166, 154, 0.5)",0.31653055883067116,22.594033711142576,0.8279389235767868,0,,,0.0,0.0,0.0,0.0,47.03880255335713,-3.2422090862790824,False,True,False,True,False,3.0196766806030944
2023-09-19 00:00:00+00:00,22.8272105416,22.8272105416,22.8272105416,22.8272105416,3,,,,,,22.592341200227448,"rgba(38, 166, 154, 0.5)",0.30444366318674737,22.592341200227448,0.7714706192734293,0,,,0.0,0.0,0.0,0.0,45.655518120671985,1.1491298255049855,False,True,False,True,False,2.4671913910344436
2023-09-20 00:00:00+00:00,22.6737317841,22.6737317841,22.6737317841,22.6737317841,2,,,,,,22.59008779017129,#000000,0.29779014481644633,22.59008779017129,0.2808823441093638,0,,,0.0,0.0,0.0,0.0,42.36998656165594,-2.1196610704287053,False,True,False,True,False,0.0
2023-09-21 00:00:00+00:00,22.4248168292,22.4248168292,22.4248168292,22.4248168292,2,,,,,,22.586164754831334,"rgba(239, 83, 80, 0.5)",0.29488132358267366,22.586164754831334,-0.5471622402905306,0,,,0.0,0.0,0.0,0.0,37.461910098172226,-6.760171045034795,False,True,False,True,False,0.0
2023-09-22 00:00:00+00:00,22.3997431373,22.3997431373,22.3997431373,22.3997431373,5,,,,,,22.578453075866502,"rgba(239, 83, 80, 0.5)",0.2928622637325856,22.578453075866502,-0.6102183882921955,1,0.3325522134718357,0.3325522134718357,0.0,0.0,0.0,0.0,33.96302948268629,-9.942165960198352,False,True,False,True,False,0.0
2023-09-25 00:00:00+00:00,22.4411277429,22.4411277429,22.4411277429,22.4411277429,3,,,,,,22.575428375122513,#000000,0.28809379251124073,22.575428375122513,-0.4661698228616714,1,0.33698970589637756,0.33698970589637756,0.0,0.0,0.0,0.0,32.67186436550428,-11.074974596755645,False,True,False,True,False,0.0
2023-09-26 00:00:00+00:00,22.268127945,22.268127945,22.268127945,22.268127945,2,,,,,,22.572725359509832,"rgba(239, 83, 80, 1.0)",0.2906124684275927,22.572725359509832,-1.0481223195890639,1,0.34169964707223455,0.34169964707223455,0.0,0.0,0.0,0.0,30.162451987589858,-13.438998416013916,False,True,False,True,False,0.0
2023-09-27 00:00:00+00:00,22.2509494295,22.2509494295,22.2509494295,22.2509494295,2,,,,,,22.57024202889438,"rgba(239, 83, 80, 1.0)",0.29380820193138757,22.57024202889438,-1.086738209809895,1,0.3474597160627022,0.3474597160627022,0.0,0.0,0.0,0.0,28.341687515118878,-15.184805727723216,False,True,False,True,False,0.0
2023-09-28 00:00:00+00:00,22.3421343781,22.3421343781,22.3421343781,22.3421343781,2,,,,,,22.568497702953483,"rgba(239, 83, 80, 0.5)",0.29821189866030134,22.568497702953483,-0.7590687221750947,1,0.3511094591830519,0.3511094591830519,0.0,0.0,0.0,0.0,29.47136761665825,-15.184805727723216,False,True,False,True,False,0.0
2023-09-29 00:00:00+00:00,22.3031790575,22.3031790575,22.3031790575,22.3031790575,0,,,,,,22.568497702953483,"rgba(239, 83, 80, 0.5)",0.30499164145537067,22.568497702953483,-0.8699210384501874,1,0.3550099914207704,0.3550099914207704,0.0,0.0,0.0,0.0,29.7799154193632,-15.184805727723216,False,True,False,True,False,0.0
2023-10-02 00:00:00+00:00,22.282616895,22.282616895,22.282616895,22.282616895,0,,,,,,22.568497702953483,"rgba(239, 83, 80, 0.5)",0.3126918566708382,22.568497702953483,-0.9142572851023141,1,0.35965760525882257,0.35965760525882257,0.0,0.0,0.0,0.0,29.7442256495594,-15.184805727723216,False,True,False,True,False,0.0
2023-10-03 00:00:00+00:00,22.0799451157,22.0799451157,22.0799451157,22.0799451157,3,,,,,,22.52397732444471,"rgba(239, 83, 80, 1.0)",0.327266631032103,22.52397732444471,-1.3567903557547702,1,0.36142000142561814,0.36142000142561814,0.0,0.0,0.0,0.0,27.69005091547833,-16.538718168010448,False,True,False,True,False,0.0
2023-10-04 00:00:00+00:00,22.2069620185,22.2069620185,22.2069620185,22.2069620185,3,,,,,,22.52676490681922,"rgba(239, 83, 80, 0.5)",0.3369176685104638,22.52676490681922,-0.9492018917651031,1,0.36448875916390927,0.36448875916390927,0.0,0.0,0.0,0.0,29.478479096502728,-16.538718168010448,False,True,False,True,False,0.0
2023-10-05 00:00:00+00:00,22.1831897293,22.1831897293,22.1831897293,22.1831897293,0,,,,,,22.52676490681922,"rgba(239, 83, 80, 0.5)",0.34647143443264894,22.52676490681922,-0.9916407050463729,1,0.3686382672684487,0.3686382672684487,0.0,0.0,0.0,0.0,30.396546160757744,-16.538718168010448,False,True,False,True,True,0.0
2023-10-06 00:00:00+00:00,22.3399653736,22.3399653736,22.3399653736,22.3399653736,0,,,,,,22.52676490681922,"rgba(239, 83, 80, 0.5)",0.3513679951570885,22.52676490681922,-0.5316350259382859,1,0.3739795501296832,0.3739795501296832,0.0,0.0,0.0,0.0,34.46316415554928,-21.036244098723657,False,True,False,True,True,0.0
2023-10-09 00:00:00+00:00,22.4521462857,22.4521462857,22.4521462857,22.4521462857,0,,,,,,22.52676490681922,#000000,0.35414505184140027,22.52676490681922,-0.21070073048101798,1,0.3815941340641263,0.3815941340641263,0.0,0.0,0.0,0.0,39.2300563734335,-16.5558859318946,False,True,False,True,True,0.0
2023-10-10 00:00:00+00:00,22.5107094068,22.5107094068,22.5107094068,22.5107094068,7,,,,,,22.542257099565614,#000000,0.3550882701234169,22.542257099565614,-0.08884464911963608,1,0.3880433976163763,0.3880433976163763,0.0,0.0,0.0,0.0,43.40045710756128,-12.771279952584443,False,False,False,True,True,0.0
2023-10-11 00:00:00+00:00,22.5757795414,22.5757795414,22.5757795414,22.5757795414,7,,,,,,22.551092156885883,#000000,0.3545581485640933,22.551092156885883,0.06962859156980832,1,0.3932772584049112,0.3932772584049112,0.0,0.0,0.0,0.0,47.24748831362861,-9.341310563975362,False,False,False,False,True,0.0
2023-10-12 00:00:00+00:00,22.4706262039,22.4706262039,22.4706262039,22.4706262039,60,,,,,,22.541707046149995,#000000,0.3570607526114255,22.541707046149995,-0.19907212352556933,1,0.39829569192122294,0.39829569192122294,0.0,0.0,0.0,0.0,47.88095755357405,-8.86723449843793,True,False,False,False,True,0.0
2023-10-13 00:00:00+00:00,22.4241227477,22.4241227477,22.4241227477,22.4241227477,60,,,,,,22.535164020009624,#000000,0.35994899930730556,22.535164020009624,-0.30849168221974327,2,0.2896818790122886,0.5793637580245772,0.0,0.0,0.0,0.0,47.50387048184811,-8.86723449843793,True,False,False,False,True,0.0
2023-10-16 00:00:00+00:00,22.5721356139,22.5721356139,22.5721356139,22.5721356139,0,,,,,,22.535164020009624,#000000,0.36151583099848017,22.535164020009624,0.10226825693431377,2,0.29524639624295895,0.5904927924859179,0.0,0.0,0.0,0.0,49.84242649419102,-6.837635192745793,True,False,False,False,True,0.0
2023-10-17 00:00:00+00:00,22.5460207999,22.5460207999,22.5460207999,22.5460207999,2,,,,,,22.535417032802965,#000000,0.36346906211832974,22.535417032802965,0.029173781766279605,2,0.3031065210049068,0.6062130420098136,0.0,0.0,0.0,0.0,50.90099904464415,-5.665890437869351,True,False,True,False,True,0.0
2023-10-18 00:00:00+00:00,22.344476903,22.344476903,22.344476903,22.344476903,5,,,,,,22.534453431273725,"rgba(239, 83, 80, 0.5)",0.36844909292033956,22.534453431273725,-0.5156113338968071,2,0.3087025773350429,0.6174051546700858,0.0,0.0,0.0,0.0,48.2579732749105,-5.665890437869351,True,False,False,False,True,0.0
2023-10-19 00:00:00+00:00,22.2281315023,22.2281315023,22.2281315023,22.2281315023,5,,,,,,22.53267212797207,"rgba(239, 83, 80, 0.5)",0.3756391210390886,22.53267212797207,-0.8107265953281303,3,0.3769331585549593,1.1307994756648778,0.0,0.0,0.0,0.0,44.957551427040954,-5.665890437869351,True,False,False,True,False,0.0
2023-10-20 00:00:00+00:00,22.0677986906,22.0677986906,22.0677986906,22.0677986906,0,,,,,,22.53267212797207,"rgba(239, 83, 80, 1.0)",0.3862879154095316,22.53267212797207,-1.2034376920106968,3,0.3771518971313416,1.1314556913940248,0.0,0.0,0.0,0.0,40.96713681254289,-2.246386108979962,False,False,False,True,False,0.0
2023-10-23 00:00:00+00:00,22.0157425829,22.0157425829,22.0157425829,22.0157425829,0,,,,,,22.53267212797207,"rgba(239, 83, 80, 1.0)",0.39772549386600464,22.53267212797207,-1.2997143835245977,3,0.3763688940339674,1.1291066821019022,0.0,0.0,0.0,0.0,37.78322540403293,-5.218145836191489,False,True,False,True,False,0.0
2023-10-24 00:00:00+00:00,22.1156903097,22.1156903097,22.1156903097,22.1156903097,0,,,,,,22.53267212797207,"rgba(239, 83, 80, 1.0)",0.40619450951494696,22.53267212797207,-1.0265570028753095,3,0.3754819864374115,1.1264459593122345,0.0,0.0,0.0,0.0,37.74988501843106,-5.295786654307513,False,True,False,True,False,0.0
2023-10-25 00:00:00+00:00,21.9065982771,21.9065982771,21.9065982771,21.9065982771,0,,,,,,22.53267212797207,"rgba(239, 83, 80, 1.0)",0.4198326284454388,22.53267212797207,-1.4912462930532697,3,0.36825632413697923,1.1047689724109377,0.0,0.0,0.0,0.0,35.54503731961056,-7.5408370210072775,False,True,False,True,False,0.0
2023-10-26 00:00:00+00:00,21.7253562622,21.7253562622,21.7253562622,21.7253562622,0,,,,,,22.53267212797207,"rgba(255, 0, 0, 1.0)",0.4377947098613258,22.53267212797207,-1.8440512130166995,3,0.35754224743832763,1.072626742314983,0.0,0.0,0.0,0.0,32.60004570275959,-10.460390235241888,False,True,False,True,False,0.0
2023-10-27 00:00:00+00:00,21.650829268,21.650829268,21.650829268,21.650829268,5,21.650829268,,,,,22.46422131604113,"rgba(255, 0, 0, 1.0)",0.4557386493287171,22.46422131604113,-1.7847774140710275,3,0.3459766021115925,1.0379298063347775,0.0,0.0,0.0,0.0,30.09890819812062,-12.928199725510652,False,True,False,True,False,0.0
2023-10-30 00:00:00+00:00,21.8199248578,21.8199248578,21.8199248578,21.8199248578,0,21.650829268,,,,,22.46422131604113,"rgba(239, 83, 80, 1.0)",0.4674389625200802,22.46422131604113,-1.3783542021562902,3,0.33945733273386125,1.0183719982015838,0.0,0.0,0.0,0.0,31.70249177450027,-12.928199725510652,False,True,False,True,False,0.0
2023-10-31 00:00:00+00:00,21.8878580784,21.8878580784,21.8878580784,21.8878580784,0,21.650829268,,,,,22.46422131604113,"rgba(239, 83, 80, 1.0)",0.47519302304211203,22.46422131604113,-1.2129034091269706,3,0.33372062190330837,1.001161865709925,0.0,0.0,0.0,0.0,33.95894672234908,-12.928199725510652,False,True,False,True,True,0.0
2023-11-01 00:00:00+00:00,22.0383869898,22.0383869898,22.0197335512,22.0197335512,192,22.022490499041623,,,,,22.44057915131524,"rgba(239, 83, 80, 0.5)",0.47710337492868,22.44057915131524,-0.8429874585887458,3,0.33040628835816976,0.9912188650745093,0.0,0.0,0.0,0.0,37.87706534116394,-19.14231630929067,False,True,False,True,True,0.0
2023-11-02 00:00:00+00:00,22.291813474,22.291813474,22.291813474,22.291813474,5,22.029156909312874,,,,,22.441212418005016,#000000,0.473390341800055,22.441212418005016,-0.315593561619632,3,0.3289068656950364,0.9867205970851092,0.0,0.0,0.0,0.0,43.727432543641825,-13.663433101500061,True,False,False,True,True,0.0
2023-11-03 00:00:00+00:00,22.4352280507,22.4352280507,22.4352280507,22.4352280507,5,22.038965390988892,,,,,22.442506595783538,#000000,0.46950599384026,22.442506595783538,-0.015502560518989345,3,0.3281500597945377,0.9844501793836131,0.0,0.0,0.0,0.0,49.11685647328416,-8.775801005495694,True,False,False,False,True,0.0
2023-11-06 00:00:00+00:00,22.4331458064,22.4331458064,22.4331458064,22.4331458064,1,22.040860489139906,,,,,22.442757262449962,#000000,0.4654951081377723,22.442757262449962,-0.020647813224965,3,0.3273203650408569,0.9819610951225706,0.0,0.0,0.0,0.0,52.67789636780694,-5.640740501132292,True,False,True,False,True,0.0
2023-11-07 00:00:00+00:00,22.4902340045,22.4902340045,22.4902340045,22.4902340045,1,22.04301060165359,,,,,22.443060532679844,#000000,0.45944222380287536,22.443060532679844,0.10267552561820086,3,0.32693369540632,0.98080108621896,0.0,0.0,0.0,0.0,55.668109412838945,-2.9644576511042118,True,False,True,False,True,0.37791239494543305
2023-11-08 00:00:00+00:00,22.50741252,22.50741252,22.50741252,22.50741252,4,22.051731764439438,,,,,22.44431544370079,#000000,0.4519588895986077,22.44431544370079,0.13960799920374478,4,0.2722362078635634,1.0889448314542536,0.0,0.0,0.0,0.0,57.853248196900964,-0.9396273160238877,True,False,True,False,True,0.6484838095252563
2023-11-09 00:00:00+00:00,22.3835189837,22.3835189837,22.3835189837,22.3835189837,4,22.05784765788203,,,,,22.44507169834696,#000000,0.4445738903418714,22.44507169834696,-0.1384532829843601,4,0.27134252284027444,1.0853700913610977,0.0,0.0,0.0,0.0,57.10525342409799,-0.9396273160238877,True,False,True,False,True,0.0
2023-11-10 00:00:00+00:00,22.6070132061,22.6070132061,22.6070132061,22.6070132061,0,22.05784765788203,,,,,22.44507169834696,#000000,0.43763771847117916,22.44507169834696,0.3700355360565274,5,0.24545244815156977,1.2272622407578488,0.0,0.0,0.0,0.0,59.184035069564544,0.5798215157086091,True,False,True,False,True,2.166802770098613
2023-11-13 00:00:00+00:00,22.5900949711,22.6140407806,22.5900949711,22.6140407806,120,22.250214156297922,,,,,22.477555083234442,#000000,0.42604038020877916,22.477555083234442,0.26415310166235684,6,0.2667874523519779,1.6007247141118675,0.0,0.0,0.0,0.0,60.26802395008589,1.8944794955781035,True,False,True,False,True,1.8956120635891054
2023-11-14 00:00:00+00:00,22.9125825582,22.9125825582,22.9125825582,22.9125825582,2,22.254121934480235,,,,,22.47835755437544,"rgba(38, 166, 154, 1.0)",0.41502843314607907,22.47835755437544,1.0462536278128345,6,0.26670252436435377,1.6002151461861227,0.0,0.0,0.0,0.0,63.878559381143184,5.596922305664272,True,False,True,False,True,6.573002808322947
2023-11-15 00:00:00+00:00,22.9446838246,22.9446838246,22.9446838246,22.9446838246,2,22.258172150844572,,,,,22.479195595790916,"rgba(38, 166, 154, 1.0)",0.4038573774790958,22.479195595790916,1.1526054859135928,6,0.26667430240615064,1.6000458144369039,0.0,0.0,0.0,0.0,66.52287360424145,8.314747053259936,True,False,True,False,True,7.014835095599906
2023-11-16 00:00:00+00:00,22.9654195075,22.9654195075,22.9654195075,22.9654195075,0,22.258172150844572,,,,,22.479195595790916,"rgba(38, 166, 154, 1.0)",0.39817887190888324,22.479195595790916,1.2211193159951157,6,0.2663196498656375,1.597917899193825,0.0,0.0,0.0,0.0,68.44737257006949,10.357923595919416,True,False,True,False,True,7.302952700037402
2023-11-17 00:00:00+00:00,22.9926622038,22.9926622038,22.9926622038,22.9926622038,1,22.26031978257836,,,,,22.479643774974555,"rgba(38, 166, 154, 1.0)",0.39345951721834643,22.479643774974555,1.3038658524575704,6,0.265928748546195,1.5955724912771703,0.0,0.0,0.0,0.0,69.95436150185955,12.046452016586315,True,False,True,False,True,7.685399107327317
2023-11-20 00:00:00+00:00,23.1158616587,23.1158616587,23.1158616587,23.1158616587,1,22.26281407376239,,,,,22.480172008182382,"rgba(0, 255, 255, 0.75)",0.3924015133869741,22.480172008182382,1.6199979582920687,6,0.26496172475749485,1.589770348544969,0.0,0.0,0.0,0.0,71.92917641200127,14.202432259416057,True,False,True,False,True,9.395674146795319
2023-11-21 00:00:00+00:00,23.0854955959,23.0854955959,23.0854955959,23.0854955959,1,22.265205589815118,,,,,22.480677660642492,"rgba(0, 255, 255, 0.75)",0.3882506106395068,22.480677660642492,1.5578029208023192,6,0.2643401231160876,1.5860407386965258,0.0,0.0,0.0,0.0,72.52831337163892,15.092082179911287,True,False,True,False,True,8.859798377416944
2023-11-22 00:00:00+00:00,23.148396726,23.148396726,23.148396726,23.148396726,1,22.2677655641229,,,,,22.481222762618454,"rgba(0, 255, 255, 0.75)",0.3866431215193395,22.481222762618454,1.725554978864859,6,0.26340779178639134,1.5804467507183482,0.0,0.0,0.0,0.0,73.45938759383391,16.353873972844667,True,False,True,False,True,9.735716266405998
2023-11-24 00:00:00+00:00,23.1444925179,23.1444925179,23.1444925179,23.1444925179,1,22.270299457052893,,,,,22.48176283030787,"rgba(0, 255, 255, 0.75)",0.38750473642576994,22.48176283030787,1.7102492570928485,6,0.26244815463106935,1.5746889277864162,0.0,0.0,0.0,0.0,73.97647051199641,17.254907005867224,True,False,True,False,True,9.66470149435061
2023-11-27 00:00:00+00:00,23.1346886176,23.1346886176,23.1346886176,23.1346886176,0,22.270299457052893,,,,,22.48176283030787,"rgba(0, 255, 255, 0.75)",0.38859988833468045,22.48176283030787,1.6802006559759985,6,0.2614653248187885,1.5687919489127309,0.0,0.0,0.0,0.0,74.03932965796037,17.765870011268348,True,False,True,False,True,9.483278302789575
2023-11-28 00:00:00+00:00,23.1715616939,23.1715616939,23.1715616939,23.1715616939,0,22.270299457052893,,,,,22.48176283030787,"rgba(0, 255, 255, 0.75)",0.390807023801749,22.48176283030787,1.765062605277167,6,0.26033169083779695,1.5619901450267817,0.0,0.0,0.0,0.0,74.46496886188511,18.641485285216632,True,False,True,False,True,10.017682703599537
2023-11-29 00:00:00+00:00,23.1673104451,23.1673104451,23.1673104451,23.1673104451,0,22.270299457052893,,,,,22.48176283030787,"rgba(0, 255, 255, 0.75)",0.3918999041425244,22.48176283030787,1.7492926319849638,6,0.2592498713409444,1.5554992280456665,0.0,0.0,0.0,0.0,74.60764921497866,19.246522423531744,True,False,True,False,True,9.936176315490147
2023-11-30 00:00:00+00:00,23.2191930324,23.2191930324,23.2191930324,23.2191930324,0,22.270299457052893,,,,,22.48176283030787,"rgba(0, 255, 255, 0.75)",0.3961874131533269,22.48176283030787,1.8613165830352651,6,0.2579560439159387,1.547736263495632,0.0,0.0,0.0,0.0,75.28982731855115,20.34185364130613,True,False,True,False,True,10.70379712209079
2023-12-01 00:00:00+00:00,23.3464702157,23.3464702157,23.3464702157,23.3464702157,0,22.270299457052893,,,,,22.48176283030787,"rgba(0, 255, 0, 1.0)",0.40432094339415453,22.48176283030787,2.1386658285202036,6,0.2560798332123157,1.536478999273894,0.0,0.0,0.0,0.0,76.98320664395624,22.318473621046707,True,False,True,False,True,12.548196613101148
2023-12-04 00:00:00+00:00,23.248951774,23.2664773303,23.248951774,23.2664773303,2500,23.13510459500713,,,,,22.742338083109665,"rgba(38, 166, 154, 1.0)",0.4106752497757771,22.742338083109665,1.233611451303523,6,0.2553754178180018,1.5322525069080108,0.0,0.0,0.0,0.0,74.94347461241836,22.318473621046707,True,False,True,False,False,10.627784239177124
2023-12-05 00:00:00+00:00,23.2519016201,23.2519016201,23.2519016201,23.2519016201,2500,23.189723480665972,,,,,22.788466766345326,"rgba(38, 166, 154, 1.0)",0.4169415773986153,22.788466766345326,1.1115102903532417,6,0.2545654680708687,1.5273928084252124,0.0,0.0,0.0,0.0,73.62172562948066,22.318473621046707,True,False,True,False,False,10.671339270542386
2023-12-06 00:00:00+00:00,23.2061790055,23.2061790055,23.2061790055,23.2061790055,0,23.189723480665972,,,,,22.788466766345326,"rgba(38, 166, 154, 0.5)",0.4218980537644536,22.788466766345326,0.9900786112369317,6,0.25456360343292916,1.527381620597575,0.0,0.0,0.0,0.0,71.25827684424674,25.632393678138925,True,False,True,False,False,9.76423307643531
2023-12-07 00:00:00+00:00,23.3376206774,23.3376206774,23.3376206774,23.3376206774,0,23.189723480665972,,,,,22.788466766345326,"rgba(38, 166, 154, 1.0)",0.4296016434268639,22.788466766345326,1.2782863367890323,6,0.2544858996996237,1.5269153981977421,0.0,0.0,0.0,0.0,71.52740138857955,25.632393678138925,True,False,True,False,False,11.729404499695477
2023-12-08 00:00:00+00:00,23.3868136992,23.3868136992,23.3868136992,23.3868136992,0,23.189723480665972,,,,,22.788466766345326,"rgba(38, 166, 154, 1.0)",0.43726398535238636,22.788466766345326,1.3683883258130058,6,0.25447005666446615,1.5268203399867968,0.0,0.0,0.0,0.0,72.30029136510151,25.632393678138925,True,False,True,False,False,12.449007922833243
2023-12-11 00:00:00+00:00,23.4344450377,23.4344450377,23.4344450377,23.4344450377,0,23.189723480665972,,,,,22.788466766345326,"rgba(38, 166, 154, 1.0)",0.4465009930696123,22.788466766345326,1.4467566284986138,6,0.25343726730696087,1.520623603841765,0.0,0.0,0.0,0.0,73.3697401731103,25.632393678138925,True,False,True,False,False,13.144089395377428
2023-12-12 00:00:00+00:00,23.5092323124,23.5092323124,23.5092323124,23.5092323124,8,23.19020089393715,,,,,22.788736162219966,"rgba(0, 255, 255, 0.75)",0.45700355906568657,22.788736162219966,1.5765657310263463,6,0.2517292420889364,1.5103754525336184,0.0,0.0,0.0,0.0,74.89034988656967,25.632393678138925,True,False,True,False,True,14.226090076446027
2023-12-13 00:00:00+00:00,23.7761066245,23.7761066245,23.5987688177,23.5987688177,207,23.20980998898432,,,,,22.798724369436872,"rgba(0, 255, 0, 1.0)",0.4741162653755919,22.798724369436872,2.061482227969653,6,0.247834698915513,1.487008193493078,0.0,0.0,0.0,0.0,77.96167436557772,23.90086810813932,True,False,True,False,True,17.865238257574113
2023-12-14 00:00:00+00:00,23.8489851753,23.8489851753,23.8489851753,23.8489851753,207,23.23274848821583,,,,,22.810214396133528,"rgba(0, 255, 0, 1.0)",0.49097439578679686,22.810214396133528,2.115733097449656,5,0.2724341649326115,1.3621708246630577,0.0,0.0,0.0,0.0,80.4199127791172,26.196959867449436,True,False,True,False,True,18.802936419594868
2023-12-15 00:00:00+00:00,23.8613051207,23.8613051207,23.8613051207,23.8613051207,0,23.23274848821583,,,,,22.810214396133528,"rgba(0, 255, 0, 1.0)",0.5069390752008395,22.810214396133528,2.073406403225179,5,0.2678862729082672,1.339431364541336,0.0,0.0,0.0,0.0,82.12818668671346,27.767580020410847,True,False,True,False,True,18.961583279273118
2023-12-18 00:00:00+00:00,23.9353115538,23.9353115538,23.9353115538,23.9353115538,0,23.23274848821583,,,,,22.810214396133528,"rgba(0, 255, 0, 1.0)",0.5244050556962321,22.810214396133528,2.145473514119201,5,0.26212757624849825,1.3106378812424913,0.0,0.0,0.0,0.0,83.68058646176432,29.216148225330542,True,False,True,False,True,19.91479082938884
2023-12-19 00:00:00+00:00,23.9937011546,23.9937011546,23.9937011546,23.9937011546,0,23.23274848821583,,,,,22.810214396133528,"rgba(0, 255, 0, 1.0)",0.5428468568031584,22.810214396133528,2.1801484960897843,5,0.2571695616902866,1.2858478084514329,0.0,0.0,0.0,0.0,85.02088121434257,30.496658664726027,True,False,True,False,True,20.0
2023-12-20 00:00:00+00:00,23.839181275,23.839181275,23.839181275,23.839181275,0,23.23274848821583,,,,,22.810214396133528,"rgba(0, 255, 255, 0.75)",0.5566688253500656,22.810214396133528,1.8484363269658572,5,0.2542192123880354,1.271096061940177,0.0,0.0,0.0,0.0,81.00560518055775,30.496658664726027,True,False,True,False,False,17.292120452919136
2023-12-21 00:00:00+00:00,23.9824223313,23.9824223313,23.9805136073,23.9805136073,145,23.251116567406402,,,,,22.819308981459383,"rgba(0, 255, 0, 1.0)",0.5746306372325128,22.819308981459383,2.024106050875229,5,0.24988737707258588,1.2494368853629294,0.0,0.0,0.0,0.0,79.64570512590836,34.5749971176502,True,False,True,False,False,19.151486963427757
2023-12-22 00:00:00+00:00,24.0300536698,24.0300536698,24.0300536698,24.0300536698,145,23.269760654538633,,,,,22.828600391070513,"rgba(0, 255, 0, 1.0)",0.5931626342658919,22.828600391070513,2.0255039837707027,5,0.2441950183673391,1.2209750918366955,0.0,0.0,0.0,0.0,79.12951730446382,34.072274524904245,True,False,True,False,False,19.755461230111397
2023-12-26 00:00:00+00:00,24.0914798769,24.0914798769,24.0914798769,24.0914798769,2,23.270031849001455,,,,,22.828735019262016,"rgba(0, 255, 0, 1.0)",0.6124295713900534,22.828735019262016,2.061861341495784,5,0.23817851254455466,1.1908925627227733,0.0,0.0,0.0,0.0,79.27579785844725,34.072274524904245,True,False,True,False,False,20.0
2023-12-27 00:00:00+00:00,24.1215856592,24.1215856592,24.1215856592,24.1215856592,2,23.27031279714075,,,,,22.91505455914228,"rgba(0, 255, 255, 0.75)",0.6312308690417996,22.91505455914228,1.911394323742784,5,0.2320982772727045,1.1604913863635224,0.0,0.0,0.0,0.0,79.61132969208126,34.072274524904245,True,False,True,False,False,20.0
2023-12-28 00:00:00+00:00,24.1170921574,24.1170921574,24.1170921574,24.1170921574,2,23.270592077932392,,,,,22.915033634323656,"rgba(0, 255, 255, 0.75)",0.6492248836357062,22.915033634323656,1.8515287281422854,5,0.2268856305821334,1.134428152910667,0.0,0.0,0.0,0.0,79.68234611961438,34.07033053757682,True,False,True,False,False,20.0
2023-12-29 00:00:00+00:00,24.0657913453,24.0657913453,24.0657913453,24.0657913453,12,23.272162583397897,,,,,22.91308842560773,"rgba(0, 255, 255, 0.75)",0.6649997753903422,22.91308842560773,1.733388434628652,5,0.2223042868865437,1.1115214344327184,0.0,0.0,0.0,0.0,77.95078098585392,32.18582326225294,True,False,True,False,False,19.639624449965794
2024-01-02 00:00:00+00:00,23.9374457006,23.9374457006,23.9374457006,23.9374457006,0,23.272162583397897,,,,,22.91308842560773,"rgba(0, 255, 255, 0.75)",0.6767645764415321,22.91308842560773,1.5136094746246966,5,0.21870932995028358,1.093546649751418,0.0,0.0,0.0,0.0,72.93802508049713,27.36694713191241,True,False,True,False,False,16.781033344338205
2024-01-03 00:00:00+00:00,23.81546585,23.81546585,23.81546585,23.81546585,0,23.272162583397897,,,,,22.91308842560773,"rgba(38, 166, 154, 1.0)",0.6860379449276695,22.91308842560773,1.3153462298465282,5,0.21603883690653883,1.0801941845326941,0.0,0.0,0.0,0.0,66.66542969366625,21.628681147428324,False,False,True,False,False,14.169028661562198
2024-01-04 00:00:00+00:00,23.7374848711,23.7374848711,23.7374848711,23.7374848711,146,23.28308142846452,,,,,22.950722848160417,"rgba(38, 166, 154, 1.0)",0.6935681166248934,22.950722848160417,1.1343687866855812,5,0.21388225858673166,1.0694112929336583,0.0,0.0,0.0,0.0,60.86940210175664,16.548849843869718,False,False,True,False,False,12.543776341502085
2024-01-05 00:00:00+00:00,23.7417911437,23.7417911437,23.7417911437,23.7417911437,6,23.28352334533854,,,,,22.95088610089123,"rgba(38, 166, 154, 1.0)",0.7008686672302608,22.95088610089123,1.1284639759033903,5,0.21186489817982665,1.0593244908991333,0.0,0.0,0.0,0.0,57.09679019699661,13.430218360802527,False,True,True,False,False,12.607856477594517
2024-01-08 00:00:00+00:00,23.9795722798,23.9795722798,23.9795722798,23.9795722798,0,23.28352334533854,,,,,22.95088610089123,"rgba(38, 166, 154, 1.0)",0.7118408162553609,22.95088610089123,1.4451070455894552,4,0.235823162222059,0.943292648888236,0.0,0.0,0.0,0.0,58.73863794084767,13.430218360802527,False,True,True,False,False,16.017586895775974
2024-01-09 00:00:00+00:00,23.9495219866,23.9495219866,23.9495219866,23.9495219866,81,23.29207396983405,,,,,22.963050216077754,"rgba(38, 166, 154, 1.0)",0.7199238193806308,22.963050216077754,1.3702446619573363,4,0.23247590335273433,0.9299036134109373,0.0,0.0,0.0,0.0,59.14635177991576,13.430218360802527,False,True,True,False,False,15.380628982759397
2024-01-10 00:00:00+00:00,24.0254434439,24.049596016,24.0254434439,24.0402345539,550,23.35152595733776,,,,,23.009170470436793,"rgba(38, 166, 154, 1.0)",0.7285767657305984,23.009170470436793,1.3948742552119584,4,0.22895657441460626,0.915826297658425,0.0,0.0,0.0,0.0,60.54625144641783,13.430218360802527,False,True,True,False,True,16.43719595193424
2024-01-11 00:00:00+00:00,24.027877424,24.027877424,24.027877424,24.027877424,550,23.401734258952583,,,,,23.036928159213474,"rgba(38, 166, 154, 1.0)",0.7369387634990285,23.036928159213474,1.34468332223622,4,0.2256935590688432,0.9027742362753728,0.0,0.0,0.0,0.0,61.51582924700678,13.430218360802527,False,False,True,False,True,16.47112769796536
2024-01-12 00:00:00+00:00,24.0520299961,24.0520299961,24.0520299961,24.0520299961,1,23.401822018161376,,,,,23.036977763222787,"rgba(38, 166, 154, 1.0)",0.7430910926169672,23.036977763222787,1.3659862740414128,4,0.22244977316832878,0.8897990926733151,0.0,0.0,0.0,0.0,62.5449722332509,13.430218360802527,False,False,True,False,True,16.812504728349598
2024-01-16 00:00:00+00:00,23.9791978213,23.9934272437,23.9791978213,23.9934272437,160,23.41412572107157,,,,,23.043257549457287,"rgba(38, 166, 154, 1.0)",0.7468668452360151,23.043257549457287,1.2531554691612405,4,0.21994714836278226,0.879788593451129,0.0,0.0,0.0,0.0,61.19849753410921,13.430218360802527,False,True,True,False,True,15.193774352487232
2024-01-17 00:00:00+00:00,23.8876427225,23.8904511611,23.8876427225,23.8904511611,100,23.420311550897235,,,,,23.045880043972794,"rgba(38, 166, 154, 1.0)",0.7496142852809734,23.045880043972794,1.122927744382158,4,0.21783358872910427,0.8713343549164171,0.0,0.0,0.0,0.0,58.04939251069028,13.430218360802527,False,True,True,False,False,13.199108926579399
2024-01-18 00:00:00+00:00,24.007656666,24.007656666,24.007656666,24.007656666,100,23.427870690087747,,,,,23.050022129670868,"rgba(38, 166, 154, 1.0)",0.753209745982437,23.050022129670868,1.2714048662236253,4,0.21546408173573706,0.8618563269429482,0.0,0.0,0.0,0.0,58.24519775363033,13.430218360802527,False,True,True,False,False,14.974731688727601
2024-01-19 00:00:00+00:00,24.2249362003,24.2249362003,24.2249362003,24.2249362003,10,23.428895195884934,,,,,23.05070035732201,"rgba(0, 255, 255, 0.75)",0.7598482321306872,23.05070035732201,1.5453557609594213,4,0.21204953424644496,0.8481981369857798,0.0,0.0,0.0,0.0,61.427097792786356,13.430218360802527,False,True,True,False,True,18.000184982132396
2024-01-22 00:00:00+00:00,24.2710882082,24.3398013396,24.2710882082,24.3398013396,438,23.475002844531613,,,,,23.081276880258702,"rgba(0, 255, 255, 0.75)",0.763173672995911,23.081276880258702,1.5590308864698887,4,0.20855908281091357,0.8342363312436543,0.0,0.0,0.0,0.0,64.07623497263432,7.900704292472071,False,True,True,False,True,18.61615101622994
2024-01-23 00:00:00+00:00,24.3079723687,24.3079723687,24.3079723687,24.3079723687,47,23.479739634324222,,,,,23.08435088302214,"rgba(0, 255, 255, 0.75)",0.7683222512810596,23.08435088302214,1.592588895658897,3,0.24015969841500703,0.7204790952450211,0.0,0.0,0.0,0.0,66.26528396774815,10.064891306285638,False,False,True,False,True,19.10870149464993
2024-01-24 00:00:00+00:00,24.3234187811,24.4802232705,24.3234187811,24.4802232705,303,23.51142404549398,,,,,23.105140285679617,"rgba(0, 255, 255, 0.75)",0.772317912584836,23.105140285679617,1.57743136028398,3,0.23625794909308315,0.7087738472792494,0.0,0.0,0.0,0.0,67.90791908846953,11.725608031640135,False,False,True,False,True,19.316567596103216
2024-01-25 00:00:00+00:00,24.4131952022,24.4240544981,24.4131952022,24.4240544981,113,23.523209458947115,,,,,23.112863437357003,"rgba(0, 255, 255, 0.75)",0.7795971546785635,23.112863437357003,1.6679534513939303,3,0.23209241593572813,0.6962772478071844,0.0,0.0,0.0,0.0,70.02981754618165,13.854969150450053,False,False,True,False,True,20.0
2024-01-26 00:00:00+00:00,24.4139441191,24.4139441191,24.4139441191,24.4139441191,29,23.52617516562271,,,,,23.114797758916374,"rgba(0, 255, 255, 0.75)",0.78741912505788,23.114797758916374,1.6498791035690583,3,0.22820522899299567,0.684615686978987,0.0,0.0,0.0,0.0,71.45282293798269,15.336096729689245,False,False,True,False,True,20.0
2024-01-29 00:00:00+00:00,24.5509959236,24.5509959236,24.5509959236,24.5509959236,38,23.53062683329568,,,,,23.117793748231726,"rgba(0, 255, 255, 0.75)",0.7979339361500918,23.117793748231726,1.7961413977242928,3,0.2238170290543641,0.6714510871630923,0.0,0.0,0.0,0.0,73.8134271700158,17.71025563389314,True,False,True,False,True,20.0
2024-01-30 00:00:00+00:00,24.5359239697,24.5359239697,24.5359239697,24.5359239697,3,23.530971467212854,,,,,23.118024602731104,"rgba(0, 255, 255, 0.75)",0.8078520761093967,23.118024602731104,1.755147271264658,3,0.21989151198744106,0.6596745359623232,0.0,0.0,0.0,0.0,74.87544977485774,18.86272186445359,True,False,True,False,True,20.0
2024-01-31 00:00:00+00:00,24.2995470528,24.2995470528,24.2995470528,24.2995470528,3,23.531234858434782,,,,,23.118189341752007,"rgba(38, 166, 154, 1.0)",0.8110459782393914,23.118189341752007,1.4565853758531309,3,0.21738130860511687,0.6521439258153506,0.0,0.0,0.0,0.0,69.1108698437703,18.86272186445359,False,False,True,False,False,16.542523796691842
2024-02-01 00:00:00+00:00,24.4935165466,24.4935165466,24.4935165466,24.4935165466,14,23.53277134835658,,,,,23.11920819296453,"rgba(0, 255, 255, 0.75)",0.8162820253754529,23.11920819296453,1.6836195223131987,3,0.2141655685157319,0.6424967055471957,0.0,0.0,0.0,0.0,67.88959899679594,24.254668204339296,False,True,True,False,False,19.161190749726735
2024-02-02 00:00:00+00:00,24.6711034817,24.6711034817,24.6711034817,24.6711034817,14,23.534586043171746,,,,,23.120452579430335,"rgba(0, 255, 255, 0.75)",0.8262069311542117,23.120452579430335,1.876831147014714,3,0.21027714331390845,0.6308314299417254,0.0,0.0,0.0,0.0,68.88777474795022,24.254668204339296,False,False,True,False,False,20.0
2024-02-05 00:00:00+00:00,24.5784250074,24.5784250074,24.5784250074,24.5784250074,2,23.534823711424078,,,,,23.120612788983447,"rgba(0, 255, 255, 0.75)",0.8328426770828407,23.120612788983447,1.7504052788490188,3,0.20714243461415674,0.6214273038424702,0.0,0.0,0.0,0.0,67.59569071487608,23.85339260830071,False,True,True,False,False,19.38517632693805
2024-02-06 00:00:00+00:00,24.6050115596,24.6050115596,24.6050115596,24.6050115596,59,23.54196394472074,,,,,23.125439247879818,"rgba(0, 255, 255, 0.75)",0.8359297803010233,23.125439247879818,1.7699720079207852,3,0.2041027643270311,0.6123082929810932,0.0,0.0,0.0,0.0,67.03143606098124,23.103704115478237,False,True,True,False,False,19.724043745931407
2024-02-07 00:00:00+00:00,24.7438420419,24.7438420419,24.7438420419,24.7438420419,10,23.54332153886643,,,,,23.12637511792063,"rgba(0, 255, 255, 0.75)",0.8385172802968301,23.12637511792063,1.9289607524925356,3,0.2006282220942339,0.6018846662827017,0.0,0.0,0.0,0.0,68.10619884533499,23.103704115478237,False,True,True,False,False,20.0
2024-02-08 00:00:00+00:00,24.7449654173,24.7449654173,24.7449654173,24.7449654173,26,23.546840261790102,,,,,23.128797361038934,"rgba(0, 255, 255, 0.75)",0.8363355532072415,23.128797361038934,1.9324397367339772,3,0.1975284763058345,0.5925854289175035,0.0,0.0,0.0,0.0,68.83396049165603,23.103704115478237,False,True,True,False,False,20.0
2024-02-09 00:00:00+00:00,24.8594560983,24.8594560983,24.8594560983,24.8594560983,2,23.547135862699125,,,,,23.12900356827035,"rgba(0, 255, 0, 1.0)",0.8337543063258792,23.12900356827035,2.075494563446718,3,0.1941993058826654,0.5825979176479962,0.0,0.0,0.0,0.0,70.43702942456005,23.103704115478237,False,False,True,False,True,20.0
2024-02-12 00:00:00+00:00,24.9014890629,24.9014890629,24.9014890629,24.9014890629,2,23.54744079418628,,,,,23.129217235796467,"rgba(0, 255, 0, 1.0)",0.8327318957110447,23.129217235796467,2.1282622128821482,3,0.1909925778591346,0.5729777335774038,0.0,0.0,0.0,0.0,71.88877572260833,23.103704115478237,False,False,True,False,True,20.0
2024-02-13 00:00:00+00:00,24.4824700213,24.4824700213,24.4824700213,24.4824700213,0,23.54744079418628,,,,,23.129217235796467,"rgba(0, 255, 255, 0.75)",0.8170156302209649,23.129217235796467,1.6563364707448005,3,0.18960961125589523,0.5688288337676857,0.0,0.0,0.0,0.0,64.79282690663591,20.383837173090285,False,True,True,False,False,14.512465274275353
2024-02-14 00:00:00+00:00,24.660431415,24.660431415,24.3678857258,24.3678857258,15020,24.185538119795094,,,,,23.63070353487405,"rgba(38, 166, 154, 1.0)",0.7968227566635727,23.63070353487405,1.2922922588676926,2,0.19358520240186283,0.38717040480372567,0.0,0.0,0.0,0.0,62.22376443219024,18.10354523664968,False,True,True,False,False,16.788959592466192
2024-02-15 00:00:00+00:00,24.8535583772,24.8535583772,24.8535583772,24.8535583772,20,24.186096595117924,,,,,23.631238546617865,"rgba(0, 255, 255, 0.75)",0.7752146848672952,23.631238546617865,1.5767500983180882,2,0.19171700655811913,0.38343401311623826,0.0,0.0,0.0,0.0,62.44899706178046,18.10354523664968,False,True,True,False,False,19.117931216455872
2024-02-16 00:00:00+00:00,24.7467440951,24.7467440951,24.7467440951,24.7467440951,20,24.18656491362436,,,,,23.63171022762144,"rgba(38, 166, 154, 1.0)",0.7544178793575105,23.63171022762144,1.4780056225976004,2,0.19030232107565379,0.38060464215130757,0.0,0.0,0.0,0.0,61.002656677703705,16.93293399804743,False,True,True,False,False,17.039697626975993
2024-02-20 00:00:00+00:00,24.6161516995,24.6161516995,24.6161516995,24.6161516995,20,24.18692345536444,,,,,23.632104767133473,"rgba(38, 166, 154, 1.0)",0.7310283824389746,23.632104767133473,1.3461131687984431,2,0.18980370622519915,0.3796074124503983,0.0,0.0,0.0,0.0,58.23909763869649,14.231135563681661,False,True,True,False,False,14.5721946262334
2024-02-21 00:00:00+00:00,24.6545336939,24.6545336939,24.6545336939,24.6545336939,1,24.18694296839392,,,,,23.632125609260818,"rgba(38, 166, 154, 1.0)",0.7108067148061722,23.632125609260818,1.4383770768372368,2,0.18936734867396376,0.37873469734792753,0.0,0.0,0.0,0.0,56.85630734559973,12.840021605872153,False,True,True,False,False,15.054170229604324
2024-02-22 00:00:00+00:00,25.0335792924,25.0335792924,25.0335792924,25.0335792924,11,24.187331414673967,,,,,23.63247705815997,"rgba(0, 255, 255, 0.75)",0.7039010317615852,23.63247705815997,1.9904818589818296,2,0.18765393380550383,0.37530786761100765,0.0,0.0,0.0,0.0,59.6155023258942,12.840021605872153,False,True,True,False,False,19.513916486466755
2024-02-23 00:00:00+00:00,25.0389153258,25.0389153258,25.0389153258,25.0389153258,2,24.187402448073566,,,,,23.632541245872023,"rgba(0, 255, 0, 1.0)",0.6992318649826091,23.632541245872023,2.011312914011659,2,0.1862118647764835,0.372423729552967,0.0,0.0,0.0,0.0,61.498095744750195,12.840021605872153,False,True,True,False,True,19.573150665226805
2024-02-26 00:00:00+00:00,24.9630874832,24.9630874832,24.9630874832,24.9630874832,2,24.18746714510306,,,,,23.632600979647844,"rgba(0, 255, 255, 0.75)",0.6910539326325165,23.632600979647844,1.9253005311521343,2,0.1852477541656643,0.3704955083313286,0.0,0.0,0.0,0.0,61.56038153824133,12.840021605872153,False,True,True,False,True,18.131470754222505
2024-02-27 00:00:00+00:00,24.9771296763,24.9771296763,24.9771296763,24.9771296763,10,24.187796322030483,,,,,23.63290365776592,"rgba(0, 255, 255, 0.75)",0.6830240051070574,23.63290365776592,1.9680509154628987,2,0.1849487754513338,0.3698975509026676,0.0,0.0,0.0,0.0,61.74297542425631,12.840021605872153,False,True,True,False,True,18.29481503234365
2024-02-28 00:00:00+00:00,24.9745084669,24.9745084669,24.9745084669,24.9745084669,10,24.188124132416277,,,,,23.63320538824672,"rgba(0, 255, 255, 0.75)",0.6736906282366756,23.63320538824672,1.9909777907465074,2,0.18447222352394582,0.36894444704789164,0.0,0.0,0.0,0.0,61.81785683283582,12.840021605872153,False,True,True,False,True,18.243800654233024
2024-02-29 00:00:00+00:00,25.1246663182,25.1246663182,25.1246663182,25.1246663182,1,24.188163155007352,,,,,23.63323995034184,"rgba(0, 255, 0, 1.0)",0.6619594157770815,23.63323995034184,2.2530480454113015,2,0.18376306355551597,0.36752612711103194,0.0,0.0,0.0,0.0,63.449905534882895,8.33314091577364,False,True,True,False,True,20.0
2024-03-01 00:00:00+00:00,25.2878366018,25.2878366018,25.2878366018,25.2878366018,24,24.18926172987927,,,,,23.634183428497515,"rgba(0, 255, 0, 1.0)",0.658980379488488,23.634183428497515,2.5094118501465523,2,0.18229525664801383,0.36459051329602765,0.0,0.0,0.0,0.0,65.97822582388268,10.958142986376103,False,True,True,False,True,20.0
2024-03-04 00:00:00+00:00,25.2666796976,25.2666796976,25.2666796976,25.2666796976,19,24.190113160290895,,,,,23.63491758714767,"rgba(0, 255, 0, 1.0)",0.6529665770067485,23.63491758714767,2.498997908794139,2,0.18083541781671014,0.3616708356334203,0.0,0.0,0.0,0.0,67.23334936336661,12.315259769168975,False,False,True,False,True,20.0
2024-03-05 00:00:00+00:00,25.0846928753,25.2478631589,25.0846928753,25.2010558486,4900,24.350772112948114,,,,,23.784137989832466,"rgba(0, 255, 0, 1.0)",0.6497607721648316,23.784137989832466,2.001590340910283,2,0.17996294543558383,0.35992589087116766,0.0,0.0,0.0,0.0,64.65831209472013,12.315259769168975,False,True,True,False,False,17.840116712478473
2024-03-06 00:00:00+00:00,25.1945028252,25.2010558486,25.1945028252,25.2010558486,1094,24.381581816593734,,,,,23.814084715517282,"rgba(0, 255, 0, 1.0)",0.6483713079674941,23.814084715517282,2.129054899128765,2,0.17878722583672205,0.3575744516734441,0.0,0.0,0.0,0.0,64.13965861635855,12.315259769168975,False,True,True,False,False,19.112347949620897
2024-03-07 00:00:00+00:00,25.4066335553,25.4066335553,25.4066335553,25.4066335553,4,24.381718303626617,,,,,23.814211559892943,"rgba(0, 255, 0, 1.0)",0.651188858375675,23.814211559892943,2.4454073114506203,2,0.17735849087022176,0.3547169817404435,0.0,0.0,0.0,0.0,65.74560024724386,12.315259769168975,False,False,True,False,False,20.0
2024-03-08 00:00:00+00:00,25.2863387679,25.2863387679,25.2863387679,25.2863387679,4,24.38183873903541,,,,,23.814326786323704,"rgba(0, 255, 0, 1.0)",0.6501124470557845,23.814326786323704,2.264242114179956,2,0.17657306653324467,0.35314613306648934,0.0,0.0,0.0,0.0,64.74588702600266,12.315259769168975,False,True,True,False,False,19.170999281716757
2024-03-11 00:00:00+00:00,25.2581607671,25.3508392414,25.2581607671,25.3508392414,273,24.3900078021274,,,,,23.82215631718028,"rgba(0, 255, 0, 1.0)",0.6499049836564158,23.82215631718028,2.209560606599213,2,0.1756922896785737,0.3513845793571474,0.0,0.0,0.0,0.0,63.60501465744391,12.315259769168975,False,True,True,False,False,18.639576498955616
2024-03-12 00:00:00+00:00,25.4422071111,25.4422071111,25.4422071111,25.4422071111,0,24.3900078021274,,,,,23.82215631718028,"rgba(0, 255, 0, 1.0)",0.651969084107954,23.82215631718028,2.484858306028925,2,0.17450031892931,0.34900063785862,0.0,0.0,0.0,0.0,64.65097031291594,12.315259769168975,False,False,True,False,False,20.0
2024-03-13 00:00:00+00:00,25.4194587583,25.4194587583,25.4194587583,25.4194587583,3,24.3901096573719,,,,,23.822251136897705,"rgba(0, 255, 0, 1.0)",0.653446117423006,23.822251136897705,2.4442835894429953,1,0.16014468602790463,0.16014468602790463,0.0,0.0,0.0,0.0,64.93234302971345,12.315259769168975,False,False,True,False,False,20.0
2024-03-14 00:00:00+00:00,25.3519626169,25.3519626169,25.3519626169,25.3519626169,4,24.39023652997992,,,,,23.82237108863182,"rgba(0, 255, 0, 1.0)",0.651885540244345,23.82237108863182,2.346411193128854,1,0.16029270686554095,0.16029270686554095,0.0,0.0,0.0,0.0,63.86440386677515,12.315259769168975,False,False,True,False,False,18.95255415929113
2024-03-15 00:00:00+00:00,25.2392506138,25.3414777794,25.2392506138,25.3414777794,102,24.393196899394585,,,,,23.825230872887914,"rgba(0, 255, 0, 1.0)",0.6464465727907542,23.825230872887914,2.187372940671129,1,0.16129775634272978,0.16129775634272978,0.0,0.0,0.0,0.0,61.186496222200425,15.33275027896191,False,True,True,False,False,16.825954972504
2024-03-18 00:00:00+00:00,25.3510264707,25.3510264707,25.3510264707,25.3510264707,2,24.39325985444216,,,,,23.82529051126074,"rgba(0, 255, 0, 1.0)",0.6428654440336825,23.82529051126074,2.3733364012630296,1,0.1623900980913067,0.1623900980913067,0.0,0.0,0.0,0.0,60.79091867809777,14.856219975316776,False,True,True,False,False,18.1285901765125
2024-03-19 00:00:00+00:00,25.4697298095,25.4697298095,25.4697298095,25.4697298095,2,24.393330602689346,,,,,23.825355801151346,"rgba(0, 255, 0, 1.0)",0.6403905317613047,23.825355801151346,2.567767521212457,1,0.16308441938347143,0.16308441938347143,0.0,0.0,0.0,0.0,61.85136831166689,14.856219975316776,False,True,True,False,False,19.475889249515742
2024-03-20 00:00:00+00:00,25.6403892628,25.7252977236,25.5755143307,25.5755143307,1081,24.436339271125323,,,,,23.86417041874745,"rgba(0, 255, 0, 1.0)",0.64185737192399,23.86417041874745,2.767310810388097,1,0.1642148974016378,0.1642148974016378,0.0,0.0,0.0,0.0,64.18846451472419,14.856219975316776,False,False,True,False,True,20.0
2024-03-21 00:00:00+00:00,25.7433653454,25.7433653454,25.7433653454,25.7433653454,1081,24.479688922470423,,,,,23.90336346622589,"rgba(0, 255, 0, 1.0)",0.647472061081935,23.90336346622589,2.841824365516932,1,0.16600682977965983,0.16600682977965983,0.0,0.0,0.0,0.0,66.60435777097373,12.482542577295035,False,False,True,False,True,20.0
2024-03-22 00:00:00+00:00,25.7088215504,25.7088215504,25.7088215504,25.7088215504,70,24.48232307377175,,,,,23.905779080187195,"rgba(0, 255, 0, 1.0)",0.6481565344159953,23.905779080187195,2.781800960839483,1,0.16858380474385815,0.16858380474385815,0.0,0.0,0.0,0.0,67.51023329354581,13.351520588659582,True,False,True,False,True,20.0
2024-03-25 00:00:00+00:00,25.6486273494,25.6486273494,25.6486273494,25.6486273494,73,24.484923886703104,,,,,23.908191549878907,"rgba(0, 255, 0, 1.0)",0.6457705682873783,23.908191549878907,2.6951302598643245,1,0.17101768521532748,0.17101768521532748,0.0,0.0,0.0,0.0,66.87368774828087,13.351520588659582,True,False,True,False,True,20.0
2024-03-26 00:00:00+00:00,25.6035051023,25.7533821098,25.6035051023,25.7533821098,180,24.491314008201993,,,,,23.91412510004293,"rgba(0, 255, 0, 1.0)",0.6394667749166673,23.91412510004293,2.641857354476664,1,0.17368039288432463,0.17368039288432463,0.0,0.0,0.0,0.0,65.52241227700029,13.351520588659582,False,False,True,False,True,19.709805239949535
2024-03-27 00:00:00+00:00,25.7580628408,25.7580628408,25.5661528687,25.5661528687,15132,24.870111240877666,,,,,24.29701690923917,"rgba(0, 255, 0, 1.0)",0.6387419838921692,24.29701690923917,2.2873804578461567,1,0.17557312393441726,0.17557312393441726,0.0,0.0,0.0,0.0,66.32836424482511,13.351520588659582,False,False,True,False,True,20.0
2024-03-28 00:00:00+00:00,25.7898918118,25.7898918118,25.7898918118,25.7898918118,16,24.87041742615427,,,,,24.297348336091567,"rgba(0, 255, 0, 1.0)",0.6384466482159149,24.297348336091567,2.3377732186067863,1,0.17661460129591883,0.17661460129591883,0.0,0.0,0.0,0.0,67.18897234773004,13.351520588659582,True,False,True,False,True,20.0
2024-04-01 00:00:00+00:00,25.7294167669,25.8844425785,25.7294167669,25.8844425785,102,24.872345940258626,,,,,24.386598672060245,"rgba(0, 255, 0, 1.0)",0.6363276557379355,24.386598672060245,2.1102620367529306,1,0.1775591587819267,0.1775591587819267,0.0,1.0,25.884443,355.0,66.39668973758641,13.351520588659582,False,False,True,False,True,20.0
2024-04-02 00:00:00+00:00,25.5957350888,25.6597674892,25.5957350888,25.6597674892,100,24.873888917265234,,,,,24.383501068625655,"rgba(0, 255, 255, 0.75)",0.631782585938314,24.383501068625655,1.9187518731209636,1,0.1791781780848179,0.1791781780848179,0.0,0.0,0.0,0.0,63.13912768133146,17.07221448802943,False,True,True,False,False,17.96954368860435
2024-04-03 00:00:00+00:00,25.6052837801,25.6052837801,25.6052837801,25.6052837801,97,24.87535585069978,,,,,24.38330155415659,"rgba(0, 255, 255, 0.75)",0.632169808294699,24.38330155415659,1.932996814953488,1,0.18080325940147626,0.18080325940147626,0.0,0.0,0.0,0.0,61.10953176356479,15.167235538240973,False,True,True,False,False,18.08254295617063
2024-04-04 00:00:00+00:00,25.3908126844,25.3908126844,25.3908126844,25.3908126844,50,24.875888204441235,,,,,24.381619691968513,"rgba(0, 255, 255, 0.75)",0.6294160555939904,24.381619691968513,1.6033798049194894,1,0.18322001547803485,0.18322001547803485,0.0,0.0,0.0,0.0,56.04075437560845,10.494681833302629,False,True,True,False,False,14.039126142519521
2024-04-05 00:00:00+00:00,25.6268151428,25.6268151428,25.6268151428,25.6268151428,52,24.876693903415642,,,,,24.382475312836817,"rgba(0, 255, 255, 0.75)",0.6301261035977566,24.382475312836817,1.974747313051347,1,0.1858535619544959,0.1858535619544959,0.0,0.0,0.0,0.0,56.110616338424066,10.494681833302629,False,True,True,False,False,16.874240582796734
2024-04-08 00:00:00+00:00,25.6088411357,25.6088411357,25.6088411357,25.6088411357,0,24.876693903415642,,,,,24.382475312836817,"rgba(0, 255, 255, 0.75)",0.630980854877854,24.382475312836817,1.943586423237175,0,,,0.0,0.0,0.0,0.0,55.86147840684229,10.474542082519491,False,True,True,False,False,16.543377244817666
2024-04-09 00:00:00+00:00,25.6116495743,25.6116495743,25.6116495743,25.6116495743,2,24.87672423150159,,,,,24.382503407814163,"rgba(0, 255, 255, 0.75)",0.6321055900271191,24.382503407814163,1.9445266516834678,0,,,0.0,0.0,0.0,0.0,55.73560947781692,10.23232661455895,False,True,True,False,False,16.576922667030413
2024-04-10 00:00:00+00:00,25.4377136093,25.4377136093,25.4377136093,25.4377136093,4,24.876770526348224,,,,,24.38244870277336,"rgba(0, 255, 255, 0.75)",0.6268487932677147,24.38244870277336,1.6834441062343384,0,,,0.0,0.0,0.0,0.0,52.77528306555075,7.312989053033817,False,True,False,False,False,13.37203523331549
2024-04-11 00:00:00+00:00,25.5706463705,25.5706463705,25.5706463705,25.5706463705,31,24.877214016331497,,,,,24.38270846354936,"rgba(0, 255, 255, 0.75)",0.6256032717631668,24.38270846354936,1.8988677978019841,0,,,0.0,0.0,0.0,0.0,52.85015124390258,7.296513337388376,False,True,False,False,False,15.009330486170441
2024-04-12 00:00:00+00:00,25.2871812995,25.2871812995,25.2871812995,25.2871812995,22,24.87739988889414,,,,,24.382020378331443,"rgba(38, 166, 154, 1.0)",0.6208814771320492,24.382020378331443,1.4578642696020474,0,,,0.0,0.0,0.0,0.0,49.13072584748413,3.7000967394654154,False,True,False,True,False,10.090394563715993
2024-04-15 00:00:00+00:00,25.0834758852,25.0834758852,25.0834758852,25.0834758852,22,24.87749327809034,,,,,24.380804026285436,"rgba(38, 166, 154, 1.0)",0.6152561705787092,24.380804026285436,1.1420801489136319,0,,,0.0,0.0,0.0,0.0,44.645483791128655,-0.45287933801582625,False,True,False,True,False,6.8118812062054985
2024-04-16 00:00:00+00:00,25.0372302627,25.0372302627,25.0372302627,25.0372302627,2,24.87749985866975,,,,,24.380687146807496,"rgba(38, 166, 154, 1.0)",0.609595993411106,24.380687146807496,1.077013502366865,0,,,0.0,0.0,0.0,0.0,41.24165941177757,-3.4784680023931998,False,True,False,True,False,6.088119451313567
2024-04-17 00:00:00+00:00,24.9484836024,24.9484836024,24.9484836024,24.9484836024,3,24.87750424480456,,,,,24.380477705226877,"rgba(38, 166, 154, 0.5)",0.6033266638572283,24.380477705226877,0.9414566456282729,0,,,0.0,0.0,0.0,0.0,38.18726112316889,-6.162332536714665,False,True,False,True,False,4.707313231102663
2024-04-18 00:00:00+00:00,24.8707834673,24.8707834673,24.8707834673,24.8707834673,2,24.877503967961623,,,,,24.38031860703391,"rgba(38, 166, 154, 0.5)",0.5958184748627358,24.38031860703391,0.8231783352791864,0,,,0.0,0.0,0.0,0.0,35.49007444648552,-8.534394281533757,False,True,False,True,False,3.512884832009547
2024-04-19 00:00:00+00:00,24.7005920872,24.7005920872,24.7005920872,24.7005920872,7,24.877478465837136,24.700592087200004,,,,24.397445492350517,"rgba(38, 166, 154, 0.5)",0.585807045444187,24.397445492350517,0.5174854027568464,0,,,0.0,0.0,0.0,0.0,32.391608059771,-11.31486091311578,False,True,False,True,False,0.9684863133377384
2024-04-22 00:00:00+00:00,24.8236953132,24.8236953132,24.8236953132,24.8236953132,2,24.877476250806755,24.727948359644447,,,,24.398809474993385,"rgba(38, 166, 154, 0.5)",0.5720441767697653,24.398809474993385,0.7427500452952256,0,,,0.0,0.0,0.0,0.0,32.62601425788658,-11.31486091311578,False,True,False,True,False,2.6979078445438525
2024-04-23 00:00:00+00:00,25.0480895586,25.0480895586,25.0480895586,25.0480895586,26,24.877567547958368,24.96576753601143,,,,24.41081188190773,"rgba(38, 166, 154, 1.0)",0.555486800063929,24.41081188190773,1.1472418005593097,0,,,0.0,0.0,0.0,0.0,36.30295875058371,-11.31486091311578,False,True,False,True,True,5.7086891795261465
2024-04-24 00:00:00+00:00,25.0604466885,25.0604466885,25.0604466885,25.0604466885,26,24.877665356360353,25.006122584613117,,,,24.412014032636634,"rgba(38, 166, 154, 1.0)",0.538009465410062,24.412014032636634,1.205243954897972,0,,,0.0,0.0,0.0,0.0,38.9321536464108,-17.761531846171458,False,True,False,True,True,5.870449465119044
2024-04-25 00:00:00+00:00,24.9362200871,24.9362200871,24.9362200871,24.9362200871,10,24.87767739871202,24.996277162428168,,,,24.41095694915082,"rgba(38, 166, 154, 0.5)",0.5259897351158028,24.41095694915082,0.9986186096075408,0,,,0.0,0.0,0.0,0.0,39.288300722848504,-17.35976563697057,False,True,False,True,True,3.9790811011477416
2024-04-26 00:00:00+00:00,25.1357128435,25.1357128435,25.1357128435,25.1357128435,3,24.87769331798186,25.00192996030946,,,,24.41118945589525,"rgba(38, 166, 154, 1.0)",0.51289928250299,24.41118945589525,1.4126036286676307,0,,,0.0,0.0,0.0,0.0,42.394911491406205,-14.295690635823277,False,True,False,True,True,6.6004373107740655
2024-04-29 00:00:00+00:00,25.1678226583,25.1678226583,25.1678226583,25.1678226583,4,24.877717181718186,25.01043727815513,,,,24.41156955081545,"rgba(0, 255, 255, 0.75)",0.5011555459726558,24.41156955081545,1.5090187339277956,0,,,0.0,0.0,0.0,0.0,44.89032649107469,-11.851915554405792,False,True,False,True,True,7.012585006269411
2024-04-30 00:00:00+00:00,24.8897872353,24.8897872353,24.8897872353,24.8897872353,2,24.877717678091166,25.00742102708375,,,,24.41129421344453,"rgba(38, 166, 154, 0.5)",0.4885187243150887,24.41129421344453,0.9794773425037538,0,,,0.0,0.0,0.0,0.0,43.37987184948241,-11.851915554405792,False,True,False,True,True,2.8669689777764553
2024-05-01 00:00:00+00:00,24.8051596183,25.0160733584,24.8051596183,25.0160733584,870,24.877678073877497,24.886576352333368,,,,24.38823452244286,"rgba(38, 166, 154, 0.5)",0.4763275878053215,24.38823452244286,0.8752906750123793,0,,,0.0,0.0,0.0,0.0,41.5647058241542,-11.851915554405792,False,True,False,True,True,1.6633684296489086
2024-05-02 00:00:00+00:00,24.9632747124,24.9632747124,24.9632747124,24.9632747124,12,24.87769881829156,24.887533088633575,,,,24.38829102189085,"rgba(38, 166, 154, 1.0)",0.4608085269645876,24.38829102189085,1.2477713776189225,0,,,0.0,0.0,0.0,0.0,42.628233817171086,-11.851915554405792,False,True,False,True,True,3.762656163611375
2024-05-03 00:00:00+00:00,25.2010558486,25.2010558486,25.2010558486,25.2010558486,4,24.8777249381268,24.888831319523703,,,,24.38841412674914,"rgba(0, 255, 255, 0.75)",0.44157159103887145,24.38841412674914,1.8403396829469552,0,,,0.0,0.0,0.0,0.0,46.17004409971722,-10.381443960277657,False,True,False,True,True,6.7602079568953855
2024-05-06 00:00:00+00:00,25.3987699272,25.3987699272,25.3987699272,25.3987699272,4,24.877767023217693,24.890934159142986,,,,24.388623022347296,"rgba(0, 255, 0, 1.0)",0.42649093980021574,24.388623022347296,2.3685073012943585,0,,,0.0,0.0,0.0,0.0,50.45324682794454,-6.287891396534974,False,True,False,False,True,9.112525568397345
2024-05-07 00:00:00+00:00,25.4448283205,25.4448283205,25.4448283205,25.4448283205,15,24.87793872816055,24.899369095610353,,,,24.389470476432688,"rgba(0, 255, 0, 1.0)",0.41735125272651075,24.389470476432688,2.528704148299002,0,,,0.0,0.0,0.0,0.0,53.727248506735066,-3.2311708545224462,False,False,True,False,True,9.648028768429956
2024-05-08 00:00:00+00:00,25.4368710777,25.4368710777,25.4368710777,25.4368710777,14,24.878096644145646,24.90690165591992,,,,24.3902334089533,"rgba(0, 255, 0, 1.0)",0.40854902591959935,24.3902334089533,2.561841057853054,0,,,0.0,0.0,0.0,0.0,55.793605934231465,-1.2946101309338687,False,False,True,False,True,9.52691821318664
2024-05-09 00:00:00+00:00,25.5136350666,25.5136350666,25.5136350666,25.5136350666,2,24.878122294483557,24.908113910486712,,,,24.39035757526174,"rgba(0, 255, 0, 1.0)",0.40091187501799147,24.39035757526174,2.80180648499836,0,,,0.0,0.0,0.0,0.0,57.944275254277024,0.783595036537605,False,False,True,False,True,10.436250762120302
2024-05-10 00:00:00+00:00,25.571020829,25.571020829,25.571020829,25.571020829,3,24.8781642400332,24.910094708051993,,,,24.39056150949361,"rgba(0, 255, 0, 1.0)",0.3937127767055415,24.39056150949361,2.9982753655699983,0,,,0.0,0.0,0.0,0.0,59.94978302360634,2.7705626140724604,True,False,True,False,True,11.113100571232145
2024-05-13 00:00:00+00:00,25.5721442044,25.5721442044,25.5721442044,25.5721442044,1,24.878178243422447,24.910753463769755,,,,24.39062941598767,"rgba(0, 255, 0, 1.0)",0.38809374703542654,24.39062941598767,3.044405629922392,0,,,0.0,0.0,0.0,0.0,61.29852869168121,4.193460465770883,True,False,True,False,True,11.126476351373395
2024-05-14 00:00:00+00:00,25.6855115099,25.6855115099,25.6855115099,25.6855115099,1,24.878194533768628,24.911523600992545,,,,24.390709283501977,"rgba(0, 255, 0, 1.0)",0.3836677237104718,24.390709283501977,3.3748010228119236,0,,,0.0,0.0,0.0,0.0,63.37228036814431,6.343257080764808,True,False,True,False,True,12.474511582223819
2024-05-15 00:00:00+00:00,25.9407985801,25.9407985801,25.9407985801,25.9407985801,26,24.878751712455824,24.937454947365406,,,,24.393439382760775,"rgba(0, 255, 0, 1.0)",0.3875172074098657,24.393439382760775,3.9930077110166335,0,,,0.0,0.0,0.0,0.0,66.86737029061507,9.795149141658847,True,False,True,False,True,15.366430373069278
2024-05-16 00:00:00+00:00,25.9088759945,25.9088759945,25.9088759945,25.9088759945,26,24.879291577230436,24.96132729824017,,,,24.395987354435253,"rgba(0, 255, 0, 1.0)",0.389290252666825,24.395987354435253,3.8862741353032475,0,,,0.0,0.0,0.0,0.0,68.55392780616194,11.507612270063973,True,False,True,False,True,14.836249837062539
2024-05-17 00:00:00+00:00,25.9055058681,25.9055058681,25.9055058681,25.9055058681,2,24.879332945996318,24.963108767239905,,,,24.39617895614187,"rgba(0, 255, 0, 1.0)",0.38352699251679373,24.39617895614187,3.9353864041056776,0,,,0.0,0.0,0.0,0.0,69.60574369736554,12.68549783304379,True,False,True,False,True,14.779506363232919
2024-05-20 00:00:00+00:00,25.9263819285,25.9263819285,25.9263819285,25.9263819285,20,24.879754862456135,24.980947159115097,,,,24.398109216056408,"rgba(0, 255, 0, 1.0)",0.3827461057413803,24.398109216056408,3.9929151192363483,0,,,0.0,0.0,0.0,0.0,70.49747982832088,13.782700054717495,True,False,True,False,True,15.018978199588169
2024-05-21 00:00:00+00:00,26.0248645093,26.0248645093,26.0248645093,26.0248645093,402,24.888955103847785,25.26411502333529,,,,24.431984609839716,"rgba(0, 255, 0, 1.0)",0.38768538970465394,24.431984609839716,4.108692103857121,0,,,0.0,0.0,0.0,0.0,71.96875402020402,15.460574509542667,True,False,True,False,True,16.14558910539847
2024-05-22 00:00:00+00:00,25.9593342749,25.9593342749,25.9499728129,25.9499728129,1200,24.91395189159957,25.573778899948884,,,,24.485500132464757,"rgba(0, 255, 0, 1.0)",0.38800632917442185,24.485500132464757,3.798479642255285,0,,,0.0,0.0,0.0,0.0,71.32789268535534,15.460574509542667,True,False,True,False,True,14.99783624462209
2024-05-23 00:00:00+00:00,25.7469227009,25.7469227009,25.7469227009,25.7469227009,1200,24.933014826112025,25.627300940428363,,,,24.51032488426313,"rgba(0, 255, 0, 1.0)",0.38388565535767377,24.51032488426313,3.221266018613557,0,,,0.0,0.0,0.0,0.0,66.51047922786222,15.460574509542667,True,False,True,False,False,11.399240735504396
2024-05-24 00:00:00+00:00,25.9312498888,26.9422877906,25.9312498888,26.9422877906,1313,24.96563334634838,25.78929950781362,,,,24.646895568754907,"rgba(0, 255, 0, 1.0)",0.38567837180364284,24.646895568754907,3.3301175641214993,0,,,0.0,0.0,0.0,0.0,65.48628987438468,15.460574509542667,True,False,True,False,False,13.5741313395621
2024-05-28 00:00:00+00:00,25.9312498888,25.9312498888,25.9312498888,25.9312498888,817,24.980091491957893,25.8085898373655,,,,24.655494498295095,"rgba(0, 255, 0, 1.0)",0.3868291034718499,24.655494498295095,3.2979819229080927,0,,,0.0,0.0,0.0,0.0,64.80349697206631,20.86149505941262,True,False,True,False,False,13.5741313395621
2024-05-29 00:00:00+00:00,25.7533821098,25.7627435718,25.7533821098,25.7533821098,1700,25.00355010528408,25.797107950903534,,,,24.66882576226348,"rgba(0, 255, 0, 1.0)",0.3862718840001646,24.66882576226348,2.8077537932739043,0,,,0.0,0.0,0.0,0.0,61.15803804272723,17.241645667807475,True,False,True,False,False,10.631968030090349
2024-05-30 00:00:00+00:00,25.6157686176,25.6157686176,25.6157686176,25.6157686176,1700,25.02150527600671,25.76435435266554,,,,24.72613226488496,"rgba(0, 255, 0, 1.0)",0.38435946116170844,24.72613226488496,2.314594650606899,0,,,0.0,0.0,0.0,0.0,56.68460256350085,12.989791779024081,False,False,True,False,False,8.443746304207117
2024-05-31 00:00:00+00:00,25.7626499572,25.7626499572,25.7626499572,25.7626499572,0,25.02150527600671,25.76435435266554,,,,24.72613226488496,"rgba(0, 255, 0, 1.0)",0.37406261987734796,24.72613226488496,2.7709737280215445,0,,,0.0,0.0,0.0,0.0,55.75536729570794,12.116724743145895,False,False,True,False,False,10.245941899899162
2024-06-03 00:00:00+00:00,25.7956023036,25.8750811165,25.7956023036,25.8282738062,6607,25.10342155396391,25.788169450409935,,,,24.814275085272715,"rgba(0, 255, 0, 1.0)",0.3684284178628761,24.814275085272715,2.6635492018222107,0,,,0.0,0.0,0.0,0.0,55.57019159512204,11.809281694009655,False,False,True,False,False,10.64486565702013
2024-06-04 00:00:00+00:00,25.8585113286,25.8585113286,25.8585113286,25.8585113286,6607,25.173510739552647,25.808709925491776,,,,24.88772978586622,"rgba(0, 255, 0, 1.0)",0.36759434178473027,24.88772978586622,2.6409044764412757,0,,,0.0,0.0,0.0,0.0,56.28337197412333,11.809281694009655,False,False,True,False,False,11.408043288164755
2024-06-05 00:00:00+00:00,26.1279342065,26.1279342065,26.1279342065,26.1279342065,9,25.173631403305002,25.808836853635317,,,,24.88786847912072,"rgba(0, 255, 0, 1.0)",0.36976085609277326,24.88786847912072,3.3536966040238405,0,,,0.0,0.0,0.0,0.0,59.70247242367477,11.809281694009655,True,False,True,False,True,14.541304789123906
2024-06-06 00:00:00+00:00,26.1141728573,26.1141728573,26.1141728573,26.1141728573,9,25.173750296981506,25.80895821134742,,,,24.88800469706262,"rgba(0, 255, 0, 1.0)",0.36709173338107254,24.88800469706262,3.3402227528902557,0,,,0.0,0.0,0.0,0.0,61.72466378670519,11.809281694009655,True,False,True,False,True,14.311951747948527
2024-06-07 00:00:00+00:00,26.0976966841,26.0976966841,26.0976966841,26.0976966841,0,25.173750296981506,25.80895821134742,,,,24.88800469706262,"rgba(0, 255, 0, 1.0)",0.3640385027145013,24.88800469706262,3.3229781410953856,0,,,0.0,0.0,0.0,0.0,62.743010207503914,6.827966150236016,True,False,True,False,True,14.03333770854982
2024-06-10 00:00:00+00:00,26.1336446984,26.1336446984,26.1336446984,26.1336446984,6,25.17383118355101,25.809044221012865,,,,24.888097769692195,"rgba(0, 255, 0, 1.0)",0.369442186196416,24.888097769692195,3.3714258285749876,0,,,0.0,0.0,0.0,0.0,63.83098555336166,8.052881158752527,True,False,True,False,True,14.45384397658005
2024-06-11 00:00:00+00:00,26.2022642152,26.2022642152,26.2022642152,26.2022642152,1,25.17384562702373,25.80906158095257,,,,24.88811462311636,"rgba(0, 255, 0, 1.0)",0.37598835751306414,24.88811462311636,3.4951869275313387,0,,,0.0,0.0,0.0,0.0,65.3288092895767,9.681486138090705,True,False,True,False,True,15.2564779714975
2024-06-12 00:00:00+00:00,26.4118673506,26.4118673506,26.4118673506,26.4118673506,6,25.17394994004636,25.809221215265048,,,,24.888240346457362,"rgba(0, 255, 0, 1.0)",0.38649890870647957,24.888240346457362,3.942124983591438,0,,,0.0,0.0,0.0,0.0,68.29524843343158,12.648412415223362,True,False,True,False,True,17.62709740381904
2024-06-13 00:00:00+00:00,26.4743083025,26.4743083025,21.3909407927,23.7687521544,2666,25.15972794824829,25.70084949446549,,,,24.931586252134686,"rgba(0, 255, 0, 1.0)",0.39801508018062276,24.931586252134686,3.876039193452701,0,,,0.0,0.0,0.0,0.0,70.7673458812263,15.071696585428327,True,False,True,False,True,18.310877441613826
2024-06-14 00:00:00+00:00,26.4442580093,26.4442580093,26.4442580093,26.4442580093,1,25.15974533566333,25.70087885035377,,,,24.931638048788077,"rgba(0, 255, 0, 1.0)",0.4072474403162925,24.931638048788077,3.714252836892315,0,,,0.0,0.0,0.0,0.0,71.66914546580244,16.022660575624613,True,False,True,False,True,17.76792652787613
2024-06-17 00:00:00+00:00,26.6489931844,26.6489931844,26.5022990741,26.5022990741,8201,25.303660986726538,25.920848212143174,,,,25.162580858963366,"rgba(0, 255, 0, 1.0)",0.42432196885394213,25.162580858963366,3.5030293846234413,0,,,0.0,0.0,0.0,0.0,73.87443052025358,18.235160626390424,True,False,True,False,True,19.993096387274125
2024-06-18 00:00:00+00:00,26.690558076,26.6988897772,26.6801668531,26.6988897772,704,25.315449687769714,25.936664988650318,,,,25.17692938736362,"rgba(0, 255, 0, 1.0)",0.44300810183690087,25.17692938736362,3.416706562160434,0,,,0.0,0.0,0.0,0.0,75.62644247447815,20.002828384477667,True,False,True,False,True,20.0
2024-06-20 00:00:00+00:00,26.6616311582,26.6616311582,26.6616311582,26.6616311582,704,25.32680143243568,25.951275133309036,,,,25.19044623328642,"rgba(0, 255, 0, 1.0)",0.4590491905148345,25.19044623328642,3.2048524544038752,0,,,0.0,0.0,0.0,0.0,76.03101656837902,20.540771559069213,True,False,True,False,True,19.894163290988807
2024-06-21 00:00:00+00:00,26.6511463207,26.6511463207,26.6511463207,26.6511463207,0,25.32680143243568,25.951275133309036,,,,25.19044623328642,"rgba(0, 255, 0, 1.0)",0.4712377473900528,25.19044623328642,3.09970942587613,0,,,0.0,0.0,0.0,0.0,76.00852926922164,20.761534541275864,True,False,True,False,True,19.696553867999896
2024-06-24 00:00:00+00:00,26.6488995698,26.7737814736,26.5959136946,26.7363356254,262313,26.347885789793075,26.58806210367243,,,,26.276199602238556,"rgba(38, 166, 154, 0.5)",0.4836477700276964,26.276199602238556,0.770602059304651,0,,,0.0,0.0,0.0,0.0,75.92562959896051,20.986400225216485,True,False,True,False,True,19.653454414608902
2024-06-25 00:00:00+00:00,26.6170705988,27.5133369759,26.5022990741,26.5865522325,298862,26.593444538627086,26.73320790789494,,,,26.587066741799795,#000000,0.49613065745485724,26.587066741799795,0.06047571652621894,0,,,1.0,0.0,27.513336,442.0,74.8573043045856,20.986400225216485,True,False,True,False,True,19.03477215558527
2024-06-26 00:00:00+00:00,26.6147302333,26.6147302333,26.5303834602,26.5865522325,4143,26.5934009256706,26.732196104666794,,,,26.586915303838644,#000000,0.5067137299471927,26.586915303838644,0.054892788210526164,0,,,0.0,0.0,0.0,0.0,74.06669027495067,20.986400225216485,True,False,True,False,True,18.988678436514938
2024-06-27 00:00:00+00:00,26.6003135818,26.6333595428,26.6003135818,26.6333595428,241,26.593407582593198,26.732147596117454,,,,26.586916443608136,#000000,0.515813494870713,26.586916443608136,0.02597283383448638,0,,,0.0,0.0,0.0,0.0,73.02146817081652,20.986400225216485,True,False,True,False,False,18.699978026889312
2024-06-28 00:00:00+00:00,26.5771907705,26.8018658598,26.5609018265,26.8018658598,3059,26.593657354374944,26.731714279755778,,,,26.587108296678178,#000000,0.5252558236277011,26.587108296678178,-0.018881325502842192,0,,,0.0,0.0,0.0,0.0,71.46271107034894,20.986400225216485,True,False,True,False,False,18.23129016067301
2024-07-01 00:00:00+00:00,26.5498553013,26.8299502459,26.4554917638,26.4554917638,503,26.593671311524083,26.731614397791187,,,,26.587111164904286,#000000,0.533345672699681,26.587111164904286,-0.06985312811427835,0,,,0.0,0.0,0.0,0.0,69.39241035044762,23.453823493031877,True,False,True,False,False,17.67210828491418
2024-07-02 00:00:00+00:00,26.6467464335,26.6467464335,26.6467464335,26.6467464335,51,26.593675458920146,26.73160723303311,,,,26.587114370020352,#000000,0.5424163369068805,26.587114370020352,0.10993780869451274,0,,,0.0,0.0,0.0,0.0,69.74963384871859,23.453823493031877,True,False,True,False,False,18.889326098498614
2024-07-03 00:00:00+00:00,26.7618924168,26.8018658598,26.6988897772,26.7082512392,3897,26.594628351760004,26.731752144455697,,,,26.588038043903744,#000000,0.5522387942323521,26.588038043903744,0.3148173846386935,1,0.10224788408675504,0.10224788408675504,0.0,0.0,0.0,0.0,71.60183737390932,23.453823493031877,True,False,True,False,True,20.0
2024-07-05 00:00:00+00:00,26.8844339551,26.8844339551,26.7971851287,26.7971851287,187,26.594702589645877,26.731790147425844,,,,26.588112779110908,"rgba(38, 166, 154, 0.5)",0.5655148246177222,26.588112779110908,0.523984806568776,1,0.10051888042725235,0.10051888042725235,0.0,0.0,0.0,0.0,74.16200510196933,20.150426407102543,True,False,True,False,True,20.0
2024-07-08 00:00:00+00:00,26.9610107147,26.9610107147,26.9095226734,26.9095226734,659,26.59505258431885,26.73201967293538,,,,26.588470243352845,"rgba(38, 166, 154, 0.5)",0.5808281275728207,26.588470243352845,0.6413953692358799,0,,,0.0,0.0,0.0,0.0,76.55696964057734,22.398700424101406,True,False,True,False,True,20.0
2024-07-09 00:00:00+00:00,26.9192585939,26.9797336388,26.9192585939,26.9797336388,2186,26.596193874984564,26.73276164544528,,,,26.589635175875344,"rgba(38, 166, 154, 0.5)",0.5949829531915518,26.589635175875344,0.5540048101487973,0,,,0.0,0.0,0.0,0.0,76.62439230992581,22.47414359812214,True,False,True,False,True,20.0
2024-07-10 00:00:00+00:00,27.1225895497,27.1225895497,26.9805761704,26.9805761704,451,26.596521212356972,26.733014248600107,,,,26.589973285292018,"rgba(38, 166, 154, 0.5)",0.61400536669872,26.589973285292018,0.8674456174083001,0,,,0.0,0.0,0.0,0.0,78.46675734881998,24.283832698458752,True,False,True,False,True,20.0
2024-07-11 00:00:00+00:00,26.9863802769,27.017179487,26.9863802769,27.017179487,527,26.5968404332082,26.73324126096504,,,,26.590301048055732,"rgba(38, 166, 154, 0.5)",0.6282879472447747,26.590301048055732,0.6304103565589486,0,,,0.0,0.0,0.0,0.0,75.69680045569493,24.283832698458752,True,False,True,False,False,20.0
2024-07-12 00:00:00+00:00,27.0998411969,27.185685804,27.0998411969,27.185685804,216,26.597014210869283,26.733380696596658,,,,26.59048106445264,"rgba(38, 166, 154, 0.5)",0.6443848014553866,26.59048106445264,0.7904595690291549,0,,,0.0,0.0,0.0,0.0,75.0239660369975,24.283832698458752,True,False,True,False,False,20.0
2024-07-15 00:00:00+00:00,27.1527334575,27.1576014178,27.1527334575,27.1576014178,1075,26.597919456938776,26.73411858402002,,,,26.591419878782524,"rgba(38, 166, 154, 0.5)",0.6606258734929725,26.591419878782524,0.8496693835946847,0,,,0.0,0.0,0.0,0.0,75.07600869298409,24.283832698458752,True,False,True,False,False,20.0
2024-07-16 00:00:00+00:00,27.3541921209,27.3541921209,27.2324931142,27.2324931142,3770,26.60197310396886,26.73765907622913,,,,26.6460457826172,"rgba(38, 166, 154, 1.0)",0.6819365187781741,26.6460457826172,1.0384343978990662,0,,,0.0,0.0,0.0,0.0,76.70685753352726,24.283832698458752,True,False,True,False,False,20.0
2024-07-17 00:00:00+00:00,27.0492893019,27.0492893019,27.0492893019,27.0492893019,133,26.602062465215685,26.737726228557552,,,,26.645680497956004,"rgba(38, 166, 154, 0.5)",0.694490411420717,26.645680497956004,0.5811582093960587,0,,,0.0,0.0,0.0,0.0,71.3137731341065,25.821713299196944,True,False,True,False,False,19.150084135387242
2024-07-18 00:00:00+00:00,26.8986633774,27.0639867973,26.8986633774,27.0639867973,514,26.602333792856868,26.737905997882024,,,,26.643892782141087,#000000,0.7032157227171533,26.643892782141087,0.3622936561692674,0,,,0.0,0.0,0.0,0.0,65.3640196738668,20.450256373238176,False,False,True,False,False,16.34311910033562
2024-07-19 00:00:00+00:00,26.7513139647,26.8018658598,26.7513139647,26.8018658598,116,26.602362659439613,26.737911678997126,,,,26.643282989576864,#000000,0.7083026172917655,26.643282989576864,0.15252093171164308,0,,,0.0,0.0,0.0,0.0,59.4093409202832,15.252111311832422,False,True,True,False,False,13.70327338670695
2024-07-22 00:00:00+00:00,26.9797336388,26.9797336388,26.834630977,26.834630977,411,26.602565449493376,26.73804028416757,,,,26.642142430038177,#000000,0.7169561982851748,26.642142430038177,0.4708672713469482,0,,,0.0,0.0,0.0,0.0,58.2365659266933,14.540139009733267,False,True,True,False,False,16.382969486361873
2024-07-23 00:00:00+00:00,26.9051227862,26.9422877906,26.9051227862,26.9422877906,144,26.602633449470435,26.738082076173768,,,,26.641770909214944,#000000,0.7217416083654647,26.641770909214944,0.3648838780148354,0,,,0.0,0.0,0.0,0.0,56.44293277956584,13.040877908317228,False,True,True,False,False,15.070547540999932
2024-07-24 00:00:00+00:00,26.4399517368,26.4399517368,26.4399517368,26.4399517368,40,26.60262369321165,26.73806279315986,,,,26.641456682475063,#000000,0.7223217215986049,26.641456682475063,-0.278968414834738,0,,,0.0,0.0,0.0,0.0,50.46590746984329,7.5830868192391705,False,True,False,False,False,7.529971688989967
2024-07-25 00:00:00+00:00,26.3995102207,26.6146366187,26.3995102207,26.6146366187,639,26.60249792225085,26.737787358764674,,,,26.63720994766866,#000000,0.7222953736583634,26.63720994766866,-0.3290893665353669,1,0.2998968468247415,0.2998968468247415,0.0,0.0,0.0,0.0,46.15649101240288,3.7956682934386947,False,True,False,True,False,6.921544634616495
2024-07-26 00:00:00+00:00,26.5621188166,26.6146366187,26.5022990741,26.5210219982,357,26.602475040919636,26.737684711317176,,,,26.635515205057168,#000000,0.7235269984353275,26.635515205057168,-0.10144250126932385,1,0.2996598420353005,0.2996598420353005,0.0,0.0,0.0,0.0,45.37862381027243,3.2329225528736316,False,True,False,True,False,8.920278722219436
2024-07-29 00:00:00+00:00,26.5993774356,26.6801668531,26.5993774356,26.6801668531,186,26.602481675183125,26.73765127720685,,,,26.63482354681662,#000000,0.7232427198197976,26.63482354681662,-0.04900997997663933,1,0.3002610295059655,0.3002610295059655,0.0,0.0,0.0,0.0,45.32321520268005,3.1133462680398836,False,True,False,True,False,9.370783832055459
2024-07-30 00:00:00+00:00,26.5304770748,26.6333595428,26.5304770748,26.6333595428,666,26.60244412441408,26.737465654106753,,,,26.632293013711006,#000000,0.7233283158159661,26.632293013711006,-0.14076033895638437,1,0.3007382240434972,0.3007382240434972,0.0,0.0,0.0,0.0,44.5643273694406,2.1567456710038755,False,True,False,True,False,8.299163790240833
2024-07-31 00:00:00+00:00,26.8243333687,26.8243333687,26.8243333687,26.8243333687,42,26.60245805730467,26.737471535648748,,,,26.6322433367318,#000000,0.723136518100603,26.6322433367318,0.26563453395044206,1,0.2989667642205162,0.2989667642205162,0.0,0.0,0.0,0.0,47.542031124481284,2.1567456710038755,False,True,False,True,False,11.792990890135226
2024-08-01 00:00:00+00:00,26.5833693354,26.7176127013,26.5833693354,26.7176127013,223,26.602466609086967,26.737432237816865,,,,26.631623055406077,#000000,0.7161159300354208,26.631623055406077,-0.06738255355343109,2,0.2920489336189986,0.5840978672379972,0.0,0.0,0.0,0.0,46.99474484248981,2.1567456710038755,False,True,False,True,False,8.14867017625474
2024-08-02 00:00:00+00:00,26.3993229915,26.3993229915,26.2776239848,26.3712386053,5057,26.6006384789667,26.73437124140288,,,,26.616003074821055,#000000,0.7061902396875179,26.616003074821055,-0.30682962060893665,2,0.29298903839952906,0.5859780767990581,0.0,0.0,0.0,0.0,44.998965741958685,2.0628532231624988,False,True,False,True,False,5.513847392587174
2024-08-05 00:00:00+00:00,25.7961639913,26.3057083709,25.7961639913,26.2120937504,4381,26.59654097760255,26.729027943784285,25.966012117833337,,,26.583271063456408,"rgba(239, 83, 80, 1.0)",0.6940140554573343,26.583271063456408,-1.1341370768603956,2,0.29378921941898317,0.5875784388379663,0.0,0.0,0.0,0.0,39.87392202171113,-2.967761786177604,False,True,False,True,False,0.0
2024-08-06 00:00:00+00:00,26.0521063639,26.2308166745,26.0521063639,26.1278405919,2727,26.59460013029383,26.72636713529885,26.02189656934701,,,26.581013128255755,"rgba(239, 83, 80, 0.5)",0.6784610988345806,26.581013128255755,-0.7795682984098581,2,0.2947629070350556,0.5895258140701112,0.0,0.0,0.0,0.0,39.14819606509803,-3.7662772025014277,False,True,False,True,False,0.8747051875707186
2024-08-07 00:00:00+00:00,25.8497115543,26.2495395986,25.8497115543,26.2495395986,650,26.59401713987161,26.725604224030437,26.01863659897034,,,26.579442967131634,"rgba(239, 83, 80, 1.0)",0.6582378350605061,26.579442967131634,-1.108613595212975,2,0.296008081480744,0.592016162961488,0.0,0.0,0.0,0.0,37.52431238392804,-5.502205666495257,False,True,False,True,False,0.0
2024-08-08 00:00:00+00:00,26.1622907723,26.1622907723,26.0435874334,26.0435874334,117,26.593936290794485,26.72549287473848,26.020183025390967,,,26.57933635343582,"rgba(239, 83, 80, 0.5)",0.6395845678743999,26.57933635343582,-0.652056978988459,2,0.2977677687193516,0.5955355374387032,0.0,0.0,0.0,0.0,39.36751577747875,-5.502205666495257,False,True,False,True,False,2.0900613596065547
2024-08-09 00:00:00+00:00,26.2864237591,26.3431542191,26.1559249781,26.2306294453,1988,26.592971082736216,26.724042354788853,26.068890596234613,,,26.57982642836514,#000000,0.626043443688811,26.57982642836514,-0.46866183524954197,2,0.2988731756193937,0.5977463512387874,0.0,0.0,0.0,0.0,41.642679309528134,-5.502205666495257,False,True,False,True,True,3.4465366533507193
2024-08-12 00:00:00+00:00,26.324431295,26.3711449907,26.2027322883,26.2027322883,1092,26.592503215431286,26.72331395079848,26.091871499004835,,,26.580121909024193,#000000,0.6121501109828872,26.580121909024193,-0.41769266955395634,2,0.2994776410606873,0.5989552821213746,0.0,0.0,0.0,0.0,43.48637587972317,-5.502205666495257,False,True,False,True,True,3.8600553135444393
2024-08-13 00:00:00+00:00,26.4932184559,26.4932184559,26.3835957352,26.3852807984,637,26.592377044881964,26.723047395158442,26.111918208273895,,,26.58099236266016,#000000,0.5947128966112272,26.58099236266016,-0.14759038732859617,2,0.29912029595902,0.59824059191804,0.0,0.0,0.0,0.0,46.15520661482283,-10.498673641131937,False,True,False,True,True,5.675548049619252
2024-08-14 00:00:00+00:00,26.5813098138,26.5813098138,26.5252346561,26.5678293084,536,26.592353802545187,26.722912557154967,26.13183700272087,,,26.582072757334394,#000000,0.5822204911764406,26.582072757334394,-0.0013104030963459307,2,0.2982641789475663,0.5965283578951326,0.0,0.0,0.0,0.0,48.6593523953818,-7.999609606041545,False,True,False,False,True,6.60509760452921
2024-08-15 00:00:00+00:00,26.8405286981,26.8823744334,26.7737814736,26.7737814736,756,26.592617754532935,26.72304199265819,26.17293415783017,,,26.58492822586735,#000000,0.5723753371423969,26.58492822586735,0.44656094636911603,2,0.29632920316759226,0.5926584063351845,0.0,0.0,0.0,0.0,52.2860319474854,-4.493711173149109,False,True,True,False,True,9.252222520157947
2024-08-16 00:00:00+00:00,26.8950124072,26.8950124072,26.8673960942,26.8673960942,276,26.59273548852837,26.723112321206138,26.187884985795982,,,26.586009071467537,"rgba(38, 166, 154, 0.5)",0.5537148118225248,26.586009071467537,0.5580550296557785,3,0.3236818448750185,0.9710455346250555,0.0,0.0,0.0,0.0,55.08774175557709,-1.821026761832961,False,True,True,False,True,9.793494543745293
2024-08-19 00:00:00+00:00,27.1444953709,27.1444953709,26.904935557,27.007818025,7314,26.5977043710862,26.72697866613385,26.50109205477921,,,26.612844845845917,"rgba(38, 166, 154, 0.5)",0.5342898781678179,26.612844845845917,0.9950600727777477,3,0.3201013289543789,0.9603039868631368,0.0,0.0,0.0,0.0,58.5986985124173,1.4996595318822727,False,False,True,False,True,12.208850222616427
2024-08-20 00:00:00+00:00,27.0740035617,27.1576014178,27.0740035617,27.1576014178,419,26.598008300453234,26.727221637089723,26.51314038461704,,,26.614039267506037,"rgba(38, 166, 154, 0.5)",0.5169172794146181,26.614039267506037,0.8898218583732554,3,0.3168850580782417,0.9506551742347251,0.0,0.0,0.0,0.0,60.118772824430444,2.9581242457390573,False,False,True,False,True,11.287321572544553
2024-08-21 00:00:00+00:00,27.1661203483,27.195047266,27.1108877222,27.1669628799,2523,26.600031357058235,26.728893732501117,26.582552126486178,,,26.621297410564676,"rgba(38, 166, 154, 1.0)",0.507463190652044,26.621297410564676,1.073620604945312,3,0.31317973209279065,0.9395391962783719,0.0,0.0,0.0,0.0,61.760485389870674,4.619149892525449,False,False,True,False,True,12.172582983029827
2024-08-22 00:00:00+00:00,26.9734614592,27.1576014178,26.9734614592,27.1014326455,12154,26.607477465423887,26.734517827481948,26.737095966297215,,,26.640594861690904,"rgba(38, 166, 154, 0.5)",0.4988601567898248,26.640594861690904,0.6672543256432804,3,0.3110617481877395,0.9331852445632185,0.0,0.0,0.0,0.0,60.571596860910816,4.619149892525449,False,False,True,False,True,9.662090895839228
2024-08-23 00:00:00+00:00,27.2352079382,27.2352079382,27.181005073,27.2044087281,13026,26.618465315022895,26.74384246188631,26.86577029556932,,,26.662049009765905,"rgba(38, 166, 154, 1.0)",0.4953582412545881,26.662049009765905,1.1570594384025195,3,0.30782202946112985,0.9234660883833896,0.0,0.0,0.0,0.0,61.67402570990937,4.827038653042358,False,False,True,False,True,12.170554976677515
2024-08-26 00:00:00+00:00,27.1544185207,27.3448306589,27.1544185207,27.3448306589,7717,26.624797913728074,26.749207095749274,26.914023839928465,,,26.709332185691856,"rgba(38, 166, 154, 0.5)",0.48876818799231114,26.709332185691856,0.9106286905381487,3,0.30534135368082743,0.9160240610424824,0.0,0.0,0.0,0.0,61.469266008279966,4.921548750100172,False,False,True,False,True,11.12910090838324
2024-08-27 00:00:00+00:00,27.2122723562,27.2605775004,27.1107941075,27.195047266,11111,26.633334430555173,26.75634707288454,26.960252242420058,,,26.720254538808227,"rgba(38, 166, 154, 1.0)",0.4842776405242278,26.720254538808227,1.015982932557378,3,0.30354019757695466,0.9106205927308639,0.0,0.0,0.0,0.0,61.76883879398487,5.585864421034117,False,False,True,False,True,11.681877876970237
2024-08-28 00:00:00+00:00,27.1362572843,27.1576014178,27.0827097214,27.1576014178,310,26.633540092861285,26.756512136638474,26.961008640614143,,,26.720436695193392,"rgba(38, 166, 154, 0.5)",0.47873159792828596,26.720436695193392,0.8685881418859235,3,0.30150466360923506,0.9045139908277051,0.0,0.0,0.0,0.0,61.00584122528895,5.585864421034117,False,False,True,False,True,10.687603187764232
2024-08-29 00:00:00+00:00,27.1237129252,27.2324931142,27.1237129252,27.2324931142,704,26.634039167397933,26.7569213880487,26.963055323753633,,,26.72097836695399,"rgba(38, 166, 154, 0.5)",0.471994580543804,26.72097836695399,0.8532609797807493,3,0.2997694955448125,0.8993084866344376,0.0,0.0,0.0,0.0,60.331899790014106,5.585864421034117,False,False,True,False,True,10.5224143426727
2024-08-30 00:00:00+00:00,27.2662879923,27.2662879923,27.1763243419,27.1763243419,1135,26.63495827638353,26.757704062383603,26.9675129844994,,,26.722280139935954,"rgba(38, 166, 154, 1.0)",0.4699239133824037,26.722280139935954,1.1576509236323043,3,0.2973730880869488,0.8921192642608464,0.0,0.0,0.0,0.0,61.17301154073962,6.03738095420448,False,False,True,False,True,11.932474191936652
2024-09-03 00:00:00+00:00,26.9059653178,26.9059653178,26.9059653178,26.9059653178,49,26.63497613034094,26.75771451198253,26.9674696672194,,,26.722255985037528,#000000,0.46671718569853377,26.722255985037528,0.3936202445331322,3,0.29762718510996183,0.8928815553298854,0.0,0.0,0.0,0.0,57.378991225878956,6.03738095420448,False,False,True,False,False,7.291535033251037
2024-09-04 00:00:00+00:00,26.9347986209,26.9347986209,26.9347986209,26.9347986209,31,26.634988626186246,26.75772240781251,26.96745512653291,,,26.722245189211872,#000000,0.46284060440750796,26.722245189211872,0.45923678619386193,3,0.29734636080680316,0.8920390824204094,0.0,0.0,0.0,0.0,55.150339667208605,10.237060246918503,False,True,True,False,False,7.585404521610222
2024-09-05 00:00:00+00:00,26.8549453496,26.8549453496,26.8549453496,26.8549453496,31,26.63499779304573,26.757726742597804,26.967405074826853,,,26.722222271619916,#000000,0.4576907893479384,26.722222271619916,0.2899841575775919,3,0.2987797429692986,0.8963392289078957,0.0,0.0,0.0,0.0,52.78769019169364,7.934357886659029,False,True,False,False,False,6.5847304404132
2024-09-06 00:00:00+00:00,26.5372173275,26.5372173275,26.5372173275,26.5372173275,4,26.634997267232638,26.757725474006385,26.96738038261314,,,26.723359046919235,#000000,0.45145193445215825,26.723359046919235,-0.41231791296923176,3,0.3024935181178641,0.9074805543535924,0.0,0.0,0.0,0.0,48.247322502081296,3.6710211208038714,False,True,False,True,False,2.759315826042986
2024-09-09 00:00:00+00:00,26.73642924,26.73642924,26.6147302333,26.6147302333,149,26.635009456869266,26.757712219736607,26.966801089340965,,,26.73085703680335,#000000,0.4470956377576985,26.73085703680335,0.012463112421753195,4,0.29566376470163963,1.1826550588065585,0.0,0.0,0.0,0.0,47.51591236393788,3.042286118483716,False,True,False,True,False,4.863329157123388
2024-09-10 00:00:00+00:00,26.8540092034,26.8540092034,26.7597392805,26.8112273218,835,26.63521974266283,26.757790018989894,26.965097165769613,,,26.735664144504796,#000000,0.441976510839396,26.735664144504796,0.2677632317392738,4,0.3000815901025496,1.2003263604101984,0.0,0.0,0.0,0.0,48.259458537673765,3.042286118483716,False,True,False,True,False,6.072399960955142
2024-09-11 00:00:00+00:00,27.051723282,27.051723282,27.051723282,27.051723282,13,26.635227012080797,26.757795506867602,26.96511309757284,,,26.735829368748348,"rgba(38, 166, 154, 0.5)",0.4335082211296259,26.735829368748348,0.7286918629328499,4,0.30482164544104035,1.2192865817641614,0.0,0.0,0.0,0.0,50.63804156337961,3.042286118483716,False,True,False,False,True,8.052641788141813
2024-09-12 00:00:00+00:00,27.1742648203,27.1742648203,27.1742648203,27.1742648203,58,26.635268983243087,26.757830195498766,26.96528457460828,,,26.736887254179372,"rgba(38, 166, 154, 1.0)",0.4306397404451534,26.736887254179372,1.0156460842849968,4,0.31129048980492574,1.245161959219703,0.0,0.0,0.0,0.0,53.282066932386435,-2.343460789143691,False,True,True,False,True,9.247339574153557
2024-09-13 00:00:00+00:00,27.3354691968,27.3354691968,27.2576754472,27.2980233486,1424,26.636555506072135,26.75895611677639,26.97207738575729,,,26.75281372151877,"rgba(38, 166, 154, 1.0)",0.43016223098640693,26.75281372151877,1.3545017049617272,4,0.3161226244292672,1.2644904977170688,0.0,0.0,0.0,0.0,56.334344881001144,0.5494805525239528,False,False,True,False,True,10.78558132466468
2024-09-16 00:00:00+00:00,27.3477327121,27.3477327121,27.2886618866,27.2886618866,906,26.63739392218847,26.759694074974433,26.97649083992457,,,26.757163084177876,"rgba(38, 166, 154, 1.0)",0.424433102667379,26.757163084177876,1.3914315924244596,4,0.31910566104015897,1.2764226441606359,0.0,0.0,0.0,0.0,58.466276457987775,2.55379141906171,False,False,True,False,True,10.901985327988534
2024-09-17 00:00:00+00:00,27.3285417149,27.3285417149,27.3261077348,27.3261077348,102,26.63748814350135,26.75977699096461,26.976980439294902,,,26.75755255877283,"rgba(38, 166, 154, 1.0)",0.4125939574877957,26.75755255877283,1.383900917027023,4,0.32259410572168384,1.2903764228867354,0.0,0.0,0.0,0.0,59.61215207441682,3.6797876029467886,True,False,True,False,True,10.654049237270279
2024-09-18 00:00:00+00:00,27.2539308623,27.3307884658,27.2539308623,27.3307884658,457,26.637880531560803,26.760116700752526,26.978858349962092,,,26.758764770910023,"rgba(38, 166, 154, 1.0)",0.4027419625418321,26.758764770910023,1.229487208794499,4,0.32858527492511275,1.314341099700451,0.0,0.0,0.0,0.0,59.27573875986309,3.6797876029467886,True,False,True,False,True,9.684391859348377
2024-09-19 00:00:00+00:00,27.5774629909,27.5788672102,27.5695057482,27.5695057482,1009,26.63914367394459,26.76129129240306,26.986920783242766,,,26.76529852065668,"rgba(0, 255, 0, 1.0)",0.4001702301699844,26.76529852065668,2.0295474500897517,4,0.3303182170049579,1.3212728680198316,0.0,0.0,0.0,0.0,61.84956613727634,6.072417782368703,True,False,True,False,True,12.800049864176422
2024-09-20 00:00:00+00:00,27.5733439476,27.5733439476,27.5427319667,27.5427319667,541,26.639810773867044,26.761910314448265,26.991067182265958,,,26.768075491688734,"rgba(0, 255, 0, 1.0)",0.3980338833934117,26.768075491688734,2.023115341452854,4,0.3322616347191166,1.3290465388764665,0.0,0.0,0.0,0.0,63.50221121732587,7.77022698987367,True,False,True,False,True,12.745673347520572
2024-09-23 00:00:00+00:00,27.5966539881,27.5966539881,26.5303834602,26.5303834602,2300,26.64165111323523,26.763478317625715,26.998493108055538,,,26.805054251159913,"rgba(0, 255, 255, 0.75)",0.4024152413217929,26.805054251159913,1.9671216585633329,4,0.3381368731201491,1.3525474924805965,0.0,0.0,0.0,0.0,64.79563146136465,9.146447975071382,True,False,True,False,True,12.96752177141223
2024-09-24 00:00:00+00:00,27.6574098769,27.7005662169,27.6490781756,27.7005662169,1442,26.643618324042354,26.76533174844999,27.010744096648054,,,26.82008874591625,"rgba(0, 255, 0, 1.0)",0.40714316695898917,26.82008874591625,2.0565766514953974,4,0.3457576950646935,1.383030780258774,0.0,0.0,0.0,0.0,66.17233784746011,10.62285110719408,True,False,True,False,True,13.54993127789891
2024-09-25 00:00:00+00:00,27.6352232118,27.6352232118,27.6069515964,27.6256745205,420,26.644165792020637,26.765844407435377,27.013999833719634,,,26.82281181586339,"rgba(0, 255, 255, 0.75)",0.4097830462834034,26.82281181586339,1.9825402815097235,5,0.3019497394722953,1.5097486973614767,0.0,0.0,0.0,0.0,66.66162005628648,11.29474605947788,True,False,True,False,True,13.241215816788475
2024-09-26 00:00:00+00:00,27.7166679317,27.7166679317,27.7005662169,27.7005662169,161,26.64439375814209,26.766060287688905,27.01541188879056,,,26.82406402387947,"rgba(0, 255, 0, 1.0)",0.41444392120160184,26.82406402387947,2.1537386897426227,5,0.3044828683599635,1.5224143417998177,0.0,0.0,0.0,0.0,67.74329335972709,12.562174159388562,True,False,True,False,True,14.037336515740954
2024-09-27 00:00:00+00:00,27.7261230083,27.7261230083,27.7261230083,27.7261230083,68,26.644491349961154,26.76615286663396,27.01601923495228,,,26.8245983126509,"rgba(0, 255, 0, 1.0)",0.41978151022621213,26.8245983126509,2.147604584021071,5,0.3052146583073191,1.5260732915365955,0.0,0.0,0.0,0.0,68.55333275160532,13.577626632835013,True,False,True,False,True,14.130288243141923
2024-09-30 00:00:00+00:00,27.7848193754,27.7848193754,27.7848193754,27.7848193754,82,26.64461539583761,26.766271306822656,27.016810668151912,,,26.825327348813982,"rgba(0, 255, 0, 1.0)",0.42952249730692416,26.825327348813982,2.233857440767287,5,0.30534400713835047,1.5267200356917523,0.0,0.0,0.0,0.0,69.66085784505285,14.873720000661223,True,False,True,False,True,14.7125795793687
2024-10-01 00:00:00+00:00,27.6507632388,27.6507632388,27.6507632388,27.6507632388,299,26.64501432835795,26.766646136690863,27.01918142907224,,,26.82709736512598,"rgba(0, 255, 255, 0.75)",0.4357747640005847,26.82709736512598,1.890118340292223,5,0.3073494460284455,1.5367472301422276,0.0,0.0,0.0,0.0,67.39441530737847,14.873720000661223,True,False,True,False,False,12.756141953841894
2024-10-02 00:00:00+00:00,27.6181853509,27.6181853509,27.6181853509,27.6181853509,130,26.6451820635197,26.766803005687436,27.020153789466796,,,26.827753938380646,"rgba(0, 255, 255, 0.75)",0.4402356362328264,26.827753938380646,1.7954734861612158,5,0.3092831088739374,1.546415544369687,0.0,0.0,0.0,0.0,65.2037436722807,14.873720000661223,True,False,True,False,False,12.284124485031942
2024-10-03 00:00:00+00:00,27.557710306,27.6350359826,27.541421362,27.6350359826,1867,26.64748554705964,26.768943638634468,27.03286386267667,,,26.834707714708554,"rgba(0, 255, 255, 0.75)",0.4452671842722125,26.834707714708554,1.6237500018627962,5,0.3115582915339313,1.5577914576696563,0.0,0.0,0.0,0.0,62.48380767779072,17.29089727129363,True,False,True,False,False,11.403804393333186
2024-10-04 00:00:00+00:00,27.7007534462,27.7007534462,27.6231469257,27.7005662169,1061,26.648925218679302,26.770300096061035,27.041069712538153,,,26.839483510419957,"rgba(0, 255, 255, 0.75)",0.45319612403338533,26.839483510419957,1.9004353526125857,5,0.31298737806689536,1.5649368903344767,0.0,0.0,0.0,0.0,62.662881934600506,17.29089727129363,True,False,True,False,False,12.915122694698145
2024-10-07 00:00:00+00:00,27.5787735956,27.5787735956,27.5787735956,27.5787735956,485,26.649520448491984,26.770853065674935,27.044193014971594,,,26.840871494078506,"rgba(0, 255, 255, 0.75)",0.45789253895746596,26.840871494078506,1.611518071907347,5,0.3147284748991048,1.5736423744955241,0.0,0.0,0.0,0.0,60.35696665701767,15.135498717426657,True,False,True,False,False,11.133997711601939
2024-10-08 00:00:00+00:00,27.7361397727,27.7361397727,27.6022708654,27.6443974446,1750,26.651921674749836,26.773119600210265,27.057481654221064,,,26.847840327929354,"rgba(0, 255, 255, 0.75)",0.4652845378497638,26.847840327929354,1.909153157927352,5,0.31309081996239735,1.5654540998119868,0.0,0.0,0.0,0.0,60.89634204408555,15.135498717426657,True,False,True,False,False,12.793075544678448
2024-10-09 00:00:00+00:00,27.8638301151,27.8638301151,27.751118112,27.7754579134,766,26.65310502358483,26.774253227602284,27.06432810521772,,,26.851751051380866,"rgba(0, 255, 0, 1.0)",0.47506539935613745,26.851751051380866,2.130399446246389,5,0.3107958698703845,1.5539793493519225,0.0,0.0,0.0,0.0,62.670763900937715,15.135498717426657,True,False,True,False,False,14.102903325845464
2024-10-10 00:00:00+00:00,27.8503496098,27.8503496098,27.7941808375,27.8035422995,788,26.654325430927898,26.7754228064145,27.071293823140557,,,26.855571011251158,"rgba(0, 255, 0, 1.0)",0.4834504348299867,26.855571011251158,2.057664088974646,5,0.30906639501644395,1.5453319750822199,0.0,0.0,0.0,0.0,63.571241680556795,15.135498717426657,True,False,True,False,True,13.901250004676971
2024-10-11 00:00:00+00:00,27.9293603495,27.9293603495,27.9293603495,27.9293603495,2,26.65432878206316,26.775426045973916,27.071313593575365,,,26.85558250189323,"rgba(0, 255, 0, 1.0)",0.4930012347703827,26.85558250189323,2.178042917289825,5,0.30676296773104417,1.5338148386552208,0.0,0.0,0.0,0.0,65.0512987421429,15.135498717426657,True,False,True,False,True,14.71719495078657
2024-10-14 00:00:00+00:00,28.0770842207,28.0770842207,28.0770842207,28.0770842207,189,26.654682066160962,26.775771282869346,27.073498744491843,,,26.856955107007146,"rgba(0, 255, 0, 1.0)",0.5054145854346446,26.856955107007146,2.4141153596578024,5,0.3025951675690091,1.5129758378450455,0.0,0.0,0.0,0.0,67.48291586477981,12.907232670954208,True,False,True,False,True,16.21492682176581
2024-10-15 00:00:00+00:00,27.9267391401,27.9267391401,27.9267391401,27.9267391401,7,26.654693764728158,26.775782589036904,27.073567396807032,,,26.856994401434463,"rgba(0, 255, 0, 1.0)",0.5127563498746632,26.856994401434463,2.0862632689522482,5,0.30089549317886954,1.5044774658943476,0.0,0.0,0.0,0.0,65.92747105739572,12.907232670954208,True,False,True,False,True,13.92059903364379
2024-10-16 00:00:00+00:00,28.0280301596,28.0280301596,27.9252413062,28.0001330027,2433,26.65896042976473,26.779926952414637,27.098601457789318,,,26.871050516693675,"rgba(0, 255, 0, 1.0)",0.5213740184692536,26.871050516693675,2.2190972352308624,5,0.3004471132547954,1.502235566273977,0.0,0.0,0.0,0.0,65.9928308239666,12.907232670954208,True,False,True,False,True,14.958830855638638
2024-10-17 00:00:00+00:00,28.0259706379,28.1124705473,27.9907715406,28.1124705473,2275,26.663071947833085,26.783933115039787,27.122031163270847,,,26.95674239542954,"rgba(0, 255, 0, 1.0)",0.5302862367619878,26.95674239542954,2.0163228240644835,4,0.3486245067006331,1.3944980268025324,0.0,0.0,0.0,0.0,65.99264768064685,12.907232670954208,True,False,True,False,True,14.9271162301116
2024-10-18 00:00:00+00:00,28.0804543471,28.0804543471,28.0804543471,28.0804543471,51,26.663166327477697,26.7840252900635,27.122563864314625,,,26.957052084153297,"rgba(0, 255, 0, 1.0)",0.5408747334830196,26.957052084153297,2.0770100605595645,4,0.34657128551644173,1.386285142065767,0.0,0.0,0.0,0.0,66.61163022533813,12.907232670954208,True,False,True,False,True,15.493427158256281
2024-10-21 00:00:00+00:00,28.0024733682,28.0024733682,27.9814100785,27.9954522716,529,26.66408587544611,26.784917970917963,27.127567363913396,,,26.958974431482556,"rgba(0, 255, 255, 0.75)",0.5498590820641032,26.958974431482556,1.8977570267645272,4,0.3476978771840416,1.3907915087361664,0.0,0.0,0.0,0.0,65.23357751291054,12.907232670954208,True,False,True,False,False,14.2644301120459
2024-10-22 00:00:00+00:00,28.0167964051,28.0167964051,28.0167964051,28.0167964051,32,26.664142350673476,26.78497287969595,27.12787559222304,,,26.95911148488495,"rgba(0, 255, 255, 0.75)",0.559001131233764,26.95911148488495,1.8920979960821307,5,0.3007902329813158,1.5039511649065789,0.0,0.0,0.0,0.0,64.51180768042927,12.907232670954208,True,False,True,False,False,14.41863325391705
2024-10-23 00:00:00+00:00,27.8255417353,27.883114727,27.8255417353,27.883114727,264,26.66454884711334,26.785362440868507,27.129919707071792,,,26.959147730411757,"rgba(0, 255, 255, 0.75)",0.5639237603543316,26.959147730411757,1.536367264156167,5,0.3040478145835387,1.5202390729176933,0.0,0.0,0.0,0.0,60.08194560484384,14.05280329950817,False,False,True,False,False,11.428716899321756
2024-10-24 00:00:00+00:00,27.8724426602,27.8724426602,27.8724426602,27.8724426602,86,26.6646843136655,26.785492599303165,27.130608793756323,,,26.95924204160014,"rgba(0, 255, 255, 0.75)",0.5699960585812578,26.95924204160014,1.6021174266938805,5,0.3070715319445809,1.5353576597229046,0.0,0.0,0.0,0.0,57.9127840400779,12.065710251324631,False,False,True,False,False,11.956209789045122
2024-10-25 00:00:00+00:00,27.8527835899,28.0328981198,27.8527835899,28.0328981198,286,26.66514965472071,26.78594129939311,27.133015473442345,,,26.959874165975283,"rgba(0, 255, 255, 0.75)",0.5751295350382011,26.959874165975283,1.552536201893037,5,0.31003781704092154,1.5501890852046076,0.0,0.0,0.0,0.0,56.07824017368384,10.395122448888777,False,True,True,False,False,11.648689958544118
2024-10-28 00:00:00+00:00,27.9626871544,27.9907715406,27.9533256924,27.9907715406,1027,26.66689281022081,26.787629676514502,27.142150013007313,,,26.963555969089565,"rgba(0, 255, 255, 0.75)",0.5822060858313968,26.963555969089565,1.7161125752982558,5,0.30986709543714125,1.5493354771857062,0.0,0.0,0.0,0.0,56.72677988584568,10.395122448888777,False,True,True,False,False,12.901474935568967
2024-10-29 00:00:00+00:00,27.9407813332,27.9407813332,27.9407813332,27.9407813332,222,26.667260872051493,26.787985327930908,27.144032057857668,,,26.964238439130828,"rgba(0, 255, 255, 0.75)",0.5886760365902519,26.964238439130828,1.6588799838456745,5,0.31031748397525105,1.5515874198762551,0.0,0.0,0.0,0.0,56.67145576901009,10.395122448888777,False,True,True,False,False,12.549350995694375
2024-10-30 00:00:00+00:00,27.8957527008,27.9346963829,27.8957527008,27.9346963829,274,26.6677034292406,26.788411788244936,27.146249804978318,,,26.96493256325322,"rgba(0, 255, 255, 0.75)",0.5939365314147655,26.96493256325322,1.5672047235915105,5,0.31159762678468655,1.5579881339234327,0.0,0.0,0.0,0.0,55.61764797226292,9.81024148911687,False,True,True,False,False,11.819857204404315
2024-10-31 00:00:00+00:00,27.4571682035,27.6350359826,27.4571682035,27.6350359826,1829,26.669718289341386,26.790256338436222,27.15328054840182,,,26.959391794615204,"rgba(38, 166, 154, 0.5)",0.5943721797679921,26.959391794615204,0.8374826848038192,5,0.31535101698576723,1.576755084928836,0.0,0.0,0.0,0.0,48.38250121588683,2.9997786932656823,False,True,False,True,False,5.179796318515329
2024-11-01 00:00:00+00:00,27.541421362,27.5600506715,27.541421362,27.541421362,1305,26.671202775907844,26.791622981604117,27.158552723046107,,,26.957807666802314,"rgba(38, 166, 154, 0.5)",0.5944711086825675,26.957807666802314,0.9817360115129203,5,0.318426267140067,1.592131335700335,0.0,0.0,0.0,0.0,45.14149943344953,0.19552210202437692,False,True,False,True,False,6.211080416922712
2024-11-04 00:00:00+00:00,27.4752358253,27.546102093,27.4384452794,27.546102093,1136,26.672401226531726,26.792712908601224,27.162326524481564,,,26.999426226448605,"rgba(38, 166, 154, 0.5)",0.5926728796174524,26.999426226448605,0.802819928521973,5,0.320273818194389,1.601369090971945,0.0,0.0,0.0,0.0,42.22769278705594,-2.3125615707440517,False,True,False,True,False,5.260800555647823
2024-11-05 00:00:00+00:00,27.7082426158,27.7082426158,27.7082426158,27.7082426158,44,26.672460191868407,26.79276851834223,27.16256966469553,,,26.999903595266847,"rgba(38, 166, 154, 1.0)",0.5945290747879102,26.999903595266847,1.191428730017691,5,0.3206960776345687,1.6034803881728434,0.0,0.0,0.0,0.0,44.19776837958463,-2.3125615707440517,False,True,False,True,False,8.074062105842259
2024-11-06 00:00:00+00:00,28.227990989,28.227990989,28.0516210439,28.082701098,730,26.673872437815373,26.79415420837956,27.169953367596406,,,27.017746093858005,"rgba(0, 255, 0, 1.0)",0.6040984812574919,27.017746093858005,2.00339006418746,5,0.31710722004613034,1.5855361002306516,0.0,0.0,0.0,0.0,50.89953539957901,-5.457473609597145,False,True,False,False,True,13.702340018560466
2024-11-07 00:00:00+00:00,28.3843274053,28.3843274053,28.3558685607,28.3558685607,434,26.674826075424633,26.79509971386194,27.175184882324665,,,27.027316706893185,"rgba(0, 255, 0, 1.0)",0.6103561576096594,27.027316706893185,2.223309589799636,5,0.3110118687615828,1.555059343807914,0.0,0.0,0.0,0.0,56.47980831917543,-0.5843884171336171,False,True,True,False,True,15.244743929122773
2024-11-08 00:00:00+00:00,28.5292428379,28.5316768181,28.5292428379,28.5316768181,503,26.676030779875592,26.79630165597242,27.18196873692208,,,27.038264700065184,"rgba(0, 255, 0, 1.0)",0.6183058906381368,27.038264700065184,2.41139241985228,5,0.30369097142352186,1.5184548571176093,0.0,0.0,0.0,0.0,61.1387378274734,3.3914220643058144,True,False,True,False,True,16.63387583407278
2024-11-11 00:00:00+00:00,28.4704528562,28.5618207259,28.4704528562,28.5337363397,8587,26.696038731444077,26.816226138962747,27.28583076240928,,,27.121149918980837,"rgba(0, 255, 0, 1.0)",0.6263730165059287,27.121149918980837,2.1541524006668205,4,0.3475669248739326,1.3902676994957304,0.0,0.0,0.0,0.0,63.366678507910116,5.174516023920141,True,False,True,False,True,15.760448818397766
2024-11-12 00:00:00+00:00,28.4082927482,28.6554353464,28.402675871,28.4213987951,1439,26.699326594228896,26.81949591408169,27.301498723083213,,,27.12998539126595,"rgba(0, 255, 0, 1.0)",0.6324877495322144,27.12998539126595,2.02107844441174,4,0.34224337972264324,1.368973518890573,0.0,0.0,0.0,0.0,63.90993167970357,5.591136833159425,True,False,True,False,True,14.836588790751293
2024-11-13 00:00:00+00:00,28.4262667553,28.4262667553,28.4262667553,28.4262667553,54,26.69944543658979,26.819613779739612,27.302048189549705,,,27.130267180219487,"rgba(0, 255, 0, 1.0)",0.6368185731575674,27.130267180219487,2.035115855139865,4,0.33725475834179586,1.3490190333671834,0.0,0.0,0.0,0.0,64.42472179837831,6.20616626924155,True,False,True,False,True,15.016743928448633
2024-11-14 00:00:00+00:00,28.3875103024,28.3875103024,28.3875103024,28.3875103024,174,26.69981966978682,26.819984292856223,27.30375413562321,,,27.13109472342119,"rgba(0, 255, 255, 0.75)",0.6438051536767557,27.13109472342119,1.9515463208137604,4,0.3332985836523465,1.333194334609386,0.0,0.0,0.0,0.0,64.11137144099044,6.20616626924155,True,False,True,False,True,14.427549585944394
2024-11-15 00:00:00+00:00,28.0939348524,28.3371456366,28.0939348524,28.1967237058,1389,26.7024257326744,26.822535623026077,27.314549372181766,,,27.134373889063646,"rgba(38, 166, 154, 1.0)",0.641391418186189,27.134373889063646,1.496061431644856,4,0.33214014749046505,1.3285605899618602,0.0,0.0,0.0,0.0,59.66020986892693,6.20616626924155,False,False,True,False,False,10.121073898427511
2024-11-18 00:00:00+00:00,28.152256761,28.4401217192,28.152256761,28.2059915532,774,26.703945926790432,26.824029878527615,27.320951571747315,,,27.136818567778693,"rgba(0, 255, 255, 0.75)",0.6354322474564253,27.136818567778693,1.5980274801696155,4,0.3308491237196892,1.3233964948787569,0.0,0.0,0.0,0.0,57.3816578090542,6.20616626924155,False,False,True,False,False,10.748295832120501
2024-11-19 00:00:00+00:00,28.1616182231,28.2248080919,28.1031090852,28.1031090852,448,26.704776091160603,26.82484178578142,27.32428111931847,,,27.137833628192652,"rgba(0, 255, 255, 0.75)",0.610549123742143,27.137833628192652,1.6768259180070968,4,0.32984321313805426,1.319372852552217,0.0,0.0,0.0,0.0,55.97829472074385,13.689494534757188,False,True,True,False,False,10.849874140690297
2024-11-20 00:00:00+00:00,28.1990640713,28.3371456366,28.1592778576,28.1967237058,4048,26.712585703148118,26.83250758925773,27.355581212901665,,,27.149621909060112,"rgba(0, 255, 255, 0.75)",0.5927871676167525,27.149621909060112,1.7703523618081611,4,0.3289568621920713,1.3158274487682853,0.0,0.0,0.0,0.0,55.532091783930504,12.968748696358873,False,True,True,False,False,11.261169989709607
2024-11-21 00:00:00+00:00,28.3231034435,28.4213987951,28.2060851678,28.2060851678,9014,26.730649698408303,26.850300416639314,27.42414093661052,,,27.179395176678064,"rgba(0, 255, 0, 1.0)",0.5675343278873575,27.179395176678064,2.0152230633861064,4,0.32678432015593323,1.307137280623733,0.0,0.0,0.0,0.0,56.784787287088974,12.968748696358873,False,True,True,False,False,12.613178680959386
2024-11-22 00:00:00+00:00,28.4479853473,28.5150134156,28.3504389127,28.3839529469,1889,26.734668534520626,26.854278272992396,27.439068441532076,,,27.186645203515365,"rgba(0, 255, 0, 1.0)",0.5536872891885797,27.186645203515365,2.2780731441986166,4,0.32327180163464664,1.2930872065385866,0.0,0.0,0.0,0.0,59.00356991882757,12.968748696358873,False,False,True,False,False,13.943693753715593
2024-11-25 00:00:00+00:00,28.5888753512,28.6835197326,28.5337363397,28.5337363397,2402,26.740241673982823,26.859829317469018,27.460445323690802,,,27.198100473804395,"rgba(0, 255, 0, 1.0)",0.5452272493781637,27.198100473804395,2.550816891455433,4,0.31836172358640263,1.2734468943456105,0.0,0.0,0.0,0.0,61.85158300115295,12.968748696358873,True,False,True,False,True,15.4068078166943
2024-11-26 00:00:00+00:00,28.7155359328,28.7155359328,28.5711821879,28.5711821879,590,26.74165340032578,26.861238383955133,27.465870250668214,,,27.20107302473598,"rgba(0, 255, 0, 1.0)",0.5393668497381144,27.20107302473598,2.8078531500394552,4,0.3124831707747412,1.2499326830989648,0.0,0.0,0.0,0.0,64.83171978124031,8.025045140955065,True,False,True,False,True,16.688654087751605
2024-11-27 00:00:00+00:00,28.6367124223,28.7677728911,28.6367124223,28.6975619257,832,26.743654058361116,26.863235931581613,27.473519726617905,,,27.205266763083426,"rgba(0, 255, 0, 1.0)",0.5348581340169878,27.205266763083426,2.676309040054928,4,0.30793110387591716,1.2317244155036686,0.0,0.0,0.0,0.0,65.30698365365043,8.65987504074127,True,False,True,False,True,15.453130289769
2024-11-29 00:00:00+00:00,28.8155163475,28.8520260495,28.7396885049,28.7396885049,328,26.744491261379117,26.86407501561683,27.47681117102333,,,27.207156982881163,"rgba(0, 255, 0, 1.0)",0.5360230295247586,27.207156982881163,3.0005415365172277,4,0.30174112323707364,1.2069644929482946,0.0,0.0,0.0,0.0,67.17378135932901,10.66655791809417,True,False,True,False,True,17.254282836834918
2024-12-02 00:00:00+00:00,28.8476261624,28.9643635942,28.8367668664,28.8520260495,1186,26.747630997403196,26.867228736196846,27.48929231983464,,,27.21447499687114,"rgba(0, 255, 0, 1.0)",0.5429633649636877,27.21447499687114,3.0078478050505,4,0.2961270864754426,1.1845083459017705,0.0,0.0,0.0,0.0,68.67530191290268,12.32085044590039,True,False,True,False,True,17.572589311987826
2024-12-03 00:00:00+00:00,28.8237544341,28.8237544341,28.8237544341,28.8237544341,191,26.748121789717167,26.86772082725274,27.49119721254207,,,27.215562655733827,"rgba(0, 255, 0, 1.0)",0.5490314045520621,27.215562655733827,2.9291435153481746,4,0.2909328472622175,1.16373138904887,0.0,0.0,0.0,0.0,69.16950394632079,13.056473166056321,True,False,True,False,True,17.18709691423883
2024-12-04 00:00:00+00:00,29.0130431969,29.0205323665,28.9222370149,28.9222370149,459,26.74939198990222,26.868999944916915,27.496304947390264,,,27.218621788632788,"rgba(0, 255, 0, 1.0)",0.563609587580795,27.218621788632788,3.1838021350372725,4,0.2845930228450359,1.1383720913801436,0.0,0.0,0.0,0.0,71.05206219660302,15.119611227390308,True,False,True,False,True,19.071532176981393
2024-12-05 00:00:00+00:00,29.0029328178,29.104785525,29.0029328178,29.104785525,181,26.749904031736584,26.869516212984365,27.49837900616476,,,27.219877158074063,"rgba(0, 255, 0, 1.0)",0.5753080447064006,27.219877158074063,3.0993059737864312,4,0.27865969032755267,1.1146387613102107,0.0,0.0,0.0,0.0,72.08040792803405,16.35245443246616,True,False,True,False,True,18.904707481643143
2024-12-06 00:00:00+00:00,29.077637285,29.1984001455,29.077637285,29.1984001455,281,26.750726657245178,26.870347163755266,27.50175687241789,,,27.342437703580334,"rgba(0, 255, 0, 1.0)",0.5892106152111252,27.342437703580334,2.9449564156238313,4,0.27311393749264395,1.0924557499705758,0.0,0.0,0.0,0.0,73.35907465892174,17.82568755624345,True,False,True,False,True,19.64484639766056
2024-12-09 00:00:00+00:00,28.9100671143,29.0860626009,28.9100671143,29.0767011388,1487,26.754796638409037,26.874443049048182,27.517771558538566,,,27.345381238919913,"rgba(0, 255, 0, 1.0)",0.5939708478492073,27.345381238919913,2.6342805897728434,4,0.2695502071729467,1.0782008286917868,0.0,0.0,0.0,0.0,70.53922708943071,17.82568755624345,True,False,True,False,False,16.870337026874733
2024-12-10 00:00:00+00:00,28.8333967401,28.9456406701,28.8333967401,28.9271049752,641,26.756469084456434,26.87612140879492,27.524109004760113,,,27.347264105555155,"rgba(0, 255, 0, 1.0)",0.6003570610030888,27.347264105555155,2.475414600873993,4,0.2672150191524986,1.0688600766099945,0.0,0.0,0.0,0.0,67.18684075731863,22.756165772948293,True,False,True,False,False,15.629925922731076
2024-12-11 00:00:00+00:00,28.9787802457,29.0579782147,28.9787802457,29.0205323665,488,26.757821367238595,26.877483216615218,27.52937154424361,,,27.350664501318715,"rgba(0, 255, 0, 1.0)",0.6079495531366705,27.350664501318715,2.678044150178488,4,0.26360562625290423,1.054422505011617,0.0,0.0,0.0,0.0,66.58959282482658,22.11632625342989,True,False,True,False,False,17.141464550693023
2024-12-12 00:00:00+00:00,28.8613875116,28.926917746,28.8613875116,28.9268241313,552,26.759266143310445,26.87893335601901,27.534791183943305,,,27.352970445786987,"rgba(0, 255, 0, 1.0)",0.6128103455382381,27.352970445786987,2.461474543952345,4,0.2611406376346494,1.0445625505385976,0.0,0.0,0.0,0.0,64.02368383621791,19.581145149864653,True,False,True,False,False,15.248290048781637
2024-12-13 00:00:00+00:00,28.8096186264,28.8801104357,28.8096186264,28.8801104357,185,26.7597384987511,26.879406753572077,27.53653070850016,,,27.353599540771654,"rgba(0, 255, 0, 1.0)",0.6145456020276547,27.353599540771654,2.3692612571374703,3,0.26398705461244426,0.7919611638373327,0.0,0.0,0.0,0.0,61.40968270265931,17.051942327781475,False,False,True,False,False,14.42153062341555
2024-12-16 00:00:00+00:00,28.9211136395,28.9924479803,28.9081948219,28.9081948219,331,26.7606268733768,26.880299739473617,27.53988845351352,,,27.355443607031713,"rgba(0, 255, 0, 1.0)",0.6174409696492517,27.355443607031713,2.5357404341951804,3,0.2636497567274383,0.7909492701823149,0.0,0.0,0.0,0.0,61.10288962902008,16.672873625883383,False,False,True,False,False,15.617065856497799
2024-12-17 00:00:00+00:00,28.8672852327,28.8672852327,28.8333031254,28.8333031254,776,26.762626011311184,26.882304366525265,27.547225952972706,,,27.35866140792414,"rgba(0, 255, 0, 1.0)",0.6207659331666384,27.35866140792414,2.4302619460447827,3,0.26305478111339137,0.789164343340174,0.0,0.0,0.0,0.0,59.897930733456064,15.363414785412616,False,False,True,False,False,14.744532397174812
2024-12-18 00:00:00+00:00,28.2813513227,28.7022426567,28.2813513227,28.7022426567,303,26.76324383068885,26.88291399658458,27.549125399604396,,,27.357904745015286,"rgba(0, 255, 255, 0.75)",0.6087381766839471,27.357904745015286,1.5169848270649238,3,0.2646757502765765,0.7940272508297296,0.0,0.0,0.0,0.0,51.95295375444525,7.856130813690889,False,True,False,False,False,6.073658021370228
2024-12-19 00:00:00+00:00,28.1940088818,28.2809768643,28.1940088818,28.2809768643,344,26.763860739955398,26.883516255657778,27.550783190714697,,,27.35622767008973,"rgba(38, 166, 154, 1.0)",0.5961792965007024,27.35622767008973,1.4052504282313356,3,0.26698569733330346,0.8009570919999104,0.0,0.0,0.0,0.0,45.96400405989925,2.5062365971065503,False,True,False,True,False,4.89943865370039
2024-12-20 00:00:00+00:00,28.3662597836,28.5337363397,28.3662597836,28.5150134156,369,26.764612113574405,26.884257611750098,27.553076401741546,,,27.355771662088575,"rgba(0, 255, 255, 0.75)",0.5817218582259569,27.355771662088575,1.7370640405245419,2,0.27987326074217744,0.5597465214843549,0.0,0.0,0.0,0.0,44.415187137526985,1.3485475963718088,False,True,False,True,False,6.884729144907858
2024-12-23 00:00:00+00:00,28.4482661912,28.4482661912,28.3277841745,28.3277841745,242,26.765100361633387,26.88473900863271,27.554549718648534,,,27.355516484931503,"rgba(0, 255, 255, 0.75)",0.5564177879060946,27.355516484931503,1.9639014604129021,2,0.28163489160267663,0.5632697832053533,0.0,0.0,0.0,0.0,44.45779120326912,1.3485475963718088,False,True,False,True,False,7.809156666020321
2024-12-24 00:00:00+00:00,28.6949407163,28.6949407163,28.6189256444,28.6189256444,533,26.766345683931174,26.88598002181957,27.558765493371236,,,27.357020397344986,"rgba(0, 255, 0, 1.0)",0.5390003825796629,27.357020397344986,2.4822251749650155,2,0.2837355691205974,0.5674711382411948,0.0,0.0,0.0,0.0,47.33077138020036,1.3485475963718088,False,True,False,True,False,10.496137312628793
2024-12-26 00:00:00+00:00,28.7472712892,28.8333031254,28.7472712892,28.8333031254,127,26.76665873805554,26.886293083973097,27.559861021109622,,,27.3575668130959,"rgba(0, 255, 0, 1.0)",0.5245101160380828,27.3575668130959,2.649528452570777,2,0.29094222040776874,0.5818844408155375,0.0,0.0,0.0,0.0,49.78828186593435,1.3485475963718088,False,True,False,False,True,11.049744655726148
2024-12-27 00:00:00+00:00,28.4076,28.65,27.85,28.08,26981,26.815860308698507,26.934437597436233,27.679075471361326,,,27.383586683482342,"rgba(0, 255, 0, 1.0)",0.5105679700985462,27.383586683482342,2.0056356381306273,2,0.2979846063637238,0.5959692127274476,0.0,0.0,0.0,0.0,47.80893129495011,1.3485475963718088,False,True,False,True,True,6.421336792462082
2024-12-30 00:00:00+00:00,28.2452,28.34,28.2452,28.3217,896,26.817412851904457,26.935951296747817,27.68224484748667,,,27.384741185403204,"rgba(0, 255, 255, 0.75)",0.4982329654450942,27.384741185403204,1.7270210409062547,2,0.308661857903085,0.61732371580617,0.0,0.0,0.0,0.0,45.10832481834702,1.3485475963718088,False,True,False,True,False,4.339378894875416
2024-12-31 00:00:00+00:00,28.108,28.26,28.108,28.26,544,26.818277686681743,26.93678784089023,27.683773678033575,,,27.385087944964482,"rgba(38, 166, 154, 1.0)",0.48913575024797806,27.385087944964482,1.47793747373612,2,0.31738026164165445,0.6347605232833089,0.0,0.0,0.0,0.0,42.23957318037414,-0.4438554070465557,False,True,False,True,False,2.6282006707114753
2025-01-02 00:00:00+00:00,28.0493,28.32,27.93,28.25,1843,26.821070975305105,26.939477246206263,27.688247556190106,,,27.38572102420097,"rgba(38, 166, 154, 1.0)",0.48007290221437054,27.38572102420097,1.382246264553206,2,0.3257734262779548,0.6515468525559096,0.0,0.0,0.0,0.0,39.88177879011427,-2.764010922914423,False,True,False,True,False,1.9040753767886969
2025-01-03 00:00:00+00:00,28.3298,28.38,28.2135,28.22,1043,26.822902642616835,26.941265599832388,27.691995357548652,,,27.387274122621527,"rgba(0, 255, 0, 1.0)",0.47027911080421225,27.387274122621527,2.0041840169483236,2,0.33398802646188785,0.6679760529237757,0.0,0.0,0.0,0.0,41.79655190414479,-2.764010922914423,False,True,False,True,False,5.08415852598824
2025-01-06 00:00:00+00:00,28.4084,28.65,28.38,28.45,24886,26.87020914591881,26.987783781025463,27.791323326684928,,,27.440363052207083,"rgba(0, 255, 0, 1.0)",0.4583061023491948,27.440363052207083,2.1122061059866626,2,0.34079733134849544,0.6815946626969909,0.0,0.0,0.0,0.0,43.931686896851616,-2.764010922914423,False,True,False,True,True,5.943202411478794
2025-01-07 00:00:00+00:00,28.11,28.575,28.11,28.575,5231,26.87853161550318,26.995851516981084,27.80355775803537,,,27.445763781036966,"rgba(38, 166, 154, 1.0)",0.45269741251454,27.445763781036966,1.4672852121541538,2,0.34816521122146216,0.6963304224429243,0.0,0.0,0.0,0.0,42.70143754719575,-2.764010922914423,False,True,False,True,True,2.265508133101811
2025-01-08 00:00:00+00:00,28.2365,28.2365,28.2365,28.2365,7,26.87854245833289,26.9958620038454,27.80357272142766,,,27.44577021581487,"rgba(0, 255, 255, 0.75)",0.4466833493980498,27.44577021581487,1.7702244447900624,1,0.29752810065570434,0.29752810065570434,0.0,0.0,0.0,0.0,43.30572442687357,-2.764010922914423,False,True,False,True,True,3.667508938392949
2025-01-10 00:00:00+00:00,27.8699,27.91,27.8699,27.91,139,26.878701733383682,26.996010927085937,27.803627378231422,,,27.4457033938317,"rgba(38, 166, 154, 0.5)",0.44270037199819395,27.4457033938317,0.9582025067058948,1,0.3018046763338565,0.3018046763338565,0.0,0.0,0.0,0.0,40.954011017269394,-2.764010922914423,False,True,False,True,True,0.0
2025-01-13 00:00:00+00:00,27.9207,27.9207,27.74,27.74,2262,26.88122793070737,26.998365308934442,27.80425475018077,,,27.493484585757635,"rgba(38, 166, 154, 0.5)",0.4392513556213779,27.493484585757635,0.9725989658882525,1,0.30443801156992123,0.30443801156992123,-1.0,0.0,27.74,558.0,39.97095996581127,-3.47563489262091,False,True,False,True,True,0.0
2025-01-14 00:00:00+00:00,27.8931,28.04,27.8931,28.04,2210,26.883888155678086,27.000869770079362,27.805725045555675,,,27.494970240006268,"rgba(38, 166, 154, 0.5)",0.435619921467024,27.494970240006268,0.9139383677701499,1,0.30768887198545664,0.30768887198545664,0.0,0.0,0.0,0.0,39.110621440511956,-4.59780039238975,False,True,False,True,False,0.0
2025-01-15 00:00:00+00:00,28.3395,28.38,28.315,28.38,647,26.884959912372878,27.001913148683965,27.80740366197109,,,27.49861603242541,"rgba(0, 255, 255, 0.75)",0.4317815247613584,27.49861603242541,1.9474755619507798,1,0.30985971207379615,0.30985971207379615,0.0,0.0,0.0,0.0,43.20190036209726,-4.59780039238975,False,True,False,True,True,4.541968695520904
2025-01-16 00:00:00+00:00,28.3112,28.3112,28.29,28.29,600,26.885924739195023,27.002850005600976,27.80883384068629,,,27.501122447132623,"rgba(0, 255, 255, 0.75)",0.4278216284146495,27.501122447132623,1.8934936877063173,1,0.31386470174880116,0.31386470174880116,0.0,0.0,0.0,0.0,45.6665369711701,-10.629577456668542,False,True,False,True,True,4.21143898185835
2025-01-17 00:00:00+00:00,28.5165,28.6,28.5165,28.6,261,26.88641504414624,27.003332265378617,27.809753862768797,,,27.502856605057133,"rgba(0, 255, 0, 1.0)",0.4256890488873536,27.502856605057133,2.381182690962528,1,0.31523858533250426,0.31523858533250426,0.0,0.0,0.0,0.0,49.10648113538919,-7.31542177941072,False,True,False,False,True,6.323935536960072
2025-01-21 00:00:00+00:00,28.7482,28.7482,28.7482,28.7482,210,26.886857815735837,27.003771376262097,27.810697417581373,,,27.504682957449972,"rgba(0, 255, 0, 1.0)",0.4237540610517794,27.504682957449972,2.9345253694172393,1,0.31607303609656817,0.31607303609656817,0.0,0.0,0.0,0.0,53.150007778997065,-3.517822613304382,False,False,True,False,True,8.605719903530503
2025-01-22 00:00:00+00:00,28.872,28.872,28.83,28.83,547,26.88807811757565,27.004986046556485,27.813433077352077,,,27.509740533298423,"rgba(0, 255, 0, 1.0)",0.4227340415425199,27.509740533298423,3.222497676626207,1,0.3158066601751556,0.3158066601751556,0.0,0.0,0.0,0.0,56.69229799393415,-0.2562887092019679,False,False,True,False,True,9.787050838718454
2025-01-23 00:00:00+00:00,28.9853,28.9853,28.913,28.96,6160,26.902431367342693,27.019311644982025,27.846230981714978,,,27.551374406494755,"rgba(0, 255, 0, 1.0)",0.4219601072711866,27.551374406494755,3.398249191797849,1,0.3154920937234194,0.3154920937234194,0.0,0.0,0.0,0.0,59.80098032829068,2.591383400965661,True,False,True,False,True,10.852912986956056
2025-01-24 00:00:00+00:00,28.97,29.08,28.89,29.08,3957,26.911630331043863,27.028491844692372,27.86666730164535,,28.98,27.673522332177164,"rgba(0, 255, 0, 1.0)",0.4231352085392945,27.673522332177164,3.0639796491963094,1,0.31572633579148396,0.31572633579148396,0.0,1.0,29.08,633.0,61.67300173919278,4.326412508809327,True,False,True,False,True,10.659991468938099
2025-01-27 00:00:00+00:00,28.6307,28.73,28.58,28.73,2490,26.916451756280452,27.033246151829214,27.875417890198943,,28.851348068869243,27.672238209060044,"rgba(0, 255, 0, 1.0)",0.41577554250604754,27.672238209060044,2.305238507207325,1,0.31734431330992735,0.31734431330992735,0.0,0.0,0.0,0.0,58.95691043523806,4.326412508809327,False,False,True,False,True,6.514946593769714
2025-01-28 00:00:00+00:00,28.8473,28.8473,28.7,28.81,1413,26.919414053144454,27.0361834766,27.881253682711804,,28.84179358778626,27.67585043011162,"rgba(0, 255, 0, 1.0)",0.4141615897266834,27.67585043011162,2.828484337867866,1,0.321336986707079,0.321336986707079,0.0,0.0,0.0,0.0,58.89992891509111,4.326412508809327,False,False,True,False,True,8.607697119258201
2025-01-29 00:00:00+00:00,28.7211,28.74,28.7211,28.74,610,26.920641929780885,27.03739768598876,27.883557509053286,,28.83355508854782,27.67692297069072,"rgba(0, 255, 0, 1.0)",0.41256468320015116,27.67692297069072,2.5309413816274495,1,0.32635899309450994,0.32635899309450994,0.0,0.0,0.0,0.0,57.5364008802389,4.326412508809327,False,False,True,False,False,7.115852832236424
2025-01-30 00:00:00+00:00,28.8446,28.85,28.8446,28.85,861,26.922486174791988,27.039229017358192,27.88724360820227,,28.834740327939127,27.679622616327766,"rgba(0, 255, 0, 1.0)",0.41209825816762463,27.679622616327766,2.8269408098259152,1,0.332177138406293,0.332177138406293,0.0,0.0,0.0,0.0,57.64983206944155,4.326412508809327,False,False,True,False,False,8.30423740065568
2025-01-31 00:00:00+00:00,28.6902,28.944,28.6902,28.88,1108,26.924766165991727,27.041487108090763,27.89159481758823,,28.82837823546317,27.68220484221427,"rgba(0, 255, 0, 1.0)",0.41050566910597897,27.68220484221427,2.455496315022878,0,,,0.0,0.0,0.0,0.0,56.078378531349216,4.326412508809327,False,False,True,False,False,6.484462358434051
2025-02-03 00:00:00+00:00,28.5984,28.66,28.5,28.51,1984,26.928419841567887,27.045077313868784,27.89763870672184,,28.789690810056616,27.76630988810706,"rgba(0, 255, 0, 1.0)",0.409744802720611,27.76630988810706,2.0307520836580615,0,,,0.0,0.0,0.0,0.0,54.097601066009425,10.470968296594286,False,False,True,False,False,5.4186598151945695
2025-02-04 00:00:00+00:00,28.7164,28.78,28.54,28.54,4068,26.93627729976986,27.052826268453668,27.91133236546267,,28.76233626422493,27.7758679275067,"rgba(0, 255, 0, 1.0)",0.40793843196366825,27.7758679275067,2.305573583655552,0,,,0.0,0.0,0.0,0.0,53.93346702290734,9.998332020367904,False,False,True,False,False,6.592260722170998
2025-02-05 00:00:00+00:00,28.8032,28.8032,28.6977,28.6977,751,26.937794058701513,27.054326852095485,27.914095893231302,,28.762584408227973,27.778269639976997,"rgba(0, 255, 0, 1.0)",0.408308184859171,27.778269639976997,2.510188132467906,0,,,0.0,0.0,0.0,0.0,54.64823956788433,9.998332020367904,False,False,True,False,False,7.44748653803401
2025-02-06 00:00:00+00:00,28.854,28.854,28.82,28.82,470,26.938780673874092,27.05530547166631,27.915966711654992,,28.764709445573622,27.780199989801957,"rgba(0, 255, 0, 1.0)",0.4090772070606516,27.780199989801957,2.6249323884692397,0,,,0.0,0.0,0.0,0.0,55.61041314626441,9.998332020367904,False,False,True,False,False,7.948102333934973
2025-02-07 00:00:00+00:00,28.73,28.75,28.67,28.75,465,26.93969125441828,27.056204447349824,27.917559568372212,,28.76348042581284,27.78121196702741,"rgba(0, 255, 0, 1.0)",0.408722568122929,27.78121196702741,2.3213497540151224,0,,,0.0,0.0,0.0,0.0,54.683403765418504,9.836693514565638,False,False,True,False,False,6.44475934125656
2025-02-10 00:00:00+00:00,28.7908,28.93,28.77,28.89,50138,27.038632602337632,27.15400466808121,28.078756209597667,,28.8124964331894,27.8917829259269,"rgba(0, 255, 0, 1.0)",0.40781721567013507,27.8917829259269,2.2044608209974994,0,,,0.0,0.0,0.0,0.0,54.72966424794121,9.545941047367883,False,False,True,False,False,7.060825997300377
2025-02-11 00:00:00+00:00,28.87,28.87,28.7115,28.83,72126,27.163154934123117,27.276208983340165,28.22835437545928,,28.814894915539863,27.990960165361123,"rgba(0, 255, 0, 1.0)",0.40784890989556966,27.990960165361123,2.155307549709909,0,,,0.0,0.0,0.0,0.0,55.620082925431774,9.545941047367883,False,False,True,False,False,7.86277355009187
2025-02-12 00:00:00+00:00,28.79,28.8,28.595,28.7,9653,27.177685041399176,27.290349860250462,28.241553095815558,,28.809327877863208,27.99960006380102,"rgba(0, 255, 255, 0.75)",0.40313616556427423,27.99960006380102,1.9606277077439795,0,,,0.0,0.0,0.0,0.0,55.07257617943634,9.311325272991212,False,False,True,False,False,6.866744615248258
2025-02-13 00:00:00+00:00,29.02,29.02,28.8,28.82,35829,27.236608501095258,27.348128578514892,28.304477017602547,,28.835794272360065,28.049144830885673,"rgba(0, 255, 0, 1.0)",0.4022792192826787,28.049144830885673,2.413386331129656,0,,,0.0,0.0,0.0,0.0,57.14186579019905,9.311325272991212,False,False,True,False,True,9.187516952545671
2025-02-14 00:00:00+00:00,29.03,29.07,28.98,29.03,27067,27.280546915196755,27.391227299139164,28.3500890841305,,28.86005054306149,28.174172402143643,"rgba(0, 255, 0, 1.0)",0.4005917675190582,28.174172402143643,2.1364083519655503,0,,,0.0,0.0,0.0,0.0,58.61860314670422,9.311325272991212,True,False,True,False,True,9.28682214503479
2025-02-18 00:00:00+00:00,29.0036,29.0036,28.97,29.0,19818,27.31076922015967,27.42077353848431,28.378478785968458,,28.871316915083103,28.19564839933845,"rgba(0, 255, 0, 1.0)",0.4000430017755049,28.19564839933845,2.0196618790370793,0,,,0.0,0.0,0.0,0.0,59.16378739164308,9.311325272991212,True,False,True,False,True,8.945598230823265
2025-02-19 00:00:00+00:00,29.0301,29.0301,28.94,28.99,11889,27.328473456366087,27.438064973539912,28.394534810653308,,28.877572430257285,28.20827317027018,"rgba(0, 255, 0, 1.0)",0.399028985238622,28.20827317027018,2.0595667486119194,0,,,0.0,0.0,0.0,0.0,59.833134213516,6.095555819192533,True,False,True,False,True,9.218370539173765
2025-02-20 00:00:00+00:00,29.009,29.009,28.95,28.95,450,27.32913202191639,27.438707576131335,28.395115773229477,,28.877777582294165,28.208727676743372,"rgba(0, 255, 0, 1.0)",0.39618105285285066,28.208727676743372,2.019966168230324,0,,,0.0,0.0,0.0,0.0,59.875198743798514,6.335806237954181,True,False,True,False,True,8.936752039150917
2025-02-21 00:00:00+00:00,28.6673,28.92,28.6673,28.92,12227,27.344293499693087,27.453319558829637,28.404330220410095,,28.871780129435507,28.213146451245176,"rgba(38, 166, 154, 1.0)",0.37580704957493233,28.213146451245176,1.2084753313396017,0,,,0.0,0.0,0.0,0.0,54.68776148546817,8.423494881789402,False,False,True,False,False,4.54149245249431
2025-02-24 00:00:00+00:00,28.5766,28.6,28.5766,28.59,408,27.34473442414326,27.45373948654265,28.404485429366797,,28.87132528350829,28.213124255423356,"rgba(38, 166, 154, 1.0)",0.3567455656494752,28.213124255423356,1.0188654872693803,0,,,0.0,0.0,0.0,0.0,50.18370879585564,4.327357384800166,False,True,False,False,False,3.4291308108247236
2025-02-25 00:00:00+00:00,28.5048,28.5048,28.46,28.46,5345,27.350043637420857,27.458754527571216,28.405438772950248,,28.8635765678424,28.211653106904635,"rgba(38, 166, 154, 0.5)",0.333281819330323,28.211653106904635,0.8795766108226278,0,,,0.0,0.0,0.0,0.0,46.38398392780841,1.0124493453857042,False,True,False,True,False,2.5530538600269423
2025-02-26 00:00:00+00:00,28.5,28.66,28.49,28.63,1455,27.351556179595594,27.460190437907777,28.405876835449952,,28.861852134939895,28.21152215537914,"rgba(38, 166, 154, 0.5)",0.3175022480589733,28.21152215537914,0.9085852033629646,0,,,0.0,0.0,0.0,0.0,43.79586115378433,-1.1518866614074241,False,True,False,True,False,2.4940033480970527
2025-02-27 00:00:00+00:00,28.2187,28.4308,28.2187,28.4308,3614,27.35448329681176,27.462891765202894,28.405006688967323,,28.854138216702214,28.208902474778405,#000000,0.3176469005332117,28.208902474778405,0.03084407625305564,0,,,0.0,0.0,0.0,0.0,39.30088841575372,-5.118322310269775,False,True,False,True,False,0.0
2025-02-28 00:00:00+00:00,28.4841,28.4841,28.4841,28.4841,59,27.35454085172898,27.462946073724467,28.405016333994656,,28.854056830503318,28.208889834253135,"rgba(38, 166, 154, 0.5)",0.31698568206254385,28.208889834253135,0.8682100843045814,0,,,0.0,0.0,0.0,0.0,40.544235886526096,-5.118322310269775,False,True,False,True,False,2.172570574458284
2025-03-03 00:00:00+00:00,28.1685,28.1685,28.1685,28.1685,204,27.35468422083926,27.463075786332237,28.404916651264625,,28.8535358809601,28.20868540461197,#000000,0.32064352314568684,28.20868540461197,-0.12532735486975521,0,,,0.0,0.0,0.0,0.0,38.60857913064944,-5.278298772978722,False,True,False,True,False,0.0
2025-03-04 00:00:00+00:00,27.9576,28.1799,27.9576,28.1799,479,27.354964104496634,27.46332114151659,28.404547677427338,,28.852072125793555,28.208044460752568,"rgba(239, 83, 80, 0.5)",0.3285063364175032,28.208044460752568,-0.7623733030046493,0,,,0.0,0.0,0.0,0.0,35.881232121852406,-7.7976877474796,False,True,False,True,False,0.0
2025-03-05 00:00:00+00:00,28.0943,28.0943,28.035,28.08,1216,27.35571849089095,27.463989923398806,28.403721493334277,,28.84857231764105,28.20656514759015,#000000,0.33268355632073693,28.20656514759015,-0.3374532508661681,0,,,0.0,0.0,0.0,0.0,35.9481334479421,-7.7976877474796,False,True,False,True,False,0.0
2025-03-06 00:00:00+00:00,27.8094,28.0,27.8094,27.875,231,27.355821478307305,27.464074908705612,28.40346918177259,,28.847738792832445,28.206171598381427,"rgba(239, 83, 80, 1.0)",0.3438401663867262,28.206171598381427,-1.1539419683015384,0,,,0.0,0.0,0.0,0.0,34.10347812429837,-9.639964605720543,False,True,False,True,False,0.0
2025-03-07 00:00:00+00:00,27.8945,27.8945,27.86,27.86,238,27.355929608451273,27.464164587343674,28.4032144029805,,28.846890351152712,28.20577323625536,"rgba(239, 83, 80, 0.5)",0.3519246684742138,28.20577323625536,-0.8844882559807474,0,,,0.0,0.0,0.0,0.0,34.01211094911826,-9.92454424158214,False,True,False,True,False,0.0
2025-03-10 00:00:00+00:00,27.469,27.59,27.469,27.59,1186,27.356086243534143,27.46421271950485,28.40103921088441,,28.84105411091367,28.202715370301444,"rgba(255, 0, 0, 1.0)",0.3700375814170514,28.202715370301444,-1.9828131172290524,0,,,0.0,0.0,0.0,0.0,31.554296721684338,-12.480142181350367,False,True,False,True,False,0.0
2025-03-11 00:00:00+00:00,27.31,27.48,27.31,27.48,3307,27.356116281530177,27.46392373934407,28.394068011372443,,28.823331407479028,28.193255315150772,"rgba(255, 26, 202, 1.0)",0.3943036693710251,28.193255315150772,-2.2400382846035924,0,,,0.0,0.0,0.0,0.0,29.2022745950301,-14.86977785037572,False,True,False,True,False,0.0
2025-03-12 00:00:00+00:00,27.3649,27.3649,27.3649,27.3649,116,27.356117156165222,27.46391345026946,28.393824769720375,,28.822716733156028,28.192928994066506,"rgba(255, 0, 0, 1.0)",0.4148409221361657,28.192928994066506,-1.9960157011576554,0,,,0.0,0.0,0.0,0.0,28.37957211080792,-15.814707519631384,False,True,False,True,False,0.0
2025-03-13 00:00:00+00:00,27.1352,27.23,27.125,27.23,5656,27.355186012254798,27.46239864215801,28.37980690215144,,28.789304499658225,28.16413294457149,"rgba(255, 26, 202, 1.0)",0.44349736318360755,28.16413294457149,-2.3200429810571683,0,,,0.0,0.0,0.0,0.0,26.762202547729242,-17.543446285659,False,True,False,True,False,0.0
2025-03-14 00:00:00+00:00,27.4408,27.4408,27.285,27.285,326,27.355195389261382,27.46237728458106,28.379156626545203,,28.787681028801316,28.163904963005585,"rgba(255, 0, 0, 1.0)",0.46006205740248685,28.163904963005585,-1.5717552694700379,0,,,0.0,0.0,0.0,0.0,29.49043903392541,-17.543446285659,False,True,False,True,True,0.0
2025-03-17 00:00:00+00:00,27.5538,27.585,27.465,27.465,4479,27.355879021752234,27.46266435164715,28.371610150682642,,28.76803564047188,28.16176113413109,"rgba(239, 83, 80, 1.0)",0.4729325105207579,28.16176113413109,-1.2855135153674468,0,,,0.0,0.0,0.0,0.0,32.550904592565196,-23.226703774224234,False,True,False,True,True,0.0
2025-03-18 00:00:00+00:00,27.4146,27.47,27.35,27.4699,951,27.35592401383831,27.462621236775988,28.36979213475059,,28.763535167082978,28.159805104025214,"rgba(255, 0, 0, 1.0)",0.48884568192867545,28.159805104025214,-1.5244178921354206,0,,,0.0,0.0,0.0,0.0,33.6630543733959,-22.11023034357013,False,True,False,True,True,0.0
2025-03-19 00:00:00+00:00,27.6063,27.6063,27.46,27.48,2903,27.356420313547616,27.462864913639986,28.365123934510816,,28.7514437852922,28.15610353796601,"rgba(239, 83, 80, 1.0)",0.49819558403469744,28.15610353796601,-1.1035897458451147,0,,,0.0,0.0,0.0,0.0,36.506264835252416,-19.340582532353018,False,True,False,True,True,0.0
2025-03-20 00:00:00+00:00,27.5649,27.63,27.555,27.63,2687,27.35693608967291,27.46315043300601,28.360986982237833,,28.740703069458036,28.152488533210214,"rgba(239, 83, 80, 1.0)",0.5083663323994034,28.152488533210214,-1.1558368360801812,0,,,0.0,0.0,0.0,0.0,38.08065259132057,-17.78606650313442,False,True,False,True,True,0.0
2025-03-21 00:00:00+00:00,27.4806,27.4806,27.36,27.36,1459,27.357038989872223,27.463121184671625,28.35834957012055,,28.734243459667066,28.149358235688123,"rgba(239, 83, 80, 1.0)",0.5185587681036576,28.149358235688123,-1.2896479180821445,0,,,0.0,0.0,0.0,0.0,38.461665881477785,-17.287639711512085,False,True,False,True,True,0.0
2025-03-24 00:00:00+00:00,27.7454,27.7454,27.7454,27.7454,45,27.357053756924696,27.463132377240097,28.358295412850964,,28.734091971076264,28.149329373117446,"rgba(239, 83, 80, 0.5)",0.5221485477968124,28.149329373117446,-0.7735909155006021,0,,,0.0,0.0,0.0,0.0,41.630987342941225,-14.141188284903436,False,True,False,True,True,0.0
2025-03-25 00:00:00+00:00,27.7826,27.85,27.7826,27.85,3167,27.358249460792674,27.464083900595842,28.35487656229403,,28.7241823261088,28.169084130441785,"rgba(239, 83, 80, 0.5)",0.5249556224768356,28.169084130441785,-0.7362224803275456,0,,,0.0,0.0,0.0,0.0,44.12115674511117,-11.71407675634557,False,False,False,True,True,0.0
2025-03-26 00:00:00+00:00,27.6061,27.6061,27.6061,27.6061,38,27.358257397577376,27.46408864231045,28.354821044659616,,28.72403924434431,28.168909240359255,"rgba(239, 83, 80, 1.0)",0.527907775052282,28.168909240359255,-1.0661128078735256,0,,,0.0,0.0,0.0,0.0,44.112479947078405,-11.605176991404548,False,False,False,True,True,0.0
2025-03-27 00:00:00+00:00,27.5518,27.5518,27.5518,27.5518,128,27.358278271825334,27.4640985058138,28.35462054042036,,28.723534157603176,28.16820478427693,"rgba(239, 83, 80, 1.0)",0.5314209717926379,28.16820478427693,-1.1599180630708223,0,,,0.0,0.0,0.0,0.0,43.616450718931546,-11.605176991404548,False,False,False,True,True,0.0
2025-03-28 00:00:00+00:00,27.2754,27.5,27.23,27.5,1323,27.35825249934009,27.46394878120556,28.351996267951908,,28.717378355909748,28.15817036580783,"rgba(255, 0, 0, 1.0)",0.539338560086142,28.15817036580783,-1.636764791426808,0,,,0.0,0.0,0.0,0.0,41.04987686826771,-11.605176991404548,False,True,False,True,False,0.0
2025-03-31 00:00:00+00:00,27.4257,27.4257,27.205,27.28,610,27.358249359268296,27.46388895931576,28.350810983833163,,28.714593110683023,28.154813244963332,"rgba(239, 83, 80, 1.0)",0.5452852865101849,28.154813244963332,-1.3371225356723697,0,,,0.0,0.0,0.0,0.0,41.17655582483492,-11.605176991404548,False,True,False,True,False,0.0
2025-04-01 00:00:00+00:00,27.4192,27.4499,27.34,27.4,705,27.358275903598003,27.463851353944193,28.34951424314782,,28.71150795260291,28.151858732804634,"rgba(239, 83, 80, 1.0)",0.551662906457104,28.151858732804634,-1.328091347504082,0,,,0.0,0.0,0.0,0.0,41.20471941396585,-11.605176991404548,False,True,False,True,False,0.0
2025-04-02 00:00:00+00:00,27.5216,27.5216,27.45,27.45,512,27.35833590822345,27.463866552555576,28.348668722722252,,28.709437968807418,28.15047495222995,"rgba(239, 83, 80, 1.0)",0.5530889284513434,28.15047495222995,-1.1370232161233245,0,,,0.0,0.0,0.0,0.0,42.515233510801636,-11.605176991404548,False,True,False,True,False,0.0
2025-04-03 00:00:00+00:00,26.8817,27.105,26.86,27.105,5653,27.356400022424722,27.461328634756715,28.3334937612891,,28.676900645799684,28.11340640953742,"rgba(255, 26, 202, 1.0)",0.5719101576718759,28.11340640953742,-2.153671154489428,0,,,0.0,0.0,0.0,0.0,38.69467668133951,-11.605176991404548,False,True,False,True,False,0.0
2025-04-04 00:00:00+00:00,26.0625,26.575,26.0625,26.51,6070,27.350727062170485,27.454864464678586,28.30932762769323,,28.62935219612067,28.059751415786035,"rgba(255, 26, 202, 1.0)",0.621656429047277,28.059751415786035,-3.2127897701418995,0,,,0.0,0.0,0.0,0.0,32.98792004705253,-11.868926369049717,False,True,False,True,False,0.0
2025-04-07 00:00:00+00:00,25.9075,26.06,25.73,25.88,22366,27.32420361608497,27.42526403987348,28.21129594795525,,28.446697386058847,27.903482060520865,"rgba(255, 26, 202, 1.0)",0.6709961507961716,27.903482060520865,-2.97465500830747,0,,,0.0,0.0,0.0,0.0,28.75382012644456,-15.639401741207315,False,True,False,True,False,0.0
2025-04-08 00:00:00+00:00,25.6981,25.6981,25.6981,25.6981,224,27.323906091208677,27.424934973700474,28.21027258529593,,28.444856957837864,27.81575828950732,"rgba(255, 26, 202, 1.0)",0.7246034276056657,27.81575828950732,-2.922506586126395,0,,,0.0,0.0,0.0,0.0,25.379759462995032,-18.56607302773296,False,True,False,True,False,0.0
2025-04-09 00:00:00+00:00,27.0024,27.0024,25.8,25.8,1619,27.322952150836464,27.423802762582362,28.205552026400262,,28.43597935444078,27.85103841772286,"rgba(239, 83, 80, 1.0)",0.7360716106262741,27.85103841772286,-1.152929151826424,0,,,0.0,0.0,0.0,0.0,32.85165769903419,-23.96768374418067,False,True,False,True,True,0.0
2025-04-10 00:00:00+00:00,26.4,26.57,26.4,26.57,5623,27.31899671171549,27.419205594435915,28.18790772218388,,28.40341511574832,27.831641724564935,"rgba(255, 0, 0, 1.0)",0.7622513490542241,27.831641724564935,-1.878175389707437,0,,,0.0,0.0,0.0,0.0,35.37876083906596,-21.993117168744778,False,True,False,True,True,0.0
2025-04-11 00:00:00+00:00,26.7519,26.7519,26.71,26.7499,2116,27.318000023841257,27.417989142564164,28.182423621732365,,28.393167248826177,27.830101543712892,"rgba(239, 83, 80, 1.0)",0.7771092001523804,27.830101543712892,-1.3874517809099067,0,,,0.0,0.0,0.0,0.0,38.85187002515667,-18.9883653066918,False,True,False,True,True,0.0
2025-04-14 00:00:00+00:00,26.846,27.07,26.73,26.96,174245,27.264038145392874,27.349282544687824,27.87359146670487,,27.884974749020685,27.600068140542344,"rgba(239, 83, 80, 0.5)",0.7885792499584581,27.600068140542344,-0.9562363460388643,0,,,0.0,0.0,0.0,0.0,41.63358518709271,-16.545923568503063,False,False,False,True,True,0.0
2025-04-15 00:00:00+00:00,26.95,27.04,26.9,26.9,219559,27.223469363006654,27.295612018357374,27.66393816373915,,27.610668439122165,27.44881575530068,"rgba(239, 83, 80, 0.5)",0.7950430838449553,27.44881575530068,-0.6274072002341392,0,,,0.0,0.0,0.0,0.0,44.02353362321168,-14.363535469785319,False,False,False,True,True,0.0
2025-04-16 00:00:00+00:00,26.68,26.86,26.55,26.73,27469,27.214725125015004,27.285369808841065,27.63684625741065,,27.577856281368504,27.426034718410023,"rgba(239, 83, 80, 0.5)",0.8055318167911907,27.426034718410023,-0.9261393564587275,0,,,0.0,0.0,0.0,0.0,44.31645438342027,-14.006189754650592,False,False,False,True,True,0.0
2025-04-17 00:00:00+00:00,26.7093,26.75,26.7093,26.72,1944,27.214148016252064,27.284689886123388,27.635038163084417,,27.575689575188573,27.424540625972334,"rgba(239, 83, 80, 0.5)",0.8177064912686686,27.424540625972334,-0.8746911435943743,0,,,0.0,0.0,0.0,0.0,44.68532500983915,-13.392134235677055,False,False,False,True,True,0.0
2025-04-21 00:00:00+00:00,26.36,26.365,26.26,26.365,2341,27.212898182194444,27.28329984421403,27.631932646438614,,27.571894577512072,27.421642788496797,"rgba(239, 83, 80, 1.0)",0.8380929873734414,27.421642788496797,-1.2667362744842368,0,,,0.0,0.0,0.0,0.0,43.26151078663747,-13.392134235677055,False,False,False,True,True,0.0
2025-04-22 00:00:00+00:00,26.5943,26.5943,26.44,26.5599,605,27.212653951446317,27.283021818615875,27.63126415191203,,27.571086113329564,27.42105220355524,"rgba(239, 83, 80, 0.5)",0.8524028282216194,27.42105220355524,-0.9699078606767487,0,,,0.0,0.0,0.0,0.0,43.806839412394524,-13.392134235677055,False,False,False,True,True,0.0
2025-04-23 00:00:00+00:00,26.84,27.099,26.84,27.099,3194,27.212104027873142,27.282316139163196,27.628987143648093,,27.56842288275402,27.41941003173424,"rgba(239, 83, 80, 0.5)",0.8615494067326012,27.41941003173424,-0.6725209572503049,0,,,0.0,0.0,0.0,0.0,45.63732400980923,-11.495106288835203,True,False,False,True,True,0.0
2025-04-24 00:00:00+00:00,27.26,27.26,26.9588,27.0,6608,27.21189622327056,27.281815895954818,27.625871184119944,,27.56495878406767,27.417870553326317,#000000,0.8634636623745654,27.417870553326317,-0.18283404410113102,0,,,0.0,0.0,0.0,0.0,49.06430133785465,-7.943006890141611,True,False,False,False,True,0.0
2025-04-25 00:00:00+00:00,27.1976,27.22,27.1976,27.22,1448,27.21189030524163,27.281747400097863,27.625259949069136,,27.564291792577794,27.417612834870972,#000000,0.8651845032056711,27.417612834870972,-0.25429585719090236,0,,,0.0,0.0,0.0,0.0,50.95952802794701,-5.924177979940268,True,False,False,False,True,0.0
2025-04-28 00:00:00+00:00,27.2461,27.2461,21.178,27.24,17638,27.19112067333442,27.259611663531427,27.583501976739868,25.223399999999998,27.512612699779577,27.272418832968565,#000000,0.8679061871647049,27.272418832968565,-0.030324513591204826,0,,,0.0,0.0,0.0,0.0,52.48770981613432,-4.246295743251572,True,False,True,False,True,0.0
2025-04-29 00:00:00+00:00,27.356,27.356,27.21,27.2101,1087,27.19119543164919,27.259643270540607,27.583206392538035,25.34437386025812,27.51233378689965,27.2784621798667,#000000,0.868895347096106,27.2784621798667,0.08923723713383518,0,,,0.0,0.0,0.0,0.0,54.127532358751466,-2.452110724410282,True,False,True,False,True,0.0
2025-04-30 00:00:00+00:00,27.3814,27.3814,27.108,27.108,918,27.191249225284945,27.259660390053654,27.582941843687596,25.435313614688862,27.512079266485873,27.282986874771023,#000000,0.8706687878482785,27.282986874771023,0.11303164487174165,0,,,0.0,0.0,0.0,0.0,55.37042214789781,-1.0228310568937573,True,False,True,False,True,0.0
2025-05-01 00:00:00+00:00,27.4679,27.4679,27.4679,27.4679,103,27.191266078520766,27.259673450821214,27.582930188105134,25.445916085958338,27.512073585868226,27.283534952792316,#000000,0.8717836730012608,27.283534952792316,0.2114802707568233,0,,,0.0,0.0,0.0,0.0,56.73271850195684,0.5329683833282886,True,False,True,False,True,0.0
2025-05-02 00:00:00+00:00,27.72,27.72,27.52,27.55,3620,27.19225326478042,27.26053929868188,27.58317999122589,25.787902323889412,27.512709075758906,27.302007576951468,#000000,0.8718972124103085,27.302007576951468,0.4794056192621786,0,,,0.0,0.0,0.0,0.0,59.108198704530466,3.017084326595892,True,False,True,False,True,0.7224186931893541
2025-05-05 00:00:00+00:00,27.5943,27.5943,27.5943,27.5943,114,27.192280312927004,27.260562415168565,27.583181233618,25.796672738500853,27.512720633336848,27.302481580909095,#000000,0.8704620651766334,27.302481580909095,0.3352454182270306,0,,,0.0,0.0,0.0,0.0,59.49550198969223,3.616751446196517,True,False,True,False,True,0.0
2025-05-06 00:00:00+00:00,27.5712,27.5712,27.5712,27.5712,119,27.192306921387836,27.260584872148105,27.583179836456683,25.805620945802787,27.512729279143844,27.30296295618856,#000000,0.8692163636929356,27.30296295618856,0.3085964036293747,0,,,0.0,0.0,0.0,0.0,59.528020486605584,3.9573335796022846,True,False,True,False,True,0.0
2025-05-07 00:00:00+00:00,27.5625,27.59,27.5186,27.56,5296,27.193443202231958,27.261535591913947,27.583044843348535,26.12662734844552,27.513018879577054,27.32042726741136,#000000,0.8659777874894272,27.32042726741136,0.27953688430096646,0,,,0.0,0.0,0.0,0.0,59.45768051898872,4.2498063318871715,True,False,True,False,True,0.0
2025-05-08 00:00:00+00:00,27.6003,27.71,27.6003,27.71,607,27.19360148105364,27.261673502928726,27.58307667360852,26.157700335570468,27.513111596594495,27.322194753497758,#000000,0.8593838120441076,27.322194753497758,0.3236100594456729,0,,,0.0,0.0,0.0,0.0,59.70451814804144,4.872690608092313,True,False,True,False,True,0.0
2025-05-09 00:00:00+00:00,27.5757,27.6514,27.5757,27.6514,2761,27.19426175729761,27.262239571892927,27.583124579951015,26.281209194226616,27.51340963660484,27.32922818121665,#000000,0.8505199018109074,27.32922818121665,0.28978959605597676,0,,,0.0,0.0,0.0,0.0,59.56268713855208,5.114401284444391,True,False,True,False,True,0.0
2025-05-12 00:00:00+00:00,28.0367,28.04,27.966,27.966,5200,27.19675743898379,27.264595301567024,27.58529192323492,26.52175921753908,27.516590370613724,27.345198194607434,"rgba(38, 166, 154, 0.5)",0.8393732202022245,27.345198194607434,0.8238311501360108,0,,,0.0,0.0,0.0,0.0,62.71767974557707,8.396389729776843,True,False,True,False,True,3.368794071150468
2025-05-13 00:00:00+00:00,28.078,28.09,27.985,27.985,7876,27.200677352668134,27.268308976887642,27.58881127416726,26.787409108420274,27.521682054870848,27.36465227452601,"rgba(38, 166, 154, 0.5)",0.8283872291091957,27.36465227452601,0.8611283472357337,0,,,0.0,0.0,0.0,0.0,65.0589623719992,10.750792858816205,True,False,True,False,True,3.6963721990459177
2025-05-14 00:00:00+00:00,28.2215,28.29,28.2,28.29,3268,27.20264709921807,27.27020369242852,27.590837923523907,26.884880824435438,27.52449946648961,27.37270124238878,"rgba(38, 166, 154, 1.0)",0.823897487463403,27.37270124238878,1.030223748132165,0,,,0.0,0.0,0.0,0.0,67.436391329004,13.058885571587652,True,False,True,False,True,4.8340384858544425
2025-05-15 00:00:00+00:00,28.3603,28.3603,28.2077,28.29,849,27.20319326004642,27.27073140884589,27.591420996665132,26.909335796128545,27.52530163324148,27.374810216785242,"rgba(38, 166, 154, 1.0)",0.8170439136983835,27.374810216785242,1.2061650135228297,0,,,0.0,0.0,0.0,0.0,69.75649198455613,15.259091718387737,True,False,True,False,True,5.921854434001183
2025-05-16 00:00:00+00:00,28.4763,28.4763,28.415,28.4599,1005,27.20392456651561,27.271443366877847,27.592250499230072,26.940137078800127,27.526426009398467,27.377554816357264,"rgba(38, 166, 154, 1.0)",0.8135779273516051,27.377554816357264,1.350510070030314,0,,,0.0,0.0,0.0,0.0,71.88317241834,17.250216492338694,True,False,True,False,True,6.823234155620273
2025-05-19 00:00:00+00:00,28.4957,28.4957,28.21,28.21,9049,27.21018129315642,27.277517455389752,27.599173683579654,27.162192572676858,27.535832589808688,27.454780056233943,"rgba(38, 166, 154, 1.0)",0.8081725623352797,27.454780056233943,1.287992184191745,0,,,0.0,0.0,0.0,0.0,73.3991717992796,18.67443993681607,True,False,True,False,True,6.974714105929255
2025-05-20 00:00:00+00:00,28.4525,28.4614,28.41,28.4614,325,27.210412457233854,27.277742282622647,27.59943268657275,27.16914017715384,27.53618244465843,27.45556157446051,"rgba(38, 166, 154, 1.0)",0.804847967025503,27.45556157446051,1.238666762399737,0,,,0.0,0.0,0.0,0.0,73.66194702516795,18.982826489738954,True,False,True,False,True,6.562931944620125
2025-05-21 00:00:00+00:00,28.1637,28.3,28.1602,28.3,600,27.210758137262815,27.278073930957245,27.599778016124215,27.179453669231407,27.536661298619517,27.456019538213116,"rgba(38, 166, 154, 0.5)",0.8000976725464676,27.456019538213116,0.8844925889292374,0,,,0.0,0.0,0.0,0.0,69.44659996488157,18.982826489738954,True,False,True,False,False,3.860621860713607
2025-05-22 00:00:00+00:00,28.1897,28.2308,28.1366,28.1366,675,27.21113806390689,27.278437825404335,27.600151837434645,27.19056831942399,27.537181352421303,27.456501800406393,"rgba(38, 166, 154, 0.5)",0.7936010435389854,27.456501800406393,0.9238876455151578,0,,,0.0,0.0,0.0,0.0,66.86089788838574,21.941566057425945,True,False,True,False,False,4.07648708068054
2025-05-23 00:00:00+00:00,28.0763,28.0763,27.97,28.06,459,27.211357875674345,27.278645631512923,27.60034295581844,27.19690733648427,27.5374556420058,27.456445462674075,"rgba(38, 166, 154, 0.5)",0.7846085613295156,27.456445462674075,0.7900175550921642,1,0.10018588921303537,0.10018588921303537,0.0,0.0,0.0,0.0,63.56296146566227,18.92449384232563,True,False,True,False,False,3.022809293558339
2025-05-27 00:00:00+00:00,28.4327,28.44,28.3,28.3,682,27.21182199441384,27.27909588694262,27.600852016972762,27.209988298983145,27.538145636567098,27.45790208697722,"rgba(38, 166, 154, 1.0)",0.7778043903979864,27.45790208697722,1.253268720332108,1,0.10004806681956965,0.10004806681956965,0.0,0.0,0.0,0.0,64.36611827533069,18.92449384232563,True,False,True,False,False,5.972530527415724
2025-05-28 00:00:00+00:00,28.2687,28.3,28.2687,28.3,231,27.211964219596886,27.279232987481695,27.600999920827725,27.213940997407253,27.538348493636423,27.45823525852988,"rgba(38, 166, 154, 1.0)",0.7714022106725464,27.45823525852988,1.0506383443774647,0,,,0.0,0.0,0.0,0.0,62.79528658074737,18.327194923483532,True,False,True,False,False,4.443816470815644
2025-05-29 00:00:00+00:00,28.374,28.374,28.32,28.32,260,27.21213578164453,27.27939911401444,27.601185176463094,27.21867363807338,27.538600362776002,27.45872990733389,"rgba(38, 166, 154, 1.0)",0.7649172266777169,27.45872990733389,1.1965609620813789,0,,,0.0,0.0,0.0,0.0,62.60019462911376,18.03451116539192,True,False,True,False,False,5.305887570845922
2025-05-30 00:00:00+00:00,28.4111,28.4111,28.3124,28.3124,266,27.212314655037705,27.27957252475917,27.601380184726327,27.2235687944388,27.538864877835582,27.459268375059008,"rgba(38, 166, 154, 1.0)",0.7571891391000222,27.459268375059008,1.257059268008412,0,,,0.0,0.0,0.0,0.0,62.77204515173234,18.0019572399585,True,False,True,False,False,5.610691126898104
2025-06-02 00:00:00+00:00,28.433,28.433,28.31,28.33,10790,27.219609822336324,27.28664867664138,27.609347872159187,27.39440503265671,27.549630046438843,27.479719988699742,"rgba(38, 166, 154, 1.0)",0.7512737397558287,27.479719988699742,1.268885042634504,0,,,0.0,0.0,0.0,0.0,63.07502065483605,18.0019572399585,True,False,True,False,False,5.793004305978851
2025-06-03 00:00:00+00:00,28.5014,28.509,28.42,28.44,1310,27.2205530009831,27.287567098488903,27.61040792841705,27.413283679501514,27.5510482788094,27.482386261916776,"rgba(38, 166, 154, 1.0)",0.7411321526464417,27.482386261916776,1.374942018700066,0,,,0.0,0.0,0.0,0.0,63.882505526766685,18.0019572399585,True,False,True,False,False,6.36770265540374
2025-06-04 00:00:00+00:00,28.5662,28.57,28.5662,28.57,179,27.220691061646892,27.287702041954336,27.6105677116533,27.416027828620255,27.551260677350857,27.482805353030454,"rgba(38, 166, 154, 1.0)",0.7315667658949689,27.482805353030454,1.4809238164942662,0,,,0.0,0.0,0.0,0.0,64.99056983721674,18.0019572399585,True,False,True,False,False,6.914264006184048
2025-06-05 00:00:00+00:00,28.4438,28.59,28.4438,28.5048,4031,27.22362007869161,27.290555897906085,27.613871211509732,27.470736642376256,27.555669425520808,27.490814553842473,"rgba(38, 166, 154, 1.0)",0.7205620097027664,27.490814553842473,1.3225585491950036,0,,,0.0,0.0,0.0,0.0,63.63858820834466,17.978770349975377,True,False,True,False,False,5.67593870840388
2025-06-06 00:00:00+00:00,28.6178,28.6178,28.6178,28.6178,172,27.223757066034487,27.290690028661672,27.614031636413568,27.47321865140269,27.55588165544641,27.49121671141782,"rgba(0, 255, 255, 0.75)",0.711512872454414,27.49121671141782,1.583363185961696,0,,,0.0,0.0,0.0,0.0,64.39559308560823,17.978770349975377,True,False,True,False,False,7.1635185357985804
2025-06-09 00:00:00+00:00,28.593,28.593,28.5678,28.5678,329,27.224012780594105,27.290940100700052,27.614328208133685,27.477799571530586,27.55627468634017,27.49194563655886,"rgba(0, 255, 255, 0.75)",0.7024038565429075,27.49194563655886,1.5675517057385064,0,,,0.0,0.0,0.0,0.0,64.47019616502925,17.978770349975377,True,False,True,False,False,6.907896427692673
2025-06-10 00:00:00+00:00,28.736,28.7376,28.736,28.7376,478,27.22442560197871,27.291345905563762,27.614826191788893,27.48529268756408,27.55692947083842,27.493236654850744,"rgba(0, 255, 255, 0.75)",0.703788295487164,27.493236654850744,1.765819853950559,0,,,0.0,0.0,0.0,0.0,65.82250108173281,17.978770349975377,True,False,True,False,True,8.131938643370116
2025-06-11 00:00:00+00:00,28.6904,28.7575,28.6904,28.7575,1019,27.225291081975463,27.29219602562276,27.61586385704848,27.500674604833815,27.558294842308104,27.495865259748133,"rgba(0, 255, 255, 0.75)",0.7059245175889531,27.495865259748133,1.6921564706829229,0,,,0.0,0.0,0.0,0.0,65.87209162497172,17.978770349975377,True,False,True,False,True,7.648504439819366
2025-06-12 00:00:00+00:00,28.7831,28.7831,28.76,28.76,213,27.225479476995506,27.292381425575545,27.616092881791015,27.504004910727055,27.558595298014055,27.49645070245136,"rgba(0, 255, 255, 0.75)",0.7111630925119878,27.49645070245136,1.8092183229080518,0,,,0.0,0.0,0.0,0.0,66.7783508727193,17.978770349975377,True,False,True,False,True,8.451287024046344
2025-06-13 00:00:00+00:00,28.63,28.71,28.61,28.61,1547,27.2267358061486,27.293612836833972,27.6175739252012,27.5253450619513,27.560548606883607,27.50001543621109,"rgba(0, 255, 255, 0.75)",0.7133958763572064,27.50001543621109,1.5839516336412234,0,,,0.0,0.0,0.0,0.0,64.57726805145262,17.960515021039882,True,False,True,False,False,6.807990991078334
2025-06-16 00:00:00+00:00,28.79,28.83,28.79,28.83,835,27.227485950845967,27.294351600440688,27.618490026173816,27.538062348202253,27.56174798975053,27.502294837863126,"rgba(0, 255, 255, 0.75)",0.722428621274032,27.502294837863126,1.7824669790434848,0,,,0.0,0.0,0.0,0.0,64.75082676885879,17.960515021039882,True,False,True,False,False,8.210512705112972
2025-06-17 00:00:00+00:00,28.5649,28.6444,28.5649,28.6444,247,27.227677888668058,27.29453932139005,27.61871232166668,27.541153847524885,27.56204184869832,27.502800591533504,"rgba(38, 166, 154, 1.0)",0.723720880913445,27.502800591533504,1.4675539099078752,0,,,0.0,0.0,0.0,0.0,61.38207502148375,14.786531106215776,True,False,True,False,False,5.824095357440214
2025-06-18 00:00:00+00:00,28.6182,28.645,28.6182,28.645,795,27.22831147550352,27.2951597935968,27.619453377272816,27.551316569161767,27.56301932622844,27.50450195485079,"rgba(0, 255, 255, 0.75)",0.72975058078169,27.50450195485079,1.5261351953378994,0,,,0.0,0.0,0.0,0.0,59.743182115838295,13.273348401418737,False,False,True,False,False,6.300142185767516
2025-06-20 00:00:00+00:00,28.5456,28.5456,28.5456,28.5456,54,27.22835198354568,27.295199339390894,27.619499604049512,27.551948179561677,27.563080573627047,27.50460337743858,"rgba(38, 166, 154, 1.0)",0.7359568983339091,27.50460337743858,1.4144804198697942,0,,,0.0,0.0,0.0,0.0,57.58267726593144,11.282124198327168,False,False,True,False,False,5.529885904698805
2025-06-23 00:00:00+00:00,28.6961,28.6961,28.59,28.59,6493,27.23362874897999,27.300372347777632,27.625711369851043,27.6306295129326,27.57124626856323,27.518374802380123,"rgba(0, 255, 255, 0.75)",0.7437400867637307,27.518374802380123,1.583517170285343,0,,,0.0,0.0,0.0,0.0,57.92709290413886,11.282124198327168,False,False,True,False,False,6.894777510776365
2025-06-24 00:00:00+00:00,28.938,28.94,28.938,28.94,1193,27.234782054453188,27.301511876956646,27.62714896316243,27.64746453094264,27.573112786032308,27.521673541275213,"rgba(0, 255, 255, 0.75)",0.7574561776708627,27.521673541275213,1.8698460722571624,0,,,0.0,0.0,0.0,0.0,60.480131667145926,11.282124198327168,False,False,True,False,True,9.020859921290967
2025-06-25 00:00:00+00:00,28.925,28.93,28.88,28.9,2188,27.236859750106717,27.30356329589859,27.629723278975916,27.676617620317373,27.576455404940653,27.527407830861325,"rgba(0, 255, 255, 0.75)",0.7701582864404138,27.527407830861325,1.8146817267891668,0,,,0.0,0.0,0.0,0.0,61.96662839432653,7.972136763001437,False,False,True,False,True,8.877269532610779
2025-06-26 00:00:00+00:00,29.1122,29.1122,29.1122,29.1122,101,27.236967002759865,27.303669657921482,27.62986041245477,27.678144160297034,27.576632413391195,27.527721449208304,"rgba(0, 255, 0, 1.0)",0.7861306916882685,27.527721449208304,2.015540885942162,0,,,0.0,0.0,0.0,0.0,64.5361358664737,10.360308383533685,True,False,True,False,True,10.497043032985097
2025-06-27 00:00:00+00:00,29.178,29.27,29.07,29.21,4130,27.2414832755381,27.30815328446054,27.63567415826553,27.740420957771672,27.58411934454544,27.540762366400163,"rgba(0, 255, 0, 1.0)",0.8017015467116554,27.540762366400163,2.04220341137585,0,,,0.0,0.0,0.0,0.0,66.75082929476963,12.380511559265145,True,False,True,False,True,11.05883821080937
2025-06-30 00:00:00+00:00,29.2943,29.345,29.22,29.23,14152,27.257702659472194,27.32428278499152,27.65671795894775,27.933590606900687,27.611049796605958,27.58394252446587,"rgba(0, 255, 0, 1.0)",0.8193933739140649,27.58394252446587,2.0873459927606244,0,,,0.0,0.0,0.0,0.0,69.07269920592066,14.495227350636725,True,False,True,False,True,12.04770478553332
2025-07-01 00:00:00+00:00,29.2976,29.3,29.25,29.25,710,27.25850805295245,27.32508347484111,27.657757100105382,27.941993833388896,27.61237536473732,27.585921784800483,"rgba(0, 255, 0, 1.0)",0.8338699540473458,27.585921784800483,2.0526920377590794,0,,,0.0,0.0,0.0,0.0,70.64461159801326,15.919442011743755,True,False,True,False,True,12.075880988531114
2025-07-02 00:00:00+00:00,29.3283,29.3283,29.2794,29.2794,448,27.259023308981476,27.32559596239264,27.658423979273735,27.947357860959134,27.613225436061057,27.587192193735724,"rgba(0, 255, 0, 1.0)",0.850547281307982,27.587192193735724,2.0470441144515537,0,,,0.0,0.0,0.0,0.0,71.93079315925189,17.12712861820225,True,False,True,False,True,12.342103679093196
2025-07-03 00:00:00+00:00,29.5263,29.5284,29.44,29.44,2673,27.262370620686422,27.328934406004613,27.662838649689814,27.982760654739025,27.618833880083105,27.595720455053357,"rgba(0, 255, 0, 1.0)",0.8716107345628916,27.595720455053357,2.2149561362559607,0,,,0.0,0.0,0.0,0.0,74.16585155797654,19.25485689124278,True,False,True,False,True,14.039476909439
2025-07-07 00:00:00+00:00,29.3215,29.3215,29.3215,29.3215,23,27.262397106191095,27.328960750662425,27.662872895157296,27.983023560568537,27.618877469039262,27.595784115074842,"rgba(0, 255, 255, 0.75)",0.8857629811656509,27.595784115074842,1.9482817882659103,0,,,0.0,0.0,0.0,0.0,71.57448648950032,19.25485689124278,True,False,True,False,False,11.564450697946686
2025-07-08 00:00:00+00:00,29.3052,29.34,29.26,29.33,6388,27.26965652426819,27.336178506205208,27.67221707403847,28.051230109468356,27.630758495310065,27.612698722251928,"rgba(0, 255, 255, 0.75)",0.8998094730902315,27.612698722251928,1.8809551670260647,0,,,0.0,0.0,0.0,0.0,69.54928264189132,19.25485689124278,True,False,True,False,False,11.369471158811717
2025-07-09 00:00:00+00:00,29.4437,29.4437,29.34,29.34,6054,27.276849944089196,27.343341411832398,27.681552092067715,28.114681376196348,27.642578338282835,27.62919542927018,"rgba(0, 255, 255, 0.75)",0.9157773510475941,27.62919542927018,1.9813817940071747,0,,,0.0,0.0,0.0,0.0,69.48332082819411,19.25485689124278,True,False,True,False,False,12.588324348372538
2025-07-10 00:00:00+00:00,29.5156,29.5156,29.33,29.435,1671,27.27886828336512,27.345352275050043,27.684177124515156,28.13173188880675,27.645894854011235,27.633754778372367,"rgba(0, 255, 0, 1.0)",0.9318119069989829,27.633754778372367,2.0195548130398446,0,,,0.0,0.0,0.0,0.0,70.05173524162706,19.25485689124278,True,False,True,False,False,13.215255945461436
2025-07-11 00:00:00+00:00,29.4166,29.4166,29.4166,29.4166,98,27.278984518712498,27.345468013274672,27.684327609216325,28.132690679895518,27.646084994970597,27.63401325657466,"rgba(0, 255, 255, 0.75)",0.9461664440969096,27.63401325657466,1.8840096840749498,0,,,0.0,0.0,0.0,0.0,68.455597528764,23.388401228204472,True,False,True,False,False,11.98755756973135
2025-07-14 00:00:00+00:00,29.463,29.4659,29.38,29.38,502,27.279585215589467,27.346066310868732,27.68510681136478,28.137654701094572,27.647069172500036,27.63535348291827,"rgba(0, 255, 255, 0.75)",0.9608436238792473,27.63535348291827,1.902126913953918,0,,,0.0,0.0,0.0,0.0,67.86792682964975,22.646727672465047,True,False,True,False,False,12.404187031135713
2025-07-15 00:00:00+00:00,29.4429,29.86,29.4429,29.86,2771,27.283118499319237,27.349592385134784,27.689752161020472,28.167387514053765,27.652922942140044,27.643431844137815,"rgba(0, 255, 255, 0.75)",0.9735353641516615,27.643431844137815,1.8483849915716646,0,,,0.0,0.0,0.0,0.0,67.04866366958113,21.656045546334255,False,False,True,False,False,12.149480274170259
2025-07-16 00:00:00+00:00,29.3414,29.3414,29.27,29.27,110,27.283242433463208,27.349715582446414,27.689910401847108,28.16832672788367,27.653122845063642,27.643693500635106,"rgba(0, 255, 255, 0.75)",0.9832363392297071,27.643693500635106,1.726651499368831,0,,,0.0,0.0,0.0,0.0,64.3983494202503,18.97956703921689,False,False,True,False,False,10.860209665039019
2025-07-17 00:00:00+00:00,29.4828,29.4828,29.37,29.37,117,27.283382504850486,27.349855098168987,27.690091870573013,28.169434754887043,27.653351712267703,27.644000054350766,"rgba(0, 255, 255, 0.75)",0.9922455488344782,27.644000054350766,1.8531702639625298,0,,,0.0,0.0,0.0,0.0,64.38799763314768,18.82465223260533,False,False,True,False,False,12.181279150570528
2025-07-18 00:00:00+00:00,29.4543,29.5,29.4345,29.46,1163,27.284785265312888,27.351252627147336,27.691911867643444,28.180496720640416,27.655646000186774,27.64707235553299,"rgba(0, 255, 255, 0.75)",1.0013479941980894,27.64707235553299,1.804794791559245,0,,,0.0,0.0,0.0,0.0,63.78525758117752,18.048509126988762,False,True,True,False,False,11.813527269985524
2025-07-21 00:00:00+00:00,29.54,29.64,29.54,29.57,19694,27.309458334539116,27.375863240481568,27.72406002669559,28.35668805608724,27.695952613952528,27.69943860336059,"rgba(0, 255, 255, 0.75)",1.0111149192275506,27.69943860336059,1.820328591378634,0,,,0.0,0.0,0.0,0.0,64.43281072817132,18.048509126988762,False,True,True,False,False,12.620912075683066
2025-07-22 00:00:00+00:00,29.6,29.68,29.49,29.5,148882,27.48132112043986,27.546925815612507,27.937519144847908,28.95956803308292,27.95564188049615,27.98434699222488,"rgba(0, 255, 255, 0.75)",1.0220590456700078,27.98434699222488,1.5807824553971694,0,,,0.0,0.0,0.0,0.0,65.55964251549625,18.048509126988762,False,False,True,False,False,13.18519037478191
2025-07-23 00:00:00+00:00,29.72,29.72,29.53,29.53,15486,27.498240254965577,27.563744833501254,27.957734903269877,28.993297558224548,27.979559667374573,28.008674566465857,"rgba(0, 255, 255, 0.75)",1.0259318102429218,28.008674566465857,1.6680693750288647,0,,,0.0,0.0,0.0,0.0,67.57753163660037,18.048509126988762,False,False,True,False,True,14.305676095030417
2025-07-24 00:00:00+00:00,29.7779,29.81,29.74,29.74,26226,27.52785180821462,27.593214066761544,27.993237094920765,29.052574097551116,28.021341501971023,28.051298895276528,"rgba(0, 255, 255, 0.75)",1.0101028143244406,28.051298895276528,1.7093320404994878,0,,,0.0,0.0,0.0,0.0,69.48074249021319,15.573471720144639,True,False,True,False,True,14.842552641026774
2025-07-25 00:00:00+00:00,29.9186,29.9186,29.824,29.8374,2437,27.53069840704935,27.596049973131937,27.996667007306055,29.05840592792054,28.025365115870894,28.055420450471367,"rgba(0, 255, 255, 0.75)",0.9895226679583704,28.055420450471367,1.8829073955150863,0,,,0.0,0.0,0.0,0.0,71.96194396883531,17.942330741782754,True,False,True,False,True,16.1337196077235
2025-07-28 00:00:00+00:00,29.95,29.95,29.86,29.93,12593,27.545503257500002,27.610802321766492,28.01450002149558,29.0884356922495,28.04624628502747,28.07679234724646,"rgba(0, 255, 255, 0.75)",0.9586313685966591,28.07679234724646,1.9540437691870323,0,,,0.0,0.0,0.0,0.0,73.86486494303782,19.720315295980953,True,False,True,False,True,16.420039522480167
2025-07-29 00:00:00+00:00,29.71,30.135,29.71,30.03,7317,27.55377631808712,27.619037156635226,28.024344421827998,29.103585317859697,28.05773414772931,28.19969154799056,"rgba(0, 255, 255, 0.75)",0.9571821224880122,28.19969154799056,1.5778694738715777,0,,,0.0,0.0,0.0,0.0,69.5982071496583,24.06994663652597,True,False,True,False,False,13.078768434555759
2025-07-30 00:00:00+00:00,29.8882,29.96,29.83,29.96,911,27.554820532680854,27.620076977247418,28.02559009374299,29.105530757414215,28.05918672141493,28.201339697976266,"rgba(0, 255, 255, 0.75)",0.942725151756756,28.201339697976266,1.7893447510977012,0,,,0.0,0.0,0.0,0.0,68.68313680921527,23.3341323385755,False,False,True,False,False,14.74723561165133
2025-07-31 00:00:00+00:00,29.8069,29.9606,29.8069,29.9606,165,27.555006763215832,27.62026234176474,28.025811354171985,29.105866647101415,28.059444605105547,28.2015928302278,"rgba(0, 255, 255, 0.75)",0.9339403678360392,28.2015928302278,1.718854035072638,0,,,0.0,0.0,0.0,0.0,66.52598026238539,21.352027879896823,False,True,True,False,False,13.635396255895099
2025-08-01 00:00:00+00:00,29.4754,29.5044,29.4754,29.495,832,27.555793321873644,27.621040820758743,28.0266992374111,29.10671810355297,28.060474364060973,28.200870539797783,"rgba(38, 166, 154, 1.0)",0.9202862368076026,28.200870539797783,1.3849272207128243,0,,,0.0,0.0,0.0,0.0,60.16379392074214,15.507530805231298,False,True,True,False,False,9.290622799752956
2025-08-04 00:00:00+00:00,29.989,29.989,29.84,29.84,1770,27.557858018991336,27.623097877521996,28.029171784738537,29.11067649507796,28.06335712372465,28.204638994814918,"rgba(0, 255, 255, 0.75)",0.916473929581984,28.204638994814918,1.9469850124366919,0,,,0.0,0.0,0.0,0.0,60.969776451030995,15.507530805231298,False,True,True,False,False,14.016553182851954
2025-08-05 00:00:00+00:00,29.7062,29.7704,29.7062,29.7704,678,27.558577723701053,27.623812927261948,28.03001240787608,29.111797924570286,28.064334658508095,28.20524459171029,"rgba(0, 255, 255, 0.75)",0.8983529440597049,28.20524459171029,1.6707858734305598,0,,,0.0,0.0,0.0,0.0,58.407858770937565,14.28037584405152,False,True,True,False,False,10.55911390523918
2025-08-06 00:00:00+00:00,29.8592,29.8592,29.72,29.76,3267,27.562174958946795,27.627390916824616,28.034254095314196,29.117884765182723,28.06926940136753,28.209775546192596,"rgba(0, 255, 255, 0.75)",0.8815111236122259,28.209775546192596,1.8711328871817872,0,,,0.0,0.0,0.0,0.0,57.96489025021569,13.885185946668877,False,True,True,False,False,11.91186357432877
2025-08-07 00:00:00+00:00,29.885,29.93,29.8815,29.91,4158,27.566911066134438,27.632106445815733,28.039883236508622,29.12642082159155,28.075817771601066,28.216906483834823,"rgba(0, 255, 255, 0.75)",0.8508035178094601,28.216906483834823,1.9606095664248926,0,,,0.0,0.0,0.0,0.0,57.881957667075206,13.677891353429757,False,True,True,False,False,12.138923216075405
2025-08-08 00:00:00+00:00,29.9865,29.9865,29.985,29.985,452,27.567443954705947,27.632637539894056,28.040521708186482,29.127440959670217,28.076560697405267,28.217798994767655,"rgba(0, 255, 0, 1.0)",0.8269467130733976,28.217798994767655,2.138833104080987,0,,,0.0,0.0,0.0,0.0,58.677449788675474,13.677891353429757,False,True,True,False,False,13.034214729406902
2025-08-11 00:00:00+00:00,29.9201,30.0001,29.92,29.97,2944,27.570852809795717,27.636033226446223,28.044586293093207,29.13372540888926,28.081286253761085,28.22306244381419,"rgba(0, 255, 0, 1.0)",0.8070741797670635,28.22306244381419,2.102703318641179,0,,,0.0,0.0,0.0,0.0,58.371480222906655,13.677891353429757,False,True,True,False,False,12.205126726823803
2025-08-12 00:00:00+00:00,30.1316,30.1316,30.05,30.05,1995,27.57331019886493,27.638485276943907,28.04755830843831,29.138744851161704,28.084744481925625,28.227477678512827,"rgba(0, 255, 0, 1.0)",0.801574009216917,28.227477678512827,2.3754791193234537,0,,,0.0,0.0,0.0,0.0,59.959773504639074,13.677891353429757,False,True,True,False,False,14.07019669408077
2025-08-13 00:00:00+00:00,30.2636,30.29,30.17,30.23,4583,27.579241543443285,27.644411299333846,28.05480531448869,29.151687435469192,28.093179358850378,28.367537333932226,"rgba(0, 255, 0, 1.0)",0.7954103665222118,28.367537333932226,2.383754029203775,0,,,0.0,0.0,0.0,0.0,62.00615445931817,13.677891353429757,False,True,True,False,True,15.201294620100317
2025-08-14 00:00:00+00:00,30.2735,30.2794,30.18,30.255,5386,27.586186591673474,27.65134950925385,28.06327311160264,29.166556781329806,28.103022364146764,28.37947599901841,"rgba(0, 255, 0, 1.0)",0.7886847991228142,28.37947599901841,2.401496774234963,0,,,0.0,0.0,0.0,0.0,63.44483786782292,13.677891353429757,False,True,True,False,True,15.286130746502817
2025-08-15 00:00:00+00:00,30.1669,30.2,30.1669,30.2,6684,27.594541254784087,27.659689403946476,28.07337395931161,29.183353917071685,28.114738201871944,28.390895496064935,"rgba(0, 255, 0, 1.0)",0.7805767804699506,28.390895496064935,2.2752463926300877,0,,,0.0,0.0,0.0,0.0,62.804104467602855,13.677891353429757,False,True,True,False,True,13.900369068679861
2025-08-18 00:00:00+00:00,30.1396,30.17,30.1,30.17,933,27.595684555306207,27.660830101845352,28.07474865236573,29.1855585513426,28.116330462174346,28.392323574350502,"rgba(0, 255, 0, 1.0)",0.7706987381297428,28.392323574350502,2.267132848679136,0,,,0.0,0.0,0.0,0.0,61.96722595634306,13.677891353429757,False,True,True,False,True,13.545218930248076
2025-08-19 00:00:00+00:00,29.9671,30.16,29.9671,30.16,2784,27.59894906441801,27.664083340631077,28.078631151668542,29.19135619368621,28.120820289819672,28.395330715215856,"rgba(0, 255, 0, 1.0)",0.7581688296922648,28.395330715215856,2.073112509020072,0,,,0.0,0.0,0.0,0.0,58.958708736291356,13.604935733626562,False,True,True,False,False,11.321760121842612
2025-08-20 00:00:00+00:00,29.9625,29.9625,29.8417,29.8417,775,27.599815555613237,27.664945688614416,28.07964894077867,29.19274810457131,28.121995207794544,28.39584860015558,"rgba(0, 255, 0, 1.0)",0.750476768636367,28.39584860015558,2.0875415007063545,0,,,0.0,0.0,0.0,0.0,56.890136424910686,11.582967833681082,False,True,True,False,False,11.262817389106505
2025-08-21 00:00:00+00:00,29.8666,29.87,29.8666,29.87,443,27.60029894660692,27.665426427918796,28.080213024536476,29.19348209573043,28.122645806931757,28.396056083289285,"rgba(0, 255, 255, 0.75)",0.7367519892090025,28.396056083289285,1.9959822820288964,0,,,0.0,0.0,0.0,0.0,54.18248922935872,9.002965651011479,False,True,False,False,False,10.027708759937234
2025-08-22 00:00:00+00:00,30.1438,30.165,30.06,30.06,5363,27.606791424079827,27.67190217534623,28.087984672326545,29.205558769230766,28.131629934132004,28.404594039102523,"rgba(0, 255, 0, 1.0)",0.7254529789294788,28.404594039102523,2.397406877374672,0,,,0.0,0.0,0.0,0.0,55.68533741469851,9.002965651011479,False,True,True,False,False,12.66036593747797
2025-08-25 00:00:00+00:00,30.0761,30.17,30.0761,30.11,6148,27.614147538204747,27.679237156895894,28.096753991585025,29.218794735711317,28.14175075066467,28.414013656487914,"rgba(0, 255, 0, 1.0)",0.7108029208317018,28.414013656487914,2.3383223321132385,0,,,0.0,0.0,0.0,0.0,55.71954048138663,9.002965651011479,False,True,True,False,False,11.784020639517351
2025-08-26 00:00:00+00:00,30.1775,30.1775,30.08,30.08,4457,27.61953337452809,27.684609010676443,28.10318184655183,29.228545646561397,28.149162370461365,28.421327875581245,"rgba(0, 255, 0, 1.0)",0.6972453826255192,28.421327875581245,2.518728941317306,0,,,0.0,0.0,0.0,0.0,56.85285963717225,9.002965651011479,False,True,True,False,True,12.735362606502044
2025-08-27 00:00:00+00:00,30.2615,30.27,30.25,30.25,3389,27.623799916186183,27.688869019149333,28.108317456024615,29.236740942344824,28.155085411022224,28.427949732241295,"rgba(0, 255, 0, 1.0)",0.6825437907423181,28.427949732241295,2.6863481766709527,0,,,0.0,0.0,0.0,0.0,58.483979901139804,9.002965651011479,False,True,True,False,True,13.517488456963111
2025-08-28 00:00:00+00:00,30.3026,30.44,30.185,30.185,6132,27.63162673028375,27.69668659471526,28.11775673024765,29.251933096544967,28.165964374421925,28.440323811677235,"rgba(0, 255, 0, 1.0)",0.6797831435135886,28.440323811677235,2.7395151028565343,0,,,0.0,0.0,0.0,0.0,59.997620713655984,5.374254953304941,False,True,True,False,True,13.900673071497383
2025-08-29 00:00:00+00:00,30.0982,30.14,30.055,30.14,17200,27.651624341704427,27.716612755267192,28.141292840021286,29.284256002171485,28.192947433355982,28.46444369841837,"rgba(0, 255, 0, 1.0)",0.6728590168863124,28.46444369841837,2.428081159024833,0,,,0.0,0.0,0.0,0.0,57.7590040197488,5.374254953304941,False,True,True,False,True,11.17514000865824
2025-09-02 00:00:00+00:00,29.966,29.966,29.966,29.966,10,27.651635252832104,27.716623608439473,28.141305450638708,29.284271149143347,28.192961832134,28.464454685540534,"rgba(0, 255, 0, 1.0)",0.6661340849196207,28.464454685540534,2.254118725422452,0,,,0.0,0.0,0.0,0.0,54.50676456689413,9.316959926600063,False,True,True,False,False,9.466095733078365
2025-09-03 00:00:00+00:00,30.1592,30.2464,30.0419,30.2464,760,27.652529803111698,27.717515285045543,28.142359503542675,29.28572912058663,28.19416843398251,28.46559848646003,"rgba(0, 255, 0, 1.0)",0.6643578971504093,28.46559848646003,2.5492306493295724,0,,,0.0,0.0,0.0,0.0,54.720119085901516,9.316959926600063,False,True,True,False,False,11.348570102522558
2025-09-04 00:00:00+00:00,30.3751,30.3751,30.11,30.11,6467,27.66053387117498,27.72550414022185,28.151895867174648,29.2998846207448,28.20509401168613,28.477113428349963,"rgba(0, 255, 0, 1.0)",0.6679283410206106,28.477113428349963,2.841602092748255,0,,,0.0,0.0,0.0,0.0,57.022700395826604,9.316959926600063,False,True,True,False,True,13.367369551887041
2025-09-05 00:00:00+00:00,30.205,30.37,30.205,30.37,7200,27.669297995752036,27.734248014861535,28.162282123087756,29.31476650936931,28.216970002493664,28.489178919338023,"rgba(0, 255, 0, 1.0)",0.667696182765099,28.489178919338023,2.5697632021143586,0,,,0.0,0.0,0.0,0.0,56.27156874273545,9.316959926600063,False,True,True,False,True,11.170179586407375
2025-09-08 00:00:00+00:00,30.3749,30.45,30.27,30.27,4668,27.675177503536705,27.74011905139698,28.169295587409323,29.325215215378854,28.224988363697513,28.49778163076858,"rgba(0, 255, 0, 1.0)",0.6689566330574174,28.49778163076858,2.806038951511983,0,,,0.0,0.0,0.0,0.0,57.41348372051793,9.316959926600063,False,True,True,False,True,12.74776760448231
2025-09-09 00:00:00+00:00,30.4086,30.47,30.28,30.47,3210,27.679237548797854,27.744173685817696,28.17413900117131,29.332424838675305,28.230521993343398,28.50372527136642,"rgba(0, 255, 0, 1.0)",0.6633595894716133,28.50372527136642,2.8715567828767985,0,,,0.0,0.0,0.0,0.0,58.486704510796734,9.316959926600063,False,True,True,False,True,13.057629550522957
2025-09-10 00:00:00+00:00,30.4969,30.545,30.46,30.47,694,27.68015076921172,27.745086559742802,28.175237389608082,29.334138561780655,28.231777948245742,28.50514875185356,"rgba(0, 255, 0, 1.0)",0.6588272112890734,28.50514875185356,3.023176963576447,0,,,0.0,0.0,0.0,0.0,60.025305105807725,5.409087957714931,False,True,True,False,True,13.871142221785192
2025-09-11 00:00:00+00:00,30.7033,30.7033,30.56,30.56,207,27.680437994953937,27.74537402595191,28.175586616097554,29.334716489820238,28.232177851453475,28.505632574164473,"rgba(0, 255, 0, 1.0)",0.6543668570979656,28.505632574164473,3.3584638372149587,0,,,0.0,0.0,0.0,0.0,62.75921244611043,8.086244108168614,False,True,True,False,True,15.72787710447832
2025-09-12 00:00:00+00:00,30.6872,30.6972,30.6,30.6972,871,27.68164836492225,27.746585448943694,28.177058502972027,29.337153625159846,28.23386320747852,28.50767151651184,"rgba(0, 255, 0, 1.0)",0.6569276439593619,28.50767151651184,3.317760340167671,0,,,0.0,0.0,0.0,0.0,64.31398958226012,9.60185061052016,False,False,True,False,True,15.509057732762074
2025-09-15 00:00:00+00:00,30.7234,30.77,30.6869,30.6869,2388,27.685034381976127,27.749975911642803,28.18119084697498,29.3441169846809,28.23859590618214,28.513495789078103,"rgba(0, 255, 0, 1.0)",0.654895338244099,28.513495789078103,3.374438756652443,0,,,0.0,0.0,0.0,0.0,65.65784080447217,10.937405151069719,False,False,True,False,True,15.836440586937087
2025-09-16 00:00:00+00:00,30.7456,30.81,30.72,30.81,2030,27.687936863296578,27.7528827207232,28.184736872913614,29.350116523291426,28.242656172727777,28.518499371582987,"rgba(0, 255, 0, 1.0)",0.6544738219307097,28.518499371582987,3.402887256585795,0,,,0.0,0.0,0.0,0.0,66.75142213775521,12.065216334685843,True,False,True,False,True,16.03948203462168
2025-09-17 00:00:00+00:00,30.7396,30.87,30.59,30.8039,2387,27.691314676140795,27.756264801418304,28.188853129839657,29.356980639529727,28.24736587349433,28.52419845181126,"rgba(0, 255, 0, 1.0)",0.6532999065367128,28.52419845181126,3.3910942371522355,0,,,0.0,0.0,0.0,0.0,67.35319344843876,12.77078314896233,True,False,True,False,True,15.953398213348027
2025-09-18 00:00:00+00:00,30.7844,30.815,30.75,30.8,2114,27.694348923048825,27.759303805842055,28.192558851256013,29.363221581636243,28.251605566254618,28.529370176650406,"rgba(0, 255, 0, 1.0)",0.6522170893356117,28.529370176650406,3.4574834977824738,0,,,0.0,0.0,0.0,0.0,68.21044642665424,13.755967764807082,True,False,True,False,True,16.375745569039537
2025-09-19 00:00:00+00:00,30.9131,30.9131,30.82,30.855,267,27.694743988648984,27.75969974457573,28.193043979578963,29.36406058541551,28.252160922196882,28.530065812687972,"rgba(0, 255, 0, 1.0)",0.6544395152691659,28.530065812687972,3.641336031385428,0,,,0.0,0.0,0.0,0.0,69.993806845887,15.603291749175398,True,False,True,False,True,17.579712859580717
2025-09-22 00:00:00+00:00,30.9529,30.9529,30.9529,30.9529,131,27.694942093385368,27.75989837609199,28.193288205550893,29.364491085050055,28.252440651019715,28.530423147372225,"rgba(0, 255, 0, 1.0)",0.6576283690312856,28.530423147372225,3.683656251320461,0,,,0.0,0.0,0.0,0.0,71.53080602955721,17.178585562681462,True,False,True,False,True,17.949435250624536
2025-09-23 00:00:00+00:00,30.9014,31.21,30.9014,31.21,956,27.69640985755322,27.761370490772524,28.195102338713223,29.367727065563532,28.254519074386707,28.533108764559604,"rgba(0, 255, 0, 1.0)",0.6548762378088243,28.533108764559604,3.616395127367199,0,,,0.0,0.0,0.0,0.0,71.23182752107486,17.178585562681462,True,False,True,False,True,17.165863857270114
2025-09-24 00:00:00+00:00,30.8232,30.9291,30.8232,30.9291,1118,27.69804912521844,27.763013062648312,28.19711098707704,29.371159606827117,28.256817081248435,28.535944044371156,"rgba(0, 255, 0, 1.0)",0.6531642607357622,28.535944044371156,3.501808186890608,0,,,0.0,0.0,0.0,0.0,69.1102115030705,17.178585562681462,True,False,True,False,False,15.977527471605903
2025-09-25 00:00:00+00:00,30.6967,30.7287,30.62,30.6521,4436,27.704173975985846,27.76914226844575,28.20452395359473,29.38302515670388,28.26527870835118,28.545680965474276,"rgba(0, 255, 0, 1.0)",0.6469566634662595,28.545680965474276,3.324827080381259,0,,,0.0,0.0,0.0,0.0,64.95298893870056,19.3685650798227,False,False,True,False,False,14.081628711609564
2025-09-26 00:00:00+00:00,30.7953,30.86,30.7723,30.7723,828,27.705363219048785,27.770333379479865,28.205973628874794,29.385431084706212,28.266934497004858,28.547655788965944,"rgba(0, 255, 0, 1.0)",0.644849834456045,28.547655788965944,3.48553119026545,0,,,0.0,0.0,0.0,0.0,63.599315121178506,18.152083309878194,False,False,True,False,False,15.074859981620811
2025-09-29 00:00:00+00:00,30.8813,30.9767,30.8608,30.9767,418,27.705982004276823,27.770953530244984,28.206732122353973,29.386725186264854,28.267801455984504,28.548718610723192,"rgba(0, 255, 0, 1.0)",0.6422258839322678,28.548718610723192,3.632026437481322,0,,,0.0,0.0,0.0,0.0,63.81819114024362,18.152083309878194,False,False,True,False,False,15.931996216754634
2025-09-30 00:00:00+00:00,31.0098,31.0098,31.0098,31.0098,43,27.70604770452573,27.771019417917966,28.206813116605066,29.386867248549198,28.26789410679372,28.548835380390273,"rgba(0, 255, 0, 1.0)",0.6433547487214902,28.548835380390273,3.825206271501515,0,,,0.0,0.0,0.0,0.0,65.439940865422,18.152083309878194,True,False,True,False,False,17.192668828649257
2025-10-01 00:00:00+00:00,31.0739,31.0739,30.96,30.9794,3650,27.711659116448377,27.776647503140804,28.2137351310192,29.39902877315063,28.275810635562635,28.558805702011956,"rgba(0, 255, 0, 1.0)",0.6407044489809107,28.558805702011956,3.925514021306535,0,,,0.0,0.0,0.0,0.0,67.18545704705895,18.152083309878194,True,False,True,False,True,17.813922769261254
2025-10-02 00:00:00+00:00,31.1583,31.1583,31.065,31.1168,1215,27.71357399918894,27.778568999814908,28.216106071922034,29.403260867140723,28.27852263273653,28.56226472440583,"rgba(0, 255, 0, 1.0)",0.6426294794704583,28.56226472440583,4.039707729768895,0,,,0.0,0.0,0.0,0.0,69.17407545085652,14.562300742329057,True,False,True,False,True,18.627893599047834
2025-10-03 00:00:00+00:00,31.1404,31.22,31.1404,31.171,727,27.714732074854755,27.77973131106949,28.21754222734541,29.405841395855262,28.280165500838677,28.56437111006887,"rgba(0, 255, 0, 1.0)",0.6363235551647013,28.56437111006887,4.048300379614849,0,,,0.0,0.0,0.0,0.0,70.02899075080178,15.437596623080964,True,False,True,False,True,18.34037061668322
2025-10-06 00:00:00+00:00,31.1813,31.1813,31.1761,31.1761,188,27.715032518795805,27.780032872047183,28.217914975133866,29.40651226259525,28.280591895370424,28.564918349942957,"rgba(0, 255, 0, 1.0)",0.6306910219606494,28.564918349942957,4.148436491014909,0,,,0.0,0.0,0.0,0.0,71.03496180976252,16.501428667347383,True,False,True,False,True,18.743168132975992
2025-10-07 00:00:00+00:00,31.255,31.26,31.25,31.25,7334,27.72696681085829,27.792015466610557,28.232751754158244,29.433389735252735,28.297558795092872,28.586722143569318,"rgba(0, 255, 0, 1.0)",0.6226505133076727,28.586722143569318,4.285353981732276,0,,,0.0,0.0,0.0,0.0,72.46061101064029,17.974386484125816,True,False,True,False,True,19.469050518655045
2025-10-08 00:00:00+00:00,31.1587,31.21,30.99,31.09,4515,27.733993430595,27.79906435769178,28.241407695505686,29.448349391704063,28.307434192054583,28.5987699530695,"rgba(0, 255, 0, 1.0)",0.6148519594118392,28.5987699530695,4.163490101551114,0,,,0.0,0.0,0.0,0.0,70.70563888667573,17.974386484125816,True,False,True,False,True,17.871313497345557
2025-10-09 00:00:00+00:00,31.0478,31.14,31.0478,31.14,7751,27.745843168211206,27.810947274866336,28.255936976525344,29.472805668922827,28.32398225459257,28.618389213572282,"rgba(0, 255, 0, 1.0)",0.6097307126830448,28.618389213572282,3.984399565075858,0,,,0.0,0.0,0.0,0.0,66.84516399287529,21.509772618500634,True,False,True,False,False,16.06151671833877
2025-10-10 00:00:00+00:00,30.5467,31.0,30.5467,30.78,4692,27.752160768925844,27.817265467979087,28.263483429626625,29.483830244307576,28.332532441949365,28.627282278171954,"rgba(0, 255, 0, 1.0)",0.5954781791387613,28.627282278171954,3.2233216750345015,0,,,0.0,0.0,0.0,0.0,56.90388216495589,12.399029991889876,False,True,True,False,False,8.55422298196148
