date,Open,High,Low,Close,Volume,aVWAP_BoS_CHoCH_bull_62,aVWAP_BoS_CHoCH_bull_155,aVWAP_BoS_CHoCH_bear_117,Peaks_Valleys_avg,color,StDev,StDev_Mean,StdDev_ZScore,MA_Cross_Count,MA_Avg_Deviation_Z,MA_Oscillation_Score,BoS,CHoCH,BoS_CHoCH_Price,BoS_CHoCH_Break_Index,QQEMOD,QQE1_Value,QQE1_Above_Upper,QQE1_Below_Lower,QQE2_Above_Threshold,QQE2_Below_Threshold,QQE2_Above_TL,banker_RSI
2024-02-22 17:00:00+00:00,32.07,32.09,32.055,32.055,73.0,,,,,"rgba(38, 166, 154, 1.0)",,,,0,,,0.0,0.0,0.0,0.0,,,False,False,False,False,False,
2024-02-23 17:00:00+00:00,32.03,32.075,32.03,32.075,39.0,,,,,"rgba(38, 166, 154, 1.0)",,,,0,,,0.0,0.0,0.0,0.0,100.0,,False,False,True,False,False,
2024-02-26 17:00:00+00:00,31.98,31.98,31.98,31.98,0.0,,,,,"rgba(239, 83, 80, 1.0)",,,,0,,,0.0,0.0,0.0,0.0,71.92118226601043,-48.27586206896349,False,False,True,False,True,
2024-02-27 17:00:00+00:00,31.98,31.99,31.98,31.99,100.0,,,,,"rgba(38, 166, 154, 1.0)",,,,0,,,0.0,0.0,0.0,0.0,55.748873283723235,-48.27586206896349,False,False,False,False,True,
2024-02-28 17:00:00+00:00,31.85,31.88,31.83,31.875,749.0,,,,,"rgba(239, 83, 80, 1.0)",,,,0,,,0.0,0.0,0.0,0.0,40.75524627974084,-48.27586206896349,False,False,False,True,True,
2024-02-29 17:00:00+00:00,31.96,31.96,31.96,31.96,0.0,,,,,"rgba(239, 83, 80, 1.0)",,,,0,,,0.0,0.0,0.0,0.0,39.975519343443814,-48.27586206896349,False,False,False,True,True,
2024-03-01 17:00:00+00:00,31.98,32.23,31.98,32.23,149.0,,,,,"rgba(38, 166, 154, 1.0)",,,,0,,,0.0,0.0,0.0,0.0,50.242034974260164,-48.27586206896349,False,False,False,False,True,
2024-03-04 17:00:00+00:00,32.07,32.12,32.06,32.115,100.0,,,,,"rgba(38, 166, 154, 1.0)",,,,0,,,0.0,0.0,0.0,0.0,52.341264296769516,-48.27586206896349,False,False,True,False,True,
2024-03-05 17:00:00+00:00,32.115,32.115,32.115,32.115,0.0,,,,,"rgba(38, 166, 154, 1.0)",,,,0,,,0.0,0.0,0.0,0.0,53.74075051177575,-45.60004879212616,False,False,True,False,True,
2024-03-06 17:00:00+00:00,32.575,32.59,32.48,32.48,344.0,,,,,"rgba(239, 83, 80, 1.0)",,,,0,,,0.0,0.0,0.0,0.0,61.14771754309078,-33.72904737728723,False,False,True,False,True,
2024-03-07 17:00:00+00:00,32.75,32.75,32.75,32.75,0.0,,,,,"rgba(38, 166, 154, 1.0)",,,,0,,,0.0,0.0,0.0,0.0,68.25782141666689,-22.677901288798317,False,False,True,False,True,
2024-03-08 17:00:00+00:00,32.75,32.75,32.75,32.75,0.0,,,,,"rgba(38, 166, 154, 1.0)",,,,0,,,0.0,0.0,0.0,0.0,72.99789066571763,-14.252143038889834,False,False,True,False,True,
2024-03-11 17:00:00+00:00,32.75,32.75,32.75,32.75,0.0,,,,,"rgba(38, 166, 154, 1.0)",,,,0,,,0.0,0.0,0.0,0.0,76.15793683175146,-7.559259180726151,False,False,True,False,True,
2024-03-12 17:00:00+00:00,32.69,32.715,32.69,32.715,140.0,,,,,"rgba(239, 83, 80, 1.0)",,,,0,,,0.0,0.0,0.0,0.0,76.95461645380698,-3.232543557413962,False,False,True,False,True,
2024-03-13 17:00:00+00:00,32.715,32.78,32.715,32.77,562.0,,,,,"rgba(38, 166, 154, 1.0)",,,,0,,,0.0,0.0,0.0,0.0,78.04129471495546,1.2121763188727712,False,False,True,False,True,
2024-03-14 17:00:00+00:00,32.535,32.535,32.535,32.535,0.0,,,,,"rgba(239, 83, 80, 1.0)",,,,0,,,0.0,0.0,0.0,0.0,71.49535385940078,1.2121763188727712,False,False,True,False,True,
2024-03-15 17:00:00+00:00,32.53,32.6,32.53,32.57,53.0,,,,,"rgba(239, 83, 80, 1.0)",,,,0,,,0.0,0.0,0.0,0.0,67.73557177577835,1.2121763188727712,False,False,True,False,True,
2024-03-18 17:00:00+00:00,32.44,32.44,32.42,32.42,10.0,,,,,"rgba(239, 83, 80, 1.0)",,32.42666666666666,,0,,,0.0,0.0,0.0,0.0,61.74424735099991,1.2121763188727712,False,False,True,False,False,
2024-03-19 17:00:00+00:00,32.47,32.48,32.44,32.46,574.0,,,,,"rgba(239, 83, 80, 1.0)",,32.45942922374429,,0,,,0.0,0.0,0.0,0.0,58.579065768397484,1.2121763188727712,False,False,True,False,False,
2024-03-20 17:00:00+00:00,32.465,32.81,32.465,32.8,112.0,,,,,"rgba(38, 166, 154, 1.0)",,32.49680076628352,,0,,,0.0,0.0,0.0,0.0,61.583082474958005,1.2121763188727712,False,False,True,False,False,
2024-03-21 17:00:00+00:00,32.84,32.84,32.84,32.84,0.0,,,,,"rgba(38, 166, 154, 1.0)",,32.49680076628352,,0,,,0.0,0.0,0.0,0.0,64.0264151084122,1.2121763188727712,False,False,True,False,False,
2024-03-22 17:00:00+00:00,32.69,32.69,32.69,32.69,0.0,,,,,"rgba(38, 166, 154, 1.0)",,32.49680076628352,,0,,,0.0,0.0,0.0,0.0,62.28273085290707,1.2121763188727712,False,False,True,False,False,
2024-03-25 17:00:00+00:00,32.69,32.69,32.68,32.68,400.0,,,,,"rgba(38, 166, 154, 1.0)",,32.564878345498784,,0,,,0.0,0.0,0.0,0.0,60.90681889226647,1.2121763188727712,False,False,True,False,False,
2024-03-26 17:00:00+00:00,32.785,32.8,32.785,32.8,1.0,,,,,"rgba(38, 166, 154, 1.0)",,32.56508811911273,,0,,,0.0,0.0,0.0,0.0,61.77753677688385,1.2121763188727712,False,False,True,False,False,
2024-03-27 17:00:00+00:00,32.85,32.93,32.85,32.93,4.0,,,,,"rgba(38, 166, 154, 1.0)",,32.56631698455949,,0,,,0.0,0.0,0.0,0.0,64.0011017849269,3.13713218990479,False,False,True,False,False,
2024-03-28 17:00:00+00:00,32.96,32.96,32.89,32.89,417.0,,,,,"rgba(38, 166, 154, 1.0)",,32.66164361001317,,0,,,0.0,0.0,0.0,0.0,64.46401247223741,4.6744512232291555,False,False,True,False,False,
2024-03-29 17:00:00+00:00,32.89,32.89,32.89,32.89,0.0,,,,,"rgba(38, 166, 154, 1.0)",,32.66164361001317,,0,,,0.0,0.0,0.0,0.0,64.77261959711109,6.031401427024662,False,False,True,False,False,
2024-04-01 17:00:00+00:00,32.83,32.83,32.81,32.82,297.0,,,,,"rgba(38, 166, 154, 1.0)",,32.687556473829204,,0,,,0.0,0.0,0.0,0.0,63.01553719263386,6.031401427024662,False,False,True,False,False,
2024-04-02 17:00:00+00:00,32.49,32.56,32.49,32.56,1.0,,,,,"rgba(239, 83, 80, 1.0)",,32.68747338472834,,0,,,0.0,0.0,0.0,0.0,56.42144248615421,6.031401427024662,False,False,True,False,False,
2024-04-03 17:00:00+00:00,32.56,32.56,32.56,32.56,0.0,,,,,"rgba(239, 83, 80, 1.0)",,32.68747338472834,,0,,,0.0,0.0,0.0,0.0,52.02537934850112,9.730002586518452,False,False,False,False,False,
2024-04-04 17:00:00+00:00,33.01,33.01,32.58,32.58,424.0,,,,32.723333333333336,"rgba(239, 83, 80, 1.0)",,32.70879724702381,,0,,,0.0,0.0,0.0,0.0,49.585280169536,7.22921794157493,False,False,False,False,False,
2024-04-05 17:00:00+00:00,32.74,32.76,32.74,32.76,23.0,,,,32.72487695749441,"rgba(239, 83, 80, 1.0)",,32.70986924911102,,0,,,0.0,0.0,0.0,0.0,51.79107111363203,7.22921794157493,False,False,False,False,False,
2024-04-08 17:00:00+00:00,32.95,33.01,32.95,33.01,104.0,,,,32.88245916515426,"rgba(38, 166, 154, 1.0)",,32.8242491697658,,0,,,0.0,0.0,0.0,0.0,56.84162720851293,7.22921794157493,False,False,True,False,True,
2024-04-09 17:00:00+00:00,33.01,33.01,32.94,32.94,1.0,,,,32.90944634230504,"rgba(38, 166, 154, 1.0)",,32.85906902615445,,0,,,0.0,0.0,0.0,0.0,58.60859729424378,1.0129559269632722,False,False,True,False,True,
2024-04-10 17:00:00+00:00,32.605,32.605,32.48,32.48,100.0,,,,32.67460642292719,"rgba(239, 83, 80, 1.0)",,32.68105223075563,,0,,,0.0,0.0,0.0,0.0,52.610078765594665,1.0129559269632722,False,False,False,False,False,
2024-04-11 17:00:00+00:00,32.48,32.77,32.48,32.77,11.0,,,,32.677584740211365,"rgba(239, 83, 80, 1.0)",,32.683255954647564,,0,,,0.0,0.0,0.0,0.0,52.51576517492538,1.0129559269632722,False,False,True,False,False,
2024-04-12 17:00:00+00:00,32.28,32.28,32.15,32.15,8.0,,,,32.66100637769183,"rgba(239, 83, 80, 1.0)",,32.67041451386799,,0,,,0.0,0.0,0.0,0.0,46.84049565835477,4.73676119322657,False,False,False,True,False,
2024-04-15 17:00:00+00:00,32.15,32.15,32.125,32.125,63.0,,,,32.55574331993195,"rgba(239, 83, 80, 1.0)",,32.58797562720386,,0,,,0.0,0.0,0.0,0.0,42.886792590701376,0.9724809641353147,False,False,False,True,False,
2024-04-16 17:00:00+00:00,31.58,31.58,31.58,31.58,0.0,,,,32.55574331993195,"rgba(239, 83, 80, 1.0)",,32.58797562720386,,0,,,0.0,0.0,0.0,0.0,37.21004675431995,-4.338787206865561,False,False,False,True,False,
2024-04-17 17:00:00+00:00,31.52,31.52,31.52,31.52,0.0,,,,32.55574331993195,"rgba(239, 83, 80, 1.0)",,32.58797562720386,,0,,,0.0,0.0,0.0,0.0,33.1558578703723,-8.091698138127462,False,False,False,True,False,
2024-04-18 17:00:00+00:00,31.835,31.835,31.64,31.64,190.0,,,,32.11688073459983,"rgba(239, 83, 80, 1.0)",,32.21685239789885,,0,,,0.0,0.0,0.0,0.0,32.096368364178986,-9.202518563642585,False,False,False,True,False,
2024-04-19 17:00:00+00:00,31.71,31.71,31.595,31.595,1500.0,,,,31.772958433374527,"rgba(239, 83, 80, 1.0)",,31.872133963680756,,0,,,0.0,0.0,0.0,0.0,31.120254255181052,-10.461917572993812,False,True,False,True,False,
2024-04-22 17:00:00+00:00,31.83,31.83,31.83,31.83,0.0,,,,31.772958433374527,"rgba(239, 83, 80, 1.0)",,31.872133963680756,,0,,,0.0,0.0,0.0,0.0,33.7019085341957,-10.461917572993812,False,True,False,True,False,
2024-04-23 17:00:00+00:00,32.1,32.225,32.1,32.225,48.0,,,,31.783122261653247,"rgba(239, 83, 80, 1.0)",,31.880073602233047,,0,,,0.0,0.0,0.0,0.0,39.61365932678289,-18.642870741111714,False,False,False,True,True,
2024-04-24 17:00:00+00:00,32.225,32.225,32.0,32.005,2282.0,,,,31.94231955626278,"rgba(239, 83, 80, 1.0)",,31.994148440545484,,0,,,0.0,0.0,0.0,0.0,41.597736607978476,-16.590013221330864,False,False,False,True,True,
2024-04-25 17:00:00+00:00,31.765,31.91,31.765,31.91,18741.0,,,,31.877198846714474,"rgba(239, 83, 80, 1.0)",,31.891732712023177,,0,,,0.0,0.0,0.0,0.0,42.12248018062726,-15.746214660080014,False,False,False,True,True,
2024-04-26 17:00:00+00:00,32.105,32.115,32.105,32.105,1945.0,,,,31.895186145125926,"rgba(239, 83, 80, 1.0)",,31.908384179284383,,0,,,0.0,0.0,0.0,0.0,44.52179834833494,-13.067885322809488,False,False,False,True,True,
2024-04-29 17:00:00+00:00,32.54,32.54,32.46,32.46,24.0,,,,31.89575341761323,"rgba(38, 166, 154, 1.0)",,31.90893045891952,,0,,,0.0,0.0,0.0,0.0,49.18568137333805,-8.388236104940688,False,False,False,False,True,
2024-04-30 17:00:00+00:00,32.46,32.46,32.09,32.09,46.0,,,,31.896336206798896,"rgba(38, 166, 154, 1.0)",,31.909481429758813,,0,,,0.0,0.0,0.0,0.0,48.874080336058576,-8.388236104940688,False,False,False,False,True,
2024-05-01 17:00:00+00:00,31.86,32.31,31.86,32.31,100.0,,,,31.89738393135333,"rgba(38, 166, 154, 1.0)",,31.910463952491693,,0,,,0.0,0.0,0.0,0.0,50.477594038084675,-6.502698977125938,True,False,False,False,True,0.8888653292366051
2024-05-02 17:00:00+00:00,32.23,32.47,32.23,32.47,100.0,,,,31.89933338266856,"rgba(38, 166, 154, 1.0)",,31.912333922584747,,0,,,0.0,0.0,0.0,0.0,52.767997513406996,-3.962612126019664,True,False,True,False,True,3.0110945329062737
2024-05-03 17:00:00+00:00,32.77,32.81,32.77,32.775,481.0,,,,31.915875615265147,"rgba(38, 166, 154, 1.0)",,31.9283865706925,,0,,,0.0,0.0,0.0,0.0,56.357148113724065,-0.3033548396554977,True,False,True,False,True,6.809377036438164
2024-05-06 17:00:00+00:00,32.775,33.0,32.775,33.0,388.0,,,,31.930853598995675,"rgba(38, 166, 154, 1.0)",,31.942955814572485,,0,,,0.0,0.0,0.0,0.0,60.05591441418926,3.3368232279685017,True,False,True,False,True,9.414257133861419
2024-05-07 17:00:00+00:00,32.985,32.985,32.89,32.89,800.0,,,,31.960275131494996,"rgba(38, 166, 154, 1.0)",,31.97159145873827,,0,,,0.0,0.0,0.0,0.0,61.26716324134309,4.658214350837412,True,False,True,False,True,7.835684262485557
2024-05-08 17:00:00+00:00,32.93,32.93,32.89,32.89,6.0,,,,31.960485110531035,"rgba(38, 166, 154, 1.0)",,31.971795871263318,,0,,,0.0,0.0,0.0,0.0,62.07466245944565,5.719812672007592,True,False,True,False,True,7.835684262485547
2024-05-09 17:00:00+00:00,33.13,33.16,33.13,33.16,63.0,,,,31.963259550738847,"rgba(38, 166, 154, 1.0)",,31.974503234722665,,0,,,0.0,0.0,0.0,0.0,64.40105640738635,8.230384642615022,True,False,True,False,True,10.899274686227937
2024-05-10 17:00:00+00:00,33.16,33.16,33.16,33.16,0.0,,,,31.963259550738847,"rgba(38, 166, 154, 1.0)",,31.974503234722665,,0,,,0.0,0.0,0.0,0.0,65.95198570601349,9.990921816477012,True,False,True,False,True,10.899274686227937
2024-05-13 17:00:00+00:00,33.16,33.215,33.16,33.215,305.0,,,,31.977031428418734,"rgba(38, 166, 154, 1.0)",,31.987949243426026,,0,,,0.0,0.0,0.0,0.0,67.36440639642782,11.634692033581672,True,False,True,False,True,11.513489574300333
2024-05-14 17:00:00+00:00,33.215,33.43,33.215,33.43,601.0,,,,32.006768214837614,"rgba(38, 166, 154, 1.0)",,32.0170244160862,,0,,,0.0,0.0,0.0,0.0,69.68659507076049,14.101914112076727,True,False,True,False,True,13.85070396625974
2024-05-15 17:00:00+00:00,33.665,33.69,33.665,33.69,103.0,,,,32.01292497573229,"rgba(38, 166, 154, 1.0)",,32.02305465482801,,0,,,0.0,0.0,0.0,0.0,72.59490158145275,17.03559858871104,True,False,True,False,True,16.50789722645246
2024-05-16 17:00:00+00:00,33.62,33.62,33.62,33.62,0.0,,,,32.01292497573229,"rgba(38, 166, 154, 1.0)",,32.02305465482801,,0,,,0.0,0.0,0.0,0.0,73.33310909215399,17.938599366254735,True,False,True,False,True,15.428366562397407
2024-05-17 17:00:00+00:00,33.62,33.62,33.62,33.62,0.0,,,,32.01292497573229,"rgba(38, 166, 154, 1.0)",,32.02305465482801,,0,,,0.0,0.0,0.0,0.0,73.8252474326215,18.702771952490636,True,False,True,False,True,15.428366562397407
2024-05-20 17:00:00+00:00,33.7,33.7,33.66,33.66,10.0,,,,32.34548053604307,"rgba(38, 166, 154, 1.0)",,32.298584603930486,,0,,,0.0,1.0,33.7,101.0,74.42333176213941,19.620048785553763,True,False,True,False,True,15.843595846418346
2024-05-21 17:00:00+00:00,33.66,33.66,33.62,33.62,19.0,,,,32.34111693918412,"rgba(38, 166, 154, 1.0)",,32.2951122631571,,0,,,0.0,0.0,0.0,0.0,73.9420831494622,19.620048785553763,True,False,True,False,True,15.202033717741422
2024-05-22 17:00:00+00:00,33.325,33.325,33.325,33.325,0.0,,,,32.34111693918412,"rgba(38, 166, 154, 1.0)",,32.2951122631571,,0,,,0.0,0.0,0.0,0.0,68.15764264820535,22.789974899749836,True,False,True,False,False,10.649977615178187
2024-05-23 17:00:00+00:00,33.14,33.14,32.94,32.95,600.0,,,,32.23624395887562,"rgba(239, 83, 80, 1.0)",,32.21077587976617,,0,,,0.0,0.0,0.0,0.0,59.71565535374139,15.120389963085515,True,False,True,False,False,5.387810312580594
2024-05-24 17:00:00+00:00,33.345,33.345,33.345,33.345,0.0,,,,32.23624395887562,"rgba(239, 83, 80, 1.0)",,32.21077587976617,,0,,,0.0,0.0,0.0,0.0,58.34958568332979,14.16907538433307,True,False,True,False,False,9.699929909572013
2024-05-27 17:00:00+00:00,33.345,33.345,33.345,33.345,0.0,,,,32.23624395887562,"rgba(239, 83, 80, 1.0)",,32.21077587976617,,0,,,0.0,0.0,0.0,0.0,57.43887256972206,13.382097252707851,True,False,True,False,False,9.699929909572013
2024-05-28 17:00:00+00:00,33.485,33.485,33.485,33.485,0.0,,,,32.23624395887562,"rgba(38, 166, 154, 1.0)",,32.21077587976617,,0,,,0.0,0.0,0.0,0.0,58.18062355493991,13.382097252707851,True,False,True,False,False,11.15935417560047
2024-05-29 17:00:00+00:00,32.86,32.86,32.86,32.86,0.0,,,,32.23624395887562,"rgba(239, 83, 80, 1.0)",,32.21077587976617,,0,,,0.0,0.0,0.0,0.0,52.4284495130376,8.574181012368044,False,False,False,False,False,3.1979580312720373
2024-05-30 17:00:00+00:00,33.225,33.225,33.225,33.225,0.0,,,,32.23624395887562,"rgba(239, 83, 80, 1.0)",,32.21077587976617,,0,,,0.0,0.0,0.0,0.0,51.962154391371584,8.092283145566455,False,False,False,False,False,6.945368431563331
2024-05-31 17:00:00+00:00,33.35,33.35,33.35,33.35,0.0,,,,32.23624395887562,"rgba(239, 83, 80, 1.0)",,32.21077587976617,,0,,,0.0,0.0,0.0,0.0,52.660566937119725,8.092283145566455,False,False,True,False,False,8.164340552019748
2024-06-03 17:00:00+00:00,33.64,33.64,33.55,33.55,275.0,,,,32.28088379940362,"rgba(38, 166, 154, 1.0)",,32.58263188569846,,0,,,0.0,0.0,0.0,0.0,54.659857381432715,8.092283145566455,False,False,True,False,True,10.063319188120584
2024-06-04 17:00:00+00:00,33.33,33.33,33.33,33.33,0.0,,,,32.28088379940362,"rgba(38, 166, 154, 1.0)",,32.58263188569846,,0,,,0.0,0.0,0.0,0.0,53.836686345125656,8.092283145566455,False,False,True,False,True,7.434343121325767
2024-06-05 17:00:00+00:00,33.345,33.49,33.345,33.49,400.0,,,,32.3106595811505,"rgba(38, 166, 154, 1.0)",0.5635419838552993,32.582877685213816,1.609680096202216,0,,,0.0,0.0,0.0,0.0,54.606698131584835,8.092283145566455,False,False,True,False,True,8.94927506166226
2024-06-06 17:00:00+00:00,33.45,33.51,33.45,33.51,8.0,,,,32.31122961226007,"rgba(38, 166, 154, 1.0)",0.5669578610586639,32.58325403159176,1.6345940890170487,0,,,0.0,0.0,0.0,0.0,55.28819080436938,8.092283145566455,False,False,True,False,True,9.137634929919955
2024-06-07 17:00:00+00:00,33.51,33.51,32.97,32.97,301.0,,,,32.31522916069781,"rgba(38, 166, 154, 1.0)",0.5631593393005576,32.56036868177262,0.7273808487951866,0,,,0.0,0.0,0.0,0.0,50.85284747103727,5.784331941848919,False,False,False,False,False,3.0086148473710637
2024-06-10 17:00:00+00:00,33.09,33.17,33.09,33.17,359.0,,,,32.32137063024925,"rgba(38, 166, 154, 1.0)",0.5591799255956785,32.549041443462,1.1104807739235454,0,,,0.0,0.0,0.0,0.0,49.779273494288034,4.641722899858429,False,True,False,False,False,4.937457486233079
2024-06-11 17:00:00+00:00,32.73,32.785,32.73,32.785,103.0,,,,32.31857497221106,"rgba(239, 83, 80, 1.0)",0.5526168459053504,32.5375999562734,0.44768820487418415,0,,,0.0,0.0,0.0,0.0,46.298275280100725,1.2701440891126339,False,True,False,True,False,0.9408073128787429
2024-06-12 17:00:00+00:00,33.48,33.48,33.26,33.26,24.0,,,,32.31964422515351,"rgba(239, 83, 80, 1.0)",0.5466874281928787,32.538574817997265,1.3196300935389431,0,,,0.0,0.0,0.0,0.0,47.91423201249863,1.2701440891126339,False,True,False,True,False,5.3263293815834665
2024-06-13 17:00:00+00:00,32.68,32.68,32.68,32.68,0.0,,,,32.31964422515351,"rgba(239, 83, 80, 1.0)",0.5388778213160255,32.538574817997265,0.26244387207725817,0,,,0.0,0.0,0.0,0.0,45.39427459024118,0.47166333164937413,False,True,False,True,False,0.0
2024-06-14 17:00:00+00:00,32.45,32.465,32.45,32.465,23.0,,,,32.31823552395286,"rgba(239, 83, 80, 1.0)",0.5364293611086732,32.53454114455233,-0.1296370959423244,0,,,0.0,0.0,0.0,0.0,42.626408224761626,-2.175938767217339,False,True,False,True,False,0.0
2024-06-17 17:00:00+00:00,32.465,32.72,32.465,32.72,100.0,,,,32.31453732660016,"rgba(239, 83, 80, 1.0)",0.5310661976687147,32.52240144905194,0.37207894574250855,0,,,0.0,0.0,0.0,0.0,42.823655239861424,-2.175938767217339,False,True,False,True,False,0.20499112176316103
2024-06-18 17:00:00+00:00,32.76,32.76,32.74,32.74,25.0,,,,32.31400480440234,"rgba(239, 83, 80, 1.0)",0.5254971905703183,32.52024694871341,0.4181812105372036,0,,,0.0,0.0,0.0,0.0,43.11643327092044,-2.175938767217339,False,True,False,True,False,0.3826307956370876
2024-06-19 17:00:00+00:00,32.74,32.74,32.74,32.74,0.0,,,,32.31400480440234,"rgba(239, 83, 80, 1.0)",0.5243477114687569,32.52024694871341,0.41909795061571314,0,,,0.0,0.0,0.0,0.0,43.31161862495978,-2.178448852782992,False,True,False,True,False,0.3826307956370876
2024-06-20 17:00:00+00:00,32.79,32.79,32.655,32.7,1166.0,,,,32.300945025919745,"rgba(239, 83, 80, 1.0)",0.5244226168664746,32.46108368661484,0.4555797284501796,0,,,0.0,0.0,0.0,0.0,43.13417527260714,-2.7304827755669976,False,True,False,True,False,0.01163088815633273
2024-06-21 17:00:00+00:00,32.46,32.485,32.46,32.485,704.0,,,,32.288684301877424,"rgba(239, 83, 80, 1.0)",0.5255381368971557,32.427224027571484,0.10993678359791845,0,,,0.0,0.0,0.0,0.0,41.401444062723385,-4.695092507611484,False,True,False,True,False,0.0
2024-06-24 17:00:00+00:00,32.485,32.485,32.48,32.48,25.0,,,,32.28836853340056,"rgba(239, 83, 80, 1.0)",0.5266648848185164,32.42630414714051,0.10195449593717801,0,,,0.0,0.0,0.0,0.0,40.20894444059111,-6.07288295890001,False,True,False,True,False,0.0
2024-06-25 17:00:00+00:00,32.29,32.385,32.29,32.385,391.0,,,,32.280706546624565,"rgba(239, 83, 80, 1.0)",0.5285536699162935,32.40806809511564,-0.04364380843158915,0,,,0.0,0.0,0.0,0.0,38.66530197025011,-7.729474216887262,False,True,False,True,False,0.0
2024-06-26 17:00:00+00:00,32.13,32.15,32.13,32.15,100.0,32.14333333333334,,,32.255208506928795,"rgba(239, 83, 80, 1.0)",0.5333999817590368,32.37301003905787,-0.4180915760859795,0,,,0.0,0.0,0.0,0.0,35.954426121865815,-10.385758657041237,False,True,False,True,False,0.0
2024-06-27 17:00:00+00:00,32.29,32.295,32.23,32.295,590.0,32.25449275362319,,,32.26440872687652,"rgba(239, 83, 80, 1.0)",0.5355020629833834,32.36349296346644,-0.1279042009378128,0,,,0.0,0.0,0.0,0.0,36.22230632115771,-10.385758657041237,False,True,False,True,False,0.0
2024-06-28 17:00:00+00:00,32.375,32.375,32.25,32.26,103.0,32.25975409836065,,,32.26401552315403,"rgba(239, 83, 80, 1.0)",0.5381765593269638,32.36101858728689,-0.1877052902735618,0,,,0.0,0.0,0.0,0.0,36.10980268970456,-10.500990075136293,False,True,False,True,False,0.0
2024-07-01 17:00:00+00:00,32.41,32.41,32.21,32.21,100.0,32.261648002986185,,,32.26306136615691,"rgba(239, 83, 80, 1.0)",0.54048787603807,32.358236353724365,-0.2742639757453561,0,,,0.0,0.0,0.0,0.0,35.59488705029358,-11.218985254916014,False,True,False,True,False,0.0
2024-07-02 17:00:00+00:00,32.2,32.305,32.2,32.305,700.0,32.26531805817116,,,32.25593791130116,"rgba(239, 83, 80, 1.0)",0.5419172919840732,32.34047636948309,-0.06546454598856909,0,,,0.0,0.0,0.0,0.0,36.84128189849071,-11.218985254916014,False,True,False,True,False,0.0
2024-07-03 17:00:00+00:00,32.685,32.685,32.685,32.685,0.0,32.26531805817116,,,32.25593791130116,"rgba(239, 83, 80, 1.0)",0.5419388948634022,32.34047636948309,0.6357241264326468,0,,,0.0,0.0,0.0,0.0,42.66642992916999,-10.762325014804091,False,True,False,True,True,0.4067232153442788
2024-07-04 17:00:00+00:00,32.685,32.685,32.685,32.685,0.0,32.26531805817116,,,32.25593791130116,"rgba(239, 83, 80, 1.0)",0.541883751371085,32.34047636948309,0.6357888193642822,0,,,0.0,0.0,0.0,0.0,46.54986194962285,-7.3703444165521645,False,True,False,False,True,0.4067232153442788
2024-07-05 17:00:00+00:00,32.685,32.685,32.685,32.685,0.0,32.26531805817116,,,32.25593791130116,"rgba(239, 83, 80, 1.0)",0.5418911911657754,32.34047636948309,0.6357800904195057,0,,,0.0,0.0,0.0,0.0,49.13881662992476,-5.198005859842041,False,True,False,False,True,0.4067232153442788
2024-07-08 17:00:00+00:00,32.62,32.67,32.62,32.665,584.0,32.36895957740009,,,32.27804348811575,"rgba(239, 83, 80, 1.0)",0.5419190707838941,32.35549657516842,0.5711248072223797,0,,,0.0,0.0,0.0,0.0,50.535786357638855,-4.03389452440743,False,False,False,False,True,0.20565275277438744
2024-07-09 17:00:00+00:00,32.535,32.605,32.535,32.57,248.0,32.38951958762886,,,32.28263944523578,"rgba(239, 83, 80, 1.0)",0.5422653766733947,32.35793230911321,0.3910773211960361,0,,,0.0,0.0,0.0,0.0,49.893730013806504,-4.03389452440743,False,True,False,False,True,0.0
2024-07-10 17:00:00+00:00,32.57,32.95,32.57,32.945,1014.0,32.516939517301545,,,32.31896816387705,"rgba(38, 166, 154, 1.0)",0.5423377160019374,32.38865205673878,1.0258330314228694,0,,,0.0,0.0,0.0,0.0,54.298929698741176,-0.5772003487731254,False,False,True,False,True,2.9490461416813787
2024-07-11 17:00:00+00:00,33.28,33.29,33.22,33.29,383.0,32.59206916099773,,,32.34337370216387,"rgba(38, 166, 154, 1.0)",0.545748283725372,32.41242899403042,1.6080142295256104,5,0.3739464718928863,1.8697323594644315,0.0,0.0,0.0,0.0,60.01507627471655,4.585735878508309,True,False,True,False,True,6.110311376053065
2024-07-12 17:00:00+00:00,33.685,33.76,33.685,33.76,459.0,32.71461185081367,,,32.57811869102455,"rgba(38, 166, 154, 1.0)",0.5578881511460779,32.58301426058473,2.1097163239573486,5,0.3686253785624143,1.8431268928120714,0.0,0.0,0.0,0.0,66.27450511115045,10.082340823983031,True,False,True,False,True,10.070500639494615
2024-07-15 17:00:00+00:00,33.76,33.76,33.5,33.5,37.0,32.72208429828624,,,32.70484683413514,"rgba(38, 166, 154, 1.0)",0.5643481610201693,32.675514112998286,1.4609525536705836,5,0.3679641260506996,1.839820630253498,0.0,0.0,0.0,0.0,66.82252702438187,10.335039827164131,True,False,True,False,True,7.396748120748828
2024-07-16 17:00:00+00:00,33.69,33.69,33.69,33.69,0.0,32.72208429828624,,,32.70484683413514,"rgba(38, 166, 154, 1.0)",0.5736711868576203,32.675514112998286,1.768410040878517,5,0.36530958170946193,1.8265479085473095,0.0,0.0,0.0,0.0,68.2776070960019,11.715104717078667,True,False,True,False,True,8.944862332075214
2024-07-17 17:00:00+00:00,33.62,33.68,33.62,33.66,246.0,32.7722787028922,,,32.72313623861081,"rgba(38, 166, 154, 1.0)",0.5818408810068357,32.69423194569941,1.6598490855943195,5,0.3646968968152223,1.8234844840761117,0.0,0.0,0.0,0.0,68.82576910336344,12.422940902569458,True,False,True,False,True,8.636279547320644
2024-07-18 17:00:00+00:00,33.66,33.66,33.66,33.66,0.0,32.7722787028922,,,32.72313623861081,"rgba(38, 166, 154, 1.0)",0.5896397434256168,32.69423194569941,1.6378951131919781,5,0.3635540142786626,1.817770071393313,0.0,0.0,0.0,0.0,69.19121044160447,13.11014270902087,True,False,True,False,True,8.636279547320633
2024-07-19 17:00:00+00:00,33.42,33.42,33.42,33.42,0.0,32.7722787028922,,,32.72313623861081,"rgba(38, 166, 154, 1.0)",0.5937307607124769,32.69423194569941,1.2223858056969679,5,0.36275180378736127,1.8137590189368065,0.0,0.0,0.0,0.0,65.87920636969747,13.11014270902087,True,False,True,False,False,6.151366226820862
2024-07-22 17:00:00+00:00,33.42,33.48,33.42,33.48,8.0,32.773482064741906,,,32.7225360933455,"rgba(38, 166, 154, 1.0)",0.5981947466795033,32.693930212715856,1.3140700276080766,5,0.3625534612596824,1.812767306298412,0.0,0.0,0.0,0.0,64.22995938943693,13.11014270902087,True,False,True,False,False,6.669266990207465
2024-07-23 17:00:00+00:00,33.48,33.48,33.48,33.48,0.0,32.773482064741906,,,32.7225360933455,"rgba(38, 166, 154, 1.0)",0.6027777891255311,32.693930212715856,1.3040788852298584,5,0.36259844978580047,1.8129922489290022,0.0,0.0,0.0,0.0,63.130461402596566,13.11014270902087,True,False,True,False,False,6.669266990207465
2024-07-24 17:00:00+00:00,33.48,33.48,33.48,33.48,0.0,32.773482064741906,,,32.7225360933455,"rgba(38, 166, 154, 1.0)",0.605838396077834,32.693930212715856,1.2974908694680232,5,0.36042292932276343,1.8021146466138172,0.0,0.0,0.0,0.0,62.39746274470299,17.70334787950992,True,False,True,False,False,6.669266990207465
2024-07-25 17:00:00+00:00,33.48,33.48,32.965,32.965,5070.0,32.96445343289774,,,32.69544099940289,"rgba(239, 83, 80, 1.0)",0.6059097247895885,32.70597293435392,0.42750108646305585,5,0.3603138832008183,1.8015694160040916,0.0,0.0,0.0,0.0,55.113517209303566,10.749910045397023,True,False,True,False,False,1.4263600166452584
2024-07-26 17:00:00+00:00,32.965,33.315,32.965,33.315,54.0,32.96575598184819,,,32.69631879577323,"rgba(239, 83, 80, 1.0)",0.6025834546515696,32.70689933184806,1.0091559326061512,5,0.3587986866189107,1.7939934330945535,0.0,0.0,0.0,0.0,54.29440185895106,9.998775445459415,False,False,True,False,False,4.562200855445152
2024-07-29 17:00:00+00:00,33.245,33.315,33.245,33.315,123.0,32.96983857826663,,,32.69918040526329,"rgba(239, 83, 80, 1.0)",0.5984094006704871,32.70980545154464,1.0113386383590715,5,0.35734232888354767,1.7867116444177382,0.0,0.0,0.0,0.0,53.74832495871607,9.32263897205312,False,False,True,False,False,4.562200855445152
2024-07-30 17:00:00+00:00,33.315,33.315,33.18,33.18,100.0,32.972411029337636,,,32.700964494656304,"rgba(239, 83, 80, 1.0)",0.579522737779636,32.7116637571434,0.8081412726806356,5,0.3566767066194776,1.783383533097388,0.0,0.0,0.0,0.0,51.7967943482516,7.260050735271982,False,False,False,False,False,3.2231998014244994
2024-07-31 17:00:00+00:00,33.89,33.97,33.89,33.96,701.0,33.03627919020716,,,32.88033068331515,"rgba(38, 166, 154, 1.0)",0.5691080820099207,32.85541573304561,1.9409042005752697,5,0.34917058000280266,1.7458529000140133,0.0,0.0,0.0,0.0,56.92624357621401,7.260050735271982,True,False,True,False,True,9.702192472793378
2024-08-01 17:00:00+00:00,33.13,33.13,33.07,33.07,100.0,33.03678031716418,,,32.86882731187706,"rgba(239, 83, 80, 1.0)",0.5486312780723328,32.84703918812651,0.4063946420570209,5,0.34946424614150357,1.7473212307075179,0.0,0.0,0.0,0.0,53.131341416270445,7.260050735271982,False,False,True,False,False,1.6467992234021231
2024-08-02 17:00:00+00:00,32.47,32.525,32.47,32.525,23.0,33.03564538148872,,,32.863958784789475,"rgba(239, 83, 80, 1.0)",0.527542347047069,32.84326799352071,-0.6033032140494997,5,0.34930422227744296,1.7465211113872148,0.0,0.0,0.0,0.0,47.844287112598096,4.304063161354257,False,True,False,True,False,0.0
2024-08-05 17:00:00+00:00,31.63,31.63,31.63,31.63,0.0,33.03564538148872,,,32.863958784789475,"rgba(239, 83, 80, 1.0)",0.5338461751654132,32.84326799352071,-2.2726921161227382,6,0.3855498857552517,2.31329931453151,0.0,-1.0,31.63,231.0,41.198319882364544,-1.6296380723720532,False,True,False,True,False,0.0
2024-08-06 17:00:00+00:00,31.635,31.79,31.635,31.79,200.0,33.01193502695788,,,32.69720390180421,"rgba(239, 83, 80, 1.0)",0.5442719742757147,32.71378921889952,-1.6972933800768384,6,0.37976420404000816,2.278585224240049,0.0,0.0,0.0,0.0,37.92354068808211,-4.407970791272149,False,True,False,True,False,0.0
2024-08-07 17:00:00+00:00,32.1,32.1,31.86,31.86,100.0,33.0022281083039,,,32.685306426044306,"rgba(239, 83, 80, 1.0)",0.547957567239926,32.70350665516574,-1.539364917277265,5,0.42945319447253916,2.1472659723626957,0.0,0.0,0.0,0.0,36.26937014403633,-5.88573807749448,False,True,False,True,False,0.0
2024-08-08 17:00:00+00:00,31.86,31.86,31.86,31.86,0.0,33.0022281083039,,,32.685306426044306,"rgba(239, 83, 80, 1.0)",0.5492795609123268,32.70350665516574,-1.535660008474949,5,0.42356983419175187,2.1178491709587592,0.0,0.0,0.0,0.0,35.16658978133915,-7.0791379900537095,False,True,False,True,False,0.0
2024-08-09 17:00:00+00:00,31.86,31.86,31.86,31.86,0.0,33.0022281083039,,,32.685306426044306,"rgba(239, 83, 80, 1.0)",0.5551189548682844,32.70350665516574,-1.5195061306560547,5,0.4181153550644227,2.0905767753221136,0.0,0.0,0.0,0.0,34.43140287287436,-8.108973608728007,False,True,False,True,False,0.0
2024-08-12 17:00:00+00:00,31.86,32.57,31.86,32.57,32.0,33.00029541008277,,,32.68669330242217,"rgba(239, 83, 80, 1.0)",0.5539380474027423,32.70436510088849,-0.24256340852282543,5,0.4178733175931512,2.089366587965756,0.0,0.0,0.0,0.0,39.53596767897278,-8.108973608728007,False,True,False,True,True,0.0
2024-08-13 17:00:00+00:00,32.88,32.88,32.88,32.88,0.0,33.00029541008277,,,32.68669330242217,"rgba(38, 166, 154, 1.0)",0.5446767203853422,32.70436510088849,0.3224571429953134,5,0.4178436580614598,2.089218290307299,0.0,0.0,0.0,0.0,44.77348623257125,-12.94909838499408,False,True,False,True,True,0.8895263393989232
2024-08-14 17:00:00+00:00,33.085,33.085,33.085,33.085,0.0,33.00029541008277,,,32.68669330242217,"rgba(38, 166, 154, 1.0)",0.5393734937552719,32.70436510088849,0.7056981915470565,6,0.40203807707941114,2.4122284624764667,0.0,0.0,0.0,0.0,49.38891836417112,-8.639563511501407,False,False,False,False,True,2.3449266069126153
2024-08-15 17:00:00+00:00,33.085,33.49,33.085,33.39,169.0,33.00512569666786,,,32.74011404808342,"rgba(38, 166, 154, 1.0)",0.5381443089890479,32.74634735644373,1.196059556525705,6,0.4001784493374964,2.4010706960249784,0.0,0.0,0.0,0.0,54.01034996382816,-4.3549100419717774,True,False,True,False,True,4.448365235994899
2024-08-16 17:00:00+00:00,33.515,33.515,33.515,33.515,0.0,33.00512569666786,,,32.74011404808342,"rgba(38, 166, 154, 1.0)",0.5409368083525404,32.74634735644373,1.4209656870961622,6,0.39749525115518497,2.3849715069311097,0.0,0.0,0.0,0.0,57.69262925800262,-0.921786280264314,True,False,True,False,True,5.292338158532981
2024-08-19 17:00:00+00:00,33.515,33.515,33.515,33.515,0.0,33.00512569666786,,,32.74011404808342,"rgba(38, 166, 154, 1.0)",0.5442050819049502,32.74634735644373,1.4124319472829252,6,0.3948877894234279,2.3693267365405672,0.0,0.0,0.0,0.0,60.14748212078559,1.472698376992163,True,False,True,False,True,5.292338158532992
2024-08-20 17:00:00+00:00,33.99,33.99,33.99,33.99,0.0,33.00512569666786,,,32.74011404808342,"rgba(38, 166, 154, 1.0)",0.5557336519339947,32.74634735644373,2.2378573606767733,6,0.38824177689135114,2.329450661348107,0.0,0.0,0.0,0.0,64.00880466968172,5.256244369213462,True,False,True,False,True,8.44261781886783
2024-08-21 17:00:00+00:00,33.99,33.99,33.99,33.99,0.0,33.00512569666786,,,32.74011404808342,"rgba(38, 166, 154, 1.0)",0.5666432533583886,32.74634735644373,2.1947718183978675,6,0.3821215952197902,2.292729571318741,0.0,0.0,0.0,0.0,66.58301970227915,7.873363314297983,True,False,True,False,True,8.44261781886783
2024-08-22 17:00:00+00:00,34.215,34.215,34.215,34.215,0.0,33.00512569666786,,,32.74011404808342,"rgba(38, 166, 154, 1.0)",0.582645512119329,32.74634735644373,2.520662414808899,6,0.37384048368463874,2.2430429021078324,0.0,0.0,0.0,0.0,69.26730286025537,10.665062915987576,True,False,True,False,True,9.89381883208161
2024-08-23 17:00:00+00:00,34.15,34.69,34.15,34.69,1.0,33.00525952275086,,,32.74071848891849,"rgba(38, 166, 154, 1.0)",0.6125812099132172,32.746831579557366,3.172099289036168,6,0.35971342395328904,2.158280543719734,0.0,0.0,0.0,0.0,72.71523514666951,14.181038095507574,True,False,True,False,True,12.814637059065344
2024-08-26 17:00:00+00:00,34.685,34.705,34.595,34.6,100.0,33.01961010724255,,,32.79675055981041,"rgba(38, 166, 154, 1.0)",0.6373870647183489,32.79199384271743,2.8365906014761983,6,0.348462324251164,2.0907739455069843,0.0,0.0,0.0,0.0,73.94883630365696,15.676194470430488,True,False,True,False,True,12.059507729103782
2024-08-27 17:00:00+00:00,34.745,34.84,34.74,34.81,111.0,33.03682844506518,,,33.02652020151766,"rgba(38, 166, 154, 1.0)",0.6666296025732952,32.97516185893175,2.7524102349872996,6,0.335830095078889,2.014980570473334,0.0,0.0,0.0,0.0,75.52049355469923,17.588987009176293,True,False,True,False,True,13.32230396935411
2024-08-28 17:00:00+00:00,34.81,34.81,34.38,34.47,100.0,33.049951540325374,,,33.045960737591145,"rgba(38, 166, 154, 1.0)",0.6817635319621577,32.992216936982246,2.1675888981104667,5,0.34118122436126186,1.7059061218063092,0.0,0.0,0.0,0.0,72.68961013316897,17.588987009176293,True,False,True,False,True,10.488660515020712
2024-08-29 17:00:00+00:00,34.47,34.47,34.47,34.47,0.0,33.049951540325374,,,33.045960737591145,"rgba(38, 166, 154, 1.0)",0.6971267156390294,32.992216936982246,2.1198198689934387,4,0.38647886196906617,1.5459154478762647,0.0,0.0,0.0,0.0,70.80235451881546,17.588987009176293,True,False,True,False,False,10.488660515020712
2024-08-30 17:00:00+00:00,34.49,34.55,34.47,34.55,71.0,33.058948711332825,,,33.06034962604858,"rgba(38, 166, 154, 1.0)",0.7140523361342228,33.004751508203825,2.1640549489158274,3,0.28144879210942636,0.844346376328279,0.0,0.0,0.0,0.0,70.00789623084003,17.588987009176293,True,False,True,False,False,10.991778098678601
2024-09-02 17:00:00+00:00,34.55,34.55,34.55,34.55,0.0,33.058948711332825,,,33.06034962604858,"rgba(38, 166, 154, 1.0)",0.7300121435494974,33.004751508203825,2.116743543857773,3,0.2774648639716996,0.8323945919150988,0.0,0.0,0.0,0.0,69.47825737218974,17.588987009176293,True,False,True,False,False,10.991778098678601
2024-09-03 17:00:00+00:00,34.55,34.55,33.93,33.93,27.0,33.06144556947544,,,33.060640727523406,"rgba(239, 83, 80, 1.0)",0.733562159221319,33.00533311741598,1.260516059832694,3,0.28054580728959905,0.8416374218687972,0.0,0.0,0.0,0.0,62.44964396213909,19.106917671743616,True,False,True,False,False,5.900418678695527
2024-09-04 17:00:00+00:00,33.97,33.97,33.97,33.97,0.0,33.06144556947544,,,33.060640727523406,"rgba(239, 83, 80, 1.0)",0.7393174232034941,33.00533311741598,1.3048074511812213,3,0.28429693689199814,0.8528908106759945,0.0,0.0,0.0,0.0,58.12176163226651,15.031593550246129,False,False,True,False,False,6.168708977465592
2024-09-05 17:00:00+00:00,34.12,34.19,34.11,34.19,100.0,33.07082014633317,,,33.06615943781005,"rgba(239, 83, 80, 1.0)",0.7482434806306756,33.010995498248136,1.5756963238197665,3,0.28640231389752474,0.8592069416925743,0.0,0.0,0.0,0.0,57.15744499287207,14.04895255143201,False,False,True,False,False,7.636587931414983
2024-09-06 17:00:00+00:00,34.19,34.19,33.55,33.56,0.0,33.07082014633317,,,33.06615943781005,"rgba(239, 83, 80, 1.0)",0.7492872709544827,33.010995498248136,0.7327022932773369,3,0.2919165145313542,0.8757495435940625,0.0,0.0,0.0,0.0,51.568329341772,8.731360573070958,False,True,False,False,False,2.7891196312505677
2024-09-09 17:00:00+00:00,33.99,34.01,33.99,34.01,1.0,33.070899475400545,,,33.144261630825085,"rgba(239, 83, 80, 1.0)",0.7551189453467736,33.07716556652981,1.2353476749835817,3,0.2943380427864828,0.8830141283594484,0.0,0.0,0.0,0.0,51.370458049632376,8.44053031144631,False,True,False,False,False,5.749917664425837
2024-09-10 17:00:00+00:00,33.69,33.77,33.69,33.77,100.0,33.07657162941094,,,33.11628426753525,"rgba(239, 83, 80, 1.0)",0.7573180630677251,33.05559244559564,0.9433388548933535,3,0.29556435561851546,0.8866930668555464,0.0,0.0,0.0,0.0,49.602575506379026,6.507139391575315,False,True,False,False,False,3.987387549618095
2024-09-11 17:00:00+00:00,33.71,33.71,33.71,33.71,0.0,33.07657162941094,,,33.11628426753525,"rgba(239, 83, 80, 1.0)",0.7585567258328864,33.05559244559564,0.862700879338755,3,0.29850834606380955,0.8955250381914286,0.0,0.0,0.0,0.0,48.019134594402416,4.699934654353228,False,True,False,True,False,3.55001185435934
2024-09-12 17:00:00+00:00,34.16,34.315,34.16,34.315,15.0,33.078071328278575,,,33.12370629213013,"rgba(239, 83, 80, 1.0)",0.7692353053227324,33.061727707487215,1.6292443727436208,3,0.29937180531258184,0.8981154159377456,0.0,0.0,0.0,0.0,51.19562203356134,4.699934654353228,False,True,False,False,True,7.401361041369981
2024-09-13 17:00:00+00:00,34.6,34.6,34.6,34.6,0.0,33.078071328278575,,,33.12370629213013,"rgba(38, 166, 154, 1.0)",0.7853859325599523,33.061727707487215,1.95861961456174,3,0.2970710134503915,0.8912130403511744,0.0,0.0,0.0,0.0,54.85202745922501,-1.778713770271338,False,False,True,False,True,9.108632828310196
2024-09-16 17:00:00+00:00,34.57,34.57,34.57,34.57,0.0,33.078071328278575,,,33.12370629213013,"rgba(38, 166, 154, 1.0)",0.7995281942078944,33.061727707487215,1.8864529149057154,3,0.2934875210668037,0.880462563200411,0.0,0.0,0.0,0.0,57.026184785689175,0.4159081759679992,False,False,True,False,True,8.881081668777206
2024-09-17 17:00:00+00:00,34.57,34.61,34.45,34.45,649.0,33.151958622893204,,,33.266006447168444,"rgba(38, 166, 154, 1.0)",0.8113441189034915,33.185303009406674,1.5587676808485789,3,0.2931205180052831,0.8793615540158493,0.0,0.0,0.0,0.0,57.36852516790704,1.0015229410090285,False,False,True,False,True,7.964930899357515
2024-09-18 17:00:00+00:00,34.6,34.99,34.6,34.97,5.0,33.152637868625575,,,33.26713208845346,"rgba(38, 166, 154, 1.0)",0.8344686608530906,33.1862925913898,2.1375367252098902,3,0.2876933034601667,0.8630799103805,0.0,0.0,0.0,0.0,60.5154496151827,4.244130637639877,True,False,True,False,True,11.053217845811997
2024-09-19 17:00:00+00:00,35.075,35.075,35.075,35.075,0.0,33.152637868625575,,,33.26713208845346,"rgba(38, 166, 154, 1.0)",0.8592830501996218,33.1862925913898,2.1980037988314005,3,0.281273157583753,0.8438194727512589,0.0,0.0,0.0,0.0,63.114269089397816,6.895158203122513,True,False,True,False,True,11.654517717434068
2024-09-20 17:00:00+00:00,34.81,34.81,34.81,34.81,0.0,33.152637868625575,,,33.26713208845346,"rgba(38, 166, 154, 1.0)",0.8755781256141912,33.1862925913898,1.8544403533051037,3,0.2765771341200055,0.8297314023600165,0.0,0.0,0.0,0.0,62.25325151659227,6.895158203122513,True,False,True,False,True,9.605703607171037
2024-09-23 17:00:00+00:00,34.7,34.715,34.7,34.715,801.0,33.24625490931833,,,33.37494892825017,"rgba(38, 166, 154, 1.0)",0.88973271115392,33.28518201910244,1.6070196846457272,3,0.27243752833058626,0.8173125849917589,0.0,0.0,0.0,0.0,60.79309411399067,6.895158203122513,True,False,True,False,True,8.880228347345515
2024-09-24 17:00:00+00:00,34.8,34.845,34.8,34.845,87.0,33.25652823342281,,,33.38577635080252,"rgba(38, 166, 154, 1.0)",0.9036060540417542,33.29524987532645,1.71507275514772,3,0.2680082834513263,0.804024850353979,0.0,0.0,0.0,0.0,60.70895451965324,6.895158203122513,True,False,True,False,True,9.662538370450822
2024-09-25 17:00:00+00:00,34.72,34.72,34.64,34.64,1.0,33.256633365640305,,,33.38586838642155,"rgba(38, 166, 154, 1.0)",0.9150686332749107,33.29533810890261,1.469465614054565,3,0.2650997861714837,0.7952993585144512,0.0,0.0,0.0,0.0,58.61462732669807,6.895158203122513,True,False,True,False,False,8.080807139870572
2024-09-26 17:00:00+00:00,35.365,35.495,35.35,35.49,211.0,33.290525420826,,35.445,33.58691770971557,"rgba(38, 166, 154, 1.0)",0.9423006970195953,33.468590710200615,2.1451849671690852,3,0.25648856975245155,0.7694657092573547,0.0,1.0,35.495,312.0,62.08348020353508,6.902644806859158,True,False,True,False,True,12.983007887563794
2024-09-27 17:00:00+00:00,35.42,35.42,35.14,35.16,10.0,33.29195528336024,,35.43572398190045,33.587783140322486,"rgba(38, 166, 154, 1.0)",0.9559911841351664,33.46947542872694,1.7683474485200252,3,0.25104093262397864,0.7531227978719359,0.0,0.0,0.0,0.0,61.57283058898521,6.902644806859158,True,False,True,False,True,10.501680956243906
2024-09-30 17:00:00+00:00,35.26,35.26,35.26,35.26,0.0,33.29195528336024,,35.43572398190045,33.587783140322486,"rgba(38, 166, 154, 1.0)",0.9737567865125741,33.46947542872694,1.8387800691851088,3,0.24542650496030083,0.7362795148809025,0.0,0.0,0.0,0.0,61.76039582559845,7.033822022864584,True,False,True,False,True,11.059280853395283
2024-10-01 17:00:00+00:00,34.965,35.08,34.965,35.08,1.0,33.29208360836085,,35.43394894894895,33.587773425867205,"rgba(38, 166, 154, 1.0)",0.9862398197101958,33.46948401197155,1.6329861721682384,3,0.24116623382840321,0.7234987014852097,0.0,0.0,0.0,0.0,60.32797960390261,7.033822022864584,True,False,True,False,True,9.71411298154947
2024-10-02 17:00:00+00:00,35.08,35.08,34.795,34.805,427.0,33.34070639548666,,35.078258859784285,33.601232790731814,"rgba(38, 166, 154, 1.0)",0.9924451422423207,33.486787028206514,1.328247694190057,3,0.2384819506492805,0.7154458519478415,0.0,0.0,0.0,0.0,57.18078019988192,7.033822022864584,False,False,True,False,False,7.698937745539723
2024-10-03 17:00:00+00:00,34.805,34.805,34.5,34.5,143.0,33.35340032852283,,34.99220749158249,33.60153731319195,"rgba(239, 83, 80, 1.0)",0.9929776722855753,33.48876735843996,1.0183840682262761,3,0.23694100028733556,0.7108230008620067,0.0,0.0,0.0,0.0,52.96306188909314,7.68134480287803,False,True,False,False,False,5.5309299774194685
2024-10-04 17:00:00+00:00,34.5,34.71,34.5,34.71,1.0,33.353490895865605,,34.991763345943674,33.60155600632556,"rgba(239, 83, 80, 1.0)",0.9927475160536312,33.488794895342366,1.230126577915972,3,0.23477229512386755,0.7043168853716026,0.0,0.0,0.0,0.0,51.78307449504403,6.580658696480739,False,True,False,False,False,6.787305559698687
2024-10-07 17:00:00+00:00,34.71,34.71,34.58,34.58,0.0,33.353490895865605,,34.991763345943674,33.60155600632556,"rgba(239, 83, 80, 1.0)",0.9897720503791455,33.488794895342366,1.1024812271064146,3,0.23313087048968714,0.6993926114690614,0.0,0.0,0.0,0.0,50.04252340614688,4.873012172512993,False,True,False,False,False,5.8635043168662335
2024-10-08 17:00:00+00:00,34.355,34.355,34.35,34.35,74.0,33.35866351540617,,34.93712995001923,33.59852468310059,"rgba(239, 83, 80, 1.0)",0.9818654244405086,33.48706866425694,0.8788692566853376,3,0.23214476933398917,0.6964343080019675,0.0,0.0,0.0,0.0,47.27831263382329,2.213061848321942,False,True,False,True,False,4.247521502782632
2024-10-09 17:00:00+00:00,34.35,34.35,34.35,34.35,0.0,33.35866351540617,,34.93712995001923,33.59852468310059,"rgba(239, 83, 80, 1.0)",0.968487945666301,33.48706866425694,0.8910088551999303,3,0.23122277355656704,0.6936683206697011,0.0,0.0,0.0,0.0,45.435505452274235,0.4238721031526751,False,True,False,True,False,4.247521502782632
2024-10-10 17:00:00+00:00,34.11,34.11,34.11,34.11,0.0,33.35866351540617,,34.93712995001923,33.59852468310059,"rgba(239, 83, 80, 1.0)",0.9554061444751831,33.48706866425694,0.6520068343136368,3,0.23120705603803737,0.6936211681141121,0.0,0.0,0.0,0.0,42.535797605242124,-2.3510844659283023,False,True,False,True,False,2.5634043601174525
2024-10-11 17:00:00+00:00,34.11,34.3,34.11,34.3,77.0,33.36337245478397,,34.87999470338983,33.59429762562681,"rgba(239, 83, 80, 1.0)",0.9420026013238697,33.48432349315236,0.8658962360627281,3,0.23045339085683234,0.691360172570497,0.0,0.0,0.0,0.0,42.64010482671961,-2.361030421567527,False,True,False,True,False,3.785959674635045
2024-10-14 17:00:00+00:00,34.3,34.3,34.195,34.195,2100.0,33.47395870045169,,34.43157522996058,33.58155607496487,"rgba(239, 83, 80, 1.0)",0.9257565690964685,33.490953607973026,0.7605092046110117,3,0.22993083503187992,0.6897925050956397,0.0,0.0,0.0,0.0,41.90031515068803,-3.299917753419159,False,True,False,True,False,3.0431883777367474
2024-10-15 17:00:00+00:00,34.06,34.06,34.005,34.005,74.0,33.47641794204828,,34.421886358776995,33.58060738299333,"rgba(239, 83, 80, 1.0)",0.9097950467149559,33.49061529104809,0.5653852599101644,3,0.2296577663415534,0.6889732990246602,0.0,0.0,0.0,0.0,40.01365801698201,-5.317322357315113,False,True,False,True,False,1.7078711876643098
2024-10-16 17:00:00+00:00,34.06,34.12,34.06,34.12,100.0,33.4801674583609,,34.41188367516055,33.58024185343491,"rgba(239, 83, 80, 1.0)",0.9009907359714362,33.490954672615906,0.6981706939593144,3,0.22989867936565456,0.6896960380969637,0.0,0.0,0.0,0.0,40.154118367031685,-5.433255138210157,False,True,False,True,False,2.4742785315335993
2024-10-17 17:00:00+00:00,34.06,34.06,33.97,33.98,307.0,33.489649801235885,,34.37630212765957,33.57666177494452,"rgba(239, 83, 80, 1.0)",0.8912406930638989,33.48975411465233,0.5500712536613495,3,0.22983308547175627,0.6894992564152688,0.0,0.0,0.0,0.0,39.13370414098739,-6.692224605244959,False,True,False,True,False,1.4807991500580826
2024-10-18 17:00:00+00:00,34.14,34.18,34.14,34.165,100.0,33.49359402512032,,34.370381149425285,33.57726360885629,"rgba(239, 83, 80, 1.0)",0.8816457941295667,33.49090429395165,0.7645878997402477,3,0.22943761707412713,0.6883128512223814,0.0,0.0,0.0,0.0,40.74805930777936,-6.692224605244959,False,True,False,True,False,2.7304092594329354
2024-10-21 17:00:00+00:00,33.755,33.755,33.755,33.755,0.0,33.49359402512032,,34.370381149425285,33.57726360885629,"rgba(239, 83, 80, 1.0)",0.8705932791250499,33.49090429395165,0.30335141837273183,3,0.22939939379115012,0.6881981813734503,0.0,0.0,0.0,0.0,38.68212965374843,-7.357293277560231,False,True,False,True,False,0.0
2024-10-22 17:00:00+00:00,33.55,33.55,33.55,33.55,0.0,33.49359402512032,,34.370381149425285,33.57726360885629,"rgba(239, 83, 80, 1.0)",0.8580104631966943,33.49090429395165,0.06887527435058652,3,0.22948594815538895,0.6884578444661669,0.0,0.0,0.0,0.0,36.065648000606224,-9.905936406453236,False,True,False,True,False,0.0
2024-10-23 17:00:00+00:00,33.08,33.08,33.01,33.04,0.0,33.49359402512032,,34.370381149425285,33.57726360885629,"rgba(239, 83, 80, 1.0)",0.8566689890248205,33.49090429395165,-0.5263459979623328,3,0.22909827609117053,0.6872948282735116,0.0,0.0,0.0,0.0,31.94261342528307,-13.734387492442195,False,True,False,True,False,0.0
2024-10-24 17:00:00+00:00,33.24,33.24,33.16,33.17,2.0,33.493558392018784,,34.36973026376252,33.5770848182622,"rgba(239, 83, 80, 1.0)",0.8579140163556663,33.49075825583366,-0.3738815892019214,3,0.22887863331026012,0.6866358999307803,0.0,0.0,0.0,0.0,30.776965605633645,-14.767857060243792,False,True,False,True,False,0.0
2024-10-25 17:00:00+00:00,33.13,33.13,33.01,33.045,0.0,33.493558392018784,,34.36973026376252,33.5770848182622,"rgba(239, 83, 80, 1.0)",0.8633045301119193,33.49075825583366,-0.5163395305893638,3,0.22899372290765263,0.6869811687229579,0.0,0.0,0.0,0.0,29.40175012923114,-16.099164001188335,False,True,False,True,False,0.0
2024-10-28 17:00:00+00:00,33.245,33.245,33.225,33.225,130.0,33.49157551931665,,34.33035090054121,33.56627805336631,"rgba(239, 83, 80, 1.0)",0.8655122838605834,33.48196695783258,-0.2968957952698147,3,0.2290502308153942,0.6871506924461825,0.0,0.0,0.0,0.0,30.751780441930272,-16.099164001188335,False,True,False,True,False,0.0
2024-10-29 17:00:00+00:00,33.105,33.18,33.105,33.13,130.0,33.4889210982659,,34.29048409227339,33.554850261822814,"rgba(239, 83, 80, 1.0)",0.8695290327175899,33.472585840231844,-0.39399011113077803,3,0.2296314702333889,0.6888944107001667,0.0,0.0,0.0,0.0,31.06999292613211,-16.099164001188335,False,True,False,True,False,0.0
2024-10-30 17:00:00+00:00,33.13,33.13,33.075,33.075,38.0,33.48805408159342,,34.27889384288747,33.55145114413616,"rgba(239, 83, 80, 1.0)",0.8740208008739884,33.469784208310934,-0.45168742885313623,3,0.2294237219038602,0.6882711657115806,0.0,0.0,0.0,0.0,30.934770830275905,-16.099164001188335,False,True,False,True,False,0.0
2024-10-31 17:00:00+00:00,33.075,33.075,32.83,32.835,101.0,33.48472551942964,,34.24463611525087,33.54095583596906,"rgba(239, 83, 80, 1.0)",0.8817159610872894,33.461023549301565,-0.7100059167915961,3,0.2297699418163306,0.6893098254489918,0.0,0.0,0.0,0.0,29.424551971843506,-16.69056977644894,False,True,False,True,False,0.0
2024-11-01 17:00:00+00:00,33.02,33.02,33.02,33.02,0.0,33.48472551942964,,34.24463611525087,33.54095583596906,"rgba(239, 83, 80, 1.0)",0.88554089441184,33.461023549301565,-0.4980273097319596,3,0.23105101304380105,0.6931530391314031,0.0,0.0,0.0,0.0,31.055524702924963,-16.69056977644894,False,True,False,True,True,0.0
2024-11-04 17:00:00+00:00,33.02,33.02,33.02,33.02,0.0,33.48472551942964,,34.24463611525087,33.54095583596906,"rgba(239, 83, 80, 1.0)",0.8896696066569062,33.461023549301565,-0.49571610179961906,3,0.23164959803712912,0.6949487941113873,0.0,0.0,0.0,0.0,32.142839856979265,-16.69056977644894,False,True,False,True,True,0.0
2024-11-05 17:00:00+00:00,33.02,33.02,33.02,33.02,0.0,33.48472551942964,,34.24463611525087,33.54095583596906,"rgba(239, 83, 80, 1.0)",0.893736588760992,33.461023549301565,-0.4934603269549065,3,0.23220692687046793,0.6966207806114038,0.0,0.0,0.0,0.0,32.8677166263488,-16.69056977644894,False,True,False,True,True,0.0
2024-11-06 17:00:00+00:00,32.635,32.67,32.63,32.66,700.0,33.45264136207436,,34.00893743828467,33.46176627965505,"rgba(239, 83, 80, 1.0)",0.9030473783626254,33.393882898323035,-0.8126737488056163,3,0.23200681591714753,0.6960204477514426,0.0,0.0,0.0,0.0,30.725283297810762,-16.69056977644894,False,True,False,True,False,0.0
2024-11-07 17:00:00+00:00,32.66,32.66,32.66,32.66,0.0,33.45264136207436,,34.00893743828467,33.46176627965505,"rgba(239, 83, 80, 1.0)",0.9076221283816139,33.393882898323035,-0.8085775736116408,3,0.2319047891465308,0.6957143674395924,0.0,0.0,0.0,0.0,29.296994412118735,-17.20930462715321,False,True,False,True,False,0.0
2024-11-08 17:00:00+00:00,32.66,32.66,32.66,32.66,0.0,33.45264136207436,,34.00893743828467,33.46176627965505,"rgba(239, 83, 80, 1.0)",0.9156175585437162,33.393882898323035,-0.8015168467173943,3,0.23240529487135345,0.6972158846140604,0.0,0.0,0.0,0.0,28.344801821657384,-18.212272811401824,False,True,False,True,False,0.0
2024-11-11 17:00:00+00:00,32.66,32.66,32.66,32.66,0.0,33.45264136207436,,34.00893743828467,33.46176627965505,"rgba(239, 83, 80, 1.0)",0.9234600670822407,33.393882898323035,-0.7947099441363078,3,0.23292567199729175,0.6987770159918752,0.0,0.0,0.0,0.0,27.710006761349817,-18.953801760380113,False,True,False,True,False,0.0
2024-11-12 17:00:00+00:00,32.34,32.34,32.205,32.27,500.0,33.42096115671443,,33.84272324276056,33.39930614886069,"rgba(239, 83, 80, 1.0)",0.9375585363106926,33.33996058139723,-1.1412200304927487,3,0.23251423887227127,0.6975427166168138,0.0,0.0,0.0,0.0,24.776285685887096,-21.795908076176623,False,True,False,True,False,0.0
2024-11-13 17:00:00+00:00,32.11,32.215,32.11,32.215,200.0,33.40778677212167,,33.78143598722202,33.289741477023696,"rgba(239, 83, 80, 1.0)",0.9546714353899912,33.2924432401379,-1.1286011083988823,2,0.29153440361944094,0.5830688072388819,0.0,0.0,0.0,0.0,22.547940977816673,-23.879897116771083,False,True,False,True,False,0.0
2024-11-14 17:00:00+00:00,32.215,32.215,32.215,32.215,0.0,33.40778677212167,,33.78143598722202,33.289741477023696,"rgba(239, 83, 80, 1.0)",0.9680630889276688,33.2924432401379,-1.1129886599967245,2,0.291156025121849,0.582312050243698,0.0,0.0,0.0,0.0,21.062377839103057,-25.26740279064521,False,True,False,True,False,0.0
2024-11-15 17:00:00+00:00,32.215,32.215,32.215,32.215,0.0,33.40778677212167,,33.78143598722202,33.289741477023696,"rgba(239, 83, 80, 1.0)",0.9740122832531234,33.2924432401379,-1.1061906083353708,2,0.2909411664458628,0.5818823328917256,0.0,0.0,0.0,0.0,20.07200241329398,-26.242792671186177,False,True,False,True,False,0.0
2024-11-18 17:00:00+00:00,32.215,32.215,32.215,32.215,0.0,33.40778677212167,,33.78143598722202,33.289741477023696,"rgba(239, 83, 80, 1.0)",0.9590581293621001,33.2924432401379,-1.1234389315426976,2,0.2909654517704024,0.5819309035408048,0.0,0.0,0.0,0.0,19.41175212942126,-26.97483537432083,False,True,False,True,False,0.0
2024-11-19 17:00:00+00:00,32.215,32.39,32.215,32.39,198.0,33.39659426380208,,33.730395033191094,33.27605634569602,"rgba(239, 83, 80, 1.0)",0.9448449369896581,33.27941180847765,-0.9413309778759832,2,0.2913388930684197,0.5826777861368394,0.0,0.0,0.0,0.0,23.901890158644814,-29.970052492357503,False,True,False,True,True,0.0
2024-11-20 17:00:00+00:00,32.39,32.39,32.39,32.39,0.0,33.39659426380208,,33.730395033191094,33.27605634569602,"rgba(239, 83, 80, 1.0)",0.93232071677023,33.27941180847765,-0.9539762363736488,2,0.2902452861623792,0.5804905723247584,0.0,0.0,0.0,0.0,26.895315511460517,-27.286551267819696,False,True,False,True,True,0.0
2024-11-21 17:00:00+00:00,32.39,32.39,32.39,32.39,0.0,33.39659426380208,,33.730395033191094,33.27605634569602,"rgba(239, 83, 80, 1.0)",0.9195709095321005,33.27941180847765,-0.9672030718438019,2,0.28916690372279164,0.5783338074455833,0.0,0.0,0.0,0.0,28.89093241333765,-25.52157282705692,False,True,False,True,True,0.0
2024-11-22 17:00:00+00:00,32.45,32.52,32.45,32.52,122.0,33.39086373679908,,33.7042003132614,33.27018488596811,"rgba(239, 83, 80, 1.0)",0.904005476145437,33.273741173681394,-0.8337794333893265,2,0.2886070207071363,0.5772140414142726,0.0,0.0,0.0,0.0,33.80918684313767,-21.06625224573431,False,True,False,True,True,0.0
2024-11-25 17:00:00+00:00,32.52,32.52,32.52,32.52,0.0,33.39086373679908,,33.7042003132614,33.27018488596811,"rgba(239, 83, 80, 1.0)",0.9049320565805282,33.273741173681394,-0.8329257077371718,2,0.28811349850718826,0.5762269970143765,0.0,0.0,0.0,0.0,37.088023129671015,-18.21655968732496,False,False,False,True,True,0.0
2024-11-26 17:00:00+00:00,32.52,32.52,32.52,32.52,0.0,33.39086373679908,,33.7042003132614,33.27018488596811,"rgba(239, 83, 80, 1.0)",0.9107334585006029,33.273741173681394,-0.8276199437344948,2,0.28793598447240965,0.5758719689448193,0.0,0.0,0.0,0.0,39.27391398735991,-16.311726588724476,False,False,False,True,True,0.0
2024-11-27 17:00:00+00:00,32.52,32.52,32.52,32.52,0.0,33.39086373679908,,33.7042003132614,33.27018488596811,"rgba(239, 83, 80, 1.0)",0.918862153784611,33.273741173681394,-0.8202984207988983,2,0.2867111041129836,0.5734222082259672,0.0,0.0,0.0,0.0,40.73117455915251,-14.956643416884347,True,False,False,True,True,0.0
2024-11-28 17:00:00+00:00,32.52,32.52,32.52,32.52,0.0,33.39086373679908,,33.7042003132614,33.27018488596811,"rgba(239, 83, 80, 1.0)",0.9291918507474821,33.273741173681394,-0.8111792769975854,2,0.284983710306818,0.569967420613636,0.0,0.0,0.0,0.0,41.70268160701424,-13.920167890736884,True,False,False,True,True,0.0
2024-11-29 17:00:00+00:00,32.935,32.935,32.935,32.935,0.0,33.39086373679908,,33.7042003132614,33.27018488596811,"rgba(38, 166, 154, 1.0)",0.9336702255561784,33.273741173681394,-0.36280601481064345,2,0.28437829949030147,0.5687565989806029,0.0,0.0,0.0,0.0,51.364302040770575,-4.958215694343281,True,False,True,False,True,0.0
2024-12-02 17:00:00+00:00,32.935,33.03,32.935,33.03,729.0,33.37647542906947,,33.62472895752896,33.26852068068746,"rgba(38, 166, 154, 1.0)",0.9370168208322394,33.27113481725867,-0.25734310409123434,2,0.28391841925455574,0.5678368385091115,0.0,0.0,0.0,0.0,58.8800284154365,1.6110510803484601,True,False,True,False,True,0.0
2024-12-03 17:00:00+00:00,33.08,33.08,33.08,33.08,0.0,33.37647542906947,,33.62472895752896,33.26852068068746,"rgba(38, 166, 154, 1.0)",0.939713834148526,33.27113481725867,-0.20339683243235257,2,0.28357330642349815,0.5671466128469963,0.0,0.0,0.0,0.0,64.42220681105618,6.284036585826222,True,False,True,False,True,0.0
2024-12-04 17:00:00+00:00,33.21,33.21,33.21,33.21,0.0,33.37647542906947,,33.62472895752896,33.26852068068746,"rgba(38, 166, 154, 1.0)",0.9411656564031783,33.27113481725867,-0.0649564896920545,2,0.283400266088267,0.566800532176534,0.0,0.0,0.0,0.0,69.35560061546181,10.493334369109654,True,False,True,False,True,0.0
2024-12-05 17:00:00+00:00,33.21,33.255,33.21,33.255,1.0,33.37646856721472,,33.62466954910439,33.266626412316306,"rgba(38, 166, 154, 1.0)",0.9409303810495299,33.31080800993309,-0.05931151874471178,2,0.2832799498437973,0.5665598996875946,0.0,0.0,0.0,0.0,73.03087323870048,13.692148926360332,True,False,True,False,True,0.0
2024-12-06 17:00:00+00:00,33.255,33.255,33.255,33.255,0.0,33.37646856721472,,33.62466954910439,33.266626412316306,"rgba(38, 166, 154, 1.0)",0.9353382680483601,33.31080800993309,-0.05966612490851548,2,0.2831683618565045,0.566336723713009,0.0,0.0,0.0,0.0,75.48105498752625,15.96592831056482,True,False,True,False,True,0.0
2024-12-09 17:00:00+00:00,33.2,33.2,33.2,33.2,0.0,33.37646856721472,,33.62466954910439,33.266626412316306,"rgba(38, 166, 154, 1.0)",0.9309400557433417,33.31080800993309,-0.11902808268853483,2,0.28298357745483327,0.5659671549096665,0.0,0.0,0.0,0.0,74.98615735627052,15.96592831056482,True,False,True,False,True,0.0
2024-12-10 17:00:00+00:00,33.2,33.2,33.2,33.2,0.0,33.37646856721472,,33.62466954910439,33.266626412316306,"rgba(38, 166, 154, 1.0)",0.9229126533783101,33.31080800993309,-0.12006337710017995,2,0.28280168318824894,0.5656033663764979,0.0,0.0,0.0,0.0,74.65622560210004,15.96592831056482,True,False,True,False,True,0.0
2024-12-11 17:00:00+00:00,33.2,33.2,33.14,33.14,178.0,33.374548429428096,,33.61223925458371,33.254258034884714,"rgba(38, 166, 154, 1.0)",0.9197602409872513,33.33948031871154,-0.2168829547333103,2,0.28255185434416424,0.5651037086883285,0.0,0.0,0.0,0.0,71.99848003830802,15.96592831056482,True,False,True,False,False,0.0
2024-12-12 17:00:00+00:00,33.065,33.065,33.065,33.065,0.0,33.374548429428096,,33.61223925458371,33.254258034884714,"rgba(38, 166, 154, 1.0)",0.9168173651720964,33.33948031871154,-0.2993838567401224,2,0.282719903868712,0.565439807737424,0.0,0.0,0.0,0.0,67.51430135067264,15.96592831056482,True,False,True,False,False,0.0
2024-12-13 17:00:00+00:00,33.065,33.065,33.065,33.065,0.0,33.374548429428096,,33.61223925458371,33.254258034884714,"rgba(38, 166, 154, 1.0)",0.9123940145780551,33.33948031871154,-0.300835290812901,2,0.28244142025905583,0.5648828405181117,0.0,0.0,0.0,0.0,64.52484889224905,22.687522460866276,True,False,True,False,False,0.0
2024-12-16 17:00:00+00:00,32.71,32.73,32.71,32.715,56.0,33.372722258112624,,33.60477893691009,33.238302522041906,"rgba(239, 83, 80, 1.0)",0.9110685637908643,33.323343926313484,-0.6677257349131036,2,0.2814500863499366,0.5629001726998732,0.0,0.0,0.0,0.0,54.35796536895736,13.132604522658923,True,False,False,False,False,0.0
2024-12-17 17:00:00+00:00,32.715,32.715,32.515,32.515,500.0,33.35354329308702,,33.533828016643554,33.169258903887936,"rgba(239, 83, 80, 1.0)",0.918168466749622,33.25253204047443,-0.8032643977475508,2,0.28002720530840486,0.5600544106168097,0.0,0.0,0.0,0.0,45.17409804573094,4.907796340061061,False,False,False,True,False,0.0
2024-12-18 17:00:00+00:00,32.515,32.515,32.515,32.515,0.0,33.35354329308702,,33.533828016643554,33.169258903887936,"rgba(239, 83, 80, 1.0)",0.924580435647434,33.25253204047443,-0.7976937560418669,2,0.2787797378812889,0.5575594757625778,0.0,0.0,0.0,0.0,39.05151983024666,-0.37807413564571846,False,False,False,True,False,0.0
2024-12-19 17:00:00+00:00,32.515,32.515,31.68,31.75,445.0,33.32456640402508,,33.44359786631831,33.09096293111914,"rgba(239, 83, 80, 1.0)",0.94388633553751,33.17200586512298,-1.5065435440520507,2,0.2744328442774737,0.5488656885549474,0.0,0.0,0.0,0.0,30.442639571361198,-8.013389656549336,False,True,False,True,False,0.0
2024-12-20 17:00:00+00:00,31.98,31.98,31.98,31.98,0.0,33.32456640402508,,33.44359786631831,33.09096293111914,"rgba(239, 83, 80, 1.0)",0.9600395309053236,33.17200586512298,-1.2416216486407738,1,0.19790487815877528,0.19790487815877528,0.0,0.0,0.0,0.0,28.935029752289523,-9.208915892289042,False,True,False,True,False,0.0
2024-12-23 17:00:00+00:00,31.98,31.98,31.98,31.98,0.0,33.32456640402508,,33.44359786631831,33.09096293111914,"rgba(239, 83, 80, 1.0)",0.9734087361265966,33.17200586512298,-1.2245686944070704,1,0.19915293257032973,0.19915293257032973,0.0,0.0,0.0,0.0,27.929956539575073,-10.38799046461645,False,True,False,True,False,0.0
2024-12-24 17:00:00+00:00,31.98,31.98,31.98,31.98,0.0,33.32456640402508,,33.44359786631831,33.09096293111914,"rgba(239, 83, 80, 1.0)",0.9873654863340182,33.17200586512298,-1.2072589953987276,1,0.19980873625031004,0.19980873625031004,0.0,0.0,0.0,0.0,27.259907731098778,-11.569677382229742,False,True,False,True,False,0.0
2024-12-25 17:00:00+00:00,31.98,31.98,31.98,31.98,0.0,33.32456640402508,,33.44359786631831,33.09096293111914,"rgba(239, 83, 80, 1.0)",1.0008220720087198,33.17200586512298,-1.1910267553657605,1,0.2002175720658653,0.2002175720658653,0.0,0.0,0.0,0.0,26.813208525447912,-12.745971652630061,False,True,False,True,False,0.0
2024-12-26 17:00:00+00:00,31.98,31.98,31.98,31.98,0.0,33.32456640402508,,33.44359786631831,33.09096293111914,"rgba(239, 83, 80, 1.0)",1.0084417915015482,33.17200586512298,-1.1820274359595033,1,0.20062924214743716,0.20062924214743716,0.0,0.0,0.0,0.0,26.515409055014004,-13.898564810337106,False,True,False,True,False,0.0
2024-12-27 17:00:00+00:00,31.72,31.76,31.63,31.76,2745.0,33.13921870406922,,32.987787660256416,32.80412030637212,"rgba(239, 83, 80, 1.0)",1.0151026220699735,32.87154983891416,-1.0950122822533106,1,0.20026210038425796,0.20026210038425796,0.0,0.0,0.0,0.0,24.57691307899791,-16.573720193992358,False,True,False,True,False,0.0
2024-12-30 17:00:00+00:00,31.61,31.83,31.61,31.78,13258.0,32.63880486094252,,32.28852445966128,32.362128803118345,"rgba(239, 83, 80, 1.0)",1.020402534950464,32.39405954789826,-0.6017816762166976,1,0.19804080009342823,0.19804080009342823,0.0,0.0,0.0,0.0,23.818024987814127,-18.08215616602721,False,True,False,True,False,0.0
2024-12-31 17:00:00+00:00,31.78,31.78,31.655,31.66,7.0,32.638627308197144,,32.28834988379463,32.36199409901781,"rgba(239, 83, 80, 1.0)",1.028714197870768,32.39391317168332,-0.7134276684451094,0,,,0.0,0.0,0.0,0.0,22.420919840940357,-20.143254195804634,False,True,False,True,False,0.0
2025-01-01 17:00:00+00:00,31.66,31.66,31.66,31.66,0.0,32.638627308197144,,32.28834988379463,32.36199409901781,"rgba(239, 83, 80, 1.0)",1.0254566462475765,32.39391317168332,-0.7156940026366887,0,,,0.0,0.0,0.0,0.0,21.489516409691177,-21.703905767517433,False,True,False,True,False,0.0
2025-01-02 17:00:00+00:00,31.66,31.75,31.66,31.73,600.0,32.623892545605756,,32.27413146507315,32.350968651752524,"rgba(239, 83, 80, 1.0)",1.0163058346529061,32.381917472993905,-0.6414579654721265,0,,,0.0,0.0,0.0,0.0,23.047074195508255,-21.703905767517433,False,True,False,True,False,0.0
2025-01-03 17:00:00+00:00,31.83,31.95,31.83,31.95,2.0,32.62385465322011,,32.27410145465034,32.35094545511943,"rgba(239, 83, 80, 1.0)",1.0076926279537926,32.38189158793661,-0.4285945693714178,0,,,0.0,0.0,0.0,0.0,29.581514126655193,-26.775482745576568,False,True,False,True,True,0.0
2025-01-06 17:00:00+00:00,31.95,31.95,31.95,31.95,0.0,32.62385465322011,,32.27410145465034,32.35094545511943,"rgba(239, 83, 80, 1.0)",0.9996687874914723,32.38189158793661,-0.43203468322781097,0,,,0.0,0.0,0.0,0.0,33.937807414086485,-22.64511183594604,False,True,False,True,True,0.0
2025-01-07 17:00:00+00:00,32.02,32.02,31.89,31.89,74.0,32.622501191926695,,32.27306547252235,32.3256269018551,"rgba(239, 83, 80, 1.0)",0.9880705239811292,32.35215662733361,-0.4677364784362694,0,,,0.0,0.0,0.0,0.0,35.824623482393,-20.82825092626136,False,True,False,True,True,0.0
2025-01-08 17:00:00+00:00,31.56,31.665,31.555,31.665,500.0,32.60950689252541,,32.26008829488882,32.30040406657649,"rgba(239, 83, 80, 1.0)",0.9834538466386963,32.324867377353684,-0.6709693389364597,0,,,0.0,0.0,0.0,0.0,34.021653265812205,-20.82825092626136,False,True,False,True,True,0.0
2025-01-09 17:00:00+00:00,31.665,31.665,31.665,31.665,0.0,32.60950689252541,,32.26008829488882,32.30040406657649,"rgba(239, 83, 80, 1.0)",0.9522902597100923,32.324867377353684,-0.6929267317661837,0,,,0.0,0.0,0.0,0.0,32.819673121425005,-20.82825092626136,False,True,False,True,False,0.0
2025-01-10 17:00:00+00:00,31.41,31.41,31.24,31.245,374.0,32.5968119843982,,32.24582312115803,32.281196463988515,"rgba(239, 83, 80, 1.0)",0.9377269431021975,32.30406851808201,-1.129399689187121,0,,,0.0,0.0,0.0,0.0,28.429896925055967,-15.05664273613749,False,True,False,True,False,0.0
2025-01-13 17:00:00+00:00,31.245,31.245,31.125,31.125,300.0,32.58577767502399,,32.233115030374286,32.20543262361971,"rgba(239, 83, 80, 1.0)",0.9194455487504878,32.212441823596606,-1.1827147622547334,0,,,0.0,0.0,0.0,0.0,24.834311805431874,-18.50701413358707,False,True,False,True,False,0.0
2025-01-14 17:00:00+00:00,31.29,31.29,31.18,31.235,225.0,32.57801517976487,,32.22439024864024,32.199203136867055,"rgba(239, 83, 80, 1.0)",0.9010650504959065,32.20543353322432,-1.0769849886978076,0,,,0.0,0.0,0.0,0.0,25.053440336211874,-18.50701413358707,False,True,False,True,False,0.0
2025-01-15 17:00:00+00:00,31.73,31.745,31.73,31.745,100.0,32.575880272420804,,32.22251567337461,32.203890120188,"rgba(38, 166, 154, 1.0)",0.8785006011985813,32.21067799095552,-0.5300827231309448,0,,,0.0,0.0,0.0,0.0,33.445851851262276,-23.54332067531329,False,True,False,True,True,0.0
2025-01-16 17:00:00+00:00,31.84,31.84,31.84,31.84,0.0,32.575880272420804,,32.22251567337461,32.203890120188,"rgba(38, 166, 154, 1.0)",0.8611994934784436,32.21067799095552,-0.4304205863595247,0,,,0.0,0.0,0.0,0.0,40.120013747342554,-17.56548537514702,False,False,False,True,True,0.0
2025-01-17 17:00:00+00:00,31.97,31.97,31.88,31.88,161.0,32.57316025608499,,32.22058055459405,32.21213267952101,"rgba(38, 166, 154, 1.0)",0.8350341364333357,32.21989018448326,-0.40703747266552354,0,,,0.0,0.0,0.0,0.0,45.03312121345013,-13.28191771213558,False,False,False,True,True,0.0
2025-01-20 17:00:00+00:00,31.88,31.88,31.88,31.88,0.0,32.57316025608499,,32.22058055459405,32.21213267952101,"rgba(38, 166, 154, 1.0)",0.8105499356598292,32.21989018448326,-0.4193328128594259,0,,,0.0,0.0,0.0,0.0,48.30852619085518,-10.404357149429138,True,False,False,False,True,0.0
2025-01-21 17:00:00+00:00,31.88,31.88,31.88,31.88,0.0,32.57316025608499,,32.22058055459405,32.21213267952101,"rgba(38, 166, 154, 1.0)",0.7908910871363164,32.21989018448326,-0.42975599296983874,0,,,0.0,0.0,0.0,0.0,50.49212950912522,-8.345219254781838,True,False,True,False,True,0.0
2025-01-22 17:00:00+00:00,32.465,32.465,32.37,32.37,1096.0,32.568520488768215,,32.22790499563297,32.269122215450416,"rgba(38, 166, 154, 1.0)",0.7652276526369857,32.28329446888789,0.11330684511115181,0,,,0.0,0.0,0.0,0.0,57.10459986600939,-2.120159854148362,True,False,True,False,True,0.0
2025-01-23 17:00:00+00:00,32.36,32.36,32.36,32.36,0.0,32.568520488768215,,32.22790499563297,32.269122215450416,"rgba(38, 166, 154, 1.0)",0.7449919462651589,32.28329446888789,0.10296155749958945,0,,,0.0,0.0,0.0,0.0,61.329893979186494,1.8036522245169095,True,False,True,False,True,0.0
2025-01-24 17:00:00+00:00,32.765,32.765,32.765,32.765,0.0,32.568520488768215,,32.22790499563297,32.269122215450416,"rgba(38, 166, 154, 1.0)",0.7176046365613606,32.28329446888789,0.6712686994615354,0,,,0.0,0.0,0.0,0.0,66.7897119403398,6.905589557654089,True,False,True,False,True,1.2062165071409225
2025-01-27 17:00:00+00:00,32.58,32.58,32.58,32.58,0.0,32.568520488768215,,32.22790499563297,32.269122215450416,"rgba(38, 166, 154, 1.0)",0.6915378670915776,32.28329446888789,0.429051748619311,0,,,0.0,0.0,0.0,0.0,67.35198316967498,7.577954957432858,True,False,True,False,True,0.0
2025-01-28 17:00:00+00:00,32.61,32.61,32.61,32.61,0.0,32.568520488768215,,32.22790499563297,32.269122215450416,"rgba(38, 166, 154, 1.0)",0.6698926699025263,32.28329446888789,0.487698322120242,0,,,0.0,0.0,0.0,0.0,67.94975794064806,8.577373648882208,True,False,True,False,True,0.0
2025-01-29 17:00:00+00:00,32.61,32.61,32.61,32.61,0.0,32.568520488768215,,32.22790499563297,32.269122215450416,"rgba(38, 166, 154, 1.0)",0.6432118379417572,32.28329446888789,0.5079283555438766,0,,,0.0,0.0,0.0,0.0,68.3482744546301,9.567985992241496,True,False,True,False,True,0.0
2025-01-30 17:00:00+00:00,32.61,33.2,32.61,33.2,378.0,32.57254023185288,,32.23857330906885,32.29368023196207,"rgba(38, 166, 154, 1.0)",0.6249471833538627,32.310545837434944,1.4232469339115734,0,,,0.0,0.0,0.0,0.0,72.16817577988196,13.736050054265156,True,False,True,False,True,5.357826633876446
2025-01-31 17:00:00+00:00,33.2,33.2,32.62,32.62,400.0,32.57487304624428,,32.24682098654708,32.31007635860885,"rgba(38, 166, 154, 1.0)",0.5935311037941607,32.32864139431991,0.49089020578293496,0,,,0.0,0.0,0.0,0.0,67.35893681861495,13.736050054265156,True,False,True,False,False,0.0
2025-02-03 17:00:00+00:00,32.47,32.47,32.385,32.385,7.0,32.57484566331679,,32.24686279080888,32.31016411206011,"rgba(38, 166, 154, 1.0)",0.5740704825357789,32.32873574455331,0.09800931620478871,0,,,0.0,0.0,0.0,0.0,61.99847968413985,20.502669639088424,True,False,True,False,False,0.0
2025-02-04 17:00:00+00:00,32.515,32.515,32.515,32.515,0.0,32.57484566331679,,32.24686279080888,32.31016411206011,"rgba(38, 166, 154, 1.0)",0.5594562756143389,32.32873574455331,0.33293800349661035,0,,,0.0,0.0,0.0,0.0,59.482480251998304,17.99490224077185,True,False,True,False,False,0.0
2025-02-05 17:00:00+00:00,32.515,32.515,32.515,32.515,0.0,32.57484566331679,,32.24686279080888,32.31016411206011,"rgba(38, 166, 154, 1.0)",0.5550307758693248,32.32873574455331,0.3355926617851926,0,,,0.0,0.0,0.0,0.0,57.805147297237276,16.15007420358397,True,False,True,False,False,0.0
2025-02-06 17:00:00+00:00,33.245,33.245,33.195,33.22,127.0,32.57682370881819,,32.251275244861766,32.31786908640773,"rgba(38, 166, 154, 1.0)",0.5559652510367018,32.337261051818004,1.5877592107347753,0,,,0.0,0.0,0.0,0.0,61.37703268341193,16.15007420358397,True,False,True,False,True,5.014032859247557
2025-02-07 17:00:00+00:00,33.035,33.045,32.985,33.02,13.0,32.57696170709143,,32.25163032617229,32.3184769323099,"rgba(38, 166, 154, 1.0)",0.5555971302761684,32.33793190685053,1.227630698543101,1,0.10026151627741665,0.10026151627741665,0.0,0.0,0.0,0.0,61.70863386667746,16.15007420358397,True,False,True,False,True,3.1675407076243722
2025-02-10 17:00:00+00:00,33.22,33.22,33.185,33.21,200.0,32.57997858372363,,32.25838654241371,32.32962816940556,"rgba(38, 166, 154, 1.0)",0.5553085174472764,32.350254109971004,1.5482310517785725,1,0.10191364491552235,0.10191364491552235,0.0,0.0,0.0,0.0,63.027375487685774,16.15007420358397,True,False,True,False,True,4.739318659434449
2025-02-11 17:00:00+00:00,33.26,33.265,33.26,33.26,7.0,32.5800931751597,,32.25863532773624,32.3300264871458,"rgba(38, 166, 154, 1.0)",0.5577315864485936,32.35069416807911,1.6303645947524268,1,0.10393079124822281,0.10393079124822281,0.0,0.0,0.0,0.0,64.19557749669289,16.15007420358397,True,False,True,False,True,5.149738945020719
2025-02-12 17:00:00+00:00,33.145,33.37,33.145,33.3,256.0,32.58431874234252,,32.26773962904452,32.34408973899204,"rgba(38, 166, 154, 1.0)",0.5618472749424908,32.36621935784442,1.6619830402330507,1,0.10562636263292935,0.10562636263292935,0.0,0.0,0.0,0.0,65.22231070606409,16.15007420358397,True,False,True,False,True,5.48123808160361
2025-02-13 17:00:00+00:00,33.64,33.69,33.525,33.69,435.0,32.59511519775747,,32.288305267404326,32.37369547805577,"rgba(38, 166, 154, 1.0)",0.5785748645368347,32.398922668156715,2.2314784325738493,1,0.10950184089762117,0.10950184089762117,0.0,0.0,0.0,0.0,68.04470578866241,11.731740779452338,True,False,True,False,True,8.61566754138234
2025-02-14 17:00:00+00:00,33.775,33.775,33.765,33.765,1401.0,32.63269873934849,,32.35669085232457,32.458310368635985,"rgba(38, 166, 154, 1.0)",0.594788947351777,32.49204026365895,2.140187274845546,1,0.11259629395952418,0.11259629395952418,0.0,0.0,0.0,0.0,70.28305112286976,14.177103119313259,True,False,True,False,True,9.19786065704551
2025-02-17 17:00:00+00:00,33.765,33.765,33.765,33.765,0.0,32.63269873934849,,32.35669085232457,32.458310368635985,"rgba(38, 166, 154, 1.0)",0.610408798184335,32.49204026365895,2.0854216717181626,1,0.11637284091307479,0.11637284091307479,0.0,0.0,0.0,0.0,71.77528134567467,15.896839123598212,True,False,True,False,True,9.19786065704552
2025-02-18 17:00:00+00:00,33.97,33.97,33.97,33.97,0.0,32.63269873934849,,32.35669085232457,32.458310368635985,"rgba(38, 166, 154, 1.0)",0.631621379916411,32.49204026365895,2.3399457069306973,1,0.11948428341143978,0.11948428341143978,0.0,0.0,0.0,0.0,73.80797869968251,18.10700813123556,True,False,True,False,True,10.800275949071715
2025-02-19 17:00:00+00:00,33.97,33.97,33.97,33.97,0.0,32.63269873934849,,32.35669085232457,32.458310368635985,"rgba(38, 166, 154, 1.0)",0.6544996713671931,32.49204026365895,2.258151991510888,1,0.12180482215949448,0.12180482215949448,0.0,0.0,0.0,0.0,75.16311026902108,19.668247224701034,True,False,True,False,True,10.800275949071715
2025-02-20 17:00:00+00:00,33.8,33.94,33.8,33.885,76.0,32.63485383854524,,32.360486999813574,32.60385200417365,"rgba(38, 166, 154, 1.0)",0.6737345495394959,32.649306426761086,1.8340956005351372,1,0.12338726642351101,0.12338726642351101,0.0,0.0,0.0,0.0,74.48830427217473,19.668247224701034,True,False,True,False,True,9.907598551922117
2025-02-21 17:00:00+00:00,33.885,33.885,33.555,33.56,400.0,32.644189399080155,,32.377452024547836,32.60280797804464,"rgba(38, 166, 154, 1.0)",0.6843911280957408,32.64638780377396,1.3349270011259313,1,0.12640720991480214,0.12640720991480214,0.0,0.0,0.0,0.0,68.9842892688892,24.355002911717975,True,False,True,False,False,6.59544744672522
2025-02-24 17:00:00+00:00,33.665,33.665,33.48,33.48,24.0,32.64467634248166,,32.378358586677905,32.60289149933514,"rgba(38, 166, 154, 1.0)",0.6931356938508033,32.646405635818084,1.2026423852893413,1,0.12929183382216924,0.12929183382216924,0.0,0.0,0.0,0.0,64.26572550252628,19.995913911342598,True,False,True,False,False,5.803720382027752
2025-02-25 17:00:00+00:00,33.62,33.745,33.56,33.745,1309.0,32.67452949227471,,32.43152422450461,32.650639381718854,"rgba(38, 166, 154, 1.0)",0.7064017882808842,32.70085799479981,1.4781134794990174,1,0.1310001463156031,0.1310001463156031,0.0,0.0,0.0,0.0,63.653786455268715,19.446025082690156,True,False,True,False,False,8.001109576544707
2025-02-26 17:00:00+00:00,33.845,33.845,33.845,33.845,0.0,32.67452949227471,,32.43152422450461,32.650639381718854,"rgba(38, 166, 154, 1.0)",0.7208330078632429,32.70085799479981,1.5872497412289075,1,0.13254394461678898,0.13254394461678898,0.0,0.0,0.0,0.0,64.08082492441805,19.446025082690156,True,False,True,False,False,8.810469305951734
2025-02-27 17:00:00+00:00,33.845,33.845,33.47,33.47,65.0,32.67584133631528,,32.43387322047936,32.65233525235473,"rgba(38, 166, 154, 1.0)",0.7269431059438036,32.70274080431675,1.0554597593811763,1,0.13411631363323687,0.13411631363323687,0.0,0.0,0.0,0.0,59.613708108647614,15.382131179309809,True,False,True,False,False,5.107481746770471
2025-02-28 17:00:00+00:00,33.205,33.21,33.05,33.155,207.0,32.67793095419987,,32.438373660062126,32.684370474853374,"rgba(239, 83, 80, 1.0)",0.7284908317143305,32.72744437317062,0.5869059818134298,1,0.13691816484507005,0.13691816484507005,0.0,0.0,0.0,0.0,53.73313145361405,9.939168387922976,False,False,False,False,False,2.1844274816551135
2025-03-03 17:00:00+00:00,33.155,33.51,33.155,33.355,212.0,32.68098043901769,,32.44423448008013,32.69128433926079,"rgba(239, 83, 80, 1.0)",0.7321779985915766,32.73546725731164,0.8461504495902562,1,0.13921810910620994,0.13921810910620994,0.0,0.0,0.0,0.0,51.92709402970548,8.345566101766806,False,False,False,False,False,3.866071090766237
2025-03-04 17:00:00+00:00,33.355,33.355,33.08,33.285,902.0,32.6917250882539,,32.46565053506782,32.696441135120004,"rgba(239, 83, 80, 1.0)",0.735700113944264,32.739642862198735,0.7412764079612157,1,0.14103889975513134,0.14103889975513134,0.0,0.0,0.0,0.0,50.05850031242471,6.543051361493205,False,True,False,False,False,3.2209006323348994
2025-03-05 17:00:00+00:00,33.285,34.05,33.285,34.05,1.0,32.69174859720152,,32.465690197014446,32.696504559542454,"rgba(38, 166, 154, 1.0)",0.7531536280117975,32.73971767277999,1.7397278304015338,1,0.14130671102227327,0.14130671102227327,0.0,0.0,0.0,0.0,54.83511782118,6.543051361493205,False,False,True,False,True,9.221638277381693
2025-03-06 17:00:00+00:00,34.1,34.1,33.905,34.0,451.0,32.704217161590805,,32.48608366698068,32.72977739141043,"rgba(38, 166, 154, 1.0)",0.7683794518217728,32.77897476659033,1.5890914710364856,1,0.14123533682172892,0.14123533682172892,0.0,0.0,0.0,0.0,57.50118911075348,0.5925005679745823,False,False,True,False,True,8.754658471461983
2025-03-07 17:00:00+00:00,34.15,34.15,34.15,34.15,0.0,32.704217161590805,,32.48608366698068,32.72977739141043,"rgba(38, 166, 154, 1.0)",0.7868146925168,32.77897476659033,1.742500802856314,1,0.14129589082244245,0.14129589082244245,0.0,0.0,0.0,0.0,60.21226535588039,3.2041336970116205,False,False,True,False,True,9.860302517659292
2025-03-10 17:00:00+00:00,34.15,34.15,33.56,33.565,100.0,32.7064372415633,,32.48981810888027,32.73420650858144,"rgba(38, 166, 154, 1.0)",0.7929017866313517,32.78408414953546,0.9848834542071901,1,0.1418019803215966,0.1418019803215966,0.0,0.0,0.0,0.0,56.58300193250851,3.2041336970116205,False,False,True,False,False,4.574939328299106
2025-03-11 17:00:00+00:00,33.515,33.775,33.5,33.64,17.0,32.7067707763134,,32.490390934428625,32.73477701978247,"rgba(38, 166, 154, 1.0)",0.7998109123383114,32.78473205624857,1.0693376778906205,1,0.14157792580125822,0.14157792580125822,0.0,0.0,0.0,0.0,54.7479635856889,3.2041336970116205,False,True,True,False,False,5.144123127527436
2025-03-12 17:00:00+00:00,33.64,33.94,33.64,33.94,1.0,32.70679463427301,,32.490430528662785,32.734827081919406,"rgba(38, 166, 154, 1.0)",0.8116379723732404,32.78479008230512,1.4233068892982255,1,0.13966107122945312,0.13966107122945312,0.0,0.0,0.0,0.0,55.72163340774766,3.2041336970116205,False,True,True,False,False,7.374954713527611
2025-03-13 17:00:00+00:00,33.94,33.94,33.745,33.745,219.0,32.71185775458598,,32.49885454015448,32.744886977831804,"rgba(38, 166, 154, 1.0)",0.8193813750859761,32.79639454853704,1.1577093162062961,1,0.1385368904611236,0.1385368904611236,0.0,0.0,0.0,0.0,54.64677044602589,3.2041336970116205,False,True,True,False,False,5.666342588948684
2025-03-14 17:00:00+00:00,34.37,34.425,34.335,34.425,753.0,32.738005474063534,,32.53958126533173,32.80458499003045,"rgba(38, 166, 154, 1.0)",0.8414669837163141,32.86618618520977,1.8524955167055657,1,0.13503376899550334,0.13503376899550334,0.0,0.0,0.0,0.0,58.05129662860867,3.2041336970116205,False,True,True,False,True,10.431908396734858
2025-03-17 17:00:00+00:00,34.77,34.86,34.755,34.86,0.0,32.738005474063534,,32.53958126533173,32.80458499003045,"rgba(38, 166, 154, 1.0)",0.8747169323339172,32.86618618520977,2.279381753215113,1,0.13014932441312782,0.13014932441312782,0.0,0.0,0.0,0.0,62.1688068565632,5.550356637617369,False,False,True,False,True,13.204472971632782
2025-03-18 17:00:00+00:00,34.75,34.75,34.75,34.75,0.0,32.738005474063534,,32.53958126533173,32.80458499003045,"rgba(38, 166, 154, 1.0)",0.9026607415936297,32.86618618520977,2.086956624993343,1,0.12617948251656114,0.12617948251656114,0.0,0.0,0.0,0.0,63.905838183181984,7.3292742493791465,True,False,True,False,True,12.237874403977237
2025-03-19 17:00:00+00:00,34.735,34.93,34.71,34.9,134.0,32.743818880087794,,32.54836591649617,32.93523574730623,"rgba(38, 166, 154, 1.0)",0.9329680527152763,33.013114707468965,2.0224543456118473,1,0.12201525095609675,0.12201525095609675,0.0,0.0,0.0,0.0,65.73602621858761,9.266313261087838,True,False,True,False,True,13.180530563205874
2025-03-20 17:00:00+00:00,34.59,34.59,34.58,34.58,1.0,32.74385672550714,,32.54842373956941,32.93521691633056,"rgba(38, 166, 154, 1.0)",0.9531018682025117,33.013083433014216,1.6440179368663759,1,0.11926174403626941,0.11926174403626941,0.0,0.0,0.0,0.0,63.96759723801971,9.266313261087838,True,False,True,False,True,10.38870215493439
2025-03-21 17:00:00+00:00,34.405,34.48,34.405,34.48,4.0,32.74399753137215,,32.54864041442925,32.93493787577292,"rgba(38, 166, 154, 1.0)",0.9702024354564939,33.012705748284525,1.5123588625347963,1,0.117034261244515,0.117034261244515,0.0,0.0,0.0,0.0,61.91347178781889,9.266313261087838,False,False,True,False,False,9.535252679765659
2025-03-24 17:00:00+00:00,34.22,34.22,34.12,34.12,22.0,32.744635082524546,,32.54964280643969,32.93141149127946,"rgba(38, 166, 154, 1.0)",0.9800400479038812,33.00816554975574,1.134478588525297,1,0.11576127277551364,0.11576127277551364,0.0,0.0,0.0,0.0,57.66091498632373,13.923059477877025,False,True,True,False,False,6.541389588281966
2025-03-25 17:00:00+00:00,34.355,34.355,34.355,34.355,0.0,32.744635082524546,,32.54964280643969,32.93141149127946,"rgba(38, 166, 154, 1.0)",0.9938817882469501,33.00816554975574,1.3551253943588821,1,0.11406304796417735,0.11406304796417735,0.0,0.0,0.0,0.0,56.50383097132234,12.686453060366041,False,True,True,False,False,8.119129046326083
2025-03-26 17:00:00+00:00,34.155,34.155,34.035,34.035,8.0,32.74485389254387,,32.5499892128197,32.93020251205809,"rgba(38, 166, 154, 1.0)",1.002021191626412,33.00660877946978,1.0263168375321516,1,0.11308114812552567,0.11308114812552567,0.0,0.0,0.0,0.0,53.3536175623194,9.553061771095521,False,True,True,False,False,5.53998963838238
2025-03-27 17:00:00+00:00,34.155,34.155,34.085,34.105,9.0,32.745107367743095,,32.55038894880235,32.929135024132556,"rgba(38, 166, 154, 1.0)",1.0111829750391148,33.005221753302536,1.0876154700438063,1,0.11203392865076507,0.11203392865076507,0.0,0.0,0.0,0.0,51.80750672110385,7.924350402279224,False,True,False,False,False,6.017775194500153
2025-03-28 17:00:00+00:00,33.81,33.81,33.71,33.71,100.0,32.74715505275323,,32.553764951701744,32.91475426124164,"rgba(239, 83, 80, 1.0)",1.015032729246396,32.986810209606205,0.7124792822500644,1,0.11159385456197017,0.11159385456197017,0.0,0.0,0.0,0.0,48.0784662063116,4.2706758540547085,False,True,False,True,False,2.9311613424375977
2025-03-31 17:00:00+00:00,33.32,33.51,33.32,33.5,158.0,32.74940414119315,,32.55772482673127,32.899407519568356,"rgba(239, 83, 80, 1.0)",1.016681950852446,32.96713039182545,0.5241261613110779,1,0.11137711409343456,0.11137711409343456,0.0,0.0,0.0,0.0,44.36840396181492,0.7321656667013201,False,True,False,True,False,1.3530967793060107
2025-04-01 17:00:00+00:00,33.55,33.55,33.38,33.47,0.0,32.74940414119315,,32.55772482673127,32.899407519568356,"rgba(239, 83, 80, 1.0)",1.0170796074683017,32.96713039182545,0.4944250228615677,1,0.1114308017430122,0.1114308017430122,0.0,0.0,0.0,0.0,41.718655254339545,-1.7973653216502683,False,True,False,True,False,1.1283796956702687
2025-04-02 17:00:00+00:00,33.485,33.485,33.45,33.45,29.0,32.749826235627495,,32.55846277998291,32.89789397351909,"rgba(239, 83, 80, 1.0)",1.0171880954973709,32.96514550813419,0.4766615869887202,1,0.11157061266728245,0.11157061266728245,0.0,0.0,0.0,0.0,39.82315556706133,-3.685734876921849,False,True,False,True,False,0.9762653964064612
2025-04-03 17:00:00+00:00,33.175,33.175,32.93,32.93,109.0,32.750408162571794,,32.55984915244723,32.886593579995065,"rgba(239, 83, 80, 1.0)",1.0069805995786985,32.950866483994936,-0.020721833175005103,1,0.11191921836729349,0.11191921836729349,0.0,0.0,0.0,0.0,35.71152335329084,-7.641284967071705,False,True,False,True,False,0.0
2025-04-04 17:00:00+00:00,31.115,31.21,30.96,30.96,1731.0,32.69221242975685,,32.48959010250782,32.59862961933636,"rgba(239, 83, 80, 1.0)",1.0275617865730373,32.60170884380564,-1.5976740914829148,1,0.10965935578075321,0.10965935578075321,0.0,0.0,0.0,0.0,28.364895538426804,-14.419245108517636,False,True,False,True,False,0.0
2025-04-07 17:00:00+00:00,30.265,30.49,30.265,30.49,122.0,32.686754063682926,30.414999999999996,32.482838068560746,32.47869079252871,"rgba(239, 83, 80, 1.0)",1.0610564258033996,32.43878500666071,-1.836645968366055,2,0.9165863816391009,1.8331727632782018,0.0,0.0,0.0,0.0,22.925420650633264,-19.23945957066646,False,True,False,True,False,0.0
2025-04-08 17:00:00+00:00,31.03,31.03,30.645,30.67,200.0,32.67929746108785,30.64274327122153,32.47380969439652,32.468320893298845,"rgba(239, 83, 80, 1.0)",1.0878876879630395,32.427479100279946,-1.615496819869933,2,0.8934459830619454,1.786891966123891,0.0,0.0,0.0,0.0,20.72748871819688,-21.134676428594595,False,True,False,True,False,0.0
2025-04-09 17:00:00+00:00,30.645,32.295,30.645,32.29,0.0,32.67929746108785,30.64274327122153,32.47380969439652,32.468320893298845,"rgba(38, 166, 154, 1.0)",1.0847568831288612,32.427479100279946,-0.12673724630665967,2,0.8929316102513095,1.785863220502619,0.0,0.0,0.0,0.0,28.47522416063947,-21.134676428594595,False,True,False,True,True,0.0
2025-04-10 17:00:00+00:00,31.735,32.06,31.705,31.74,0.0,32.67929746108785,30.64274327122153,32.47380969439652,32.468320893298845,"rgba(38, 166, 154, 1.0)",1.0880029726376736,32.427479100279946,-0.6318724466471579,2,0.8879568201907453,1.7759136403814906,0.0,0.0,0.0,0.0,31.998280673521847,-27.19514291332849,False,True,False,True,True,0.0
2025-04-11 17:00:00+00:00,32.53,32.96,32.53,32.79,106.0,32.67946452751088,31.16711059190031,32.47461242976722,32.49690823973063,"rgba(38, 166, 154, 1.0)",1.0792995643237775,32.46316149130428,0.30282464618662125,2,0.8885125235781011,1.7770250471562021,0.0,0.0,0.0,0.0,38.287830602138186,-21.430869233037768,False,True,False,True,True,0.0
2025-04-14 17:00:00+00:00,33.25,33.575,33.25,33.43,158.0,32.68173743883287,31.77409556313993,32.47854159529894,32.53696324895539,"rgba(38, 166, 154, 1.0)",1.0717227774530405,32.51269600591594,0.855915366718285,3,0.6915217994064738,2.0745653982194217,0.0,0.0,0.0,0.0,44.403354770329784,-15.874326287186683,False,True,False,True,True,1.6023655087920616
2025-04-15 17:00:00+00:00,33.67,33.67,33.57,33.57,0.0,32.68173743883287,31.77409556313993,32.47854159529894,32.53696324895539,"rgba(38, 166, 154, 1.0)",1.0625510777335558,32.51269600591594,0.9950618057244935,3,0.6903455262392173,2.071036578717652,0.0,0.0,0.0,0.0,48.88622349836975,-11.786385171947984,False,True,False,False,True,2.2936568966191366
2025-04-16 17:00:00+00:00,33.75,33.75,33.49,33.49,30.0,32.68225985237651,31.861883116883114,32.47940901550856,32.54341595948131,"rgba(38, 166, 154, 1.0)",1.0521635795816864,32.52063992201786,0.9213016842566801,3,0.6896146210760331,2.0688438632280994,0.0,0.0,0.0,0.0,51.53291233551261,-9.230214543899507,False,False,True,False,True,1.8714937879972702
2025-04-17 17:00:00+00:00,34.075,34.075,34.075,34.075,0.0,32.68225985237651,31.861883116883114,32.47940901550856,32.54341595948131,"rgba(38, 166, 154, 1.0)",1.0478034811619428,32.52063992201786,1.4834461861669581,3,0.6853441337026944,2.0560324011080833,0.0,0.0,0.0,0.0,55.129173310664996,-5.620986244906291,False,False,True,False,True,4.735108642765823
2025-04-18 17:00:00+00:00,34.075,34.075,34.075,34.075,0.0,32.68225985237651,31.861883116883114,32.47940901550856,32.54341595948131,"rgba(38, 166, 154, 1.0)",1.046040699085889,32.52063992201786,1.4859460815821657,3,0.6807228222136992,2.0421684666410975,0.0,0.0,0.0,0.0,57.52668062743325,-3.024924190333877,True,False,True,False,True,4.735108642765823
2025-04-21 17:00:00+00:00,33.935,34.025,33.745,34.025,0.0,32.68225985237651,31.861883116883114,32.47940901550856,32.54341595948131,"rgba(38, 166, 154, 1.0)",1.0428924693863002,32.52063992201786,1.4424881971459593,3,0.6766845696789979,2.0300537090369937,0.0,0.0,0.0,0.0,58.8428698009329,-1.2912147092788402,True,False,True,False,True,4.4582050177390435
2025-04-22 17:00:00+00:00,34.555,34.555,34.405,34.44,100.0,32.68572525829256,32.22567970204842,32.48462779134606,32.57373207261229,"rgba(38, 166, 154, 1.0)",1.043863457986183,32.55773901970913,1.803167805032773,2,0.9541101345325604,1.9082202690651209,0.0,0.0,0.0,0.0,61.16561874612201,1.4718357186352762,True,False,True,False,True,6.473729887966048
2025-04-23 17:00:00+00:00,34.52,34.52,34.42,34.425,65.0,32.687955854685114,32.41121852326078,32.487985441135336,32.59061861940024,"rgba(38, 166, 154, 1.0)",1.0393517210261178,32.57833463965253,1.7767472964054105,2,0.9444845363680525,1.888969072736105,0.0,0.0,0.0,0.0,62.61418089907856,3.445085926339644,True,False,True,False,True,6.387963144289543
2025-04-24 17:00:00+00:00,34.425,34.76,34.425,34.76,234.0,32.69681315286441,32.9269671592775,32.501157607657156,32.64510989699336,"rgba(38, 166, 154, 1.0)",1.0394509768783167,32.644416048223405,2.035289781659663,2,0.9306303033978665,1.861260606795733,0.0,0.0,0.0,0.0,64.76060619752081,6.07943284888583,True,False,True,False,True,7.995398163984074
2025-04-25 17:00:00+00:00,34.675,34.795,34.64,34.795,1.0,32.69685266707858,32.92875492125984,32.50121602959951,32.6453229737062,"rgba(38, 166, 154, 1.0)",1.0285791170347347,32.644673329664954,2.090579747073002,2,0.9170374166163721,1.8340748332327441,0.0,0.0,0.0,0.0,66.31459624277653,8.137540662987888,True,False,True,False,True,8.162334757027079
2025-04-28 17:00:00+00:00,34.91,34.955,34.91,34.955,0.0,32.69685266707858,32.92875492125984,32.50121602959951,32.6453229737062,"rgba(38, 166, 154, 1.0)",1.0152318645209546,32.644673329664954,2.2756640636227377,2,0.9017476919127989,1.8034953838255978,0.0,0.0,0.0,0.0,67.9396821884631,10.24983560935901,True,False,True,False,True,8.93018385069793
2025-04-29 17:00:00+00:00,35.105,35.14,35.08,35.135,0.0,32.69685266707858,32.92875492125984,32.50121602959951,32.6453229737062,"rgba(38, 166, 154, 1.0)",1.0063646420620846,32.644673329664954,2.4745768742751704,2,0.8847054359975988,1.7694108719951975,0.0,0.0,0.0,0.0,69.67766844980514,12.433430868169125,True,False,True,False,True,9.790175205150799
2025-04-30 17:00:00+00:00,35.055,35.19,35.03,35.19,52.0,32.69929982254457,33.036256242197254,32.504781990233575,32.65826155275988,"rgba(38, 166, 154, 1.0)",1.0092963162788269,32.66028649928866,2.506413091883794,2,0.8679896016399878,1.7359792032799757,0.0,0.0,0.0,0.0,71.04120482231603,14.235572865073934,True,False,True,False,True,10.053753202668211
2025-05-01 17:00:00+00:00,34.95,35.05,34.945,35.05,18.0,32.70010354402068,33.06905310006138,32.50595715536598,32.66236597497185,"rgba(38, 166, 154, 1.0)",1.0091501776648693,32.66523294892835,2.3631438648605285,2,0.8543809938296589,1.7087619876593179,0.0,0.0,0.0,0.0,70.43729280485097,14.235572865073934,True,False,True,False,True,9.170077088245488
2025-05-02 17:00:00+00:00,35.51,35.51,35.45,35.45,300.0,32.71603408611634,33.58873857623857,32.528905176047545,32.73518276637357,"rgba(38, 166, 154, 1.0)",1.0173110954200892,32.752611844786024,2.6514879935523727,2,0.836144353272352,1.672288706544704,0.0,0.0,0.0,0.0,71.72823330035418,15.85379925369989,True,False,True,False,True,11.105470204525176
2025-05-05 17:00:00+00:00,35.64,35.715,35.635,35.71,0.0,32.71603408611634,33.58873857623857,32.528905176047545,32.73518276637357,"rgba(38, 166, 154, 1.0)",1.030055421407571,32.752611844786024,2.87109615050878,2,0.8160804451525284,1.6321608903050568,0.0,0.0,0.0,0.0,73.51140193154211,17.97436837367202,True,False,True,False,True,12.327578250123437
2025-05-06 17:00:00+00:00,35.775,35.905,35.775,35.855,0.0,32.71603408611634,33.58873857623857,32.528905176047545,32.73518276637357,"rgba(38, 166, 154, 1.0)",1.0441710061527512,32.752611844786024,2.9711494926915507,2,0.7964026750455688,1.5928053500911377,0.0,0.0,0.0,0.0,75.18393361902108,19.91706454753978,True,False,True,False,True,13.002400475585151
2025-05-07 17:00:00+00:00,35.755,35.845,35.515,35.6,4.0,32.71625931321807,33.59467985611511,32.5292276726963,32.73611942145984,"rgba(38, 166, 154, 1.0)",1.0583708073098599,32.753731188656516,2.6892926294689277,2,0.7819744607815471,1.5639489215630942,0.0,0.0,0.0,0.0,73.38510067136093,19.91706454753978,True,False,True,False,True,11.334223997181589
2025-05-08 17:00:00+00:00,35.73,35.765,35.56,35.6,0.0,32.71625931321807,33.59467985611511,32.5292276726963,32.73611942145984,"rgba(38, 166, 154, 1.0)",1.0704587591098105,32.753731188656516,2.6589243042958812,2,0.7729297435540498,1.5458594871080995,0.0,0.0,0.0,0.0,72.18587870625419,19.91706454753978,True,False,True,False,False,11.334223997181589
2025-05-09 17:00:00+00:00,35.77,35.77,35.76,35.76,0.0,32.71625931321807,33.59467985611511,32.5292276726963,32.73611942145984,"rgba(38, 166, 154, 1.0)",1.0904915620245796,32.753731188656516,2.756801534311845,2,0.7614973257271729,1.5229946514543458,0.0,0.0,0.0,0.0,72.20433908955806,19.91706454753978,True,False,True,False,False,12.113041523101192
2025-05-12 17:00:00+00:00,35.8,35.87,35.8,35.87,4.0,32.71649932911636,33.60114179818268,32.52957005616189,32.73712426337666,"rgba(38, 166, 154, 1.0)",1.1089028462956003,32.75493242239233,2.8091438199602963,2,0.7499503366474041,1.4999006732948081,0.0,0.0,0.0,0.0,72.76353728174023,19.91706454753978,True,False,True,False,False,12.64813023244205
2025-05-13 17:00:00+00:00,35.98,36.015,35.97,36.015,22.0,32.71788339209075,33.63841219397363,32.53153889132434,32.742910967204594,"rgba(38, 166, 154, 1.0)",1.129389004073656,32.7618498281274,2.880451430055215,2,0.7379333012338573,1.4758666024677145,0.0,0.0,0.0,0.0,73.83792231722018,19.925880744107573,True,False,True,False,False,13.353670268402137
2025-05-14 17:00:00+00:00,35.925,35.925,35.805,35.815,0.0,32.71788339209075,33.63841219397363,32.53153889132434,32.742910967204594,"rgba(38, 166, 154, 1.0)",1.1428914650573183,32.7618498281274,2.6714261723176604,2,0.7292653088097434,1.4585306176194868,0.0,0.0,0.0,0.0,71.738901884374,19.925880744107573,True,False,True,False,False,11.96860385710735
2025-05-15 17:00:00+00:00,36.07,36.07,36.07,36.07,0.0,32.71788339209075,33.63841219397363,32.53153889132434,32.742910967204594,"rgba(38, 166, 154, 1.0)",1.1676070161420355,32.7618498281274,2.8332736324275154,2,0.7188991693867243,1.4377983387734485,0.0,0.0,0.0,0.0,71.82733631231594,19.925880744107573,True,False,True,False,False,13.228453126577794
2025-05-16 17:00:00+00:00,36.16,36.25,36.16,36.23,75.0,32.72289915242889,33.76793539011849,32.538645870867,32.76347087613294,"rgba(38, 166, 154, 1.0)",1.1876157961559974,32.786405186393026,2.899586570634198,2,0.7093145910051722,1.4186291820103445,0.0,0.0,0.0,0.0,72.71194168812886,19.925880744107573,True,False,True,False,False,14.008968331358716
2025-05-19 17:00:00+00:00,36.37,36.425,36.265,36.425,9.0,32.72352733567986,33.78355777777777,32.53953353232294,32.76600191385806,"rgba(38, 166, 154, 1.0)",1.2064067412051338,32.78942568328798,3.013556035902351,2,0.6986853726201521,1.3973707452403041,0.0,0.0,0.0,0.0,74.22192857625556,20.958097160661055,True,False,True,False,True,14.952542551512106
2025-05-20 17:00:00+00:00,36.525,36.62,36.39,36.555,6.0,32.7239632186986,33.79446657813191,32.54014823295341,32.767760901279516,"rgba(38, 166, 154, 1.0)",1.2282980534495995,32.7915250175878,3.0639753696936265,2,0.6887236702726377,1.3774473405452754,0.0,0.0,0.0,0.0,75.79791197933474,22.576918123110417,True,False,True,False,True,15.577917700015352
2025-05-21 17:00:00+00:00,36.745,36.75,36.45,36.495,104.0,32.731588687817364,33.97343271221532,32.5508886066422,32.797701893991814,"rgba(38, 166, 154, 1.0)",1.2458912942616969,32.82721225425712,2.943906713720456,2,0.6805852062093993,1.3611704124187987,0.0,0.0,0.0,0.0,75.86152827913577,22.79042858517724,True,False,True,False,True,15.13581293241193
2025-05-22 17:00:00+00:00,36.3,36.36,36.225,36.305,0.0,32.731588687817364,33.97343271221532,32.5508886066422,32.797701893991814,"rgba(38, 166, 154, 1.0)",1.2663050100107591,32.82721225425712,2.7464060540306408,2,0.6747675098707466,1.3495350197414933,0.0,0.0,0.0,0.0,72.91841098712544,22.79042858517724,True,False,True,False,False,13.736288766517877
2025-05-23 17:00:00+00:00,36.655,36.67,36.635,36.635,206.0,32.7469238350573,34.27667400881057,32.572423875035085,32.85381175484672,"rgba(38, 166, 154, 1.0)",1.2905846255382276,32.89385164449227,2.898801273064531,2,0.6655156281078729,1.3310312562157458,0.0,0.0,0.0,0.0,73.01346251977601,22.79042858517724,True,False,True,False,False,15.376996168370813
2025-05-26 17:00:00+00:00,36.635,36.635,36.635,36.635,0.0,32.7469238350573,34.27667400881057,32.572423875035085,32.85381175484672,"rgba(38, 166, 154, 1.0)",1.3148671121153253,32.89385164449227,2.8452672677233974,2,0.6573080606239732,1.3146161212479464,0.0,0.0,0.0,0.0,73.07683020820973,22.79042858517724,True,False,True,False,False,15.376996168370813
2025-05-27 17:00:00+00:00,37.065,37.115,37.04,37.115,0.0,32.7469238350573,34.27667400881057,32.572423875035085,32.85381175484672,"rgba(38, 166, 154, 1.0)",1.350051423778673,32.89385164449227,3.1266574599752013,2,0.646041626071246,1.292083252142492,0.0,0.0,0.0,0.0,75.40828280688547,22.79042858517724,True,False,True,False,True,17.70106780330106
2025-05-28 17:00:00+00:00,36.96,37.095,36.835,36.9,0.0,32.7469238350573,34.27667400881057,32.572423875035085,32.85381175484672,"rgba(38, 166, 154, 1.0)",1.3772620443251584,32.89385164449227,2.9087771437647434,2,0.6393106670741213,1.2786213341482426,0.0,0.0,0.0,0.0,73.90988353596518,22.79042858517724,True,False,True,False,False,16.078427243769255
2025-05-29 17:00:00+00:00,37.03,37.15,36.975,37.085,128.0,32.75741992286293,34.46059670781893,32.58706986033021,32.890299242330045,"rgba(38, 166, 154, 1.0)",1.4102970679327802,32.9370678963263,2.9411761521661255,2,0.6319770226731515,1.263954045346303,0.0,0.0,0.0,0.0,73.87741975473367,22.79042858517724,True,False,True,False,False,16.970284246641455
2025-05-30 17:00:00+00:00,36.915,37.145,36.915,37.145,100.0,32.76558144011108,34.588176777560335,32.598441605129366,32.91746031327833,"rgba(38, 166, 154, 1.0)",1.4431417865948566,32.96915788011738,2.893577165231747,2,0.6279840119491508,1.2559680238983015,0.0,0.0,0.0,0.0,74.16211579435198,22.79042858517724,True,False,True,False,False,17.25952182617134
2025-06-02 17:00:00+00:00,37.52,37.675,37.485,37.675,200.0,32.78386165597888,34.85765002970884,32.62375644877588,32.97664812034578,"rgba(38, 166, 154, 1.0)",1.4879323340228243,33.03897583211415,3.1157493266859375,2,0.6211973813159994,1.2423947626319989,0.0,0.0,0.0,0.0,76.52979673061145,23.754527344970995,True,False,True,False,True,19.7420686102077
2025-06-03 17:00:00+00:00,37.46,37.505,37.41,37.47,898.0,32.86177012624108,35.60189157649055,32.7310134139818,33.19246848945363,"rgba(38, 166, 154, 1.0)",1.5253811575064298,33.290964833147186,2.739666178704058,2,0.6166941228492131,1.2333882456984262,0.0,0.0,0.0,0.0,75.36866622045588,23.754527344970995,True,False,True,False,True,18.161170366132257
2025-06-04 17:00:00+00:00,37.82,37.925,37.68,37.78,0.0,32.86177012624108,35.60189157649055,32.7310134139818,33.19246848945363,"rgba(38, 166, 154, 1.0)",1.5686204646638215,33.290964833147186,2.8617726645654096,2,0.6072602396076734,1.2145204792153468,0.0,0.0,0.0,0.0,75.913474014619,23.754527344970995,True,False,True,False,True,19.587918379444726
2025-06-05 17:00:00+00:00,37.855,37.98,37.72,37.765,0.0,32.86177012624108,35.60189157649055,32.7310134139818,33.19246848945363,"rgba(38, 166, 154, 1.0)",1.6081639466420274,33.290964833147186,2.782076526584837,2,0.5986795634011208,1.1973591268022417,0.0,0.0,0.0,0.0,76.07319670390353,23.754527344970995,True,False,True,False,True,19.47083280713411
2025-06-06 17:00:00+00:00,37.74,37.845,37.645,37.81,204.0,32.88025796656936,35.73387427774456,32.75624796318585,33.23869050901859,"rgba(38, 166, 154, 1.0)",1.6436194732884364,33.344518262517184,2.7168586221168343,2,0.5906676791582675,1.181335358316535,0.0,0.0,0.0,0.0,76.38473475540619,23.893593164526564,True,False,True,False,True,19.68045703581075
2025-06-09 17:00:00+00:00,37.965,38.0,37.805,37.805,0.0,32.88025796656936,35.73387427774456,32.75624796318585,33.23869050901859,"rgba(38, 166, 154, 1.0)",1.6754590523304418,33.344518262517184,2.6622445539797646,2,0.5837622466534247,1.1675244933068494,0.0,0.0,0.0,0.0,76.50908590442413,24.202082317801825,True,False,True,False,True,19.639950394308254
2025-06-10 17:00:00+00:00,37.92,37.965,37.785,37.94,278.0,32.90589329044118,35.89978384841795,32.791113564463515,33.30054248184205,"rgba(38, 166, 154, 1.0)",1.7105263612211359,33.41597399723202,2.6448151313717823,2,0.5768487529685502,1.1536975059371004,0.0,0.0,0.0,0.0,77.2874431252122,25.112732282700676,True,False,True,False,True,20.0
2025-06-11 17:00:00+00:00,38.035,38.06,37.965,37.965,2.0,32.906080444346415,35.900940430226136,32.791367562028825,33.3009861326859,"rgba(38, 166, 154, 1.0)",1.7445061977172407,33.41648577769992,2.607336235464228,2,0.5684491076714274,1.1368982153428548,0.0,0.0,0.0,0.0,77.93580767025915,25.867916163174286,True,False,True,False,True,20.0
2025-06-12 17:00:00+00:00,38.38,38.465,38.305,38.345,200.0,32.92610017337583,36.030094964279485,32.818463627020144,33.63579217207193,"rgba(38, 166, 154, 1.0)",1.781753572409155,33.810774459494404,2.544810691399233,2,0.5584182250672052,1.1168364501344104,0.0,0.0,0.0,0.0,80.0219701558851,27.896542435194092,True,False,True,False,True,20.0
2025-06-13 17:00:00+00:00,38.08,38.13,37.87,37.97,65.0,32.93212123706563,36.06283560352951,32.82661192450024,33.64462180462518,"rgba(38, 166, 154, 1.0)",1.8030723279502172,33.820277967536974,2.30147286281108,2,0.5504978015920077,1.1009956031840153,0.0,0.0,0.0,0.0,75.52921401737711,28.055723419799207,True,False,True,False,False,19.08245031656016
2025-06-16 17:00:00+00:00,38.36,38.36,38.23,38.285,2.0,32.93231730962703,36.06398064902817,32.82687685831554,33.645073371677036,"rgba(38, 166, 154, 1.0)",1.8316585109951307,33.82079248333693,2.437248804766389,2,0.5420893167541734,1.0841786335083468,0.0,0.0,0.0,0.0,74.37807355907178,27.175328907535416,True,False,True,False,False,20.0
2025-06-17 17:00:00+00:00,38.015,38.015,37.78,37.78,0.0,32.93231730962703,36.06398064902817,32.82687685831554,33.645073371677036,"rgba(38, 166, 154, 1.0)",1.8458459570877785,33.82079248333693,2.1449284548693206,2,0.5373097856620797,1.0746195713241593,0.0,0.0,0.0,0.0,68.09161593281272,21.5789042354303,False,True,True,False,False,16.56779897879915
2025-06-18 17:00:00+00:00,38.04,38.265,37.9,37.9,1.0,32.93241040180477,36.06448339325458,32.82700277124689,33.64523372705476,"rgba(38, 166, 154, 1.0)",1.8687134852860916,33.8209692179285,2.182801598098928,2,0.532481265493829,1.064962530987658,0.0,0.0,0.0,0.0,64.75849185810469,18.881222126746906,False,True,True,False,False,17.156592496139055
2025-06-19 17:00:00+00:00,37.9,37.9,37.9,37.9,0.0,32.93241040180477,36.06448339325458,32.82700277124689,33.64523372705476,"rgba(38, 166, 154, 1.0)",1.889458905336382,33.8209692179285,2.158835405496848,2,0.5264695070841849,1.0529390141683699,0.0,0.0,0.0,0.0,62.53640914163267,17.123121329432166,False,True,True,False,False,17.156592496139055
2025-06-20 17:00:00+00:00,37.945,37.96,37.79,37.875,0.0,32.93241040180477,36.06448339325458,32.82700277124689,33.64523372705476,"rgba(38, 166, 154, 1.0)",1.9093705627630146,33.8209692179285,2.123228911733607,2,0.5228243563970203,1.0456487127940406,0.0,0.0,0.0,0.0,60.76405653438312,15.641483923656253,False,True,True,False,False,16.95559273859876
2025-06-23 17:00:00+00:00,37.45,37.865,37.45,37.765,114.0,32.94231740410826,36.110812957418496,32.840412205006714,33.8957705596784,"rgba(38, 166, 154, 1.0)",1.9197758174300446,34.13170158010698,1.892563906111094,2,0.5210193083445664,1.042038616689133,0.0,0.0,0.0,0.0,58.262068117075664,13.380654981451734,False,True,True,False,False,16.06384562421709
2025-06-24 17:00:00+00:00,38.13,38.175,38.04,38.15,119.0,32.9535434311422,36.168794927711815,32.855559693098726,33.93106509456092,"rgba(38, 166, 154, 1.0)",1.9363058959065664,34.17275226080803,2.0540389551052023,2,0.5174290887221771,1.0348581774443542,0.0,0.0,0.0,0.0,59.93146954258182,13.380654981451734,False,True,True,False,False,18.036724783570026
2025-06-25 17:00:00+00:00,37.91,38.17,37.905,38.08,6.0,32.95410051175582,36.17152834906041,32.85631100989652,33.93238774787142,"rgba(38, 166, 154, 1.0)",1.9529996563383383,34.17425339562368,1.9998706050461719,2,0.5147013714307559,1.0294027428615118,0.0,0.0,0.0,0.0,60.15915073225446,13.380654981451734,False,True,True,False,False,17.462482096583138
2025-06-26 17:00:00+00:00,38.59,38.62,38.49,38.49,136.0,32.96788515457051,36.24676973530101,32.874856240392,33.977934809306085,"rgba(38, 166, 154, 1.0)",1.9735280111543443,34.22742187559015,2.159877184573938,2,0.5083422960792381,1.0166845921584762,0.0,0.0,0.0,0.0,63.15535245173312,13.380654981451734,False,True,True,False,True,19.50948998957847
2025-06-27 17:00:00+00:00,38.6,38.6,38.56,38.565,0.0,32.96788515457051,36.24676973530101,32.874856240392,33.977934809306085,"rgba(38, 166, 154, 1.0)",2.000188004677077,34.22742187559015,2.1685852101238505,2,0.5027867121801647,1.0055734243603294,0.0,0.0,0.0,0.0,65.5917840767432,10.393216168190676,False,True,True,False,True,19.8755598025213
2025-06-30 17:00:00+00:00,38.86,38.93,38.695,38.93,100.0,32.97855481004625,36.306392004272524,32.8891781286942,34.01294559874249,"rgba(38, 166, 154, 1.0)",2.035406442798932,34.2682718091755,2.2903180872386617,2,0.4955668619773428,0.9911337239546856,0.0,0.0,0.0,0.0,69.08099452209754,13.70784153318754,False,True,True,False,True,20.0
2025-07-01 17:00:00+00:00,38.825,38.97,38.825,38.845,100.0,32.98923712553173,36.363980010442305,32.903499274877284,34.04444737393477,"rgba(38, 166, 154, 1.0)",2.06617143877618,34.3047330472977,2.1974299264302846,2,0.4893329658053187,0.9786659316106374,0.0,0.0,0.0,0.0,70.20842179721288,14.825717748918962,False,False,True,False,True,20.0
2025-07-02 17:00:00+00:00,39.08,39.11,38.98,39.06,1.0,32.98934683053978,36.364580909768826,32.90364620435222,34.044780616352114,"rgba(38, 166, 154, 1.0)",2.100377053237295,34.305119657330756,2.263822267216539,2,0.4826469225647242,0.9652938451294484,0.0,0.0,0.0,0.0,72.04853453614373,16.69101469788278,True,False,True,False,True,20.0
2025-07-03 17:00:00+00:00,39.12,39.12,39.12,39.12,0.0,32.98934683053978,36.364580909768826,32.90364620435222,34.044780616352114,"rgba(38, 166, 154, 1.0)",2.131678588250026,34.305119657330756,2.258727168912437,2,0.4755162440077588,0.9510324880155177,0.0,0.0,0.0,0.0,73.56567590782247,18.286860620345166,True,False,True,False,True,20.0
2025-07-04 17:00:00+00:00,39.12,39.12,39.12,39.12,0.0,32.98934683053978,36.364580909768826,32.90364620435222,34.044780616352114,"rgba(38, 166, 154, 1.0)",2.159975971671495,34.305119657330756,2.2291360671680303,2,0.4688829543072653,0.9377659086145306,0.0,0.0,0.0,0.0,74.57710348894162,19.458668967353034,True,False,True,False,True,20.0
2025-07-07 17:00:00+00:00,38.53,38.66,38.48,38.555,252.0,33.01466422213414,36.48201115346604,32.93754572096154,34.10163967390983,"rgba(38, 166, 154, 1.0)",2.1722992448115965,34.36928786502033,1.9268579800766326,2,0.4649058587005906,0.9298117174011812,0.0,0.0,0.0,0.0,67.60121376044086,23.109856183847185,False,True,True,False,False,17.35222828176424
2025-07-08 17:00:00+00:00,38.86,39.03,38.755,38.9,188.0,33.03451666487089,36.57440257976918,32.964040206909054,34.14970998615514,"rgba(38, 166, 154, 1.0)",2.1913158291453763,34.42396413957226,2.04262471018311,2,0.4597375546332693,0.9194751092665386,0.0,0.0,0.0,0.0,65.58779350644107,21.32716531547449,False,True,True,False,False,19.093284938243276
2025-07-09 17:00:00+00:00,39.105,39.255,39.01,39.195,200.0,33.056414158584744,36.67533920417482,32.99318480760326,34.20345284588919,"rgba(38, 166, 154, 1.0)",2.2102733555617804,34.48517695775236,2.1308780791281614,2,0.45393114615336827,0.9078622923067365,0.0,0.0,0.0,0.0,66.05262855537512,21.32716531547449,False,True,True,False,False,20.0
2025-07-10 17:00:00+00:00,39.205,39.365,39.205,39.315,0.0,33.056414158584744,36.67533920417482,32.99318480760326,34.20345284588919,"rgba(38, 166, 154, 1.0)",2.2300678048916907,34.48517695775236,2.1657740772066854,2,0.4483135274525034,0.8966270549050068,0.0,0.0,0.0,0.0,67.02979963036681,21.32716531547449,False,True,True,False,False,20.0
2025-07-11 17:00:00+00:00,39.02,39.1,38.945,39.0,10.0,33.057480171509,36.67990885416666,32.994602272281455,34.20585853295053,"rgba(38, 166, 154, 1.0)",2.236444193497942,34.85991407239894,1.8511912524522705,2,0.444817741082042,0.889635482164084,0.0,0.0,0.0,0.0,64.18934349602178,19.704198465869027,False,True,True,False,False,18.4632033128166
2025-07-14 17:00:00+00:00,39.055,39.11,38.945,39.075,322.0,33.09176535984917,36.819751316917795,33.040103765136465,34.280644184277996,"rgba(38, 166, 154, 1.0)",2.2384397860285876,34.943135698685666,1.8458679688878477,2,0.4416069146991934,0.8832138293983868,0.0,0.0,0.0,0.0,62.836286788937144,18.2428261732542,False,True,True,False,False,18.83801573138393
2025-07-15 17:00:00+00:00,38.73,38.835,38.72,38.75,0.0,33.09176535984917,36.819751316917795,33.040103765136465,34.280644184277996,"rgba(38, 166, 154, 1.0)",2.232356051471309,34.943135698685666,1.7053123308019313,2,0.4391733330617667,0.8783466661235334,0.0,0.0,0.0,0.0,58.7263394494668,14.25829001761889,False,True,True,False,False,16.165565502369247
2025-07-16 17:00:00+00:00,38.825,38.955,38.76,38.89,179.0,33.11009976890024,36.88498813971416,33.06437449593646,34.316479730038125,"rgba(38, 166, 154, 1.0)",2.225691865303757,34.977720183200205,1.7577814241891283,2,0.43644347023742514,0.8728869404748503,0.0,0.0,0.0,0.0,57.17387368935984,12.720055968450957,False,True,True,False,False,16.89297348227351
2025-07-17 17:00:00+00:00,38.855,39.065,38.845,39.05,160.0,33.12672460231861,36.94315602836879,33.0863373817912,34.349326251880875,"rgba(38, 166, 154, 1.0)",2.208565404090217,35.01305885879213,1.827856731673664,2,0.4342752782002384,0.8685505564004768,0.0,0.0,0.0,0.0,57.43576654054995,12.720055968450957,False,True,True,False,False,17.718866795742677
2025-07-18 17:00:00+00:00,38.97,39.07,38.855,38.945,0.0,33.12672460231861,36.94315602836879,33.0863373817912,34.349326251880875,"rgba(38, 166, 154, 1.0)",2.12943139853838,35.01305885879213,1.846474671082016,2,0.4334149657525046,0.8668299315050092,0.0,0.0,0.0,0.0,56.4732765005228,11.595380954783145,False,True,True,False,False,16.84470332510728
2025-07-21 17:00:00+00:00,39.31,39.36,39.19,39.225,300.0,33.15907739299178,37.05737296497286,33.12895773869809,34.41540828429442,"rgba(38, 166, 154, 1.0)",2.0273650142243604,35.08971213479848,2.039735240663418,2,0.43161637056430474,0.8632327411286095,0.0,0.0,0.0,0.0,58.10526129909545,11.595380954783145,False,True,True,False,False,18.299342537395965
2025-07-22 17:00:00+00:00,39.265,39.5,39.265,39.46,210.0,33.182073936484024,37.13585042123668,33.15916502496907,34.46190764779242,"rgba(38, 166, 154, 1.0)",1.9247877196630816,35.14361641480998,2.242524482619603,2,0.42963012605725803,0.8592602521145161,0.0,0.0,0.0,0.0,60.791402400754585,11.595380954783145,False,True,True,False,True,19.488482219761238
2025-07-23 17:00:00+00:00,39.68,40.07,39.68,40.07,86.0,33.192242810234525,37.173667084836126,33.17249725651577,34.82148775953546,"rgba(38, 166, 154, 1.0)",1.8860572775115012,35.59032409618534,2.3751536908387143,2,0.4245596969275565,0.849119393855113,0.0,0.0,0.0,0.0,65.58249235232381,10.456106276867018,False,True,True,False,True,20.0
2025-07-24 17:00:00+00:00,39.77,39.79,39.74,39.755,0.0,33.192242810234525,37.173667084836126,33.17249725651577,34.82148775953546,"rgba(38, 166, 154, 1.0)",1.8134660209138338,35.59032409618534,2.296528225941623,2,0.4209943961273836,0.8419887922547672,0.0,0.0,0.0,0.0,65.42285435223843,10.456106276867018,False,True,True,False,True,19.781510136839312
2025-07-25 17:00:00+00:00,39.565,39.67,39.565,39.67,0.0,33.192242810234525,37.173667084836126,33.17249725651577,34.82148775953546,"rgba(38, 166, 154, 1.0)",1.7690082272584702,35.59032409618534,2.3061938553768964,2,0.4177617302926992,0.8355234605853984,0.0,0.0,0.0,0.0,64.46904978851956,10.456106276867018,False,True,True,False,True,19.082523741814803
2025-07-28 17:00:00+00:00,39.065,39.065,39.01,39.03,0.0,33.192242810234525,37.173667084836126,33.17249725651577,34.82148775953546,"rgba(38, 166, 154, 1.0)",1.7283403016183612,35.59032409618534,1.9901612550455834,2,0.4174778144187832,0.8349556288375664,0.0,0.0,0.0,0.0,58.65001761606984,13.922502401301003,False,True,True,False,False,14.037611976085504
2025-07-29 17:00:00+00:00,39.06,39.19,39.06,39.085,12.0,33.193485407737846,37.177307090311466,33.17412621137319,34.818610576349236,"rgba(38, 166, 154, 1.0)",1.6883651856159712,35.58623499774121,2.0722797603661367,2,0.41715078246939374,0.8343015649387875,0.0,0.0,0.0,0.0,55.185128696472745,10.786374993733318,False,True,True,False,False,14.322927809309
2025-07-30 17:00:00+00:00,38.945,38.985,38.775,38.8,100.0,33.20336901539627,37.20313581959213,33.18707706223965,34.809832343215625,"rgba(239, 83, 80, 1.0)",1.637840857860046,35.57018798110849,1.9719938011019482,2,0.41702745461513396,0.8340549092302679,0.0,0.0,0.0,0.0,50.93963096770522,6.9517845536509455,False,True,False,False,False,12.165847308449312
2025-07-31 17:00:00+00:00,38.67,38.67,38.55,38.625,0.0,33.20336901539627,37.20313581959213,33.18707706223965,34.809832343215625,"rgba(239, 83, 80, 1.0)",1.5986392214506746,35.57018798110849,1.9108826919180937,2,0.4178014114690888,0.8356028229381776,0.0,0.0,0.0,0.0,47.02338688360153,3.449659399278289,False,True,False,True,False,10.86659128525763
2025-08-01 17:00:00+00:00,38.555,38.675,38.46,38.675,274.0,33.229083578094865,37.25986421213465,33.220709256825145,35.09293704541802,"rgba(239, 83, 80, 1.0)",1.5565674206841142,35.909303568019425,1.7767919302621944,2,0.4174061215619466,0.8348122431238932,0.0,0.0,0.0,0.0,44.900536149364726,1.5470789528659594,False,True,False,True,False,11.144086427759518
2025-08-04 17:00:00+00:00,39.125,39.245,39.12,39.24,145.0,33.244096832166065,37.30062294923759,33.24029857769947,35.131943304757414,"rgba(239, 83, 80, 1.0)",1.5164037946630617,35.95313847863721,2.1675371249602557,2,0.4154376799910079,0.8308753599820158,0.0,0.0,0.0,0.0,48.12073848099491,1.5470789528659594,False,True,False,True,True,14.178538493185165
2025-08-05 17:00:00+00:00,39.315,39.4,39.295,39.35,7.0,33.24483749631659,37.30269583032055,33.24126420946444,35.13386944505908,"rgba(239, 83, 80, 1.0)",1.4863223614553573,35.955335450021494,2.2839355970225497,2,0.41355814612679004,0.8271162922535801,0.0,0.0,0.0,0.0,51.00696260426773,1.5470789528659594,False,True,False,False,True,14.747356616725963
2025-08-06 17:00:00+00:00,39.58,39.685,39.515,39.685,9.0,33.24583318890815,37.30571875601771,33.242562189054716,35.13698371064329,"rgba(38, 166, 154, 1.0)",1.457908251046183,35.95902715213291,2.555697757518941,2,0.4109249293968081,0.8218498587936162,0.0,0.0,0.0,0.0,54.995508719335064,-2.1989365938752385,False,True,True,False,True,16.449031934802996
2025-08-07 17:00:00+00:00,39.84,39.93,39.74,39.93,8.0,33.246751028164795,37.308674264281585,33.243758550626474,35.14020913053876,"rgba(38, 166, 154, 1.0)",1.4401652432717584,35.962931828355735,2.7545923567992125,2,0.40838697972573856,0.8167739594514771,0.0,0.0,0.0,0.0,58.95620150432171,1.5192366284033483,False,True,True,False,True,17.657601493277028
2025-08-08 17:00:00+00:00,40.055,40.125,40.005,40.045,0.0,33.246751028164795,37.308674264281585,33.243758550626474,35.14020913053876,"rgba(38, 166, 154, 1.0)",1.422197189860438,35.962931828355735,2.8702547021941767,2,0.40598598558506266,0.8119719711701253,0.0,0.0,0.0,0.0,62.17909464604891,4.562106530861399,False,False,True,False,True,18.218968045491106
2025-08-11 17:00:00+00:00,39.85,39.88,39.81,39.81,31.0,33.25028735632185,37.31991430896644,33.2483670607168,35.152003547677516,"rgba(38, 166, 154, 1.0)",1.4004724685388208,35.97713772713682,2.736835145971979,2,0.4050146712606626,0.8100293425213252,0.0,0.0,0.0,0.0,61.853601455793154,4.562106530861399,False,False,True,False,True,16.354122890931183
2025-08-12 17:00:00+00:00,40.155,40.22,40.15,40.17,25.0,33.253286504858856,37.330146441518785,33.25227431925623,35.16317054206179,"rgba(38, 166, 154, 1.0)",1.3876229756394962,35.99087775030342,3.0117130683647004,2,0.4030363299932143,0.8060726599864286,0.0,0.0,0.0,0.0,63.668461070891595,6.425731050721211,False,False,True,False,True,18.132449672530797
2025-08-13 17:00:00+00:00,40.245,40.31,40.225,40.28,100.0,33.26541560094936,37.37164644469526,33.26806562282063,35.205586057483245,"rgba(38, 166, 154, 1.0)",1.375261459171009,36.04303635987823,3.080842273203644,2,0.40166602736340384,0.8033320547268077,0.0,0.0,0.0,0.0,65.43691636895296,8.446149387826438,True,False,True,False,True,18.665067829499726
2025-08-14 17:00:00+00:00,40.015,40.17,40.015,40.165,337.0,33.30508625281353,37.4962352413019,33.3195968042035,35.30992872470356,"rgba(38, 166, 154, 1.0)",1.3527718690636004,36.16729717207204,2.955193643031032,2,0.40070384324736624,0.8014076864947325,0.0,0.0,0.0,0.0,65.30906385382332,8.746398645416953,True,False,True,False,True,17.73847174404692
2025-08-15 17:00:00+00:00,40.295,40.35,40.225,40.32,200.0,33.329035319029934,37.56973289617486,33.350621684301,35.36722607895784,"rgba(38, 166, 154, 1.0)",1.3413953337631466,36.23493435569392,3.0453853099711075,2,0.40050253642429773,0.8010050728485955,0.0,0.0,0.0,0.0,66.14814323010975,10.038061826951903,True,False,True,False,True,18.50709670842771
2025-08-18 17:00:00+00:00,40.26,40.285,40.155,40.285,7.0,33.32986377436882,37.572183569182386,33.3516937437493,35.36907034487731,"rgba(38, 166, 154, 1.0)",1.332918798172878,36.2370801407422,3.036884065860991,2,0.4011920709190671,0.8023841418381342,0.0,0.0,0.0,0.0,66.26081061371696,10.673519363683745,True,False,True,False,True,18.218783027658553
2025-08-19 17:00:00+00:00,40.205,40.24,40.105,40.16,0.0,33.32986377436882,37.572183569182386,33.3516937437493,35.36907034487731,"rgba(38, 166, 154, 1.0)",1.3227308701905562,36.2370801407422,2.965773270788372,2,0.4025583160900904,0.8051166321801808,0.0,0.0,0.0,0.0,64.70593410075458,10.673519363683745,True,False,True,False,True,17.182956088950284
2025-08-20 17:00:00+00:00,40.125,40.2,40.11,40.12,32.0,33.33359462696784,37.58291905880306,33.35652045809551,35.376983839202026,"rgba(38, 166, 154, 1.0)",1.3023072041780963,36.24617662233688,2.974584925304116,2,0.40439601199787517,0.8087920239957503,0.0,0.0,0.0,0.0,63.13973493614696,10.673519363683745,False,False,True,False,False,16.8496944000577
2025-08-21 17:00:00+00:00,40.095,40.18,40.06,40.115,0.0,33.33359462696784,37.58291905880306,33.35652045809551,35.376983839202026,"rgba(38, 166, 154, 1.0)",1.2785911376579375,36.24617662233688,3.025848735937468,2,0.40814771892812435,0.8162954378562487,0.0,0.0,0.0,0.0,62.023308411742754,10.673519363683745,False,False,True,False,False,16.807359728459897
2025-08-22 17:00:00+00:00,40.805,40.97,40.8,40.8,100.0,33.34644579205103,37.625084793061994,33.37314054409407,35.783767426220884,"rgba(38, 166, 154, 1.0)",1.2709616916421003,36.754760742387305,3.182817613004674,1,0.12716137379111261,0.12716137379111261,0.0,0.0,0.0,0.0,66.07412007549117,11.437095132431338,True,False,True,False,True,20.0
2025-08-25 17:00:00+00:00,40.65,40.69,40.495,40.495,26.0,33.34964820316681,37.63488040222507,33.37727888143276,35.788001371604935,"rgba(38, 166, 154, 1.0)",1.2558869196528355,36.759490625385425,2.9743994591863245,1,0.13211358635556827,0.13211358635556827,0.0,0.0,0.0,0.0,65.0171318890389,11.437095132431338,True,False,True,False,True,17.778285948957276
2025-08-26 17:00:00+00:00,40.51,40.62,40.495,40.59,1070.0,33.47916716971852,37.989146162528215,33.543742076455445,36.03095547652975,"rgba(38, 166, 154, 1.0)",1.2437146554351939,37.03321041066255,2.8598115924692413,1,0.13752795131233178,0.13752795131233178,0.0,0.0,0.0,0.0,64.93767649275131,11.437095132431338,True,False,True,False,True,18.260982310256207
2025-08-27 17:00:00+00:00,40.47,40.53,40.44,40.505,74.0,33.487857924412445,38.00987444966793,33.55484747031845,36.045300702121324,"rgba(38, 166, 154, 1.0)",1.2205504296633942,37.048687265984,2.8317656116586605,1,0.1406967216712845,0.1406967216712845,0.0,0.0,0.0,0.0,63.839007468701425,11.437095132431338,True,False,True,False,False,17.548210634491685
2025-08-28 17:00:00+00:00,40.635,40.715,40.625,40.625,111.0,33.50115681226772,38.04233536023586,33.571829821007874,36.0687945551927,"rgba(38, 166, 154, 1.0)",1.2040759419048386,37.07450166002678,2.9487328966612827,1,0.14533761451252458,0.14533761451252458,0.0,0.0,0.0,0.0,64.0197639944635,11.437095132431338,True,False,True,False,False,18.17386547300511
2025-08-29 17:00:00+00:00,40.555,40.58,40.46,40.535,0.0,33.50115681226772,38.04233536023586,33.571829821007874,36.0687945551927,"rgba(38, 166, 154, 1.0)",1.187116906437485,37.07450166002678,2.9150442734053064,0,,,0.0,0.0,0.0,0.0,62.92052726147485,11.437095132431338,True,False,True,False,False,17.40374967836514
2025-09-01 17:00:00+00:00,40.535,40.535,40.535,40.535,0.0,33.50115681226772,38.04233536023586,33.571829821007874,36.0687945551927,"rgba(38, 166, 154, 1.0)",1.1726593055303856,37.07450166002678,2.9509835667129716,0,,,0.0,0.0,0.0,0.0,62.187702772815754,11.437095132431338,True,False,True,False,False,17.40374967836514
2025-09-02 17:00:00+00:00,39.935,40.235,39.935,40.16,7.0,33.50193006061823,38.04393430549418,33.57281586412439,36.394919787281076,"rgba(38, 166, 154, 1.0)",1.1525009116488867,37.48618354120784,2.3200124457747417,0,,,0.0,0.0,0.0,0.0,57.03151892371759,10.72973600770709,False,True,True,False,False,14.204946909191747
2025-09-03 17:00:00+00:00,40.15,40.15,40.11,40.11,0.0,33.50193006061823,38.04393430549418,33.57281586412439,36.394919787281076,"rgba(239, 83, 80, 1.0)",1.127466377517574,37.48618354120784,2.3271793386594877,0,,,0.0,0.0,0.0,0.0,53.073386646088935,7.172273877323526,False,True,False,False,False,13.786771209583403
2025-09-04 17:00:00+00:00,40.23,40.505,40.23,40.4,60.0,33.508819323848975,38.05930567749488,33.581601900663436,36.416951589961116,"rgba(239, 83, 80, 1.0)",1.0983481946800526,37.511510450957935,2.6298486791645126,0,,,0.0,0.0,0.0,0.0,53.70856206019714,7.172273877323526,False,True,True,False,False,15.439235319704856
2025-09-05 17:00:00+00:00,40.91,40.91,40.75,40.895,0.0,33.508819323848975,38.05930567749488,33.581601900663436,36.416951589961116,"rgba(38, 166, 154, 1.0)",1.0862899418838494,37.511510450957935,3.114720498262557,0,,,0.0,0.0,0.0,0.0,57.97225306686383,3.361366709974675,False,False,True,False,True,18.11392759379158
2025-09-08 17:00:00+00:00,41.2,41.325,41.055,41.24,8.0,33.50984748564179,38.06206652046784,33.58291421953545,36.42365604730967,"rgba(38, 166, 154, 1.0)",1.0796588425129496,37.519654100844434,3.4458532201675043,0,,,0.0,0.0,0.0,0.0,62.68085068055556,7.555694781848793,True,False,True,False,True,19.87450011648513
2025-09-09 17:00:00+00:00,41.03,41.045,41.025,41.025,0.0,33.50984748564179,38.06206652046784,33.58291421953545,36.42365604730967,"rgba(38, 166, 154, 1.0)",1.0777158319402225,37.519654100844434,3.252569736165846,0,,,0.0,0.0,0.0,0.0,63.299494326050805,7.988347791979507,True,False,True,False,True,18.043339047800128
2025-09-10 17:00:00+00:00,41.16,41.185,41.085,41.185,1.0,33.509975068311725,38.06240525527172,33.58307704443106,36.42438322126869,"rgba(38, 166, 154, 1.0)",1.0711515568106382,37.520532927118865,3.4210537711321782,0,,,0.0,0.0,0.0,0.0,64.66606311541766,9.311671557139228,True,False,True,False,True,18.866070196518052
2025-09-11 17:00:00+00:00,41.66,41.715,41.52,41.645,1.0,33.51011057686958,38.06279598772199,33.583250080671185,36.42546439064242,"rgba(38, 166, 154, 1.0)",1.0792744476422738,37.521858449027874,3.820290158800041,0,,,0.0,0.0,0.0,0.0,67.82676245715766,12.342799811543799,True,False,True,False,True,20.0
2025-09-12 17:00:00+00:00,41.585,41.63,41.485,41.515,25.0,33.51346205408053,38.072308771546226,33.587528775173794,36.4463163151373,"rgba(38, 166, 154, 1.0)",1.081853980921752,37.54725283923872,3.6675440777883086,0,,,0.0,0.0,0.0,0.0,68.40758575696258,13.001973791298113,True,False,True,False,True,20.0
2025-09-15 17:00:00+00:00,41.9,41.925,41.63,41.78,42.0,33.51925084076824,38.08924783255341,33.594918657272146,36.47547189449311,"rgba(38, 166, 154, 1.0)",1.1015794352893773,37.582640822627326,3.810310035671697,0,,,0.0,0.0,0.0,0.0,70.05311631473576,14.74932020708816,True,False,True,False,True,20.0
2025-09-16 17:00:00+00:00,41.85,41.99,41.715,41.725,20.0,33.52201511488984,38.09732851920223,33.59844656302785,36.89588666557013,"rgba(38, 166, 154, 1.0)",1.1120975312080927,38.109774262466146,3.2508171595404645,0,,,0.0,0.0,0.0,0.0,70.46194244573394,15.394577718423221,True,False,True,False,True,20.0
2025-09-17 17:00:00+00:00,41.61,41.685,41.395,41.685,0.0,33.52201511488984,38.09732851920223,33.59844656302785,36.89588666557013,"rgba(38, 166, 154, 1.0)",1.1254492116164765,38.109774262466146,3.1767099755650268,0,,,0.0,0.0,0.0,0.0,70.19959447692722,15.460005625243866,True,False,True,False,True,20.0
2025-09-18 17:00:00+00:00,41.71,41.735,41.54,41.57,73.0,33.53185207077603,38.1249938949939,33.61099256797798,36.917141499571464,"rgba(38, 166, 154, 1.0)",1.1330382021661018,38.13416845140931,3.0324057406203884,0,,,0.0,0.0,0.0,0.0,68.44836120813375,15.460005625243866,True,False,True,False,True,19.481915464655952
2025-09-19 17:00:00+00:00,41.42,41.42,41.42,41.42,0.0,33.53185207077603,38.1249938949939,33.61099256797798,36.917141499571464,"rgba(38, 166, 154, 1.0)",1.1358219232968125,38.13416845140931,2.8929108350482515,0,,,0.0,0.0,0.0,0.0,65.32005654489805,19.824113448694447,True,False,True,False,False,18.16211292226699
2025-09-22 17:00:00+00:00,41.285,41.505,41.17,41.37,33.0,33.53614462509639,38.13641313293971,33.61646264478626,36.92203846651796,"rgba(38, 166, 154, 1.0)",1.1353722372496826,38.139219981284256,2.8455689796871897,0,,,0.0,0.0,0.0,0.0,62.5877809979995,17.17767427774352,True,False,True,False,False,17.72156445801926
2025-09-23 17:00:00+00:00,41.375,41.46,41.185,41.35,122.0,33.55193944829191,38.17772085055279,33.63657492877493,36.94724735252248,"rgba(38, 166, 154, 1.0)",1.135388471837819,38.166690116261556,2.803718694259523,0,,,0.0,0.0,0.0,0.0,60.488891923467854,15.16001366008176,False,False,True,False,False,17.542943839870627
2025-09-24 17:00:00+00:00,41.035,41.11,40.835,40.965,9.0,33.55304805552789,38.180381290140446,33.63798493167268,36.94788108407027,"rgba(239, 83, 80, 1.0)",1.127421817668611,38.167155740779215,2.481630402546612,0,,,0.0,0.0,0.0,0.0,54.58983525773989,9.716004003858757,False,True,True,False,False,14.168763880701537
2025-09-25 17:00:00+00:00,40.62,40.68,40.415,40.665,201.0,33.57644572431029,38.23051743201686,33.667695313053954,37.29404363856314,"rgba(239, 83, 80, 1.0)",1.1213488780511394,38.59386206309712,1.8470058493324897,0,,,0.0,0.0,0.0,0.0,48.17937063934966,4.032769183545973,False,True,False,True,False,11.656526588711053
2025-09-26 17:00:00+00:00,40.67,40.86,40.67,40.86,36.0,33.580744967664046,38.24005800543908,33.673150462667735,37.30018200180646,"rgba(239, 83, 80, 1.0)",1.1093550719566398,38.60009224071655,2.037136545738695,0,,,0.0,0.0,0.0,0.0,46.33426019061404,2.6034609086856264,False,True,False,True,False,12.818500516408147
2025-09-29 17:00:00+00:00,41.025,41.135,40.895,41.03,303.0,33.617842072347855,38.32440833834034,33.720165086203856,37.36805099725997,"rgba(239, 83, 80, 1.0)",1.1047444244002738,38.67305584632942,2.133474586169632,0,,,0.0,0.0,0.0,0.0,47.007206039648096,2.6034609086856264,False,True,False,True,False,13.816922334963085
2025-09-30 17:00:00+00:00,41.095,41.14,41.0,41.105,26.0,33.6210344695225,38.33156861765881,33.724205171503954,37.373649241201,"rgba(239, 83, 80, 1.0)",1.0886401427288142,38.67903110297502,2.2284396852609,0,,,0.0,0.0,0.0,0.0,48.2662966999296,2.6034609086856264,False,True,False,True,False,14.256001184027465
2025-10-01 17:00:00+00:00,41.19,41.315,41.095,41.24,0.0,33.6210344695225,38.33156861765881,33.724205171503954,37.373649241201,"rgba(239, 83, 80, 1.0)",1.0757107309015899,38.67903110297502,2.3807226454630137,0,,,0.0,0.0,0.0,0.0,50.53349628699496,2.6034609086856264,False,True,False,False,True,15.046268186015958
2025-10-02 17:00:00+00:00,41.14,41.265,41.01,41.225,69.0,33.62958974864574,38.3509736137288,33.735029086923525,37.3897423693709,"rgba(239, 83, 80, 1.0)",1.0604850241690102,38.69645637795527,2.384327514691762,0,,,0.0,0.0,0.0,0.0,51.8474130270405,2.6034609086856264,False,True,True,False,True,14.913642550917626
2025-10-03 17:00:00+00:00,41.58,41.635,41.37,41.55,0.0,33.62958974864574,38.3509736137288,33.735029086923525,37.3897423693709,"rgba(38, 166, 154, 1.0)",1.0483049252085386,38.69645637795527,2.7220549607520654,0,,,0.0,0.0,0.0,0.0,55.87689504968941,-0.22084683674434302,False,True,True,False,True,16.808545604636194
2025-10-06 17:00:00+00:00,41.65,41.795,41.51,41.61,73.0,33.63918499370864,38.37460737968616,33.747170872179076,37.80811148815142,"rgba(38, 166, 154, 1.0)",1.0316307522603603,39.12238387271792,2.411343517854209,0,,,0.0,0.0,0.0,0.0,59.06060409478649,2.851999679408607,False,False,True,False,True,17.152214062246358
2025-10-07 17:00:00+00:00,41.22,41.34,41.08,41.18,156.0,33.65849362647198,38.417358228257356,33.77155870898272,37.82526932264259,"rgba(38, 166, 154, 1.0)",1.015547147605309,39.136679519845586,2.012039012637301,0,,,0.0,0.0,0.0,0.0,55.72761792384402,2.851999679408607,False,True,True,False,False,13.337039347519315
2025-10-08 17:00:00+00:00,41.065,41.215,41.025,41.215,53.0,33.664989286707346,38.43134243623146,33.77975436170361,37.833389994622216,"rgba(38, 166, 154, 1.0)",0.9961444909485372,39.14438253384127,2.0786316492972596,0,,,0.0,0.0,0.0,0.0,53.88584190778134,2.851999679408607,False,True,True,False,False,13.548347249423525
2025-10-09 17:00:00+00:00,41.13,41.13,41.13,41.13,0.0,33.664989286707346,38.43134243623146,33.77975436170361,37.833389994622216,"rgba(38, 166, 154, 1.0)",0.9840133257357351,39.14438253384127,2.0178766021020227,0,,,0.0,0.0,0.0,0.0,51.693225242501896,8.069421029064934,False,True,False,False,False,12.802715966280811
2025-10-10 17:00:00+00:00,40.145,40.17,39.96,40.08,861.0,33.75393629032259,38.55704487407935,33.8912224806361,38.10108122557618,"rgba(239, 83, 80, 1.0)",0.9661271855915331,39.32616908188223,0.7802605385296357,0,,,0.0,0.0,0.0,0.0,43.217037853253444,0.1744814188235111,False,True,False,True,False,4.377424000148409
2025-10-13 17:00:00+00:00,40.08,40.52,40.08,40.52,21.0,33.756177585011535,38.560436786720025,33.89402293175334,38.10306807523635,"rgba(239, 83, 80, 1.0)",0.9556158101333695,39.327580906594235,1.2478017638064705,0,,,0.0,0.0,0.0,0.0,41.82686833002104,-0.9829703161439554,False,True,False,True,False,7.160942530106283
2025-10-14 17:00:00+00:00,40.61,40.73,40.405,40.545,0.0,33.756177585011535,38.560436786720025,33.89402293175334,38.10306807523635,"rgba(239, 83, 80, 1.0)",0.942983453085511,39.327580906594235,1.2910291155399194,0,,,0.0,0.0,0.0,0.0,41.12275259997181,-1.7553415428521078,False,True,False,True,False,7.315610482023523
2025-10-15 17:00:00+00:00,40.75,40.95,40.62,40.915,100.0,33.76756206972415,38.58042706037902,33.908259423503324,38.12297284884871,"rgba(239, 83, 80, 1.0)",0.9362283784295687,39.34739290853775,1.6743853610715764,0,,,0.0,0.0,0.0,0.0,43.75425089170636,-1.7553415428521078,False,True,False,True,False,9.568515802584603
2025-10-16 17:00:00+00:00,40.995,41.08,40.82,40.915,96.0,33.77862647400765,38.600211956996766,33.922087943611174,38.14320554654046,"rgba(239, 83, 80, 1.0)",0.9297929150435328,39.367834573382765,1.663989262108752,0,,,0.0,0.0,0.0,0.0,45.50858308619607,-1.7553415428521078,False,True,False,True,True,9.568515802584614
2025-10-17 17:00:00+00:00,40.765,40.915,40.665,40.91,157.0,33.79637530595014,38.630396188998105,33.944239088253916,38.170371983816,"rgba(239, 83, 80, 1.0)",0.9226388320543969,39.393886161478854,1.6432365361701533,0,,,0.0,0.0,0.0,0.0,46.6351294272351,-1.7553415428521078,False,True,False,True,True,9.5289266771447
2025-10-20 17:00:00+00:00,40.91,41.13,40.91,41.13,0.0,33.79637530595014,38.630396188998105,33.944239088253916,38.170371983816,"rgba(239, 83, 80, 1.0)",0.904526320714414,39.393886161478854,1.9193624317642075,0,,,0.0,0.0,0.0,0.0,49.35014857728905,-7.138738289569858,False,True,False,False,True,10.876678142053532
2025-10-21 17:00:00+00:00,40.885,41.025,40.79,40.855,55.0,33.802624795100584,38.64106110014589,33.95203280561449,38.18007972879707,"rgba(239, 83, 80, 1.0)",0.8906712824233335,39.40326062271765,1.6299384587010142,0,,,0.0,0.0,0.0,0.0,48.61299189254235,-7.138738289569858,False,True,False,False,True,8.679509387493937
2025-10-22 17:00:00+00:00,40.995,41.04,40.775,40.945,700.0,33.88154514301406,38.77020035618878,34.05014160431249,38.29104727712429,"rgba(239, 83, 80, 1.0)",0.8825913014559454,39.50725887754365,1.6289998780688375,0,,,0.0,0.0,0.0,0.0,48.982317079199994,-6.822659191107533,False,True,False,False,True,9.241364979019377
2025-10-23 17:00:00+00:00,41.34,41.555,41.3,41.46,0.0,33.88154514301406,38.77020035618878,34.05014160431249,38.29104727712429,"rgba(38, 166, 154, 1.0)",0.8822168177459608,39.50725887754365,2.213448081216079,0,,,0.0,0.0,0.0,0.0,53.23810461971012,-2.5070636282603544,False,True,True,False,True,12.340921937297523
2025-10-24 17:00:00+00:00,41.55,41.57,41.415,41.56,100.0,33.89361785467641,38.79224162852325,34.065126465392645,38.314174705785156,"rgba(38, 166, 154, 1.0)",0.8763045616022912,39.531232400740464,2.3151398362573965,0,,,0.0,0.0,0.0,0.0,56.708535632962985,0.8844081478817571,False,False,True,False,True,12.920698094619109
2025-10-27 17:00:00+00:00,41.745,41.87,41.6,41.7,1.0,33.893741683799895,38.792476981960284,34.06528019217001,38.69603203115269,"rgba(38, 166, 154, 1.0)",0.8731684821376113,39.84405541010575,2.1255286097256922,0,,,0.0,0.0,0.0,0.0,59.9012119493541,3.940248020286127,True,False,True,False,True,13.730580706942877
2025-10-28 17:00:00+00:00,41.66,41.675,41.505,41.6,5.0,33.89435049155269,38.79360101131712,34.06603568704588,38.691766807831065,"rgba(38, 166, 154, 1.0)",0.858654011643815,39.83845151633476,2.0515230346305837,0,,,0.0,0.0,0.0,0.0,60.81250484765966,4.911274861772334,True,False,True,False,True,12.894815289278334
2025-10-29 17:00:00+00:00,41.58,41.62,41.175,41.345,24.0,33.89719049199852,38.798573660177844,34.069557236287764,38.68709296560873,"rgba(38, 166, 154, 1.0)",0.8423017423854311,39.83131573971066,1.7970807658577623,0,,,0.0,0.0,0.0,0.0,58.570901206044724,4.911274861772334,True,False,True,False,True,10.792137788482155
2025-10-30 17:00:00+00:00,41.165,41.29,41.125,41.195,6.0,33.8978834005111,38.79972896148611,34.07041583085934,38.6862452035121,"rgba(38, 166, 154, 1.0)",0.8268506406735694,39.829935606883,1.650920161354647,0,,,0.0,0.0,0.0,0.0,55.583194529944706,4.911274861772334,False,False,True,False,False,9.577658616716441
2025-10-31 17:00:00+00:00,40.935,41.145,40.835,41.075,288.0,33.93015079277665,38.84973741879941,34.110324092540885,38.70900139287881,"rgba(38, 166, 154, 1.0)",0.8061979056431339,39.843250883934985,1.527849560812746,0,,,0.0,0.0,0.0,0.0,52.44424622950439,8.427448561973009,False,True,False,False,False,8.611447049724166
2025-11-03 17:00:00+00:00,41.04,41.23,40.925,41.05,473.0,33.98288499984383,38.92893710691824,34.17534964666522,38.771393439847216,"rgba(38, 166, 154, 1.0)",0.7912306357309687,39.896804231115794,1.457471079616169,0,,,0.0,0.0,0.0,0.0,50.1054070348547,6.14680715999333,False,True,False,False,False,8.40888337445994
2025-11-04 17:00:00+00:00,40.79,40.795,40.475,40.535,10.0,33.983918603077456,38.93019859225742,34.17661909277074,38.771770090987275,"rgba(239, 83, 80, 1.0)",0.7793158353142107,39.89677916487692,0.818950169113086,0,,,0.0,0.0,0.0,0.0,44.450293788222396,0.8527958203275219,False,True,False,True,False,4.367060576521748
2025-11-05 17:00:00+00:00,40.74,40.855,40.74,40.785,260.0,34.01145449691014,38.96602810650888,34.2104289251813,38.79166327214019,"rgba(239, 83, 80, 1.0)",0.776508772567438,39.90870344778885,1.1285082450694914,0,,,0.0,0.0,0.0,0.0,43.54863991731834,0.016312475688224026,False,True,False,True,False,6.022745038275197
2025-11-06 17:00:00+00:00,40.48,40.7,40.38,40.6,451.0,34.057068873203924,39.017483358385235,34.26621371800366,38.81226129202377,"rgba(239, 83, 80, 1.0)",0.7693227863191532,39.91282739171276,0.8932175421126395,0,,,0.0,0.0,0.0,0.0,41.60085959007641,-1.9536875843548671,False,True,False,True,False,4.613576075987616
2025-11-07 17:00:00+00:00,40.295,40.68,40.195,40.665,0.0,34.057068873203924,39.017483358385235,34.26621371800366,38.81226129202377,"rgba(239, 83, 80, 1.0)",0.760380523514942,39.91282739171276,0.9892055162200093,0,,,0.0,0.0,0.0,0.0,41.06740310592744,-2.70583716210443,False,True,False,True,False,5.049751238905046
