date,Open,High,Low,Close,Volume,aVWAP_BoS_CHoCH_bull_325,aVWAP_BoS_CHoCH_bear_165,aVWAP_BoS_CHoCH_bear_294,Peaks_Valleys_avg,color,StDev,StDev_Mean,StdDev_ZScore,MA_Cross_Count,MA_Avg_Deviation_Z,MA_Oscillation_Score,BoS,CHoCH,BoS_CHoCH_Price,BoS_CHoCH_Break_Index,QQEMOD,QQE1_Value,QQE1_Above_Upper,QQE1_Below_Lower,QQE2_Above_Threshold,QQE2_Below_Threshold,QQE2_Above_TL,banker_RSI
2023-12-19 17:00:00+00:00,16.475,16.475,16.475,16.475,0.0,,,,,"rgba(38, 166, 154, 1.0)",,,,0,,,0.0,0.0,0.0,0.0,,,False,False,False,False,False,
2023-12-20 17:00:00+00:00,16.475,16.5,16.34,16.34,494.0,,,,,"rgba(239, 83, 80, 1.0)",,,,0,,,0.0,0.0,0.0,0.0,0.0,,False,False,False,True,False,
2023-12-21 17:00:00+00:00,16.34,16.71,16.34,16.71,100.0,,,,,"rgba(38, 166, 154, 1.0)",,,,0,,,0.0,0.0,0.0,0.0,25.170068027210824,-87.75510204081624,False,False,False,True,True,
2023-12-22 17:00:00+00:00,15.49,15.49,15.49,15.49,0.0,,,,,"rgba(239, 83, 80, 1.0)",,,,0,,,0.0,0.0,0.0,0.0,23.401969288834067,-87.1830038503096,False,False,False,True,True,
2023-12-25 17:00:00+00:00,15.49,15.49,15.49,15.49,0.0,,,,,"rgba(239, 83, 80, 1.0)",,,,0,,,0.0,0.0,0.0,0.0,22.223236796582896,-84.55848463173476,False,False,False,True,True,
2023-12-26 17:00:00+00:00,15.14,15.18,15.13,15.18,919.0,,,,,"rgba(38, 166, 154, 1.0)",,,,0,,,0.0,0.0,0.0,0.0,20.168763662448384,-82.11305512722139,False,False,False,True,True,
2023-12-27 17:00:00+00:00,15.21,15.23,15.2,15.23,290.0,,,,,"rgba(239, 83, 80, 1.0)",,,,0,,,0.0,0.0,0.0,0.0,19.73911236333379,-77.61446111592599,False,False,False,True,True,
2023-12-28 17:00:00+00:00,15.23,15.23,15.23,15.23,0.0,,,,,"rgba(239, 83, 80, 1.0)",,,,0,,,0.0,0.0,0.0,0.0,19.45267816392406,-72.88131879744391,False,False,False,True,True,
2023-12-29 17:00:00+00:00,15.01,15.01,15.01,15.01,0.0,,,,,"rgba(239, 83, 80, 1.0)",,,,0,,,0.0,0.0,0.0,0.0,18.269906750303477,-69.27647850252107,False,False,False,True,True,
2024-01-01 17:00:00+00:00,15.01,15.01,15.01,15.01,0.0,,,,,"rgba(239, 83, 80, 1.0)",,,,0,,,0.0,0.0,0.0,0.0,17.481392474556422,-65.57791730226205,False,False,False,True,True,
2024-01-02 17:00:00+00:00,15.19,15.19,15.19,15.19,0.0,,,,,"rgba(38, 166, 154, 1.0)",,,,0,,,0.0,0.0,0.0,0.0,20.888577665989033,-58.31734993425609,False,False,False,True,True,
2024-01-03 17:00:00+00:00,15.28,15.32,15.28,15.32,130.0,,,,,"rgba(38, 166, 154, 1.0)",,15.306666666666668,,0,,,0.0,0.0,0.0,0.0,25.626053977221527,-50.41921955713009,False,False,False,True,True,
2024-01-04 17:00:00+00:00,15.715,15.715,15.68,15.68,1.0,,,,,"rgba(239, 83, 80, 1.0)",,15.309605597964378,,0,,,0.0,0.0,0.0,0.0,34.013735875853854,-39.805676304815094,False,False,False,True,True,
2024-01-05 17:00:00+00:00,15.77,15.77,15.745,15.745,1.0,,,,15.753333333333332,"rgba(38, 166, 154, 1.0)",,15.459755892255894,,0,,,0.0,0.0,0.0,0.0,40.37327073121003,-31.704767181410865,False,False,False,True,True,
2024-01-08 17:00:00+00:00,15.545,15.545,15.545,15.545,0.0,,,,15.753333333333332,"rgba(239, 83, 80, 1.0)",,15.459755892255894,,0,,,0.0,0.0,0.0,0.0,42.14551727663134,-28.1121442424761,False,False,False,True,True,
2024-01-09 17:00:00+00:00,15.26,15.26,15.26,15.26,100.0,,,,15.264884488448844,"rgba(239, 83, 80, 1.0)",,15.281719158984865,,0,,,0.0,0.0,0.0,0.0,40.5447713103745,-27.89761745274571,False,False,False,True,True,
2024-01-10 17:00:00+00:00,15.26,15.26,15.11,15.16,455.0,,,,15.192691846522782,"rgba(239, 83, 80, 1.0)",,15.207554244813757,,0,,,0.0,0.0,0.0,0.0,38.64035921126104,-27.89761745274571,False,False,False,True,True,
2024-01-11 17:00:00+00:00,15.16,15.16,15.16,15.16,0.0,,,,15.192691846522782,"rgba(239, 83, 80, 1.0)",,15.207554244813757,,0,,,0.0,0.0,0.0,0.0,37.37075114518541,-27.726456626905097,False,False,False,True,True,
2024-01-12 17:00:00+00:00,15.71,15.71,15.71,15.71,0.0,,,,15.192691846522782,"rgba(38, 166, 154, 1.0)",,15.207554244813757,,0,,,0.0,0.0,0.0,0.0,43.45161321229543,-20.602655120208432,False,False,False,True,True,
2024-01-15 17:00:00+00:00,15.71,15.71,15.71,15.71,0.0,,,,15.192691846522782,"rgba(38, 166, 154, 1.0)",,15.207554244813757,,0,,,0.0,0.0,0.0,0.0,47.50552125703544,-15.724485905306814,False,False,False,False,True,
2024-01-16 17:00:00+00:00,15.71,15.71,15.71,15.71,0.0,,,,15.192691846522782,"rgba(38, 166, 154, 1.0)",,15.207554244813757,,0,,,0.0,0.0,0.0,0.0,50.20812662019546,-12.235413643065684,False,False,False,False,True,
2024-01-17 17:00:00+00:00,15.71,15.71,15.42,15.42,184.0,,,,15.27324774774775,"rgba(38, 166, 154, 1.0)",,15.276893272721631,,0,,,0.0,0.0,0.0,0.0,48.42904745433483,-12.235413643065684,False,False,False,False,True,
2024-01-18 17:00:00+00:00,15.42,15.42,15.42,15.42,0.0,,,,15.27324774774775,"rgba(38, 166, 154, 1.0)",,15.276893272721631,,0,,,0.0,0.0,0.0,0.0,47.24299467709441,-12.235413643065684,False,False,False,True,True,
2024-01-19 17:00:00+00:00,15.43,15.51,15.43,15.51,100.0,,,,15.29825793650794,"rgba(38, 166, 154, 1.0)",,15.299278563799936,,0,,,0.0,0.0,0.0,0.0,47.74819893365357,-12.061010794278701,False,False,False,True,True,
2024-01-22 17:00:00+00:00,15.66,15.66,15.65,15.65,4.0,,,,15.299940758293841,"rgba(38, 166, 154, 1.0)",,15.300806463590824,,0,,,0.0,0.0,0.0,0.0,49.961348398509095,-9.076412246757911,False,False,False,False,True,
2024-01-23 17:00:00+00:00,15.65,15.69,15.65,15.69,100.0,,,,15.33984816384181,"rgba(38, 166, 154, 1.0)",,15.337391248412388,,0,,,0.0,0.0,0.0,0.0,51.9553290418115,-6.426591829069295,False,False,True,False,True,
2024-01-24 17:00:00+00:00,15.69,15.69,15.69,15.69,0.0,,,,15.33984816384181,"rgba(38, 166, 154, 1.0)",,15.337391248412388,,0,,,0.0,0.0,0.0,0.0,53.284649470679774,-4.475189152645449,False,False,True,False,True,
2024-01-25 17:00:00+00:00,15.79,15.805,15.79,15.805,0.0,,,,15.33984816384181,"rgba(38, 166, 154, 1.0)",,15.337391248412388,,0,,,0.0,0.0,0.0,0.0,55.79213692218459,-1.5099242629225316,False,False,True,False,True,
2024-01-26 17:00:00+00:00,15.805,15.82,15.805,15.82,100.0,,,,15.600180395913155,"rgba(38, 166, 154, 1.0)",,15.488547644765088,,0,,,0.0,0.0,0.0,0.0,57.67206122932879,0.7670676213711118,False,False,True,False,True,
2024-01-29 17:00:00+00:00,15.8,15.8,15.77,15.77,0.0,,,,15.600180395913155,"rgba(38, 166, 154, 1.0)",,15.488547644765088,,0,,,0.0,0.0,0.0,0.0,57.77024232938571,1.3857536051162924,False,False,True,False,True,
2024-01-30 17:00:00+00:00,15.77,15.775,15.77,15.775,2.0,,,,15.600142809832665,"rgba(38, 166, 154, 1.0)",,15.48886565583675,,0,,,0.0,0.0,0.0,0.0,57.9240503327683,2.1126834826918923,False,False,True,False,True,
2024-01-31 17:00:00+00:00,15.775,15.775,15.775,15.775,0.0,,,,15.600142809832665,"rgba(38, 166, 154, 1.0)",,15.48886565583675,,0,,,0.0,0.0,0.0,0.0,58.026589001690034,2.8042209582080275,False,False,True,False,True,
2024-02-01 17:00:00+00:00,15.775,15.775,15.55,15.555,482.0,,,,15.56070257775706,"rgba(38, 166, 154, 1.0)",,15.50532868490023,,0,,,0.0,0.0,0.0,0.0,53.05019176628065,2.8042209582080275,False,False,True,False,False,
2024-02-02 17:00:00+00:00,15.555,15.555,15.32,15.32,100.0,,,,15.539662479465111,"rgba(239, 83, 80, 1.0)",,15.493341283317926,,0,,,0.0,0.0,0.0,0.0,46.31366569681822,1.8596488504371678,False,False,False,True,False,
2024-02-05 17:00:00+00:00,15.14,15.19,15.14,15.19,195.0,,,,15.474750117062746,"rgba(239, 83, 80, 1.0)",,15.447228777398653,,0,,,0.0,0.0,0.0,0.0,40.410454884987075,-3.4115094258399665,False,False,False,True,False,
2024-02-06 17:00:00+00:00,15.19,15.385,15.19,15.385,2.0,,,,15.474461997833512,"rgba(239, 83, 80, 1.0)",,15.447033742611369,,0,,,0.0,0.0,0.0,0.0,40.729612502894135,-3.4115094258399665,False,False,False,True,False,
2024-02-07 17:00:00+00:00,15.385,15.385,15.385,15.385,0.0,,,,15.474461997833512,"rgba(239, 83, 80, 1.0)",,15.447033742611369,,0,,,0.0,0.0,0.0,0.0,40.94238424816551,-3.4115094258399665,False,False,False,True,False,
2024-02-08 17:00:00+00:00,15.06,15.06,15.06,15.06,0.0,,,,15.474461997833512,"rgba(239, 83, 80, 1.0)",,15.447033742611369,,0,,,0.0,0.0,0.0,0.0,37.3081754799632,-6.395368909075742,False,False,False,True,False,
2024-02-09 17:00:00+00:00,15.06,15.06,15.06,15.06,0.0,,,,15.474461997833512,"rgba(239, 83, 80, 1.0)",,15.447033742611369,,0,,,0.0,0.0,0.0,0.0,34.88536963449499,-8.801274670491559,False,False,False,True,False,
2024-02-12 17:00:00+00:00,15.06,15.06,15.06,15.06,0.0,,,,15.474461997833512,"rgba(239, 83, 80, 1.0)",,15.447033742611369,,0,,,0.0,0.0,0.0,0.0,33.27016573751619,-10.496676351779492,False,False,False,True,False,
2024-02-13 17:00:00+00:00,15.06,15.06,15.06,15.06,0.0,,,,15.474461997833512,"rgba(239, 83, 80, 1.0)",,15.447033742611369,,0,,,0.0,0.0,0.0,0.0,32.19336313953032,-11.766451588352787,False,False,False,True,False,
2024-02-14 17:00:00+00:00,15.06,15.06,15.06,15.06,0.0,,,,15.474461997833512,"rgba(239, 83, 80, 1.0)",,15.447033742611369,,0,,,0.0,0.0,0.0,0.0,31.47549474087307,-12.77764304672494,False,False,False,True,False,
2024-02-15 17:00:00+00:00,15.06,15.2,15.06,15.2,7.0,,,,15.233121850698952,"rgba(239, 83, 80, 1.0)",,15.270228674310223,,0,,,0.0,0.0,0.0,0.0,35.08506063428251,-12.77764304672494,True,False,False,True,True,
2024-02-16 17:00:00+00:00,15.2,15.2,15.2,15.2,0.0,,,,15.233121850698952,"rgba(239, 83, 80, 1.0)",,15.270228674310223,,0,,,0.0,0.0,0.0,0.0,37.49143789655547,-18.17555610178146,True,False,False,True,True,
2024-02-19 17:00:00+00:00,15.2,15.2,15.2,15.2,0.0,,,,15.233121850698952,"rgba(239, 83, 80, 1.0)",,15.270228674310223,,0,,,0.0,0.0,0.0,0.0,39.095689404737435,-16.490186908201082,True,False,False,True,True,
2024-02-20 17:00:00+00:00,15.2,15.2,15.2,15.2,0.0,,,,15.233121850698952,"rgba(239, 83, 80, 1.0)",,15.270228674310223,,0,,,0.0,0.0,0.0,0.0,40.16519041019208,-15.252285632119374,True,False,False,True,True,
2024-02-21 17:00:00+00:00,15.2,15.2,15.2,15.2,0.0,,,,15.233121850698952,"rgba(239, 83, 80, 1.0)",,15.270228674310223,,0,,,0.0,0.0,0.0,0.0,40.878191080495185,-14.286109813952805,True,False,False,True,True,
2024-02-22 17:00:00+00:00,15.2,15.2,15.2,15.2,0.0,,,,15.233121850698952,"rgba(239, 83, 80, 1.0)",,15.270228674310223,,0,,,0.0,0.0,0.0,0.0,41.35352486069725,-13.489705281360415,True,False,False,True,True,
2024-02-23 17:00:00+00:00,15.2,15.41,15.2,15.41,100.0,,,,15.358795557192353,"rgba(38, 166, 154, 1.0)",,15.36898605048798,,0,,,0.0,0.0,0.0,0.0,48.35781318487372,-6.786631302389473,True,False,False,False,True,
2024-02-26 17:00:00+00:00,15.41,15.41,15.41,15.41,0.0,,,,15.358795557192353,"rgba(38, 166, 154, 1.0)",,15.36898605048798,,0,,,0.0,0.0,0.0,0.0,53.0273387343247,-2.571057709324606,True,False,True,False,True,0.0
2024-02-27 17:00:00+00:00,15.215,15.215,15.215,15.215,0.0,,,,15.358795557192353,"rgba(239, 83, 80, 1.0)",,15.36898605048798,,0,,,0.0,0.0,0.0,0.0,50.109485927387496,-2.571057709324606,True,False,False,False,False,0.0
2024-02-28 17:00:00+00:00,15.215,15.215,15.215,15.215,0.0,,,,15.358795557192353,"rgba(239, 83, 80, 1.0)",,15.36898605048798,,0,,,0.0,0.0,0.0,0.0,48.16425072276268,-2.571057709324606,True,False,False,False,False,0.0
2024-02-29 17:00:00+00:00,15.215,15.215,15.215,15.215,0.0,,,,15.358795557192353,"rgba(239, 83, 80, 1.0)",,15.36898605048798,,0,,,0.0,0.0,0.0,0.0,46.867427253012806,3.012597502304466,True,False,False,True,False,0.0
2024-03-01 17:00:00+00:00,15.215,15.215,15.215,15.215,0.0,,,,15.358795557192353,"rgba(239, 83, 80, 1.0)",,15.36898605048798,,0,,,0.0,0.0,0.0,0.0,46.00287827317956,1.9904759787197293,True,False,False,True,False,0.0
2024-03-04 17:00:00+00:00,15.11,15.11,15.045,15.045,18.0,,,,15.280377098809431,"rgba(239, 83, 80, 1.0)",,15.300600876138693,,0,,,0.0,0.0,0.0,0.0,41.17161145105419,-2.69801449741567,False,False,False,True,False,0.0
2024-03-05 17:00:00+00:00,15.045,15.045,15.045,15.045,0.0,,,,15.280377098809431,"rgba(239, 83, 80, 1.0)",,15.300600876138693,,0,,,0.0,0.0,0.0,0.0,37.95076690297061,-5.750612691318516,False,True,False,True,False,0.0
2024-03-06 17:00:00+00:00,15.05,15.05,15.05,15.05,0.0,,,,15.280377098809431,"rgba(239, 83, 80, 1.0)",,15.300600876138693,,0,,,0.0,0.0,0.0,0.0,36.045955761124276,-7.609209868532972,False,True,False,True,False,0.0
2024-03-07 17:00:00+00:00,15.05,15.05,15.05,15.05,0.0,,,,15.280377098809431,"rgba(239, 83, 80, 1.0)",,15.300600876138693,,0,,,0.0,0.0,0.0,0.0,34.77608166656006,-8.976312991090083,False,True,False,True,False,0.0
2024-03-08 17:00:00+00:00,15.05,15.18,15.05,15.18,1.0,,,,15.268251357123036,"rgba(38, 166, 154, 1.0)",,15.288743947201477,,0,,,0.0,0.0,0.0,0.0,39.77827437340832,-8.976312991090083,False,True,False,True,True,0.0
2024-03-11 17:00:00+00:00,15.18,15.18,15.18,15.18,0.0,,,,15.268251357123036,"rgba(38, 166, 154, 1.0)",,15.288743947201477,,0,,,0.0,0.0,0.0,0.0,43.11306951130716,-13.519052697659198,False,False,False,True,True,0.0
2024-03-12 17:00:00+00:00,15.25,15.25,15.25,15.25,50.0,,,,15.288038500970215,"rgba(38, 166, 154, 1.0)",,15.304021005614668,,0,,,0.0,0.0,0.0,0.0,47.847018802022944,-9.11892761568265,True,False,False,False,True,0.0
2024-03-13 17:00:00+00:00,15.25,15.25,15.23,15.24,400.0,,,,15.26804911879128,"rgba(38, 166, 154, 1.0)",,15.28221568497186,,0,,,0.0,0.0,0.0,0.0,50.5532802953128,-6.618301908606668,True,False,False,False,True,0.0
2024-03-14 17:00:00+00:00,15.24,15.24,15.24,15.24,0.0,,,,15.26804911879128,"rgba(38, 166, 154, 1.0)",,15.28221568497186,,0,,,0.0,0.0,0.0,0.0,52.35745462417272,-4.839288627652849,True,False,True,False,True,0.0
2024-03-15 17:00:00+00:00,15.24,15.24,15.24,15.24,0.0,,,,15.26804911879128,"rgba(38, 166, 154, 1.0)",,15.28221568497186,,0,,,0.0,0.0,0.0,0.0,53.56023751007932,-3.485017370923785,True,False,True,False,True,0.0
2024-03-18 17:00:00+00:00,15.24,15.24,15.055,15.075,184.0,,,,15.236854449405053,"rgba(239, 83, 80, 1.0)",,15.252735109478804,,0,,,0.0,0.0,0.0,0.0,47.719257500582614,-3.485017370923785,True,False,False,True,False,0.0
2024-03-19 17:00:00+00:00,15.02,15.055,15.02,15.055,18.0,,,,15.232780961741687,"rgba(239, 83, 80, 1.0)",,15.248906991243555,,0,,,0.0,0.0,0.0,0.0,43.26899582422089,0.8060030750331109,False,False,False,True,False,0.0
2024-03-20 17:00:00+00:00,15.055,15.055,15.035,15.035,1.0,,,,15.23255816982385,"rgba(239, 83, 80, 1.0)",,15.248697417486792,,0,,,0.0,0.0,0.0,0.0,39.73487874574697,-2.4928756279132926,False,True,False,True,False,0.0
2024-03-21 17:00:00+00:00,15.035,15.035,15.035,15.035,0.0,,,,15.23255816982385,"rgba(239, 83, 80, 1.0)",,15.248697417486792,,0,,,0.0,0.0,0.0,0.0,37.37880069343102,-4.773683139713633,False,True,False,True,False,0.0
2024-03-22 17:00:00+00:00,15.035,15.035,15.035,15.035,0.0,,,,15.23255816982385,"rgba(239, 83, 80, 1.0)",,15.248697417486792,,0,,,0.0,0.0,0.0,0.0,35.80808199188705,-6.453057471847423,False,True,False,True,False,0.0
2024-03-25 17:00:00+00:00,14.915,14.915,14.915,14.915,296.0,,,,15.135199948060404,"rgba(239, 83, 80, 1.0)",,15.14662815431994,,0,,,0.0,0.0,0.0,0.0,31.52398982220035,-10.687834449593566,False,True,False,True,False,0.0
2024-03-26 17:00:00+00:00,14.915,14.915,14.915,14.915,0.0,,,,15.135199948060404,"rgba(239, 83, 80, 1.0)",,15.14662815431994,,0,,,0.0,0.0,0.0,0.0,28.667928375742548,-13.53825505769187,False,True,False,True,False,0.0
2024-03-27 17:00:00+00:00,14.915,14.915,14.915,14.915,0.0,,,,15.135199948060404,"rgba(239, 83, 80, 1.0)",,15.14662815431994,,0,,,0.0,0.0,0.0,0.0,26.763887411437345,-15.560034451679094,False,True,False,True,False,0.0
2024-03-28 17:00:00+00:00,14.915,14.915,14.915,14.915,0.0,,,,15.135199948060404,"rgba(239, 83, 80, 1.0)",,15.14662815431994,,0,,,0.0,0.0,0.0,0.0,25.494526768567212,-17.084854750734053,False,True,False,True,False,0.0
2024-03-29 17:00:00+00:00,14.915,14.915,14.915,14.915,0.0,,,,15.135199948060404,"rgba(239, 83, 80, 1.0)",,15.14662815431994,,0,,,0.0,0.0,0.0,0.0,24.648286339987123,-18.306790055642374,False,True,False,True,False,0.0
2024-04-01 17:00:00+00:00,15.1,15.1,15.1,15.1,0.0,,,,15.135199948060404,"rgba(38, 166, 154, 1.0)",0.35207780927486015,15.14662815431994,-0.13243707240730523,0,,,0.0,0.0,0.0,0.0,35.7001370896138,-21.92772992469449,False,True,False,True,True,0.0
2024-04-02 17:00:00+00:00,15.1,15.1,15.1,15.1,0.0,,,,15.135199948060404,"rgba(38, 166, 154, 1.0)",0.3268061386391835,15.14662815431994,-0.14267833068894936,0,,,0.0,0.0,0.0,0.0,43.06803758936491,-15.364588576706332,True,False,False,True,True,0.0
2024-04-03 17:00:00+00:00,15.26,15.26,15.26,15.26,0.0,,,,15.135199948060404,"rgba(38, 166, 154, 1.0)",0.30411179191537935,15.14662815431994,0.37279661194987923,0,,,0.0,0.0,0.0,0.0,52.637692807072334,-6.929639691255105,True,False,True,False,True,0.0
2024-04-04 17:00:00+00:00,15.47,15.47,15.47,15.47,0.0,,,,15.135199948060404,"rgba(38, 166, 154, 1.0)",0.2565291898112693,15.14662815431994,1.2605654971193272,0,,,0.0,0.0,0.0,0.0,62.10685053697131,1.2490835129431161,True,False,True,False,True,0.0
2024-04-05 17:00:00+00:00,15.47,15.47,15.47,15.47,0.0,,,,15.135199948060404,"rgba(38, 166, 154, 1.0)",0.2563242948769101,15.14662815431994,1.2615731405224302,0,,,0.0,0.0,0.0,0.0,68.41962235690396,6.539010735395138,True,False,True,False,True,0.0
2024-04-08 17:00:00+00:00,15.47,15.47,15.47,15.47,0.0,,,,15.135199948060404,"rgba(38, 166, 154, 1.0)",0.2561189546264,15.14662815431994,1.2625845914128555,0,,,0.0,0.0,0.0,0.0,72.62813690352573,10.147277749827488,True,False,True,False,True,0.0
2024-04-09 17:00:00+00:00,15.47,15.47,15.47,15.47,0.0,,,,15.135199948060404,"rgba(38, 166, 154, 1.0)",0.2566977049210077,15.14662815431994,1.2597379699190165,0,,,0.0,0.0,0.0,0.0,75.43381326794024,12.787462423347243,True,False,True,False,True,0.0
2024-04-10 17:00:00+00:00,15.01,15.01,15.01,15.01,0.0,,,,15.135199948060404,"rgba(239, 83, 80, 1.0)",0.25863149895605,15.14662815431994,-0.528273450339309,0,,,0.0,0.0,0.0,0.0,62.84133208425954,12.787462423347243,True,False,True,False,False,0.0
2024-04-11 17:00:00+00:00,15.01,15.01,15.01,15.01,0.0,,,,15.135199948060404,"rgba(239, 83, 80, 1.0)",0.2605174684188229,15.14662815431994,-0.5244491094942187,0,,,0.0,0.0,0.0,0.0,54.44634462847241,18.801234211671584,True,False,True,False,False,0.0
2024-04-12 17:00:00+00:00,15.01,15.01,15.01,15.01,0.0,,,,15.135199948060404,"rgba(239, 83, 80, 1.0)",0.2605174684188229,15.14662815431994,-0.5244491094942187,0,,,0.0,0.0,0.0,0.0,48.849686324614325,13.733553336854825,True,False,False,True,False,0.0
2024-04-15 17:00:00+00:00,15.01,15.13,15.01,15.125,710.0,,,,15.097099896324746,"rgba(239, 83, 80, 1.0)",0.2592229726500924,15.092525897483432,0.12527478635314793,0,,,0.0,0.0,0.0,0.0,48.44490820775317,13.112443905776615,False,False,False,True,False,0.0
2024-04-16 17:00:00+00:00,14.96,14.97,14.96,14.97,100.0,,,,15.079448245329612,"rgba(239, 83, 80, 1.0)",0.2615438054364186,15.07243386988041,-0.391650911821388,0,,,0.0,0.0,0.0,0.0,45.073924035057814,9.353404681330936,False,False,False,True,False,0.0
2024-04-17 17:00:00+00:00,14.97,14.97,14.97,14.97,0.0,,,,15.079448245329612,"rgba(239, 83, 80, 1.0)",0.263964285736054,15.07243386988041,-0.38805958008590524,0,,,0.0,0.0,0.0,0.0,42.826601253260904,6.5112797187425855,False,True,False,True,False,0.0
2024-04-18 17:00:00+00:00,14.97,14.97,14.97,14.97,0.0,,,,15.079448245329612,"rgba(239, 83, 80, 1.0)",0.26204540215923233,15.07243386988041,-0.3909012294677276,0,,,0.0,0.0,0.0,0.0,41.3283860653963,4.234825515338656,False,True,False,True,False,0.0
2024-04-19 17:00:00+00:00,14.97,14.97,14.97,14.97,0.0,,,,15.079448245329612,"rgba(239, 83, 80, 1.0)",0.25822069616498394,15.07243386988041,-0.39669116922743236,0,,,0.0,0.0,0.0,0.0,40.329575940153234,2.321565854677033,False,True,False,True,False,0.0
2024-04-22 17:00:00+00:00,15.335,15.405,15.335,15.365,239.0,,,,15.139064501553303,"rgba(38, 166, 154, 1.0)",0.25634053223879655,15.139616879295678,0.8792332556068976,0,,,0.0,0.0,0.0,0.0,48.782154562406916,2.321565854677033,False,False,False,False,True,0.0
2024-04-23 17:00:00+00:00,15.365,15.365,15.365,15.365,0.0,,,,15.139064501553303,"rgba(38, 166, 154, 1.0)",0.2566551126450589,15.139616879295678,0.878155585452979,0,,,0.0,0.0,0.0,0.0,54.4172069772427,-7.307137482946189,True,False,True,False,True,0.0
2024-04-24 17:00:00+00:00,15.365,15.365,15.365,15.365,0.0,,,,15.139064501553303,"rgba(38, 166, 154, 1.0)",0.2567069174008415,15.139616879295678,0.8779783692092403,0,,,0.0,0.0,0.0,0.0,58.173908587133226,-3.42642760455783,True,False,True,False,True,0.0
2024-04-25 17:00:00+00:00,15.365,15.485,15.365,15.48,17.0,,,,15.142956102591588,"rgba(38, 166, 154, 1.0)",0.2576955218508521,15.143873004621245,1.3043571458463206,0,,,0.0,0.0,0.0,0.0,62.454877016052016,0.9698227209753298,True,False,True,False,True,1.2797572876466141
2024-04-26 17:00:00+00:00,15.73,15.73,15.73,15.73,0.0,,,,15.142956102591588,"rgba(38, 166, 154, 1.0)",0.25817388860370405,15.143873004621245,2.2702799208267663,0,,,0.0,0.0,0.0,0.0,67.96845151446128,6.465222355179932,True,False,True,False,True,6.425852271976584
2024-04-29 17:00:00+00:00,15.89,15.89,15.89,15.89,0.0,,,,15.142956102591588,"rgba(38, 166, 154, 1.0)",0.2631680687933729,15.143873004621245,2.8351729706409756,0,,,0.0,0.0,0.0,0.0,72.80235750948032,11.26423500397734,True,False,True,False,True,9.415672063304534
2024-04-30 17:00:00+00:00,15.89,15.89,15.86,15.86,3.0,,,,15.144641427269505,"rgba(38, 166, 154, 1.0)",0.2671281198833875,15.145724047768468,2.673907758357086,0,,,0.0,0.0,0.0,0.0,75.09807952482473,13.76957797642558,True,False,True,False,True,8.717318905220594
2024-05-01 17:00:00+00:00,15.78,15.78,15.78,15.78,0.0,,,,15.144641427269505,"rgba(38, 166, 154, 1.0)",0.27306473838881573,15.145724047768468,2.3228043136363827,0,,,0.0,0.0,0.0,0.0,74.18848589418465,13.76957797642558,True,False,True,False,True,6.874248181163782
2024-05-02 17:00:00+00:00,15.78,15.78,15.78,15.78,0.0,,,,15.144641427269505,"rgba(38, 166, 154, 1.0)",0.2787912616413373,15.145724047768468,2.2750926571275483,0,,,0.0,0.0,0.0,0.0,73.58209014042461,13.76957797642558,True,False,True,False,True,6.874248181163782
2024-05-03 17:00:00+00:00,15.78,16.27,15.78,16.27,80.0,,,,15.199844398939735,"rgba(38, 166, 154, 1.0)",0.30033235343952464,15.206037513063158,3.5426169533582477,0,,,0.0,0.0,0.0,0.0,77.00853058637549,17.371495007736513,True,False,True,False,True,15.261758461911462
2024-05-06 17:00:00+00:00,16.27,16.27,16.27,16.27,0.0,,,,15.199844398939735,"rgba(38, 166, 154, 1.0)",0.3184262399210706,15.206037513063158,3.3413153614493867,0,,,0.0,0.0,0.0,0.0,79.2928242170094,20.135928381608267,True,False,True,False,True,15.261758461911462
2024-05-07 17:00:00+00:00,16.27,16.27,16.27,16.27,0.0,,,,15.199844398939735,"rgba(38, 166, 154, 1.0)",0.33474889069244235,15.206037513063158,3.1783898812509563,7,0.5186390341551845,3.6304732390862915,0.0,0.0,0.0,0.0,80.81568663743201,22.180069829076885,True,False,True,False,True,15.261758461911462
2024-05-08 17:00:00+00:00,16.27,16.27,16.27,16.27,0.0,,,,15.199844398939735,"rgba(38, 166, 154, 1.0)",0.3501387498466072,15.206037513063158,3.0386881983298166,7,0.5213928068171807,3.649749647720265,0.0,0.0,0.0,0.0,81.83092825104708,23.77283053097409,True,False,True,False,True,15.261758461911462
2024-05-09 17:00:00+00:00,16.975,16.99,16.975,16.985,63.0,,,,15.27598679320457,"rgba(38, 166, 154, 1.0)",0.3961088097848745,15.288762459586165,4.282251488764049,7,0.5050832591533079,3.5355828140731553,0.0,0.0,0.0,0.0,85.15952057364646,27.46049974661703,True,False,True,False,True,20.0
2024-05-10 17:00:00+00:00,16.985,17.16,16.985,17.16,406.0,,,,15.654543382875252,"rgba(38, 166, 154, 1.0)",0.44574754500038977,15.691221684343535,3.295090084355216,7,0.4534519467061796,3.1741636269432574,0.0,0.0,0.0,0.0,87.70457425651281,30.288818105825797,True,False,True,False,True,20.0
2024-05-13 17:00:00+00:00,17.495,17.495,17.495,17.495,0.0,,,,15.654543382875252,"rgba(38, 166, 154, 1.0)",0.5081111639739433,15.691221684343535,3.5499678880288608,7,0.40252385774888705,2.8176670042422094,0.0,0.0,0.0,0.0,89.89289493511156,32.736226355451294,True,False,True,False,True,20.0
2024-05-14 17:00:00+00:00,17.495,17.495,17.495,17.495,0.0,,,,15.654543382875252,"rgba(38, 166, 154, 1.0)",0.5626181557585835,15.691221684343535,3.206043561151015,7,0.3665596691787745,2.5659176842514215,0.0,0.0,0.0,0.0,91.35177538751071,34.50130155125406,True,False,True,False,True,20.0
2024-05-15 17:00:00+00:00,17.68,17.71,17.68,17.71,1.0,,,,15.6555719065348,"rgba(38, 166, 154, 1.0)",0.6217269105896509,15.69230390816231,3.245309246666017,6,0.3743433061269803,2.246059836761882,0.0,0.0,0.0,0.0,92.5966744228644,36.091694272300956,True,False,True,False,True,20.0
2024-05-16 17:00:00+00:00,17.71,17.71,17.71,17.71,0.0,,,,15.6555719065348,"rgba(38, 166, 154, 1.0)",0.6756581242765466,15.69230390816231,2.9862677874229897,6,0.3467487853584916,2.0804927121509493,0.0,0.0,0.0,0.0,93.42660711310019,37.31994885837936,True,False,True,False,True,20.0
2024-05-17 17:00:00+00:00,17.73,17.73,17.73,17.73,0.0,,,,15.6555719065348,"rgba(38, 166, 154, 1.0)",0.7251059257816087,15.69230390816231,2.810204715457551,6,0.32526705805745015,1.951602348344701,0.0,0.0,0.0,0.0,94.00693132174936,38.341432989691725,True,False,True,False,True,20.0
2024-05-20 17:00:00+00:00,17.79,17.79,17.79,17.79,0.0,,,,15.6555719065348,"rgba(38, 166, 154, 1.0)",0.7718144352903246,15.69230390816231,2.7178762095174114,6,0.30692970456454155,1.8415782273872492,0.0,0.0,0.0,0.0,94.47881795502404,39.27509324342569,True,False,True,False,True,20.0
2024-05-21 17:00:00+00:00,17.79,17.81,17.79,17.81,27.0,,,,15.684343149527532,"rgba(38, 166, 154, 1.0)",0.8159413951751439,15.722575512923138,2.5583019802896385,6,0.29110173234338294,1.7466103940602977,0.0,0.0,0.0,0.0,94.82301740573348,40.088556854622055,True,False,True,False,True,20.0
2024-05-22 17:00:00+00:00,17.81,17.81,17.81,17.81,0.0,,,,15.684343149527532,"rgba(38, 166, 154, 1.0)",0.8565652654958954,15.722575512923138,2.4369707378554257,6,0.27763174087129233,1.665790445227754,0.0,0.0,0.0,0.0,95.05248370620644,40.784784009803815,True,False,True,False,True,20.0
2024-05-23 17:00:00+00:00,17.81,17.81,17.81,17.81,0.0,,,,15.684343149527532,"rgba(38, 166, 154, 1.0)",0.8922509241865269,15.722575512923138,2.3395038665608383,6,0.26599730002814154,1.5959838001688493,0.0,0.0,0.0,0.0,95.20546123985508,41.391898724957315,True,False,True,False,True,20.0
2024-05-24 17:00:00+00:00,17.81,17.81,17.78,17.78,211.0,,,,15.882030877682885,"rgba(38, 166, 154, 1.0)",0.9241509958134886,15.929050648035844,2.0028646404637045,6,0.25617290460081205,1.5370374276048722,0.0,0.0,0.0,0.0,94.04048671741378,41.391898724957315,True,False,True,False,True,20.0
2024-05-27 17:00:00+00:00,17.78,17.78,17.78,17.78,0.0,,,,15.882030877682885,"rgba(38, 166, 154, 1.0)",0.953589180058333,15.929050648035844,1.9410343475698109,6,0.2475015249421695,1.4850091496530171,0.0,0.0,0.0,0.0,93.26383703578625,41.391898724957315,True,False,True,False,False,20.0
2024-05-28 17:00:00+00:00,18.285,18.29,18.27,18.29,150.0,,,,16.03153769286237,"rgba(38, 166, 154, 1.0)",0.9968811815307227,16.084428064596242,2.2124722346720156,6,0.23622904152975943,1.4173742491785566,0.0,0.0,0.0,0.0,94.02062851787053,41.391898724957315,True,False,True,False,False,20.0
2024-05-29 17:00:00+00:00,18.29,18.29,18.08,18.08,86.0,,,,16.10398219425059,"rgba(38, 166, 154, 1.0)",1.0299275667700094,16.159170714193706,1.865013956107874,6,0.22819079820801833,1.36914478924811,0.0,0.0,0.0,0.0,88.91866742649452,42.15407037827583,True,False,True,False,False,20.0
2024-05-30 17:00:00+00:00,18.08,18.255,18.08,18.255,153.0,,,,16.223491262482263,"rgba(38, 166, 154, 1.0)",1.0668486978687013,16.281911754505515,1.8494546128576848,6,0.22006239669329886,1.3203743801597931,0.0,0.0,0.0,0.0,86.52252262105577,40.025409120994624,True,False,True,False,False,20.0
2024-05-31 17:00:00+00:00,18.255,18.255,18.23,18.23,15.0,,,,16.234680574494558,"rgba(38, 166, 154, 1.0)",1.1002737169687602,16.29337082703106,1.7601339949338488,5,0.149316446840797,0.7465822342039851,0.0,0.0,0.0,0.0,84.31861151779465,38.07296313888288,True,False,True,False,False,20.0
2024-06-03 17:00:00+00:00,18.23,18.23,18.23,18.23,0.0,,,,16.234680574494558,"rgba(38, 166, 154, 1.0)",1.1312514874809787,16.29337082703106,1.7119351394457298,5,0.1447292931479869,0.7236464657399345,0.0,0.0,0.0,0.0,82.8493374489539,36.761380089618285,True,False,True,False,False,20.0
2024-06-04 17:00:00+00:00,18.55,18.55,18.55,18.55,0.0,,,,16.234680574494558,"rgba(38, 166, 154, 1.0)",1.1690995302846166,16.29337082703106,1.9302284489153494,5,0.13954343127268415,0.6977171563634208,0.0,0.0,0.0,0.0,83.64470582381331,36.761380089618285,True,False,True,False,False,20.0
2024-06-05 17:00:00+00:00,18.55,18.55,18.495,18.495,204.0,,,,16.39470976755897,"rgba(38, 166, 154, 1.0)",1.2025115421520944,16.45719711999486,1.6946223038808879,5,0.1352364786577111,0.6761823932885556,0.0,0.0,0.0,0.0,82.7898337746852,36.669245729656794,True,False,True,False,False,20.0
2024-06-06 17:00:00+00:00,18.55,18.55,18.55,18.55,21.0,,,,16.410135140938745,"rgba(38, 166, 154, 1.0)",1.234939634516967,16.47293277995982,1.6819180160596297,4,0.1394368678573951,0.5577474714295804,0.0,0.0,0.0,0.0,82.54782496674727,36.260032159462014,True,False,True,False,False,20.0
2024-06-07 17:00:00+00:00,18.62,18.62,18.62,18.62,0.0,,,,16.410135140938745,"rgba(38, 166, 154, 1.0)",1.26852920082012,16.47293277995982,1.6925642851990128,4,0.13542017603680978,0.5416807041472391,0.0,0.0,0.0,0.0,82.80073701444647,36.260032159462014,True,False,True,False,False,20.0
2024-06-10 17:00:00+00:00,18.51,18.61,18.51,18.61,155.0,,,,16.634485257537374,"rgba(38, 166, 154, 1.0)",1.2995639705353148,16.728028197589417,1.448156339418492,4,0.1318038315476436,0.5272153261905744,0.0,0.0,0.0,0.0,82.66353066365475,35.8726371944872,True,False,True,False,False,20.0
2024-06-11 17:00:00+00:00,17.72,17.72,17.72,17.72,0.0,,,,16.634485257537374,"rgba(239, 83, 80, 1.0)",1.308416269822083,16.728028197589417,0.7581469485590157,4,0.13032742910917505,0.5213097164367002,0.0,0.0,0.0,0.0,68.17010055435941,22.525534614984565,False,True,True,False,False,17.499895970367344
2024-06-12 17:00:00+00:00,17.72,17.915,17.72,17.825,37.0,,,,16.641523918967103,"rgba(239, 83, 80, 1.0)",1.3180688166425163,16.732980578941525,0.8284995496973729,4,0.12876616912012914,0.5150646764805166,0.0,0.0,0.0,0.0,59.826994878985985,15.57617176379081,False,True,True,False,False,18.608343718017416
2024-06-13 17:00:00+00:00,17.825,17.825,17.385,17.385,77.0,,,,16.71216607305703,"rgba(239, 83, 80, 1.0)",1.3204590452149918,16.813220614041626,0.4330156153122348,4,0.1278973545034382,0.5115894180137528,0.0,0.0,0.0,0.0,50.88906280417112,8.194061228540235,False,True,False,True,False,11.479834032464268
2024-06-14 17:00:00+00:00,17.385,17.385,17.385,17.385,0.0,,,,16.71216607305703,"rgba(239, 83, 80, 1.0)",1.3222034162237941,16.813220614041626,0.4324443417272167,4,0.1270650067484695,0.508260026993878,0.0,0.0,0.0,0.0,44.93044142096121,3.5348278319976956,False,True,False,True,False,11.479834032464268
2024-06-17 17:00:00+00:00,17.46,17.46,17.44,17.44,100.0,,,,16.778772787249075,"rgba(239, 83, 80, 1.0)",1.32197493536365,16.887429775462497,0.41798842758354027,4,0.1262138114998977,0.5048552459995908,0.0,0.0,0.0,0.0,41.75761070282223,1.1667130406982693,False,True,False,True,False,12.103239095461305
2024-06-18 17:00:00+00:00,17.44,17.44,17.44,17.44,0.0,,,,16.778772787249075,"rgba(239, 83, 80, 1.0)",1.3209642499135041,16.887429775462497,0.41830823549818724,4,0.12540155017776433,0.5016062007110573,0.0,0.0,0.0,0.0,39.6423902240629,-0.5983312905228502,False,True,False,True,False,12.103239095461305
2024-06-19 17:00:00+00:00,17.44,17.44,17.44,17.44,0.0,,,,16.778772787249075,"rgba(239, 83, 80, 1.0)",1.31923533339009,16.887429775462497,0.41885644702794866,4,0.12462734689106211,0.49850938756424845,0.0,0.0,0.0,0.0,38.23224323822335,-2.0337219827705724,False,True,False,True,False,12.103239095461305
2024-06-20 17:00:00+00:00,17.44,17.44,17.44,17.44,0.0,,,,16.778772787249075,"rgba(239, 83, 80, 1.0)",1.3167227368606356,16.887429775462497,0.4196557172354725,3,0.13199680405396746,0.3959904121619024,0.0,0.0,0.0,0.0,37.29214524766365,-3.285327537535764,False,True,False,True,False,12.103239095461305
2024-06-21 17:00:00+00:00,17.44,17.44,17.44,17.44,0.0,,,,16.778772787249075,"rgba(239, 83, 80, 1.0)",1.3151321894302763,16.887429775462497,0.42016325733528076,2,0.14730431188417717,0.29460862376835434,0.0,0.0,0.0,0.0,36.66541325395718,-4.425652261555129,False,True,False,True,False,12.103239095461305
2024-06-24 17:00:00+00:00,17.44,17.44,17.44,17.44,0.0,,,,16.778772787249075,"rgba(239, 83, 80, 1.0)",1.3128389120562374,16.887429775462497,0.42089720182961354,2,0.14685268775264457,0.29370537550528913,0.0,0.0,0.0,0.0,36.24759192481954,-5.486748184558763,False,True,False,True,False,12.103239095461305
2024-06-25 17:00:00+00:00,17.44,17.44,17.44,17.44,0.0,,,,16.778772787249075,"rgba(239, 83, 80, 1.0)",1.3107332622180152,16.887429775462497,0.4215733593289975,2,0.1462991014111858,0.2925982028223716,0.0,0.0,0.0,0.0,35.969044372061106,-6.479763117740461,False,True,False,True,False,12.103239095461305
2024-06-26 17:00:00+00:00,17.44,18.03,17.44,18.03,12.0,,,,16.78547589829631,"rgba(38, 166, 154, 1.0)",1.3154269097730023,16.894659164336183,0.8630968602122785,2,0.14494501577566607,0.28989003155133214,0.0,0.0,0.0,0.0,45.83709806041952,-11.941592994735927,False,True,False,True,True,18.9059538473484
2024-06-27 17:00:00+00:00,18.03,18.03,18.03,18.03,0.0,,,,16.78547589829631,"rgba(38, 166, 154, 1.0)",1.3190409941105465,16.894659164336183,0.8607320323879695,2,0.14396505253757347,0.28793010507514694,0.0,0.0,0.0,0.0,52.41580051932513,-5.855212208287156,False,True,True,False,True,18.9059538473484
2024-06-28 17:00:00+00:00,18.03,18.03,18.03,18.03,0.0,,,,16.78547589829631,"rgba(38, 166, 154, 1.0)",1.3215843719763964,16.894659164336183,0.8590755609238512,2,0.14308100763738335,0.2861620152747667,0.0,0.0,0.0,0.0,56.80160215859554,-1.8922360942116683,False,True,True,False,True,18.9059538473484
2024-07-01 17:00:00+00:00,17.99,17.99,17.99,17.99,0.0,,,,16.78547589829631,"rgba(38, 166, 154, 1.0)",1.3200494360112074,16.894659164336183,0.829772587134014,2,0.1423481214886126,0.2846962429772252,0.0,0.0,0.0,0.0,58.78267045206321,-0.03212943610323293,False,True,True,False,True,18.18000426644054
2024-07-02 17:00:00+00:00,17.99,17.99,17.99,17.99,0.0,,,,16.78547589829631,"rgba(38, 166, 154, 1.0)",1.3170273585097072,16.894659164336183,0.8316766000239033,2,0.14169851915565443,0.28339703831130886,0.0,0.0,0.0,0.0,60.103382647708315,1.4316880888741181,False,True,True,False,True,18.18000426644055
2024-07-03 17:00:00+00:00,18.38,18.38,18.38,18.38,0.0,,,,16.78547589829631,"rgba(38, 166, 154, 1.0)",1.318490940568176,16.894659164336183,1.12654610658435,2,0.14052506122010217,0.28105012244020433,0.0,0.0,0.0,0.0,65.29762686475212,6.544963077339538,False,True,True,False,True,20.0
2024-07-04 17:00:00+00:00,18.38,18.38,18.38,18.38,0.0,,,,16.78547589829631,"rgba(38, 166, 154, 1.0)",1.3184246571482836,16.894659164336183,1.1266027433653796,2,0.1393325554970025,0.278665110994005,0.0,0.0,0.0,0.0,68.76045634278132,9.959795852772167,False,False,True,False,True,20.0
2024-07-05 17:00:00+00:00,18.38,18.38,18.38,18.38,0.0,,,,16.78547589829631,"rgba(38, 166, 154, 1.0)",1.3168282772296864,16.894659164336183,1.1279685144585767,2,0.1382488102373069,0.2764976204746138,0.0,0.0,0.0,0.0,71.06900932813413,12.358802069528245,False,False,True,False,True,20.0
2024-07-08 17:00:00+00:00,18.38,18.38,18.38,18.38,0.0,,,,16.78547589829631,"rgba(38, 166, 154, 1.0)",1.3114146408975127,16.894659164336183,1.1326248688570923,2,0.13726720610587684,0.2745344122117537,0.0,0.0,0.0,0.0,72.60804465170267,14.150232219182257,False,False,True,False,True,20.0
2024-07-09 17:00:00+00:00,18.38,18.38,18.38,18.38,0.0,,,,16.78547589829631,"rgba(38, 166, 154, 1.0)",1.3043210653215078,16.894659164336183,1.1387846713168648,2,0.13638197419046347,0.27276394838092693,0.0,0.0,0.0,0.0,73.63406820074836,15.573498599318896,False,False,True,False,True,20.0
2024-07-10 17:00:00+00:00,18.38,18.38,18.38,18.38,0.0,,,,16.78547589829631,"rgba(38, 166, 154, 1.0)",1.2955199554445105,16.894659164336183,1.1465210006388329,2,0.13558809212198952,0.27117618424397905,0.0,0.0,0.0,0.0,74.31808390011216,16.765770924701712,False,False,True,False,True,20.0
2024-07-11 17:00:00+00:00,18.38,18.38,18.38,18.38,0.0,,,,16.78547589829631,"rgba(38, 166, 154, 1.0)",1.2849762258115485,16.894659164336183,1.1559286513069331,2,0.13488119788977299,0.26976239577954597,0.0,0.0,0.0,0.0,74.77409436635469,17.803557103988567,False,False,True,False,True,20.0
2024-07-12 17:00:00+00:00,17.33,17.33,17.18,17.18,2.0,,,,17.120775951180427,"rgba(239, 83, 80, 1.0)",1.2626600335642015,17.204775707536015,-0.019621835551474114,2,0.13515889380970836,0.2703177876194167,0.0,0.0,0.0,0.0,57.18828399755523,15.266244349958285,False,True,True,False,False,2.361595243763418
2024-07-15 17:00:00+00:00,17.18,17.18,17.18,17.18,0.0,,,,17.120775951180427,"rgba(239, 83, 80, 1.0)",1.2432506143533892,17.204775707536015,-0.019928168343517218,2,0.13546132295894864,0.2709226459178973,0.0,0.0,0.0,0.0,45.46441041835559,5.100390492206117,False,True,False,True,False,2.361595243763418
2024-07-16 17:00:00+00:00,17.18,17.29,17.18,17.29,22.0,,,,17.14886953197609,"rgba(239, 83, 80, 1.0)",1.223123906270366,17.26806319912784,0.01793506018458041,1,0.16610810971551632,0.16610810971551632,0.0,0.0,0.0,0.0,39.624433267595634,0.4561044752945236,False,True,False,True,False,3.75585057769608
2024-07-17 17:00:00+00:00,17.29,17.29,17.29,17.29,0.0,,,,17.14886953197609,"rgba(239, 83, 80, 1.0)",1.2053482544121443,17.26806319912784,0.01819955418847544,1,0.1667056559641927,0.1667056559641927,0.0,0.0,0.0,0.0,35.73111516708899,-2.715906337806466,False,True,False,True,False,3.75585057769608
2024-07-18 17:00:00+00:00,17.29,17.29,17.29,17.29,0.0,,,,17.14886953197609,"rgba(239, 83, 80, 1.0)",1.1908252192083821,17.26806319912784,0.01842151183759855,1,0.16734961402738324,0.16734961402738324,0.0,0.0,0.0,0.0,33.135569766751225,-5.052379673975011,False,True,False,True,False,3.75585057769608
2024-07-19 17:00:00+00:00,17.29,17.29,17.29,17.29,0.0,,,,17.14886953197609,"rgba(239, 83, 80, 1.0)",1.1756152998890927,17.26806319912784,0.018659846358096577,1,0.16804150611183982,0.16804150611183982,0.0,0.0,0.0,0.0,31.40520616652605,-6.916382815480318,False,True,False,True,False,3.75585057769608
2024-07-22 17:00:00+00:00,17.29,17.29,17.29,17.29,0.0,,,,17.14886953197609,"rgba(239, 83, 80, 1.0)",1.1596914703085015,17.26806319912784,0.018916066414045855,1,0.16902806084713495,0.16902806084713495,0.0,0.0,0.0,0.0,30.2516304330426,-8.507266722754458,False,True,False,True,False,3.75585057769608
2024-07-23 17:00:00+00:00,17.24,17.245,17.24,17.245,6.0,,,,17.147184379310808,"rgba(239, 83, 80, 1.0)",1.142973138177176,17.26552835001997,-0.017960483351960408,1,0.1701076521585064,0.1701076521585064,0.0,0.0,0.0,0.0,28.988302350372184,-10.373783342151988,False,True,False,True,False,3.077597290830745
2024-07-24 17:00:00+00:00,17.245,17.245,17.245,17.245,0.0,,,,17.147184379310808,"rgba(239, 83, 80, 1.0)",1.114632759786458,17.26552835001997,-0.01841714218403373,1,0.17124813628588847,0.17124813628588847,0.0,0.0,0.0,0.0,28.146083628591906,-11.943337427558625,False,True,False,True,False,3.077597290830745
2024-07-25 17:00:00+00:00,17.245,17.245,17.245,17.245,0.0,,,,17.147184379310808,"rgba(239, 83, 80, 1.0)",1.0847233300259975,17.26552835001997,-0.018924964045418945,1,0.17246075367408756,0.17246075367408756,0.0,0.0,0.0,0.0,27.58460448073839,-13.310586451101635,False,True,False,True,False,3.077597290830745
2024-07-26 17:00:00+00:00,17.245,17.245,17.245,17.245,0.0,,,,17.147184379310808,"rgba(239, 83, 80, 1.0)",1.0531111694095365,17.26552835001997,-0.019493051271575672,1,0.17353200379708636,0.17353200379708636,0.0,0.0,0.0,0.0,27.21028504883604,-14.527359022981429,False,True,False,True,False,3.077597290830745
2024-07-29 17:00:00+00:00,17.05,17.06,17.05,17.06,100.0,,,,17.059862299799523,"rgba(239, 83, 80, 1.0)",1.023351673985358,17.144089502914024,-0.0821706799838867,1,0.17474719799465835,0.17474719799465835,0.0,0.0,0.0,0.0,24.67666911574132,-17.67727760947954,False,True,False,True,False,0.19136064586776058
2024-07-30 17:00:00+00:00,17.06,17.08,17.06,17.08,300.0,,,,17.033712715579604,"rgba(239, 83, 80, 1.0)",0.9871567050678154,17.102445309561574,-0.022737331820112405,1,0.17590277984586405,0.17590277984586405,0.0,0.0,0.0,0.0,23.805758409289364,-19.161373074455636,False,True,False,True,False,0.49518461338094255
2024-07-31 17:00:00+00:00,17.08,17.5,17.08,17.5,585.0,,,,17.163296519545725,"rgba(38, 166, 154, 1.0)",0.9484024880182803,17.249215142540933,0.2644287215895968,1,0.17690335540442892,0.17690335540442892,0.0,0.0,0.0,0.0,34.11155894493716,-23.27813663877697,False,True,False,True,True,6.460133773619933
2024-08-01 17:00:00+00:00,17.5,17.5,17.5,17.5,0.0,,,,17.163296519545725,"rgba(38, 166, 154, 1.0)",0.9067246371239465,17.249215142540933,0.2765832615451313,1,0.17797815344534504,0.17797815344534504,0.0,0.0,0.0,0.0,40.98209263536903,-17.027437817213567,False,True,False,True,True,6.460133773619933
2024-08-02 17:00:00+00:00,17.5,17.5,17.5,17.5,0.0,,,,17.163296519545725,"rgba(38, 166, 154, 1.0)",0.8616990340166394,17.249215142540933,0.2910353238880666,1,0.17913084755282538,0.17913084755282538,0.0,0.0,0.0,0.0,45.56244842899027,-12.981430700926964,False,True,False,True,True,6.460133773619933
2024-08-05 17:00:00+00:00,17.5,17.5,17.5,17.5,0.0,,,,17.163296519545725,"rgba(38, 166, 154, 1.0)",0.8276074438289357,17.249215142540933,0.3030239267771779,2,0.1404104101673655,0.280820820334731,0.0,0.0,0.0,0.0,48.6160189580711,-10.233445213051695,False,False,False,False,True,6.460133773619933
2024-08-06 17:00:00+00:00,16.23,16.23,16.23,16.23,0.0,,,,17.163296519545725,"rgba(239, 83, 80, 1.0)",0.80392043329116,17.249215142540933,-1.267805992153204,3,0.1280699132573245,0.3842097397719735,-1.0,0.0,16.23,234.0,38.4314245364164,-1.859055990768681,False,True,False,True,False,0.0
2024-08-07 17:00:00+00:00,16.23,16.23,16.23,16.23,0.0,,,,17.163296519545725,"rgba(239, 83, 80, 1.0)",0.7793410129169372,17.249215142540933,-1.3077909742311502,4,0.2872323376098991,1.1489293504395963,0.0,0.0,0.0,0.0,31.64169492197993,-7.807758029591149,False,True,False,True,False,0.0
2024-08-08 17:00:00+00:00,16.33,16.33,16.33,16.33,0.0,,,,17.163296519545725,"rgba(239, 83, 80, 1.0)",0.755869393837668,17.249215142540933,-1.2161031390276762,4,0.2902924929510873,1.161169971804349,0.0,0.0,0.0,0.0,28.824549160016915,-10.226953448902051,False,True,False,True,False,0.0
2024-08-09 17:00:00+00:00,16.33,16.33,16.33,16.33,0.0,,,,17.163296519545725,"rgba(239, 83, 80, 1.0)",0.7401169739541975,17.249215142540933,-1.2419863006652527,4,0.2934870823227687,1.1739483292910748,0.0,0.0,0.0,0.0,26.946451985374903,-12.100492582425758,False,True,False,True,False,0.0
2024-08-12 17:00:00+00:00,16.33,16.33,16.33,16.33,0.0,,,,17.163296519545725,"rgba(239, 83, 80, 1.0)",0.7289449490453458,17.249215142540933,-1.261021348381348,4,0.29732356735429755,1.1892942694171902,0.0,0.0,0.0,0.0,25.69438720228023,-13.66255595818322,False,True,False,True,False,0.0
2024-08-13 17:00:00+00:00,16.33,16.33,16.33,16.33,0.0,,,,17.163296519545725,"rgba(239, 83, 80, 1.0)",0.7166322011406512,17.249215142540933,-1.2826874665663028,4,0.30135913358851674,1.205436534354067,0.0,0.0,0.0,0.0,24.859677346883778,-15.037916200925672,False,True,False,True,False,0.0
2024-08-14 17:00:00+00:00,16.33,16.82,16.33,16.82,85.0,,,,17.069031812742967,"rgba(38, 166, 154, 1.0)",0.6925719008433857,17.032678914903457,-0.30708568257601093,4,0.3060410919848116,1.2241643679392464,0.0,0.0,0.0,0.0,32.737068648141324,-15.037916200925672,False,True,False,True,True,0.0
2024-08-15 17:00:00+00:00,17.0,17.0,17.0,17.0,0.0,,,,17.069031812742967,"rgba(38, 166, 154, 1.0)",0.6650957934120443,17.032678914903457,-0.04913414763279267,4,0.31106587221905296,1.2442634888762119,0.0,0.0,0.0,0.0,40.0459095501339,-20.443487332786994,False,True,False,True,True,0.12257496132190226
2024-08-16 17:00:00+00:00,17.0,17.1,17.0,17.1,184.0,,,,17.124358464820503,"rgba(38, 166, 154, 1.0)",0.650603448228511,17.105904168846088,-0.009074911702608837,4,0.3164450890496429,1.2657803561985717,0.0,0.0,0.0,0.0,45.97133926878503,-14.914617546904083,False,False,False,False,True,1.3637757869472722
2024-08-19 17:00:00+00:00,17.1,17.1,17.1,17.1,0.0,,,,17.124358464820503,"rgba(38, 166, 154, 1.0)",0.6355855780514603,17.105904168846088,-0.009289337344920915,4,0.3212347491583055,1.284938996633222,0.0,0.0,0.0,0.0,49.921625747885784,-11.177719800057496,True,False,True,False,True,1.3637757869472722
2024-08-20 17:00:00+00:00,17.1,17.1,17.1,17.1,0.0,,,,17.124358464820503,"rgba(38, 166, 154, 1.0)",0.6200039959185236,17.105904168846088,-0.009522791602882604,5,0.2813669884204313,1.4068349421021564,0.0,0.0,0.0,0.0,52.55515006728629,-8.50014287932197,True,False,True,False,True,1.3637757869472722
2024-08-21 17:00:00+00:00,17.1,17.1,17.09,17.09,65.0,,,,17.12860302583915,"rgba(38, 166, 154, 1.0)",0.6039221804172964,17.11225804717044,-0.03685581999167376,4,0.3273671918050317,1.3094687672201268,0.0,0.0,0.0,0.0,54.121514678264944,-6.620009346722448,True,False,True,False,True,1.2295190438983248
2024-08-22 17:00:00+00:00,17.09,17.09,17.09,17.09,0.0,,,,17.12860302583915,"rgba(38, 166, 154, 1.0)",0.6026596457774738,17.11225804717044,-0.036933030652358576,4,0.331139865876264,1.324559463505056,0.0,0.0,0.0,0.0,55.16575775225071,-5.049717509298404,True,False,True,False,True,1.2295190438983248
2024-08-23 17:00:00+00:00,17.28,17.28,17.28,17.28,0.0,,,,17.12860302583915,"rgba(38, 166, 154, 1.0)",0.6017015063157847,17.11225804717044,0.2787793466841149,4,0.33507148283796256,1.3402859313518503,0.0,0.0,0.0,0.0,58.58437804806647,-1.2276690240017558,True,False,True,False,True,3.7091329308242713
2024-08-26 17:00:00+00:00,17.28,17.28,17.28,17.28,0.0,,,,17.12860302583915,"rgba(38, 166, 154, 1.0)",0.6026070014513437,17.11225804717044,0.2783604445775864,5,0.3008808184339745,1.5044040921698727,0.0,0.0,0.0,0.0,60.86345824527697,1.4741790776381904,True,False,True,False,True,3.7091329308242713
2024-08-27 17:00:00+00:00,17.28,17.28,17.28,17.28,0.0,,,,17.12860302583915,"rgba(38, 166, 154, 1.0)",0.6034973372236349,17.11225804717044,0.27794978118918034,5,0.30482977043726656,1.524148852186333,0.0,0.0,0.0,0.0,62.382845043417305,3.487769821504884,True,False,True,False,True,3.7091329308242713
2024-08-28 17:00:00+00:00,17.28,17.28,17.28,17.28,0.0,,,,17.12860302583915,"rgba(38, 166, 154, 1.0)",0.6041998133187365,17.11225804717044,0.2776266214121992,4,0.35819035063104687,1.4327614025241875,0.0,0.0,0.0,0.0,63.39576957551086,5.071495434530455,True,False,True,False,True,3.7091329308242713
2024-08-29 17:00:00+00:00,17.28,17.28,17.28,17.28,0.0,,,,17.12860302583915,"rgba(38, 166, 154, 1.0)",0.6048463955105824,17.11225804717044,0.27732983791357896,4,0.3669978026292672,1.4679912105170687,0.0,0.0,0.0,0.0,64.07105259690657,6.377533811222293,True,False,True,False,True,3.7091329308242713
2024-08-30 17:00:00+00:00,17.28,17.28,17.28,17.28,0.0,,,,17.12860302583915,"rgba(38, 166, 154, 1.0)",0.605362946749534,17.11225804717044,0.27709319463677834,4,0.3767091977738049,1.5068367910952196,0.0,0.0,0.0,0.0,64.52124127783703,7.494127802876612,True,False,True,False,True,3.7091329308242713
2024-09-02 17:00:00+00:00,17.28,17.28,17.28,17.28,0.0,,,,17.12860302583915,"rgba(38, 166, 154, 1.0)",0.6055336935745491,17.11225804717044,0.2770150606143125,4,0.386327377564356,1.545309510257424,0.0,0.0,0.0,0.0,64.82136706512401,8.471824949296568,True,False,True,False,True,3.7091329308242713
2024-09-03 17:00:00+00:00,17.28,17.28,17.28,17.28,0.0,,,,17.12860302583915,"rgba(38, 166, 154, 1.0)",0.6055108259646084,17.11225804717044,0.2770255223138928,3,0.49058941673771567,1.471768250213147,0.0,0.0,0.0,0.0,65.02145092331533,9.339527776146966,True,False,True,False,True,3.7091329308242713
2024-09-04 17:00:00+00:00,17.28,17.28,17.28,17.28,0.0,,,,17.12860302583915,"rgba(38, 166, 154, 1.0)",0.605404361927979,17.11225804717044,0.27707423893572386,3,0.5076998383664315,1.5230995150992945,0.0,0.0,0.0,0.0,65.15484016210954,10.114131156890295,True,False,True,False,True,3.7091329308242713
2024-09-05 17:00:00+00:00,17.28,17.28,17.28,17.28,0.0,,,,17.12860302583915,"rgba(38, 166, 154, 1.0)",0.6052142573479903,17.11225804717044,0.27716127105894145,3,0.5271484497487379,1.5814453492462137,0.0,0.0,0.0,0.0,65.24376632130569,10.806170111223032,True,False,True,False,True,3.7091329308242713
2024-09-06 17:00:00+00:00,17.28,17.28,17.28,17.28,0.0,,,,17.12860302583915,"rgba(38, 166, 154, 1.0)",0.6051256812349581,17.11225804717044,0.2772018409253919,3,0.5494862097117833,1.6484586291353498,0.0,0.0,0.0,0.0,65.30305042743645,11.423021844031446,True,False,True,False,True,3.7091329308242713
2024-09-09 17:00:00+00:00,17.28,17.28,17.28,17.28,0.0,,,,17.12860302583915,"rgba(38, 166, 154, 1.0)",0.604962637518033,17.11225804717044,0.27727654970190146,2,0.7039330996184396,1.4078661992368793,0.0,0.0,0.0,0.0,65.34257316485696,11.9706367321198,True,False,True,False,True,3.7091329308242713
2024-09-10 17:00:00+00:00,17.28,17.28,17.28,17.28,0.0,,,,17.12860302583915,"rgba(38, 166, 154, 1.0)",0.5986197863825008,17.11225804717044,0.28021451453056384,2,0.7284407982022415,1.456881596404483,0.0,0.0,0.0,0.0,65.36892165647063,12.454406808309017,True,False,True,False,True,3.7091329308242713
2024-09-11 17:00:00+00:00,17.28,17.28,17.28,17.28,0.0,,,,17.12860302583915,"rgba(38, 166, 154, 1.0)",0.5952379114027883,17.11225804717044,0.28180656778773944,2,0.7562445327498962,1.5124890654997925,0.0,0.0,0.0,0.0,65.38648731754641,12.879546311332028,True,False,True,False,True,3.7091329308242713
2024-09-12 17:00:00+00:00,17.28,17.28,16.94,16.94,9.0,,,,17.07055971347659,"rgba(239, 83, 80, 1.0)",0.5916946345375486,17.02721878036929,-0.1474050553753206,2,0.7828140625777505,1.565628125155501,0.0,0.0,0.0,0.0,51.43958865296589,4.980094626543526,True,False,False,False,False,0.0
2024-09-13 17:00:00+00:00,17.025,17.025,17.025,17.025,0.0,,,,17.07055971347659,"rgba(239, 83, 80, 1.0)",0.5871324804075587,17.02721878036929,-0.00377901145538731,3,0.6014795702021337,1.804438710606401,0.0,0.0,0.0,0.0,46.0296297629793,0.630992965724964,False,False,False,True,False,0.0
2024-09-16 17:00:00+00:00,17.22,17.22,17.155,17.155,10.0,,,,17.101220814685544,"rgba(38, 166, 154, 1.0)",0.5810306546315819,17.073677594304456,0.13996233253322837,3,0.6169265886130245,1.8507797658390737,0.0,0.0,0.0,0.0,46.91333116311462,0.630992965724964,False,False,False,True,False,1.4429822891976656
2024-09-17 17:00:00+00:00,17.43,17.43,17.35,17.35,100.0,,,,17.225316036760677,"rgba(38, 166, 154, 1.0)",0.5663891079651909,17.25064094567187,0.17542543267664543,3,0.635122434779491,1.9053673043384731,0.0,0.0,0.0,0.0,51.945534972469076,-3.908216864816204,True,False,True,False,True,4.473161492644397
2024-09-18 17:00:00+00:00,17.35,17.35,17.35,17.35,0.0,,,,17.225316036760677,"rgba(38, 166, 154, 1.0)",0.5523892168089725,17.25064094567187,0.17987145893634135,3,0.6576670081999313,1.9730010245997938,0.0,0.0,0.0,0.0,55.30033751203871,-1.0829841191318792,True,False,True,False,True,4.473161492644397
2024-09-19 17:00:00+00:00,17.77,17.87,17.77,17.86,69.0,,,,17.342102754186136,"rgba(38, 166, 154, 1.0)",0.5387009984822274,17.408054188405206,0.8389548429799389,3,0.6817861443587581,2.045358433076274,0.0,0.0,0.0,0.0,63.39100036319606,6.115020644069965,True,False,True,False,True,11.587028150884297
2024-09-20 17:00:00+00:00,17.86,17.86,17.86,17.86,0.0,,,,17.342102754186136,"rgba(38, 166, 154, 1.0)",0.5223323214717207,17.408054188405206,0.8652457315323573,3,0.694570559131181,2.083711677393543,0.0,0.0,0.0,0.0,68.78477559730098,10.689156367237914,True,False,True,False,True,11.587028150884297
2024-09-23 17:00:00+00:00,17.26,17.38,17.26,17.38,200.0,,,,17.316951130700197,"rgba(239, 83, 80, 1.0)",0.5024204925670672,17.359996028714622,0.039815197790138444,3,0.7100549067991716,2.1301647203975147,0.0,0.0,0.0,0.0,62.96147675207032,10.689156367237914,True,False,True,False,False,3.797965147243996
2024-09-24 17:00:00+00:00,17.38,17.76,17.38,17.76,110.0,,,,17.35875846857167,"rgba(38, 166, 154, 1.0)",0.5028148961793026,17.408754136135894,0.6985589856885512,3,0.7262674852868024,2.1788024558604073,0.0,0.0,0.0,0.0,62.97864264332152,10.689156367237914,True,False,True,False,False,8.621610579147035
2024-09-25 17:00:00+00:00,17.71,17.71,17.68,17.68,7.0,,,,17.361500400715865,"rgba(38, 166, 154, 1.0)",0.5013321173552269,17.411927490588752,0.5347203981772835,3,0.7446243702406511,2.2338731107219534,0.0,0.0,0.0,0.0,61.859121699826034,10.689156367237914,True,False,True,False,False,7.422092161661695
2024-09-26 17:00:00+00:00,17.68,18.1,17.68,18.1,2.0,,,,17.3630049933392,"rgba(38, 166, 154, 1.0)",0.5083396218780848,17.413753179330048,1.3499770451388042,3,0.7439727573821285,2.2319182721463857,0.0,0.0,0.0,0.0,64.36046727441824,10.689156367237914,True,False,True,False,False,12.244597733449265
2024-09-27 17:00:00+00:00,18.15,18.15,18.15,18.15,0.0,,,,17.3630049933392,"rgba(38, 166, 154, 1.0)",0.5160349960197469,17.413753179330048,1.4267381599091729,3,0.7408556343418811,2.222566903025643,0.0,0.0,0.0,0.0,66.34771027232556,10.689156367237914,True,False,True,False,False,12.783940840895408
2024-09-30 17:00:00+00:00,18.15,18.15,18.15,18.15,0.0,,,,17.3630049933392,"rgba(38, 166, 154, 1.0)",0.5233997748607725,17.413753179330048,1.406662471083021,3,0.7362384234634177,2.208715270390253,0.0,0.0,0.0,0.0,67.6725389375971,10.689156367237914,True,False,True,False,True,12.783940840895408
2024-10-01 17:00:00+00:00,18.08,18.08,18.08,18.08,0.0,,,,17.3630049933392,"rgba(38, 166, 154, 1.0)",0.529232190736443,17.413753179330048,1.2588932274562659,3,0.732769874408376,2.198309623225128,0.0,0.0,0.0,0.0,67.3239249635486,10.689156367237914,True,False,True,False,True,11.697770773631515
2024-10-02 17:00:00+00:00,18.08,18.27,18.08,18.27,100.0,,,,17.4569426495592,"rgba(38, 166, 154, 1.0)",0.5384793152693574,17.52735035001672,1.3791609611072817,3,0.7268759480792673,2.1806278442378018,0.0,0.0,0.0,0.0,68.62978892985103,11.65809811208156,True,False,True,False,True,13.795248609150907
2024-10-03 17:00:00+00:00,18.27,18.41,18.27,18.41,27.0,,18.363333333333333,,17.535167762891714,"rgba(38, 166, 154, 1.0)",0.5504717469081655,17.618534988724353,1.4377940661279511,3,0.7186836726590643,2.156051017977193,0.0,0.0,0.0,0.0,70.48618606084379,13.932490935717347,True,False,True,False,True,15.282981122470023
2024-10-04 17:00:00+00:00,18.04,18.04,18.04,18.04,0.0,,18.363333333333333,,17.535167762891714,"rgba(38, 166, 154, 1.0)",0.5549119319786119,17.618534988724353,0.7595169377109218,3,0.7164030574972289,2.1492091724916866,0.0,0.0,0.0,0.0,65.93225575465301,13.932490935717347,True,False,True,False,False,9.728819847141498
2024-10-07 17:00:00+00:00,18.08,18.08,18.08,18.08,0.0,,18.363333333333333,,17.535167762891714,"rgba(38, 166, 154, 1.0)",0.5597906059612879,17.618534988724353,0.82435290332035,3,0.7139835453739138,2.1419506361217415,0.0,0.0,0.0,0.0,63.29482116365306,19.73127671459042,True,False,True,False,False,10.168795734272031
2024-10-08 17:00:00+00:00,18.08,18.08,18.08,18.08,0.0,,18.363333333333333,,17.535167762891714,"rgba(38, 166, 154, 1.0)",0.5644964031676134,17.618534988724353,0.8174808708898452,3,0.7117096496471448,2.1351289489414342,0.0,0.0,0.0,0.0,61.53653143631976,17.863858501785558,True,False,True,False,False,10.168795734272031
2024-10-09 17:00:00+00:00,17.61,17.61,17.61,17.61,0.0,,18.363333333333333,,17.535167762891714,"rgba(239, 83, 80, 1.0)",0.5608206101390535,17.618534988724353,-0.015218750113760759,3,0.7123422778509164,2.137026833552749,0.0,0.0,0.0,0.0,54.723274178008744,11.408991655985204,False,False,True,False,False,3.6800914549527626
2024-10-10 17:00:00+00:00,17.61,17.61,17.61,17.61,0.0,,18.363333333333333,,17.535167762891714,"rgba(239, 83, 80, 1.0)",0.5570635123186045,17.618534988724353,-0.015321392508421254,3,0.7129855202288334,2.1389565606865,0.0,0.0,0.0,0.0,50.181102672468064,7.282978465886359,False,True,False,False,False,3.6800914549527626
2024-10-11 17:00:00+00:00,17.68,17.68,17.68,17.68,0.0,,18.363333333333333,,17.535167762891714,"rgba(239, 83, 80, 1.0)",0.5535703361968562,17.618534988724353,0.11103378786140283,3,0.7133558337887952,2.1400675013663855,0.0,0.0,0.0,0.0,48.17624262730538,5.460870715385987,False,True,False,True,False,4.5128810033841695
2024-10-14 17:00:00+00:00,17.53,17.55,17.53,17.55,100.0,,17.71766404199475,,17.5035296857001,"rgba(239, 83, 80, 1.0)",0.5500100326685134,17.573404573352,-0.042552993512584895,3,0.7138832160498824,2.141649648149647,0.0,0.0,0.0,0.0,45.394065167649075,2.782487346755971,False,True,False,True,False,2.7915044014620705
2024-10-15 17:00:00+00:00,17.22,17.22,17.15,17.15,1.0,,17.713411458333333,,17.502966561602612,"rgba(239, 83, 80, 1.0)",0.5471351513783929,17.57266639865052,-0.7725082140778203,3,0.7181165210514943,2.154349563154483,0.0,0.0,0.0,0.0,40.17136421711205,-2.147052177634805,False,True,False,True,False,0.0
2024-10-16 17:00:00+00:00,17.19,17.19,17.19,17.19,0.0,,17.713411458333333,,17.502966561602612,"rgba(239, 83, 80, 1.0)",0.5362260263651272,17.57266639865052,-0.7136289173512665,4,0.69678254762026,2.78713019048104,0.0,0.0,0.0,0.0,37.339515260418025,-4.815356270135958,False,True,False,True,False,0.0
2024-10-17 17:00:00+00:00,17.13,17.14,17.12,17.14,180.0,,17.374404761904763,,17.428615299871023,"rgba(239, 83, 80, 1.0)",0.5248982483978716,17.475880488693583,-0.6398963793816784,4,0.7008338486333519,2.8033353945334074,0.0,0.0,0.0,0.0,35.055106754764665,-7.080460350918379,False,True,False,True,False,0.0
2024-10-18 17:00:00+00:00,17.24,17.27,17.24,17.27,35.0,,17.36273080660836,,17.422639166919154,"rgba(239, 83, 80, 1.0)",0.512189585184191,17.46773362562344,-0.3860555375258769,4,0.7057695162181519,2.8230780648726075,0.0,0.0,0.0,0.0,35.825464284641654,-7.080460350918379,False,True,False,True,False,0.0
2024-10-21 17:00:00+00:00,17.27,17.27,17.22,17.22,1.0,,17.362364341085275,,17.42245399395166,"rgba(239, 83, 80, 1.0)",0.4988725396439386,17.467485196698444,-0.4960890348366006,4,0.7107152349937069,2.8428609399748277,0.0,0.0,0.0,0.0,35.82754676297546,-7.080460350918379,False,True,False,True,False,0.0
2024-10-22 17:00:00+00:00,17.22,17.22,17.22,17.22,0.0,,17.362364341085275,,17.42245399395166,"rgba(239, 83, 80, 1.0)",0.4846901582965469,17.467485196698444,-0.5106049554796757,4,0.7229950171740505,2.891980068696202,0.0,0.0,0.0,0.0,35.82893508186466,-7.556419539670777,False,True,False,True,False,0.0
2024-10-23 17:00:00+00:00,17.22,17.22,16.7,16.72,77.0,,17.274140934283455,,17.38602149235789,"rgba(239, 83, 80, 1.0)",0.4746950941735277,17.42247828653627,-1.479851582960481,4,0.7283201427142955,2.913280570857182,0.0,0.0,0.0,0.0,31.745145328485613,-11.864492727106473,False,True,False,True,False,0.0
2024-10-24 17:00:00+00:00,16.72,16.77,16.7,16.77,54.0,,17.214175438596495,,17.357938594559393,"rgba(239, 83, 80, 1.0)",0.46259994780770725,17.388402409532517,-1.336797404459661,5,0.6098603852425976,3.049301926212988,0.0,0.0,0.0,0.0,29.966401440966465,-13.86451810144628,False,True,False,True,False,0.0
2024-10-25 17:00:00+00:00,16.77,16.77,16.77,16.77,0.0,,17.214175438596495,,17.357938594559393,"rgba(239, 83, 80, 1.0)",0.46648809646562883,17.388402409532517,-1.3256552829919468,5,0.6198857835321947,3.0994289176609735,0.0,0.0,0.0,0.0,28.780572182620368,-15.32014780382648,False,True,False,True,False,0.0
2024-10-28 17:00:00+00:00,16.67,16.67,16.63,16.63,2045.0,,16.750932539682537,,16.927287398509534,"rgba(239, 83, 80, 1.0)",0.4726547318026946,16.90620018477326,-0.5843592927121269,5,0.6285309565046868,3.142654782523434,0.0,0.0,0.0,0.0,26.968397120388026,-17.35974884455954,False,True,False,True,False,0.0
2024-10-29 17:00:00+00:00,16.63,16.63,16.63,16.63,0.0,,16.750932539682537,,16.927287398509534,"rgba(239, 83, 80, 1.0)",0.4787767163763562,16.90620018477326,-0.576887253130638,5,0.6223218627911844,3.111609313955922,0.0,0.0,0.0,0.0,25.76028041223313,-18.819480669541505,False,True,False,True,False,0.0
2024-10-30 17:00:00+00:00,16.63,16.63,16.63,16.63,0.0,,16.750932539682537,,16.927287398509534,"rgba(239, 83, 80, 1.0)",0.4846594885275656,16.90620018477326,-0.5698850250768452,5,0.6174404314109367,3.0872021570546835,0.0,0.0,0.0,0.0,24.9548692734632,-19.922193925932778,False,True,False,True,False,0.0
2024-10-31 17:00:00+00:00,16.63,16.63,16.33,16.34,105.0,,16.73822857142857,,16.912760076806464,"rgba(239, 83, 80, 1.0)",0.4964878903107373,16.89105915238109,-1.1099145883219783,5,0.6052398252815896,3.026199126407948,0.0,0.0,0.0,0.0,22.43366861916268,-22.586465342105065,False,True,False,True,False,0.0
2024-11-01 17:00:00+00:00,16.56,16.56,16.56,16.56,0.0,,16.73822857142857,,16.912760076806464,"rgba(239, 83, 80, 1.0)",0.5030177132266828,16.89105915238109,-0.6581461123057912,4,0.722854289380306,2.891417157521224,0.0,0.0,0.0,0.0,25.674508315044783,-22.586465342105065,False,True,False,True,True,0.0
2024-11-04 17:00:00+00:00,16.4,16.4,16.4,16.4,0.0,,16.73822857142857,,16.912760076806464,"rgba(239, 83, 80, 1.0)",0.5124923818374502,16.89105915238109,-0.958178442810185,4,0.7113556330174257,2.8454225320697026,0.0,0.0,0.0,0.0,26.46757815861451,-22.586465342105065,False,True,False,True,True,0.0
2024-11-05 17:00:00+00:00,16.4,16.4,16.4,16.4,0.0,,16.73822857142857,,16.912760076806464,"rgba(239, 83, 80, 1.0)",0.5215680878564674,16.89105915238109,-0.9415053639482397,4,0.7006331488729444,2.8025325954917775,0.0,0.0,0.0,0.0,26.996291387660996,-22.586465342105065,False,True,False,True,True,0.0
2024-11-06 17:00:00+00:00,16.4,16.4,16.4,16.4,0.0,,16.73822857142857,,16.912760076806464,"rgba(239, 83, 80, 1.0)",0.5302459738581463,16.89105915238109,-0.9260968995352731,4,0.690615367307893,2.762461469231572,0.0,0.0,0.0,0.0,27.348766873691986,-22.586465342105065,False,True,False,True,True,0.0
2024-11-07 17:00:00+00:00,16.4,16.4,16.4,16.4,0.0,,16.73822857142857,,16.912760076806464,"rgba(239, 83, 80, 1.0)",0.5385452710859042,16.89105915238109,-0.9118252053182752,4,0.6812399679031165,2.724959871612466,0.0,0.0,0.0,0.0,27.583750531045975,-26.499880824254046,False,True,False,True,True,0.0
2024-11-08 17:00:00+00:00,16.4,16.4,16.4,16.4,0.0,,16.73822857142857,,16.912760076806464,"rgba(239, 83, 80, 1.0)",0.5464832283967184,16.89105915238109,-0.8985804629755396,4,0.6724523410394216,2.6898093641576866,0.0,0.0,0.0,0.0,27.740406302615302,-25.980355862881808,False,True,False,True,True,0.0
2024-11-11 17:00:00+00:00,16.4,16.4,16.16,16.16,10.0,,16.736337760910818,,16.910874233847142,"rgba(239, 83, 80, 1.0)",0.5591988719394553,16.88907678593965,-1.3037880126814487,4,0.6594590555120898,2.6378362220483593,0.0,0.0,0.0,0.0,25.446955518786698,-25.980355862881808,False,True,False,True,False,0.0
2024-11-12 17:00:00+00:00,16.16,16.16,15.86,15.86,96.0,,16.709047967777373,,16.83599922921751,"rgba(239, 83, 80, 1.0)",0.579579118805134,16.805203227489127,-1.6308441709179715,4,0.6406756071024,2.5627024284096,0.0,0.0,0.0,0.0,22.075151518552502,-24.258491106084275,False,True,False,True,False,0.0
2024-11-13 17:00:00+00:00,15.86,16.03,15.86,16.03,55.0,,16.69452380952381,,16.77463656372725,"rgba(239, 83, 80, 1.0)",0.5928268133532855,16.73630135568723,-1.191412634816708,4,0.6318440618013527,2.5273762472054107,0.0,0.0,0.0,0.0,23.90648429259927,-24.258491106084275,False,True,False,True,True,0.0
2024-11-14 17:00:00+00:00,16.03,16.03,16.03,16.03,0.0,,16.69452380952381,,16.77463656372725,"rgba(239, 83, 80, 1.0)",0.6051418045413685,16.73630135568723,-1.1671666878518334,4,0.6240056704565515,2.496022681826206,0.0,0.0,0.0,0.0,25.127372808630447,-24.258491106084275,False,True,False,True,True,0.0
2024-11-15 17:00:00+00:00,16.03,16.03,16.03,16.03,0.0,,16.69452380952381,,16.77463656372725,"rgba(239, 83, 80, 1.0)",0.6165799817329897,16.73630135568723,-1.1455145749332725,4,0.6170686512560031,2.4682746050240123,0.0,0.0,0.0,0.0,25.941298485984568,-27.810115105030587,False,True,False,True,True,0.0
2024-11-18 17:00:00+00:00,16.205,16.205,16.205,16.205,0.0,,16.69452380952381,,16.77463656372725,"rgba(239, 83, 80, 1.0)",0.623517340475671,16.73630135568723,-0.8521035762724939,4,0.6133953233845113,2.453581293538045,0.0,0.0,0.0,0.0,30.704535131047162,-23.34217136135989,False,True,False,True,True,0.0
2024-11-19 17:00:00+00:00,16.205,16.205,16.205,16.205,0.0,,16.69452380952381,,16.77463656372725,"rgba(239, 83, 80, 1.0)",0.6239896337785131,16.73630135568723,-0.8514586251537319,4,0.6102621477990343,2.4410485911961373,0.0,0.0,0.0,0.0,33.880026227755565,-20.511348571516855,False,True,False,True,True,0.0
2024-11-20 17:00:00+00:00,16.205,16.205,16.205,16.205,0.0,,16.69452380952381,,16.77463656372725,"rgba(239, 83, 80, 1.0)",0.624461389540624,16.73630135568723,-0.8508153820015639,4,0.6134765574263658,2.453906229705463,0.0,0.0,0.0,0.0,35.99702029222783,-18.65098663791476,False,True,False,True,True,0.0
2024-11-21 17:00:00+00:00,16.13,16.13,16.13,16.13,0.0,,16.69452380952381,,16.77463656372725,"rgba(239, 83, 80, 1.0)",0.6281624495805548,16.73630135568723,-0.9651983433458663,4,0.6163229321881577,2.465291728752631,0.0,0.0,0.0,0.0,36.115717400463765,-18.522483527053623,False,True,False,True,True,0.0
2024-11-22 17:00:00+00:00,16.13,16.13,16.13,16.13,0.0,,16.69452380952381,,16.77463656372725,"rgba(239, 83, 80, 1.0)",0.6318304239941794,16.73630135568723,-0.9595950632678273,4,0.6200006689032205,2.480002675612882,0.0,0.0,0.0,0.0,36.19484880595438,-18.259461383331242,False,False,False,True,True,0.0
2024-11-25 17:00:00+00:00,16.13,16.13,16.13,16.13,0.0,,16.69452380952381,,16.77463656372725,"rgba(239, 83, 80, 1.0)",0.6354658857026645,16.73630135568723,-0.9541052782350651,4,0.6245539512601297,2.4982158050405188,0.0,0.0,0.0,0.0,36.247603076281464,-17.916120059997112,False,False,False,True,True,0.0
2024-11-26 17:00:00+00:00,16.13,16.13,16.13,16.13,0.0,,16.69452380952381,,16.77463656372725,"rgba(239, 83, 80, 1.0)",0.6390693895694463,16.73630135568723,-0.9487253897353932,4,0.6300394336620969,2.5201577346483877,0.0,0.0,0.0,0.0,36.282772589832845,-17.531942858425218,False,False,False,True,True,0.0
2024-11-27 17:00:00+00:00,16.13,16.13,15.57,15.6,61.0,,16.674643484369515,,16.691719088157836,"rgba(239, 83, 80, 1.0)",0.6608880661927675,16.641660897294337,-1.5761532861307648,4,0.6259873444889735,2.503949377955894,0.0,0.0,0.0,0.0,29.98344109548951,-15.947863845081542,False,True,False,True,False,0.0
2024-11-28 17:00:00+00:00,15.6,15.6,15.6,15.6,0.0,,16.674643484369515,,16.691719088157836,"rgba(239, 83, 80, 1.0)",0.6820959154237897,16.641660897294337,-1.5271472438698708,4,0.6232383037171354,2.4929532148685416,0.0,0.0,0.0,0.0,25.783886765927292,-19.727663592915334,False,True,False,True,False,0.0
2024-11-29 17:00:00+00:00,15.6,15.6,15.6,15.6,0.0,,16.674643484369515,,16.691719088157836,"rgba(239, 83, 80, 1.0)",0.7021112755420061,16.641660897294337,-1.4836122614470333,4,0.6077498457363538,2.4309993829454153,0.0,0.0,0.0,0.0,22.984183879552475,-22.158291243992768,False,True,False,True,False,0.0
2024-12-02 17:00:00+00:00,15.6,15.64,15.6,15.64,203.0,,16.604892896174867,,16.617129745646334,"rgba(239, 83, 80, 1.0)",0.7199715147017702,16.562447055243737,-1.2812271546963032,4,0.5944687320205562,2.3778749280822247,0.0,0.0,0.0,0.0,22.57980983560799,-22.48032072801067,False,True,False,True,False,0.0
2024-12-03 17:00:00+00:00,15.86,15.86,15.845,15.845,2.0,,16.604398208824815,,16.616852523694615,"rgba(38, 166, 154, 1.0)",0.7321890724654507,16.562208167319305,-0.9795395674293498,4,0.5860350930598276,2.3441403722393104,0.0,0.0,0.0,0.0,28.421732050825796,-26.957435347975085,False,True,False,True,True,0.0
2024-12-04 17:00:00+00:00,15.845,15.845,15.845,15.845,0.0,,16.604398208824815,,16.616852523694615,"rgba(38, 166, 154, 1.0)",0.7438472670896464,16.562208167319305,-0.9641874065430538,4,0.5782155822155373,2.312862328862149,0.0,0.0,0.0,0.0,32.316346860971,-23.51826601884087,False,False,False,True,True,0.0
2024-12-05 17:00:00+00:00,15.72,15.72,15.72,15.72,0.0,,16.604398208824815,,16.616852523694615,"rgba(38, 166, 154, 1.0)",0.7575705003912453,16.562208167319305,-1.1117224956414595,4,0.5691602753866445,2.276641101546578,0.0,0.0,0.0,0.0,32.865156766077845,-23.08243769689927,False,False,False,True,True,0.0
2024-12-06 17:00:00+00:00,15.72,15.72,15.72,15.72,0.0,,16.604398208824815,,16.616852523694615,"rgba(38, 166, 154, 1.0)",0.769770048733975,16.562208167319305,-1.0941035815883808,4,0.5608029790819836,2.2432119163279345,0.0,0.0,0.0,0.0,33.23103003614908,-22.587556188541832,False,False,False,True,True,0.0
2024-12-09 17:00:00+00:00,15.72,15.72,15.72,15.72,0.0,,16.604398208824815,,16.616852523694615,"rgba(38, 166, 154, 1.0)",0.7812181640360122,16.562208167319305,-1.0780703855734732,4,0.5530771814747628,2.2123087258990513,0.0,0.0,0.0,0.0,33.4749455495299,-22.052723505008288,True,False,False,True,True,0.0
2024-12-10 17:00:00+00:00,15.72,15.72,15.72,15.72,0.0,,16.604398208824815,,16.616852523694615,"rgba(38, 166, 154, 1.0)",0.7919474343280091,16.562208167319305,-1.0634647336586716,4,0.5457560508727368,2.1830242034909473,0.0,0.0,0.0,0.0,33.63755589178378,-21.499080445900525,True,False,False,True,True,0.0
2024-12-11 17:00:00+00:00,15.515,15.515,15.515,15.515,0.0,,16.604398208824815,,16.616852523694615,"rgba(239, 83, 80, 1.0)",0.8062938904877147,16.562208167319305,-1.2987921397815188,4,0.5362744129725936,2.1450976518903744,0.0,0.0,0.0,0.0,30.497800290265445,-21.499080445900525,False,False,False,True,False,0.0
2024-12-12 17:00:00+00:00,15.515,15.515,15.3,15.3,117.0,,16.558885558009887,,16.56810006303321,"rgba(239, 83, 80, 1.0)",0.8247718767323635,16.51038533247592,-1.4675395301683964,4,0.5245310123401193,2.0981240493604774,0.0,0.0,0.0,0.0,26.362947892915308,-18.51919731459999,False,True,False,True,False,0.0
2024-12-13 17:00:00+00:00,15.33,15.345,15.33,15.335,2.0,,16.558114685167666,,16.56730743853569,"rgba(239, 83, 80, 1.0)",0.8411654131336048,16.50955021476411,-1.396336792294565,4,0.5143456527977194,2.0573826111908775,0.0,0.0,0.0,0.0,24.81498038070715,-20.038381923643566,False,True,False,True,False,0.0
2024-12-16 17:00:00+00:00,15.335,15.335,15.335,15.335,0.0,,16.558114685167666,,16.56730743853569,"rgba(239, 83, 80, 1.0)",0.856450000644275,16.50955021476411,-1.3714171450528818,4,0.5045534782698677,2.018213913079471,0.0,0.0,0.0,0.0,23.783002039235047,-21.154606880769098,False,True,False,True,False,0.0
2024-12-17 17:00:00+00:00,15.335,15.335,14.875,14.94,377.0,,16.39786687335588,,16.403478073539496,"rgba(239, 83, 80, 1.0)",0.8805721778254946,16.337252810051158,-1.586755572384273,4,0.49033663681891904,1.9613465472756761,0.0,0.0,0.0,0.0,20.290617509203447,-24.554166435015567,False,True,False,True,False,0.0
2024-12-18 17:00:00+00:00,14.98,14.98,14.98,14.98,0.0,,16.39786687335588,,16.403478073539496,"rgba(239, 83, 80, 1.0)",0.9019011801404364,16.337252810051158,-1.5048797362032698,4,0.47960443451831003,1.9184177380732401,0.0,0.0,0.0,0.0,19.18373786668015,-25.69715877101529,False,True,False,True,False,0.0
2024-12-19 17:00:00+00:00,14.825,14.825,14.745,14.745,150.0,,16.331904182440958,,16.33821603182711,"rgba(239, 83, 80, 1.0)",0.9279927383996573,16.269302856237996,-1.6425805862087761,4,0.4669526102972617,1.8678104411890468,0.0,0.0,0.0,0.0,17.210685123293676,-27.700782498380214,False,True,False,True,False,0.0
2024-12-20 17:00:00+00:00,14.785,14.815,14.785,14.815,410.0,,16.17951111652061,,16.194947255521882,"rgba(239, 83, 80, 1.0)",0.9502865001842361,16.123167968594082,-1.3766037593299096,4,0.45657948522059544,1.8263179408823818,0.0,0.0,0.0,0.0,17.866571873864523,-27.700782498380214,False,True,False,True,False,0.0
2024-12-23 17:00:00+00:00,14.815,14.815,14.815,14.815,0.0,,16.17951111652061,,16.194947255521882,"rgba(239, 83, 80, 1.0)",0.9709421773265813,16.123167968594082,-1.3473180989994973,4,0.4472916695413378,1.7891666781653512,0.0,0.0,0.0,0.0,18.303829707578423,-27.700782498380214,False,True,False,True,False,0.0
2024-12-24 17:00:00+00:00,12.965,12.965,12.965,12.965,0.0,,16.17951111652061,,16.194947255521882,"rgba(239, 83, 80, 1.0)",1.0558409099040424,16.123167968594082,-2.9911399899072904,3,0.22224837461629476,0.6667451238488843,0.0,0.0,0.0,0.0,14.151224115923853,-31.106663716194827,False,True,False,True,False,0.0
2024-12-25 17:00:00+00:00,12.965,12.965,12.965,12.965,0.0,,16.17951111652061,,16.194947255521882,"rgba(239, 83, 80, 1.0)",1.131442314796331,16.123167968594082,-2.7912761678553433,3,0.2072100014567302,0.6216300043701906,0.0,0.0,0.0,0.0,11.38282038815414,-33.74604008204213,False,True,False,True,False,0.0
2024-12-26 17:00:00+00:00,12.965,12.965,12.965,12.965,0.0,,16.17951111652061,,16.194947255521882,"rgba(239, 83, 80, 1.0)",1.2020065806058577,16.123167968594082,-2.6274132101691516,3,0.19498396177938448,0.5849518853381535,0.0,0.0,0.0,0.0,9.537217902974332,-35.519350388265764,False,True,False,True,False,0.0
2024-12-27 17:00:00+00:00,13.01,13.01,13.01,13.01,0.0,,16.17951111652061,,16.194947255521882,"rgba(239, 83, 80, 1.0)",1.2642394288002958,16.123167968594082,-2.4624828949911275,3,0.18508645863621057,0.5552593759086317,0.0,0.0,0.0,0.0,9.044683797556605,-36.11410135696016,False,True,False,True,False,0.0
2024-12-30 17:00:00+00:00,13.01,13.01,12.97,12.99,77.0,,16.12082716049383,,15.78471384629952,"rgba(239, 83, 80, 1.0)",1.3210552600099528,15.433135752242974,-1.8493819495670205,3,0.17660646481809564,0.5298193944542869,0.0,0.0,0.0,0.0,8.685113788583202,-36.69678175135263,False,True,False,True,False,0.0
2024-12-31 17:00:00+00:00,12.99,12.99,12.99,12.99,5.0,,16.11709108989658,,15.781115751859929,"rgba(239, 83, 80, 1.0)",1.3714092607096988,15.429661576559145,-1.7789449484223472,3,0.16931649227014658,0.5079494768104398,0.0,0.0,0.0,0.0,8.4454004492676,-37.24003858180744,False,True,False,True,False,0.0
2025-01-01 17:00:00+00:00,12.99,12.99,12.99,12.99,0.0,,16.11709108989658,,15.781115751859929,"rgba(239, 83, 80, 1.0)",1.4175646067867154,15.429661576559145,-1.7210232005504722,3,0.16301502619838906,0.4890450785951672,0.0,0.0,0.0,0.0,8.285591556390532,-37.75071685848289,False,True,False,True,False,0.0
2025-01-02 17:00:00+00:00,12.99,13.05,12.99,13.05,1.0,,16.116354489779685,,15.780456062097253,"rgba(239, 83, 80, 1.0)",1.4513800608665672,15.429069098304836,-1.6391771958644508,2,0.18797206375515751,0.37594412751031503,0.0,0.0,0.0,0.0,9.6295789843162,-37.75071685848289,False,True,False,True,False,0.0
2025-01-03 17:00:00+00:00,13.05,13.05,13.05,13.05,0.0,,16.116354489779685,,15.780456062097253,"rgba(239, 83, 80, 1.0)",1.4816144621372904,15.429069098304836,-1.6057275081352336,2,0.1824864061036676,0.3649728122073352,0.0,0.0,0.0,0.0,10.525570602933312,-37.75071685848289,False,True,False,True,True,0.0
2025-01-06 17:00:00+00:00,13.05,13.05,13.05,13.05,0.0,,16.116354489779685,,15.780456062097253,"rgba(239, 83, 80, 1.0)",1.5152442344685055,15.429069098304836,-1.570089523646549,2,0.17760035179759176,0.3552007035951835,0.0,0.0,0.0,0.0,11.122898348678053,-37.75071685848289,False,True,False,True,True,0.0
2025-01-07 17:00:00+00:00,13.05,13.05,13.05,13.05,0.0,,16.116354489779685,,15.780456062097253,"rgba(239, 83, 80, 1.0)",1.5406931077447608,15.429069098304836,-1.5441550860101365,2,0.1732221133681317,0.3464442267362634,0.0,0.0,0.0,0.0,11.521116845841213,-37.75071685848289,False,True,False,True,True,0.0
2025-01-08 17:00:00+00:00,12.88,12.88,12.88,12.88,0.0,,16.116354489779685,,15.780456062097253,"rgba(239, 83, 80, 1.0)",1.568751994363601,15.429069098304836,-1.6249025387463631,2,0.1688405892225746,0.3376811784451492,0.0,0.0,0.0,0.0,11.061191102143104,-37.75071685848289,False,True,False,True,True,0.0
2025-01-09 17:00:00+00:00,12.88,12.88,12.88,12.88,0.0,,16.116354489779685,,15.780456062097253,"rgba(239, 83, 80, 1.0)",1.5864467549546886,15.429069098304836,-1.6067788536512473,1,0.23080483357131126,0.23080483357131126,0.0,0.0,0.0,0.0,10.754573939677698,-37.75071685848289,False,True,False,True,True,0.0
2025-01-10 17:00:00+00:00,12.71,12.725,12.71,12.725,50.0,,16.076312583510177,,15.552003214667433,"rgba(239, 83, 80, 1.0)",1.6037857577484318,14.707564657975103,-1.2361779922266194,1,0.22551319172531026,0.22551319172531026,0.0,0.0,0.0,0.0,9.97768621370805,-37.75071685848289,False,True,False,True,False,0.0
2025-01-13 17:00:00+00:00,12.725,12.78,12.725,12.78,44.0,,16.042276546091014,,15.518776062589982,"rgba(239, 83, 80, 1.0)",1.6163066841714329,14.67987727055803,-1.1754435523676405,1,0.22091305194119462,0.22091305194119462,0.0,0.0,0.0,0.0,11.392699103415588,-37.75071685848289,False,True,False,True,True,0.0
2025-01-14 17:00:00+00:00,12.78,12.78,12.78,12.78,0.0,,16.042276546091014,,15.518776062589982,"rgba(239, 83, 80, 1.0)",1.626980151819428,14.67987727055803,-1.1677322974305657,1,0.21675039709976815,0.21675039709976815,0.0,0.0,0.0,0.0,12.33604102988728,-39.982531155196455,False,True,False,True,True,0.0
2025-01-15 17:00:00+00:00,12.745,12.785,12.745,12.785,154.0,,15.92881091837501,,15.414179526235827,"rgba(239, 83, 80, 1.0)",1.630269137124117,14.59408126042483,-1.1096825789244509,1,0.21298574189826028,0.21298574189826028,0.0,0.0,0.0,0.0,13.171743864583016,-39.11113592996428,False,True,False,True,True,0.0
2025-01-16 17:00:00+00:00,12.785,12.785,12.785,12.785,0.0,,15.92881091837501,,15.414179526235827,"rgba(239, 83, 80, 1.0)",1.6269179201542012,14.59408126042483,-1.1119683654682238,1,0.20956126976232042,0.20956126976232042,0.0,0.0,0.0,0.0,13.728879087713507,-38.495555907421625,False,True,False,True,True,0.0
2025-01-17 17:00:00+00:00,12.5,12.5,12.5,12.5,0.0,,15.92881091837501,,15.414179526235827,"rgba(239, 83, 80, 1.0)",1.635237881143866,14.59408126042483,-1.2805973275031994,1,0.20576963065401868,0.20576963065401868,0.0,0.0,0.0,0.0,12.403831504680255,-38.495555907421625,False,True,False,True,False,0.0
2025-01-20 17:00:00+00:00,12.5,12.5,12.5,12.5,0.0,,15.92881091837501,,15.414179526235827,"rgba(239, 83, 80, 1.0)",1.6392509193459455,14.59408126042483,-1.2774623065395987,1,0.20232988707275862,0.20232988707275862,0.0,0.0,0.0,0.0,11.520466449324754,-38.495555907421625,False,True,False,True,False,0.0
2025-01-21 17:00:00+00:00,12.405,12.415,12.405,12.415,2.0,,15.927226975906327,,15.412377790603369,"rgba(239, 83, 80, 1.0)",1.641801902327573,14.591955394305298,-1.3259549713147745,1,0.19901809966802259,0.19901809966802259,0.0,0.0,0.0,0.0,10.558982173197164,-37.19868167589378,False,True,False,True,False,0.0
2025-01-22 17:00:00+00:00,12.325,12.325,12.325,12.325,0.0,,15.927226975906327,,15.412377790603369,"rgba(239, 83, 80, 1.0)",1.6531453013535555,14.591955394305298,-1.3712983320033456,1,0.1958192066625653,0.1958192066625653,0.0,0.0,0.0,0.0,9.572243591680294,-38.17084256462641,False,True,False,True,False,0.0
2025-01-23 17:00:00+00:00,12.325,12.325,12.325,12.325,0.0,,15.927226975906327,,15.412377790603369,"rgba(239, 83, 80, 1.0)",1.6613849589971408,14.591955394305298,-1.3644973622932626,1,0.1929125190882197,0.1929125190882197,0.0,0.0,0.0,0.0,8.914417870669048,-38.843832543902366,False,True,False,True,False,0.0
2025-01-24 17:00:00+00:00,12.325,12.39,12.325,12.375,97.0,,15.851048552960188,,15.328850212936157,"rgba(239, 83, 80, 1.0)",1.6639978100080723,14.266777089190153,-1.1368867662037223,1,0.19036251060202536,0.19036251060202536,0.0,0.0,0.0,0.0,10.874414912099422,-38.843832543902366,False,True,False,True,True,0.0
2025-01-27 17:00:00+00:00,12.51,12.51,12.47,12.5,355.0,,15.607437495742216,,15.10463066545734,"rgba(239, 83, 80, 1.0)",1.6637544566106623,14.089539234013543,-0.9553929233353894,1,0.18825849688681995,0.18825849688681995,0.0,0.0,0.0,0.0,17.28401710776547,-35.66362206651095,False,False,False,True,True,0.0
2025-01-28 17:00:00+00:00,12.36,12.41,12.36,12.41,66.0,,15.564660549842039,,15.065785881420723,"rgba(239, 83, 80, 1.0)",1.6704323036510724,14.057416400371089,-0.9862215887290509,1,0.1861933241045921,0.1861933241045921,0.0,0.0,0.0,0.0,20.282282662542997,-33.2372070960234,True,False,False,True,True,0.0
2025-01-29 17:00:00+00:00,12.47,12.47,12.43,12.45,229.0,,15.42717842456952,,14.945918229209102,"rgba(239, 83, 80, 1.0)",1.6731373265555523,13.96728053002211,-0.9068475766694537,1,0.1843787215665329,0.1843787215665329,0.0,0.0,0.0,0.0,23.748855702760533,-30.34249614343053,True,False,False,True,True,0.0
2025-01-30 17:00:00+00:00,12.45,12.45,12.45,12.45,0.0,,15.42717842456952,,14.945918229209102,"rgba(239, 83, 80, 1.0)",1.6743768048693912,13.96728053002211,-0.9061762714399676,1,0.18246507144115465,0.18246507144115465,0.0,0.0,0.0,0.0,26.059904396238892,-28.464889981532156,True,False,False,True,True,0.0
2025-01-31 17:00:00+00:00,12.45,12.515,12.45,12.515,5.0,,15.424353617048592,,14.943521262348346,"rgba(239, 83, 80, 1.0)",1.6694676472532106,13.96559681780808,-0.8688978311108689,1,0.18086069003925517,0.18086069003925517,0.0,0.0,0.0,0.0,30.128393090394756,-24.899661601892227,True,False,False,True,True,0.0
2025-02-03 17:00:00+00:00,12.275,12.275,12.23,12.23,71.0,,15.38147099797366,,14.732662707973095,"rgba(239, 83, 80, 1.0)",1.66844946900725,13.72212255613782,-0.8943168995256737,1,0.17908653124955098,0.17908653124955098,-1.0,0.0,12.23,337.0,28.37010615132653,-24.899661601892227,True,False,False,True,True,0.0
2025-02-04 17:00:00+00:00,12.51,12.51,12.47,12.495,918.0,,14.952347676048745,,14.410010842480204,"rgba(239, 83, 80, 1.0)",1.6599138640411373,13.526937877752191,-0.6216815824647017,1,0.17800369672691618,0.17800369672691618,0.0,0.0,0.0,0.0,33.91792860108495,-21.938655120495262,True,False,False,True,True,0.0
2025-02-05 17:00:00+00:00,12.495,12.58,12.495,12.58,0.0,,14.952347676048745,,14.410010842480204,"rgba(38, 166, 154, 1.0)",1.657415631812527,13.526937877752191,-0.5713339850165603,1,0.17715325813308724,0.17715325813308724,0.0,0.0,0.0,0.0,39.23423022421133,-17.260031300762435,True,False,False,True,True,0.0
2025-02-06 17:00:00+00:00,12.625,12.625,12.59,12.59,100.0,,14.91492836676218,,14.382810386266197,"rgba(38, 166, 154, 1.0)",1.6519696188554929,13.512892458405162,-0.5586618832884799,1,0.17695760368163385,0.17695760368163385,0.0,0.0,0.0,0.0,42.971393211559345,-14.044927945322144,True,False,False,True,True,0.0
2025-02-07 17:00:00+00:00,12.59,12.59,12.56,12.56,10.0,,14.911201525746982,,14.380053091297563,"rgba(38, 166, 154, 1.0)",1.6450512957855465,13.511389039584397,-0.5783339656470036,1,0.1768513824038937,0.1768513824038937,0.0,0.0,0.0,0.0,44.83210865055249,-12.42374936837399,True,False,False,True,True,0.0
2025-02-10 17:00:00+00:00,12.56,12.7,12.56,12.7,1.0,,14.910842735314374,,14.379798721690946,"rgba(38, 166, 154, 1.0)",1.6368069388155997,13.511269278032596,-0.495641397158076,1,0.17650661759977096,0.17650661759977096,0.0,0.0,0.0,0.0,48.89398935244536,-8.63112600762215,True,False,False,False,True,0.0
2025-02-11 17:00:00+00:00,12.91,12.935,12.91,12.935,17.0,,14.905497094558903,,14.376642505475477,"rgba(38, 166, 154, 1.0)",1.623849580305823,13.510914137412595,-0.354659781544625,1,0.17691736385254078,0.17691736385254078,0.0,0.0,0.0,0.0,54.998101325074764,-3.0087453161832443,True,False,True,False,True,0.0
2025-02-12 17:00:00+00:00,12.935,12.975,12.935,12.975,322.0,,14.811119320466426,,14.212089764203892,"rgba(38, 166, 154, 1.0)",1.6088129948046137,13.374211646622452,-0.24814049110222156,1,0.17737950521223628,0.17737950521223628,0.0,0.0,0.0,0.0,59.54214352801834,1.092858512154379,True,False,True,False,True,0.0
2025-02-13 17:00:00+00:00,12.975,12.975,12.9,12.9,100.0,,14.78310209942563,,14.086542914844898,"rgba(38, 166, 154, 1.0)",1.5984681095652908,13.240594480470929,-0.21307555554771382,1,0.17842383322746563,0.17842383322746563,0.0,0.0,0.0,0.0,60.65204533415077,2.1465809785603085,True,False,True,False,True,0.0
2025-02-14 17:00:00+00:00,12.9,12.9,12.88,12.88,308.0,,14.700133049242426,,14.037295593021408,"rgba(38, 166, 154, 1.0)",1.5827000905340571,13.230266099221621,-0.22130920527301473,1,0.1796679343834273,0.1796679343834273,0.0,0.0,0.0,0.0,60.877409725502616,2.653672727575632,True,False,True,False,True,0.0
2025-02-17 17:00:00+00:00,12.88,12.88,12.88,12.88,0.0,,14.700133049242426,,14.037295593021408,"rgba(38, 166, 154, 1.0)",1.5684400151363829,13.230266099221621,-0.2233213229969547,1,0.1810719621721656,0.1810719621721656,0.0,0.0,0.0,0.0,61.027652653070504,3.2981463512084375,True,False,True,False,True,0.0
2025-02-18 17:00:00+00:00,12.88,12.88,12.88,12.88,0.0,,14.700133049242426,,14.037295593021408,"rgba(38, 166, 154, 1.0)",1.5526118563815332,13.230266099221621,-0.22559798044949847,1,0.18253458120067736,0.18253458120067736,0.0,0.0,0.0,0.0,61.12781460478243,4.013780005305193,True,False,True,False,True,0.0
2025-02-19 17:00:00+00:00,12.88,12.88,12.785,12.785,0.0,,14.700133049242426,,14.037295593021408,"rgba(38, 166, 154, 1.0)",1.5361846589216546,13.230266099221621,-0.2898519371585066,1,0.18439719893380013,0.18439719893380013,0.0,0.0,0.0,0.0,58.28334246288688,4.013780005305193,True,False,True,False,True,0.0
2025-02-20 17:00:00+00:00,12.785,12.785,12.785,12.785,0.0,,14.700133049242426,,14.037295593021408,"rgba(38, 166, 154, 1.0)",1.518029566828558,13.230266099221621,-0.293318462928139,1,0.18673958857476158,0.18673958857476158,0.0,0.0,0.0,0.0,56.387027701623175,4.013780005305193,True,False,True,False,False,0.0
2025-02-21 17:00:00+00:00,12.785,12.785,12.71,12.73,6.0,,14.698465323114771,,14.0360732184636,"rgba(38, 166, 154, 1.0)",1.4986764190474682,13.229662816329238,-0.3334027345588146,1,0.18857743274038644,0.18857743274038644,0.0,0.0,0.0,0.0,53.46629718273016,9.679444763666865,True,False,True,False,False,0.0
2025-02-24 17:00:00+00:00,12.73,12.73,12.695,12.695,34.0,,14.688900188323919,,14.02882737652842,"rgba(38, 166, 154, 1.0)",1.4830143456991516,13.225787154430112,-0.3579110046840966,1,0.19066695089456756,0.19066695089456756,0.0,0.0,0.0,0.0,50.513319902282255,6.6608992019254885,True,False,False,False,False,0.0
2025-02-25 17:00:00+00:00,12.735,12.77,12.715,12.755,57.0,,14.673388445191724,,14.017884554521212,"rgba(38, 166, 154, 1.0)",1.4710127815908114,13.220735084728629,-0.31660845545132776,1,0.19306207165783537,0.19306207165783537,0.0,0.0,0.0,0.0,50.555189473382114,6.419088858121789,True,False,False,False,False,0.0
2025-02-26 17:00:00+00:00,12.81,12.81,12.69,12.69,42.0,,14.662018851279196,,14.009831538530785,"rgba(38, 166, 154, 1.0)",1.455034233831477,13.21692001741166,-0.36213582138486533,1,0.19471713091984205,0.19471713091984205,0.0,0.0,0.0,0.0,48.60550312456288,4.248260023256606,True,False,False,True,False,0.0
2025-02-27 17:00:00+00:00,12.69,12.69,12.69,12.69,0.0,,14.662018851279196,,14.009831538530785,"rgba(38, 166, 154, 1.0)",1.4374806446013577,13.21692001741166,-0.366557991156664,1,0.19656438236651722,0.19656438236651722,0.0,0.0,0.0,0.0,47.30571222535006,2.7112067469479157,True,False,False,True,False,0.0
2025-02-28 17:00:00+00:00,12.5,12.5,12.375,12.45,8.0,,14.659547330828813,,14.007568584393358,"rgba(239, 83, 80, 1.0)",1.420941677991107,13.215225284850046,-0.5385339150104342,1,0.1984732064971495,0.1984732064971495,0.0,0.0,0.0,0.0,41.16694300337538,-3.1817532550345646,True,False,False,True,False,0.0
2025-03-03 17:00:00+00:00,12.45,12.51,12.34,12.34,100.0,,14.628493664516723,,13.851907207016263,"rgba(239, 83, 80, 1.0)",1.3998059711105275,13.03993303074949,-0.5000214638277347,1,0.20020091097445583,0.20020091097445583,0.0,0.0,0.0,0.0,35.58874312687122,-8.270867392756905,False,False,False,True,False,0.0
2025-03-04 17:00:00+00:00,12.34,12.455,12.34,12.38,14.0,,14.624204446879427,,13.72524328157805,"rgba(239, 83, 80, 1.0)",1.375895285927591,12.883531798150559,-0.36596665698370384,0,,,0.0,0.0,0.0,0.0,33.36536757176147,-10.204506098750194,False,False,False,True,False,0.0
2025-03-05 17:00:00+00:00,12.47,12.56,12.47,12.56,12.0,,14.620768038652631,,13.726679498853198,"rgba(239, 83, 80, 1.0)",1.3476164042385732,12.88700607774945,-0.24265516264193482,0,,,0.0,0.0,0.0,0.0,37.35860482166389,-10.204506098750194,False,False,False,True,True,0.0
2025-03-06 17:00:00+00:00,12.56,12.68,12.56,12.67,15.0,,14.616706695778753,,13.728689338684152,"rgba(38, 166, 154, 1.0)",1.3179131982790544,12.89163916032069,-0.16817432332425886,0,,,0.0,0.0,0.0,0.0,42.518412966191164,-14.694569532962767,True,False,False,True,True,0.0
2025-03-07 17:00:00+00:00,12.67,12.67,12.67,12.67,0.0,,14.616706695778753,,13.728689338684152,"rgba(38, 166, 154, 1.0)",1.2858484877050096,12.89163916032069,-0.17236802192478579,0,,,0.0,0.0,0.0,0.0,45.95828506254268,-11.601561131509264,True,False,False,True,True,0.0
2025-03-10 17:00:00+00:00,12.67,12.67,12.67,12.67,0.0,,14.616706695778753,,13.728689338684152,"rgba(38, 166, 154, 1.0)",1.2512407355814088,12.89163916032069,-0.17713550559693184,0,,,0.0,0.0,0.0,0.0,48.25153312677702,-9.457236790671011,True,False,False,False,True,0.0
2025-03-11 17:00:00+00:00,12.67,12.67,12.64,12.64,1.0,,14.616438349934056,,13.728755078802715,"rgba(38, 166, 154, 1.0)",1.2141184582364921,12.891862667833754,-0.20744488820274123,0,,,0.0,0.0,0.0,0.0,48.89012098769784,-8.66946810211784,True,False,False,False,True,0.0
2025-03-12 17:00:00+00:00,12.715,12.715,12.69,12.69,48.0,,14.603957796755687,,13.729599993377786,"rgba(38, 166, 154, 1.0)",1.1888202002272648,12.899699191800531,-0.1763926889536733,0,,,0.0,0.0,0.0,0.0,50.75383050333692,-6.59427024476534,True,False,False,False,True,0.0
2025-03-13 17:00:00+00:00,12.69,12.69,12.69,12.69,0.0,,14.603957796755687,,13.729599993377786,"rgba(38, 166, 154, 1.0)",1.1616590458213907,12.899699191800531,-0.18051698779847797,0,,,0.0,0.0,0.0,0.0,51.996303513762975,-5.046767966761216,True,False,True,False,True,0.0
2025-03-14 17:00:00+00:00,12.69,12.69,12.65,12.66,2.0,,14.603432714459958,,13.729429133836955,"rgba(38, 166, 154, 1.0)",1.1327156835763086,12.899765155359272,-0.21167284856713992,0,,,0.0,0.0,0.0,0.0,51.704426647243395,-4.890890929461818,True,False,True,False,True,0.0
2025-03-17 17:00:00+00:00,12.66,12.66,12.66,12.66,0.0,,14.603432714459958,,13.729429133836955,"rgba(38, 166, 154, 1.0)",1.1004294288721341,12.899765155359272,-0.21788326363192181,0,,,0.0,0.0,0.0,0.0,51.509842069563675,-4.554558763397154,True,False,False,False,True,0.0
2025-03-18 17:00:00+00:00,13.005,13.005,13.005,13.005,0.0,,14.603432714459958,,13.729429133836955,"rgba(38, 166, 154, 1.0)",1.0574242332237955,12.899765155359272,0.09951998576758186,0,,,0.0,1.0,13.005,364.0,59.087873402744435,2.8480321857803688,True,False,True,False,True,0.0
2025-03-19 17:00:00+00:00,13.005,13.005,13.005,13.005,0.0,,14.603432714459958,,13.729429133836955,"rgba(38, 166, 154, 1.0)",1.011158032934264,12.899765155359272,0.10407358811693254,0,,,0.0,0.0,0.0,0.0,64.13989429153162,7.532162788605319,True,False,True,False,True,0.0
2025-03-20 17:00:00+00:00,12.93,12.93,12.9,12.9,0.0,,14.603432714459958,,13.729429133836955,"rgba(38, 166, 154, 1.0)",0.9660735381330985,12.899765155359272,0.00024309188841017227,0,,,0.0,0.0,0.0,0.0,63.693386392588046,7.532162788605319,True,False,True,False,True,0.0
2025-03-21 17:00:00+00:00,12.9,12.9,12.9,12.9,0.0,,14.603432714459958,,13.729429133836955,"rgba(38, 166, 154, 1.0)",0.9172185480379179,12.899765155359272,0.00025604000402111685,0,,,0.0,0.0,0.0,0.0,63.395714459958995,7.532162788605319,True,False,True,False,True,0.0
2025-03-24 17:00:00+00:00,12.805,12.83,12.79,12.83,0.0,,14.603432714459958,,13.729429133836955,"rgba(38, 166, 154, 1.0)",0.8641517373847872,12.899765155359272,-0.08073252918567884,0,,,0.0,0.0,0.0,0.0,60.78815439089708,7.532162788605319,True,False,True,False,False,0.0
2025-03-25 17:00:00+00:00,12.83,12.83,12.83,12.83,0.0,,14.603432714459958,,13.729429133836955,"rgba(38, 166, 154, 1.0)",0.8057399207062663,12.899765155359272,-0.08658520394288048,0,,,0.0,0.0,0.0,0.0,59.04978101152246,7.532162788605319,True,False,True,False,False,0.0
2025-03-26 17:00:00+00:00,12.83,12.83,12.83,12.83,0.0,,14.603432714459958,,13.729429133836955,"rgba(38, 166, 154, 1.0)",0.7505568083246215,12.899765155359272,-0.09295119914374084,0,,,0.0,0.0,0.0,0.0,57.89086542527272,7.532162788605319,True,False,True,False,False,0.0
2025-03-27 17:00:00+00:00,12.65,12.65,12.65,12.65,0.0,,14.603432714459958,,13.729429133836955,"rgba(239, 83, 80, 1.0)",0.7001225954420899,12.899765155359272,-0.3567448858032625,0,,,0.0,0.0,0.0,0.0,51.62678771912124,7.728871088336682,True,False,False,False,False,0.0
2025-03-28 17:00:00+00:00,12.555,12.555,12.555,12.555,402.0,,14.497601850661871,12.555,13.444197341719033,"rgba(239, 83, 80, 1.0)",0.642614009935735,12.695786254537214,-0.21908369932876834,0,,,0.0,0.0,0.0,0.0,45.50009784085482,2.1258698607285282,False,False,False,True,False,0.0
2025-03-31 17:00:00+00:00,12.555,12.555,12.555,12.555,0.0,,14.497601850661871,12.555,13.444197341719033,"rgba(239, 83, 80, 1.0)",0.5770172214707222,12.695786254537214,-0.24398969267914336,0,,,0.0,0.0,0.0,0.0,41.41563792201054,-1.4800142106049776,False,True,False,True,False,0.0
2025-04-01 17:00:00+00:00,12.555,12.605,12.555,12.605,200.0,,14.44975650503279,12.56607419712071,13.422777064186878,"rgba(239, 83, 80, 1.0)",0.5239136594157866,12.692168571035172,-0.1663796495254056,0,,,0.0,0.0,0.0,0.0,40.70994210747304,-2.0930258159772137,False,True,False,True,False,0.0
2025-04-02 17:00:00+00:00,12.605,12.61,12.605,12.61,5.0,,14.448603597963107,12.566422295442065,13.422295813687706,"rgba(239, 83, 80, 1.0)",0.46010375837237677,12.692131899762142,-0.17850734376238356,0,,,0.0,0.0,0.0,0.0,40.44376374510331,-2.5611497313061946,False,True,False,True,False,0.0
2025-04-03 17:00:00+00:00,11.95,11.95,11.905,11.91,13.0,,14.444496812101518,12.552903225806451,13.416710851625371,"rgba(239, 83, 80, 1.0)",0.4120044716803477,12.686585687111098,-1.8848962583920912,0,,,0.0,0.0,0.0,0.0,32.09879873014984,-10.480666859601854,False,True,False,True,False,0.0
2025-04-04 17:00:00+00:00,11.19,11.19,11.19,11.19,0.0,,14.444496812101518,12.552903225806451,13.416710851625371,"rgba(239, 83, 80, 1.0)",0.37912081793870406,12.686585687111098,-3.9475165073975576,0,,,0.0,0.0,0.0,0.0,24.402180370306503,-17.432158112409795,False,True,False,True,False,0.0
2025-04-07 17:00:00+00:00,11.19,11.19,11.19,11.19,0.0,,14.444496812101518,12.552903225806451,13.416710851625371,"rgba(239, 83, 80, 1.0)",0.3361281662462418,12.686585687111098,-4.452425703636883,0,,,0.0,0.0,0.0,0.0,19.27110146374428,-21.899874240504488,False,True,False,True,False,0.0
2025-04-08 17:00:00+00:00,11.19,11.19,11.19,11.19,0.0,,14.444496812101518,12.552903225806451,13.416710851625371,"rgba(239, 83, 80, 1.0)",0.37493066025588895,12.686585687111098,-3.9916332425032497,0,,,0.0,0.0,0.0,0.0,15.850382192702796,-24.907130378052653,False,True,False,True,False,0.0
2025-04-09 17:00:00+00:00,10.56,11.19,10.56,11.19,6.0,10.979999999999999,14.441900062460968,12.53782747603834,13.227231852033054,"rgba(239, 83, 80, 1.0)",0.4086911982113293,12.537652973876437,-3.29748470183491,0,,,0.0,0.0,0.0,0.0,13.56990267867514,-27.0646450324116,False,True,False,True,False,0.0
2025-04-10 17:00:00+00:00,11.21,11.21,11.21,11.21,0.0,10.979999999999999,14.441900062460968,12.53782747603834,13.227231852033054,"rgba(239, 83, 80, 1.0)",0.43771604189617,12.537652973876437,-3.0331375750477214,0,,,0.0,0.0,0.0,0.0,12.599929862083897,-28.233541148712277,False,True,False,True,False,0.0
2025-04-11 17:00:00+00:00,11.74,11.89,11.74,11.89,1100.0,11.835334538878842,14.127557386051626,12.093093858632677,12.979590739206952,"rgba(38, 166, 154, 1.0)",0.44240271491264427,12.335810207769619,-1.0077022421927198,0,,,0.0,0.0,0.0,0.0,24.154104679716166,-35.6738697198687,False,True,False,True,True,0.0
2025-04-14 17:00:00+00:00,11.89,11.89,11.89,11.89,0.0,11.835334538878842,14.127557386051626,12.093093858632677,12.979590739206952,"rgba(38, 166, 154, 1.0)",0.44679819900101064,12.335810207769619,-0.9977887304971205,0,,,0.0,0.0,0.0,0.0,31.856887891471015,-28.771570915949802,False,True,False,True,True,0.0
2025-04-15 17:00:00+00:00,11.89,11.92,11.87,11.92,101.0,11.841024578845621,14.103155188645092,12.082603539500091,12.963741849713841,"rgba(38, 166, 154, 1.0)",0.4500870586456317,12.324910784364828,-0.8996276977686396,0,,,0.0,0.0,0.0,0.0,37.38522589387899,-23.883238382500803,False,True,False,True,True,0.0
2025-04-16 17:00:00+00:00,11.92,11.92,11.92,11.92,0.0,11.841024578845621,14.103155188645092,12.082603539500091,12.963741849713841,"rgba(38, 166, 154, 1.0)",0.4528968022777698,12.324910784364828,-0.8940464634071079,0,,,0.0,0.0,0.0,0.0,41.070784562150976,-20.525100510134568,False,False,False,True,True,0.0
2025-04-17 17:00:00+00:00,11.79,11.79,11.79,11.79,0.0,11.841024578845621,14.103155188645092,12.082603539500091,12.963741849713841,"rgba(38, 166, 154, 1.0)",0.4569092996514995,12.324910784364828,-1.1707154675398903,0,,,0.0,0.0,0.0,0.0,41.76365778037059,-19.64722852022517,False,False,False,True,True,0.0
2025-04-18 17:00:00+00:00,11.79,11.79,11.79,11.79,0.0,11.841024578845621,14.103155188645092,12.082603539500091,12.963741849713841,"rgba(38, 166, 154, 1.0)",0.46026578690416486,12.324910784364828,-1.1621780275321802,0,,,0.0,0.0,0.0,0.0,42.22557325918367,-18.656669923388115,False,False,False,True,True,0.0
2025-04-21 17:00:00+00:00,11.79,11.79,11.655,11.67,0.0,11.841024578845621,14.103155188645092,12.082603539500091,12.963741849713841,"rgba(38, 166, 154, 1.0)",0.4656153731091694,12.324910784364828,-1.4065488860293198,0,,,0.0,0.0,0.0,0.0,40.90547343135221,-18.656669923388115,False,False,False,True,True,0.0
2025-04-22 17:00:00+00:00,11.67,11.67,11.67,11.67,0.0,11.841024578845621,14.103155188645092,12.082603539500091,12.963741849713841,"rgba(38, 166, 154, 1.0)",0.4701749530615191,12.324910784364828,-1.392908703665331,0,,,0.0,0.0,0.0,0.0,40.025406879464576,-18.656669923388115,False,False,False,True,True,0.0
2025-04-23 17:00:00+00:00,11.67,11.67,11.67,11.67,0.0,11.841024578845621,14.103155188645092,12.082603539500091,12.963741849713841,"rgba(38, 166, 154, 1.0)",0.4764669335207363,12.324910784364828,-1.3745146583951264,0,,,0.0,0.0,0.0,0.0,39.43869584487282,-18.656669923388115,False,False,False,True,True,0.0
2025-04-24 17:00:00+00:00,11.67,11.67,11.67,11.67,0.0,11.841024578845621,14.103155188645092,12.082603539500091,12.963741849713841,"rgba(38, 166, 154, 1.0)",0.4821300523585957,12.324910784364828,-1.3583695543577583,0,,,0.0,0.0,0.0,0.0,39.04755515514498,-18.656669923388115,False,False,False,True,True,0.0
2025-04-25 17:00:00+00:00,11.67,12.25,11.67,12.25,3.0,11.841559228650137,14.102488507619363,12.08256102003643,12.96340933151815,"rgba(38, 166, 154, 1.0)",0.4813607963016213,12.324754019898297,-0.15529727487706707,0,,,0.0,0.0,0.0,0.0,48.397772760244365,-9.601957888303964,True,False,False,False,True,0.0
2025-04-28 17:00:00+00:00,12.25,12.25,12.24,12.24,100.0,11.872229007633587,14.082516919110544,12.090891191709844,12.957455433366167,"rgba(38, 166, 154, 1.0)",0.48004008841595835,12.325713088921475,-0.1785540228615318,0,,,0.0,0.0,0.0,0.0,54.43045430356885,-3.91467139839299,True,False,True,False,True,0.0
2025-04-29 17:00:00+00:00,12.35,12.36,12.35,12.36,100.0,11.906586288416076,14.06417437205513,12.103983579638752,12.954291305110686,"rgba(38, 166, 154, 1.0)",0.4782229492497237,12.329899861654674,0.06294164341663037,0,,,0.0,0.0,0.0,0.0,59.65948827802392,0.9042113725104031,True,False,True,False,True,0.0
2025-04-30 17:00:00+00:00,12.29,12.29,12.29,12.29,0.0,11.906586288416076,14.06417437205513,12.103983579638752,12.954291305110686,"rgba(38, 166, 154, 1.0)",0.4764432129173944,12.329899861654674,-0.08374526191769402,0,,,0.0,0.0,0.0,0.0,61.59730742499657,2.7359629107332495,True,False,True,False,True,0.0
2025-05-01 17:00:00+00:00,12.29,12.29,12.29,12.29,0.0,11.906586288416076,14.06417437205513,12.103983579638752,12.954291305110686,"rgba(38, 166, 154, 1.0)",0.4745637826295831,12.329899861654674,-0.08407692098538914,0,,,0.0,0.0,0.0,0.0,62.88918685631167,4.185224909887495,True,False,True,False,True,0.0
2025-05-02 17:00:00+00:00,12.29,12.29,12.29,12.29,0.0,11.906586288416076,14.06417437205513,12.103983579638752,12.954291305110686,"rgba(38, 166, 154, 1.0)",0.47458889749080313,12.329899861654674,-0.08407247170262354,0,,,0.0,0.0,0.0,0.0,63.75043981052173,5.40923588995058,True,False,True,False,True,0.0
2025-05-05 17:00:00+00:00,12.845,12.865,12.845,12.865,1.0,11.907260807937632,14.064046227417645,12.104354997538158,12.954387416374413,"rgba(38, 166, 154, 1.0)",0.47751350153064637,12.330096491966529,1.1201850970053495,0,,,0.0,0.0,0.0,0.0,69.34868316271874,11.013468200296664,True,False,True,False,True,0.0
2025-05-06 17:00:00+00:00,12.865,12.865,12.865,12.865,0.0,11.907260807937632,14.064046227417645,12.104354997538158,12.954387416374413,"rgba(38, 166, 154, 1.0)",0.4804884432991689,12.330096491966529,1.1132494766381333,0,,,0.0,0.0,0.0,0.0,73.08084539751675,14.709655743327176,True,False,True,False,True,0.0
2025-05-07 17:00:00+00:00,12.655,12.655,12.655,12.655,0.0,11.907260807937632,14.064046227417645,12.104354997538158,12.954387416374413,"rgba(38, 166, 154, 1.0)",0.4812223269216033,12.330096491966529,0.6751629960976455,0,,,0.0,0.0,0.0,0.0,71.0611163306016,14.709655743327176,True,False,True,False,True,0.0
2025-05-08 17:00:00+00:00,12.655,12.655,12.655,12.655,0.0,11.907260807937632,14.064046227417645,12.104354997538158,12.954387416374413,"rgba(38, 166, 154, 1.0)",0.4819143787732246,12.330096491966529,0.6741934300872164,0,,,0.0,0.0,0.0,0.0,69.7146302859915,14.709655743327176,True,False,True,False,False,0.0
2025-05-09 17:00:00+00:00,12.655,12.655,12.655,12.655,0.0,11.907260807937632,14.064046227417645,12.104354997538158,12.954387416374413,"rgba(38, 166, 154, 1.0)",0.48266492770072594,12.330096491966529,0.6731450523683485,0,,,0.0,0.0,0.0,0.0,68.81697292291811,14.709655743327176,True,False,True,False,False,0.0
2025-05-12 17:00:00+00:00,13.305,13.305,13.27,13.27,84.0,11.984484949832776,14.057123973035607,12.151113475177304,12.970921326616843,"rgba(38, 166, 154, 1.0)",0.49245371118265757,12.356823572945654,1.8543396187659889,0,,,0.0,0.0,0.0,0.0,72.74537426825151,15.317679665922654,True,False,True,False,True,4.429532586330737
2025-05-13 17:00:00+00:00,13.43,13.51,13.43,13.51,8.0,11.99246285207363,14.056640882621208,12.156133615952267,12.972828272284682,"rgba(38, 166, 154, 1.0)",0.5079427062107572,12.359763032607592,2.264501396177441,1,0.625693178427043,0.625693178427043,0.0,0.0,0.0,0.0,76.35430803522243,18.96982377495833,True,False,True,False,True,7.2896571423601095
2025-05-14 17:00:00+00:00,13.75,13.75,13.75,13.75,0.0,11.99246285207363,14.056640882621208,12.156133615952267,12.972828272284682,"rgba(38, 166, 154, 1.0)",0.5297876763212759,12.359763032607592,2.6241398762724994,1,0.6084487942623984,0.6084487942623984,0.0,0.0,0.0,0.0,79.56489132107248,22.182382721555385,True,False,True,False,True,9.978663144029067
2025-05-15 17:00:00+00:00,13.75,13.75,13.75,13.75,0.0,11.99246285207363,14.056640882621208,12.156133615952267,12.972828272284682,"rgba(38, 166, 154, 1.0)",0.5502137422512067,12.359763032607592,2.526721636766532,1,0.5927007046920746,0.5927007046920746,0.0,0.0,0.0,0.0,81.70528017830583,24.405297459924157,True,False,True,False,True,9.978663144029067
2025-05-16 17:00:00+00:00,13.75,13.75,13.75,13.75,0.0,11.99246285207363,14.056640882621208,12.156133615952267,12.972828272284682,"rgba(38, 166, 154, 1.0)",0.5693970811621283,12.359763032607592,2.4415948261535894,1,0.5786814937942638,0.5786814937942638,0.0,0.0,0.0,0.0,83.13220608312807,26.034346646926124,True,False,True,False,True,9.978663144029067
2025-05-19 17:00:00+00:00,13.75,13.75,13.75,13.75,0.0,11.99246285207363,14.056640882621208,12.156133615952267,12.972828272284682,"rgba(38, 166, 154, 1.0)",0.5865481785545679,12.359763032607592,2.370200809110638,1,0.5655426584498242,0.5655426584498242,0.0,0.0,0.0,0.0,84.08349001967623,27.303775467862565,True,False,True,False,True,9.978663144029067
2025-05-20 17:00:00+00:00,13.75,13.75,13.75,13.75,0.0,11.99246285207363,14.056640882621208,12.156133615952267,12.972828272284682,"rgba(38, 166, 154, 1.0)",0.6035518145053567,12.359763032607592,2.303426042272414,1,0.5533704537488352,0.5533704537488352,0.0,0.0,0.0,0.0,84.71767931070835,28.349347137872513,True,False,True,False,True,9.978663144029067
2025-05-21 17:00:00+00:00,13.75,13.75,13.75,13.75,0.0,11.99246285207363,14.056640882621208,12.156133615952267,12.972828272284682,"rgba(38, 166, 154, 1.0)",0.6196555131319907,12.359763032607592,2.2435642674517413,1,0.5420556708420596,0.5420556708420596,0.0,0.0,0.0,0.0,85.14047217139642,29.24787872195104,True,False,True,False,True,9.978663144029067
2025-05-22 17:00:00+00:00,13.75,14.27,13.75,14.27,100.0,12.123729465585361,14.057057731028262,12.243427050532313,13.001770596875115,"rgba(38, 166, 154, 1.0)",0.6507128592744585,12.482776960616798,2.746561734427603,1,0.519755388487796,0.519755388487796,0.0,0.0,0.0,0.0,87.2546705825772,31.69083381296143,True,False,True,False,True,15.735295927033068
2025-05-23 17:00:00+00:00,14.27,14.27,14.18,14.18,25.0,12.15576678951679,14.057454901146087,12.265297301304862,13.009630326097104,"rgba(38, 166, 154, 1.0)",0.6766698930380015,12.605667288171151,2.326588973481098,1,0.5022951190201849,0.5022951190201849,0.0,0.0,0.0,0.0,86.50035546422811,31.69083381296143,True,False,True,False,True,14.338400502251886
2025-05-26 17:00:00+00:00,14.18,14.18,14.18,14.18,0.0,12.15576678951679,14.057454901146087,12.265297301304862,13.009630326097104,"rgba(38, 166, 154, 1.0)",0.7009513612303834,12.605667288171151,2.2459942285658943,1,0.4866500852078882,0.4866500852078882,0.0,0.0,0.0,0.0,85.99747871866205,31.69083381296143,True,False,True,False,True,14.338400502251886
2025-05-27 17:00:00+00:00,14.18,14.18,14.18,14.18,0.0,12.15576678951679,14.057454901146087,12.265297301304862,13.009630326097104,"rgba(38, 166, 154, 1.0)",0.7230591168683257,12.605667288171151,2.177322261902336,1,0.4725334817326978,0.4725334817326978,0.0,0.0,0.0,0.0,85.66222755495134,31.69083381296143,True,False,True,False,True,14.338400502251886
2025-05-28 17:00:00+00:00,13.88,13.94,13.88,13.94,144.0,12.299135628291948,14.055429161123056,12.364911510590858,13.034760803535573,"rgba(38, 166, 154, 1.0)",0.7377151052923433,12.641786176379043,1.75977665945514,1,0.462892664027065,0.462892664027065,0.0,0.0,0.0,0.0,79.42598979465527,34.025487446381206,True,False,True,False,False,10.604401188416428
2025-05-29 17:00:00+00:00,13.94,13.94,13.94,13.94,0.0,12.299135628291948,14.055429161123056,12.364911510590858,13.034760803535573,"rgba(38, 166, 154, 1.0)",0.7522411979011363,12.641786176379043,1.725794635076043,1,0.45393747360680775,0.45393747360680775,0.0,0.0,0.0,0.0,75.26849795445789,30.21929440723639,True,False,True,False,False,10.604401188416428
2025-05-30 17:00:00+00:00,13.94,13.94,13.94,13.94,0.0,12.299135628291948,14.055429161123056,12.364911510590858,13.034760803535573,"rgba(38, 166, 154, 1.0)",0.7663150211966541,12.641786176379043,1.694099407830615,1,0.44535882065527327,0.44535882065527327,0.0,0.0,0.0,0.0,72.49683672765963,27.751598677680462,True,False,True,False,False,10.604401188416428
2025-06-02 17:00:00+00:00,13.94,13.94,13.94,13.94,0.0,12.299135628291948,14.055429161123056,12.364911510590858,13.034760803535573,"rgba(38, 166, 154, 1.0)",0.7798754405048408,12.641786176379043,1.6646425264790712,1,0.4374350132648225,0.4374350132648225,0.0,0.0,0.0,0.0,70.64906257646079,26.07294938183577,True,False,True,False,False,10.604401188416428
2025-06-03 17:00:00+00:00,13.94,13.94,13.94,13.94,0.0,12.299135628291948,14.055429161123056,12.364911510590858,13.034760803535573,"rgba(38, 166, 154, 1.0)",0.7929487958202028,12.641786176379043,1.6371975472617029,1,0.430040430074822,0.430040430074822,0.0,0.0,0.0,0.0,69.41721314232824,24.855569326328123,True,False,True,False,False,10.604401188416428
2025-06-04 17:00:00+00:00,14.055,14.055,14.055,14.055,0.0,12.299135628291948,14.055429161123056,12.364911510590858,13.034760803535573,"rgba(38, 166, 154, 1.0)",0.8082162931892016,12.641786176379043,1.7485589384055227,1,0.4218434587961483,0.4218434587961483,0.0,0.0,0.0,0.0,70.30202379272414,24.855569326328123,True,False,True,False,False,12.000227128569797
2025-06-05 17:00:00+00:00,13.92,13.92,13.91,13.91,300.0,12.532851512226513,14.051196339324138,12.537469663199603,13.106426786343373,"rgba(38, 166, 154, 1.0)",0.8198648921873399,12.740411501896743,1.4265624851710388,1,0.41572978646992576,0.41572978646992576,0.0,0.0,0.0,0.0,66.5647393614774,21.96762129324121,True,False,True,False,False,9.639783099203171
2025-06-06 17:00:00+00:00,13.91,13.91,13.9,13.9,100.0,12.595949201964395,14.049742568741198,12.586390281757403,13.127710445186946,"rgba(38, 166, 154, 1.0)",0.8308973386570115,12.76983202071548,1.3601776377226376,1,0.4102168123295962,0.4102168123295962,0.0,0.0,0.0,0.0,63.80175321008349,19.31878233748536,False,False,True,False,False,9.478486442042858
2025-06-09 17:00:00+00:00,13.94,14.01,13.94,14.01,20.0,12.608638229927006,14.049618781277605,12.596349573257466,13.13241527287,"rgba(38, 166, 154, 1.0)",0.8435658547803299,12.776236161222329,1.462557821403228,1,0.40405400905740657,0.40405400905740657,0.0,0.0,0.0,0.0,63.98622063751102,19.31878233748536,False,False,True,False,False,10.850661796926797
2025-06-10 17:00:00+00:00,14.01,14.01,14.01,14.01,0.0,12.608638229927006,14.049618781277605,12.596349573257466,13.13241527287,"rgba(38, 166, 154, 1.0)",0.8557364353857818,12.776236161222329,1.441756816421481,1,0.39849648131143894,0.39849648131143894,0.0,0.0,0.0,0.0,64.1091989224627,19.211156365831712,False,False,True,False,False,10.850661796926797
2025-06-11 17:00:00+00:00,14.01,14.185,14.01,14.185,100.0,12.674869837114601,14.05036747319665,12.648901671245419,13.159546954270448,"rgba(38, 166, 154, 1.0)",0.8708633078163407,12.81247306411206,1.5760532377113274,1,0.3919769718095275,0.3919769718095275,0.0,0.0,0.0,0.0,66.88627001077657,19.211156365831712,False,False,True,False,True,13.001463366439861
2025-06-12 17:00:00+00:00,14.185,14.185,14.185,14.185,0.0,12.674869837114601,14.05036747319665,12.648901671245419,13.159546954270448,"rgba(38, 166, 154, 1.0)",0.8852770981678326,12.81247306411206,1.550392457602844,1,0.3859917984211571,0.3859917984211571,0.0,0.0,0.0,0.0,68.73765073631915,19.211156365831712,False,False,True,False,True,13.001463366439861
2025-06-13 17:00:00+00:00,14.47,14.47,14.47,14.47,0.0,12.674869837114601,14.05036747319665,12.648901671245419,13.159546954270448,"rgba(38, 166, 154, 1.0)",0.9043595962222092,12.81247306411206,1.8328184306463324,1,0.3776711804555981,0.3776711804555981,0.0,0.0,0.0,0.0,72.89857344382658,17.824842504936697,True,False,True,False,True,16.336719341974405
2025-06-16 17:00:00+00:00,14.47,14.47,14.47,14.47,0.0,12.674869837114601,14.05036747319665,12.648901671245419,13.159546954270448,"rgba(38, 166, 154, 1.0)",0.921475877488234,12.81247306411206,1.798774093149394,1,0.36984305769988474,0.36984305769988474,0.0,0.0,0.0,0.0,75.6725219154982,20.418322656571164,True,False,True,False,True,16.336719341974405
2025-06-17 17:00:00+00:00,14.47,14.47,14.47,14.47,0.0,12.674869837114601,14.05036747319665,12.648901671245419,13.159546954270448,"rgba(38, 166, 154, 1.0)",0.9377222403248834,12.81247306411206,1.76760970851419,1,0.36287853627931865,0.36287853627931865,0.0,0.0,0.0,0.0,77.5218208966126,22.177359985107444,True,False,True,False,True,16.336719341974405
2025-06-18 17:00:00+00:00,14.47,14.47,14.47,14.47,0.0,12.674869837114601,14.05036747319665,12.648901671245419,13.159546954270448,"rgba(38, 166, 154, 1.0)",0.9540420175081861,12.81247306411206,1.7373730983223892,1,0.3564218099152163,0.3564218099152163,0.0,0.0,0.0,0.0,78.7546868840222,23.442950352586294,True,False,True,False,True,16.336719341974405
2025-06-19 17:00:00+00:00,14.47,14.47,14.47,14.47,0.0,12.674869837114601,14.05036747319665,12.648901671245419,13.159546954270448,"rgba(38, 166, 154, 1.0)",0.9699297596932768,12.81247306411206,1.7089144026389127,1,0.3504961454102999,0.3504961454102999,0.0,0.0,0.0,0.0,79.57659754229527,24.416083009533807,True,False,True,False,True,16.336719341974405
2025-06-20 17:00:00+00:00,14.02,14.065,14.02,14.065,3.0,12.676667392883079,14.050367366103236,12.65034362492853,13.176741580818632,"rgba(239, 83, 80, 1.0)",0.9777605733197968,13.256067741537908,0.8273316398057639,1,0.34751617752228287,0.34751617752228287,0.0,0.0,0.0,0.0,67.96083438505131,23.97972257307508,False,False,True,False,False,9.214514412179856
2025-06-23 17:00:00+00:00,14.22,14.22,14.22,14.22,0.0,12.676667392883079,14.050367366103236,12.65034362492853,13.176741580818632,"rgba(239, 83, 80, 1.0)",0.9876166004829349,13.256067741537908,0.9760186878093573,1,0.3445571341995624,0.3445571341995624,0.0,0.0,0.0,0.0,63.203222867019505,20.00647581869336,False,True,True,False,False,11.158629010311532
2025-06-24 17:00:00+00:00,14.16,14.16,14.16,14.16,0.0,12.676667392883079,14.050367366103236,12.65034362492853,13.176741580818632,"rgba(239, 83, 80, 1.0)",0.9958378382045541,13.256067741537908,0.9077102955756698,1,0.3415061040871407,0.3415061040871407,0.0,0.0,0.0,0.0,58.85155260700304,16.319835915347653,False,True,True,False,False,10.164497495799516
2025-06-25 17:00:00+00:00,14.16,14.16,14.16,14.16,0.0,12.676667392883079,14.050367366103236,12.65034362492853,13.176741580818632,"rgba(239, 83, 80, 1.0)",1.0038248608952018,13.256067741537908,0.9004880170590449,1,0.33850254996500645,0.33850254996500645,0.0,0.0,0.0,0.0,55.950439100325404,13.835721855273285,False,True,True,False,False,10.164497495799516
2025-06-26 17:00:00+00:00,14.16,14.16,14.16,14.16,0.0,12.676667392883079,14.050367366103236,12.65034362492853,13.176741580818632,"rgba(239, 83, 80, 1.0)",1.0113639305412865,13.256067741537908,0.8937754562576731,1,0.33566721406493333,0.33566721406493333,0.0,0.0,0.0,0.0,54.01636342920698,12.046522086894875,False,True,True,False,False,10.164497495799516
2025-06-27 17:00:00+00:00,14.16,14.16,14.16,14.16,0.0,12.676667392883079,14.050367366103236,12.65034362492853,13.176741580818632,"rgba(239, 83, 80, 1.0)",1.0183068751077995,13.256067741537908,0.8876815825940488,1,0.3330555152763357,0.3330555152763357,0.0,0.0,0.0,0.0,52.726979648461366,10.657590915669914,False,True,False,False,False,10.164497495799516
2025-06-30 17:00:00+00:00,14.16,14.16,14.16,14.16,0.0,12.676667392883079,14.050367366103236,12.65034362492853,13.176741580818632,"rgba(239, 83, 80, 1.0)",1.0248072857727413,13.256067741537908,0.882050968031999,1,0.33039902217652073,0.33039902217652073,0.0,0.0,0.0,0.0,51.86739046129762,9.503025866627418,False,True,False,False,False,10.164497495799516
2025-07-01 17:00:00+00:00,14.02,14.11,14.02,14.11,199.0,12.788641406041165,14.05092934972522,12.741705737529434,13.277231825022705,"rgba(239, 83, 80, 1.0)",1.0314553393710448,13.400568791425037,0.6877963412430006,1,0.3279348185480445,0.3279348185480445,0.0,0.0,0.0,0.0,49.78837005321144,7.137697531534272,False,True,False,False,False,9.268108159906586
2025-07-02 17:00:00+00:00,14.11,14.25,14.11,14.25,2.0,12.789774973290598,14.050958392885509,12.742643881044073,13.278069341201931,"rgba(239, 83, 80, 1.0)",1.039774239182905,13.401507892026023,0.8160349391236646,1,0.3249375430069682,0.3249375430069682,0.0,0.0,0.0,0.0,52.40856060794937,7.137697531534272,False,True,True,False,False,11.187123174088558
2025-07-03 17:00:00+00:00,14.33,14.33,14.33,14.33,0.0,12.789774973290598,14.050958392885509,12.742643881044073,13.278069341201931,"rgba(38, 166, 154, 1.0)",1.0486890915856477,13.401507892026023,0.8853835854915495,1,0.3217310170716586,0.3217310170716586,0.0,0.0,0.0,0.0,55.911856685049706,7.137697531534272,False,True,True,False,True,12.255232315353677
2025-07-04 17:00:00+00:00,14.33,14.33,14.33,14.33,0.0,12.789774973290598,14.050958392885509,12.742643881044073,13.278069341201931,"rgba(38, 166, 154, 1.0)",1.0571803309994814,13.401507892026023,0.8782722121742087,1,0.3187039324681896,0.3187039324681896,0.0,0.0,0.0,0.0,58.24738740311659,1.2814764829282694,False,True,True,False,True,12.255232315353677
2025-07-07 17:00:00+00:00,14.33,14.33,14.33,14.33,0.0,12.789774973290598,14.050958392885509,12.742643881044073,13.278069341201931,"rgba(38, 166, 154, 1.0)",1.064977088109467,13.401507892026023,0.8718423319530972,1,0.3158354894640635,0.3158354894640635,0.0,0.0,0.0,0.0,59.80440788182784,3.0225304095211456,False,True,True,False,True,12.255232315353677
2025-07-08 17:00:00+00:00,14.205,14.3,14.205,14.3,100.0,12.846730225988699,14.053010067641978,12.790084473466003,13.320994529452118,"rgba(38, 166, 154, 1.0)",1.0719182014643431,13.449616599324013,0.7933286322727631,1,0.3132447110326279,0.3132447110326279,0.0,0.0,0.0,0.0,59.53589848984197,3.1162265838731855,False,True,True,False,True,11.677182675047387
2025-07-09 17:00:00+00:00,14.3,14.3,14.28,14.29,100.0,12.900263971315528,14.05522596228768,12.835317149175713,13.355247241085303,"rgba(38, 166, 154, 1.0)",1.0783191040179207,13.486969936196871,0.7447054038187402,1,0.31090956199312925,0.31090956199312925,0.0,0.0,0.0,0.0,58.907955400050206,3.1162265838731855,False,True,True,False,True,11.482308808981763
2025-07-10 17:00:00+00:00,14.29,14.29,14.29,14.29,0.0,12.900263971315528,14.05522596228768,12.835317149175713,13.355247241085303,"rgba(38, 166, 154, 1.0)",1.083202284519891,13.486969936196871,0.7413481999431489,1,0.30870108796909757,0.30870108796909757,0.0,0.0,0.0,0.0,58.48932667352236,3.1162265838731855,False,True,True,False,True,11.482308808981763
2025-07-11 17:00:00+00:00,14.39,14.39,14.35,14.35,0.0,12.900263971315528,14.05522596228768,12.835317149175713,13.355247241085303,"rgba(38, 166, 154, 1.0)",1.087621224474702,13.486969936196871,0.7935024109335063,1,0.3064447459382541,0.3064447459382541,0.0,0.0,0.0,0.0,60.29570676196566,5.113606058183265,False,True,True,False,True,12.36211097417456
2025-07-14 17:00:00+00:00,14.35,14.35,14.35,14.35,0.0,12.900263971315528,14.05522596228768,12.835317149175713,13.355247241085303,"rgba(38, 166, 154, 1.0)",1.091490529769498,13.486969936196871,0.7906894657028164,1,0.304368353869724,0.304368353869724,0.0,0.0,0.0,0.0,61.49996015426119,6.623188917675783,False,True,True,False,True,12.36211097417456
2025-07-15 17:00:00+00:00,14.3,14.3,14.3,14.3,0.0,12.900263971315528,14.05522596228768,12.835317149175713,13.355247241085303,"rgba(38, 166, 154, 1.0)",1.0946449792652198,13.486969936196871,0.7427340180638984,1,0.3025207020490362,0.3025207020490362,0.0,0.0,0.0,0.0,59.43093174612442,6.623188917675783,False,True,True,False,True,11.32460283026213
2025-07-16 17:00:00+00:00,14.24,14.24,14.24,14.24,0.0,12.900263971315528,14.05522596228768,12.835317149175713,13.355247241085303,"rgba(38, 166, 154, 1.0)",1.0966727935971325,13.486969936196871,0.6866497173994431,1,0.30107225790516906,0.30107225790516906,0.0,0.0,0.0,0.0,55.213708726997666,10.02340522778303,False,True,True,False,False,10.087265454596764
2025-07-17 17:00:00+00:00,14.24,14.305,14.24,14.305,0.0,12.900263971315528,14.05522596228768,12.835317149175713,13.355247241085303,"rgba(38, 166, 154, 1.0)",1.0894639437285696,13.486969936196871,0.7508555638872372,1,0.29950325131201694,0.29950325131201694,0.0,0.0,0.0,0.0,55.205263408509985,9.8979792255004,False,True,True,False,False,11.09975855511199
2025-07-18 17:00:00+00:00,14.305,14.305,14.305,14.305,0.0,12.900263971315528,14.05522596228768,12.835317149175713,13.355247241085303,"rgba(38, 166, 154, 1.0)",1.064440588180331,13.486969936196871,0.7685070194491144,1,0.2984932599523384,0.2984932599523384,0.0,0.0,0.0,0.0,55.19963319618486,9.6303357640994,False,True,True,False,False,11.099758555111979
2025-07-21 17:00:00+00:00,14.32,14.365,14.295,14.305,0.0,12.900263971315528,14.05522596228768,12.835317149175713,13.355247241085303,"rgba(38, 166, 154, 1.0)",1.0371302662583484,13.486969936196871,0.788743796624828,1,0.2978680512365262,0.2978680512365262,0.0,0.0,0.0,0.0,55.195879721301445,9.282041054579189,False,True,True,False,False,11.099758555111958
2025-07-22 17:00:00+00:00,14.42,14.42,14.405,14.415,0.0,12.900263971315528,14.05522596228768,12.835317149175713,13.355247241085303,"rgba(38, 166, 154, 1.0)",1.0086266418762824,13.486969936196871,0.9200927531289219,1,0.2968933726245442,0.2968933726245442,0.0,0.0,0.0,0.0,59.31216876438456,5.1983313702971685,False,True,True,False,True,12.842983490727626
2025-07-23 17:00:00+00:00,14.415,14.415,14.415,14.415,0.0,12.900263971315528,14.05522596228768,12.835317149175713,13.355247241085303,"rgba(38, 166, 154, 1.0)",0.9773782498312344,13.486969936196871,0.9495096335153481,1,0.2956306092911679,0.2956306092911679,0.0,0.0,0.0,0.0,62.056361459773306,7.814945612992361,False,False,True,False,True,12.842983490727626
2025-07-24 17:00:00+00:00,14.415,14.415,14.415,14.415,0.0,12.900263971315528,14.05522596228768,12.835317149175713,13.355247241085303,"rgba(38, 166, 154, 1.0)",0.9437937723277308,13.486969936196871,0.9832975073720565,1,0.29427134500528546,0.29427134500528546,0.0,0.0,0.0,0.0,63.88582325669913,9.549467654372968,False,False,True,False,True,12.842983490727626
2025-07-25 17:00:00+00:00,14.77,14.9,14.77,14.895,200.0,13.035259553406997,14.069907449900574,12.95020240803944,13.57268248174652,"rgba(38, 166, 154, 1.0)",0.9348767226144903,13.765042078116512,1.2086705065491743,1,0.2911896445731775,0.2911896445731775,0.0,0.0,0.0,0.0,71.93654504605139,16.907810045334102,True,False,True,False,True,19.821899924797858
2025-07-28 17:00:00+00:00,14.68,14.68,14.68,14.68,0.0,13.035259553406997,14.069907449900574,12.95020240803944,13.57268248174652,"rgba(38, 166, 154, 1.0)",0.92055506170003,13.765042078116512,0.993919820715335,1,0.2891911952130566,0.2891911952130566,0.0,0.0,0.0,0.0,70.22017597786783,16.907810045334102,True,False,True,False,True,15.193364699949388
2025-07-29 17:00:00+00:00,14.51,14.56,14.51,14.56,100.0,13.085595794392523,14.074213278763082,12.994260232300885,13.596207814597426,"rgba(239, 83, 80, 1.0)",0.9035948625770291,13.787823083126503,0.8545609861827561,1,0.28780815136317905,0.28780815136317905,0.0,0.0,0.0,0.0,66.14584017312009,22.042635869099428,True,False,True,False,False,12.75377146000126
2025-07-30 17:00:00+00:00,14.425,14.425,14.37,14.37,84.0,13.121125000000001,14.07659490928785,13.025909459459461,13.606805375549968,"rgba(239, 83, 80, 1.0)",0.8827427976748219,13.796149186793926,0.6500770266465138,1,0.28700801563920475,0.28700801563920475,0.0,0.0,0.0,0.0,59.75808091756112,16.348628950298504,False,True,True,False,False,9.079435209886487
2025-07-31 17:00:00+00:00,14.255,14.255,14.21,14.21,2.0,13.12184133679429,14.076621694792898,13.026557266342518,13.606845822053955,"rgba(239, 83, 80, 1.0)",0.8548887920933177,13.796096391273299,0.4841607616742758,1,0.2866772468712473,0.2866772468712473,0.0,0.0,0.0,0.0,53.11152309100239,10.547106480611312,False,True,False,False,False,6.159373050328583
2025-08-01 17:00:00+00:00,14.195,14.195,14.18,14.18,1.0,13.122186182289976,14.076631474463102,13.026870105320011,13.674191825258708,"rgba(239, 83, 80, 1.0)",0.824617847608527,13.87131096549879,0.37434192747154177,1,0.28652995461848585,0.28652995461848585,0.0,0.0,0.0,0.0,48.26687017242851,6.430318146708245,False,True,False,True,False,5.62365045371525
2025-08-04 17:00:00+00:00,14.18,14.18,14.18,14.18,0.0,13.122186182289976,14.076631474463102,13.026870105320011,13.674191825258708,"rgba(239, 83, 80, 1.0)",0.7876010331299172,13.87131096549879,0.3919357917478644,1,0.2864441893397527,0.2864441893397527,0.0,0.0,0.0,0.0,45.037101560045926,3.6628218107820416,False,True,False,True,False,5.62365045371525
2025-08-05 17:00:00+00:00,14.18,14.18,14.18,14.18,0.0,13.122186182289976,14.076631474463102,13.026870105320011,13.674191825258708,"rgba(239, 83, 80, 1.0)",0.7472388332212131,13.87131096549879,0.413106253017535,1,0.2858836435889128,0.2858836435889128,0.0,0.0,0.0,0.0,42.8839224851242,1.6757860902551371,False,True,False,True,False,5.62365045371525
2025-08-06 17:00:00+00:00,14.18,14.18,14.18,14.18,0.0,13.122186182289976,14.076631474463102,13.026870105320011,13.674191825258708,"rgba(239, 83, 80, 1.0)",0.702955229053729,13.87131096549879,0.43913043355086284,1,0.2853625982983861,0.2853625982983861,0.0,0.0,0.0,0.0,41.448469768509725,0.13853584790955153,False,True,False,True,False,5.62365045371525
2025-08-07 17:00:00+00:00,14.18,14.18,14.18,14.18,0.0,13.122186182289976,14.076631474463102,13.026870105320011,13.674191825258708,"rgba(239, 83, 80, 1.0)",0.6539540717266427,13.87131096549879,0.4720347312559348,1,0.2850147511149134,0.2850147511149134,0.0,0.0,0.0,0.0,40.491501290766735,-1.1354888417030367,False,True,False,True,False,5.62365045371525
2025-08-08 17:00:00+00:00,14.18,14.18,14.18,14.18,0.0,13.122186182289976,14.076631474463102,13.026870105320011,13.674191825258708,"rgba(239, 83, 80, 1.0)",0.624590330601594,13.87131096549879,0.4942264062972068,1,0.28471086308826815,0.28471086308826815,0.0,0.0,0.0,0.0,39.85352230560474,-2.2475062986465915,False,True,False,True,False,5.62365045371525
2025-08-11 17:00:00+00:00,14.605,14.605,14.555,14.565,0.0,13.122186182289976,14.076631474463102,13.026870105320011,13.674191825258708,"rgba(38, 166, 154, 1.0)",0.5957232488237445,13.87131096549879,1.1644484848810228,1,0.2836614330770553,0.2836614330770553,0.0,0.0,0.0,0.0,48.59535840545898,-9.558453122504972,False,True,False,False,True,11.678909000155638
2025-08-12 17:00:00+00:00,14.565,14.565,14.565,14.565,0.0,13.122186182289976,14.076631474463102,13.026870105320011,13.674191825258708,"rgba(38, 166, 154, 1.0)",0.5685537603237767,13.87131096549879,1.2200940050175235,1,0.28270029317155665,0.28270029317155665,0.0,0.0,0.0,0.0,54.42324913869514,-4.15029668609165,False,True,True,False,True,11.678909000155638
2025-08-13 17:00:00+00:00,14.565,14.565,14.565,14.565,0.0,13.122186182289976,14.076631474463102,13.026870105320011,13.674191825258708,"rgba(38, 166, 154, 1.0)",0.5353764357233669,13.87131096549879,1.2957033373423337,1,0.28182491731642806,0.28182491731642806,0.0,0.0,0.0,0.0,58.30850962751925,-0.579250363125098,False,False,True,False,True,11.678909000155638
2025-08-14 17:00:00+00:00,14.565,14.565,14.565,14.565,0.0,13.122186182289976,14.076631474463102,13.026870105320011,13.674191825258708,"rgba(38, 166, 154, 1.0)",0.49813390507705474,13.87131096549879,1.3925754248627291,1,0.28138822149774384,0.28138822149774384,0.0,0.0,0.0,0.0,60.89868328673532,1.90631926364631,True,False,True,False,True,11.678909000155638
2025-08-15 17:00:00+00:00,14.565,14.565,14.565,14.565,0.0,13.122186182289976,14.076631474463102,13.026870105320011,13.674191825258708,"rgba(38, 166, 154, 1.0)",0.4558308422613436,13.87131096549879,1.521812414140011,1,0.2812704633548733,0.2812704633548733,0.0,0.0,0.0,0.0,62.6254657262127,3.7531714393349205,True,False,True,False,True,11.678909000155638
2025-08-18 17:00:00+00:00,14.565,14.565,14.565,14.565,0.0,13.122186182289976,14.076631474463102,13.026870105320011,13.674191825258708,"rgba(38, 166, 154, 1.0)",0.4354512519131416,13.87131096549879,1.5930348838211132,1,0.28125430210652674,0.28125430210652674,0.0,0.0,0.0,0.0,63.77665401919762,5.220977305671646,True,False,True,False,True,11.678909000155638
2025-08-19 17:00:00+00:00,14.565,14.64,14.565,14.635,151.0,13.19180993609565,14.08384610819313,13.089027849852966,14.15063259197153,"rgba(38, 166, 154, 1.0)",0.4138521192122936,14.41845779301639,0.5232357089188416,1,0.2810352495481695,0.2810352495481695,0.0,0.0,0.0,0.0,66.1458400826044,7.898107078223944,True,False,True,False,True,12.79330421095683
2025-08-20 17:00:00+00:00,14.635,14.635,14.635,14.635,0.0,13.19180993609565,14.08384610819313,13.089027849852966,14.15063259197153,"rgba(38, 166, 154, 1.0)",0.37920465605145387,14.41845779301639,0.5710431122824268,1,0.2809073008594774,0.2809073008594774,0.0,0.0,0.0,0.0,67.72529745820891,9.846612010296354,True,False,True,False,True,12.79330421095683
2025-08-21 17:00:00+00:00,14.635,14.635,14.635,14.635,0.0,13.19180993609565,14.08384610819313,13.089027849852966,14.15063259197153,"rgba(38, 166, 154, 1.0)",0.3389778886726088,14.41845779301639,0.6388092386543534,1,0.2833152082170455,0.2833152082170455,0.0,0.0,0.0,0.0,68.77826904194525,11.345624289715019,True,False,True,False,True,12.79330421095683
2025-08-22 17:00:00+00:00,14.635,14.635,14.635,14.635,0.0,13.19180993609565,14.08384610819313,13.089027849852966,14.15063259197153,"rgba(38, 166, 154, 1.0)",0.29086610337064195,14.41845779301639,0.7444738471559752,1,0.29009203052676014,0.29009203052676014,0.0,0.0,0.0,0.0,69.48025009776948,12.560179075282726,True,False,True,False,True,12.79330421095683
2025-08-25 17:00:00+00:00,14.635,14.71,14.635,14.7,186.0,13.272837231968811,14.093583793093392,13.162352310231023,14.19684753716237,"rgba(38, 166, 154, 1.0)",0.27382398831458804,14.458098043531512,0.8834213465278039,1,0.2975462202380141,0.2975462202380141,0.0,0.0,0.0,0.0,71.63726715930137,15.106344458596723,True,False,True,False,True,13.87626258343375
2025-08-26 17:00:00+00:00,14.7,14.7,14.7,14.7,0.0,13.272837231968811,14.093583793093392,13.162352310231023,14.19684753716237,"rgba(38, 166, 154, 1.0)",0.2650828019540747,14.458098043531512,0.9125524352590639,1,0.30600411346852846,0.30600411346852846,0.0,0.0,0.0,0.0,73.07527853365598,16.910846529484587,True,False,True,False,True,13.87626258343375
2025-08-27 17:00:00+00:00,14.7,14.7,14.7,14.7,0.0,13.272837231968811,14.093583793093392,13.162352310231023,14.19684753716237,"rgba(38, 166, 154, 1.0)",0.263102710050595,14.458098043531512,0.9194202386663708,1,0.31566355354506453,0.31566355354506453,0.0,0.0,0.0,0.0,74.0339527832257,18.25478468004549,True,False,True,False,True,13.87626258343375
2025-08-28 17:00:00+00:00,14.715,14.72,14.715,14.72,100.0,13.313902462121213,14.099007436988176,13.199936392914655,14.219176997723313,"rgba(38, 166, 154, 1.0)",0.26092481054259364,14.476707977263576,0.9324219579981619,1,0.32650769423800285,0.32650769423800285,0.0,0.0,0.0,0.0,75.2409585132723,19.818825457849,True,False,True,False,True,14.222168699387726
