date,Close,High,Low,Open,Volume,aVWAP_BoS_CHoCH_bull_310,aVWAP_BoS_CHoCH_bull_692,aVWAP_BoS_CHoCH_bull_721,aVWAP_BoS_CHoCH_bear_99,aVWAP_BoS_CHoCH_bear_319,aVWAP_BoS_CHoCH_bear_375,aVWAP_BoS_CHoCH_bear_472,aVWAP_BoS_CHoCH_bear_795,aVWAP_BoS_CHoCH_bear_873,Peaks_Valleys_avg,color,StDev,StDev_Mean,StdDev_ZScore,MA_Cross_Count,MA_Avg_Deviation_Z,MA_Oscillation_Score,BoS,CHoCH,BoS_CHoCH_Price,BoS_CHoCH_Break_Index,QQEMOD,QQE1_Value,QQE1_Above_Upper,QQE1_Below_Lower,QQE2_Above_Threshold,QQE2_Below_Threshold,QQE2_Above_TL,banker_RSI
2022-01-03 00:00:00+00:00,5.85,5.97,5.65,5.8,17065,,,,,,,,,,,#000000,,,,0,,,0.0,0.0,0.0,0.0,,,False,False,False,False,False,
2022-01-04 00:00:00+00:00,5.93,6.21,5.7973,6.21,14546,,,,,,,,,,,#000000,,,,0,,,0.0,0.0,0.0,0.0,100.0,,False,False,True,False,False,
2022-01-05 00:00:00+00:00,6.12,6.46,6.0,6.13,42948,,,,,,,,,,,#000000,,,,0,,,0.0,0.0,0.0,0.0,100.0,50.0,False,False,True,False,True,
2022-01-06 00:00:00+00:00,5.62,6.4016,5.5115,6.29,38491,,,,,,,,,,,#000000,,,,0,,,0.0,0.0,0.0,0.0,77.44220730797913,29.32202336564754,False,False,True,False,False,
2022-01-07 00:00:00+00:00,5.58,5.915,5.475,5.593,20966,,,,,,,,,,,#000000,,,,0,,,0.0,0.0,0.0,0.0,61.798035309889904,16.23474307251135,False,False,True,False,False,
2022-01-10 00:00:00+00:00,5.85,5.85,5.55,5.8,12582,,,,,,,,,,,#000000,,,,0,,,0.0,0.0,0.0,0.0,58.18895820714248,14.578799752248557,False,False,True,False,False,
2022-01-11 00:00:00+00:00,5.98,6.03,5.5,6.03,28586,,,,,,,,,,,#000000,,,,0,,,0.0,0.0,0.0,0.0,57.987725282852935,14.578799752248557,False,False,True,False,False,
2022-01-12 00:00:00+00:00,5.85,6.05,5.54,5.87,51394,,,,,,,,,,,#000000,,,,0,,,0.0,0.0,0.0,0.0,55.37312762544039,13.796051237498197,False,False,True,False,False,
2022-01-13 00:00:00+00:00,5.95,6.68,5.9,5.9,147099,,,,,,,,,,,#000000,,,,0,,,0.0,0.0,0.0,0.0,55.268083937071964,13.796051237498197,False,False,True,False,False,
2022-01-14 00:00:00+00:00,6.15,6.18,5.88,5.9,17356,,,,,,,,,,,#000000,,,,0,,,0.0,0.0,0.0,0.0,57.86762965405435,13.796051237498197,False,False,True,False,False,
2022-01-18 00:00:00+00:00,6.01,6.19,5.96,6.096,14754,,,,,,,,,,,#000000,,,,0,,,0.0,0.0,0.0,0.0,57.064141465725626,13.796051237498197,False,False,True,False,False,
2022-01-19 00:00:00+00:00,6.01,6.49,5.76,5.76,77284,,,,,,,,,,,#000000,,,,0,,,0.0,0.0,0.0,0.0,56.52848267350648,13.796051237498197,False,False,True,False,False,
2022-01-20 00:00:00+00:00,6.02,6.36,5.86,6.18,401922,,,,,,,,,,,#000000,,,,0,,,0.0,0.0,0.0,0.0,56.32461516239461,13.796051237498197,False,False,True,False,False,
2022-01-21 00:00:00+00:00,5.37,6.155,5.32,5.88,37398,,,,,,,,,,,#000000,,,,0,,,0.0,0.0,0.0,0.0,48.27452997923106,6.809099844651044,False,False,False,False,False,
2022-01-24 00:00:00+00:00,5.0,5.32,5.0,5.13,46300,,,,,,,,,,5.1066666666666665,#000000,,5.1066666666666665,,0,,,0.0,0.0,0.0,0.0,40.655303334488664,-0.29212719951551946,False,False,False,True,False,
2022-01-25 00:00:00+00:00,5.68,5.92,5.0,5.0,46173,,,,,,,,,,5.426520173456035,#000000,,5.426520173456035,,0,,,0.0,0.0,0.0,0.0,42.98557920530753,-0.29212719951551946,False,False,False,True,False,
2022-01-26 00:00:00+00:00,5.96,6.25,5.63,5.65,28759,,,,,,,,,,5.580203687960413,#000000,,5.580203687960413,,0,,,0.0,0.0,0.0,0.0,46.61476988846559,-0.29212719951551946,False,False,False,True,True,
2022-01-27 00:00:00+00:00,6.13,6.15,5.62,5.86,14307,,,,,,,,,,5.628519281676765,#000000,,5.628519281676765,,0,,,0.0,0.0,0.0,0.0,50.16572075192156,-9.646361800147048,False,False,False,False,True,
2022-01-28 00:00:00+00:00,6.4,6.58,5.25,5.7,38494,,,,,,,,,,5.741300121048299,#000000,,5.741300121048299,,0,,,0.0,0.0,0.0,0.0,54.15570827382024,-5.858298187713487,False,False,True,False,True,
2022-01-31 00:00:00+00:00,6.57,6.8,5.9,6.5207,129039,,,,,,,,,,6.054132580517818,#000000,,6.054132580517818,,0,,,0.0,0.0,0.0,0.0,57.73870585075627,-2.435941833163625,False,False,True,False,True,
2022-02-01 00:00:00+00:00,6.75,6.88,6.4,6.415,63867,,,,,,,,,,6.169325236318601,#000000,,6.169325236318601,,0,,,0.0,0.0,0.0,0.0,61.0455762288326,0.7664287113026091,False,False,True,False,True,
2022-02-02 00:00:00+00:00,6.9,6.9,6.0,6.54,139123,,,,,,,,,,6.2926943784992435,#000000,,6.2926943784992435,,0,,,0.0,0.0,0.0,0.0,63.97372130486593,3.6635242442575446,False,False,True,False,True,
2022-02-03 00:00:00+00:00,6.965,7.0,6.18,6.7,102302,,,,,,,,,,6.366240073750626,#000000,,6.366240073750626,,0,,,0.0,0.0,0.0,0.0,66.23759291972496,6.003572071312995,False,False,True,False,True,
2022-02-04 00:00:00+00:00,7.1,7.3,6.45,6.93,112975,,,,,,,,,,6.623690316002773,#000000,,6.623690316002773,,0,,,0.0,0.0,0.0,0.0,68.39139240851199,8.315066773626732,False,False,True,False,True,
2022-02-07 00:00:00+00:00,7.02,7.13,6.2948,7.0,136018,,,,,,,,,,6.637513293858793,#000000,,6.637513293858793,,0,,,0.0,0.0,0.0,0.0,68.82563473260005,9.102530736625596,False,False,True,False,True,
2022-02-08 00:00:00+00:00,6.9,7.29,6.23,6.95,158346,,,,,,,,,,6.659104898177091,#000000,,6.659104898177091,,0,,,0.0,0.0,0.0,0.0,67.63191490501382,9.102530736625596,False,False,True,False,True,
2022-02-09 00:00:00+00:00,6.97,7.09,6.15,6.82,193155,,,,,,,,,,6.665720830232817,#000000,,6.665720830232817,,0,,,0.0,0.0,0.0,0.0,67.29203789230405,9.102530736625596,False,False,True,False,True,
2022-02-10 00:00:00+00:00,6.1,6.835,5.8,6.8,314111,,,,,,,,,,6.552162716563569,#000000,,6.552162716563569,,0,,,0.0,0.0,0.0,0.0,59.29796620695317,9.102530736625596,False,False,True,False,False,
2022-02-11 00:00:00+00:00,6.41,6.68,5.97,5.97,154894,,,,,,,,,,6.52901223455802,#000000,,6.52901223455802,,0,,,0.0,0.0,0.0,0.0,56.24716911796886,15.148153831296241,False,False,True,False,False,
2022-02-14 00:00:00+00:00,6.0,6.35,5.76,6.28,76676,,,,,,,,,,6.503105948535688,#000000,,6.503105948535688,,0,,,0.0,0.0,0.0,0.0,51.71865510267036,10.78531928517991,False,False,False,False,False,
2022-02-15 00:00:00+00:00,6.08,6.15,5.83,5.98,23237,,,,,,,,,,6.4955491943052515,#000000,,6.4955491943052515,,0,,,0.0,0.0,0.0,0.0,49.292881762390806,8.424897127341566,False,False,False,False,False,
2022-02-16 00:00:00+00:00,5.86,6.0,5.62,5.905,41616,,,,,,,,,,6.47741145729227,#000000,,6.47741145729227,,0,,,0.0,0.0,0.0,0.0,46.40418845234143,5.5686439319096195,False,False,False,True,False,
2022-02-17 00:00:00+00:00,5.71,5.93,5.41,5.93,86997,,,,,,,,,,6.4349890409291355,#000000,,6.4349890409291355,,0,,,0.0,0.0,0.0,0.0,43.65933919132031,2.8204917589143648,False,False,False,True,False,
2022-02-18 00:00:00+00:00,5.0,5.78,4.75,5.78,171178,,,,,,,,,,6.316000885684653,#000000,,6.316000885684653,,0,,,0.0,0.0,0.0,0.0,38.78236619897332,-1.906836966485585,False,False,False,True,False,
2022-02-22 00:00:00+00:00,5.29,5.46,4.2,5.05,243683,,,,,,,,,,6.15871477620059,#000000,,6.15871477620059,,0,,,0.0,0.0,0.0,0.0,37.82930535661849,-2.9351896875570986,False,False,False,True,False,
2022-02-23 00:00:00+00:00,5.0,5.56,4.18,5.19,335986,,,,,,,,,,5.985233351442179,#000000,,5.985233351442179,,0,,,0.0,0.0,0.0,0.0,36.037853143163694,-4.8861820477723725,False,False,False,True,False,
2022-02-24 00:00:00+00:00,4.7,4.9348,4.32,4.8,175200,,,,,,,,,,5.895121114390513,#000000,,5.895121114390513,,0,,,0.0,0.0,0.0,0.0,33.77267337911172,-7.325498733655451,False,False,False,True,False,
2022-02-25 00:00:00+00:00,4.4,4.67,4.18,4.47,91924,,,,,,,,,,5.844529957690486,#000000,,5.844529957690486,,0,,,0.0,0.0,0.0,0.0,31.305411040526277,-9.95535729216462,False,False,False,True,False,
2022-02-28 00:00:00+00:00,4.38,4.43,4.11,4.42,102393,,,,,,,,,,5.788094285366878,#000000,,5.788094285366878,,0,,,0.0,0.0,0.0,0.0,29.59772387703336,-11.876407668849865,False,False,False,True,False,
2022-03-01 00:00:00+00:00,4.14,4.37,4.07,4.37,41759,,,,,,,,,,5.764584744607369,#000000,,5.764584744607369,,0,,,0.0,0.0,0.0,0.0,27.706659961170867,-13.994881502388395,False,False,False,True,False,
2022-03-02 00:00:00+00:00,4.17,4.415,4.05,4.16,56228,,,,,,,,,,5.734372172599265,#000000,,5.734372172599265,,0,,,0.0,0.0,0.0,0.0,26.74310842153125,-15.266573371456417,False,False,False,True,False,
2022-03-03 00:00:00+00:00,4.15,4.1999,3.91,4.158,45130,,,,,,,,,,5.709038556994492,#000000,,5.709038556994492,,0,,,0.0,0.0,0.0,0.0,26.03026175190155,-16.355955775359277,False,False,False,True,False,
2022-03-04 00:00:00+00:00,3.97,4.38,3.97,4.07,19136,,,,,,,,,,5.698662784843834,#000000,,5.698662784843834,,0,,,0.0,0.0,0.0,0.0,24.917047429508926,-17.8493793439294,False,False,False,True,False,
2022-03-07 00:00:00+00:00,4.05,4.155,3.9,4.155,23803,,,,,,,,,,5.685369413191013,#000000,,5.685369413191013,,0,,,0.0,0.0,0.0,0.0,25.119021961567753,-18.09554038922676,False,False,False,True,False,
2022-03-08 00:00:00+00:00,4.15,4.2531,3.87,4.08,121742,,,,,,,,,,5.622806485968467,#000000,,5.622806485968467,,0,,,0.0,0.0,0.0,0.0,26.44429486453045,-18.09554038922676,False,False,False,True,False,
2022-03-09 00:00:00+00:00,4.12,4.46,3.9,4.1,161448,,,,,,,,,,5.550516830283755,#000000,,5.550516830283755,,0,,,0.0,0.0,0.0,0.0,27.176710868225346,-18.09554038922676,False,False,False,True,False,
2022-03-10 00:00:00+00:00,4.3,4.31,3.98,4.13,46463,,,,,,,,,,5.531544248746118,#000000,,5.531544248746118,,0,,,0.0,0.0,0.0,0.0,29.8828166807644,-18.09554038922676,False,False,False,True,True,
2022-03-11 00:00:00+00:00,4.43,4.45,4.18,4.18,24001,,,,,,,,,,5.523083279691607,#000000,,5.523083279691607,,0,,,0.0,0.0,0.0,0.0,33.1743612152415,-22.592032391483997,False,False,False,True,True,
2022-03-14 00:00:00+00:00,4.38,4.41,3.9,4.22,96182,,,,,,,,,,5.486902438514196,#000000,,5.486902438514196,,0,,,0.0,0.0,0.0,0.0,34.99300867254045,-20.742043018302574,False,False,False,True,True,
2022-03-15 00:00:00+00:00,4.37,4.37,4.0,4.1,46933,,,,,,,,,,5.4702032196529595,#000000,,5.4702032196529595,,0,,,0.0,0.0,0.0,0.0,36.125624095933496,-19.522740002750478,False,False,False,True,True,0.0
2022-03-16 00:00:00+00:00,4.5,4.743,3.9,4.37,206339,,,,,,,,,,5.409393055684973,#000000,,5.409393055684973,,0,,,0.0,0.0,0.0,0.0,38.552795120668286,-17.080734510558585,False,False,False,True,True,0.0
2022-03-17 00:00:00+00:00,4.79,4.79,3.97,4.4,222746,,,,,,,,,,5.358722330086274,#000000,,5.358722330086274,,0,,,0.0,0.0,0.0,0.0,43.31226803354243,-12.551095692711328,False,True,False,True,True,0.0
2022-03-18 00:00:00+00:00,4.81,4.92,3.96,4.71,358650,,,,,,,,,,5.109973855299787,#000000,,5.109973855299787,,0,,,0.0,0.0,0.0,0.0,46.681397692596676,-9.45946263439545,False,False,False,False,True,0.0
2022-03-21 00:00:00+00:00,4.1,4.7609,3.61,4.55,780821,,,,,,,,,,4.758624705692375,#000000,,4.758624705692375,,0,,,0.0,0.0,0.0,0.0,43.0944670516101,-9.45946263439545,False,True,False,True,False,0.0
2022-03-22 00:00:00+00:00,4.48,4.66,3.91,4.1,276446,,,,,,,,,,4.747470833997411,#000000,,4.747470833997411,,0,,,0.0,0.0,0.0,0.0,44.1565312355864,-9.45946263439545,False,False,False,True,False,0.0
2022-03-23 00:00:00+00:00,4.53,4.7,4.0,4.4,470780,,,,,,,,,,4.73318604275107,#000000,,4.73318604275107,,0,,,0.0,0.0,0.0,0.0,45.2740105238663,-9.45946263439545,False,False,False,False,False,0.0
2022-03-24 00:00:00+00:00,4.59,4.6,3.92,4.21,869146,,,,,,,,,,4.692332199369717,#000000,,4.692332199369717,,0,,,0.0,0.0,0.0,0.0,46.531623000024595,-9.45946263439545,False,False,False,False,False,0.0
2022-03-25 00:00:00+00:00,4.21,4.44,4.06,4.3,309432,,,,,,,,,,4.670044142848549,#000000,,4.670044142848549,,0,,,0.0,0.0,0.0,0.0,44.598714890187125,-9.45946263439545,False,False,False,True,False,0.0
2022-03-28 00:00:00+00:00,4.39,4.41,4.16,4.22,101532,,,,,,,,,,4.665104250656963,#000000,,4.665104250656963,,0,,,0.0,0.0,0.0,0.0,44.91339975919679,-9.45946263439545,False,False,False,True,False,0.0
2022-03-29 00:00:00+00:00,4.11,4.38,3.99,4.2601,608724,,,,,,,,,,4.619679476607748,#000000,,4.619679476607748,,0,,,0.0,0.0,0.0,0.0,43.27211794765888,-9.45946263439545,False,False,False,True,False,0.0
2022-03-30 00:00:00+00:00,4.38,4.5,3.95,4.15,607583,,,,,,,,,,4.594346516170395,#000000,,4.594346516170395,,0,,,0.0,0.0,0.0,0.0,44.46882643732994,-9.45946263439545,False,False,False,True,False,0.0
2022-03-31 00:00:00+00:00,4.49,4.53,4.04,4.1675,706698,,,,,,,,,,4.577284257315607,#000000,,4.577284257315607,,0,,,0.0,0.0,0.0,0.0,46.131334740505025,-9.45946263439545,False,False,False,False,False,0.0
2022-04-01 00:00:00+00:00,4.73,4.79,4.04,4.5,1101754,,,,,,,,,,4.577811111140361,#000000,,4.577811111140361,,0,,,0.0,0.0,0.0,0.0,49.00662366354608,-6.6762723461991555,True,False,False,False,True,0.0
2022-04-04 00:00:00+00:00,4.76,4.91,4.19,4.73,1319867,,,,,,,,,,4.595066615462081,#000000,,4.595066615462081,,0,,,0.0,0.0,0.0,0.0,51.13786666760238,-4.544725137068838,True,False,True,False,True,0.0
2022-04-05 00:00:00+00:00,4.68,4.7,4.35,4.61,573949,,,,,,,,,,4.593926131750888,#000000,,4.593926131750888,,0,,,0.0,0.0,0.0,0.0,51.81947472016587,-3.7618567296767083,True,False,True,False,True,0.0
2022-04-06 00:00:00+00:00,4.71,4.74,4.48,4.51,382796,,,,,,,,,,4.59753269830545,#000000,,4.59753269830545,,0,,,0.0,0.0,0.0,0.0,52.52738087940007,-2.887586074807622,True,False,True,False,True,0.0
2022-04-07 00:00:00+00:00,4.57,4.87,4.29,4.72,1790151,,,,,,,,,,4.595847726048547,#000000,,4.595847726048547,,0,,,0.0,0.0,0.0,0.0,51.615351323814124,-2.887586074807622,True,False,True,False,True,0.0
2022-04-08 00:00:00+00:00,4.38,4.76,4.23,4.76,1222102,,,,,,,,,,4.5814160545284395,#000000,,4.5814160545284395,,0,,,0.0,0.0,0.0,0.0,49.296828256989734,-2.887586074807622,True,False,False,False,False,0.0
2022-04-11 00:00:00+00:00,4.39,4.4841,3.96,4.3,1808904,,,,,,,,,,4.540581405608836,#000000,,4.540581405608836,,0,,,0.0,0.0,0.0,0.0,47.86055870168494,-2.887586074807622,True,False,False,False,False,0.0
2022-04-12 00:00:00+00:00,4.27,4.51,4.01,4.32,2423638,,,,,,,,,,4.499679427572563,#000000,,4.499679427572563,,0,,,0.0,0.0,0.0,0.0,45.8142154109233,0.8475538000818119,False,False,False,True,False,0.0
2022-04-13 00:00:00+00:00,4.69,4.78,4.17,4.23,2452510,,,,,,,,,,4.507954165115035,#000000,,4.507954165115035,,0,,,0.0,0.0,0.0,0.0,48.69401246182186,0.8475538000818119,True,False,False,False,True,0.0
2022-04-14 00:00:00+00:00,4.35,4.67,4.2,4.67,2102317,,,,,,,,,,4.498581476437917,#000000,,4.498581476437917,,0,,,0.0,0.0,0.0,0.0,47.65778886290109,0.8475538000818119,True,False,False,False,True,0.0
2022-04-18 00:00:00+00:00,4.44,4.49,4.29,4.32,141844,,,,,,,,,,4.498013318314441,#000000,,4.498013318314441,,0,,,0.0,0.0,0.0,0.0,47.78815957183806,0.8475538000818119,True,False,False,False,True,0.0
2022-04-19 00:00:00+00:00,4.13,4.39,4.11,4.39,919482,,,,,,,,,,4.486076445349638,#000000,,4.486076445349638,,0,,,0.0,0.0,0.0,0.0,45.52995370384428,0.4746189236959708,False,False,False,True,False,0.0
2022-04-20 00:00:00+00:00,4.05,4.38,4.03,4.1,1238297,,,,,,,,,,4.468449922515888,#000000,0.9409939397225657,4.468449922515888,-0.44468928528834145,0,,,0.0,0.0,0.0,0.0,43.478921783570854,-1.5712821648534145,False,False,False,True,False,0.0
2022-04-21 00:00:00+00:00,4.04,4.28,3.83,4.13,2174632,,,,,,,,,,4.43275825049865,#000000,0.9470550989041564,4.43275825049865,-0.41471531165727643,0,,,0.0,0.0,0.0,0.0,42.03993904554701,-3.0242809318884554,False,False,False,True,False,0.0
2022-04-22 00:00:00+00:00,3.92,4.1,3.83,4.01,2153939,,,,,,,,,,4.395152887808634,#000000,0.9535851601496633,4.395152887808634,-0.49828049729093926,0,,,0.0,0.0,0.0,0.0,40.20347008159182,-4.854549169620839,False,False,False,True,False,0.0
2022-04-25 00:00:00+00:00,3.61,4.04,3.57,3.92,433064,,,,,,,,,,4.38501494768735,"rgba(239, 83, 80, 0.5)",0.9627301971125836,4.38501494768735,-0.8050178025076721,0,,,0.0,0.0,0.0,0.0,37.02685870433886,-7.89941411524763,False,True,False,True,False,0.0
2022-04-26 00:00:00+00:00,3.46,3.68,3.32,3.58,370787,,,,,,,,,,4.373235126077575,"rgba(239, 83, 80, 0.5)",0.9793293485712427,4.373235126077575,-0.9325107303379674,0,,,0.0,0.0,0.0,0.0,34.10519663155177,-10.627050637240231,False,True,False,True,False,0.0
2022-04-27 00:00:00+00:00,3.27,3.536,3.11,3.43,947363,,,,,,,,,,4.338598130186985,"rgba(239, 83, 80, 1.0)",0.9994400459284224,4.338598130186985,-1.0691968313059925,0,,,0.0,0.0,0.0,0.0,31.227265287405828,-13.27674086830028,False,True,False,True,False,0.0
2022-04-28 00:00:00+00:00,3.04,3.425,2.99,3.27,607722,,,,,,,,,,4.314406810900521,"rgba(239, 83, 80, 1.0)",1.0213604379180476,4.314406810900521,-1.247754234047175,0,,,0.0,0.0,0.0,0.0,28.322069737887148,-15.934002511390922,False,True,False,True,False,0.0
2022-04-29 00:00:00+00:00,2.89,3.1772,2.83,3.12,929228,,,,,,,,,,4.273646472114216,"rgba(239, 83, 80, 1.0)",1.0437614972123972,4.273646472114216,-1.325634712345262,0,,,0.0,0.0,0.0,0.0,25.807883665313504,-18.226050302639564,False,True,False,True,False,0.0
2022-05-02 00:00:00+00:00,2.92,3.05,2.83,2.86,261844,,,,,,,,,,4.262334440179093,"rgba(239, 83, 80, 1.0)",1.0649342364333723,4.262334440179093,-1.2604857598294301,0,,,0.0,0.0,0.0,0.0,24.571332268126497,-19.37101711114215,False,True,False,True,False,0.0
2022-05-03 00:00:00+00:00,2.94,2.98,2.84,2.92,197000,,,,,,,,,,4.253866325467818,"rgba(239, 83, 80, 1.0)",1.0825193879211712,4.253866325467818,-1.2137115881045946,0,,,0.0,0.0,0.0,0.0,24.06012913984832,-19.944287642719946,False,True,False,True,False,0.0
2022-05-04 00:00:00+00:00,3.0,3.05,2.81,2.94,300290,,,,,,,,,,4.241484674717303,"rgba(239, 83, 80, 1.0)",1.0939854529065607,4.241484674717303,-1.1348274069082531,0,,,0.0,0.0,0.0,0.0,24.70122886363917,-19.944287642719946,False,True,False,True,False,0.0
2022-05-05 00:00:00+00:00,3.0,3.09,2.94,3.0,110860,,,,,,,,,,4.23717376867403,"rgba(239, 83, 80, 1.0)",1.1058954424943308,4.23717376867403,-1.118707719677009,0,,,0.0,0.0,0.0,0.0,25.128628679499737,-19.944287642719946,False,True,False,True,False,0.0
2022-05-06 00:00:00+00:00,2.98,3.06,2.91,2.96,254755,,,,,,,,,,4.227168400118187,"rgba(239, 83, 80, 1.0)",1.1166471169459873,4.227168400118187,-1.116886777560644,0,,,0.0,0.0,0.0,0.0,25.28188864358419,-19.944287642719946,False,True,False,True,False,0.0
2022-05-09 00:00:00+00:00,2.6325,2.94,2.6,2.94,230146,,,,,,,,,,4.21640070556959,"rgba(239, 83, 80, 1.0)",1.1336441310066256,4.21640070556959,-1.3971762939072918,0,,,0.0,0.0,0.0,0.0,23.46370146652203,-21.446419681015445,False,True,False,True,False,0.0
2022-05-10 00:00:00+00:00,2.59,2.7,2.5,2.57,262266,,,,,,,,,,4.203281531731265,"rgba(239, 83, 80, 1.0)",1.1573522389294266,4.203281531731265,-1.3939416864338396,0,,,0.0,0.0,0.0,0.0,22.057277342908968,-23.02165138911324,False,True,False,True,False,0.0
2022-05-11 00:00:00+00:00,2.52,2.705,2.51,2.59,261798,,,,,,,,,,4.190251469075171,"rgba(239, 83, 80, 1.0)",1.1833484585380276,4.190251469075171,-1.4114620735963852,0,,,0.0,0.0,0.0,0.0,20.795264193716044,-24.43242068920943,False,True,False,True,False,0.0
2022-05-12 00:00:00+00:00,2.44,2.62,2.35,2.5,152344,,,,,,,,,,4.182260487766403,"rgba(239, 83, 80, 1.0)",1.2042428399486416,4.182260487766403,-1.4467684008324322,0,,,0.0,0.0,0.0,0.0,19.589875573722786,-25.773227448915918,False,True,False,True,False,0.0
2022-05-13 00:00:00+00:00,2.66,2.68,2.37,2.5,439806,,,,,,,,,,4.160937902281127,"rgba(239, 83, 80, 1.0)",1.2144241238968803,4.160937902281127,-1.2359256315370881,0,,,0.0,0.0,0.0,0.0,23.013672201729218,-25.773227448915918,False,True,False,True,True,0.0
2022-05-16 00:00:00+00:00,2.39,2.63,2.39,2.615,530204,,,,,,,,,,4.134403897237477,"rgba(239, 83, 80, 1.0)",1.2259871211277766,4.134403897237477,-1.4228566248174064,0,,,0.0,0.0,0.0,0.0,23.59103632931734,-25.773227448915918,False,True,False,True,True,0.0
2022-05-17 00:00:00+00:00,2.71,2.84,2.34,2.35,1035601,,,,,,,,,,4.0897187772688515,"rgba(239, 83, 80, 1.0)",1.2233255581288138,4.0897187772688515,-1.127842681043348,0,,,0.0,0.0,0.0,0.0,28.555495366391106,-26.361974886572185,False,True,False,True,True,0.0
2022-05-18 00:00:00+00:00,2.64,2.89,2.55,2.6799,520983,,,,,,,,,,4.069178009028078,"rgba(239, 83, 80, 1.0)",1.2160903858581316,4.069178009028078,-1.1752235077654867,0,,,0.0,0.0,0.0,0.0,31.325317954791508,-23.86494396311866,False,True,False,True,True,0.0
2022-05-19 00:00:00+00:00,2.97,3.05,2.5,2.54,1083808,,,,,,,,,,4.032728153969243,"rgba(239, 83, 80, 0.5)",1.1960758312682966,4.032728153969243,-0.8885123553097347,0,,,0.0,0.0,0.0,0.0,36.94164085928771,-18.76191268137941,False,False,False,True,True,0.0
2022-05-20 00:00:00+00:00,2.37,2.988,2.26,2.871,1840892,,,,,,,,,,3.961076029318006,"rgba(239, 83, 80, 1.0)",1.1804678937600128,3.961076029318006,-1.347835072625422,0,,,0.0,0.0,0.0,0.0,36.45032501986975,-18.76191268137941,False,False,False,True,True,0.0
2022-05-23 00:00:00+00:00,2.03,2.44,1.93,2.31,1027373,,,,,,,,,,3.91338564735648,"rgba(255, 0, 0, 1.0)",1.1674838743412475,3.91338564735648,-1.6132005664054077,0,,,0.0,0.0,0.0,0.0,34.453462990682006,-18.76191268137941,False,True,False,True,True,0.0
2022-05-24 00:00:00+00:00,1.95,2.0,1.9,1.92,50903,,,,,,,,,,3.9108502084727648,"rgba(255, 0, 0, 1.0)",1.148049969287916,3.9108502084727648,-1.7079833290610098,0,,,0.0,0.0,0.0,0.0,32.764250654723774,-18.76191268137941,False,True,False,True,False,0.0
2022-05-25 00:00:00+00:00,1.82,1.91,1.75,1.91,814980,,,,,,,,,,3.5769209536000472,"rgba(255, 0, 0, 1.0)",1.1303280208349642,3.5769209536000472,-1.554346102383823,0,,,0.0,-1.0,1.75,183.0,31.057393435029134,-12.714920709343446,False,True,False,True,False,0.0
2022-05-26 00:00:00+00:00,2.02,2.11,1.82,1.88,819597,,,,,,,,,,3.5559032285163354,"rgba(239, 83, 80, 1.0)",1.1070727543090093,3.5559032285163354,-1.3873552777251619,5,0.17524226877925203,0.8762113438962602,0.0,0.0,0.0,0.0,32.11865915180263,-12.714920709343446,False,True,False,True,False,0.0
2022-05-27 00:00:00+00:00,2.19,2.26,1.955,1.99,635944,,,,,,,,,,3.54295265374711,"rgba(239, 83, 80, 1.0)",1.0727639356874905,3.54295265374711,-1.2611839461960082,5,0.1735255126721485,0.8676275633607424,0.0,0.0,0.0,0.0,34.5481038056159,-12.714920709343446,False,True,False,True,False,0.0
2022-05-31 00:00:00+00:00,2.47,2.53,2.1,2.17,1086609,,,,,,,,,,3.5300716826247895,"rgba(239, 83, 80, 1.0)",1.0571040512765182,3.5300716826247895,-1.0028073218948386,5,0.17280637883620434,0.8640318941810217,0.0,0.0,0.0,0.0,38.684232020668745,-17.632461627641447,False,False,False,True,True,0.0
2022-06-01 00:00:00+00:00,2.25,2.55,2.22,2.48,635693,,,,,,,,,,3.517689444510856,"rgba(239, 83, 80, 1.0)",1.0336088454998331,3.517689444510856,-1.226469229660884,5,0.17116018615146586,0.8558009307573293,0.0,0.0,0.0,0.0,39.92001378594679,-16.438761322239543,False,False,False,True,True,0.0
2022-06-02 00:00:00+00:00,2.39,2.46,2.0657,2.2,992605,,,,,,,,,,3.4949214324605635,"rgba(239, 83, 80, 1.0)",1.0167780469929755,3.4949214324605635,-1.086688914781612,5,0.16987551744510906,0.8493775872255453,0.0,0.0,0.0,0.0,41.96737817154941,-14.414601229568177,True,False,False,True,True,0.0
2022-06-03 00:00:00+00:00,2.25,2.36,2.15,2.33,478640,,,,,,,,,,3.482632346308434,"rgba(239, 83, 80, 1.0)",0.9975951093766724,3.482632346308434,-1.2356038383935344,5,0.16876520757899097,0.8438260378949548,0.0,0.0,0.0,0.0,42.32665590104182,-13.924100197593582,True,False,False,True,True,0.0
2022-06-06 00:00:00+00:00,2.36,2.42,2.27,2.2954,388543,,,,,,,,,,3.4743694214642082,"rgba(239, 83, 80, 1.0)",0.9800326628588829,3.4743694214642082,-1.137073756514857,5,0.1681486668456619,0.8407433342283095,0.0,0.0,0.0,0.0,43.583287196848445,-12.50742876919611,True,False,False,True,True,0.0
2022-06-07 00:00:00+00:00,2.51,2.6,2.36,2.36,547955,,,,,,,,,,3.4658162165565325,"rgba(239, 83, 80, 0.5)",0.961689140134303,3.4658162165565325,-0.9938931164628207,5,0.1677118226615409,0.8385591133077044,0.0,0.0,0.0,0.0,45.757567214786505,-10.234013217174677,True,False,False,False,True,0.0
2022-06-08 00:00:00+00:00,3.0,3.11,2.52,2.54,718042,,,,,,,,,,3.4648854580806945,#000000,0.9521852829481591,3.4648854580806945,-0.4882300392643275,5,0.16814134014658405,0.8407067007329203,0.0,0.0,0.0,0.0,50.71484963280569,-5.454560756655823,True,False,True,False,True,0.0
2022-06-09 00:00:00+00:00,3.52,3.6494,3.0,3.0,964501,,,,,,,,,,3.479163513836254,#000000,0.9327286486336659,3.479163513836254,0.04378174319354969,5,0.16940691790583912,0.8470345895291955,0.0,0.0,0.0,0.0,56.612473708313075,-0.0005258693309073692,True,False,True,False,True,0.0
2022-06-10 00:00:00+00:00,3.84,3.86,3.14,3.45,1091431,,,,,,,,,,3.513166664562841,#000000,0.9191654227201581,3.513166664562841,0.35557618613408587,5,0.17069247343131747,0.8534623671565873,0.0,0.0,0.0,0.0,61.78644676927589,4.617929155248397,True,False,True,False,True,0.0
2022-06-13 00:00:00+00:00,3.26,3.788,3.22,3.71,373050,,,,,,,,,,3.5100321910911974,#000000,0.911117041610745,3.5100321910911974,-0.2744237893401388,5,0.17170012494770998,0.8585006247385498,0.0,0.0,0.0,0.0,60.6575100413156,4.617929155248397,True,False,True,False,True,0.0
2022-06-14 00:00:00+00:00,2.96,3.43,2.81,3.3,343964,,,,,,,,,,3.4972182871942783,"rgba(239, 83, 80, 0.5)",0.9090279891923779,3.4972182871942783,-0.5909810188260184,6,0.17400876897739878,1.0440526138643926,0.0,0.0,0.0,0.0,58.0021309488595,4.617929155248397,True,False,True,False,False,0.0
2022-06-15 00:00:00+00:00,3.02,3.09,2.83,2.91,193444,,,,,,,,,,3.4902469917525414,"rgba(239, 83, 80, 0.5)",0.9062667867348674,3.4902469917525414,-0.518883620844989,6,0.17406226581156092,1.0443735948693655,0.0,0.0,0.0,0.0,56.56384578293519,4.617929155248397,True,False,True,False,False,0.0
2022-06-16 00:00:00+00:00,2.85,2.95,2.73,2.94,104503,,,,,,,,,,3.4856863059952965,"rgba(239, 83, 80, 0.5)",0.90724662285659,3.4856863059952965,-0.7006764092367203,6,0.17361977357217653,1.0417186414330593,0.0,0.0,0.0,0.0,54.50314800458359,12.208145117339761,True,False,True,False,False,0.0
2022-06-17 00:00:00+00:00,2.77,2.9,2.64,2.9,17851,,,,,,,,,,3.4848296522684623,"rgba(239, 83, 80, 0.5)",0.9084559926273498,3.4848296522684623,-0.7868621684151151,5,0.1719024924156376,0.859512462078188,0.0,0.0,0.0,0.0,52.61063429667671,10.25512499402403,True,False,True,False,False,0.0
2022-06-21 00:00:00+00:00,2.84,2.96,2.77,2.9,8551,,,,,,,,,,3.484486923220055,"rgba(239, 83, 80, 0.5)",0.9087475950127429,3.484486923220055,-0.709203443020961,5,0.17278573224260985,0.8639286612130492,0.0,0.0,0.0,0.0,51.84143584717515,9.295661107465136,True,False,False,False,False,0.0
2022-06-22 00:00:00+00:00,2.83,2.94,2.67,2.85,522855,,,,,,,,,,3.465112817299854,"rgba(239, 83, 80, 0.5)",0.910333516004087,3.465112817299854,-0.6976704758577762,5,0.17408481062462286,0.8704240531231143,0.0,0.0,0.0,0.0,51.2529088641637,8.416987451184553,True,False,False,False,False,0.0
2022-06-23 00:00:00+00:00,2.77,2.81,2.64,2.8044,424351,,,,,,,,,,3.4508519792549337,"rgba(239, 83, 80, 0.5)",0.911615184985144,3.4508519792549337,-0.7468633590894266,5,0.17604345849481481,0.8802172924740741,0.0,0.0,0.0,0.0,50.377411351642195,7.213955136407918,True,False,False,False,False,0.0
2022-06-24 00:00:00+00:00,3.0,3.18,2.764,2.78,62705,,,,,,,,,,3.449954597784061,#000000,0.9096748466219011,3.449954597784061,-0.494632339736531,5,0.17889687691271614,0.8944843845635807,0.0,0.0,0.0,0.0,51.65646297071247,7.213955136407918,True,False,False,False,False,0.0
2022-06-27 00:00:00+00:00,2.82,3.05,2.66,2.81,41736,,,,,,,,,,3.4489931766172095,"rgba(239, 83, 80, 0.5)",0.9091912763698461,3.4489931766172095,-0.6918161150078437,5,0.18236485254754972,0.9118242627377486,0.0,0.0,0.0,0.0,50.961824840652596,7.148399337423655,True,False,False,False,False,0.0
2022-06-28 00:00:00+00:00,2.83,3.08,2.66,3.06,121401,,,,,,,,,,3.44638283010523,"rgba(239, 83, 80, 0.5)",0.9061601455920815,3.44638283010523,-0.6802140141602542,5,0.1867472018116378,0.933736009058189,0.0,0.0,0.0,0.0,50.586229159660206,6.396699695834464,True,False,False,False,False,0.0
2022-06-29 00:00:00+00:00,3.35,3.35,2.71,2.81,1738984,,,,,,,,,,3.440854612985561,#000000,0.8983878917561483,3.440854612985561,-0.10113071850062472,5,0.19243152134829794,0.9621576067414896,0.0,0.0,0.0,0.0,54.17229725473021,6.396699695834464,True,False,True,False,True,0.0
2022-06-30 00:00:00+00:00,3.27,3.42,2.94,3.19,1436885,,,,,,,,,,3.4405106828426346,#000000,0.8911777623202101,3.4405106828426346,-0.19133184203194717,5,0.19941153651802218,0.997057682590111,0.0,0.0,0.0,0.0,55.798747562368064,6.396699695834464,True,False,True,False,True,0.0
2022-07-01 00:00:00+00:00,3.35,3.35,2.98,3.21,145428,,,,,,,,,,3.440500110922075,#000000,0.8837333698118011,3.440500110922075,-0.10240657874144542,5,0.20708584769505398,1.03542923847527,0.0,0.0,0.0,0.0,57.42205940380547,1.9386269325725607,True,False,True,False,True,0.0
2022-07-05 00:00:00+00:00,3.4,3.4,3.12,3.27,191252,,,,,,,,,,3.4410858055681475,#000000,0.8738646082795699,3.4410858055681475,-0.04701621415820429,5,0.21530162064423214,1.0765081032211608,0.0,0.0,0.0,0.0,58.850796157600776,3.466543378954043,True,False,True,False,True,0.0
2022-07-06 00:00:00+00:00,3.54,3.54,3.2,3.2918,159957,,,,,,,,,,3.442310831170582,#000000,0.8579836683907379,3.442310831170582,0.11385900737789904,5,0.22536185052230512,1.1268092526115256,0.0,0.0,0.0,0.0,60.764161707872006,5.43889916373881,True,False,True,False,True,0.0
2022-07-07 00:00:00+00:00,3.8491,3.85,3.52,3.59,90708,,,,,,,,,,3.444110983813408,#000000,0.8428151551526334,3.444110983813408,0.4805193804485502,4,0.17896532708704177,0.7158613083481671,0.0,0.0,0.0,0.0,63.86413035014273,8.469426486013965,True,False,True,False,True,1.679571708801351
2022-07-08 00:00:00+00:00,4.37,4.37,3.691,3.76,353265,,,,,,,,,,3.4563322890860104,"rgba(38, 166, 154, 1.0)",0.8467172461596295,3.4563322890860104,1.079070628427637,4,0.18530900367006797,0.7412360146802719,0.0,0.0,0.0,0.0,68.15318256745306,12.502687431443974,True,False,True,False,True,5.8397734746688315
2022-07-11 00:00:00+00:00,4.67,4.7,4.2,4.23,379104,,,,,,,,,,3.474039016614308,"rgba(38, 166, 154, 1.0)",0.8504702270016387,3.474039016614308,1.406234980855347,5,0.1720105748812919,0.8600528744064595,0.0,0.0,0.0,0.0,71.97159983989422,15.982228635042858,True,False,True,False,True,8.071501685107883
2022-07-12 00:00:00+00:00,4.7,4.8,4.38,4.63,513383,,,,,,,,,,3.498315620053921,"rgba(38, 166, 154, 1.0)",0.8539153359028591,3.498315620053921,1.407264080431953,5,0.17667156974877066,0.8833578487438533,0.0,0.0,0.0,0.0,74.6084217972293,18.330356248260955,True,False,True,False,True,8.291157258413424
2022-07-13 00:00:00+00:00,4.99,4.99,4.55,4.57,100894,,,,,,,,,,3.5036572152482224,"rgba(0, 255, 255, 0.75)",0.8630400901965615,3.5036572152482224,1.7222175442779908,5,0.1798980491476792,0.899490245738396,0.0,0.0,0.0,0.0,77.20367712615018,20.68324882605077,True,False,True,False,True,10.382998004411863
2022-07-14 00:00:00+00:00,5.02,5.05,4.6201,4.88,56226,,,,,,,,,,3.506708030513291,"rgba(0, 255, 255, 0.75)",0.8789515255766475,3.506708030513291,1.7217012832350382,5,0.1825063882855049,0.9125319414275245,0.0,0.0,0.0,0.0,79.01606792040872,22.357422596393945,True,False,True,False,True,10.596181710870756
2022-07-15 00:00:00+00:00,5.34,5.35,4.95,4.99,78525,,,,,,,,,,3.5118120168293343,"rgba(0, 255, 0, 1.0)",0.9006562735318367,3.5118120168293343,2.029839836679983,5,0.1813503338174308,0.906751669087154,0.0,0.0,0.0,0.0,81.0412437389682,24.302812089132658,True,False,True,False,True,12.828723697209508
2022-07-18 00:00:00+00:00,5.66,5.68,5.39,5.39,151255,,,,,,,,,,3.5234218017315992,"rgba(0, 255, 0, 1.0)",0.935062902247952,3.5234218017315992,2.2849566517203583,5,0.1798787765163782,0.899393882581891,0.0,0.0,0.0,0.0,83.05936461371073,26.28452771054431,True,False,True,False,True,14.95272721170235
2022-07-19 00:00:00+00:00,5.78,5.8,5.37,5.62,165858,,,,,,,,,,3.536306634040681,"rgba(0, 255, 0, 1.0)",0.9685171281690167,3.536306634040681,2.3166274510818674,5,0.17703399155273217,0.8851699577636608,0.0,0.0,0.0,0.0,84.63075957840951,27.887881582904157,True,False,True,False,True,15.727587218995993
2022-07-20 00:00:00+00:00,5.17,5.93,5.11,5.68,210367,,,,,,,,,,3.756343492847038,"rgba(38, 166, 154, 1.0)",0.9818898258355069,3.756343492847038,1.4397302731495942,5,0.1758133598425295,0.8790667992126475,0.0,0.0,0.0,0.0,79.03504407272335,27.887881582904157,True,False,True,False,False,10.035730992829102
2022-07-21 00:00:00+00:00,5.04,5.26,4.66,5.08,199745,,,,,,,,,,3.7429314688727198,"rgba(38, 166, 154, 1.0)",0.9881313472654591,3.7429314688727198,1.3126478931336099,5,0.17446486911529793,0.8723243455764896,0.0,0.0,0.0,0.0,74.16165359504333,31.551368252240692,True,False,True,False,False,8.8912237869521
2022-07-22 00:00:00+00:00,5.04,5.21,4.67,4.94,449207,,,,,,,,,,3.749309921428127,"rgba(38, 166, 154, 1.0)",0.9937772929168385,3.749309921428127,1.298771956022023,5,0.17312691703670777,0.8656345851835389,0.0,0.0,0.0,0.0,70.91272660992334,28.638764559177787,True,False,True,False,False,8.8912237869521
2022-07-25 00:00:00+00:00,5.04,5.05,4.71,4.93,94620,,,,,,,,,,3.751553696210433,"rgba(38, 166, 154, 1.0)",1.000774412479594,3.751553696210433,1.2874492869948735,5,0.17156331253136142,0.8578165626568071,0.0,0.0,0.0,0.0,68.74677528651,26.672254855831483,True,False,True,False,False,8.8912237869521
2022-07-26 00:00:00+00:00,5.05,5.05,4.8,4.96,102332,,,,,,,,,,3.7547200150239672,"rgba(38, 166, 154, 1.0)",1.0074081112000808,3.7547200150239672,1.2857549691882297,5,0.17005711621392114,0.8502855810696057,0.0,0.0,0.0,0.0,67.36386905788092,25.322939727709112,True,False,True,False,False,8.963864007785826
2022-07-27 00:00:00+00:00,5.39,5.39,4.77,4.98,174933,,,,,,,,,,3.764942388391681,"rgba(0, 255, 255, 0.75)",1.0242288239319257,3.764942388391681,1.5866157772926788,4,0.18494636950484894,0.7397854780193958,0.0,0.0,0.0,0.0,68.34707787369447,25.322939727709112,True,False,True,False,False,11.388822527287282
2022-07-28 00:00:00+00:00,5.52,5.53,5.15,5.38,156759,,,,,,,,,,3.777225121817964,"rgba(0, 255, 255, 0.75)",1.0465311165116067,3.777225121817964,1.6652872052110712,4,0.18192770790993446,0.7277108316397378,0.0,0.0,0.0,0.0,69.63174677703716,25.322939727709112,True,False,True,False,False,12.287319023321412
2022-07-29 00:00:00+00:00,5.31,5.48,4.86,5.42,317012,,,,,,,,,,3.793935828354015,"rgba(38, 166, 154, 1.0)",1.0628591901975493,3.793935828354015,1.4264017149479604,4,0.17975365791576087,0.7190146316630435,0.0,0.0,0.0,0.0,68.04504031486329,25.322939727709112,True,False,True,False,False,10.301277361801507
2022-08-01 00:00:00+00:00,4.52,5.23,4.39,5.15,461723,,,,,,,,,,3.798029120098791,"rgba(38, 166, 154, 0.5)",1.065787008025374,3.798029120098791,0.6774063433545064,4,0.17935634172384038,0.7174253668953615,0.0,0.0,0.0,0.0,60.59061948427885,18.29603414006067,False,False,True,False,False,3.4494150034512785
2022-08-02 00:00:00+00:00,4.38,4.5301,4.03,4.39,294885,,,,,,,,,,3.8457184466786303,"rgba(38, 166, 154, 0.5)",1.0616014245816916,3.8457184466786303,0.5032788586657139,4,0.17911833873832356,0.7164733549532942,0.0,0.0,0.0,0.0,54.790802939423074,12.95060270436138,False,False,False,False,False,2.3262210652373874
2022-08-03 00:00:00+00:00,4.43,4.5,4.2198,4.29,29385,,,,,,,,,,3.8462065307901803,"rgba(38, 166, 154, 0.5)",1.0625371928998526,3.8462065307901803,0.5494334439404831,4,0.1789743328338495,0.715897331335398,0.0,0.0,0.0,0.0,51.321347465164976,9.85915262973517,False,True,False,False,False,2.703444392487576
2022-08-04 00:00:00+00:00,4.3,4.49,4.2,4.41,63880,,,,,,,,,,3.8458933694109683,#000000,1.0609340086074264,3.8458933694109683,0.4280253313635297,4,0.17911833873832356,0.7164733549532942,0.0,0.0,0.0,0.0,48.17132200945363,6.99697179050608,False,True,False,True,False,1.6479195923711671
2022-08-05 00:00:00+00:00,4.4,4.51,4.26,4.26,32628,,,,,,,,,,3.846328482588033,"rgba(38, 166, 154, 0.5)",1.0636606112972449,3.846328482588033,0.5205340044854228,4,0.1790952780065074,0.7163811120260296,0.0,0.0,0.0,0.0,46.95657023595404,5.838184487881563,False,True,False,True,False,2.4217842814615196
2022-08-08 00:00:00+00:00,4.47,4.51,4.38,4.51,14132,,,,,,,,,,3.8467586242934253,"rgba(38, 166, 154, 0.5)",1.0678371319398632,3.8467586242934253,0.5836483458618605,4,0.17897503556367075,0.715900142254683,0.0,0.0,0.0,0.0,46.775139215627014,5.464025428135933,False,True,False,True,False,2.964622473867415
2022-08-09 00:00:00+00:00,4.41,4.57,4.19,4.5,78187,,,,,,,,,,3.8475027944152473,"rgba(38, 166, 154, 0.5)",1.0713150456407394,3.8475027944152473,0.5250530251335457,4,0.1790886794983499,0.7163547179933996,0.0,0.0,0.0,0.0,46.173856314149106,4.537652568504129,False,True,False,True,False,2.457915306512554
2022-08-10 00:00:00+00:00,4.4,4.47,4.17,4.4,56825,,,,,,,,,,3.847356968479514,"rgba(38, 166, 154, 0.5)",1.0753840176395584,3.847356968479514,0.5139029615983361,4,0.17968051872211455,0.7187220748884582,0.0,0.0,0.0,0.0,45.68815773739399,3.6343442840285434,False,True,False,True,False,2.372395209952561
2022-08-11 00:00:00+00:00,4.43,4.6,4.0668,4.37,34703,,,,,,,,,,3.847430672393417,"rgba(38, 166, 154, 0.5)",1.0807766005745836,3.847430672393417,0.5390284424152648,4,0.1802821906378436,0.7211287625513744,0.0,0.0,0.0,0.0,45.70223129231846,3.1388564896509834,False,True,False,True,False,2.617038834986417
2022-08-12 00:00:00+00:00,4.48,4.48,4.23,4.4118,70084,,,,,,,,,,3.848029024513825,"rgba(38, 166, 154, 0.5)",1.0866575888865304,3.848029024513825,0.581573240687289,4,0.17989982525418335,0.7195993010167334,0.0,0.0,0.0,0.0,46.299914245068905,3.1388564896509834,False,True,False,True,False,3.0293360155935076
2022-08-15 00:00:00+00:00,4.4,4.46,4.19,4.19,41207,,,,,,,,,,3.847971853868777,"rgba(38, 166, 154, 0.5)",1.091047794176947,3.847971853868777,0.5059614703200574,4,0.18000096700723783,0.7200038680289513,0.0,0.0,0.0,0.0,45.841266028905146,2.2584922261943063,False,True,False,True,False,2.3103744035163274
2022-08-16 00:00:00+00:00,4.38,4.47,4.24,4.47,35727,,,,,,,,,,3.848027181586621,#000000,1.0938917767624325,3.848027181586621,0.48631211031483135,4,0.18019533364282808,0.7207813345713123,0.0,0.0,0.0,0.0,45.31582813928476,1.2452713896050653,False,True,False,True,False,2.1290818834998753
2022-08-17 00:00:00+00:00,3.02,4.24,3.0,4.11,505105,,,,,,,,,,3.7867073524731025,"rgba(239, 83, 80, 0.5)",1.092938666210186,3.7867073524731025,-0.7015099530989188,4,0.18046055653065393,0.7218422261226157,0.0,0.0,0.0,0.0,37.245823798843354,-6.655677503703494,False,True,False,True,False,0.0
2022-08-18 00:00:00+00:00,3.05,3.2656,2.98,3.05,148147,,,,,,,,,,3.769166347808367,"rgba(239, 83, 80, 0.5)",1.092030197495218,3.769166347808367,-0.6585590301970713,5,0.2951868796137756,1.475934398068878,0.0,0.0,0.0,0.0,32.19549317699379,-11.33715036593037,False,True,False,True,False,0.0
2022-08-19 00:00:00+00:00,3.0,3.16,2.968,2.99,8045,,,,,,,,,,3.768230650314983,"rgba(239, 83, 80, 0.5)",1.091598566855217,3.768230650314983,-0.7037666351360066,5,0.2952356096862393,1.4761780484311964,0.0,0.0,0.0,0.0,28.663142942621633,-14.498635649285646,False,True,False,True,False,0.0
2022-08-22 00:00:00+00:00,3.12,3.23,2.95,2.95,48798,,,,,,,,,,3.76303516779533,"rgba(239, 83, 80, 0.5)",1.090866806259225,3.76303516779533,-0.5894717522851494,5,0.29507561994658554,1.4753780997329278,0.0,0.0,0.0,0.0,27.77148324009955,-15.248395866393963,False,True,False,True,False,0.0
2022-08-23 00:00:00+00:00,3.26,3.44,3.08,3.19,178110,,,,,,,,,,3.748974331458379,#000000,1.0894972331632025,3.748974331458379,-0.4488073182514753,5,0.2955926636534658,1.477963318267329,0.0,0.0,0.0,0.0,28.830892901654718,-15.248395866393963,False,True,False,True,False,0.0
2022-08-24 00:00:00+00:00,3.31,3.68,3.06,3.2,295670,,,,,,,,,,3.7320909472098065,#000000,1.087801814466569,3.7320909472098065,-0.3880219186955386,5,0.296455762409326,1.48227881204663,0.0,0.0,0.0,0.0,30.127782214826002,-15.248395866393963,False,True,False,True,False,0.0
2022-08-25 00:00:00+00:00,3.51,3.57,3.12,3.32,375886,,,,,,,,,,3.7164018282346385,#000000,1.0823848408828425,3.7164018282346385,-0.19069172113154131,4,0.33491465728095327,1.339658629123813,0.0,0.0,0.0,0.0,33.26752644439451,-15.248395866393963,False,True,False,True,True,0.0
2022-08-26 00:00:00+00:00,3.5,3.616,2.95,3.54,718874,,,,,,,,,,3.69126171582833,#000000,1.0763024689527927,3.69126171582833,-0.1777025709273168,4,0.33706526417653526,1.348261056706141,0.0,0.0,0.0,0.0,35.28754264727803,-21.58479640681201,False,True,False,True,True,0.0
2022-08-29 00:00:00+00:00,3.19,3.44,3.1,3.44,348058,,,,,,,,,,3.6788985259172726,#000000,1.0701068298896983,3.6788985259172726,-0.45686889594720753,4,0.33872445913058313,1.3548978365223325,0.0,0.0,0.0,0.0,34.54842517986078,-21.58479640681201,False,True,False,True,True,0.0
2022-08-30 00:00:00+00:00,3.18,3.1901,2.91,3.15,539967,,,,,,,,,,3.606149477607333,#000000,1.0627101521000821,3.606149477607333,-0.4010025468987895,4,0.34058894622230274,1.362355784889211,0.0,0.0,0.0,0.0,33.99379353740182,-21.58479640681201,False,True,False,True,True,0.0
2022-08-31 00:00:00+00:00,3.49,3.7299,2.99,3.04,332282,,,,,,,,,,3.6119891254783734,#000000,1.0570564013641222,3.6119891254783734,-0.11540455676816037,4,0.3423012247488375,1.36920489899535,0.0,0.0,0.0,0.0,37.21875591834031,-19.195187632500733,False,True,False,True,True,0.0
2022-09-01 00:00:00+00:00,3.19,3.46,3.1,3.46,555216,,,,,,,,,,3.601818667126591,#000000,1.048532148432035,3.601818667126591,-0.3927573110108458,4,0.34321300787021525,1.372852031480861,0.0,0.0,0.0,0.0,37.2425998040367,-18.941258285352703,False,True,False,True,True,0.0
2022-09-02 00:00:00+00:00,3.18,3.3494,3.09,3.23,750682,,,,,,,,,,3.5863696027868923,#000000,1.044383191726276,3.5863696027868923,-0.38910009851383953,4,0.34420032687179225,1.376801307487169,0.0,0.0,0.0,0.0,37.19227904917686,-18.664217030181966,False,True,False,True,True,0.0
2022-09-06 00:00:00+00:00,3.38,3.39,3.1,3.14,253684,,,,,,,,,,3.5834930930961595,#000000,1.0383656185694083,3.5834930930961595,-0.19597441349851216,5,0.29609368635858696,1.4804684317929349,0.0,0.0,0.0,0.0,39.35848050680349,-16.28851718485413,False,True,False,True,True,0.0
2022-09-07 00:00:00+00:00,3.8,3.875,3.05,3.35,1249976,,,,,,,,,,3.593090756984726,#000000,1.0355303659130093,3.593090756984726,0.19980992332643513,4,0.3256644411385938,1.302657764554375,0.0,0.0,0.0,0.0,44.463787422183174,-11.306306473973095,False,True,False,True,True,0.0
2022-09-08 00:00:00+00:00,3.9,3.9,3.35,3.54,486894,,,,,,,,,,3.5992254966547845,#000000,1.0249368931520357,3.5992254966547845,0.2934566072846004,4,0.34168332785984107,1.3667333114393643,0.0,0.0,0.0,0.0,48.60165317899038,-7.43846595290843,False,True,False,False,True,0.0
2022-09-09 00:00:00+00:00,4.5,4.6,3.45,4.08,1867694,,,,,,,,,,3.6574270812316807,"rgba(38, 166, 154, 0.5)",1.0110172934014334,3.6574270812316807,0.8333912033626988,4,0.3414755262374777,1.3659021049499107,0.0,0.0,0.0,0.0,54.85134345092287,-1.7293196414610037,False,False,True,False,True,4.523477698002388
2022-09-12 00:00:00+00:00,4.34,4.44,4.08,4.34,610727,,,,,,,,,,3.6747972841647294,"rgba(38, 166, 154, 0.5)",0.9924162271532648,3.6747972841647294,0.6702860126979153,4,0.34093311982761754,1.3637324793104701,0.0,0.0,0.0,0.0,57.52475290914224,0.5287241419138979,False,False,True,False,True,3.1970276120392853
2022-09-13 00:00:00+00:00,4.52,4.52,4.03,4.25,356393,,,,,,,,,,3.685210514197307,"rgba(38, 166, 154, 0.5)",0.9706381463554602,3.685210514197307,0.8600419105071746,4,0.339649001965289,1.358596007861156,0.0,0.0,0.0,0.0,60.24812743115436,2.9310365342060294,False,False,True,False,True,4.546074945346518
2022-09-14 00:00:00+00:00,4.68,4.74,4.2,4.38,1601801,,,,,,,,,,3.737111823108682,"rgba(38, 166, 154, 0.5)",0.9541445458648323,3.737111823108682,0.9882026585779914,3,0.4170576391157756,1.2511729173473267,0.0,0.0,0.0,0.0,62.8550858880157,5.301041165605277,True,False,True,False,True,5.726593216232857
2022-09-15 00:00:00+00:00,5.0,5.03,4.36,4.36,1437650,,,,,,,,,,3.7884497386655984,"rgba(38, 166, 154, 1.0)",0.9448239292516305,3.7884497386655984,1.2823026850029484,3,0.4127958214731864,1.2383874644195592,0.0,0.0,0.0,0.0,65.99946408585382,8.228671154897384,True,False,True,False,True,8.017119398385006
2022-09-16 00:00:00+00:00,3.07,6.12,2.88,6.0,3293252,,,,4.023333333333333,,,,,,3.8221430755168764,"rgba(239, 83, 80, 0.5)",0.9355030547222164,3.8221430755168764,-0.803998524344973,3,0.41230590282135166,1.236917708464055,0.0,0.0,0.0,0.0,56.83967628263689,15.308449093936218,False,False,True,False,False,0.0
2022-09-19 00:00:00+00:00,2.95,3.1124,2.71,2.98,228670,,,,3.9519648975758126,,,,,,3.810213210549417,"rgba(239, 83, 80, 0.5)",0.9226800337461939,3.810213210549417,-0.9322984990331328,4,0.49840628147764865,1.9936251259105946,0.0,0.0,0.0,0.0,50.335626550407795,9.595868067094926,False,False,False,False,False,0.0
2022-09-20 00:00:00+00:00,2.95,2.95,2.72,2.88,360807,,,,3.8517318350057392,,,,,,3.792188824400276,"rgba(239, 83, 80, 0.5)",0.9128026908492466,3.792188824400276,-0.9226406022277678,4,0.49769689994958566,1.9907875997983426,0.0,0.0,0.0,0.0,45.9995933955884,5.913573122899585,False,True,False,True,False,0.0
2022-09-21 00:00:00+00:00,2.96,3.1412,2.91,3.0,210379,,,,3.808146110714238,,,,,,3.783796541998091,"rgba(239, 83, 80, 0.5)",0.8993403843017612,3.783796541998091,-0.9160008339197159,4,0.49747598299517626,1.989903931980705,0.0,0.0,0.0,0.0,43.17391816601511,3.501967371854356,False,True,False,True,False,0.0
2022-09-22 00:00:00+00:00,3.01,3.12,2.71,2.91,918697,,,,3.6502312315822345,,,,,,3.7495337802651303,"rgba(239, 83, 80, 0.5)",0.8875388608611695,3.7495337802651303,-0.8332410138611495,4,0.4978382377426238,1.9913529509704953,0.0,0.0,0.0,0.0,41.64059771262909,2.0970816161772206,False,True,False,True,False,0.0
2022-09-23 00:00:00+00:00,2.97,3.2,2.89,3.17,565907,,,,3.5862888362826912,,,,,,3.733056040980539,"rgba(239, 83, 80, 0.5)",0.8794278086459533,3.733056040980539,-0.8676733138054946,4,0.49799090647274175,1.991963625890967,0.0,0.0,0.0,0.0,40.43075003481309,0.7867874542673974,False,True,False,True,False,0.0
2022-09-26 00:00:00+00:00,1.67,2.97,1.45,2.87,2984257,,,,3.043847506058478,,,,,,3.5702036219153555,"rgba(255, 26, 202, 1.0)",0.9105937334380136,3.5702036219153555,-2.086774323320892,4,0.4901827434887122,1.9607309739548489,0.0,0.0,0.0,0.0,35.28031852624882,-4.29186363752207,False,True,False,True,False,0.0
2022-09-27 00:00:00+00:00,2.47,2.55,1.83,1.86,3165080,,,,2.8385880074575174,,,,,,3.468011799491956,"rgba(239, 83, 80, 1.0)",0.924144929153043,3.468011799491956,-1.0799299633733963,4,0.48814773087748375,1.952590923509935,0.0,0.0,0.0,0.0,36.557003934037795,-4.29186363752207,False,True,False,True,False,0.0
2022-09-28 00:00:00+00:00,2.57,2.59,2.18,2.21,2101074,,,,2.779038657254254,,,,,,3.421233797769531,"rgba(239, 83, 80, 0.5)",0.936150165241178,3.421233797769531,-0.909291937741879,4,0.48662755729794405,1.9465102291917762,0.0,0.0,0.0,0.0,37.920528683064035,-4.29186363752207,False,True,False,True,False,0.0
2022-09-29 00:00:00+00:00,2.24,2.52,2.16,2.49,2458337,,,,2.7077371256614393,,,,,,3.365603972007722,"rgba(239, 83, 80, 1.0)",0.952069575580456,3.365603972007722,-1.1822707088622864,4,0.4834577278733619,1.9338309114934475,0.0,0.0,0.0,0.0,37.69210689296504,-4.29186363752207,False,True,False,True,False,0.0
2022-09-30 00:00:00+00:00,2.21,2.3,2.06,2.3,2278651,,,,2.644190927681499,,,,,,3.3146221854590543,"rgba(239, 83, 80, 1.0)",0.9652172509910991,3.3146221854590543,-1.1444285567055625,4,0.48131827485427,1.92527309941708,0.0,0.0,0.0,0.0,37.43649795096119,-4.29186363752207,False,True,False,True,False,0.0
2022-10-03 00:00:00+00:00,2.34,2.43,2.12,2.21,1792607,,,,2.6135895398950577,,,,,,3.2823514068086297,"rgba(239, 83, 80, 0.5)",0.9760011881491089,3.2823514068086297,-0.9655228069913597,4,0.48011958211616634,1.9204783284646654,0.0,0.0,0.0,0.0,38.0685677706759,-4.29186363752207,False,True,False,True,False,0.0
2022-10-04 00:00:00+00:00,2.19,2.26,2.1,2.18,2407076,,,,2.5680956343202577,,,,,,3.237678009571317,"rgba(239, 83, 80, 1.0)",0.9877202510850971,3.237678009571317,-1.0607031782737582,4,0.4783906575533744,1.9135626302134976,0.0,0.0,0.0,0.0,37.88415239253236,-4.29186363752207,False,True,False,True,False,0.0
2022-10-05 00:00:00+00:00,1.38,2.21,1.25,2.15,6146741,,,,2.365108259878511,,,,,,2.9699784848643955,"rgba(255, 0, 0, 1.0)",1.0199324285991263,2.9699784848643955,-1.558905708144044,4,0.4709401897419062,1.8837607589676248,0.0,0.0,0.0,0.0,35.06818127249993,-7.520888761838641,False,True,False,True,False,0.0
2022-10-06 00:00:00+00:00,1.39,1.54,1.33,1.34,1221695,,,,2.326790627299718,,,,,,2.939426335271579,"rgba(239, 83, 80, 1.0)",1.0513871893699176,2.939426335271579,-1.4736971792476659,4,0.4631160487247895,1.852464194899158,0.0,0.0,0.0,0.0,33.25945599773182,-9.67355946396627,False,True,False,True,False,0.0
2022-10-07 00:00:00+00:00,1.35,1.48,1.31,1.48,774242,,,,2.3030732210731006,,,,,,2.920328655641469,"rgba(239, 83, 80, 1.0)",1.0826516253953415,2.920328655641469,-1.4504468647225714,4,0.45640301304929565,1.8256120521971826,0.0,0.0,0.0,0.0,31.928470666732508,-11.32878546800147,False,True,False,True,False,0.0
2022-10-10 00:00:00+00:00,1.35,1.41,1.27,1.35,243617,,,,2.295567578100828,,,,,,2.9142616476890386,"rgba(239, 83, 80, 1.0)",1.112006558404733,2.9142616476890386,-1.4067018183176039,4,0.4489230575741191,1.7956922302964764,0.0,0.0,0.0,0.0,31.04114711273297,-12.554630967255584,False,True,False,True,False,0.0
2022-10-11 00:00:00+00:00,1.41,1.42,1.26,1.32,274368,,,,2.2874284682935033,,,,,,2.9076482780695203,"rgba(239, 83, 80, 1.0)",1.1408777156870735,2.9076482780695203,-1.3127158655803775,4,0.4425006200261819,1.7700024801047276,0.0,0.0,0.0,0.0,30.979525931234832,-13.024096787833763,False,True,False,True,False,0.0
2022-10-12 00:00:00+00:00,1.47,1.5,1.31,1.41,368217,,,,2.2774595943499123,,,,,,2.8994486331184217,"rgba(239, 83, 80, 1.0)",1.1654619360208711,2.8994486331184217,-1.2265082101255542,4,0.4360999323562804,1.7443997294251217,0.0,0.0,0.0,0.0,31.494516358320414,-13.024096787833763,False,True,False,True,False,0.0
2022-10-13 00:00:00+00:00,1.54,1.5662,1.42,1.5,277437,,,,2.270809587504884,,,,,,2.8938746745047363,"rgba(239, 83, 80, 1.0)",1.1876333145036486,2.8938746745047363,-1.1399770097141182,4,0.4319720142684442,1.727888057073777,0.0,0.0,0.0,0.0,32.51333554092363,-13.024096787833763,False,True,False,True,False,0.0
2022-10-14 00:00:00+00:00,1.61,1.789,1.53,1.58,368266,,,,2.2636824183995072,,,,,,2.8876687032843664,"rgba(239, 83, 80, 1.0)",1.2107933967935747,2.8876687032843664,-1.055232632311913,4,0.42974956851300844,1.7189982740520338,0.0,0.0,0.0,0.0,33.89022567904506,-13.024096787833763,False,True,False,True,True,0.0
2022-10-17 00:00:00+00:00,1.62,1.68,1.61,1.62,88913,,,,2.261968530226049,,,,,,2.8861664619453506,"rgba(239, 83, 80, 1.0)",1.2325778769278213,2.8861664619453506,-1.0272506797714462,4,0.4279937481729524,1.7119749926918095,0.0,0.0,0.0,0.0,34.913750699311045,-13.024096787833763,False,True,False,True,True,0.0
2022-10-18 00:00:00+00:00,1.59,1.6501,1.58,1.62,75232,,,,2.260456510694356,,,,,,2.8848480726332664,"rgba(239, 83, 80, 1.0)",1.254493420457507,2.8848480726332664,-1.0321680859522102,4,0.4267255121381931,1.7069020485527724,0.0,0.0,0.0,0.0,35.39610685505692,-13.024096787833763,False,True,False,True,True,0.0
2022-10-19 00:00:00+00:00,1.71,1.74,1.53,1.53,165231,,,,2.2574288083671257,,,,,,2.8821564490946487,"rgba(239, 83, 80, 0.5)",1.27324720895996,2.8821564490946487,-0.9206039807871353,4,0.425194277084613,1.700777108338452,0.0,0.0,0.0,0.0,37.13181251272134,-17.16474201585571,False,True,False,True,True,0.0
2022-10-20 00:00:00+00:00,1.75,1.8,1.7,1.73,169186,,,,2.2548223960359715,,,,,,2.8797441969462962,"rgba(239, 83, 80, 0.5)",1.2906942893100835,2.8797441969462962,-0.8752996013875446,4,0.4231990095516718,1.6927960382066871,0.0,0.0,0.0,0.0,38.76135262661991,-15.440601670467814,False,True,False,True,True,0.0
2022-10-21 00:00:00+00:00,1.79,1.8,1.72,1.77,81054,,,,2.2536322690539556,,,,,,2.878626017463946,"rgba(239, 83, 80, 0.5)",1.3062189847173558,2.878626017463946,-0.8334176965736773,4,0.4205161648027685,1.682064659211074,0.0,0.0,0.0,0.0,40.3419846270665,-13.809273445493972,False,False,False,True,True,0.0
2022-10-24 00:00:00+00:00,1.65,1.7999,1.6,1.7817,155049,,,,2.250966647301124,,,,,,2.8761999510253013,"rgba(239, 83, 80, 0.5)",1.3202733132278428,2.8761999510253013,-0.9287470546741962,4,0.4178758237191307,1.6715032948765227,0.0,0.0,0.0,0.0,40.09590506534845,-13.809273445493972,False,False,False,True,True,0.0
2022-10-25 00:00:00+00:00,1.73,1.7644,1.67,1.7104,175009,,,,2.248187939681802,,,,,,2.8736152046560806,"rgba(239, 83, 80, 0.5)",1.32850491052811,2.8736152046560806,-0.8608287373220685,4,0.415255482162885,1.66102192865154,0.0,0.0,0.0,0.0,41.005658066195416,-12.88941368957805,False,False,False,True,True,0.0
2022-10-26 00:00:00+00:00,1.85,1.89,1.68,1.68,216735,,,,2.2453370273537865,,,,,,2.870818851357584,"rgba(239, 83, 80, 0.5)",1.3331583714035056,2.870818851357584,-0.765714616698464,4,0.41368567603425355,1.6547427041370142,0.0,0.0,0.0,0.0,43.15376365507504,-10.724499273767513,False,False,False,True,True,0.0
2022-10-27 00:00:00+00:00,1.74,1.9,1.74,1.84,307537,,,,2.2412332711309926,,,,,,2.7901023311655377,"rgba(239, 83, 80, 0.5)",1.3341506999174022,2.7901023311655377,-0.7870942399764509,4,0.4112963844291859,1.6451855377167437,0.0,0.0,0.0,0.0,43.3930657805227,-10.385736669826173,False,False,False,True,True,0.0
2022-10-28 00:00:00+00:00,1.76,1.9,1.75,1.75,148497,,,,2.239321944016125,,,,,,2.7228755413435133,"rgba(239, 83, 80, 0.5)",1.3328865242347117,2.7228755413435133,-0.7223987367539458,4,0.40865519454829846,1.6346207781931938,0.0,0.0,0.0,0.0,43.83059163286565,-9.81063479371484,False,False,False,True,True,0.0
2022-10-31 00:00:00+00:00,1.77,1.8,1.72,1.77,31868,,,,2.2388765060639937,,,,,,2.7218809266467674,"rgba(239, 83, 80, 0.5)",1.3238506897111368,2.7218809266467674,-0.7190243839767663,4,0.4053100068775714,1.6212400275102856,0.0,0.0,0.0,0.0,44.2716779456896,-9.209621589715375,False,False,False,True,True,0.0
2022-11-01 00:00:00+00:00,1.78,1.84,1.75,1.75,35908,,,,2.238403685629872,,,,,,2.7213822447648113,"rgba(239, 83, 80, 0.5)",1.3053655730404734,2.7213822447648113,-0.7211636833443771,4,0.4020185374677979,1.6080741498711917,0.0,0.0,0.0,0.0,44.727305378898826,-8.584200003307124,True,False,False,False,True,0.0
2022-11-02 00:00:00+00:00,1.79,1.83,1.76,1.81,34327,,,,2.2379559665917275,,,,,,2.720972906165844,"rgba(239, 83, 80, 0.5)",1.2811450677751872,2.720972906165844,-0.7266725131936496,4,0.3992313864953977,1.5969255459815908,0.0,0.0,0.0,0.0,45.205517202934104,-7.935940297603068,True,False,False,False,True,0.0
2022-11-03 00:00:00+00:00,1.78,1.79,1.75,1.79,33073,,,,2.2375060890805503,,,,,,2.7203411021150092,"rgba(239, 83, 80, 0.5)",1.2696462300773212,2.7203411021150092,-0.7406323744668171,3,0.46140838294023134,1.384225148820694,0.0,0.0,0.0,0.0,45.36307241207013,-7.586163174165698,True,False,False,False,True,0.0
2022-11-04 00:00:00+00:00,1.83,1.83,1.77,1.78,11224,,,,2.237365656586735,,,,,,2.7202832047554506,"rgba(239, 83, 80, 0.5)",1.2585232587412905,2.7202832047554506,-0.7074030603501643,3,0.45838868065447125,1.3751660419634137,0.0,0.0,0.0,0.0,46.45489506215779,-6.369915093702865,True,False,False,False,True,0.0
2022-11-07 00:00:00+00:00,1.74,1.84,1.72,1.82,36730,,,,2.2368602100388006,,,,,,2.7195530751843995,"rgba(239, 83, 80, 0.5)",1.2470422231449547,2.7195530751843995,-0.7855011297965789,3,0.45502786301212517,1.3650835890363755,0.0,0.0,0.0,0.0,45.603739286318614,-6.369915093702865,True,False,False,False,True,0.0
2022-11-08 00:00:00+00:00,1.65,1.8154,1.63,1.75,87624,,,,2.2354845129026093,,,,,,2.7163869812371204,"rgba(239, 83, 80, 0.5)",1.2351517833561723,2.7163869812371204,-0.8633651309958995,3,0.4515461999916417,1.354638599974925,0.0,0.0,0.0,0.0,43.620237049852285,-3.6247009727870463,False,False,False,True,False,0.0
2022-11-09 00:00:00+00:00,1.59,1.68,1.5,1.6127,121991,,,,2.233196432224748,,,,,,2.640023919341628,"rgba(239, 83, 80, 0.5)",1.222106171940679,2.640023919341628,-0.8591920599453416,3,0.44801104257079594,1.3440331277123878,0.0,0.0,0.0,0.0,41.422091155802306,-5.699394992288035,False,False,False,True,False,0.0
2022-11-10 00:00:00+00:00,1.67,1.77,1.55,1.55,238306,,,,2.22927751319364,,,,,,2.6375281193549034,"rgba(239, 83, 80, 0.5)",1.1971433264835705,2.6375281193549034,-0.808197396210588,3,0.4448590699781752,1.3345772099345257,0.0,0.0,0.0,0.0,41.8159515344743,-5.699394992288035,False,False,False,True,False,0.0
2022-11-11 00:00:00+00:00,1.55,1.74,1.55,1.64,62224,,,,2.228173483069349,,,,,,2.635608047725075,"rgba(239, 83, 80, 0.5)",1.1673324175113864,2.635608047725075,-0.9299904906602885,3,0.4413085803204965,1.3239257409614895,0.0,0.0,0.0,0.0,40.267704812119874,-6.740397079631421,False,True,False,True,False,0.0
2022-11-14 00:00:00+00:00,1.51,1.69,1.51,1.6,25601,,,,2.227688464020218,,,,,,2.6345563298976593,"rgba(239, 83, 80, 0.5)",1.1413649644097137,2.6345563298976593,-0.9852732166868751,3,0.4377749003738571,1.3133247011215712,0.0,0.0,0.0,0.0,38.68211155443396,-8.225027785664182,False,True,False,True,False,0.0
2022-11-15 00:00:00+00:00,1.56,1.6581,1.51,1.65,117491,,,,2.225492032721036,,,,,,2.630443053147131,"rgba(239, 83, 80, 0.5)",1.1322587963809276,2.630443053147131,-0.9454049344271995,3,0.4343905105178198,1.3031715315534593,0.0,0.0,0.0,0.0,38.86887181705176,-8.225027785664182,False,True,False,True,False,0.0
2022-11-16 00:00:00+00:00,1.67,1.79,1.55,1.57,198278,,,,2.2223501914297406,,,,,,2.6283182454208767,"rgba(239, 83, 80, 0.5)",1.1231138342504245,2.6283182454208767,-0.8532690242040035,3,0.4316810784544882,1.2950432353634647,0.0,0.0,0.0,0.0,41.48093823998669,-8.225027785664182,False,True,False,True,True,0.0
2022-11-17 00:00:00+00:00,1.77,1.79,1.69,1.71,96079,,,,2.22105916298974,,,,,,2.6285656099274632,"rgba(239, 83, 80, 0.5)",1.1104838163189554,2.6285656099274632,-0.7731455400885052,3,0.42939717504491287,1.2881915251347387,0.0,0.0,0.0,0.0,45.16564265794325,-8.367470088272682,False,False,False,True,True,0.0
2022-11-18 00:00:00+00:00,1.8,1.81,1.72,1.76,27097,,,,2.220716871166101,,,,,,2.628716638293578,"rgba(239, 83, 80, 0.5)",1.0989608031439757,2.628716638293578,-0.7540911704245806,3,0.4271802554218607,1.2815407662655822,0.0,0.0,0.0,0.0,48.17335852679639,-5.726760009642625,True,False,False,False,True,0.0
2022-11-21 00:00:00+00:00,1.74,1.8,1.71,1.7601,87385,,,,2.2195505240579876,,,,,,2.6286863034102357,"rgba(239, 83, 80, 0.5)",1.084764980566329,2.6286863034102357,-0.8192431718677666,3,0.42482962824161924,1.2744888847248577,0.0,0.0,0.0,0.0,48.89253516438947,-5.2140432646028,True,False,False,False,True,0.0
2022-11-22 00:00:00+00:00,1.72,1.8,1.72,1.73,36233,,,,2.2190651864067283,,,,,,2.628614210593112,"rgba(239, 83, 80, 0.5)",1.0677676131423357,2.628614210593112,-0.8509475277295115,3,0.4225393723344941,1.2676181170034824,0.0,0.0,0.0,0.0,48.94517589585781,-5.1950925631134695,True,False,False,False,True,0.0
2022-11-23 00:00:00+00:00,1.92,1.95,1.75,1.7999,97658,,,,2.218111440454118,,,,,,2.630151375511221,"rgba(239, 83, 80, 0.5)",1.048779161563451,2.630151375511221,-0.6771219352342719,3,0.42096451610734315,1.2628935483220294,0.0,0.0,0.0,0.0,52.693711903602654,-1.6673229529724694,True,False,True,False,True,0.0
2022-11-25 00:00:00+00:00,1.95,2.08,1.83,1.83,68742,,,,2.21759828703926,,,,,,2.631808251051821,"rgba(239, 83, 80, 0.5)",1.0283727546578272,2.631808251051821,-0.6629971943185919,3,0.41965155213505856,1.2589546564051757,0.0,0.0,0.0,0.0,55.6548099014786,1.0148467372048984,True,False,True,False,True,0.0
2022-11-28 00:00:00+00:00,2.07,2.07,1.89,1.89,55913,,,,2.2172715521728033,,,,,,2.633437991292424,"rgba(239, 83, 80, 0.5)",1.004933470076146,2.633437991292424,-0.5606719330879995,3,0.41911900276434494,1.2573570082930348,0.0,0.0,0.0,0.0,59.33049070380086,4.31940845799501,True,False,True,False,True,0.0
2022-11-29 00:00:00+00:00,1.94,2.0638,1.86,2.01,83648,,,,2.2166545223699554,,,,,,2.635006476896555,"rgba(239, 83, 80, 0.5)",0.9793367308706631,2.635006476896555,-0.7096705913181373,3,0.4195760081781832,1.2587280245345496,0.0,0.0,0.0,0.0,58.742840270942835,4.31940845799501,True,False,True,False,True,0.0
2022-11-30 00:00:00+00:00,1.97,2.07,1.76,1.94,166441,,,,2.215336412216115,,,,,,2.6370753814890504,"rgba(239, 83, 80, 0.5)",0.9539261119326967,2.6370753814890504,-0.6992946027418476,3,0.4212552412465384,1.2637657237396152,0.0,0.0,0.0,0.0,58.82537078584414,4.31940845799501,True,False,True,False,True,0.0
2022-12-01 00:00:00+00:00,1.93,1.98,1.865,1.865,33613,,,,2.2150638828757043,,,,,,2.6373834834211354,"rgba(239, 83, 80, 0.5)",0.9275114821658837,2.6373834834211354,-0.7626681685592558,3,0.42314223663259787,1.2694267098977936,0.0,0.0,0.0,0.0,57.95863761819851,4.31940845799501,True,False,True,False,True,0.0
2022-12-02 00:00:00+00:00,2.01,2.04,1.81,1.84,34319,,,,2.214813284931192,,,,,,2.6377880695766196,"rgba(239, 83, 80, 0.5)",0.925543424497541,2.6377880695766196,-0.6782913183327226,3,0.4267034957128459,1.2801104871385376,0.0,0.0,0.0,0.0,58.744941236024346,4.31940845799501,True,False,True,False,True,0.0
2022-12-05 00:00:00+00:00,1.98,2.1,1.84,2.0,56778,,,,2.2144313738726176,,,,,,2.638531506305855,"rgba(239, 83, 80, 0.5)",0.9232367269850452,2.638531506305855,-0.7132856471778143,3,0.4306536355995963,1.291960906798789,0.0,0.0,0.0,0.0,58.52258389673699,4.31940845799501,True,False,True,False,True,0.0
2022-12-06 00:00:00+00:00,1.97,2.05,1.92,1.94,11315,,,,2.2143575095880124,,,,,,2.63867978622789,"rgba(239, 83, 80, 0.5)",0.9212525746538304,2.63867978622789,-0.7258376308789727,3,0.4367577416889608,1.3102732250668825,0.0,0.0,0.0,0.0,58.11431173966188,4.31940845799501,True,False,True,False,True,0.0
2022-12-07 00:00:00+00:00,2.06,2.08,1.98,2.08,25486,,,,2.214233858358879,,,,,,2.6391726567305023,"rgba(239, 83, 80, 0.5)",0.9173509059703869,2.6391726567305023,-0.6313534471499159,3,0.4458924179868072,1.3376772539604216,0.0,0.0,0.0,0.0,59.512775072150134,5.209444994061954,True,False,True,False,True,0.0
2022-12-08 00:00:00+00:00,2.03,2.08,1.97,2.02,21979,,,,2.21411921329103,,,,,,2.6395519240539063,"rgba(239, 83, 80, 0.5)",0.9115221800289282,2.6395519240539063,-0.6687186964935529,3,0.45693494162475234,1.370804824874257,0.0,0.0,0.0,0.0,59.58812194381773,5.5215107481135774,True,False,True,False,True,0.0
2022-12-09 00:00:00+00:00,2.02,2.06,1.999,2.0,9667,,,,2.2140687438510405,,,,,,2.639714670396379,"rgba(239, 83, 80, 0.5)",0.9046599679756271,2.639714670396379,-0.6850249732870627,3,0.46420055278353045,1.3926016583505914,0.0,0.0,0.0,0.0,59.341588055875874,5.531781904379471,True,False,True,False,True,0.0
2022-12-12 00:00:00+00:00,2.0,2.08,1.8774,1.99,25542,,,,2.21390676180009,,,,,,2.6400226474428425,"rgba(239, 83, 80, 0.5)",0.8940841002827326,2.6400226474428425,-0.715841661025457,3,0.4711235534212526,1.413370660263758,0.0,0.0,0.0,0.0,58.554496404336696,5.531781904379471,True,False,True,False,True,0.0
2022-12-13 00:00:00+00:00,1.99,2.05,1.94,1.94,23818,,,,2.213760901620288,,,,,,2.6403177197918155,"rgba(239, 83, 80, 0.5)",0.8831475242277219,2.6403177197918155,-0.7363636334263554,3,0.47864982984042,1.43594948952126,0.0,0.0,0.0,0.0,57.70382817624191,5.531781904379471,True,False,True,False,False,0.0
2022-12-14 00:00:00+00:00,1.99,2.11,1.96,2.04,273108,,,,2.2123027650218847,,,,,,2.607020237993704,"rgba(239, 83, 80, 0.5)",0.8768946026428428,2.607020237993704,-0.7036424173829875,3,0.4868761171546651,1.4606283514639953,0.0,0.0,0.0,0.0,57.136716024178725,5.531781904379471,True,False,True,False,False,0.0
2022-12-15 00:00:00+00:00,1.89,2.05,1.89,1.95,61967,,,,2.2118442853151734,,,,,,2.6063343262123224,"rgba(239, 83, 80, 0.5)",0.8708915800167948,2.6063343262123224,-0.8225298563553781,3,0.4956989258289635,1.4870967774868906,0.0,0.0,0.0,0.0,53.548921473595186,6.8755208784947115,True,False,True,False,False,0.0
2022-12-16 00:00:00+00:00,1.93,2.0,1.8,1.9,86740,,,,2.2111257897515704,,,,,,2.605084747269542,"rgba(239, 83, 80, 0.5)",0.8588275057802294,2.605084747269542,-0.7860539429931738,3,0.5090111627504991,1.5270334882514973,0.0,0.0,0.0,0.0,52.41430522015012,5.804825105649918,True,False,False,False,False,0.0
2022-12-19 00:00:00+00:00,1.97,2.02,1.89,1.91,5798,,,,2.211085839258275,,,,,,2.6050810927013863,"rgba(239, 83, 80, 0.5)",0.851434465269438,2.6050810927013863,-0.7458954489238508,3,0.5257294297543255,1.5771882892629763,0.0,0.0,0.0,0.0,52.8512694939299,5.804825105649918,True,False,False,False,False,0.0
2022-12-20 00:00:00+00:00,1.96,1.98,1.91,1.95,15822,,,,2.210972544760066,,,,,,2.6050381116182817,"rgba(239, 83, 80, 0.5)",0.8438542421425558,2.6050381116182817,-0.7643951756176782,3,0.5418850715456868,1.6256552146370602,0.0,0.0,0.0,0.0,52.79577289171314,5.804825105649918,True,False,False,False,False,0.0
2022-12-21 00:00:00+00:00,1.82,1.95,1.82,1.93,30533,,,,2.2106816748276015,,,,,,2.6044138302957447,"rgba(239, 83, 80, 0.5)",0.8328335438199622,2.6044138302957447,-0.941861475341002,3,0.5499893649834965,1.6499680949504896,0.0,0.0,0.0,0.0,48.72452227563626,2.183000044809525,True,False,False,False,False,0.0
2022-12-22 00:00:00+00:00,1.66,1.8999,1.66,1.85,119838,,,,2.2091409349117317,,,,,,2.5997430354135322,"rgba(239, 83, 80, 1.0)",0.8119838235640751,2.5997430354135322,-1.1573420653735174,3,0.5567633008883834,1.6702899026651503,0.0,0.0,0.0,0.0,42.979161299880204,-3.054780740604315,False,True,False,True,False,0.0
2022-12-23 00:00:00+00:00,1.63,1.75,1.61,1.67,258687,,,,2.205311513661722,,,,,,2.5382307568735,"rgba(239, 83, 80, 1.0)",0.7867588203772784,2.5382307568735,-1.154395392018575,3,0.5645821310606716,1.6937463931820147,0.0,0.0,0.0,0.0,38.68525635404784,-6.748542307643987,False,True,False,True,False,0.0
2022-12-27 00:00:00+00:00,1.94,1.97,1.63,1.63,192071,,,,2.203452901192974,,,,,,2.541440243750763,"rgba(239, 83, 80, 0.5)",0.7347109010407518,2.541440243750763,-0.8186080305856291,3,0.5729974752869865,1.7189924258609595,0.0,0.0,0.0,0.0,43.611519601463215,-11.655130983338168,False,True,False,True,True,0.0
2022-12-28 00:00:00+00:00,1.89,1.9654,1.79,1.94,122692,,,,2.2023916190319763,,,,,,2.5428471186504744,"rgba(239, 83, 80, 0.5)",0.6846564996569652,2.5428471186504744,-0.9535396494118902,3,0.5831222899633269,1.7493668698899807,0.0,0.0,0.0,0.0,45.89794372007327,-9.8993694462103,False,False,False,True,True,0.0
2022-12-29 00:00:00+00:00,1.95,1.95,1.88,1.88,19347,,,,2.202248238248377,,,,,,2.5431769018594186,"rgba(239, 83, 80, 0.5)",0.6193298325136994,2.5431769018594186,-0.9577722091181482,3,0.5953048324840857,1.7859144974522572,0.0,0.0,0.0,0.0,48.55836479617341,-7.6681293311954875,False,False,False,False,True,0.0
2022-12-30 00:00:00+00:00,1.97,2.02,1.935,1.95,41763,,,,2.201993434254375,,,,,,2.5442150652437414,"rgba(239, 83, 80, 1.0)",0.5334546596233642,2.5442150652437414,-1.07640837864113,3,0.6079394203275371,1.8238182609826112,0.0,0.0,0.0,0.0,50.71034789752587,-5.820562318838064,True,False,False,False,True,0.0
2023-01-03 00:00:00+00:00,2.16,2.29,1.93,2.03,161276,,,,2.201668678634575,,,,,,2.5514852857922383,"rgba(239, 83, 80, 0.5)",0.39801566359689183,2.5514852857922383,-0.9835926612896633,3,0.62213455805252,1.86640367415756,0.0,0.0,0.0,0.0,55.21266939323125,-1.7234201702334673,True,False,True,False,True,0.0
2023-01-04 00:00:00+00:00,2.13,2.3,2.07,2.07,87553,,,,2.201586947719301,,,,,,2.55516057182683,"rgba(239, 83, 80, 1.0)",0.37538943142452874,2.55516057182683,-1.132585353331419,3,0.6382104472020889,1.9146313416062666,0.0,0.0,0.0,0.0,57.47973223014687,0.2660153715487681,True,False,True,False,True,0.0
2023-01-05 00:00:00+00:00,2.17,2.195,2.09,2.14,101452,,,,2.201452241867056,,,,,,2.5585997170582875,"rgba(239, 83, 80, 1.0)",0.3563679139458206,2.5585997170582875,-1.090445300632108,3,0.6570361260420247,1.971108378126074,0.0,0.0,0.0,0.0,59.597792975029,2.2151553454758144,True,False,True,False,True,0.0
2023-01-06 00:00:00+00:00,2.19,2.26,2.13,2.21,101997,,,,2.2014302755490176,,,,,,2.5621872019831438,"rgba(239, 83, 80, 1.0)",0.33618383002097724,2.5621872019831438,-1.1070943000438778,3,0.6765457864517535,2.0296373593552604,0.0,0.0,0.0,0.0,61.3193658444112,3.881030985622729,True,False,True,False,True,0.0
2023-01-09 00:00:00+00:00,2.17,2.21,2.145,2.2,118686,,,,2.201347327098691,,,,,,2.5655253931316984,"rgba(239, 83, 80, 1.0)",0.3136485093020421,2.5655253931316984,-1.261046621939495,3,0.6979515666767524,2.093854700030257,0.0,0.0,0.0,0.0,61.87412167835507,4.55749894806867,True,False,True,False,True,0.0
2023-01-10 00:00:00+00:00,2.19,2.2025,2.155,2.175,60469,,,,2.201317238928398,,,,,,2.5671110423055934,"rgba(239, 83, 80, 1.0)",0.2866383602199039,2.5671110423055934,-1.3156335461041588,2,0.5841415220426746,1.168283044085349,0.0,0.0,0.0,0.0,62.60583517080077,5.515998147889405,True,False,True,False,True,0.0
2023-01-11 00:00:00+00:00,2.18,2.22,2.15,2.185,54041,,,,2.201291617611803,,,,,,2.5684453738648676,"rgba(255, 0, 0, 1.0)",0.2585449932091499,2.5684453738648676,-1.5024285291443824,2,0.5867623430037466,1.1735246860074933,0.0,0.0,0.0,0.0,62.754621134324935,6.006815272988973,True,False,True,False,True,0.0
2023-01-12 00:00:00+00:00,2.23,2.24,2.13,2.16,84492,,,,2.201288746981247,,,,,,2.5705526833114187,"rgba(239, 83, 80, 1.0)",0.2612780094041671,2.5705526833114187,-1.3034111982406555,2,0.5891683031200461,1.1783366062400922,0.0,0.0,0.0,0.0,63.84276898091691,7.4292448240516435,True,False,True,False,True,0.0
2023-01-13 00:00:00+00:00,2.41,2.5382,2.23,2.23,139751,,,,2.201989931313414,,,,,,2.5767498082357005,"rgba(239, 83, 80, 0.5)",0.2594702156178983,2.5767498082357005,-0.6426549106555642,2,0.592431329931919,1.184862659863838,0.0,0.0,0.0,0.0,67.30100943062877,11.009592090971765,True,False,True,False,True,1.1235678102693605
2023-01-17 00:00:00+00:00,2.5499,2.55,2.42,2.42,32338,,,,2.202247902503573,,,,,,2.578494564604453,#000000,0.2587353278218282,2.578494564604453,-0.11051666135110831,2,0.5967219049817994,1.193443809963599,0.0,0.0,0.0,0.0,71.07608212705566,14.729633389637058,True,False,True,False,True,3.0027428583480855
2023-01-18 00:00:00+00:00,2.63,2.65,2.47,2.53,44184,,,,2.2026883067157326,,,,,,2.581180980201909,#000000,0.27016668553168616,2.581180980201909,0.18069962883105153,2,0.6013864651291638,1.2027729302583277,0.0,0.0,0.0,0.0,74.28548283698865,17.809658034669496,True,False,True,False,True,4.057031210522542
2023-01-19 00:00:00+00:00,2.64,2.6799,2.49,2.55,40266,,,,2.2031097790275354,,,,,,2.583636026809982,#000000,0.2819157105964244,2.583636026809982,0.19993200474983727,2,0.6084854768042172,1.2169709536084343,0.0,0.0,0.0,0.0,76.5098286505306,19.938681229855305,True,False,True,False,True,4.189125736737804
2023-01-20 00:00:00+00:00,2.64,2.64,2.57,2.61,20195,,,,2.203327879675939,,,,,,2.584867934778082,#000000,0.2906706928207085,2.584867934778082,0.1896719090834679,2,0.6157880886354794,1.2315761772709588,0.0,0.0,0.0,0.0,77.99272585955856,21.41433928151349,True,False,True,False,True,4.189125736737804
2023-01-23 00:00:00+00:00,2.591,2.6887,2.59,2.6504,43700,,,,2.2038065268087106,,,,,,2.5875002573364676,#000000,0.3001018598667814,2.5875002573364676,0.01166184929705589,2,0.6199501414443587,1.2399002828887173,0.0,0.0,0.0,0.0,77.0259394577086,21.41433928151349,True,False,True,False,True,3.4439157674796377
2023-01-24 00:00:00+00:00,2.55,2.66,2.55,2.66,7327,,,,2.203879685488523,,,,,,2.5879046213717225,#000000,0.30418982484419904,2.5879046213717225,-0.12460844602917535,2,0.6242895857684235,1.248579171536847,0.0,0.0,0.0,0.0,74.8164417104445,21.41433928151349,True,False,True,False,False,2.818658785125418
2023-01-25 00:00:00+00:00,2.51,2.57,2.51,2.53,7214,,,,2.203941029448187,,,,,,2.5882570987723925,#000000,0.30656161408832344,2.5882570987723925,-0.25527363889024307,2,0.6327793093638341,1.2655586187276682,0.0,0.0,0.0,0.0,71.8679638774132,21.41433928151349,True,False,True,False,False,2.206025567779669
2023-01-26 00:00:00+00:00,2.45,2.53,2.43,2.5287,33454,,,,2.2041729104158976,,,,,,2.5896560597000473,#000000,0.30573884779703403,2.5896560597000473,-0.4567821874986537,2,0.6379728319945923,1.2759456639891846,0.0,0.0,0.0,0.0,67.83529901071043,24.450001947282246,True,False,True,False,False,1.286780580797732
2023-01-27 00:00:00+00:00,2.525,2.542,2.4238,2.52,25158,,,,2.204364663816566,,,,,,2.590756096365884,#000000,0.3060185426696613,2.590756096365884,-0.21487618296668384,2,0.6429798077693092,1.2859596155386184,0.0,0.0,0.0,0.0,66.68166688133817,23.329179752894234,True,False,True,False,False,2.3894960377986756
2023-01-30 00:00:00+00:00,2.56,2.68,2.54,2.55,125418,,,,2.2056306044065246,,,,,,2.5971630220868014,#000000,0.3079113637349598,2.5971630220868014,-0.12069389591866465,2,0.6506529674903843,1.3013059349807685,0.0,0.0,0.0,0.0,66.57155814102893,23.06637828269548,True,False,True,False,False,2.903084751523057
2023-01-31 00:00:00+00:00,2.58,2.61,2.47,2.52,40508,,,,2.2059957208972363,,,,,,2.598957516726558,#000000,0.3109325456061534,2.598957516726558,-0.06096986949243535,1,1.0449645473958689,1.0449645473958689,0.0,0.0,0.0,0.0,66.87619579213627,23.06637828269548,True,False,True,False,False,3.1992138573889903
2023-02-01 00:00:00+00:00,2.7,2.79,2.5999,2.5999,8890,,,,2.2061087642614794,,,,,,2.599470327787946,#000000,0.3180201783897817,2.599470327787946,0.3161109861678024,1,1.0739905589529768,1.0739905589529768,0.0,0.0,0.0,0.0,69.05154248949074,23.06637828269548,True,False,True,False,False,4.960510703381619
2023-02-02 00:00:00+00:00,2.68,2.805,2.675,2.7,71354,,,,2.207057334780068,,,,,,2.6036418770966585,#000000,0.32487197809499796,2.6036418770966585,0.235040656171993,2,0.6446780216110152,1.2893560432220303,0.0,0.0,0.0,0.0,69.71185210423599,23.06637828269548,True,False,True,False,False,4.628315345220152
2023-02-03 00:00:00+00:00,2.65,2.69,2.59,2.63,40337,,,,2.2075121050475994,,,,,,2.6056237021334185,#000000,0.33032406908947054,2.6056237021334185,0.1343417026464449,2,0.6821058862833017,1.3642117725666034,0.0,0.0,0.0,0.0,68.95455732574302,23.06637828269548,True,False,True,False,False,4.1251649569229265
2023-02-06 00:00:00+00:00,2.6,2.7,2.555,2.69,58694,,,,2.208134284269986,,,,,,2.6082830072651104,#000000,0.3333971821570718,2.6082830072651104,-0.024844262964430208,2,0.7372463058868689,1.4744926117737378,0.0,0.0,0.0,0.0,66.54217800026343,21.973409352373068,True,False,True,False,False,3.283914156474257
2023-02-07 00:00:00+00:00,2.7,2.78,2.57,2.6,166188,,,,2.210163301855947,,,,,,2.616289698447191,#000000,0.3402050383185157,2.616289698447191,0.2460583828110032,2,0.8198464175432908,1.6396928350865816,0.0,0.0,0.0,0.0,66.94136062336297,21.973409352373068,True,False,True,False,False,4.806945782775138
2023-02-08 00:00:00+00:00,2.69,2.7,2.65,2.65,73758,,,,2.211051979849133,,,,,,2.619585573446174,#000000,0.3466234959103646,2.619585573446174,0.20314383584670467,4,0.5687586272397126,2.2750345089588504,0.0,0.0,0.0,0.0,66.82339889021243,21.761564082384666,True,False,True,False,False,4.634375168719252
2023-02-09 00:00:00+00:00,2.7,2.89,2.5736,2.71,38089,,,,2.2115497858637903,,,,,,2.6213720512406815,#000000,0.3531671931189262,2.6213720512406815,0.22263661600312162,3,0.1824353281397787,0.5473059844193361,0.0,0.0,0.0,0.0,66.94932361163376,21.565082872577577,True,False,True,False,False,4.789293717469931
2023-02-10 00:00:00+00:00,2.7,2.72,2.685,2.71,74566,,,,2.2124842787991934,,,,,,2.6246418493868564,#000000,0.357286275291561,2.6246418493868564,0.21091812315390027,3,0.18443072060492205,0.5532921618147661,0.0,0.0,0.0,0.0,67.03327342591464,21.303919961891467,True,False,True,False,False,4.789293717469931
2023-02-13 00:00:00+00:00,2.91,2.99,2.7,2.7001,407724,,,,2.2192341625074894,,,,,,2.645706752387762,"rgba(38, 166, 154, 0.5)",0.3675492009572728,2.645706752387762,0.7190690305512648,3,0.18480106047694334,0.55440318143083,0.0,0.0,0.0,0.0,70.56813848835432,21.303919961891467,True,False,True,False,True,8.014027601493133
2023-02-14 00:00:00+00:00,3.1,3.24,2.87,2.94,837469,,,,2.236890554616402,,,,,,2.6900940985516564,"rgba(38, 166, 154, 1.0)",0.38426791375125774,2.6900940985516564,1.0667190436141432,3,0.18337060283103357,0.5501118084931007,0.0,0.0,0.0,0.0,74.71755190825701,20.3259476518447,True,False,True,False,True,10.738904546292218
2023-02-15 00:00:00+00:00,3.54,3.56,3.09,3.09,441339,,,,2.2494377189466546,,,,,,2.7174185821549752,"rgba(0, 255, 255, 0.75)",0.4156917417189553,2.7174185821549752,1.9788254980565942,3,0.17703993837393805,0.5311198151218142,0.0,0.0,0.0,0.0,79.63462141565566,24.827002931788925,True,False,True,False,True,16.374296117640547
2023-02-16 00:00:00+00:00,3.3,3.55,3.3,3.5,48157,,,,2.25077468150892,,,,,,2.7201341394771825,"rgba(38, 166, 154, 1.0)",0.4345126589640459,2.7201341394771825,1.3345200618672857,3,0.17383160141155715,0.5214948042346714,0.0,0.0,0.0,0.0,77.37648746461369,24.827002931788925,True,False,True,False,True,12.121880505305946
2023-02-17 00:00:00+00:00,3.45,3.48,3.1004,3.31,46725,,,,2.2520233215388097,,,,,,2.722618448295336,"rgba(0, 255, 255, 0.75)",0.45707253311671986,2.722618448295336,1.591391954236981,3,0.16663032717181536,0.4998909815154461,0.0,0.0,0.0,0.0,76.89495525109194,24.827002931788925,True,False,True,False,False,13.934317087555751
2023-02-21 00:00:00+00:00,3.5,3.65,3.37,3.37,176507,,,,2.2574159651757437,,,,,,2.733390201148632,"rgba(0, 255, 255, 0.75)",0.4794258619498029,2.733390201148632,1.5990163645607296,3,0.1598751671309254,0.47962550139277615,0.0,0.0,0.0,0.0,76.8936035744952,24.827002931788925,True,False,True,False,False,14.52720958281201
2023-02-22 00:00:00+00:00,3.79,3.8,3.51,3.51,82810,,,,2.260319108826548,,,,,,2.7391861279640137,"rgba(0, 255, 0, 1.0)",0.5108408933979078,2.7391861279640137,2.0570277078767045,2,0.17967600385742932,0.35935200771485865,0.0,0.0,0.0,0.0,78.45402011288205,24.827002931788925,True,False,True,False,False,17.81327266523783
2023-02-23 00:00:00+00:00,3.86,3.9199,3.77,3.77,151551,,,,2.2661523199942724,,,,,,2.7507405821692466,"rgba(0, 255, 0, 1.0)",0.5417282118227642,2.7507405821692466,2.0476308850491747,2,0.16999424239160088,0.33998848478320176,0.0,0.0,0.0,0.0,79.80794874065242,24.827002931788925,True,False,True,False,False,18.5685579136756
2023-02-24 00:00:00+00:00,3.76,3.87,3.7589,3.83,48126,,,,2.267933284986332,,,,,,2.75416316398808,"rgba(0, 255, 255, 0.75)",0.5665133927219534,2.75416316398808,1.7754864208578163,2,0.16269714884786082,0.32539429769572165,0.0,0.0,0.0,0.0,78.6672182854441,24.827002931788925,True,False,True,False,False,16.80113814284536
2023-02-27 00:00:00+00:00,3.61,3.76,3.5,3.76,153707,,,,2.272953149208615,,,,,,2.7633284160330454,"rgba(38, 166, 154, 1.0)",0.5832720129324526,2.7633284160330454,1.4515895931818106,2,0.15751331244919506,0.3150266248983901,0.0,0.0,0.0,0.0,75.12647060198317,24.827002931788925,True,False,True,False,False,14.221582629149626
2023-02-28 00:00:00+00:00,3.59,3.6378,3.5512,3.61,35002,,,,2.2740655131750445,,,,,,2.765305181652618,"rgba(38, 166, 154, 1.0)",0.5966412515509274,2.765305181652618,1.382228962887908,2,0.15291869505659134,0.30583739011318267,0.0,0.0,0.0,0.0,72.4084520043929,27.667875484060076,True,False,True,False,False,13.881783521046557
2023-03-01 00:00:00+00:00,3.6,3.65,3.52,3.62,51857,,,,2.2757063466422864,,,,,,2.768192310594978,"rgba(38, 166, 154, 1.0)",0.6078946133089967,2.768192310594978,1.3683419316338121,2,0.14998589287026154,0.2999717857405231,0.0,0.0,0.0,0.0,70.69106225984308,26.049848947628107,True,False,True,False,False,14.000312311381432
2023-03-02 00:00:00+00:00,3.595,3.65,3.56,3.59,23231,,,,2.276446597224052,,,,,,2.7694879523526916,"rgba(38, 166, 154, 1.0)",0.6189538635588431,2.7694879523526916,1.3337214552645382,2,0.1473984901370438,0.2947969802740876,0.0,0.0,0.0,0.0,69.4406568369537,24.823791018733985,True,False,True,False,False,13.912337339721951
2023-03-03 00:00:00+00:00,3.84,3.84,3.58,3.66,76052,,,,2.279140892218884,,,,,,2.77429928674361,"rgba(0, 255, 255, 0.75)",0.6335405503976858,2.77429928674361,1.682134967662968,2,0.1439282785912499,0.2878565571824998,0.0,0.0,0.0,0.0,70.83635461447139,24.823791018733985,True,False,True,False,False,16.78933917454784
2023-03-06 00:00:00+00:00,3.89,3.92,3.6001,3.8,31291,,,,2.280284113237807,,,,,,2.7763362483311123,"rgba(0, 255, 255, 0.75)",0.6470551666108865,2.7763362483311123,1.7211264342451367,2,0.14063065947455633,0.28126131894911266,0.0,0.0,0.0,0.0,72.14869348817032,24.823791018733985,True,False,True,False,True,17.354703436874562
2023-03-07 00:00:00+00:00,3.95,3.96,3.85,3.869,38509,,,,2.2817962518847112,,,,,,2.7790616950953666,"rgba(0, 255, 255, 0.75)",0.6614820181603984,2.7790616950953666,1.7701740527445455,2,0.13727835597726032,0.27455671195452064,0.0,0.0,0.0,0.0,73.47961300584605,24.823791018733985,True,False,True,False,True,18.03220515677907
2023-03-08 00:00:00+00:00,3.91,3.95,3.85,3.9399,41071,,,,2.2833895461370433,,,,,,2.781903151364864,"rgba(0, 255, 255, 0.75)",0.6749088457556941,2.781903151364864,1.6714803128295175,2,0.13437874556069818,0.26875749112139635,0.0,0.0,0.0,0.0,73.39612203043872,24.823791018733985,True,False,True,False,True,17.294294059218203
2023-03-09 00:00:00+00:00,3.83,3.935,3.8259,3.9,27288,,,,2.28442051653128,,,,,,2.7837175271162473,"rgba(0, 255, 255, 0.75)",0.6862683680326276,2.7837175271162473,1.5245966762000152,2,0.13199733716394055,0.2639946743278811,0.0,0.0,0.0,0.0,71.44587737485537,24.823791018733985,True,False,True,False,True,15.824096381967554
2023-03-10 00:00:00+00:00,3.85,3.85,3.79,3.805,11179,,,,2.2848334961673373,,,,,,2.78443735034262,"rgba(0, 255, 255, 0.75)",0.6972937423010878,2.78443735034262,1.5281402729085096,2,0.1296562201697698,0.2593124403395396,0.0,0.0,0.0,0.0,70.3717967134419,24.823791018733985,False,False,True,False,False,16.06359249683036
2023-03-13 00:00:00+00:00,3.85,3.87,3.77,3.8682,14063,,,,2.2853527044860007,,,,,,2.7853400653609217,"rgba(0, 255, 255, 0.75)",0.7061352277071387,2.7853400653609217,1.5077281133474814,2,0.12754050804081024,0.2550810160816205,0.0,0.0,0.0,0.0,69.65574293916625,24.317768331620982,False,False,True,False,False,16.06359249683036
2023-03-14 00:00:00+00:00,3.9,3.91,3.79,3.8605,6959,,,,2.2856155987525537,,,,,,2.7857991121445678,"rgba(0, 255, 255, 0.75)",0.7145947888429112,2.7857991121445678,1.5592065674864108,2,0.1255235675816637,0.2510471351633274,0.0,0.0,0.0,0.0,69.808166865042,24.24221275251503,False,False,True,False,False,16.678024261304447
2023-03-15 00:00:00+00:00,3.93,3.9543,3.82,3.9,20704,,,,2.286414417125407,,,,,,2.787198191157601,"rgba(0, 255, 255, 0.75)",0.7255736078094026,2.787198191157601,1.5750322180166678,2,0.12341186473053663,0.24682372946107325,0.0,0.0,0.0,0.0,70.28596892629781,24.24221275251503,False,False,True,False,False,17.047924125357877
2023-03-16 00:00:00+00:00,3.99,3.99,3.93,3.93,14893,,,,2.28701291744658,,,,,,2.7882539898458507,"rgba(0, 255, 255, 0.75)",0.7372223756509045,2.7882539898458507,1.6300997498795533,2,0.12125374175729428,0.24250748351458856,0.0,0.0,0.0,0.0,71.33977959209008,24.24221275251503,False,False,True,False,False,17.788448889059275
2023-03-17 00:00:00+00:00,3.83,3.91,3.81,3.91,14956,,,,2.287570697310567,,,,,,2.789216068239595,"rgba(38, 166, 154, 1.0)",0.7456818446916256,2.789216068239595,1.3957479844380791,2,0.11972147297102162,0.23944294594204324,0.0,0.0,0.0,0.0,67.54566385188453,21.610321209240894,False,True,True,False,False,14.670542702278414
2023-03-20 00:00:00+00:00,3.88,3.8825,3.84,3.87,10307,,,,2.287959165195271,,,,,,2.7898865255018035,"rgba(38, 166, 154, 1.0)",0.7526475495629185,2.7898865255018035,1.4483717845507542,2,0.11840244908456603,0.23680489816913206,0.0,0.0,0.0,0.0,65.80891718902195,19.95313623635934,False,True,True,False,False,15.310121079640815
2023-03-21 00:00:00+00:00,3.99,3.99,3.84,3.88,135817,,,,2.293294421415845,,,,,,2.7990761699014897,"rgba(0, 255, 255, 0.75)",0.7613973778627154,2.7990761699014897,1.5641291456000277,2,0.11679698975379527,0.23359397950759053,0.0,0.0,0.0,0.0,66.22868845256524,19.95313623635934,False,True,True,False,False,16.69766552761404
2023-03-22 00:00:00+00:00,4.02,4.04,3.94,3.94,17016,,,,2.2939846942304998,,,,,,2.8002593025087474,"rgba(0, 255, 255, 0.75)",0.7691570154419746,2.8002593025087474,1.5858149545582214,2,0.11510659590147959,0.23021319180295918,0.0,0.0,0.0,0.0,66.90731306425056,19.95313623635934,False,True,True,False,False,17.07240907837307
2023-03-23 00:00:00+00:00,4.02,4.06,4.0,4.03,19389,,,,2.294782833820343,,,,,,2.8016282414035163,"rgba(0, 255, 255, 0.75)",0.7769894241329264,2.8016282414035163,1.5680673645669156,2,0.11371429615285292,0.22742859230570583,0.0,0.0,0.0,0.0,67.35972947204077,19.95313623635934,False,True,True,False,False,17.07240907837307
2023-03-24 00:00:00+00:00,4.04,4.07,4.02,4.02,11987,,,,2.2952806506888512,,,,,,2.8024817113493232,"rgba(0, 255, 255, 0.75)",0.7837951365154208,2.8024817113493232,1.5788797748253562,2,0.11238211087640562,0.22476422175281124,0.0,0.0,0.0,0.0,67.96250922101973,19.95313623635934,False,True,True,False,True,17.32971920494182
2023-03-27 00:00:00+00:00,4.09,4.1,4.05,4.05,23840,,,,2.2962906271896126,,,,,,2.8042167526413913,"rgba(0, 255, 255, 0.75)",0.7904528537763937,2.8042167526413913,1.626641286973373,2,0.11104701869447514,0.22209403738895028,0.0,0.0,0.0,0.0,69.11057466614518,19.95313623635934,False,True,True,False,True,17.97588490130161
2023-03-28 00:00:00+00:00,4.13,4.16,4.06,4.06,19360,,,,2.297126811494638,,,,,,2.8056549122498735,"rgba(0, 255, 255, 0.75)",0.7981999441242786,2.8056549122498735,1.6591645959122339,1,0.11975379087536116,0.11975379087536116,0.0,0.0,0.0,0.0,70.44836509282952,16.855791351198604,False,True,True,False,True,18.492729608040484
2023-03-29 00:00:00+00:00,4.2,4.2,4.13,4.13,10522,,,,2.2975959239632338,,,,,,2.8785818523961204,"rgba(0, 255, 255, 0.75)",0.805940643527854,2.8785818523961204,1.6395973552340277,1,0.11827327104060778,0.11827327104060778,1.0,0.0,4.2,338.0,72.2686128111299,18.670813991782637,False,False,True,False,True,19.392734826737428
2023-03-30 00:00:00+00:00,4.1,4.19,4.0,4.02,341351,,,,2.31204613547562,,,,,,2.897184852051461,"rgba(38, 166, 154, 1.0)",0.8104059528764943,2.897184852051461,1.4842131202013114,1,0.11719112952311075,0.11719112952311075,0.0,0.0,0.0,0.0,69.93863344678128,18.670813991782637,False,True,True,False,False,17.25089412558929
2023-03-31 00:00:00+00:00,4.09,4.165,4.09,4.115,15953,,,,2.312722668138726,,,,,,2.898253595511727,"rgba(38, 166, 154, 1.0)",0.8133832884090156,2.898253595511727,1.465171981611939,1,0.11617530313268404,0.11617530313268404,0.0,0.0,0.0,0.0,68.0552023132298,21.87310589949334,False,True,True,False,False,17.037791543655747
2023-04-03 00:00:00+00:00,4.18,4.18,4.12,4.125,13052,,,,2.3132896088553005,,,,,,2.8992314340971803,"rgba(0, 255, 255, 0.75)",0.8169069475099907,2.8992314340971803,1.5678267516352047,1,0.11519519475805984,0.11519519475805984,0.0,0.0,0.0,0.0,68.35398737973662,21.87310589949334,False,True,True,False,False,18.24189132199143
2023-04-04 00:00:00+00:00,4.15,4.19,4.15,4.18,11425,,,,2.3137864871511433,,,,,,2.900086299396744,"rgba(0, 255, 255, 0.75)",0.8188004679380051,2.900086299396744,1.5265180584849065,1,0.11453293393967355,0.11453293393967355,0.0,0.0,0.0,0.0,67.5030097160183,21.292011589360513,False,True,True,False,False,17.587671970966333
2023-04-05 00:00:00+00:00,4.07,4.16,4.06,4.1434,21782,,,,2.3146989378616247,,,,,,2.901444917907309,"rgba(38, 166, 154, 1.0)",0.8164267918654287,2.901444917907309,1.4313041827335131,1,0.11423619816745013,0.11423619816745013,0.0,0.0,0.0,0.0,64.34339360635903,18.267777653176992,False,True,True,False,False,15.853090615799662
2023-04-06 00:00:00+00:00,4.14,4.15,4.1,4.13,9565,,,,2.315106811416578,,,,,,2.9020944121682675,"rgba(0, 255, 255, 0.75)",0.8149569538115286,2.9020944121682675,1.5189827904922903,1,0.11375986675385442,0.11375986675385442,0.0,0.0,0.0,0.0,63.66608119160594,17.631912669933214,False,True,True,False,False,16.826176330777717
2023-04-10 00:00:00+00:00,4.01,4.19,4.0,4.11,23802,,,,2.316085597060154,,,,,,2.9034526158472143,"rgba(38, 166, 154, 1.0)",0.8111092250394789,2.9034526158472143,1.3642396732683282,1,0.11383018763573009,0.11383018763573009,0.0,0.0,0.0,0.0,59.628893244562455,13.849778004849057,False,True,True,False,False,14.049844062728692
2023-04-11 00:00:00+00:00,3.6,4.12,3.6,4.1058,41499,,,,2.3175039922722735,,,,,,2.9039596606993077,"rgba(38, 166, 154, 0.5)",0.8015439964140378,2.9039596606993077,0.8683744653002834,1,0.11466234777675019,0.11466234777675019,0.0,0.0,0.0,0.0,50.500512092334546,5.541968817770602,False,True,False,False,False,6.153490713397144
2023-04-12 00:00:00+00:00,3.53,3.67,3.41,3.67,52752,3.5366666666666666,,,2.3190105640065464,,,,,,2.934800004453654,"rgba(38, 166, 154, 0.5)",0.7877208360102482,2.934800004453654,0.7555976284199778,1,0.11555562076237925,0.11555562076237925,0.0,-1.0,3.41,358.0,43.70854243819808,-0.25420218731836997,False,True,False,True,False,4.91887757530953
2023-04-13 00:00:00+00:00,3.84,3.8881,3.45,3.45,10677,3.568542747008466,,,2.319362392481602,,,,,,2.9365616172030107,"rgba(38, 166, 154, 1.0)",0.7716140468436834,2.9365616172030107,1.17084232265151,1,0.11591929988456458,0.11591929988456458,0.0,0.0,0.0,0.0,44.829244639699425,-0.25420218731836997,False,True,False,True,False,9.426908887118515
2023-04-14 00:00:00+00:00,4.09,4.14,3.85,3.85,31039,3.719066822274915,,,2.3206025695087567,,,,,,2.945830686269907,"rgba(0, 255, 255, 0.75)",0.7565073240495032,2.945830686269907,1.5124365321481308,1,0.11575929747236534,0.11575929747236534,0.0,0.0,0.0,0.0,48.700049558539106,-0.25420218731836997,False,True,False,True,True,12.723480012505114
2023-04-17 00:00:00+00:00,4.11,4.16,4.01,4.09,39654,3.8297210343319263,,,2.3222461537757115,,,,,,2.9538952139310797,"rgba(0, 255, 255, 0.75)",0.7482022156373797,2.9538952139310797,1.5451769079353184,1,0.11559404332595012,0.11559404332595012,0.0,0.0,0.0,0.0,51.50333138222475,-6.143807569121726,False,True,False,False,True,12.978014345735065
2023-04-18 00:00:00+00:00,4.06,4.1,3.99,3.99,7377,3.841205199801176,,,2.322544107585106,,,,,,2.9548959138699575,"rgba(0, 255, 255, 0.75)",0.73666847787556,2.9548959138699575,1.5001376050689645,1,0.11570849666237774,0.11570849666237774,0.0,0.0,0.0,0.0,52.60157537625187,-5.220720871691995,False,True,False,False,True,12.070182480660097
2023-04-19 00:00:00+00:00,3.94,4.09,3.62,4.005,19115,3.8462189549686405,,,2.323241234467426,,,,,,2.955865651233347,"rgba(38, 166, 154, 1.0)",0.7237885180825315,2.955865651233347,1.3596987575512147,1,0.11613921575013789,0.11613921575013789,0.0,0.0,0.0,0.0,51.57015143583109,-5.220720871691995,False,True,False,False,True,9.924095293320605
2023-04-20 00:00:00+00:00,3.93,3.97,3.93,3.97,5050,3.8491793302507884,,,2.3234323839414914,,,,,,2.956241102504653,"rgba(38, 166, 154, 1.0)",0.710079346783109,2.956241102504653,1.3713381496121417,1,0.11629928916443416,0.11629928916443416,0.0,0.0,0.0,0.0,50.737763163495245,-5.220720871691995,False,True,False,False,True,9.746475144749525
2023-04-21 00:00:00+00:00,3.9794,4.005,3.6749,3.95,10177,3.851335448501771,,,2.323803934390613,,,,,,2.956739495887347,"rgba(38, 166, 154, 1.0)",0.7004374919426555,2.956739495887347,1.4600310746877865,1,0.11639914364454947,0.11639914364454947,0.0,0.0,0.0,0.0,50.95526745913452,-5.220720871691995,False,True,False,False,True,10.427262330697172
2023-04-24 00:00:00+00:00,3.9,3.9,3.9,3.9,3713,3.852341783530302,,,2.3239406242505116,,,,,,2.9569387347828187,"rgba(38, 166, 154, 1.0)",0.6882009072702289,2.9569387347828187,1.3703284248169103,1,0.11648650792328179,0.11648650792328179,0.0,0.0,0.0,0.0,49.824789568398536,-5.220720871691995,False,True,False,False,True,8.990109281929914
2023-04-25 00:00:00+00:00,3.845,3.86,3.83,3.8356,7345,3.8520532565717307,,,2.3242015185442626,,,,,,2.957172429767696,"rgba(38, 166, 154, 1.0)",0.675396974713576,2.957172429767696,1.3145270166612997,1,0.11691448632250225,0.11691448632250225,0.0,0.0,0.0,0.0,48.21992375767805,-5.220720871691995,False,True,False,True,True,8.003109615070894
2023-04-26 00:00:00+00:00,3.78,3.965,3.5874,3.59,10402,3.848120941438039,,,2.324554443882495,,,,,,2.9572486146484342,"rgba(38, 166, 154, 1.0)",0.6615779531142533,2.9572486146484342,1.2436197147722634,1,0.11743106500208259,0.11743106500208259,0.0,0.0,0.0,0.0,46.171164983747786,-5.220720871691995,False,True,False,True,False,6.843273986920934
2023-04-27 00:00:00+00:00,3.9,3.97,3.715,3.766,15620,3.849114663184936,,,2.325114780999243,,,,,,2.957865669119738,"rgba(38, 166, 154, 1.0)",0.6472139272964423,2.957865669119738,1.455676849872141,1,0.11793296118732113,0.11793296118732113,0.0,0.0,0.0,0.0,47.06427518262622,-5.220720871691995,False,True,False,True,False,8.591382293964358
2023-04-28 00:00:00+00:00,3.7,3.88,3.465,3.66,36267,3.8247441618376476,,,2.326261992248527,,,,,,2.9784476661453247,"rgba(38, 166, 154, 1.0)",0.6308110266078805,2.9784476661453247,1.1438486383707442,1,0.11858864949460791,0.11858864949460791,0.0,0.0,0.0,0.0,44.78394434220189,-5.220720871691995,False,True,False,True,False,5.097554104403603
2023-05-01 00:00:00+00:00,3.83,3.9,3.64,3.64,32518,3.820733559810582,,,2.327371047921884,,,,,,2.9817855768780834,"rgba(38, 166, 154, 1.0)",0.613801134221149,2.9817855768780834,1.3819042941297497,1,0.11921777841276465,0.11921777841276465,0.0,0.0,0.0,0.0,45.497681995683386,-5.220720871691995,False,True,False,True,False,6.9831297616024095
2023-05-02 00:00:00+00:00,3.99,3.99,3.81,3.81,60085,3.8399420060797387,,,2.3296116133361204,,,,,,2.9900661850552406,"rgba(0, 255, 255, 0.75)",0.5984003320655945,2.9900661850552406,1.6710114640029152,1,0.11972301133658819,0.11972301133658819,0.0,0.0,0.0,0.0,48.304972511024374,-5.220720871691995,False,True,False,False,True,9.211821521647938
2023-05-03 00:00:00+00:00,3.97,4.05,3.89,3.99,45358,3.8551794740526257,,,2.331341035629449,,,,,,2.99494752943265,"rgba(0, 255, 255, 0.75)",0.5864940999772338,2.99494752943265,1.6625102803339356,2,0.11010433533835096,0.2202086706767019,0.0,0.0,0.0,0.0,49.85661724984401,-5.220720871691995,False,True,False,False,True,8.861328770838853
2023-05-04 00:00:00+00:00,4.0,4.0,3.91,3.91,20845,3.861045819791467,,,2.3321345971101177,,,,,,2.996833065875421,"rgba(0, 255, 255, 0.75)",0.5774118460606507,2.996833065875421,1.737350802496711,2,0.11057939726817831,0.22115879453635662,0.0,0.0,0.0,0.0,51.338375052156714,-4.284949055631522,False,True,False,False,True,9.279995784454329
2023-05-05 00:00:00+00:00,4.09,4.09,3.9,3.97,39093,3.8755276002209857,,,2.333672201602636,,,,,,3.0009396417482317,"rgba(0, 255, 255, 0.75)",0.5703962387326529,3.0009396417482317,1.9093049432996267,2,0.11101844510631018,0.22203689021262035,0.0,0.0,0.0,0.0,53.63689016325801,-1.9532139275612863,False,True,True,False,True,10.529307445562644
2023-05-08 00:00:00+00:00,4.15,4.16,3.9827,4.015,51387,3.898417302607558,,,2.335773578789705,,,,,,3.0069351154089246,"rgba(0, 255, 0, 1.0)",0.5635990149928386,3.0069351154089246,2.0281527365792154,2,0.11148394378916553,0.22296788757833105,0.0,0.0,0.0,0.0,55.9955547453157,0.387245398076125,False,True,True,False,True,11.352379858971027
2023-05-09 00:00:00+00:00,4.38,4.4,4.08,4.1441,39963,3.927233318846959,,,2.3375793699619143,,,,,,3.0135550612525948,"rgba(0, 255, 0, 1.0)",0.5595989190853019,3.0135550612525948,2.441829124654032,2,0.11166096793104097,0.22332193586208193,0.0,0.0,0.0,0.0,60.189434641781354,4.374779134745538,False,False,True,False,True,14.379606730404774
2023-05-10 00:00:00+00:00,4.38,4.4,4.2662,4.3,16065,3.939444992984696,,,2.3383274368843874,,,,,,3.016321581469364,"rgba(0, 255, 0, 1.0)",0.5533618819249878,3.016321581469364,2.4643519242539598,2,0.11193407055790461,0.22386814111580922,0.0,0.0,0.0,0.0,62.98535457275845,6.955928002367045,False,False,True,False,True,14.379606730404785
2023-05-11 00:00:00+00:00,4.4133,4.48,4.2291,4.38,17126,3.952468274763774,,,2.339134364420689,,,,,,3.019271387137457,"rgba(0, 255, 0, 1.0)",0.5454900825615159,3.019271387137457,2.5555526258451002,2,0.11247126451813769,0.22494252903627537,0.0,0.0,0.0,0.0,65.20416936522976,9.008179061757453,True,False,True,False,True,14.811168493297387
2023-05-12 00:00:00+00:00,4.53,4.55,4.35,4.42,24368,3.973900744803657,,,2.3403392059741366,,,,,,3.0239941314436614,"rgba(0, 255, 0, 1.0)",0.5374591758156749,3.0239941314436614,2.802084207178618,2,0.11279800777078555,0.2255960155415711,0.0,0.0,0.0,0.0,67.85235685718334,11.492125845394057,True,False,True,False,True,16.305416821651335
2023-05-15 00:00:00+00:00,4.32,4.54,4.3004,4.54,10826,3.981267068596722,,,2.340851548110699,,,,,,3.0257088841264563,"rgba(0, 255, 0, 1.0)",0.5221852785438555,3.0257088841264563,2.4786051408472316,2,0.11354251741853932,0.22708503483707865,0.0,0.0,0.0,0.0,65.08000906672514,11.492125845394057,True,False,True,False,True,12.324655749037174
2023-05-16 00:00:00+00:00,4.36,4.3999,4.2201,4.2201,2044,3.98242659594503,,,2.340945409677567,,,,,,3.0259915269048,"rgba(0, 255, 0, 1.0)",0.5083524301466767,3.0259915269048,2.624180379565204,2,0.11435565353586874,0.22871130707173748,0.0,0.0,0.0,0.0,63.73799313686239,11.492125845394057,False,False,True,False,False,12.85129866565051
2023-05-17 00:00:00+00:00,4.41,4.41,4.26,4.3,8183,3.987433788510583,,,2.341327394877193,,,,,,3.027189697896952,"rgba(0, 255, 0, 1.0)",0.49492126636738737,3.027189697896952,2.7940005735711657,2,0.11558463445359876,0.23116926890719752,0.0,0.0,0.0,0.0,63.48036564125185,11.492125845394057,False,False,True,False,False,13.510329331517546
2023-05-18 00:00:00+00:00,4.41,4.4399,4.2801,4.37,6985,3.9917905890277345,,,2.3416560338138646,,,,,,3.0282288253569787,"rgba(0, 255, 0, 1.0)",0.48051929500871365,3.0282288253569787,2.875578960087263,2,0.11749638310448207,0.23499276620896414,0.0,0.0,0.0,0.0,63.30861397751149,11.492125845394057,False,False,True,False,False,13.510329331517536
2023-05-19 00:00:00+00:00,4.6,4.6,4.31,4.3336,33071,4.017535683186097,,,2.3433073190684497,,,,,,3.0340861344210404,"rgba(0, 255, 0, 1.0)",0.472224187188417,3.0340861344210404,3.3160390934278023,2,0.11936131033128163,0.23872262066256325,0.0,0.0,0.0,0.0,65.46674992629977,11.492125845394057,True,False,True,False,False,15.986367628624237
2023-05-22 00:00:00+00:00,4.7,4.7,4.35,4.588,21593,4.035536721438205,,,2.344424011063687,,,,,,3.038145225106461,"rgba(0, 255, 0, 1.0)",0.4640586970600942,3.038145225106461,3.581130545385154,2,0.12015855252467539,0.24031710504935078,0.0,0.0,0.0,0.0,67.87562838911902,11.933821104266727,True,False,True,False,True,17.23557902724709
2023-05-23 00:00:00+00:00,4.5992,4.69,4.48,4.69,17565,4.04951773649708,,,2.3453341665874525,,,,,,3.041342629889362,"rgba(0, 255, 0, 1.0)",0.4507037520337414,3.041342629889362,3.4564996698629886,2,0.12154750976602208,0.24309501953204415,0.0,0.0,0.0,0.0,67.14348540503963,11.933821104266727,True,False,True,False,True,15.270128535482247
2023-05-24 00:00:00+00:00,4.67,4.69,4.421,4.634,9011,4.056470106795373,,,2.345801615872973,,,,,,3.0429486436048405,"rgba(0, 255, 0, 1.0)",0.43502062167957195,3.0429486436048405,3.7401706386085185,2,0.12276183127468296,0.24552366254936592,0.0,0.0,0.0,0.0,67.44909176998077,11.933821104266727,True,False,True,False,True,16.168630922485775
2023-05-25 00:00:00+00:00,4.6686,4.67,4.48,4.67,9219,4.0635631922216175,,,2.346282319509008,,,,,,3.0445918978503186,"rgba(0, 255, 0, 1.0)",0.42097860862389846,3.0445918978503186,3.8576974432460225,2,0.12411241791332306,0.24822483582664612,0.0,0.0,0.0,0.0,67.61864507271599,12.398164152487738,True,False,True,False,True,16.140967240043565
2023-05-26 00:00:00+00:00,4.7978,4.7978,4.52,4.6,16053,4.077662503798529,,,2.347155525690827,4.705199999999999,,,,,3.1199805550111885,"rgba(0, 255, 0, 1.0)",0.40767661244561176,3.1199805550111885,4.115564625902226,2,0.12466018326601178,0.24932036653202355,0.0,0.0,0.0,0.0,69.14867449351061,14.162044445528679,True,False,True,False,True,17.776090457952694
2023-05-30 00:00:00+00:00,4.4,4.78,4.37,4.78,21995,4.090493560926692,,,2.348255325010947,4.596211599383234,,,,,3.117736157240745,"rgba(0, 255, 0, 1.0)",0.383711838871417,3.117736157240745,3.341736461743485,2,0.12641932749577653,0.25283865499155306,0.0,0.0,0.0,0.0,62.70654888267166,17.92910879116407,True,False,True,False,False,10.328628097797658
2023-05-31 00:00:00+00:00,4.1067,4.57,4.1,4.57,18821,4.094602627214373,,,2.349083766558179,4.484577112896891,,,,,3.1136761079216995,"rgba(0, 255, 0, 1.0)",0.3538057805637924,3.1136761079216995,2.806692108014484,2,0.12870022175383516,0.25740044350767033,0.0,0.0,0.0,0.0,55.07501909465768,10.95230889115873,False,False,True,False,False,5.4687992072497345
2023-06-01 00:00:00+00:00,4.12,4.19,3.96,4.08,30296,4.094428686214488,,,2.350297992213805,4.347433669859844,,,,,3.1080630001994445,"rgba(0, 255, 0, 1.0)",0.33058614161368133,3.1080630001994445,3.0610387805762653,2,0.13111452749789593,0.26222905499579185,0.0,0.0,0.0,0.0,50.186406937798225,6.762496564140761,False,True,False,False,False,5.651557221683035
2023-06-02 00:00:00+00:00,4.1178,4.2973,4.07,4.21,22274,4.09624728440373,,,2.351226374094712,4.309631499130413,,,,,3.107449279016298,"rgba(0, 255, 0, 1.0)",0.3132004969505699,3.107449279016298,3.2258911809554314,2,0.13386351986632156,0.2677270397326431,0.0,0.0,0.0,0.0,46.90305681462859,4.05536745456012,False,True,False,True,False,5.615791928443013
2023-06-05 00:00:00+00:00,3.8392,4.32,3.8392,4.32,41243,4.091633740303021,,,2.3527890626183283,4.224736633218742,,,,,3.1041369511575434,"rgba(0, 255, 0, 1.0)",0.30884601122346145,3.1041369511575434,2.380030896078536,2,0.13706998291827185,0.2741399658365437,0.0,0.0,0.0,0.0,42.01605038101638,-0.22291025681238352,False,True,False,True,False,1.2465928804374258
2023-06-06 00:00:00+00:00,3.48,3.84,2.9401,3.84,115853,4.012322118260981,,,2.3556238316189617,3.8749615890345854,,,,,3.0770071164346726,"rgba(38, 166, 154, 1.0)",0.3037815702646002,3.0770071164346726,1.3265876636766083,2,0.1406164858358307,0.2812329716716614,0.0,0.0,0.0,0.0,36.37701207620056,-5.184884850287389,False,True,False,True,False,0.0
2023-06-07 00:00:00+00:00,3.25,3.37,3.19,3.28,33313,3.9879427658285853,,,2.356321668035087,3.807750584073708,,,,,3.0704938006204037,"rgba(38, 166, 154, 0.5)",0.3097516574278063,3.0704938006204037,0.5795165096781888,2,0.14396708890932053,0.28793417781864106,0.0,0.0,0.0,0.0,31.48835652917755,-9.430361054224917,False,True,False,True,False,0.0
2023-06-08 00:00:00+00:00,3.4401,3.47,2.92,3.16,93576,3.9278703478991055,,,2.3582905324733625,3.6814400655103223,,,,,3.05811260139935,"rgba(38, 166, 154, 1.0)",0.311200828480325,3.05811260139935,1.2274626660410728,2,0.14692176792824774,0.2938435358564955,0.0,0.0,0.0,0.0,31.0817691282582,-9.608671695052678,False,True,False,True,False,0.0
2023-06-09 00:00:00+00:00,3.4,3.71,3.2629,3.2629,60187,3.903641208031705,,,2.3598010426285305,3.651744454536302,,,,,3.05787179055901,"rgba(38, 166, 154, 1.0)",0.3183648798594496,3.05787179055901,1.0746418059430154,2,0.1493653981860094,0.2987307963720188,0.0,0.0,0.0,0.0,30.56113814065847,-10.18599010519685,False,True,False,True,False,0.0
2023-06-12 00:00:00+00:00,3.35,3.5476,3.24,3.3,51018,3.8816943138313205,,,2.360986947642912,3.6241902058079627,,,,,3.054590873907731,"rgba(38, 166, 154, 0.5)",0.3271599971802006,3.054590873907731,0.9029500202910099,2,0.15151180867005018,0.30302361734010036,0.0,0.0,0.0,0.0,29.89116581898767,-11.096521881110519,False,True,False,True,False,0.0
2023-06-13 00:00:00+00:00,3.36,3.44,3.33,3.36,23527,3.872132655265754,,,2.3615315414503066,3.6131641333873574,,,,,3.053170124183091,"rgba(38, 166, 154, 0.5)",0.3345257538234764,3.053170124183091,0.9172085327063272,2,0.1537447724090679,0.3074895448181358,0.0,0.0,0.0,0.0,29.61521500758745,-11.766873976448878,False,True,False,True,False,0.0
2023-06-14 00:00:00+00:00,3.54,3.54,3.35,3.36,22238,3.8651799609503987,,,2.362096416689425,3.6076491192975695,,,,,3.0528850556944596,"rgba(38, 166, 154, 1.0)",0.33574706477152805,3.0528850556944596,1.450839025612976,2,0.15634357465574356,0.3126871493114871,0.0,0.0,0.0,0.0,32.36981500292504,-11.766873976448878,False,True,False,True,False,0.0
2023-06-15 00:00:00+00:00,3.42,3.64,3.3,3.55,62301,3.845847012832144,,,2.3636428368307203,3.59195774303147,,,,,3.051407489130651,"rgba(38, 166, 154, 1.0)",0.33915839713848084,3.051407489130651,1.0867857437091557,2,0.1592275211667456,0.3184550423334912,0.0,0.0,0.0,0.0,33.15161890250569,-11.766873976448878,False,True,False,True,False,0.0
2023-06-16 00:00:00+00:00,3.58,3.59,3.2672,3.38,61436,3.829619785485488,,,2.365199410927647,3.581669570306068,,,,,3.0506124439907993,"rgba(0, 255, 255, 0.75)",0.3394888064441814,3.0506124439907993,1.5593667477700548,2,0.16277725438582955,0.3255545087716591,0.0,0.0,0.0,0.0,36.04771430299068,-11.766873976448878,False,True,False,True,True,0.0
2023-06-20 00:00:00+00:00,3.5895,3.5895,3.39,3.58,35426,3.821992024858678,,,2.3661303333717205,3.578740378997036,,,,,3.0506953331882025,"rgba(0, 255, 255, 0.75)",0.3395790829730046,3.0506953331882025,1.586683909075256,2,0.16691874182460592,0.33383748364921184,0.0,0.0,0.0,0.0,38.11564926793366,-11.766873976448878,False,True,False,True,True,0.0
2023-06-21 00:00:00+00:00,3.52,3.68,3.48,3.5,41488,3.8145752774748938,,,2.3672534588562377,3.57770515361929,,,,,3.0512500653666987,"rgba(38, 166, 154, 1.0)",0.3436612270800885,3.0512500653666987,1.3639884214347564,2,0.17183820132453015,0.3436764026490603,0.0,0.0,0.0,0.0,38.73537304842628,-18.49964020375809,False,True,False,True,True,0.0
2023-06-22 00:00:00+00:00,3.48,3.5895,3.48,3.5895,7805,3.81299623068084,,,2.3674568153863893,3.5770756402451074,,,,,3.0512421691530536,"rgba(38, 166, 154, 1.0)",0.34866491268915273,3.0512421691530536,1.2297131579431377,2,0.1765709949906134,0.3531419899812268,0.0,0.0,0.0,0.0,38.70895229723402,-18.11942071491205,False,True,False,True,True,0.0
2023-06-23 00:00:00+00:00,3.55,3.66,3.42,3.42,16906,3.809937063425867,,,2.367907329259619,3.576340296347477,,,,,3.0513640459741596,"rgba(38, 166, 154, 1.0)",0.35240009981488873,3.0513640459741596,1.414971091914467,2,0.18161227518209327,0.36322455036418655,0.0,0.0,0.0,0.0,39.912308001446675,-16.544278569019788,False,True,False,True,True,0.0
2023-06-26 00:00:00+00:00,3.37,3.5981,3.295,3.5364,17852,3.805333453064484,,,2.3683332189579867,3.5728467076944788,,,,,3.050839860464685,"rgba(38, 166, 154, 0.5)",0.3594925568876937,3.050839860464685,0.8878073646320898,2,0.18650027557109888,0.37300055114219777,0.0,0.0,0.0,0.0,38.67628305446032,-16.544278569019788,False,True,False,True,True,0.0
2023-06-27 00:00:00+00:00,3.2308,3.4977,3.022,3.33,52341,3.7867118158829363,,,2.369377563663235,3.5528816790373887,,,,,3.04693008526161,#000000,0.36944475778152047,3.04693008526161,0.49769258019117874,1,0.17273249130535315,0.17273249130535315,0.0,0.0,0.0,0.0,36.53128627373677,-16.544278569019788,False,True,False,True,False,0.0
2023-06-28 00:00:00+00:00,2.95,3.23,2.95,3.15,35858,3.770013159222369,,,2.369923925716043,3.532161289450715,,,,,3.0425080791424017,#000000,0.38770418072926305,3.0425080791424017,-0.23860480165159914,1,0.17478344869969645,0.17478344869969645,0.0,0.0,0.0,0.0,33.001055710599786,-11.125464159734719,False,True,False,True,False,0.0
2023-06-29 00:00:00+00:00,2.9485,2.95,2.8101,2.94,26857,3.755665222854804,,,2.370247323845176,3.5135614927336545,,,,,3.0384160977814902,#000000,0.40483123387049974,3.0384160977814902,-0.22210760993370662,2,0.1864934313882095,0.372986862776419,0.0,0.0,0.0,0.0,30.637650686514984,-13.472398942771079,False,True,False,True,False,0.0
2023-06-30 00:00:00+00:00,2.7395,2.94,2.65,2.77,20528,3.7434364176428785,,,2.37043566314022,3.497278099933419,,,,,3.0347641329089328,"rgba(239, 83, 80, 0.5)",0.4282805223530732,3.0347641329089328,-0.6894176071484237,2,0.18786809534438986,0.3757361906887797,0.0,0.0,0.0,0.0,27.770708767233526,-16.25260110057083,False,True,False,True,False,0.0
2023-07-03 00:00:00+00:00,2.75,2.8296,2.57,2.64,5650,3.7399186347629,,,2.3704798191456735,3.492559433109196,,,,,3.010194429450513,"rgba(239, 83, 80, 0.5)",0.44960528962374535,3.010194429450513,-0.5787174560785491,1,0.19774783692795656,0.19774783692795656,-1.0,0.0,2.57,463.0,26.072380111628,-17.915185593074582,False,True,False,True,False,0.0
2023-07-05 00:00:00+00:00,2.87,3.36,2.68,2.68,8002,3.7362012924750174,,,2.3705881286433503,3.4881244252142105,,,,,3.016648406833215,#000000,0.4655376011443905,3.016648406833215,-0.3150087264116196,1,0.1994902365589053,0.1994902365589053,0.0,0.0,0.0,0.0,27.347500360228562,-17.915185593074582,False,True,False,True,False,0.0
2023-07-06 00:00:00+00:00,2.92,3.005,2.65,2.87,24700,3.7233101737952263,,,2.3708599678117093,3.4720467688291183,,,,,3.0128280750259577,#000000,0.4791572200256374,3.0128280750259577,-0.19373197594933667,1,0.20162409767108055,0.20162409767108055,0.0,0.0,0.0,0.0,29.156827818068436,-17.915185593074582,False,True,False,True,True,0.0
2023-07-07 00:00:00+00:00,2.905,2.94,2.7,2.88,16173,3.714977281843824,,,2.3710341498423495,3.461792480865941,,,,,3.010332268099361,#000000,0.4925289382525769,3.010332268099361,-0.21386005962018223,1,0.2036950501000311,0.2036950501000311,0.0,0.0,0.0,0.0,30.21702427629276,-17.915185593074582,False,True,False,True,True,0.0
2023-07-10 00:00:00+00:00,2.88,2.88,2.7902,2.82,958,3.7144896406162706,,,2.371044500900088,3.4611973267998755,,,,,3.0101917909000613,#000000,0.5056529590699641,3.0101917909000613,-0.25747261746380395,1,0.2034152968553238,0.2034152968553238,0.0,0.0,0.0,0.0,30.66601059694063,-17.915185593074582,False,True,False,True,True,0.0
2023-07-11 00:00:00+00:00,2.8,3.0764,2.8,2.8,13890,3.70782172329639,,,2.3712077054256158,3.4532816689616275,,,,,3.008761687697612,#000000,0.5199956088414681,3.008761687697612,-0.4014681742461746,1,0.2008420314724656,0.2008420314724656,0.0,0.0,0.0,0.0,30.148327927320388,-17.915185593074582,False,True,False,True,True,0.0
2023-07-12 00:00:00+00:00,2.82,2.899,2.81,2.88,1273,3.707179538062759,,,2.3712212474928913,3.4525046545206997,,,,,3.008566469864256,#000000,0.5329326672376199,3.008566469864256,-0.35382794385951877,1,0.1965435849723435,0.1965435849723435,0.0,0.0,0.0,0.0,30.29724028242395,-17.915185593074582,False,True,False,True,True,0.0
2023-07-13 00:00:00+00:00,2.8,2.88,2.78,2.8,4913,3.7046442882259107,,,2.371270956680249,3.4494118530528137,,,,,3.0077206915301726,#000000,0.5454795404689943,3.0077206915301726,-0.38080381777761635,1,0.1931865422880722,0.1931865422880722,0.0,0.0,0.0,0.0,30.167238921626005,-17.915185593074582,False,True,False,True,True,0.0
2023-07-14 00:00:00+00:00,2.91,3.1265,2.83,2.8795,10594,3.7000563241567517,,,2.3714104640037634,3.4442584301559247,,,,,3.0071477929047528,#000000,0.5543988141277912,3.0071477929047528,-0.1752308815046629,1,0.19033883169738572,0.19033883169738572,0.0,0.0,0.0,0.0,32.87795804175144,-21.70378541435046,False,True,False,True,True,0.0
2023-07-17 00:00:00+00:00,3.09,3.2,2.96,2.96,25506,3.691095039870628,,,2.371819517009573,3.4354139792983505,,,,,3.007621736491408,#000000,0.5590137361267371,3.007621736491408,0.14736357657214214,1,0.18864670860583846,0.18864670860583846,0.0,0.0,0.0,0.0,38.33165015315994,-16.476094876208506,False,True,False,True,True,0.0
2023-07-18 00:00:00+00:00,3.2,3.33,3.11,3.17,30889,3.682833194213745,,,2.372404667124653,3.4290133139567436,,,,,3.0094756257753805,#000000,0.5609251660097433,3.0094756257753805,0.33966094903524124,2,0.17696846281973908,0.35393692563947815,0.0,0.0,0.0,0.0,43.769352980796626,-11.514931014827532,False,False,False,True,True,0.0
2023-07-19 00:00:00+00:00,3.11,3.1995,3.11,3.19,5303,3.681225898428314,,,2.3724962701881247,3.42758948831817,,,,,3.009447292892568,#000000,0.5647505986006698,3.009447292892568,0.1780479867689908,2,0.17527862514151596,0.3505572502830319,0.0,0.0,0.0,0.0,45.80138134072929,-9.836382522688375,False,False,False,False,True,0.0
2023-07-20 00:00:00+00:00,3.152,3.17,3.09,3.13,22730,3.6744117498940807,,,2.372887378077058,3.421590502706771,,,,,3.009130007684456,#000000,0.5677074777678277,3.009130007684456,0.2516612831617005,2,0.17384988759723452,0.34769977519446904,0.0,0.0,0.0,0.0,47.874125058581235,-8.025235026641326,False,False,False,False,True,0.0
2023-07-21 00:00:00+00:00,3.25,3.25,3.18,3.2,2575,3.673777162943814,,,2.372936834864864,3.4211351756432635,,,,,3.009198517571319,#000000,0.5682746203177584,3.009198517571319,0.42374139864636823,2,0.1729681186229362,0.3459362372458724,0.0,0.0,0.0,0.0,50.84457948024526,-5.320111402890959,True,False,True,False,True,0.0
2023-07-24 00:00:00+00:00,3.36,3.36,3.11,3.19,13413,3.670866942238619,,,2.3732094415971994,3.419398463111724,,,,,3.0098175689287405,"rgba(38, 166, 154, 0.5)",0.5677890797226093,3.0098175689287405,0.6167473866217,2,0.17248645679624885,0.3449729135924977,0.0,0.0,0.0,0.0,54.39852262378436,-2.075346273110817,True,False,True,False,True,0.0
2023-07-25 00:00:00+00:00,2.9,3.3944,2.9,3.3,8768,3.6679773656323857,,,2.37334578558846,3.4166336439522684,,,,,3.003409525857339,#000000,0.5741882562773661,3.003409525857339,-0.18009690154196797,2,0.17003429157808514,0.3400685831561703,0.0,0.0,0.0,0.0,49.910832284303254,-2.075346273110817,True,False,False,False,False,0.0
2023-07-26 00:00:00+00:00,2.83,2.88,2.83,2.88,4139,3.666133031370203,,,2.373389830635863,3.4145434869539435,,,,,2.9992325882674704,#000000,0.5807658101674503,2.9992325882674704,-0.291395576848224,3,0.17751160236305938,0.5325348070891781,0.0,0.0,0.0,0.0,46.195623150914145,3.4806822129706845,False,False,False,False,False,0.0
2023-07-27 00:00:00+00:00,3.14,3.15,2.865,2.92,22995,3.6585615024860383,,,2.373740309573804,3.4072980058691944,,,,,2.9995344830512263,#000000,0.5829889923303646,2.9995344830512263,0.24094025581391376,3,0.17626860702630412,0.5288058210789124,0.0,0.0,0.0,0.0,47.90839907856923,3.4806822129706845,False,False,False,False,False,0.0
2023-07-28 00:00:00+00:00,3.07,3.25,3.06,3.25,1360,3.658174155348603,,,2.3737633186753784,3.4069669989236995,,,,,2.9996645787187415,#000000,0.5871596404527241,2.9996645787187415,0.11978926417188156,4,0.19730778126895818,0.7892311250758327,0.0,0.0,0.0,0.0,48.22018758966638,3.4806822129706845,True,False,False,False,False,0.0
2023-07-31 00:00:00+00:00,3.09,3.2985,3.07,3.08,2148,3.6575935846761785,,,2.373800919559574,3.406494446276785,,,,,2.99994095788975,#000000,0.5907862485575306,2.99994095788975,0.152439299882384,4,0.19593820055718297,0.7837528022287319,0.0,0.0,0.0,0.0,48.6841161186725,3.4806822129706845,True,False,False,False,False,0.0
2023-08-01 00:00:00+00:00,3.0,3.1685,2.97,3.14,4534,3.656114440185439,,,2.3738694100295303,3.405085703404458,,,,,2.999660255991235,#000000,0.5953930649201001,2.999660255991235,0.0005706213739837951,4,0.19417392365812738,0.7766956946325095,0.0,0.0,0.0,0.0,47.849175804203284,3.4806822129706845,True,False,False,False,False,0.0
2023-08-02 00:00:00+00:00,2.94,3.13,2.94,3.03,2680,3.655182331989614,,,2.3739073085747484,3.404159421362113,,,,,2.9993205975304713,#000000,0.5988397377301212,2.9993205975304713,-0.0990592203438666,4,0.19213783052955175,0.768551322118207,0.0,0.0,0.0,0.0,46.549223667127286,3.2995330797914164,False,False,False,False,False,0.0
2023-08-03 00:00:00+00:00,3.069,3.069,2.9,2.96,50981,3.63819141557206,,,2.374638052825406,3.38771039268723,,,,,2.99465559769998,#000000,0.5998566458686513,2.99465559769998,0.12393694862271959,5,0.1742770836964333,0.8713854184821666,0.0,0.0,0.0,0.0,47.59763239328503,3.2995330797914164,True,False,False,False,False,0.0
2023-08-04 00:00:00+00:00,2.88,2.88,2.88,2.88,311,3.6380691247313957,,,2.374641579616024,3.3875802938783,,,,,2.994593621260673,#000000,0.603778594277823,2.994593621260673,-0.1897941105344058,6,0.16594925999861943,0.9956955599917166,0.0,0.0,0.0,0.0,45.94816294264366,2.168557693029676,False,False,False,True,False,0.0
2023-08-07 00:00:00+00:00,3.06,3.2,2.85,2.9449,9241,3.63520057483931,,,2.3747788320704992,3.3849286092771553,,,,,2.994045298285813,#000000,0.605829093662498,2.994045298285813,0.10886684446840059,7,0.1707009716569446,1.1949068015986122,0.0,0.0,0.0,0.0,47.32063460010143,2.168557693029676,True,False,False,False,False,0.0
2023-08-08 00:00:00+00:00,3.25,3.25,2.85,3.05,7959,3.633079121658092,,,2.3749112802263515,3.3831939950133116,,,,,2.9940840902103054,#000000,0.6058880233624445,2.9940840902103054,0.42238152913051513,8,0.16375121280759447,1.3100097024607558,0.0,0.0,0.0,0.0,50.4085633862108,2.168557693029676,True,False,False,False,True,0.0
2023-08-09 00:00:00+00:00,3.43,3.43,3.0091,3.14,20423,3.629511690193221,,,2.3753301611580775,3.3816680397186927,,,,,3.0050126899422933,"rgba(38, 166, 154, 0.5)",0.604427952099566,3.0050126899422933,0.7031231904174076,8,0.16381185945346194,1.3104948756276955,0.0,0.0,0.0,0.0,54.20023202350177,-1.8324317161453436,True,False,True,False,True,0.7211733894197145
2023-08-10 00:00:00+00:00,2.99,3.31,2.99,3.31,6699,3.6277020358004,,,2.3754384872106256,3.380150372218102,,,,,3.002393894225416,#000000,0.6070865320424951,3.002393894225416,-0.02041536679082227,8,0.16261432451753416,1.3009145961402733,0.0,0.0,0.0,0.0,51.71176454057823,-1.8324317161453436,True,False,False,False,True,0.0
2023-08-11 00:00:00+00:00,3.265,3.265,3.2,3.21,2285,3.62725728559056,,,2.375482941748133,3.379902311516029,,,,,3.0025512111733277,#000000,0.6072288759914451,3.0025512111733277,0.4322073590426057,8,0.16228837798827406,1.2983070239061925,0.0,0.0,0.0,0.0,52.59950803754354,-1.8324317161453436,True,False,True,False,True,0.0
2023-08-14 00:00:00+00:00,3.11,3.2,3.07,3.2,1160,3.626963407234139,,,2.3755024741499087,3.379669440815447,,,,,3.0023137529044868,#000000,0.6089068655393015,3.0023137529044868,0.176851753839459,9,0.19526847127326086,1.7574162414593477,0.0,0.0,0.0,0.0,51.71110801917989,-1.8324317161453436,True,False,False,False,True,0.0
2023-08-15 00:00:00+00:00,3.14,3.3875,2.98,3.34,14227,3.6236907753163408,,,2.3757554989733167,3.3773217955622314,,,,,3.0013704692176986,#000000,0.6093816476745249,3.0013704692176986,0.22749213290444315,9,0.19484265735107892,1.7535839161597102,0.0,0.0,0.0,0.0,51.404052042841286,-1.8324317161453436,True,False,False,False,False,0.0
2023-08-16 00:00:00+00:00,3.01,3.02,2.9292,2.9292,17420,3.6181609417920595,,,2.3759937748723288,3.372055454926736,,,,,2.996275990103892,#000000,0.6121828936071486,2.996275990103892,0.02241815320131239,9,0.19401811791857598,1.746163061267184,0.0,0.0,0.0,0.0,49.924065794300766,-1.8324317161453436,True,False,False,False,False,0.0
2023-08-17 00:00:00+00:00,3.0,3.05,2.95,2.99,29267,3.6092787426113495,,,2.376402589123243,3.363820962452428,,,,,2.99119192246243,#000000,0.6142563274120683,2.99119192246243,0.014339416859862526,9,0.19327441252420474,1.7394697127178427,0.0,0.0,0.0,0.0,48.838260156124846,-1.8324317161453436,True,False,False,False,False,0.0
2023-08-18 00:00:00+00:00,3.2585,3.289,2.97,2.97,3250,3.608582928573963,,,2.3764605022315157,3.363351899857777,,,,,2.9913427720701664,#000000,0.6125432687051848,2.9913427720701664,0.43614425556346403,9,0.1934945991894234,1.7414513927048108,0.0,0.0,0.0,0.0,50.827422655274354,-1.8324317161453436,True,False,False,False,False,0.0
2023-08-21 00:00:00+00:00,3.11,3.2,2.9,2.9,4700,3.6073449891537956,,,2.376533456494342,3.3623154827804296,,,,,2.9910355289046278,#000000,0.6119233054163798,2.9910355289046278,0.1944107538352758,9,0.19349063939966957,1.7414157545970261,0.0,0.0,0.0,0.0,50.54674557598466,-1.8324317161453436,True,False,False,False,False,0.0
2023-08-22 00:00:00+00:00,3.28,3.3,3.11,3.11,7347,3.605994037061006,,,2.3766737723503164,3.361588746924033,,,,,2.991754742793092,#000000,0.6096422449657203,2.991754742793092,0.47281050417218945,9,0.1942047446176376,1.7478427015587383,0.0,0.0,0.0,0.0,52.02198737359133,-1.8324317161453436,True,False,False,False,True,0.0
2023-08-23 00:00:00+00:00,3.03,3.11,2.946,2.946,5150,3.6045488230193214,,,2.3767489018079795,3.360311905749533,,,,,2.991198691500565,#000000,0.6078760558528982,2.991198691500565,0.06383095390226129,9,0.19397219952755798,1.745749795748022,0.0,0.0,0.0,0.0,50.46033453077706,-1.8324317161453436,True,False,False,False,True,0.0
2023-08-24 00:00:00+00:00,3.277,3.2773,3.0111,3.05,7656,3.603006161541615,,,2.376887926758327,3.359337684983129,,,,,2.991559241383139,#000000,0.6031720012260678,2.991559241383139,0.47323277280219533,9,0.1944241073118035,1.7498169658062317,0.0,0.0,0.0,0.0,51.721551608488156,-1.8324317161453436,True,False,False,False,True,0.0
2023-08-25 00:00:00+00:00,3.01,3.16,3.01,3.0454,4756,3.6017583841697647,,,2.3769605998062673,3.3582871889889234,,,,,2.991200206680686,#000000,0.5958252540244748,2.991200206680686,0.03155252851793617,9,0.1945188291824022,1.75066946264162,0.0,0.0,0.0,0.0,50.12298407175564,-1.8324317161453436,True,False,False,False,True,0.0
2023-08-28 00:00:00+00:00,3.15,3.169,3.11,3.14,2764,3.601146551078568,,,2.377007958734351,3.3578489989182483,,,,,2.9912034518452986,#000000,0.5866821307339429,2.9912034518452986,0.2706687997400669,9,0.19500183818410952,1.7550165436569856,0.0,0.0,0.0,0.0,50.33452358699855,-1.8324317161453436,True,False,False,False,True,0.0
2023-08-29 00:00:00+00:00,3.21,3.63,2.78,3.15,43742,3.5929926863010855,,,2.3778188938909306,3.353131221170899,,,,,3.0109902354964255,#000000,0.575824719617454,3.0109902354964255,0.34560823410947955,9,0.19541640675609542,1.758747660804859,0.0,0.0,0.0,0.0,51.015822553992464,-1.8324317161453436,True,False,False,False,True,0.0
2023-08-30 00:00:00+00:00,2.94,3.03,2.94,3.0101,2937,3.5921292613762845,,,2.37785775525217,3.3523301330808417,,,,,3.0098184924833076,#000000,0.5633735025701824,3.0098184924833076,-0.12392931539163039,9,0.1953335026436792,1.758001523793113,0.0,0.0,0.0,0.0,49.023901000149834,-1.8324317161453436,True,False,False,False,False,0.0
2023-08-31 00:00:00+00:00,3.1575,3.1685,2.94,2.98,4538,3.5910534394912776,,,2.377929821653735,3.3514810651637803,,,,,3.0091121007872634,#000000,0.5534660534460215,3.0091121007872634,0.26810659531661546,10,0.18834728992104563,1.8834728992104564,0.0,0.0,0.0,0.0,49.719144829187776,-1.8324317161453436,True,False,False,False,False,0.0
2023-09-01 00:00:00+00:00,2.97,3.08,2.9,3.0001,8939,3.588506157483172,,,2.3780507039300924,3.349160504756124,,,,,3.0064772115594347,#000000,0.5433466295880394,3.0064772115594347,-0.0671343293085138,11,0.1941188968750166,2.1353078656251827,0.0,0.0,0.0,0.0,48.567633922906005,-1.8324317161453436,True,False,False,False,False,0.0
2023-09-05 00:00:00+00:00,3.02,3.02,2.85,2.96,6515,3.586602125288376,,,2.3781358658835225,3.3473960991175398,,,,,3.004650189459452,#000000,0.5306145652181243,3.004650189459452,0.028928362594490956,11,0.1933408838408112,2.126749722248923,0.0,0.0,0.0,0.0,48.284558218155496,-1.8324317161453436,True,False,False,False,False,0.0
2023-09-06 00:00:00+00:00,2.9958,3.065,2.9,2.98,4264,3.5854091715735716,,,2.3781938373432547,3.346320449300963,,,,,3.0037026811998433,#000000,0.5170956913899513,3.0037026811998433,-0.015282821596522876,11,0.19282064293096515,2.121027072240617,0.0,0.0,0.0,0.0,47.86998359001397,1.527905137143236,True,False,False,False,False,0.0
2023-09-07 00:00:00+00:00,2.8,2.9945,2.7,2.87,4706,3.583757539067199,,,2.3782414718979843,3.344630502415096,,,,,3.001743661765485,#000000,0.4984563821086682,3.001743661765485,-0.4047368415908918,11,0.19232069205697755,2.115527612626753,0.0,0.0,0.0,0.0,45.83433763895745,-0.5638848140493238,False,False,False,True,False,0.0
2023-09-08 00:00:00+00:00,2.79,2.9945,2.5401,2.6015,16763,3.5774941663995246,,,2.378389876742166,3.3380453879946828,,,,,2.994584167906191,#000000,0.4741023561891906,2.994584167906191,-0.43151898579586784,11,0.19195280000549797,2.1114808000604777,0.0,0.0,0.0,0.0,44.390043838191936,-2.0268590633731023,False,False,False,True,False,0.0
2023-09-11 00:00:00+00:00,2.7,2.8755,2.5801,2.77,30424,3.56559009835549,,,2.3786207106685033,3.3253171868890594,,,,,2.9827329662380104,"rgba(239, 83, 80, 0.5)",0.4525644793759129,2.9827329662380104,-0.6247352125997592,11,0.19112841899530214,2.1024126089483235,0.0,0.0,0.0,0.0,42.619431763172585,-3.7624231408183917,False,False,False,True,False,0.0
2023-09-12 00:00:00+00:00,2.65,2.73,2.62,2.73,21590,3.556835609237318,,,2.3787593627936365,3.3158521481532763,,,,,2.974898730844097,"rgba(239, 83, 80, 0.5)",0.42613667949897593,2.974898730844097,-0.7624284565836762,11,0.18982863251316412,2.0881149576448053,0.0,0.0,0.0,0.0,40.99023535993865,-5.332018320356646,False,True,False,True,False,0.0
2023-09-13 00:00:00+00:00,2.73,2.75,2.51,2.605,242208,3.4688304857197094,,,2.380287832533641,3.2252613863943767,,,,,2.9112345417943732,#000000,0.3947965027547561,2.9112345417943732,-0.45905812369101573,11,0.18896102593151545,2.07857128524667,0.0,0.0,0.0,0.0,41.09074356933139,-5.332018320356646,False,True,False,True,False,0.0
2023-09-14 00:00:00+00:00,2.9,2.9,2.545,2.55,102856,3.441242610763028,,,2.38120124690364,3.200564611145122,,,,,2.9046159554104394,#000000,0.3488444604588007,2.9046159554104394,-0.013232130458280904,11,0.1889178006951763,2.0780958076469394,0.0,0.0,0.0,0.0,43.46465273570037,-5.332018320356646,False,False,False,True,True,0.0
2023-09-15 00:00:00+00:00,2.81,2.83,2.7,2.83,10715,3.438488580195448,,,2.38129576756745,3.1981394668325644,,,,,2.9039177563666856,#000000,0.3202261536550127,2.9039177563666856,-0.29328571478226406,11,0.1884257031192479,2.072682734311727,0.0,0.0,0.0,0.0,44.01487608225566,-5.332018320356646,False,False,False,True,True,0.0
2023-09-18 00:00:00+00:00,2.88,2.8895,2.62,2.76,41337,3.428336399353025,,,2.381675069102417,3.1893990406498505,,,,,2.901635144320837,#000000,0.3014154379075635,2.901635144320837,-0.07177848776104116,11,0.1880878717454465,2.0689665891999116,0.0,0.0,0.0,0.0,45.33480483178571,-8.334951408828076,False,False,False,True,True,0.0
2023-09-19 00:00:00+00:00,3.01,3.089,2.85,2.88,18291,3.425241899799378,,,2.381918040424478,3.1874305178417424,,,,,2.9024679126608968,#000000,0.2786634999582981,2.9024679126608968,0.3858850813084425,11,0.1879941603899353,2.067935764289288,0.0,0.0,0.0,0.0,47.882862494011945,-5.895925183805275,False,False,False,False,True,0.0
2023-09-20 00:00:00+00:00,3.2,3.3,3.0,3.0,36783,3.42167843760514,,,2.3825551781505157,3.1870397672861155,,,,,2.90736447174757,"rgba(38, 166, 154, 1.0)",0.2531326215589306,2.90736447174757,1.156056167119902,12,0.18813950575704577,2.2576740690845494,0.0,0.0,0.0,0.0,51.68077556250784,-2.385254822469271,True,False,True,False,True,0.0
2023-09-21 00:00:00+00:00,3.29,3.3,3.095,3.165,53070,3.417909057833656,,,2.3835447622928716,3.188131311990732,,,,,2.915019389581837,"rgba(0, 255, 255, 0.75)",0.23917825093959125,2.915019389581837,1.5677872421304355,12,0.1883465399661538,2.2601584795938456,0.0,0.0,0.0,0.0,55.098225076781915,0.6608784185591787,True,False,True,False,True,0.9634858542966285
2023-09-22 00:00:00+00:00,3.43,3.43,3.1252,3.1252,66162,3.4157851584864556,,,2.3849209828684734,3.192606364049743,,,,,2.926028251298978,"rgba(0, 255, 0, 1.0)",0.23816695947882224,2.926028251298978,2.1160439290313695,12,0.18886063956597696,2.2663276747917234,0.0,0.0,0.0,0.0,58.65066356005668,3.7826814678688834,True,False,True,False,True,2.5897576404865177
2023-09-25 00:00:00+00:00,3.58,3.6,3.44,3.44,58561,3.4183402918638865,,,2.386408201408373,3.2021467366072316,,,,,2.9396311385613916,"rgba(0, 255, 0, 1.0)",0.244000301380702,2.9396311385613916,2.6244593052345113,12,0.1897622303891492,2.2771467646697903,0.0,0.0,0.0,0.0,62.22688172867243,6.8970507958516905,True,False,True,False,True,4.2879150912214925
2023-09-26 00:00:00+00:00,3.8,3.8,3.538,3.58,508066,3.462912528436914,,,2.401059580282616,3.3003792406313885,,,,,3.0400488642249255,"rgba(0, 255, 0, 1.0)",0.2540736614264259,3.0400488642249255,2.9910661794242666,12,0.19024015269265337,2.2828818323118405,0.0,0.0,0.0,0.0,66.09947732392794,10.27425258919694,True,False,True,False,True,6.685618392944409
2023-09-27 00:00:00+00:00,3.85,4.0,3.7,3.75,528369,3.515580232087232,,,2.417516822346988,3.3920230846927004,,,,,3.114295727422322,"rgba(0, 255, 0, 1.0)",0.2661227181326422,3.114295727422322,2.7645301300845144,12,0.19070091373613662,2.2884109648336395,0.0,0.0,0.0,0.0,68.98787567207889,12.739739399640158,True,False,True,False,True,7.2186260093274655
2023-09-28 00:00:00+00:00,2.98,4.77,1.86,3.9,8295426,3.3028963343212854,,,2.5364394805177244,3.255488830371675,3.2033333333333336,,,,3.112298227404948,#000000,0.265090640674039,3.112298227404948,-0.4990678926594957,12,0.19166882774008964,2.3000259328810757,0.0,0.0,0.0,0.0,60.886089022510184,17.929503409364486,True,False,True,False,False,0.0
2023-09-29 00:00:00+00:00,2.8,2.94,2.66,2.85,408157,3.286588842144497,,,2.5383874875738592,3.239829742526083,3.1844189019625597,,,,3.1010220050490935,"rgba(239, 83, 80, 1.0)",0.2657741665263807,3.1010220050490935,-1.1326232680301316,13,0.19546804177519433,2.541084543077526,0.0,0.0,0.0,0.0,54.23543664511082,12.189698132124384,True,False,True,False,False,0.0
2023-10-02 00:00:00+00:00,2.8,2.86,2.6662,2.74,148871,3.2806134492180186,,,2.539024715926665,3.234078260823391,3.177540464305152,,,,3.0968542834220862,"rgba(239, 83, 80, 1.0)",0.26294879271978494,3.0968542834220862,-1.1289433214414235,13,0.1977154438892567,2.570300770560337,0.0,0.0,0.0,0.0,49.80166839351125,8.536991568629432,False,False,False,False,False,0.0
2023-10-03 00:00:00+00:00,2.795,2.82,2.7,2.73,70833,3.2777984760094094,,,2.539321938759924,3.2313695510365004,3.1743186404740764,,,,3.0948907431756814,"rgba(239, 83, 80, 1.0)",0.26226399949407914,3.0948907431756814,-1.1434689616347888,13,0.20018645822507117,2.602423956925925,0.0,0.0,0.0,0.0,46.80745827959981,6.092055048307763,False,True,False,True,False,0.0
2023-10-04 00:00:00+00:00,2.79,2.82,2.7,2.74,91728,3.274187205661718,,,2.5397029596472933,3.2278960538496158,3.1702046883338517,,,,3.0923730146447164,"rgba(239, 83, 80, 1.0)",0.25782096174189045,3.0923730146447164,-1.1728022911784333,13,0.20314693464708222,2.640910150412069,0.0,0.0,0.0,0.0,44.76936553900265,4.347337899178044,False,True,False,True,False,0.0
2023-10-05 00:00:00+00:00,2.81,2.8499,2.71,2.79,68139,3.2716426180774247,,,2.5400096510863484,3.225460521598253,3.1673522608005986,,,,3.0906218457087213,"rgba(239, 83, 80, 1.0)",0.25231016663501166,3.0906218457087213,-1.112209822740377,13,0.20747967192170577,2.697235734982175,0.0,0.0,0.0,0.0,43.67524433961658,3.282071728254998,False,True,False,True,False,0.0
2023-10-06 00:00:00+00:00,3.005,3.1141,2.8,2.88,118618,3.268935685393489,,,2.5409314681914164,3.2230400702989974,3.164847338646658,,,,3.0891002979747633,#000000,0.24659595652194505,3.0891002979747633,-0.34104491882566257,13,0.2110624817505962,2.7438122627577504,0.0,0.0,0.0,0.0,45.39427375116445,3.282071728254998,False,True,False,True,False,0.0
2023-10-09 00:00:00+00:00,2.9,3.16,2.84,3.07,85991,3.266962238341048,,,2.541587470498448,3.22127025825173,3.163012477640382,,,,3.0879805086451158,"rgba(239, 83, 80, 0.5)",0.2421176342938204,3.0879805086451158,-0.7764015586613291,13,0.21504746785392992,2.795617082101089,0.0,0.0,0.0,0.0,45.4137574477967,3.282071728254998,False,True,False,True,False,0.0
2023-10-10 00:00:00+00:00,2.92,2.98,2.84,2.85,41845,3.2658423039306435,,,2.5418660037220118,3.220239278698449,3.1618926209654252,,,,3.08729136544567,"rgba(239, 83, 80, 0.5)",0.23524474586621033,3.08729136544567,-0.7111375211789559,13,0.2199913472059293,2.859887513677081,0.0,0.0,0.0,0.0,45.68663780377403,3.282071728254998,False,True,False,True,False,0.0
2023-10-11 00:00:00+00:00,2.96,2.99,2.84,2.989,12225,3.2655318594866363,,,2.541950945781454,3.2199556663216273,3.1615891593973044,,,,3.0871046974919056,"rgba(239, 83, 80, 0.5)",0.2321718663031828,3.0871046974919056,-0.5474595157275661,13,0.2256107651073148,2.9329399463950923,0.0,0.0,0.0,0.0,46.41496408245169,3.282071728254998,False,True,False,True,False,0.0
2023-10-12 00:00:00+00:00,2.9,2.95,2.8001,2.8001,48903,3.26412392219122,,,2.5422495742575664,3.2186450932582287,3.1601402937746306,,,,3.0862089509075727,"rgba(239, 83, 80, 0.5)",0.23149781434572375,3.0862089509075727,-0.8043659134918848,13,0.23419352583209918,3.0445158358172892,0.0,0.0,0.0,0.0,46.13625346176494,3.282071728254998,False,True,False,True,False,0.0
2023-10-13 00:00:00+00:00,3.04,3.09,2.84,2.9,232924,3.25939673019683,,,2.5441071943759415,3.214481948802149,3.156022343037888,,,,3.0836798518404493,#000000,0.23131997540165036,3.0836798518404493,-0.18882870692254827,13,0.2462926167660272,3.2018040179583536,0.0,0.0,0.0,0.0,47.936307510859976,3.282071728254998,False,True,False,False,False,0.0
2023-10-16 00:00:00+00:00,3.082,3.13,2.98,3.0,46903,3.2587205623711153,,,2.544541163088238,3.2139322295131594,3.1555760273522857,,,,3.0834110416338913,#000000,0.23120235805711728,3.0834110416338913,-0.006103059007481691,13,0.2588779563755143,3.365413432881686,0.0,0.0,0.0,0.0,49.69958945250313,3.282071728254998,False,False,False,False,True,0.0
2023-10-17 00:00:00+00:00,3.16,3.24,3.09,3.13,93727,3.258065475849234,,,2.5455716196649516,3.2135655362860605,3.155650489398956,,,,3.1032854201340543,#000000,0.229121813960244,3.1032854201340543,0.24753024989487327,13,0.27580117427930656,3.5854152656309854,0.0,0.0,0.0,0.0,51.91178492448205,3.282071728254998,False,False,False,False,True,0.0
2023-10-18 00:00:00+00:00,3.0,3.1715,3.0,3.1,29429,3.25763319987355,,,2.545838978773285,3.2132104620680195,3.15535455683042,,,,3.1018317691270507,#000000,0.2266983435443805,3.1018317691270507,-0.4491950295486619,14,0.2862559109342692,4.007582753079769,0.0,0.0,0.0,0.0,50.9367550028628,3.282071728254998,False,False,False,False,True,0.0
2023-10-19 00:00:00+00:00,2.88,3.05,2.88,2.96,20425,3.257154589655859,,,2.545980683078069,3.21277539898641,3.1548994279718467,,,,3.100114052648194,"rgba(239, 83, 80, 0.5)",0.226599831929838,3.100114052648194,-0.9713778283663853,16,0.303215981293557,4.851455700696912,0.0,0.0,0.0,0.0,48.70006583367115,3.282071728254998,False,True,False,False,False,0.0
2023-10-20 00:00:00+00:00,2.88,2.94,2.77,2.94,6081,3.2569798298541217,,,2.5460149366534517,3.2126118028411947,3.154718880843701,,,,3.099500732071164,"rgba(239, 83, 80, 0.5)",0.22693360510935381,3.099500732071164,-0.9672464858846801,16,0.32580765158448755,5.212922425351801,0.0,0.0,0.0,0.0,47.208939720876714,3.1500683983763835,False,True,False,True,False,0.0
2023-10-23 00:00:00+00:00,2.8,2.92,2.75,2.91,2532,3.256899719861285,,,2.5460273993391134,3.212535934198581,3.1546334599983825,,,,3.0992173962176848,"rgba(239, 83, 80, 1.0)",0.22809708588096347,3.0992173962176848,-1.3117984171610018,16,0.3410401854452742,5.456642967124387,0.0,0.0,0.0,0.0,45.14330273423865,0.971402622226087,False,True,False,True,False,0.0
2023-10-24 00:00:00+00:00,3.01,3.03,2.89,2.96,15341,3.2565864097936115,,,2.5461446238208945,3.2122577382979234,3.154355948168708,,,,3.098502352360479,#000000,0.22737023395794423,3.098502352360479,-0.3892433535378647,16,0.3618452532420826,5.789524051873322,0.0,0.0,0.0,0.0,47.17713601707464,0.971402622226087,False,True,False,True,False,0.0
2023-10-25 00:00:00+00:00,2.88,2.9999,2.8238,2.9903,9589,3.256338250053268,,,2.546205030827905,3.2120286127954687,3.154109474783266,,,,3.0978526906049044,"rgba(239, 83, 80, 0.5)",0.22641431418633554,3.0978526906049044,-0.9621860322206267,16,0.3864845570733045,6.183752913172872,0.0,0.0,0.0,0.0,46.728410721250896,0.971402622226087,False,True,False,True,False,0.0
2023-10-26 00:00:00+00:00,2.85,2.87,2.73,2.73,26390,3.255494853477627,,,2.5463315973698895,3.2112286674951127,3.153207606618151,,,,3.095615689418571,"rgba(239, 83, 80, 1.0)",0.22604451975598058,3.095615689418571,-1.0865810402469298,16,0.4012585825425542,6.420137320680867,0.0,0.0,0.0,0.0,46.03026262911361,0.971402622226087,False,True,False,True,False,0.0
2023-10-27 00:00:00+00:00,2.88,2.92,2.79,2.9,4116,3.255377559834853,,,2.5463547328844705,3.211118915360684,3.153086823139954,,,,3.095363772475804,"rgba(239, 83, 80, 0.5)",0.22507592523172953,3.095363772475804,-0.9568494376023287,16,0.4050139154497676,6.480222647196282,0.0,0.0,0.0,0.0,46.080233186527224,0.971402622226087,False,True,False,True,False,0.0
2023-10-30 00:00:00+00:00,2.85,2.85,2.72,2.77,12146,3.254981873658414,,,2.5464107829326625,3.210742744265658,3.1526613959406915,,,,3.0944585388785404,"rgba(239, 83, 80, 1.0)",0.2256595623164794,3.0944585388785404,-1.0833068023755892,16,0.40439322305930614,6.470291568948898,0.0,0.0,0.0,0.0,45.654760127267714,0.4183344193347409,False,True,False,True,False,0.0
2023-10-31 00:00:00+00:00,2.72,2.92,2.67,2.75,24030,3.2541372305540186,,,2.54650598980409,3.2099332282850166,3.151733918524383,,,,3.0926192559803907,"rgba(255, 0, 0, 1.0)",0.22861717214198596,3.0926192559803907,-1.6298830594797575,16,0.404894815053797,6.478317040860752,0.0,0.0,0.0,0.0,43.51333378973416,-1.892556998963606,False,True,False,True,False,0.0
2023-11-01 00:00:00+00:00,2.6,2.78,2.6,2.78,37751,3.252516082921408,,,2.546581860601213,3.2083509838690127,3.149868642868722,,,,3.0891651519963967,"rgba(255, 26, 202, 1.0)",0.23328265083795308,3.0891651519963967,-2.096877544212189,16,0.40182741526690624,6.4292386442705,0.0,0.0,0.0,0.0,40.61923732828264,-4.790776983917006,False,True,False,True,False,0.0
2023-11-02 00:00:00+00:00,2.66,2.69,2.59,2.59,24011,3.2514664698573825,,,2.5466243976177525,3.207324992580166,3.1486575137595927,,,,3.087191592912014,"rgba(255, 0, 0, 1.0)",0.23692684591898303,3.087191592912014,-1.8030527155124147,16,0.3997582265818047,6.396131625308875,0.0,0.0,0.0,0.0,39.95184876284398,-5.532912995995417,False,True,False,True,False,0.0
2023-11-03 00:00:00+00:00,2.6,2.81,2.51,2.65,34731,3.2499379986419252,,,2.546681765976575,3.205829981638147,3.146892812167424,,,,3.0892605527008046,"rgba(255, 26, 202, 1.0)",0.2413936176485243,3.0892605527008046,-2.0268164397502058,16,0.39671182594092946,6.347389215054871,0.0,0.0,0.0,0.0,38.733724840799326,-6.826857824735086,False,True,False,True,False,0.0
2023-11-06 00:00:00+00:00,2.56,2.71,2.54,2.7,27853,3.248644373630992,,,2.546709665173391,3.2045593930720746,3.145384674705212,,,,3.0863632847881384,"rgba(255, 26, 202, 1.0)",0.24545130357206463,3.0863632847881384,-2.1444713355681886,16,0.3974122822163969,6.3585965154623505,0.0,0.0,0.0,0.0,37.41117417591811,-8.215166489816227,False,True,False,True,False,0.0
2023-11-07 00:00:00+00:00,2.57,2.67,2.56,2.6,51191,3.2462680592499256,,,2.5467578551757444,3.20222523163807,3.1426176730222597,,,,3.082373958748602,"rgba(255, 26, 202, 1.0)",0.24701489339787003,3.082373958748602,-2.074263424769756,16,0.3957048485918128,6.331277577469005,0.0,0.0,0.0,0.0,36.77886917566689,-8.961935221692727,False,True,False,True,False,0.0
2023-11-08 00:00:00+00:00,2.66,2.8,2.58,2.58,6037,3.2460235139746025,,,2.5467720631238957,3.2019875587571884,3.1423410447873303,,,,3.0822495582206484,"rgba(255, 0, 0, 1.0)",0.24981142021226582,3.0822495582206484,-1.6902732383566013,16,0.4012431543837373,6.419890470139797,0.0,0.0,0.0,0.0,38.54915690275698,-8.961935221692727,False,True,False,True,False,0.0
2023-11-09 00:00:00+00:00,2.7481,2.84,2.61,2.79,163045,3.240105463574591,,,2.547305977709032,3.196289308744058,3.1358306634371087,,,,3.079904340182613,"rgba(239, 83, 80, 1.0)",0.25070917785965446,3.079904340182613,-1.3234630778788454,16,0.40965170076739643,6.554427212278343,0.0,0.0,0.0,0.0,41.639115254070944,-12.67547303184623,False,True,False,True,True,0.0
2023-11-10 00:00:00+00:00,2.85,2.86,2.65,2.66,32872,3.239053946017344,,,2.5474444769008495,3.195288979006529,3.134715440445168,,,,3.0796526481873414,"rgba(239, 83, 80, 0.5)",0.250624316616086,3.0796526481873414,-0.9163222918194738,16,0.41783963310531846,6.685434129685095,0.0,0.0,0.0,0.0,45.64372164418121,-8.958114997899585,False,True,False,True,True,0.0
2023-11-13 00:00:00+00:00,2.7,2.84,2.65,2.78,105380,3.235297500724179,,,2.547782476836829,3.191674653000991,3.130613494821703,,,,3.0768624334222245,"rgba(239, 83, 80, 1.0)",0.25261486116078,3.0768624334222245,-1.4918458545570894,16,0.4230024506120591,6.768039209792946,0.0,0.0,0.0,0.0,45.57209254705264,-8.958114997899585,False,True,False,True,True,0.0
2023-11-14 00:00:00+00:00,2.64,2.8486,2.55,2.83,97312,3.2315359871794573,,,2.5480073519507864,3.188027126823553,3.126430799583759,,,,3.0732258319690606,"rgba(255, 0, 0, 1.0)",0.25536118135720065,3.0732258319690606,-1.6965218819342074,16,0.430198913040985,6.88318260865576,0.0,0.0,0.0,0.0,44.5675587945089,-8.958114997899585,False,True,False,True,True,0.0
2023-11-15 00:00:00+00:00,2.6,2.7665,2.56,2.7665,51139,3.229447155271988,,,2.548091733539985,3.1859917087048744,3.1240824675974292,,,,3.0710318625341975,"rgba(255, 0, 0, 1.0)",0.259018980083013,3.0710318625341975,-1.8185225746130125,16,0.4305179552802624,6.888287284484198,0.0,0.0,0.0,0.0,43.26966938274787,-8.958114997899585,False,True,False,True,False,0.0
2023-11-16 00:00:00+00:00,2.6,2.66,2.55,2.55,6921,3.2291469781332065,,,2.5480984326113902,3.1856978195905596,3.1237409308520014,,,,3.0706883290899527,"rgba(255, 0, 0, 1.0)",0.26252704359707574,3.0706883290899527,-1.7929136847796947,16,0.4278073193553748,6.844917109685997,0.0,0.0,0.0,0.0,42.40440977490719,-8.958114997899585,False,True,False,True,False,0.0
2023-11-17 00:00:00+00:00,2.6,2.75,2.5,2.62,47113,3.2271545929104875,,,2.5481549894167013,3.1837507169338144,3.121487118624933,,,,3.0726225765771895,"rgba(255, 0, 0, 1.0)",0.26562811979386963,3.0726225765771895,-1.7792640965269406,15,0.4257501137257194,6.386251705885791,-1.0,0.0,2.5,523.0,41.82757003634673,-8.958114997899585,False,True,False,True,False,0.0
2023-11-20 00:00:00+00:00,2.56,2.59,2.55,2.57,9803,3.226707836854774,,,2.5481581659351997,3.1833116747306494,3.1209744751887176,,,,3.071661388484629,"rgba(255, 0, 0, 1.0)",0.2694820691489398,3.071661388484629,-1.8986843544007352,15,0.4199684841084098,6.299527261626147,0.0,0.0,0.0,0.0,40.688379916603786,-4.956458907410756,False,True,False,True,False,0.0
2023-11-21 00:00:00+00:00,2.62,2.7,2.58,2.59,5335,3.226489488447959,,,2.5481661193472105,3.183098804550019,3.120729388135611,,,,3.0715506388098954,"rgba(255, 0, 0, 1.0)",0.2719723363118392,3.0715506388098954,-1.660281501175011,15,0.41764760588527167,6.264714088279075,0.0,0.0,0.0,0.0,41.65576880603818,-4.956458907410756,False,True,False,True,False,0.0
2023-11-22 00:00:00+00:00,2.53,2.65,2.53,2.65,5684,3.2262322130037555,,,2.5481682912873858,3.182846084148624,3.1204346438213904,,,,3.0710821370284753,"rgba(255, 0, 0, 1.0)",0.2739560358100513,3.0710821370284753,-1.9750692311945899,15,0.4129192375343939,6.193788563015909,0.0,0.0,0.0,0.0,40.529860783669015,-5.346082310958643,False,True,False,True,False,0.0
2023-11-24 00:00:00+00:00,2.52,2.58,2.52,2.54,2584,3.2261099759892873,,,2.5481679219128575,3.1827256432738875,3.1202934572804697,,,,3.0708091610468857,"rgba(255, 26, 202, 1.0)",0.27214489914994694,3.0708091610468857,-2.023955483888749,15,0.4069923541896674,6.104885312845011,0.0,0.0,0.0,0.0,39.59198721147412,-6.395865448624406,False,True,False,True,False,0.0
2023-11-27 00:00:00+00:00,2.63,2.7,2.53,2.68,810,3.226076134355159,,,2.54816894013025,3.182692596382827,3.1202553134597917,,,,3.070783100299931,"rgba(255, 0, 0, 1.0)",0.27421632942354845,3.070783100299931,-1.6074283439886157,15,0.4037527684579834,6.056291526869751,0.0,0.0,0.0,0.0,42.09771646440666,-6.395865448624406,False,True,False,True,True,0.0
2023-11-28 00:00:00+00:00,2.74,2.75,2.53,2.63,8785,3.2257416184096916,,,2.548188179589602,3.1823683774802096,3.1198860563572,,,,3.0708701062557795,"rgba(239, 83, 80, 1.0)",0.2720844129217191,3.0708701062557795,-1.2160568211269542,15,0.40244532177458253,6.036679826618738,0.0,0.0,0.0,0.0,46.27674148571003,-8.004954831808547,False,True,False,False,True,0.0
2023-11-29 00:00:00+00:00,2.745,2.75,2.62,2.69,5747,3.2255355347572228,,,2.5482039465008963,3.1821696827279893,3.1196619311311564,,,,3.071025642273419,"rgba(239, 83, 80, 1.0)",0.27184837653925514,3.071025642273419,-1.1992922173156348,15,0.4013153474569232,6.019730211853848,0.0,0.0,0.0,0.0,49.16957867632786,-5.4077942592141355,False,False,False,False,True,0.0
2023-11-30 00:00:00+00:00,2.7,2.74,2.68,2.7,30558,3.2244459784534563,,,2.548288619811433,3.1811196335321315,3.1184790393304387,,,,3.0713709303128938,"rgba(239, 83, 80, 1.0)",0.2716102726102035,3.0713709303128938,-1.3672933896939155,15,0.40011517654704093,6.001727648205614,0.0,0.0,0.0,0.0,49.90079218864285,-4.81569694278771,False,False,False,False,True,0.0
2023-12-01 00:00:00+00:00,2.71,2.79,2.69,2.73,16546,3.2238844322516433,,,2.5483411784393715,3.18058087121193,3.1178775019324334,,,,3.0715509614020555,"rgba(239, 83, 80, 1.0)",0.27226898399716515,3.0715509614020555,-1.3279182817453052,15,0.3989125100174264,5.983687650261396,0.0,0.0,0.0,0.0,50.64322713885459,-4.100726454143157,False,False,False,False,True,0.0
2023-12-04 00:00:00+00:00,2.71,2.77,2.6,2.66,36905,3.2225438689801975,,,2.5484346583946302,3.179286401170978,3.116416291501663,,,,3.0709323162022337,"rgba(239, 83, 80, 1.0)",0.27291954397713336,3.0709323162022337,-1.32248614717191,15,0.397888629693851,5.9683294454077656,0.0,0.0,0.0,0.0,51.13818377232908,-3.534312260852154,False,False,True,False,True,0.0
2023-12-05 00:00:00+00:00,2.67,2.74,2.63,2.63,5109,3.22235415743355,,,2.5484463999984253,3.1791028390430105,3.116208448861756,,,,3.0708016698548635,"rgba(239, 83, 80, 1.0)",0.27087637529303604,3.0708016698548635,-1.479647936891039,15,0.39570698971340107,5.935604845701016,0.0,0.0,0.0,0.0,50.23911950930314,-3.534312260852154,False,False,False,False,True,0.0
2023-12-06 00:00:00+00:00,2.66,2.74,2.66,2.71,7650,3.222073828055873,,,2.5484648682231716,3.1788319011111725,3.1159023546963995,,,,3.070626434299127,"rgba(255, 0, 0, 1.0)",0.2709318651557226,3.070626434299127,-1.5156077490667725,14,0.3998445148540836,5.597823207957171,0.0,0.0,0.0,0.0,49.331657468048526,-3.534312260852154,False,False,False,False,True,0.0
2023-12-07 00:00:00+00:00,2.65,2.7405,2.6201,2.67,4793,3.221892943898469,,,2.5484750583360167,3.178656626194357,3.1157034492379942,,,,3.07048031421722,"rgba(255, 0, 0, 1.0)",0.26825623871741133,3.07048031421722,-1.567457727088189,14,0.39946842889259754,5.592558004496365,0.0,0.0,0.0,0.0,48.401088059617194,-3.534312260852154,False,False,False,False,False,0.0
2023-12-08 00:00:00+00:00,2.72,2.72,2.665,2.7,2017,3.221821198906931,,,2.5484804544511834,3.1785874652513897,3.1156257068971276,,,,3.0704462983233936,"rgba(239, 83, 80, 1.0)",0.26824070518308574,3.0704462983233936,-1.3064620378335152,14,0.3990825558427364,5.58715578179831,0.0,0.0,0.0,0.0,50.21591061518279,-3.534312260852154,True,False,False,False,False,0.0
2023-12-11 00:00:00+00:00,2.73,2.75,2.56,2.56,13342,3.2213273724773757,,,2.548511091744317,3.178109725116662,3.115085315841085,,,,3.0700917829299414,"rgba(239, 83, 80, 1.0)",0.26448854432523417,3.0700917829299414,-1.2858469307152303,14,0.3994011180824044,5.591615653153662,0.0,0.0,0.0,0.0,51.74922680707722,-2.4707987167470193,True,False,True,False,True,0.0
2023-12-12 00:00:00+00:00,2.67,2.8,2.67,2.7,22678,3.2205416150634116,,,2.548576327815353,3.1773539867029843,3.114239994683031,,,,3.069771410241947,"rgba(255, 0, 0, 1.0)",0.26487701274569525,3.069771410241947,-1.509271816749768,14,0.40065428053023017,5.609159927423223,0.0,0.0,0.0,0.0,50.5450849189817,-2.4707987167470193,True,False,False,False,True,0.0
2023-12-13 00:00:00+00:00,2.79,2.94,2.6717,2.8,10897,3.2202297025565274,,,2.548624243255634,3.177059824597289,3.1139231804839906,,,,3.069957945074326,"rgba(239, 83, 80, 1.0)",0.2628065828498049,3.069957945074326,-1.0652623006567652,14,0.4060339267069599,5.684474973897439,0.0,0.0,0.0,0.0,53.396840664841775,-0.8783194739053783,True,False,True,False,True,0.0
2023-12-14 00:00:00+00:00,2.7,2.85,2.68,2.79,17411,3.219664459637869,,,2.5486833807145777,3.1765194663841094,3.1133260942788206,,,,3.0698403261817298,"rgba(239, 83, 80, 1.0)",0.26008913334948985,3.0698403261817298,-1.4219753106130875,13,0.4052033747766807,5.2676438720968495,0.0,0.0,0.0,0.0,52.37252027690105,-0.8783194739053783,True,False,True,False,True,0.0
2023-12-15 00:00:00+00:00,2.99,2.99,2.7,2.7,68949,3.218139914837219,,,2.549097415539369,3.1751291787811464,3.1119313518973097,,,,3.0723158696835804,#000000,0.260390712300294,3.0723158696835804,-0.3161244460541661,13,0.4052341478165897,5.268043921615666,0.0,0.0,0.0,0.0,57.399812075500364,2.7709701292254536,True,False,True,False,True,1.3738867443576375
2023-12-18 00:00:00+00:00,2.88,2.95,2.8022,2.95,13152,3.2178365385124854,,,2.549172629294284,3.1748506235112868,3.111648065677364,,,,3.0726012044959425,"rgba(239, 83, 80, 0.5)",0.25791018408014543,3.0726012044959425,-0.746776267028261,12,0.3954960649572418,4.745952779486902,0.0,0.0,0.0,0.0,57.92309211893388,3.155899775906903,True,False,True,False,True,0.0
2023-12-19 00:00:00+00:00,2.87,2.95,2.8,2.8721,27855,3.2171881353392835,,,2.5493298406900085,3.174254338563996,3.1110399626034444,,,,3.073087411435754,"rgba(239, 83, 80, 0.5)",0.2575159261899033,3.073087411435754,-0.7886401996200753,12,0.39620750699126855,4.754490083895223,0.0,0.0,0.0,0.0,58.02776717599874,3.288197256667061,True,False,True,False,True,0.0
2023-12-20 00:00:00+00:00,3.03,3.03,2.85,2.87,62013,3.2161566974043776,,,2.549783548532651,3.1733590055204237,3.1102432752329103,,,,3.0754253504412414,#000000,0.2576107797881629,3.0754253504412414,-0.1763332671039448,12,0.3967503496820459,4.761004196184551,0.0,0.0,0.0,0.0,60.59507241530308,5.792397351354765,True,False,True,False,True,2.011005243856907
2023-12-21 00:00:00+00:00,3.16,3.19,3.03,3.03,18595,3.216044866837951,,,2.5499700556547262,3.1732977137830947,3.110271045947345,,,,3.076754957753122,#000000,0.2596059119178624,3.076754957753122,0.3206592701679937,12,0.3951224454664999,4.741469345597999,0.0,0.0,0.0,0.0,63.88518625446549,8.897919660823987,True,False,True,False,True,4.035004191265454
2023-12-22 00:00:00+00:00,3.07,3.07,3.005,3.0428,9297,3.215940148150885,,,2.550050599076841,3.1732157533475887,3.1102187269978967,,,,3.0772055647688137,#000000,0.26082204410650206,3.0772055647688137,-0.027626364149924303,12,0.40207269526437234,4.824872343172468,0.0,0.0,0.0,0.0,63.842137103364635,8.897919660823987,True,False,True,False,True,2.5164857964518283
2023-12-26 00:00:00+00:00,3.19,3.19,2.95,2.96,45397,3.215618127262187,,,2.5504921436552457,3.1730139450540755,3.1102178285292337,,,,3.0798821725950107,#000000,0.2636514521891423,3.0798821725950107,0.41766440689274564,11,0.4110001375588599,4.521001513147459,0.0,0.0,0.0,0.0,65.29384360962314,10.335401976302414,True,False,True,False,True,4.36297029587017
2023-12-27 00:00:00+00:00,3.09,3.17,3.05,3.12,14955,3.215505804178517,,,2.5506357166063975,3.172940742131119,3.1102085250665548,,,,3.080663279535417,#000000,0.2643900039475576,3.080663279535417,0.035314196169212414,11,0.4085362393212639,4.493898632533903,0.0,0.0,0.0,0.0,63.96607201147978,10.335401976302414,True,False,True,False,True,2.680258399550059
2023-12-28 00:00:00+00:00,3.22,3.27,3.02,3.06,53518,3.215343482545981,,,2.5512107968126148,3.1729297278235107,3.1104962848239217,,,,3.083998096625068,"rgba(38, 166, 154, 0.5)",0.2664388771716142,3.083998096625068,0.5104431636203478,10,0.42192996289681045,4.219299628968105,0.0,0.0,0.0,0.0,64.7082143337677,10.335401976302414,True,False,True,False,True,4.658683530896173
2023-12-29 00:00:00+00:00,3.48,3.48,3.15,3.1838,55668,3.2159151917367117,,,2.552000821882507,3.1736945112078807,3.1117889064934303,,,,3.089382982691246,"rgba(38, 166, 154, 1.0)",0.2751150611836655,3.089382982691246,1.4198314538947765,10,0.41572207103408837,4.157220710340884,0.0,0.0,0.0,0.0,67.65159206146427,12.800440407651784,True,False,True,False,True,8.378172020724573
2024-01-02 00:00:00+00:00,3.45,3.5,3.14,3.5,58730,3.21648788466475,,,2.5528258716863252,3.1744677693287264,3.113103891020417,,,,3.0943680195324452,"rgba(38, 166, 154, 1.0)",0.2829234250776339,3.0943680195324452,1.2569902275499807,10,0.41510841398582504,4.15108413985825,0.0,0.0,0.0,0.0,68.95596321093568,14.103588200331203,True,False,True,False,True,7.862288704795041
2024-01-03 00:00:00+00:00,3.28,3.5899,3.2254,3.44,27391,3.2167566584037686,,,2.5532109294358767,3.1748296091314305,3.113716791688507,3.3650999999999995,,,3.115780396656746,"rgba(38, 166, 154, 0.5)",0.2864114232648174,3.115780396656746,0.5733696005253793,10,0.41150143547110263,4.115014354711026,0.0,0.0,0.0,0.0,66.40674918206584,14.103588200331203,True,False,True,False,False,5.000144726558837
2024-01-04 00:00:00+00:00,3.32,3.32,3.1731,3.27,1400,3.216761675192999,,,2.553228321450089,3.1748389414576037,3.1137363457426344,3.3605258854040034,,,3.1156324421560777,"rgba(38, 166, 154, 0.5)",0.290641525817856,3.1156324421560777,0.7031602152130131,9,0.3480232591486724,3.1322093323380513,0.0,0.0,0.0,0.0,65.16856685399334,14.103588200331203,True,False,True,False,False,5.575889324340029
2024-01-05 00:00:00+00:00,2.81,3.3,2.81,3.23,59428,3.215810312290223,,,2.5536599472345576,3.1740125922929034,3.112999432256911,3.099696823813464,,,3.102558687708283,"rgba(239, 83, 80, 1.0)",0.290514422814195,3.102558687708283,-1.0070367070739044,9,0.3485872937061225,3.137285643355103,0.0,0.0,0.0,0.0,57.36218312011131,12.841157734095134,True,False,True,False,False,0.0
2024-01-08 00:00:00+00:00,2.94,2.98,2.7808,2.8177,9211,3.2156192886197683,,,2.5537151337546815,3.1738387066075764,3.1128265155410015,3.080842762667214,,,3.1014832865531323,"rgba(239, 83, 80, 0.5)",0.2883690852406415,3.1014832865531323,-0.5599882054568228,10,0.4235964523146311,4.235964523146311,0.0,0.0,0.0,0.0,53.82088310945187,9.809008083973524,True,False,False,False,False,0.0
2024-01-09 00:00:00+00:00,3.06,3.1,2.9,2.93,48609,3.21499632300888,,,2.554106598355535,3.1733247359838783,3.1124300316027576,3.0605912829221418,,,3.100819670598869,#000000,0.28528076694581256,3.100819670598869,-0.1430859536584963,10,0.42325003982655635,4.232500398265564,0.0,0.0,0.0,0.0,52.88041944353717,9.134156224632939,True,False,False,False,False,1.381511106943897
2024-01-10 00:00:00+00:00,3.06,3.06,2.91,3.0,6240,3.214912552941435,,,2.5541557259594203,3.173254718528571,3.1123738995791057,3.058518182852965,,,3.1007461470669098,#000000,0.2789177823705839,3.1007461470669098,-0.1460865876696681,10,0.4228550674214195,4.228550674214195,0.0,0.0,0.0,0.0,52.25344366626071,8.570166161664432,True,False,False,False,False,1.381511106943897
2024-01-11 00:00:00+00:00,3.05,3.06,2.94,3.057,4089,3.2148594812144715,,,2.554188383700464,3.17321074173977,3.1123395434088357,3.0574237719141175,,,3.1007156302643915,#000000,0.26751461145242605,3.1007156302643915,-0.1895807858458256,10,0.42579020471250806,4.25790204712508,0.0,0.0,0.0,0.0,51.69941658907081,7.9305835731930046,False,False,False,False,False,1.2321537398099522
2024-01-12 00:00:00+00:00,3.04,3.068,2.9,2.9,3014,3.2148176182328356,,,2.554211724142829,3.173175444741604,3.1123105318903375,3.05638828537727,,,3.100674035765657,#000000,0.24555153061504098,3.100674035765657,-0.24709288357390616,10,0.426459903462336,4.26459903462336,0.0,0.0,0.0,0.0,51.182910613738684,7.22461824118966,False,False,False,False,False,1.0803491772485003
2024-01-16 00:00:00+00:00,2.9,3.0,2.88,2.95,9812,3.214632667953686,,,2.554274817280193,3.1730094649181795,3.1121507997607556,3.0488653914047386,,,3.1001990860587805,"rgba(239, 83, 80, 0.5)",0.21696224429298933,3.1001990860587805,-0.9227369799347599,10,0.43055817831664334,4.305581783166433,0.0,0.0,0.0,0.0,48.858281935040594,4.794314409487754,False,False,False,False,False,0.0
2024-01-17 00:00:00+00:00,2.9,2.98,2.842,2.842,5999,3.2145121234311986,,,2.5543113794043104,3.172900140286322,3.112043110700271,3.044019017312336,,,3.0998761663162027,"rgba(239, 83, 80, 0.5)",0.21652897845718908,3.0998761663162027,-0.9230919932304635,10,0.4309918471787487,4.309918471787487,0.0,0.0,0.0,0.0,47.308529482575196,3.135432680851622,False,True,False,True,False,0.0
2024-01-18 00:00:00+00:00,2.92,2.95,2.885,2.95,3479,3.214444761179417,,,2.5543332399897762,3.1728394052634448,3.1119840635008527,3.0415717368511395,,,3.099713845431947,"rgba(239, 83, 80, 0.5)",0.2165783913339346,3.099713845431947,-0.8297865928593617,10,0.4352725981046867,4.352725981046867,0.0,0.0,0.0,0.0,46.64853148066132,2.2927918706932218,False,True,False,True,False,0.0
2024-01-19 00:00:00+00:00,2.85,2.97,2.65,2.97,37752,3.2134818678962636,,,2.554508421900729,3.171936889548058,3.1110324254712767,3.003503240706515,,,3.0967682282196503,"rgba(239, 83, 80, 1.0)",0.2164862302343574,3.0967682282196503,-1.1398795570162175,10,0.4355154294993445,4.355154294993445,0.0,0.0,0.0,0.0,45.12496243784231,0.6125666204384288,False,True,False,True,False,0.0
2024-01-22 00:00:00+00:00,2.74,2.82,2.7275,2.78,1976,3.213423760990705,,,2.554515511386764,3.1718815576844275,3.110972292265568,3.00132273519536,,,3.0965850970558226,"rgba(255, 0, 0, 1.0)",0.21678471852828904,3.0965850970558226,-1.644881149725922,10,0.436613062814859,4.36613062814859,0.0,0.0,0.0,0.0,42.562308519322,-1.9977552873299302,False,True,False,True,False,0.0
2024-01-23 00:00:00+00:00,2.72,2.75,2.65,2.74,20147,3.2127589138618857,,,2.5545683701256707,3.1712414288532687,3.110262320471748,2.9764369231220686,,,3.094403669135597,"rgba(255, 0, 0, 1.0)",0.21721483231257185,3.094403669135597,-1.72365609267801,10,0.4387230359796546,4.387230359796546,0.0,0.0,0.0,0.0,40.5845480406501,-3.994914501794426,False,True,False,True,False,0.0
2024-01-24 00:00:00+00:00,2.85,2.85,2.6,2.67,252084,3.205554308327924,,,2.55548634308701,3.1643938979252164,3.1028752040551493,2.868657909304549,,,3.080783665126867,"rgba(239, 83, 80, 1.0)",0.2171564241871925,3.080783665126867,-1.0627531098408938,9,0.4575815955168422,4.11823435965158,0.0,0.0,0.0,0.0,42.089930854667756,-3.994914501794426,False,True,False,True,False,0.0
2024-01-25 00:00:00+00:00,2.96,2.97,2.778,2.85,288774,3.2000523363273365,,,2.5571991669810044,3.1594158722684695,3.098062865213023,2.881258347970568,,,3.078549923164025,"rgba(239, 83, 80, 0.5)",0.2167946983079073,3.078549923164025,-0.5468303611172813,8,0.44550219317253725,3.564017545380298,0.0,0.0,0.0,0.0,45.11856259519196,-3.994914501794426,False,True,False,True,True,0.12679807116080966
2024-01-26 00:00:00+00:00,3.11,3.14,2.86,2.95,310256,3.1969246824629547,,,2.5597272013275725,3.1569577484740514,3.0965172405971813,2.925507305513672,,,3.0826011806817175,#000000,0.21875541969708762,3.0826011806817175,0.12524864232493862,7,0.48747383460387794,3.4123168422271455,0.0,0.0,0.0,0.0,49.45450658651957,-6.266078913210748,False,False,False,False,True,2.4235734046465254
2024-01-29 00:00:00+00:00,3.37,3.37,3.02,3.24,418412,3.198344278948218,,,2.5646243522091168,3.159492076457811,3.101666412102853,3.0164620165602063,,,3.0980539666824116,"rgba(38, 166, 154, 1.0)",0.22656810591921772,3.0980539666824116,1.2002838273033458,8,0.4330118513025757,3.4640948104206055,0.0,0.0,0.0,0.0,55.32493060942672,-0.9082813582335163,True,False,True,False,True,6.15863359186983
2024-01-30 00:00:00+00:00,3.32,3.48,3.29,3.35,451854,3.202709665840933,,,2.570668211014751,3.165120938452006,3.1106274055084575,3.096431929709627,,,3.133898626930623,"rgba(38, 166, 154, 0.5)",0.23241182372893812,3.133898626930623,0.8007396959563771,8,0.4278313560007104,3.4226508480056834,0.0,0.0,0.0,0.0,58.272599388178485,1.610902529772602,True,False,True,False,True,5.3472178164805655
2024-01-31 00:00:00+00:00,3.39,3.45,3.27,3.32,951594,3.211539300595916,,,2.5832065509806643,3.1763807374530884,3.128075228122322,3.185844210878095,,,3.1601514620933773,"rgba(38, 166, 154, 0.5)",0.24011899142559545,3.1601514620933773,0.9572276500996588,8,0.42115615795468087,3.369249263637447,0.0,0.0,0.0,0.0,60.98290203907935,3.9828348094807495,True,False,True,False,True,6.328039651579925
2024-02-01 00:00:00+00:00,3.36,3.43,3.235,3.3,499456,3.2150469703471454,,,2.589399968135127,3.181014825786232,3.1353593519003744,3.2086606826626705,,,3.16872412425487,"rgba(38, 166, 154, 0.5)",0.2458952416438044,3.16872412425487,0.7778754662613832,7,0.46093581171167614,3.226550681981733,0.0,0.0,0.0,0.0,62.157340057405,5.018869880439844,True,False,True,False,True,5.83027636661604
2024-02-02 00:00:00+00:00,1.38,3.39,1.1313,3.39,4954303,2.9517636753137655,,,2.5427708548777495,2.9168747142977502,2.840054585751981,2.4733514264515555,,,2.798965547047103,"rgba(255, 26, 202, 1.0)",0.29947139740393436,2.798965547047103,-4.738233966074455,7,0.40306837245278093,2.8214786071694666,0.0,0.0,0.0,0.0,48.43227527814069,6.61232317302229,False,True,False,False,False,0.0
2024-02-05 00:00:00+00:00,1.0,1.22,0.92,1.22,1815546,2.8150452308919536,,,2.5027874771757688,2.7787593594073403,2.6880150115411063,2.2189308314145304,,,2.635949229691382,"rgba(255, 26, 202, 1.0)",0.3661645118726791,2.635949229691382,-4.467798425698408,8,0.7871020588775588,6.29681647102047,0.0,0.0,0.0,0.0,38.41019814606916,-2.0784865576813516,False,True,False,True,False,0.0
2024-02-06 00:00:00+00:00,0.88,0.94,0.7247,0.9399,1282242,2.7201677004308036,,,2.472136764193722,2.6830598332799367,2.584081210917265,2.065606616524186,,,2.528262657770243,"rgba(255, 26, 202, 1.0)",0.4289923328532219,2.528262657770243,-3.8421727652046167,8,0.6906673043236271,5.525338434589017,0.0,0.0,0.0,0.0,31.474671774768634,-7.775764349763847,False,True,False,True,False,0.0
2024-02-07 00:00:00+00:00,0.75,0.81,0.6564,0.7502,747131,2.6659983389513164,,,2.4536267561618654,2.628477929977756,2.525276176740731,1.9844205233073329,,,2.3720499824634085,"rgba(255, 26, 202, 1.0)",0.4896865417942558,2.3720499824634085,-3.3124250801749024,8,0.6159482918829869,4.9275863350638955,0.0,0.0,0.0,0.0,26.574390719757353,-11.706392800052427,False,True,False,True,False,0.0
2024-02-08 00:00:00+00:00,0.785,0.81,0.7221,0.78,535857,2.6295814434752804,,,2.440847749472656,2.5918432010598447,2.4861065879295685,1.933464561442902,,,2.3347201458344484,"rgba(255, 26, 202, 1.0)",0.5404160034473307,2.3347201458344484,-2.8676429564423236,8,0.5636910416247926,4.50952833299834,0.0,0.0,0.0,0.0,23.689482444293045,-14.003055979287005,False,True,False,True,False,0.0
2024-02-09 00:00:00+00:00,0.88,0.886,0.74,0.75,507674,2.5974755775892104,,,2.429368956315336,2.559600636166793,2.451883845515276,1.8914014838715845,,,2.303091544374964,"rgba(255, 26, 202, 1.0)",0.5815176151949186,2.303091544374964,-2.447202814136522,8,0.5268872163539153,4.215097730831323,0.0,0.0,0.0,0.0,22.84648432909026,-14.709174645186131,False,True,False,True,False,0.0
2024-02-12 00:00:00+00:00,0.8405,0.901,0.82,0.89,408182,2.57274555480773,,,2.4203638301475667,2.534791884001074,2.4256834739693494,1.8604016763173414,,,2.2789041827901615,"rgba(255, 26, 202, 1.0)",0.6194119041027125,2.2789041827901615,-2.322209459105974,6,0.6144732494438901,3.6868394966633407,0.0,0.0,0.0,0.0,22.159369269865913,-15.589651082617678,False,True,False,True,False,0.0
2024-02-13 00:00:00+00:00,0.756,0.82,0.751,0.8005,256906,2.5568456293192274,,,2.414468496175904,2.5188351174850476,2.4088308629907096,1.8403802253299575,,,2.2627814954998833,"rgba(255, 26, 202, 1.0)",0.657828735391143,2.2627814954998833,-2.2905376649500657,6,0.5816332836625171,3.4897997019751026,0.0,0.0,0.0,0.0,21.42368340802295,-16.73861351438196,False,True,False,True,False,0.0
2024-02-14 00:00:00+00:00,0.78,0.8157,0.7298,0.7298,180860,2.5458168109295425,,,2.410342249928762,2.507771024483513,2.3971681829051064,1.8267164718584354,,,2.2516613791275146,"rgba(255, 26, 202, 1.0)",0.6922154958348435,2.2516613791275146,-2.126016230469709,6,0.5556261436873312,3.3337568621239875,0.0,0.0,0.0,0.0,21.263119797793358,-17.50161952724875,False,True,False,True,False,0.0
2024-02-15 00:00:00+00:00,0.826,0.8674,0.78,0.78,156258,2.536659835936076,,,2.4069009570257105,2.49859319633422,2.3875274252343344,1.8157309041580998,,,2.2426634196134767,"rgba(255, 0, 0, 1.0)",0.7222128114830662,2.2426634196134767,-1.9615595252379339,6,0.5357560188974776,3.214536113384866,0.0,0.0,0.0,0.0,21.825552897402055,-17.622770356586216,False,True,False,True,False,0.0
2024-02-16 00:00:00+00:00,0.8426,0.87,0.81,0.85,211811,2.5245191975208177,,,2.4023080836700332,2.4864313786512664,2.374781471156259,1.8014586771826557,,,2.2308530147701173,"rgba(255, 0, 0, 1.0)",0.7496347846232336,2.2308530147701173,-1.8519058123321388,6,0.520346768262765,3.1220806095765905,0.0,0.0,0.0,0.0,22.456923846148424,-17.706598355712813,False,True,False,True,False,0.0
2024-02-20 00:00:00+00:00,0.835,0.85,0.8173,0.84,110315,2.5182395858785798,,,2.3999163650230995,2.480141930322382,2.3681970715210965,1.794138487950822,,,2.224738753937386,"rgba(255, 0, 0, 1.0)",0.7759093747885056,2.224738753937386,-1.7911096309619867,6,0.509209983736607,3.0552599024196416,0.0,0.0,0.0,0.0,22.83828269457388,-18.063361033667533,False,True,False,True,False,0.0
2024-02-21 00:00:00+00:00,0.835,0.8497,0.7974,0.81,121930,2.5113253244006404,,,2.3972699661191643,2.4732175344572114,2.3609529198596455,1.7861195388133548,,,2.2179986938546614,"rgba(255, 0, 0, 1.0)",0.800792167733119,2.2179986938546614,-1.7270382373614512,6,0.5002267565451763,3.001360539271058,0.0,0.0,0.0,0.0,23.09252192685752,-18.553251710673123,False,True,False,True,False,0.0
2024-02-22 00:00:00+00:00,0.83,0.8405,0.7772,0.835,189772,2.500603225743636,,,2.393138825782067,2.4624807882182265,2.3497293426932617,1.7737539632192967,,,2.207523790718506,"rgba(255, 0, 0, 1.0)",0.824257333676155,2.207523790718506,-1.6712302510853068,5,0.5469382271327949,2.734691135663975,0.0,0.0,0.0,0.0,23.230808600701387,-19.152259872195046,False,True,False,True,False,0.0
2024-02-23 00:00:00+00:00,0.82,0.83,0.7711,0.8135,142378,2.4926056332379876,,,2.3900362034233575,2.454473465020955,2.341367181076891,1.764597600151285,,,2.199706077791479,"rgba(255, 0, 0, 1.0)",0.8467681683068059,2.199706077791479,-1.6293787714650796,5,0.5317935025357088,2.6589675126785437,0.0,0.0,0.0,0.0,23.255210105228727,-19.849416642602883,False,True,False,True,False,0.0
2024-02-26 00:00:00+00:00,0.856,0.86,0.7954,0.7954,118152,2.4861434738810266,,,2.387519483319545,2.4480075235320577,2.3346311730682427,1.7573646211706082,,,2.19348003364708,"rgba(255, 0, 0, 1.0)",0.8672075019891792,2.19348003364708,-1.5422837447545152,5,0.5187238582989947,2.5936192914949734,0.0,0.0,0.0,0.0,24.11831000053686,-19.849416642602883,False,True,False,True,False,0.0
2024-02-27 00:00:00+00:00,0.833,0.8558,0.8258,0.83,50835,2.483380409369098,,,2.386439913747095,2.44524325821378,2.3317535772424667,1.7542907880680005,,,2.190822417433311,"rgba(255, 0, 0, 1.0)",0.8871234567445009,2.190822417433311,-1.5305901417781758,5,0.5065526323259226,2.532763161629613,0.0,0.0,0.0,0.0,24.497727562522158,-19.849416642602883,False,True,False,True,False,0.0
2024-02-28 00:00:00+00:00,0.852,0.862,0.8249,0.833,120049,2.476923893324208,,,2.38390973332159,2.438785571126285,2.325038359398184,1.747176231594812,,,2.1846404783258597,"rgba(239, 83, 80, 1.0)",0.9052830331254812,2.1846404783258597,-1.4720705343663971,5,0.4957259834805209,2.4786299174026043,0.0,0.0,0.0,0.0,25.255280332602332,-19.849416642602883,False,True,False,True,False,0.0
2024-02-29 00:00:00+00:00,0.8306,0.89,0.8062,0.89,70321,2.4731561678508456,,,2.382427611460386,2.435017507053126,2.3211222638227347,1.743041861997977,,,2.181031835150056,"rgba(239, 83, 80, 1.0)",0.9225196754033558,2.181031835150056,-1.463851526591672,5,0.4856230958711022,2.428115479355511,0.0,0.0,0.0,0.0,25.541879120481138,-19.849416642602883,False,True,False,True,False,0.0
2024-03-01 00:00:00+00:00,0.834,0.8359,0.828,0.8306,23956,2.4718690354486395,,,2.381920198933768,2.433730173524872,2.3197842416716794,1.7416270645292882,,,2.1797951138278164,"rgba(239, 83, 80, 1.0)",0.9380131080414945,2.1797951138278164,-1.4347295387350631,4,0.5714977207978571,2.2859908831914284,0.0,0.0,0.0,0.0,25.837858154804024,-19.849416642602883,False,True,False,True,True,0.0
2024-03-04 00:00:00+00:00,0.8202,0.85,0.7522,0.85,147507,2.4638669246740137,,,2.3787525236287372,2.425725002543691,2.311459671160498,1.7327730174778642,,,2.0855115283731407,"rgba(239, 83, 80, 1.0)",0.9537235455993721,2.0855115283731407,-1.3267068158393318,4,0.5614691936682801,2.2458767746731203,0.0,0.0,0.0,0.0,25.870748323510057,-20.229592012267574,False,True,False,True,True,0.0
2024-03-05 00:00:00+00:00,0.84,0.85,0.81,0.81,71621,2.460069483090659,,,2.377244317093556,2.421928177420566,2.307519646302883,1.7286527432359409,,,2.082461864075836,"rgba(239, 83, 80, 1.0)",0.9684169284851354,2.082461864075836,-1.28298238860754,4,0.5525726978542658,2.210290791417063,0.0,0.0,0.0,0.0,26.599089456039007,-20.229592012267574,False,True,False,True,True,0.0
2024-03-06 00:00:00+00:00,0.8767,0.888,0.8363,0.84,310420,2.444149466394783,,,2.3708831336457963,2.4060234855760965,2.2910673227638267,1.7118779427197353,,,2.069644943107572,"rgba(239, 83, 80, 1.0)",0.98176040248173,2.069644943107572,-1.2151080244141053,4,0.5449422317329927,2.179768926931971,0.0,0.0,0.0,0.0,28.406613962062558,-20.229592012267574,False,True,False,True,True,0.0
2024-03-07 00:00:00+00:00,0.91565,0.94,0.842,0.8482,118137,2.438296095046748,,,2.3685278634218343,2.4001806798168626,2.285043761284854,1.7059011931446781,,,2.064955855271185,"rgba(239, 83, 80, 1.0)",0.9936632934466538,2.064955855271185,-1.1566351125688301,4,0.5380930241510258,2.152372096604103,0.0,0.0,0.0,0.0,30.981697616330024,-22.395028286287655,False,True,False,True,True,0.0
2024-03-08 00:00:00+00:00,0.96,0.98,0.9,0.9,157411,2.4308037178923807,,,2.365502256111784,2.392709414771119,2.2773703020203544,1.698533264271767,,,2.0593723620252407,"rgba(239, 83, 80, 1.0)",1.0041392594929066,2.0593723620252407,-1.0948405329559836,4,0.5327224717158298,2.130889886863319,0.0,0.0,0.0,0.0,34.19717601804678,-19.34990808870361,False,True,False,True,True,0.0
2024-03-11 00:00:00+00:00,1.09,1.09,0.97,0.97,362161,2.415028800082627,,,2.359093222698999,2.377015991815388,2.261390788037649,1.684369510145064,,,1.9764689155198087,"rgba(239, 83, 80, 0.5)",1.012147981393406,1.9764689155198087,-0.8758293567897283,4,0.5290925314374082,2.116370125749633,0.0,0.0,0.0,0.0,40.00206758072751,-14.048531683928708,False,False,False,True,True,0.0
2024-03-12 00:00:00+00:00,1.04,1.09,0.8828,1.09,144533,2.408625870892975,,,2.356464127022635,2.3706425917070146,2.254892771957108,1.678493031126764,,,1.9711465701403295,"rgba(239, 83, 80, 0.5)",1.0201558524391132,1.9711465701403295,-0.9127493293441687,4,0.5257742590692178,2.1030970362768713,0.0,0.0,0.0,0.0,42.62320593637196,-11.882968182448778,False,False,False,False,True,0.0
2024-03-13 00:00:00+00:00,1.02,1.06,1.02,1.02,36522,2.4070504023566164,,,2.3558156417819065,2.3690755154865473,2.253299324010139,1.677087468613111,,,1.970033764709943,"rgba(239, 83, 80, 0.5)",1.028433402445571,1.970033764709943,-0.9237679002362263,3,0.6589939756134963,1.9769819268404887,0.0,0.0,0.0,0.0,43.87682013840952,-10.925021753783575,False,False,False,False,True,0.0
2024-03-14 00:00:00+00:00,1.045,1.045,1.02,1.04,37612,2.4054356100713727,,,2.355150148175306,2.3674695216715826,2.2516671306892,1.6756538061022652,,,1.968905910819403,"rgba(239, 83, 80, 0.5)",1.0359281905462738,1.968905910819403,-0.8918628909328181,3,0.6541261979202561,1.9623785937607683,0.0,0.0,0.0,0.0,45.44208073753203,-9.562139883535608,False,False,False,False,True,0.0
2024-03-15 00:00:00+00:00,0.99,1.08,0.99,1.01,77104,2.4020970170484186,,,2.353770775171928,2.3641482529648963,2.248289102985045,1.6726586594966308,,,1.9663844645778075,"rgba(239, 83, 80, 0.5)",1.043173303959895,1.9663844645778075,-0.9359753176882917,3,0.6490978973182396,1.947293691954719,0.0,0.0,0.0,0.0,45.030004681125774,-9.562139883535608,False,False,False,False,True,0.0
2024-03-18 00:00:00+00:00,1.045,1.06,0.95,0.99,55465,2.3997024390798516,,,2.3527790424759867,2.361766245298902,2.245867262868436,1.670515499837959,,,1.9645654491697475,"rgba(239, 83, 80, 0.5)",1.0483230045288205,1.9645654491697475,-0.8771775923996399,3,0.6446048243674508,1.9338144731023523,0.0,0.0,0.0,0.0,46.42896606752066,-8.612619085624978,True,False,False,False,True,0.0
2024-03-19 00:00:00+00:00,1.04,1.0599,1.03,1.04,30581,2.398409511757873,,,2.3522430921813577,2.360480852417148,2.244563115160634,1.6693848538176335,,,1.9636744610431145,"rgba(239, 83, 80, 0.5)",1.052981832840815,1.9636744610431145,-0.8771988577914539,3,0.6413886967694857,1.9241660903084572,0.0,0.0,0.0,0.0,47.215256219588795,-7.75284394553983,True,False,False,False,True,0.0
2024-03-20 00:00:00+00:00,1.03,1.05,1.03,1.04,36938,2.396843472625558,,,2.3515930386952424,2.358923795507067,2.2429829579670373,1.6680101874787239,,,1.962559947722778,"rgba(239, 83, 80, 0.5)",1.057631823711369,1.962559947722778,-0.8817434638552218,3,0.6377417170799192,1.9132251512397578,0.0,0.0,0.0,0.0,47.42649039768057,-7.3701785915792115,True,False,False,False,True,0.0
2024-03-21 00:00:00+00:00,1.03,1.05,1.02,1.04,65829,2.394054652024846,,,2.3504332053313575,2.3561509778199157,2.240169355514698,1.6655622225151154,,,1.9605392979185017,"rgba(239, 83, 80, 0.5)",1.0617048065016275,1.9605392979185017,-0.8764576483219257,3,0.6342565239225663,1.9027695717676987,0.0,0.0,0.0,0.0,47.567313183075086,-6.988800805356981,True,False,False,False,True,0.0
2024-03-22 00:00:00+00:00,1.05,1.05,1.01,1.02,24345,2.3930286922127437,,,2.350005874673941,2.3551310419496874,2.23913500125214,1.6646664359544725,,,1.959801812751748,"rgba(239, 83, 80, 0.5)",1.0650346078736026,1.959801812751748,-0.8542462432917696,3,0.6313541393307921,1.8940624179923762,0.0,0.0,0.0,0.0,48.434740809380855,-5.900048008767669,True,False,True,False,True,0.0
2024-03-25 00:00:00+00:00,1.1,1.1,1.05,1.05,26722,2.391943027649067,,,2.3495537956434323,2.3540528960594784,2.2380456818611645,1.6637589669886466,,,1.9591510001362227,"rgba(239, 83, 80, 0.5)",1.0676471882935772,1.9591510001362227,-0.8047143378042381,3,0.6289481031911219,1.8868443095733658,0.0,0.0,0.0,0.0,50.82400676360681,-3.435778715303961,True,False,True,False,True,0.0
2024-03-26 00:00:00+00:00,1.06,1.0999,1.02,1.06,20832,2.3910828199307645,,,2.349195086964294,2.353198227366847,2.2371807351164787,1.663025081809074,,,1.958578043217043,"rgba(239, 83, 80, 0.5)",1.0703812386942602,1.958578043217043,-0.8394934540455913,3,0.6259318556413355,1.8777955669240063,0.0,0.0,0.0,0.0,50.79426408544779,-3.2975869233136024,True,False,True,False,True,0.0
2024-03-27 00:00:00+00:00,1.05,1.0754,1.05,1.05,6930,2.3907965861637965,,,2.349075663916397,2.3529138328776984,2.2368929160077804,1.6627807356482394,,,1.9583857238729692,"rgba(239, 83, 80, 0.5)",1.072879948333478,1.9583857238729692,-0.846679747612004,3,0.6226519313851943,1.8679557941555829,0.0,0.0,0.0,0.0,50.3768598205938,-3.2975869233136024,True,False,True,False,True,0.0
2024-03-28 00:00:00+00:00,1.05,1.1,1.04,1.05,15808,2.3901465024905755,,,2.3488043580012152,2.3522680061102825,2.2362396077328834,1.6622285796331917,,,1.957955903338905,"rgba(239, 83, 80, 0.5)",1.0742892503632142,1.957955903338905,-0.8451689366080202,3,0.6197794252027125,1.8593382756081374,0.0,0.0,0.0,0.0,50.098590310691144,-3.2975869233136024,True,False,True,False,True,0.0
2024-04-01 00:00:00+00:00,1.06,1.15,1.04,1.05,75497,2.3870972143555607,,,2.3475303479688976,2.3492402414128017,2.2331825286890075,1.6596931173044165,,,1.889624873677547,"rgba(239, 83, 80, 0.5)",1.0750195547037769,1.889624873677547,-0.7717300304422381,3,0.6169770089459794,1.8509310268379382,0.0,0.0,0.0,0.0,50.37828582804665,-3.0651299440023507,True,False,True,False,True,0.0
2024-04-02 00:00:00+00:00,1.07,1.09,1.04,1.04,8428,2.3867533538912573,,,2.3473864119190258,2.3488986992602614,2.2328373296250232,1.6594033070249874,,,1.8893289028525242,"rgba(239, 83, 80, 0.5)",1.0757830995278466,1.8893289028525242,-0.7616116140996467,3,0.6143028673457633,1.84290860203729,0.0,0.0,0.0,0.0,51.04763308569903,-2.194710837300427,True,False,True,False,True,0.0
2024-04-03 00:00:00+00:00,1.06,1.12,1.047,1.12,15817,2.386112903525594,,,2.347118269150166,2.348262706490341,2.2321950341858057,1.6588684248399996,,,1.8888987915416853,"rgba(239, 83, 80, 0.5)",1.0749303797799583,1.8888987915416853,-0.7711185832438409,3,0.6117700219575275,1.8353100658725825,0.0,0.0,0.0,0.0,50.94454692673661,-2.076689172030882,True,False,True,False,True,0.0
2024-04-04 00:00:00+00:00,0.9699,1.075,0.9699,1.0463,27328,2.384948183441072,,,2.3466294900974214,2.347104366051935,2.2310192109233435,1.6578347771403206,,,1.887199427739929,"rgba(239, 83, 80, 0.5)",1.0755339756583737,1.887199427739929,-0.8528781502959184,3,0.6091387587676101,1.8274162763028303,0.0,0.0,0.0,0.0,46.856068030836994,-0.01945962086406894,True,False,False,False,False,0.0
2024-04-05 00:00:00+00:00,1.01,1.04,1.01,1.03,60250,2.3824152130954466,,,2.3455652232614512,2.344586207115214,2.2284665759688975,1.6556197223870868,,,1.8846464386245643,"rgba(239, 83, 80, 0.5)",1.071495601300499,1.8846464386245643,-0.8162856082311356,3,0.6073326030577659,1.8219978091732978,0.0,0.0,0.0,0.0,46.26090890052002,-0.5801212155994264,True,False,False,False,False,0.0
2024-04-08 00:00:00+00:00,1.07,1.15,1.01,1.01,21681,2.3815438366192088,,,2.345199017909003,2.3437210488260316,2.227593589149341,1.6548971198372715,,,1.819015151428875,"rgba(239, 83, 80, 0.5)",1.067784485291738,1.819015151428875,-0.7014665990621043,3,0.6065690226039568,1.8197070678118705,0.0,0.0,0.0,0.0,48.545249349449975,-0.5801212155994264,True,False,False,False,True,0.0
2024-04-09 00:00:00+00:00,1.06,1.06,1.04,1.04,2944,2.381423490432242,,,2.3451483938895983,2.343601500814383,2.2274727496796443,1.6547951849792353,,,1.8188030496939604,"rgba(239, 83, 80, 0.5)",1.0637354948791444,1.8188030496939604,-0.7133380933012593,3,0.6052405119499545,1.8157215358498635,0.0,0.0,0.0,0.0,49.60527732970342,-3.7652276600372048,True,False,False,False,True,0.0
2024-04-10 00:00:00+00:00,1.06,1.1,0.99,1.06,20166,2.380597653815808,,,2.344800838369445,2.342781094325235,2.226643335901747,1.6540940082028461,,,1.8177458967025377,"rgba(239, 83, 80, 0.5)",1.0566638975734657,1.8177458967025377,-0.7171115606794493,3,0.6038363148234914,1.8115089444704742,0.0,0.0,0.0,0.0,50.311962649872385,-3.0828117718978802,True,False,False,False,True,0.0
2024-04-11 00:00:00+00:00,1.09,1.1,1.01,1.0735,43557,2.378839700953728,,,2.344060436255435,2.3410354253668157,2.224881166827199,1.6526266863668153,,,1.8169233468089545,"rgba(239, 83, 80, 0.5)",1.0463270748529272,1.8169233468089545,-0.6947381600644631,3,0.6025979923139854,1.807793976941956,0.0,0.0,0.0,0.0,52.177839053676024,-1.2949795511603952,True,False,True,False,True,0.0
2024-04-12 00:00:00+00:00,1.05,1.0698,1.05,1.0698,1019,2.3787983155215975,,,2.3440429886659486,2.3409943211032904,2.2248396478652985,1.6525918584278267,,,1.8168939467907457,"rgba(239, 83, 80, 0.5)",1.0371341365126465,1.8168939467907457,-0.7394356426926791,3,0.6012913650808049,1.8038740952424148,0.0,0.0,0.0,0.0,51.3198004080282,-1.2949795511603952,True,False,True,False,True,0.0
2024-04-15 00:00:00+00:00,1.005,1.05,0.9687,1.02,22409,2.3778553582600184,,,2.343644905913392,2.3400568060781435,2.223889311909954,1.6517644787896903,,,1.8154847085973937,"rgba(239, 83, 80, 0.5)",1.025211972853417,1.8154847085973937,-0.7905533002522548,3,0.5998917172135644,1.799675151640693,0.0,0.0,0.0,0.0,48.7226377414989,-1.2949795511603952,True,False,False,False,False,0.0
2024-04-16 00:00:00+00:00,1.06,1.06,0.95,0.98,13448,2.377296465055621,,,2.3434088828540083,2.3395013318562543,2.223326941739086,1.6512808510368198,,,1.814887307794938,"rgba(239, 83, 80, 0.5)",1.0138584322445354,1.814887307794938,-0.7445687521912965,3,0.5987869058181201,1.7963607174543603,0.0,0.0,0.0,0.0,49.65260913257761,-1.2949795511603952,True,False,False,False,False,0.0
2024-04-17 00:00:00+00:00,1.03,1.0513,1.01,1.0435,17852,2.3765591423864683,,,2.343097380901004,2.3387686463966735,2.2225856301670097,1.6506472378749566,,,1.814225613018041,"rgba(239, 83, 80, 0.5)",0.9991541022749229,1.814225613018041,-0.7848895493022325,3,0.5979057501168921,1.7937172503506762,0.0,0.0,0.0,0.0,48.929875165741166,-1.2949795511603952,True,False,False,False,False,0.0
2024-04-18 00:00:00+00:00,0.9586,1.03,0.9453,1.03,47477,2.3745258966436134,,,2.34223658373483,2.3367460896350445,2.220532035612849,1.6488264163972701,,,1.811372111255298,"rgba(239, 83, 80, 0.5)",0.9775802482094265,1.811372111255298,-0.8723295226323038,3,0.5964450704387152,1.7893352113161456,0.0,0.0,0.0,0.0,45.75834503327175,-0.3527465482421803,True,False,False,True,False,0.0
2024-04-19 00:00:00+00:00,0.8301,0.9586,0.73,0.9586,123455,2.3687451719842207,,,2.3397767594289154,2.330982012172525,2.214632373267868,1.6431702036286882,,,1.7995844893530049,"rgba(239, 83, 80, 1.0)",0.9563137306811005,1.7995844893530049,-1.0137724245185982,3,0.5943707876517648,1.7831123629552943,0.0,0.0,0.0,0.0,40.3366764658009,-5.315112247233785,False,False,False,True,False,0.0
2024-04-22 00:00:00+00:00,0.8359,0.86,0.8051,0.86,32656,2.36721747257208,,,2.3391248856578026,2.329458726048733,2.21307357086124,1.6416763478707168,,,1.797077936011851,"rgba(239, 83, 80, 1.0)",0.9377428503117612,1.797077936011851,-1.0249909510824835,3,0.5929624388817877,1.778887316645363,0.0,0.0,0.0,0.0,37.0123418374677,-8.164242311399882,False,False,False,True,False,0.0
2024-04-23 00:00:00+00:00,0.7998,0.889459,0.72,0.818,64020,2.3641717757009264,,,2.3378226390417667,2.3264205279772305,2.209960306132547,1.6386534467911307,,,1.7920410942782106,"rgba(239, 83, 80, 1.0)",0.9168997219808087,1.7920410942782106,-1.082169696959488,3,0.5920632465178536,1.7761897395535606,0.0,0.0,0.0,0.0,34.00739429252802,-10.722758165010006,False,True,False,True,False,0.0
2024-04-24 00:00:00+00:00,0.83,0.83,0.7256,0.8,13989,2.3635044852656644,,,2.3375369185583406,2.3257548327018362,2.2092780534496725,1.637989605259037,,,1.790987124604391,"rgba(239, 83, 80, 1.0)",0.9064032875204856,1.790987124604391,-1.0602202549741653,3,0.5915798552125714,1.7747395656377143,0.0,0.0,0.0,0.0,33.610051036109354,-10.923352129483305,False,True,False,True,False,0.0
2024-04-25 00:00:00+00:00,0.77,0.8,0.7,0.76,85899,2.359319050855454,,,2.33574100392573,2.3215772150676544,2.204989319093285,1.6337507754215583,,,1.7044914679171483,"rgba(239, 83, 80, 1.0)",0.8927020397086681,1.7044914679171483,-1.0468122916153728,3,0.5907308575468859,1.7721925726406578,0.0,0.0,0.0,0.0,31.949663674659583,-12.460592336805966,False,True,False,True,False,0.0
2024-04-26 00:00:00+00:00,0.7859,0.79,0.7101,0.77,14959,2.3585948189297103,,,2.335429723891019,2.3208544430006723,2.204247780026505,1.6330212270337552,,,1.703482821326796,"rgba(239, 83, 80, 1.0)",0.8746925814441038,1.703482821326796,-1.049034644619806,3,0.5902370109247036,1.770711032774111,0.0,0.0,0.0,0.0,31.69574725689915,-12.763100862401828,False,True,False,True,False,0.0
2024-04-29 00:00:00+00:00,0.8,0.8358,0.78,0.83,34025,2.3569945346990275,,,2.33474161693853,2.3192585139267905,2.202614461060717,1.6314485736587323,,,1.7021332078595364,"rgba(239, 83, 80, 1.0)",0.8550892968262812,1.7021332078595364,-1.0550163722173365,3,0.5900296278281746,1.7700888834845236,0.0,0.0,0.0,0.0,32.30160959997232,-12.763100862401828,False,True,False,True,False,0.0
2024-04-30 00:00:00+00:00,0.8879,0.8879,0.79,0.813,17764,2.3561872360005065,,,2.334394347528997,2.318454108321344,2.201793699778938,1.6306794308116412,,,1.7018504019349436,"rgba(239, 83, 80, 0.5)",0.8335097187687732,1.7018504019349436,-0.9765337867173021,3,0.5902616830920252,1.7707850492760757,0.0,0.0,0.0,0.0,36.8751113176291,-12.763100862401828,False,True,False,True,True,0.0
2024-05-01 00:00:00+00:00,0.9,0.965,0.8779,0.92,16534,2.3554661381013995,,,2.334084164231189,2.3177363696839888,2.2010641192141063,1.630019310047214,,,1.7020167851872643,"rgba(239, 83, 80, 0.5)",0.8105258200549157,1.7020167851872643,-0.9895018336774578,3,0.5906774600551931,1.7720323801655793,0.0,0.0,0.0,0.0,40.42249723895968,-15.353237853222694,False,False,False,True,True,0.0
2024-05-02 00:00:00+00:00,0.8148,0.96,0.79,0.955,56824,2.352891498258029,,,2.3329746275964727,2.3151711237797628,2.1984475977964424,1.6275724403597254,,,1.7003614388654023,"rgba(239, 83, 80, 1.0)",0.7905009078654206,1.7003614388654023,-1.120253538046746,3,0.5908045569659488,1.7724136708978464,0.0,0.0,0.0,0.0,39.98951009906385,-15.353237853222694,False,False,False,True,True,0.0
2024-05-03 00:00:00+00:00,0.8066,0.86,0.77,0.86,27024,2.3516353229012417,,,2.3324323059087657,2.3139187050017247,2.1971673489215706,1.626350124953253,,,1.699001848393305,"rgba(239, 83, 80, 1.0)",0.7690000243530383,1.699001848393305,-1.1604705073242163,3,0.5914748834442581,1.7744246503327745,0.0,0.0,0.0,0.0,39.46144291477076,-15.353237853222694,False,False,False,True,True,0.0
2024-05-06 00:00:00+00:00,0.8271,0.86,0.815,0.86,21634,2.350645411590007,,,2.3320046614901546,2.3129321425410123,2.196160281899485,1.6254004118499237,,,1.6981155343126637,"rgba(239, 83, 80, 1.0)",0.7450599370248532,1.6981155343126637,-1.1690543150001758,3,0.592515746042913,1.7775472381287392,0.0,0.0,0.0,0.0,40.09610679644665,-15.353237853222694,False,False,False,True,True,0.0
2024-05-07 00:00:00+00:00,0.84,0.84,0.771,0.84,40622,2.348769310481726,,,2.3311932127071486,2.311061935934353,2.1942497381184825,1.6235850291043652,,,1.6961979823758937,"rgba(239, 83, 80, 1.0)",0.7213656238503413,1.6961979823758937,-1.1869126474392762,3,0.593470731279077,1.780412193837231,0.0,0.0,0.0,0.0,41.14845548558908,-14.224250686153098,False,False,False,True,True,0.0
2024-05-08 00:00:00+00:00,0.86,0.86,0.83,0.84,25943,2.347599310632726,,,2.3306867246367675,2.3098963116195153,2.1930615175878336,1.6224771656873578,,,1.6952894404511152,"rgba(239, 83, 80, 1.0)",0.699169836198308,1.6952894404511152,-1.1946874667719491,3,0.5954718210862415,1.7864154632587246,0.0,0.0,0.0,0.0,42.83453855424567,-12.40179319341906,False,False,False,True,True,0.0
2024-05-09 00:00:00+00:00,0.96,0.9678,0.8176,0.86,67115,2.3447122324678418,,,2.3294356041233657,2.3070235845706337,2.1901458973590695,1.6198661944544253,,,1.6942615827804137,"rgba(239, 83, 80, 1.0)",0.6754732374003901,1.6942615827804137,-1.087032826949999,3,0.5975306942389486,1.7925920827168458,0.0,0.0,0.0,0.0,47.949234312235205,-7.473163961106394,True,False,False,False,True,0.0
2024-05-10 00:00:00+00:00,0.95739,0.96,0.87,0.96,41306,2.3429584953131184,,,2.3286743089277557,2.3052791567394797,2.1883777061751313,1.6183005549326448,,,1.693669698762855,"rgba(239, 83, 80, 1.0)",0.6455475812188978,1.693669698762855,-1.1405506273799995,3,0.60192753512579,1.80578260537737,0.0,0.0,0.0,0.0,51.23590684103621,-4.43897150049937,True,False,True,False,True,0.0
2024-05-13 00:00:00+00:00,0.94,0.97,0.839062,0.97,23111,2.341970311688654,,,2.328244834827942,2.3042960192668027,2.1873805369331594,1.6174114791393173,,,1.6932158697528823,"rgba(239, 83, 80, 1.0)",0.6087580136516786,1.6932158697528823,-1.2372993091863596,3,0.6056975548309975,1.8170926644929926,0.0,0.0,0.0,0.0,52.57022474187827,-3.2335446292639745,True,False,True,False,True,0.0
2024-05-14 00:00:00+00:00,0.95,1.0101,0.8627,0.94,79020,2.338659956535003,,,2.326803898693073,2.301004356906177,2.184048549619791,1.6144945217745321,,,1.692047034627577,"rgba(239, 83, 80, 1.0)",0.5612002177247678,1.692047034627577,-1.322250083287571,3,0.6097293199078767,1.82918795972363,0.0,0.0,0.0,0.0,53.86792855805267,-1.9722746413547938,True,False,True,False,True,0.0
2024-05-15 00:00:00+00:00,1.025,1.08,0.9263,1.08,42729,2.3369651178983006,,,2.326064990019953,2.299321663963648,2.182354548973412,1.613089343242942,,,1.6920642823851282,"rgba(239, 83, 80, 1.0)",0.49195547551362884,1.6920642823851282,-1.3559444209634544,3,0.6157778867634363,1.8473336602903088,0.0,0.0,0.0,0.0,57.405196615635155,1.4071476751174075,True,False,True,False,True,0.0
2024-05-16 00:00:00+00:00,0.9472,1.03,0.9122,1.03,42986,2.335203803449998,,,2.325295778447385,2.2975713108882205,2.1805867027650674,1.611571860749767,,,1.6914858058421,"rgba(255, 0, 0, 1.0)",0.4126875868705409,1.6914858058421,-1.8035090696236054,3,0.6233586568530735,1.8700759705592205,0.0,0.0,0.0,0.0,56.031610960152044,1.4071476751174075,True,False,True,False,True,0.0
2024-05-17 00:00:00+00:00,0.93775,1.04,0.8511,1.04,32526,2.3338545166287887,,,2.3247057042559782,2.296229938832789,2.179230319105806,1.6103927424925553,,,1.6908584922650394,"rgba(255, 26, 202, 1.0)",0.303417772908065,1.6908584922650394,-2.4820843058960484,3,0.6305244379065148,1.8915733137195443,0.0,0.0,0.0,0.0,54.71319199096708,1.4071476751174075,True,False,True,False,False,0.0
2024-05-20 00:00:00+00:00,0.9155,0.98,0.8702,0.95,30450,2.3325746363043938,,,2.324145339807843,2.294957090712793,2.177941624412522,1.6092579501629924,,,1.6901085862779113,"rgba(255, 26, 202, 1.0)",0.11674835855205251,1.6901085862779113,-6.634856334468723,2,0.9014051004716491,1.8028102009432982,0.0,0.0,0.0,0.0,52.8714677512676,1.4071476751174075,True,False,True,False,False,0.0
2024-05-21 00:00:00+00:00,0.9999,1.0399,0.9173,0.97,66094,2.3299298114496487,,,2.3229858363854032,2.292330375029535,2.175295108188494,1.6070350619364577,,,1.6893665761886378,"rgba(255, 26, 202, 1.0)",0.10477541694218873,1.6893665761886378,-6.580423121284838,2,0.9139680544022666,1.8279361088045332,0.0,0.0,0.0,0.0,54.82673955466234,1.4071476751174075,True,False,True,False,False,0.0
2024-05-22 00:00:00+00:00,0.99,0.9998,0.94,0.9998,22881,2.3290104395564413,,,2.32258216899552,2.2914171738461997,2.1743746620772115,1.606257994890009,,,1.6890387675922454,"rgba(255, 26, 202, 1.0)",0.10469047486252521,1.6890387675922454,-6.677195499496888,2,0.9299820962099145,1.859964192419829,0.0,0.0,0.0,0.0,55.666725672800084,1.4071476751174075,True,False,True,False,False,0.0
2024-05-23 00:00:00+00:00,0.9999,1.01,0.8622,0.99,16916,2.3283218926671236,,,2.3222796297176282,2.290732991722809,2.173684169100155,1.6056672265602487,,,1.6887214262544465,"rgba(255, 26, 202, 1.0)",0.10484589277165389,1.6887214262544465,-6.569846543771108,2,0.9534858579372957,1.9069717158745914,0.0,0.0,0.0,0.0,56.58757967248317,1.4071476751174075,True,False,True,False,True,0.0
2024-05-24 00:00:00+00:00,1.04,1.05,0.8811,1.04,40575,2.326712833519406,,,2.3215720319303244,2.289135303275809,2.1720759791479605,1.604326482029897,,,1.6882175126232444,"rgba(255, 26, 202, 1.0)",0.10342967810143362,1.6882175126232444,-6.267229334191068,2,0.979040289198548,1.958080578397096,0.0,0.0,0.0,0.0,58.60931221477959,3.002746947694284,True,False,True,False,True,0.0
2024-05-28 00:00:00+00:00,1.07,1.106,0.9289,1.09,13378,2.3262008357115045,,,2.3213467052721,2.2886274490343506,2.1715666759835606,1.6039177240016023,,,1.6881640706047651,"rgba(255, 26, 202, 1.0)",0.1030952558153167,1.6881640706047651,-5.996047691196722,2,1.002929679339976,2.005859358679952,0.0,0.0,0.0,0.0,60.91767942163679,5.346900117642377,True,False,True,False,True,0.0
2024-05-29 00:00:00+00:00,1.07,1.0886,0.9,1.08,31713,2.324974260227189,,,2.32080647139014,2.2874104046079746,2.1703448074587377,1.6029248691932563,,,1.6879185393828149,"rgba(255, 26, 202, 1.0)",0.10397232838079014,1.6879185393828149,-5.9431057186652465,2,1.0305757187829028,2.0611514375658055,0.0,0.0,0.0,0.0,62.456590892874914,6.93716419909029,True,False,True,False,True,0.0
2024-05-30 00:00:00+00:00,1.06,1.08,1.01,1.06,20749,2.3241916891348353,,,2.3204615227399166,2.2866344902302287,2.1695678992510463,1.602310922575124,,,1.6878673100100374,"rgba(255, 26, 202, 1.0)",0.10419708718112483,1.6878673100100374,-6.025766429714311,1,1.7360960863189343,1.7360960863189343,0.0,0.0,0.0,0.0,62.823230779523016,7.46222970487964,True,False,True,False,True,0.0
2024-05-31 00:00:00+00:00,1.05,1.07,0.9956,1.07,24967,2.3232428414263127,,,2.320042954671576,2.2856934862655827,2.168624922821558,1.6015586735738003,,,1.687733174908344,"rgba(255, 26, 202, 1.0)",0.10255268643945804,1.687733174908344,-6.218590629362299,1,1.7711673349233754,1.7711673349233754,0.0,0.0,0.0,0.0,62.3869146221157,7.46222970487964,True,False,True,False,True,0.0
2024-06-03 00:00:00+00:00,0.99,1.07,0.9723,0.99,14173,2.322693204529026,,,2.319800322360682,2.2851480594135056,2.1680771880815852,1.6011115217358887,,,1.6875748836854771,"rgba(255, 26, 202, 1.0)",0.10076198974330969,1.6875748836854771,-6.922996315004728,1,1.8152141471599428,1.8152141471599428,0.0,0.0,0.0,0.0,58.50835791861076,7.46222970487964,True,False,True,False,False,0.0
2024-06-04 00:00:00+00:00,1.03,1.06,1.0,1.03,17128,2.3220393140007465,,,2.3195115288511547,2.284499474848834,2.1674269337330636,1.6005896195174893,,,1.6874405348548311,"rgba(255, 26, 202, 1.0)",0.10010579195249503,1.6874405348548311,-6.567457507022351,1,1.864433283278131,1.864433283278131,0.0,0.0,0.0,0.0,57.78948837995388,7.46222970487964,True,False,True,False,False,0.0
2024-06-05 00:00:00+00:00,1.08,1.11,1.05,1.07,47983,2.320281751904316,,,2.3187345236388555,2.2827583465567667,2.1656891417696524,1.5992602856415559,,,1.6874691049208657,"rgba(255, 26, 202, 1.0)",0.10031230886588019,1.6874691049208657,-6.055778316627777,1,1.9190275906837984,1.9190275906837984,0.0,0.0,0.0,0.0,59.277611495501645,7.46222970487964,True,False,True,False,False,0.0
2024-06-06 00:00:00+00:00,1.1,1.11,1.0421,1.11,11121,2.319876434627433,,,2.318555162406811,2.282356875083089,2.1652886603218917,1.5989555406101368,,,1.6874737975178988,"rgba(255, 26, 202, 1.0)",0.10064381711072129,1.6874737975178988,-5.837157357332752,1,1.979616816452393,1.979616816452393,0.0,0.0,0.0,0.0,60.97624652982206,7.46222970487964,True,False,True,False,True,0.0
2024-06-07 00:00:00+00:00,1.11,1.12,1.08,1.12,23892,2.3190201468629392,,,2.3181760260585933,2.2815091522228044,2.1644446205429992,1.5983265473809307,,,1.6286454432738076,"rgba(255, 26, 202, 1.0)",0.10103819005972048,1.6286454432738076,-5.133162450428423,1,2.0374029884243683,2.0374029884243683,0.0,0.0,0.0,748.0,62.464462818729935,7.51497768936251,True,False,True,False,True,0.0
2024-06-10 00:00:00+00:00,1.1,1.11,1.0754,1.11,13235,2.3185431279143662,,,2.317964687925804,2.2810368149674867,2.1639740322821486,1.5979730418456155,,,1.628540250545015,"rgba(255, 26, 202, 1.0)",0.10102259346841526,1.628540250545015,-5.231901423222353,1,2.1020190071420397,2.1020190071420397,0.0,0.0,0.0,0.0,62.76064692250174,7.954506401136925,True,False,True,False,True,0.0
2024-06-11 00:00:00+00:00,1.02,1.12,1.0,1.12,35177,2.3172269200129674,,,2.317381082852001,2.2797319942170295,2.162668652870407,1.5969455482067696,,,1.5660634184629756,"rgba(255, 26, 202, 1.0)",0.09971484240818951,1.5660634184629756,-5.476250127615182,1,2.176239496591304,2.176239496591304,0.0,0.0,0.0,0.0,58.32879073795014,7.954506401136925,True,False,True,False,False,0.0
2024-06-12 00:00:00+00:00,1.04,1.0825,1.02,1.08,17882,2.316559316248105,,,2.3170848107916995,2.2790702016142323,2.1620067350308063,1.59642548418198,,,1.5657316981167522,"rgba(255, 26, 202, 1.0)",0.09913651598626735,1.5657316981167522,-5.3031084750807445,1,2.2541191186629677,2.2541191186629677,0.0,0.0,0.0,0.0,56.3319678476919,11.398127337661833,True,False,True,False,False,0.0
2024-06-13 00:00:00+00:00,1.03,1.09,1.0,1.09,19020,2.3158458046092854,,,2.316767975138153,2.2783627907196022,2.1612988229539227,1.5958658598651958,,,1.5652720722242197,"rgba(255, 26, 202, 1.0)",0.097997691819223,1.5652720722242197,-5.462088568490365,1,2.331319037132153,2.331319037132153,0.0,0.0,0.0,0.0,54.47173606423848,9.638123210005517,True,False,True,False,False,0.0
2024-06-14 00:00:00+00:00,1.03,1.03,0.98,1.03,9179,2.3154945599906873,,,2.316611934962962,2.27801433974414,2.160949388816595,1.5955832522509499,,,1.5647975635933382,"rgba(255, 26, 202, 1.0)",0.09713070821100327,1.5647975635933382,-5.505957626001893,1,2.41681559386428,2.41681559386428,0.0,0.0,0.0,0.0,53.2315815419362,8.427406682593997,True,False,False,False,False,0.0
2024-06-17 00:00:00+00:00,1.0,1.04,0.98,1.01,27743,2.314428664673929,,,2.3161381281950373,2.2769567870438805,2.159888408391059,1.5947209903871802,,,1.5635128111796956,"rgba(255, 26, 202, 1.0)",0.09563005300412118,1.5635128111796956,-5.892633052868966,1,2.5322625284484968,2.5322625284484968,0.0,0.0,0.0,0.0,50.727353269060714,6.007978675002889,False,False,False,False,False,0.0
2024-06-18 00:00:00+00:00,0.9839,1.01,0.9402,1.01,27626,2.313345786757594,,,2.3156563507895958,2.2758817430409017,2.15880765486277,1.5938231843828277,,,1.5619203595721456,"rgba(255, 26, 202, 1.0)",0.09409988172103802,1.5619203595721456,-6.14262578231187,1,2.688557184793463,2.688557184793463,0.0,0.0,0.0,0.0,48.2151303573963,3.617312706704041,False,False,False,True,False,0.0
2024-06-20 00:00:00+00:00,0.9799,1.0,0.94,1.0,13932,2.3127984152217516,,,2.3154126590924204,2.275338290158348,2.158261190276727,1.5933679322601273,,,1.5612066494771386,"rgba(255, 26, 202, 1.0)",0.09218549379788647,1.5612066494771386,-6.305836477392348,1,2.918929843323534,2.918929843323534,0.0,0.0,0.0,0.0,46.32597711275733,1.8199428223080858,False,False,False,True,False,0.0
2024-06-21 00:00:00+00:00,0.9634,1.0,0.9,1.0,15344,2.3121876163652226,,,2.315140606980257,2.274731633269927,2.1576503682013826,1.592852107642517,,,1.560297154242895,"rgba(255, 26, 202, 1.0)",0.09067420783938883,1.560297154242895,-6.582876966514871,1,3.329950857304921,3.329950857304921,0.0,0.0,0.0,0.0,44.16908830690292,-0.24607696371055,False,True,False,True,False,0.0
2024-06-24 00:00:00+00:00,0.9179,0.97,0.88,0.97,10850,2.3117459229148416,,,2.314943800929054,2.274292657129378,2.157207401929153,1.5924696985707005,,,1.5594767414015327,"rgba(255, 26, 202, 1.0)",0.09013003687117728,1.5594767414015327,-7.118345489179565,1,3.964657924128349,3.964657924128349,0.0,0.0,0.0,0.0,40.59179151526692,-3.6172965014183376,False,True,False,True,False,0.0
2024-06-25 00:00:00+00:00,0.9339,0.947,0.84,0.922,8951,2.311377640081794,,,2.3147796558898235,2.2739265314154378,2.1568375697565494,1.5921471772589753,,,1.558752328305935,"rgba(255, 26, 202, 1.0)",0.08996220131932962,1.558752328305935,-6.945720748739358,1,5.3605514880999205,5.3605514880999205,0.0,0.0,0.0,0.0,39.50796331724543,-4.628555145024407,False,True,False,True,False,0.0
2024-06-26 00:00:00+00:00,0.9179,0.95,0.8436,0.95,23770,2.3103983962597208,,,2.314342973334029,2.2729529838145512,2.1558540565731343,1.5912882608665648,,,1.556967375033702,"rgba(255, 26, 202, 1.0)",0.09025859764943737,1.556967375033702,-7.080404434332419,1,12.794486801399335,12.794486801399335,0.0,0.0,0.0,0.0,38.03121904826037,-6.094716354853617,False,True,False,True,False,0.0
2024-06-27 00:00:00+00:00,0.925,0.925,0.88155,0.9139,23248,2.309446518633689,,,2.3139181643406186,2.2720067946017077,2.1548987608906685,1.5904584244000417,,,1.5555146458980662,"rgba(255, 26, 202, 1.0)",0.08968898854296031,1.5555146458980662,-7.0300117789382215,0,,,0.0,0.0,0.0,0.0,37.66840725918236,-6.58311294256373,False,True,False,True,False,0.0
2024-06-28 00:00:00+00:00,0.949,0.95,0.93,0.94,10208,2.3090386617197987,,,2.3137360310982396,2.271601648530107,2.1544906990951933,1.5901120660583072,,,1.5551023725215598,"rgba(255, 26, 202, 1.0)",0.08952854280938005,1.5551023725215598,-6.769934520346705,0,,,0.0,0.0,0.0,0.0,39.45505864027326,-6.58311294256373,False,True,False,True,False,0.0
2024-07-01 00:00:00+00:00,0.9599,0.96,0.87,0.95,30350,2.3078159194403014,,,2.31318965974366,2.2703867405405855,2.153266053606985,1.5890637766277909,,,1.553756728334755,"rgba(255, 26, 202, 1.0)",0.08945459006399253,1.553756728334755,-6.6386389777196655,0,,,0.0,0.0,0.0,0.0,41.51965849117627,-6.58311294256373,False,True,False,True,True,0.0
2024-07-02 00:00:00+00:00,0.9999,1.01,0.92,0.95,23131,2.3069169851291886,,,2.312787575996463,2.269494469889019,2.152369886895873,1.5883234748363695,,,1.5533184883240985,"rgba(255, 26, 202, 1.0)",0.08917242412145775,1.5533184883240985,-6.206161756579725,0,,,0.0,0.0,0.0,0.0,45.733149090173484,-10.023216491771073,False,False,False,True,True,0.0
2024-07-03 00:00:00+00:00,0.9625,1.01,0.9625,1.01,1250,2.3068685033008296,,,2.3127658819041637,2.2694463499613464,2.1523215668614575,1.58828363091436,,,1.4904895012648995,"rgba(255, 26, 202, 1.0)",0.08919061679682479,1.4904895012648995,-5.9197875317720206,0,,,0.0,0.0,0.0,0.0,46.03780133975897,-9.694369459005102,False,False,False,True,True,0.0
2024-07-05 00:00:00+00:00,0.99,1.0,0.96,1.0,10050,2.306480304471597,,,2.3125921404740484,2.269061093802594,2.151934872251388,1.5879660992845517,,,1.4905727305061645,"rgba(255, 26, 202, 1.0)",0.08887812324337593,1.4905727305061645,-5.632125344674985,0,,,0.0,0.0,0.0,0.0,48.03498826170862,-7.687585881154696,False,False,False,False,True,0.0
2024-07-08 00:00:00+00:00,0.9679,1.01,0.7935,1.0,33339,2.305136287777049,,,2.3119903121806282,2.2677256297569897,2.150588657830956,1.586811649719236,,,1.4218417859499284,"rgba(255, 26, 202, 1.0)",0.08860659034273712,1.4218417859499284,-5.123115382208554,0,,,0.0,0.0,0.0,0.0,47.94645072179962,-7.617876812156602,False,False,False,False,True,0.0
2024-07-09 00:00:00+00:00,0.929,0.96,0.911,0.96,10872,2.3047015835614335,,,2.3117955130201975,2.2672937871913708,2.150153695629088,1.5864414464807102,,,1.421565359447315,"rgba(255, 26, 202, 1.0)",0.08858447615767456,1.421565359447315,-5.560402689186544,0,,,0.0,0.0,0.0,0.0,45.70855733155061,-7.617876812156602,False,False,False,True,True,0.0
2024-07-10 00:00:00+00:00,0.935,0.94,0.9,0.94,16145,2.3040526330703073,,,2.311504588200465,2.2666490103333894,2.149503927173852,1.5858854605072004,,,1.4208607153497748,"rgba(255, 26, 202, 1.0)",0.088501220900134,1.4208607153497748,-5.489875850391111,0,,,0.0,0.0,0.0,0.0,44.661099412775314,-7.617876812156602,False,True,False,True,False,0.0
2024-07-11 00:00:00+00:00,0.948,0.96,0.8999,0.96,10346,2.3036403995211217,,,2.3113196966947096,2.266239526258061,2.1490916322249185,1.585535570063403,,,1.4206461130221257,"rgba(255, 26, 202, 1.0)",0.0881335884264475,1.4206461130221257,-5.362837499991004,0,,,0.0,0.0,0.0,0.0,44.94496774457381,-7.617876812156602,False,True,False,True,False,0.0
2024-07-12 00:00:00+00:00,0.92,0.98,0.87,0.98,12983,2.3031186716300796,,,2.3110856195958864,2.2657211522609884,2.148569263453429,1.5850885027574635,,,1.4201081829457198,"rgba(255, 26, 202, 1.0)",0.08712218883442295,1.4201081829457198,-5.740307832441894,0,,,0.0,0.0,0.0,0.0,43.4900589837672,-7.617876812156602,False,True,False,True,False,0.0
2024-07-15 00:00:00+00:00,0.894,0.94,0.888,0.94,11511,2.3026510662993367,,,2.3108757559238615,2.2652564115718454,2.1481004493855287,1.5846830565688341,,,1.419409992586511,"rgba(255, 26, 202, 1.0)",0.08697421332611911,1.419409992586511,-6.040985856536925,0,,,0.0,0.0,0.0,0.0,41.171974729630804,-3.897084591804429,False,True,False,True,False,0.0
2024-07-16 00:00:00+00:00,0.92,0.92,0.8702,0.91,21075,2.3017933479517954,,,2.310490611702925,2.264403898949468,2.1472403166918546,1.583937694825044,,,1.4181843323167582,"rgba(255, 26, 202, 1.0)",0.08665620161992327,1.4181843323167582,-5.748974949326879,0,,,0.0,0.0,0.0,0.0,41.71667346761026,-3.897084591804429,False,True,False,True,False,0.0
2024-07-17 00:00:00+00:00,0.8871,0.92,0.8575,0.92,25181,2.300758775354923,,,2.310025738808296,2.2633753310628633,2.1462016237020234,1.5830294078399423,,,1.416520012744165,"rgba(255, 26, 202, 1.0)",0.08662525151636734,1.416520012744165,-6.111612993633089,0,,,0.0,0.0,0.0,0.0,40.3547760407517,-4.961278851358173,False,True,False,True,False,0.0
2024-07-18 00:00:00+00:00,1.0,1.0,0.85,0.91,52951,2.298683156509893,,,2.3090916335572507,2.2613144249428334,2.144130050024184,1.5812963540924863,,,1.416370450151686,"rgba(255, 26, 202, 1.0)",0.08602267416526983,1.416370450151686,-4.840240717833769,0,,,0.0,0.0,0.0,0.0,45.961380870118106,-8.98127887224333,False,True,False,True,True,0.0
2024-07-19 00:00:00+00:00,1.0,1.03,0.9321,0.97,28976,2.297581422996236,,,2.3085950517005753,2.260221444281514,2.143034850062212,1.580407895280257,,,1.4169438030354988,"rgba(255, 26, 202, 1.0)",0.08524921516800263,1.4169438030354988,-4.89088142587375,0,,,0.0,0.0,0.0,0.0,49.69911742302905,-5.59738720205889,False,False,False,False,True,0.0
2024-07-22 00:00:00+00:00,0.909,0.97,0.815,0.902,34467,2.2961840947230185,,,2.3079649319149476,2.258832673284611,2.1416342742528394,1.5791957929848035,,,1.4152756783578657,"rgba(255, 26, 202, 1.0)",0.08474520591986355,1.4152756783578657,-5.974092255278821,0,,,0.0,0.0,0.0,0.0,47.729895191571664,-5.59738720205889,False,False,False,False,True,0.0
2024-07-23 00:00:00+00:00,0.95,0.95,0.9146,0.95,10246,2.295781176460746,,,2.3077830623598556,2.2584325588386736,2.1412319713655474,1.578857516332548,,,1.4150864947033237,"rgba(255, 26, 202, 1.0)",0.08475287387141006,1.4150864947033237,-5.487560167092019,0,,,0.0,0.0,0.0,0.0,48.36469797016176,-5.59738720205889,False,False,False,False,True,0.0
2024-07-24 00:00:00+00:00,1.0,1.0,0.906378,0.96,34453,2.2944585748438886,,,2.307185517848214,2.257120053358548,2.1399155166619805,1.5777768402404155,,,1.4150902142624153,"rgba(255, 26, 202, 1.0)",0.08468455111193961,1.4150902142624153,-4.90160494224893,0,,,0.0,0.0,0.0,0.0,50.84247393972319,-4.903641928542932,False,False,False,False,True,0.0
2024-07-25 00:00:00+00:00,0.9365,1.04,0.9361,1.01,29983,2.29331151125186,,,2.306666738949183,2.255981842408085,2.138774289538454,1.5768426764862165,,,1.3529187392822806,"rgba(255, 26, 202, 1.0)",0.08378418858287161,1.3529187392822806,-4.9701351331987595,0,,,0.0,0.0,0.0,0.0,49.778769159649435,-4.903641928542932,False,False,False,False,True,0.0
2024-07-26 00:00:00+00:00,0.95,0.998,0.85,0.97,55484,2.2911329241611655,,,2.305680369169406,2.2538184185659347,2.1365994143840297,1.5750130579067323,,,1.3504622163700102,"rgba(255, 26, 202, 1.0)",0.08297456977570408,1.3504622163700102,-4.826324709516846,0,,,0.0,0.0,0.0,0.0,49.6457579764077,-4.903641928542932,False,False,False,False,True,0.0
2024-07-29 00:00:00+00:00,0.997,1.0,0.9053,0.98,20671,2.2903437836905445,,,2.30532254730126,2.2530353882070835,2.135814492317466,1.5743708233010134,,,1.3505911574478944,"rgba(255, 26, 202, 1.0)",0.08225252236174037,1.3505911574478944,-4.29884880481631,0,,,0.0,0.0,0.0,0.0,51.45110190878918,-4.043790872146985,False,False,False,False,True,0.0
2024-07-30 00:00:00+00:00,1.0,1.0,0.9035,1.0,18824,2.289626189838066,,,2.30499696141479,2.252323373814105,2.135100865496802,1.5737875384981355,,,1.3506407929452182,"rgba(255, 26, 202, 1.0)",0.08094708199507418,1.3506407929452182,-4.331728634350965,0,,,0.0,0.0,0.0,0.0,52.77179831558601,-2.606148643866625,True,False,True,False,True,0.0
2024-07-31 00:00:00+00:00,0.9334,1.02,0.92,1.0,14909,2.289054082984561,,,2.304737269007181,2.2517556026427163,2.1345314237818167,1.5733187241650122,,,1.3505212752050357,"rgba(255, 26, 202, 1.0)",0.08024987208490371,1.3505212752050357,-5.197781184793975,0,,,0.0,0.0,0.0,0.0,50.69064140013192,-2.606148643866625,False,False,False,False,True,0.0
2024-08-01 00:00:00+00:00,1.02,1.02,0.9335,0.96,14481,2.2885127861399632,,,2.30449137365981,2.2512188156307595,2.133994524686095,1.5728886983718304,,,1.350778046261341,"rgba(255, 26, 202, 1.0)",0.08039407415246844,1.350778046261341,-4.114458058612827,0,,,0.0,0.0,0.0,0.0,52.62830982727813,-2.606148643866625,True,False,True,False,True,0.0
2024-08-02 00:00:00+00:00,1.01,1.04,0.97,1.02,16455,2.2879055914972444,,,2.3042153667904373,2.2506169066137747,2.1333933152750353,1.5724138228524778,,,1.3512088379414835,"rgba(255, 26, 202, 1.0)",0.07971994192681392,1.3512088379414835,-4.280093909936949,0,,,0.0,0.0,0.0,0.0,53.484113388226135,-1.7168004401291768,True,False,True,False,True,0.0
2024-08-05 00:00:00+00:00,1.02,1.02,0.947,1.01,18947,2.2872011570012947,,,2.3038950129188462,2.249918440979551,2.1326950998733545,1.5718574039713,,,1.3514814909127424,"rgba(255, 26, 202, 1.0)",0.07960072946779807,1.3514814909127424,-4.164302175733715,0,,,0.0,0.0,0.0,0.0,54.425481721982806,-0.6442466735883912,True,False,True,False,True,0.0
2024-08-06 00:00:00+00:00,1.03,1.04,0.97,1.02,9637,2.286848052568917,,,2.303734331306595,2.249568478868986,2.1323458085270754,1.571583469530217,,,1.3517174780913541,"rgba(255, 26, 202, 1.0)",0.0800740507950265,1.3517174780913541,-4.017749506826953,0,,,0.0,0.0,0.0,0.0,55.440271904857894,0.5179044444686056,True,False,True,False,True,0.0
2024-08-07 00:00:00+00:00,1.03,1.04,1.0,1.04,13921,2.286342328272178,,,2.3035040896550694,2.249067381826281,2.131846134650717,1.5711953151579696,,,1.352120664178976,"rgba(255, 26, 202, 1.0)",0.07916156924037272,1.352120664178976,-4.069154607090496,0,,,0.0,0.0,0.0,0.0,56.1167986934413,1.3771204128905339,True,False,True,False,True,0.0
2024-08-08 00:00:00+00:00,1.0442,1.05,0.98,1.03,21409,2.285566229504839,,,2.3031505513726134,2.24829842650341,2.1310795374804234,1.5706009695889276,,,1.352688638453793,"rgba(255, 26, 202, 1.0)",0.07846098246901893,1.352688638453793,-3.931745802132961,0,,,0.0,0.0,0.0,0.0,57.1871425592596,2.6167941725715806,True,False,True,False,True,0.0
2024-08-09 00:00:00+00:00,1.04,1.04,0.99,1.04,21267,2.284795368192043,,,2.3027991671206087,2.247534654257367,2.1303181129959654,1.5700103338418225,,,1.3531622096527394,"rgba(255, 26, 202, 1.0)",0.07667179164325978,1.3531622096527394,-4.084451438278989,0,,,0.0,0.0,0.0,0.0,57.62356132323957,3.26138903214369,True,False,True,False,True,0.0
2024-08-12 00:00:00+00:00,1.03,1.05,1.02,1.03,9416,2.284457071899015,,,2.3026448682345833,2.2471995567436034,2.129984367634257,1.5697540119544673,,,1.3534083063930133,"rgba(255, 26, 202, 1.0)",0.07540680324831274,1.3534083063930133,-4.288847855385645,0,,,0.0,0.0,0.0,0.0,57.22416477000459,3.26138903214369,True,False,True,False,True,0.0
2024-08-13 00:00:00+00:00,1.06,1.06,0.9901,1.03,22660,2.28364588557149,,,2.302274679663267,2.2463961226648936,2.1291844903330084,1.5691420301711976,,,1.3539936629910598,"rgba(255, 26, 202, 1.0)",0.0725538917037186,1.3539936629910598,-4.05207296379929,0,,,0.0,0.0,0.0,0.0,58.47737791166348,4.5193678770891665,True,False,True,False,True,0.0
2024-08-14 00:00:00+00:00,1.04,1.06,1.04,1.06,5359,2.2834557295555675,,,2.302187852400289,2.2462078338062517,2.1289972178350896,1.5690002096601474,,,1.3541521453836218,"rgba(255, 26, 202, 1.0)",0.06967936817640495,1.3541521453836218,-4.508538949266779,0,,,0.0,0.0,0.0,0.0,57.864496588342654,4.5193678770891665,True,False,True,False,True,0.0
2024-08-15 00:00:00+00:00,1.09,1.1,1.04,1.06,36643,2.282188573689329,,,2.301608657378406,2.2449541203727255,2.127753891962902,1.5680881261329649,,,1.3557137721318382,"rgba(255, 26, 202, 1.0)",0.06790706744457757,1.3557137721318382,-3.9129030619486067,0,,,0.0,0.0,0.0,0.0,59.82394134132403,6.109442855642705,True,False,True,False,True,0.0
2024-08-16 00:00:00+00:00,1.08,1.1,1.075,1.1,14166,2.281702791942666,,,2.301386412494495,2.2444736132270227,2.127277820112595,1.5677423883551782,,,1.3563185286354593,"rgba(255, 26, 202, 1.0)",0.06808363438113448,1.3563185286354593,-4.058516134562072,0,,,0.0,0.0,0.0,0.0,60.39103843062576,6.777878489756063,True,False,True,False,True,0.0
2024-08-19 00:00:00+00:00,1.1,1.12,1.08,1.11,11131,2.2813261441819646,,,2.3012139922735004,2.2441012125775157,2.1269094284693453,1.5674795008226536,,,1.3568560357166521,"rgba(255, 26, 202, 1.0)",0.06879685469910606,1.3568560357166521,-3.733543297001769,0,,,0.0,0.0,0.0,0.0,61.68090358643675,8.130994425948366,True,False,True,False,True,0.0
2024-08-20 00:00:00+00:00,1.09,1.13,1.03,1.13,18360,2.2806966502168042,,,2.3009257578060645,2.2434785460902344,2.126292510156244,1.567031090265584,,,1.3018410346790705,"rgba(255, 26, 202, 1.0)",0.06700549504898934,1.3018410346790705,-3.1615471913786823,0,,,0.0,0.0,0.0,0.0,61.734743289542195,8.322880227962287,True,False,True,False,True,0.0
2024-08-21 00:00:00+00:00,1.065,1.09,1.06,1.09,11434,2.280301139871876,,,2.3007446045628672,2.2430872113011286,2.1259043887440483,1.5667455290475099,,,1.3019793439434184,"rgba(255, 26, 202, 1.0)",0.06419144721946579,1.3019793439434184,-3.6917588589832486,0,,,0.0,0.0,0.0,0.0,59.83742078468138,8.322880227962287,True,False,True,False,False,0.0
2024-08-22 00:00:00+00:00,1.07,1.09,1.0106,1.09,15724,2.2797510026811545,,,2.3004925716307634,2.2425426817628042,2.125363625292906,1.5663416399636976,,,1.301964667007355,"rgba(255, 26, 202, 1.0)",0.061929440715225215,1.301964667007355,-3.7456283203656797,0,,,0.0,0.0,0.0,0.0,58.86873405678275,8.322880227962287,True,False,True,False,False,0.0
2024-08-23 00:00:00+00:00,1.0,1.07,0.9792,1.07,26717,2.2787864914576357,,,2.3000506441328823,2.2415870665370385,2.1244113047609985,1.565602456515459,,,1.301031177173521,"rgba(255, 26, 202, 1.0)",0.05926433065986512,1.301031177173521,-5.079466414650403,0,,,0.0,0.0,0.0,0.0,53.71773153627851,7.372885051443561,True,False,True,False,False,0.0
2024-08-26 00:00:00+00:00,1.0,1.054,1.0,1.01,7769,2.278506654010728,,,2.299922353826174,2.2413098265016345,2.124135087098278,1.5653885082667482,,,1.30089674691641,"rgba(255, 26, 202, 1.0)",0.05709562822524751,1.30089674691641,-5.270048798295813,0,,,0.0,0.0,0.0,0.0,50.28372985594235,4.339876274341954,False,False,False,False,False,0.0
2024-08-27 00:00:00+00:00,1.0,1.0,0.98,1.0,9793,2.2781471902382164,,,2.2997575666077745,2.240953495108886,2.1237793449687166,1.5651069177216006,,,1.3005218435711758,"rgba(255, 26, 202, 1.0)",0.056925982496188805,1.3005218435711758,-5.279168323380203,0,,,0.0,0.0,0.0,0.0,47.99439540238491,2.4071162519827496,False,False,False,True,False,0.0
2024-08-28 00:00:00+00:00,0.9954,1.01,0.87,0.942,16290,2.277533476918212,,,2.2994762329295724,2.2403446599810453,2.123169850989585,1.564610598332767,,,1.2378711979852084,"rgba(255, 26, 202, 1.0)",0.05672696768013794,1.2378711979852084,-4.274355000824518,0,,,0.0,0.0,0.0,0.0,46.173782506827436,0.8632666513427907,False,True,False,True,False,0.0
2024-08-29 00:00:00+00:00,0.975,1.05,0.915,1.04,7562,2.2772534258993242,,,2.2993477712420876,2.2400669726887936,2.122892360650999,1.5643886523025452,,,1.2379615283315055,"rgba(255, 26, 202, 1.0)",0.056380735456819625,1.2379615283315055,-4.6640315384480955,0,,,0.0,0.0,0.0,0.0,43.68015224035753,-1.3606278087984478,False,True,False,True,False,0.0
2024-08-30 00:00:00+00:00,0.979,1.0,0.92,1.0,38165,2.2758269955189907,,,2.2986931016720162,2.238652185117853,2.121477212918914,1.5632449333715501,,,1.2365964953917707,"rgba(255, 26, 202, 1.0)",0.056138144577442345,1.2365964953917707,-4.588617905538674,0,,,0.0,0.0,0.0,0.0,42.408041398930884,-2.477168991012519,False,True,False,True,False,0.0
2024-09-03 00:00:00+00:00,0.96,1.0,0.93,0.98,12675,2.2753528655996593,,,2.29847533196832,2.238181907920706,2.1210067745362218,1.562864155090754,,,1.2361672612262815,"rgba(255, 26, 202, 1.0)",0.05624109953226226,1.2361672612262815,-4.910417177527982,0,,,0.0,0.0,0.0,0.0,40.35423253931641,-4.3938701159297295,False,True,False,True,False,0.0
2024-09-04 00:00:00+00:00,1.015,1.03,0.97,0.97,3304,2.275233253339886,,,2.298420348651803,2.2380633821977063,2.1208886192515704,1.5627718695657635,,,1.2362471407870612,"rgba(255, 26, 202, 1.0)",0.05594701905787906,1.2362471407870612,-3.9545831844619594,0,,,0.0,0.0,0.0,0.0,43.74876486488144,-4.3938701159297295,False,True,False,True,True,0.0
2024-09-05 00:00:00+00:00,1.03,1.04,0.94,1.04,13877,2.2747304616401567,,,2.2981891689231113,2.237565143158332,2.1203918922024876,1.562383440773171,,,1.2364878965215627,"rgba(255, 26, 202, 1.0)",0.055582707629339305,1.2364878965215627,-3.714966494589553,0,,,0.0,0.0,0.0,0.0,47.05068516635387,-8.717495101324552,False,False,False,True,True,0.0
2024-09-06 00:00:00+00:00,1.015,1.03,1.0,1.03,3161,2.2746170382579183,,,2.2981369950911885,2.237452779276092,2.1202799870696913,1.5622968820348653,,,1.2365757246636755,"rgba(255, 26, 202, 1.0)",0.0546999884712963,1.2365757246636755,-4.050745363135625,0,,,0.0,0.0,0.0,0.0,48.09266947036767,-7.79939167759229,False,False,False,False,True,0.0
2024-09-09 00:00:00+00:00,0.9033,1.03,0.9033,1.03,16049,2.2740097396446917,,,2.2978578265707656,2.2368502043822853,2.1196764856960026,1.5618021011624976,,,1.2357343151471816,"rgba(255, 26, 202, 1.0)",0.05587743850029776,1.2357343151471816,-5.949347788113267,0,,,0.0,0.0,0.0,0.0,42.98663691355715,-7.79939167759229,False,True,False,True,False,0.0
2024-09-10 00:00:00+00:00,0.8977,0.9208,0.88425,0.9208,7322,2.2737235584092255,,,2.2977262995887715,2.2365659875512853,2.119390902832034,1.5615603084482546,,,1.2350402344455853,"rgba(255, 26, 202, 1.0)",0.057121655129258334,1.2350402344455853,-5.905645305309018,0,,,0.0,0.0,0.0,0.0,39.3775865182582,-4.013495271176666,False,True,False,True,False,0.0
2024-09-11 00:00:00+00:00,0.87,0.9065,0.87,0.8977,6660,2.2734598012086495,,,2.297605080162669,2.2363039448071684,2.119127260960361,1.5613342927988425,,,1.2343167348700088,"rgba(255, 26, 202, 1.0)",0.059049117835395126,1.2343167348700088,-6.16972358309527,0,,,0.0,0.0,0.0,0.0,35.97833442171181,-7.056811361586028,False,True,False,True,False,0.0
2024-09-12 00:00:00+00:00,0.8701,0.93,0.87,0.87,13808,2.272916369023281,,,2.297355221710272,2.2357641357666567,2.118584491051974,1.5608716014162822,,,1.2330338055446588,"rgba(255, 26, 202, 1.0)",0.06064806980599186,1.2330338055446588,-5.984259791047826,0,,,0.0,0.0,0.0,0.0,33.72084887794479,-9.0724635006857,False,True,False,True,False,0.0
2024-09-13 00:00:00+00:00,0.92,0.92,0.8695,0.88,8981,2.2725664935792262,,,2.2971942725197203,2.235416689665468,2.1182354910052688,1.5605768848753792,,,1.2323713390396862,"rgba(255, 26, 202, 1.0)",0.06063461007345601,1.2323713390396862,-5.151700302207977,0,,,0.0,0.0,0.0,0.0,36.17970197176115,-9.0724635006857,False,True,False,True,False,0.0
2024-09-16 00:00:00+00:00,0.87,0.9,0.87,0.9,24395,2.2716009695277566,,,2.2967500131102505,2.234457443771381,2.117270461360307,1.5597495173991043,,,1.230250447877507,"rgba(255, 26, 202, 1.0)",0.0616190058724257,1.230250447877507,-5.846417720911623,0,,,0.0,0.0,0.0,0.0,35.678877935179145,-9.0724635006857,False,True,False,True,False,0.0
2024-09-17 00:00:00+00:00,0.9099,0.94,0.85,0.85,4408,2.271429150265265,,,2.296670899271258,2.2342868127750686,2.1170990593184857,1.5596046176453005,,,1.2299700793796595,"rgba(255, 26, 202, 1.0)",0.06178272034602155,1.2299700793796595,-5.180576018457402,0,,,0.0,0.0,0.0,0.0,37.97079718730053,-9.0724635006857,False,True,False,True,True,0.0
2024-09-18 00:00:00+00:00,0.91,0.9128,0.8911,0.9128,1539,2.271369375869561,,,2.296643372022216,2.234227457616277,2.117039457134936,1.5595544004307857,,,1.2298795305940815,"rgba(255, 26, 202, 1.0)",0.062027088183227365,1.2298795305940815,-5.157094101357147,0,,,0.0,0.0,0.0,0.0,39.50510732046355,-9.0724635006857,False,True,False,True,True,0.0
2024-09-19 00:00:00+00:00,0.88,0.88005,0.88,0.88005,2460,2.2712721202017545,,,2.2965985955327746,2.23413083656315,2.1169422646324603,1.559471130691849,,,1.2296857611985135,"rgba(255, 26, 202, 1.0)",0.06324524005180629,1.2296857611985135,-5.52904472988124,0,,,0.0,0.0,0.0,0.0,39.125384793397124,-9.0724635006857,False,True,False,True,True,0.0
2024-09-20 00:00:00+00:00,0.8259,0.8889,0.8016,0.8889,11598,2.2708001997942717,,,2.29638138772727,2.2336616294130005,2.116468981080292,1.5590550209175762,,,1.2284180423607185,"rgba(255, 26, 202, 1.0)",0.06565395995428688,1.2284180423607185,-6.1309027306346975,0,,,0.0,0.0,0.0,0.0,36.77593463918332,-9.0724635006857,False,True,False,True,True,0.0
2024-09-23 00:00:00+00:00,0.8309,0.855,0.8282,0.8411,31252,2.2695294283158014,,,2.295796113407177,2.23239817794232,2.115194648805305,1.5579349676869478,,,1.225301162288167,"rgba(255, 26, 202, 1.0)",0.06696190593814019,1.225301162288167,-5.88993333989802,0,,,0.0,0.0,0.0,0.0,35.58075280556967,-9.0724635006857,False,True,False,True,True,0.0
2024-09-24 00:00:00+00:00,0.8203,0.84,0.8158,0.8399,2338,2.2694336105705335,,,2.2957519669225976,2.2323028917654777,2.1150984720964057,1.5578498431660603,,,1.22506207109297,"rgba(255, 26, 202, 1.0)",0.06794468107591661,1.22506207109297,-5.9572296857309155,0,,,0.0,0.0,0.0,0.0,34.37663606202304,-9.266002213542563,False,True,False,True,False,0.0
2024-09-25 00:00:00+00:00,0.892,0.9,0.8211,0.85,4606,2.2692508493835817,,,2.2956677043373364,2.232121301861014,2.1149157475586393,1.5576926523012002,,,1.2247501488737291,"rgba(255, 26, 202, 1.0)",0.06678010582018347,1.2247501488737291,-4.982773608800714,0,,,0.0,0.0,0.0,0.0,38.45029367300609,-9.266002213542563,False,True,False,True,True,0.0
2024-09-26 00:00:00+00:00,0.803,0.902,0.8,0.902,27258,2.2681424101990837,,,2.295156640470465,2.231019232261859,2.1138042004861646,1.5567151395160048,,,1.1583856709589497,"rgba(255, 26, 202, 1.0)",0.06793825530108168,1.1583856709589497,-5.231009677596054,0,,,0.0,0.0,0.0,745.0,37.640636091011686,-9.266002213542563,False,True,False,True,True,0.0
2024-09-27 00:00:00+00:00,0.919,0.919,0.828,0.857,35916,2.2667391029253547,,,2.294508522304197,2.2296254840472747,2.112403876209497,1.5555266443042446,,,1.158321294583723,"rgba(255, 26, 202, 1.0)",0.06791382173021643,1.158321294583723,-3.523896733928659,0,,,0.0,0.0,0.0,0.0,42.33679904862372,-14.06959104343769,False,True,False,True,True,0.0
2024-09-30 00:00:00+00:00,0.95,0.95,0.870001,0.9073,16512,2.2661111104178016,,,2.2942180999002595,2.229002233895523,2.1117793727685457,1.5550099950816532,,,1.1585845414692852,"rgba(255, 26, 202, 1.0)",0.06741071887942948,1.1585845414692852,-3.0942340467004765,0,,,0.0,0.0,0.0,0.0,46.55069172678077,-10.129758118557817,False,False,False,False,True,0.0
2024-10-01 00:00:00+00:00,0.98,0.99,0.907963,0.95,14069,2.2655908224237202,,,2.293977236814881,2.228486288285225,2.111263880884825,1.5545954927898133,,,1.1592193762112009,"rgba(255, 26, 202, 1.0)",0.06701945106939686,1.1592193762112009,-2.6741397214015374,0,,,0.0,0.0,0.0,0.0,50.36342866462104,-6.639500480720642,True,False,False,False,True,0.0
2024-10-02 00:00:00+00:00,0.98,0.98,0.915,0.92,21634,2.2647909754708078,,,2.2936067555453907,2.227693115962774,2.110471425691762,1.5539581783478675,,,1.1598600752419561,"rgba(255, 26, 202, 1.0)",0.06661912430034027,1.1598600752419561,-2.699826470715669,0,,,0.0,0.0,0.0,0.0,52.90525328984789,-4.3389127230053575,True,False,True,False,True,0.0
2024-10-03 00:00:00+00:00,1.0,1.0,0.9057,0.98,21037,2.264020223603606,,,2.293249454369985,2.2269289913004227,2.1097087177640828,1.5533503810535891,,,1.1604667753290827,"rgba(255, 26, 202, 1.0)",0.06661912430034027,1.1604667753290827,-2.4087193732185264,0,,,0.0,0.0,0.0,0.0,55.31648943399628,-2.0949116929508875,True,False,True,False,True,0.0
2024-10-04 00:00:00+00:00,1.01,1.03,0.98,1.0,20776,2.2632822938702413,,,2.292906918818655,2.226198077788442,2.1089815875462157,1.5527903894525454,,,1.1064757824863745,"rgba(239, 83, 80, 1.0)",0.06678673620828461,1.1064757824863745,-1.4445350673448096,0,,,0.0,1.0,1.03,721.0,57.287745063890796,-0.1981906079198268,True,False,True,False,True,0.0
2024-10-07 00:00:00+00:00,1.02,1.02,0.96,1.01,18782,2.2626123976244417,,,2.292595811262116,2.225534459700815,2.1083210984926746,1.5522789623060753,,,1.1071005622717631,"rgba(239, 83, 80, 1.0)",0.06706411615534294,1.1071005622717631,-1.2987655286473776,0,,,0.0,0.0,0.0,0.0,58.979724184216415,1.5089728093293289,True,False,True,False,True,0.0
2024-10-08 00:00:00+00:00,0.99,1.0,0.9705,1.0,8712,2.262298670675532,,,2.292450085932997,2.2252235808789123,2.108011362341209,1.552036410875167,,,1.1071846093018125,"rgba(255, 0, 0, 1.0)",0.0671207075096667,1.1071846093018125,-1.7458786364094214,0,,,0.0,0.0,0.0,0.0,58.27865835044449,1.5089728093293289,True,False,True,False,True,0.0
2024-10-09 00:00:00+00:00,0.9799,0.99025,0.9405,0.99,7381,2.2620295337422833,,,2.292325078664039,2.224956787081657,2.107745193635285,1.5518250420272308,,,1.107074435197939,"rgba(255, 0, 0, 1.0)",0.06689779839914219,1.107074435197939,-1.9010257174557428,0,,,0.0,0.0,0.0,0.0,57.2130146948484,1.5089728093293289,True,False,True,False,True,0.0
2024-10-10 00:00:00+00:00,0.936751,0.99,0.93,0.99,5044,2.2618431193804898,,,2.292238504566173,2.22477192210449,2.1075605001587983,1.5516762266200592,,,1.1068789860826391,"rgba(255, 26, 202, 1.0)",0.06687946192344933,1.1068789860826391,-2.54380016210909,0,,,0.0,0.0,0.0,0.0,54.13144172471672,1.5089728093293289,True,False,True,False,False,0.0
2024-10-11 00:00:00+00:00,0.9789,0.979,0.93,0.9368,8382,2.261535912854782,,,2.292095777084175,2.2244673422309544,2.1072564686208977,1.5514333727655594,,,1.106739311980792,"rgba(255, 0, 0, 1.0)",0.0666425647181675,1.106739311980792,-1.9182831951535264,0,,,0.0,0.0,0.0,0.0,54.19051671539029,1.5089728093293289,True,False,True,False,False,0.0
2024-10-14 00:00:00+00:00,0.93001,0.9789,0.93,0.96,9641,2.261178302539173,,,2.2919296334133703,2.2241126639145303,2.1069019841099563,1.5511465488764984,,,1.106404132923896,"rgba(255, 26, 202, 1.0)",0.06660138631402711,1.106404132923896,-2.64850542437951,0,,,0.0,0.0,0.0,0.0,51.79400906365305,1.5089728093293289,True,False,False,False,False,0.0
2024-10-15 00:00:00+00:00,0.8998,0.98,0.8312,0.98,15350,2.26059088167286,,,2.291656812036931,2.2235295368984738,2.1063173174054266,1.5506582884102966,,,1.0681786054951425,"rgba(255, 26, 202, 1.0)",0.0670325578815211,1.0681786054951425,-2.511892889314306,0,,,0.0,0.0,0.0,0.0,48.88349936314061,5.397038976167565,False,False,False,False,False,0.0
2024-10-16 00:00:00+00:00,0.88,0.9163,0.84,0.9163,5067,2.260393530777049,,,2.291565162683489,2.223333531764436,2.106120451693235,1.5504910796837208,,,1.067367606210793,"rgba(255, 26, 202, 1.0)",0.06778412358611481,1.067367606210793,-2.7641812905164453,0,,,0.0,0.0,0.0,0.0,46.12538216760238,2.6498847443189533,False,False,False,True,False,0.0
2024-10-17 00:00:00+00:00,0.8991,0.97,0.86,0.891,8392,2.260074116018516,,,2.291416721436574,2.223016497860581,2.1058027542477817,1.55022707491193,,,1.0670721565410024,"rgba(255, 26, 202, 1.0)",0.06810821710287457,1.0670721565410024,-2.4662539071796226,0,,,0.0,0.0,0.0,0.0,45.41519837637298,1.8252599222343235,False,True,False,True,False,0.0
2024-10-18 00:00:00+00:00,0.9,0.939,0.9,0.9001,3365,2.2599463933263504,,,2.2913573509858938,2.2228897368141918,2.1056757635580907,1.5501218212068864,,,1.0669684439183735,"rgba(255, 26, 202, 1.0)",0.06852025726638236,1.0669684439183735,-2.436774912698586,0,,,0.0,0.0,0.0,0.0,44.99674142291537,1.1841441783081308,False,True,False,True,False,0.0
2024-10-21 00:00:00+00:00,0.918,0.918,0.85,0.9105,9194,2.259592971770481,,,2.2911930837201804,2.222538850314039,2.1053237943864627,1.5498264503201586,,,1.0662852618772565,"rgba(255, 26, 202, 1.0)",0.06865758512583074,1.0662852618772565,-2.1597797476489995,0,,,0.0,0.0,0.0,0.0,45.850748345049986,1.1841441783081308,False,True,False,True,False,0.0
2024-10-22 00:00:00+00:00,0.9159,0.94,0.86,0.94,10624,2.259187790142261,,,2.291004670062187,2.2221366622758647,2.10492068410451,1.5494906627315195,,,1.065796856672312,"rgba(255, 26, 202, 1.0)",0.06887171455903864,1.065796856672312,-2.1764647160601234,0,,,0.0,0.0,0.0,0.0,46.29721073288115,1.1841441783081308,False,False,False,True,False,0.0
2024-10-23 00:00:00+00:00,0.908,0.908,0.879,0.879,4162,2.2590283080533795,,,2.2909305011045804,2.22197833703513,2.10476192097473,1.5493577901989832,,,1.0655563461310635,"rgba(255, 26, 202, 1.0)",0.06905223258679344,1.0655563461310635,-2.281698074468875,0,,,0.0,0.0,0.0,0.0,46.10600220517193,1.1841441783081308,False,False,False,True,False,0.0
2024-10-24 00:00:00+00:00,0.94,0.94,0.885,0.885,6527,2.2587825652405926,,,2.290816151164295,2.221734497435192,2.1045178407885965,1.549156988285093,,,1.0654688806039865,"rgba(255, 0, 0, 1.0)",0.06902799989399055,1.0654688806039865,-1.8176519788589385,0,,,0.0,0.0,0.0,0.0,48.17906824725361,1.1841441783081308,False,False,False,False,True,0.0
2024-10-25 00:00:00+00:00,0.9,0.93,0.85,0.885,45699,2.2570281102801695,,,2.289999503916634,2.219992653369676,2.102770855146213,1.5476913379749084,,,1.062946847332531,"rgba(255, 26, 202, 1.0)",0.06938392124406495,1.062946847332531,-2.3484813831629516,0,,,0.0,0.0,0.0,0.0,47.062084948830126,1.1841441783081308,False,False,False,True,True,0.0
2024-10-28 00:00:00+00:00,0.85,0.8994,0.85,0.8994,13127,2.2565150653782555,,,2.289760590021204,2.2194830387646447,2.102258839470588,1.5472543054723968,,,1.0618996574799797,"rgba(255, 26, 202, 1.0)",0.07041496291895846,1.0618996574799797,-3.009298715726911,0,,,0.0,0.0,0.0,0.0,43.858102697529105,-1.2901983926054612,False,True,False,True,False,0.0
2024-10-29 00:00:00+00:00,0.8549,0.8994,0.85,0.8925,15055,2.2559278247994263,,,2.2894869991935805,2.2188997528155823,2.1016729198812056,1.5467549754476142,,,1.0608271300343444,"rgba(255, 26, 202, 1.0)",0.07105743315458236,1.0608271300343444,-2.898037839142864,0,,,0.0,0.0,0.0,0.0,42.08558830480579,-3.0540214332906075,False,True,False,True,False,0.0
2024-10-30 00:00:00+00:00,0.82,0.8994,0.82,0.8994,10914,2.255495788836228,,,2.2892857099053914,2.2184704521615077,2.1012410670218515,1.5463819247353017,,,1.0598362883001893,"rgba(255, 26, 202, 1.0)",0.07274021847021449,1.0598362883001893,-3.29716205620687,0,,,0.0,0.0,0.0,0.0,39.36012846988713,-5.681334794770194,False,True,False,True,False,0.0
2024-10-31 00:00:00+00:00,0.848,0.882,0.821904,0.882,21469,2.2546492122343174,,,2.2888910596453553,2.2176293184237577,2.1003952519967366,1.545653616015276,,,1.058138722331805,"rgba(255, 26, 202, 1.0)",0.0733986571867924,1.058138722331805,-2.8629777489937265,0,,,0.0,0.0,0.0,0.0,39.65547407907874,-5.681334794770194,False,True,False,True,False,0.0
2024-11-01 00:00:00+00:00,0.8001,0.87,0.755001,0.82,41330,2.252973359013043,0.8083670000000002,,2.288109617735031,2.2159629819560656,2.098715228839425,1.544170826053174,,,1.01315017941249,"rgba(255, 26, 202, 1.0)",0.07546596862541453,1.01315017941249,-2.823129197082106,0,,,0.0,0.0,0.0,0.0,37.80180977428083,-7.29786480354133,False,True,False,True,False,0.0
2024-11-04 00:00:00+00:00,0.87,0.87,0.79,0.792,29416,2.2518117730676717,0.8229059090737758,,2.287567071282856,2.214808792475784,2.097554487129066,1.5431690800446602,,,1.0120565318500763,"rgba(255, 0, 0, 1.0)",0.07592578618598202,1.0120565318500763,-1.870991911787458,0,,,0.0,0.0,0.0,0.0,40.89425493281075,-7.29786480354133,False,True,False,True,True,0.0
2024-11-05 00:00:00+00:00,0.8596,0.89,0.81,0.89,8405,2.251482548554415,0.8261228214846729,,2.28741318350273,2.2144817336643032,2.0972258298705655,1.542887406090794,,,1.0117970863700196,"rgba(255, 0, 0, 1.0)",0.07653281858716823,1.0117970863700196,-1.9886512633357727,0,,,0.0,0.0,0.0,0.0,42.46567471316931,-7.29786480354133,False,True,False,True,True,0.0
2024-11-06 00:00:00+00:00,1.0,1.0,0.8204,0.87,48736,2.2496951017072417,0.8695706801838082,,2.2865755699055246,2.212709302453932,2.0954564758111447,1.5414639550146658,,,1.014966031493074,#000000,0.07672133414956486,1.014966031493074,-0.19507001095547088,0,,,0.0,0.0,0.0,0.0,49.25851325383415,-6.297286633663816,True,False,False,False,True,0.8264766359593274
2024-11-07 00:00:00+00:00,1.0,1.0,0.9051,0.94,32109,2.248545460550947,0.8893976779211147,,2.2860358490607173,2.2115701015770366,2.094322131803358,1.540573663050038,,,1.0171102487969572,#000000,0.07672133414956486,1.0171102487969572,-0.22301813422067895,0,,,0.0,0.0,0.0,0.0,53.787072280944045,-2.320482418325568,True,False,True,False,True,0.8264766359593274
2024-11-08 00:00:00+00:00,0.999,1.0,0.911101,1.0,35111,2.247292327704144,0.9039087421107393,,2.285446919189815,2.2103284445163327,2.0930861765731623,1.5396061217835133,,,1.018954660958221,#000000,0.07686847917818236,1.018954660958221,-0.25959484526766474,0,,,0.0,0.0,0.0,0.0,56.74905907462205,0.18116337601756527,True,False,True,False,True,0.7803209732814835
2024-11-11 00:00:00+00:00,0.9998,1.0,0.91,0.93,88083,2.244159130953275,0.9244449336028816,,2.2839716750114714,2.207224150255995,2.0899971854158634,1.5371928065274214,,,1.0221725121703307,#000000,0.07704146027866651,1.0221725121703307,-0.2903957439203136,0,,,0.0,0.0,0.0,0.0,58.75346616738309,1.8812968420271972,True,False,True,False,True,0.8171823329481818
2024-11-12 00:00:00+00:00,1.0,1.0,0.91,0.9849,109736,2.2402773566420606,0.9371675092689209,,2.282138494311033,2.203378619583966,2.0861727595102413,1.5342150425496834,,,1.0247506148772365,#000000,0.07706409929914362,1.0247506148772365,-0.32116919684171996,0,,,0.0,0.0,0.0,0.0,60.097893677483796,3.093281188968703,True,False,True,False,True,0.8265798801633082
2024-11-13 00:00:00+00:00,0.886,1.0,0.828,1.0,37704,2.238880761791825,0.9343218836286372,,2.281478512194001,2.20199315484411,2.0847881913099258,1.5330814831699107,,,1.0238531633393055,"rgba(255, 0, 0, 1.0)",0.07729826027711988,1.0238531633393055,-1.7833928324530453,0,,,0.0,0.0,0.0,0.0,54.88752236361359,3.093281188968703,True,False,True,False,False,0.0
2024-11-14 00:00:00+00:00,1.05,1.05,0.9,0.9449,89319,2.23581948911583,0.9456043434009875,,2.2800256496068445,2.1989631390205404,2.081785049862113,1.5308172735075858,,,0.9980956645176603,"rgba(38, 166, 154, 0.5)",0.07804785207746197,0.9980956645176603,0.6650322090968633,0,,,1.0,0.0,1.05,748.0,57.26120626825259,3.093281188968703,True,False,True,False,False,2.887492939602769
2024-11-15 00:00:00+00:00,0.9501,1.01,0.9501,1.01,45595,2.234224905441243,0.9475765323540992,,2.2792679570786114,2.1973838083481696,2.080216184475103,1.5296040926459018,,,0.9982004858732727,"rgba(239, 83, 80, 0.5)",0.07768404409660129,0.9982004858732727,-0.6191810227266114,1,0.7454368934082664,0.7454368934082664,0.0,0.0,0.0,0.0,55.233008983611555,3.093281188968703,True,False,True,False,False,0.0
2024-11-18 00:00:00+00:00,1.01,1.01,0.95,0.9505,17775,2.233614137196881,0.9488692677825797,,2.278977305311654,2.196779194658979,2.0796167288414114,1.5291493587992553,,,0.9986131011279348,#000000,0.07768404409660129,0.9986131011279348,0.14657963555431602,2,0.7165631209142149,1.4331262418284298,0.0,0.0,0.0,0.0,55.562224308746764,3.093281188968703,True,False,True,False,False,1.1279742307594596
2024-11-19 00:00:00+00:00,0.98,1.0104,0.92,1.01,31110,2.2325295520685513,0.9499459179395287,,2.278461083045377,2.195705052503872,2.078550039671331,1.5283260616302876,,,0.9988060143877775,#000000,0.07736559319171155,0.9988060143877775,-0.24307981897296782,3,0.531804299737881,1.5954128992136432,0.0,0.0,0.0,0.0,54.772513875197845,3.093281188968703,True,False,True,False,False,0.0
2024-11-20 00:00:00+00:00,0.967,0.98,0.9111,0.95,43177,2.2310066131494093,0.9501267450626463,,2.2777357642876903,2.1941962221306675,2.0770497643530295,1.5271518713933103,,,0.9985631676228058,#000000,0.07687036588651726,0.9985631676228058,-0.4106025418091826,4,0.4661394489692378,1.8645577958769513,0.0,0.0,0.0,0.0,53.80229000779201,3.093281188968703,True,False,True,False,False,0.0
2024-11-21 00:00:00+00:00,0.97,0.97,0.91,0.94,8365,2.230711359622209,0.950125153067726,,2.277595048525222,2.193903693914274,2.076758870272059,1.5269238739330728,,,0.9985119425117917,#000000,0.07637110947431533,0.9985119425117917,-0.37333414046290164,4,0.4669816766287513,1.8679267065150051,0.0,0.0,0.0,0.0,53.25677028194708,3.093281188968703,True,False,True,False,False,0.0
2024-11-22 00:00:00+00:00,0.92,0.97,0.92,0.97,36871,2.2293980383391987,0.9494191226197827,,2.276968935384882,2.192602130956946,2.075463312027866,1.5258978804145402,,,0.9979912427484117,"rgba(239, 83, 80, 1.0)",0.07569769585241617,0.9979912427484117,-1.0302987676199162,4,0.466394898387198,1.865579593548792,0.0,0.0,0.0,0.0,51.089370405829456,7.57981717786511,True,False,False,False,False,0.0
2024-11-25 00:00:00+00:00,0.955,0.96,0.901472,0.96,11191,2.229000613643025,0.9492530658447624,,2.2767793203258986,2.192208294201834,2.075071413300454,1.5255883160278614,,,0.9978654184325972,"rgba(239, 83, 80, 0.5)",0.07497649456693144,0.9978654184325972,-0.5717180921859633,4,0.46698474615595525,1.867938984623821,0.0,0.0,0.0,0.0,50.95719470220736,7.108984854315295,True,False,False,False,False,0.0
2024-11-26 00:00:00+00:00,0.92,0.97,0.911101,0.92,19147,2.228318517693019,0.9488469061440118,,2.2764537852501063,2.1915322890282805,2.0743985082794114,1.5250548116773441,,,0.9975999747994546,"rgba(239, 83, 80, 1.0)",0.07445720000806244,0.9975999747994546,-1.042209145536655,4,0.466485820355673,1.865943281422692,0.0,0.0,0.0,0.0,49.59771085736742,5.456730061814767,False,False,False,False,False,0.0
2024-11-27 00:00:00+00:00,0.94,0.98,0.91,0.97,24047,2.227469246937313,0.9486718134896579,,2.2760480958972846,2.190690806405375,2.0735616474245795,1.524397029122974,,,0.9974341734996329,"rgba(239, 83, 80, 0.5)",0.07330188210085141,0.9974341734996329,-0.7835293153948345,4,0.46669899910458,1.86679599641832,0.0,0.0,0.0,0.0,49.49099939866851,4.992847533119601,False,False,False,False,False,0.0
2024-11-29 00:00:00+00:00,0.927,0.97,0.91,0.94,6757,2.2272293876350373,0.9485567904301659,,2.275933489594727,2.1904531091482475,2.0733251259712753,1.5242100303596453,,,0.9973582422613859,"rgba(239, 83, 80, 0.5)",0.07251250335100727,0.9973582422613859,-0.9702911775201942,4,0.46651670823675656,1.8660668329470262,0.0,0.0,0.0,0.0,48.90609275278399,4.055818527604416,False,False,False,False,False,0.0
2024-12-02 00:00:00+00:00,0.94,0.955,0.900201,0.94,23070,2.2264086301659107,0.9480636737377611,,2.2755411963359813,2.1896396908019122,2.0725155368882255,1.5235682058721627,,,0.9970558781575445,"rgba(239, 83, 80, 0.5)",0.0705014966800121,0.9970558781575445,-0.8092860555359028,4,0.4664358376870056,1.8657433507480223,0.0,0.0,0.0,0.0,49.09560752804001,3.8735488461988012,False,False,False,False,False,0.0
2024-12-03 00:00:00+00:00,0.92,0.920001,0.9,0.920001,24750,2.225516761496365,0.9470048372759925,,2.2751148309468374,2.1887554583193554,2.071634279386207,1.5228598276313632,,,0.9964871267783908,"rgba(239, 83, 80, 1.0)",0.06869944235630832,0.9964871267783908,-1.113358771992526,4,0.4664358376870056,1.8657433507480223,0.0,0.0,0.0,0.0,48.34313659646149,2.7928795829546047,False,False,False,False,False,0.0
2024-12-04 00:00:00+00:00,0.9179,0.939,0.904588,0.904588,3597,2.2253879510236585,0.9468878981409145,,2.2750532138468373,2.18862777291265,2.0715071060701495,1.5227582216478774,,,0.9964221147169088,"rgba(239, 83, 80, 1.0)",0.06617283658651485,0.9964221147169088,-1.1866215620702363,4,0.467563132649506,1.870252530598024,0.0,0.0,0.0,0.0,47.74598307642067,1.89396937630233,False,True,False,True,False,0.0
2024-12-05 00:00:00+00:00,0.92,0.939,0.90001,0.91,6076,2.225170286298956,0.9466865827673809,,2.2749490804085917,2.188412006520009,2.0712921964512545,1.5225864328470975,,,0.9963106265088234,"rgba(239, 83, 80, 1.0)",0.06378151701485657,0.9963106265088234,-1.1964379350062873,4,0.467563132649506,1.870252530598024,0.0,0.0,0.0,0.0,47.466962640732135,1.3134255473331677,False,True,False,True,False,0.0
2024-12-06 00:00:00+00:00,0.9199,0.9408,0.9,0.9,4284,2.2250169274425313,0.9465493448491753,,2.274875699268285,2.1882599879264832,2.0711407926110517,1.5224654817996963,,,0.9962343103801492,"rgba(239, 83, 80, 1.0)",0.06199851131281097,0.9962343103801492,-1.2312281176399138,4,0.4692118843169904,1.8768475372679616,0.0,0.0,0.0,0.0,47.27547648228422,0.8216591315721189,False,True,False,True,False,0.0
2024-12-09 00:00:00+00:00,0.93,0.942,0.91,0.9209,21168,2.224263803611309,0.9460690631115476,,2.2745151265643497,2.1875135747536145,2.0703978753049728,1.521875591062286,,,0.9959513777319102,"rgba(239, 83, 80, 1.0)",0.05993056128700903,0.9959513777319102,-1.1004632080128083,4,0.46992896133926765,1.8797158453570706,0.0,0.0,0.0,0.0,47.810395485266625,0.8216591315721189,False,True,False,False,False,0.0
2024-12-10 00:00:00+00:00,1.0,1.0,0.91,0.92,43253,2.2227781821458263,0.9472318419738883,,2.2738022758948326,2.186042703350056,2.0689394046165317,1.52076012319946,,,0.9688576011161196,"rgba(38, 166, 154, 0.5)",0.05993056128700903,0.9688576011161196,0.519641368528798,4,0.46992896133926765,1.8797158453570706,0.0,0.0,0.0,0.0,51.94985322454232,-1.4053517519656893,False,False,False,False,True,1.3087498077418154
2024-12-11 00:00:00+00:00,1.0,1.0,0.91,1.0,102393,2.2192752522516996,0.9495805813686622,,2.2721178428030675,2.1825748280442423,2.0655021221901775,1.518137358610321,,,0.9698995037755562,"rgba(38, 166, 154, 0.5)",0.05993056128700903,0.9698995037755562,0.5022562041475251,5,0.46588649582667696,2.3294324791333847,0.0,0.0,0.0,0.0,54.709491717392794,1.1678789674273062,True,False,True,False,True,1.3087498077418154
2024-12-12 00:00:00+00:00,0.9999,0.9999,0.8325,0.94,87551,2.2162338007213847,0.9491363458078038,,2.2706524390621445,2.179562273086566,2.062511002815823,1.515809465424443,,,0.9691497310064277,"rgba(38, 166, 154, 0.5)",0.05992903874317066,0.9691497310064277,0.5131113336450198,5,0.46493400604277235,2.324670030213862,0.0,0.0,0.0,0.0,56.541549583885505,2.8161936343103093,True,False,True,False,True,1.3039700150509752
2024-12-13 00:00:00+00:00,0.94,0.9865,0.92,0.9865,35075,2.2150239085420633,0.9491268155414733,,2.270068362157559,2.178364088413912,2.0613222142478578,1.5148898224998715,,,0.9690521914982198,#000000,0.05948212533201712,0.9690521914982198,-0.488418854169322,5,0.465791527400941,2.328957637004705,0.0,0.0,0.0,0.0,53.7139673744614,2.8161936343103093,True,False,True,False,False,0.0
2024-12-16 00:00:00+00:00,0.9794,0.9794,0.9001,0.94,13329,2.214566236664696,0.9491721677923196,,2.2698472338784432,2.1779109012993416,2.06087279883481,1.5145436730364792,,,0.9690541805353107,#000000,0.05952757249243934,0.9690541805353107,0.17379877981759478,6,0.45794499655798254,2.7476699793478954,0.0,0.0,0.0,0.0,54.03439230795353,2.8161936343103093,True,False,True,False,False,0.33817178513615076
2024-12-17 00:00:00+00:00,0.92,0.96,0.845,0.9117,44763,2.212977364989853,0.9476141010972251,,2.269080006882356,2.1763360397181546,2.059305487417569,1.5132921634775442,,,0.9679100915464118,"rgba(239, 83, 80, 0.5)",0.059284033324352954,0.9679100915464118,-0.8081449398742423,7,0.41332306301355354,2.8932614410948747,0.0,0.0,0.0,0.0,51.069443158233994,5.351573509977072,False,False,False,False,False,0.0
2024-12-18 00:00:00+00:00,0.8629,0.9,0.8105,0.874,100022,2.2093040185093504,0.9405589843194075,,2.2673052256172173,2.1726914436971057,2.0556656335647188,1.5102822370938285,,,0.9631546176509034,"rgba(255, 0, 0, 1.0)",0.05970008791122852,0.9631546176509034,-1.6793043554638933,8,0.4449064556566016,3.5592516452528127,0.0,0.0,0.0,0.0,46.75001214374495,1.4124797406331808,False,True,False,True,False,0.0
2024-12-19 00:00:00+00:00,0.761,0.868,0.761,0.85,36875,2.2078937586166596,0.936509167717659,0.7966666666666666,2.266623714748821,2.1712906383215937,2.0542610897708293,1.5090762168513572,,,0.9304766488133239,"rgba(255, 26, 202, 1.0)",0.06195569754599055,0.9304766488133239,-2.7354489663766453,8,0.429825359165467,3.438602873323736,0.0,0.0,0.0,0.0,40.89644936094301,-3.818676045498016,False,True,False,True,False,0.0
2024-12-20 00:00:00+00:00,0.9988,0.999,0.7701,0.7701,93741,2.204640216898656,0.9355826730458973,0.8870709149976521,2.2650422874515055,2.1680675671326273,2.051060860182047,1.5065674995795668,,,0.934495736768268,"rgba(38, 166, 154, 1.0)",0.061351658744768986,0.934495736768268,1.0481259113017014,8,0.4290512741223584,3.432410192978867,0.0,0.0,0.0,0.0,45.85408262540954,-3.818676045498016,False,True,False,True,True,1.304717025919988
2024-12-23 00:00:00+00:00,1.0,1.0,0.9201,0.99,134387,2.2001880211741383,0.9388834714183498,0.930832786295501,2.2628670722465687,2.1636629376070498,2.046709313893956,1.503317455738598,,,0.938872796964926,"rgba(38, 166, 154, 1.0)",0.06108100853544876,0.938872796964926,1.000756282529265,9,0.481084114166487,4.329757027498383,0.0,0.0,0.0,0.0,49.1898275639893,-7.390492226325108,False,True,False,False,True,1.3508904069301373
2024-12-24 00:00:00+00:00,1.1389,1.15,0.9303,0.99,103545,2.1970565100534407,0.9473458089897471,0.9707939504940106,2.261325259596447,2.160573679931265,2.0436895674964406,1.5013062473177463,,,0.9463283064960402,"rgba(0, 255, 0, 1.0)",0.06579199622366622,0.9463283064960402,2.9269775133329876,9,0.467105742744732,4.203951684702588,0.0,0.0,0.0,0.0,54.49346414522002,-2.760541534358474,True,False,True,False,True,6.425575324175092
2024-12-26 00:00:00+00:00,1.15,1.15,1.05,1.12,248355,2.189904583214076,0.9695928099221006,1.0295199064790843,2.2577785185304147,2.153529100966153,2.0368443640289855,1.497041522830898,,,0.9637696776817221,"rgba(0, 255, 0, 1.0)",0.07046433684486612,0.9637696776817221,2.642901794822556,9,0.45323534594788245,4.079118113530942,0.0,0.0,0.0,0.0,58.23941328564,0.40690791235918056,True,False,True,False,True,6.808722006133202
2024-12-27 00:00:00+00:00,1.04,1.16,1.04,1.16,124831,2.186223843330716,0.9764324649104479,1.0380155134679907,2.255947086384741,2.1499001090575764,2.0333062008511433,1.4947302444516954,,,0.977645693131621,"rgba(38, 166, 154, 0.5)",0.07116822048236394,0.977645693131621,0.8761538007519938,9,0.45261107909445614,4.073499711850105,0.0,0.0,0.0,0.0,57.13131591051243,0.40690791235918056,True,False,True,False,True,2.43373531149485
2024-12-30 00:00:00+00:00,0.9995,1.07,0.96,1.07,99317,2.1831281510954716,0.9780013863030336,1.0346875707101393,2.2544073404244367,2.1468421114671634,2.0303040104761845,1.4926015527125025,,,0.9770503023071464,#000000,0.0711559796477805,0.9770503023071464,0.31549980485096035,9,0.45404193680333904,4.086377431230051,0.0,0.0,0.0,0.0,55.248893873447685,0.40690791235918056,True,False,True,False,True,0.90861378428664
2024-12-31 00:00:00+00:00,1.04,1.09,0.96,0.96,52658,2.1815215092002758,0.9792649362222108,1.0344113755521465,2.253605711005515,2.1452560420112854,2.028750694688833,1.4915273121883714,,,0.9777400443792826,"rgba(38, 166, 154, 0.5)",0.07213016006489022,0.9777400443792826,0.8631612014267913,9,0.45433057608022737,4.088975184722046,0.0,0.0,0.0,0.0,55.03393017910004,0.40690791235918056,True,False,True,False,True,2.368348989468135
2025-01-02 00:00:00+00:00,1.0,1.03,0.9603,1.03,88650,2.1787490389648756,0.9799527698381949,1.0310142432993776,2.2522219427980352,2.142516772860448,2.026059895785826,1.489600632775487,,,0.9775411588780211,#000000,0.0720417572730334,0.9775411588780211,0.31174754714632297,9,0.45641070202842926,4.107696318255863,0.0,0.0,0.0,0.0,53.70202218876669,0.40690791235918056,True,False,True,False,True,0.8620546116375678
2025-01-03 00:00:00+00:00,1.02,1.05,0.97,1.0,38807,2.1775564084053203,0.980517341751214,1.0303423221102153,2.251625130160034,2.141339030357311,2.024905282966752,1.4887901259129657,,,0.9778298208767617,"rgba(38, 166, 154, 0.5)",0.07255052728001543,0.9778298208767617,0.581252551900534,9,0.4569770612495057,4.112793551245551,0.0,0.0,0.0,0.0,53.37993970726343,0.40690791235918056,True,False,True,False,False,1.5912406402032566
2025-01-06 00:00:00+00:00,1.0299,1.09,1.02,1.0403,16171,2.177074349866261,0.9809800517135425,1.0305962819540162,2.25138328941241,2.140863452835371,2.0244407416958903,1.4884767964940906,,,0.978195672743073,"rgba(38, 166, 154, 0.5)",0.07317735339875363,0.978195672743073,0.7065618645044865,9,0.45918440342893896,4.13265963086045,0.0,0.0,0.0,0.0,53.45713328978805,0.40690791235918056,True,False,True,False,False,1.9541286260175816
2025-01-07 00:00:00+00:00,1.01,1.0289,1.0,1.025,3821,2.176957115135064,0.9810328589209438,1.0305315821101761,2.2513245632360834,2.1407476847415277,2.024327263899756,1.4883971893410624,,,0.9782234385752817,#000000,0.07321509489658759,0.9782234385752817,0.43401652991915113,9,0.4609335316943506,4.148401785249155,0.0,0.0,0.0,0.0,52.80527224278402,0.40690791235918056,True,False,False,False,False,1.1816844852923758
2025-01-08 00:00:00+00:00,0.88,1.0,0.87,1.0,46334,2.1754199288460794,0.9797695861706048,1.0256802204521964,2.2505575409017364,2.1392260436035135,2.022822407114047,1.4872388769782796,,,0.9766440969850422,"rgba(239, 83, 80, 1.0)",0.07229358763107675,0.9766440969850422,-1.3368280666637977,9,0.4666875549543604,4.2001879945892435,0.0,0.0,0.0,0.0,48.58595451055622,5.135684477793518,False,True,False,False,False,0.0
2025-01-10 00:00:00+00:00,0.8879,0.895563,0.86,0.88,21117,2.174700860225322,0.978895310461487,1.0229272632253572,2.250198959236208,2.138513692793964,2.0221159400487014,1.4866797645751497,,,0.9756584970872245,"rgba(239, 83, 80, 1.0)",0.07137144589630309,0.9756584970872245,-1.2296023428575407,10,0.5563453661021438,5.563453661021438,0.0,0.0,0.0,0.0,46.06282548608163,2.5408815775598725,False,True,False,True,False,0.0
2025-01-13 00:00:00+00:00,0.8705,0.9172,0.85,0.85,8839,2.174399668253559,0.9785268455756594,1.0217906459990382,2.250048711955262,2.138215306444539,2.021819994285065,1.4864453000440183,,,0.9752504565780205,"rgba(239, 83, 80, 1.0)",0.07040769927617964,0.9752504565780205,-1.4877699123092867,10,0.565424711059484,5.65424711059484,0.0,0.0,0.0,0.0,43.91601598558448,0.3432533413970802,False,True,False,True,False,0.0
2025-01-14 00:00:00+00:00,0.8501,0.8879,0.8501,0.88405,4976,2.1742280072419535,0.978286270795358,1.0210853554363888,2.249963123313394,2.1380451840426997,2.021651046371049,1.4863097937918606,,,0.9749892393562817,"rgba(255, 0, 0, 1.0)",0.0710092059038452,0.9749892393562817,-1.7587753273201845,10,0.5719028240206633,5.719028240206633,0.0,0.0,0.0,0.0,41.93016169584702,-1.690938250513753,False,True,False,True,False,0.0
2025-01-15 00:00:00+00:00,0.82,0.908,0.82,0.8846,22001,2.1734618296606345,0.9771128222123417,1.0177835084492213,2.2495811812738116,2.137285666742549,2.0208960375532166,1.485698541466413,,,0.9681837553687611,"rgba(255, 26, 202, 1.0)",0.07057273031926924,0.9681837553687611,-2.099731081656918,10,0.5717002373061209,5.7170023730612085,0.0,0.0,0.0,0.0,39.798878721035344,-3.855373549868162,False,True,False,True,False,0.0
2025-01-16 00:00:00+00:00,0.8959,0.8959,0.8225,0.825,9123,2.17314968227692,0.9767155546380933,1.0166260770743827,2.24942536383429,2.1369763851834405,2.020589148872696,1.4854542121758998,,,0.9680909925957607,"rgba(239, 83, 80, 1.0)",0.07074286008906604,0.9680909925957607,-1.02047036979946,10,0.5800697806802276,5.800697806802276,0.0,0.0,0.0,0.0,41.609331507525326,-3.855373549868162,False,True,False,True,False,0.0
2025-01-17 00:00:00+00:00,0.85,0.912,0.85,0.912,19636,2.172477940147622,0.9758643889665737,1.014183102244547,2.249089921252488,2.13631080874192,2.019928728587476,1.4849283300907343,,,0.9674967863818578,"rgba(255, 0, 0, 1.0)",0.07159991092572798,0.9674967863818578,-1.6410186110949154,10,0.5775273648109953,5.775273648109954,0.0,0.0,0.0,0.0,41.44526188960407,-3.855373549868162,False,True,False,True,False,0.0
2025-01-21 00:00:00+00:00,0.8472,0.89,0.8378,0.89,9895,2.172136492916826,0.9753909430147065,1.0128796107081606,2.2489194345202894,2.1359724098262243,2.0195926476925266,1.4846583536598221,,,0.9669888013600015,"rgba(255, 0, 0, 1.0)",0.07234758598608282,0.9669888013600015,-1.6557401290907594,10,0.5749914952132351,5.749914952132351,0.0,0.0,0.0,0.0,41.25275567020796,-3.855373549868162,False,True,False,True,False,0.0
2025-01-22 00:00:00+00:00,0.85,0.898,0.832,0.882606,24347,2.1712981695916223,0.9742584494212282,1.009796887723968,2.248500626299503,2.1351416148914835,2.0187677216969266,1.4839968214974544,,,0.9658353447871277,"rgba(255, 0, 0, 1.0)",0.07299626932214145,0.9658353447871277,-1.586866642128411,10,0.5730288459527089,5.730288459527088,0.0,0.0,0.0,0.0,41.25504910392066,-3.855373549868162,False,True,False,True,False,0.0
2025-01-23 00:00:00+00:00,0.9,0.91,0.8458,0.87,14536,2.1708078062750347,0.9737400362133477,1.0083155230880063,2.2482552515777203,2.134655935376509,2.0182864985523588,1.4836184969739898,,,0.9654945439419016,"rgba(239, 83, 80, 0.5)",0.07281649069361011,0.9654945439419016,-0.8994465857669921,10,0.5743776708826701,5.743776708826701,0.0,0.0,0.0,0.0,43.51193258727367,-3.855373549868162,False,True,False,True,True,0.0
2025-01-24 00:00:00+00:00,0.86,0.898,0.86,0.88,8478,2.1705191771147323,0.973397790255969,1.0073808728777238,2.2481108569966466,2.1343699861235117,2.0180028986509724,1.483393421172312,,,0.9651885436319804,"rgba(239, 83, 80, 1.0)",0.07291758597183304,0.9651885436319804,-1.4425675539041176,10,0.5721975389539631,5.721975389539631,0.0,0.0,0.0,0.0,43.543178687928595,-3.855373549868162,False,True,False,True,True,0.0
2025-01-27 00:00:00+00:00,0.851001,0.897,0.851001,0.861,14044,2.170039007101734,0.9728006004602963,1.0057891591371737,2.247870629815862,2.133894213649639,2.0175308219757713,1.4830170803954008,,,0.9646106171862154,"rgba(255, 0, 0, 1.0)",0.07294911785884377,0.9646106171862154,-1.557381645190687,10,0.5696168859330648,5.696168859330648,0.0,0.0,0.0,0.0,43.24032671153594,-3.855373549868162,False,True,False,True,True,0.0
2025-01-28 00:00:00+00:00,0.85,0.898,0.8366,0.8935,20564,2.1693339665574745,0.9718991927100261,1.003444207165525,2.247517804800629,2.1331955690892075,2.0168373993942237,1.4824625655593324,,,0.9637105375695386,"rgba(255, 0, 0, 1.0)",0.0733228476491093,0.9637105375695386,-1.5508199860663752,10,0.5663637475134435,5.663637475134435,0.0,0.0,0.0,0.0,42.99980739911878,-3.855373549868162,False,True,False,True,True,0.0
2025-01-29 00:00:00+00:00,0.842,0.854,0.8201,0.854,10377,2.1689722709436277,0.97135688238306,1.0021038299283245,2.247336898478821,2.1328369854711813,2.016480890954716,1.4821728459833101,,,0.96310313244794,"rgba(255, 0, 0, 1.0)",0.0738709065962812,0.96310313244794,-1.6393887394639959,10,0.5660061397080274,5.660061397080273,0.0,0.0,0.0,0.0,42.508784401586624,-3.855373549868162,False,True,False,True,True,0.0
2025-01-30 00:00:00+00:00,0.8336,0.8541,0.825,0.85,10991,2.1685890622165744,0.9707824125419169,1.0006980420949885,2.2471451845905195,2.132457068862734,2.016103160241432,1.4818657281665835,,,0.9624711345432632,"rgba(255, 0, 0, 1.0)",0.0747303780176607,0.9624711345432632,-1.7244812345631062,10,0.5667054388631366,5.6670543886313665,0.0,0.0,0.0,0.0,41.81820349404049,-4.450440764119719,False,True,False,True,True,0.0
2025-01-31 00:00:00+00:00,0.82,0.89,0.82,0.83,22355,2.167813693991242,0.9696789929944241,0.9980101096267668,2.2467570060669857,2.131688467898782,2.0153393817743406,1.4812475547886281,,,0.9550740494190455,"rgba(255, 0, 0, 1.0)",0.07558153785530171,0.9550740494190455,-1.787130207348258,10,0.5647735423855995,5.647735423855995,0.0,0.0,0.0,0.0,40.7560164101556,-5.712404343340559,False,True,False,True,False,0.0
2025-02-03 00:00:00+00:00,0.88,0.89,0.825,0.825,8558,2.167521957355499,0.9693331937174696,0.9971460122614269,2.2466107526869257,2.1313994167965276,2.0150526538710873,1.4810192477753392,,,0.9550684741468114,"rgba(239, 83, 80, 0.5)",0.07578551355902292,0.9550684741468114,-0.9905385689356965,10,0.56392013826522,5.6392013826522005,0.0,0.0,0.0,0.0,43.690809480288905,-5.712404343340559,False,True,False,True,True,0.0
2025-02-04 00:00:00+00:00,0.995,1.0,0.8891,0.8891,35819,2.1663925614471577,0.969224548352036,0.9961989019823896,2.2460416263670404,2.1302829921586777,2.0139545497739575,1.4802147119209843,,,0.9587612837985041,#000000,0.07611159882792877,0.9587612837985041,0.47612606697992876,10,0.5617804390274441,5.617804390274442,0.0,0.0,0.0,0.0,50.23685939583845,-3.755012900692428,False,False,False,False,True,1.9991927426088623
2025-02-05 00:00:00+00:00,0.995,0.995,0.9,0.99,20811,2.1657384175710424,0.9691782357770045,0.9957010957529784,2.24571169870377,2.1296364120970335,2.0133187870186764,1.479750183584567,,,0.9597211321449162,#000000,0.07627373612253102,0.9597211321449162,0.4625296943420943,11,0.5551663717031993,6.106830088735192,0.0,0.0,0.0,0.0,54.60089267287148,0.041958457547110584,True,False,True,False,True,1.9991927426088623
2025-02-06 00:00:00+00:00,0.97,0.99,0.920001,0.99,6836,2.165523104302261,0.9691545969145967,0.9955243494496527,2.2456030794725015,2.1294235731939355,2.0131094570562187,1.4795967937377756,,,0.9599380859994341,#000000,0.07632095236246009,0.9599380859994341,0.13183685068263154,11,0.5560146550348359,6.116161205383195,0.0,0.0,0.0,0.0,56.09604926882837,1.1453627328822336,True,False,True,False,True,0.9674448883653994
2025-02-07 00:00:00+00:00,0.97,0.97,0.92,0.97,12262,2.1651349462503773,0.9690818387495569,0.9951529746677032,2.2454072807430494,2.1290398143246207,2.0127318063484005,1.4793183516555484,,,0.9601898684628593,#000000,0.07636147911110296,0.9601898684628593,0.12846963745774703,11,0.5551632024822494,6.106795227304743,0.0,0.0,0.0,0.0,57.09282033279962,1.9245383893114933,True,False,True,False,True,0.9674448883653994
2025-02-10 00:00:00+00:00,1.04,1.06,0.9303,0.9303,43183,2.163833892814296,0.9697355576285898,0.9956023824233183,2.2447484838865512,2.127755482537855,2.0114751270222437,1.478445682401563,,,0.9654123507357415,"rgba(38, 166, 154, 0.5)",0.07734804683359708,0.9654123507357415,0.9643119938726167,11,0.5507365725315115,6.058102297846627,0.0,0.0,0.0,0.0,60.28014642931426,4.838709443198198,True,False,True,False,True,3.7508287162329808
2025-02-11 00:00:00+00:00,0.9999,1.04,0.96,1.02,29399,2.162942045973274,0.9700600480634822,0.995689924848479,2.2442966988442996,2.1268748823026398,2.010612740750888,1.4778406093879493,,,0.9662847929351654,#000000,0.07769241289472703,0.9662847929351654,0.4326703961477302,11,0.5485633690807052,6.034197059887758,0.0,0.0,0.0,0.0,60.08548816550359,4.838709443198198,True,False,True,False,True,2.057331133428196
2025-02-12 00:00:00+00:00,1.01,1.01,0.92,0.93,18610,2.162368519442825,0.9701271299174441,0.9954931994328444,2.2440062954660656,2.1263082957484407,2.010056827130959,1.4774424091542029,,,0.9663410946221471,"rgba(38, 166, 154, 0.5)",0.07810605998429054,0.9663410946221471,0.5589695010429919,11,0.5457633174957601,6.003396492453361,0.0,0.0,0.0,0.0,60.33337815034059,4.931165532185119,True,False,True,False,True,2.4582609328577085
2025-02-13 00:00:00+00:00,0.962,0.98,0.8989,0.9395,62715,2.1603859610214395,0.969612106952421,0.9935258999336766,2.2430030783878574,2.124348131469239,2.0081278892929184,1.4760163658417926,,,0.964842238634928,#000000,0.07816142492361183,0.964842238634928,-0.0363637003509827,11,0.5467587625598305,6.014346388158135,0.0,0.0,0.0,0.0,57.900667124014106,4.931165532185119,True,False,True,False,True,0.4472073402708858
2025-02-14 00:00:00+00:00,0.9001,0.9579,0.9,0.9331,15141,2.159897411677702,0.9693436208334805,0.9928067743621587,2.2427559495901557,2.1238647899299243,2.0076511433532334,1.475655308205357,,,0.9642356068863969,"rgba(239, 83, 80, 0.5)",0.07816079305686834,0.9642356068863969,-0.8205598277352814,11,0.552123506387841,6.073358570266251,0.0,0.0,0.0,0.0,53.55990612411665,9.152781523767715,True,False,True,False,False,0.0
2025-02-18 00:00:00+00:00,0.853,0.9253,0.85,0.9,28172,2.1589577752030875,0.9684262906809584,0.9907392960251578,2.2422813632970784,2.1229342530598965,2.006730005373111,1.4749326430133953,,,0.9622517936186762,"rgba(239, 83, 80, 1.0)",0.07811663180649886,0.9622517936186762,-1.3985727634711853,11,0.554249639883544,6.096746038718984,0.0,0.0,0.0,0.0,48.95995508954057,4.921959234877008,False,False,False,False,False,0.0
2025-02-19 00:00:00+00:00,0.9174,0.9183,0.8601,0.8879,10220,2.1586232143417066,0.9681779707871173,0.9901509390301887,2.2421121124711227,2.1226031092841593,2.0064028559203964,1.474680745163657,,,0.9617885238661182,"rgba(239, 83, 80, 0.5)",0.0775643065835252,0.9617885238661182,-0.5722802900109527,11,0.5610960012561855,6.1720560138180405,0.0,0.0,0.0,0.0,48.833389542583404,4.89666899729955,False,False,False,False,False,0.0
2025-02-20 00:00:00+00:00,0.9,0.9,0.8766,0.88,3509,2.1585078017898414,0.968085312825252,0.9899366568859468,2.242053733869514,2.1224888592969213,2.006289926212923,1.4745933474402897,,,0.9616168707723134,"rgba(239, 83, 80, 0.5)",0.07646936857106215,0.9616168707723134,-0.8057719309536796,11,0.5614395199535301,6.175834719488831,0.0,0.0,0.0,0.0,48.07372364651235,4.1022142392282035,False,True,False,False,False,0.0
2025-02-21 00:00:00+00:00,0.9049,0.9085,0.85,0.85,17403,2.157933732409502,0.9676026397624323,0.9888403978669169,2.2417633343795527,2.12192052081091,2.0057279751306747,1.4741570110640494,,,0.960746643360767,"rgba(239, 83, 80, 0.5)",0.07583864915429883,0.960746643360767,-0.7363876332652391,11,0.5707704451931038,6.278474897124142,0.0,0.0,0.0,0.0,47.79447906301766,3.654623033726878,False,True,False,False,False,0.0
2025-02-24 00:00:00+00:00,0.87,0.987,0.851,0.87,144232,2.1532513240271403,0.9645207112081695,0.9818010225927392,2.239387730069034,2.1172868249311665,2.001153945512769,1.4706566373673067,,,0.9564979611236323,"rgba(239, 83, 80, 1.0)",0.0745230159211317,0.9564979611236323,-1.160687876818804,11,0.5684423832339109,6.25286621557302,0.0,0.0,0.0,0.0,46.17800563027937,1.8931665670258084,False,True,False,True,False,0.0
2025-02-25 00:00:00+00:00,0.899501,0.97,0.86,0.88,71577,2.150953806446482,0.9632622983936624,0.9789972140979821,2.2382182364306074,2.1150138364606548,1.9989127970692167,1.4689571220149107,,,0.9551428069508845,"rgba(239, 83, 80, 0.5)",0.07422458837012798,0.9551428069508845,-0.7496411657201968,11,0.5678125290406683,6.2459378194473505,0.0,0.0,0.0,0.0,46.58164138501862,1.8931665670258084,False,True,False,True,False,0.0
2025-02-26 00:00:00+00:00,0.8604,0.89,0.8604,0.89,7207,2.1507155826728295,0.9630473287304268,0.9785723548300056,2.238097091526123,2.1147779479388182,1.9986794687606817,1.4687745012453828,,,0.9548618389465631,"rgba(239, 83, 80, 1.0)",0.07421284416365595,0.9548618389465631,-1.2728502729022686,11,0.5658355191207431,6.224190710328175,0.0,0.0,0.0,0.0,45.23988691145939,0.5317715504632474,False,True,False,True,False,0.0
2025-02-27 00:00:00+00:00,0.9188,0.9194,0.8601,0.89,3915,2.1505891583319903,0.9629675477193991,0.9784047291392997,2.2380326950225817,2.114652847843444,1.998556035256552,1.4686801764853035,,,0.9547718187740237,#000000,0.07392678904715841,0.9547718187740237,-0.4865870577860092,11,0.5668843899136755,6.235728289050431,0.0,0.0,0.0,0.0,47.093057191596344,0.5317715504632474,False,True,False,True,False,0.0
2025-02-28 00:00:00+00:00,0.89,0.89,0.8601,0.8601,3455,2.15047588003031,0.9628758588794211,0.978221191991554,2.2379750464980606,2.114540705875503,1.9984452055547588,1.4685941245318799,,,0.9546571879376333,"rgba(239, 83, 80, 0.5)",0.07380233975449217,0.9546571879376333,-0.8760858822730994,11,0.5683437887995684,6.251781676795252,0.0,0.0,0.0,0.0,47.105581781741954,0.5317715504632474,False,True,False,True,False,0.0
2025-03-03 00:00:00+00:00,0.889,0.89,0.851,0.86,12243,2.1500735708196563,0.9625394417978045,0.977554181955518,2.2377702985202914,2.1141424047564037,1.9980514689197901,1.4682876536037537,,,0.9542350231918858,"rgba(239, 83, 80, 0.5)",0.07366826440377526,0.9542350231918858,-0.885524095346309,11,0.5707428556712253,6.278171412383478,0.0,0.0,0.0,0.0,47.070715224783605,0.5317715504632474,False,True,False,True,False,0.0
2025-03-04 00:00:00+00:00,0.88,0.88,0.835,0.851,7439,2.1498270083585407,0.9623087124180764,0.9771067863639253,2.237644855067608,2.113898236707242,1.9978098769836006,1.4680979238949783,,,0.9539377633635858,"rgba(239, 83, 80, 1.0)",0.07357849043024933,0.9539377633635858,-1.0048828527363858,11,0.5738503180200795,6.312353498220874,0.0,0.0,0.0,0.0,46.6321180052403,0.5317715504632474,False,True,False,True,False,0.0
2025-03-05 00:00:00+00:00,0.830101,0.89,0.8301,0.88,11042,2.149456948778475,0.9619159880261976,0.976361628773999,2.2374566714704227,2.1135316529971635,1.9974467377635317,1.4678095528805273,,,0.9534188786209011,"rgba(255, 0, 0, 1.0)",0.0741639027945445,0.9534188786209011,-1.6627749346272593,11,0.5703174305186237,6.2734917357048605,0.0,0.0,0.0,0.0,44.21695836324549,-1.5717585168929418,False,True,False,True,False,0.0
2025-03-06 00:00:00+00:00,0.84,0.878991,0.83,0.83,7927,2.1491913322315943,0.9616347328519234,0.9758303600968589,2.2373215675554565,2.113268531409048,1.9971860918939515,1.4676025635081136,,,0.9479457861887817,"rgba(239, 83, 80, 1.0)",0.07474371964618488,0.9479457861887817,-1.4442121251091835,11,0.567499093327208,6.242490026599288,-1.0,0.0,0.83,820.0,43.20241773640291,-2.7060245301691026,False,True,False,True,False,0.0
2025-03-07 00:00:00+00:00,0.8501,0.8602,0.84,0.8602,1477,2.1491418697815474,0.9615826872236254,0.9757322040186976,2.2372964051108606,2.1132195342547835,1.9971375585396456,1.4675640387100648,,,0.947882765121465,"rgba(239, 83, 80, 1.0)",0.07404499601896418,0.947882765121465,-1.3205857300123451,11,0.5642948880185238,6.207243768203762,0.0,0.0,0.0,0.0,43.15400448770322,-2.9472003524290287,False,True,False,True,False,0.0
2025-03-10 00:00:00+00:00,0.86,0.871,0.835,0.835,29443,2.1481606235220205,0.9606034659096376,0.9738872125128684,2.2367968907301115,2.112247644969461,1.9961753452224282,1.4668035749970405,,,0.9468805964345514,"rgba(239, 83, 80, 1.0)",0.0744357185248675,0.9468805964345514,-1.1671895987075922,11,0.5634909559469735,6.198400515416709,0.0,0.0,0.0,0.0,43.75523677650086,-2.9472003524290287,False,True,False,True,False,0.0
2025-03-11 00:00:00+00:00,0.865,0.8744,0.83,0.865,4475,2.148011746198732,0.9604577986847157,0.9736143670688977,2.2367210641135586,2.1121001934251873,1.996029386877035,1.4666883724659798,,,0.941858435045725,"rgba(239, 83, 80, 1.0)",0.07416690301086623,0.941858435045725,-1.0362902039264659,11,0.5615585302466325,6.177143832712957,0.0,0.0,0.0,0.0,44.49006716714857,-2.9472003524290287,False,True,False,True,False,0.0
2025-03-12 00:00:00+00:00,0.86,0.8805,0.83,0.88,2911,2.147914946994676,0.9603635936544531,0.973438113414097,2.236671756261958,2.1120043223752707,1.9959344911766996,1.4666135012565091,,,0.9366168701737397,"rgba(239, 83, 80, 1.0)",0.07428793441414668,0.9366168701737397,-1.0313501213616942,11,0.5596510597632633,6.156161657395897,0.0,0.0,0.0,0.0,44.67919366673529,-2.9472003524290287,False,True,False,True,False,0.0
2025-03-13 00:00:00+00:00,0.9499,0.9499,0.84,0.84,20269,2.147270789212986,0.9600673465799348,0.9728123556341021,2.2363425658307245,2.111367182490571,1.9953068931240945,1.466140889314635,,,0.9418382374408635,#000000,0.07418264652217575,0.9418382374408635,0.10867450727477818,11,0.5603560375587517,6.16391641314627,0.0,0.0,0.0,0.0,49.92748199443716,-3.6035049520836537,False,False,False,False,True,0.9417660451943171
2025-03-14 00:00:00+00:00,1.0,1.0,0.9029,0.91275,41533,2.1460110098557914,0.9601636243802475,0.9727042950975792,2.235696233057372,2.110122886042305,1.9940876594026105,1.4652699646657252,,,0.9482812921800636,"rgba(38, 166, 154, 0.5)",0.07451138956403779,0.9482812921800636,0.6941047284521172,12,0.5204790103226904,6.245748123872285,0.0,0.0,0.0,0.0,55.35709015297755,1.330540870678739,True,False,True,False,True,3.0648847464187874
2025-03-17 00:00:00+00:00,0.9308,0.9459,0.9164,0.9459,17610,2.14546110990645,0.9600072971798186,0.9723388739284573,2.235414482589753,2.1095792459882343,1.9935531751851556,1.4648745188660517,,,0.9481293435821213,#000000,0.07451220430315525,0.9481293435821213,-0.23257053987580836,12,0.5207982305537934,6.24957876664552,0.0,0.0,0.0,0.0,54.961530622480915,1.330540870678739,True,False,True,False,True,0.03311514088795775
2025-03-18 00:00:00+00:00,0.9988,0.9999,0.9,0.94,45490,2.1440840202963116,0.9600924264324877,0.9722036315547798,2.234706855712436,2.108219111252862,1.9922206421147286,1.4639228882390831,,,0.9502604453325908,"rgba(38, 166, 154, 0.5)",0.07492059105736827,0.9502604453325908,0.647880028472299,13,0.4966349358511086,6.456254166064412,0.0,0.0,0.0,0.0,57.20815635153454,2.664144826339509,True,False,True,False,True,2.8430445825030013
2025-03-19 00:00:00+00:00,1.0487,1.05,0.9326,0.99,78407,2.14180677726238,0.9612514994650616,0.9736095370271614,2.233531468635362,2.1059727933744115,1.9900305682085977,1.4624360619844583,1.0104333333333333,,0.9585432874115926,"rgba(38, 166, 154, 1.0)",0.07625172766040254,0.9585432874115926,1.182356326271486,14,0.5017779155892099,7.024890818248939,0.0,0.0,0.0,0.0,60.20096657578695,5.358632970863674,True,False,True,False,True,4.8129637736814885
2025-03-20 00:00:00+00:00,0.9415,1.02,0.9333,1.0101,27012,2.1409928954418445,0.9612804745391063,0.9735009896949602,2.2331120141852145,2.105168989426331,1.9892433870399644,1.4618747555313316,0.9987746570036394,,0.9581259230177176,#000000,0.076255285483494,0.9581259230177176,-0.21802977868749035,14,0.5018868023125023,7.026415232375031,0.0,0.0,0.0,0.0,57.41397503104659,5.358632970863674,True,False,True,False,False,0.3061577650949623
2025-03-21 00:00:00+00:00,0.92,0.99,0.92,0.96,6822,2.140783752073156,0.9612448746782936,0.9734059695062165,2.233004319408236,2.1049623220687117,1.9890405838754592,1.461727042345617,0.9954049372926708,,0.9578571483099649,#000000,0.07626003566879057,0.9578571483099649,-0.4964218542249901,15,0.4834412907373275,7.2516193610599124,0.0,0.0,0.0,0.0,54.76735312038831,10.20390951691968,True,False,True,False,False,0.0
2025-03-24 00:00:00+00:00,0.9257,0.94,0.92,0.935,8546,2.1405186291421274,0.9611638747567018,0.973229741831119,2.232867889834528,2.1047002413884233,1.9887830549141687,1.4615368513735767,0.9906759527101426,,0.95738324581538,#000000,0.07624568519936407,0.95738324581538,-0.41554149238132,15,0.48379734275097797,7.25696014126467,0.0,0.0,0.0,0.0,53.22415017619366,8.83920431545851,True,False,True,False,False,0.0
2025-03-25 00:00:00+00:00,0.95,0.96,0.9,0.96,12678,2.1401281597922592,0.9610741242791128,0.9730177978687946,2.232666805562657,2.1043143356193563,1.9884041577985176,1.4612592369494628,0.9855455460233019,,0.9568896274403768,#000000,0.07628665813114255,0.9568896274403768,-0.09031235092947719,15,0.48641095005477675,7.2961642508216515,0.0,0.0,0.0,0.0,53.15969126169175,8.748100016861535,True,False,True,False,False,0.6748064309896691
2025-03-26 00:00:00+00:00,0.92,0.93,0.914963,0.914963,1845,2.1400706482262972,0.9610531180244767,0.9729745054290523,2.232637208520048,2.1042574751296135,1.9883482537890655,1.461217705393023,0.9846743666026161,,0.9567879670246159,#000000,0.07628347524684974,0.9567879670246159,-0.4822534225868933,15,0.4889373283378405,7.334059925067607,0.0,0.0,0.0,0.0,51.82562699957917,7.35147046110427,False,False,False,False,False,0.0
2025-03-27 00:00:00+00:00,1.01,1.01,0.92,0.93,52744,2.138507448354128,0.9613374218093785,0.9731398046944563,2.2318292979349224,2.102714365935607,1.9868398505184208,1.460161213697854,0.9833633347070522,,0.9577538094570361,"rgba(38, 166, 154, 0.5)",0.07686921754868806,0.9577538094570361,0.6796763673296368,15,0.49178373924157076,7.376756088623561,0.0,0.0,0.0,0.0,54.22771400876838,7.35147046110427,True,False,True,False,False,3.0444822552917863
2025-03-28 00:00:00+00:00,0.88,0.96,0.88,0.955,16969,2.1379736470864787,0.9610747632178481,0.9726404049665652,2.231554381786746,2.10218644264008,1.986320244072628,1.459770539817476,0.9770154334473041,,0.9567595216973244,"rgba(239, 83, 80, 0.5)",0.07706889610588678,0.9567595216973244,-0.9959857423137687,16,0.5080772685301104,8.129236296481766,0.0,0.0,0.0,0.0,51.188871488001425,6.819839749776108,False,False,False,False,False,0.0
2025-03-31 00:00:00+00:00,0.93,0.9596,0.87,0.872,12581,2.1375824191492865,0.9609285004486202,0.9723480795673587,2.2313526596131563,2.101799653659449,1.985940030913293,1.4594881499083805,0.973711318473006,,0.9562483840138247,#000000,0.07706889610588678,0.9562483840138247,-0.34058336553518814,17,0.5499810343706106,9.34967758430038,0.0,0.0,0.0,0.0,50.82277382979569,6.398594621866529,False,False,False,False,False,0.0
2025-04-01 00:00:00+00:00,0.95,0.959,0.8877,0.8877,12064,2.1372113116727403,0.9608311673510679,0.9721361321072249,2.231161108642202,2.101432875099004,1.9855799230139441,1.459223841067909,0.9715325629967314,,0.9559348073587562,#000000,0.07665445121533468,0.9559348073587562,-0.07742286670456307,17,0.5521039368416552,9.385766926308138,0.0,0.0,0.0,0.0,51.21727833733583,6.398594621866529,False,False,False,False,False,0.6149050210439988
2025-04-02 00:00:00+00:00,0.94,0.948,0.8803,0.91,17139,2.136680343100971,0.960648618842927,0.9717683174526033,2.2308870918415904,2.100907982288008,1.9850641564157772,1.4588420628388177,0.968146116513443,,0.9553730806438725,#000000,0.07619955369302386,0.9553730806438725,-0.20174764678811982,17,0.5552581487923357,9.439388529469706,0.0,0.0,0.0,0.0,51.1218786355656,6.283589843187237,False,False,False,False,False,0.22467493809088523
2025-04-03 00:00:00+00:00,0.88,0.9637,0.88,0.9637,3636,2.1365663802088206,0.9605950063492827,0.9716675295073659,2.2308283140576672,2.100795283172142,1.9849532716635165,1.458758895105776,0.9672714469094098,,0.9552102011606538,"rgba(239, 83, 80, 0.5)",0.07590068385683338,0.9552102011606538,-0.9909028132410244,17,0.5559831147098891,9.451712950068115,0.0,0.0,0.0,0.0,49.01987108751181,4.037115810575045,False,True,False,False,False,0.0
2025-04-04 00:00:00+00:00,0.8702,0.898,0.853,0.86,18070,2.1359845861321,0.9601584611429939,0.9709054521352972,2.2305287385918167,2.1002194799581995,1.984385070504456,1.4583203317279454,0.9609766540602006,,0.9538920677967144,"rgba(239, 83, 80, 1.0)",0.0761433419967858,0.9538920677967144,-1.099138356709472,17,0.5562319930557541,9.45594388194782,0.0,0.0,0.0,0.0,47.30307710167766,2.2236961336431023,False,True,False,True,False,0.0
2025-04-07 00:00:00+00:00,0.8502,0.8502,0.8501,0.8501,7416,2.1357415156105417,0.959932060299052,0.9705210920017303,2.2304036950570474,2.0999787867166066,1.9841471021429247,1.4581332855562237,0.9579984717505831,,0.9532268265167991,"rgba(239, 83, 80, 1.0)",0.07633869815421893,0.9532268265167991,-1.3496015652332067,17,0.5549840951233586,9.434729617097096,0.0,0.0,0.0,0.0,45.4967106901684,0.36407522005377047,False,True,False,True,False,0.0
2025-04-08 00:00:00+00:00,0.851,0.9176,0.851,0.851,10488,2.135404068780842,0.9596803169623545,0.9700849071112231,2.2302298427011666,2.0996448174491245,1.9838175607112236,1.4578789682440352,0.9548933265541732,,0.9525257246756096,"rgba(239, 83, 80, 1.0)",0.0767833437891873,0.9525257246756096,-1.3222363036748415,17,0.5541260952077162,9.420143618531174,0.0,0.0,0.0,0.0,44.330967510562516,-0.8767095579707131,False,True,False,True,False,0.0
2025-04-09 00:00:00+00:00,0.8501,0.91,0.83,0.91,14022,2.1349496861848287,0.9593080097930352,0.9694492469365769,2.2299957954719236,2.099195021348765,1.9833733852564304,1.4575335897076647,0.9506216213995741,,0.9515162837892225,"rgba(239, 83, 80, 1.0)",0.07692955173221017,0.9515162837892225,-1.3183007245674594,17,0.5534572619335844,9.408773452870934,0.0,0.0,0.0,0.0,43.51945754517422,-1.8058259954636426,False,True,False,True,False,0.0
2025-04-10 00:00:00+00:00,0.81,0.835,0.8097,0.8097,61319,2.1328960606374454,0.9569628760691699,0.9656103951770272,2.228939464252746,2.097160181203022,1.9813570036685355,1.4559135615919576,0.9281814336609925,,0.9455464604386886,"rgba(255, 0, 0, 1.0)",0.07574810783583827,0.9455464604386886,-1.7894369154731313,17,0.546791667508108,9.295458347637837,0.0,0.0,0.0,0.0,41.47940910758055,-3.8873947927572274,False,True,False,True,False,0.0
2025-04-11 00:00:00+00:00,0.6993,0.8778,0.6446,0.7545,179933,2.126552929178859,0.9468981975638422,0.9500083102125794,2.2256787445140236,2.090865989535044,1.9750878502867284,1.4506335763970326,0.8658616095000039,,0.9139862251764661,"rgba(255, 26, 202, 1.0)",0.07945044782749254,0.9139862251764661,-2.7021399003641284,16,0.5176652221061105,8.282643553697769,0.0,0.0,0.0,0.0,37.05481528405146,-8.100805939107786,False,True,False,True,False,0.0
2025-04-14 00:00:00+00:00,0.8008,0.85,0.681,0.715,54851,2.1246816575898055,0.9445267350902463,0.946433083365155,2.224712075783564,2.0890106942047906,1.9732457731415476,1.4491218770457535,0.8577154585008264,,0.9106322875063414,"rgba(239, 83, 80, 1.0)",0.0800011686042348,0.9106322875063414,-1.3728835393602932,15,0.5023229820519111,7.534844730778666,0.0,0.0,0.0,0.0,38.85969085280666,-8.100805939107786,False,True,False,True,False,0.0
2025-04-15 00:00:00+00:00,0.92,0.92,0.8,0.8009,35406,2.1235684024238335,0.9439496495937316,0.9455572537561411,2.224133020407098,2.087909467242545,1.972161608980988,1.44829834147942,0.8589639891968959,,0.9111967909592792,#000000,0.07560890473980661,0.9111967909592792,0.11643084992456097,14,0.531057231440618,7.434801240168652,0.0,0.0,0.0,0.0,43.9795460959523,-11.427745969335021,False,True,False,True,True,0.07562783257090899
2025-04-16 00:00:00+00:00,0.98,0.98,0.8701,0.92,34110,2.122552332782881,0.9439446695253169,0.9455297799186091,2.223601909248311,2.0869060012571072,1.9711796435690145,1.447595415592166,0.8632863985493755,,0.9130405961299412,"rgba(38, 166, 154, 0.5)",0.07078600406470671,0.9130405961299412,0.9459412881796532,14,0.521468773579864,7.300562830118096,0.0,0.0,0.0,0.0,48.943147585626846,-7.005643734802618,False,True,False,False,True,2.241110699682327
2025-04-17 00:00:00+00:00,0.8652,0.979999,0.82,0.88,81765,2.1200106198977844,0.9428301004482357,0.9438623581585714,2.222275990834624,2.0843924664444966,1.9687079149624076,1.4457355581538476,0.8660322172358966,,0.913708705343461,"rgba(239, 83, 80, 0.5)",0.06931687527766608,0.913708705343461,-0.6998109067834827,14,0.5209850398718394,7.293790558205751,0.0,0.0,0.0,0.0,48.79540616200816,-7.005643734802618,False,True,False,False,True,0.0
2025-04-21 00:00:00+00:00,0.8,0.9177,0.8,0.8129,42312,2.1186470897843024,0.9417654233329222,0.9423056099967333,2.2215656311315315,2.083042588604639,1.9673752517253784,1.44469348675955,0.8645971278199295,,0.9126534385438039,"rgba(255, 0, 0, 1.0)",0.06958033045989505,0.9126534385438039,-1.6190414417295045,15,0.5240194369025539,7.860291553538309,0.0,0.0,0.0,0.0,47.09412844204719,-7.005643734802618,False,True,False,False,True,0.0
2025-04-22 00:00:00+00:00,0.9,0.98,0.87,0.93,11322,2.1183047759852154,0.9416965912591548,0.9422039382521381,2.2213863149257644,2.0827043355038612,1.967043625598537,1.4444508363478967,0.8653327023034298,,0.91288811335799,#000000,0.06776966166924607,0.91288811335799,-0.19017526486838937,15,0.5238554341740803,7.857831512611205,0.0,0.0,0.0,0.0,48.64951744903207,-7.005643734802618,False,True,False,False,True,0.0
2025-04-23 00:00:00+00:00,1.0285,1.03,0.861,0.891528,100107,2.115428477414148,0.942441619106595,0.9432527900977188,2.219871541741737,2.079866583661854,1.964277766233263,1.4425436718400435,0.87730626676531,,0.9190366527958103,"rgba(0, 255, 255, 0.75)",0.06839598918268225,0.9190366527958103,1.6004351792006197,15,0.5189538773094725,7.784308159642087,0.0,0.0,0.0,0.0,52.39481528148144,-4.109016588671217,False,False,True,False,True,3.667334708547326
2025-04-24 00:00:00+00:00,0.922,1.01,0.92,0.98,39214,2.1142835898862526,0.9425171945835435,0.9433498795476628,2.2192684843835533,2.078736410442472,1.9631740120772634,1.441765186163186,0.8803641132729152,,0.9198367365753505,#000000,0.06706772629731843,0.9198367365753505,0.032254909239946276,16,0.576397949858048,9.222367197728769,0.0,0.0,0.0,0.0,52.23447264662204,-4.109016588671217,False,False,False,False,True,0.13560627915831702
2025-04-25 00:00:00+00:00,0.8901,0.96,0.8629,0.95125,9408,2.1139983258794026,0.9424332056313914,0.9432276800740608,2.219118606385192,2.0784544791719823,1.9628974616515478,1.4415611962000394,0.8806014377781473,,0.9196742854140754,#000000,0.06539858100113727,0.9196742854140754,-0.452216010826918,16,0.576189332381211,9.219029318099375,0.0,0.0,0.0,0.0,51.40050275205236,-4.109016588671217,False,False,False,False,True,0.0
2025-04-28 00:00:00+00:00,0.96,0.96,0.92,0.92,8556,2.1137480874044425,0.9424416573194819,0.9432374477039761,2.218986718960424,2.078207437770768,1.9626561343889861,1.44139042224816,0.8811910167246941,,0.9198408728243577,"rgba(38, 166, 154, 0.5)",0.06451667596864706,0.9198408728243577,0.6224611942989481,17,0.5643526117321997,9.593994399447396,0.0,0.0,0.0,0.0,52.385396447050844,-3.724714669600182,True,False,False,False,True,1.3477057439832159
2025-04-29 00:00:00+00:00,0.895,0.98,0.878,0.9541,13778,2.1133353383612286,0.9423622642052736,0.9431210253762673,2.218769554353855,2.077799655903739,1.9622566725414943,1.4410995613158704,0.8817077788528771,,0.9197968988014085,#000000,0.06447744505861443,0.9197968988014085,-0.3845825277175044,18,0.5621903197950238,10.119425756310427,0.0,0.0,0.0,0.0,51.484209861965475,-3.724714669600182,False,False,False,False,True,0.0
2025-04-30 00:00:00+00:00,0.9351,0.9698,0.87,0.92,10388,2.1130262310294445,0.9423203359861548,0.943058919785051,2.2186067881777807,2.077494329314581,1.9619578012522039,1.4408835340317458,0.8821649664295472,,0.9198360293024942,#000000,0.06458718349689363,0.9198360293024942,0.23633126374429966,19,0.5495907501925961,10.442224253659326,0.0,0.0,0.0,0.0,51.80808854370112,-3.724714669600182,False,False,False,False,True,0.5482617288589893
2025-05-01 00:00:00+00:00,0.98,0.98,0.8818,0.93,19481,2.1124578564973437,0.9423425932048896,0.943085742417128,2.218306917049632,2.0769332454027145,1.9614098239453712,1.4404963872883458,0.8834301900326786,,0.9202436589603,"rgba(38, 166, 154, 0.5)",0.06513035363403014,0.9202436589603,0.9174883553599762,20,0.5304241821872193,10.608483643744385,0.0,0.0,0.0,0.0,53.031687453237126,-2.293994994142544,True,False,True,False,True,1.9492174738848043
2025-05-02 00:00:00+00:00,0.9194,0.95,0.8743,0.95,23495,2.1117538901494877,0.9421926696044336,0.9428681592326512,2.2179361469949392,2.076237725989283,1.9607284402179916,1.4399993752291436,0.8841432838313104,,0.9201884844814661,#000000,0.06487269565022132,0.9201884844814661,-0.012154335095267118,20,0.5304242304836765,10.60848460967353,0.0,0.0,0.0,0.0,52.25228823138714,-2.293994994142544,True,False,False,False,True,0.00545744940112769
2025-05-05 00:00:00+00:00,0.9194,0.9194,0.878,0.9,4430,2.1116202560144397,0.9421554662540091,0.9428146249724383,2.217865780866237,2.076105667008891,1.9605989638676706,1.4399041710409983,0.8842355404177755,,0.9201543786275878,#000000,0.06416360639583019,0.9201543786275878,-0.011757110766716263,20,0.5304242503715871,10.608485007431742,0.0,0.0,0.0,0.0,51.73268875015383,-2.293994994142544,True,False,False,False,True,0.00545744940112769
2025-05-06 00:00:00+00:00,0.93,0.93,0.8712,0.8712,7559,2.1113932089684098,0.9421004723803674,0.9427353689445379,2.2177461702342054,2.075881324608759,1.9603791139035645,1.4397432591575132,0.884426100486283,,0.9201240521460573,#000000,0.06422319703302255,0.9201240521460573,0.15377540063701112,20,0.5304242503715871,10.608485007431742,0.0,0.0,0.0,0.0,51.68095826474832,-2.293994994142544,True,False,False,False,True,0.348901290125859
2025-05-07 00:00:00+00:00,0.93,0.93,0.89,0.93,3462,2.111289793180525,0.9420803153960136,0.9427062089548623,2.217691658774539,2.0757791575812,1.9602790547654894,1.4396704667144578,0.884533286780911,,0.9201258427105564,#000000,0.06396328222643409,0.9201258427105564,0.15437227336909456,20,0.5194055691539881,10.38811138307976,0.0,0.0,0.0,0.0,51.64647127447798,-2.293994994142544,True,False,False,False,True,0.348901290125859
2025-05-08 00:00:00+00:00,0.92,0.96,0.85,0.904859,20513,2.110673984863461,0.9419303744188167,0.942490865660494,2.2173671072550993,2.0751706884346848,1.959682794197217,1.4392340805938957,0.8850252580312813,,0.9183211367711414,#000000,0.06361120783355172,0.9183211367711414,0.02639256958068903,20,0.522439641569627,10.44879283139254,0.0,0.0,0.0,0.0,51.2786764212309,-2.293994994142544,True,False,False,False,True,0.011461971757395162
2025-05-09 00:00:00+00:00,0.88,0.908,0.8511,0.8796,71670,2.1084731993536385,0.9409304721806538,0.9410788862185663,2.2162081747682656,2.0729945918278956,1.9575448524810264,1.4376280581950116,0.8846885529740154,,0.9157634125208542,"rgba(239, 83, 80, 0.5)",0.06334224327938606,0.9157634125208542,-0.5646060301829094,20,0.5249387295589105,10.498774591178211,0.0,0.0,0.0,0.0,49.66732611159952,-2.293994994142544,False,False,False,False,False,0.0
2025-05-12 00:00:00+00:00,0.96,0.96,0.86,0.91,89506,2.1058403780935904,0.9406498791827448,0.9406852008691934,2.214814406703113,2.070394571751368,1.9550025410143925,1.4358030118422767,0.8877606865087411,,0.9176068079766582,"rgba(38, 166, 154, 0.5)",0.06362688314966083,0.9176068079766582,0.6662779932756737,20,0.5287740225131777,10.575480450263555,0.0,0.0,0.0,0.0,51.29563677031298,-2.200630457347856,True,False,False,False,True,1.3626060119170553
2025-05-13 00:00:00+00:00,0.9486,0.96,0.9,0.95,49206,2.1044096349052257,0.9406022707285192,0.9406188429342895,2.2140551253819822,2.068982098865246,1.953623145107863,1.4348239168429582,0.8896341723247106,,0.9185765214049824,#000000,0.0635439561953944,0.9185765214049824,0.47248362224563084,20,0.5514525929462202,11.029051858924404,0.0,0.0,0.0,0.0,51.9596704173553,-1.4253295099582814,True,False,False,False,True,0.9722079080318515
2025-05-14 00:00:00+00:00,1.03,1.03,0.9,0.91,61868,2.1026931821185904,0.9412136998386139,0.9414597801571661,2.2131393920302793,2.0672900421038154,1.951979851499543,1.4337223536326384,0.8941339964455384,,0.921580441621067,"rgba(0, 255, 255, 0.75)",0.06467634037777084,0.921580441621067,1.6763403393831582,19,0.540845686052333,10.276068034994326,0.0,0.0,0.0,0.0,54.80060590731104,1.3501580901676817,True,False,True,False,True,3.630679349640811
2025-05-15 00:00:00+00:00,0.880442,1.01,0.8725,1.01,90676,2.10003948310687,0.9408275993033158,0.9409259286314584,2.2117279777652277,2.0646694753606822,1.949418244787709,1.4318818267627593,0.8958425822766745,,0.9217559990557682,"rgba(239, 83, 80, 0.5)",0.06437885098235797,0.9217559990557682,-0.6417324699859854,19,0.5416150185796847,10.29068535301401,0.0,0.0,0.0,0.0,51.908566367450405,1.3501580901676817,True,False,False,False,False,0.0
2025-05-16 00:00:00+00:00,0.94,0.9494,0.8978,0.9152,8498,2.0997930950668002,0.9408066036424771,0.9408970263811162,2.21159668809702,2.0644262262983912,1.9491807099959289,1.4317127319853333,0.8960395708937312,,0.9218119126568199,#000000,0.06393006552720826,0.9218119126568199,0.28449974504467324,20,0.5537618457299442,11.075236914598886,0.0,0.0,0.0,0.0,51.67212039650952,1.3501580901676817,True,False,False,False,False,0.578246700693839
2025-05-19 00:00:00+00:00,0.9716,0.97205,0.9,0.9003,21047,2.0991931127128147,0.9408377550664875,0.9409389425539098,2.2112764075794873,2.063834196912716,1.9486037262038725,1.4313100835798418,0.8967898572257301,,0.9221663150040506,"rgba(38, 166, 154, 0.5)",0.06358744783868467,0.9221663150040506,0.7774126290043601,20,0.5244322148181386,10.488644296362772,0.0,0.0,0.0,0.0,52.3621573210164,1.3501580901676817,True,False,False,False,False,1.5718075646312109
2025-05-20 00:00:00+00:00,0.94,0.94,0.8805,0.92525,12649,2.0988241575166517,0.9407832135493234,0.9408643112763407,2.2110797797657478,2.063469866636795,1.9482476902394408,1.4310545633228906,0.8969914248554388,,0.9221812557606132,#000000,0.06266176469801865,0.9221812557606132,0.2843639071650692,20,0.5273975048022538,10.547950096045076,0.0,0.0,0.0,0.0,51.85100032421914,1.3501580901676817,True,False,False,False,False,0.5426994485281007
2025-05-21 00:00:00+00:00,0.924,0.97,0.9122,0.97,17779,2.098312654360022,0.9407633229003961,0.9408368553745982,2.210806767821838,2.0629649866097917,1.9477550837177153,1.4307065404691242,0.8974513456752788,,0.9223477570163965,#000000,0.06251805810278918,0.9223477570163965,0.026428251832246924,20,0.5531486033420699,11.062972066841398,0.0,0.0,0.0,0.0,51.01363679450487,4.552740240218107,False,False,False,False,False,0.021761273571343054
2025-05-22 00:00:00+00:00,0.8823,0.924,0.8823,0.924,5540,2.0981479904774236,0.9407120736396409,0.9407670776388019,2.2107191062379843,2.0628022903940297,1.9475957437720997,1.430589620389119,0.8974466939168988,,0.9222829038904363,"rgba(239, 83, 80, 0.5)",0.06198028253199193,0.9222829038904363,-0.6450907007369425,20,0.5864916838888028,11.729833677776057,0.0,0.0,0.0,0.0,49.18057391950881,2.7208030533307976,False,False,False,False,False,0.0
2025-05-23 00:00:00+00:00,1.05,1.05,0.895,0.9395,221828,2.092148646263494,0.9432486475080926,0.9441581001280216,2.2074905910393396,2.056891908312715,1.9418709682262911,1.4268364638549762,0.9105179428975273,,0.933060877875797,"rgba(0, 255, 255, 0.75)",0.06324115115430863,0.933060877875797,1.8490985693614468,21,0.5855604421137944,12.296769284389683,0.0,0.0,0.0,0.0,52.59605540882933,2.7208030533307976,True,False,False,False,True,3.9234593799813062
2025-05-27 00:00:00+00:00,0.9406,1.02,0.9261,1.02,180725,2.087149380105128,0.9439059526596348,0.9449858339396098,2.2047948276879348,2.0519624072542495,1.937081239545323,1.4235730058223632,0.9154556364883808,,0.9345809032415169,#000000,0.0629966457328673,0.9345809032415169,0.0955463054970681,22,0.6438837097342694,14.165441614153927,0.0,0.0,0.0,0.0,51.80546597365394,2.7208030533307976,False,False,False,False,True,0.4663846844458597
2025-05-28 00:00:00+00:00,0.941,0.9793,0.91,0.92,39131,2.086054754911434,0.9439024359686558,0.9449705914365584,2.204203863117136,2.0508825885913304,1.936030436872971,1.4228438737671645,0.9160223092051244,,0.9345800140588587,#000000,0.06275085323053352,0.9345800140588587,0.10230914179852744,22,0.6556637784556227,14.424603126023701,0.0,0.0,0.0,0.0,51.288733821150274,2.7208030533307976,False,False,False,False,True,0.47856337126514603
2025-05-29 00:00:00+00:00,0.98,0.9989,0.926,0.926,43561,2.0848651351156984,0.9441028663479748,0.9452228141848833,2.2035596092836003,2.049709931620628,1.934892524097851,1.4220767635844258,0.91717504603182,,0.9351194175139963,"rgba(38, 166, 154, 0.5)",0.06151732994744384,0.9351194175139963,0.7295599878009426,22,0.6581261041739452,14.478774291826795,0.0,0.0,0.0,0.0,51.9819066976039,2.7208030533307976,True,False,False,False,True,1.6706414479142886
2025-05-30 00:00:00+00:00,0.99,1.0,0.9501,0.9887,19703,2.0843335371319998,0.9442358822923115,0.9453922116810314,2.2032711943439542,2.0491861090160213,1.9343849522765715,1.4217395927436698,0.9177957733319635,,0.93546582928044,"rgba(38, 166, 154, 0.5)",0.0613432279816935,0.93546582928044,0.8890006690850131,22,0.6626176804641357,14.577588970210986,0.0,0.0,0.0,0.0,52.71362171361321,2.7208030533307976,True,False,False,False,True,1.9762720241231797
2025-06-02 00:00:00+00:00,1.0,1.0,0.97,0.985,45682,2.0831140831949986,0.9446253459331417,0.9458898884794035,2.2026084625605136,2.047984885138621,1.93322247341952,1.420977421885287,0.9194119260136497,,0.9364478355434753,"rgba(38, 166, 154, 1.0)",0.06114436375671944,0.9364478355434753,1.0393789476555086,22,0.6676982900949631,14.689362382089188,0.0,0.0,0.0,0.0,53.48739202921764,-0.11701558599154538,True,False,True,False,True,2.285524875134172
2025-06-03 00:00:00+00:00,0.995,1.0,0.93,0.96,31693,2.082258065415911,0.9448036309274609,0.9461134773637847,2.20214341916995,2.0471413135344627,1.932404856497043,1.420431877616674,0.9202619425767511,,0.936892527869639,"rgba(38, 166, 154, 0.5)",0.06160555208195223,0.936892527869639,0.943218105619153,22,0.6699818702878976,14.739601146333747,0.0,0.0,0.0,0.0,53.8162676569708,0.34818776209355917,True,False,True,False,True,2.11889439914815
2025-06-04 00:00:00+00:00,0.995,1.0148,0.9335,0.9887,21468,2.0816821628462736,0.9449473689270115,0.9462945620307676,2.2018301760658012,2.0465739003800385,1.9318553402608007,1.4200681482472992,0.9208856401738618,,0.9372436201764222,"rgba(38, 166, 154, 0.5)",0.062261332484790044,0.9372436201764222,0.9276444547293824,21,0.6246775476122067,13.118228499856341,0.0,0.0,0.0,0.0,54.03551807547291,0.7401748930309324,True,False,True,False,True,2.11889439914815
2025-06-05 00:00:00+00:00,0.935,1.01,0.92,1.01,32989,2.08077741106521,0.9450081727512742,0.9463632544149682,2.201338856441566,2.045681826126826,1.9309890103545557,1.419477229667195,0.9214147248789061,,0.9374062233376159,#000000,0.06184956937287751,0.9374062233376159,-0.038904447711014305,21,0.6247996913040431,13.120793517384906,0.0,0.0,0.0,0.0,51.840933229653075,0.7401748930309324,True,False,False,False,False,0.09586863392140899
2025-06-06 00:00:00+00:00,0.95,0.95,0.9202,0.9376,16445,2.080320959741517,0.944993317920856,0.9463385836286515,2.2010911455796554,2.045231590682307,1.9305511199367038,1.4191737648264402,0.921557822366907,,0.9373849067718687,#000000,0.06196255266471435,0.9373849067718687,0.20359221312899753,21,0.6252324583772276,13.12988162592178,0.0,0.0,0.0,0.0,50.97756766274422,0.7401748930309324,True,False,False,False,False,0.5937933862818241
2025-06-09 00:00:00+00:00,0.94,0.9499,0.93,0.93,3192,2.0802323963956666,0.9449903866038402,0.9463337413845041,2.2010430719807683,2.045144233873087,1.9304661609970066,1.4191148940622729,0.9215851950419497,,0.9373808969774762,#000000,0.06197731786003561,0.9373808969774762,0.04225905723184949,22,0.6084750822458393,13.386451809408467,0.0,0.0,0.0,0.0,49.99990800907622,3.192928363536332,False,False,False,False,False,0.2534892321149904
2025-06-10 00:00:00+00:00,0.92,0.948,0.89,0.948,26329,2.0794892026658824,0.9448675640020376,0.9461655496675448,2.2006401942025753,2.0444107606423816,1.9297513517860994,1.4186089665652541,0.9215579109340111,,0.9371283387589425,#000000,0.06195682064821918,0.9371283387589425,-0.27645606375114734,22,0.6155495879571901,13.542090935058182,0.0,0.0,0.0,0.0,48.529336942434625,1.7318715676948386,False,False,False,False,False,0.0
2025-06-11 00:00:00+00:00,0.947998,0.947998,0.9117,0.938,4949,2.0793516056673207,0.9448595008834172,0.9461535423011336,2.2005654731745516,2.044275026481504,1.9296193045460446,1.4185171343458218,0.9215904972456156,,0.937115737761971,#000000,0.06178140977965842,0.937115737761971,0.17614137127722215,23,0.6002066271875443,13.804752425313518,0.0,0.0,0.0,0.0,48.872694527986695,1.7318715676948386,False,False,False,False,False,0.5367477036315371
2025-06-12 00:00:00+00:00,0.9479,0.9479,0.909767,0.92,7574,2.079140959267259,0.9448462139824614,0.9461339524616613,2.2004510722863486,2.0440672289277626,1.929417141761105,1.4183764544585826,0.9216376225811648,,0.9370946820591979,#000000,0.061819113399195595,0.9370946820591979,0.17478927384524226,24,0.5850867266370026,14.042081439288062,0.0,0.0,0.0,0.0,49.09695865680006,1.7318715676948386,False,False,False,False,False,0.533284449780286
2025-06-13 00:00:00+00:00,0.869,0.9231,0.8463,0.9,57753,2.077459177488737,0.9441683546375366,0.9452379159455176,2.199541038977412,2.042405801291103,1.9277920712133978,1.4171830368491003,0.9205519499355641,,0.9356873114010513,"rgba(239, 83, 80, 1.0)",0.061714089929618035,0.9356873114010513,-1.0805848628263823,24,0.5870619198404682,14.089486076171237,0.0,0.0,0.0,0.0,45.956172592914946,-0.8975939147986693,False,True,False,True,False,0.0
2025-06-16 00:00:00+00:00,0.8925,0.9099,0.884999,0.884999,12946,2.077087964429875,0.944056200614257,0.9450894145328047,2.1993397383919278,2.0420392448216624,1.9274341476353234,1.4169243471913653,0.9204099256257235,,0.9354692057888012,"rgba(239, 83, 80, 0.5)",0.06179897466789516,0.9354692057888012,-0.6953061279692063,25,0.6095733374800396,15.23933343700099,0.0,0.0,0.0,0.0,45.094436637107805,-1.7030149326629314,False,True,False,True,False,0.0
2025-06-17 00:00:00+00:00,0.88,0.92,0.86,0.91,19039,2.0765382469917766,0.9438611652621453,0.9448324674184888,2.199041735764364,2.0414963032700006,1.9269035630942146,1.416537712685103,0.9201275718255898,,0.9350884708621164,"rgba(239, 83, 80, 0.5)",0.061875806255214806,0.9350884708621164,-0.890307119957304,25,0.6086739683874836,15.216849209687089,0.0,0.0,0.0,0.0,44.019577860338714,-2.7381542275250723,False,True,False,True,False,0.0
2025-06-18 00:00:00+00:00,0.91,0.91,0.8503,0.86,13905,2.076138242951725,0.9437280586665145,0.9446572243330208,2.1988247462784196,2.0411012699886806,1.9265176739617653,1.416257520327883,0.9199451790383159,,0.9348345756126806,#000000,0.06178065259778786,0.9348345756126806,-0.4019798200313892,25,0.6113461597023756,15.28365399255939,0.0,0.0,0.0,0.0,44.925274207253494,-2.7381542275250723,False,True,False,True,False,0.0
2025-06-20 00:00:00+00:00,0.905,0.91,0.84,0.8732,22737,2.075481940208878,0.943491257395718,0.9443465157438817,2.1984687050639558,2.04045304864484,1.925884197254496,1.4157955663123352,0.9196015066633911,,0.9343853344963786,#000000,0.061627141114082476,0.9343853344963786,-0.4768245608210393,25,0.6149396058948277,15.373490147370692,0.0,0.0,0.0,0.0,45.293564006795066,-2.7381542275250723,False,True,False,True,False,0.0
2025-06-23 00:00:00+00:00,0.812,0.91,0.8,0.91,69663,2.0734008997735134,0.942236464693948,0.9427180518600253,2.197342265589324,2.0383954770476573,1.9238656391398612,1.4142673938818129,0.9172926218516778,,0.9319609399637118,"rgba(255, 0, 0, 1.0)",0.06202094696297701,0.9319609399637118,-1.9342003925757791,25,0.6095147234411215,15.237868086028037,0.0,0.0,0.0,0.0,41.91451133267407,-4.723577432366724,False,True,False,True,False,0.0
2025-06-24 00:00:00+00:00,0.83438,0.852,0.82,0.82,5819,2.0732266535042254,0.9421277334777993,0.9425775149347573,2.1972478970877662,2.0382231801979804,1.9236965584729286,1.4141389566185276,0.9170931661943295,,0.931755779272293,"rgba(255, 0, 0, 1.0)",0.0621227872458522,0.931755779272293,-1.5674728000681357,25,0.6085342660927509,15.21335665231877,0.0,0.0,0.0,0.0,40.933876316922564,-5.606603093738563,False,True,False,True,False,0.0
2025-06-25 00:00:00+00:00,0.8705,0.8705,0.826188,0.8599,68110,2.071224122719075,0.9411100770857875,0.9412656961505803,2.1961607342196903,2.0362440747189003,1.9217581975048057,1.4126923652613634,0.9153910920757846,,0.9299286285112695,"rgba(239, 83, 80, 0.5)",0.06185495909288602,0.9299286285112695,-0.9607738713726565,25,0.6125015463617528,15.31253865904382,0.0,0.0,0.0,0.0,42.204491841548816,-5.606603093738563,False,True,False,True,False,0.0
2025-06-26 00:00:00+00:00,0.827499,0.89,0.79,0.889,55258,2.0695777779181026,0.94011356374708,0.9399893073879086,2.1952669342978504,2.0346162973107145,1.9201615027933308,1.4114825045078294,0.9136401578854856,,0.9281606388628415,"rgba(255, 0, 0, 1.0)",0.062397151141132035,0.9281606388628415,-1.6132409416442994,25,0.6136671008715164,15.341677521787911,0.0,0.0,0.0,0.0,41.40750578135234,-5.606603093738563,False,True,False,True,False,0.0
2025-06-27 00:00:00+00:00,0.8,0.8337,0.712,0.7941,59026,2.0677473445507695,0.9385298668430003,0.9379710424200515,2.1942756569661874,2.0328043843593564,1.9183765339472154,1.4100751794996784,0.9106142188053705,,0.9175887962611002,"rgba(255, 0, 0, 1.0)",0.06361413418987547,0.9175887962611002,-1.8484696484294065,25,0.6036245987961404,15.090614969903509,-1.0,0.0,0.712,916.0,39.92119844652544,-6.479383823146108,False,True,False,True,False,0.0
2025-06-30 00:00:00+00:00,0.809,0.809,0.7699,0.808,18097,2.0671933149814175,0.9380936843497027,0.9374173812528952,2.193975040161904,2.03225614778033,1.9178371543071646,1.4096545956729942,0.9098124994438882,,0.91701415602478,"rgba(255, 0, 0, 1.0)",0.06452332104330356,0.91701415602478,-1.6740328036166698,24,0.6002517505874879,14.406042014099711,0.0,0.0,0.0,0.0,39.461053070946164,-6.973185457049361,False,True,False,True,False,0.0
2025-07-01 00:00:00+00:00,0.8621,0.8621,0.7702,0.8205,18409,2.066645953372657,0.9377628564682052,0.9369988279429574,2.193677135068509,2.0317149574906375,1.9173063524974274,1.4092520662553245,0.9092591255134638,,0.9169283467049082,"rgba(239, 83, 80, 0.5)",0.06474534637120652,0.9169283467049082,-0.8468306956079769,24,0.6028763121191886,14.469031490860527,0.0,0.0,0.0,0.0,42.03896601909492,-6.973185457049361,False,True,False,True,True,0.0
2025-07-02 00:00:00+00:00,0.8873,0.9205,0.8131,0.8605,42766,2.065419591250443,0.9373039309555992,0.9364225915584351,2.1930069804918704,2.030503700625144,1.91612305307993,1.408387195985006,0.9086839936458537,,0.9175206774837559,#000000,0.06410966440396319,0.9175206774837559,-0.47139035533443985,24,0.6046789608310884,14.512295059946123,0.0,0.0,0.0,0.0,44.96283384141426,-8.901542265373294,False,True,False,True,True,0.0
2025-07-03 00:00:00+00:00,0.8512,0.8837,0.8205,0.821,15049,2.064980749224447,0.937089154332375,0.9361526587741947,2.192767420724416,2.030070039066521,1.915698590471593,1.408071120556748,0.9083626706411928,,0.9173619937233735,"rgba(239, 83, 80, 1.0)",0.064519036653328,0.9173619937233735,-1.0254646869399708,24,0.6041212809960954,14.49891074390629,0.0,0.0,0.0,0.0,45.26256408263309,-8.66264707404141,False,True,False,True,True,0.0
2025-07-07 00:00:00+00:00,0.8178,0.840299,0.8,0.81,43193,2.063689338197717,0.9362465038143921,0.935093139146982,2.192063702811022,2.0287929196204235,1.9144451114806005,1.4071131469716038,0.9069428125238702,,0.9160055050023781,"rgba(255, 0, 0, 1.0)",0.0647249001491865,0.9160055050023781,-1.5172754963857975,24,0.6100845522360135,14.642029253664326,0.0,0.0,0.0,0.0,44.08376989916819,-8.66264707404141,False,True,False,True,True,0.0
2025-07-08 00:00:00+00:00,0.97,0.9751,0.8,0.8,100164,2.0609343087590433,0.9359001332529351,0.9346798063204871,2.190548101400117,2.026075089436662,1.9118022910139283,1.4052632223047243,0.9072314614331661,0.9150333333333335,0.916513572883753,"rgba(38, 166, 154, 0.5)",0.06310517217539414,0.916513572883753,0.847575963624457,24,0.6136769292631284,14.728246302315082,0.0,0.0,0.0,0.0,49.345004279477166,-4.962019045319813,False,False,False,False,True,2.015007375125343
2025-07-09 00:00:00+00:00,0.9,0.9577,0.880001,0.9509,29734,2.060117256850883,0.9357875820423965,0.9345453719340368,2.1900980139485027,2.0252690590183944,1.9110185152030394,1.404713991350457,0.9072873776751499,0.9144687830297619,0.9167140801277794,#000000,0.06302030056000632,0.9167140801277794,-0.26521739787427223,25,0.6322209629160086,15.805524072900216,0.0,0.0,0.0,0.0,50.13717523924675,-4.359532795619906,True,False,False,False,True,0.0
2025-07-10 00:00:00+00:00,0.86,0.9,0.8511,0.9,13912,2.0597213286476443,0.9356402657091994,0.9343633347524899,2.1898805823393226,2.0248780448408064,1.910636741131923,1.4044354374852834,0.9071072245952723,0.9102023993092739,0.9163403036858474,"rgba(239, 83, 80, 0.5)",0.06328388028791505,0.9163403036858474,-0.8902789056158175,26,0.6188376236706857,16.08977821543783,0.0,0.0,0.0,0.0,49.306929054350356,-4.359532795619906,False,False,False,False,True,0.0
2025-07-11 00:00:00+00:00,0.87,0.8999,0.84,0.84,3337,2.059626366637793,0.935604812363523,0.9343195519242536,2.1898284229821603,2.024784261164442,1.9105451733998007,1.4043686153698178,0.9070638057078603,0.9092899332730762,0.9162556172774895,"rgba(239, 83, 80, 0.5)",0.0634253597012434,0.9162556172774895,-0.7292921553046029,26,0.6176609620923389,16.05918501440081,0.0,0.0,0.0,0.0,49.12352664896504,-4.359532795619906,False,False,False,False,True,0.0
2025-07-14 00:00:00+00:00,0.871,0.8896,0.8515,0.86,14417,2.059216524697675,0.9354537868673255,0.9341332248787073,2.189603248977034,2.024379515256715,1.910150032757949,1.4040805084303654,0.9068810670922667,0.9058463996393586,0.9159192298773714,"rgba(239, 83, 80, 0.5)",0.06339775368663626,0.9159192298773714,-0.708530306915906,26,0.6190633479034648,16.095647045490086,0.0,0.0,0.0,0.0,49.04101273002722,-4.359532795619906,False,False,False,False,True,0.0
2025-07-15 00:00:00+00:00,0.856,0.8799,0.843,0.854,19548,2.058656101244134,0.9352153248928028,0.9338385472644645,2.1892954976619423,2.0238259138218284,1.9096090421762943,1.4036822660725559,0.9065613099434133,0.9008584749289575,0.9153588435256582,"rgba(239, 83, 80, 0.5)",0.06366874243977781,0.9153588435256582,-0.9323074596895616,26,0.6168657799085939,16.03851027762344,0.0,0.0,0.0,0.0,48.383496933280206,-4.359532795619906,False,False,False,False,True,0.0
2025-07-16 00:00:00+00:00,0.846,0.86,0.8329,0.840274,13166,2.058274744860293,0.9350273750738733,0.9336059594732165,2.189086223073072,2.023449080846073,1.909240364226649,1.4034078039205662,0.906287874834172,0.8971611088817742,0.9148960944286199,"rgba(239, 83, 80, 1.0)",0.06291192452235135,0.9148960944286199,-1.095119803625503,26,0.6137794131194305,15.958264741105193,0.0,0.0,0.0,0.0,47.53088970579709,-4.359532795619906,False,False,False,False,False,0.0
2025-07-17 00:00:00+00:00,0.8612,0.87,0.84,0.861,12740,2.057909232162086,0.9348682387791374,0.9334096810950135,2.1888854050723974,2.0230880032842915,1.9088874696453513,1.4031476071431408,0.9060727052481334,0.8946936751619022,0.9145622475081673,"rgba(239, 83, 80, 0.5)",0.06305136522636,0.9145622475081673,-0.8463297712363897,26,0.6120676900086205,15.913759940224132,0.0,0.0,0.0,0.0,47.72599449040373,-4.359532795619906,False,False,False,False,False,0.0
2025-07-18 00:00:00+00:00,0.9,0.9264,0.8699,0.8699,38834,2.0568350915329954,0.9346450006206333,0.9331409828797929,2.1882928006552715,2.0220280589241924,1.9078558258095653,1.40241645229707,0.9059766315599668,0.895337031946049,0.914587316159379,#000000,0.06298602374049003,0.914587316159379,-0.2315960794648749,26,0.6131415904568971,15.941681351879325,0.0,0.0,0.0,0.0,49.6913862445735,-4.017837112888678,True,False,False,False,True,0.0
2025-07-21 00:00:00+00:00,0.8695,0.914401,0.8669,0.8911,29781,2.056001932624386,0.9344040848389503,0.9328480538649682,2.187833372560929,2.0212056054068985,1.90705423651361,1.4018403378308657,0.9057532330695796,0.8940689304437422,0.9143333310696473,"rgba(239, 83, 80, 0.5)",0.06288847449489647,0.9143333310696473,-0.7129021880358313,26,0.6120431308171704,15.913121401246432,0.0,0.0,0.0,0.0,49.499343709928866,-4.017837112888678,True,False,False,False,True,0.0
2025-07-22 00:00:00+00:00,0.8649,0.87,0.85,0.8653,10462,2.05570404778023,0.9342836290439357,0.9327004340245255,2.1876693361914135,2.0209113876014926,1.9067668999834095,1.4016296877710248,0.905599034114257,0.8928828166809394,0.9141212068211338,"rgba(239, 83, 80, 0.5)",0.06289846154413939,0.9141212068211338,-0.7825502502408991,26,0.6123676734431422,15.921559509521698,0.0,0.0,0.0,0.0,49.14616816568069,-4.017837112888678,False,False,False,False,True,0.0
2025-07-23 00:00:00+00:00,0.87,0.946155,0.78,0.8652,68230,2.0537710638815123,0.933547796663912,0.9318025536315688,2.18660355897099,2.0190024417959775,1.9049035580138456,1.4002694275886827,0.9047028498177399,0.8875877456807546,0.912978102940885,"rgba(239, 83, 80, 0.5)",0.0629575200105662,0.912978102940885,-0.6826524128280776,26,0.6114048534349446,15.896526189308558,0.0,0.0,0.0,0.0,49.19421327846443,-3.983659911656794,False,False,False,False,True,0.0
2025-07-24 00:00:00+00:00,0.89,0.92,0.8417,0.8779,35899,2.0527723549813652,0.9332703741436521,0.9314687183237806,2.18605134165247,2.018016665334883,1.9039432554034532,1.3995811759708565,0.904461755564021,0.8872484882742563,0.9127419346436897,#000000,0.06286196375878318,0.9127419346436897,-0.36177575888268576,26,0.6114048534349446,15.896526189308558,0.0,0.0,0.0,0.0,50.34909628764965,-2.690889814203622,True,False,False,False,True,0.0
2025-07-25 00:00:00+00:00,0.8701,0.8701,0.8461,0.87,9792,2.0524951627029364,0.9331620641313423,0.9313371044860976,2.1858982768665856,2.017742914091662,1.9036760403694004,1.3993858404752513,0.9043282632382702,0.8866328779057172,0.9125785414432931,"rgba(239, 83, 80, 0.5)",0.06267910908207198,0.9125785414432931,-0.6777145059236839,26,0.6105870724196463,15.875263882910803,0.0,0.0,0.0,0.0,49.929315483547235,-2.690889814203622,True,False,False,False,True,0.0
2025-07-28 00:00:00+00:00,0.865,0.8799,0.852515,0.87,4800,2.0523597540323752,0.9331118531770926,0.9312762127858576,2.185823467994954,2.0176091997269543,1.9035455684258784,1.3992907995607746,0.9042688470344005,0.8863859167827689,0.9125075560548634,"rgba(239, 83, 80, 0.5)",0.06254296042518055,0.9125075560548634,-0.7595987738971233,26,0.6097732850875376,15.854105412275977,0.0,0.0,0.0,0.0,49.3426669752377,-2.690889814203622,True,False,False,False,True,0.0
2025-07-29 00:00:00+00:00,0.864,0.864,0.8,0.8303,18485,2.051828414964669,0.9328529519896157,0.9309602678245383,2.18553040657495,2.017084211286671,1.9030322255155745,1.3989092483559802,0.9039051127715523,0.8844767544174635,0.912044559349361,"rgba(239, 83, 80, 0.5)",0.062404071116096374,0.912044559349361,-0.7698946317136754,26,0.6130359934273076,15.93893582911,0.0,0.0,0.0,0.0,48.886898740654345,-2.690889814203622,False,False,False,False,False,0.0
2025-07-30 00:00:00+00:00,0.8399,0.839999,0.82,0.83,10787,2.0515161651054825,0.9326869319365702,0.9307574860891135,2.185358255923958,2.0167756270199373,1.902730247325023,1.3986830887225339,0.9036626675073708,0.8832050140201988,0.9117356160639296,"rgba(239, 83, 80, 1.0)",0.06189315343474627,0.9117356160639296,-1.1606391349838987,26,0.6130250961606034,15.938652500175689,0.0,0.0,0.0,0.0,47.04029984583822,-0.3379412803454329,False,False,False,True,False,0.0
2025-07-31 00:00:00+00:00,0.8396,0.8866,0.7811,0.8866,37333,2.0504389119097346,0.9321307557580647,0.9300797298809217,2.184763880109933,2.0157111044273113,1.9016888461228254,1.3979051706185097,0.9028652585284914,0.879448253456394,0.9107469410966909,"rgba(239, 83, 80, 1.0)",0.05760227304423661,0.9107469410966909,-1.2351412077445691,26,0.6119691618885148,15.911198209101386,0.0,0.0,0.0,0.0,45.79017220409945,-1.5636396335391751,False,True,False,True,False,0.0
2025-08-01 00:00:00+00:00,0.7937,0.8399,0.7901,0.8,20461,2.049835787648076,0.9317412650204452,0.9296038141890391,2.1844316194503652,2.0151147283957487,1.901104051088121,1.3974586403187168,0.9022578944075117,0.8764720339281915,0.9099867834021194,"rgba(255, 26, 202, 1.0)",0.05778239641536537,0.9099867834021194,-2.0124949918345143,26,0.6035839294912504,15.69318216677251,0.0,0.0,0.0,0.0,42.335001568452576,-4.787419825902575,False,True,False,True,False,0.0
2025-08-04 00:00:00+00:00,0.85,0.85,0.79,0.791,46450,2.0484930884364516,0.9310222402286534,0.9287307579943708,2.183690025791323,2.0137877804748943,1.899805575150704,1.3964853494216767,0.9012237807716237,0.8724621924623962,0.9087619712927208,"rgba(239, 83, 80, 1.0)",0.058109611045530155,0.9087619712927208,-1.0112263743544863,26,0.6024599180652062,15.66395786969536,0.0,0.0,0.0,0.0,44.269366889975224,-4.787419825902575,False,True,False,True,True,0.0
2025-08-05 00:00:00+00:00,0.795,0.8496,0.75,0.83,37128,2.0473940241436557,0.9302761574865231,0.9278225971262986,2.1830839343684865,2.0127008365534125,1.898739166684544,1.395666248033932,0.9000585915291666,0.8676708834543959,0.9073684690046123,"rgba(255, 0, 0, 1.0)",0.05878731293850312,0.9073684690046123,-1.9114408090425894,26,0.5947505021836988,15.46351305677617,0.0,0.0,0.0,0.0,42.756968421912745,-4.787419825902575,False,True,False,True,True,0.0
2025-08-06 00:00:00+00:00,0.8159,0.8191,0.791,0.791,24769,2.046668019656277,0.9298221466971859,0.9272720919619682,2.182682944379782,2.011983029779227,1.898035641936335,1.3951306024584151,0.8993741927551722,0.8652360203511216,0.9065757652454233,"rgba(255, 0, 0, 1.0)",0.05947718892803994,0.9065757652454233,-1.5245469209234115,25,0.6091131197397913,15.227827993494783,0.0,0.0,0.0,0.0,43.115301115337786,-4.787419825902575,False,True,False,True,True,0.0
2025-08-07 00:00:00+00:00,0.8074,0.8074,0.8074,0.8074,1031,2.0466377875492956,0.9298031253443005,0.9272490441075617,2.182666243017287,2.011953138472841,1.8980063436507826,1.3951082795009588,0.8993455323568235,0.8651368470534101,0.9065427757328159,"rgba(255, 0, 0, 1.0)",0.059312523287934356,0.9065427757328159,-1.6715319166497853,25,0.609507676883372,15.2376919220843,0.0,0.0,0.0,0.0,42.92267849912732,-4.787419825902575,False,True,False,True,True,0.0
2025-08-08 00:00:00+00:00,0.828,0.828,0.77,0.795,105437,2.043556970358504,0.9279084094340023,0.9249623380475227,2.180961959695281,2.008907272100979,1.8950218631727007,1.3928392040426043,0.8965450510590194,0.8567116713282591,0.903409506722707,"rgba(239, 83, 80, 1.0)",0.05991757688577575,0.903409506722707,-1.2585540110619704,24,0.6201588297936099,14.883811915046639,0.0,0.0,0.0,0.0,44.19228077309057,-4.787419825902575,False,True,False,True,True,0.0
2025-08-11 00:00:00+00:00,0.828,0.828,0.805,0.810001,11997,2.0432106979083104,0.9277172972927001,0.9247332670900978,2.1807699544347177,2.008565038563204,1.8946869499542045,1.392587266688483,0.8962781781342977,0.8561044157773221,0.9031240277679562,"rgba(239, 83, 80, 1.0)",0.05859178820370586,0.9031240277679562,-1.282159668975673,23,0.6177771967480027,14.208875525204062,0.0,0.0,0.0,0.0,45.038682289066074,-4.787419825902575,False,True,False,True,True,0.0
2025-08-12 00:00:00+00:00,0.7924,0.801,0.7924,0.7975,2225,2.0431451827583142,0.9276736713390082,0.9246807190249215,2.180733694495237,2.008500250030681,1.8946234101786614,1.3925385203471483,0.8962126196304523,0.8559166498954808,0.9030515890385645,"rgba(255, 0, 0, 1.0)",0.05977121030151511,0.9030515890385645,-1.851252274805613,23,0.6271413941082284,14.424252064489254,0.0,0.0,0.0,0.0,43.54033390685885,-4.787419825902575,False,True,False,True,True,0.0
2025-08-13 00:00:00+00:00,0.782132,0.79,0.73,0.79,34035,2.042121499962901,0.9268700941150734,0.9237101090190707,2.1801681157154866,2.0074873036263745,1.8936277465694822,1.3917590843243997,0.8949461394586803,0.8519251012194121,0.9016325606596066,"rgba(255, 0, 0, 1.0)",0.06120293349472896,0.9016325606596066,-1.9525299497269757,22,0.634942813756983,13.968741902653626,0.0,0.0,0.0,0.0,41.99657120720715,-4.787419825902575,False,True,False,True,False,0.0
2025-08-14 00:00:00+00:00,0.7817,0.7817,0.7225,0.7225,8932,2.0418519819681764,0.9266534306555436,0.923448619884838,2.1800191944539637,2.007220585489352,1.893365486252068,1.3915530845350932,0.8946039613805398,0.8508732312578928,0.9012515271006614,"rgba(255, 0, 0, 1.0)",0.06209065655725985,0.9012515271006614,-1.9254350610773667,22,0.6257108193656176,13.765638026043586,0.0,0.0,0.0,0.0,40.943241643201745,-5.617982267446891,False,True,False,True,False,0.0
2025-08-15 00:00:00+00:00,0.76,0.7801,0.7436,0.7436,5370,2.04168990709446,0.9265228656134619,0.923291104710299,2.179929630390667,2.0070601926844063,1.8932077692936973,1.3914291562499903,0.8943979543677284,0.8502474756552653,0.9010227301626254,"rgba(255, 26, 202, 1.0)",0.06394269566579841,0.9010227301626254,-2.205454879470391,22,0.6136172445349086,13.49957937976799,0.0,0.0,0.0,0.0,39.033158504568405,-7.447881471095869,False,True,False,True,False,0.0
2025-08-18 00:00:00+00:00,0.746,0.77,0.746,0.764,12690,2.0413049036366395,0.9262016746278974,0.9229035288850447,2.1797169450368363,2.0066791282112577,1.8928328579390812,1.3911331321630653,0.8938873464125656,0.8486855001914029,0.9004554242937294,"rgba(255, 26, 202, 1.0)",0.06586264926590987,0.9004554242937294,-2.345114051974138,22,0.6015687919836904,13.23451342364119,0.0,0.0,0.0,0.0,37.03082302097653,-9.32542126576972,False,True,False,True,False,0.0
2025-08-19 00:00:00+00:00,0.75,0.752949,0.746,0.752949,2588,2.0412261490027706,0.9261346665541352,0.9228226741625751,2.1796734454232136,2.0066011725427555,1.8927561368095032,1.3910723827463793,0.8937804443273782,0.8483588034043139,0.9003367516019442,"rgba(255, 26, 202, 1.0)",0.0668704529671813,0.9003367516019442,-2.2481790526486556,22,0.5896307964718376,12.971877522380426,0.0,0.0,0.0,0.0,36.12332607455595,-10.171845230274776,False,True,False,True,False,0.0
2025-08-20 00:00:00+00:00,0.7461,0.7499,0.746,0.7461,1614,2.0411769506509536,0.9260923547348271,0.922771613542359,2.1796462743930833,2.0065524709889466,1.8927081981302314,1.3910343655479662,0.8937127851327931,0.8481513932109476,0.9002616176254848,"rgba(255, 26, 202, 1.0)",0.06863605714698859,0.9002616176254848,-2.246073332786843,21,0.5786035780482736,12.150675139013744,0.0,0.0,0.0,0.0,35.28824082641539,-10.997840156272545,False,True,False,True,False,0.0
2025-08-21 00:00:00+00:00,0.7461,0.7461,0.7461,0.7461,57,2.0411752115749264,0.9260908505101779,0.9227697981563621,2.179645314013983,2.0065507494299446,1.8927065033789698,1.3910330204429457,0.8937103767016806,0.8481439944670919,0.9002589423618318,"rgba(255, 26, 202, 1.0)",0.0702804136176666,0.9002589423618318,-2.1934837094225696,20,0.5407716854372232,10.815433708744465,0.0,0.0,0.0,0.0,34.73151732765501,-11.605021723573515,False,True,False,True,False,0.0
2025-08-22 00:00:00+00:00,0.7509,0.77,0.7459,0.746,13357,2.0407708052717006,0.925757620492303,0.9223682389209541,2.1794217918002636,2.0061504999814805,1.8923127940171909,1.3907226128611754,0.8931843432778575,0.8465980103731794,0.8996792259974532,"rgba(255, 26, 202, 1.0)",0.0716014354574517,0.8996792259974532,-2.0778804928549715,20,0.5325328613468628,10.650657226937257,0.0,0.0,0.0,0.0,35.004068349896016,-11.605021723573515,False,True,False,True,False,0.0
2025-08-25 00:00:00+00:00,0.7607,0.761,0.7385,0.7385,13165,2.0403717790945457,0.9254262226855221,0.9219691388488845,2.179201210954486,2.005755560895704,1.8919242601998678,1.3904159051079354,0.8926615497633129,0.8450883376213661,0.8991053458125593,"rgba(255, 0, 0, 1.0)",0.07260089705374921,0.8991053458125593,-1.9063861664146176,20,0.5274572898482008,10.549145796964016,0.0,0.0,0.0,0.0,36.503280233975616,-11.605021723573515,False,True,False,True,True,0.0
2025-08-26 00:00:00+00:00,0.760699,0.77,0.7025,0.7607,29130,2.0394835699132536,0.9246593252148394,0.9210459282102976,2.1787102980210458,2.004876295562482,1.8910587099718688,1.3897287318127285,0.8914446869938797,0.8416043005641101,0.8977736895895575,"rgba(255, 0, 0, 1.0)",0.07361114277085921,0.8977736895895575,-1.862145925600572,20,0.5222141682597206,10.444283365194412,0.0,0.0,0.0,0.0,37.50266418641779,-11.605021723573515,False,True,False,True,True,0.0
2025-08-27 00:00:00+00:00,0.729,0.7479,0.5799,0.7117,85191,2.0367753461415496,0.9217337829776048,0.9175195964007208,2.1772177668232375,2.002192268801247,1.8884054555671361,1.3875451009799495,0.8866196154052937,0.8272682981463744,0.892486759583265,"rgba(255, 26, 202, 1.0)",0.07547500055913357,0.892486759583265,-2.166104781346447,20,0.5115273654720538,10.230547309441075,0.0,0.0,0.0,0.0,35.620262323647225,-11.605021723573515,False,True,False,True,False,0.0
2025-08-28 00:00:00+00:00,0.6865,0.735,0.65,0.715,18661,2.0361857046127674,0.9211155808069262,0.9167772372694568,2.1768923004153846,2.001607975727112,1.887828182951095,1.3870719123428215,0.8856177667662639,0.8245695470382539,0.8914105903841831,"rgba(255, 26, 202, 1.0)",0.07771912728175281,0.8914105903841831,-2.6365528995369045,20,0.4954841960293253,9.909683920586506,0.0,0.0,0.0,0.0,32.00725252292068,-14.298091645240518,False,True,False,True,False,0.0
2025-08-29 00:00:00+00:00,0.6425,0.677,0.5858,0.6688,102938,2.0328088551503485,0.9169588516035665,0.9117863331287877,2.175032697609133,1.9982584298812267,1.8845069209696754,1.384266526470846,0.8787519565287074,0.8059707085034336,0.8840581473616291,"rgba(255, 26, 202, 1.0)",0.08137703774138912,0.8840581473616291,-2.968382163642834,20,0.4742997562687116,9.485995125374233,0.0,0.0,0.0,0.0,27.93119316826758,-17.982444343924826,False,True,False,True,False,0.0
2025-09-02 00:00:00+00:00,0.684479,0.684479,0.647,0.647,4716,2.0326586106057003,0.9167958510795341,0.9115918316397913,2.174949647373862,1.9981095089305032,1.884359662307814,1.3841448053605352,0.8784926667413867,0.8053708470261439,0.8837879343402744,"rgba(255, 26, 202, 1.0)",0.08162401843998107,0.8837879343402744,-2.441792724121126,20,0.4618030694388537,9.236061388777074,0.0,0.0,0.0,0.0,29.88824312070919,-17.982444343924826,False,True,False,True,False,0.0
2025-09-03 00:00:00+00:00,0.65361,0.69,0.6527,0.69,14209,2.0322039561921446,0.91629294632909,0.9109917479930978,2.1746983877712798,1.9976588069949401,1.8839138021032205,1.383774948598153,0.8776907079321521,0.8035083733300112,0.8829520846104166,"rgba(255, 26, 202, 1.0)",0.08496222402030418,0.8829520846104166,-2.699341822262194,20,0.4465170413071375,8.93034082614275,0.0,0.0,0.0,0.0,29.797111571305898,-17.982444343924826,False,True,False,True,True,0.0
2025-09-04 00:00:00+00:00,0.667082,0.667082,0.628,0.656,24824,2.0314037633393687,0.9153795065497674,0.9099020851887868,2.174256313475775,1.9968654129579189,1.8831283700588608,1.3831194747267284,0.8762296691802712,0.8001121334918839,0.881430423268772,"rgba(255, 26, 202, 1.0)",0.08714210893077505,0.881430423268772,-2.459757124297377,20,0.43534077150690587,8.706815430138118,0.0,0.0,0.0,0.0,31.053340066063576,-17.982444343924826,False,True,False,True,True,0.0
