date,Close,High,Low,Open,Volume,aVWAP_BoS_CHoCH_bull_33,aVWAP_BoS_CHoCH_bull_71,aVWAP_BoS_CHoCH_bull_106,aVWAP_BoS_CHoCH_bear_27,aVWAP_BoS_CHoCH_bear_52,aVWAP_BoS_CHoCH_bear_114,Peaks_Valleys_avg,color,StDev,StDev_Mean,StdDev_ZScore,MA_Cross_Count,MA_Avg_Deviation_Z,MA_Oscillation_Score,BoS,CHoCH,BoS_CHoCH_Price,BoS_CHoCH_Break_Index,QQEMOD,QQE1_Value,QQE1_Above_Upper,QQE1_Below_Lower,QQE2_Above_Threshold,QQE2_Below_Threshold,QQE2_Above_TL,banker_RSI
2021-12-31 00:00:00+00:00,7.03,7.85,6.97,7.8458,106764630,,,,,,,,#000000,,,,0,,,0.0,0.0,0.0,0.0,,,False,False,False,False,False,
2022-01-07 00:00:00+00:00,6.42,7.695,6.29,7.19,131022069,,,,,,,,"rgba(239, 83, 80, 0.5)",,,,0,,,0.0,0.0,0.0,0.0,0.0,,False,False,False,True,False,
2022-01-14 00:00:00+00:00,6.86,7.84,6.63,7.16,198635028,,,,,,,,"rgba(239, 83, 80, 0.5)",,,,0,,,0.0,0.0,0.0,0.0,12.455180222683529,-81.13795055670883,False,False,False,True,True,
2022-01-21 00:00:00+00:00,5.79,6.79,5.7,6.67,95900696,,,,,,,,"rgba(239, 83, 80, 0.5)",,,,0,,,0.0,0.0,0.0,0.0,14.72810509189273,-78.3081835978565,False,False,False,True,True,
2022-01-28 00:00:00+00:00,5.48,5.87,5.15,5.512,108638734,,,,,,,,"rgba(239, 83, 80, 0.5)",,5.5,,0,,,0.0,0.0,0.0,0.0,15.525363391100582,-76.45575112622622,False,False,False,True,True,
2022-02-04 00:00:00+00:00,5.95,6.36,5.47,5.501,80287163,,,,,,,,"rgba(239, 83, 80, 0.5)",,5.681319007914163,,0,,,0.0,0.0,0.0,0.0,20.504019917145964,-70.2855422388548,False,False,False,True,True,
2022-02-11 00:00:00+00:00,7.12,7.39,5.91,6.03,118897844,,,,,,,,"rgba(239, 83, 80, 0.5)",,6.11598791922507,,0,,,0.0,0.0,0.0,0.0,30.43753710123128,-59.34564509044639,False,False,False,True,True,
2022-02-18 00:00:00+00:00,6.39,7.48,6.3243,7.11,82232744,,,,,,,,"rgba(239, 83, 80, 0.5)",,6.488585544567432,,0,,,0.0,0.0,0.0,0.0,34.65828389886966,-53.963598501374015,False,False,False,True,True,
2022-02-25 00:00:00+00:00,6.06,6.38,5.43,6.17,61312904,,,,,,,,"rgba(239, 83, 80, 0.5)",,6.303488471317705,,0,,,0.0,0.0,0.0,0.0,36.626514782750355,-50.61041817863509,False,False,False,True,True,
2022-03-04 00:00:00+00:00,5.24,6.2,5.16,5.93,88366386,,,,,,,,"rgba(239, 83, 80, 0.5)",,6.083173746751269,,0,,,0.0,0.0,0.0,0.0,35.92612643436907,-49.70693002317101,False,False,False,True,True,
2022-03-11 00:00:00+00:00,5.19,5.62,5.0,5.29,81475851,,,,,,,,"rgba(239, 83, 80, 0.5)",,5.924984380753143,,0,,,0.0,0.0,0.0,0.0,35.31395747142921,-48.56784252086596,False,False,False,True,True,
2022-03-18 00:00:00+00:00,5.51,5.6,4.78,5.17,90634949,,,,,,,,"rgba(239, 83, 80, 0.5)",,5.643929034515686,,0,,,0.0,0.0,0.0,0.0,36.25499695927908,-45.80805727392514,False,False,False,True,True,
2022-03-25 00:00:00+00:00,8.56,8.66,5.27,5.48,486535622,,,,,,,,"rgba(239, 83, 80, 0.5)",,6.798971231929144,,0,,,0.0,0.0,0.0,0.0,44.409992337709056,-36.20557576105522,False,False,False,True,True,
2022-04-01 00:00:00+00:00,7.48,9.08,7.345,7.99,410075197,,,,,,,7.968333333333333,#000000,,7.366849524734177,,0,,,0.0,0.0,0.0,0.0,47.65601466282892,-31.550470458616577,False,False,False,False,True,
2022-04-08 00:00:00+00:00,6.4,8.15,6.26,7.45,281266985,,,,,,,7.548608079452712,#000000,,7.22501415362823,,0,,,0.0,0.0,0.0,0.0,47.90519539402907,-29.77973631412166,False,False,False,False,True,
2022-04-15 00:00:00+00:00,6.02,6.8,6.02,6.22,96703280,,,,,,,7.392933606045772,#000000,,7.147743864805498,,0,,,0.0,0.0,0.0,0.0,47.43604596845756,-28.677025958910452,False,False,False,False,True,
2022-04-22 00:00:00+00:00,5.24,6.03,5.16,6.02,114747794,,,,,,,7.149370195987596,"rgba(239, 83, 80, 0.5)",,7.007733758883853,,0,,,0.0,0.0,0.0,0.0,45.87045803615214,-28.677025958910452,False,False,False,True,True,
2022-04-29 00:00:00+00:00,4.98,5.36,4.81,5.18,105800657,,,,,,,6.929148020185405,"rgba(239, 83, 80, 0.5)",,6.870484479985592,,0,,,0.0,0.0,0.0,0.0,44.366456986975535,-28.677025958910452,False,False,False,True,True,
2022-05-06 00:00:00+00:00,4.74,5.4,4.58,4.94,112781588,,,,,,,6.725738316168488,"rgba(239, 83, 80, 0.5)",,6.735828840529673,,0,,,0.0,0.0,0.0,0.0,42.93434749010179,-28.677025958910452,False,False,False,True,True,
2022-05-13 00:00:00+00:00,4.54,4.71,3.89,4.65,159443569,,,,,,,6.433727603781176,"rgba(239, 83, 80, 0.5)",,6.0030654945078314,,0,,,0.0,0.0,0.0,0.0,41.610078751090086,-28.677025958910452,False,False,False,True,True,
2022-05-20 00:00:00+00:00,4.72,5.17,4.47,4.59,123912173,,,,,,,6.288439385270843,"rgba(239, 83, 80, 0.5)",,5.958284881290076,,0,,,0.0,0.0,0.0,0.0,41.108263556310284,-27.934575933651693,False,False,False,True,True,
2022-05-27 00:00:00+00:00,4.55,4.75,4.24,4.74,98466619,,,,,,,6.172161484856477,"rgba(239, 83, 80, 0.5)",,5.882481665149201,,0,,,0.0,0.0,0.0,0.0,40.46677664341376,-27.302509336898414,False,False,False,True,True,
2022-06-03 00:00:00+00:00,4.2,4.6,4.15,4.52,85091353,,,,,,,6.072754800561728,"rgba(239, 83, 80, 0.5)",,5.808668118379986,,0,,,0.0,0.0,0.0,0.0,39.431372044206846,-27.141828125856446,False,False,False,True,True,
2022-06-10 00:00:00+00:00,3.38,4.295,3.37,4.26,136190856,,,,,,,5.88391855640741,"rgba(239, 83, 80, 0.5)",,5.641329541307626,,0,,,0.0,0.0,0.0,0.0,37.47677010752138,-27.141828125856446,False,False,False,True,True,
2022-06-17 00:00:00+00:00,3.2,3.33,3.02,3.21,117647072,,,,,,,5.711446235271251,"rgba(239, 83, 80, 0.5)",,5.483137513432996,,0,,,0.0,0.0,0.0,0.0,35.834526885696455,-27.141828125856446,False,False,False,True,True,
2022-06-24 00:00:00+00:00,3.61,3.72,3.14,3.295,77742278,,,,,,,5.621492049379506,"rgba(239, 83, 80, 0.5)",,5.4074403940491935,,0,,,0.0,0.0,0.0,0.0,35.843413934862454,-27.141828125856446,False,False,False,True,True,
2022-07-01 00:00:00+00:00,3.15,3.72,3.06,3.63,77771728,,,,,,,5.531501546816773,"rgba(239, 83, 80, 0.5)",,5.330082876958422,,0,,,0.0,0.0,0.0,0.0,35.154045457176274,-27.141828125856446,False,False,False,True,True,
2022-07-08 00:00:00+00:00,3.42,3.62,3.0,3.08,71325885,,,,,,,4.4014239413440395,"rgba(239, 83, 80, 0.5)",,4.645633787671357,,0,,,-1.0,0.0,3.0,38.0,35.44046374693178,-26.325638414921308,False,False,False,True,True,
2022-07-15 00:00:00+00:00,3.3,3.81,3.08,3.38,139448705,,,,,,,4.352940742135132,"rgba(239, 83, 80, 0.5)",,4.57312246122492,,0,,,0.0,0.0,0.0,0.0,35.447467136806935,-25.45867026533599,False,False,False,True,True,
2022-07-22 00:00:00+00:00,3.5,4.16,3.31,3.37,218336589,,,,,,,4.3482891306685145,"rgba(239, 83, 80, 0.5)",,4.524153673623392,,0,,,0.0,0.0,0.0,0.0,36.06141899158189,-24.04947498655746,False,False,False,True,True,
2022-07-29 00:00:00+00:00,3.65,3.67,3.17,3.54,136750675,,,,,,,4.300601135953736,"rgba(239, 83, 80, 0.5)",,4.4696510294630745,,0,,,0.0,0.0,0.0,0.0,36.96089698583504,-22.432346230203862,False,False,False,True,True,
2022-08-05 00:00:00+00:00,3.9,4.14,3.37,3.55,136100410,,,,,,,4.296225740937212,"rgba(239, 83, 80, 0.5)",,4.450022626411011,,0,,,0.0,0.0,0.0,0.0,38.3698275087235,-20.4042458053021,False,False,False,True,True,
2022-08-12 00:00:00+00:00,4.03,4.43,3.82,3.93,162464176,,,,,,,4.318982605716415,"rgba(239, 83, 80, 0.5)",,4.452598711006029,,0,,,0.0,0.0,0.0,0.0,39.77458847167733,-18.465160855749225,False,False,False,True,True,
2022-08-19 00:00:00+00:00,3.74,4.52,3.71,4.0,175226320,,,,3.99,,,4.208530043088312,"rgba(239, 83, 80, 0.5)",,4.119200221971099,,0,,,0.0,1.0,4.52,48.0,40.107154516011015,-17.612944131484113,False,False,False,True,True,
2022-08-26 00:00:00+00:00,3.83,4.19,3.51,3.66,114316221,,,,3.9320935555027825,,,4.18027125786159,"rgba(239, 83, 80, 0.5)",,4.097895244698911,,0,,,0.0,0.0,0.0,0.0,40.64366072753569,-16.587294010212574,False,False,False,True,True,
2022-09-02 00:00:00+00:00,3.36,4.0,3.35,3.78,90171577,,,,3.8461063736376535,,,4.135534652236463,"rgba(239, 83, 80, 0.5)",,4.061357840993487,,0,,,0.0,0.0,0.0,0.0,39.94501811206679,-16.587294010212574,False,False,False,True,True,
2022-09-09 00:00:00+00:00,3.4,3.49,3.12,3.405,86974099,,,,3.7511649161621468,,,4.082401314803472,"rgba(239, 83, 80, 0.5)",,4.016561366091061,,0,,,0.0,0.0,0.0,0.0,39.590015451199825,-16.587294010212574,False,False,False,True,True,
2022-09-16 00:00:00+00:00,3.19,3.53,3.17,3.42,70115154,,,,3.6918001347958502,,,4.045597056904126,"rgba(239, 83, 80, 0.5)",,3.984937704355712,,0,,,0.0,0.0,0.0,0.0,38.85134822898552,-16.587294010212574,False,False,False,True,True,
2022-09-23 00:00:00+00:00,2.72,3.23,2.65,3.18,84753986,2.8666666666666667,,,3.579287026201188,,,3.6996112920153763,"rgba(239, 83, 80, 0.5)",,3.4616980131853357,,0,,,0.0,0.0,0.0,62.0,37.31738565968102,-16.587294010212574,False,False,False,True,True,
2022-09-30 00:00:00+00:00,2.75,3.03,2.67,2.7,74918625,2.843206592790878,,,3.497253373627463,,,3.653437645778263,"rgba(239, 83, 80, 0.5)",,3.4182260270965203,,0,,,0.0,0.0,0.0,0.0,36.34461009941507,-16.587294010212574,False,False,False,True,False,
2022-10-07 00:00:00+00:00,3.17,4.09,2.73,2.79,264097266,3.146580699654906,,,3.4512692086548724,,,3.6849603285273878,"rgba(239, 83, 80, 0.5)",,3.3705616030210583,,0,,,0.0,0.0,0.0,0.0,37.31954165450127,-16.587294010212574,False,False,False,True,False,
2022-10-14 00:00:00+00:00,3.14,3.4,2.83,3.15,102396629,3.1420565577391586,,,3.419678917257471,,,3.6606565181939392,"rgba(239, 83, 80, 0.5)",,3.341372312294872,,0,,,0.0,0.0,0.0,0.0,37.93956292646681,-16.587294010212574,False,False,False,True,False,
2022-10-21 00:00:00+00:00,3.36,3.53,3.19,3.23,76541470,3.169734491517664,,,3.4156702585750267,,,3.6592486137882787,"rgba(239, 83, 80, 0.5)",,3.3494417366114964,,0,,,0.0,0.0,0.0,0.0,39.24976886534735,-15.490166933639237,False,False,False,True,False,
2022-10-28 00:00:00+00:00,3.63,3.78,3.13,3.34,103228994,3.2199788678395285,,,3.42378270220113,,,3.6673248380550167,"rgba(239, 83, 80, 0.5)",,3.3745617219506903,,0,,,0.0,0.0,0.0,0.0,41.20186380360016,-13.432875374132259,False,False,False,True,True,
2022-11-04 00:00:00+00:00,3.81,4.19,3.49,3.6,145175583,3.324031114738672,,,3.4662729078489436,,,3.703153657729648,"rgba(239, 83, 80, 0.5)",,3.442361537335664,,0,,,0.0,0.0,0.0,0.0,43.24835077239255,-11.345346698645912,False,False,False,True,True,
2022-11-11 00:00:00+00:00,4.18,4.25,3.58,3.87,130373766,3.414264862042022,,,3.5123896606011558,,,3.739989865590048,"rgba(239, 83, 80, 0.5)",,3.5052690691870643,,0,,,0.0,0.0,0.0,0.0,45.96827455809792,-8.67096966529877,False,False,False,True,True,
2022-11-18 00:00:00+00:00,3.86,4.44,3.84,4.39,107393367,3.476637004684342,,,3.547684244219403,,,3.767057209314672,#000000,,3.549900405857064,,0,,,0.0,0.0,0.0,0.0,46.80690942169868,-7.840581187084865,False,False,False,False,True,
2022-11-25 00:00:00+00:00,3.85,3.88,3.59,3.835,47146931,3.4889503793231404,,,3.5540439233924115,,,3.770808665385651,#000000,,3.5576890360489744,,0,,,0.0,0.0,0.0,0.0,47.371755802236464,-7.240321441032307,False,False,False,False,True,
2022-12-02 00:00:00+00:00,4.58,4.72,3.65,3.8,112451751,3.5635036501115684,,,3.60208018621872,,,3.8083432102246526,#000000,,3.614657104763128,,0,,,0.0,0.0,0.0,0.0,50.125264880032276,-4.5382178260301345,False,False,False,False,True,
2022-12-09 00:00:00+00:00,3.48,5.12,3.46,4.66,187151413,3.6230133775090128,,,3.641733891892119,,,3.872451563093642,#000000,,3.751336314733099,,0,,,0.0,0.0,0.0,0.0,48.738359292085235,-4.5382178260301345,False,False,False,False,True,0.0
2022-12-16 00:00:00+00:00,3.26,3.72,3.13,3.48,95086935,3.6072963827640945,,,3.629236628587106,,,3.8171153963440787,#000000,,3.6834572051728074,,0,,,0.0,0.0,0.0,0.0,47.201144987678596,-4.5382178260301345,False,False,False,False,False,0.0
2022-12-23 00:00:00+00:00,2.79,3.225,2.69,3.22,91939668,3.567315421626156,,,3.5982601120806716,,,3.748719951606644,"rgba(239, 83, 80, 0.5)",,3.59798879967542,,0,,,0.0,0.0,0.0,0.0,45.010601681038466,-0.16214577221114013,False,False,False,True,False,0.0
2022-12-30 00:00:00+00:00,2.69,2.78,2.52,2.78,58647387,3.5357826383851805,,,3.5735403807513637,,,3.5314140191411005,"rgba(239, 83, 80, 0.5)",,3.3158489964680724,,0,,,-1.0,0.0,2.52,62.0,43.223310898003085,-1.8670329196591666,False,False,False,True,False,0.0
2023-01-06 00:00:00+00:00,2.95,2.99,2.7,2.77,65673502,3.5111300323786945,,,3.553596597751881,,,3.524762135172024,"rgba(239, 83, 80, 0.5)",,3.311799916609351,,0,,,0.0,0.0,0.0,0.0,42.857382955862896,-2.226572271816025,False,False,False,True,False,0.0
2023-01-13 00:00:00+00:00,3.17,3.31,2.64,2.81,118325901,3.4812437992202407,,,3.528297228618558,,,3.5178411832440886,"rgba(239, 83, 80, 0.5)",,3.310654856643954,,0,,,0.0,0.0,0.0,0.0,43.34341241077048,-2.226572271816025,False,False,False,True,False,0.0
2023-01-20 00:00:00+00:00,3.05,3.36,2.9,3.188,74052184,3.466813697361939,,,3.5155882272938617,,,3.512743845601816,"rgba(239, 83, 80, 0.5)",,3.308385197045293,,0,,,0.0,0.0,0.0,0.0,43.36394089984232,-2.226572271816025,False,False,False,True,False,0.0
2023-01-27 00:00:00+00:00,3.21,3.3,2.99,3.07,79901144,3.454937003590245,,,3.504681115079915,,,3.509705957936601,"rgba(239, 83, 80, 0.5)",,3.3091587030702234,,0,,,0.0,0.0,0.0,0.0,43.95021557003841,-2.226572271816025,False,False,False,True,False,0.0
2023-02-03 00:00:00+00:00,3.2,3.59,3.07,3.17,94939088,3.44738073377276,,,3.4968734572091744,3.2866666666666666,,3.512654157169496,"rgba(239, 83, 80, 0.5)",,3.278694099787424,,0,,,0.0,0.0,0.0,0.0,44.33833352338924,-2.226572271816025,False,False,False,True,False,0.0
2023-02-10 00:00:00+00:00,2.84,3.26,2.79,3.22,75455752,3.4307003792783126,,,3.482107515535078,3.1434853366842956,,3.496291195522412,"rgba(239, 83, 80, 0.5)",,3.2286649101173945,,0,,,0.0,0.0,0.0,0.0,43.534631701795746,-2.226572271816025,False,False,False,True,False,0.0
2023-02-17 00:00:00+00:00,3.01,3.13,2.81,2.9,64627932,3.417874813538594,,,3.470558325478511,3.0994458051352853,,3.4843591756339616,"rgba(239, 83, 80, 0.5)",,3.208048643817616,,0,,,0.0,0.0,0.0,0.0,43.6377679776232,-2.226572271816025,False,False,False,True,False,0.0
2023-02-24 00:00:00+00:00,2.82,2.98,2.76,2.95,50862661,3.4054182782198184,,,3.4595117703354794,3.055659260680134,,3.4715558692823656,"rgba(239, 83, 80, 0.5)",,3.1855129131738655,,0,,,0.0,0.0,0.0,0.0,43.1308599613849,-2.85771676529167,False,False,False,True,False,0.0
2023-03-03 00:00:00+00:00,2.77,2.86,2.7,2.83,48700484,3.39240954511549,,,3.4480074597206185,3.0150506347023964,,3.457904554475133,"rgba(239, 83, 80, 0.5)",,3.1627115689903524,,0,,,0.0,0.0,0.0,0.0,42.61467564303471,-3.5361821597639107,True,False,False,True,False,0.0
2023-03-10 00:00:00+00:00,2.42,2.81,2.4,2.8,55268973,3.372930341962093,,,3.431034663870212,2.9481761861274416,,3.436280520253755,"rgba(239, 83, 80, 0.5)",,3.124626415995575,,0,,,0.0,0.0,0.0,0.0,41.20559305618369,-5.052594838383733,True,False,False,True,False,0.0
2023-03-17 00:00:00+00:00,2.61,2.68,2.28,2.37,83960945,3.3443178678453243,,,3.40588133454769,2.87289333409467,,3.4054496999720514,"rgba(239, 83, 80, 0.5)",,2.862318397584949,,0,,,0.0,0.0,0.0,0.0,41.067139584821106,-5.324117051189049,True,False,False,True,False,0.0
2023-03-24 00:00:00+00:00,2.62,2.73,2.46,2.64,48780384,3.3300977244700087,,,3.393165201758647,2.847731957356546,,3.3908951601483874,"rgba(239, 83, 80, 0.5)",,2.854148865972991,,0,,,0.0,0.0,0.0,0.0,41.01467947536746,-5.53197561863638,True,False,False,True,False,0.0
2023-03-31 00:00:00+00:00,2.53,2.64,2.47,2.62,40063593,3.3179412254877603,,,3.3822909404558006,2.82629492379669,,3.378410344234831,"rgba(239, 83, 80, 0.5)",,2.8404381414074864,,0,,,0.0,0.0,0.0,0.0,40.67634526969577,-6.0247426309930034,True,False,False,True,False,0.0
2023-04-07 00:00:00+00:00,2.6,2.63,2.42,2.53,31741965,3.3086148480889452,,,3.373905328175211,2.81154035182166,,3.368946665516018,"rgba(239, 83, 80, 0.5)",,2.830799173671486,,0,,,0.0,0.0,0.0,0.0,40.79591485054239,-6.068417207863725,True,False,False,True,False,0.0
2023-04-14 00:00:00+00:00,2.37,2.77,2.36,2.6,77425061,3.2853502196739846,,,3.352943572264878,2.7756367091277174,,3.345360803954326,"rgba(239, 83, 80, 0.5)",,2.803616774552696,,0,,,0.0,0.0,0.0,0.0,40.07259378526707,-6.926160272221551,True,False,False,True,False,0.0
2023-04-21 00:00:00+00:00,2.3,2.53,2.3,2.38,40005928,3.2720395127621535,,,3.3409918749761394,2.7532140734255925,,3.331685325854775,"rgba(239, 83, 80, 0.5)",,2.7841870146103367,,0,,,0.0,0.0,0.0,0.0,39.315778593226014,-7.791398444347138,True,False,False,True,False,0.0
2023-04-28 00:00:00+00:00,2.35,2.43,2.17,2.3,54454820,3.253362854011306,,,3.3242027084219754,2.722191633690383,,3.3125118955987745,"rgba(239, 83, 80, 0.5)",,2.5855727681742895,,0,,,0.0,0.0,0.0,0.0,39.07079769163512,-8.151193655797421,True,False,False,True,False,0.0
2023-05-05 00:00:00+00:00,2.77,2.8,2.2,2.34,60312691,3.2393041005525602,,,3.3111119044036004,2.7125463028365275,,3.299233072519074,"rgba(239, 83, 80, 0.5)",,2.6198112680466243,,0,,,0.0,0.0,0.0,0.0,41.17333829395566,-8.151193655797421,True,False,False,True,True,0.0
2023-05-12 00:00:00+00:00,2.41,2.865,2.37,2.75,57519255,3.225615166259584,,,3.2983583674589405,2.701862897114459,,3.180789669906552,"rgba(239, 83, 80, 0.5)",,2.5618685682231206,,0,,,0.0,1.0,2.865,87.0,41.26490867434749,-8.151193655797421,True,False,False,True,True,0.0
2023-05-19 00:00:00+00:00,2.41,2.5,2.32,2.43,38804908,3.214857883783071,,,3.288449537289325,2.689591347700143,,3.1637644734076034,"rgba(239, 83, 80, 0.5)",,2.539430012887587,,0,,,0.0,0.0,0.0,0.0,41.33031608891308,-8.151193655797421,True,False,False,True,True,0.0
2023-05-26 00:00:00+00:00,1.86,2.635,1.82,2.41,88761820,3.182355453535616,,,3.2590065413776097,2.6383013440401966,,3.1087702918068194,"rgba(239, 83, 80, 0.5)",,2.4386386515037644,,0,,,0.0,0.0,0.0,0.0,39.51400166311196,-8.151193655797421,False,False,False,True,False,0.0
2023-06-02 00:00:00+00:00,1.72,1.93,1.63,1.93,104411354,3.134989174232402,,,3.2163849209285478,2.5561359210512564,,3.038610222337985,"rgba(239, 83, 80, 0.5)",1.482410102404767,2.305119427777377,-0.3947082030999356,0,,,0.0,0.0,0.0,0.0,37.80598018588888,-9.510380898649387,False,False,False,True,False,0.0
2023-06-09 00:00:00+00:00,1.59,1.83,1.58,1.75,96708557,3.091054583451246,,,3.1766193749058074,2.485210087934433,,2.984228739874027,"rgba(239, 83, 80, 0.5)",1.4627208387974282,2.2135359572428093,-0.4262850030600832,0,,,0.0,0.0,0.0,0.0,36.2095855576641,-11.022081823174318,False,False,False,True,False,0.0
2023-06-16 00:00:00+00:00,1.56,1.745,1.56,1.6,86407921,3.0527939596381435,,,3.141768354720978,2.4277776815401104,,2.9411623849107156,"rgba(239, 83, 80, 0.5)",1.45628302614988,2.14889022327754,-0.4043789652856476,0,,,0.0,0.0,0.0,0.0,34.98075838049106,-12.162119094374908,False,False,False,True,False,0.0
2023-06-23 00:00:00+00:00,1.52,1.63,1.5,1.58,62204780,3.0251423938109245,1.55,,3.116493016483915,2.387671018783997,,2.7408404974462215,"rgba(239, 83, 80, 0.5)",1.4357692479410935,1.896353154656703,-0.26212649086640966,0,,,0.0,0.0,0.0,0.0,33.979446259705085,-13.085334726250466,False,False,False,True,False,0.0
2023-06-30 00:00:00+00:00,1.56,1.64,1.51,1.51,62217279,2.998846191917562,1.5600010045646324,,3.092315645423946,2.3519362800516577,,2.7182617732963967,"rgba(239, 83, 80, 1.0)",1.4373661849193302,1.8725992865233767,-0.21748061823293885,0,,,0.0,0.0,0.0,0.0,33.54449325920076,-13.482571407312115,False,True,False,True,False,0.0
2023-07-07 00:00:00+00:00,1.64,1.74,1.53,1.56,78971273,2.968301839999407,1.589767884688242,,3.0639924436235466,2.314344457327354,,2.6961828665847993,"rgba(239, 83, 80, 1.0)",1.4410198840773525,1.8571926400915784,-0.1507214733755331,0,,,0.0,0.0,0.0,0.0,33.80817446333156,-13.482571407312115,False,True,False,True,False,0.0
2023-07-14 00:00:00+00:00,1.66,1.86,1.61,1.64,108812714,2.930590071142589,1.6316722069928564,,3.028639762353981,2.2735355093429606,,2.6717865183058844,"rgba(239, 83, 80, 1.0)",1.433037497230435,1.8487564080123784,-0.13171770339379063,0,,,0.0,0.0,0.0,0.0,34.14460562429879,-13.482571407312115,False,True,False,True,False,0.0
2023-07-21 00:00:00+00:00,1.68,1.79,1.62,1.66,58460335,2.9110365614521547,1.641922928613264,,3.0102136637795955,2.2533400843774047,,2.657825289324067,"rgba(239, 83, 80, 1.0)",1.388339470909938,1.8421967484913804,-0.11682787379449373,0,,,0.0,0.0,0.0,0.0,34.541001115316945,-13.482571407312115,False,True,False,True,False,0.0
2023-07-28 00:00:00+00:00,2.27,2.33,1.65,1.7,220777049,2.8642995040564787,1.8066948773894853,,2.964194570152875,2.23348794914464,,2.6533177789948565,"rgba(239, 83, 80, 0.5)",1.3537630968978738,1.908880269350595,0.2667525296537518,0,,,0.0,0.0,0.0,0.0,38.68955008753567,-14.34756079414003,False,False,False,True,True,0.0
2023-08-04 00:00:00+00:00,2.3,2.55,2.23,2.37,157661971,2.844752517379007,1.9231473500037768,,2.94350589547476,2.243225755849733,,2.6633539656402307,"rgba(239, 83, 80, 0.5)",1.325161054294843,1.974487039264862,0.24564030136574824,0,,,0.0,0.0,0.0,0.0,41.81731141470771,-11.454632663674332,True,False,False,True,True,0.0
2023-08-11 00:00:00+00:00,2.62,3.08,2.16,2.33,254135231,2.8315361014883944,2.099670113866228,,2.926584212142347,2.284812506101061,,2.6936047371896623,"rgba(239, 83, 80, 0.5)",1.310477527984113,2.0924265668847593,0.4025810606052885,0,,,0.0,0.0,0.0,0.0,45.697647840986185,-7.91517217571154,True,False,False,True,True,0.0
2023-08-18 00:00:00+00:00,2.64,2.82,2.43,2.6,115974718,2.826269146405974,2.1546236659161857,,2.919669679174562,2.3013658202341167,,2.7029882706990715,#000000,1.295508874243339,2.1331076378363183,0.3912689231555745,0,,,0.0,0.0,0.0,0.0,48.566200814818515,-5.408026020147702,True,False,False,False,True,0.0
2023-08-25 00:00:00+00:00,2.34,2.72,2.22,2.65,76854278,2.8194664248535743,2.172103976358139,,2.912168825217483,2.3052250631763833,,2.7026131678456355,#000000,1.2750399817083993,2.14703708682903,0.1513387156004497,0,,,0.0,0.0,0.0,0.0,48.88120248801329,-5.324855801896241,True,False,False,False,True,0.0
2023-09-01 00:00:00+00:00,2.99,3.1199,2.275,2.35,236520312,2.8182467623363694,2.2749384817051,,2.9069265021158426,2.347627020088387,,2.7271003043920823,#000000,1.1162452667292684,2.2291487885022674,0.6816165176020119,0,,,0.0,0.0,0.0,0.0,52.007661239481195,-2.4811515603103658,True,False,False,False,True,0.0
2023-09-08 00:00:00+00:00,3.02,3.4,2.81,3.0,204519301,2.8289118832622475,2.3750960545010247,,2.913247098932109,2.398405719165488,,2.7948544858647835,"rgba(38, 166, 154, 1.0)",0.9985868393262932,2.502988568029631,0.5177430861387838,0,,,0.0,0.0,0.0,0.0,54.35424431594081,-0.40924346747632967,True,False,True,False,True,0.0
2023-09-15 00:00:00+00:00,2.93,3.37,2.78,3.06,257101945,2.838665622621785,2.4635339609661315,,2.9183189254869686,2.448986865586192,,2.818030617934835,"rgba(38, 166, 154, 1.0)",0.9238432845534003,2.55775347472294,0.4029325444055262,0,,,0.0,0.0,0.0,0.0,55.50084335928189,0.5387824029595976,True,False,True,False,True,0.0
2023-09-22 00:00:00+00:00,2.4,2.91,2.34,2.9,150553659,2.830562367374552,2.4699003549246434,,2.908920383596528,2.4535347103183427,,2.801224227322543,#000000,0.862251442184674,2.534254956519619,-0.15570279149601549,0,,,0.0,0.0,0.0,0.0,53.60814140255253,0.5387824029595976,True,False,False,False,True,0.0
2023-09-29 00:00:00+00:00,2.39,2.625,2.26,2.38,107523523,2.8225913536926788,2.4676572334093163,,2.9002591626866776,2.4526457778558077,,2.7877116250656804,#000000,0.8270257575212542,2.516070331805726,-0.15243821689856613,0,,,0.0,0.0,0.0,0.0,52.21045700811305,0.5387824029595976,True,False,False,False,False,0.0
2023-10-06 00:00:00+00:00,2.06,2.43,2.03,2.41,120523785,2.808596169117672,2.452049682910127,,2.8859623903044183,2.443221492953486,,2.7649534828264786,#000000,0.80202832957536,2.48357015192371,-0.5281236788081691,0,,,0.0,0.0,0.0,0.0,49.76706751133667,5.1921615638941105,True,False,False,False,False,0.0
2023-10-13 00:00:00+00:00,2.01,2.18,1.93,2.02,72638244,2.7987391325949966,2.4392885665609465,,2.8760523831932594,2.4351852796670235,,2.7497591426817936,#000000,0.7830047691224297,2.462080925473077,-0.5773667585444687,0,,,0.0,0.0,0.0,0.0,47.81504303205776,3.3789681612725815,True,False,False,False,False,0.0
2023-10-20 00:00:00+00:00,1.84,2.0999,1.83,2.01,62038705,2.789254065815631,2.425992031827869,,2.8666144524577946,2.426617909096186,,2.7354752705776644,"rgba(239, 83, 80, 0.5)",0.7708003796218748,2.441875025090259,-0.7808442250450318,0,,,0.0,0.0,0.0,0.0,45.72224904299081,1.4199800564045617,True,False,False,True,False,0.0
2023-10-27 00:00:00+00:00,1.71,1.95,1.71,1.79,61960019,2.778556992609293,2.4100345949886988,,2.856067421224503,2.416151370826787,,2.719591269144379,"rgba(239, 83, 80, 0.5)",0.7535662957976313,2.4193159354865457,-0.9412787427491728,0,,,0.0,0.0,0.0,0.0,43.711746052742065,-0.46715546855973855,False,False,False,True,False,0.0
2023-11-03 00:00:00+00:00,1.92,1.99,1.7,1.73,52675095,2.7703629083669363,2.3987558588289737,,2.8479228466479696,2.4086229676800537,,2.7080796768060185,"rgba(239, 83, 80, 0.5)",0.7354001913526013,2.4036970566910743,-0.6577331123635196,0,,,0.0,0.0,0.0,0.0,43.530351161657094,-0.6351317746597616,False,False,False,True,False,0.0
2023-11-10 00:00:00+00:00,1.67,1.98,1.61,1.97,55416860,2.7608038049034427,2.3848793429242323,,2.8384932713484754,2.399255831414707,,2.6005415834147714,"rgba(239, 83, 80, 0.5)",0.7300373185574061,2.2437514714690723,-0.7859207425215424,0,,,0.0,0.0,0.0,146.0,42.370558236053434,-1.812389249635416,False,False,False,True,False,0.0
2023-11-17 00:00:00+00:00,1.83,1.91,1.61,1.66,60423819,2.7508880593269027,2.3711006503902317,,2.8286743205158738,2.3898032793044317,,2.5167142530796047,"rgba(239, 83, 80, 0.5)",0.7354077621133582,2.1022012977678597,-0.37013655796292994,0,,,0.0,0.0,0.0,0.0,42.4808969226143,-1.812389249635416,False,False,False,True,False,0.0
2023-11-24 00:00:00+00:00,1.8,1.88,1.75,1.84,29967089,2.7461781060877897,2.3647981834499046,,2.8239946117555528,2.385423552382219,,2.513228341171915,"rgba(239, 83, 80, 0.5)",0.7424027706534203,2.1008475128182793,-0.40523490039441873,0,,,0.0,0.0,0.0,0.0,42.42792968852915,-2.014912636980341,False,False,False,True,False,0.0
2023-12-01 00:00:00+00:00,1.9,1.91,1.72,1.78,52570806,2.7383186117038036,2.3547214330888813,,2.81615460201367,2.3783339685690583,,2.5083254843708596,"rgba(239, 83, 80, 0.5)",0.7423239136608721,2.1010140407995905,-0.27079019966939005,3,0.23431083093772956,0.7029324928131887,0.0,0.0,0.0,0.0,43.001714826555684,-2.014912636980341,False,False,False,True,False,0.0
2023-12-08 00:00:00+00:00,1.92,2.09,1.78,1.89,89470389,2.7265178049567953,2.3411981752446116,,2.8042593796395567,2.368572278014608,,2.504719747385442,"rgba(239, 83, 80, 0.5)",0.746741268795641,2.111247463689611,-0.2561094072088162,3,0.2379798208467642,0.7139394625402926,0.0,0.0,0.0,0.0,43.536765266782005,-2.014912636980341,False,False,False,True,False,0.0
2023-12-15 00:00:00+00:00,2.055,2.11,1.75,1.9,108130879,2.7134300570098855,2.3275051176817105,,2.790967786936913,2.3583957271572618,,2.4991966378125743,"rgba(239, 83, 80, 0.5)",0.7461992765745366,2.1181650122969864,-0.08464898624258689,3,0.24397038848194771,0.7319111654458431,0.0,0.0,0.0,0.0,44.76882055052118,-2.014912636980341,False,False,False,True,False,0.0
2023-12-22 00:00:00+00:00,2.19,2.29,1.95,2.06,143329511,2.7006223905403566,2.3188826043409185,,2.7775473655752383,2.351326871762922,,2.502301119568003,#000000,0.7452753587502821,2.1472756199858702,0.0573269725243194,3,0.24686907024802837,0.7406072107440851,0.0,0.0,0.0,0.0,46.463225289590355,-2.014912636980341,False,False,False,False,True,0.0
2023-12-29 00:00:00+00:00,2.3,2.52,2.13,2.26,125857124,2.693194579863282,2.318795103209234,,2.7693110025329974,2.350354570619892,,2.511031209616492,#000000,0.7405532689443384,2.182111364016704,0.15918994747176896,3,0.24925191310735326,0.7477557393220597,0.0,0.0,0.0,0.0,48.315003449338874,-6.542550130914599,True,False,False,False,True,0.0
2024-01-05 00:00:00+00:00,2.28,2.4285,2.12,2.27,109299928,2.6863040735769568,2.3173817384392277,,2.761774416827878,2.348590193526666,,2.5133127753565345,#000000,0.7330537571084484,2.198797265072348,0.11077323339554027,3,0.25334008563817595,0.7600202569145278,0.0,0.0,0.0,0.0,49.50468099523988,-5.296946429263819,True,False,False,False,True,0.0
2024-01-12 00:00:00+00:00,1.87,2.54,1.84,2.31,190488240,2.669426841864811,2.304596404197993,,2.7441731041422583,2.3380333151779467,,2.4657384553182915,#000000,0.7239737999838561,2.1360455524500734,-0.3674795309664602,3,0.2627879609070181,0.7883638827210544,0.0,1.0,2.54,118.0,47.927235374093804,-5.296946429263819,True,False,False,False,True,0.0
2024-01-19 00:00:00+00:00,2.0,2.12,1.89,1.92,104593003,2.659344745763383,2.295823328463941,,2.7337679450139363,2.3308756597919675,,2.454620097883726,#000000,0.7087248223915085,2.12180745606136,-0.1718684773172398,3,0.2697708066702632,0.8093124200107896,0.0,0.0,0.0,0.0,47.63476802348336,-5.296946429263819,True,False,False,False,True,0.0
2024-01-26 00:00:00+00:00,1.91,2.09,1.91,1.99,73193206,2.652119638105766,2.289316116453577,,2.726334222808081,2.325554703851189,,2.4466735474565384,#000000,0.7005145663422419,2.1117961814785033,-0.2880685016047394,3,0.2757183697573025,0.8271551092719076,0.0,0.0,0.0,0.0,46.926990602368356,-5.296946429263819,True,False,False,False,True,0.0
2024-02-02 00:00:00+00:00,1.88,2.01,1.82,1.91,105095155,2.6410179126645015,2.278556077090203,,2.7149911736781385,2.316801124352043,,2.433301581492739,#000000,0.6895524269767681,2.093319825214577,-0.30935983526277105,3,0.2785140412312474,0.8355421236937421,0.0,0.0,0.0,0.0,46.25214992149056,-5.296946429263819,False,False,False,False,False,0.0
2024-02-09 00:00:00+00:00,1.88,1.97,1.8,1.88,91951672,2.6313150362501263,2.2691458696411146,,2.705081819372164,2.3090783738849416,,2.422182928909825,"rgba(239, 83, 80, 0.5)",0.6873154658157716,2.078909696450321,-0.28940087389745545,3,0.2814031041693092,0.8442093125079275,0.0,0.0,0.0,0.0,45.770120863720706,-5.296946429263819,False,False,False,True,False,0.0
2024-02-16 00:00:00+00:00,1.92,1.92,1.75,1.88,103237006,2.620429770798716,2.2585800946171344,,2.6939699402614754,2.3003370725214904,,2.410076135968539,"rgba(239, 83, 80, 0.5)",0.683325117507192,2.06387904937187,-0.21055723796126358,3,0.286097786816698,0.858293360450094,0.0,0.0,0.0,0.0,45.73763339817495,-5.296946429263819,False,False,False,True,False,0.0
2024-02-23 00:00:00+00:00,1.76,1.91,1.71,1.91,70514989,2.6124991711746763,2.2504508571156547,,2.685921672542044,2.2936356328261427,,2.4006257627452636,"rgba(239, 83, 80, 0.5)",0.6841409751461137,2.0512557950222705,-0.42572482222697783,3,0.31975283521494824,0.9592585056448447,0.0,0.0,0.0,0.0,44.69943117726728,-1.2466166510768915,False,False,False,True,False,0.0
2024-03-01 00:00:00+00:00,1.73,1.846,1.71,1.74,69644195,2.6045204405753624,2.2421645687251193,,2.6778386227465734,2.2867848263246247,,2.3910986908573615,"rgba(239, 83, 80, 0.5)",0.689259577928205,2.0385606828005383,-0.44766977881978554,4,0.2887234005500087,1.154893602200035,0.0,0.0,0.0,0.0,43.77271234316365,-2.288738434878141,False,False,False,True,False,0.0
2024-03-08 00:00:00+00:00,1.7,1.765,1.6,1.73,99239113,2.5924346528829223,2.2290925973718245,1.6883333333333335,2.6656550239768384,2.2759940612119904,,2.3231506139539713,"rgba(239, 83, 80, 1.0)",0.6943693295111525,1.8884772714062603,-0.27143663090498465,4,0.3065180825101501,1.2260723300406005,0.0,-1.0,1.6,146.0,42.91862141590658,-3.2460164795061672,False,True,False,True,False,0.0
2024-03-15 00:00:00+00:00,1.73,1.74,1.6,1.69,62121514,2.5850438055106104,2.2212435585596375,1.6889749759607302,2.6581926261704787,2.2694537082174473,,2.2704383417639065,"rgba(239, 83, 80, 1.0)",0.6945804164781474,1.8112641552659208,-0.11699747550898232,4,0.3237215260974552,1.2948861043898208,0.0,0.0,0.0,0.0,42.59760740265749,-3.6884052085270156,False,True,False,True,False,0.0
2024-03-22 00:00:00+00:00,2.31,2.37,1.74,1.82,254729747,2.5705836282823524,2.2166664014486717,1.9650916502296527,2.64243468914623,2.2637883748797307,,2.315585264437761,#000000,0.6900018474972015,1.9890179442133296,0.4651901396365063,4,0.3364316962694388,1.3457267850777552,0.0,0.0,0.0,0.0,46.715185659294896,-7.073023220717467,True,False,False,False,True,0.0
2024-03-29 00:00:00+00:00,2.47,2.635,2.07,2.31,237531786,2.5653222247349947,2.2254011639667626,2.120112596149331,2.635519903428905,2.268802312702776,,2.348210822061429,#000000,0.6815121303276894,2.0931312647540565,0.5529890349343232,4,0.34831009900541515,1.3932403960216606,0.0,0.0,0.0,0.0,50.537218259447855,-3.457643093832779,True,False,False,False,True,0.0
2024-04-05 00:00:00+00:00,2.595,2.97,2.325,2.44,269988463,2.5674141665982657,2.247122934425089,2.2691621122988463,2.6353521549010197,2.284212736517161,2.6300000000000003,2.406908791108598,#000000,0.6671089501358479,2.3379167311279514,0.38536923964173647,5,0.31736862795319354,1.5868431397659677,0.0,0.0,0.0,0.0,53.91296186241816,-0.36230906035092403,True,False,False,False,True,0.0
2024-04-12 00:00:00+00:00,1.82,2.77,1.78,2.59,231071882,2.5554522783670612,2.2416848455928,2.2399792587790186,2.6223724819601824,2.2785451734116213,2.396342674327314,2.380523393282607,#000000,0.6500791705076618,2.260689597091357,-0.677901426601951,5,0.32410106271232914,1.6205053135616456,0.0,0.0,0.0,0.0,51.45435327693504,-0.36230906035092403,True,False,False,False,False,0.0
2024-04-19 00:00:00+00:00,1.73,1.89,1.69,1.84,162411545,2.5408580242257166,2.2275569623059663,2.1820258745569463,2.6074511665155966,2.2662574133696642,2.2430200046405386,2.348586730136623,#000000,0.6194804928979467,2.1838907160120633,-0.7326957365336075,6,0.3988351137509918,2.3930106825059507,0.0,0.0,0.0,0.0,49.27239518169584,4.094290424237435,True,False,False,False,False,0.0
2024-04-26 00:00:00+00:00,1.78,1.87,1.65,1.75,104830010,2.531683118609834,2.218815673173214,2.151403908770159,2.598057146786232,2.2585854708773065,2.178024557950462,2.3317193862737358,#000000,0.5972163430117785,2.070560637185002,-0.48652492615941606,6,0.4092285987671782,2.4553715926030693,0.0,0.0,0.0,0.0,48.02211027619032,3.039379033522131,True,False,False,False,False,0.0
2024-05-03 00:00:00+00:00,2.1,2.515,1.74,1.8,334518916,2.5166210289059223,2.2130813383235903,2.1451055357527684,2.5815421445511624,2.252033701387808,2.159918403746682,2.3227920082416262,#000000,0.5703837573341587,2.1279767898721165,-0.04904906479608291,6,0.41782598827360823,2.5069559296416495,0.0,0.0,0.0,0.0,48.96098664297017,3.039379033522131,True,False,False,False,False,0.0
2024-05-10 00:00:00+00:00,1.93,2.22,1.91,2.14,108710811,2.5108089428564213,2.209565692579409,2.137813737968014,2.5753293068619447,2.248563866972192,2.1473635163577396,2.3173145101480452,#000000,0.5057079330142206,2.1199534565838856,-0.3756188981487544,6,0.4185645965220363,2.5113875791322178,0.0,0.0,0.0,0.0,48.72101180667953,3.039379033522131,True,False,False,False,False,0.0
2024-05-17 00:00:00+00:00,1.98,2.31,1.95,1.95,215759375,2.501029449760749,2.205046776794285,2.131819323497396,2.5646862761787537,2.243705200384519,2.1371803720887836,2.310702972360257,#000000,0.48632096508487366,2.1170683967772357,-0.2818475998732941,6,0.41869452887211017,2.512167173232661,0.0,0.0,0.0,0.0,48.83417683322745,3.039379033522131,True,False,False,False,False,0.0
2024-05-24 00:00:00+00:00,1.85,2.01,1.82,2.0,79633462,2.495980273730609,2.201085175097527,2.1230292030601423,2.5594040432604586,2.240017021798539,2.1242942690634203,2.3048363621136496,#000000,0.47366572201946183,2.1055458689253124,-0.5395067809336064,6,0.4210374996489583,2.52622499789375,0.0,0.0,0.0,0.0,48.20256847321473,3.039379033522131,True,False,False,False,False,0.0
2024-05-31 00:00:00+00:00,1.8,1.88,1.78,1.85,55492860,2.4920889058592635,2.1977397640072116,2.115440909953119,2.5553720917025733,2.2369584617055933,2.1134865552647097,2.2999481039990948,#000000,0.4715483122764969,2.0955688821921536,-0.6268050897377487,6,0.42027647508905064,2.521658850534304,0.0,0.0,0.0,0.0,47.478446942651196,2.398554849413884,False,False,False,False,False,0.0
2024-06-07 00:00:00+00:00,1.77,1.84,1.74,1.82,64645998,2.487367551794328,2.193544689740526,2.1060273253517385,2.5504987480599266,2.233142683338235,2.1003690052369492,2.2939052364636385,#000000,0.47095384330369827,2.0833933815270056,-0.665443941021013,6,0.42111639446664073,2.5266983667998444,0.0,0.0,0.0,0.0,46.79156567414117,1.591681983488563,False,False,False,False,False,0.0
2024-06-14 00:00:00+00:00,1.7,1.82,1.68,1.78,71708170,2.4818367149717506,2.188434371005631,2.094666469946049,2.5448168345017854,2.2285222369367785,2.0848757758762764,2.2866519311848235,"rgba(239, 83, 80, 0.5)",0.46619530570680884,2.0689086224304853,-0.791317754414483,6,0.4209290319355084,2.5255741916130505,0.0,0.0,0.0,0.0,45.89550050711001,0.5777499961747807,False,False,False,True,False,0.0
2024-06-21 00:00:00+00:00,1.66,1.72,1.65,1.71,39281141,2.4786144493596494,2.185340193335059,2.0878011932543155,2.541522680419009,2.2257417124650045,2.075649979561541,2.2823057520050463,"rgba(239, 83, 80, 0.5)",0.45555147255183587,2.0602142430764085,-0.8785269441333425,6,0.42214270711966556,2.5328562427179935,0.0,0.0,0.0,0.0,45.01958884973427,-0.4136621749837417,False,False,False,True,False,0.0
2024-06-28 00:00:00+00:00,1.66,1.74,1.61,1.66,61439452,2.473584443565301,2.1805124744921303,2.0773371570151506,2.53638081010098,2.2213963260886254,2.0618000089749398,2.275606749171786,"rgba(239, 83, 80, 0.5)",0.44724003471139584,1.9453748242981583,-0.6380797830013382,6,0.4249940958769078,2.5499645752614466,0.0,0.0,0.0,0.0,44.393937665894455,-1.164883593311039,False,False,False,True,False,0.0
2024-07-05 00:00:00+00:00,1.73,1.79,1.65,1.67,45660285,2.4701320378400506,2.1773515616005152,2.0708684199256937,2.5328314541519124,2.218518830907246,2.0534242861218734,2.271296708687687,"rgba(239, 83, 80, 0.5)",0.43205205934237123,1.944956064963221,-0.49752352827667745,6,0.4314958523459868,2.5889751140759207,0.0,0.0,0.0,0.0,44.54486018531586,-1.171240627213166,False,False,False,True,False,0.0
2024-07-12 00:00:00+00:00,1.88,1.88,1.7101,1.72,66987716,2.4657949681669393,2.1737970136154914,2.064406567436179,2.5283165509385443,2.215197702131477,2.0453647121458163,2.266572128785786,"rgba(239, 83, 80, 0.5)",0.41424005096057737,1.9520617873183514,-0.17396141959534853,6,0.44139634130675337,2.64837804784052,0.0,0.0,0.0,0.0,45.872468543814925,-1.171240627213166,False,False,False,True,False,0.0
2024-07-19 00:00:00+00:00,1.79,2.01,1.77,1.83,93719645,2.4601333780723045,2.169403478320023,2.0570858521425945,2.5223893937146236,2.2110308637874527,2.0365481864629946,2.260851270037528,#000000,0.406867012383368,1.9563018194326383,-0.40873753430750326,6,0.4477895007979024,2.6867370047874144,0.0,0.0,0.0,0.0,46.153647372937485,-1.171240627213166,False,False,False,False,False,0.0
2024-07-26 00:00:00+00:00,1.83,1.96,1.77,1.84,86874859,2.454949998884727,2.165395904988131,2.0506405964989316,2.5169607504783458,2.2072184010096914,2.028942461108044,2.2556977285148387,#000000,0.393591650555991,1.9556983045601763,-0.31936222321437396,6,0.4563538156127381,2.7381228936764286,0.0,0.0,0.0,0.0,46.690097574332086,-1.171240627213166,False,False,False,False,False,0.0
2024-08-02 00:00:00+00:00,1.86,2.15,1.8,1.85,191959484,2.4453487163415257,2.159162360357848,2.043194707419025,2.50674018047451,2.2009933048555017,2.0211894695420245,2.2285505677437376,#000000,0.38467481294167627,1.9340737351644148,-0.1925619579768163,6,0.45992251382474264,2.7595350829484557,0.0,0.0,0.0,0.0,47.33239823178685,-1.171240627213166,False,False,False,False,True,0.0
2024-08-09 00:00:00+00:00,1.79,1.88,1.68,1.7,110679851,2.4383523122759163,2.153348140035018,2.0337616293295,2.4994677345135803,2.195524984805423,2.010199168011121,2.218148572900058,#000000,0.37701072940977687,1.9122338486116464,-0.3242184879008817,6,0.4638570794645693,2.7831424767874156,0.0,0.0,0.0,0.0,47.20665907810704,-1.171240627213166,False,False,False,False,True,0.0
2024-08-16 00:00:00+00:00,1.94,1.98,1.5,1.82,102080990,2.4322545368016746,2.148471112806443,2.0264047548193345,2.4931030847281113,2.19088532825924,2.00187997910019,2.211290735082134,#000000,0.3747650915892191,1.8540742694402181,0.22927890694249933,6,0.4667693062519027,2.8006158375114163,0.0,0.0,0.0,0.0,48.44566813388569,-1.171240627213166,False,False,False,False,True,0.0
2024-08-23 00:00:00+00:00,1.93,1.96,1.85,1.94,79245455,2.4283947887043373,2.1459309630504215,2.0236309153157124,2.4889975973291376,2.188338121579178,1.9991567601670868,2.2089571561623957,#000000,0.3691355497023498,1.8697152241904837,0.16331338408919555,6,0.4666565783930727,2.799939470358436,0.0,0.0,0.0,0.0,49.23912747459435,-4.170114589474174,False,False,False,False,True,0.0
2024-08-30 00:00:00+00:00,1.71,1.94,1.65,1.93,123020221,2.420841200268999,2.139675518389997,2.0142039640598415,2.4811434430659176,2.182414975243016,1.9885627072943268,2.2004156953247587,#000000,0.3646621662518576,1.851108850899579,-0.38695774872932875,6,0.46554373529479487,2.793262411768769,0.0,0.0,0.0,0.0,47.935473745592155,-4.170114589474174,False,False,False,False,True,0.0
2024-09-06 00:00:00+00:00,1.62,1.74,1.62,1.72,76207964,2.4154988618321704,2.134824054600464,2.006333206288665,2.475649418437047,2.1779083131287136,1.9795426282565836,2.1934791692502724,#000000,0.36278235353450966,1.832547427264833,-0.5858813836837141,6,0.4668672939575598,2.801203763745359,0.0,0.0,0.0,0.0,46.32717623105912,-4.170114589474174,False,False,False,False,False,0.0
2024-09-13 00:00:00+00:00,1.74,1.75,1.65,1.66,108161507,2.4085703078245126,2.128859256686073,1.997375070120161,2.4684785064208534,2.172289009532339,1.9695590293060226,2.185692412218317,#000000,0.3575420721164647,1.8198514853565713,-0.2233345152470915,6,0.4689908759746014,2.8139452558476084,0.0,0.0,0.0,0.0,46.33955074142206,-4.170114589474174,False,True,False,False,False,0.0
2024-09-20 00:00:00+00:00,1.72,1.88,1.7,1.75,95499673,2.403026160218821,2.124389503556233,1.9913108553909067,2.4626975859119637,2.1680028908229376,1.963056068828393,2.1803645814076815,#000000,0.35637404431223857,1.8164090097754848,-0.27052758559210804,6,0.473644110629553,2.8418646637773177,0.0,0.0,0.0,0.0,46.18380521596792,-4.170114589474174,False,True,False,False,False,0.0
2024-09-27 00:00:00+00:00,1.74,1.78,1.68,1.71,126922449,2.3954260426681895,2.118079139294252,1.9826028849060897,2.4547993744014516,2.1619830989623403,1.9536703106362365,2.17272002383681,#000000,0.3557250811136814,1.808845780924442,-0.1935364824681579,6,0.4828340541326946,2.8970043247961677,0.0,0.0,0.0,0.0,46.27598695454072,-4.170114589474174,False,True,False,False,False,0.0
2024-10-04 00:00:00+00:00,1.69,1.85,1.65,1.74,158221076,2.3861434487990074,2.1104264879911754,1.9724029168157662,2.4451454354719613,2.1546517970112165,1.9428304182469514,2.163657074486087,"rgba(239, 83, 80, 1.0)",0.35475428623711586,1.8010403302080775,-0.31300631032787246,5,0.5609046152824526,2.804523076412263,0.0,0.0,0.0,0.0,45.890217411478915,-4.170114589474174,False,True,False,True,False,0.0
2024-10-11 00:00:00+00:00,1.63,1.71,1.45,1.7,145377237,2.3761524289962765,2.1012835560795398,1.9589612112465464,2.4348870962611824,2.146084395949286,1.928073028479503,2.1521610391155734,"rgba(239, 83, 80, 1.0)",0.3445918985939433,1.718345179470854,-0.25637625211542586,5,0.5883481449232558,2.9417407246162792,0.0,0.0,0.0,0.0,45.07724119216441,-2.0221289420736213,False,True,False,True,False,0.0
2024-10-18 00:00:00+00:00,1.59,1.639,1.55,1.635,71854498,2.3712842532294234,2.096851700232421,1.9526027527892509,2.429886060508515,2.141918657357493,1.9211583971465322,2.146703763863369,"rgba(239, 83, 80, 1.0)",0.34318267927060836,1.711575433735559,-0.3542586531288593,5,0.6096886650182842,3.048443325091421,0.0,0.0,0.0,0.0,44.13942050903843,-3.0213221891578144,False,True,False,True,False,0.0
2024-10-25 00:00:00+00:00,1.69,1.74,1.57,1.58,140219830,2.362839393640082,2.0896545108659783,1.9432258306017838,2.421140139360241,2.135034619406629,1.9113066670697014,2.1383365242849957,"rgba(239, 83, 80, 1.0)",0.3402213508402573,1.7129144054177181,-0.0673514621029092,5,0.6353978261900431,3.176989130950216,0.0,0.0,0.0,0.0,44.66968857514978,-3.0213221891578144,False,True,False,True,False,0.0
2024-11-01 00:00:00+00:00,1.64,1.77,1.63,1.7099,95134234,2.3573317255301363,2.085056702721249,1.9374966783417487,2.4154224516184106,2.1306062492927795,1.905387029222772,2.1331094492120233,"rgba(239, 83, 80, 1.0)",0.34187528678117934,1.7132141405484538,-0.2141545276284194,5,0.7058552351262303,3.5292761756311513,0.0,0.0,0.0,0.0,44.559299191602776,-3.0213221891578144,False,True,False,True,False,0.0
2024-11-08 00:00:00+00:00,1.49,1.82,1.48,1.68,208227531,2.344135682805161,2.073346584393871,1.9219981903635968,2.401826687373616,2.119469994997241,1.8890112004329058,2.119385160086262,"rgba(239, 83, 80, 1.0)",0.3448780042824415,1.6620802273872957,-0.49895970531761935,4,0.7042846894704548,2.817138757881819,0.0,0.0,0.0,0.0,43.12845266114152,-4.2086917717924095,False,True,False,True,False,0.0
2024-11-15 00:00:00+00:00,1.35,1.51,1.33,1.49,158159207,2.331813535429091,2.061243501258025,1.9044596078643128,2.3893068859519304,2.1081980870423074,1.869943024393276,2.1046232862835783,"rgba(239, 83, 80, 1.0)",0.3492104995170891,1.6158713608962703,-0.7613498484837492,4,0.7162316451237878,2.864926580495151,0.0,0.0,0.0,0.0,41.01546883602074,-6.269899866979863,False,True,False,True,False,0.0
2024-11-22 00:00:00+00:00,1.34,1.39,1.28,1.33,132963110,2.321050799793974,2.050509734329687,1.8889583751332288,2.3783986401942823,2.098213942838441,1.8531273614667672,2.091632631292739,"rgba(239, 83, 80, 1.0)",0.3532777918270551,1.5840036910415454,-0.6906850548958248,4,0.7149361989190623,2.8597447956762494,0.0,0.0,0.0,0.0,39.431317099101776,-7.770193626571476,False,True,False,True,False,0.0
2024-11-29 00:00:00+00:00,1.34,1.45,1.33,1.36,83574209,2.3146517841258802,2.044262532758528,1.8802595202778514,2.371894487451166,2.0923654144046466,1.8438026778843482,2.0842311018761164,"rgba(239, 83, 80, 1.0)",0.35668929371689045,1.5713789744296744,-0.6486849437463723,4,0.7121662889226898,2.8486651556907594,0.0,0.0,0.0,0.0,38.299780144159655,-8.819372285310308,False,True,False,True,False,0.0
2024-12-06 00:00:00+00:00,1.28,1.36,1.26,1.34,146758123,2.3027623230254015,2.0323977288011044,1.8635639536015205,2.3598504825067117,2.081295976091324,1.8258563234761747,2.0701518753548287,"rgba(239, 83, 80, 1.0)",0.3620046413519615,1.5448730899185623,-0.7316842373328513,4,0.7149655202801606,2.8598620811206423,0.0,0.0,0.0,0.0,37.00420185033205,-10.026056313953099,False,True,False,True,False,0.0
2024-12-13 00:00:00+00:00,1.19,1.375,1.15,1.28,192811900,2.2866239945958906,2.016107778269999,1.8407901031579605,2.3435352894080403,2.0661030545347154,1.8014412402326416,2.0509714811685535,"rgba(239, 83, 80, 1.0)",0.37038958063293753,1.5103740762364306,-0.8649651420781377,4,0.7238369270432645,2.895347708173058,0.0,0.0,0.0,0.0,35.386715180171116,-11.533429226240536,False,True,False,True,False,0.0
2024-12-20 00:00:00+00:00,1.26,1.28,1.14,1.19,149141800,2.2743373808480967,2.003776391152864,1.8239614072893569,2.331107488254404,2.0545612542189335,1.7835411105409302,2.036667132444726,"rgba(239, 83, 80, 1.0)",0.3769607836797275,1.3966544329536363,-0.36251631169607373,4,0.7317630512321944,2.9270522049287777,0.0,0.0,0.0,0.0,35.33791327969818,-11.543379170559277,False,True,False,True,False,0.0
2024-12-27 00:00:00+00:00,1.43,1.53,1.31,1.34,213846792,2.2604244093525625,1.9910608314414195,1.8088152601738712,2.316851447557721,2.042357409715222,1.768143882797128,2.0227549029692033,"rgba(239, 83, 80, 0.75)",0.38012843964985377,1.3942871095332374,0.09394953584545947,4,0.7519499091154754,3.0077996364619017,0.0,0.0,0.0,0.0,37.67217404316655,-11.543379170559277,False,True,False,True,True,0.0
2025-01-03 00:00:00+00:00,1.45,1.5,1.28,1.41,179016077,2.2489426135109336,1.9805969076031444,1.7965806482653315,2.3050842157913314,2.03228601078446,1.7557710987133444,2.0113840950343604,"rgba(239, 83, 80, 0.75)",0.3813740567620889,1.3988222531884649,0.1341930472304284,4,0.775159765344447,3.100639061377788,0.0,0.0,0.0,0.0,39.59577467215011,-13.769574422219257,False,True,False,True,True,0.0
2025-01-10 00:00:00+00:00,1.23,1.51,1.18,1.48,210175787,2.2342393846731285,1.966643121624979,1.7795487923192035,2.290102048822576,2.018966728729392,1.7382653513886206,1.9959849001645407,"rgba(239, 83, 80, 0.75)",0.3860917246197096,1.3797243208317922,-0.38779469044374576,4,0.779280373257893,3.117121493031572,0.0,0.0,0.0,0.0,38.96991082344,-13.769574422219257,False,True,False,True,True,0.0
2025-01-17 00:00:00+00:00,1.2,1.23,1.15,1.2,182409071,2.2203312804636144,1.9529922771912314,1.7623794617100756,2.2760019638590228,2.0060200352343185,1.7204337469769238,1.980778793921084,"rgba(239, 83, 80, 0.75)",0.38427834553465107,1.3525544569623067,-0.39698947061421297,4,0.7908537309923255,3.163414923969302,0.0,0.0,0.0,0.0,38.28227570423786,-13.769574422219257,False,True,False,True,True,0.0
2025-01-24 00:00:00+00:00,1.14,1.21,1.11,1.21,169200012,2.207268837840672,1.9401094513183799,1.746270818534402,2.26277184123568,1.993795184118118,1.7037276128355014,1.9664865247383987,"rgba(239, 83, 80, 1.0)",0.3823817370021672,1.3297320132182964,-0.4961848196667958,4,0.7938862083923534,3.1755448335694134,0.0,0.0,0.0,0.0,37.31035614782589,-13.769574422219257,False,True,False,True,False,0.0
2025-01-31 00:00:00+00:00,1.05,1.15,1.03,1.12,207799447,2.1905219702343373,1.9233571296410594,1.7252045261994875,2.2458503349381234,1.9779262419123802,1.6818331222411222,1.9479030031342743,"rgba(239, 83, 80, 1.0)",0.38873573088728314,1.2990191689254316,-0.6405872914152996,4,0.7929442149929153,3.1717768599716614,0.0,0.0,0.0,0.0,35.929808410187746,-10.481461725849286,False,True,False,True,False,0.0
2025-02-07 00:00:00+00:00,1.0,1.2,0.9715,0.9902,334930819,2.1640946063104582,1.8970912203406458,1.6929641926435293,2.219131379079155,1.952944158704707,1.648551390358456,1.9190900147566725,"rgba(239, 83, 80, 1.0)",0.37598228106611276,1.2605116418796496,-0.6928827633604393,4,0.7808197619559161,3.1232790478236643,0.0,0.0,0.0,0.0,34.578292160949985,-11.77796158260739,False,True,False,True,False,0.0
2025-02-14 00:00:00+00:00,0.9328,1.01,0.905,1.01,220499694,2.1457275670457747,1.8785398779962166,1.6700627036274605,2.20061381422656,1.935330868980883,1.624854443445694,1.898753784545749,"rgba(239, 83, 80, 1.0)",0.36145461035121107,1.2310414587498988,-0.8251145516171712,4,0.7724356671297299,3.0897426685189195,0.0,0.0,0.0,0.0,33.13457671987078,-13.157535445267257,False,True,False,True,False,0.0
2025-02-21 00:00:00+00:00,0.9515,1.03,0.8251,0.9299,228136579,2.127088445060325,1.8598226195281204,1.6473827353948736,2.1818107735022068,1.9175017151570835,1.6015047658411445,1.8784023840719821,"rgba(239, 83, 80, 1.0)",0.34778021491264605,1.2049560654874054,-0.7287823016357253,4,0.7664302103846593,3.065720841538637,0.0,0.0,0.0,0.0,32.420432691522535,-13.841452073507618,False,True,False,True,False,0.0
2025-02-28 00:00:00+00:00,0.735,0.9101,0.7157,0.9101,168596925,2.1120062390107024,1.8443125753245058,1.6281865585221507,2.1666557582004287,1.9027960670902548,1.5816115344461201,1.861451320482967,"rgba(239, 83, 80, 1.0)",0.358458725496655,1.1791868172430173,-1.239157497498725,4,0.7507464215702635,3.002985686281054,0.0,0.0,0.0,0.0,30.479969952922147,-15.711060953429602,False,True,False,True,False,0.0
2025-03-07 00:00:00+00:00,0.6937,0.7498,0.6411,0.74,187325228,2.094504862467821,1.8261418193526104,1.6056113043294236,2.1491007407412885,1.885587531396084,1.5581857511606239,1.8416019793142537,"rgba(239, 83, 80, 1.0)",0.3692216306265439,1.1481636754278506,-1.2308695854483303,4,0.7373290718122818,2.949316287249127,0.0,0.0,0.0,0.0,28.857255961225498,-17.250300430242945,False,True,False,True,False,0.0
2025-03-14 00:00:00+00:00,0.6099,0.69,0.576,0.68,223651621,2.073156678465949,1.8038971666194183,1.5780957837367833,2.1277054293960496,1.8645098420456054,1.5296615616505487,1.8173836290923528,"rgba(239, 83, 80, 1.0)",0.38769389356334694,1.1111127815478794,-1.292805457783111,4,0.7173939091961734,2.8695756367846936,0.0,0.0,0.0,0.0,27.232975247220043,-18.782662548626995,False,True,False,True,False,0.0
2025-03-21 00:00:00+00:00,0.65,0.6946,0.6066,0.6106,188919210,2.055905639996933,1.7861259385023045,1.556610220166812,2.110389561980832,1.847596752026664,1.5075238610583805,1.7982083091895806,"rgba(239, 83, 80, 1.0)",0.40362494160381884,1.0852537301675649,-1.07836182877616,4,0.7002087452292372,2.8008349809169486,0.0,0.0,0.0,0.0,26.787572318974313,-19.195587988901543,False,True,False,True,False,0.0
2025-03-28 00:00:00+00:00,0.6627,0.735,0.6456,0.6794,115774874,2.045765382535627,1.7757904635108286,1.5443578558334878,2.1001960474929113,1.8377227117846437,1.4949662890281616,1.7871357571440403,"rgba(239, 83, 80, 1.0)",0.4192736840028226,1.0718828598567602,-0.9759326079096479,4,0.6861755599186725,2.74470223967469,0.0,0.0,0.0,0.0,26.70151686541896,-19.31483482830209,False,True,False,True,False,0.0
2025-04-04 00:00:00+00:00,0.5922,0.6726,0.5535,0.6413,76828468,2.038753145461027,1.7685752441835045,1.5357246091520877,2.0931582049496544,1.8308430955135373,1.4860928932831121,1.7793886481944785,"rgba(239, 83, 80, 1.0)",0.43655850338262464,1.0618488304665674,-1.0757981503682694,4,0.680839941093307,2.723359764373228,0.0,0.0,0.0,0.0,26.178161866958472,-19.897225509857602,False,True,False,True,False,0.0
2025-04-11 00:00:00+00:00,0.4874,0.5979,0.44,0.5602,170502637,2.022388113449396,1.751557498703081,1.5151668675401566,2.076763356267609,1.8146507072442204,1.4649027720961503,1.7610783988141652,"rgba(239, 83, 80, 1.0)",0.4548047249431695,1.0365457060372518,-1.2074318403483402,4,0.6652729206453245,2.661091682581298,0.0,0.0,0.0,0.0,25.17478722476546,-20.952249368412566,False,True,False,True,False,0.0
2025-04-18 00:00:00+00:00,0.45,0.52,0.43,0.4885,124106815,2.0103720117233377,1.7390501539061276,1.5001134724376983,2.0647293047399002,1.8027426598866723,1.4493987122087968,1.747650113841794,"rgba(239, 83, 80, 1.0)",0.4741865320736149,1.0182046364701787,-1.1982724055561493,4,0.6504877965220861,2.6019511860883444,0.0,0.0,0.0,0.0,24.24589144270091,-21.93040514690417,False,True,False,True,False,0.0
2025-04-25 00:00:00+00:00,0.4871,0.512,0.4357,0.4393,130490432,1.9980298645827663,1.7262769427381046,1.4849175227009288,2.052359204798301,1.7905536713265005,1.4337946168002085,1.7339958526003072,"rgba(239, 83, 80, 1.0)",0.49038277960521276,1.0005685354178873,-1.047077011617863,4,0.6331177011577731,2.5324708046310924,0.0,0.0,0.0,0.0,24.333119499773805,-21.935866856011984,False,True,False,True,False,0.0
2025-05-02 00:00:00+00:00,0.4551,0.5245,0.4539,0.4995,111373560,1.9876490966970233,1.7155742572500945,1.472295362295088,2.041950038495608,1.7803230662538438,1.4208619344855544,1.7225929104966915,"rgba(239, 83, 80, 1.0)",0.5065534812065986,0.9864116906172229,-1.0488758054759604,4,0.6163556980994473,2.4654227923977894,0.0,0.0,0.0,0.0,24.18384642686061,-22.20623924817319,False,True,False,True,False,0.0
2025-05-09 00:00:00+00:00,0.4278,0.458,0.4138,0.458,93750703,1.9787650778649406,1.706386525694559,1.4614471577329013,2.033047024927483,1.7715431772269836,1.4097412547912642,1.712806211440512,"rgba(239, 83, 80, 1.0)",0.5215840428699653,0.8159021450666117,-0.7440836244358964,4,0.6005746847109699,2.4022987388438795,0.0,0.0,0.0,0.0,23.894692296321384,-22.62870183982541,False,True,False,True,False,0.0
2025-05-16 00:00:00+00:00,0.495,0.49629,0.417,0.4446,121188009,1.9676961122106664,1.6950356497272687,1.4482377010626064,2.0219407556230897,1.7606646018010268,1.396251494549348,1.7007737489570407,"rgba(239, 83, 80, 1.0)",0.5334649766799554,0.8103913803888623,-0.5912129083931911,4,0.5877017661228225,2.35080706449129,0.0,0.0,0.0,0.0,25.138799349772757,-22.62870183982541,False,True,False,True,False,0.0
2025-05-23 00:00:00+00:00,0.4424,0.489,0.426,0.48,103041838,1.9583063615075569,1.6854156733996015,1.4370898851131015,2.012519019672992,1.7514372610361055,1.3848779957905033,1.6905941483369518,"rgba(239, 83, 80, 1.0)",0.5441431923924329,0.801443604442446,-0.6598329437217434,4,0.5748336947257008,2.299334778902803,0.0,0.0,0.0,0.0,25.603611021227795,-22.62870183982541,False,True,False,True,False,0.0
2025-05-30 00:00:00+00:00,0.4257,0.4719,0.4257,0.4507,81277890,1.9509262748163794,1.6778630328792348,1.4283717054374439,2.005113151060753,1.7441873039251867,1.3759912853718437,1.6826144894819388,"rgba(239, 83, 80, 1.0)",0.5520753915025591,0.793983405374668,-0.6670889719832058,4,0.5625702642121788,2.2502810568487153,0.0,0.0,0.0,0.0,25.801412041034006,-22.62870183982541,False,True,False,True,False,0.0
2025-06-06 00:00:00+00:00,0.4056,0.4306,0.37,0.4246,193580021,1.933187872859892,1.6596825931462587,1.407412515736668,1.9873192739963315,1.7267312377559574,1.3546287601708291,1.6634247776726898,"rgba(239, 83, 80, 1.0)",0.5572912962141408,0.7734426933379899,-0.6600546174628309,4,0.5508445593517592,2.203378237407037,0.0,0.0,0.0,0.0,25.776429757636336,-22.62870183982541,False,True,False,True,False,0.0
2025-06-13 00:00:00+00:00,0.404,0.46,0.397,0.4051,126238725,1.9219728492315002,1.6482713870866479,1.3944396343629144,1.976057954974127,1.7157438535358605,1.3414530094261714,1.6514357104636048,"rgba(239, 83, 80, 1.0)",0.561762284187125,0.7631494867536167,-0.6393264497514445,4,0.5400171281314664,2.1600685125258656,0.0,0.0,0.0,0.0,25.744744517128606,-22.62870183982541,False,True,False,True,False,0.0
2025-06-20 00:00:00+00:00,0.36,0.4288,0.36,0.41,142862829,1.90916868677554,1.635222629863685,1.3796155522863223,1.963205599570467,1.7031777732504827,1.3263958706336498,1.6377356909186482,"rgba(239, 83, 80, 1.0)",0.5726664285162442,0.7499479733751423,-0.6809338804537258,4,0.5293143954989157,2.1172575819956627,0.0,0.0,0.0,0.0,25.33647830205154,-22.62870183982541,False,True,False,True,False,0.0
2025-06-27 00:00:00+00:00,0.4007,0.423,0.3507,0.36,104082099,1.9000250215811036,1.62594784487076,1.3691763828743064,1.954021742693553,1.6942292066158466,1.31581710805363,1.5552885502705274,"rgba(239, 83, 80, 0.75)",0.5800544654513843,0.6103735818532809,-0.3614722312155947,4,0.5229110507934243,2.091644203173697,0.0,0.0,0.0,0.0,26.116058421363775,-22.62870183982541,False,True,False,True,True,0.0
2025-07-04 00:00:00+00:00,0.5387,0.5493,0.393,0.4034,112118906,1.8909567775595042,1.616924842478171,1.3593250967602961,1.9448873231070587,1.6854708425709928,1.305916799162505,1.549593343920216,"rgba(239, 83, 80, 0.75)",0.5849290095464663,0.6216074029975622,-0.14173925663534076,4,0.5193174965970682,2.0772699863882726,0.0,0.0,0.0,0.0,29.807522132086152,-22.92432622605511,False,True,False,True,True,0.0
2025-07-11 00:00:00+00:00,0.5805,0.7003,0.4821,0.533,351640095,1.865122054385673,1.5918271460025337,1.333020396897662,1.9187737736321417,1.660914081700998,1.279776362549479,1.5305655671989025,"rgba(239, 83, 80, 0.75)",0.5888045558449635,0.6457851080608012,-0.11087738267771025,4,0.5202923301833353,2.0811693207333413,0.0,0.0,0.0,0.0,33.2657609050545,-19.673489474727027,False,True,False,True,True,0.0
2025-07-18 00:00:00+00:00,0.6213,0.6738,0.5788,0.5844,144445608,1.855102960288189,1.5822356442481873,1.3232384078005515,1.9086259419203544,1.6514790327600115,1.2701266435717335,1.5224574289599817,"rgba(239, 83, 80, 0.5)",0.5914580943537568,0.6516679262517565,-0.05134417221043761,4,0.5225595404118764,2.0902381616475054,0.0,0.0,0.0,0.0,36.51603796737531,-16.713828324886123,False,False,False,True,True,0.0
2025-07-25 00:00:00+00:00,0.6885,0.8302,0.624,0.629,273616284,1.8379114060828954,1.5662308885722647,1.3077144986402622,1.8911446634583706,1.635588753797692,1.2550377846437264,1.5099433660918506,"rgba(239, 83, 80, 0.5)",0.5920728884761313,0.6697063939761758,0.03174204796337643,4,0.5223667138957744,2.0894668555830975,0.0,0.0,0.0,0.0,40.049127374953066,-13.545990891461116,False,False,False,True,True,0.0
2025-08-01 00:00:00+00:00,0.5687,0.7092,0.551,0.692,195108630,1.8248536460841382,1.5538166798664257,1.2952522189947238,1.8779081383519058,1.6233335052274065,1.2427829947851323,1.4982045022754298,"rgba(239, 83, 80, 0.5)",0.5960189026054995,0.6694277776005677,-0.16900097825796423,3,0.5698450502311564,1.709535150693469,0.0,0.0,0.0,0.0,40.7902711365937,-13.068850749083182,False,False,False,True,True,0.0
2025-08-08 00:00:00+00:00,0.6487,0.68,0.5698,0.578,109331342,1.8177946271433154,1.5471675783874885,1.288691226801547,1.8707432606340837,1.6167475455510505,1.2363614484883059,1.4920447685537455,"rgba(239, 83, 80, 0.5)",0.598598772585228,0.6701259890322833,-0.035793573280728026,3,0.5823124676917223,1.746937403075167,0.0,0.0,0.0,0.0,42.690892866281686,-11.413998261771816,True,False,False,True,True,0.0
2025-08-15 00:00:00+00:00,1.03,1.37,0.72,0.7871,995465969,1.778002229849592,1.515885513843125,1.2681190560677251,1.8293830380859253,1.5838241413551148,1.2191851572810786,1.475665989661489,#000000,0.5973592219846371,0.7779733025953828,0.4219014089500386,3,0.5981035490990635,1.7943106472971904,0.0,0.0,0.0,0.0,48.544057416379744,-6.004956800326013,True,False,False,False,True,0.0
2025-08-22 00:00:00+00:00,1.15,1.19,1.01,1.1,235137465,1.770105711293133,1.5101526893137829,1.2652164566004234,1.8210988369387076,1.5776088591016577,1.2171098189126104,1.4725313517466663,#000000,0.5951877170006697,0.798075257033471,0.5912836117317469,2,0.5715751948607998,1.1431503897215995,0.0,0.0,0.0,0.0,53.68956397999794,-1.409798519519029,True,False,False,False,True,0.0
2025-08-29 00:00:00+00:00,1.38,1.55,1.23,1.25,512601647,1.7603780536117846,1.5064042852947308,1.2700871565156078,1.810362738048931,1.572226897156698,1.2242762870514128,1.4762286979178567,"rgba(38, 166, 154, 1.0)",0.5828064321774326,0.993238309919875,0.6636194604701569,2,0.5791595760104772,1.1583191520209544,0.0,0.0,0.0,0.0,58.8791832836401,3.154330613482813,True,False,True,False,True,0.0
2025-09-05 00:00:00+00:00,1.19,1.33,1.1,1.28,188081389,1.7552713892634764,1.50310267827095,1.2691674601708336,1.8049378790155777,1.5684849721513299,1.2240073675401129,1.4745017433881085,"rgba(38, 166, 154, 1.0)",0.5653304100457743,0.9921211380127956,0.350023381850593,2,0.5821707776469452,1.1643415552938905,0.0,0.0,0.0,0.0,60.06093472676113,3.882014935632874,True,False,True,False,True,0.0
2025-09-12 00:00:00+00:00,1.12,1.19,1.03,1.19,238212594,1.7478596118826761,1.4977398515416565,1.2663569051091044,1.7971551491859963,1.5626596905243848,1.221907377527603,1.4705503730163807,"rgba(38, 166, 154, 1.0)",0.5428152378410478,0.9867436107217818,0.24549124635524627,2,0.5845089654859028,1.1690179309718056,0.0,0.0,0.0,0.0,60.071363206857896,3.882014935632874,True,False,True,False,True,0.0
2025-09-19 00:00:00+00:00,1.21,1.29,1.11,1.12,192791738,1.7428184296683253,1.4944975914675052,1.2654502067822662,1.7917957446114685,1.5589758720837272,1.2216264572653386,1.468656595429371,"rgba(38, 166, 154, 1.0)",0.5382819888771594,0.9926369081447779,0.4038089632325153,2,0.5858247345014271,1.1716494690028543,0.0,0.0,0.0,0.0,60.762420152472316,4.201831612158102,True,False,True,False,True,0.0
2025-09-26 00:00:00+00:00,1.15,1.3299,1.14,1.2,223523234,1.7371243201582856,1.4908683797300328,1.2644852413793248,1.7857360567338956,1.554837049609248,1.2213680804557105,1.4664792177131285,"rgba(38, 166, 154, 1.0)",0.5349195818148835,0.9999668878151395,0.2804778835649009,2,0.5861283670571749,1.1722567341143497,0.0,0.0,0.0,0.0,60.52274216909649,4.201831612158102,True,False,True,False,True,0.0
2025-10-03 00:00:00+00:00,1.85,1.86,1.34,1.355,373798687,1.736185698431896,1.4948424004275533,1.275669998557679,1.783992870203759,1.5573125835097221,1.2343084566492124,1.4751981617490448,"rgba(38, 166, 154, 1.0)",0.5359947428981139,1.0619607641639799,1.4702368750393078,2,0.5867277253376334,1.1734554506752668,0.0,0.0,0.0,0.0,64.23586187335188,7.556996210324243,True,False,True,False,True,5.076796979700976
