date,Close,High,Low,Open,Volume,aVWAP_BoS_CHoCH_bull_155,aVWAP_BoS_CHoCH_bull_231,aVWAP_BoS_CHoCH_bull_281,aVWAP_BoS_CHoCH_bull_327,aVWAP_BoS_CHoCH_bull_396,aVWAP_BoS_CHoCH_bull_533,aVWAP_BoS_CHoCH_bull_739,aVWAP_BoS_CHoCH_bull_792,aVWAP_BoS_CHoCH_bear_335,aVWAP_BoS_CHoCH_bear_725,Peaks_Valleys_avg,color,StDev,StDev_Mean,StdDev_ZScore,MA_Cross_Count,MA_Avg_Deviation_Z,MA_Oscillation_Score,BoS,CHoCH,BoS_CHoCH_Price,BoS_CHoCH_Break_Index,QQEMOD,QQE1_Value,QQE1_Above_Upper,QQE1_Below_Lower,QQE2_Above_Threshold,QQE2_Below_Threshold,QQE2_Above_TL,banker_RSI
2022-01-03 00:00:00+00:00,110.9606967238,112.9637854364,110.1556728913,112.8832830532,357670,,,,,,,,,,,,#000000,,,,0,,,0.0,0.0,0.0,0.0,,,False,False,False,False,False,
2022-01-04 00:00:00+00:00,109.9378429131,112.0687883521,109.7721027123,111.9646087973,492639,,,,,,,,,,,,#000000,,,,0,,,0.0,0.0,0.0,0.0,0.0,,False,False,False,True,False,
2022-01-05 00:00:00+00:00,106.5283302108,109.7105420663,106.5188593421,109.5590081684,465948,,,,,,,,,,,,#000000,,,,0,,,0.0,0.0,0.0,0.0,0.0,-50.0,False,False,False,True,True,
2022-01-06 00:00:00+00:00,107.0113445103,108.2046739561,105.5717724804,105.5717724804,318830,,,,,,,,,,,,#000000,,,,0,,,0.0,0.0,0.0,0.0,3.63613865765969,-46.66687289714528,False,False,False,True,True,
2022-01-07 00:00:00+00:00,106.6988058459,107.2954705688,106.225262415,107.2954705688,279323,,,,,,,,,,,,#000000,,,,0,,,0.0,0.0,0.0,0.0,5.798253614121746,-44.886941890258385,False,False,False,True,True,
2022-01-10 00:00:00+00:00,105.1171707867,106.1968498091,103.3934726983,105.8274859331,400721,,,,,,,,,,,,#000000,,,,0,,,0.0,0.0,0.0,0.0,6.273779201307267,-44.697415747421616,False,False,False,True,True,
2022-01-11 00:00:00+00:00,106.3010293639,106.6514515028,104.9277534144,105.3634133708,417472,,,,,,,,,,,,#000000,,,,0,,,0.0,0.0,0.0,0.0,12.489351897657041,-39.171440530211825,False,False,False,True,True,
2022-01-12 00:00:00+00:00,106.6609223714,107.0255508132,105.5907142176,106.3105002326,391709,,,,,,,,,,,,#000000,,,,0,,,0.0,0.0,0.0,0.0,18.13361105844554,-34.43029031478434,False,False,False,True,True,
2022-01-13 00:00:00+00:00,104.9561660202,107.1344658023,104.8235738596,106.5567428166,370135,,,,,,,,,,,,#000000,,,,0,,,0.0,0.0,0.0,0.0,19.561851670286174,-33.67700926117473,False,False,False,True,True,
2022-01-14 00:00:00+00:00,103.8101909175,104.8898699399,103.2229970632,104.1984965308,292899,,,,,,,,,,,,#000000,,,,0,,,0.0,0.0,0.0,0.0,19.39552266627208,-33.67700926117473,False,False,False,True,True,
2022-01-18 00:00:00+00:00,101.8591919823,102.8346914499,101.594007661,102.683157552,424701,,,,,,,,,,,,#000000,,,,0,,,0.0,0.0,0.0,0.0,17.893469741787214,-33.67700926117473,False,False,False,True,True,
2022-01-19 00:00:00+00:00,101.6603037413,102.7873371068,101.3004107338,102.3232645445,534310,,,,,,,,,,,,#000000,,,,0,,,0.0,0.0,0.0,0.0,16.77317461111044,-33.67700926117473,False,False,False,True,False,
2022-01-20 00:00:00+00:00,101.1015224929,102.9672836105,101.0162846753,102.2759102015,340530,,,,,,,,,,,,#000000,,,,0,,,0.0,0.0,0.0,0.0,15.692312598175135,-30.080905305746253,False,False,False,True,False,
2022-01-21 00:00:00+00:00,100.0786686822,101.2341146535,99.8324260981,100.8079255657,450244,,,,,,,,,,,,#000000,,,,0,,,0.0,0.0,0.0,0.0,14.421914170454524,-31.28790758391695,False,False,False,True,False,
2022-01-24 00:00:00+00:00,100.7037460109,100.7984546971,97.4552380751,98.894810105,496692,,,,,,,,,,,,#000000,,,,0,,,0.0,0.0,0.0,0.0,15.799736277293569,-31.28790758391695,False,False,False,True,False,
2022-01-25 00:00:00+00:00,99.3872952731,100.4101490838,98.2792036448,99.5104165651,392756,,,,,,,,,,,,#000000,,,,0,,,0.0,0.0,0.0,0.0,15.794999520627632,-31.28790758391695,False,False,False,True,False,
2022-01-26 00:00:00+00:00,99.1315818204,100.949988595,98.8143077217,100.2680860545,615948,,,,,,,,,,,,#000000,,,,0,,,0.0,0.0,0.0,0.0,15.629200380130328,-31.28790758391695,False,False,False,True,False,
2022-01-27 00:00:00+00:00,97.805660214,99.983959996,97.7488350022,99.6808922002,500443,,,,,,,,,,,,#000000,,,,0,,,0.0,0.0,0.0,0.0,14.754419545432233,-31.33288565789451,False,False,False,True,False,
2022-01-28 00:00:00+00:00,99.2831157183,99.2831157183,96.4513260016,97.9666649805,521593,,,,,,,,,,,,#000000,,,,0,,,0.0,0.0,0.0,0.0,18.671638166166936,-35.34990489974024,False,False,False,True,True,
2022-01-31 00:00:00+00:00,101.6792454785,101.9444297998,99.0463440029,99.0463440029,513060,,,,,,,,,,,,#000000,,,,0,,,0.0,0.0,0.0,0.0,26.595043923329733,-28.0506625019227,False,False,False,True,True,
2022-02-01 00:00:00+00:00,101.8118376392,102.3516771504,100.3249112662,101.470886369,627375,,,,,,,,,,,,#000000,,,,0,,,0.0,0.0,0.0,0.0,32.12724139113596,-23.283880866388635,False,False,False,True,True,
2022-02-02 00:00:00+00:00,102.6452740775,103.3745309611,101.9302234969,101.9302234969,481045,,,,,,,,,,,102.65000951183335,#000000,,102.65000951183335,,0,,,0.0,0.0,0.0,0.0,37.380004195187944,-18.850078116820967,False,False,False,True,True,
2022-02-03 00:00:00+00:00,100.6658625365,102.4274440993,100.4764451641,102.3327354132,425655,,,,,,,,,,,101.96456166289697,#000000,,101.96456166289697,,0,,,0.0,0.0,0.0,0.0,38.04800285136494,-18.633410433383688,False,False,False,True,True,
2022-02-04 00:00:00+00:00,99.8703095726,100.5995664561,98.8569266305,100.107081288,414419,,,,,,,,,,,101.27791122789823,#000000,,101.27791122789823,,0,,,0.0,0.0,0.0,0.0,37.537901473317405,-18.633410433383688,False,False,False,True,True,
2022-02-07 00:00:00+00:00,99.463062222,100.2112608428,99.2262905066,99.3209991928,499012,,,,,,,,,,,100.82708541124431,#000000,,100.82708541124431,,0,,,0.0,0.0,0.0,0.0,36.718626854310415,-18.633410433383688,False,False,False,True,True,
2022-02-08 00:00:00+00:00,97.7014806592,97.9666649805,94.0173127669,97.1426994107,1168852,,,,,,,,,,,99.15913861218925,#000000,,99.15913861218925,,0,,,0.0,0.0,0.0,0.0,34.32763797494275,-18.633410433383688,False,False,False,True,False,
2022-02-09 00:00:00+00:00,99.6714213316,101.4140611573,99.5009456965,100.2491443173,624015,,,,,,,,,,,99.3381285019204,#000000,,99.3381285019204,,0,,,0.0,0.0,0.0,0.0,36.55055427092039,-18.633410433383688,False,False,False,True,False,
2022-02-10 00:00:00+00:00,98.7148636012,100.3290784484,97.9761358491,98.6012131778,477231,,,,,,,,,,,99.29945793574709,#000000,,99.29945793574709,,0,,,0.0,0.0,0.0,0.0,36.94094195997657,-18.633410433383688,False,False,False,True,False,
2022-02-11 00:00:00+00:00,97.4457672065,99.3778244045,97.1048159362,99.0274022656,497286,,,,,,,,,,,99.15601000212791,#000000,,99.15601000212791,,0,,,0.0,0.0,0.0,0.0,35.88845327691385,-18.633410433383688,False,False,False,True,False,
2022-02-14 00:00:00+00:00,96.3566173155,97.3984128634,95.8641321473,97.0764033304,585840,,,,,,,,,,,98.85973671707667,#000000,,98.85973671707667,,0,,,0.0,0.0,0.0,0.0,34.176480393508726,-18.633410433383688,False,False,False,True,False,
2022-02-15 00:00:00+00:00,97.0290489873,98.1844949587,96.4702677389,97.3700002575,412510,,,,,,,,,,,98.73923011566127,#000000,,98.73923011566127,,0,,,0.0,0.0,0.0,0.0,34.36079585141722,-18.633410433383688,False,False,False,True,False,
2022-02-16 00:00:00+00:00,97.1995246224,97.7677767395,95.873603016,96.4702677389,396341,,,,,,,,,,,98.62048681105799,#000000,,98.62048681105799,,0,,,0.0,0.0,0.0,0.0,34.82663206643535,-18.633410433383688,False,False,False,True,False,
2022-02-17 00:00:00+00:00,95.3811178478,97.085874199,95.1254043952,96.7828064033,453144,,,,,,,,,,,98.42639859864704,#000000,,98.42639859864704,,0,,,0.0,0.0,0.0,0.0,33.27672544672123,-18.633410433383688,False,False,False,True,False,
2022-02-18 00:00:00+00:00,94.8886326797,95.7220691181,94.1688466648,94.9454578914,466986,,,,,,,,,,,98.18960976321472,#000000,,98.18960976321472,,0,,,0.0,0.0,0.0,0.0,31.796488447860302,-18.633410433383688,False,False,False,True,False,
2022-02-22 00:00:00+00:00,94.0173127669,95.7504817239,93.4585315185,94.4624435919,1571060,,,,,,,,,,,97.48860183976359,#000000,,97.48860183976359,,0,,,0.0,0.0,0.0,0.0,30.04461050092669,-14.867457760514469,False,False,False,True,False,
2022-02-23 00:00:00+00:00,93.5863882448,95.0039313828,93.3485454364,94.6424103141,387852,,,,,,,,,,,97.33501568916473,#000000,,97.33501568916473,,0,,,0.0,0.0,0.0,0.0,28.509512606457257,-16.51457097611435,False,False,False,True,False,
2022-02-24 00:00:00+00:00,95.5271855613,95.7555146573,91.2745561473,91.7026732024,544795,,,,,,,,,,,95.66918173664666,#000000,,95.66918173664666,,0,,,0.0,0.0,0.0,0.0,31.72484549834501,-16.51457097611435,False,False,False,True,True,
2022-02-25 00:00:00+00:00,96.2692551234,96.2787688358,94.6709514511,95.8411380683,298868,,,,,,,,,,,95.92266142527126,#000000,,95.92266142527126,,0,,,0.0,0.0,0.0,0.0,35.24814479237132,-19.969720148610968,False,False,False,True,True,
2022-02-28 00:00:00+00:00,96.1360631507,96.2597414111,94.9373353965,95.4605895749,494230,,,,,,,,,,,96.08277113437151,#000000,,96.08277113437151,,0,,,0.0,0.0,0.0,0.0,37.41314190403489,-17.972151849164575,False,False,False,True,True,
2022-03-01 00:00:00+00:00,97.0398658226,97.3252771927,96.0123848904,96.1455768631,407194,,,,,,,,,,,96.27294986303008,#000000,,96.27294986303008,,0,,,0.0,0.0,0.0,0.0,40.57918608433433,-15.036623199229808,False,False,False,True,True,
2022-03-02 00:00:00+00:00,98.809416317,99.1519099611,96.8876464252,97.6011748504,346890,,,,,,,,,,,96.52253850235624,#000000,,96.52253850235624,,0,,,0.0,0.0,0.0,0.0,45.528563081280254,-10.503779812461403,False,False,False,False,True,
2022-03-03 00:00:00+00:00,99.1519099611,99.7607875506,98.2290798646,99.1138551118,361403,,,,,,,,,,,96.78065100096245,#000000,,96.78065100096245,,0,,,0.0,0.0,0.0,0.0,49.31880797814323,-7.151083028134124,False,False,False,False,True,
2022-03-04 00:00:00+00:00,101.1307621269,101.416173497,98.3812992619,98.866498591,480666,,,,,,,,,,,97.16355374450833,#000000,,97.16355374450833,,0,,,0.0,0.0,0.0,0.0,54.33796426741805,-2.6743234242742915,False,False,True,False,True,
2022-03-07 00:00:00+00:00,99.9510617973,101.1688169762,99.7798149753,100.8072959075,387003,,,,,,,,,,,97.4004822720126,#000000,,97.4004822720126,,0,,,0.0,0.0,0.0,0.0,55.49224533260264,-1.7981110435129253,False,False,True,False,True,
2022-03-08 00:00:00+00:00,97.448955453,99.941548085,96.9542424116,99.5419721669,470968,,,,,,,,,,,97.45651717690262,#000000,,97.45651717690262,,0,,,0.0,0.0,0.0,0.0,52.553987937956094,-1.7981110435129253,False,False,True,False,True,
2022-03-09 00:00:00+00:00,99.4753761805,99.8654383863,98.1719975905,98.609628358,299506,,,,,,,,,,,97.53744823192855,#000000,,97.53744823192855,,0,,,0.0,0.0,0.0,0.0,53.19642452648529,-1.7981110435129253,False,False,True,False,True,
2022-03-10 00:00:00+00:00,98.2671347139,98.866498591,97.049379535,98.6762243443,310388,,,,,,,,,,,97.55955394305073,#000000,,97.55955394305073,,0,,,0.0,0.0,0.0,0.0,52.03421342786398,-1.7981110435129253,False,False,True,False,False,
2022-03-11 00:00:00+00:00,98.5144912346,100.6455627978,98.49546381,99.4278076188,593178,,,,,,,,,,,97.6892883465938,#000000,,97.6892883465938,,0,,,0.0,0.0,0.0,0.0,51.58363394469717,-1.7981110435129253,False,False,False,False,False,
2022-03-14 00:00:00+00:00,97.5440925764,99.2470470845,96.7449407402,98.6762243443,368080,,,,,,,,,,,97.69310342539346,#000000,,97.69310342539346,,0,,,0.0,0.0,0.0,0.0,49.9817926514471,-1.7981110435129253,False,False,False,False,False,
2022-03-15 00:00:00+00:00,97.8675587958,98.5906009333,96.9922972609,98.0958878919,424170,,,,,,,,,,,97.6958371795074,#000000,,97.6958371795074,,0,,,0.0,0.0,0.0,0.0,49.40124269004215,-1.7981110435129253,False,False,False,False,False,0.0
2022-03-16 00:00:00+00:00,99.0948276871,99.5134310299,97.2681949187,98.1529701659,535877,,,,,,,,,,,97.74776511729291,#000000,,97.74776511729291,,0,,,0.0,0.0,0.0,0.0,50.78882360141699,-1.7981110435129253,False,False,False,False,False,0.0
2022-03-17 00:00:00+00:00,101.8252631274,102.0773765043,99.0282317007,99.1233688241,372740,,,,,,,,,,,97.87363257273526,#000000,,97.87363257273526,,0,,,0.0,0.0,0.0,0.0,54.82662329259744,-1.4959275783934345,True,False,True,False,True,0.0
2022-03-18 00:00:00+00:00,103.2237788407,103.4711353614,101.4542283463,101.758667141,527020,,,,,,,,,,,98.12533523195083,#000000,,98.12533523195083,,0,,,0.0,0.0,0.0,0.0,58.7769852966878,2.3261141736550996,True,False,True,False,True,0.0
2022-03-21 00:00:00+00:00,102.5102504156,102.6434423883,101.473255771,102.6434423883,289831,,,,,,,,,,,98.23711019540141,#000000,,98.23711019540141,,0,,,0.0,0.0,0.0,0.0,60.20968381110124,3.7295007235892896,True,False,True,False,True,0.0
2022-03-22 00:00:00+00:00,101.558879182,102.7385795116,101.2354129626,102.6814972376,462626,,,,,,,,,,,98.38617941599219,#000000,,98.38617941599219,,0,,,0.0,0.0,0.0,0.0,59.62103098983164,3.7295007235892896,True,False,True,False,True,0.0
2022-03-23 00:00:00+00:00,100.5028571128,102.0821333605,100.4267474141,101.1497895516,397126,,,,,,,,,,,98.47384437683903,#000000,,98.47384437683903,,0,,,0.0,0.0,0.0,0.0,57.62574057862623,3.7295007235892896,True,False,True,False,True,0.0
2022-03-24 00:00:00+00:00,100.9214604555,101.0165975789,99.5990544409,100.8453507568,415588,,,,,,,,,,,98.54136689588819,#000000,,98.54136689588819,,0,,,0.0,0.0,0.0,0.0,56.830800964080126,3.7295007235892896,True,False,True,False,False,0.0
2022-03-25 00:00:00+00:00,100.7882684828,101.359091223,100.226959455,101.2258992503,271606,,,,,,,,,,,98.58914866831182,#000000,,98.58914866831182,,0,,,0.0,0.0,0.0,0.0,56.08031135705717,3.7295007235892896,True,False,True,False,False,0.0
2022-03-28 00:00:00+00:00,102.1962979085,102.2819213195,100.2364731674,100.5313982498,351780,,,,,,,,,,,98.66986148746483,#000000,,98.66986148746483,,0,,,0.0,0.0,0.0,0.0,57.4307877003432,3.7295007235892896,True,False,True,False,False,0.0
2022-03-29 00:00:00+00:00,102.7480932239,103.6328684712,102.1392156345,103.2237788407,293956,,,,,,,,,,,98.762938185546,#000000,,98.762938185546,,0,,,0.0,0.0,0.0,0.0,58.99636222452186,3.7295007235892896,True,False,True,False,False,0.0
2022-03-30 00:00:00+00:00,103.7946015809,104.3463968963,102.5673326896,102.833716635,279869,,,,,,,,,,,98.86303539863212,#000000,,98.86303539863212,,0,,,0.0,0.0,0.0,0.0,61.23380198534197,5.808880503516342,True,False,True,False,True,1.0992739493706338
2022-03-31 00:00:00+00:00,103.5567587725,104.8696510748,103.3664845258,104.0419581016,377847,,,,,,,,,,,100.64450989059547,#000000,,100.64450989059547,,0,,,0.0,0.0,0.0,0.0,62.21960904119116,6.922565902494362,True,False,True,False,True,0.6162208171282053
2022-04-01 00:00:00+00:00,102.7671206486,103.5567587725,102.3199761688,103.3950256628,332872,,,,,,,,,,,100.54055127799528,#000000,,100.54055127799528,,0,,,0.0,0.0,0.0,0.0,61.21257971123575,6.922565902494362,True,False,True,False,True,0.0
2022-04-04 00:00:00+00:00,103.3664845258,103.7873711595,102.8146892103,102.8146892103,257102,,,,,,,,,,,100.5798489577257,#000000,,100.5798489577257,,0,,,0.0,0.0,0.0,0.0,61.37058949033248,6.922565902494362,True,False,True,False,True,0.24328759358168384
2022-04-05 00:00:00+00:00,103.7565467315,104.5319142869,103.2951316832,103.4901627861,294057,,,,,,,,,,,100.67680774803875,#000000,,100.67680774803875,,0,,,0.0,0.0,0.0,0.0,62.01012277402062,7.34693250258308,True,False,True,False,True,1.0313549909709465
2022-04-06 00:00:00+00:00,102.8432303473,103.3427002449,101.7872082781,103.0525320187,236502,,,,,,,,,,,100.66664485306153,#000000,,100.66664485306153,,0,,,0.0,0.0,0.0,0.0,60.38473793183375,7.34693250258308,True,False,True,False,True,0.0
2022-04-07 00:00:00+00:00,103.4521079368,103.7470330192,102.2010547647,102.6434423883,301765,,,,,,,,,,,100.7021710661863,#000000,,100.7021710661863,,0,,,0.0,0.0,0.0,0.0,60.25238361164754,7.34693250258308,True,False,True,False,True,0.4100309125481587
2022-04-08 00:00:00+00:00,103.4996764985,104.0324443892,103.1096142927,103.1952377037,276046,,,,,,,,,,,100.7597162714186,#000000,,100.7597162714186,,0,,,0.0,0.0,0.0,0.0,60.24001803841681,7.34693250258308,True,False,True,False,True,0.5076492381275806
2022-04-11 00:00:00+00:00,102.3770584429,103.1001005804,101.7967219904,102.4721955662,194779,,,,,,,,,,,100.75639589453745,#000000,,100.75639589453745,,0,,,0.0,0.0,0.0,0.0,57.649082273340184,7.34693250258308,True,False,True,False,False,0.0
2022-04-12 00:00:00+00:00,100.9690290172,102.9669086077,100.7502136335,102.7576069363,226235,,,,,,,,,,,100.72275273115959,#000000,,100.72275273115959,,0,,,0.0,0.0,0.0,0.0,53.28511980325294,7.3858715698897015,True,False,False,False,False,0.0
2022-04-13 00:00:00+00:00,103.5852999095,103.9468209782,100.8548644692,100.8548644692,599201,,,,,,,,,,,100.77757439158323,#000000,,100.77757439158323,,0,,,0.0,0.0,0.0,0.0,54.72914147126477,7.3858715698897015,True,False,True,False,False,0.7441843601915963
2022-04-14 00:00:00+00:00,101.3210363736,103.9848758276,101.1307621269,103.7660604438,282476,,,,,,,,,,,100.77867165126726,#000000,,100.77867165126726,,0,,,0.0,0.0,0.0,0.0,52.17383039979203,6.6097887953957795,True,False,False,False,False,0.0
2022-04-18 00:00:00+00:00,100.3030691537,101.2639540996,100.0081440713,101.1593032639,254449,,,,,,,,,,,100.72826783910618,#000000,,100.72826783910618,,0,,,0.0,0.0,0.0,0.0,49.16723169551603,3.8648955432531977,False,False,False,False,False,0.0
2022-04-19 00:00:00+00:00,101.2449266749,101.2639540996,99.730248534,100.0937674823,183502,,,,,,,,,,,100.70168591540408,#000000,,100.70168591540408,,0,,,0.0,0.0,0.0,0.0,48.63983609346452,3.432698809583705,False,False,False,False,False,0.0
2022-04-20 00:00:00+00:00,101.7206122917,102.2628938948,101.1117347022,101.701584867,208040,,,,,,,,,,,100.69905387386378,#000000,3.4587663355417404,100.69905387386378,0.29535340602192284,0,,,0.0,0.0,0.0,0.0,49.01343204912081,3.432698809583705,False,False,False,False,False,0.0
2022-04-21 00:00:00+00:00,99.6371092902,102.2058116208,99.2185059475,102.2058116208,330670,,,,,,,,,,,100.64685522320947,#000000,3.2527171545008318,100.64685522320947,-0.3104315208016994,0,,,0.0,0.0,0.0,0.0,46.4982478940848,1.307754624546284,False,False,False,True,False,0.0
2022-04-22 00:00:00+00:00,97.4109006037,99.6275955779,97.3728457544,98.9330945774,309635,,,,,,,,,,,100.53093175699262,"rgba(239, 83, 80, 1.0)",3.0897396481533055,100.53093175699262,-1.0098039021370018,0,,,0.0,0.0,0.0,0.0,42.5574292607144,-2.4017766928476902,False,True,False,True,False,0.0
2022-04-25 00:00:00+00:00,98.7142791937,98.8284437417,96.7354270279,96.8971601376,299165,,,,,,,,,,,100.42966695643857,"rgba(239, 83, 80, 0.5)",3.015868526079709,100.42966695643857,-0.5687873154631128,0,,,0.0,0.0,0.0,0.0,42.00794662544242,-2.884874973708868,False,True,False,True,False,0.0
2022-04-26 00:00:00+00:00,95.688918671,98.49546381,95.5842678353,97.8009628095,359433,,,,,,,,,,,100.26810485690203,"rgba(255, 0, 0, 1.0)",2.965111240997648,100.26810485690203,-1.5443556122236104,0,,,0.0,0.0,0.0,0.0,38.97021382198761,-5.765229197447411,False,True,False,True,False,0.0
2022-04-27 00:00:00+00:00,96.9257012746,97.7153393984,95.6794049586,95.7269735203,363203,,,,,,,,,,,100.12827940717614,"rgba(239, 83, 80, 1.0)",2.893205053344376,100.12827940717614,-1.1069309203902236,0,,,0.0,0.0,0.0,0.0,38.756067529241676,-5.99847697934392,False,True,False,True,False,0.0
2022-04-28 00:00:00+00:00,97.9246410698,98.4859500976,97.0208383979,97.3538183297,259883,,,,,,,,,,,100.06121290124706,"rgba(239, 83, 80, 0.5)",2.8452180542778875,100.06121290124706,-0.750934301233835,0,,,0.0,0.0,0.0,0.0,39.99281369779296,-5.99847697934392,False,True,False,True,False,0.0
2022-04-29 00:00:00+00:00,95.0990685062,97.9436684945,94.8421982731,97.4965240147,443533,,,,,,,,,,,99.88705336166235,"rgba(255, 0, 0, 1.0)",2.8067392391064123,99.88705336166235,-1.7058887369197562,0,,,0.0,0.0,0.0,0.0,38.37226169400594,-6.486126976735058,False,True,False,True,False,0.0
2022-05-02 00:00:00+00:00,94.7851159991,95.5557266983,93.2914631624,94.528245766,604783,,,,,,,,,,,99.6093445385727,"rgba(255, 0, 0, 1.0)",2.755080395486572,99.6093445385727,-1.75103004158276,0,,,0.0,0.0,0.0,0.0,37.04978369323205,-7.874508738578768,False,True,False,True,False,0.0
2022-05-03 00:00:00+00:00,94.2523481083,95.974330041,94.1096424233,94.4806772044,599639,,,,,,,,,,,99.37871733289933,"rgba(255, 0, 0, 1.0)",2.758914140363204,99.37871733289933,-1.858111185701653,0,,,0.0,0.0,0.0,0.0,35.74198311765974,-9.260084310490463,False,True,False,True,False,0.0
2022-05-04 00:00:00+00:00,92.825291258,94.4521360673,90.3707534754,94.185752122,836328,,,,,,,,,,,98.96928197845762,"rgba(255, 26, 202, 1.0)",2.8235308806505066,98.96928197845762,-2.175995581476383,0,,,0.0,0.0,0.0,0.0,33.78045928557881,-11.25098969768505,False,True,False,True,False,0.0
2022-05-05 00:00:00+00:00,90.0568009683,91.9785708601,89.1101865909,91.7787829011,829643,,,,,,,,,,,98.50155374775734,"rgba(255, 26, 202, 1.0)",3.010672986671819,98.50155374775734,-2.804938569164461,0,,,0.0,0.0,0.0,0.0,30.741500706924285,-14.195120891856632,False,True,False,True,False,0.0
2022-05-06 00:00:00+00:00,89.7999307353,90.4183220371,88.4394698713,89.6477113379,827827,,,,,,,,,,,98.05054020837163,"rgba(255, 26, 202, 1.0)",3.19120984628222,98.05054020837163,-2.585417402958833,0,,,0.0,0.0,0.0,0.0,28.57211452434297,-16.258521942254653,False,True,False,True,False,0.0
2022-05-09 00:00:00+00:00,89.6191702009,91.3030972843,88.8390457894,89.1434845841,678131,,,,,,,,,,,97.73413393732051,"rgba(255, 26, 202, 1.0)",3.366639399550146,97.73413393732051,-2.410404790458056,0,,,0.0,0.0,0.0,0.0,27.018233982811147,-17.752905083903826,False,True,False,True,False,0.0
2022-05-10 00:00:00+00:00,89.1529982964,91.2365012979,87.8781608435,90.5039454481,683820,,,,,,,,,,,97.42421310192212,"rgba(255, 26, 202, 1.0)",3.5503042279536037,97.42421310192212,-2.329720011146665,0,,,0.0,0.0,0.0,0.0,25.692042810094748,-19.072508823788823,False,True,False,True,False,0.0
2022-05-11 00:00:00+00:00,88.0779488025,90.1709655163,87.8496197065,88.9246692004,509271,,,,,,,,,,,97.19053295058087,"rgba(255, 26, 202, 1.0)",3.754456064178139,97.19053295058087,-2.427138310400135,0,,,0.0,0.0,0.0,0.0,24.158399520532683,-20.619203021035478,False,True,False,True,False,0.0
2022-05-12 00:00:00+00:00,88.4489835836,89.0578611731,87.098036432,87.1075501443,505035,,,,,,,,,,,94.77006781747073,"rgba(255, 0, 0, 1.0)",3.9346169169334817,94.77006781747073,-1.6065310466862914,0,,,0.0,0.0,0.0,0.0,23.95423434926157,-20.96048415443807,False,True,False,True,False,0.0
2022-05-13 00:00:00+00:00,90.2375615027,91.4172618323,89.0293200361,89.0293200361,532171,,,,,,,,,,,94.8991278278674,"rgba(239, 83, 80, 1.0)",4.04865005912734,94.8991278278674,-1.1513878100327026,0,,,0.0,0.0,0.0,0.0,27.426764690193423,-20.96048415443807,False,True,False,True,True,0.0
2022-05-16 00:00:00+00:00,91.1603915992,91.607536079,89.7143073242,90.0282598313,377644,,,,,,,,,,,94.92510698687383,"rgba(239, 83, 80, 0.5)",4.133925859310067,94.92510698687383,-0.9106876890874247,0,,,0.0,0.0,0.0,0.0,31.369089949719033,-23.991627983737537,False,True,False,True,True,0.0
2022-05-17 00:00:00+00:00,91.9690571478,92.3876604905,91.1699053116,92.3686330659,346508,,,,,,,,,,,94.97454391017025,"rgba(239, 83, 80, 0.5)",4.196783361251585,94.97454391017025,-0.7161405542443684,0,,,0.0,0.0,0.0,0.0,35.35207017346078,-20.34619293759614,False,True,False,True,True,0.0
2022-05-18 00:00:00+00:00,90.1709655163,91.436289257,89.8760404339,91.0842819006,785425,,,,,,,,,,,94.84516727857059,"rgba(239, 83, 80, 1.0)",4.278421137593869,94.84516727857059,-1.0925062334792262,0,,,0.0,0.0,0.0,0.0,35.976773630582535,-19.849669388816526,False,True,False,True,True,0.0
2022-05-19 00:00:00+00:00,90.9606036402,91.5123989557,89.5811153515,90.075828393,629578,,,,,,,,,,,94.75268905740685,"rgba(239, 83, 80, 0.5)",4.333397108025144,94.75268905740685,-0.875083755925386,0,,,0.0,0.0,0.0,0.0,37.72431665034901,-18.174923139840438,False,True,False,True,True,0.0
2022-05-20 00:00:00+00:00,92.0641942711,92.0641942711,90.4754043111,91.7787829011,383301,,,,,,,,,,,94.72940951022419,"rgba(239, 83, 80, 0.5)",4.349960359841015,94.72940951022419,-0.6126987417470604,0,,,0.0,0.0,0.0,0.0,40.63480136913401,-15.393664355386697,False,True,False,True,True,0.0
2022-05-23 00:00:00+00:00,92.6159895866,92.6920992853,91.40774812,92.2830096548,148710,,,,,,,,,,,94.72958217661534,#000000,4.377196616853925,94.72958217661534,-0.4828644392799681,0,,,0.0,0.0,0.0,0.0,43.40876064892801,-12.773151199846659,False,False,False,True,True,0.0
2022-05-24 00:00:00+00:00,91.8644063121,92.6255032989,91.664618353,92.2068999562,948284,,,,,,,,,,,94.69389245429277,"rgba(239, 83, 80, 0.5)",4.420460138744652,94.69389245429277,-0.6400886001420426,0,,,0.0,0.0,0.0,0.0,44.19075397943934,-11.991164015143895,False,False,False,True,True,0.0
2022-05-25 00:00:00+00:00,91.1080661814,92.1307857661,90.3816485324,91.6146469103,1586612,,,,,,,,,,,94.50738714457214,"rgba(239, 83, 80, 0.5)",4.477100350033215,94.50738714457214,-0.7592684321107324,0,,,0.0,0.0,0.0,0.0,43.68242692846454,-11.991164015143895,False,False,False,True,True,0.0
2022-05-26 00:00:00+00:00,93.0005753195,93.3924585248,91.1462986892,91.2705543397,322214,,,,,,,,,,,94.49954255010762,#000000,4.506506709255908,94.49954255010762,-0.3326228778332654,4,0.21367087860453038,0.8546835144181215,0.0,0.0,0.0,0.0,46.33832279438394,-9.677608096748386,False,False,False,False,True,0.0
2022-05-27 00:00:00+00:00,94.3865037286,94.6732475374,93.4115747787,93.6696442066,287940,,,,,,,,,,,94.5223554593918,#000000,4.5118089227960985,94.5223554593918,-0.030110258017666227,4,0.21914719122812423,0.8765887649124969,0.0,0.0,0.0,0.0,49.91532165898285,-6.206144380375726,True,False,False,False,True,0.0
2022-05-31 00:00:00+00:00,94.6636894105,95.4474558212,93.3733422709,93.9850623963,516933,,,,,,,,,,,94.56811001367579,#000000,4.519231341739191,94.56811001367579,0.021149480873316667,4,0.22179822562429138,0.8871929024971655,0.0,0.0,0.0,0.0,52.644361497175716,-3.607772102762752,True,False,True,False,True,0.0
2022-06-01 00:00:00+00:00,93.8608067458,95.0364563619,93.6314116988,94.7019219183,367987,,,,,,,,,,,94.58910304653307,#000000,4.536321786364363,94.58910304653307,-0.16054775984416153,4,0.22480135616050256,0.8992054246420103,0.0,0.0,0.0,0.0,53.08446204525572,-3.1214175840938267,True,False,True,False,True,0.0
2022-06-02 00:00:00+00:00,96.2598966128,96.3268035015,93.8703648728,94.1379924277,265277,,,,,,,,,,,94.62285044277063,#000000,4.5365862165375,94.62285044277063,0.3608541956199912,5,0.21562823002659934,1.0781411501329967,0.0,0.0,0.0,0.0,56.28849587073343,0.020119780762755113,True,False,True,False,True,0.0
2022-06-03 00:00:00+00:00,95.4474558212,96.2885709936,95.1320376315,95.4570139481,287664,,,,,,,,,,,94.65925578611943,#000000,4.5411848608205005,94.65925578611943,0.17356704455721103,6,0.24354275305362125,1.4612565183217274,0.0,0.0,0.0,0.0,57.04531778532635,0.844594440651889,True,False,True,False,True,0.0
2022-06-06 00:00:00+00:00,95.6099439795,97.0532211504,95.5334789638,96.0400596927,335937,,,,,,,,,,,94.9787327580031,#000000,4.544915358078122,94.9787327580031,0.13888294319386701,6,0.24763403496889444,1.4858042098133666,0.0,0.0,0.0,0.0,57.747552207198396,1.7075327156201467,True,False,True,False,True,0.0
2022-06-07 00:00:00+00:00,95.8488971535,95.973152804,94.7975031879,95.4378976942,237553,,,,,,,,,,,94.95512326024595,#000000,4.542729480275019,94.95512326024595,0.19674820988898953,7,0.2308150329708493,1.615705230795945,0.0,0.0,0.0,0.0,58.523786970712166,2.6984594660350893,True,False,True,False,True,0.0
2022-06-08 00:00:00+00:00,94.7210381722,95.4283395673,94.529875633,95.3614326785,191895,,,,,,,,,,,94.91725316695121,#000000,4.5439175740960644,94.91725316695121,-0.043181900100872674,7,0.2335638183221902,1.6349467282553314,0.0,0.0,0.0,0.0,56.93609122167477,2.6984594660350893,True,False,True,False,True,0.0
2022-06-09 00:00:00+00:00,94.9599913462,96.3075916663,94.8357356957,94.9504332193,489838,,,,,,,,,,,94.93153902793692,#000000,4.536328461460885,94.93153902793692,0.006272102759929997,7,0.23558529575383583,1.6490970702768508,0.0,0.0,0.0,0.0,56.246212392688896,2.6984594660350893,True,False,True,False,True,0.0
2022-06-10 00:00:00+00:00,93.3924585248,94.1571086816,92.1776205882,93.6600860797,373526,,,,,,,,,,,94.81813206334957,#000000,4.53847065483896,94.81813206334957,-0.314130826654017,7,0.23560025717010347,1.6492018001907243,0.0,0.0,0.0,0.0,53.094794565239425,2.6984594660350893,True,False,True,False,False,0.0
2022-06-13 00:00:00+00:00,92.0638788774,93.0005753195,90.7448573569,90.7448573569,756758,,,,,,,,,,,94.12867031454941,#000000,4.573177352393623,94.12867031454941,-0.45150040727563034,8,0.2480408570092108,1.9843268560736864,0.0,0.0,0.0,0.0,49.11200760506398,4.644659908882545,True,False,False,False,False,0.0
2022-06-14 00:00:00+00:00,92.7902965263,93.4115747787,91.6433212912,92.7616221455,683365,,,,,,,,,,,94.10370906121682,#000000,4.599807156858095,94.10370906121682,-0.2855364344912994,8,0.24746187390224272,1.9796949912179418,0.0,0.0,0.0,0.0,47.78406615514462,3.3795813914761297,False,False,False,False,False,0.0
2022-06-15 00:00:00+00:00,93.7461092223,94.8644100766,92.5322270984,93.6314116988,803614,,,,,,,,,,,94.18683239458146,#000000,4.614860896567038,94.18683239458146,-0.09550085737346978,8,0.2470590797058375,1.9764726376467,0.0,0.0,0.0,0.0,48.53008317421546,3.3795813914761297,True,False,False,False,False,0.0
2022-06-16 00:00:00+00:00,92.2072507818,93.3829003978,91.920506973,92.8476452881,624999,,,,,,,,,,,94.12356838241622,#000000,4.648936912046015,94.12356838241622,-0.4122055508326625,8,0.2460648837673315,1.968519070138652,0.0,0.0,0.0,0.0,46.75297319254442,2.2584698158626537,False,False,False,True,False,0.0
2022-06-17 00:00:00+00:00,94.1953411894,95.2085026472,91.7771350686,92.2741576705,692452,,,,,,,,,,,94.156537116731,#000000,4.6553046023714195,94.156537116731,0.008335452990386117,8,0.2457556407544803,1.9660451260358425,0.0,0.0,0.0,0.0,48.64258337306593,2.2584698158626537,True,False,False,False,False,0.0
2022-06-21 00:00:00+00:00,95.5143627099,96.5466404216,94.6063406487,94.7592706801,469208,,,,,,,,,,,94.2553225972671,#000000,4.65096621458413,94.2553225972671,0.2707050652582478,8,0.24583126035054714,1.9666500828043771,0.0,0.0,0.0,0.0,51.58257836955531,2.2584698158626537,True,False,False,False,True,0.0
2022-06-22 00:00:00+00:00,96.0018271848,97.0914536583,94.8070613149,95.2180607741,602583,,,,,,,,,,,94.3810605579834,#000000,4.62552889264748,94.3810605579834,0.35039595783152433,8,0.24577020396889215,1.9661616317511372,0.0,0.0,0.0,0.0,54.12805074746789,-1.5410745287044563,True,False,True,False,True,0.0
2022-06-23 00:00:00+00:00,97.5789181332,97.6458250219,95.8775715344,96.680454199,533864,,,,,,,,,,,94.52053509315807,"rgba(38, 166, 154, 0.5)",4.6119883407293365,94.52053509315807,0.6631376348098662,8,0.24608061293834332,1.9686449035067466,0.0,0.0,0.0,0.0,57.5666709790887,1.6915466449074401,True,False,True,False,True,0.13595311638094998
2022-06-24 00:00:00+00:00,99.528776033,99.777287334,97.9994757195,97.9994757195,711022,,,,,,,,,,,94.78758658301126,"rgba(38, 166, 154, 1.0)",4.622195562656394,94.78758658301126,1.025744018339189,8,0.24714042007715542,1.9771233606172434,0.0,0.0,0.0,0.0,61.617794763077164,5.4252197770068165,True,False,True,False,True,2.9989902078616133
2022-06-27 00:00:00+00:00,99.7008223183,100.8000069187,98.6972189875,99.547892287,568047,,,,,,,,,,,94.99575999630166,"rgba(38, 166, 154, 1.0)",4.624014808652182,94.99575999630166,1.0175275202827005,8,0.24824692356788175,1.985975388543054,0.0,0.0,0.0,0.0,64.4618486149609,7.98383327147922,True,False,True,False,True,3.246057754871874
2022-06-28 00:00:00+00:00,96.7569192147,100.3029843168,96.7473610877,99.7008223183,461245,,,,,,,,,,,95.0913817481432,#000000,4.620954498004554,95.0913817481432,0.36043147953004523,8,0.25052514766933015,2.004201181354641,0.0,0.0,0.0,0.0,61.42676665453294,7.98383327147922,True,False,True,False,True,0.0
2022-06-29 00:00:00+00:00,97.9134525768,98.3148939091,96.6039891833,96.9289655,349505,,,,,,,,,,,95.1508632147843,"rgba(38, 166, 154, 0.5)",4.61847695021338,95.1508632147843,0.5981602575472564,8,0.25146012998206974,2.011681039856558,0.0,0.0,0.0,0.0,60.64624844269312,7.98383327147922,True,False,True,False,False,0.5109657001452845
2022-06-30 00:00:00+00:00,99.6052410487,99.786845461,97.4737787367,97.4737787367,646493,,,,,,,,,,,95.30445604815414,"rgba(38, 166, 154, 0.5)",4.629079933333036,95.30445604815414,0.9290798738593398,8,0.2515691048407751,2.012552838726201,0.0,0.0,0.0,0.0,61.74162443682568,7.98383327147922,True,False,True,False,False,2.8957994264983746
2022-07-01 00:00:00+00:00,99.0317534311,99.3901831921,98.5060564483,98.9744046694,376971,,,,,,,,,,,95.38683254969017,"rgba(38, 166, 154, 0.5)",4.6345607549646815,95.38683254969017,0.7864652281244305,8,0.2517152297417275,2.01372183793382,0.0,0.0,0.0,0.0,61.57029492978664,7.98383327147922,True,False,True,False,False,2.0426037984221317
2022-07-05 00:00:00+00:00,99.2802647321,99.3949622556,96.8333842304,97.0436630235,521667,,,,,,,,,,,95.47884136249031,"rgba(38, 166, 154, 0.5)",4.6358271824573,95.47884136249031,0.8200097242612633,8,0.25136110431223097,2.0108888344978477,0.0,0.0,0.0,0.0,61.71155103452245,7.98383327147922,True,False,True,False,False,2.3942465270097877
2022-07-06 00:00:00+00:00,100.2360774281,100.6470768873,98.3722426709,99.4618691443,713460,,,,,,,,,,,95.6413609280916,"rgba(38, 166, 154, 0.5)",4.616352914257098,95.6413609280916,0.9953130935501328,8,0.25111263962480085,2.008901116998407,0.0,0.0,0.0,0.0,62.783446827352854,7.98383327147922,True,False,True,False,False,3.7421707558314594
2022-07-07 00:00:00+00:00,101.211006378,101.3734945363,99.547892287,99.9684498732,421179,,,,,,,,,,,95.75082822220395,"rgba(38, 166, 154, 1.0)",4.5843915704274565,95.75082822220395,1.1910366014583103,7,0.26559731582026735,1.8591812107418715,0.0,0.0,0.0,0.0,64.42971268839165,8.734414891566502,True,False,True,False,False,5.092965672250099
2022-07-08 00:00:00+00:00,101.7844939956,101.9947727887,100.5897281256,100.6375187604,418829,,,,,,,,,,,95.86942930553886,"rgba(38, 166, 154, 1.0)",4.5729233149407795,95.86942930553886,1.2934974594337243,7,0.26387815781842466,1.8471471047289727,0.0,0.0,0.0,0.0,66.05482038883666,10.54779089179005,True,False,True,False,True,5.879448110399348
2022-07-11 00:00:00+00:00,101.2301226319,102.166819074,100.9338206961,101.6315639642,308426,,,,,,,,,,,95.95248825132536,"rgba(38, 166, 154, 1.0)",4.5684442577767195,95.95248825132536,1.1552366807564058,7,0.2626223588967051,1.8383565122769356,0.0,0.0,0.0,0.0,65.99334846564679,10.764911224765186,True,False,True,False,True,4.99175258521802
2022-07-12 00:00:00+00:00,100.5897281256,101.908749646,100.0353567619,101.1249832353,477975,,,,,,,,,,,96.06122135073544,"rgba(38, 166, 154, 0.5)",4.56941074111051,96.06122135073544,0.9910483061025934,7,0.2617300099468925,1.8321100696282475,0.0,0.0,0.0,0.0,64.65159384443666,10.764911224765186,True,False,True,False,True,3.9700859852094403
2022-07-13 00:00:00+00:00,100.2838680629,101.0294019657,99.5574504139,99.6147991757,462545,,,,,,,,,,,96.14866061379225,"rgba(38, 166, 154, 0.5)",4.562199049335072,96.14866061379225,0.9064066263637595,7,0.2610104511669848,1.8270731581688935,0.0,0.0,0.0,0.0,63.13359115871954,10.764911224765186,True,False,True,False,False,3.4815677790384
2022-07-14 00:00:00+00:00,100.3698912055,101.4977501868,98.6781027336,99.3471716208,547890,,,,,,,,,,,96.24372904681117,"rgba(38, 166, 154, 0.5)",4.55748118336704,96.24372904681117,0.9053602182160726,7,0.2605228632544498,1.8236600427811485,0.0,0.0,0.0,0.0,62.2446490203617,10.764911224765186,True,False,True,False,False,3.6083131892903815
2022-07-15 00:00:00+00:00,101.7940521225,102.3388653592,101.1154251084,101.3352620285,573244,,,,,,,,,,,96.37659091827629,"rgba(38, 166, 154, 1.0)",4.5512430923575735,96.37659091827629,1.190325608693741,7,0.2594431390385367,1.816101973269757,0.0,0.0,0.0,0.0,63.552181490957075,10.764911224765186,True,False,True,False,False,5.6835527349255806
2022-07-18 00:00:00+00:00,100.2934261898,102.5013535176,99.9875661271,102.2241678357,489793,,,,,,,,,,,96.46670999636017,"rgba(38, 166, 154, 0.5)",4.516334668461762,96.46670999636017,0.8473057189854342,7,0.2596113566233649,1.8172794963635541,0.0,0.0,0.0,0.0,61.265538248135144,10.764911224765186,True,False,True,False,False,3.2382806089097436
2022-07-19 00:00:00+00:00,102.157260947,102.386655994,100.8000069187,101.0867507275,384261,,,,,,,,,,,96.54802642873182,"rgba(38, 166, 154, 1.0)",4.4855922637194015,96.54802642873182,1.2505003104354984,7,0.2590406713901613,1.813284699731129,0.0,0.0,0.0,0.0,62.10325415020162,10.764911224765186,True,False,True,False,False,5.892732087966884
2022-07-20 00:00:00+00:00,102.14770282,103.1895386587,102.14770282,102.7307485646,304304,,,,,,,,,,,96.61916693617496,"rgba(38, 166, 154, 1.0)",4.459407899731386,96.61916693617496,1.2397466228998824,6,0.2841269958102056,1.7047619748612337,0.0,0.0,0.0,0.0,62.642126101779944,10.764911224765186,True,False,True,False,False,5.877077316974059
2022-07-21 00:00:00+00:00,104.1740257355,104.2027001164,101.8227265034,102.4153303749,366997,,,,,,,,,,,96.71557936621626,"rgba(0, 255, 255, 0.75)",4.488172580523706,96.71557936621626,1.661800261792393,6,0.2808769548910026,1.6852617293460157,0.0,0.0,0.0,0.0,65.14179894369992,10.879254539362712,True,False,True,False,True,8.65460123474691
2022-07-22 00:00:00+00:00,103.6770031336,105.005582781,103.0843992621,104.3173976399,382646,,,,,,,,,,,96.82045770397745,"rgba(0, 255, 255, 0.75)",4.494533530442776,96.82045770397745,1.525529931678377,6,0.2783145720866887,1.6698874325201323,0.0,0.0,0.0,0.0,65.7426217328572,11.549569655616878,True,False,True,False,True,7.821647296724112
2022-07-25 00:00:00+00:00,103.8681656728,104.2122582434,103.2373292935,103.6961193875,394578,,,,,,,,,,,96.92244421130214,"rgba(0, 255, 255, 0.75)",4.496914372282116,96.92244421130214,1.5445527502835283,6,0.2755864957620919,1.6535189745725511,0.0,0.0,0.0,0.0,66.35162090775572,12.27255112857003,True,False,True,False,True,8.08314462302872
2022-07-26 00:00:00+00:00,103.9255144346,104.3540052662,103.0652830082,103.6770031336,377707,,,,,,,,,,,97.01681949201107,"rgba(0, 255, 255, 0.75)",4.5185237233810485,97.01681949201107,1.5289717096847308,6,0.27298289707152706,1.6378973824291623,0.0,0.0,0.0,0.0,66.82468901147266,12.898658757825885,True,False,True,False,True,8.16278831895065
2022-07-27 00:00:00+00:00,105.6650935413,105.8849304613,104.059328212,104.059328212,506313,,,,,,,,,,,97.16526750921055,"rgba(0, 255, 255, 0.75)",4.569937062655588,97.16526750921055,1.8599437838100554,6,0.2689148596661604,1.6134891579969626,0.0,0.0,0.0,0.0,68.98260771082892,15.092084743127998,True,False,True,False,True,10.537532692356585
2022-07-28 00:00:00+00:00,106.7451618877,107.2087310453,105.2063034472,105.2063034472,977684,,,,,,,,,,,97.47551028316396,"rgba(0, 255, 255, 0.75)",4.649286748695856,97.47551028316396,1.9937792839162294,6,0.2644977088625566,1.5869862531753394,0.0,0.0,0.0,0.0,71.35447050315165,17.399020222655707,True,False,True,False,True,11.95665162770791
2022-07-29 00:00:00+00:00,107.3186495053,108.0737415352,106.5062087137,106.8980919191,785941,,,,,,,,,,,97.73210118256618,"rgba(0, 255, 0, 1.0)",4.762956826531366,97.73210118256618,2.0127304680431557,6,0.25934208193805264,1.5560524916283158,0.0,0.0,0.0,0.0,73.39548529603383,19.334735656703813,True,False,True,False,True,12.69975351935549
2022-08-01 00:00:00+00:00,106.5062087137,107.0701382044,105.722442303,106.9554406809,414560,,,,,,,,,,,97.84892800217882,"rgba(0, 255, 255, 0.75)",4.869085368720311,97.84892800217882,1.7780096375259242,6,0.25517526758383097,1.5310516055029857,0.0,0.0,0.0,0.0,72.625321031884,19.334735656703813,True,False,True,False,True,11.23045056979376
2022-08-02 00:00:00+00:00,106.1047673814,106.9267663,105.970953604,106.2959299206,418750,,,,,,,,,,,97.96183566972303,"rgba(0, 255, 255, 0.75)",4.923907903044084,97.96183566972303,1.6537538621798349,5,0.22167240113987002,1.1083620056993502,0.0,0.0,0.0,0.0,71.09487062517485,19.334735656703813,True,False,True,False,False,10.508138752888943
2022-08-03 00:00:00+00:00,106.3246043015,107.1896147914,106.1907905241,106.5922318564,762061,,,,,,,,,,,98.1642463273633,"rgba(0, 255, 255, 0.75)",5.016579332625956,98.1642463273633,1.6266777485337038,5,0.2185520530982974,1.092760265491487,0.0,0.0,0.0,0.0,70.34311739021868,19.334735656703813,True,False,True,False,False,10.808603385697026
2022-08-04 00:00:00+00:00,110.4441570212,110.6831101952,105.2923265898,106.1238836353,873668,,,,,,,,,,,98.444317796377,"rgba(0, 255, 0, 1.0)",5.237413693465504,98.444317796377,2.2911765094658603,5,0.21203812163317318,1.0601906081658659,0.0,0.0,0.0,0.0,73.39312871099855,19.334735656703813,True,False,True,False,True,16.059412908031355
2022-08-05 00:00:00+00:00,109.0104379772,110.2816688629,107.395114521,109.3162980399,545759,,,,,,,,,,,98.61222140908671,"rgba(0, 255, 255, 0.75)",5.393312171461332,98.61222140908671,1.9279834427414313,5,0.20748053388929516,1.0374026694464757,0.0,0.0,0.0,0.0,72.35965963855566,19.334735656703813,True,False,True,False,True,13.488863418534798
2022-08-08 00:00:00+00:00,109.3449724208,110.3199013707,108.7141360415,109.4023211826,420153,,,,,,,,,,,98.74445532162586,"rgba(0, 255, 255, 0.75)",5.547733072443711,98.74445532162586,1.91078355082155,5,0.20301851947740301,1.015092597387015,0.0,0.0,0.0,0.0,71.95635782368618,19.334735656703813,True,False,True,False,True,13.899536594897505
2022-08-09 00:00:00+00:00,108.8766241998,109.7081812453,108.4751828675,109.4405536904,404271,,,,,,,,,,,98.86290794538655,"rgba(0, 255, 255, 0.75)",5.698954761094668,98.86290794538655,1.7571145366470668,5,0.19924752025103515,0.9962376012551757,0.0,0.0,0.0,0.0,70.6786344762188,19.334735656703813,True,False,True,False,False,13.059648370413683
2022-08-10 00:00:00+00:00,110.3485757516,110.4537151482,109.2302748973,110.1191807046,269640,,,,,,,,,,,98.94808401652814,"rgba(0, 255, 255, 0.75)",5.8886324558060945,98.94808401652814,1.936016863105653,4,0.21896585354880788,0.8758634141952315,0.0,0.0,0.0,0.0,71.1890841645506,19.334735656703813,True,False,True,False,False,14.881156760466979
2022-08-11 00:00:00+00:00,110.2816688629,111.1896909241,110.0522738158,110.6257614334,423752,,,,,,,,,,,99.08510096734055,"rgba(0, 255, 255, 0.75)",6.064925040750474,99.08510096734055,1.8461181004430007,4,0.2149450931332049,0.8597803725328196,0.0,0.0,0.0,0.0,71.37607095935647,19.334735656703813,True,False,True,False,False,14.758727439828537
2022-08-12 00:00:00+00:00,111.3808534633,111.5242253677,110.3772501325,110.3772501325,283544,,,,,,,,,,,99.17952311423028,"rgba(0, 255, 255, 0.75)",6.257516798691364,99.17952311423028,1.949867773686423,4,0.2101270576631913,0.8405082306527653,0.0,0.0,0.0,0.0,72.4727508040697,19.334735656703813,True,False,True,False,False,16.103594333314494
2022-08-15 00:00:00+00:00,111.1610165432,111.7727366686,110.73090083,111.6198066373,302144,,,,,,,,,,,99.2793864078073,"rgba(0, 255, 255, 0.75)",6.4364812119701735,99.2793864078073,1.8459822601976967,4,0.20565612279966727,0.8226244911986691,0.0,0.0,0.0,0.0,72.65121792381613,19.334735656703813,True,False,True,False,False,15.690403745000474
2022-08-16 00:00:00+00:00,111.6580391451,112.1885151914,110.4154826403,110.4154826403,1404442,,,,,,,,,,,101.39795448079079,"rgba(0, 255, 255, 0.75)",6.620301119922752,101.39795448079079,1.549791237355218,4,0.2010471490446955,0.804188596178782,1.0,0.0,112.188515,229.0,73.24104915218399,19.84219359369419,True,False,True,False,True,16.304545758827096
2022-08-17 00:00:00+00:00,111.4429812885,112.0186660821,110.7665516561,111.0304071864,347769,,,,,,,,,,,101.48774340091731,"rgba(38, 166, 154, 1.0)",6.776766788790891,101.48774340091731,1.4690247130901926,4,0.19697607336438214,0.7879042934575285,0.0,0.0,0.0,0.0,73.03138635197868,19.84219359369419,True,False,True,False,True,15.889010085690522
2022-08-18 00:00:00+00:00,111.3182495832,111.9610976027,110.8390879401,111.2223021176,315819,,,,,,,,,,,101.56673785519517,"rgba(38, 166, 154, 1.0)",6.917302056341041,101.56673785519517,1.409727614694184,4,0.19326442786095338,0.7730577114438135,0.0,0.0,0.0,0.0,72.52205490983553,19.84219359369419,True,False,True,False,True,15.644861297496501
2022-08-19 00:00:00+00:00,110.9920282002,111.5293340075,110.5314803654,111.0975704124,363364,,,,,,,,,,,101.6456387758296,"rgba(38, 166, 154, 1.0)",7.0358325907291235,101.6456387758296,1.328398494967862,4,0.19013122341049243,0.7605248936419697,0.0,0.0,0.0,0.0,71.17960212913596,19.84219359369419,True,False,True,False,False,14.999662470254332
2022-08-22 00:00:00+00:00,110.1764747427,111.0304071864,110.027756171,110.0325535443,350689,,,,,,,,,,,101.70647802940368,"rgba(38, 166, 154, 1.0)",7.112300072580847,101.70647802940368,1.190894173032662,4,0.18767383144923208,0.7506953257969283,0.0,0.0,0.0,0.0,67.91671234736418,20.951037724748474,True,False,True,False,False,13.39460686664972
2022-08-23 00:00:00+00:00,108.9867261693,109.5911952025,108.5078523685,109.5720057094,259840,,,,,,,,,,,101.72819739548906,"rgba(38, 166, 154, 1.0)",7.115392996293805,101.72819739548906,1.0201163558487476,4,0.18604329632351985,0.7441731852940794,0.0,0.0,0.0,0.0,62.82166016173054,16.280449452883985,False,False,True,False,False,11.108626237820957
2022-08-24 00:00:00+00:00,108.708478519,109.581600456,108.535773081,109.1690263539,348787,,,,,,,,,,,101.76081192554734,"rgba(38, 166, 154, 0.5)",7.099797570181311,101.76081192554734,0.9785724909443054,4,0.184537024764848,0.738148099059392,0.0,0.0,0.0,0.0,58.80379325340289,12.796093913391275,False,True,True,False,False,10.58045879765264
2022-08-25 00:00:00+00:00,109.0251051555,109.3129475523,108.2383359376,109.3129475523,257904,,,,,,,,,,,101.78664982914104,"rgba(38, 166, 154, 1.0)",7.076811625024204,101.78664982914104,1.0228413175169409,4,0.18283427662407808,0.7313371064963123,0.0,0.0,0.0,0.0,56.821654892646755,11.238730514944969,False,True,True,False,False,11.036023727450335
2022-08-26 00:00:00+00:00,106.1562759342,109.0442946486,105.878028284,108.708478519,305404,,,,,,,,,,,101.78739450703313,"rgba(38, 166, 154, 0.5)",6.994133497956928,101.78739450703313,0.624649419180099,4,0.18222976655893042,0.7289190662357217,0.0,0.0,0.0,0.0,50.263057078162575,5.398968585985784,False,True,False,True,False,5.7559685680433255
2022-08-29 00:00:00+00:00,105.9739757496,106.7511502209,105.7724860718,105.7724860718,257383,,,,,,,,,,,101.77977529483871,"rgba(38, 166, 154, 0.5)",6.875816607968052,101.77977529483871,0.6099930661182601,4,0.18174617286468325,0.726984691458733,0.0,0.0,0.0,0.0,45.638632272512005,1.5164398927589247,False,True,False,True,False,5.4358843167962725
2022-08-30 00:00:00+00:00,105.4462646888,106.7127712347,105.225585518,106.53047105,279454,,,,,,,,,,,101.77035461158701,"rgba(38, 166, 154, 0.5)",6.750953124428149,101.77035461158701,0.5445023849909141,4,0.18126426143017269,0.7250570457206907,0.0,0.0,0.0,0.0,41.817364357601015,-1.6344558295109906,False,True,False,True,False,4.5050605537881765
2022-08-31 00:00:00+00:00,105.5614016475,106.3385761189,105.1104485592,106.2138444136,441217,,,,,,,,,,,101.76082189194098,"rgba(38, 166, 154, 0.5)",6.65930763873876,101.76082189194098,0.5707169516317524,4,0.1808469413603718,0.7233877654414872,0.0,0.0,0.0,0.0,39.58576643178152,-3.3964449003138952,False,True,False,True,False,4.6862156576877645
2022-09-01 00:00:00+00:00,105.8396492978,105.9355967634,104.3428688345,105.4366699423,433372,,,,,,,,,,,102.20547167383125,"rgba(38, 166, 154, 0.5)",6.582399631289367,102.20547167383125,0.5521052849319136,4,0.1803737911134754,0.7214951644539016,0.0,0.0,0.0,0.0,38.89523551268093,-3.898252889836378,False,True,False,True,False,5.128987855695581
2022-09-02 00:00:00+00:00,104.7938219228,107.0965610971,104.4580057932,106.2138444136,289813,,,,,,,,,,,102.20880071230644,#000000,6.506426988265984,102.20880071230644,0.397302730846826,4,0.17999839962235548,0.7199935984894219,0.0,0.0,0.0,0.0,36.78108019762553,-5.905351883026874,False,True,False,True,False,3.239396953075076
2022-09-06 00:00:00+00:00,106.0795179617,106.5784447828,104.4004373138,104.419626807,443399,,,,,,,,,,,102.22923525944117,"rgba(38, 166, 154, 0.5)",6.395903034575368,102.22923525944117,0.6019920379412792,4,0.17923263669156828,0.7169305467662731,0.0,0.0,0.0,0.0,38.78251866299917,-5.905351883026874,False,True,False,True,False,5.301239106502276
2022-09-07 00:00:00+00:00,107.010208378,107.1061558436,105.7283502377,106.3865498517,421517,,,,,,,,,,,102.29003277290144,"rgba(38, 166, 154, 0.5)",6.30472951592725,102.29003277290144,0.7486721822362516,4,0.17848804112850736,0.7139521645140294,0.0,0.0,0.0,0.0,42.17241015425185,-5.905351883026874,False,True,False,True,True,6.74972607923619
2022-09-08 00:00:00+00:00,107.4707562129,107.72981437,106.1274916945,106.8183134468,228919,,,,,,,,,,,102.32836039602824,"rgba(38, 166, 154, 0.5)",6.235092250260743,102.32836039602824,0.8247505586876773,4,0.17740225224779518,0.7096090089911807,0.0,0.0,0.0,0.0,45.375334722077554,-12.213333865285456,False,True,False,True,True,7.458493436271791
2022-09-09 00:00:00+00:00,108.4973940947,108.7468575053,107.8929250615,108.0464410064,304172,,,,,,,,,,,102.40901632925156,"rgba(38, 166, 154, 0.5)",6.182672947373212,102.40901632925156,0.98474847647168,4,0.17600689984932855,0.7040275993973142,0.0,0.0,0.0,0.0,49.433481082320775,-8.3745631698879,False,True,False,False,True,9.017137415349797
2022-09-12 00:00:00+00:00,110.1189062633,110.3491801807,108.9963209158,109.1594316073,455511,,,,,,,,,,,103.37039048916071,"rgba(38, 166, 154, 1.0)",6.130217614273928,103.37039048916071,1.1008607195975697,4,0.1741378849191155,0.696551539676462,0.0,0.0,0.0,0.0,54.57388812879652,-3.59797747086661,False,True,True,False,True,11.38319278113752
2022-09-13 00:00:00+00:00,107.8353565821,109.2553790729,107.5091351991,108.7276680122,384966,,,,,,,,,,,103.34426829359685,"rgba(38, 166, 154, 0.5)",6.016240006921306,103.34426829359685,0.7464942029135199,4,0.17310142275775076,0.692405691031003,0.0,0.0,0.0,0.0,53.45085852702936,-3.59797747086661,False,True,True,False,True,7.150023659377261
2022-09-14 00:00:00+00:00,107.6146774113,108.7276680122,107.2308875489,107.6530563975,266741,,,,,,,,,,,103.34204218625779,"rgba(38, 166, 154, 0.5)",5.935760716086497,103.34204218625779,0.7198125782703715,3,0.1812284770329465,0.5436854310988395,0.0,0.0,0.0,0.0,52.32865412567215,-3.59797747086661,False,True,False,False,True,6.754952577363639
2022-09-15 00:00:00+00:00,107.1925085626,107.9025198081,106.5832421561,107.5091351991,373060,,,,,,,,,,,103.32514027271299,"rgba(38, 166, 154, 0.5)",5.873149749909516,103.32514027271299,0.6584828336697175,3,0.18050248314174933,0.541507449425248,0.0,0.0,0.0,0.0,50.84555288393802,-3.59797747086661,False,True,False,False,True,5.99458724006864
2022-09-16 00:00:00+00:00,106.1946549205,106.2714128929,105.4078857026,106.1466811877,372333,,,,,,,,,,,103.27123315831189,"rgba(38, 166, 154, 0.5)",5.802178499307341,103.27123315831189,0.5038489875030747,3,0.17993481639498585,0.5398044491849575,0.0,0.0,0.0,0.0,48.217656387788324,-3.59797747086661,False,True,False,False,False,4.21759920763898
2022-09-19 00:00:00+00:00,106.9526398987,107.0389926177,105.5709963941,105.7820808184,244788,,,,,,,,,,,103.26245999266068,"rgba(38, 166, 154, 0.5)",5.714759267960565,103.26245999266068,0.645727970857509,3,0.17959450012108177,0.5387835003632453,0.0,0.0,0.0,0.0,47.96841127654147,-3.59797747086661,False,True,False,False,False,5.401180403654493
2022-09-20 00:00:00+00:00,104.8897693884,106.4537130776,104.0550264377,106.2522233998,304067,,,,,,,,,,,103.21625615183063,#000000,5.656875823278623,103.21625615183063,0.2958370112496874,3,0.17950321779633274,0.5385096533889983,0.0,0.0,0.0,0.0,44.77468181834262,2.3516196781552736,False,True,False,True,False,1.833321518314289
2022-09-21 00:00:00+00:00,103.7096155616,105.9355967634,103.700020815,104.7266586969,377350,,,,,,,,,,,103.15037366694479,#000000,5.578748945182841,103.15037366694479,0.10024503704152381,3,0.17947069771262622,0.5384120931378786,0.0,0.0,0.0,0.0,41.2703952012488,-1.167281460768642,False,True,False,True,False,0.0
2022-09-22 00:00:00+00:00,100.8983548196,103.373799432,100.3610490123,103.373799432,499223,,,,,,,,,,,102.9695925586744,#000000,5.509843174947278,102.9695925586744,-0.3759159150830503,3,0.1800508527916258,0.5401525583748774,0.0,0.0,0.0,0.0,36.42479818822798,-5.829292233363702,False,True,False,True,False,0.0
2022-09-23 00:00:00+00:00,100.2459120536,101.368497401,99.3823848632,99.8717169378,494995,,,,,,,,,,,102.78299690736179,#000000,5.448931081440929,102.78299690736179,-0.4656114778920794,4,0.2095838076497789,0.8383352305991156,0.0,0.0,0.0,0.0,32.7210861038151,-9.31203535429119,False,True,False,True,False,0.0
2022-09-26 00:00:00+00:00,99.3631953701,100.2938857864,98.9698107612,99.996448643,342509,,,,,,,,,,,102.65448247468673,"rgba(239, 83, 80, 0.5)",5.371445303981538,102.65448247468673,-0.6127377117937123,4,0.210479629108765,0.84191851643506,0.0,0.0,0.0,0.0,29.63381706975173,-12.209883481481462,False,True,False,True,False,0.0
2022-09-27 00:00:00+00:00,99.0081897474,100.4474017313,98.9794055077,99.9676644034,491595,,,,,,,,,,,102.49191358896117,"rgba(239, 83, 80, 0.5)",5.3017532444826845,102.49191358896117,-0.6570890195967796,4,0.21184029345424402,0.8473611738169761,0.0,0.0,0.0,0.0,27.33017071649283,-14.416580882439327,False,True,False,True,False,0.0
2022-09-28 00:00:00+00:00,100.5817281832,101.0134917783,98.5284524194,99.4783323288,529508,,,,,,,,,,,102.35940534145317,#000000,5.1743231666242355,102.35940534145317,-0.34355742790084337,4,0.21455060043420054,0.8582024017368022,0.0,0.0,0.0,0.0,29.21353874730064,-14.416580882439327,False,True,False,True,False,0.0
2022-09-29 00:00:00+00:00,99.5263060616,100.2459120536,99.0369739871,100.2171278139,318386,,,,,,,,,,,102.28047861756886,"rgba(239, 83, 80, 0.5)",5.012765598573618,102.28047861756886,-0.5494317461707293,4,0.2175056455246603,0.8700225820986413,0.0,0.0,0.0,0.0,29.48853291338275,-14.416580882439327,False,True,False,True,False,0.0
2022-09-30 00:00:00+00:00,98.4612891935,100.7352441281,98.4133154607,99.2864373976,452008,,,,,,,,,,,102.1687679779225,"rgba(239, 83, 80, 0.5)",4.882390946580081,102.1687679779225,-0.7593572135020129,4,0.22061966175245395,0.8824786470098158,0.0,0.0,0.0,0.0,28.769811521626142,-14.416580882439327,False,True,False,True,False,0.0
2022-10-03 00:00:00+00:00,100.1691540811,100.8120021006,98.6339946316,99.1521109458,497716,,,,,,,,,,,102.0757465760267,#000000,4.753292199997884,102.0757465760267,-0.40110988651771656,4,0.22438725694379696,0.8975490277751879,0.0,0.0,0.0,0.0,31.61214508702529,-14.416580882439327,False,True,False,True,True,0.0
2022-10-04 00:00:00+00:00,102.8173041315,103.0379833024,101.1670077233,101.1670077233,440658,,,,,,,,,,,102.05556279432996,#000000,4.545923293284337,102.05556279432996,0.1675658140328395,4,0.2291930568186416,0.9167722272745664,0.0,0.0,0.0,0.0,37.46880279908427,-20.213418639322107,False,True,False,True,True,0.0
2022-10-05 00:00:00+00:00,102.5582459744,103.1627150077,101.6659345444,101.848234729,374692,,,,,,,,,,,102.04224995249517,#000000,4.394573988708461,102.04224995249517,0.11741661950183116,5,0.21167873661241088,1.0583936830620544,0.0,0.0,0.0,0.0,41.045534906545086,-16.822084817418045,False,True,False,True,True,0.0
2022-10-06 00:00:00+00:00,100.4378069848,102.2128350983,100.1307750949,102.2128350983,334483,,,,,,,,,,,102.00732097369169,#000000,4.295410144105891,102.00732097369169,-0.3653932770646718,5,0.2152885009772668,1.076442504886334,0.0,0.0,0.0,0.0,40.979477023063225,-16.803851341605494,False,True,False,True,True,0.0
2022-10-07 00:00:00+00:00,97.9047938931,100.1115856017,97.4634355513,99.823743205,468317,,,,,,,,,,,101.91059195614997,"rgba(239, 83, 80, 0.5)",4.250004189971674,101.91059195614997,-0.9425397914905737,6,0.22485252226372307,1.3491151335823384,0.0,0.0,0.0,0.0,38.662129861860606,-16.803851341605494,False,True,False,True,True,0.0
2022-10-10 00:00:00+00:00,97.5210040307,98.2070284097,96.7150453197,98.1542573036,232170,,,,,,,,,,,101.85500299239868,"rgba(239, 83, 80, 1.0)",4.251285638590922,101.85500299239868,-1.0194560728540405,6,0.227305602233396,1.363833613400376,0.0,0.0,0.0,0.0,36.810151151185316,-16.803851341605494,False,True,False,True,False,0.0
2022-10-11 00:00:00+00:00,96.7150453197,97.9815518655,96.446392416,97.0700509424,328117,,,,,,,,,,,101.77374386701734,"rgba(239, 83, 80, 1.0)",4.3078715460153925,101.77374386701734,-1.1742918732097387,6,0.23089501383541142,1.3853700830124684,0.0,0.0,0.0,0.0,34.925968705876905,-16.803851341605494,False,True,False,True,False,0.0
2022-10-12 00:00:00+00:00,95.6500284516,97.3962723254,95.6500284516,96.8013980387,312423,,,,,,,,,,,101.68933267916783,"rgba(239, 83, 80, 1.0)",4.393050431543306,101.68933267916783,-1.3747404728623147,6,0.23363709658584483,1.401822579515069,0.0,0.0,0.0,0.0,32.85130997597631,-9.825175596667258,False,True,False,True,False,0.0
2022-10-13 00:00:00+00:00,97.8951991465,98.2214205295,93.6351316741,93.8270266053,410457,96.5839171167,,,,,,,,,,101.08946975153714,"rgba(239, 83, 80, 0.5)",4.368121023906217,101.08946975153714,-0.7312687967103618,6,0.23650642557247617,1.419038553434857,0.0,0.0,0.0,0.0,35.14052525539852,-9.825175596667258,False,True,False,True,False,0.0
2022-10-14 00:00:00+00:00,94.9688014459,98.8930527887,94.7912986345,98.7875105765,340424,96.4178946758179,,,,,,,,,,100.99810853211142,"rgba(239, 83, 80, 1.0)",4.440153596370032,100.99810853211142,-1.3579050713787402,6,0.23790499569117174,1.4274299741470304,0.0,0.0,0.0,0.0,34.265468331184394,-9.825175596667258,False,True,False,True,False,0.0
2022-10-17 00:00:00+00:00,98.538047166,98.8834580421,96.3504449504,96.3504449504,340429,96.88771193541905,,,,,,,,,,100.99420909581917,"rgba(239, 83, 80, 0.5)",4.457383550743221,100.99420909581917,-0.5510322147192461,6,0.24131541552332822,1.4478924931399693,0.0,0.0,0.0,0.0,38.08446670511715,-9.825175596667258,False,True,False,True,True,0.0
2022-10-18 00:00:00+00:00,98.7875105765,100.2459120536,97.8951991465,100.1115856017,336714,97.38015857100734,,,,,,,,,,101.00757367710145,#000000,4.461430909584115,101.00757367710145,-0.4976123458131508,6,0.24562760388931482,1.473765623335889,0.0,0.0,0.0,0.0,40.8986533863392,-16.141226872919844,False,True,False,True,True,0.0
2022-10-19 00:00:00+00:00,97.8088464275,98.6339946316,97.4346513116,98.298178502,289703,97.47781066915395,,,,,,,,,,100.97767591354176,"rgba(239, 83, 80, 0.5)",4.4873038863039065,100.97767591354176,-0.7061767079590087,6,0.24829080095974695,1.4897448057584817,0.0,0.0,0.0,0.0,41.842349925290506,-15.101336627891257,False,True,False,True,True,0.0
2022-10-20 00:00:00+00:00,96.8877507578,98.538047166,96.5231503885,97.7224937084,254716,97.45695569406352,,,,,,,,,,100.93639216450674,"rgba(239, 83, 80, 0.5)",4.54513838854752,100.93639216450674,-0.8907630660725715,6,0.24966958138110576,1.4980174882866346,0.0,0.0,0.0,0.0,41.61734598840732,-15.08540952603932,False,True,False,True,True,0.0
2022-10-21 00:00:00+00:00,98.3173679951,98.6148051385,96.0626025536,97.012482463,308806,97.4851079212979,,,,,,,,,,100.89680207506603,"rgba(239, 83, 80, 0.5)",4.583934117106557,100.89680207506603,-0.5627118571228964,6,0.2514662706335402,1.5087976238012413,0.0,0.0,0.0,0.0,43.25081773765643,-13.234559548038064,False,False,False,True,True,0.0
2022-10-24 00:00:00+00:00,98.3365574882,99.2768426511,97.6553304825,98.6052103919,544058,97.66569673380556,,,,,,,,,,100.85690172742503,"rgba(239, 83, 80, 0.5)",4.626327917049352,100.85690172742503,-0.5447828784329858,5,0.27758962831266004,1.3879481415633002,0.0,0.0,0.0,0.0,44.36370516132658,-11.883306270659922,False,False,False,True,True,0.0
2022-10-25 00:00:00+00:00,100.5145649572,100.6584861556,98.5764261522,98.7395368437,486723,97.99646488191497,,,,,,,,,,100.86362877107878,#000000,4.633325557051781,100.86362877107878,-0.07533764022852253,4,0.27250352752337237,1.0900141100934895,0.0,0.0,0.0,0.0,47.65885809778264,-8.523689474056134,False,False,False,False,True,0.0
2022-10-26 00:00:00+00:00,100.5913229297,102.4622985088,100.476185971,100.7064598884,362291,98.31002900079967,,,,,,,,,,100.89019246922662,#000000,4.633308684052536,100.89019246922662,-0.06450456032754837,4,0.2746956447611675,1.09878257904467,0.0,0.0,0.0,0.0,49.939942885742425,-6.216191082994889,True,False,False,False,True,0.0
2022-10-27 00:00:00+00:00,101.2533604423,101.9441821946,100.56253869,100.8407863403,348753,98.565181073622,,,,,,,,,,100.91209308376907,#000000,4.623526388349965,100.91209308376907,0.07381105456450804,4,0.2769579593941517,1.1078318375766067,0.0,0.0,0.0,0.0,52.21654353140269,-3.939960656520931,True,False,True,False,True,0.0
2022-10-28 00:00:00+00:00,102.8748726109,103.2394729801,100.6488914091,101.0038970318,275476,98.80160839690762,,,,,,,,,,100.9411434544564,#000000,4.604265225613308,100.9411434544564,0.4199864824655107,4,0.279221196815597,1.116884787262388,0.0,0.0,0.0,0.0,55.44019445252925,-0.8141904035919723,True,False,True,False,True,1.420262115703796
2022-10-31 00:00:00+00:00,101.9729664343,102.4910827485,101.3397131614,102.2512140845,514731,99.13664834990063,,,,,,,,,,100.97968150876912,#000000,4.603014206046917,100.97968150876912,0.21579010645372804,4,0.28245727167129553,1.1298290866851821,0.0,0.0,0.0,0.0,56.19601804108015,-0.015591887665280524,True,False,True,False,True,0.17162110144110088
2022-11-01 00:00:00+00:00,98.6723736178,103.6712365753,97.9431728793,103.613668096,1187326,99.32639274198952,,,,,,,,,,100.94998741043585,#000000,4.625673770026998,100.94998741043585,-0.49238530555140164,4,0.28480283518658456,1.1392113407463382,0.0,0.0,0.0,0.0,52.587978972680155,-0.015591887665280524,True,False,True,False,False,0.0
2022-11-02 00:00:00+00:00,98.1542573036,100.26989892,96.4559871626,98.4996681797,912983,99.18997706768639,,,,,,,,,,100.85916633995184,"rgba(239, 83, 80, 0.5)",4.6729432170327065,100.85916633995184,-0.5788448330577914,4,0.33065731125884157,1.3226292450353663,0.0,0.0,0.0,0.0,49.64424490587972,6.092655272359096,True,False,False,False,False,0.0
2022-11-03 00:00:00+00:00,99.1713004389,99.6318482738,96.8877507578,97.1372141683,721898,99.1307593180734,,,,,,,,,,100.80130077689488,#000000,4.703078730394824,100.80130077689488,-0.3465815546443198,4,0.3374896805371544,1.3499587221486176,0.0,0.0,0.0,0.0,49.019926919079616,5.437338528645583,True,False,False,False,False,0.0
2022-11-04 00:00:00+00:00,100.7352441281,101.282144682,99.9196906706,100.6872703953,902079,99.29082716941815,,,,,,,,,,100.80287753042963,#000000,4.719595325100783,100.80287753042963,-0.014330339291997451,4,0.3443879690477615,1.377551876191046,0.0,0.0,0.0,0.0,50.47923573100252,5.437338528645583,True,False,False,False,False,0.0
2022-11-07 00:00:00+00:00,101.1574129767,101.5555949589,100.3418595192,100.9655180455,413815,99.37068631073919,,,,,,,,,,100.80835647659056,#000000,4.731643893604558,100.80835647659056,0.07377066152024606,4,0.35050979528097703,1.4020391811239081,0.0,0.0,0.0,0.0,51.93361403171236,5.437338528645583,True,False,True,False,False,0.0
2022-11-08 00:00:00+00:00,102.6254092003,103.0091990627,101.0518707646,101.6659345444,440069,99.50461437208472,,,,,,,,,,100.8319395984469,#000000,4.734544796799689,100.8319395984469,0.37880507605829355,4,0.35991392403527545,1.4396556961411018,0.0,0.0,0.0,0.0,54.49870315808741,5.437338528645583,True,False,True,False,True,1.311492270624214
2022-11-09 00:00:00+00:00,101.9729664343,102.8844673574,101.8962084618,102.5198669882,424386,99.62336313141651,,,,,,,,,,100.85359538774199,#000000,4.740636737598707,100.85359538774199,0.23612251022739505,4,0.3666463319915383,1.4665853279661532,0.0,0.0,0.0,0.0,55.22951608503477,5.437338528645583,True,False,True,False,True,0.425860824430071
2022-11-10 00:00:00+00:00,105.8492440443,106.2234391601,104.6978744572,104.6978744572,442304,99.88063680041502,,,,,,,,,,100.92351922868532,"rgba(38, 166, 154, 1.0)",4.741542636507548,100.92351922868532,1.038844357886611,4,0.3713070471896801,1.4852281887587204,0.0,0.0,0.0,0.0,59.23276696400006,3.102264989531413,True,False,True,False,True,5.327811233362873
2022-11-11 00:00:00+00:00,105.4174804491,106.4729025707,105.158422292,106.0219494824,881068,100.33957597299758,,,,,,,,,,101.05553140869532,"rgba(38, 166, 154, 0.5)",4.733750125760676,101.05553140869532,0.921457390973663,4,0.37583997608069186,1.5033599043227674,0.0,0.0,0.0,0.0,61.25213890913057,5.074242770155536,True,False,True,False,True,4.732122940178556
2022-11-14 00:00:00+00:00,104.6594954709,105.9835704962,104.6115217381,105.3503172232,577953,100.57363884792179,,,,,,,,,,101.12520832045757,"rgba(38, 166, 154, 0.5)",4.718604284879335,101.12520832045757,0.7490111348747701,4,0.37890317745982816,1.5156127098393126,0.0,0.0,0.0,0.0,61.44508217712662,5.389803044327337,True,False,True,False,True,3.6868165417971923
2022-11-15 00:00:00+00:00,106.2138444136,106.8375029399,105.3215329835,105.8204598046,384012,100.74978026803434,,,,,,,,,,101.18139007447817,"rgba(38, 166, 154, 1.0)",4.716608886702595,101.18139007447817,1.0669645204862517,4,0.3796157420744837,1.5184629682979347,0.0,0.0,0.0,0.0,62.93216763498329,7.006317610895749,True,False,True,False,True,5.5909109310505265
2022-11-16 00:00:00+00:00,108.3198912834,108.6859344909,106.219959198,106.5089406777,460221,101.00595670150456,,,,,,,,,,101.26809421752604,"rgba(38, 166, 154, 1.0)",4.7370140700414405,101.26809421752604,1.4886586701255597,4,0.3787257129349114,1.5149028517396457,0.0,0.0,0.0,0.0,65.48377897250364,9.599782940897228,True,False,True,False,True,8.061980334827101
2022-11-17 00:00:00+00:00,107.7515610401,107.9442153599,107.067638205,107.067638205,398398,101.20828980558797,,,,,,,,,,101.33855858072604,"rgba(38, 166, 154, 1.0)",4.749306434000469,101.33855858072604,1.3503029439126149,4,0.38163838348446355,1.5265535339378542,0.0,0.0,0.0,0.0,66.2635236828561,10.507058532154602,True,False,True,False,True,7.255598520369862
2022-11-18 00:00:00+00:00,109.3794900421,109.5673280038,108.3391567154,108.3391567154,465821,101.48194183999269,,,,,,,,,,101.43791826777105,"rgba(0, 255, 255, 0.75)",4.731414845584697,101.43791826777105,1.6784771645504586,4,0.38175669634386333,1.5270267853754533,0.0,0.0,0.0,0.0,67.96133089315151,12.311846729739962,True,False,True,False,True,9.124853955627984
2022-11-21 00:00:00+00:00,109.4661844859,109.9574530013,108.8785888107,109.6588388057,554451,101.79732438095893,,,,,,,,,,101.55654054144529,"rgba(0, 255, 255, 0.75)",4.738211798069178,101.55654054144529,1.6693310222387898,4,0.38031170598625563,1.5212468239450225,0.0,0.0,0.0,0.0,69.15423670403587,13.636566190985633,True,False,True,False,True,9.223480963340052
2022-11-22 00:00:00+00:00,110.96888818,111.1326443518,109.5721443618,109.6492060897,413290,102.0488748439593,,,,,,,,,,101.6543272620341,"rgba(0, 255, 255, 0.75)",4.766519096743798,101.6543272620341,1.954164187515591,4,0.3777527492120445,1.511010996848178,0.0,0.0,0.0,0.0,70.98016724231628,15.555141733633874,True,False,True,False,True,10.920357938877387
2022-11-23 00:00:00+00:00,111.2578696597,111.9803233588,111.026684476,111.045949908,1420141,102.8906006685459,,,,,,,,,,101.99994637120227,"rgba(0, 255, 255, 0.75)",4.806947370376025,101.99994637120227,1.9259464635606218,4,0.37489491552226345,1.4995796620890538,0.0,0.0,0.0,0.0,72.38742568612756,17.060160602068592,True,False,True,False,True,11.24311602727741
2022-11-25 00:00:00+00:00,111.6720764472,112.606449898,111.5468511393,111.7491381751,253825,103.0335877144453,,,,,,,,,,102.0614942655582,"rgba(0, 255, 255, 0.75)",4.832671168049934,102.0614942655582,1.9886687604941757,4,0.37101871330772523,1.484074853230901,0.0,0.0,0.0,0.0,73.60837427834805,18.39523224770531,True,False,True,False,True,11.709364730989396
2022-11-28 00:00:00+00:00,111.816567187,112.7605733538,111.1711752158,111.1711752158,688136,103.39838708030922,,,,,,,,,,102.22265729417731,"rgba(0, 255, 255, 0.75)",4.862417489004066,102.22265729417731,1.973074075707914,4,0.36667522529680086,1.4667009011872034,0.0,0.0,0.0,0.0,74.52577740252374,19.460246732812138,True,False,True,False,True,11.873687484144082
2022-11-29 00:00:00+00:00,109.3313264621,111.4794221274,108.1850332596,111.4601566954,1227080,103.82602168929823,,,,,,,,,,102.42619418769479,"rgba(38, 166, 154, 1.0)",4.8266152985492985,102.42619418769479,1.4306365532137253,4,0.36505957982519244,1.4602383193007697,0.0,0.0,0.0,0.0,70.12610549345564,19.460246732812138,True,False,True,False,False,8.08754839877562
2022-11-30 00:00:00+00:00,113.396332609,113.5986196447,109.3313264621,109.3313264621,490885,104.04611473895179,,,,,,,,,,102.53185169909307,"rgba(0, 255, 0, 1.0)",4.877563458556404,102.53185169909307,2.2274401967744883,4,0.3590712477129633,1.4362849908518531,0.0,0.0,0.0,0.0,70.56495063622279,19.460246732812138,True,False,True,False,False,12.624742205330119
2022-12-01 00:00:00+00:00,112.9435949576,113.5071088428,111.826199903,112.3174684183,950714,104.472565186026,,,,,,,,,,102.74213902808916,"rgba(0, 255, 0, 1.0)",4.906620013020253,102.74213902808916,2.079120841320535,4,0.35460999914744296,1.4184399965897718,0.0,0.0,0.0,0.0,70.11806466357822,19.460246732812138,True,False,True,False,False,11.954653116209911
2022-12-02 00:00:00+00:00,113.5119252008,114.2199298259,111.9706906428,112.3945301463,591733,104.73158655237256,,,,,,,,,,103.81554451425573,"rgba(0, 255, 255, 0.75)",4.953895817133896,103.81554451425573,1.9573243048446172,4,0.35000586032730635,1.4000234413092254,1.0,0.0,114.21993,270.0,70.24190804717674,19.460246732812138,True,False,True,False,False,12.566233304595173
2022-12-05 00:00:00+00:00,112.4137955782,113.5697214968,111.5227693493,112.9628603895,583319,104.95162850228351,,,,,,,,,,103.88795245192424,"rgba(0, 255, 255, 0.75)",4.976866267166775,103.88795245192424,1.7130946801850357,4,0.34711419980111663,1.3884567992044665,0.0,0.0,0.0,0.0,68.43625050102344,23.135210713527556,True,False,True,False,False,10.922861372691216
2022-12-06 00:00:00+00:00,109.9767184333,112.0862832346,109.2446320182,112.0862832346,693366,105.13021638162783,,,,,,,,,,103.8985072096723,"rgba(38, 166, 154, 1.0)",4.959407097883585,103.8985072096723,1.225592314496939,4,0.3459330130054549,1.3837320520218197,0.0,0.0,0.0,0.0,63.6885821484615,18.560656347524443,True,False,True,False,False,7.420011988580953
2022-12-07 00:00:00+00:00,110.7858665763,111.6239128672,109.8129622615,109.8129622615,530132,105.26651538247921,,,,,,,,,,103.94570277378403,"rgba(38, 166, 154, 1.0)",4.969892677418439,103.94570277378403,1.3763202238944552,4,0.3451197972694888,1.3804791890779553,0.0,0.0,0.0,0.0,61.38636082258623,16.43516945060844,True,False,True,False,False,8.340686789535976
2022-12-08 00:00:00+00:00,110.8725610202,111.5853820033,110.1020400683,111.0748480559,465929,105.38330406024214,,,,,,,,,,103.99581915407516,"rgba(38, 166, 154, 1.0)",4.999306885399567,103.99581915407516,1.3755390544653896,4,0.3433200725885247,1.3732802903540988,0.0,0.0,0.0,0.0,59.946862375382416,15.098116765559382,True,False,True,False,False,8.439824697718699
2022-12-09 00:00:00+00:00,110.7184375644,111.6431782992,110.5065178126,111.007419044,450525,105.4937154000326,,,,,,,,,,104.0484049505617,"rgba(38, 166, 154, 1.0)",5.029160093192847,104.0484049505617,1.3262716816007578,4,0.3417857381055651,1.3671429524222605,0.0,0.0,0.0,0.0,58.74421262143149,13.923740315095799,True,False,True,False,False,8.215315788805526
2022-12-12 00:00:00+00:00,111.4023603995,111.9803233588,110.7473357123,111.2482369437,307614,105.57223752802557,,,,,,,,,,104.09031764985261,"rgba(38, 166, 154, 1.0)",5.067228549829704,104.09031764985261,1.4430063056644895,4,0.33919624489116795,1.3567849795646718,0.0,0.0,0.0,0.0,58.796615726581884,13.856268814939824,True,False,True,False,False,9.019193717705857
2022-12-13 00:00:00+00:00,112.2500394064,113.7142122366,111.787669039,113.4348634729,439225,105.7033680957118,,,,,,,,,,104.17105998523897,"rgba(0, 255, 255, 0.75)",5.146484636381692,104.17105998523897,1.5698054093174318,4,0.3360864187376721,1.3443456749506884,0.0,0.0,0.0,0.0,59.846542553809115,13.856268814939824,True,False,True,False,False,10.008583629111659
2022-12-14 00:00:00+00:00,112.0670178027,113.2229437212,111.1326443518,112.1151813826,293277,105.78276380274302,,,,,,,,,,104.21780463535161,"rgba(0, 255, 255, 0.75)",5.220368566754771,104.21780463535161,1.5035745210280862,4,0.33327862670976893,1.3331145068390757,0.0,0.0,0.0,0.0,60.18943497885977,13.856268814939824,True,False,True,False,False,9.728669321227898
2022-12-15 00:00:00+00:00,109.7647986816,111.5564838553,109.427653622,111.3156659556,344161,105.84649135977519,,,,,,,,,,104.24680094037434,"rgba(38, 166, 154, 1.0)",5.255651242755858,104.24680094037434,1.0499170295653473,4,0.33224243179665736,1.3289697271866294,0.0,0.0,0.0,0.0,56.50028191756222,11.256244527676891,False,False,True,False,False,6.292830460365142
2022-12-16 00:00:00+00:00,109.4661844859,109.8033295455,108.8207925148,109.0327122665,372882,105.90002618847065,,,,,,,,,,104.26700968763771,"rgba(38, 166, 154, 0.5)",5.285887997681,104.26700968763771,0.9835953392397359,4,0.331236227431313,1.324944909725252,0.0,0.0,0.0,0.0,53.60188489076112,8.491884997517182,False,False,False,False,False,5.858852481721254
2022-12-19 00:00:00+00:00,107.6552338802,109.5625116458,107.3566196846,109.2735301662,374366,105.93451795074309,,,,,,,,,,104.27347875436631,"rgba(38, 166, 154, 0.5)",5.296162711934933,104.27347875436631,0.6385293107050671,4,0.3310431767721231,1.3241727070884923,0.0,0.0,0.0,0.0,49.25215930915178,4.4618848062997,False,True,False,True,False,3.273035958824593
2022-12-20 00:00:00+00:00,107.5781721523,108.2235641235,106.9231474652,107.0869036369,341289,105.95672429191507,107.57496124699999,,,,,,,,,104.5492506475432,"rgba(38, 166, 154, 0.5)",5.307685397952284,104.5492506475432,0.5706671133758906,4,0.3309799268056196,1.3239197072224784,0.0,0.0,0.0,0.0,46.25702821337351,1.793664892465408,False,True,False,True,False,3.1644969798427915
2022-12-21 00:00:00+00:00,108.2524622715,109.0616104145,107.2988233887,107.809357336,291909,105.9824493044525,107.86509050215558,,,,,,,,,104.58086316364414,"rgba(38, 166, 154, 0.5)",5.321887946796458,104.58086316364414,0.6899053765432989,4,0.3305733479489298,1.3222933917957191,0.0,0.0,0.0,0.0,45.52569970175708,1.1965066143033312,False,True,False,True,False,4.043015019737343
2022-12-22 00:00:00+00:00,107.9056844959,108.4210348013,107.3084561047,107.5878048683,342203,106.00755166277737,107.86975703852676,,,,,,,,,104.58770765260196,"rgba(38, 166, 154, 0.5)",5.328346469304301,104.58770765260196,0.6227029083811164,4,0.33024762343883596,1.3209904937553438,0.0,0.0,0.0,0.0,44.52840348697799,0.21796977641730564,False,True,False,True,False,3.538963305375912
2022-12-23 00:00:00+00:00,109.1675702903,109.3120610301,107.1928635128,107.4047832645,371215,106.04365679635973,108.05934327848833,,,,,,,,,104.61882529444806,"rgba(38, 166, 154, 0.5)",5.344185370884917,104.61882529444806,0.8511577874213491,4,0.329470793212311,1.317883172849244,0.0,0.0,0.0,0.0,46.20000143315028,0.21796977641730564,False,True,False,True,False,5.191914554137533
2022-12-27 00:00:00+00:00,109.4758172019,109.6106752258,108.2331968395,108.9074869586,305747,106.07896477138716,108.25311687147298,,,,,,,,,104.65270111919797,"rgba(38, 166, 154, 0.5)",5.35490135799274,104.65270111919797,0.9006918634463794,4,0.330012298456543,1.320049193826172,0.0,0.0,0.0,0.0,47.84814262957663,0.21796977641730564,False,True,False,True,True,5.592091712573293
2022-12-28 00:00:00+00:00,108.2428295555,110.5257832446,108.2428295555,109.3409591781,344106,106.11642534345448,108.38250501969713,,,,,,,,,104.68264734558785,"rgba(38, 166, 154, 0.5)",5.33338326818762,104.68264734558785,0.6675279144380629,4,0.33031065560753997,1.3212426224301599,0.0,0.0,0.0,0.0,46.85809639570219,0.21796977641730564,False,True,False,True,True,3.749503416039893
2022-12-29 00:00:00+00:00,110.1019437411,110.1597400371,108.8304252307,108.9267523906,312339,106.15757656702287,108.56038187645457,,,,,,,,,104.72072645437562,"rgba(38, 166, 154, 1.0)",5.358141669299143,104.72072645437562,1.004306645633775,4,0.32990839627851787,1.3196335851140715,0.0,0.0,0.0,0.0,49.301344467721165,0.21796977641730564,False,True,False,False,True,6.170702394157839
2022-12-30 00:00:00+00:00,109.8803912734,110.227169049,109.3313264621,109.5432462138,682144,106.24707242862966,108.84605687029482,,,,,,,,,104.79681898112143,"rgba(38, 166, 154, 0.5)",5.381346934632545,104.79681898112143,0.9446654070122097,4,0.3294232122585021,1.3176928490340083,0.0,0.0,0.0,0.0,50.53892999748036,-4.95258821182216,False,True,False,False,True,5.836664740654406
2023-01-03 00:00:00+00:00,111.0748480559,111.6142801512,109.5143480659,109.5143480659,683826,106.35457169700815,109.19746887483875,,,,,,,,,104.89291533994732,"rgba(38, 166, 154, 1.0)",5.424218071728865,104.89291533994732,1.139691036422935,4,0.3289494054875648,1.3157976219502592,0.0,0.0,0.0,0.0,53.146849532076786,-2.366845345284858,False,True,True,False,True,7.3678132758268085
2023-01-04 00:00:00+00:00,113.6564159407,114.3018079118,111.9803233588,112.0381196547,1245537,106.64549169778905,110.23924329429774,,,,,,,,,105.16953123426727,"rgba(0, 255, 255, 0.75)",5.518779961043587,105.16953123426727,1.5378190046243272,4,0.32624808269012207,1.3049923307604883,0.0,0.0,0.0,0.0,57.841564299666125,2.074400918779915,False,False,True,False,True,10.516137642400963
2023-01-05 00:00:00+00:00,110.5546813926,112.7220424898,110.3138634929,112.7027770579,421947,106.709055126726,110.31487877107695,,,,,,,,,105.21682519743331,"rgba(38, 166, 154, 0.5)",5.552944692775631,105.21682519743331,0.9612658671193383,4,0.3267972931914454,1.3071891727657816,0.0,0.0,0.0,0.0,56.048680028889024,2.074400918779915,False,False,True,False,True,5.899086746105567
2023-01-06 00:00:00+00:00,112.3945301463,113.0013912535,110.5354159606,111.2386042277,327837,106.76560459974594,110.41098674092606,,,,,,,,,105.26181063084483,"rgba(38, 166, 154, 1.0)",5.620111949688472,105.26181063084483,1.269141892422719,4,0.32585335280342903,1.3034134112137161,0.0,0.0,0.0,0.0,56.839820743826046,2.074400918779915,False,False,True,False,True,8.085772974307293
2023-01-09 00:00:00+00:00,111.9128943469,113.2807400171,111.787669039,112.5197554541,329202,106.82491324239813,110.51613043858993,,,,,,,,,105.30961016057097,"rgba(38, 166, 154, 1.0)",5.67437548022649,105.30961016057097,1.1637023685407346,4,0.3256593356392288,1.302637342556915,0.0,0.0,0.0,0.0,56.688764708820344,2.074400918779915,False,False,True,False,True,7.389332141092755
2023-01-10 00:00:00+00:00,111.4697894114,112.1826103945,110.7954992923,111.7298727431,293623,106.86879822811007,110.56122670722436,,,,,,,,,105.34231644856163,"rgba(38, 166, 154, 1.0)",5.6997958872300645,105.34231644856163,1.0750337527991976,4,0.32564005522037376,1.302560220881495,0.0,0.0,0.0,0.0,55.9479281055262,2.074400918779915,False,False,True,False,True,6.746072638801934
2023-01-11 00:00:00+00:00,112.5004900221,113.1169838453,111.9321597788,111.9706906428,295270,106.92180746331756,110.64886023760648,,,,,,,,,105.3848380060826,"rgba(38, 166, 154, 1.0)",5.7301905902849235,105.3848380060826,1.24178278259739,4,0.32472762950565237,1.2989105180226095,0.0,0.0,0.0,0.0,56.67066800580203,2.074400918779915,False,False,True,False,True,7.987919937316615
2023-01-12 00:00:00+00:00,112.2982029864,112.4330610102,110.9592554641,112.4330610102,347390,106.97614510276912,110.71136912326179,,,,,,,,,105.42632360780249,"rgba(38, 166, 154, 1.0)",5.740507085289511,105.42632360780249,1.1970857759599722,4,0.3237728355442285,1.295091342176914,0.0,0.0,0.0,0.0,56.822961326162485,2.074400918779915,False,False,True,False,True,7.68662954570469
2023-01-13 00:00:00+00:00,113.4733943369,113.7238449526,111.9128943469,111.9610579268,419511,107.05504081070916,110.84399916883491,,,,,,,,,105.49028413666547,"rgba(38, 166, 154, 1.0)",5.759745673869998,105.49028413666547,1.386017829997457,4,0.3213376593257008,1.2853506373028032,0.0,0.0,0.0,0.0,58.32568099064379,3.4714306925688163,False,False,True,False,True,9.10483263900958
2023-01-17 00:00:00+00:00,113.9068665563,115.4673665464,113.8490702604,114.0513572962,407258,107.14680237818646,111.03097511287942,,,,,,,,,106.2475249146268,"rgba(38, 166, 154, 1.0)",5.802857917562496,106.2475249146268,1.319925759080197,4,0.318043656164079,1.272174624656316,0.0,0.0,0.0,0.0,59.820649340286934,5.131562589824668,False,False,True,False,True,9.623258869599596
2023-01-18 00:00:00+00:00,112.8280023657,114.7930764272,112.7220424898,114.2729097639,368392,107.21713885442048,111.1404736555191,,,,,,,,,106.26476658615556,"rgba(38, 166, 154, 1.0)",5.807177680983386,106.26476658615556,1.1301937257812689,4,0.3157014430507617,1.2628057722030468,0.0,0.0,0.0,0.0,58.83215884507475,5.131562589824668,False,False,True,False,True,7.965541128880364
2023-01-19 00:00:00+00:00,112.7027770579,113.9164992723,112.3656319983,112.9146968096,317647,107.27222176246669,111.21019994465827,,,,,,,,,106.28334498510714,"rgba(38, 166, 154, 1.0)",5.785954263274189,106.28334498510714,1.1094854505746115,4,0.3136302850414588,1.2545211401658352,0.0,0.0,0.0,0.0,57.94648188579585,5.131562589824668,False,False,True,False,True,7.773492428517741
2023-01-20 00:00:00+00:00,113.6371505087,113.8298048284,112.0766505187,112.7605733538,358614,107.33514306785226,111.2904575161686,,,,,,,,,106.31982724266112,"rgba(38, 166, 154, 1.0)",5.801571323242359,106.31982724266112,1.2612657603163633,4,0.31036542337270706,1.2414616934908282,0.0,0.0,0.0,0.0,58.66196232723768,5.131562589824668,False,False,True,False,True,8.937803265616836
2023-01-23 00:00:00+00:00,113.0880856974,114.4174005037,112.8954313776,113.386699893,317652,107.3924388285401,111.36622740759654,,,,,,,,,106.36069962987825,"rgba(38, 166, 154, 1.0)",5.834693121924204,106.36069962987825,1.152997411679322,4,0.30768204325030896,1.2307281730012358,0.0,0.0,0.0,0.0,58.04468693074706,5.131562589824668,False,False,True,False,True,8.075070772368328
2023-01-24 00:00:00+00:00,113.7816412485,114.8316072912,112.2307739745,113.0880856974,481799,107.47939117815775,111.47899524722293,,,,,,,,,106.42585320077706,"rgba(38, 166, 154, 1.0)",5.872583573669411,106.42585320077706,1.252564217341017,4,0.3046200029982892,1.2184800119931567,0.0,0.0,0.0,0.0,58.64884885655454,5.131562589824668,False,False,True,False,True,8.950099455362967
2023-01-25 00:00:00+00:00,113.5215579168,113.6853140886,112.3367338503,113.6178850767,326980,107.53295894688794,111.53502696598204,,,,,,,,,106.46085683613867,"rgba(38, 166, 154, 1.0)",5.8758968752532725,106.46085683613867,1.2016380189376605,4,0.3019015930265121,1.2076063721060484,0.0,0.0,0.0,0.0,58.48739318849231,5.131562589824668,False,False,True,False,True,8.532179246368461
2023-01-26 00:00:00+00:00,114.0513572962,114.9756163952,113.7623758165,114.0224591482,314489,107.59322789445332,111.61874674989656,,,,,,,,,106.51204240813783,"rgba(38, 166, 154, 1.0)",5.835415014989678,106.51204240813783,1.2919929205884426,4,0.2989151429259877,1.1956605717039508,0.0,0.0,0.0,0.0,59.210743362457336,5.822733946410466,False,False,True,False,True,9.212925998389927
2023-01-27 00:00:00+00:00,113.6949468046,114.215113468,113.1073511294,113.5408233488,290874,107.64316633899475,111.67543013250042,,,,,,,,,106.54911632240325,"rgba(38, 166, 154, 1.0)",5.77245150532699,106.54911632240325,1.2379195348115715,4,0.2964344066336281,1.1857376265345123,0.0,0.0,0.0,0.0,58.839042446031875,5.822733946410466,False,False,True,False,True,8.624999244213452
2023-01-30 00:00:00+00:00,113.4637616209,114.6871165514,113.2807400171,113.405965325,413337,107.71432781534872,111.75600980912792,,,,,,,,,106.60313857032637,"rgba(38, 166, 154, 1.0)",5.677169793770114,106.60313857032637,1.2084583163431528,4,0.29411880707300675,1.176475228292027,0.0,0.0,0.0,0.0,58.02475188778282,5.822733946410466,False,False,True,False,True,8.24035271324533
2023-01-31 00:00:00+00:00,114.6004221075,114.6100548235,113.5263742748,113.6178850767,309543,107.7702808643224,111.82444014100724,,,,,,,,,106.64832985222776,"rgba(38, 166, 154, 1.0)",5.5580898162987245,106.64832985222776,1.4307239569884709,4,0.2911416465547627,1.1645665862190508,0.0,0.0,0.0,0.0,59.467298337905326,6.511029204005844,False,False,True,False,True,9.746183934999664
2023-02-01 00:00:00+00:00,115.9586350618,116.565496169,114.0802554441,114.2247461839,389588,107.85310675830226,111.9485047446463,,,,,,,,,106.72394442238055,"rgba(0, 255, 255, 0.75)",5.511461402040903,106.72394442238055,1.6755430122398787,4,0.2873108281203915,1.149243312481566,0.0,0.0,0.0,0.0,62.33918855974583,9.277254568443482,True,False,True,False,True,11.492795336856979
2023-02-02 00:00:00+00:00,116.6810887608,117.2783171521,115.6696535821,116.1223912336,546894,107.98131317066984,112.1544958385505,,,,,,,,,106.84518915303518,"rgba(0, 255, 255, 0.75)",5.3808476533439995,106.84518915303518,1.8279461232566516,4,0.28322265340853625,1.132890613634145,0.0,0.0,0.0,0.0,65.12383201220067,11.841519748644608,True,False,True,False,True,12.402217223886591
2023-02-03 00:00:00+00:00,115.5733264222,116.8881921546,115.1783850667,115.5155301263,474252,108.0810906234931,112.29391778034903,,,,,,,,,106.93222164934424,"rgba(0, 255, 255, 0.75)",5.318365474929668,106.93222164934424,1.6247670103886622,4,0.2805105501157228,1.1220422004628912,0.0,0.0,0.0,0.0,64.12391419178664,11.841519748644608,True,False,True,False,True,10.486849269219146
2023-02-06 00:00:00+00:00,114.0995208761,115.6118572862,114.0995208761,114.8701381551,393355,108.14872150997931,112.36345352947033,,,,,,,,,106.9836683696297,"rgba(38, 166, 154, 1.0)",5.228914185198138,106.9836683696297,1.3608661864472087,4,0.2784338118332615,1.113735247333046,0.0,0.0,0.0,0.0,60.33727893605535,14.085954815639724,False,False,True,False,False,8.017033869296682
2023-02-07 00:00:00+00:00,113.5408233488,114.0898881601,112.4619591582,113.367434461,605298,108.230630982996,112.40776346484968,,,,,,,,,107.03545484291809,"rgba(38, 166, 154, 1.0)",5.0948373625874055,107.03545484291809,1.2768549892588086,4,0.276715712754093,1.106862851016372,0.0,0.0,0.0,0.0,56.77316938509337,10.937760622828684,False,False,True,False,False,7.099512372800326
2023-02-08 00:00:00+00:00,112.9532276735,113.6949468046,112.4234282942,113.405965325,738125,108.32070279183968,112.43932400328532,,,,,,,,,107.09033287344809,"rgba(38, 166, 154, 1.0)",4.911646064819293,107.09033287344809,1.1936720852192775,4,0.27532065022430385,1.1012826008972154,0.0,0.0,0.0,0.0,53.33783038215725,7.961846890027189,False,True,False,False,False,6.137137044233452
2023-02-09 00:00:00+00:00,110.7377029963,113.1747801413,108.6955672069,112.62571533,1780654,108.43122891389106,112.26664908813372,,,,,,,,,107.38269670742476,"rgba(38, 166, 154, 0.5)",4.744620840200986,107.38269670742476,0.7071178924242815,4,0.2747996614085658,1.0991986456342633,0.0,0.0,0.0,0.0,47.79815866699209,3.074414907945112,False,True,False,True,False,2.63576958691295
2023-02-10 00:00:00+00:00,116.0742276536,116.3921072812,111.6142801512,111.7395054591,1076196,108.59117193883644,112.41791760288525,,,,,,,,,107.60817681732023,"rgba(0, 255, 255, 0.75)",4.625524431558364,107.60817681732023,1.8302899404268242,4,0.27176539020538576,1.087061560821543,0.0,0.0,0.0,0.0,51.64110141438317,3.074414907945112,False,True,False,False,True,9.575090832427957
2023-02-13 00:00:00+00:00,118.154894307,119.3397183735,116.3824745652,116.4691690091,856624,108.77782254419009,112.67983541782482,,,,,,,,,107.85982675935587,"rgba(0, 255, 0, 1.0)",4.603085676978138,107.85982675935587,2.2365578809740314,4,0.26762168986212587,1.0704867594485035,0.0,0.0,0.0,0.0,56.00441628633246,-0.5332648783814165,False,False,True,False,True,11.979416942886164
2023-02-14 00:00:00+00:00,119.5034745453,120.2259282444,118.0200362832,118.5883665264,617620,108.92612728444502,112.89636090571285,,,,,,,,,108.04423326127396,"rgba(0, 255, 0, 1.0)",4.6050088488150385,108.04423326127396,2.488429807680984,4,0.2629903646580898,1.0519614586323591,0.0,0.0,0.0,0.0,59.93058482273196,2.806493181028287,True,False,True,False,True,13.474796744964927
2023-02-15 00:00:00+00:00,120.6594004638,120.7171967598,118.9865830054,118.9929405979,367714,109.01973025117074,113.03539288346174,,,,,,,,,108.95411139557339,"rgba(0, 255, 0, 1.0)",4.644033220083066,108.95411139557339,2.5205007185580035,3,0.23803696132117005,0.7141108839635102,1.0,0.0,120.71719,303.0,63.35810261725982,5.739046429261009,True,False,True,False,True,14.725713208423972
2023-02-16 00:00:00+00:00,119.3011875095,120.1007029365,118.2704868988,118.2704868988,373237,109.10560386206099,113.153961540098,,,,,,,,,109.01271754024513,"rgba(0, 255, 0, 1.0)",4.671718682334472,109.01271754024513,2.2022879948142946,3,0.23572653527836762,0.7071796058351029,0.0,0.0,0.0,0.0,63.56397659683377,5.795679314165483,True,False,True,False,True,12.59048655981848
2023-02-17 00:00:00+00:00,118.6557955384,119.705761581,118.4727739346,119.2915547936,365029,109.18592206497922,113.26047102571525,,,,,,,,,109.07588412558341,"rgba(0, 255, 0, 1.0)",4.651724636718967,109.07588412558341,2.059432180743538,3,0.23446518794511573,0.7033955638353472,0.0,0.0,0.0,0.0,62.75495231908812,5.795679314165483,True,False,True,False,True,11.591335589551765
2023-02-21 00:00:00+00:00,117.6636257916,118.7039591183,117.5770276749,117.8177492474,381539,109.26033413102597,113.34952028203925,,,,,,,,,109.1185174031124,"rgba(0, 255, 255, 0.75)",4.494727457831976,109.1185174031124,1.9011404959822213,3,0.2341443838740178,0.7024331516220533,0.0,0.0,0.0,0.0,60.7931545442101,5.795679314165483,True,False,True,False,True,10.06909831707939
2023-02-22 00:00:00+00:00,117.5961967797,118.476306485,116.6387147926,117.8186420898,366054,109.3272420140804,113.42454614812847,,,,,,,,,109.15660477014681,"rgba(0, 255, 255, 0.75)",4.294654491375381,109.15660477014681,1.9651387618030167,3,0.23331958065742084,0.6999587419722625,0.0,0.0,0.0,0.0,59.38688686334757,5.795679314165483,True,False,True,False,True,9.965516064240713
2023-02-23 00:00:00+00:00,117.8669997659,118.8051386826,117.4511237513,118.6697371895,228925,109.37089853593666,113.475300250273,,,,,,,,,109.18967990294968,"rgba(0, 255, 0, 1.0)",4.117029729444807,109.18967990294968,2.1076650967299395,3,0.23300319232209088,0.6990095769662726,0.0,0.0,0.0,0.0,58.77388279944869,5.795679314165483,True,False,True,False,False,10.288422046209305
2023-02-24 00:00:00+00:00,117.5188244979,117.5768537092,115.9713788622,117.0062331311,453594,109.44610711526545,113.55092033716191,,,,,,,,,109.23025584898838,"rgba(0, 255, 0, 1.0)",3.9720364946141378,109.23025584898838,2.0867302352711166,3,0.23359933756067888,0.7007980126820367,0.0,0.0,0.0,0.0,57.775705909457855,5.795679314165483,True,False,True,False,False,9.736444990273817
2023-02-27 00:00:00+00:00,117.6735690615,119.1823285563,117.6445544558,118.3118903862,237980,109.49084902740235,113.60197885227016,,,,,,,,,109.26770450111196,"rgba(0, 255, 0, 1.0)",3.8278672805231984,109.26770450111196,2.195965519274512,3,0.23343440132674786,0.7003032039802436,0.0,0.0,0.0,0.0,57.32843665310841,5.795679314165483,True,False,True,False,False,9.927439221634383
2023-02-28 00:00:00+00:00,117.0545908072,117.2673645821,115.7682766225,116.1261234258,484089,109.56527532532952,113.67008101273193,,,,,,,,,109.30804651346892,"rgba(0, 255, 0, 1.0)",3.70880706164248,109.30804651346892,2.0886889409395284,2,0.2912862065117366,0.5825724130234732,0.0,0.0,0.0,0.0,55.880026995105936,5.795679314165483,True,False,True,False,False,8.924961819658161
2023-03-01 00:00:00+00:00,116.9191893141,118.302218851,116.8805031732,117.131963089,280364,109.61166837337753,113.71660809910844,,,,,,,,,109.34142474130542,"rgba(0, 255, 0, 1.0)",3.547892913934064,109.34142474130542,2.1358492932617885,2,0.2906213239483698,0.5812426478967396,0.0,0.0,0.0,0.0,54.65833776843554,10.61796342327218,False,False,True,False,False,8.704416968140272
2023-03-02 00:00:00+00:00,117.2576930469,117.5333318007,116.5516709756,116.8805031732,292512,109.65792676108066,113.76063944566526,,,,,,,,,109.37291515542775,"rgba(0, 255, 0, 1.0)",3.505972894858641,109.37291515542775,2.248955747214972,1,0.34459207720387375,0.34459207720387375,0.0,0.0,0.0,0.0,54.4546597290053,10.064439589737397,False,False,True,False,False,9.145888394746148
2023-03-03 00:00:00+00:00,117.1899923003,117.5478391036,116.6919082363,117.5478391036,311016,109.70667875621072,113.80661573026389,,,,,,,,,109.40686205512952,"rgba(0, 255, 0, 1.0)",3.4435565778287387,109.40686205512952,2.2602010651667497,1,0.3474533289900681,0.3474533289900681,0.0,0.0,0.0,0.0,54.16816431135464,9.403043103742462,False,False,False,False,False,9.031688680569175
2023-03-06 00:00:00+00:00,117.7606128785,118.0410874,117.0352477367,117.0352477367,244553,109.74695887517844,113.84685872613656,,,,,,,,,109.43820878105059,"rgba(0, 255, 0, 1.0)",3.3590888066927023,109.43820878105059,2.477577871971624,1,0.3507112069214405,0.3507112069214405,0.0,0.0,0.0,0.0,55.0905300838665,9.403043103742462,False,False,True,False,False,9.792812790997779
2023-03-07 00:00:00+00:00,118.0217443295,118.9695547814,117.5091529627,118.0120727943,564695,109.84486726678024,113.94982603852237,,,,,,,,,109.52129027029669,"rgba(0, 255, 0, 1.0)",3.316969542512398,109.52129027029669,2.562716946977072,1,0.35513068831389416,0.35513068831389416,0.0,0.0,0.0,0.0,56.20736987827937,9.403043103742462,False,False,True,False,False,10.142248815285239
2023-03-08 00:00:00+00:00,118.6600656543,119.7916352754,118.1958319635,119.2306862324,280504,109.89677046421156,114.00754473533728,,,,,,,,,109.56885958125716,"rgba(0, 255, 0, 1.0)",3.331405214561304,109.56885958125716,2.7289403382410256,1,0.36100968904776376,0.36100968904776376,0.0,0.0,0.0,0.0,58.142440570102124,9.403043103742462,True,False,True,False,True,10.997751809945616
2023-03-09 00:00:00+00:00,117.4704668218,119.5305038243,117.3737514696,119.0469270632,416756,109.96638393145624,114.0779021238175,,,,,,,,,109.62615960161969,"rgba(0, 255, 0, 1.0)",3.3049146982883935,109.62615960161969,2.3735278929416417,1,0.36565965898359076,0.36565965898359076,0.0,0.0,0.0,0.0,56.33627657210828,9.403043103742462,False,False,True,False,True,8.893380166563762
2023-03-10 00:00:00+00:00,115.8069627634,118.0314158647,115.5796816856,117.6058683149,555608,110.03895133485109,114.13124309712724,,,,,,,,,109.66904747133061,"rgba(0, 255, 255, 0.75)",3.2839624339350446,109.66904747133061,1.8690577056067461,1,0.3760890392174453,0.3760890392174453,0.0,0.0,0.0,0.0,51.84117135785538,6.432510824906338,False,True,False,False,False,6.062933860185716
2023-03-13 00:00:00+00:00,116.7934593562,117.9637151182,114.4819624378,115.1202837625,575539,110.1117533170755,114.1827033894857,116.4130456374,,,,,,,,110.13160167184128,"rgba(0, 255, 0, 1.0)",3.2733982384614047,110.13160167184128,2.0351503847237344,1,0.38181074179227675,0.38181074179227675,0.0,0.0,0.0,0.0,50.91810899741426,5.59448676969545,False,True,False,False,False,7.442200935850202
2023-03-14 00:00:00+00:00,118.7857956122,118.8921824996,116.9675469902,117.0352477367,541816,110.1979569335496,114.26653707780375,117.28691521434577,,,,,,,,110.25380303699094,"rgba(0, 255, 0, 1.0)",3.31498092258139,110.25380303699094,2.5737682280732885,1,0.3862850089651783,0.3862850089651783,0.0,0.0,0.0,0.0,53.60860208223501,5.59448676969545,False,True,False,False,True,10.117451390212878
2023-03-15 00:00:00+00:00,117.4704668218,118.3505765271,116.4550523387,117.044919272,590564,110.28079845911863,114.33653047457963,117.33478844168992,,,,,,,,110.31496444678083,"rgba(0, 255, 0, 1.0)",3.3324110848737614,110.31496444678083,2.1472448004686173,1,0.3939526790426197,0.3939526790426197,0.0,0.0,0.0,0.0,52.966010096749216,5.59448676969545,False,True,False,False,True,7.905786071494983
2023-03-16 00:00:00+00:00,119.7722922049,119.9173652333,117.1996638355,117.4511237513,563488,110.37472633276036,114.4323209516391,117.73873983357781,,,,,,,,110.41818174092576,"rgba(0, 255, 0, 1.0)",3.3959456280362863,110.41818174092576,2.7544935898703637,1,0.40208869747930254,0.40208869747930254,0.0,0.0,0.0,0.0,55.63931228912207,0.6778030650700444,False,False,True,False,True,10.880877649712442
2023-03-17 00:00:00+00:00,120.2461974309,120.642730375,118.9055292182,119.0856132041,620098,110.48716243267035,114.5548251169864,118.20898536681679,,,,,,,,110.54613032053166,"rgba(0, 255, 0, 1.0)",3.4673695947967853,110.54613032053166,2.7975290332257865,1,0.4082468283104335,0.4082468283104335,0.0,0.0,0.0,0.0,57.96498141726565,2.8739604987249905,True,False,True,False,True,11.47266942282618
2023-03-20 00:00:00+00:00,121.6775846439,121.9242087921,119.9076936981,120.2171828252,460467,110.57968235922269,114.66247089903452,118.61572229833766,,,,,,,,110.65679148049998,"rgba(0, 255, 0, 1.0)",3.5381599726939164,110.65679148049998,3.114837443319138,1,0.4135100376954956,0.4135100376954956,0.0,0.0,0.0,0.0,61.03467265732654,5.739322706456505,True,False,True,False,True,13.229783811798846
2023-03-21 00:00:00+00:00,121.6485700382,123.544190942,121.2423655589,122.2288621516,572769,110.70294802191233,114.8109261892288,119.13078431622063,,,,,,,,110.80517409942189,"rgba(0, 255, 0, 1.0)",3.6427331011970785,110.80517409942189,2.9767198522490568,1,0.41590946267364176,0.41590946267364176,0.0,0.0,0.0,0.0,63.02042902454268,7.564797269255614,True,False,True,False,True,13.179336303741742
2023-03-22 00:00:00+00:00,121.551854686,123.4668186602,121.551854686,122.2675482925,379105,110.78341640275136,114.90657312966411,119.40027134906246,,,,,,,,110.89681588384867,"rgba(0, 255, 0, 1.0)",3.7366779227992937,110.89681588384867,2.8514736946258434,1,0.41899117722919943,0.41899117722919943,0.0,0.0,0.0,0.0,64.12447190906605,8.61707509798152,True,False,True,False,True,13.008177123415717
2023-03-23 00:00:00+00:00,122.286891363,122.9638988286,121.377767052,121.7936430666,321376,110.85086776399352,114.98594469527576,119.59546734163611,,,,,,,,110.97110293675969,"rgba(0, 255, 0, 1.0)",3.84662381356174,110.97110293675969,2.941745534446367,1,0.4206561293653911,0.4206561293653911,0.0,0.0,0.0,0.0,65.71373672570898,10.190936469241649,True,False,True,False,True,13.927496913397277
2023-03-24 00:00:00+00:00,122.9445557582,123.0412711104,121.1843363475,122.0354314472,287956,110.91158183970812,115.05735215800662,119.75925503923703,,,,,,,,111.03711525124724,"rgba(0, 255, 0, 1.0)",3.9620425797731684,111.03711525124724,3.0053792374019532,1,0.41954160280601427,0.41954160280601427,0.0,0.0,0.0,0.0,67.4951453191824,11.966608627756095,True,False,True,False,True,14.743339748725777
2023-03-27 00:00:00+00:00,123.370103308,124.0277677032,122.4416359265,123.457147125,396560,111.0005572113886,115.1651292205764,120.02219107212194,,,,,,,,111.13692771848751,"rgba(0, 255, 0, 1.0)",4.052436187788946,111.13692771848751,3.0187213376423427,1,0.4197289144421847,0.4197289144421847,0.0,0.0,0.0,0.0,69.13823101391745,13.622357342859118,True,False,True,False,True,15.270168852595148
2023-03-28 00:00:00+00:00,123.7666362521,124.1631691963,122.9832418991,123.4281325193,327090,111.07509881800672,115.255749598915,120.23198833301363,,,,,,,,111.21992023043856,"rgba(0, 255, 0, 1.0)",4.156222764272172,111.21992023043856,3.0187785239799556,0,,,0.0,0.0,0.0,0.0,70.65791337250168,15.177411982124042,True,False,True,False,True,15.762622805317797
2023-03-29 00:00:00+00:00,124.192183802,124.4920013939,123.3314171671,124.192183802,247432,111.13253789525601,115.3259729023039,120.39065119020887,,,,,,,,111.28381149575758,"rgba(0, 255, 0, 1.0)",4.263502965800652,111.28381149575758,3.027644734807482,0,,,0.0,0.0,0.0,0.0,72.12409861500873,16.698215354627578,True,False,True,False,True,16.292663799545775
2023-03-30 00:00:00+00:00,124.9465635494,125.1303227186,124.3154958761,124.6660890279,257491,111.19541837050097,115.4044264410954,120.57540530858175,,,,,,,,111.35522733969147,"rgba(0, 255, 0, 1.0)",4.380311388665848,111.35522733969147,3.102824206716539,0,,,0.0,0.0,0.0,0.0,73.86268054375401,18.48056369237446,True,False,True,False,True,17.227743904115485
2023-03-31 00:00:00+00:00,125.8460163251,126.0491185648,125.1786803947,125.2463811413,330269,111.28047387347381,115.51256798520994,120.83646941183697,,,,,,,,111.45346691151241,"rgba(0, 255, 0, 1.0)",4.5217835077786175,111.45346691151241,3.182936420735036,0,,,0.0,0.0,0.0,0.0,75.8313911356222,20.465111653709727,True,False,True,False,True,18.32599740803478
2023-04-03 00:00:00+00:00,126.7164544952,126.9098851997,125.2705599794,125.6912717616,297358,111.3593977679248,115.6137043538992,121.0764201468112,,,,,,,,111.54473552784063,"rgba(0, 255, 0, 1.0)",4.687049310212026,111.54473552784063,3.236944602717024,0,,,0.0,0.0,0.0,0.0,77.8345569437181,22.461408469980682,True,False,True,False,True,19.370293195247964
2023-04-04 00:00:00+00:00,126.8228413827,128.6701046103,126.4649945794,128.2058709196,411087,111.47451043653717,115.76349534970444,121.4338304690958,,,,,,,,112.59925644178173,"rgba(0, 255, 0, 1.0)",4.84022813072982,112.59925644178173,2.9386187090263474,0,,,0.0,0.0,0.0,0.0,79.25221773673547,23.905414854638664,True,False,True,False,True,19.497841184447033
2023-04-05 00:00:00+00:00,126.5133522555,127.9060533277,126.3634434596,127.2193743268,322180,111.56137149370551,115.87434829197362,121.66974566091635,,,,,,,,112.68138132033815,"rgba(0, 255, 0, 1.0)",4.939441749802501,112.68138132033815,2.8003105686416703,0,,,0.0,0.0,0.0,0.0,79.05755808576453,23.905414854638664,True,False,True,False,True,18.859027643376436
2023-04-06 00:00:00+00:00,126.445651509,126.5713814669,125.8460163251,126.1651769875,269956,111.63040454636058,115.96027112719221,121.83013468891292,,,,,,,,112.73831146327096,"rgba(0, 255, 0, 1.0)",5.019412360655749,112.73831146327096,2.73086549994834,0,,,0.0,0.0,0.0,0.0,78.66756079682243,23.905414854638664,True,False,True,False,True,18.717612659364235
2023-04-10 00:00:00+00:00,125.8363447899,126.0201039592,125.125486951,125.6429140854,271104,111.69614480934052,116.03999094853661,121.95923772422358,,,,,,,,112.78728341465293,"rgba(0, 255, 0, 1.0)",5.033633119513464,112.78728341465293,2.5923743477967953,0,,,0.0,0.0,0.0,0.0,76.08507799138698,23.905414854638664,True,False,True,False,False,17.438558377108045
2023-04-11 00:00:00+00:00,124.7724759154,126.0974762409,124.7337897745,125.6332425502,303185,111.76654376050715,116.12342270865418,122.07699759362936,,,,,,,,112.83798661435881,"rgba(0, 255, 0, 1.0)",5.009787199511976,112.83798661435881,2.3822347787953486,0,,,0.0,0.0,0.0,0.0,70.89732027312037,26.048739044395177,True,False,True,False,False,15.24417256635845
2023-04-12 00:00:00+00:00,125.9330601421,126.5713814669,125.1545015567,125.4881695219,291360,111.83692355845878,116.20812452525469,122.20548224519338,,,,,,,,112.9018219378468,"rgba(0, 255, 0, 1.0)",5.017868074447162,112.9018219378468,2.596967080623956,0,,,0.0,0.0,0.0,0.0,69.40771612641163,24.710343252918108,True,False,True,False,False,16.782593435394567
2023-04-13 00:00:00+00:00,126.9292282701,127.0839728337,126.3727281334,126.5230237908,218421,111.89261004107205,116.2765383284825,122.31867542042768,,,,,,,,112.96024133530918,"rgba(0, 255, 0, 1.0)",5.03063808735021,112.96024133530918,2.776782327060365,0,,,0.0,0.0,0.0,0.0,69.79980420313379,24.710343252918108,True,False,True,False,False,18.066382235294856
2023-04-14 00:00:00+00:00,125.623571015,126.7744837066,125.3527680288,126.2038631284,220652,111.9451549262688,116.33906222455629,122.40614222956353,,,,,,,,113.00790801246185,"rgba(0, 255, 0, 1.0)",5.0302473086427,113.00790801246185,2.5079607877057235,0,,,0.0,0.0,0.0,0.0,66.4982495195252,21.912685356172574,True,False,True,False,False,15.40025511993257
2023-04-17 00:00:00+00:00,125.6719286911,126.3682792272,124.8982058733,125.884702466,186756,111.98846527619322,116.38987271034165,122.47145780352726,,,,,,,,113.0455345957248,"rgba(0, 255, 0, 1.0)",5.028148889887288,113.0455345957248,2.511141649120545,0,,,0.0,0.0,0.0,0.0,64.37918363076619,19.90412958730721,True,False,True,False,False,15.464712497908888
2023-04-18 00:00:00+00:00,126.0297754944,126.7744837066,125.6525856207,126.0201039592,158095,112.02626626931178,116.43478220770767,122.53321847991117,,,,,,,,113.0810847174493,"rgba(0, 255, 0, 1.0)",4.9939801875608865,113.0810847174493,2.592859861399446,0,,,0.0,0.0,0.0,0.0,63.5980964195064,19.11140539478575,False,False,True,False,False,15.946966775410889
2023-04-19 00:00:00+00:00,125.8653593956,126.2909069454,125.7879871138,125.8653593956,152890,112.06219145048851,116.47706510042406,122.5882776624755,,,,,,,,113.11395051426726,"rgba(0, 255, 0, 1.0)",4.990196840804602,113.11395051426726,2.5552917626545457,0,,,0.0,0.0,0.0,0.0,62.59219012366411,18.028095915074175,False,False,True,False,False,15.602882544408306
2023-04-20 00:00:00+00:00,127.2483889325,127.6497576443,126.0684616353,126.0878047057,226910,112.1190042245972,116.5457119681218,122.69014880313318,,,,,,,,113.17229147717953,"rgba(0, 255, 0, 1.0)",5.002935860897634,113.17229147717953,2.8135674425366157,0,,,0.0,0.0,0.0,0.0,64.26541850062928,18.028095915074175,False,False,True,False,False,17.47108431533198
2023-04-21 00:00:00+00:00,128.3896300889,128.4283162297,127.0743012985,127.4128050313,180479,112.16682730077976,116.6047145028514,122.78549954374989,,,,,,,,113.22524563808729,"rgba(0, 255, 0, 1.0)",5.059109813341427,113.22524563808729,2.9974412515859132,0,,,0.0,0.0,0.0,0.0,66.88531350314746,18.028095915074175,True,False,True,False,True,18.955352726273688
2023-04-24 00:00:00+00:00,128.3606154832,129.1681886743,127.9060533277,128.6314184694,204419,112.22239832316777,116.67380336979905,122.89973614940487,,,,,,,,114.13203766276752,"rgba(0, 255, 0, 1.0)",5.147520938423676,114.13203766276752,2.7641612322979117,0,,,1.0,0.0,129.16818,369.0,68.5385827097191,13.139760483514173,True,False,True,False,True,18.892507778861745
2023-04-25 00:00:00+00:00,126.967914411,128.4089731593,126.5617099317,128.4089731593,232089,112.28054366972201,116.74362720605554,122.99804142719293,,,,,,,,114.15305378400573,"rgba(0, 255, 0, 1.0)",5.139585615045518,114.15305378400573,2.493364560263438,0,,,0.0,0.0,0.0,0.0,65.56714667113108,13.139760483514173,True,False,True,False,False,15.914026373233845
2023-04-26 00:00:00+00:00,125.8073301842,127.1226589746,125.7493009729,126.445651509,265390,112.34171939115673,116.81426221541103,123.07823179673318,,,,,,,,114.17033989141477,"rgba(0, 255, 0, 1.0)",5.138060893307617,114.17033989141477,2.264860330468746,0,,,0.0,0.0,0.0,0.0,60.90524566001398,16.7104918476672,False,False,True,False,False,13.526062348255198
2023-04-27 00:00:00+00:00,127.0162720872,127.267732003,125.8556878604,126.271563875,297069,112.4119426387003,116.89611621768529,123.17656566197105,,,,,,,,114.22362360888948,"rgba(0, 255, 0, 1.0)",5.14323488566139,114.22362360888948,2.487276735887486,0,,,0.0,0.0,0.0,0.0,59.95793963809999,15.893151895074027,False,True,True,False,False,15.195736505389522
2023-04-28 00:00:00+00:00,127.1903597212,127.5385349892,126.5810530021,126.5810530021,260086,112.47452422496617,116.96948029768467,123.2674158348475,,,,,,,,114.28063166454942,"rgba(0, 255, 0, 1.0)",5.134566607565692,114.28063166454942,2.5142780381168537,0,,,0.0,0.0,0.0,0.0,59.61667368583412,15.505711979831602,False,True,True,False,False,15.433464022366916
2023-05-01 00:00:00+00:00,127.8286810459,128.3025862718,126.8034983122,126.9775859463,336672,112.55771649976761,117.06788837979825,123.39470561343788,,,,,,,,114.36513167494816,"rgba(0, 255, 0, 1.0)",5.15139523599468,114.36513167494816,2.613573362974967,0,,,0.0,0.0,0.0,0.0,60.44701610876221,15.505711979831602,False,True,True,False,False,16.306402015447105
2023-05-02 00:00:00+00:00,126.532695326,127.5965642005,120.6620734455,123.7956508578,823752,112.72153106973946,117.24131336280927,123.49671133628127,,,,,,,,114.43692502940718,"rgba(0, 255, 0, 1.0)",5.131626858461201,114.43692502940718,2.357102460918198,0,,,0.0,0.0,0.0,0.0,57.95340743502602,13.675904642759598,False,True,True,False,False,13.615935059540785
2023-05-03 00:00:00+00:00,120.5943726989,124.6854320983,120.5073288819,124.6854320983,731780,112.82856839230261,117.33140142076219,123.40936456269125,,,,,,,,114.41691638470947,"rgba(38, 166, 154, 1.0)",5.074066200751519,114.41691638470947,1.2174567831368843,0,,,0.0,0.0,0.0,0.0,48.77148180700206,5.072343284181116,False,True,False,True,False,2.8854302529869216
2023-05-04 00:00:00+00:00,115.1976560443,120.6717449807,114.9316888257,120.1688251491,1045930,112.89566258507642,117.32076931833264,122.9317011400274,116.9336966169,,,,,,,114.3654756239979,#000000,5.0548128706143665,114.3654756239979,0.16463130121787573,0,,,0.0,-1.0,114.93169,457.0,39.62339499261213,-3.0867850384830504,False,True,False,True,False,0.0
2023-05-05 00:00:00+00:00,115.8263058338,116.1454664962,114.965539199,115.0912691569,574270,112.92012174882497,117.29653906185098,122.64810910353692,116.47719906992994,,,,,,,114.24437721391105,#000000,5.0077525579322915,114.24437721391105,0.31589592368799796,0,,,0.0,0.0,0.0,0.0,34.49114397512152,-7.30706673995391,False,True,False,True,False,0.0
2023-05-08 00:00:00+00:00,117.3737514696,117.5091529627,116.4646271586,116.9675469902,752116,112.96843182798526,117.29317930576543,122.37976793068094,116.6796741903022,,,,,,,114.18886343241172,"rgba(38, 166, 154, 0.5)",4.941981067948737,114.18886343241172,0.6444557341273307,0,,,0.0,0.0,0.0,0.0,33.36141652095238,-7.937165694732016,False,True,False,True,False,0.0
2023-05-09 00:00:00+00:00,119.3370731199,119.5014892187,117.4607952866,117.5188244979,606885,113.02180414545766,117.31495633422388,122.24367415409263,117.10476617966722,,,,,,,114.20074736766037,"rgba(38, 166, 154, 1.0)",4.88233120792132,114.20074736766037,1.0520232105323408,0,,,0.0,0.0,0.0,0.0,35.18962406392093,-7.937165694732016,False,True,False,True,False,1.0264472839359335
2023-05-10 00:00:00+00:00,121.3584239815,121.6195554326,119.5256680567,119.9270367685,545272,113.08589109323424,117.36108647187582,122.1975492912879,117.68180173181356,,,,,,,114.2597109542568,"rgba(38, 166, 154, 1.0)",4.80942794506663,114.2597109542568,1.4759994553042102,0,,,0.0,0.0,0.0,0.0,38.71025330482675,-7.937165694732016,False,True,False,True,True,3.728906140207428
2023-05-11 00:00:00+00:00,118.8825109644,121.2326940236,118.6407225838,121.2326940236,278892,113.11304579147316,117.37589772453232,122.1545352014193,117.82138155184026,,,,,,,114.2717103627135,"rgba(38, 166, 154, 0.5)",4.749701638743809,114.2717103627135,0.9707558394985726,0,,,0.0,0.0,0.0,0.0,39.04346420107246,-7.937165694732016,False,True,False,True,True,0.29100554911743615
2023-05-12 00:00:00+00:00,119.5788615005,119.9512156066,119.0082409223,119.2210146972,379864,113.14925838333544,117.3951048966086,122.09658555571238,117.97497070466099,,,,,,,114.28618959668897,"rgba(38, 166, 154, 1.0)",4.680300730006215,114.28618959668897,1.1308401338142213,0,,,0.0,0.0,0.0,0.0,40.05440799783968,-7.937165694732016,False,True,False,True,True,1.2156816271332147
2023-05-15 00:00:00+00:00,119.5982045709,119.9947375151,118.824481753,119.4628030778,423939,113.18893891570191,117.41573676189586,122.03387935994559,118.11276691903765,,,,,,,114.30115246248869,"rgba(38, 166, 154, 1.0)",4.6190345608451215,114.30115246248869,1.1467877190860707,0,,,0.0,0.0,0.0,0.0,40.751499085364564,-7.937165694732016,False,True,False,True,True,1.2415577908062083
2023-05-16 00:00:00+00:00,120.6910880511,120.9425479669,119.0565985984,119.2790439085,379064,113.22822705860129,117.44050932576027,121.99614435611272,118.27372944253814,,,,,,,114.32513620937233,"rgba(38, 166, 154, 1.0)",4.5465042222340735,114.32513620937233,1.4001860617649544,0,,,0.0,0.0,0.0,0.0,42.552463823393424,-15.673808705161349,False,True,False,True,True,2.703319397221396
2023-05-17 00:00:00+00:00,119.9270367685,121.2864234698,119.7231287633,121.0339659395,610661,113.29133681326248,117.48066101279542,121.94124375396912,118.49614073936401,,,,,,,114.36381233281257,"rgba(38, 166, 154, 1.0)",4.466984968324112,114.36381233281257,1.2454092581767962,0,,,0.0,0.0,0.0,0.0,42.9747908598258,-14.833041190798049,False,True,False,True,True,1.6200663708978205
2023-05-18 00:00:00+00:00,121.9661168204,122.1894446356,119.7037089533,119.7037089533,353977,113.33241212693451,117.51125792179494,121.92909827737277,118.66211578335921,,,,,,,114.39729306921247,"rgba(0, 255, 255, 0.75)",4.408501274759831,114.39729306921247,1.716870038015329,0,,,0.0,0.0,0.0,0.0,45.67791204891322,-11.847712211942998,False,True,False,True,True,4.303994644249059
2023-05-19 00:00:00+00:00,122.2477040657,123.3157936167,122.0632158705,122.3448031158,536206,113.40353331043546,117.57179033592239,121.94585444189129,118.982837281517,,,,,,,114.46809830958739,"rgba(0, 255, 255, 0.75)",4.37213596877962,114.46809830958739,1.7793604342739853,0,,,0.0,0.0,0.0,0.0,47.79410436149779,-9.502846508600285,False,True,False,False,True,4.666495034660709
2023-05-22 00:00:00+00:00,122.4516120709,122.9176875113,121.6748196702,122.2671238757,255060,113.43626905717026,117.59897065708441,121.95101554974501,119.11014538414432,,,,,,,114.49876659959251,"rgba(0, 255, 255, 0.75)",4.345375598482591,114.49876659959251,1.8301859738165382,0,,,0.0,0.0,0.0,0.0,49.44657667577208,-7.626586174986301,False,True,False,False,True,4.931973141905164
2023-05-23 00:00:00+00:00,120.8786074594,122.2574139707,120.6212949767,121.8495979603,408642,113.48183301006677,117.63197962060988,121.93694234270903,119.23256997444321,,,,,,,114.5322999890163,"rgba(38, 166, 154, 1.0)",4.297095983443596,114.5322999890163,1.4768828750476082,0,,,0.0,0.0,0.0,0.0,48.54949480761455,-7.626586174986301,False,True,False,False,True,2.625540718078046
2023-05-24 00:00:00+00:00,119.4803811381,120.2086240138,118.4802609221,120.2086240138,362454,113.51222312392261,117.645954030017,121.8922268535409,119.24015292556355,,,,,,,114.7830392875949,"rgba(38, 166, 154, 1.0)",4.221686406647036,114.7830392875949,1.1126695348828237,0,,,0.0,0.0,0.0,0.0,46.392531611768675,-7.626586174986301,False,True,False,True,True,0.6457195601428936
2023-05-25 00:00:00+00:00,119.6066099032,120.0629754386,119.0725651277,119.6357396182,244060,113.53317005935541,117.65625605901818,121.86522254144455,119.25086775038245,,,,,,,114.79370207714274,"rgba(38, 166, 154, 1.0)",4.129226077302333,114.79370207714274,1.1655714015062066,0,,,0.0,0.0,0.0,0.0,45.14444937554521,-7.626586174986301,False,True,False,True,False,0.8200057207169777
2023-05-26 00:00:00+00:00,120.6941192642,120.8786074594,119.6454495232,119.7037089533,201264,113.55267811270853,117.66827768602725,121.8512990899986,119.28008138676728,,,,,,,114.81580723756603,"rgba(38, 166, 154, 1.0)",4.012254878185556,114.81580723756603,1.4650893836765142,0,,,0.0,0.0,0.0,0.0,45.942369491908366,-7.626586174986301,False,True,False,True,False,2.317737213898244
2023-05-30 00:00:00+00:00,121.3641027099,122.1991545406,120.7717985043,121.2767135648,289394,113.58475815872494,117.69187055919821,121.84580021196562,119.35604206008927,,,,,,,114.86203279904517,"rgba(0, 255, 255, 0.75)",3.8123189092503242,114.86203279904517,1.7055419721256824,0,,,0.0,0.0,0.0,0.0,47.42954175888573,-7.626586174986301,False,True,False,False,False,3.2287048378129803
2023-05-31 00:00:00+00:00,123.4905719069,123.8109987722,120.7790809331,121.3738126149,593085,113.66000956263699,117.75509459903418,121.86868047755053,119.57993283930979,,,,,,,114.97273072937887,"rgba(0, 255, 0, 1.0)",3.7637457711153064,114.97273072937887,2.263128727474346,0,,,0.0,0.0,0.0,0.0,51.068834195192096,-4.796797468500529,False,True,False,False,True,6.028418616823043
2023-06-01 00:00:00+00:00,120.3542725889,124.3644633577,120.0532655336,123.5099917169,553018,113.72063468872182,117.79977632565073,121.86185572673934,119.6983026497203,,,,,,,115.7882929306116,"rgba(38, 166, 154, 1.0)",3.7445247260059893,115.7882929306116,1.219374952067307,0,,,0.0,0.0,0.0,0.0,49.48359336854972,-4.796797468500529,False,True,False,False,True,1.5352111905596963
2023-06-02 00:00:00+00:00,119.9367466735,121.3155531848,118.7424283574,120.9174470794,460589,113.76034978931578,117.82090151130194,121.8245168325633,119.71232133305568,,,,,,,115.75658246319617,"rgba(38, 166, 154, 1.0)",3.741427694528512,115.75658246319617,1.117264464690024,0,,,0.0,0.0,0.0,0.0,47.97416283658684,-4.796797468500529,False,True,False,False,False,0.9629938230097999
2023-06-05 00:00:00+00:00,120.0047160086,121.2378739447,119.3444424679,119.4609613281,431370,113.79825534393181,117.84208262448234,121.7945150915427,119.73259209867447,,,,,,,115.75699382379275,"rgba(38, 166, 154, 1.0)",3.7446574060566626,115.75699382379275,1.13434200360677,0,,,0.0,0.0,0.0,0.0,47.0637005138492,-4.796797468500529,False,True,False,False,False,1.0548298467700512
2023-06-06 00:00:00+00:00,119.8105179084,120.8300579344,118.8880769325,120.1600744887,342083,113.82635878523436,117.85613503222925,121.76641875246904,119.7361420361644,,,,,,,115.75369217486327,"rgba(38, 166, 154, 1.0)",3.740718853983833,115.75369217486327,1.0845043137139916,0,,,0.0,0.0,0.0,0.0,46.21318842662798,-4.796797468500529,False,True,False,True,False,0.7807802451638111
2023-06-07 00:00:00+00:00,119.8008080034,121.4320720449,119.1211146527,119.8105179084,406413,113.86092067622603,117.87485220955098,121.7386988962385,119.75020621762093,,,,,,,115.76087692231197,"rgba(38, 166, 154, 1.0)",3.7304454238528972,115.76087692231197,1.082962119015666,0,,,0.0,0.0,0.0,0.0,45.63301382082724,-4.796797468500529,False,True,False,True,False,0.7668510654335599
2023-06-08 00:00:00+00:00,119.373572183,120.3736923989,118.4511312071,119.9561664835,377845,113.88906320025485,117.8864921648891,121.70269036272536,119.73859373805612,,,,,,,116.37346727969927,"rgba(38, 166, 154, 0.5)",3.7105148667977557,116.37346727969927,0.8085414048993882,0,,,0.0,0.0,0.0,0.0,44.63575507052093,-0.3580443771212316,False,True,False,True,False,0.14669222407641413
2023-06-09 00:00:00+00:00,119.2085037978,120.3154329689,118.7812679774,119.1890839878,378043,113.9171157838644,117.8982315922249,121.66829560180174,119.72886160634276,,,,,,,116.37006795664556,"rgba(38, 166, 154, 0.5)",3.6908068925245807,116.37006795664556,0.7690556357482324,0,,,0.0,0.0,0.0,0.0,43.726427246977686,-1.4822630161093286,False,True,False,True,False,0.0
2023-06-12 00:00:00+00:00,120.6261499292,120.7329588843,118.6938788323,119.4706712331,360439,113.94639520841756,117.913440447159,121.64476531770674,119.73742851740907,,,,,,,116.38759496381692,"rgba(38, 166, 154, 1.0)",3.6651354364298347,116.38759496381692,1.1564524801058376,0,,,0.0,0.0,0.0,0.0,45.826979774906796,-1.4822630161093286,False,True,False,True,False,1.9637614031334074
2023-06-13 00:00:00+00:00,121.1310649896,122.0729257755,120.0629754386,120.499921164,371616,113.9815649047662,117.93676199234282,121.63671518617224,119.77753739079648,,,,,,,116.43235177850684,"rgba(38, 166, 154, 1.0)",3.6317348893599055,116.43235177850684,1.2937930091921752,0,,,0.0,0.0,0.0,0.0,48.09221092476574,-1.4822630161093286,False,True,False,False,True,2.684299233605369
2023-06-14 00:00:00+00:00,123.0244964664,123.3157936167,120.9368668895,120.9368668895,483133,114.03527672059407,117.9792170451536,121.65129835644353,119.875912359655,,,,,,,116.52152906659076,"rgba(0, 255, 255, 0.75)",3.601101284943697,116.52152906659076,1.805827408131596,0,,,0.0,0.0,0.0,0.0,52.388068300575796,-2.4974422684166058,False,False,True,False,True,5.314950000251493
2023-06-15 00:00:00+00:00,124.655760508,124.9373477532,122.686397574,123.3449233317,363221,114.08314557227679,118.02238218397451,121.68476455978296,119.99049223669982,,,,,,,116.61446764888339,"rgba(0, 255, 0, 1.0)",3.569233468773867,116.61446764888339,2.252946726367839,0,,,0.0,0.0,0.0,0.0,57.11486659672158,1.8202507571349003,False,False,True,False,True,7.47442164173324
2023-06-16 00:00:00+00:00,126.0248571143,126.2287651195,124.6072109829,125.2577746185,460328,114.15231730813018,118.08976238290161,121.75195431832277,120.17788994996621,,,,,,,116.75562627297916,"rgba(0, 255, 0, 1.0)",3.5482520343030584,116.75562627297916,2.612337216102377,0,,,0.0,0.0,0.0,0.0,61.567503337587254,5.76480621611536,True,False,True,False,True,9.220180764224562
2023-06-20 00:00:00+00:00,126.5977415098,127.330839338,125.2092250935,125.2092250935,508044,114.2326918740727,118.17010973464622,121.83753143422912,120.39763845685893,,,,,,,116.91039964369998,"rgba(0, 255, 0, 1.0)",3.538488937800486,116.91039964369998,2.7377058502609453,0,,,0.0,0.0,0.0,0.0,65.03801126847071,8.754456960379137,True,False,True,False,True,9.938384522437534
2023-06-21 00:00:00+00:00,125.723850059,126.9667179002,124.2964940226,126.821069325,798665,114.34959665017213,118.28255744529022,121.9455894575627,120.67543892771594,,,,,,,117.09277465914768,"rgba(0, 255, 0, 1.0)",3.510216133437527,117.09277465914768,2.458844433433783,0,,,0.0,0.0,0.0,0.0,65.45988909239784,8.981792872384545,True,False,True,False,True,8.518985087529007
2023-06-22 00:00:00+00:00,126.8696188501,127.3162744805,125.2742814571,125.4131330987,363753,114.4058746037817,118.33825761892172,122.00327932784582,120.81182137621929,,,,,,,117.1806335129208,"rgba(0, 255, 0, 1.0)",3.50588381677795,117.1806335129208,2.763635603328054,0,,,0.0,0.0,0.0,0.0,66.88799614747128,10.335739573478818,True,False,True,False,True,9.972799961793719
2023-06-23 00:00:00+00:00,129.5835633858,130.0782311802,126.266379353,127.0811263084,356369,114.47025611857175,118.4063442400613,122.08489778572597,120.9878239935998,,,,,,,117.2943171291186,"rgba(0, 255, 0, 1.0)",3.560113356100661,117.2943171291186,3.4519255505228177,0,,,0.0,0.0,0.0,0.0,69.95932677166142,13.281632860222928,True,False,True,False,True,13.237292616406442
2023-06-26 00:00:00+00:00,131.106364243,131.2615541392,129.4574715951,129.5447659117,392613,114.55025962103792,118.49452752520281,122.1987916646256,121.22028669295618,,,,,,,117.44347396571837,"rgba(0, 255, 0, 1.0)",3.6601301445728485,117.44347396571837,3.732897393700777,0,,,0.0,0.0,0.0,0.0,72.9214359308773,16.095281824928804,True,False,True,False,True,14.962955719769901
2023-06-27 00:00:00+00:00,133.977377324,134.0452729036,131.2421554022,132.0278042521,433035,114.65107039757031,118.60993341229687,122.35694942727335,121.52836552373999,,,,,,,118.88116041530216,"rgba(0, 255, 0, 1.0)",3.8266502889061753,118.88116041530216,3.9450213029560643,0,,,0.0,0.0,0.0,0.0,76.252232096114,19.235029677595747,True,False,True,False,True,18.02545862412885
2023-06-28 00:00:00+00:00,130.9026775041,133.8124880592,130.7474876078,133.5409057407,726152,114.8062274811383,118.78282694850542,122.58196329861826,121.9577103356319,,,,,,,119.10330779724276,"rgba(0, 255, 0, 1.0)",3.838077315268488,119.10330779724276,3.074291823126507,0,,,0.0,0.0,0.0,0.0,73.36793640725111,19.235029677595747,True,False,True,False,True,13.113645328681262
2023-06-29 00:00:00+00:00,129.9715381265,130.9026775041,128.7348686406,130.825082556,465059,114.8929047608999,118.87497988164364,122.6912701051656,122.16358377616494,,,,,,,119.19167998772409,"rgba(0, 255, 0, 1.0)",3.84057553800703,119.19167998772409,2.8068340362262103,0,,,0.0,0.0,0.0,0.0,70.13899402174437,19.235029677595747,True,False,True,False,False,11.699024216798694
2023-06-30 00:00:00+00:00,130.8832787671,131.4943389836,129.7872501247,130.2722185505,485723,114.98746410723976,118.97693810619886,122.81512680558923,122.39000891374594,,,,,,,119.31748470441578,"rgba(0, 255, 0, 1.0)",3.897087846267325,119.31748470441578,2.9678042987309277,0,,,0.0,0.0,0.0,0.0,68.6977563960481,26.13479199007736,True,False,True,False,False,12.698395221490532
2023-07-03 00:00:00+00:00,129.1858892766,130.8056838189,126.9744332547,130.1655254968,241843,115.02898618904531,119.01965738556098,122.862174869331,122.4758049526813,,,,,,,119.35619151137969,"rgba(0, 255, 0, 1.0)",3.88375174100394,119.35619151137969,2.530979944325522,0,,,0.0,0.0,0.0,0.0,65.38049095691392,22.92129077904619,True,False,True,False,False,10.144762709289775
2023-07-05 00:00:00+00:00,129.6708577024,130.000636232,128.555430323,128.9046075896,513854,115.1190293031177,119.11300180788804,122.96649464761735,122.66219146217054,,,,,,,119.45236415656238,"rgba(0, 255, 0, 1.0)",3.9153644145041153,119.45236415656238,2.6098448226132263,0,,,0.0,0.0,0.0,0.0,63.61803819974799,21.16830091498973,True,False,True,False,False,10.690704555635516
2023-07-06 00:00:00+00:00,130.0879305487,130.7668863449,128.6330252711,129.3410791729,366484,115.18443147167282,119.18123357234593,123.04361084286319,122.7970233675784,,,,,,,119.5280951872285,"rgba(0, 255, 0, 1.0)",3.95710822883825,119.5280951872285,2.668573804606733,0,,,0.0,0.0,0.0,0.0,62.84169150083039,20.253491707995693,True,False,True,False,False,11.162279883679144
2023-07-07 00:00:00+00:00,125.9075027179,129.7969494932,125.8299077698,129.399275384,418226,115.24497711567376,119.23892022418036,123.09595779485099,122.88910301204656,,,,,,,119.563633201666,"rgba(0, 255, 255, 0.75)",3.9537431297978265,119.563633201666,1.6045224254511445,0,,,0.0,0.0,0.0,0.0,57.25052777298635,14.826220432219856,True,False,True,False,False,5.150973490675405
2023-07-10 00:00:00+00:00,127.2460155732,127.4400029436,125.985097666,126.0917907197,318663,115.28959795337845,119.28074545672429,123.13221240833391,122.95216961687898,,,,,,,119.58870537259108,"rgba(0, 255, 255, 0.75)",3.9605552706399876,119.58870537259108,1.9333930919670188,0,,,0.0,0.0,0.0,0.0,54.96904619452142,12.638240614251217,False,False,True,False,False,6.70765388434701
2023-07-11 00:00:00+00:00,126.3439743012,127.3090614686,125.2673443958,127.0035313603,393396,115.34146641688523,119.32784134890527,123.16922167631029,123.01619828142363,,,,,,,120.42928242805083,"rgba(38, 166, 154, 1.0)",3.957083014046329,120.42928242805083,1.4947100811769658,0,,,0.0,0.0,0.0,0.0,52.50260778943347,10.229237342717198,False,False,False,False,False,5.474338078173783
2023-07-12 00:00:00+00:00,126.8386420955,127.3527086269,125.5583254513,127.110224414,312582,115.38336304197524,119.36627922759155,123.20055580978187,123.06948685450713,,,,,,,120.45696334317184,"rgba(0, 255, 255, 0.75)",3.9623691084240686,120.45696334317184,1.6105714984403159,0,,,0.0,0.0,0.0,0.0,51.43206341626916,9.073161911360039,False,False,False,False,False,6.056662510715082
2023-07-13 00:00:00+00:00,126.9453351492,128.4875347434,125.8784046123,127.391506101,317802,115.42760529180525,119.40773243865483,123.23664138624356,123.12984538706618,,,,,,,120.49646751050959,"rgba(0, 255, 255, 0.75)",3.9714385377310326,120.49646751050959,1.6238115175199945,0,,,0.0,0.0,0.0,0.0,50.849005284649614,8.267042653211227,False,False,False,False,False,6.183517858798243
2023-07-14 00:00:00+00:00,128.7203195878,129.5253671747,127.110224414,127.5660947343,600765,115.51988611795478,119.49841054367953,123.32622277594628,123.27622954881141,,,,,,,120.61471983378487,"rgba(0, 255, 0, 1.0)",4.002328536783021,120.61471983378487,2.0252209881126375,0,,,0.0,0.0,0.0,0.0,52.53856158710928,8.267042653211227,False,False,False,False,False,8.26792911226497
2023-07-17 00:00:00+00:00,128.6524240082,129.3798766469,128.274148636,129.0791962229,222420,115.55454920281896,119.5326943736416,123.36061483437366,123.33159707082307,,,,,,,120.65673204511563,"rgba(0, 255, 255, 0.75)",4.031903936185701,120.65673204511563,1.9831057707809692,0,,,0.0,0.0,0.0,0.0,53.56825729968874,8.267042653211227,False,False,False,False,False,8.169601286706076
2023-07-18 00:00:00+00:00,127.7794808417,128.6912214822,126.8580408325,128.1286581083,267297,115.59285591279875,119.56916971729433,123.39389457086382,123.3847964383036,,,,,,,120.6887123610521,"rgba(0, 255, 255, 0.75)",4.050129513050505,120.6887123610521,1.7507510458121707,0,,,0.0,0.0,0.0,0.0,52.98750514954562,8.267042653211227,False,False,False,False,False,6.90076663049204
2023-07-19 00:00:00+00:00,128.7009208508,129.0791962229,127.4788004176,128.3808416897,324115,115.64142038273975,119.61640129173459,123.43940819830938,123.45682453479724,,,,,,,120.7379714355407,"rgba(0, 255, 255, 0.75)",4.078941550134604,120.7379714355407,1.952209738086717,0,,,0.0,0.0,0.0,0.0,53.78088471051626,8.267042653211227,False,False,True,False,False,8.001695462288286
2023-07-20 00:00:00+00:00,128.1383574768,129.1907389609,127.8570757898,128.293547373,371296,115.69649960978299,119.66974519892676,123.49029552293024,123.53645483251293,,,,,,,120.79138946177075,"rgba(0, 255, 255, 0.75)",4.097402848364629,120.79138946177075,1.7930792472508768,0,,,0.0,0.0,0.0,0.0,53.44145589107144,8.267042653211227,False,False,False,False,False,7.174077000674739
2023-07-21 00:00:00+00:00,127.6824871565,128.9628038007,127.6436896824,128.9628038007,295523,115.73897514484163,119.71030234996519,123.52763282583301,123.59423290262943,,,,,,,120.82813455658822,"rgba(0, 255, 255, 0.75)",4.105747944033991,120.82813455658822,1.6694528483833864,0,,,0.0,0.0,0.0,0.0,52.50724980757444,8.023471530316051,False,False,False,False,False,6.502097874797254
2023-07-24 00:00:00+00:00,127.6339903139,128.3808416897,126.9744332547,128.2353511619,339007,115.78564790293261,119.75397016411706,123.56573387866526,123.65252810394871,,,,,,,120.86259928859329,"rgba(0, 255, 255, 0.75)",4.112787562607713,120.86259928859329,1.6464237265426156,0,,,0.0,0.0,0.0,0.0,51.805311252547504,6.9815754714750256,False,False,False,False,False,6.429812497292936
2023-07-25 00:00:00+00:00,130.3110160246,130.6989907652,127.7843305259,127.8861738953,521074,115.8682506094743,119.83635756253739,123.64996758090557,123.78063888918754,,,,,,,120.95867554280255,"rgba(0, 255, 0, 1.0)",4.159836349722474,120.95867554280255,2.2482472134802616,0,,,0.0,0.0,0.0,0.0,55.00082426367491,6.9815754714750256,False,False,True,False,True,9.692372979097328
2023-07-26 00:00:00+00:00,128.6233259026,129.8357469672,128.1674555823,129.5350665432,1123558,116.03384307715432,119.99658589703755,123.80270365840519,124.00684139446194,,,,,,,121.11691934039288,"rgba(0, 255, 255, 0.75)",4.1801223435095345,121.11691934039288,1.7957384845116513,0,,,0.0,0.0,0.0,0.0,54.40540866463904,6.9815754714750256,False,False,True,False,True,7.177083080881587
2023-07-27 00:00:00+00:00,128.5457309545,129.5447659117,128.1868543194,129.0597974859,377317,116.08801572144586,120.04843896698007,123.85088141575856,124.07665647759143,,,,,,,121.16560285150226,"rgba(0, 255, 255, 0.75)",4.20194961146474,121.16560285150226,1.7563580683741522,0,,,0.0,0.0,0.0,0.0,53.88977202728708,6.9815754714750256,False,False,True,False,True,7.0627414376808915
2023-07-28 00:00:00+00:00,130.0103356005,130.8832787671,129.2828829618,129.2828829618,456309,116.15957355756856,120.11956879698553,123.92300952312316,124.18108312991767,,,,,,,121.24439511879591,"rgba(0, 255, 0, 1.0)",4.246285906099136,121.24439511879591,2.0643783003667235,0,,,0.0,0.0,0.0,0.0,55.4628296390498,6.9815754714750256,False,False,True,False,True,8.835857963538988
2023-07-31 00:00:00+00:00,131.1645604541,131.2227566652,129.3313798044,130.1073292857,398093,116.22369285931327,120.18397043119124,123.9897387641219,124.27696529304511,,,,,,,121.31790775729851,"rgba(0, 255, 0, 1.0)",4.307996259008084,121.31790775729851,2.285668813247459,0,,,0.0,0.0,0.0,0.0,57.8309788047822,3.3241841491336004,False,False,True,False,True,10.195971620838314
2023-08-01 00:00:00+00:00,131.0772661374,131.7610716178,129.9424400209,129.9424400209,548084,116.31319804366758,120.27432713365904,124.08427294341863,124.41152568752436,,,,,,,121.4217759267178,"rgba(0, 255, 0, 1.0)",4.361344793274116,121.4217759267178,2.2138791286514388,0,,,0.0,0.0,0.0,0.0,59.245126500343495,4.766274009730836,True,False,True,False,True,10.061027920343015
2023-08-02 00:00:00+00:00,132.8037537334,134.6756348635,131.0287692948,131.0287692948,762866,116.45201972397302,120.41968293411288,124.2471810481741,124.64229725843687,,,,,132.83605263056666,,122.63869432494619,"rgba(0, 255, 0, 1.0)",4.455118351361409,122.63869432494619,2.281658669145687,0,,,0.0,1.0,134.67563,473.0,62.04065904860893,7.47266236276613,True,False,True,False,True,12.072551352749496
2023-08-03 00:00:00+00:00,127.1393225195,128.9240063266,126.7125503048,128.0316644231,749511,116.54322386522264,120.5003061893724,124.3072531252432,124.71960181399251,,,,,130.237160076815,,122.55332645168023,"rgba(38, 166, 154, 1.0)",4.4613214639101395,122.55332645168023,1.0279456669774145,0,,,0.0,0.0,0.0,0.0,56.10549802415666,11.103108356340222,False,False,True,False,False,3.891371136224784
2023-08-04 00:00:00+00:00,127.4206042065,129.2537848562,127.0617275714,127.6533890509,342823,116.58563848295455,120.53821915386605,124.33662445380484,124.7574174970472,,,,,129.80750018853885,,122.55559330080791,"rgba(38, 166, 154, 1.0)",4.468457126973188,122.55559330080791,1.0887451233055725,0,,,0.0,0.0,0.0,0.0,52.49346126098138,7.951594957494422,False,True,False,False,False,4.228311717268284
2023-08-07 00:00:00+00:00,126.5088635659,128.2644492675,126.5088635659,128.1189587397,333805,116.62367370002083,120.5707100344039,124.35832847994737,124.78406055937003,,,,,129.39372301453557,,122.5499470490311,"rgba(38, 166, 154, 0.5)",4.470681902682235,122.5499470490311,0.8855285620955723,0,,,0.0,0.0,0.0,0.0,49.14949990962716,5.0544901190787215,False,True,False,False,False,3.0057759964733783
2023-08-08 00:00:00+00:00,126.5185629345,127.2023684149,124.6950816533,126.2081831419,327054,116.65729746550196,120.59761622596385,124.37195324196249,124.79902664541015,,,,,128.97060981199635,,122.53470575528124,"rgba(38, 166, 154, 0.5)",4.4666199916078035,122.53470575528124,0.8919176439240203,0,,,0.0,0.0,0.0,0.0,46.93410306197174,3.1699991924504616,False,True,False,True,False,3.017833354168829
2023-08-09 00:00:00+00:00,127.1587212566,127.5127482074,125.8881039809,126.3730724067,299850,116.6902237554856,120.62520853385125,124.38924112610081,124.8196251962973,,,,,128.74513804202462,,122.5352912968383,"rgba(38, 166, 154, 1.0)",4.456388739989337,122.5352912968383,1.037483538694331,0,,,0.0,0.0,0.0,0.0,46.41587588780412,2.751534057663484,False,True,False,True,False,3.8206682707169293
2023-08-10 00:00:00+00:00,127.391506101,130.0491330746,127.090825677,129.0113006433,252837,116.72141818886871,120.65319216140595,124.41136524963584,124.84777667202457,,,,,128.6983413567274,,122.55242166232935,"rgba(38, 166, 154, 1.0)",4.4479738472028405,122.55242166232935,1.087930056448908,0,,,0.0,0.0,0.0,0.0,46.42754389518383,2.657463088287521,False,True,False,True,False,4.11402959488105
2023-08-11 00:00:00+00:00,128.1480568453,128.2644492675,126.5961578826,126.7222496733,151759,116.7392345820878,120.66876278859863,124.42274771347404,124.86190653020097,,,,,128.64986211526383,,122.55947905872816,"rgba(38, 166, 154, 1.0)",4.457076066649139,122.55947905872816,1.2538663695666694,0,,,0.0,0.0,0.0,0.0,47.60506480923159,2.657463088287521,False,True,False,True,False,5.069837837842499
2023-08-14 00:00:00+00:00,129.0597974859,130.2722185505,127.8667751583,127.8667751583,256585,116.77305831475302,120.70015301895401,124.4500140037256,124.89720289674096,,,,,128.68058965142743,,122.58682806839049,"rgba(38, 166, 154, 1.0)",4.480555923381049,122.58682806839049,1.4446799745833705,0,,,0.0,0.0,0.0,0.0,49.72329724665988,2.657463088287521,False,True,False,False,True,6.210455497984537
2023-08-15 00:00:00+00:00,127.410904838,129.0306993803,126.5573604085,128.7979145359,266240,116.80398464713578,120.72706831853299,124.46949183718962,124.92111662026655,,,,,128.60845100979472,,122.59960119103778,"rgba(38, 166, 154, 1.0)",4.48310586318039,122.59960119103778,1.0732076809689692,0,,,0.0,0.0,0.0,0.0,48.66781014229467,2.657463088287521,False,True,False,False,True,3.837426807228546
2023-08-16 00:00:00+00:00,126.6155566196,127.7741303403,126.4597820017,127.2581269185,390119,116.8460165677922,120.76209991327967,124.49130806828576,124.94646717850735,,,,,128.45190805848537,,122.60822226160799,"rgba(38, 166, 154, 0.5)",4.479927802614708,122.60822226160799,0.8945086917814007,0,,,0.0,0.0,0.0,0.0,46.91113069950674,2.636363114719323,False,True,False,True,True,2.719635689880594
2023-08-17 00:00:00+00:00,123.6363670521,127.1899755232,123.5779515704,126.3721587791,327014,116.87354730445244,120.7810718368641,124.49357784662243,124.94496373407628,,,,,128.18427732599932,,122.59028579267283,#000000,4.471131168778293,122.59028579267283,0.23396344681898548,0,,,0.0,0.0,0.0,0.0,42.5792861160961,-1.5742867301642036,False,True,False,True,False,0.0
2023-08-18 00:00:00+00:00,123.178779112,123.7337261883,122.4972651586,122.5362088131,239766,116.88939846579939,120.78915565637433,124.4863347897781,124.93132314036706,,,,,127.92678694356704,,122.56407812679461,#000000,4.472464494654317,122.56407812679461,0.13744122193482042,0,,,0.0,0.0,0.0,0.0,39.28890958531427,-4.6687029581187005,False,True,False,True,False,0.0
2023-08-21 00:00:00+00:00,123.9771240288,124.2984091782,123.0035326668,123.4513846933,379425,116.91680494242242,120.80520105954265,124.48024847529257,124.91750268716721,,,,,127.61552533408062,,122.53446825276049,#000000,4.444764422456683,122.53446825276049,0.32457418187354453,0,,,0.0,0.0,0.0,0.0,38.52986637159494,-5.396253123080413,False,True,False,True,False,0.0
2023-08-22 00:00:00+00:00,122.8088143945,124.1036909058,122.5556806404,123.9771240288,207958,116.93041663690354,120.812140253891,124.47419728119822,124.90618782948131,,,,,127.44013782831443,,122.5152394175345,#000000,4.302307831501898,122.5152394175345,0.06823662751789134,0,,,0.0,0.0,0.0,0.0,36.87225710209085,-7.06257701696984,False,True,False,True,False,0.0
2023-08-23 00:00:00+00:00,124.2205218693,124.6975816366,123.2858741618,123.2858741618,240847,116.94840533524389,120.82323277525336,124.47205877711308,124.89999808263129,,,,,127.29323051247377,,122.50170391898754,#000000,4.164470613098109,122.50170391898754,0.4127338406246458,0,,,0.0,0.0,0.0,0.0,38.211687851391886,-7.06257701696984,False,True,False,True,False,0.0
2023-08-24 00:00:00+00:00,122.8574939626,124.3470887463,122.6140961221,124.2886732646,240145,116.96425852532907,120.83152614294394,124.46579692353518,124.8881051332356,,,,,127.12586524256425,,122.4827414040653,#000000,4.071900252225485,122.4827414040653,0.09203382581139831,0,,,0.0,0.0,0.0,0.0,37.67450615167046,-7.06257701696984,False,True,False,True,False,0.0
2023-08-25 00:00:00+00:00,123.4124410389,124.1134268195,122.4680574178,123.305345989,176959,116.97599742080939,120.83774691477483,124.46144826852813,124.8797650171402,,,,,127.0129270767743,,122.99018902144621,#000000,4.018135437598957,122.99018902144621,0.10508655669060862,0,,,0.0,0.0,0.0,0.0,38.26488881609979,-7.06257701696984,False,True,False,True,False,0.0
2023-08-28 00:00:00+00:00,123.2858741618,124.1402005819,123.1106277167,123.2469305073,155085,116.98654159884389,120.8435670573899,124.4582702260827,124.87337443798964,,,,,126.92393571683826,,122.98381388696119,#000000,3.9983704056275577,122.98381388696119,0.07554584598107018,0,,,0.0,0.0,0.0,0.0,38.51207480157184,-7.06257701696984,False,True,False,True,False,0.0
2023-08-29 00:00:00+00:00,124.9993949588,125.2525287129,122.5070010723,122.7406629991,186718,117.00062734828096,120.85247653132811,124.45744600482647,124.86990344029158,,,,,126.84461530522871,,122.99101429439808,"rgba(38, 166, 154, 0.5)",3.92584261400262,122.99101429439808,0.5115795160097499,0,,,0.0,0.0,0.0,0.0,41.56863893881962,-7.06257701696984,False,True,False,True,True,0.7403869198317032
2023-08-30 00:00:00+00:00,125.6614370849,126.6447643605,125.2038491448,125.5543420351,271875,117.0254973680717,120.8713696173444,124.465461964101,124.87771558087408,,,,,126.80283738437289,,123.03017448360352,"rgba(38, 166, 154, 0.5)",3.8651033267431703,123.03017448360352,0.6807741938204922,0,,,0.0,0.0,0.0,0.0,44.60045383839382,-10.658435218960705,False,True,False,True,True,1.6190214431527323
2023-08-31 00:00:00+00:00,125.3888315036,126.1677045931,124.7073175502,125.9243067527,359923,117.05666502675449,120.8940879529734,124.47275998904986,124.88346886917957,,,,,126.73097138420611,,123.04485482518685,"rgba(38, 166, 154, 0.5)",3.80214600515314,123.04485482518685,0.6164878137862955,0,,,0.0,0.0,0.0,0.0,46.196603436491365,-9.077347718251275,False,True,False,True,True,1.2400019703043483
2023-09-01 00:00:00+00:00,125.4861906398,125.8950990118,123.9819919856,125.8950990118,198481,117.07314048678028,120.90569498681815,124.47547837642817,124.88484777775334,,,,,126.68607871295072,,123.04572196453748,"rgba(38, 166, 154, 0.5)",3.7582672107106543,123.04572196453748,0.6493600743202749,0,,,0.0,0.0,0.0,0.0,47.42588322319328,-7.814469060440082,False,True,False,False,True,1.372735145234472
2023-09-05 00:00:00+00:00,124.3178810055,126.2747996429,124.3081450918,125.6322293441,149188,117.08524364449335,120.91406001282216,124.47702239427704,124.88520429476472,,,,,126.65078485373428,,123.04458424996206,#000000,3.7011988806168605,123.04458424996206,0.34402278737470265,0,,,0.0,0.0,0.0,0.0,46.342294794323436,-7.814469060440082,False,True,False,False,True,0.0
2023-09-06 00:00:00+00:00,123.5682156568,124.9215076499,123.0716840622,124.5807506732,208204,117.09969589831479,120.9224860965156,124.47430183905647,124.87899092766636,,,,,126.57287983158183,,123.0293212475606,#000000,3.6837118496911176,123.0293212475606,0.14629114090033696,0,,,0.0,0.0,0.0,0.0,44.51927689336152,-7.814469060440082,False,True,False,True,False,0.0
2023-09-07 00:00:00+00:00,125.0188667861,125.0675463541,123.7531980155,123.7531980155,261130,117.11976317041201,120.93570625214845,124.47505818547225,124.87699781484082,,,,,126.50673205796323,,123.02332481398716,"rgba(38, 166, 154, 0.5)",3.661836119044201,123.02332481398716,0.5449566575998807,0,,,0.0,0.0,0.0,0.0,46.00921727915872,-7.814469060440082,False,True,False,True,False,0.7274069528284208
2023-09-08 00:00:00+00:00,125.2427927993,125.5446061215,124.6683738958,125.1162259222,266696,117.14161333458573,120.95107443927171,124.47880158852628,124.87908740251757,,,,,126.46158298853246,,123.02511296157722,"rgba(38, 166, 154, 0.5)",3.641501572463749,123.02511296157722,0.6090014774378794,0,,,0.0,0.0,0.0,0.0,47.389786712318035,-7.615668187732645,False,True,False,False,True,1.0390482240306689
2023-09-11 00:00:00+00:00,125.6030216032,125.6955127826,124.507731321,125.1649054903,295477,117.16603416129756,120.96844072643576,124.48361241484405,124.8823413011582,,,,,126.41911025712433,,123.0284008326418,"rgba(38, 166, 154, 0.5)",3.595182457520979,123.0284008326418,0.71613076693012,0,,,0.0,0.0,0.0,0.0,48.953921788908325,-6.000938567817698,False,True,False,False,True,1.5449843010970454
2023-09-12 00:00:00+00:00,124.7073175502,125.3498878491,124.0842190786,125.301208281,164752,117.17865887083248,120.97682151735098,124.48439143761719,124.88156024115818,,,,,126.38591294209802,,123.02580839005263,#000000,3.518960640972792,123.02580839005263,0.4778425596947085,0,,,0.0,0.0,0.0,0.0,48.3333028341805,-6.000938567817698,False,True,False,False,True,0.23912341922324032
2023-09-13 00:00:00+00:00,125.4472469853,125.8074757892,124.2895494968,124.7365252911,222375,117.19668566360949,120.98948231546228,124.4875608736696,124.88342434558533,,,,,126.355074276959,,123.02722666594718,"rgba(38, 166, 154, 0.5)",3.4400408595303835,123.02722666594718,0.7034859230373165,0,,,0.0,0.0,0.0,0.0,49.33204583570296,-5.366654989219626,False,True,False,False,True,1.2989950629546243
2023-09-14 00:00:00+00:00,126.7810671512,127.297070573,125.3693596763,126.0703454569,203785,117.21581452081972,121.00459830386836,124.49583912623383,124.89248238234109,,,,,126.35799547599692,,123.04000410043386,"rgba(38, 166, 154, 1.0)",3.3834309164410925,123.04000410043386,1.1057010304502481,0,,,0.0,0.0,0.0,0.0,52.221267326833605,-2.4938577184695987,False,False,True,False,True,3.1720615314956184
2023-09-15 00:00:00+00:00,126.4695179153,127.0731445597,126.0314018025,126.6350284469,318870,117.24572407972497,121.02826552038717,124.5089276174587,124.90682238462679,,,,,126.36376790979224,,123.05922860395893,"rgba(38, 166, 154, 1.0)",3.3373716596487384,123.05922860395893,1.0218488257013636,0,,,0.0,0.0,0.0,0.0,53.48980381123715,-1.2114626206611305,False,False,True,False,True,2.701396493252968
2023-09-18 00:00:00+00:00,126.7908030648,127.4577131477,126.2261200749,126.2261200749,217069,117.26663029105232,121.04513469345088,124.51905390670274,124.91822567419479,,,,,126.37438762791564,,123.07417659715915,"rgba(38, 166, 154, 1.0)",3.322967587113523,123.07417659715915,1.1184660608950678,0,,,0.0,0.0,0.0,0.0,54.88005409198473,0.20314824133029674,True,False,True,False,True,3.156578688574754
2023-09-19 00:00:00+00:00,124.9215076499,127.5209965862,124.7559971183,126.5474052243,388115,117.2995387893163,121.06940011805317,124.52846936520442,124.92679384213086,,,,,126.34901425529067,,123.58987368676114,#000000,3.254831765986708,123.58987368676114,0.4091252816979831,0,,,0.0,0.0,0.0,0.0,52.11476337231254,0.20314824133029674,False,False,True,False,False,0.3404982339026894
2023-09-20 00:00:00+00:00,124.9020358226,126.2261200749,124.8241485137,124.9020358226,194319,117.31511243332493,121.08038124625139,124.53152169118903,124.92884024339878,,,,,126.32898397963115,,123.58338011792655,#000000,3.173142731767805,123.58338011792655,0.4155677245374978,0,,,0.0,0.0,0.0,0.0,50.23713244401148,0.20314824133029674,False,False,False,False,False,0.31165497007642173
2023-09-21 00:00:00+00:00,122.0299413049,124.3324848759,121.3971069197,124.1621063875,465810,117.33954290157159,121.08965663257051,124.51364943499136,124.8997910047519,,,,,126.16253607375909,,123.47245897531243,#000000,3.1265583148389777,123.47245897531243,-0.4613755846376146,0,,,0.0,0.0,0.0,0.0,44.914741567618634,0.12371161840943756,False,True,False,True,False,0.0
2023-09-22 00:00:00+00:00,122.2149236637,123.0814199758,121.4068428333,121.8254871189,185714,117.34857065446961,121.09246043141498,124.50532992346673,124.88667679154685,,,,,126.09409621048306,,123.43853611650493,#000000,3.0699731088996263,123.43853611650493,-0.39857432277102567,1,0.3672819982142591,0.3672819982142591,0.0,0.0,0.0,0.0,41.766847343060434,-2.652274347040546,False,True,False,True,False,0.0
2023-09-25 00:00:00+00:00,122.5362088131,122.8078408031,121.6989202419,121.7183920691,199605,117.3584606792105,121.09575605070063,124.49689818522567,124.87332059139878,,,,,126.02522937045842,,123.40878245103522,#000000,3.005797452472243,123.40878245103522,-0.29029688518018204,1,0.3669597367283154,0.3669597367283154,0.0,0.0,0.0,0.0,40.39385248917344,-3.807607736220106,False,True,False,True,False,0.0
2023-09-26 00:00:00+00:00,120.4916669531,122.2733391454,120.4527232986,121.9033744279,198274,117.36574524947893,121.09569575390466,124.48365727662056,124.85356380327607,,,,,125.93641867901059,,123.36629041118192,"rgba(239, 83, 80, 0.5)",2.972762453437019,123.36629041118192,-0.9669872729852242,1,0.36685368330940493,0.36685368330940493,0.0,0.0,0.0,0.0,37.08126054838458,-6.854067102968806,False,True,False,True,False,0.0
2023-09-27 00:00:00+00:00,120.1898536309,121.3240875675,119.1578467872,120.7350647935,299660,117.37419251718356,121.09228187847515,124.45890828599349,124.8174761316639,,,,,125.7856877124855,,123.2950353182393,"rgba(239, 83, 80, 1.0)",2.9423471787647353,123.2950353182393,-1.0553417046600608,1,0.37575865994302227,0.37575865994302227,0.0,0.0,0.0,0.0,34.567431877612634,-9.142058884444268,False,True,False,True,False,0.0
2023-09-28 00:00:00+00:00,120.365100076,121.2802759562,119.4304523685,120.2774768534,361377,117.38479169425706,121.0888333382969,124.43037902304538,124.77595158232927,,,,,125.6183203822006,,123.22322390754857,"rgba(239, 83, 80, 0.5)",2.9495219117064293,123.22322390754857,-0.9690125780062493,1,0.384001396360913,0.384001396360913,0.0,0.0,0.0,0.0,33.33436349734079,-10.290276760958214,False,True,False,True,False,0.0
2023-09-29 00:00:00+00:00,119.0896953919,121.0855576838,118.8755052922,121.0855576838,248180,117.39038490374587,121.08431173513809,124.40780487779516,124.74358942133703,,,,,125.49523395462542,,123.17023053851582,"rgba(239, 83, 80, 1.0)",3.0084302457573204,123.17023053851582,-1.3563668801596647,1,0.3872113478908906,0.3872113478908906,0.0,0.0,0.0,0.0,31.16294321712234,-12.398914716373838,False,True,False,True,False,0.0
2023-10-02 00:00:00+00:00,118.4179173521,118.9631285148,117.8532343622,118.3887096113,209422,117.39247694026822,121.07707407935354,124.38383773630318,124.70981384086006,,,,,125.37339216362817,,123.11536866802525,"rgba(255, 0, 0, 1.0)",3.1242751768456127,123.11536866802525,-1.5035331557023652,1,0.38564608524867905,0.38564608524867905,0.0,0.0,0.0,0.0,29.084013901243598,-14.43983836555249,False,True,False,True,False,0.0
2023-10-03 00:00:00+00:00,117.8532343622,118.729466588,117.6877238307,117.7753470533,174546,117.39366631587346,121.07034816059213,124.36294110727113,124.68051513841634,,,,,125.27045772403669,,123.17476240833642,"rgba(255, 0, 0, 1.0)",3.2708063863641925,123.17476240833642,-1.6269773925847681,1,0.3805483709457802,0.3805483709457802,0.0,0.0,0.0,0.0,27.188796682564217,-16.3306209845003,False,True,False,True,False,0.0
2023-10-04 00:00:00+00:00,119.4012446277,119.8393607406,118.1063681163,118.2037272525,199047,117.39700753960398,121.06534163855382,124.34314820687052,124.65256878321009,,,,,125.17283487975213,,123.16141705928173,"rgba(239, 83, 80, 1.0)",3.366523240693116,123.16141705928173,-1.1169304836902223,1,0.38135274378451933,0.38135274378451933,0.0,0.0,0.0,0.0,29.90851770535826,-16.3306209845003,False,True,False,True,False,0.0
2023-10-05 00:00:00+00:00,120.6961211391,121.2023886473,119.4791319366,119.4791319366,245258,117.40431118169548,121.06343476705528,124.3251801739403,124.6267805705329,,,,,125.08247952190499,,123.16449966753369,"rgba(239, 83, 80, 0.5)",3.425968092788148,123.16449966753369,-0.7204908106499188,1,0.38280192901075416,0.38280192901075416,0.0,0.0,0.0,0.0,34.42670301282622,-22.333223296147075,False,True,False,True,True,0.0
2023-10-06 00:00:00+00:00,121.7573357236,122.2928109726,119.6349065546,119.6349065546,259518,117.41393787350606,121.06398193655177,124.31009433672389,124.60480879046878,,,,,125.00585833715782,,123.16722368871505,#000000,3.462881166457798,123.16722368871505,-0.4071430399551492,1,0.3853354157702984,0.3853354157702984,0.0,0.0,0.0,0.0,39.3545578573383,-17.78771753442814,False,True,False,True,True,0.0
2023-10-09 00:00:00+00:00,123.2664023346,123.9089726334,121.1439731656,121.1439731656,245129,117.42665088974799,121.06932146239798,124.30305464906779,124.59369089142906,,,,,124.96470463424123,,123.19142178532881,#000000,3.4768318827279994,123.19142178532881,0.02156576786000857,1,0.38749165887058956,0.38749165887058956,0.0,0.0,0.0,0.0,44.96247466779008,-12.714250782571284,False,False,False,True,True,0.0
2023-10-10 00:00:00+00:00,123.5779515704,124.3178810055,122.8282862217,123.2858741618,256495,117.4418737311217,121.07748480119703,124.29958062673848,124.58725998215807,,,,,124.93840361817146,,123.2203900764946,#000000,3.463204572793893,123.2203900764946,0.10324584828581174,1,0.3908835960735819,0.3908835960735819,0.0,0.0,0.0,0.0,49.14244195227077,-9.04051760553375,True,False,False,False,True,0.0
2023-10-11 00:00:00+00:00,124.3470887463,124.6995288193,123.5847667099,124.0452754241,164091,117.45257843055383,121.08400186624576,124.29930951557473,124.58574478232374,,,,,124.92969728214595,,123.24118720137771,#000000,3.4150326631907384,123.24118720137771,0.3238333726181764,1,0.3921828570694494,0.3921828570694494,0.0,0.0,0.0,0.0,53.00328926690588,-5.6256545984591995,True,False,True,False,True,0.8862981997961903
2023-10-12 00:00:00+00:00,123.1593072848,124.9507153907,122.1857159228,124.6586379821,188056,117.46339638747028,121.08958585917632,124.2962959212349,124.58045169816609,,,,,124.9094448191844,,123.60998715447754,#000000,3.2942094082926583,123.60998715447754,-0.13680972088265764,1,0.3928096263963751,0.3928096263963751,0.0,0.0,0.0,0.0,53.26729715017461,-5.453665811675322,True,False,True,False,True,0.0
2023-10-13 00:00:00+00:00,123.305345989,124.5710147596,122.8672298762,123.5682156568,340277,117.48335883046467,121.10026223744902,124.29182849919366,124.57222552472439,,,,,124.87772320484481,,123.62880050999475,#000000,3.2493061617497343,123.62880050999475,-0.0995457198839538,2,0.25812623547567193,0.5162524709513439,0.0,0.0,0.0,0.0,53.67739223072432,-4.899398500345633,True,False,True,False,True,0.0
2023-10-16 00:00:00+00:00,123.8310853245,124.4444478825,123.0424763213,123.6461029657,273093,117.49978603239265,121.10942092919248,124.28923851673494,124.56697759053078,,,,,124.85694098190173,,123.64346153357823,#000000,3.2154238144576035,123.64346153357823,0.05835118533306368,2,0.259696860274434,0.519393720548868,0.0,0.0,0.0,0.0,54.81186816457824,-3.5210984359637223,True,False,True,False,True,0.13560508696945206
2023-10-17 00:00:00+00:00,123.1300995439,124.3081450918,122.896437617,123.0522122349,340335,117.51907482179077,121.11935325045746,124.28402151851152,124.55787378533371,,,,,124.82460450221392,,123.64454696154107,#000000,3.1655791097164556,123.64454696154107,-0.1625128925263678,2,0.2624804036466909,0.5249608072933818,0.0,0.0,0.0,0.0,54.10568625158601,-3.5210984359637223,True,False,True,False,True,0.0
2023-10-18 00:00:00+00:00,120.9200471523,123.0570801918,120.7350647935,122.8672298762,347452,117.53245093159747,121.12130454323747,124.26701346240912,124.53333463211476,,,,,124.75026906713944,,123.58992402006558,"rgba(239, 83, 80, 0.5)",3.1771695872358374,123.58992402006558,-0.8403318722713805,3,0.2236503967884438,0.6709511903653315,0.0,0.0,0.0,0.0,49.93816979212807,-3.5210984359637223,True,False,False,False,False,0.0
2023-10-19 00:00:00+00:00,119.3330932324,121.387371006,119.0020721693,121.387371006,381394,117.5410268397859,121.11557196420497,124.23722170365664,124.49199440236266,,,,,124.63179850751322,,123.49485017959573,"rgba(239, 83, 80, 1.0)",3.210240515319407,123.49485017959573,-1.2964003560903434,3,0.2224382911588635,0.6673148734765905,0.0,0.0,0.0,0.0,45.183064102737845,3.16146880061558,False,False,False,True,False,0.0
2023-10-20 00:00:00+00:00,118.6321074518,119.8393607406,118.5639560564,119.1481108736,325757,117.54554889607168,121.10711967884298,124.20689869045071,124.45048019985771,,,,,124.51677350167859,,123.40652594422454,"rgba(239, 83, 80, 1.0)",3.2463356870034983,123.40652594422454,-1.470710041336338,3,0.22006581280711868,0.660197438421356,0.0,0.0,0.0,0.0,41.2427644490977,-0.6029804027999077,False,True,False,True,False,0.0
2023-10-23 00:00:00+00:00,119.9367198768,120.8324239297,118.4373891794,118.4373891794,318470,117.55211179625105,121.10175332058327,124.18167480921353,124.41581844636362,,,,,124.42298061011982,,123.34513146024032,"rgba(239, 83, 80, 1.0)",3.2974918940590445,123.34513146024032,-1.0336375927355943,3,0.21809335224623724,0.6542800567387117,0.0,0.0,0.0,0.0,41.216587684416254,-0.7313644896602938,False,True,False,True,False,0.0
2023-10-24 00:00:00+00:00,119.7030579499,120.7934802753,119.3525650596,120.0146071857,355047,117.56009546945238,121.09675011057034,124.15522594005884,124.37951279323333,,,,,124.32724464249688,,123.2878150199268,"rgba(239, 83, 80, 1.0)",3.341462207977713,123.2878150199268,-1.0728108974173698,3,0.21756241968061754,0.6526872590418527,0.0,0.0,0.0,0.0,40.88976321745269,-1.3255988866101376,False,True,False,True,False,0.0
2023-10-25 00:00:00+00:00,118.5639560564,119.9951353585,118.3838416545,119.3623009732,295206,117.56401852652999,121.08913774775216,124.1284774167216,124.3432689821007,,,,,124.23377320486522,,123.22761798900156,"rgba(239, 83, 80, 1.0)",3.4146123512040436,123.22761798900156,-1.365795426516594,3,0.2162882410109371,0.6488647230328113,0.0,0.0,0.0,0.0,39.2251866895376,-3.2534019856877023,False,True,False,True,False,0.0
2023-10-26 00:00:00+00:00,116.8893789139,118.7684102424,116.6849247279,118.57369197,339616,117.56364981952443,121.07412681014037,124.0889793646476,124.29041743962945,,,,,124.09996909427271,,123.13538969369706,"rgba(255, 0, 0, 1.0)",3.5239803195230346,123.13538969369706,-1.7724306646078116,3,0.21310759020413758,0.6393227706124127,0.0,0.0,0.0,0.0,36.338353217608955,-6.291390323951084,False,True,False,True,False,0.0
2023-10-27 00:00:00+00:00,114.7669497449,117.3080231995,114.3580413729,117.0743612727,331426,117.55722411754158,121.0517041298524,124.03958136120981,124.22499106113304,115.47767143909999,,,,123.93719436451474,,122.91459587868368,"rgba(255, 26, 202, 1.0)",3.691950614483146,122.91459587868368,-2.2068675842578434,3,0.2074494209695373,0.6223482629086119,0.0,0.0,0.0,0.0,32.666050842243735,-9.96736550461388,False,True,False,True,False,0.0
2023-10-30 00:00:00+00:00,117.2982872859,117.4540619038,115.4095200438,115.4095200438,478424,117.55352047839614,121.02679878219182,123.979473056394,124.14542046388904,116.21195296630795,,,,123.74574916644893,,122.8259023694329,"rgba(239, 83, 80, 1.0)",3.7488699782745543,122.8259023694329,-1.4744750059528657,3,0.20524344228987398,0.6157303268696219,0.0,0.0,0.0,0.0,34.790923811559836,-9.96736550461388,False,True,False,True,False,0.0
2023-10-31 00:00:00+00:00,116.7141324687,117.3859105085,115.7697488477,117.3859105085,442829,117.5497241816905,121.00348485647807,123.92397554642207,124.07231288190452,116.35735368579982,,,,123.57504936093149,,122.72454222331746,"rgba(255, 0, 0, 1.0)",3.814661291310166,122.72454222331746,-1.5756077134054407,3,0.20280742138479826,0.6084222641543948,0.0,0.0,0.0,0.0,35.62766959711725,-9.96736550461388,False,True,False,True,False,0.0
2023-11-01 00:00:00+00:00,119.0118080829,122.0980927002,116.6751888143,119.7420016044,819210,117.56255182793973,120.98659073453169,123.85980177987733,123.98734771663742,117.50570994591703,,,,123.39192959722254,,122.69099642013444,"rgba(239, 83, 80, 0.5)",3.836089315388324,122.69099642013444,-0.9590987161001476,3,0.20265841466932566,0.607975244007977,0.0,0.0,0.0,0.0,39.56335138816124,-9.96736550461388,False,True,False,True,True,0.0
2023-11-02 00:00:00+00:00,123.5682156568,124.3568246599,119.5375474184,120.774008448,558982,117.58760382066242,120.99645900243046,123.84703320799294,123.96948782468758,118.56419868043068,,,,123.36646824024815,,122.7580896677966,#000000,3.7972029794546027,122.7580896677966,0.21334808631161706,3,0.20375165630741035,0.6112549689222311,0.0,0.0,0.0,0.0,46.75435097421548,-10.861705879756684,True,False,False,False,True,1.2021036287442612
2023-11-03 00:00:00+00:00,124.0842190786,124.4736556234,123.2956100754,124.1134268195,365999,117.60872781538681,121.00912409329054,123.84766375187857,123.96934604227236,119.22209276287077,,,,123.37705098854984,,122.81911015295418,#000000,3.7656519517063636,122.81911015295418,0.33596013170376754,4,0.20515887370411323,0.8206354948164529,0.0,0.0,0.0,0.0,51.95576899846448,-6.169457862467013,True,False,True,False,True,1.8700853050827995
2023-11-06 00:00:00+00:00,125.4472469853,125.8561553573,123.79214167,123.79214167,339928,117.63154345730413,121.02507540026355,123.85428647861907,123.97692616969633,119.81394713334048,,,,123.40440884788332,,122.88654318901501,"rgba(38, 166, 154, 0.5)",3.744147396876396,122.88654318901501,0.6839217383432297,4,0.20540145361631285,0.8216058144652514,0.0,0.0,0.0,0.0,56.47396438336028,-2.155668296119515,True,False,True,False,True,3.6117846265087366
2023-11-07 00:00:00+00:00,125.0188667861,126.8784262873,124.8241485137,125.4083033308,616206,117.67554995683385,121.05753890499808,123.87154425682073,123.99731440211303,120.7118122601216,,,,123.46753258947473,,123.00586115740313,"rgba(38, 166, 154, 0.5)",3.7207883050527397,123.00586115740313,0.5410158986909471,4,0.20540901886519158,0.8216360754607663,0.0,0.0,0.0,0.0,58.87176836434157,-0.06825111311521681,True,False,True,False,True,3.0159032369751095
2023-11-08 00:00:00+00:00,125.9437785799,126.3818946928,124.3130130486,124.8825639954,499519,117.71074359283664,121.08335822594218,123.88505924999657,124.01318111443189,121.25417507385205,,,,123.51543356013504,,123.08708345624113,"rgba(38, 166, 154, 0.5)",3.6517109958423832,123.08708345624113,0.7822894875611258,4,0.2054198955887952,0.8216795823551808,0.0,0.0,0.0,0.0,61.22881275430067,2.125160397903734,True,False,True,False,True,4.198293232445977
2023-11-09 00:00:00+00:00,128.2317182804,128.5627393435,125.6133416716,126.3916306064,446998,117.74963514765956,121.11606003273927,123.91075755311256,124.0445742466343,121.82119650448475,,,,123.59531773040658,,123.1894383881258,"rgba(38, 166, 154, 1.0)",3.644971157194652,123.1894383881258,1.3833524806695574,4,0.2048882328110515,0.819552931244206,0.0,0.0,0.0,0.0,64.45315074961759,5.2200488486912775,True,False,True,False,True,7.01695510169036
2023-11-10 00:00:00+00:00,127.4625811045,129.0738748085,126.2650637293,128.5140597754,288056,117.77487014467955,121.13738864020436,123.92772738356916,124.06526804713343,122.14211028248393,,,,123.6467953796155,,123.2519741202452,"rgba(38, 166, 154, 1.0)",3.6279329759217607,123.2519741202452,1.1606077102857741,4,0.20452137043545426,0.818085481741817,0.0,0.0,0.0,0.0,65.39519603705341,6.25016989794333,True,False,True,False,True,5.9119982140775065
2023-11-13 00:00:00+00:00,129.4487074829,129.7699926323,126.7908030648,126.7908030648,486702,117.8218233162858,121.17901849707049,123.96429329946356,124.11010254213546,122.70201514091592,,,,123.75355775524801,,123.37140738206651,"rgba(0, 255, 255, 0.75)",3.615423761041039,123.37140738206651,1.6809371466551342,4,0.20345518416368757,0.8138207366547503,0.0,0.0,0.0,0.0,67.40551561955033,8.408155075913172,True,False,True,False,True,8.28048819391282
2023-11-14 00:00:00+00:00,130.2859960541,131.541928911,129.8576158549,130.7046403398,551162,117.8836977331678,121.23737767468891,124.0214054231079,124.18046715076079,123.39787598258911,,,,123.91357852649863,,123.53606200369624,"rgba(0, 255, 255, 0.75)",3.5924470804143307,123.53606200369624,1.8789237250574213,4,0.20300611513022931,0.8120244605209173,0.0,0.0,0.0,0.0,69.27442231736649,10.473791783090768,True,False,True,False,True,9.250118326924564
2023-11-15 00:00:00+00:00,130.3444115358,131.2140908691,129.8362842849,130.8134520751,562995,117.94580466931433,121.29563313516913,124.07788230794255,124.24970746016007,123.98397791465764,,,,124.06717842645298,,123.68808206522166,"rgba(0, 255, 255, 0.75)",3.573178302962725,123.68808206522166,1.86285959059451,4,0.2035726834812781,0.8142907339251124,0.0,0.0,0.0,0.0,70.5585195266577,12.031960912949707,True,False,True,False,True,9.318074019982841
2023-11-16 00:00:00+00:00,133.6081519551,134.018562427,130.2173797231,130.2173797231,720508,118.03789489162094,121.38635254399411,124.17257862290649,124.36601550925975,124.81212404179824,,,,124.31617600689718,,123.92172071676904,"rgba(0, 255, 0, 1.0)",3.60185921126943,123.92172071676904,2.689286468506106,4,0.20399913075804138,0.8159965230321655,0.0,0.0,0.0,0.0,73.26694297873793,14.941858983687169,True,False,True,False,True,12.972957346429698
2023-11-17 00:00:00+00:00,134.223767663,135.1618487416,133.6765537004,133.6765537004,497152,118.10826809996323,121.45767200047176,124.24991555856158,124.4609290795705,125.4046464029739,,,,124.5139660853206,,124.10101374401356,"rgba(0, 255, 0, 1.0)",3.7805235624478555,124.10101374401356,2.677606355780002,4,0.20077687121713253,0.8031074848685301,0.0,0.0,0.0,0.0,75.36487699851276,17.236130431299685,True,False,True,False,True,13.63023685486322
2023-11-20 00:00:00+00:00,135.718834382,136.3735368014,133.8035855132,134.0771924944,539489,118.18835111274251,121.53978670977409,124.34024245094443,124.57154660671885,126.0292621912205,,,,124.73974065805965,,124.30121778972887,"rgba(0, 255, 0, 1.0)",4.001687646358477,124.30121778972887,2.853200349772711,4,0.1953854338429573,0.7815417353718292,0.0,0.0,0.0,0.0,77.43813581567653,19.498761632120804,True,False,True,False,True,15.200566723619136
2023-11-21 00:00:00+00:00,135.3572822996,136.7839472733,134.3312561199,135.513629146,542039,118.26896001986262,121.6224528483317,124.43108668726411,124.6823867107316,126.59360529952687,,,,124.9612172338585,,124.49400365856582,"rgba(0, 255, 0, 1.0)",4.203471909768108,124.49400365856582,2.5843585669717193,4,0.1913667867840704,0.7654671471362816,0.0,0.0,0.0,0.0,78.12235821472156,20.478012269439546,True,False,True,False,True,14.634592943136681
2023-11-22 00:00:00+00:00,135.2986522322,135.9924413632,135.0543602846,135.3377389438,1033855,118.4202718577245,121.77696649761702,124.59966865616244,124.88687204880702,127.49808391048482,,,,125.35770448592599,,124.8317664532578,"rgba(0, 255, 0, 1.0)",4.390713930939539,124.8317664532578,2.383868761111126,4,0.18683324344418456,0.7473329737767382,0.0,0.0,0.0,0.0,78.45775531135035,21.202683271963863,True,False,True,False,True,14.541624519742612
2023-11-24 00:00:00+00:00,135.621117603,136.0901581423,134.9371001498,134.9371001498,166698,118.4445632799512,121.80173904803557,124.62661739612054,124.91942641064418,127.62853929274321,,,,125.4194559422877,,124.8836520309491,"rgba(0, 255, 0, 1.0)",4.573087302321896,124.8836520309491,2.3479686396100847,4,0.18252176529943487,0.7300870611977395,0.0,0.0,0.0,0.0,78.86802171651509,22.05061969021972,True,False,True,False,True,14.89151506801375
2023-11-27 00:00:00+00:00,138.0249503669,138.210612247,135.1423053858,135.3865973333,474383,118.51965205800926,121.87977915730879,124.7135509316435,125.0245694380407,128.04715837870336,,,,125.61788242025459,,125.04968481657886,"rgba(0, 255, 0, 1.0)",4.827998572582181,125.04968481657886,2.687504015433357,3,0.20213429530566265,0.606402885916988,0.0,0.0,0.0,0.0,80.36250940513457,23.91387652572017,True,False,True,False,True,17.426042028582504
2023-11-28 00:00:00+00:00,137.0282392209,139.1193782919,136.6764588164,138.2496989586,402637,118.58455138326119,121.94747021446706,124.789222432407,125.11589854705652,128.3919403679682,,,,125.78793295086084,,125.19095960618725,"rgba(0, 255, 0, 1.0)",5.025021470463217,125.19095960618725,2.355667470137507,3,0.19586387691722448,0.5875916307516734,0.0,0.0,0.0,0.0,79.24724585091545,23.91387652572017,True,False,True,False,True,15.806042561019034
2023-11-29 00:00:00+00:00,135.8654095505,137.2236727789,135.4012548502,137.2236727789,455930,118.65196979228446,122.01641489817322,124.86430834719259,125.20595295320176,128.6968387171671,,,,125.9519271356135,,125.32596491735,"rgba(0, 255, 0, 1.0)",5.166843237737992,125.32596491735,2.0398227986038324,3,0.19139381418405732,0.574181442552172,0.0,0.0,0.0,0.0,76.22233161028055,23.91387652572017,True,False,True,False,False,13.95000313234869
2023-11-30 00:00:00+00:00,136.715545528,136.9989241872,135.6308892809,136.2953633782,385341,118.70946911556392,122.07532941593206,124.92858176602496,125.2828779078556,128.94562252260098,,,,126.09029915728999,,125.4393303838903,"rgba(0, 255, 0, 1.0)",5.342753675231493,125.4393303838903,2.1105624233408316,3,0.18649675150213718,0.5594902545064115,0.0,0.0,0.0,0.0,74.8688854846429,23.91387652572017,True,False,True,False,False,14.866924473512373
2023-12-01 00:00:00+00:00,137.7806584193,137.8686035204,136.5982853932,136.5982853932,258115,118.74986595958265,122.11716220691946,124.97481899456793,125.33823249475628,129.12388317246214,,,,126.18943072019226,,125.52040775566711,"rgba(0, 255, 0, 1.0)",5.546435235378824,125.52040775566711,2.210473960901758,3,0.18119453677527944,0.5435836103258384,0.0,0.0,0.0,0.0,74.74776554267677,23.91387652572017,True,False,True,False,False,15.999797168201994
2023-12-04 00:00:00+00:00,138.1519821796,138.3816166103,136.5445411647,136.8034906291,290009,118.7957169474388,122.16473841453136,125.027509794265,125.40123947140331,129.3218217324516,,,,126.30145766299512,,125.61181179236193,"rgba(0, 255, 0, 1.0)",5.750454510787788,125.61181179236193,2.1807268214560858,2,0.2150571996327496,0.4301143992654992,0.0,0.0,0.0,0.0,74.93279039389478,23.91387652572017,True,False,True,False,False,16.39257894190057
2023-12-05 00:00:00+00:00,138.9044013781,139.6852561592,137.1552710336,137.409334659,410113,118.86321136645157,122.2353470489719,125.10645874201349,125.49561600210879,129.6147380017256,,,,126.46828124328947,,125.74767890258465,"rgba(0, 255, 0, 1.0)",5.961677783162867,125.74767890258465,2.206882517648459,2,0.2089881135770094,0.4179762271540188,0.0,0.0,0.0,0.0,75.59260832460798,23.91387652572017,True,False,True,False,False,17.18836102538468
2023-12-06 00:00:00+00:00,137.9956353332,140.4190114529,137.8490601646,138.9434880897,292869,118.9115494150265,122.28592883387356,125.16299333581011,125.56306870637269,129.8166432039761,,,,126.5863269587585,,125.84354852520228,"rgba(0, 255, 255, 0.75)",6.136030909788543,125.84354852520228,1.980447456451372,2,0.20421981776275033,0.40843963552550067,0.0,0.0,0.0,0.0,73.98973007573835,23.91387652572017,True,False,True,False,False,15.671044072751954
2023-12-07 00:00:00+00:00,138.308329026,138.9825748013,137.6780558013,138.415817483,178973,118.94033347324248,122.31588122363978,125.19622205192941,125.6026148419414,129.92994655389117,,,,126.65483565407952,,125.89903880581748,"rgba(0, 255, 255, 0.75)",6.302486740729733,125.89903880581748,1.9689514203953256,2,0.19947083773291596,0.3989416754658319,0.0,0.0,0.0,0.0,73.20624524180681,27.666784408966322,True,False,True,False,False,16.01192710036437
2023-12-08 00:00:00+00:00,138.1519821796,138.6503377526,137.4484213706,137.8979185541,158759,118.96548068822945,122.34196118999527,125.22502261609576,125.63683349177754,130.0251605020888,,,,126.71370749774599,,125.94664389046315,"rgba(0, 255, 255, 0.75)",6.4610215441571395,125.94664389046315,1.8890725260271628,2,0.19531997342858382,0.39063994685716763,0.0,0.0,0.0,0.0,72.30551956111547,26.566652129658493,True,False,True,False,False,15.745909935088402
2023-12-11 00:00:00+00:00,138.1226671459,138.8750863443,137.6536266066,138.2985573481,278308,119.009712073358,122.38785846213267,125.27572236764087,125.69700771262515,130.18949329441756,,,,126.81665580923094,,126.02979622646538,"rgba(0, 255, 255, 0.75)",6.602609147823893,126.02979622646538,1.8315291195784678,2,0.19142348641540424,0.3828469728308085,0.0,0.0,0.0,0.0,71.62847720265803,25.689188369573756,True,False,True,False,False,15.695190920550438
2023-12-12 00:00:00+00:00,140.2333495727,140.4678698424,137.7220283519,138.2594706365,245454,119.0510961655311,122.43131565157614,125.32442214908771,125.75488436706766,130.35090773046335,,,,126.91577989141932,,126.10991669996119,"rgba(0, 255, 0, 1.0)",6.792737122886748,126.10991669996119,2.079196149833736,2,0.18637679645963529,0.37275359291927057,0.0,0.0,0.0,0.0,73.20925559007735,25.689188369573756,True,False,True,False,False,18.034367937161633
2023-12-13 00:00:00+00:00,140.3799247413,141.2789191083,139.7751555959,140.7121617899,208626,119.08786161472571,122.47024391016822,125.36847032053018,125.8072668430341,130.49836863472774,,,,127.00545466392012,,126.18241431373647,"rgba(0, 255, 0, 1.0)",6.973494624686007,126.18241431373647,2.035924768236669,2,0.18168662453566248,0.36337324907132496,0.0,0.0,0.0,0.0,74.38460069179848,25.689188369573756,True,False,True,False,True,18.193144121639712
2023-12-14 00:00:00+00:00,137.1552710336,140.7512485016,136.3588792846,139.9792859473,610223,119.18274580013325,122.56816760111782,125.47570690097851,125.93375535411624,130.80842874225695,,,,127.21573482620326,,126.35139540394678,"rgba(0, 255, 255, 0.75)",7.077205637976811,126.35139540394678,1.5265736481753223,2,0.1794267675540797,0.3588535351081594,0.0,0.0,0.0,0.0,68.215483379994,22.402220926200044,True,False,True,False,False,12.705381851438936
2023-12-15 00:00:00+00:00,135.6797476704,137.0331250598,135.6602043146,136.6080570711,347365,119.23076842136162,122.61637837325566,125.52656602787667,125.99315295856312,130.92923568053706,,,,127.31092305662501,,127.1330838145745,"rgba(38, 166, 154, 1.0)",7.151059278953297,127.1330838145745,1.195160538100932,2,0.17770123415007177,0.35540246830014355,0.0,0.0,0.0,0.0,61.861139069842885,16.698114706553454,False,False,True,False,False,10.358479987190513
2023-12-18 00:00:00+00:00,137.6243115729,137.6340832508,135.6797476704,136.0803864644,240104,119.26547555555419,122.65159913045102,125.56425102214604,126.03723734109603,131.02280269724727,,,,127.38180692615069,,127.20552951070098,"rgba(38, 166, 154, 1.0)",7.255921903639959,127.20552951070098,1.4359005238152314,2,0.17522015817389275,0.3504403163477855,0.0,0.0,0.0,0.0,60.14270850380894,15.440080482852949,False,False,True,False,False,12.603793182063615
2023-12-19 00:00:00+00:00,137.9467769437,138.4451325167,137.2481019737,137.5754531834,252353,119.303654489317,122.69074618389566,125.60669605915334,126.08697331858056,131.13247844183599,,,,127.46208193934677,,127.28906120455004,"rgba(38, 166, 154, 1.0)",7.362214165913705,127.28906120455004,1.447623703816454,2,0.17286974466789443,0.34573948933578885,0.0,0.0,0.0,0.0,59.37782262836729,14.911505557567324,False,False,True,False,False,12.968390280017765
2023-12-20 00:00:00+00:00,137.9956353332,139.5981905091,137.1259559999,137.7611150635,247208,119.34162518874622,122.72980453932367,125.64920405992106,126.13676655349407,131.2421211266178,,,,127.54221479921856,,127.36665713608913,"rgba(38, 166, 154, 1.0)",7.458983774997746,127.36665713608913,1.4249901216756675,2,0.1707775412406901,0.3415550824813802,0.0,0.0,0.0,0.0,58.92940987826703,14.510851948439338,False,False,True,False,False,13.024379689821881
2023-12-21 00:00:00+00:00,139.4613870185,139.6568205765,138.3962741271,138.8946297002,203895,119.37436682065024,122.76379821128916,125.68662777767761,126.18066704059412,131.34174372834937,,,,127.61309426842709,,127.43743696527983,"rgba(0, 255, 255, 0.75)",7.574437487182185,127.43743696527983,1.5874380207860534,2,0.16811578080266928,0.33623156160533857,0.0,0.0,0.0,0.0,60.39633848403833,14.510851948439338,False,False,True,False,False,14.690751590223151
2023-12-22 00:00:00+00:00,139.8131674229,140.2822079622,139.4613870185,139.5786471533,169952,119.40251096466771,122.79319679260263,125.71923032116665,126.2189396913859,131.42994401091602,,,,127.67495830064564,,127.49929602006594,"rgba(0, 255, 255, 0.75)",7.698461379375405,127.49929602006594,1.599523696491299,2,0.16573845695730083,0.33147691391460166,0.0,0.0,0.0,0.0,61.76849589853305,14.510851948439338,False,False,True,False,True,15.085272301210559
2023-12-26 00:00:00+00:00,140.1551761495,140.8587369585,139.5884188312,139.9304275578,127653,119.42395895891498,122.81566176442074,125.7442214162168,126.2482774130121,131.4976913726762,,,,127.72233358032757,,127.54596570494125,"rgba(0, 255, 255, 0.75)",7.82367291547279,127.54596570494125,1.6116740283993272,2,0.16280007872882418,0.32560015745764836,0.0,0.0,0.0,0.0,63.077649511032284,14.510851948439338,False,False,True,False,True,15.47159445103551
2023-12-27 00:00:00+00:00,141.8359047487,142.2609727374,139.4711586964,139.4711586964,297776,119.47619149650822,122.87080813357075,125.80614778481238,126.32105236157884,131.6692263058439,,,,127.84011063550882,,127.66331622273906,"rgba(0, 255, 255, 0.75)",7.980108188572562,127.66331622273906,1.7759895218282808,2,0.15932819010097116,0.3186563802019423,0.0,0.0,0.0,0.0,65.69655569728629,10.21240642656268,True,False,True,False,True,17.336061231868886
2023-12-28 00:00:00+00:00,142.1779134753,142.6078673029,141.4254942768,141.4254942768,271248,119.52547492066307,122.92315664863717,125.86533291012209,126.39062167697949,131.83425857365125,,,,127.95258012125836,,127.77377713919836,"rgba(0, 255, 255, 0.75)",8.130564808512485,127.77377713919836,1.7716034095221629,2,0.15600105273124523,0.31200210546249046,0.0,0.0,0.0,0.0,67.76271316659391,12.247816839239931,True,False,True,False,True,17.708652743556545
2023-12-29 00:00:00+00:00,142.8814742842,143.3602865014,141.7772746813,141.7772746813,189139,119.56062793308755,122.9606336961453,125.90787310724296,126.44061955165068,131.95286298246907,,,,128.03326059788628,,128.83755079770515,"rgba(0, 255, 255, 0.75)",8.29188952407688,128.83755079770515,1.693693994078912,2,0.15264871621933013,0.30529743243866025,0.0,0.0,0.0,0.0,69.79205770348622,14.23988877337996,True,False,True,False,True,18.475316910536698
2024-01-02 00:00:00+00:00,140.7610201795,141.5525260895,140.0867744042,141.4548093105,254556,119.60395079328028,123.00607784759718,125.95842960589037,126.49971900364265,132.08126811988535,,,,128.12674560678374,,128.86206099363156,"rgba(38, 166, 154, 1.0)",8.405481583762729,128.86206099363156,1.4156189704649687,2,0.1503471167171455,0.300694233434291,0.0,0.0,0.0,0.0,66.53044589812103,14.23988877337996,True,False,True,False,False,14.780447793509214
2024-01-03 00:00:00+00:00,140.0379160147,140.7121617899,139.6665922544,139.8327107788,244826,119.64415668822774,123.04795104222768,126.00457899813811,126.55349531117243,132.19219458337204,,,,128.21075062854413,,128.9026104433656,"rgba(38, 166, 154, 1.0)",8.49917132780329,128.9026104433656,1.3101636785350501,2,0.14842184477148984,0.2968436895429797,0.0,0.0,0.0,0.0,63.04194366031061,18.96969056378684,False,False,True,False,False,13.56230850250525
2024-01-04 00:00:00+00:00,140.8001068911,142.0117949509,140.4385548087,140.4385548087,195018,119.67754141763238,123.082994661397,126.04356765558785,126.59898611972676,132.28863825751068,,,,128.28206221932845,,128.96170856723705,"rgba(38, 166, 154, 1.0)",8.602713400256539,128.96170856723705,1.3761237615459696,2,0.14636754880609743,0.29273509761219485,0.0,0.0,0.0,0.0,61.75286743190402,17.784572268486613,False,False,True,False,False,14.44598827132883
2024-01-05 00:00:00+00:00,140.6437600446,141.7479596476,140.2333495727,140.2333495727,145252,119.70209783247726,123.10870600462657,126.07207547872983,126.63219864344158,132.35745151840052,,,,128.33380816540864,,129.00228692220264,"rgba(38, 166, 154, 1.0)",8.687885777253989,129.00228692220264,1.3399661805955403,2,0.14448818231027308,0.28897636462054616,0.0,0.0,0.0,0.0,60.58340634620254,16.617211925790144,False,False,True,False,False,14.177506593534563
2024-01-08 00:00:00+00:00,142.7837575052,142.8814742842,140.2919796402,140.2919796402,275301,119.75091807818221,123.16026812579571,126.12983941611981,126.6996013899952,132.501513454045,,,,128.43930973474357,,129.1013102596556,"rgba(0, 255, 255, 0.75)",8.806728089821737,129.1013102596556,1.5536357096522253,2,0.14206347312802972,0.28412694625605944,0.0,0.0,0.0,0.0,62.46758481461009,16.617211925790144,False,False,True,False,False,16.624768545141407
2024-01-09 00:00:00+00:00,141.1812023292,142.402662067,141.0737138723,142.1192834078,281413,119.79963358457826,123.21147845747771,126.18685251380985,126.76595627738735,132.63785925411355,,,,128.54208609904393,,129.18814857991285,"rgba(38, 166, 154, 1.0)",8.85998515313005,129.18814857991285,1.3536200729467653,2,0.14030522722625058,0.28061045445250116,0.0,0.0,0.0,0.0,60.71694696233215,16.617211925790144,False,False,True,False,False,13.891696436507864
2024-01-10 00:00:00+00:00,141.4645809884,142.1290550857,141.0981430671,141.200745685,227400,119.83886067508695,123.25267747027294,126.23264974550335,126.8191847993543,132.7452078526668,,,,128.6240383424741,,129.2562864967824,"rgba(38, 166, 154, 1.0)",8.912558176509705,129.2562864967824,1.369785672063749,1,0.17777753352105705,0.17777753352105705,0.0,0.0,0.0,0.0,59.91788374165656,15.795448530858067,False,True,True,False,False,14.218837660890639
2024-01-11 00:00:00+00:00,140.8978236701,142.4906071681,139.5371175222,141.8652197824,416825,119.90845948718557,123.32530442333905,126.31269516470671,126.91190876533265,132.9227200711384,,,,128.76489509701818,,129.36352496503633,"rgba(38, 166, 154, 1.0)",8.952072549435947,129.36352496503633,1.2884500925755362,1,0.17625675136792976,0.17625675136792976,0.0,0.0,0.0,0.0,58.340806644248076,14.103680512640835,False,True,True,False,False,13.254617068640098
2024-01-12 00:00:00+00:00,142.1388267636,142.500378846,140.8978236701,140.8978236701,170479,119.93796387261142,123.35629375789244,126.34711216158318,126.95180906147729,133.0007464173093,,,,128.8256246825987,,129.41463996442675,"rgba(38, 166, 154, 1.0)",8.976676255079692,129.41463996442675,1.4174719503750548,1,0.17434388314325835,0.17434388314325835,0.0,0.0,0.0,0.0,59.00088187348223,14.103680512640835,False,True,True,False,False,14.71044998759773
2024-01-16 00:00:00+00:00,144.2104224789,144.2104224789,141.9531648835,142.1779134753,347486,120.00226529308841,123.42461933080946,126.42404295439107,127.04121397261902,133.1838699349143,,,,128.9627941774151,,129.5436474537398,"rgba(0, 255, 255, 0.75)",9.02480018206958,129.5436474537398,1.6251634085262152,1,0.1720333512183138,0.1720333512183138,0.0,0.0,0.0,0.0,61.739845554907134,14.103680512640835,False,True,True,False,True,17.038296039763228
2024-01-17 00:00:00+00:00,144.5035728159,144.5719745613,142.7642141494,144.0833906662,278265,120.0545719035729,123.4803263686338,126.48690452079636,127.11422371197143,133.3327106169195,,,,129.07443874437666,,129.64855402955567,"rgba(0, 255, 255, 0.75)",9.069779729478425,129.64855402955567,1.637858826721317,1,0.1696160038928988,0.1696160038928988,0.0,0.0,0.0,0.0,63.85368360396213,14.103680512640835,False,False,True,False,True,17.359660658223643
2024-01-18 00:00:00+00:00,147.0735241042,147.4253045087,144.699006374,144.699006374,362215,120.12927215402128,123.56102419021929,126.5794586034812,127.22203150118244,133.56376844831433,,,,129.24085701446006,,129.81847650000913,"rgba(0, 255, 255, 0.75)",9.13406720671357,129.81847650000913,1.8890869985616439,1,0.1666515074614013,0.1666515074614013,0.0,0.0,0.0,0.0,67.41821005812349,11.77716103338117,False,False,True,False,True,20.0
2024-01-19 00:00:00+00:00,147.7184548457,148.9790012951,146.7803737671,147.9138884038,496556,120.23651619739559,123.67758604563673,126.71398357097576,127.37873012934493,133.9013232772412,,,,129.48241228738047,,131.22392238355957,"rgba(0, 255, 255, 0.75)",9.183870191861645,131.22392238355957,1.7960328399194034,1,0.16364194773955124,0.16364194773955124,0.0,0.0,0.0,0.0,70.24387299933694,14.431462235866832,True,False,True,False,True,20.0
2024-01-22 00:00:00+00:00,145.8325210106,148.0922215255,145.3341654376,147.9138884038,291656,120.29592941645525,123.74157223650137,126.78699606666704,127.46340803658106,134.0729604239781,,,,129.61073218764963,,131.3152076568381,"rgba(0, 255, 255, 0.75)",9.165112210234064,131.3152076568381,1.5839755172393182,1,0.1615607503189079,0.1615607503189079,0.0,0.0,0.0,0.0,68.44535569358311,14.431462235866832,False,False,True,False,True,17.44209283638141
2024-01-23 00:00:00+00:00,146.692428666,146.9660356473,145.3439371155,145.6370874526,300391,120.35664146926456,123.80685243002895,126.86130677194821,127.54944843980223,134.243695804164,,,,129.7402163692467,,131.41747596852505,"rgba(0, 255, 255, 0.75)",9.180403757597574,131.41747596852505,1.663865021713628,1,0.15917703456729185,0.15917703456729185,0.0,0.0,0.0,0.0,68.04354362500393,14.431462235866832,False,False,True,False,True,18.350004458829222
2024-01-24 00:00:00+00:00,146.2136164488,148.4220156547,146.2136164488,147.5523363214,161053,120.38984408601819,123.84264915637104,126.90216806436088,127.59675744919545,134.33785305963687,,,,129.81136130228944,,131.481096669019,"rgba(0, 255, 255, 0.75)",9.196777464452076,131.481096669019,1.601921959808857,1,0.15705955690470522,0.15705955690470522,0.0,0.0,0.0,0.0,66.87901869581441,14.431462235866832,False,False,True,False,False,17.52079306625482
2024-01-25 00:00:00+00:00,145.500283962,146.4188216848,144.9042116099,145.9302377897,242379,120.43713998800753,123.89319705418745,126.95925494457049,127.66261549129429,134.4621537256494,,,,129.90903235189253,,131.552207599581,"rgba(0, 255, 255, 0.75)",9.20660493465883,131.552207599581,1.5150075908992897,1,0.1553212974790166,0.1553212974790166,0.0,0.0,0.0,0.0,64.77883449948106,14.431462235866832,False,True,True,False,False,16.28806965114925
2024-01-26 00:00:00+00:00,145.9497811455,146.5751685312,145.5295989957,145.9106944338,139565,120.46473592395691,123.92274491964801,126.99268846031303,127.70118166324738,134.53508156965503,,,,129.96618259947863,,131.59771646969526,"rgba(0, 255, 255, 0.75)",9.238234459543634,131.59771646969526,1.5535505987270353,1,0.1535851450601104,0.1535851450601104,0.0,0.0,0.0,0.0,63.91619074234578,19.490231994006137,False,True,True,False,False,16.78678960557318
2024-01-29 00:00:00+00:00,146.1061279919,146.3699632952,145.2364486586,145.8032059769,158729,120.49590915026995,123.95608140219812,127.03034353619658,127.7445751824464,134.6161001405153,,,,130.03023128320004,,131.64821028635296,"rgba(0, 255, 255, 0.75)",9.26732485515173,131.64821028635296,1.5600961368598014,1,0.15206517671396028,0.15206517671396028,0.0,0.0,0.0,0.0,63.53528864960689,18.89829995183453,False,True,True,False,False,16.9617664767705
2024-01-30 00:00:00+00:00,147.3373594076,147.3373594076,145.7641192653,146.4579083964,229729,120.54250005283554,124.00614104229402,127.08718836724303,127.81013824937439,134.74061160798828,,,,130.12727772253763,,131.73342976098485,"rgba(0, 255, 255, 0.75)",9.320171897619813,131.73342976098485,1.674210499336399,1,0.1504523082726631,0.1504523082726631,0.0,0.0,0.0,0.0,64.74259614031936,18.89829995183453,False,True,True,False,False,18.33054326521355
2024-01-31 00:00:00+00:00,145.2266769807,148.0702352502,144.7771797972,147.5523363214,311630,120.60354963927249,124.07136317452202,127.16071832185865,127.89469862089537,134.89473863665717,,,,130.25100747046312,,131.8324111380984,"rgba(38, 166, 154, 1.0)",9.30836639576846,131.8324111380984,1.4389491424285343,1,0.14929991672531026,0.14929991672531026,0.0,0.0,0.0,0.0,61.479790889121546,16.640876501761753,False,True,True,False,False,14.63275269355627
2024-02-01 00:00:00+00:00,148.1777237071,148.2265820966,145.197361947,145.197361947,194896,120.64334129788267,124.11413191752278,127.20926348717867,127.95058961818899,134.99896856241844,,,,130.3331107422079,,131.90573442161258,"rgba(0, 255, 255, 0.75)",9.339615727804718,131.90573442161258,1.7422546879572915,1,0.14753069281404851,0.14753069281404851,0.0,0.0,0.0,0.0,62.584234955144396,16.640876501761753,False,True,True,False,False,17.862488193418013
2024-02-02 00:00:00+00:00,147.5621079993,148.3731572652,147.1516975274,148.0116051828,242963,120.6937019873328,124.16836634922976,127.27094356544396,128.0215938093403,135.13163098207434,,,,130.43732766128122,,132.00114263469283,"rgba(0, 255, 255, 0.75)",9.356696761449268,132.00114263469283,1.6630832185050868,1,0.146011082363185,0.146011082363185,0.0,0.0,0.0,0.0,62.28969750504037,16.640876501761753,False,True,True,False,False,16.816816514230034
2024-02-05 00:00:00+00:00,145.9204661117,147.889459209,145.8716077222,147.7966282689,264791,120.74607565311507,124.22435175514175,127.33403092115692,128.09396640389983,135.26030972310133,,,,130.54211456291998,,132.08759171215803,"rgba(38, 166, 154, 1.0)",9.32426706519318,132.08759171215803,1.4835347703820168,1,0.1450511022587212,0.1450511022587212,0.0,0.0,0.0,0.0,59.567510056710155,14.496972893460438,False,True,True,False,False,14.08713073056322
2024-02-06 00:00:00+00:00,145.8618360443,146.7119720218,144.894439932,146.389506651,353479,120.81367276949479,124.29619963615464,127.4144011220946,128.1858782977128,135.41671407044953,,,,130.6735481429953,,132.1885647131784,"rgba(38, 166, 154, 1.0)",9.235787869590613,132.1885647131784,1.4804661523400349,1,0.1441056014991133,0.1441056014991133,0.0,0.0,0.0,0.0,57.66609372886386,12.603785057706588,False,True,True,False,False,13.99071430813095
2024-02-07 00:00:00+00:00,145.6859458421,146.3113332278,145.3146220818,146.0181828908,369375,120.88377505916483,124.37058902551254,127.49740671878185,128.28062990306807,135.57448415535876,,,,130.8080337745925,,132.29159772996962,"rgba(38, 166, 154, 1.0)",9.093588399760657,132.29159772996962,1.4729441803725059,1,0.14314328379289687,0.14314328379289687,0.0,0.0,0.0,0.0,56.118431355304374,11.053650686762289,False,True,True,False,False,13.696855007164583
2024-02-08 00:00:00+00:00,152.3697735271,152.6336088305,145.7348042316,145.7348042316,875722,121.07801859107794,124.58136647632432,127.73870107544718,128.5576912487454,136.08602807957675,,,,131.2100626236324,,132.68431112402607,"rgba(0, 255, 0, 1.0)",9.03985120590647,132.68431112402607,2.177631241342979,1,0.1408043591492402,0.1408043591492402,0.0,0.0,0.0,0.0,61.26678735550701,6.041344448089937,False,True,True,False,True,20.0
2024-02-09 00:00:00+00:00,155.0081265607,155.6237422685,151.4903225159,153.2980829278,556373,121.2159800894704,124.7330425894481,127.91476225656325,128.7602825224491,136.47513483341086,,,,131.50617313380522,,132.9949032063633,"rgba(0, 255, 0, 1.0)",9.063103878684403,132.9949032063633,2.428883487268617,1,0.13794542104762406,0.13794542104762406,0.0,0.0,0.0,0.0,66.08576696794697,10.402349468060947,False,False,True,False,True,20.0
2024-02-12 00:00:00+00:00,151.0310536545,154.8908664259,150.8258484186,154.3631958191,368668,121.30180813198027,124.82659882924618,128.0222215570328,128.88337205651604,136.69844728503648,,,,131.6829239592603,,133.16616264402677,"rgba(0, 255, 255, 0.75)",8.964286937852055,133.16616264402677,1.9928959363223886,1,0.13646706686023682,0.13646706686023682,0.0,0.0,0.0,0.0,64.37066902058058,10.402349468060947,False,True,True,False,True,16.85402441631336
2024-02-13 00:00:00+00:00,148.9692296172,150.483839692,147.6549389394,149.2623799543,406353,121.38609565406935,124.91698702028762,128.12400689013694,128.99910462845187,136.88800458219697,,,,131.84438690459788,,133.3022386506917,"rgba(0, 255, 255, 0.75)",8.773602072807714,133.3022386506917,1.7856965515982859,1,0.13551961464868725,0.13551961464868725,0.0,0.0,0.0,0.0,61.19229276560574,10.402349468060947,False,True,True,False,False,13.89089641886305
2024-02-14 00:00:00+00:00,153.3469413173,153.376256351,149.7118771378,149.9952557969,337924,121.46363788362575,125.00126481712378,128.22037694803055,129.1091178149331,137.0804833706774,,,,132.00026104810374,,133.44872462546,"rgba(0, 255, 0, 1.0)",8.59144995337517,133.44872462546,2.3160487228378677,0,,,0.0,0.0,0.0,0.0,61.92789915969293,10.402349468060947,False,True,True,False,False,17.88287364883829
2024-02-15 00:00:00+00:00,155.4380803884,155.9168926056,153.0342476245,153.2199095046,381625,121.55826629968607,125.10505221409836,128.34024276953875,129.24626326876543,137.32934096007418,,,,132.19623301551132,,133.64306975181316,"rgba(0, 255, 0, 1.0)",8.34876954278002,133.64306975181316,2.610565607890696,0,,,0.0,0.0,0.0,0.0,63.523681060447245,10.402349468060947,False,True,True,False,False,19.64543903344064
2024-02-16 00:00:00+00:00,156.6302250924,157.8858857028,154.8322363584,155.4283087105,315659,121.64000516833097,125.19510370865021,128.4447191239299,129.36586861140677,137.54894575663786,,,,132.36747332321661,,135.28241109079838,"rgba(0, 255, 0, 1.0)",8.193800655431918,135.28241109079838,2.6053616507559907,0,,,1.0,0.0,157.88588,585.0,65.18402588366253,10.402349468060947,False,False,True,False,True,20.0
2024-02-20 00:00:00+00:00,154.5977160888,157.3235463084,153.8549763797,155.9116054752,491808,121.76226660931097,125.32907457731038,128.59910272894035,129.54203524250747,137.8602891312849,,,,132.61654975303983,,135.48039309206774,"rgba(0, 255, 0, 1.0)",7.924805843904425,135.48039309206774,2.412339604690362,0,,,0.0,0.0,0.0,0.0,64.19943298136677,10.402349468060947,False,False,True,False,True,17.775302293547018
2024-02-21 00:00:00+00:00,153.8917456722,155.3134916501,152.8229849026,154.470249208,395870,121.8563876743433,125.43158191549574,128.71632171246213,129.67530013415882,138.08562442105148,,,,132.8022880127819,,135.6190072239288,"rgba(0, 255, 0, 1.0)",7.68787702269731,135.6190072239288,2.376825018704598,0,,,0.0,0.0,0.0,0.0,62.84167077387886,10.402349468060947,False,True,True,False,True,16.80673882123828
2024-02-22 00:00:00+00:00,155.0487527438,155.7253077264,154.4604440633,154.5879109441,397091,121.95336860134937,125.53748989559111,128.83774343563985,129.81333294938858,138.32017678399077,,,,132.99461444966096,,135.79311868410224,"rgba(0, 255, 0, 1.0)",7.6038821424760235,135.79311868410224,2.532342519110591,0,,,0.0,0.0,0.0,0.0,62.7001160293448,10.402349468060947,False,True,True,False,True,17.805300569178044
2024-02-23 00:00:00+00:00,155.2056350586,156.0387782017,154.8232344163,155.7351128711,296776,122.02608541325804,125.61688961788839,128.92871588804226,129.9166429709115,138.49412619339114,,,,133.13798035997368,,135.9248052869919,"rgba(0, 255, 0, 1.0)",7.515397333476942,135.9248052869919,2.5655103670597237,0,,,0.0,0.0,0.0,0.0,62.71218634025567,10.402349468060947,False,True,True,False,True,17.940769604704798
2024-02-26 00:00:00+00:00,155.9900466326,156.3234215516,155.1566093353,155.4801791095,213820,122.07901228808481,125.67472876629078,128.99502605113952,129.99191721528118,138.62068094103043,,,,133.2422873870401,,136.02293797357999,"rgba(0, 255, 0, 1.0)",7.46426339728729,136.02293797357999,2.6750273397742905,0,,,0.0,0.0,0.0,0.0,63.27476653857116,10.402349468060947,False,False,True,False,True,18.622067939402076
2024-02-27 00:00:00+00:00,154.4800543527,156.882314798,154.1859000125,155.4409585308,221740,122.13268613045872,125.7332072749716,129.06181411673361,130.06759453397396,138.74517047902518,,,,133.34640956245585,,136.11547168885812,"rgba(0, 255, 0, 1.0)",7.340718691552013,136.11547168885812,2.501741782446527,0,,,0.0,0.0,0.0,0.0,61.79576913906593,10.402349468060947,False,True,True,False,True,16.476580397023618
2024-02-28 00:00:00+00:00,153.7544736468,154.7938189823,153.4897347405,154.1957051571,238662,122.18822355550228,125.79339961259275,129.13011641015936,130.1447695373125,138.86769585149221,,,,133.45143292566559,,136.20029289964918,"rgba(0, 255, 0, 1.0)",7.20745935335982,136.20029289964918,2.4355573700138557,0,,,0.0,0.0,0.0,0.0,59.95350436595339,14.739452662356214,False,True,True,False,False,15.460121417041218
2024-02-29 00:00:00+00:00,154.7153778249,155.0781681779,153.7250582127,154.4310286293,276867,122.25340483252108,125.86412289628397,129.2104477997477,130.2355161242495,139.01194610283085,,,,133.57483131125022,,136.30438535043507,"rgba(0, 255, 0, 1.0)",7.141773850492937,136.30438535043507,2.577929917676429,0,,,0.0,0.0,0.0,0.0,59.59699535971437,14.16539908908102,False,True,True,False,False,16.34093369916487
2024-03-01 00:00:00+00:00,156.1861495261,156.7450427726,154.3427823272,154.5683006548,210226,122.30463592359406,125.91992784490918,129.27410647342097,130.30750060649288,139.1284170743827,,,,133.67311224404133,,136.3940723484247,"rgba(0, 255, 0, 1.0)",7.068896916511724,136.3940723484247,2.799881991692994,0,,,0.0,0.0,0.0,0.0,60.612952622586505,14.16539908908102,False,True,True,False,False,17.665669491602216
2024-03-04 00:00:00+00:00,155.5488151223,156.3577395579,154.7938189823,156.0194620667,181738,122.34854611626312,125.96769488824117,129.32849761145997,130.3689388704261,139.22666427314473,,,,133.7566463293955,,136.46892458364755,"rgba(0, 255, 0, 1.0)",7.017561298119161,136.46892458364755,2.7188776453960184,0,,,0.0,0.0,0.0,0.0,60.4178404325457,14.16539908908102,False,True,True,False,False,16.749462346288162
2024-03-05 00:00:00+00:00,153.8819405275,156.1959546708,152.6072717198,156.1077083687,210732,122.39727108749186,126.020394396683,129.38808233227306,130.43604154386918,139.32991375549634,,,,133.8468174336312,,136.54282284139498,"rgba(0, 255, 0, 1.0)",6.936613117495605,136.54282284139498,2.4996518318676455,0,,,0.0,0.0,0.0,0.0,58.1408045581377,12.184931552840084,False,True,True,False,False,14.39073996441562
2024-03-06 00:00:00+00:00,154.41141834,155.4409585308,153.8623302382,154.5388852207,322883,122.47244087920383,126.10173798397643,129.4800803724724,130.53959949486105,139.48896523210468,,,,133.98574725401767,,136.659238682273,"rgba(0, 255, 0, 1.0)",6.851934116527676,136.659238682273,2.5908275467661954,0,,,0.0,0.0,0.0,0.0,57.1818532673287,11.130046779707492,False,True,True,False,False,14.891612410552813
2024-03-07 00:00:00+00:00,153.5387604639,155.7056974371,153.293631847,155.0683630332,247831,122.5291980447142,126.16300426007834,129.5491427406619,130.61719781227148,139.60569587382116,,,,134.08911898930342,,136.7435772102308,"rgba(0, 255, 0, 1.0)",6.816749430009961,136.7435772102308,2.463811150184033,0,,,0.0,0.0,0.0,0.0,55.409897386637226,9.329461373227296,False,True,True,False,False,13.659406885065174
2024-03-08 00:00:00+00:00,153.6368119107,155.7056974371,153.3426575704,154.0388228423,260699,122.58877544043443,126.22727601226812,129.6215191826699,130.6984460187022,139.72690836931815,,,,134.19698456069,,136.83181366199605,"rgba(0, 255, 0, 1.0)",6.785958859090756,136.83181366199605,2.4764368009969986,0,,,0.0,0.0,0.0,0.0,54.349603835112994,8.22876722512708,False,True,False,False,False,13.75565979311591
2024-03-11 00:00:00+00:00,155.2154402033,155.3919328075,152.2150659328,152.6464922985,333076,122.66467766563261,126.30909774893534,129.71354470988015,130.80164117266213,139.8793590103024,,,,134.33343774842209,,136.94360937864118,"rgba(0, 255, 0, 1.0)",6.804537680981479,136.94360937864118,2.685242066588617,0,,,0.0,0.0,0.0,0.0,55.519052081668804,8.22876722512708,False,True,True,False,False,15.294798834954022
2024-03-12 00:00:00+00:00,155.4213482415,156.0930006517,154.803624127,155.7351128711,237821,122.72064033234322,126.36965014206233,129.7819302862799,130.8784031605824,139.99492408936226,,,,134.43536478592418,,137.03224529440106,"rgba(0, 255, 0, 1.0)",6.810019026490143,137.03224529440106,2.7003012584205077,0,,,0.0,0.0,0.0,0.0,56.532224315269254,8.22876722512708,False,True,True,False,True,15.493839204295586
2024-03-13 00:00:00+00:00,153.3524627151,156.5195244451,152.7004205942,155.4997893989,424611,122.81628889002518,126.47252157333385,129.8972300433297,131.00736618141974,140.18070462369622,,,,134.60424738428543,,137.16918711651678,"rgba(0, 255, 0, 1.0)",6.767603883951562,137.16918711651678,2.3912858784420896,0,,,0.0,0.0,0.0,0.0,54.177741459660666,8.02657533397759,False,True,False,False,False,12.503026863715057
2024-03-14 00:00:00+00:00,154.1466794338,155.8919951859,152.0020981905,155.8331643178,350210,122.89429820486777,126.55625817189271,129.99082254012922,131.1118583789743,140.3284199183771,,,,134.7401397421781,,137.2781201024808,"rgba(0, 255, 0, 1.0)",6.735500999107378,137.2781201024808,2.504425332808158,0,,,0.0,0.0,0.0,0.0,53.64424038875532,7.470149441428475,False,True,False,False,False,13.30179215913768
2024-03-15 00:00:00+00:00,154.2839514592,154.7055726802,153.0681135195,153.4407090172,368366,122.97594663261842,126.64380614325786,130.0885093024124,131.22077510604012,140.48048915587546,,,,134.88107989655077,,137.39101769314038,"rgba(0, 255, 0, 1.0)",6.741137908620378,137.39101769314038,2.505946918020683,0,,,0.0,0.0,0.0,0.0,53.47131453602388,7.189438809931119,False,True,False,False,False,13.440554572057344
2024-03-18 00:00:00+00:00,153.6956427787,155.1566093353,153.3034369917,154.4506389187,263964,123.03425268341081,126.70627331126879,130.15811760506725,131.29829887626485,140.58765584159775,,,,134.98098443611627,,137.47109961313825,"rgba(0, 255, 0, 1.0)",6.713041812224737,137.47109961313825,2.4168690765512837,0,,,0.0,0.0,0.0,0.0,52.4408160884029,6.066683462304795,False,True,False,False,False,12.579169667862068
2024-03-19 00:00:00+00:00,154.1662897231,154.4898594974,152.2346762222,153.3034369917,215719,123.08109436551263,126.75632839497074,130.21370544704428,131.36009696367532,140.6712834787375,,,,135.06007141374513,,137.53301231041377,"rgba(0, 255, 0, 1.0)",6.66058438382055,137.53301231041377,2.4972699772546507,0,,,0.0,0.0,0.0,0.0,52.47334117120958,5.937133138844388,False,True,False,False,False,13.071549127002662
2024-03-20 00:00:00+00:00,154.5977160888,154.6663521015,153.1367495322,154.2545360252,190408,123.12300020577315,126.80118057366735,130.26360263539277,131.41558701492448,140.7470453699731,,,,135.13120063096642,,137.590200316117,"rgba(0, 255, 0, 1.0)",6.623518523003334,137.590200316117,2.567746389417691,0,,,0.0,0.0,0.0,0.0,53.15982218005993,5.937133138844388,False,True,False,False,False,13.525128585236153
2024-03-21 00:00:00+00:00,153.264216413,154.7840138376,153.2249958343,154.6075212335,324859,123.1933727045077,126.87631781946645,130.34692144464822,131.5080820166605,140.8707799480795,,,,135.2489624068732,,137.68296474220352,"rgba(0, 255, 0, 1.0)",6.579925199261913,137.68296474220352,2.367998297692545,0,,,0.0,0.0,0.0,0.0,51.3450698499028,4.611271304386719,False,True,False,False,False,11.526318447955894
2024-03-22 00:00:00+00:00,153.3132421364,153.7054479234,152.4013636816,153.3426575704,241446,123.24441394147917,126.9306144683327,130.40684102409455,131.5744379036842,140.95689405493823,,,,135.33263770488094,,137.74665906775516,"rgba(0, 255, 0, 1.0)",6.537141761758286,137.74665906775516,2.381252179615868,0,,,0.0,0.0,0.0,0.0,50.22290161656251,3.459925067533746,False,True,False,False,False,11.580038444002763
2024-03-25 00:00:00+00:00,152.5680511411,154.3820029059,151.6757829757,152.9210363494,293728,123.30572560675034,126.99570227217279,130.47846805439752,131.65363121589692,141.0577977262719,,,,135.4318847612289,,137.8211340501892,"rgba(0, 255, 0, 1.0)",6.492983383100448,137.8211340501892,2.271208198267258,0,,,0.0,0.0,0.0,0.0,48.23406778853566,1.5266475713205665,False,True,False,True,False,10.458242788036973
2024-03-26 00:00:00+00:00,152.0679887627,153.3818781491,152.0679887627,152.9994775068,328706,123.3731850569839,127.06712081634446,130.55677217958902,131.740029529185,141.16524415892584,,,,135.5393037323611,,137.90011744535815,"rgba(0, 255, 0, 1.0)",6.420902915511559,137.90011744535815,2.206523210795671,0,,,0.0,0.0,0.0,0.0,46.109139237653956,-0.47408336386108374,False,True,False,True,False,9.706716228067542
2024-03-27 00:00:00+00:00,152.9112312047,153.612299049,152.4013636816,152.8524003367,742590,123.52687842282964,127.22994949612769,130.73537486643838,131.93695279492889,141.4104470122143,,,,135.78364381373083,,138.08533631615137,"rgba(0, 255, 0, 1.0)",6.357257323485983,138.08533631615137,2.3321212488562417,0,,,0.0,0.0,0.0,0.0,46.46187695713671,-0.47408336386108374,False,True,False,True,False,10.679998075389552
2024-03-28 00:00:00+00:00,152.7935694686,154.6075212335,151.9503270266,153.1269443876,458221,123.62137646808631,127.32995627174522,130.84486571922466,132.05746295811386,141.5585341095217,,,,135.93224729985485,,138.19901711285902,"rgba(0, 255, 0, 1.0)",6.282350428111349,138.19901711285902,2.323103832354749,0,,,0.0,0.0,0.0,0.0,46.479761083557825,-0.47408336386108374,False,True,False,True,False,10.4985361516434
2024-04-01 00:00:00+00:00,152.2738968008,152.8033746133,151.0678640058,152.5484408517,177261,123.65645222859685,127.36684170774853,130.88491626532388,132.10136754827244,141.60961638390248,,,,135.98551989936792,,138.23738898544147,"rgba(0, 255, 0, 1.0)",6.194710839632351,138.23738898544147,2.265885878894645,0,,,0.0,0.0,0.0,0.0,45.516174994510976,-1.194166417534035,False,True,False,True,False,9.69017093121749
2024-04-02 00:00:00+00:00,149.7539746194,151.3914337801,149.1362505049,150.7933199549,251897,123.70272700238276,127.41493305916225,130.93633842896597,132.15734662180915,141.6679246942942,,,,136.05148198353677,,138.2784804689035,"rgba(0, 255, 255, 0.75)",6.127439265136168,138.2784804689035,1.8728042260311961,0,,,0.0,0.0,0.0,0.0,41.2229837335402,-5.2683691471241545,False,True,False,True,False,5.905249902491555
2024-04-03 00:00:00+00:00,149.4696254238,150.5138733317,148.8716096501,149.1166402155,236291,123.74520838861743,127.45891832303236,130.98313406293224,132.2081581165422,141.718850838212,,,,136.11072286530876,,138.3139842915929,"rgba(0, 255, 255, 0.75)",6.058605261943852,138.3139842915929,1.841288654713893,0,,,0.0,0.0,0.0,0.0,38.03182604897023,-8.13898407561382,False,True,False,True,False,5.491049798397967
2024-04-04 00:00:00+00:00,149.1852762283,150.8717611123,148.3616440756,150.1363752617,378277,123.81254666308698,127.52851253198529,131.0569818069952,132.28821459376104,141.7975571492124,,,,136.2034817943424,,139.33068031995293,"rgba(0, 255, 255, 0.75)",5.914416123685455,139.33068031995293,1.666199283625376,0,,,0.0,0.0,0.0,0.0,35.56470215366874,-10.284281562234867,False,True,False,True,False,5.072745675802935
2024-04-05 00:00:00+00:00,148.9793681901,149.9304672236,148.5822598308,148.8028755859,227919,123.85246302240768,127.56964512529723,131.10045088283835,132.33523217400352,141.8423350452038,,,,136.25746516814394,,139.35423528372507,"rgba(0, 255, 255, 0.75)",5.7191649888930325,139.35423528372507,1.6829612233722075,0,,,0.0,0.0,0.0,0.0,33.66463618989258,-11.917824142004271,False,True,False,True,False,4.766436529214829
2024-04-08 00:00:00+00:00,150.9698125591,151.2247463206,149.283327675,149.4598202792,197827,123.88882071886276,127.60740920355808,131.1407745783795,132.37903530110862,141.88773490836263,,,,136.30874384715145,,139.40024328787408,"rgba(0, 255, 0, 1.0)",5.574507066973886,139.40024328787408,2.075442569580678,0,,,0.0,0.0,0.0,0.0,37.308520082849626,-11.917824142004271,False,True,False,True,True,7.320224412741311
2024-04-09 00:00:00+00:00,151.5287058056,151.5777315289,149.2637173857,151.1757205973,192248,123.92445206558526,127.6444646633162,131.18040054498982,132.42209674641921,141.93290943028785,,,,136.3592612187566,,139.44380420534307,"rgba(0, 255, 0, 1.0)",5.4321574535845665,139.44380420534307,2.2246964863439946,0,,,0.0,0.0,0.0,0.0,40.86291774748638,-14.33816768943256,False,True,False,True,True,8.018055974895315
2024-04-10 00:00:00+00:00,150.1854009851,150.7442942316,149.0676144922,150.3618935892,247411,123.96882274797467,127.69035504249892,131.2291146219303,132.47484494837406,141.98524409012902,,,,136.42022250362982,,139.4819355525829,"rgba(0, 255, 0, 1.0)",5.27563312782982,139.4819355525829,2.0288494618881976,0,,,0.0,0.0,0.0,0.0,41.01415766510499,-14.33816768943256,False,True,False,True,True,5.970489092565973
2024-04-11 00:00:00+00:00,151.5385109502,151.7051984097,148.7244344285,150.9305919804,289919,124.02193241189669,127.74546724452563,131.28786509206122,132.5385565443149,142.05066979125908,,,,136.49439049710872,,139.53668145553175,"rgba(0, 255, 0, 1.0)",5.155483221263347,139.53668145553175,2.3279737280819246,0,,,0.0,0.0,0.0,0.0,43.721220658872426,-11.824425411525425,False,True,False,True,True,7.677200716808233
2024-04-12 00:00:00+00:00,149.4107945558,151.0384485718,149.1656659389,150.2834524319,298978,124.07487411259113,127.80008873560358,131.34564158659973,132.60096846614056,142.1110571058065,,,,136.56587897180827,,139.5783968571122,"rgba(0, 255, 255, 0.75)",5.0314213915349795,139.5783968571122,1.9541988105448955,0,,,0.0,0.0,0.0,0.0,42.458326889218846,-11.824425411525425,False,True,False,True,True,4.5224176790237145
2024-04-15 00:00:00+00:00,149.5774820153,151.8326652905,149.3715739771,150.4795553253,268445,124.12293864180327,127.84976294691538,131.39829512720834,132.65787826913598,142.16716613938598,,,,136.63127613117175,,139.62094569028608,"rgba(0, 255, 0, 1.0)",4.9098841576939405,139.62094569028608,2.027855648979361,0,,,0.0,0.0,0.0,0.0,41.93443099295177,-11.824425411525425,False,True,False,True,True,4.736743806717733
2024-04-16 00:00:00+00:00,149.3225482537,150.2197189915,148.8568038817,149.7637797641,243925,124.16513771922448,127.89311685207109,131.44388183432855,132.70695387079618,142.21254652044178,,,,136.68672921811884,,139.65041801970523,"rgba(0, 255, 0, 1.0)",4.8237305777286394,139.65041801970523,2.005114107875634,0,,,0.0,0.0,0.0,0.0,41.23045260629835,-11.824425411525425,False,True,False,True,True,4.360105311237458
2024-04-17 00:00:00+00:00,149.8716363555,150.7639045209,148.6067726924,150.2050112745,360686,124.22796993130935,127.95773659165718,131.51191455753272,132.780206157243,142.28118522348566,,,,136.76963811878875,,139.6989967689155,"rgba(0, 255, 0, 1.0)",4.7411178588433565,139.6989967689155,2.145620482226572,0,,,0.0,0.0,0.0,0.0,41.92620428354993,-11.824425411525425,False,True,False,True,True,5.085909591290406
2024-04-18 00:00:00+00:00,147.8517765525,150.067739249,147.4105450421,150.067739249,380571,124.29056159675866,128.0214499525256,131.57805738588195,132.850928936661,142.33985003567523,,,,136.84730766165032,,139.7309440601136,"rgba(0, 255, 255, 0.75)",4.676320689568591,139.7309440601136,1.7365858826794032,0,,,0.0,0.0,0.0,0.0,39.64226978862695,-11.824425411525425,False,True,False,True,False,2.1118891950247587
2024-04-19 00:00:00+00:00,147.292883306,148.6754087052,146.5869128894,147.8517765525,408861,124.35488509267792,128.08637906501446,131.64467785768443,132.92173557096154,142.39227921877227,147.51840163353333,,,136.92304278023397,,140.5472219899316,"rgba(38, 166, 154, 1.0)",4.562454835643395,140.5472219899316,1.4785157462533296,0,,,0.0,0.0,0.0,0.0,37.479540533612244,-7.380663690772167,False,True,False,True,False,1.3117586462232538
2024-04-22 00:00:00+00:00,150.008908381,150.9992279931,148.1557360374,148.2537874841,354581,124.41565908555863,128.14868295658113,131.7099601777309,132.9917748733276,142.4560693381062,148.5415345563934,,,137.00133412836507,,140.64454306144594,"rgba(0, 255, 0, 1.0)",4.410103422311571,140.64454306144594,2.1233890507369755,0,,,0.0,0.0,0.0,0.0,41.08254569402533,-7.380663690772167,False,True,False,True,True,4.917763439304348
2024-04-23 00:00:00+00:00,150.5972170614,151.607146963,150.2246215638,150.7148787975,323424,124.47321273136565,128.20805147540153,131.77266972066272,133.05927562648458,142.52186599616937,149.2164722266542,,,137.07795455580563,,140.7317225068857,"rgba(0, 255, 0, 1.0)",4.271975006003,140.7317225068857,2.3093521241700286,0,,,0.0,0.0,0.0,0.0,44.36682376551471,-11.140446527780256,False,True,False,True,True,5.667673682600359
2024-04-24 00:00:00+00:00,149.6559231727,152.1954556435,149.1166402155,150.5678016274,229126,124.51308315170587,128.24902033559346,131.81571684818636,133.10548358753857,142.56515280727916,149.4090716959631,,,137.12981598364402,,140.77485147533844,"rgba(0, 255, 0, 1.0)",4.120969820882105,140.77485147533844,2.1550926319233623,0,,,0.0,0.0,0.0,0.0,45.15324094698078,-10.423209691983232,False,True,False,True,True,4.282599228312687
2024-04-25 00:00:00+00:00,149.5970923046,150.1559855511,146.8810672297,149.0676144922,259010,124.55549143784603,128.29213120183678,131.86035877610908,133.15306342285473,142.60450519677232,149.3217445981044,,,137.18158838819218,,140.79600951050628,"rgba(0, 255, 0, 1.0)",4.02447813757626,140.79600951050628,2.186887962421428,0,,,0.0,0.0,0.0,0.0,45.589527492650376,-9.916420858529492,False,True,False,True,True,4.195877065293182
2024-04-26 00:00:00+00:00,151.3914337801,152.2346762222,149.4892357132,149.9794929469,278801,124.60501550369872,128.3431841733879,131.91421877187815,133.21095145482687,142.66071947155905,149.57992671593442,,,137.24700879051215,,140.8552113296372,"rgba(0, 255, 0, 1.0)",3.874757207676636,140.8552113296372,2.719195522648106,0,,,0.0,0.0,0.0,0.0,48.72391270757633,-6.8413314796867155,False,False,False,False,True,6.526897034570659
2024-04-29 00:00:00+00:00,150.6168273508,152.2640916562,149.8422209215,152.1660402094,271144,124.65276476505507,128.3923309375813,131.96595406938442,133.26648112267128,142.713833736991,149.7493527619138,,,137.3094451608639,,140.9068787035013,"rgba(0, 255, 0, 1.0)",3.7230266895601654,140.9068787035013,2.6080792475989045,0,,,0.0,0.0,0.0,0.0,49.52408612668504,-5.994426726470856,False,False,False,False,True,5.36146958580677
2024-04-30 00:00:00+00:00,148.1557360374,150.8325405336,148.0400353302,149.6265077386,426997,124.72219830922506,128.4628057796926,132.03874987127008,133.34389193286847,142.77704509352603,149.62554844554947,,,137.39305555127928,,140.94370950598616,"rgba(0, 255, 0, 1.0)",3.55363066759915,140.94370950598616,2.0294811717972707,0,,,0.0,0.0,0.0,0.0,46.69478457193361,-5.994426726470856,False,True,False,False,True,1.8020616666643576
2024-05-01 00:00:00+00:00,148.528331535,150.038323815,146.930092953,148.3126183522,405092,124.78632800458827,128.5275711058375,132.10517842558218,133.41426063877753,142.83103435187897,149.47120817045027,,,137.46784172892606,,140.97098154061254,"rgba(0, 255, 0, 1.0)",3.4156628489024725,140.97098154061254,2.2125573654951944,0,,,0.0,0.0,0.0,0.0,45.43391766434571,-5.994426726470856,False,True,False,True,False,2.299513469146376
2024-05-02 00:00:00+00:00,159.7846376218,162.6820578732,150.5285810487,151.6267572523,1538508,125.1197104560779,128.88094028902117,132.49102973782382,133.83450677998502,143.34423181538756,152.27539740798457,,,137.97150473017817,,141.61061165813103,"rgba(0, 255, 0, 1.0)",3.4736755350697224,141.61061165813103,5.231929631937881,0,,,0.0,0.0,0.0,0.0,54.372983567257094,-1.7610239320089534,True,False,True,False,True,14.892123661159218
2024-05-03 00:00:00+00:00,161.5299533739,162.8732581944,158.451137946,161.2946299017,619405,125.26539074322609,129.0367668745278,132.6629572390964,134.0223836606885,143.58610234724947,153.32604136464488,,,138.19992427870537,,141.8988604347536,"rgba(0, 255, 0, 1.0)",3.5878080871967746,141.8988604347536,5.47161176463164,0,,,0.0,0.0,0.0,0.0,61.077787947853906,4.152429058061365,True,False,True,False,True,16.49544352230519
2024-05-06 00:00:00+00:00,163.8145520832,165.0009745888,161.1377475869,161.1377475869,410482,125.3676412399536,129.14679717444997,132.78518976697245,134.15627780632607,143.76411030455452,154.06832189684923,,,138.36429878190734,,142.1101257603749,"rgba(0, 255, 0, 1.0)",3.8289938808667676,142.1101257603749,5.66844110962953,0,,,0.0,0.0,0.0,0.0,66.43188313902887,8.70317115348925,True,False,True,False,True,18.50816782919932
2024-05-07 00:00:00+00:00,163.6772800577,164.7656511166,162.9418942071,164.7656511166,285119,125.43923016349859,129.22387044810802,132.8708378132689,134.250072151326,143.88884693201544,154.5455992868379,,,138.4793714092509,,142.25519734799573,"rgba(0, 255, 0, 1.0)",4.047455386650716,142.25519734799573,5.29272855739396,0,,,0.0,0.0,0.0,0.0,69.8257792471002,11.471044935661936,True,False,True,False,True,18.311345172550272
2024-05-08 00:00:00+00:00,163.6968903471,165.3539597971,162.1770929225,163.3537102835,383158,125.53488552014278,129.32675132239095,132.9850004570248,134.37496553772021,144.05361428118434,155.11455130582834,,,138.63206584173312,,142.4422679608424,"rgba(0, 255, 0, 1.0)",4.21291278060156,142.4422679608424,5.045113320200916,0,,,0.0,0.0,0.0,0.0,72.09672867717657,13.350086806675613,True,False,True,False,True,18.328733761589586
2024-05-09 00:00:00+00:00,164.5989636572,166.3344742646,163.7557212151,164.2165630149,348545,125.62410073136735,129.4229266666164,133.09198722828336,134.49208866951682,144.20978428314837,155.63568824528437,,,138.77568070713693,,142.61851416865107,"rgba(0, 255, 0, 1.0)",4.4078965730854085,142.61851416865107,4.986607358884374,0,,,0.0,0.0,0.0,0.0,74.0111452090656,15.075772874627603,True,False,True,False,True,19.133101253360117
2024-05-10 00:00:00+00:00,164.5107173551,166.0109044904,163.8145520832,164.5695482231,250315,125.68773220380082,129.4914487393301,133.16809789739966,134.57532669173017,144.3198751677171,155.9726210747929,,,138.87739530765575,,142.740423894947,"rgba(0, 255, 0, 1.0)",4.570291932800785,142.740423894947,4.76343607372399,0,,,0.0,0.0,0.0,0.0,75.14463097622146,16.231943459409692,True,False,True,False,True,18.999918595389254
2024-05-13 00:00:00+00:00,164.2263681595,165.6677244267,164.0057524043,164.7264305379,256642,125.75251573006783,129.56113914631592,133.24539637270877,134.65978628043734,144.4307380971306,156.28793147905196,,,138.98027702461792,,142.86132251987567,"rgba(0, 255, 0, 1.0)",4.69066956745998,142.86132251987567,4.554796566323388,0,,,0.0,0.0,0.0,0.0,75.40658564559817,16.735396571823557,True,False,True,False,True,18.56466078679217
2024-05-14 00:00:00+00:00,164.5597430785,165.3049340738,163.2948794154,164.363640185,318437,125.83209075919498,129.64662080163228,133.34003075004708,134.7630674108009,144.5649642358387,156.63796044603714,,,139.10557693113773,,143.00519567924812,"rgba(0, 255, 0, 1.0)",4.814765694904458,143.00519567924812,4.476759361740778,0,,,0.0,0.0,0.0,0.0,75.77442513916304,17.481156389527555,True,False,True,False,True,18.875564510023146
2024-05-15 00:00:00+00:00,167.0012241025,167.2668050338,164.0798338588,164.8864129833,303961,125.91113669277125,129.73186854100527,133.43483023834924,134.86670272487746,144.70244771247437,157.01349325473643,,,139.23213667908087,,143.15411719533736,"rgba(0, 255, 0, 1.0)",5.009112281823261,143.15411719533736,4.760745131167745,0,,,0.0,0.0,0.0,0.0,77.29180647435209,19.36490252603734,True,False,True,False,True,20.0
2024-05-16 00:00:00+00:00,168.2209291201,168.9488175984,166.3716989321,167.070078418,244577,125.97724379774122,129.80342285706053,133.51473141671835,134.9541871929626,144.82064541024369,157.3482078819462,,,139.33961536215082,,143.28323161782157,"rgba(0, 255, 0, 1.0)",5.247272108315961,143.28323161782157,4.752507014598457,0,,,0.0,0.0,0.0,0.0,78.84091078287318,21.259526586107597,True,False,True,False,True,20.0
2024-05-17 00:00:00+00:00,168.2209291201,168.7717636442,167.8274758886,168.6832366671,277357,126.05271993169964,129.88514851975464,133.60601312238074,135.05411539879114,144.95568674634762,157.71803275282312,,,139.4623341596323,,143.4297758057852,"rgba(0, 255, 0, 1.0)",5.420862564184425,143.4297758057852,4.573285712519198,0,,,0.0,0.0,0.0,0.0,79.87364698855392,22.656739718689792,True,False,True,False,True,20.0
2024-05-20 00:00:00+00:00,168.4963463821,169.0078355831,167.0749965834,167.8176395578,233247,126.11586400210196,129.9534652153757,133.68223033712056,135.1374864198285,145.06766640008001,158.0079733894615,,,139.56444767533196,,143.54994843301725,"rgba(0, 255, 0, 1.0)",5.634668654646972,143.54994843301725,4.4273052202473675,0,,,0.0,0.0,0.0,0.0,80.69401014007857,23.86231789765408,True,False,True,False,True,20.0
2024-05-21 00:00:00+00:00,170.2668859238,170.3160675778,167.6110766113,168.7914363058,250063,126.18528319911901,130.02873646986228,133.76641021477303,135.2296446290296,145.19271987349757,158.3362291594518,,,139.67769382228278,,143.68457254220692,"rgba(0, 255, 0, 1.0)",5.879555219983566,143.68457254220692,4.521143587740193,0,,,0.0,0.0,0.0,0.0,82.0306855996335,25.544883400257632,True,False,True,False,True,20.0
2024-05-22 00:00:00+00:00,169.8045783768,171.6931538879,168.7619273134,170.1783589467,370475,126.2893534528292,130.14166738796578,133.89279398794437,135.36800479022526,145.38084821922772,158.8173879919133,,,139.84774999013263,,143.88611113159973,"rgba(0, 255, 0, 1.0)",6.05439911691852,143.88611113159973,4.280931392972302,0,,,0.0,0.0,0.0,0.0,81.87446955183749,25.796011939467277,True,False,True,False,True,20.0
2024-05-23 00:00:00+00:00,169.8931053539,171.6046269109,168.7225819903,171.3587186412,337992,126.38384111031714,130.2441089258661,134.00729017951545,135.49323159189723,145.54992835920987,159.22275033314793,,,140.00117841803265,,144.06502974127724,"rgba(0, 255, 0, 1.0)",6.209462222647125,144.06502974127724,4.159470608972017,0,,,0.0,0.0,0.0,0.0,81.81797419538879,26.186532866856496,True,False,True,False,True,20.0
2024-05-24 00:00:00+00:00,172.9128589055,173.1489308444,170.2177042699,170.6996844784,471898,126.52115003042988,130.39346817817375,134.17482526536477,135.67669076246548,145.8012843944764,159.83890018419348,,,140.2270184357315,,146.18401287985301,"rgba(0, 255, 0, 1.0)",6.44258190335292,146.18401287985301,4.148778614942631,0,,,0.0,0.0,0.0,0.0,83.15456067388943,27.87859403949544,True,False,True,False,True,20.0
2024-05-28 00:00:00+00:00,169.6668697458,172.0964434502,169.5586701071,172.0964434502,577983,126.68214912387913,130.56776568273798,134.36917003793212,135.8888184102686,146.0837879424384,160.4261086306054,,,140.48521297374415,,146.41992074705036,"rgba(0, 255, 0, 1.0)",6.6366735908773276,146.41992074705036,3.5028013176216097,0,,,0.0,0.0,0.0,0.0,78.02640986638366,27.87859403949544,True,False,True,False,False,20.0
2024-05-29 00:00:00+00:00,166.2831719551,168.9979992523,165.7372555964,168.8602906213,414205,126.7878041901153,130.68106463994306,134.49402926446723,136.0242984881305,146.2542984516691,160.67731898110384,,,140.6466419186593,,146.5216753434799,"rgba(0, 255, 0, 1.0)",6.747487403843076,146.5216753434799,2.928719303775921,0,,,0.0,0.0,0.0,0.0,70.21700812324254,26.05376001651078,True,False,True,False,False,15.567145712489136
2024-05-30 00:00:00+00:00,166.7553158328,167.119260072,165.5847924692,166.1848086472,810834,126.9903845367764,130.89768362461285,134.7318415236703,136.28173176727233,146.572004559089,161.0812769022634,,,140.95090864253066,,146.75316611168103,"rgba(0, 255, 0, 1.0)",6.839279292830049,146.75316611168103,2.924599049798741,0,,,0.0,0.0,0.0,0.0,65.44914088818003,21.88695209113135,True,False,True,False,False,16.008893521693345
2024-05-31 00:00:00+00:00,169.2930891759,169.3422708298,166.3274354436,167.2766413646,464407,127.11083044181706,131.02691087555203,134.87424055016498,136.43606358097634,146.765869577083,161.35857542460582,,,141.13426159044536,,146.93176365792274,"rgba(0, 255, 0, 1.0)",6.956034805201129,146.93176365792274,3.214665559358239,0,,,0.0,0.0,0.0,0.0,64.41946882135534,21.181660239295525,True,False,True,False,False,18.319540361490578
2024-06-03 00:00:00+00:00,165.7913554157,169.1848895372,165.0634669375,168.7717636442,461722,127.22514514345487,131.14889462591208,135.0077365871475,136.58021456816124,146.94080219925434,161.55378459500508,,,141.30327782583666,,147.07700269091328,"rgba(0, 255, 0, 1.0)",7.03181947046148,147.07700269091328,2.661381283094651,0,,,0.0,0.0,0.0,0.0,59.957408290009845,17.128863473250547,True,False,True,False,False,13.441904947588366
2024-06-04 00:00:00+00:00,167.532385965,168.019284339,164.6798500368,165.9880820315,421647,127.32913069055355,131.2597630684246,135.1289147939055,136.71093589912294,147.0983969796374,161.72201713004205,,,141.45606631650608,,147.2106097912709,"rgba(0, 255, 0, 1.0)",7.144898127494157,147.2106097912709,2.8442359584567374,0,,,0.0,0.0,0.0,0.0,58.45761255987118,15.839054580325438,False,False,True,False,False,15.032108488054547
2024-06-05 00:00:00+00:00,168.8504542905,169.5783427687,167.3061503569,167.9651845196,291819,127.4041132281312,131.34003685795852,135.21707602559275,136.80623157086902,147.21605506373865,161.87245496431385,,,141.56833348901208,,147.32111690727146,"rgba(0, 255, 0, 1.0)",7.282193337223604,147.32111690727146,2.9564358409957827,0,,,0.0,0.0,0.0,0.0,58.496828654087764,15.822322818779085,False,False,True,False,False,16.205411950421915
2024-06-06 00:00:00+00:00,169.4307978069,170.3603310663,168.4785426234,169.2537438528,283017,127.47806108678405,131.41931914160102,135.3042895264081,136.9005533480714,147.3334042986587,162.02978540640459,,,141.67970844011597,,147.43460454466975,"rgba(0, 255, 0, 1.0)",7.420999968907982,147.43460454466975,2.9640470764571405,0,,,0.0,0.0,0.0,0.0,58.97566441004572,15.822322818779085,False,False,True,False,False,16.717741123521805
2024-06-07 00:00:00+00:00,167.9553481889,169.4917830578,167.8274758886,168.8012726365,285469,127.55061736410667,131.496862598789,135.38924834281747,136.9922377030698,147.44522740837994,162.16142342249123,,,141.78713946271847,,147.53769523299783,"rgba(0, 255, 0, 1.0)",7.517876565606782,147.53769523299783,2.7158803124422155,0,,,0.0,0.0,0.0,0.0,57.61706587145588,14.514897887061835,False,False,True,False,False,14.690198963277517
2024-06-10 00:00:00+00:00,167.9455118581,168.0930568199,166.5290802247,167.3750046724,286331,127.62153402958164,131.57242193797535,135.4717113816989,137.08104019755126,147.55143037433675,162.26987234357975,,,141.89041055409518,,147.63144167827912,"rgba(0, 255, 0, 1.0)",7.614650429105471,147.63144167827912,2.6677613593625287,0,,,0.0,0.0,0.0,0.0,56.700069765830676,13.326304385557883,False,False,True,False,False,14.67671309569415
2024-06-11 00:00:00+00:00,167.3258230185,168.1520748046,166.9422061178,167.9553481889,205603,127.67223889490232,131.62640894805764,135.53057378224216,137.1443852710756,147.62681400378042,162.34437341531543,,,141.9639143734108,,147.69782647024562,"rgba(0, 255, 0, 1.0)",7.696019776949677,147.69782647024562,2.5504087979402184,0,,,0.0,0.0,0.0,0.0,55.340555332993254,11.707411446659812,False,False,True,False,False,13.818193303938855
2024-06-12 00:00:00+00:00,167.5422222958,170.1095046312,167.4340226571,169.4406341377,362860,127.76340241982395,131.7236451544975,135.63680600778665,137.2587948818188,147.76436719435827,162.4926793846831,,,142.09709567340494,,147.82348413897364,"rgba(0, 255, 0, 1.0)",7.779660535413268,147.82348413897364,2.534652773995218,0,,,0.0,0.0,0.0,0.0,54.678548995561115,10.743591227203048,False,False,False,False,False,14.026196482872045
2024-06-13 00:00:00+00:00,165.5257744845,167.8717393772,165.4667564997,167.6799309268,299306,127.8344665520854,131.79894614761915,135.7183956558461,137.34628638408154,147.86517615382527,162.5682989723184,,,142.1973489735586,,147.9072205567556,"rgba(0, 255, 0, 1.0)",7.822366283323439,147.9072205567556,2.25233047004019,0,,,0.0,0.0,0.0,0.0,51.802900182870545,7.7295134466184265,False,False,False,False,False,11.238447233007243
2024-06-14 00:00:00+00:00,164.5913230597,165.1716665761,163.7552349428,164.8962493141,692715,127.99036087363343,131.9630309873762,135.89466016951945,137.53442419062483,148.07216687407706,162.65371512838146,,,142.4092891197091,,148.06399555312095,"rgba(0, 255, 0, 1.0)",7.845844879942212,148.06399555312095,2.106507044108266,0,,,0.0,0.0,0.0,0.0,48.88460237461599,4.793647748465659,False,True,False,True,False,9.980110574492787
2024-06-17 00:00:00+00:00,164.4732870902,164.945430968,163.4399805411,164.0798338588,497522,128.10084281453337,132.0790785675235,136.01896835102087,137.66685993335378,148.2157360145992,162.70381262258437,,,142.55755101279263,,148.17325924593607,"rgba(0, 255, 0, 1.0)",7.871687121168209,148.17325924593607,2.070715920660842,0,,,0.0,0.0,0.0,0.0,46.8101978400164,2.715770185602018,False,True,False,True,False,9.820585574864502
2024-06-18 00:00:00+00:00,163.9027799046,164.9355946372,163.0371827953,164.2667241437,425792,128.19401183178596,132.17673148959045,136.12326985853414,137.77778230184356,148.33413751591627,162.73592162419249,,,142.68096088044882,,148.26267992086406,"rgba(0, 255, 255, 0.75)",7.896470581391194,148.26267992086406,1.9806443679526113,0,,,0.0,0.0,0.0,0.0,44.77918728638471,0.6875550099899925,False,True,False,True,False,9.042493376895646
2024-06-20 00:00:00+00:00,164.1683608358,164.8765766525,163.7060532889,163.8044165967,426585,128.2876277659514,132.27486098410174,136.22807493889138,137.8892048715461,148.45316926749774,162.77377821489765,,,142.80485770346044,,148.35513439625007,"rgba(0, 255, 255, 0.75)",7.919727888532927,148.35513439625007,1.9966881011715194,0,,,0.0,0.0,0.0,0.0,43.87581907261988,-0.30271261021425744,False,True,False,True,False,9.32865763059159
2024-06-21 00:00:00+00:00,162.5158572636,164.7388680215,161.9748590703,164.020815874,739145,128.44343361450507,132.43728638445467,136.40030399055112,138.07156409062299,148.64023889102177,162.78634695381413,,,143.0046299850751,,148.4921602121003,"rgba(0, 255, 255, 0.75)",7.91684393012802,148.4921602121003,1.7713747012406924,0,,,0.0,0.0,0.0,0.0,41.380308604874536,-2.8123181355961435,False,True,False,True,False,7.067951114651692
2024-06-24 00:00:00+00:00,162.6732385562,163.9667160547,162.4371666173,163.283091065,680919,128.5855271354353,132.58516247141753,136.55672324745134,138.2368999834521,148.8077940473247,162.79516404826958,,,143.18475499203947,,148.61684630737253,"rgba(0, 255, 255, 0.75)",7.917338446923388,148.61684630737253,1.7753936304554059,0,,,0.0,0.0,0.0,0.0,40.012356099566745,-4.237378757140576,False,True,False,True,False,7.244472916663309
2024-06-25 00:00:00+00:00,165.3979021842,165.4667564997,161.8371504393,163.7749076044,705387,128.73662148971374,132.74287283120492,136.72414555137541,138.41411872787728,148.99170782479547,162.84804917831252,,,143.37912304242977,,150.07508366500343,"rgba(0, 255, 255, 0.75)",7.934059089575093,150.07508366500343,1.9312710362001078,0,,,0.0,0.0,0.0,0.0,43.48811083056356,-4.237378757140576,False,True,False,True,True,10.218260572630914
2024-06-26 00:00:00+00:00,165.5061018229,166.0766090085,164.1585245051,164.945430968,643942,128.87734527145707,132.89006714521076,136.88078919756262,138.58006955430005,149.1667214725495,162.92593575927458,,,143.56192108736693,,150.23881548171767,"rgba(0, 255, 255, 0.75)",7.949647912149518,150.23881548171767,1.9204984308612223,0,,,0.0,0.0,0.0,0.0,45.95534782298975,-9.991221192718342,False,True,False,True,True,10.333269874782381
2024-06-27 00:00:00+00:00,167.6996035884,168.0537114967,165.9684093699,165.9684093699,432548,128.976412495882,132.9942396570634,136.99237416855394,138.69864145587388,149.29649431169952,163.01802096171437,,,143.6941347025465,,150.38049011248708,"rgba(0, 255, 0, 1.0)",8.002432972884932,150.38049011248708,2.164230995073148,0,,,0.0,0.0,0.0,0.0,50.3576801767383,-5.864210205650885,False,True,False,False,True,12.624051180185727
2024-06-28 00:00:00+00:00,165.8110280773,167.8864938734,165.6044651308,167.207787049,330642,129.0502066337956,133.0715791264111,137.07485898200642,138.78607621327734,149.39004072511045,163.07285568931306,,,143.79078005792184,,150.46698619579678,"rgba(0, 255, 255, 0.75)",8.02873762646471,150.46698619579678,1.9111400316440095,0,,,0.0,0.0,0.0,0.0,50.57928067644924,-5.679441519378031,False,True,False,False,True,9.97929203526716
2024-07-01 00:00:00+00:00,165.3192115379,165.6044651308,163.9519615585,165.4667564997,214760,129.09609656816255,133.1194085072663,137.12550767769247,138.8395575339454,149.44504353487633,163.09231386400344,,,143.84905292197266,,150.50775651005526,"rgba(0, 255, 255, 0.75)",8.03019485482535,150.50775651005526,1.8444701897793339,0,,,0.0,0.0,0.0,0.0,50.08212439571071,-5.679441519378031,False,True,False,False,True,9.303132446677324
2024-07-02 00:00:00+00:00,165.5946288,166.7897429906,164.6306683828,164.6306683828,422976,129.1879264360325,133.21529204834155,137.22726773930034,138.94711249118268,149.55717237447317,163.1436909235318,,,143.96673554718592,,150.60025713580694,"rgba(0, 255, 255, 0.75)",8.038880120400096,150.60025713580694,1.865231405322511,0,,,0.0,0.0,0.0,0.0,50.1380329286773,-5.679441519378031,False,True,False,False,True,9.600485619829211
2024-07-03 00:00:00+00:00,165.6438104539,167.5028769727,165.6438104539,165.6438104539,370608,129.26930786284206,133.30036477090223,137.3176773143634,139.0427162750172,149.65771432204608,163.19720513381745,,,144.0715929244885,,150.68799530555768,"rgba(0, 255, 255, 0.75)",8.046367077130704,150.68799530555768,1.8587040592330872,0,,,0.0,0.0,0.0,0.0,50.249322659066905,-5.340233753343824,False,True,False,False,True,9.654378364895415
2024-07-05 00:00:00+00:00,166.4503895784,167.0208967641,164.8273949986,166.9225334562,441675,129.36540170449712,133.40067918670582,137.4240849596582,139.1551015266263,149.77479930079534,163.25534732116873,,,144.19436295384935,,150.7874353723347,"rgba(0, 255, 255, 0.75)",8.053660205959783,150.7874353723347,1.9448243165852188,0,,,0.0,0.0,0.0,0.0,51.55377086280449,-3.765686143027793,False,True,False,False,True,10.543255876513523
2024-07-08 00:00:00+00:00,165.1224849222,167.0504057565,164.0798338588,166.8044974868,370801,129.44419878657487,133.48267728134763,137.5107019085134,139.2463643858088,149.86776308992265,163.29111056944393,,,144.29320455746458,,150.86093803188137,"rgba(0, 255, 255, 0.75)",8.049135025106661,150.86093803188137,1.7718111133475027,0,,,0.0,0.0,0.0,0.0,50.276665756869974,-3.765686143027793,False,True,False,False,True,8.632116532191159
2024-07-09 00:00:00+00:00,164.2863968053,166.0274273546,164.1585245051,165.2601935532,609560,129.5708628608087,133.61407699490482,137.648929245596,139.39164995769988,150.01246657719472,163.33168982283576,,,144.44919577868052,,150.96916380600868,"rgba(0, 255, 255, 0.75)",8.039596701006179,150.96916380600868,1.6564553539886684,0,,,0.0,0.0,0.0,0.0,48.21491323196156,-3.765686143027793,False,True,False,False,False,7.4486681952102245
2024-07-10 00:00:00+00:00,164.945430968,165.2503572224,164.207706159,164.3355784592,427286,129.65905435087186,133.70546265583792,137.74491080884428,139.49242034352397,150.11208737361613,163.3584593177033,,,144.55701437710624,,151.04436454620492,"rgba(0, 255, 255, 0.75)",8.018643947728743,151.04436454620492,1.7335931751568205,0,,,0.0,0.0,0.0,0.0,47.993783317089495,-3.765686143027793,False,True,False,False,False,8.208862924564137
2024-07-11 00:00:00+00:00,162.4568392789,166.8044974868,162.0092862281,165.2503572224,803635,129.818839783274,133.870173197184,137.91670864920064,139.67206731454078,150.2827974915063,163.3716577731919,,,144.74643168427178,,151.16122455890795,"rgba(38, 166, 154, 1.0)",7.981198714529982,151.16122455890795,1.4152779706421896,0,,,0.0,0.0,0.0,0.0,44.60495059474901,-0.6362825348950523,False,True,False,True,False,4.750702788757565
2024-07-12 00:00:00+00:00,162.358475971,163.4896540115,162.3486396402,163.3716180421,435674,129.90224331217254,133.95567956316827,138.00524446732226,139.76425552293594,150.36666815700772,163.36037714573803,,,144.8421154289572,,151.2128197519162,"rgba(38, 166, 154, 1.0)",7.931773299552983,151.2128197519162,1.4051909703107561,0,,,0.0,0.0,0.0,0.0,42.23460605512809,-2.937501724147211,False,True,False,True,False,4.617247412251629
2024-07-15 00:00:00+00:00,161.3354975692,163.5093266731,160.7944993759,162.8109471872,335862,129.96458923457826,134.01930904229,138.07072864158155,139.83220286893692,150.42615236556048,163.34051022072862,,,144.91170425096266,,151.24550979280042,"rgba(38, 166, 154, 1.0)",7.870576003715349,151.24550979280042,1.281988481101832,0,,,0.0,0.0,0.0,0.0,39.50973775215823,-5.52140207024474,False,True,False,True,False,3.2280268727113217
2024-07-16 00:00:00+00:00,162.2994579863,162.6142205715,161.1190982919,161.896168424,615749,130.07872842056895,134.13575906509615,138.19051122659053,139.95642968191834,150.5348562788965,163.3085877411932,,,145.03879349881802,,151.30893895311206,"rgba(38, 166, 154, 1.0)",7.820743396089873,151.30893895311206,1.4053036235254652,0,,,0.0,0.0,0.0,0.0,39.59885937191369,-5.52140207024474,False,True,False,True,False,4.412321064429197
2024-07-17 00:00:00+00:00,161.3256612384,161.5518968465,160.2141558595,161.0108986532,1064936,130.26822251048873,134.32788515408828,138.38645932327788,140.15862060063463,150.70246557801676,163.21776639130402,,,145.24174954344718,,151.39623525606217,"rgba(38, 166, 154, 1.0)",7.765307599705396,151.39623525606217,1.2786906191217107,0,,,0.0,0.0,0.0,0.0,38.4930926201273,-6.638428329584244,False,True,False,True,False,3.084160135931903
2024-07-18 00:00:00+00:00,160.4305551368,161.5223878541,158.8469058801,161.3650065615,665673,130.38258556987253,134.4431956998371,138.50316955135378,140.2784935504029,150.79699265557932,163.14600854962532,,,145.36000511196758,,151.44118577817827,"rgba(38, 166, 154, 1.0)",7.700228903601363,151.44118577817827,1.1674158614190602,0,,,0.0,0.0,0.0,0.0,36.76901012268181,-8.40107173810297,False,True,False,True,False,1.8781639478796173
2024-07-19 00:00:00+00:00,159.9977565821,161.2371342613,159.496103712,160.6371180833,371857,130.4460432779776,134.50710819318746,138.56775739596472,140.344760441132,150.8488622080108,163.10711454644118,,,145.4251575167057,,151.46689458138752,"rgba(38, 166, 154, 1.0)",7.5885970615236555,151.46689458138752,1.1241685296438237,0,,,0.0,0.0,0.0,0.0,35.15760540921809,-10.039135528668226,False,True,False,True,False,1.2967648899505946
2024-07-22 00:00:00+00:00,162.9486558183,163.1011189455,160.0764472284,160.9125353453,368785,130.51249318320959,134.57458808145518,138.63671686625017,140.4159472596274,150.90948377604244,163.0931456081839,,,145.49698441734378,,151.50769539289166,"rgba(0, 255, 255, 0.75)",7.467874855062885,151.50769539289166,1.5320235873599155,0,,,0.0,0.0,0.0,0.0,39.47845733149737,-10.039135528668226,False,True,False,True,True,4.98085808383734
2024-07-23 00:00:00+00:00,162.2994579863,163.8142529275,162.2896216555,163.0863644493,359013,130.57846523029156,134.64176950967462,138.7056254881693,140.4872171196356,150.97185250420898,163.08946382166417,,,145.56949470503412,,151.553352056974,"rgba(38, 166, 154, 1.0)",7.332968347469879,151.553352056974,1.46545101794061,0,,,0.0,0.0,0.0,0.0,41.48621590588688,-13.697822312422119,False,True,False,True,True,4.093333196674031
2024-07-24 00:00:00+00:00,160.8240083682,162.0240407243,159.8698842819,161.8666594317,680112,130.69539896396077,134.75965834506846,138.82491107443497,140.60963187022887,151.06958338294484,163.03853140428524,,,145.69027945392628,,151.61145865913443,"rgba(38, 166, 154, 1.0)",7.1865570824259795,151.61145865913443,1.2819142189232666,0,,,0.0,0.0,0.0,0.0,41.008502630215574,-13.697822312422119,False,True,False,True,True,2.108972374973156
2024-07-25 00:00:00+00:00,159.682993997,161.9060047548,159.633812343,160.6272817525,617431,130.79903919462262,134.863746863785,138.92967901598743,140.7168024929033,151.15224490979338,162.98397320656665,,,145.79475847581492,,151.65811315741666,"rgba(38, 166, 154, 1.0)",7.081704787302223,151.65811315741666,1.1331848870588725,0,,,0.0,0.0,0.0,0.0,39.45576456531028,-13.697822312422119,False,True,False,True,True,0.6120055437074257
2024-07-26 00:00:00+00:00,159.0534688266,160.833844699,158.4731253101,160.6469544141,760810,130.92167309569803,134.98610291100522,139.05171231629816,140.84095290558943,151.2418159347367,162.89600691654894,,,145.91320315424028,,151.70142379486623,"rgba(38, 166, 154, 1.0)",6.987799164076222,151.70142379486623,1.0521259783094683,0,,,0.0,0.0,0.0,0.0,37.776900996247406,-13.697822312422119,False,True,False,True,False,0.0
2024-07-29 00:00:00+00:00,159.4370857273,159.7321756509,158.1534445596,159.2993770963,744736,131.0392605484628,135.10302356748954,139.16776829312013,140.95866797255977,151.32402661865535,162.80580786244772,,,146.0242609896222,,151.73984871441354,"rgba(38, 166, 154, 1.0)",6.85980818041235,151.73984871441354,1.1220775873683062,0,,,0.0,0.0,0.0,0.0,37.40934503337482,-13.697822312422119,False,True,False,True,False,0.296737541786694
2024-07-30 00:00:00+00:00,158.0009814324,160.6469544141,157.4599832391,160.5879364294,704496,131.14800322389453,135.21073997808807,139.2741194477932,141.06618110806008,151.39626468552322,162.71542952135596,,,146.12441222769377,,151.77167027113381,"rgba(38, 166, 154, 0.5)",6.767081396920231,151.77167027113381,0.9205314368024626,0,,,0.0,0.0,0.0,0.0,35.64799776218162,-9.358622907635493,False,True,False,True,False,0.0
2024-07-31 00:00:00+00:00,159.2698681039,160.0469382361,157.6173645317,158.9354328571,611727,131.24267229073186,135.30456493565566,139.36682710380018,141.1599269324953,151.4601742768308,162.64529001935068,,,146.21197697150947,,151.80333726369201,"rgba(38, 166, 154, 1.0)",6.612282079305833,151.80333726369201,1.1291912157794435,0,,,0.0,0.0,0.0,0.0,36.907830381647194,-9.358622907635493,False,True,False,True,False,0.10345067608513148
2024-08-01 00:00:00+00:00,156.2697872138,158.1829535519,152.9746164002,154.2533394025,1149814,131.39874909199278,135.4555896041309,139.51096261871504,141.3026331924238,151.52800414710867,162.4123610830935,,,146.3333128123411,,151.79702227492572,"rgba(38, 166, 154, 0.5)",6.483842017845925,151.79702227492572,0.6898324984729061,0,,,0.0,0.0,0.0,0.0,34.8743993516906,-10.246070458462825,False,True,False,True,False,0.0
2024-08-02 00:00:00+00:00,154.8533555805,156.1615875752,152.5467360109,156.0927332597,519024,131.4648692664712,135.51876558856006,139.57012183468728,141.36050232611439,151.54892562091135,162.29281985753312,,,146.3797721963676,,151.78385236968523,#000000,6.364980395311571,151.78385236968523,0.4822486512410544,0,,,0.0,0.0,0.0,0.0,32.471674344877414,-12.602924146004725,False,True,False,True,False,0.0
2024-08-05 00:00:00+00:00,152.2368915912,153.4565966088,147.5520439639,150.0138808333,375591,131.50538037531965,135.55599609592156,139.60286227217185,141.39120412631027,151.54657447873555,162.17126338152156,,,146.3990019098965,,152.23647407305143,#000000,6.307963916930506,152.23647407305143,6.618905150135258e-05,0,,,0.0,0.0,0.0,0.0,29.287081394430338,-15.627095976340541,False,True,False,True,False,0.0
2024-08-06 00:00:00+00:00,155.8566613208,156.6632404453,152.6401811534,153.2106883391,493246,131.56906989100207,135.6170573216387,139.66035540816912,141.44763383173407,151.56960386831474,162.0713336424384,,,146.44523369125082,,152.34092771121715,"rgba(38, 166, 154, 0.5)",6.123976807641999,152.34092771121715,0.5740932273282973,0,,,0.0,0.0,0.0,0.0,32.48513823660612,-15.627095976340541,False,True,False,True,True,0.0
2024-08-07 00:00:00+00:00,155.2172998196,157.6272008625,155.1189365118,157.371456262,327159,131.61279737295095,135.65928438027967,139.700554548735,141.48735896832417,151.58876525861666,162.01520718103683,,,146.47892599264753,,152.37747141277106,#000000,5.923487717201167,152.37747141277106,0.47941829921962603,0,,,0.0,0.0,0.0,0.0,34.11585566843539,-15.627095976340541,False,True,False,True,True,0.0
2024-08-08 00:00:00+00:00,157.7354005011,158.3501711753,155.4336990969,156.1124059213,541365,131.68831412440085,135.7328280166469,139.7714502174391,141.55795377384723,151.62855555881694,161.94239583083362,,,146.5410433701352,,152.43793336926575,"rgba(38, 166, 154, 0.5)",5.766920036842619,152.43793336926575,0.9185955584594181,0,,,0.0,0.0,0.0,0.0,38.19899240518153,-17.569843052286664,False,True,False,True,True,0.0
2024-08-09 00:00:00+00:00,158.8075605569,158.8837921205,157.1157116615,157.97147244,231255,131.7218181664981,135.7656886291621,139.803455917894,141.59001934614517,151.64870607452187,161.91895088477278,,,146.57007116955063,,152.46648025641684,"rgba(38, 166, 154, 1.0)",5.610085595756843,152.46648025641684,1.1303000983227773,0,,,0.0,0.0,0.0,0.0,42.04719010735087,-14.086249838250659,False,True,False,True,True,0.05933924330147988
2024-08-12 00:00:00+00:00,158.0206540939,159.2501954423,157.7845821551,158.4829616409,594232,131.80779120211642,135.84999831931108,139.88555840126205,141.67225952723908,151.700568790204,161.86139305592866,,,146.64452926535557,,152.5260023839293,"rgba(38, 166, 154, 1.0)",5.42539125434257,152.5260023839293,1.0127659835726481,0,,,0.0,0.0,0.0,0.0,43.8102663226252,-12.5529208702973,False,False,False,True,True,0.0
2024-08-13 00:00:00+00:00,159.9879202514,160.3223554981,158.0550812517,159.6239760122,249954,131.84528496865903,135.8870036879592,139.92192713449037,141.7088842132421,151.7257240507285,161.8451713813489,,,146.67849357033214,,152.55622606616103,"rgba(38, 166, 154, 1.0)",5.209208492748517,152.55622606616103,1.4266455634448618,0,,,0.0,0.0,0.0,0.0,47.04737974418947,-9.568358400255107,False,False,False,False,True,1.4512888023603452
2024-08-14 00:00:00+00:00,163.0470191261,163.3519453805,159.7026666585,159.7026666585,322830,131.8980689986793,135.9398377032921,139.97487479310433,141.7628058179467,151.7687322325445,161.84680024356945,,,146.7308950405138,,152.61857565001213,"rgba(0, 255, 0, 1.0)",5.027440522061783,152.61857565001213,2.074304694471273,0,,,0.0,0.0,0.0,0.0,51.79719273605489,-5.205975258923118,True,False,True,False,True,4.854958044776211
2024-08-15 00:00:00+00:00,162.0043680627,164.096529736,161.7576508842,163.5044085077,908255,132.04845386298075,136.09065334993974,140.1264063668333,141.9173250824872,151.8946239266404,161.86512054018314,,,146.88199110492684,,152.78277417607597,"rgba(0, 255, 255, 0.75)",4.809399531779232,152.78277417607597,1.917410650891069,0,,,0.0,0.0,0.0,0.0,53.757872963819075,-3.4832011131492138,True,False,True,False,True,3.5900491569075115
2024-08-16 00:00:00+00:00,161.4319842087,162.9122872794,161.403365016,162.527408481,194742,132.07976915609842,136.12191671303444,140.15762497618923,141.94904250647753,151.91949135469287,161.86537726585738,,,146.91258293405602,,152.81032754937132,"rgba(0, 255, 255, 0.75)",4.475100251911713,152.81032754937132,1.9265840258317315,0,,,0.0,0.0,0.0,0.0,54.4033681777902,-2.855568777364269,True,False,True,False,True,2.898838147386698
2024-08-19 00:00:00+00:00,161.6490953257,162.6853074752,161.5405397672,162.2214791797,273677,132.12372912499774,136.16579644691888,140.20143184128582,141.99354069995735,151.95437793104034,161.8660331894441,,,146.9554857659211,,152.84797958308127,"rgba(0, 255, 0, 1.0)",4.123254177192176,152.84797958308127,2.1345072033885724,0,,,0.0,0.0,0.0,0.0,55.04274699969562,-2.0802391628259542,True,False,True,False,True,3.143450316040024
2024-08-20 00:00:00+00:00,161.5602771415,162.0537114984,160.9188124775,161.4714589572,250643,132.1632738616313,136.20515770461245,140.24057573558997,142.03321109772082,151.98469688508737,161.86375266803316,,,146.99339830164053,,152.87828058219026,"rgba(0, 255, 0, 1.0)",4.105485287752222,152.87828058219026,2.1147308906965256,0,,,0.0,0.0,0.0,0.0,55.35017187540427,-1.5061620273612562,True,False,True,False,True,3.0329388065826137
2024-08-21 00:00:00+00:00,163.6820448762,163.810337809,161.6194892643,162.0043680627,214113,132.19872352035867,136.24070783440942,140.27629228513015,142.06961789153738,152.01457058750233,161.87015580225932,,,147.0290179139771,,152.91186295737603,"rgba(0, 255, 0, 1.0)",4.09740595410951,152.91186295737603,2.628536698449898,0,,,0.0,0.0,0.0,0.0,57.648322114059866,0.9761045913137778,True,False,True,False,True,5.431215133834968
2024-08-22 00:00:00+00:00,163.5833580048,164.4616711601,162.9024185923,163.6820448762,295009,132.24840004005432,136.29065035845454,140.3266382610332,142.1210313798888,152.05773773941482,161.8834300319756,,,147.07970294006367,,152.96120583034954,"rgba(0, 255, 0, 1.0)",4.097451146181965,152.96120583034954,2.5923804324911264,0,,,0.0,0.0,0.0,0.0,59.03013855448841,2.5559676345741735,True,False,True,False,True,5.304204757635393
2024-08-23 00:00:00+00:00,164.0570549875,165.0537923884,162.9270903101,163.3761155749,230393,132.28753472124632,136.33004408514856,140.36641680381828,142.16168877418323,152.0922780633722,161.89576577344997,,,147.11993558383082,,153.0006127419037,"rgba(0, 255, 0, 1.0)",4.097586355777322,153.0006127419037,2.698281692100881,0,,,0.0,0.0,0.0,0.0,60.42046382860174,4.147802913364458,True,False,True,False,True,5.839126442950782
2024-08-26 00:00:00+00:00,164.9847115785,165.3301156283,163.9978428646,163.9978428646,300515,132.33965223030395,136.38266249630757,140.41975926034368,142.21632655479067,152.13987896211157,161.91732978153505,,,147.17446958102042,,153.0559962900998,"rgba(0, 255, 0, 1.0)",4.100008496660038,153.0559962900998,2.909436723879375,0,,,0.0,0.0,0.0,0.0,62.24911846863836,6.138247750958058,True,False,True,False,True,6.883833113440595
2024-08-27 00:00:00+00:00,168.6756005682,169.2775904836,166.0406611023,166.0406611023,453896,132.4258552379119,136.47076143481252,140.51050539886944,142.31008836788385,152.22929763955412,161.9854410327346,,,147.27119057703575,,153.17045020925096,"rgba(0, 255, 0, 1.0)",4.1378748279918325,153.17045020925096,3.7471289015462803,0,,,0.0,0.0,0.0,0.0,66.23466049316544,10.07376198612468,True,False,True,False,True,10.819810251906151
2024-08-28 00:00:00+00:00,168.0834793399,169.2677217965,166.9683176933,168.5571763225,422777,132.50601801499752,136.55266085386063,140.5948261529966,142.39717699965703,152.31225062562632,162.04864513098318,,,147.36094330310644,,153.27329499490307,"rgba(0, 255, 0, 1.0)",4.166247467731199,153.27329499490307,3.5548018833989423,0,,,0.0,0.0,0.0,0.0,67.87288203123376,11.711859611938124,True,False,True,False,True,10.015627592733797
2024-08-29 00:00:00+00:00,167.3433278045,169.2183783608,167.3433278045,168.7249440039,268353,132.55651709043605,136.60419929957106,140.6478135483317,142.45185568718077,152.3639992167249,162.08719082523183,,,147.41713602035475,,153.335639731208,"rgba(0, 255, 0, 1.0)",4.185243040679159,153.335639731208,3.3469234491622037,0,,,0.0,0.0,0.0,0.0,67.6938615074042,11.711859611938124,True,False,True,False,True,9.01149787737064
2024-08-30 00:00:00+00:00,168.9321864338,169.4354894779,166.7808126376,167.3433278045,244961,132.60302690767895,136.65171756539485,140.6967344153953,142.5023718048406,152.4121860089308,162.12438995354174,,,147.46919274701608,,153.3935089989016,"rgba(0, 255, 0, 1.0)",4.224509294465148,153.3935089989016,3.678220676483494,0,,,0.0,0.0,0.0,0.0,68.79773669527596,12.976089329445287,True,False,True,False,True,10.675694727010043
2024-09-03 00:00:00+00:00,165.9419742309,168.6065197582,165.7149944267,167.9255803457,196731,132.63859619874555,136.68782416765296,140.73359514346046,142.540255980177,152.44675162053107,162.14625768661477,,,147.5075727315123,,153.43219727767237,"rgba(0, 255, 0, 1.0)",4.216037022172155,153.43219727767237,2.967188591428079,0,,,0.0,0.0,0.0,0.0,65.06762635905926,12.976089329445287,True,False,True,False,False,6.717977934218908
2024-09-04 00:00:00+00:00,167.2545096203,167.3926712402,165.024186327,165.024186327,177940,132.67051853365058,136.7201935895056,140.76659316042398,142.57414133231006,152.47744316077842,162.16501998582913,,,147.54180083057994,,153.46595257846303,"rgba(0, 255, 0, 1.0)",4.204319387667948,153.46595257846303,3.279616929741681,0,,,0.0,0.0,0.0,0.0,63.760809339562186,12.976089329445287,True,False,True,False,False,8.102125318415538
2024-09-05 00:00:00+00:00,165.7939439238,167.1459540618,164.8761560199,166.7808126376,165751,132.6996584659937,136.74965897269624,140.796519770174,142.60480789722607,152.50466195657333,162.1799132812325,,,147.57254046003177,,153.494838084008,"rgba(0, 255, 0, 1.0)",4.180303422818132,153.494838084008,2.9421562493902913,0,,,0.0,0.0,0.0,0.0,60.9995228044003,16.84713019612599,True,False,True,False,False,6.232351868205363
2024-09-06 00:00:00+00:00,164.0570549875,166.9584490061,163.3119691085,166.0702671637,183012,132.73065018914602,136.7808305010088,140.82795585798888,142.636891853874,152.53199729081373,162.19117623583824,,,147.604220712036,,153.52189316448514,"rgba(0, 255, 0, 1.0)",4.145937144102248,153.52189316448514,2.541080932208907,0,,,0.0,0.0,0.0,0.0,57.15817532652624,13.192839360536887,True,False,True,False,False,4.073452322663016
2024-09-09 00:00:00+00:00,166.3860651521,167.520964173,165.596570181,165.9913176666,296686,132.78346298703335,136.83432187415178,140.8824021288702,142.69274543262887,152.58226189524666,162.22127964471724,,,147.66046682987061,,153.57576998201844,"rgba(0, 255, 0, 1.0)",4.088745211479506,153.57576998201844,3.1330627142321186,0,,,0.0,0.0,0.0,0.0,56.9147941842332,12.932010869632535,True,False,True,False,False,6.562154878001554
2024-09-10 00:00:00+00:00,169.1986409865,169.5243076621,166.3663277778,166.7808126376,320532,132.8434757543506,136.89551001515636,140.94522176990165,142.75749121344668,152.64337154819722,162.26727797720505,,,147.72682671328775,,153.64503802235166,"rgba(0, 255, 0, 1.0)",4.077323773372964,153.64503802235166,3.8146597691656075,0,,,0.0,0.0,0.0,0.0,58.997163587121435,12.932010869632535,True,False,True,False,False,9.398660577495814
2024-09-11 00:00:00+00:00,169.8697117119,169.9091864605,167.4666863938,169.1196914894,213426,132.88412940301862,136.93704815717888,140.98798351702635,142.801626394897,152.6856480908376,162.30109227950894,,,147.7723077629398,,153.69345533955968,"rgba(0, 255, 0, 1.0)",4.076852404438619,153.69345533955968,3.967829778367411,0,,,0.0,0.0,0.0,0.0,60.864064739693404,12.932010869632535,True,False,True,False,True,10.054017068092932
2024-09-12 00:00:00+00:00,171.4783077155,171.5967319611,169.6822066563,170.590125873,205055,132.92508080340363,136.9791314353019,141.03162457007522,142.8468460214216,152.73059059454053,162.34198298265468,,,147.8195745362384,,155.08034128788046,"rgba(0, 255, 0, 1.0)",4.036697223502345,155.08034128788046,4.0622235257447,0,,,0.0,0.0,0.0,0.0,63.20852284522961,7.194300784320085,True,False,True,False,True,11.603137839532316
2024-09-13 00:00:00+00:00,170.4322268788,171.4980450898,169.9190551476,171.4980450898,184613,132.96158130585437,137.01659330385098,141.07040955759666,142.88699588446818,152.7701935550806,162.37717943415637,,,147.86140906389744,,155.11752564170942,"rgba(0, 255, 0, 1.0)",4.05270843376419,155.11752564170942,3.778880589953066,0,,,0.0,0.0,0.0,0.0,63.35687214434308,7.484762038091347,True,False,True,False,True,10.253744288222155
2024-09-16 00:00:00+00:00,170.6493379959,171.5079137769,170.0473480804,171.5079137769,205633,133.00228221408858,137.0583691844762,141.11366372728614,142.9317711514287,152.81439109401362,162.41659094575448,,,147.90806804242277,,155.16605959846274,"rgba(0, 255, 0, 1.0)",4.119764318970743,155.16605959846274,3.7582922707834676,0,,,0.0,0.0,0.0,0.0,63.62622481736537,7.99347168204779,True,False,True,False,True,10.46669527077044
2024-09-17 00:00:00+00:00,165.8136812981,171.08356023,164.989645922,170.8269743644,398653,133.073768902673,137.13082329786283,141.18746606486812,143.00747933869155,152.8831327840258,162.46079083291093,,,147.98443662464453,,155.16425440273375,"rgba(0, 255, 0, 1.0)",4.112222767442926,155.16425440273375,2.589700874106172,0,,,0.0,0.0,0.0,0.0,58.323220548063105,7.99347168204779,True,False,True,False,False,4.522381939097944
2024-09-18 00:00:00+00:00,165.951842918,167.338393461,165.2511661312,165.8136812981,284513,133.12294936761927,137.1804169904118,141.2376448969795,143.05875648354885,152.9280297881266,162.48468546623758,,,148.03544671546877,,155.17027301030964,"rgba(0, 255, 0, 1.0)",4.070219355209167,155.17027301030964,2.648891611674897,0,,,0.0,0.0,0.0,0.0,54.92716325632204,10.88517503252752,True,False,True,False,False,4.665002499385157
2024-09-19 00:00:00+00:00,168.0341359042,168.2808530827,166.0998732251,168.1328227756,274162,133.17204813712226,137.23016703063058,141.2883010247047,143.11070110899874,152.97519468080338,162.5153653704343,,,148.08780962203355,,155.2058181061394,"rgba(0, 255, 0, 1.0)",4.093263777279215,155.2058181061394,3.134007114143908,0,,,0.0,0.0,0.0,0.0,54.68573377417173,10.641438723175874,True,False,True,False,False,6.787860458295551
2024-09-20 00:00:00+00:00,167.234772246,168.0341359042,166.2676409065,168.0341359042,542953,133.2680442720558,137.32726257647573,141.38693045206267,143.2116945911781,153.06583511282957,162.57149943296952,,,148.18912760906608,,155.27585017893176,"rgba(0, 255, 0, 1.0)",4.089763054188393,155.27585017893176,2.9241112281115935,0,,,0.0,0.0,0.0,0.0,53.67420480125158,9.547165619414685,True,False,False,False,False,5.832185363414023
2024-09-23 00:00:00+00:00,169.4749642264,169.8894490862,166.1985600965,167.94531772,283632,133.31995252691917,137.38000340612882,141.44082063308284,143.26705162214606,153.11718539979654,162.60867576479433,,,148.24533905854602,,155.32939648055589,"rgba(0, 255, 0, 1.0)",4.100764068417662,155.32939648055589,3.449495632969294,0,,,0.0,0.0,0.0,0.0,55.042329159846304,9.547165619414685,True,False,True,False,False,8.06866860203601
2024-09-24 00:00:00+00:00,169.9091864605,170.4026208174,168.3894086412,169.6526005949,167946,133.35152804256478,137.41219488730505,141.47385840180073,143.30106902401047,153.14948471032454,162.63432688534436,,,148.28018676131703,,155.36710301546265,"rgba(0, 255, 0, 1.0)",4.109957606222775,155.36710301546265,3.538256312673293,0,,,0.0,0.0,0.0,0.0,56.32470358448807,9.547165619414685,True,False,True,False,False,8.49399583641625
2024-09-25 00:00:00+00:00,170.2348531361,170.6888127444,169.2381157351,169.6032571592,209580,133.3913827592741,137.45288334348436,141.515690164723,143.3441807086308,153.19080359015524,162.66830228761012,,,148.32450474668832,,155.41664130577416,"rgba(0, 255, 0, 1.0)",4.149082652167812,155.41664130577416,3.5714429122263045,0,,,0.0,0.0,0.0,0.0,57.47075327263066,9.547165619414685,True,False,True,False,True,8.815867538314933
2024-09-26 00:00:00+00:00,169.021004618,170.9848733586,168.6262571325,170.4815703145,259539,133.4399333733142,137.50234473813134,141.566401706878,143.39636151870394,153.24015411080967,162.70707272568032,,,148.3778557308487,,155.47155741409082,"rgba(0, 255, 0, 1.0)",4.165202333234795,155.47155741409082,3.2530105670488183,0,,,0.0,0.0,0.0,0.0,56.63860444258448,9.547165619414685,True,False,True,False,True,7.3009400948989835
2024-09-27 00:00:00+00:00,167.5308328602,169.8598430248,167.5308328602,169.8598430248,191291,133.47441075098416,137.5372988684529,141.60201369650437,143.4328751021386,153.27359225270314,162.7302502668145,,,148.41471839130497,,155.503326405738,"rgba(0, 255, 0, 1.0)",4.167561099918954,155.503326405738,2.8859820326799555,0,,,0.0,0.0,0.0,0.0,54.29464931578744,9.515302672518487,True,False,True,False,False,5.47875455692423
2024-09-30 00:00:00+00:00,168.3598025798,168.4584894512,166.7610752634,167.6986005415,281857,133.5244363736721,137.58791085837453,141.65343738414498,143.4855171264542,153.32113381280374,162.7613419356025,,,148.46756974700548,,155.5457830220364,"rgba(0, 255, 0, 1.0)",4.178318912679056,155.5457830220364,3.0667883006439793,0,,,0.0,0.0,0.0,0.0,53.679038762257946,8.749152835665626,False,False,False,False,False,6.341648526895632
2024-10-01 00:00:00+00:00,167.6689944801,168.9815298695,167.5308328602,168.7545500653,182308,133.55690465871922,137.62077373022635,141.686845479651,143.5197251756377,153.35214162024533,162.78203602202115,,,148.50195395432942,,155.57429850830553,"rgba(0, 255, 0, 1.0)",4.196922295492086,155.57429850830553,2.88180126298392,0,,,0.0,0.0,0.0,0.0,52.409529606689645,7.340058438714351,False,False,False,False,False,5.492104576883396
2024-10-02 00:00:00+00:00,168.3005904569,168.4979641997,166.5340954592,166.8597621348,205798,133.59318322170554,137.6574418622153,141.7240532674482,143.5577827683526,153.38631807805476,162.80396147447365,,,148.54006443359575,,155.60458768854758,"rgba(0, 255, 0, 1.0)",4.226667832179217,155.60458768854758,3.0037853156316117,0,,,0.0,0.0,0.0,0.0,52.35011895441188,7.051705344498643,False,False,False,False,False,6.1628406747526014
2024-10-03 00:00:00+00:00,166.6919944534,167.9255803457,166.2947797961,167.7282066029,230745,133.63281031708485,137.69735066458037,141.76435748435287,143.5988953200204,153.42230797101112,162.82436629000753,,,148.5808313978684,,155.63303035667656,"rgba(0, 255, 0, 1.0)",4.237978049784073,155.63303035667656,2.6094906502139428,0,,,0.0,0.0,0.0,0.0,50.2811879673264,4.865597844155424,False,False,False,False,False,4.177206357790652
2024-10-04 00:00:00+00:00,163.741256999,166.5538328335,163.2922317342,166.2084287836,286334,133.67826145998478,137.74260497728594,141.8093654450926,143.64440316544895,153.45870299897865,162.8346629290313,,,148.62448599776224,,155.64886213953258,"rgba(0, 255, 255, 0.75)",4.238069618753727,155.64886213953258,1.909453026363243,0,,,0.0,0.0,0.0,0.0,45.973219461627814,0.7079094164797013,False,True,False,True,False,0.7102053832635313
2024-10-07 00:00:00+00:00,163.3169034521,163.5636206305,161.8464690685,162.5471458553,298748,133.72305796651793,137.78681292573623,141.8528003111047,143.68800658145952,153.49090243777198,162.83512844332688,,,148.66516546080192,,156.52808792937807,"rgba(0, 255, 255, 0.75)",4.238749454648388,156.52808792937807,1.6016081146945444,0,,,0.0,0.0,0.0,0.0,42.73712422385816,-2.2856692182613827,False,True,False,True,False,0.22681538755614028
2024-10-08 00:00:00+00:00,165.596570181,166.0702671637,163.2675600164,163.3563782006,223539,133.75885734644461,137.8225062921194,141.8883660173273,143.7240024180703,153.52011440125926,162.84512342280206,,,148.69985245149152,,156.5877048385418,"rgba(0, 255, 0, 1.0)",4.2392237711153635,156.5877048385418,2.1251214441288884,0,,,0.0,0.0,0.0,0.0,43.70983039916874,-2.2856692182613827,False,True,False,True,False,2.755335772304754
2024-10-09 00:00:00+00:00,165.7248631138,165.8827621081,164.3383125709,165.2018226955,255980,133.8001931756643,137.86377080272905,141.92955183486984,143.76572447847568,153.5543628226269,162.85824628388914,,,148.74021165429252,,156.63298513375992,"rgba(0, 255, 0, 1.0)",4.24068512375649,156.63298513375992,2.143964410162647,0,,,0.0,0.0,0.0,0.0,44.52202761835787,-2.2856692182613827,False,True,False,True,False,2.8953554644278547
2024-10-10 00:00:00+00:00,164.4024590373,165.6952570524,163.8202064961,165.6952570524,217577,133.8344907985139,137.89788609249692,141.9634364792569,143.7999521992511,153.58165293253865,162.86625250317167,,,148.77296938899605,,156.6505512336003,"rgba(0, 255, 255, 0.75)",4.238027097835918,156.6505512336003,1.8291312501654533,0,,,0.0,0.0,0.0,0.0,43.63366758706127,-2.2856692182613827,False,True,False,True,False,1.339153175212946
2024-10-11 00:00:00+00:00,165.0636610756,165.6853883653,164.2445600431,164.9748428913,171415,133.86177191538118,137.9250617476261,141.99048189264525,143.82730169527204,153.603752728848,162.87377493707115,,,148.79926328425387,,156.6677966570794,"rgba(0, 255, 255, 0.75)",4.236288716061099,156.6677966570794,1.9818914576547266,0,,,0.0,0.0,0.0,0.0,43.98407910264899,-2.2856692182613827,False,True,False,True,False,2.0823961346837834
2024-10-14 00:00:00+00:00,165.0636610756,166.662388392,165.0636610756,165.7643378624,115311,133.8804494513702,137.94371578637617,142.0091121625449,143.84617922273418,153.61934983451437,162.8802234008882,,,148.81755528721578,,156.68317012326202,"rgba(0, 255, 255, 0.75)",4.216488914493249,156.68317012326202,1.987551994630392,0,,,0.0,0.0,0.0,0.0,44.21768677970747,-2.2856692182613827,False,True,False,True,False,2.0823961346838047
2024-10-15 00:00:00+00:00,166.9781863804,167.2397065896,164.80707521,165.0636610756,275324,133.92600192464394,137.98935117391582,142.0548776783495,143.8926598023053,153.65873343943278,162.89968692991013,,,148.8630020468816,,156.72843362857404,"rgba(0, 255, 0, 1.0)",4.2253524192061835,156.72843362857404,2.4257746419531965,0,,,0.0,0.0,0.0,0.0,47.05798143190975,-2.2856692182613827,False,True,False,True,True,4.235111925717629
2024-10-16 00:00:00+00:00,165.7446004881,166.9189742576,165.1426105727,166.4748833364,188533,133.9567311014903,138.02006973745594,142.08559468578105,143.92380356519448,153.68470234082787,162.91133087153668,,,148.89326660414898,,156.7525142874792,"rgba(0, 255, 0, 1.0)",4.227390850800266,156.7525142874792,2.127100738489453,0,,,0.0,0.0,0.0,0.0,47.30711461206658,-2.2856692182613827,False,True,False,True,True,2.726404276746134
2024-10-17 00:00:00+00:00,166.1294792865,166.9584490061,165.8334186724,165.8334186724,256623,133.9989487464299,138.06232950038464,142.1279282729812,143.9667674690191,153.7209412598588,162.92896795752725,,,148.93518418696175,,156.7881601049319,"rgba(0, 255, 0, 1.0)",4.230505568331756,156.7881601049319,2.2080857785637447,0,,,0.0,0.0,0.0,0.0,48.01436646261551,-6.282840494367456,False,True,False,False,True,3.1618869209680227
2024-10-18 00:00:00+00:00,166.3860651521,166.9979237547,165.4090651254,165.8728934209,201536,134.03198294922188,138.09537920012264,142.16101226649852,144.0003288694308,153.74915933669362,162.94251740697723,,,148.96788179466705,,156.81431788469555,"rgba(0, 255, 0, 1.0)",4.235166250424478,156.81431788469555,2.2600641158880364,0,,,0.0,0.0,0.0,0.0,48.861801636229266,-5.273923787410297,False,True,False,False,True,3.455146531168321
2024-10-21 00:00:00+00:00,165.5669641196,166.6525197048,164.382721663,166.1492166608,228747,134.0685478531472,138.13182740377698,142.19731908152835,144.03705398659739,153.77917398777657,162.95441175335137,,,149.00328434229405,,156.8357217383355,"rgba(0, 255, 0, 1.0)",4.229633578783162,156.8357217383355,2.0643023133404386,0,,,0.0,0.0,0.0,0.0,48.20287400695996,-5.273923787410297,False,True,False,False,True,2.42556583076232
2024-10-22 00:00:00+00:00,164.5307519701,165.093267137,163.7313883119,164.7182570257,290688,134.11329764304517,138.17618187909034,142.24116260168847,144.08120282109104,153.8136047640231,162.96309459717256,,,149.04512443786524,,156.8499082302531,"rgba(0, 255, 255, 0.75)",4.228141180978185,156.8499082302531,1.8166005842950401,0,,,0.0,0.0,0.0,0.0,46.32912968215791,-5.273923787410297,False,True,False,True,False,1.1357937666122702
2024-10-23 00:00:00+00:00,164.7972065228,165.6853883653,163.8695499318,164.3728529759,229417,134.14890789731132,138.21152324169356,142.27615882384242,144.11647750534766,153.84146557489387,162.9713900722899,,,149.07869449321188,,156.86486236433186,"rgba(0, 255, 255, 0.75)",4.22896552178088,156.86486236433186,1.8757173870568025,0,,,0.0,0.0,0.0,0.0,45.56429600414795,-5.273923787410297,False,True,False,True,False,1.4572463015408061
2024-10-24 00:00:00+00:00,164.2050852945,165.2116913827,163.5044085077,164.9057620814,203687,134.17996390908087,138.24226051729423,142.30648261412375,144.14697493287125,153.86501027217756,162.97677062350596,,,149.10747818050388,,156.87478031237538,"rgba(0, 255, 255, 0.75)",4.227687911301136,156.87478031237538,1.7338803468746622,0,,,0.0,0.0,0.0,0.0,44.19934368870565,-2.063745240564046,False,True,False,True,False,0.7101129483148121
2024-10-25 00:00:00+00:00,162.6162266653,165.3054439105,162.6063579781,164.9057620814,167488,134.2047778985596,138.26670912649854,142.33045298561788,144.1709938874045,153.88281843183424,162.9785289105047,,,149.1298271617127,,156.87841116235631,"rgba(38, 166, 154, 1.0)",4.226926240433611,156.87841116235631,1.357443962011287,0,,,0.0,0.0,0.0,0.0,41.26126460682161,-4.900981248822106,False,True,False,True,False,0.0
2024-10-28 00:00:00+00:00,164.2149539817,164.6590449029,162.8333377823,163.8498125576,211062,134.23640647490288,138.2979297795216,142.3611416970546,144.20179047885745,153.9060787365116,162.98235686963486,,,149.15865913641142,,156.8866251149301,"rgba(0, 255, 255, 0.75)",4.222424114864083,156.8866251149301,1.7355738474901645,0,,,0.0,0.0,0.0,0.0,42.311565397686415,-4.900981248822106,False,True,False,True,False,0.7244968396058091
2024-10-29 00:00:00+00:00,164.3531156016,164.9057620814,163.9484994289,164.2149539817,289535,134.2804145899562,138.34146874648593,142.40407262137367,144.2449494923198,153.93939939392587,162.99038258462568,,,149.19936340519024,,156.90360867625017,"rgba(0, 255, 255, 0.75)",4.2104989467836855,156.90360867625017,1.7692693952673588,0,,,0.0,0.0,0.0,0.0,43.254621549843186,-4.900981248822106,False,True,False,True,True,0.894787975795925
2024-10-30 00:00:00+00:00,164.3432469145,164.6294388415,162.882681218,163.6721761891,254235,134.31837494288686,138.37892082823174,142.44086230729997,144.28185090796174,153.9672309263364,162.9951299819099,,,149.23387200479885,,156.91511866884628,"rgba(0, 255, 255, 0.75)",4.205315422207471,156.91511866884628,1.7663664909479098,0,,,0.0,0.0,0.0,0.0,43.86784623150236,-4.900981248822106,False,True,False,True,True,0.882107612028932
2024-10-31 00:00:00+00:00,161.4911963315,163.4353276978,161.3925094601,163.3465095135,279153,134.35735538003664,138.41695918138456,142.47766020270137,144.31842370663736,153.99199715815362,162.99033701846145,,,149.2668495863592,,156.9119995253053,"rgba(38, 166, 154, 1.0)",4.203869690713768,156.9119995253053,1.0892813391219063,0,,,0.0,0.0,0.0,0.0,40.572287793818795,-5.4548619826638145,False,True,False,True,False,0.0
2024-11-01 00:00:00+00:00,162.6162266653,163.168873145,161.1161862202,161.382640773,185497,134.38337817942906,138.44237480246136,142.50227734359868,144.34290768397992,154.0087627624341,162.98787359168364,,,149.28899972333107,,156.91187907028606,"rgba(38, 166, 154, 1.0)",4.185434605067779,156.91187907028606,1.3629044850221836,0,,,0.0,0.0,0.0,0.0,40.50113133696536,-5.539372906327671,False,True,False,True,False,0.0
2024-11-04 00:00:00+00:00,162.8530751566,164.1557418589,162.1820044312,163.0307115251,341055,134.43240198300015,138.4904533943382,142.54911784586534,144.38965617537036,154.0422331226449,162.98836754091803,,,149.33190637122587,,156.9208258555939,"rgba(38, 166, 154, 1.0)",4.160008051054799,156.9208258555939,1.4260187067431114,0,,,0.0,0.0,0.0,0.0,40.888712565845054,-5.539372906327671,False,True,False,True,False,0.0
2024-11-05 00:00:00+00:00,168.8927116852,171.2809339727,163.4254590106,164.8564186457,989342,134.59736485375535,138.65591690920593,142.71532449044224,144.55849418237247,154.1888916768973,163.07894452401217,,,149.49788064626352,,158.13920171161087,"rgba(0, 255, 0, 1.0)",4.192453923635333,158.13920171161087,2.564967956586299,0,,,0.0,0.0,0.0,0.0,48.54292690626027,-5.799498230927945,False,True,False,False,True,6.1712098393018024
2024-11-06 00:00:00+00:00,164.0866610489,165.4584085611,161.0421710667,165.4584085611,529575,134.67357416383973,138.73068485583156,142.78820977483926,144.63124302287807,154.2416324924611,163.08337453902695,,,149.56481666310222,,158.08024198963182,"rgba(38, 166, 154, 1.0)",4.18615707591537,158.08024198963182,1.4348288777374136,0,,,0.0,0.0,0.0,0.0,48.32973328711721,-5.799498230927945,False,True,False,False,True,0.4370470278414622
2024-11-07 00:00:00+00:00,166.1886914093,166.5439641463,164.1360044846,164.1360044846,191249,134.7029874544594,138.7598464520835,142.81705056113665,144.66027405227155,154.26479407881186,163.09236833284774,,,149.5924340476057,,158.09272371975135,"rgba(0, 255, 255, 0.75)",4.171816768377154,158.09272371975135,1.94063357502108,0,,,0.0,0.0,0.0,0.0,50.05048938268189,-4.687136376804844,False,True,False,False,True,2.7159968520747775
2024-11-08 00:00:00+00:00,166.020923728,167.4420146759,165.7840752367,166.1689540351,201571,134.73472107928427,138.7914186156987,142.84842312243387,144.69193903877914,154.290800713928,163.10472704929455,,,149.62287380069301,,158.114830545522,"rgba(0, 255, 255, 0.75)",4.139685627251989,158.114830545522,1.909829367339238,0,,,0.0,0.0,0.0,0.0,51.031297376640794,-3.775728542781195,False,False,False,False,True,2.523028700092887
2024-11-11 00:00:00+00:00,167.1262166875,167.4420146759,165.8387477634,166.7413378891,200896,134.76667054094344,138.82325284198856,142.88011936931673,144.72396648708164,154.3174327653144,163.11838104807467,,,149.65379822673506,,158.14024445435342,"rgba(0, 255, 0, 1.0)",4.102167834038242,158.14024445435342,2.190542317304615,0,,,0.0,0.0,0.0,0.0,52.677547551433676,-2.1813319403032594,False,False,True,False,True,3.7129786902918873
2024-11-12 00:00:00+00:00,167.2742469946,167.7676813515,165.3498530026,166.8498934476,275256,134.81033569621297,138.8667450613742,142.92340259889704,144.76768823908972,154.35372416116763,163.13690055008553,,,149.69597628237128,,158.17388363441677,"rgba(0, 255, 0, 1.0)",4.069573404574498,158.17388363441677,2.236195899539188,0,,,0.0,0.0,0.0,0.0,53.9107210477076,-0.9519634525004079,False,False,True,False,True,3.872571361024999
2024-11-13 00:00:00+00:00,166.1788227222,167.7676813515,165.9321055437,167.7676813515,335658,134.86313797748173,138.91927482802095,142.9755956760332,144.82035826561852,154.39709024931176,163.15818952562822,,,149.74661818270062,,158.21110184381766,"rgba(0, 255, 255, 0.75)",3.9975161752470068,158.21110184381766,1.9931678895308098,0,,,0.0,0.0,0.0,0.0,53.417718235695915,-0.9519634525004079,False,False,True,False,True,2.5614169133028
2024-11-14 00:00:00+00:00,162.5767519167,166.9189742576,161.8662064428,165.8630247338,481642,134.9318549797633,138.9866167754131,143.04114653717312,144.88571175497023,154.44446256287677,163.16364952134265,,,149.80662533686692,,158.20995738612697,"rgba(38, 166, 154, 1.0)",3.9539815769705795,158.20995738612697,1.1044043695111843,0,,,0.0,0.0,0.0,0.0,49.558662368617306,-0.9519634525004079,False,False,False,False,False,0.0
2024-11-15 00:00:00+00:00,159.5865397138,161.8563377556,159.241135664,161.3036912759,243253,134.96217089890646,139.01562808673225,143.06844326296635,144.9123643944233,154.45916100818147,163.1508381432006,,,149.82907124269678,,158.17940145113013,#000000,3.8748319728277147,158.17940145113013,0.3631482016607242,0,,,0.0,0.0,0.0,0.0,44.814010873596736,0.05755447225126176,False,True,False,True,False,0.0
2024-11-18 00:00:00+00:00,159.0338932341,160.0898427579,158.5207215029,158.6687518099,159895,134.98126108599934,139.0337458847347,143.0852821216757,144.92867768558588,154.4670922269984,163.13957960193807,,,149.84234039222704,,158.1552761802638,#000000,3.757181385866528,158.1552761802638,0.2338500497051613,0,,,0.0,0.0,0.0,0.0,41.28955659143848,-3.078159411619282,False,True,False,True,False,0.0
2024-11-19 00:00:00+00:00,158.6588831228,158.8463881784,156.9417315607,158.6588831228,266414,135.01160612039064,139.0622708502516,143.1114120345777,144.9537544022963,154.47729502651683,163.11590770255034,,,149.8618613452925,,158.1084324307992,#000000,3.530608187186975,158.1084324307992,0.15590817865274587,0,,,0.0,0.0,0.0,0.0,38.684328185523356,-5.352779173701187,False,True,False,True,False,0.0
2024-11-20 00:00:00+00:00,158.6292770614,158.7871760556,156.9121254993,158.6884891842,220889,135.0366627416109,139.08580819542112,143.1329515190051,144.9744119849241,154.4856210991949,163.09629585288693,,,149.87790034288037,,158.57418148796052,#000000,3.447060100616496,158.57418148796052,0.015983351560832863,0,,,-1.0,0.0,156.91212,758.0,36.9258522542728,-6.900762014707112,False,True,False,True,False,0.0
2024-11-21 00:00:00+00:00,160.2477417521,160.6339047481,158.0495831591,159.4358092988,429737,135.0884857694701,139.13511312950655,143.1789542353213,145.01908831104663,154.50852210319465,163.07018228065303,,,149.91470854682333,,158.58148189551488,"rgba(38, 166, 154, 0.5)",3.2990918841455263,158.58148189551488,0.505066216734577,0,,,0.0,0.0,0.0,0.0,38.073498345299654,-6.900762014707112,False,True,False,True,False,0.0
2024-11-22 00:00:00+00:00,159.6140383739,161.4012799326,159.267481839,160.9111499761,299640,135.12515171463028,139.17010410262785,143.21175241530085,145.05103349304366,154.52576057038155,163.05457025476272,,,149.94139070884313,,158.57421834822375,#000000,3.2491106696190473,158.57421834822375,0.3200321969328815,0,,,0.0,0.0,0.0,0.0,38.2589489366916,-6.900762014707112,False,True,False,True,False,0.0
2024-11-25 00:00:00+00:00,159.1387608403,160.4655772883,158.5545655386,159.5843335281,529721,135.18787906066063,139.22959482634843,143.26700634384213,145.10453576256367,154.55213520997384,163.02086186713754,,,149.98495488868892,,158.52742112162687,#000000,3.2406109961733804,158.52742112162687,0.18864952300507895,0,,,0.0,0.0,0.0,0.0,37.940677944079496,-6.900762014707112,False,True,False,True,False,0.0
2024-11-26 00:00:00+00:00,159.2080721473,160.0645618693,158.0000750827,158.8417123818,580810,135.2554493620931,139.29347197515102,143.32605468197806,145.16153704684262,154.57897941749744,162.9816608001544,,,150.03077466248092,,158.47460439090509,#000000,3.208108286112581,158.47460439090509,0.22862936378113335,0,,,0.0,0.0,0.0,0.0,37.84291931498488,-6.900762014707112,False,True,False,True,False,0.0
2024-11-27 00:00:00+00:00,160.1091191381,161.3369194333,158.9430059061,159.3268915307,243316,135.28487157073457,139.32150747001995,143.3522820956884,145.18704898252727,154.59269841570776,162.96979268332402,,,150.05201807098723,,158.46756879515706,"rgba(38, 166, 154, 0.5)",3.205500613348542,158.46756879515706,0.5121042049117354,0,,,0.0,0.0,0.0,0.0,39.28686837047118,-6.900762014707112,False,True,False,True,False,0.0
2024-11-29 00:00:00+00:00,160.9903628984,161.1685919735,159.5744319128,159.5744319128,143503,135.30250399693043,139.33836223684926,143.36812428966965,145.20250469746784,154.60141012540282,162.96393640345917,,,150.06506042160945,,158.4664436003972,"rgba(38, 166, 154, 0.5)",3.232461674078089,158.4664436003972,0.780804090654107,0,,,0.0,0.0,0.0,0.0,41.646073343445224,-6.900762014707112,False,True,False,True,True,0.0
2024-12-02 00:00:00+00:00,162.8320633411,163.4756683346,161.0893790512,161.465640432,292311,135.34102183161352,139.37565669602515,143.40383453299364,145.2377456300243,154.6246583784434,162.96146401208267,,,150.09628059452234,,158.48850114403655,"rgba(38, 166, 154, 1.0)",3.223053631744851,158.48850114403655,1.3476543344741032,0,,,0.0,0.0,0.0,0.0,45.77160905541639,-9.570395899263445,False,True,False,True,True,0.0
2024-12-03 00:00:00+00:00,163.2182263372,163.663799025,162.2379664241,162.7330471883,387349,135.39297196065965,139.42611623226395,143.45236937420736,145.28577259142878,154.6574952338868,162.9619770497936,,,150.13931946873043,,158.52273141902296,"rgba(38, 166, 154, 1.0)",3.2018228154653836,158.52273141902296,1.4665067959091793,0,,,0.0,0.0,0.0,0.0,49.01058376206845,-6.530197453040586,False,False,False,False,True,0.09961547491877809
2024-12-04 00:00:00+00:00,166.7432013782,167.1293643743,162.8716698023,162.8716698023,351996,135.44433601842704,139.47669905445846,143.50196239013397,145.3354072222409,154.6960933742053,162.9774355740286,,,150.18583875619956,,158.58552369047783,"rgba(0, 255, 0, 1.0)",3.180243405341352,158.58552369047783,2.5651111087978435,0,,,0.0,0.0,0.0,0.0,54.76788318236687,-1.236801464867611,True,False,True,False,True,4.143136742695642
2024-12-05 00:00:00+00:00,167.4462160634,167.990804904,166.2976286904,166.2976286904,250265,135.4827589577761,139.51482815357465,143.53973378157121,145.37343683944113,154.72753916944473,162.9952664465085,,,150.22229859953723,,158.64240179803625,"rgba(0, 255, 0, 1.0)",3.1610168810969967,158.64240179803625,2.785120926753315,0,,,0.0,0.0,0.0,0.0,59.17380134786842,2.6465984880670916,True,False,True,False,True,4.913143508374894
2024-12-06 00:00:00+00:00,168.8819502795,169.2978181214,166.9164796457,167.3273966799,364365,135.54050153070966,139.57238976090397,143.59710074241136,145.43139394993506,154.77711413927025,163.02773727425387,,,150.27857926860926,,158.7339889999691,"rgba(0, 255, 0, 1.0)",3.181809743529478,158.7339889999691,3.1893677175914585,0,,,0.0,0.0,0.0,0.0,63.19861732592932,6.1544644553348675,True,False,True,False,True,6.4651993753772246
2024-12-09 00:00:00+00:00,167.3967079869,169.7928988856,166.4956609961,169.1393922769,298459,135.586973265903,139.61860143885372,143.64300550407725,145.47768145654604,154.81605802646536,163.05172571808146,,,150.3232284111768,,158.79860197410034,"rgba(0, 255, 0, 1.0)",3.183208429298192,158.79860197410034,2.701081692817489,0,,,0.0,0.0,0.0,0.0,63.41386954451431,6.188456839059057,True,False,True,False,True,4.6043770936448745
2024-12-10 00:00:00+00:00,168.4957872834,168.7334260502,166.5847755337,167.1095611437,303557,135.63416464063266,139.66551911873066,143.68959907801118,145.524654076196,154.85555980974945,163.0760965799264,,,150.3685189682301,,158.86093418574833,"rgba(0, 255, 0, 1.0)",3.198580690999466,158.86093418574833,3.0122276185694887,0,,,0.0,0.0,0.0,0.0,64.49730878245697,7.256440497004704,True,False,True,False,True,5.7979727621304065
2024-12-11 00:00:00+00:00,166.9016272227,170.3077828804,166.7432013782,168.4759840529,271397,135.6763001433913,139.70740306765018,143.73118438299255,145.56657042976784,154.8907998236416,163.0978857106361,,,150.4089205029845,167.9842038271,159.85255263377715,"rgba(0, 255, 0, 1.0)",3.202159371323426,159.85255263377715,2.2013503300460417,0,,,0.0,1.0,170.30779,776.0,62.76049530050481,7.256440497004704,True,False,True,False,True,3.819979903679531
2024-12-12 00:00:00+00:00,167.3769047564,167.8917887511,165.4712398789,166.3471367669,245201,135.71301562850294,139.74370878477123,143.76697996349444,145.60250393168707,154.91988533108753,163.11312790834282,,,150.443048911667,167.47590925275813,159.8630136680502,"rgba(0, 255, 0, 1.0)",3.1883121768643323,159.8630136680502,2.356698676771237,0,,,0.0,0.0,0.0,0.0,62.077894696396655,7.256440497004704,True,False,True,False,True,4.346177913281071
2024-12-13 00:00:00+00:00,166.4461529197,169.2285068144,165.8065085724,167.7729693677,193076,135.74209389262398,139.77248784499068,143.7953884432426,145.63104070840754,154.94315875505396,163.12581926214642,,,150.47022476701193,167.39006800137096,159.88754489247248,"rgba(0, 255, 0, 1.0)",3.1759407909619592,159.88754489247248,2.065091404062669,0,,,0.0,0.0,0.0,0.0,60.2031737754619,7.256440497004704,True,False,True,False,False,3.191106084678747
2024-12-16 00:00:00+00:00,165.3569752385,167.0253974138,165.3074671621,166.5649723031,196429,135.77043425891986,139.80035658043988,143.8226601237304,145.65829597720537,154.96430582135446,163.13463066251933,,,150.49569541246788,167.06631030589884,159.89214792667465,"rgba(0, 255, 255, 0.75)",3.168420519015646,159.89214792667465,1.7247796746131268,0,,,0.0,0.0,0.0,0.0,57.39485689526818,7.256440497004704,True,False,True,False,False,1.8551423558341043
2024-12-17 00:00:00+00:00,164.6044524769,165.5886730361,164.4163217865,164.4361250171,147861,135.79100631517738,139.82047157392861,143.84219154279182,145.67772548963012,154.97868033631937,163.1387744375146,,,150.51353831742998,166.75816327327718,159.88739967256356,"rgba(0, 255, 255, 0.75)",3.143422245933305,159.88739967256356,1.5006106196642761,0,,,0.0,0.0,0.0,0.0,54.50061107321638,11.298757226537028,True,False,True,False,False,0.9403870267137258
2024-12-18 00:00:00+00:00,162.8122601106,165.5476803489,162.8122601106,164.2677975573,426643,135.8478704513447,139.87568501737013,143.89528578038065,145.7302346207889,155.01514663281338,163.14277989312694,,,150.5606862560355,165.8838759050169,159.8591346444143,"rgba(38, 166, 154, 0.5)",3.156747678305278,159.8591346444143,0.9354962027789001,0,,,0.0,0.0,0.0,0.0,50.390483460686994,7.346102293567178,True,False,False,False,False,0.0
2024-12-19 00:00:00+00:00,161.1784935887,163.7281595243,161.119083897,163.0102924162,197869,135.8725463354691,139.8993697208109,143.9176917140186,145.75217193037847,155.02864487166354,163.13919145120772,,,150.5796037212297,165.42703224288576,159.83350488139624,#000000,3.1850178168347485,159.83350488139624,0.42228608587201305,0,,,0.0,0.0,0.0,0.0,45.982074979955016,3.221205579454761,False,True,False,True,False,0.0
2024-12-20 00:00:00+00:00,160.6041999023,162.5251132673,160.2180369062,160.6041999023,177226,135.89385475252334,139.91968558674347,143.93672503879824,145.77069411578978,155.0391499535638,163.13347376728183,,,150.5951751303948,165.0152929686023,159.8060922114958,#000000,3.22949590760796,159.8060922114958,0.2471307329803473,0,,,0.0,0.0,0.0,0.0,42.49955840355851,0.02469492792432959,False,True,False,True,False,0.0
2024-12-23 00:00:00+00:00,161.5448533542,161.7428856599,159.7526609879,160.6041999023,127336,135.90908053136184,139.93418808678913,143.9502931056742,145.7838861151849,155.04654873320368,163.12917823596413,,,150.60622619473597,164.75832534927355,159.7881640313573,"rgba(38, 166, 154, 0.5)",3.2544272226346624,159.7881640313573,0.5397844851545193,0,,,0.0,0.0,0.0,0.0,41.75221135099355,-0.6707895481133761,False,True,False,True,False,0.0
2024-12-24 00:00:00+00:00,161.5448533542,161.7923937363,160.7527241315,161.2973129722,104250,135.92170567072387,139.94624326320002,143.96161267182586,145.79491713537635,155.05294684773264,163.12625381746892,,,150.61555982471592,164.5887613419601,159.7766797936996,"rgba(38, 166, 154, 0.5)",3.277809005195079,159.7766797936996,0.5394376419425231,0,,,0.0,0.0,0.0,0.0,41.25397998261691,-1.3019581548950683,False,True,False,True,False,0.0
2024-12-26 00:00:00+00:00,161.1685919735,162.252818847,160.8814451302,160.8814451302,160014,135.9411137152032,139.96478168835068,143.97902927911312,145.81189539983313,155.06285233032918,163.12196382780982,,,150.6299489861847,164.36415408994236,159.7613266392183,#000000,3.273281881081174,159.7613266392183,0.42992488438450027,0,,,0.0,0.0,0.0,0.0,40.462280883727566,-2.3267793517273674,False,True,False,True,False,0.0
2024-12-27 00:00:00+00:00,160.4061675966,161.2775097416,159.8516771407,160.1091191381,119232,135.95503352062232,139.9779818797878,143.99129976783638,145.8237769152245,155.06914750958225,163.11704173978742,,,150.63973265343694,164.17006193151886,159.74562674669974,#000000,3.265160953717438,159.74562674669974,0.20229962910349686,0,,,0.0,0.0,0.0,0.0,39.01541149331092,-4.015270521084815,False,True,False,True,False,0.0
2024-12-30 00:00:00+00:00,159.5150222211,160.069512677,157.7228298547,159.1090559944,189836,135.97589345588665,139.99752360798394,144.0091353434226,145.84084323267075,155.0765528601699,163.1050245277652,,,150.6530517821457,163.79374150642613,159.71025675169315,#000000,3.229857321449971,159.71025675169315,-0.06044679723050687,0,,,0.0,0.0,0.0,0.0,37.04470987344317,-6.183132074272599,False,True,False,True,False,0.0
2024-12-31 00:00:00+00:00,158.8021059206,160.0893159075,158.3119759641,158.9803349958,138493,135.9910651449413,140.0117290935462,144.0220907592467,145.85323368379773,155.08189187039721,163.0962272617784,,,150.66270245727114,163.55086833663194,159.68625510867207,#000000,3.2304916887402295,159.68625510867207,-0.27368873634738966,0,,,0.0,0.0,0.0,0.0,34.975083973995716,-8.40532127057957,False,True,False,True,False,0.0
2025-01-02 00:00:00+00:00,159.722956142,161.0497725901,158.6882373449,158.7426962289,266073,136.02110582732286,140.04003679753194,144.04816004473747,145.87832510004836,155.09403819811934,163.08257027994597,,,150.68283582037148,163.21563729867722,159.65283269000162,#000000,3.1980455115801556,159.65283269000162,0.021926971253051986,0,,,0.0,0.0,0.0,0.0,35.64008094349317,-8.40532127057957,False,True,False,True,False,0.0
2025-01-03 00:00:00+00:00,160.7725273621,161.1784935887,159.5546286822,159.930890063,231810,136.04796416472777,140.065480881659,144.0717807192014,145.90117711579376,155.1060884823667,163.07323095307964,,,150.7016075107434,163.0186046079889,159.6332605683877,#000000,3.220974932981077,159.6332605683877,0.3537024712756398,0,,,0.0,0.0,0.0,0.0,38.18588146550903,-8.40532127057957,False,True,False,True,True,0.0
2025-01-06 00:00:00+00:00,159.3763996071,160.9705596678,159.1882689167,160.9705596678,275577,136.0789613964461,140.09467723918527,144.09865400662116,145.92703306193138,155.11860894846535,163.0594022650492,,,150.72234088061523,162.7664506201384,159.6049969447399,#000000,3.2656816335300456,159.6049969447399,-0.06999988464667944,0,,,0.0,0.0,0.0,0.0,38.0405890527336,-8.40532127057957,False,True,False,True,True,0.0
2025-01-07 00:00:00+00:00,158.9110236888,160.1685288298,158.0990912355,159.8318739102,278438,136.10916606750695,140.12291950064235,144.12436355734323,145.9515912737818,155.12910104780082,163.04216451212585,,,150.74139861057478,162.49097466248625,159.57059091733487,#000000,3.2927019335168204,159.57059091733487,-0.20031185386720438,0,,,0.0,0.0,0.0,0.0,37.38079597943718,-8.40532127057957,False,True,False,True,True,0.0
2025-01-08 00:00:00+00:00,158.0693863897,159.0397446875,157.20794586,158.8120075359,313609,136.14168113574573,140.15303141893486,144.15137237867776,145.97713698077686,155.13800005503975,163.01831880353146,,,150.76031006782515,162.15227055115446,159.52399018235863,#000000,3.3455886451976116,159.52399018235863,-0.4347826188215373,0,,,0.0,0.0,0.0,0.0,35.95858442166116,-8.559634036139961,False,True,False,True,True,0.0
2025-01-10 00:00:00+00:00,153.5641514355,156.9604054779,153.5146433591,156.9604054779,445296,136.1805090770294,140.18748843846544,144.1801721217987,146.00303162999188,155.13606291432453,162.9615149780876,,,150.77454959776256,161.413757999958,159.4099545085334,"rgba(255, 0, 0, 1.0)",3.495360159365455,159.4099545085334,-1.6724465595827536,0,,,0.0,0.0,0.0,0.0,31.42445539726735,-13.03411080702103,False,True,False,True,False,0.0
2025-01-13 00:00:00+00:00,153.5245449744,153.8413966635,150.1084877015,151.6135332247,350626,136.20736497333377,140.21042569810376,144.19803526733222,146.01819797045286,155.1272898176608,162.90565438769042,152.49147644646666,,150.77944716029086,160.76956611611445,159.3871310958973,"rgba(255, 0, 0, 1.0)",3.617999232925478,159.3871310958973,-1.6203945175402612,0,,,0.0,0.0,0.0,0.0,28.378364263638716,-15.93886455334431,False,True,False,True,False,0.0
2025-01-14 00:00:00+00:00,152.9403496727,154.5345097334,152.0294010666,154.4453951958,416043,136.24043623173213,140.23902508630553,144.2208529556406,146.0379736179906,155.11960802609215,162.84439662822115,152.8586479525497,,150.78750475571584,160.16972899479492,159.29504665707358,"rgba(255, 0, 0, 1.0)",3.737139362215543,159.29504665707358,-1.700417449941241,0,,,0.0,0.0,0.0,0.0,25.988410001694874,-18.189359751803472,False,True,False,True,False,0.0
2025-01-15 00:00:00+00:00,156.1583746399,156.1583746399,153.2770045923,154.1780515831,391962,136.27519750756238,140.27006590682646,144.2470969014384,146.0617803509361,155.1198962329919,162.79934489585094,153.6500172061154,,150.80147686013137,159.82568612454068,159.26279419810896,"rgba(239, 83, 80, 0.5)",3.7682473988681795,159.26279419810896,-0.8238364495763758,0,,,0.0,0.0,0.0,0.0,30.34673180207161,-18.189359751803472,False,True,False,True,True,0.0
2025-01-16 00:00:00+00:00,156.5940457124,157.0099135543,155.534572877,156.4950295595,179884,136.2921014327294,140.28539263641855,144.26039416966825,146.07407233553835,155.12202016608447,162.78203279910304,154.0168358150023,,150.80957492596107,159.7196127812531,159.25627029890748,"rgba(239, 83, 80, 0.5)",3.8088265210756047,159.25627029890748,-0.6989618906968939,0,,,0.0,0.0,0.0,0.0,33.9153844611462,-22.539690617771136,False,True,False,True,True,0.0
2025-01-17 00:00:00+00:00,157.6832233936,158.6931881525,157.0099135543,157.277257167,206693,136.3128562111497,140.30451383022498,144.27741817102014,146.09009575933771,155.12718984106715,162.7666293050475,154.52227675642598,,150.82120894651646,159.65388464127366,159.26271633068396,#000000,3.806440682097591,159.26271633068396,-0.41495272591862753,0,,,0.0,0.0,0.0,0.0,37.91317528196956,-18.928056248674924,False,True,False,True,True,0.0
2025-01-21 00:00:00+00:00,160.7725273621,161.3369194333,158.1089928508,159.3664979918,215604,136.3367536765623,140.32700611510379,144.29811453137117,146.1100061943359,155.13714556284765,162.75797728811654,155.20191652643015,,150.83725262074344,159.66829826824178,159.2923435906984,#000000,3.7725176257317816,159.2923435906984,0.3923596701856265,0,,,0.0,0.0,0.0,0.0,44.26506317436731,-13.183622340714038,False,False,False,True,True,0.0
2025-01-22 00:00:00+00:00,162.4855068062,163.1142593767,160.4259708272,160.9210515914,369536,136.38093257212407,140.3692057684211,144.3377988701264,146.14871311449596,155.16077226713463,162.75387451159486,156.38261884599353,,150.87035830325246,159.79862017258603,159.36496396185265,"rgba(38, 166, 154, 0.5)",3.7171953605449723,159.36496396185265,0.8394885233822746,1,0.36256758183465476,0.36256758183465476,0.0,0.0,0.0,0.0,50.09016086720642,-8.058884569384873,True,False,False,False,True,0.5459881543774543
2025-01-23 00:00:00+00:00,163.0697021079,163.5053731804,161.8220985822,162.5251132673,204311,136.40604461699576,140.3933166123739,144.36064158983748,146.17109540407372,155.1752653864951,162.75401086529226,156.94413514930582,,150.88987089321066,159.88823907872535,159.40484120471908,"rgba(38, 166, 154, 0.5)",3.6882819091957337,159.40484120471908,0.9936498872398005,1,0.3642691631175397,0.3642691631175397,0.0,0.0,0.0,0.0,54.4828803233695,-4.292223751267528,True,False,True,False,True,1.2400792765823567
2025-01-24 00:00:00+00:00,161.5943614307,163.9905523293,161.3220670104,163.2281279525,290985,136.44105596231046,140.42680723583732,144.39220354683485,146.2019199710066,155.19447343707867,162.75207783579313,157.53795267879735,,150.9163967355327,159.9867431896814,159.44668119493002,"rgba(38, 166, 154, 0.5)",3.6881833061155205,159.44668119493002,0.5823138541429912,1,0.36488535423250695,0.36488535423250695,0.0,0.0,0.0,0.0,55.305292763493426,-3.7293557332790996,True,False,True,False,True,0.0
2025-01-27 00:00:00+00:00,162.9805875704,163.1885214913,159.9110868324,160.8418386691,225294,136.46781022149378,140.45234118781528,144.41618924984428,146.225297843626,155.20870035468067,162.749682362378,157.89267629623066,,150.93635466169496,160.04921729200893,159.47177128481778,"rgba(38, 166, 154, 0.5)",3.687554766515074,159.47177128481778,0.9515292674278631,1,0.36761614456915426,0.36761614456915426,0.0,0.0,0.0,0.0,57.196123385876604,-1.9253710532227188,True,False,True,False,True,1.1134045118050082
2025-01-28 00:00:00+00:00,164.5648460158,164.9807138577,162.5152116521,163.3766521817,342957,136.5115982606919,140.49467586074897,144.45669592171095,146.26522587671772,155.23654327293673,162.756037992778,158.5506493214894,,150.9720350552002,160.226096977126,159.53399005767076,"rgba(38, 166, 154, 1.0)",3.678275731991165,159.53399005767076,1.3677212706960018,1,0.3680457033268428,0.3680457033268428,0.0,0.0,0.0,0.0,59.82555371760016,0.6780052475496916,True,False,True,False,True,2.961451133104884
2025-01-29 00:00:00+00:00,165.2084510092,165.9992930219,163.7925200237,164.2083878656,309035,136.55233734407526,140.534276541297,144.49487387738463,146.30302852485627,155.2642638855346,162.76610744350901,159.11963079918337,,151.00642186145288,160.4103153246864,159.59587694012902,"rgba(0, 255, 255, 0.75)",3.6728696211680125,159.59587694012902,1.5281168807963605,1,0.3691580755763145,0.3691580755763145,0.0,0.0,0.0,0.0,62.10126363049059,3.0000781592623653,True,False,True,False,True,3.7007154391108372
2025-01-30 00:00:00+00:00,167.3769047564,168.8720486642,165.8718592332,166.3471367669,280970,136.59235764161662,140.57365211901592,144.53346536649295,146.341612272808,155.29544189950312,162.78482815688236,159.7325219726991,,151.04281787555234,160.64633193645298,159.6733412660344,"rgba(0, 255, 0, 1.0)",3.7083099994475712,159.6733412660344,2.0773785070593305,1,0.36816677565046074,0.36816677565046074,0.0,0.0,0.0,0.0,65.20472929281807,6.129928917556562,True,False,True,False,True,6.130492575113816
2025-01-31 00:00:00+00:00,166.594677149,168.3571646695,166.3768416127,167.2283805271,424186,136.65206397739735,140.63229628379798,144.5908109899865,146.3988680116678,155.34118660365613,162.81119493996817,160.4761466842198,,151.09657655209463,160.96096234417166,159.7756189068008,"rgba(0, 255, 255, 0.75)",3.7259178182400974,159.7756189068008,1.8301687194539726,1,0.3673342742366682,0.3673342742366682,0.0,0.0,0.0,0.0,65.99798951361794,7.127484891468363,True,False,True,False,True,5.12539470727954
2025-02-03 00:00:00+00:00,167.5155273703,168.0403129804,160.4061675966,161.188395204,352520,136.69860159223666,140.67755620951277,144.63447859719588,146.44212152920974,155.37319616182532,162.82384559924796,160.85061251575027,,151.13601926430948,161.13047897698684,159.83046108913555,"rgba(0, 255, 0, 1.0)",3.7577715866943646,159.83046108913555,2.0451126695342428,1,0.3665528317033608,0.3665528317033608,0.0,0.0,0.0,0.0,67.22803694423598,8.643303326477906,True,False,True,False,True,6.150003185059866
2025-02-04 00:00:00+00:00,166.4065464586,169.1889003533,166.178809307,168.307656593,437448,136.76003608695177,140.7378872484347,144.6934625418877,146.50100155166743,155.42031388275603,162.8514122436936,161.41141801854067,,151.19130508026697,161.41252739199786,159.92239069885983,"rgba(0, 255, 255, 0.75)",3.7495653495178085,159.92239069885983,1.7293086412199803,1,0.369049000397596,0.369049000397596,0.0,0.0,0.0,0.0,66.20914827823125,8.643303326477906,True,False,True,False,True,4.713588176111479
2025-02-05 00:00:00+00:00,167.5650354468,168.8918518948,166.109498,167.2976918341,832173,136.8772317725271,140.85303952979328,144.80612806125137,146.61350969853282,155.51090043590446,162.90600429310652,162.28362560660693,,151.297148625233,161.90442925658863,160.0857458575045,"rgba(0, 255, 255, 0.75)",3.775337847514745,160.0857458575045,1.9810914655542777,1,0.371660121290379,0.371660121290379,0.0,0.0,0.0,0.0,66.52571414871159,8.739747398236915,True,False,True,False,True,6.015214946256354
2025-02-06 00:00:00+00:00,175.1595743694,176.5903577779,165.5946140053,167.2976918341,875158,137.01917920048186,140.99524856888323,144.94885482085422,146.75810898940205,155.643189641279,163.02187149210084,163.61025978028158,,151.44033794556324,162.7274965682916,160.36654798722643,"rgba(0, 255, 0, 1.0)",4.021347457574835,160.36654798722643,3.6786242766236454,1,0.36370457241099946,0.36370457241099946,0.0,0.0,0.0,0.0,70.84736857869052,13.227788970882628,True,False,True,False,True,13.61904134030777
2025-02-07 00:00:00+00:00,174.902132372,175.7784253246,172.5059414733,174.6347887594,403036,137.08774200608156,141.06433849056754,145.01870970983205,146.82916480133497,155.71039958037076,163.08511960604721,164.22176548115021,,151.51168316312518,163.13240358505337,160.5082137848712,"rgba(0, 255, 0, 1.0)",4.237108650247158,160.5082137848712,3.397108683132113,1,0.35533713260030775,0.35533713260030775,0.0,0.0,0.0,0.0,73.36259368463999,15.860613600627346,True,False,True,False,True,13.282448282569636
2025-02-10 00:00:00+00:00,177.169602272,177.4468474999,175.2981969834,175.9814084379,421509,137.16347312136335,141.14113131859517,145.09696305920363,146.9091017458503,155.7885517062684,163.16348631546924,164.91681118102602,,151.59309184121267,163.60540228909161,160.67605016884036,"rgba(0, 255, 0, 1.0)",4.534952556231126,160.67605016884036,3.636984488514025,1,0.34266026957686785,0.34266026957686785,0.0,0.0,0.0,0.0,75.88925394362465,18.4667735096659,True,False,True,False,True,15.319702133639066
2025-02-11 00:00:00+00:00,176.8329473523,177.6844862667,175.8061498474,177.6844862667,452328,137.2446989627762,141.22348602313312,145.18086932547843,146.9947989703102,155.8723153894069,163.24742160980682,165.5887485266792,,151.6803403280013,164.08240424827312,160.84907639526938,"rgba(0, 255, 0, 1.0)",4.80154205485786,160.84907639526938,3.3289036676996893,1,0.32873216490121027,0.32873216490121027,0.0,0.0,0.0,0.0,77.06357820237852,19.80462551589322,True,False,True,False,True,14.87026408655688
2025-02-12 00:00:00+00:00,174.1496096104,175.912097131,173.6396764233,175.912097131,648443,137.35409239333444,141.33359583621356,145.29203207119224,147.10775437020285,155.97867778277623,163.34661535369585,166.26331333204905,,151.79345756058592,164.59995567959297,161.04489377833028,"rgba(0, 255, 0, 1.0)",4.960349036358679,161.04489377833028,2.641893894162277,1,0.321105090151185,0.321105090151185,0.0,0.0,0.0,0.0,74.08245072456623,19.80462551589322,True,False,True,False,True,11.37453816886897
2025-02-13 00:00:00+00:00,177.1795038873,177.2488151943,173.9268232666,174.0010853812,635171,137.46506784517385,141.44575083482331,145.40583400920792,147.22370423366982,156.09029349167798,163.45530971868018,166.938873392421,,151.91065463993792,165.13120858621727,161.25070338369275,"rgba(0, 255, 0, 1.0)",5.208735516907317,161.25070338369275,3.058093553013604,1,0.3100421949584092,0.3100421949584092,0.0,0.0,0.0,0.0,73.69013723151782,19.80462551589322,True,False,True,False,False,14.103754335099005
2025-02-14 00:00:00+00:00,171.9811558633,177.4072410388,171.9811558633,177.238913579,654840,137.5719641643376,141.55290959469042,145.5134547969922,147.3327227769267,156.19084876325957,163.54519693463038,167.39108832672596,,152.01879537941468,165.5242403885888,161.4129027513515,"rgba(0, 255, 255, 0.75)",5.296928885561817,161.4129027513515,1.9951661312189886,1,0.30665143770906456,0.30665143770906456,0.0,0.0,0.0,0.0,68.06395001593646,25.169432713716176,True,False,True,False,False,7.879785531234944
2025-02-18 00:00:00+00:00,171.8524348646,172.6396132797,170.1720317348,172.1989913996,323469,137.62129115168025,141.6019288809486,145.56213683732722,147.3817231391132,156.2338442367576,163.5794616792173,167.522557805335,,152.06637596462664,165.6564902058613,161.47212546703858,"rgba(0, 255, 255, 0.75)",5.379721113759109,161.47212546703858,1.9295255605374935,1,0.3046775579168585,0.3046775579168585,0.0,0.0,0.0,0.0,64.19997306962365,21.518107217448673,True,False,True,False,False,7.733765590189471
2025-02-19 00:00:00+00:00,170.9018797974,172.0108607092,169.5453585035,172.0108607092,380780,137.67792019913423,141.6580167565124,145.61759680805972,147.43740480553924,156.28173568020452,163.61573898225046,167.64070965102866,,152.1199883371371,165.78642004770467,161.53332517388617,"rgba(0, 255, 255, 0.75)",5.441571837241168,161.53332517388617,1.7216633178298002,1,0.303899907053098,0.303899907053098,0.0,0.0,0.0,0.0,60.7523863110129,18.30221246936958,True,False,True,False,False,6.64978772216865
2025-02-20 00:00:00+00:00,175.6497043259,176.1961259174,170.7716497544,170.7716497544,1631641,137.9429768850128,141.92356370710465,145.88407672833827,147.70716182727003,156.53042420082028,163.8383394810918,168.51468060082874,,152.38727111227792,166.60596600854475,161.90368938688394,"rgba(0, 255, 0, 1.0)",5.608368558666732,161.90368938688394,2.450982811708057,1,0.2980902542696773,0.2980902542696773,0.0,0.0,0.0,0.0,61.573337009030794,18.30221246936958,True,False,True,False,False,10.928322080975981
2025-02-21 00:00:00+00:00,175.1330875485,177.2989040385,174.9145189119,176.017297033,819138,138.0803206979617,142.0616803094805,146.02333647297687,147.84848412871332,156.66359426292667,163.96306168024486,168.96995707984107,,152.5285509227952,167.03349595247388,162.10326277258372,"rgba(0, 255, 0, 1.0)",5.74415008346805,162.10326277258372,2.2683642639172596,1,0.2925656689244348,0.2925656689244348,0.0,0.0,0.0,0.0,61.62125743310715,18.30221246936958,True,False,True,False,False,10.335217570418493
2025-02-24 00:00:00+00:00,175.3715260612,177.835390692,175.1330875485,175.1330875485,775209,138.21051754145373,142.1926296786173,146.15539176880802,147.98249352782318,156.79009068807034,164.0819603773606,169.36975717105977,,152.66257338995675,167.41694207082148,162.28841506678705,"rgba(0, 255, 0, 1.0)",5.883102453514738,162.28841506678705,2.2238455131096204,1,0.28649823847580863,0.28649823847580863,0.0,0.0,0.0,0.0,61.80491663829734,18.30221246936958,True,False,True,False,False,10.54474219334094
2025-02-25 00:00:00+00:00,178.1533087089,178.8437869018,175.0238032302,175.0238032302,1086614,138.39738113514372,142.38107418642977,146.34605685743895,148.17631057883793,156.97574110557355,164.26135941159,169.94956413192043,,152.85758557934682,167.97152378320192,162.56143623296342,"rgba(0, 255, 0, 1.0)",6.090621329440419,162.56143623296342,2.5599806050278784,1,0.27774828370915916,0.27774828370915916,0.0,0.0,0.0,0.0,63.596515010879585,18.30221246936958,True,False,True,False,False,12.93865933227871
2025-02-26 00:00:00+00:00,175.7291838302,178.0042846384,175.1529574246,178.0042846384,520291,138.48384083741496,142.46791594853522,146.43347802118578,148.26491821081365,157.0589514464916,164.3388254775261,170.16315914105766,,152.94593545848946,168.18846333381458,162.67541921496,"rgba(0, 255, 0, 1.0)",6.2058575999162455,162.67541921496,2.1034586122981893,1,0.27234643669141073,0.27234643669141073,0.0,0.0,0.0,0.0,62.26936446496819,18.30221246936958,True,False,True,False,False,10.127243700177544
2025-02-27 00:00:00+00:00,175.2920465569,177.3386437906,175.0337381682,176.1961259174,461020,138.55930040994642,142.5435718936992,146.50946407715915,148.34183224788885,157.13053726692334,164.40432783823147,170.32895805272852,,153.0223098798133,168.36225947538156,162.77011048668305,"rgba(0, 255, 255, 0.75)",6.324938355085407,162.77011048668305,1.9797720336908906,1,0.26789396065420723,0.26789396065420723,0.0,0.0,0.0,0.0,60.95044001182187,17.21054516479326,True,False,True,False,False,9.629388335211061
2025-02-28 00:00:00+00:00,177.6565618075,177.8006184089,174.7058852133,175.9378175287,464669,138.63673990108867,142.62137688482,146.58781589752465,148.42125373999403,157.20532036206495,164.47433511397037,170.51024935669014,,153.1015612245592,168.54819556014277,162.87088335131278,"rgba(0, 255, 0, 1.0)",6.494406252898709,162.87088335131278,2.276679018899962,1,0.2610712371673937,0.2610712371673937,0.0,0.0,0.0,0.0,61.669743925939734,17.21054516479326,True,False,True,False,False,11.673562437762374
2025-03-03 00:00:00+00:00,177.3684486047,179.2461518919,176.3103777048,177.6565618075,417073,138.70765390317368,142.69278857736018,146.65993493731648,148.49446925527116,157.2751024964921,164.5411702620304,170.6872856380496,,153.17499991972556,168.7262011945503,164.1338391476459,"rgba(0, 255, 255, 0.75)",6.649092149177083,164.1338391476459,1.990438568172361,1,0.2550739218882002,0.2550739218882002,1.0,0.0,179.24615,823.0,61.82984195006946,17.21054516479326,True,False,True,False,False,11.337877645091929
2025-03-04 00:00:00+00:00,174.6760803992,178.0539593286,174.1395937458,177.5572124272,322072,138.7594090601396,142.74456172208943,146.71178448749893,148.54685919844562,157.32335609367829,164.58443848578813,170.78012873628387,,153.22675688668707,168.82890590305033,164.14756411870562,"rgba(0, 255, 255, 0.75)",6.736133332833398,164.14756411870562,1.5629910751879093,1,0.2517738452332636,0.2517738452332636,0.0,0.0,0.0,0.0,59.139447895237254,14.574645484687807,True,False,True,False,False,8.262901315069794
2025-03-05 00:00:00+00:00,174.8549092837,176.1961259174,173.881285357,175.0635429823,360279,138.81612099250313,142.80115035274986,146.76827474096086,148.60383281502476,157.37513987923566,164.62963278263422,170.86662453369652,,153.28271039233488,168.92964830858952,164.17750720695213,"rgba(0, 255, 255, 0.75)",6.823351684645528,164.17750720695213,1.5648324416247015,1,0.24843644779108603,0.24843644779108603,0.0,0.0,0.0,0.0,57.49642022037524,12.793772873192651,False,False,True,False,False,8.423609424939503
2025-03-06 00:00:00+00:00,173.9408949852,177.3386437906,172.4705241571,173.6527817824,514743,138.89596015012174,142.88067058194653,146.84747159888846,148.68359816125925,157.44695562306555,164.69109238459626,170.9729247594331,,153.36071232173558,169.0589713749944,164.2312571814934,"rgba(38, 166, 154, 1.0)",6.894695908740214,164.2312571814934,1.408276439196974,1,0.24585318937657033,0.24585318937657033,0.0,0.0,0.0,0.0,55.46031889131108,10.684472319643675,False,False,True,False,False,7.388876430191175
2025-03-07 00:00:00+00:00,176.5041089963,177.2194245343,173.1858396951,173.1858396951,324291,138.9475554051671,142.93222217159132,146.8990205848012,148.73563287271134,157.4946545656351,164.73350478390887,171.05546715064995,,153.41198529708572,169.1524114813097,164.28609655234567,"rgba(0, 255, 255, 0.75)",7.003067481648607,164.28609655234567,1.7446658162257302,1,0.24178069055444643,0.24178069055444643,0.0,0.0,0.0,0.0,56.34513297248608,10.684472319643675,False,False,True,False,False,9.706356604285695
2025-03-10 00:00:00+00:00,172.6096132895,176.4345644301,171.4670954164,176.1762560414,494966,139.0214650872956,143.00548265327737,146.9715322545987,148.80840148095814,157.55847512869678,164.78506968491445,171.11986757107843,,153.48232360685307,169.24475819183846,164.32790527517923,"rgba(38, 166, 154, 1.0)",7.012590438590472,164.32790527517923,1.1809769994189752,1,0.2401636437440146,0.2401636437440146,0.0,0.0,0.0,0.0,53.296463685205225,8.425868079425683,False,False,False,False,False,5.432034806232551
2025-03-11 00:00:00+00:00,170.5729509939,172.043321822,169.88744027,171.9638423177,558944,139.09811764475458,143.08058798463153,147.04475280491062,148.8812371901821,157.6179736564562,164.82497039394633,171.11163751724405,,153.55065319481758,169.281967474385,164.33122841185312,"rgba(38, 166, 154, 0.5)",6.988552012374135,164.33122841185312,0.8931353120067094,1,0.23937997148628554,0.23937997148628554,0.0,0.0,0.0,0.0,49.7298365998852,5.033049120066238,False,False,False,False,False,3.323007101242208
2025-03-12 00:00:00+00:00,169.907310146,171.6459243009,169.1224500419,171.2683966558,477127,139.16200762480366,143.14297902254052,147.10530909295574,148.94131616661093,157.66602038022634,164.855204901361,171.09033448866,,153.6065151527214,169.30044362740796,164.3346802810114,"rgba(38, 166, 154, 0.5)",6.950352611982332,164.3346802810114,0.801776568196185,1,0.23885920200256627,0.23885920200256627,0.0,0.0,0.0,0.0,46.871172068371,2.385995261423588,False,True,False,True,False,2.6440283944301157
2025-03-13 00:00:00+00:00,168.9038814053,170.8610641967,168.2084357433,169.162189794,413215,139.2155295054668,143.19499188832395,147.1554653363158,148.99088432083727,157.70437297407244,164.87677067189207,171.05432952802263,,153.6519868340668,169.30084424678267,164.3318699599265,"rgba(38, 166, 154, 0.5)",6.902011502750984,164.3318699599265,0.6624172451105313,1,0.23852809390077806,0.23852809390077806,0.0,0.0,0.0,0.0,44.235920600959,-0.035889594016964566,False,True,False,True,False,1.6222837059925759
2025-03-14 00:00:00+00:00,171.0498280192,171.1988520896,169.3901966217,169.7384161996,344012,139.26174547742505,143.2401540129241,147.19934115376185,149.0344362066937,157.739447672799,164.89945534626395,171.04584972815962,,153.69257863904633,169.31790310302202,164.34507959273668,"rgba(38, 166, 154, 0.5)",6.887832069946815,164.34507959273668,0.9734192643455494,1,0.23764133023595949,0.23764133023595949,0.0,0.0,0.0,0.0,44.74118322444644,-0.035889594016964566,False,True,False,True,False,3.670655851417248
2025-03-17 00:00:00+00:00,172.788442174,173.0219132177,170.3792197024,170.4636666756,348658,139.31071110934866,143.28830841549095,147.2465202068368,149.08149695337715,157.77898852954507,164.92838839407725,171.06277351840077,,153.73720499569845,169.35549125459045,164.37464376800423,"rgba(38, 166, 154, 1.0)",6.880665067861161,164.37464376800423,1.2228176089104694,1,0.2361355740591083,0.2361355740591083,0.0,0.0,0.0,0.0,46.708314345340604,-0.035889594016964566,False,True,False,True,False,5.279678919785525
2025-03-18 00:00:00+00:00,171.2187219657,173.0268806867,169.8278306418,172.6493530416,406155,139.36634311400925,143.3428312885555,147.2996985198001,149.13440128224167,157.82251460061923,164.9584962782278,171.06838225000328,,153.7869275638628,169.386926462485,164.40164367364082,"rgba(38, 166, 154, 0.5)",6.8457484357214415,164.40164367364082,0.9958119782034867,1,0.23525437969313295,0.23525437969313295,0.0,0.0,0.0,0.0,46.63245734416922,-0.035889594016964566,False,True,False,True,True,3.6452741060201213
2025-03-19 00:00:00+00:00,169.907310146,171.323038815,169.0926452278,169.4204981827,579018,139.44223324720954,143.41674208160018,147.3711872421025,149.20517080101519,157.8783986680377,164.99264354554364,171.0430327100984,,153.85232024548822,169.4027043144728,164.4227329188298,"rgba(38, 166, 154, 0.5)",6.798254983814264,164.4227329188298,0.8067625060001754,1,0.2348186242293359,0.2348186242293359,0.0,0.0,0.0,0.0,45.49393190128912,-0.035889594016964566,False,True,False,True,True,2.303607725949874
2025-03-20 00:00:00+00:00,168.9833609095,170.260000446,168.3425574067,169.3410186785,463139,139.50086828090247,143.47355709382163,147.42576548258887,149.25897853255748,157.91942637728846,165.0148186199884,171.00484173369634,,153.90133523657664,169.3991352406558,164.43087869635684,"rgba(38, 166, 154, 0.5)",6.756090393486944,164.43087869635684,0.6738338222253314,1,0.23457476848533143,0.23457476848533143,0.0,0.0,0.0,0.0,43.99141848793276,-0.6534146091674131,False,True,False,True,True,1.3669939438439087
2025-03-21 00:00:00+00:00,168.9038814053,169.8228631728,167.1553323124,167.7812334082,308873,139.5390989314081,143.51047514179007,147.46106722809452,149.2936851210733,157.94525343639256,165.02748627666824,170.97251488282564,,153.93264276867296,169.3903782487693,165.07221518588662,"rgba(38, 166, 154, 0.5)",6.722865395580091,165.07221518588662,0.5699454018419734,1,0.23440797168132474,0.23440797168132474,0.0,0.0,0.0,0.0,42.92334578082562,-1.8758737831639678,False,True,False,True,False,1.2858631345046305
2025-03-24 00:00:00+00:00,170.4537317376,170.7915196305,168.6356380785,168.8740765912,353877,139.58477824957566,143.5548769397913,147.5039062960044,149.33602694737934,157.97836415307094,165.0472245469801,170.95698817958078,,153.97158753711645,169.39769198198604,165.12052844712542,"rgba(38, 166, 154, 0.5)",6.715175170414388,165.12052844712542,0.7942016634162469,1,0.23416867069842154,0.23416867069842154,0.0,0.0,0.0,0.0,44.07461370940693,-1.8758737831639678,False,True,False,True,False,2.811862955417986
2025-03-25 00:00:00+00:00,171.328006284,172.1824109543,170.5183088347,170.7219750643,368599,139.6343713581446,143.60338106662465,147.55109106247355,149.38289045871747,158.01661617602556,165.07335537083276,170.96305722857232,,154.01544222838783,169.42335038876834,165.1815371260587,"rgba(38, 166, 154, 0.5)",6.715561332410642,165.1815371260587,0.9152576908615506,1,0.23346579741881315,0.23346579741881315,0.0,0.0,0.0,0.0,45.831244179476386,-1.8758737831639678,False,True,False,True,True,3.6619374895702705
2025-03-26 00:00:00+00:00,170.9008039488,172.4754916262,170.2848377911,171.1789822136,254748,139.66842388094963,143.63665701047483,147.5834252420849,149.4149824681477,158.0426834912559,165.09093815212262,170.96582390985006,,154.04540871329075,169.43958462290948,165.2097273728943,"rgba(38, 166, 154, 0.5)",6.728021841870477,165.2097273728943,0.8458766498777454,1,0.23290547867787442,0.23290547867787442,0.0,0.0,0.0,0.0,46.52722958717612,-1.8758737831639678,False,True,False,True,True,3.202768018689863
2025-03-27 00:00:00+00:00,171.5565098586,172.073126636,169.8178957038,170.245098039,230786,139.6991405704914,143.66665617662426,147.6125538355365,149.4438798612331,158.06608305599997,165.10659642771913,170.9675926445827,,154.07235435355832,169.4534626769436,165.230977564454,"rgba(38, 166, 154, 0.5)",6.745460103173433,165.230977564454,0.9377466025142043,1,0.23218699619260194,0.23218699619260194,0.0,0.0,0.0,0.0,47.798480820720535,-1.8758737831639678,False,True,False,False,True,3.8532167031673126
2025-03-28 00:00:00+00:00,169.897375208,172.2420205825,169.5893921292,171.4770303544,319719,139.74082160022482,143.7072434246801,147.65180894467454,149.48273275371608,158.09694838824953,165.12611127076696,170.96243192527217,,154.10829580923235,169.46594917040946,165.24869901674532,"rgba(38, 166, 154, 0.5)",6.749464630617183,165.24869901674532,0.6887473963738063,1,0.23248625133219783,0.23248625133219783,0.0,0.0,0.0,0.0,46.72304357272263,-1.8758737831639678,False,True,False,True,True,2.0509064605675142
2025-03-31 00:00:00+00:00,171.6558592389,171.9340375037,167.9501273546,169.2118644841,312185,139.78132917178863,143.7466637599312,147.68990489220675,149.52041973554543,158.12678856948315,165.14481391457485,170.95672255848916,,154.14310607737892,169.47720041405702,165.26478278334153,"rgba(38, 166, 154, 0.5)",6.767098586165945,165.26478278334153,0.9444337738220373,1,0.2321002868871979,0.2321002868871979,0.0,0.0,0.0,0.0,48.183595624416114,-6.251695802023335,False,True,False,False,True,3.810675718610174
2025-04-01 00:00:00+00:00,172.9374662444,173.5484649331,170.0960739686,171.6657941769,418740,139.83845786230057,143.80266594287846,147.74455297497752,149.5747884955785,158.17198964413836,165.1774870888421,170.97746743181972,,154.19433636279464,169.51578985980422,165.31453825879174,"rgba(38, 166, 154, 1.0)",6.7954484955416845,165.31453825879174,1.1217696654767488,1,0.23128929268337017,0.23128929268337017,0.0,0.0,0.0,0.0,50.564312113648256,-3.880057547097806,False,True,False,False,True,5.065314822472121
2025-04-02 00:00:00+00:00,174.3879671964,174.4922840457,171.6657941769,172.2718253966,352301,139.8883230326912,143.8517969760655,147.7928165371507,149.62298968419913,158.21335702971902,165.20987523263148,171.01276951278697,,154.24036112454002,169.56302149251835,165.37029768391514,"rgba(38, 166, 154, 1.0)",6.840727833284525,165.37029768391514,1.3182324647690455,1,0.22971633968543326,0.22971633968543326,0.0,0.0,0.0,0.0,53.596599163449696,-0.9833107013609066,False,True,True,False,True,6.460342890638589
2025-04-03 00:00:00+00:00,174.7654948415,177.487667861,172.3215000867,172.3215000867,658335,139.98481535316995,143.9473091913909,147.88720565164087,149.71757700175684,158.29679589788935,165.2794058754973,171.11019327587792,,154.33173234106764,169.67735056681693,165.49373969856117,"rgba(38, 166, 154, 1.0)",6.889867832659251,165.49373969856117,1.345708708516726,1,0.22807819779354835,0.22807819779354835,0.0,0.0,0.0,0.0,55.981618634975064,1.236051724292821,False,False,True,False,True,6.82153826931081
2025-04-04 00:00:00+00:00,164.9001013802,173.1759047571,164.7113375577,172.3711747769,775275,140.07424466704222,144.0327856605151,147.96781613094427,149.7961449808941,158.35136870683775,165.29889853248451,171.0083783552451,,154.4005960089453,169.6257363159029,165.44902332399107,#000000,6.896106238105057,165.44902332399107,-0.07959882357350503,1,0.22799689112247687,0.22799689112247687,0.0,0.0,0.0,0.0,48.716616476761544,4.050818546075718,False,True,False,False,False,0.0
2025-04-07 00:00:00+00:00,161.591767017,166.3307324562,158.7305048651,160.8267767889,942200,140.16106555780135,144.11231690208493,148.03829850270216,149.86213382772087,158.37874893322714,165.26770571397384,170.7093982750757,162.21766811276666,154.4496092996973,169.40902726675932,165.53141092140558,"rgba(239, 83, 80, 0.5)",6.927183886376368,165.53141092140558,-0.5687222930740511,1,0.22730700163495718,0.22730700163495718,0.0,0.0,0.0,0.0,42.290468411917274,-1.5792150440180848,False,True,False,True,False,0.0
2025-04-08 00:00:00+00:00,160.3995744537,166.052454842,159.1875120144,165.6352867942,722361,140.22615680362307,144.17169301286236,148.09058893712506,149.91088257468564,158.397655185382,165.2416136053671,170.48501583326546,162.07106566192755,154.48515613678376,169.24386973653668,165.40293293710653,"rgba(239, 83, 80, 0.5)",6.969225353979561,165.40293293710653,-0.7179217530323513,1,0.22627555828107807,0.22627555828107807,0.0,0.0,0.0,0.0,37.494289939271965,-5.593141273812478,False,True,False,True,False,0.0
2025-04-09 00:00:00+00:00,168.9535560954,170.5828859319,159.05835782,159.76373842,1321251,140.36775287670804,144.3055115082421,148.21485163332818,150.03083627670676,158.47394952000286,165.2549026639431,170.29461109501253,163.8973924324881,154.5867617722629,169.1263878835307,165.4432988955234,"rgba(38, 166, 154, 0.5)",6.948082633723786,165.4432988955234,0.505212356404471,1,0.22613889733362907,0.22613889733362907,0.0,0.0,0.0,0.0,41.3076695456529,-5.593141273812478,False,True,False,True,False,0.7928677998264924
2025-04-10 00:00:00+00:00,166.1817083857,168.2779803095,163.7178437549,166.9069588617,701914,140.44194788966934,144.3754958361099,148.27966973766297,150.09330369916523,158.51315801224848,165.2607944860875,170.19697344424196,164.3088620460663,154.6393879987658,169.06479510681586,165.43964790879377,#000000,6.908561150711217,165.43964790879377,0.1074117259322282,2,0.3812138602271773,0.7624277204543546,0.0,0.0,0.0,0.0,42.31356633026978,-5.593141273812478,False,True,False,True,True,0.0
2025-04-11 00:00:00+00:00,171.5565098586,172.5102639092,166.7479998533,166.9367636758,791224,140.53873970551157,144.46906786952272,148.36935070237138,150.18156312515796,158.58127466876556,165.30183340654776,170.19886333147736,165.36220142642486,154.71980413523113,169.09150760696093,165.5410718806359,"rgba(38, 166, 154, 0.5)",6.870838584695573,165.5410718806359,0.8755027357742279,2,0.3808718167293873,0.7617436334587746,0.0,0.0,0.0,0.0,46.08881662970926,-12.159764933278147,False,True,False,True,True,2.8709164479675415
2025-04-14 00:00:00+00:00,175.2125670527,175.4112658133,172.4605892191,172.8679216782,563161,140.61667434857472,144.54574931143063,148.4445741554504,150.25660689695798,158.64607279675784,165.3543394044275,170.27257448842107,166.36734378798377,154.79145926461896,169.17324724497482,165.67330105963404,"rgba(38, 166, 154, 1.0)",6.880997937775641,165.67330105963404,1.3863201354409398,2,0.37998652150353224,0.7599730430070645,0.0,0.0,0.0,0.0,50.324857613765,-8.276217862537166,False,True,False,False,True,5.656844080216043
2025-04-15 00:00:00+00:00,180.5178239594,181.103985303,173.7521311627,174.954258664,1922521,140.91201527093665,144.8401491762607,148.73820089769518,150.5522662458198,158.91995832476243,165.60856531824209,170.7391859619703,169.70484996108564,155.08257557196578,169.64014864733116,166.24859371336538,"rgba(0, 255, 0, 1.0)",6.985034783373152,166.24859371336538,2.0428288030863393,2,0.3746966636485259,0.7493933272970518,0.0,0.0,0.0,0.0,55.22000309973134,-3.7948698436393116,False,False,True,False,True,9.408102425511867
2025-04-16 00:00:00+00:00,179.0772579454,182.912144024,178.0837641427,179.7230289172,1117197,141.08860486298903,145.0167540493675,148.91506089720184,150.73073147889934,159.08814832114496,165.76928054479808,171.03690857235645,171.13137825375367,155.25959684750563,169.9349842757301,166.56582819667165,"rgba(0, 255, 255, 0.75)",7.04227724830574,166.56582819667165,1.7766170384357416,2,0.3717557083152201,0.7435114166304402,0.0,0.0,0.0,0.0,57.54944114435829,-1.696497850879659,False,False,True,False,True,8.161589397455906
2025-04-17 00:00:00+00:00,180.7661974101,182.6935753874,178.4811616638,179.5740048468,877136,141.22833490186557,145.15661681465414,149.0552735501244,150.8722869474861,159.22220238583458,165.89837442481,171.27289467032193,172.06301212372614,155.4002790709185,170.16856549272242,166.803738187163,"rgba(0, 255, 255, 0.75)",7.1148482981926024,166.803738187163,1.9624394839850516,2,0.36753923025290786,0.7350784605058157,0.0,0.0,0.0,0.0,59.76574240330572,0.43148073922647256,False,False,True,False,True,9.321936356849292
2025-04-21 00:00:00+00:00,178.9779085651,182.0875441677,177.568140859,180.7661974101,624968,141.32452557127988,145.25252755926962,149.15096286154616,150.9686277723908,159.3118418518167,165.98222274934375,171.41513058111906,172.55088177101527,155.49523335494112,170.31200832058016,166.9464023039717,"rgba(0, 255, 255, 0.75)",7.124522245572074,166.9464023039717,1.6887456935945342,2,0.36450645142974836,0.7290129028594967,0.0,0.0,0.0,0.0,60.006671752206465,0.8502825019145703,True,False,True,False,True,7.769444597433598
2025-04-22 00:00:00+00:00,181.0741804889,182.4700392818,179.0027459102,180.388669765,706508,141.43637790856434,145.36440960156133,149.26302785570644,151.08169774482852,159.41870133795922,166.08477698348497,171.5950198047779,173.12060262471667,155.60745479810745,170.49114782164844,167.11993475782168,"rgba(0, 255, 255, 0.75)",7.152993969980382,167.11993475782168,1.9508258764988988,2,0.36025583345232265,0.7205116669046453,0.0,0.0,0.0,0.0,61.08060785548646,2.2125905853372245,True,False,True,False,True,9.218145464658377
2025-04-23 00:00:00+00:00,180.8258070383,182.7333151395,179.0971278215,182.3160477424,780756,141.5593644768318,145.4873603636661,149.38609361250684,151.2058109021269,159.53576281501418,166.1967511103326,171.78675056226143,173.66818796277494,155.73049718141354,170.68283086541788,167.30203716262352,"rgba(0, 255, 255, 0.75)",7.1817362325577605,167.30203716262352,1.8830780521244554,2,0.35702911341726684,0.7140582268345337,0.0,0.0,0.0,0.0,61.60778628364554,3.1424296104195832,True,False,True,False,True,8.999309240242969
2025-04-24 00:00:00+00:00,180.8456769143,181.7696261509,179.5740048468,180.7761323481,683716,141.66601320251644,145.59386230803256,149.49255088122908,151.31308663081109,159.63649143617062,166.29240125678245,171.94550408614722,174.0789197264466,155.83660641411655,170.84250201030864,167.45150758021106,"rgba(0, 255, 255, 0.75)",7.2187543645942975,167.45150758021106,1.8554682231304453,2,0.3541626068029001,0.7083252136058003,0.0,0.0,0.0,0.0,61.96904093147784,3.9883539152744305,True,False,True,False,True,9.013306203377454
2025-04-25 00:00:00+00:00,180.4780842073,181.0543106129,178.8090146187,180.8456769143,633365,141.76274144994474,145.6902288400285,149.58859314150686,151.4097026517822,159.72625151333645,166.37615812486135,172.0776535972346,174.38746010124407,155.9316884351382,170.97701510531522,167.5763802772923,"rgba(0, 255, 255, 0.75)",7.211887311347424,167.5763802772923,1.7889497399255985,2,0.3514449548072484,0.7028899096144968,0.0,0.0,0.0,0.0,61.88023022562179,4.450404218423891,True,False,True,False,True,8.678306921373533
2025-04-28 00:00:00+00:00,181.2232045594,182.167023672,179.7230289172,179.7776710764,657005,141.86497205935547,145.79229316673218,149.69058191870081,151.51244627533046,159.82271626834856,166.46774698646115,172.22554176006764,174.7223915305191,156.03327406529647,171.12618488057277,167.71320686341625,"rgba(0, 255, 255, 0.75)",7.198357618855269,167.71320686341625,1.8768166867114047,2,0.3479595807061443,0.6959191614122886,0.0,0.0,0.0,0.0,62.25478222036379,5.382669970057833,True,False,True,False,True,9.220829300750612
2025-04-29 00:00:00+00:00,183.1009078465,183.3393463592,181.5709273903,181.6404719565,540531,141.9521698325222,145.879691869926,149.77833982872443,151.60108740939458,159.90748473468363,166.55059327572033,172.36547380305598,175.03861414699534,156.12165315129704,171.26530869981823,167.83923301035094,"rgba(0, 255, 0, 1.0)",7.192673991855796,167.83923301035094,2.121836031138035,2,0.34236199362757136,0.6847239872551427,0.0,0.0,0.0,0.0,63.56602502667159,7.16283576952344,True,False,True,False,True,10.575970054853965
2025-04-30 00:00:00+00:00,184.7699774352,185.2220171154,181.7696261509,182.6041609452,780635,142.08129140733533,146.00944867534682,149.90904453959467,151.73333177780987,160.03546596266668,166.67791947716444,172.5848008272808,175.52123461714763,156.25422185972647,171.48180033010294,168.03320894615425,"rgba(0, 255, 0, 1.0)",7.079574466239837,168.03320894615425,2.364092442117516,2,0.3356096594391897,0.6712193188783794,0.0,0.0,0.0,0.0,65.3151487280324,9.269706498162329,True,False,True,False,True,11.757718242860996
2025-05-01 00:00:00+00:00,184.5315389225,188.6545382039,183.9453775789,184.3129702859,1160214,142.2798838102704,146.20970016579335,150.11159177082934,151.9387112999888,160.23724364978762,166.88303609581268,172.9449228842199,176.282615915223,156.46152890767365,171.83459494331515,169.66428971110122,"rgba(0, 255, 0, 1.0)",6.931983632093646,169.66428971110122,2.144732301814232,2,0.32883308061162875,0.6576661612232575,0.0,0.0,0.0,0.0,66.20477499125525,10.501561625889444,True,False,True,False,True,11.526351287341761
2025-05-02 00:00:00+00:00,183.3095415451,184.3427751,179.5392325637,183.3492812972,1021858,142.44007254401092,146.3697516341451,150.27166855496432,152.10000772426108,160.38957443089555,167.02891114021347,173.16794406740127,176.6601855701328,156.62130154077133,172.0603294780926,169.7785489114751,"rgba(0, 255, 0, 1.0)",6.704465642442738,169.7785489114751,2.0182059772171406,2,0.3234958937681575,0.646991787536315,0.0,0.0,0.0,0.0,65.35608355815577,10.501561625889444,True,False,True,False,True,10.336221260377553
2025-05-05 00:00:00+00:00,184.5315389225,185.425683345,182.6737055114,183.7963535085,466066,142.51600612340752,146.44593155061682,150.34824406889098,152.17737729627106,160.4640256174725,167.10227969500207,173.2855098106015,176.86699963781902,156.69860156094293,172.17761580513744,169.87804192463938,"rgba(0, 255, 0, 1.0)",6.591913873822977,169.87804192463938,2.222950311297429,2,0.31752105773678196,0.6350421154735639,0.0,0.0,0.0,0.0,65.58261953710645,10.561212835434269,True,False,True,False,True,11.231231443979542
2025-05-06 00:00:00+00:00,184.7997822492,185.6144471675,183.9155727648,184.004987207,317353,142.56825301697145,146.49840379290998,150.40105699601014,152.23077422790826,160.51565766336645,167.1535219733835,173.3682160039415,177.01182679706997,156.75206748790887,172.25988879389823,169.9505756724385,"rgba(0, 255, 0, 1.0)",6.476603350733306,169.9505756724385,2.2927460232808943,2,0.31191130483691165,0.6238226096738233,0.0,0.0,0.0,0.0,65.90966857511444,11.248025627695917,True,False,True,False,True,11.428320793986835
2025-05-07 00:00:00+00:00,187.3331914463,188.0485069842,184.9388713816,184.9388713816,517783,142.65724050786227,146.58815831075503,150.4918633571632,152.3228429318036,160.6063249832921,167.24589398329857,173.5238084405678,177.294993123248,156.84504987427968,172.41289196423182,170.0976910032341,"rgba(0, 255, 0, 1.0)",6.442413306448166,170.0976910032341,2.6753174040875334,2,0.30473811776264337,0.6094762355252867,0.0,0.0,0.0,0.0,67.67762122382817,13.247974911343505,True,False,True,False,True,13.267069422230303
2025-05-08 00:00:00+00:00,185.8131459281,187.9441901349,185.5846423534,187.5219552688,888946,142.80806085437044,146.7400789757118,150.64531746158806,152.47828409024288,160.75861145511618,167.39985342039853,173.77630240770634,177.72917176340877,157.00162344484727,172.66238405753867,170.3247910880329,"rgba(0, 255, 0, 1.0)",6.435519861721587,170.3247910880329,2.4066983200831524,2,0.2994405036801341,0.5988810073602682,0.0,0.0,0.0,0.0,66.86070705228015,13.247974911343505,True,False,True,False,True,11.731182922650085
2025-05-09 00:00:00+00:00,186.170803697,186.4191771477,184.7302376831,186.2800880153,400324,142.8745982214538,146.80696196106996,150.71270358735748,152.54644365839724,160.82482306126917,167.46595878950734,173.8809377784498,177.89743035971836,157.06999306029593,172.76651305759216,170.41495366435075,"rgba(0, 255, 0, 1.0)",6.464267615145128,170.41495366435075,2.4373758901526412,2,0.29426316136235814,0.5885263227247163,0.0,0.0,0.0,0.0,66.56292832924206,13.247974911343505,True,False,True,False,True,11.99440633654011
2025-05-12 00:00:00+00:00,183.5479800578,187.2934516941,180.5973034636,187.0053384913,720567,142.9883952954877,146.9207448571392,150.82660063302595,152.6612300638389,160.93382609496192,167.5711403785368,174.03444736473762,178.11206254042452,157.1838905910637,172.92220069368253,170.53704434790043,"rgba(0, 255, 0, 1.0)",6.432750028367454,170.53704434790043,2.022608628117572,2,0.2911079251502837,0.5822158503005674,0.0,0.0,0.0,0.0,63.14086967941164,17.118760577537486,True,False,True,False,False,9.367847567031355
2025-05-13 00:00:00+00:00,183.0611680944,184.9488063197,182.7035103254,183.279736731,520629,143.06973927392974,147.00198573132823,150.9078081984347,152.74300367791258,161.01111722503987,167.64517981691947,174.139771912793,178.2515197983424,157.2648411028037,173.02954881701032,170.62116950928282,"rgba(0, 255, 255, 0.75)",6.342138790394622,170.62116950928282,1.9614831835528346,2,0.28860813944090236,0.5772162788818047,0.0,0.0,0.0,0.0,60.31416120659614,14.42170164923769,True,False,True,False,False,8.888155521452774
2025-05-14 00:00:00+00:00,183.8957028887,184.2434257197,182.2961778663,183.0711030325,525330,143.15130073110853,147.08338899117322,150.98911031598882,152.82483141488223,161.08825476712977,167.71876553345476,174.24269350002274,178.38286576593697,157.3457345359493,173.1347609725127,170.70405712444193,"rgba(0, 255, 0, 1.0)",6.2899028093434435,170.70405712444193,2.097273386269546,2,0.2860616735029812,0.5721233470059623,0.0,0.0,0.0,0.0,59.214854280358274,13.389939693804386,True,False,True,False,False,9.539219780938332
2025-05-15 00:00:00+00:00,189.0072285039,189.6450593831,184.7317683917,184.8015311441,635922,143.2601133014691,147.19307321362018,151.09998966630852,152.93717008947823,161.19879002336046,167.8310795433628,174.42111239509845,178.6607108359123,157.45905578502766,173.3112987568782,170.86418859888195,"rgba(0, 255, 0, 1.0)",6.387771696349874,170.86418859888195,2.8402768238234644,2,0.2813440457518247,0.5626880915036494,0.0,0.0,0.0,0.0,62.19687439490306,13.389939693804386,True,False,True,False,True,13.334689420844946
2025-05-16 00:00:00+00:00,190.5818734869,190.7712295292,188.4840078608,190.2629580473,538637,143.35629699880445,147.2904139118473,151.19885993805616,153.03759687852005,161.29921660452231,167.93537785595,174.5923243252066,178.93600491147114,157.5611425325272,173.47925579015543,171.0201948730389,"rgba(0, 255, 0, 1.0)",6.528743687301353,171.0201948730389,2.9962393303797947,2,0.2766269322733727,0.5532538645467454,0.0,0.0,0.0,0.0,65.04203295612362,10.44677007219456,True,False,True,False,True,14.438481160295357
2025-05-19 00:00:00+00:00,193.3225530461,193.4820107659,190.0088223064,190.0337375751,342850,143.42035863079255,147.35550731840212,151.26529177650747,153.1052462223269,161.3679343336412,168.00821428715275,174.71556007774942,179.13990099466778,157.63043069952118,173.59925730981195,171.1336395725703,"rgba(0, 255, 0, 1.0)",6.779951281947145,171.1336395725703,3.272724618628416,2,0.2708287116700515,0.541657423340103,0.0,0.0,0.0,0.0,68.24530255406881,13.343563284195518,True,False,True,False,True,16.304435579581572
2025-05-20 00:00:00+00:00,195.405469511,195.599808607,193.4222141209,193.9603839253,817496,143.5803340858934,147.51868690418257,151.43257963148844,153.27600484088387,161.54391825908846,168.19812402710429,175.04408168792776,179.6910768206728,157.80655466923557,173.91736488014593,171.43640255561567,"rgba(0, 255, 0, 1.0)",7.06415816469966,171.43640255561567,3.3930535523907546,2,0.2639964580904467,0.5279929161808934,0.0,0.0,0.0,0.0,71.23153366212945,16.00427040050853,True,False,True,False,True,17.67418777660497
2025-05-21 00:00:00+00:00,194.5085198371,195.5350289083,193.9205194953,194.7975369542,564027,143.68979780376262,147.63025345191377,151.5468432431248,153.39257075068372,161.6637026762957,168.32683830512275,175.26282756193507,180.04562738434393,157.92659757493064,174.12975353381535,171.63450410664558,"rgba(0, 255, 0, 1.0)",7.302464094866955,171.63450410664558,3.13236948970869,2,0.25853883028492664,0.5170776605698533,0.0,0.0,0.0,0.0,72.05087645273535,16.67447805489533,True,False,True,False,True,16.733522869502796
2025-05-22 00:00:00+00:00,193.5119090883,194.7526894705,192.1017048788,194.3889265472,415226,143.7681943303351,147.70996366930677,151.62824715806968,153.4754835883899,161.74814783435082,168.41651785947337,175.41100315115384,180.2755272529825,158.0116029327465,174.27437601304018,171.7665018436457,"rgba(0, 255, 0, 1.0)",7.465147217842665,171.7665018436457,2.912924100502663,2,0.25437040034543995,0.5087408006908799,0.0,0.0,0.0,0.0,71.30250445894458,16.67447805489533,True,False,True,False,True,15.689845585002221
2025-05-23 00:00:00+00:00,194.4586892996,194.8971980291,192.9304863775,193.5717057332,441300,143.8523132058265,147.79555686763237,151.7157354073502,153.56463220913355,161.83920703690276,168.51354820182084,175.5713529237025,180.52283032598893,158.10312476311654,174.43077621357236,171.90899543771687,"rgba(0, 255, 0, 1.0)",7.656079262785434,171.90899543771687,2.9453318190542217,2,0.25040022290153013,0.5008004458030603,0.0,0.0,0.0,0.0,71.32898509899675,16.67447805489533,True,False,True,False,True,16.336840899144324
2025-05-27 00:00:00+00:00,194.159706075,196.0682156589,190.8708906041,191.4289926234,634027,143.97172957526317,147.91693264441258,151.83963466972097,153.6907872237176,161.96754576784514,168.6495401311234,175.79215114166797,180.8531101849542,158.23236951623593,174.64677103438805,172.10339512674932,"rgba(0, 255, 0, 1.0)",7.897554098701578,172.10339512674932,2.7928027681224648,2,0.24734031431206777,0.49468062862413553,0.0,0.0,0.0,0.0,70.92286298897329,16.67447805489533,True,False,True,False,True,16.01690298574648
2025-05-28 00:00:00+00:00,195.8340121329,196.5117074421,193.7469099029,193.9404517103,514428,144.07142962819552,148.01850568905192,151.94360250593098,153.79679833371458,162.07634088285414,168.76606567900262,175.98367472726565,181.1423422752275,158.3414360909105,174.83349878972007,172.27241936920026,"rgba(0, 255, 0, 1.0)",8.170630380962697,172.27241936920026,2.8836933828994984,2,0.24408354797120504,0.4881670959424101,0.0,0.0,0.0,0.0,71.63711353203189,16.811183455550065,True,False,True,False,True,17.17435281467641
2025-05-29 00:00:00+00:00,195.7243849506,196.6512329469,195.3456728661,195.3955034035,466110,144.16238442563383,148.1112146001794,152.0385495699496,153.89363603940848,162.17590476448967,168.8729092734511,176.15877218319864,181.40425884341988,158.44114770845084,175.0042025389608,172.42649083016266,"rgba(0, 255, 0, 1.0)",8.429578203690063,172.42649083016266,2.763826796249266,2,0.24100456944576337,0.48200913889152674,0.0,0.0,0.0,0.0,71.94108325544676,17.379634405567373,True,False,True,False,True,17.05366233820225
2025-05-30 00:00:00+00:00,197.9717421891,198.0963185327,195.559944177,195.7243849506,676906,144.29721612663002,148.24886419810645,152.17977956285318,154.03781220836575,162.3249988863884,169.03398548258812,176.42405656783222,181.80120055565368,158.59001500232395,175.26238015043933,172.65977215048915,"rgba(0, 255, 0, 1.0)",8.737828124436142,172.65977215048915,2.89682626828326,2,0.2369066082628592,0.4738132165257184,0.0,0.0,0.0,0.0,73.40199327422724,19.0291763537534,True,False,True,False,True,18.598494793051902
2025-06-02 00:00:00+00:00,196.7508940218,198.4351661872,195.3755711885,197.4883859759,591661,144.41371994375177,148.36767961244405,152.30153389583575,154.16201684651676,162.45296424158178,169.17152701812734,176.64664337547492,182.12453944732496,158.71801264593321,175.47960085067788,174.57416480364665,"rgba(0, 255, 0, 1.0)",8.979813980223922,174.57416480364665,2.469620113177484,2,0.2342931892259302,0.4685863784518604,0.0,0.0,0.0,0.0,72.44414158911243,19.0291763537534,True,False,True,False,True,17.235429581923594
2025-06-03 00:00:00+00:00,194.1298077526,196.4220124747,193.3125869386,196.2824869699,758054,144.5559130797631,148.51209323676454,152.44879463667087,154.31183592094612,162.60498774533414,169.3317224445573,176.89410408574224,182.45926112485344,158.8712339921148,175.72319552358047,174.71710684726207,"rgba(0, 255, 0, 1.0)",9.15561816978867,174.71710684726207,2.12030477301851,2,0.2332785133523801,0.4665570267047602,0.0,0.0,0.0,0.0,68.23083423766812,22.545558703514544,True,False,True,False,False,14.383755103152648
2025-06-04 00:00:00+00:00,195.0965201789,196.7409279143,193.8158753667,195.0765879639,557348,144.66118485686744,148.619063006219,152.55793552952477,154.4229013762252,162.71791211820775,169.4509701902008,177.0777183839365,182.70565933669982,158.98492126576838,175.90390423033304,174.8641174979378,"rgba(0, 255, 0, 1.0)",9.310453620053629,174.8641174979378,2.1730845248381847,2,0.23245086293673956,0.4649017258734791,0.0,0.0,0.0,0.0,66.2004863428783,20.644100303484635,True,False,True,False,False,15.080954449165187
2025-06-05 00:00:00+00:00,194.6380792344,195.8938087779,194.2095366125,195.8340121329,624411,144.77789908562121,148.7375455110629,152.6786825712966,154.54569482317163,162.84232430667907,169.58170753519485,177.2757294227448,182.96420372048445,159.11038477315049,176.09929422467013,175.0209805003289,"rgba(0, 255, 0, 1.0)",9.441065732396147,175.0209805003289,2.077847913584251,2,0.2339561810793846,0.4679123621587692,0.0,0.0,0.0,0.0,64.23756401665491,18.810827710235174,True,False,True,False,False,14.58235654712599
2025-06-06 00:00:00+00:00,194.3390960098,195.5649272308,194.1497399675,194.8174691692,375975,144.8475946790189,148.8082423125701,152.7506633922462,154.61885574882515,162.91624149567664,169.65907604690614,177.39132867411826,183.11177862271018,159.18502708155245,176.21360857126157,175.11217690557444,"rgba(0, 255, 0, 1.0)",9.542640380366247,175.11217690557444,2.014842678529987,2,0.23598333544580452,0.47196667089160904,0.0,0.0,0.0,0.0,62.51343136239576,17.193372211352283,True,False,True,False,False,14.253595364089946
2025-06-09 00:00:00+00:00,192.0070268577,194.3390960098,190.5370260032,193.342485261,543534,144.94319188969683,148.90475754368316,152.8483819789262,154.71787007234917,163.01450190474642,169.75948306517228,177.53303152852735,183.27593962362417,159.2851544967439,176.35533842731462,175.20427786210365,"rgba(0, 255, 255, 0.75)",9.634545446512632,175.20427786210365,1.7440105595929647,2,0.2395765628577318,0.4791531257154636,0.0,0.0,0.0,0.0,58.39845272352812,13.365391460041678,False,False,True,False,False,11.7205180671505
2025-06-10 00:00:00+00:00,191.3990943009,192.3359084048,190.3526530147,191.8575352454,473785,145.02457420998996,148.98673937556478,152.9311648167408,154.80162502060918,163.09690958707716,169.84269233418357,177.6467105585213,183.40002191137265,159.36949043180815,176.46975403547185,176.52611619790727,"rgba(0, 255, 255, 0.75)",9.707435618394607,176.52611619790727,1.5321222501656304,2,0.2422008865763358,0.4844017731526716,0.0,0.0,0.0,0.0,54.96274752763279,10.27732859859352,False,True,False,False,False,11.070738346108598
2025-06-11 00:00:00+00:00,194.1298077526,194.5583503745,190.6117718094,191.3492637635,731954,145.154436070451,149.1179406339543,153.06410965718482,154.9363820023833,163.23105214287867,169.98026783381528,177.84049350094634,183.62463776390732,159.50594189233067,176.66335179959174,176.72114605258525,"rgba(0, 255, 255, 0.75)",9.82315813561508,176.72114605258525,1.7722061947570067,2,0.24400727049597942,0.48801454099195885,0.0,0.0,0.0,0.0,55.610852411423494,10.27732859859352,False,False,True,False,False,13.193367021881556
2025-06-12 00:00:00+00:00,196.4319785822,196.5216735496,194.0799772151,194.0799772151,776622,145.2988252261489,149.2644073692191,153.21322966506213,155.08791796104387,163.3842468231512,170.14054934798347,178.07470705909995,183.9136784127841,159.66053606797934,176.8953487167452,176.9822937725771,"rgba(0, 255, 255, 0.75)",9.991525472292748,176.9822937725771,1.946618147905277,2,0.24469553877283906,0.4893910775456781,0.0,0.0,0.0,0.0,57.99742950921697,10.27732859859352,False,False,True,False,True,14.909748047347783
2025-06-13 00:00:00+00:00,194.5384181596,196.6811312694,194.3590282248,195.2260795762,737911,145.43394125857208,149.40127683591854,153.35234573308554,155.22915181538588,163.52630511543043,170.28814264191047,178.28564142331,184.16494958216717,159.80424351080677,177.10503850498048,177.174903885134,"rgba(0, 255, 255, 0.75)",10.101505139891282,177.174903885134,1.7189036716812371,1,0.3448189373102263,0.3448189373102263,0.0,0.0,0.0,0.0,57.29497391005778,10.27732859859352,False,False,True,False,True,12.86191369907323
2025-06-16 00:00:00+00:00,195.5649272308,196.6861143231,194.5782825895,195.5051305859,448153,145.51632879123784,149.48475706602474,153.43722290420004,155.3153321948568,163.61309101257655,170.3784206010866,178.41432593953232,184.31772733498238,159.8919764465337,177.23294078613574,177.2917013878784,"rgba(0, 255, 255, 0.75)",10.219632778019193,177.2917013878784,1.7880511208019554,1,0.34424183538641645,0.34424183538641645,0.0,0.0,0.0,0.0,57.72877802258977,10.27732859859352,False,False,True,False,True,13.635067422833156
2025-06-17 00:00:00+00:00,195.3755711885,195.9835037453,193.8059092592,195.1563168238,475104,145.60241196274163,149.5718683619239,153.52565404780108,155.40504210871717,163.70299840617776,170.47133839577302,178.54434330602808,184.46755917573756,159.98307980738218,177.36258251679493,177.4013255333286,"rgba(0, 255, 255, 0.75)",10.34110831185047,177.4013255333286,1.738135324873611,1,0.343820329378801,0.343820329378801,0.0,0.0,0.0,0.0,57.777805355531456,10.27732859859352,False,False,True,False,True,13.427963701318657
2025-06-18 00:00:00+00:00,195.2958423286,196.3622158298,194.4885876221,195.5848594458,581480,145.70805735512124,149.67879550742146,153.63422361320875,155.51519000096766,163.81347998008758,170.58561367382958,178.70383226596618,184.65083783974822,160.0949751575035,177.52159444773434,177.53769683477657,"rgba(0, 255, 255, 0.75)",10.452811279541818,177.53769683477657,1.6988870284666455,1,0.34462792007687276,0.34462792007687276,0.0,0.0,0.0,0.0,57.70124114560568,10.27732859859352,False,False,True,False,True,13.339279453599989
2025-06-20 00:00:00+00:00,193.1929936487,195.7991307567,192.9787223377,195.4553000484,638484,145.8203080491375,149.79207317584758,153.7488364775356,155.6312405223299,163.928598171779,170.70291391927196,178.8611840610089,184.8199222153339,160.21221343715234,177.67963560169477,177.65591009750668,"rgba(38, 166, 154, 1.0)",10.504232209791054,177.65591009750668,1.4791260551828924,1,0.3460504036889508,0.3460504036889508,0.0,0.0,0.0,0.0,54.94329178699038,9.802824153988631,False,True,True,False,False,11.017556702626763
2025-06-23 00:00:00+00:00,195.2260795762,195.4353678334,192.6548238444,193.6912990231,454048,145.90055659653217,149.87309091707,153.83085028493193,155.7143029231001,164.0111430988643,170.78721006665063,178.97438475981008,184.9421868820051,160.2961937978398,177.79323093008617,177.7450850046687,"rgba(0, 255, 255, 0.75)",10.582561540820965,177.7450850046687,1.6518679814996056,1,0.34593616605336536,0.34593616605336536,0.0,0.0,0.0,0.0,55.30440390251472,9.802824153988631,False,True,True,False,False,12.634600742494957
2025-06-24 00:00:00+00:00,196.5216735496,197.2491993962,194.3839434935,196.2625547549,447260,145.98196492648077,149.95548832700788,153.91451127639252,155.79916996861058,164.09630534589837,170.87528526072228,179.09575915428283,185.07956707139434,160.38240552624228,177.91432965556172,177.85154111272914,"rgba(0, 255, 255, 0.75)",10.66598158269761,177.85154111272914,1.750437340634228,1,0.3451213657295111,0.3451213657295111,0.0,0.0,0.0,0.0,56.773546933699734,9.802824153988631,False,True,True,False,False,13.64295371141231
2025-06-25 00:00:00+00:00,195.0666218564,196.1328956965,194.6330961807,195.9536054228,362121,146.0466672672813,150.0208690678546,153.9807644646847,155.86630449183835,164.16326322211367,170.94396745914912,179.18834355803753,185.1806583309965,160.45039412332358,178.00707138308937,177.9284113485729,"rgba(0, 255, 255, 0.75)",10.740607951035779,177.9284113485729,1.5956462228168713,1,0.34434844185533875,0.34434844185533875,0.0,0.0,0.0,0.0,55.88561444957524,9.802824153988631,False,True,True,False,False,12.030366852817526
2025-06-26 00:00:00+00:00,196.5316396571,196.8505550967,195.0666218564,195.9336732078,448255,146.12793940039725,150.10309493313275,154.06420889022078,155.95092389548353,164.24806237518325,171.0314805288003,179.30762589647904,185.31362400211393,160.5362865969303,178.12623744599279,178.0320612988566,"rgba(0, 255, 255, 0.75)",10.791241718007278,178.0320612988566,1.7143141486093534,1,0.3434656298151176,0.3434656298151176,0.0,0.0,0.0,0.0,56.73349497671279,9.802824153988631,False,True,True,False,False,13.185697447299837
2025-06-27 00:00:00+00:00,197.2591655037,197.991674404,194.7377403093,196.4718430122,418473,146.20435027718835,150.18044627746178,154.1427581795554,156.0306055106882,164.32808983155397,171.11429078082017,179.42082650682573,185.4406218516523,160.61725044890537,178.23920991488978,178.13215736483684,"rgba(0, 255, 255, 0.75)",10.814419345888114,178.13215736483684,1.7686578934203867,1,0.34208086419470934,0.34208086419470934,0.0,0.0,0.0,0.0,57.976395182043014,9.802824153988631,False,True,True,False,True,13.755106599945385
2025-06-30 00:00:00+00:00,200.4483198997,200.5778792971,197.1395722138,198.1660812851,415638,146.28410246849873,150.26150986981386,154.22547201086573,156.1147275593709,164.41385243812257,171.20473074825384,179.54935253312163,185.59393814135566,160.7033611984582,178.3664624642116,178.2569176558544,"rgba(0, 255, 0, 1.0)",10.874343641949407,178.2569176558544,2.0407118787601073,1,0.33972453999189195,0.33972453999189195,0.0,0.0,0.0,0.0,61.3197588799387,7.121727264617448,False,False,True,False,True,16.17876094099879
2025-07-01 00:00:00+00:00,200.9864897041,201.494761186,198.3454712198,199.7606584831,519378,146.38508357033976,150.3642538108024,154.3304280651271,156.22153335075163,164.5231357449144,171.3204650372139,179.71472794228077,185.79286591428752,160.8128832464017,178.529959105864,178.41896095738275,"rgba(0, 255, 0, 1.0)",10.911137389215536,178.41896095738275,2.068302134021589,1,0.33692114677044593,0.33692114677044593,0.0,0.0,0.0,0.0,63.913477966037064,9.559976834631811,True,False,True,False,True,16.576871151255695
2025-07-02 00:00:00+00:00,198.0066235653,200.2788960725,196.3422836148,200.2788960725,668138,146.50947383033542,150.49036022841005,154.45870340709618,156.3517640463638,164.6546755763131,171.45747116574034,179.90263448454795,186.00557924512484,160.94555545562073,178.71708213137904,178.58868163155313,"rgba(0, 255, 255, 0.75)",10.914938493284623,178.58868163155313,1.7790244027205186,1,0.3336261237795267,0.3336261237795267,0.0,0.0,0.0,0.0,61.67102437266863,9.559976834631811,False,False,True,False,True,13.203932453005283
2025-07-03 00:00:00+00:00,200.3984893623,200.4782182222,198.2358440375,198.2657423599,401842,146.58615434364273,150.56825151156679,154.53811601948195,156.4324845798154,164.7367973767899,171.54376837313887,180.02289995431386,186.1452844358252,161.02807982576527,178.83642114328583,178.70136603592366,"rgba(0, 255, 255, 0.75)",10.976817204725215,178.70136603592366,1.9766315610171905,1,0.32944211865442413,0.32944211865442413,0.0,0.0,0.0,0.0,62.061679569481626,9.559976834631811,False,False,True,False,True,15.013562081945611
2025-07-07 00:00:00+00:00,200.4582860072,201.5645239384,198.0564541027,199.9699467403,584996,146.69806522906413,150.68194559342422,154.65404802404282,156.55033163257622,164.85675899115324,171.66988709165446,180.19821643619267,186.34836030411677,161.14858715225657,179.01039267689598,178.86526542428513,"rgba(0, 255, 255, 0.75)",11.001317093972327,178.86526542428513,1.9627668576834125,1,0.32514956997756617,0.32514956997756617,0.0,0.0,0.0,0.0,62.36695670226429,9.559976834631811,False,False,True,False,True,15.05834078926539
2025-07-08 00:00:00+00:00,199.6510313007,201.6442527983,198.8637088092,200.7871675543,387816,146.77203403519277,150.75707045466277,154.73062338745362,156.62815387245206,164.9358972963727,171.75295991125546,180.3129097760028,186.47999850209493,161.22812067657463,179.12430276906866,178.97149268572247,"rgba(0, 255, 255, 0.75)",10.973105194194819,178.97149268572247,1.8845657859835132,1,0.32160057455954855,0.32160057455954855,0.0,0.0,0.0,0.0,61.49945503642063,9.559976834631811,False,False,True,False,False,14.141683485542856
2025-07-09 00:00:00+00:00,199.3321158611,200.229065535,199.0132004215,199.1327937114,453313,146.8573810767898,150.84365581635367,154.81876516532844,156.71766487200415,165.02656648390723,171.84764742788886,180.44176229567665,186.62483405850713,161.31941595984128,179.2525761130075,179.08826498905776,"rgba(0, 255, 255, 0.75)",10.905877541941166,179.08826498905776,1.8562330994630785,1,0.31897576054345234,0.31897576054345234,0.0,0.0,0.0,0.0,60.489015986109365,9.559976834631811,False,True,True,False,False,13.777412627189864
2025-07-10 00:00:00+00:00,200.8967947367,201.5445917234,198.5348272621,199.1726581413,440981,146.941399812193,150.9289715806225,154.90570649024258,156.8060049400808,165.11635051018598,171.94178816584898,180.57065141835196,186.77123122092544,161.40966327752093,179.38068874956627,179.20675118871264,"rgba(0, 255, 255, 0.75)",10.84759629485281,179.20675118871264,1.9995253287845247,1,0.3153029770583036,0.3153029770583036,0.0,0.0,0.0,0.0,61.266141720433126,9.559976834631811,False,True,True,False,False,15.004805678165638
2025-07-11 00:00:00+00:00,198.4949628322,200.6625912107,198.3753695423,200.6625912107,800312,147.08994432580113,151.07947702037592,155.0586799955861,156.96121329184285,165.27285942171198,172.10421377598487,180.78700127822998,187.0072454345314,161.5675866562787,179.59673236346399,179.39808238032268,"rgba(0, 255, 255, 0.75)",10.767216749606972,179.39808238032268,1.7736134505302317,1,0.31403560264200003,0.31403560264200003,0.0,0.0,0.0,0.0,58.63600209162893,12.769361521915265,False,True,True,False,False,12.264488443931352
2025-07-14 00:00:00+00:00,213.4839884936,217.6797197459,202.8102873743,203.5677115434,6017879,148.43472057672443,152.4601926267106,156.48355918831868,158.4184518464904,166.81086107835839,173.78750426540427,183.24226863412454,190.05044113426916,163.08434704925614,182.00285620492915,183.888130506457,"rgba(0, 255, 0, 1.0)",11.03742624856534,183.888130506457,2.6814093540140225,1,0.30497254819103653,0.30497254819103653,0.0,0.0,0.0,0.0,64.77592971348496,10.236433052226978,True,False,True,False,True,20.0
2025-07-15 00:00:00+00:00,209.6769354333,214.2613448777,209.4875793911,213.4839884936,3336939,149.15431877823985,153.19657852052356,157.24045786714777,159.19064322322123,167.61689681651185,174.6558228646428,184.43302852796316,191.41907564173792,163.8831680547459,183.17874957315658,184.95553370193892,"rgba(0, 255, 0, 1.0)",11.156165057982053,184.95553370193892,2.2159408365577495,1,0.2995486967168664,0.2995486967168664,0.0,0.0,0.0,0.0,65.67741760265281,10.906854336379922,True,False,True,False,True,18.516541084077726
2025-07-16 00:00:00+00:00,210.5140884623,211.5106992111,205.9595773404,210.1652747002,1916673,149.54834622147874,153.5982675664371,157.65148911814174,159.60890171484695,168.04800526886353,175.1126574374423,185.02871847316462,192.06259177360238,164.3129478855902,183.77113085299732,185.45415392981744,"rgba(0, 255, 0, 1.0)",11.284851310883782,185.45415392981744,2.2206703342482927,1,0.293149901343699,0.293149901343699,0.0,0.0,0.0,0.0,66.59472632762345,11.719773393739125,True,False,True,False,True,19.02383047378502
2025-07-17 00:00:00+00:00,208.5607313947,211.1319871265,208.2268667939,211.0223599442,1331349,149.81892229836401,153.87381289493456,157.93308257026118,159.8952222549205,168.34209807824195,175.4227646473952,185.4256366125432,192.4825061203135,164.60658519043588,184.16672138817225,185.78619873669783,"rgba(0, 255, 0, 1.0)",11.3042348883122,185.78619873669783,2.0146903247339174,1,0.288415474048831,0.288415474048831,0.0,0.0,0.0,0.0,65.61690744896967,11.719773393739125,True,False,True,False,True,17.055336124310312
2025-07-18 00:00:00+00:00,208.5806636097,210.7433089345,208.1371718265,210.36459685,1241712,150.06843935776934,154.12765917088993,158.19219081013756,160.15849115614358,168.61162726209187,175.70568429403718,185.78201446795265,192.85273222574895,164.8760945837671,184.52261164026703,186.08296507355314,"rgba(0, 255, 255, 0.75)",11.339682485613856,186.08296507355314,1.9839795836160907,1,0.2840592806530543,0.2840592806530543,0.0,0.0,0.0,0.0,64.97449440775735,11.719773393739125,True,False,True,False,True,17.067964947016936
2025-07-21 00:00:00+00:00,202.7405246219,209.1885961664,202.660795762,209.1885961664,1996989,150.43653289514182,154.49960182642766,158.56882547955342,160.53947844845575,168.992619800535,176.09376517710214,186.23204823696847,193.26690168985346,165.26141752489957,184.9781099314394,186.40734308474765,"rgba(38, 166, 154, 1.0)",11.271291574362463,186.40734308474765,1.4490958227275026,1,0.2817745820381401,0.2817745820381401,0.0,0.0,0.0,0.0,60.27478036352316,15.308164151550884,False,True,True,False,False,11.435687340755333
2025-07-22 00:00:00+00:00,201.9332699154,203.7480980889,201.2256762838,202.6009991171,1122495,150.63163928086888,154.69577447594978,158.76630850980584,160.73858237511786,169.1882384151688,176.28838426575612,186.44230522869137,193.43870648014635,165.46096599835653,185.19346318409154,186.542668395246,"rgba(38, 166, 154, 1.0)",11.20569443101657,186.542668395246,1.37346253861375,1,0.28027942883484885,0.28027942883484885,0.0,0.0,0.0,0.0,56.638246049768526,11.980257110548258,False,True,True,False,False,10.696254598881993
2025-07-23 00:00:00+00:00,202.8102873743,203.9414405742,201.6442527983,202.0229648828,1223896,150.84473207567075,154.91005264176437,158.98204037321344,160.95608674182623,169.40208441441334,176.50130310980467,186.67235481014458,193.6288176506383,165.67900318839543,185.42888761217804,186.6989660696799,"rgba(38, 166, 154, 1.0)",11.147240653943165,186.6989660696799,1.4453192323358492,1,0.2787584136190639,0.2787584136190639,0.0,0.0,0.0,0.0,54.79211766097691,10.353908052989858,False,True,True,False,False,11.300361962286637
2025-07-24 00:00:00+00:00,204.8433733018,205.0277462903,202.6009991171,203.478016576,1186691,151.05505149249709,155.12184523856521,159.19562927927728,161.17162063455464,169.61517792829832,176.71500802863775,186.9075950206872,193.8321591936166,165.89564426331262,185.6686116482523,186.87244503206085,"rgba(0, 255, 255, 0.75)",10.848180634513252,186.87244503206085,1.6565845347896428,1,0.2763695485083236,0.2763695485083236,0.0,0.0,0.0,0.0,54.87092941837262,10.353908052989858,False,True,True,False,False,12.685173489099114
2025-07-25 00:00:00+00:00,202.7604568369,205.7502890832,202.3717786449,203.9464236279,23377477,154.84613365143048,158.9103059283465,162.98141582012138,164.97091117114428,173.28059836589023,180.27051105803986,190.41056545250032,196.5318319105817,169.66278783091047,189.28512609850623,189.6037091697986,"rgba(38, 166, 154, 1.0)",10.358680524513906,189.6037091697986,1.2701181039386091,1,0.2748165994443462,0.2748165994443462,0.0,0.0,0.0,0.0,53.40057047353985,8.938226607520185,False,True,False,False,False,10.736629762771756
2025-07-28 00:00:00+00:00,200.0995061377,203.6075759733,199.4816074734,202.6209313321,1555069,155.06677058064437,159.12817527278037,163.19603708849732,165.18448587036357,173.47834331040588,180.45164647090073,190.5569813950415,196.6134062363018,169.869950894998,189.44081105398317,189.71571290825028,"rgba(38, 166, 154, 1.0)",9.7286294528861,189.71571290825028,1.067343892553051,1,0.2745429488407164,0.2745429488407164,0.0,0.0,0.0,0.0,50.662966882098786,6.254910462682432,False,True,False,False,False,8.322907446815602
2025-07-29 00:00:00+00:00,199.5214719034,201.4847950785,198.3753695423,201.4847950785,1081277,155.21474872336816,159.27379810032622,163.3388946216292,165.32630572559373,173.6079396329202,180.56810470076505,190.64442462701862,196.65272767284262,170.00659765566084,189.53510123690089,189.77939836319302,"rgba(38, 166, 154, 1.0)",9.370651166161064,189.77939836319302,1.0396367730971756,1,0.27446619062597866,0.27446619062597866,0.0,0.0,0.0,0.0,48.47100716627516,4.127981906080187,False,True,False,True,False,7.8061648949809666
2025-07-30 00:00:00+00:00,199.0929292814,200.8668964142,197.9866913503,197.9866913503,946531,155.34210334151254,159.39892548648783,163.46140823333306,165.4477918880612,173.71828931390334,180.66639701149214,190.7156913893886,196.68123756464712,170.1232908862987,189.61245891436988,189.83039819611082,"rgba(38, 166, 154, 1.0)",8.868374073215007,189.83039819611082,1.044445239772263,1,0.27478085937374447,0.27478085937374447,0.0,0.0,0.0,0.0,46.72346876676876,2.4140940465529255,False,True,False,True,False,7.419482783825661
2025-07-31 00:00:00+00:00,200.229065535,201.2256762838,196.9701483865,196.9701483865,1238063,155.5081772008536,159.56206566930177,163.62110930898933,165.60613310267973,173.86209506055042,180.79450432501568,190.8088548921115,196.71982202224956,170.27535646994215,189.71344738187625,189.89838918044046,"rgba(38, 166, 154, 1.0)",8.536479996651273,189.89838918044046,1.2101798819433878,1,0.27443110707452184,0.27443110707452184,0.0,0.0,0.0,0.0,46.575566605832094,2.1438125717969285,False,True,False,True,False,8.262567515921056
2025-08-01 00:00:00+00:00,200.3984893623,203.7670336931,199.3420819686,203.7670336931,1278986,155.68499374060377,159.73630432661514,163.79233455067336,165.77627358573602,174.01869351339707,180.93686411467814,190.9214525421012,196.78241110150753,170.43982201134844,189.83335904380337,189.9877517480154,"rgba(38, 166, 154, 1.0)",8.297888722555468,189.9877517480154,1.2546248765648016,1,0.2750223263543136,0.2750223263543136,0.0,0.0,0.0,0.0,46.63346177494097,1.966873204680212,False,True,False,True,False,8.389015979558625
2025-08-04 00:00:00+00:00,203.1292028139,203.3384910712,201.3153712512,201.6342866908,661650,155.77877804090957,159.82895141914577,163.8836561374328,165.86717247457793,174.10321830028218,181.0148650613703,190.9867147110513,196.82439995894183,170.52813270147075,189.90208795452088,190.0420443404959,"rgba(0, 255, 255, 0.75)",8.2164306344326,190.0420443404959,1.5928033784597115,1,0.2756945206216912,0.2756945206216912,0.0,0.0,0.0,0.0,49.05341863510925,1.966873204680212,False,True,False,False,False,10.401992686539728
2025-08-05 00:00:00+00:00,199.1427598189,203.3783555011,198.257769474,202.0727954202,1430716,155.9702456728811,160.01706068112344,164.06784113566366,166.04980301030574,174.26945316481476,181.16358195618182,191.0974803509983,196.87723976877209,170.70365867881355,190.02132412844261,190.1279356910984,"rgba(38, 166, 154, 1.0)",8.04301640133475,190.1279356910984,1.1208262768562278,1,0.27764416298671185,0.27764416298671185,0.0,0.0,0.0,0.0,47.48249910907015,1.966873204680212,False,True,False,True,False,6.723067853967564
2025-08-06 00:00:00+00:00,179.3600364558,202.7405246219,177.9348830851,202.7405246219,4097554,156.34420738814705,160.36765502697162,164.39104094298523,166.35883091009723,174.49128257564377,181.2829944139582,190.95130470021004,196.44690980178288,170.96927222374683,189.9146274816856,189.88959474993538,"rgba(239, 83, 80, 1.0)",8.076896462067271,189.88959474993538,-1.3036638941190963,1,0.2803304085568192,0.2803304085568192,0.0,0.0,0.0,0.0,39.16690958049926,-5.211861576642555,False,True,False,True,False,0.0
2025-08-07 00:00:00+00:00,180.9446475464,182.2203093048,177.99467973,180.6157659993,1779183,156.47066778395964,160.4813090715379,164.48970635823576,166.44948624517616,174.5366895393975,181.2746447410948,190.80171102017067,196.1579610022346,171.03677336778838,189.7843831901354,189.70070401452125,"rgba(239, 83, 80, 1.0)",8.029120507383285,189.70070401452125,-1.0905374330936366,2,0.5651954083091788,1.1303908166183576,0.0,0.0,0.0,0.0,34.69554320467067,-9.128100251367265,False,True,False,True,False,0.0
2025-08-08 00:00:00+00:00,179.3500703483,182.3598348096,178.7620700066,180.4762404944,1329259,156.56338647027422,160.5644151561609,164.56157875939527,166.51535395444873,174.56884847795035,181.26692329442363,190.69028336313713,195.94573775169653,171.085355495636,189.68705851630094,189.56235144548788,"rgba(239, 83, 80, 1.0)",8.070298333755785,189.56235144548788,-1.2654155614635445,2,0.5682998479426229,1.1365996958852458,0.0,0.0,0.0,0.0,31.33735553157238,-11.992499063273065,False,True,False,True,False,0.0
2025-08-11 00:00:00+00:00,174.1776605622,179.3500703483,173.6195585429,179.3500703483,1753122,156.66175414152565,160.6483489612988,164.62865672882245,166.57329277672116,174.57743831694455,181.2167852780685,190.48635723260966,195.59794361214273,171.1176580486576,189.5032285413262,189.32277995626515,"rgba(255, 0, 0, 1.0)",8.256087031189848,189.32277995626515,-1.834418573453733,2,0.5701004222056723,1.1402008444113445,0.0,0.0,0.0,0.0,27.98602366454852,-14.906926160137779,False,True,False,True,False,0.0
2025-08-12 00:00:00+00:00,169.7327766227,173.8736942838,169.0251829911,173.6394907579,2099280,156.74864741699753,160.7157552005815,164.6733316859606,166.60550515535144,174.54454844436768,181.10615547350062,190.17171882261601,195.09929284325924,171.11566613803927,189.21431462802343,188.96639762407045,"rgba(255, 26, 202, 1.0)",8.594315712469447,188.96639762407045,-2.237946759794326,2,0.569974580449277,1.139949160898554,0.0,0.0,0.0,0.0,24.945965973570033,-17.587657680238472,False,True,False,True,False,0.0
2025-08-13 00:00:00+00:00,169.1547423884,170.1214548147,167.0120292786,169.1148779585,1569164,156.80329039664468,160.75519818616644,164.69507010786813,166.6175065315754,174.5063874063692,181.00821922654646,189.91799029510096,194.70809821646594,171.10118549671947,188.9799096191621,188.20360413586798,"rgba(255, 26, 202, 1.0)",8.93131571735291,188.20360413586798,-2.132816972359112,2,0.5701030369579572,1.1402060739159143,0.0,0.0,0.0,0.0,22.818713873140204,-19.495506052139334,False,True,False,True,False,0.0
2025-08-14 00:00:00+00:00,167.2412497508,170.0417259548,167.2113514283,169.1746746034,1214576,156.84314775937557,160.783203581678,164.70928792845208,166.62414074286664,174.47415448992095,180.92982446866156,189.72025353950224,194.4063942884466,171.08726390076959,188.79687219242595,187.97503959655867,"rgba(255, 26, 202, 1.0)",9.339071202461376,187.97503959655867,-2.220112621081007,2,0.5687984507841726,1.1375969015683451,0.0,0.0,0.0,0.0,21.060091671472208,-21.16870659426545,False,True,False,True,False,0.0
2025-08-15 00:00:00+00:00,170.739353479,172.5631511492,167.7495212327,168.3773860044,1222632,156.89068012341474,160.81946687920075,164.73246239028646,166.64015582613936,174.45316420007623,180.86521933179293,189.54462328238026,194.13426570496298,171.08376524915818,188.63502274492288,187.8115773956668,"rgba(255, 0, 0, 1.0)",9.635768172664608,187.8115773956668,-1.7717553609372256,2,0.5689946300589943,1.1379892601179886,0.0,0.0,0.0,0.0,22.625697777202582,-21.16870659426545,False,True,False,True,False,0.0
2025-08-18 00:00:00+00:00,172.353862892,173.7889823702,171.0582689186,171.6363031529,1024626,156.93628459684342,160.8561363700556,164.7587697790454,166.6608272818541,174.44444411777823,180.82211825636543,189.4153289003162,193.93015531909427,171.0889853137892,188.51651814514915,187.70406592371666,"rgba(255, 0, 0, 1.0)",9.894255218065275,187.70406592371666,-1.5514258216919374,2,0.5696527958035628,1.1393055916071255,0.0,0.0,0.0,0.0,24.86078212967869,-21.16870659426545,False,True,False,True,True,0.0
2025-08-19 00:00:00+00:00,174.96,175.57,172.505,173.3,1319607,157.0019609053567,160.91091984458535,164.8009407072054,166.69617863822634,174.44390303424066,180.77992030599546,189.27036319834536,193.6961032303003,171.1055267661014,188.38453327461983,187.5927001569791,"rgba(239, 83, 80, 1.0)",10.071931316418308,187.5927001569791,-1.2542480444030102,2,0.5721138027657232,1.1442276055314464,0.0,0.0,0.0,0.0,28.205821319185713,-21.16870659426545,False,True,False,True,True,0.0
2025-08-20 00:00:00+00:00,175.77,177.54,175.67,175.73,1200097,157.06803620604072,160.9676493996126,164.84686804944474,166.736303703062,174.45317365973708,180.7536906169692,189.15811229114593,193.5093584631879,171.12953844094233,188.28326182245686,187.51351741228336,"rgba(239, 83, 80, 1.0)",10.210627988279624,187.51351741228336,-1.1501268507444666,2,0.5745890701481862,1.1491781402963723,0.0,0.0,0.0,0.0,31.004781421884104,-26.7665564239322,False,True,False,True,True,0.0
2025-08-21 00:00:00+00:00,176.09,176.31,174.0,174.93,990273,157.11980007737145,161.01154340325087,164.8816722965951,166.76621586442803,174.4572748658604,180.7281188975858,189.06083248680198,193.3506987233543,171.1459350108911,188.19504967686487,187.42976552806303,"rgba(239, 83, 80, 1.0)",10.354051705306329,187.42976552806303,-1.0952007823421945,2,0.5784632391991581,1.1569264783983162,0.0,0.0,0.0,0.0,33.1088014576555,-24.650424622163946,False,True,False,True,True,0.0
2025-08-22 00:00:00+00:00,178.55,179.09,176.63,177.16,1237471,157.1932683299619,161.07590924679303,164.93554501787722,166.81449191216112,174.4755522016,180.7122697427557,188.9642820885976,193.18482651556067,171.178586104932,188.10887989732976,187.36131834038943,"rgba(239, 83, 80, 0.5)",10.447157074176127,187.36131834038943,-0.8434178100154859,2,0.582298767282341,1.164597534564682,0.0,0.0,0.0,0.0,36.32868893815482,-21.47491609199122,False,True,False,True,True,0.0
2025-08-25 00:00:00+00:00,176.68,179.54,176.67,177.77,852934,157.2424996541971,161.11880021736434,164.9711324237736,166.84617979046192,174.48645356025295,180.6995590817335,188.8959440558776,193.0691611582312,171.19942688823824,188.04764955752412,187.305812954313,"rgba(239, 83, 80, 1.0)",10.597942629280736,187.305812954313,-1.0026297863658242,2,0.5844663236800003,1.1689326473600006,0.0,0.0,0.0,0.0,37.508809812960386,-20.20719053253108,False,True,False,True,True,0.0
2025-08-26 00:00:00+00:00,175.1,177.62,174.34,176.36,908461,157.28970238247734,161.15889155178346,165.00303253079878,166.87368152805405,174.49085516327546,180.67763742463364,188.81165749671342,192.9325723861477,171.21481330698197,187.97119538925642,187.2248097914257,"rgba(239, 83, 80, 1.0)",10.766387555868873,187.2248097914257,-1.1261725187308862,2,0.5848839989531143,1.1697679979062285,0.0,0.0,0.0,0.0,37.50783559100791,-19.933076010150263,False,True,False,True,True,0.0
2025-08-27 00:00:00+00:00,174.88,175.95,173.0,173.0,834052,157.3303028488205,161.19279185305416,165.0292183457548,166.8957141669618,174.49125497430637,180.65337404399708,188.72894552619152,192.8013359779952,171.22546806833498,187.89575200799715,187.14061134408362,"rgba(239, 83, 80, 1.0)",10.93810268368808,187.14061134408362,-1.1209084151648894,2,0.5849509001893225,1.169901800378645,0.0,0.0,0.0,0.0,37.39470760662047,-19.65790548741748,False,True,False,True,True,0.0
2025-08-28 00:00:00+00:00,178.26,178.48,175.735,176.47,1359200,157.40702662365976,161.25945922043732,165.08433064835242,166.94466402873078,174.50757354641988,180.63290381727307,188.62329340855936,192.62469801051665,171.2573510616865,187.8008900644942,187.04651973894426,"rgba(239, 83, 80, 0.5)",11.014431445678246,187.04651973894426,-0.797727942860986,2,0.5948162886258423,1.1896325772516847,0.0,0.0,0.0,0.0,40.083456281798675,-16.72766154150292,False,True,False,True,True,0.0
2025-08-29 00:00:00+00:00,177.61,178.8,176.33,176.66,1132456,157.470785862755,161.31488995816898,165.1302024130328,166.98544262346454,174.521433354774,180.61652375177425,188.53745832254657,192.48145125750955,171.28404144220184,187.72383023288168,186.96853284923387,"rgba(239, 83, 80, 0.5)",11.09586473189205,186.96853284923387,-0.8434252827844316,2,0.6088994847637008,1.2177989695274016,0.0,0.0,0.0,0.0,41.46437410246199,-15.104917439458475,False,True,False,True,True,0.0
2025-09-02 00:00:00+00:00,177.65,178.03,176.17,177.62,845428,157.5174244395941,161.35527627116582,165.16341791362714,167.01483557809777,174.5307033360712,180.60322588949404,188.4725320437389,192.37418322835538,171.30288853950736,187.66539453788909,186.90771203516974,"rgba(239, 83, 80, 0.5)",11.184551266662224,186.90771203516974,-0.8277231526278735,2,0.6258868967187899,1.2517737934375799,0.0,0.0,0.0,0.0,42.419104396119465,-13.879332765371103,False,True,False,True,True,0.0
2025-09-03 00:00:00+00:00,177.5,178.965,176.9,177.24,1086067,157.57853930329176,161.40849460045848,165.20758908841424,167.0541944070565,174.54468903339418,180.58887286571675,188.3939317898365,192.24312259974926,171.3289569805439,187.59488411536773,186.8352019658683,"rgba(239, 83, 80, 0.5)",11.310456422683538,186.8352019658683,-0.8253603229615208,1,0.9495169524599587,0.9495169524599587,0.0,0.0,0.0,0.0,42.94457387115196,-13.034602505695815,False,True,False,True,True,0.0
2025-09-04 00:00:00+00:00,178.77,179.33,177.51,178.37,723254,157.6205334973019,161.44535436099434,165.23857284639914,167.08206202022188,174.55606962429187,180.5819279878383,188.34587550430814,192.16159419698948,171.348198787617,187.55202504036626,186.79221715968055,"rgba(239, 83, 80, 0.5)",11.416214434672735,186.79221715968055,-0.7027037907868894,1,0.9668741355909323,0.9668741355909323,0.0,0.0,0.0,0.0,44.51573675399911,-11.206572752171553,False,False,False,False,True,0.0
2025-09-05 00:00:00+00:00,174.64,180.0,173.61,180.0,1008375,157.67196793520333,161.48914212310842,165.27360605852846,167.11241717084874,174.5621160564928,180.56080246605546,188.2630882390723,192.02935284616422,171.365757742528,187.47686454670995,186.56295506577382,"rgba(239, 83, 80, 1.0)",11.592224092330792,186.56295506577382,-1.028530415803629,1,0.971132881239065,0.971132881239065,0.0,0.0,0.0,0.0,42.551409344049915,-11.206572752171553,False,False,False,True,True,0.0
2025-09-08 00:00:00+00:00,173.56,174.78,172.22,174.65,1182783,157.72358555332434,161.53120801099425,165.30473501585297,167.13766309479175,174.55729910622063,180.52223242442201,188.14725614890472,191.85249159031122,171.37508725551297,187.37039609394196,186.37151389153752,"rgba(239, 83, 80, 1.0)",11.775371774861085,186.37151389153752,-1.0879923060169074,1,0.9690188903623307,0.9690188903623307,0.0,0.0,0.0,0.0,40.57607262480126,-11.206572752171553,False,True,False,True,False,0.0
2025-09-09 00:00:00+00:00,175.65,176.31,173.88,175.7,834592,157.76384155409255,161.56504541067463,165.3312345860749,167.16023714723082,174.5596485747867,180.5020470008299,188.0763156048518,191.74150255227502,171.38698377144422,187.30566524050158,186.30780927170284,"rgba(239, 83, 80, 0.5)",11.912664666048853,186.30780927170284,-0.8946620735558548,1,0.9643514095661372,0.9643514095661372,0.0,0.0,0.0,0.0,41.3540903581794,-11.206572752171553,False,True,False,True,False,0.0
2025-09-10 00:00:00+00:00,170.49,174.45,170.1645,174.24,959734,157.80049524037358,161.5936521132442,165.35063557617784,167.17466930860112,174.5490034203938,180.4632508038726,187.97315427320558,191.58834625461117,171.38808178915886,187.21018304700257,186.15888565344142,"rgba(239, 83, 80, 1.0)",12.150037261837047,186.15888565344142,-1.2896162633720452,1,0.9540752305535873,0.9540752305535873,0.0,0.0,0.0,0.0,38.83793476434211,-11.206572752171553,False,True,False,True,False,0.0
2025-09-11 00:00:00+00:00,173.51,174.34,170.13,170.13,1196152,157.84904046627358,161.6324400464599,165.378275453004,167.1963102553472,174.54027523265037,180.42061142031304,187.85385331254707,191.4097517469286,171.39359209103364,187.1000579577705,186.01680643059655,"rgba(239, 83, 80, 1.0)",12.309830681702376,186.01680643059655,-1.01600149945092,1,0.9470067638265435,0.9470067638265435,0.0,0.0,0.0,0.0,39.81228727132327,-11.206572752171553,False,True,False,True,False,0.0
2025-09-12 00:00:00+00:00,172.99,173.795,171.91,172.7,617590,157.8743824280334,161.65279108638958,165.39292905741357,167.2079015660256,174.53636747008838,180.3994485256126,187.7939361482943,191.320009188221,171.3969504070728,187.04477656679646,185.94974882109554,"rgba(239, 83, 80, 1.0)",12.472182302645294,185.94974882109554,-1.0390923181380074,1,0.9407960174846066,0.9407960174846066,0.0,0.0,0.0,0.0,40.15204029865167,-11.206572752171553,False,True,False,True,False,0.0
2025-09-15 00:00:00+00:00,171.22,173.385,171.04,172.93,805773,157.90508943035076,161.67684240872222,165.409383880583,167.22026481386962,174.52814973837937,180.3682974211725,187.71119336626558,191.1978314425548,171.39835774052503,186.96815720062924,185.85167331145036,"rgba(239, 83, 80, 1.0)",12.651565856992558,185.85167331145036,-1.1565108601449035,1,0.9310114054970586,0.9310114054970586,0.0,0.0,0.0,0.0,39.331585875268374,-11.206572752171553,False,True,False,True,False,0.0
2025-09-16 00:00:00+00:00,169.71,171.365,169.62,170.76,1457394,157.95377179410482,161.71307032608257,165.43140110340622,167.23460404213566,174.50422820743813,180.30168709607352,187.5483288607145,190.96216009626266,171.39226300471293,186.81658212255303,185.64892591975567,"rgba(239, 83, 80, 1.0)",12.851356959398167,185.64892591975567,-1.240252369466678,1,0.919721573998566,0.919721573998566,0.0,0.0,0.0,0.0,37.93876669263243,-7.46397796105974,False,True,False,True,False,0.0
2025-09-17 00:00:00+00:00,169.21,171.65,168.75,170.61,1273886,157.9947662296555,161.74315241416514,165.4490443947019,167.24552731317527,174.48178430151913,180.2421114598352,187.40551547973104,190.75694172770778,171.3853436795628,186.68348315550176,185.47709918320027,"rgba(239, 83, 80, 1.0)",13.031796625710204,185.47709918320027,-1.2482622043922311,1,0.9082325788984315,0.9082325788984315,0.0,0.0,0.0,0.0,36.7297499478214,-8.805367101000208,False,True,False,True,False,0.0
2025-09-18 00:00:00+00:00,160.61,169.6,160.45,168.44,3090457,158.04077403467306,161.75920433711093,165.43093808189056,167.20877046251823,174.35487342439876,180.0140483852192,186.94703714320013,190.12963230235803,171.2999203314188,186.2510032035572,184.86604349692624,"rgba(255, 0, 0, 1.0)",13.419019058189235,184.86604349692624,-1.8075869325279383,1,0.8841103606975466,0.8841103606975466,0.0,0.0,0.0,0.0,32.35871328545545,-13.028100508986057,False,True,False,True,False,0.0
2025-09-19 00:00:00+00:00,162.51,162.79,160.28,160.9,3543519,158.07667895094357,161.76021886868514,165.3922549192206,167.1484047225285,174.19068613188804,179.73398020648514,186.40605312801173,189.40142706435316,171.1833236583963,185.73906572440413,184.19252844700608,"rgba(255, 0, 0, 1.0)",13.746025213503561,184.19252844700608,-1.5773671377894767,1,0.864729375621747,0.864729375621747,0.0,0.0,0.0,0.0,31.23758430105584,-14.080957768187254,False,True,False,True,False,0.0
2025-09-22 00:00:00+00:00,163.09,163.11,161.12,162.37,1425768,158.09312153834216,161.7629607689552,165.37944286480115,167.12712054911893,174.12888522162513,179.62729311889046,186.1998981942324,189.1248523072634,171.1400866631068,185.5439520826843,183.95125607270654,"rgba(239, 83, 80, 1.0)",14.032429336342426,183.95125607270654,-1.4866460804957138,1,0.8469232221018272,0.8469232221018272,0.0,0.0,0.0,0.0,31.036879653271328,-14.347566606456297,False,True,False,True,False,0.0
2025-09-23 00:00:00+00:00,160.79,163.479,160.25,162.06,1357374,158.1053229928557,161.76197908477758,165.36350666602084,167.10303448807753,174.0659982960812,179.52148827111324,185.99931729390462,188.85773628745494,171.0949441942595,185.3538256459436,183.71776468512311,"rgba(255, 0, 0, 1.0)",14.35906651986161,183.71776468512311,-1.5967447921081221,1,0.8268499772204212,0.8268499772204212,0.0,0.0,0.0,0.0,29.968320494216563,-15.50105579398943,False,True,False,True,False,0.0
2025-09-24 00:00:00+00:00,157.71,160.96,157.56,160.71,1573734,158.10795636137573,161.74865029277737,165.33207558779588,167.06170701368313,173.97799925591707,179.38177646573723,185.74502769079737,188.52380058195737,171.02820328030114,185.11201727983288,183.41629922611162,"rgba(255, 0, 0, 1.0)",14.745367809833962,183.41629922611162,-1.7433474402020408,1,0.804213596176541,0.804213596176541,0.0,0.0,0.0,0.0,28.153678688804046,-17.349307294055166,False,True,False,True,False,0.0
2025-09-25 00:00:00+00:00,157.95,159.355,157.41,158.72,924185,158.10827161565834,161.73957150460961,165.31235210006284,167.03616522191982,173.92509331181327,179.29861581021956,185.59514214216517,188.3278567947525,170.98774696290778,184.96937055277428,183.24067858236663,"rgba(255, 0, 0, 1.0)",15.113191125554927,183.24067858236663,-1.6734175047652626,1,0.7841797168912722,0.7841797168912722,0.0,0.0,0.0,0.0,27.197555794400458,-18.374010402354873,False,True,False,True,False,0.0
2025-09-26 00:00:00+00:00,157.02,158.715,156.535,158.1,1049191,158.10639654928926,161.7269355135293,165.28752887218,167.00467767866468,173.86236252045194,179.201373196919,185.4219399359182,188.10251763583244,170.93921139389607,184.80437198831618,183.0384301325839,"rgba(255, 0, 0, 1.0)",15.48501383884469,183.0384301325839,-1.6802329273555934,1,0.7645125537611428,0.7645125537611428,0.0,0.0,0.0,0.0,26.212870002072034,-19.4472762439517,False,True,False,True,False,0.0
