date,Close,High,Low,Open,Volume,aVWAP_BoS_CHoCH_bull_217,aVWAP_BoS_CHoCH_bull_306,aVWAP_BoS_CHoCH_bull_374,aVWAP_BoS_CHoCH_bull_644,aVWAP_BoS_CHoCH_bull_731,aVWAP_BoS_CHoCH_bull_854,aVWAP_BoS_CHoCH_bear_75,aVWAP_BoS_CHoCH_bear_112,aVWAP_BoS_CHoCH_bear_338,Peaks_Valleys_avg,color,StDev,StDev_Mean,StdDev_ZScore,MA_Cross_Count,MA_Avg_Deviation_Z,MA_Oscillation_Score,BoS,CHoCH,BoS_CHoCH_Price,BoS_CHoCH_Break_Index,QQEMOD,QQE1_Value,QQE1_Above_Upper,QQE1_Below_Lower,QQE2_Above_Threshold,QQE2_Below_Threshold,QQE2_Above_TL,banker_RSI
2022-01-03 00:00:00+00:00,23.3812467894,23.6606912214,23.2809637647,23.5818128387,8011,,,,,,,,,,,#000000,,,,0,,,0.0,0.0,0.0,0.0,,,False,False,False,False,False,
2022-01-04 00:00:00+00:00,23.2718554065,23.4130349598,23.1534467488,23.3082888396,13073,,,,,,,,,,,#000000,,,,0,,,0.0,0.0,0.0,0.0,0.0,,False,False,False,True,False,
2022-01-05 00:00:00+00:00,23.062363166,23.2718554065,23.0143621179,23.2718554065,16153,,,,,,,,,,,#000000,,,,0,,,0.0,0.0,0.0,0.0,0.0,-50.0,False,False,False,True,True,
2022-01-06 00:00:00+00:00,23.2244919434,23.2263136151,22.9530628666,23.0532548077,10650,,,,,,,,,,,#000000,,,,0,,,0.0,0.0,0.0,0.0,12.199791553615768,-38.81685774251888,False,False,False,True,True,
2022-01-07 00:00:00+00:00,23.1625551071,23.2536386899,23.0532548077,23.1352300322,6642,,,,,,,,,,,#000000,,,,0,,,0.0,0.0,0.0,0.0,18.706773480356915,-33.52989050709593,False,False,False,True,True,
2022-01-10 00:00:00+00:00,23.1989885402,23.2263136151,23.0987965991,23.0987965991,5207,,,,,,,,,,,#000000,,,,0,,,0.0,0.0,0.0,0.0,24.85195908742912,-28.681906569932572,False,False,False,True,True,
2022-01-11 00:00:00+00:00,23.2179339254,23.2809637647,23.1807718236,23.1807718236,6664,,,,,,,,,,,#000000,,,,0,,,0.0,0.0,0.0,0.0,29.85904185288264,-24.894752259665722,False,False,False,True,True,
2022-01-12 00:00:00+00:00,23.2225791882,23.2809637647,23.2225791882,23.2445303316,2855,,,,,,,,,,,#000000,,,,0,,,0.0,0.0,0.0,0.0,33.429226795618746,-22.33720543068869,False,False,False,True,True,
2022-01-13 00:00:00+00:00,23.2172052568,23.290072123,23.2012656298,23.2012656298,15062,,,,,,,,,,,#000000,,,,0,,,0.0,0.0,0.0,0.0,35.612930959626844,-20.878518853060974,False,False,False,True,True,
2022-01-14 00:00:00+00:00,23.1716634654,23.2718554065,23.1170133157,23.1170133157,7051,,,,,,,,,,,#000000,,,,0,,,0.0,0.0,0.0,0.0,35.47948530464762,-20.878518853060974,False,False,False,True,True,
2022-01-18 00:00:00+00:00,23.062363166,23.1253019217,23.0077130163,23.0077130163,10405,,,,,,,,,,,#000000,,,,0,,,0.0,0.0,0.0,0.0,32.58005122758499,-20.878518853060974,False,False,False,True,True,
2022-01-19 00:00:00+00:00,23.1170133157,23.1534467488,23.0259297329,23.0441464494,5575,,,,,,,,,,,#000000,,,,0,,,0.0,0.0,0.0,0.0,33.48722040086784,-20.878518853060974,False,False,False,True,True,
2022-01-20 00:00:00+00:00,23.1716634654,23.2080968985,23.1216585784,23.1443383905,4747,,,,,,,,,,,#000000,,,,0,,,0.0,0.0,0.0,0.0,36.53931589146611,-20.753146329548578,False,False,False,True,True,
2022-01-21 00:00:00+00:00,23.0532548077,23.2244919434,23.0532548077,23.1625551071,4559,,,,,,,,,,,#000000,,,,0,,,0.0,0.0,0.0,0.0,35.54801708179364,-20.753146329548578,False,False,False,True,True,
2022-01-24 00:00:00+00:00,23.0851340617,23.1427899696,22.9530628666,22.998604658,5751,,,,,,,,,,,#000000,,,,0,,,0.0,0.0,0.0,0.0,36.20049865309254,-20.753146329548578,False,False,False,True,True,
2022-01-25 00:00:00+00:00,23.0532548077,23.1352300322,23.0260208165,23.1352300322,5038,,,,,,,,,,,#000000,,,,0,,,0.0,0.0,0.0,0.0,35.86984380987284,-20.753146329548578,False,False,False,True,True,
2022-01-26 00:00:00+00:00,23.0350380912,23.1079049574,22.9166294335,23.0532548077,15062,,,,,,,,,,,#000000,,,,0,,,0.0,0.0,0.0,0.0,35.21436683579226,-20.753146329548578,False,False,False,True,True,
2022-01-27 00:00:00+00:00,22.8801960004,22.9934128938,22.8710876421,22.9705509145,6857,,,,,,,,,,,#000000,,,,0,,,0.0,0.0,0.0,0.0,31.86866370375374,-20.753146329548578,False,False,False,True,False,
2022-01-28 00:00:00+00:00,22.9608049712,23.0983683101,22.8051074504,22.878376872,10228,,,,,,,,,,22.9547602439,#000000,,22.9547602439,,0,,,0.0,0.0,0.0,0.0,32.842014563847115,-20.753146329548578,False,False,False,True,False,
2022-01-31 00:00:00+00:00,23.3546281119,23.4004215003,22.9516462935,22.9699636489,32594,,,,,,,,,,23.20203027162089,#000000,,23.20203027162089,,0,,,0.0,0.0,0.0,0.0,42.3684492854935,-14.243102423850551,False,False,False,True,True,
2022-02-01 00:00:00+00:00,23.263041335,23.3546281119,23.13701793,23.3363107565,6493,,,,,,,,,,23.20882744089878,#000000,,23.20882744089878,,0,,,0.0,0.0,0.0,0.0,46.78273042902648,-10.356094880536688,False,False,False,False,True,
2022-02-02 00:00:00+00:00,22.9608049712,23.3385088392,22.9241702604,23.3271520788,11401,,,,,,,,,,23.180488871333765,#000000,,23.180488871333765,,0,,,0.0,0.0,0.0,0.0,44.987412398729205,-10.356094880536688,False,False,False,True,True,
2022-02-03 00:00:00+00:00,23.152587682,23.1714545581,22.9608049712,23.024915715,10241,,,,,,,,,,23.166851219061492,#000000,,23.166851219061492,,0,,,0.0,0.0,0.0,0.0,46.748052730608144,-10.356094880536688,False,False,False,False,True,
2022-02-04 00:00:00+00:00,23.1256611696,23.1531372027,23.0981851365,23.0981851365,4608,,,,,,,,,,23.16406419756948,#000000,,23.16406419756948,,0,,,0.0,0.0,0.0,0.0,47.538957774085816,-10.042906450389573,False,False,False,False,True,
2022-02-07 00:00:00+00:00,23.1334460457,23.1428794837,23.0707091035,23.0707091035,1971,,,,,,,,,,23.162711405639083,#000000,,23.162711405639083,,0,,,0.0,0.0,0.0,0.0,48.18857440201462,-9.212859330347143,False,False,False,False,True,
2022-02-08 00:00:00+00:00,23.1256611696,23.1485578638,23.0981851365,23.0981851365,5418,,,,,,,,,,23.15994722092495,#000000,,23.15994722092495,,0,,,0.0,0.0,0.0,0.0,48.49178193226416,-8.604024759973889,False,False,False,False,True,
2022-02-09 00:00:00+00:00,23.1256611696,23.1989305911,23.1256611696,23.1622958804,13037,,,,,,,,,,23.158418643022976,#000000,,23.158418643022976,,0,,,0.0,0.0,0.0,0.0,48.69392028576385,-8.00938452772887,False,False,False,False,True,
2022-02-10 00:00:00+00:00,23.1348198473,23.2172479465,23.1165024919,23.1256611696,19663,,,,,,,,,,23.157926858463206,#000000,,23.157926858463206,,0,,,0.0,0.0,0.0,0.0,49.016728089203426,-7.254703713961312,False,False,False,False,True,
2022-02-11 00:00:00+00:00,23.1256611696,23.2172479465,23.1256611696,23.1348198473,10435,,,,,,,,,,23.15774244680779,#000000,,23.15774244680779,,0,,,0.0,0.0,0.0,0.0,49.03254717640445,-6.766084632322482,False,False,False,False,True,
2022-02-14 00:00:00+00:00,23.143978525,23.1714545581,23.1256611696,23.1714545581,4600,,,,,,,,,,23.15733661197124,#000000,,23.15733661197124,,0,,,0.0,0.0,0.0,0.0,49.48137718528132,-5.8652506889166816,False,False,False,False,True,
2022-02-15 00:00:00+00:00,23.1531372027,23.1531372027,23.0432330704,23.1256611696,12992,,,,,,,,,,23.15347420914401,#000000,,23.15347420914401,,0,,,0.0,0.0,0.0,0.0,50.01214335518378,-4.916305971022162,False,False,False,False,True,
2022-02-16 00:00:00+00:00,23.1256611696,23.1619295333,23.0775781117,23.1256611696,2296,,,,,,,,,,23.1529516499717,#000000,,23.1529516499717,,0,,,0.0,0.0,0.0,0.0,49.61424296642723,-4.916305971022162,False,False,False,False,True,
2022-02-17 00:00:00+00:00,23.0798677812,23.143978525,23.0532160291,23.1165024919,10397,,,,,,,,,,23.14876491352953,#000000,,23.14876491352953,,0,,,0.0,0.0,0.0,0.0,48.13029103050105,-4.916305971022162,False,False,False,False,False,
2022-02-18 00:00:00+00:00,23.1256611696,23.1989305911,23.0707091035,23.0707091035,2572,,,,,,,,,,23.148476751288605,#000000,,23.148476751288605,,0,,,0.0,0.0,0.0,0.0,48.53222008667426,-4.916305971022162,False,False,False,False,False,
2022-02-22 00:00:00+00:00,23.1256611696,23.1323470043,23.0615504258,23.0615504258,13170,,,,,,,,,,23.145149277039962,#000000,,23.145149277039962,,0,,,0.0,0.0,0.0,0.0,48.80017279078973,-4.901406281799716,False,False,False,False,False,
2022-02-23 00:00:00+00:00,23.1256611696,23.1384833184,23.024915715,23.0432330704,23615,,,,,,,,,,23.139080348061203,#000000,,23.139080348061203,,0,,,0.0,0.0,0.0,0.0,48.97880792686672,-4.440208327872583,False,False,False,False,False,
2022-02-24 00:00:00+00:00,23.2172479465,23.2172479465,22.9974396819,22.9974396819,10879,,,,,,,,,,23.139338196102297,#000000,,23.139338196102297,,0,,,0.0,0.0,0.0,0.0,51.943043062839806,-1.4317959337585648,False,False,True,False,True,
2022-02-25 00:00:00+00:00,23.0352650208,23.2859380292,23.0340743927,23.2264066242,1856,,,,,,,,,,23.139146131408644,#000000,,23.139146131408644,,0,,,0.0,0.0,0.0,0.0,48.72758621457889,-1.4317959337585648,False,False,False,False,False,
2022-02-28 00:00:00+00:00,23.1714545581,23.4920082773,23.1256611696,23.1256611696,6955,,,,,,,,,,23.183175195469886,#000000,,23.183175195469886,,0,,,0.0,0.0,0.0,0.0,50.0724121348538,-1.4317959337585648,False,False,False,False,False,
2022-03-01 00:00:00+00:00,23.1348198473,23.4828495996,23.0798677812,23.3088347234,8636,,,,,,,,,,23.179884362956056,#000000,,23.179884362956056,,0,,,0.0,0.0,0.0,0.0,50.07319786849838,-1.4317959337585648,False,False,False,False,False,
2022-03-02 00:00:00+00:00,23.1256611696,23.2882276986,23.1165024919,23.143978525,3183,,,,,,,,,,23.176252105225647,#000000,,23.176252105225647,,0,,,0.0,0.0,0.0,0.0,49.843162088515626,-1.4317959337585648,False,False,False,False,False,
2022-03-03 00:00:00+00:00,23.1531372027,23.3342042606,23.1256611696,23.143978525,6564,,,,,,,,,,23.174750027841473,#000000,,23.174750027841473,,0,,,0.0,0.0,0.0,0.0,50.42536042157219,-1.4317959337585648,False,False,False,False,False,
2022-03-04 00:00:00+00:00,23.1256611696,23.1720040787,23.08444712,23.1256611696,11303,,,,,,,,,,23.163870369843096,#000000,,23.163870369843096,,0,,,0.0,0.0,0.0,0.0,50.02656758763766,-1.4317959337585648,False,False,False,False,False,
2022-03-07 00:00:00+00:00,23.1073438142,23.1210818308,23.0798677812,23.0798677812,7972,,,,,,,,,,23.15734999696359,#000000,,23.15734999696359,,0,,,0.0,0.0,0.0,0.0,49.22791402136081,-1.4317959337585648,False,False,False,False,False,
2022-03-08 00:00:00+00:00,23.0157570373,23.0798677812,22.9882810042,23.0432330704,6843,,,,,,,,,,23.148518452109254,#000000,,23.148518452109254,,0,,,0.0,0.0,0.0,0.0,46.28985192883435,-0.5026003077203427,False,False,False,True,False,
2022-03-09 00:00:00+00:00,22.9699636489,23.1256611696,22.9699636489,23.1256611696,2396,,,,,,,,,,23.145727476207195,#000000,,23.145727476207195,,0,,,0.0,0.0,0.0,0.0,43.29487846395615,-3.286508289436469,False,False,False,True,False,
2022-03-10 00:00:00+00:00,22.9932266902,23.0615504258,22.9499061447,22.9608049712,9881,,,,,,,,,,23.134428733372356,#000000,,23.134428733372356,,0,,,0.0,0.0,0.0,0.0,42.15952798091193,-4.275634459103543,False,False,False,True,False,
2022-03-11 00:00:00+00:00,22.9608049712,23.1256611696,22.9263683431,23.1256611696,6796,,,,,,,,,,23.12820880513245,#000000,,23.12820880513245,,0,,,0.0,0.0,0.0,0.0,40.612448504734644,-5.691269249087057,False,False,False,True,False,
2022-03-14 00:00:00+00:00,22.9150115827,22.9150115827,22.8509008389,22.9012735662,8928,,,,,,,,,,23.11477148003382,#000000,,23.11477148003382,,0,,,0.0,0.0,0.0,0.0,38.52394806806171,-7.617121457463185,False,False,False,True,False,
2022-03-15 00:00:00+00:00,22.9882810042,22.9882810042,22.905852905,22.9424876158,1965,,,,,,,,,,23.112952840089804,#000000,,23.112952840089804,,0,,,0.0,0.0,0.0,0.0,39.965704759407416,-7.617121457463185,False,False,False,True,False,0.0
2022-03-16 00:00:00+00:00,22.8234248058,23.0615504258,22.6494099297,23.0523917481,26010,,,,,,,,,,23.077597983523077,#000000,,23.077597983523077,,0,,,0.0,0.0,0.0,0.0,37.46005134521326,-8.36956618180023,False,False,False,True,False,0.0
2022-03-17 00:00:00+00:00,22.960072277,23.024915715,22.8417421612,22.8600595166,11770,,,,,,,,,,23.07083561937281,#000000,,23.07083561937281,,0,,,0.0,0.0,0.0,0.0,39.86985664234554,-8.36956618180023,False,False,False,True,True,0.0
2022-03-18 00:00:00+00:00,22.8966942273,22.9791223266,22.878376872,22.905852905,5817,,,,,,,,,,23.06713634132755,#000000,,23.06713634132755,,0,,,0.0,0.0,0.0,0.0,40.215767603483584,-8.36956618180023,False,False,False,True,True,0.0
2022-03-21 00:00:00+00:00,22.9241702604,22.9692309547,22.8051074504,22.8966942273,27511,,,,,,,,,,23.050153115078697,#000000,,23.050153115078697,,0,,,0.0,0.0,0.0,0.0,41.21045440696467,-8.36956618180023,False,False,False,True,True,0.0
2022-03-22 00:00:00+00:00,22.8417421612,22.9516462935,22.7226793512,22.8509008389,22249,,,,,,,,,,23.03413116364764,#000000,,23.03413116364764,,0,,,0.0,0.0,0.0,0.0,40.239435940048864,-8.36956618180023,False,False,False,True,True,0.0
2022-03-23 00:00:00+00:00,22.759314062,22.878376872,22.759314062,22.7684727397,23193,,,,,,,,,,23.01704828991443,#000000,,23.01704828991443,,0,,,0.0,0.0,0.0,0.0,38.17537435423703,-8.36956618180023,False,False,False,True,False,0.0
2022-03-24 00:00:00+00:00,22.8875355496,22.8875355496,22.759314062,22.759314062,6800,,,,,,,,,,23.013570995733275,#000000,,23.013570995733275,,0,,,0.0,0.0,0.0,0.0,40.30778953346614,-8.36956618180023,False,False,False,True,False,0.0
2022-03-25 00:00:00+00:00,22.7684727397,22.9150115827,22.6002278305,22.9150115827,16847,,,,,,,,,,23.00126361118457,#000000,,23.00126361118457,,0,,,0.0,0.0,0.0,0.0,39.6469422172031,-8.36956618180023,False,False,False,True,False,0.0
2022-03-28 00:00:00+00:00,22.6494099297,22.7959487727,22.6018763925,22.7959487727,43243,,,,,,,,,,22.96580124194054,#000000,,22.96580124194054,,0,,,0.0,0.0,0.0,0.0,37.49985137430619,-8.36956618180023,False,True,False,True,False,0.0
2022-03-29 00:00:00+00:00,22.3897614171,22.6768859628,22.1918423922,22.6768859628,77295,,,,,,,,,,22.87503502044446,#000000,,22.87503502044446,,0,,,0.0,0.0,0.0,0.0,33.382354120101986,-11.871039126564959,False,True,False,True,False,0.0
2022-03-30 00:00:00+00:00,22.1640000121,22.6219338966,22.0357785244,22.5761405082,31554,,,,,,,,,,22.837067093048578,#000000,,22.837067093048578,,0,,,0.0,0.0,0.0,0.0,29.05825104783796,-15.795934127697855,False,True,False,True,False,0.0
2022-03-31 00:00:00+00:00,22.0266198467,22.2499999956,22.0266198467,22.0632545575,12760,,,,,,,,,,22.818703463693698,#000000,,22.818703463693698,,0,,,0.0,0.0,0.0,0.0,25.413693626517322,-19.002489904080267,False,True,False,True,False,0.0
2022-04-01 00:00:00+00:00,22.0907305905,22.1823173674,21.6877487721,22.0357785244,9651,,,,,,,,,,22.803283994876562,#000000,,22.803283994876562,,0,,,0.0,0.0,0.0,0.0,24.4674959787421,-19.7207759519283,False,True,False,True,False,0.0
2022-04-04 00:00:00+00:00,21.9808264582,22.0632545575,21.7695357639,21.9258743921,9914,,,,,,,,,,22.787120245662138,#000000,,22.787120245662138,,0,,,0.0,0.0,0.0,0.0,23.13707748634623,-20.943491183045342,False,True,False,True,False,0.0
2022-04-05 00:00:00+00:00,21.751859516,22.1402790368,21.7243834829,21.9808264582,6403,,,,,,,,,,22.776214719748527,#000000,,22.776214719748527,,0,,,0.0,0.0,0.0,0.0,21.05131905951759,-22.945071124267088,False,True,False,True,False,0.0
2022-04-06 00:00:00+00:00,21.6694314168,22.0007007888,21.3580363753,21.6053206729,10236,,,,,,,,,,22.75560934589277,#000000,,22.75560934589277,,0,,,0.0,0.0,0.0,0.0,19.294914414512675,-24.66341837318945,False,True,False,True,False,0.0
2022-04-07 00:00:00+00:00,21.870922326,21.870922326,21.513733896,21.513733896,6800,,,,,,,,,,22.7433006091367,#000000,,22.7433006091367,,0,,,0.0,0.0,0.0,0.0,22.302141073648947,-24.66341837318945,False,True,False,True,False,0.0
2022-04-08 00:00:00+00:00,21.8251289375,21.8342876152,21.2572909207,21.2572909207,6176,,,,,,,,,,22.73112755170459,#000000,,22.73112755170459,,0,,,0.0,0.0,0.0,0.0,23.96835182098081,-24.66341837318945,False,True,False,True,True,0.0
2022-04-11 00:00:00+00:00,21.4862578629,21.7976529044,21.3763537306,21.751859516,5884,,,,,,,,,,22.71888587198359,#000000,,22.71888587198359,,0,,,0.0,0.0,0.0,0.0,23.022379309859218,-24.66341837318945,False,True,False,True,True,0.0
2022-04-12 00:00:00+00:00,21.3214016645,21.5961619952,21.0924347222,21.5228925737,16569,,,,,,,,,,22.67955233572405,#000000,,22.67955233572405,,0,,,0.0,0.0,0.0,0.0,21.631755857697172,-24.66341837318945,False,True,False,True,True,0.0
2022-04-13 00:00:00+00:00,21.3475038959,21.4156832351,21.2000891085,21.3843575928,12848,,,,,,,,,,22.65026710302891,#000000,,22.65026710302891,,0,,,0.0,0.0,0.0,0.0,21.203622586246535,-24.66341837318945,False,True,False,True,True,0.0
2022-04-14 00:00:00+00:00,21.3501757889,21.4672784107,20.9789669275,21.3659307443,12080,,,,,,,,,,22.62277833391609,#000000,,22.62277833391609,,0,,,0.0,0.0,0.0,0.0,20.97323092551241,-24.66341837318945,False,True,False,True,True,0.0
2022-04-18 00:00:00+00:00,21.2199901048,21.3475038959,21.1449006975,21.2000891085,19155,,,,,,,,,,22.580555714091634,#000000,,22.580555714091634,,0,,,0.0,0.0,0.0,0.0,20.13602419146185,-24.66341837318945,False,True,False,True,False,0.0
2022-04-19 00:00:00+00:00,21.1448085633,21.1448085633,21.0526743212,21.0987414422,14411,,,,,,,,,,22.547698567795347,#000000,,22.547698567795347,,0,,,0.0,0.0,0.0,0.0,19.210383829800474,-25.781518125461346,False,True,False,True,False,0.0
2022-04-20 00:00:00+00:00,20.9789669275,21.170974688,20.9513266549,21.0618877454,16079,,,,,,,,,,22.5107974217316,"rgba(255, 26, 202, 1.0)",0.6235906614683772,22.5107974217316,-2.4564679827381917,0,,,0.0,0.0,0.0,0.0,17.86093272311051,-27.34084757375973,False,True,False,True,False,0.0
2022-04-21 00:00:00+00:00,20.868405837,21.0803145938,20.6288568075,21.0803145938,20666,,,,,,,,,,22.06027696020688,"rgba(255, 0, 0, 1.0)",0.6570747373671253,22.06027696020688,-1.8139049569652679,0,,,-1.0,0.0,20.628857,110.0,16.532050946681984,-28.838021931134215,False,True,False,True,False,0.0
2022-04-22 00:00:00+00:00,20.9513266549,20.9513266549,20.739417898,20.9159471059,3185,,,,,,,,,,22.055479584225836,"rgba(255, 0, 0, 1.0)",0.6856795613231138,22.055479584225836,-1.6103045673334915,0,,,0.0,0.0,0.0,0.0,17.525990237709216,-28.838021931134215,False,True,False,True,False,0.0
2022-04-25 00:00:00+00:00,21.1724488359,21.623814488,20.914472958,20.9513266549,27216,,,,,,,,,,22.070663467320365,"rgba(239, 83, 80, 1.0)",0.7068998687498457,22.070663467320365,-1.2706391260318963,0,,,0.0,0.0,0.0,0.0,22.51147407198058,-32.134216515741514,False,True,False,True,True,0.0
2022-04-26 00:00:00+00:00,21.2737965022,21.5501070943,21.1171682907,21.2922233507,9876,,,,,,,,,,22.06970753932117,"rgba(239, 83, 80, 1.0)",0.7224357748919459,22.06970753932117,-1.101704905519404,0,,,0.0,0.0,0.0,0.0,27.52603993660535,-27.53238287760186,False,True,False,True,True,0.0
2022-04-27 00:00:00+00:00,21.2132643052,21.3290770475,20.8450958737,21.1908756843,10162,,,,,,,,,,22.05755215221488,"rgba(239, 83, 80, 1.0)",0.7388909033566569,22.05755215221488,-1.1426420912470592,0,,,0.0,0.0,0.0,0.0,30.280221673712823,-25.153824142140035,False,True,False,True,True,0.0
2022-04-28 00:00:00+00:00,21.0618877454,21.3106501991,20.739417898,21.2737965022,8558,,,,,,,,,,22.04414252080198,"rgba(239, 83, 80, 1.0)",0.7576733498993011,22.04414252080198,-1.296409297664392,0,,,0.0,0.0,0.0,0.0,30.74953953854877,-24.83351968896509,False,True,False,True,True,0.0
2022-04-29 00:00:00+00:00,21.3751441685,21.5225589559,20.868405837,20.9052595338,31814,,,,,,,,,,22.02141132534367,"rgba(239, 83, 80, 0.5)",0.767276256638582,22.02141132534367,-0.8422874437363025,0,,,0.0,0.0,0.0,0.0,35.772661085671416,-20.177388161436312,False,False,False,True,True,0.0
2022-05-02 00:00:00+00:00,20.739417898,21.2000891085,20.739417898,21.2000891085,10283,,,,,,,,,,22.002165604755493,"rgba(255, 0, 0, 1.0)",0.7922668690566304,22.002165604755493,-1.5938413634020514,0,,,0.0,0.0,0.0,0.0,34.29666675861134,-20.177388161436312,False,False,False,True,True,0.0
2022-05-03 00:00:00+00:00,21.0478833406,21.2183316885,20.651890368,20.9881803517,15286,,,,,,,,,,21.979073192885973,"rgba(239, 83, 80, 1.0)",0.8068650707610474,21.979073192885973,-1.1540837322498823,0,,,0.0,0.0,0.0,0.0,36.61456795208002,-19.717651518356323,False,False,False,True,True,0.0
2022-05-04 00:00:00+00:00,21.5409858043,21.5409858043,20.914472958,20.914472958,19907,,,,,,,,,,21.969288943227035,"rgba(239, 83, 80, 0.5)",0.8109255323233406,21.969288943227035,-0.5281658079009126,0,,,0.0,0.0,0.0,0.0,42.122811803906195,-14.610307767193184,True,False,False,True,True,0.0
2022-05-05 00:00:00+00:00,21.3290770475,21.4119978654,20.868405837,21.4119978654,9040,,,,,,,,,,21.961728575536455,"rgba(239, 83, 80, 0.5)",0.8191798170666924,21.961728575536455,-0.7722987247193716,0,,,0.0,0.0,0.0,0.0,44.248439313377006,-12.753187631997072,True,False,False,True,True,0.0
2022-05-06 00:00:00+00:00,21.1079548664,21.2830099264,20.8776192612,21.2830099264,7803,,,,,,,,,,21.95319692524847,"rgba(239, 83, 80, 1.0)",0.8305520123241372,21.95319692524847,-1.0176870879925093,0,,,0.0,0.0,0.0,0.0,44.19293822403586,-12.753187631997072,True,False,False,True,True,0.0
2022-05-09 00:00:00+00:00,21.1355951391,21.1816622601,20.891255129,20.9513266549,8442,,,,,,,,,,21.94380392915652,"rgba(239, 83, 80, 0.5)",0.8396914766610561,21.94380392915652,-0.9625068403341127,0,,,0.0,0.0,0.0,0.0,44.38650118779561,-12.431097880127531,True,False,False,True,True,0.0
2022-05-10 00:00:00+00:00,21.0711011696,21.0987414422,20.9605400791,21.0379328424,12722,,,,,,,,,,21.929381739880707,"rgba(239, 83, 80, 1.0)",0.8505332481478038,21.929381739880707,-1.0091087822254756,0,,,0.0,0.0,0.0,0.0,44.056285412181346,-12.431097880127531,True,False,False,True,True,0.0
2022-05-11 00:00:00+00:00,21.1724488359,21.1801881123,20.914472958,21.1632354117,4975,,,,,,,,,,21.92437933360202,"rgba(239, 83, 80, 0.5)",0.858081465037858,21.92437933360202,-0.8762926695647075,0,,,0.0,0.0,0.0,0.0,44.789074671569274,-11.421387352589136,True,False,False,True,True,0.0
2022-05-12 00:00:00+00:00,21.4580649864,21.4580649864,21.0526743212,21.0526743212,5041,,,,,,,,,,21.92184266580099,"rgba(239, 83, 80, 0.5)",0.860570749598792,21.92184266580099,-0.5389187113519829,0,,,0.0,0.0,0.0,0.0,47.70279415163893,-8.355852491251056,True,False,False,False,True,0.0
2022-05-13 00:00:00+00:00,21.3475038959,21.3475038959,21.0987414422,21.2830099264,3005,,,,,,,,,,21.919960513235452,"rgba(239, 83, 80, 0.5)",0.864318495698234,21.919960513235452,-0.6623213782703976,0,,,0.0,0.0,0.0,0.0,48.67279940456635,-7.192957921217584,True,False,False,False,True,0.0
2022-05-16 00:00:00+00:00,21.2830099264,21.3290770475,21.1448085633,21.1908756843,15278,,,,,,,,,,21.910069573868512,"rgba(239, 83, 80, 0.5)",0.8700307992931005,21.910069573868512,-0.7207327004722122,0,,,0.0,0.0,0.0,0.0,48.749409358249245,-6.825843512190602,True,False,False,False,True,0.0
2022-05-17 00:00:00+00:00,21.0066072001,21.2922233507,21.0066072001,21.194929591,12875,,,,,,,,,,21.898167645416365,"rgba(239, 83, 80, 1.0)",0.8792015036165846,21.898167645416365,-1.0140570070102728,0,,,0.0,0.0,0.0,0.0,46.56065256117187,-6.825843512190602,True,False,False,False,True,0.0
2022-05-18 00:00:00+00:00,21.1632354117,21.1773319507,20.9513266549,20.9513266549,13748,,,,,,,,,,21.885762345881336,"rgba(239, 83, 80, 0.5)",0.8792306061189209,21.885762345881336,-0.8217718186252598,0,,,0.0,0.0,0.0,0.0,46.62191727816531,-6.825843512190602,True,False,False,False,True,0.0
2022-05-19 00:00:00+00:00,20.9328998064,21.2737965022,20.7486313222,20.7815232467,8352,,,,,,,,,,21.698425624752378,"rgba(239, 83, 80, 0.5)",0.8839340185229366,21.698425624752378,-0.8660440737777938,0,,,0.0,0.0,0.0,0.0,44.899304342127145,-6.825843512190602,True,False,False,True,False,0.0
2022-05-20 00:00:00+00:00,21.0803145938,21.1885723283,20.9236863822,20.9236863822,10485,,,,,,,,,,21.69958232121915,"rgba(239, 83, 80, 0.5)",0.8891229396425009,21.69958232121915,-0.6964928018482407,0,,,0.0,0.0,0.0,0.0,45.19105460021089,-6.825843512190602,True,False,False,True,False,0.0
2022-05-23 00:00:00+00:00,21.1171682907,21.3103737963,21.0618877454,21.1448085633,11461,,,,,,,,,,21.703124642619485,"rgba(239, 83, 80, 0.5)",0.890377961529724,21.703124642619485,-0.6580984449713647,0,,,0.0,0.0,0.0,0.0,45.745075757609946,-6.825843512190602,True,False,False,True,False,0.0
2022-05-24 00:00:00+00:00,21.2737965022,21.3769868534,21.1724488359,21.1724488359,3600,,,,,,,,,,21.70575303853069,#000000,0.8889667868101241,21.70575303853069,-0.4859085207003957,0,,,0.0,0.0,0.0,0.0,47.62160409011,-6.694617533977606,True,False,False,False,True,0.0
2022-05-25 00:00:00+00:00,21.4304247138,21.4672784107,21.3382904717,21.3475038959,15883,,,,,,,,,,21.721882335375035,#000000,0.8849170643739924,21.721882335375035,-0.3293615111617462,0,,,0.0,0.0,0.0,0.0,50.2596687050457,-4.057593942454581,True,False,False,False,True,0.0
2022-05-26 00:00:00+00:00,21.4580649864,21.582354079,21.3290770475,21.4672784107,8426,,,,,,,,,,21.72776443236778,#000000,0.8801043688465293,21.72776443236778,-0.3064402990309558,2,0.18244387706351092,0.36488775412702185,0.0,0.0,0.0,0.0,52.260564176230034,-2.104238731030506,True,False,True,False,True,0.0
2022-05-27 00:00:00+00:00,21.5409858043,21.6422413364,21.4212112896,21.5317723801,16880,,,,,,,21.534812810100004,,,21.705447829792416,#000000,0.8739606711160213,21.705447829792416,-0.1881801217466715,2,0.18270009233951318,0.36540018467902635,0.0,0.0,0.0,0.0,54.34042528520009,-0.10946892521756979,True,False,True,False,True,0.0
2022-05-31 00:00:00+00:00,21.0711011696,21.4600919398,21.0526743212,21.264583078,140849,,,,,,,21.23102930646033,,,21.589568101406666,"rgba(239, 83, 80, 0.5)",0.8725051639877945,21.589568101406666,-0.5942279234623765,2,0.18150262709049464,0.3630052541809893,0.0,0.0,0.0,0.0,51.01178677129883,-0.10946892521756979,True,False,False,False,False,0.0
2022-06-01 00:00:00+00:00,21.2277293812,21.2412731148,21.0618877454,21.1724488359,50508,,,,,,,21.217915594168627,,,21.568849108414458,#000000,0.8682110651452926,21.568849108414458,-0.3928995389587358,2,0.18114094989802426,0.3622818997960485,0.0,0.0,0.0,0.0,50.30330562309294,-0.10946892521756979,True,False,False,False,False,0.0
2022-06-02 00:00:00+00:00,21.2277293812,21.2369428054,21.1448085633,21.1816622601,11387,,,,,,,21.21715056345965,,,21.565227466003023,#000000,0.8628164635318135,21.565227466003023,-0.39115860564542787,2,0.1807426591582055,0.361485318316411,0.0,0.0,0.0,0.0,49.83098485762235,4.53249573348279,True,False,False,False,False,0.0
2022-06-03 00:00:00+00:00,21.1816622601,21.218515957,21.1448085633,21.1448085633,4004,,,,,,,21.216515154805464,,,21.563796147534408,#000000,0.8569989611426272,21.563796147534408,-0.44589772538920186,2,0.18039843476064057,0.36079686952128115,0.0,0.0,0.0,0.0,49.05710894729417,3.665707898182177,True,False,False,False,False,0.0
2022-06-06 00:00:00+00:00,21.1263817149,21.2093025328,21.0526743212,21.0987414422,11844,,,,,,,21.212136010518673,,,21.558410933270295,"rgba(239, 83, 80, 0.5)",0.8515318875700669,21.558410933270295,-0.5073553024574752,2,0.180054811344322,0.360109622688644,0.0,0.0,0.0,0.0,47.973490889456876,2.4798525375202374,True,False,False,False,False,0.0
2022-06-07 00:00:00+00:00,21.2000891085,21.2644909438,21.0618877454,21.1632354117,7090,,,,,,,21.211064839356887,,,21.555922974481955,#000000,0.8451634667109749,21.555922974481955,-0.42102371907616226,2,0.17999572896930655,0.3599914579386131,0.0,0.0,0.0,0.0,48.15341257815584,2.478592860869682,True,False,False,False,False,0.0
2022-06-08 00:00:00+00:00,21.1675657211,21.1816622601,21.0066072001,21.0618877454,22791,,,,,,,21.2031241004866,,,21.545821573089384,#000000,0.837460842937423,21.545821573089384,-0.4516698961859969,2,0.17994241988413473,0.35988483976826946,0.0,0.0,0.0,0.0,47.890577822207156,1.9916967119041828,True,False,False,False,False,0.0
2022-06-09 00:00:00+00:00,21.0250340485,21.2139092449,21.0250340485,21.0711011696,6718,,,,,,,21.20028126002912,,,21.542601210787677,"rgba(239, 83, 80, 0.5)",0.8306301579625609,21.542601210787677,-0.6231018189337217,2,0.17953537447305296,0.3590707489461059,0.0,0.0,0.0,0.0,46.09828442762452,0.0792429414501612,True,False,False,True,False,0.0
2022-06-10 00:00:00+00:00,20.5090822928,20.9236863822,20.5090822928,20.914472958,27791,,,,,,,21.14902982965306,,,21.509258355439655,"rgba(239, 83, 80, 1.0)",0.8317291076056643,21.509258355439655,-1.202526223374469,2,0.17744138654560798,0.35488277309121596,0.0,0.0,0.0,0.0,40.79816950894554,-4.973222620411406,True,False,False,True,False,0.0
2022-06-13 00:00:00+00:00,19.9470634159,20.2695332633,19.8088620528,20.2695332633,20859,,,,,,,21.0748513422664,,,21.465036280356586,"rgba(255, 0, 0, 1.0)",0.8434317201480043,21.465036280356586,-1.7997578561430119,2,0.17348505715012608,0.34697011430025215,0.0,0.0,0.0,0.0,34.67105890624405,-10.535223282615767,False,False,False,True,False,0.0
2022-06-14 00:00:00+00:00,20.214252718,20.2308368816,19.7259412349,19.8272889012,16876,,,,,,,21.023970896652997,,,21.236529579118663,"rgba(239, 83, 80, 1.0)",0.8496727942787689,21.236529579118663,-1.203141807060453,2,0.17110784536559662,0.34221569073119323,-1.0,0.0,19.72594,179.0,33.657257319196454,-11.205262773484726,False,False,False,True,False,0.0
2022-06-15 00:00:00+00:00,20.0581773119,20.5436326335,19.9009962949,19.9195152775,6167,,,,,,,21.008607954367935,,,21.232082530842195,"rgba(239, 83, 80, 1.0)",0.8550515643563105,21.232082530842195,-1.3729057613337279,2,0.16820293465499425,0.3364058693099885,0.0,0.0,0.0,0.0,32.23395657491954,-12.413939219706705,False,True,False,True,False,0.0
2022-06-16 00:00:00+00:00,20.0115573854,20.030076368,19.8088620528,19.9009962949,6654,,,,,,,20.98850945020944,,,21.2166884478136,"rgba(239, 83, 80, 1.0)",0.8604162714404681,21.2166884478136,-1.4006372292286222,2,0.16549392893806714,0.3309878578761343,0.0,0.0,0.0,0.0,31.06210831323724,-13.487758369415488,False,True,False,True,False,0.0
2022-06-17 00:00:00+00:00,20.1405453243,20.4721364617,19.9102097191,20.0852647791,21727,,,,,,,20.940973166643627,,,21.19564557823092,"rgba(239, 83, 80, 1.0)",0.8608093839039066,21.19564557823092,-1.225707193322956,2,0.16342763480797137,0.32685526961594275,0.0,0.0,0.0,0.0,31.82032140697894,-13.487758369415488,False,True,False,True,False,0.0
2022-06-21 00:00:00+00:00,20.0207708096,20.2945937771,19.9009962949,20.2050392938,4752,,,,,,,20.930018479152256,,,21.188741778548167,"rgba(239, 83, 80, 1.0)",0.8614853962114326,21.188741778548167,-1.355764095461829,2,0.1611766907971501,0.3223533815943002,0.0,0.0,0.0,0.0,31.63605230952451,-13.487758369415488,False,True,False,True,False,0.0
2022-06-22 00:00:00+00:00,20.1129050517,20.1221184759,19.8917828706,19.9286365675,6467,,,,,,,20.915042954118714,,,21.17893184160409,"rgba(239, 83, 80, 1.0)",0.8586668068642019,21.17893184160409,-1.2414906240491042,2,0.15917948487758066,0.3183589697551613,0.0,0.0,0.0,0.0,32.656467535828725,-13.487758369415488,False,True,False,True,False,0.0
2022-06-23 00:00:00+00:00,20.2787466875,20.5459359896,20.2603198391,20.2787466875,10485,,,,,,,20.900311060474664,,,21.174303906548946,"rgba(239, 83, 80, 1.0)",0.8509644824705248,21.174303906548946,-1.0524025825954093,2,0.15792284645143018,0.31584569290286035,0.0,0.0,0.0,0.0,35.29405597335892,-13.487758369415488,False,False,False,True,True,0.0
2022-06-24 00:00:00+00:00,20.1313319001,20.4827318995,20.1036916275,20.343240657,6909,,,,,,,20.88891451101537,,,21.168138696405354,"rgba(239, 83, 80, 1.0)",0.8467935641908481,21.168138696405354,-1.2243914457428255,2,0.15718395344997252,0.31436790689994504,0.0,0.0,0.0,0.0,35.959577990648164,-13.487758369415488,False,False,False,True,True,0.0
2022-06-27 00:00:00+00:00,20.2050392938,20.269441129,20.0485032165,20.1497587485,4821,,,,,,,20.88042042688071,,,21.16290986997805,"rgba(239, 83, 80, 1.0)",0.8404844491369625,21.16290986997805,-1.1396648411063715,2,0.15659416869723913,0.31318833739447827,0.0,0.0,0.0,0.0,37.29282912880652,-17.56946998728624,False,False,False,True,True,0.0
2022-06-28 00:00:00+00:00,20.1313319001,20.3327373534,19.9885238249,20.0852647791,13261,,,,,,,20.85732176627051,,,21.147992172842418,"rgba(239, 83, 80, 1.0)",0.8333336204640861,21.147992172842418,-1.2199919069342668,0,,,0.0,0.0,0.0,0.0,37.58601541164796,-17.0932755877731,False,False,False,True,True,0.0
2022-06-29 00:00:00+00:00,20.1773990212,20.2603198391,20.0944782033,20.2234661422,9572,,,,,,,20.842130267162606,,,21.138188465874773,"rgba(239, 83, 80, 1.0)",0.8242933604981116,21.138188465874773,-1.1655916336559824,0,,,0.0,0.0,0.0,0.0,38.3961903945378,-16.093545911340385,False,False,False,True,True,0.0
2022-06-30 00:00:00+00:00,20.4169480506,20.6841373528,20.1036916275,20.1036916275,28022,,,,,,,20.815084180120145,,,21.124074795827084,"rgba(239, 83, 80, 0.5)",0.8106124067022599,21.124074795827084,-0.87233644511293,0,,,0.0,0.0,0.0,0.0,41.85042770469865,-12.670811609124868,False,False,False,True,True,0.0
2022-07-01 00:00:00+00:00,20.6841373528,20.7302044738,20.5459359896,20.5735762622,6988,,,,,,,20.812646514686026,,,21.123974358517497,"rgba(239, 83, 80, 0.5)",0.7898526051721568,21.123974358517497,-0.5568595999270387,0,,,0.0,0.0,0.0,0.0,46.74423524447778,-8.081108472238725,True,False,False,False,True,0.0
2022-07-05 00:00:00+00:00,20.6841373528,20.7695457952,20.5090822928,20.7302044738,6953,,,,,,,20.810305201521032,,,21.12364090542892,"rgba(239, 83, 80, 0.5)",0.7720570715155644,21.12364090542892,-0.5692630361718802,1,0.10014998391362886,0.10014998391362886,0.0,0.0,0.0,0.0,50.006773604330526,-5.167594596696155,True,False,False,False,True,0.0
2022-07-06 00:00:00+00:00,20.8591924128,20.868405837,20.7209910496,20.7209910496,12573,,,,,,,20.8104585730125,,,21.087654218658074,#000000,0.7472093036720175,21.087654218658074,-0.3057534277682877,1,0.10077298185902478,0.10077298185902478,0.0,0.0,0.0,0.0,53.737194413144664,-1.8466878526922983,True,False,True,False,True,0.0
2022-07-07 00:00:00+00:00,20.4630151717,20.7670581707,20.4077346264,20.7670581707,9397,,,,,,,20.8054098394693,,,21.07042023550574,"rgba(239, 83, 80, 0.5)",0.7264410448620154,21.07042023550574,-0.8361381396354242,1,0.10108363138981596,0.10108363138981596,0.0,0.0,0.0,0.0,51.92228028379364,-1.8466878526922983,True,False,True,False,True,0.0
2022-07-08 00:00:00+00:00,20.4998688685,20.5275091412,20.3985212022,20.4630151717,2406,,,,,,,20.803804496770002,,,21.066638628932488,"rgba(239, 83, 80, 0.5)",0.7021394842484724,21.066638628932488,-0.8072039433007038,1,0.10149524048803513,0.10149524048803513,0.0,0.0,0.0,0.0,51.076407850993014,-1.8466878526922983,True,False,True,False,False,0.0
2022-07-11 00:00:00+00:00,20.5459359896,20.6564970801,20.4538017475,20.4998688685,3519,,,,,,,20.802026696413655,,,21.063609714401935,"rgba(239, 83, 80, 0.5)",0.6777158502950271,21.063609714401935,-0.7638506972746434,1,0.10205789648964593,0.10205789648964593,0.0,0.0,0.0,0.0,50.98868506739191,-1.8466878526922983,True,False,False,False,False,0.0
2022-07-12 00:00:00+00:00,20.5275091412,20.6703172164,20.4077346264,20.6564970801,6393,,,,,,,20.79864640855172,,,21.058563031742676,"rgba(239, 83, 80, 0.5)",0.6540323046085431,21.058563031742676,-0.811968899396379,1,0.10269327723418906,0.10269327723418906,0.0,0.0,0.0,0.0,50.722439571926984,-1.8466878526922983,True,False,False,False,False,0.0
2022-07-13 00:00:00+00:00,20.5367225654,20.5367225654,20.2418929906,20.4169480506,2333,,,,,,,20.79698890541808,,,21.05585369176354,"rgba(239, 83, 80, 0.5)",0.6230801108428626,21.05585369176354,-0.8331691500492492,1,0.1033768700633855,0.1033768700633855,0.0,0.0,0.0,0.0,50.656205948938194,-1.8466878526922983,True,False,False,False,False,0.0
2022-07-14 00:00:00+00:00,20.343240657,20.4538017475,20.1667114491,20.4538017475,5009,,,,,,,20.792334713089858,,,21.04799172273033,"rgba(239, 83, 80, 1.0)",0.5963255362362683,21.04799172273033,-1.1818227174680376,1,0.10384666095100287,0.10384666095100287,0.0,0.0,0.0,0.0,48.354506040993954,-1.8466878526922983,True,False,False,False,False,0.0
2022-07-15 00:00:00+00:00,20.4261614749,20.4261614749,20.3294205206,20.4077346264,1347,,,,,,,20.79128928609177,,,21.04649930577026,"rgba(239, 83, 80, 1.0)",0.5700178251457825,21.04649930577026,-1.088277951152862,1,0.1045799683993423,0.1045799683993423,0.0,0.0,0.0,0.0,47.934482841073205,2.9372990551370606,True,False,False,False,False,0.0
2022-07-18 00:00:00+00:00,20.4722285959,20.5589269177,20.3800943538,20.3800943538,4835,,,,,,,20.78829534890572,,,21.04302983936904,"rgba(239, 83, 80, 1.0)",0.5500541692137083,21.04302983936904,-1.0377182383418544,1,0.10546088977479726,0.10546088977479726,0.0,0.0,0.0,0.0,48.272583806076995,2.9372990551370606,True,False,False,False,False,0.0
2022-07-19 00:00:00+00:00,20.4679904208,20.5243765769,20.4169480506,20.4906554443,6228,,,,,,,20.784512533019992,,,21.03892780335599,"rgba(239, 83, 80, 1.0)",0.5356763971397086,21.03892780335599,-1.0658251616172747,1,0.10643914538997258,0.10643914538997258,0.0,0.0,0.0,0.0,48.440313961565245,2.876796944007623,True,False,False,False,False,0.0
2022-07-20 00:00:00+00:00,20.4814420201,20.4814420201,20.4169480506,20.4169480506,3969,,,,,,,20.782074509939378,,,21.036342352225674,"rgba(239, 83, 80, 1.0)",0.523843912161309,21.036342352225674,-1.0592856368917778,1,0.10772873683503152,0.10772873683503152,0.0,0.0,0.0,0.0,48.76027061550914,2.876796944007623,True,False,False,False,False,0.0
2022-07-21 00:00:00+00:00,20.5735762622,20.5735762622,20.4077346264,20.4445883233,8994,,,,,,,20.777659691200434,,,21.032602145638627,"rgba(239, 83, 80, 0.5)",0.5079986056881292,21.032602145638627,-0.9035967388470217,0,,,0.0,0.0,0.0,0.0,50.39231414574525,2.876796944007623,True,False,False,False,False,0.0
2022-07-22 00:00:00+00:00,20.6196433833,20.6749239285,20.4261614749,20.6380702317,13516,,,,,,,20.772652572542544,,,21.029407054258566,"rgba(239, 83, 80, 0.5)",0.4938237312512375,21.029407054258566,-0.8297771958433765,0,,,0.0,0.0,0.0,0.0,52.16341284934775,2.876796944007623,True,False,True,False,True,0.0
2022-07-25 00:00:00+00:00,20.5551494138,20.6379780975,20.4722285959,20.6196433833,9823,,,,,,,20.768841674698514,,,21.02646019098681,"rgba(239, 83, 80, 0.5)",0.4853568716944561,21.02646019098681,-0.9710602747652313,0,,,0.0,0.0,0.0,0.0,52.16032742031514,2.876796944007623,True,False,True,False,True,0.0
2022-07-26 00:00:00+00:00,20.4538017475,20.619551249,20.4538017475,20.518295717,7860,,,,,,,20.765250340307833,,,21.023157660258455,"rgba(239, 83, 80, 1.0)",0.47920790859903195,21.023157660258455,-1.1881187737968966,0,,,0.0,0.0,0.0,0.0,50.43259266470809,2.876796944007623,True,False,False,False,False,0.0
2022-07-27 00:00:00+00:00,20.4630151717,20.564362838,20.4538017475,20.4538017475,15584,,,,,,,20.758006744464755,,,21.016276102769794,"rgba(239, 83, 80, 1.0)",0.46700822101331424,21.016276102769794,-1.1846920593160615,0,,,0.0,0.0,0.0,0.0,49.4544873043443,2.876796944007623,True,False,False,False,False,0.0
2022-07-28 00:00:00+00:00,20.544553976,20.72061042,20.5075626536,20.544553976,6771,,,,,,,20.756092110097647,,,21.014895310796764,"rgba(239, 83, 80, 1.0)",0.4542667083311596,21.014895310796764,-1.035385878319496,0,,,0.0,0.0,0.0,0.0,50.330705569969005,2.876796944007623,True,False,False,False,False,0.0
2022-07-29 00:00:00+00:00,21.0081043816,21.045188414,20.6001800246,20.6001800246,42690,,,,,,,20.764742924070926,,,21.029431425761718,#000000,0.4483504104204945,21.029431425761718,-0.0475678033654905,0,,,0.0,0.0,0.0,0.0,56.55649496522044,2.738034297731261,True,False,True,False,True,0.0
2022-08-01 00:00:00+00:00,20.9895623653,21.0637304302,20.8505899537,21.0081043816,13205,,,,,,,20.76889162780269,,,21.034421742024538,#000000,0.445068535863952,21.034421742024538,-0.10079206483886562,0,,,0.0,0.0,0.0,0.0,60.354997231361146,6.068454453834526,True,False,True,False,True,0.0
2022-08-02 00:00:00+00:00,20.8319552274,21.0822724465,20.7392451463,21.0822724465,5551,,,,,,,20.769875247394978,20.88449094006667,,21.018710459281472,#000000,0.44087202614334214,21.018710459281472,-0.4236041771921132,0,,,0.0,0.0,0.0,0.0,60.05198445978285,6.068454453834526,True,False,True,False,True,0.0
2022-08-03 00:00:00+00:00,21.0359174059,21.0730014383,20.7670581707,20.7670581707,4802,,,,,,,20.771254686215176,20.91889208443543,,21.023856122529008,#000000,0.4372383509426962,21.023856122529008,0.027585145138776197,0,,,0.0,0.0,0.0,0.0,61.89448025770279,7.188071042311158,True,False,True,False,True,0.0
2022-08-04 00:00:00+00:00,20.9988333734,21.0822724465,20.7392451463,21.0822724465,7792,,,,,,,20.773233378643162,20.928006686490498,,21.018005541584678,#000000,0.4352131280781422,21.018005541584678,-0.04405236641031559,0,,,0.0,0.0,0.0,0.0,62.48099591809342,7.725451636001949,True,False,True,False,True,0.0
2022-08-05 00:00:00+00:00,20.8412262355,20.9917874073,20.7021611139,20.8226842193,4995,,,,,,,20.77376887553119,20.910101438905603,,21.01282141981883,#000000,0.43348740653346113,21.01282141981883,-0.3958481416820274,0,,,0.0,0.0,0.0,0.0,60.31112470771275,7.725451636001949,True,False,True,False,True,0.0
2022-08-08 00:00:00+00:00,20.9061232923,20.9061232923,20.6928901058,20.7763291788,21453,,,,,,,20.77567013494845,20.87399322246375,,21.005723693851106,#000000,0.43318130773243557,21.005723693851106,-0.2299277456649355,0,,,0.0,0.0,0.0,0.0,59.62526427058585,7.725451636001949,True,False,True,False,False,0.0
2022-08-09 00:00:00+00:00,20.8226842193,20.961749341,20.6743480895,20.7763291788,5478,,,,,,,20.77601539966909,20.868041682048705,,21.004585658563165,#000000,0.4331263346956069,21.004585658563165,-0.41997316877765306,0,,,0.0,0.0,0.0,0.0,57.84177417534614,7.725451636001949,True,False,True,False,False,0.0
2022-08-10 00:00:00+00:00,20.9288372622,20.9988333734,20.7472182133,20.9432073248,2574,,,,,,,20.7764408505715,20.869194979470358,,21.005159702612715,#000000,0.4330326303177317,21.005159702612715,-0.17625101451758185,0,,,0.0,0.0,0.0,0.0,57.9825280251819,7.725451636001949,True,False,True,False,False,0.0
2022-08-11 00:00:00+00:00,20.7763291788,20.8597682518,20.7392451463,20.8597682518,6669,,,,,,,20.776585726051024,20.86049088314168,,21.003151601037928,"rgba(239, 83, 80, 0.5)",0.4309182290037942,21.003151601037928,-0.5263699861625709,0,,,0.0,0.0,0.0,0.0,55.723091189178824,10.394919966850239,True,False,True,False,False,0.0
2022-08-12 00:00:00+00:00,20.8412262355,20.9169703718,20.7485161544,20.8220352488,12189,,,,,,,20.777586617752544,20.8562428176923,,21.002607265149233,#000000,0.4273866010794392,21.002607265149233,-0.3775996468809241,0,,,0.0,0.0,0.0,0.0,55.08981127903516,9.666216888719497,True,False,True,False,False,0.0
2022-08-15 00:00:00+00:00,20.7207031301,20.8412262355,20.670268846,20.7577871625,11196,,,,,,,20.777072179546547,20.841056045649207,,20.998356550328655,"rgba(239, 83, 80, 0.5)",0.42465368392819863,20.998356550328655,-0.6538349500709912,0,,,0.0,0.0,0.0,0.0,52.894820923576546,7.460753929289069,True,False,False,False,False,0.0
2022-08-16 00:00:00+00:00,20.6001800246,20.8606026425,20.5816380084,20.794871195,24737,,,,,,,20.77391503883812,20.80415888531242,,20.986531884697825,"rgba(239, 83, 80, 0.5)",0.4239871806895197,20.986531884697825,-0.9112347676868696,0,,,0.0,0.0,0.0,0.0,49.84639321613792,4.532257750108997,False,False,False,False,False,0.0
2022-08-17 00:00:00+00:00,20.5260119597,20.6557133632,20.3684048218,20.5723670003,27961,,,,,,,20.764721113898077,20.7447974745458,,20.964896568308422,"rgba(239, 83, 80, 1.0)",0.4192622707316892,20.964896568308422,-1.0468020598240055,0,,,0.0,0.0,0.0,0.0,46.90654016587405,1.7905153338252475,False,False,False,True,False,0.0
2022-08-18 00:00:00+00:00,20.5538249841,20.5816380084,20.3869468381,20.4981989354,13567,,,,,,,20.760335381176372,20.72318270444533,,20.95602930715402,"rgba(239, 83, 80, 0.5)",0.42000008285968493,20.95602930715402,-0.957629151678973,0,,,0.0,0.0,0.0,0.0,45.438650230338595,0.446860411849741,False,True,False,True,False,0.0
2022-08-19 00:00:00+00:00,20.4518438948,20.4703859111,20.3869468381,20.3870395481,4510,,,,,,,20.758509838435632,20.71475505475286,,20.952532844311225,"rgba(239, 83, 80, 1.0)",0.42028755018187813,20.952532844311225,-1.1913009302667992,0,,,0.0,0.0,0.0,0.0,43.16097638357897,-1.6938499155274798,False,True,False,True,False,0.0
2022-08-22 00:00:00+00:00,20.3591338137,20.4072503458,20.3035077651,20.4054888543,4923,,,,,,,20.756052818666785,20.70362449996786,,20.947946995603825,"rgba(239, 83, 80, 1.0)",0.4127315585223056,20.947946995603825,-1.4266250538532588,0,,,0.0,0.0,0.0,0.0,40.561671538789355,-4.124353959816112,False,True,False,True,False,0.0
2022-08-23 00:00:00+00:00,20.3498628056,20.4889279273,20.2293397002,20.2293397002,14230,,,,,,,20.74910656796576,20.674972678718163,,20.93559003759828,"rgba(239, 83, 80, 1.0)",0.4094847487703129,20.93559003759828,-1.430400604069445,0,,,0.0,0.0,0.0,0.0,38.720890691562474,-5.842124027798256,False,True,False,True,False,0.0
2022-08-24 00:00:00+00:00,20.3405917975,20.4259777822,20.136629619,20.3220497813,9486,,,,,,,20.743979406726787,20.65549644712552,,20.926910376787426,"rgba(239, 83, 80, 1.0)",0.40955265198376034,20.926910376787426,-1.431607331676305,0,,,0.0,0.0,0.0,0.0,37.377260657268124,-7.139388109221429,False,True,False,True,False,0.0
2022-08-25 00:00:00+00:00,20.5352829679,20.54918948,20.2432462123,20.2664237326,7514,,,,,,,20.741271823773953,20.647059317218982,,20.922570258683113,"rgba(239, 83, 80, 0.5)",0.40721655647583954,20.922570258683113,-0.9510597853260218,0,,,0.0,0.0,0.0,0.0,40.556606860677654,-7.139388109221429,False,True,False,True,True,0.0
2022-08-26 00:00:00+00:00,20.4054888543,20.4796569192,20.2849657488,20.3962178462,2695,,,,,,,20.74014380314726,20.643457676867353,,20.920771797050204,"rgba(239, 83, 80, 1.0)",0.4065777580565143,20.920771797050204,-1.267366284897906,0,,,0.0,0.0,0.0,0.0,40.78856997823103,-7.139388109221429,False,True,False,True,True,0.0
2022-08-29 00:00:00+00:00,20.3915823421,20.3915823421,20.2756947407,20.2756947407,864,,,,,,,20.739745556058764,20.642158432002603,,20.920136615947882,"rgba(239, 83, 80, 1.0)",0.40443713033075523,20.920136615947882,-1.306888597037618,0,,,0.0,0.0,0.0,0.0,40.750340913665795,-7.139388109221429,False,True,False,True,True,0.0
2022-08-30 00:00:00+00:00,20.2664237326,20.4795642091,20.1829846596,20.2849657488,18616,,,,,,,20.730420785263707,20.612933794267548,,20.905644063354707,"rgba(255, 0, 0, 1.0)",0.3973822331716117,20.905644063354707,-1.6085780324221397,0,,,0.0,0.0,0.0,0.0,39.0717593167634,-7.139388109221429,False,True,False,True,True,0.0
2022-08-31 00:00:00+00:00,20.0346485298,20.3684048218,19.9512094568,20.3684048218,28845,,,,,,,20.710518511340002,20.553619369434152,,20.876189354960523,"rgba(255, 26, 202, 1.0)",0.39643603076205386,20.876189354960523,-2.1227657424146416,0,,,0.0,0.0,0.0,0.0,35.58415250198665,-9.084201902555428,False,True,False,True,False,0.0
2022-09-01 00:00:00+00:00,19.9790224811,20.0161065136,19.8863124,19.9048544162,14905,,,,,,,20.698129795421092,20.519024706226347,,20.85861765003479,"rgba(255, 26, 202, 1.0)",0.3973881504593782,20.85861765003479,-2.2134408585610443,0,,,0.0,0.0,0.0,0.0,32.783186782460625,-11.764384582582323,False,True,False,True,False,0.0
2022-09-02 00:00:00+00:00,20.0068355055,20.0995455866,20.0068355055,20.0439195379,5227,,,,,,,20.694326533445324,20.509377913012322,,20.85339935057651,"rgba(255, 26, 202, 1.0)",0.40179644718670243,20.85339935057651,-2.1069470648732187,0,,,0.0,0.0,0.0,0.0,31.56429487786675,-12.94928140200112,False,True,False,True,False,0.0
2022-09-06 00:00:00+00:00,19.8863124,20.0624615541,19.8863124,19.9790224811,9317,,,,,,,20.686712800203754,20.489910609429575,,20.843004422122206,"rgba(255, 26, 202, 1.0)",0.40594732906666636,20.843004422122206,-2.3566900275505764,0,,,0.0,0.0,0.0,0.0,29.65506437306051,-14.828202325594475,False,True,False,True,False,0.0
2022-09-07 00:00:00+00:00,19.9790224811,20.0717325623,19.8863124,20.0244504209,3311,,,,,,,20.684166531921512,20.48372367715356,,20.83958832340599,"rgba(255, 26, 202, 1.0)",0.4107170215725267,20.83958832340599,-2.095276789384362,0,,,0.0,0.0,0.0,0.0,30.53884999745298,-14.828202325594475,False,True,False,True,False,0.0
2022-09-08 00:00:00+00:00,19.9233964325,20.0161065136,19.8492283676,19.9512094568,9853,,,,,,,20.676172688735093,20.464448078128992,,20.828940041830855,"rgba(255, 26, 202, 1.0)",0.4141712361773461,20.828940041830855,-2.1863990790106596,0,,,0.0,0.0,0.0,0.0,30.541764404280322,-14.828202325594475,False,True,False,True,False,0.0
2022-09-09 00:00:00+00:00,20.0624615541,20.2386107083,19.9604804649,20.0253775217,4952,,,,,,,20.67305338484928,20.45796600758937,,20.824941747319905,"rgba(255, 0, 0, 1.0)",0.4137726363168676,20.824941747319905,-1.8427516135600515,0,,,0.0,0.0,0.0,0.0,33.55839845198843,-14.828202325594475,False,True,False,True,True,0.0
2022-09-12 00:00:00+00:00,20.1180876028,20.1764949539,19.9975644974,20.1551716353,2653,,,,,,,20.67142464614635,20.454677098851782,,20.822871166201047,"rgba(255, 0, 0, 1.0)",0.4087431517381033,20.822871166201047,-1.7242700223944745,0,,,0.0,0.0,0.0,0.0,36.660697430426765,-18.670619479800305,False,True,False,True,True,0.0
2022-09-13 00:00:00+00:00,19.9326674406,20.0994528765,19.9326674406,20.0253775217,14018,,,,,,,20.661362163078465,20.43323215557007,,20.81000077469924,"rgba(255, 26, 202, 1.0)",0.4019657292103732,20.81000077469924,-2.1826072979472304,0,,,0.0,0.0,0.0,0.0,36.36037675350859,-18.670619479800305,False,True,False,True,True,0.0
2022-09-14 00:00:00+00:00,20.0161065136,20.053190546,19.9048544162,19.9604804649,5957,,,,,,,20.657194680061565,20.424764485696123,,20.804755711662988,"rgba(255, 26, 202, 1.0)",0.39160997210748444,20.804755711662988,-2.013863931551081,0,,,0.0,0.0,0.0,0.0,37.78397209114108,-17.420889219426513,False,True,False,True,True,0.0
2022-09-15 00:00:00+00:00,19.9419384487,20.053190546,19.9419384487,20.0346485298,3928,,,,,,,20.654424428139095,20.419202056878955,,20.801287291893708,"rgba(255, 26, 202, 1.0)",0.3783909411160733,20.801287291893708,-2.2710608257666984,0,,,0.0,0.0,0.0,0.0,37.798138875862676,-17.215922300624783,False,True,False,True,True,0.0
2022-09-16 00:00:00+00:00,20.1273586109,20.2664237326,19.9233964325,19.9233964325,52056,,,,,,,20.626246059144187,20.374716701090513,,20.707710724985112,"rgba(255, 0, 0, 1.0)",0.3746569382918256,20.707710724985112,-1.5490227319187344,0,,,0.0,0.0,0.0,0.0,41.11400883254787,-13.90459527009417,False,True,False,True,True,0.0
2022-09-19 00:00:00+00:00,19.9512094568,20.1180876028,19.8677703838,20.0068355055,13989,,,,,,,20.617435570419737,20.360181045944863,,20.695818110890652,"rgba(255, 26, 202, 1.0)",0.3693108457973923,20.695818110890652,-2.016211174310194,0,,,0.0,0.0,0.0,0.0,41.05034436189523,-13.83731425361293,False,True,False,True,True,0.0
2022-09-20 00:00:00+00:00,19.6452661891,19.9326674406,19.4783880431,19.9233964325,28535,,,,,,,20.59225557876039,20.31314595640022,,20.657657337481474,"rgba(255, 26, 202, 1.0)",0.3703879655169616,20.657657337481474,-2.7333262487847043,0,,,0.0,0.0,0.0,0.0,38.08245821719702,-13.83731425361293,False,True,False,True,False,0.0
2022-09-21 00:00:00+00:00,19.5803691323,19.719434254,19.3393229214,19.7008922378,19404,,,,,,,20.573387361463418,20.278444275289026,,20.6310063134505,"rgba(255, 26, 202, 1.0)",0.3734649284876844,20.6310063134505,-2.813215113410965,0,,,0.0,0.0,0.0,0.0,35.593208490595366,-9.413095070803074,False,True,False,True,False,0.0
2022-09-22 00:00:00+00:00,19.3671359458,19.5618271161,19.3115098971,19.5618271161,12557,,,,,,,20.560002252632803,20.253832906725464,,20.612435331315787,"rgba(255, 26, 202, 1.0)",0.38380846554192277,20.612435331315787,-3.244585508965965,0,,,0.0,0.0,0.0,0.0,32.4342649315865,-12.388190013020754,False,True,False,True,False,0.0
2022-09-23 00:00:00+00:00,19.1724447754,19.4320330025,19.0055666294,19.2373418322,12256,,,,,,,20.54489204385601,20.225447247883025,,20.591197360487847,"rgba(255, 26, 202, 1.0)",0.3978295676713205,20.591197360487847,-3.566232126466767,0,,,0.0,0.0,0.0,0.0,29.208820872176158,-15.360995112913926,False,True,False,True,False,0.0
2022-09-26 00:00:00+00:00,19.0704636862,19.2280708241,18.9313985645,18.9405768625,20258,,,,,,,20.518350517407367,20.17633091343356,,20.431749007270323,"rgba(255, 26, 202, 1.0)",0.41455566721597303,20.431749007270323,-3.2837214124035303,0,,,0.0,0.0,0.0,0.0,26.535213583962886,-17.787196516747784,False,True,False,True,False,0.0
2022-09-27 00:00:00+00:00,19.2372491221,19.2373418322,19.0148376375,19.0890057024,6020,,,,,,,20.511109399711934,20.163619689016425,,20.424872657737023,"rgba(255, 26, 202, 1.0)",0.4261488842234071,20.424872657737023,-2.786874680667744,0,,,0.0,0.0,0.0,0.0,27.653122318852752,-17.787196516747784,False,True,False,True,False,0.0
2022-09-28 00:00:00+00:00,19.3764069539,19.4505750188,19.1831991448,19.2744258646,14015,,,,,,,20.49668037786713,20.14015363098427,,20.416092602558397,"rgba(255, 26, 202, 1.0)",0.4392598582384257,20.416092602558397,-2.3669033925109266,0,,,0.0,0.0,0.0,0.0,30.54853067959939,-17.787196516747784,False,True,False,True,True,0.0
2022-09-29 00:00:00+00:00,19.1631737673,19.3300519133,19.1274803861,19.2095288079,10770,,,,,,,20.484616586498664,20.120235751226808,,20.403161999289605,"rgba(255, 26, 202, 1.0)",0.45688435054808435,20.403161999289605,-2.714008983897341,0,,,0.0,0.0,0.0,0.0,30.852556633603548,-17.787196516747784,False,True,False,True,True,0.0
2022-09-30 00:00:00+00:00,19.469117035,19.4969300593,19.0890057024,19.0890057024,50318,,,,,,,20.43718093224062,20.05054973915456,,20.361989951502533,"rgba(255, 0, 0, 1.0)",0.4666692417323358,20.361989951502533,-1.9132885492690173,0,,,0.0,0.0,0.0,0.0,35.04976648245094,-21.02164746135325,False,True,False,True,True,0.0
2022-10-03 00:00:00+00:00,19.469117035,19.6313596769,19.4505750188,19.6035466526,5657,,,,,,,20.432869820220187,20.045165905447746,,20.35917607434688,"rgba(255, 0, 0, 1.0)",0.47542085946904655,20.35917607434688,-1.8721497418958535,0,,,0.0,0.0,0.0,0.0,37.847906381682535,-18.401547174509645,False,True,False,True,True,0.0
2022-10-04 00:00:00+00:00,19.5710981242,19.6267241729,19.4042199782,19.4042199782,6666,,,,,,,20.427934648466167,20.039159340678655,,20.355993630922672,"rgba(255, 0, 0, 1.0)",0.4814339845498901,20.355993630922672,-1.6303284186647111,0,,,0.0,0.0,0.0,0.0,40.95519032217277,-15.503246249991022,False,False,False,True,True,0.0
2022-10-05 00:00:00+00:00,19.4783880431,19.5701710234,19.3508189715,19.4505750188,13236,,,,,,,20.417565744939292,20.026101301334347,,20.347894751705038,"rgba(255, 0, 0, 1.0)",0.48986960236699617,20.347894751705038,-1.7749758392920814,0,,,0.0,0.0,0.0,0.0,42.0549683602813,-14.460842460256167,False,False,False,True,True,0.0
2022-10-06 00:00:00+00:00,19.4413040107,19.5062010674,19.4227619944,19.4783880431,10073,,,,,,,20.40974434477119,20.016390444623507,,20.3415611967941,"rgba(255, 0, 0, 1.0)",0.4982381210673636,20.3415611967941,-1.8068813846790743,0,,,0.0,0.0,0.0,0.0,42.39763069471733,-14.005583803378812,False,False,False,True,True,0.0
2022-10-07 00:00:00+00:00,19.4876590512,19.6638082053,19.2836968727,19.469117035,32793,,,,,,,20.385699300453854,19.988088337604967,,20.322351095988456,"rgba(255, 0, 0, 1.0)",0.5058237245845069,20.322351095988456,-1.6501638895528004,0,,,0.0,0.0,0.0,0.0,43.29242807246375,-12.92929391380212,False,False,False,True,True,0.0
2022-10-10 00:00:00+00:00,19.6730792134,20.1922556677,19.5154720755,19.6081821567,31680,,,,,,,20.3712911666835,19.978682479017422,,20.2778309919689,"rgba(239, 83, 80, 1.0)",0.5101237698960767,20.2778309919689,-1.185500096755149,0,,,0.0,0.0,0.0,0.0,46.33927792380207,-9.837486139463579,True,False,False,False,True,0.0
2022-10-11 00:00:00+00:00,19.5896401404,19.6267241729,19.2280708241,19.6054008542,14472,,,,,,,20.361508532383024,19.96793521905246,,20.26251830611743,"rgba(239, 83, 80, 1.0)",0.515471951277447,20.26251830611743,-1.3053632967805437,0,,,0.0,0.0,0.0,0.0,47.28444663890053,-8.768283924560237,True,False,False,False,True,0.0
2022-10-12 00:00:00+00:00,19.469117035,19.5363318438,19.469117035,19.4969300593,8017,,,,,,,20.356242105282025,19.96229805370798,,20.256055994155897,"rgba(255, 0, 0, 1.0)",0.5229333749289979,20.256055994155897,-1.5048551056102413,0,,,0.0,0.0,0.0,0.0,46.44158672755189,-8.768283924560237,True,False,False,False,True,0.0
2022-10-13 00:00:00+00:00,19.2373418322,19.4505750188,19.0055666294,19.0101094234,30701,,,,,,,20.33075179033325,19.930604557045637,,20.219519989803775,"rgba(255, 0, 0, 1.0)",0.5350695747415394,20.219519989803775,-1.8356083095889146,0,,,0.0,0.0,0.0,0.0,43.49675113772741,-8.768283924560237,False,False,False,True,False,0.0
2022-10-14 00:00:00+00:00,19.1447244612,19.2373418322,19.135360743,19.135360743,11475,,,,,,,20.321025628492865,19.91851711022235,,20.207022868237093,"rgba(255, 0, 0, 1.0)",0.5490196667306811,20.207022868237093,-1.9349004624240522,0,,,0.0,0.0,0.0,0.0,40.71113367106818,-3.4267369737001303,False,False,False,True,False,0.0
2022-10-17 00:00:00+00:00,18.9870246132,19.4319402925,18.9684825969,19.218799816,5464,,,,,,,20.31627899601746,19.912569474547272,,20.200970124594335,"rgba(255, 26, 202, 1.0)",0.5658155496493387,20.200970124594335,-2.1454792328465913,0,,,0.0,0.0,0.0,0.0,37.5722831543521,-6.4398815593594705,False,True,False,True,False,0.0
2022-10-18 00:00:00+00:00,18.7645204185,19.2048933038,18.6903523536,19.0890057024,67857,,,,,,,20.248901455526152,19.824780408004887,,20.114482515387596,"rgba(255, 26, 202, 1.0)",0.5856335450746066,20.114482515387596,-2.3051310981778204,0,,,0.0,0.0,0.0,0.0,33.96526969716801,-9.825343534274602,False,True,False,True,False,0.0
2022-10-19 00:00:00+00:00,18.56055824,18.727436386,18.5512872319,18.6810813455,46876,,,,,,,20.197325448621378,19.757155529854415,,20.050856142465893,"rgba(255, 26, 202, 1.0)",0.6103414856632038,20.050856142465893,-2.4417443963300642,0,,,0.0,0.0,0.0,0.0,30.42191686182818,-13.092044736442602,False,True,False,True,False,0.0
2022-10-20 00:00:00+00:00,18.4122221102,18.8664087976,18.4122221102,18.6347263049,19592,,,,,,,20.17607674465273,19.729949412731163,,20.025890916102373,"rgba(255, 26, 202, 1.0)",0.6353488930613703,20.025890916102373,-2.5398152472211915,0,,,0.0,0.0,0.0,0.0,27.33871537751826,-15.906361307405405,False,True,False,True,False,0.0
2022-10-21 00:00:00+00:00,18.4029511021,18.5049321913,18.3751380778,18.4585771508,13670,,,,,,,20.160352641405076,19.70956162361985,,20.007118164643,"rgba(255, 26, 202, 1.0)",0.6629542675865926,20.007118164643,-2.4197250715087497,0,,,0.0,0.0,0.0,0.0,25.238560276715734,-17.832414607624337,False,True,False,True,False,0.0
2022-10-24 00:00:00+00:00,18.4400351346,18.6559569135,18.3658670697,18.5575915174,4169,,,,,,,20.1557763745199,19.703753564840742,,19.8936496171807,"rgba(255, 26, 202, 1.0)",0.6868459320408381,19.8936496171807,-2.11636178474778,0,,,0.0,0.0,0.0,0.0,24.5518886236708,-18.533432514611917,False,True,False,True,False,0.0
2022-10-25 00:00:00+00:00,18.56055824,18.643997313,18.4493061427,18.477119167,35067,,,,,,,20.11969168394396,19.659460437185295,,19.86082015056383,"rgba(255, 0, 0, 1.0)",0.7049283795104729,19.86082015056383,-1.844530520202318,0,,,0.0,0.0,0.0,0.0,26.35628352195728,-18.533432514611917,False,True,False,True,False,0.0
2022-10-26 00:00:00+00:00,18.5883712644,18.727436386,18.5142031995,18.5142031995,66647,,,,,,,20.057807737279802,19.588021208131117,,19.804955075950264,"rgba(255, 0, 0, 1.0)",0.7210321802135033,19.804955075950264,-1.6872808800156813,0,,,0.0,0.0,0.0,0.0,28.071246038846308,-18.533432514611917,False,True,False,True,True,0.0
2022-10-27 00:00:00+00:00,18.7181653779,18.7471836333,18.6532683211,18.727436386,6656,,,,,,,20.05229714817684,19.582066779659243,,19.800596329029847,"rgba(239, 83, 80, 1.0)",0.7326496201716269,19.800596329029847,-1.477419657811714,0,,,0.0,0.0,0.0,0.0,31.52518218172941,-25.2956678968781,False,True,False,True,True,0.0
2022-10-28 00:00:00+00:00,18.9114658971,18.9114658971,18.7247781784,18.8087876518,20004,,,,,,,20.037734142597667,19.567490592534217,,19.791588581571794,"rgba(239, 83, 80, 1.0)",0.7411050282627712,19.791588581571794,-1.1875815854803926,0,,,0.0,0.0,0.0,0.0,36.746225078025105,-20.349028688409202,False,False,False,True,True,0.0
2022-10-31 00:00:00+00:00,19.2195006328,19.4435258951,18.8741283533,18.8741283533,55359,,,,,,,20.009901310437733,19.547224775171934,,19.787249653495557,"rgba(239, 83, 80, 0.5)",0.7434984678033617,19.787249653495557,-0.7636182793664006,0,,,0.0,0.0,0.0,0.0,43.73953892981391,-13.931958725081564,True,False,False,True,True,0.0
2022-11-01 00:00:00+00:00,19.060816072,19.4621013231,19.0434541141,19.0981536157,30407,,,,,,,19.995538221025235,19.537239369144995,,19.782892158638703,"rgba(239, 83, 80, 0.5)",0.7472806647006576,19.782892158638703,-0.9662716041608639,0,,,0.0,0.0,0.0,0.0,46.44705500038522,-11.637141203631025,True,False,False,False,True,0.0
2022-11-02 00:00:00+00:00,19.1168223875,19.3688508077,18.9861409845,19.1634943172,24635,,,,,,,19.983824474091037,19.528852708684433,,19.777915788731285,"rgba(239, 83, 80, 0.5)",0.7498055390075727,19.777915788731285,-0.8816864731438149,0,,,0.0,0.0,0.0,0.0,48.860886231898064,-9.486497783744326,True,False,False,False,True,0.0
2022-11-03 00:00:00+00:00,19.2288350187,19.3408476499,18.8834627393,19.0888192298,21759,,,,,,,19.97367132660266,19.521628171040884,,19.773144130354975,"rgba(239, 83, 80, 0.5)",0.7503340353689419,19.773144130354975,-0.7254223932242877,0,,,0.0,0.0,0.0,0.0,51.65941688154036,-6.872075556989209,True,False,True,False,True,0.0
2022-11-04 00:00:00+00:00,19.0328129142,19.2848413343,18.9301346689,19.1634943172,16218,,,,,,,19.96564685543572,19.515458650662616,,19.76839652718701,"rgba(239, 83, 80, 0.5)",0.7519068744254425,19.76839652718701,-0.978290846920498,0,,,0.0,0.0,0.0,0.0,51.06017527425983,-6.872075556989209,True,False,True,False,True,0.0
2022-11-07 00:00:00+00:00,19.2195006328,19.2381694047,18.9768065986,19.1074880016,9577,,,,,,,19.961304957790574,19.512408349375725,,19.766176508041195,"rgba(239, 83, 80, 0.5)",0.7499101562642427,19.766176508041195,-0.7289884937210607,0,,,0.0,0.0,0.0,0.0,52.652460879844,-5.676076076390444,True,False,True,False,True,0.0
2022-11-08 00:00:00+00:00,19.191497475,19.322178878,18.9954753704,19.1821630891,14121,,,,,,,19.95517874848633,19.50829970122546,,19.763215103801276,"rgba(239, 83, 80, 0.5)",0.7486455297446282,19.763215103801276,-0.7636693282551182,0,,,0.0,0.0,0.0,0.0,53.355045505656214,-4.70085896694426,True,False,True,False,True,0.0
2022-11-09 00:00:00+00:00,19.2195006328,19.4808634389,19.0701504579,19.191497475,22208,,,,,,,19.946781248002022,19.50364599436467,,19.760278320727245,"rgba(239, 83, 80, 0.5)",0.7479307260227179,19.760278320727245,-0.7230317850463872,0,,,0.0,0.0,0.0,0.0,54.13668817620689,-3.5712499477325395,True,False,True,False,True,0.0
2022-11-10 00:00:00+00:00,19.7608950168,19.7608950168,19.2288350187,19.3128444921,50298,,,,,,,19.937150778568434,19.506860097701715,,19.76724161021675,#000000,0.7438566049684725,19.76724161021675,-0.008532011915145967,0,,,0.0,0.0,0.0,0.0,59.182405354692456,1.5097434892254995,True,False,True,False,True,0.0
2022-11-11 00:00:00+00:00,19.6955543153,19.9662515073,19.3595164218,19.7235574731,38455,,,,,,,19.931918165903586,19.511840623283135,,19.767268990059904,#000000,0.738613824915681,19.767268990059904,-0.09709359930825823,0,,,1.0,0.0,19.966251,250.0,61.643619911917035,4.003483731327989,True,False,True,False,True,0.0
2022-11-14 00:00:00+00:00,19.6395479997,19.7842309816,19.4901978248,19.6488823856,12891,,,,,,,19.929973566855587,19.51308998052855,,19.768158182209714,#000000,0.7245259353241944,19.768158182209714,-0.1775094254592371,0,,,0.0,0.0,0.0,0.0,62.4957413288888,5.019408316400359,True,False,True,False,True,0.0
2022-11-15 00:00:00+00:00,19.6862199294,19.7608950168,19.4745160564,19.6395479997,28765,,,,,,,19.925762919956224,19.515845674300394,,19.770585122457877,#000000,0.7100595730348387,19.770585122457877,-0.11881424638399732,0,,,0.0,0.0,0.0,0.0,63.44037212473552,6.206747996343282,True,False,True,False,True,0.0
2022-11-16 00:00:00+00:00,19.6302136138,19.8261423745,19.5088665967,19.6582167716,25389,,,,,,,19.92233116954144,19.518452897277264,,19.773113460075866,#000000,0.6985526219976879,19.773113460075866,-0.2045656143515843,0,,,0.0,0.0,0.0,0.0,63.1993612780277,6.315134752154179,True,False,True,False,True,0.0
2022-11-17 00:00:00+00:00,19.6488823856,19.7047953574,19.4901978248,19.6115448419,21467,,,,,,,19.91906772215285,19.519951902620555,,19.773950163605992,#000000,0.6815040924099908,19.773950163605992,-0.18351728096557238,0,,,0.0,0.0,0.0,0.0,63.21826312177927,6.766327180838722,True,False,True,False,True,0.0
2022-11-18 00:00:00+00:00,19.6395479997,19.6675511575,19.4808634389,19.5602057193,29431,,,,,,,19.914437355794803,19.521542723542492,,19.774420574749474,#000000,0.6645078097019164,19.774420574749474,-0.20296612482248363,0,,,0.0,0.0,0.0,0.0,63.06461200539995,7.079294042657359,True,False,True,False,True,0.0
2022-11-21 00:00:00+00:00,19.322178878,19.6208792278,19.3035101062,19.5275353685,33501,,,,,,,19.90642876431915,19.519076553549322,,19.768814225127883,"rgba(239, 83, 80, 0.5)",0.6518948799411024,19.768814225127883,-0.6851340006969177,0,,,0.0,0.0,0.0,0.0,58.198208081203774,7.079294042657359,True,False,True,False,False,0.0
2022-11-22 00:00:00+00:00,19.3781851936,19.5461107965,19.2848413343,19.2848413343,29294,,,,,,,19.899460961106506,19.516763507054588,,19.76418528025786,"rgba(239, 83, 80, 0.5)",0.6363417502919784,19.76418528025786,-0.606592426916428,0,,,0.0,0.0,0.0,0.0,55.68118592676252,11.56872117909981,True,False,True,False,False,0.0
2022-11-23 00:00:00+00:00,19.4435258951,19.5554451825,19.2848413343,19.322178878,22790,,,,,,,19.8944373670193,19.51540696451538,,19.761378250034614,"rgba(239, 83, 80, 0.5)",0.6216595417401226,19.761378250034614,-0.5112965113426823,0,,,0.0,0.0,0.0,0.0,54.85090225683835,10.635045394230026,True,False,True,False,False,0.0
2022-11-25 00:00:00+00:00,19.4061883514,19.4808634389,19.3501820358,19.3875195796,2746,,,,,,,19.89381937792588,19.51521778680551,,19.761012080292893,"rgba(239, 83, 80, 0.5)",0.6032052556173765,19.761012080292893,-0.5882304996327207,0,,,0.0,0.0,0.0,0.0,53.74110545398309,9.385260935750694,True,False,True,False,False,0.0
2022-11-28 00:00:00+00:00,19.4341915092,19.4829170038,19.3408476499,19.3781851936,21150,,,,,,,19.889179682569196,19.513880038925812,,19.758390861947152,"rgba(239, 83, 80, 0.5)",0.5877904911460367,19.758390861947152,-0.5515559670164915,0,,,0.0,0.0,0.0,0.0,53.408960032596156,8.826798553024638,True,False,False,False,False,0.0
2022-11-29 00:00:00+00:00,19.5555385263,19.6535495786,19.331513264,19.331513264,52308,,,,,,,19.880309930756273,19.513868491741814,,19.756229757268144,#000000,0.5692682406747466,19.756229757268144,-0.35254246878460394,0,,,0.0,0.0,0.0,0.0,54.87857755130729,8.826798553024638,True,False,True,False,False,0.0
2022-11-30 00:00:00+00:00,19.5555385263,19.7795637887,19.4435258951,19.5648729123,59805,,,,,,,19.872754289912635,19.51677033503511,,19.75710721242384,#000000,0.553197233065147,19.75710721242384,-0.36437038017524026,0,,,0.0,0.0,0.0,0.0,55.858322563781385,8.826798553024638,True,False,True,False,False,0.0
2022-12-01 00:00:00+00:00,19.6862199294,19.7702294027,19.5368697545,19.5835416841,16026,,,,,,,19.871297180175134,19.518209563439434,,19.758066288844034,#000000,0.5398234369879699,19.758066288844034,-0.13309233079043864,0,,,0.0,0.0,0.0,0.0,58.23708574132863,8.826798553024638,True,False,True,False,True,0.0
2022-12-02 00:00:00+00:00,19.6488823856,19.7702294027,19.462194667,19.5742072982,14719,,,,,,,19.869738412345313,19.51917566004101,,19.75849652311064,#000000,0.5276544270283652,19.75849652311064,-0.20773849681876605,0,,,0.0,0.0,0.0,0.0,59.04309236472992,4.201146980912952,True,False,True,False,True,0.0
2022-12-05 00:00:00+00:00,19.4715290529,19.7421329011,19.4715290529,19.6862199294,41462,,,,,,,19.864297910737683,19.520213238986607,,19.75765473934687,"rgba(239, 83, 80, 0.5)",0.5139995917259783,19.75765473934687,-0.5566652017875681,0,,,0.0,0.0,0.0,0.0,56.294700710823676,4.201146980912952,True,False,True,False,False,0.0
2022-12-06 00:00:00+00:00,19.602210456,19.6055708349,19.4155227374,19.4155227374,23701,,,,,,,19.861067208659012,19.5205003686396,,19.75679401445838,#000000,0.5023986037262526,19.75679401445838,-0.3076910590750898,0,,,0.0,0.0,0.0,0.0,56.37130770529108,4.201146980912952,True,False,True,False,False,0.0
2022-12-07 00:00:00+00:00,19.6955543153,19.7421329011,19.6036106139,19.6115448419,29704,,,,,,,19.85883223517985,19.52320897030784,,19.758362110796302,#000000,0.49295900818165356,19.758362110796302,-0.12740977333587272,0,,,0.0,0.0,0.0,0.0,57.63660092120598,4.201146980912952,True,False,True,False,False,0.0
2022-12-08 00:00:00+00:00,19.8169013324,19.877574841,19.6833262697,19.7235574731,23608,,,,,,,19.858187279427973,19.526786894200644,,19.76116226912649,#000000,0.4842934712275022,19.76116226912649,0.11509356740290626,0,,,0.0,0.0,0.0,0.0,59.90077104862754,5.2989706626050435,True,False,True,False,True,0.3603219555688959
2022-12-09 00:00:00+00:00,19.7235574731,19.8261423745,19.6208792278,19.7888981746,23975,,,,,,,19.856868618676106,19.529405191560425,,19.762811283896564,#000000,0.4748301434306125,19.762811283896564,-0.08266916357280289,0,,,0.0,0.0,0.0,0.0,59.62728269417433,5.2989706626050435,True,False,True,False,True,0.0
2022-12-12 00:00:00+00:00,19.5835416841,19.6649375294,19.5742072982,19.6488823856,17799,,,,,,,19.855069266631045,19.530169841026936,,19.762701622863123,#000000,0.45879346441126956,19.762701622863123,-0.3905023777813074,0,,,0.0,0.0,0.0,0.0,57.07234318447165,5.2989706626050435,True,False,True,False,False,0.0
2022-12-13 00:00:00+00:00,19.8169013324,19.8822420339,19.6722183505,19.6955543153,29086,,,,,,,19.854316059215144,19.534265673631072,,19.76564412226298,#000000,0.44748746868879535,19.76564412226298,0.11454445928332153,0,,,0.0,0.0,0.0,0.0,58.26596157551965,5.2989706626050435,True,False,True,False,False,0.4143196482106468
2022-12-14 00:00:00+00:00,19.9102451917,19.9195795776,19.732891859,19.7608950168,15864,,,,,,,19.854315571599763,19.536988534301052,,19.773165017714867,#000000,0.43732847460447544,19.773165017714867,0.31344900216961596,0,,,0.0,0.0,0.0,0.0,60.02876533282523,5.5475168791904395,True,False,True,False,True,1.5889851749577417
2022-12-15 00:00:00+00:00,19.8822420339,19.8822420339,19.742226245,19.7702294027,9686,,,,,,,19.85424354197817,19.538531854186665,,19.773802398812272,#000000,0.42990342507337703,19.773802398812272,0.25224184959498347,0,,,0.0,0.0,0.0,0.0,60.70074332997247,6.281964664367742,True,False,True,False,True,1.2215070611236172
2022-12-16 00:00:00+00:00,19.8075669465,19.8822420339,19.6769788873,19.7608950168,19122,,,,,,,19.853751808681093,19.541061166634215,,19.773830407554776,#000000,0.4265281264045606,19.773830407554776,0.07909569582106472,0,,,0.0,0.0,0.0,0.0,59.80153768239578,6.281964664367742,True,False,True,False,True,0.23918945492098231
2022-12-19 00:00:00+00:00,19.7702294027,19.7702294027,19.5555385263,19.6768855434,12130,,,,,,,19.853014664157456,19.542064615099587,,19.77256662420804,#000000,0.4236912103210466,19.77256662420804,-0.005516332298393157,0,,,0.0,0.0,0.0,0.0,58.533336309516585,6.281964664367742,True,False,True,False,True,0.0
2022-12-20 00:00:00+00:00,19.59287607,19.7282246661,19.4808634389,19.6302136138,10491,,,,,,,19.851981487030777,19.542385479573785,,19.770440139121632,#000000,0.4189537231934964,19.770440139121632,-0.42382740453561757,0,,,0.0,0.0,0.0,0.0,54.830913538705296,9.21706656595805,True,False,True,False,False,0.0
2022-12-21 00:00:00+00:00,19.7235574731,19.7702294027,19.5182009826,19.602210456,8315,,,,,,,19.851395030566408,19.542939863932357,,19.76991549066862,#000000,0.41702930356241064,19.76991549066862,-0.11116249427225326,0,,,0.0,0.0,0.0,0.0,54.29677092434274,8.70033517858512,True,False,True,False,False,0.0
2022-12-22 00:00:00+00:00,19.5462041404,19.7235574731,19.3595164218,19.7048887012,16610,,,,,,,19.84941587449341,19.542941171910275,,19.76666321729995,"rgba(239, 83, 80, 0.5)",0.4124121581301781,19.76666321729995,-0.5345600815928454,0,,,0.0,0.0,0.0,0.0,51.430856389830836,5.963016755851939,False,False,False,False,False,0.0
2022-12-23 00:00:00+00:00,19.4061883514,19.5368697545,19.2380760608,19.462194667,18525,19.3937113889,,,,,,19.846176383516394,19.54153008489891,,19.739302629464856,"rgba(239, 83, 80, 0.5)",0.4083947928688423,19.739302629464856,-0.8156673000770505,0,,,0.0,0.0,0.0,0.0,47.853703087013734,2.647369073504237,False,False,False,True,False,0.0
2022-12-27 00:00:00+00:00,19.3781851936,19.4388587022,19.3035101062,19.331513264,12354,19.385632464121525,,,,,,19.843946222502616,19.54047725511127,,19.735526859520135,"rgba(239, 83, 80, 0.5)",0.40155765795101855,19.735526859520135,-0.8898888088537537,0,,,0.0,0.0,0.0,0.0,45.15008066555731,0.21749225731485922,False,True,False,True,False,0.0
2022-12-28 00:00:00+00:00,19.462194667,19.5275353685,19.2755069484,19.4155227374,15916,19.397915350034392,,,,,,19.841395272111345,19.53952639151559,,19.733161948289904,"rgba(239, 83, 80, 0.5)",0.3931214492569409,19.733161948289904,-0.689271170021567,0,,,0.0,0.0,0.0,0.0,44.793386451103295,-0.06013775760358442,False,True,False,True,False,0.0
2022-12-29 00:00:00+00:00,19.6955543153,19.8355701043,19.322178878,19.3688508077,16385,19.45493152340273,,,,,,19.84001289044796,19.540166177977483,,19.736389501214795,#000000,0.3897808463448284,19.736389501214795,-0.10476447546801315,1,0.10029248844462055,0.10029248844462055,0.0,0.0,0.0,0.0,47.916042236835565,-0.06013775760358442,False,False,False,True,True,0.0
2022-12-30 00:00:00+00:00,20.414302032,20.7130023818,19.5089599405,19.5462041404,298170,20.079703577756916,,,,,,19.877635961592276,19.62720014275777,,19.861768110002753,"rgba(38, 166, 154, 1.0)",0.4007820410726983,19.861768110002753,1.3786394233593426,1,0.10163048636915155,0.10163048636915155,0.0,0.0,0.0,0.0,55.79163994569333,-0.15512690835262077,True,False,True,False,True,7.617016967323764
2023-01-03 00:00:00+00:00,20.3769644883,20.6271260312,20.3116237868,20.4236364179,28157,20.105645710423584,,,,,,19.88294152536782,19.637004791013986,,19.872250528695844,"rgba(38, 166, 154, 1.0)",0.4115908015903256,19.872250528695844,1.2262517958467904,2,0.5653131444000218,1.1306262888000436,0.0,0.0,0.0,0.0,60.53626953990391,3.9231092197705237,True,False,True,False,True,7.133839439565261
2023-01-04 00:00:00+00:00,20.4703083476,20.5319152947,20.3116237868,20.3769644883,5604,20.110358888331422,,,,,,19.883984353025898,19.638926480540476,,19.874260439885482,"rgba(38, 166, 154, 1.0)",0.42139420025673885,19.874260439885482,1.4144663295113433,2,0.5714066367544888,1.1428132735089775,0.0,0.0,0.0,0.0,64.24997588565734,7.0482656941541535,True,False,True,False,True,8.131477202509725
2023-01-05 00:00:00+00:00,20.2929550149,20.4305438635,20.2556174712,20.3489613305,30303,20.125745896878872,,,,,,19.888433881193116,19.647731057839373,,19.882607180983822,"rgba(38, 166, 154, 0.5)",0.42899391964767397,19.882607180983822,0.9565353146571147,2,0.5822199911670272,1.1644399823340543,0.0,0.0,0.0,0.0,64.25812284140292,7.0482656941541535,True,False,True,False,True,5.827870868988743
2023-01-06 00:00:00+00:00,20.4330641477,20.5891350805,20.283620629,20.283620629,6892,20.13068050977803,,,,,,19.88968194837547,19.65001844887322,,19.884913189813886,"rgba(38, 166, 154, 1.0)",0.4438557757177874,19.884913189813886,1.234975385866423,2,0.588233561584458,1.176467123168916,0.0,0.0,0.0,0.0,65.24433986232548,7.811581430880757,True,False,True,False,True,7.339274400127117
2023-01-09 00:00:00+00:00,20.3862988742,20.5356490491,20.3323461235,20.5263146632,6148,20.134710676741484,,,,,,19.890755590305776,19.652003344140493,,19.886879593133013,"rgba(38, 166, 154, 1.0)",0.456980462809771,19.886879593133013,1.092867905109727,2,0.5924334589838708,1.1848669179677416,0.0,0.0,0.0,0.0,65.2441838883806,8.00280738509796,True,False,True,False,True,6.731045153296513
2023-01-10 00:00:00+00:00,20.4609739617,20.5636522069,20.2929550149,20.3862988742,9860,20.141407328828564,,,,,,19.892536907568743,19.655252406130096,,19.89011604463359,"rgba(38, 166, 154, 1.0)",0.47165187753341714,19.89011604463359,1.2103374210059468,3,0.429175186710778,1.2875255601323339,0.0,0.0,0.0,0.0,65.81208316887162,8.857435189640682,True,False,True,False,True,7.542965998668009
2023-01-11 00:00:00+00:00,20.6383272944,20.7036679959,20.4049676461,20.4236364179,9274,20.15034338744425,,,,,,19.894637744012886,19.658837475271312,,19.89391843006151,"rgba(0, 255, 255, 0.75)",0.4895858772977398,19.89391843006151,1.5204868009004666,2,0.5918506325878089,1.1837012651756178,0.0,0.0,0.0,0.0,67.44161370157154,10.743473207963483,True,False,True,False,True,9.432761743490445
2023-01-12 00:00:00+00:00,20.69433361,20.7876774693,20.4376379968,20.6569960662,7296,20.158026338886504,,,,,,19.896419124542774,19.661813066914995,,19.897118831150664,"rgba(0, 255, 255, 0.75)",0.506831530177031,19.897118831150664,1.5729384053333828,2,0.5866839799259258,1.1733679598518516,0.0,0.0,0.0,0.0,68.89854762928698,12.44318563154097,True,False,True,False,True,10.019363233130623
2023-01-13 00:00:00+00:00,20.4049676461,20.8469508199,20.4049676461,20.6663304522,22208,20.17600225854545,,,,,,19.901156693915528,19.669959039493964,,19.941388889473245,"rgba(38, 166, 154, 0.5)",0.5164430125017352,19.941388889473245,0.8976377749426871,2,0.5859162140569848,1.1718324281139696,0.0,0.0,0.0,0.0,65.62345720552361,12.44318563154097,True,False,True,False,False,6.189860084211112
2023-01-17 00:00:00+00:00,20.5449834351,20.6873328205,20.2649518571,20.5729865928,10790,20.18300413839309,,,,,,19.90324780196848,19.67362786008156,,19.943822339781732,"rgba(38, 166, 154, 1.0)",0.5295965166477556,19.943822339781732,1.1351303802440065,2,0.5824108444797488,1.1648216889594976,0.0,0.0,0.0,0.0,64.61703144803761,12.44318563154097,True,False,True,False,False,7.6868807262247
2023-01-18 00:00:00+00:00,20.5449834351,20.6590496311,20.4684414704,20.6476616803,18282,20.196268097460244,,,,,,19.907101699614604,19.68020515487299,,19.95047604215552,"rgba(38, 166, 154, 1.0)",0.5404863594165784,19.95047604215552,1.0999489304155916,2,0.5788342714923758,1.1576685429847515,0.0,0.0,0.0,0.0,63.94608094304695,12.44318563154097,True,False,True,False,False,7.6868807262247
2023-01-19 00:00:00+00:00,20.4423051898,20.684999224,20.4170090039,20.4423051898,11178,20.20301936514031,,,,,,19.909282455492043,19.68398515309546,,19.953644664540125,"rgba(38, 166, 154, 0.5)",0.5500843525584319,19.953644664540125,0.8883374394983665,2,0.5805433330357601,1.1610866660715202,0.0,0.0,0.0,0.0,62.01485513346596,17.87373535027234,True,False,True,False,False,6.335723290059786
2023-01-20 00:00:00+00:00,20.3582957164,20.5635588631,20.3022894008,20.414302032,11518,20.20740180165569,,,,,,19.911120034652818,19.68734870380026,,19.95535977040228,"rgba(38, 166, 154, 0.5)",0.5575380534094321,19.95535977040228,0.7227057301895469,2,0.5813090794856302,1.1626181589712603,0.0,0.0,0.0,0.0,59.561427083235046,15.352445897948243,True,False,True,False,False,5.241037126965779
2023-01-23 00:00:00+00:00,20.5263146632,20.6793985925,20.3209581727,20.3769644883,17271,20.216764723156025,,,,,,19.914404251497864,19.693031696793856,,19.96034775214486,"rgba(38, 166, 154, 0.5)",0.5682301711981593,19.96034775214486,0.9960170011067081,2,0.5789120809904138,1.1578241619808276,0.0,0.0,0.0,0.0,59.6922275640509,15.286158811414225,True,False,True,False,False,7.105888918568862
2023-01-24 00:00:00+00:00,20.2182799275,20.4889771195,20.2182799275,20.4889771195,4949,20.21757398187261,,,,,,19.91502373465282,19.694249288893598,,19.960670018463226,#000000,0.5726920526173185,19.960670018463226,0.44982274131349304,2,0.5795429649524261,1.1590859299048522,0.0,0.0,0.0,0.0,55.9678338869954,11.579877928804734,False,False,True,False,False,3.195315858172016
2023-01-25 00:00:00+00:00,20.6009897506,20.6289929084,20.2462830852,20.2462830852,17556,20.225902842001094,,,,,,19.918223602263847,19.699809277008693,,19.965411153133118,"rgba(38, 166, 154, 1.0)",0.5839303663338153,19.965411153133118,1.0884492982568077,2,0.5714067057284481,1.1428134114568962,0.0,0.0,0.0,0.0,57.033047593563914,11.579877928804734,False,False,True,False,False,7.28415690644205
2023-01-26 00:00:00+00:00,20.7223367678,20.7270039607,20.5823209788,20.5823209788,12036,20.23509924908212,,,,,,19.92109806156717,19.704456809469427,,19.970726978955216,"rgba(38, 166, 154, 1.0)",0.5975609891052026,19.970726978955216,1.2577959447624882,2,0.5608530977288173,1.1217061954576346,0.0,0.0,0.0,0.0,58.658807262820545,11.579877928804734,False,False,True,False,True,8.5091752502994
2023-01-27 00:00:00+00:00,20.5916553647,20.825015013,20.5076458913,20.7223367678,7536,20.240218161779115,,,,,,19.92280211884816,19.707238084683745,,19.973682888689567,"rgba(38, 166, 154, 1.0)",0.607769398310648,19.973682888689567,1.016787745036432,2,0.5535768226079719,1.1071536452159438,0.0,0.0,0.0,0.0,58.21961337832606,11.579877928804734,False,False,True,False,True,6.881393648644945
2023-01-30 00:00:00+00:00,20.5435832772,20.646911771,20.3933812211,20.4684352816,6794,20.24344940663464,,,,,,19.924089993088902,19.709428528495582,,19.97559638686901,"rgba(38, 166, 154, 0.5)",0.6165587698463895,19.97559638686901,0.9212210061864793,2,0.546786609499177,1.093573218998354,0.0,0.0,0.0,0.0,57.37256755417467,11.579877928804734,False,False,True,False,True,6.286643921870937
2023-01-31 00:00:00+00:00,20.3087457911,20.646911771,20.2711717934,20.646911771,57397,20.25778946841,,,,,,19.93265328246874,19.724853118811748,,19.98588610550293,"rgba(38, 166, 154, 0.5)",0.620735752484449,19.98588610550293,0.5201241982676976,1,0.9881428242150154,0.9881428242150154,0.0,0.0,0.0,0.0,54.30578339759878,9.44804325123718,False,True,True,False,False,3.446306780875851
2023-02-01 00:00:00+00:00,20.5717637755,20.6187312727,20.2899587923,20.3557132883,17533,20.26386719821072,,,,,,19.93566277295383,19.729995764435927,,19.990150438735114,"rgba(38, 166, 154, 0.5)",0.6273494233565775,19.990150438735114,0.9270963120568672,1,0.976134725915275,0.976134725915275,0.0,0.0,0.0,0.0,54.72194458735275,9.44804325123718,False,True,True,False,False,6.194004353731128
2023-02-02 00:00:00+00:00,20.7032727677,20.8033135367,20.5060092794,20.5717637755,9095,20.269239479379905,,,,,,19.937703603202987,19.733249929383653,,19.993484873653212,"rgba(38, 166, 154, 1.0)",0.6349919914537886,19.993484873653212,1.117790308538784,1,0.9622435390314722,0.9622435390314722,0.0,0.0,0.0,0.0,56.07567885090424,9.44804325123718,False,True,True,False,False,7.516154049726275
2023-02-03 00:00:00+00:00,20.4778287811,20.646911771,20.32753279,20.5060092794,10231,20.272383021640614,,,,,,19.939404437822567,19.73615989092695,,19.99581366785395,"rgba(38, 166, 154, 0.5)",0.6355352899563965,19.99581366785395,0.7584395719065736,1,0.9556331432712637,0.9556331432712637,0.0,0.0,0.0,0.0,54.61730071707917,9.438442388879224,False,True,True,False,False,4.832711173968665
2023-02-06 00:00:00+00:00,20.2429912951,20.4308612839,20.1114823029,20.3557132883,14433,20.272168561833055,,,,,,19.94081391060132,19.739018009721107,,19.996857747929436,#000000,0.6282207398571111,19.996857747929436,0.39179468545808965,1,0.9519240393156959,0.9519240393156959,0.0,0.0,0.0,0.0,51.55444843951827,6.433517854496884,False,True,False,False,False,2.1653703454503948
2023-02-07 00:00:00+00:00,20.0645148057,20.2070141922,19.9633468167,20.1114823029,14220,20.268381113109157,,,,,,19.941403577009126,19.740825944311712,,19.996200173444834,#000000,0.613740480150642,19.996200173444834,0.11130866296842384,1,0.9514173433738093,0.9514173433738093,0.0,0.0,0.0,0.0,48.11822910411918,3.1883480238389765,False,True,False,True,False,0.21643296826627179
2023-02-08 00:00:00+00:00,19.9987603096,20.0645148057,19.9048253152,19.9048253152,7325,20.265601352911,,,,,,19.941509315009114,19.741506318088778,,19.995481418222226,#000000,0.5934917598808481,19.995481418222226,0.00552474625499994,1,0.9509375461749933,0.9509375461749933,0.0,0.0,0.0,0.0,45.33283578111468,0.6269074416073508,False,True,False,True,False,0.0
2023-02-09 00:00:00+00:00,19.9611863118,20.2899587923,19.9330058135,19.9987603096,9935,20.26287861814848,,,,,,19.941866680339253,19.742689588374272,,19.995035818529637,#000000,0.5712742621836214,19.995035818529637,-0.05925263742891636,1,0.952696573733447,0.952696573733447,0.0,0.0,0.0,0.0,43.18283786225578,-1.3354587934902824,False,True,False,True,False,0.0
2023-02-10 00:00:00+00:00,19.8014968213,20.059818056,19.773316323,20.059818056,11821,20.256871734316746,,,,,,19.941641683669076,19.743283450401602,,19.99319204596712,#000000,0.548426885886137,19.99319204596712,-0.34953651908838185,1,0.9535745101300289,0.9535745101300289,0.0,0.0,0.0,0.0,40.53522622817316,-3.7844058816832984,False,True,False,True,False,0.0
2023-02-13 00:00:00+00:00,19.9611863118,19.9987603096,19.7827098225,19.8484643185,18018,20.24890548832398,,,,,,19.941494734678276,19.744417606165605,,19.990999882084086,#000000,0.528261782126432,19.990999882084086,-0.056437113743261325,1,0.9523918568939214,0.9523918568939214,0.0,0.0,0.0,0.0,40.78695046505122,-3.7844058816832984,False,True,False,True,False,0.0
2023-02-14 00:00:00+00:00,19.9799733107,20.1114823029,19.857857818,19.9423993129,18566,20.24268697671006,,,,,,19.94172322568067,19.74603837844045,,19.989730970472113,#000000,0.5076072291616943,19.989730970472113,-0.019222854229691697,1,0.9512051197236172,0.9512051197236172,0.0,0.0,0.0,0.0,41.188552992695236,-3.7844058816832984,False,True,False,True,False,0.0
2023-02-15 00:00:00+00:00,19.9893668102,20.177236799,19.8860383163,19.9236123141,9376,20.240058040572983,,,,,,19.941932915717512,19.746966254787242,,19.989341813817123,#000000,0.489797839983,19.989341813817123,5.103408148414802e-05,1,0.9512570542642728,0.9512570542642728,0.0,0.0,0.0,0.0,41.58250513624249,-3.7844058816832984,False,True,False,True,False,0.0
2023-02-16 00:00:00+00:00,19.8835020715,20.0823624546,19.8835020715,19.9611863118,8976,20.236849066240083,,,,,,19.941953659422122,19.747627662181145,,19.988637459577422,#000000,0.476523644507691,19.988637459577422,-0.22062995045301395,1,0.9545113023805848,0.9545113023805848,0.0,0.0,0.0,0.0,40.78780273707666,-4.087995697292662,False,True,False,True,False,0.0
2023-02-17 00:00:00+00:00,19.9048253152,19.9893668102,19.857951753,19.9330058135,8465,20.233552725703085,,,,,,19.94189262166372,19.748148116122074,,19.9878432405902,#000000,0.4699752233310844,19.9878432405902,-0.1766431957876093,2,0.5710615701954352,1.1421231403908705,0.0,0.0,0.0,0.0,40.58868724566313,-4.570081266837285,False,True,False,True,False,0.0
2023-02-21 00:00:00+00:00,19.6980743925,19.9454991678,19.6605943297,19.773316323,11820,20.226941231132333,,,,,,19.94129175276812,19.748232979977907,,19.97430712639948,"rgba(239, 83, 80, 0.5)",0.460233098251361,19.97430712639948,-0.6002017998032223,2,0.5729499258331485,1.145899851666297,0.0,0.0,0.0,0.0,38.470151503402924,-6.843058015041834,False,True,False,True,False,0.0
2023-02-22 00:00:00+00:00,19.8296773197,19.8766448169,19.688774828,19.7545293241,8321,20.22269847906031,,,,,,19.94094481430236,19.748382974723825,,19.973765031772313,#000000,0.45090035424281266,19.973765031772313,-0.3195555530540143,2,0.5737765961602562,1.1475531923205124,0.0,0.0,0.0,0.0,39.119106917290495,-6.843058015041834,False,True,False,True,False,0.0
2023-02-23 00:00:00+00:00,19.9142188146,19.9893668102,19.8296773197,19.8296773197,12381,20.218175104870273,,,,,,19.940837364912614,19.749104092660573,,19.975402494708487,#000000,0.44360257885494486,19.975402494708487,-0.1379245365669786,2,0.5760958555262087,1.1521917110524174,0.0,0.0,0.0,0.0,40.78916536364294,-6.843058015041834,False,True,False,True,True,0.0
2023-02-24 00:00:00+00:00,19.773316323,19.9705798113,19.7639228236,19.7827098225,9221,20.2140868947676,,,,,,19.9405569628417,19.749389782627595,,19.974406210975953,#000000,0.43147259314926434,19.974406210975953,-0.46605483446404755,2,0.5766219795947558,1.1532439591895116,0.0,0.0,0.0,0.0,40.394573098584786,-6.843058015041834,False,True,False,True,True,0.0
2023-02-27 00:00:00+00:00,19.9611863118,19.9893668102,19.8050663511,19.8672513174,9689,20.21080234160026,,,,,,19.940495294980742,19.749972518374065,,19.974608134890925,#000000,0.42319385169629675,19.974608134890925,-0.03171554368554089,2,0.5766814718221589,1.1533629436443178,0.0,0.0,0.0,0.0,42.76276163970948,-6.843058015041834,False,True,False,True,True,0.0
2023-02-28 00:00:00+00:00,20.4872222805,20.4872222805,19.6981683275,19.9611863118,56621,20.211619655767702,,,,,,19.945064269185977,19.759331577476285,,20.001876111752555,"rgba(38, 166, 154, 1.0)",0.4183023063582951,20.001876111752555,1.160276100251102,2,0.571816441116839,1.143632882233678,0.0,0.0,0.0,0.0,49.3644953807046,-5.230129150221231,False,True,False,False,True,5.092543939863496
2023-03-01 00:00:00+00:00,19.8860383163,20.32753279,19.8860383163,20.32753279,10061,20.209706991763685,,,,,,19.945315767853558,19.76028862122968,,20.000343899120246,#000000,0.4092199049228367,20.000343899120246,-0.2793255690770974,3,0.6629771874427536,1.9889315623282608,0.0,0.0,0.0,0.0,48.2356427148044,-5.230129150221231,False,True,False,False,True,0.0
2023-03-02 00:00:00+00:00,19.7827098225,20.0786050548,19.7357423252,19.9236123141,12887,20.205047090664195,,,,,,19.94502578564085,19.760758282401536,,19.995763615384455,"rgba(239, 83, 80, 0.5)",0.4090738079658139,19.995763615384455,-0.5208199320897616,4,0.5476864171676862,2.1907456686707447,0.0,0.0,0.0,0.0,46.75145444119593,-5.230129150221231,False,True,False,True,False,0.0
2023-03-03 00:00:00+00:00,20.0551213062,20.0835836095,19.7263488258,19.9236123141,7214,20.203165497268706,,,,,,19.945046113532726,19.761241653658395,,19.994533528353156,#000000,0.4078631150273286,19.994533528353156,0.1485492941493006,4,0.5474241360183298,2.1896965440733194,0.0,0.0,0.0,0.0,48.04071930516142,-5.230129150221231,False,True,False,False,False,0.4276106527780925
2023-03-06 00:00:00+00:00,20.0551213062,20.177236799,19.9423993129,19.9423993129,5145,20.202391878393946,,,,,,19.945210128974935,19.761767803863098,,19.994463333488735,#000000,0.4060007882466619,19.994463333488735,0.14940358360687,5,0.4584234061806165,2.2921170309030825,0.0,0.0,0.0,0.0,48.90022921447175,-5.230129150221231,False,True,False,False,False,0.4276106527780925
2023-03-07 00:00:00+00:00,20.0457278068,20.177236799,19.9987603096,19.9987603096,20842,20.19967212597402,,,,,,19.945961057971672,19.76399181100366,,19.994722579470032,#000000,0.40454460985622537,19.994722579470032,0.12608060047591182,5,0.4580094015010937,2.2900470075054686,0.0,0.0,0.0,0.0,49.3880573723098,-5.230129150221231,False,True,False,False,False,0.330271301231857
2023-03-08 00:00:00+00:00,19.9330058135,20.1208758023,19.7357423252,20.0833018046,6383,20.197934330272915,,,,,,19.94593236366564,19.764352993190858,,19.993756633954753,#000000,0.4024123659087824,19.993756633954753,-0.15096658453215717,5,0.45837483698859216,2.291874184942961,0.0,0.0,0.0,0.0,48.66448394046091,-5.230129150221231,False,True,False,False,False,0.0
2023-03-09 00:00:00+00:00,19.6793813286,20.008153809,19.6793813286,20.008153809,16970,20.19104896703236,,,,,,19.945191516843618,19.76449468618674,,19.9889362985255,"rgba(239, 83, 80, 0.5)",0.4020742875430388,19.9889362985255,-0.7698949659703404,6,0.4012349220501232,2.407409532300739,0.0,0.0,0.0,0.0,46.07440071906307,-5.230129150221231,False,True,False,True,False,0.0
2023-03-10 00:00:00+00:00,19.7827098225,19.9611863118,19.6793813286,19.7075618269,17898,20.184361685444006,,,,,,19.944510756980634,19.764755722477524,,19.984921624098256,"rgba(239, 83, 80, 0.5)",0.4007049113007644,19.984921624098256,-0.5046401875680494,6,0.40365022561647784,2.421901353698867,0.0,0.0,0.0,0.0,45.463121812063314,-5.230129150221231,False,True,False,True,False,0.0
2023-03-13 00:00:00+00:00,20.0457278068,20.177236799,19.6512008303,19.6512008303,3050,20.183690835380215,,,,,,19.94452218032385,19.764954262979085,,19.96045756318349,#000000,0.3928918922852217,19.96045756318349,0.21703233202533806,6,0.40715111075593646,2.4429066645356188,0.0,0.0,0.0,0.0,47.59885069202207,-5.230129150221231,False,True,False,False,False,0.4460042396614661
2023-03-14 00:00:00+00:00,19.8954318157,20.0269408079,19.6793813286,19.9330058135,22355,20.17696170463556,,,,,,19.94404744887249,19.765718625340444,,19.95357104961692,#000000,0.38620827809748315,19.95357104961692,-0.1505385493115802,8,0.34224968206686,2.73799745653488,0.0,0.0,0.0,0.0,47.65333332939079,-5.230129150221231,False,True,False,False,False,0.0
2023-03-15 00:00:00+00:00,19.9705798113,20.0061811742,19.8155870705,19.8155870705,10610,20.17450191056195,,,,,,19.94400888257495,19.766301925343186,,19.953715875139757,#000000,0.38046331696786456,19.953715875139757,0.0443247362048994,9,0.32395844760135284,2.9156260284121753,0.0,0.0,0.0,0.0,48.41646566362481,-5.230129150221231,False,True,False,False,True,0.0
2023-03-16 00:00:00+00:00,20.2335977956,20.2335977956,20.0128505588,20.0128505588,9543,20.17437287900211,,,,,,19.94457227445357,19.76754934068651,,19.957852450736446,"rgba(38, 166, 154, 0.5)",0.37437851264963073,19.957852450736446,0.7365415897188969,9,0.33447692603750334,3.01029233433753,0.0,0.0,0.0,0.0,51.23539420813238,-3.1363522789358527,False,False,False,False,True,2.3476806326238524
2023-03-17 00:00:00+00:00,20.2054172973,20.5060092794,19.99180912,20.1302693018,18789,20.175407625276268,,,,,,19.94605307222814,19.770443602864393,,19.96562836356557,"rgba(38, 166, 154, 0.5)",0.36831249672120125,19.96562836356557,0.6510475095715763,10,0.32232640098315957,3.2232640098315954,0.0,0.0,0.0,0.0,52.81030277712773,-1.573304605652126,False,False,True,False,True,2.051154221267769
2023-03-20 00:00:00+00:00,20.2054172973,20.3583434682,20.0363343074,20.2148107967,6453,20.175552520799435,,,,,,19.946497940849202,19.77135631821892,,19.96738317289068,"rgba(38, 166, 154, 0.5)",0.3643584228973721,19.96738317289068,0.6532966152297894,10,0.3349286029852903,3.349286029852903,0.0,0.0,0.0,0.0,53.860241823124625,-0.49733034154417055,False,False,True,False,True,2.051154221267769
2023-03-21 00:00:00+00:00,20.0833018046,20.3369262895,20.0551213062,20.0833018046,9256,20.17540937720914,,,,,,19.94702912334636,19.772532404441463,,19.969095904796063,#000000,0.3597519813235429,19.969095904796063,0.3174573198562236,10,0.34749311205373734,3.4749311205373736,0.0,0.0,0.0,0.0,53.11180682469388,-0.49733034154417055,False,False,True,False,True,0.7410158738316461
2023-03-22 00:00:00+00:00,20.1208758023,20.2837590826,20.0269408079,20.0269408079,8006,20.175182611795464,,,,,,19.94745486723646,19.77350566984729,,19.970282019167065,#000000,0.3571936267581835,19.970282019167065,0.42160265987859813,10,0.3612030023420508,3.612030023420508,0.0,0.0,0.0,0.0,53.02586210793701,-0.49733034154417055,False,False,True,False,True,1.1353507709831412
2023-03-23 00:00:00+00:00,20.3134425409,20.5435832772,20.1351539215,20.530244508,12283,20.176879079410476,,,,,,19.94872256335469,19.775737438088246,,19.969773942762767,"rgba(38, 166, 154, 0.5)",0.3550286414004645,19.969773942762767,0.9680024596933315,10,0.3726913858500026,3.7269138585000263,1.0,0.0,20.543583,331.0,54.95109098399348,0.9038338130278945,True,False,True,False,True,3.131185093408078
2023-03-24 00:00:00+00:00,20.3651067878,20.4590417822,20.1584498001,20.2335977956,4714,20.17750705575851,,,,,,19.94920280993058,19.77658431014536,,19.971319209451625,"rgba(38, 166, 154, 1.0)",0.34957602154152323,19.971319209451625,1.1264719376686383,10,0.38085359056495677,3.808535905649568,0.0,0.0,0.0,0.0,56.727501917505165,2.692210618750522,True,False,True,False,True,3.658913315119346
2023-03-27 00:00:00+00:00,20.177236799,20.2335977956,20.0833018046,20.1678432995,4693,20.17745417914884,,,,,,19.949474467512804,19.777176433862433,,19.970149209394584,"rgba(38, 166, 154, 0.5)",0.34515868204352507,19.970149209394584,0.5999779242965723,10,0.38552674589254615,3.8552674589254616,0.0,0.0,0.0,0.0,55.389046962686294,2.692210618750522,True,False,True,False,True,1.5725769406124286
2023-03-28 00:00:00+00:00,20.092695304,20.2216680513,19.9705798113,20.1114823029,12022,20.17659022427518,,,,,,19.949942810986027,19.778413605933544,,19.96716567174672,#000000,0.3420419192509297,19.96716567174672,0.36700072473043255,10,0.3938793201798553,3.9387932017985525,0.0,0.0,0.0,0.0,53.46866551134586,2.692210618750522,False,False,True,False,False,0.6511972577841192
2023-03-29 00:00:00+00:00,20.0739083051,20.327626725,19.9987603096,20.2148107967,14916,20.17603647681592,,,,,,19.950672665856292,19.780120095158566,,19.967101306577128,#000000,0.3404886238718514,19.967101306577128,0.31368742164810914,10,0.4019272919317312,4.019272919317312,0.0,0.0,0.0,0.0,51.955143819747484,6.0659062190311275,False,False,False,False,False,0.4453433013309791
2023-03-30 00:00:00+00:00,20.0739083051,20.1996872626,19.9237062491,20.0175473085,14290,20.174697496428838,,,,,,19.9511095935269,19.781429480290633,,19.965850428257138,#000000,0.33764923747577175,19.965850428257138,0.320029974451275,10,0.40842542352721783,4.084254235272178,0.0,0.0,0.0,0.0,50.946129358681894,5.056165290242383,False,False,False,False,False,0.4453433013309791
2023-03-31 00:00:00+00:00,19.8766448169,20.4590417822,19.8484643185,20.2148107967,103405,20.165545070494183,20.061383639199995,,,,,19.95405786795436,19.79041745565531,,19.95232290053939,#000000,0.33320600951589524,19.95232290053939,-0.22712100465816634,11,0.3910528179301293,4.301580997231422,0.0,0.0,0.0,0.0,47.79551193620209,2.0534271633959094,False,True,False,True,False,0.0
2023-04-03 00:00:00+00:00,20.1444534859,20.210114047,19.9611863118,19.9611863118,44155,20.163534876902514,20.074510338499945,,,,,19.9557644838494,19.794675216687278,,19.955522311914418,"rgba(38, 166, 154, 0.5)",0.3314768141142909,19.955522311914418,0.5699679915483962,12,0.3816744891883537,4.580093870260245,0.0,0.0,0.0,0.0,49.301669512065544,2.0534271633959094,False,False,False,False,False,1.2186126044792047
2023-04-04 00:00:00+00:00,20.1960237979,20.1960237979,20.092695304,20.1020888034,12617,20.163516438285484,20.081368814527952,,,,,19.956426183301257,19.796087609820486,,19.957209750697505,"rgba(38, 166, 154, 0.5)",0.3307599614957252,19.957209750697505,0.7220161899963888,13,0.3986071398551347,5.181892818116751,0.0,0.0,0.0,0.0,50.90496790721009,2.0534271633959094,False,False,False,False,True,1.7723227726942916
2023-04-05 00:00:00+00:00,20.2054172973,20.2664750437,20.1020888034,20.1020888034,12063,20.163765113581277,20.089069848968162,,,,,19.957146015987558,19.797536932589907,,19.959153704032694,"rgba(38, 166, 154, 0.5)",0.32977048363695693,19.959153704032694,0.7467726964260851,13,0.4068305306495627,5.288796898444315,0.0,0.0,0.0,0.0,52.088498708102605,-2.404347589811934,True,False,False,False,True,1.8743244116876348
2023-04-06 00:00:00+00:00,20.2148107967,20.2373551954,20.1020888034,20.2054172973,25382,20.164152672048537,20.10135893705864,,,,,19.958604189069007,19.8005016897511,,19.96272977782868,"rgba(38, 166, 154, 0.5)",0.3278903989874395,19.96272977782868,0.7687965846202641,13,0.4069893412617525,5.290861436402783,0.0,0.0,0.0,0.0,53.00168159900066,-1.4677250806398021,True,False,True,False,True,1.9781152104806736
2023-04-10 00:00:00+00:00,20.177236799,20.2335977956,19.9893668102,20.177236799,14314,20.163835708418386,20.103522998273874,,,,,19.95923344493008,19.801932933162934,,19.96381924714988,"rgba(38, 166, 154, 0.5)",0.325276251394898,19.96381924714988,0.6561116925533665,13,0.40799452593071134,5.303928837099248,0.0,0.0,0.0,0.0,52.97564181697038,-1.3555071462700425,True,False,True,False,True,1.5347297650892102
2023-04-11 00:00:00+00:00,20.1960237979,20.3087457911,20.1020888034,20.1960237979,14975,20.16424589570786,20.110040874928504,,,,,19.960145390189748,19.80372560748414,,19.965969812505772,"rgba(38, 166, 154, 0.5)",0.31917412590466326,19.965969812505772,0.7207789313816276,13,0.4095802677378583,5.324543480592157,0.0,0.0,0.0,0.0,53.252453791653195,-0.8854408396652005,True,False,True,False,True,1.7499909724747198
2023-04-12 00:00:00+00:00,20.2429912951,20.2899587923,20.177236799,20.2242042962,7067,20.16460897791519,20.113867323194057,,,,,19.960634261641058,19.804638670737013,,19.967190631251423,"rgba(38, 166, 154, 0.5)",0.31563798808181276,19.967190631251423,0.8737879287745655,13,0.41045786103512416,5.335952193456614,0.0,0.0,0.0,0.0,54.191885638292604,0.22485093445894933,True,False,True,False,True,2.2934554080833713
2023-04-13 00:00:00+00:00,20.2054172973,20.2335977956,20.1490563006,20.1490563006,17220,20.16498779731808,20.119499272864388,,,,,19.961643716844915,19.806639390287724,,19.96936851197734,"rgba(38, 166, 154, 0.5)",0.3077724096585266,19.96936851197734,0.7669588888248781,13,0.41233342110154386,5.36033447432007,0.0,0.0,0.0,0.0,54.045182204459316,0.2947703503326764,True,False,True,False,True,1.8281397404473694
2023-04-14 00:00:00+00:00,20.0833018046,20.2054172973,20.0457278068,20.2054172973,24599,20.164081724884152,20.11878421996623,,,,,19.962556054192653,19.80884934021051,,19.97039472602505,#000000,0.29517052605579847,19.97039472602505,0.382514745234451,13,0.41456763980325184,5.389379317442274,0.0,0.0,0.0,0.0,51.63946310742746,0.2947703503326764,True,False,False,False,False,0.3243143100650059
2023-04-17 00:00:00+00:00,20.1489623657,20.2162198216,20.0739083051,20.2162198216,10697,20.163952203057974,20.119813964154314,,,,,19.96304144443663,19.809909999552318,,19.971174072576922,"rgba(38, 166, 154, 0.5)",0.2804773284130852,19.971174072576922,0.6338775904954206,13,0.4168386319121853,5.4189022148584085,0.0,0.0,0.0,0.0,51.29037755513473,0.2947703503326764,True,False,False,False,False,1.117773925103556
2023-04-18 00:00:00+00:00,20.1208758023,20.1208758023,20.0908166041,20.092695304,5167,20.16376537966645,20.11965526812936,,,,,19.963229752189488,19.810366131327505,,19.971382185794255,"rgba(38, 166, 154, 0.5)",0.2678948168797176,19.971382185794255,0.5580310147354034,13,0.4254249230998477,5.53052400029802,0.0,0.0,0.0,0.0,50.51402036109712,0.2947703503326764,True,False,False,False,False,0.7663833545743337
2023-04-19 00:00:00+00:00,20.1479290807,20.1615496549,20.0504245565,20.1020888034,9153,20.163494082479115,20.119664776579796,,,,,19.96358266803357,19.81119515212018,,19.97182323811775,"rgba(38, 166, 154, 0.5)",0.26178282684277526,19.97182323811775,0.6727173233865981,13,0.43325621538879866,5.632330800054382,0.0,0.0,0.0,0.0,50.5583376897095,0.2947703503326764,True,False,False,False,False,1.1016835384768413
2023-04-20 00:00:00+00:00,20.2148107967,20.2711717934,20.1208758023,20.1208758023,17658,20.16395217845012,20.124245800571924,,,,,19.964615075572556,19.813205079248636,,19.97389699621545,"rgba(38, 166, 154, 0.5)",0.260478521367507,19.97389699621545,0.924889312254063,14,0.4155300849735219,5.817421189629306,0.0,0.0,0.0,0.0,51.94367045313451,0.2947703503326764,True,False,False,False,False,1.9342301665060013
2023-04-21 00:00:00+00:00,20.32753279,20.32753279,20.1294238868,20.2429912951,12127,20.16473690727791,20.1292804168223,,,,,19.96549429897112,19.814781763203097,,19.975868830711974,"rgba(38, 166, 154, 1.0)",0.26005325545559754,19.975868830711974,1.3522767045231998,14,0.42224527256925054,5.911433815969508,0.0,0.0,0.0,0.0,54.86792880228763,1.5715540215066923,True,False,True,False,True,3.3229960604422537
2023-04-24 00:00:00+00:00,20.3322295397,20.4446697281,20.2899587923,20.3087457911,12378,20.166291544897184,20.1374489626914,,,,,19.966670025599665,19.816716366495566,,19.97876812187345,"rgba(38, 166, 154, 1.0)",0.2584990345776265,19.97876812187345,1.3673606882288156,14,0.42885098276086747,6.0039137586521445,0.0,0.0,0.0,0.0,56.89649930245491,3.4609966446909795,True,False,True,False,True,3.3808731628783377
2023-04-25 00:00:00+00:00,20.177236799,20.4496482828,20.177236799,20.2711717934,14754,20.167269811560697,20.142834991339253,,,,,19.967748737365454,19.818632497853027,,19.981074485484296,"rgba(38, 166, 154, 0.5)",0.25818741082834806,19.981074485484296,0.7597671508705699,14,0.4342448608234593,6.0794280515284305,0.0,0.0,0.0,0.0,54.596200165140154,3.4609966446909795,True,False,True,False,False,1.306084009586634
2023-04-26 00:00:00+00:00,20.2805652928,20.4026807856,20.1490563006,20.2899587923,8972,20.167910158604478,20.146128183484304,,,,,19.968421342940502,19.81981396387377,,19.982505073267088,"rgba(38, 166, 154, 1.0)",0.25678688694085133,19.982505073267088,1.1607299075266493,14,0.4393787789806555,6.151302905729177,0.0,0.0,0.0,0.0,55.004170002082006,3.4609966446909795,True,False,True,False,False,2.609632875339603
2023-04-27 00:00:00+00:00,20.429452259,20.5257854929,20.3065541195,20.5257854929,4222,20.16859944588048,20.149252288275516,,,,,19.968883013869096,19.8205411024204,,19.983639324141457,"rgba(0, 255, 255, 0.75)",0.2573013785485735,19.983639324141457,1.732648839168126,14,0.44046586042453434,6.166522045943481,0.0,0.0,0.0,0.0,57.57126446354786,3.717828246178101,True,False,True,False,True,4.444633594554961
2023-04-28 00:00:00+00:00,20.5618041014,20.6374337257,20.3349152286,20.4672670711,23191,20.173659801231285,20.17056125489325,,,,,19.971908521895283,19.825103597023517,,20.014139997602765,"rgba(0, 255, 0, 1.0)",0.2590395267689496,20.014139997602765,2.114210563261738,14,0.44024002827573294,6.163360395860261,0.0,0.0,0.0,0.0,60.92661678179212,6.790952123901036,True,False,True,False,True,6.030475630947102
2023-05-01 00:00:00+00:00,20.2971004165,20.6279800227,20.2971004165,20.5901652106,8222,20.17487674858199,20.175401055494046,,,,,19.972767873595114,19.826463802468876,,20.01470369685105,"rgba(38, 166, 154, 1.0)",0.25387450499457576,20.01470369685105,1.1123476918447726,14,0.44854729477873023,6.279662126902223,0.0,0.0,0.0,0.0,58.082495066441126,6.790952123901036,True,False,True,False,False,2.476583392715053
2023-05-02 00:00:00+00:00,20.4672670711,20.4861744772,20.2499264383,20.4010911499,11744,20.176546884133217,20.181802866123718,,,,,19.97397184854617,19.828374831060334,,20.016207416185296,"rgba(0, 255, 255, 0.75)",0.2489419886582589,20.016207416185296,1.811906690975734,14,0.4518636757831869,6.326091460964617,0.0,0.0,0.0,0.0,58.367692423511585,6.790952123901036,True,False,True,False,False,4.504752233098728
2023-05-03 00:00:00+00:00,20.5145355863,20.5263527151,20.4287904997,20.4767207741,7104,20.177939871379948,20.18699931576844,,,,,19.974847530200055,19.829702876599548,,20.018418727623736,"rgba(0, 255, 255, 0.75)",0.2506246915163582,20.018418727623736,1.9795210746179883,14,0.4526470468041218,6.337058655257706,0.0,0.0,0.0,0.0,59.109536472111266,6.790952123901036,True,False,True,False,False,5.059158495925985
2023-05-04 00:00:00+00:00,20.3727300407,20.5901652106,20.2876467134,20.4861744772,10144,20.179446862725747,20.192404871076015,,,,,19.975916191353996,19.83138121403191,,20.02030248875485,"rgba(38, 166, 154, 1.0)",0.24797863157696104,20.02030248875485,1.4212012934500395,13,0.47468445238334556,6.1708978809834925,0.0,0.0,0.0,0.0,57.23286191025774,6.790952123901036,True,False,True,False,False,3.1770580886664774
2023-05-05 00:00:00+00:00,20.3254615256,20.3538226347,20.2781930104,20.3443689316,11965,20.180478672327187,20.19582610035535,,,,,19.97689227306407,19.83302028608519,,20.020988836775064,"rgba(38, 166, 154, 1.0)",0.24481983566701135,20.020988836775064,1.2436602123982385,12,0.5073391630727652,6.088069956873182,0.0,0.0,0.0,0.0,55.24603680704405,9.947201732917407,True,False,True,False,False,2.55689650710449
2023-05-08 00:00:00+00:00,20.2120170891,20.2876467134,20.1364820019,20.2876467134,6656,20.180607841505477,20.196066075302394,,,,,19.977263684660652,19.83372747782273,,20.020560341759705,"rgba(38, 166, 154, 0.5)",0.24281200149374982,20.020560341759705,0.7884978755682515,12,0.515944674113727,6.191336089364724,0.0,0.0,0.0,0.0,52.24232569601736,7.108938771199185,True,False,False,False,False,1.0788949281828621
2023-05-09 00:00:00+00:00,20.2309244952,20.3349152286,19.9567671072,20.18365598,21757,20.18052330223183,20.195057632240868,,,,,19.978275215000245,19.835791410471955,,20.027977788592615,"rgba(38, 166, 154, 0.5)",0.2419090514735302,20.027977788592615,0.8389380445716452,11,0.5506030261002116,6.056633287102327,0.0,-1.0,19.956768,409.0,50.55695262437535,5.5437243071253945,False,False,False,False,False,1.3176982339755448
2023-05-10 00:00:00+00:00,20.4105448529,20.448359665,20.164748574,20.2309244952,12942,20.18177502471291,20.19896066239045,,,,,19.979380726860846,19.83760737581077,,20.032979358383436,"rgba(0, 255, 255, 0.75)",0.23994423751331584,20.032979358383436,1.5735551661065008,11,0.5504014946530463,6.05441644118351,0.0,0.0,0.0,0.0,52.18050226784106,5.5437243071253945,False,False,False,False,False,3.555083360354317
2023-05-11 00:00:00+00:00,20.3254615256,20.4413639248,20.2120170891,20.2120170891,7192,20.18239784834846,20.20082241222905,,,,,19.979966924190187,19.83858113263314,,20.03467664138205,"rgba(38, 166, 154, 1.0)",0.24058372647718299,20.03467664138205,1.20866397937988,11,0.5518986783261391,6.0708854615875305,0.0,0.0,0.0,0.0,51.87358719613706,5.5437243071253945,False,False,False,False,False,2.418799527050435
2023-05-12 00:00:00+00:00,20.4199985559,20.4199985559,20.2214707922,20.2214707922,10997,20.18352019022922,20.20416850003478,,,,,19.98093041428672,19.840146246360725,,20.03745748311443,"rgba(0, 255, 255, 0.75)",0.23704841894893053,20.03745748311443,1.6137676618209607,11,0.553809135604228,6.091900491646507,0.0,0.0,0.0,0.0,53.03644610199059,5.5437243071253945,True,False,False,False,False,3.5899250277750987
2023-05-15 00:00:00+00:00,20.4105448529,20.4105448529,20.2971004165,20.3065541195,6524,20.18425225826246,20.20632746229104,,,,,19.98152852762781,19.84110428010767,,20.039133791870718,"rgba(0, 255, 255, 0.75)",0.22974751694522857,20.039133791870718,1.616605332530428,11,0.5570344925554339,6.127379418109773,0.0,0.0,0.0,0.0,53.64239467986967,5.5437243071253945,True,False,True,False,True,3.460741950943305
2023-05-16 00:00:00+00:00,20.3752825406,20.4616893863,20.1981201457,20.3349152286,6748,20.18489311664243,20.20814096633654,,,,,19.98210159064959,19.84204014639401,,20.04041509463953,"rgba(38, 166, 154, 1.0)",0.22557368341297257,20.04041509463953,1.4845146867039698,11,0.5669235817455923,6.236159399201515,0.0,0.0,0.0,0.0,53.38309750915204,5.5437243071253945,True,False,True,False,True,2.972915571944263
2023-05-17 00:00:00+00:00,20.5138738271,20.5312686406,20.2214707922,20.429452259,21810,20.18791149750299,20.216820166300238,,,,,19.984332710315744,19.84550176506463,,20.046661468673413,"rgba(0, 255, 0, 1.0)",0.22491083844060025,20.046661468673413,2.0773225588680493,11,0.5704812542081952,6.275293796290147,0.0,0.0,0.0,0.0,55.34020272925612,5.5437243071253945,True,False,True,False,True,4.725227360029169
2023-05-18 00:00:00+00:00,20.4578133681,20.5523503984,20.3774568923,20.4767207741,23562,20.1916339668396,20.227131530839944,,,,,19.986937481245235,19.849453670258484,,20.05365043079242,"rgba(0, 255, 255, 0.75)",0.22692272577221975,20.05365043079242,1.781059767954968,11,0.5828286258673626,6.411114884540988,0.0,0.0,0.0,0.0,55.521311352868764,5.5437243071253945,True,False,True,False,True,3.93260443841843
2023-05-19 00:00:00+00:00,20.4938319766,20.5468672507,20.4199985559,20.5334429923,17374,20.19455587200238,20.234928282965182,,,,,19.988937512550667,19.852449926134252,,20.058761240500708,"rgba(0, 255, 255, 0.75)",0.22517716688020273,20.058761240500708,1.932126343568195,11,0.604072433854374,6.644796772398115,0.0,0.0,0.0,0.0,56.21044051346625,2.1282007872295097,True,False,True,False,True,4.392822772682269
2023-05-22 00:00:00+00:00,20.4767207741,20.5428966954,20.3727300407,20.3727300407,13051,20.19654488058123,20.239981647278942,,,,,19.990361143712423,19.85460203034495,,20.06199266726102,"rgba(0, 255, 255, 0.75)",0.21919841586841324,20.06199266726102,1.892021460081827,11,0.631463145033894,6.946094595372834,0.0,0.0,0.0,0.0,56.289806480125655,2.446352345160335,True,False,True,False,True,4.144371585798858
2023-05-23 00:00:00+00:00,20.5739048413,20.703609647,20.4767207741,20.4767207741,16625,20.2001597437205,20.249400515595237,,,,,19.992620951455816,19.857859892523056,,20.068088160093662,"rgba(0, 255, 0, 1.0)",0.22138288150553226,20.068088160093662,2.2848048492570405,11,0.6540405687136807,7.194446255850488,0.0,0.0,0.0,0.0,57.94069490826267,4.232252679751227,True,False,True,False,True,5.406538337539878
2023-05-24 00:00:00+00:00,20.6185263197,20.663242335,20.5239892893,20.5239892893,7450,20.201829251628787,20.25366405055169,,,,,19.993657261638422,19.859344663557433,,20.07081814382654,"rgba(0, 255, 0, 1.0)",0.22754132647945266,20.07081814382654,2.4070712092069955,11,0.6616667501895778,7.278334252085355,0.0,0.0,0.0,0.0,59.72169388915183,6.061605631395693,True,False,True,False,True,5.982540560241208
2023-05-25 00:00:00+00:00,20.3727300407,20.6185263197,20.3727300407,20.5239892893,6073,20.20268281183608,20.255626351950536,,,,,19.994295540649503,19.860311474646316,,20.072043683470614,"rgba(38, 166, 154, 1.0)",0.22855858505794466,20.072043683470614,1.3155767356240584,10,0.5074571121068462,5.074571121068462,0.0,0.0,0.0,0.0,55.805820186696735,9.65698298836194,True,False,True,False,False,2.3825288669934643
2023-05-26 00:00:00+00:00,20.4861744772,20.5806169705,20.2782875474,20.3254615256,22743,20.20575008894979,20.26242433665498,,,,,19.996637723005865,19.863866290092528,,20.076339956885576,"rgba(0, 255, 255, 0.75)",0.2306881001094705,20.076339956885576,1.776574171445949,10,0.5057525596742931,5.057525596742931,0.0,0.0,0.0,0.0,55.09221072296114,9.028554890939354,True,False,True,False,False,3.8716736575612742
2023-05-30 00:00:00+00:00,20.5145355863,20.5618041014,20.429452259,20.5618041014,4742,20.206519095515986,20.264172862048554,,,,,19.997180590317583,19.86466951168212,,20.077458431976048,"rgba(0, 255, 255, 0.75)",0.23271143050724946,20.077458431976048,1.8781937499642307,10,0.5048521694735996,5.048521694735996,0.0,0.0,0.0,0.0,55.0675076911264,8.95572127814215,True,False,True,False,False,4.241830962806407
2023-05-31 00:00:00+00:00,20.7886929743,20.7886929743,20.3783077255,20.5807115075,32371,20.21427562548443,20.28257853158371,,,,,20.001947372796437,19.871376847789655,,20.121655251439932,"rgba(0, 255, 0, 1.0)",0.23891500243646288,20.121655251439932,2.791945738265061,10,0.49335988142941317,4.933598814294132,0.0,0.0,0.0,0.0,58.60379384233494,8.95572127814215,True,False,True,False,True,7.696693736172822
2023-06-01 00:00:00+00:00,20.6090726166,20.7886929743,20.5523503984,20.6941559439,7299,20.215980111736073,20.286470070604327,,,,,20.00300956369993,19.872869889422038,,20.16056619113075,"rgba(0, 255, 255, 0.75)",0.24214697289870107,20.16056619113075,1.8522074428610515,10,0.4897645022874368,4.897645022874368,0.0,0.0,0.0,0.0,57.768196738176606,8.95572127814215,True,False,True,False,True,5.082595621098211
2023-06-02 00:00:00+00:00,20.7603318652,20.7603318652,20.5618041014,20.5618041014,6801,20.21771655334756,20.290453725519058,,,,,20.00406342419265,19.874334599508796,,20.164347747790693,"rgba(0, 255, 0, 1.0)",0.24919916176667503,20.164347747790693,2.391597600827117,10,0.4810776344205469,4.810776344205469,0.0,0.0,0.0,0.0,58.953025842827856,8.95572127814215,True,False,True,False,True,6.931523926332694
2023-06-05 00:00:00+00:00,20.591488729,20.7590083468,20.5807115075,20.703609647,10429,20.220075729628395,20.295669140349602,,,,,20.00555562254996,19.876433027675297,,20.166788064863606,"rgba(0, 255, 255, 0.75)",0.25164749516738094,20.166788064863606,1.6876808722213177,10,0.4785987792864511,4.785987792864511,0.0,0.0,0.0,0.0,57.13639323523922,8.95572127814215,True,False,True,False,True,4.5358211334044825
2023-06-06 00:00:00+00:00,20.5830749333,20.7185464978,20.5334429923,20.5334429923,9629,20.222067828460226,20.299918650814426,,,,,20.00685831055891,19.87827985103333,,20.168380166721136,"rgba(0, 255, 255, 0.75)",0.2520054208956285,20.168380166721136,1.6455787542388491,10,0.4799659272527876,4.799659272527876,0.0,0.0,0.0,0.0,55.80151212801226,8.95572127814215,True,False,True,False,False,4.417739621607506
2023-06-07 00:00:00+00:00,20.3349152286,20.5334429923,20.2971004165,20.4672670711,13938,20.223284263365564,20.301609666083177,,,,,20.008041851419623,19.880128167274446,,20.1635207444636,"rgba(38, 166, 154, 0.5)",0.24942261191754422,20.1635207444636,0.6871649800261911,10,0.4866891254882778,4.866891254882778,0.0,0.0,0.0,0.0,51.6562626357065,6.13323931908824,False,True,False,False,False,1.0209724323135418
2023-06-08 00:00:00+00:00,20.4199985559,20.448359665,20.3538226347,20.448359665,4359,20.22370417526309,20.30223757045351,,,,,20.00842880969181,19.88072486498614,,20.16275482709917,"rgba(38, 166, 154, 1.0)",0.24228281980622268,20.16275482709917,1.0617497724625018,10,0.48651143991367374,4.865114399136737,0.0,0.0,0.0,0.0,50.11658249467722,4.772377422269557,False,True,False,False,False,2.111642883126926
2023-06-09 00:00:00+00:00,20.3443689316,20.5861001182,20.3443689316,20.3538226347,9142,20.224662212639416,20.30374636242003,,,,,20.009273532315664,19.882013486122165,,20.16195412209881,"rgba(38, 166, 154, 0.5)",0.23763981193804043,20.16195412209881,0.767610477442854,10,0.4893876828520476,4.893876828520476,0.0,0.0,0.0,0.0,48.15552248167015,2.96959077639287,False,True,False,True,False,1.0940893771823745
2023-06-12 00:00:00+00:00,20.2498319013,20.6941559439,20.1931096831,20.6941559439,7662,20.225275691402107,20.304514286712124,,,,,20.009900959453613,19.88299786614428,,20.184002475602075,#000000,0.2343564364725681,20.184002475602075,0.28089446438408106,10,0.49271714242849696,4.927171424284969,0.0,0.0,0.0,0.0,45.731213072813446,0.7234950928169184,False,True,False,True,False,0.0
2023-06-13 00:00:00+00:00,20.3065541195,20.4010911499,20.2593801414,20.3349152286,6677,20.22561068863221,20.304671355583796,,,,,20.010362287524266,19.883754846693318,,20.181241865658233,"rgba(38, 166, 154, 0.5)",0.22753145748881642,20.181241865658233,0.5507469394552869,10,0.4940571609292655,4.940571609292655,0.0,0.0,0.0,0.0,45.053323078488546,0.08718096224173877,False,True,False,True,False,0.5886303550790615
2023-06-14 00:00:00+00:00,20.2781930104,20.3632763377,20.2687393074,20.2971004165,9994,20.22601047677711,20.304654845555238,,,,,20.011008490702903,19.884834302033607,,20.178166797869416,#000000,0.22479156413938273,20.178166797869416,0.4449731595290716,10,0.4945173046430498,4.945173046430498,0.0,0.0,0.0,0.0,44.22966756862934,-0.7787938465183686,False,True,False,True,False,0.20368300969795428
2023-06-15 00:00:00+00:00,20.3254615256,20.441931147,20.2498319013,20.2498319013,7173,20.226425987469977,20.304973413259123,,,,,20.011526905838675,19.885671379815516,,20.177455833666944,"rgba(38, 166, 154, 0.5)",0.22341653182051624,20.177455833666944,0.6624652648889907,10,0.497361122659617,4.97361122659617,0.0,0.0,0.0,0.0,44.53601939546306,-0.7787938465183686,False,True,False,True,False,0.8459306480335798
2023-06-16 00:00:00+00:00,20.4105448529,20.4767207741,20.3160078225,20.3349152286,10315,20.227344197413416,20.306235881842728,,,,,20.012410143711065,19.887033639856966,,20.178400597124543,"rgba(38, 166, 154, 1.0)",0.21959263732023715,20.178400597124543,1.057158648889099,10,0.49627493856379584,4.9627493856379585,0.0,0.0,0.0,0.0,46.22679170721047,-0.7787938465183686,False,True,False,True,False,1.9972817028465322
2023-06-20 00:00:00+00:00,20.429452259,20.5098087348,20.3821837438,20.3821837438,6571,20.22805558387569,20.307349819667447,,,,,20.01302752046707,19.887963906297223,,20.179543416958644,"rgba(38, 166, 154, 1.0)",0.21273882959699464,20.179543416958644,1.1747213356150172,10,0.4999244328820753,4.999244328820753,0.0,0.0,0.0,0.0,47.681299959903,-0.7787938465183686,False,True,False,False,True,2.253403690720109
2023-06-21 00:00:00+00:00,20.438905962,20.4851345698,20.3727300407,20.4672670711,5119,20.22858516233302,20.308152056909506,,,,,20.01349801185866,19.888675690987842,,20.18023869922269,"rgba(38, 166, 154, 1.0)",0.2118726765704133,20.18023869922269,1.2208618259058215,10,0.5077047240311628,5.077047240311629,0.0,0.0,0.0,0.0,48.825621724153194,-0.7787938465183686,False,True,False,False,True,2.383387047096466
2023-06-22 00:00:00+00:00,20.3972151316,20.448359665,20.3727300407,20.3821837438,2270,20.228789078672815,20.308430235656946,,,,,20.013693301379583,19.888975574829438,,20.180390669489096,"rgba(38, 166, 154, 1.0)",0.21053439250050549,20.180390669489096,1.0298766844489915,10,0.5118787425737007,5.118787425737007,0.0,0.0,0.0,0.0,48.754929073488825,-0.7787938465183686,False,True,False,False,True,1.7661424433620283
2023-06-23 00:00:00+00:00,20.3821837438,20.4672670711,20.3727300407,20.3727300407,6694,20.22939205061154,20.309252163741093,,,,,20.014269953244586,19.889860085810874,,20.180847997719262,"rgba(38, 166, 154, 0.5)",0.20884577572238983,20.180847997719262,0.9640403086168446,10,0.5150099216535032,5.1500992165350326,0.0,0.0,0.0,0.0,48.399365085358596,-0.7787938465183686,False,True,False,False,True,1.5415272399377216
2023-06-26 00:00:00+00:00,20.4105448529,20.5145355863,20.3916374468,20.3916374468,5371,20.229958044964203,20.31011044470374,,,,,20.014768406125068,19.890610683237142,,20.181567508295338,"rgba(38, 166, 154, 1.0)",0.20493168404460155,20.181567508295338,1.1173350068934524,10,0.5139196191064069,5.1391961910640696,0.0,0.0,0.0,0.0,48.824991958805555,-0.7787938465183686,False,True,False,False,True,1.9530271170275242
2023-06-27 00:00:00+00:00,20.4672670711,20.5428966954,20.4010911499,20.5334429923,9580,20.231111140502463,20.311981176620527,,,,,20.01572041410288,19.89202105956494,,20.183375144721914,"rgba(38, 166, 154, 1.0)",0.1924806947400934,20.183375144721914,1.47491116842354,10,0.5164789518540601,5.164789518540601,0.0,0.0,0.0,0.0,50.40300354161294,-3.415575177078715,False,True,False,False,True,2.7786793516162582
2023-06-28 00:00:00+00:00,20.5334429923,20.5334429923,20.4199985559,20.429452259,11133,20.232577055678966,20.314438358113478,,,,,20.016882827429477,19.893722537042414,,20.18582185055928,"rgba(0, 255, 255, 0.75)",0.18397139876576027,20.18582185055928,1.8895390483132968,10,0.5222375380887043,5.222375380887043,0.0,0.0,0.0,0.0,52.849724824547195,-0.969093523345876,False,False,True,False,True,3.7375856761370443
2023-06-29 00:00:00+00:00,20.4861744772,20.5523503984,20.3727300407,20.5334429923,36106,20.236776320306657,20.32092532037903,,,,,20.020417775161686,19.898946902171172,,20.191236597816406,"rgba(0, 255, 255, 0.75)",0.18208711115420798,20.191236597816406,1.6197625274740743,10,0.5220511279877237,5.220511279877237,0.0,0.0,0.0,0.0,53.20841038787914,-0.5343865453510972,False,False,True,False,True,2.9829173483892397
2023-06-30 00:00:00+00:00,20.8076003804,20.8076003804,20.4199985559,20.5618041014,102758,20.257905489735002,20.358758412422187,,,,,20.034696637939742,19.918537949220454,20.678399772233334,20.266011276522935,"rgba(0, 255, 0, 1.0)",0.18334219449993272,20.266011276522935,2.9539796082088676,10,0.5079950974349725,5.079950974349725,0.0,1.0,20.8076,480.0,58.52921755877071,4.499779258516206,True,False,True,False,True,7.473775482155194
2023-07-03 00:00:00+00:00,20.6705216864,20.703609647,20.5807115075,20.6468874288,7489,20.259273539491037,20.360999980821205,,,,,20.035670794283863,19.91987833670254,20.676580252889597,20.267783087176944,"rgba(0, 255, 0, 1.0)",0.18214609774750648,20.267783087176944,2.211074539633225,10,0.501794487958942,5.01794487958942,0.0,0.0,0.0,0.0,58.9783679841953,4.824372818617853,True,False,True,False,True,5.294839575778948
2023-07-05 00:00:00+00:00,20.5050818832,20.7357522373,20.4956281802,20.5618041014,12713,20.26114737660152,20.36379390742792,,,,,20.037122848579845,19.92191728842884,20.666472767972667,20.269368535390168,"rgba(38, 166, 154, 1.0)",0.18253248623758292,20.269368535390168,1.2913501189209053,10,0.5015780136418602,5.015780136418602,0.0,0.0,0.0,0.0,56.256455692822044,4.824372818617853,True,False,True,False,False,2.7646403512746076
2023-07-06 00:00:00+00:00,20.2876467134,20.4956281802,20.2781930104,20.429452259,6870,20.261440125470585,20.363725267779312,,,,,20.03757971852599,19.922638281602964,20.649928776477545,20.26803361213982,#000000,0.18188627489794337,20.26803361213982,0.10783167268220364,9,0.5460006704841642,4.914006034357478,0.0,0.0,0.0,0.0,51.400635369804604,6.1737852957385755,False,True,False,False,False,0.0
2023-07-07 00:00:00+00:00,20.3632763377,20.485512718,20.18365598,20.18365598,10155,20.26182452260452,20.363528073042712,,,,,20.038232053430765,19.92367581811513,20.62774639779922,20.287280546704952,#000000,0.18106639996223337,20.287280546704952,0.41971227688239815,9,0.55468933254352,4.99220399289168,0.0,0.0,0.0,0.0,49.41288927140474,4.511610865605711,False,True,False,False,False,0.6810700868384991
2023-07-10 00:00:00+00:00,20.3727300407,20.5050818832,20.2498319013,20.2498319013,5311,20.262101085869176,20.363592808906574,,,,,20.038607390964877,19.92425720989933,20.61853998009445,20.28711918488826,#000000,0.17825678176793272,20.28711918488826,0.48026703367275675,9,0.5582335774169714,5.024102196752743,0.0,0.0,0.0,0.0,48.24707458420147,3.5274076832381027,False,True,False,False,False,0.815310593014523
2023-07-11 00:00:00+00:00,20.4578133681,20.4672670711,20.3254615256,20.3254615256,2994,20.262312325709683,20.36374967035076,,,,,20.0388442702282,19.92461397274548,20.614467771452382,20.287406337047422,"rgba(38, 166, 154, 0.5)",0.17641048504101273,20.287406337047422,0.965968836903087,9,0.5602790033097331,5.042511029787598,0.0,0.0,0.0,0.0,48.90879161774835,3.5274076832381027,False,True,False,False,False,2.025824452440485
2023-07-12 00:00:00+00:00,20.5523503984,20.6279800227,20.438905962,20.438905962,3163,20.26271184302557,20.364295629496535,,,,,20.0391754561648,19.925084275059827,20.612907243315895,20.28898211084455,"rgba(38, 166, 154, 1.0)",0.1776470544256952,20.28898211084455,1.4825367547290849,9,0.560214958035012,5.041934622315107,0.0,0.0,0.0,0.0,50.824415593388665,3.5274076832381027,False,True,False,False,False,3.351370398404452
2023-07-13 00:00:00+00:00,20.5334429923,20.6468874288,20.5050818832,20.5050818832,4472,20.263319560498722,20.365158102642688,,,,,20.039663557328343,19.925771803914255,20.611441581937036,20.29100126654927,"rgba(38, 166, 154, 1.0)",0.1786872363040998,20.29100126654927,1.356793751838712,8,0.5808480061085906,4.646784048868724,0.0,0.0,0.0,0.0,51.75208601495012,3.5274076832381027,False,True,False,False,True,3.06198998821208
2023-07-14 00:00:00+00:00,20.4011856869,20.6090726166,20.4011856869,20.6090726166,1595,20.263469580940107,20.365321884967482,,,,,20.039807015237628,19.9259815042829,20.610014260951594,20.291155112094565,"rgba(38, 166, 154, 0.5)",0.1773064864180764,20.291155112094565,0.6205671153281491,8,0.5872901467261152,4.698321173808922,0.0,0.0,0.0,0.0,50.07264806583699,3.5274076832381027,False,True,False,False,True,1.0569498187028898
2023-07-17 00:00:00+00:00,20.438905962,20.5145355863,20.2781930104,20.4105448529,24131,20.2650634873887,20.366361368156753,,,,,20.041665375933956,19.928787437072838,20.58351621642834,20.289426652056335,"rgba(38, 166, 154, 0.5)",0.17442213882890353,20.289426652056335,0.8569973453329459,8,0.6047147068708243,4.837717654966594,0.0,0.0,0.0,0.0,49.64181689903139,3.5274076832381027,False,True,False,False,True,1.6055748747796201
2023-07-18 00:00:00+00:00,20.4105448529,20.5334429923,20.3727300407,20.5334429923,3606,20.265344565292875,20.366609695579506,,,,,20.041962708122316,19.929228471567935,20.580701399295446,20.289447899462825,"rgba(38, 166, 154, 0.5)",0.1708236762752898,20.289447899462825,0.7089002887516668,8,0.6163881082303688,4.931104865842951,0.0,0.0,0.0,0.0,48.84929722551448,3.5274076832381027,False,True,False,False,False,1.1719684197313853
2023-07-19 00:00:00+00:00,20.4199985559,20.7319707561,20.3727300407,20.4578133681,8073,20.26622059308257,20.367686776669828,,,,,20.042742732648147,19.930347015236432,20.57767529657783,20.290589390984582,"rgba(38, 166, 154, 0.5)",0.16704827303004566,20.290589390984582,0.7746812497255998,8,0.6245095942610117,4.996076754088094,0.0,0.0,0.0,0.0,48.51899448542663,3.244508585106601,False,True,False,False,False,1.3138330063474157
2023-07-20 00:00:00+00:00,20.2592856043,20.438905962,20.2592856043,20.4199985559,15911,20.26659424607587,20.366970131227,,,,,20.04365111158252,19.93182177986804,20.558017333319942,20.287231523370004,#000000,0.15682325196808278,20.287231523370004,-0.17820009927922392,8,0.642573263107347,5.140586104858776,0.0,0.0,0.0,0.0,45.52274396053299,0.20721960834807618,False,True,False,True,False,0.0
2023-07-21 00:00:00+00:00,20.3538226347,20.3821837438,20.2876467134,20.2876467134,1752,20.26665219851036,20.36692832280973,,,,,20.043758749931982,19.931992695502817,20.55621711737767,20.286972179061195,#000000,0.15422187824958505,20.286972179061195,0.4334693390947825,9,0.5927457349419727,5.334711614477754,0.0,0.0,0.0,0.0,45.565160056535,0.09454713056032205,False,True,False,True,False,0.2985173893699731
2023-07-24 00:00:00+00:00,20.3254615256,20.3538226347,20.2592856043,20.3538226347,9082,20.266837458719035,20.366477066255648,,,,,20.044262397659203,19.93281515898326,20.546174175989545,20.285288398548563,#000000,0.1526985504142542,20.285288398548563,0.2630878089048895,9,0.37960694890654073,3.4164625401588666,0.0,0.0,0.0,0.0,45.10166800430983,-0.5638372900563411,False,True,False,True,False,0.0
2023-07-25 00:00:00+00:00,20.2876467134,20.438905962,20.2214707922,20.2498319013,15634,20.26717451595337,20.365762283840883,,,,,20.045135108836458,19.9342343510618,20.530907806143954,20.282830617324343,#000000,0.1516084079057051,20.282830617324343,0.03176668195508668,8,0.36820402752052556,2.9456322201642045,0.0,0.0,0.0,0.0,44.12630649083367,-1.71366323061563,False,True,False,True,False,0.0
2023-07-26 00:00:00+00:00,20.3349152286,20.3762279109,20.2214707922,20.2592856043,6037,20.267289875310766,20.36546372466035,,,,,20.045464242156342,19.934772221087872,20.52541294656489,20.281932499171837,#000000,0.15029357279428057,20.281932499171837,0.35252824484174256,8,0.380572000116378,3.044576000931024,0.0,0.0,0.0,0.0,44.60517848347855,-1.71366323061563,False,True,False,True,False,0.02528339006221003
2023-07-27 00:00:00+00:00,20.3065541195,20.4736955892,20.2876467134,20.3916374468,21171,20.268103314919102,20.365285942798394,,,,,20.0468070762878,19.93687109543552,20.511768441108927,20.28045511204116,#000000,0.1484578133017694,20.28045511204116,0.17580083444842262,7,0.39606808571220714,2.77247659998545,0.0,0.0,0.0,0.0,44.359089813924,-1.9039393306561578,False,True,False,True,False,0.0
2023-07-28 00:00:00+00:00,20.3618582823,20.3999178304,20.2952540729,20.3523433952,9496,20.26844850319687,20.36517818913121,,,,,20.047398610119632,19.93779766241036,20.506211069632705,20.279834985172,"rgba(38, 166, 154, 0.5)",0.14660708269891495,20.279834985172,0.5594770431142819,7,0.399512235301054,2.7965856471073782,0.0,0.0,0.0,0.0,45.5785354409355,-1.9039393306561578,False,True,False,True,False,0.4648507584520303
2023-07-31 00:00:00+00:00,20.3999178304,20.5236113621,20.3057204487,20.4189476045,19221,20.26961083917727,20.365916856632964,,,,,20.04881304586899,19.939918522478006,20.499853510094923,20.28012232636841,"rgba(38, 166, 154, 0.5)",0.1454237575807877,20.28012232636841,0.8237684545115629,7,0.40320360757933965,2.8224252530553775,0.0,0.0,0.0,0.0,47.30996928427365,-1.9039393306561578,False,True,False,False,True,1.0770999846655016
2023-08-01 00:00:00+00:00,20.2857391859,20.3333136211,20.2667094118,20.3333136211,8205,20.269700569317788,20.36542046820214,,,,,20.04922301011802,19.940598857677,20.4942547107996,20.27909029955712,#000000,0.14423259729708754,20.27909029955712,0.04609836103266546,6,0.42821595259694845,2.5692957155816907,0.0,0.0,0.0,0.0,45.94458728614772,-1.9039393306561578,False,True,False,True,True,0.0
2023-08-02 00:00:00+00:00,20.2001052024,20.2476796377,20.1430158802,20.2476796377,15282,20.26922939634356,20.363244496254435,,,,,20.0496792598383,19.94150970872609,20.47983592683651,20.275522866634468,"rgba(239, 83, 80, 0.5)",0.14131256551007243,20.275522866634468,-0.5336939709660325,6,0.4534846084263467,2.7209076505580803,0.0,0.0,0.0,0.0,43.458620349503676,-2.9688453865510667,False,True,False,True,False,0.0
2023-08-03 00:00:00+00:00,20.0859265579,20.1620456543,20.0573818967,20.114471219,7870,20.268672895184192,20.361517037360684,,,,,20.049762011821066,19.94180246501979,20.470624329201108,20.2729277836821,"rgba(239, 83, 80, 1.0)",0.1430425192881137,20.2729277836821,-1.3073121664296645,7,0.46413485910194635,3.2489440137136243,0.0,0.0,0.0,0.0,40.02763312390421,-6.1506528507510865,False,True,False,True,False,0.0
2023-08-04 00:00:00+00:00,20.1335009931,20.2476796377,20.0668967838,20.0859265579,9700,20.268186144196473,20.35980332964012,,,,,20.049956588077187,19.942268692143465,20.461257462190247,20.27039588713298,"rgba(239, 83, 80, 0.5)",0.14270976459273313,20.27039588713298,-0.9592538704247264,6,0.4649116110254566,2.7894696661527396,0.0,0.0,0.0,0.0,39.06789072396067,-6.963533939320399,False,True,False,True,False,0.0
2023-08-07 00:00:00+00:00,20.104956332,20.2096200895,20.0764116708,20.2096200895,12473,20.26746674267501,20.35744435895579,,,,,20.050157989045918,19.942810325485215,20.449298897080677,20.267050134699083,"rgba(239, 83, 80, 1.0)",0.14384141662310168,20.267050134699083,-1.126892424341222,5,0.5038975018397629,2.5194875091988145,0.0,0.0,0.0,0.0,37.959473167468204,-7.987834548115252,False,True,False,True,False,0.0
2023-08-08 00:00:00+00:00,20.1239861061,20.1525307672,20.0765068197,20.0954414449,4754,20.267169399711353,20.356508579389356,,,,,20.050222411409912,19.94300206878069,20.444793435578607,20.265759714256447,"rgba(239, 83, 80, 0.5)",0.1458358339505663,20.265759714256447,-0.9721452150402569,5,0.5118482632326069,2.5592413161630345,0.0,0.0,0.0,0.0,37.79887539774778,-8.189209409024983,False,True,False,True,False,0.0
2023-08-09 00:00:00+00:00,20.1810754283,20.1905903154,20.1145663679,20.1239861061,11055,20.26668652131556,20.35475985689001,,,,,20.050470050102888,19.94355926246703,20.436135097976972,20.263390614126273,"rgba(239, 83, 80, 0.5)",0.14784236158860375,20.263390614126273,-0.5567767244906912,5,0.5105670539573426,2.552835269786713,0.0,0.0,0.0,0.0,39.39689178076313,-8.189209409024983,False,True,False,True,False,0.0
2023-08-10 00:00:00+00:00,20.1430158802,20.2381647506,20.104956332,20.2096200895,10190,20.26624520571093,20.353175334096992,,,,,20.05069727848865,19.944070279807796,20.428610179190866,20.26130683695991,"rgba(239, 83, 80, 0.5)",0.1506404021034746,20.26130683695991,-0.785253856921177,5,0.5086998507080961,2.5434992535404803,0.0,0.0,0.0,0.0,39.658628240861844,-8.189209409024983,False,True,False,True,False,0.0
2023-08-11 00:00:00+00:00,20.114471219,20.1905903154,20.0764116708,20.1239861061,5173,20.26594805592022,20.35223585668035,,,,,20.050776246236083,19.94428741127817,20.424466505735616,20.260095346723872,"rgba(239, 83, 80, 0.5)",0.15206049578843728,20.260095346723872,-0.9576723196173296,5,0.5058024211123915,2.529012105561957,0.0,0.0,0.0,0.0,39.23557147145107,-8.189209409024983,False,True,False,True,False,0.0
2023-08-14 00:00:00+00:00,20.1525307672,20.1715605413,20.0668967838,20.0764116708,19757,20.264850425271042,20.34876807133603,,,,,20.051088810186368,19.9451262740763,20.40979503336096,20.255758148994257,"rgba(239, 83, 80, 0.5)",0.15411111510463416,20.255758148994257,-0.6698243778469342,5,0.5085123485165237,2.5425617425826186,0.0,0.0,0.0,0.0,40.21478174397825,-8.189209409024983,False,True,False,True,True,0.0
2023-08-15 00:00:00+00:00,20.0668967838,20.1213219377,20.0668967838,20.104956332,6560,20.26436850801472,20.34740670116025,,,,,20.051133041940197,19.945335429360924,20.40450411823737,20.25409583728212,"rgba(239, 83, 80, 1.0)",0.15870143471075665,20.25409583728212,-1.179567493030545,5,0.5061701152339251,2.5308505761696254,0.0,0.0,0.0,0.0,39.012754714664716,-8.189209409024983,False,True,False,True,True,0.0
2023-08-16 00:00:00+00:00,20.0668967838,20.1001988884,19.9907776874,20.0573818967,16410,20.26295834928927,20.343648747738282,,,,,20.05113788686857,19.94573514595181,20.390724936340465,20.249596232822658,"rgba(239, 83, 80, 1.0)",0.16181660835429706,20.249596232822658,-1.1290525174192056,5,0.4998424078281092,2.499212039140546,0.0,0.0,0.0,0.0,38.211403361789024,-8.310678990202554,False,True,False,True,False,0.0
2023-08-17 00:00:00+00:00,20.0288372356,20.0573818967,19.9812628003,20.0383521226,34075,20.25967837697886,20.33536656397341,,,,,20.050945962641894,19.94632440422268,20.363034762659705,20.24009091169178,"rgba(239, 83, 80, 1.0)",0.16669287517196515,20.24009091169178,-1.2673227687376787,5,0.4921016331262752,2.460508165631376,0.0,0.0,0.0,0.0,36.868662185518076,-9.701254033044506,False,True,False,True,False,0.0
2023-08-18 00:00:00+00:00,20.0098074615,20.0478670097,19.9813579492,19.9907776874,16041,20.258104585099588,20.331500039053797,,,,,20.050826682746962,19.94656453262973,20.35106761520437,20.235828927434866,"rgba(239, 83, 80, 1.0)",0.1718256336164247,20.235828927434866,-1.3154117996120789,5,0.48577115202870685,2.4288557601435343,0.0,0.0,0.0,0.0,35.57288359811841,-11.017549139430656,False,True,False,True,False,0.0
2023-08-21 00:00:00+00:00,19.914658591,20.0526244532,19.8956288169,19.9907776874,7434,20.257208946516734,20.329414894195526,,,,,20.050686235349367,19.946577426452855,20.34487907007525,20.235717824758446,"rgba(255, 0, 0, 1.0)",0.1790987755782722,20.235717824758446,-1.7926377928705244,5,0.47700993623729593,2.3850496811864796,0.0,0.0,0.0,0.0,32.92759026217234,-13.551359148412132,False,True,False,True,False,0.0
2023-08-22 00:00:00+00:00,19.9336883651,20.0193223485,19.8956288169,19.9432032522,10130,20.25597792880276,20.32657481858188,,,,,20.05048609598742,19.946584151537508,20.33665148625407,20.234213575758805,"rgba(255, 0, 0, 1.0)",0.18598554817530746,20.234213575758805,-1.6158524875036717,5,0.47046717451349007,2.3523358725674504,0.0,0.0,0.0,0.0,31.994351640652578,-14.4272158685636,False,True,False,True,False,0.0
2023-08-23 00:00:00+00:00,20.0288372356,20.0764116708,19.9165615684,19.9812628003,35134,20.252573753686455,20.318504287403158,,,,,20.050191516602567,19.94705717600123,20.31447675240393,20.229874946027202,"rgba(239, 83, 80, 1.0)",0.18988958351852558,20.229874946027202,-1.058708469954529,5,0.468720996176066,2.34360498088033,0.0,0.0,0.0,0.0,35.07969284192865,-14.4272158685636,False,True,False,True,True,0.0
2023-08-24 00:00:00+00:00,20.0288372356,20.0668967838,19.9812628003,20.0668967838,28223,20.2501060150112,20.312676932400354,,,,,20.050057953170175,19.9475463112234,20.29965923382737,20.22529645298072,"rgba(239, 83, 80, 1.0)",0.19294882086054285,20.22529645298072,-1.0181934074772856,4,0.4923403431527009,1.9693613726108037,0.0,0.0,0.0,0.0,37.136586976112696,-16.843118134778194,False,True,False,True,True,0.0
2023-08-25 00:00:00+00:00,20.0288372356,20.0288372356,19.9907776874,19.9955351309,3638,20.24977849859171,20.311918262129332,,,,,20.050034167819376,19.94760129355502,20.29779661292181,20.22460312587645,"rgba(239, 83, 80, 0.5)",0.1961011630277656,20.22460312587645,-0.9982903071754334,3,0.30847246320168337,0.9254173896050502,0.0,0.0,0.0,0.0,38.50784973223539,-15.617047420001363,False,True,False,True,True,0.0
2023-08-28 00:00:00+00:00,20.0098074615,20.0573818967,19.9812628003,20.0383521226,11405,20.248757663786666,20.30956481985265,,,,,20.04995981740724,19.947773091417673,20.292112792341044,20.22244485218054,"rgba(239, 83, 80, 1.0)",0.19993613984067385,20.22244485218054,-1.0635265382736148,3,0.3046384068428231,0.9139152205284693,0.0,0.0,0.0,0.0,38.86305382919684,-15.277690994492538,False,True,False,True,True,0.0
2023-08-29 00:00:00+00:00,20.0573818967,20.1239861061,19.9527181392,19.9527181392,43979,20.24537633649676,20.30167967492167,,,,,20.049915646284333,19.9487007981725,20.27424909615534,20.216292335493403,"rgba(239, 83, 80, 0.5)",0.20271669639621184,20.216292335493403,-0.7839040474634121,3,0.302075762758189,0.906227288274567,0.0,0.0,0.0,0.0,41.1251960208228,-13.100045290019466,False,True,False,True,True,0.0
2023-08-30 00:00:00+00:00,20.0573818967,20.104956332,20.0003877233,20.0573818967,32314,20.24307726238274,20.296383140356816,,,,,20.049942154660076,19.949437871592625,20.263165668000095,20.212204059320676,"rgba(239, 83, 80, 0.5)",0.20519263930207612,20.212204059320676,-0.7545210351953834,3,0.29950279625078985,0.8985083887523695,0.0,0.0,0.0,0.0,42.6332908152401,-11.658935363691938,False,True,False,True,True,0.0
2023-08-31 00:00:00+00:00,20.0764116708,20.2001052024,20.0099026104,20.0859265579,73645,20.23913886201275,20.28703782616864,,,,,20.05056920136054,19.951725793658035,20.24589529630333,20.206557287069735,"rgba(239, 83, 80, 0.5)",0.20724251743676714,20.206557287069735,-0.6279870457057429,3,0.29782235429221154,0.8934670628766346,0.0,0.0,0.0,0.0,44.479465602353756,-9.893897240040879,False,False,False,True,True,0.0
2023-09-01 00:00:00+00:00,20.0764116708,20.1092380311,20.0098074615,20.104956332,37984,20.236776978984125,20.281839273400667,,,,,20.05067205710376,19.952634995900418,20.236778767668234,20.20248804824835,"rgba(239, 83, 80, 0.5)",0.2093179635261381,20.20248804824835,-0.602319912369152,3,0.2959670771210377,0.8879012313631132,0.0,0.0,0.0,0.0,45.71024879376286,-8.700541918587263,False,False,False,False,True,0.0
2023-09-05 00:00:00+00:00,19.914658591,20.0383521226,19.8956288169,20.0193223485,90530,20.22777503362936,20.264265369529543,,,,,20.049000239042694,19.952577097805094,20.205954573272084,20.184795856850993,"rgba(239, 83, 80, 1.0)",0.2136304266697316,20.184795856850993,-1.2645074489722454,3,0.2896565003048584,0.8689695009145753,0.0,0.0,0.0,0.0,41.342740184122206,-8.700541918587263,False,True,False,True,False,0.0
2023-09-06 00:00:00+00:00,19.914658591,20.0002925744,19.8861139299,19.9241734781,43427,20.223419233517962,20.256086244479487,,,,,20.04809296409143,19.952408752573586,20.19262490994661,20.17690878175754,"rgba(239, 83, 80, 1.0)",0.21815349466221431,20.17690878175754,-1.2021360976298159,3,0.2840638959437684,0.8521916878313052,0.0,0.0,0.0,0.0,38.431067777695105,-6.59230966876877,False,True,False,True,False,0.0
2023-09-07 00:00:00+00:00,19.8956288169,19.9432032522,19.8385394946,19.8385394946,98079,20.212706578569442,20.236842271383072,,,,,20.04537564279525,19.951225820560385,20.162739497171057,20.15570839306302,"rgba(239, 83, 80, 1.0)",0.22244440657270634,20.15570839306302,-1.1691891028872032,3,0.2797385120959253,0.839215536287776,0.0,0.0,0.0,0.0,36.01201939066437,-8.740785776244763,False,True,False,True,False,0.0
2023-09-08 00:00:00+00:00,20.0764116708,20.0954414449,19.8861139299,19.8956288169,100333,20.20650845397962,20.225670927685005,,,,,20.044918477127034,19.95257314783415,20.149482613035985,20.151081469098916,#000000,0.22313502378677222,20.151081469098916,-0.33463952467753916,3,0.27873040830232454,0.8361912249069736,0.0,0.0,0.0,0.0,41.62223512696832,-14.134619688475034,False,True,False,True,True,0.0
2023-09-11 00:00:00+00:00,20.104956332,20.1251278925,20.0478670097,20.0478670097,27658,20.205511305783283,20.223813993058656,,,,,20.045148251345147,19.953333002431027,20.148070452106925,20.151175194748156,#000000,0.22198990762482332,20.151175194748156,-0.2082025405689522,3,0.2785113836288367,0.8355341508865102,0.0,0.0,0.0,0.0,46.177360324279775,-10.153106167144223,False,False,False,False,True,0.0
2023-09-12 00:00:00+00:00,20.2073365166,20.2096200895,20.0668967838,20.0668967838,149911,20.20350704817423,20.219415548285813,,,,,20.048101407468096,19.959272539265054,20.149638877227027,20.156709295587508,#000000,0.21897611639313683,20.156709295587508,0.23119973925193252,3,0.2790696981154579,0.8372090943463737,0.0,0.0,0.0,0.0,51.7450660490434,-5.271871069669018,True,False,True,False,True,0.0
2023-09-13 00:00:00+00:00,20.2667094118,20.2952540729,20.1810754283,20.1810754283,21737,20.203795412904753,20.219700918026952,,,,,20.048834569016766,19.96046204828972,20.151297665783215,20.158455206148,#000000,0.21878091310423947,20.158455206148,0.49480644410888003,4,0.27181654033021263,1.0872661613208505,0.0,0.0,0.0,0.0,56.66622962603441,-1.0426052508577612,True,False,True,False,True,1.1673300880827853
2023-09-14 00:00:00+00:00,20.3333136211,20.3618582823,20.2381647506,20.2667094118,18351,20.204383619942824,20.220473503946135,,,,,20.049645461216134,19.96167875643762,20.153548281317914,20.160613857242218,"rgba(38, 166, 154, 0.5)",0.21763002807213916,20.160613857242218,0.7935474961228063,4,0.2718112621790996,1.0872450487163985,0.0,0.0,0.0,0.0,61.148547293678945,2.7998356923274628,True,False,True,False,True,2.5169538314142414
2023-09-15 00:00:00+00:00,20.314283847,20.3618582823,20.2667094118,20.3333136211,5281,20.204556694418088,20.220701117983165,,,,,20.049880708641265,19.962030498192366,20.154197060504984,20.161228228371122,"rgba(38, 166, 154, 0.5)",0.216025147841006,20.161228228371122,0.7085083387676924,4,0.27181916144182267,1.0872766457672907,0.0,0.0,0.0,0.0,63.37207518874436,4.625619415300449,True,False,True,False,True,2.1060327943942134
2023-09-18 00:00:00+00:00,20.3618582823,20.456816855,20.2191349765,20.2667094118,22164,20.205485005224332,20.221963549837195,,,,,20.050981134067126,19.96363108048835,20.15739104959789,20.18079258517296,"rgba(38, 166, 154, 0.5)",0.20803709811461796,20.18079258517296,0.8703529263193286,4,0.27240997819361956,1.0896399127744782,0.0,0.0,0.0,0.0,65.73994023060415,6.762908244536732,True,False,True,False,True,3.0786312041024253
2023-09-19 00:00:00+00:00,20.3523433952,20.3903077945,20.2571945247,20.2762242988,10976,20.205899206848226,20.22251649277301,,,,,20.051499810010473,19.964392711755714,20.158830155641446,20.181861577432564,"rgba(38, 166, 154, 0.5)",0.20461314331710598,20.181861577432564,0.833190942691423,4,0.27242105450885556,1.0896842180354223,0.0,0.0,0.0,0.0,66.89948931155241,7.915067865141523,True,False,True,False,True,2.8666013038572515
2023-09-20 00:00:00+00:00,20.3618582823,20.4379773786,20.3523433952,20.4379773786,4769,20.206149745603952,20.222864388524098,,,,,20.051765081486902,19.964768075637764,20.159627997716957,20.18282349318266,"rgba(38, 166, 154, 0.5)",0.19687758970074676,20.18282349318266,0.9093710939344114,4,0.2727698586370038,1.0910794345480153,0.0,0.0,0.0,0.0,67.86996695007353,9.049108059836549,True,False,True,False,True,3.0659316703821062
2023-09-21 00:00:00+00:00,20.1620456543,20.3424479127,20.0954414449,20.2476796377,19908,20.206113728720535,20.22266047559331,,,,,20.05225696735117,19.96564303065537,20.160215979731465,20.180894332134294,#000000,0.19362077550093174,20.180894332134294,-0.09734842650809082,4,0.2740009541201604,1.0960038164806416,0.0,0.0,0.0,0.0,61.35602233306262,9.049108059836549,True,False,True,False,False,0.0
2023-09-22 00:00:00+00:00,20.2381647506,20.2524370812,20.1525307672,20.1525307672,3801,20.206122926615716,20.222646408945472,,,,,20.052359629544856,19.965819564260208,20.16036624948816,20.180785689398768,#000000,0.19001018769602512,20.180785689398768,0.3019788670122557,4,0.27381426612582005,1.0952570645032802,0.0,0.0,0.0,0.0,58.98077050769844,18.061576111266973,True,False,True,False,False,0.32451467537646295
2023-09-25 00:00:00+00:00,20.1238909572,20.2476796377,20.0859265579,20.2476796377,4357,20.206054598006087,20.2225101194575,,,,,20.052432265569678,19.965971312783267,20.1603413086369,20.180328328626793,#000000,0.190443745064819,20.180328328626793,-0.2963466792127165,5,0.2755764364401381,1.3778821822006904,0.0,0.0,0.0,0.0,54.52862953393674,13.780790453110967,True,False,True,False,False,0.0
2023-09-26 00:00:00+00:00,20.1905903154,20.2814574867,20.0906840014,20.104956332,14857,20.205974661667312,20.222280207862465,,,,,20.052765705568415,19.966583875734365,20.160632586696696,20.17976885583987,#000000,0.18962961312530655,20.17976885583987,0.0570662956158624,6,0.2772065797904732,1.663239478742839,0.0,0.0,0.0,0.0,53.23651611443213,12.458345428869748,True,False,True,False,False,0.0
2023-09-27 00:00:00+00:00,20.104956332,20.2667094118,20.0193223485,20.1905903154,34436,20.20522366950121,20.220898586467445,,,,,20.05320674866712,19.967626304996454,20.159899591154748,20.177287492716044,#000000,0.19009991994974018,20.177287492716044,-0.38049022185367914,6,0.27597402674067295,1.6558441604440377,0.0,0.0,0.0,0.0,50.424919437330644,9.603822935058588,True,False,False,False,False,0.0
2023-09-28 00:00:00+00:00,20.0193223485,20.1996294581,19.9527181392,20.0193223485,59168,20.20274142416378,20.216779312714433,,,,,20.05324561104954,19.9685957435603,20.155802533483257,20.17125161868003,"rgba(239, 83, 80, 0.5)",0.19196781492714077,20.17125161868003,-0.7914309502230537,7,0.28487333247617713,1.9941133273332399,0.0,0.0,0.0,0.0,46.86699608091859,6.057614055140043,False,False,False,True,False,0.0
2023-09-29 00:00:00+00:00,19.8480543817,20.1239861061,19.8480543817,20.114471219,124961,20.19375413823291,20.20281183929781,,,,,20.05097847780386,19.967957593738607,20.139032121363062,20.153035720629155,"rgba(255, 0, 0, 1.0)",0.1972915730440008,20.153035720629155,-1.5458406774481859,7,0.2783279712425725,1.9482957986980076,0.0,0.0,0.0,0.0,41.86187454006128,1.2224260854129625,False,True,False,True,False,0.0
2023-10-02 00:00:00+00:00,19.9479606957,20.104956332,19.8575692687,19.8861139299,28274,20.192036733322695,20.200185094585656,,,,,20.050613954093098,19.96796868129557,20.1361137194519,20.150243792332937,"rgba(239, 83, 80, 1.0)",0.20012580437247127,20.150243792332937,-1.0107796806475264,7,0.27463029618332746,1.9224120732832923,0.0,0.0,0.0,0.0,41.09417567563875,0.37669623005075437,False,True,False,True,False,0.0
2023-10-03 00:00:00+00:00,19.7814501723,19.8385394946,19.714845963,19.8290246076,25004,20.18924518486599,20.196014106202927,19.778278543299997,,,,20.0495319625839,19.96712871013921,20.13072717063991,20.128892979659575,"rgba(255, 0, 0, 1.0)",0.2066320238808423,20.128892979659575,-1.6814567308305144,7,0.26730892189584626,1.871162453270924,0.0,0.0,0.0,0.0,38.3178770292019,-2.4802801771803615,False,True,False,True,False,0.0
2023-10-04 00:00:00+00:00,19.9336883651,19.9921097716,19.8195097205,19.8195097205,22262,20.187608259975963,20.19356311925666,19.842721855082626,,,,20.049058119031255,19.96692440153547,20.12787550539775,20.129474384684723,"rgba(239, 83, 80, 0.5)",0.20832557641002863,20.129474384684723,-0.9398078860916004,7,0.2638629123331467,1.8470403863320268,0.0,0.0,0.0,0.0,39.76770932293708,-2.4802801771803615,False,True,False,True,False,0.0
2023-10-05 00:00:00+00:00,19.9812628003,20.0288372356,19.9336883651,19.9336883651,13869,20.18684351677567,20.19241536521622,19.874151058806877,,,,20.04890957030499,19.96695939491421,20.1266774156237,20.129995177178387,"rgba(239, 83, 80, 0.5)",0.20876468644931817,20.129995177178387,-0.7124403049578647,7,0.26191133171824355,1.8333793220277048,0.0,0.0,0.0,0.0,41.655155697317646,-2.4802801771803615,False,True,False,True,False,0.0
2023-10-06 00:00:00+00:00,19.914658591,20.1430158802,19.8670841558,19.8670841558,9972,20.186280291458683,20.191573192213603,19.88828276620173,,,,20.04879318561201,19.96697333874268,20.125790950162287,20.129921873708923,"rgba(239, 83, 80, 1.0)",0.21002368013610195,20.129921873708923,-1.0249476752784616,7,0.25889486984799887,1.812264088935992,0.0,0.0,0.0,0.0,41.86733131781598,-2.4802801771803615,False,True,False,True,False,0.0
2023-10-09 00:00:00+00:00,20.0573818967,20.1430158802,19.9622330262,20.0193223485,9441,20.185948816533763,20.191071466381533,19.907731064628077,,,,20.048801240834493,19.967117775379517,20.125397266854424,20.13060115473061,#000000,0.20960639971866846,20.13060115473061,-0.34931785541320537,7,0.257952295934136,1.8056660715389519,0.0,0.0,0.0,0.0,44.7024589200508,-2.4802801771803615,False,False,False,True,True,0.0
2023-10-10 00:00:00+00:00,20.0193223485,20.1525307672,19.9907776874,20.0478670097,16839,20.185361708813414,20.190185626059716,19.93305850361406,,,,20.048815548844626,19.96737420925773,20.12470573741351,20.131348065714825,"rgba(239, 83, 80, 0.5)",0.20967180182211062,20.131348065714825,-0.5342908118368165,7,0.2578719922856254,1.8051039459993778,0.0,0.0,0.0,0.0,45.930050818292884,-2.4802801771803615,False,False,False,True,True,0.0
2023-10-11 00:00:00+00:00,20.1430158802,20.2034354129,19.8575692687,20.0573818967,50283,20.18382047180559,20.187868968072845,19.97900966430414,,,,20.048965950472052,19.968251284230604,20.123107391739048,20.132500871040886,#000000,0.20833237467818502,20.132500871040886,0.050472276214183806,7,0.25843347100689235,1.8090342970482465,0.0,0.0,0.0,0.0,48.87526236966782,-8.77266108984498,True,False,False,False,True,0.0
2023-10-12 00:00:00+00:00,20.1810754283,20.3041029179,20.1052417786,20.1564318709,64654,20.18403612374186,20.188081687356114,20.04533024078326,,,,20.050440848625495,19.970784217261414,20.12568531896388,20.139853847193727,#000000,0.20593279846859797,20.139853847193727,0.20017006233497153,7,0.2596497390766491,1.8175481735365437,0.0,0.0,0.0,0.0,51.44426255248355,-6.0768320838465755,True,False,False,False,True,0.16709250977334733
2023-10-13 00:00:00+00:00,20.2476796377,20.2667094118,20.1715605413,20.2667094118,6285,20.184108026915528,20.188175329398497,20.05060067260173,,,,20.050613506517543,19.97106172041749,20.12603424273127,20.140613490876483,"rgba(38, 166, 154, 0.5)",0.20217206107569943,20.140613490876483,0.529579340754842,7,0.26088442734364137,1.8261909914054897,0.0,0.0,0.0,0.0,54.195469378576234,-3.2578976261533654,True,False,True,False,True,1.443140295518056
2023-10-16 00:00:00+00:00,20.1525307672,20.1905903154,20.0859265579,20.1905903154,11724,20.18398485687806,20.187981714586996,20.05530462684837,,,,20.050780202922347,19.97140621841507,20.126140916154682,20.14059802456088,#000000,0.19921468953964733,20.14059802456088,0.05989890939615274,7,0.26330076608294334,1.8431053625806033,0.0,0.0,0.0,0.0,54.013069229188325,-3.2014267381363055,True,False,True,False,True,0.0
2023-10-17 00:00:00+00:00,19.8480543817,20.1430158802,19.7814501723,20.1430158802,22621,20.18249090728936,20.185817319952665,20.043577918764722,,,,20.050341038851034,19.971224341490032,20.123722328186044,20.13499155235402,"rgba(255, 0, 0, 1.0)",0.18928608525993615,20.13499155235402,-1.515891515533145,7,0.2625737947440156,1.8380165632081091,0.0,0.0,0.0,0.0,49.18971562177101,-3.2014267381363055,True,False,False,False,False,0.0
2023-10-18 00:00:00+00:00,19.8480543817,20.0972492735,19.8385394946,19.8385394946,10805,20.181793701402878,20.18481070679409,20.038841078185293,,,,20.05013858699709,19.97114488986949,20.122608872847966,20.13281127828494,"rgba(255, 0, 0, 1.0)",0.1838000625035562,20.13281127828494,-1.549275297876635,8,0.38618778279026167,3.0895022623220934,0.0,0.0,0.0,0.0,45.97414655015947,3.3156386132391447,False,False,False,True,False,0.0
2023-10-19 00:00:00+00:00,19.8670841558,19.9717479133,19.8385394946,19.8765990428,9299,20.181113258430113,20.183831835284355,20.033855969542575,,,,20.049914437292053,19.97102075835172,20.121487831835296,20.130741835789458,"rgba(239, 83, 80, 1.0)",0.1824531932904306,20.130741835789458,-1.4450702409453824,8,0.38326122648235084,3.0660898118588067,0.0,0.0,0.0,0.0,44.22331891751494,1.5702102346372158,False,False,False,True,False,0.0
2023-10-20 00:00:00+00:00,19.8480543817,19.9717479133,19.7909650594,19.7909650594,15258,20.179918339217046,20.182118500695903,20.025198067730667,,,,20.049496361133933,19.970760608565918,20.119495844595043,20.127302094573043,"rgba(255, 0, 0, 1.0)",0.1851178862181358,20.127302094573043,-1.5084858550296387,8,0.3807304618220024,3.045843694576019,0.0,0.0,0.0,0.0,42.771115449630585,0.03869289001940501,False,True,False,True,False,0.0
2023-10-23 00:00:00+00:00,19.9717479133,19.9811676515,19.7909650594,19.839015239,9249,20.179301620818297,20.18123548051499,20.02176126244768,,,,20.049306381979157,19.970672897206335,20.11851589772771,20.125778111751004,"rgba(239, 83, 80, 0.5)",0.184466170291228,20.125778111751004,-0.8350051297092951,8,0.3905132802960639,3.1241062423685113,0.0,0.0,0.0,0.0,44.41921232936052,0.03869289001940501,False,False,False,True,False,0.0
2023-10-24 00:00:00+00:00,19.9432032522,20.0098074615,19.8290246076,19.8861139299,10248,20.178654304807743,20.180310217076563,20.018617870972975,,,,20.04911632613066,19.9705980127748,20.117508046188117,20.124302152283466,"rgba(239, 83, 80, 0.5)",0.18387712361574862,20.124302152283466,-0.9848908690888141,8,0.3936889098208911,3.149511278567129,0.0,0.0,0.0,0.0,45.0078679415766,0.03869289001940501,False,False,False,True,False,0.0
2023-10-25 00:00:00+00:00,19.7814501723,19.9241734781,19.7814501723,19.8575692687,13547,20.177470907356632,20.17862600668271,20.01062552612805,,,,20.048663873330526,19.970275297449316,20.115511479746253,20.10382832775393,"rgba(255, 0, 0, 1.0)",0.18448612741113687,20.10382832775393,-1.7474384658500255,8,0.3987490600509036,3.189992480407229,0.0,0.0,0.0,0.0,42.83550742843595,-0.42166398736688393,False,True,False,True,False,0.0
2023-10-26 00:00:00+00:00,20.0002925744,20.0002925744,19.7909650594,19.8195097205,9151,20.17690756516518,20.177825066368364,20.008407519653677,,,,20.048500034990713,19.970214171476016,20.11465064048152,20.104774722664054,"rgba(239, 83, 80, 0.5)",0.17820819162706833,20.104774722664054,-0.5862926238693977,8,0.40360462981675427,3.228837038534034,0.0,0.0,0.0,0.0,45.46078081286918,-0.42166398736688393,False,False,False,True,False,0.0
2023-10-27 00:00:00+00:00,20.1430158802,20.1430158802,19.8861139299,19.905143704,14506,20.176476911040357,20.177211866954682,20.010466613305297,,,,20.048519516465728,19.97042609190424,20.11423129912067,20.108318299935252,#000000,0.1715467206700173,20.108318299935252,0.20226315099016742,8,0.4102546738294767,3.282037390635814,0.0,0.0,0.0,0.0,49.260541845941404,-0.42166398736688393,False,False,False,False,True,0.20920997594029345
2023-10-30 00:00:00+00:00,20.1701333082,20.1797107695,19.9595249362,20.0360488513,19416,20.17612485371835,20.176710408306597,20.015403094068635,,,,20.048679353406598,19.97085649866179,20.11412348545744,20.11160470117437,#000000,0.16838015268303863,20.11160470117437,0.3475980161141909,9,0.38375718150553656,3.453814633549829,0.0,0.0,0.0,0.0,52.15911302876532,-4.669440818320716,True,False,True,False,True,0.6967257198422772
2023-10-31 00:00:00+00:00,20.3616825324,20.3999923773,20.0839361574,20.0839361574,22065,20.17669848641221,20.17751310045689,20.030615592264994,,,,20.04945251523055,19.971998704242118,20.11595352731662,20.11915060337076,"rgba(38, 166, 154, 1.0)",0.16657902002337474,20.11915060337076,1.4559572327608128,9,0.38477198420660613,3.4629478578594552,0.0,0.0,0.0,0.0,56.402273201066855,-0.6621798700501387,True,False,True,False,True,4.031100565444444
2023-11-01 00:00:00+00:00,20.4478796833,20.4670346058,20.3042177652,20.34252761,18255,20.177724672663548,20.178949319084644,20.0475630414837,,,,20.050428905896467,19.973314514780057,20.11855137977676,20.126644403041702,"rgba(0, 255, 255, 0.75)",0.1675401303714155,20.126644403041702,1.9173631985731292,9,0.3829308982865171,3.446378084578654,0.0,0.0,0.0,0.0,60.114201371016165,2.7728368543573723,True,False,True,False,True,5.4639576530520415
2023-11-02 00:00:00+00:00,20.4095698385,20.5915416015,20.3808374549,20.4478796833,25999,20.179513615450883,20.18144472071442,20.0724958061773,,,,20.052020933234672,19.975407941702347,20.12285476373599,20.136816985785796,"rgba(0, 255, 255, 0.75)",0.16728452626314888,20.136816985785796,1.630472697069115,9,0.3810602760930064,3.4295424848370577,0.0,0.0,0.0,0.0,61.787853908018064,4.31864552377894,True,False,True,False,True,4.733879909290973
2023-11-03 00:00:00+00:00,20.5819641403,20.9075978214,20.4298740563,20.4383022221,15670,20.18126114711497,20.183878978297415,20.09240935177143,,,,20.053392615731884,19.977123682856234,20.126744730667625,20.16780573783556,"rgba(0, 255, 0, 1.0)",0.17511406167221957,20.16780573783556,2.36507792983332,9,0.37535023370654336,3.3781521033588904,0.0,0.0,0.0,0.0,64.64386320722684,7.055351595129508,True,False,True,False,True,7.544309754361681
2023-11-06 00:00:00+00:00,20.3521050712,20.553135982,20.3521050712,20.4095698385,8350,20.181741362695497,20.18454279418548,20.098407951712254,,,,20.05384682957401,19.977731053600568,20.12791235902236,20.166096414833643,"rgba(38, 166, 154, 1.0)",0.17508256688667787,20.166096414833643,1.0624053535081646,9,0.37464235462859885,3.37178119165739,0.0,0.0,0.0,0.0,62.32479687499471,7.055351595129508,True,False,True,False,True,3.284267299001158
2023-11-07 00:00:00+00:00,20.3137952264,20.3999923773,20.2084431531,20.34252761,14035,20.18216638115764,20.185122824744994,20.10466499840371,,,,20.054375050087977,19.978490776634253,20.129109239052617,20.16323350385436,"rgba(38, 166, 154, 0.5)",0.17489846363080375,20.16323350385436,0.860852173427106,9,0.37475776451140663,3.37281988060266,0.0,0.0,0.0,0.0,60.1642284152962,7.055351595129508,True,False,True,False,False,2.603139272778712
2023-11-08 00:00:00+00:00,20.3329501488,20.3742290066,20.2084431531,20.2754853816,21465,20.182799533112306,20.18598361140481,20.113445111130076,,,,20.055171666549047,19.97963820498873,20.130886937935923,20.16289488625422,"rgba(38, 166, 154, 0.5)",0.17557899612837297,20.16289488625422,0.9685398954066374,9,0.3758614353422815,3.3827529180805334,0.0,0.0,0.0,0.0,58.978097480227554,7.055351595129508,True,False,True,False,False,2.9230982486639476
2023-11-09 00:00:00+00:00,20.1892882307,20.4191472997,20.112668541,20.4191472997,10146,20.182939218716573,20.186167255757006,20.116018479537985,,,,20.05544926089196,19.980070309318087,20.131406860881942,20.1622452048937,#000000,0.17392054886784997,20.1622452048937,0.15549068803162663,9,0.3781179898640726,3.403061908776653,0.0,0.0,0.0,0.0,55.83383654636543,13.37413455791301,True,False,True,False,False,0.3737459758749786
2023-11-10 00:00:00+00:00,20.2754853816,20.3329501488,20.1223417768,20.3042177652,5361,20.183016881893185,20.186269533763305,20.117370698548985,,,,20.05559815371377,19.980300870298763,20.131687662398956,20.16206022139743,"rgba(38, 166, 154, 0.5)",0.17349186041770176,20.16206022139743,0.6537779924054444,9,0.38036585400023415,3.4232926860021076,0.0,0.0,0.0,0.0,55.01687588645383,12.4011529101046,True,False,True,False,False,1.839183664577945
2023-11-13 00:00:00+00:00,20.2084431531,20.3329501488,20.2084431531,20.2275980755,15730,20.18326739323174,20.186600569261216,20.121369481678087,,,,20.056048388983054,19.980991316619107,20.132549841178196,20.161986779000095,#000000,0.1714154237516685,20.161986779000095,0.27101630111888814,9,0.38215598403482187,3.4394038563133966,0.0,0.0,0.0,0.0,53.38502831380166,10.59182592069925,False,False,False,False,False,0.6600265947233908
2023-11-14 00:00:00+00:00,20.3521050712,20.65858383,20.1222460022,20.3521050712,12412,20.18383978589169,20.187381061481997,20.127327088390963,,,,20.056635191859325,19.981791125233972,20.133951763381344,20.164221777642858,"rgba(38, 166, 154, 1.0)",0.17041390520381078,20.164221777642858,1.1025115194234805,9,0.38261328241974657,3.443519541777719,0.0,0.0,0.0,0.0,54.390170088092525,10.59182592069925,True,False,True,False,False,3.0735132811653294
2023-11-15 00:00:00+00:00,20.294640304,20.5723866791,20.2563304591,20.4478796833,12128,20.18438667504457,20.188124866177287,20.13281585727128,,,,20.057200821471007,19.982563246254394,20.135288458946906,20.166247841898713,"rgba(38, 166, 154, 0.5)",0.17054046145211652,20.166247841898713,0.752856307576827,9,0.38425075271268977,3.458256774414208,0.0,0.0,0.0,0.0,54.07356547633753,10.59182592069925,False,False,True,False,False,2.0524727040745105
2023-11-16 00:00:00+00:00,20.3233726876,20.5149219118,20.2850628428,20.2850628428,12675,20.18495488647862,20.18889592331306,20.13829753373834,,,,20.057789814646107,19.98336695323233,20.136669655208806,20.168271588553342,"rgba(38, 166, 154, 0.5)",0.17199968396025161,20.168271588553342,0.9017522327686396,9,0.3868773286643898,3.481895957979508,0.0,0.0,0.0,0.0,54.297923064867675,10.534226884497443,False,False,True,False,False,2.535982874162695
2023-11-17 00:00:00+00:00,20.3521050712,20.4861895282,20.3137952264,20.3521050712,10067,20.185426455152424,20.18953517129596,20.142646737845467,,,,20.058270162575617,19.984018519959786,20.137799071757378,20.169928344358958,"rgba(38, 166, 154, 1.0)",0.1741757749993735,20.169928344358958,1.04593607717088,9,0.3910832563353146,3.5197493070178316,0.0,0.0,0.0,0.0,54.89908982686835,10.534226884497443,False,False,True,False,False,3.0227978429253746
2023-11-20 00:00:00+00:00,20.34252761,20.4438571496,20.3137952264,20.3137952264,10904,20.185890435208336,20.1901616794501,20.146861656885623,,,,20.05876130357195,19.984691448335905,20.138925660931733,20.171454029111228,"rgba(38, 166, 154, 0.5)",0.17611983681196147,20.171454029111228,0.9713476005058085,9,0.394150363521129,3.547353271690161,0.0,0.0,0.0,0.0,55.09681800769856,10.51139187161661,False,False,True,False,False,2.8449189335819547
2023-11-21 00:00:00+00:00,20.473643054,20.4957669894,20.3233726876,20.34252761,10799,20.186509920909668,20.19100183251371,20.152056676430806,,,,20.059347256413552,19.985467173615415,20.140341908984933,20.173655268601866,"rgba(0, 255, 255, 0.75)",0.18080932626795845,20.173655268601866,1.6591388928331803,9,0.4094142539494661,3.6847282855451953,0.0,0.0,0.0,0.0,57.31355777077292,10.51139187161661,True,False,True,False,True,5.071977102639252
2023-11-22 00:00:00+00:00,20.4191472997,20.6490063687,20.3521050712,20.6490063687,18746,20.18776354647861,20.192702258468486,20.161944846918313,,,,20.06047586042005,19.98693521120944,20.143122794075296,20.17807763580201,"rgba(38, 166, 154, 1.0)",0.18399798840777185,20.17807763580201,1.3101755404180802,9,0.4194694951852259,3.7752254566670334,0.0,0.0,0.0,0.0,57.54879404910665,10.51139187161661,True,False,True,False,True,4.037359631769057
2023-11-24 00:00:00+00:00,20.3616825324,20.4964374117,20.3521050712,20.3904149161,2942,20.187911320466217,20.192901173077065,20.16310526259868,,,,20.060622490247656,19.987131762428923,20.143463400585542,20.178538824682004,"rgba(38, 166, 154, 0.5)",0.1858780354190415,20.178538824682004,0.985289667523752,9,0.4236959515971559,3.8132635643744033,0.0,0.0,0.0,0.0,56.439946651153086,10.51139187161661,False,False,True,False,True,2.953562169642982
2023-11-27 00:00:00+00:00,20.3999923773,20.5149219118,20.3233726876,20.4191472997,10786,20.18847480483952,20.193659498021304,20.167427797754858,,,,20.06117363585402,19.987866933699916,20.144749210262805,20.18029599796728,"rgba(38, 166, 154, 1.0)",0.1884693040064852,20.18029599796728,1.1656878582475023,9,0.4215287136826358,3.7937584231437222,0.0,0.0,0.0,0.0,56.39950485556368,10.51139187161661,False,False,True,False,True,3.619415341111349
2023-11-28 00:00:00+00:00,20.5436542954,20.5628092179,20.3808374549,20.3808374549,17346,20.189708280859524,20.195325996632846,20.17632245196869,,,,20.062264778263742,19.989273849850143,20.147423990359652,20.184354654209706,"rgba(0, 255, 255, 0.75)",0.1943073622986545,20.184354654209706,1.849130351726162,9,0.41593651973912577,3.743428677652132,0.0,0.0,0.0,0.0,58.686026277845826,10.51139187161661,True,False,True,False,True,6.057550951666524
2023-11-29 00:00:00+00:00,20.6011190627,20.6777387524,20.4957669894,20.6777387524,33434,20.192793364676934,20.199494410234987,20.196927243441806,,,,20.06481380031956,19.992472420359007,20.15385254957166,20.194366393218495,"rgba(0, 255, 0, 1.0)",0.20149239222079393,20.194366393218495,2.0186998873674056,9,0.40840979562511187,3.675688160626007,0.0,0.0,0.0,0.0,61.01062298994758,6.866938749554691,True,False,True,False,True,7.005500995753803
2023-11-30 00:00:00+00:00,20.9267527438,20.9554851275,20.5532317566,20.5831134356,87346,20.204965384767366,20.215874005098428,20.267495009097363,,,,20.074095795142675,20.003685028075246,20.177827443474108,20.230913992537772,"rgba(0, 255, 0, 1.0)",0.22053629648696363,20.230913992537772,3.155211919065495,9,0.3855140005144969,3.4696260046304723,0.0,0.0,0.0,0.0,65.87327198521965,11.451438675398542,True,False,True,False,True,12.013324576385187
2023-12-01 00:00:00+00:00,21.0033724335,21.0512597396,20.7447809808,20.8947640234,25802,20.20917052332033,20.221497281576454,20.289321162965532,,,,20.077237380017017,20.00742718767296,20.185870780802226,20.24249902863811,"rgba(0, 255, 0, 1.0)",0.24094817171481916,20.24249902863811,3.1578301650798273,9,0.3640253423002833,3.27622808070255,0.0,0.0,0.0,0.0,69.68187141067803,14.872324442460823,True,False,True,False,True,13.107775592001161
2023-12-04 00:00:00+00:00,20.8309781317,21.0304766487,20.7160485972,20.8309781317,16350,20.211540454284112,20.22464952027244,20.30092033979733,,,,20.07904522698416,20.0095946929115,20.19038373770967,20.248638779555705,"rgba(0, 255, 0, 1.0)",0.25217454125525823,20.248638779555705,2.3092709884414333,9,0.3536704421883843,3.1830339796954585,0.0,0.0,0.0,0.0,68.43054229206751,14.872324442460823,True,False,True,False,True,9.727676877915215
2023-12-05 00:00:00+00:00,20.8261894011,21.0415865037,20.7543584421,20.7543584421,18130,20.214208176561165,20.228189801990784,20.313570753423456,,,,20.081078185424648,20.01202717129553,20.195427555934575,20.255391453781748,"rgba(0, 255, 0, 1.0)",0.2621553231419346,20.255391453781748,2.1773273206022714,9,0.34217991110208984,3.0796191999188087,0.0,0.0,0.0,0.0,67.49798477716814,14.872324442460823,True,False,True,False,False,9.63564466253467
2023-12-06 00:00:00+00:00,20.9267527438,21.0129498947,20.8321274271,20.8788654378,10278,20.21582465073748,20.230333456532545,20.32111404618831,,,,20.082298302202343,20.013479558976126,20.19846183663632,20.259460708966564,"rgba(0, 255, 0, 1.0)",0.27355087453230953,20.259460708966564,2.4393708701326866,9,0.328541862075739,2.956876758681651,0.0,0.0,0.0,0.0,67.94949683175318,14.872324442460823,True,False,True,False,False,11.122456477725137
2023-12-07 00:00:00+00:00,20.9075978214,20.9746400499,20.8309781317,20.9267527438,40156,20.22189790764485,20.238351173904167,20.34798073155181,,,,20.08692173100577,20.018989119225633,20.20976547648025,20.274090026118593,"rgba(0, 255, 0, 1.0)",0.28346830466243994,20.274090026118593,2.2348452538134778,9,0.3168952438521245,2.85205719466912,0.0,0.0,0.0,0.0,67.80867473253622,14.872324442460823,True,False,True,False,False,10.74337704135371
2023-12-08 00:00:00+00:00,20.8405555929,20.9985837029,20.7830908257,20.9985837029,9375,20.223238080964883,20.240111652238596,20.353577910091378,,,,20.08795389105029,20.020221884180295,20.21223959395697,20.27716927183311,"rgba(0, 255, 255, 0.75)",0.2915572814693571,20.27716927183311,1.9323349368179037,9,0.30858599502489886,2.7772739552240897,0.0,0.0,0.0,0.0,66.16161148903305,14.872324442460823,True,False,True,False,False,9.416342225878545
2023-12-11 00:00:00+00:00,20.7447809808,20.8611471345,20.6873162136,20.7830908257,12614,20.224730242406732,20.242057952552344,20.359375965616564,,,,20.08914525785321,20.02166265574252,20.214992784768913,20.2803548298354,"rgba(0, 255, 255, 0.75)",0.2966218539955795,20.2803548298354,1.5657179156176517,8,0.3272313172537066,2.6178505380296526,0.0,0.0,0.0,0.0,63.0135590989196,17.92566632014993,True,False,True,False,False,7.553847987186678
2023-12-12 00:00:00+00:00,20.7830908257,20.9459076663,20.6873162136,20.7447809808,18923,20.227122340685078,20.245177951208607,20.36862394728823,,,,20.091032748242725,20.023932410797162,20.219376476187506,20.2855012499794,"rgba(0, 255, 255, 0.75)",0.30218119396453746,20.2855012499794,1.646659638848983,7,0.3313831820183538,2.3196822741284766,0.0,0.0,0.0,0.0,61.5102360034664,16.447835616448998,True,False,True,False,False,8.155805746277753
2023-12-13 00:00:00+00:00,20.9842175111,21.118301968,20.7926682869,21.0385217162,37305,20.233066725233563,20.25295253123259,20.392044485353594,,,,20.09554971740773,20.029274875453794,20.230133269478497,20.2987942024207,"rgba(0, 255, 0, 1.0)",0.31258342403608347,20.2987942024207,2.192769212868353,7,0.31938837196390935,2.2357186037473653,0.0,0.0,0.0,0.0,63.17004055764379,16.447835616448998,True,False,True,False,False,11.205962479350063
2023-12-14 00:00:00+00:00,21.070414662,21.1087245068,20.9937949723,21.070414662,37074,20.239615453024395,20.261497487026592,20.417043409339804,,,,20.10046576868103,20.03504387499034,20.241828837576577,20.313245268613308,"rgba(0, 255, 0, 1.0)",0.32530803044834655,20.313245268613308,2.327545964183995,7,0.3062270486232457,2.1435893403627198,0.0,0.0,0.0,0.0,65.20571331216667,16.447835616448998,True,False,True,False,True,12.45407748669933
2023-12-15 00:00:00+00:00,21.0225273559,21.1661892741,20.7926682869,21.0033724335,24529,20.243557613372733,20.26660650485822,20.4310279087001,,,,20.10347568642045,20.038589219968507,20.248795323739568,20.32147687472399,"rgba(0, 255, 0, 1.0)",0.33554427402237247,20.32147687472399,2.0892935312890044,7,0.2960840128163292,2.072588089714304,0.0,0.0,0.0,0.0,65.44576822047978,16.447835616448998,True,False,True,False,True,11.494752632617551
2023-12-18 00:00:00+00:00,21.0225273559,21.1757667353,20.8501330542,21.070414662,51021,20.25186718128962,20.27732797534085,20.459120975503808,,,,20.109827406843856,20.046050862811597,20.26330264255723,20.338337115516705,"rgba(0, 255, 255, 0.75)",0.3451647629372617,20.338337115516705,1.9822134639730167,7,0.28696608466379586,2.008762592646571,0.0,0.0,0.0,0.0,65.60580482602185,16.447835616448998,True,False,True,False,True,11.49475263261754
2023-12-19 00:00:00+00:00,21.0129498947,21.1661892741,20.9746400499,20.9746400499,85603,20.266037028612363,20.295466621975695,20.50326526293505,,,,20.120693328325803,20.058761399261744,20.287528323716707,20.365748575863478,"rgba(0, 255, 255, 0.75)",0.35381107040327536,20.365748575863478,1.8292285713356555,7,0.2790865162439677,1.9536056137077737,0.0,0.0,0.0,0.0,65.45822073031646,16.447835616448998,True,False,True,False,True,11.297618291095915
2023-12-20 00:00:00+00:00,20.9650625887,21.070414662,20.9459076663,20.9937949723,28191,20.2702606569963,20.30081527244263,20.515019763177428,,,,20.12399942940382,20.06263889691012,20.294607594131783,20.373353852744714,"rgba(0, 255, 255, 0.75)",0.3586206835802419,20.373353852744714,1.6499570801328054,7,0.2729042790510426,1.9103299533572982,0.0,0.0,0.0,0.0,64.0602084038292,16.447835616448998,True,False,True,False,True,10.305657990789829
2023-12-21 00:00:00+00:00,20.9267527438,21.0512597396,20.9267527438,20.9650625887,32096,20.27484240236846,20.306585147001226,20.527056624642448,,,,20.127623506654125,20.066894521565587,20.302208490983304,20.381322088176706,"rgba(0, 255, 255, 0.75)",0.3619534056632224,20.381322088176706,1.5069084779679867,7,0.26760261043142325,1.8732182730199627,0.0,0.0,0.0,0.0,62.10674292645133,16.328883686686737,True,False,True,False,False,9.512643577703543
2023-12-22 00:00:00+00:00,20.9746400499,21.2811188086,20.9459076663,21.0033724335,46264,20.28226942560701,20.315946654185876,20.546972244215734,,,,20.133401528934247,20.07362462784378,20.314451470577616,20.39450629225468,"rgba(0, 255, 255, 0.75)",0.3654924807112087,20.39450629225468,1.587265917253464,6,0.2693323881273974,1.6159943287643843,0.0,0.0,0.0,0.0,61.70105122172132,15.783200717176385,True,False,True,False,False,10.28004986780406
2023-12-26 00:00:00+00:00,21.0225273559,21.2140765801,20.9746400499,20.9746400499,13400,20.284403314667976,20.31862659595916,20.55250299704975,,,,20.135067514616594,20.075563278136755,20.31793943261275,20.39822350606051,"rgba(0, 255, 255, 0.75)",0.3720491311092301,20.39822350606051,1.6780145352797482,5,0.2967762446784776,1.483881223392388,0.0,0.0,0.0,0.0,62.29239958823001,15.783200717176385,True,False,True,False,False,11.04479672754956
2023-12-27 00:00:00+00:00,21.1949216577,21.2332315026,21.0034682081,21.0034682081,14241,20.286869265339288,20.321730211275003,20.55906991016329,,,,20.1369701220865,20.07776687545826,20.32196964522481,20.402604273056983,"rgba(0, 255, 0, 1.0)",0.38282035132652253,20.402604273056983,2.0696845972204283,5,0.28769516231301157,1.4384758115650578,0.0,0.0,0.0,0.0,65.21255683620083,15.783200717176385,True,False,True,False,True,13.705388540610667
2023-12-28 00:00:00+00:00,21.3290061147,21.3768934207,21.1374568905,21.2188653107,21565,20.2911703203331,20.327162978194952,20.571010748465657,,,,20.140228446406972,20.081513860495164,20.329004907743425,20.410474049026153,"rgba(0, 255, 0, 1.0)",0.3975626678710943,20.410474049026153,2.310408244799465,5,0.27719334433678633,1.3859667216839315,0.0,0.0,0.0,0.0,68.61386204040028,14.481179007933804,True,False,True,False,True,15.664444468609801
2023-12-29 00:00:00+00:00,21.8749214036,22.0377382442,21.300273731,21.4056258043,132248,20.328551993716804,20.374500750320163,20.678432164122647,,,,20.167647366280978,20.112545783266214,20.389640145898372,20.550338111817485,"rgba(0, 255, 0, 1.0)",0.43233610661773464,20.550338111817485,3.063781330097629,5,0.25639479538206655,1.2819739769103329,0.0,0.0,0.0,0.0,74.18400550278731,19.5703685486302,True,False,True,False,True,20.0
2024-01-02 00:00:00+00:00,21.5684426449,21.7504144079,21.4152032655,21.7504144079,37076,20.337539553367012,20.385719128768738,20.701070004489402,,,,20.17440174038951,20.120203876437795,20.403810303211007,20.563656062720092,"rgba(0, 255, 0, 1.0)",0.45215227709400013,20.563656062720092,2.2222305030458074,5,0.245483979694115,1.227419898470575,0.0,0.0,0.0,0.0,72.22943098609464,19.5703685486302,True,False,True,False,True,16.477003816020304
2024-01-03 00:00:00+00:00,21.5014004164,21.664217257,21.3864708819,21.4247807268,18175,20.341685144228705,20.390866533650374,20.71101705311748,,,,20.17754715437942,20.12377379825388,20.410281438174984,20.56950431887105,"rgba(0, 255, 255, 0.75)",0.4683894188622752,20.56950431887105,1.989575468618693,5,0.23714466198371947,1.1857233099185973,0.0,0.0,0.0,0.0,69.88428984266855,19.5703685486302,True,False,True,False,False,15.209941090798857
2024-01-04 00:00:00+00:00,21.4726680328,21.5971750285,21.3673159595,21.5014004164,3178,20.34238351032765,20.39173133454264,20.712650048271804,,,,20.17807995184759,20.124379037579814,20.41136634647452,20.570451833500265,"rgba(0, 255, 255, 0.75)",0.4829055313318237,20.570451833500265,1.8683078589128606,5,0.2302440295960567,1.1512201479802835,0.0,0.0,0.0,0.0,67.8619701628067,23.396264432941223,True,False,True,False,False,14.666797100263317
2024-01-05 00:00:00+00:00,21.4247807268,21.5875975673,21.2629216323,21.3673159595,9674,20.3444034488057,20.39422518790871,20.717231552321817,,,,20.179631984263676,20.126144850543913,20.414489147236484,20.573010527999195,"rgba(0, 255, 255, 0.75)",0.495253530022777,20.573010527999195,1.7198669916832974,5,0.22453718385888824,1.1226859192944412,0.0,0.0,0.0,0.0,65.72091400503521,21.44576829358536,True,False,True,False,False,13.757950641017057
2024-01-08 00:00:00+00:00,21.4247807268,21.4726680328,21.2715413474,21.2715413474,11106,20.346637381664433,20.396975487108573,20.72215942130752,,,,20.18135844018142,20.128111004121674,20.417925684474305,20.575733745380127,"rgba(0, 255, 255, 0.75)",0.5069269333593022,20.575733745380127,1.6748902564584844,5,0.21962868581478326,1.0981434290739163,0.0,0.0,0.0,0.0,64.29354323318756,20.110654701942806,False,False,True,False,False,13.757950641017057
2024-01-09 00:00:00+00:00,21.5349215307,21.6067524897,21.4630905716,21.482245494,5053,20.34779172674313,20.39840416180941,20.724860394815018,,,,20.18223654661103,20.129106308002076,20.419713761640114,20.57744630349708,"rgba(0, 255, 255, 0.75)",0.519441103635352,20.57744630349708,1.8432796721359739,5,0.21412273753840302,1.0706136876920151,0.0,0.0,0.0,0.0,64.54991969783798,20.110654701942806,False,False,True,False,False,15.209287667544643
2024-01-10 00:00:00+00:00,21.4496821259,21.5780201061,21.3577384983,21.5492877225,10395,20.350013589411464,20.401143635543853,20.72986434560421,,,,20.18394196550973,20.13104316884131,20.423134275634215,20.580495040298764,"rgba(0, 255, 255, 0.75)",0.5295659768409812,20.580495040298764,1.6413197290093982,5,0.21008675305012164,1.0504337652506082,0.0,0.0,0.0,0.0,63.11429314600181,18.762530000978145,False,False,True,False,False,13.552055714047231
2024-01-11 00:00:00+00:00,21.2906962698,21.5109778776,21.1470343517,21.5109778776,22854,20.35423189687989,20.40629730525729,20.738489136655463,,,,20.187250159166318,20.134818064936404,20.4295330678552,20.585249637233723,"rgba(38, 166, 154, 1.0)",0.5346592761136594,20.585249637233723,1.3194321394628021,5,0.20771245027633517,1.038562251381676,0.0,0.0,0.0,0.0,59.507899588713514,15.235384622122623,False,True,True,False,False,10.56049820986049
2024-01-12 00:00:00+00:00,21.3673159595,21.4726680328,21.2619638862,21.2715413474,17300,20.357568907009593,20.410376925347457,20.745413528334517,,,,20.189854287008902,20.137782487848895,20.434591712195285,20.589443492388302,"rgba(38, 166, 154, 1.0)",0.5413955845101749,20.589443492388302,1.4367913026395949,4,0.23190737500121228,0.9276295000048491,0.0,0.0,0.0,0.0,58.14308832323372,13.880244279527538,False,True,True,False,False,11.613552933086524
2024-01-16 00:00:00+00:00,21.2811188086,21.4247807268,21.1661892741,21.3290061147,8850,20.359138615285623,20.412284507340594,20.74846795657282,,,,20.19109561981236,20.13919930543957,20.43694762404349,20.59121524653313,"rgba(38, 166, 154, 1.0)",0.5450913880449177,20.59121524653313,1.265665863005739,4,0.23010411814208326,0.920416472568333,0.0,0.0,0.0,0.0,55.850860213076274,11.626385653989438,False,True,True,False,False,10.018631396014701
2024-01-17 00:00:00+00:00,21.1087245068,21.252386425,21.0799921232,21.1757667353,18746,20.361936097774564,20.415641566408993,20.75314155671346,,,,20.193373456403172,20.14181593887491,20.44106276571343,20.593528055070315,"rgba(38, 166, 154, 0.5)",0.5446104619310432,20.593528055070315,0.9459907360261444,4,0.22916377303269309,0.9166550921307723,0.0,0.0,0.0,0.0,51.90688017727497,7.877284834354086,False,True,False,False,False,6.939346412541273
2024-01-18 00:00:00+00:00,21.0656259314,21.3075526015,21.0321048171,21.0895695844,21950,20.36513713839814,20.419470082810708,20.7583148155284,,,,20.19599363344411,20.14482639368241,20.445740564485146,20.59623712812461,"rgba(38, 166, 154, 0.5)",0.5403532241406479,20.59623712812461,0.8686703110208759,4,0.22855841328040744,0.9142336531216297,0.0,0.0,0.0,0.0,48.72847297146887,4.933233110894875,False,True,False,True,False,6.189196692652786
2024-01-19 00:00:00+00:00,21.2428089638,21.2428089638,21.070414662,21.070414662,6443,20.36613270971074,20.420664514486226,20.760005811553633,,,,20.196800975643907,20.1457512579481,20.4472009130128,20.59722835195846,"rgba(38, 166, 154, 1.0)",0.5397516431189976,20.59722835195846,1.1960697481363893,4,0.2270578485060678,0.9082313940242712,0.0,0.0,0.0,0.0,49.38982627181747,4.933233110894875,False,True,False,False,False,8.734141816070476
2024-01-22 00:00:00+00:00,21.2140765801,21.2667526168,21.1661892741,21.1853441965,7192,20.36728220257032,20.422046112642747,20.762011107650203,,,,20.197728217742345,20.1468117594529,20.44889092925642,20.598457231960715,"rgba(38, 166, 154, 1.0)",0.5349102865401838,20.598457231960715,1.1508833604998105,4,0.22595813685256055,0.9038325474102422,0.0,0.0,0.0,0.0,49.40528533241056,4.933233110894875,False,True,False,False,False,8.224813202715374
2024-01-23 00:00:00+00:00,21.2140765801,21.252386425,21.0799921232,21.1757667353,6492,20.36827625472472,20.423236620038324,20.763673496450142,,,,20.19853624824909,20.1477372729426,20.45034367258019,20.599457603769064,"rgba(38, 166, 154, 1.0)",0.5324352404912072,20.599457603769064,1.1543544258338483,4,0.22480298359024561,0.8992119343609825,0.0,0.0,0.0,0.0,49.41559137280595,4.933233110894875,False,True,False,False,False,8.224813202715374
2024-01-24 00:00:00+00:00,21.0321048171,21.2619638862,21.0321048171,21.1949216577,20767,20.371154445891165,20.426653917173827,20.767986244692366,,,,20.200919848636648,20.150477411627985,20.454489957654072,20.601914881207733,"rgba(38, 166, 154, 0.5)",0.5281753931238522,20.601914881207733,0.8144831082492134,4,0.2246499452285837,0.8985997809143348,0.0,0.0,0.0,0.0,46.75808399997219,2.475070803508139,False,True,False,True,False,5.015232028235943
2024-01-25 00:00:00+00:00,21.2044991189,21.2044991189,21.0225273559,21.070414662,12871,20.373011490219636,20.42886301363893,20.77087545430679,,,,20.202447809383568,20.152229819706392,20.457170172754576,20.640666620248275,"rgba(38, 166, 154, 1.0)",0.5241408326629982,20.640666620248275,1.0757271014110172,4,0.22369230591199915,0.8947692236479966,0.0,0.0,0.0,0.0,47.800996779909276,2.475070803508139,False,True,False,True,False,7.530564737885495
2024-01-26 00:00:00+00:00,21.2428089638,21.2811188086,21.2140765801,21.2811188086,5674,20.37393543248604,20.42997107819416,20.77248008326494,,,,20.20319274392311,20.15307976840798,20.45851990025715,20.643259043108646,"rgba(38, 166, 154, 1.0)",0.5226786717915395,20.643259043108646,1.1470717154697196,4,0.22264346213264316,0.8905738485305726,0.0,0.0,0.0,0.0,49.065024808771476,2.475070803508139,False,True,False,False,False,8.075990036085006
2024-01-29 00:00:00+00:00,21.2811188086,21.3515131485,21.0799921232,21.2811188086,10181,20.37557235582386,20.431931255847857,20.775281342295905,,,,20.204515913354548,20.15458976584708,20.460904311631737,20.646170512231496,"rgba(38, 166, 154, 1.0)",0.5205877999446177,20.646170512231496,1.2196757135608078,4,0.22223454956113928,0.8889381982445571,0.0,0.0,0.0,0.0,50.49022014231119,2.475070803508139,False,True,False,False,True,8.623530569153228
2024-01-30 00:00:00+00:00,21.3084145731,21.443338953,21.212040016,21.2987771173,15584,20.378308209064144,20.435223238672606,20.78026932564019,,,,20.206698356182365,20.157071045396158,20.464916401114227,20.651731837307587,"rgba(38, 166, 154, 1.0)",0.5204470934455818,20.651731837307587,1.2617665543002499,4,0.2218214640124494,0.8872858560497976,0.0,0.0,0.0,0.0,51.868302522234295,2.475070803508139,False,True,False,False,True,9.01602328347408
2024-01-31 00:00:00+00:00,21.144577826,21.4915262315,21.0674781803,21.4144265859,57355,20.387328504066804,20.445966121186235,20.795046062253167,,,,20.214038223535756,20.16543923993026,20.477902046507893,20.70153422390634,"rgba(38, 166, 154, 0.5)",0.5183983316620712,20.70153422390634,0.8546393285510551,4,0.22248541822290793,0.8899416728916317,0.0,0.0,0.0,0.0,49.98768532182457,2.475070803508139,False,True,False,False,True,6.079597599505028
2024-02-01 00:00:00+00:00,21.4240640416,21.443338953,21.1542152817,21.212040016,51771,20.3963075399801,20.45668879003068,20.810606159856732,,,,20.221253015632485,20.173619898228075,20.490843148245496,20.716494965010966,"rgba(38, 166, 154, 1.0)",0.5207556915672732,20.716494965010966,1.3587351766805003,4,0.22089498223752066,0.8835799289500826,0.0,0.0,0.0,0.0,52.747202822717355,-2.339959376890114,False,True,False,False,True,10.032156451811435
2024-02-02 00:00:00+00:00,21.212040016,21.4626138644,21.144577826,21.144577826,14517,20.398617321635246,20.459423535342378,20.81427592120453,,,,20.2231386018747,20.175761975335213,20.494119925790876,20.718960787854044,"rgba(38, 166, 154, 0.5)",0.5182353990599448,20.718960787854044,0.9514580228220194,4,0.22049975352998244,0.8819990141199298,0.0,0.0,0.0,0.0,51.52934647994544,-2.339959376890114,False,True,False,False,True,6.417660307561203
2024-02-05 00:00:00+00:00,21.144577826,21.4414114618,21.1156654589,21.1349403703,7447,20.399744594334383,20.46075208755901,20.815977054183833,,,,20.224067248907232,20.176818460701845,20.495706192543945,20.71990894958896,"rgba(38, 166, 154, 0.5)",0.5082289055259439,20.71990894958896,0.8355858389667328,4,0.22011455511220632,0.8804582204488253,0.0,0.0,0.0,0.0,49.8628589033364,-2.339959376890114,False,True,False,False,False,5.309303190966709
2024-02-06 00:00:00+00:00,21.1835131471,21.2313149274,21.1253029146,21.2313149274,4525,20.40038395465159,20.461501064784755,20.816871683320915,,,,20.224600645859216,20.177426735213153,20.496596673246906,20.720236251095603,"rgba(38, 166, 154, 0.5)",0.4977812757711075,20.720236251095603,0.9306836527483705,4,0.21946007745159857,0.8778403098063943,0.0,0.0,0.0,0.0,49.32380870790149,-2.339959376890114,False,True,False,False,False,5.863578132485589
2024-02-07 00:00:00+00:00,21.1253029146,21.2795022059,21.1061243777,21.1542152817,10725,20.401876300954886,20.463246086860728,20.818918279809584,,,,20.225849655298052,20.178851536678874,20.49866810476494,20.720966617472413,"rgba(38, 166, 154, 0.5)",0.48644577320697147,20.720966617472413,0.8312052841202295,4,0.2189254572153853,0.8757018288615412,0.0,0.0,0.0,0.0,48.15829759811375,-2.339959376890114,False,True,False,False,False,4.894195656965287
2024-02-08 00:00:00+00:00,21.1349403703,21.3662393073,21.1060280032,21.1349403703,9744,20.403283553788214,20.46489568399211,20.82092518823707,,,,20.2270200249772,20.180184259584344,20.500628451372364,20.72200458859107,"rgba(38, 166, 154, 0.5)",0.47377749549735293,20.72200458859107,0.8715816720577826,4,0.21845437217155808,0.8738174886862323,0.0,0.0,0.0,0.0,47.544649457891836,2.227515246309679,False,True,False,True,False,5.035890650201125
2024-02-09 00:00:00+00:00,21.2313149274,21.3469643959,21.1060280032,21.1060280032,14869,20.40549021771003,20.467485993782205,20.824151107721566,,,,20.228847485832055,20.182262233950738,20.50370769343034,20.72400453628851,"rgba(38, 166, 154, 1.0)",0.46446407533048617,20.72400453628851,1.0922489338933594,4,0.2175467811567401,0.8701871246269604,0.0,0.0,0.0,0.0,48.755082888513826,2.227515246309679,False,True,False,False,False,6.449677556203511
2024-02-12 00:00:00+00:00,21.212040016,21.3356885727,21.2024025602,21.2024025602,7971,20.4066997386524,20.468907233935894,20.825952301933075,,,,20.229845860845497,20.18339610801486,20.505397385092543,20.72524537072787,"rgba(38, 166, 154, 1.0)",0.45335014411930713,20.72524537072787,1.0737718992409142,4,0.21680603055902026,0.867224122236081,0.0,0.0,0.0,0.0,49.22900966284381,2.227515246309679,False,True,False,False,False,6.115163315011831
2024-02-13 00:00:00+00:00,21.0192909018,21.1542152817,20.9711036232,21.1253029146,7204,20.407528986614924,20.469856526930105,20.826798570417214,,,,20.23056830594476,20.184225282650363,20.50650577045604,20.754213122377543,"rgba(38, 166, 154, 0.5)",0.43484017351857024,20.754213122377543,0.6095981824253836,4,0.21672244737579566,0.8668897895031826,0.0,0.0,0.0,0.0,46.58813456914299,0.9151985615060951,False,True,False,True,False,2.852503818738633
2024-02-14 00:00:00+00:00,21.0867530917,21.1542152817,21.0192909018,21.0192909018,6901,20.408369025373634,20.470823399376194,20.827743324924604,,,,20.231291742661398,20.18505346685591,20.50763855945331,20.75523019111115,"rgba(38, 166, 154, 0.5)",0.42237974443431664,20.75523019111115,0.7848929901523853,4,0.2171095552225169,0.8684382208900676,0.0,0.0,0.0,0.0,46.07429566082607,0.3035937988103896,False,True,False,True,False,3.874239582745677
2024-02-15 00:00:00+00:00,21.144577826,21.1541189071,21.0675745549,21.0963905474,4523,20.408947091636637,20.471491719579483,20.828442784595776,,,,20.231784787851243,20.185616684844636,20.508423764298595,20.756100307332897,"rgba(38, 166, 154, 0.5)",0.4133951116203017,20.756100307332897,0.9397245099112684,3,0.25436132283943863,0.763083968518316,0.0,0.0,0.0,0.0,46.76995049400033,0.3035937988103896,False,True,False,True,False,4.744451636863118
2024-02-16 00:00:00+00:00,21.144577826,21.1542152817,21.0096534461,21.0289283575,4847,20.409548813341985,20.472185220051927,20.829139709130374,,,,20.232301120453844,20.186207089907576,20.509236632204484,20.756481898776716,"rgba(38, 166, 154, 0.5)",0.40447477947654126,20.756481898776716,0.9595058750648053,2,0.33049861712207895,0.6609972342441579,0.0,0.0,0.0,0.0,47.23372038278317,0.3035937988103896,False,True,False,True,False,4.744451636863129
2024-02-20 00:00:00+00:00,21.1156654589,21.2504934642,21.077115636,21.077115636,7013,20.41047390410915,20.4732572526091,20.830306393574276,,,,20.233085619724253,20.187101806456095,20.51049757416458,20.75770095258821,"rgba(38, 166, 154, 0.5)",0.3992205677599584,20.75770095258821,0.8966584770928608,2,0.33109180140219957,0.6621836028043991,0.0,0.0,0.0,0.0,47.01066542696293,0.3035937988103896,False,True,False,True,False,4.239721813869519
2024-02-21 00:00:00+00:00,21.0674781803,21.3076435766,21.0674781803,21.1060280032,3067,20.410877623189933,20.47372486079308,20.83081357986799,,,,20.233428198646315,20.187492478869153,20.511047264827205,20.75814275210103,"rgba(38, 166, 154, 0.5)",0.395059266272408,20.75814275210103,0.7830101825422624,1,0.5312043770629304,0.5312043770629304,0.0,0.0,0.0,0.0,45.97260407888087,-0.4530421546417003,False,True,False,True,False,3.395854310896876
2024-02-22 00:00:00+00:00,21.077115636,21.3013792304,21.0578407246,21.1927651045,5818,20.41164008387695,20.47460737528184,20.83176493924399,,,,20.23407587213128,20.188231089201338,20.512083995527338,20.758869454508833,"rgba(38, 166, 154, 0.5)",0.3899965970109678,20.758869454508833,0.816022970277906,1,0.5347614754562077,0.5347614754562077,0.0,0.0,0.0,0.0,45.51336888089958,-1.0838801694392899,False,True,False,True,False,3.5511396823664114
2024-02-23 00:00:00+00:00,21.2409523831,21.2409523831,21.1060280032,21.1060280032,9905,20.413023658777,20.47621728677484,20.833630236693427,,,,20.23523742744021,20.189552183016293,20.51398143046235,20.760858721830253,"rgba(38, 166, 154, 1.0)",0.3886007337061227,20.760858721830253,1.2354419835779744,1,0.5399854864245313,0.5399854864245313,0.0,0.0,0.0,0.0,48.69464114708859,-1.0838801694392899,False,True,False,False,True,6.141572449337673
2024-02-26 00:00:00+00:00,21.1542152817,21.2275563197,21.0867530917,21.1349403703,10504,20.414411262522265,20.477822745832636,20.835372568304944,,,,20.2364152605922,20.19089413274204,20.515865376890936,20.761995662139434,"rgba(38, 166, 154, 1.0)",0.38215811078212525,20.761995662139434,1.0263281309347327,1,0.5447887293956956,0.5447887293956956,0.0,0.0,0.0,0.0,48.997272111974866,-4.421871457848177,False,True,False,False,True,4.582866794073748
2024-02-27 00:00:00+00:00,21.0963905474,21.2313149274,21.077115636,21.0867530917,10757,20.415786401506775,20.47940781462645,20.837020642187703,,,,20.237590569038094,20.192234401708607,20.51771967519294,20.762771647031812,"rgba(38, 166, 154, 0.5)",0.37411199854709476,20.762771647031812,0.8917620970827786,1,0.5535566914314034,0.5535566914314034,0.0,0.0,0.0,0.0,48.07912998101588,-4.421871457848177,False,True,False,False,True,3.556306615442921
2024-02-28 00:00:00+00:00,21.1349403703,21.1927651045,21.0963905474,21.144577826,10901,20.41718700679792,20.481021987268257,20.8387080028614,,,,20.238786983696244,20.19359796600731,20.519606941431313,20.763672715278613,"rgba(38, 166, 154, 1.0)",0.36622446560017546,20.763672715278613,1.0137707605442128,1,0.5597946818373813,0.5597946818373813,0.0,0.0,0.0,0.0,48.31496262860664,-4.421871457848177,False,True,False,False,True,4.177772200168587
2024-02-29 00:00:00+00:00,21.3469643959,21.3855142187,21.1060280032,21.1542152817,104326,20.432828329318117,20.49923121533639,20.86091813274712,,,,20.251807015699608,20.20832572727417,20.540995232213728,20.82427454436142,"rgba(38, 166, 154, 1.0)",0.3554600240176877,20.82427454436142,1.4704602943271357,1,0.5636077278522724,0.5636077278522724,0.0,0.0,0.0,0.0,52.271661604008834,-1.167552911677177,False,True,True,False,True,7.474315567566531
2024-03-01 00:00:00+00:00,21.1707917055,21.2602272945,21.1542152817,21.212040016,9442,20.43407762085147,20.500664449195657,20.8624350611922,,,,20.25287384919086,20.20953546732711,20.542657196339096,20.8248206676058,"rgba(38, 166, 154, 1.0)",0.3448538073292718,20.8248206676058,1.0032397222857496,1,0.5710047275204148,0.5710047275204148,0.0,0.0,0.0,0.0,51.51824279686083,-1.167552911677177,False,True,False,False,True,4.34301092660958
2024-03-04 00:00:00+00:00,21.0867530917,21.2425907506,21.077115636,21.0963905474,10982,20.43541215011785,20.502181617115166,20.863869181456902,,,,20.254033365305514,20.210853938098435,20.544404041391633,20.82472997690498,"rgba(38, 166, 154, 0.5)",0.33100393630774566,20.82472997690498,0.7916012048612282,1,0.5768536990908725,0.5768536990908725,0.0,0.0,0.0,0.0,49.65777200837711,-1.167552911677177,False,True,False,False,False,2.9032955293230494
2024-03-05 00:00:00+00:00,21.0867530917,21.2795022059,21.0578407246,21.0867530917,14313,20.437158399963135,20.504166367757787,20.865755802137386,,,,20.255550063055303,20.212577584603352,20.546687827753413,20.824898644849334,"rgba(38, 166, 154, 0.5)",0.3208533247837557,20.824898644849334,0.8161188512761939,1,0.5838806968545023,0.5838806968545023,0.0,0.0,0.0,0.0,48.41745814938796,2.136629970871269,False,True,False,False,False,2.9032955293230494
2024-03-06 00:00:00+00:00,21.0674781803,21.2356517824,21.0674781803,21.144577826,9065,20.43823202071224,20.505382033210655,20.86686102119953,,,,20.25648868967553,20.213645048044167,20.54808213018972,20.82490820879791,"rgba(38, 166, 154, 0.5)",0.30817977535213414,20.82490820879791,0.7871054199611974,1,0.5891960398220647,0.5891960398220647,0.0,0.0,0.0,0.0,47.252017606655386,1.0220041642952609,False,True,False,True,False,2.567165546897293
2024-03-07 00:00:00+00:00,21.0963905474,21.1349403703,21.0675745549,21.1060280032,12054,20.439604845221627,20.506928950123836,20.868180577399812,,,,20.257699350566366,20.2150234329381,20.549849194905864,20.824709256274133,"rgba(38, 166, 154, 0.5)",0.29561409383216863,20.824709256274133,0.9190403867554079,1,0.5940319143097716,0.5940319143097716,0.0,0.0,0.0,0.0,47.121287767699044,0.8327346409817835,False,True,False,True,False,3.0423840830328963
2024-03-08 00:00:00+00:00,21.2313149274,21.2698647502,21.1156654589,21.1156654589,12015,20.441186378472402,20.50873714317349,20.87007653286061,,,,20.25905410523279,20.21655718767423,20.551936672808424,20.825935297750515,"rgba(38, 166, 154, 1.0)",0.2836213148227977,20.825935297750515,1.429298887154372,1,0.5970063218556334,0.5970063218556334,0.0,0.0,0.0,0.0,49.74489225058091,0.8327346409817835,False,True,False,False,True,5.222375472080284
2024-03-11 00:00:00+00:00,21.1638527374,21.2409523831,21.1638527374,21.1927651045,10894,20.44258470731614,20.510330957839322,20.871695856812025,,,,20.260258330693944,20.21792122547163,20.553771707043612,20.826875452427068,"rgba(38, 166, 154, 1.0)",0.26989819772988255,20.826875452427068,1.2485347727671106,1,0.6025742695456955,0.6025742695456955,0.0,0.0,0.0,0.0,50.0708672035867,0.8327346409817835,False,True,False,False,True,4.001262146473604
2024-03-12 00:00:00+00:00,21.077115636,21.2279418179,21.0578407246,21.1831276488,13196,20.444116648597262,20.51205765154619,20.87321697297713,,,,20.261605500916225,20.219452111958997,20.555742134604237,20.82715942404734,"rgba(38, 166, 154, 0.5)",0.25975144524650035,20.82715942404734,0.9622899757706929,0,,,0.0,0.0,0.0,0.0,48.61543660310934,0.8327346409817835,False,True,False,False,True,2.4544931350982964
2024-03-13 00:00:00+00:00,21.0385658132,21.1163400808,21.0385658132,21.077115636,9618,20.4451360611728,20.513193868851197,20.874063931571914,,,,20.26252038792008,20.22049494872947,20.557027053940715,20.82690230117294,"rgba(38, 166, 154, 0.5)",0.24706124742455562,20.82690230117294,0.8567248576355436,0,,,0.0,0.0,0.0,0.0,46.94226654743959,0.7355213132604632,False,True,False,True,False,1.7727979801554596
2024-03-14 00:00:00+00:00,20.8843665218,21.0465649014,20.8747290661,21.0289283575,22772,20.447035376609044,20.515239032343406,20.87469843631019,,,,20.26433040071298,20.222577176718346,20.55927514302929,20.823895585779447,#000000,0.23239947372775488,20.823895585779447,0.2602025514541089,0,,,0.0,0.0,0.0,0.0,43.37461862387684,-2.6164696609272298,False,True,False,True,False,0.0
2024-03-15 00:00:00+00:00,20.8650916104,20.9528888319,20.845816699,20.8940039776,15106,20.448165945075193,20.516433280534873,20.874788895561355,,,,20.26544147137569,20.223860548661158,20.560566012327143,20.821569454180057,#000000,0.21861176937125967,20.821569454180057,0.19908423203890316,0,,,0.0,0.0,0.0,0.0,40.72226185437372,-5.0093935879945235,False,True,False,True,False,0.0
2024-03-18 00:00:00+00:00,20.8169043319,21.0578407246,20.7976294205,20.8747290661,29537,20.450374158402333,20.51876423939647,20.87499995510885,,,,20.267612491794797,20.226366437985213,20.563082784798986,20.83474676198147,#000000,0.210841001489796,20.83474676198147,-0.08462504899615592,0,,,0.0,0.0,0.0,0.0,38.26102782797557,-7.203928209324381,False,True,False,True,False,0.0
2024-03-19 00:00:00+00:00,20.8650916104,20.913278889,20.8169043319,20.8169043319,15676,20.451469317862827,20.51990493597387,20.874931081133763,,,,20.268711327816,20.227637593692894,20.56429944350774,20.832156966033914,#000000,0.20391514200638056,20.832156966033914,0.1615115191644581,0,,,0.0,0.0,0.0,0.0,37.96794407204278,-7.413353842151459,False,True,False,True,False,0.0
2024-03-20 00:00:00+00:00,20.8843665218,20.9518287118,20.8169043319,20.8361792433,10183,20.45221063828865,20.520683057386826,20.874973494244884,,,,20.269445959509287,20.22848550469415,20.565134845682902,20.831032989272945,#000000,0.2045648165513181,20.831032989272945,0.2607170354422904,0,,,0.0,0.0,0.0,0.0,38.315113060980025,-7.413353842151459,False,True,False,True,False,0.0
2024-03-21 00:00:00+00:00,21.0192909018,21.0578407246,20.9229163447,20.9614661675,14325,20.45352713985004,20.522118379422892,20.875759230607468,,,,20.27067024992775,20.229884280190962,20.566725780401757,20.83196509689351,"rgba(38, 166, 154, 0.5)",0.20443258339487677,20.83196509689351,0.916320685263069,0,,,0.0,0.0,0.0,0.0,41.93705298902363,-7.413353842151459,False,True,False,True,True,1.5637028145638503
2024-03-22 00:00:00+00:00,21.0096534461,21.1012092753,20.9325538004,21.0192909018,9405,20.45441081955944,20.523084431574194,20.87632914857584,,,,20.271487709906705,20.230817070574634,20.56779862343985,20.83255513252983,"rgba(38, 166, 154, 0.5)",0.20184113916751392,20.83255513252983,0.8774143581462384,0,,,0.0,0.0,0.0,0.0,44.13964437202226,-10.737547685290444,False,True,False,True,True,1.3882939539608543
2024-03-25 00:00:00+00:00,20.8650916104,20.9711036232,20.8169043319,20.9421912561,17613,20.455675536865417,20.5244071011442,20.876390518449238,,,,20.272746535043673,20.232268946747563,20.569212791674857,20.83056385825869,#000000,0.20107356006130303,20.83056385825869,0.17171701804446532,0,,,0.0,0.0,0.0,0.0,42.76206868642561,-10.737547685290444,False,True,False,True,True,0.0
2024-03-26 00:00:00+00:00,20.8940039776,20.9442151218,20.8265417876,20.8747290661,35284,20.458209656370137,20.52705617512904,20.876569245938544,,,,20.275268767017977,20.23517538311812,20.572042591453837,20.827396790521465,#000000,0.20157793253440634,20.827396790521465,0.3304289623427224,0,,,0.0,0.0,0.0,0.0,42.58862961655441,-10.737547685290444,False,True,False,True,True,0.0
2024-03-27 00:00:00+00:00,20.9325538004,20.9999196158,20.8650916104,20.913278889,13894,20.45930128646509,20.528215315168026,20.876899229527204,,,,20.27632761530962,20.236389912574694,20.573297247762483,20.826941726485618,"rgba(38, 166, 154, 0.5)",0.20121003487855796,20.826941726485618,0.5248847254468494,0,,,0.0,0.0,0.0,0.0,43.47039558156553,-10.737547685290444,False,True,False,True,True,0.024033369395692006
2024-03-28 00:00:00+00:00,21.1831276488,21.2313149274,20.8747290661,20.8747290661,91218,20.468784418507006,20.538682790266435,20.885080972273016,,,,20.284910481284577,20.246112321094806,20.584983221346416,20.86281269110473,"rgba(0, 255, 255, 0.75)",0.19818749988677223,20.86281269110473,1.6162217994488632,0,,,0.0,0.0,0.0,0.0,48.992475881938596,-6.053224077423309,False,False,False,False,True,4.360595369667934
2024-04-01 00:00:00+00:00,21.0867530917,21.1253029146,20.9903785346,21.1060280032,23000,20.471023019047433,20.541127807156343,20.886779337678423,,,,20.286970208855013,20.248446976735618,20.587685849737753,20.863885981474805,"rgba(38, 166, 154, 1.0)",0.19272534503639016,20.863885981474805,1.1563975157658357,0,,,0.0,0.0,0.0,0.0,50.620237895847325,-4.596551319385156,True,False,False,False,True,2.599103009649557
2024-04-02 00:00:00+00:00,21.1045823848,21.1045823848,20.9675377646,21.0578407246,12180,20.47218478674861,20.54239251724606,20.887623899237475,,,,20.288044645187952,20.2496650704733,20.589079474242627,20.86435348704218,"rgba(38, 166, 154, 1.0)",0.18799248171482097,20.86435348704218,1.2778643888655097,0,,,0.0,0.0,0.0,0.0,52.01991388008436,-3.2874161722104276,True,False,True,False,True,2.90120217374119
2024-04-03 00:00:00+00:00,21.0289283575,21.1349403703,20.9421912561,21.1349403703,7179,20.4728399985364,20.543101206444717,20.888049914976964,,,,20.288657225392054,20.250360470625306,20.589856058145077,20.864449558752167,"rgba(38, 166, 154, 0.5)",0.18751917185209013,20.864449558752167,0.8771305734944764,0,,,0.0,0.0,0.0,0.0,51.360407183792624,-3.2874161722104276,True,False,False,False,True,1.5187650721984696
2024-04-04 00:00:00+00:00,21.1590340096,21.1686714653,21.0578407246,21.1652019812,9419,20.473839332444737,20.544203327048724,20.88895629879766,,,,20.289559508655284,20.251379044362977,20.591083077932232,20.86553529189826,"rgba(0, 255, 255, 0.75)",0.18726470277786808,20.86553529189826,1.5672933198195045,1,0.1017123464727378,0.1017123464727378,0.0,0.0,0.0,0.0,53.27777829821007,-1.9925879086084421,True,False,True,False,True,3.737970192555803
2024-04-05 00:00:00+00:00,20.9807410789,21.1638527374,20.8843665218,21.1638527374,15692,20.475196420493372,20.545658626976074,20.889709500389987,,,,20.290846047753096,20.252841500374227,20.592665543715313,20.865363029877706,"rgba(38, 166, 154, 0.5)",0.1877261586686572,20.865363029877706,0.6146082668528874,1,0.10526461092480324,0.10526461092480324,0.0,0.0,0.0,0.0,51.20845265187603,-1.9925879086084421,True,False,False,False,True,0.547512056955096
2024-04-08 00:00:00+00:00,20.8650916104,20.9614661675,20.8169043319,20.9614661675,16800,20.476294236391148,20.54677792461567,20.889652720196608,,,,20.29197302088311,20.254136194859093,20.593828520448,20.863172775568096,#000000,0.19008804316989603,20.863172775568096,0.01009445307504058,1,0.10831757026764374,0.10831757026764374,0.0,0.0,0.0,0.0,48.079815449798886,-1.9925879086084421,False,False,False,False,False,0.0
2024-04-09 00:00:00+00:00,20.8843665218,20.9614661675,20.8650916104,20.913278889,10500,20.47701530450261,20.547520493135668,20.88971050496582,,,,20.292701996627684,20.254971596442473,20.59460714700796,20.862156910200298,#000000,0.19193437432196095,20.862156910200298,0.11571461171643489,1,0.11243644444905382,0.11243644444905382,0.0,0.0,0.0,0.0,46.38245683464737,1.8819987124571398,False,True,False,True,False,0.0
2024-04-10 00:00:00+00:00,20.7976294205,20.8650916104,20.7398046862,20.8650916104,12301,20.4776541582362,20.548136520507214,20.88928251021387,,,,20.293410473226622,20.255792891697542,20.595212579703237,20.85990069602061,#000000,0.19507159078828107,20.85990069602061,-0.31922267752557343,1,0.11527753821284602,0.11527753821284602,0.0,0.0,0.0,0.0,43.958414047568354,-0.4372638750722615,False,True,False,True,False,0.0
2024-04-11 00:00:00+00:00,20.778354509,20.778354509,20.7494421419,20.7687170533,17230,20.47845624652004,20.548885316236607,20.888474646637984,,,,20.294336905273664,20.256871574044894,20.595923101497235,20.85650340017751,#000000,0.19808092301752994,20.85650340017751,-0.3945301242896225,2,0.17191995014404132,0.34383990028808264,0.0,0.0,0.0,0.0,42.06114612746683,-2.2593377209602963,False,True,False,True,False,0.0
2024-04-12 00:00:00+00:00,20.7879919648,20.8261562894,20.7398046862,20.7590795976,5826,20.478741291739876,20.549155627238214,20.888239946236485,,,,20.294659838829222,20.257246606923832,20.59618406936756,20.855501677123808,#000000,0.20141442432928713,20.855501677123808,-0.3351781410324335,2,0.1773517349984936,0.3547034699969872,0.0,0.0,0.0,0.0,41.037593958799555,-3.3031401060229513,False,True,False,True,False,0.0
2024-04-15 00:00:00+00:00,20.7301672305,20.8072668762,20.6337926734,20.7494421419,40820,20.480328971285715,20.550546930686863,20.88567513726965,,,,20.296630820283642,20.259557661229074,20.597408049794637,20.847201964045873,"rgba(239, 83, 80, 0.5)",0.20656176557935815,20.847201964045873,-0.56658468820508,2,0.18236440650190322,0.36472881300380644,0.0,0.0,0.0,0.0,39.421640319033735,-4.95569542428224,False,True,False,True,False,0.0
2024-04-16 00:00:00+00:00,20.7301672305,20.8650916104,20.6434301291,20.6434301291,7060,20.480626658185553,20.550816268226612,20.885300110901962,,,,20.296987726243987,20.259974299010125,20.5976546217415,20.84603003619182,"rgba(239, 83, 80, 0.5)",0.21180162734418004,20.84603003619182,-0.5470345395578127,2,0.18807146855508633,0.37614293711017266,0.0,0.0,0.0,0.0,38.34433789252319,-6.124825599111915,False,True,False,True,False,0.0
2024-04-17 00:00:00+00:00,20.778354509,20.7976294205,20.681979952,20.778354509,5322,20.4808560392859,20.55102547122286,20.885031736911372,,,,20.297260238767933,20.260292043117108,20.597847968760345,20.84519453462245,#000000,0.21447653824348115,20.84519453462245,-0.3116425981594861,2,0.19211861593032376,0.3842372318606475,0.0,0.0,0.0,0.0,39.062687100452564,-6.124825599111915,False,True,False,True,False,0.0
2024-04-18 00:00:00+00:00,20.6241552177,20.8554541547,20.6241552177,20.648248857,13272,20.48131852950973,20.551412781921655,20.88410913453672,,,,20.29786186787387,20.26100011578957,20.598168645806417,20.848076949334917,"rgba(239, 83, 80, 1.0)",0.20387089814966156,20.848076949334917,-1.0983506408577062,2,0.19572160027419866,0.3914432005483973,0.0,0.0,0.0,0.0,36.948639665283444,-7.760556192753043,False,True,False,True,False,0.0
2024-04-19 00:00:00+00:00,20.6723424962,20.7315164743,20.6241552177,20.6530675848,5014,20.481472746511045,20.5515340146067,20.8837151945698,,,,20.29807449215033,20.261251717370236,20.598259729116368,20.85087522884626,"rgba(239, 83, 80, 0.5)",0.2028934356708691,20.85087522884626,-0.8799335082278068,2,0.20167161375790651,0.40334322751581303,0.0,0.0,0.0,0.0,36.92827688879565,-7.983474396862256,False,True,False,True,False,0.0
2024-04-22 00:00:00+00:00,20.7398046862,20.7398046862,20.6723424962,20.679570588,11748,20.481909661782844,20.551911118543366,20.88298041978856,,,,20.298626099917634,20.261898637793273,20.59858526981588,20.85077329315181,"rgba(239, 83, 80, 0.5)",0.2014845650939211,20.85077329315181,-0.5507548774273786,2,0.20816365383165564,0.4163273076633113,0.0,0.0,0.0,0.0,38.74655613994024,-7.983474396862256,False,True,False,True,False,0.0
2024-04-23 00:00:00+00:00,20.9036414333,20.9441187472,20.6723424962,20.6723424962,41494,20.48423772319496,20.55420750272301,20.882320894835352,,,,20.301130463288583,20.264780705784958,20.600894785341673,20.85653723557782,#000000,0.19747164224396183,20.85653723557782,0.2385365168735647,2,0.2133926373398854,0.4267852746797708,0.0,0.0,0.0,0.0,43.58318512865583,-11.549308321780657,False,True,False,True,True,0.0
2024-04-24 00:00:00+00:00,20.913278889,20.913278889,20.8361792433,20.845816699,26003,20.485874183676014,20.555864299867817,20.88237101528909,,,,20.302825517331705,20.266720275815494,20.602602998283317,20.858388088218,#000000,0.19421823624655923,20.858388088218,0.28262433972635503,3,0.21706461058956983,0.6511938317687095,0.0,0.0,0.0,0.0,46.99557330203526,-8.400053510500236,False,False,False,False,True,0.03865593943384482
2024-04-25 00:00:00+00:00,20.8361792433,20.845816699,20.7687170533,20.8072668762,8652,20.486320463812543,20.556295246478545,20.88216403770841,,,,20.30331943996947,20.26728979624878,20.60302702768653,20.85768830941638,#000000,0.19170524526199792,20.85768830941638,-0.11219863122150946,3,0.21625935046437808,0.6487780513931343,0.0,0.0,0.0,0.0,47.54873058080702,-7.925845650513338,False,False,False,False,True,0.0
2024-04-26 00:00:00+00:00,20.7590795976,20.8843665218,20.7590795976,20.8169043319,4952,20.48656296809391,20.556526097631995,20.882017148230695,,,,20.303592883270316,20.267605722014245,20.603250798077113,20.857169703132396,"rgba(239, 83, 80, 0.5)",0.18691018034356277,20.857169703132396,-0.5247980893929645,3,0.21414676446260258,0.6424402933878077,0.0,0.0,0.0,0.0,46.36881982145511,-7.925845650513338,False,False,False,False,True,0.0
2024-04-29 00:00:00+00:00,20.931108182,20.9505067994,20.7827087589,20.7856185515,12710,20.487356034646677,20.55732754490574,20.882045254936678,,,,20.304416268331494,20.26854730135243,20.604075461145147,20.857555239675335,#000000,0.18163919945128093,20.857555239675335,0.40493980675350977,3,0.21500274886109527,0.6450082465832858,0.0,0.0,0.0,0.0,49.125850005930914,-6.42820771194598,True,False,False,False,True,0.43785381207531415
2024-04-30 00:00:00+00:00,20.9117095646,20.9310111889,20.7662199341,20.8535137124,17070,20.488367397259967,20.558338108388895,20.881968887716805,,,,20.305483601724713,20.269769843441285,20.60510403030269,20.85743912596655,#000000,0.18007048970214304,20.85743912596655,0.30138441186680803,4,0.2454932936909271,0.9819731747637084,0.0,0.0,0.0,0.0,50.54479273016016,-5.027676088307125,True,False,False,False,True,0.08245893722867237
2024-05-01 00:00:00+00:00,20.9893040343,20.999003343,20.7953178602,20.8535137124,12560,20.48922126578774,20.55921580816119,20.882176000228725,,,,20.306347159048475,20.270753219017877,20.606021236445507,20.858239969633562,"rgba(38, 166, 154, 0.5)",0.17612522920342963,20.858239969633562,0.7441526989586307,4,0.2458711619450099,0.9834846477800396,0.0,0.0,0.0,0.0,52.91932519631938,-2.7090160136692987,True,False,True,False,True,1.4958668318239674
2024-05-02 00:00:00+00:00,20.9408074907,21.0232516147,20.9408074907,20.9602061081,12060,20.49011327554887,20.56014661018631,20.88254743577321,,,,20.307227856511084,20.271752587115,20.607007007820247,20.85949154021578,#000000,0.1741561078912323,20.85949154021578,0.4669141465598368,4,0.24613138630620157,0.9845255452248063,0.0,0.0,0.0,0.0,53.3596050582298,-2.1878836007526914,True,False,True,False,True,0.5864108911424459
2024-05-03 00:00:00+00:00,20.9983243914,21.069226338,20.9506037925,21.0281012691,4158,20.49044427630346,20.56049614890605,20.882730831197627,,,,20.307548271334383,20.27211512606146,20.60738103049091,20.860079373560254,"rgba(38, 166, 154, 0.5)",0.1739799102400314,20.860079373560254,0.7946033404030225,4,0.24742639471000732,0.9897055788400293,0.0,0.0,0.0,0.0,54.75094897149533,-0.7022405015332609,True,False,True,False,True,1.6418919143753392
2024-05-06 00:00:00+00:00,21.0571991952,21.1832902083,21.0378005778,21.0378005778,4762,20.490886501822718,20.560973565957962,20.883087414226488,,,,20.307960378851895,20.272578891316527,20.607901505034963,20.861220115908047,"rgba(38, 166, 154, 1.0)",0.17396077187792428,20.861220115908047,1.126570531829319,4,0.25040544824365296,1.0016217929746118,0.0,0.0,0.0,0.0,56.739665788932285,1.3377129456138377,True,False,True,False,True,2.7128371871859756
2024-05-07 00:00:00+00:00,20.9893040343,21.09599643,20.9893040343,21.0184019604,10935,20.491785256899007,20.561927071826464,20.883638007649445,,,,20.308823340560657,20.27355386353218,20.608925689610196,20.86283058317457,"rgba(38, 166, 154, 0.5)",0.1722662708814789,20.86283058317457,0.7341741971790068,5,0.22224387203466178,1.111219360173309,0.0,0.0,0.0,0.0,56.30797928569403,1.3377129456138377,True,False,True,False,True,1.4003419634391285
2024-05-08 00:00:00+00:00,20.931108182,20.9699054168,20.8535137124,20.9602061081,9800,20.492427464185617,20.562582108104493,20.883757793733622,,,,20.309479993367294,20.274301715400643,20.609604954295243,20.862997367574202,#000000,0.17124792440138797,20.862997367574202,0.39773220413551985,5,0.22191809609912524,1.1095904804956263,0.0,0.0,0.0,0.0,54.62152910851417,1.3377129456138377,True,False,True,False,True,0.2882030571343286
2024-05-09 00:00:00+00:00,20.9408074907,20.9699054168,20.8729123298,20.9699054168,7061,20.492899497562664,20.563065410049724,20.88386776447936,,,,20.309959766971566,20.27484757648118,20.610107850613822,20.863179282434526,#000000,0.1700729846440317,20.863179282434526,0.45644055949245255,5,0.22143658251294615,1.1071829125647308,0.0,0.0,0.0,0.0,53.71960948532865,1.3377129456138377,True,False,True,False,False,0.47270534734377634
2024-05-10 00:00:00+00:00,20.8729123298,20.931108182,20.8632130211,20.931108182,7648,20.493364119352563,20.563531930991,20.88388179337405,,,,20.310446011034216,20.275402723447467,20.610584478122682,20.863045200119924,#000000,0.17092782558115238,20.863045200119924,0.057726877683761633,4,0.2506241293499074,1.0024965173996296,0.0,0.0,0.0,0.0,51.46867998061528,1.3377129456138377,True,False,False,False,False,0.0
2024-05-13 00:00:00+00:00,20.8826116385,21.0184019604,20.8632130211,20.931108182,9406,20.49398061379464,20.564160660925626,20.88400565737903,,,,20.311076258144805,20.27612000230119,20.611236229861085,20.863197442997894,#000000,0.17025204856115386,20.863197442997894,0.11403208164705898,4,0.24966483477951334,0.9986593391180534,0.0,0.0,0.0,0.0,50.22896225679732,5.107776868079753,True,False,False,False,False,0.0
2024-05-14 00:00:00+00:00,20.8923109472,20.9214088733,20.8729123298,20.8826116385,13794,20.494826989263352,20.565012247721775,20.884061239331796,,,,20.311959105007563,20.277126975922716,20.612107810802737,20.86303696543487,#000000,0.16871528954242204,20.86303696543487,0.17351113728058903,4,0.24885528351673075,0.995421134066923,0.0,0.0,0.0,0.0,49.6807231310526,4.421387272955037,True,False,False,False,False,0.0
2024-05-15 00:00:00+00:00,21.0474998865,21.0571991952,20.9409044838,20.9505067994,8682,20.495516400677644,20.565739224751294,20.884457643580046,,,,20.31262705893577,20.27788139989838,20.612884088254916,20.863956498683617,"rgba(38, 166, 154, 1.0)",0.1657774961923343,20.863956498683617,1.1071670886103606,4,0.24916913315559402,0.9966765326223761,0.0,0.0,0.0,0.0,53.076478076661076,4.421387272955037,True,False,True,False,True,2.5826215722202974
2024-05-16 00:00:00+00:00,21.0862971213,21.1931835032,20.9796047256,21.0668985039,10962,20.496503090649203,20.566798562097986,20.885225295196058,,,,20.313553852997817,20.278923464928614,20.61403257536979,20.889678416328813,"rgba(38, 166, 154, 1.0)",0.16226910725206936,20.889678416328813,1.211682915502568,4,0.24978826024084505,0.9991530409633802,0.0,0.0,0.0,0.0,56.10170861510024,1.1483659803981823,True,False,True,False,True,3.3176944459445927
2024-05-17 00:00:00+00:00,20.9505067994,21.0087026517,20.9214088733,20.999003343,12049,20.497352684880592,20.567676461939858,20.885537341561772,,,,20.31440411298849,20.279887291787727,20.614953078579326,20.88683651972274,#000000,0.16154539784267605,20.88683651972274,0.39413242672049065,4,0.24963617843832936,0.9985447137533174,0.0,0.0,0.0,0.0,54.39473436043464,1.1483659803981823,True,False,True,False,True,0.5778610009242122
2024-05-20 00:00:00+00:00,20.9505067994,21.1055987456,20.9214088733,20.9505067994,6032,20.49780644093892,20.568150530545147,20.88575973764419,,,,20.314850179565354,20.280391640647682,20.615455005501563,20.886944678861916,#000000,0.15388165066740037,20.886944678861916,0.41305847878813523,4,0.2492784218226068,0.9971136872904272,0.0,0.0,0.0,0.0,53.25675152399091,1.1483659803981823,True,False,True,False,False,0.5778610009241909
2024-05-21 00:00:00+00:00,20.9893040343,20.9893040343,20.9117095646,20.9117095646,18545,20.499114631380962,20.569502043377845,20.88625311590113,,,,20.31615925044376,20.281874660791193,20.61687150889999,20.88662920294848,"rgba(38, 166, 154, 0.5)",0.1517762433223623,20.88662920294848,0.6764881585153419,4,0.2494412327626625,0.99776493105065,0.0,0.0,0.0,0.0,53.45403825256314,1.1483659803981823,True,False,True,False,False,1.3444272340709063
2024-05-22 00:00:00+00:00,20.9505067994,20.9509917649,20.8923109472,20.9505067994,10505,20.499801297766815,20.570201345114732,20.886414498643507,,,,20.316861707427226,20.282672362590226,20.617594790270232,20.886126200962252,#000000,0.1507959295181702,20.886126200962252,0.42693856951881237,4,0.2507822103530745,1.003128841412298,0.0,0.0,0.0,0.0,52.500272090091535,1.1483659803981823,True,False,False,False,False,0.5503586913097642
2024-05-23 00:00:00+00:00,20.8535137124,20.9310111889,20.8535137124,20.9020102559,12053,20.500491978394738,20.570885467336673,20.88638554426457,,,,20.317597757758914,20.283512124077287,20.618283871413738,20.88478354037767,#000000,0.1498759165304709,20.88478354037767,-0.20863811012164504,5,0.23682987736086564,1.1841493868043282,0.0,0.0,0.0,0.0,49.46011122793375,4.355627877932719,True,False,False,False,False,0.0
2024-05-24 00:00:00+00:00,20.9214088733,20.9483729515,20.8632130211,20.9020102559,9022,20.50105038485808,20.571447916838274,20.886460782329323,,,,20.31817842505134,20.284172473025375,20.61885954743315,20.884383615420024,#000000,0.14914951245596583,20.884383615420024,0.24824256727561325,6,0.23042887999263895,1.3825732799558337,0.0,0.0,0.0,0.0,49.30027389016511,4.092304420331658,True,False,False,False,False,0.0
2024-05-28 00:00:00+00:00,20.9505067994,20.9557444261,20.8827086316,20.9214088733,13296,20.501907884877205,20.57231878752168,20.886654492375484,,,,20.319058967669495,20.285172007619963,20.619757736073666,20.88424168906039,#000000,0.14812038654844792,20.88424168906039,0.4473733284373822,7,0.2306846849777012,1.6147927948439085,0.0,0.0,0.0,0.0,49.95144627035061,4.092304420331658,True,False,False,False,False,0.5726118118968841
2024-05-29 00:00:00+00:00,20.8923109472,20.9408074907,20.7856185515,20.9020102559,30519,20.50360385267443,20.573986932100915,20.886514469084965,,,,20.320883630910824,20.287253660740184,20.62142597792302,20.89461351318708,#000000,0.1455006998310437,20.89461351318708,-0.01582511967126913,7,0.23595534260067152,1.6516873982047007,0.0,0.0,0.0,0.0,48.8603951672685,3.359046404936322,True,False,False,False,False,0.0
2024-05-30 00:00:00+00:00,20.9408074907,21.028004276,20.8535137124,20.8535137124,9889,20.504250443302336,20.57464530396746,20.886693027810608,,,,20.321544662694162,20.288002807153962,20.622106425594154,20.895578699848418,#000000,0.14289192416484114,20.895578699848418,0.3165244720156832,7,0.24083951334497142,1.6858765934148,0.0,0.0,0.0,0.0,49.4774842130479,3.359046404936322,True,False,False,False,False,0.3811204208331844
2024-05-31 00:00:00+00:00,21.2026888257,21.2414860605,20.8535137124,20.9699054168,96382,20.512705319604066,20.58366480741597,20.893297869982124,,,,20.32954417337941,20.296966095806038,20.63181323128574,20.91729679313055,"rgba(0, 255, 255, 0.75)",0.14526201200886793,20.91729679313055,1.9646707946743052,9,0.2303367158528271,2.073030442675444,0.0,0.0,0.0,0.0,54.98231094096266,0.43757383136834704,True,False,True,False,True,5.460392352667775
2024-06-03 00:00:00+00:00,21.3966749998,21.4257729259,21.1100604276,21.1541922822,54901,20.519113912762872,20.590717512951223,20.90056041814006,,,,20.335260342921707,20.303307230241636,20.63959199718655,20.970019490338384,"rgba(0, 255, 0, 1.0)",0.15271736678155665,20.970019490338384,2.793758944730186,9,0.2348255941471201,2.1134303473240807,0.0,0.0,0.0,0.0,60.93827782650146,5.871579115226993,True,False,True,False,True,8.863190122308598
2024-06-04 00:00:00+00:00,21.3287798389,21.3384791476,21.2317867518,21.3384791476,19102,20.521288547611622,20.59310191201224,20.90296132924653,,,,20.337211054413416,20.305470755137176,20.64221259494613,20.975129518764334,"rgba(0, 255, 0, 1.0)",0.15684865268074888,20.975129518764334,2.254723353317483,9,0.23823033749047592,2.1440730374142833,0.0,0.0,0.0,0.0,63.15936706176136,7.685845877250529,True,False,True,False,True,7.422757293399776
2024-06-05 00:00:00+00:00,21.2414860605,21.4160736172,21.2207295399,21.4160736172,23660,20.523941546295323,20.59600441574565,20.90584421057022,,,,20.339599028875416,20.308118977164884,20.645395940709157,20.980794372173705,"rgba(0, 255, 255, 0.75)",0.15860360411767044,20.980794372173705,1.6436681232848007,9,0.2391622699554432,2.152460429598989,0.0,0.0,0.0,0.0,62.55632113450323,7.685845877250529,True,False,True,False,True,5.606366176120655
2024-06-06 00:00:00+00:00,21.2123881344,21.3039496086,21.1638915909,21.1638915909,8225,20.524780717276926,20.59691271676667,20.906667129854622,,,,20.340369069325547,20.308974758638257,20.64638317765837,20.98191468850814,"rgba(38, 166, 154, 1.0)",0.1600888783547105,20.98191468850814,1.4396593208754824,9,0.2424980587914091,2.182482529122682,0.0,0.0,0.0,0.0,61.48363448249753,7.685845877250529,True,False,True,False,True,5.006656547988904
2024-06-07 00:00:00+00:00,21.1056957387,21.2511853692,21.0668985039,21.1444929735,12429,20.525891050937947,20.59809470327523,20.907572704290764,,,,20.341418185770927,20.310144760327645,20.64764986687182,20.982213946525153,"rgba(38, 166, 154, 0.5)",0.160419956388201,20.982213946525153,0.7697408411957949,9,0.2449647342216916,2.2046826079952244,0.0,0.0,0.0,0.0,58.45787326952971,7.685845877250529,True,False,True,False,False,2.8398554172327977
2024-06-10 00:00:00+00:00,21.0862971213,21.2026888257,21.0378005778,21.0378005778,8576,20.52661472168293,20.598858917054564,20.9081075984068,,,,20.34211127799311,20.31091881439244,20.648463107325068,20.982143195537972,"rgba(38, 166, 154, 0.5)",0.16049537642360684,20.982143195537972,0.6489528114948704,9,0.24509674809176188,2.205870732825857,0.0,0.0,0.0,0.0,56.041875733279156,12.019354218777835,True,False,True,False,False,2.450694263994496
2024-06-11 00:00:00+00:00,21.09599643,21.1253853354,21.0281012691,21.0862971213,12926,20.527653955498803,20.599948480485715,20.908805698209083,,,,20.343118540422893,20.31204508032876,20.64961515309877,20.98175498977645,"rgba(38, 166, 154, 0.5)",0.15821872714640492,20.98175498977645,0.7220475242342,9,0.2449629857212408,2.2046668714911672,0.0,0.0,0.0,0.0,54.63289490126841,10.653245535914493,True,False,True,False,False,2.635280058602582
2024-06-12 00:00:00+00:00,21.09599643,21.2893036525,21.09599643,21.2026888257,16797,20.529185672492368,20.601582280562173,20.910102955264207,,,,20.344559610755653,20.31364990187531,20.65136831499122,20.982976082005006,"rgba(38, 166, 154, 0.5)",0.15750507995089094,20.982976082005006,0.7175663669402434,9,0.24678726437925663,2.2210853794133096,0.0,0.0,0.0,0.0,53.69357434659457,9.654742057853454,True,False,False,False,False,2.635280058602582
2024-06-13 00:00:00+00:00,21.1735908996,21.1735908996,21.09599643,21.1347936648,10925,20.530157975412877,20.602615779516917,20.91089709017992,,,,20.345479623756713,20.31467483171238,20.65247385082539,20.983635424472656,"rgba(38, 166, 154, 1.0)",0.15851494405130473,20.983635424472656,1.198344271350619,9,0.24739106625847246,2.226519596326252,0.0,0.0,0.0,0.0,54.78880556734339,9.654742057853454,True,False,True,False,False,4.13711322381889
2024-06-14 00:00:00+00:00,21.1541922822,21.1590419366,21.1056957387,21.1250943561,14346,20.531413457832528,20.603946942178247,20.91189655426467,,,,20.346672389190285,20.316003862203953,20.653894540111803,20.984402564901036,"rgba(38, 166, 154, 1.0)",0.15878041590091507,20.984402564901036,1.0693366454268516,9,0.24824164363017845,2.234174792671606,0.0,0.0,0.0,0.0,54.97519005478404,9.654742057853454,True,False,True,False,False,3.72034392354778
2024-06-17 00:00:00+00:00,21.1250943561,21.3190805302,21.09599643,21.1153950474,16389,20.53293629813495,20.605573740276853,20.913228441204044,,,,20.34809986136473,20.31759117005765,20.655641633691257,20.986002830220833,"rgba(38, 166, 154, 0.5)",0.1538957905923486,20.986002830220833,0.9038033161517927,9,0.24781989719029043,2.230379074712614,0.0,0.0,0.0,0.0,54.267227169992154,9.631256427538872,True,False,True,False,False,3.0908653735311944
2024-06-18 00:00:00+00:00,21.1541922822,21.3675770737,21.1250943561,21.1444929735,17985,20.534690619055834,20.607458283349505,20.914867676270212,,,,20.34972745030565,20.31939790686654,20.657674677851865,20.988366362639546,"rgba(38, 166, 154, 1.0)",0.1536291819031492,20.988366362639546,1.0793907609622904,9,0.24851356673427227,2.2366221006084506,0.0,0.0,0.0,0.0,54.53821414931604,9.598936502759088,True,False,True,False,False,3.6728649353628313
2024-06-20 00:00:00+00:00,21.1153950474,21.1735908996,21.0862971213,21.1347936648,17184,20.536136680107173,20.608981637225998,20.915950924148852,,,,20.35111486988042,20.320943713796495,20.659290492391897,20.989045368769503,"rgba(38, 166, 154, 0.5)",0.15393436700608948,20.989045368769503,0.8208022749429222,9,0.25030459804652594,2.2527413824187335,0.0,0.0,0.0,0.0,53.528424581930736,8.322090650543814,True,False,False,False,False,2.8159848012562527
2024-06-21 00:00:00+00:00,21.192989517,21.2026888257,21.0862971213,21.0862971213,9868,20.5370138416977,20.609912386223506,20.916672877449827,,,,20.351945867260554,20.321867863321618,20.660283802207154,20.989780518161034,"rgba(38, 166, 154, 1.0)",0.1554115708450336,20.989780518161034,1.307553856730488,9,0.2520661822322872,2.268595640090585,0.0,0.0,0.0,0.0,54.873079566338106,8.322090650543814,True,False,True,False,False,4.385596841176021
2024-06-24 00:00:00+00:00,21.1638915909,21.2331446551,21.1638915909,21.2055986183,8827,20.537829406979125,20.61078194818175,20.917384340031553,,,,20.352711899264676,20.322718682897847,20.661215553428537,20.990649992189073,"rgba(38, 166, 154, 1.0)",0.15652771610720811,20.990649992189073,1.1067790613661759,9,0.25504106641112706,2.2953695977001436,0.0,0.0,0.0,0.0,54.82983361650077,8.322090650543814,True,False,True,False,False,3.7305090029020853
2024-06-25 00:00:00+00:00,21.2026888257,21.2414860605,21.1347936648,21.1541922822,16340,20.539347678557448,20.6124014591954,20.918720678534203,,,,20.354136422808697,20.324300187706875,20.66295131165029,20.992318328742634,"rgba(38, 166, 154, 1.0)",0.15804484078067801,20.992318328742634,1.331081077485486,9,0.2541881091330538,2.287692982197484,0.0,0.0,0.0,0.0,55.811956284413355,8.322090650543814,True,False,True,False,True,4.521780293455677
2024-06-26 00:00:00+00:00,21.3081203113,21.3675770737,21.2123881344,21.2123881344,33177,20.542891412544982,20.61624086822676,20.92239904743457,,,,20.357367450620742,20.32787247602486,20.66711938273436,20.998496696372886,"rgba(0, 255, 255, 0.75)",0.15990602753344174,20.998496696372886,1.9362848274269269,9,0.2581822110953376,2.3236398998580388,0.0,0.0,0.0,0.0,58.815633276613184,4.738389314468172,True,False,True,False,True,6.626776343387771
2024-06-27 00:00:00+00:00,21.3481784563,21.4063743085,21.192989517,21.3675770737,48624,20.548160628834797,20.62195239860652,20.9279414681337,,,,20.362162115012605,20.333167007283244,20.673319275504568,21.00752922251622,"rgba(0, 255, 0, 1.0)",0.16405239211972197,21.00752922251622,2.076466117819141,9,0.2546680395288119,2.292012355759307,0.0,0.0,0.0,0.0,61.58262807286275,7.4011519675182456,True,False,True,False,True,7.409442974420383
2024-06-28 00:00:00+00:00,21.3675770737,21.5033673955,21.1736878927,21.2317867518,23199,20.550754311360894,20.624770262638545,20.93074721761451,,,,20.364509891873013,20.335755672830217,20.676382637249652,21.012104683375455,"rgba(0, 255, 0, 1.0)",0.1695308974902189,21.012104683375455,2.096800026349508,9,0.24974750439859728,2.2477275395873755,0.0,0.0,0.0,0.0,63.795220431967465,9.473130311290824,True,False,True,False,True,7.789615744749398
2024-07-01 00:00:00+00:00,21.4354722346,21.4354722346,21.192989517,21.2997789059,10425,20.551923732623205,20.626040623907805,20.932015125925677,,,,20.365568158617567,20.336922018833008,20.67776328751708,21.01414270493992,"rgba(0, 255, 0, 1.0)",0.1770486881633008,21.01414270493992,2.379738217949768,9,0.24339354636213312,2.190541917259198,0.0,0.0,0.0,0.0,66.48259197867499,11.958963666255315,True,False,True,False,True,9.113151521709206
2024-07-02 00:00:00+00:00,21.4500211977,21.4500211977,21.1153950474,21.4451715433,21875,20.554317334174648,20.628633103093946,20.934550277572903,,,,20.36774523185238,20.3393219917313,20.68057338810433,21.01802539969659,"rgba(0, 255, 0, 1.0)",0.18410301141558072,21.01802539969659,2.34648958038092,9,0.23651395098001668,2.12862555882015,0.0,0.0,0.0,0.0,68.52058185103918,13.812820313668148,True,False,True,False,True,9.395638973959667
2024-07-03 00:00:00+00:00,21.5034643886,21.5324653216,21.3034646432,21.3869756911,5181,20.554959891374434,20.629337347177724,20.935305376272527,,,,20.36831663667508,20.33994998265857,20.681344118695083,21.019332997944865,"rgba(0, 255, 0, 1.0)",0.19215979472313763,21.019332997944865,2.5194208359384915,8,0.24475621905688993,1.9580497524551195,0.0,0.0,0.0,0.0,70.75571845325746,15.86459639107899,True,False,True,False,True,10.433271251657022
2024-07-05 00:00:00+00:00,21.5421646304,21.5421646304,21.4160736172,21.4160736172,6895,20.555864981254864,20.630334127465716,20.936411980152062,,,,20.369113945272478,20.34082510684609,20.6824392027967,21.021321797774455,"rgba(0, 255, 0, 1.0)",0.20024555966023883,21.021321797774455,2.601020634411417,8,0.23684921199984235,1.8947936959987388,0.0,0.0,0.0,0.0,72.83216272904161,17.77653444782537,True,False,True,False,True,11.179150570613682
2024-07-08 00:00:00+00:00,21.3537070622,21.5906611739,21.3374122236,21.3374122236,2501,20.556167549611008,20.630664877342987,20.936760552831856,,,,20.369384256525596,20.341122278293188,20.682800359367466,21.021903981298184,"rgba(0, 255, 255, 0.75)",0.20298482179583585,21.021903981298184,1.6346201551737123,8,0.23450257764080545,1.8760206211264436,0.0,0.0,0.0,0.0,67.14556039832775,22.64887851806816,True,False,True,False,False,6.500772290197386
2024-07-09 00:00:00+00:00,21.4451715433,21.5563256211,21.4141337555,21.4354722346,8627,20.557262998944196,20.63186745185983,20.938068162161937,,,,20.37035489557296,20.342188158132107,20.684117957968375,21.02416747134176,"rgba(0, 255, 0, 1.0)",0.20785517710096463,21.02416747134176,2.0254682987941144,8,0.22927484948886023,1.8341987959108819,0.0,0.0,0.0,0.0,65.24505552485213,21.064774824142276,True,False,True,False,False,8.294142347303364
2024-07-10 00:00:00+00:00,21.4742694694,21.5324653216,21.3772763824,21.3894005183,9468,20.55844840531729,20.633166797130748,20.93946771715273,,,,20.371408017619437,20.343344741966227,20.68553966698767,21.026537281033477,"rgba(0, 255, 0, 1.0)",0.21389792322186002,21.026537281033477,2.093204934496368,8,0.2237946926100487,1.7903575408803896,0.0,0.0,0.0,0.0,64.5300357600264,20.46740421164793,True,False,True,False,False,8.856297539876763
2024-07-11 00:00:00+00:00,21.731204157,21.7458501131,21.5518639391,21.5825137546,9655,20.559941074233734,20.634830467274078,20.941471950984283,,,,20.37269124723306,20.344748018876547,20.68738435614678,21.03036986595533,"rgba(0, 255, 0, 1.0)",0.22814999704414227,21.03036986595533,3.071813719590251,8,0.21160281155789873,1.6928224924631898,0.0,0.0,0.0,0.0,67.67406469433634,20.46740421164793,True,False,True,False,False,13.524292893515316
2024-07-12 00:00:00+00:00,21.6294584087,21.7070528783,21.6003604826,21.6440073717,8433,20.56120582095189,20.636236555637012,20.943140895213634,,,,20.373783668583364,20.345943086188147,20.688940143215586,21.033476904211835,"rgba(0, 255, 0, 1.0)",0.23659572243511315,21.033476904211835,2.518986811571009,8,0.204108199059375,1.632865592475,0.0,0.0,0.0,0.0,66.9680924080478,20.46740421164793,True,False,True,False,False,11.069808887191556
2024-07-15 00:00:00+00:00,21.6488570261,21.6585563348,21.515006566,21.5664129021,5486,20.561998117964638,20.637114680284842,20.94416363572262,,,,20.37447203864123,20.34669656039804,20.68990928236886,21.03532586642906,"rgba(0, 255, 0, 1.0)",0.2452345298134133,21.03532586642906,2.5018139172234295,7,0.21126819328954202,1.4788773530267942,0.0,0.0,0.0,0.0,66.76473633132417,20.46740421164793,True,False,True,False,False,11.412810216864337
2024-07-16 00:00:00+00:00,21.5033673955,21.6778579591,21.5033673955,21.5518639391,6348,20.562873188518996,20.638080788154554,20.945261457333572,,,,20.37523796870617,20.34753557374158,20.690972128793707,21.037240779850062,"rgba(0, 255, 255, 0.75)",0.24965242032748364,21.037240779850062,1.8671023298652256,7,0.2073218434712405,1.4512529042986835,0.0,0.0,0.0,0.0,63.06529718905067,19.09219203753142,True,False,True,False,False,8.004594150819518
2024-07-17 00:00:00+00:00,21.5518639391,21.6585563348,21.454870852,21.454870852,3915,20.56340863504504,20.638671465214873,20.945929523922867,,,,20.37570728869886,20.34804970138341,20.69162149159723,21.03839329282024,"rgba(0, 255, 0, 1.0)",0.2552773071666528,21.03839329282024,2.011422997127398,7,0.2028211711583165,1.4197481981082154,0.0,0.0,0.0,0.0,61.42334141277408,17.448737424170062,True,False,True,False,False,8.891462609008087
2024-07-18 00:00:00+00:00,21.5615632478,21.6682556435,21.4937650799,21.5324653216,3149,20.56384732863842,20.639156081817273,20.946482923335026,,,,20.37609072666922,20.348469570339972,20.692154831484388,21.039356057134693,"rgba(0, 255, 255, 0.75)",0.2611424881433602,21.039356057134693,1.999702133413954,7,0.19898154786701133,1.3928708350690793,0.0,0.0,0.0,0.0,60.497866130890415,16.431972111929056,False,False,True,False,False,9.06957902787435
2024-07-19 00:00:00+00:00,21.5809618652,21.6682556435,21.4742694694,21.4742694694,10298,20.56527926392814,20.6407373434198,20.94828579787503,,,,20.377342917947384,20.349840603338695,20.69389442934846,21.04246582403028,"rgba(0, 255, 0, 1.0)",0.26719340943464637,21.04246582403028,2.015379205307199,7,0.19472908657263036,1.3631036060084125,0.0,0.0,0.0,0.0,60.23897629431825,15.966424296738666,False,False,True,False,False,9.430120073871223
2024-07-22 00:00:00+00:00,21.6779549522,21.6876542609,21.5712625565,21.6585563348,8004,20.5664676617761,20.64205601113387,20.94983828036285,,,,20.378372081056316,20.35096587521251,20.695350609864583,21.04522427690758,"rgba(0, 255, 0, 1.0)",0.27532417022628014,21.04522427690758,2.2981297819672006,7,0.1890883631261995,1.3236185418833966,0.0,0.0,0.0,0.0,61.74490574794888,15.966424296738666,False,False,True,False,False,11.209899095365937
2024-07-23 00:00:00+00:00,21.8234445828,21.8234445828,21.6585563348,21.7540945255,5084,20.56730693667932,20.642994129294888,20.950994293857313,,,,20.37908821207405,20.35174734466652,20.69639252204641,21.047371514239128,"rgba(0, 255, 0, 1.0)",0.28746519389225056,21.047371514239128,2.6997114261136086,7,0.18137729953360862,1.2696410967352603,0.0,0.0,0.0,0.0,64.75777786278752,15.966424296738666,True,False,True,False,True,13.754395289839358
2024-07-24 00:00:00+00:00,21.7749480392,21.813745274,21.7070528783,21.7555494218,1786,20.56760070148582,20.643322372095838,20.951398021714205,,,,20.379339027499462,20.35202104296675,20.696756961492763,21.048117212893196,"rgba(0, 255, 0, 1.0)",0.2969194469047174,21.048117212893196,2.4479057666440034,7,0.1762147924514242,1.2335035471599696,0.0,0.0,0.0,0.0,65.37423210524635,15.966424296738666,True,False,True,False,True,12.56633532450849
2024-07-25 00:00:00+00:00,21.8622418176,21.881640435,21.813745274,21.8234445828,7537,20.568929060196233,20.644813073042847,20.953279643372724,,,,20.380463086274798,20.353246167970294,20.698417603302016,21.051671234143463,"rgba(0, 255, 0, 1.0)",0.30723593156942314,21.051671234143463,2.6382675337353296,7,0.16949543289351135,1.1864680302545794,0.0,0.0,0.0,0.0,66.94954392430118,11.647824600936836,True,False,True,False,True,14.064519350681316
2024-07-26 00:00:00+00:00,21.9883328307,21.9883328307,21.6876542609,21.6876542609,4313,20.569708996739486,20.645689535910353,20.954395302309784,,,,20.381121071770462,20.35396294680514,20.699394966943323,21.053783620978173,"rgba(0, 255, 0, 1.0)",0.32100628704591794,21.053783620978173,2.91131123418821,7,0.16156128480628942,1.1309289936440259,0.0,0.0,0.0,0.0,69.42016525277933,14.13088019101869,True,False,True,False,True,16.146114380707278
2024-07-29 00:00:00+00:00,21.8234445828,22.0077314481,21.7822225208,22.0077314481,12591,20.57195136323987,20.64820629112675,20.957578147577046,,,,20.383017057815383,20.35602851518998,20.70219842223746,21.116445852443643,"rgba(0, 255, 0, 1.0)",0.32741710061344786,21.116445852443643,2.1593213336497272,7,0.15701059117365065,1.0990741382155547,1.0,0.0,22.007732,678.0,66.85025345831808,14.13088019101869,True,False,True,False,True,12.172506326481933
2024-07-30 00:00:00+00:00,21.7458501131,21.881640435,21.634308063,21.881640435,8581,20.573337692906378,20.64975177947137,20.959458019832557,,,,20.384204896427274,20.357324374092197,20.703910562606954,21.1173013584905,"rgba(0, 255, 255, 0.75)",0.33092079618362125,21.1173013584905,1.8993933347746799,7,0.1537640089229896,1.0763480624609272,0.0,0.0,0.0,0.0,63.472063543391386,18.99360622512154,True,False,True,False,False,10.385016715190009
2024-07-31 00:00:00+00:00,21.3370242513,21.8348230787,21.297981206,21.8348230787,106300,20.58646479323671,20.664051782001327,20.97453006962537,21.48994284533333,,,20.39594731514777,20.370183174142408,20.71944866551758,21.160388679678526,"rgba(38, 166, 154, 0.5)",0.3281855935192452,21.160388679678526,0.5382185419151148,7,0.1534254013059784,1.0739778091418488,0.0,0.0,0.0,0.0,55.183384520954455,11.362869958329078,False,True,True,False,False,1.9066991196919574
2024-08-01 00:00:00+00:00,21.542000239,21.5615217617,21.4443926258,21.4639141485,35217,20.59085416576855,20.668828546957585,20.979579020693585,21.496420177501054,,,20.39987400491394,20.37447665830634,20.72463117402762,21.16671674302303,"rgba(38, 166, 154, 1.0)",0.3262749766333462,21.16671674302303,1.1502061845174745,7,0.15214993103660138,1.0650495172562096,0.0,0.0,0.0,0.0,52.72184612722001,9.39171208223187,False,True,False,False,False,5.4403524236732075
2024-08-02 00:00:00+00:00,21.7860192721,21.7860192721,21.5029571938,21.5224787164,40744,20.596835633106917,20.67542096290984,20.987179364586808,21.540066734202274,,,20.405092494590072,20.380162385322212,20.731856175270597,21.181167232035744,"rgba(0, 255, 255, 0.75)",0.32856582576846055,21.181167232035744,1.8408854257730771,6,0.15722393128211562,0.9433435876926937,0.0,0.0,0.0,0.0,53.933362970295526,9.39171208223187,False,True,False,False,False,9.298814255545338
2024-08-05 00:00:00+00:00,21.7567369881,21.8543446014,21.6200863296,21.7176939429,16114,20.599294998051278,20.678137191254834,20.99035949350259,21.556609702122575,,,20.407227797423527,20.382486252441105,20.73483728296053,21.18715318856755,"rgba(0, 255, 255, 0.75)",0.3305100913184467,21.18715318856755,1.723347681337979,6,0.1543702822213551,0.9262216933281306,0.0,0.0,0.0,0.0,54.34314368712337,9.39171208223187,False,True,True,False,False,8.730100648144177
2024-08-06 00:00:00+00:00,21.7372154655,21.8348230787,21.6786508976,21.8348230787,5180,20.600087828286206,20.67901273178861,20.991384886592257,21.561536882389237,,,20.407916099854255,20.38323516337768,20.735798018188646,21.189042210504567,"rgba(0, 255, 255, 0.75)",0.3281193268839724,21.189042210504567,1.6706521380536503,6,0.15195195994505706,0.9117117596703423,0.0,0.0,0.0,0.0,54.335088520149725,9.39171208223187,False,True,True,False,False,8.347586199475671
2024-08-07 00:00:00+00:00,21.7469762268,21.8249647098,21.6786508976,21.7897283614,7004,20.60115806711415,20.680194263353194,20.992766892837192,21.567812450811033,,,20.408845626116626,20.384246456224027,20.737094122028,21.191546860841804,"rgba(0, 255, 255, 0.75)",0.326435221766635,21.191546860841804,1.7014994979777878,5,0.16018131871292124,0.8009065935646063,0.0,0.0,0.0,0.0,54.45674523073922,9.39171208223187,False,True,True,False,False,8.502580223561463
2024-08-08 00:00:00+00:00,21.7079331815,21.7284307803,21.6396078523,21.7128135622,8517,20.602391027057124,20.68154955424978,20.994312045794462,21.57264011489415,,,20.409925240946382,20.38542187663018,20.738575457527656,21.19404962503684,"rgba(0, 255, 255, 0.75)",0.3249343539604458,21.19404962503684,1.581499617383377,5,0.1587360541398281,0.7936802706991406,0.0,0.0,0.0,0.0,53.89227782537688,9.39171208223187,False,True,True,False,False,7.717470718668245
2024-08-09 00:00:00+00:00,21.6786508976,21.7078355739,21.5908040457,21.6591293749,11927,20.604060974022474,20.68337979356688,20.996362920365343,21.577103993498344,,,20.411395346030442,20.3870230093429,20.74057087213651,21.197102023423614,"rgba(38, 166, 154, 1.0)",0.32552344828591934,21.197102023423614,1.4793062580039524,5,0.15787036171377142,0.7893518085688571,0.0,0.0,0.0,0.0,53.01680705208348,8.805204014327856,False,True,False,False,False,7.126523131832585
2024-08-12 00:00:00+00:00,21.6888020893,21.7469762268,21.6640097556,21.6973915593,5514,20.60486103914723,20.684258934405918,20.997364948028967,21.579967462321452,,,20.412096028869353,20.38778558982139,20.741531335311027,21.198692608975072,"rgba(0, 255, 255, 0.75)",0.3260976453072336,21.198692608975072,1.5029531411156647,5,0.15681883421162318,0.784094171058116,0.0,0.0,0.0,0.0,52.60708799635929,8.036369607043234,False,True,False,False,False,7.297619842730729
2024-08-13 00:00:00+00:00,21.7094949033,21.7469762268,21.6471236385,21.6711351113,11865,20.60658065069185,20.68614787576508,20.999515334332347,21.585758555755636,,,20.413602656954946,20.389425090718074,20.743594275897802,21.202059570640063,"rgba(0, 255, 255, 0.75)",0.3253242592557272,21.202059570640063,1.559783256929078,5,0.1556549353005942,0.7782746765029711,0.0,0.0,0.0,0.0,52.710721049086175,7.748439708616949,False,True,False,False,False,7.650762917199316
2024-08-14 00:00:00+00:00,21.7176939429,21.8174489236,21.7176939429,21.7372154655,4276,20.607227160730847,20.68686018714096,21.000341804879724,21.588554191811436,,,20.414165709024523,20.390037313197467,20.744374071519484,21.20343872033772,"rgba(0, 255, 255, 0.75)",0.32260485609998196,21.20343872033772,1.594071548640612,5,0.15409956112786305,0.7704978056393152,0.0,0.0,0.0,0.0,52.938556310969595,7.583405896813986,False,True,False,False,False,7.7924994664029406
2024-08-15 00:00:00+00:00,21.6688901362,21.8055407948,21.6200863296,21.8055407948,6399,20.60814871535098,20.68787159863428,21.00148850245787,21.591261885652784,,,20.41497419768072,20.390916983546333,20.745477712950265,21.205181552083367,"rgba(38, 166, 154, 1.0)",0.32205723033104067,21.205181552083367,1.4398328633702506,5,0.15297765543024638,0.764888277151232,0.0,0.0,0.0,0.0,51.984902171968315,6.307373590840484,False,True,False,False,False,6.747565988051111
2024-08-16 00:00:00+00:00,21.6396078523,21.7079331815,21.600564807,21.6981724202,7104,20.60912425367129,20.688937947925783,21.0026682601488,21.592812789787263,,,20.415836476956155,20.391855778229704,20.746637346460993,21.206791115852187,"rgba(38, 166, 154, 1.0)",0.32047071536016564,21.206791115852187,1.3505656389270533,5,0.15261210294196959,0.7630605147098479,0.0,0.0,0.0,0.0,50.69174748749156,4.77803941914852,False,True,False,False,False,6.120728925088212
2024-08-19 00:00:00+00:00,21.7176939429,21.7274547042,21.6006624146,21.7079331815,4375,20.609742911333292,20.689615712657414,21.003429161151512,21.594254071205114,,,20.416380917559742,20.39244819423266,20.747375739563697,21.207894064434917,"rgba(0, 255, 255, 0.75)",0.32097144073311296,21.207894064434917,1.5883029259571375,5,0.15175358424864818,0.7587679212432409,0.0,0.0,0.0,0.0,51.62100162056541,4.77803941914852,False,True,False,False,False,7.528534362878215
2024-08-20 00:00:00+00:00,21.629847091,21.7079331815,21.6200863296,21.6493686136,7432,20.61076352861421,20.690730992164195,21.00466215918168,21.595814653496625,,,20.417283311288962,20.393430460502007,20.74858814892512,21.209563595184214,"rgba(38, 166, 154, 1.0)",0.31918800768082883,21.209563595184214,1.3167270878047703,5,0.1513170619323553,0.7565853096617765,0.0,0.0,0.0,0.0,50.21550355700481,3.971939222115431,False,True,False,False,False,5.636571545617876
2024-08-21 00:00:00+00:00,21.8250623174,21.8250623174,21.629847091,21.629847091,7576,20.611908872588003,20.691991830822534,21.00612170791892,21.600170538345647,,,20.418281667202162,20.394515428125498,20.749967097845555,21.2119185267997,"rgba(0, 255, 255, 0.75)",0.32110576498432863,21.2119185267997,1.909476121147264,5,0.14923402273517397,0.7461701136758698,0.0,0.0,0.0,0.0,53.08868541290397,3.971939222115431,False,True,False,False,True,9.064180608735235
2024-08-22 00:00:00+00:00,21.9226699306,21.932430692,21.7957800334,21.8153015561,20756,20.615371776278902,20.69582910270294,21.010742783350125,21.619378569485303,,,20.421260621987578,20.397747457531846,20.75418592195308,21.220229914962122,"rgba(0, 255, 0, 1.0)",0.3255159486851291,21.220229914962122,2.157928109130371,5,0.14671033683452947,0.7335516841726474,0.0,0.0,0.0,0.0,56.46918561851725,2.4604426779704482,False,True,True,False,True,10.685663802339157
2024-08-23 00:00:00+00:00,21.7957800334,21.8445838401,21.7664977495,21.7664977495,4415,20.616058852530184,20.696586465464573,21.011628448391363,21.621977548091326,,,20.4218575545716,20.398395597379913,20.755014923485263,21.221660649651955,"rgba(0, 255, 255, 0.75)",0.3259634690276736,21.221660649651955,1.7612997722125205,5,0.14518749546308768,0.7259374773154383,0.0,0.0,0.0,0.0,55.93110924222049,2.4604426779704482,False,True,True,False,True,7.9787452763664
2024-08-26 00:00:00+00:00,21.9129091693,21.9322354767,21.8055407948,21.8055407948,7952,20.61737901454951,20.69804804091777,21.013382122198514,21.62850510845787,,,20.422994633071415,20.39962897083879,20.75662038200373,21.224711345504303,"rgba(0, 255, 0, 1.0)",0.32721960424213964,21.224711345504303,2.103168070842225,4,0.15399402463886733,0.6159760985554693,0.0,0.0,0.0,0.0,57.35636953500834,3.2110883798651244,False,True,True,False,True,9.915421122374795
2024-08-27 00:00:00+00:00,21.9519522146,21.9763541179,21.8445838401,21.873866124,14575,20.619869192596305,20.700809325918247,21.016727747907044,21.641442141603275,,,20.42513216413368,20.40194618617456,20.759657091430533,21.230621623713393,"rgba(0, 255, 0, 1.0)",0.32896900777939353,21.230621623713393,2.192700752437839,4,0.15148203717437983,0.6059281486975193,0.0,0.0,0.0,0.0,58.85910309064438,4.662722839246925,False,True,True,False,True,10.548893134526129
2024-08-28 00:00:00+00:00,21.9665933566,21.9719617753,21.8641053627,21.8641053627,14105,20.622288315646262,20.703491330913018,21.019977317089094,21.653331215118033,,,20.427208633113768,20.404196555701905,20.76260578726308,21.23627151093239,"rgba(0, 255, 0, 1.0)",0.32902949186943314,21.23627151093239,2.2196242699041093,4,0.14944198830838765,0.5977679532335506,0.0,0.0,0.0,0.0,60.07567131506249,5.858991012881347,False,False,True,False,True,10.788043159285692
2024-08-29 00:00:00+00:00,21.9617129759,21.9714737372,21.9519522146,21.9617129759,9878,20.624012570268548,20.705404459041095,21.022307405320365,21.661858599911945,,,20.42868589210054,20.405796848775715,20.764710266753106,21.240331381463697,"rgba(0, 255, 0, 1.0)",0.3285536277517991,21.240331381463697,2.195628151703925,4,0.1480413987455682,0.5921655949822728,0.0,0.0,0.0,0.0,60.75844624718196,6.5879007848960995,False,False,True,False,True,10.679906808905624
2024-08-30 00:00:00+00:00,21.932430692,21.9617129759,21.8641053627,21.873866124,14855,20.626515519006865,20.708174087752628,21.025633075724112,21.672141389316092,,,20.4308409700486,20.408132009118425,20.767749871044796,21.245830080743282,"rgba(0, 255, 0, 1.0)",0.3270679702460999,21.245830080743282,2.0992597065988785,4,0.14690093641492494,0.5876037456596997,0.0,0.0,0.0,0.0,60.40510620390812,6.5879007848960995,False,False,True,False,True,10.023745903148669
2024-09-03 00:00:00+00:00,21.9226699306,21.9519522146,21.8153015561,21.8836268853,8626,20.627938972586694,20.709746432013716,21.027504012744764,21.677228085239538,,,20.43207042050561,20.40946430115539,20.769472815224784,21.248811816751328,"rgba(0, 255, 0, 1.0)",0.32798140484744615,21.248811816751328,2.0545619473826724,3,0.14187387363487486,0.4256216209046246,0.0,0.0,0.0,0.0,59.88868341827684,6.5879007848960995,False,False,True,False,True,9.802846536708508
2024-09-04 00:00:00+00:00,21.8933876467,21.9617129759,21.8599082353,21.9226699306,54448,20.636909548417645,20.719645227952174,21.039242367588404,21.705728078299135,,,20.439827501901174,20.417866081458772,20.78030775189063,21.26694270788437,"rgba(0, 255, 255, 0.75)",0.328607273566412,21.26694270788437,1.9063635811123498,3,0.14171956142203515,0.4251586842661055,0.0,0.0,0.0,0.0,58.67130195343033,6.5879007848960995,False,True,True,False,False,9.133702806412845
2024-09-05 00:00:00+00:00,21.8836268853,21.9812344986,21.8836268853,21.8933876467,13093,20.63906673868842,20.722023346594543,21.042054160040603,21.71187473681637,,,20.441694776013,20.419887435692136,20.78290798631677,21.271163136224764,"rgba(0, 255, 255, 0.75)",0.32608266839101036,21.271163136224764,1.878246863279534,3,0.1416827078890429,0.42504812366712874,0.0,0.0,0.0,0.0,57.55873638163912,6.5879007848960995,False,True,True,False,False,8.908503198073955
2024-09-06 00:00:00+00:00,21.903148408,21.9714737372,21.8836268853,21.903148408,18950,20.642183990568167,20.72545792709502,21.046107016643198,21.720292841912624,,,20.444394948151277,20.422809719033083,20.78666113459221,21.277162002790895,"rgba(0, 255, 255, 0.75)",0.32337303535249246,21.277162002790895,1.9358027317483315,3,0.1419802917435673,0.4259408752307019,0.0,0.0,0.0,0.0,57.325002589908266,6.5879007848960995,False,True,True,False,False,9.267574916945417
2024-09-09 00:00:00+00:00,21.9812344986,22.0105167825,21.9519522146,21.9617129759,10390,20.643969109933135,20.727429774128208,21.048469457369194,21.72596967945769,,,20.445933098608556,20.424473115838012,20.788820154335657,21.280789322936688,"rgba(0, 255, 0, 1.0)",0.32242358591891546,21.280789322936688,2.172437768989589,3,0.14198021307653017,0.42594063922959047,0.0,0.0,0.0,0.0,59.046237281373244,6.5879007848960995,False,True,True,False,True,10.693588951466904
2024-09-10 00:00:00+00:00,21.9421914533,22.037651699,21.9129091693,21.9812344986,12406,20.646067384741478,20.72974434471729,21.051223622795476,21.732002653923118,,,20.447745400205886,20.42643300324485,20.791351321336094,21.284912558559633,"rgba(0, 255, 0, 1.0)",0.3192904391095277,21.284912558559633,2.0585611538305386,3,0.1420627708210679,0.42618831246320377,0.0,0.0,0.0,0.0,58.798555626096444,6.5879007848960995,False,True,True,False,True,9.755474485761109
2024-09-11 00:00:00+00:00,21.9812344986,21.9812344986,21.9129091693,21.9529282907,15986,20.64874950909874,20.732700156558757,21.054725868939627,21.739157372526606,,,20.450065414421907,20.428941627776357,20.794580852584712,21.290057999230427,"rgba(0, 255, 0, 1.0)",0.3136020066832606,21.290057999230427,2.203992591372871,3,0.14307189172986826,0.4292156751896048,0.0,0.0,0.0,0.0,59.58721259505198,6.5879007848960995,False,False,True,False,True,10.476251641892894
2024-09-12 00:00:00+00:00,21.9812344986,22.0158852013,21.932430692,21.9617129759,12681,20.65089856393519,20.735069170984502,21.05754000273426,21.7449607020017,,,20.451922689906482,20.430949199721535,20.79716956499727,21.294196857043573,"rgba(0, 255, 0, 1.0)",0.30905899500885076,21.294196857043573,2.2229983681165812,3,0.14392687137638716,0.43178061412916147,0.0,0.0,0.0,0.0,60.11298390768901,6.964903151995969,False,False,True,False,True,10.476251641892894
2024-09-13 00:00:00+00:00,21.9714737372,22.0007560212,21.9129091693,21.9421914533,21900,20.654552366672753,20.739090728173466,21.062282102808627,21.753742104248207,,,20.45508852997677,20.43437093402526,20.80155786726863,21.300978517201123,"rgba(0, 255, 0, 1.0)",0.3044280482202684,21.300978517201123,2.2024751790076222,3,0.14454672040632507,0.4336401612189752,0.0,0.0,0.0,0.0,60.04888157871726,7.0679133458132455,False,False,True,False,True,10.231151730323965
2024-09-16 00:00:00+00:00,22.1666889637,22.1854296254,21.9665933566,21.9812344986,23667,20.658912191959793,20.743917468764625,21.06816573601455,21.768527827296527,,,20.458821672977002,20.438399875157486,20.80684936704979,21.31009214862437,"rgba(0, 255, 0, 1.0)",0.30160048364460534,21.31009214862437,2.8401705618118678,2,0.1537024491986045,0.307404898397209,0.0,0.0,0.0,0.0,64.13569973468447,11.013018358300677,True,False,True,False,True,13.811859335322652
2024-09-17 00:00:00+00:00,22.1374066797,22.2838180996,22.0837224925,22.1520478217,30820,20.664792448867196,20.75043626820719,21.076181211525434,21.78923453450063,,,20.463840111872244,20.443811690921766,20.814002290574656,21.32260778555142,"rgba(0, 255, 0, 1.0)",0.2985494935398837,21.32260778555142,2.7291920159956002,2,0.15251937526197534,0.3050387505239507,0.0,0.0,0.0,0.0,65.69059116055821,12.426664742834653,True,False,True,False,True,13.066648200463622
2024-09-18 00:00:00+00:00,22.176449725,22.235014293,22.0300383052,22.0495598278,35054,20.671331788214847,20.757668947441765,21.084983227865198,21.80914718359461,,,20.469441902873605,20.44985097959033,20.821921432203716,21.335805123481173,"rgba(0, 255, 0, 1.0)",0.3020277913719905,21.335805123481173,2.7833352609709165,2,0.15167967356183637,0.30335934712367274,0.0,0.0,0.0,0.0,67.41819523897212,14.002879603164871,True,False,True,False,True,13.765710238132897
2024-09-19 00:00:00+00:00,22.235014293,22.2934812533,22.1959712477,22.1959712477,53122,20.6817588531361,20.769222343726884,21.099210029434524,21.842762647833045,,,20.478333621918875,20.459426012962965,20.834586137399562,21.35737312690662,"rgba(0, 255, 0, 1.0)",0.309203265639997,21.35737312690662,2.8383955268933367,2,0.15111019929198272,0.30222039858396543,0.0,0.0,0.0,0.0,69.52917567192078,15.927683477359906,True,False,True,False,True,14.805659093865295
2024-09-20 00:00:00+00:00,22.2642965769,22.3716649515,22.0886028731,22.1569282024,13950,20.684474170227844,20.7722266015815,21.10288829530394,21.8507415648733,,,20.48065388364811,20.461923548762602,20.837874628563103,21.42735264462346,"rgba(0, 255, 0, 1.0)",0.3157748805150049,21.42735264462346,2.6504449337817753,1,0.11383900679917601,0.11383900679917601,0.0,0.0,0.0,0.0,71.38744953518426,17.601853358288096,True,False,True,False,True,15.322753689560159
2024-09-23 00:00:00+00:00,22.0983636344,22.2447750543,22.0886028731,22.1862104863,17508,20.68765589558327,20.775730470042202,21.107078456569713,21.85792359494946,,,20.48339636811844,20.464876820201283,20.84169467779908,21.430230059513242,"rgba(0, 255, 0, 1.0)",0.31664916881660804,21.430230059513242,2.110012091248265,1,0.11366502129366986,0.11366502129366986,0.0,0.0,0.0,0.0,66.53913593468118,20.75145278332721,True,False,True,False,False,11.048509974485658
2024-09-24 00:00:00+00:00,22.1374066797,22.2349166853,22.1178851571,22.1178851571,27036,20.692607372068483,20.781182720549555,21.11360347214596,21.869058484520703,,,20.48766311134421,20.469469667960276,20.847637559186296,21.438359354233917,"rgba(0, 255, 0, 1.0)",0.317318317323875,21.438359354233917,2.202984471118921,1,0.11311279447182397,0.11311279447182397,0.0,0.0,0.0,0.0,64.15866485327021,18.748679290508846,True,False,True,False,False,11.766951172989142
2024-09-25 00:00:00+00:00,22.0397990665,22.2446774467,22.0397990665,22.1862104863,33039,20.69838747185142,20.787523377313853,21.121054263451754,21.879251917923163,,,20.49267676288354,20.474866518756127,20.854525561023127,21.446487896826486,"rgba(0, 255, 255, 0.75)",0.3134126888102056,21.446487896826486,1.8930668439936902,1,0.113250239775305,0.113250239775305,0.0,0.0,0.0,0.0,59.79938316174787,14.887460664323811,False,False,True,False,False,9.349612037237605
2024-09-26 00:00:00+00:00,22.1171042962,22.2290602285,22.0593205891,22.0593205891,43324,20.706039932592233,20.79591517954606,21.13092029413373,21.892804425743897,,,20.499313716827977,20.482006169180487,20.863637117375628,21.45855704690046,"rgba(0, 255, 0, 1.0)",0.3097592146218369,21.45855704690046,2.1259972850315854,1,0.11293976088458944,0.11293976088458944,0.0,0.0,0.0,0.0,58.66607892993488,14.053140094352386,False,False,True,False,False,10.795217338128207
2024-09-27 00:00:00+00:00,22.0788421118,22.1539023664,22.0397990665,22.1178851571,83440,20.720100913263142,20.81126125453223,21.14857581529819,21.911134294379668,,,20.511604012920653,20.495221214733128,20.880226148165228,21.478090688745855,"rgba(0, 255, 255, 0.75)",0.3050311478631588,21.478090688745855,1.9694756658872445,1,0.11266131346686496,0.11266131346686496,0.0,0.0,0.0,0.0,56.859902053580804,12.455464912739515,False,True,True,False,False,9.85157556958027
2024-09-30 00:00:00+00:00,22.1178851571,22.1862104863,21.9909952599,22.0397990665,328500,20.773079005286498,20.868635920197114,21.21270690083114,21.961137414822936,,,20.55842189443789,20.54544003702342,20.941777948565043,21.54583164326923,"rgba(0, 255, 255, 0.75)",0.3003194945867218,21.54583164326923,1.904816450953307,1,0.11255563715209112,0.11255563715209112,0.0,0.0,0.0,0.0,56.57565687297185,12.184267372441624,False,True,True,False,False,10.589225737132296
2024-10-01 00:00:00+00:00,22.2447750543,22.3033396222,22.1374066797,22.161808583,30448,20.778245951243605,20.87423140296371,21.219024675943288,21.967596026025014,,,20.562976770511213,20.550312629669417,20.947776214807448,21.553091054902907,"rgba(0, 255, 0, 1.0)",0.29959645733042567,21.553091054902907,2.308718886599625,1,0.11222947964879608,0.11222947964879608,0.0,0.0,0.0,0.0,58.94139326795634,12.184267372441624,False,False,True,False,False,12.92028610294712
2024-10-02 00:00:00+00:00,22.205732009,22.2789377189,22.176449725,22.176449725,3630,20.77885606498694,20.874891435646642,21.219766612980372,21.968321904053095,,,20.563515500291306,20.550888850392358,20.948483079067234,21.553929724653035,"rgba(0, 255, 0, 1.0)",0.2968157497211589,21.553929724653035,2.195982810748062,1,0.11216022659212954,0.11216022659212954,0.0,0.0,0.0,0.0,59.33652768368249,12.184267372441624,False,False,True,False,False,11.932489157108208
2024-10-03 00:00:00+00:00,22.1862104863,22.2935788609,22.1503884923,22.176449725,2996,20.77935563010798,20.875431530429577,21.220371835466533,21.96889348372898,,,20.563957107922043,20.551361195248585,20.949061168153584,21.55460581160076,"rgba(0, 255, 0, 1.0)",0.2921043317250846,21.55460581160076,2.162257132474426,1,0.11260894772448228,0.11260894772448228,0.0,0.0,0.0,0.0,59.00428942027857,12.184267372441624,False,False,True,False,False,11.4370135602232
2024-10-04 00:00:00+00:00,22.176449725,22.2008516283,22.0914334939,22.1862104863,5120,20.780176471038875,20.876316336345255,21.221348270293102,21.969647475983844,,,20.56468658895894,20.552141615776904,20.95000575712335,21.55563209705007,"rgba(0, 255, 0, 1.0)",0.2872895624609335,21.55563209705007,2.160947382257764,1,0.11317715179573924,0.11317715179573924,0.0,0.0,0.0,0.0,58.47003283400647,12.184267372441624,False,False,True,False,False,11.186389495890172
2024-10-07 00:00:00+00:00,22.0886028731,22.1958736401,22.0593205891,22.1637607353,6635,20.781206593669136,20.877423888793487,21.222554371787048,21.970399522228632,,,20.565606218254626,20.55312560573954,20.95118546524393,21.55683096310258,"rgba(0, 255, 255, 0.75)",0.27904127315918315,21.55683096310258,1.905710592475915,1,0.11416039293384486,0.11416039293384486,0.0,0.0,0.0,0.0,55.485752077455125,10.572050033927546,False,True,True,False,False,8.95093924456101
2024-10-08 00:00:00+00:00,22.1862104863,22.1958736401,22.0886028731,22.1381875406,8823,20.78261732919879,20.87894385637855,21.224228976378214,21.97167737519189,,,20.566860767290063,20.554467555895098,20.952807402186743,21.558583591686904,"rgba(0, 255, 0, 1.0)",0.2740371277487814,21.558583591686904,2.2902987626861266,1,0.11414881758168069,0.11414881758168069,0.0,0.0,0.0,0.0,55.91512446034278,10.572050033927546,False,True,True,False,False,10.837787892650404
2024-10-09 00:00:00+00:00,22.1081243958,22.1959712477,22.0983636344,22.1862104863,2647,20.783033007092584,20.879391057256598,21.224717984544572,21.972010682865474,,,20.567231382652835,20.554864010601936,20.953283976309365,21.55908001435678,"rgba(0, 255, 0, 1.0)",0.2660223510369298,21.55908001435678,2.0639031994984545,1,0.11436755201082179,0.11436755201082179,0.0,0.0,0.0,0.0,54.07629604409315,8.931289233976102,False,True,False,False,False,8.881641951439669
2024-10-10 00:00:00+00:00,22.0651770459,22.176449725,22.0408727502,22.0788421118,4182,20.78366979588217,20.880074446639785,21.225455576734333,21.9724053180621,,,20.56780162814718,20.555474115946986,20.954010663927036,21.55978753307222,"rgba(0, 255, 255, 0.75)",0.25784689129282357,21.55978753307222,1.9600372542550235,1,0.1154456852135693,0.1154456852135693,0.0,0.0,0.0,0.0,51.78171268551067,6.633787928868209,False,True,False,False,False,7.8223711268350655
2024-10-11 00:00:00+00:00,22.176449725,22.2252535316,22.0739617311,22.2252535316,8045,20.784953164385303,20.881456543942974,21.226975893878947,21.9735550464849,,,20.568943649570823,20.556695486091858,20.955484807607856,21.561373013718843,"rgba(0, 255, 0, 1.0)",0.25386057455913347,21.561373013718843,2.4228918269381943,1,0.11624734053591707,0.11624734053591707,0.0,0.0,0.0,0.0,52.9535546575538,6.633787928868209,False,True,False,False,False,9.992713378649473
2024-10-14 00:00:00+00:00,22.1666889637,22.176449725,22.0788421118,22.1081243958,5518,20.785820582517328,20.88238952803616,21.227995830180845,21.974259971171982,,,20.569717197973908,20.557522792032024,20.95647881800638,21.562410921351734,"rgba(0, 255, 0, 1.0)",0.25021738298326923,21.562410921351734,2.415012239132367,1,0.11700987243419847,0.11700987243419847,0.0,0.0,0.0,0.0,53.46579830812354,6.633787928868209,False,True,False,False,False,9.74763769227074
2024-10-15 00:00:00+00:00,22.2740573382,22.3716649515,22.176449725,22.176449725,10276,20.787591751033624,20.884307125245684,21.23016590439127,21.976596786973612,,,20.571277878643194,20.559190781683988,20.958533522599026,21.62074777643183,"rgba(0, 255, 0, 1.0)",0.24868862490855626,21.62074777643183,2.6270182723813464,1,0.11765273643520589,0.11765273643520589,0.0,0.0,0.0,0.0,56.08392829782357,6.633787928868209,False,True,True,False,True,11.793365324629537
2024-10-16 00:00:00+00:00,22.3326219062,22.3520458212,22.1286219945,22.1374066797,12039,20.789657312041207,20.886542231285254,21.232689682938837,21.97926180418721,,,20.57309951225864,20.56113745398958,20.960927205656173,21.623453829644188,"rgba(0, 255, 0, 1.0)",0.24966532557798257,21.623453829644188,2.840474843329034,1,0.11878854672166206,0.11878854672166206,0.0,0.0,0.0,0.0,58.89442320480899,4.086415371173011,False,False,True,False,True,12.877376724029268
2024-10-17 00:00:00+00:00,22.2252535316,22.3441396045,22.1666889637,22.3423826675,7590,20.790934022033813,20.88792153320518,21.234235242855682,21.980771323928487,,,20.5742285815047,20.562344024674612,20.962402268141375,21.624767854480506,"rgba(0, 255, 0, 1.0)",0.24808745342632874,21.624767854480506,2.420459675917517,1,0.1201919523458899,0.1201919523458899,0.0,0.0,0.0,0.0,57.697121700142354,4.086415371173011,False,False,True,False,True,10.145578362711486
2024-10-18 00:00:00+00:00,22.2447750543,22.292798,22.1666889637,22.2252535316,5519,20.791854204929813,20.88891490005145,21.235344365617404,21.98181467557908,,,20.57504341233386,20.563214764296777,20.963463871028132,21.625701580090443,"rgba(0, 255, 0, 1.0)",0.24763831697860705,21.625701580090443,2.499909875671775,1,0.12150545458659136,0.12150545458659136,0.0,0.0,0.0,0.0,57.31262939160997,4.086415371173011,False,False,True,False,True,10.517477192950956
2024-10-21 00:00:00+00:00,22.0593205891,22.1569282024,22.0007560212,22.1569282024,23905,20.795379254974378,20.892683483563264,21.239344024911635,21.983397166393946,,,20.57821907638481,20.5666103871022,20.967456855449935,21.625306876824116,"rgba(0, 255, 255, 0.75)",0.24500314273153448,21.625306876824116,1.7714618165182523,1,0.124181709811167,0.124181709811167,0.0,0.0,0.0,0.0,52.81728080964443,7.7824363537398185,False,True,False,False,False,6.0140505111561495
2024-10-22 00:00:00+00:00,22.1081243958,22.1178851571,22.001829705,22.0788421118,11031,20.797003940785533,20.894419720142388,21.241184759032777,21.9841378026632,,,20.579683484883216,20.56817590126454,20.96929573489225,21.626021554079855,"rgba(0, 255, 0, 1.0)",0.23777334492091934,21.626021554079855,2.027573115398983,0,,,0.0,0.0,0.0,0.0,50.964917467331006,6.078763260868264,False,True,False,False,False,6.9759747572574895
2024-10-23 00:00:00+00:00,22.0827464163,22.161808583,21.9910928675,22.1081243958,17034,20.799509777367355,20.89709670365268,21.244020164781627,21.98529025960359,,,20.58194312236901,20.57059115133995,20.972130017416145,21.627569767735558,"rgba(0, 255, 255, 0.75)",0.2323700759170535,21.627569767735558,1.9588436538916572,0,,,0.0,0.0,0.0,0.0,49.19782073353089,4.4201304338434255,False,True,False,False,False,6.373910726418
2024-10-24 00:00:00+00:00,22.1321358686,22.1464841878,22.0886028731,22.1081243958,5787,20.800387977546787,20.898037068082772,21.2450294741828,21.985856540517123,,,20.582731695879037,20.571433746785672,20.97312766003158,21.628401802246845,"rgba(0, 255, 0, 1.0)",0.22785718707578517,21.628401802246845,2.210744689767508,0,,,0.0,0.0,0.0,0.0,49.24128985159492,4.397479977553608,False,True,False,False,False,7.3604354812315975
2024-10-25 00:00:00+00:00,22.1081243958,22.2008516283,22.0203751515,22.1081243958,7094,20.801452666036397,20.899175982344815,21.24624582062605,21.98648077903366,,,20.58368935197297,20.57245699883623,20.974334855520794,21.629349137366354,"rgba(0, 255, 0, 1.0)",0.22769506474167694,21.629349137366354,2.1027037146229914,0,,,0.0,0.0,0.0,0.0,48.69786928227646,3.7102005811004304,False,True,False,False,False,6.777245935042945
2024-10-28 00:00:00+00:00,21.9714737372,22.2462391685,21.9519522146,22.0690813505,11872,20.803158249257507,20.900993610086775,21.248148768804608,21.987066552293676,,,20.585233525246856,20.57410721028684,20.976254963449854,21.630424387279493,"rgba(0, 255, 255, 0.75)",0.22501532255254952,21.630424387279493,1.515671670940804,0,,,0.0,0.0,0.0,0.0,45.49586559848578,0.5358971493703208,False,True,False,True,False,3.5473431563055016
2024-10-29 00:00:00+00:00,22.1471674411,22.205732009,21.9714737372,22.0788421118,11192,20.804827881455036,20.90277814462542,21.250048471817983,21.988013091726767,,,20.586737208816906,20.575713544969762,20.97814497456899,21.63197662073909,"rgba(0, 255, 0, 1.0)",0.2238362097218943,21.63197662073909,2.3016419952831138,0,,,0.0,0.0,0.0,0.0,47.46142839767869,0.5358971493703208,False,True,False,True,False,7.06743023332319
2024-10-30 00:00:00+00:00,22.0983636344,22.2447750543,21.932430692,22.1959712477,24243,20.80838490282769,20.906573664524114,21.254057306491884,21.989742547090714,,,20.58994945907776,20.579144702470543,20.982158734414064,21.635071675081623,"rgba(0, 255, 0, 1.0)",0.218612190641508,21.635071675081623,2.119241191256835,0,,,0.0,0.0,0.0,0.0,47.77612724676679,0.5358971493703208,False,True,False,True,False,5.9372315569406915
2024-10-31 00:00:00+00:00,21.9504881004,22.1572253597,21.921024358,22.0978068125,41489,20.814039593910962,20.912566318136406,21.26016495025163,21.990292267662877,,,20.59511572584219,20.58466339685303,20.98845674157467,21.63822354189914,"rgba(38, 166, 154, 1.0)",0.21362600035818338,21.63822354189914,1.4617347980924205,0,,,0.0,0.0,0.0,0.0,45.367467637864436,0.3682439710236878,False,True,False,True,False,2.6317124062609984
2024-11-01 00:00:00+00:00,21.9112031105,22.0388793277,21.8915606156,21.9603093479,20057,20.81661258488824,20.915276684051374,21.262839518227455,21.98972278550824,,,20.597490267105254,20.58719995521647,20.9912895138293,21.639117941589127,"rgba(38, 166, 154, 1.0)",0.20870735403589502,21.639117941589127,1.3036683358271997,0,,,0.0,0.0,0.0,0.0,43.1497051787043,-1.8016707935186815,False,True,False,True,False,1.781645727349641
2024-11-04 00:00:00+00:00,22.0683430701,22.10762806,21.9504881004,21.9504881004,18043,20.819110775801853,20.917925989972236,21.26555910215714,21.990338977652357,,,20.599769008496583,20.589632479482514,20.99407524463043,21.641049576365084,"rgba(0, 255, 0, 1.0)",0.20433382300722128,21.641049576365084,2.09115401183393,0,,,0.0,0.0,0.0,0.0,45.06484266714456,-1.8016707935186815,False,True,False,True,False,4.914056209632772
2024-11-05 00:00:00+00:00,22.10762806,22.1174493074,21.9995943378,21.9995943378,11350,20.820718983101276,20.919634514408564,21.26733186829159,21.9909594806024,,,20.60123122863697,20.591192896608998,20.99587456216311,21.642484704346714,"rgba(0, 255, 0, 1.0)",0.20218813369053013,21.642484704346714,2.300547253506162,0,,,0.0,0.0,0.0,0.0,47.08582092250953,-1.8016707935186815,False,True,False,True,True,5.6706965214079545
2024-11-06 00:00:00+00:00,21.9504881004,22.0487005751,21.9406668529,21.9995943378,11785,20.82225839854079,20.92125783878662,21.26894894312474,21.990876236564397,,,20.6026488106038,20.592706199552804,20.99757268531604,21.643323172991693,"rgba(0, 255, 255, 0.75)",0.20146808234669786,21.643323172991693,1.5246332015992563,0,,,0.0,0.0,0.0,0.0,45.6853101994479,-1.8016707935186815,False,True,False,True,True,2.265981318343467
2024-11-07 00:00:00+00:00,22.0192368327,22.0388793277,21.921024358,21.9504881004,14813,20.824209378072577,20.923316369040638,21.271008367748436,21.990896674835586,,,20.60444339375258,20.594621565261065,20.99972716523917,21.644507595621274,"rgba(0, 255, 255, 0.75)",0.20020242360109483,21.644507595621274,1.871751751743907,0,,,0.0,0.0,0.0,0.0,46.122531658718245,-1.8016707935186815,False,True,False,True,True,3.611060634519486
2024-11-08 00:00:00+00:00,22.0978068125,22.0978068125,22.0094155852,22.0388793277,17977,20.82672032851435,20.925979096105188,21.273750996593698,21.99177166782628,,,20.606732838737756,20.597063799561898,21.00252659186314,21.646701535130283,"rgba(0, 255, 0, 1.0)",0.20024588937009277,21.646701535130283,2.2527567421670645,0,,,0.0,0.0,0.0,0.0,47.88057154818626,-1.8016707935186815,False,True,False,False,True,5.118155334666419
2024-11-11 00:00:00+00:00,21.9799518428,22.0978068125,21.9062924868,22.0978068125,18273,20.829111457078586,20.928499301883388,21.276262871067463,21.991804730290106,,,20.6089357438164,20.599414096198057,21.005161500970058,21.648193799695484,"rgba(0, 255, 255, 0.75)",0.20024287059397303,21.648193799695484,1.6567783018712865,0,,,0.0,0.0,0.0,0.0,46.98878109221575,-1.8016707935186815,False,True,False,True,True,2.6103465519424525
2024-11-12 00:00:00+00:00,21.9603093479,21.9897730903,21.8031693883,21.9406668529,11764,20.830544406238754,20.929998887526057,21.27769857088018,21.991267366425742,,,20.610271728665712,20.600839819068682,21.006719128913566,21.680690279583235,"rgba(38, 166, 154, 1.0)",0.19943040883649932,21.680690279583235,1.402088427477518,0,,,0.0,0.0,0.0,0.0,46.06865805352251,-1.8016707935186815,False,True,False,True,True,2.1993861311698772
2024-11-13 00:00:00+00:00,21.9504881004,22.087985565,21.8031693883,22.0192368327,7498,20.83148045372443,20.930980745369556,21.278652261369352,21.991064560186445,,,20.611140977353198,20.601767216512034,21.007741158013527,21.71320693701537,"rgba(38, 166, 154, 1.0)",0.1975668081211182,21.71320693701537,1.2010173451765471,0,,,0.0,0.0,0.0,0.0,45.282092125656305,-1.8016707935186815,False,True,False,True,True,1.9913846460638673
2024-11-14 00:00:00+00:00,21.9406668529,21.9687556207,21.8326331307,21.9259349817,6128,20.83222157986019,20.93175562942402,21.27939108165212,21.990775759476048,,,20.611832931767932,20.602505538709053,21.008545342304778,21.71246145424779,"rgba(38, 166, 154, 1.0)",0.18261240327140882,21.71246145424779,1.2496708578608382,0,,,0.0,0.0,0.0,0.0,44.571886939004266,-1.8016707935186815,False,True,False,True,False,1.7802904640314416
2024-11-15 00:00:00+00:00,21.9799518428,22.0388793277,21.8326331307,21.9456756891,8422,20.833272772501733,20.932858064210333,21.28046186827813,21.990569276167268,,,20.61280931924334,20.603547073950466,21.00969266643575,21.713530521107664,"rgba(0, 255, 255, 0.75)",0.17488822314438637,21.713530521107664,1.5233805736157486,0,,,0.0,0.0,0.0,0.0,45.10534667130392,-1.8016707935186815,False,True,False,True,False,2.5906222292238574
2024-11-18 00:00:00+00:00,21.9701305953,22.0290580802,21.8522756257,21.9799518428,8582,20.834341904544132,20.933978991151537,21.281549488231896,21.99036103604864,,,20.61380279192295,20.60460674177173,21.010858915711243,21.7143009966458,"rgba(38, 166, 154, 1.0)",0.1731677416391313,21.7143009966458,1.4773513602049995,0,,,0.0,0.0,0.0,0.0,45.23932330741612,-1.8016707935186815,False,True,False,True,False,2.3721814898118723
2024-11-19 00:00:00+00:00,21.8719181206,21.9995943378,21.8719181206,21.9995943378,9587,20.8354953649033,20.93518401097282,21.28269512421081,21.989923155063543,,,20.61488101003601,20.60575691195359,21.01210852501527,21.714086741716947,"rgba(38, 166, 154, 0.5)",0.17148697285577935,21.714086741716947,0.9203694966135361,0,,,0.0,0.0,0.0,0.0,43.25412103794814,-2.8761931604619235,False,True,False,True,False,0.21153953542319925
2024-11-20 00:00:00+00:00,21.901381863,22.1057620229,21.8130888483,21.901381863,15318,20.837376853760226,20.937153415668153,21.284590852129092,21.989467784408937,,,20.61663393341091,20.60762632185268,21.014154421645024,21.714943377592554,"rgba(38, 166, 154, 1.0)",0.16910330274416918,21.714943377592554,1.1025123837439368,0,,,0.0,0.0,0.0,0.0,42.80460027880786,-3.4776385776556538,False,True,False,True,False,0.8454543771315244
2024-11-21 00:00:00+00:00,22.0290580802,22.0301384174,21.8719181206,21.8719181206,16184,20.83942415785939,20.93930216427475,21.28669418143268,21.989348959673457,,,20.618532509025243,20.60965036536149,21.016392098787396,21.716846913009483,"rgba(0, 255, 255, 0.75)",0.16643965985018244,21.716846913009483,1.8758219493571802,0,,,0.0,0.0,0.0,0.0,45.810457544013964,-3.4776385776556538,False,True,False,True,True,3.5243183097974757
2024-11-22 00:00:00+00:00,22.0388793277,22.0388793277,21.8817393681,22.0094155852,6637,20.84026858957941,20.9401888034761,21.28756483011151,21.9893378315015,,,20.61931498847105,20.61048442065363,21.01731576603884,21.71763400472432,"rgba(0, 255, 255, 0.75)",0.16274620441008383,21.71763400472432,1.9739036258333347,0,,,0.0,0.0,0.0,0.0,48.04301499079231,-5.827044343430501,False,True,False,False,True,3.72642096422976
2024-11-25 00:00:00+00:00,21.9897730903,22.087985565,21.9603093479,22.087985565,6999,20.84117804896066,20.941145540470995,21.288514938487296,21.98943360190216,,,20.620154965615722,20.611379593403555,21.018314179068042,21.718695778250385,"rgba(0, 255, 255, 0.75)",0.15804352875246802,21.718695778250385,1.7152066534415646,0,,,0.0,0.0,0.0,0.0,48.26030085255914,-5.59715875453238,False,True,False,False,True,2.6068345776018518
2024-11-26 00:00:00+00:00,21.921024358,21.9995943378,21.8719181206,21.921024358,10556,20.84245140373329,20.9424753153426,21.289781788552602,21.989073429513248,,,20.621345572969403,20.612648819535206,21.019692590417876,21.718922534631776,"rgba(38, 166, 154, 1.0)",0.15376974770576576,21.718922534631776,1.3143145929779405,0,,,0.0,0.0,0.0,0.0,46.77244206117652,-5.59715875453238,False,True,False,True,True,1.061564780240598
2024-11-27 00:00:00+00:00,22.0683430701,22.0977086,21.9392918783,21.9480327885,9135,20.843656282616088,20.943744298305948,21.291051734722124,21.989317071530206,,,20.622456063105545,20.613831943900102,21.021018211434445,21.720443409654106,"rgba(0, 255, 0, 1.0)",0.14954057767881118,21.720443409654106,2.326456576843814,0,,,0.0,0.0,0.0,0.0,49.371157208047,-4.609188282789248,False,True,False,False,True,4.146409805142412
2024-11-29 00:00:00+00:00,22.1960192872,22.1960192872,22.0094155852,22.087985565,36297,20.848814410959502,20.949210876353938,21.29671900790009,21.99229286335999,,,20.627158398552623,20.618838712116375,21.026760765846078,21.767552774230115,"rgba(0, 255, 0, 1.0)",0.146487790395942,21.767552774230115,2.9249298648834903,0,,,0.0,1.0,22.19602,775.0,53.44316542858829,-0.845670537401702,False,False,True,False,True,6.667656985081841
2024-12-02 00:00:00+00:00,21.901381863,22.1665555448,21.8522756257,22.1665555448,66102,20.856943378457895,20.95770756335054,21.304905754363126,21.991610078608414,,,20.63474346780809,20.626915977304638,21.0355744202685,21.76507338848584,"rgba(38, 166, 154, 0.5)",0.14110502209497044,21.76507338848584,0.9660072511268989,0,,,0.0,0.0,0.0,0.0,50.374958909641016,-0.845670537401702,False,True,False,False,False,0.3535879325135802
2024-12-03 00:00:00+00:00,22.0487005751,22.0978068125,21.8620968732,21.901381863,44032,20.862434549709423,20.96345151883705,21.310485629025283,21.99187478705343,,,20.639858963429212,20.632359747505397,21.041536483218138,21.76769044627532,"rgba(0, 255, 0, 1.0)",0.13338639945547182,21.76769044627532,2.106737493266608,0,,,0.0,0.0,0.0,0.0,50.82290293564104,-0.845670537401702,False,True,False,False,False,3.186350390396509
2024-12-04 00:00:00+00:00,22.10762806,22.1468148374,22.0094155852,22.1174493074,12673,20.864122428141137,20.965227394890782,21.312270420252563,21.992520608224282,,,20.641415655381504,20.634015339137694,21.04338951983771,21.769614586552898,"rgba(0, 255, 0, 1.0)",0.12821192117084976,21.769614586552898,2.6363654047167713,0,,,0.0,0.0,0.0,0.0,52.018517271172996,-0.845670537401702,False,False,False,False,False,4.281735245414556
2024-12-05 00:00:00+00:00,22.087985565,22.1469130498,22.0339687039,22.0487005751,2342,20.86443426799767,20.965555454175995,21.312600065127377,21.99264107959907,,,20.641703300979,20.63432123498774,21.043731793295525,21.76996398676918,"rgba(0, 255, 0, 1.0)",0.11879568567384231,21.76996398676918,2.6770465309991045,0,,,0.0,0.0,0.0,0.0,52.452373860163284,-0.845670537401702,False,False,True,False,False,3.8725328272748456
2024-12-06 00:00:00+00:00,22.0781643175,22.1468148374,22.0192368327,22.1370918024,6986,20.865357287177897,20.966525747545404,21.313571329874556,21.992968369001062,,,20.642555781038443,20.635227786994022,21.044743427884217,21.77092916832384,"rgba(0, 255, 0, 1.0)",0.11588412926339561,21.77092916832384,2.651227144985833,0,,,0.0,0.0,0.0,0.0,52.54797445226721,-0.845670537401702,False,False,True,False,False,3.665379166057029
2024-12-09 00:00:00+00:00,22.0388793277,22.1370918024,21.9308456055,21.9799518428,8739,20.866466538092737,20.967687379205877,21.31471059928465,21.99316412597989,,,20.643586855066594,20.63632435890418,21.045950352123356,21.771702924349988,"rgba(0, 255, 0, 1.0)",0.11488805439317415,21.771702924349988,2.3255368433315913,0,,,0.0,0.0,0.0,0.0,51.807536836768435,-0.845670537401702,False,False,False,False,False,2.83101920166774
2024-12-10 00:00:00+00:00,22.0388793277,22.0978068125,21.9014800755,22.0978068125,14710,20.868292500300047,20.969595238555424,21.316559570703795,21.993314114919336,,,20.645290502571207,20.638136177523585,21.04792846977487,21.772657214319672,"rgba(0, 255, 0, 1.0)",0.1108414106311639,21.772657214319672,2.401828990305867,0,,,0.0,0.0,0.0,0.0,51.31391175976924,-0.845670537401702,False,False,False,False,False,2.83101920166774
2024-12-11 00:00:00+00:00,22.0683430701,22.1370918024,21.921024358,21.9504881004,18033,20.870580388971234,20.971990322768168,21.318908166791395,21.993768991770853,,,20.647418055709238,20.640398206478512,21.050416066699416,21.77431159562239,"rgba(0, 255, 0, 1.0)",0.10953778134274066,21.77431159562239,2.6842927697941343,0,,,0.0,0.0,0.0,0.0,51.64479288668471,-0.845670537401702,False,False,False,False,False,3.42387234687034
2024-12-12 00:00:00+00:00,22.0978068125,22.1272705549,21.9897730903,21.9897730903,8388,20.871668245051985,20.973131320639524,21.320039730258216,21.994104796587276,,,20.64842633350936,20.641469964885662,21.051603179319375,21.775286727240733,"rgba(0, 255, 0, 1.0)",0.10888548112630202,21.775286727240733,2.9620118488080065,0,,,0.0,0.0,0.0,0.0,52.53312888007583,-0.845670537401702,False,False,True,False,False,4.018867468409017
2024-12-13 00:00:00+00:00,22.0683430701,22.1174493074,21.901381863,21.9995943378,15847,20.873645401465602,20.975197231339536,21.322047742745234,21.994387344508755,,,20.650270480803414,20.643430281168442,21.053745149467854,21.77649574855377,"rgba(0, 255, 0, 1.0)",0.10831312819446731,21.77649574855377,2.694477820105432,0,,,0.0,0.0,0.0,0.0,52.32586975526358,-0.845670537401702,False,False,False,False,False,3.3542349216328304
2024-12-16 00:00:00+00:00,21.9897730903,22.0585218226,21.921024358,22.0585218226,19666,20.876006556506347,20.977654643856773,21.324386321884447,21.994341515586942,,,20.65248720156571,20.645786575095862,21.05628375383996,21.777331523590533,"rgba(0, 255, 255, 0.75)",0.10800532839402534,21.777331523590533,1.966954500007989,0,,,0.0,0.0,0.0,0.0,50.20319247220555,-0.845670537401702,False,False,False,False,False,1.6010481979267013
2024-12-17 00:00:00+00:00,22.0388793277,22.0683430701,21.921024358,21.9504881004,11028,20.877349516634986,20.979054114763787,21.325729061957748,21.99442500612448,,,20.653745264120207,20.647123554593676,21.057731124988916,21.777987141429087,"rgba(0, 255, 0, 1.0)",0.10695092255211341,21.777987141429087,2.439363588881509,0,,,0.0,0.0,0.0,0.0,50.10461842902473,-0.845670537401702,False,False,False,False,False,2.63370492712367
2024-12-18 00:00:00+00:00,21.9995943378,22.0585218226,21.8031693883,21.921024358,22690,20.879967310108842,20.98176672014286,21.32825169991194,21.99396683847212,,,20.656220429817818,20.64975410377065,21.06052195117687,21.778354103252497,"rgba(0, 255, 0, 1.0)",0.105930101005961,21.778354103252497,2.088549264529211,0,,,0.0,0.0,0.0,0.0,49.03363616125354,2.3028126916260803,False,False,False,False,False,1.7522077832928211
2024-12-19 00:00:00+00:00,21.9799518428,21.9897730903,21.783035831,21.8522756257,15676,20.88170778019202,20.98356257470382,21.32988261833115,21.9933768606946,,,20.657877445199645,20.65151506646713,21.062362260652097,21.77822334749655,"rgba(0, 255, 255, 0.75)",0.10448377194213666,21.77822334749655,1.9307160485665347,0,,,0.0,0.0,0.0,0.0,47.81687177926488,1.0227448854543297,False,True,False,False,False,1.310131993596194
2024-12-20 00:00:00+00:00,21.9799518428,22.1469130498,21.8129906358,22.0094155852,34553,20.885753306465844,20.98775944114089,21.33382391258624,21.993152115772318,,,20.661694566250965,20.655569703544845,21.066684665800132,21.77964189731292,"rgba(0, 255, 255, 0.75)",0.10277322610338731,21.77964189731292,1.9490479483982628,0,,,0.0,0.0,0.0,0.0,47.00569552460577,0.14615391005106915,False,True,False,True,False,1.310131993596194
2024-12-23 00:00:00+00:00,21.9799518428,22.1665555448,21.9308456055,21.9897730903,17087,20.88782622624093,20.98991708750726,21.335892340624845,21.993420045619803,,,20.66363940417371,20.657634725845856,21.06891366697295,21.810245758385747,"rgba(0, 255, 255, 0.75)",0.10147673298760583,21.810245758385747,1.6723644861032219,0,,,0.0,0.0,0.0,0.0,46.464911354833035,-0.48222675679753024,False,True,False,True,False,1.3101319935962152
2024-12-24 00:00:00+00:00,21.9995943378,21.9995943378,21.8031693883,21.8817393681,16983,20.88971371174153,20.991863746230788,21.337664429026663,21.992940032448196,,,20.6654372062727,20.65954392081147,21.070907608824232,21.80806020875142,"rgba(0, 255, 255, 0.75)",0.1012825608691491,21.80806020875142,1.8910869492728468,0,,,0.0,0.0,0.0,0.0,46.85182734880881,-0.48222675679753024,False,True,False,True,False,1.7583463558961192
2024-12-26 00:00:00+00:00,21.9112031105,22.1033067111,21.8113210237,21.8620968732,9587,20.89078416366879,20.992968201318128,21.33867321653596,21.992708067999853,,,20.666456075874738,20.66062575297524,21.072039313003376,21.80776060278722,"rgba(38, 166, 154, 1.0)",0.10187198586651501,21.80776060278722,1.015416621487327,0,,,0.0,0.0,0.0,0.0,44.42844367221264,-2.590530219440474,False,True,False,True,False,0.0
2024-12-27 00:00:00+00:00,21.8522756257,22.0339687039,21.8228118833,21.9603093479,19773,20.892903584768487,20.995144924849694,21.34060965733181,21.99187446926272,,,20.668488373085033,20.66278364811535,21.074260139844,21.806468582916956,#000000,0.10443733511820727,21.806468582916956,0.43860792437107066,0,,,0.0,0.0,0.0,0.0,41.35876140256515,-5.458355080496446,False,True,False,True,False,0.0
2024-12-30 00:00:00+00:00,21.9897730903,22.087985565,21.8522756257,21.8817393681,18841,20.895061531889414,20.997376879870608,21.342682549590467,21.991741068473353,,,20.67053384545631,20.664954574192013,21.076552374009612,21.80747524887742,"rgba(0, 255, 255, 0.75)",0.10434636859453886,21.80747524887742,1.7470453823931387,0,,,0.0,0.0,0.0,0.0,44.07364924267985,-5.458355080496446,False,True,False,True,True,1.4937787235501467
2024-12-31 00:00:00+00:00,21.901381863,22.0487005751,21.7147781611,21.9995943378,80200,20.903408997980502,21.005917731646566,21.35014768885308,21.988014539642013,21.888286866399998,,20.678585248468014,20.67349846352842,21.085235280363683,21.820559401448484,"rgba(38, 166, 154, 0.5)",0.10552848173115824,21.820559401448484,0.7658829182951559,0,,,0.0,0.0,0.0,0.0,43.657715768647215,-5.458355080496446,False,True,False,True,True,0.0
2025-01-02 00:00:00+00:00,21.9897730903,22.0437899514,21.8735877327,21.9995943378,10392,20.90456822895951,21.007112652198714,21.3512430009683,21.987926435733584,21.89755140594977,,20.679689864762405,20.674669843724438,21.086458588067362,21.82150861668466,"rgba(0, 255, 255, 0.75)",0.10524524234981184,21.82150861668466,1.5987846087718396,0,,,0.0,0.0,0.0,0.0,45.8428858335879,-7.923273698842721,False,True,False,True,True,1.4554676324869504
2025-01-03 00:00:00+00:00,22.0192368327,22.0487005751,21.901381863,21.9504881004,6037,20.90525358832986,21.00782037891844,21.35189880297267,21.987931406186377,21.903313054194303,,20.680340998547802,20.675360237602938,21.08718433683837,21.82217460801308,"rgba(0, 255, 255, 0.75)",0.10502434237257338,21.82217460801308,1.876348094500255,0,,,0.0,0.0,0.0,0.0,48.05034083329912,-5.915772341639659,False,False,False,False,True,2.107095563898657
2025-01-06 00:00:00+00:00,21.921024358,22.0388793277,21.8817393681,21.9603093479,20075,20.9074372294297,21.01006480547034,21.353925049426515,21.98757020331339,21.91086479654013,,20.682431361686092,20.677576653564394,21.089475925006337,21.823082893283168,"rgba(38, 166, 154, 0.5)",0.10543602052189704,21.823082893283168,0.9289184496155378,0,,,0.0,0.0,0.0,0.0,47.03405818081434,-5.915772341639659,False,True,False,True,True,0.0
2025-01-07 00:00:00+00:00,21.8824268554,22.0178618581,21.8719181206,21.901381863,13564,20.90887474067769,21.01153792332373,21.355233219270946,21.98719185302812,21.91223966270558,,20.6838140736023,20.679042622375245,21.09097577823539,21.82326453971506,"rgba(38, 166, 154, 0.5)",0.1053688320631602,21.82326453971506,0.5614783283303079,0,,,0.0,0.0,0.0,0.0,45.48746205816586,-5.915772341639659,False,True,False,True,False,0.0
2025-01-08 00:00:00+00:00,21.921024358,21.921024358,21.8719181206,21.8915606156,9403,20.909849875204152,21.012534685872893,21.356105737341778,21.986852348974654,21.91172908551415,,20.684755832351932,20.68004104223443,21.091988209409774,21.823186515473537,"rgba(38, 166, 154, 0.5)",0.1035899614614878,21.823186515473537,0.9444722359785479,0,,,0.0,0.0,0.0,0.0,45.60681943659388,-5.915772341639659,False,True,False,True,False,0.0
2025-01-10 00:00:00+00:00,21.9012836506,24.8477561047,21.754063151,21.921024358,18747,20.913599958689737,21.016579435506085,21.360771384859994,21.99374626594378,22.02091304753447,,20.68805677768566,20.68353431063713,21.096299864441818,21.90329008090483,#000000,0.1048464553950405,21.90329008090483,-0.019136844419505344,0,,,0.0,0.0,0.0,0.0,45.18809498783647,-5.915772341639659,False,True,False,True,False,0.0
2025-01-13 00:00:00+00:00,21.921024358,21.9308456055,21.7147781611,21.8129906358,17941,20.915353242973513,21.01835821695505,21.36226134956951,21.992678775605086,22.004090602117262,,20.68976998347965,20.685350223724885,21.098093661818318,21.890390326529523,#000000,0.10532008558497812,21.890390326529523,0.29086599484159836,0,,,0.0,0.0,0.0,0.0,45.55124678093342,-5.915772341639659,False,True,False,True,False,0.0
2025-01-14 00:00:00+00:00,21.9504881004,21.9799518428,21.819865509,21.819865509,14115,20.91681756864838,21.01985431932334,21.363571977067636,21.992220243984217,21.997619631295606,,20.691184905705118,20.686849468752737,21.099612557806182,21.885036264679705,"rgba(38, 166, 154, 0.5)",0.10588073299130113,21.885036264679705,0.6181656838895642,1,0.2737146480801393,0.2737146480801393,0.0,0.0,0.0,0.0,46.75659965372775,-5.915772341639659,False,False,False,True,False,0.5803109804149926
2025-01-15 00:00:00+00:00,22.0094155852,22.0388793277,21.9357562292,21.9603093479,44871,20.9218047947537,21.024987742432025,21.368278631101067,21.992266657063617,21.997059867784696,,20.6959458697113,20.691891748829846,21.10486069408052,21.884103336239995,"rgba(38, 166, 154, 1.0)",0.10560032512529341,21.884103336239995,1.186665370692017,1,0.27857052791464804,0.27857052791464804,0.0,0.0,0.0,0.0,49.35315179844552,-4.431486892488671,True,False,False,False,True,1.9638547733577596
2025-01-16 00:00:00+00:00,21.9308456055,22.0094155852,21.9158731137,22.0094155852,14718,20.923365989415434,21.026586263799487,21.369703145691012,21.992019619494524,21.99441040650226,,20.697448911857666,20.69348334075696,21.106486893979564,21.882955970323557,#000000,0.1062862743625721,21.882955970323557,0.45057215020142427,1,0.27877558990814366,0.27877558990814366,0.0,0.0,0.0,0.0,48.64146957433515,-4.431486892488671,True,False,False,False,True,0.06515582171671852
2025-01-17 00:00:00+00:00,22.0115762597,22.0192368327,21.921024358,21.9406668529,31929,20.926841136374943,21.030154076701653,21.372937678167833,21.991913458046845,21.993225536418702,,20.700779850818197,20.697009500784667,21.110125664948445,21.88286154624739,"rgba(38, 166, 154, 1.0)",0.1059444968470094,21.88286154624739,1.2149259025552,1,0.2856587289379449,0.2856587289379449,0.0,0.0,0.0,0.0,50.4864016514446,-3.307226519232728,True,False,False,False,True,1.9545315543355777
2025-01-21 00:00:00+00:00,22.0290580802,22.087985565,21.9897730903,22.087985565,22369,20.92938055641765,21.032772361954436,21.375373409967285,21.99231227233163,21.996340255983025,,20.703196739713224,20.699567125663496,21.112806661499526,21.884560199239097,"rgba(38, 166, 154, 1.0)",0.10316819644211311,21.884560199239097,1.400604895152728,1,0.2876085655037317,0.2876085655037317,0.0,0.0,0.0,0.0,52.181397977068144,-1.6708548578348044,True,False,True,False,True,2.359235130425887
2025-01-22 00:00:00+00:00,22.0290580802,22.0878873525,21.9799518428,21.9799518428,14695,20.931037503983518,21.03447935182811,21.376955843155603,21.992550620072453,21.997996438887654,,20.704775794831704,20.701237863676322,21.114553186209655,21.88552506382552,"rgba(38, 166, 154, 1.0)",0.1012369370463549,21.88552506382552,1.4177929574139374,1,0.28855453435665246,0.28855453435665246,0.0,0.0,0.0,0.0,53.31139552748384,-0.5687283191409023,True,False,True,False,True,2.359235130425887
2025-01-23 00:00:00+00:00,22.0388793277,22.087985565,21.9504881004,22.0192368327,134500,20.945886621486984,21.049736049043883,21.390952380665976,21.994269936599153,22.006236813821715,,20.718985992875524,20.716263423769878,21.13012439817783,21.892051349259667,"rgba(38, 166, 154, 1.0)",0.09965155900346988,21.892051349259667,1.4734137619986347,1,0.28923345698900604,0.28923345698900604,0.0,0.0,0.0,0.0,54.365011771783244,0.48551292017743464,True,False,True,False,True,2.5938992934500256
2025-01-24 00:00:00+00:00,22.0388793277,22.0487005751,21.9799518428,21.9995943378,14097,20.947415026419627,21.05130269137548,21.39237709461942,21.994422239273145,22.006727372650868,,20.72045400207985,20.717814657331257,21.13171981432905,21.89261963531876,"rgba(38, 166, 154, 1.0)",0.09820454462728129,21.89261963531876,1.4893373105729784,1,0.2900280977832311,0.2900280977832311,0.0,0.0,0.0,0.0,55.06742260131618,1.2375873952237129,True,False,True,False,True,2.5938992934500256
2025-01-27 00:00:00+00:00,22.0683430701,22.10762806,21.9799518428,21.9799518428,24008,20.950079086277658,21.054039780906834,21.394901488360272,21.994946023752203,22.008936799095498,,20.723002911910445,20.720507503006694,21.13451324616464,21.894174276932734,"rgba(0, 255, 255, 0.75)",0.09806822897284903,21.894174276932734,1.7759961099683477,1,0.2914790655728327,0.2914790655728327,0.0,0.0,0.0,0.0,56.530412851629556,2.7195347453422514,True,False,True,False,True,3.3172519991479312
2025-01-28 00:00:00+00:00,22.0487005751,22.1763767923,21.9996925502,22.1272705549,29657,20.953420471542827,21.057477575336154,21.398101296797968,21.99583517189681,22.012690672607082,,20.726192269824786,20.72387607183264,21.13802636773131,21.89655589984209,"rgba(0, 255, 255, 0.75)",0.09636905724416643,21.89655589984209,1.5787710247328166,1,0.2933911805453589,0.2933911805453589,0.0,0.0,0.0,0.0,56.55703777355603,2.862963301591982,True,False,True,False,True,2.788595534386655
2025-01-29 00:00:00+00:00,22.0585218226,22.1170564575,22.0290580802,22.0290580802,8392,20.954356741819883,21.058439775526445,21.39899235925715,21.99606214892484,22.013570278405275,,20.727087551130968,20.72482151184576,21.139008624442933,21.8971585712901,"rgba(0, 255, 255, 0.75)",0.09597867289444788,21.8971585712901,1.681240701122833,1,0.2964712444725682,0.2964712444725682,0.0,0.0,0.0,0.0,56.94580536908502,3.4030604122170374,True,False,True,False,True,3.0364362746329867
2025-01-30 00:00:00+00:00,22.0290580802,22.0978068125,22.0192368327,22.0192368327,14395,20.955931023021737,21.060054191720425,21.40047091127946,21.99634379310285,22.014499695744572,,20.728598168220703,20.72641664539067,21.140653412415656,21.89794965909984,"rgba(38, 166, 154, 1.0)",0.09587498876004313,21.89794965909984,1.3674934703595947,1,0.3001576493339397,0.3001576493339397,0.0,0.0,0.0,0.0,55.70328674334466,3.4030604122170374,True,False,True,False,True,2.225063636119831
2025-01-31 00:00:00+00:00,22.047227388,22.205342869,22.0175807353,22.0175807353,10281,20.95709505515883,21.06125208966807,21.401589887694563,21.996700519310615,22.01590077022817,,20.729708676422174,20.727589101453574,21.141877821713976,21.898834334943867,"rgba(0, 255, 255, 0.75)",0.09429187667034224,21.898834334943867,1.5737628552556602,1,0.3031940096507753,0.3031940096507753,0.0,0.0,0.0,0.0,55.65899557210225,3.4030604122170374,True,False,True,False,True,2.6981027163724143
2025-02-03 00:00:00+00:00,22.1361673461,22.2348906996,22.0175807353,22.0175807353,14822,20.95882738384567,21.06304030148379,21.403288908249728,21.997425634823518,22.018860063587255,,20.731352889403535,20.72932477100252,21.143710788905654,21.900523781283834,"rgba(0, 255, 0, 1.0)",0.09373534039322441,21.900523781283834,2.5139244582419877,1,0.30269788134039244,0.30269788134039244,0.0,0.0,0.0,0.0,58.784754483100215,5.446045918536669,True,False,True,False,True,4.971739001332981
2025-02-04 00:00:00+00:00,22.1559317812,22.2251073042,22.0867562583,22.1855784339,30448,20.962449841632615,21.06678542638301,21.40688025168435,21.999183214816718,22.02581998670799,,20.734781927103747,20.732943745412406,21.147555097766805,21.904421989297898,"rgba(0, 255, 0, 1.0)",0.09041688697486398,21.904421989297898,2.781668340030571,1,0.302747809717525,0.302747809717525,0.0,0.0,0.0,0.0,61.44551401852281,7.9380423281494075,True,False,True,False,True,5.4675546284987
2025-02-05 00:00:00+00:00,22.2547539569,22.274518392,22.1756962164,22.1756962164,20221,20.96500204104993,21.069437982656613,21.409496177469844,22.00090699485811,22.032643303540883,,20.737176275149388,20.735470000148265,21.150290970249223,21.90801661219732,"rgba(0, 255, 0, 1.0)",0.08720100332317779,21.90801661219732,3.976299944825517,1,0.2975180965567778,0.2975180965567778,0.0,0.0,0.0,0.0,65.58993245861062,11.717325718927881,True,False,True,False,True,7.8917451225730915
2025-02-06 00:00:00+00:00,22.2349895217,22.274518392,22.1955594737,22.2349895217,28240,20.968549368688688,21.073122466827108,21.41312210404604,22.003272954408278,22.041461445092587,,20.74050745640295,20.73898397623347,21.154088960232308,21.912791996434855,"rgba(0, 255, 0, 1.0)",0.08751471923963314,21.912791996434855,3.6816381068755257,1,0.2937640066765537,0.2937640066765537,0.0,0.0,0.0,0.0,67.2456220201779,13.08904755333537,True,False,True,False,True,7.30612590213779
2025-02-07 00:00:00+00:00,22.1658139988,22.2646361744,22.1559317812,22.1954606515,28785,20.972032506094145,21.076727100565158,21.41660904314364,22.005232491801888,22.048010202749495,,20.743798231643346,20.742454588561476,21.15779228402424,21.91664041475864,"rgba(0, 255, 0, 1.0)",0.08524255848670548,21.91664041475864,2.9231124506923756,1,0.29315675843932865,0.29315675843932865,0.0,0.0,0.0,0.0,64.87891341136167,13.08904755333537,True,False,True,False,False,5.280514408553358
2025-02-10 00:00:00+00:00,22.2942828271,22.3338116974,22.1658139988,22.1658139988,32178,20.976121717430473,21.080976787760935,21.420813343340612,22.00815580213507,22.05784067394716,,20.747633787186953,20.74649854556659,21.16217498701491,21.92214941207128,"rgba(0, 255, 0, 1.0)",0.09081188322001241,21.92214941207128,4.097849332417685,1,0.2873898811930722,0.2873898811930722,0.0,0.0,0.0,0.0,66.37820306347837,13.08904755333537,True,False,True,False,False,8.38722470829827
2025-02-11 00:00:00+00:00,22.3239294798,22.4622805257,22.165912821,22.4425160906,16192,20.978253463052102,21.083198522584944,21.423044464353424,22.009899414124398,22.06363486988516,,20.749623378348605,20.74859576148808,21.16447213810089,21.925344595779393,"rgba(0, 255, 0, 1.0)",0.09673993729077239,21.925344595779393,4.120168931085577,1,0.27960133117887936,0.27960133117887936,0.0,0.0,0.0,0.0,67.94458484463387,13.175960947757382,True,False,True,False,False,9.078932458757535
2025-02-12 00:00:00+00:00,22.2180909297,22.3239294798,22.1430848984,22.2646361744,15852,20.980195614561133,21.0852095790398,21.425001689269095,22.011098822219655,22.06715837808288,,20.75145600626071,20.750527341148725,21.16653928271826,21.92751012491334,"rgba(0, 255, 0, 1.0)",0.09903205627173746,21.92751012491334,2.9342095451328007,1,0.27828038197892174,0.27828038197892174,0.0,0.0,0.0,0.0,64.74713958178475,13.175960947757382,True,False,True,False,False,6.014364315376188
2025-02-13 00:00:00+00:00,22.2349895217,22.274518392,22.0867562583,22.0867562583,8929,20.981261029126678,21.086309981468155,21.4260594735553,22.01167734059481,22.06872496574094,,20.75246561909953,20.75159137130257,21.167667741307664,21.928543497426254,"rgba(0, 255, 0, 1.0)",0.10117350579438597,21.928543497426254,3.028915741009651,1,0.2782813778274611,0.2782813778274611,0.0,0.0,0.0,0.0,63.03871772168585,18.19985901072606,True,False,True,False,False,6.42160389512205
2025-02-14 00:00:00+00:00,22.3338116974,22.3733405677,22.1460495637,22.2091969339,9422,20.982462194344155,21.087557999989887,21.427295901759624,22.01256165540381,22.071400624474197,,20.753592447367982,20.752778803986395,21.16895452081815,21.930111484646147,"rgba(0, 255, 0, 1.0)",0.10673154176413457,21.930111484646147,3.7823890302829977,1,0.27453649684259207,0.27453649684259207,0.0,0.0,0.0,0.0,64.10643991994779,18.19985901072606,True,False,True,False,False,8.75517522681826
2025-02-18 00:00:00+00:00,22.3318352539,22.4721627433,22.2251073042,22.2251073042,32197,20.986734281884885,21.092011170092377,21.431781501735767,22.01618331702297,22.08244789559599,,20.75757759405575,20.756977478012814,21.173559401143233,21.936413713271612,"rgba(0, 255, 0, 1.0)",0.11190880651729045,21.936413713271612,3.533426482993478,1,0.26697992676862375,0.26697992676862375,0.0,0.0,0.0,0.0,64.73889813461949,18.19985901072606,True,False,True,False,False,8.69705225164454
2025-02-19 00:00:00+00:00,22.3634583501,22.432633873,22.1443695867,22.2152250866,15338,20.988715866381344,21.094071636665074,21.433834145156766,22.017727376091322,22.086839020766167,,20.759433768293267,20.7589327371405,21.17568528950622,21.939040326181125,"rgba(0, 255, 0, 1.0)",0.11741580737177482,21.939040326181125,3.614658310656896,1,0.25882287327433173,0.25882287327433173,0.0,0.0,0.0,0.0,65.83468664754284,18.19985901072606,True,False,True,False,False,9.439849077927704
2025-02-20 00:00:00+00:00,22.457339417,22.5067505048,22.1065206934,22.3832227852,28259,20.992470367485467,21.097984143242794,21.437776336992865,22.02094176232531,22.095974773723775,,20.762937190521775,20.762622481913876,21.17972992473514,21.94442285337824,"rgba(0, 255, 0, 1.0)",0.12674360387315287,21.94442285337824,4.046883218936215,1,0.24587594450453662,0.24587594450453662,0.0,0.0,0.0,0.0,68.2989446128499,13.21539098492957,True,False,True,False,True,11.591789534985242
2025-02-21 00:00:00+00:00,22.4128694379,22.4622805257,22.343693915,22.343693915,3636,20.992969392418836,21.09850548364735,21.438308260801445,22.0214111122686,22.097319710878285,,20.763400788951078,20.76311066900725,21.180270085447685,21.94520100358386,"rgba(0, 255, 0, 1.0)",0.1331434262098803,21.94520100358386,3.5125161461515226,1,0.23724967813992942,0.23724967813992942,0.0,0.0,0.0,0.0,68.03452057670972,13.21539098492957,True,False,True,False,True,10.239425375968189
2025-02-24 00:00:00+00:00,22.4820449609,22.5215738311,21.9879340826,22.4820449609,17421,20.995227557755204,21.100853227945642,21.44064991217638,22.023204538289086,22.102063863058167,,20.765516115461715,20.76533801665969,21.18269201979883,21.98043976529195,"rgba(0, 255, 0, 1.0)",0.1410845569718136,21.98043976529195,3.555351530843045,1,0.22622695685365815,0.22622695685365815,0.0,0.0,0.0,0.0,69.13562818310865,14.296538620908848,True,False,True,False,True,11.806004034061125
2025-02-25 00:00:00+00:00,22.5314560487,22.615454898,22.343693915,22.5215738311,25141,20.99887732312185,21.104681851546097,21.44463535714907,22.02713762650437,22.11332438447098,,20.768882205613856,20.7688817094977,21.186673242519806,21.991537082496766,"rgba(0, 255, 0, 1.0)",0.1512545540264052,21.991537082496766,3.569604695069074,1,0.21459108131514387,0.21459108131514387,0.0,0.0,0.0,0.0,70.6799213187029,15.93507102454727,True,False,True,False,True,12.900899629906519
2025-02-26 00:00:00+00:00,22.6796893122,22.6796893122,22.4622805257,22.4622805257,23496,21.002522372582707,21.10852314660618,21.448720715412048,22.031604536107725,22.126147632190563,,20.7722163819935,20.772391109489508,21.190683773156152,22.00165047068798,"rgba(0, 255, 0, 1.0)",0.16701309526530397,22.00165047068798,4.0597944756064805,1,0.19899641972416074,0.19899641972416074,0.0,0.0,0.0,0.0,73.6213787110486,18.8286523007325,True,False,True,False,True,16.02865722127612
2025-02-27 00:00:00+00:00,22.7266298456,22.7785114878,22.3931050028,22.3931050028,12075,21.004418906057175,21.11052312123386,21.45085512262149,22.033974132149698,22.132818248723904,,20.773948945459125,20.774214464749665,21.19277304413336,22.006371002326723,"rgba(0, 255, 0, 1.0)",0.18262991926681238,22.006371002326723,3.9438162496311415,1,0.18417829007908104,0.18417829007908104,0.0,0.0,0.0,0.0,76.06588436388346,21.16933313545067,True,False,True,False,True,16.97305243716449
2025-02-28 00:00:00+00:00,22.8081581405,22.8081581405,22.5314560487,22.7093359649,28227,21.009060732872108,21.11543227090612,21.45616373250882,22.04020060691486,22.150230645399354,,20.778167161339333,20.778653032198914,21.19791421596476,22.018503392108848,"rgba(0, 255, 0, 1.0)",0.2007076363739505,22.018503392108848,3.9343532844953675,1,0.16935732814334484,0.16935732814334484,0.0,0.0,0.0,0.0,78.45172719166638,23.420270471349355,True,False,True,False,True,18.574534847485626
2025-03-03 00:00:00+00:00,22.7291004,22.7587470527,22.5315548709,22.7488648351,11609,21.010914815631704,21.117388822607996,21.458260391623703,22.042568434771244,22.156574622031368,,20.77985849409488,20.780432420755115,21.199959264044068,22.02255052840731,"rgba(0, 255, 0, 1.0)",0.21368930477513787,22.02255052840731,3.3064353517186116,1,0.1600206532015035,0.1600206532015035,0.0,0.0,0.0,0.0,76.91500680087519,23.420270471349355,True,False,True,False,True,16.087057788048455
2025-03-04 00:00:00+00:00,22.9860380567,23.0650957972,22.6055726804,22.7686292703,34718,21.017140584002814,21.124005882334995,21.465576727609474,22.051895560142427,22.18209844778321,,20.785464173408986,20.786329031558648,21.206918585103605,22.03990357441554,"rgba(0, 255, 0, 1.0)",0.23628497855268912,22.03990357441554,4.004209188750786,1,0.14533221298019267,0.14533221298019267,0.0,0.0,0.0,0.0,78.39518036377783,23.420270471349355,True,False,True,False,True,20.0
2025-03-05 00:00:00+00:00,22.9859392345,23.0058024918,22.8081581405,22.9860380567,11118,21.019176284084946,21.126171588582732,21.46798208503854,22.055007499690173,22.190427733782062,,20.787293674096855,20.788253146282003,21.209198112250544,22.045431268333324,"rgba(0, 255, 0, 1.0)",0.2560205098954633,22.045431268333324,3.673564928648489,1,0.13431783454784593,0.13431783454784593,0.0,0.0,0.0,0.0,79.37866747892899,24.26157909518946,True,False,True,False,True,20.0
2025-03-06 00:00:00+00:00,22.8970980986,22.9267447513,22.5512204838,22.9267447513,17324,21.022105655194704,21.129272229588977,21.47135372182656,22.059038137606144,22.20063938261367,,20.789950481606635,20.791046947055754,21.212447322345835,22.051812273746574,"rgba(0, 255, 0, 1.0)",0.27002846060355146,22.051812273746574,3.1303582702508272,1,0.12715357426472843,0.12715357426472843,0.0,0.0,0.0,0.0,77.12556887626017,24.26157909518946,True,False,True,False,True,18.140264350940253
2025-03-07 00:00:00+00:00,22.9529326279,23.1540357553,22.9465091864,23.0453313621,14948,21.024947504453706,21.132301024022063,21.474745074254397,22.06354326068089,22.212441813392324,,20.792495590464444,20.793723094392664,21.21564011983789,22.123868986776316,"rgba(0, 255, 0, 1.0)",0.2847235184213663,22.123868986776316,2.9118200200685305,1,0.12035146292138305,0.12035146292138305,0.0,0.0,0.0,0.0,76.25363082505962,24.26157909518946,True,False,True,False,False,19.155219623149645
2025-03-10 00:00:00+00:00,23.025566927,23.1441535377,22.9366269689,22.9366269689,22510,21.02924948006188,21.136886219743076,21.479882102618742,22.07037197032701,22.2299605227764,,20.79634754962851,20.797772792032276,21.22047367039824,22.135544735130726,"rgba(0, 255, 0, 1.0)",0.30113431653791145,22.135544735130726,2.955565483541377,1,0.11363810989198402,0.11363810989198402,0.0,0.0,0.0,0.0,76.43630437583923,24.26157909518946,True,False,True,False,False,20.0
2025-03-11 00:00:00+00:00,23.025566927,23.1342713202,22.9511538287,22.9511538287,12040,21.031544713779585,21.139331653983998,21.48261862647156,22.073991020243923,22.23904554641638,,20.79840385507044,20.79993436184431,21.22305067954562,22.141374642767662,"rgba(0, 255, 0, 1.0)",0.31598567373061237,22.141374642767662,2.7982037090268186,1,0.10803130090542416,0.10803130090542416,0.0,0.0,0.0,0.0,76.55808674302564,24.26157909518946,True,False,True,False,False,20.0
2025-03-12 00:00:00+00:00,23.0354491445,23.0749780148,22.9376151906,23.0749780148,19178,21.035151736442465,21.14317098197962,21.486899135808898,22.07957562522909,22.252732114225644,,20.801640844617854,20.80333661451601,21.22709311305225,22.149720427200183,"rgba(0, 255, 0, 1.0)",0.3287805160382936,22.149720427200183,2.693981772316015,1,0.10323942826956725,0.10323942826956725,0.0,0.0,0.0,0.0,76.75206576332488,24.26157909518946,True,False,True,False,False,20.0
2025-03-13 00:00:00+00:00,22.7093359649,23.1243891026,22.3338116974,22.956391404,33289,21.040458646554576,21.148759521832705,21.492857429692723,22.086124253318015,22.26667019358679,,20.806495437625458,20.808437405517225,21.23292266952487,22.19975589737378,"rgba(0, 255, 255, 0.75)",0.3321133586473041,22.19975589737378,1.5343558283886436,1,0.10168217802107662,0.10168217802107662,0.0,0.0,0.0,0.0,67.97993226586314,22.79169181026488,True,False,True,False,False,11.145366615162803
2025-03-14 00:00:00+00:00,22.8279225757,23.0453313621,22.4425160906,22.4425160906,16691,21.043184765368867,21.15163424801455,21.495942500749244,22.08960881681199,22.274076230623663,,20.80898282417192,20.811050492388897,21.23592490643444,22.203759413616442,"rgba(0, 255, 255, 0.75)",0.3389755084550834,22.203759413616442,1.8413222976735037,0,,,0.0,0.0,0.0,0.0,64.14134320111648,19.426691725019168,True,False,True,False,False,13.411106243942537
2025-03-17 00:00:00+00:00,22.8002523665,23.0199340629,22.7093359649,22.8553951405,6576,21.044300629226342,21.152813734276865,21.4972215328923,22.09111432563094,22.277343932446403,,20.809996597620895,20.8121154393382,21.237159247458578,22.206135779069943,"rgba(0, 255, 255, 0.75)",0.3448125584534214,22.206135779069943,1.7230131932979278,0,,,0.0,0.0,0.0,0.0,61.012499523775276,16.740651019779207,False,False,True,False,False,12.670441811342954
2025-03-18 00:00:00+00:00,22.8773336635,23.0749780148,22.8526281196,23.0016519605,10519,21.046173644600557,21.154799314158495,21.499401644463457,22.093802532275234,22.283329191889955,,20.811689263424825,20.813893509363165,21.239242410294047,22.211320233093723,"rgba(0, 255, 255, 0.75)",0.35159685370057986,22.211320233093723,1.8942531009491195,0,,,0.0,0.0,0.0,0.0,60.206904812797475,16.150575946008644,False,False,True,False,False,14.120209152816123
2025-03-19 00:00:00+00:00,22.8279225757,23.0603523328,22.4820449609,22.4820449609,8751,21.047609724866945,21.15631364028986,21.50102777541942,22.09564297416656,22.28713741190274,,20.812999437902672,20.815269581118685,21.240823823374093,22.213269878655602,"rgba(0, 255, 255, 0.75)",0.3559587266372918,22.213269878655602,1.7267527133018037,0,,,0.0,0.0,0.0,0.0,58.56671447407694,14.63163257431954,False,False,True,False,False,12.784622605504484
2025-03-20 00:00:00+00:00,22.7389826176,22.8279225757,22.7291004,22.8180403581,15407,21.050096484980394,21.158932636231985,21.503825979330564,22.098744979202607,22.293381436645298,,20.815273069351807,20.8176573090327,21.24355584189434,22.21616857586183,"rgba(38, 166, 154, 1.0)",0.35962107252282055,22.21616857586183,1.4537914535166625,0,,,0.0,0.0,0.0,0.0,55.61969894953536,11.845931012254844,False,True,True,False,False,10.432998422696148
2025-03-21 00:00:00+00:00,22.9366269689,23.0650957972,22.7389826176,22.7389826176,21156,21.053793540729135,21.16284560013338,21.508097318718075,22.103894807227803,22.30430532942365,,20.818623138159083,20.821175297245112,21.24765524682377,22.22426052517136,"rgba(0, 255, 255, 0.75)",0.3678165192408174,22.22426052517136,1.9367440189988834,0,,,0.0,0.0,0.0,0.0,56.962102207017594,11.845931012254844,False,True,True,False,False,14.130518043506282
2025-03-24 00:00:00+00:00,23.025566927,23.0749780148,22.8674514459,22.9366269689,8162,21.0552738951738,21.164415691278613,21.509826752242127,22.106048542806406,22.308928970424265,,20.819959377682608,20.82257841491298,21.24930310787923,22.227955579732217,"rgba(0, 255, 0, 1.0)",0.37528087766516066,22.227955579732217,2.125371674224873,0,,,0.0,0.0,0.0,0.0,59.054062030017796,11.845931012254844,False,False,True,False,True,15.69011853286619
2025-03-25 00:00:00+00:00,23.1637203285,23.3208475878,22.9467068308,22.9959202743,59603,21.066873622451755,21.17676330864348,21.52364007584953,22.124159253237085,22.348143834659467,,20.830358696304376,20.833496240832535,21.262302366109328,22.26089666960922,"rgba(0, 255, 0, 1.0)",0.3875420506344946,22.26089666960922,2.329614702230765,0,,,0.0,0.0,0.0,0.0,62.06607088938922,5.653366253517909,False,False,True,False,True,18.004796879596352
2025-03-26 00:00:00+00:00,23.1243891026,23.252857931,22.9465091864,23.0354491445,26818,21.07196157971655,21.18216861609669,21.52964358708573,22.131824210774628,22.36386964038296,,20.834935484886532,20.838299528997375,21.267982978703653,22.272721584506574,"rgba(0, 255, 0, 1.0)",0.3982416766316955,22.272721584506574,2.1385695372136295,0,,,0.0,0.0,0.0,0.0,63.17318525453294,6.776772542731791,False,False,True,False,True,16.96218492790257
2025-03-27 00:00:00+00:00,23.0848602324,23.1441535377,22.9761558391,23.025566927,86023,21.087798615743267,21.198952876235367,21.548122731525183,22.154660554757378,22.407732073890408,,20.84923976130249,20.853304877681108,21.28558432597297,22.303624621978166,"rgba(0, 255, 255, 0.75)",0.40703904893557513,22.303624621978166,1.919313668958297,0,,,0.0,0.0,0.0,0.0,62.99503835312319,6.776772542731791,False,False,True,False,True,15.916952052015048
2025-03-28 00:00:00+00:00,23.2232112783,23.3912089769,22.5808671365,22.9860380567,57732,21.098269616444778,21.210031113039932,21.560251270691968,22.16931907522977,22.43409718919315,,20.858723283478476,20.86324777588394,21.297183789649214,22.321980562135042,"rgba(0, 255, 0, 1.0)",0.41876610094898786,22.321980562135042,2.152110006332008,0,,,0.0,0.0,0.0,0.0,64.61104620191523,8.547888286807662,False,False,True,False,True,18.221723957080357
2025-03-31 00:00:00+00:00,23.2825045837,23.4208556296,22.8773336635,23.1243891026,407872,21.173833972820358,21.28987279516794,21.647577324834348,22.27392711064672,22.60178191450014,,20.92724934008549,20.93497972507877,21.380670408068465,22.508016929572086,"rgba(0, 255, 255, 0.75)",0.4309107151581086,22.508016929572086,1.797327443676448,0,,,0.0,0.0,0.0,0.0,66.34891005310784,10.419843151353774,True,False,True,False,True,19.17407729641496
2025-04-01 00:00:00+00:00,23.0947424499,23.1441535377,23.0552135797,23.1441535377,18136,21.176914636889162,21.29310328881979,21.651017386382506,22.27765270579458,22.60660654002889,,20.930078560853474,20.937936301933163,21.384025639660845,22.511288391882072,"rgba(38, 166, 154, 1.0)",0.4374111865383752,22.511288391882072,1.3338800560527961,0,,,0.0,0.0,0.0,0.0,63.3944045699335,10.419843151353774,False,False,True,False,True,14.332343485374238
2025-04-02 00:00:00+00:00,23.0947424499,23.1935646256,22.9761558391,22.9761558391,4259,21.177632946351785,21.293856110109306,21.651817373800725,22.278512253479192,22.607703458006515,,20.930738873328913,20.938626272390177,21.384807139544943,22.512028111794642,"rgba(38, 166, 154, 1.0)",0.44366555128673235,22.512028111794642,1.3134090226643746,0,,,0.0,0.0,0.0,0.0,61.42473424781727,10.419843151353774,False,False,True,False,False,14.332343485374238
2025-04-03 00:00:00+00:00,23.0650957972,23.1445488264,22.6007303938,22.9168625337,21412,21.1809506014503,21.29731288018839,21.655403415578952,22.28200338808276,22.611429531313505,,20.93381998347816,20.941844590555764,21.388377099797424,22.513909450547168,"rgba(38, 166, 154, 1.0)",0.44909072455406046,22.513909450547168,1.2273385231907266,0,,,0.0,0.0,0.0,0.0,59.485802157481395,15.386642182085524,False,True,True,False,False,13.583590927475758
2025-04-04 00:00:00+00:00,23.1935646256,23.2232112783,22.6302782244,23.0156847094,26874,21.185283192052545,21.301838695638782,21.660151366122793,22.28685468271504,22.617093770259896,,20.93782547729347,20.946028389963175,21.393061658778233,22.517474315949116,"rgba(38, 166, 154, 1.0)",0.45650610958421434,22.517474315949116,1.4810104299954883,0,,,0.0,0.0,0.0,0.0,60.18648785483113,15.386642182085524,False,True,True,False,False,15.778443877118082
2025-04-07 00:00:00+00:00,23.0058024918,23.114506885,22.7488648351,23.114506885,14327,21.18751006872664,21.304158620289915,21.66255893352758,22.289206585100345,22.619609463698456,,20.93989382815246,20.94818825281327,21.395457216262468,22.518910725049505,"rgba(38, 166, 154, 1.0)",0.4587076921573959,22.518910725049505,1.061442341331894,0,,,0.0,0.0,0.0,0.0,56.999088135234814,12.816126447428253,False,True,True,False,False,11.185015535865059
2025-04-08 00:00:00+00:00,23.0749780148,23.114506885,22.7389826176,23.0354491445,21761,21.190919409387657,21.307711892517684,21.6662542809052,22.292852295377315,22.62358003481989,,20.94305802238768,20.951492162509577,21.399127664011978,22.52133012120999,"rgba(38, 166, 154, 1.0)",0.46232074104266346,22.52133012120999,1.1975406778016897,0,,,0.0,0.0,0.0,0.0,55.981628732630554,11.740969519196852,False,True,True,False,False,12.376288750287372
2025-04-09 00:00:00+00:00,23.0749780148,23.0848602324,22.8693290673,23.0680604625,14804,21.193274833739522,21.31016902162786,21.668820480344305,22.29543118678169,22.626483434891174,,20.945240454788138,20.95377082642915,21.401667881944157,22.523235323070445,"rgba(38, 166, 154, 1.0)",0.46498853588355316,22.523235323070445,1.1865726768535367,0,,,0.0,0.0,0.0,0.0,55.30332246422772,10.919139358515224,False,True,True,False,False,12.376288750287372
2025-04-10 00:00:00+00:00,22.8476870108,22.9959202743,22.7488648351,22.9113284919,11358,21.194933354473427,21.31188833686882,21.670569683078597,22.296996573182135,22.627846653790694,,20.94679390763248,20.955392119856707,21.40343544545961,22.52383795467667,"rgba(38, 166, 154, 0.5)",0.46369293716975585,22.52383795467667,0.6984127429242535,0,,,0.0,0.0,0.0,0.0,51.05582508948053,6.7699358149620465,False,True,False,False,False,7.130953871794912
2025-04-11 00:00:00+00:00,23.0799191236,23.0799191236,22.7291004,22.7587470527,15601,21.197340639130644,21.31439369546104,21.673162241766928,22.299504952449734,22.630466305506037,,20.94903335231506,20.95772966197101,21.406020145417944,22.525469877790673,"rgba(38, 166, 154, 1.0)",0.465347119947705,22.525469877790673,1.1914745402778786,0,,,0.0,0.0,0.0,0.0,51.89510243954593,6.7699358149620465,False,True,False,False,False,11.128562440187853
2025-04-14 00:00:00+00:00,23.0742862596,23.0742862596,22.8476870108,22.9366269689,16777,21.19997438256953,21.317137716194758,21.676015649765656,22.302325723418576,22.633536311258474,,20.951478740181496,20.960282077643484,21.40885378093099,22.5275257293258,"rgba(38, 166, 154, 1.0)",0.4664342473449236,22.5275257293258,1.1722135185967126,0,,,0.0,0.0,0.0,0.0,52.36373312408759,6.7699358149620465,False,True,False,False,False,11.003183681163044
2025-04-15 00:00:00+00:00,22.9267447513,23.0354491445,22.8279225757,22.9267447513,23641,21.203531353255194,21.32083187907115,21.679807892489013,22.305873754793545,22.636978710236104,,20.95479940112968,20.963747074856624,21.41265783933105,22.52960298430623,"rgba(38, 166, 154, 0.5)",0.46527300306298625,22.52960298430623,0.8535671839528725,0,,,0.0,0.0,0.0,0.0,50.40399301193376,5.880473227018868,False,True,False,False,False,7.7823136103347075
2025-04-16 00:00:00+00:00,22.8476870108,23.0628228872,22.7291004,22.9168625337,7815,21.20466989212865,21.322011383313672,21.681006352455327,22.306944257599415,22.637907344035956,,20.955866842999352,20.96486066236579,21.41386972695129,22.530098768404834,"rgba(38, 166, 154, 0.5)",0.46146784925434087,22.530098768404834,0.6882131505116557,0,,,0.0,0.0,0.0,0.0,48.01139043179798,3.4769714717244256,False,True,False,True,False,6.121208206149195
2025-04-17 00:00:00+00:00,22.9959202743,23.025566927,22.8674514459,22.8674514459,3740,21.20524121672821,21.322605303801634,21.6816187505425,22.307529264594994,22.638501035673382,,20.956399314906772,20.96541623920651,21.414481827251294,22.53048918190886,"rgba(38, 166, 154, 1.0)",0.45781837184757895,22.53048918190886,1.0166282548095251,0,,,0.0,0.0,0.0,0.0,48.806689082459215,3.4769714717244256,False,True,False,False,False,8.667799401456602
2025-04-21 00:00:00+00:00,22.9020392074,22.9761558391,22.887215881,22.887215881,13925,21.207315393073873,21.32475743743093,21.683820628115924,22.309561997537326,22.64041446351273,,20.958338734081497,20.967439500142206,21.41669610205354,22.531662905824806,"rgba(38, 166, 154, 0.5)",0.45510577628219373,22.531662905824806,0.8138246554478779,0,,,0.0,0.0,0.0,0.0,47.97819495378324,3.2058026761518903,False,True,False,True,False,6.715333136253793
2025-04-22 00:00:00+00:00,22.9959202743,23.0749780148,22.9069803162,22.9069803162,12834,21.20930141186376,21.326823565700852,21.685958780363162,22.31163893656004,22.642593362712105,,20.960187168876693,20.96936798033885,21.418826897271373,22.533182504131847,"rgba(38, 166, 154, 1.0)",0.4514814683812118,22.533182504131847,1.024931924287616,0,,,0.0,0.0,0.0,0.0,48.88768933996704,3.2058026761518903,False,True,False,False,False,8.303521540001725
2025-04-23 00:00:00+00:00,23.025566927,23.1243891026,22.9959202743,23.0848602324,8658,21.210680707975087,21.328261275845865,21.687458915194178,22.3131475826269,22.644280849927252,,20.96146655862725,20.97070283821688,21.420312142881617,22.534434888496303,"rgba(38, 166, 154, 1.0)",0.4494226651259259,22.534434888496303,1.0928065640972602,0,,,0.0,0.0,0.0,0.0,49.94745631118615,3.2058026761518903,False,True,False,False,False,8.799668759500545
2025-04-24 00:00:00+00:00,23.0552135797,23.0996835587,22.9959202743,23.0156847094,29049,21.215297528710973,21.333072135992634,21.692474130071812,22.31817575200625,22.649864224573438,,20.96575106890203,20.975172548572257,21.42528068674703,22.53861468027585,"rgba(38, 166, 154, 1.0)",0.4478464303297146,22.53861468027585,1.1535179571350336,0,,,0.0,0.0,0.0,0.0,51.12469489038986,3.2058026761518903,False,True,False,False,True,9.298389691051728
2025-04-25 00:00:00+00:00,23.025566927,23.0871331424,23.0090636236,23.0552135797,4047,21.21593550379041,21.333736466963853,21.693164940779567,22.318861624454023,22.65061139583053,,20.96634380991676,20.975790828727018,21.425966372064632,22.539173255677053,"rgba(38, 166, 154, 1.0)",0.44353585699296694,22.539173255677053,1.0966276201895888,0,,,0.0,0.0,0.0,0.0,51.34994243492632,3.2058026761518903,False,True,False,False,True,8.65530988769455
2025-04-28 00:00:00+00:00,23.0354491445,23.0628228872,22.9959202743,23.0156847094,8057,21.217197903721367,21.3350504042617,21.694528774482624,22.320205889984,22.652055575941223,,20.967517640957034,20.977015161078278,21.427321981773613,22.540247339209866,"rgba(38, 166, 154, 1.0)",0.4379458922676371,22.540247339209866,1.1307374130763757,0,,,0.0,0.0,0.0,0.0,51.68292611977226,3.2058026761518903,False,True,False,False,True,8.827013327252839
2025-04-29 00:00:00+00:00,23.0453313621,23.2118467281,23.0058024918,23.0749780148,6373,21.218226134314296,21.336122697755542,21.69565090283674,22.321349436521864,22.653358450098573,,20.968470469262325,20.97800905610961,21.428430186905455,22.541259108989365,"rgba(38, 166, 154, 1.0)",0.432743688621121,22.541259108989365,1.1648286650159896,0,,,0.0,0.0,0.0,0.0,52.10126975240422,3.2058026761518903,False,True,False,False,True,9.001307187090251
2025-04-30 00:00:00+00:00,23.1525534227,23.2519632699,23.0531435754,23.0531435754,5921,21.219213552028723,21.337154631043983,21.696740352592805,22.32249854034179,22.654741781341077,,20.969382036190627,20.97895999973898,21.429498685144058,22.542371813007385,"rgba(38, 166, 154, 1.0)",0.42798334426133516,22.542371813007385,1.4257134486056648,0,,,0.0,0.0,0.0,0.0,54.39710572198328,0.4940563186584441,False,True,True,False,True,10.871373263352776
2025-05-01 00:00:00+00:00,23.0906210878,23.2759210431,23.0630845602,23.1227304685,3066,21.219721989183473,21.33768577583497,21.69730023221551,22.323085634651573,22.655441696927575,,20.96985174382783,20.979449973092184,21.43004845463205,22.595036070728696,"rgba(38, 166, 154, 1.0)",0.4220933620300876,22.595036070728696,1.1741123212356428,0,,,0.0,0.0,0.0,0.0,54.44270296555174,0.7129005721020931,False,True,True,False,True,9.460837090033671
2025-05-02 00:00:00+00:00,23.0930069242,23.1810840488,23.0432025907,23.0432025907,15775,21.22228288476278,21.34035708589766,21.700099630438377,22.325955775938134,22.65873734987864,,20.972223668275156,20.981923885964196,21.432809824910787,22.595917747331452,"rgba(38, 166, 154, 1.0)",0.41627822069087606,22.595917747331452,1.1941272739264501,0,,,0.0,0.0,0.0,0.0,54.52144721949692,1.0089988504498777,False,True,True,False,True,9.503128630649606
2025-05-05 00:00:00+00:00,23.0929075143,23.0929075143,23.0531435754,23.0630845602,1662,21.222548552207744,21.340633900290413,21.70038845094549,22.326246854614418,22.65906164421978,,20.97247020474534,20.982180993429676,21.433095691026278,22.596024427430237,"rgba(38, 166, 154, 1.0)",0.41120671138684906,22.596024427430237,1.20835354363249,0,,,0.0,0.0,0.0,0.0,54.5712789124768,1.303186207323435,False,True,True,False,True,9.500810294588785
2025-05-06 00:00:00+00:00,23.0432025907,23.1426124379,23.0432025907,23.1426124379,11242,21.2243403672903,21.342500436823812,21.702334216150962,22.32820122923456,22.661224983362743,,20.974133678356555,20.983915705735647,21.43502284019632,22.597023143821225,"rgba(38, 166, 154, 1.0)",0.4030065133555911,22.597023143821225,1.1071271358959203,0,,,0.0,0.0,0.0,0.0,53.24829671610601,1.303186207323435,False,True,True,False,True,8.334346312881024
2025-05-07 00:00:00+00:00,23.1227304685,23.1923173616,23.0034386518,23.0034386518,5424,21.225217538984506,21.34341502718612,21.70329136904098,22.32917797459387,22.66233515314448,,20.974946697327372,20.984763550514074,21.43596789391125,22.597915567630103,"rgba(38, 166, 154, 1.0)",0.39712211283919663,22.597915567630103,1.3215453985117274,0,,,0.0,0.0,0.0,0.0,54.2732298373019,1.303186207323435,False,True,True,False,True,9.803703206753543
2025-05-08 00:00:00+00:00,23.0133796365,23.0829665296,22.9544315853,23.0531435754,6235,21.226177066809054,21.344412033341275,21.704320139583373,22.330169133536735,22.6633492771148,,20.975841413813086,20.98569636722137,21.436994960783025,22.59803419177235,"rgba(38, 166, 154, 1.0)",0.3897967021007671,22.59803419177235,1.0655437629133162,0,,,0.0,0.0,0.0,0.0,52.15811709889533,1.303186207323435,False,True,False,False,False,7.259863396896382
2025-05-09 00:00:00+00:00,23.1923173616,23.1923173616,22.923910774,22.923910774,4553,21.226910684640504,21.345176693170817,21.70511947330503,22.330981435879423,22.664265237885157,,20.976521752732587,20.9864057908032,21.437784857688374,22.59879442427619,"rgba(0, 255, 255, 0.75)",0.38404657867192943,22.59879442427619,1.5454451889046164,0,,,0.0,0.0,0.0,0.0,54.41984939488276,1.303186207323435,False,True,True,False,True,10.490955200538483
2025-05-12 00:00:00+00:00,23.033261606,23.1624944074,23.0133796365,23.1624944074,10334,21.228544284796403,21.3468771124857,21.706887413571,22.332739926921423,22.666174096567772,,20.97804027333335,20.9879890326886,21.439539295544144,22.600026673137528,"rgba(38, 166, 154, 1.0)",0.3758937803917381,22.600026673137528,1.1525461592127861,0,,,0.0,0.0,0.0,0.0,52.560233964678254,1.303186207323435,False,True,False,False,False,6.945674194491023
2025-05-13 00:00:00+00:00,23.0550323625,23.1227304685,23.033261606,23.1227304685,8536,21.229891934887814,21.34827966346174,21.708344974030272,22.334187394471755,22.667739771606602,,20.97929330485751,20.989295389562553,21.440986197144422,22.601083094169592,"rgba(38, 166, 154, 1.0)",0.367281485129978,22.601083094169592,1.2359710105445672,0,,,0.0,0.0,0.0,0.0,51.74947224786258,1.303186207323435,False,True,False,False,False,7.337574957403973
2025-05-14 00:00:00+00:00,22.9388222511,23.033261606,22.923910774,23.033261606,13286,21.23186613130958,21.350325309038222,21.7104329934153,22.336109295090434,22.66952334267128,,20.98114283157047,20.991222996443646,21.443088336964774,22.601289402832627,"rgba(38, 166, 154, 0.5)",0.35790568273163537,22.601289402832627,0.9430776446219798,0,,,0.0,0.0,0.0,0.0,49.058516610976945,2.622255549664139,False,True,False,False,False,4.833485804705138
2025-05-15 00:00:00+00:00,23.0233206213,23.1426124379,22.9437927435,22.9437927435,8040,21.233107643550575,21.351615214397548,21.71176473346994,22.337397697872316,22.670849779365195,,20.982300524362937,20.99242969058396,21.44441703489103,22.602123325300973,"rgba(38, 166, 154, 1.0)",0.3478706774087754,22.602123325300973,1.2107870060691812,0,,,0.0,0.0,0.0,0.0,49.01674984152712,2.613903256075311,False,True,False,False,False,6.381835841845131
2025-05-16 00:00:00+00:00,23.0801830539,23.1078189914,23.033261606,23.033261606,2453,21.23349389011604,21.352017046226738,21.7121819021168,22.337810698576398,22.67129351505558,,20.982659864162883,20.992804259980993,21.444831434977214,22.602470296020325,"rgba(38, 166, 154, 1.0)",0.33785035695001764,22.602470296020325,1.4139773661696908,0,,,0.0,0.0,0.0,0.0,50.08890263267961,2.613903256075311,False,True,False,False,False,7.406067017750722
2025-05-19 00:00:00+00:00,23.1426124379,23.1426124379,22.9835566824,22.9835566824,13334,21.23560866093417,21.354218109224625,21.714471409629336,22.340095749589146,22.673782835726303,,20.98462578223207,20.994853465557206,21.44710221387565,22.604523974625334,"rgba(0, 255, 255, 0.75)",0.3266823424205365,22.604523974625334,1.6471305405970993,0,,,0.0,0.0,0.0,0.0,51.95632696542779,2.613903256075311,False,True,False,False,True,8.517803342437016
2025-05-20 00:00:00+00:00,23.0929075143,23.1127894838,23.0531435754,23.0531435754,6395,21.23661938856445,21.355269752010592,21.7155641219211,22.34118191749294,22.674956803383832,,20.985565855238736,20.99583329371206,21.448186865858723,22.605469271774254,"rgba(0, 255, 255, 0.75)",0.3144833169910932,22.605469271774254,1.5499653437563736,0,,,0.0,0.0,0.0,0.0,52.094484979765355,2.613903256075311,False,True,False,False,True,7.416536098223929
2025-05-21 00:00:00+00:00,22.9630782538,23.0809783327,22.923910774,23.0034386518,16206,21.239041799243953,21.35778012598456,21.71813013458595,22.34356399651254,22.677207849228616,,20.987834615050595,20.99819725910554,21.45076682479255,22.606548317216376,"rgba(38, 166, 154, 1.0)",0.3032797651302312,22.606548317216376,1.1755810231207673,0,,,0.0,0.0,0.0,0.0,49.63350674738916,2.613903256075311,False,True,False,False,False,4.618366592097857
2025-05-22 00:00:00+00:00,22.9694404841,23.0346533438,22.8742058504,22.9040288046,13802,21.241064455053664,21.359872981055616,21.720256173985742,22.345485691371998,22.678918538173328,,20.989733985430885,21.000175981577197,21.452914717601896,22.64877885689149,"rgba(38, 166, 154, 1.0)",0.291918516340265,22.64877885689149,1.0984627875908484,0,,,0.0,0.0,0.0,0.0,48.13700946326185,1.90941829098265,False,True,False,False,False,4.737653570424598
2025-05-23 00:00:00+00:00,22.9328576603,22.9765979931,22.8851409336,22.923910774,5335,21.241832340937552,21.36066639929569,21.721057559644198,22.34619167870633,22.67950902180635,,20.99045679844492,21.00092888710131,21.45372797624676,22.648525621996164,"rgba(38, 166, 154, 1.0)",0.28278587377396064,22.648525621996164,1.0054676158651148,0,,,0.0,0.0,0.0,0.0,46.42995642998373,0.28994777244034964,False,True,False,True,False,3.9525237428914046
2025-05-27 00:00:00+00:00,23.1127894838,23.1624944074,22.9636747129,22.9636747129,12404,21.243771269459092,21.362681673473098,21.72314420360098,22.348240266601678,22.68167194266457,,20.992263359721395,21.002811273643545,21.455804541815706,22.652724161432168,"rgba(0, 255, 255, 0.75)",0.2735460913398855,22.652724161432168,1.6818566849715775,0,,,0.0,0.0,0.0,0.0,49.15203047814922,0.28994777244034964,False,True,False,False,True,7.2981927078841125
2025-05-28 00:00:00+00:00,23.1426124379,23.1426124379,23.0233206213,23.0233206213,9514,21.24527443298758,21.364245050076896,21.72476763646211,22.34985340266876,22.68341091717771,,20.99366226984632,21.004268875203064,21.45741639886907,22.655312937682538,"rgba(0, 255, 255, 0.75)",0.26126898394027426,22.655312937682538,1.8651257139992419,0,,,0.0,0.0,0.0,0.0,51.50746736336647,-2.7423195929027457,False,True,False,False,True,7.833133850400909
2025-05-29 00:00:00+00:00,23.2519632699,23.2619042546,23.0233206213,23.1426124379,15810,21.247869229520408,21.366950419351994,21.72760569415443,22.352788633870944,22.686788490975808,,20.99606668029891,21.006774396051927,21.460211698018437,22.660555206102345,"rgba(0, 255, 0, 1.0)",0.2541023008887195,22.660555206102345,2.327440805255256,0,,,0.0,0.0,0.0,0.0,54.91587409301199,0.35471614365135196,False,False,True,False,True,9.761782773437858
2025-05-30 00:00:00+00:00,23.0929075143,23.4209600102,23.0929075143,23.2917272088,106974,21.265453590593946,21.385277373793773,21.746823675470115,22.372658420992074,22.70950812614723,,21.01236887743316,21.023756217908176,21.479141473161317,22.734480451566263,"rgba(38, 166, 154, 1.0)",0.24498621394095377,22.734480451566263,1.4630499282711595,0,,,1.0,0.0,23.42096,898.0,53.73683399764522,0.35471614365135196,False,False,True,False,True,6.297016654878032
2025-06-02 00:00:00+00:00,22.9835566824,23.1225316488,22.9139697893,23.0929075143,15085,21.267660013301025,21.38755734734012,21.749134733351,22.374742865903325,22.711343779846864,,21.014444803609408,21.025916721504654,21.481478596703674,22.733527937553696,"rgba(38, 166, 154, 1.0)",0.23032957034463655,22.733527937553696,1.0855260332930425,0,,,0.0,0.0,0.0,0.0,51.023035063230644,0.35471614365135196,False,True,False,False,False,4.030721782594259
2025-06-03 00:00:00+00:00,22.9338517587,23.2619042546,22.9338517587,22.9835566824,11759,21.269412115201558,21.38937016405468,21.750982509179543,22.376451586284038,22.712934033963137,,21.016089632418893,21.027628594227167,21.483338967384128,22.733548264393935,"rgba(38, 166, 154, 0.5)",0.21493515898583884,22.733548264393935,0.9319252152657972,0,,,0.0,0.0,0.0,0.0,48.404024191025094,3.6137034417407534,False,True,False,False,False,3.0219111839912927
2025-06-04 00:00:00+00:00,22.9537337282,23.0147713744,22.9437927435,22.9437927435,7996,21.27055297949881,21.390546703122922,21.752165702986858,22.37748282721415,22.713771446394617,,21.01716666387351,21.028749216855765,21.484542842970907,22.73299638540486,"rgba(38, 166, 154, 1.0)",0.20239544072401425,22.73299638540486,1.0906240872102266,0,,,0.0,0.0,0.0,0.0,47.09198652139943,2.4302446815789693,False,True,False,True,False,3.3949818164478884
2025-06-05 00:00:00+00:00,22.9139697893,23.0610963632,22.9139697893,23.0610963632,16341,21.272869139727945,21.39293392543127,21.754561267890747,22.37955182945449,22.715414887390196,,21.019355327044504,21.031026230592307,21.486984284364787,22.732006510330223,"rgba(38, 166, 154, 0.5)",0.18866705262019132,22.732006510330223,0.9644677035162663,0,,,0.0,0.0,0.0,0.0,45.50613447760603,0.9175529352243998,False,True,False,True,False,2.5744164390533655
2025-06-06 00:00:00+00:00,22.9214255278,22.9537337282,22.7250910795,22.9139697893,6110,21.27368430700749,21.393770050507076,21.755383394864573,22.380194676047623,22.715787080758098,22.86675011183333,21.020131950136083,21.031833891382046,21.48783568493372,22.762391856666625,"rgba(38, 166, 154, 0.5)",0.17501290747332446,22.762391856666625,0.9086968123057753,0,,,0.0,0.0,0.0,0.0,44.637245119517786,0.02155960637551857,False,True,False,True,False,2.719168001968452
2025-06-09 00:00:00+00:00,22.9139697893,22.9487632358,22.8642648657,22.9487632358,31514,21.2779867040622,21.398190838159543,21.759764980148663,22.38376916166948,22.718207280021947,22.902138183788505,21.024218659173552,21.03608402020648,21.492344422235856,22.761480076528947,"rgba(38, 166, 154, 0.5)",0.16436384045442934,22.761480076528947,0.9277570562324037,0,,,0.0,0.0,0.0,0.0,43.90550061455869,-0.8175926830557074,False,True,False,True,False,2.5609891126963404
2025-06-10 00:00:00+00:00,22.923910774,23.0133796365,22.8742058504,22.923910774,9320,21.279276665825638,21.399517592664406,21.761086029544003,22.384873239245763,22.71901541545902,22.909092296013437,21.025441893685986,21.03735612222755,21.493698769358538,22.761454416397445,"rgba(38, 166, 154, 1.0)",0.15047666491262626,22.761454416397445,1.0796116307926156,0,,,0.0,0.0,0.0,0.0,43.713113067559185,-1.2151174154216022,False,True,False,True,False,2.761023483952389
2025-06-11 00:00:00+00:00,22.8841468351,23.0369397703,22.744973049,22.9040288046,11802,21.28085959933102,21.401141528782,21.76268585726961,22.38614286840178,22.719804721957544,22.904992806735173,21.026949419998,21.038923512060045,21.49535267541984,22.760358253482245,"rgba(38, 166, 154, 0.5)",0.1389124851345848,22.760358253482245,0.8911263915394207,0,,,0.0,0.0,0.0,0.0,42.66838114153492,-2.4561272129210394,False,True,False,True,False,1.8943402293948886
2025-06-12 00:00:00+00:00,22.8841468351,22.9635753031,22.8841468351,22.8940878198,8149,21.2819656485062,21.402277257409253,21.763809322196757,22.387053892703616,22.720415683138857,22.9056786632624,21.0280011561807,21.040017025457615,21.496510314442467,22.75999174456519,"rgba(38, 166, 154, 0.5)",0.1286425016831495,22.75999174456519,0.9651171961861232,0,,,0.0,0.0,0.0,0.0,41.97189319085208,-3.366308901947626,False,True,False,True,False,1.8943402293948886
2025-06-13 00:00:00+00:00,22.923910774,22.923910774,22.744973049,22.8841468351,13082,21.28368765751845,21.40404100347106,21.76553556526382,22.388380895480598,22.721151287562343,22.898904524445648,21.0296455920806,21.041726389332517,21.49830398157508,22.758590531303916,"rgba(38, 166, 154, 1.0)",0.12345186308735068,22.758590531303916,1.3391474098621559,0,,,0.0,0.0,0.0,0.0,42.91993112192763,-3.366308901947626,False,True,False,True,False,2.7330009571069844
2025-06-16 00:00:00+00:00,22.9437927435,22.9736156976,22.8940878198,22.8940878198,10996,21.28519881128487,21.405594070448643,21.767078360210906,22.389660600706215,22.72207580893449,22.903529158247046,21.03108037024814,21.043218081352553,21.499888271967787,22.758665555452584,"rgba(0, 255, 255, 0.75)",0.11939370583599902,22.758665555452584,1.5505606995875536,0,,,0.0,0.0,0.0,0.0,44.24614077822765,-3.366308901947626,False,True,False,True,True,3.153519098574499
2025-06-17 00:00:00+00:00,22.8742058504,22.9636747129,22.744973049,22.8344419115,17619,21.287502953535824,21.40795250882951,21.769381476068666,22.391414980892673,22.72302169430057,22.89662090557542,21.03328309157992,21.045507360176916,21.50228531048595,22.757116975913362,"rgba(38, 166, 154, 0.5)",0.11816265955431215,22.757116975913362,0.9909126531873476,0,,,0.0,0.0,0.0,0.0,43.14708533240786,-3.366308901947626,False,True,False,True,True,1.562401674137643
2025-06-18 00:00:00+00:00,22.9836560922,23.0034386518,22.8642648657,22.8642648657,17501,21.28991481213336,21.410431434038877,21.77184637721081,22.39347444947631,22.72455002434368,22.904092526056424,21.035572706295902,21.047887430881232,21.50481424892683,22.75763227519421,"rgba(0, 255, 255, 0.75)",0.11368882227241693,22.75763227519421,1.9880918149033069,0,,,0.0,0.0,0.0,0.0,45.957112261392304,-3.366308901947626,False,True,False,True,True,3.886056727714159
2025-06-20 00:00:00+00:00,23.0432025907,23.0531435754,22.9040288046,22.9835566824,13251,21.291790805102732,21.41236344294868,21.773784227339245,22.395161889494073,22.725945068501975,22.91322478997025,21.03734754383645,21.049732510146725,21.50678877435115,22.758719853470502,"rgba(0, 255, 0, 1.0)",0.11372548123361718,22.758719853470502,2.5014863348444236,0,,,0.0,0.0,0.0,0.0,49.39998120608705,-4.991210073284762,False,True,False,False,True,5.11366244233411
2025-06-23 00:00:00+00:00,23.0630845602,23.0929075143,22.9839543218,23.0034386518,12309,21.29357710969055,21.414206368126134,21.77564693029142,22.396840882437,22.72744609676315,22.92405422377159,21.039032349748148,21.051484111337373,21.508675263264806,22.760265344353126,"rgba(0, 255, 0, 1.0)",0.11385733581824695,22.760265344353126,2.6596372879326045,0,,,0.0,0.0,0.0,0.0,52.1976802816992,-2.435108519919112,False,False,True,False,True,5.522289142086468
2025-06-24 00:00:00+00:00,23.164681424,23.2460980889,23.0730255449,23.1127894838,6372,21.294560764735248,21.415225634447204,21.776695820693092,22.397859364632627,22.728494669824947,22.933619345928815,21.039953144898107,21.052441678520548,21.50972267298123,22.76177595115047,"rgba(0, 255, 0, 1.0)",0.11444247934311935,22.76177595115047,3.5205937092777293,0,,,0.0,0.0,0.0,0.0,56.34698729872977,1.3293354330660136,True,False,True,False,True,7.577857072159908
2025-06-25 00:00:00+00:00,22.9934976671,23.1624944074,22.9437927435,23.1525534227,14870,21.29669510845573,21.41742557957675,21.778911665994098,22.39982885052796,22.73020408335928,22.942189173901042,21.041969372456492,21.054537487316093,21.511972750865723,22.76324735722971,"rgba(0, 255, 0, 1.0)",0.11424468820822115,22.76324735722971,2.01541370090346,0,,,0.0,0.0,0.0,0.0,54.128813177127306,1.3293354330660136,True,False,True,False,True,3.5806370544070987
2025-06-26 00:00:00+00:00,23.0630845602,23.0829665296,22.9636747129,22.9636747129,10193,21.29815790727941,21.418933217869984,21.7804300621911,22.401178869701525,22.731377498531717,22.94744390087787,21.04335138560208,21.055973951431216,21.513514636784517,22.764244040724392,"rgba(0, 255, 0, 1.0)",0.11437478797279191,22.764244040724392,2.612818128648225,0,,,0.0,0.0,0.0,0.0,54.22190352512035,1.3293354330660136,True,False,True,False,True,4.986411360161579
2025-06-27 00:00:00+00:00,23.0730255449,23.1426124379,22.9527396297,23.0829665296,38512,21.303724544111624,21.424672780495293,21.7862228181309,22.406383723261044,22.736009889320233,22.96633180713656,21.048606822178552,21.06143595893807,21.519386687847145,22.768408987699694,"rgba(0, 255, 0, 1.0)",0.11456380468863954,22.768408987699694,2.658924937314965,0,,,0.0,0.0,0.0,0.0,54.50456932135969,1.3293354330660136,True,False,True,False,True,5.186726380389125
2025-06-30 00:00:00+00:00,23.1624944074,23.2519632699,22.8940878198,23.0630845602,206989,21.33383138315518,21.455708422906863,21.81759030165215,22.434912830810056,22.76213168152325,23.032263162208718,21.077035988422363,21.090964597127243,21.55113323946769,22.79238208822139,"rgba(0, 255, 0, 1.0)",0.11578981197475749,22.79238208822139,3.1964152360770313,0,,,0.0,0.0,0.0,0.0,56.5748654033013,1.3293354330660136,True,False,True,False,True,6.974126322973518
2025-07-01 00:00:00+00:00,23.2817862241,23.2817862241,23.0630845602,23.0630845602,30216,21.338400665667958,21.460428705058252,21.82241220636398,22.439513438934835,22.76672783959909,23.04389517511029,21.0813341464485,21.095427280218246,21.555970830475548,22.797238123865522,"rgba(0, 255, 0, 1.0)",0.11405142723810453,22.797238123865522,4.248505362610575,0,,,0.0,0.0,0.0,0.0,59.992777339798664,4.566329327703222,True,False,True,False,True,9.263939607439994
2025-07-02 00:00:00+00:00,23.2917272088,23.321550163,23.2221403157,23.2817862241,18802,21.341338051661815,21.463469496071678,21.825545565351856,22.44260511519057,22.769983024165533,23.053129805334937,21.084087143746764,21.09828583844692,21.55909294138371,22.800921918135305,"rgba(0, 255, 0, 1.0)",0.11577120581588052,22.800921918135305,4.239441812891364,0,,,0.0,0.0,0.0,0.0,62.42689076974258,6.865710109655836,True,False,True,False,True,9.451560404722049
2025-07-03 00:00:00+00:00,23.2519632699,23.3031593412,23.2519632699,23.2817862241,1685,21.341599579215668,21.463740094143606,21.825823891865177,22.442877955369948,22.770267346406204,23.053888819703015,21.084332465053954,21.098540543500356,21.559370652812266,22.801237265984305,"rgba(0, 255, 0, 1.0)",0.11533327920015728,22.801237265984305,3.908030769969465,0,,,0.0,0.0,0.0,0.0,62.74243208300605,7.215869215155806,True,False,True,False,True,8.479062257081189
2025-07-07 00:00:00+00:00,23.2519632699,23.2619042546,23.1624944074,23.1823763768,11177,21.34329337930274,21.465489707875392,21.82761172259235,22.44458800024929,22.771981095610737,23.057798513825297,21.08592591634519,21.100194661429192,21.561163603823136,22.80302431239845,"rgba(0, 255, 0, 1.0)",0.11641425561930537,22.80302431239845,3.8563916000945597,0,,,0.0,0.0,0.0,0.0,62.95279295851503,7.586255786421333,True,False,True,False,True,8.479062257081178
2025-07-08 00:00:00+00:00,23.2917272088,23.3513731172,23.2289001854,23.2817862241,13691,21.345435756499086,21.46770736160748,21.82989734632692,22.446846608048727,22.77436217422805,23.064122300350235,21.087933941895788,21.10227939609414,21.56344043533316,22.853076169985506,"rgba(0, 255, 0, 1.0)",0.11718315670607743,22.853076169985506,3.7432942680895134,0,,,0.0,0.0,0.0,0.0,63.897203276179454,8.712164676669481,True,False,True,False,True,9.267216066553807
2025-07-09 00:00:00+00:00,23.2817862241,23.321550163,23.2420222852,23.2420222852,4068,21.346068509901095,21.468362048871565,21.830570976694393,22.44750834668596,22.77505335917497,23.065864543677666,21.088527478237207,21.102895557169685,21.56411232197364,22.853701012612163,"rgba(0, 255, 0, 1.0)",0.11453532235339162,22.853701012612163,3.7375824565892963,0,,,0.0,0.0,0.0,0.0,64.13666830236922,9.201743809401847,True,False,True,False,True,9.013285770830098
2025-07-10 00:00:00+00:00,23.2718452394,23.3116091783,23.2098134947,23.3116091783,17372,21.34874177827486,21.47112579908261,21.833406294523446,22.45026390361225,22.77788351189037,23.07242723622961,21.091038470119795,21.1055019602949,21.56694670113108,22.85598810236227,"rgba(0, 255, 0, 1.0)",0.11634727912112287,22.85598810236227,3.5742747074025094,0,,,0.0,0.0,0.0,0.0,63.88288194624751,9.237580177951457,True,False,True,False,True,8.755745939321564
2025-07-11 00:00:00+00:00,23.3016681935,23.3016681935,23.2221403157,23.2221403157,2888,21.349187959075255,21.471587178898346,21.833880092164964,22.450726215928423,22.778361151304747,23.073535093073225,21.0914574064097,21.105936803106328,21.567419959830588,22.856472213891813,"rgba(0, 255, 0, 1.0)",0.11955737265579866,22.856472213891813,3.7237015979758072,0,,,0.0,0.0,0.0,0.0,64.44093276498549,10.07928981415791,True,False,True,False,True,9.371607899650229
2025-07-14 00:00:00+00:00,23.1823763768,23.212199331,23.1624944074,23.212199331,4814,21.34989670933799,21.47231760243997,21.834620189513927,22.45141218750155,22.77901227352506,23.074547491126864,21.092126776629247,21.10663137445707,21.568166952210674,22.856536699598713,"rgba(0, 255, 0, 1.0)",0.1197868880171156,22.856536699598713,2.7201614683798288,0,,,0.0,0.0,0.0,0.0,60.27479838275061,10.07928981415791,True,False,True,False,False,6.2870669787052265
2025-07-15 00:00:00+00:00,23.1988784115,23.2320813005,23.1227304685,23.1923173616,11918,21.351647932683623,21.474122046256014,21.836447438606,22.453102350744555,22.78061089227526,23.076952336005046,21.093781203409105,21.10834799679569,21.570012028503818,22.85704862115449,"rgba(0, 255, 0, 1.0)",0.12059852326714808,22.85704862115449,2.8344442459572594,0,,,0.0,0.0,0.0,0.0,57.98809114393644,12.467529327103563,True,False,True,False,False,6.639842169178035
2025-07-16 00:00:00+00:00,23.1923173616,23.292920127,23.1227304685,23.2469927776,8532,21.352911922198636,21.475425138345063,21.837770031205288,22.454337356898822,22.781798524011997,23.078889129983573,21.094974223460888,21.1095858657418,21.571345091414447,22.857814005996147,"rgba(0, 255, 0, 1.0)",0.12147019652115387,22.857814005996147,2.753789531785275,0,,,0.0,0.0,0.0,0.0,56.22823485864235,10.79153737000717,True,False,True,False,False,6.470147648040918
2025-07-17 00:00:00+00:00,23.172534802,23.3116091783,23.1227304685,23.2519632699,12739,21.35479558489359,21.477366702963018,21.839739488938115,22.456172875411333,22.783557845792153,23.081664147723004,21.096752685864203,21.111431066610102,21.57333097691974,22.85905971985892,"rgba(0, 255, 0, 1.0)",0.1207262195220639,22.85905971985892,2.5965783023942968,0,,,0.0,0.0,0.0,0.0,54.31698507541397,8.971039115758302,True,False,True,False,False,5.952446996565815
2025-07-18 00:00:00+00:00,23.2271108081,23.2320813005,23.1624944074,23.2320813005,2507,21.355166822192977,21.4777493757058,21.840127805492077,22.45653542332445,22.783906405217998,23.082217384606427,21.097103148792744,21.11179467050596,21.573722407151394,22.859329311644466,"rgba(0, 255, 0, 1.0)",0.11954731775168306,22.859329311644466,3.0764512610769756,0,,,0.0,0.0,0.0,0.0,54.90852096224225,8.971039115758302,True,False,True,False,False,7.165895900580821
2025-07-21 00:00:00+00:00,23.1724353921,23.2619042546,23.1625938172,23.2619042546,3826,21.355730567920194,21.478330271976677,21.840716426748077,22.45708196928088,22.78442690028412,23.082997249679803,21.09763568487302,21.112347148993678,21.574316402384184,22.859708345597333,"rgba(0, 255, 0, 1.0)",0.12014158123598481,22.859708345597333,2.6029876025054133,0,,,0.0,0.0,0.0,0.0,53.2314290389932,7.867690249812995,False,False,False,False,False,5.715802288865287
2025-07-22 00:00:00+00:00,23.2440104821,23.2890431429,23.0432025907,23.1426124379,11639,21.357437005515834,21.480087928039662,21.84249485826999,22.458724269361827,22.785976100088444,23.08516963192211,21.099248736467754,21.114020490657357,21.57611306265342,22.860805617189193,"rgba(0, 255, 0, 1.0)",0.12184388622452838,22.860805617189193,3.1450479526289303,0,,,0.0,0.0,0.0,0.0,54.41210580474968,7.867690249812995,True,False,True,False,False,7.311544667379373
2025-07-23 00:00:00+00:00,23.2145076277,23.3180708183,22.9636747129,22.9636747129,13603,21.359398446375128,21.48210568468477,21.84452651009245,22.460564959052242,22.787653939038314,23.08699487317832,21.10110685086681,21.115947733920418,21.578173276488783,22.897150085625007,"rgba(0, 255, 0, 1.0)",0.1230072933857664,22.897150085625007,2.5799896358967986,0,,,0.0,0.0,0.0,0.0,54.08796959379906,7.867690249812995,False,False,True,False,False,6.521814944151572
2025-07-24 00:00:00+00:00,23.1475829303,23.1677631293,23.1127894838,23.1624944074,4296,21.360009233537557,21.482733332368074,21.84515582852438,22.461125619468405,22.788149079037307,23.087392242406416,21.101686525877266,21.116548894807487,21.578813517123002,22.897079080045202,"rgba(0, 255, 0, 1.0)",0.12249792917740816,22.897079080045202,2.044963959284609,0,,,0.0,0.0,0.0,0.0,51.59539546532899,6.076438841265563,False,False,False,False,False,4.750692847221202
2025-07-25 00:00:00+00:00,23.1923173616,23.212199331,23.0929075143,23.1227304685,5543,21.36080689814187,21.48355372461824,21.845981355505973,22.46187212965252,22.78882738950538,23.088107253677297,21.102442435122995,21.11733286369582,21.57965101507259,22.897541077549125,"rgba(0, 255, 0, 1.0)",0.12307626697932358,22.897541077549125,2.39507007553615,0,,,0.0,0.0,0.0,0.0,51.462310965295906,5.828704243135476,False,False,False,False,False,5.7764811962783895
2025-07-28 00:00:00+00:00,23.321550163,23.3314911477,23.1327708631,23.2519632699,8280,21.362060506472428,21.484847661116554,21.847302263888082,22.463136186050743,22.790093328114498,23.090443100118282,21.103623121442318,21.118557723844376,21.580976123699603,22.90017005021796,"rgba(0, 255, 0, 1.0)",0.12640170357934694,22.90017005021796,3.333658493910463,0,,,0.0,0.0,0.0,0.0,54.86185591101447,5.828704243135476,True,False,True,False,True,8.63322436485818
2025-07-29 00:00:00+00:00,23.2619042546,23.3414321324,23.1923173616,23.3314911477,21425,21.365302220990422,21.488193241386693,21.850716682392687,22.466401901150334,22.79336034917352,23.096315891377127,21.10667686906962,21.121725479941773,21.584401925383936,22.905061719429945,"rgba(0, 255, 0, 1.0)",0.12822269639069064,22.905061719429945,2.782990416008472,0,,,0.0,0.0,0.0,0.0,55.11036944568514,5.828704243135476,True,False,True,False,True,7.038746968267368
2025-07-30 00:00:00+00:00,23.2817862241,23.321550163,23.2273096278,23.3116091783,11501,21.367048486754953,21.489995731162985,21.85255783578064,22.468169438642374,22.795138526404486,23.099515176048612,21.10832141190892,21.12343131932303,21.586247884938594,22.907400423387568,"rgba(0, 255, 0, 1.0)",0.12748553508646224,22.907400423387568,2.936692389913245,0,,,0.0,0.0,0.0,0.0,55.790209555817206,5.828704243135476,True,False,True,False,True,7.476618168807985
2025-07-31 00:00:00+00:00,23.33,23.4399,23.32,23.33,34763,21.372545379815914,21.49568435451467,21.858430034158605,22.47403137221666,22.801384665396547,23.112924008428585,21.113474586624676,21.12877727973711,21.592087053850243,22.917179898359958,"rgba(0, 255, 0, 1.0)",0.1306173777620235,22.917179898359958,3.160529699135226,0,,,0.0,0.0,0.0,0.0,57.45501643759944,3.1977293196717653,True,False,True,False,True,8.536251238483413
2025-08-01 00:00:00+00:00,23.385,23.4599,23.3001,23.338,14259,21.374812057456406,21.49803056884017,21.86085473241896,22.476462863396158,22.80398959991181,23.11841293613121,21.115598697573216,21.130980662320706,21.59449578746757,22.920881756916902,"rgba(0, 255, 0, 1.0)",0.13505965220980531,22.920881756916902,3.436394478212676,0,,,0.0,0.0,0.0,0.0,59.82240161014689,5.5197581617814535,True,False,True,False,True,9.728563359115043
2025-08-04 00:00:00+00:00,23.55,23.55,23.15,23.31,26283,21.379049385494802,21.502420056370227,21.86540629887849,22.481082735397003,22.809017613027653,23.12923407039614,21.119563884463805,21.135093771692414,21.599005372451362,22.928039220261507,"rgba(0, 255, 0, 1.0)",0.1437032760688584,22.928039220261507,4.328090470536443,0,,,0.0,0.0,0.0,0.0,64.24748300533695,9.66410319591182,True,False,True,False,True,13.12642369425274
2025-08-05 00:00:00+00:00,23.7,23.7,23.57,23.57,25713,21.383664101854016,21.507230924907326,21.87051839618793,22.48670688271257,22.81576888801124,23.14731345987169,21.123833792914994,21.139525153148256,21.603975287291664,22.940175013305826,"rgba(0, 255, 0, 1.0)",0.15664031666106837,22.940175013305826,4.850762580736161,0,,,0.0,0.0,0.0,0.0,68.93879544694522,13.896833233578654,True,False,True,False,True,15.97670072578126
2025-08-06 00:00:00+00:00,23.59,23.69,23.55,23.69,4638,21.384477445835987,21.50807761161494,21.871413379057355,22.487675382500832,22.816908274667938,23.150156642169158,21.12458828873308,21.140308020882777,21.604848862230195,22.94201147683936,"rgba(0, 255, 0, 1.0)",0.1655192407479556,22.94201147683936,3.9148833708545254,0,,,0.0,0.0,0.0,0.0,68.53083338478879,13.896833233578654,True,False,True,False,True,12.945121261315084
2025-08-07 00:00:00+00:00,23.5,23.6,23.11,23.57,19739,21.387611514938943,21.51131988612411,21.874760530891137,22.49102305836493,22.82046694410959,23.156609083734352,21.12752767224715,21.14335596114831,21.608175923710153,22.945877986955104,"rgba(0, 255, 0, 1.0)",0.16929691251786977,22.945877986955104,3.273078078056545,0,,,0.0,0.0,0.0,0.0,65.80668672282394,13.896833233578654,True,False,True,False,False,10.564682223434804
2025-08-08 00:00:00+00:00,23.63,23.63,23.45,23.52,12578,21.389768227942593,21.513561620282317,21.877117493000345,22.49353088867015,22.82335413988685,23.16321527944509,21.12953362079462,21.145436793030374,21.610485801441108,22.950055961763503,"rgba(0, 255, 0, 1.0)",0.17827021201836335,22.950055961763503,3.814120320709865,0,,,0.0,0.0,0.0,0.0,65.93574983235627,13.896833233578654,True,False,True,False,False,13.036716577222197
2025-08-11 00:00:00+00:00,23.61,23.63,23.477,23.63,6513,21.390884512229658,21.51472180759452,21.87833705388185,22.49482769470186,22.824845076928593,23.16657288523868,21.130572016382555,21.146513900101773,21.6116811621436,22.95216896437083,"rgba(0, 255, 0, 1.0)",0.18601819996942637,22.95216896437083,3.5363799657092088,0,,,0.0,0.0,0.0,0.0,65.48548309207095,13.896833233578654,True,False,True,False,False,12.509672239277165
2025-08-12 00:00:00+00:00,23.59,23.66,23.555,23.6599,4611,21.391684734016632,21.51555409189813,21.8792143369331,22.495768851847398,22.825938311261478,23.169086287041424,21.131315459454783,21.147285094276068,21.61253920776316,22.953753007469253,"rgba(0, 255, 0, 1.0)",0.19273654324315675,22.953753007469253,3.3011227752905006,0,,,0.0,0.0,0.0,0.0,64.62469381852739,13.896833233578654,True,False,True,False,False,11.978337341355068
2025-08-13 00:00:00+00:00,23.7,23.7,23.3201,23.54,17738,21.394718353323825,21.518706266815094,21.882525524048386,22.499282236106428,22.829962943808884,23.177875012488688,21.134138520630184,21.15021312535378,21.61578626244891,22.959252541723124,"rgba(0, 255, 0, 1.0)",0.20234088916128892,22.959252541723124,3.660888618940555,0,,,0.0,0.0,0.0,0.0,65.7338385361148,13.896833233578654,True,False,True,False,False,14.055097226340159
2025-08-14 00:00:00+00:00,23.7,23.7,23.59,23.67,3742,21.395383629844204,21.51939907831527,21.883259477336455,22.500082331034157,22.830908529322933,23.180091203327883,21.134755173898967,21.150852819118697,21.61650130446149,22.960647255324268,"rgba(0, 255, 0, 1.0)",0.2112086999002147,22.960647255324268,3.5005790245621387,0,,,0.0,0.0,0.0,0.0,66.47326834783975,13.896833233578654,True,False,True,False,False,14.055097226340159
2025-08-15 00:00:00+00:00,23.65,23.65,23.537,23.62,2271,21.395778117398415,21.5198093269132,21.883691861369414,22.500546103013278,22.831446259401524,23.18128545009353,21.13512172557782,21.151233009849072,21.616924209607603,22.961395147385662,"rgba(0, 255, 0, 1.0)",0.21789870919326196,22.961395147385662,3.160206203899944,0,,,0.0,0.0,0.0,0.0,65.38874512582208,13.896833233578654,True,False,True,False,False,12.687496668489842
2025-08-18 00:00:00+00:00,23.69,23.71,23.5401,23.58,19785,21.399262164951868,21.523435216676777,21.887524379533776,22.504694580948897,22.836304656344442,23.19222491253092,21.138354787894663,21.154586460092546,21.62066432490674,23.025348044954793,"rgba(0, 255, 0, 1.0)",0.22580983058245488,23.025348044954793,2.9434146127774956,0,,,0.0,0.0,0.0,0.0,65.3737164998604,13.896833233578654,True,False,True,False,False,13.458984458532424
2025-08-19 00:00:00+00:00,23.5909,23.71,23.5909,23.66,11301,21.401233162153844,21.525485085442373,21.88968604274849,22.507017486976526,22.838999212461143,23.198032433662263,21.14018592027022,21.156485528667645,21.622777536825485,23.080015192976507,"rgba(0, 255, 0, 1.0)",0.230380888612063,23.080015192976507,2.2175659192102954,0,,,0.0,0.0,0.0,0.0,62.40196803676727,16.820162173307708,True,False,True,False,False,10.774267754784866
2025-08-20 00:00:00+00:00,23.66,23.66,23.6,23.64,4453,21.40201212048869,21.526295314266008,21.890540935055014,22.507937800578574,22.84006849835116,23.2003275778759,21.14090943401547,21.157235870076715,21.623612890957723,23.081483962701252,"rgba(0, 255, 0, 1.0)",0.2363840170623661,23.081483962701252,2.447356824239583,0,,,0.0,0.0,0.0,0.0,61.79155119429343,16.10166567363018,True,False,True,False,False,12.131848054084685
2025-08-21 00:00:00+00:00,23.52,23.62,23.3,23.3,7890,21.403292400672743,21.52762083159404,21.891915272660285,22.509334832685234,22.841578553015754,23.20287743459977,21.14210834727907,21.15847863564512,21.62497399442411,23.078915458951148,"rgba(0, 255, 255, 0.75)",0.2389623127111945,23.078915458951148,1.8458330773770955,0,,,0.0,0.0,0.0,0.0,57.87385016100826,12.315659006745747,False,False,True,False,False,8.483622662666257
2025-08-22 00:00:00+00:00,23.6885,23.6885,23.455,23.55,7005,21.40449919046441,21.52887482406863,21.893233696401467,22.51073831797133,22.84318644735811,23.20615183452117,21.143231186745574,21.159642929902105,21.626265758342445,23.08114669166691,"rgba(0, 255, 0, 1.0)",0.24467522339935419,23.08114669166691,2.4822836570656026,0,,,0.0,0.0,0.0,0.0,58.378493141157364,12.315659006745747,False,False,True,False,False,11.73675688090908
2025-08-25 00:00:00+00:00,23.69,23.69,23.455,23.455,21169,21.408139733916588,21.532657026856008,21.89720800122439,22.514961809635825,22.848011156100576,23.215758715164803,21.146619563572962,21.163156132272217,21.63016121692233,23.08724017571031,"rgba(0, 255, 0, 1.0)",0.25058343234919594,23.08724017571031,2.4054256845270063,0,,,0.0,0.0,0.0,0.0,58.739682844282235,12.315659006745747,False,False,True,False,False,11.764849823128689
2025-08-26 00:00:00+00:00,23.6412,23.7,23.6,23.62,6390,21.40925391348661,21.533815405639015,21.898428757545478,22.516271284384505,22.84952260548651,23.218821164951123,21.14765520209369,21.164229941601796,21.631355038134053,23.08945535366957,"rgba(0, 255, 0, 1.0)",0.25407386958248357,23.08945535366957,2.1715914636837916,0,,,0.0,0.0,0.0,0.0,57.76278334529759,12.028235391163662,False,False,True,False,False,10.504368070270107
2025-08-27 00:00:00+00:00,23.6453,23.67,23.3301,23.4588,7481,21.410499503442168,21.535106748836725,21.899775312760553,22.51766714957609,22.851066996237204,23.221538806912935,21.148818783680614,21.165436031404695,21.632682613246416,23.09044499366087,"rgba(0, 255, 0, 1.0)",0.25856661644886164,23.09044499366087,2.145888026689112,0,,,0.0,0.0,0.0,0.0,57.19467990327249,11.319581899754795,False,False,True,False,False,10.584595050222362
2025-08-28 00:00:00+00:00,23.7,23.7,23.61,23.61,9562,21.412179852655886,21.536854386462288,21.901619881958602,22.519655525797692,22.85337335785528,23.2262151529435,21.150379640181246,21.167054375143504,21.634484283239477,23.093977727087864,"rgba(0, 255, 0, 1.0)",0.2630055688087101,23.093977727087864,2.3042184074547434,0,,,0.0,0.0,0.0,0.0,57.936664021932984,11.319581899754795,False,False,True,False,False,11.657260707462388
2025-08-29 00:00:00+00:00,23.48,23.66,23.36,23.62,30919,21.41718842312846,21.54203709018472,21.90698726397874,22.52509503355954,22.859208780017823,23.235145450086637,21.155073874668858,21.17191859845588,21.639803553594767,23.096332666703788,"rgba(38, 166, 154, 1.0)",0.26348744747073033,23.096332666703788,1.4561123764305044,0,,,0.0,0.0,0.0,0.0,53.42215148792421,7.558094247750574,False,True,False,False,False,6.113827624965296
2025-09-02 00:00:00+00:00,23.42,23.49,23.31,23.36,16457,21.419725484341424,21.544653536555323,21.909662921691286,22.527690904072205,22.861825839295694,23.238072461227844,21.15746565111019,21.17439591206019,21.642481011602175,23.09596850501308,"rgba(38, 166, 154, 1.0)",0.261703166902298,23.09596850501308,1.2381642103241854,0,,,0.0,0.0,0.0,0.0,49.36894508374561,3.8398466099180837,False,True,False,False,False,4.69507130179986
2025-09-03 00:00:00+00:00,23.47,23.54,23.35,23.35,8846,21.42111850524477,21.54609207399002,21.911141916588992,22.529153680948493,22.86334185899644,23.240029062555855,21.158775815974984,21.175753044958807,21.643954835027845,23.09651893099684,"rgba(38, 166, 154, 1.0)",0.2614494767395522,23.09651893099684,1.4285018798305298,0,,,0.0,0.0,0.0,0.0,47.85561728690988,2.5610480081653435,False,True,False,True,False,5.725408937050126
2025-09-04 00:00:00+00:00,23.5,23.5,23.3201,23.5,36518,21.426811517269826,21.551966500886945,21.917165215828234,22.53505748414249,22.869379638882364,23.247262401957038,21.16413738061904,21.181305868347064,21.64996921769428,23.098831809553964,"rgba(0, 255, 255, 0.75)",0.2620273567034898,23.098831809553964,1.531016438485841,0,,,0.0,0.0,0.0,0.0,47.55531067865302,2.317928038258202,False,True,False,True,False,6.34145552788689
2025-09-05 00:00:00+00:00,23.62,23.62,23.425,23.5,8625,21.4282279539548,21.553432795686966,21.918687781696175,22.53661644197857,22.871070846714503,23.24986878553762,21.165463806435955,21.182679939036284,21.65147470298012,23.10058826260902,"rgba(0, 255, 255, 0.75)",0.2647678939027483,23.10058826260902,1.961762545053014,0,,,0.0,0.0,0.0,0.0,49.91820004105368,2.317928038258202,False,True,False,False,False,8.746282076646104
2025-09-08 00:00:00+00:00,23.68,23.68,23.58,23.59,6002,21.429254953620646,21.554498573178,21.919804903324312,22.5377958837417,22.872399895073524,23.252193726215364,21.166421352927365,21.183672105765694,21.652571325912977,23.102391084538063,"rgba(0, 255, 0, 1.0)",0.26804212492129187,23.102391084538063,2.15491843168885,0,,,0.0,0.0,0.0,0.0,52.60981258258653,-2.4186866680064156,False,True,False,False,True,9.909472676954433
2025-09-09 00:00:00+00:00,23.68,23.7,23.54,23.645,20949,21.43282133400469,21.55819817921967,21.92367773098849,22.54186833217865,22.87696360343529,23.259965722902965,21.169748760707044,21.18711949239721,21.656376715627932,23.108278481158273,"rgba(0, 255, 0, 1.0)",0.2693523006163302,23.108278481158273,2.1225789329941405,0,,,0.0,0.0,0.0,0.0,54.40422094360843,-0.7463237658575963,False,True,True,False,True,9.909472676954422
2025-09-10 00:00:00+00:00,23.65,23.7,23.5801,23.69,9521,21.434440865499948,21.559877970821205,21.925435555352326,22.54371491166088,22.879028923822293,23.263426331213648,21.171260116650153,21.18868522667807,21.658104321860993,23.110872656510203,"rgba(0, 255, 255, 0.75)",0.26987085342786565,23.110872656510203,1.9977234912250348,0,,,0.0,0.0,0.0,0.0,54.773851075276404,-0.3491792496719839,False,True,True,False,True,9.140407593791807
2025-09-11 00:00:00+00:00,23.76,23.86,23.675,23.7,23685,21.438680711848146,21.564288271858754,21.930101380723304,22.548786974612188,22.884928745159286,23.274441245531367,21.175196449259463,21.19276416933285,21.662651527754022,23.11976866379889,"rgba(0, 255, 0, 1.0)",0.2715990544692135,23.11976866379889,2.3572664398715104,0,,,0.0,0.0,0.0,0.0,57.20166506188961,2.0377305141092705,False,True,True,False,True,11.299134181017482
2025-09-12 00:00:00+00:00,23.91,23.97,23.772,23.835,112155,21.459566244885067,21.586051392469688,21.95329004642439,22.574538651533736,22.91546937058919,23.331858453719203,21.194524064933187,21.212790522620367,21.685123832191053,23.222137322015527,"rgba(0, 255, 0, 1.0)",0.2792651455525123,23.222137322015527,2.4631168226295146,0,,,0.0,0.0,0.0,0.0,61.10648316769256,5.732184027122578,True,False,True,False,True,14.077741008770868
2025-09-15 00:00:00+00:00,23.89,23.89,23.6708,23.88,13292,21.46195004322535,21.588529115829395,21.955907613394004,22.577371965355486,22.91872347118951,23.337213776054284,21.19673973884722,21.2150851056086,21.687676713450877,23.22561853341537,"rgba(0, 255, 0, 1.0)",0.2860756592199853,23.22561853341537,2.322397747491463,0,,,0.0,0.0,0.0,0.0,63.116376345909565,7.577785671622294,True,False,True,False,True,13.552215434819328
2025-09-16 00:00:00+00:00,23.92,23.92,23.67,23.67,8904,21.46355755744094,21.590200479401616,21.957675500667712,22.579292819275896,22.92093781128112,23.340880398092306,21.198233036443934,21.216631573471485,21.689399229110332,23.228131087150917,"rgba(0, 255, 0, 1.0)",0.2938849788721368,23.228131087150917,2.354216658178036,0,,,0.0,0.0,0.0,0.0,64.90406503284677,9.256258699407937,True,False,True,False,True,14.102125888678831
2025-09-17 00:00:00+00:00,23.81,23.89,23.75,23.85,4142,21.4642983102409,21.590970210317614,21.958488020212865,22.58017019333077,22.921941832639092,23.342499700090183,21.198921857969765,21.217344857532638,21.690192120908428,23.229201517827544,"rgba(0, 255, 255, 0.75)",0.29739506993653997,23.229201517827544,1.9529526239166943,0,,,0.0,0.0,0.0,0.0,62.86529646302,9.256258699407937,True,False,True,False,True,11.21533310163905
2025-09-18 00:00:00+00:00,23.87,23.88,23.63,23.88,8623,21.46582366556343,21.592554182611433,21.960156070902855,22.58195837129759,22.923970522861236,23.345671561829754,21.20034194351358,21.2188152306406,21.691822811979822,23.231207513249068,"rgba(0, 255, 0, 1.0)",0.3002700963131315,23.231207513249068,2.1273929525262467,0,,,0.0,0.0,0.0,0.0,62.581341645628335,9.256258699407937,True,False,True,False,True,12.345167028290692
2025-09-19 00:00:00+00:00,23.7,23.85,23.67,23.78,4869,21.466664363440746,21.593425920502703,21.96106923792884,22.582921392359722,22.9250418426229,23.347231888562625,21.201126633441255,21.219627555504808,21.692719129893742,23.232069076870022,"rgba(0, 255, 255, 0.75)",0.2985706556929441,23.232069076870022,1.5672368138254222,0,,,0.0,0.0,0.0,0.0,58.338360608940185,14.145951838362805,False,False,True,False,False,8.089980782238257
2025-09-22 00:00:00+00:00,23.78,23.89,23.62,23.775,14799,21.469241984775735,21.596099924125653,21.963875334475098,22.58589745094733,22.928373584935596,23.352176785644662,21.20353056407472,21.222116180424035,21.69546961350091,23.23505986858484,"rgba(0, 255, 255, 0.75)",0.2982030690341843,23.23505986858484,1.82741288739953,0,,,0.0,0.0,0.0,0.0,57.05019361385075,12.904441159381534,False,True,True,False,False,9.61945864691068
2025-09-23 00:00:00+00:00,23.72,23.84,23.718,23.84,4879,21.470089039176955,21.5969784331167,21.96479649433383,22.586872002591313,22.92946097683346,23.353765770267817,21.204320877280573,21.22293428457952,21.69637305323294,23.23602748909221,"rgba(0, 255, 255, 0.75)",0.295613529009604,23.23602748909221,1.6371798426453847,0,,,0.0,0.0,0.0,0.0,54.90841835056695,10.810929400181749,False,True,True,False,False,8.164583760308265
2025-09-24 00:00:00+00:00,23.72,23.7699,23.685,23.69,5226,21.470982032138135,21.597903688807538,21.965763244828032,22.587883526847243,22.93057444978953,23.355311004147996,21.205155477491044,21.223798122978447,21.697323763597907,23.236890415910274,"rgba(0, 255, 255, 0.75)",0.29276858979564774,23.236890415910274,1.6501414459349446,0,,,0.0,0.0,0.0,0.0,53.48056817504441,9.371624421299579,False,True,False,False,False,8.164583760308254
2025-09-25 00:00:00+00:00,23.68,23.76,23.6,23.74,13690,21.473271360202734,21.600272514020972,21.968226107444394,22.590420354357146,22.93331229836255,23.35881349123582,21.20730020491107,21.226017571469868,21.699754882325518,23.23859317513095,"rgba(0, 255, 255, 0.75)",0.288791533939506,23.23859317513095,1.5284617898858182,0,,,0.0,0.0,0.0,0.0,51.61870912807927,7.493325119074697,False,True,False,False,False,7.18374432570285
2025-09-26 00:00:00+00:00,23.63,23.675,23.63,23.63,3376,21.473826244397298,21.60084602904184,21.968819974228133,22.591024096723153,22.933952885622066,23.359572773682576,21.207821052420332,21.226556481107668,21.700342908135866,23.238912053519513,"rgba(38, 166, 154, 1.0)",0.28407589424691776,23.238912053519513,1.3767023334283812,0,,,0.0,0.0,0.0,0.0,49.27545408276933,5.170740706082562,False,True,False,False,False,5.965751338512707
2025-09-29 00:00:00+00:00,23.7,23.72,23.5801,23.675,15493,21.476394478311892,21.603501755891827,21.971575149963726,22.593842786472543,22.93696718092924,23.36326722354522,21.21022970947685,21.229048709842452,21.703066960607266,23.2407295351326,"rgba(0, 255, 255, 0.75)",0.2787245188863662,23.2407295351326,1.6477576737862771,0,,,0.0,0.0,0.0,0.0,49.48805086652066,5.170740706082562,False,True,False,False,False,7.397037756550368
2025-09-30 00:00:00+00:00,23.56,23.66,23.47,23.6,178948,21.504248411730277,21.632176051567896,22.000860214682376,22.622323529309792,22.96537849948944,23.38767319050738,21.236555658576265,21.256264714368104,21.732364115754713,23.286352772804143,"rgba(38, 166, 154, 1.0)",0.27153659583143286,23.286352772804143,1.0077729167884717,0,,,0.0,0.0,0.0,0.0,46.726437311847555,2.4686221740640093,False,True,False,True,False,4.052164743355956
2025-10-01 00:00:00+00:00,23.84,23.84,23.59,23.64,39029,21.510786097475915,21.638933858006084,22.00787746767153,22.629545222294166,22.973129951011536,23.39723627220709,21.24268995572734,21.262606886036917,21.739293539530184,23.295279300411874,"rgba(0, 255, 0, 1.0)",0.2684525158508042,23.295279300411874,2.0291137814884967,0,,,0.0,0.0,0.0,0.0,50.32226979452793,2.4686221740640093,False,True,False,False,True,9.48022145767088
2025-10-02 00:00:00+00:00,23.83,23.92,23.7213,23.92,7360,21.512051415606773,21.640243640247714,22.00924501711861,22.630977241174914,22.974698439529433,23.3993107184863,21.243874188662016,21.263831354334744,21.74063824797908,23.297275742126992,"rgba(0, 255, 0, 1.0)",0.26511556992110263,23.297275742126992,2.0094038914106145,0,,,0.0,0.0,0.0,0.0,52.512811331921796,-3.461207157229694,False,True,False,False,True,9.245330143718732
2025-10-03 00:00:00+00:00,23.85,24.0,23.77,23.98,23428,21.516156077502522,21.644496847039083,22.01370299302577,22.635701273172845,22.9799421209357,23.406537363258405,21.247708843144945,21.26779655783253,21.745008707519172,23.304319061081625,"rgba(0, 255, 0, 1.0)",0.25950826552593514,23.304319061081625,2.102749744068717,0,,,0.0,0.0,0.0,0.0,54.30606710731707,-1.725442631895632,False,True,True,False,True,9.616339672012305
2025-10-06 00:00:00+00:00,24.0,24.0,23.67,23.9732,10130,21.51793898837617,21.646344586437888,22.01564119126286,22.63776014110791,22.98223247113949,23.409703439380483,21.249373945538775,21.269518280568242,21.746907657172624,23.307368680137323,"rgba(0, 255, 0, 1.0)",0.25976748479470585,23.307368680137323,2.66635110398849,0,,,0.0,0.0,0.0,0.0,57.75383478997223,1.5626285351961116,False,False,True,False,True,12.322809383985412
2025-10-07 00:00:00+00:00,23.91,23.91,23.751,23.751,12696,21.52013871076598,21.64862208396418,22.018022033413118,22.640263260695072,22.98498299427066,23.413344781617393,21.251431826186533,21.27164580399027,21.74924630724602,23.310759320454626,"rgba(0, 255, 0, 1.0)",0.2587336880715334,23.310759320454626,2.3160520147639203,0,,,0.0,0.0,0.0,0.0,57.988629614081916,1.838934717454734,False,False,True,False,True,10.164480523874477
2025-10-08 00:00:00+00:00,24.0,24.0,23.71,24.0,3302,21.52072147082708,21.64922606262783,22.01865581465944,22.64093732016746,22.985733382796248,23.41438002742844,21.25197601960683,21.272208467400326,21.7498670505082,23.311744191871128,"rgba(0, 255, 0, 1.0)",0.25971226822344223,23.311744191871128,2.6500704523389493,0,,,0.0,0.0,0.0,0.0,59.46483491776679,3.39177510278671,False,False,True,False,True,11.759475451372154
2025-10-09 00:00:00+00:00,24.03,24.03,23.7231,23.875,7985,21.522143942423714,21.650701060334693,22.020206476990868,22.642595787684346,22.98759098988802,23.416989365205026,21.253303168340533,21.273580715507865,21.75138364211142,23.314244404494318,"rgba(0, 255, 0, 1.0)",0.2630149584942475,23.314244404494318,2.7213493848538586,0,,,0.0,0.0,0.0,0.0,60.87195695042598,4.903551878728692,True,False,True,False,True,12.284253400151194
2025-10-10 00:00:00+00:00,24.06,24.06,23.8195,23.845,13309,21.52456241580268,21.65321146417407,22.022855938231668,22.645462311931023,22.99084172408591,23.421718008903248,21.255555333387004,21.27590962525145,21.753967172858665,23.318833416798924,"rgba(0, 255, 0, 1.0)",0.2624855557680897,23.318833416798924,2.8236471185329055,0,,,0.0,0.0,0.0,0.0,62.243512458830466,6.399277029592994,True,False,True,False,True,12.810838708526415
2025-10-13 00:00:00+00:00,23.8,23.93,23.72,23.72,3819,21.525209454569737,21.653880373543505,22.023551597509304,22.646182286097684,22.991617342033756,23.422667842951853,21.256162236928706,21.276536880731882,21.754653145101308,23.319660024528478,"rgba(0, 255, 255, 0.75)",0.25801316285191084,23.319660024528478,1.8616878695728356,0,,,0.0,0.0,0.0,0.0,57.64468608739911,6.399277029592994,False,False,True,False,False,6.741247779580309
2025-10-14 00:00:00+00:00,23.85,23.9618,23.73,23.84,9933,21.52691310653034,21.65564282095174,22.025389277503358,22.648099606540455,22.993702441781625,23.425307263164807,21.257758260555715,21.27818652292565,21.756461630036323,23.322007683417418,"rgba(0, 255, 0, 1.0)",0.2540350276193892,23.322007683417418,2.078423284893034,0,,,0.0,0.0,0.0,0.0,55.456709025203075,11.545380569161452,False,True,True,False,False,7.654706917536878
2025-10-15 00:00:00+00:00,24.0,24.0,23.8677,23.87,8248,21.528391999853206,21.657176575908927,22.027003227606485,22.64983083975277,22.99564549901101,23.428031992140284,21.259137581413516,21.279612571430306,21.758038857518773,23.324575974029944,"rgba(0, 255, 0, 1.0)",0.25456766998408786,23.324575974029944,2.653219970989538,0,,,0.0,0.0,0.0,0.0,56.3505417889599,11.545380569161452,False,False,True,False,False,10.305016255568248
2025-10-16 00:00:00+00:00,23.935,23.98,23.8266,23.91,10441,21.530229152877112,21.659079750076533,22.02899799575604,22.651945496007528,22.99798677875374,23.43116982574264,21.260854434916652,21.281387286408847,21.75999407914014,23.32745216354323,"rgba(0, 255, 0, 1.0)",0.25557735336351783,23.32745216354323,2.377158337627152,0,,,0.0,0.0,0.0,0.0,55.69950581328114,11.545380569161452,False,True,True,False,False,8.845975037827035
2025-10-17 00:00:00+00:00,24.13,24.15,23.7801,24.13,8333,21.531758577728603,21.660667788957053,22.03067650574705,22.653769703316378,23.00006242375932,23.434189655327955,21.26227783856823,21.282859031821516,21.761628797516796,23.33033379988777,"rgba(0, 255, 0, 1.0)",0.2609158757026225,23.33033379988777,3.064843018688686,0,,,0.0,0.0,0.0,0.0,57.927803176025115,11.545380569161452,False,False,True,False,False,12.137375159816415
2025-10-20 00:00:00+00:00,23.9631,24.07,23.91,24.07,23252,21.535949558103912,21.665014639171606,22.035253681118938,22.658689684881736,23.0055901093009,23.441904361628474,21.266185820879105,21.286898972315043,21.766099200873843,23.33750650289918,"rgba(0, 255, 0, 1.0)",0.26121190213243395,23.33750650289918,2.394965512649744,0,,,0.0,0.0,0.0,0.0,56.46976115443756,11.545380569161452,False,False,True,False,False,8.508670461096823
2025-10-21 00:00:00+00:00,23.98,24.04,23.91,23.97,6671,21.537147161564114,21.666256400125036,22.036559971467984,22.660089862422883,23.007157472907526,23.444060086614204,21.267303148004714,21.288053924076667,21.76737591523086,23.339488777212615,"rgba(0, 255, 0, 1.0)",0.26147155650547155,23.339488777212615,2.449640149573905,0,,,0.0,0.0,0.0,0.0,55.7380472617824,11.363369776644376,False,True,True,False,False,8.793543788371348
2025-10-22 00:00:00+00:00,24.0,24.0497,23.9001,23.9861,6383,21.538295059620697,21.66744669410758,22.03781246849172,22.661433511402308,23.008662618126266,23.446131895729653,21.26837397810765,21.289160796670338,21.768599776764034,23.341392315221725,"rgba(0, 255, 0, 1.0)",0.26246547646679547,23.341392315221725,2.5093116765076546,0,,,0.0,0.0,0.0,0.0,55.5521172696852,10.924611291673529,False,True,True,False,False,9.134315234816281
2025-10-23 00:00:00+00:00,23.99,24.12,23.9008,24.08,23109,21.542476398660053,21.671783569520507,22.042380810628625,22.666349795017755,23.01418611748429,23.453780305654714,21.272272739768923,21.293190710579125,21.773059935100758,23.34842177431335,"rgba(0, 255, 0, 1.0)",0.26274938209326454,23.34842177431335,2.441787762069465,0,,,0.0,0.0,0.0,0.0,55.22995782620009,10.30448718115025,False,True,True,False,False,8.913951078891738
2025-10-24 00:00:00+00:00,24.09,24.1,23.99,24.08,12420,21.544769182046277,21.674164006216213,22.044897673728784,22.669088029441607,23.01729725722581,23.458217730020177,21.274406726013225,21.295396626353497,21.77551013988601,23.352542805293474,"rgba(0, 255, 0, 1.0)",0.2645376956027715,23.352542805293474,2.7877206423310184,0,,,0.0,0.0,0.0,0.0,56.619425725010714,10.30448718115025,False,False,True,False,False,10.634221571762605
2025-10-27 00:00:00+00:00,24.09,24.15,23.9119,24.06,47470,21.55346149870637,21.683183069919068,22.054415242351546,22.679385497039735,23.028914264222383,23.4743405765292,21.28250560844865,21.30376700035746,21.7847885888944,23.367274578090296,"rgba(0, 255, 0, 1.0)",0.26641751931400964,23.367274578090296,2.7127548660111684,0,,,0.0,0.0,0.0,0.0,57.54573765755113,10.30448718115025,False,False,True,False,False,10.634221571762605
