date,Close,High,Low,Open,Volume,aVWAP_BoS_CHoCH_bull_56,aVWAP_BoS_CHoCH_bull_83,aVWAP_BoS_CHoCH_bull_113,aVWAP_BoS_CHoCH_bear_28,aVWAP_BoS_CHoCH_bear_41,aVWAP_BoS_CHoCH_bear_127,Peaks_Valleys_avg,color,StDev,StDev_Mean,StdDev_ZScore,MA_Cross_Count,MA_Avg_Deviation_Z,MA_Oscillation_Score,BoS,CHoCH,BoS_CHoCH_Price,BoS_CHoCH_Break_Index,QQEMOD,QQE1_Value,QQE1_Above_Upper,QQE1_Below_Lower,QQE2_Above_Threshold,QQE2_Below_Threshold,QQE2_Above_TL,banker_RSI
2021-12-31 00:00:00+00:00,11.5400894164,11.5594845247,10.696402207,11.5303918623,111952,,,,,,,,#000000,,,,0,,,0.0,0.0,0.0,0.0,,,False,False,False,False,False,
2022-01-07 00:00:00+00:00,11.7339783965,11.8990103854,11.4916016458,11.6467625119,29172,,,,,,,,"rgba(38, 166, 154, 0.5)",,,,0,,,0.0,0.0,0.0,0.0,100.0,,False,False,True,False,False,
2022-01-14 00:00:00+00:00,11.5784656159,11.8504429961,11.5493251823,11.6853138724,81005,,,,,,,,"rgba(38, 166, 154, 0.5)",,,,0,,,0.0,0.0,0.0,0.0,86.79482469777427,-9.423288860015766,False,False,True,False,True,
2022-01-21 00:00:00+00:00,11.3647691028,11.8018756068,11.3356286692,11.6076060495,237004,,,,,,,,"rgba(38, 166, 154, 0.5)",,,,0,,,0.0,0.0,0.0,0.0,71.1403432507237,-9.423288860015766,False,False,True,False,True,
2022-01-28 00:00:00+00:00,11.1704995455,11.6561734388,10.4517021835,11.3162017135,176599,,,,,,,,"rgba(38, 166, 154, 0.5)",,11.092791722600001,,0,,,0.0,0.0,0.0,0.0,57.37217367710213,-9.423288860015766,False,False,True,False,False,
2022-02-04 00:00:00+00:00,10.990800205,11.5200876139,10.9276625989,11.1025052005,40213,,,,,,,,#000000,,11.102694506775922,,0,,,0.0,0.0,0.0,0.0,46.10198144093328,-9.423288860015766,False,False,False,False,False,
2022-02-11 00:00:00+00:00,11.2384938906,11.3744825807,10.9277597336,10.9277597336,18050,,,,,,,,"rgba(239, 83, 80, 0.5)",,11.108654575463817,,0,,,0.0,0.0,0.0,0.0,43.78156535607539,-9.423288860015766,False,False,False,True,False,
2022-02-18 00:00:00+00:00,11.3113449746,11.3162017135,10.9276625989,11.1704995455,31302,,,,,,,,"rgba(239, 83, 80, 0.5)",,11.11764132115215,,0,,,0.0,0.0,0.0,0.0,43.39098286359913,-9.423288860015766,False,False,False,True,False,
2022-02-25 00:00:00+00:00,10.9762299882,11.3647691028,10.5735091959,11.2070222223,49484,,,,,,,,"rgba(239, 83, 80, 0.5)",,11.094731242690575,,0,,,0.0,0.0,0.0,0.0,39.95450165821288,33.26364478306205,False,False,False,True,False,
2022-03-04 00:00:00+00:00,10.8013873866,11.4521904036,10.6945391301,11.0830782447,134637,,,,,,,,"rgba(239, 83, 80, 0.5)",,11.061235143429023,,0,,,0.0,0.0,0.0,0.0,36.360635398913246,28.11888468351097,False,False,False,True,False,
2022-03-11 00:00:00+00:00,10.5196965285,10.8305278202,10.3739943605,10.8305278202,56067,,,,,,,,"rgba(239, 83, 80, 0.5)",,11.007366792300962,,0,,,0.0,0.0,0.0,0.0,32.38597240811818,22.52171033351064,False,False,False,True,False,
2022-03-18 00:00:00+00:00,11.1122186783,11.1122186783,10.3545674048,10.5294100064,71067,,,,,,,,"rgba(239, 83, 80, 0.5)",,10.924428376316786,,0,,,0.0,0.0,0.0,0.0,35.94043781552237,22.52171033351064,False,False,False,True,False,
2022-03-25 00:00:00+00:00,10.626544785,11.1219321562,10.412848272,10.9568030325,19261,,,,,,,,"rgba(239, 83, 80, 0.5)",,10.905246852514477,,0,,,0.0,0.0,0.0,0.0,35.88993955727039,22.470118360437112,False,False,False,True,False,
2022-04-01 00:00:00+00:00,11.5784656159,11.6561734388,10.4225617499,10.6653986965,402183,,,,,,,,"rgba(239, 83, 80, 0.5)",,11.147779648793444,,0,,,0.0,0.0,0.0,0.0,41.323767433553286,22.470118360437112,False,False,False,True,False,
2022-04-08 00:00:00+00:00,11.3647691028,11.6464599609,11.1612151905,11.6464599609,5655,,,,,,,,"rgba(239, 83, 80, 0.5)",,11.15008304205457,,0,,,0.0,0.0,0.0,0.0,44.155700367169686,22.470118360437112,False,False,False,True,False,
2022-04-15 00:00:00+00:00,10.8077202748,11.3842293239,10.5863602602,11.1896271132,15056,,,,,,,,"rgba(239, 83, 80, 0.5)",,11.14363473197484,,0,,,0.0,0.0,0.0,0.0,43.87421673991744,22.470118360437112,False,False,False,True,False,
2022-04-22 00:00:00+00:00,10.5377097075,10.8490732446,10.5377097075,10.8489759435,10160,,,,,,,,"rgba(239, 83, 80, 0.5)",,11.134501378323419,,0,,,0.0,0.0,0.0,0.0,42.741024644829295,22.287620298881947,False,False,False,True,False,
2022-04-29 00:00:00+00:00,9.944172965,10.7031215866,9.7690309754,10.5377097075,83235,,,,,,,,"rgba(239, 83, 80, 0.5)",,11.00881823472132,,0,,,0.0,0.0,0.0,0.0,40.208779714059254,18.045775271151584,False,False,False,True,False,
2022-05-06 00:00:00+00:00,9.3506362224,9.8274116386,9.3506362224,9.7301105332,71164,,,,,,,,"rgba(239, 83, 80, 0.5)",,10.865573498405915,,0,,,0.0,0.0,0.0,0.0,37.05138317697878,13.317183227377882,False,False,False,True,False,
2022-05-13 00:00:00+00:00,8.1635627374,9.3019856698,7.8055919709,9.3019856698,129756,,,,,,,,"rgba(239, 83, 80, 0.5)",,9.98712397998855,,0,,,0.0,0.0,0.0,0.0,32.88067719968416,7.761213047617069,False,False,False,True,False,
2022-05-20 00:00:00+00:00,8.5722273798,8.6792585957,8.0857218531,8.0857218531,10204,,,,,,,,"rgba(239, 83, 80, 0.5)",,9.970113056530456,,0,,,0.0,0.0,0.0,0.0,31.633684927998004,5.133064388151624,False,False,False,True,False,
2022-05-27 00:00:00+00:00,8.8835909168,8.922511359,8.4651961639,8.922511359,21924,,,,,,,,"rgba(239, 83, 80, 0.5)",,9.950879813973033,,0,,,0.0,0.0,0.0,0.0,31.968193786256393,4.061241036137602,False,False,False,True,False,
2022-06-03 00:00:00+00:00,8.2705939533,8.94197158,8.2705939533,8.9127812484,36188,,,,,,,,"rgba(239, 83, 80, 0.5)",,9.89741159838511,,0,,,0.0,0.0,0.0,0.0,31.154328821663093,1.869957350026283,False,False,False,True,False,
2022-06-10 00:00:00+00:00,7.8911196425,8.2705939533,7.7840884266,8.2705939533,64712,,,,,,,,"rgba(239, 83, 80, 0.5)",,9.755164526488512,,0,,,0.0,0.0,0.0,0.0,29.996124943348548,-0.6031751581108438,False,False,False,True,False,
2022-06-17 00:00:00+00:00,7.578491191,7.9591331151,7.4240743369,7.8911196425,87865,,,,,,,,"rgba(239, 83, 80, 0.5)",,9.561474490983732,,0,,,0.0,0.0,0.0,0.0,28.722273138362677,-3.1172413606341536,False,False,False,True,False,
2022-06-24 00:00:00+00:00,7.3754237842,7.8521992003,7.2091361952,7.5894862159,43148,,,,,,,,"rgba(239, 83, 80, 0.5)",,9.472384032994935,,0,,,0.0,0.0,0.0,0.0,27.530820231278327,-5.476833420930113,False,False,False,True,False,
2022-07-01 00:00:00+00:00,7.2002817946,7.3559635631,7.0348699155,7.2100119051,53358,,,,,,,,"rgba(239, 83, 80, 0.5)",,9.356661137732463,,0,,,0.0,0.0,0.0,0.0,26.438250313685074,-7.6695153720168605,False,False,False,True,False,
2022-07-08 00:00:00+00:00,6.9463931329,7.1613613525,6.8694580365,7.1321710209,40896,,,,,,,,"rgba(239, 83, 80, 0.5)",,9.267888914180215,,0,,,0.0,0.0,0.0,0.0,25.31400892747883,-9.822864244219318,False,False,False,True,False,
2022-07-15 00:00:00+00:00,6.8976122823,7.0732233446,6.8098067511,6.9366369628,50325,,,,,,,6.926880792666666,"rgba(239, 83, 80, 0.5)",,8.410968155564843,,0,,,-1.0,0.0,6.809807,39.0,24.444485966901343,-11.664981943548291,False,False,False,True,False,
2022-07-22 00:00:00+00:00,6.9073684524,7.0927356849,6.8098067511,6.9268807927,78618,,,,,,,6.9347331011636175,"rgba(239, 83, 80, 0.5)",,7.702695807455498,,0,,,0.0,0.0,0.0,0.0,23.872505544933652,-13.167364596945454,False,False,False,True,False,
2022-07-29 00:00:00+00:00,7.2390782369,7.248834407,6.8311727637,6.9171246225,166420,,,,,,,7.041256050288275,"rgba(239, 83, 80, 0.5)",,7.659510827029478,,0,,,0.0,0.0,0.0,0.0,25.1158429257029,-13.167364596945454,False,False,False,True,False,
2022-08-05 00:00:00+00:00,7.1512727057,7.310883649,7.0732233446,7.310883649,11848,,,,,,,7.04702557027995,"rgba(239, 83, 80, 0.5)",,7.6570532089517265,,0,,,0.0,0.0,0.0,0.0,25.83697782208815,-13.167364596945454,False,False,False,True,False,
2022-08-12 00:00:00+00:00,7.3073714278,7.3171275979,7.1317603654,7.2000535563,12888,,,,,,,7.056011674643784,"rgba(239, 83, 80, 0.5)",,7.656322326662571,,0,,,0.0,0.0,0.0,0.0,27.13648114614227,-13.167364596945454,False,False,False,True,False,
2022-08-19 00:00:00+00:00,7.4537139797,7.7951799343,7.0733209063,7.3171275979,82925,,,,7.4407382734333325,,,7.140657639605335,"rgba(239, 83, 80, 0.5)",,7.319364034857347,,0,,,0.0,0.0,0.0,81.0,28.79488470595609,-13.167364596945454,False,False,False,True,False,
2022-08-26 00:00:00+00:00,7.3717621506,7.5412268258,7.1220041953,7.3734206996,206879,,,,7.372393084454209,,,7.212869380946351,"rgba(239, 83, 80, 0.5)",,7.328472367095177,,0,,,0.0,0.0,0.0,0.0,29.776617074518448,-13.167364596945454,False,False,False,True,False,
2022-09-02 00:00:00+00:00,7.3951769589,7.5317633408,7.1805412161,7.3366399382,19745,,,,7.37218689003569,,,7.217966595387198,"rgba(239, 83, 80, 0.5)",,7.330321988415561,,0,,,0.0,0.0,0.0,0.0,30.60476346337976,-13.167364596945454,False,False,False,True,False,
2022-09-09 00:00:00+00:00,7.2195658966,7.3171275979,7.0634671745,7.1415165355,16996,,,,7.363227701747383,,,7.2174624748530505,"rgba(239, 83, 80, 0.5)",,7.32665763738349,,0,,,0.0,0.0,0.0,0.0,30.729195377968246,-13.167364596945454,False,False,False,True,False,
2022-09-16 00:00:00+00:00,7.1805412161,7.4146892992,7.1805412161,7.3171275979,68789,,,,7.345020608087147,,,7.221523758840334,"rgba(239, 83, 80, 0.5)",,7.320565727513703,,0,,,0.0,0.0,0.0,0.0,30.713668973899992,-13.167364596945454,False,False,False,True,False,
2022-09-23 00:00:00+00:00,7.1122480252,7.3951769589,7.0537110044,7.2293220667,130781,,,,7.3057513135243495,,,7.2159742268935565,"rgba(239, 83, 80, 0.5)",,7.300447150873706,,0,,,0.0,0.0,0.0,0.0,30.51329945214205,-13.167364596945454,False,False,False,True,False,
2022-09-30 00:00:00+00:00,6.8098067511,7.1415165355,6.8098067511,7.102491855,23269,,,,7.289428882646644,,,7.207813198977183,"rgba(239, 83, 80, 0.5)",,7.289956135767996,,0,,,0.0,0.0,0.0,0.0,29.573140023165333,-13.673891823063485,False,False,False,True,False,
2022-10-07 00:00:00+00:00,6.9932227496,7.1220041953,6.9171246225,7.1122480252,18283,,,,7.2804544891627225,,,7.203628397615978,"rgba(239, 83, 80, 0.5)",,7.284145124925207,,0,,,0.0,0.0,0.0,0.0,30.08590905454772,-13.673891823063485,False,False,False,True,False,
2022-10-14 00:00:00+00:00,6.8562925139,6.944319094,6.4063788825,6.8623565672,23189,,,,7.259073377145752,,,7.0394623176359845,"rgba(239, 83, 80, 0.5)",,7.094365082513427,,0,,,0.0,-1.0,6.4063787,70.0,30.061662770202616,-14.051728353730148,False,False,False,True,False,
2022-10-21 00:00:00+00:00,6.699800816,6.9736612873,6.6900200849,6.8367310517,18108,,,,7.24506052544125,,,7.0416902730611675,"rgba(239, 83, 80, 0.5)",,7.092532836156188,,0,,,0.0,0.0,0.0,0.0,29.61016923928551,-14.900365990803692,False,False,False,True,False,
2022-10-28 00:00:00+00:00,6.6508971604,6.7486066643,6.611774236,6.6704586227,73588,,,,7.18310743766297,,,6.997112620485217,"rgba(239, 83, 80, 0.5)",,7.043611324779655,,0,,,0.0,0.0,0.0,0.0,29.151967663810602,-15.723346010925688,False,False,False,True,False,
2022-11-04 00:00:00+00:00,6.7584852027,7.2181795653,6.611774236,6.7829370305,22483,,,,7.172893505287983,,,7.001651840193996,"rgba(239, 83, 80, 0.5)",,6.976926245507357,,0,,,0.0,0.0,0.0,0.0,29.602668175253235,-15.723346010925688,False,False,False,True,False,
2022-11-11 00:00:00+00:00,6.7291430094,7.0714685985,6.6704586227,6.8465117828,24263,,,,7.161275863687724,,,7.001446613704481,"rgba(239, 83, 80, 0.5)",,6.970578966167749,,0,,,0.0,0.0,0.0,0.0,29.828623529428455,-15.723346010925688,False,False,False,True,False,
2022-11-18 00:00:00+00:00,6.5530898492,6.8073888583,6.5530898492,6.8073888583,20381,,,,7.147046018034071,,,6.991115794417152,"rgba(239, 83, 80, 0.5)",,6.946063531501014,,0,,,0.0,0.0,0.0,0.0,29.41985763547094,-16.40046320421476,False,False,False,True,False,
2022-11-25 00:00:00+00:00,6.5237476559,6.7487044716,6.5139669248,6.6019935048,28145,,,,7.1270877471374305,,,6.975865073432163,"rgba(239, 83, 80, 0.5)",,6.919319573186193,,0,,,0.0,0.0,0.0,0.0,29.033854609655442,-17.053882191912912,False,False,False,True,False,
2022-12-02 00:00:00+00:00,6.533528387,6.5433091181,6.4458930362,6.5237476559,217726,,,,6.991601201789081,,,6.873552610362076,"rgba(239, 83, 80, 0.5)",,6.670386613102448,,0,,,0.0,0.0,0.0,0.0,28.842847779210565,-17.50031279460974,False,False,False,True,False,
2022-12-09 00:00:00+00:00,7.2866446831,7.3257676076,6.5041861937,6.5726513115,143896,,,,6.997570101269851,,,6.9118526648953695,"rgba(239, 83, 80, 0.5)",,6.788418359759882,,0,,,0.0,0.0,0.0,0.0,33.900070472553615,-19.78063887800382,False,False,False,True,True,0.0
2022-12-16 00:00:00+00:00,7.3062061453,7.3942327254,7.2279602964,7.2867424904,694542,,,,7.115687052687104,,,7.085484843288665,"rgba(239, 83, 80, 0.5)",,7.085131083936741,,0,,,0.0,0.0,0.0,0.0,37.61947494777793,-16.22540366226759,False,False,False,True,True,0.0
2022-12-23 00:00:00+00:00,7.5018207677,7.5116014988,7.2377410275,7.3844519943,122585,,,,7.134568597158661,,,7.107767307114386,"rgba(239, 83, 80, 0.5)",,7.185016586174058,,0,,,0.0,0.0,0.0,0.0,41.336043674220406,-12.777700649066034,False,False,False,True,True,0.0
2022-12-30 00:00:00+00:00,7.3600001665,7.506613326,7.2866446831,7.4822593055,189928,,,,7.156676046322348,,,7.133673846046821,"rgba(239, 83, 80, 0.5)",,7.206809061047068,,0,,,0.0,0.0,0.0,0.0,43.24595634650823,-11.11380938269268,False,False,False,True,True,0.0
2023-01-06 00:00:00+00:00,7.4030353834,7.4626978432,7.2866446831,7.3453290698,20481,,,,7.15882576509472,,,7.136164151174445,"rgba(239, 83, 80, 0.5)",,7.209081802996295,,0,,,0.0,0.0,0.0,0.0,44.85469691115663,-9.713285617057991,False,False,False,True,True,0.0
2023-01-13 00:00:00+00:00,7.4030353834,7.4618674527,7.354008659,7.354008659,40075,,,,7.163319388738879,,,7.141307595360729,#000000,,7.214433566557356,,0,,,0.0,0.0,0.0,0.0,46.00379731447692,-8.715067901785801,False,False,False,False,True,0.0
2023-01-20 00:00:00+00:00,7.5305048668,7.5795315912,7.3883273661,7.4030353834,65784,,,,7.173048322380109,,,7.152110499477604,#000000,,7.2289368201202375,,0,,,0.0,0.0,0.0,0.0,47.598958232434654,-7.248929635561602,False,False,False,False,True,0.0
2023-01-27 00:00:00+00:00,7.6971957298,7.8246652132,7.5501155566,7.5697262464,66692,,,,7.1878036090922865,7.6906588332000005,,7.298677955713042,#000000,,7.386966167610011,,0,,,0.0,1.0,7.824665,81.0,49.694772899728534,-5.290764552681402,False,False,False,False,True,0.0
2023-02-03 00:00:00+00:00,7.6481690054,7.7462224542,7.5010888322,7.7168064195,12697,,,,7.190200382365742,7.6812495852754905,,7.298268734334921,#000000,,7.387405791702086,,0,,,0.0,0.0,0.0,0.0,50.85708817518174,-4.219502334227364,False,False,False,False,True,0.0
2023-02-10 00:00:00+00:00,7.4618674527,7.7266117644,7.354008659,7.6089476259,1488918,,,,7.315775656977511,7.522620705742638,,7.359729912512121,#000000,,7.432338160988699,,0,,,0.0,0.0,0.0,0.0,50.460220489027336,-4.219502334227364,False,False,False,False,True,0.0
2023-02-17 00:00:00+00:00,7.3638140039,7.5108941771,7.2755659,7.4520621078,68368,,,,7.316958675371697,7.516806140875692,,7.359291904022409,#000000,,7.430250230609985,,0,,,0.0,0.0,0.0,0.0,49.56749677570538,-4.219502334227364,False,False,False,False,True,0.0
2023-02-24 00:00:00+00:00,7.3147872795,7.4030353834,7.2657605551,7.2657605551,38757,,,,7.317065695380688,7.5124353612746235,,7.358346258049043,#000000,,7.42823000693328,,0,,,0.0,0.0,0.0,0.0,48.62457304823331,-4.219502334227364,False,False,False,False,True,0.0
2023-03-03 00:00:00+00:00,7.354008659,7.354008659,7.2657605551,7.3174347226,31802,,,,7.317125837814087,7.5089362658259935,,7.357570335438818,#000000,,7.426589597338492,,0,,,0.0,0.0,0.0,0.0,48.24243428185096,-4.219502334227364,False,False,False,False,True,0.0
2023-03-10 00:00:00+00:00,7.0010162434,7.354008659,7.0010162434,7.354008659,306875,,,,7.302920412214673,7.449475842199686,,7.332444911515984,"rgba(239, 83, 80, 0.5)",,7.389971910828126,,0,,,0.0,0.0,0.0,0.0,45.87933829519259,-4.219502334227364,False,False,False,True,False,0.0
2023-03-17 00:00:00+00:00,7.3834246937,7.3834246937,6.8637414151,7.0402376229,126999,,,,7.300252554251517,7.4352831055225606,,7.327067464623946,#000000,,7.353556955195055,,0,,,0.0,0.0,0.0,0.0,46.80232505165344,-4.219502334227364,False,False,False,False,False,0.0
2023-03-24 00:00:00+00:00,7.197123141,7.4030353834,7.152999089,7.2461498654,50413,,,,7.299696971969128,7.431045128514539,,7.32566003391372,#000000,,7.354240606665343,,0,,,0.0,0.0,0.0,0.0,46.428723950442496,-4.219502334227364,False,False,False,False,False,0.0
2023-03-31 00:00:00+00:00,7.2265391756,7.4912834873,7.1775124512,7.4912834873,218601,,,,7.299638531616236,7.419018138852073,,7.322904385211108,#000000,,7.3587978174631115,,0,,,0.0,0.0,0.0,0.0,46.35341293689959,-4.219502334227364,False,False,False,False,False,0.0
2023-04-07 00:00:00+00:00,7.3726714119,7.4912834873,7.3333504977,7.4422567629,17899,,,,7.300017247907484,7.4188713186361,,7.323176607444612,#000000,,7.360265144432782,,0,,,0.0,0.0,0.0,0.0,47.24473487836582,-4.219502334227364,False,False,False,False,False,0.0
2023-04-14 00:00:00+00:00,7.4218225547,7.4316527832,7.284199355,7.3726714119,81686,,,,7.301370115892396,7.417580906031748,,7.323978092249143,#000000,,7.3644063044556125,,0,,,0.0,0.0,0.0,0.0,48.19413346948107,-4.219502334227364,False,False,False,False,False,0.0
2023-04-21 00:00:00+00:00,7.5053794973,7.6085968971,7.3825999427,7.4414830117,64318,,,,7.303990794045227,7.419611822683962,,7.326541898640541,#000000,,7.41231775966427,,0,,,0.0,0.0,0.0,0.0,49.408413541811115,-4.219502334227364,False,False,False,False,True,0.0
2023-04-28 00:00:00+00:00,7.2252179837,7.4267376689,7.195727298,7.392331869,25931,,,,7.3038767535021085,7.41824492827882,,7.326145217020221,#000000,,7.395820906707254,,0,,,0.0,0.0,0.0,0.0,48.4775852375013,-4.219502334227364,False,False,False,False,True,0.0
2023-05-05 00:00:00+00:00,6.3798183284,7.2448784408,6.3798183284,7.195727298,47919,,,,7.297686119761591,7.404670738007668,,7.318138490886542,"rgba(239, 83, 80, 0.5)",,7.310735108496178,,0,,,0.0,0.0,0.0,0.0,44.12682355474393,-1.5416952042071443,False,False,False,True,False,0.0
2023-05-12 00:00:00+00:00,6.4878525402,6.7211238637,6.389648557,6.389648557,47743,,,,7.29033688372824,7.389230069284596,,7.308791282574463,"rgba(239, 83, 80, 0.5)",,7.249861129215375,,0,,,0.0,0.0,0.0,0.0,41.722156730320386,-3.8019642363496757,False,False,False,True,False,0.0
2023-05-19 00:00:00+00:00,6.3798183284,6.4879508425,6.2569404716,6.4879508425,18621,6.374903214166666,,,7.286918793310419,7.382271293594927,,7.118577057857701,"rgba(239, 83, 80, 1.0)",,6.973779837495204,,0,,,0.0,0.0,0.0,0.0,39.616876336944856,-5.75149315839311,False,True,False,True,False,0.0
2023-05-26 00:00:00+00:00,6.890990213,6.890990213,6.3110067286,6.5023029762,56252,6.617391813130466,,,7.280346382156885,7.368371006485609,,7.160382160742749,"rgba(239, 83, 80, 0.5)",,7.008238988159312,,0,,,0.0,0.0,0.0,0.0,41.1423541258297,-5.75149315839311,False,False,False,True,False,0.0
2023-06-02 00:00:00+00:00,7.2055575266,7.2055575266,6.8320088417,6.9401413557,6874,6.656379501498911,,,7.280075101510822,7.367659863220656,,7.167880214734521,"rgba(239, 83, 80, 0.5)",1.7154008505619276,7.018843279544532,0.10884584031441073,0,,,0.0,0.0,0.0,0.0,43.745532614765246,-5.75149315839311,False,False,False,True,True,0.0
2023-06-09 00:00:00+00:00,7.3186051549,7.8150316966,7.0777645554,7.1465761553,344143,7.260337551716705,,,7.287968402283975,7.37164432729483,,7.294527481676892,#000000,1.6726418652462833,7.2613183154255605,0.034249315806766954,0,,,0.0,0.0,0.0,0.0,46.112823234096396,-8.997674112307195,False,False,False,False,True,0.0
2023-06-16 00:00:00+00:00,7.7167294111,7.8740130679,7.1367459267,7.3235202692,140763,7.338709304255827,,,7.2952889745277085,7.380454666178648,,7.316486940797324,#000000,1.6191875029596388,7.36006500596298,0.22027368941835934,0,,,0.0,0.0,0.0,0.0,49.432089341956456,-5.918538504272426,True,False,False,False,True,0.0
2023-06-23 00:00:00+00:00,7.3333504977,7.8641828394,7.2604102019,7.8641828394,88365,7.358576970901138,,,7.29828543325015,7.3832376752445,,7.322889103609143,#000000,1.568572316783872,7.365979128046863,-0.020801482977695095,0,,,0.0,0.0,0.0,0.0,50.00186728763871,-5.480166643826088,True,False,False,False,True,0.0
2023-06-30 00:00:00+00:00,7.4513132403,7.500464383,7.0777645554,7.2743691264,62772,7.357230542182032,,,7.298781044211109,7.3825010346778495,,7.322816993565222,#000000,1.520192692946935,7.356752324422784,0.06220324325721324,0,,,0.0,0.0,0.0,0.0,50.89109060083852,-4.654523734396506,True,False,False,False,True,0.0
2023-07-07 00:00:00+00:00,7.3621630982,7.5539408264,7.1946172178,7.4414830117,36535,7.357860661101474,,,7.299237249942843,7.382371193984995,,7.323218152362133,#000000,1.474738548525544,7.3547027094530355,0.005058787372462311,0,,,0.0,0.0,0.0,0.0,51.110950836216816,-4.408715628288988,True,False,False,False,True,0.0
2023-07-14 00:00:00+00:00,7.687399219,7.687399219,7.2957360844,7.3030292581,36739,7.3671019864278,,,7.300880484162152,7.384209614383051,,7.326450056313433,#000000,1.4303989900637275,7.363036289466957,0.22676395312512856,0,,,0.0,0.0,0.0,0.0,52.60261066233012,-2.8925198218812866,True,False,False,False,True,0.0
2023-07-21 00:00:00+00:00,8.1407586601,8.2787376205,7.687399219,7.687399219,76960,7.426374606778837,,,7.310568932466029,7.398277653192828,,7.347007205977265,"rgba(38, 166, 154, 1.0)",1.3756193816950584,7.424181698472266,0.520912231365014,0,,,0.0,0.0,0.0,0.0,55.24163054681566,-0.2931745635998624,True,False,True,False,True,0.0
2023-07-28 00:00:00+00:00,8.6532519414,8.7518083416,8.2590263404,8.2590263404,41632,7.478014190466568,,,7.319380512193891,7.4116314203436024,,7.365340898669027,"rgba(38, 166, 154, 1.0)",1.3178198732260484,7.477348268425599,0.8923098648495614,0,,,0.0,0.0,0.0,0.0,58.57143379473506,2.910635513361669,True,False,True,False,True,1.956595525541843
2023-08-04 00:00:00+00:00,8.4167165808,8.889787302,8.1210473801,8.4561391409,33628,7.513586973169611,,,7.3259589054177185,7.421466133274303,,7.561313649645595,"rgba(38, 166, 154, 1.0)",1.266534407610686,7.785396629688086,0.49846253470752266,0,,,1.0,0.0,8.889788,102.0,59.77444534071911,4.039843817056564,True,False,True,False,True,0.05369698539863421
2023-08-11 00:00:00+00:00,8.0520578999,8.5134004094,8.0126353398,8.4364278609,60875,7.554756625224668,,,7.334793010539182,7.434155744774288,,7.544356688732527,"rgba(38, 166, 154, 1.0)",1.2162049938623225,7.772228828300244,0.23008380413822996,0,,,0.0,0.0,0.0,0.0,58.97962664940498,4.039843817056564,True,False,True,False,True,0.0
2023-08-18 00:00:00+00:00,8.0422022599,8.2540985204,7.8648007394,7.8746563795,21164,7.565055475737845,,,7.337331467601173,7.437679596761883,,7.540633877689397,"rgba(38, 166, 154, 1.0)",1.17216982835511,7.7688800731523,0.23317626860542004,0,,,0.0,0.0,0.0,0.0,58.368532771570074,4.039843817056564,True,False,True,False,True,0.0
2023-08-25 00:00:00+00:00,8.0619135399,8.08162482,7.8943676595,8.0027796998,19090,7.5732364344246355,,,7.339475459843196,7.440614306429958,,7.537977690230584,"rgba(38, 166, 154, 1.0)",1.1028230013312958,7.766385311806526,0.26797430570156927,0,,,0.0,0.0,0.0,0.0,58.00200985385716,4.039843817056564,True,False,True,False,True,0.0
2023-09-01 00:00:00+00:00,8.5152729811,8.5152729811,7.9436458596,7.9535014997,25797,7.591350912122289,,,7.343684438185622,7.446670756223385,,7.5470425417376035,"rgba(38, 166, 154, 1.0)",1.0516562287544629,7.784944254445923,0.69445576100381,0,,,0.0,0.0,0.0,0.0,59.24441110546287,4.039843817056564,True,False,True,False,True,0.9818560668799066
2023-09-08 00:00:00+00:00,7.7268217791,8.2097481403,7.7268217791,8.08162482,28716,7.599097341404641,,,7.346259640354448,7.450009072474912,,7.5414552989455075,"rgba(38, 166, 154, 1.0)",0.9445765075823377,7.776737178887946,-0.05284421048720097,0,,,0.0,0.0,0.0,0.0,56.817246962232105,4.039843817056564,True,False,True,False,True,0.0
2023-09-15 00:00:00+00:00,7.7859556192,8.1900368602,7.7071104991,7.8845120195,14738,7.603004887978913,,,7.347587797641988,7.451728282776375,,7.539615226302641,"rgba(38, 166, 154, 0.75)",0.8344421602950233,7.774050295013262,0.01426740492418214,0,,,0.0,0.0,0.0,0.0,55.290850147262724,4.039843817056564,True,False,True,False,False,0.0
2023-09-22 00:00:00+00:00,7.8746563795,7.8845120195,7.5789871787,7.7859556192,30566,7.607716563420065,,,7.349746965100575,7.454336500889345,,7.533660559988161,"rgba(38, 166, 154, 0.75)",0.7421845292878586,7.763941141569009,0.14917481241117328,0,,,0.0,0.0,0.0,0.0,54.52121527149265,4.039843817056564,True,False,True,False,False,0.0
2023-09-29 00:00:00+00:00,7.7416052391,7.8648007394,7.607371422,7.8352338194,12413,7.609113958515816,,,7.350533639980386,7.4552503003364565,,7.531324158457761,#000000,0.6515500661062805,7.7597804596237925,-0.027895355198732583,0,,,0.0,0.0,0.0,0.0,53.43292199189577,8.734316392743516,True,False,False,False,False,0.0
2023-10-06 00:00:00+00:00,7.5048759916,7.8155225393,7.4752124502,7.8155225393,60661,7.608586884537014,,,7.35296569750344,7.4574716362348275,,7.516640953663675,#000000,0.5825668341958239,7.732015765221906,-0.38989479024402474,0,,,0.0,0.0,0.0,0.0,51.72900473810931,6.985776567766443,True,False,False,False,False,0.0
2023-10-13 00:00:00+00:00,7.4158853672,7.630352772,7.4158853672,7.4949881445,15810,7.6070327964593485,,,7.353308353020226,7.457591971322549,,7.512448889380849,#000000,0.5368238621678096,7.723801838147272,-0.5735893887127897,0,,,0.0,0.0,0.0,0.0,50.17136635583764,5.397020318619042,True,False,False,False,False,0.0
2023-10-20 00:00:00+00:00,7.3368814684,7.5543152274,7.2576798127,7.4158853672,33992,7.601021679742777,,,7.353469987005776,7.456951772931186,,7.5021354223331,#000000,0.5291821773369464,7.703384076214074,-0.6925830526992804,0,,,0.0,0.0,0.0,0.0,48.75033569897789,3.9482268158111253,True,False,False,False,False,0.0
2023-10-27 00:00:00+00:00,7.2972312013,7.6136423103,7.1588013412,7.4752124502,49799,7.591777252368506,7.356558284266668,,7.35349445561496,7.455705799925672,,7.47013177164918,#000000,0.5105185631043934,7.636105157922687,-0.6637838094702007,0,,,0.0,0.0,0.0,0.0,47.5753375774965,2.7350134264686545,True,False,False,False,False,0.0
2023-11-03 00:00:00+00:00,7.5740909217,8.0190440437,7.1686891883,7.3961096729,36450,7.5916559853089565,7.45406218582999,,7.354842374196603,7.456890220533111,,7.481771775337295,#000000,0.4792499732145299,7.6524434998928115,-0.1634900001501682,0,,,0.0,0.0,0.0,0.0,48.07769213586867,2.7350134264686545,True,False,False,False,False,0.0
2023-11-10 00:00:00+00:00,7.3268947428,7.7421843234,7.277455507,7.5642030746,18312,7.589749431190381,7.453148463580719,,7.355113878813155,7.456853998167679,,7.479359801325262,#000000,0.46686598060902756,7.635491186587527,-0.6609957816694241,0,,,0.0,0.0,0.0,0.0,47.378656173635115,2.3517301434523716,False,False,False,False,False,0.0
2023-11-17 00:00:00+00:00,7.6729693933,7.7125207819,7.3961096729,7.5048759916,27034,7.589829007865484,7.482056663234232,,7.356127586886772,7.457758666101804,,7.482371712567246,#000000,0.46401308990196655,7.64310231334795,0.06436689093913243,0,,,0.0,0.0,0.0,0.0,48.45114843795724,2.3517301434523716,True,False,False,False,False,0.0
2023-11-24 00:00:00+00:00,7.687801164,7.6927450876,7.4455489087,7.5740909217,33107,7.590265315336374,7.507513109063599,,7.357434073236735,7.4589693871012965,,7.485105132737583,#000000,0.4649743051848899,7.649055725880296,0.0833281273559775,0,,,0.0,0.0,0.0,0.0,49.281786000842416,2.3517301434523716,True,False,False,False,False,0.0
2023-12-01 00:00:00+00:00,7.8311749478,7.9893805023,7.5543152274,7.6136423103,96031,7.6029215137403074,7.612154296154791,,7.363852444210995,7.466533122874529,,7.505866538667148,#000000,0.4685190592172091,7.701675106640231,0.2764025040435597,4,0.15607495626460755,0.6242998250584302,0.0,0.0,0.0,0.0,50.510355197226815,2.3517301434523716,True,False,False,False,True,0.0
2023-12-08 00:00:00+00:00,8.0289318909,8.2662402227,7.7718478648,7.8608384892,34337,7.612140431657029,7.659887194333889,,7.367314662962448,7.471015430025282,,7.51791493540623,#000000,0.47496109020692645,7.731120449081107,0.6270228192569298,4,0.1613820950068737,0.6455283800274948,0.0,0.0,0.0,0.0,52.22710584067288,2.3517301434523716,True,False,False,False,True,0.0
2023-12-15 00:00:00+00:00,10.0163891693,10.3426881255,7.8016102848,8.0289318909,122786,7.741469829001391,8.167364617192739,,7.404585158372716,7.524716833597069,,7.668543537523019,"rgba(38, 166, 154, 1.0)",0.563798434942216,8.099807065009774,3.3994101180622427,4,0.16504884104262807,0.6601953641705123,0.0,0.0,0.0,0.0,58.48774295109204,3.6219857055119675,True,False,True,False,True,11.889546264403176
2023-12-22 00:00:00+00:00,10.3328002783,10.3921273613,9.8977350034,10.2709023551,33729,7.789866289000809,8.319746903854064,,7.41872292158851,7.5452159472782485,,7.719088274151093,"rgba(38, 166, 154, 1.0)",0.6553807743566398,8.215922319300704,3.229997036573659,4,0.16767324552312776,0.670692982092511,0.0,0.0,0.0,0.0,63.43734877901268,8.19787758549537,True,False,True,False,True,13.622973088937247
2023-12-29 00:00:00+00:00,10.8270937577,10.9755103435,10.0461515893,10.0461515893,33489,7.843886325538553,8.478295198979929,,7.4346562350505145,7.568338832560955,,7.773674797806922,"rgba(38, 166, 154, 1.0)",0.7605478502605916,8.338777280188124,3.2717421746170054,4,0.1686244907797234,0.6744979631188937,0.0,0.0,0.0,0.0,67.64764858187118,11.973668613894304,True,False,True,False,True,16.197554795186413
2024-01-05 00:00:00+00:00,10.9445733671,11.3902799749,10.7876412475,10.8766318719,66882,7.961429371984273,8.788804650603133,,7.4701903005901515,7.619781516556048,,7.886902858476266,"rgba(38, 166, 154, 1.0)",0.8582571686868437,9.301363601846614,1.914589036019986,4,0.1687525322033324,0.6750101288133296,0.0,0.0,0.0,0.0,70.80631518481101,14.7155807935399,True,False,True,False,True,16.789732379898382
2024-01-12 00:00:00+00:00,11.0236120056,11.0634284625,10.8653366369,11.0337146887,46693,8.03707636728744,8.960033744508424,,7.494198355603131,7.6542209984917235,,7.955135756200543,"rgba(38, 166, 154, 1.0)",0.9466539146423952,9.413014152542553,1.7013586783358532,4,0.16938471276324318,0.6775388510529727,0.0,0.0,0.0,0.0,73.16710020358063,16.723350501124514,True,False,True,False,True,17.189414597725335
2024-01-19 00:00:00+00:00,10.9544779584,11.1525697841,10.7465805874,11.0238100974,93113,8.17559701957578,9.228051274875199,,7.540665437842603,7.720177257692295,,8.0728280736998,"rgba(38, 166, 154, 1.0)",1.0226273144617721,9.592330086914423,1.3320081052230657,4,0.17045210153545515,0.6818084061418206,0.0,0.0,0.0,0.0,74.4952191040954,17.809244140742237,True,False,True,False,True,16.627889246229884
2024-01-26 00:00:00+00:00,11.1921881492,11.291234062,10.9165433738,10.9940963236,161961,8.401469106929301,9.589502857539989,,7.622742823760479,7.834949892625118,,8.253378033545102,"rgba(38, 166, 154, 1.0)",1.1016147817484354,9.866001386441676,1.203857087550566,4,0.169813553392116,0.679254213568464,0.0,0.0,0.0,0.0,75.79364509732662,18.955677105896726,True,False,True,False,True,17.849239062736803
2024-02-02 00:00:00+00:00,11.0139055061,11.3538310789,11.0139055061,11.1030468277,79607,8.500080643970177,9.720659654530564,,7.661658226949436,7.888480199115445,,8.328488395328908,"rgba(38, 166, 154, 1.0)",1.1659195610286683,9.965000218563862,0.8996377817100089,4,0.16922759705920734,0.6769103882368294,0.0,0.0,0.0,0.0,75.76222288908995,18.955677105896726,True,False,True,False,True,16.385886440219817
2024-02-09 00:00:00+00:00,11.1921881492,11.1921881492,10.9148595933,11.0634284625,96059,8.608820783586333,9.849351128552907,,7.7071174557187305,7.950271852080855,,8.409377154485563,"rgba(38, 166, 154, 1.0)",1.231520067597004,10.061788548527623,0.9178897124088784,4,0.1674467557462853,0.6697870229851411,0.0,0.0,0.0,0.0,76.04208965090592,19.275981270836127,True,False,True,False,True,17.313608615936808
2024-02-16 00:00:00+00:00,11.1327606015,11.2813294708,10.7167677677,11.2219019231,74414,8.685240036839888,9.929863928592212,,7.740946314927326,7.9957050167518755,,8.465147500729746,"rgba(38, 166, 154, 1.0)",1.2887443083849457,10.121485259248487,0.7846982024842788,4,0.1673883537977302,0.6695534151909208,0.0,0.0,0.0,0.0,75.90646352454552,19.302285360000567,True,False,True,False,True,16.819295241615578
2024-02-23 00:00:00+00:00,11.2813294708,11.3226316164,11.0635275085,11.1327606015,43551,8.731005981647158,9.978929367846057,,7.761483581959833,8.023205572077883,,8.498834964037856,"rgba(38, 166, 154, 1.0)",1.3461593404138805,10.160830830409385,0.8323670213112471,4,0.1656567507030682,0.6626270028122728,0.0,0.0,0.0,0.0,76.0844578058254,19.69771368410518,True,False,True,False,True,17.603333465638606
2024-03-01 00:00:00+00:00,11.6378947569,12.0736967734,11.1228560102,11.2714248795,279644,9.029995174073827,10.298855318592485,,7.901988671603028,8.20938217209678,,9.082974491207457,"rgba(38, 166, 154, 1.0)",1.4105663022135018,10.887999175600926,0.5316273188451441,4,0.1654684563432947,0.6618738253731788,1.0,0.0,12.073697,138.0,76.82814786697531,20.66699901097553,True,False,True,False,True,19.437035771860725
2024-03-08 00:00:00+00:00,10.4790575769,11.9304763834,10.4295346205,11.9251279041,407857,9.281965220228786,10.442783729490316,,8.055842697096015,8.40192702805963,,9.191212833995804,"rgba(38, 166, 154, 0.75)",1.4337979300759676,10.834332988541547,-0.24778624950499314,4,0.167790315223235,0.67116126089294,0.0,0.0,0.0,0.0,71.9071461254547,20.66699901097553,True,False,True,False,False,10.389997131758147
2024-03-15 00:00:00+00:00,10.063064743,10.3453455946,9.7857361871,10.2512519774,95370,9.305313098495688,10.424103852138566,,8.079304750369264,8.428837177350616,,9.186613795874448,"rgba(38, 166, 154, 0.75)",1.4483387579019364,10.680955648668025,-0.42662043137138844,4,0.16948464960192863,0.6779385984077145,0.0,0.0,0.0,0.0,66.9392137608665,23.27600239113731,True,False,True,False,False,7.495122740265913
2024-03-22 00:00:00+00:00,10.6861625806,11.04361928,9.9045912825,10.0135417866,141024,9.3576730597067,10.432321015341472,,8.12116107935349,8.47829054391559,,9.209675919613105,"rgba(38, 166, 154, 0.75)",1.4732175169201587,10.7211164784756,-0.023726230155526686,4,0.16911792162316977,0.6764716864926791,0.0,0.0,0.0,0.0,64.95562108645134,21.43625135420106,True,False,True,False,False,10.820663444212055
2024-03-29 00:00:00+00:00,10.4988667594,10.8059090892,10.4196300292,10.8059090892,54572,9.37724941908808,10.435978646944456,,8.137175181572742,8.49708170353723,,9.219424837962038,"rgba(38, 166, 154, 0.75)",1.4898315974064762,10.722395213760786,-0.15003605424257846,4,0.16796765517064743,0.6718706206825897,0.0,0.0,0.0,0.0,62.89873271809488,19.50071797425028,True,False,True,False,False,9.543191061188868
2024-04-05 00:00:00+00:00,10.497370493,10.9041684044,9.9318221772,10.4790575769,267493,9.45523764788401,10.43692587539096,,8.208700214020745,8.579036590399932,,9.256774670438755,"rgba(38, 166, 154, 0.75)",1.503835852164318,10.678386928582622,-0.12036980985797319,4,0.1659706203858431,0.6638824815433724,0.0,0.0,0.0,0.0,61.42425463594653,18.096631805590107,True,False,True,False,False,9.53293358887587
2024-04-12 00:00:00+00:00,9.9516659778,10.8147720829,9.8326031745,10.5569018947,178691,9.489887654595199,10.420443158931837,,8.249093902916712,8.623352806891525,,9.270121969139396,"rgba(38, 166, 154, 0.75)",1.507770018824736,10.623414104076161,-0.445524262910978,4,0.16432509038993506,0.6573003615597403,0.0,0.0,0.0,0.0,58.54015302720395,15.319892419064331,True,False,True,False,False,5.88093638980105
2024-04-19 00:00:00+00:00,9.5448680664,10.03104118,9.4258052631,9.8921345761,75697,9.493316916503312,10.398909255924705,,8.261178338358402,8.635306497972644,,9.265493327351304,"rgba(38, 166, 154, 0.5)",1.5047173262487656,10.379221784619034,-0.5544919990381609,4,0.1634608431263815,0.653843372505526,0.0,0.0,0.0,0.0,55.28589559959885,12.219867967918304,False,False,True,False,False,3.307560192510568
2024-04-26 00:00:00+00:00,9.9020564764,9.921900277,9.5051804653,9.5448680664,32259,9.495630356357056,10.391415788230885,,8.266660781065157,8.640847910849303,,9.264681720419178,"rgba(38, 166, 154, 0.5)",1.5025691630103355,10.373543326357025,-0.3137871197971479,4,0.16229746831418673,0.6491898732567469,0.0,0.0,0.0,0.0,54.03583584060962,11.04791215634529,False,False,True,False,False,5.294642409829152
2024-05-03 00:00:00+00:00,9.7234622714,10.1203382825,9.5547899667,9.9119783767,42748,9.498886424466642,10.38212286480165,,8.273975482623651,8.648256757720585,,9.264025791829301,#000000,1.4962537659195572,10.363873622270782,-0.4280098506400096,4,0.1611563414391297,0.6446253657565189,0.0,0.0,0.0,0.0,52.60883601281447,9.649186023939855,False,False,False,False,False,4.175012362760391
2024-05-10 00:00:00+00:00,9.6043994681,9.8722907756,9.5547899667,9.7333841717,23749,9.499941302577703,10.376026954574522,,8.277685585655982,8.65189884475392,,9.262990994642934,#000000,1.487479274156647,10.351721997730023,-0.5024087008228938,4,0.16019984196004672,0.6407993678401869,0.0,0.0,0.0,0.0,51.231450421419595,8.258767786183299,False,True,False,False,False,3.431036923434746
2024-05-17 00:00:00+00:00,9.6143213684,9.6837746703,9.4645998932,9.5845556675,30413,9.500600284801635,10.367391521391928,,8.28210585250456,8.65612111986493,,9.261066298329267,#000000,1.4881153312190214,10.332508851936401,-0.4826154723828307,4,0.1593545324821885,0.637418129928754,0.0,0.0,0.0,0.0,50.2815664548841,7.241050645372624,False,True,False,False,False,3.4881770222680757
2024-05-24 00:00:00+00:00,9.564711867,9.5944775678,9.4258052631,9.5151023656,54850,9.50097138140364,10.351139059177228,,8.289644544940577,8.663162275245345,,9.257063339435042,#000000,1.4877971216851997,10.29755498833779,-0.4925692560204128,4,0.1587084530608512,0.6348338122434048,0.0,0.0,0.0,0.0,49.438147704136455,6.283079643025673,False,True,False,False,False,3.1697580343374803
2024-05-31 00:00:00+00:00,9.6341651689,9.7730717728,9.4754147645,9.6688918199,41511,9.502240463455696,10.340685019327045,,8.295741707601428,8.669018474795338,,9.25527728440819,#000000,1.4894956438684468,10.280023330664493,-0.433608627472788,4,0.1581400791917359,0.6325603167669436,0.0,0.0,0.0,0.0,49.10287156637099,5.771482789868401,False,True,False,False,False,3.583656944620877
2024-06-07 00:00:00+00:00,10.6958084986,11.1621378116,9.4010005124,9.6043994681,142934,9.53285464422924,10.34442706441387,10.419648940866667,8.328554870508945,8.7048729753015,,9.403672872296402,#000000,1.5048873621020684,10.233798538833664,0.3070063390797485,4,0.1562380762653583,0.6249523050614332,0.0,-1.0,9.401001,170.0,52.19309274996304,5.771482789868401,False,True,False,False,False,9.47300060106706
2024-06-14 00:00:00+00:00,10.7354960997,10.9140903047,9.7234622714,10.7255741994,91003,9.55209489433373,10.34774410963148,10.43444439284271,8.349293664670663,8.727434980248852,,9.41776328284253,"rgba(38, 166, 154, 0.5)",1.5200163748857967,10.269481001033888,0.30658557786992613,4,0.15447629055750614,0.6179051622300246,0.0,0.0,0.0,0.0,54.5027934872797,5.771482789868401,False,False,True,False,True,9.67848350078441
2024-06-21 00:00:00+00:00,10.5965894958,10.9041684044,10.5965894958,10.8942465041,63114,9.568409235347346,10.35473921788578,10.490678746900342,8.365061161037287,8.744880731132543,,9.435471291803815,"rgba(38, 166, 154, 0.5)",1.5311943636003262,10.321850546006832,0.179427874294919,4,0.1530978850359985,0.612391540143994,0.0,0.0,0.0,0.0,55.59383105442582,5.771482789868401,False,False,True,False,True,8.740633004157424
2024-06-28 00:00:00+00:00,10.675964698,10.8843246038,10.3683857894,10.566823795,44500,9.579077609674892,10.358727911780063,10.510510269227611,8.375787057994025,8.756648255425318,,9.445112337681437,"rgba(38, 166, 154, 0.5)",1.5438097338007506,10.344940690151105,0.2144202103415532,3,0.15831181614536816,0.47493544843610447,0.0,0.0,0.0,0.0,56.60507550909925,0.2005970011404017,False,False,True,False,True,9.165788750411735
2024-07-05 00:00:00+00:00,10.6243708166,10.9041684044,10.2840496371,10.7156522991,189243,9.620608556278436,10.37237445018747,10.543911970977,8.419534852640275,8.804109555449937,,9.477895938615166,"rgba(38, 166, 154, 0.5)",1.5558916253663293,10.400412167029328,0.1439423195802228,2,0.18533604245601426,0.3706720849120285,0.0,0.0,0.0,0.0,57.10129105029104,0.8440655574237255,False,False,True,False,True,8.80910832870445
2024-07-12 00:00:00+00:00,10.8231429553,10.8231429553,10.3361512154,10.6840024582,64971,9.634878322440155,10.377776616990916,10.556660514734078,8.434539964867586,8.820341574777714,,9.489570651760115,"rgba(38, 166, 154, 0.5)",1.569825893832215,10.418385512475208,0.25783588130063867,2,0.18327435078923782,0.36654870157847563,0.0,0.0,0.0,0.0,58.07880818562475,1.9786344624243881,False,False,True,False,True,9.893777767580946
2024-07-19 00:00:00+00:00,11.8766352907,12.303896003,10.8927132039,10.8927132039,269698,9.745660569749981,10.47251440654637,10.910171953892643,8.52259489212298,8.920872764696979,,9.616443832979774,"rgba(38, 166, 154, 1.0)",1.603313444107853,11.024683131395241,0.5313696847211422,2,0.17895356750398772,0.35790713500797544,0.0,0.0,0.0,0.0,61.36167186086438,5.297524506000613,True,False,True,False,True,15.193996001361718
2024-07-26 00:00:00+00:00,11.5570096916,11.9064511116,11.041792308,11.7076789728,80776,9.77354768589665,10.494281195210798,10.96067229473937,8.546527607705894,8.947661225192883,,9.643950147876533,"rgba(38, 166, 154, 1.0)",1.6252293002319351,11.053827282172364,0.30960702551684666,2,0.17583126971941937,0.35166253943883874,0.0,0.0,0.0,0.0,62.32861275119414,6.333920807067926,True,False,True,False,True,12.9767032448236
2024-08-02 00:00:00+00:00,11.2206872328,12.1449776781,11.0815467357,11.3101346953,52007,9.790842817045844,10.507555013784026,10.987853665532805,8.561634510625732,8.964488001086966,,9.660556746615448,"rgba(38, 166, 154, 1.0)",1.6374489839582949,11.07044983036043,0.0917508905079859,2,0.17361089739187746,0.3472217947837549,0.0,0.0,0.0,0.0,61.678278944414984,6.333920807067926,True,False,True,False,True,10.714214142255326
2024-08-09 00:00:00+00:00,11.3101346953,11.4194593716,10.5249847472,10.9424062386,35792,9.799793741536782,10.512843331693478,10.99121141116176,8.57053845834519,8.97413125372941,,9.667808850898615,"rgba(38, 166, 154, 1.0)",1.6501198014112406,11.063791340828702,0.1492881633567554,2,0.17154265955397857,0.34308531910795714,0.0,0.0,0.0,0.0,61.44475047763094,6.333920807067926,True,False,True,False,True,11.159767124256796
2024-08-16 00:00:00+00:00,11.8753432718,12.1134722941,10.9821606663,11.3001960883,47045,9.81652709740115,10.526455418171608,11.020183887320556,8.584788107066121,8.990073474987835,,9.684294920935699,"rgba(38, 166, 154, 1.0)",1.6674660100129686,11.088317493930058,0.47198909791499827,2,0.16863053453919097,0.33726106907838194,0.0,0.0,0.0,0.0,62.62554068689153,7.057102627544047,True,False,True,False,True,13.890671851220308
2024-08-23 00:00:00+00:00,12.3437498168,12.472951707,11.7473340145,11.7473340145,141606,9.879144061538055,10.583899484972024,11.155436143561449,8.634174816856913,9.046267445683865,,9.74969453163718,"rgba(38, 166, 154, 1.0)",1.6991902013503775,11.223774665949925,0.6591228868669388,2,0.1651044646344558,0.3302089292689116,0.0,0.0,0.0,0.0,64.41961136730333,8.955385451590537,True,False,True,False,True,16.024084728186317
2024-08-30 00:00:00+00:00,13.4171193661,13.5562598632,12.472951707,12.472951707,794877,10.301196111123096,11.000756228520828,11.940768956993782,8.95670190164215,9.414594363505751,,10.180424065881446,"rgba(38, 166, 154, 1.0)",1.7559061212154594,12.011679330057955,0.8004072763691842,2,0.15982766518967606,0.3196553303793521,0.0,0.0,0.0,0.0,67.40512663738869,11.942796307746427,True,False,True,False,True,20.0
2024-09-06 00:00:00+00:00,12.5027675278,14.1326990656,12.1847321058,14.1326990656,322675,10.432588293302826,11.120785018488059,12.078553163217338,9.06896741125461,9.538565289098408,,10.30306461819574,"rgba(38, 166, 154, 1.0)",1.781967107857413,12.423868783461197,0.04427620689007462,2,0.15692844297159006,0.3138568859431801,0.0,0.0,0.0,0.0,66.35083594960533,11.942796307746427,True,False,True,False,True,14.597258339435484
2024-09-13 00:00:00+00:00,13.1686541927,13.1686541927,12.3301339253,12.5027675278,141048,10.48491572794783,11.167366959691048,12.12463110944383,9.115457899095444,9.589287676540524,,10.351120803762434,"rgba(38, 166, 154, 1.0)",1.8244800593396728,12.448475051667463,0.3947311659263562,2,0.15320054348099588,0.30640108696199175,0.0,0.0,0.0,0.0,66.67738949264067,11.942796307746427,True,False,True,False,True,17.239786988568188
2024-09-20 00:00:00+00:00,13.2581016551,13.6258301118,12.7015396666,13.3624570279,161267,10.549353194097694,11.226654162124062,12.189961994426175,9.171444716801341,9.65063778629292,,10.411413661787407,"rgba(38, 166, 154, 1.0)",1.8659616726751613,12.509922943419674,0.40096145737425026,2,0.14986802320920178,0.29973604641840357,0.0,0.0,0.0,0.0,67.04778734932032,11.942796307746427,True,False,True,False,True,17.58408693831171
2024-09-27 00:00:00+00:00,12.95000484,13.4171193661,12.95000484,13.3276719037,76905,10.578012429696972,11.252493013775426,12.215858882050387,9.197024531441093,9.678445291097987,,10.437938053552267,"rgba(38, 166, 154, 1.0)",1.8965858538358027,12.529906945009042,0.22150217673580097,1,0.19552631513412796,0.19552631513412796,0.0,0.0,0.0,0.0,66.30868170061461,11.942796307746427,True,False,True,False,True,15.684177927760839
2024-10-04 00:00:00+00:00,13.2362367198,13.2879174759,12.9201890192,13.0394523025,307360,10.688229957049007,11.351244362415267,12.310525219281278,9.297094176310173,9.786572799084702,,10.539764470563382,"rgba(38, 166, 154, 1.0)",1.926742153990677,12.602769288028632,0.3287764428983545,1,0.191983269026314,0.191983269026314,0.0,0.0,0.0,0.0,66.27753241405912,11.942796307746427,True,False,True,False,True,16.81606797172911
2024-10-11 00:00:00+00:00,14.8783262377,15.6345831011,13.1665723161,13.2561408352,202419,10.794570489169729,11.45767305772191,12.45151859894317,9.383435071513075,9.882566695903316,,10.643447292746483,"rgba(38, 166, 154, 1.0)",1.98610750695613,12.771299057369813,1.0608827432304386,1,0.18500572345802488,0.18500572345802488,0.0,0.0,0.0,0.0,68.48802276748489,13.701656314411736,True,False,True,False,True,20.0
2024-10-18 00:00:00+00:00,15.2366003143,15.702356614,14.7489494878,15.0475112183,109855,10.859706101101695,11.524368244998893,12.54290665791124,9.435025953460462,9.940292757627079,,10.707504647428193,"rgba(38, 166, 154, 1.0)",2.0522408881315446,12.880563710083784,1.1480312169207687,1,0.17832387617198564,0.17832387617198564,0.0,0.0,0.0,0.0,70.44763698932826,15.703854678882593,True,False,True,False,True,20.0
2024-10-25 00:00:00+00:00,14.6394768533,15.4455935257,14.1319219114,15.4256894103,144012,10.932988521697176,11.597200291592001,12.633705885235939,9.495686798738397,10.007263087907743,,10.778428579550884,"rgba(38, 166, 154, 1.0)",2.0880163084236636,12.979334956865031,0.7950809051334868,1,0.17389812891198994,0.17389812891198994,0.0,0.0,0.0,0.0,70.04157490154876,15.703854678882593,True,False,True,False,True,20.0
2024-11-01 00:00:00+00:00,15.1470317952,15.3709530931,14.6395763739,14.7987097762,164168,11.019830961453872,11.684195519871162,12.742579481184567,9.567202094517198,10.0862721077238,,10.86267268368163,"rgba(38, 166, 154, 1.0)",2.1440512555198246,13.097430737497415,0.9559477892265499,1,0.16901768585416066,0.16901768585416066,0.0,0.0,0.0,0.0,70.37959628665375,15.839357514466144,True,False,True,False,True,20.0
2024-11-08 00:00:00+00:00,16.0228128714,16.191997852,14.86837418,15.1569838529,175416,11.1228060127487,11.78925245471911,12.878032664661896,9.650317638920113,10.178568482641097,,10.963240151438976,"rgba(38, 166, 154, 1.0)",2.228211801465455,13.247069408832632,1.2457269370630795,0,,,0.0,0.0,0.0,0.0,71.57464375535187,17.13112055269616,True,False,True,False,True,20.0
2024-11-15 00:00:00+00:00,16.4308472364,16.9782104091,16.0825252175,16.1123813905,105004,11.192752710589362,11.861941475528601,12.974788254661119,9.705466634188546,10.240209368622155,,11.03201496084046,"rgba(38, 166, 154, 1.0)",2.319469412125704,13.355926123478952,1.3257002212859552,0,,,0.0,0.0,0.0,0.0,72.8260314164836,18.45755085907409,True,False,True,False,True,20.0
2024-11-22 00:00:00+00:00,17.0379227552,17.2858285121,16.5104636979,16.5502719286,189879,11.32501147961698,11.99999656994268,13.157859681862089,9.809394285148839,10.356432107144604,,11.162091249939685,"rgba(38, 166, 154, 1.0)",2.4290170043813157,13.56019487099687,1.4317429140801452,0,,,0.0,0.0,0.0,0.0,74.27117250499555,19.949372828284197,True,False,True,False,True,20.0
2024-11-29 00:00:00+00:00,17.9037517737,18.2918820234,16.8090254284,17.0926590724,208687,11.48136057594446,12.164297651848356,13.375427117075827,9.931465563745412,10.493132103759997,17.668219741833333,11.951208441074858,"rgba(38, 166, 154, 1.0)",2.5536352007485363,14.874601978209768,1.186210855255407,0,,,0.0,0.0,0.0,0.0,75.99361395392549,21.68088642970892,True,False,True,False,True,20.0
2024-12-06 00:00:00+00:00,17.923655889,18.0779127831,17.171777931,17.9137038314,121462,11.56965733933415,12.2565461477044,13.494193703905607,10.001288153765927,10.570972867998478,17.688906468390183,12.031183561554204,"rgba(38, 166, 154, 1.0)",2.667588164037491,14.978876894993562,1.10391065371553,0,,,0.0,0.0,0.0,0.0,77.23903171301569,22.93252763941858,True,False,True,False,True,20.0
2024-12-13 00:00:00+00:00,15.3162167758,17.7942791392,13.9826410461,16.9981145244,671512,11.869027348774447,12.545666437964814,13.783238686833133,10.270138911549042,10.858937072262439,16.3540129617771,12.153825932567052,"rgba(38, 166, 154, 0.75)",2.692892490236953,14.83179291307344,0.17988978931867222,0,,,0.0,0.0,0.0,0.0,71.84800276979232,26.377274783191467,True,False,True,False,False,16.182821111752368
2024-12-20 00:00:00+00:00,13.514894335,15.3361208912,12.9177708739,14.6991891994,2972599,12.36815580305475,12.919038419762517,13.834554914223476,10.901411059207962,11.46907550860969,14.535652148600494,12.384829273687004,"rgba(38, 166, 154, 0.75)",2.6870682963414105,14.254307050748956,-0.275174515197737,0,,,0.0,0.0,0.0,0.0,65.1889067087433,20.18213486668266,True,False,True,False,False,8.541542337781653
2024-12-27 00:00:00+00:00,13.5248463927,13.8134560655,13.0869558546,13.3755655274,229187,12.38851425953962,12.930422734613042,13.82465401646735,10.93525265540546,11.499408176554414,14.47782628568305,12.396318937890845,"rgba(38, 166, 154, 0.5)",2.6859298996925887,14.218252906776524,-0.25816255076347494,0,,,0.0,0.0,0.0,0.0,60.44705056289342,15.976796212004743,False,False,True,False,False,8.572925268444092
2025-01-03 00:00:00+00:00,13.6343190272,14.0123976986,13.2859970083,13.5347984504,481132,12.435195291193486,12.959838409010233,13.814792342683754,11.008022636571793,11.56539737128184,14.39221217997332,12.428009845516556,"rgba(38, 166, 154, 0.5)",2.6909336021071297,14.168567269623423,-0.19853638975152768,0,,,0.0,0.0,0.0,0.0,57.23039405152022,13.26041953200842,False,True,True,False,False,8.923159921346546
2025-01-10 00:00:00+00:00,13.3825319678,14.2612986613,13.1199633026,13.7636957771,454250,12.474281688161247,12.983360238029162,13.80365933304284,11.071834820221424,11.622488817099084,14.321117270038007,12.45498716089183,"rgba(38, 166, 154, 0.5)",2.6881734379906272,14.124984517606157,-0.27619220520277493,0,,,0.0,0.0,0.0,0.0,54.54219630784405,11.008040200204839,False,True,True,False,False,7.897374500118271
2025-01-17 00:00:00+00:00,13.2629561051,13.8010474873,13.1433802424,13.2430267946,326147,12.496341402470225,12.994334141311215,13.790004351647378,11.112502131539975,11.657847252165734,14.266292345692822,12.468919666980893,#000000,2.6771333391829772,14.0879005537099,-0.3081446996068044,0,,,0.0,0.0,0.0,0.0,52.43153063468829,9.245446216821605,False,True,False,False,False,7.409245428700878
2025-01-24 00:00:00+00:00,13.2230974842,13.6814716246,13.1035216215,13.3327086917,171571,12.506710014456692,12.998976851619322,13.782019132710642,11.132726623937474,11.675202658894394,14.23797607348809,12.475286521132498,#000000,2.66363833256621,14.068167163146851,-0.3172614196960786,0,,,0.0,0.0,0.0,0.0,50.85714916890099,7.917188693955794,False,True,False,False,False,7.244522690953897
2025-01-31 00:00:00+00:00,13.791082832,13.9505173156,13.1035216215,13.3526380021,446447,12.541213473326422,13.020014331745598,13.774711003438679,11.190119584455482,11.726036668501893,14.192257192632587,12.501530801527174,#000000,2.6550905902943014,14.03989412080104,-0.09371103558973502,0,,,0.0,0.0,0.0,0.0,50.79927321802521,7.917188693955794,False,True,False,False,False,9.158197390978614
2025-02-07 00:00:00+00:00,13.9505173156,14.408891456,13.0138397245,13.4323552439,552365,12.587568910511587,13.051271200582972,13.775552004224387,11.262453719711994,11.790887792647313,14.158861158493002,12.5399255331791,#000000,2.6533848206857034,13.979458583496381,-0.010907301372479068,0,,,0.0,0.0,0.0,0.0,51.04999716926047,7.917188693955794,False,True,False,False,False,9.68657597846347
2025-02-14 00:00:00+00:00,13.611719038,14.099987144,13.3127793812,13.701400935,373342,12.614157629143797,13.067900367391777,13.772172229173972,11.306962621537862,11.830045189043648,14.133077534263345,12.561555231088512,#000000,2.6322990713303644,13.954460303557823,-0.13020605040315633,0,,,0.0,0.0,0.0,0.0,50.56406720087074,7.558029399948964,False,True,False,False,False,8.238141904908247
2025-02-21 00:00:00+00:00,12.6451474811,13.8110121425,12.6052888602,13.6216836932,330018,12.62275529548944,13.06680831154645,13.750518537808132,11.334460313571995,11.851522364907103,14.083044786069332,12.564908614871676,#000000,2.6015337642142624,13.874622018428898,-0.47259603324819194,0,,,0.0,0.0,0.0,0.0,48.5106738632378,5.422103812331535,False,True,False,False,False,4.290202939962796
2025-02-28 00:00:00+00:00,12.4458543766,13.1732742081,12.3163138587,12.7547586886,319095,12.623204237276832,13.057623155355584,13.72056467324506,11.354486650330312,11.865129217075449,14.023128752522611,12.56015656369254,#000000,2.569416652675923,13.788474092954022,-0.5225387307098477,0,,,0.0,0.0,0.0,0.0,46.72126358627111,3.559372063037493,False,True,False,False,False,3.506795861796551
2025-03-07 00:00:00+00:00,10.4828172972,12.5669249376,9.7255035001,12.4558190318,1409322,12.485068911347545,12.870461108644673,13.421753750853885,11.327341098706249,11.798956126300133,13.541593505902757,12.394953682606026,"rgba(239, 83, 80, 1.0)",2.5339797052389823,12.468561473610933,-0.7836464405399233,0,,,0.0,0.0,0.0,0.0,42.84114680135876,-0.27153303240005755,False,True,False,True,False,0.0
2025-03-14 00:00:00+00:00,10.2735595375,10.4329940211,9.7852914314,10.4329940211,567169,12.411491241291213,12.778127881747654,13.28739202161381,11.298477546585815,11.753913714758571,13.34275242325366,12.312471576851083,"rgba(239, 83, 80, 1.0)",2.4937836377818385,12.232604671691217,-0.7855714122552109,0,,,0.0,0.0,0.0,0.0,39.84211691980732,-3.1764901451475396,False,True,False,True,False,0.0
2025-03-21 00:00:00+00:00,10.0742664329,10.6023931599,10.0643017777,10.2237362613,269827,12.379333976800979,12.737703340540358,13.228883924778561,11.286211470643153,11.73441922485172,13.258411759827867,12.276810298129753,"rgba(239, 83, 80, 1.0)",2.4519290522204717,12.14794175114712,-0.8457321864061264,0,,,0.0,0.0,0.0,0.0,37.47879251581213,-5.447630046793783,False,True,False,True,False,0.0
2025-03-28 00:00:00+00:00,9.8650086732,10.5127112629,9.7255035001,10.1838776404,207468,12.35285003201545,12.70490986594378,13.182306971671368,11.275083288101596,11.717676011409045,13.192262223549324,12.247728856366312,"rgba(239, 83, 80, 1.0)",2.408918251357404,12.079620624888442,-0.9193387739249878,0,,,0.0,0.0,0.0,0.0,35.55421966977841,-7.306898703158403,False,True,False,True,False,0.0
2025-04-04 00:00:00+00:00,9.1754545316,10.3732060897,8.6962142514,9.7753267762,813424,12.228273082396003,12.555537742521173,12.978588715469362,11.212433891835929,11.632063138680465,12.911022596605589,12.113370736115588,"rgba(239, 83, 80, 1.0)",2.3722487206584604,11.77008902982828,-1.093744713879788,0,,,0.0,0.0,0.0,0.0,33.435363258855475,-9.371426659316455,False,True,False,True,False,0.0
2025-04-11 00:00:00+00:00,9.3352012917,9.8843307794,8.4965308013,8.7860718039,457116,12.15869142617945,12.47301503447441,12.868291930169507,11.175770519602347,11.583080939278892,12.763538637237964,11.784741070163228,"rgba(239, 83, 80, 1.0)",2.339317990278087,10.738216899579399,-0.5997541222314178,0,,,0.0,0.0,0.0,0.0,32.3447681663023,-10.473178517094823,False,True,False,True,False,0.0
2025-04-18 00:00:00+00:00,11.20224155,11.3106696634,9.3651538092,9.3651538092,267822,12.138072314449357,12.446478281496452,12.830205490760441,11.169851848419045,11.57174103098101,12.714399071969446,11.81141875201228,"rgba(239, 83, 80, 1.0)",2.2829546810665056,10.856694009129203,0.1513597898970867,0,,,0.0,0.0,0.0,0.0,35.68872535367977,-10.473178517094823,False,True,False,True,False,0.0
2025-04-25 00:00:00+00:00,10.8128588223,11.6315609677,10.5832228547,10.9726055824,497798,12.110533730851646,12.409094750367547,12.774474337920864,11.166700406791723,11.559619425477962,12.644523011569879,11.831539260600794,"rgba(239, 83, 80, 0.75)",2.2349477364607124,10.664493297777403,0.06638433736153095,0,,,0.0,0.0,0.0,0.0,37.52593516389531,-10.473178517094823,False,True,False,True,True,0.0
2025-05-02 00:00:00+00:00,11.24217824,11.4997698906,10.7829063048,10.7829063048,239909,12.099661932059089,12.393815835064952,12.751224760214628,11.166777688874301,11.555665673894781,12.61606217386625,11.834782893536833,"rgba(239, 83, 80, 0.75)",2.1832351940657024,10.72731655202304,0.23582511374698206,0,,,0.0,0.0,0.0,0.0,39.651940014566975,-17.656263669194303,False,True,False,True,True,0.0
2025-05-09 00:00:00+00:00,11.0624631349,11.4817983801,10.9326688924,11.1672969462,135242,12.093539934951643,12.385257644923799,12.738284103839423,11.166736716567597,11.553380446915545,12.600326284678918,11.834722068057687,"rgba(239, 83, 80, 0.75)",2.133839500175696,10.752856224858103,0.14509381329589416,0,,,0.0,0.0,0.0,0.0,40.893109292299535,-16.39113868424586,False,True,False,True,True,0.0
2025-05-16 00:00:00+00:00,11.2321940675,11.6016084502,11.0125422724,11.1323523425,159580,12.087356328920524,12.376309499910677,12.724452283738968,11.167447363577292,11.551548981662403,12.583739624536653,11.835541418642812,"rgba(239, 83, 80, 0.75)",2.086640704389833,10.787478706762803,0.21312502904865877,0,,,0.0,0.0,0.0,0.0,42.12179066225561,-15.097493363738565,False,True,False,True,True,0.0
2025-05-23 00:00:00+00:00,11.6615134852,11.7813235553,11.1523206875,11.2122257225,148368,12.083447198169694,12.369987620931953,12.714010998940672,11.169521501548086,11.551425282932312,12.571574721156662,11.838836596932838,"rgba(239, 83, 80, 0.75)",2.074621681136172,10.830414546833246,0.40060264766518805,0,,,0.0,0.0,0.0,0.0,43.85710165470026,-13.294542853646306,False,True,False,True,True,1.2054424318080024
2025-05-30 00:00:00+00:00,11.6115926227,11.9810070054,11.5117508977,11.8312444178,75723,12.082080477067583,12.367443384422211,12.709507154917446,11.171062821235914,11.551901405379775,12.566469694822933,11.829654202960148,"rgba(239, 83, 80, 0.75)",2.066182317532904,11.001139250653097,0.2954499062676165,0,,,0.0,0.0,0.0,0.0,45.00328179956931,-12.047513484307906,False,True,False,True,True,1.0283950227793284
2025-06-06 00:00:00+00:00,10.3735552321,11.8112760728,10.3535868871,11.4917825526,636248,12.046009913960201,12.320304795855757,12.642375960805047,11.163340070055886,11.533570532299223,12.48564783475992,11.738652177092419,"rgba(239, 83, 80, 0.75)",2.0702968518225755,10.892854468264401,-0.2508332250552569,0,,,0.0,0.0,0.0,0.0,43.73481530781412,-12.047513484307906,False,True,False,True,True,0.0
2025-06-13 00:00:00+00:00,11.0125422724,11.3120674476,10.508341561,10.5333019922,465207,12.022992021848337,12.289821253930505,12.598794043957948,11.159598809303052,11.522588656665137,12.434460230810004,11.72230965266882,"rgba(239, 83, 80, 0.75)",2.069849743179109,10.906175486118048,0.05138865110014263,0,,,0.0,0.0,0.0,0.0,44.15034655519903,-12.047513484307906,False,True,False,True,True,0.0
2025-06-20 00:00:00+00:00,11.2721307575,11.3769645688,11.08243148,11.1323523425,348198,12.010995178203359,12.272759976413115,12.573255645340854,11.16066228401963,11.518753815260112,12.405582827148974,11.722301011788298,"rgba(239, 83, 80, 0.75)",2.0684856175318815,10.96373562597939,0.14909222907171377,0,,,0.0,0.0,0.0,0.0,44.9602477922803,-11.600583696563739,False,True,False,True,True,0.0
2025-06-27 00:00:00+00:00,11.3919408276,11.5417034152,11.1323523425,11.2321940675,213394,12.004865978977898,12.263679752198458,12.559347862740072,11.162156793697463,11.517387479956067,12.390200336395404,11.723521925838355,"rgba(239, 83, 80, 0.75)",2.066141598064975,10.999895066683168,0.18974777008700566,0,,,0.0,0.0,0.0,0.0,45.78025012869819,-10.57285104410569,False,True,False,True,True,0.32228222162125064
2025-07-04 00:00:00+00:00,11.6,11.75,11.3320357926,11.5317192427,90396,12.003113955550438,12.260744599622694,12.554540234943907,11.16344863424149,11.517540264052789,12.385085376011219,11.725690511095896,#000000,2.064534054739556,11.021033722729356,0.28043435560750807,0,,,0.0,0.0,0.0,0.0,46.79540408220879,-9.354902593384402,False,True,False,False,True,1.036947502126484
2025-07-11 00:00:00+00:00,11.64,11.8,11.53,11.53,191778,12.000238932289982,12.255440798331078,12.545462846836903,11.166817384923869,11.518574212471146,12.375679468644908,11.73133032185302,#000000,2.0617516351014005,11.067807869297063,0.2775271865734673,0,,,0.0,0.0,0.0,0.0,47.605916652637056,-8.33735185041835,False,True,False,False,True,1.175546132545147
2025-07-18 00:00:00+00:00,11.55,11.75,11.27,11.66,294358,11.994240789219,12.245705874428367,12.529844276537016,11.170516149684868,11.518627886872839,12.359114551389768,11.73439229768782,#000000,2.0602480046705907,11.112943125965554,0.21213799166102187,0,,,0.0,0.0,0.0,0.0,47.98600465847787,-7.726672736187474,False,True,False,False,True,0.849220134790805
2025-07-25 00:00:00+00:00,11.57,11.77,11.5,11.55,130817,11.992123542414085,12.241990862700733,12.52366237493614,11.17254847281691,11.519100202635446,12.352728415231,11.73637910902074,#000000,2.0583373012113766,11.133991613116796,0.21182552860826231,0,,,0.0,0.0,0.0,0.0,48.30604474025301,-7.158327944731624,False,True,False,False,True,0.9211802024862727
2025-08-01 00:00:00+00:00,11.37,11.94,11.34,11.6,262627,11.987244311544176,12.233924632382145,12.510653894495363,11.175994521796076,11.519406512971406,12.339161908520767,11.73817351362043,#000000,2.0579325867777243,11.307121253752701,0.030554327508731778,0,,,0.0,0.0,0.0,0.0,48.05164266868698,-7.151153513034245,False,True,False,False,True,0.1767341699852345
2025-08-08 00:00:00+00:00,10.26,11.7,10.17,11.46,400229,11.966118781357808,12.207326210720398,12.47472333419864,11.169599979843706,11.507360866347204,12.298255720822366,11.713091969413968,"rgba(239, 83, 80, 0.75)",2.067530655654791,11.134551605077641,-0.4229932952557211,0,,,0.0,0.0,0.0,0.0,45.56790865498051,-7.151153513034245,False,True,False,True,True,0.0
2025-08-15 00:00:00+00:00,10.78,10.845,10.1,10.32,671226,11.928571789261165,12.160903618832238,12.413207283757457,11.156223795879658,11.484656924265177,12.228621751378832,11.66929132186476,"rgba(239, 83, 80, 1.0)",2.064823292097268,10.874635836642144,-0.04583241433024586,0,,,0.0,0.0,0.0,0.0,45.15542787423692,-7.151153513034245,False,True,False,True,False,0.0
2025-08-22 00:00:00+00:00,10.93,11.0599,10.47,10.8,490942,11.90711032783441,12.133579187858063,12.376345626623694,11.150780617390325,11.47302555101423,12.188183915820236,11.648742011739019,"rgba(239, 83, 80, 1.0)",2.056202218861565,10.887545707734569,0.020646944097227917,0,,,0.0,0.0,0.0,0.0,45.23936091767953,-7.151153513034245,False,True,False,True,False,0.0
2025-08-29 00:00:00+00:00,10.97,11.29,10.61,10.9,598699,11.88518967785602,12.105042397879032,12.337389275874274,11.147022879568125,11.462236793580816,12.146529738081682,11.630570765248331,"rgba(239, 83, 80, 1.0)",2.0539766904972394,10.91563071908162,0.0264702521552079,0,,,0.0,0.0,0.0,0.0,45.4041983232251,-7.151153513034245,False,True,False,True,False,0.0
2025-09-05 00:00:00+00:00,12.1,12.17,10.85,11.0,496765,11.881837467819427,12.097185601663883,12.323348480206283,11.155870031044183,11.46640214717297,12.134522100387978,11.638374045709043,#000000,2.046233964961602,11.035500241475809,0.5202238731015132,0,,,0.0,0.0,0.0,0.0,48.14163032153904,-6.242380905820191,False,False,False,False,True,2.900382314450855
2025-09-12 00:00:00+00:00,11.9,12.35,11.7856,12.18,374685,11.883653340945408,12.095935052865503,12.31820484962874,11.165956320571043,11.473324167819557,12.132047580813811,11.649894653033732,#000000,2.03830422841592,11.131674006240516,0.3769437275595476,1,0.21301708546779852,0.21301708546779852,0.0,0.0,0.0,0.0,49.60848383243969,-4.720756332946642,False,False,False,False,True,2.15982215625813
2025-09-19 00:00:00+00:00,12.7,13.005,11.9,11.92,441564,11.894199511738915,12.103390497798195,12.322343353703396,11.184706903409545,11.488967842343556,12.14140552490972,11.674849807828743,#000000,2.0245021399768994,11.274323280275189,0.7042110213531699,1,0.21680272339648432,0.21680272339648432,0.0,0.0,0.0,0.0,52.22594644267366,-2.1368577373026767,False,False,False,False,True,4.880598667035205
2025-09-26 00:00:00+00:00,12.76,12.97,12.48,12.68,311396,11.903710467161599,12.110884048787923,12.327846930719573,11.199553356865618,11.501799607913844,12.150997290695623,11.694526684829656,"rgba(38, 166, 154, 0.5)",2.003618533191281,11.370730357733677,0.6933803112978553,1,0.22099671583560582,0.22099671583560582,0.0,0.0,0.0,0.0,54.205826573898634,-0.22278093411241429,False,False,True,False,True,5.080472318073117
