date,Open,High,Low,Close,Volume,aVWAP_BoS_CHoCH_bull_174,aVWAP_BoS_CHoCH_bear_195,aVWAP_BoS_CHoCH_bear_231,Peaks_Valleys_avg,color,StDev,StDev_Mean,StdDev_ZScore,MA_Cross_Count,MA_Avg_Deviation_Z,MA_Oscillation_Score,BoS,CHoCH,BoS_CHoCH_Price,BoS_CHoCH_Break_Index,QQEMOD,QQE1_Value,QQE1_Above_Upper,QQE1_Below_Lower,QQE2_Above_Threshold,QQE2_Below_Threshold,QQE2_Above_TL,banker_RSI
2024-02-02 17:00:00+00:00,10.365,10.425,10.23,10.265,14511.0,,,,,"rgba(38, 166, 154, 1.0)",,,,0,,,0.0,0.0,0.0,0.0,,,False,False,False,False,False,
2024-02-05 17:00:00+00:00,9.95,10.135,9.935,10.065,12314.0,,,,,"rgba(38, 166, 154, 1.0)",,,,0,,,0.0,0.0,0.0,0.0,0.0,,False,False,False,True,False,
2024-02-06 17:00:00+00:00,10.365,10.395,10.165,10.195,4970.0,,,,,"rgba(239, 83, 80, 1.0)",,,,0,,,0.0,0.0,0.0,0.0,14.079422382671485,-71.11913357400722,False,False,False,True,True,
2024-02-07 17:00:00+00:00,10.155,10.285,10.125,10.27,9394.0,,,,,"rgba(239, 83, 80, 1.0)",,,,0,,,0.0,0.0,0.0,0.0,27.608346401622747,-57.53515971868394,False,False,False,True,True,
2024-02-08 17:00:00+00:00,10.45,10.5,10.35,10.445,10955.0,,,,,"rgba(38, 166, 154, 1.0)",,,,0,,,0.0,0.0,0.0,0.0,42.08184554825094,-43.068038346628214,False,False,False,True,True,
2024-02-09 17:00:00+00:00,10.505,10.605,10.475,10.535,17514.0,,,,,"rgba(239, 83, 80, 1.0)",,,,0,,,0.0,0.0,0.0,0.0,53.39912344348964,-31.48057466084459,False,False,True,False,True,
2024-02-12 17:00:00+00:00,10.785,10.9,10.755,10.835,10697.0,,,,,"rgba(38, 166, 154, 1.0)",,,,0,,,0.0,0.0,0.0,0.0,64.08466654255805,-20.295479041560895,False,False,True,False,True,
2024-02-13 17:00:00+00:00,10.535,10.555,10.355,10.465,16577.0,,,,,"rgba(239, 83, 80, 1.0)",,,,0,,,0.0,0.0,0.0,0.0,61.154451176348616,-20.295479041560895,False,False,True,False,True,
2024-02-14 17:00:00+00:00,10.41,10.435,10.27,10.31,12097.0,,,,,"rgba(239, 83, 80, 1.0)",,,,0,,,0.0,0.0,0.0,0.0,56.572346404574425,-20.295479041560895,False,False,True,False,True,
2024-02-15 17:00:00+00:00,10.785,10.88,10.69,10.8,7379.0,,,,,"rgba(38, 166, 154, 1.0)",,,,0,,,0.0,0.0,0.0,0.0,59.41706903548411,-19.713506467072655,False,False,True,False,True,
2024-02-16 17:00:00+00:00,10.785,10.825,10.73,10.775,9573.0,,,,,"rgba(239, 83, 80, 1.0)",,,,0,,,0.0,0.0,0.0,0.0,60.90230088832803,-15.874270398044906,False,False,True,False,True,
2024-02-19 17:00:00+00:00,10.775,10.775,10.775,10.775,0.0,,,,,"rgba(239, 83, 80, 1.0)",,,,0,,,0.0,0.0,0.0,0.0,61.892455456890644,-12.405505736525981,False,False,True,False,True,
2024-02-20 17:00:00+00:00,10.52,10.615,10.42,10.575,12581.0,,,,,"rgba(239, 83, 80, 1.0)",,,,0,,,0.0,0.0,0.0,0.0,59.12515893964959,-12.405505736525981,False,False,True,False,True,
2024-02-21 17:00:00+00:00,10.865,10.895,10.74,10.85,10312.0,,,,,"rgba(38, 166, 154, 1.0)",,,,0,,,0.0,0.0,0.0,0.0,60.36449694918424,-9.435080788641834,False,False,True,False,True,
2024-02-22 17:00:00+00:00,10.945,11.035,10.895,11.005,13813.0,,,,,"rgba(38, 166, 154, 1.0)",,,,0,,,0.0,0.0,0.0,0.0,62.58076167497227,-5.22965353786455,False,False,True,False,True,
2024-02-23 17:00:00+00:00,10.755,10.82,10.71,10.77,9428.0,,,,,"rgba(239, 83, 80, 1.0)",,,,0,,,0.0,0.0,0.0,0.0,60.469288112747364,-5.22965353786455,False,False,True,False,True,
2024-02-26 17:00:00+00:00,10.68,10.75,10.605,10.695,6143.0,,,,,"rgba(239, 83, 80, 1.0)",,,,0,,,0.0,0.0,0.0,0.0,58.039067893956464,-5.22965353786455,False,False,True,False,True,
2024-02-27 17:00:00+00:00,10.97,11.065,10.91,10.955,4887.0,,,,,"rgba(239, 83, 80, 1.0)",,,,0,,,0.0,0.0,0.0,0.0,59.15640481595646,-3.8955762668464047,False,False,True,False,True,
2024-02-28 17:00:00+00:00,11.085,11.125,10.98,10.99,10207.0,,,,,"rgba(239, 83, 80, 1.0)",,,,0,,,0.0,0.0,0.0,0.0,60.234305670825364,-1.475318213099463,False,False,True,False,True,
2024-02-29 17:00:00+00:00,11.105,11.125,10.875,11.08,11776.0,,,,,"rgba(239, 83, 80, 1.0)",,,,0,,,0.0,0.0,0.0,0.0,61.82597509554627,1.2846778317882865,False,False,True,False,True,
2024-03-01 17:00:00+00:00,11.36,11.44,11.27,11.415,20419.0,,,,,"rgba(239, 83, 80, 1.0)",,,,0,,,0.0,0.0,0.0,0.0,65.52049362409488,5.779125434939132,False,False,True,False,True,
2024-03-04 17:00:00+00:00,11.46,11.55,11.41,11.5,24779.0,,,,,"rgba(38, 166, 154, 1.0)",,,,0,,,0.0,0.0,0.0,0.0,68.53024967527779,9.389515216315417,False,False,True,False,True,
2024-03-05 17:00:00+00:00,11.65,11.74,11.545,11.65,23731.0,,,,,"rgba(38, 166, 154, 1.0)",,,,0,,,0.0,0.0,0.0,0.0,71.44705978616874,12.764679281799516,False,False,True,False,True,
2024-03-06 17:00:00+00:00,11.86,11.915,11.65,11.82,33200.0,,,,,"rgba(38, 166, 154, 1.0)",,11.795,,0,,,0.0,0.0,0.0,0.0,74.30300634096868,15.975672932233863,False,False,True,False,True,
2024-03-07 17:00:00+00:00,11.51,11.615,11.14,11.275,21636.0,,,,,"rgba(38, 166, 154, 1.0)",,11.616791159092566,,0,,,0.0,0.0,0.0,0.0,68.13417528243548,15.975672932233863,False,False,True,False,False,
2024-03-08 17:00:00+00:00,10.895,11.02,10.83,11.02,14661.0,,,,,"rgba(239, 83, 80, 1.0)",,11.21709939517773,,0,,,0.0,0.0,0.0,0.0,61.465667542864296,20.21725379448351,False,False,True,False,False,
2024-03-11 17:00:00+00:00,11.285,11.475,11.22,11.415,21499.0,,,,,"rgba(239, 83, 80, 1.0)",,11.327270535158213,,0,,,0.0,0.0,0.0,0.0,60.36073010469078,19.108070307397924,False,False,True,False,False,
2024-03-12 17:00:00+00:00,11.155,11.23,11.125,11.23,10389.0,,,,,"rgba(239, 83, 80, 1.0)",,11.313269136071504,,0,,,0.0,0.0,0.0,0.0,57.83311367721428,16.48060444325705,False,False,True,False,False,
2024-03-13 17:00:00+00:00,11.42,11.525,11.385,11.395,4840.0,,,,,"rgba(239, 83, 80, 1.0)",,11.324510005993492,,0,,,0.0,0.0,0.0,0.0,57.483533234849034,15.756178775021425,False,False,True,False,False,
2024-03-14 17:00:00+00:00,11.515,11.52,11.34,11.4,11037.0,,,,,"rgba(239, 83, 80, 1.0)",,11.341649006119756,,0,,,0.0,0.0,0.0,0.0,57.292024970882835,15.013014571287911,False,False,True,False,False,
2024-03-15 17:00:00+00:00,11.295,11.365,11.19,11.295,10751.0,,,,,"rgba(239, 83, 80, 1.0)",,11.337558584787258,,0,,,0.0,0.0,0.0,0.0,55.95428933862733,13.147153116790676,False,False,True,False,False,
2024-03-18 17:00:00+00:00,11.71,11.875,11.695,11.86,15634.0,,,,,"rgba(38, 166, 154, 1.0)",,11.407408705177051,,0,,,0.0,0.0,0.0,0.0,59.400982262691755,13.147153116790676,False,False,True,False,True,
2024-03-19 17:00:00+00:00,11.97,11.99,11.865,11.935,5363.0,,,,,"rgba(38, 166, 154, 1.0)",,11.43221072766224,,0,,,0.0,0.0,0.0,0.0,62.14751618142901,13.147153116790676,False,False,True,False,True,
2024-03-20 17:00:00+00:00,11.675,11.965,11.67,11.87,4646.0,,,,,"rgba(38, 166, 154, 1.0)",,11.448117864291156,,0,,,0.0,0.0,0.0,0.0,63.133431785261536,13.147153116790676,False,False,True,False,True,
2024-03-21 17:00:00+00:00,11.855,11.995,11.84,11.94,4562.0,,,,,"rgba(38, 166, 154, 1.0)",,11.465794964618318,,0,,,0.0,0.0,0.0,0.0,64.29596819226421,8.177821303069216,False,False,True,False,True,
2024-03-22 17:00:00+00:00,11.605,11.68,11.585,11.665,8335.0,,,,,"rgba(38, 166, 154, 1.0)",,11.47724899087346,,0,,,0.0,0.0,0.0,0.0,61.494288993478484,8.177821303069216,False,False,True,False,False,
2024-03-25 17:00:00+00:00,12.06,12.175,12.015,12.14,6927.0,,,,,"rgba(38, 166, 154, 1.0)",,11.50860700688989,,0,,,0.0,0.0,0.0,0.0,63.13125425049515,8.177821303069216,False,False,True,False,False,
2024-03-26 17:00:00+00:00,11.955,11.965,11.785,11.83,8318.0,,,,,"rgba(38, 166, 154, 1.0)",,11.528357368082865,,0,,,0.0,0.0,0.0,0.0,60.92563905722399,8.177821303069216,False,False,True,False,False,
2024-03-27 17:00:00+00:00,12.095,12.275,12.085,12.245,24221.0,,,,,"rgba(38, 166, 154, 1.0)",,11.622207038184428,,0,,,0.0,0.0,0.0,0.0,62.1110365577266,8.177821303069216,False,False,True,False,False,
2024-03-28 17:00:00+00:00,12.385,12.56,12.375,12.445,10551.0,,,,,"rgba(38, 166, 154, 1.0)",,11.66993568993565,,0,,,0.0,0.0,0.0,0.0,63.97110932357871,8.679436721974618,False,False,True,False,True,
2024-03-29 17:00:00+00:00,12.445,12.445,12.445,12.445,0.0,,,,,"rgba(38, 166, 154, 1.0)",,11.66993568993565,,0,,,0.0,0.0,0.0,0.0,65.21115783414677,10.104769445596759,False,False,True,False,True,
2024-04-01 17:00:00+00:00,12.445,12.51,12.365,12.47,3341.0,,,,,"rgba(38, 166, 154, 1.0)",,11.683706264041739,,0,,,0.0,0.0,0.0,0.0,66.1896408238109,11.308241568191086,True,False,True,False,True,
2024-04-02 17:00:00+00:00,12.365,12.565,12.365,12.545,8717.0,,,,,"rgba(38, 166, 154, 1.0)",,11.719314364900669,,0,,,0.0,0.0,0.0,0.0,67.32408126013962,12.668486976187047,True,False,True,False,True,
2024-04-03 17:00:00+00:00,12.495,12.605,12.475,12.585,12388.0,,,,,"rgba(38, 166, 154, 1.0)",,11.768487678303071,,0,,,0.0,0.0,0.0,0.0,68.34918759711695,13.921821632691788,True,False,True,False,True,
2024-04-04 17:00:00+00:00,12.565,12.665,12.525,12.585,8373.0,,,,,"rgba(38, 166, 154, 1.0)",,11.799927898224226,,0,,,0.0,0.0,0.0,0.0,69.0325918217685,14.860046197952727,True,False,True,False,True,
2024-04-05 17:00:00+00:00,12.715,12.775,12.665,12.675,3920.0,,,,12.705,"rgba(38, 166, 154, 1.0)",,12.112213705885933,,0,,,0.0,0.0,0.0,0.0,70.18105176649257,16.223646991147035,True,False,True,False,True,
2024-04-08 17:00:00+00:00,12.49,12.58,12.47,12.545,3343.0,,,,12.625218458855386,"rgba(38, 166, 154, 1.0)",,12.092651991412069,,0,,,0.0,0.0,0.0,0.0,68.4722620973721,16.223646991147035,True,False,True,False,True,
2024-04-09 17:00:00+00:00,12.575,12.61,12.505,12.61,5763.0,,,,12.603000665335996,"rgba(38, 166, 154, 1.0)",,12.09760597810426,,0,,,0.0,0.0,0.0,0.0,67.96760200405237,16.223646991147035,True,False,True,False,False,
2024-04-10 17:00:00+00:00,12.52,12.705,12.465,12.635,5697.0,,,,12.602594758674712,"rgba(38, 166, 154, 1.0)",,12.109520358502435,,0,,,0.0,0.0,0.0,0.0,67.88478535779127,16.223646991147035,True,False,True,False,False,
2024-04-11 17:00:00+00:00,12.535,12.565,12.43,12.475,5203.0,,,,12.57810965755524,"rgba(38, 166, 154, 1.0)",,12.11027015275337,,0,,,0.0,0.0,0.0,0.0,64.61926214423835,18.041645971008535,True,False,True,False,False,18.846196782097422
2024-04-12 17:00:00+00:00,12.47,12.495,12.235,12.295,12735.0,,,,12.495976014474964,"rgba(38, 166, 154, 1.0)",,12.098238761211718,,0,,,0.0,0.0,0.0,0.0,59.48866886271991,13.304962593133652,False,False,True,False,False,15.757934881219253
2024-04-15 17:00:00+00:00,12.045,12.075,11.925,11.995,7055.0,,,,12.415665164546926,"rgba(239, 83, 80, 1.0)",,12.073183919960947,,0,,,0.0,0.0,0.0,0.0,52.418847398927916,7.041573864836188,False,True,False,False,False,10.947824853123386
2024-04-16 17:00:00+00:00,11.89,12.08,11.835,12.055,7440.0,,,,12.353757493418824,"rgba(239, 83, 80, 1.0)",,12.054109231210342,,0,,,0.0,0.0,0.0,0.0,48.68608197730289,4.013292877453836,False,True,False,True,False,11.633212098744966
2024-04-17 17:00:00+00:00,11.875,12.015,11.765,11.785,10352.0,,,,12.269814956320046,"rgba(239, 83, 80, 1.0)",,12.02484860550071,,0,,,0.0,0.0,0.0,0.0,43.526960905520646,-0.3921344852409163,False,True,False,True,False,7.57586906737065
2024-04-18 17:00:00+00:00,11.855,11.855,11.675,11.765,1847.0,,,,12.255097992791939,"rgba(239, 83, 80, 1.0)",,11.955749795219063,,0,,,0.0,0.0,0.0,0.0,39.91110982894361,-3.407272664713787,False,True,False,True,False,7.284585522192845
2024-04-19 17:00:00+00:00,11.975,11.985,11.81,11.865,2718.0,,,,12.239942084260337,"rgba(239, 83, 80, 1.0)",,11.969988109171434,,0,,,0.0,0.0,0.0,0.0,39.34691139521274,-3.7978597011786093,False,True,False,True,False,8.481732995631504
2024-04-22 17:00:00+00:00,11.875,11.945,11.845,11.85,4339.0,,,,12.21776136643375,"rgba(239, 83, 80, 1.0)",,11.9694495137916,,0,,,0.0,0.0,0.0,0.0,38.79631761206957,-4.456491967901535,False,True,False,True,False,8.256442357768972
2024-04-23 17:00:00+00:00,11.985,12.025,11.915,12.005,5138.0,,,,12.201705051842046,"rgba(239, 83, 80, 1.0)",,11.977413183670002,,0,,,0.0,0.0,0.0,0.0,41.281473559825315,-4.456491967901535,False,True,False,True,False,10.103114951370497
2024-04-24 17:00:00+00:00,11.8,11.84,11.785,11.83,9015.0,,,,12.160835944736789,"rgba(239, 83, 80, 1.0)",,11.957604997496686,,0,,,0.0,0.0,0.0,0.0,40.64833584071721,-4.456491967901535,False,True,False,True,False,7.474185910754887
2024-04-25 17:00:00+00:00,11.825,12.055,11.82,12.025,1621.0,,,,12.157183978062948,"rgba(239, 83, 80, 1.0)",,11.958448959767448,,0,,,0.0,0.0,0.0,0.0,43.39789239996031,-4.456491967901535,False,True,False,True,True,9.765482705484168
2024-04-26 17:00:00+00:00,12.065,12.175,12.04,12.085,7930.0,,,,12.152365786192922,"rgba(239, 83, 80, 1.0)",,11.97333441805626,,0,,,0.0,0.0,0.0,0.0,46.10878154859601,-10.065719147596823,False,True,False,True,True,10.453148065393659
2024-04-29 17:00:00+00:00,12.175,12.2,12.005,12.155,6038.0,,,,12.135207272467067,"rgba(239, 83, 80, 1.0)",,12.009795770580785,,0,,,0.0,0.0,0.0,0.0,48.93961130499394,-7.223985849248436,False,True,False,False,True,11.253128352860355
2024-04-30 17:00:00+00:00,11.61,11.68,11.525,11.525,3947.0,,,,12.016942502689297,"rgba(239, 83, 80, 1.0)",,11.953747064672145,,0,,,0.0,0.0,0.0,0.0,43.71439185479627,-7.223985849248436,False,True,False,True,False,2.4389814300431816
2024-05-01 17:00:00+00:00,11.215,11.49,11.195,11.285,8452.0,,,,11.676663195085332,"rgba(239, 83, 80, 1.0)",,11.772592121624541,,0,,,0.0,0.0,0.0,0.0,38.64030179003705,-4.504836268211513,False,True,False,True,False,0.0
2024-05-02 17:00:00+00:00,11.905,12.145,11.73,11.735,13784.0,,,,11.815430059297226,"rgba(239, 83, 80, 1.0)",,11.843271025831987,,0,,,0.0,0.0,0.0,0.0,40.79474038650746,-4.504836268211513,False,True,False,True,False,4.624661859965428
2024-05-03 17:00:00+00:00,11.9,11.9,11.705,11.79,16705.0,,,,11.832153388314628,"rgba(239, 83, 80, 1.0)",,11.848969031041065,,0,,,0.0,0.0,0.0,0.0,42.79743490811535,-4.504836268211513,False,True,False,True,True,5.217503067761786
2024-05-06 17:00:00+00:00,12.11,12.14,11.93,11.965,11832.0,,,,11.871060431609521,"rgba(239, 83, 80, 1.0)",,11.873633824302468,,0,,,0.0,0.0,0.0,0.0,45.901299229790425,-11.277552665518797,False,True,False,True,True,7.075286092350048
2024-05-07 17:00:00+00:00,12.035,12.085,11.975,11.99,5754.0,,,,11.88482720494183,"rgba(239, 83, 80, 1.0)",,11.882759654009766,,0,,,0.0,0.0,0.0,0.0,48.222411535104925,-8.939488146926209,False,True,False,False,True,7.33787116095138
2024-05-08 17:00:00+00:00,12.035,12.05,11.945,11.995,5730.0,,,,11.894788146678897,"rgba(239, 83, 80, 1.0)",,11.889498277241763,,0,,,0.0,0.0,0.0,0.0,49.82539892352591,-7.199474093568099,False,True,False,False,True,7.391210703663077
2024-05-09 17:00:00+00:00,12.165,12.185,12.095,12.18,3779.0,,,,11.90719866146551,"rgba(38, 166, 154, 1.0)",,11.898197248504188,,0,,,0.0,0.0,0.0,0.0,52.903479438016355,-4.060509644283172,False,False,True,False,True,9.345303032599137
2024-05-10 17:00:00+00:00,11.94,11.945,11.885,11.915,7360.0,,,,11.90978784988694,"rgba(38, 166, 154, 1.0)",,11.900002002538727,,0,,,0.0,0.0,0.0,0.0,51.58161058663238,-4.060509644283172,False,False,False,False,True,5.92644963444824
2024-05-13 17:00:00+00:00,11.815,11.875,11.725,11.83,9693.0,,,,11.902791827351834,"rgba(38, 166, 154, 1.0)",,11.894916834148349,,0,,,0.0,0.0,0.0,0.0,49.750296823740506,-4.060509644283172,False,True,False,False,False,4.866870929538877
2024-05-14 17:00:00+00:00,11.985,12.115,11.865,11.985,6700.0,,,,11.909058680224684,"rgba(38, 166, 154, 1.0)",,11.899515576318828,,0,,,0.0,0.0,0.0,0.0,50.44741173333162,-4.060509644283172,False,False,False,False,False,6.53488148563655
2024-05-15 17:00:00+00:00,12.085,12.095,12.025,12.09,5008.0,,,,11.916606263734195,"rgba(38, 166, 154, 1.0)",,11.905134510499963,,0,,,0.0,0.0,0.0,0.0,52.119632413669876,-3.836067102721188,False,False,True,False,False,7.642256283102114
2024-05-16 17:00:00+00:00,12.065,12.075,11.995,12.07,7134.0,,,,11.924865006078262,"rgba(38, 166, 154, 1.0)",0.6978732041058799,11.91140427183838,0.22725579264046095,0,,,0.0,0.0,0.0,0.0,52.941175951023894,-2.67226966757282,False,False,True,False,False,7.383268718736485
2024-05-17 17:00:00+00:00,12.105,12.365,12.08,12.325,8291.0,,,,11.946008501826606,"rgba(38, 166, 154, 1.0)",0.6852388417699834,11.927510088065413,0.5800749865665286,0,,,0.0,0.0,0.0,0.0,56.294905565511854,0.7896673047985914,True,False,True,False,True,10.032131570295782
2024-05-20 17:00:00+00:00,12.51,12.625,12.465,12.55,9853.0,,,,12.127088390407897,"rgba(38, 166, 154, 1.0)",0.6687875745106348,12.043144614490116,0.7578720132184893,0,,,0.0,0.0,0.0,0.0,60.447212981531905,4.816206218690581,True,False,True,False,True,12.245562643484444
2024-05-21 17:00:00+00:00,12.47,12.49,12.4,12.44,6199.0,,,,12.131232302886929,"rgba(38, 166, 154, 1.0)",0.6525689014741425,12.050134674886214,0.597431664661135,0,,,0.0,0.0,0.0,0.0,61.410900850318804,5.828273729750478,True,False,True,False,True,10.78750229574619
2024-05-22 17:00:00+00:00,12.27,12.305,12.155,12.25,15496.0,,,,12.114360090564547,"rgba(38, 166, 154, 1.0)",0.6343192207980709,12.046608278936244,0.320645685003614,0,,,0.0,0.0,0.0,0.0,59.25164114022516,5.828273729750478,True,False,True,False,True,8.332887090836184
2024-05-23 17:00:00+00:00,12.21,12.215,11.915,11.955,10705.0,,,,12.092709464483333,"rgba(38, 166, 154, 1.0)",0.6172942484659865,12.035084648040378,-0.1297349655199174,0,,,0.0,0.0,0.0,0.0,54.366448735016405,10.152942675493925,False,False,True,False,False,4.719087576012107
2024-05-24 17:00:00+00:00,12.03,12.06,11.89,11.945,8927.0,,,,12.076628223051712,"rgba(38, 166, 154, 1.0)",0.6016121359831099,12.025833127346415,-0.13436086560043034,0,,,0.0,0.0,0.0,0.0,51.003737449465746,7.050056459936698,False,False,False,False,False,4.5996857719816155
2024-05-27 17:00:00+00:00,11.945,11.945,11.945,11.945,0.0,,,,12.076628223051712,"rgba(38, 166, 154, 1.0)",0.5923556044827802,12.025833127346415,-0.1364604753203855,0,,,0.0,0.0,0.0,0.0,48.76192992576531,4.9568649729832615,False,True,False,True,False,4.599685771981605
2024-05-28 17:00:00+00:00,12.41,12.565,12.36,12.535,9284.0,,,,12.102713002460359,"rgba(38, 166, 154, 1.0)",0.5790014470410879,12.046724232512135,0.8433066445397248,0,,,0.0,0.0,0.0,0.0,53.71765561340118,4.9568649729832615,False,False,True,False,True,10.531605735833935
2024-05-29 17:00:00+00:00,12.155,12.215,12.065,12.2,20668.0,,,,12.103867035518675,"rgba(38, 166, 154, 1.0)",0.5541633333233066,12.05159601009458,0.267798284335133,0,,,0.0,0.0,0.0,0.0,53.17073718161434,4.9568649729832615,False,False,True,False,True,6.550409795522743
2024-05-30 17:00:00+00:00,12.24,12.265,12.13,12.21,3233.0,,,,12.105063859347116,"rgba(38, 166, 154, 1.0)",0.5429439023334541,12.053048165340225,0.28907560060114995,0,,,0.0,0.0,0.0,0.0,52.90293052587714,4.9568649729832615,False,False,True,False,True,6.647320463874085
2024-05-31 17:00:00+00:00,12.28,12.41,12.265,12.38,8491.0,,,,12.115644487292293,"rgba(38, 166, 154, 1.0)",0.5320243339283367,12.0624747071443,0.5968247551971388,0,,,0.0,0.0,0.0,0.0,54.37345653988382,4.9568649729832615,True,False,True,False,True,8.285803103953867
2024-06-03 17:00:00+00:00,11.785,11.855,11.705,11.765,12436.0,,,,12.090456741494949,"rgba(38, 166, 154, 1.0)",0.516835485351884,12.044980371492935,-0.5417204882948615,0,,,0.0,0.0,0.0,0.0,49.67754656779911,4.9568649729832615,False,False,False,False,False,1.5151028848461223
2024-06-04 17:00:00+00:00,11.345,11.43,11.31,11.36,12386.0,,,,12.043991557146688,"rgba(239, 83, 80, 1.0)",0.4978130370127106,12.01027874783566,-1.3062710284525085,0,,,0.0,0.0,0.0,0.0,44.12434782146381,0.6142706680968217,False,True,False,True,False,0.0
2024-06-05 17:00:00+00:00,11.32,11.355,11.245,11.345,17760.0,,,,11.984073217995897,"rgba(239, 83, 80, 1.0)",0.48710583048254386,11.964379093391367,-1.2715493320574458,0,,,0.0,0.0,0.0,0.0,40.3401016240307,-2.8258802078458842,False,True,False,True,False,0.0
2024-06-06 17:00:00+00:00,11.455,11.615,11.445,11.58,6829.0,,,,11.970874428120313,"rgba(239, 83, 80, 1.0)",0.4774322460303119,11.95418772403985,-0.7837504214495232,0,,,0.0,0.0,0.0,0.0,40.42158839228778,-2.8258802078458842,False,True,False,True,False,0.0
2024-06-07 17:00:00+00:00,11.32,11.365,11.235,11.25,11461.0,,,,11.938059312744578,"rgba(239, 83, 80, 1.0)",0.4651843381590434,11.928322385799223,-1.458179758337671,0,,,0.0,0.0,0.0,0.0,38.37746820035926,-4.9294480096820195,False,True,False,True,False,0.0
2024-06-10 17:00:00+00:00,11.535,11.545,11.475,11.535,5626.0,,,,11.92856282411948,"rgba(239, 83, 80, 1.0)",0.44539485468129897,11.920790081504958,-0.8661754338877771,0,,,0.0,0.0,0.0,0.0,39.88345940129517,-4.9294480096820195,False,True,False,True,False,0.0
2024-06-11 17:00:00+00:00,11.525,11.605,11.475,11.6,10818.0,,,,11.913322596576633,"rgba(239, 83, 80, 1.0)",0.43266622593294934,11.908602170464723,-0.7132568986619909,0,,,0.0,0.0,0.0,0.0,41.50631258472257,-4.9294480096820195,False,True,False,True,True,0.03770078510292052
2024-06-12 17:00:00+00:00,11.59,11.595,11.46,11.495,2897.0,,,,11.908993769763043,"rgba(239, 83, 80, 1.0)",0.4217429514729512,11.905112764166953,-0.972423517060857,0,,,0.0,0.0,0.0,0.0,41.7560072246128,-4.9294480096820195,False,True,False,True,True,0.0
2024-06-13 17:00:00+00:00,11.14,11.19,11.055,11.1,3080.0,,,,11.899832237841956,"rgba(239, 83, 80, 1.0)",0.4212044291922512,11.897697058067493,-1.8938477441874164,0,,,0.0,0.0,0.0,0.0,39.23213133701833,-5.046593152775074,False,True,False,True,True,0.0
2024-06-14 17:00:00+00:00,10.89,10.89,10.795,10.875,11581.0,,,,11.65581137430151,"rgba(239, 83, 80, 1.0)",0.43453010760408,11.736184559990459,-1.9818754671313206,0,,,0.0,0.0,0.0,0.0,36.30691542763712,-8.047389592811555,False,True,False,True,False,0.0
2024-06-17 17:00:00+00:00,10.85,10.985,10.85,10.92,5377.0,,,,11.645838808339018,"rgba(239, 83, 80, 1.0)",0.4471335129224573,11.726076217524385,-1.8027640385438441,0,,,0.0,0.0,0.0,0.0,34.91194202762601,-9.577064991622983,False,True,False,True,False,0.0
2024-06-18 17:00:00+00:00,11.115,11.24,11.105,11.23,14019.0,,,,11.650671010708601,"rgba(239, 83, 80, 1.0)",0.4530877249346812,11.72223254640274,-1.0863956786154416,0,,,0.0,0.0,0.0,0.0,37.52405338475513,-9.577064991622983,False,True,False,True,True,0.0
2024-06-19 17:00:00+00:00,11.23,11.23,11.23,11.23,0.0,,,,11.650671010708601,"rgba(239, 83, 80, 1.0)",0.4597340398397602,11.72223254640274,-1.0706897983327635,0,,,0.0,0.0,0.0,0.0,39.265460956174536,-9.577064991622983,False,True,False,True,True,0.0
2024-06-20 17:00:00+00:00,11.275,11.335,11.23,11.29,8524.0,,,,11.650851857263284,"rgba(239, 83, 80, 1.0)",0.4594609748252687,11.718943550182829,-0.9335799419002996,0,,,0.0,0.0,0.0,0.0,41.13120771117827,-14.1846011900234,False,True,False,True,True,0.0
2024-06-21 17:00:00+00:00,11.075,11.09,11.005,11.02,7433.0,,,,11.635648548378608,"rgba(239, 83, 80, 1.0)",0.4594609748252687,11.70526526765751,-1.491454781155491,9,0.3112768525367461,2.8014916728307147,0.0,0.0,0.0,0.0,40.01948145522948,-14.1846011900234,False,True,False,True,True,0.0
2024-06-24 17:00:00+00:00,11.365,11.505,11.355,11.44,6232.0,,,,11.639052475177635,"rgba(239, 83, 80, 1.0)",0.4591120199328762,11.705718899386763,-0.5787670281985057,9,0.32090077506213116,2.8881069755591806,0.0,0.0,0.0,0.0,43.75887550025823,-11.47789191472134,False,True,False,True,True,0.0
2024-06-25 17:00:00+00:00,11.395,11.4,11.32,11.335,3737.0,,,,11.638471975171253,"rgba(239, 83, 80, 1.0)",0.457191022036336,11.704159088908739,-0.8074504334413601,9,0.3295954617852377,2.9663591560671394,0.0,0.0,0.0,0.0,45.27328148442463,-9.951008695061013,False,False,False,True,True,0.0
2024-06-26 17:00:00+00:00,11.185,11.225,11.145,11.155,11022.0,,,,11.624889909877973,"rgba(239, 83, 80, 1.0)",0.4616164996973046,11.690910556132252,-1.160943242894621,9,0.33738328846104865,3.036449596149438,0.0,0.0,0.0,0.0,44.68086767500012,-9.951008695061013,False,True,False,True,True,0.0
2024-06-27 17:00:00+00:00,11.215,11.225,11.155,11.205,14119.0,,,,11.609644977765388,"rgba(239, 83, 80, 1.0)",0.46500896048714174,11.675761299354269,-1.0123703828440231,9,0.34372755265085125,3.0935479738576612,0.0,0.0,0.0,0.0,44.85390396581535,-9.926373184447456,False,True,False,True,True,0.0
2024-06-28 17:00:00+00:00,11.085,11.12,10.975,11.005,11903.0,,,,11.589066772051895,"rgba(239, 83, 80, 1.0)",0.4712518119543617,11.657135826455702,-1.3838372817097147,9,0.34813605956809446,3.1332245361128503,0.0,0.0,0.0,0.0,43.16898378967579,-9.926373184447456,False,True,False,True,True,0.0
2024-07-01 17:00:00+00:00,11.06,11.07,10.99,11.015,2687.0,,,,11.58458661998285,"rgba(239, 83, 80, 1.0)",0.4820482574623844,11.653054604478342,-1.3236322185608786,9,0.349579280195393,3.146213521758537,0.0,0.0,0.0,0.0,42.179676673969475,-9.926373184447456,False,True,False,True,False,0.0
2024-07-02 17:00:00+00:00,11.055,11.185,10.995,11.15,14512.0,,,,11.56664766212011,"rgba(239, 83, 80, 1.0)",0.48936051302869776,11.635911084081824,-0.992951149806663,9,0.3561745974366933,3.2055713769302394,0.0,0.0,0.0,0.0,43.35520066439388,-9.926373184447456,False,True,False,True,False,0.0
2024-07-03 17:00:00+00:00,11.36,11.36,11.36,11.36,0.0,,,,11.56664766212011,"rgba(239, 83, 80, 1.0)",0.4929200728294565,11.635911084081824,-0.5597481200106985,9,0.36680783642074943,3.3012705277867447,0.0,0.0,0.0,0.0,46.65003324833586,-7.551699512379585,False,False,False,True,True,0.0
2024-07-04 17:00:00+00:00,11.36,11.36,11.36,11.36,0.0,,,,11.56664766212011,"rgba(239, 83, 80, 1.0)",0.49627012406151805,11.635911084081824,-0.555969563155937,9,0.37118343829204925,3.340650944628443,0.0,0.0,0.0,0.0,48.846588304297185,-5.4311695116760035,True,False,False,False,True,0.0
2024-07-05 17:00:00+00:00,11.075,11.08,10.955,11.065,9767.0,,,,11.552616774289977,"rgba(239, 83, 80, 1.0)",0.50418865338105,11.622853550834465,-1.1064381300402997,9,0.37413076079436575,3.3671768471492918,0.0,0.0,0.0,0.0,46.799337512602854,-5.4311695116760035,False,False,False,True,False,0.0
2024-07-08 17:00:00+00:00,11.055,11.1,10.975,11.08,16116.0,,,,11.532269932853715,"rgba(239, 83, 80, 1.0)",0.5107504812078519,11.603546326072586,-1.0250530255683228,9,0.3772891182846158,3.395602064561542,0.0,0.0,0.0,0.0,45.64826221278477,-5.4311695116760035,False,False,False,True,False,0.0
2024-07-09 17:00:00+00:00,11.12,11.195,11.015,11.035,19876.0,,,,11.511453041418664,"rgba(239, 83, 80, 1.0)",0.5190463188204684,11.583228070973902,-1.0562218651694695,9,0.3830171921568424,3.447154729411581,0.0,0.0,0.0,0.0,44.354950538054254,-1.3407153037505353,False,True,False,True,False,0.0
2024-07-10 17:00:00+00:00,10.935,10.94,10.755,10.79,50511.0,,,,11.433141205533031,"rgba(239, 83, 80, 1.0)",0.5301999622783823,11.4349374175358,-1.2164041181073773,9,0.3822660686035297,3.440394617431767,0.0,0.0,0.0,0.0,40.95456845033169,-4.604627210246953,False,True,False,True,False,0.0
2024-07-11 17:00:00+00:00,11.08,11.185,11.045,11.165,8555.0,,,,11.428468113334834,"rgba(239, 83, 80, 1.0)",0.5299345531578673,11.435213935255927,-0.5099005785633896,9,0.3836829771135053,3.4531467940215474,0.0,0.0,0.0,0.0,43.93155652589491,-4.604627210246953,False,True,False,True,True,0.0
2024-07-12 17:00:00+00:00,11.19,11.265,11.165,11.225,16634.0,,,,11.423253527726034,"rgba(239, 83, 80, 1.0)",0.5282269509516808,11.437663460511382,-0.40259865599102324,9,0.388399328581664,3.4955939572349757,0.0,0.0,0.0,0.0,46.60498450680662,-8.25738253707177,False,False,False,True,True,0.0
2024-07-15 17:00:00+00:00,11.235,11.335,11.16,11.295,7030.0,,,,11.421847277020214,"rgba(239, 83, 80, 1.0)",0.5246598383199761,11.438732636486346,-0.2739539526154612,9,0.3949646194646315,3.5546815751816836,0.0,0.0,0.0,0.0,49.209508729254026,-5.85587535398939,True,False,False,False,True,0.0
2024-07-16 17:00:00+00:00,11.245,11.315,11.24,11.265,9082.0,,,,11.420241524107926,"rgba(239, 83, 80, 1.0)",0.5194535416974065,11.439739421601395,-0.3363908561108322,9,0.3979519664134914,3.5815676977214226,0.0,0.0,0.0,0.0,50.507705950282315,-4.614813396927801,True,False,False,False,True,0.0
2024-07-17 17:00:00+00:00,11.28,11.285,11.135,11.19,4900.0,,,,11.418584447068204,"rgba(239, 83, 80, 1.0)",0.5137071763787813,11.439054055328658,-0.48481716195652,9,0.39998742094317113,3.5998867884885404,0.0,0.0,0.0,0.0,50.24713051860833,-4.614813396927801,True,False,False,False,True,0.0
2024-07-18 17:00:00+00:00,11.225,11.225,11.03,11.06,8497.0,,,,11.413878601319439,"rgba(239, 83, 80, 1.0)",0.5091970096088464,11.435376040714278,-0.7371921547666449,9,0.39977582527075595,3.5979824274368033,0.0,0.0,0.0,0.0,48.244219233989895,-4.614813396927801,True,False,False,False,False,0.0
2024-07-19 17:00:00+00:00,10.97,11.035,10.925,10.955,11491.0,,,,11.40438597634883,"rgba(239, 83, 80, 1.0)",0.5034095730100839,11.426417330746323,-0.9364488798405912,9,0.3958304673204387,3.562474205883948,0.0,0.0,0.0,0.0,45.56502702399415,-4.614813396927801,False,False,False,True,False,0.0
2024-07-22 17:00:00+00:00,11.015,11.04,10.955,11.005,16076.0,,,,11.392764608887017,"rgba(239, 83, 80, 1.0)",0.4989332494306067,11.415698005925925,-0.8231522080250655,9,0.39224869966616993,3.5302382969955293,0.0,0.0,0.0,0.0,44.706704943534675,-0.48924788226896965,False,False,False,True,False,0.0
2024-07-23 17:00:00+00:00,10.57,10.665,10.545,10.64,12166.0,,,,11.374890132427657,"rgba(239, 83, 80, 1.0)",0.49993535618153334,11.397154352069137,-1.5145045108476052,9,0.38380421697196176,3.454237952747656,0.0,0.0,0.0,0.0,40.17128704291663,-4.8278900377581095,False,True,False,True,False,0.0
2024-07-24 17:00:00+00:00,10.515,10.57,10.39,10.39,6394.0,,,,11.363701947092844,"rgba(239, 83, 80, 1.0)",0.5061591549009916,11.385486479297263,-1.9667459724046426,9,0.3722189100069573,3.3499701900626153,0.0,0.0,0.0,0.0,35.3265270051476,-9.262270511640757,False,True,False,True,False,0.0
2024-07-25 17:00:00+00:00,10.435,10.485,10.35,10.42,5914.0,,,,11.353239841233819,"rgba(239, 83, 80, 1.0)",0.5137575759508003,11.374644917521247,-1.8581622193200857,9,0.3632393003799647,3.2691537034196823,0.0,0.0,0.0,0.0,32.67092229318107,-11.606119930851811,False,True,False,True,False,0.0
2024-07-26 17:00:00+00:00,10.31,10.41,10.265,10.36,11475.0,,,,11.332006430895763,"rgba(239, 83, 80, 1.0)",0.5254794293125334,11.352762120451366,-1.8892502067115422,9,0.3556232281339671,3.200609053205704,0.0,0.0,0.0,0.0,30.448704607887294,-13.635510771291386,False,True,False,True,False,0.0
2024-07-29 17:00:00+00:00,10.09,10.22,10.065,10.205,12705.0,,,,11.30523418362119,"rgba(239, 83, 80, 1.0)",0.5451625924916779,11.32522932656154,-2.054853619800851,9,0.34440187452600435,3.0996168707340392,0.0,0.0,0.0,0.0,27.876268801731545,-16.063925200957726,False,True,False,True,False,0.0
2024-07-30 17:00:00+00:00,10.26,10.33,10.19,10.31,19682.0,,,,11.270320079591778,"rgba(239, 83, 80, 1.0)",0.5592349745471499,11.290169578982063,-1.7526972088535262,9,0.33629093157645307,3.026618384188078,0.0,0.0,0.0,0.0,28.415544231552424,-16.063925200957726,False,True,False,True,False,0.0
2024-07-31 17:00:00+00:00,10.6,10.795,10.545,10.775,49937.0,,,,11.227495700139675,"rgba(38, 166, 154, 1.0)",0.5644256189076412,11.250236806114817,-0.8419830535590571,9,0.33295938550432064,2.996634469538886,0.0,0.0,0.0,0.0,35.91128967178579,-20.501633004124457,False,True,False,True,True,0.0
2024-08-01 17:00:00+00:00,10.005,10.075,9.83,9.995,33994.0,,,,11.162806307221903,"rgba(239, 83, 80, 1.0)",0.5891062477780774,11.185871963341818,-2.021489277754923,9,0.32129588067377185,2.8916629260639466,0.0,0.0,0.0,0.0,34.727595778412855,-20.501633004124457,False,True,False,True,True,0.0
2024-08-02 17:00:00+00:00,9.515,9.52,9.355,9.425,31377.0,,,,11.084129617934035,"rgba(239, 83, 80, 1.0)",0.6324074764075849,11.107462086946756,-2.660408280597892,9,0.3032640512388898,2.729376461150008,0.0,0.0,0.0,0.0,31.452569002902486,-20.501633004124457,False,True,False,True,False,0.0
2024-08-05 17:00:00+00:00,9.185,9.32,9.18,9.275,7406.0,,,,10.763670239266588,"rgba(239, 83, 80, 1.0)",0.6776234171687759,10.90521254999381,-2.4057795357856873,9,0.2860942692327194,2.574848423094475,0.0,0.0,0.0,0.0,28.739041730251337,-14.432633599697418,False,True,False,True,False,0.0
2024-08-06 17:00:00+00:00,9.485,9.685,9.48,9.49,24067.0,,,,10.759258965528453,"rgba(239, 83, 80, 1.0)",0.7086226139554128,10.883232090621508,-1.9661129396431756,8,0.2962993740131661,2.3703949921053287,0.0,0.0,0.0,0.0,29.31691289613556,-14.432633599697418,False,True,False,True,False,0.0
2024-08-07 17:00:00+00:00,9.695,9.735,9.575,9.58,14544.0,,,,10.744448632805389,"rgba(239, 83, 80, 1.0)",0.7356923992446156,10.864038341096814,-1.7453467541804446,7,0.31279637568043756,2.189574629763063,0.0,0.0,0.0,0.0,30.67833582627842,-14.432633599697418,False,True,False,True,False,0.0
2024-08-08 17:00:00+00:00,9.865,10.005,9.83,9.92,23939.0,,,,10.739124155158775,"rgba(239, 83, 80, 1.0)",0.7489663928759752,10.84862443833821,-1.2398746421349571,7,0.3062475799920911,2.143733059944638,0.0,0.0,0.0,0.0,34.95656834568895,-14.432633599697418,False,True,False,True,True,0.0
2024-08-09 17:00:00+00:00,9.905,9.925,9.845,9.9,13589.0,,,,10.730020878734464,"rgba(239, 83, 80, 1.0)",0.7606161679552615,10.836372361284827,-1.2310708090810696,7,0.2997526497519093,2.098268548263365,0.0,0.0,0.0,0.0,37.664437429860904,-18.842959890336076,False,True,False,True,True,0.0
2024-08-12 17:00:00+00:00,10.18,10.285,10.125,10.22,10783.0,,,,10.731735550906018,"rgba(38, 166, 154, 1.0)",0.7632016015999155,10.833996440776545,-0.8045009857020882,7,0.2967954940611953,2.077568458428367,0.0,0.0,0.0,0.0,42.35109177126172,-14.382396425282025,True,False,False,True,True,0.0
2024-08-13 17:00:00+00:00,10.155,10.21,10.115,10.185,4983.0,,,,10.731339206995168,"rgba(38, 166, 154, 1.0)",0.7723057323004506,10.832109435366881,-0.8378928296172937,6,0.3255177097907777,1.9531062587446661,0.0,0.0,0.0,0.0,45.15925169263295,-11.7304111290481,True,False,False,True,True,0.0
2024-08-14 17:00:00+00:00,10.19,10.195,10.09,10.135,6921.0,,,,10.729785024548585,"rgba(38, 166, 154, 1.0)",0.7825881753848849,10.828810586316342,-0.886558995061635,6,0.3226214327380121,1.9357285964280724,0.0,0.0,0.0,0.0,46.54667057774987,-10.306099379663507,True,False,False,True,True,0.0
2024-08-15 17:00:00+00:00,10.39,10.425,10.265,10.295,5021.0,,,,10.673326724731925,"rgba(38, 166, 154, 1.0)",0.7873511756985346,10.782779854890398,-0.6195200692469177,6,0.32181764447546557,1.9309058668527934,0.0,0.0,0.0,0.0,49.0503945895717,-7.755025537596012,True,False,False,False,True,0.0
2024-08-16 17:00:00+00:00,10.205,10.235,10.165,10.21,9421.0,,,,10.660224261380739,"rgba(38, 166, 154, 1.0)",0.7924060065895954,10.771867495160889,-0.7090651641815373,6,0.32076834930093506,1.9246100958056105,0.0,0.0,0.0,0.0,49.76630257244871,-6.808187656562772,True,False,False,False,True,0.0
2024-08-19 17:00:00+00:00,10.275,10.305,10.195,10.215,7319.0,,,,10.658862378025573,"rgba(38, 166, 154, 1.0)",0.7946352100914655,10.769152649192366,-0.6973673481301952,6,0.3201205296703472,1.9207231780220833,0.0,0.0,0.0,0.0,50.300324657623875,-5.91679303592467,True,False,False,False,True,0.0
2024-08-20 17:00:00+00:00,9.995,10.09,9.97,10.0,6956.0,,,,10.647015799660405,"rgba(38, 166, 154, 1.0)",0.7995227292545127,10.759203825849887,-0.9495712855565479,6,0.31884301267870097,1.9130580760722058,0.0,0.0,0.0,0.0,48.18392617336944,-5.91679303592467,True,False,False,False,True,0.0
2024-08-21 17:00:00+00:00,9.985,10.02,9.935,10.02,14561.0,,,,10.628130187705954,"rgba(38, 166, 154, 1.0)",0.8030511466551394,10.742083922194034,-0.8991755073156313,6,0.31823388655776474,1.9094033193465885,0.0,0.0,0.0,0.0,47.05110776018182,-5.91679303592467,True,False,False,True,False,0.0
2024-08-22 17:00:00+00:00,10.04,10.055,9.945,9.98,6839.0,,,,10.621254709093558,"rgba(38, 166, 154, 1.0)",0.8032584373146087,10.735375635584036,-0.940389295018611,6,0.3176895730492896,1.9061374382957375,0.0,0.0,0.0,0.0,45.81209334306166,-5.91679303592467,True,False,False,True,False,0.0
2024-08-23 17:00:00+00:00,10.235,10.265,10.165,10.22,16234.0,,,,10.620985411068087,"rgba(38, 166, 154, 1.0)",0.8030340831737645,10.731343944653448,-0.6367649336034471,6,0.31936077480244246,1.9161646488146546,0.0,0.0,0.0,0.0,48.37640210178252,-5.91679303592467,True,False,False,False,True,0.0
2024-08-26 17:00:00+00:00,10.315,10.38,10.315,10.35,4667.0,,,,10.622734733842886,"rgba(38, 166, 154, 1.0)",0.8017495902121778,10.731628768297277,-0.475994965206383,6,0.32112203748714496,1.9267322249228698,0.0,0.0,0.0,0.0,51.6139651198301,-3.6294458940152055,True,False,True,False,True,0.0
2024-08-27 17:00:00+00:00,10.13,10.21,10.125,10.16,19294.0,,,,10.6161043002399,"rgba(38, 166, 154, 1.0)",0.8000230965134348,10.722602762873482,-0.7032331507994581,6,0.32265355506732324,1.9359213304039393,0.0,0.0,0.0,0.0,51.07127931226911,-3.6294458940152055,True,False,False,False,True,0.0
2024-08-28 17:00:00+00:00,10.135,10.155,10.09,10.14,10684.0,,,,10.611137989358783,"rgba(38, 166, 154, 1.0)",0.7959371042198393,10.716700108748762,-0.7245548746141581,6,0.3245718424765552,1.9474310548593312,0.0,0.0,0.0,0.0,50.43871865662561,-3.6294458940152055,True,False,False,False,True,0.0
2024-08-29 17:00:00+00:00,10.335,10.405,10.305,10.31,19643.0,,,,10.613024082935464,"rgba(38, 166, 154, 1.0)",0.7892313400442849,10.683425382979726,-0.4731507278446038,5,0.36638514734582694,1.8319257367291346,0.0,0.0,0.0,0.0,52.295686103803334,-2.4184135868899546,True,False,True,False,True,0.0
2024-08-30 17:00:00+00:00,10.065,10.31,10.065,10.285,21374.0,,,,10.607156276242048,"rgba(38, 166, 154, 1.0)",0.776419954628895,10.670749172189032,-0.49683057459980906,5,0.36756602180116993,1.8378301090058495,0.0,0.0,0.0,0.0,53.12727586509635,-1.3808886218519874,True,False,True,False,True,0.0
2024-09-02 17:00:00+00:00,10.285,10.285,10.285,10.285,0.0,,,,10.607156276242048,"rgba(38, 166, 154, 1.0)",0.7562497978556728,10.670749172189032,-0.5100816863459846,5,0.36729172531887877,1.8364586265943939,0.0,0.0,0.0,0.0,53.68166903929169,-0.5698096552014817,True,False,True,False,True,0.0
2024-09-03 17:00:00+00:00,9.715,9.74,9.62,9.66,21443.0,,,,10.575781758022272,"rgba(239, 83, 80, 1.0)",0.7477002277855879,10.627240552559904,-1.2936207809171243,5,0.36339329475911086,1.8169664737955542,0.0,0.0,0.0,0.0,46.60274186105477,1.2277752184205966,True,False,False,True,False,0.0
2024-09-04 17:00:00+00:00,9.655,9.675,9.505,9.54,13304.0,,,,10.555453778387305,"rgba(239, 83, 80, 1.0)",0.7451129245089362,10.602922158528548,-1.4265249247005931,5,0.3577989430873457,1.7889947154367287,0.0,0.0,0.0,0.0,41.007870018948395,-3.75353578953127,False,False,False,True,False,0.0
2024-09-05 17:00:00+00:00,9.495,9.515,9.4,9.41,13254.0,,,,10.533158302351946,"rgba(239, 83, 80, 1.0)",0.7508481210610374,10.577587663733325,-1.5550250856103702,5,0.3515854649506195,1.7579273247530973,0.0,0.0,0.0,0.0,36.38530705762993,-7.730707288519817,False,True,False,True,False,0.0
2024-09-06 17:00:00+00:00,9.19,9.25,9.14,9.175,5573.0,,,,10.521507168239578,"rgba(239, 83, 80, 1.0)",0.7613338816046928,10.564503741997791,-1.8250911664000555,5,0.34433385100903235,1.7216692550451618,0.0,0.0,0.0,0.0,31.90646812316157,-11.583971219804205,False,True,False,True,False,0.0
2024-09-09 17:00:00+00:00,9.225,9.225,9.02,9.045,6637.0,,,,10.50691519888729,"rgba(239, 83, 80, 1.0)",0.7735384358334761,10.548348338477807,-1.9434694759000193,5,0.3366745454456179,1.6833727272280896,0.0,0.0,0.0,0.0,28.249830551250675,-14.734959458767634,False,True,False,True,False,0.0
2024-09-10 17:00:00+00:00,8.895,8.935,8.855,8.93,41368.0,,,,10.22420446896049,"rgba(239, 83, 80, 1.0)",0.7708972308554038,10.329711489732464,-1.8156914225509864,5,0.3294617648984583,1.6473088244922915,0.0,0.0,0.0,0.0,25.25195925278744,-17.390036453897437,False,True,False,True,False,0.0
2024-09-11 17:00:00+00:00,9.055,9.17,9.055,9.15,15536.0,,,,10.209091403784207,"rgba(239, 83, 80, 1.0)",0.7693594621384541,10.310615113385133,-1.5085472662663735,5,0.3240765727616593,1.6203828638082964,0.0,0.0,0.0,0.0,27.217606191138433,-17.390036453897437,False,True,False,True,False,0.0
2024-09-12 17:00:00+00:00,9.255,9.265,9.155,9.195,20941.0,,,,10.190951726570383,"rgba(239, 83, 80, 1.0)",0.7642231054835652,10.288612702276826,-1.4310123502283245,5,0.3202336480009528,1.601168240004764,0.0,0.0,0.0,0.0,29.28039982532045,-17.390036453897437,False,True,False,True,True,0.0
2024-09-13 17:00:00+00:00,9.265,9.27,9.16,9.21,14863.0,,,,10.177294260744102,"rgba(239, 83, 80, 1.0)",0.7511972306120869,10.273139616089164,-1.4152602975158748,5,0.31716095412207584,1.5858047706103793,0.0,0.0,0.0,0.0,30.925168496917962,-17.390036453897437,False,True,False,True,True,0.0
2024-09-16 17:00:00+00:00,9.295,9.4,9.295,9.39,9465.0,,,,10.17198169747066,"rgba(239, 83, 80, 1.0)",0.7490636677735532,10.266474284974528,-1.170093174562421,5,0.31581209204056304,1.579060460202815,0.0,0.0,0.0,0.0,35.11035082871011,-22.244168017302506,False,True,False,True,True,0.0
2024-09-17 17:00:00+00:00,9.48,9.56,9.435,9.56,16489.0,,,,10.16788102521344,"rgba(38, 166, 154, 1.0)",0.7503549790563027,10.259815950563953,-0.9326465074491651,3,0.3157630476093876,0.9472891428281629,0.0,0.0,0.0,0.0,40.352924413551236,-17.253231375153298,False,False,False,True,True,0.0
2024-09-18 17:00:00+00:00,9.535,9.755,9.49,9.515,9382.0,,,,10.16629981564027,"rgba(38, 166, 154, 1.0)",0.7518563333150395,10.256905237845539,-0.9867646317141124,3,0.31287231951451805,0.9386169585435542,0.0,0.0,0.0,0.0,43.21557372384558,-14.533648407663037,True,False,False,True,True,0.0
2024-09-19 17:00:00+00:00,9.765,9.765,9.605,9.615,10355.0,,,,10.165683310718872,"rgba(38, 166, 154, 1.0)",0.746639425983133,10.254844452758398,-0.8569657996775171,3,0.3116323454281151,0.9348970362843452,0.0,0.0,0.0,0.0,46.57637966071006,-11.290516638619266,True,False,False,False,True,0.0
2024-09-20 17:00:00+00:00,9.705,9.765,9.655,9.73,16836.0,,,,10.165423297928749,"rgba(38, 166, 154, 1.0)",0.7449060766721219,10.252434455813598,-0.701342722491378,3,0.3111841224406701,0.9335523673220103,0.0,0.0,0.0,0.0,50.36470159462932,-7.641662513524025,True,False,True,False,True,0.0
2024-09-23 17:00:00+00:00,9.875,9.925,9.825,9.86,15121.0,,,,10.168527262599069,"rgba(38, 166, 154, 1.0)",0.7359879185259813,10.253517087878585,-0.5346787331328914,3,0.3119765980278994,0.9359297940836981,0.0,0.0,0.0,0.0,54.46393968954514,-3.721353061421013,True,False,True,False,True,0.0
2024-09-24 17:00:00+00:00,9.995,10.02,9.945,9.97,30091.0,,,,10.177307559277809,"rgba(38, 166, 154, 1.0)",0.7238789904347156,10.258583056242648,-0.39866201403268026,3,0.31336198183935376,0.9400859455180612,0.0,0.0,0.0,0.0,58.39826003100045,0.0324326245272033,True,False,True,False,True,0.0
2024-09-25 17:00:00+00:00,9.72,9.775,9.655,9.76,25283.0,,,,10.171988968698383,"rgba(38, 166, 154, 1.0)",0.7152049854210761,10.251632932847063,-0.6874014343700561,3,0.3142756995926292,0.9428270987778875,0.0,0.0,0.0,0.0,57.22778835588066,0.0324326245272033,True,False,True,False,True,0.0
2024-09-26 17:00:00+00:00,9.585,9.615,9.475,9.545,38225.0,,,,10.152774126825456,"rgba(38, 166, 154, 1.0)",0.7157003751759653,10.231142760773533,-0.9587011332847705,3,0.31545092726903706,0.9463527818071111,0.0,0.0,0.0,0.0,53.42624761651152,0.0324326245272033,True,False,True,False,False,0.0
2024-09-27 17:00:00+00:00,9.585,9.63,9.52,9.625,10156.0,,,,10.148522984764275,"rgba(38, 166, 154, 1.0)",0.717366304208948,10.226517493483872,-0.8385081512117794,3,0.31592591478406845,0.9477777443522053,0.0,0.0,0.0,0.0,52.0595133471476,0.0324326245272033,True,False,False,False,False,0.0
2024-09-30 17:00:00+00:00,9.74,9.785,9.63,9.765,10989.0,,,,10.146042512559951,"rgba(38, 166, 154, 1.0)",0.7165419459880565,10.223486037864708,-0.6398593137942404,3,0.3167219673702141,0.9501659021106422,0.0,0.0,0.0,0.0,53.055701323022205,0.0324326245272033,True,False,True,False,False,0.0
2024-10-01 17:00:00+00:00,10.045,10.105,9.945,10.04,16613.0,,,,10.149029231953346,"rgba(38, 166, 154, 1.0)",0.7087342606733801,10.225177693507229,-0.2612794439079175,3,0.3191489928706159,0.9574469786118476,0.0,0.0,0.0,0.0,56.712112219940124,0.0324326245272033,True,False,True,False,True,0.0
2024-10-02 17:00:00+00:00,10.035,10.16,10.0,10.155,9230.0,,,,10.151402306058856,"rgba(38, 166, 154, 1.0)",0.7001015820759268,10.226805956702906,-0.1025650541882637,3,0.3225683634636391,0.9677050903909172,0.0,0.0,0.0,0.0,60.17957625477972,2.7160708199973413,True,False,True,False,True,0.0
2024-10-03 17:00:00+00:00,10.355,10.48,10.325,10.465,27442.0,,,,10.196886833158013,"rgba(38, 166, 154, 1.0)",0.6902181858978612,10.25417797897175,0.305442576471677,3,0.3265152936067895,0.9795458808203685,1.0,0.0,10.48,209.0,64.7562426489385,7.172948959188879,True,False,True,False,True,0.8963947518015054
2024-10-04 17:00:00+00:00,10.325,10.38,10.295,10.3,17664.0,,,,10.19953424189623,"rgba(38, 166, 154, 1.0)",0.6844274453350905,10.257279024141967,0.06241856043209623,3,0.332238571242969,0.9967157137289071,0.0,0.0,0.0,0.0,65.09477058731682,7.704291368140325,True,False,True,False,True,0.0
2024-10-07 17:00:00+00:00,10.435,10.455,10.36,10.43,10959.0,,,,10.205249587434349,"rgba(38, 166, 154, 1.0)",0.6704125057961839,10.262101806569328,0.2504401275022088,3,0.340429337007862,1.021288011023586,0.0,0.0,0.0,0.0,66.33492056747218,9.23944678021401,True,False,True,False,True,0.565039340244553
2024-10-08 17:00:00+00:00,10.01,10.12,10.005,10.12,16716.0,,,,10.19882095003061,"rgba(38, 166, 154, 1.0)",0.6579800032559311,10.257681063217689,-0.20924809650200932,3,0.3480249779519378,1.0440749338558135,0.0,0.0,0.0,0.0,62.74393247817702,9.23944678021401,True,False,True,False,False,0.0
2024-10-09 17:00:00+00:00,10.015,10.03,9.91,9.955,14730.0,,,,10.191547817641757,"rgba(38, 166, 154, 1.0)",0.6493833734903875,10.252134382997243,-0.45756389080331283,3,0.35426209466027264,1.062786283980818,0.0,0.0,0.0,0.0,58.434939311767906,15.495855673795006,True,False,True,False,False,0.0
2024-10-10 17:00:00+00:00,10.075,10.115,10.015,10.085,13915.0,,,,10.189491607325404,"rgba(38, 166, 154, 1.0)",0.6387617737494895,10.250479744660936,-0.25906331822203427,2,0.45567706056053703,0.9113541211210741,0.0,0.0,0.0,0.0,56.9666347493951,13.942483277183165,True,False,True,False,False,0.0
2024-10-11 17:00:00+00:00,10.135,10.23,10.115,10.19,15202.0,,,,10.191030436209294,"rgba(38, 166, 154, 1.0)",0.6315239682882297,10.251613792789787,-0.0975636648547064,2,0.4623366927607171,0.9246733855214342,0.0,0.0,0.0,0.0,57.073855556462235,13.726948809932516,True,False,True,False,False,0.0
2024-10-14 17:00:00+00:00,9.92,9.96,9.905,9.96,14925.0,,,,10.18618031809597,"rgba(38, 166, 154, 1.0)",0.6242611632962525,10.247461338669849,-0.4604824960629964,2,0.4688403718754445,0.937680743750889,0.0,0.0,0.0,0.0,54.30588120553147,10.763084788392632,True,False,True,False,False,0.0
2024-10-15 17:00:00+00:00,9.68,9.68,9.555,9.58,18431.0,,,,10.170751467732224,"rgba(239, 83, 80, 1.0)",0.6169154599170578,10.23431427358418,-1.0606222669020986,2,0.25718430393637354,0.5143686078727471,0.0,0.0,0.0,0.0,48.9404954377748,5.550580064907351,False,False,False,True,False,0.0
2024-10-16 17:00:00+00:00,9.665,9.755,9.655,9.7,24717.0,,,,10.156846588488655,"rgba(239, 83, 80, 1.0)",0.6021427803502406,10.221928010451839,-0.8667844695377004,2,0.26272932845398295,0.5254586569079659,0.0,0.0,0.0,0.0,46.8348122623167,3.488905690243449,False,False,False,True,False,0.0
2024-10-17 17:00:00+00:00,9.745,9.825,9.695,9.815,15559.0,,,,10.150826246522556,"rgba(239, 83, 80, 1.0)",0.5852534062690619,10.216295687934798,-0.6856785174357588,2,0.269393629166936,0.538787258333872,0.0,0.0,0.0,0.0,46.79858521249339,3.2183032407936807,False,False,False,True,False,0.0
2024-10-18 17:00:00+00:00,9.7,9.765,9.685,9.76,7966.0,,,,10.147448015504088,"rgba(239, 83, 80, 1.0)",0.5753994930277281,10.21313419252059,-0.7875123249348325,2,0.2784460364040926,0.5568920728081852,0.0,0.0,0.0,0.0,46.19740882300442,2.270455513360666,False,False,False,True,False,0.0
2024-10-21 17:00:00+00:00,9.68,9.73,9.65,9.695,11263.0,,,,10.142176457000168,"rgba(239, 83, 80, 1.0)",0.5649876184563684,10.208212124533006,-0.9083599494360224,1,0.11017792382441517,0.11017792382441517,0.0,0.0,0.0,0.0,45.09254564135778,0.8112871259802503,False,False,False,True,False,0.0
2024-10-22 17:00:00+00:00,9.755,9.77,9.695,9.71,10511.0,,,,10.13796831495608,"rgba(239, 83, 80, 1.0)",0.5547449864577324,10.204198320612516,-0.8908567588292562,1,0.11085671107621387,0.11085671107621387,0.0,0.0,0.0,0.0,44.58521147547694,-0.10081861436702155,False,True,False,True,False,0.0
2024-10-23 17:00:00+00:00,9.545,9.61,9.485,9.6,15154.0,,,,10.12902151522615,"rgba(239, 83, 80, 1.0)",0.5501009571551868,10.195890636273882,-1.0832386828692209,1,0.1114093736436237,0.1114093736436237,0.0,0.0,0.0,0.0,42.9346587577663,-2.057928664371353,False,True,False,True,False,0.0
2024-10-24 17:00:00+00:00,9.655,9.8,9.655,9.78,21002.0,,,,10.122214542326331,"rgba(239, 83, 80, 1.0)",0.5344242249863321,10.189127869201384,-0.7655488843378083,1,0.1129255813324634,0.1129255813324634,0.0,0.0,0.0,0.0,44.70409176111371,-2.057928664371353,False,True,False,True,False,0.0
2024-10-25 17:00:00+00:00,9.93,9.935,9.865,9.915,14964.0,,,,10.120550794780506,"rgba(239, 83, 80, 1.0)",0.5152086693495775,10.16825426900492,-0.49155669163067667,1,0.11382811191579607,0.11382811191579607,0.0,0.0,0.0,0.0,47.73678300401699,-2.057928664371353,False,False,False,False,True,0.0
2024-10-28 17:00:00+00:00,9.645,9.68,9.58,9.625,19046.0,,,,10.112282710106864,"rgba(239, 83, 80, 1.0)",0.4937571986018637,10.150444516857158,-1.064175911450043,1,0.11522298134675044,0.11522298134675044,0.0,0.0,0.0,0.0,46.06271963913374,-2.057928664371353,False,False,False,True,True,0.0
2024-10-29 17:00:00+00:00,9.455,9.475,9.4,9.47,23614.0,,,,10.097864178738435,"rgba(239, 83, 80, 1.0)",0.473179841246593,10.129448905264342,-1.3936538452843257,1,0.11670391520514967,0.11670391520514967,0.0,0.0,0.0,0.0,43.376876417075295,-2.057928664371353,False,True,False,True,False,0.0
2024-10-30 17:00:00+00:00,9.405,9.495,9.4,9.49,31035.0,,,,10.08078948794546,"rgba(239, 83, 80, 1.0)",0.45304323322521844,10.11026993418368,-1.3691186374597706,1,0.1180342515538066,0.1180342515538066,0.0,0.0,0.0,0.0,41.9118351654447,-3.32718350172928,False,True,False,True,False,0.0
2024-10-31 17:00:00+00:00,9.245,9.415,9.225,9.335,31189.0,,,,10.060596218696558,"rgba(239, 83, 80, 1.0)",0.4380661536285852,10.08801062848002,-1.7189427264414052,1,0.11801667719007304,0.11801667719007304,0.0,0.0,0.0,0.0,39.366048399438036,-5.815335832804479,False,True,False,True,False,0.0
2024-11-01 17:00:00+00:00,9.29,9.295,9.22,9.27,14491.0,9.261666666666667,,,9.971899623730517,"rgba(239, 83, 80, 1.0)",0.4262638547588359,10.026521194972613,-1.774772096031048,1,0.11745505996446806,0.11745505996446806,0.0,-1.0,9.22,226.0,37.053071330844574,-8.052873786892746,False,True,False,True,False,0.0
2024-11-04 17:00:00+00:00,9.615,9.685,9.575,9.59,51053.0,9.53818038264372,,,9.986072540514,"rgba(239, 83, 80, 1.0)",0.4065329347383983,10.032463537092806,-1.0883830048788758,1,0.11768453358757705,0.11768453358757705,0.0,0.0,0.0,0.0,40.68921504791068,-8.052873786892746,False,True,False,True,True,0.0
2024-11-05 17:00:00+00:00,9.745,9.755,9.55,9.705,20746.0,9.569872696720362,,,9.985010891182672,"rgba(239, 83, 80, 1.0)",0.39645191022002246,10.030929368733691,-0.8221157732669445,1,0.11888292430549664,0.11888292430549664,0.0,0.0,0.0,0.0,44.58843149434156,-10.845595972792772,False,True,False,True,True,0.0
2024-11-06 17:00:00+00:00,9.815,10.0,9.795,9.96,38475.0,9.67733090209594,,,9.995761023555113,"rgba(38, 166, 154, 1.0)",0.3915565265877981,10.040067421429518,-0.20448496192174526,1,0.12041620653754055,0.12041620653754055,0.0,0.0,0.0,0.0,49.965525683428275,-5.99610730403959,False,False,False,False,True,0.0
2024-11-07 17:00:00+00:00,10.03,10.11,9.945,10.06,50775.0,9.78175096844024,,,10.010419849555365,"rgba(38, 166, 154, 1.0)",0.38652712222585844,10.053413174691139,0.017041042995717164,1,0.1222961605688171,0.1222961605688171,0.0,0.0,0.0,0.0,54.48874961128937,-2.024407982479346,True,False,True,False,True,0.0
2024-11-08 17:00:00+00:00,9.79,9.935,9.75,9.86,51015.0,9.796743792897972,,,10.008565640281622,"rgba(38, 166, 154, 1.0)",0.38163773445552757,10.051442447997992,-0.5016339599414054,1,0.1233550057374411,0.1233550057374411,0.0,0.0,0.0,0.0,54.563064695809445,-2.024407982479346,True,False,True,False,True,0.0
2024-11-11 17:00:00+00:00,9.655,9.745,9.635,9.7,29100.0,9.784973069175257,,,10.002393128995383,"rgba(38, 166, 154, 1.0)",0.3793575650519566,10.045383619556954,-0.9104434743766122,2,0.18146023229560435,0.3629204645912087,0.0,0.0,0.0,0.0,52.586418513838225,-2.024407982479346,True,False,True,False,True,0.0
2024-11-12 17:00:00+00:00,9.495,9.55,9.42,9.425,12176.0,9.770426612304027,,,9.997009711143992,"rgba(38, 166, 154, 1.0)",0.37773367566278354,10.04016181502073,-1.6285596298538811,2,0.18397054825166836,0.36794109650333673,0.0,0.0,0.0,0.0,48.40194724936468,-2.024407982479346,False,False,False,True,False,0.0
2024-11-13 17:00:00+00:00,9.385,9.47,9.36,9.36,11150.0,9.755488593607929,,,9.991468114078076,"rgba(239, 83, 80, 1.0)",0.36398074397139335,10.034780732503929,-1.853891294197045,2,0.18548940549236315,0.3709788109847263,0.0,0.0,0.0,0.0,45.01299666473058,1.941058084462398,False,True,False,True,False,0.0
2024-11-14 17:00:00+00:00,9.805,9.985,9.775,9.965,35596.0,9.772783759355155,,,9.99263101646078,"rgba(239, 83, 80, 1.0)",0.36377032155858163,10.035515000009607,-0.19384484063318816,2,0.18875505808074933,0.37751011616149865,0.0,0.0,0.0,0.0,49.33888988848661,1.941058084462398,False,False,False,False,True,0.0
2024-11-15 17:00:00+00:00,10.025,10.105,9.89,9.905,38037.0,9.79369819878583,,,9.995450199447744,"rgba(239, 83, 80, 1.0)",0.36146037625663857,10.03779244154148,-0.3673775889814205,2,0.19108763530589534,0.3821752706117907,0.0,0.0,0.0,0.0,51.55677106985878,1.941058084462398,False,False,True,False,True,0.0
2024-11-18 17:00:00+00:00,10.32,10.34,10.205,10.24,27696.0,9.827777909249471,,,10.004353409487056,"rgba(38, 166, 154, 1.0)",0.3597873245667587,10.046017964252083,0.5391575036210684,2,0.19357802483337333,0.38715604966674666,0.0,0.0,0.0,0.0,55.64531326444312,-1.8281644429264148,True,False,True,False,True,1.3523007961130205
2024-11-19 17:00:00+00:00,10.145,10.18,10.075,10.125,23403.0,9.84510431090073,,,10.008585972909666,"rgba(38, 166, 154, 1.0)",0.3596219235918679,10.049819561683778,0.20905410205620195,3,0.267631505039764,0.8028945151192921,0.0,0.0,0.0,0.0,57.00320194690275,-0.42375553894377305,True,False,True,False,True,0.306998633305394
2024-11-20 17:00:00+00:00,10.21,10.27,10.19,10.265,27262.0,9.870189485082275,,,10.015719511133755,"rgba(38, 166, 154, 1.0)",0.36216805864500273,10.056369415586204,0.5760601451004727,3,0.27488147494195764,0.8246444248258729,0.0,0.0,0.0,0.0,58.99509596795756,1.6958003212141506,True,False,True,False,True,1.5560487765600328
2024-11-21 17:00:00+00:00,10.785,10.85,10.74,10.84,32554.0,9.936193104063248,10.81,,10.108446055718181,"rgba(38, 166, 154, 1.0)",0.38045180585267835,10.097214927758841,1.9523762558477267,3,0.2799563011123223,0.8398689033369668,0.0,0.0,0.0,0.0,63.68162819291668,6.287354726573085,True,False,True,False,True,6.366127658097948
2024-11-22 17:00:00+00:00,10.765,10.805,10.665,10.695,14858.0,9.960588763211932,10.782318048876515,,10.113844453001924,"rgba(38, 166, 154, 1.0)",0.3930118742904861,10.103630439554102,1.5047116871812378,3,0.2829739468037599,0.8489218404112797,0.0,0.0,0.0,0.0,65.0605270807175,7.763348859703449,True,False,True,False,True,5.017612489479234
2024-11-25 17:00:00+00:00,10.5,10.525,10.34,10.47,24498.0,9.984186815408428,10.667401937607194,,10.111176541476397,"rgba(38, 166, 154, 1.0)",0.3972243222187556,10.104465927308167,0.9202207726105196,3,0.287551791573555,0.8626553747206649,0.0,0.0,0.0,0.0,63.46574515946361,7.763348859703449,True,False,True,False,True,2.971467812037446
2024-11-26 17:00:00+00:00,10.205,10.265,10.065,10.09,27782.0,9.99234410028637,10.520426446789445,,10.100423374363382,"rgba(38, 166, 154, 1.0)",0.3963049717460257,10.097986463012417,-0.020152315973302623,3,0.29301829779033856,0.8790548933710156,0.0,0.0,0.0,0.0,58.897672201912414,7.763348859703449,True,False,True,False,False,0.0
2024-11-27 17:00:00+00:00,10.18,10.23,10.135,10.2,9145.0,9.995664370188141,10.492522411189821,,10.099002571877381,"rgba(38, 166, 154, 1.0)",0.39700105520996465,10.097394804931046,0.2584506860181719,3,0.2962038613916855,0.8886115841750564,0.0,0.0,0.0,0.0,56.75247139808502,13.86261904175047,True,False,True,False,False,0.6079166209840388
2024-11-28 17:00:00+00:00,10.2,10.2,10.2,10.2,0.0,9.995664370188141,10.492522411189821,,10.099002571877381,"rgba(38, 166, 154, 1.0)",0.3957231947293896,10.097394804931046,0.25928526918701034,4,0.27760656615578044,1.1104262646231218,0.0,0.0,0.0,0.0,55.32233752886677,12.265063268554506,True,False,True,False,False,0.6079166209840388
2024-11-29 17:00:00+00:00,10.235,10.27,10.23,10.265,3112.0,9.997150862735854,10.48591967473284,,10.09891504717416,"rgba(38, 166, 154, 1.0)",0.3964452633678884,10.097510461521587,0.4224783443130427,5,0.2488727182969041,1.2443635914845206,0.0,0.0,0.0,0.0,54.98132465568965,11.573292634561852,True,False,True,False,False,1.167308300391145
2024-12-02 17:00:00+00:00,10.075,10.16,10.065,10.13,12489.0,9.999875768122102,10.449027521068055,,10.096460656096166,"rgba(38, 166, 154, 1.0)",0.39551701823271684,10.096135011999406,0.08562207550995661,5,0.2583421409687043,1.2917107048435215,0.0,0.0,0.0,0.0,53.254911545897116,9.531357149671749,False,False,True,False,False,0.0
2024-12-03 17:00:00+00:00,10.115,10.205,10.1,10.205,20183.0,10.005841093405794,10.410087032081556,,10.09499186619685,"rgba(38, 166, 154, 1.0)",0.39725862409065704,10.095834199741084,0.27479781089410316,5,0.2684297638352176,1.342148819176088,0.0,0.0,0.0,0.0,52.9274917572485,8.78368719567456,False,False,True,False,False,0.6338273659185774
2024-12-04 17:00:00+00:00,9.92,10.0,9.855,9.995,9499.0,10.004934514907838,10.381730123713124,,10.092019247808189,"rgba(38, 166, 154, 1.0)",0.3971284880690676,10.093658294103827,-0.24842915345491273,5,0.2790402059600322,1.3952010298001611,0.0,0.0,0.0,0.0,50.37047841146416,5.979167261108529,False,False,False,False,False,0.0
2024-12-05 17:00:00+00:00,10.08,10.11,10.025,10.04,6566.0,10.005527112090652,10.368515386115364,,10.091000150077996,"rgba(38, 166, 154, 1.0)",0.3974453670881161,10.093019841469438,-0.13340158386519602,6,0.2785724505829719,1.6714347034978316,0.0,0.0,0.0,0.0,49.237748576777996,4.576958639084921,False,True,False,False,False,0.0
2024-12-06 17:00:00+00:00,9.575,9.615,9.535,9.55,13923.0,9.995437258359976,10.304577446370653,,10.081259238439852,"rgba(239, 83, 80, 1.0)",0.3966624611783873,10.084990467152998,-1.3487297627400174,6,0.2860623772797937,1.7163742636787624,0.0,0.0,0.0,0.0,44.13871326755482,-0.39820796560417904,False,True,False,True,False,0.0
2024-12-09 17:00:00+00:00,9.945,9.95,9.735,9.76,13893.0,9.991390595077247,10.268494542940305,,10.07629115534135,"rgba(239, 83, 80, 1.0)",0.3923631912831036,10.080999592320431,-0.8181185173632128,6,0.29652268507882124,1.7791361104729275,0.0,0.0,0.0,0.0,43.3372683307155,-1.2587555885313932,False,True,False,True,False,0.0
2024-12-10 17:00:00+00:00,9.675,9.68,9.495,9.535,15984.0,9.98079119201126,10.213895515259397,,10.067029687611063,"rgba(239, 83, 80, 1.0)",0.392076075078085,10.073168988067291,-1.372613689728735,6,0.300525735575556,1.8031544134533362,0.0,0.0,0.0,0.0,41.0709465359855,-3.5524299661147722,False,True,False,True,False,0.0
2024-12-11 17:00:00+00:00,9.555,9.64,9.505,9.62,24392.0,9.966283669746648,10.147228064733175,,10.054884353984077,"rgba(239, 83, 80, 1.0)",0.3911166389009968,10.062741725019237,-1.1319940932794434,6,0.3022868127512245,1.813720876507347,0.0,0.0,0.0,0.0,40.62315028550376,-4.188017184490491,False,True,False,True,False,0.0
2024-12-12 17:00:00+00:00,9.51,9.595,9.505,9.51,7016.0,9.961763752201207,10.129068642412834,,10.051308925771899,"rgba(239, 83, 80, 1.0)",0.3885579368257169,10.059625945907289,-1.4145276516480412,6,0.3038261336050456,1.8229568016302737,0.0,0.0,0.0,0.0,39.421785451669805,-5.596985055593429,False,True,False,True,False,0.0
2024-12-13 17:00:00+00:00,9.455,9.46,9.4,9.42,11483.0,9.952705741267073,10.096463825119823,,10.044492371000212,"rgba(239, 83, 80, 1.0)",0.3871756474547044,10.053623989045498,-1.636528519319195,6,0.30418080178694945,1.8250848107216968,0.0,0.0,0.0,0.0,37.89223880115817,-7.305692164615515,False,True,False,True,False,0.0
2024-12-16 17:00:00+00:00,9.155,9.17,9.055,9.08,23761.0,9.923904765567176,10.009285431526873,,10.024326692309478,"rgba(239, 83, 80, 1.0)",0.39178855301075083,10.035586665950978,-2.439036716636171,6,0.29931767035211176,1.7959060221126706,0.0,0.0,0.0,0.0,34.54323976591326,-10.626536751151676,False,True,False,True,False,0.0
2024-12-17 17:00:00+00:00,8.765,9.015,8.745,8.98,35657.0,9.875063059399723,9.881909287961015,,9.991389468426872,"rgba(239, 83, 80, 1.0)",0.40243909505068326,10.005658033496932,-2.5486043630223345,6,0.2942183005291864,1.7653098031751184,0.0,0.0,0.0,0.0,31.7328154844631,-13.33110869660063,False,True,False,True,False,0.0
2024-12-18 17:00:00+00:00,8.955,8.975,8.64,8.65,16752.0,9.850195267113925,9.823562326338987,,9.974951742594499,"rgba(239, 83, 80, 1.0)",0.42212427186894685,9.990559249794172,-3.175745483335683,6,0.28968845792232695,1.7381307475339618,0.0,0.0,0.0,0.0,28.225353407385878,-16.617522103686802,False,True,False,True,False,0.0
2024-12-19 17:00:00+00:00,8.925,8.93,8.825,8.86,30848.0,9.811760325281925,9.740705408748243,,9.949558591382445,"rgba(239, 83, 80, 1.0)",0.43299239533091355,9.967000212064917,-2.5566273772981516,6,0.28228005615715085,1.6936803369429052,0.0,0.0,0.0,0.0,28.998315048604333,-16.617522103686802,False,True,False,True,False,0.0
2024-12-20 17:00:00+00:00,8.985,9.05,8.855,8.865,33280.0,9.775643730531973,9.670538019389094,,9.925654246987028,"rgba(239, 83, 80, 1.0)",0.44004096860865327,9.94457081982154,-2.4533416132479386,6,0.2764632803379042,1.6587796820274252,0.0,0.0,0.0,0.0,29.58685542163485,-16.617522103686802,False,True,False,True,False,0.0
2024-12-23 17:00:00+00:00,8.24,8.24,8.24,8.24,0.0,9.775643730531973,9.670538019389094,,9.925654246987028,"rgba(239, 83, 80, 1.0)",0.46654808660748454,9.94457081982154,-3.6535801319353083,6,0.2613939446816558,1.5683636680899347,-1.0,0.0,8.24,281.0,26.822116284170804,-18.162493720269705,False,True,False,True,False,0.0
2024-12-24 17:00:00+00:00,9.105,9.17,9.095,9.115,6815.0,9.770285806585782,9.661142386372278,,9.85575866802799,"rgba(239, 83, 80, 1.0)",0.4626717163574027,9.864134945068,-1.619150076788597,6,0.25906622394066414,1.5543973436439849,0.0,0.0,0.0,0.0,33.54630415005139,-21.931752850201313,False,True,False,True,True,0.0
2024-12-25 17:00:00+00:00,9.115,9.115,9.115,9.115,0.0,9.770285806585782,9.661142386372278,,9.85575866802799,"rgba(239, 83, 80, 1.0)",0.4632963074194054,9.864134945068,-1.6169672260949743,6,0.2565421031190617,1.5392526187143702,0.0,0.0,0.0,0.0,38.02909606063845,-17.97422473366651,False,True,False,True,True,0.0
2024-12-26 17:00:00+00:00,8.885,8.975,8.87,8.96,16477.0,9.753939069832997,9.632028982862371,,9.834491243172181,"rgba(239, 83, 80, 1.0)",0.4678296448244428,9.845873055063324,-1.8935804194190273,6,0.25265964845432304,1.5159578907259381,0.0,0.0,0.0,0.0,39.94900480684363,-16.342342858503095,False,True,False,True,True,0.0
2024-12-27 17:00:00+00:00,8.845,8.94,8.81,8.92,41087.0,9.713740316946932,9.564586277303155,,9.80450044449793,"rgba(239, 83, 80, 1.0)",0.47343863820365567,9.81755869391214,-1.8958289870841591,6,0.24865217564993294,1.4919130538995977,0.0,0.0,0.0,0.0,40.945477831233745,-15.378200427404849,False,True,False,True,True,0.0
2024-12-30 17:00:00+00:00,9.13,9.195,9.025,9.05,16505.0,9.70229568680376,9.547868966341486,,9.800050607577356,"rgba(239, 83, 80, 1.0)",0.47840470635545684,9.81246609698774,-1.59376796853922,6,0.24705006645986996,1.4823003987592198,0.0,0.0,0.0,0.0,42.870823900454425,-13.413133414467495,False,True,False,True,True,0.0
2024-12-31 17:00:00+00:00,9.205,9.41,9.175,9.405,36179.0,9.687901010601896,9.532252386386602,,9.79980184429409,"rgba(38, 166, 154, 1.0)",0.47949191389999823,9.809828432550347,-0.8442862555441922,6,0.24743077724920323,1.4845846634952193,0.0,0.0,0.0,0.0,47.1595060458447,-9.27653978704069,False,False,False,False,True,0.0
2025-01-01 17:00:00+00:00,9.405,9.405,9.405,9.405,0.0,9.687901010601896,9.532252386386602,,9.79980184429409,"rgba(38, 166, 154, 1.0)",0.4803261560816817,9.809828432550347,-0.8428198785858015,6,0.24764924618702364,1.4858954771221418,0.0,0.0,0.0,0.0,50.01862747610488,-6.543225317987741,True,False,False,False,True,0.0
2025-01-02 17:00:00+00:00,9.795,9.835,9.69,9.83,19208.0,9.689854132785154,9.541518181262957,,9.808456444523204,"rgba(38, 166, 154, 1.0)",0.4802805861592047,9.816321928285852,0.0284793350144159,6,0.2493233473337103,1.4959400840022619,0.0,0.0,0.0,0.0,54.93559141011657,-1.9360001207861401,True,False,True,False,True,0.11344957756506346
2025-01-03 17:00:00+00:00,9.815,9.91,9.77,9.87,19179.0,9.693007235738973,9.552411387802074,,9.816394097051193,"rgba(38, 166, 154, 1.0)",0.4805467981635223,9.82245209663302,0.09894541707215672,6,0.25049800858439303,1.502988051506358,0.0,0.0,0.0,0.0,58.46194358241682,1.3143477039617366,True,False,True,False,True,0.4301743715178681
2025-01-06 17:00:00+00:00,10.115,10.16,10.03,10.075,27925.0,9.704024407242002,9.578618585646327,,9.832103333286485,"rgba(38, 166, 154, 1.0)",0.4819518592085546,9.835410034674123,0.49712426821907757,6,0.25115790126916354,1.5069474076149811,0.0,0.0,0.0,0.0,62.06224491275017,4.663879953966429,True,False,True,False,True,2.0438198220064763
2025-01-07 17:00:00+00:00,10.215,10.265,10.135,10.21,19756.0,9.713678479047857,9.599508462450734,,9.843496330205008,"rgba(38, 166, 154, 1.0)",0.48431615204855905,9.845072346371781,0.7534905703323126,6,0.250265593545047,1.501593561270282,0.0,0.0,0.0,0.0,65.22598053934465,7.646684404842475,True,False,True,False,True,3.089481619133835
2025-01-08 17:00:00+00:00,10.11,10.23,10.055,10.18,25243.0,9.724318425365606,9.622270081871196,,9.854980553429858,"rgba(38, 166, 154, 1.0)",0.48697841119803326,9.854903885301667,0.6675780840028455,6,0.2496043593616902,1.4976261561701412,0.0,0.0,0.0,0.0,66.89890407933393,9.339691483753121,True,False,True,False,True,2.836508769491509
2025-01-09 17:00:00+00:00,10.18,10.18,10.18,10.18,0.0,9.724318425365606,9.622270081871196,,9.854980553429858,"rgba(38, 166, 154, 1.0)",0.48897021777799676,9.854903885301667,0.664858723248322,6,0.24883349813166364,1.4930009887899818,0.0,0.0,0.0,0.0,68.01418643932678,10.658667576479587,True,False,True,False,True,2.836508769491509
2025-01-10 17:00:00+00:00,10.28,10.335,10.185,10.205,20085.0,9.73405589307184,9.641826622483107,,9.86454842298869,"rgba(38, 166, 154, 1.0)",0.49149100236463444,9.863253558074213,0.6953259373652733,6,0.24891297957215078,1.4934778774329047,0.0,0.0,0.0,0.0,68.9454139741781,11.92135710130917,True,False,True,False,True,3.038785748350751
2025-01-13 17:00:00+00:00,10.37,10.375,10.155,10.185,21688.0,9.74410071237644,9.661493093876462,,9.873827090990094,"rgba(38, 166, 154, 1.0)",0.49392159351513293,9.871436028997298,0.6348456417366483,6,0.24989591411026887,1.4993754846616132,0.0,0.0,0.0,0.0,69.1709533831324,12.6174405178689,True,False,True,False,True,2.860625535700315
2025-01-14 17:00:00+00:00,10.27,10.405,10.245,10.3,37355.0,9.76309299869526,9.696698529055672,10.316666666666666,9.92306741151069,"rgba(38, 166, 154, 1.0)",0.4967692197164044,9.893382092208585,0.8185247629141477,6,0.24911939547068304,1.4947163728240982,0.0,0.0,0.0,0.0,70.31107478406673,14.206838458187804,True,False,True,False,True,3.814158282978898
2025-01-15 17:00:00+00:00,10.315,10.335,10.235,10.295,15380.0,9.770169625847835,9.709504459177802,10.308403337441927,9.927785370283873,"rgba(38, 166, 154, 1.0)",0.4984944721245426,9.898090939499749,0.7962155704729424,6,0.24829193736810154,1.4897516242086093,0.0,0.0,0.0,0.0,70.9560200396842,15.31899562648482,True,False,True,False,True,3.7679671126537464
2025-01-16 17:00:00+00:00,10.12,10.235,10.105,10.19,26125.0,9.779264535732667,9.726071461860977,10.264761180150478,9.930907495760255,"rgba(38, 166, 154, 1.0)",0.4943231608850379,9.901767241202382,0.5830856848413991,6,0.24897492477987151,1.4938495486792291,0.0,0.0,0.0,0.0,68.95241212669006,15.31899562648482,True,False,True,False,True,2.791005880415206
2025-01-17 17:00:00+00:00,10.105,10.145,10.015,10.12,21143.0,9.78485030002243,9.736317914206229,10.228517277815,9.93180501222768,"rgba(38, 166, 154, 1.0)",0.49213976627533085,9.903207630744774,0.440509757819366,6,0.24983788862657916,1.499027331759475,0.0,0.0,0.0,0.0,66.09152716826623,15.31899562648482,True,False,True,False,False,2.140141076492487
2025-01-20 17:00:00+00:00,10.12,10.12,10.12,10.12,0.0,9.78485030002243,9.736317914206229,10.228517277815,9.93180501222768,"rgba(38, 166, 154, 1.0)",0.4877706409760492,9.903207630744774,0.4444555515301513,6,0.25071297777639784,1.504277866658387,0.0,0.0,0.0,0.0,64.18427052931699,19.261170906846928,True,False,True,False,False,2.140141076492487
2025-01-21 17:00:00+00:00,10.165,10.195,10.03,10.08,12575.0,9.788166471751119,9.742281388456215,10.214348022408167,9.932866027649084,"rgba(38, 166, 154, 1.0)",0.4873955605382759,9.904494972602414,0.36008745587210395,6,0.2500670593849317,1.50040235630959,0.0,0.0,0.0,0.0,61.93717362655637,16.97035455283921,True,False,True,False,False,1.7580252784476613
2025-01-22 17:00:00+00:00,10.275,10.275,10.05,10.06,17806.0,9.793134570119886,9.751002510764954,10.202601354460668,9.935184189372846,"rgba(38, 166, 154, 1.0)",0.48810945272328576,9.90701863018711,0.3134161179615934,6,0.24970860572735895,1.4982516343641537,0.0,0.0,0.0,0.0,59.93080483211572,14.935314951993163,True,False,True,False,False,1.5645230038644335
2025-01-23 17:00:00+00:00,10.095,10.115,9.915,9.955,10482.0,9.794855328926163,9.75420473952282,10.187153500489826,9.934930855240696,"rgba(38, 166, 154, 1.0)",0.48717975852564405,9.907040389605298,0.09844335597981939,6,0.2500850989182863,1.5005105935097176,0.0,0.0,0.0,0.0,56.066861271776276,11.239236026793122,True,False,True,False,False,0.5442951360489161
2025-01-24 17:00:00+00:00,9.775,9.855,9.725,9.775,13490.0,9.794748384417149,9.754716238312293,10.152007145818756,9.931614603852239,"rgba(38, 166, 154, 1.0)",0.4845920360895639,9.904347191485453,-0.2669197631253397,6,0.2519623496983178,1.5117740981899068,0.0,0.0,0.0,0.0,50.15183174326598,5.816247827422394,False,False,False,False,False,0.0
2025-01-27 17:00:00+00:00,9.505,9.635,9.495,9.58,11410.0,9.79270434273395,9.752157176889417,10.111946448608277,9.926505874303073,"rgba(239, 83, 80, 1.0)",0.48441185663321107,9.899949988347919,-0.6604916538824099,7,0.2664665290649059,1.8652657034543414,0.0,0.0,0.0,0.0,43.63281240778059,0.0374602327686091,False,True,False,True,False,0.0
2025-01-28 17:00:00+00:00,9.365,9.495,9.355,9.47,12527.0,9.789217354989253,9.747480316702848,10.064734986791406,9.919707357756677,"rgba(239, 83, 80, 1.0)",0.4851009925499646,9.893996308157288,-0.874037189510834,7,0.270318719095152,1.892231033666064,0.0,0.0,0.0,0.0,38.12986716325936,-4.697628086167782,False,True,False,True,False,0.0
2025-01-29 17:00:00+00:00,9.5,9.59,9.415,9.58,12568.0,9.78665511540323,9.744235006867505,10.029413491144515,9.914559758607039,"rgba(239, 83, 80, 1.0)",0.48546255457231685,9.88949898596426,-0.6375342094858826,7,0.2725860922508795,1.9081026457561565,0.0,0.0,0.0,0.0,37.21060805333437,-5.320433042748903,False,True,False,True,False,0.0
2025-01-30 17:00:00+00:00,9.525,9.575,9.35,9.49,16633.0,9.782613428106293,9.7389957310393,9.984703750469892,9.907432880493293,"rgba(239, 83, 80, 1.0)",0.48630077261035615,9.883205530375083,-0.8085644780378227,7,0.27427961692351344,1.919957318464594,0.0,0.0,0.0,0.0,35.485337814603255,-6.98220395562349,False,True,False,True,False,0.0
2025-01-31 17:00:00+00:00,9.4,9.45,9.215,9.23,22603.0,9.774313911251904,9.727778162572639,9.917279879065495,9.895145593133988,"rgba(239, 83, 80, 1.0)",0.48988898356281096,9.872172337238528,-1.3108527825390288,7,0.274429322386259,1.921005256703813,0.0,0.0,0.0,0.0,31.829253353914513,-10.533338730886115,False,True,False,True,False,0.0
2025-02-03 17:00:00+00:00,9.1,9.12,8.975,9.005,31639.0,9.756954924463157,9.703884574618098,9.810427230746502,9.87275262882798,"rgba(239, 83, 80, 1.0)",0.49709537395835696,9.851749944820817,-1.7033953425841994,7,0.2714849434143929,1.9003946039007502,0.0,0.0,0.0,0.0,27.871984220776405,-14.33320946864567,False,True,False,True,False,0.0
2025-02-04 17:00:00+00:00,9.255,9.295,9.2,9.265,12716.0,9.752257285108346,9.697739160733148,9.784615773735784,9.866839774363495,"rgba(239, 83, 80, 1.0)",0.49994619530324075,9.846337012696816,-1.1627991535053237,7,0.2701237244396727,1.890866071077709,0.0,0.0,0.0,0.0,30.428534645076624,-14.33320946864567,False,True,False,True,False,0.0
2025-02-05 17:00:00+00:00,9.215,9.235,9.135,9.185,17128.0,9.745218640752974,9.6884889207452,9.74939312824382,9.858328070784315,"rgba(239, 83, 80, 1.0)",0.5035853435101008,9.838504075196859,-1.2977027302696917,7,0.2683754129695131,1.8786278907865919,0.0,0.0,0.0,0.0,31.384864501572377,-14.33320946864567,False,True,False,True,True,0.0
2025-02-06 17:00:00+00:00,9.025,9.025,8.915,9.02,18669.0,9.73509645263034,9.674954459263148,9.703496637646966,9.785233550609448,"rgba(239, 83, 80, 1.0)",0.5098737522595483,9.757373020266511,-1.446187447380418,7,0.26510353443500595,1.8557247410450417,0.0,0.0,0.0,0.0,30.604117860123456,-14.33320946864567,False,True,False,True,True,0.0
2025-02-07 17:00:00+00:00,9.015,9.155,9.01,9.06,12709.0,9.729154085989897,9.667180217106115,9.678764122063344,9.781560279856537,"rgba(239, 83, 80, 1.0)",0.5146553819422763,9.75363142086172,-1.3477589960178757,7,0.2622225960699081,1.8355581724893568,0.0,0.0,0.0,0.0,30.880154844703082,-14.33320946864567,False,True,False,True,True,0.0
2025-02-10 17:00:00+00:00,9.415,9.49,9.39,9.49,11832.0,9.726889334242774,9.664670881808133,9.670914852096338,9.787622682509308,"rgba(239, 83, 80, 1.0)",0.5151351174101582,9.758779996359875,-0.5217660129854209,7,0.261910130294003,1.833370912058021,0.0,0.0,0.0,0.0,37.67885806787641,-19.229228897129797,False,True,False,True,True,0.0
2025-02-11 17:00:00+00:00,9.74,9.77,9.63,9.65,18970.0,9.726316561494624,9.665020855122638,9.671580779813056,9.790927296110716,"rgba(38, 166, 154, 1.0)",0.5145057717744063,9.743397293903211,-0.18152817524496542,7,0.2621645571910599,1.8351519003374195,0.0,0.0,0.0,0.0,43.96630066673836,-13.355075510350005,False,False,False,True,True,0.0
2025-02-12 17:00:00+00:00,9.445,9.455,9.21,9.255,11606.0,9.722967241865826,9.660956051087389,9.659989134183258,9.778185096678198,"rgba(38, 166, 154, 1.0)",0.5164791755131343,9.731353875074834,-0.9223099355391525,7,0.26079082598179065,1.8255357818725346,0.0,0.0,0.0,0.0,43.807376752566356,-13.355075510350005,False,False,False,True,True,0.0
2025-02-13 17:00:00+00:00,9.11,9.145,9.03,9.13,32476.0,9.709394775732374,9.643750309441895,9.614413050071803,9.746395108135847,"rgba(38, 166, 154, 1.0)",0.5189267597474332,9.700953461544582,-1.1002582750260754,7,0.2588905542116556,1.812233879481589,0.0,0.0,0.0,0.0,42.60057247677523,-13.355075510350005,False,True,False,True,True,0.0
2025-02-14 17:00:00+00:00,9.065,9.065,8.92,9.015,35666.0,9.692774404603545,9.622711761489805,9.563863450424597,9.719858661680435,"rgba(38, 166, 154, 1.0)",0.5225289163945444,9.675278083088958,-1.2636201794244888,7,0.25608781901955924,1.7926147331369147,0.0,0.0,0.0,0.0,40.81989726292084,-13.355075510350005,False,True,False,True,False,0.0
2025-02-17 17:00:00+00:00,9.015,9.015,9.015,9.015,0.0,9.692774404603545,9.622711761489805,9.563863450424597,9.719858661680435,"rgba(38, 166, 154, 1.0)",0.528131825612899,9.675278083088958,-1.2502145318031208,7,0.2533778227372829,1.77364475916098,0.0,0.0,0.0,0.0,39.63278045368458,-13.355075510350005,False,True,False,True,False,0.0
2025-02-18 17:00:00+00:00,9.1,9.13,9.065,9.09,10396.0,9.688719822065753,9.617732218960676,9.552882913122357,9.715217329359984,"rgba(38, 166, 154, 1.0)",0.5324552343404703,9.67075185772443,-1.090705509626142,7,0.25187899693371396,1.7631529785359978,0.0,0.0,0.0,0.0,40.02791176983298,-13.355075510350005,False,True,False,True,False,0.0
2025-02-19 17:00:00+00:00,9.235,9.24,9.115,9.14,15927.0,9.683333579788044,9.611280604683804,9.539447952979826,9.710215515016333,"rgba(38, 166, 154, 1.0)",0.5348183155339945,9.665855175361678,-0.9832407755830724,7,0.25127940851069047,1.7589558595748334,0.0,0.0,0.0,0.0,41.096490411189805,-13.355075510350005,False,True,False,True,False,0.0
2025-02-20 17:00:00+00:00,9.2,9.29,9.19,9.25,10749.0,9.680300597610456,9.607775590318582,9.532684095513337,9.708145327759565,"rgba(38, 166, 154, 1.0)",0.5347760160921359,9.663818686788007,-0.7738168398275936,7,0.2533961943795856,1.7737733606570991,0.0,0.0,0.0,0.0,43.5449383989079,-11.991316294872917,False,True,False,True,True,0.0
2025-02-21 17:00:00+00:00,9.055,9.07,8.88,8.915,20335.0,9.67096409345501,9.596220124072499,9.508754889678796,9.696524947335007,"rgba(239, 83, 80, 1.0)",0.540801140784543,9.65246852717538,-1.3636593408540727,7,0.2523318741177773,1.766323118824441,0.0,0.0,0.0,0.0,41.31542025592823,-11.991316294872917,False,True,False,True,True,0.0
2025-02-24 17:00:00+00:00,8.845,8.925,8.81,8.81,12850.0,9.664326483573848,9.58794666262622,9.491908905938283,9.68803205096062,"rgba(239, 83, 80, 1.0)",0.5490556347858381,9.644160565091106,-1.519264191535843,7,0.2515697154128586,1.7609880078900102,0.0,0.0,0.0,0.0,38.87360101661692,-11.991316294872917,False,True,False,True,False,0.0
2025-02-25 17:00:00+00:00,8.61,8.645,8.555,8.56,18867.0,9.651708982110497,9.571943370940335,9.459229687428246,9.670664539150133,"rgba(239, 83, 80, 1.0)",0.5622000541630093,9.627150624148728,-1.8981688390931886,5,0.2942078548456094,1.4710392742280471,0.0,0.0,0.0,0.0,35.2923804166595,-9.299236495251215,False,True,False,True,False,0.0
2025-02-26 17:00:00+00:00,8.525,8.545,8.395,8.425,27733.0,9.631461849611775,9.546304798015543,9.408626357053953,9.643782669579199,"rgba(239, 83, 80, 1.0)",0.5779978802292786,9.600744526307494,-2.0341675402703943,5,0.28652835627490736,1.432641781374537,0.0,0.0,0.0,0.0,32.01593622513794,-12.400270126835835,False,True,False,True,False,0.0
2025-02-27 17:00:00+00:00,8.575,8.605,8.46,8.46,21422.0,9.616973176304242,9.528221468504762,9.374896878849405,9.626190588253063,"rgba(239, 83, 80, 1.0)",0.5910983820797411,9.583404538942055,-1.9005373267804064,5,0.2806146458814357,1.4030732294071786,0.0,0.0,0.0,0.0,30.500180597255593,-13.875539179491355,False,True,False,True,False,0.0
2025-02-28 17:00:00+00:00,8.375,8.515,8.295,8.49,54658.0,9.579255241145761,9.481623373488539,9.292744446838906,9.582840426460496,"rgba(239, 83, 80, 1.0)",0.6030143724102469,9.5405287288358,-1.7421288395446362,5,0.27618710104345456,1.380935505217273,0.0,0.0,0.0,0.0,30.10112923468466,-14.433745206590153,False,True,False,True,False,0.0
2025-03-03 17:00:00+00:00,8.385,8.435,7.66,7.74,73961.0,9.511699378624638,9.397948024926599,9.150426238495957,9.50470995988478,"rgba(239, 83, 80, 1.0)",0.6332635547145603,9.46296986781265,-2.720778505229576,5,0.26160585257777463,1.3080292628888732,0.0,0.0,0.0,0.0,25.775182243933646,-18.6475615059129,False,True,False,True,False,0.0
2025-03-04 17:00:00+00:00,7.575,7.81,7.56,7.705,57383.0,9.455141526940348,9.32878245388976,9.039962771079196,9.442479269689736,"rgba(239, 83, 80, 1.0)",0.6633118041687042,9.400944552197988,-2.5567833129751567,5,0.2484138485953439,1.2420692429767195,0.0,0.0,0.0,0.0,22.769325457015476,-21.504159221631305,False,True,False,True,False,0.0
2025-03-05 17:00:00+00:00,7.37,7.66,7.34,7.605,29728.0,9.424719131055182,9.291887604453583,8.983151891747521,9.409860257819002,"rgba(239, 83, 80, 1.0)",0.6920502702669575,9.36836302788868,-2.5480273668681104,5,0.2361805118055924,1.180902559027962,0.0,0.0,0.0,0.0,20.406620814689397,-23.76412820701105,False,True,False,True,False,0.0
2025-03-06 17:00:00+00:00,7.345,7.585,7.195,7.475,42756.0,9.380017775102875,9.238056574569054,8.902569502240025,9.241293498484822,"rgba(239, 83, 80, 1.0)",0.7101546462719335,9.169199478170768,-2.385676819921872,5,0.22462549175753063,1.1231274587876532,0.0,0.0,0.0,0.0,18.382613093548635,-25.75315437472407,False,True,False,True,False,0.0
2025-03-07 17:00:00+00:00,7.525,7.69,7.52,7.55,22888.0,9.358881262279276,9.213041725155085,8.86726739150055,9.225123287663784,"rgba(239, 83, 80, 1.0)",0.7261762561217138,9.152530771311591,-2.2068068981905578,5,0.2154713291679881,1.0773566458399406,0.0,0.0,0.0,0.0,18.540793908250773,-25.79133658562705,False,True,False,True,False,0.0
2025-03-10 17:00:00+00:00,7.42,7.42,7.275,7.325,35004.0,9.32313504171215,9.170632602344007,8.807075346360191,9.188123629073166,"rgba(239, 83, 80, 1.0)",0.7522665451520157,9.114628207261458,-2.3789815176478633,5,0.20562564037453082,1.028128201872654,0.0,0.0,0.0,0.0,17.695650174492357,-26.90435306264179,False,True,False,True,False,0.0
2025-03-11 17:00:00+00:00,7.545,7.795,7.445,7.75,40490.0,9.289823036681916,9.132163373100695,8.757207403897752,9.162762929318617,"rgba(239, 83, 80, 1.0)",0.7686801488077901,9.088576411541798,-1.7413958375507772,5,0.20016333792030067,1.0008166896015034,0.0,0.0,0.0,0.0,23.941603150175418,-31.69555048406006,False,True,False,True,True,0.0
2025-03-12 17:00:00+00:00,8.02,8.195,7.995,8.17,28233.0,9.27367802227616,9.114465824616602,8.738406586420425,9.156786003569817,"rgba(38, 166, 154, 1.0)",0.7722619870073707,9.082421577217495,-1.1814922818527736,5,0.19730987976899206,0.9865493988449603,0.0,0.0,0.0,0.0,32.61540286683079,-23.815424991377366,False,True,False,True,True,0.0
2025-03-13 17:00:00+00:00,7.58,7.585,7.425,7.46,41477.0,9.23823198917957,9.073783239251771,8.686541627227182,9.12383565309181,"rgba(38, 166, 154, 1.0)",0.7923210742399077,9.048718390357983,-2.005144684409762,5,0.19105905232215945,0.9552952616107973,0.0,0.0,0.0,0.0,33.59910969375443,-23.18080723616028,False,True,False,True,True,0.0
2025-03-14 17:00:00+00:00,7.635,7.77,7.63,7.765,32897.0,9.214699413239602,9.047449096670151,8.65576235718954,9.10516216861546,"rgba(38, 166, 154, 1.0)",0.8009665782412252,9.029645147242512,-1.5788987725548294,5,0.18733167670100773,0.9366583835050386,0.0,0.0,0.0,0.0,36.880173769327726,-20.180069896839917,False,False,False,True,True,0.0
2025-03-17 17:00:00+00:00,7.895,7.925,7.845,7.875,16189.0,9.20459737118537,9.036381747477776,8.643798231770903,9.098097588129953,"rgba(38, 166, 154, 1.0)",0.8079617219547854,9.022446526240717,-1.420174366014,5,0.18409654954311935,0.9204827477155968,0.0,0.0,0.0,0.0,39.958342250916104,-17.306717627965554,False,False,False,True,True,0.0
2025-03-18 17:00:00+00:00,7.84,7.935,7.815,7.925,12970.0,9.196674158538908,9.02774097047585,8.634598917159629,9.092543311431086,"rgba(38, 166, 154, 1.0)",0.8114599344546986,9.016792219846106,-1.3454665763378588,5,0.18122206228181112,0.9061103114090556,0.0,0.0,0.0,0.0,42.43421107733807,-14.918915665167482,True,False,False,True,True,0.0
2025-03-19 17:00:00+00:00,8.055,8.06,7.945,8.01,13637.0,9.189160543201773,9.019687803619961,8.62660508402091,9.087831893709238,"rgba(38, 166, 154, 1.0)",0.8156144646553015,9.012009709004715,-1.228533519728821,5,0.17885539641727471,0.8942769820863736,0.0,0.0,0.0,0.0,44.841942088707825,-12.514195477953777,True,False,False,True,True,0.0
2025-03-20 17:00:00+00:00,8.285,8.32,8.225,8.26,17983.0,9.181567482316433,9.01196628059835,8.620705304715358,9.084902202375963,"rgba(38, 166, 154, 1.0)",0.814238980347365,9.009081947481075,-0.9199779985496483,5,0.17736034526967007,0.8868017263483503,0.0,0.0,0.0,0.0,48.544594853569706,-8.88948941437149,True,False,False,False,True,0.0
2025-03-21 17:00:00+00:00,8.175,8.24,8.145,8.23,18726.0,9.173253469778556,9.00342203964102,8.613697086487683,9.080845554377692,"rgba(38, 166, 154, 1.0)",0.8184503705228612,9.005010076746714,-0.946923728865324,5,0.1758523953524735,0.8792619767623675,0.0,0.0,0.0,0.0,50.7035504507286,-6.698951895029779,True,False,True,False,True,0.0
2025-03-24 17:00:00+00:00,8.275,8.3,8.23,8.27,19076.0,9.16545858198416,8.995560194443591,8.607837907567687,9.077373481529694,"rgba(38, 166, 154, 1.0)",0.8196549592677717,9.001549766111854,-0.892509412454937,5,0.1746129215494812,0.8730646077474059,0.0,0.0,0.0,0.0,52.506980046950034,-4.759552734403151,True,False,True,False,True,0.0
2025-03-25 17:00:00+00:00,8.305,8.37,8.28,8.28,19835.0,9.157878412014133,8.988037048409407,8.602699412357197,9.029231564271454,"rgba(38, 166, 154, 1.0)",0.822509481311217,8.916094924246423,-0.773358774214228,5,0.17356596950386405,0.8678298475193202,0.0,0.0,0.0,0.0,53.808511732719666,-3.21049238473703,True,False,True,False,True,0.0
2025-03-26 17:00:00+00:00,8.355,8.365,8.295,8.295,12178.0,9.153335739301736,8.983555128068447,8.599718827749163,9.027571613535963,"rgba(38, 166, 154, 1.0)",0.8240536477768999,8.914611349431077,-0.7519065671302353,5,0.17296272691827186,0.8648136345913593,0.0,0.0,0.0,0.0,54.840656955275875,-1.8423831748444215,True,False,True,False,True,0.0
2025-03-27 17:00:00+00:00,8.225,8.265,8.205,8.24,4252.0,9.151607206659856,8.981813959417304,8.598395024303064,9.026181751198665,"rgba(38, 166, 154, 1.0)",0.826885353230657,8.913231747585904,-0.8141778602747942,5,0.17248269583789883,0.8624134791894942,0.0,0.0,0.0,0.0,54.682621868408425,-1.533883213298509,True,False,True,False,True,0.0
2025-03-28 17:00:00+00:00,8.165,8.21,8.115,8.15,29964.0,9.138581313998019,8.96850425914319,8.587370597255013,9.014801749222624,"rgba(38, 166, 154, 1.0)",0.8312173748931898,8.901821535379575,-0.9044824592077167,4,0.17129340072636276,0.685173602905451,0.0,0.0,0.0,0.0,53.20202891786879,-1.533883213298509,True,False,True,False,True,0.0
2025-03-31 17:00:00+00:00,8.095,8.14,8.045,8.095,15462.0,9.13155553193577,8.961265459869605,8.581065529320677,9.008749897067583,"rgba(38, 166, 154, 1.0)",0.8374669551098135,8.895742019657156,-0.9561476005368565,4,0.17007577011250644,0.6803030804500257,0.0,0.0,0.0,0.0,51.384565120789645,-1.533883213298509,True,False,False,False,False,0.0
2025-04-01 17:00:00+00:00,7.985,8.035,7.905,8.025,19337.0,9.122025509685011,8.951304291733315,8.571753698532717,8.999601899987013,"rgba(38, 166, 154, 1.0)",0.8445838945628531,8.88645850083105,-1.0199797869422211,4,0.1685428549326329,0.6741714197305316,0.0,0.0,0.0,0.0,49.11780456130426,-1.533883213298509,True,False,False,False,False,0.0
2025-04-02 17:00:00+00:00,8.165,8.205,8.105,8.2,14698.0,9.11603121789814,8.945271053959313,8.567012912706293,8.996084375398809,"rgba(38, 166, 154, 1.0)",0.8484052182857058,8.883057685414295,-0.8051078313668172,4,0.16747474413019203,0.6698989765207681,0.0,0.0,0.0,0.0,50.50938183160416,-1.533883213298509,True,False,False,False,False,0.0
2025-04-03 17:00:00+00:00,7.465,7.485,7.3,7.305,21919.0,9.099726999634315,8.92726123065896,8.546197368338003,8.973829728322398,"rgba(239, 83, 80, 1.0)",0.8694708083003642,8.859890828417619,-1.788318611244821,4,0.16440550139764265,0.6576220055905706,0.0,0.0,0.0,0.0,43.00216203065989,-1.4512516249730822,True,False,False,True,False,0.0
2025-04-04 17:00:00+00:00,6.175,6.195,6.0,6.1,44002.0,9.04470552757511,8.864052107199539,8.46406871065226,8.88924191824214,"rgba(239, 83, 80, 1.0)",0.9289846001885015,8.770933629087724,-2.8751107699156275,4,0.1561021981112461,0.6244087924449844,0.0,0.0,0.0,0.0,34.0945903013164,-9.420642982660823,False,True,False,True,False,0.0
2025-04-07 17:00:00+00:00,5.91,6.15,5.905,6.06,10839.0,9.031190651864181,8.848584617200071,8.44418519773319,8.870388576653614,"rgba(239, 83, 80, 1.0)",0.9823686533940169,8.75113480523489,-2.7394347284364207,2,0.1304803888094753,0.2609607776189506,0.0,0.0,0.0,0.0,28.072737898695163,-14.499265375801158,False,True,False,True,False,0.0
2025-04-08 17:00:00+00:00,5.745,5.76,5.345,5.425,17526.0,9.005780511850475,8.819294579821133,8.405804529843403,8.649548647898222,"rgba(239, 83, 80, 1.0)",1.0591929912876106,8.469487997135932,-2.8743468113727726,1,0.14954516270741344,0.14954516270741344,0.0,0.0,0.0,0.0,22.90668740567068,-18.84216348247557,False,True,False,True,False,0.0
2025-04-09 17:00:00+00:00,5.465,6.675,5.415,6.575,23688.0,8.978887793563159,8.788853462058233,8.36786083631637,8.641122414656657,"rgba(38, 166, 154, 1.0)",1.0897371490658,8.461744780712495,-1.731376031669606,1,0.1465817938060863,0.1465817938060863,0.0,0.0,0.0,0.0,28.354215354191606,-18.84216348247557,False,True,False,True,True,0.0
2025-04-10 17:00:00+00:00,5.74,5.845,5.645,5.745,36003.0,8.932097756083738,8.735587417191937,8.300388342600623,8.581530281280848,"rgba(38, 166, 154, 1.0)",1.144581929261858,8.39759819262293,-2.3175258361221838,1,0.14225777601955641,0.14225777601955641,0.0,0.0,0.0,0.0,29.38824865196536,-18.84216348247557,False,True,False,True,True,0.0
2025-04-11 17:00:00+00:00,5.985,6.15,5.975,6.08,18648.0,8.910795932919854,8.711628568052145,8.271038788299295,8.561205633934629,"rgba(38, 166, 154, 1.0)",1.1848608577602084,8.376137824816762,-1.9378965975441595,1,0.1393874192208977,0.1393874192208977,0.0,0.0,0.0,0.0,31.967108123580402,-27.272979522118483,False,True,False,True,True,0.0
2025-04-14 17:00:00+00:00,6.165,6.325,6.165,6.27,30481.0,8.878873563925044,8.676057049531366,8.228585042653917,8.534107132863747,"rgba(38, 166, 154, 1.0)",1.2169238911110103,8.347857221876913,-1.707466865474964,1,0.13703890160603766,0.13703890160603766,0.0,0.0,0.0,0.0,34.73682967185575,-24.42927762848414,False,False,False,True,True,0.0
2025-04-15 17:00:00+00:00,6.195,6.2,6.075,6.115,18992.0,8.858452151096206,8.653307124462499,8.201428795950761,8.514722943722004,"rgba(38, 166, 154, 1.0)",1.2488192729841185,8.32745638732359,-1.771638567073689,1,0.1340200987663275,0.1340200987663275,0.0,0.0,0.0,0.0,35.992895626703955,-22.884826556077407,False,False,False,True,True,0.0
2025-04-16 17:00:00+00:00,6.445,6.495,6.295,6.32,20611.0,8.838549941309434,8.63137839647112,8.176065537934893,8.498626132140512,"rgba(38, 166, 154, 1.0)",1.2732655293017692,8.310794695486265,-1.563534588561408,1,0.1319747430254768,0.1319747430254768,0.0,0.0,0.0,0.0,38.08918637514582,-20.45848951993101,False,False,False,True,True,0.0
2025-04-17 17:00:00+00:00,6.6,6.605,6.475,6.52,15750.0,8.824547005679138,8.616093242670248,8.158863044216375,8.48853968417989,"rgba(38, 166, 154, 1.0)",1.2866962968627706,8.300511356832196,-1.3837852500030101,1,0.13058141305526025,0.13058141305526025,0.0,0.0,0.0,0.0,40.701689871286455,-17.55409971347047,True,False,False,True,True,0.0
2025-04-18 17:00:00+00:00,6.52,6.52,6.52,6.52,0.0,8.824547005679138,8.616093242670248,8.158863044216375,8.48853968417989,"rgba(38, 166, 154, 1.0)",1.2979038089540014,8.300511356832196,-1.3718361442109759,1,0.12944007848187147,0.12944007848187147,0.0,0.0,0.0,0.0,42.443358868713545,-15.469558793791073,True,False,False,True,True,0.0
2025-04-21 17:00:00+00:00,6.295,6.385,6.27,6.385,6502.0,8.818348794386655,8.609288161393234,8.15106253654898,8.483290824665552,"rgba(38, 166, 154, 1.0)",1.3070156743409704,8.29506358288648,-1.4613930195210405,1,0.1280113939345284,0.1280113939345284,0.0,0.0,0.0,0.0,42.820844960957544,-14.59386657402981,True,False,False,True,True,0.0
2025-04-22 17:00:00+00:00,6.62,6.635,6.485,6.525,21045.0,8.800117613707778,8.589477777823456,8.129039823928526,8.469884681515312,"rgba(38, 166, 154, 1.0)",1.3089700132147812,8.11671743592887,-1.2160075630912819,1,0.12710025125460606,0.12710025125460606,0.0,0.0,0.0,0.0,44.132403401173846,-12.798023594824599,True,False,False,True,True,0.0
2025-04-23 17:00:00+00:00,6.485,6.515,6.36,6.41,17146.0,8.784699097788152,8.572684548484519,8.110211181785916,8.457286763146806,"rgba(38, 166, 154, 1.0)",1.3118521567162555,8.101103910151423,-1.2890964134132965,1,0.12585806077161488,0.12585806077161488,0.0,0.0,0.0,0.0,44.235325571733,-12.11823445652852,True,False,False,True,True,0.0
2025-04-24 17:00:00+00:00,6.395,6.395,6.32,6.35,9197.0,8.77625620061095,8.563479477134806,8.099849482878218,8.450055454544948,"rgba(38, 166, 154, 1.0)",1.3139598942142847,8.092327504568582,-1.326012698135243,1,0.12470177939958582,0.12470177939958582,0.0,0.0,0.0,0.0,43.88569770367769,-11.87948785090726,True,False,False,True,True,0.0
2025-04-25 17:00:00+00:00,6.475,6.485,6.365,6.4,26569.0,8.752804919592037,8.538042006402035,8.07162553137598,8.430671987993609,"rgba(38, 166, 154, 1.0)",1.312592143483705,8.072350459100264,-1.2740823319738426,1,0.1232853883964794,0.1232853883964794,0.0,0.0,0.0,0.0,44.14095022829013,-11.042593493419666,True,False,False,True,True,0.0
2025-04-28 17:00:00+00:00,6.385,6.455,6.345,6.44,10034.0,8.74405669895754,8.528576606671367,8.06119023205088,8.423420374730913,"rgba(38, 166, 154, 1.0)",1.3089139022883118,8.065041031848724,-1.2415186583378337,1,0.12223460826725963,0.12223460826725963,0.0,0.0,0.0,0.0,44.72957789672868,-9.933236069916482,True,False,False,True,True,0.0
2025-04-29 17:00:00+00:00,6.385,6.43,6.355,6.355,19656.0,8.726865302194303,8.50998838467799,8.04071820500478,8.408917607104222,"rgba(38, 166, 154, 1.0)",1.3023181860273898,8.050153962736882,-1.3016434700246364,1,0.1209679479006106,0.1209679479006106,0.0,0.0,0.0,0.0,44.33494414236166,-9.847553597813032,True,False,False,True,True,0.0
2025-04-30 17:00:00+00:00,6.065,6.11,5.985,6.035,25335.0,8.701946100435599,8.482786112076003,8.009853078233034,8.261643825479585,"rgba(38, 166, 154, 1.0)",1.2999407921375024,7.837647873632827,-1.386715367758188,1,0.11937542294710136,0.11937542294710136,0.0,0.0,0.0,0.0,41.47548985384684,-9.847553597813032,True,False,False,True,False,0.0
2025-05-01 17:00:00+00:00,6.045,6.24,6.035,6.18,30882.0,8.673402324570263,8.451865600098964,7.975499199590035,8.24006828280955,"rgba(38, 166, 154, 1.0)",1.294557724747227,7.814633766142711,-1.2626966993394493,1,0.1180685199091225,0.1180685199091225,0.0,0.0,0.0,0.0,41.35864880683093,-9.847553597813032,True,False,False,True,False,0.0
2025-05-02 17:00:00+00:00,6.265,6.375,6.255,6.31,34793.0,8.644012793201398,8.420377800789874,7.941584011997901,8.220739771285952,"rgba(38, 166, 154, 1.0)",1.2861385638435001,7.797030521022096,-1.1561977556899081,1,0.11699284577897284,0.11699284577897284,0.0,0.0,0.0,0.0,42.806246838449425,-9.847553597813032,True,False,False,True,False,0.0
2025-05-05 17:00:00+00:00,6.095,6.1,6.03,6.03,34665.0,8.612264102050135,8.386155635280977,7.903962300624803,8.191081733469021,"rgba(38, 166, 154, 1.0)",1.2808131109671081,7.76505314979556,-1.3546497415891277,1,0.1154229157907438,0.1154229157907438,0.0,0.0,0.0,0.0,41.35678960187774,-9.847553597813032,True,False,False,True,False,0.0
2025-05-06 17:00:00+00:00,6.16,6.26,6.155,6.245,37747.0,8.580760850908254,8.3525820244905,7.868203659355493,8.166269773102568,"rgba(38, 166, 154, 1.0)",1.2700862104526602,7.74095091310776,-1.1778341507814662,1,0.1142123344785809,0.1142123344785809,0.0,0.0,0.0,0.0,42.86094722406797,-9.847553597813032,True,False,False,True,False,0.0
2025-05-07 17:00:00+00:00,6.195,6.205,6.015,6.13,53624.0,8.535509590116966,8.304411450978192,7.816913117626853,8.127835605075598,"rgba(38, 166, 154, 1.0)",1.2596622706249696,7.7021720246836,-1.2480901122041084,1,0.11283629300303157,0.11283629300303157,0.0,0.0,0.0,0.0,42.830587519586636,-9.847553597813032,True,False,False,True,False,0.0
2025-05-08 17:00:00+00:00,6.205,6.305,6.18,6.27,26198.0,8.515201480904224,8.283030690606571,7.794836094419807,8.112359604144885,"rgba(38, 166, 154, 1.0)",1.2470862147530322,7.687741423347914,-1.1368431521221474,1,0.11177009355285546,0.11177009355285546,0.0,0.0,0.0,0.0,44.42620589660292,-8.709046914885874,True,False,False,True,True,0.0
2025-05-09 17:00:00+00:00,6.385,6.45,6.385,6.395,41694.0,8.485825023182302,8.25248862343239,7.764432798084019,8.09257838644369,"rgba(38, 166, 154, 1.0)",1.2347136480953032,7.671207548242028,-1.0336060917531238,1,0.11090603490039327,0.11090603490039327,0.0,0.0,0.0,0.0,46.85905851589856,-6.344743421554355,True,False,False,True,True,0.0
2025-05-12 17:00:00+00:00,6.735,6.76,6.61,6.655,28457.0,8.468741354809932,8.235125469593163,7.748349357810412,8.08390968010995,"rgba(38, 166, 154, 1.0)",1.221496184164301,7.666270777306274,-0.827895158754135,1,0.11021995195669917,0.11021995195669917,0.0,0.0,0.0,0.0,50.975728399461005,-2.5554598894670733,True,False,True,False,True,0.0
2025-05-13 17:00:00+00:00,7.0,7.1,6.975,7.045,24184.0,8.457377408539394,8.224049765262178,7.739572276623374,8.081741760466661,"rgba(38, 166, 154, 1.0)",1.20566343741707,7.668891866525852,-0.517467683902263,1,0.11007533188207339,0.11007533188207339,0.0,0.0,0.0,0.0,56.539756470435734,2.3838856410231983,True,False,True,False,True,0.0
2025-05-14 17:00:00+00:00,7.075,7.105,7.025,7.085,41651.0,8.43865176996721,8.20594574315032,7.725616804128141,8.027444798011391,"rgba(38, 166, 154, 1.0)",1.1860932616051936,7.568765077702557,-0.4078642829888909,1,0.10997906844871912,0.10997906844871912,0.0,0.0,0.0,0.0,60.50095447091998,5.71540184872547,True,False,True,False,True,0.0
2025-05-15 17:00:00+00:00,6.74,6.785,6.69,6.775,43408.0,8.415200044023383,8.182491863158814,7.704824746806492,8.006910993308178,"rgba(38, 166, 154, 1.0)",1.1696195308077189,7.551419231184763,-0.663822047028046,1,0.10962424671717176,0.10962424671717176,0.0,0.0,0.0,0.0,59.28140994203957,5.71540184872547,True,False,True,False,True,0.0
2025-05-16 17:00:00+00:00,6.735,6.74,6.69,6.7,38339.0,8.394537377475194,8.161835309445337,7.686445105600193,7.992091595682131,"rgba(38, 166, 154, 1.0)",1.1579763452749103,7.539843811091524,-0.7252685380996622,1,0.10922495001895566,0.10922495001895566,0.0,0.0,0.0,0.0,57.633958244033764,5.71540184872547,True,False,True,False,False,0.0
2025-05-19 17:00:00+00:00,6.495,6.51,6.385,6.49,69813.0,8.352809068627153,8.119486822471004,7.6465818083292945,7.9556702363733605,"rgba(38, 166, 154, 1.0)",1.151723588898503,7.505700183300964,-0.881895789138407,1,0.10874803699269134,0.10874803699269134,0.0,0.0,0.0,0.0,54.32908145759002,9.851391652532591,True,False,True,False,False,0.0
2025-05-20 17:00:00+00:00,6.615,6.645,6.49,6.56,91188.0,8.303777764310587,8.070505595471795,7.602476063451174,7.920941835926994,"rgba(38, 166, 154, 1.0)",1.138563651795196,7.476949657978318,-0.805356517865774,1,0.10858278279377163,0.10858278279377163,0.0,0.0,0.0,0.0,52.8871707460666,8.479844305308518,True,False,True,False,False,0.0
2025-05-21 17:00:00+00:00,6.57,6.605,6.445,6.455,43373.0,8.280572472470247,8.04734007183346,7.581530759876604,7.90379062931981,"rgba(38, 166, 154, 1.0)",1.1269694592854707,7.4621801356197786,-0.8937066815087945,1,0.1083758254848613,0.1083758254848613,0.0,0.0,0.0,0.0,50.78146915238483,6.406038481776832,True,False,False,False,False,0.0
2025-05-22 17:00:00+00:00,6.305,6.41,6.305,6.39,47308.0,8.254087130164946,8.020727156455898,7.556864670880684,7.882365080574262,"rgba(239, 83, 80, 1.0)",1.1182082353737528,7.442416406476013,-0.9411631690623807,1,0.10851765856973747,0.10851765856973747,0.0,0.0,0.0,0.0,48.66925419337724,4.300475538390373,True,False,False,True,False,0.0
2025-05-23 17:00:00+00:00,6.305,6.43,6.295,6.385,43915.0,8.230170801696257,7.996791235784427,7.534879585976481,7.731307480688544,"rgba(239, 83, 80, 1.0)",1.107501904498811,7.2918616878555405,-0.8188353303698669,1,0.10875802382818373,0.10875802382818373,0.0,0.0,0.0,0.0,47.20283366576047,2.759705499732277,True,False,False,True,False,0.0
2025-05-26 17:00:00+00:00,6.385,6.385,6.385,6.385,0.0,8.230170801696257,7.996791235784427,7.534879585976481,7.731307480688544,"rgba(239, 83, 80, 1.0)",1.085184108596129,7.2918616878555405,-0.8356754219601698,1,0.10928771979515157,0.10928771979515157,0.0,0.0,0.0,0.0,46.22521998068263,1.609994622736906,True,False,False,True,False,0.0
2025-05-27 17:00:00+00:00,6.46,6.565,6.425,6.565,42552.0,8.209371250582988,7.976306449048264,7.516955572231638,7.721426297713239,"rgba(239, 83, 80, 1.0)",1.054224248329449,7.2857469288777,-0.6836751573679067,1,0.11020670432217299,0.11020670432217299,0.0,0.0,0.0,0.0,48.396903587442566,1.609994622736906,True,False,False,False,False,0.0
2025-05-28 17:00:00+00:00,6.645,6.69,6.545,6.56,48393.0,8.187412903409944,7.954929988649961,7.49889693054436,7.71106409304187,"rgba(239, 83, 80, 1.0)",1.0321275455438135,7.279775649791332,-0.6973708364813502,1,0.11118127011357946,0.11118127011357946,0.0,0.0,0.0,0.0,49.761588674195124,1.609994622736906,True,False,False,False,True,0.0
2025-05-29 17:00:00+00:00,6.625,6.665,6.615,6.655,33142.0,8.173148434945714,7.941159490187127,7.487553567940415,7.704366678996562,"rgba(239, 83, 80, 1.0)",1.0107655514509915,7.27609932006515,-0.6144840602981952,1,0.1123263746538812,0.1123263746538812,0.0,0.0,0.0,0.0,52.124686320609605,-2.9466706677527554,True,False,True,False,True,0.0
2025-05-30 17:00:00+00:00,6.445,6.535,6.43,6.535,57049.0,8.146930437155953,7.9155444865354925,7.465476201858989,7.686620707581016,"rgba(239, 83, 80, 1.0)",0.991756077428893,7.261800862204445,-0.7328423578594655,1,0.1135314990264458,0.1135314990264458,0.0,0.0,0.0,0.0,51.513871891416684,-2.9466706677527554,True,False,False,False,True,0.0
2025-06-02 17:00:00+00:00,6.81,6.81,6.665,6.79,44174.0,8.130244004427492,7.899789189818241,7.453386895890863,7.680227361857851,"rgba(239, 83, 80, 1.0)",0.969470938657229,7.25979670138197,-0.4845908037559789,1,0.11500519992970865,0.11500519992970865,0.0,0.0,0.0,0.0,54.68853070905776,-0.20802321594669593,True,False,True,False,True,0.0
2025-06-03 17:00:00+00:00,6.955,6.965,6.895,6.9,43088.0,8.11625587432508,7.886984358774569,7.444678568104086,7.677558444299836,"rgba(239, 83, 80, 1.0)",0.9432062675062605,7.2621535141452895,-0.38396003782161614,1,0.11686610107385681,0.11686610107385681,0.0,0.0,0.0,0.0,58.038094650457865,2.9985545826276336,True,False,True,False,True,0.0
2025-06-04 17:00:00+00:00,6.665,6.69,6.645,6.68,40933.0,8.100566495590162,7.87208081478677,7.432872326294493,7.668874130367236,"rgba(239, 83, 80, 1.0)",0.9147672031921918,7.25659948423166,-0.6303237394383463,1,0.11875375474099065,0.11875375474099065,0.0,0.0,0.0,0.0,56.47262648019554,2.9985545826276336,True,False,True,False,True,0.0
2025-06-05 17:00:00+00:00,6.785,7.105,6.755,6.98,50683.0,8.085255026623477,7.858239421524867,7.423848348966925,7.665318058866258,"rgba(239, 83, 80, 1.0)",0.8795052202417344,7.2585160823693355,-0.3166735977903397,1,0.12081458572882825,0.12081458572882825,0.0,0.0,0.0,0.0,58.73588244035081,3.5972362260638207,True,False,True,False,True,0.0
2025-06-06 17:00:00+00:00,7.195,7.2,7.105,7.195,61074.0,8.070798152673948,7.845995576570186,7.418222267353764,7.666747461376019,"rgba(38, 166, 154, 1.0)",0.8527262849925212,7.267633726478747,-0.08517824272226361,1,0.12301970492508887,0.12301970492508887,0.0,0.0,0.0,0.0,62.03679814243631,6.739923134041703,True,False,True,False,True,0.0
2025-06-09 17:00:00+00:00,7.295,7.345,7.275,7.3,58316.0,8.05948522178827,7.83702986650141,7.4159397681880455,7.670712168887308,"rgba(38, 166, 154, 1.0)",0.8279731738266684,7.279250033536931,0.025061157920332488,1,0.1254500067198936,0.1254500067198936,0.0,0.0,0.0,0.0,65.01537149727771,9.531247725505878,True,False,True,False,True,0.0
2025-06-10 17:00:00+00:00,7.635,7.68,7.585,7.645,33341.0,8.055936341218205,7.835143475771831,7.418491967158383,7.677336291282963,"rgba(38, 166, 154, 1.0)",0.8116376227299105,7.29111770746161,0.43601021272045115,1,0.128043288645811,0.128043288645811,0.0,0.0,0.0,0.0,69.08853801785693,13.296623336336616,True,False,True,False,True,1.5173208068513446
2025-06-11 17:00:00+00:00,7.815,8.05,7.81,8.02,36888.0,8.055053642294196,7.836430631253021,7.425331871881688,7.689163921471382,"rgba(38, 166, 154, 1.0)",0.8034242986141467,7.3096380440569835,0.8841678763865408,1,0.13071774491334,0.13071774491334,0.0,0.0,0.0,0.0,73.38799850861187,17.200828183037856,True,False,True,False,True,4.382997984613642
2025-06-12 17:00:00+00:00,8.025,8.065,7.905,7.92,34922.0,8.054261610877209,7.837657185131558,7.431689280230202,7.6996100907478375,"rgba(38, 166, 154, 1.0)",0.7925820331544926,7.3261089428905075,0.7493117838487884,2,0.20759264537810207,0.41518529075620414,0.0,0.0,0.0,0.0,74.64374808980698,18.325526006942027,True,False,True,False,True,3.549454782335406
2025-06-13 17:00:00+00:00,8.055,8.245,8.035,8.24,44536.0,8.055558614166397,7.841744403896408,7.442699813301278,7.715764689182576,"rgba(38, 166, 154, 1.0)",0.7867382029620972,7.350386188570839,1.1307621875736216,1,0.28658731536843157,0.28658731536843157,0.0,0.0,0.0,0.0,76.81370555134146,20.44734348097147,True,False,True,False,True,5.918040825932465
2025-06-16 17:00:00+00:00,8.135,8.155,8.065,8.07,21848.0,8.055777111081976,7.8432580670117895,7.447428249313022,7.7225714371884875,"rgba(38, 166, 154, 1.0)",0.7918536412678919,7.360850415031951,0.8955563856883709,1,0.29097890008247507,0.29097890008247507,0.0,0.0,0.0,0.0,75.6986432994699,20.44734348097147,True,False,True,False,True,4.489585319278142
2025-06-17 17:00:00+00:00,8.245,8.3,8.2,8.23,16356.0,8.056520456436074,7.845028593192907,7.451713182310823,7.703044022420293,"rgba(38, 166, 154, 1.0)",0.8004280273872579,7.366791729331199,1.0784333395801613,1,0.2948538525241008,0.2948538525241008,0.0,0.0,0.0,0.0,75.76121603971258,20.44734348097147,True,False,True,False,True,5.665073864006608
2025-06-18 17:00:00+00:00,8.24,8.285,8.16,8.185,19531.0,8.057243403513533,7.846947164131413,7.456556919634949,7.708803979861959,"rgba(38, 166, 154, 1.0)",0.8090217538473412,7.375558143353385,1.0005192725625442,1,0.29956177775122284,0.29956177775122284,0.0,0.0,0.0,0.0,75.09399266364305,20.44734348097147,True,False,True,False,True,5.280973940753043
2025-06-19 17:00:00+00:00,8.185,8.185,8.185,8.185,0.0,8.057243403513533,7.846947164131413,7.456556919634949,7.708803979861959,"rgba(38, 166, 154, 1.0)",0.8185567391055826,7.375558143353385,0.9888646907129166,1,0.3040697838037098,0.3040697838037098,0.0,0.0,0.0,0.0,74.6491770795967,20.44734348097147,True,False,True,False,True,5.280973940753043
2025-06-20 17:00:00+00:00,8.125,8.185,8.07,8.14,26233.0,8.057711299354741,7.848943364375052,7.462299865534302,7.71469294427027,"rgba(38, 166, 154, 1.0)",0.8264575876257497,7.385005514269455,0.9135308296938701,1,0.3075830671279881,0.3075830671279881,0.0,0.0,0.0,0.0,73.51040420241969,20.44734348097147,True,False,True,False,False,4.884904574068418
2025-06-23 17:00:00+00:00,8.025,8.035,7.745,7.765,41797.0,8.055634761166708,7.848936625126753,7.467462075899711,7.715423522432478,"rgba(38, 166, 154, 1.0)",0.8301057785629692,7.389324402671671,0.45256352507107717,1,0.31073700746079286,0.31073700746079286,0.0,0.0,0.0,0.0,66.97940768499991,22.000970076574674,True,False,True,False,False,1.668517093968255
2025-06-24 17:00:00+00:00,7.555,7.565,7.48,7.485,23462.0,8.052613975996413,7.846847747063598,7.467779002831208,7.711548245006407,"rgba(239, 83, 80, 1.0)",0.8276018921510038,7.386472796106601,0.11905144832054412,1,0.31546521763191493,0.31546521763191493,0.0,0.0,0.0,0.0,59.57789637883809,15.28714483573981,True,False,True,False,False,0.0
2025-06-25 17:00:00+00:00,7.385,7.395,7.32,7.325,19086.0,8.049448868580152,7.844352578875066,7.467049382579662,7.7073270473637105,"rgba(239, 83, 80, 1.0)",0.8176500991773403,7.3828478115333915,-0.0707488589454017,2,0.2696225729432873,0.5392451458865746,0.0,0.0,0.0,0.0,53.17655131211605,9.73768341922316,False,False,False,False,False,0.0
2025-06-26 17:00:00+00:00,7.52,7.52,7.45,7.495,45773.0,8.043479641777404,7.840143611631266,7.467352510178615,7.7042702138150165,"rgba(239, 83, 80, 1.0)",0.8179117113525135,7.38280797428776,0.13716887061895347,2,0.273010924050821,0.546021848101642,0.0,0.0,0.0,0.0,50.99862861695732,8.060313245427473,False,True,False,False,False,0.0
2025-06-27 17:00:00+00:00,7.395,7.45,7.32,7.42,19023.0,8.040632570817799,7.837975337634283,7.466936587759398,7.702495143462508,"rgba(239, 83, 80, 1.0)",0.8146596205148057,7.3821614748152005,0.04644703656833791,2,0.27679368875771565,0.5535873775154313,0.0,0.0,0.0,0.0,48.77561093596741,6.097483561070092,False,True,False,True,False,0.0
2025-06-30 17:00:00+00:00,7.365,7.385,7.285,7.285,21625.0,8.037036351701781,7.8351031200472665,7.46594919481575,7.699843265998519,"rgba(239, 83, 80, 1.0)",0.80912953450213,7.380644617868619,-0.11820680594420543,2,0.28321659057277715,0.5664331811455543,0.0,0.0,0.0,0.0,45.945052908873365,3.4236267495261643,False,True,False,True,False,0.0
2025-07-01 17:00:00+00:00,7.385,7.48,7.375,7.41,8009.0,8.035903723996963,7.83425851065974,7.465840489979572,7.699403386327364,"rgba(239, 83, 80, 1.0)",0.8034500326435895,7.380741045357488,0.036416645035462256,2,0.29140211079386075,0.5828042215877215,0.0,0.0,0.0,0.0,45.78604775000448,3.0816679308701254,False,True,False,True,False,0.0
2025-07-02 17:00:00+00:00,7.545,7.635,7.545,7.635,20790.0,8.033854745040532,7.833049161206613,7.466721633989416,7.700399636098824,"rgba(239, 83, 80, 1.0)",0.7982680971672268,7.383582504472889,0.31495370592825056,2,0.29742001755865094,0.5948400351173019,0.0,0.0,0.0,0.0,48.39776880366716,3.0816679308701254,False,True,False,False,False,0.7454826859788817
2025-07-03 17:00:00+00:00,7.515,7.55,7.515,7.55,0.0,8.033854745040532,7.833049161206613,7.466721633989416,7.700399636098824,"rgba(239, 83, 80, 1.0)",0.7872708418190074,7.383582504472889,0.21138531581151854,2,0.3031528526006079,0.6063057052012158,0.0,0.0,0.0,0.0,49.07102994087853,3.0816679308701254,False,True,False,False,True,0.03673271763851105
2025-07-04 17:00:00+00:00,7.55,7.55,7.55,7.55,0.0,8.033854745040532,7.833049161206613,7.466721633989416,7.700399636098824,"rgba(239, 83, 80, 1.0)",0.77666011094169,7.383582504472889,0.2142732621163355,2,0.3085389140395529,0.6170778280791058,0.0,0.0,0.0,0.0,49.51987069901945,3.0816679308701254,False,True,False,False,True,0.03673271763851105
2025-07-07 17:00:00+00:00,7.345,7.4,7.26,7.395,19432.0,8.030836194474734,7.830687358413698,7.466044710352941,7.631467890237332,"rgba(239, 83, 80, 1.0)",0.763519753781423,7.331934186999366,0.08259879680688399,2,0.3144351825903815,0.628870365180763,0.0,0.0,0.0,0.0,47.782579607969424,3.0816679308701254,False,True,False,True,True,0.0
2025-07-08 17:00:00+00:00,7.815,7.855,7.665,7.715,43931.0,8.028005178631217,7.829747347190874,7.469706420600198,7.6506313073366785,"rgba(239, 83, 80, 1.0)",0.7531453564405469,7.358866128083893,0.47286206954689,2,0.3209630933058853,0.6419261866117706,0.0,0.0,0.0,0.0,50.70165210106662,3.0816679308701254,False,True,False,False,True,1.4322603569034946
2025-07-09 17:00:00+00:00,7.735,7.74,7.65,7.665,36704.0,8.025190109473135,7.82843270735757,7.472041952150107,7.655029072661447,"rgba(239, 83, 80, 1.0)",0.7415157473740084,7.366833000251535,0.402104743971235,2,0.32853551852767454,0.6570710370553491,0.0,0.0,0.0,0.0,51.94713021438741,3.0816679308701254,False,True,True,False,True,1.0024483893133684
2025-07-10 17:00:00+00:00,7.865,7.91,7.795,7.85,22474.0,8.02432247546544,7.828561199893632,7.474546912881388,7.660489672003164,"rgba(38, 166, 154, 1.0)",0.733708597677809,7.3750605660405775,0.6473134367821334,2,0.3373682414822381,0.6747364829644762,0.0,0.0,0.0,0.0,54.812491026220144,-0.7502688569457163,False,True,True,False,True,2.5408533229250168
2025-07-11 17:00:00+00:00,7.875,7.905,7.835,7.88,17291.0,8.023743851586424,7.828750895913755,7.476561227527285,7.664478917019532,"rgba(38, 166, 154, 1.0)",0.7283828688290482,7.381102516340124,0.6849385193008535,2,0.3436074772785725,0.687214954557145,0.0,0.0,0.0,0.0,57.03657023166685,1.5270257079142056,False,False,True,False,True,2.7892687183241662
2025-07-14 17:00:00+00:00,7.805,7.865,7.775,7.855,26776.0,8.022610714773577,7.8287699018494505,7.479317271031963,7.669207127655069,"rgba(38, 166, 154, 1.0)",0.7237800049017149,7.388647137671784,0.6443295741384075,2,0.3493905573000031,0.6987811146000062,0.0,0.0,0.0,0.0,58.07083878271446,2.712307014831616,False,False,True,False,True,2.563151612586804
2025-07-15 17:00:00+00:00,7.715,7.78,7.67,7.67,42710.0,8.019665391244628,7.827513424237719,7.482097387316892,7.6724527630056345,"rgba(38, 166, 154, 1.0)",0.7177435738743112,7.395372487181682,0.3826262230895432,2,0.3539774231461601,0.7079548462923202,0.0,0.0,0.0,0.0,55.67137514030824,2.712307014831616,False,False,True,False,False,0.8972647703563794
2025-07-16 17:00:00+00:00,7.565,7.64,7.565,7.565,30235.0,8.016848455476714,7.825795737606892,7.483023445270524,7.6725411585446635,"rgba(38, 166, 154, 1.0)",0.7063122220059526,7.397411762429174,0.23727217560368655,2,0.3580134573631131,0.7160269147262261,0.0,0.0,0.0,0.0,52.55275243625116,7.8951362914542145,False,True,False,False,False,0.0
2025-07-17 17:00:00+00:00,7.815,7.885,7.795,7.84,26071.0,8.015854316001255,7.825883765912554,7.485645800407382,7.676507377690108,"rgba(38, 166, 154, 1.0)",0.712824972515324,7.403857765944822,0.611850385258216,2,0.3616280062826478,0.7232560125652956,0.0,0.0,0.0,0.0,54.210400349364505,7.8951362914542145,False,True,True,False,False,2.350203963192964
2025-07-18 17:00:00+00:00,7.865,7.915,7.795,7.89,58492.0,8.01399619231189,7.82644303868595,7.491823687617423,7.685414187037871,"rgba(38, 166, 154, 1.0)",0.7143910151468543,7.418205893703778,0.6604143897291834,3,0.3150596498142508,0.9451789494427523,0.0,0.0,0.0,0.0,55.895454090775814,7.8951362914542145,False,False,True,False,True,2.7761856974808836
2025-07-21 17:00:00+00:00,7.745,7.795,7.73,7.77,21758.0,8.012847907799122,7.826131199288905,7.49346142870513,7.687333193675076,"rgba(38, 166, 154, 1.0)",0.7125405504503349,7.4218222282669455,0.4886427467363102,3,0.3149651131907245,0.9448953395721735,0.0,0.0,0.0,0.0,55.051495024325234,7.8951362914542145,False,True,True,False,True,1.6751625503697944
2025-07-22 17:00:00+00:00,7.955,8.1,7.95,8.095,35349.0,8.013111797988598,7.827948381153771,7.498813766657807,7.695225986723727,"rgba(38, 166, 154, 1.0)",0.7002134680945024,7.433397836310513,0.9448578095618645,3,0.31344316543426815,0.9403294963028044,0.0,0.0,0.0,0.0,58.107688198071074,2.9932338694377023,False,False,True,False,True,4.43580547512185
2025-07-23 17:00:00+00:00,8.15,8.235,8.145,8.23,15649.0,8.013735985311385,7.829302531840782,7.501809496753887,7.69971370435537,"rgba(38, 166, 154, 1.0)",0.7120065099915166,7.439693499559035,1.1099708912076964,3,0.3110086223468276,0.9330258670404827,0.0,0.0,0.0,0.0,61.31529193838002,6.085778352692756,True,False,True,False,True,5.544193984836841
2025-07-24 17:00:00+00:00,8.345,8.495,8.335,8.465,27247.0,8.016110185974958,7.833062309043991,7.508643174248338,7.710114041980562,"rgba(38, 166, 154, 1.0)",0.714360124438239,7.453720562950029,1.4156437382968763,3,0.30704282882764516,0.9211284864829354,0.0,0.0,0.0,0.0,65.18730823788502,9.706135641160252,True,False,True,False,True,7.429461669902807
2025-07-25 17:00:00+00:00,8.405,8.425,8.32,8.325,19851.0,8.017513879366517,7.835432588238185,7.513159556377707,7.716682728002856,"rgba(38, 166, 154, 1.0)",0.719019302075254,7.462698590179451,1.1992743551275322,3,0.3041995878029243,0.9125987634087729,0.0,0.0,0.0,0.0,65.39869583901692,9.954569618983953,True,False,True,False,True,6.091408384041383
2025-07-28 17:00:00+00:00,8.565,8.595,8.54,8.59,6791.0,8.018298855696319,7.836576133393508,7.5150906479214115,7.719550382205187,"rgba(38, 166, 154, 1.0)",0.7322887728532201,7.466507150821604,1.5342210488915806,3,0.29966533087169106,0.8989959926150732,0.0,0.0,0.0,0.0,67.49814292149446,12.085546723097814,True,False,True,False,True,8.186237665238515
2025-07-29 17:00:00+00:00,8.445,8.605,8.445,8.58,22547.0,8.020741947478204,7.8401858822978685,7.521261993182105,7.7262067432876576,"rgba(38, 166, 154, 1.0)",0.7410040850454751,7.508883558891465,1.4454933012181728,3,0.2960530253048507,0.8881590759145521,0.0,0.0,0.0,0.0,68.72462331836947,13.426062142068425,True,False,True,False,True,8.088974877468004
2025-07-30 17:00:00+00:00,8.475,8.485,8.325,8.4,22245.0,8.02249035055733,7.843009393888172,7.5264543855647235,7.729927037344096,"rgba(38, 166, 154, 1.0)",0.74761028895018,7.514195208843718,1.1848483150227367,3,0.2949564225466468,0.8848692676399403,0.0,0.0,0.0,0.0,66.50672879373005,13.426062142068425,True,False,True,False,True,6.342118738191271
2025-07-31 17:00:00+00:00,8.305,8.315,8.17,8.22,30712.0,8.023822733999985,7.845704171257271,7.532166435236224,7.732462139954443,"rgba(38, 166, 154, 1.0)",0.7525026533131097,7.518393469778893,0.932364194507598,3,0.29290957782236154,0.8787287334670846,0.0,0.0,0.0,0.0,62.424778499821436,17.81857560449444,True,False,True,False,False,4.633737615663037
2025-08-01 17:00:00+00:00,8.005,8.005,7.925,7.96,16685.0,8.023617395119256,7.84614185596503,7.53404657340921,7.730748950260489,"rgba(239, 83, 80, 1.0)",0.7527301838838113,7.516923321484674,0.588626161142115,3,0.29237612026786247,0.8771283608035874,0.0,0.0,0.0,0.0,56.633107680921384,12.491677639042265,False,True,True,False,False,2.242619423692531
2025-08-04 17:00:00+00:00,7.915,7.915,7.855,7.87,12546.0,8.023251740647574,7.846236321892559,7.535177200536302,7.729299273370989,"rgba(239, 83, 80, 1.0)",0.749438510540463,7.515639743779603,0.4728343302839445,3,0.29238996015154156,0.8771698804546246,0.0,0.0,0.0,0.0,51.840848519000275,8.241756221195082,False,True,False,False,False,1.431990307964135
2025-08-05 17:00:00+00:00,7.825,7.955,7.825,7.935,13929.0,8.022918421581798,7.846417786726534,7.536514218230896,7.728589740789374,"rgba(239, 83, 80, 1.0)",0.7484208420112196,7.515325600655814,0.560746542301523,3,0.29235976975449185,0.8770793092634755,0.0,0.0,0.0,0.0,49.569230066448625,6.288359462018114,False,True,False,True,False,1.9966061086894342
2025-08-06 17:00:00+00:00,8.005,8.02,7.82,7.87,11613.0,8.02263804953421,7.846563944598193,7.537616551336515,7.728303028545492,"rgba(239, 83, 80, 1.0)",0.7444790366666223,7.515441650565984,0.47625027968757583,3,0.2927898349599616,0.8783695048798847,0.0,0.0,0.0,0.0,47.28640809269981,4.168716393581192,False,True,False,True,False,1.398302456360483
2025-08-07 17:00:00+00:00,7.915,7.94,7.785,7.82,13164.0,8.022176032923284,7.846569080250714,7.538671404848955,7.727695594427932,"rgba(239, 83, 80, 1.0)",0.7384868447168477,7.515235942015401,0.412687186190097,3,0.294355727510219,0.883067182530657,0.0,0.0,0.0,0.0,45.1603694578731,2.084423789601516,False,True,False,True,False,0.9351505014814236
2025-08-08 17:00:00+00:00,7.465,7.585,7.455,7.51,25267.0,8.019617214058465,7.844741355027243,7.538528946241937,7.721456504389425,"rgba(239, 83, 80, 1.0)",0.73091505650099,7.5087167307096365,0.001755702360964467,3,0.2964329909016547,0.889298972704964,0.0,0.0,0.0,0.0,40.62923054301889,-2.2438459472943038,False,True,False,True,False,0.0
2025-08-11 17:00:00+00:00,7.365,7.38,7.295,7.305,18238.0,8.01709459183878,7.842677838044508,7.53754351817517,7.715558338078884,"rgba(239, 83, 80, 1.0)",0.7234155286051388,7.502353594787454,-0.2728080708579534,4,0.2899838644288425,1.15993545771537,0.0,0.0,0.0,0.0,36.08050928340767,-6.4929357474385085,False,True,False,True,False,0.0
2025-08-12 17:00:00+00:00,7.325,7.345,7.265,7.28,15287.0,8.01490298628941,7.840861006141599,7.536608066130657,7.7108810565683825,"rgba(239, 83, 80, 1.0)",0.7141381941615961,7.497360373247578,-0.3043673829863711,4,0.2925943563427561,1.1703774253710244,0.0,0.0,0.0,0.0,32.872340170988245,-9.485586013323257,False,True,False,True,False,0.0
2025-08-13 17:00:00+00:00,7.245,7.335,7.235,7.335,21171.0,8.011910731487019,7.838387682627425,7.535351238816706,7.705142315689881,"rgba(239, 83, 80, 1.0)",0.697189615786398,7.491357944204646,-0.2242688942351519,4,0.29537378218709454,1.1814951287483781,0.0,0.0,0.0,0.0,31.86405888063829,-10.560790065483559,False,True,False,True,False,0.0
2025-08-14 17:00:00+00:00,7.185,7.32,7.185,7.32,22391.0,8.00865544373263,7.835667655579475,7.533886508752706,7.699395050489869,"rgba(239, 83, 80, 1.0)",0.6830804300182363,7.485418750937916,-0.24216584704893382,4,0.29799716674650056,1.1919886669860023,0.0,0.0,0.0,0.0,31.053064838481014,-11.636521313138857,False,True,False,True,False,0.0
2025-08-15 17:00:00+00:00,7.255,7.27,7.19,7.2,17000.0,8.006019214948186,7.833419125927128,7.532551466779553,7.69489385650876,"rgba(239, 83, 80, 1.0)",0.6717066672639712,7.4807563277192095,-0.4179746032041038,4,0.3003221394148821,1.2012885576595285,0.0,0.0,0.0,0.0,29.417991400175232,-13.569935773068003,False,True,False,True,False,0.0
2025-08-18 17:00:00+00:00,7.205,7.25,7.155,7.2,39473.0,7.999824295346338,7.828106819952855,7.529315661910948,7.685143859041668,"rgba(239, 83, 80, 1.0)",0.6527417090540201,7.470805332474054,-0.4148736456055734,4,0.3024788475063013,1.209915390025205,0.0,0.0,0.0,0.0,28.32794244130471,-15.022401002960692,False,True,False,True,False,0.0
2025-08-19 17:00:00+00:00,7.165,7.18,7.075,7.075,73860.0,7.987183085240459,7.816982991707786,7.521780706786717,7.6666431585961075,"rgba(239, 83, 80, 1.0)",0.6395023614266756,7.451970499251784,-0.5894747572327875,4,0.30437905890982997,1.2175162356393199,0.0,0.0,0.0,0.0,26.483728247244866,-17.18012645329813,False,True,False,True,False,0.0
2025-08-20 17:00:00+00:00,7.115,7.165,7.065,7.11,63998.0,7.976557204659879,7.807663581938287,7.5155185663158335,7.5871311339319005,"rgba(239, 83, 80, 1.0)",0.6224016764492771,7.384785842501904,-0.4414927737173234,4,0.3072791806845879,1.2291167227383517,0.0,0.0,0.0,0.0,26.253277459225302,-17.84162517851167,False,True,False,True,False,0.0
2025-08-21 17:00:00+00:00,7.185,7.285,7.175,7.265,15326.0,7.974423420863266,7.805874076052988,7.514516784227948,7.586376136911648,"rgba(239, 83, 80, 1.0)",0.607524981876159,7.384610565083255,-0.19688172281224403,4,0.3073085195330163,1.2292340781320652,0.0,0.0,0.0,0.0,30.10839578629207,-17.84162517851167,False,True,False,True,True,0.0
2025-08-22 17:00:00+00:00,7.545,7.605,7.52,7.595,30521.0,7.972117546439891,7.804419078840327,7.514942161841475,7.5928149816083135,"rgba(239, 83, 80, 1.0)",0.5949145824069064,7.393872107677287,0.33807860535035056,4,0.3098304923930123,1.2393219695720492,0.0,0.0,0.0,0.0,38.47428993133791,-17.828692564398395,False,True,False,True,True,0.0
2025-08-25 17:00:00+00:00,7.575,7.605,7.555,7.6,13097.0,7.9711689843717375,7.803835990102696,7.515164068320795,7.5947924056705745,"rgba(38, 166, 154, 1.0)",0.5873680261967121,7.396854219353523,0.3458577443547158,4,0.31278030305032056,1.2511212122012823,0.0,0.0,0.0,0.0,44.12238263335108,-12.8289364727963,False,True,False,True,True,0.0
2025-08-26 17:00:00+00:00,7.505,7.555,7.485,7.54,22172.0,7.96932482593977,7.802585196681051,7.515224000860401,7.596414933196978,"rgba(38, 166, 154, 1.0)",0.5851552654507245,7.399779747343663,0.23962913936753222,4,0.3216547754350747,1.2866191017402988,0.0,0.0,0.0,0.0,46.77597230623816,-10.577588433615126,False,True,False,False,True,0.0
2025-08-27 17:00:00+00:00,7.665,7.705,7.65,7.67,20129.0,7.968220402249141,7.802064622759468,7.515976223014799,7.599563982472596,"rgba(38, 166, 154, 1.0)",0.5835842034552903,7.404433770233555,0.45506068909007125,4,0.32222081517512835,1.2888832607005134,0.0,0.0,0.0,0.0,50.58844143122252,-7.1096584371068445,False,False,True,False,True,0.3859795943930173
2025-08-28 17:00:00+00:00,7.645,7.73,7.625,7.67,23544.0,7.966939077840852,7.801461095197182,7.516847125873439,7.602634596185773,"rgba(38, 166, 154, 1.0)",0.5777312180940054,7.40910313995715,0.4515886486168699,4,0.3285502142550711,1.3142008570202843,0.0,0.0,0.0,0.0,53.13008751454544,-4.734758009607738,True,False,True,False,True,0.3859795943930173
2025-08-29 17:00:00+00:00,7.655,7.675,7.545,7.555,24639.0,7.965230743587316,7.8004234333538385,7.517273492857567,7.604090709653616,"rgba(38, 166, 154, 1.0)",0.5699255364669492,7.411845236432678,0.2511815218085479,5,0.28628274555859307,1.4314137277929653,0.0,0.0,0.0,0.0,52.39335500450987,-4.734758009607738,False,False,True,False,True,0.0
2025-09-01 17:00:00+00:00,7.555,7.555,7.555,7.555,0.0,7.965230743587316,7.8004234333538385,7.517273492857567,7.604090709653616,"rgba(38, 166, 154, 1.0)",0.5570151468980862,7.411845236432678,0.25700335864208296,5,0.28888633437202416,1.4444316718601207,0.0,0.0,0.0,0.0,51.902199997819494,-4.734758009607738,False,False,True,False,True,0.0
2025-09-02 17:00:00+00:00,7.665,7.745,7.655,7.745,69821.0,7.96204388127531,7.799242685709563,7.520415732049682,7.585658779603277,"rgba(38, 166, 154, 1.0)",0.5456742502513837,7.418508872592907,0.5983260658839652,5,0.29226357720587703,1.4613178860293852,0.0,0.0,0.0,0.0,54.97104796591176,-2.2036527891573385,True,False,True,False,True,1.1878908045128647
2025-09-03 17:00:00+00:00,7.545,7.57,7.475,7.495,23332.0,7.960142319512357,7.797928148294849,7.520378319235405,7.582942866598687,"rgba(38, 166, 154, 1.0)",0.5304516773298056,7.415927856397338,0.1490656868137294,6,0.28494418569399654,1.7096651141639794,0.0,0.0,0.0,0.0,52.228810609449816,-2.2036527891573385,False,False,True,False,True,0.0
2025-09-04 17:00:00+00:00,7.51,7.545,7.485,7.49,18357.0,7.958635357694803,7.796878341909123,7.52032156761063,7.58143498795733,"rgba(38, 166, 154, 1.0)",0.5124332257092945,7.414681888538274,0.14698131909279155,7,0.264328928047259,1.850302496330813,0.0,0.0,0.0,0.0,50.318676935364756,-2.2036527891573385,False,False,False,False,False,0.0
2025-09-05 17:00:00+00:00,7.325,7.335,7.245,7.29,48000.0,7.952875394584746,7.792145788651884,7.5178555979359984,7.525272788137767,"rgba(239, 83, 80, 1.0)",0.4942608276667165,7.381544027399482,-0.18521400498525936,7,0.2661251497560106,1.862876048292074,0.0,0.0,0.0,0.0,46.078212312390036,2.95392898409564,False,True,False,True,False,0.0
2025-09-08 17:00:00+00:00,7.305,7.385,7.305,7.37,37795.0,7.94883608399979,7.788943335900847,7.516480210661592,7.522395334345622,"rgba(239, 83, 80, 1.0)",0.47445969270320704,7.3792430303161005,-0.01948117081018784,7,0.2686964878327557,1.8808754148292897,0.0,0.0,0.0,0.0,44.90097274003972,1.6401163022744285,False,True,False,True,False,0.0
2025-09-09 17:00:00+00:00,7.455,7.475,7.35,7.35,19197.0,7.946935923721535,7.787476137040035,7.515952469631242,7.521693484214351,"rgba(239, 83, 80, 1.0)",0.45964329099310963,7.3789903957662375,-0.06307150856830941,7,0.2706441563023079,1.8945090941161555,0.0,0.0,0.0,0.0,43.8066991999798,0.29829758366974346,False,True,False,True,False,0.0
2025-09-10 17:00:00+00:00,7.555,7.66,7.53,7.655,29303.0,7.945216903499034,7.786509279999668,7.516587636051687,7.526974893852655,"rgba(239, 83, 80, 1.0)",0.4427580430491422,7.386303159925607,0.6068706018844032,7,0.27298363514058444,1.910885445984091,0.0,0.0,0.0,0.0,48.37782841139969,0.29829758366974346,False,False,False,False,True,0.4712729272017242
2025-09-11 17:00:00+00:00,7.515,7.535,7.375,7.42,35985.0,7.942045248823223,7.784162998817097,7.516015262252796,7.5262521349445635,"rgba(239, 83, 80, 1.0)",0.42858580563618065,7.386479852835626,0.0782110530110018,8,0.266399451153071,2.131195609224568,0.0,0.0,0.0,0.0,47.76308228369514,0.29829758366974346,False,False,False,True,True,0.0
2025-09-12 17:00:00+00:00,7.405,7.44,7.375,7.395,39388.0,7.938344512047126,7.7813342234476,7.5150597311556195,7.524166542560394,"rgba(239, 83, 80, 1.0)",0.4097150734857854,7.3850935348045645,0.024178913192410837,10,0.24215336413592362,2.421533641359236,0.0,0.0,0.0,0.0,47.00659950508479,0.29829758366974346,False,False,False,True,True,0.0
2025-09-15 17:00:00+00:00,7.505,7.575,7.5,7.54,62283.0,7.934046009672048,7.778513179532004,7.515367677462087,7.527072773882219,"rgba(239, 83, 80, 1.0)",0.3973751149506005,7.390323509378835,0.3766629690431731,10,0.24462658283087454,2.4462658283087455,0.0,0.0,0.0,0.0,48.814539540971595,0.29829758366974346,False,False,False,False,True,0.0
2025-09-16 17:00:00+00:00,7.805,7.895,7.745,7.79,50620.0,7.932972010531083,7.778807489472226,7.518502399197722,7.537504129009571,"rgba(38, 166, 154, 1.0)",0.38749859633575834,7.404149523678475,0.9957467716533214,10,0.24732899893662053,2.4732899893662053,0.0,0.0,0.0,0.0,53.15910491150116,-2.7018054945523957,True,False,True,False,True,1.9284851009139672
2025-09-17 17:00:00+00:00,7.835,7.915,7.7,7.775,13675.0,7.932653939151219,7.778852472377496,7.519299620073245,7.5399169159084565,"rgba(38, 166, 154, 1.0)",0.3697956338450083,7.407380869110842,0.9941143086703885,10,0.25287440917607507,2.5287440917607507,0.0,0.0,0.0,0.0,55.78360925080937,-0.13297430827010004,True,False,True,False,True,1.768727152489344
2025-09-18 17:00:00+00:00,7.735,7.835,7.685,7.82,22267.0,7.932076099884803,7.778857159497283,7.520510584384172,7.5434180499080465,"rgba(38, 166, 154, 1.0)",0.3606769161422149,7.412117696947181,1.130879978168581,10,0.2575315324390689,2.575315324390689,0.0,0.0,0.0,0.0,58.08675830065475,2.140892361017336,True,False,True,False,True,2.2313369955835007
2025-09-19 17:00:00+00:00,7.56,7.59,7.525,7.54,12755.0,7.931253045735295,7.778326840876556,7.520593263771513,7.543617034005756,"rgba(38, 166, 154, 1.0)",0.3563360469814958,7.412672576938219,0.35732400395740305,10,0.26202702223324187,2.620270222332419,0.0,0.0,0.0,0.0,54.82098366295611,2.140892361017336,True,False,True,False,False,0.0
2025-09-22 17:00:00+00:00,7.655,7.76,7.655,7.705,31197.0,7.930070819093531,7.777920037538685,7.521793208775998,7.546804970658433,"rgba(38, 166, 154, 1.0)",0.3531920081126057,7.417231782284203,0.8147642390142931,10,0.26953499405351977,2.6953499405351975,0.0,0.0,0.0,0.0,54.922143577794486,2.140892361017336,True,False,True,False,False,0.9697418765464363
2025-09-23 17:00:00+00:00,8.175,8.215,7.985,8.055,59687.0,7.93161559487856,7.781219426850241,7.528657351632749,7.564143935901198,"rgba(38, 166, 154, 1.0)",0.35535438471863406,7.439202382671266,1.7329112677653207,11,0.27469499125730845,3.021644903830393,0.0,0.0,0.0,0.0,58.57648646500904,2.6610022924947287,True,False,True,False,True,4.43131553600718
2025-09-24 17:00:00+00:00,8.365,8.435,8.26,8.27,26765.0,7.933351810785923,7.783810832878448,7.532967747652355,7.574449373909582,"rgba(38, 166, 154, 1.0)",0.35940852311333227,7.45199317863774,2.275980586871941,12,0.2650520794025197,3.180624952830236,0.0,0.0,0.0,0.0,62.629248878361196,6.528875383801214,True,False,True,False,True,6.4407538887007085
2025-09-25 17:00:00+00:00,8.205,8.275,8.145,8.26,49794.0,7.935760853070942,7.787726423938545,7.539912392213426,7.589943926586078,"rgba(38, 166, 154, 1.0)",0.3641069538938992,7.4713478245573555,2.165990423990797,12,0.2690850783749802,3.2290209404997623,0.0,0.0,0.0,0.0,65.15700195563497,8.92953892702078,True,False,True,False,True,6.330839794123936
2025-09-26 17:00:00+00:00,8.6,8.61,8.465,8.56,53824.0,7.94112200998867,7.794895377298423,7.550672274228191,7.634553570758638,"rgba(38, 166, 154, 1.0)",0.37204344413568746,7.561894835580272,2.6827650914222554,12,0.2697928285995618,3.2375139431947413,0.0,0.0,0.0,0.0,68.82285874838027,12.39657125984143,True,False,True,False,True,9.055337402945373
2025-09-29 17:00:00+00:00,8.155,8.185,8.04,8.045,55266.0,7.942455153263283,7.797736303081751,7.556536228630817,7.633750109595439,"rgba(38, 166, 154, 1.0)",0.37174269411872873,7.560733422972493,1.3026929235974156,12,0.27213425204037256,3.2656110244844707,0.0,0.0,0.0,0.0,64.20702373543395,12.39657125984143,True,False,True,False,False,3.5931183335177366
2025-09-30 17:00:00+00:00,7.835,7.845,7.785,7.82,34129.0,7.941763389525318,7.797848178362929,7.558271183912337,7.630102052617781,"rgba(38, 166, 154, 1.0)",0.3672220772966602,7.5564179725590535,0.7177728239580002,12,0.272936591964022,3.2752391035682638,0.0,0.0,0.0,0.0,58.92613375850807,16.154306194965727,True,False,True,False,False,1.3803562979058697
2025-10-01 17:00:00+00:00,8.005,8.05,7.975,8.02,25310.0,7.942060861537875,7.79879574118089,7.560519106364554,7.632476265862884,"rgba(38, 166, 154, 1.0)",0.36489035746781956,7.55937963514455,1.2623528011317002,12,0.27291769548186523,3.2750123457823825,0.0,0.0,0.0,0.0,57.25315349145761,14.66036444392293,True,False,True,False,False,3.2135735162663757
2025-10-02 17:00:00+00:00,7.895,7.94,7.87,7.905,30201.0,7.941882104664566,7.799345864699485,7.562530393726017,7.633433878426887,"rgba(38, 166, 154, 1.0)",0.36147032076342456,7.560689298884135,0.9525282750425583,12,0.2753206892646396,3.303848271175675,0.0,0.0,0.0,0.0,54.97109757714782,12.424810333190415,True,False,True,False,False,2.087297576750071
2025-10-03 17:00:00+00:00,8.125,8.39,8.085,8.37,24940.0,7.943230134798346,7.801400220445974,7.565981087163433,7.640409309354082,"rgba(38, 166, 154, 1.0)",0.36607218802698877,7.569156662908545,2.1876650652095195,12,0.275970263225638,3.311643158707656,0.0,0.0,0.0,0.0,57.21904479159071,12.424810333190415,True,False,True,False,False,6.176409876915674
2025-10-06 17:00:00+00:00,8.575,8.575,8.465,8.47,20611.0,7.94506053073292,7.803862356068817,7.569683474340027,7.64863364165348,"rgba(38, 166, 154, 1.0)",0.3762082636754245,7.579062814369346,2.368202061609458,12,0.2781958137998028,3.3383497655976333,0.0,0.0,0.0,0.0,59.3848682437945,12.424810333190415,True,False,True,False,True,7.013114104063
2025-10-07 17:00:00+00:00,8.425,8.52,8.395,8.52,20849.0,7.946817561279754,7.806247021509575,7.573299487444363,7.656242741934726,"rgba(38, 166, 154, 1.0)",0.3860529418018903,7.5882156745281435,2.413617990120166,12,0.27964121400909453,3.3556945681091346,0.0,0.0,0.0,0.0,61.174264394879415,12.424810333190415,True,False,True,False,True,7.432214675058585
2025-10-08 17:00:00+00:00,8.385,8.405,8.295,8.365,73214.0,7.951486273402145,7.81297665004991,7.58407295771758,7.675929126330258,"rgba(38, 166, 154, 1.0)",0.3895657665741512,7.611898065179954,1.9331830449139285,12,0.2840825297391055,3.4089903568692663,0.0,0.0,0.0,0.0,60.41157631061439,12.424810333190415,True,False,True,False,True,5.855552777940247
2025-10-09 17:00:00+00:00,8.22,8.235,8.1,8.11,29844.0,7.952399785867063,7.814644736155696,7.587225236746829,7.680282357507318,"rgba(38, 166, 154, 1.0)",0.3904905438866405,7.617185549071163,1.2620393979934652,12,0.2917649730063124,3.5011796760757488,0.0,0.0,0.0,0.0,57.084273510679324,12.424810333190415,True,False,True,False,False,3.3401450989850403
2025-10-10 17:00:00+00:00,7.64,7.71,7.545,7.545,39332.0,7.950257575673277,7.8132468138029685,7.5873186054044,7.675589017657275,"rgba(239, 83, 80, 1.0)",0.38927077817215894,7.611884514624634,-0.1718200244536569,13,0.286223441974822,3.7209047456726863,0.0,0.0,0.0,0.0,50.4349251551381,7.387852110560914,False,False,False,False,False,0.0
2025-10-13 17:00:00+00:00,7.545,7.755,7.545,7.735,12957.0,7.9497141201945265,7.812957981464625,7.587537217382214,7.674672321592558,"rgba(239, 83, 80, 1.0)",0.38522139416515,7.6108870697930495,0.3221859743172566,14,0.29560667224036447,4.138493411365102,0.0,0.0,0.0,0.0,47.9022448621661,5.025424370348858,False,True,False,True,False,0.0
2025-10-14 17:00:00+00:00,7.535,7.575,7.445,7.455,19119.0,7.948367303856195,7.811946214741454,7.587198629280428,7.671763115066332,"rgba(239, 83, 80, 1.0)",0.38468640557036843,7.607594976582339,-0.3966736915386676,15,0.29267788636744796,4.390168295511719,0.0,0.0,0.0,0.0,44.3476228429961,1.6502990065349223,False,True,False,True,False,0.0
2025-10-15 17:00:00+00:00,7.505,7.575,7.455,7.54,18043.0,7.9471911566465225,7.8110910457323595,7.586986475929216,7.669425069721328,"rgba(239, 83, 80, 1.0)",0.38529774376626025,7.604975165067334,-0.1686362459125911,16,0.3138925639383566,5.022281023013705,0.0,0.0,0.0,0.0,42.87174884402196,0.14478322034452162,False,True,False,True,False,0.0
2025-10-16 17:00:00+00:00,7.365,7.385,7.235,7.28,25732.0,7.944647111143431,7.808940404502254,7.585633286557911,7.663744636286504,"rgba(239, 83, 80, 1.0)",0.38862992192603446,7.598506171696441,-0.8195616284971996,16,0.3216574749071406,5.146519598514249,0.0,0.0,0.0,0.0,40.18212634569474,-2.5857691470212814,False,True,False,True,False,0.0
2025-10-17 17:00:00+00:00,7.175,7.23,7.16,7.205,26568.0,7.941630356333861,7.806299005113485,7.583756906796016,7.657050123213773,"rgba(239, 83, 80, 1.0)",0.3932427556419627,7.590879899551444,-0.9812765626705598,16,0.33198623396910476,5.311779743505676,0.0,0.0,0.0,0.0,37.925737379383776,-4.931998513177206,False,True,False,True,False,0.0
