date,Close,High,Low,Open,Volume,aVWAP_BoS_CHoCH_bull_230,aVWAP_BoS_CHoCH_bull_282,aVWAP_BoS_CHoCH_bull_402,aVWAP_BoS_CHoCH_bull_490,aVWAP_BoS_CHoCH_bull_536,aVWAP_BoS_CHoCH_bull_678,aVWAP_BoS_CHoCH_bull_730,aVWAP_BoS_CHoCH_bull_793,aVWAP_BoS_CHoCH_bear_115,Peaks_Valleys_avg,color,StDev,StDev_Mean,StdDev_ZScore,MA_Cross_Count,MA_Avg_Deviation_Z,MA_Oscillation_Score,BoS,CHoCH,BoS_CHoCH_Price,BoS_CHoCH_Break_Index,QQEMOD,QQE1_Value,QQE1_Above_Upper,QQE1_Below_Lower,QQE2_Above_Threshold,QQE2_Below_Threshold,QQE2_Above_TL,banker_RSI
2022-01-03 00:00:00+00:00,77.5762172417,78.9861169356,76.5335261497,78.1202299853,2170163,,,,,,,,,,,#000000,,,,0,,,0.0,0.0,0.0,0.0,,,False,False,False,False,False,
2022-01-04 00:00:00+00:00,79.9154720393,80.4050835086,77.7212873067,77.7802220206,2885340,,,,,,,,,,,#000000,,,,0,,,0.0,0.0,0.0,0.0,100.0,,False,False,True,False,False,
2022-01-05 00:00:00+00:00,78.8637140683,81.212035745,78.7186440033,80.3960166295,1770119,,,,,,,,,,,#000000,,,,0,,,0.0,0.0,0.0,0.0,88.96957123107995,5.878284924319814,False,False,True,False,True,
2022-01-06 00:00:00+00:00,79.4530612072,80.015207709,78.827446552,79.4983956025,1297320,,,,,,,,,,,#000000,,,,0,,,0.0,0.0,0.0,0.0,83.48465043121135,5.878284924319814,False,False,True,False,True,
2022-01-07 00:00:00+00:00,79.6343987884,81.0805659986,78.6914433661,79.4349274491,2817425,,,,,,,,,,,#000000,,,,0,,,0.0,0.0,0.0,0.0,80.32487944148306,5.878284924319814,False,False,True,False,True,
2022-01-10 00:00:00+00:00,79.3714592957,79.4349274491,78.5826408174,79.2626567469,2519738,,,,,,,,,,,#000000,,,,0,,,0.0,0.0,0.0,0.0,76.25448335967357,5.878284924319814,False,False,True,False,True,
2022-01-11 00:00:00+00:00,78.2743669294,79.4077268119,76.8508669169,79.3351917794,1841394,,,,,,,,,,,#000000,,,,0,,,0.0,0.0,0.0,0.0,67.4649817517947,5.878284924319814,False,False,True,False,False,
2022-01-12 00:00:00+00:00,78.2562331712,79.0450516495,77.920758646,78.0114274366,1888080,,,,,,,,,,,#000000,,,,0,,,0.0,0.0,0.0,0.0,61.52479761514731,5.878284924319814,False,False,True,False,False,
2022-01-13 00:00:00+00:00,79.5255962397,80.0424083462,77.8663573716,78.4557045106,2236647,,,,,,,,,,,#000000,,,,0,,,0.0,0.0,0.0,0.0,62.12321133166116,5.878284924319814,False,False,True,False,False,
2022-01-14 00:00:00+00:00,79.3442586585,79.9517395555,78.3015675665,79.416793691,1807093,,,,,,,,,,,#000000,,,,0,,,0.0,0.0,0.0,0.0,61.65825288548784,5.878284924319814,False,False,True,False,False,
2022-01-18 00:00:00+00:00,79.0450516495,79.4077268119,77.9842267994,79.1991885935,2078775,,,,,,,,,,,#000000,,,,0,,,0.0,0.0,0.0,0.0,59.948467933748645,5.878284924319814,False,False,True,False,False,
2022-01-19 00:00:00+00:00,77.5490166045,79.6615994256,77.4855484511,79.570930635,2459246,,,,,,,,,,,#000000,,,,0,,,0.0,0.0,0.0,0.0,53.61668769112229,25.910793839322494,False,False,False,False,False,
2022-01-20 00:00:00+00:00,77.9570261622,79.8248032487,77.7938223391,78.1383637434,2109461,,,,,,,,,,,#000000,,,,0,,,0.0,0.0,0.0,0.0,50.89823954685097,21.867782954641882,False,False,False,False,False,
2022-01-21 00:00:00+00:00,79.3442586585,80.0786758624,78.2290325341,78.5645070593,3205509,,,,,,,,,,,#000000,,,,0,,,0.0,0.0,0.0,0.0,53.12401448053731,21.867782954641882,False,False,False,False,False,
2022-01-24 00:00:00+00:00,77.9932936785,78.7458446405,75.4999019368,78.5917076965,3766771,,,,,,,,,,,#000000,,,,0,,,0.0,0.0,0.0,0.0,50.9189906545419,19.295063216275082,False,False,False,False,False,
2022-01-25 00:00:00+00:00,77.5490166045,77.9388924041,75.5815038484,77.0503382562,3023671,,,,,,,,,,,#000000,,,,0,,,0.0,0.0,0.0,0.0,48.44111264521514,15.626680291251603,False,False,False,False,False,
2022-01-26 00:00:00+00:00,76.0257809223,79.6525325466,75.3910993881,77.9842267994,2667187,,,,,,,,,,,#000000,,,,0,,,0.0,0.0,0.0,0.0,43.935022167173905,10.191980949201174,False,False,False,True,False,
2022-01-27 00:00:00+00:00,75.6359051227,78.1836981387,75.3548318719,76.6241949403,2660293,,,,,,,,,,,#000000,,,,0,,,0.0,0.0,0.0,0.0,40.31950524584251,5.78130764958469,False,False,False,True,False,
2022-01-28 00:00:00+00:00,76.2161853826,76.2615197779,73.1289130625,75.6359051227,3123312,,,,,,,,,,,#000000,,,,0,,,0.0,0.0,0.0,0.0,39.67533159135453,4.209128692391019,False,False,False,True,False,
2022-01-31 00:00:00+00:00,78.5463733012,78.5463733012,75.6087044856,75.6087044856,4174040,,,,,,,,,,,#000000,,,,0,,,0.0,0.0,0.0,0.0,44.568019962920445,4.209128692391019,False,False,False,True,False,
2022-02-01 00:00:00+00:00,76.7601981262,78.3015675665,76.2353164974,77.9751599204,2081969,,,,,,,,,,,#000000,,,,0,,,0.0,0.0,0.0,0.0,44.58089299845385,4.209128692391019,False,False,False,True,False,
2022-02-02 00:00:00+00:00,76.9324688284,78.1564975016,76.7873987634,77.1954083212,1945791,,,,,,,,,,,#000000,,,,0,,,0.0,0.0,0.0,0.0,44.93419413860377,4.209128692391019,False,False,False,True,False,
2022-02-03 00:00:00+00:00,75.0374911048,76.6604624566,74.9558891932,76.5879274241,1624238,,,,,,,,,,,#000000,,,,0,,,0.0,0.0,0.0,0.0,42.36628638956568,3.7652249448273025,False,False,False,True,False,
2022-02-04 00:00:00+00:00,72.9249082837,74.5206789983,71.5558095455,74.0945356825,2114965,,,,,,,,,,73.00046560916667,#000000,,73.00046560916667,,0,,,0.0,0.0,0.0,0.0,38.36686795919571,-0.7420313852886622,False,False,False,True,False,
2022-02-07 00:00:00+00:00,73.1969146555,73.5958573341,72.8070388559,72.9883764371,1770437,,,,,,,,,,73.09135747559266,#000000,,73.09135747559266,,0,,,0.0,0.0,0.0,0.0,36.29110720775966,-3.3000078560262978,False,False,False,True,False,
2022-02-08 00:00:00+00:00,72.525965605,73.7046598829,72.1904910798,73.432653511,1844252,,,,,,,,,,72.99984144635155,#000000,,72.99984144635155,,0,,,0.0,0.0,0.0,0.0,34.21547169644822,-5.826681461360508,False,False,False,True,False,
2022-02-09 00:00:00+00:00,74.1670707149,74.2577395055,72.9521089208,73.4961216645,2129502,,,,,,,,,,73.21456624148045,#000000,,73.21456624148045,,0,,,0.0,0.0,0.0,0.0,36.282394048540965,-5.826681461360508,False,False,False,True,False,
2022-02-10 00:00:00+00:00,73.1515802602,74.543346196,72.6438350328,73.4054528739,2113127,,,,,,,,,,73.26366084681416,#000000,,73.26366084681416,,0,,,0.0,0.0,0.0,0.0,36.427228448708135,-5.826681461360508,False,False,False,True,False,
2022-02-11 00:00:00+00:00,72.6347681537,73.7862617944,71.8550165545,73.1515802602,2597017,,,,,,,,,,73.15932423182926,#000000,,73.15932423182926,,0,,,0.0,0.0,0.0,0.0,35.927216026685194,-5.826681461360508,False,False,False,True,False,
2022-02-14 00:00:00+00:00,72.2358254751,73.7409273991,71.7462140058,72.9521089208,2204975,,,,,,,,,,73.0720160796976,#000000,,73.0720160796976,,0,,,0.0,0.0,0.0,0.0,35.131157246811675,-7.03057937073995,False,False,False,True,False,
2022-02-15 00:00:00+00:00,73.5867904551,73.73186052,72.38089554,72.7707713396,2775664,,,,,,,,,,73.0975057933423,#000000,,73.0975057933423,,0,,,0.0,0.0,0.0,0.0,37.457286587101194,-7.03057937073995,False,False,False,True,False,
2022-02-16 00:00:00+00:00,76.0620484386,76.5879274241,74.8561535235,76.5879274241,4564526,,,,,,,,,,73.66261473231187,#000000,,73.66261473231187,,0,,,0.0,0.0,0.0,0.0,42.988726060547435,-14.38885292154282,False,False,False,True,True,
2022-02-17 00:00:00+00:00,74.475344603,76.0529815595,73.8134624316,75.4364337834,3394131,,,,,,,,,,73.8113714710297,#000000,,73.8113714710297,,0,,,0.0,0.0,0.0,0.0,44.3883936508425,-12.874266888220014,False,False,False,True,True,
2022-02-18 00:00:00+00:00,75.1281598954,76.424723601,73.8587968269,73.9857331337,3612251,,,,,,,,,,73.97583516762394,#000000,,73.97583516762394,,0,,,0.0,0.0,0.0,0.0,46.278243643879605,-10.860359349748336,False,False,False,False,True,
2022-02-22 00:00:00+00:00,75.218828686,75.6268382437,74.321207659,75.0193573466,3631683,,,,,,,,,,74.09556496803658,#000000,,74.09556496803658,,0,,,0.0,0.0,0.0,0.0,47.67522986230395,-9.295343048706783,False,False,False,False,True,
2022-02-23 00:00:00+00:00,73.3419847204,76.1527172292,73.2150484136,75.3457649928,2212509,,,,,,,,,,74.10448830057585,#000000,,74.10448830057585,,0,,,0.0,0.0,0.0,0.0,45.950226616170916,-9.295343048706783,False,False,False,True,True,
2022-02-24 00:00:00+00:00,74.3665420543,74.6385484261,71.5830101827,71.9547522242,2335461,,,,,,,,,,73.79892282704316,#000000,,73.79892282704316,,0,,,0.0,0.0,0.0,0.0,46.46012234492505,-9.295343048706783,False,False,False,False,True,
2022-02-25 00:00:00+00:00,76.4428573591,76.5516599079,74.2033382312,74.9558891932,2241495,,,,,,,,,,74.38559448959438,#000000,,74.38559448959438,,0,,,0.0,0.0,0.0,0.0,49.63293853393867,-6.809506859540477,False,False,False,False,True,
2022-02-28 00:00:00+00:00,76.0711153177,77.0164101232,75.2673864009,75.4500520638,4314270,,,,,,,,,,74.84810768872532,#000000,,74.84810768872532,,0,,,0.0,0.0,0.0,0.0,51.17185810946107,-5.150856671042135,False,False,False,False,True,
2022-03-01 00:00:00+00:00,75.2034534188,76.4638464929,74.0389598178,76.1624481491,2044867,,,,,,,,,,74.85784061880199,#000000,,74.85784061880199,,0,,,0.0,0.0,0.0,0.0,50.86925087167512,-5.150856671042135,False,False,False,False,True,
2022-03-02 00:00:00+00:00,77.0392433311,77.8232443563,75.714917275,75.7605836907,2146784,,,,,,,,,,75.03907662358412,#000000,,75.03907662358412,,0,,,0.0,0.0,0.0,0.0,53.08834458629559,-2.8543971120997966,False,False,True,False,True,
2022-03-03 00:00:00+00:00,77.9708382119,78.0530377602,76.2903141131,77.3041085423,1840834,,,,,,,,,,75.20818704372125,#000000,,75.20818704372125,,0,,,0.0,0.0,0.0,0.0,55.634773714477646,-0.25341847048640176,False,False,True,False,True,
2022-03-04 00:00:00+00:00,79.5326296297,79.6787621601,77.1579760119,77.1579760119,2521690,,,,,,,,,,75.52449671910107,#000000,,75.52449671910107,,0,,,0.0,0.0,0.0,0.0,58.92980790754854,2.9684720404049045,False,False,True,False,True,
2022-03-07 00:00:00+00:00,79.3864970994,80.7838894207,79.2860309848,79.4504300814,2089371,,,,,,,,,,75.81207891897128,#000000,,75.81207891897128,,0,,,0.0,0.0,0.0,0.0,60.8556031549476,4.848582789761096,False,False,True,False,True,
2022-03-08 00:00:00+00:00,80.6742900229,81.7154843015,78.7517339208,79.4412967983,2682691,,,,,,,,,,76.16528184749899,#000000,,76.16528184749899,,0,,,0.0,0.0,0.0,0.0,63.402150385583624,7.31805408212508,False,False,True,False,True,
2022-03-09 00:00:00+00:00,81.0670211982,82.2908811396,80.9026221015,81.7428841509,1768560,,,,,,,,,,76.41799217441243,#000000,,76.41799217441243,,0,,,0.0,0.0,0.0,0.0,65.46482459187763,9.324316489190636,False,False,True,False,True,
2022-03-10 00:00:00+00:00,82.6014127666,82.6014127666,79.7426951421,80.4642245106,2155317,,,,,,,,,,76.70285388484412,#000000,,76.70285388484412,,0,,,0.0,0.0,0.0,0.0,68.1572219770601,11.923742234551668,False,False,True,False,True,
2022-03-11 00:00:00+00:00,83.3046755688,84.7294677394,82.9941439418,83.7978728586,2790209,,,,,,,,,,77.16388481738456,#000000,,77.16388481738456,,0,,,0.0,0.0,0.0,0.0,70.494447414902,14.174787462211526,False,False,True,False,True,
2022-03-14 00:00:00+00:00,83.0854767733,84.7934007215,83.0489436407,83.8344059912,2450942,,,,,,,,,,77.51282634541411,#000000,,77.51282634541411,,0,,,0.0,0.0,0.0,0.0,71.53526647914545,15.244570346049684,False,False,True,False,True,
2022-03-15 00:00:00+00:00,82.3822139711,84.0170716541,81.7063510183,83.4234082497,1306913,,,,,,,,,,77.65407661843362,#000000,,77.65407661843362,,0,,,0.0,0.0,0.0,0.0,70.56253266022263,15.244570346049684,False,False,True,False,True,11.876568288938305
2022-03-16 00:00:00+00:00,82.8480114115,83.8252727081,81.0304880656,82.9119443935,2142911,,,,,,,,,,77.86160133062236,#000000,,77.86160133062236,,0,,,0.0,0.0,0.0,0.0,70.40727153664142,15.244570346049684,False,False,True,False,True,12.806661378523877
2022-03-17 00:00:00+00:00,84.0353382204,84.4646025282,82.3730806879,82.6744790317,1938664,,,,,,,,,,78.07525140354329,#000000,,78.07525140354329,,0,,,0.0,0.0,0.0,0.0,71.46766018798114,15.770082970512306,True,False,True,False,True,15.102246753794546
2022-03-18 00:00:00+00:00,84.1814707507,84.7568675889,83.4234082497,83.7065400272,3273700,,,,,,,,,,78.42989828341916,#000000,,78.42989828341916,,0,,,0.0,0.0,0.0,0.0,72.31159443081265,16.869774026371374,True,False,True,False,True,15.378623900258628
2022-03-21 00:00:00+00:00,84.6655347574,85.1450321226,84.007938371,84.5924684923,1594124,,,,,,,,,,78.60090512662569,#000000,,78.60090512662569,,0,,,0.0,0.0,0.0,0.0,73.3393001575603,18.140608185060344,True,False,True,False,True,16.29421654614407
2022-03-22 00:00:00+00:00,84.5924684923,86.4099918382,84.4098028294,85.2135317462,2533184,,,,,,,,,,78.87610611984093,#000000,,78.87610611984093,,0,,,0.0,0.0,0.0,0.0,73.80249335159273,18.87844924545209,True,False,True,False,True,16.078786845135646
2022-03-23 00:00:00+00:00,84.7842674383,85.2820313697,83.4097083249,84.7568675889,1759190,,,,,,,,,,79.03351531290346,#000000,,79.03351531290346,,0,,,0.0,0.0,0.0,0.0,74.32075461517199,19.681028758319854,True,False,True,False,True,16.448871277302892
2022-03-24 00:00:00+00:00,86.4556582539,86.5652576517,84.2362704496,84.7568675889,2256913,,,,,,,,,,79.26865627116072,#000000,,79.26865627116072,,0,,,0.0,0.0,0.0,0.0,76.24734523329829,21.77339466074298,True,False,True,False,True,19.546057263216817
2022-03-25 00:00:00+00:00,87.8804504246,87.971783256,86.7342233899,86.7661898809,1482706,,,,,,,,,,79.45581849475701,#000000,,79.45581849475701,,0,,,0.0,0.0,0.0,0.0,78.54591053687496,24.11981098568758,True,False,True,False,True,20.0
2022-03-28 00:00:00+00:00,87.9169835572,88.2366484673,87.3598532853,88.1635822021,1653243,,,,,,,,,,79.66202346647333,#000000,,79.66202346647333,,0,,,0.0,0.0,0.0,0.0,80.10241468346004,25.702783539095748,True,False,True,False,True,20.0
2022-03-29 00:00:00+00:00,89.789306602,89.9354391323,88.2138152594,88.5106469616,2635589,,,,,,,,,,80.02717290073072,#000000,,80.02717290073072,,0,,,0.0,0.0,0.0,0.0,82.23047137701296,27.794094989156505,True,False,True,False,True,20.0
2022-03-30 00:00:00+00:00,89.3783088604,89.7345069031,88.4375806965,89.3143758784,1839246,,,,,,,,,,80.26164809847306,#000000,,80.26164809847306,,0,,,0.0,0.0,0.0,0.0,82.35349126663603,28.00457836854855,True,False,True,False,True,20.0
2022-03-31 00:00:00+00:00,87.8073841594,89.6523073548,87.7708510268,89.3783088604,2689038,,,,,,,,,,80.55356658933513,#000000,,80.55356658933513,,0,,,0.0,0.0,0.0,0.0,78.05960016108168,28.00457836854855,True,False,True,False,False,19.186624740094505
2022-04-01 00:00:00+00:00,89.3417757279,89.3691755773,88.2457817504,88.5928465099,1969803,,,,,,,,,,80.76910207151064,#000000,,80.76910207151064,,0,,,0.0,0.0,0.0,0.0,76.68122169154191,31.318000639660397,True,False,True,False,False,20.0
2022-04-04 00:00:00+00:00,89.2047764807,90.8122343143,88.282314883,90.5565023862,2186430,,,,,,,,,,83.81636308552169,#000000,,83.81636308552169,,0,,,0.0,0.0,0.0,0.0,75.41430065681908,30.105345457782448,True,False,True,False,False,20.0
2022-04-05 00:00:00+00:00,87.3963864179,89.7436401862,86.8940558449,88.7481123234,1930303,,,,,,,,,,83.7039294122816,#000000,,83.7039294122816,,0,,,0.0,0.0,0.0,0.0,70.4357618508537,25.449062705651897,True,False,True,False,False,16.318417288010846
2022-04-06 00:00:00+00:00,88.6476462088,88.8577117211,86.3825919888,87.2228540381,1997452,,,,,,,,,,83.72364456883447,#000000,,83.72364456883447,,0,,,0.0,0.0,0.0,0.0,68.62729898854464,23.875835651065074,True,False,True,False,False,18.377120836639246
2022-04-07 00:00:00+00:00,87.9443834066,88.6385129257,87.0858547909,88.3645144313,1972972,,,,,,,,,,83.77337417500297,#000000,,83.77337417500297,,0,,,0.0,0.0,0.0,0.0,65.98713362069657,21.47324957860809,True,False,True,False,False,16.535394351383527
2022-04-08 00:00:00+00:00,88.5745799436,88.7024459077,87.907850274,88.4193141302,1275697,,,,,,,,,,83.84233225486732,#000000,,83.84233225486732,,0,,,0.0,0.0,0.0,0.0,65.02933085677,20.60785722353279,True,False,True,False,False,17.57112599688972
2022-04-11 00:00:00+00:00,88.0174496718,89.1865099144,87.7891175931,88.720712474,1448188,,,,,,,,,,83.91408029732027,#000000,,83.91408029732027,,0,,,0.0,0.0,0.0,0.0,63.208049383359885,18.847564035532372,True,False,True,False,False,16.11500061518518
2022-04-12 00:00:00+00:00,88.1909820515,88.976444402,86.9123224112,88.0083163886,2048459,,,,,,,,,,83.99102757073331,#000000,,83.99102757073331,,0,,,0.0,0.0,0.0,0.0,62.24857440229531,17.853745094086236,False,False,True,False,False,16.40792786435428
2022-04-13 00:00:00+00:00,88.5015136785,89.0495106672,87.6338517797,88.5928465099,1647907,,,,,,,,,,84.07187657321809,#000000,,84.07187657321809,,0,,,0.0,0.0,0.0,0.0,62.083188589273924,17.522592273779694,False,False,True,False,False,16.935359385720467
2022-04-14 00:00:00+00:00,87.7069180448,89.8897727166,87.5516522314,88.9581778357,1697832,,,,,,,,,,84.15094709503758,#000000,,84.15094709503758,,0,,,0.0,0.0,0.0,0.0,60.08549112662733,15.425159075613792,False,False,True,False,False,14.824134363534952
2022-04-18 00:00:00+00:00,88.1270490695,88.2550976992,87.2867870201,87.5333856651,2233369,,,,,,,,,,84.22227749243432,#000000,,84.22227749243432,,0,,,0.0,0.0,0.0,0.0,59.4947445721574,14.666056363544982,False,False,True,False,False,15.560577185147306
2022-04-19 00:00:00+00:00,88.3919142807,89.286976029,87.6703849123,88.720712474,1575863,,,,,,,,,,84.29337102654108,#000000,,84.29337102654108,,0,,,0.0,0.0,0.0,0.0,59.57224898801318,14.489457932628767,False,False,True,False,False,16.024878190429927
2022-04-20 00:00:00+00:00,89.0586439503,89.6431740716,88.0357162381,88.2549150336,2393397,,,,,,,,,,84.42006444757193,"rgba(38, 166, 154, 0.5)",5.451049994884151,84.42006444757193,0.8509515610903227,0,,,0.0,0.0,0.0,0.0,60.77650680637555,14.489457932628767,False,False,True,False,False,17.184897260112827
2022-04-21 00:00:00+00:00,88.8668450043,89.7527734694,88.7070125492,89.4331085593,2477877,,,,,,,,,,84.55123038789941,"rgba(38, 166, 154, 0.5)",5.521482983114466,84.55123038789941,0.7816042591453057,0,,,0.0,0.0,0.0,0.0,61.022256666234114,14.489457932628767,False,False,True,False,False,16.655689662494
2022-04-22 00:00:00+00:00,86.711390182,88.4467139796,86.5195912359,88.0174496718,1917590,,,,,,,,,,84.57748644414352,#000000,5.562973897926,84.57748644414352,0.3835904638438178,0,,,0.0,0.0,0.0,0.0,56.13361075791474,10.684987275661342,False,False,True,False,False,10.99455016873835
2022-04-25 00:00:00+00:00,87.277653737,87.4420528336,85.7615287349,86.6291906337,2366903,,,,,,,,,,84.59554617573137,#000000,5.6069439118396565,84.59554617573137,0.4783546265916926,0,,,0.0,0.0,0.0,0.0,54.06315148202427,8.73339512262509,False,True,False,False,False,12.037066793934002
2022-04-26 00:00:00+00:00,87.0036552426,88.0311495965,86.5561243685,87.0310550921,1946519,,,,,,,,,,84.62538610690466,#000000,5.647036687154513,84.62538610690466,0.42115347702721134,0,,,0.0,0.0,0.0,0.0,52.11419280547068,6.899667292194145,False,True,False,False,False,11.342690156124405
2022-04-27 00:00:00+00:00,85.1587320473,87.3324534359,84.7934920543,87.2045874718,1910903,,,,,,,,,,84.61079661434492,#000000,5.66409183927179,84.61079661434492,0.0967384443091113,0,,,0.0,0.0,0.0,0.0,47.56863155617061,2.6799943877341548,False,True,False,True,False,6.855810649763871
2022-04-28 00:00:00+00:00,86.2547260247,86.4465249708,84.6016017754,85.1313321978,1484003,,,,,,,,,,84.60241567182207,#000000,5.690729673892893,84.60241567182207,0.2903512286760279,0,,,0.0,0.0,0.0,0.0,46.92939114456224,2.1783530601331123,False,True,False,True,False,8.936857513666034
2022-04-29 00:00:00+00:00,82.939344243,86.4191251213,82.7384120138,86.0355272292,2480340,,,,,,,,,,84.5285047030216,#000000,5.68344304121738,84.5285047030216,-0.2796122787712865,0,,,0.0,0.0,0.0,0.0,42.24965411204873,-2.161655464542825,False,True,False,True,False,1.7061237518528998
2022-05-02 00:00:00+00:00,82.3091477059,84.3230366395,80.9117553847,83.4599413822,2449195,,,,,,,,,,84.41280080622563,#000000,5.673415613160753,84.41280080622563,-0.3707912911308203,0,,,0.0,0.0,0.0,0.0,38.52443673446918,-5.495756886420445,False,True,False,True,False,0.4455173845454681
2022-05-03 00:00:00+00:00,82.8297448452,84.3093367148,80.8204225532,82.628812616,4185624,,,,,,,,,,84.25156696667888,#000000,5.671890921877201,84.25156696667888,-0.25067867860341514,0,,,0.0,0.0,0.0,0.0,37.13872416102456,-6.6604908422602875,False,True,False,True,False,1.4642209972554063
2022-05-04 00:00:00+00:00,82.4004805374,82.9028111104,80.2906921308,82.4187471037,2895429,,,,,,,,,,84.1276129446005,#000000,5.667947246923079,84.1276129446005,-0.304719209964083,0,,,0.0,0.0,0.0,0.0,35.73907367110432,-7.962290445703722,False,True,False,True,False,0.5951308324742328
2022-05-05 00:00:00+00:00,82.1721484587,83.227042662,81.4688856566,82.2360814408,2418717,,,,,,,,,,84.04683330056655,#000000,5.66163329387766,84.04683330056655,-0.33112085233315763,0,,,0.0,0.0,0.0,0.0,34.545451506323886,-9.163454200121123,False,True,False,True,False,0.13163537289885952
2022-05-06 00:00:00+00:00,80.7656228544,81.3958193914,79.6604955938,81.121820897,2646662,,,,,,,,,,83.91446841430479,"rgba(239, 83, 80, 0.5)",5.643639377054088,83.91446841430479,-0.5579459192072721,0,,,0.0,0.0,0.0,0.0,32.264996377632606,-11.433861235712541,False,True,False,True,False,0.0
2022-05-09 00:00:00+00:00,79.5143630634,81.185753879,79.1992647949,80.1628261668,2632458,,,,,,,,,,83.77479937976695,"rgba(239, 83, 80, 0.5)",5.633213090773344,83.77479937976695,-0.7563066135994624,0,,,0.0,0.0,0.0,0.0,29.642434540356213,-14.005930143748081,False,True,False,True,False,0.0
2022-05-10 00:00:00+00:00,78.3635693871,80.5464240589,77.6511733018,80.1902260162,3375147,,,,,,,,,,83.5709332560751,"rgba(239, 83, 80, 0.5)",5.639512230529153,83.5709332560751,-0.9233713229284882,0,,,0.0,0.0,0.0,0.0,27.017838882309093,-16.553179277093342,False,True,False,True,False,0.0
2022-05-11 00:00:00+00:00,79.4504300814,81.1492207465,77.4867742052,78.043904477,3329271,,,,,,,,,,82.39467695439093,"rgba(239, 83, 80, 0.5)",5.629677271963493,82.39467695439093,-0.5229867949364796,0,,,0.0,0.0,0.0,0.0,27.893189202502526,-16.553179277093342,False,True,False,True,False,0.0
2022-05-12 00:00:00+00:00,79.5326296297,79.614829178,78.1352373085,79.5874293286,2111575,,,,,,,,,,82.29131128339839,#000000,5.6152875360572025,82.29131128339839,-0.4912805686234562,0,,,0.0,0.0,0.0,0.0,28.67152960846534,-16.553179277093342,False,True,False,True,False,0.0
2022-05-13 00:00:00+00:00,80.7108231555,80.7838894207,79.3864970994,80.0440934859,2224858,,,,,,,,,,82.30903479540981,#000000,5.578691609724738,82.30903479540981,-0.28648503120764524,0,,,0.0,0.0,0.0,0.0,31.883237057531403,-16.553179277093342,False,True,False,True,True,0.0
2022-05-16 00:00:00+00:00,81.1492207465,81.477288277,80.6560234566,81.0761544813,1790832,,,,,,,,,,82.34819269121374,#000000,5.5347273661272265,82.34819269121374,-0.21662710110194297,0,,,0.0,0.0,0.0,0.0,34.95484104232716,-21.342843695068286,False,True,False,True,True,0.0
2022-05-17 00:00:00+00:00,81.8890166812,81.9255498138,80.4642245106,81.7794172835,2502728,,,,,,,,,,82.39216210721446,#000000,5.497293948965333,82.39216210721446,-0.09152601819830912,0,,,0.0,0.0,0.0,0.0,38.52383722075875,-17.950046142988818,False,True,False,True,True,0.13022985741774917
2022-05-18 00:00:00+00:00,80.5738239083,82.8297448452,80.2267591488,82.5466130677,2048589,,,,,,,,,,82.39702713470963,#000000,5.486131959938206,82.39702713470963,-0.3323294517381911,0,,,0.0,0.0,0.0,0.0,38.90041946557039,-17.54737581566303,False,True,False,True,True,0.0
2022-05-19 00:00:00+00:00,79.9344940881,81.2222870116,79.5234963466,80.0258269196,2132081,,,,,,,,,,82.34702372962361,#000000,5.458816692387685,82.34702372962361,-0.4419510266552621,0,,,0.0,0.0,0.0,0.0,38.282605630053354,-17.54737581566303,False,True,False,True,True,0.0
2022-05-20 00:00:00+00:00,80.4733577937,81.3958193914,79.4138969489,81.1309541802,2464129,,,,,,,,,,82.30281950397324,#000000,5.430923688636676,82.30281950397324,-0.33686013929841935,0,,,0.0,0.0,0.0,0.0,39.07615967326079,-17.0157635835049,False,True,False,True,True,0.0
2022-05-23 00:00:00+00:00,80.6651567398,81.8515442919,80.0765613651,81.1617840872,2151942,,,,,,,,,,82.28292785761428,#000000,5.373392975264849,82.28292785761428,-0.3010706876011702,0,,,0.0,0.0,0.0,0.0,40.04025608299173,-15.816861810290028,False,True,False,True,True,0.0
2022-05-24 00:00:00+00:00,81.3181297336,81.3273265363,78.7982057857,80.5180078961,2258138,,,,,,,,,,82.24607718311601,#000000,5.26873408108562,82.24607718311601,-0.1761234169792848,0,,,0.0,0.0,0.0,0.0,42.155145368115456,-13.552456299471615,False,True,False,True,True,0.0
2022-05-25 00:00:00+00:00,81.8055602782,82.0814643601,81.0422256517,81.0422256517,2051040,,,,,,,,,,82.25228176332186,#000000,5.165186767577979,82.25228176332186,-0.08648699557699227,0,,,0.0,0.0,0.0,0.0,44.61621494921319,-11.034100647077743,False,True,False,True,True,0.19786805842393207
2022-05-26 00:00:00+00:00,81.4652785772,82.9367670139,81.2261617063,82.5137140884,1960472,,,,,,,,,,82.26237204084642,#000000,5.040518612565345,82.26237204084642,-0.1581371927998383,4,0.19490623538974083,0.7796249415589633,0.0,0.0,0.0,0.0,45.54333638733952,-9.987504123831535,False,True,False,False,True,0.0
2022-05-27 00:00:00+00:00,82.9275702112,83.0931126603,81.7687730673,81.7963634755,2133929,,,,,,,,,,82.35335333720614,#000000,4.949687793556999,82.35335333720614,0.11601072591716174,4,0.19483255221627988,0.7793302088651195,0.0,0.0,0.0,0.0,49.13565674963432,-6.457940523973306,False,True,False,False,True,2.4194702938293773
2022-05-31 00:00:00+00:00,81.9343155164,82.4769268775,81.5388529991,82.0814643601,7252492,,,,,,,,,,82.2727209332729,#000000,4.829442675345933,82.2727209332729,-0.0700713187052475,5,0.17915030315786423,0.8957515157893212,0.0,0.0,0.0,0.0,49.41884259708981,-6.086556880119851,False,False,False,False,True,0.4055309592022951
2022-06-01 00:00:00+00:00,81.0790128626,81.9894963328,79.4879659904,81.8055602782,2352065,,,,,,,,,,82.19806252394487,#000000,4.6914985589335645,82.19806252394487,-0.23852712460371045,5,0.17925821967886318,0.896291098394316,0.0,0.0,0.0,0.0,48.0033172620076,-6.086556880119851,False,True,False,False,True,0.0
2022-06-02 00:00:00+00:00,81.7319858564,81.8147570809,79.3500139495,80.8215023862,1914907,,,,,,,,,,82.15623121299976,#000000,4.531566599073416,82.15623121299976,-0.09362002021254677,5,0.17933609931076894,0.8966804965538446,0.0,0.0,0.0,0.0,48.42688067034841,-6.086556880119851,False,False,False,False,True,0.025660427195436597
2022-06-03 00:00:00+00:00,80.9318640189,81.8009618768,80.4260398688,81.5020657881,1538892,,,,,,,,,,82.1306198999098,#000000,4.407556456645077,82.1306198999098,-0.27197743076041403,5,0.17945741098683932,0.8972870549341966,0.0,0.0,0.0,0.0,47.20474660085536,-6.086556880119851,False,True,False,False,True,0.0
2022-06-06 00:00:00+00:00,80.1409389842,81.5848370127,79.8374444941,81.5848370127,1425475,,,,,,,,,,82.0936456871131,#000000,4.346883889585973,82.0936456871131,-0.44921989004382623,5,0.1797357781077139,0.8986788905385695,0.0,0.0,0.0,0.0,45.03851565148685,-6.086556880119851,False,True,False,True,False,0.0
2022-06-07 00:00:00+00:00,82.1274483737,82.2654004147,79.9294125214,79.9294125214,1899330,,,,,,,,,,82.08372987494053,#000000,4.233687362885085,82.08372987494053,0.010326340849524227,5,0.1800408462114293,0.9002042310571465,0.0,0.0,0.0,0.0,47.55051448463042,-6.086556880119851,False,False,False,False,False,0.8655580741512772
2022-06-08 00:00:00+00:00,79.0741098676,81.9343155164,78.789008983,81.7871666728,1967838,,,,,,,,,,82.0203639945233,"rgba(239, 83, 80, 0.5)",4.157763074315127,82.0203639945233,-0.7086152034790016,5,0.1799746126539045,0.8998730632695224,0.0,0.0,0.0,0.0,44.79398089609245,-6.086556880119851,False,True,False,True,False,0.0
2022-06-09 00:00:00+00:00,76.544989117,78.9545514321,76.4898083006,78.4211368738,1955990,,,,,,,,,,81.87763632441596,"rgba(239, 83, 80, 1.0)",4.126489044914791,81.87763632441596,-1.2922964654389564,6,0.2484160277665938,1.4904961665995629,0.0,0.0,0.0,0.0,40.504555163436606,-4.108539837039274,False,True,False,True,False,0.0
2022-06-10 00:00:00+00:00,75.4781600004,76.544989117,75.1470751021,75.7908512932,2234877,,,,,,,,,,81.67521706144815,"rgba(255, 0, 0, 1.0)",4.065006159044374,81.67521706144815,-1.524488972116342,6,0.24698791598107983,1.481927495886479,0.0,0.0,0.0,0.0,36.79425419058765,-7.459896441070221,False,True,False,True,False,0.0
2022-06-13 00:00:00+00:00,71.5971092486,74.3377564619,71.2384339421,73.8135387063,2500139,,,,,,,,,,81.34954675620028,"rgba(255, 26, 202, 1.0)",4.157378960622223,81.34954675620028,-2.345813937091907,6,0.24314117237763175,1.4588470342657904,0.0,0.0,0.0,0.0,31.9477288450871,-11.812884678553836,False,True,False,True,False,0.0
2022-06-14 00:00:00+00:00,71.2292371394,72.296066256,70.6130513565,71.5511252349,2823033,,,,,,,,,,80.98406394449282,"rgba(255, 26, 202, 1.0)",4.311123221515475,80.98406394449282,-2.262711201667703,6,0.23905319916341727,1.4343191949805036,0.0,0.0,0.0,0.0,28.53387597850924,-14.772831994470643,False,True,False,True,False,0.0
2022-06-15 00:00:00+00:00,72.1489174123,73.0961880934,71.0453010848,71.9281941468,3573237,,,,,,,,,,80.61127327234904,"rgba(255, 0, 0, 1.0)",4.419249377476207,80.61127327234904,-1.9148853430131199,6,0.23566424504268788,1.4139854702561272,0.0,0.0,0.0,0.0,27.91458007964684,-15.211232492330446,False,True,False,True,False,0.0
2022-06-16 00:00:00+00:00,71.4591572076,72.5259863242,70.4705009142,71.1924499285,2754818,,,,,,,,,,80.33418156756129,"rgba(255, 0, 0, 1.0)",4.528196228871735,80.33418156756129,-1.9599469438568538,6,0.23218866166931942,1.3931319700159166,0.0,0.0,0.0,0.0,27.059231217876142,-16.06063012681353,False,True,False,True,False,0.0
2022-06-17 00:00:00+00:00,71.413173194,72.7742999979,70.4107216965,71.2016467312,9174336,,,,,,,,,,78.22994991533106,"rgba(239, 83, 80, 1.0)",4.6715829235164685,78.22994991533106,-1.4592006249136287,6,0.22897197275848144,1.3738318365508886,-1.0,0.0,70.41072,168.0,26.458276587365617,-16.79848737070151,False,True,False,True,False,0.0
2022-06-21 00:00:00+00:00,72.3604438751,74.0802459855,71.7902421059,71.7902421059,2525743,,,,,,,,,,78.1502628852178,"rgba(239, 83, 80, 1.0)",4.794301868959229,78.1502628852178,-1.2076459030675677,6,0.2270448155401514,1.3622688932409084,0.0,0.0,0.0,0.0,27.954116651633335,-16.79848737070151,False,True,False,True,False,0.0
2022-06-22 00:00:00+00:00,73.3628953726,74.4573148974,71.854619725,71.854619725,2282081,,,,,,,,,,78.09300043129167,"rgba(239, 83, 80, 0.5)",4.902641891061988,78.09300043129167,-0.9648073760629218,6,0.2259324673892378,1.355594804335427,0.0,0.0,0.0,0.0,30.824928909198313,-16.79848737070151,False,True,False,True,True,0.0
2022-06-23 00:00:00+00:00,75.1470751021,75.4873568031,73.1513689098,73.8043419036,2668055,,,,,,,,,,78.08425508516915,"rgba(239, 83, 80, 0.5)",4.965479009447307,78.08425508516915,-0.591519967656871,6,0.22551265741011273,1.3530759444606764,0.0,0.0,0.0,0.0,35.64518276425909,-21.07036182236148,False,True,False,True,True,0.0
2022-06-24 00:00:00+00:00,76.6645475525,77.1243876889,75.0183198639,75.4781600004,3299947,,,,,,,,,,78.14187487589282,#000000,5.008443530463216,78.14187487589282,-0.2949673515149315,6,0.22505558156480246,1.3503334893888148,0.0,0.0,0.0,0.0,40.93680693222413,-16.160434048136416,False,False,False,True,True,0.0
2022-06-27 00:00:00+00:00,76.4898083006,77.86932871,75.8506305109,76.4346274842,1992556,,,,,,,,,,78.176328508286,#000000,5.055008595250708,78.176328508286,-0.3336334995098771,6,0.22497026597689795,1.3498215958613877,0.0,0.0,0.0,0.0,44.22022155376118,-13.218558669036867,False,False,False,True,True,0.0
2022-06-28 00:00:00+00:00,76.2231010215,77.9520999346,76.0943457832,77.0508132671,1454800,,,,,,,,,,77.99051560513983,#000000,5.1072745424459285,77.99051560513983,-0.34605826825072145,6,0.22474463308367768,1.348467798502066,0.0,0.0,0.0,0.0,46.01421023046436,-11.604616294229494,True,False,False,False,True,0.0
2022-06-29 00:00:00+00:00,76.544989117,76.9680420425,76.0391649669,76.0391649669,1529403,,,,,,,,,,77.98296650655412,#000000,5.151456753312471,77.98296650655412,-0.27913995174849865,6,0.22531560360082417,1.351893621604945,0.0,0.0,0.0,0.0,47.71488867576605,-9.959059136666866,True,False,False,False,True,0.0
2022-06-30 00:00:00+00:00,75.7356704768,76.7841059879,75.3080191499,76.1955106133,2500473,,,,,,,,,,77.93248700558526,#000000,5.207091139741751,77.93248700558526,-0.4218893946408273,6,0.2267143576804138,1.3602861460824829,0.0,0.0,0.0,0.0,47.54156442808912,-9.959059136666866,True,False,False,False,True,0.0
2022-07-01 00:00:00+00:00,76.5265955115,76.7105315661,74.981532653,75.3586015649,1724947,,,,,,,,,,77.92061585262238,#000000,5.249005849571884,77.92061585262238,-0.2655779743960599,6,0.2282734496866682,1.3696406981200093,0.0,0.0,0.0,0.0,48.76699549114869,-8.528501596752832,True,False,False,False,True,0.0
2022-07-05 00:00:00+00:00,75.7448672795,76.1955106133,73.5652250326,76.0851489805,1819040,,,,,,,,,,77.86674945009939,#000000,5.300701682935354,77.86674945009939,-0.4003021293257091,6,0.23000926199596838,1.3800555719758103,0.0,0.0,0.0,0.0,48.278014627121934,-8.528501596752832,True,False,False,False,True,0.0
2022-07-06 00:00:00+00:00,75.1102878912,76.7565155798,75.082697483,76.0851489805,1347415,,,,,,,,,,77.84937680946926,"rgba(239, 83, 80, 0.5)",5.356328771363429,77.84937680946926,-0.5113743078866382,5,0.24094747369890063,1.204737368494503,0.0,0.0,0.0,0.0,46.94395929803998,-8.528501596752832,True,False,False,False,True,0.0
2022-07-07 00:00:00+00:00,75.1562719048,75.8368353068,74.6596445575,75.0091230612,1439584,,,,,,,,,,77.81856517045192,#000000,5.4071349703417955,77.81856517045192,-0.4923667118084971,5,0.24210890539063232,1.2105445269531616,0.0,0.0,0.0,0.0,46.14877317726396,-8.528501596752832,True,False,False,False,True,0.0
2022-07-08 00:00:00+00:00,75.5149472113,76.0943457832,74.9263518366,75.183862313,1336879,,,,,,,,,,77.80065307760184,#000000,5.445858893140533,77.80065307760184,-0.419714486025493,5,0.24383365682729985,1.2191682841364992,0.0,0.0,0.0,0.0,46.389131064064884,-8.528501596752832,True,False,False,False,True,0.0
2022-07-11 00:00:00+00:00,75.5149472113,75.965590545,74.9263518366,75.4321759867,971018,,,,,,,,,,77.78739094189852,#000000,5.482102065215311,77.78739094189852,-0.41452050756542674,5,0.24591125274420883,1.2295562637210442,0.0,0.0,0.0,0.0,46.549369655265494,-8.528501596752832,True,False,False,False,True,0.0
2022-07-12 00:00:00+00:00,75.8184417014,76.8116963961,75.0551070748,75.1102878912,1467857,,,,,,,,,,77.77968542496318,#000000,5.509580343872248,77.77968542496318,-0.3559697111495009,5,0.24719164253335252,1.2359582126667625,0.0,0.0,0.0,0.0,47.38121385703414,-7.793244176356566,True,False,False,False,True,0.0
2022-07-13 00:00:00+00:00,75.3310111567,75.5977184359,74.3285596592,74.9907294557,2150408,,,,,,,,,,77.73793526376367,#000000,5.523764470397697,77.73793526376367,-0.4357398147518012,5,0.24683602702305346,1.2341801351152673,0.0,0.0,0.0,0.0,46.83314522156445,-7.793244176356566,True,False,False,False,True,0.0
2022-07-14 00:00:00+00:00,73.6663898627,75.1010910885,73.3720921753,74.0342619719,2771095,,,,,,,,,,77.6440289560117,"rgba(239, 83, 80, 0.5)",5.540135859525423,77.6440289560117,-0.717967788907694,5,0.2463250850830827,1.2316254254154135,0.0,0.0,0.0,0.0,43.38585042283986,-7.793244176356566,True,False,False,True,False,0.0
2022-07-15 00:00:00+00:00,74.6964317684,74.9355486393,73.7675546927,74.6688413602,2078556,,,,,,,,,,77.59346978487726,"rgba(239, 83, 80, 0.5)",5.532239577258406,77.59346978487726,-0.5236645983999357,5,0.2460868993600432,1.2304344968002159,0.0,0.0,0.0,0.0,43.64818763047673,-7.793244176356566,True,False,False,True,False,0.0
2022-07-18 00:00:00+00:00,74.300969251,75.2574367349,73.9514907473,74.9355486393,1586586,,,,,,,,,,77.55798450529858,"rgba(239, 83, 80, 0.5)",5.487624207422952,77.55798450529858,-0.5935200974390535,5,0.2455707447030872,1.227853723515436,0.0,0.0,0.0,0.0,43.10749713689588,-7.793244176356566,True,False,False,True,False,0.0
2022-07-19 00:00:00+00:00,75.5333408167,75.6988832659,74.2181980264,74.6596445575,2123152,,,,,,,,,,77.53134156690113,#000000,5.4265718263892655,77.53134156690113,-0.36818839114685775,4,0.2720538473787393,1.088215389514957,0.0,0.0,0.0,0.0,45.506637717366296,-7.793244176356566,True,False,False,True,True,0.0
2022-07-20 00:00:00+00:00,74.8527774148,75.9609921437,74.4665117001,75.4413727895,1551828,,,,,,,,,,77.51119662422047,#000000,5.399610345895186,77.51119662422047,-0.49233537961520085,3,0.326848272685143,0.980544818055429,0.0,0.0,0.0,0.0,45.76757372438176,-7.793244176356566,True,False,False,True,True,0.0
2022-07-21 00:00:00+00:00,74.7975965984,74.8067934011,72.8537603735,74.540086122,1695992,,,,,,,,,,77.05517227359937,#000000,5.335287725674622,77.05517227359937,-0.42314037991529363,3,0.3257793530261057,0.9773380590783172,0.0,0.0,0.0,0.0,45.83245780403606,-7.793244176356566,True,False,False,True,True,0.0
2022-07-22 00:00:00+00:00,76.1771170078,76.5202497176,75.2022559185,75.6712928577,1685968,,,,,,,,,,77.16599129030197,#000000,5.25007915059378,77.16599129030197,-0.18835416650625672,3,0.32584137340701796,0.9775241202210538,0.0,0.0,0.0,0.0,48.807401076829635,-5.119369140862474,True,False,False,False,True,0.0
2022-07-25 00:00:00+00:00,77.3635045599,77.427882179,75.5333408167,75.9196065314,1745833,,,,,,,,,,77.25053744391045,#000000,5.187615323330878,77.25053744391045,0.021776309334558326,3,0.32707399645669405,0.9812219893700822,0.0,0.0,0.0,0.0,52.80287232103744,-1.344375577571988,True,False,True,False,True,0.0
2022-07-26 00:00:00+00:00,78.0992487783,78.4671208874,77.427974147,77.7957542882,2263222,,,,,,,,,,77.38050245798307,#000000,5.0895498551472595,77.38050245798307,0.14122001763869713,3,0.32751925796547426,0.9825577738964228,0.0,0.0,0.0,0.0,56.55678603378581,2.058803822327249,True,False,True,False,True,0.0
2022-07-27 00:00:00+00:00,77.7405734718,78.7430249693,77.3543077572,77.8785255127,1392895,,,,,,,,,,77.43359107658705,#000000,5.00368688424117,77.43359107658705,0.061351240058561435,3,0.32743032486744683,0.9822909746023405,0.0,0.0,0.0,0.0,58.144952424017504,3.396001468657147,True,False,True,False,True,0.0
2022-07-28 00:00:00+00:00,79.0741098676,79.129290684,77.6853926554,78.2004136083,1561625,,,,,,,,,,77.50429740085355,#000000,4.893275031110141,77.50429740085355,0.3208101847466176,3,0.3273346773860128,0.9820040321580383,0.0,0.0,0.0,0.0,61.12514531419202,6.085476405700874,True,False,True,False,True,1.0539884068694896
2022-07-29 00:00:00+00:00,79.4051947658,79.8558380996,78.5590889147,79.092503473,3905685,,,,,,,,,79.2733739267,77.85732750788885,#000000,4.790799718689048,77.85732750788885,0.3230916232780251,3,0.32733835989671345,0.9820150796901403,0.0,0.0,0.0,0.0,63.54101987398327,8.23813142107123,True,False,True,False,True,1.6458008235329444
2022-08-01 00:00:00+00:00,79.0741098676,79.7454764668,78.9729450376,79.2396523167,1322125,,,,,,,,,79.27104803444881,77.89909754301381,#000000,4.678837925600091,77.89909754301381,0.25113336757342125,3,0.3271184497570991,0.9813553492712972,0.0,0.0,0.0,0.0,64.21158925070264,8.817331123130373,True,False,True,False,True,1.0249328079060582
2022-08-02 00:00:00+00:00,76.9496484371,79.3959979631,76.885270818,78.9361578266,1853687,,,,,,,,,78.87122605669248,77.86857471515863,#000000,4.55941412926658,77.86857471515863,-0.20154481519020334,3,0.3261374293180756,0.9784122879542267,0.0,0.0,0.0,0.0,59.73170101162057,8.817331123130373,True,False,True,False,False,0.0
2022-08-03 00:00:00+00:00,75.7908512932,77.7865574855,75.763260885,77.1335844917,2280128,,,,,,,,,78.28075199050456,77.78050315925417,#000000,4.4625520764900966,77.78050315925417,-0.44585515909969364,4,0.2873481038263163,1.1493924153052653,0.0,0.0,0.0,0.0,54.72834551963018,10.867933900221857,True,False,True,False,False,0.0
2022-08-04 00:00:00+00:00,74.4941021083,75.8736225177,74.0158683664,75.8736225177,2569687,,,,,,,,,77.52991278984192,77.62468134764524,"rgba(239, 83, 80, 0.5)",4.360425966670376,77.62468134764524,-0.7179526182245333,4,0.28556162346617986,1.1422464938647194,0.0,0.0,0.0,0.0,49.48579991535631,6.210053234121787,True,False,False,False,False,0.0
2022-08-05 00:00:00+00:00,74.199804421,74.4757085029,72.7834968006,74.0342619719,2911147,,,,,,,,,76.80219897676955,77.07878751897009,"rgba(239, 83, 80, 0.5)",4.243794657088107,77.07878751897009,-0.6783983040182052,4,0.2836413995698569,1.1345655982794276,0.0,0.0,0.0,0.0,45.588450146752834,2.8567151166680347,False,False,False,True,False,0.0
2022-08-08 00:00:00+00:00,75.0459102721,75.7908512932,74.7240221766,75.0918942857,2063607,,,,,,,,,76.60503396676087,77.0841429699199,#000000,4.081821984752314,77.0841429699199,-0.49934384827014294,4,0.28219662340313434,1.1287864936125374,0.0,0.0,0.0,0.0,44.83868530349882,2.3453202967081808,False,False,False,True,False,0.0
2022-08-09 00:00:00+00:00,76.0207713614,76.1495265996,74.9171550339,75.1746655103,2889068,,,,,,,,,76.47233530846474,77.0918508844871,#000000,3.9021684618763044,77.0918508844871,-0.2744831581597308,4,0.28140547336397487,1.1256218934558995,0.0,0.0,0.0,0.0,46.25611328155705,2.3453202967081808,False,False,False,True,False,0.0
2022-08-10 00:00:00+00:00,76.6185635388,76.7841059879,74.3285596592,75.9196065314,2909107,,,,,,,,,76.4003354720568,77.09313883777789,#000000,3.7776605786914743,77.09313883777789,-0.12562677061428004,4,0.2812580848079805,1.125032339231922,0.0,0.0,0.0,0.0,48.28857160195344,2.3453202967081808,True,False,False,False,False,0.0
2022-08-11 00:00:00+00:00,74.7056285711,76.5082019061,74.2641820401,76.103542586,2985879,,,,,,,,,76.25609831915177,77.04175121275873,"rgba(239, 83, 80, 0.5)",3.6410283772432757,77.04175121275873,-0.6416106658931003,4,0.2803255460053363,1.1213021840213453,0.0,0.0,0.0,0.0,46.43148466228014,2.3453202967081808,False,False,False,True,False,0.0
2022-08-12 00:00:00+00:00,76.0483617696,76.1403297969,75.1102878912,75.3953887758,1954809,,,,,,,,,76.22146591378055,77.03254624191818,#000000,3.488430149200532,77.03254624191818,-0.28212818666979156,4,0.2803291180459814,1.1213164721839255,0.0,0.0,0.0,0.0,47.56935592654395,2.3453202967081808,True,False,False,False,False,0.0
2022-08-15 00:00:00+00:00,75.1286814967,76.2231010215,74.7700061902,76.0299681641,1249134,,,,,,,,,76.1848256370594,77.01785434651485,"rgba(239, 83, 80, 0.5)",3.3926211701929567,77.01785434651485,-0.5568475686035431,4,0.27995740754677895,1.1198296301871158,0.0,0.0,0.0,0.0,46.903791372860276,2.3453202967081808,False,False,False,True,False,0.0
2022-08-16 00:00:00+00:00,74.1814108155,75.0275166666,73.8227355091,74.9539422448,1986301,,,,,,,,,76.06641197660659,76.96257757358681,"rgba(239, 83, 80, 0.5)",3.26250857622914,76.96257757358681,-0.8524626657997415,4,0.27925742923604885,1.1170297169441954,0.0,0.0,0.0,0.0,45.11541599394876,2.032946153721049,False,False,False,True,False,0.0
2022-08-17 00:00:00+00:00,75.0183198639,75.3034207485,73.6847834681,73.7215706791,1922608,,,,,,,,,75.98449926309598,76.92316174116438,"rgba(239, 83, 80, 0.5)",3.211326242875802,76.92316174116438,-0.5931636131614436,4,0.2800195022022093,1.1200780088088371,0.0,0.0,0.0,0.0,45.466768020645944,2.032946153721049,False,False,False,True,False,0.0
2022-08-18 00:00:00+00:00,73.5744218354,75.3953887758,73.0915896921,75.0275166666,2531320,,,,,,,,,75.84379756922655,76.85205665992927,"rgba(239, 83, 80, 1.0)",3.188391206803449,76.85205665992927,-1.027990171825651,4,0.28114988126918483,1.1245995250767393,0.0,0.0,0.0,0.0,43.68982253958628,0.03127046218557439,False,False,False,True,False,0.0
2022-08-19 00:00:00+00:00,73.1881561207,73.7353658831,72.7283159843,73.4272729917,4554084,,,,,,,,,75.54392613069383,76.69303188822002,"rgba(239, 83, 80, 1.0)",3.1550587695439347,76.69303188822002,-1.1108749546451875,4,0.28228433398375924,1.129137335935037,0.0,0.0,0.0,0.0,42.009760503411584,-1.8633250897591012,False,True,False,True,False,0.0
2022-08-22 00:00:00+00:00,73.3445017671,73.5947294077,72.4084650375,73.010864913,2459255,,,,,,,,,75.40292323711962,76.61421749435333,"rgba(239, 83, 80, 1.0)",3.123889574261764,76.61421749435333,-1.0466809563926487,4,0.2855389657103095,1.142155862841238,0.0,0.0,0.0,0.0,41.221428502689875,-2.9051364321172954,False,True,False,True,False,0.0
2022-08-23 00:00:00+00:00,71.500231379,73.3213325412,71.4168221655,73.1035418169,2562463,,,,,,,,,75.21329445614107,76.50748038941217,"rgba(255, 0, 0, 1.0)",3.1287410417959864,76.50748038941217,-1.600403786545998,4,0.2873870115773516,1.1495480463094063,0.0,0.0,0.0,0.0,38.3981208630507,-5.832346729733899,False,True,False,True,False,0.0
2022-08-24 00:00:00+00:00,71.8338682331,72.4640711798,71.2778068096,71.3334129519,2594236,,,,,,,,,75.03009188006088,76.40134353948989,"rgba(239, 83, 80, 1.0)",3.148389579028168,76.40134353948989,-1.4507338408227581,4,0.28830092087674974,1.153203683506999,0.0,0.0,0.0,0.0,37.26558474169963,-7.102924253657143,False,True,False,True,False,0.0
2022-08-25 00:00:00+00:00,73.0664710554,73.0942741265,72.0099543506,72.23237892,1845843,,,,,,,,,74.94382098275094,76.34776079401934,"rgba(239, 83, 80, 1.0)",3.159929139649466,76.34776079401934,-1.038406114063473,4,0.29198502656898573,1.167940106275943,0.0,0.0,0.0,0.0,39.10291861126625,-7.102924253657143,False,True,False,True,False,0.0
2022-08-26 00:00:00+00:00,71.6670498061,73.1962187209,71.6021759733,73.1962187209,1757182,,,,,,,,,74.84794034725068,76.28860137900894,"rgba(239, 83, 80, 1.0)",3.2055689746444496,76.28860137900894,-1.4417258244837947,4,0.2949115578443077,1.179646231377231,0.0,0.0,0.0,0.0,38.474111771677144,-7.102924253657143,False,True,False,True,False,0.0
2022-08-29 00:00:00+00:00,71.2685391192,71.9775174342,70.8607607419,71.4168221655,1867964,,,,,,,,,74.72526720036984,76.21360619441327,"rgba(255, 0, 0, 1.0)",3.2453954470415898,76.21360619441327,-1.5237178815053358,4,0.29592845655799,1.18371382623196,0.0,0.0,0.0,0.0,37.56949882640866,-7.260066528322547,False,True,False,True,False,0.0
2022-08-30 00:00:00+00:00,70.5363915782,71.8338682331,70.3973762223,71.3148775712,2084122,,,,,,,,,74.58132574118159,76.12483682604426,"rgba(255, 0, 0, 1.0)",3.296399845721494,76.12483682604426,-1.6953177737517766,4,0.29799688311120104,1.1919875324448042,0.0,0.0,0.0,0.0,36.09290543254935,-8.890375716528048,False,True,False,True,False,0.0
2022-08-31 00:00:00+00:00,71.0368468594,71.9358128275,70.8978315035,71.2314683576,4030279,,,,,,,,,74.356848435506,75.97927070350185,"rgba(239, 83, 80, 1.0)",3.3125604564577293,75.97927070350185,-1.4920252502763407,4,0.30011716193269,1.20046864773076,0.0,0.0,0.0,0.0,36.272381267168186,-8.942043943179229,False,True,False,True,False,0.0
2022-09-01 00:00:00+00:00,70.9719730266,71.0113607108,70.249093176,70.6476038629,2017451,,,,,,,,,74.23757507564498,75.90116888306466,"rgba(239, 83, 80, 1.0)",3.316269761568941,75.90116888306466,-1.486367578894618,4,0.3033633499116226,1.2134533996464905,0.0,0.0,0.0,0.0,36.301778234313296,-9.203646571033225,False,True,False,True,False,0.0
2022-09-02 00:00:00+00:00,70.2768962472,71.8894743755,69.9988655354,71.4724283078,1679689,,,,,,,,,74.14351876425253,75.83837489361919,"rgba(255, 0, 0, 1.0)",3.3125659953371884,75.83837489361919,-1.6789035008653714,4,0.3057257888998931,1.2229031555995724,0.0,0.0,0.0,0.0,35.350143702964274,-10.402910587815143,False,True,False,True,False,0.0
2022-09-06 00:00:00+00:00,70.6939423149,71.3612160231,70.0081332258,70.8329576707,1896216,,,,,,,,,74.04221161937028,75.76953473110898,"rgba(255, 0, 0, 1.0)",3.321725217155129,75.76953473110898,-1.527998881423412,4,0.309189354758955,1.23675741903582,0.0,0.0,0.0,0.0,35.83007343219498,-10.402910587815143,False,True,False,True,False,0.0
2022-09-07 00:00:00+00:00,71.9821512794,72.1118989449,70.5456592686,70.6568715533,1435451,,,,,,,,,73.98803056508264,75.72973826101313,"rgba(239, 83, 80, 1.0)",3.3147377107192026,75.72973826101313,-1.1305832643995253,4,0.3147675701990469,1.2590702807961875,0.0,0.0,0.0,0.0,39.22186971105053,-10.402910587815143,False,True,False,True,True,0.0
2022-09-08 00:00:00+00:00,70.7773515284,72.4733388702,70.6754069341,71.6114436637,2306449,,,,,,,,,73.89771644713296,75.66341194978757,"rgba(239, 83, 80, 1.0)",3.3147201223771945,75.66341194978757,-1.4740491628244823,4,0.3187601489800114,1.2750405959200457,0.0,0.0,0.0,0.0,39.48297385604415,-10.402910587815143,False,True,False,True,True,0.0
2022-09-09 00:00:00+00:00,71.9080097563,71.9589820534,70.4159116031,71.0646499306,2547921,,,,,,,,,73.80904071308647,75.59579941833103,"rgba(239, 83, 80, 1.0)",3.2865861098518954,75.59579941833103,-1.122073038334969,4,0.3250374276629209,1.3001497106516835,0.0,0.0,0.0,0.0,42.03008853170801,-11.915305561841613,False,True,False,True,True,0.0
2022-09-12 00:00:00+00:00,72.5289450126,73.4742494326,72.1953081585,72.3343235143,2309902,,,,,,,,,73.77511827005667,75.30386383559681,"rgba(239, 83, 80, 0.5)",3.2305038221486,75.30386383559681,-0.8589740101750502,4,0.3331121141854856,1.3324484567419423,0.0,0.0,0.0,0.0,44.90709830277832,-9.196859893143369,False,False,False,True,True,0.0
2022-09-13 00:00:00+00:00,69.7022994428,71.6763174965,69.6281579197,71.3612160231,2490211,,,,,,,,,73.66208135757827,75.11585400363451,"rgba(255, 0, 0, 1.0)",3.204665725582744,75.11585400363451,-1.6892727742610656,4,0.34071182857431215,1.3628473142972486,0.0,0.0,0.0,0.0,42.58806355326364,-9.196859893143369,False,True,False,True,False,0.0
2022-09-14 00:00:00+00:00,68.5623735246,69.6744963717,67.3019676312,69.1462380193,3786885,,,,,,,,,73.41699325074987,74.841770675628,"rgba(255, 0, 0, 1.0)",3.208205616589609,74.841770675628,-1.9572926119689067,4,0.347485741117293,1.389942964469172,0.0,0.0,0.0,0.0,39.77507403482322,-5.684937453164174,False,True,False,True,False,0.0
2022-09-15 00:00:00+00:00,67.4131799159,68.7903587082,67.2921438793,68.478964311,2928782,,,,,,,,,73.21869285053421,74.66144892443964,"rgba(255, 26, 202, 1.0)",3.189796100090872,74.66144892443964,-2.2723298860178387,4,0.34888915541175247,1.3955566216470099,0.0,0.0,0.0,0.0,36.76185398726406,-8.401873358834706,False,True,False,True,False,0.0
2022-09-16 00:00:00+00:00,67.487321439,67.6170691045,65.3928234103,67.2463614888,7662072,,,,,,,,,72.67591089322026,74.21168461306047,"rgba(255, 26, 202, 1.0)",3.1885052042713813,74.21168461306047,-2.1089390618062622,4,0.3523140575899232,1.4092562303596927,0.0,0.0,0.0,0.0,34.915679594422315,-10.022787916347575,False,True,False,True,False,0.0
2022-09-19 00:00:00+00:00,66.023026357,67.6356044853,65.6523187413,66.708835446,2818422,,,,,,,,,72.48677366747917,74.0625969883086,"rgba(255, 26, 202, 1.0)",3.2480598688274127,74.0625969883086,-2.4751916393126616,4,0.35328818645608256,1.4131527458243303,0.0,0.0,0.0,0.0,32.30352857849597,-12.401427364446945,False,True,False,True,False,0.0
2022-09-20 00:00:00+00:00,64.466054371,65.504035695,64.0675436841,65.2260049832,2249466,,,,,,,,,72.30232609760982,73.9131019696348,"rgba(255, 26, 202, 1.0)",3.3316448200355846,73.9131019696348,-2.8355506390785963,4,0.34830422357283797,1.3932168942913519,0.0,0.0,0.0,0.0,29.34915241718688,-15.09452925846314,False,True,False,True,False,0.0
2022-09-21 00:00:00+00:00,63.9377960186,65.6801218125,63.9192606379,64.9109035099,2023341,,,,,,,,,72.14023877991065,73.7832184650815,"rgba(255, 26, 202, 1.0)",3.441121905249426,73.7832184650815,-2.861108300598805,4,0.3451770483885965,1.380708193554386,0.0,0.0,0.0,0.0,27.006425409383837,-17.21493072789447,False,True,False,True,False,0.0
2022-09-22 00:00:00+00:00,63.2519869296,63.7848791272,62.3159501999,63.6783006876,1952331,,,,,,,,,71.9626563461005,73.63964795810206,"rgba(255, 26, 202, 1.0)",3.579402498388113,73.63964795810206,-2.9020656473195907,3,0.33025643919036346,0.9907693175710903,0.0,0.0,0.0,0.0,24.96957805094109,-19.08816595656223,False,True,False,True,False,0.0
2022-09-23 00:00:00+00:00,61.8247626091,63.5485530222,61.1389535201,62.436430175,2723929,,,,,,,,,71.70095205454467,73.42854311122454,"rgba(255, 26, 202, 1.0)",3.699953105171461,73.42854311122454,-3.136196641494138,3,0.3193380021612677,0.958014006483803,0.0,0.0,0.0,0.0,22.723487817123406,-21.198525136120722,False,True,False,True,False,0.0
2022-09-26 00:00:00+00:00,60.9535997122,61.5977041945,59.8692799363,61.5467318973,3006018,,,,,,,,,71.38884278441643,73.17713017474729,"rgba(255, 26, 202, 1.0)",3.912596879687374,73.17713017474729,-3.124147679513556,3,0.30890419883448955,0.9267125965034686,0.0,0.0,0.0,0.0,20.74681737211911,-23.08504834099344,False,True,False,True,False,0.0
2022-09-27 00:00:00+00:00,59.6005169149,61.9081718227,59.4707692494,61.5281965166,2467223,,,,,,,,,71.13469504981441,72.97356600334592,"rgba(255, 26, 202, 1.0)",4.195712766889563,72.97356600334592,-3.1873128194044273,3,0.297188625447657,0.891565876342971,0.0,0.0,0.0,0.0,18.764331461209167,-25.011061906094163,False,True,False,True,False,0.0
2022-09-28 00:00:00+00:00,60.6292305485,61.1018827585,59.3502892743,60.2214521712,1846487,,,,,,,,,70.95257456749296,72.82836995113138,"rgba(255, 26, 202, 1.0)",4.420213121085109,72.82836995113138,-2.7598532171309964,3,0.288737537985287,0.866212613955861,0.0,0.0,0.0,0.0,20.008197989101284,-25.011061906094163,False,True,False,True,False,0.0
2022-09-29 00:00:00+00:00,58.6922832564,60.2029167904,58.0620803097,59.8970830075,2844377,,,,,,,,,70.64888595008928,72.58556315794627,"rgba(255, 26, 202, 1.0)",4.708437238715029,72.58556315794627,-2.950719994164742,3,0.2775649967922088,0.8326949903766264,0.0,0.0,0.0,0.0,19.655581407965848,-25.011061906094163,False,True,False,True,False,0.0
2022-09-30 00:00:00+00:00,59.6097846053,59.9295199238,58.3493787119,59.0351878009,3208548,,,,,,,,,70.3329412257814,72.33389501169772,"rgba(255, 26, 202, 1.0)",4.939712936506475,72.33389501169772,-2.575880535964226,3,0.26860514366214316,0.8058154309864295,0.0,0.0,0.0,0.0,21.470808777707983,-25.011061906094163,False,True,False,True,True,0.0
2022-10-03 00:00:00+00:00,60.5921597869,61.0462766161,59.1742031568,60.3326644559,2560483,,,,,,,,,70.1143291195765,72.1602540526251,"rgba(255, 26, 202, 1.0)",5.125894884133708,72.1602540526251,-2.2567950625620665,3,0.2614505394305919,0.7843516182917756,0.0,0.0,0.0,0.0,24.729407842735803,-25.011061906094163,False,True,False,True,True,0.0
2022-10-04 00:00:00+00:00,59.6653907476,61.4725903742,58.7571570892,60.5736244061,4330913,,,,,,,,,69.75457433860201,71.87321056301109,"rgba(255, 26, 202, 1.0)",5.328722245255695,71.87321056301109,-2.2909469200200925,2,0.33240222609353975,0.6648044521870795,0.0,0.0,0.0,0.0,26.084562171052433,-29.794755743241275,False,True,False,True,True,0.0
2022-10-05 00:00:00+00:00,57.7562465268,58.9332432066,57.1631143416,58.8405663027,3007115,,,,,,,,,69.47104313113425,71.64540014604223,"rgba(255, 26, 202, 1.0)",5.581124595853659,71.64540014604223,-2.4885940782545504,2,0.32183621884328706,0.6436724376865741,0.0,0.0,0.0,0.0,25.53904935253375,-29.794755743241275,False,True,False,True,True,0.0
2022-10-06 00:00:00+00:00,55.3837177863,57.6264988613,55.2076316688,57.4411450534,2802128,,,,,,,,,69.17771038072038,71.40893061592274,"rgba(255, 26, 202, 1.0)",5.899599264576901,71.40893061592274,-2.7163222637583706,2,0.30998913511292303,0.6199782702258461,0.0,0.0,0.0,0.0,23.781349717245433,-29.794755743241275,False,True,False,True,True,0.0
2022-10-07 00:00:00+00:00,54.3086657007,55.3744500959,53.9008873234,55.0500809321,2773421,,,,,,,,,68.86700165320019,71.1579352901866,"rgba(255, 26, 202, 1.0)",6.22928735415057,71.1579352901866,-2.7048470605967383,2,0.2986486608180516,0.5972973216361032,0.0,0.0,0.0,0.0,22.078825050646444,-29.794755743241275,False,True,False,True,False,0.0
2022-10-10 00:00:00+00:00,53.1687397824,54.2901303199,53.159472092,53.891619633,3556187,,,,,,,,,68.46120067507132,70.82939114838372,"rgba(255, 26, 202, 1.0)",6.56220922363133,70.82939114838372,-2.691266121535034,2,0.28793766213722927,0.5758753242744585,0.0,0.0,0.0,0.0,20.42129595862178,-29.794755743241275,False,True,False,True,False,0.0
2022-10-11 00:00:00+00:00,53.9101550138,54.1557488092,52.3804300376,53.3865305067,3054786,,,,,,,,,68.12811528992162,70.55882785869834,"rgba(255, 26, 202, 1.0)",6.825946134967027,70.55882785869834,-2.4390278674501666,2,0.2789446323913278,0.5578892647826555,0.0,0.0,0.0,0.0,20.881710955729964,-29.794755743241275,False,True,False,True,False,0.0
2022-10-12 00:00:00+00:00,53.6691950636,54.0399026793,52.7516937148,53.678462754,2439475,,,,,,,,,67.87265841925324,70.35061512943456,"rgba(255, 26, 202, 1.0)",7.076409192332347,70.35061512943456,-2.357328358556446,2,0.27061464286955395,0.5412292857391079,0.0,0.0,0.0,0.0,21.04438035108809,-29.794755743241275,False,True,False,True,False,0.0
2022-10-13 00:00:00+00:00,54.8369240531,54.9110655762,52.3624507183,52.8072998571,2622996,,,,,,,,,67.6178720183459,68.79992025008673,"rgba(255, 0, 0, 1.0)",7.273787270446132,68.79992025008673,-1.9196321912958998,2,0.26458161599080676,0.5291632319816135,0.0,0.0,0.0,0.0,23.661093400352904,-29.794755743241275,False,True,False,True,True,0.0
2022-10-14 00:00:00+00:00,53.6043212309,55.5134654518,53.511644327,55.5134654518,2731174,,,,,,,,,67.36561701953363,68.617068731565,"rgba(255, 26, 202, 1.0)",7.486346315701006,68.617068731565,-2.0053503895724116,2,0.2583069862729298,0.5166139725458596,0.0,0.0,0.0,0.0,24.442375311259365,-29.794755743241275,False,True,False,True,True,0.0
2022-10-17 00:00:00+00:00,55.5876069749,55.6802838788,53.9564934658,54.4476810566,2579615,,,,,,,,,67.15102639662324,68.47984735084943,"rgba(255, 0, 0, 1.0)",7.637067417904953,68.47984735084943,-1.688113993301123,2,0.25453317626286787,0.5090663525257357,0.0,0.0,0.0,0.0,28.672419271729115,-26.246056070551173,False,True,False,True,True,0.0
2022-10-18 00:00:00+00:00,56.227077612,57.0426343665,55.6339454269,56.3568252775,2359862,,,,,,,,,66.98045674378757,68.38474453725951,"rgba(255, 0, 0, 1.0)",7.7511952609776635,68.38474453725951,-1.568489312411677,2,0.251842178785039,0.503684357570078,0.0,0.0,0.0,0.0,32.55356547786724,-22.63739822968776,False,False,False,True,True,0.0
2022-10-19 00:00:00+00:00,54.9852070994,56.0787945657,54.7998532915,55.5876069749,1709100,,,,,,,,,66.84882781155154,68.28885292553656,"rgba(255, 0, 0, 1.0)",7.892476035489071,68.28885292553656,-1.6856111778250304,2,0.24855854249804954,0.4971170849960991,0.0,0.0,0.0,0.0,33.829234393674575,-21.513069651984168,False,False,False,True,True,0.0
2022-10-20 00:00:00+00:00,54.6608379356,55.5227331421,54.3086657007,54.975939409,1832455,,,,,,,,,66.7054987603872,68.17771850872091,"rgba(255, 0, 0, 1.0)",8.036259263517762,68.17771850872091,-1.6819866221195168,2,0.24614645588042575,0.4922929117608515,0.0,0.0,0.0,0.0,34.3488598389327,-20.99344644957908,False,False,False,True,True,0.0
2022-10-21 00:00:00+00:00,53.6413919924,54.739613304,53.0204567361,54.5866964125,5553045,,,,,,,,,66.25537019285561,67.80428768764672,"rgba(255, 0, 0, 1.0)",8.19215613687851,67.80428768764672,-1.7288361523640667,2,0.24300274892658094,0.4860054978531619,0.0,0.0,0.0,0.0,33.67866089532684,-20.99344644957908,False,False,False,True,True,0.0
2022-10-24 00:00:00+00:00,53.2984874479,54.2762287843,52.5107337645,54.0028319178,3645660,,,,,,,,,65.96672596398615,67.56399128391638,"rgba(255, 0, 0, 1.0)",8.339309993915418,67.56399128391638,-1.7106335951565381,2,0.239699812020933,0.479399624041866,0.0,0.0,0.0,0.0,32.898753247532866,-20.99344644957908,False,False,False,True,True,0.0
2022-10-25 00:00:00+00:00,55.9397792098,55.9953853522,53.5765181597,53.5765181597,2659853,,,,,,,,,65.79322371076825,67.43369056677915,"rgba(239, 83, 80, 1.0)",8.416735838474036,67.43369056677915,-1.365602007424176,2,0.23854362208644686,0.4770872441728937,0.0,0.0,0.0,0.0,37.127932952866466,-18.086595077238044,False,False,False,True,True,0.0
2022-10-26 00:00:00+00:00,55.9768499714,56.8063082615,55.7636930924,56.0787945657,3869899,,,,,,,,,65.5736371379931,67.27618939226657,"rgba(239, 83, 80, 1.0)",8.480814673435463,67.27618939226657,-1.3323412733283282,2,0.23732536941945928,0.47465073883891856,0.0,0.0,0.0,0.0,40.00530622023312,-15.380453558291315,True,False,False,True,True,0.0
2022-10-27 00:00:00+00:00,55.5505362133,57.1445789609,55.3003085727,56.486572943,2349352,,,,,,,,,65.44264292858685,67.17848510011245,"rgba(239, 83, 80, 1.0)",8.55024502050115,67.17848510011245,-1.3599550491163483,2,0.23582757655004571,0.47165515310009143,0.0,0.0,0.0,0.0,41.33131226585758,-14.134254514579283,True,False,False,True,True,0.0
2022-10-28 00:00:00+00:00,56.9962959146,57.172382032,55.2817731919,55.6154100461,2167793,,,,,,,,,65.33095789867394,67.09637333339755,"rgba(239, 83, 80, 1.0)",8.604826786402045,67.09637333339755,-1.1737688241160658,2,0.23606306633134144,0.4721261326626829,0.0,0.0,0.0,0.0,44.5776680799803,-11.062028581282725,True,False,False,False,True,0.0
2022-10-31 00:00:00+00:00,56.5699821565,57.3855389111,56.2178099216,56.3568252775,2275537,,,,,,,,,65.21979113841971,67.01446490225104,"rgba(239, 83, 80, 1.0)",8.648680264235233,67.01446490225104,-1.2076389028904169,1,0.11177720174291753,0.11177720174291753,0.0,0.0,0.0,0.0,46.07085336612605,-9.657540690076644,True,False,False,False,True,0.0
2022-11-01 00:00:00+00:00,55.6988192596,56.6163206085,55.4763946902,56.2641483736,1806365,,,,,,,,,65.12551083591312,66.94089325312682,"rgba(239, 83, 80, 1.0)",8.70467996068594,66.94089325312682,-1.2914976822009347,1,0.11084141046353366,0.11084141046353366,0.0,0.0,0.0,0.0,45.73530012649014,-9.657540690076644,True,False,False,False,True,0.0
2022-11-02 00:00:00+00:00,54.5496256509,56.2826837543,54.503287199,55.6988192596,2287805,,,,,,,,,64.99842486725566,66.83752495585078,"rgba(239, 83, 80, 1.0)",8.757533641321887,66.83752495585078,-1.4031232774226619,1,0.10962739613647428,0.10962739613647428,0.0,0.0,0.0,0.0,43.92483511124375,-9.657540690076644,True,False,False,True,True,0.0
2022-11-03 00:00:00+00:00,54.1233118929,54.5681610317,52.9185121418,53.9008873234,2578404,,,,,,,,,64.84149579793616,66.704424948831,"rgba(239, 83, 80, 1.0)",8.81818698645861,66.704424948831,-1.4267233247889644,1,0.10812174682259688,0.10812174682259688,0.0,0.0,0.0,0.0,42.16268556469941,-9.657540690076644,True,False,False,True,False,0.0
2022-11-04 00:00:00+00:00,56.486572943,56.9221543914,54.4152441402,54.5866964125,3315024,,,,,,,,,64.68300638767165,66.5779546409007,"rgba(239, 83, 80, 1.0)",8.831882390138384,66.5779546409007,-1.1426082518001672,1,0.10714906052258523,0.10714906052258523,0.0,0.0,0.0,0.0,45.1046573305758,-9.657540690076644,True,False,False,True,False,0.0
2022-11-07 00:00:00+00:00,56.959225153,57.7562465268,56.2826837543,57.2279881744,2523920,,,,,,,,,64.5802264932967,66.49856372581375,"rgba(239, 83, 80, 1.0)",8.811633260685756,66.49856372581375,-1.0825846117966291,1,0.10635826497922853,0.10635826497922853,0.0,0.0,0.0,0.0,47.75869482505868,-7.962741058190453,True,False,False,False,True,0.0
2022-11-08 00:00:00+00:00,61.6394088013,63.520749951,60.0824368153,60.5828920965,5087366,,,,,,,,,64.50585529043138,66.47067493336918,"rgba(239, 83, 80, 0.5)",8.718199023217679,66.47067493336918,-0.5541587338397417,1,0.10615292228734687,0.10615292228734687,0.0,0.0,0.0,0.0,54.47064858189037,-1.72457337817535,True,False,True,False,True,0.0
2022-11-09 00:00:00+00:00,61.6301411109,63.1639438709,61.3613780895,61.3984488511,4330426,,,,,,,,,64.45221088121065,66.44846252039424,"rgba(239, 83, 80, 0.5)",8.604318247623572,66.44846252039424,-0.55998874876868,1,0.10595932343170426,0.10595932343170426,0.0,0.0,0.0,0.0,58.92972074628198,2.2059808291739245,True,False,True,False,True,0.0
2022-11-10 00:00:00+00:00,64.9294388907,65.7449956452,63.1593100257,63.1685777161,4430126,,,,,,,,,64.45568963109079,66.47814623679632,#000000,8.480747095365997,66.47814623679632,-0.18261449477046166,1,0.10604641158511237,0.10604641158511237,0.0,0.0,0.0,0.0,64.17629891782667,6.835088347285719,True,False,True,False,True,0.0
2022-11-11 00:00:00+00:00,66.3381278303,66.4771431862,65.1611311505,65.1611311505,3012067,,,,,,,,,64.47820495916022,66.47449368442477,#000000,8.324280843628305,66.47449368442477,-0.016381697913178294,1,0.10625752596981031,0.10625752596981031,0.0,0.0,0.0,0.0,68.43914246516334,10.517818383308736,True,False,True,False,True,0.9533144738545545
2022-11-14 00:00:00+00:00,65.1425957697,66.3288601399,65.0035804138,65.7913340972,2378397,,,,,,,,,64.48979799527663,66.47657119227033,#000000,8.151458907268356,66.47657119227033,-0.16364867169739103,1,0.10661536942682538,0.10661536942682538,0.0,0.0,0.0,0.0,69.28002009470225,11.10580305202533,True,False,True,False,True,0.0
2022-11-15 00:00:00+00:00,64.7904235348,66.0044909762,64.0490083034,65.9488848338,2800193,,,,,,,,,64.49588650534267,66.46865522788477,#000000,7.978290520763718,66.46865522788477,-0.2103497846709298,1,0.1071655886119141,0.1071655886119141,0.0,0.0,0.0,0.0,69.25752271530082,11.132872363843752,True,False,True,False,True,0.0
2022-11-16 00:00:00+00:00,63.2056484776,64.7209158568,62.9739562178,64.6514081789,2600130,,,,,,,,,64.48537516755162,66.43083678292749,#000000,7.8476111007021645,66.43083678292749,-0.41097708129788846,1,0.10764161845833667,0.10764161845833667,0.0,0.0,0.0,0.0,66.73355878918024,11.132872363843752,True,False,True,False,True,0.0
2022-11-17 00:00:00+00:00,62.3993594135,62.8763329342,61.4267075281,62.2590730839,2407508,,,,,,,,,64.46025165150924,66.37334513946615,"rgba(239, 83, 80, 0.5)",7.736928527965405,66.37334513946615,-0.513638676071782,1,0.10806002322774255,0.10806002322774255,0.0,0.0,0.0,0.0,63.87127233540831,11.132872363843752,True,False,True,False,False,0.0
2022-11-18 00:00:00+00:00,63.3907161428,63.5777645822,62.2403682399,63.4561830966,3804992,,,,,,,,,64.43614902892877,66.33212693102692,#000000,7.643734137252062,66.33212693102692,-0.384813330161737,1,0.10862199637094537,0.10862199637094537,0.0,0.0,0.0,0.0,62.96763678062716,11.132872363843752,True,False,True,False,False,0.0
2022-11-21 00:00:00+00:00,63.7648130217,63.8209275536,62.558350587,63.3533064549,2267054,,,,,,,,,64.42536796987942,66.31745280080797,#000000,7.551676483546667,66.31745280080797,-0.3380229257264362,1,0.10912398583113661,0.10912398583113661,0.0,0.0,0.0,0.0,62.74094291541422,11.132872363843752,True,False,True,False,False,0.0
2022-11-22 00:00:00+00:00,64.391425294,64.5317116236,63.4842403625,63.7648130217,1885715,,,,,,,,,64.42292680709814,66.31700629323652,#000000,7.439557281396457,66.31700629323652,-0.25883005216609756,1,0.10979904176507072,0.10979904176507072,0.0,0.0,0.0,0.0,63.227885535020306,11.132872363843752,True,False,True,False,False,0.0
2022-11-23 00:00:00+00:00,64.8590463927,64.9665992455,63.9612138832,64.0547381029,1577374,,,,,,,,,64.42413605832341,66.32164060867566,#000000,7.302378846433206,66.32164060867566,-0.20029010364068744,1,0.11040802812822662,0.11040802812822662,0.0,0.0,0.0,0.0,64.02982925207856,11.132872363843752,True,False,True,False,False,0.0
2022-11-25 00:00:00+00:00,65.0273899883,65.2144384278,64.5176829907,64.9525706125,956614,,,,,,,,,64.4262322126556,66.32636358403433,#000000,7.145427125951546,66.32636358403433,-0.1817908954688754,1,0.11096008877229079,0.11096008877229079,0.0,0.0,0.0,0.0,64.74308501568946,11.132872363843752,True,False,True,False,False,0.0
2022-11-28 00:00:00+00:00,62.3245400377,65.3173150695,61.9972052686,64.7094076412,3256692,,,,,,,,,64.40901461613458,66.30295314023591,"rgba(239, 83, 80, 0.5)",7.025224992426927,66.30295314023591,-0.5663040125867256,1,0.11141618818531102,0.11141618818531102,0.0,0.0,0.0,0.0,60.45596707785927,16.733400024861425,True,False,True,False,False,0.0
2022-11-29 00:00:00+00:00,64.7187600631,64.756169751,62.4835312112,62.558350587,2401826,,,,,,,,,64.40463459392427,66.29859919494872,#000000,6.8683741225616854,66.29859919494872,-0.2300164644000908,1,0.11207505911068055,0.11207505911068055,0.0,0.0,0.0,0.0,60.38595960442181,16.422948165815,True,False,True,False,False,0.0
2022-11-30 00:00:00+00:00,66.4302532845,66.8978743832,64.1763195886,64.6252358434,9642543,,,,,,,,,64.46173319061855,66.37777321607759,#000000,6.736243455581866,66.37777321607759,0.007790702454336795,1,0.11278726117249799,0.11278726117249799,0.0,0.0,0.0,0.0,61.9327407789729,16.422948165815,True,False,True,False,False,1.5015545018120413
2022-12-01 00:00:00+00:00,66.3928435966,67.5244866555,65.9906894517,66.8230550074,3345668,,,,,,,,,64.49144061819916,66.4294085613748,#000000,6.621776120392423,66.4294085613748,-0.0055219270645819225,1,0.11357797914070768,0.11357797914070768,1.0,0.0,67.52449,263.0,62.90144052067201,16.422948165815,True,False,True,False,False,1.4485051143375465
2022-12-02 00:00:00+00:00,66.4770153943,66.8978743832,65.148971474,65.8316982781,2195061,,,,,,,,,64.50639503137782,66.43147367596325,#000000,6.483798192185221,66.43147367596325,0.00702392594384578,1,0.11431865174111203,0.11431865174111203,0.0,0.0,0.0,0.0,63.6302743911277,16.422948165815,True,False,True,False,True,1.565419290906874
2022-12-05 00:00:00+00:00,65.6446498386,66.5583814655,65.4201917112,65.9439273418,2979113,,,,,,,,,64.52269414207265,66.43177542715668,#000000,6.370338705050944,66.43177542715668,-0.12356102634426282,1,0.1148328439851577,0.1148328439851577,0.0,0.0,0.0,0.0,62.563805238954075,16.422948165815,True,False,True,False,True,0.3567177734476523
2022-12-06 00:00:00+00:00,63.7835178657,65.9532797638,63.5310024724,65.9532797638,3516491,,,,,,,,,64.52130598165974,66.38599360091594,#000000,6.253621764798658,66.38599360091594,-0.4161549631711264,1,0.1154790740298122,0.1154790740298122,0.0,0.0,0.0,0.0,58.83839493868603,13.96645574679468,True,False,True,False,False,0.0
2022-12-07 00:00:00+00:00,60.7907428339,61.7072801874,59.8742054804,60.5943419724,10394978,,,,,,,,,64.37438954246775,66.04108535445584,"rgba(239, 83, 80, 0.5)",6.1296410360961735,66.04108535445584,-0.8565497538334919,1,0.11589690452129746,0.11589690452129746,0.0,0.0,0.0,0.0,52.76964924476086,8.264926496949393,True,False,False,False,False,0.0
2022-12-08 00:00:00+00:00,61.4454123721,62.3525973036,60.8188000998,60.9777912734,3756808,,,,,,,,,64.33459933510724,65.97303479800341,"rgba(239, 83, 80, 0.5)",6.038501847098378,65.97303479800341,-0.7497923393165845,1,0.11662550741034755,0.11662550741034755,0.0,0.0,0.0,0.0,49.67267528466985,5.5283985293606435,True,False,False,False,False,0.0
2022-12-09 00:00:00+00:00,62.3525973036,62.7173417606,61.0572868601,61.3612405743,2779473,,,,,,,,,64.3110454693996,65.93616239179867,"rgba(239, 83, 80, 0.5)",5.935100202059149,65.93616239179867,-0.6037918427991119,2,0.1089278802820762,0.2178557605641524,0.0,0.0,0.0,0.0,48.89122160771053,4.899716730144199,False,False,False,True,False,0.0
2022-12-12 00:00:00+00:00,61.473469638,62.558350587,60.7813904119,62.3713021475,3023784,,,,,,,,,64.28112264714429,65.89021331331082,"rgba(239, 83, 80, 0.5)",5.797600538672749,65.89021331331082,-0.7618226964498586,2,0.10956927985739154,0.21913855971478308,0.0,0.0,0.0,0.0,47.30239815582598,3.382484172059428,False,False,False,True,False,0.0
2022-12-13 00:00:00+00:00,61.9691480026,63.657260169,60.9497340074,63.4281258307,4433504,,,,,,,,,64.24780004200514,65.84255386694633,"rgba(239, 83, 80, 0.5)",5.687168018511306,65.84255386694633,-0.6810781485158668,2,0.11055129122505009,0.22110258245010017,0.0,0.0,0.0,0.0,46.993579960151806,2.980225446268129,False,False,False,True,False,0.0
2022-12-14 00:00:00+00:00,62.9885619979,64.1389099007,61.7166326093,61.9223858928,3234416,,,,,,,,,64.23284891532214,65.82306280268575,"rgba(239, 83, 80, 0.5)",5.5825379123852565,65.82306280268575,-0.5077441209126791,2,0.11191909859149016,0.22383819718298031,0.0,0.0,0.0,0.0,48.280812123711314,2.980225446268129,False,False,False,True,False,0.0
2022-12-15 00:00:00+00:00,62.7734562924,63.2130201252,61.9879463708,62.3245400377,2512503,,,,,,,,,64.21890270065813,65.80415329504913,"rgba(239, 83, 80, 0.5)",5.489639549330311,65.80415329504913,-0.5520757739037444,2,0.113561965717078,0.227123931434156,0.0,0.0,0.0,0.0,48.81654638481815,2.980225446268129,False,False,False,False,False,0.0
2022-12-16 00:00:00+00:00,60.1547781396,62.2497206619,59.4626989135,61.7727471412,8289868,,,,,,,,,64.11679250190085,65.66093083684912,"rgba(239, 83, 80, 1.0)",5.382305091665099,65.66093083684912,-1.0230101422113378,2,0.11504391995931393,0.23008783991862786,0.0,0.0,0.0,0.0,45.7979898410012,1.4089764833187957,False,False,False,True,False,0.0
2022-12-19 00:00:00+00:00,59.5749279772,60.2483023593,59.0044302367,60.0331966539,2413182,,,,,,,,,64.07984379807279,65.61044078276248,"rgba(239, 83, 80, 1.0)",5.272627096207598,65.61044078276248,-1.1446879696657477,2,0.11699993252541191,0.23399986505082382,0.0,0.0,0.0,0.0,43.16117677746995,-1.1969362508110422,False,False,False,True,False,0.0
2022-12-20 00:00:00+00:00,59.4346416476,59.7900336826,58.5648664039,58.9296108609,2380573,59.26318057803333,,,,,,,,64.04120741031248,65.13866422668303,"rgba(239, 83, 80, 1.0)",5.1737626689755585,65.13866422668303,-1.102490188289303,2,0.11924774905684263,0.23849549811368526,0.0,0.0,0.0,0.0,41.24690982225964,-3.086941480217263,False,True,False,True,False,0.0
2022-12-21 00:00:00+00:00,59.8274433705,60.8745405348,59.5047848124,59.9209675902,1777251,59.60759302982142,,,,,,,,64.01756102122006,65.13251700571365,"rgba(239, 83, 80, 1.0)",5.0568081331258545,65.13251700571365,-1.0490952979729395,2,0.12165044881641537,0.24330089763283075,0.0,0.0,0.0,0.0,40.737136551184534,-3.6947782440477965,False,True,False,True,False,0.0
2022-12-22 00:00:00+00:00,60.3511790011,60.388588689,58.920258439,59.0792496125,1737888,59.68985855789891,,,,,,,,63.99365430221954,65.10876671500364,"rgba(239, 83, 80, 0.5)",4.894760499347453,65.10876671500364,-0.9719755878837992,1,0.11402598804447864,0.11402598804447864,0.0,0.0,0.0,0.0,41.42468952855411,-3.6947782440477965,False,True,False,True,False,0.0
2022-12-23 00:00:00+00:00,60.8562097877,60.8655622097,59.659099775,60.2202450934,1148144,59.815438484005185,,,,,,,,63.98019624398096,65.10093491254104,"rgba(239, 83, 80, 0.5)",4.757983874333035,65.10093491254104,-0.892126841315966,1,0.1156320640601327,0.1156320640601327,0.0,0.0,0.0,0.0,42.86392224182805,-3.6947782440477965,False,True,False,True,False,0.0
2022-12-27 00:00:00+00:00,61.6698704995,62.0533198004,60.7065710361,60.8468573657,1758024,60.14722432470989,,,,,,,,63.96567968952176,65.1060786170148,"rgba(239, 83, 80, 0.5)",4.579275600913586,65.1060786170148,-0.7503824659143168,1,0.11703227489280654,0.11703227489280654,0.0,0.0,0.0,0.0,45.3345266579856,-3.6947782440477965,False,True,False,True,True,0.0
2022-12-28 00:00:00+00:00,60.6411040823,62.3058351937,60.4400270098,61.7914519851,1648275,60.30207540373833,,,,,,,,63.950342020568364,65.09833402167762,"rgba(239, 83, 80, 1.0)",4.3646729031153955,65.09833402167762,-1.021205950209043,1,0.11837476736807301,0.11837476736807301,0.0,0.0,0.0,0.0,45.23690844450497,-3.6947782440477965,False,True,False,True,True,0.0
2022-12-29 00:00:00+00:00,61.5669938577,61.9504431587,60.5569322845,61.2303066667,1421999,60.42856456218952,,,,,,,,63.93830642671363,65.09271281772119,"rgba(239, 83, 80, 0.5)",4.23278463975805,65.09271281772119,-0.832954959934538,1,0.12014351142329505,0.12014351142329505,0.0,0.0,0.0,0.0,46.88352500110961,-8.050184041478374,False,False,False,True,True,0.0
2022-12-30 00:00:00+00:00,61.3051260425,61.7353374533,60.5756371285,61.3892978402,1189669,60.49931560746102,,,,,,,,63.9277317030567,65.08505606858775,"rgba(239, 83, 80, 0.5)",4.125808287386086,65.08505606858775,-0.9161671514510747,1,0.12238628900013089,0.12238628900013089,0.0,0.0,0.0,0.0,47.50880768353035,-7.258154545505903,False,False,False,False,True,0.0
2023-01-03 00:00:00+00:00,62.6144651189,62.8248946133,61.2396590886,62.202958552,3086360,60.82939718945767,,,,,,,,63.91082238808729,65.08796912291155,"rgba(239, 83, 80, 0.5)",4.050954353721306,65.08796912291155,-0.6105978463418931,1,0.12512950746032056,0.12512950746032056,0.0,0.0,0.0,0.0,50.22245985795906,-4.52242803650654,False,False,False,False,True,0.0
2023-01-04 00:00:00+00:00,64.382072872,64.9151609246,63.1194959055,63.306544345,2263692,61.236293143744646,,,,,,,,63.91247297956434,65.1180931900407,#000000,3.991548319495418,65.1180931900407,-0.18439469076344375,1,0.1272911565467345,0.1272911565467345,0.0,0.0,0.0,0.0,54.49227794392813,-0.46129628384789356,False,False,True,False,True,0.41636288111273956
2023-01-05 00:00:00+00:00,63.0259716858,64.1763195886,62.371489196,63.6993460679,1761767,61.40702068861183,,,,,,,,63.90843379644811,65.12511154748627,"rgba(239, 83, 80, 0.5)",3.9474376913300735,65.12511154748627,-0.5317727664952633,1,0.1302363169026231,0.1302363169026231,0.0,0.0,0.0,0.0,54.75096254024089,-0.23149051792188402,False,False,True,False,True,0.0
2023-01-06 00:00:00+00:00,65.2612005376,65.4669538211,63.0353241077,63.3439540329,1685007,61.6522178861737,,,,,,,,63.912053590794045,65.14617383659812,#000000,3.960148660109342,65.14617383659812,0.029046056316154777,1,0.13289997639766576,0.13289997639766576,0.0,0.0,0.0,0.0,57.64535947225985,2.5400534002758874,True,False,True,False,True,1.6718581373064367
2023-01-09 00:00:00+00:00,64.7842270169,65.7568789023,64.6719979533,65.5511256189,2207383,61.96579836955215,,,,,,,,63.920086906215275,65.17687838180123,#000000,3.9721561984628613,65.17687838180123,-0.09885093769806284,1,0.13536024918627076,0.13536024918627076,0.0,0.0,0.0,0.0,58.706137357931496,3.56893259343196,True,False,True,False,True,0.9735870821710755
2023-01-10 00:00:00+00:00,64.5223592017,64.5410640456,63.5590597383,64.2698438084,2091086,62.14500691370759,,,,,,,,63.92196176403061,65.19094638733593,#000000,3.9880100598705157,65.19094638733593,-0.16764932274459618,1,0.13845199576511613,0.13845199576511613,0.0,0.0,0.0,0.0,58.922365848754964,3.8876903058982037,True,False,True,False,True,0.5879291412563958
2023-01-11 00:00:00+00:00,67.1784470424,67.323409583,65.0315985782,65.0928569421,2144696,62.47587098244346,,,,,,,,63.93916983203402,65.23297015947192,#000000,4.064305191164441,65.23297015947192,0.47867391630860506,1,0.1406431157245334,0.1406431157245334,0.0,0.0,0.0,0.0,61.9482033220459,6.872427603190616,True,False,True,False,True,4.302250441786043
2023-01-12 00:00:00+00:00,67.4309624357,68.0201650201,66.944636493,67.337438216,2403154,62.86636991790113,,,,,,,,63.96523464332193,65.28879312474169,"rgba(38, 166, 154, 0.5)",4.146554652678398,65.28879312474169,0.5166142714589835,2,0.24770953351704905,0.4954190670340981,0.0,0.0,0.0,0.0,64.19752717365276,9.046759781577244,True,False,True,False,True,4.642943346512087
2023-01-13 00:00:00+00:00,66.5424823481,67.2906761061,66.243204845,66.9165792271,1376855,63.030559610097285,,,,,,,,63.97673470241438,65.31251647626215,#000000,4.2060227850066045,65.31251647626215,0.2924296739956716,2,0.2519701232031735,0.503940246406347,0.0,0.0,0.0,0.0,63.91842590139779,9.046759781577244,True,False,True,False,True,3.2884129537214264
2023-01-17 00:00:00+00:00,67.0662179787,67.4216100137,66.4489581284,66.6734162558,1583042,63.21622600477297,,,,,,,,63.99122159597028,65.34085179967894,#000000,4.274427717530944,65.34085179967894,0.40364846314857844,2,0.25462918050588595,0.5092583610117719,0.0,0.0,0.0,0.0,64.31799387141578,9.389907490174416,True,False,True,False,True,4.014600553811398
2023-01-18 00:00:00+00:00,67.0101034469,67.7957068927,66.7388832096,67.5338390774,2985070,63.539195555221085,,,,,,,,64.01998909747792,65.39356051683045,#000000,4.332920421270653,65.39356051683045,0.373083918673839,2,0.2577024183077501,0.5154048366155002,0.0,0.0,0.0,0.0,64.46239542316712,9.766764179476816,True,False,True,False,True,3.9272182604017765
2023-01-19 00:00:00+00:00,67.0101034469,67.5993060313,66.6734162558,66.6734162558,2002237,63.723353694954,,,,,,,,64.03847119437926,65.42540331817746,#000000,4.392371446016429,65.42540331817746,0.36078463495152635,2,0.26211820507441097,0.5242364101488219,0.0,0.0,0.0,0.0,64.55866312433469,10.146870952282264,True,False,True,False,True,3.9272182604017765
2023-01-20 00:00:00+00:00,68.1136892399,68.1885086156,66.6734162558,67.1784470424,1843721,63.90251709827704,,,,,,,,64.05840112065702,65.45842593170133,"rgba(38, 166, 154, 0.5)",4.4734718130260305,65.45842593170133,0.5935576257498639,2,0.2647814500474484,0.5295629000948968,0.0,0.0,0.0,0.0,66.00875109725035,11.795778509760503,True,False,True,False,True,5.501101878211454
2023-01-23 00:00:00+00:00,69.4697904261,69.6942485535,67.5244866555,68.0108125981,2051207,64.14326268323724,,,,,,,,64.08785191754399,65.50589016368535,"rgba(38, 166, 154, 0.5)",4.579899639901493,65.50589016368535,0.8654993720560898,2,0.2662537618457162,0.5325075236914324,0.0,0.0,0.0,0.0,68.40061654107899,14.243418005535474,True,False,True,False,True,7.378742460789585
2023-01-24 00:00:00+00:00,70.0309357446,70.0683454325,68.7403015121,69.0489314373,1528134,64.33291087373517,,,,,,,,64.11279771621751,65.54509141573632,"rgba(38, 166, 154, 0.5)",4.680742498370247,65.54509141573632,0.9583616980480278,2,0.2666680907892019,0.5333361815784038,0.0,0.0,0.0,0.0,70.52171924449078,16.34197186794634,True,False,True,False,True,8.141433731995871
2023-01-25 00:00:00+00:00,69.0769887032,69.9935260567,68.6514535034,69.8625921491,1502814,64.49473062117323,,,,,,,,64.1354647161912,65.57966894967394,"rgba(38, 166, 154, 0.5)",4.7192724330550675,65.57966894967394,0.7410718078129752,2,0.2682491967933902,0.5364983935867804,0.0,0.0,0.0,0.0,69.46302570385255,16.34197186794634,True,False,True,False,True,6.545955783512149
2023-01-26 00:00:00+00:00,69.3762662064,69.5866957008,68.8618829978,69.3762662064,1274776,64.62479122912866,,,,,,,,64.154663811313,65.60833330069062,"rgba(38, 166, 154, 0.5)",4.736456700797025,65.60833330069062,0.7955172281159753,2,0.2695803365331021,0.5391606730662042,0.0,0.0,0.0,0.0,69.11760273635105,16.34197186794634,True,False,True,False,True,6.963917330278058
2023-01-27 00:00:00+00:00,70.3208608258,70.6762528608,68.7122442462,69.4884952701,2091629,64.85035926412982,,,,,,,,64.18968326955384,65.65983119612322,"rgba(38, 166, 154, 0.5)",4.740690069381726,65.65983119612322,0.9831964463951258,2,0.2695427780497577,0.5390855560995154,0.0,0.0,0.0,0.0,69.9723462359529,16.34197186794634,True,False,True,False,True,8.276010106055491
2023-01-30 00:00:00+00:00,69.6942485535,70.4050326236,69.6381340217,70.0122309007,2349641,65.08224067728652,,,,,,,,64.22858069440684,65.71530621079928,"rgba(38, 166, 154, 0.5)",4.73728614307203,65.71530621079928,0.8399202037900246,2,0.27039001193953655,0.5407800238790731,0.0,0.0,0.0,0.0,68.87041191448273,16.34197186794634,True,False,True,False,False,7.202911093858841
2023-01-31 00:00:00+00:00,70.1805744962,70.236689028,69.0769887032,69.5633146459,2601955,65.31151804311556,,,,,,,,64.27043718165108,65.77303969584082,"rgba(38, 166, 154, 0.5)",4.729355034643325,65.77303969584082,0.9319526168099531,2,0.27211407449534686,0.5442281489906937,0.0,0.0,0.0,0.0,68.7620728024844,16.34197186794634,True,False,True,False,False,7.887805768557268
2023-02-01 00:00:00+00:00,70.0309357446,70.5359665312,68.7683587781,70.1151075424,2266486,65.4917836159724,,,,,,,,64.30604814317525,65.8206944905697,"rgba(38, 166, 154, 0.5)",4.734970826845694,65.8206944905697,0.8891799776589233,2,0.27278361065172624,0.5455672213034525,0.0,0.0,0.0,0.0,68.26211526503725,16.34197186794634,True,False,True,False,False,7.625734964007599
2023-02-02 00:00:00+00:00,71.3309223991,71.7541194934,69.9748212128,70.6014334851,1930798,65.67551865889911,,,,,,,,64.34282416429534,66.19199740592094,"rgba(38, 166, 154, 1.0)",4.7321191283257,66.19199740592094,1.0859669534560712,2,0.27338258751171074,0.5467651750234215,0.0,0.0,0.0,0.0,69.58478706695661,16.34197186794634,True,False,True,False,False,9.462635799471727
2023-02-03 00:00:00+00:00,70.9100634102,70.9661779421,69.507200114,70.2928035599,1648659,65.80758438398352,,,,,,,,64.3713074005085,66.21071820378741,"rgba(38, 166, 154, 0.5)",4.75414452042978,66.21071820378741,0.9884733596587765,2,0.2751044142485142,0.5502088284970283,0.0,0.0,0.0,0.0,69.2321668329298,16.34197186794634,True,False,True,False,False,8.708700790281863
2023-02-06 00:00:00+00:00,69.6942485535,70.4798519994,68.9086451077,70.0776978545,1987104,65.93269889915427,,,,,,,,64.40100821130174,66.22172893725258,"rgba(38, 166, 154, 0.5)",4.755079726370329,66.22172893725258,0.730275792641249,2,0.27511123253320785,0.5502224650664157,0.0,0.0,0.0,0.0,65.79692604431222,19.175279888188996,True,False,True,False,False,6.562527823733163
2023-02-07 00:00:00+00:00,70.0683454325,70.7417198147,68.9741120615,69.2827419867,2332541,66.07817350644547,,,,,,,,64.4369734993644,66.25505565853722,"rgba(38, 166, 154, 0.5)",4.729299918661115,66.25505565853722,0.8063116823942809,2,0.27390993562610827,0.5478198712522165,0.0,0.0,0.0,0.0,64.12658070393701,17.61751049941519,True,False,True,False,False,7.109035992021887
2023-02-08 00:00:00+00:00,70.1431648083,70.5546713752,69.4884952701,69.900001837,1650197,66.17822064330409,,,,,,,,64.4627506532414,66.28254719405487,"rgba(38, 166, 154, 0.5)",4.6880512518113,66.28254719405487,0.8235015802682449,2,0.2719375136715231,0.5438750273430462,0.0,0.0,0.0,0.0,63.1419195234898,16.696111889409607,True,False,True,False,False,7.219497610187357
2023-02-09 00:00:00+00:00,69.1985701889,70.6575480169,68.8478543648,70.6575480169,2483482,66.3016665601691,,,,,,,,64.49771765901123,66.31275320307839,"rgba(38, 166, 154, 0.5)",4.592121753414666,66.31275320307839,0.6284278032645255,2,0.2708067231984494,0.5416134463968988,0.0,0.0,0.0,0.0,60.029311274085146,13.788092435653141,False,False,True,False,False,5.531504958081175
2023-02-10 00:00:00+00:00,70.4050326236,70.6949577048,68.787063622,68.9554072176,2016679,66.4068113587796,,,,,,,,64.52794293639658,66.3449724231009,"rgba(38, 166, 154, 0.5)",4.495289669501824,66.3449724231009,0.9031809958865314,2,0.26804695626904096,0.5360939125380819,0.0,0.0,0.0,0.0,60.18300648789511,13.788092435653141,False,False,True,False,False,7.341836827847292
2023-02-13 00:00:00+00:00,70.975530364,71.340274821,70.4050326236,70.5079092653,1298768,66.48854214362451,,,,,,,,64.55058482285638,66.37486938317946,"rgba(38, 166, 154, 1.0)",4.472103411543479,66.37486938317946,1.0287465555794666,2,0.26445482064888304,0.5289096412977661,0.0,0.0,0.0,0.0,61.20755859860022,13.788092435653141,True,False,True,False,False,8.182027104992791
2023-02-14 00:00:00+00:00,70.8445964564,71.4431514628,70.2834511379,70.620138329,1735553,66.59205322390949,,,,,,,,64.58035614900695,66.4124792267533,"rgba(38, 166, 154, 0.5)",4.437921318500981,66.4124792267533,0.9986921604873678,2,0.26106037669610926,0.5221207533922185,0.0,0.0,0.0,0.0,61.52436017917706,13.788092435653141,True,False,True,False,False,7.940815679434028
2023-02-15 00:00:00+00:00,70.8165391905,70.9194158322,69.9561163688,70.1992793402,1864969,66.69067491555059,,,,,,,,64.6105566917202,66.44741931199174,"rgba(38, 166, 154, 0.5)",4.382442441657351,66.44741931199174,0.9969600141185072,2,0.25778910310273795,0.5155782062054759,0.0,0.0,0.0,0.0,61.65108011499972,13.788092435653141,True,False,True,False,False,7.888258925245697
2023-02-16 00:00:00+00:00,72.9956535105,73.4539221873,68.9367023736,69.4136758943,2938056,66.88283598225452,,,,,,,,64.66723476519921,66.83332595375249,"rgba(38, 166, 154, 1.0)",4.403015432373555,66.83332595375249,1.3995698292216883,2,0.2528991467564085,0.505798293512817,1.0,0.0,73.45392,330.0,65.01622713031455,11.322717328851148,True,False,True,False,True,11.097389758319448
2023-02-17 00:00:00+00:00,72.3877460822,73.4118362884,72.1165258449,73.2294640599,2544023,67.06452659158091,,,,,,,,64.7213150637463,66.9262009453829,"rgba(38, 166, 154, 1.0)",4.387879649543665,66.9262009453829,1.2446889096844507,2,0.24898159533906555,0.4979631906781311,0.0,0.0,0.0,0.0,65.50292527633414,11.814920295567191,True,False,True,False,True,9.94117491315501
2023-02-21 00:00:00+00:00,71.8453056077,72.4906227239,70.9194158322,72.1445831108,2300914,67.19463171394527,,,,,,,,64.76419040638291,66.96721077929128,"rgba(38, 166, 154, 1.0)",4.326225889984699,66.96721077929128,1.1275635975693292,2,0.24602701617872536,0.4920540323574507,0.0,0.0,0.0,0.0,64.33719234147199,11.814920295567191,True,False,True,False,True,8.91510428460538
2023-02-22 00:00:00+00:00,70.7230149707,72.8460147589,70.610785907,72.1913452207,2199793,67.30317205213538,,,,,,,,64.8026171392852,66.99911488438283,"rgba(38, 166, 154, 0.5)",4.193738158540245,66.99911488438283,0.8879667603314049,2,0.24379430508202743,0.48758861016405486,0.0,0.0,0.0,0.0,60.81653527670512,14.68027882388543,True,False,True,False,False,6.828262618600423
2023-02-23 00:00:00+00:00,71.2373981793,71.4899135726,70.2273366061,70.9474730981,1680498,67.37447298276678,,,,,,,,64.82987332090107,67.01788417406931,"rgba(38, 166, 154, 1.0)",4.038652862391505,67.01788417406931,1.0447825423480666,2,0.24189051495238056,0.48378102990476113,0.0,0.0,0.0,0.0,59.43590362253701,13.435749660507035,False,False,True,False,False,7.612029852053542
2023-02-24 00:00:00+00:00,70.0215833226,70.7604246586,69.170512923,70.1431648083,1927633,67.4311857247667,,,,,,,,64.85580810738317,67.02336775192086,"rgba(38, 166, 154, 0.5)",3.928883401584965,67.02336775192086,0.7631215447802842,2,0.24055059930284345,0.4811011986056869,0.0,0.0,0.0,0.0,55.866578597645464,10.1472771719057,False,False,True,False,False,5.38307164409952
2023-02-27 00:00:00+00:00,70.0309357446,71.2944533681,69.5123277648,70.7664161523,1199747,67.46919316911935,,,,,,,,64.87273956845007,67.0318017473012,"rgba(38, 166, 154, 0.5)",3.82281930403668,67.0318017473012,0.7845345957450522,2,0.23907766837821737,0.47815533675643473,0.0,0.0,0.0,0.0,53.50728173528805,8.06071657121683,False,True,False,False,False,5.397812140088629
2023-02-28 00:00:00+00:00,69.8894972047,70.5589729604,69.7009124847,70.3986759485,4664437,67.59647995163537,,,,,,,,64.93482262832207,67.06234945464304,"rgba(38, 166, 154, 0.5)",3.8169827238567624,67.06234945464304,0.740676066566095,2,0.2379824814977234,0.4759649629954468,0.0,0.0,0.0,0.0,51.62001246608207,6.393635621827585,False,True,False,False,False,5.13596832353101
2023-03-01 00:00:00+00:00,68.918285897,69.5076131468,67.4284666096,69.3520307529,2665896,67.62449113358178,,,,,,,,64.95989554790596,67.05596963897423,#000000,3.7964451270440636,67.05596963897423,0.4905421244625713,2,0.23805448257802653,0.47610896515605305,0.0,0.0,0.0,0.0,48.32968663623436,3.3978115233469808,False,True,False,True,False,3.3480560428341377
2023-03-02 00:00:00+00:00,70.1063696326,70.2006619925,68.5599749292,68.6448380532,1677847,67.6583812643593,,,,,,,,64.97978549587324,67.06566740790095,"rgba(38, 166, 154, 0.5)",3.821548372641493,67.06566740790095,0.7956728342018333,2,0.23892985187080495,0.4778597037416099,0.0,0.0,0.0,0.0,48.97808319372879,3.3978115233469808,False,True,False,True,False,5.289496965643149
2023-03-03 00:00:00+00:00,71.0115762882,71.511325796,70.4363928925,70.5872606684,1979840,67.7236901088206,,,,,,,,65.00987046036992,67.09537127691765,"rgba(38, 166, 154, 1.0)",3.861956551165341,67.09537127691765,1.0140468851470241,2,0.24023749155241841,0.48047498310483683,0.0,0.0,0.0,0.0,51.221400657644125,3.3978115233469808,False,True,False,False,True,6.727684262187694
2023-03-06 00:00:00+00:00,70.8984254563,71.6433351,70.6296922304,71.2850241321,2880795,67.8162307907335,,,,,,,,65.05362329830552,67.13847842394364,"rgba(38, 166, 154, 0.5)",3.8967274126950544,67.13847842394364,0.9648986531895776,2,0.24273780974553916,0.4854756194910783,0.0,0.0,0.0,0.0,52.44209316962953,3.3978115233469808,False,True,False,False,True,6.5131834093793195
2023-03-07 00:00:00+00:00,69.7480586647,70.7569869163,69.5500447088,70.7569869163,4827615,67.91412404345866,,,,,,,,65.11309754403601,67.17876581983347,"rgba(38, 166, 154, 0.5)",3.9123671255051784,67.17876581983347,0.6567105699557191,2,0.24550943056660776,0.4910188611332155,0.0,0.0,0.0,0.0,50.65769420287774,3.3978115233469808,False,True,False,False,True,4.352588071338804
2023-03-08 00:00:00+00:00,70.4552513644,71.1435855922,69.3803184609,69.4840400568,1732699,67.95200749809392,,,,,,,,65.13541636942115,67.19623527941071,"rgba(38, 166, 154, 0.5)",3.922153909165344,67.19623527941071,0.8309250887308551,2,0.24845559589918512,0.49691119179837023,0.0,0.0,0.0,0.0,51.013509732085716,3.3978115233469808,False,True,False,False,True,5.508049464345927
2023-03-09 00:00:00+00:00,68.3148147933,70.6626945564,68.2488101413,70.2478081725,4592956,67.99690563725038,,,,,,,,65.17962701862896,67.2118097356957,#000000,3.898238901170319,67.2118097356957,0.28294957943012816,2,0.2516372186687874,0.5032744373375748,0.0,0.0,0.0,0.0,47.356805300497285,2.7250212884491773,False,True,False,True,False,1.6369365713059025
2023-03-10 00:00:00+00:00,63.958507763,68.1922347253,63.854786167,67.7396313975,4106330,67.90508083728277,,,,,,,,65.181171996539,67.15126716704962,"rgba(239, 83, 80, 0.5)",3.8925355498411287,67.15126716704962,-0.8202261387644706,2,0.2568896177427829,0.5137792354855658,0.0,0.0,0.0,0.0,40.43658529301205,-3.706125043857604,False,True,False,True,False,0.0
2023-03-13 00:00:00+00:00,65.2597423305,65.6746287143,62.9118625674,63.3927536032,2710274,67.83184394431122,,,,,,,,65.17748723902848,67.10624139483687,#000000,3.8817694059263763,67.10624139483687,-0.47568489295571764,3,0.37681515777929214,1.1304454733378764,0.0,0.0,0.0,0.0,38.2546042553032,-5.5293423224148555,False,True,False,True,False,0.0
2023-03-14 00:00:00+00:00,67.4756127896,67.5133297336,66.1460905141,66.542118426,2347187,67.81696058223379,,,,,,,,65.18796175542568,67.09676919126157,#000000,3.8744520542726093,67.09676919126157,0.09777991649700743,3,0.38131906712847696,1.1439572013854309,0.0,0.0,0.0,0.0,40.25823545742034,-5.5293423224148555,False,True,False,True,False,0.3354543759667763
2023-03-15 00:00:00+00:00,67.1833064737,67.2587403617,65.9480765582,66.6552692579,2623757,67.79583468874796,,,,,,,,65.19798519728235,67.08437777546284,#000000,3.8693474022674215,67.08437777546284,0.02556728252913857,3,0.3880118907042573,1.1640356721127718,0.0,0.0,0.0,0.0,41.26546278613557,-5.5293423224148555,False,True,False,True,False,0.0
2023-03-16 00:00:00+00:00,66.8061370339,67.2775988337,65.4577562864,66.513830718,2916363,67.76699222776364,,,,,,,,65.20703532996693,67.06835998724128,#000000,3.8646168062868225,67.06835998724128,-0.06785225197869661,3,0.3959577759846051,1.1878733279538152,0.0,0.0,0.0,0.0,41.49500026173608,-5.5293423224148555,False,True,False,True,True,0.0
2023-03-17 00:00:00+00:00,64.8259974746,67.0984433498,64.6657004627,66.1932366941,4939850,67.68487619539032,,,,,,,,65.21075505057335,67.02379387667769,"rgba(239, 83, 80, 0.5)",3.8371318987692957,67.02379387667769,-0.5727706161945062,3,0.40684025806416296,1.2205207741924888,0.0,0.0,0.0,0.0,39.54586266316945,-5.5293423224148555,False,True,False,True,True,0.0
2023-03-20 00:00:00+00:00,65.1843084425,65.9103596142,64.7411343507,65.1937376785,3011971,67.63219670688545,,,,,,,,65.21122810697769,66.9959821846656,#000000,3.8342212697952434,66.9959821846656,-0.4725010933608319,3,0.4196936843220192,1.2590810529660577,0.0,0.0,0.0,0.0,38.86961288345559,-5.5293423224148555,False,True,False,True,True,0.0
2023-03-21 00:00:00+00:00,65.4294685784,66.2215244021,65.1088745545,65.6840579503,2465227,67.59618824540081,,,,,,,,65.21335826971534,66.97764461505156,#000000,3.837016222873207,66.97764461505156,-0.40348436043157,3,0.4282761954379015,1.2848285863137046,0.0,0.0,0.0,0.0,38.86443121982738,-5.5293423224148555,False,True,False,True,True,0.0
2023-03-22 00:00:00+00:00,62.3932545876,65.2220253865,62.3272499356,65.0522991386,2457134,67.52235442597676,,,,,,,,65.20267721753177,66.93796588641698,"rgba(239, 83, 80, 1.0)",3.869224946426765,66.93796588641698,-1.1745792404791624,3,0.43655321584689527,1.3096596475406859,0.0,0.0,0.0,0.0,35.937811577111304,-8.341487730034181,False,True,False,True,False,0.0
2023-03-23 00:00:00+00:00,62.0066559117,63.5436213791,61.9123635518,62.5064054196,1743894,67.46148501348314,,,,,,,,65.19188279528609,66.90512183527267,"rgba(239, 83, 80, 1.0)",3.9063758840770104,66.90512183527267,-1.253966865692461,3,0.4460824349268358,1.3382473047805075,0.0,0.0,0.0,0.0,33.679430242716755,-10.657771105085956,False,True,False,True,False,0.0
2023-03-24 00:00:00+00:00,63.6284845031,63.7039183911,61.459760224,61.7049203599,1576664,67.41249748832247,62.9307210394,,,,,,,65.18378435851155,66.659612217842,"rgba(239, 83, 80, 0.5)",3.919973185533346,66.659612217842,-0.7732521553791158,3,0.4541709176176741,1.3625127528530223,0.0,0.0,0.0,0.0,35.09919934216161,-10.657771105085956,False,True,False,True,False,0.0
2023-03-27 00:00:00+00:00,64.005653943,64.4676865068,63.6567722111,64.1188047749,1765144,67.37220288106442,63.51842302662764,,,,,,,65.17922991846595,66.67249777769001,"rgba(239, 83, 80, 0.5)",3.9179180924083723,66.67249777769001,-0.6806788125197087,3,0.46396668181550743,1.3919000454465222,0.0,0.0,0.0,0.0,36.68120543009424,-10.657771105085956,False,True,False,True,True,0.0
2023-03-28 00:00:00+00:00,64.8448559466,65.1843084425,63.2230273553,63.6096260311,2056487,67.33159646490326,63.86088834203955,,,,,,,65.1757016465066,66.67197253317948,#000000,3.8645829389207274,66.67197253317948,-0.4727849331886101,3,0.4771864784536258,1.4315594353608774,0.0,0.0,0.0,0.0,39.13804350678238,-10.657771105085956,False,True,False,True,True,0.0
2023-03-29 00:00:00+00:00,65.9669350302,66.6835569659,65.7029164223,65.7972087823,1984042,67.31571409546987,64.46744600625476,,,,,,,65.17989236725964,66.69938877496627,#000000,3.817543769319739,66.69938877496627,-0.19186518584350876,3,0.49581134504008245,1.4874340351202473,0.0,0.0,0.0,0.0,42.515137338389664,-13.114469125293319,False,True,False,True,True,0.0
2023-03-30 00:00:00+00:00,66.9004293938,67.1267310577,66.1460905141,66.598693842,1610087,67.30950129564006,64.87155502490691,,,,,,,65.18544782163544,66.72035976215174,#000000,3.7836316151305205,66.72035976215174,0.04759174517100546,4,0.41494031186859565,1.6597612474743826,0.0,0.0,0.0,0.0,46.096215794823024,-9.763495417673283,False,True,False,False,True,0.22715519853498378
2023-03-31 00:00:00+00:00,67.5981928576,67.6641975095,66.2686705821,67.1833064737,3648452,67.30642041060177,65.5369661446488,,,,,,,65.20154889372516,66.75996075311382,#000000,3.73388922837653,66.75996075311382,0.2244930294438967,5,0.36308870642906277,1.8154435321453137,0.0,0.0,0.0,0.0,49.429756553722704,-6.704774930566273,False,True,False,False,True,1.2908220553111285
2023-04-03 00:00:00+00:00,67.6359098015,68.5033995132,67.0795848778,67.8527822295,2702727,67.31375704691709,65.92495864229377,,,,,,,65.21665890310481,66.78869746917391,#000000,3.6911727779329246,66.78869746917391,0.22952388936952922,5,0.3744983920456953,1.8724919602284764,0.0,0.0,0.0,0.0,51.704768463477734,-4.639791105249927,False,True,True,False,True,1.3486110127458666
2023-04-04 00:00:00+00:00,66.362962942,67.9470745894,66.0848004802,67.7867775775,2150310,67.30690384222875,66.03230513609786,,,,,,,65.22411493881,66.79355972753497,#000000,3.6631722537486056,66.79355972753497,-0.11754751229466052,5,0.37755128854337894,1.8877564427168947,0.0,0.0,0.0,0.0,51.01195006205454,-4.639791105249927,False,True,False,False,True,0.0
2023-04-05 00:00:00+00:00,66.53268919,67.1927357097,66.1272320421,66.3346752341,1612188,67.30010035386206,66.08168875848844,,,,,,,65.22902261043396,66.79458576856858,#000000,3.6307414642379223,66.79458576856858,-0.07213308387507361,6,0.3376941140281711,2.026164684169027,0.0,0.0,0.0,0.0,50.8353220417987,-4.639791105249927,False,True,False,False,True,0.0
2023-04-06 00:00:00+00:00,67.4661835536,68.0366523314,66.466684538,67.5793343856,1858229,67.30035987235665,66.19173104946744,,,,,,,65.23748942619858,66.80309643915155,#000000,3.541346212584589,66.80309643915155,0.18724153885098863,6,0.3377274491449918,2.026364694869951,0.0,0.0,0.0,0.0,52.25591283890991,-3.818572626518673,False,False,True,False,True,1.0894689110775815
2023-04-10 00:00:00+00:00,68.6636965251,68.7014134691,66.8627124498,67.1738772377,1305263,67.30643940497934,66.30216815043974,,,,,,,65.24552766255219,66.81410597144087,"rgba(38, 166, 154, 0.5)",3.4341122684788115,66.81410597144087,0.538593502209067,7,0.31567482583398915,2.209723780837924,0.0,0.0,0.0,0.0,54.942640697103286,-1.0799623767780275,False,False,True,False,True,2.9393261041302594
2023-04-11 00:00:00+00:00,70.0969403966,70.8795669843,69.4086061689,69.9460726206,2369449,67.3460309669053,66.6701204819439,,,,,,,65.27050088378135,66.85885679760781,"rgba(38, 166, 154, 0.5)",3.3262548068613262,66.85885679760781,0.9734923471024355,7,0.3140184453729766,2.198129117610836,0.0,0.0,0.0,0.0,58.489298161505054,2.374464267328122,True,False,True,False,True,5.076638332332699
2023-04-12 00:00:00+00:00,70.3703882405,71.0540078502,70.1535158126,70.8607085123,1839039,67.38028525787958,66.93792911991068,,,,,,,65.29128044224873,66.89455080137895,"rgba(38, 166, 154, 1.0)",3.2245336309626857,66.89455080137895,1.0779349316581135,7,0.31231126189305397,2.1861788332513776,0.0,0.0,0.0,0.0,61.16460891894896,4.932639777951323,True,False,True,False,True,5.478077513981347
2023-04-13 00:00:00+00:00,70.2478081725,70.6815530284,69.135158325,70.4646806004,2032521,67.41135982720479,67.1577573717906,,,,,,,65.3118609979072,66.92613930882709,"rgba(38, 166, 154, 1.0)",3.1287881511193008,66.92613930882709,1.0616470988886253,7,0.31177947015750224,2.1824562911025156,0.0,0.0,0.0,0.0,62.65580220474396,6.391333289110079,True,False,True,False,True,5.267284938003613
2023-04-14 00:00:00+00:00,69.8612094967,70.8324208043,69.4510377308,70.5589729604,1677100,67.4367120504434,67.31833929895464,,,,,,,65.32880389345604,66.95092327663318,"rgba(38, 166, 154, 0.5)",3.036373090486995,66.95092327663318,0.9584745132885005,7,0.31245332442868096,2.1871732710007667,0.0,0.0,0.0,0.0,62.69286405823682,6.576750392304305,True,False,True,False,True,4.5963425060874705
2023-04-17 00:00:00+00:00,70.9455716363,70.9644301082,69.8894972047,69.9460726206,1747214,67.46808121711535,67.49787544383732,,,,,,,65.3483747499528,66.98014607426211,"rgba(38, 166, 154, 1.0)",2.9732204537284206,66.98014607426211,1.3337139387243373,7,0.31133443868461314,2.179341070792292,0.0,0.0,0.0,0.0,64.19341107859294,8.225168352865936,True,False,True,False,True,6.241328003863394
2023-04-18 00:00:00+00:00,71.1435855922,71.2190194801,70.3893410048,70.8795669843,1357367,67.49445229588555,67.63729018146194,,,,,,,65.36439197532546,67.00395871106895,"rgba(38, 166, 154, 1.0)",2.8731501359955085,67.00395871106895,1.4407972730936751,7,0.3098739775833019,2.169117843083113,0.0,0.0,0.0,0.0,65.4488813088456,9.644488737010448,True,False,True,False,True,6.539387532869057
2023-04-19 00:00:00+00:00,71.8979244719,71.9544998879,70.5778314324,70.5966899044,1296599,67.52332499152621,67.78121626339322,,,,,,,65.38113910834514,67.02932901311665,"rgba(0, 255, 255, 0.75)",2.8062950588834186,67.02932901311665,1.7348836656971078,7,0.307308776150285,2.1511614330519953,0.0,0.0,0.0,0.0,67.2369577826808,11.558576794113037,True,False,True,False,True,7.673885439988986
2023-04-20 00:00:00+00:00,71.54904274,71.9544998879,70.9550008722,71.8507782919,1239360,67.55059932461212,67.90937731864572,,,,,,,65.39708600216649,67.05290506078764,"rgba(0, 255, 255, 0.75)",2.7159284591230484,67.05290506078764,1.6554698501388856,7,0.3050934821508398,2.1356543750558785,0.0,0.0,0.0,0.0,67.40594135558132,11.958719251778852,True,False,True,False,True,7.032330827201264
2023-04-21 00:00:00+00:00,71.3133118401,71.8696367639,70.7664161523,71.7376274599,1494736,67.58160109230587,68.04582627895363,,,,,,,65.41567533715869,67.07933351285637,"rgba(0, 255, 255, 0.75)",2.654999882979487,67.07933351285637,1.594718837611469,7,0.303195798232082,2.122370587624574,0.0,0.0,0.0,0.0,66.81386812569775,11.958719251778852,True,False,True,False,True,6.59576962658625
2023-04-24 00:00:00+00:00,71.0304347602,71.718768988,70.2100912285,71.615047392,1848829,67.61592136291559,68.18461682553222,,,,,,,65.43723049290911,67.10820757410977,"rgba(38, 166, 154, 1.0)",2.62943465354001,67.10820757410977,1.4916617839541013,7,0.30369569818473696,2.1258698872931587,0.0,0.0,0.0,0.0,65.55359861641801,11.958719251778852,True,False,True,False,True,6.067492273903248
2023-04-25 00:00:00+00:00,72.0299337758,72.2845231477,70.5023975444,70.7569869163,2247742,67.66422223554915,68.3702665623865,,,,,,,65.46611202030654,67.14790846170051,"rgba(0, 255, 255, 0.75)",2.581119715237239,67.14790846170051,1.8914369935184394,7,0.30144180368507467,2.110092625795523,0.0,0.0,0.0,0.0,66.35575655216522,11.958719251778852,True,False,True,False,True,7.6398661722899135
2023-04-26 00:00:00+00:00,71.8224905839,72.5485417556,71.4264626721,71.7564859319,2619494,67.72360412915818,68.58215229207262,,,,,,,65.50120480054443,67.19572484191184,"rgba(0, 255, 255, 0.75)",2.576843411247823,67.19572484191184,1.7955168411834843,7,0.298998661808309,2.0929906326581627,0.0,0.0,0.0,0.0,66.22157732384066,11.958719251778852,True,False,True,False,True,7.242565648440603
2023-04-27 00:00:00+00:00,73.5386115352,73.5480407712,71.8507782919,71.8507782919,2109908,67.78184466206461,68.78318063169122,,,,,,,65.53375022092058,67.24172298956874,"rgba(0, 255, 0, 1.0)",2.594827208754879,67.24172298956874,2.426708231047418,7,0.29468561923434605,2.0627993346404225,0.0,0.0,0.0,0.0,68.53588709148339,14.1967435490604,True,False,True,False,True,9.885169586117922
2023-04-28 00:00:00+00:00,74.6984075628,74.7455537428,73.5103238272,73.7837716711,2314026,67.86033115456833,69.04746352662099,,,,,,,65.57548076206086,67.30274446525222,"rgba(0, 255, 0, 1.0)",2.632490590400143,67.30274446525222,2.809378739858526,6,0.32083747925919837,1.9250248755551902,0.0,0.0,0.0,0.0,71.29563669040941,16.93253177448655,True,False,True,False,True,11.590609226036413
2023-05-01 00:00:00+00:00,73.7932009071,75.1038647106,73.6611916032,74.4909643709,2025195,67.92611768317377,69.25358530924427,,,,,,,65.61113203469242,67.35327495639382,"rgba(0, 255, 0, 1.0)",2.682252902061045,67.35327495639382,2.400939130593442,5,0.33957638347237795,1.6978819173618898,0.0,0.0,0.0,0.0,70.45772113841574,16.93253177448655,True,False,True,False,True,9.821309308573145
2023-05-02 00:00:00+00:00,72.9351404315,73.9865002451,72.3788155077,73.6517623672,2531882,67.99252567811004,69.43727152581558,,,,,,,65.64969769266828,67.40375994855366,"rgba(0, 255, 0, 1.0)",2.7124695831491716,67.40375994855366,2.039241478433253,5,0.3375767508730698,1.687883754365349,0.0,0.0,0.0,0.0,67.64481627647487,16.93253177448655,True,False,True,False,False,8.177391715932924
2023-05-03 00:00:00+00:00,73.0954374434,74.5286813149,72.0865091918,73.6800500752,2281541,68.05248730771831,69.59402927129625,,,,,,,65.68474302614884,67.44895184023513,"rgba(0, 255, 0, 1.0)",2.7336501395428123,67.44895184023513,2.065548009047427,5,0.33907153098222925,1.6953576549111462,0.0,0.0,0.0,0.0,66.020281765087,20.51389612257411,True,False,True,False,False,8.423359597333956
2023-05-04 00:00:00+00:00,72.5108248116,73.7460547272,71.59618892,73.2651636913,2234074,68.10303203004588,69.71143610410982,,,,,,,65.7159590208782,67.48678925171379,"rgba(0, 255, 255, 0.75)",2.7481695441959837,67.48678925171379,1.8281388681046855,5,0.3406385970595326,1.703192985297663,0.0,0.0,0.0,0.0,63.397183736840105,18.036777689962506,True,False,True,False,False,7.296030907988143
2023-05-05 00:00:00+00:00,74.264662707,74.4721058989,72.4542493957,72.8031311275,1697186,68.1499685345199,69.82658885669787,,,,,,,65.74327886337304,67.52176984490319,"rgba(0, 255, 0, 1.0)",2.7943378142621893,67.52176984490319,2.413055725646825,5,0.3390548950024506,1.695274475012253,0.0,0.0,0.0,0.0,64.37458110544917,18.036777689962506,True,False,True,False,False,9.985510300769704
2023-05-08 00:00:00+00:00,71.9733583599,73.5386115352,71.8507782919,72.9445696675,4200509,68.23702662406392,70.00059053415711,,,,,,,65.79942467238313,67.58628620954656,"rgba(0, 255, 255, 0.75)",2.796209045897359,67.58628620954656,1.5689356833997181,5,0.34169622929147875,1.7084811464573937,0.0,0.0,0.0,0.0,60.17825092266831,15.128572931379566,True,False,True,False,False,5.711301860992425
2023-05-09 00:00:00+00:00,73.8497763231,74.226945763,71.662193572,71.9922168318,4261047,68.33773780658466,70.20489311420717,,,,,,,65.8620933550871,67.660504916075,"rgba(0, 255, 0, 1.0)",2.8373951337443715,67.660504916075,2.1813216401965576,5,0.3417903264942038,1.708951632471019,0.0,0.0,0.0,0.0,60.03153957557696,15.034898839004683,True,False,True,False,False,8.505870882653152
2023-05-10 00:00:00+00:00,74.8492753387,75.1510108906,73.5008945913,74.3023796509,2426324,68.40749022506117,70.35352640987001,,,,,,,65.90328990184847,67.71165897489183,"rgba(0, 255, 0, 1.0)",2.9032534609364204,67.71165897489183,2.4584888849167115,5,0.3394805660907827,1.6974028304539135,0.0,0.0,0.0,0.0,61.11644945419606,15.034898839004683,True,False,True,False,False,9.932282041630828
2023-05-11 00:00:00+00:00,74.6324029108,75.3395956105,73.7271962552,74.3023796509,2530200,68.47933664187788,70.50024727935707,,,,,,,65.94616033075627,67.7641987766595,"rgba(0, 255, 0, 1.0)",2.960642433254171,67.7641987766595,2.3198357413905453,5,0.3380963040617223,1.6904815203086114,0.0,0.0,0.0,0.0,61.40514159682895,15.034898839004683,True,False,True,False,False,9.530794317972472
2023-05-12 00:00:00+00:00,74.7738414508,75.0471950023,74.3023796509,74.6041152028,1887323,68.53306596985026,70.60678345779219,,,,,,,65.97838295984343,67.80340711891047,"rgba(0, 255, 0, 1.0)",3.01809790407772,67.80340711891047,2.3095454665244146,5,0.3408918659731288,1.704459329865644,0.0,0.0,0.0,0.0,61.78215952234709,15.034898839004683,True,False,True,False,False,9.7361041838547
2023-05-15 00:00:00+00:00,76.1316514342,76.2361626243,74.6589937564,75.1625476721,2221381,68.60485732204029,70.75347224753455,,,,,,,66.02017788197122,67.85565921295724,"rgba(0, 255, 0, 1.0)",3.106826564874064,67.85565921295724,2.6638088893701184,5,0.343241665855309,1.716208329276545,0.0,0.0,0.0,0.0,63.69804653250881,15.034898839004683,True,False,True,False,True,11.681241630701628
2023-05-16 00:00:00+00:00,73.6613869424,76.2931687279,73.613881856,76.2931687279,2166728,68.66231335108016,70.85695015226996,,,,,,,66.05577290037733,68.24618100342697,"rgba(0, 255, 255, 0.75)",3.1378592469909328,68.24618100342697,1.725764450450087,6,0.30863343128940474,1.8518005877364283,0.0,0.0,0.0,0.0,60.235228469268726,14.90419921800897,True,False,True,False,False,7.136671773377397
2023-05-17 00:00:00+00:00,73.6423849079,74.0461781421,72.5735204643,73.9274154261,1910981,68.7027124974758,70.91755662771345,,,,,,,66.08286578505648,68.24691677789038,"rgba(0, 255, 255, 0.75)",3.1678964466718864,68.24691677789038,1.7031706120564527,6,0.3149297187445863,1.8895783124675178,0.0,0.0,0.0,0.0,57.895076967626075,12.692433098803932,True,False,True,False,False,7.1028842277836475
2023-05-18 00:00:00+00:00,73.0438208195,73.9369164434,72.6590296198,73.1578330268,1943069,68.74131723711076,70.97144257950741,,,,,,,66.10943696501684,68.26016513267825,"rgba(0, 255, 255, 0.75)",3.188271010085318,68.26016513267825,1.5003918022306815,6,0.32159824728309894,1.9295894836985936,0.0,0.0,0.0,0.0,55.30523429156069,10.274307268792946,False,False,True,False,False,6.031469193245584
2023-05-19 00:00:00+00:00,72.7207862321,73.6518859251,72.3217435065,73.404859476,1848005,68.77488073366403,71.01351525097219,,,,,,,66.13341219151171,68.2729223261808,"rgba(38, 166, 154, 1.0)",3.204194250658272,68.2729223261808,1.3881380334558118,6,0.32832971129360894,1.9699782677616535,0.0,0.0,0.0,0.0,53.02203629381455,8.162593775695868,False,False,False,False,False,5.453299300143019
2023-05-22 00:00:00+00:00,72.6732811457,73.5568757524,72.5022628347,72.8157964048,1457789,68.80105730108473,71.0456440947629,,,,,,,66.15224096630533,68.28585135713627,"rgba(38, 166, 154, 1.0)",3.215494175789478,68.28585135713627,1.3644651642034216,6,0.33414493491623465,2.004869609497408,0.0,0.0,0.0,0.0,51.41332655499368,6.664236379952996,False,False,False,False,False,5.367250289561859
2023-05-23 00:00:00+00:00,72.3692485928,73.4666160882,72.2932404546,72.5877719902,1638044,68.82865795594283,71.07671645434408,,,,,,,66.17264764253008,68.29926104474123,"rgba(38, 166, 154, 1.0)",3.225403489645431,68.29926104474123,1.261853768412147,6,0.3434109848120582,2.060465908872349,0.0,0.0,0.0,0.0,49.756658382346565,5.076398853692872,False,True,False,False,False,4.809792354953739
2023-05-24 00:00:00+00:00,70.5260512413,72.5782709729,70.4215400512,72.3217435065,1925926,68.84798035050082,71.07883402272991,,,,,,,66.19088507510008,68.29601352935141,"rgba(38, 166, 154, 0.5)",3.2256599890348037,68.29601352935141,0.691343080029915,6,0.35265903269270105,2.1159541961562063,0.0,0.0,0.0,0.0,45.63074016854073,1.194335649046657,False,True,False,True,False,1.5260580460093003
2023-05-25 00:00:00+00:00,69.9464891874,70.8015807423,68.8538722007,70.8015807423,1889217,68.85614770261951,71.05383031732359,,,,,,,66.2039854159533,68.36042421359915,#000000,3.2256772755902268,68.36042421359915,0.4916998317851387,6,0.3638864307279152,2.183318584367491,0.0,0.0,0.0,0.0,42.092225043813926,-2.0345037778283483,False,True,False,True,False,0.5289837956857006
2023-05-26 00:00:00+00:00,69.8704810492,70.3075278439,69.2101603485,70.2125176711,1568966,68.86236071111753,71.03263561036674,,,,,,,66.2145840454002,68.34993363106821,#000000,3.2257136325298097,68.34993363106821,0.4713832631631575,6,0.372685665095206,2.236113990571236,0.0,0.0,0.0,0.0,39.62770058817226,-4.24174504916828,False,True,False,True,False,0.3975190548222969
2023-05-30 00:00:00+00:00,69.4809393409,70.4452925944,69.1959088226,69.6519576519,1924013,68.8691554263811,71.00580466477649,,,,,,,66.22717631346663,68.33900761473339,#000000,3.2248867059060293,68.33900761473339,0.35409979645960277,6,0.3779782698943892,2.2678696193663352,0.0,0.0,0.0,0.0,37.4238088507672,-6.253603440542811,False,True,False,True,False,0.0
2023-05-31 00:00:00+00:00,70.8870898978,71.1056132951,69.5949515482,69.8799820665,7153852,68.91734653663411,70.97243980993147,,,,,,,66.28408182272453,68.37311947347658,"rgba(38, 166, 154, 0.5)",3.226103027626159,68.37311947347658,0.7792591875694854,6,0.38673293973544903,2.320397638412694,0.0,0.0,0.0,0.0,39.559656207294964,-6.253603440542811,False,True,False,True,False,2.1383123979362253
2023-06-01 00:00:00+00:00,70.8870898978,71.3621407616,69.6234546,70.3835359821,1906376,68.93044944659746,70.96606258614047,,,,,,,66.29932672084978,68.38182834646322,"rgba(38, 166, 154, 0.5)",3.225775199898023,68.38182834646322,0.7766386050137567,6,0.3907456799864914,2.3444740799189483,0.0,0.0,0.0,0.0,40.983554444980136,-6.253603440542811,False,True,False,True,True,2.1383123979362146
2023-06-02 00:00:00+00:00,71.9797068845,72.9383595277,71.4666519516,71.8656946772,2002215,68.95602522997864,70.98799511742412,,,,,,,66.32075121690204,68.41264726677629,"rgba(38, 166, 154, 1.0)",3.2322298747534735,68.41264726677629,1.1035909436966573,5,0.4477187671868982,2.238593835934491,0.0,0.0,0.0,0.0,44.400469030096275,-12.219027736322005,False,True,False,True,True,3.985933394831239
2023-06-05 00:00:00+00:00,72.2932404546,72.4452567311,71.6471712799,72.06521604,1460008,68.97442040437723,71.00347771611919,,,,,,,66.3362757006943,68.43322646348156,"rgba(38, 166, 154, 1.0)",3.24137938145318,68.43322646348156,1.190855354114059,5,0.4536498065506754,2.268249032753377,0.0,0.0,0.0,0.0,47.32766016317908,-9.440564022330655,False,True,False,True,True,4.509335292280799
2023-06-06 00:00:00+00:00,74.7255008773,74.7445029119,72.6305265679,72.8442994567,2382574,69.02184149689201,71.06914487116384,,,,,,,66.36970603375433,68.49365049091918,"rgba(0, 255, 255, 0.75)",3.2684433314135988,68.49365049091918,1.906672306808986,4,0.39655224636339603,1.5862089854535841,0.0,0.0,0.0,0.0,53.246046651331945,-3.9306531107398825,False,False,True,False,True,8.395273654307296
2023-06-07 00:00:00+00:00,76.4071809352,76.7017124708,74.9440242747,75.4665802249,2588149,69.092356183382,71.18296293830048,,,,,,,66.4150102909723,68.58378880826697,"rgba(0, 255, 0, 1.0)",3.3386004963375933,68.58378880826697,2.3433148516916598,4,0.38884796701610347,1.5553918680644139,0.0,0.0,0.0,0.0,59.07723033145463,1.3302877723731257,True,False,True,False,True,10.888752868449775
2023-06-08 00:00:00+00:00,75.8181178641,76.4926900907,75.0974657037,75.8751239678,3036544,69.17078494974194,71.30435404522159,,,,,,,66.46644666556357,68.6749678238232,"rgba(0, 255, 0, 1.0)",3.3967543975540577,68.6749678238232,2.102933919926758,4,0.3845507879311331,1.5382031517245325,0.0,0.0,0.0,0.0,61.57925429933808,3.443000649428498,True,False,True,False,True,9.754639338675105
2023-06-09 00:00:00+00:00,77.05325011,77.1007551964,75.5805924322,76.0271402442,2344055,69.23701894831022,71.40920169916144,,,,,,,66.50903499359276,68.74934599744213,"rgba(0, 255, 0, 1.0)",3.487112250118105,68.74934599744213,2.381312535114582,4,0.37693050444252585,1.5077220177701034,0.0,0.0,0.0,0.0,64.57661458243761,6.146233030581058,True,False,True,False,True,11.54729133032411
2023-06-12 00:00:00+00:00,77.7278223366,77.7373233539,76.8014731522,76.9962440064,2834302,69.32456791850666,71.55035299211859,,,,,,,66.56433018465677,68.84518477365019,"rgba(0, 255, 0, 1.0)",3.5898456572222095,68.84518477365019,2.4743786811779303,4,0.3684149663182517,1.4736598652730069,0.0,0.0,0.0,0.0,67.23112098593126,8.609452344983069,True,False,True,False,True,12.504233887149848
2023-06-13 00:00:00+00:00,77.8608365785,78.4831532101,77.4332908011,77.670816233,2332745,69.39962570309393,71.67119326962548,,,,,,,66.61151292937748,68.92474167966297,"rgba(0, 255, 0, 1.0)",3.6919068668741066,68.92474167966297,2.4204551255116336,4,0.3605120037582094,1.4420480150328376,0.0,0.0,0.0,0.0,69.13171420679485,10.458315336709632,True,False,True,False,True,12.693300160094363
2023-06-14 00:00:00+00:00,77.4712948702,78.7824352543,77.3002765592,78.392893546,3196274,69.49948682481896,71.82763193976899,,,,,,,66.67510781369008,69.37351730184903,"rgba(0, 255, 0, 1.0)",3.778469826193687,69.37351730184903,2.1431367566347386,4,0.35330300543249776,1.413212021729991,0.0,0.0,0.0,0.0,69.32793911070459,10.843192141450757,True,False,True,False,True,11.907610529531222
2023-06-15 00:00:00+00:00,76.1506534688,77.4427918183,75.4475781903,77.4427918183,4333672,69.60745480841946,71.97759381882398,,,,,,,66.74873998786683,69.42675118550434,"rgba(0, 255, 255, 0.75)",3.8316890473133434,69.42675118550434,1.754814182536613,4,0.3485440550294535,1.394176220117814,0.0,0.0,0.0,0.0,66.17982988084216,10.843192141450757,True,False,True,False,True,9.294903037984675
2023-06-16 00:00:00+00:00,76.397679918,77.879838613,75.9891361751,76.502191108,11642809,69.89794785233263,72.36866891593378,,,,,,,66.94930735147018,69.669093205927,"rgba(0, 255, 255, 0.75)",3.8825168879298086,69.669093205927,1.733047635411764,4,0.34353199935274575,1.374127997410983,0.0,0.0,0.0,0.0,64.45832966447449,10.843192141450757,True,False,True,False,False,9.669772123034338
2023-06-20 00:00:00+00:00,75.2670588621,76.2836677106,74.6905371338,76.0176392269,2655237,69.94859947051184,72.42446848631376,,,,,,,66.98782218555476,69.6987874488145,"rgba(38, 166, 154, 1.0)",3.916214119049455,69.6987874488145,1.421850604694984,4,0.340854536912803,1.363418147651212,0.0,0.0,0.0,0.0,60.781233834801654,18.965600340682514,False,False,True,False,False,7.4722367390410085
2023-06-21 00:00:00+00:00,75.0485354647,75.1720486893,74.1174357717,74.782506981,2456077,69.98928718280986,72.4637183031629,,,,,,,67.0204784210849,69.7182087364713,"rgba(38, 166, 154, 1.0)",3.9462737130257075,69.7182087364713,1.3507240287551676,4,0.3384861518836363,1.3539446075345452,0.0,0.0,0.0,0.0,57.871078007738745,16.046843620691106,False,False,True,False,False,7.052233449643133
2023-06-22 00:00:00+00:00,74.5449815491,75.4190751385,73.4428635451,75.2860608966,1625931,70.01412666080665,72.48560269353868,,,,,,,67.04108801244939,69.72899728887816,"rgba(38, 166, 154, 1.0)",3.9687687157378733,69.72899728887816,1.2134706265760442,4,0.3365494562335784,1.3461978249343136,0.0,0.0,0.0,0.0,54.86751515713263,13.060500231630911,False,True,True,False,False,6.081304161597533
2023-06-23 00:00:00+00:00,72.4737597829,74.6209896873,72.0747170573,74.0319266162,3670670,70.05174037519605,72.49933005401496,,,,,,,67.07843058427484,69.83532584162603,"rgba(38, 166, 154, 0.5)",3.9701912976930323,69.83532584162603,0.6645609099005113,4,0.3363749714910867,1.3454998859643468,0.0,0.0,0.0,0.0,49.32905558729996,7.767953999955125,False,True,False,False,False,2.2449235219445747
2023-06-26 00:00:00+00:00,75.5995944668,75.7041056568,72.616275042,72.7302872493,2283629,70.08676190291793,72.530881338824,,,,,,,67.1075214927914,69.88550795956647,"rgba(38, 166, 154, 1.0)",4.005359466698604,69.88550795956647,1.4266101593980869,4,0.33337248979019674,1.333489959160787,0.0,0.0,0.0,0.0,51.089856186858924,7.767953999955125,False,True,False,False,False,7.186128102201071
2023-06-27 00:00:00+00:00,76.7112134881,76.9392379027,75.2291498032,76.0366412615,1604356,70.11986608607167,72.56944035086701,,,,,,,67.13228202773662,69.94042699915386,"rgba(0, 255, 255, 0.75)",4.045180117281667,69.94042699915386,1.673791102655786,4,0.3290339787907854,1.3161359151631415,0.0,0.0,0.0,0.0,53.68449289830999,7.767953999955125,False,True,False,False,True,8.817219989385652
2023-06-28 00:00:00+00:00,76.0651443133,76.5449456857,75.6661015877,76.3596758489,1963952,70.1586077510208,72.61308710269444,,,,,,,67.16174968619283,69.99027236974123,"rgba(0, 255, 255, 0.75)",3.995320843682727,69.99027236974123,1.5204966462616272,4,0.3257315169253322,1.3029260677013288,0.0,0.0,0.0,0.0,54.302789723644594,7.767953999955125,False,True,True,False,True,7.638423363309837
2023-06-29 00:00:00+00:00,76.3786778834,76.5116921253,75.5140853113,75.8371198987,1891831,70.19571989966157,72.65462462609737,,,,,,,67.19008753902408,70.03220971435996,"rgba(0, 255, 255, 0.75)",3.9737261367696677,70.03220971435996,1.5971075888483914,4,0.32217985315200215,1.2887194126080086,0.0,0.0,0.0,0.0,55.149908070126145,7.767953999955125,False,True,True,False,True,8.104312628696256
2023-06-30 00:00:00+00:00,76.8537287472,77.1672623173,75.4713307335,76.8727307818,4238287,70.28218821392962,72.75355174227532,,,,,,,67.25547557458738,70.12490361572989,"rgba(0, 255, 255, 0.75)",3.9939632088905346,70.12490361572989,1.6847489021660953,4,0.3184426106853213,1.2737704427412853,0.0,0.0,0.0,0.0,56.38544011172473,7.767953999955125,False,False,True,False,True,8.81206169097047
2023-07-03 00:00:00+00:00,77.4047877492,77.6898182675,76.3406738143,76.3406738143,968934,70.3036491893471,72.77924612110083,,,,,,,67.27133394189329,70.14869963192925,"rgba(0, 255, 255, 0.75)",4.015859746971731,70.14869963192925,1.8068579518351957,4,0.31408425965182346,1.2563370386072938,0.0,0.0,0.0,0.0,57.97931392659451,0.46925436756707484,False,False,True,False,True,9.63069044207542
2023-07-05 00:00:00+00:00,77.1292582482,78.3311369337,76.6637084017,77.3192785938,3081404,70.37327693073371,72.86319162825177,,,,,,,67.32259534254652,70.58528856772695,"rgba(0, 255, 255, 0.75)",4.02181488010682,70.58528856772695,1.627118570981876,4,0.3103624738751598,1.2414498955006392,0.0,0.0,0.0,0.0,58.43100581832829,1.301345210429659,False,False,True,False,True,9.099991744466596
2023-07-06 00:00:00+00:00,76.2836677106,76.4166819525,74.4784744282,76.055643296,1830964,70.4044150841172,72.89393457553356,,,,,,,67.34785442865456,70.5763524955843,"rgba(38, 166, 154, 1.0)",3.9680774115767434,70.5763524955843,1.4383074277645846,4,0.30819614949060253,1.2327845979624101,0.0,0.0,0.0,0.0,56.915397653370604,1.301345210429659,False,False,True,False,True,7.480285609955171
2023-07-07 00:00:00+00:00,75.8276188814,76.4356839871,75.4665802249,75.5900934495,1427695,70.42927424175411,72.91897728057872,,,,,,,67.36787459836705,70.58522309620795,"rgba(38, 166, 154, 1.0)",3.9102886921046673,70.58522309620795,1.3406671982498526,3,0.3751212455389774,1.1253637366169322,0.0,0.0,0.0,0.0,54.976781956488445,1.301345210429659,False,True,True,False,True,6.615244563800555
2023-07-10 00:00:00+00:00,75.2195537757,75.8656229505,74.4119673072,75.5995944668,1710428,70.45475805893022,72.94110664554928,,,,,,,67.38965750989624,70.58452231170918,"rgba(38, 166, 154, 1.0)",3.845454313062419,70.58452231170918,1.205327403902924,3,0.3733193235093378,1.1199579705280134,0.0,0.0,0.0,0.0,52.48430792436563,1.301345210429659,False,True,False,False,False,5.467045272427107
2023-07-11 00:00:00+00:00,76.8632297645,76.9107348509,75.5710914149,75.7136066741,2501709,70.50155607370081,72.9909150806636,,,,,,,67.42651861908485,70.62594639771523,"rgba(0, 255, 255, 0.75)",3.702534715183904,70.62594639771523,1.6845982135443598,3,0.3697420181318536,1.1092260543955608,0.0,0.0,0.0,0.0,53.85380989955274,1.301345210429659,False,True,True,False,False,8.064468718353321
2023-07-12 00:00:00+00:00,75.7136066741,78.1268650622,75.675602605,78.0033518376,2254443,70.54350528809572,73.03532427816089,,,,,,,67.45968865701732,70.66265490876056,"rgba(38, 166, 154, 1.0)",3.5118015555294515,70.66265490876056,1.4382793803899745,3,0.3676784715208689,1.1030354145626067,0.0,0.0,0.0,0.0,52.54857842134042,1.301345210429659,False,True,False,False,False,5.907450663290188
2023-07-13 00:00:00+00:00,76.8252256954,76.8537287472,75.3810710694,75.7136066741,1866945,70.57692848562388,73.06968532629601,,,,,,,67.48651590213343,70.68944416343484,"rgba(0, 255, 255, 0.75)",3.3810430548533956,70.68944416343484,1.814759952008716,3,0.36460857014089837,1.0938257104226952,0.0,0.0,0.0,0.0,53.53351788213639,1.301345210429659,False,True,True,False,False,7.633514273900747
2023-07-14 00:00:00+00:00,75.9891361751,76.3141659761,75.1816447168,76.0176392269,2114584,70.6109247247502,73.10166766438527,,,,,,,67.51491913662558,70.71013735577264,"rgba(0, 255, 255, 0.75)",3.237951552447115,70.71013735577264,1.6303513915573253,3,0.3624329539122551,1.0872988617367654,0.0,0.0,0.0,0.0,52.63182984310711,1.301345210429659,False,True,False,False,False,6.078964936748061
2023-07-17 00:00:00+00:00,75.3240649657,76.0651443133,75.2670588621,75.9986371924,1199446,70.62900271214922,73.11767675485348,,,,,,,67.53041190385532,70.71949906036237,"rgba(38, 166, 154, 1.0)",3.1045684917227683,70.71949906036237,1.4831580999466045,3,0.36088393394855567,1.082651801845667,0.0,0.0,0.0,0.0,50.86773668960169,6.278666781874172,False,True,False,False,False,4.859514247902279
2023-07-18 00:00:00+00:00,74.677995791,75.5140853113,74.0129245816,75.5140853113,1828480,70.651776413959,73.13362558160574,,,,,,,67.55152103126834,71.00435185955634,"rgba(38, 166, 154, 1.0)",2.993495828336607,71.00435185955634,1.227208635692335,3,0.35998489869575706,1.0799546960872712,0.0,0.0,0.0,0.0,48.613353476697114,3.943711650485838,False,True,False,False,False,3.6863994378244556
2023-07-19 00:00:00+00:00,76.4071809352,76.4451850043,74.8490141019,75.058036482,1857066,70.68117745476624,73.16106176526283,,,,,,,67.57629177148114,71.05342920805344,"rgba(0, 255, 255, 0.75)",2.921076466964892,71.05342920805344,1.8328009511881447,3,0.357554787625324,1.072664362875972,0.0,0.0,0.0,0.0,50.23107804408076,3.943711650485838,False,True,False,False,False,6.437076345238239
2023-07-20 00:00:00+00:00,77.9178426822,77.9558467513,76.0081382096,76.5116921253,1557140,70.71209184328227,73.19514161554899,,,,,,,67.60040693604445,71.11391183663753,"rgba(0, 255, 0, 1.0)",2.8877054901732953,71.11391183663753,2.3561720087854816,3,0.3537941286184656,1.0613823858553968,0.0,0.0,0.0,0.0,53.46004615870291,3.943711650485838,False,False,True,False,True,8.716232407175621
2023-07-21 00:00:00+00:00,78.2028732004,79.114970859,77.6993192848,78.1458670968,1531365,70.7469968811504,73.23652078173785,,,,,,,67.6265508724173,71.18158451689365,"rgba(0, 255, 0, 1.0)",2.8542376926631063,71.18158451689365,2.4599523373805776,3,0.34990862053046906,1.0497258615914071,0.0,0.0,0.0,0.0,55.98638643354836,0.5360564672428865,False,False,True,False,True,9.137753517825253
2023-07-24 00:00:00+00:00,78.5449098224,78.8346908493,78.0983620104,78.1743701486,1202569,70.77473442777386,73.26951599515978,,,,,,,67.64728553625339,71.2285903159569,"rgba(0, 255, 0, 1.0)",2.77884017478913,71.2285903159569,2.6328680479071815,3,0.3459010448170286,1.0377031344510859,0.0,0.0,0.0,0.0,58.13302150504406,2.5758262331677386,True,False,True,False,True,9.646656650950277
2023-07-25 00:00:00+00:00,78.8014372888,79.5045125673,78.4655763281,78.6969260988,1708668,70.8159881708979,73.3195029461208,,,,,,,67.67777652157818,71.29566712471937,"rgba(0, 255, 0, 1.0)",2.7038539615731705,71.29566712471937,2.7759524999322016,3,0.34236894471795914,1.0271068341538774,0.0,0.0,0.0,0.0,59.92151667729573,4.295434658637461,True,False,True,False,True,10.030842186155866
2023-07-26 00:00:00+00:00,79.0864678071,79.7847925769,78.2028732004,78.6874250815,1608528,70.8549227117833,73.36659187789651,,,,,,,67.7065863304913,71.35351282755597,"rgba(0, 255, 0, 1.0)",2.657585053388869,71.35351282755597,2.9097676364800433,3,0.33814294240535653,1.0144288272160695,0.0,0.0,0.0,0.0,61.52390780516516,5.87273522999304,True,False,True,False,True,10.460999045505346
2023-07-27 00:00:00+00:00,77.1672623173,79.7040339301,77.1387592655,79.5900217228,1487168,70.88613324348114,73.40170681199214,,,,,,,67.7307006921453,71.38771818953344,"rgba(0, 255, 0, 1.0)",2.601434306960579,71.38771818953344,2.2216759855524333,3,0.33600609115306773,1.0080182734592031,0.0,0.0,0.0,0.0,58.282151413250475,5.87273522999304,True,False,True,False,False,6.742468091820069
2023-07-28 00:00:00+00:00,76.9677409545,78.1648691313,76.4831890734,77.879838613,1198367,70.90828726708084,73.42477720817088,,,,,,,67.74854687196758,71.40523045860971,"rgba(0, 255, 0, 1.0)",2.5737868727752677,71.40523045860971,2.1612164374326532,3,0.3341818442255356,1.0025455326766068,0.0,0.0,0.0,0.0,55.73536726492584,11.659450415806255,False,False,True,False,False,6.366896240300033
2023-07-31 00:00:00+00:00,78.050856924,78.0603579413,76.7112134881,77.3382806283,1910965,70.9455314986158,73.46484578361961,,,,,,,67.77807093221303,71.4397210135866,"rgba(0, 255, 0, 1.0)",2.566144413899062,71.4397210135866,2.576291448994593,3,0.3318920463012935,0.9956761389038804,0.0,0.0,0.0,0.0,55.97349787941879,11.659450415806255,False,False,True,False,False,8.070323127447011
2023-08-01 00:00:00+00:00,80.3786061567,80.9866712624,77.4807958874,77.6993192848,2401543,71.00568502271399,73.5380100494396,,,,,,,67.82245271761893,71.52094267401313,"rgba(0, 255, 0, 1.0)",2.6081918389104826,71.52094267401313,3.3960935505369028,2,0.44088298540688403,0.8817659708137681,0.0,0.0,0.0,0.0,59.2915975681333,11.659450415806255,True,False,True,False,True,11.525153095545228
2023-08-02 00:00:00+00:00,79.4000013772,80.7301437959,79.1244718762,80.2835959839,1582528,71.04548958430908,73.5863377403508,,,,,,,67.85185284022953,71.57270049200604,"rgba(0, 255, 0, 1.0)",2.607246427746915,71.57270049200604,3.0021331324473324,2,0.43763841842892554,0.8752768368578511,0.0,0.0,0.0,0.0,59.49414653132906,11.659450415806255,True,False,True,False,True,9.650662035544503
2023-08-03 00:00:00+00:00,79.6090237573,79.7515390165,77.3762846974,79.0959688244,2183992,71.09459266024156,73.64289875411207,,,,,,,67.8893448698349,71.62669791639738,"rgba(0, 255, 0, 1.0)",2.6298790041941227,71.62669791639738,3.0352445219618205,1,0.15168235250998183,0.15168235250998183,0.0,0.0,0.0,0.0,59.910318887666094,11.659450415806255,True,False,True,False,True,9.957773322663865
2023-08-04 00:00:00+00:00,78.2693803214,80.1030766557,77.9178426822,79.219482049,1737507,71.13248617940246,73.68579877259825,,,,,,,67.91859081884036,71.66605006565294,"rgba(0, 255, 0, 1.0)",2.623652176232786,71.66605006565294,2.516846674862431,1,0.15284183513413946,0.15284183513413946,0.0,0.0,0.0,0.0,57.573167931473826,11.659450415806255,True,False,True,False,True,7.424504450069186
2023-08-07 00:00:00+00:00,80.5591254849,80.8346549859,78.5734128742,78.5734128742,1639838,71.17359688834829,73.73524824725317,,,,,,,67.94915203073619,71.71597443256093,"rgba(0, 255, 0, 1.0)",2.678701534843138,71.71597443256093,3.3012827063082684,1,0.15175533607047678,0.15175533607047678,0.0,0.0,0.0,0.0,59.08223138047488,11.659450415806255,True,False,True,False,True,10.765079335280877
2023-08-08 00:00:00+00:00,81.0341763487,81.3572109361,79.1244718762,79.59952274,1512816,71.21338731975622,73.78389350559898,,,,,,,67.97841201885112,71.76565592160874,"rgba(0, 255, 0, 1.0)",2.7350063610196704,71.76565592160874,3.388847850297413,1,0.15067710233644024,0.15067710233644024,0.0,0.0,0.0,0.0,60.62746551336428,11.659450415806255,True,False,True,False,True,11.430365622895827
2023-08-09 00:00:00+00:00,81.2051946597,81.7467526445,80.0745736038,80.4736163294,1993973,71.26813201841657,73.85167692819277,,,,,,,68.01831250177605,71.83511937308526,"rgba(0, 255, 0, 1.0)",2.784773358964797,71.83511937308526,3.364753277479622,1,0.14985143151497748,0.14985143151497748,0.0,0.0,0.0,0.0,61.858631073234214,6.576331862792749,True,False,True,False,True,11.671308626026008
2023-08-10 00:00:00+00:00,80.7111417614,82.0792882491,80.4356122603,81.5472312817,1420355,71.30701999840683,73.8996316855295,,,,,,,68.04673062568426,72.48370878821923,"rgba(0, 255, 0, 1.0)",2.80856242357575,72.48370878821923,2.9294107562351877,1,0.15065960587733596,0.15065960587733596,1.0,0.0,82.079285,445.0,61.60381528061166,6.576331862792749,True,False,True,False,True,10.713631174262726
2023-08-11 00:00:00+00:00,80.0555715693,81.4617221262,79.7135349474,80.5306224331,1872479,71.35435933303108,73.95611673504769,,,,,,,68.08210343894973,72.51719696377482,"rgba(0, 255, 0, 1.0)",2.8301997407245745,72.51719696377482,2.6635486171005156,1,0.15178819923998035,0.15178819923998035,0.0,0.0,0.0,0.0,60.04448726284849,6.576331862792749,True,False,True,False,True,9.450163673375819
2023-08-14 00:00:00+00:00,80.6541356577,80.9986478651,79.4196335813,79.6684479533,1803500,71.39922844329062,74.00916445277068,,,,,,,68.1158372329767,72.55943279441694,"rgba(0, 255, 0, 1.0)",2.8572968912774477,72.55943279441694,2.832993269965747,1,0.15263166087903576,0.15263166087903576,0.0,0.0,0.0,0.0,59.925723348235806,6.576331862792749,True,False,True,False,True,10.338193187793554
2023-08-15 00:00:00+00:00,79.6875875204,81.0224766261,79.4579127155,80.2426349656,1600842,71.43735483369217,74.05331863084325,,,,,,,68.14489182932765,72.592022228767,"rgba(0, 255, 0, 1.0)",2.883944328506409,72.592022228767,2.460368330101501,2,0.12932912181659878,0.25865824363319756,0.0,0.0,0.0,0.0,57.81191542818873,6.576331862792749,False,False,True,False,False,8.474827583986084
2023-08-16 00:00:00+00:00,79.6684479533,80.5058040129,79.2569472612,79.7641457887,2216041,71.48809397460336,74.11092997089135,,,,,,,68.18405495974213,72.63319604992701,"rgba(0, 255, 0, 1.0)",2.9167523479242354,72.63319604992701,2.412015510463126,2,0.13370407461288716,0.2674081492257743,0.0,0.0,0.0,0.0,56.363012026171425,10.857800480475085,False,False,True,False,False,8.438014590059641
2023-08-17 00:00:00+00:00,78.2712595568,80.6732752248,78.2521199897,79.9172623253,1883074,71.5269127848544,74.15270611275176,,,,,,,68.21500881911899,72.65543894797682,"rgba(0, 255, 255, 0.75)",2.9209525662237366,72.65543894797682,1.922599043120863,2,0.13775218048974275,0.2755043609794855,0.0,0.0,0.0,0.0,52.69809402480075,7.313200940503101,False,True,False,False,False,5.784210392016494
2023-08-18 00:00:00+00:00,77.706642328,78.2234106391,77.1228855322,77.4482581725,2170104,71.56305150649486,74.18669239612743,,,,,,,68.24594993734989,72.65662888225803,"rgba(0, 255, 255, 0.75)",2.9083335853340184,72.65662888225803,1.7363941575367738,2,0.14220550837126134,0.28441101674252267,0.0,0.0,0.0,0.0,49.30096938373849,4.15452709228672,False,True,False,False,False,4.738417685107592
2023-08-21 00:00:00+00:00,76.8645013767,78.1851315049,76.6731057059,77.706642328,2207305,71.59674585554022,74.21629862764782,,,,,,,68.27574594826673,72.6554535738647,"rgba(38, 166, 154, 1.0)",2.8913266999248246,72.6554535738647,1.4557496401028418,2,0.14665625972951196,0.2933125194590239,0.0,0.0,0.0,0.0,45.70747574180686,0.891261034754919,False,True,False,True,False,3.197718713743395
2023-08-22 00:00:00+00:00,76.4147215504,77.1803042334,76.2041863126,77.1515948828,1642936,71.61874705118842,74.23337213798507,,,,,,,68.29621884071335,73.03716558368043,"rgba(38, 166, 154, 1.0)",2.8631521943868488,73.03716558368043,1.1796634399460841,2,0.15061397243320085,0.3012279448664017,0.0,0.0,0.0,0.0,42.641324183741716,-1.8340472179979201,False,True,False,True,False,2.382856746743524
2023-08-23 00:00:00+00:00,77.5152466573,77.6587934103,76.4051517669,76.7113848401,1641826,71.64313696520313,74.25440866080208,,,,,,,68.31803227147552,73.05505750043663,"rgba(0, 255, 255, 0.75)",2.8607404368740212,73.05505750043663,1.5591030557589096,2,0.15377939216709216,0.3075587843341843,0.0,0.0,0.0,0.0,43.20513200233843,-1.8340472179979201,False,True,False,True,False,4.224257454354788
2023-08-24 00:00:00+00:00,76.9027805108,78.6062019806,76.816652459,77.4482581725,1537685,71.66680251253503,74.27548680287137,,,,,,,68.33893533871118,73.07077221330931,"rgba(38, 166, 154, 1.0)",2.8217379233912276,73.07077221330931,1.358031256455346,2,0.15679362962014995,0.3135872592402999,0.0,0.0,0.0,0.0,42.54444151540048,-1.8340472179979201,False,True,False,True,False,3.0996159622280324
2023-08-25 00:00:00+00:00,77.5439560079,78.0702941025,76.9506294285,77.1037459651,1388652,71.68830184670897,74.29475733349977,,,,,,,68.35789499551504,73.08364836713092,"rgba(0, 255, 255, 0.75)",2.813548139905451,73.08364836713092,1.5852963656484518,2,0.1598727479527086,0.3197454959054172,0.0,0.0,0.0,0.0,43.56828026174275,-1.8340472179979201,False,True,False,True,False,4.17365363960084
2023-08-28 00:00:00+00:00,77.7927703799,78.7114695995,77.6683631939,77.6683631939,767911,71.70120912705924,74.30706934614474,,,,,,,68.36895710533821,73.09595619403797,"rgba(0, 255, 255, 0.75)",2.815211093787023,73.09595619403797,1.668370161025432,1,0.19973294121986107,0.19973294121986107,0.0,0.0,0.0,0.0,44.8113019025285,-1.8340472179979201,False,True,False,True,True,4.590133778297904
2023-08-29 00:00:00+00:00,79.4866220661,79.5631803344,77.5152466573,77.7927703799,1492949,71.72928357680217,74.33581790387093,,,,,,,68.39215597849108,73.13258235325982,"rgba(0, 255, 0, 1.0)",2.8338870989825207,73.13258235325982,2.2421640280311563,1,0.20497639832764825,0.20497639832764825,0.0,0.0,0.0,0.0,48.94260301068262,-6.6339525611768835,False,True,False,False,True,7.353378875248552
2023-08-30 00:00:00+00:00,79.343075313,79.7880702475,78.8932954867,79.467482499,1381915,71.75683510235312,74.36493612851389,,,,,,,68.4145323579257,73.1702513396044,"rgba(0, 255, 0, 1.0)",2.8499712951059526,73.1702513396044,2.165924963523574,0,,,0.0,0.0,0.0,0.0,51.36838552187368,-4.338018716152348,False,True,False,False,True,7.074838700372055
2023-08-31 00:00:00+00:00,79.3143659624,79.8215644899,79.0655515904,79.4483429319,3081792,71.81803737831693,74.42942358402358,,,,,,,68.46437347607575,73.2446454378162,"rgba(0, 255, 0, 1.0)",2.8703195282339022,73.2446454378162,2.1146497680411485,0,,,0.0,0.0,0.0,0.0,52.914834299947266,-2.8521021255887007,False,True,True,False,True,7.018225108741905
2023-09-01 00:00:00+00:00,79.0846911575,80.1565069137,78.7114695995,79.7354364381,1311864,71.84351198044266,74.45592658063703,,,,,,,68.48529312420355,73.27205887619971,"rgba(0, 255, 0, 1.0)",2.8689357130295234,73.27205887619971,2.0260587418887486,0,,,0.0,0.0,0.0,0.0,53.34558005865035,-2.3390954096167746,False,False,True,False,True,6.558978078084092
2023-09-05 00:00:00+00:00,77.3812696877,79.4387731484,76.9506294285,79.1038307246,1611285,71.86877331208154,74.47886618265123,,,,,,,68.50758496855023,73.28354918942688,"rgba(38, 166, 154, 1.0)",2.851686904508695,73.28354918942688,1.4369461429283725,0,,,0.0,0.0,0.0,0.0,49.87817511400608,-2.3390954096167746,False,True,False,False,False,3.243347781658553
2023-09-06 00:00:00+00:00,78.453085444,79.0081328892,77.3716999042,77.7257818951,1987951,71.90145792879781,74.50962003050402,,,,,,,68.53597203246456,73.30442518077062,"rgba(0, 255, 255, 0.75)",2.8310843305797255,73.30442518077062,1.8186177669158567,0,,,0.0,0.0,0.0,0.0,49.957924847105616,-2.3390954096167746,False,True,False,False,False,5.068663922874428
2023-09-07 00:00:00+00:00,78.9985631056,79.6684479533,78.453085444,78.6731904653,1388125,71.92678895342273,74.53508648886987,,,,,,,68.55723987190538,73.32771809945068,"rgba(0, 255, 0, 1.0)",2.807990701903468,73.32771809945068,2.019538384619719,0,,,0.0,0.0,0.0,0.0,51.10452907957056,-2.3390954096167746,False,True,False,False,False,5.980420680333658
2023-09-08 00:00:00+00:00,79.0464120233,79.4770522825,78.5583530629,78.9985631056,1151025,71.94761991897633,74.55592780621639,,,,,,,68.57478844730434,73.3464161504767,"rgba(0, 255, 0, 1.0)",2.781745759483409,73.3464161504767,2.049071470097909,0,,,0.0,0.0,0.0,0.0,51.96687931880144,-2.3390954096167746,False,False,False,False,False,6.060873637819494
2023-09-11 00:00:00+00:00,80.1373673466,80.3096234503,79.2138832352,79.4579127155,1669559,71.98126167225325,74.5915633008602,,,,,,,68.6022232728029,73.38398524631859,"rgba(0, 255, 0, 1.0)",2.760816914400728,73.38398524631859,2.4461535515285426,0,,,0.0,0.0,0.0,0.0,54.64950170264946,-0.6555889727314863,False,False,True,False,True,7.881091460472046
2023-09-12 00:00:00+00:00,79.9938205936,80.7211241425,79.6110292521,79.6301688191,1761144,72.01742779722194,74.63019320404734,,,,,,,68.63158492830705,73.42491818785989,"rgba(0, 255, 0, 1.0)",2.682748160017448,73.42491818785989,2.4485721409263386,0,,,0.0,0.0,0.0,0.0,56.0502207233873,0.8074243021234437,True,False,True,False,True,7.588314752597427
2023-09-13 00:00:00+00:00,79.0272724562,80.5488680388,78.845446569,79.965111243,1849583,72.05211232776654,74.66555096248176,,,,,,,68.66056349656675,73.45770672240381,"rgba(0, 255, 0, 1.0)",2.5630955315590933,73.45770672240381,2.172984059789725,0,,,0.0,0.0,0.0,0.0,54.521609396518954,0.8074243021234437,False,False,True,False,True,5.631323479372053
2023-09-14 00:00:00+00:00,80.8742406791,81.1613341852,80.0033903771,80.0129601607,2842684,72.11335479302397,74.73227627468559,,,,,,,68.70973375207264,73.52969510965971,"rgba(0, 255, 0, 1.0)",2.4560904612404277,73.52969510965971,2.9903400079698144,0,,,0.0,0.0,0.0,0.0,56.880058711025725,1.6888728397726283,True,False,True,False,True,8.694888849516953
2023-09-15 00:00:00+00:00,80.7402637095,81.4914917173,80.213925615,80.4962342293,7622995,72.27590443375875,74.90802749983658,,,,,,,68.84109639025458,73.71080588557484,"rgba(0, 255, 0, 1.0)",2.314737136317648,73.71080588557484,3.0368276870987714,0,,,0.0,0.0,0.0,0.0,58.11593527099267,2.9590854707725285,True,False,True,False,True,8.422185822161271
2023-09-18 00:00:00+00:00,81.1421946181,81.5824046609,80.1277975631,80.8933802461,2163121,72.32164449411168,74.9571668402175,,,,,,,68.87827068866632,73.75992622234489,"rgba(0, 255, 0, 1.0)",2.225892577250582,73.75992622234489,3.3165429775023925,0,,,0.0,0.0,0.0,0.0,59.61376394435108,4.499185409574508,True,False,True,False,True,9.079700381283477
2023-09-19 00:00:00+00:00,80.1373673466,81.5919744444,80.1373673466,81.3240205054,2371400,72.36934933305291,75.00722419075178,,,,,,,68.91766095989684,73.8075311464747,"rgba(0, 255, 0, 1.0)",2.1053735530556508,73.8075311464747,3.0065145403476934,0,,,0.0,0.0,0.0,0.0,58.032243590345516,4.499185409574508,True,False,True,False,True,7.013487549747584
2023-09-20 00:00:00+00:00,81.5919744444,82.989162841,80.5967169565,81.1996133194,2117455,72.41711962868298,75.05981936525106,,,,,,,68.95590607836239,74.48306453408588,"rgba(0, 255, 0, 1.0)",2.0465518877078988,74.48306453408588,3.4736035538663823,0,,,0.0,0.0,0.0,0.0,59.45228810257612,4.499185409574508,True,False,True,False,True,9.394979868765425
2023-09-21 00:00:00+00:00,80.1373673466,81.6685327127,79.9555414594,81.3048809383,2532489,72.46670491548178,75.11108901154853,,,,,,,68.99729614017842,74.49733279467594,"rgba(0, 255, 0, 1.0)",1.9604712558204598,74.49733279467594,2.876876942306251,0,,,0.0,0.0,0.0,0.0,57.217725498009216,4.499185409574508,True,False,True,False,True,6.4824886100235695
2023-09-22 00:00:00+00:00,79.2665170447,80.7402637095,79.1421098587,80.0703788619,2537195,72.51051927240619,75.15349072400267,,,,,,,69.03537509597855,74.5052920187832,"rgba(0, 255, 0, 1.0)",1.9311782757738944,74.5052920187832,2.465450800500954,0,,,0.0,0.0,0.0,0.0,54.116558774607434,9.279875299366324,False,False,True,False,False,4.800111907246439
2023-09-25 00:00:00+00:00,79.6110292521,79.7928551393,78.7306091666,78.845446569,1336838,72.5323191922438,75.17388698083656,,,,,,,69.05469839179345,74.51012744573097,"rgba(0, 255, 0, 1.0)",1.9319092890783247,74.51012744573097,2.640342295161571,0,,,0.0,0.0,0.0,0.0,52.714995499239315,7.939685655453083,False,False,False,False,False,5.380375960866438
2023-09-26 00:00:00+00:00,77.6013747091,79.2473774776,77.5439560079,79.0368422398,1788697,72.55599705851938,75.19286594548605,,,,,,,69.07733031683256,74.4982332320928,"rgba(0, 255, 255, 0.75)",1.9156249256631537,74.4982332320928,1.6199107849533485,0,,,0.0,0.0,0.0,0.0,48.49483842694124,3.9686986344620223,False,True,False,False,False,1.6109864276660417
2023-09-27 00:00:00+00:00,76.7496639742,79.0368422398,76.5774078705,78.0415847518,2579520,72.58569329183393,75.21360879997125,,,,,,,69.10734715193726,74.47575716194862,"rgba(38, 166, 154, 1.0)",1.918018061981227,74.47575716194862,1.1855502600963719,0,,,0.0,0.0,0.0,0.0,44.55576110213482,0.378860838810418,False,True,False,True,False,0.08820577497939297
2023-09-28 00:00:00+00:00,76.9984783462,78.1803466131,76.8932107273,77.4195488219,2146148,72.60963914691433,75.22984224251901,,,,,,,69.13186838381048,74.46267146763336,"rgba(38, 166, 154, 1.0)",1.9213530544922843,74.46267146763336,1.319802663356283,0,,,0.0,0.0,0.0,0.0,42.486474083440775,-1.437210914653697,False,True,False,True,False,0.5294591797940669
2023-09-29 00:00:00+00:00,78.3956667427,80.6254263071,77.8980379988,79.9172623253,4353373,72.67376287633115,75.2864698724522,,,,,,,69.19084652217477,74.49908940545137,"rgba(0, 255, 0, 1.0)",1.921792478674078,74.49908940545137,2.0275744548324153,0,,,0.0,0.0,0.0,0.0,43.98620223248375,-1.437210914653697,False,True,False,True,False,2.9608776730793274
2023-10-02 00:00:00+00:00,78.2138408555,80.8646708955,77.1994438005,78.0033056177,5079452,72.74448315531461,75.34670683171896,,,,,,,69.25728985511549,74.53488513259973,"rgba(0, 255, 255, 0.75)",1.920866144611622,74.53488513259973,1.9152587665831937,0,,,0.0,0.0,0.0,0.0,44.67808063587948,-1.437210914653697,False,True,False,True,False,2.6243291128559854
2023-10-03 00:00:00+00:00,75.8979532393,77.8884682152,75.0079633703,77.3716999042,3277538,72.77068376048415,75.356868354462,76.2647949416,,,,,,69.28854788102755,74.85162578138072,"rgba(38, 166, 154, 0.5)",1.924416456772631,74.85162578138072,0.5437115517469817,0,,,0.0,0.0,0.0,0.0,41.82324391102703,-1.9414688112879475,False,True,False,True,False,0.0
2023-10-04 00:00:00+00:00,78.1372825872,78.2234106391,76.132412936,76.3381632821,2970061,72.8023514119637,75.37812725554767,76.85090959643921,,,,,,69.32159717698822,74.88100912328257,"rgba(0, 255, 255, 0.75)",1.9150408433411086,74.88100912328257,1.7003676319698358,0,,,0.0,0.0,0.0,0.0,43.89816228504105,-1.9414688112879475,False,True,False,True,False,2.3107017965295924
2023-10-05 00:00:00+00:00,79.4292033648,79.6588781698,78.0128754012,78.0128754012,3116880,72.84585443188237,75.41582887107019,77.57741526910603,,,,,,69.36245720483048,74.94576938749192,"rgba(0, 255, 0, 1.0)",1.8936476357994414,74.94576938749192,2.3676178675212243,0,,,0.0,0.0,0.0,0.0,47.11683395941684,-1.9414688112879475,False,True,False,True,True,4.381307122392588
2023-10-06 00:00:00+00:00,77.9745962671,79.3335055295,77.084606398,78.6636206818,3837570,72.8908955119765,75.44987345104164,77.73830293746623,,,,,,69.40764306432811,74.96936976306428,"rgba(0, 255, 255, 0.75)",1.8597646521535982,74.96936976306428,1.6159176380493527,0,,,0.0,0.0,0.0,0.0,47.191243270554864,-1.9414688112879475,False,True,False,True,True,1.8656979499464015
2023-10-09 00:00:00+00:00,78.5870624135,78.8550163526,77.3238509865,77.3525603371,2464731,72.92009832587453,75.47228626807247,77.81963957020045,,,,,,69.43682989186189,74.9853365747725,"rgba(0, 255, 255, 0.75)",1.8121577730362992,74.9853365747725,1.9875343594905395,0,,,0.0,0.0,0.0,0.0,48.136090082225245,-8.004124291434294,False,True,False,False,True,2.848086043131879
2023-10-10 00:00:00+00:00,80.0703788619,80.8168219778,78.5583530629,78.5583530629,2435729,72.95699365551192,75.50630513125859,78.08814417269453,,,,,,69.47055338737809,75.02978472770025,"rgba(0, 255, 0, 1.0)",1.6967910688658463,75.02978472770025,2.9706628156458526,0,,,0.0,0.0,0.0,0.0,50.75859205026331,-5.319720069006856,False,False,False,False,True,5.16629563016059
2023-10-11 00:00:00+00:00,82.118312539,82.2523852064,80.5201586882,80.730693926,3409688,73.02147889436979,75.57272886537737,78.64957435588548,,,,,,69.525614216428,75.12999741193661,"rgba(0, 255, 0, 1.0)",1.7236317808272013,75.12999741193661,4.054413016050082,0,,,0.0,0.0,0.0,0.0,54.76154292953717,-1.4385187497001297,True,False,True,False,True,8.190419564414103
2023-10-12 00:00:00+00:00,81.3431600724,81.7355211975,80.6829407061,81.1517644017,2703366,73.06972255093869,75.62116804554992,78.94031197326338,,,,,,69.56756945024955,75.19446566286977,"rgba(0, 255, 0, 1.0)",1.7458222299124475,75.19446566286977,3.521947598203385,0,,,0.0,0.0,0.0,0.0,56.17151650128755,-0.05836734559398593,True,False,True,False,True,6.8219055018168575
2023-10-13 00:00:00+00:00,81.4867068255,81.993905353,80.9507989474,81.8982075176,2727127,73.11913280811588,75.6711071424482,79.19708826913946,,,,,,69.61039319606168,75.2587871705079,"rgba(0, 255, 0, 1.0)",1.7582293849797008,75.2587871705079,3.5421542309532015,0,,,0.0,0.0,0.0,0.0,57.27698348695027,1.1073198817017271,True,False,True,False,True,7.033182903249116
2023-10-16 00:00:00+00:00,81.9843355695,82.2809988591,80.8933802461,82.0800334048,2356430,73.16258629378113,75.71535046880061,79.39996314377457,,,,,,69.64789958601801,75.31464241072152,"rgba(0, 255, 0, 1.0)",1.7851138906297848,75.31464241072152,3.7362843871129314,0,,,0.0,0.0,0.0,0.0,58.609860445457045,2.542322917168299,True,False,True,False,True,7.770163831831738
2023-10-17 00:00:00+00:00,82.8360463043,83.2284074294,81.4101485572,81.6111140115,2182679,73.20604174619525,75.76095316482807,79.61430626300174,,,,,,69.68464216700963,76.01442194440548,"rgba(0, 255, 0, 1.0)",1.8393099527302974,76.01442194440548,3.708795436988964,0,,,0.0,0.0,0.0,0.0,60.48857461292135,4.503941166574016,True,False,True,False,True,9.019658658664667
2023-10-18 00:00:00+00:00,82.0704636213,82.759488036,81.2378924535,82.3575571274,1689840,73.23772310030184,75.79340907076747,79.73699106417362,,,,,,69.71190810349259,76.04231596655565,"rgba(0, 255, 0, 1.0)",1.8745083714354442,76.04231596655565,3.215855285899931,0,,,0.0,0.0,0.0,0.0,60.23132887271416,4.503941166574016,True,False,True,False,True,7.611387673701298
2023-10-19 00:00:00+00:00,80.3096234503,82.0321844872,80.1469371302,81.5345557432,3790584,73.29842830971862,75.85129125562419,79.84903942614312,,,,,,69.76674886895668,76.06239311218444,"rgba(0, 255, 0, 1.0)",1.8737322364639248,76.06239311218444,2.2667221364194794,0,,,0.0,0.0,0.0,0.0,57.04688887443014,4.503941166574016,True,False,True,False,False,4.484657628223708
2023-10-20 00:00:00+00:00,80.2809140997,81.1326248346,80.0129601607,80.4531702034,2596790,73.33752890086826,75.8874161289695,79.89016243824206,,,,,,69.80281453791456,76.08043472160384,"rgba(0, 255, 0, 1.0)",1.8587145354877492,76.08043472160384,2.259884074664486,0,,,0.0,0.0,0.0,0.0,54.878195590427715,4.503941166574016,True,False,True,False,False,4.434638312314817
2023-10-23 00:00:00+00:00,79.4196335813,79.9459716759,79.1803889929,79.5344709838,3080826,73.37720257285906,75.92073189349989,79.86308003868672,,,,,,69.84146774043883,76.08117854795756,"rgba(0, 255, 255, 0.75)",1.8263607177967127,76.08117854795756,1.8279275286701802,0,,,0.0,0.0,0.0,0.0,52.05072677798918,7.866944519833339,False,False,False,False,False,2.9333199491510484
2023-10-24 00:00:00+00:00,80.6637054412,80.9603687309,79.9268321088,80.0703788619,3474022,73.42853409135486,75.96783899310145,79.91234123163771,,,,,,69.88916163130867,76.11865397387824,"rgba(0, 255, 0, 1.0)",1.7868458184929308,76.11865397387824,2.543617037509796,0,,,0.0,0.0,0.0,0.0,52.225703897166376,7.866944519833339,False,False,False,False,False,4.886486911807111
2023-10-25 00:00:00+00:00,79.1134005081,80.6254263071,78.969853755,80.108657996,3161218,73.4684486168719,76.0011190745054,79.89035028569376,,,,,,69.92835635740066,76.13060745514045,"rgba(0, 255, 255, 0.75)",1.770176774819736,76.13060745514045,1.6850255270484498,0,,,0.0,0.0,0.0,0.0,49.95076020487341,5.635094209925569,False,False,False,False,False,2.2250946492013846
2023-10-26 00:00:00+00:00,79.467482499,80.3861817186,79.4004940142,79.4387731484,2602441,73.50188825700445,76.02943115881295,79.88337913222414,,,,,,69.9609896667811,76.14564063016132,"rgba(0, 255, 255, 0.75)",1.7292176491934004,76.14564063016132,1.9210085383920061,0,,,0.0,0.0,0.0,0.0,49.03742343649563,4.615010066226276,False,True,False,False,False,2.785779636351311
2023-10-27 00:00:00+00:00,77.8501890811,80.1947860479,77.7927703799,79.8885529747,2481009,73.52768875750556,76.04788948760356,79.82537793928597,,,,,,69.9883037017917,76.14191937256177,"rgba(38, 166, 154, 0.5)",1.715567400483059,76.14191937256177,0.9957461933918894,0,,,0.0,0.0,0.0,0.0,46.181766250319356,1.768261228543352,False,True,False,True,False,0.08943728646277549
2023-10-30 00:00:00+00:00,78.3478178251,79.1995285599,77.3238509865,78.7114695995,5863589,73.58384352880306,76.0851320043615,79.67592313436661,,,,,,70.04979083928616,76.54663506671258,"rgba(38, 166, 154, 1.0)",1.6801000870289704,76.54663506671258,1.072068725127299,0,,,0.0,0.0,0.0,0.0,45.19266395018923,0.7125900571493347,False,True,False,True,False,0.8959428605193622
2023-10-31 00:00:00+00:00,80.0129601607,81.9651960024,78.9842084303,80.1277975631,4149342,73.63958811291593,76.1343322129564,79.71749071248333,,,,,,70.10334025035624,76.63002889006034,"rgba(0, 255, 0, 1.0)",1.6250333310535212,76.63002889006034,2.0817611589828005,0,,,0.0,0.0,0.0,0.0,47.27892047439758,0.7125900571493347,False,True,False,True,False,3.5234722921138015
2023-11-01 00:00:00+00:00,81.7546607646,81.7929398987,79.4961918496,80.233065182,2960950,73.68287908304526,76.17445180603191,79.77453112370921,,,,,,70.14378442260906,76.69110162228927,"rgba(0, 255, 0, 1.0)",1.5671059988335918,76.69110162228927,3.2311529316329466,0,,,0.0,0.0,0.0,0.0,50.984315450166676,-4.6482207019913915,False,False,False,False,True,6.1298230756104815
2023-11-02 00:00:00+00:00,84.0226994631,84.2810836186,82.3001384262,82.9604534903,2733347,73.73597551594324,76.22988659179991,79.9212173814564,,,,,,70.18944797508512,76.79722507219086,"rgba(0, 255, 0, 1.0)",1.6272777210309635,76.79722507219086,4.440222033109035,0,,,0.0,0.0,0.0,0.0,55.81269231545227,-0.16180132015459492,True,False,True,False,True,9.312573252688484
2023-11-03 00:00:00+00:00,84.644735393,85.8313885517,84.4294152634,84.9796778168,2553743,73.79225244624712,76.29094896448552,80.0987109752147,,,,,,70.2363843212722,77.66679689923646,"rgba(0, 255, 0, 1.0)",1.7304053894959348,77.66679689923646,4.032545515704971,0,,,0.0,0.0,0.0,0.0,59.593247274613915,3.2321950743376746,True,False,True,False,True,10.151282971541484
2023-11-06 00:00:00+00:00,84.3480721033,84.6734447436,83.6064138792,84.2810836186,1900550,73.83094998762552,76.33191418443154,80.20354718287362,,,,,,70.26933212868074,77.71625731776979,"rgba(0, 255, 0, 1.0)",1.8153267799163717,77.71625731776979,3.653234700716377,0,,,0.0,0.0,0.0,0.0,61.55490261432833,4.938631582507597,True,False,True,False,True,9.625444146154411
2023-11-07 00:00:00+00:00,81.9651960024,83.0465815422,81.9173470847,82.0896031884,9873998,73.99148965609699,76.48837871280963,80.44996538723821,,,,,,70.41504736363902,77.80686384697401,"rgba(0, 255, 0, 1.0)",1.8337882091565292,77.80686384697401,2.267618547584983,0,,,0.0,0.0,0.0,0.0,58.919057094242305,4.938631582507597,True,False,True,False,True,5.548538185550143
2023-11-08 00:00:00+00:00,82.6542204171,82.9987326245,81.8025096822,82.3862664781,12513550,74.19052696199476,76.68091292291169,80.71276663306341,,,,,,70.5973752631931,77.98781696140489,"rgba(0, 255, 0, 1.0)",1.8662386403962434,77.98781696140489,2.5004323427277972,0,,,0.0,0.0,0.0,0.0,58.00153760609822,4.938631582507597,True,False,True,False,False,6.521931388603573
2023-11-09 00:00:00+00:00,80.9986478651,83.5585649615,80.9125198132,83.0896455681,2633845,74.22798900252528,76.71543006907086,80.74214962907071,,,,,,70.63295420566534,78.01163358092253,"rgba(0, 255, 255, 0.75)",1.872174161493118,78.01163358092253,1.59547885320414,0,,,0.0,0.0,0.0,0.0,55.0383377372805,4.938631582507597,True,False,True,False,False,3.8136373102567838
2023-11-10 00:00:00+00:00,82.2809988591,82.4676096381,81.2857413712,81.8120794658,4190376,74.28829627843655,76.77138957875952,80.79342459637188,,,,,,70.69004108758908,78.05477927400885,"rgba(0, 255, 0, 1.0)",1.874538349242845,78.05477927400885,2.2545388771577706,0,,,0.0,0.0,0.0,0.0,54.702649758234195,11.538057500139331,True,False,True,False,False,5.634991557784648
2023-11-13 00:00:00+00:00,82.3766966945,82.5598202744,81.326145631,81.8658782875,2581089,74.32534152457166,76.80576557526298,80.82484376970888,,,,,,70.72515437767555,78.08222604580783,"rgba(0, 255, 0, 1.0)",1.8722764691353506,78.08222604580783,2.2937160827938134,0,,,0.0,0.0,0.0,0.0,54.599496537854456,11.177862703831693,True,False,True,False,False,5.769875998489411
2023-11-14 00:00:00+00:00,83.7934949178,84.9018744802,83.6971140863,84.6705604845,3894076,74.39510830776288,76.87653624843082,80.94165808320251,,,,,,70.78717521060929,78.16994077678905,"rgba(0, 255, 0, 1.0)",1.9180417703262527,78.16994077678905,2.931924751594126,0,,,0.0,0.0,0.0,0.0,56.258395372518805,11.177862703831693,True,False,True,False,False,7.745580784913496
2023-11-15 00:00:00+00:00,83.1573814298,84.5187606749,83.1140100556,83.6874760031,3461735,74.45294379799628,76.93376288873581,81.02251684363442,,,,,,70.83964259999007,78.2331847761803,"rgba(0, 255, 0, 1.0)",1.955013421298686,78.2331847761803,2.5187533752830364,0,,,0.0,0.0,0.0,0.0,56.30895381999915,11.177862703831693,True,False,True,False,False,6.677680108561848
2023-11-16 00:00:00+00:00,83.6296475042,84.4006941563,83.234486095,83.3405050097,2340717,74.49230969794444,76.97281444552688,81.07764887086402,,,,,,70.87531351858199,78.27646302824192,"rgba(0, 255, 0, 1.0)",2.001437868027089,78.27646302824192,2.6746693272247106,0,,,0.0,0.0,0.0,0.0,56.947044109770246,11.177862703831693,True,False,True,False,False,7.339209567535395
2023-11-17 00:00:00+00:00,84.3235894911,84.6030939025,83.393514467,84.3043133248,2196733,74.53034387625236,77.01093929900172,81.13394109561186,,,,,,70.90952094039085,78.32014851668859,"rgba(0, 255, 0, 1.0)",2.0640779975407453,78.32014851668859,2.9085339708888087,0,,,0.0,0.0,0.0,0.0,58.249705749502866,11.177862703831693,True,False,True,False,True,8.307430296648558
2023-11-20 00:00:00+00:00,85.3452263051,85.8584542329,84.1211897449,84.3717799069,2897386,74.58525004273359,77.06761561629418,81.22902685216057,,,,,,70.95777293964179,78.39126001295438,"rgba(0, 255, 0, 1.0)",2.1441061078083763,78.39126001295438,3.2432939148024267,0,,,0.0,0.0,0.0,0.0,60.32609984151806,11.177862703831693,True,False,True,False,True,9.710970368189955
2023-11-21 00:00:00+00:00,85.528349885,85.9138732111,84.665741443,84.9500648959,2032705,74.62437842436768,77.10818203059229,81.29737388217941,,,,,,70.99205043442579,78.44227181593124,"rgba(0, 255, 0, 1.0)",2.2336008137603462,78.44227181593124,3.172490816359929,0,,,0.0,0.0,0.0,0.0,61.92261140190387,6.832689973998768,True,False,True,False,True,9.961316431978318
2023-11-22 00:00:00+00:00,85.4897975524,86.2608442045,84.7091128172,86.2126537888,1674477,74.65674791588,77.14177285527958,81.3535768787791,,,,,,71.02039419296432,78.48428555860046,"rgba(0, 255, 0, 1.0)",2.314946337102363,78.48428555860046,3.026209239289927,0,,,0.0,0.0,0.0,0.0,62.89722113893551,7.960713337108167,True,False,True,False,True,9.891389494199647
2023-11-24 00:00:00+00:00,86.3765012023,86.4728820338,84.9115125633,85.460883303,920030,74.67516010537047,77.16106800670201,81.38699368745084,,,,,,71.03638583603012,78.50900445903888,"rgba(0, 255, 0, 1.0)",2.4193715503176514,78.50900445903888,3.2518761916614936,0,,,0.0,0.0,0.0,0.0,64.65650984803764,9.817057110834334,True,False,True,False,True,11.125217076710406
2023-11-27 00:00:00+00:00,86.8584053599,87.3499476006,86.1162729572,86.357225036,2336341,74.72517973073919,77.21443084589951,81.48528534816616,,,,,,71.0791642660517,79.33400733407919,"rgba(0, 255, 0, 1.0)",2.535250975770859,79.33400733407919,2.9679105136851294,0,,,0.0,0.0,0.0,0.0,66.39770551485863,11.61498173188702,True,False,True,False,True,11.78951254304003
2023-11-28 00:00:00+00:00,86.0777206246,86.8680434431,85.7307496312,86.1741014562,2676751,74.77939168389307,77.27137363029891,81.58233301548613,,,,,,71.12618516299891,79.38866743911322,"rgba(0, 255, 0, 1.0)",2.619134067491604,79.38866743911322,2.553917826701029,0,,,0.0,0.0,0.0,0.0,65.52848866812889,11.61498173188702,True,False,True,False,True,10.322664255272542
2023-11-29 00:00:00+00:00,85.0078933948,86.6270913643,84.8054936487,86.482520117,2534477,74.8269412055834,77.32019732951125,81.65645572584994,,,,,,71.1682540514748,79.42656586518989,"rgba(0, 255, 0, 1.0)",2.671437677937635,79.42656586518989,2.089259867712481,0,,,0.0,0.0,0.0,0.0,62.479992256930764,11.61498173188702,True,False,True,False,False,8.352739174211202
2023-11-30 00:00:00+00:00,85.8753208785,85.9909778763,84.3139514079,85.0078933948,6974951,74.9545955144715,77.45021434425371,81.8422989270106,,,,,,71.28207182507839,79.54869016222327,"rgba(0, 255, 0, 1.0)",2.7404047117699974,79.54869016222327,2.3086483135516276,0,,,0.0,0.0,0.0,0.0,61.812062951051566,11.61498173188702,True,False,True,False,False,9.601972061746146
2023-12-01 00:00:00+00:00,86.2222918719,87.1379097713,85.3066739725,85.8656827953,3281607,75.01827863694187,77.51618078441564,81.94243775114838,,,,,,71.33810218975646,79.62704445215665,"rgba(0, 255, 0, 1.0)",2.8140946203335364,79.62704445215665,2.3436480678683265,0,,,0.0,0.0,0.0,0.0,61.88920354303365,11.61498173188702,True,False,True,False,False,10.098506880369943
2023-12-04 00:00:00+00:00,86.5692628654,86.7234721958,85.051264769,85.5572641345,3011753,75.07553934796192,77.57511782073108,82.0281833007039,,,,,,71.38878730914286,79.69347629366978,"rgba(0, 255, 0, 1.0)",2.8805201108171237,79.69347629366978,2.386994815939598,0,,,0.0,0.0,0.0,0.0,62.46944543976666,11.61498173188702,True,False,True,False,False,10.597462546514713
2023-12-05 00:00:00+00:00,86.6270913643,86.8969576925,86.0873587078,86.2704822877,3330269,75.14056865480575,77.64253225247114,82.12837234606441,,,,,,71.44602579723635,79.77294714747696,"rgba(0, 255, 0, 1.0)",2.935178261997062,79.77294714747696,2.33517136099242,0,,,0.0,0.0,0.0,0.0,62.94846419742771,11.61498173188702,True,False,True,False,False,10.68155663537312
2023-12-06 00:00:00+00:00,84.256122909,87.0605159636,84.1115516618,86.7427483621,3682795,75.20293348417344,77.70440797426149,82.20066514916921,,,,,,71.50301941870273,79.82672471437346,"rgba(0, 255, 255, 0.75)",2.921642666803484,79.82672471437346,1.5160643171578088,0,,,0.0,0.0,0.0,0.0,57.827763550488925,12.152866953902247,True,False,True,False,False,6.243344416906098
2023-12-07 00:00:00+00:00,84.3428656574,84.5838177362,83.8031330009,84.506713071,2512316,75.24122335980476,77.74100192390924,82.23354531547487,,,,,,71.5390817570472,79.85038658272487,"rgba(0, 255, 255, 0.75)",2.8965819765936316,79.85038658272487,1.5509587199594013,0,,,0.0,0.0,0.0,0.0,54.59169337377158,9.182078675006906,False,False,True,False,False,6.376046511545017
2023-12-08 00:00:00+00:00,84.5452654036,84.8536840644,83.6681998368,83.8513234167,2072769,75.27296237532278,77.77140335897431,82.26136014479818,,,,,,71.56894338214553,80.40607525768397,"rgba(38, 166, 154, 1.0)",2.8923566916746104,80.40607525768397,1.4310787316897395,0,,,0.0,0.0,0.0,0.0,52.87435745107939,7.6645669165478125,False,True,False,False,False,6.6899515862964805
2023-12-11 00:00:00+00:00,84.8825983139,84.9886172285,84.1211897449,84.4199703226,2220005,75.30785768607052,77.80516665464637,82.2946228830784,,,,,,71.60153995546372,80.43879526430443,"rgba(0, 255, 255, 0.75)",2.878665023331938,80.43879526430443,1.5437027280277478,0,,,0.0,0.0,0.0,0.0,52.48064360466181,7.309367964008331,False,True,False,False,False,7.217259633282122
2023-12-12 00:00:00+00:00,85.3934167209,85.8271304627,84.6801985677,85.1331884758,2140746,75.34353355077259,77.84040329267816,82.33421710810659,,,,,,71.6343426637676,80.48262209617059,"rgba(0, 255, 255, 0.75)",2.882498381385108,80.48262209617059,1.7036591092098612,0,,,0.0,0.0,0.0,0.0,53.33102270613459,7.309367964008331,False,True,False,False,False,8.016230855189292
2023-12-13 00:00:00+00:00,87.5619854299,88.0535276707,85.0464457274,85.528349885,2712684,75.39552441482785,77.89397964674625,82.4089735573839,,,,,,71.68048535817454,80.57370396809527,"rgba(0, 255, 0, 1.0)",2.9367336136509605,80.57370396809527,2.37961026812945,0,,,0.0,0.0,0.0,0.0,57.55524910600465,2.5695035338719023,True,False,True,False,True,11.270354777789443
2023-12-14 00:00:00+00:00,88.5450699114,90.0389727998,87.6776424278,88.6607269092,5067553,75.50697765213664,78.01280795511144,82.59779275984938,,,,,,71.77642990105946,81.50001259933386,"rgba(0, 255, 0, 1.0)",3.0354583637968426,81.50001259933386,2.3209204237787597,0,,,1.0,0.0,90.03897,532.0,61.60062728599992,6.281856280186844,True,False,True,False,True,12.671057089910889
2023-12-15 00:00:00+00:00,87.504156931,88.9595074869,86.5499866991,88.5257937451,7152979,75.6485661858667,78.15971120433117,82.80231457184406,,,,,,71.90151687972264,81.64251965664911,"rgba(0, 255, 255, 0.75)",3.096651975316122,81.64251965664911,1.892895075415279,0,,,0.0,0.0,0.0,0.0,61.691832279844064,6.281936834649663,True,False,True,False,True,10.63745671271882
2023-12-18 00:00:00+00:00,86.8776815262,89.1233549005,86.1451872067,89.1233549005,3144927,75.70830791002817,78.22097403680988,82.88207266512158,,,,,,71.95489552221856,81.69876169022484,"rgba(0, 255, 255, 0.75)",3.1382512920829844,81.69876169022484,1.6502565772984057,0,,,0.0,0.0,0.0,0.0,60.326927365837605,6.281936834649663,True,False,True,False,True,9.434656115584943
2023-12-19 00:00:00+00:00,87.0222527735,87.773637736,86.8198530273,87.118633605,2094655,75.74716441897826,78.26054917974754,82.93164373227607,,,,,,71.98983902867681,81.73303262120916,"rgba(0, 255, 255, 0.75)",3.1764012748094754,81.73303262120916,1.6651611980630792,0,,,0.0,0.0,0.0,0.0,59.66073372098157,6.281936834649663,True,False,True,False,True,9.650789595185529
2023-12-20 00:00:00+00:00,85.3259501388,87.0704431892,85.2873978062,86.7138341126,3196551,75.79923262949261,78.31152378831648,82.98259860341632,,,,,,72.03829008350381,81.75119401933016,"rgba(38, 166, 154, 1.0)",3.1532386123590617,81.75119401933016,1.1336776435055207,0,,,0.0,0.0,0.0,0.0,55.676991931377145,11.166384890240181,False,False,True,False,False,6.436662814676467
2023-12-21 00:00:00+00:00,86.6945579463,86.7138341126,84.9789791454,86.1741014562,2097228,75.83389167714958,78.34562250455211,83.01770476952089,,,,,,72.07043029805376,81.76950073376439,"rgba(0, 255, 255, 0.75)",3.168372266985124,81.76950073376439,1.5544439849620517,0,,,0.0,0.0,0.0,0.0,55.44565792678171,10.89189845970963,False,True,True,False,False,8.514950142873769
2023-12-22 00:00:00+00:00,86.7041960295,87.8993183402,86.5114343665,87.0704431892,2187661,75.87296924124279,78.384993993659,83.06395921244601,,,,,,72.10595863207031,81.80449740225535,"rgba(0, 255, 255, 0.75)",3.1880550558488876,81.80449740225535,1.5368927265718118,0,,,0.0,0.0,0.0,0.0,55.3075867117935,10.584081757600828,False,True,True,False,False,8.529428811703095
2023-12-26 00:00:00+00:00,87.186100187,87.4559665153,86.2608442045,86.7041960295,1008356,75.8907761481411,78.40287436993215,83.08454997023247,,,,,,72.12220069561114,81.81995891757917,"rgba(0, 255, 255, 0.75)",3.214169639179341,81.81995891757917,1.6695264630745918,0,,,0.0,0.0,0.0,0.0,56.05331695619388,10.584081757600828,False,False,True,False,False,9.259859797418965
2023-12-27 00:00:00+00:00,87.754747093,87.7740232593,86.925871942,87.1475478544,1330682,75.91528104714533,78.42777472012914,83.11496803145009,,,,,,72.14432526514142,81.8451390741237,"rgba(0, 255, 255, 0.75)",3.261373692653337,81.8451390741237,1.8119996589745182,0,,,0.0,0.0,0.0,0.0,57.50768567399547,10.584081757600828,False,False,True,False,False,10.118334884007215
2023-12-28 00:00:00+00:00,87.8607660076,88.0246134212,87.2535667691,87.4656045984,1318339,75.93993334809696,78.45292773248707,83.14624359632627,,,,,,72.16650685135919,81.8718038477962,"rgba(0, 255, 255, 0.75)",3.30549644771323,81.8718038477962,1.8118192696734008,0,,,0.0,0.0,0.0,0.0,58.657792507538815,10.584081757600828,False,False,True,False,True,10.27912378103812
2023-12-29 00:00:00+00:00,86.9065957757,87.8993183402,86.800576861,87.3499476006,2331407,75.98139757572572,78.49464193648431,83.194451954275,,,,,,72.20429555388947,81.9099256185228,"rgba(0, 255, 255, 0.75)",3.3150630656286424,81.9099256185228,1.5072624738225495,0,,,0.0,0.0,0.0,0.0,57.000567452337435,10.584081757600828,False,False,True,False,True,8.381456882814664
2024-01-02 00:00:00+00:00,86.9740623577,87.3499476006,86.5403486159,87.0415289398,1906274,76.01433212703087,78.527494486748,83.23064509794652,,,,,,72.23454529917005,81.93751767258655,"rgba(0, 255, 255, 0.75)",3.343817909589244,81.93751767258655,1.5062257638700627,0,,,0.0,0.0,0.0,0.0,56.03767315814217,10.581506903963408,False,True,True,False,False,8.488242422345763
2024-01-03 00:00:00+00:00,85.6921972986,87.0222527735,85.5476260513,86.5499866991,2079226,76.04719972407374,78.55937946358735,83.26032396892455,,,,,,72.26546243528178,81.95593872099947,"rgba(38, 166, 154, 1.0)",3.351410837822011,81.95593872099947,1.114831561512946,0,,,0.0,0.0,0.0,0.0,52.488689247818286,7.119766080156509,False,True,False,False,False,5.97184699788826
2024-01-04 00:00:00+00:00,85.4897975524,86.2222918719,85.1090932679,85.721111548,1824892,76.07449912221107,78.58537203000589,83.28152897723751,,,,,,72.29154526657206,81.96697148894074,"rgba(38, 166, 154, 1.0)",3.358723698081673,81.96697148894074,1.0488585487014954,0,,,0.0,0.0,0.0,0.0,49.710699264997814,4.505219716198475,False,True,False,False,False,5.5805330908694515
2024-01-05 00:00:00+00:00,85.3163120557,86.1259110404,84.7187509003,85.6150926334,3058832,76.11886121915101,78.62716056809164,83.31294213183112,,,,,,72.33431778287478,82.44580600488565,"rgba(38, 166, 154, 0.5)",3.3538222334755945,82.44580600488565,0.8558909360677749,0,,,0.0,0.0,0.0,0.0,47.49028488723849,2.4501612593735445,False,True,False,True,False,5.24136368373356
2024-01-08 00:00:00+00:00,86.5596247822,86.5692628654,85.1042742264,85.2873978062,1787172,76.14650257792776,78.65381002226646,83.33683485949652,,,,,,72.3604948819564,82.47384692698884,"rgba(38, 166, 154, 1.0)",3.3746992648822864,82.47384692698884,1.2107087282497984,0,,,0.0,0.0,0.0,0.0,49.13868280047342,2.4501612593735445,False,True,False,False,False,7.324460207135193
2024-01-09 00:00:00+00:00,86.3475869529,86.9451481083,85.4348604784,85.7018353817,1731706,76.17358214818988,78.68002039842357,83.3609640108947,,,,,,72.38606822217152,82.4982171133784,"rgba(38, 166, 154, 1.0)",3.3781396628843092,82.4982171133784,1.1394939889000761,0,,,0.0,0.0,0.0,0.0,49.713424068146054,2.4501612593735445,False,True,False,False,False,6.898865525135456
2024-01-10 00:00:00+00:00,87.4463284321,87.7643851761,86.3475869529,86.4728820338,1881721,76.20558546095161,78.71182487551033,83.39517128242683,,,,,,72.41563537405041,82.54116470530828,"rgba(38, 166, 154, 1.0)",3.3832543972806084,82.54116470530828,1.4498359126450553,0,,,0.0,0.0,0.0,0.0,52.48775972381709,-2.6541187328768387,False,True,False,False,True,8.710896191689997
2024-01-11 00:00:00+00:00,86.7234721958,87.7065566772,86.5017962833,87.3403095175,1505121,76.23056589510887,78.73647077033063,83.42061206307261,,,,,,72.43886701441619,82.56772623898564,"rgba(38, 166, 154, 1.0)",3.3794258198774654,82.56772623898564,1.2297195376713552,0,,,0.0,0.0,0.0,0.0,52.48875607117651,-2.566748308960854,False,True,False,False,True,7.241853481624172
2024-01-12 00:00:00+00:00,88.6028984103,88.776383907,87.2824810186,87.2824810186,1937034,76.26624448684831,78.77272656361443,83.46408766570546,,,,,,72.47120395966006,82.62191709288797,"rgba(0, 255, 255, 0.75)",3.3652938239437504,82.62191709288797,1.7772538239775406,0,,,0.0,0.0,0.0,0.0,55.88841632624965,0.7500195996909582,False,True,True,False,True,10.25623125891184
2024-01-16 00:00:00+00:00,88.0149753381,88.8920409048,87.9185945065,88.4486890799,2243451,76.3074901465752,78.81461345020966,83.51403353859982,,,,,,72.50862032259822,83.22666197530053,"rgba(38, 166, 154, 1.0)",3.311078782793029,83.22666197530053,1.4461490278284272,0,,,0.0,0.0,0.0,0.0,56.71772268231469,1.595386205695732,False,False,True,False,True,9.062497167893394
2024-01-17 00:00:00+00:00,86.3957773686,88.2173750842,84.8681411891,86.7331102789,2005167,76.3386640420705,78.84474911319522,83.54142742774484,,,,,,72.53815127443036,83.20102349483163,"rgba(38, 166, 154, 0.5)",3.2330003406970893,83.20102349483163,0.9881699774518181,0,,,0.0,0.0,0.0,0.0,53.91531696550154,1.595386205695732,False,True,True,False,True,5.879943921223894
2024-01-18 00:00:00+00:00,85.7885781301,86.8776815262,85.1139123095,86.4054154518,2284214,76.3719745493992,78.87626800818089,83.56614925842405,,,,,,72.5702795634209,83.18391470050517,"rgba(38, 166, 154, 0.5)",3.1791320098694364,83.18391470050517,0.8193001805237422,0,,,0.0,0.0,0.0,0.0,50.97770621507002,6.336046019935857,False,True,False,False,False,4.724967982155398
2024-01-19 00:00:00+00:00,86.5981771148,86.9451481083,85.2873978062,86.6174532811,1946603,76.4012132957249,78.9042309200709,83.58988214902386,,,,,,72.59825245219155,83.19047512091498,"rgba(38, 166, 154, 1.0)",3.1244906007352324,83.19047512091498,1.0906424212264032,0,,,0.0,0.0,0.0,0.0,50.64333758344077,5.988969220119721,False,True,False,False,False,6.064302103110947
2024-01-22 00:00:00+00:00,85.721111548,87.3306714343,85.653644966,86.67528178,2170776,76.43347925687897,78.93499066007554,83.6154589546041,,,,,,72.62921754512625,83.20014687836384,"rgba(38, 166, 154, 0.5)",2.983759068764175,83.20014687836384,0.8448955198920604,0,,,0.0,0.0,0.0,0.0,48.82716368838977,4.166828265174331,False,True,False,False,False,4.3916759561530725
2024-01-23 00:00:00+00:00,84.8729602307,86.3475869529,84.3332275742,85.7307496312,2408446,76.46522054763605,78.96394954155159,83.63211321366538,,,,,,72.66076874368606,83.18688352037397,"rgba(38, 166, 154, 0.5)",2.901708502575198,83.18688352037397,0.5810634351554199,0,,,0.0,0.0,0.0,0.0,46.22520827607838,1.6292346629404335,False,True,False,True,False,2.80749112917157
2024-01-24 00:00:00+00:00,83.9766184976,86.6945579463,83.8898757493,86.6945579463,1942212,76.4896849731285,78.9858758303164,83.64247996576634,,,,,,72.68542767652988,83.17424201357593,#000000,2.8476227135324383,83.17424201357593,0.28177064335490165,0,,,0.0,0.0,0.0,0.0,43.16498061056973,-1.2813901730792878,False,True,False,True,False,1.1684856650146145
2024-01-25 00:00:00+00:00,84.063361246,85.5861783839,83.7163902526,85.2873978062,1790739,76.5110469712842,79.00458520707791,83.64879062162184,,,,,,72.70733379519719,83.15900986867496,#000000,2.751069147755644,83.15900986867496,0.32872724339292725,0,,,0.0,0.0,0.0,0.0,41.339180530341956,-3.005416871041632,False,True,False,True,False,1.3217467148921216
2024-01-26 00:00:00+00:00,84.2272086596,84.6127319856,83.6392855874,84.2946752416,1293314,76.52583263101982,79.01728974534545,83.65163965624235,,,,,,72.72270749645529,83.14638980145772,#000000,2.667374538240809,83.14638980145772,0.40519951084751044,0,,,0.0,0.0,0.0,0.0,40.55364504475155,-3.8119096228878604,False,True,False,True,False,1.6153598801907485
2024-01-29 00:00:00+00:00,84.0151708303,84.5452654036,83.3405050097,84.1211897449,1580945,76.5433747090151,79.03215599726352,83.65377447425534,,,,,,72.74112851781229,83.13029185746105,#000000,2.6189050252269204,83.13029185746105,0.33788127645532906,0,,,0.0,0.0,0.0,0.0,39.656578303407464,-4.805286829918714,False,True,False,True,False,1.214289772957951
2024-01-30 00:00:00+00:00,83.7838568346,84.1501039944,83.2055718455,83.9284280819,2878047,76.57401335715743,79.05761122977913,83.65449766224731,,,,,,72.77375407095242,83.09993031783257,#000000,2.605702633885974,83.09993031783257,0.2624729728838879,0,,,0.0,0.0,0.0,0.0,38.6378616355461,-5.959829789592831,False,True,False,True,False,0.7727397374246863
2024-01-31 00:00:00+00:00,83.3790573423,84.8344078981,83.3212288434,84.3525037406,2766577,76.60375837193737,79.08250590462812,83.6567000914248,,,,,,72.80530905229821,83.0785186585416,#000000,2.5829344204663998,83.0785186585416,0.11635552237680735,0,,,0.0,0.0,0.0,0.0,37.22311378634946,-7.501069925528078,False,True,False,True,False,0.0
2024-02-01 00:00:00+00:00,85.0368076443,85.1139123095,82.5116298586,83.1862956792,4542582,76.65458190380102,79.12600719370808,83.66721404668561,,,,,,72.85848334141619,83.06238761530417,"rgba(38, 166, 154, 0.5)",2.5589828432462345,83.06238761530417,0.7715643870793382,0,,,0.0,0.0,0.0,0.0,40.95106302359902,-7.501069925528078,False,True,False,True,True,3.0745180226053606
2024-02-02 00:00:00+00:00,84.7476651498,85.3163120557,82.3092301125,84.0248089134,3900348,76.69713285145028,79.16207919315181,83.67441555412597,84.12440243933335,,,,,72.90336216232897,83.35979909642423,"rgba(38, 166, 154, 0.5)",2.541096626677484,83.35979909642423,0.5461681538613611,0,,,0.0,0.0,0.0,0.0,42.801141306487835,-12.609414583092374,False,True,False,True,True,2.5084641389372635
2024-02-05 00:00:00+00:00,83.3790573423,84.2657609922,82.9357055173,83.7067521694,2726449,76.7242203785472,79.1839875017116,83.67280832774912,83.87854912368489,,,,,72.9328625638442,83.32924075581018,#000000,2.5367558190129302,83.32924075581018,0.019637911586306893,0,,,0.0,0.0,0.0,0.0,41.39780424631354,-12.609414583092374,False,True,False,True,True,0.0
2024-02-06 00:00:00+00:00,83.3983335086,84.4874369047,83.1959337624,83.3019526771,2821153,76.75270632844132,79.20728965324714,83.67304338222918,83.82341340615164,,,,,72.96369433843441,83.31242608353219,#000000,2.52336868486333,83.31242608353219,0.034044737728236144,0,,,0.0,0.0,0.0,0.0,40.516051096388225,-12.609414583092374,False,True,False,True,True,0.0
2024-02-07 00:00:00+00:00,83.620009421,84.2464848259,82.5309060249,83.6103713379,2645094,76.77833310167047,79.22782022912885,83.67090044357911,83.74519316356543,,,,,72.99183083945813,83.29326122783252,#000000,2.475255739389218,83.29326122783252,0.1320058319501629,0,,,0.0,0.0,0.0,0.0,40.585212771054685,-12.609414583092374,False,True,False,True,True,0.348372065335127
2024-02-08 00:00:00+00:00,83.8320472504,84.2657609922,82.8489627689,83.4561620075,2161891,76.79970312747483,79.24517260155802,83.67071626846548,83.7305930162738,,,,,73.01511578329851,83.2833423323583,#000000,2.423491188294679,83.2833423323583,0.22641094000750073,0,,,0.0,0.0,0.0,0.0,41.278438710327144,-12.609414583092374,False,True,False,True,True,0.7592935901929785
2024-02-09 00:00:00+00:00,84.4874369047,84.506713071,83.109191014,83.67783792,2124100,76.8217450832702,79.26357047072597,83.67368675004083,83.76999803858067,,,,,73.0387206490248,83.28151333305121,"rgba(38, 166, 154, 0.5)",2.3429584966199464,83.28151333305121,0.5147012093421688,0,,,0.0,0.0,0.0,0.0,43.655501592176336,-11.187223555892324,False,True,False,True,True,2.0262062877983134
2024-02-12 00:00:00+00:00,84.38141799,84.8825983139,83.938066165,84.574179653,1916293,76.84251959565358,79.28131245834334,83.67900396998388,83.83605854077625,,,,,73.0606360051888,83.28556003830631,#000000,2.2932838009513397,83.28556003830631,0.47785535799759504,0,,,0.0,0.0,0.0,0.0,44.95755195469681,-9.79583121386949,False,True,False,True,True,1.8098451882034183
2024-02-13 00:00:00+00:00,84.1115516618,84.1790182438,82.3092301125,83.0128101825,2552551,76.86685990953265,79.30078353653423,83.67759786257473,83.79898562387905,,,,,73.0874739144984,83.48491381945162,#000000,2.1951624272460277,83.48491381945162,0.2854630867268125,0,,,0.0,0.0,0.0,0.0,45.08436052137607,-9.485508565076685,False,True,False,True,True,1.253505865293544
2024-02-14 00:00:00+00:00,89.9907823841,91.2051808612,86.3475869529,86.3475869529,5693803,76.96598420727705,79.40068922775659,83.79354871204347,84.95359119261634,,,,,73.17894872891269,83.87317890332335,"rgba(0, 255, 0, 1.0)",2.1790974582559395,83.87317890332335,2.8074024214010747,0,,,0.0,0.0,0.0,0.0,54.796597731001036,-0.32824331349570457,True,False,True,False,True,11.481061033780989
2024-02-15 00:00:00+00:00,90.3473914607,90.9545906992,89.2582880646,90.2606487123,3125084,77.02413707770542,79.46021904233942,83.86663117569003,85.50485053534914,,,,,73.23184197843165,84.02286294098232,"rgba(0, 255, 0, 1.0)",2.097682038543424,84.02286294098232,3.015008186898174,0,,,0.0,0.0,0.0,0.0,61.56405250250634,5.632216396311854,True,False,True,False,True,12.02165045180518
2024-02-16 00:00:00+00:00,89.7594683885,90.9480368027,89.4606878108,89.6341733075,3102246,77.0807929994499,79.51795529877312,83.93607909767609,85.93571445037988,,,,,73.28362206209097,84.14229637294785,"rgba(0, 255, 0, 1.0)",2.0048029787779083,84.14229637294785,2.8018573770158053,0,,,0.0,0.0,0.0,0.0,64.61961660973026,8.037510149149078,True,False,True,False,True,10.793307184014552
2024-02-20 00:00:00+00:00,89.4510497276,90.3955818764,88.6414507429,89.2486499814,3622559,77.14350225498816,79.58104293954895,84.00798508723521,86.29012190082622,,,,,73.34167930672434,84.24657945576247,"rgba(0, 255, 0, 1.0)",1.9600204008710649,84.24657945576247,2.655314337302087,0,,,0.0,0.0,0.0,0.0,65.89100559107203,8.934209704293309,True,False,True,False,True,10.149922440237876
2024-02-21 00:00:00+00:00,90.8389337014,91.0991619465,89.2968403972,89.7498303053,3004685,77.198856977776,79.63754472291521,84.07594803576802,86.60446343825488,,,,,73.39223115687368,84.34764169338202,"rgba(0, 255, 0, 1.0)",2.0061537463083186,84.34764169338202,3.2356901957106308,0,,,0.0,0.0,0.0,0.0,68.19577847502244,10.979961521021188,True,False,True,False,True,12.308715222150138
2024-02-22 00:00:00+00:00,91.0124191981,91.7011723172,90.1442022382,91.4877558578,2609070,77.24850268295134,79.68857054634395,84.13874282469952,86.87453840985809,,,,,73.43727229910367,84.93451584945034,"rgba(0, 255, 0, 1.0)",2.0918436629115096,84.93451584945034,2.90552466057153,0,,,1.0,0.0,91.70117,582.0,69.9016827292414,12.564270706095186,True,False,True,False,True,12.573779642228022
2024-02-23 00:00:00+00:00,90.6146885237,91.6041648356,90.5176810422,91.3616461317,2007190,77.28634056377274,79.72737348155746,84.18599460309946,87.05867489679662,,,,,73.47168646839621,84.99778332843641,"rgba(0, 255, 0, 1.0)",2.1633054281840347,84.99778332843641,2.5964457547627195,0,,,0.0,0.0,0.0,0.0,69.93917241760434,12.718012234164604,True,False,True,False,True,11.716063355803584
2024-02-26 00:00:00+00:00,89.1110725596,90.7990027387,88.9849628336,90.6049877756,2270047,77.32488401602012,79.76594864077938,84.2286226137744,87.18487450034824,,,,,73.50759881388792,85.0250012876988,"rgba(0, 255, 255, 0.75)",2.190298787804352,85.0250012876988,1.8655314492491022,0,,,0.0,0.0,0.0,0.0,66.28504867964119,12.718012234164604,True,False,True,False,False,8.558991140588741
2024-02-27 00:00:00+00:00,89.3632920116,90.3430675754,89.1595763004,89.761022686,2707548,77.37050631808889,79.81152233196778,84.27851186610057,87.31956650808189,,,,,73.55019864708461,85.0680447307318,"rgba(0, 255, 255, 0.75)",2.179615086214441,85.0680447307318,1.970644866625597,0,,,0.0,0.0,0.0,0.0,64.23548364007804,12.718012234164604,True,False,True,False,False,8.970461727935465
2024-02-28 00:00:00+00:00,89.1110725596,90.3236660791,89.072269567,89.1886785448,3651005,77.43089700793159,79.87157180555454,84.3428678758602,87.47095582473654,,,,,73.60686223162043,85.1260980824064,"rgba(0, 255, 255, 0.75)",2.1753090461260576,85.1260980824064,1.8319118767470417,0,,,0.0,0.0,0.0,0.0,62.264641057274886,19.448116021801027,True,False,True,False,False,8.443150286661677
2024-02-29 00:00:00+00:00,89.4020950043,90.2266585975,88.6793892666,89.5282047303,8932784,77.57535058514833,80.01441175202945,84.49189550251387,87.75603993622326,,,,,73.74324517988347,85.26420788826803,"rgba(0, 255, 255, 0.75)",2.1284042342912213,85.26420788826803,1.944126519467256,0,,,0.0,0.0,0.0,0.0,61.462852751548276,18.481277439313274,True,False,True,False,False,8.931640656780981
2024-03-01 00:00:00+00:00,89.945336901,90.0326436344,88.4756735554,89.1207733077,2556883,77.61622712382811,80.0547220825093,84.53336332447736,87.82495538177403,,,,,73.7819706382412,85.303391134324,"rgba(0, 255, 0, 1.0)",2.1243554121447943,85.303391134324,2.1851078873800103,0,,,0.0,0.0,0.0,0.0,61.86982804668387,18.481277439313274,True,False,True,False,False,9.842535248053768
2024-03-04 00:00:00+00:00,90.6049877756,90.8911598462,88.325311959,89.8774316639,2521529,77.6578026622519,80.09604625040524,84.57729281723357,87.90498821143676,,,,,73.8210779546652,85.34949787139678,"rgba(0, 255, 0, 1.0)",2.1342042645843122,85.34949787139678,2.4625055770970685,0,,,0.0,0.0,0.0,0.0,63.20979212916268,18.481277439313274,True,False,True,False,False,10.936937819948163
2024-03-05 00:00:00+00:00,88.8103493668,90.944513961,88.5484291665,90.4109728125,2457165,77.69638984096379,80.13393152829718,84.61544469809887,87.95936704685124,,,,,73.85781464418532,85.38432725277701,"rgba(0, 255, 255, 0.75)",2.131387243394064,85.38432725277701,1.6074141968529931,0,,,0.0,0.0,0.0,0.0,59.61112258667329,16.021367796279023,True,False,True,False,False,7.108363655586796
2024-03-06 00:00:00+00:00,89.3147882709,90.0132421381,88.8006486186,89.6931174489,1809268,77.7245011376366,80.16145807437783,84.64282118838544,87.99551374098945,,,,,73.88465374308198,85.40881261961901,"rgba(0, 255, 255, 0.75)",2.1224301839195614,85.40881261961901,1.8403317484241999,0,,,0.0,0.0,0.0,0.0,58.15540935483147,14.463447622988468,True,False,True,False,False,7.964937381266221
2024-03-07 00:00:00+00:00,89.2856860264,90.3721698198,88.7230426333,89.9647383973,2102434,77.75723243937058,80.1935296097366,84.67479882461048,88.03768801714148,,,,,73.91589397490404,85.43799701814359,"rgba(0, 255, 255, 0.75)",2.119326259977686,85.43799701814359,1.815524622573648,0,,,0.0,0.0,0.0,0.0,57.11569115466217,13.264172278267289,True,False,True,False,False,7.9033612431892735
2024-03-08 00:00:00+00:00,89.2468830338,89.5961099674,88.8685538557,89.5476062266,3137885,77.80482085399912,80.2398443883803,84.71955486456854,88.08710925310476,,,,,73.96162174194306,85.47615794860194,"rgba(0, 255, 255, 0.75)",2.1246848522009483,85.47615794860194,1.7747220635060275,0,,,0.0,0.0,0.0,0.0,56.32192649039323,12.254959954426262,False,False,True,False,False,7.819730812681065
2024-03-11 00:00:00+00:00,89.9259354047,90.0326436344,88.761845626,89.0237658262,2039322,77.83644132784916,80.2708066042545,84.75030459028946,88.12587192194084,,,,,73.9918453539388,85.50474981857386,"rgba(0, 255, 0, 1.0)",2.1524117110197563,85.50474981857386,2.054061294821473,0,,,0.0,0.0,0.0,0.0,57.233672556138984,12.254959954426262,True,False,True,False,False,9.008485553218783
2024-03-12 00:00:00+00:00,90.0811473752,90.7699004942,89.5476062266,89.7707234342,1743644,77.86462493367168,80.29869938630351,84.77930239555097,88.16964759021023,,,,,74.01851867835092,85.5346528928264,"rgba(0, 255, 0, 1.0)",2.182674378123363,85.5346528928264,2.0829925562614724,0,,,0.0,0.0,0.0,0.0,58.16151086123786,12.254959954426262,True,False,True,False,False,9.279720590919851
2024-03-13 00:00:00+00:00,89.9065339084,90.4352246829,89.450598745,90.1199503678,2334168,77.90153373642308,80.33503034497758,84.81618829505364,88.219610915002,,,,,74.05364173684245,85.57095945350422,"rgba(0, 255, 255, 0.75)",2.2071422859307175,85.57095945350422,1.9643384491034448,0,,,0.0,0.0,0.0,0.0,58.21593768369902,12.254959954426262,True,False,True,False,False,8.883932317131972
2024-03-14 00:00:00+00:00,88.9558605891,89.387543882,88.0730925069,89.2468830338,2517076,77.93738292525575,80.36934386433747,84.84675507583329,88.23700291733199,,,,,74.0886716193232,85.93638189047778,"rgba(38, 166, 154, 1.0)",2.2200726938792044,85.93638189047778,1.3600810040801818,0,,,0.0,0.0,0.0,0.0,55.44332752328638,10.441269468793436,False,False,True,False,False,6.751079787201018
2024-03-15 00:00:00+00:00,88.6163344036,89.3972446302,88.3932171961,88.5581299147,6279936,78.02577858985237,80.4537215187041,84.9209525935364,88.2759804857843,,,,,74.17532873886589,85.98612598366603,"rgba(38, 166, 154, 1.0)",2.2292927852436204,85.98612598366603,1.1798398296285455,0,,,0.0,0.0,0.0,0.0,52.70156414621794,7.6973136349390785,False,False,False,False,False,6.000519221330368
2024-03-18 00:00:00+00:00,89.5379054784,89.9938406418,88.7920149527,89.1304740559,2074206,78.05637222715562,80.483325738623,84.94878613513394,88.30192878126712,,,,,74.20496758381482,86.01530983886163,"rgba(0, 255, 255, 0.75)",2.2480722185107034,86.01530983886163,1.566940603835236,0,,,0.0,0.0,0.0,0.0,53.30525308341507,7.6973136349390785,False,False,False,False,False,7.711567032461744
2024-03-19 00:00:00+00:00,90.8572072276,91.0124191981,89.5670077229,89.9841398936,2686372,78.09934128018705,80.52578627132777,84.99253815245538,88.36295209759153,,,,,74.24578576746019,86.46485826335588,"rgba(0, 255, 255, 0.75)",2.2816386495210694,86.46485826335588,1.9250852737641446,0,,,0.0,0.0,0.0,0.0,56.41775998329555,7.6973136349390785,False,False,True,False,True,10.06386318231598
2024-03-20 00:00:00+00:00,90.2072571012,90.9154117166,89.5476062266,90.5855862793,2212529,78.13378284224346,80.55959669925635,85.02640253392809,88.40493582945408,,,,,74.27872405005398,86.49644500339258,"rgba(0, 255, 255, 0.75)",2.307219744824907,86.49644500339258,1.6083479287704476,0,,,0.0,0.0,0.0,0.0,56.648873706976914,7.6973136349390785,False,False,True,False,True,8.594799367097075
2024-03-21 00:00:00+00:00,90.3139653309,90.7310975016,88.5882992415,90.566184783,3810082,78.19095388579838,80.61520786064388,85.07989147387363,88.46002991438816,,,,,74.33390550884052,86.53525565648695,"rgba(0, 255, 255, 0.75)",2.335169221039448,86.53525565648695,1.618173809575583,0,,,0.0,0.0,0.0,0.0,57.027362712748804,7.6973136349390785,False,False,True,False,True,8.786372564120338
2024-03-22 00:00:00+00:00,89.324489019,90.8766087239,89.2468830338,90.5952870274,1659638,78.2155526593529,80.6390643647239,85.1025284085048,88.4817696265293,,,,,74.35772511355509,86.55234933274852,"rgba(38, 166, 154, 1.0)",2.3479918681939456,86.55234933274852,1.180642796852522,0,,,0.0,0.0,0.0,0.0,54.6213289417492,7.6973136349390785,False,False,True,False,True,6.560032733862855
2024-03-25 00:00:00+00:00,88.5387284184,89.9356361528,88.5096261739,89.6543144563,1762047,78.23971458164424,80.66200311165227,85.12217966389831,88.4903539702093,,,,,74.38159501119088,86.55501109218355,"rgba(38, 166, 154, 0.5)",2.3525131512123867,86.55501109218355,0.8432332568232934,0,,,0.0,0.0,0.0,0.0,51.23099899685249,6.0471792937158995,False,False,False,False,False,4.840927694228295
2024-03-26 00:00:00+00:00,88.2865089663,89.5864092192,88.26710747,88.8103493668,1776379,78.26332933946223,80.68422484950445,85.14036622494713,88.4940540592881,,,,,74.40511863141572,86.55482899047158,"rgba(38, 166, 154, 0.5)",2.3306520836091167,86.55482899047158,0.7430023502893857,0,,,0.0,0.0,0.0,0.0,48.42851625877938,3.430703917952698,False,True,False,True,False,4.293502379729883
2024-03-27 00:00:00+00:00,90.0229428862,90.1005488715,88.4126186924,89.1013718114,3077248,78.30709393256895,80.72623152976212,85.17838485457581,88.52249805035876,,,,,74.44795125451732,86.58161992571516,"rgba(38, 166, 154, 1.0)",2.3275867386750657,86.58161992571516,1.4784939711607685,0,,,0.0,0.0,0.0,0.0,50.69618401035292,3.430703917952698,False,True,False,False,False,7.54274095113751
2024-03-28 00:00:00+00:00,90.6437907682,90.7990027387,90.1587533604,90.5370825385,3519497,78.3612592579881,80.77931872091797,85.2311279852953,88.58478461644198,,,,,74.49994560498413,86.64229996047419,"rgba(0, 255, 255, 0.75)",2.336071951065866,86.64229996047419,1.7129141959433563,0,,,0.0,0.0,0.0,0.0,53.38146619319787,3.430703917952698,False,False,False,False,True,8.65506396213829
2024-04-01 00:00:00+00:00,89.2371822856,90.7310975016,89.0625688188,90.6437907682,2115927,78.39131698479986,80.80817960964215,85.25729637880195,88.60474659650079,,,,,74.5293812701507,86.66189063514712,"rgba(38, 166, 154, 1.0)",2.326878658068359,86.66189063514712,1.1067580346414547,0,,,0.0,0.0,0.0,0.0,51.96249409531748,3.430703917952698,False,False,False,False,True,5.583154254408427
2024-04-02 00:00:00+00:00,88.2574067219,89.2468830338,88.1798007366,88.8491523594,2567463,78.42399111193123,80.83857536583554,85.28072715308794,88.60380532908142,,,,,74.56232626844026,86.66366892019758,"rgba(38, 166, 154, 0.5)",2.3160948617945167,86.66366892019758,0.6881142167327227,0,,,0.0,0.0,0.0,0.0,49.189900994772366,3.430703917952698,False,True,False,False,False,3.5334178918300054
2024-04-03 00:00:00+00:00,88.5387284184,89.1207733077,87.9421324068,88.4708231813,1947000,78.44856264747533,80.86138567076914,85.29812816406823,88.6026734150918,,,,,74.58715784588718,86.66573201150491,"rgba(38, 166, 154, 0.5)",2.3192413667224274,86.66573201150491,0.807590117082992,0,,,0.0,0.0,0.0,0.0,47.980819121144094,3.430703917952698,False,True,False,True,False,4.0620855071891135
2024-04-04 00:00:00+00:00,87.7335663215,89.6737159526,87.4134416323,89.3632920116,1787370,78.47043521123652,80.88150067834968,85.31266746674162,88.5978546532445,,,,,74.60945194515213,86.66501151578977,#000000,2.3162115285456975,86.66501151578977,0.46133731420513185,0,,,0.0,0.0,0.0,0.0,45.7049707342636,1.4747794883240175,False,True,False,True,False,2.3901504472626804
2024-04-05 00:00:00+00:00,89.014065078,89.2662845301,87.7335663215,87.7335663215,1721439,78.49226003883568,80.90180758794038,85.32839978460825,88.59887606377177,,,,,74.63147812114683,86.66972418751597,"rgba(38, 166, 154, 1.0)",2.322857363215788,86.66972418751597,1.0092487500991036,0,,,0.0,0.0,0.0,0.0,47.027829347323745,1.4747794883240175,False,True,False,True,False,4.799292406498729
2024-04-08 00:00:00+00:00,89.0431673225,89.3147882709,88.5678306629,88.7424441297,1807537,78.51575746420359,80.92384624289734,85.34624877496006,88.60429280578813,,,,,74.65503089855028,86.67870973450822,"rgba(38, 166, 154, 1.0)",2.328297174394888,86.67870973450822,1.0155308411634736,0,,,0.0,0.0,0.0,0.0,47.97023811494632,1.4747794883240175,False,True,False,False,False,4.853267766472872
2024-04-09 00:00:00+00:00,89.2468830338,89.2565837819,88.26710747,89.0334665743,2016679,78.54172059258404,80.94813622045642,85.36567691568477,88.60933759114961,,,,,74.68112312869897,86.68818383765897,"rgba(38, 166, 154, 1.0)",2.3357377565665463,86.68818383765897,1.0954565378530483,0,,,0.0,0.0,0.0,0.0,49.05016087445584,1.4747794883240175,False,True,False,False,True,5.236405451692278
2024-04-10 00:00:00+00:00,87.5007483657,87.9663842772,86.7828930022,87.2291274173,4559421,78.59149384336052,80.99223865290249,85.39055499925236,88.56819600450363,,,,,74.73355941724935,86.66783496658891,#000000,2.3209270450330166,86.66783496658891,0.35887099549018503,0,,,0.0,0.0,0.0,0.0,46.30423415380632,1.4747794883240175,False,True,False,True,True,1.5781065614765808
2024-04-11 00:00:00+00:00,87.6656610844,88.5193269221,87.1127184395,87.8984790401,2312314,78.61751409884066,81.01557957360058,85.40507786754414,88.55440162905505,,,,,74.76071554666538,86.6642063181255,#000000,2.318508162852709,86.6642063181255,0.43193928851313973,0,,,0.0,0.0,0.0,0.0,44.881177284022314,0.37949192174660595,False,True,False,True,False,1.89930952299229
2024-04-12 00:00:00+00:00,87.1030176913,87.9081797883,86.7052870169,87.5880550991,1808366,78.6365943575417,81.03230519480185,85.41380423301392,88.53694652696323,,,,,74.7810169774004,86.65633692883516,#000000,2.3168496692440965,86.65633692883516,0.19279661015320532,0,,,0.0,0.0,0.0,0.0,42.924341939071766,-1.5979233715476013,False,True,False,True,False,0.7456840183380287
2024-04-15 00:00:00+00:00,86.4336660686,87.8693767956,85.6867084606,87.7238655733,1548011,78.65177223902302,81.04523036003738,85.41887335700952,88.51590441581534,,,,,74.79754264843311,86.64498380981567,#000000,2.3203780699961185,86.64498380981567,-0.09107039234171845,0,,,0.0,0.0,0.0,0.0,40.50080126402899,-3.985953251391585,False,True,False,True,False,0.0
2024-04-16 00:00:00+00:00,85.6673069643,86.520972802,85.2404740454,86.0456361423,1911129,78.66844317932163,81.05869348376707,85.4208205875459,88.47889559095863,85.8095846039,,,,74.81641820577545,86.7390200492606,#000000,2.331106117140939,86.7390200492606,-0.4597444436699621,0,,,0.0,0.0,0.0,0.0,37.72304663702852,-6.660713759603411,False,True,False,True,False,0.0
2024-04-17 00:00:00+00:00,87.0157109579,88.3156112108,85.6624565902,85.715810705,3175924,78.70055761321457,81.08645336429602,85.43377507643595,88.44598820244566,86.55148423881052,,,,74.85101833846475,86.7610127574004,#000000,2.331780796390208,86.7610127574004,0.10922904970051131,0,,,0.0,0.0,0.0,0.0,39.46928730629083,-6.660713759603411,False,True,False,True,False,0.6022795445751363
2024-04-18 00:00:00+00:00,88.0924940032,88.1895014848,86.7004366429,87.0642146987,1879065,78.72095077841162,81.10458399498184,85.44454599704973,88.43579960199953,86.8507178357937,,,,74.87250956809633,86.77437528111969,"rgba(38, 166, 154, 0.5)",2.331239791626959,86.77437528111969,0.5654153325687729,1,0.11783356191912485,0.11783356191912485,0.0,0.0,0.0,0.0,42.96517388441289,-6.660713759603411,False,True,False,True,True,2.690779715438726
2024-04-19 00:00:00+00:00,88.5872321592,89.2371822856,88.0536910106,88.6745388926,1901567,78.7437118783316,81.12551647718638,85.46004149468233,88.43826531400369,87.23141300286902,,,,74.8958208586897,86.80158940330628,"rgba(38, 166, 154, 0.5)",2.3329572615904177,86.80158940330628,0.7653988288994263,1,0.11772591187970681,0.11772591187970681,0.0,0.0,0.0,0.0,46.26935829355466,-9.818912676623668,False,True,False,True,True,3.6300944390833934
2024-04-22 00:00:00+00:00,88.8685538557,89.1304740559,88.0439902624,88.9849628336,1940557,78.766960688952,81.1469140632437,85.47597174266568,88.44143416132277,87.49167900637688,,,,74.91962371701437,86.82342727725292,"rgba(38, 166, 154, 0.5)",2.3265370041742157,86.82342727725292,0.8790432195051125,1,0.11744506324887578,0.11744506324887578,0.0,0.0,0.0,0.0,49.02538121241703,-7.286624176415643,False,True,False,False,True,4.164010716070628
2024-04-23 00:00:00+00:00,90.1490526123,90.255760842,88.6745388926,89.0528680706,2378965,78.7982083742499,81.17648273660866,85.5013868298285,88.46115019042905,87.88881730901942,,,,74.95083007083585,86.86599684420125,"rgba(38, 166, 154, 1.0)",2.33027797564935,86.86599684420125,1.408868728282899,1,0.11666077858863429,0.11666077858863429,0.0,0.0,0.0,0.0,53.134522474940226,-3.4999489934784265,False,False,True,False,True,6.542646786678212
2024-04-24 00:00:00+00:00,90.8960102203,91.1870326649,89.1595763004,89.4408979969,2692286,78.8356829516919,81.21251234527702,85.53466695642739,88.49535595198826,88.31698398167558,,,,74.98770747384054,86.9218539203385,"rgba(0, 255, 255, 0.75)",2.341795213026147,86.9218539203385,1.697055437578572,1,0.11585378868493694,0.11585378868493694,0.0,0.0,0.0,0.0,57.00440931116094,0.007803369689696638,False,False,True,False,True,7.884144344742452
2024-04-25 00:00:00+00:00,91.1870326649,91.3034416428,89.9550376491,90.3915713162,2477888,78.87114724747754,81.24685946702448,85.5673852543102,88.53215644327626,88.65419040413953,,,,75.02237122859756,86.97417836460609,"rgba(0, 255, 255, 0.75)",2.369824053059862,86.97417836460609,1.7777076297518257,1,0.11448505140982379,0.11448505140982379,0.0,0.0,0.0,0.0,60.01028287209814,2.70605535930315,True,False,True,False,True,8.402979073928421
2024-04-26 00:00:00+00:00,91.5168581022,92.1474067324,91.1482296723,91.4780551096,1857213,78.89933769028275,81.27455201773742,85.5952906704297,88.56825330736027,88.92521889295497,,,,75.04954585134621,87.02051396606866,"rgba(0, 255, 255, 0.75)",2.400561368475275,87.02051396606866,1.8730386130420862,1,0.1128284622980542,0.1128284622980542,0.0,0.0,0.0,0.0,62.50384349819826,4.981088384053294,True,False,True,False,True,8.993078203725183
2024-04-29 00:00:00+00:00,92.9137658367,92.9622695775,91.7884790506,92.2444142139,2607971,78.94166017182373,81.31674593174134,85.64017505266384,88.632964839169,89.33998129044538,,,,75.08973826941887,87.0974684430154,"rgba(0, 255, 0, 1.0)",2.4681353581638215,87.0974684430154,2.35655527337514,1,0.10985351907037189,0.10985351907037189,0.0,0.0,0.0,0.0,65.98287397343572,8.227409794143057,True,False,True,False,True,11.427506121645674
2024-04-30 00:00:00+00:00,92.4287284289,95.2516461422,91.691471569,91.691471569,3879139,79.00673977994344,81.3820739860853,85.71128350388587,88.73883988909866,89.88970409483957,,,,75.15111783915185,87.21514824874478,"rgba(0, 255, 0, 1.0)",2.5160263138828425,87.21514824874478,2.0721485110819025,1,0.10763723319112865,0.10763723319112865,0.0,0.0,0.0,0.0,66.83908711678333,9.066097885283945,True,False,True,False,True,10.312691845392607
2024-05-01 00:00:00+00:00,91.5362595985,93.1756860369,91.3204179521,92.1765089768,2283496,79.04177223223509,81.41657931194166,85.74632232719055,88.78362543481359,90.05680614344085,,,,75.18482882452848,87.26339007828383,"rgba(0, 255, 255, 0.75)",2.547090783492739,87.26339007828383,1.6775489699495205,1,0.10734011092090694,0.10734011092090694,0.0,0.0,0.0,0.0,64.92889500890016,9.066097885283945,True,False,True,False,True,8.29542461411167
2024-05-02 00:00:00+00:00,93.2047882813,93.3114965111,90.9105613425,92.1571074805,3129173,79.09118296003102,81.46555992790499,85.79722542644157,88.85160067505731,90.29249103599261,,,,75.23207624502379,87.33449802056077,"rgba(0, 255, 0, 1.0)",2.614217328262429,87.33449802056077,2.2455249597174785,1,0.10566018618870854,0.10566018618870854,0.0,0.0,0.0,0.0,66.02173034771201,9.066097885283945,True,False,True,False,True,11.174535023627943
2024-05-03 00:00:00+00:00,92.9428680811,94.2961224489,91.8272820432,94.0584541191,2557328,79.13293269861626,81.50723939595166,85.84161539582814,88.91342339300007,90.49382185771758,,,,75.27171570678695,87.39749188977832,"rgba(0, 255, 0, 1.0)",2.6628792763444316,87.39749188977832,2.0824737495926984,1,0.10431076526378445,0.10431076526378445,0.0,0.0,0.0,0.0,66.0555874528493,9.066097885283945,True,False,True,False,True,10.582839032954254
2024-05-06 00:00:00+00:00,93.8838406523,93.9517458893,92.9913718219,93.6122197039,1605775,79.16012251591985,81.5345831793264,85.87146613744144,88.95672690840773,90.63171052712612,,,,75.29733559284345,87.44083795646367,"rgba(0, 255, 0, 1.0)",2.724628230605469,87.44083795646367,2.3647272767208163,1,0.10208678991287304,0.10208678991287304,0.0,0.0,0.0,0.0,67.29478908328443,10.352861350678154,True,False,True,False,True,12.164476022430804
2024-05-07 00:00:00+00:00,94.5434915269,95.0285289346,94.0099503783,94.5822945195,1836430,79.19306138504581,81.56807048487767,85.90934319908135,89.01486629347761,90.81941159192334,,,,75.32801294185248,87.4981551328865,"rgba(0, 255, 0, 1.0)",2.8080061291368525,87.4981551328865,2.5090174558056093,0,,,0.0,0.0,0.0,0.0,68.89381441906116,12.231638102628423,True,False,True,False,True,13.249051960265533
2024-05-08 00:00:00+00:00,95.4553618535,95.7075813056,94.3106735711,94.8733169642,2293611,79.23568614925972,81.61167607688064,85.95961415675676,89.09391059137745,91.0656712438909,,,,75.36744408678962,87.57493366960105,"rgba(0, 255, 0, 1.0)",2.9023494020115135,87.57493366960105,2.715189349165646,0,,,0.0,0.0,0.0,0.0,70.93158007969134,14.478922228227518,True,False,True,False,True,14.716774853224084
2024-05-09 00:00:00+00:00,96.1926187133,96.3672321802,94.9509229494,95.8724940242,2253013,79.27911167835892,81.65637181990593,86.01207248562758,89.17807581826587,91.31765348297293,,,,75.40734869408558,87.65551634713367,"rgba(0, 255, 0, 1.0)",2.9983669364858554,87.65551634713367,2.8472507024680533,0,,,0.0,0.0,0.0,0.0,72.99825971209485,16.698117987810903,True,False,True,False,True,15.876146915475609
2024-05-10 00:00:00+00:00,96.4642396617,97.0108345642,95.9762084988,96.5228034013,1763576,79.31426712370474,81.69274947104273,86.05542569093241,89.24876410592991,91.52274085307354,,,,75.4394617155772,87.72242818350878,"rgba(0, 255, 0, 1.0)",3.075100958528114,87.72242818350878,2.8427721873481056,0,,,0.0,0.0,0.0,0.0,74.62990010272785,18.474706259885068,True,False,True,False,True,16.300550209257228
2024-05-13 00:00:00+00:00,97.0986801735,97.2938926387,96.0054903686,96.7180158664,2091045,79.3565274506263,81.73656666123465,86.1079076666752,89.33440527057247,91.75994606736705,,,,75.47798017224832,87.80272927293778,"rgba(0, 255, 0, 1.0)",3.1638300273966,87.80272927293778,2.938195421392949,0,,,0.0,0.0,0.0,0.0,76.29847796525294,20.275871824946194,True,False,True,False,True,17.287930009327024
2024-05-14 00:00:00+00:00,96.4544790385,97.9283331505,96.2983090663,97.381738248,2721822,79.4115267282639,81.79357713879133,86.17605409382844,89.44438552553109,92.04374059878164,,,,75.52813130579105,87.90482025770788,"rgba(0, 255, 0, 1.0)",3.2239808586205543,87.90482025770788,2.6518950191442077,0,,,0.0,0.0,0.0,0.0,75.26302712135089,20.275871824946194,True,False,True,False,True,15.707061284115575
2024-05-15 00:00:00+00:00,98.5822949088,98.6799011413,96.9229889549,97.9966575133,2632672,79.46792975260202,81.85254773252144,86.2482488439723,89.563969904415,92.34918683442649,,,,75.5790565228511,88.01466082303534,"rgba(0, 255, 0, 1.0)",3.340450868371179,88.01466082303534,3.1635352538256263,0,,,0.0,0.0,0.0,0.0,76.60290031664451,20.924402421923716,True,False,True,False,True,18.94347164667278
2024-05-16 00:00:00+00:00,98.5334917925,99.3192219648,98.3968430669,99.0020017089,2326353,79.51932098165172,81.90649937973588,86.31499120909261,89.67524748199536,92.6239341921383,,,,75.62523671624119,88.11599381081754,"rgba(0, 255, 0, 1.0)",3.434968094570635,88.11599381081754,3.0327786735919093,0,,,0.0,0.0,0.0,0.0,77.34553247895603,21.88165296186459,True,False,True,False,True,18.8236155287158
2024-05-17 00:00:00+00:00,98.8653529833,99.4412297555,98.4749280529,99.0800866949,1913218,79.56176866780048,81.9510766921134,86.37012428234704,89.76651207154801,92.8388626044466,,,,75.6633682552904,88.19856922582892,"rgba(0, 255, 0, 1.0)",3.5173500708297416,88.19856922582892,3.03261931359445,0,,,0.0,0.0,0.0,0.0,78.12913704863445,22.90077212178717,True,False,True,False,True,19.316565058288703
2024-05-20 00:00:00+00:00,98.4261249366,99.7047665835,98.3773218203,98.592055532,1800733,79.60136427865662,81.99259634959319,86.42120406168559,89.84994313327604,93.02534819900434,,,,75.69900397604731,88.27368886032035,"rgba(0, 255, 0, 1.0)",3.6080127235329864,88.27368886032035,2.8138581690860374,0,,,0.0,0.0,0.0,0.0,77.15902486666016,22.90077212178717,True,False,True,False,True,18.21190770050917
2024-05-21 00:00:00+00:00,98.6799011413,98.9141560995,97.9673756435,98.4066036901,1472949,79.63310219254332,82.02577324652384,86.46162144974782,89.91469767313656,93.16165083276022,,,,75.72767511651082,88.33177793953489,"rgba(0, 255, 0, 1.0)",3.689811719739689,88.33177793953489,2.804512530112282,0,,,0.0,0.0,0.0,0.0,76.79706980221509,22.90077212178717,True,False,True,False,True,18.601349964335324
2024-05-22 00:00:00+00:00,99.4314691322,100.2025583696,97.98689689,98.6408586483,2274330,79.68367262232678,82.07886094408929,86.52702364090509,90.02063104933336,93.38464272030008,,,,75.77313313960049,88.4264260979839,"rgba(0, 255, 0, 1.0)",3.7525900402620405,88.4264260979839,2.9326526255576835,0,,,0.0,0.0,0.0,0.0,77.36108087201546,22.90077212178717,True,False,True,False,True,19.746434142828036
2024-05-23 00:00:00+00:00,97.5671900899,99.5583572346,97.381738248,99.5193147416,2129837,79.72828883298199,82.12528475270048,86.58270137999392,90.10670414181145,93.54439460567815,,,,75.81366544591702,88.50306122669149,"rgba(0, 255, 0, 1.0)",3.7501883721719222,88.50306122669149,2.4169796190688464,0,,,0.0,0.0,0.0,0.0,72.08588271208167,26.677525766058935,True,False,True,False,False,15.115336067875162
2024-05-24 00:00:00+00:00,98.4554068064,98.9434379693,97.684317569,98.2406730947,1936733,79.76909369095654,82.16776986054394,86.63370190902329,90.18523606820835,93.68633076434739,,,,75.85071108501467,88.57278634115055,"rgba(0, 255, 0, 1.0)",3.7669650574879343,88.57278634115055,2.623496718028984,0,,,0.0,0.0,0.0,0.0,69.8729072908339,24.61042629081524,True,False,True,False,False,16.505350147966073
2024-05-28 00:00:00+00:00,98.4163643134,99.3143416531,98.2406730947,99.0117623321,2738049,79.8273912313064,82.22854631252063,86.70685611729999,90.29767395252249,93.88513173874591,,,,75.90356312087498,88.67232628669277,"rgba(0, 255, 0, 1.0)",3.7776698976283254,88.67232628669277,2.57937784156966,0,,,0.0,0.0,0.0,0.0,68.29084987586981,23.12991198404596,True,False,True,False,False,16.410182205417268
2024-05-29 00:00:00+00:00,98.2309124715,98.5042099227,97.5574294666,97.98689689,2075949,79.87004578463821,82.2727688759845,86.75916033670237,90.37537831814878,94.00910353914601,,,,75.9424902558843,88.74099909603416,"rgba(0, 255, 0, 1.0)",3.7899904397245288,88.74099909603416,2.5039412437556465,0,,,0.0,0.0,0.0,0.0,66.69498950157734,21.603137629741596,True,False,True,False,False,15.951699932913847
2024-05-30 00:00:00+00:00,99.7047665835,99.763330323,98.5432524157,98.6506192716,1672519,79.90659370915118,82.3109954382777,86.8055208826745,90.44673494583425,94.1325097701,,,,75.97550249480156,88.80389359720667,"rgba(0, 255, 0, 1.0)",3.830270433856017,88.80389359720667,2.8459799835384443,0,,,0.0,0.0,0.0,0.0,67.80785704292792,21.603137629741596,True,False,True,False,False,18.25960325503534
2024-05-31 00:00:00+00:00,101.1883813187,101.5592850025,99.6071603509,100.3977708348,7068469,80.07094770549763,82.48425501590435,87.01994269652263,90.78329899530337,94.72563835006436,,,,76.12258053342934,89.09903597680417,"rgba(0, 255, 0, 1.0)",3.89787657817603,89.09903597680417,3.101520815097974,0,,,0.0,0.0,0.0,0.0,70.20154499295711,21.603137629741596,True,False,True,False,True,20.0
2024-06-03 00:00:00+00:00,101.5690456258,101.9009068166,100.8467595047,101.2762269281,3030120,80.142812881254,82.56015561975106,87.11413208045202,90.92996045978332,94.97278051171618,,,,76.18675520910597,89.22711256849014,"rgba(0, 255, 0, 1.0)",4.057997594646529,89.22711256849014,3.0413850105756164,0,,,0.0,0.0,0.0,0.0,72.16908807452586,17.118967231716425,True,False,True,False,True,20.0
2024-06-04 00:00:00+00:00,101.9887524259,102.4963048353,100.9350931452,101.4226362769,2039240,80.19173653259561,82.61188322221724,87.17844076717249,91.02978596433778,95.13800093720498,,,,76.23038767643119,89.31413925841767,"rgba(0, 255, 0, 1.0)",4.221565113273852,89.31413925841767,3.0023493248107425,0,,,0.0,0.0,0.0,0.0,73.88944597801427,18.786562806075253,True,False,True,False,True,20.0
2024-06-05 00:00:00+00:00,102.4963048353,103.1600272169,101.5983274956,101.8813855701,2202924,80.24582763926952,82.66922160628965,87.25015950830992,91.1415887592105,95.32329927421262,,,,76.27847867047085,90.26134698787712,"rgba(0, 255, 0, 1.0)",4.385605925476595,90.26134698787712,2.7897987314246144,0,,,0.0,0.0,0.0,0.0,75.51912823492553,20.38554445668001,True,False,True,False,True,20.0
2024-06-06 00:00:00+00:00,102.144922398,102.7305597935,101.7349762212,102.144922398,1666341,80.2861742229605,82.71190439069035,87.30320065951547,91.22312853359617,95.45325930804299,,,,76.31444073433047,90.32531808790449,"rgba(0, 255, 0, 1.0)",4.524307432319324,90.32531808790449,2.612467098425351,0,,,0.0,0.0,0.0,0.0,75.3872507364114,20.38554445668001,True,False,True,False,True,20.0
2024-06-07 00:00:00+00:00,101.3250300443,101.6666518584,100.6613076628,101.3347906676,1967243,80.33148212031854,82.75951873926299,87.36122641645143,91.30935360768393,95.5790011380719,,,,76.35515670151382,90.37915238452808,"rgba(0, 255, 0, 1.0)",4.639712030776109,90.37915238452808,2.359171773413044,0,,,0.0,0.0,0.0,0.0,72.63467631872238,20.38554445668001,True,False,True,False,False,19.26948316668464
2024-06-10 00:00:00+00:00,101.0517325931,102.7305597935,100.973647607,102.0473161655,2267975,80.38438859735867,82.81519604232346,87.4292839317001,91.4105524314533,95.72634325628138,,,,76.40262367866148,90.45906001783506,"rgba(0, 255, 0, 1.0)",4.742232428370354,90.45906001783506,2.2336890347032323,0,,,0.0,0.0,0.0,0.0,69.95933982084196,25.08813423555779,True,False,True,False,False,18.56697053807815
2024-06-11 00:00:00+00:00,100.9834082303,101.6227290537,99.9195002951,100.3880102115,2346457,80.43693963139141,82.8701866086999,87.49535240801517,91.50567807478829,95.8529624660993,,,,76.45010135128344,90.52770103677435,"rgba(0, 255, 0, 1.0)",4.8351565608141565,90.52770103677435,2.162434051931732,0,,,0.0,0.0,0.0,0.0,67.95565401077377,23.17301508679644,True,False,True,False,False,18.389431168781677
2024-06-12 00:00:00+00:00,100.4075314581,102.7500810401,100.1439946301,102.7500810401,2182167,80.48618596803902,82.92175842419388,87.55739305363436,91.59484094974273,95.97103767180774,,,,76.49455603189313,90.59811176296765,"rgba(0, 255, 0, 1.0)",4.8976318319889005,90.59811176296765,2.002890382870776,0,,,0.0,0.0,0.0,0.0,64.77468227454733,20.17370225794022,False,False,True,False,False,16.889858273281657
2024-06-13 00:00:00+00:00,101.3835937839,101.5885668723,100.4270527046,100.8272382582,1883237,80.52856462966888,82.96611078049116,87.61060935265154,91.67072688065768,96.06936754315016,,,,76.53284283014365,90.65929147848915,"rgba(0, 255, 0, 1.0)",4.978236294609083,90.65929147848915,2.154237298262471,0,,,0.0,0.0,0.0,0.0,64.58037772354885,19.97176899454891,False,False,True,False,False,18.460030651889376
2024-06-14 00:00:00+00:00,101.5495243793,101.9692311794,100.7101107791,101.3640725374,1859543,80.57079910741403,83.01035710171753,87.66381462147346,91.7466381014867,96.16795804736499,,,,76.57095503316931,90.72267207826852,"rgba(0, 255, 0, 1.0)",5.053439160962515,90.72267207826852,2.1424720781578217,0,,,0.0,0.0,0.0,0.0,64.75315412088011,19.97176899454891,False,False,True,False,False,18.723811294295743
2024-06-17 00:00:00+00:00,101.3055087978,101.8325824538,100.8272382582,101.0712538396,1900331,80.61360262589602,83.05514030635766,87.71741991274074,91.82230721614397,96.26339309601477,,,,76.60964542490184,90.78549302492254,"rgba(0, 255, 0, 1.0)",5.120015740491684,90.78549302492254,2.054684263893923,0,,,0.0,0.0,0.0,0.0,64.01427316707893,19.08304272814449,False,False,True,False,False,18.072224224852533
2024-06-18 00:00:00+00:00,101.4519181467,101.764258091,100.4856164441,101.3250300443,2172606,80.6621164191472,83.10582738392769,87.7777999933695,91.9065792862928,96.36644016358818,,,,76.65357463598785,90.85518512643914,"rgba(0, 255, 0, 1.0)",5.189219289069356,90.85518512643914,2.0420669141082484,0,,,0.0,0.0,0.0,0.0,63.83786509073184,18.6541742554446,False,False,True,False,False,18.313507531760862
2024-06-20 00:00:00+00:00,100.5637014302,101.4031150304,100.3392070953,101.1883813187,3079997,80.72895552087009,83.17536967782793,87.85955138407004,92.01766206365792,96.49212842898234,,,,76.71440930934654,90.94441935005662,"rgba(0, 255, 255, 0.75)",5.241773048474425,90.94441935005662,1.8351199090817165,0,,,0.0,0.0,0.0,0.0,60.66154496196113,15.433441385362201,False,False,True,False,False,15.927764671318844
2024-06-21 00:00:00+00:00,99.8706971789,100.8760413745,99.3631447694,100.4660951976,17573828,81.08835592116327,83.54583362555707,88.28163191462734,92.55289711180592,96.98866113595486,,,,77.04534333917994,91.37097301468171,"rgba(0, 255, 255, 0.75)",5.2603528201567595,91.37097301468171,1.6158087593761439,0,,,0.0,0.0,0.0,0.0,56.546150445209044,11.49760155177853,False,True,True,False,False,14.1138567429496
2024-06-24 00:00:00+00:00,100.5051376906,101.4031150304,99.6266815974,99.9487821649,3349761,81.15702807419095,83.61658958742431,88.36190440507343,92.65288051143928,97.0802846020336,,,,77.1086414303719,91.45531428032425,"rgba(0, 255, 255, 0.75)",5.291133260760976,91.45531428032425,1.7103752569207065,0,,,0.0,0.0,0.0,0.0,55.52574246142905,10.549378010331338,False,True,False,False,False,15.227759280614414
2024-06-25 00:00:00+00:00,98.513970546,100.6222651697,98.0503409412,100.5148983139,3136599,81.21610882296456,83.6766717809753,88.42726552752949,92.72739844841952,97.12740134896966,,,,77.1639510130339,91.51411343155301,"rgba(38, 166, 154, 1.0)",5.289426552033572,91.51411343155301,1.3233678633378163,0,,,0.0,0.0,0.0,0.0,50.26941132495918,5.64165712160667,False,True,False,True,False,10.233948624750468
2024-06-26 00:00:00+00:00,99.3924266392,99.499793495,97.7331206853,98.1137849924,2846676,81.26883354879196,83.73013911241267,88.48486638700093,92.79159084749676,97.16431357037877,,,,77.21348072921684,92.16638224708198,"rgba(38, 166, 154, 1.0)",5.295080984346318,92.16638224708198,1.364671175659096,0,,,0.0,0.0,0.0,0.0,48.9894740934253,4.561242725950137,False,True,False,True,False,11.80842923499593
2024-06-27 00:00:00+00:00,100.8760413745,101.1005357094,99.5290753648,99.6169209741,2649637,81.3221350409978,83.78487803996715,88.54621775383893,92.86580532132268,97.22865998289468,,,,77.2628264632297,92.26641551567667,"rgba(0, 255, 255, 0.75)",5.327370460142653,92.26641551567667,1.61611172401793,0,,,0.0,0.0,0.0,0.0,51.1836103509944,4.561242725950137,False,True,False,False,False,14.349401868592647
2024-06-28 00:00:00+00:00,101.7544974677,102.3498954865,100.8174776349,101.2859875513,11688689,81.56754076731728,84.0383133518235,88.83463425058729,93.22322228989073,97.57448431582459,,,,77.48858445040177,92.63716410678184,"rgba(0, 255, 255, 0.75)",5.3723364360026045,92.63716410678184,1.6970890541810713,0,,,0.0,0.0,0.0,0.0,54.127808163802015,4.561242725950137,False,True,False,False,True,15.7879480034164
2024-07-01 00:00:00+00:00,101.5104818863,102.2718105004,100.4758558209,101.7447368445,2494119,81.61857101269932,84.09079454345033,88.89350422740179,93.29384437750852,97.63773368839851,,,,77.53577987256983,92.69933065590197,"rgba(0, 255, 255, 0.75)",5.406102813254931,92.69933065590197,1.6298526932921882,0,,,0.0,0.0,0.0,0.0,55.49725913090221,-0.5319708054910706,False,True,True,False,True,15.18166085976274
2024-07-02 00:00:00+00:00,103.4333246681,103.4430852914,101.5885668723,102.0473161655,2775533,81.6790514078569,84.15352195948132,88.96563443660072,93.38433595172836,97.7309261698899,,,,77.59115284991653,92.78867563533974,"rgba(0, 255, 255, 0.75)",5.459137657237438,92.78867563533974,1.94987738011115,0,,,0.0,0.0,0.0,0.0,59.25727247074135,3.0202667449086746,False,True,True,False,True,18.23003938595579
2024-07-03 00:00:00+00:00,102.8281660261,103.6871008728,102.6427141842,103.3747609286,1204766,81.70548232815493,84.18095456401204,88.99722985196607,93.42403093535101,97.77213173303896,,,,77.61533236664228,92.82769512198685,"rgba(0, 255, 255, 0.75)",5.487527194172288,92.82769512198685,1.8224002451839476,0,,,0.0,0.0,0.0,0.0,60.29220259580819,3.997914109271278,False,True,True,False,True,16.728835054898926
2024-07-05 00:00:00+00:00,103.9311164543,103.9506377008,102.2230073841,102.974575375,1626897,81.74159679225579,84.21849037530247,89.04062452774755,93.47886007588683,97.83003857276117,,,,77.64831541436256,92.88196226274087,"rgba(0, 255, 255, 0.75)",5.545023299285538,92.88196226274087,1.9926253858992407,0,,,0.0,0.0,0.0,0.0,62.45057100982058,6.111480140697374,False,False,True,False,True,18.423109248588336
2024-07-08 00:00:00+00:00,101.9204280631,103.4138034216,101.7837793375,103.238112203,3726319,81.82007585005907,84.29947208492128,89.13219852358671,93.58977708773239,97.93520984961557,,,,77.72063186256689,92.98273128108605,"rgba(0, 255, 255, 0.75)",5.575010876710504,92.98273128108605,1.6031711829210966,0,,,0.0,0.0,0.0,0.0,59.65885880956741,6.111480140697374,False,True,True,False,True,13.629412393000568
2024-07-09 00:00:00+00:00,102.3206136167,102.5353473284,100.8272382582,101.6666518584,4672143,81.91536480336777,84.39733353282564,89.24117000595083,93.71763508500766,98.04689736033743,,,,77.80896075433145,93.09345552680658,"rgba(0, 255, 255, 0.75)",5.5994992676706286,93.09345552680658,1.6478541470962431,0,,,0.0,0.0,0.0,0.0,58.40934471741871,6.111480140697374,False,True,True,False,False,14.262355616643347
2024-07-10 00:00:00+00:00,102.0473161655,102.8867297657,100.4563345744,102.711038547,2448001,81.96468966565548,84.44789173286078,89.29709196518874,93.78228683026859,98.10151599045469,,,,77.85479755016729,93.14889920989619,"rgba(0, 255, 255, 0.75)",5.616282080976284,93.14889920989619,1.5843963724231245,0,,,0.0,0.0,0.0,0.0,57.03326338307194,6.111480140697374,False,True,True,False,False,13.625397657423793
2024-07-11 00:00:00+00:00,102.144922398,103.6773402496,101.2664663048,102.4572623423,3071695,82.02799308747059,84.51297344996706,89.3697070426637,93.86758906355577,98.17800060587224,,,,77.91341940394437,93.22489262627452,"rgba(0, 255, 255, 0.75)",5.615786825717638,93.22489262627452,1.5883846820673424,0,,,0.0,0.0,0.0,0.0,56.288361237031964,6.111480140697374,False,True,True,False,False,13.78458886912988
2024-07-12 00:00:00+00:00,101.7056943514,102.4719032772,100.8809216861,102.447501719,3512491,82.09750782536706,84.58401783027503,89.44748600983111,93.95547060772634,98.24855390515792,,,,77.97826493561824,93.29946150270344,"rgba(0, 255, 255, 0.75)",5.5903247433620695,93.29946150270344,1.5037110068924153,0,,,0.0,0.0,0.0,0.0,54.822686438354694,10.834692006859939,False,True,True,False,False,12.739598047195432
2024-07-15 00:00:00+00:00,102.8184054029,103.0380194262,101.6080881188,101.9692311794,1811557,82.13462803184005,84.62213700155898,89.48982115581977,94.004649925085,98.29207686196239,,,,78.01269742730493,93.34340437820745,"rgba(0, 255, 255, 0.75)",5.570751890288493,93.34340437820745,1.70084778703039,0,,,0.0,0.0,0.0,0.0,55.911017848791296,10.834692006859939,False,True,True,False,False,14.577982639017861
2024-07-16 00:00:00+00:00,103.4040427984,103.8237495985,102.8200647088,103.4430852914,2181683,82.18103718058553,84.67003185343737,89.54379608928349,94.06906594758291,98.35383666974965,,,,78.05549118614594,93.40324224912374,"rgba(0, 255, 255, 0.75)",5.5843275112645925,93.40324224912374,1.7908692728180522,0,,,0.0,0.0,0.0,0.0,57.606050042579625,10.834692006859939,False,True,True,False,False,15.521189709424679
2024-07-17 00:00:00+00:00,104.2336957753,104.3816668239,103.013617868,103.4528459147,2144399,82.22758658751177,84.71819161830264,89.59845025075583,94.13506847045697,98.41933977947026,,,,78.09828649333224,93.46552336123035,"rgba(0, 255, 255, 0.75)",5.615946277165908,93.46552336123035,1.917427960066566,0,,,0.0,0.0,0.0,0.0,60.00480574979306,10.834692006859939,False,True,True,False,True,16.83376545852398
2024-07-18 00:00:00+00:00,103.4138034216,105.0047850127,103.0624209843,103.6871008728,1599250,82.26209357958335,84.75385921216382,89.63879978459588,94.18347007353076,98.46675552503474,,,,78.13004925555215,93.51089039158374,"rgba(0, 255, 255, 0.75)",5.604534885231745,93.51089039158374,1.7669464519011144,0,,,0.0,0.0,0.0,0.0,59.53231142189635,10.834692006859939,False,True,True,False,True,14.83463923644334
2024-07-19 00:00:00+00:00,104.8388544173,105.4732949291,103.3259578123,104.106807673,2100836,82.30876192662909,84.80227041878302,89.69412662419718,94.25100875035872,98.53598119057018,,,,78.17281923391926,93.57545386471385,"rgba(0, 255, 0, 1.0)",5.591862846398915,93.57545386471385,2.0142483572964647,0,,,0.0,0.0,0.0,0.0,61.35631030904653,6.0212618219268705,False,True,True,False,True,17.071195776142556
2024-07-22 00:00:00+00:00,106.0296504548,106.0686929479,104.4191476172,104.8193331708,1744080,82.34902281315259,84.84422608695137,89.74269522443451,94.31157833336852,98.60125310075482,,,,78.20950947478349,93.63459143970763,"rgba(0, 255, 0, 1.0)",5.599985943458575,93.63459143970763,2.2134089514226765,0,,,0.0,0.0,0.0,0.0,64.02663512740604,8.694105745480748,False,False,True,False,True,18.85093663767081
2024-07-23 00:00:00+00:00,106.9666702876,107.9817751065,105.8539592362,106.1467779339,2601636,82.41250905556129,84.91080072501266,89.82110747098055,94.41210260133926,98.7160561368257,,,,78.26691171526808,93.73509006409901,"rgba(0, 255, 0, 1.0)",5.600608606949678,93.73509006409901,2.3625254239480675,0,,,0.0,0.0,0.0,0.0,66.80141194897972,11.387526360028417,False,False,True,False,True,20.0
2024-07-24 00:00:00+00:00,106.9276277946,108.7235824741,106.4591178782,106.9666702876,2224165,82.46748504025423,84.96851911520147,89.88927136101366,94.49972909674152,98.81679867087703,,,,78.31654743493411,93.82263138959374,"rgba(0, 255, 0, 1.0)",5.617289478049915,93.82263138959374,2.3329750863321648,0,,,0.0,0.0,0.0,0.0,68.5440774490747,13.078858079929404,True,False,True,False,True,20.0
2024-07-25 00:00:00+00:00,105.8930017292,109.172571144,105.8930017292,107.4547014506,2572617,82.52979690636704,85.03377329380483,89.96573961356783,94.59663741337994,98.9253368503271,,,,78.3729927833922,93.91801377621991,"rgba(0, 255, 0, 1.0)",5.603164605909076,93.91801377621991,2.1371829662743282,0,,,0.0,0.0,0.0,0.0,66.95204550992683,13.078858079929404,False,False,True,False,True,17.546419116605644
2024-07-26 00:00:00+00:00,107.1521221295,107.8421981939,105.6489861478,106.0003685851,2104674,82.58032153482466,85.08661699602659,90.02740877901465,94.67414403198977,99.01088081970722,,,,78.41883704869579,93.99364084930899,"rgba(0, 255, 0, 1.0)",5.609711679554697,93.99364084930899,2.345660888089625,0,,,0.0,0.0,0.0,0.0,67.49822548363306,13.078858079929404,True,False,True,False,True,19.404042911074576
2024-07-29 00:00:00+00:00,108.9773586788,109.475150465,106.751936576,107.659674539,3316862,82.66447683215459,85.1751526167011,90.13237429899209,94.80929355057047,99.16735611807682,,,,78.49463018267029,94.12791002008242,"rgba(0, 255, 0, 1.0)",5.606021962011476,94.12791002008242,2.6488388306972492,0,,,0.0,0.0,0.0,0.0,69.69543000227883,14.341695204638896,True,False,True,False,True,20.0
2024-07-30 00:00:00+00:00,109.5532354511,112.5692680379,108.5478912555,111.2418232748,3992166,82.77216050951449,85.28911574402245,90.26957300806214,94.9898086440532,99.38473236441344,,,,78.59087467121655,94.30954278595983,"rgba(0, 255, 0, 1.0)",5.606549837937967,94.30954278595983,2.7189079033936916,0,,,0.0,0.0,0.0,0.0,71.65497303680218,16.30936489002788,True,False,True,False,True,20.0
2024-07-31 00:00:00+00:00,108.5869337485,111.0661320561,108.5771731253,109.5434748278,3178402,82.85477156843095,85.37617410223808,90.37307420691818,95.12301853530627,99.53924496190012,,,,78.6651245660659,94.44096008661164,"rgba(0, 255, 0, 1.0)",5.552245722623854,94.44096008661164,2.5477931576852697,0,,,0.0,0.0,0.0,0.0,70.5525064506863,16.30936489002788,True,False,True,False,True,20.0
2024-08-01 00:00:00+00:00,109.6996448,110.2169578326,108.4112425299,109.7094054232,1967229,82.9057086757122,85.42981606892025,90.43668446866144,95.2044259384758,99.63282223720995,,,,78.71095000098698,94.52082239286072,"rgba(0, 255, 0, 1.0)",5.4884423664544615,94.52082239286072,2.7655974853471608,0,,,0.0,0.0,0.0,0.0,70.95738556663179,16.30936489002788,True,False,True,False,True,20.0
2024-08-02 00:00:00+00:00,110.0607878605,111.8762637866,109.2701773766,109.6898841767,2827096,82.98120457097778,85.50955184383584,90.53193792916493,95.3275863100521,99.77710498919461,,,,78.77861638832051,94.6423806658355,"rgba(0, 255, 0, 1.0)",5.389005368936213,94.6423806658355,2.8610858848908665,0,,,0.0,0.0,0.0,0.0,71.5768086405159,16.649028849255288,True,False,True,False,True,20.0
2024-08-05 00:00:00+00:00,108.3819606601,111.9348275261,108.0892395686,109.4263473487,4104421,83.08636851604079,85.62010300554326,90.6621989460587,95.49202330477891,99.96201260914584,,,,78.87345728545547,94.80177098616986,"rgba(0, 255, 0, 1.0)",5.274696057070862,94.80177098616986,2.5745918868112914,0,,,0.0,0.0,0.0,0.0,68.11603396979633,16.649028849255288,True,False,True,False,False,18.322665383533124
2024-08-06 00:00:00+00:00,112.2081249773,113.0865810706,108.6162156183,108.9578374323,3935820,83.19339084572626,85.73324222929817,90.79746143292394,95.66638874624721,100.16578509104886,,,,78.96927495293437,94.97301049280927,"rgba(0, 255, 0, 1.0)",5.277005233558108,94.97301049280927,3.266078717316275,0,,,0.0,0.0,0.0,0.0,69.50531580728432,16.649028849255288,True,False,True,False,False,20.0
2024-08-07 00:00:00+00:00,112.0714762517,114.6287595454,111.8762637866,112.8035229961,3426073,83.29101113615033,85.83686060648505,90.9225912913585,95.82985723111584,100.36124501806064,,,,79.05621261286119,95.13463311469596,"rgba(0, 255, 0, 1.0)",5.2709334559465635,95.13463311469596,3.213253075296603,0,,,0.0,0.0,0.0,0.0,70.1640055691039,16.649028849255288,True,False,True,False,False,20.0
2024-08-08 00:00:00+00:00,112.9596929682,113.6136547265,111.6322482051,112.0226731354,2543359,83.36276416923353,85.9129219984087,91.01404941621048,95.94834587864202,100.50109901173991,,,,79.12022821363324,95.25102382667603,"rgba(0, 255, 0, 1.0)",5.281219291004427,95.25102382667603,3.3531402817692855,0,,,0.0,0.0,0.0,0.0,71.30223276893898,16.649028849255288,True,False,True,False,True,20.0
2024-08-09 00:00:00+00:00,114.5897170524,114.8532538803,112.686395517,113.4574847544,2209244,83.42757070305794,85.98184786399023,91.09761901451431,96.0578438259278,100.63275573785653,,,,79.17779296141987,95.35920386533752,"rgba(0, 255, 0, 1.0)",5.361805132665174,95.35920386533752,3.586574429925923,0,,,0.0,0.0,0.0,0.0,73.19951350061167,18.50864372667428,True,False,True,False,True,20.0
2024-08-12 00:00:00+00:00,114.4823501965,115.6309040443,113.6489124044,114.8063012818,2116924,83.49051215045597,86.04885216643312,91.17901531852563,96.1646676505293,100.76155471843036,,,,79.23363271921964,95.46473348435704,"rgba(0, 255, 0, 1.0)",5.438419441196888,95.46473348435704,3.496901428396916,0,,,0.0,0.0,0.0,0.0,74.22622208241384,19.611055062392737,True,False,True,False,True,20.0
2024-08-13 00:00:00+00:00,115.022268672,115.8174213358,114.4332666988,115.198969264,1740404,83.54290349920228,86.10467222823655,91.2469435968009,96.25394900153867,100.86947042933605,,,,79.28006103126384,95.5529298005952,"rgba(0, 255, 0, 1.0)",5.520559324051283,95.5529298005952,3.526696794396035,0,,,0.0,0.0,0.0,0.0,75.29672192269814,20.773117023429137,True,False,True,False,True,20.0
2024-08-14 00:00:00+00:00,115.3560364568,116.4555068068,114.9241016764,114.9241016764,2340413,83.61416823919429,86.18065592548562,91.33953966113678,96.375764136939,101.0169417120913,,,,79.34315387347912,95.67321701347075,"rgba(0, 255, 0, 1.0)",5.6023113493668255,95.67321701347075,3.5133390873668255,0,,,0.0,0.0,0.0,0.0,76.25204845650109,21.83807351047271,True,False,True,False,True,20.0
2024-08-15 00:00:00+00:00,114.207482609,116.3082563135,113.2307210034,115.110618968,2462267,83.68647544946465,86.25747883279823,91.43222564337843,96.49571035531906,101.158532283968,,,,79.40747658193824,95.79047820088158,"rgba(0, 255, 0, 1.0)",5.665370152617782,95.79047820088158,3.250803374181742,0,,,0.0,0.0,0.0,0.0,74.06359011075087,21.83807351047271,True,False,True,False,False,20.0
2024-08-16 00:00:00+00:00,113.7951812278,114.3252830037,113.2159959541,114.1878492099,3472521,83.78524127123893,86.3620652499742,91.55719817950563,96.65481317211645,101.34161207026918,,,,79.49572978019913,95.94453306470035,"rgba(0, 255, 0, 1.0)",5.690873838431467,95.94453306470035,3.1367147945805964,0,,,0.0,0.0,0.0,0.0,71.65079447788322,26.115940647603793,True,False,True,False,False,20.0
2024-08-19 00:00:00+00:00,113.4221466447,114.8553847796,113.0687454608,113.8737148242,1681877,83.832849918996,86.41244132191137,91.61723497827825,96.73083908372261,101.42841149861236,,,,79.53831559414175,96.01792340000367,"rgba(0, 255, 0, 1.0)",5.669027384324752,96.01792340000367,3.070054537542049,0,,,0.0,0.0,0.0,0.0,69.16770221048964,23.76264507973673,True,False,True,False,False,20.0
2024-08-20 00:00:00+00:00,114.295832905,114.6965505808,113.3730631469,113.6184806358,1681872,83.8808458700302,86.46325547563991,91.6778633452346,96.80769413705254,101.5163617154707,,,,79.5812170575756,96.09215725495513,"rgba(0, 255, 0, 1.0)",5.697364101307282,96.09215725495513,3.1951048460932956,0,,,0.0,0.0,0.0,0.0,68.60844990837236,23.21249643109911,True,False,True,False,False,20.0
2024-08-21 00:00:00+00:00,114.1976659095,115.0811688693,114.1583991112,114.6492340889,3015997,83.96754647564072,86.55508313043069,91.7874878997181,96.94663464088065,101.67544696890326,,,,79.65867659541681,96.22634750430514,"rgba(0, 255, 0, 1.0)",5.702538582176012,96.22634750430514,3.1514593274943263,0,,,0.0,0.0,0.0,0.0,67.9830686126923,22.517662043788647,True,False,True,False,False,20.0
2024-08-22 00:00:00+00:00,115.660354143,115.7192543403,114.3645498019,114.3645498019,1668704,84.01650943331204,86.60702375108794,91.8497298212163,97.02590417301217,101.76698605434643,,,,79.70232937000962,96.30309928029729,"rgba(0, 255, 0, 1.0)",5.754813948751908,96.30309928029729,3.3636630193580594,0,,,0.0,0.0,0.0,0.0,69.28942242227274,22.517662043788647,True,False,True,False,False,20.0
2024-08-23 00:00:00+00:00,117.1819425738,117.309559668,115.8419630847,115.9352217305,2221113,84.08462441021618,86.67954489007768,91.93744888443067,97.13912480316255,101.90054047124379,,,,79.76276058085226,96.4134505370212,"rgba(0, 255, 0, 1.0)",5.850355073000145,96.4134505370212,3.5499541100722314,0,,,0.0,0.0,0.0,0.0,71.57436856022952,22.517662043788647,True,False,True,False,True,20.0
2024-08-26 00:00:00+00:00,117.0543254796,118.0163620359,116.6861992464,117.3193763676,1399201,84.12800918100824,86.72576858617121,91.99344115124208,97.21149185664527,101.98610495169066,,,,79.80121516971161,96.48401099707343,"rgba(0, 255, 0, 1.0)",5.944851659896642,96.48401099707343,3.46018970015548,0,,,0.0,0.0,0.0,0.0,72.74898887416654,18.27115556469944,True,False,True,False,True,20.0
2024-08-27 00:00:00+00:00,118.0556288341,118.5759139105,116.2525956271,116.4653235064,2356016,84.20163162850767,86.80424055327224,92.08855922452892,97.33443879833911,102.13153944424224,,,,79.8664360641621,96.6038605417311,"rgba(0, 255, 0, 1.0)",6.067284065701456,96.6038605417311,3.5356459430730167,0,,,0.0,0.0,0.0,0.0,74.41191113316128,19.928447030478054,True,False,True,False,True,20.0
2024-08-28 00:00:00+00:00,118.850781498,119.2532661797,118.1734292288,118.1832459283,2948838,84.29642704647068,86.90548152564848,92.2118497214761,97.49471241808948,102.3228129100415,,,,79.95018737348518,96.76045422115843,"rgba(0, 255, 0, 1.0)",6.201779030997642,96.76045422115843,3.5619339493442164,0,,,0.0,0.0,0.0,0.0,76.14939899576936,21.641774634321024,True,False,True,False,True,20.0
2024-08-29 00:00:00+00:00,118.3403131212,119.0274820899,117.7316777488,118.7722479015,2011946,84.36007302669583,86.97334231035147,92.29408220067057,97.60070140525139,102.44775210794973,,,,80.00654680815616,96.86355720308923,"rgba(0, 255, 0, 1.0)",6.31636013862563,96.86355720308923,3.4001791295554393,0,,,0.0,0.0,0.0,0.0,75.80904462592784,21.641774634321024,True,False,True,False,True,20.0
2024-08-30 00:00:00+00:00,118.4679302154,119.4692335699,117.7611278475,118.7035310047,7190752,84.58693862342967,87.21503111187803,92.58602180425316,97.97442531496303,102.88421854584178,,,,80.20767353933698,97.22585295779254,"rgba(0, 255, 0, 1.0)",6.407622440874405,97.22585295779254,3.3151262349828308,0,,,0.0,0.0,0.0,0.0,75.70890934580436,21.641774634321024,True,False,True,False,True,20.0
2024-09-03 00:00:00+00:00,119.8226347538,120.1122273906,118.0261787354,118.0261787354,2888971,84.67924392113545,87.31340550744653,92.70484552698518,98.12621155185306,103.0611070119951,,,,80.28946633554777,97.37283120088077,"rgba(0, 255, 0, 1.0)",6.558362653747992,97.37283120088077,3.423080536738778,0,,,0.0,0.0,0.0,0.0,76.8789479304028,22.760625289517634,True,False,True,False,True,20.0
2024-09-04 00:00:00+00:00,122.1982760458,122.5860356782,119.9404351484,120.0091520453,4311781,84.82500749073115,87.46937640184723,92.8950951780711,98.37245519948527,103.35378417964176,,,,80.41792242738066,97.61256993367776,"rgba(0, 255, 0, 1.0)",6.763308840248232,97.61256993367776,3.635159460087568,0,,,0.0,0.0,0.0,0.0,79.22549987452285,25.12254501242137,True,False,True,False,True,20.0
2024-09-05 00:00:00+00:00,121.7270744672,123.1995794003,121.3736732833,122.8854450146,2608259,84.91387638493983,87.56448032848736,93.011052901592,98.52223212329316,103.53135429393917,,,,80.49622671974946,97.75821802284376,"rgba(0, 255, 0, 1.0)",6.938675721073748,97.75821802284376,3.454384872254427,0,,,0.0,0.0,0.0,0.0,79.47454686482847,25.475481123859666,True,False,True,False,True,20.0
2024-09-06 00:00:00+00:00,122.3160764405,122.5418605302,120.7454045119,121.5896406735,2457052,84.99668596913817,87.6529947889058,93.11858338976006,98.66023336142322,103.69352558845317,,,,80.56931246006833,97.89204075134492,"rgba(0, 255, 0, 1.0)",7.106565772147989,97.89204075134492,3.436826798237429,0,,,0.0,0.0,0.0,0.0,80.04598521225122,26.182529991477352,True,False,True,False,True,20.0
2024-09-09 00:00:00+00:00,124.9960354187,125.1334692124,122.1884593463,122.3357098396,3460214,85.11971867234638,87.78497986530624,93.28034864295233,98.87031226999028,103.94463761723684,,,,80.67735519946116,98.0966842915225,"rgba(0, 255, 0, 1.0)",7.342074306960573,98.0966842915225,3.6637263534197517,0,,,0.0,0.0,0.0,0.0,81.88854212959092,28.07303267197338,True,False,True,False,True,20.0
2024-09-10 00:00:00+00:00,126.6550576432,126.7434079392,124.0143654633,125.5359538941,2506289,85.21221187910355,87.88442566598114,93.40286446319689,99.03041778140543,104.13769689412393,,,,80.75832522581773,98.25297315133491,"rgba(0, 255, 0, 1.0)",7.619079556690324,98.25297315133491,3.7277579634832887,0,,,0.0,0.0,0.0,0.0,83.77563934843022,29.942153831924017,True,False,True,False,True,20.0
2024-09-11 00:00:00+00:00,126.3016564593,126.419456854,124.3677666472,125.7175628359,3995033,85.358390134141,88.04142316792046,93.59561368196707,99.2807146103551,104.43698267420982,,,,80.88648474863703,98.49663003251754,"rgba(0, 255, 0, 1.0)",7.827761298283113,98.49663003251754,3.5521045375873976,0,,,0.0,0.0,0.0,0.0,84.1261107287304,30.357421598429454,True,False,True,False,True,20.0
2024-09-12 00:00:00+00:00,126.4685403517,126.5667073473,124.7211678311,125.6832043874,3055662,85.47009910713894,88.1613323591637,93.7425061400154,99.47059526709954,104.66268423114347,,,,80.9845015234731,98.68110912513454,"rgba(0, 255, 0, 1.0)",8.0330185158061,98.68110912513454,3.4591518956279956,0,,,0.0,0.0,0.0,0.0,84.44016372377143,30.794986810145744,True,False,True,False,True,20.0
2024-09-13 00:00:00+00:00,127.3716767107,127.4845687555,125.9286218763,126.6845077419,2100052,85.54842393972082,88.2454941756669,93.8458316982729,99.60445317660076,104.82230814607215,,,,81.05312590445072,98.811244221865,"rgba(0, 255, 0, 1.0)",8.242288298708019,98.811244221865,3.4651096217189905,0,,,0.0,0.0,0.0,0.0,85.07984721805133,31.5683906335275,True,False,True,False,True,20.0
2024-09-16 00:00:00+00:00,126.8121248361,128.9030818411,126.7286828899,128.5693140562,2199404,85.63122964413357,88.33450125844742,93.95515537337698,99.74606085485895,104.99116952442762,,,,81.12564115168139,100.70291736301678,"rgba(0, 255, 0, 1.0)",8.409113956810128,100.70291736301678,3.1048702166699327,0,,,1.0,0.0,128.90308,702.0,83.90453116501064,31.5683906335275,True,False,True,False,True,20.0
2024-09-17 00:00:00+00:00,125.1236525129,127.1810452404,124.7309845307,126.5863407464,2110315,85.7069651276012,88.41560886025928,94.0537802752348,99.87184278617694,105.13804303465864,,,,81.19230890990768,100.77572498961389,"rgba(0, 255, 0, 1.0)",8.53596413522354,100.77572498961389,2.8523933720403893,0,,,0.0,0.0,0.0,0.0,78.88284308243715,32.56113521996882,True,False,True,False,False,20.0
2024-09-18 00:00:00+00:00,125.3298032035,126.3605566566,124.4561169432,125.3003531048,2729270,85.80376687242652,88.51915406311258,94.1792391054587,100.03087061291596,105.32223313501216,,,,81.2776624947364,100.89962642894702,"rgba(0, 255, 0, 1.0)",8.674089456626259,100.89962642894702,2.8164543260376953,0,,,0.0,0.0,0.0,0.0,75.74807084833604,29.76548474386351,True,False,True,False,False,20.0
2024-09-19 00:00:00+00:00,123.0915957052,126.1053224682,122.2080927454,125.3199865039,3091307,85.90848476191552,88.63073771777155,94.31299539356566,100.19753431595242,105.5107278546316,,,,81.37049070552777,101.01763613594483,"rgba(0, 255, 0, 1.0)",8.75452790311856,101.01763613594483,2.5214334586096796,0,,,0.0,0.0,0.0,0.0,69.10175264830542,23.796932784234542,False,False,True,False,False,20.0
2024-09-20 00:00:00+00:00,122.9737953106,123.9849153646,120.7974330195,121.7074410681,10565683,86.2507302083579,88.99383786800293,94.74269024999639,100.72147300547165,106.08594905802953,,,,81.6757206278771,101.42409374852937,"rgba(0, 255, 0, 1.0)",8.827999084021807,101.42409374852937,2.4410629585445247,0,,,0.0,0.0,0.0,0.0,64.46136453601966,19.883493011142363,False,True,True,False,False,20.0
2024-09-23 00:00:00+00:00,126.2329395624,126.3458316073,123.1946710505,123.5235304856,2410175,86.33358471259112,89.08208397572523,94.84811941242283,100.85176466861834,106.23215789925564,,,,81.74922259806466,101.55064740065976,"rgba(0, 255, 0, 1.0)",8.967258094959865,101.55064740065976,2.7524904380317965,0,,,0.0,0.0,0.0,0.0,65.18124715717721,19.883493011142363,False,True,True,False,False,20.0
2024-09-24 00:00:00+00:00,125.2610863066,126.0366055714,124.5199254903,124.789884728,2389673,86.41541859444501,89.16919186809749,94.95198523137617,100.97966615933295,106.37504838515738,,,,81.82187954846734,101.67363904112767,"rgba(0, 255, 0, 1.0)",9.067336475946988,101.67363904112767,2.601364505226313,0,,,0.0,0.0,0.0,0.0,63.94549071765218,19.883493011142363,False,True,True,False,False,20.0
2024-09-25 00:00:00+00:00,126.7139578406,127.16552602,125.9188051767,125.9580719749,2777826,86.51334708173076,89.27362521564986,95.07707895056436,101.13469833231167,106.54995140632958,,,,81.90860371343858,101.82820201714065,"rgba(0, 255, 0, 1.0)",9.175739652707744,101.82820201714065,2.7121253179971827,0,,,0.0,0.0,0.0,0.0,64.56927743365033,19.883493011142363,False,True,True,False,False,20.0
2024-09-26 00:00:00+00:00,124.2303328535,126.7139578406,123.7983980731,126.5568906477,3375973,86.62674537492418,89.39406929490586,95.21972732755397,101.30830311826412,106.74095832649479,,,,82.00959361427697,101.98962409533053,"rgba(0, 255, 0, 1.0)",9.215924732977511,101.98962409533053,2.4132910589628778,0,,,0.0,0.0,0.0,0.0,61.14807676825614,17.399861750121545,False,True,True,False,False,20.0
2024-09-27 00:00:00+00:00,124.8684183245,125.1825527102,123.8965650686,125.0156688178,2286015,86.702623707388,89.47456077177128,95.31469331160635,101.42312218005678,106.8662031490233,,,,82.07728847795708,102.09504982391113,"rgba(0, 255, 0, 1.0)",9.256145122140317,102.09504982391113,2.460351280158293,0,,,0.0,0.0,0.0,0.0,59.58466858526984,15.89360626933427,False,True,True,False,False,20.0
2024-09-30 00:00:00+00:00,125.6832043874,125.6832043874,123.8867483691,124.5150171405,3515441,86.8200520048427,89.59914878956019,95.46169123647151,101.60077108423754,107.06005380082404,,,,82.18203138210208,102.26014977190798,"rgba(0, 255, 0, 1.0)",9.290863780392343,102.26014977190798,2.5210847095750757,0,,,0.0,0.0,0.0,0.0,59.44301462018664,15.628197908866639,False,True,True,False,False,20.0
2024-10-01 00:00:00+00:00,125.2414529075,126.1445892664,124.5837340374,125.9580719749,1981784,86.88634579669875,89.66947037021828,95.54458440130882,101.70075428690815,107.16895142450265,,,,82.24118177270074,102.35344544499608,"rgba(0, 255, 0, 1.0)",9.32142742853834,102.35344544499608,2.4554187261524287,0,,,0.0,0.0,0.0,0.0,58.6448545047837,14.63879993715588,False,True,True,False,False,20.0
2024-10-02 00:00:00+00:00,124.701534432,125.6243041901,123.8082147726,124.1027157593,2047391,86.95350841280982,89.74058792064473,95.62798999695397,101.80051332608264,107.27635229593177,,,,82.30125470789034,102.4446594529747,"rgba(0, 255, 0, 1.0)",9.334234184980547,102.4446594529747,2.3844350310857005,0,,,0.0,0.0,0.0,0.0,57.24216172949174,13.05369567535859,False,True,True,False,False,20.0
2024-10-03 00:00:00+00:00,124.1419825575,125.427970199,123.9063817682,125.0058521182,1702534,87.00885373751677,89.79913778763292,95.69646447732295,101.88202533476061,107.36355592281447,,,,82.35082228387522,102.51864641678553,"rgba(0, 255, 0, 1.0)",9.323431799987553,102.51864641678553,2.319246453944495,0,,,0.0,0.0,0.0,0.0,55.40697627286792,11.083336198217303,False,True,True,False,False,20.0
2024-10-04 00:00:00+00:00,123.2584795976,123.5922473825,122.2571762431,123.0228788083,1966641,87.07010606521966,89.86369675316966,95.77117845220774,101.96943889094082,107.45472337175751,,,,82.40596085750904,102.59436480973643,"rgba(0, 255, 0, 1.0)",9.292002279113525,102.59436480973643,2.2238602797496263,0,,,0.0,0.0,0.0,0.0,52.815646419640125,8.456402987250549,False,True,False,False,False,18.568219583068647
2024-10-07 00:00:00+00:00,121.9921253552,123.229029499,121.7172577677,122.6203941266,2857726,87.15695933241919,89.9550262689489,95.87616001791298,102.09086324625036,107.57926272752401,,,,82.48439553336357,102.69729790138464,"rgba(0, 255, 0, 1.0)",9.218217949879259,102.69729790138464,2.09311903436478,0,,,0.0,0.0,0.0,0.0,49.32319003170997,5.073572395228894,False,True,False,True,False,16.041709183225354
2024-10-08 00:00:00+00:00,122.4829603329,122.7038360728,121.5503738753,122.2179094449,2092230,87.2201555425372,90.02142819340521,95.95230152583963,102.17855483663456,107.66871699882009,,,,82.54152839329298,102.7718510066674,"rgba(0, 255, 0, 1.0)",9.126506091400543,102.7718510066674,2.1597650983661105,0,,,0.0,0.0,0.0,0.0,47.86457542588242,3.652905188059016,False,True,False,True,False,16.664695363783917
2024-10-09 00:00:00+00:00,122.0608422521,122.5762189786,120.9810053011,122.5124104315,2413691,87.29200587385623,90.09681112904711,96.038358878567,102.27691355327593,107.76796291770805,,,,82.60661846815286,102.85474529371962,"rgba(0, 255, 0, 1.0)",9.032142596698268,102.85474529371962,2.1264164900807967,0,,,0.0,0.0,0.0,0.0,46.277174350904005,2.063352958336168,False,True,False,True,False,15.822525920502734
2024-10-10 00:00:00+00:00,120.8533882069,122.1688259472,120.0975023413,122.0804756512,1722176,87.3418592264391,90.14897541491305,96.09744447982926,102.34353730400787,107.83380043779599,121.03990549846665,,,82.65194671186435,104.22547500842407,"rgba(0, 255, 255, 0.75)",8.869131376043946,104.22547500842407,1.874807407114175,0,,,0.0,0.0,0.0,0.0,43.57551408455535,-0.5753899934846203,False,True,False,True,False,13.45055945543233
2024-10-11 00:00:00+00:00,122.8854450146,123.0130621088,121.3344064851,122.0608422521,1758323,87.39467200166376,90.20440926142133,96.1607830607197,102.4160256743396,107.90725846884817,121.73255800677052,,,82.69976516949846,104.31973570495799,"rgba(0, 255, 0, 1.0)",8.736286104599042,104.31973570495799,2.125126064709403,0,,,0.0,0.0,0.0,0.0,45.37579314346816,-0.5753899934846203,False,True,False,True,False,16.092509774925112
2024-10-14 00:00:00+00:00,125.2610863066,125.5654039928,123.4155467905,123.8572982704,2195789,87.46478715326438,90.27837048794487,96.2464552070024,102.51630886916611,108.01257047201048,122.89878453487061,,,82.76282328812465,104.46637775218744,"rgba(0, 255, 0, 1.0)",8.65774013500259,104.46637775218744,2.401863330402021,0,,,0.0,0.0,0.0,0.0,49.69671976526853,-6.402046734656288,False,True,False,False,True,18.961983400092997
2024-10-15 00:00:00+00:00,126.880841733,127.6563609977,125.7519212843,126.1249558673,2442825,87.5466824954975,90.36507141949436,96.34786265022684,102.63684144522809,108.1421201831551,124.06143655436077,,,82.8361112428748,104.6351922466772,"rgba(0, 255, 0, 1.0)",8.612363487331997,104.6351922466772,2.5829900838537663,0,,,0.0,0.0,0.0,0.0,54.2572470695192,-2.2038404350975327,False,True,True,False,True,20.0
2024-10-16 00:00:00+00:00,127.9606786839,128.3533466661,126.4587236522,126.8317582352,1560657,87.59992558120429,90.42150195330173,96.4140509829294,102.7158421038594,108.22759128747943,124.63049008812824,,,82.88368535085128,104.7370514878846,"rgba(0, 255, 0, 1.0)",8.567426945304206,104.7370514878846,2.71068867517385,0,,,0.0,0.0,0.0,0.0,58.29226925378009,1.4227927445671327,False,True,True,False,True,20.0
2024-10-17 00:00:00+00:00,128.3435299665,128.6085808545,127.6170941995,128.4024301638,1971538,87.66798826561619,90.49368963154396,96.49886347739144,102.81731471182376,108.33780282506282,125.23275608337394,,,82.9444431544039,104.8620907854383,"rgba(0, 255, 0, 1.0)",8.556832498787632,104.8620907854383,2.744174223860132,0,,,0.0,0.0,0.0,0.0,61.32762276622073,4.1124154474795915,False,True,True,False,True,20.0
2024-10-18 00:00:00+00:00,129.8160348996,129.8454849982,128.3238965674,129.0110655362,2187176,87.74534316160326,90.57586013850377,96.59578609909511,102.93395425692096,108.46558575918245,125.88008507510602,,,83.01334760662273,105.0050416444889,"rgba(0, 255, 0, 1.0)",8.5490810601127,105.0050416444889,2.9021824779357073,0,,,0.0,0.0,0.0,0.0,64.60399497122523,7.076088220970853,False,False,True,False,True,20.0
2024-10-21 00:00:00+00:00,127.6759943968,130.1086707133,127.4011268093,129.5313506125,2416612,87.82856864433035,90.66407034308861,96.69917841741965,103.05712711020904,108.59874112753111,126.25401159680233,,,83.0877132938744,105.13830909903852,"rgba(0, 255, 0, 1.0)",8.51001139777657,105.13830909903852,2.648373103665871,0,,,0.0,0.0,0.0,0.0,63.097143850131125,7.076088220970853,False,True,True,False,True,19.77438570520213
2024-10-22 00:00:00+00:00,127.7054444955,128.3042631683,126.880841733,127.1066258227,1416303,87.87626945464622,90.7145322813487,96.75800651197184,103.12659963962628,108.6729715782823,126.36430710165696,,,83.13044954503397,105.20743069611842,"rgba(0, 255, 0, 1.0)",8.412851376492057,105.20743069611842,2.674243581937932,0,,,0.0,0.0,0.0,0.0,62.123846470566875,7.076088220970853,False,True,True,False,True,19.80720015016451
2024-10-23 00:00:00+00:00,129.3546500205,129.8454849982,127.2931431142,127.5287439035,1676585,87.93429026933823,90.77602759405741,96.83005489175686,103.2123392166548,108.7656181256395,126.57806455311983,,,83.18229621431249,105.29794920976678,"rgba(0, 255, 0, 1.0)",8.339281061430789,105.29794920976678,2.884745175695728,0,,,0.0,0.0,0.0,0.0,63.153666283833616,7.076088220970853,False,True,True,False,True,20.0
2024-10-24 00:00:00+00:00,129.6197009085,130.0221855902,128.6920228007,129.0306989353,1197216,87.97624132851064,90.82052490319653,96.88228803029646,103.27467283646736,108.83326271463497,126.74510628159666,,,83.2197435909409,105.36471384499774,"rgba(0, 255, 0, 1.0)",8.246953915277931,105.36471384499774,2.941084346132767,0,,,0.0,0.0,0.0,0.0,64.09378162877888,7.076088220970853,False,False,True,False,True,20.0
2024-10-25 00:00:00+00:00,127.8134281906,130.2283362808,127.7447112937,129.9731020924,1837117,88.03913541462504,90.88711005606312,96.9600330813312,103.36666427220848,108.931965374712,126.89698398558905,,,83.27603508820027,105.45723227122762,"rgba(0, 255, 0, 1.0)",8.108495854770286,105.45723227122762,2.757132311564305,0,,,0.0,0.0,0.0,0.0,61.62327323158794,7.076088220970853,False,True,True,False,True,18.42562169154688
2024-10-28 00:00:00+00:00,128.1766460741,129.1288659308,127.5483773026,128.3926134643,2282516,88.11641014560897,90.96883281937247,97.05515363006549,103.47863469408463,109.05131582459386,127.02539854665048,,,83.34530148414561,105.56623213191949,"rgba(0, 255, 0, 1.0)",7.945847718634522,105.56623213191949,2.845563461926762,0,,,0.0,0.0,0.0,0.0,60.412505030556865,7.076088220970853,False,True,True,False,False,18.83944562671211
2024-10-29 00:00:00+00:00,134.822551672,135.2054029546,130.9547720478,131.170739438,4160371,88.27524913614758,91.13820393816414,97.25664633486814,103.72383349128734,109.32487502524602,127.98310850106306,,,83.48604602615683,105.8525888707433,"rgba(0, 255, 0, 1.0)",7.937114304115002,105.8525888707433,3.6499364493512716,0,,,0.0,0.0,0.0,0.0,64.90040909544051,7.990101048581046,False,False,True,False,True,20.0
2024-10-30 00:00:00+00:00,135.9122053225,137.2374597623,134.4397003894,134.9403520667,3679268,88.42157106960212,91.29457267973704,97.44366739361404,103.95309068187206,109.58321998623944,128.8750682554425,,,83.61529480188626,106.122577049287,"rgba(0, 255, 0, 1.0)",7.950784321266281,106.122577049287,3.7467534106708804,0,,,0.0,0.0,0.0,0.0,68.44830183268866,11.406313360782143,False,False,True,False,True,20.0
2024-10-31 00:00:00+00:00,132.4076435818,136.0741808651,132.1622260929,134.8618184702,3980892,88.571201805108,91.45380884274618,97.63191890663278,104.17975539775726,109.83300710931057,129.38493033775447,,,83.74825798453595,106.3646266009124,"rgba(0, 255, 0, 1.0)",7.878879418643275,106.3646266009124,3.305421443468687,0,,,0.0,0.0,0.0,0.0,66.1737785567484,11.406313360782143,False,False,True,False,True,20.0
2024-11-01 00:00:00+00:00,130.8271549536,134.1648328019,130.709354559,133.0555457523,2217140,88.65107154094918,91.53852459250464,97.73114543121842,104.29749833505612,109.96037124338297,129.52903609339262,,,83.81956484457712,106.48185734039266,"rgba(0, 255, 0, 1.0)",7.733398419167467,106.48185734039266,3.1480723342620966,0,,,0.0,0.0,0.0,0.0,62.937079285826634,11.406313360782143,False,False,True,False,False,17.79775803294795
2024-11-04 00:00:00+00:00,131.8480917072,132.4076435818,130.9155052496,131.2198229358,2131758,88.72727570746895,91.61928884167213,97.82551980703651,104.40904895375668,110.08047673083784,129.64361125591137,,,83.88767557886692,106.59132066751188,"rgba(0, 255, 0, 1.0)",7.628601101683783,106.59132066751188,3.310799804975183,0,,,0.0,0.0,0.0,0.0,61.594376306198285,11.406313360782143,False,False,True,False,False,18.80506572118306
2024-11-05 00:00:00+00:00,132.6432443711,132.6923278688,130.6111875634,131.2492730344,2355797,88.81168002226386,91.70873718381293,97.92999557317673,104.53242905068976,110.21323919840913,129.77117222626345,,,83.96312507912693,106.71243881398068,"rgba(0, 255, 0, 1.0)",7.554226586276021,106.71243881398068,3.4326221567444835,0,,,0.0,0.0,0.0,0.0,61.32807762871951,18.409153111379425,False,True,True,False,False,19.58066256155359
2024-11-06 00:00:00+00:00,131.2198229358,133.5071139318,128.8049148455,133.5071139318,2928677,88.91420349719324,91.81717459692828,98.05594053208712,104.67982842887616,110.37003851783656,129.86046450285775,,,84.05502601960497,106.85234105474754,"rgba(0, 255, 0, 1.0)",7.460266557280648,106.85234105474754,3.266301772725758,0,,,0.0,0.0,0.0,0.0,59.47038636267039,16.385553742777432,False,True,True,False,False,17.254796370616432
2024-11-07 00:00:00+00:00,134.4102502908,134.999252264,131.0136722451,131.4554237251,2020787,88.98848512695676,91.89599611622155,98.14827620220164,104.78932165915907,110.48866357172024,130.0121688913035,,,84.12131037448529,106.96270136521578,"rgba(0, 255, 0, 1.0)",7.414253752914999,106.96270136521578,3.7019975091617154,0,,,0.0,0.0,0.0,0.0,60.735011924158584,16.385553742777432,False,True,True,False,False,20.0
2024-11-08 00:00:00+00:00,135.6667878336,137.6245322257,135.3771951968,135.4704538426,2485014,89.08511497859946,91.99889728148852,98.26994888600848,104.93562423410604,110.65012460547496,130.3170329283801,,,84.20710437122736,109.04503523926664,"rgba(0, 255, 0, 1.0)",7.349272568596682,109.04503523926664,3.6223656621592286,0,,,0.0,0.0,0.0,0.0,62.41679514275566,16.385553742777432,False,False,True,False,False,20.0
2024-11-11 00:00:00+00:00,135.1072359591,136.2459731073,134.3906168916,135.6667878336,2868476,89.19386861027174,92.11447928095123,98.40585056611914,105.09760874724012,110.82698983208675,130.58144492345627,,,84.30393704059931,109.17883810592537,"rgba(0, 255, 0, 1.0)",7.285914848764946,109.17883810592537,3.5587017404643175,0,,,0.0,0.0,0.0,0.0,62.82621368893048,16.385553742777432,False,False,True,False,False,20.0
2024-11-12 00:00:00+00:00,133.4678471336,135.4410037439,133.4089469363,135.0581524613,2377007,89.28137637895568,92.20726755788671,98.51424557933018,105.22549895714533,110.96487208793663,130.7313953242167,,,84.38210843762671,109.27600916471268,"rgba(0, 255, 0, 1.0)",7.2181924594213775,109.27600916471268,3.351509135408477,0,,,0.0,0.0,0.0,0.0,61.0899227141869,16.385553742777432,False,False,True,False,False,17.944795864609304
2024-11-13 00:00:00+00:00,133.1340793488,135.4623226038,132.9663669109,134.7914728523,3404843,89.40543030716448,92.33867198261152,98.6672798398149,105.40515829568038,111.1574368250167,130.91077745609851,,,84.49309059577541,109.4237166356518,"rgba(0, 255, 0, 1.0)",7.143489211869273,109.4237166356518,3.319157068754609,0,,,0.0,0.0,0.0,0.0,59.533499384211616,15.371077647090132,False,True,True,False,False,17.418328711800438
2024-11-14 00:00:00+00:00,132.6112111601,133.4892350995,131.4668204077,132.8282507856,2215529,89.48337433218128,92.42100356618016,98.76240709659056,105.51544005980398,111.27375689544341,130.96884580793977,,,84.56309829425247,109.5040076220422,"rgba(0, 255, 0, 1.0)",7.017611277434493,109.5040076220422,3.292744870659944,0,,,0.0,0.0,0.0,0.0,57.846033803737605,13.52923008279754,False,True,True,False,False,16.5890292450335
2024-11-15 00:00:00+00:00,134.1896811635,134.4165862265,132.0044867526,132.1080738466,1994313,89.55494333730887,92.49669410658295,98.85013953027578,105.6176463917391,111.38233232859729,131.04951941038243,,,84.62727089908368,109.59229441437769,"rgba(0, 255, 0, 1.0)",6.93587059038633,109.59229441437769,3.546402204103442,0,,,0.0,0.0,0.0,0.0,58.28320951931681,13.52923008279754,False,True,True,False,False,18.16020164509931
2024-11-18 00:00:00+00:00,135.1663594781,135.3636682286,133.3807152868,133.3807152868,2330702,89.6403745708675,92.5871607621791,98.95534456565112,105.74082047305407,111.51412111678158,131.17655879063975,,,84.70373689001899,109.71019823275022,"rgba(0, 255, 0, 1.0)",6.867794023070874,109.71019823275022,3.706599405840549,0,,,0.0,0.0,0.0,0.0,59.46600966871524,13.52923008279754,False,True,True,False,False,19.109400749576864
2024-11-19 00:00:00+00:00,136.3206156681,136.7250986065,134.5793659456,135.2650138533,1652566,89.70241435721634,92.65295220443804,99.03214075538641,105.83123945695552,111.61161868723106,131.29164344547758,,,84.75915381316311,109.8034613792961,"rgba(0, 255, 0, 1.0)",6.756905367222244,109.8034613792961,3.9244525189650656,0,,,0.0,0.0,0.0,0.0,61.252491908108425,13.52923008279754,False,False,True,False,True,20.0
2024-11-20 00:00:00+00:00,135.5511115415,136.6067133562,135.3143410409,135.7089585418,1720093,89.76674152327216,92.72113942634584,99.11162626345664,105.92461990821545,111.71206328198522,131.40432429315746,,,84.81665044289815,109.89803434105575,"rgba(0, 255, 0, 1.0)",6.718778610279378,109.89803434105575,3.8181161619459227,0,,,0.0,0.0,0.0,0.0,61.268143106726036,13.52923008279754,False,False,True,False,True,18.95104446249292
2024-11-21 00:00:00+00:00,136.0246525425,136.4784626685,134.9789161652,135.4228608537,1831042,89.83502589901327,92.79349407307407,99.19586975129975,106.02339760047292,111.81808946421675,131.51836028568673,,,84.87771753921672,109.9967921375204,"rgba(0, 255, 0, 1.0)",6.672308127342469,109.9967921375204,3.9008780632177293,0,,,0.0,0.0,0.0,0.0,61.736687668781144,13.52923008279754,False,False,True,False,True,19.413583773996365
2024-11-22 00:00:00+00:00,136.054248855,137.4650064206,135.4524571662,136.9520036695,1619166,89.89589051747858,92.85801020620187,99.27104918763462,106.1116495545243,111.91299636799094,131.625479753203,,,84.932121784912,110.0864460625221,"rgba(0, 255, 0, 1.0)",6.634031715168753,110.0864460625221,3.9143320242353323,0,,,0.0,0.0,0.0,0.0,62.079353368423135,13.52923008279754,False,False,True,False,True,19.442823630127773
2024-11-25 00:00:00+00:00,133.9233143505,136.6560405438,133.8591890066,135.9358636048,9475131,90.23740205523497,93.21875582710042,99.68726113589484,106.59263134187712,112.42048056033694,131.99327270212098,,,85.2389017145541,110.52741189588428,"rgba(0, 255, 0, 1.0)",6.58067858207783,110.52741189588428,3.555241630906173,0,,,0.0,0.0,0.0,0.0,58.924763922865054,13.186819228591865,False,True,True,False,False,15.928723965139799
2024-11-26 00:00:00+00:00,137.0901197948,137.2282359201,134.2192774761,134.7322802272,2874713,90.3431353457342,93.33053623417486,99.81645479668784,106.74229973994099,112.57915688073602,132.13486157016877,,,85.33377750360644,110.67215535317173,"rgba(0, 255, 0, 1.0)",6.576072319144152,110.67215535317173,4.01728617927767,0,,,0.0,0.0,0.0,0.0,60.1239389916633,13.186819228591865,False,False,True,False,False,19.08378718733356
2024-11-27 00:00:00+00:00,137.4255446705,138.8560331111,137.0216536584,137.9484128591,3352094,90.47006560698348,93.464951812376,99.97248302467965,106.92423664333565,112.773802810076,132.34860285901715,,,85.44740568621945,112.74685279556033,"rgba(0, 255, 0, 1.0)",6.577840576279966,112.74685279556033,3.7517923380405875,0,,,1.0,0.0,138.85603,775.0,61.22045974717595,13.186819228591865,False,False,True,False,True,19.404722440977867
2024-11-29 00:00:00+00:00,136.3206156681,138.4022229851,136.3206156681,137.4452755455,2149196,90.54979973560333,93.54924737918414,100.06986703548215,107.0369456457124,112.89331158185618,132.45942129588494,,,85.51895454631416,112.83731068826562,"rgba(0, 255, 0, 1.0)",6.550378670915202,112.83731068826562,3.5850301424716506,0,,,0.0,0.0,0.0,0.0,60.27458662230237,13.186819228591865,False,False,True,False,True,17.61787482129987
2024-12-02 00:00:00+00:00,132.2264590968,135.9457290423,131.6937254707,135.5412461039,2416406,90.63195919191129,93.63554368340841,100.1677684169245,107.14703843478962,113.00574070408578,132.48098855651764,,,85.59335909043095,112.85851016489339,"rgba(0, 255, 0, 1.0)",6.418288347084756,112.85851016489339,3.017619010636022,0,,,0.0,0.0,0.0,0.0,54.888933895966176,9.232063622405164,False,True,True,False,False,11.43238238133615
2024-12-03 00:00:00+00:00,131.0623374693,132.5717494101,130.8650287189,132.1968627842,3142040,90.73385894026062,93.74215825598928,100.28737998636953,107.27911570475167,113.13735956393346,132.44888756278493,,,85.6861451950685,112.88288330598539,"rgba(0, 255, 0, 1.0)",6.251019083148297,112.88288330598539,2.9082384682400626,0,,,0.0,0.0,0.0,0.0,50.25443297616377,5.057620514831555,False,True,False,False,False,9.789414994925576
2024-12-04 00:00:00+00:00,131.7923798459,132.5224222224,130.4802766556,131.1215300944,3159930,90.83607442701643,93.84905462124924,100.4071323687161,107.41104310276539,113.26855288983269,132.42179685682177,,,85.77928220860828,112.93955763333467,"rgba(0, 255, 0, 1.0)",6.065586686815348,112.93955763333467,3.108161367728097,0,,,0.0,0.0,0.0,0.0,48.08320818704424,3.253393840556768,False,True,False,True,False,10.573103197443245
2024-12-05 00:00:00+00:00,130.8255669688,132.0538139402,130.573998312,131.2892425323,2468892,90.9147091639679,93.93117035769959,100.49872838666204,107.51124015434966,113.36729592214695,132.39094269998247,,,85.85108103341594,112.98657410474405,"rgba(0, 255, 0, 1.0)",5.8831556384139105,112.98657410474405,3.0322150152847738,0,,,0.0,0.0,0.0,0.0,45.707209911366235,1.186638955007652,False,True,False,True,False,9.205581045625305
2024-12-06 00:00:00+00:00,129.6022527162,131.3385697199,128.6255744016,130.3322950927,2304762,90.98548508500402,94.00484433523151,100.58015040776627,107.59893099647114,113.45185105749408,132.33474352294334,,,85.9159907567887,113.01847277408449,"rgba(0, 255, 0, 1.0)",5.675944426530225,113.01847277408449,2.921765735513622,0,,,0.0,0.0,0.0,0.0,43.01169106377017,-1.2217073300225962,False,True,False,True,False,7.503274350165086
2024-12-09 00:00:00+00:00,127.7080887121,130.1152554673,127.2937403362,129.4838674659,3808161,91.09742559150696,94.12090741482625,100.70693331480018,107.73276894522489,113.57721596898756,132.1947542400528,,,86.01921665877495,113.05258329376029,"rgba(0, 255, 0, 1.0)",5.496659783848071,113.05258329376029,2.6662565984900297,0,,,0.0,0.0,0.0,0.0,39.68744145027554,-4.229694129672183,False,True,False,True,False,4.949593281343024
2024-12-10 00:00:00+00:00,127.5305108367,129.2470969654,127.0767007107,127.9448592126,2581519,91.17207601564445,94.19817932363333,100.79092486018267,107.82068960862969,113.65862451774613,132.095505392918,,,86.08821497401077,113.07810335394285,"rgba(0, 255, 0, 1.0)",5.351531760857937,113.07810335394285,2.700611362986697,0,,,0.0,0.0,0.0,0.0,37.33467534066533,-6.3357378988683735,False,True,False,True,False,4.7135601984180795
2024-12-11 00:00:00+00:00,126.8596610853,127.668626962,126.2578693965,126.494639897,2252896,91.23517219299482,94.2632922196244,100.86105820730846,107.89292917901437,113.72389011549052,131.99215059627417,,,86.14677811292917,113.0934391197118,"rgba(0, 255, 0, 1.0)",5.196705997035803,113.0934391197118,2.649028437136995,0,,,0.0,0.0,0.0,0.0,35.23303704734235,-8.266726563584328,False,True,False,True,False,3.8165765644031495
2024-12-12 00:00:00+00:00,126.7116795225,128.4677274012,126.7116795225,127.1358933359,1810947,91.28625131258063,94.31603247290799,100.9179539521458,107.95171864889494,113.77733936508258,131.91784973026776,,,86.19415538289336,113.11157210487389,"rgba(0, 255, 0, 1.0)",5.063107506078125,113.11157210487389,2.686118633921866,0,,,0.0,0.0,0.0,0.0,33.71036993912621,-9.724560181501829,False,True,False,True,False,3.617450761047067
2024-12-13 00:00:00+00:00,127.3825292739,127.9053974625,126.1789458963,126.72154496,1955442,91.34102785056946,94.37254873129295,100.97878718472359,108.01433912113986,113.833983927526,131.8378409361231,,,86.2450149538391,113.13196364176068,"rgba(0, 255, 0, 1.0)",4.942331906150162,113.13196364176068,2.883368802974592,0,,,0.0,0.0,0.0,0.0,33.97490728991306,-9.724560181501829,False,True,False,True,False,4.442058588895232
2024-12-16 00:00:00+00:00,126.968180898,128.7340942143,126.9287191479,127.7574158997,2170654,91.4022940696638,94.43579756490207,101.04698222514904,108.0847744441763,113.89811881948393,131.75922177614265,,,86.30185841488792,113.16038446461523,"rgba(0, 255, 0, 1.0)",4.803135927247966,113.16038446461523,2.8747461330531543,0,,,0.0,0.0,0.0,0.0,33.734296903777185,-10.05510376324549,False,True,False,True,False,3.8678499749282587
2024-12-17 00:00:00+00:00,127.4910490866,129.2569624029,126.0014666753,126.4157163968,3497892,91.5006935664269,94.53733468135259,101.15630389473046,108.19744253167336,114.00051111308281,131.6395466901475,,,86.39321747703659,113.21012242128567,"rgba(0, 255, 0, 1.0)",4.6585470247979694,113.21012242128567,3.065532362192621,0,,,0.0,0.0,0.0,0.0,34.63990029532023,-10.05510376324549,False,True,False,True,False,4.523787195796682
2024-12-18 00:00:00+00:00,123.9000298289,128.1914951506,123.712586516,126.9780463355,4105163,91.60812981957258,94.64741606056084,101.27232195666288,108.31242714029538,114.09859030033671,131.43222873941284,,,86.49392551232357,113.23526751661862,"rgba(0, 255, 0, 1.0)",4.577227810167641,113.23526751661862,2.329961005784151,0,,,0.0,0.0,0.0,0.0,32.014455380007114,-12.16724788770626,False,True,False,True,False,0.0
2024-12-19 00:00:00+00:00,122.1143856376,126.6524868973,121.9960003873,124.2847818922,4629156,91.72245492191139,94.76384573885957,101.39274824756154,108.42757689889086,114.19082611710583,131.15458526257825,,,86.6019694636887,113.24224231786931,"rgba(0, 255, 255, 0.75)",4.578849019116414,113.24224231786931,1.9376361357821643,0,,,0.0,0.0,0.0,0.0,29.13188901919269,-15.060913338372984,False,True,False,True,False,0.0
2024-12-20 00:00:00+00:00,122.9628132644,124.8964390185,121.5915174489,122.9036206393,11368571,91.99597662033798,95.04156546642339,101.67733438889935,108.69518576179902,114.39971559285948,130.5144853623068,,,86.86155222148899,114.30986148443135,"rgba(0, 255, 255, 0.75)",4.555572909588187,114.30986148443135,1.899421203808777,0,,,0.0,0.0,0.0,0.0,28.799245171827973,-15.534855612033468,False,True,False,True,False,0.0
2024-12-23 00:00:00+00:00,123.9296261415,124.3242436423,122.3511561381,123.0910639522,1871941,92.04110923508367,95.08739320141298,101.72430870540559,108.73946812026524,114.43465220895425,130.42377630340516,,,86.90439122213851,114.32149319442931,"rgba(0, 255, 0, 1.0)",4.528655716066364,114.32149319442931,2.121630247356584,0,,,0.0,0.0,0.0,0.0,30.310326967417033,-15.534855612033468,False,True,False,True,False,0.0
2024-12-24 00:00:00+00:00,124.886573581,125.1825367067,123.3376998902,123.3376998902,1074764,92.06773022932036,95.11449999606967,101.75233855522171,108.76637068028857,114.45663653573237,130.37967106309895,,,86.92956772534667,114.33490942619035,"rgba(0, 255, 0, 1.0)",4.529896318545653,114.33490942619035,2.329338998689778,0,,,0.0,0.0,0.0,0.0,32.94013866679969,-15.534855612033468,False,True,False,True,True,1.0402569669217385
2024-12-26 00:00:00+00:00,124.6892648306,125.1628058316,123.9098952664,123.9098952664,1079007,92.0945098775331,95.14177308723207,101.78055594197859,108.79348996456956,114.47887078802181,130.33691786579556,,,86.95488930040061,114.34870092530407,"rgba(0, 255, 0, 1.0)",4.547770505123951,114.34870092530407,2.273765550316415,0,,,0.0,0.0,0.0,0.0,34.485936656144446,-20.984362542618637,False,True,False,True,True,0.7815058780512523
2024-12-27 00:00:00+00:00,123.3179690152,124.7287265807,123.031871327,123.9098952664,2612197,92.15737949815943,95.20559136090174,101.84591238905598,108.85506385107514,114.52756882141651,130.22028057544534,,,87.0145964966678,114.36664832025261,"rgba(0, 255, 255, 0.75)",4.5820703055099195,114.36664832025261,1.9535537645905332,0,,,0.0,0.0,0.0,0.0,34.129380464064795,-20.984362542618637,False,True,False,True,True,0.0
2024-12-30 00:00:00+00:00,123.239045515,123.5350086406,121.8184225119,122.6767155763,1255027,92.18670483098553,95.23526242719754,101.87598853607066,108.88282417715904,114.54868416340958,130.15875550014158,,,87.0425672129476,114.36951016355401,"rgba(0, 255, 255, 0.75)",4.618101825616408,114.36951016355401,1.9206019456407535,0,,,0.0,0.0,0.0,0.0,33.81412888620363,-20.984362542618637,False,True,False,True,True,0.0
2024-12-31 00:00:00+00:00,124.3341090798,124.5708795803,123.0713330771,124.2453201421,2645399,92.25060092781663,95.30014109087777,101.94249514243398,108.94567142074378,114.59883345129518,130.05192363022135,,,87.10323431243233,114.39306102185154,"rgba(0, 255, 0, 1.0)",4.642543210017416,114.39306102185154,2.141293598840014,0,,,0.0,0.0,0.0,0.0,35.74321453688985,-19.211875692870287,False,True,False,True,True,0.35406869180043543
2025-01-02 00:00:00+00:00,123.0417367646,124.41303258,121.9072114496,123.9493570165,1716590,92.29079115940843,95.34081032097244,101.98374030040955,108.98382803873785,114.62809851203419,129.9748715209014,,,87.14156704700872,114.40068009637173,"rgba(0, 255, 255, 0.75)",4.682295269377332,114.40068009637173,1.845474531420867,0,,,0.0,0.0,0.0,0.0,35.565758017045994,-19.17072037575992,False,True,False,True,True,0.0
2025-01-03 00:00:00+00:00,124.1269348919,124.4771579239,122.785235389,123.239045515,2433667,92.3488362129833,95.39966274998321,102.04380111540267,109.04014240602311,114.67251997943058,129.87900797655283,,,87.196791148195,114.42050729013481,"rgba(0, 255, 0, 1.0)",4.693522095008696,114.42050729013481,2.0680477060260256,0,,,0.0,0.0,0.0,0.0,37.45359511213813,-17.15682041868486,False,True,False,True,True,0.10156117120000019
2025-01-06 00:00:00+00:00,122.3807524506,124.620206768,122.1045202,124.0874731418,2136804,92.39839528707444,95.44975597941995,102.09442752698311,109.08670285762035,114.70794460864612,129.78702598727045,,,87.24413619597607,114.43054365398314,"rgba(0, 255, 255, 0.75)",4.732849855038663,114.43054365398314,1.6797931563691908,0,,,0.0,0.0,0.0,0.0,36.771586330303364,-17.15682041868486,False,True,False,True,True,0.0
2025-01-07 00:00:00+00:00,122.5681957635,123.8901643914,121.9960003873,123.0516022021,2606347,92.45820152369313,95.5101326269263,102.15521240937085,109.14219964681962,114.74963361545717,129.67462432801304,,,87.30136664269473,114.44129690795583,"rgba(0, 255, 255, 0.75)",4.741291029372728,114.44129690795583,1.7140687642241943,0,,,0.0,0.0,0.0,0.0,36.670012634661404,-17.15682041868486,False,True,False,True,True,0.0
2025-01-08 00:00:00+00:00,124.7780537683,125.4686343948,122.3412907006,123.1897183274,2353144,92.5144374635474,95.56715432595091,102.21342582939756,109.1969305822668,114.79327124429743,129.59598897579113,,,87.35487771673824,114.46612999585929,"rgba(0, 255, 0, 1.0)",4.717494133853701,114.46612999585929,2.185890110268551,0,,,0.0,0.0,0.0,0.0,40.316421306351316,-13.939672045214095,False,True,False,True,True,1.0231141194547746
2025-01-10 00:00:00+00:00,123.1009293897,124.5708795803,121.4534013236,123.4462197029,3116210,92.58590124399318,95.63928829945667,102.28602172313501,109.26326914448016,114.84342452524157,129.47373309562843,123.04173676453334,,87.42328994593811,115.44906487476194,"rgba(0, 255, 255, 0.75)",4.751607777072096,115.44906487476194,1.610373766930122,0,,,0.0,0.0,0.0,0.0,40.72060663053075,-13.47171363827318,False,True,False,True,True,0.0
2025-01-13 00:00:00+00:00,124.0282805167,124.2157238296,122.5188685759,122.8246971391,2392128,92.64151233204831,95.69550275414466,102.34286348718493,109.31576408591313,114.88404842421876,129.39064129942594,123.27880153364202,,87.47643036340857,115.47785431879443,"rgba(0, 255, 255, 0.75)",4.764944488092022,115.47785431879443,1.794444031672093,0,,,0.0,0.0,0.0,0.0,42.394922444202074,-11.776183938578882,False,True,False,True,True,0.0540138718118186
2025-01-14 00:00:00+00:00,125.1628058316,125.2910565194,124.0085496416,124.0480113917,1844383,92.6859568800743,95.7406006398379,102.38901499314079,109.3594515214301,114.91951505733108,129.3414378117324,123.66560298175345,,87.5186918340357,115.51933121125339,"rgba(0, 255, 0, 1.0)",4.775916241618473,115.51933121125339,2.019188388672119,0,,,0.0,0.0,0.0,0.0,45.11031920956084,-9.156474305517925,False,False,False,True,True,1.5170910455842233
2025-01-15 00:00:00+00:00,124.886573581,127.6883578371,124.1188452331,127.195085961,2525410,92.74801749124278,95.8036981924082,102.45398628124305,109.42173099915335,114.97128618910467,129.2865660068718,124.15109223116231,,87.57755391964132,115.58072800826423,"rgba(0, 255, 255, 0.75)",4.768723143047458,115.58072800826423,1.9514333907815944,0,,,0.0,0.0,0.0,0.0,46.53083901220822,-7.802258508434669,False,False,False,False,True,1.1477648336047643
2025-01-16 00:00:00+00:00,126.9977772106,127.0767007107,124.7977846433,124.9753625187,1732919,92.79140702425207,95.84789374521262,102.49975302385114,109.4661005116345,115.00893613051164,129.25699454988887,124.4704312107488,,87.61860951977513,115.62645440635825,"rgba(0, 255, 0, 1.0)",4.7535240060911255,115.62645440635825,2.3921879409193347,0,,,0.0,0.0,0.0,0.0,50.22569494832806,-4.340987861948712,False,False,False,False,True,3.826915482571497
2025-01-17 00:00:00+00:00,127.5995688994,127.9349937751,126.6228905848,127.3726638364,2727175,92.86168899876014,95.91967999492994,102.57472230014623,109.53997026388151,115.07338523621644,129.22837168210245,125.02494680062388,,87.68486914241116,115.71092566440095,"rgba(0, 255, 0, 1.0)",4.743524576865376,115.71092566440095,2.5062889508322788,0,,,0.0,0.0,0.0,0.0,53.375197133311914,-1.489303898784911,False,False,True,False,True,4.570072728617465
2025-01-21 00:00:00+00:00,131.871303346,132.4434987223,127.87580115,127.87580115,3558330,92.96180414440734,96.0227575251187,102.68495730520667,109.65333415863707,115.17904304699567,129.25775965039193,126.15930910857611,,87.7782461613328,115.88106037271783,"rgba(0, 255, 0, 1.0)",4.743987086820824,115.88106037271783,3.37063374765592,0,,,0.0,0.0,0.0,0.0,59.17115660758634,3.7519657717054145,True,False,True,False,True,9.522191475640941
2025-01-22 00:00:00+00:00,129.3852130907,131.7923798459,129.3161550281,131.7923798459,3666104,93.06286294538054,96.12660019569611,102.79535948271219,109.76576941940759,115.2825143733678,129.27568061673074,126.84028956508067,,87.87276727505476,116.01999086563053,"rgba(0, 255, 0, 1.0)",4.7230753598663995,116.01999086563053,2.829771114523892,0,,,0.0,0.0,0.0,0.0,59.50432738128072,3.8227041404052073,True,False,True,False,True,6.13433457780798
2025-01-23 00:00:00+00:00,130.4605457805,130.6085273433,128.9511338398,129.3358859031,3374658,93.15501002570835,96.22119015442114,102.89562213130279,109.86738979159558,115.37550804227975,129.28874186156952,127.26879086004115,,87.95907898718328,116.13274228706139,"rgba(0, 255, 0, 1.0)",4.698071789902959,116.13274228706139,3.0497199987943504,0,,,0.0,0.0,0.0,0.0,60.60913358461754,4.811021302242047,True,False,True,False,True,7.331463637504726
2025-01-24 00:00:00+00:00,134.9098581026,135.7286894168,129.3753476532,130.22377528,3504471,93.25882267728252,96.32849158409029,103.0116602999373,109.98912258836695,115.49254968590783,129.36250086603266,128.01660759255668,,88.05540886410553,116.29943402818787,"rgba(0, 255, 0, 1.0)",4.707570381480239,116.29943402818787,3.953297044187855,0,,,0.0,0.0,0.0,0.0,64.22480395509236,8.205549315312737,True,False,True,False,True,11.958359244925937
2025-01-27 00:00:00+00:00,136.5869824812,137.415679233,134.4609806954,134.7421456647,3033942,93.35455023019415,96.42791800327419,103.12067050149842,110.10608619274592,115.6084511158753,129.46794768048335,128.80102268276255,,88.14364203245385,116.47368224437386,"rgba(0, 255, 0, 1.0)",4.720712307795944,116.47368224437386,4.260649437079731,0,,,0.0,0.0,0.0,0.0,67.47119523863914,11.195038428138304,True,False,True,False,True,13.573842898611307
2025-01-28 00:00:00+00:00,135.3044756034,138.0174709218,134.653356727,136.4981935435,1989349,93.41684914461977,96.49257661979102,103.19140953094613,110.18173728014864,115.68314767635496,129.53368921469874,129.22848025757426,,88.20112526078971,116.58026848328532,"rgba(0, 255, 0, 1.0)",4.710994641774474,116.58026848328532,3.974576186964604,0,,,0.0,0.0,0.0,0.0,67.93875122676381,11.619564821210098,True,False,True,False,True,11.83744029372884
2025-01-29 00:00:00+00:00,133.1143484737,136.261423043,132.4928259099,135.3044756034,1781808,93.46983382732641,96.54733521622902,103.25059464269954,110.24380715373694,115.74292873666299,129.573249035168,129.46747689096142,,88.2503063724661,116.65602636491144,"rgba(0, 255, 0, 1.0)",4.655825311623579,116.65602636491144,3.534995625308206,0,,,0.0,0.0,0.0,0.0,65.62234455380873,11.619564821210098,True,False,True,False,True,8.968989435330801
2025-01-30 00:00:00+00:00,135.334071916,136.4587317934,134.2784701012,134.8506654775,1906764,93.52833768715297,96.60794471881678,103.31655671859254,110.31377492565322,115.81135779253859,129.628089420452,129.76973802465764,,88.30442905578678,116.74635746289398,"rgba(0, 255, 0, 1.0)",4.596867231924432,116.74635746289398,4.043561302797179,0,,,0.0,0.0,0.0,0.0,65.54980381679815,11.619564821210098,True,False,True,False,True,11.150228252821844
2025-01-31 00:00:00+00:00,134.6434912895,136.0246525425,134.1995466011,135.2551484158,1579272,93.57620618784166,96.65748296037056,103.37030324855547,110.37050738593751,115.86651757894293,129.66960348994468,129.98119522242393,,88.34878053208521,116.81634832472787,"rgba(0, 255, 0, 1.0)",4.565719818500936,116.81634832472787,3.9045635022398972,0,,,0.0,0.0,0.0,0.0,64.68849930610592,11.619564821210098,True,False,True,False,False,10.256160378991208
2025-02-03 00:00:00+00:00,138.4910119228,138.6981861107,133.9233143505,134.1699502885,3399529,93.6840378056743,96.76945788628768,103.4929642953679,110.50201244793116,115.9970130230054,129.79114605494942,130.55054558345833,,88.44821686775221,116.99068105198148,"rgba(0, 255, 0, 1.0)",4.645181348858904,116.99068105198148,4.628523464665186,0,,,0.0,0.0,0.0,0.0,66.4105983215884,11.619564821210098,True,False,True,False,False,13.8632497175666
2025-02-04 00:00:00+00:00,136.9914654196,138.3331649224,135.9358636048,137.6968442023,2581984,93.76567316037158,96.85419380495556,103.58566741483796,110.60121281474561,116.0952858531943,129.88142324132892,130.9279759323465,,88.52354541347636,117.11781064316342,"rgba(0, 255, 0, 1.0)",4.7022290910942495,117.11781064316342,4.2264326963729015,0,,,0.0,0.0,0.0,0.0,65.83888560759124,11.619564821210098,True,False,True,False,False,11.936985185819033
2025-02-05 00:00:00+00:00,140.2766561141,140.9277749905,137.5044681707,138.4318192977,2057258,93.8342138514457,96.92560540119536,103.6646124356801,110.68708456152089,116.1821178767095,129.97600988079068,131.3080801535978,,88.58645842527606,117.23592113838956,"rgba(0, 255, 0, 1.0)",4.841201777981238,117.23592113838956,4.759300692754505,0,,,0.0,0.0,0.0,0.0,67.23585668567766,11.790265361615852,True,False,True,False,False,14.851671806250106
2025-02-06 00:00:00+00:00,140.4739648645,141.2286708349,139.7833842381,140.8291206153,3072666,93.93826759535142,97.03412603250447,103.78490308467771,110.8184769091813,116.31570442949797,130.12719667038422,131.8744307075861,,88.6818362844526,117.41697471908124,"rgba(0, 255, 0, 1.0)",4.978473787774166,117.41697471908124,4.631337057963572,0,,,0.0,0.0,0.0,0.0,68.26590846766221,13.023306788402785,True,False,True,False,False,15.021563429496066
2025-02-07 00:00:00+00:00,140.671273615,141.4605086167,140.3950413644,140.5726192398,2065611,94.00847696151637,97.10735601020761,103.86608828537602,110.9071817467597,116.40596312644517,130.22973313556918,132.2312807788385,,88.74618563993201,117.53726586476633,"rgba(0, 255, 0, 1.0)",5.117758881607836,117.53726586476633,4.5203395246643,0,,,0.0,0.0,0.0,0.0,69.05899111321006,14.036892069024944,True,False,True,False,True,15.193935759700523
2025-02-10 00:00:00+00:00,141.1842763661,141.9063277382,138.9076293493,140.2766561141,2062241,94.0780994995149,97.17992913600013,103.94640241747715,110.99470233736398,116.49476932518665,130.32849581352406,132.5535685568633,,88.81005507182275,117.65294834895249,"rgba(0, 255, 0, 1.0)",5.2521516334565135,117.65294834895249,4.480321525230072,0,,,0.0,0.0,0.0,0.0,69.87970997561621,15.08184727403733,True,False,True,False,True,15.646485296958321
2025-02-11 00:00:00+00:00,141.4703740542,141.6479519296,139.6847298628,140.4049068019,2556093,94.16460221229494,97.27009952944988,104.04618817231227,111.10344428940704,116.6051556888499,130.4514555632227,132.93253024274466,,88.88941020632546,117.79491498631921,"rgba(0, 255, 0, 1.0)",5.384818425778983,117.79491498631921,4.396705180352636,0,,,0.0,0.0,0.0,0.0,70.5975152135927,16.028829055147312,True,False,True,False,True,15.900974756006196
2025-02-12 00:00:00+00:00,144.5286596858,146.50174719,140.0892128012,142.6048993691,3815258,94.30074271451544,97.41250095558289,104.20525031384022,111.27924007487438,116.78664135157993,130.6769292863731,133.61372347138564,,89.01369345860509,118.03611556360757,"rgba(0, 255, 0, 1.0)",5.606966233949569,118.03611556360757,4.724933772881128,0,,,0.0,0.0,0.0,0.0,72.70281302746935,18.244743710555966,True,False,True,False,True,18.54149993711398
2025-02-13 00:00:00+00:00,149.4021858212,149.9151885723,144.627314061,144.873949999,4201624,94.4627052130091,97.58270480850888,104.39774944057098,111.49589332813368,117.0150102626414,130.99513557474356,134.54901022836074,,89.16055971266722,118.3505854129456,"rgba(0, 255, 0, 1.0)",5.989204270032072,118.3505854129456,5.18459531654747,0,,,0.0,0.0,0.0,0.0,75.9089161771515,21.384324107631656,True,False,True,False,True,20.0
2025-02-14 00:00:00+00:00,147.9519665056,149.7425434157,147.0542116912,149.4613784464,1878588,94.53516557183907,97.65883726652913,104.48379700619564,111.59264136101066,117.11691249333917,131.13583926983068,134.93648767076724,,89.226286791789,118.4881430654315,"rgba(0, 255, 0, 1.0)",6.273097921081341,118.4881430654315,4.69685374129942,0,,,0.0,0.0,0.0,0.0,76.09223281289819,21.63185111413162,True,False,True,False,True,20.0
2025-02-18 00:00:00+00:00,148.7707978199,150.7537507616,147.882908443,147.9421010681,3117085,94.65694374455485,97.78686218565538,104.62870670054915,111.7559077078179,117.28930850033034,131.37614098267065,135.57295553616086,,89.33665647395847,118.71940306947401,"rgba(0, 255, 0, 1.0)",6.564261115664301,118.71940306947401,4.578031589681026,0,,,0.0,0.0,0.0,0.0,76.54681048284243,22.217037338458255,True,False,True,False,True,20.0
2025-02-19 00:00:00+00:00,147.6954651301,148.7518561798,147.2712513167,148.6918743197,2345178,94.7461476983736,97.88046781681665,104.73411780894835,111.87380013021237,117.41283300562907,131.54051979369814,135.97530949795132,,89.4177248103896,118.87935197312538,"rgba(0, 255, 0, 1.0)",6.805684028313383,118.87935197312538,4.23412445201573,0,,,0.0,0.0,0.0,0.0,75.36120607245694,22.217037338458255,True,False,True,False,True,19.575467487221143
2025-02-20 00:00:00+00:00,148.2972568189,149.037164633,146.7878448781,147.1232697538,3321765,94.87230654687812,98.01281127554456,104.88301146752964,112.0400945799897,117.58686457558717,131.76970176027802,136.50821398993284,,89.53243189377493,119.1012331313206,"rgba(0, 255, 0, 1.0)",7.046243186969707,119.1012331313206,4.1434879428473685,0,,,0.0,0.0,0.0,0.0,74.87941493667094,22.217037338458255,True,False,True,False,True,20.0
2025-02-21 00:00:00+00:00,146.5806706902,149.045056983,145.3080292499,148.3071222564,3988479,95.0199875737346,98.16744133569607,105.05607299731929,112.23192125394651,117.78602870499755,132.01917492212124,137.03548872319126,,89.66707903877385,119.34594537002901,"rgba(0, 255, 0, 1.0)",7.238438581483206,119.34594537002901,3.7625138368709363,0,,,0.0,0.0,0.0,0.0,72.16560440279345,26.234029312054417,True,False,True,False,False,17.736001459004573
2025-02-24 00:00:00+00:00,148.6129508195,149.7277452594,146.8273066282,146.9160955659,2320877,95.10786174294692,98.25956003010883,105.1594917859431,112.34707285636111,117.9062274678662,132.17395584330328,137.35874433262114,,89.74706188204574,119.49442575245112,"rgba(0, 255, 0, 1.0)",7.473047669163299,119.49442575245112,3.89647254455545,0,,,0.0,0.0,0.0,0.0,71.60113397677625,25.607562999944648,True,False,True,False,False,19.37256293491166
2025-02-25 00:00:00+00:00,150.3591332608,151.2013980774,148.080063757,148.9817825607,3163473,95.23051215904201,98.38829769483348,105.3044985459886,112.5092980139714,118.07649091312454,132.3992456931397,137.82651696039727,,89.85849503936402,119.70617321883765,"rgba(0, 255, 0, 1.0)",7.74659663638296,119.70617321883765,3.9569583238652832,0,,,0.0,0.0,0.0,0.0,72.16901428103134,25.607562999944648,True,False,True,False,False,20.0
2025-02-26 00:00:00+00:00,149.279052496,151.0428541119,148.452443896,150.9289006367,2045491,95.309108038176,98.47073288343175,105.39715575995503,112.61264309529598,118.18462988889874,132.53953411952378,138.10400042396319,,89.92998218471051,119.83842605305419,"rgba(0, 255, 0, 1.0)",7.97382680158912,119.83842605305419,3.6921577525459313,0,,,0.0,0.0,0.0,0.0,71.05046235917635,24.860449288952182,True,False,True,False,False,19.277789361585253
2025-02-27 00:00:00+00:00,150.1411353083,150.8000836648,148.6151496405,149.1997805132,2150501,95.39188975061232,98.55755480398136,105.49472470066199,112.72143584178345,118.29846005200731,132.6867940123425,138.38826357364027,,90.00528258001044,119.97677333202239,"rgba(0, 255, 0, 1.0)",8.208536643614597,119.97677333202239,3.674755109943061,0,,,0.0,0.0,0.0,0.0,70.83543529688387,24.495408832192325,True,False,True,False,False,19.95891532160369
2025-02-28 00:00:00+00:00,152.1130258789,152.4993777048,149.3285974852,151.5184860084,5298928,95.6002445334138,98.77630084723361,105.74118239059376,112.99725822277296,118.58831212444375,133.06918045226243,139.11553069121373,,90.19453241184982,120.32979815411143,"rgba(0, 255, 0, 1.0)",8.48833177040099,120.32979815411143,3.7443432448785083,0,,,0.0,0.0,0.0,0.0,71.81492783640991,24.495408832192325,True,False,True,False,False,20.0
2025-03-03 00:00:00+00:00,155.4325401561,155.7347645903,151.1221260947,152.0932078832,3441402,95.74144891690524,98.92487061335794,105.90951731458007,113.1871470313453,118.78962371777247,133.34583728860795,139.64367110426812,,90.32238434719929,120.57808400309496,"rgba(0, 255, 0, 1.0)",8.851934034567991,120.57808400309496,3.937496146818731,0,,,0.0,0.0,0.0,0.0,73.98973936875407,24.495408832192325,True,False,True,False,True,20.0
2025-03-04 00:00:00+00:00,152.4994767948,157.1071607915,151.9643909113,155.878445059,3030359,95.8647166015577,99.0544709818776,106.05604696400967,113.35193817936111,118.96382040746002,133.5807489122554,140.0716161396724,,90.43412158230782,123.08017667156739,"rgba(0, 255, 0, 1.0)",9.108637110362515,123.08017667156739,3.2298245903070937,0,,,1.0,0.0,157.10716,883.0,71.66075062657707,24.495408832192325,True,False,True,False,False,20.0
2025-03-05 00:00:00+00:00,153.4408315898,154.1047344452,150.8942191443,150.8942191443,2390994,95.95986415715232,99.15435728349442,106.16851955894535,113.4776948391908,119.09597235404557,133.75298636776708,140.36728479956284,,90.52056043976665,123.2081889189923,"rgba(0, 255, 0, 1.0)",9.377583178520693,123.2081889189923,3.223926900489182,0,,,0.0,0.0,0.0,0.0,70.64270958959057,24.31810824909516,True,False,True,False,False,20.0
2025-03-06 00:00:00+00:00,147.6143408584,152.5985667732,147.4359788973,152.3211148336,3740944,96.09871738754714,99.29947021627119,106.32992571280776,113.65500741974097,119.27884116823532,133.96666136931452,140.67730433249415,,90.64754132221275,123.31913229084792,"rgba(0, 255, 0, 1.0)",9.499908194200822,123.31913229084792,2.557415089798761,0,,,0.0,0.0,0.0,0.0,64.27779036089552,18.41565817800567,True,False,True,False,False,13.596490864319644
2025-03-07 00:00:00+00:00,146.1081731864,148.4566056751,144.8992754496,147.8521568067,3323950,96.21518109091114,99.42069494870611,106.46326903257932,113.79911130120189,119.42483421948126,134.11853283366,140.852726317181,,90.75467355986302,123.39716180047076,"rgba(0, 255, 0, 1.0)",9.58970911006098,123.39716180047076,2.368269060643574,0,,,0.0,0.0,0.0,0.0,58.89986770295788,13.69211410609141,False,False,True,False,False,11.89008291400081
2025-03-10 00:00:00+00:00,144.8695484561,145.5334513115,142.2733910214,144.1164646201,3342040,96.32649145918953,99.53612415716363,106.58891978251894,113.93278924236806,119.55791030483716,134.24030192182573,140.9520854687599,,90.8576191816317,125.1606442239035,"rgba(0, 255, 0, 1.0)",9.660305753171775,125.1606442239035,2.0401946621332834,0,,,0.0,0.0,0.0,0.0,54.40999521012253,9.897709272310422,False,False,False,False,False,10.508064684335093
2025-03-11 00:00:00+00:00,145.9496292209,147.9710647808,144.3939165597,145.880266236,2461350,96.41134362008837,99.62431520726281,106.68552021004662,114.03655349277524,119.66240661606508,134.34465249880964,141.0615081215801,,90.93584467724678,125.27887768342643,"rgba(0, 255, 0, 1.0)",9.744314271441594,125.27887768342643,2.1213141285944475,0,,,0.0,0.0,0.0,0.0,52.34979118570689,8.339716066989723,False,False,False,False,False,11.408051406485832
2025-03-12 00:00:00+00:00,146.0388102015,147.0693459771,144.7407314841,146.8315300289,2461150,96.49563598405722,99.71187232098752,106.7812631548875,114.13914315855378,119.76546648062205,134.44582191022195,141.1631439147612,,91.01362315550926,125.37249658422154,"rgba(0, 255, 0, 1.0)",9.825894371634817,125.37249658422154,2.103250130282038,0,,,0.0,0.0,0.0,0.0,51.05634647420209,7.33642912577951,False,True,False,False,False,11.482732803403128
2025-03-13 00:00:00+00:00,144.562369523,146.8959385149,143.4327437689,146.4054431217,2079604,96.5652219055686,99.78402601393515,106.85977282462915,114.22264500014978,119.84866601914705,134.52273275390627,141.22876278107574,,91.07799617941895,125.42883336445047,"rgba(0, 255, 255, 0.75)",9.885580130619376,125.42883336445047,1.9354995767305292,0,,,0.0,0.0,0.0,0.0,48.935890886964565,5.419729882083651,False,True,False,True,False,9.800346933340997
2025-03-14 00:00:00+00:00,146.4946241023,146.9405290052,144.057010633,144.7110044906,2536230,96.65133257611714,99.87339469355604,106.95725404561979,114.32672638396359,119.95287071474674,134.62268615567478,141.3236667153581,,91.15755607061564,125.51934989041816,"rgba(0, 255, 0, 1.0)",9.969717730688767,125.51934989041816,2.1038985032962167,0,,,0.0,0.0,0.0,0.0,49.380600475965274,5.419729882083651,False,True,False,True,False,11.45126449804205
2025-03-17 00:00:00+00:00,149.8835013644,150.3591332608,145.8703572382,146.8216210311,2206438,96.73036458722824,99.95570464537434,107.04790347947895,114.42492635335354,120.05283943003083,134.7301449157014,141.45374879552313,,91.230210795677,125.64441461225212,"rgba(0, 255, 0, 1.0)",10.108419985270759,125.64441461225212,2.397910532750645,0,,,0.0,0.0,0.0,0.0,52.3759745233823,5.419729882083651,False,True,False,False,True,14.206159809186513
2025-03-18 00:00:00+00:00,148.6052406427,151.2113070752,148.3476066988,149.6258674205,2837987,96.83299839401774,100.06264623474806,107.16582655997739,114.55291514316018,120.18344875512365,134.87261939910806,141.62962788330523,,91.32450068827492,125.80692598787229,"rgba(0, 255, 0, 1.0)",10.216894009473915,125.80692598787229,2.2314330200242183,0,,,0.0,0.0,0.0,0.0,53.141769617762236,5.419729882083651,False,True,False,False,True,12.742149998469198
2025-03-19 00:00:00+00:00,147.4062519038,149.1205085305,146.7720760418,148.6052406427,4881032,97.003166495743,100.23948406772993,107.35938103034461,114.76071730776229,120.39305880192384,135.08462257762372,141.8549939789746,,91.48144641600221,126.01611857123324,"rgba(0, 255, 0, 1.0)",10.30349201350412,126.01611857123324,2.0760081440866953,0,,,0.0,0.0,0.0,0.0,52.53535472973167,5.419729882083651,False,True,False,False,True,11.385217763203325
2025-03-20 00:00:00+00:00,146.5441690915,147.7877483207,145.9892652123,147.4062519038,4751354,97.16450745662851,100.40680018728101,107.54144401409009,114.95450780000692,120.58677412738608,135.26876636408235,142.02476427431023,,91.6307069862069,126.18538885356998,"rgba(0, 255, 255, 0.75)",10.374770589186337,126.18538885356998,1.9623354620631388,0,,,0.0,0.0,0.0,0.0,51.34015704916848,5.419729882083651,False,True,False,False,True,10.416053931588639
2025-03-21 00:00:00+00:00,145.1866363871,147.0396189836,144.4533705467,145.2857263655,12752237,97.58193651237336,100.83836947512061,108.00700803936506,115.44380556644032,121.06943681600656,135.68623338275086,142.32447697658037,,92.01862334780509,126.55856079483064,"rgba(0, 255, 255, 0.75)",10.428096237877376,126.55856079483064,1.7863352204794272,0,,,0.0,0.0,0.0,0.0,49.33356136142994,5.295063815016277,False,True,False,False,False,8.903492427177177
2025-03-24 00:00:00+00:00,148.4764236707,149.467323455,145.5780418018,146.4252611174,4496352,97.7343224583358,100.99623759016553,108.17826074173058,115.62540324826622,121.25063874750886,135.85762844917596,142.48458657767554,,92.15984243794047,126.73173551308169,"rgba(0, 255, 0, 1.0)",10.513240812471357,126.73173551308169,2.0683144755729006,0,,,0.0,0.0,0.0,0.0,51.003765642953,5.295063815016277,False,True,False,False,False,11.676370535492207
2025-03-25 00:00:00+00:00,146.8216210311,149.3087794895,146.0140377069,148.3476066988,4511187,97.88489292209259,101.1520224716758,108.34663318084156,115.8029979798688,121.4268932729234,136.01839397146608,142.62315624793982,,92.29964885923836,126.89231005277301,"rgba(0, 255, 255, 0.75)",10.562490957855601,126.89231005277301,1.8868002877204861,0,,,0.0,0.0,0.0,0.0,50.601520801275235,5.295063815016277,False,True,False,False,False,9.849310180864293
2025-03-26 00:00:00+00:00,148.4863326686,148.7538756103,146.633350072,147.0693459771,1808662,97.94570467149599,101.21496260076717,108.41472373903152,115.87493355254513,121.49844721450347,136.0848025481691,142.68300077614677,,92.35608704051808,126.95956802861852,"rgba(0, 255, 0, 1.0)",10.63524260435998,126.95956802861852,2.0240971871348243,0,,,0.0,0.0,0.0,0.0,51.75150522858895,5.295063815016277,False,True,False,False,False,11.229188698738295
2025-03-27 00:00:00+00:00,148.5556956535,149.9825913428,147.6837038433,148.4268786815,2849521,98.0427085554248,101.3154361042506,108.52364008259701,115.99036572118956,121.61371184125105,136.19474274806893,142.78820318701398,,92.44602133541612,127.07232905719084,"rgba(0, 255, 0, 1.0)",10.696788239254806,127.07232905719084,2.008394119411474,0,,,0.0,0.0,0.0,0.0,52.57742149125392,5.295063815016277,False,True,False,False,True,11.286562754744544
2025-03-28 00:00:00+00:00,152.0238448983,152.3409328293,149.4475054593,149.5465954377,2853006,98.1442890467978,101.42095186590163,108.63892524420908,116.11399556093379,121.73881735905796,136.3247361616447,142.9331776832279,,92.53981269847426,127.20919080410972,"rgba(0, 255, 0, 1.0)",10.798126297004783,127.20919080410972,2.29805184822421,0,,,0.0,0.0,0.0,0.0,55.805048556837164,0.6519367913805638,False,True,True,False,True,14.082821278511584
2025-03-31 00:00:00+00:00,151.8157559436,153.0642896718,150.6564031961,152.4697498012,3708558,98.27717529783038,101.55901859672142,108.78986330870718,116.27601592784241,121.90300432044403,136.49676810673517,143.1268709472576,,92.6624725052269,127.38968748452308,"rgba(0, 255, 0, 1.0)",10.865293623506187,127.38968748452308,2.2480817643283104,0,,,0.0,0.0,0.0,0.0,57.719215645757046,2.5724823102133456,False,True,True,False,True,13.844095109457179
2025-04-01 00:00:00+00:00,152.7472017408,153.0642896718,150.4943910813,152.6481117624,3198041,98.39178769926882,101.67807764680737,108.91994941934072,116.4155564234133,122.04435870693075,136.6445132523618,143.29198279670044,,92.76829699327662,127.54375373639498,"rgba(0, 255, 0, 1.0)",10.936608352422438,127.54375373639498,2.304503113967915,0,,,0.0,0.0,0.0,0.0,59.67926499770608,4.516588496260127,False,True,True,False,True,14.583603940213042
2025-04-02 00:00:00+00:00,151.6869389717,153.5795575596,150.7951291659,152.5985667732,2464457,98.47964385037557,101.76929677942606,109.01947578686138,116.52210534318984,122.15209628120203,136.75588329788246,143.413995643523,,92.84947861170757,127.65917309396961,"rgba(0, 255, 0, 1.0)",10.969755155022044,127.65917309396961,2.1903648293125544,0,,,0.0,0.0,0.0,0.0,59.65824708967481,4.626155133500973,False,True,True,False,True,13.342792076381826
2025-04-03 00:00:00+00:00,151.0428541119,155.9676260396,150.4978592306,151.8653009328,4044392,98.6244944271491,101.91971091085466,109.18363557372805,116.69794301874501,122.33006238066166,136.94086099159267,143.61781742528945,,92.98330568455937,129.78657625056744,"rgba(0, 255, 255, 0.75)",10.980491923695753,129.78657625056744,1.9358220022421584,0,,,0.0,0.0,0.0,0.0,58.84599365048017,4.626155133500973,False,True,True,False,True,12.590755123760179
2025-04-04 00:00:00+00:00,141.986030084,151.5184860084,141.6788511508,150.91403714,4825286,98.77257014715543,102.07177429020982,109.34450900822235,116.86235843023134,122.48798002026898,137.0530937975179,143.65542762640416,,93.12232374142127,129.68398539897606,"rgba(38, 166, 154, 1.0)",10.906662187956622,129.68398539897606,1.1279385455440365,0,,,0.0,0.0,0.0,0.0,50.995030827799575,6.270295591229342,False,True,False,False,False,3.0565561813895883
2025-04-07 00:00:00+00:00,137.5467990506,143.809285687,135.3951592591,138.8250597722,5387725,98.91499578476841,102.21621478478639,109.49183007688893,117.00418894483087,122.61443947467106,137.08142233654513,143.52145967803267,,93.25841306202855,129.51638174869078,"rgba(38, 166, 154, 0.5)",10.818635979715042,129.51638174869078,0.7422763199507086,0,,,0.0,0.0,0.0,0.0,43.74654243649753,-0.2387781603602761,False,True,False,True,False,0.0
2025-04-08 00:00:00+00:00,135.2479115511,142.0058480796,134.0390138143,141.6788511508,4787120,99.03498147478668,102.33729110052987,109.61348404632281,117.11834947240236,122.71282004714041,137.08163776490295,143.36403806144574,,93.3738631741437,129.40992883369154,"rgba(38, 166, 154, 0.5)",10.743780106715581,129.40992883369154,0.5433825580401944,0,,,0.0,0.0,0.0,0.0,38.047693911143796,-5.11631468111041,False,True,False,True,False,0.0
2025-04-09 00:00:00+00:00,140.2024104723,140.8266773364,129.1043328888,133.5039279309,4707269,99.15104223951579,102.4542164424222,109.7304003608392,117.22720085810641,122.805700791542,137.0768464816147,143.2074955851223,136.71114023250001,93.48579796687359,130.44498636707527,"rgba(38, 166, 154, 0.5)",10.59557761719719,130.44498636707527,0.9208959112703674,0,,,0.0,0.0,0.0,0.0,38.503468954799324,-5.11631468111041,False,True,False,True,False,1.3613555310860121
2025-04-10 00:00:00+00:00,140.5194984033,142.5706609567,136.7937152145,139.7069605802,3412313,99.24197056227881,102.54647442469518,109.82465830536007,117.31839134974413,122.88782125858629,137.1036354709618,143.15305387770474,138.07703979565434,93.57265299176174,130.52506477302978,"rgba(38, 166, 154, 0.5)",10.402665512687726,130.52506477302978,0.9607569923382029,0,,,0.0,0.0,0.0,0.0,39.05174606963435,-5.11631468111041,False,True,False,True,False,1.6257813409518143
2025-04-11 00:00:00+00:00,141.3716722177,141.8175771206,137.8242509901,140.1132294917,2651412,99.31299456977334,102.61856564297945,109.89840318842057,117.38991400724866,122.9524845046447,137.12680761483693,143.1168400972683,138.63356182190054,93.64046267633682,130.56885000616904,"rgba(38, 166, 154, 1.0)",10.220800220240063,130.56885000616904,1.0569448554662404,0,,,0.0,0.0,0.0,0.0,40.106446671735306,-5.11631468111041,False,True,False,True,False,2.3412789778661356
2025-04-14 00:00:00+00:00,144.2650995877,145.1866363871,141.4410352026,142.5904789523,2577017,99.38731319998121,102.69446536540589,109.97745546544816,117.4689199788969,123.02669378525243,137.17178706633754,143.1231881296825,139.59837122919734,93.7108160113543,130.66937149766264,"rgba(38, 166, 154, 1.0)",10.061827652851916,130.66937149766264,1.351218541910108,0,,,0.0,0.0,0.0,0.0,43.010692046065344,-5.11631468111041,False,True,False,True,True,4.715824993924318
2025-04-15 00:00:00+00:00,145.255999372,146.5639870872,143.4822887582,145.0578194151,1930467,99.44466698251001,102.75317362309048,110.03900776545433,117.53110071356423,123.0858774570463,137.21265133819705,143.14131336060538,140.29360912302778,93.76493668129962,130.7538542940622,"rgba(38, 166, 154, 1.0)",9.919545673639616,130.7538542940622,1.4619767431966229,0,,,0.0,0.0,0.0,0.0,45.65097389094253,-11.764740932108367,False,True,False,True,True,5.509439737214947
2025-04-16 00:00:00+00:00,144.3047355791,146.5243510958,143.6259692269,145.1866363871,2471012,99.51741777733783,102.82758428514872,110.11684899616112,117.60947420062836,123.16020561201516,137.262496502397,143.16075987463654,140.92352546794973,93.83366524382708,130.84436543346254,"rgba(38, 166, 154, 1.0)",9.75775853216311,130.84436543346254,1.379453088664774,0,,,0.0,0.0,0.0,0.0,46.702136323238115,-10.615579719288306,False,True,False,True,True,4.6286611520368695
2025-04-17 00:00:00+00:00,145.9298112252,147.0247554868,144.9290024432,145.0974554065,1951691,99.57615964336175,102.8877650969017,110.18010154841988,117.67364549971319,123.22163304574508,137.3072917333712,143.18617546046426,141.42258001592964,93.88903265708856,130.92333426098156,"rgba(0, 255, 255, 0.75)",9.562924125775389,130.92333426098156,1.5692351802489788,0,,,0.0,0.0,0.0,0.0,48.644735648573565,-8.563539072296415,False,True,False,False,True,5.94557687637116
2025-04-21 00:00:00+00:00,142.3427540063,145.9298112252,140.2618644594,145.4244523353,2241790,99.63892890035054,102.9516979467817,110.24617708695376,117.73891661526498,123.282169936371,137.3398540633384,143.18265357609192,141.5678812481561,93.94868746083225,130.96488063851584,"rgba(38, 166, 154, 1.0)",9.336980900115456,130.96488063851584,1.2185816260632458,0,,,0.0,0.0,0.0,0.0,47.31055689985747,-8.563539072296415,False,True,False,False,True,2.6716907085034514
2025-04-22 00:00:00+00:00,145.9099932296,146.6531680677,143.2345638121,143.6309237258,3386105,99.73868748390373,103.05371531428958,110.35285028392993,117.84631167041601,123.38413205716131,137.40963270584825,143.21461953197954,142.06225017526322,94.04296570573823,131.07056087590334,"rgba(0, 255, 255, 0.75)",9.14098023391384,131.07056087590334,1.6233961756793929,0,,,0.0,0.0,0.0,0.0,49.02449675084814,-7.851294422944456,False,True,False,False,True,5.523220960076692
2025-04-23 00:00:00+00:00,146.3063531432,147.5400233746,145.0132289248,146.0388102015,1976362,99.79801284231363,103.1144667857274,110.4166235826307,117.9109271812204,123.44596363832541,137.45501297945916,143.24188722890244,142.36800305483123,94.0989262375521,131.13910581312155,"rgba(0, 255, 255, 0.75)",8.898466232391659,131.13910581312155,1.7044788319662951,0,,,0.0,0.0,0.0,0.0,50.435790580358194,-6.250340367249386,False,True,False,False,True,5.832395568334597
2025-04-24 00:00:00+00:00,146.4054431217,147.6143408584,145.2857263655,145.691995277,1684204,99.84861040602674,103.16628079339532,110.4710156017987,117.96604678290679,123.49873319562398,137.49396499373984,143.26586076011174,142.60429224500962,94.1466553652091,131.19636973210993,"rgba(0, 255, 255, 0.75)",8.669892893301542,131.19636973210993,1.7542400554153055,0,,,0.0,0.0,0.0,0.0,51.44894718741525,-5.004179127385058,False,True,False,False,True,5.910826626228253
2025-04-25 00:00:00+00:00,145.6226322921,147.5945228628,144.5722785208,146.7324400505,1531347,99.89402255362984,103.21273575609408,110.51963571822617,118.01509284147545,123.54545106975843,137.52710435365037,143.28392190208788,142.77114540674066,94.18955843917848,131.2427560979559,"rgba(0, 255, 255, 0.75)",8.366170368309804,131.2427560979559,1.7188122595032984,0,,,0.0,0.0,0.0,0.0,51.433503064103455,-4.6798479794455545,False,True,False,False,True,5.1779325571434605
2025-04-28 00:00:00+00:00,147.6936128412,147.9908827765,145.5433603094,146.4748061066,2398192,99.966727598164,103.2872314478106,110.59796663262986,118.09469704515966,123.62195085317508,137.58549094331832,143.32376143913726,143.08475444443894,94.2580900674179,131.32630996082463,"rgba(0, 255, 0, 1.0)",8.05897586253136,131.32630996082463,2.0309407993727797,0,,,0.0,0.0,0.0,0.0,53.06516137654907,-2.7783908367917576,False,True,True,False,True,6.844521362174518
2025-04-29 00:00:00+00:00,150.1014993169,151.4243505289,148.5259686599,151.2410340688,4444755,100.1092630762495,103.43386246311813,110.75389398986124,118.25594347274514,123.78004321463295,137.72479553709752,143.45160685846267,143.90943591750633,94.39168365085736,131.53201274199012,"rgba(0, 255, 0, 1.0)",7.823787714751209,131.53201274199012,2.3734650340650743,0,,,0.0,0.0,0.0,0.0,55.8234896927722,0.09975797998347957,False,False,True,False,True,8.721428589891705
2025-04-30 00:00:00+00:00,151.2013980774,152.3904778185,148.7708199966,149.6655034118,4269538,100.24751871651446,103.57616401066845,110.90543311185878,118.41302634124413,123.9345367290219,137.86390308982735,143.58377455162724,144.61479225545688,94.52117813968738,133.42177881347598,"rgba(0, 255, 0, 1.0)",7.521761351716661,133.42177881347598,2.3637574276224878,0,,,0.0,0.0,0.0,0.0,58.36493817044067,2.6716203130293366,False,False,True,False,True,9.561404123243715
2025-05-01 00:00:00+00:00,148.961964565,150.3294062673,147.5450769635,150.1213173126,2694988,100.3312331491629,103.66205960304661,110.99610652005777,118.50580308727308,124.02452092952444,137.93789488181628,143.64406333941443,144.87808039991103,94.59994503663975,133.4781203811766,"rgba(0, 255, 0, 1.0)",7.196116594325934,133.4781203811766,2.151694456428379,0,,,0.0,0.0,0.0,0.0,57.757861762941495,2.6716203130293366,False,False,True,False,True,7.392012333987758
2025-05-02 00:00:00+00:00,149.3484154809,151.791181629,148.4466966772,150.6564031961,2367889,100.40593209676155,103.73878402588761,111.07733428816805,118.58929582344742,124.10593917581352,138.00744139464283,143.70489384727048,145.13081107437029,94.67012792690583,133.56235930599652,"rgba(0, 255, 0, 1.0)",6.886083401770737,133.56235930599652,2.292457882639664,0,,,0.0,0.0,0.0,0.0,57.646296173441996,2.6716203130293366,False,False,True,False,True,7.696056315547207
2025-05-05 00:00:00+00:00,149.5565044356,150.2303162888,148.0899727549,149.6952304054,2688804,100.4895079331426,103.82452579799521,111.16781087396808,118.68184892679253,124.1957402111418,138.08168717560753,143.7662807493679,145.35738386933457,94.74878614162337,133.64369893578555,"rgba(0, 255, 0, 1.0)",6.536427492089099,133.64369893578555,2.4344805352883343,0,,,0.0,0.0,0.0,0.0,57.740026215531365,2.713210279498952,False,False,True,False,True,7.861952242072473
2025-05-06 00:00:00+00:00,149.1304175283,150.0915903191,148.1345632452,149.1205085305,2528194,100.567552994243,103.90454570861087,111.25210792965818,118.76787589182386,124.27901558771411,138.1495462010272,143.8210099250129,145.54056861971827,94.82230502523215,133.7172383828285,"rgba(0, 255, 0, 1.0)",6.231507243841516,133.7172383828285,2.473427140874154,0,,,0.0,0.0,0.0,0.0,57.30074327722948,2.713210279498952,False,False,True,False,True,7.437388871506791
2025-05-07 00:00:00+00:00,149.9627733471,151.0428541119,148.2386077225,148.5061506643,4334004,100.70248837638248,104.04296541017807,111.39813463832526,118.91725733257597,124.42406822948604,138.27051641534786,143.9231105695341,145.86476812811208,94.94932983596013,133.85977653333114,"rgba(0, 255, 0, 1.0)",5.928915509518259,133.85977653333114,2.716010506123283,0,,,0.0,0.0,0.0,0.0,57.77611694099677,3.3719423416139875,True,False,True,False,True,8.120459165624297
2025-05-08 00:00:00+00:00,146.9008930138,150.6514486971,146.7126220548,149.9330463536,2605041,100.78050566082058,104.122757113669,111.48159939253702,119.00155839286376,124.50480039026944,138.33168113073356,143.9657957523235,145.9631914320448,95.02309437899426,133.9167969485148,"rgba(0, 255, 0, 1.0)",5.729182556451715,133.9167969485148,2.2663086639931946,0,,,0.0,0.0,0.0,0.0,54.64227589166333,3.3719423416139875,False,False,True,False,False,5.081369037166869
2025-05-09 00:00:00+00:00,147.8224298131,148.4120151848,146.633350072,147.3170709232,1764003,100.83267068842534,104.17605348177872,111.53718593071247,119.05745711761972,124.55808267906126,138.37071140815164,143.99099706080784,146.01148197615606,95.07249048539435,133.9512284885547,"rgba(0, 255, 0, 1.0)",5.428268664871013,133.9512284885547,2.555363815043393,0,,,0.0,0.0,0.0,0.0,53.50195787341475,3.3719423416139875,False,False,True,False,False,5.857754720050963
2025-05-12 00:00:00+00:00,144.3047355791,147.9165652926,141.6788511508,147.7431578304,3227584,100.92173804170798,104.26654604894492,111.63006232833243,119.14852744927106,124.64238685738434,138.41848144823177,143.99899640701545,145.94181327936747,95.1575029955258,135.29233223954304,"rgba(0, 255, 255, 0.75)",5.138833752320778,135.29233223954304,1.75378379101811,0,,,0.0,0.0,0.0,0.0,49.5317637248436,3.940981434894553,False,True,False,False,False,2.5055041267890843
2025-05-13 00:00:00+00:00,143.9579206546,144.8943209507,142.2454476475,144.5574150241,3284431,101.0100739987169,104.35609638479227,111.72138089563005,119.23716570961882,124.72347710496499,138.4591553596687,143.99524533885605,145.83208908596814,95.24208619531903,135.26815665663503,"rgba(0, 255, 255, 0.75)",4.987282917111552,135.26815665663503,1.7423844089835114,0,,,0.0,0.0,0.0,0.0,46.60794098608288,1.248550232038589,False,True,False,True,False,2.1835801427841517
2025-05-14 00:00:00+00:00,142.7589319157,143.6499308282,142.0122847822,143.5752661149,3016239,101.0891873628472,104.43612011782896,111.80245889231956,119.3150559026288,124.79386754972565,138.48969359224134,143.98174629080916,145.70201155012134,95.31807808740287,135.238750019726,"rgba(0, 255, 255, 0.75)",4.883557479987988,135.238750019726,1.5398983070825838,0,,,0.0,0.0,0.0,0.0,43.69919741124035,-1.3860152906875314,False,True,False,True,False,1.068978641524442
2025-05-15 00:00:00+00:00,146.23332991,146.3428381562,143.1372331299,143.1372331299,2396222,101.1554747342858,104.50346949568738,111.87159595235245,119.3829338881137,124.85689276080916,138.5271384024686,143.99298153352203,145.68667739535206,95.3813575357347,135.2780289662896,"rgba(0, 255, 0, 1.0)",4.72506076793234,135.2780289662896,2.318552391550379,0,,,0.0,0.0,0.0,0.0,45.56474283578014,-1.3860152906875314,False,True,False,True,False,4.0965905797178515
2025-05-16 00:00:00+00:00,148.0551489156,148.0551489156,145.8450734006,146.6215864194,2412625,101.22515572564687,104.57450786074324,111.94524081663607,119.4563893479021,124.9263962649085,138.57598191248914,144.02266378557428,145.73920159449057,95.4475604414235,135.3533398769562,"rgba(0, 255, 0, 1.0)",4.483324240535335,135.3533398769562,2.8331230036414077,0,,,0.0,0.0,0.0,0.0,48.428066243586215,-1.3860152906875314,False,True,False,False,True,5.616882199233121
2025-05-19 00:00:00+00:00,149.9765208723,150.036252643,146.9501111581,147.7465347671,2548803,101.30119915783118,104.65222096965864,112.02636641579595,119.53819638027566,125.00479582393616,138.63673621877248,144.06904367167607,145.84603196511094,95.51956173253039,135.45472155955196,"rgba(0, 255, 0, 1.0)",4.319721937788778,135.45472155955196,3.36174400155525,0,,,0.0,0.0,0.0,0.0,51.86586559207076,-3.8051589616424195,False,False,False,False,True,7.181781172021058
2025-05-20 00:00:00+00:00,150.5439726938,150.7331233009,148.7520195735,148.7719301637,2681920,101.38266251750848,104.73557807630188,112.1136961167275,119.62675858337987,125.09023246350702,138.70613992380066,144.12686790998737,145.9852942582956,95.59655890114095,135.5687463272139,"rgba(0, 255, 0, 1.0)",4.120934463850207,135.5687463272139,3.633939461535304,0,,,0.0,0.0,0.0,0.0,54.59066617142146,-1.3618730612864027,True,False,True,False,True,7.639636620267861
2025-05-21 00:00:00+00:00,147.6370265209,151.4299939588,147.3980994382,150.8724974325,2154109,101.44630282785891,104.80055765684554,112.18135896540663,119.69475270658155,125.15518187491891,138.75547972253062,144.16328753975225,146.0594995699364,95.65689856836259,135.6363773732753,"rgba(0, 255, 0, 1.0)",4.011476507069045,135.6363773732753,2.9915790673277267,0,,,0.0,0.0,0.0,0.0,53.3918963956456,-1.3618730612864027,True,False,True,False,True,4.822616890745227
2025-05-22 00:00:00+00:00,146.2432852051,148.1268270404,145.9894251797,147.8062665378,1987938,101.50236600500513,104.85759033938255,112.2401251140315,119.75285638343165,125.20967897252133,138.79146817643968,144.1819336187071,146.076638435617,95.71033526222395,135.67081148675626,"rgba(0, 255, 0, 1.0)",3.846958243193755,135.67081148675626,2.7482683850413814,0,,,0.0,0.0,0.0,0.0,51.341472788991396,-1.3618730612864027,False,False,False,False,True,3.513243480572811
2025-05-23 00:00:00+00:00,148.5031371957,149.0506784269,146.8306476167,147.4976523893,2183284,101.56559821966131,104.92204766702343,112.3069339990263,119.819535904582,125.2729177198206,138.8371938179508,144.21250137666578,146.1284135506862,95.77043259602704,135.72524018367412,"rgba(0, 255, 0, 1.0)",3.773597892303435,135.72524018367412,3.386131054950887,0,,,0.0,0.0,0.0,0.0,52.01549084609104,-1.3618730612864027,True,False,False,False,True,5.402127387299295
2025-05-27 00:00:00+00:00,151.7883845829,152.4769923458,149.2497843291,150.0063867577,2343100,101.6376917756198,104.99586787319711,112.38442561113627,119.89840494528715,125.34938464899226,138.90168398280017,144.26987706323072,146.26140870679893,95.83851622067034,135.82167992722015,"rgba(0, 255, 0, 1.0)",3.7368148267190824,135.82167992722015,4.272811310187021,0,,,0.0,0.0,0.0,0.0,54.89822131420367,-1.2597621052291075,True,False,True,False,True,8.027193112766327
2025-05-28 00:00:00+00:00,151.0218268592,151.4100833686,149.2248960913,150.8028103667,2244669,101.70569926180002,105.06542056138154,112.45719165306751,119.97210029948894,125.42046982190499,138.959748437565,144.31910789913553,146.3671369594883,95.90285455370802,135.90195606243344,"rgba(0, 255, 0, 1.0)",3.6866022952189317,135.90195606243344,4.101302387940016,0,,,0.0,0.0,0.0,0.0,56.038996367634226,-0.06695190551807428,True,False,True,False,True,7.288213326155287
2025-05-29 00:00:00+00:00,152.3857022896,152.6644505528,149.7276384945,150.7032574156,2820086,101.79268679678377,105.15449416598888,112.5507046634122,120.06731935124503,125.51288464239195,139.03835578543493,144.39001835188586,146.52404341049905,95.98500641831404,136.01345721535714,"rgba(0, 255, 0, 1.0)",3.6644579845479477,136.01345721535714,4.467849036141308,0,,,0.0,0.0,0.0,0.0,57.77594805433687,1.7309989997972366,True,False,True,False,True,8.36497242724776
2025-05-30 00:00:00+00:00,153.5902929982,154.2174765903,151.360306893,152.5151211261,7389963,102.02585934514553,105.39360449595394,112.80275269390833,120.32559696536151,125.76540472706384,139.26325771713684,144.60589748169025,147.00052509107672,96.20477325722196,136.33267345921178,"rgba(0, 255, 0, 1.0)",3.666788884443623,136.33267345921178,4.706466634117876,0,,,0.0,0.0,0.0,0.0,59.759510094910254,3.7595400236521783,True,False,True,False,True,9.306462305053152
2025-06-02 00:00:00+00:00,154.5260907388,154.62564369,152.1102392738,152.5151211261,2094313,102.0924536643884,105.46192075738479,112.87484225848415,120.39960413119891,125.83793775528272,139.32884759675375,144.67002822853692,147.13731079444486,96.26750850186662,136.42327789522898,"rgba(0, 255, 0, 1.0)",3.7362010161992907,136.42327789522898,4.845245950386899,0,,,0.0,0.0,0.0,0.0,61.70809538370016,5.7436444454122935,True,False,True,False,True,10.034099587266855
2025-06-03 00:00:00+00:00,151.5195916148,155.0039449042,150.7231680058,154.6853754606,2407491,102.16681698009597,105.5380448394842,112.95469597342296,120.48087671470152,125.91687870063964,139.3965878038204,144.73194733780753,147.25740772610797,96.33778111774713,138.10644773579693,"rgba(0, 255, 0, 1.0)",3.757237123033149,138.10644773579693,3.5699487255611038,0,,,0.0,0.0,0.0,0.0,59.62380353364937,5.7436444454122935,True,False,True,False,True,7.054567495217622
2025-06-04 00:00:00+00:00,151.3702621881,152.415568175,149.6679067239,151.2010221712,2572529,102.24404229195456,105.61692852079074,113.03694562044265,120.56384567571034,125.99671454063618,139.46124632758037,144.78631768485755,147.34983117785973,96.41098831995589,138.14511230614295,"rgba(0, 255, 0, 1.0)",3.780742268683966,138.14511230614295,3.4980300010136878,0,,,0.0,0.0,0.0,0.0,58.079332666191874,5.7436444454122935,True,False,True,False,False,6.909106893045564
2025-06-05 00:00:00+00:00,152.3458811092,153.2319023742,149.8869232163,151.3702621881,2560048,102.32170159472246,105.6963107442763,113.11987867648365,120.64776737052199,126.07776696296271,139.52853819588628,144.84512031753653,147.45301923022635,96.48453621586181,138.22246701645898,"rgba(0, 255, 0, 1.0)",3.8159544979157216,138.22246701645898,3.701148454588558,0,,,0.0,0.0,0.0,0.0,57.902114743249875,5.7436444454122935,True,False,True,False,False,7.704419569450504
2025-06-06 00:00:00+00:00,153.7595330152,153.874018909,151.9277587144,152.5350317163,1912791,102.38116400775944,105.75719561075702,113.18379083133327,120.71291140804335,126.14119031324985,139.58387247649068,144.89689317357903,147.55020720935823,96.54071459355276,138.30315214618304,"rgba(0, 255, 0, 1.0)",3.877167729371631,138.30315214618304,3.9865133385709766,0,,,0.0,0.0,0.0,0.0,58.95903084995366,5.7436444454122935,True,False,True,False,False,8.846865083661712
2025-06-09 00:00:00+00:00,149.6380408385,153.1094522443,147.9356853743,151.449904549,4401416,102.509523804631,105.88799865636182,113.31926143788408,120.84825411807515,126.27016302437738,139.68217919313543,144.9719507449159,147.65071276077813,96.66283033013201,138.37013952839646,"rgba(0, 255, 0, 1.0)",3.882137344267894,138.37013952839646,2.9024993993942436,0,,,0.0,0.0,0.0,0.0,55.382372251277005,10.909718633749087,True,False,True,False,False,4.815765228572253
2025-06-10 00:00:00+00:00,150.2254032502,150.9322292032,149.150231378,149.32942669,2394540,102.57888531402232,105.958638014157,113.39229892696625,120.92105440519707,126.3393873458031,139.7342774705221,145.01095295485206,147.69978228507506,96.72887834078314,138.40995528050445,"rgba(0, 255, 0, 1.0)",3.888048418226783,138.40995528050445,3.038914822743954,0,,,0.0,0.0,0.0,0.0,53.54870021856153,9.08059014457833,True,False,True,False,False,5.303042485597857
2025-06-11 00:00:00+00:00,149.5683537727,150.8227209569,148.0302606778,149.9267443968,2002818,102.6359793092543,106.01670919319662,113.45212320882106,120.98036145330181,126.3954551450265,139.77483588765884,145.03914923351002,147.7289881596553,96.78334693114749,138.4364886945854,"rgba(0, 255, 0, 1.0)",3.891776431865613,138.4364886945854,2.860355745763711,0,,,0.0,0.0,0.0,0.0,51.69794027156056,7.233551822677484,False,False,False,False,False,4.671640157718052
2025-06-12 00:00:00+00:00,151.2308880565,152.2413505105,150.1905597173,150.9820056787,1562761,102.68209039800468,106.06373089641288,113.50092278315388,121.02929385444578,126.44231313157255,139.81190770729933,145.0694749461496,147.77327681881962,96.82717635807245,138.47550376683023,"rgba(0, 255, 0, 1.0)",3.900289355863267,138.47550376683023,3.270368715206916,0,,,0.0,0.0,0.0,0.0,52.1137943656502,7.233551822677484,True,False,False,False,False,6.070978556720146
2025-06-13 00:00:00+00:00,151.7186975171,151.7585186975,149.8172361505,151.3005751223,2487414,102.75511899864362,106.13816997161219,113.57808449328319,121.1065373422716,126.51616449079083,139.86979167470182,145.11618353679614,147.83906924824458,96.8966362122737,138.5346974893178,"rgba(0, 255, 0, 1.0)",3.921340582967385,138.5346974893178,3.3621155186182525,0,,,0.0,0.0,0.0,0.0,52.85844754833067,7.233551822677484,True,False,False,False,False,6.479174217775949
2025-06-16 00:00:00+00:00,149.9068338066,153.4409635716,149.3792031656,152.2065069776,2207930,102.81950492902014,106.20376214689001,113.64596755796968,121.17433975775336,126.580846738526,139.91981947775344,145.15574982677524,147.892060549193,96.95792817835832,138.58398621907173,"rgba(0, 255, 0, 1.0)",3.9197192474020692,138.58398621907173,2.8886884169147753,0,,,0.0,0.0,0.0,0.0,51.38856202519197,6.497276085856235,False,False,False,False,False,4.690537027040563
2025-06-17 00:00:00+00:00,151.1910668761,151.3802174832,149.0307678366,150.1457608893,4055973,102.93641569452413,106.32274917406332,113.76877931245969,121.29653176168111,126.69696090092552,140.00745292677965,145.2223955750934,147.97326019498198,97.06937989151714,138.66493963337388,"rgba(0, 255, 0, 1.0)",3.9081216072985523,138.66493963337388,3.205152884529781,0,,,0.0,0.0,0.0,0.0,51.749372166713165,6.497276085856235,False,False,False,False,False,5.789392425824591
2025-06-18 00:00:00+00:00,152.4952105359,153.2319023742,150.4145538573,151.3204857126,4257007,103.06238796752065,106.45119963042806,113.90207094607817,121.4302721990475,126.82528550301785,140.11088686140218,145.31001875670543,148.10057134396354,97.18915471878356,138.78063363371118,"rgba(0, 255, 0, 1.0)",3.8468956205794007,138.78063363371118,3.565102424100394,0,,,0.0,0.0,0.0,0.0,53.260032112759305,6.497276085856235,True,False,True,False,False,6.892398393462276
2025-06-20 00:00:00+00:00,150.563883284,153.5106506373,150.4643303329,152.2264175678,11336516,103.3910999219453,106.78580538285712,114.24763512604011,121.7747003031234,127.15365851989013,140.3659101599057,145.51508750554288,148.36273113453015,97.50250557920721,139.04096722846737,"rgba(0, 255, 0, 1.0)",3.8224679338921064,139.04096722846737,3.0145226212008547,0,,,0.0,0.0,0.0,0.0,52.100102865126814,6.497276085856235,False,False,False,False,False,4.966568087155977
2025-06-23 00:00:00+00:00,153.4310082764,154.1577448197,151.5643904428,152.1368199118,5187496,103.54479320142805,106.94247513205758,114.41009316145522,121.93770751877025,127.31032865539214,140.49442323527884,145.6273922660344,148.5219512777145,97.64873904827236,139.18648273202103,"rgba(0, 255, 0, 1.0)",3.822276979006743,139.18648273202103,3.7267120155380673,0,,,0.0,0.0,0.0,0.0,53.983340082985364,6.497276085856235,True,False,True,False,True,7.375599892967468
2025-06-24 00:00:00+00:00,153.5604271129,154.6903531082,151.8182504682,152.5748528968,4939906,103.69116638443916,107.09166549149865,114.56475024004796,122.09287079002881,127.45951795516778,140.61732244738178,145.73554093672448,148.67339840841115,97.78804258563936,139.32506950949386,"rgba(0, 255, 0, 1.0)",3.876762857436584,139.32506950949386,3.6719701789598025,0,,,0.0,0.0,0.0,0.0,55.34893542674476,6.497276085856235,True,False,True,False,True,7.48257378385664
2025-06-25 00:00:00+00:00,152.7440929137,154.1686956443,151.4797704344,152.3458811092,3107749,103.78178016859215,107.18390452375581,114.66002624682199,122.18797193876453,127.55049542159736,140.6901041117243,145.7971646593622,148.75310641289013,97.87444576967515,139.40274147222482,"rgba(0, 255, 0, 1.0)",3.9082135136638554,139.40274147222482,3.4136700553414725,0,,,0.0,0.0,0.0,0.0,55.26318585454522,6.497276085856235,True,False,True,False,True,6.6512283539336465
2025-06-26 00:00:00+00:00,152.7938693892,155.5216202501,151.0417374494,154.3170295415,3152141,103.87394803873468,107.27773844958081,114.7569900630807,122.28483864551035,127.64327428173804,140.76497937217266,145.8614006967378,148.8370484752445,97.96231780005864,140.98972179273977,"rgba(0, 255, 0, 1.0)",3.9266290316615096,140.98972179273977,3.006178455178753,0,,,0.0,0.0,0.0,0.0,55.25750379384574,6.497276085856235,True,False,True,False,True,6.694064247474259
2025-06-27 00:00:00+00:00,151.449904549,152.7341376186,151.2408433517,152.3956575847,3373597,103.96959499387134,107.37488151266416,114.85669850472597,122.38346220870308,127.73675753496147,140.8357249156373,145.91671956868151,148.89695572335387,98.05382657293674,141.01935363749843,"rgba(0, 255, 0, 1.0)",3.9351802921502137,141.01935363749843,2.650590350919407,0,,,0.0,0.0,0.0,0.0,53.546976892693365,6.497276085856235,False,False,True,False,True,5.307402972275661
2025-06-30 00:00:00+00:00,153.0427517671,153.1920811937,149.3393819851,151.1910668761,4618455,104.10005402190015,107.50733336521004,114.99251506526315,122.51764088013502,127.86383166797089,140.93155127527226,145.99142913627003,148.97649370108607,98.17871445148613,141.09321450695006,"rgba(0, 255, 0, 1.0)",3.9641735103782834,141.09321450695006,3.014383005402211,0,,,0.0,0.0,0.0,0.0,54.19879967851721,6.497276085856235,True,False,True,False,True,6.709254050013179
2025-07-01 00:00:00+00:00,150.9222739081,154.1029906965,149.32942669,153.4708294569,3232665,104.1901724491072,107.59872864620235,115.08594581702059,122.60954290909474,127.95048951409794,140.99518046617027,146.03906703157665,149.0221689806537,98.26512537363904,141.13927180495546,"rgba(0, 255, 0, 1.0)",3.9494543256168355,141.13927180495546,2.4770515865167324,0,,,0.0,0.0,0.0,0.0,52.110955141732674,5.88115038713299,False,False,False,False,False,4.535990137667984
2025-07-02 00:00:00+00:00,150.036252643,151.0516927445,148.3059227995,150.3946432671,2921360,104.26847876910811,107.67789402404406,115.16614760653746,122.68736111352102,128.02278441527469,141.04303430602366,146.068472109507,149.03489456214112,98.34055378299887,142.43590309964935,"rgba(0, 255, 255, 0.75)",3.9467807578850076,142.43590309964935,1.9257085735422301,0,,,0.0,0.0,0.0,0.0,49.776816688122736,3.613886772842193,False,True,False,False,False,3.644139930400204
2025-07-03 00:00:00+00:00,152.0870434362,152.415568175,149.5285325923,151.1313351054,1513926,104.31032763296173,107.72030419024222,115.20941328573126,122.7298029480572,128.06270785145824,141.0719717969554,146.0897715292821,149.05435571511032,98.38072759021858,142.48347679113058,"rgba(0, 255, 0, 1.0)",3.9653048519738125,142.48347679113058,2.4218986946965835,0,,,0.0,0.0,0.0,0.0,50.60925637027532,3.613886772842193,False,True,False,False,False,5.485153261141111
2025-07-07 00:00:00+00:00,153.5405165227,154.0371861959,152.0571775509,152.9232882257,3114138,104.39958649250542,107.81100754073623,115.30266980663056,122.82238489131846,128.15095647321206,141.1417198494076,146.14843389929422,149.12520810796914,98.46608145944849,142.61856294426195,"rgba(0, 255, 0, 1.0)",4.0071486043837865,142.61856294426195,2.725617304656361,0,,,0.0,0.0,0.0,0.0,52.63370703918167,3.613886772842193,False,False,False,False,True,6.7584675674003165
2025-07-08 00:00:00+00:00,151.0815586299,153.3115447351,149.857057331,152.7341376186,2417781,104.46612164807611,107.87840530486359,115.37134485517828,122.88965490976183,128.21416904455234,141.18735019288226,146.1819108920842,149.15513341073753,98.52999952027605,142.6505284745295,"rgba(0, 255, 0, 1.0)",4.014759217868826,142.6505284745295,2.100008916561126,0,,,0.0,0.0,0.0,0.0,51.211872967605416,3.613886772842193,False,True,False,False,True,4.252423954125337
2025-07-09 00:00:00+00:00,151.5693680904,152.4952105359,150.0262973479,150.4941962182,3122149,104.55166544358178,107.9650245695425,115.45951136592028,122.97589493550588,128.29510519470875,141.24537503589414,146.22408423962762,149.19175912684378,98.61222814351966,142.69103790702113,"rgba(0, 255, 0, 1.0)",4.021003942064868,142.69103790702113,2.2079884305757878,0,,,0.0,0.0,0.0,0.0,50.79779215439733,3.613886772842193,False,True,False,False,True,4.6886927046508085
2025-07-10 00:00:00+00:00,152.0372669607,152.9232882257,150.1059397088,151.1313351054,2224012,104.61283309857066,108.02697702169006,115.52261884373713,123.03770881416507,128.35322235598278,141.28762170726716,146.25558402524487,149.22091355657955,98.6710065775712,142.72603888627083,"rgba(0, 255, 0, 1.0)",4.017445043144455,142.72603888627083,2.3176989291535603,0,,,0.0,0.0,0.0,0.0,51.050197717390645,3.613886772842193,False,True,False,False,True,5.110515534206673
2025-07-11 00:00:00+00:00,154.4663589682,154.8247495922,151.2408433517,151.4399492539,2455355,104.68278560218525,108.09801562262133,115.59553272459715,123.10996398642465,128.42203351544816,141.34196788005914,146.30146166660904,149.2755042971157,98.73797283498773,142.79689487357936,"rgba(0, 255, 0, 1.0)",4.069878078212915,142.79689487357936,2.8672760879718333,0,,,0.0,0.0,0.0,0.0,53.692903382410556,-0.1646363319977695,False,False,True,False,True,7.263272540535482
2025-07-14 00:00:00+00:00,157.3633498459,157.5126792726,154.6604872229,154.6604872229,2733990,104.7652148306622,108.18206591803846,115.68279345060735,123.19792034706764,128.5073255471501,141.41670208102514,146.37285391506592,149.37661538967413,98.81642191500684,142.92604412385398,"rgba(0, 255, 0, 1.0)",4.178006715092696,142.92604412385398,3.4555487117558856,0,,,0.0,0.0,0.0,0.0,57.74338929971087,3.6309356196837115,True,False,True,False,True,9.710658964697032
2025-07-15 00:00:00+00:00,156.0094297106,157.8412040114,154.6322141847,156.925316861,2104821,104.82806682529869,108.24610648803355,115.74914412820455,123.2646099134304,128.57181828967472,141.47241100807895,146.42525980015503,149.44881569012122,98.87630585692715,143.01253208511667,"rgba(0, 255, 0, 1.0)",4.254327771512098,143.01253208511667,3.054982672588925,0,,,0.0,0.0,0.0,0.0,58.70478819727897,4.449429179664371,True,False,True,False,True,8.275774739126984
2025-07-16 00:00:00+00:00,156.8456745001,157.7018298798,155.5315755452,156.8257639099,1824508,104.88298758190923,108.30209509199489,115.80723764005626,123.32313151825427,128.62855266874794,141.52209825706353,146.47269246963774,149.51503208292803,98.92859475780266,143.08944930453853,"rgba(0, 255, 0, 1.0)",4.345837659229135,143.08944930453853,3.165379444477808,0,,,0.0,0.0,0.0,0.0,60.01609488638448,5.670424910731327,True,False,True,False,True,8.980573048135554
2025-07-17 00:00:00+00:00,156.925316861,157.2289533619,155.7705026279,156.576881532,1484173,104.92753369676197,108.34749617889914,115.85431391343292,123.37051271761051,128.67445123659635,141.56214221099853,146.51076268005718,149.5676308772061,98.9710224143456,143.14885919673048,"rgba(0, 255, 0, 1.0)",4.4243601571402476,143.14885919673048,3.1137740091155095,0,,,0.0,0.0,0.0,0.0,60.95658700048377,6.590539793785936,True,False,True,False,True,9.048273584167145
2025-07-18 00:00:00+00:00,158.338968767,158.8566441129,156.2533344409,156.8257639099,1559658,104.97532436369967,108.39627284379648,115.90508911038035,123.42191161210705,128.72454157646888,141.60725528564694,146.5550666640715,149.63111572181705,99.01644759112234,143.21984167765476,"rgba(0, 255, 0, 1.0)",4.536994571111081,143.21984167765476,3.3324102227529617,0,,,0.0,0.0,0.0,0.0,62.749762976970146,8.341412673081237,True,False,True,False,True,10.250888135621018
2025-07-21 00:00:00+00:00,159.6032912463,160.2205195433,157.7516063553,158.0900863892,1475051,105.0216175984228,108.44359657018732,115.95456926008522,123.47231971161875,128.77398884923622,141.65329238692829,146.60172798600118,149.70020370675005,99.06034756767471,143.29618815568244,"rgba(0, 255, 0, 1.0)",4.672482580364117,143.29618815568244,3.4900297240587603,0,,,0.0,0.0,0.0,0.0,64.89640139095184,10.402241576845356,True,False,True,False,True,11.310765496821439
2025-07-22 00:00:00+00:00,160.36984897,160.7680607745,159.1005488431,159.9616818704,1898595,105.08206168907947,108.5054423252244,116.0193949352878,123.53860040406776,128.8392490647797,141.71517613567798,146.6654817401982,149.79585374152524,99.11759148656323,143.39992804604077,"rgba(0, 255, 0, 1.0)",4.832552779713929,143.39992804604077,3.5115852216235464,0,,,0.0,0.0,0.0,0.0,66.87702799414586,12.28306379806952,True,False,True,False,True,11.949282929385767
2025-07-23 00:00:00+00:00,160.9074349061,161.0169431523,158.9462417689,159.9119053948,1448940,105.12827764784426,108.55273365364557,116.06897556582722,123.58931297529912,128.88920527247603,141.76266337077922,146.71448996106216,149.8691442716411,99.16135655179315,143.47776580537356,"rgba(0, 255, 0, 1.0)",5.00349235025492,143.47776580537356,3.4835006992342916,0,,,0.0,0.0,0.0,0.0,68.5827828602362,13.904973943286478,True,False,True,False,True,12.398409815244829
2025-07-24 00:00:00+00:00,160.6784631185,161.5047526128,158.6674935057,160.7879713647,2417120,105.20519383515642,108.63142295626099,116.15142684291375,123.67358562647033,128.97217236101181,141.84131526193394,146.79542586019159,149.98907897860204,99.23421826824145,143.60232549724822,"rgba(0, 255, 0, 1.0)",5.07732141098779,143.60232549724822,3.3632177754785118,0,,,0.0,0.0,0.0,0.0,69.28236968529535,14.61797550223281,True,False,True,False,True,12.128668109544432
2025-07-25 00:00:00+00:00,160.8377478403,161.5346184982,159.4838277049,160.4694019211,1588017,105.25591691958452,108.68332526370241,116.20583922436309,123.72924625292664,129.02702331643448,141.8935584540527,146.8493845100937,150.0688990393179,99.2822552910237,143.6837288328244,"rgba(0, 255, 0, 1.0)",5.018294201487174,143.6837288328244,3.4182967994168267,0,,,0.0,0.0,0.0,0.0,69.88324488312426,15.307660059416023,True,False,True,False,True,12.266108022441557
2025-07-28 00:00:00+00:00,157.5823663384,160.5739325198,157.5325898629,160.4793572162,2178682,105.32277717616958,108.75155235732808,116.27682864175812,123.80109719745856,129.09709066785854,141.95694514367665,146.91178066994794,150.15551459504604,99.34583277278935,143.7693776412621,"rgba(0, 255, 0, 1.0)",4.769890331076725,143.7693776412621,2.8958713384128947,0,,,0.0,0.0,0.0,0.0,64.68538713761535,19.505354028794727,True,False,True,False,False,8.461180169149255
2025-07-29 00:00:00+00:00,165.2180776898,166.4525342838,159.7924418534,161.7536349906,5267100,105.49962065965332,108.93305727454307,116.46868942337696,123.99967299219064,129.29510099904562,142.15610993019712,147.12676801816932,150.48429595730533,99.51257119269887,144.09478717495412,"rgba(0, 255, 0, 1.0)",4.906244516866061,144.09478717495412,4.305388865604012,0,,,0.0,0.0,0.0,0.0,66.99078449312324,19.505354028794727,True,False,True,False,False,14.748823343369697
2025-07-30 00:00:00+00:00,165.6362000846,168.0852026823,164.8198658853,165.1882118045,2461820,105.58523945080117,109.02111130803576,116.5622761019427,124.09727147611699,129.39314958680708,142.2579625175646,147.2393266297651,150.6588389138722,99.59305706400761,144.26369695437216,"rgba(0, 255, 0, 1.0)",5.041687339305705,144.26369695437216,4.239156792529516,0,,,0.0,0.0,0.0,0.0,68.73884803699829,19.505354028794727,True,False,True,False,True,15.065283544350532
2025-07-31 00:00:00+00:00,164.3320564248,166.5719978252,164.1429058177,165.0687482632,2908626,105.68414820465347,109.12268529670817,116.66981011480519,124.20882753828917,129.5046770858414,142.37138807172187,147.3625387300759,150.8450179327465,99.68624153064738,144.44000515170572,"rgba(0, 255, 0, 1.0)",5.129442660382223,144.44000515170572,3.878014160628516,0,,,0.0,0.0,0.0,0.0,68.19263880375365,19.505354028794727,True,False,True,False,True,13.584447498946354
2025-08-01 00:00:00+00:00,165.496825953,167.0249637528,164.3818329004,166.1090766024,2413741,105.76683218927327,109.20762796243804,116.75982386187688,124.30233925913025,129.5983037916408,142.46720925227024,147.467037067795,151.0024817884945,99.7641005806862,144.5872381668101,"rgba(0, 255, 0, 1.0)",5.303946852619775,144.5872381668101,3.942269477278427,0,,,0.0,0.0,0.0,0.0,68.54436897087052,19.505354028794727,True,False,True,False,True,14.491133816718534
2025-08-04 00:00:00+00:00,168.0254709116,168.2444874041,164.969195312,164.9891059023,2858071,105.86679876177479,109.31044511323485,116.86911959614163,124.41637298160909,129.7129609494007,142.58666805444554,147.59895732782348,151.20264283348143,99.8580722595518,144.77270562116212,"rgba(0, 255, 0, 1.0)",5.566580307743373,144.77270562116212,4.177208268798744,0,,,0.0,0.0,0.0,0.0,70.16128484188361,15.12196603643666,True,False,True,False,True,16.40734621876503
2025-08-05 00:00:00+00:00,168.9314027669,169.5386757687,167.2489578928,168.0652920921,3127592,105.97847905096307,109.42543785192653,116.99172025096911,124.54480910088235,129.84261147285122,142.72395965971995,147.75221035729075,151.43611623437582,99.962883164131,144.98679532826515,"rgba(0, 255, 0, 1.0)",5.818010998849543,144.98679532826515,4.1156002357798345,0,,,0.0,0.0,0.0,0.0,71.68677643804527,16.71654465809965,True,False,True,False,True,17.077925818116604
2025-08-06 00:00:00+00:00,168.2046662236,170.3201664351,168.102126684,168.9811792424,3106376,106.08954308895768,109.53979179319046,117.11362615869854,124.67250832548211,129.9715285592708,142.86047127101418,147.9044034383032,151.6658621928184,100.06712486661573,147.25446149846107,"rgba(0, 255, 0, 1.0)",6.0432194095700265,147.25446149846107,3.46672912321572,0,,,0.0,0.0,0.0,0.0,71.6416586748432,16.853706176227377,True,False,True,False,True,16.22331495176256
2025-08-07 00:00:00+00:00,168.9214474718,169.7477369661,168.0254709116,168.1250238627,2663418,106.18449205530804,109.63752670622016,117.21773885824734,124.78146932320395,130.08145009087207,142.97648758986338,148.0332973081243,151.85833301932647,100.15628051620399,147.42198461596172,"rgba(0, 255, 0, 1.0)",6.200241648844477,147.42198461596172,3.467520150580758,0,,,0.0,0.0,0.0,0.0,72.03081353113546,17.470012975935873,True,False,True,False,True,16.767270722936214
2025-08-08 00:00:00+00:00,167.2788237782,170.1259386274,167.2788237782,169.3594804567,1982568,106.25422954676091,109.70924833450685,117.29396410197424,124.86100152416532,130.16146406497654,143.05996162818084,148.125169460285,151.9933067973251,100.22184977436575,147.52948821904073,"rgba(0, 255, 0, 1.0)",6.352937048938996,147.52948821904073,3.1086937281170783,0,,,0.0,0.0,0.0,0.0,69.85671708976012,17.470012975935873,True,False,True,False,False,14.823373785787354
2025-08-11 00:00:00+00:00,167.2788237782,168.806961578,166.2733389718,167.1494049417,2484987,106.34032863124072,109.79771092483888,117.38773656932742,124.95850462025925,130.25925050176093,143.1606161538735,148.2347567143938,152.1514483135221,100.30292296061947,147.64872055979043,"rgba(0, 255, 0, 1.0)",6.495644735905409,147.64872055979043,3.022040769856449,0,,,0.0,0.0,0.0,0.0,68.40731946217656,17.470012975935873,True,False,True,False,False,14.823373785787354
2025-08-12 00:00:00+00:00,164.79,167.45,162.185,167.45,2506861,106.42319227168913,109.88259698248632,117.47700145692367,125.05032112607294,130.35040187233147,143.25035507259906,148.3290153979932,152.28072439624717,100.38129853001952,147.72140265987855,"rgba(0, 255, 0, 1.0)",6.563281018593076,147.72140265987855,2.6006196126248327,0,,,0.0,0.0,0.0,0.0,64.05025808053202,18.62249313623127,True,False,True,False,False,11.918666410218801
2025-08-13 00:00:00+00:00,163.04,165.51,161.27,165.26,3029078,106.52038066446838,109.98196049066115,117.5809307193305,125.15643984622314,130.4550238894306,143.35014981585053,148.43101234026622,152.4147368765902,100.47349690824335,147.78966331687585,"rgba(0, 255, 0, 1.0)",6.573046832716874,147.78966331687585,2.320132059187024,0,,,0.0,0.0,0.0,0.0,59.167713518901095,14.151374887819358,False,False,True,False,False,9.947685578072974
2025-08-14 00:00:00+00:00,161.88,164.36,161.74,163.54,1702718,106.5742780177277,110.037011943031,117.63836361293754,125.21487774846635,130.5124493847941,143.40409778884995,148.4853942322887,152.48446914817276,100.52470024977087,147.8266487933517,"rgba(0, 255, 0, 1.0)",6.588117606699664,147.8266487933517,2.1331360557918706,0,,,0.0,0.0,0.0,0.0,54.71855383743993,10.220256192634324,False,True,False,False,False,8.664456461510152
2025-08-15 00:00:00+00:00,162.9,163.33,161.26,162.07,2490272,106.65268926755928,110.1170700626228,117.72179398392643,125.29964621618493,130.59564308586468,143.481792907099,148.56327695991433,152.5831521611986,100.59923843781715,149.57116372394268,"rgba(0, 255, 0, 1.0)",6.641752159078347,149.57116372394268,2.006825301037268,0,,,0.0,0.0,0.0,0.0,52.936125173383076,8.793288870074122,False,True,False,False,False,9.551547402270469
2025-08-18 00:00:00+00:00,162.41,164.41,162.0,163.27,1671139,106.70560203809875,110.17111110236482,117.77816018288944,125.35699113275207,130.65200187149333,143.53478530930641,148.61670537482576,152.6512045406704,100.64951563413003,149.62181901134122,"rgba(0, 255, 255, 0.75)",6.691651379609147,149.62181901134122,1.9110650365957538,0,,,0.0,0.0,0.0,0.0,51.19693988819223,7.283184854224878,False,True,False,False,False,9.000897443967556
2025-08-19 00:00:00+00:00,163.57,163.61,162.29,162.41,1691975,106.75927930011018,110.22593759357707,117.83535928582222,125.41520698885452,130.709245171653,143.58874096115707,148.67120907285488,152.72063221071303,100.70051391585507,149.67407412680603,"rgba(0, 255, 0, 1.0)",6.735300450461489,149.67407412680603,2.0631486264642938,0,,,0.0,0.0,0.0,0.0,51.43482321942487,7.283184854224878,False,True,False,False,False,10.023127596722162
2025-08-20 00:00:00+00:00,165.99,167.32,164.455,164.455,2127759,106.8299392619185,110.29831759526812,117.91146216189425,125.49350769444943,130.7870564599585,143.66570205201344,148.75214649576694,152.82943986406147,100.76736330433303,149.80417283801359,"rgba(0, 255, 0, 1.0)",6.824174886741171,149.80417283801359,2.3718365121963974,0,,,0.0,0.0,0.0,0.0,54.08456982667492,7.283184854224878,False,True,False,False,False,12.097144626814238
2025-08-21 00:00:00+00:00,166.94,167.8,165.43,165.615,2285266,106.90666908912273,110.37696365303677,117.99429105156388,125.57892905600895,130.8721437333719,143.75072774340865,148.84225314193324,152.95135625355945,100.8398902816086,149.94093870978003,"rgba(0, 255, 0, 1.0)",6.92774535769125,149.94093870978003,2.453765317939616,0,,,0.0,0.0,0.0,0.0,56.70248163131696,7.283184854224878,False,True,True,False,True,12.89126865495373
2025-08-22 00:00:00+00:00,164.43,168.47,163.97,167.86,2798525,106.99864165439595,110.47110074957283,118.09305970444734,125.68027089553172,130.97261369069295,143.8490544957266,148.94466116231104,153.08607656595746,100.92701020753661,150.0618782090018,"rgba(0, 255, 0, 1.0)",6.967788024879303,150.0618782090018,2.0620779133485607,0,,,0.0,0.0,0.0,0.0,55.25735258423257,7.283184854224878,False,True,True,False,True,9.998245055497478
2025-08-25 00:00:00+00:00,164.9,165.99,164.48,164.53,1333004,107.04197636902754,110.51542229336977,118.13946828481978,125.72776028975058,131.0195783312985,143.89451134497165,148.99155314711183,153.14672572524597,100.96810509426993,150.11128505638004,"rgba(0, 255, 0, 1.0)",7.019602068812645,150.11128505638004,2.1067739736023885,0,,,0.0,0.0,0.0,0.0,54.78371477807063,7.283184854224878,False,True,True,False,True,10.404507351526487
2025-08-26 00:00:00+00:00,165.84,166.595,164.1,165.0,3632078,107.16051187233136,110.63667881959084,118.26649699986456,125.8578475412225,131.14834102251723,144.01963678926032,149.12099543890872,153.31417813165098,101.08048726808659,150.2523611728414,"rgba(0, 255, 0, 1.0)",7.038114969413808,150.2523611728414,2.214746263012078,0,,,0.0,0.0,0.0,0.0,55.44587190266168,7.283184854224878,False,True,True,False,True,11.218055224100517
2025-08-27 00:00:00+00:00,167.75,168.15,166.07,166.25,1794418,107.22070952223184,110.69835941462973,118.33140098828346,125.92472526810008,131.21493687891055,144.0860875857702,149.19118634485,153.40728542724847,101.13742216052844,150.34216431481624,"rgba(0, 255, 0, 1.0)",7.101538576991101,150.34216431481624,2.4512766489201274,0,,,0.0,0.0,0.0,0.0,57.679569915560805,1.8823664627576804,False,True,True,False,True,12.841220762142385
2025-08-28 00:00:00+00:00,167.4,168.5,166.66,167.43,2114931,107.29173665253215,110.77113697255159,118.40798395679477,126.00364517179723,131.29353954004634,144.16458143295884,149.27411244765608,153.5169752182385,101.20460007240145,150.44656181863166,"rgba(0, 255, 0, 1.0)",7.077079916850656,150.44656181863166,2.395541435246746,0,,,0.0,0.0,0.0,0.0,58.66204835300166,3.0273534503242416,False,False,True,False,True,12.425204493365822
2025-08-29 00:00:00+00:00,168.28,168.56,167.29,167.5,1689723,107.34885564750785,110.82968370672477,118.46964888836426,126.0672754046681,131.35699860815348,144.22831394916216,149.34171380713116,153.606623750474,101.25859698333613,150.53266928856152,"rgba(0, 255, 0, 1.0)",7.048921517609261,150.53266928856152,2.517737027870574,0,,,0.0,0.0,0.0,0.0,60.148550876804265,4.65935322647163,False,False,True,False,True,13.176403098231368
2025-09-02 00:00:00+00:00,167.74,169.27,166.98,168.09,2666944,107.43872101931652,110.92177155789784,118.56657414843981,126.16720283179275,131.4565865277757,144.32801993921677,149.44716217890357,153.7454389740205,101.34358531759491,150.66264914303497,"rgba(0, 255, 0, 1.0)",6.962024306315363,150.66264914303497,2.4529289335393307,0,,,0.0,0.0,0.0,0.0,60.27663903318944,5.03028484090671,False,False,True,False,True,12.518532657414468
2025-09-03 00:00:00+00:00,167.43,169.47,167.14,167.48,2081168,107.50868254099014,110.99344803454761,118.64197272307226,126.244882570923,131.53396064980038,144.40530137711772,149.52869826232268,153.85204238384927,101.40977287670829,150.7605681952533,"rgba(0, 255, 0, 1.0)",6.940227946394985,150.7605681952533,2.401856528848656,0,,,0.0,0.0,0.0,0.0,59.85265715531018,5.03028484090671,False,False,True,False,True,12.137698461739237
2025-09-04 00:00:00+00:00,167.68,168.91,166.17,168.25,2160964,107.58064464174909,111.067127036341,118.71934479630876,126.32441527825935,131.61301996545538,144.4835734043474,149.6106693848957,153.95777576457888,101.47791989654534,150.8541000263171,"rgba(0, 255, 0, 1.0)",6.949195497293173,150.8541000263171,2.421273078335021,0,,,0.0,0.0,0.0,0.0,59.869320401524405,5.232378879708193,False,False,True,False,True,12.361996798716053
2025-09-05 00:00:00+00:00,167.82,168.5932,164.33,168.36,2700832,107.66933791415529,111.15785167729021,118.81437768564737,126.42177571519284,131.70950684312075,144.57783482914238,149.7082862423415,154.08125064729143,101.56203071629446,150.95796537719065,"rgba(0, 255, 0, 1.0)",6.984350986889237,150.95796537719065,2.4142593427022967,0,,,0.0,0.0,0.0,0.0,60.05836949321377,5.763902216039128,False,False,True,False,True,12.489450087623513
2025-09-08 00:00:00+00:00,169.36,170.99,166.955,167.81,2679695,107.76031457277209,111.25109521348973,118.91256799837409,126.52310672968153,131.81063422689826,144.6796606339863,149.81623119055064,154.2219426559047,101.64805576634228,151.08878208373778,"rgba(0, 255, 0, 1.0)",7.050480489683108,151.08878208373778,2.591485494215367,0,,,0.0,0.0,0.0,0.0,62.0140754768434,7.9137527952889,True,False,True,False,True,13.885258246559786
2025-09-09 00:00:00+00:00,168.85,169.62,168.165,169.02,2133184,107.83228159535696,111.3248221901825,118.99011256748327,126.60300713979989,131.89026717572062,144.75938129802933,149.9003208290919,154.33041803684358,101.71615370285164,151.18738035460802,"rgba(0, 255, 0, 1.0)",7.044367811343068,151.18738035460802,2.507339213172693,0,,,0.0,0.0,0.0,0.0,62.26066996312539,8.388518229160113,True,False,True,False,True,13.219585456140194
