date,Open,High,Low,Close,Volume,aVWAP_OB_bull_600,aVWAP_OB_bear_703,aVWAP_OB_bear_455,OB,OB_High,OB_Low,OB_Mitigated_Index,color,StDev,StDev_Mean,StdDev_ZScore,QQEMOD,QQE1_Value,QQE1_Above_Upper,QQE1_Below_Lower,QQE2_Above_Threshold,QQE2_Below_Threshold,QQE2_Above_TL,banker_RSI,Supertrend_Upper,Supertrend_Lower,Supertrend_Direction,TTM_squeeze_Active,VI_plus,VI_minus,VI_Regular_Bullish,VI_Regular_Bearish,VI_Hidden_Bullish,VI_Hidden_Bearish,Fisher,Fisher_Signal,Fisher_Regular_Bullish,Fisher_Regular_Bearish,Fisher_Hidden_Bullish,Fisher_Hidden_Bearish,OBV,OBV_Smoothed,OBV_Regular_Bullish,OBV_Regular_Bearish,OBV_Hidden_Bullish,OBV_Hidden_Bearish,Volume_MA,Vol_Regular_Bullish,Vol_Regular_Bearish,Vol_Hidden_Bullish,Vol_Hidden_Bearish
2024-12-02 15:00:00+00:00,35.045,35.29,34.95,35.24,400.0,,,,0.0,0.0,0.0,0.0,#000000,,,,,,False,False,False,False,False,,35.120000000000005,35.120000000000005,1,0,,,False,False,False,False,,,False,False,False,False,0.0,0.0,False,False,False,False,400.0,False,False,False,False
2024-12-02 16:00:00+00:00,35.23,35.44,35.12,35.33,200.0,,,,0.0,0.0,0.0,0.0,#000000,,,,100.0,,False,False,True,False,False,,35.28,35.28,1,0,,,False,False,False,False,,,False,False,False,False,200.0,3.10077519379845,False,False,False,False,396.8992248062015,False,False,False,False
2024-12-02 17:00:00+00:00,35.33,35.48,35.33,35.44,0.0,,,,0.0,0.0,0.0,0.0,#000000,,,,100.0,50.0,False,False,True,False,True,,35.405,35.405,1,0,,,False,False,False,False,,,False,False,False,False,200.0,6.15347635358452,False,False,False,False,390.74574845261697,False,False,False,False
2024-12-02 18:00:00+00:00,35.44,35.56,35.4,35.55,89.0,,,,0.0,0.0,0.0,0.0,#000000,,,,100.0,50.0,False,False,True,False,True,,35.480000000000004,35.480000000000004,1,0,,,False,False,False,False,,,False,False,False,False,289.0,10.53869377445918,False,False,False,False,386.06751979443686,False,False,False,False
2024-12-02 19:00:00+00:00,35.55,35.63,35.51,35.56,500.0,,,,0.0,0.0,0.0,0.0,#000000,,,,100.0,50.0,False,False,True,False,True,,35.480000000000004,35.57,-1,0,,,False,False,False,False,,,False,False,False,False,789.0,22.60786131283966,False,False,False,False,387.83391483638354,False,False,False,False
2024-12-02 20:00:00+00:00,35.56,35.795,35.55,35.77,840.0,,,,0.0,0.0,0.0,0.0,#000000,,,,100.0,50.0,False,False,True,False,True,,35.6725,35.6725,1,0,,,False,False,False,False,,,False,False,False,False,1629.0,47.513165788609584,False,False,False,False,394.844241738145,False,False,False,False
2024-12-03 15:00:00+00:00,35.83,35.87,35.49,35.64,46.0,,,,0.0,0.0,0.0,0.0,#000000,,,,93.15758514797487,43.727786385643626,False,False,True,False,False,,35.6725,35.68,-1,0,,,False,False,False,False,,,False,False,False,False,1583.0,71.31916321824355,False,False,False,False,389.4358038817397,False,False,False,False
2024-12-03 16:00:00+00:00,35.65,36.24,35.65,36.03,149.0,,,,0.0,0.0,0.0,0.0,#000000,,,,91.29062092316745,42.39653667134934,False,False,True,False,False,,35.6725,35.945,1,0,,,False,False,False,False,,,False,False,False,False,1732.0,97.06615293579014,False,False,False,False,385.7081169998522,False,False,False,False
2024-12-03 17:00:00+00:00,36.03,36.05,35.87,35.96,236.0,,,,0.0,0.0,0.0,0.0,#000000,,,,87.9729604753421,39.69665201124961,False,False,True,False,False,,35.959999999999994,35.959999999999994,1,0,,,False,False,False,False,,,False,False,False,False,1496.0,118.75504978949881,False,False,False,False,383.38706092233514,False,False,False,False
2024-12-03 18:00:00+00:00,35.96,35.965,35.805,35.825,100.0,,,,0.0,0.0,0.0,0.0,#000000,,,,82.2942416223339,34.87229037258189,False,False,True,False,False,,35.885000000000005,35.959999999999994,-1,0,,,False,False,False,False,,,False,False,False,False,1396.0,138.5572970795841,False,False,False,False,378.993463078578,False,False,False,False
2024-12-03 19:00:00+00:00,35.825,35.825,35.64,35.64,209.0,,,,0.0,0.0,0.0,0.0,#000000,,,,74.74121976079662,28.470378155291172,False,False,True,False,False,,35.7325,35.7325,-1,0,,,False,False,False,False,,,False,False,False,False,1187.0,154.8122227062572,False,False,False,False,376.35790551146823,False,False,False,False
2024-12-03 20:00:00+00:00,35.66,35.725,35.605,35.69,699.0,,,,0.0,0.0,0.0,0.0,#000000,,,,69.98589379794205,24.807123320220853,False,False,True,False,False,,35.665,35.7325,1,0,,,False,False,False,False,,,False,False,False,False,1886.0,181.65234328445476,False,False,False,False,381.36010852679425,False,False,False,False
2024-12-04 15:00:00+00:00,34.77,34.8,34.33,34.48,1163.0,,,,0.0,0.0,0.0,0.0,#000000,,,,57.05284113747139,13.57628473346518,False,False,False,False,False,,34.565,35.7325,-1,0,,,False,False,False,False,,,False,False,False,False,723.0,190.04533021027717,False,False,False,False,393.4785564566114,False,False,False,False
2024-12-04 16:00:00+00:00,34.48,34.48,34.195,34.46,0.0,,,,0.0,0.0,0.0,0.0,#000000,,,,47.74193298083907,6.042171930076684,False,False,False,True,False,,34.3375,35.7325,1,0,,,False,False,False,False,,,False,False,False,False,723.0,198.30819330779227,False,False,False,False,387.37811372084997,False,False,False,False
2024-12-04 17:00:00+00:00,34.485,34.67,34.44,34.62,100.0,,,,0.0,0.0,0.0,0.0,#000000,,34.57666666666666,,42.89086038125024,2.5986788493940978,False,False,False,True,False,,34.3375,35.7325,-1,0,,,False,False,False,False,,,False,False,False,False,823.0,207.99333759759392,False,False,False,False,382.92263908951895,False,False,False,False
2024-12-04 18:00:00+00:00,34.62,34.625,34.4,34.49,400.0,,,,0.0,0.0,0.0,0.0,#000000,,34.519333333333336,,38.81620056151739,-0.4286018324579004,False,False,False,True,False,,34.3375,35.7325,-1,0,,,False,False,False,False,,,False,False,False,False,423.0,211.3267742239878,False,False,False,False,383.1874043749528,False,False,False,False
2024-12-04 19:00:00+00:00,34.45,34.53,34.34,34.375,17.0,,,,0.0,0.0,0.0,0.0,#000000,,34.51590264345584,,35.38857796460514,-3.141998078488669,False,False,False,True,False,,34.3375,35.7325,-1,0,,,False,False,False,False,,,False,False,False,False,406.0,214.3449637709027,False,False,False,False,377.5100802761163,False,False,False,False
2024-12-04 20:00:00+00:00,34.375,34.62,34.335,34.59,77.0,,,,0.0,0.0,0.0,0.0,#000000,,34.51578563411897,,35.34600210081608,-3.141998078488669,False,False,False,True,False,,34.3375,35.7325,-1,0,,,False,False,False,False,,,False,False,False,False,483.0,218.51015813104374,False,False,False,False,372.8510092640835,False,False,False,False
2024-12-05 15:00:00+00:00,34.76,35.15,34.725,34.79,800.0,,,,0.0,0.0,0.0,0.0,#000000,,34.729586322333816,,37.26456597378992,-3.141998078488669,False,False,False,True,False,,34.3375,35.7325,-1,0,,,False,False,False,False,,,False,False,False,False,1283.0,235.0138766096322,False,False,False,False,379.47347423673335,False,False,False,False
2024-12-05 16:00:00+00:00,34.825,34.92,34.74,34.81,0.0,,,,0.0,0.0,0.0,0.0,#000000,,34.729586322333816,,38.82457702957241,-3.141998078488669,False,False,False,True,False,,34.3375,35.7325,-1,0,,,False,False,False,False,,,False,False,False,False,1283.0,251.26172348390148,False,False,False,False,373.59016455864446,False,False,False,False
2024-12-05 17:00:00+00:00,34.805,34.805,34.67,34.71,10.0,,,,0.0,0.0,0.0,0.0,#000000,,34.72957739791073,,39.21544312510922,-3.141998078488669,False,False,False,True,True,,34.3375,35.7325,-1,0,,,False,False,False,False,,,False,False,False,False,1273.0,267.10262699577896,False,False,False,False,367.95310774378174,False,False,False,False
2024-12-05 18:00:00+00:00,34.71,34.765,34.58,34.745,300.0,,,,0.0,0.0,0.0,0.0,#000000,,34.723783255086076,,39.875817409816676,-3.141998078488669,False,True,False,True,True,,34.3375,35.7325,-1,0,,,False,False,False,False,,,False,False,False,False,1573.0,287.34909789506924,False,False,False,False,366.8995711896146,False,False,False,False
2024-12-05 19:00:00+00:00,34.745,34.815,34.69,34.805,100.0,,,,0.0,0.0,0.0,0.0,#000000,,34.726345158906135,,41.02191434131045,-3.141998078488669,False,True,False,True,True,,34.3375,35.7325,-1,0,,,False,False,False,False,,,False,False,False,False,1673.0,308.83205761762633,False,False,False,False,362.7615933417136,False,False,False,False
2024-12-05 20:00:00+00:00,34.785,34.825,34.765,34.81,149.0,,,,0.0,0.0,0.0,0.0,#000000,,34.73196449906128,,41.89966088185593,-3.141998078488669,False,True,False,True,True,,34.3375,35.7325,-1,0,,,False,False,False,False,,,False,False,False,False,1822.0,332.2920257165779,False,False,False,False,359.4474601116095,False,False,False,False
2024-12-06 15:00:00+00:00,35.76,36.08,35.62,36.02,425.0,,,,0.0,0.0,0.0,0.0,#000000,,34.941909167367534,,50.43820337420243,-8.827704921691122,False,True,True,False,True,,36.8925,35.7325,1,0,,,False,False,False,False,,,False,False,False,False,2247.0,361.97742066670844,False,False,False,False,360.46377855949146,False,False,False,False
2024-12-06 16:00:00+00:00,35.99,35.99,35.79,35.9,200.0,,,,0.0,0.0,0.0,0.0,#000000,,35.01572019653479,,55.48575663025342,-3.969921379133652,False,False,True,False,True,,36.945625,35.7325,1,0,,,False,False,False,False,,,False,False,False,False,2047.0,388.10180174164316,False,False,False,False,357.97596803918924,False,False,False,False
2024-12-06 17:00:00+00:00,35.88,35.88,35.74,35.8,0.0,,,,0.0,0.0,0.0,0.0,#000000,,35.01572019653479,,58.21780994399029,-1.3346659756512693,False,False,True,False,True,,36.8609375,35.7325,1,0,,,False,False,False,False,,,False,False,False,False,2047.0,413.8211536526254,False,False,False,False,352.4259530308297,False,False,False,False
2024-12-06 18:00:00+00:00,35.8,35.84,35.71,35.77,0.0,,,,0.0,0.0,0.0,0.0,#000000,,35.01572019653479,,59.898026533286426,0.40365834685017177,False,False,True,False,True,,36.82781250000001,35.7325,1,0,,,False,False,False,False,,,False,False,False,False,2047.0,439.14175592157693,False,False,False,False,346.9619847667858,False,False,False,False
2024-12-06 19:00:00+00:00,35.78,35.835,35.695,35.71,5.0,,,,0.0,0.0,0.0,0.0,#000000,,35.01713511420829,,60.52843467518612,1.2856175190518044,True,False,True,False,True,,36.5890625,35.7325,-1,0,,,False,False,False,False,,,False,False,False,False,2042.0,463.99227133364553,False,False,False,False,341.6602485688511,False,False,False,False
2024-12-06 20:00:00+00:00,35.7,35.71,35.54,35.59,217.0,,,,0.0,0.0,0.0,0.0,#000000,,35.06334047619048,,59.84207352219843,1.2856175190518044,True,False,True,False,True,,36.4275,34.8225,-1,0,,,False,False,False,False,,,False,False,False,False,1825.0,485.09316635172854,False,False,False,False,339.72753153677587,False,False,False,False
2024-12-09 15:00:00+00:00,43.47,43.78,42.42,43.565,2387.0,,,,0.0,0.0,0.0,0.0,#000000,,38.83305153910417,,69.21051349123948,10.067465214925832,True,False,True,False,True,,36.4275,40.805,1,0,,,False,False,False,False,,,False,False,False,False,4212.0,542.874667648601,False,False,False,False,371.4681899625623,False,False,False,False
2024-12-09 16:00:00+00:00,43.53,43.94,43.12,43.89,2192.0,,,,0.0,0.0,0.0,0.0,#000000,,40.26397050187469,,75.977252869611,16.33368078199625,True,False,True,False,True,,45.9365625,41.1234375,1,0,,,False,False,False,False,,,False,False,False,False,6404.0,633.7448278400955,False,False,False,False,399.6934893429877,False,False,False,False
2024-12-09 17:00:00+00:00,43.89,44.08,43.78,43.87,200.0,,,,0.0,0.0,0.0,0.0,#000000,,42.13509225051678,,80.74678970038416,20.62604723256851,True,False,True,False,True,,46.357187499999995,41.502812500000005,1,0,,,False,False,False,False,,,False,False,False,False,6204.0,720.1053731449001,False,False,False,False,396.5974662523987,False,False,False,False
2024-12-09 18:00:00+00:00,43.71,43.71,43.42,43.62,200.0,,,,0.0,0.0,0.0,0.0,#000000,,42.09485955778378,,83.30583949600728,22.92160629418953,True,False,True,False,True,,46.02312499999999,41.502812500000005,1,0,,,False,False,False,False,,,False,False,False,False,6004.0,802.0262200728861,False,False,False,False,393.54944351980333,False,False,False,False
2024-12-09 19:00:00+00:00,43.73,43.73,42.83,43.01,232.0,,,,0.0,0.0,0.0,0.0,#000000,,42.03246260942892,,83.10549450901186,22.92160629418953,True,False,True,False,True,,45.801875,41.502812500000005,1,0,,,False,False,False,False,,,False,False,False,False,5772.0,879.0800771260197,False,False,False,False,391.04480098461255,False,False,False,False
2024-12-09 20:00:00+00:00,43.01,43.01,42.52,42.66,1735.0,,,,0.0,0.0,0.0,0.0,#000000,,41.931231173330545,,81.83965508575693,22.92160629418953,True,False,True,False,True,,45.345,41.502812500000005,1,0,,,False,False,False,False,,,False,False,False,False,4037.0,928.0400759302673,False,False,False,False,411.8813156980294,False,False,False,False
2024-12-10 15:00:00+00:00,38.63,38.93,38.53,38.62,507.0,,,,0.0,0.0,0.0,0.0,#000000,,41.501104039840286,,72.47085330216971,32.857478911109695,True,False,True,False,False,,42.058125000000004,41.502812500000005,-1,0,,,False,False,False,False,,,False,False,False,False,3530.0,968.3805398693329,False,False,False,False,413.3560239817809,False,False,False,False
2024-12-10 16:00:00+00:00,38.62,38.66,38.61,38.62,0.0,,,,0.0,0.0,0.0,0.0,#000000,,41.501104039840286,,65.77885202817885,26.666096773561435,True,False,True,False,False,,41.93781249999999,35.3321875,-1,0,,,False,False,False,False,,,False,False,False,False,3530.0,1008.0955702589556,False,False,False,False,406.94740345493153,False,False,False,False
2024-12-10 17:00:00+00:00,38.74,38.76,38.62,38.74,0.0,,,,0.0,0.0,0.0,0.0,#000000,,41.501104039840286,,61.19324021880953,22.507847994575172,False,False,True,False,False,,41.93781249999999,35.384375,-1,0,,,False,False,False,False,,,False,False,False,False,3530.0,1047.194863743313,False,False,False,False,400.6381413858628,False,False,False,False
2024-12-10 18:00:00+00:00,38.74,38.87,38.66,38.85,200.0,,,,0.0,0.0,0.0,0.0,#000000,,41.37114369806807,,58.1086255443929,19.662769764799137,False,False,True,False,False,,41.93781249999999,35.431250000000006,-1,0,,,False,False,False,False,,,False,False,False,False,3730.0,1088.788741824812,False,False,False,False,397.5274725271672,False,False,False,False
2024-12-10 19:00:00+00:00,38.85,38.85,38.44,38.44,10.0,,,,0.0,0.0,0.0,0.0,#000000,,41.36458711294187,,55.16150882031616,16.806642403717902,False,True,False,False,False,,41.817499999999995,35.4725,-1,0,,,False,False,False,False,,,False,False,False,False,3720.0,1129.5827148197761,False,False,False,False,391.51929465852896,False,False,False,False
2024-12-10 20:00:00+00:00,38.44,38.73,38.44,38.54,537.0,,,,0.0,0.0,0.0,0.0,#000000,,41.05933271503352,,53.260325173380124,14.803601852123379,False,True,False,False,False,,41.76874999999999,35.40125,-1,0,,,False,False,False,False,,,False,False,False,False,4257.0,1178.0698045124927,False,False,False,False,393.7748094700246,False,False,False,False
2024-12-11 15:00:00+00:00,37.13,37.22,36.78,37.08,3201.0,,,,0.0,0.0,0.0,0.0,#000000,,38.74875950225254,,49.40744242540227,10.880412130499082,False,True,False,True,False,,40.48375,33.51625,-1,0,,,False,False,False,False,,,False,False,False,False,1056.0,1176.1772494037718,False,False,False,False,437.297680641032,False,False,False,False
2024-12-11 16:00:00+00:00,37.09,37.465,37.04,37.365,626.0,,,,0.0,0.0,0.0,0.0,#000000,,38.66867878675446,,47.29575671173191,8.577182336127414,False,True,False,True,False,,40.48375,33.7134375,-1,0,,,False,False,False,False,,,False,False,False,False,1682.0,1184.0194625913102,False,False,False,False,440.2232979954346,False,False,False,False
2024-12-11 17:00:00+00:00,37.35,37.36,37.165,37.245,1078.0,,,,0.0,0.0,0.0,0.0,#000000,,38.54436047567385,,45.58399358574185,6.561676480582975,False,True,False,True,False,,40.48375,33.712187500000006,-1,0,,,False,False,False,False,,,False,False,False,False,604.0,1175.026912783693,False,False,False,False,450.1113088792263,False,False,False,False
2024-12-11 18:00:00+00:00,37.3,37.37,37.155,37.27,615.0,,,,0.0,0.0,0.0,0.0,#000000,,38.4835839744371,,44.42617470573602,4.984474420197046,False,True,False,True,False,,40.48375,33.70375000000001,-1,0,,,False,False,False,False,,,False,False,False,False,1219.0,1175.7086660738682,False,False,False,False,452.66772269505225,False,False,False,False
2024-12-11 19:00:00+00:00,37.265,37.58,37.235,37.565,856.0,,,,0.0,0.0,0.0,0.0,#000000,,38.425785359525776,,44.39780607535814,4.3739454194627925,False,True,False,True,False,,39.4953125,35.3196875,-1,0,,,False,False,False,False,,,False,False,False,False,2075.0,1189.6511673750485,False,False,False,False,458.9209362966793,False,False,False,False
2024-12-11 20:00:00+00:00,37.565,37.65,37.39,37.58,1078.0,,,,0.0,0.0,0.0,0.0,#000000,,38.369215861782166,,44.41996371792699,3.71655651549532,False,True,False,True,False,,39.4953125,35.5371875,-1,0,,,False,False,False,False,,,False,False,False,False,3153.0,1220.0906841599315,False,False,False,False,468.5190613153354,False,False,False,False
2024-12-12 15:00:00+00:00,37.63,37.67,37.13,37.43,2839.0,,,,0.0,0.0,0.0,0.0,#000000,,38.221784340168995,,44.073639354530826,2.6689465029106003,False,True,False,True,False,,39.4278125,35.37218750000001,-1,0,,,False,False,False,False,,,False,False,False,False,314.0,1206.0427665760565,False,False,False,False,505.27070377556277,False,False,False,False
2024-12-12 16:00:00+00:00,37.44,37.81,37.44,37.66,104.0,,,,0.0,0.0,0.0,0.0,#000000,,38.21893614819695,,44.57047956043068,2.481427604355062,False,True,False,True,False,5.2520144135378,39.4278125,35.6103125,-1,0,,,False,False,False,False,,,False,False,False,False,418.0,1193.8250492647996,False,False,False,False,499.04945255423615,False,False,False,False
2024-12-12 17:00:00+00:00,37.66,37.775,37.54,37.65,100.0,,,,0.0,0.0,0.0,0.0,#000000,,38.216350536052296,,44.896716531358926,2.1398530546576353,False,True,False,True,False,5.198783660225629,39.4278125,35.7675,-1,0,,,False,False,False,False,,,False,False,False,False,318.0,1180.2463663304616,False,False,False,False,492.862639336341,False,False,False,False
2024-12-12 18:00:00+00:00,37.65,37.725,37.58,37.63,101.0,,,,0.0,0.0,0.0,0.0,#000000,,38.21368884576639,,45.06715470466923,1.6595381718843356,False,True,False,True,False,5.090368284192824,39.4278125,35.8271875,-1,0,,,False,False,False,False,,,False,False,False,False,217.0,1165.3123141392914,False,False,False,False,486.78724957918837,False,False,False,False
2024-12-12 19:00:00+00:00,37.62,37.66,37.545,37.575,80.0,,,,0.0,0.0,0.0,0.0,#000000,,38.211307156816034,,45.003166504885094,0.9658487146015133,False,True,False,True,False,4.787700869020441,38.675,36.53,-1,0,,,False,False,False,False,,,False,False,False,False,137.0,1149.3694875634883,False,False,False,False,480.4804705159451,False,False,False,False
2024-12-12 20:00:00+00:00,37.58,37.77,37.53,37.66,849.0,,,,0.0,0.0,0.0,0.0,#000000,,38.190403101806744,,45.33119156623843,0.7182865964236385,False,True,False,True,False,5.203657643542265,38.675,36.541875000000005,-1,0,,,False,False,False,False,,,False,False,False,False,986.0,1146.836627291186,False,False,False,False,486.19395159321726,False,False,False,False
2024-12-13 15:00:00+00:00,35.795,36.17,35.77,36.09,700.0,,,,0.0,0.0,0.0,0.0,#000000,,38.10214223986535,,41.277877874675106,-3.5466058019112268,False,True,False,True,False,0.0,37.40625,34.53375,-1,0,,,False,False,False,False,,,False,False,False,False,286.0,1133.4903229920976,False,False,False,False,489.5087740491363,False,False,False,False
2024-12-13 16:00:00+00:00,36.085,36.34,35.94,36.26,1118.0,,,,0.0,0.0,0.0,0.0,#000000,,37.98699258520972,,39.11617053018193,-5.818864867493922,False,True,False,True,False,0.0,37.40625,34.668125,-1,0,,,False,False,False,False,,,False,False,False,False,1404.0,1137.6842714728402,False,False,False,False,499.25282406387834,False,False,False,False
2024-12-13 17:00:00+00:00,36.26,36.345,36.22,36.25,408.0,,,,0.0,0.0,0.0,0.0,#000000,,37.950646993753786,,37.5489117712263,-7.472984219579978,False,True,False,True,False,0.0,37.40625,34.8640625,-1,0,,,False,False,False,False,,,False,False,False,False,996.0,1135.4876161011682,False,False,False,False,497.83805159777165,False,False,False,False
2024-12-13 18:00:00+00:00,36.26,36.44,36.24,36.35,101.0,,,,0.0,0.0,0.0,0.0,#000000,,37.94230847807275,,36.91852190037954,-8.24944212445213,False,True,False,True,False,0.0,37.40625,34.938437500000006,-1,0,,,False,False,False,False,,,False,False,False,False,1097.0,1134.8909088747935,False,False,False,False,491.68552366602324,False,False,False,False
2024-12-13 19:00:00+00:00,36.33,36.54,36.33,36.45,402.0,,,,0.0,0.0,0.0,0.0,#000000,,37.91214931371334,,36.97789708266865,-8.420778366577906,False,True,False,True,False,0.0,37.40625,35.324062500000004,-1,0,,,False,False,False,False,,,False,False,False,False,1499.0,1140.536011062781,False,False,False,False,490.2950504308911,False,False,False,False
2024-12-13 20:00:00+00:00,36.45,36.56,36.355,36.48,1314.0,,,,0.0,0.0,0.0,0.0,#000000,,37.82353759188865,,37.18237817239128,-8.487288023854092,False,True,False,True,False,0.0,37.40625,35.387812499999995,-1,0,,,False,False,False,False,,,False,False,False,False,2813.0,1166.4656853098697,False,False,False,False,503.0656698040556,False,False,False,False
2024-12-16 15:00:00+00:00,35.73,35.84,35.145,35.35,712.0,,,,0.0,0.0,0.0,0.0,#000000,,37.74418830761937,,34.39805098698065,-11.34806301266731,False,True,False,True,False,0.0,36.775000000000006,34.21000000000001,-1,0,,,False,False,False,False,,,False,False,False,False,2101.0,1180.9545894135927,False,False,False,False,506.30496174507795,False,False,False,False
2024-12-16 16:00:00+00:00,35.33,35.33,34.91,35.12,220.0,,,,0.0,0.0,0.0,0.0,#000000,,37.7172804747075,,31.959096510679007,-13.755023534983174,False,True,False,True,False,0.0,36.4446875,33.795312499999994,-1,0,,,False,False,False,False,,,False,False,False,False,1881.0,1191.8080066319865,False,False,False,False,501.8661251288752,False,False,False,False
2024-12-16 17:00:00+00:00,35.15,35.2,35.05,35.08,0.0,,,,0.0,0.0,0.0,0.0,#000000,,37.7172804747075,,30.1366976265495,-15.52239004278782,False,True,False,True,False,0.0,36.413125,33.836875,-1,0,,,False,False,False,False,,,False,False,False,False,1881.0,1202.4931538159867,False,False,False,False,494.08525497183837,False,False,False,False
2024-12-16 18:00:00+00:00,35.075,35.13,34.915,35.13,0.0,,,,0.0,0.0,0.0,0.0,#000000,,37.7172804747075,,29.14798389734439,-16.511074931296413,False,True,False,True,False,0.0,36.3021875,33.7428125,-1,0,,,False,False,False,False,,,False,False,False,False,1881.0,1213.0126398033358,False,False,False,False,486.42501846064704,False,False,False,False
2024-12-16 19:00:00+00:00,35.125,35.13,34.88,34.9,50.0,,,,0.0,0.0,0.0,0.0,#000000,,37.710879438302776,,27.91339731622506,-17.763340968265425,False,True,False,True,False,0.0,36.230312500000004,33.7796875,-1,0,,,False,False,False,False,,,False,False,False,False,1831.0,1222.5938391862296,False,False,False,False,479.658739104668,False,False,False,False
2024-12-16 20:00:00+00:00,34.9,34.9,34.59,34.62,583.0,,,,0.0,0.0,0.0,0.0,#000000,,36.89916667143973,,26.428989580893035,-19.256416062090658,False,True,False,True,False,0.0,35.9571875,33.532812500000006,-1,0,,,False,False,False,False,,,False,False,False,False,1248.0,1222.9877331523344,False,False,False,False,481.26092919606845,False,False,False,False
2024-12-17 15:00:00+00:00,35.03,35.99,35.005,35.96,1464.0,,,,0.0,0.0,0.0,0.0,#000000,,36.97808979094049,,32.19164591174926,-22.477300963967664,False,True,False,True,True,0.0,35.9571875,34.0725,1,0,,,False,False,False,False,,,False,False,False,False,2712.0,1246.0731946538485,False,False,False,False,496.4971938596953,False,False,False,False
2024-12-17 16:00:00+00:00,35.94,36.01,35.74,35.9,300.0,,,,0.0,0.0,0.0,0.0,#000000,,36.97921902899572,,36.10823722808784,-19.003477426540595,False,True,False,True,True,0.0,37.3234375,34.4265625,1,0,,,False,False,False,False,,,False,False,False,False,2412.0,1264.1495792328585,False,False,False,False,493.45072573783955,False,False,False,False
2024-12-17 17:00:00+00:00,35.91,36.16,35.8,36.16,215.0,,,,0.0,0.0,0.0,0.0,#000000,,36.79386031499709,,39.93669064366192,-15.659547346102109,False,False,False,True,True,0.0,37.474374999999995,34.485625,1,0,,,False,False,False,False,,,False,False,False,False,2627.0,1285.279043120721,False,False,False,False,489.13366022252416,False,False,False,False
2024-12-17 18:00:00+00:00,36.14,36.14,35.85,35.85,100.0,,,,0.0,0.0,0.0,0.0,#000000,,36.787644558273556,,41.53354341680422,-14.376789120405718,False,False,False,True,True,0.0,37.502500000000005,34.487500000000004,1,0,,,False,False,False,False,,,False,False,False,False,2527.0,1304.5305308242757,False,False,False,False,483.1005802190741,False,False,False,False
2024-12-17 19:00:00+00:00,35.87,36.02,35.85,35.88,0.0,,,,0.0,0.0,0.0,0.0,#000000,,36.787644558273556,,42.80628725408063,-13.26405257926173,True,False,False,True,True,0.0,37.120000000000005,34.75,1,0,,,False,False,False,False,,,False,False,False,False,2527.0,1323.483545850256,False,False,False,False,475.6106487428094,False,False,False,False
2024-12-17 20:00:00+00:00,35.88,35.99,35.835,35.985,1459.0,,,,0.0,0.0,0.0,0.0,#000000,,36.7547849413579,,44.20382506864844,-11.925471876184794,True,False,False,True,True,0.0,37.0515625,34.7734375,1,0,,,False,False,False,False,,,False,False,False,False,3986.0,1364.7628707207946,False,False,False,False,490.85699527392865,False,False,False,False
2024-12-18 15:00:00+00:00,35.985,35.985,35.43,35.61,307.0,,,,0.0,0.0,0.0,0.0,#000000,,36.73497005191319,,43.694935875564525,-11.925471876184794,True,False,False,True,True,0.0,36.927187499999995,34.7734375,1,0,,,False,False,False,False,,,False,False,False,False,3679.0,1400.642516135976,False,False,False,False,488.00649922317007,False,False,False,False
2024-12-18 16:00:00+00:00,35.61,35.61,35.41,35.46,320.0,,,,0.0,0.0,0.0,0.0,#000000,,36.70813293436562,,42.76901162468394,-11.925471876184794,True,False,False,True,True,0.0,36.7296875,34.7734375,1,0,,,False,False,False,False,,,False,False,False,False,3359.0,1431.0046476687514,False,False,False,False,485.40174729722946,False,False,False,False
2024-12-18 17:00:00+00:00,35.46,35.52,35.35,35.52,9.0,,,,0.0,0.0,0.0,0.0,"rgba(239, 83, 80, 0.5)",2.323165852145853,36.707389826859185,-0.5111085055603835,42.44804352522313,-11.925471876184794,True,False,False,True,True,0.0,36.6471875,34.7734375,1,0,,,False,False,False,False,,,False,False,False,False,3368.0,1461.0355833638096,False,False,False,False,478.01567369572206,False,False,False,False
2024-12-18 18:00:00+00:00,35.52,35.53,35.44,35.49,108.0,,,,0.0,0.0,0.0,0.0,"rgba(239, 83, 80, 0.5)",2.321256364150263,36.699039171137024,-0.5208555116141219,42.08926399652939,-11.925471876184794,True,False,False,True,True,0.0,36.675625000000004,34.7734375,1,0,,,False,False,False,False,,,False,False,False,False,3260.0,1488.9265045519676,False,False,False,False,472.2789965841605,False,False,False,False
2024-12-18 19:00:00+00:00,35.46,35.46,34.72,34.73,113.0,,,,0.0,0.0,0.0,0.0,"rgba(239, 83, 80, 0.5)",2.3269959232940263,36.682501816117025,-0.8390654218908663,39.09391520306167,-11.925471876184794,True,False,False,True,False,0.0,36.174687500000005,34.7734375,-1,0,,,False,False,False,False,,,False,False,False,False,3147.0,1514.6330703728672,False,False,False,False,466.70877958285564,False,False,False,False
2024-12-18 20:00:00+00:00,34.73,34.75,34.05,34.33,903.0,,,,0.0,0.0,0.0,0.0,"rgba(239, 83, 80, 0.5)",2.3384340972169855,36.156846856927274,-0.781226573415706,35.88213473298493,-8.817581924565516,False,False,False,True,False,0.0,35.533437500000005,33.26656249999999,-1,0,,,False,False,False,False,,,False,False,False,False,2244.0,1525.941084785691,False,False,False,False,473.4729845505633,False,False,False,False
2024-12-19 15:00:00+00:00,34.91,34.985,34.455,34.72,600.0,,,,0.0,0.0,0.0,0.0,"rgba(239, 83, 80, 0.5)",2.3456936295270094,36.1245290932903,-0.5987691979934789,35.91657973032588,-8.893045138114715,False,False,False,True,False,0.0,35.533437500000005,33.49187499999999,-1,0,,,False,False,False,False,,,False,False,False,False,2844.0,1546.376106726998,False,False,False,False,475.4346437048181,False,False,False,False
2024-12-19 16:00:00+00:00,34.72,34.84,34.675,34.7,100.0,,,,0.0,0.0,0.0,0.0,"rgba(239, 83, 80, 0.5)",2.3531609812343044,36.118610325781795,-0.6028530717170433,35.87604982879539,-9.150699781290257,False,False,False,True,False,0.0,35.533437500000005,33.53875,-1,0,,,False,False,False,False,,,False,False,False,False,2744.0,1564.9439190258042,False,False,False,False,469.61395155435576,False,False,False,False
2024-12-19 17:00:00+00:00,34.69,34.76,34.5,34.5,797.0,,,,0.0,0.0,0.0,0.0,"rgba(239, 83, 80, 0.5)",2.364005832602062,36.053165697993045,-0.6570058654565478,35.181526489302655,-10.076273090576386,False,False,False,True,False,0.0,35.533437500000005,33.40937499999999,-1,0,,,False,False,False,False,,,False,False,False,False,1947.0,1570.8672691184274,False,False,False,False,474.6897042434355,False,False,False,False
2024-12-19 18:00:00+00:00,34.485,34.655,34.415,34.55,313.0,,,,0.0,0.0,0.0,0.0,"rgba(239, 83, 80, 0.5)",2.3734247065870515,36.0279198265553,-0.6226950543042618,35.01995952214666,-10.516555301162597,False,False,False,True,False,0.0,35.533437500000005,33.32749999999999,-1,0,,,False,False,False,False,,,False,False,False,False,2260.0,1581.551497504188,False,False,False,False,472.18288712338216,False,False,False,False
2024-12-19 19:00:00+00:00,34.555,34.565,34.345,34.36,392.0,,,,0.0,0.0,0.0,0.0,"rgba(239, 83, 80, 0.5)",2.3866640992235406,35.9927787181389,-0.6841258971759357,34.22709689252373,-11.560883996718232,False,True,False,True,False,0.0,35.446875,33.463125,-1,0,,,False,False,False,False,,,False,False,False,False,1868.0,1585.9925595583868,False,False,False,False,470.9397415865855,False,False,False,False
2024-12-19 20:00:00+00:00,34.36,34.425,34.23,34.35,946.0,,,,0.0,0.0,0.0,0.0,"rgba(239, 83, 80, 0.5)",2.3995230851225475,35.90990902573998,-0.6500912766422956,33.62437606532595,-12.405007831623863,False,True,False,True,False,0.0,35.30531250000001,33.349687499999995,-1,0,,,False,False,False,False,,,False,False,False,False,922.0,1575.6981012706597,False,False,False,False,478.3050169108245,False,False,False,False
2024-12-20 15:00:00+00:00,34.42,34.95,34.38,34.79,141.0,,,,0.0,0.0,0.0,0.0,#000000,2.4067648148238057,35.90397236917246,-0.4628505296035791,36.306659337191775,-12.405007831623863,False,False,False,True,True,0.0,35.30531250000001,33.642187500000006,-1,0,,,False,False,False,False,,,False,False,False,False,1063.0,1567.7492934990214,False,False,False,False,473.07548176492026,False,False,False,False
2024-12-20 16:00:00+00:00,34.795,35.05,34.775,34.965,0.0,,,,0.0,0.0,0.0,0.0,#000000,2.411451757049386,35.90397236917246,-0.3893805324645457,39.290844895772466,-14.727471339845614,True,False,False,True,True,0.0,35.30531250000001,33.89624999999999,-1,0,,,False,False,False,False,,,False,False,False,False,1063.0,1559.923723057176,False,False,False,False,465.7409781716657,False,False,False,False
2024-12-20 17:00:00+00:00,34.925,35.04,34.86,34.97,300.0,,,,0.0,0.0,0.0,0.0,#000000,2.416292963339644,35.76401583952971,-0.3286090931756371,41.4537128294589,-12.704133891244595,True,False,False,True,True,0.0,35.30531250000001,33.931875,-1,0,,,False,False,False,False,,,False,False,False,False,1363.0,1556.8706420795452,False,False,False,False,463.1713506031127,False,False,False,False
2024-12-20 18:00:00+00:00,34.965,34.965,34.755,34.905,0.0,,,,0.0,0.0,0.0,0.0,#000000,2.41192363137882,35.76401583952971,-0.356153830226639,42.61589836134588,-11.620197581637981,True,False,False,True,True,0.0,35.30531250000001,33.830625,-1,0,,,False,False,False,False,,,False,False,False,False,1363.0,1553.864895690715,False,False,False,False,455.9903994309714,False,False,False,False
2024-12-20 19:00:00+00:00,34.895,35.035,34.825,34.975,100.0,,,,0.0,0.0,0.0,0.0,#000000,2.4066725711789,35.76188418379371,-0.32695938501025806,43.955844889855626,-10.328583669782518,True,False,False,True,True,0.0,35.30531250000001,33.965312499999996,-1,0,,,False,False,False,False,,,False,False,False,False,1463.0,1552.4561376179909,False,False,False,False,450.4711684320416,False,False,False,False
2024-12-20 20:00:00+00:00,34.975,34.975,34.67,34.74,254.0,,,,0.0,0.0,0.0,0.0,#000000,2.4054192419887475,35.745649860021956,-0.4180767503923786,43.45455758436463,-10.328583669782518,True,False,False,True,True,0.0,35.30531250000001,33.838125000000005,-1,0,,,False,False,False,False,,,False,False,False,False,1209.0,1547.1312362595725,False,False,False,False,447.42510380518826,False,False,False,False
2024-12-23 15:00:00+00:00,33.26,33.26,33.13,33.13,100.0,,,,0.0,0.0,0.0,0.0,"rgba(239, 83, 80, 0.5)",2.4261222387004966,35.38227120041299,-0.9283420119916826,37.68895254437578,-7.737953122403255,False,True,False,True,False,0.0,34.449375,31.940625,-1,0,,,False,False,False,False,,,False,False,False,False,1109.0,1540.3385039144628,False,False,False,False,442.0386680872783,False,False,False,False
2024-12-23 16:00:00+00:00,33.13,33.13,33.13,33.13,0.0,,,,0.0,0.0,0.0,0.0,"rgba(239, 83, 80, 0.5)",2.4451970756441557,35.38227120041299,-0.9211000711751025,33.570663230098035,-11.409290795600143,False,True,False,True,False,0.0,34.3675,31.892500000000002,-1,0,,,False,False,False,False,,,False,False,False,False,1109.0,1533.6510852491222,False,False,False,False,435.1853554037546,False,False,False,False
2024-12-23 17:00:00+00:00,33.13,33.13,33.13,33.13,0.0,,,,0.0,0.0,0.0,0.0,"rgba(239, 83, 80, 0.5)",2.4663741085332607,35.38227120041299,-0.9131912278110955,30.629028005613925,-13.934852388801701,False,True,False,True,False,0.0,34.223125,32.036875,-1,0,,,False,False,False,False,,,False,False,False,False,1109.0,1527.0673474933217,False,False,False,False,428.438295630053,False,False,False,False
2024-12-23 18:00:00+00:00,33.13,33.13,33.13,33.13,0.0,,,,0.0,0.0,0.0,0.0,"rgba(239, 83, 80, 0.5)",2.4891449054565613,35.38227120041299,-0.9048373180186031,28.527859988125275,-15.722986372152981,False,True,False,True,False,0.0,34.091875,32.168125,-1,0,,,False,False,False,False,,,False,False,False,False,1109.0,1520.5856831910996,False,False,False,False,421.79584143423824,False,False,False,False
2024-12-23 19:00:00+00:00,33.13,33.13,33.13,33.13,0.0,,,,0.0,0.0,0.0,0.0,"rgba(239, 83, 80, 0.5)",2.5116882624895793,35.38227120041299,-0.8967160590942678,27.027025689919096,-17.04106511179441,False,True,False,True,False,0.0,33.9690625,32.290937500000005,-1,0,,,False,False,False,False,,,False,False,False,False,1109.0,1514.2045098082917,False,False,False,False,415.2563710244051,False,False,False,False
2024-12-23 20:00:00+00:00,33.13,33.13,33.13,33.13,0.0,,,,0.0,0.0,0.0,0.0,"rgba(239, 83, 80, 0.5)",2.5329449477057535,35.38227120041299,-0.8891907431517637,25.9550011912004,-18.061615908791204,False,True,False,True,False,0.0,33.938125,32.321875000000006,-1,0,,,False,False,False,False,,,False,False,False,False,1109.0,1507.9222693461477,False,False,False,False,408.8182877527089,False,False,False,False
2024-12-24 15:00:00+00:00,33.88,34.08,33.81,33.91,467.0,,,,0.0,0.0,0.0,0.0,#000000,2.5422274991938965,34.829240681587635,-0.36158867838504466,31.282002956649276,-18.061615908791204,False,True,False,True,True,0.0,33.938125,33.0075,-1,0,,,False,False,False,False,,,False,False,False,False,1576.0,1508.9777380384553,False,False,False,False,409.7203298030545,False,False,False,False
2024-12-24 16:00:00+00:00,33.92,34.03,33.89,33.98,104.0,,,,0.0,0.0,0.0,0.0,#000000,2.5510333059229007,34.8264416326684,-0.33180344243376314,35.509701474890804,-21.182213486794232,False,True,False,True,True,0.0,33.938125,33.041250000000005,1,0,,,False,False,False,False,,,False,False,False,False,1680.0,1511.6292459758436,False,False,False,False,404.9804797285885,False,False,False,False
2024-12-24 17:00:00+00:00,33.97,34.095,33.77,33.84,268.0,,,,0.0,0.0,0.0,0.0,#000000,2.5616322622200953,34.74094759650183,-0.35170840475010395,37.798939926748616,-19.17221581132864,False,False,False,True,True,0.0,34.870937500000004,33.041250000000005,1,0,,,False,False,False,False,,,False,False,False,False,1412.0,1510.0846065033497,False,False,False,False,402.8567513607034,False,False,False,False
2024-12-24 18:00:00+00:00,33.84,33.84,33.84,33.84,0.0,,,,0.0,0.0,0.0,0.0,#000000,2.578150889495998,34.74094759650183,-0.3494549524515827,39.434110249504194,-17.67358367301737,True,False,False,True,True,0.0,34.741875,33.041250000000005,1,0,,,False,False,False,False,,,False,False,False,False,1412.0,1508.5639149296544,False,False,False,False,396.6109102543359,False,False,False,False
2024-12-24 19:00:00+00:00,33.84,33.84,33.84,33.84,0.0,,,,0.0,0.0,0.0,0.0,#000000,2.5940041311517663,34.74094759650183,-0.34731926047542533,40.60208905147246,-16.5003186792294,True,False,False,True,True,0.0,34.629374999999996,33.05062500000001,1,0,,,False,False,False,False,,,False,False,False,False,1412.0,1507.0667999695047,False,False,False,False,390.4619038938036,False,False,False,False
2024-12-24 20:00:00+00:00,33.84,33.84,33.84,33.84,0.0,,,,0.0,0.0,0.0,0.0,#000000,2.60923388535188,34.74094759650183,-0.3452920037409097,41.43635962430694,-15.534610583959065,True,False,False,True,True,0.0,34.5778125,33.10218750000001,1,0,,,False,False,False,False,,,False,False,False,False,1412.0,1505.5928960940084,False,False,False,False,384.40823096521746,False,False,False,False
2024-12-25 15:00:00+00:00,33.84,33.84,33.84,33.84,0.0,,,,0.0,0.0,0.0,0.0,#000000,2.6240354950494247,34.74094759650183,-0.3433442871491569,42.032267176331565,-14.70344787601531,True,False,False,True,True,0.0,34.5440625,33.135937500000004,1,0,,,False,False,False,False,,,False,False,False,False,1412.0,1504.1418434413881,False,False,False,False,378.44841343087296,False,False,False,False
2024-12-25 16:00:00+00:00,33.84,33.84,33.84,33.84,0.0,,,,0.0,0.0,0.0,0.0,#000000,2.638342441351736,34.74094759650183,-0.3414824332053862,42.45791542777773,-13.962795480236188,True,False,False,True,True,0.0,34.503750000000004,33.17625,1,0,,,False,False,False,False,,,False,False,False,False,1412.0,1502.7132877291185,False,False,False,False,372.5809961683788,False,False,False,False
2024-12-25 17:00:00+00:00,33.84,33.84,33.84,33.84,0.0,,,,0.0,0.0,0.0,0.0,#000000,2.6519812294662723,34.74094759650183,-0.3397262342928238,42.761949893096414,-13.286991261573561,True,False,False,True,True,0.0,34.464375000000004,33.215625,1,0,,,False,False,False,False,,,False,False,False,False,1412.0,1501.3068801674267,False,False,False,False,366.8045466153807,False,False,False,False
2024-12-25 18:00:00+00:00,33.84,33.84,33.84,33.84,0.0,,,,0.0,0.0,0.0,0.0,#000000,2.523053576789711,34.74094759650183,-0.3570861930122703,42.97911736832405,-12.66172149294077,True,False,False,True,True,0.0,34.4071875,33.27281250000001,1,0,,,False,False,False,False,,,False,False,False,False,1412.0,1499.9222773741333,False,False,False,False,361.1176544197934,False,False,False,False
2024-12-25 19:00:00+00:00,33.84,33.84,33.84,33.84,0.0,,,,0.0,0.0,0.0,0.0,#000000,2.3656605043035293,34.74094759650183,-0.380843994674154,43.134236993486645,-12.07943416441968,True,False,False,True,True,0.0,34.105312500000004,33.5746875,1,0,,,False,False,False,False,,,False,False,False,False,1412.0,1498.5591412908134,False,False,False,False,355.5189310954555,False,False,False,False
2024-12-25 20:00:00+00:00,33.84,33.84,33.84,33.84,0.0,,,,0.0,0.0,0.0,0.0,#000000,2.189715329723304,34.74094759650183,-0.4114450788521789,43.24503672574564,-11.536399305908134,True,False,False,True,True,0.0,34.105312500000004,33.5746875,1,0,,,False,False,False,False,,,False,False,False,False,1412.0,1497.2171391002582,False,False,False,False,350.0070096831229,False,False,False,False
2024-12-26 15:00:00+00:00,34.11,34.23,34.02,34.215,100.0,,,,0.0,0.0,0.0,0.0,#000000,1.9986193365051461,34.713044202481,-0.24919412785823164,47.81413934086582,-6.915074292382201,True,False,False,False,True,0.0,34.4634375,33.7865625,1,0,,,False,False,False,False,,,False,False,False,False,1512.0,1497.4463307421145,False,False,False,False,346.1309320136171,False,False,False,False
2024-12-26 16:00:00+00:00,34.2,34.23,34.015,34.085,166.0,,,,0.0,0.0,0.0,0.0,#000000,1.8151383115592357,34.680053749524504,-0.32782832345891116,49.45423991355396,-5.244016167601636,True,False,True,False,True,0.0,34.50125,33.7865625,1,0,,,False,False,False,False,,,False,False,False,False,1346.0,1495.0983256143297,False,False,False,False,343.33820438549895,False,False,False,False
2024-12-26 17:00:00+00:00,34.105,34.175,34.02,34.04,425.0,,,,0.0,0.0,0.0,0.0,#000000,1.6240843934713325,34.67599967235936,-0.39160506369990394,50.08654095919138,-4.512401462337721,True,False,True,False,True,0.0,34.505312499999995,33.7865625,1,0,,,False,False,False,False,,,False,False,False,False,921.0,1486.197576379999,False,False,False,False,344.6042787361113,False,False,False,False
2024-12-26 18:00:00+00:00,34.04,34.1,33.955,34.03,11.0,,,,0.0,0.0,0.0,0.0,#000000,1.589985061406404,34.67556156467448,-0.4060173773604237,50.41211089432446,-4.017246135349296,True,False,True,False,True,0.0,34.4625,33.7865625,1,0,,,False,False,False,False,,,False,False,False,False,910.0,1477.2642806221695,False,False,False,False,339.43211937586153,False,False,False,False
2024-12-26 19:00:00+00:00,34.03,34.035,33.96,34.015,0.0,,,,0.0,0.0,0.0,0.0,#000000,1.552868569065916,34.67556156467448,-0.42538150222965937,50.441281813875804,-3.749700797258974,True,False,True,False,True,0.0,34.2684375,33.7865625,1,0,,,False,False,False,False,,,False,False,False,False,910.0,1468.4694855737637,False,False,False,False,334.169605897166,False,False,False,False
2024-12-26 20:00:00+00:00,34.015,34.055,33.97,33.975,171.0,,,,0.0,0.0,0.0,0.0,#000000,1.5091388272786683,34.666919413386196,-0.4584862577778137,49.89686971521661,-3.749700797258974,True,False,False,False,True,0.0,34.273125,33.7865625,1,0,,,False,False,False,False,,,False,False,False,False,739.0,1457.1598811462634,False,False,False,False,331.639844565427,False,False,False,False
2024-12-27 15:00:00+00:00,32.955,33.145,32.655,33.095,416.0,,,,0.0,0.0,0.0,0.0,"rgba(239, 83, 80, 0.5)",1.471310248332038,34.49315545247228,-0.9502791502045952,42.760191284024636,-2.9648295848946162,True,False,False,True,False,0.0,33.347187500000004,33.7865625,-1,0,,,False,False,False,False,,,False,False,False,False,323.0,1439.5760070199647,False,False,False,False,332.9477539520095,False,False,False,False
2024-12-27 16:00:00+00:00,33.095,33.185,33.02,33.025,101.0,,,,0.0,0.0,0.0,0.0,"rgba(239, 83, 80, 0.5)",1.4432237032621436,34.465483088243424,-0.9981010462809587,37.37181221921155,-7.800299523397463,False,False,False,True,False,0.0,33.347187500000004,32.62437500000001,-1,0,,,False,False,False,False,,,False,False,False,False,222.0,1420.6988596243061,False,False,False,False,329.3516647434512,False,False,False,False
2024-12-27 17:00:00+00:00,33.025,33.115,32.95,33.105,0.0,,,,0.0,0.0,0.0,0.0,"rgba(239, 83, 80, 0.5)",1.406018376720488,34.465483088243424,-0.9676140161245467,34.58471846269688,-10.105278802970211,False,True,False,True,False,0.0,33.347187500000004,32.5234375,-1,0,,,False,False,False,False,,,False,False,False,False,222.0,1402.1143811805182,False,False,False,False,324.24543738308756,False,False,False,False
2024-12-27 18:00:00+00:00,33.105,33.225,33.095,33.185,100.0,,,,0.0,0.0,0.0,0.0,"rgba(239, 83, 80, 0.5)",1.402500020073564,34.44343537738743,-0.8972801136369473,33.64819724266281,-10.776454943856578,False,True,False,True,False,0.0,33.347187500000004,32.6265625,-1,0,,,False,False,False,False,,,False,False,False,False,322.0,1385.3684217823707,False,False,False,False,320.7687639352877,False,False,False,False
2024-12-27 19:00:00+00:00,33.185,33.19,33.05,33.14,0.0,,,,0.0,0.0,0.0,0.0,"rgba(239, 83, 80, 0.5)",1.3915471977635705,34.44343537738743,-0.9366806813899309,32.70573974446167,-11.610977673729522,False,True,False,True,False,0.0,33.347187500000004,32.5603125,-1,0,,,False,False,False,False,,,False,False,False,False,322.0,1368.8820896617137,False,False,False,False,315.79560480450806,False,False,False,False
2024-12-27 20:00:00+00:00,33.135,33.135,32.935,32.99,300.0,,,,0.0,0.0,0.0,0.0,"rgba(239, 83, 80, 1.0)",1.3836933440146024,34.37385406986553,-1.0001161571323738,31.15835270676341,-13.112330051997468,False,True,False,True,False,0.0,33.347187500000004,32.436875,-1,0,,,False,False,False,False,,,False,False,False,False,22.0,1348.0001967987414,False,False,False,False,315.55071170676376,False,False,False,False
2024-12-30 15:00:00+00:00,31.885,31.96,31.67,31.86,2037.0,,,,0.0,0.0,0.0,0.0,"rgba(239, 83, 80, 1.0)",1.3993776061823802,33.7218482005773,-1.330483060720528,26.504089141859442,-17.505917507478365,False,True,False,True,False,0.0,32.660624999999996,30.969375000000003,-1,0,,,False,False,False,False,,,False,False,False,False,-2015.0,1295.8606588638772,False,False,False,False,342.23984795937207,False,False,False,False
2024-12-30 16:00:00+00:00,31.855,31.905,31.665,31.745,876.0,,,,0.0,0.0,0.0,0.0,"rgba(239, 83, 80, 1.0)",1.4068699620398946,33.244458746983824,-1.0658118997790522,22.97364895228465,-20.727517976118747,False,True,False,True,False,0.0,32.660624999999996,30.894375000000004,-1,0,,,False,False,False,False,,,False,False,False,False,-2891.0,1230.9480905093985,False,False,False,False,350.5151991538004,False,False,False,False
2024-12-30 17:00:00+00:00,31.745,31.87,31.73,31.81,540.0,,,,0.0,0.0,0.0,0.0,"rgba(239, 83, 80, 0.5)",1.4077786060327984,33.173312592177936,-0.9684140576761792,21.169689757230763,-22.341642795146925,False,True,False,True,False,0.0,32.660624999999996,30.883125000000003,-1,0,,,False,False,False,False,,,False,False,False,False,-2351.0,1175.4140115867722,False,False,False,False,353.4529480041291,False,False,False,False
2024-12-30 18:00:00+00:00,31.81,31.945,31.73,31.87,332.0,,,,0.0,0.0,0.0,0.0,"rgba(239, 83, 80, 0.5)",1.407024087847763,33.13648727387391,-0.9001176915252223,20.56823191629559,-22.941390483975823,False,True,False,True,False,0.0,32.660624999999996,30.880312500000002,-1,0,,,False,False,False,False,,,False,False,False,False,-2019.0,1125.88821295752,False,False,False,False,353.12034415910387,False,False,False,False
2024-12-30 19:00:00+00:00,31.9,31.96,31.79,31.885,479.0,,,,0.0,0.0,0.0,0.0,"rgba(239, 83, 80, 0.5)",1.3952047800872904,33.08997261858474,-0.8636528743180971,20.32067065226007,-23.34742230370482,False,True,False,True,False,0.0,32.660624999999996,30.9590625,-1,0,,,False,False,False,False,,,False,False,False,False,-1540.0,1084.556612756628,False,False,False,False,355.07196673028056,False,False,False,False
2024-12-30 20:00:00+00:00,31.875,31.9,31.69,31.69,1372.0,,,,0.0,0.0,0.0,0.0,"rgba(239, 83, 80, 0.5)",1.3843135027420346,32.96113769759921,-0.9182440936112771,19.574246712438587,-24.317579552329292,False,True,False,True,False,0.0,32.660624999999996,30.880000000000003,-1,0,,,False,False,False,False,,,False,False,False,False,-2912.0,1022.5944947293935,False,False,False,False,370.8382928274855,False,False,False,False
2024-12-31 15:00:00+00:00,32.085,32.3,31.945,32.085,859.0,,,,0.0,0.0,0.0,0.0,"rgba(239, 83, 80, 0.5)",1.3596194221079003,32.92588031703718,-0.6184674206356326,23.366928269810835,-24.317579552329292,False,True,False,True,True,0.0,32.660624999999996,31.122187500000003,-1,0,,,False,False,False,False,,,False,False,False,False,-2053.0,974.9108591521936,False,False,False,False,378.40669138829963,False,False,False,False
2024-12-31 16:00:00+00:00,32.08,32.12,31.835,31.925,200.0,,,,0.0,0.0,0.0,0.0,"rgba(239, 83, 80, 0.5)",1.3358674409610667,32.915248366480625,-0.7412774172923982,25.36489028175729,-24.317579552329292,False,True,False,True,True,0.0,32.660624999999996,30.950937500000002,-1,0,,,False,False,False,False,-0.33113349543482357,-0.33113349543482357,False,False,False,False,-2253.0,924.8657295529347,False,False,False,False,375.64069617297713,False,False,False,False
2024-12-31 17:00:00+00:00,31.94,31.945,31.77,31.865,0.0,,,,0.0,0.0,0.0,0.0,"rgba(239, 83, 80, 0.5)",1.3057440769900686,32.915248366480625,-0.804329412622421,26.52911948510325,-29.48239190737438,False,True,False,True,True,0.0,32.660624999999996,30.812187500000004,-1,0,0.9478924350981671,0.9892993393505171,False,False,False,False,-0.3384132860163315,-0.33477339072557755,False,False,False,False,-2253.0,875.5964934358349,False,False,False,False,369.8168094106054,False,False,False,False
2024-12-31 18:00:00+00:00,31.865,31.97,31.755,31.89,200.0,,,,0.0,0.0,0.0,0.0,"rgba(239, 83, 80, 0.5)",1.3143137249407464,32.90325243271003,-0.7709365073819902,27.636909638055073,-28.245408532736583,False,True,False,True,True,0.0,32.660624999999996,30.792812499999997,-1,0,0.9443408539996273,0.9916091739697935,False,False,False,False,-0.3381092752220757,-0.3364413329738266,False,False,False,False,-2053.0,830.1918966383801,False,False,False,False,367.1839906600533,False,False,False,False
2024-12-31 19:00:00+00:00,31.895,31.965,31.81,31.9,300.0,,,,0.0,0.0,0.0,0.0,"rgba(239, 83, 80, 0.5)",1.3165860677805792,32.886473126553575,-0.7492659619408802,28.547332218889636,-27.157739258278756,False,True,False,True,True,0.0,32.660624999999996,31.03625,-1,0,0.9414561387153912,0.9924489605667945,False,False,False,False,-0.33659012289838613,-0.3365157279361064,False,False,False,False,-1753.0,790.1424098687928,False,False,False,False,366.1423784017579,False,False,False,False
2024-12-31 20:00:00+00:00,31.875,32.005,31.86,31.88,212.0,,,,0.0,0.0,0.0,0.0,"rgba(239, 83, 80, 0.5)",1.3169239240068795,32.87548968035687,-0.7559204159098197,29.083051676668163,-26.385100899266497,False,True,False,True,True,0.0,32.660624999999996,31.085,-1,0,0.9410667661320405,0.9931928384931002,False,False,False,False,-0.3338594124089046,-0.3351875701725055,False,False,False,False,-1965.0,747.4270236692767,False,False,False,False,363.75257408545156,False,False,False,False
2025-01-01 15:00:00+00:00,31.88,31.88,31.88,31.88,0.0,,,,0.0,0.0,0.0,0.0,"rgba(239, 83, 80, 0.5)",1.312264609522585,32.87548968035687,-0.7586043798887797,29.465708432224254,-25.71791206481847,False,False,False,True,True,0.0,32.660624999999996,31.0634375,-1,0,0.9392523364485984,0.9968224299065428,False,False,False,False,-0.3370457110982559,-0.3361166406353807,False,False,False,False,-1965.0,705.3738915193653,False,False,False,False,358.112999293429,False,False,False,False
2025-01-01 16:00:00+00:00,31.88,31.88,31.88,31.88,0.0,,,,0.0,0.0,0.0,0.0,"rgba(239, 83, 80, 0.5)",1.3022652232597511,32.87548968035687,-0.7644292902677866,29.73903468619289,-25.12578181897663,False,False,False,True,True,0.0,32.660624999999996,31.0878125,-1,0,0.938221763214722,0.9999061121021506,False,False,False,False,-0.3370457110982559,-0.3365811758668183,False,False,False,False,-1965.0,663.9727459144138,False,False,False,False,352.56085976949987,False,False,False,False
2025-01-01 17:00:00+00:00,31.88,31.88,31.88,31.88,0.0,,,,0.0,0.0,0.0,0.0,"rgba(239, 83, 80, 0.5)",1.2884541789179895,32.87548968035687,-0.7726232695312911,29.934267724741918,-24.59029274747337,False,False,False,True,True,0.0,32.645937499999995,31.1140625,-1,0,0.9389125295508276,1.0013238770685586,False,False,False,False,-0.3370457110982559,-0.33681344348253706,False,False,False,False,-1965.0,623.2134785358958,False,False,False,False,347.09479992811225,False,False,False,False
2025-01-01 18:00:00+00:00,31.88,31.88,31.88,31.88,0.0,,,,0.0,0.0,0.0,0.0,"rgba(239, 83, 80, 0.5)",1.2965590879202262,32.87548968035687,-0.7677935310713137,30.07371989513408,-24.100490444167466,False,False,False,True,True,0.0,32.6075,31.1525,-1,0,0.9353419416547107,1.008608321377332,False,False,False,False,-0.3370457110982559,-0.33692957729039646,False,False,False,False,-1965.0,583.0861377834012,False,False,False,False,341.7134852005446,False,False,False,False
2025-01-01 19:00:00+00:00,31.88,31.88,31.88,31.88,0.0,,,,0.0,0.0,0.0,0.0,"rgba(239, 83, 80, 0.5)",1.3064383430320026,32.87548968035687,-0.7619874949831342,30.173328588271335,-23.649933484843174,True,False,False,True,True,0.0,32.36,31.4,-1,0,0.930895479412612,1.0049908820424232,False,False,False,False,-0.3370457110982559,-0.33698764419432614,False,False,False,False,-1965.0,543.5809263448989,False,False,False,False,336.41560170906325,False,False,False,False
2025-01-01 20:00:00+00:00,31.88,31.88,31.88,31.88,0.0,,,,0.0,0.0,0.0,0.0,"rgba(239, 83, 80, 0.5)",1.3153691188860182,32.87548968035687,-0.7568139361519671,30.244477654797947,-23.234797709199604,True,False,False,True,True,0.0,32.315,31.445,-1,0,0.9319341484547993,1.003369596611149,False,False,False,False,-0.3370457110982559,-0.337016677646291,False,False,False,False,-1965.0,504.6881988046679,False,False,False,False,331.199855946132,False,False,False,False
2025-01-02 15:00:00+00:00,31.295,31.48,31.075,31.35,486.0,,,,0.0,0.0,0.0,0.0,"rgba(239, 83, 80, 1.0)",1.3332740133200882,32.82619877175665,-1.1071983380825474,26.80215512641863,-23.234797709199604,False,False,False,True,False,0.0,31.8371875,30.7178125,-1,0,0.9281704880601276,1.0006659689848738,False,False,False,False,-0.34282825441539394,-0.3399224660308425,False,False,False,False,-2451.0,458.8635755673862,False,False,False,False,333.5998581795253,False,False,False,False
2025-01-02 16:00:00+00:00,31.37,31.39,31.12,31.255,302.0,,,,0.0,0.0,0.0,0.0,"rgba(239, 83, 80, 1.0)",1.3544303579714445,32.79635114867094,-1.1380069411464224,23.961645386979043,-22.500126619124835,False,True,False,True,False,0.0,31.825000000000003,30.685000000000002,-1,0,0.9298927995446354,1.0004743382980748,False,False,False,False,-0.34282825441539394,-0.3413753602231182,False,False,False,False,-2753.0,409.0672410624654,False,False,False,False,333.10993789767224,False,False,False,False
2025-01-02 17:00:00+00:00,31.255,31.32,30.925,31.035,1208.0,,,,0.0,0.0,0.0,0.0,"rgba(239, 83, 80, 1.0)",1.3820131614345932,32.675521322017374,-1.187051880399198,21.17370450169958,-25.079288058101657,False,True,False,True,False,0.0,31.7346875,30.510312500000005,-1,0,0.9355431001159645,1.0011596443757251,False,False,False,False,-0.34282825441539394,-0.3421018073192561,False,False,False,False,-3961.0,341.3142605808768,False,False,False,False,346.67412490701065,False,False,False,False
2025-01-02 18:00:00+00:00,31.04,31.065,30.835,30.94,1522.0,,,,0.0,0.0,0.0,0.0,"rgba(239, 83, 80, 1.0)",1.3868707078745373,32.53540308556721,-1.1503618012181256,18.899743464337632,-27.122850155756574,False,True,False,True,False,0.0,31.565937500000004,30.3340625,-1,0,0.9363451678436686,0.9999032601335015,False,False,False,False,-0.34282825441539394,-0.34246503086732505,False,False,False,False,-5483.0,251.0148146803981,False,False,False,False,364.8962314975996,False,False,False,False
2025-01-02 19:00:00+00:00,30.945,30.96,30.8,30.815,1674.0,,,,0.0,0.0,0.0,0.0,"rgba(239, 83, 80, 1.0)",1.3930142248486515,32.40076091329319,-1.1383666333094906,16.929810857444313,-28.87910595894295,False,True,False,True,False,0.0,31.411562500000002,30.348437500000003,-1,0,0.9308340598663181,1.0056185217475546,False,False,False,False,-0.34282825441539394,-0.34264664264135947,False,False,False,False,-7157.0,136.1618718171361,False,False,False,False,385.1924139550012,False,False,False,False
2025-01-02 20:00:00+00:00,30.815,30.88,30.75,30.81,2132.0,,,,0.0,0.0,0.0,0.0,"rgba(239, 83, 80, 0.5)",1.3892307742575387,31.995305704429896,-0.8532100831579783,15.50895438371963,-30.149590034605552,False,True,False,True,False,0.0,31.3175,30.312499999999996,-1,0,0.9305124223602486,1.0063082298136652,False,False,False,False,-0.34282825441539394,-0.34273744852837673,False,False,False,False,-9289.0,-9.964668831191602,False,False,False,False,412.27470211073756,False,False,False,False
2025-01-03 15:00:00+00:00,30.93,31.105,30.865,31.105,200.0,,,,0.0,0.0,0.0,0.0,"rgba(239, 83, 80, 0.5)",1.383096919991562,31.98766655499044,-0.6381812743794013,19.69099710935097,-30.149590034605552,False,True,False,True,True,0.0,31.3175,30.459999999999997,-1,0,0.9329782082324456,0.9990314769975793,False,False,False,False,-0.3332576884828276,-0.33799756850560214,False,False,False,False,-9089.0,-150.72490652373125,False,False,False,False,408.98362145785785,False,False,False,False
2025-01-03 16:00:00+00:00,31.1,31.325,31.08,31.32,299.0,,,,0.0,0.0,0.0,0.0,#000000,1.3688946451606872,31.980949727080258,-0.48283462092341844,25.51408028900247,-29.745924316799154,True,False,False,True,True,0.0,31.3175,30.671875,1,0,0.937191043908113,0.9965106135504515,False,False,False,False,-0.3210980300492912,-0.3295477992774467,False,False,False,False,-8790.0,-284.6671560349912,False,False,False,False,407.27844903215464,False,False,False,False
2025-01-03 17:00:00+00:00,31.315,31.36,31.245,31.34,78.0,,,,0.0,0.0,0.0,0.0,#000000,1.348521105200517,31.979546019998068,-0.4742573308876553,29.91881057688165,-25.969238213585825,True,False,False,True,True,0.0,31.825625000000002,30.779375,1,0,0.9348846304262809,1.0046929996089171,False,False,False,False,-0.3155382414565251,-0.3225430203669859,False,False,False,False,-8712.0,-415.32347919723935,False,False,False,False,402.173356799098,False,False,False,False
2025-01-03 18:00:00+00:00,31.34,31.39,31.235,31.285,60.0,,,,0.0,0.0,0.0,0.0,"rgba(239, 83, 80, 0.5)",1.3360768946690604,31.978396758902893,-0.518979679739648,32.57913190041719,-23.803195217738768,True,False,False,True,True,0.0,31.8375,30.7875,1,0,0.9343636897192605,0.9996087254230661,False,False,False,False,-0.3149833049711633,-0.31876316266907456,False,False,False,False,-8772.0,-544.8843554887551,False,False,False,False,396.868343515391,False,False,False,False
2025-01-03 19:00:00+00:00,31.285,31.335,31.26,31.295,0.0,,,,0.0,0.0,0.0,0.0,"rgba(239, 83, 80, 0.5)",1.3245520235396993,31.978396758902893,-0.5159455776426196,34.622460549344815,-22.09610593050111,True,False,False,True,True,0.0,31.8365625,30.7875,1,0,0.9362389813907936,0.9985308521057792,False,False,False,False,-0.3158157802482383,-0.31728947145865644,False,False,False,False,-8772.0,-672.4365360238131,False,False,False,False,390.715345941509,False,False,False,False
2025-01-03 20:00:00+00:00,31.295,31.345,31.21,31.345,204.0,,,,0.0,0.0,0.0,0.0,#000000,1.3081365261971774,31.974342010449888,-0.481098110056922,36.828691866565514,-20.120599933115564,True,False,False,True,True,0.0,31.841874999999998,30.7875,1,0,0.9369607843137256,0.9975490196078436,False,False,False,False,-0.3169264070196778,-0.31710793923916714,False,False,False,False,-8568.0,-794.8483726746067,False,False,False,False,387.82053437652434,False,False,False,False
2025-01-06 15:00:00+00:00,31.82,32.095,30.815,31.06,946.0,,,,0.0,0.0,0.0,0.0,"rgba(239, 83, 80, 0.5)",1.2951268747198732,31.767411350592607,-0.546210077484197,35.818326123206084,-20.120599933115564,True,False,False,True,True,0.0,32.259375,30.7875,1,0,0.9286741443773371,0.9841817658901355,False,False,False,False,-0.3070956536498952,-0.3121017964445312,False,False,False,False,-9514.0,-930.0290180594965,False,False,False,False,396.47447957998907,False,False,False,False
2025-01-06 16:00:00+00:00,31.06,31.19,30.725,30.835,101.0,,,,0.0,0.0,0.0,0.0,"rgba(239, 83, 80, 0.5)",1.301375917742188,31.76090352797854,-0.711480453384238,33.607283739502975,-20.120599933115564,True,False,False,True,False,0.0,31.849062500000002,30.7875,1,0,0.926084474885845,1.001712328767124,False,False,False,False,-0.33480184036123045,-0.32345181840288084,False,False,False,False,-9615.0,-1064.6797309577987,False,False,False,False,391.89347989657836,False,False,False,False
2025-01-06 17:00:00+00:00,30.835,30.835,30.155,30.21,440.0,,,,0.0,0.0,0.0,0.0,"rgba(239, 83, 80, 1.0)",1.3273507177562263,31.71442165284984,-1.1334017699503987,29.43177842646789,-13.371587511446968,True,False,False,True,False,0.0,31.5140625,30.7875,-1,0,0.9134115836059266,1.017702520685011,False,False,False,False,-0.34282825441539394,-0.33314003640913736,False,False,False,False,-10055.0,-1204.064541330546,False,False,False,False,392.6393174175616,False,False,False,False
2025-01-06 18:00:00+00:00,30.21,30.415,30.07,30.335,599.0,,,,0.0,0.0,0.0,0.0,"rgba(239, 83, 80, 0.5)",1.3406324882190896,31.658668836816638,-0.9873465311697859,27.987506544454966,-14.777021490960834,True,False,False,True,False,0.0,31.326249999999998,29.15875,-1,0,0.9092829029471058,1.0245752135931656,False,False,False,False,-0.34282825441539394,-0.3379841454122656,False,False,False,False,-9456.0,-1332.0015251858865,False,False,False,False,395.83870784519627,False,False,False,False
2025-01-06 19:00:00+00:00,30.34,30.46,30.3,30.36,0.0,,,,0.0,0.0,0.0,0.0,"rgba(239, 83, 80, 0.5)",1.3510186247140938,31.658668836816638,-0.9612516164175502,27.267250994133505,-15.611270312147383,False,False,False,True,False,0.0,31.326249999999998,29.417187500000004,-1,0,0.9150427186330038,1.0219832965345115,False,False,False,False,-0.3354059459358042,-0.3366950456740349,False,False,False,False,-9456.0,-1457.9549899116869,False,False,False,False,389.7016736150382,False,False,False,False
2025-01-06 20:00:00+00:00,30.36,30.44,30.23,30.29,280.0,,,,0.0,0.0,0.0,0.0,"rgba(239, 83, 80, 0.5)",1.3642745060756516,31.637083889840234,-0.987399444789989,26.443554440220602,-16.643306332827173,False,False,False,True,False,0.0,31.2865625,29.383437500000003,-1,0,0.9144062110610562,1.0215661842231387,False,False,False,False,-0.3378311095193478,-0.3372630775966914,False,False,False,False,-9736.0,-1586.2967730138312,False,False,False,False,388.00087247371977,False,False,False,False
2025-01-07 15:00:00+00:00,30.27,30.61,30.145,30.245,100.0,,,,0.0,0.0,0.0,0.0,"rgba(239, 83, 80, 1.0)",1.3751927072167072,31.629824406149847,-1.007003890351217,25.651933024218472,-17.70567112794369,False,False,False,True,False,0.0,31.2865625,29.412812499999998,-1,0,0.9136025909697085,1.0180986854638983,False,False,False,False,-0.33554057726726727,-0.33640182743197933,False,False,False,False,-9836.0,-1714.19914862602,False,False,False,False,383.53574266792566,False,False,False,False
2025-01-07 16:00:00+00:00,30.245,30.32,30.115,30.175,200.0,,,,0.0,0.0,0.0,0.0,"rgba(239, 83, 80, 1.0)",1.3887164726615269,31.613804665710905,-1.0360679764627416,24.764880618099568,-18.89132973148872,False,True,False,True,False,0.0,31.177500000000002,29.2575,-1,0,0.9160399809614469,1.0212279866730134,False,False,False,False,-0.34282825441539394,-0.33961504092368666,False,False,False,False,-10036.0,-1843.2193168643762,False,False,False,False,380.6902272777252,False,False,False,False
2025-01-07 17:00:00+00:00,30.18,30.24,30.1,30.17,138.0,,,,0.0,0.0,0.0,0.0,"rgba(239, 83, 80, 1.0)",1.4001479973254412,31.60280537617971,-1.0233242335214912,24.107293632978696,-19.877699595240216,False,True,False,True,False,0.0,31.12625,29.213750000000005,-1,0,0.8993816750983697,1.0601461495222042,False,False,False,False,-0.34282825441539394,-0.34122164766954033,False,False,False,False,-10174.0,-1972.3787073005874,False,False,False,False,376.92758809512486,False,False,False,False
2025-01-07 18:00:00+00:00,30.165,30.205,30.065,30.105,268.0,,,,0.0,0.0,0.0,0.0,"rgba(239, 83, 80, 1.0)",1.4017568063484374,31.58143163129172,-1.0532723112918643,23.31324151586133,-21.00098566752965,False,True,False,True,False,0.0,31.093124999999997,29.176875,-1,0,0.8810366480191804,1.065532595045097,False,False,False,False,-0.34282825441539394,-0.3420249510424671,False,False,False,False,-10442.0,-2103.690665326935,False,False,False,False,375.23878827969656,False,False,False,False
2025-01-07 19:00:00+00:00,30.105,30.225,30.09,30.1,201.0,,,,0.0,0.0,0.0,0.0,"rgba(239, 83, 80, 1.0)",1.396443842553444,31.56626896596639,-1.050002099107163,22.720114586333544,-21.93125817781653,False,True,False,True,False,0.0,31.085624999999997,29.229375,-1,0,0.8660325464130185,1.0685308274123313,False,False,False,False,-0.3415878982316376,-0.34180642463705235,False,False,False,False,-10643.0,-2236.083058112564,False,False,False,False,372.5374117172206,False,False,False,False
2025-01-07 20:00:00+00:00,30.1,30.11,29.855,29.875,690.0,,,,0.0,0.0,0.0,0.0,"rgba(239, 83, 80, 1.0)",1.3930145934833837,31.50945589723534,-1.17332288181433,21.240181007358593,-23.67056581284433,False,True,False,True,False,0.0,30.9125,29.052500000000002,-1,0,0.8687694255784504,1.0666513180614716,False,False,False,False,-0.34282825441539394,-0.3423173395262231,False,False,False,False,-11333.0,-2377.120530079811,False,False,False,False,377.45931231075207,False,False,False,False
2025-01-08 15:00:00+00:00,29.22,29.495,29.205,29.43,154.0,,,,0.0,0.0,0.0,0.0,"rgba(239, 83, 80, 1.0)",1.3991127239841794,31.29130488110801,-1.3303466183966024,18.806479735109356,-26.222947661881634,False,True,False,True,False,0.0,30.3840625,28.315937500000004,-1,0,0.8745515565328086,1.0729082282143276,False,False,False,False,-0.34282825441539394,-0.34257279697080856,False,False,False,False,-11487.0,-2518.3589714739223,False,False,False,False,373.99482684856986,False,False,False,False
2025-01-08 16:00:00+00:00,29.43,29.68,29.355,29.615,209.0,,,,0.0,0.0,0.0,0.0,"rgba(239, 83, 80, 1.0)",1.3947226208781454,31.27816046528502,-1.1924668320342158,19.850968847806953,-26.222947661881634,False,True,False,True,False,0.0,30.3840625,28.4515625,-1,0,0.8847583643122674,1.0521607806691455,False,False,False,False,-0.3297076899968888,-0.3361402434838487,False,False,False,False,-11278.0,-2654.167359513086,False,False,False,False,371.43676751758426,False,False,False,False
2025-01-08 17:00:00+00:00,29.615,29.63,29.41,29.53,141.0,,,,0.0,0.0,0.0,0.0,"rgba(239, 83, 80, 1.0)",1.3949682679073672,31.266042074316317,-1.2445029139771069,20.254384232769787,-26.222947661881634,False,True,False,True,False,0.0,30.3840625,28.426875000000003,-1,0,0.8884487605417833,1.049706107845643,False,False,False,False,-0.32951269824863333,-0.332826470866241,False,False,False,False,-11419.0,-2790.05623766017,False,False,False,False,367.8641044552961,False,False,False,False
2025-01-08 18:00:00+00:00,29.54,29.675,29.52,29.55,533.0,,,,0.0,0.0,0.0,0.0,"rgba(239, 83, 80, 1.0)",1.4204432501958808,31.224173301963212,-1.1786273768644688,20.849171257851108,-26.222947661881634,False,True,False,True,True,0.0,30.3840625,28.500625,-1,0,0.8895119153816741,1.0415445393143878,False,False,False,False,-0.3234798545006782,-0.3281531626834596,False,False,False,False,-10886.0,-2915.5747456034233,False,False,False,False,370.42435089784965,False,False,False,False
2025-01-08 19:00:00+00:00,29.55,29.715,29.54,29.67,643.0,,,,0.0,0.0,0.0,0.0,"rgba(239, 83, 80, 1.0)",1.4411723581049474,31.17870421007809,-1.0468589697778707,23.105456250577696,-26.222947661881634,False,True,False,True,True,0.0,30.3840625,28.737812499999997,-1,0,0.8898650369238601,1.0430353959765728,False,False,False,False,-0.32115067800169184,-0.32465192034257573,False,False,False,False,-10243.0,-3029.178237919649,False,False,False,False,374.65032995369694,False,False,False,False
2025-01-08 20:00:00+00:00,29.68,29.76,29.63,29.68,613.0,,,,0.0,0.0,0.0,0.0,"rgba(239, 83, 80, 0.5)",1.4599189845472418,31.139637672960127,-0.9998073101383762,24.8699573420327,-29.44488359938269,False,True,False,True,True,0.0,30.3840625,28.868125,-1,0,0.8909160500127582,1.0447818321000257,False,False,False,False,-0.3155778763948045,-0.3201148983686901,False,False,False,False,-9630.0,-3131.5165598123676,False,False,False,False,378.34567367534504,False,False,False,False
2025-01-09 15:00:00+00:00,29.68,29.68,29.68,29.68,0.0,,,,0.0,0.0,0.0,0.0,"rgba(239, 83, 80, 0.5)",1.4769766172583556,31.139637672960127,-0.9882605153692862,26.130315264500553,-28.14771561663008,False,True,False,True,True,0.0,30.379375,28.980625,-1,0,0.8967251160391951,1.0468024755028371,False,False,False,False,-0.31658500586935207,-0.31834995211902106,False,False,False,False,-9630.0,-3232.2682410555867,False,False,False,False,372.47984927727765,False,False,False,False
2025-01-09 16:00:00+00:00,29.68,29.68,29.68,29.68,0.0,,,,0.0,0.0,0.0,0.0,"rgba(239, 83, 80, 0.5)",1.4924031711388286,31.139637672960127,-0.9780451430201007,27.030570923406167,-27.17808452962634,False,False,False,True,True,0.0,30.3146875,29.045312499999998,-1,0,0.8959469992205765,1.0440374123148874,False,False,False,False,-0.3136816611120726,-0.31601580661554685,False,False,False,False,-9630.0,-3331.4578807291437,False,False,False,False,366.7049678931338,False,False,False,False
2025-01-09 17:00:00+00:00,29.68,29.68,29.68,29.68,0.0,,,,0.0,0.0,0.0,0.0,"rgba(239, 83, 80, 0.5)",1.5062487621018443,31.139637672960127,-0.9690548531461198,27.67361067976732,-26.423546943087345,False,False,False,True,True,0.0,30.2846875,29.0753125,-1,0,0.9056629458208546,1.040974680098013,False,False,False,False,-0.3136816611120726,-0.31484873386380974,False,False,False,False,-9630.0,-3429.1096965317925,False,False,False,False,361.01961955370535,False,False,False,False
2025-01-09 18:00:00+00:00,29.68,29.68,29.68,29.68,0.0,,,,0.0,0.0,0.0,0.0,"rgba(239, 83, 80, 0.5)",1.5064030842547609,31.139637672960127,-0.9689555791650752,28.13292479145386,-25.811270024671888,False,False,False,True,True,0.0,30.2453125,29.1146875,-1,0,0.8973970527475551,1.0482027268971221,False,False,False,False,-0.3136816611120726,-0.31426519748794113,False,False,False,False,-9630.0,-3525.2475306940905,False,False,False,False,355.42241614977195,False,False,False,False
2025-01-09 19:00:00+00:00,29.68,29.68,29.68,29.68,0.0,,,,0.0,0.0,0.0,0.0,"rgba(239, 83, 80, 0.5)",1.503012464508685,31.139637672960127,-0.9711414292477366,28.46100629980139,-25.294743503565854,True,False,False,True,True,0.0,30.158125,29.201875,-1,0,0.8935050547015646,1.045700041545493,False,False,False,False,-0.3136816611120726,-0.3139734293000068,False,False,False,False,-9630.0,-3619.8948557996086,False,False,False,False,349.9119910931863,False,False,False,False
2025-01-09 20:00:00+00:00,29.68,29.68,29.68,29.68,0.0,,,,0.0,0.0,0.0,0.0,"rgba(239, 83, 80, 0.5)",1.5002346423083237,31.139637672960127,-0.9729395867797507,28.695350234335336,-24.8447372546228,True,False,False,True,True,0.0,30.119687499999998,29.2403125,-1,0,0.89314572304263,1.0462524380050158,False,False,False,False,-0.3136816611120726,-0.3138275452060397,False,False,False,False,-9630.0,-3713.074780515894,False,False,False,False,344.48699898321445,False,False,False,False
2025-01-10 15:00:00+00:00,27.94,28.18,27.87,28.01,1016.0,,,,0.0,0.0,0.0,0.0,"rgba(255, 0, 0, 1.0)",1.5362575914824268,30.968324927329014,-1.9256698510269676,22.926073846092997,-23.30116689229495,False,True,False,True,False,0.0,28.7778125,27.272187499999998,-1,0,0.8868959978583857,1.0500602329005493,False,False,False,False,-0.34282825441539394,-0.32832789981071686,False,False,False,False,-10646.0,-3820.561993221074,False,False,False,False,354.89805326254447,False,False,False,False
2025-01-10 16:00:00+00:00,28.015,28.065,27.835,27.835,702.0,,,,0.0,0.0,0.0,0.0,"rgba(255, 0, 0, 1.0)",1.5729430784131782,30.863640939405947,-1.9254612458457874,18.621470953307313,-27.19027412582805,False,True,False,True,False,0.0,28.719687500000003,27.180312500000003,-1,0,0.8817146684527795,1.0550569323509715,False,False,False,False,-0.34282825441539394,-0.33557807711305543,False,False,False,False,-11348.0,-3937.2664584424524,False,False,False,False,360.2794787933577,False,False,False,False
2025-01-10 17:00:00+00:00,27.835,27.95,27.815,27.95,339.0,,,,0.0,0.0,0.0,0.0,"rgba(255, 0, 0, 1.0)",1.6013278892872016,30.816887405081424,-1.790318787464297,16.911060958259995,-28.585951716831147,False,True,False,True,False,0.0,28.6521875,27.1128125,-1,0,0.8869176598049836,1.0593174431202605,False,False,False,False,-0.34282825441539394,-0.3392031657642247,False,False,False,False,-11009.0,-4046.9057381565226,False,False,False,False,359.9495643934607,False,False,False,False
2025-01-10 18:00:00+00:00,27.945,27.98,27.86,27.97,471.0,,,,0.0,0.0,0.0,0.0,"rgba(255, 0, 0, 1.0)",1.6248143289630348,30.756238587612376,-1.7148042936023156,15.934381912387837,-29.387759653986276,False,True,False,True,False,0.0,28.6521875,27.175625,-1,0,0.8791598472449533,1.0630114566284783,False,False,False,False,-0.3399895110945284,-0.33959633842937653,False,False,False,False,-10538.0,-4147.542858495181,False,False,False,False,361.67127657340706,False,False,False,False
2025-01-10 19:00:00+00:00,27.97,27.975,27.895,27.93,956.0,,,,0.0,0.0,0.0,0.0,"rgba(255, 0, 0, 1.0)",1.645283868822946,30.64311948028001,-1.649028190023528,15.155256331653488,-30.110460345095543,False,True,False,True,False,0.0,28.56875,27.301250000000003,-1,0,0.8768661827146964,1.0624571976441588,False,False,False,False,-0.3388534616815288,-0.3392249000554527,False,False,False,False,-11494.0,-4261.441418828589,False,False,False,False,370.88567538622243,False,False,False,False
2025-01-10 20:00:00+00:00,27.92,27.92,27.68,27.75,1711.0,,,,0.0,0.0,0.0,0.0,"rgba(239, 83, 80, 1.0)",1.6666076512074024,30.217598473434258,-1.4806115114415586,14.241261165928279,-31.040613165972093,False,True,False,True,False,0.0,28.419687500000002,27.1803125,-1,0,0.8699808795411088,1.062141491395794,False,False,False,False,-0.34282825441539394,-0.3410265772354233,False,False,False,False,-13205.0,-4400.101241792487,False,False,False,False,391.66264165930426,True,False,False,False
2025-01-13 15:00:00+00:00,27.75,27.75,27.75,27.75,0.0,,,,0.0,0.0,0.0,0.0,"rgba(239, 83, 80, 1.0)",1.6836977270389202,30.217598473434258,-1.4655828263033683,13.588407476124559,-31.7813420218167,False,True,False,True,False,0.0,28.3284375,27.1715625,-1,0,0.8724482805863815,1.065214412933279,False,False,False,False,-0.34282825441539394,-0.34192741582540864,False,False,False,False,-13205.0,-4536.61130005927,False,False,False,False,385.5903526413305,True,False,False,False
2025-01-13 16:00:00+00:00,27.75,28.06,27.75,27.92,750.0,,,,0.0,0.0,0.0,0.0,"rgba(239, 83, 80, 1.0)",1.6923610832313607,30.15533512787716,-1.3208381769267894,15.579329596700186,-31.7813420218167,False,True,False,True,True,0.0,28.3284375,27.2975,-1,0,0.8731026938329,1.0596198550526466,False,False,False,False,-0.3297003556859292,-0.33581388575566895,False,False,False,False,-12455.0,-4659.377016337421,False,False,False,False,391.2401146158835,False,False,False,False
2025-01-13 17:00:00+00:00,27.92,28.04,27.915,28.04,0.0,,,,0.0,0.0,0.0,0.0,"rgba(239, 83, 80, 1.0)",1.6944284693777503,30.15533512787716,-1.2484062715577364,18.60164545282616,-36.1122927783269,False,True,False,True,True,0.0,28.3284375,27.379375,-1,0,0.8866379310344824,1.0600574712643684,False,False,False,False,-0.32359758461085597,-0.32970573518326246,False,False,False,False,-12455.0,-4780.239388177151,False,False,False,False,385.17437640478454,False,False,False,False
2025-01-13 18:00:00+00:00,28.04,28.285,28.0,28.24,204.0,,,,0.0,0.0,0.0,0.0,"rgba(239, 83, 80, 1.0)",1.6790464099740763,30.142375678953883,-1.1330095866636922,23.175247853088404,-31.863478434681603,True,False,False,True,True,0.0,28.3284375,27.5153125,-1,0,0.8838114458699723,1.0580942770650144,False,False,False,False,-0.3097941158371701,-0.3197499255102163,False,False,False,False,-12251.0,-4896.065134096885,False,False,False,False,382.36547134424524,False,False,False,False
2025-01-13 19:00:00+00:00,28.215,28.225,28.14,28.18,100.0,,,,0.0,0.0,0.0,0.0,"rgba(239, 83, 80, 1.0)",1.66446248932752,30.136060983641613,-1.1751907875267924,26.08220820329906,-29.284347422756653,True,False,False,True,True,0.0,28.3284375,27.536562500000002,-1,0,0.8792556260819385,1.059578765147144,False,False,False,False,-0.3064651609392802,-0.31310754322474826,False,False,False,False,-12351.0,-5011.645519614763,False,False,False,False,377.987712098598,False,False,False,False
2025-01-13 20:00:00+00:00,28.16,28.2,28.08,28.09,1127.0,,,,0.0,0.0,0.0,0.0,"rgba(239, 83, 80, 1.0)",1.6490747801814862,30.062302419052177,-1.1960054466633214,27.6188062751459,-27.954387463316134,True,False,False,True,True,0.0,28.3284375,27.4715625,-1,0,0.8766628108733369,1.0631868131868136,False,False,False,False,-0.31000239594285967,-0.31155496958380396,False,False,False,False,-13478.0,-5142.906829388176,False,False,False,False,389.6003057094725,False,False,False,False
2025-01-14 15:00:00+00:00,29.45,29.74,29.415,29.6,1438.0,,,,0.0,0.0,0.0,0.0,#000000,1.6072967149004305,30.074565837158424,-0.29525714372397094,38.725730105493255,-17.76172837082261,True,False,False,True,True,0.0,28.3284375,28.5996875,1,0,0.8793725707940031,1.051360355358135,False,False,False,False,-0.1938745869958833,-0.2527147782898436,False,False,False,False,-12040.0,-5249.838506451926,False,False,False,False,405.8545645356822,False,False,False,False
2025-01-14 16:00:00+00:00,29.6,29.75,29.515,29.545,5757.0,,,,0.0,0.0,0.0,0.0,#000000,1.5630706006776178,30.053662875282388,-0.3254253998903647,46.27799316984206,-11.2935194498926,True,False,False,False,True,0.0,30.654374999999998,28.610625000000002,1,0,0.8815533980582523,1.0515950069348134,False,False,False,False,-0.18126830510485334,-0.21699154169734847,False,False,False,False,-17797.0,-5444.368142010811,False,False,False,False,488.81805965916,False,False,False,False
2025-01-14 17:00:00+00:00,29.545,29.645,29.525,29.625,733.0,,,,0.0,0.0,0.0,0.0,#000000,1.5157428737947096,30.04851436808849,-0.27941042996838167,51.982157065941045,-6.607198127516725,True,False,True,False,True,0.0,30.629375,28.610625000000002,1,0,0.9012487440792306,1.0541122434333292,False,False,False,False,-0.18519971042598635,-0.20109562606166742,False,False,False,False,-17064.0,-5624.517473142427,False,False,False,False,492.6038261760722,False,False,False,False
2025-01-14 18:00:00+00:00,29.62,29.675,29.555,29.61,546.0,,,,0.0,0.0,0.0,0.0,#000000,1.4892844675296963,30.044869112047458,-0.29199868898705683,55.93589354970267,-3.451181604891346,True,False,True,False,True,0.0,30.681875,28.610625000000002,1,0,0.908590467912502,1.0395480225988705,False,False,False,False,-0.1827160665692412,-0.19190584631545432,False,False,False,False,-17610.0,-5810.33890766735,False,False,False,False,493.4316738322571,False,False,False,False
2025-01-14 19:00:00+00:00,29.61,29.675,29.5,29.5,414.0,,,,0.0,0.0,0.0,0.0,#000000,1.463444375930096,30.041340024504482,-0.36990816556347206,57.840129871246575,-1.9988517510819932,True,False,True,False,True,0.0,30.3478125,28.827187499999997,1,0,0.9030110017371163,1.0357556456282575,False,False,False,False,-0.18499265420896752,-0.18844925026221093,False,False,False,False,-18024.0,-5999.697994370182,False,False,False,False,492.2001750131524,False,False,False,False
2025-01-14 20:00:00+00:00,29.515,29.62,29.405,29.61,1129.0,,,,0.0,0.0,0.0,0.0,#000000,1.4326987323431415,30.031271044128943,-0.29404021558668186,59.74587871225815,-0.292434204350144,True,False,True,False,True,0.0,30.270000000000003,28.827187499999997,1,0,0.904169079328315,1.0353213665315582,False,False,False,False,-0.19121125066061043,-0.18983025046141067,False,False,False,False,-16895.0,-6168.617405310179,False,False,False,False,502.0730405168244,False,False,False,False
2025-01-15 15:00:00+00:00,30.145,30.35,30.13,30.15,400.0,,,,0.0,0.0,0.0,0.0,#000000,1.3950993603414816,30.03577199303095,0.08187804411371112,63.29861535323414,3.1046585654227172,True,False,True,False,True,0.0,31.110937500000002,29.369062500000002,1,0,0.9123608335712245,1.0282614901512992,False,False,False,False,-0.1314307899615621,-0.16063052021148638,False,False,False,False,-16495.0,-6328.71636026661,False,False,False,False,500.4905127568736,False,False,False,False
2025-01-15 16:00:00+00:00,30.165,30.23,30.065,30.135,11.0,,,,0.0,0.0,0.0,0.0,#000000,1.3565382213361818,30.035870640192265,0.0730752427381627,65.70098765099786,5.481912616365378,True,False,True,False,True,0.0,31.026875,29.369062500000002,1,0,0.9184463236348,1.025225741722804,False,False,False,False,-0.1389714871490441,-0.14980100368026522,False,False,False,False,-16506.0,-6486.5037035182895,False,False,False,False,492.9015125590926,False,False,False,False
2025-01-15 17:00:00+00:00,30.135,30.24,30.09,30.22,3.0,,,,0.0,0.0,0.0,0.0,#000000,1.3198251044385738,30.03590114533066,0.1394873108946144,67.73455427731864,7.612435325606818,True,False,True,False,True,0.0,31.057499999999997,29.369062500000002,1,0,0.9153423436803804,1.0634189811376804,False,False,False,False,-0.13754368943048326,-0.14367234655537425,False,False,False,False,-16503.0,-6641.798219742812,False,False,False,False,485.3061402713547,False,False,False,False
2025-01-15 18:00:00+00:00,30.23,30.32,30.225,30.29,1.0,,,,0.0,0.0,0.0,0.0,#000000,1.3067167369520514,30.035914181178924,0.19444598177699646,69.45399642777227,9.53709121420954,True,False,True,False,True,0.0,31.136875,29.408125000000002,1,0,0.8968502761606211,1.0618002686968206,False,False,False,False,-0.12878492311916953,-0.13622863483727188,False,False,False,False,-16502.0,-6794.669565173156,False,False,False,False,477.79751794156624,False,False,False,False
2025-01-15 19:00:00+00:00,30.29,30.4,30.29,30.36,302.0,,,,0.0,0.0,0.0,0.0,#000000,1.295083304566062,30.040433634069128,0.24675352141764129,70.9553374089295,11.331299576583945,True,False,True,False,True,0.0,31.229999999999997,29.46,1,0,0.8962249962400363,1.0643705820424125,False,False,False,False,-0.12288900518036798,-0.12955882000881994,False,False,False,False,-16200.0,-6940.488641682099,False,False,False,False,475.0719750277435,False,False,False,False
2025-01-15 20:00:00+00:00,30.35,30.45,30.29,30.38,1170.0,,,,0.0,0.0,0.0,0.0,#000000,1.2820380628493757,30.05748733854328,0.25156246979120434,72.10951301685212,12.860008393923437,True,False,True,False,True,0.0,31.226874999999996,29.513125,1,0,0.8948481643752831,1.0631515334642696,False,False,False,False,-0.11929824461300453,-0.12442853231091223,False,False,False,False,-15030.0,-7065.9074224312135,False,False,False,False,485.8460529342901,False,False,False,False
2025-01-16 15:00:00+00:00,30.03,30.14,29.91,29.92,200.0,,,,0.0,0.0,0.0,0.0,#000000,1.2677264070939078,30.058028732523837,-0.10887895980667305,68.16396741599415,12.860008393923437,True,False,True,False,False,0.0,30.9465625,29.513125,1,0,0.8862105105554722,1.0610869890702204,False,False,False,False,-0.14710092633926675,-0.13576472932508948,False,False,False,False,-15230.0,-7192.48250115321,False,False,False,False,481.41433118337085,False,False,False,False
2025-01-16 16:00:00+00:00,29.92,30.105,29.92,30.1,200.0,,,,0.0,0.0,0.0,0.0,#000000,1.2521268500629772,30.058841317973116,0.03287101624313524,66.3875230204718,12.860008393923437,True,False,True,False,False,0.0,30.915312500000002,29.513125,1,0,0.8870605833956619,1.061181750186986,False,False,False,False,-0.1433201458387963,-0.1395424375819429,False,False,False,False,-15030.0,-7313.994400360137,False,False,False,False,477.0513182968069,False,False,False,False
2025-01-16 17:00:00+00:00,30.1,30.33,30.06,30.25,536.0,,,,0.0,0.0,0.0,0.0,#000000,1.2394149557079006,30.063462980792664,0.15050408932720497,65.92544445231951,12.860008393923437,True,False,True,False,False,0.0,31.1296875,29.513125,1,0,0.9025347012673507,1.0547676523838265,False,False,False,False,-0.12266045818559569,-0.1311014478837693,False,False,False,False,-14494.0,-7425.312316633623,False,False,False,False,477.9652513464688,False,False,False,False
2025-01-16 18:00:00+00:00,30.245,30.28,30.165,30.19,1218.0,,,,0.0,0.0,0.0,0.0,#000000,1.2185041043230986,30.073021871487164,0.09600142346489739,65.01026087227578,12.860008393923437,True,False,True,False,False,0.0,31.15625,29.513125,1,0,0.906065648162154,1.045076387838451,False,False,False,False,-0.11959736186167287,-0.1253494048727211,False,False,False,False,-15712.0,-7553.788094670311,False,False,False,False,489.43865830233744,False,False,False,False
2025-01-16 19:00:00+00:00,30.2,30.29,30.19,30.29,1101.0,,,,0.0,0.0,0.0,0.0,#000000,1.2002885839183297,30.0820273481384,0.17326887437575605,64.94012853834316,12.860008393923437,True,False,True,False,False,0.0,30.883125000000003,29.596875,1,0,0.9084432317720175,1.0421403668334095,False,False,False,False,-0.11808296085050855,-0.12171618286161481,False,False,False,False,-14611.0,-7663.202232737437,False,False,False,False,498.9202294914485,False,False,False,False
2025-01-16 20:00:00+00:00,30.29,30.335,30.245,30.245,2033.0,,,,0.0,0.0,0.0,0.0,#000000,1.1825336671206694,30.09748299619486,0.12474655724967919,64.40141953186304,12.860008393923437,True,False,True,False,False,0.0,30.9059375,29.674062499999998,1,0,0.9073821433985144,1.041079278459906,False,False,False,False,-0.10195948414967047,-0.11183783350564264,False,False,False,False,-16644.0,-7802.439407423679,False,False,False,False,522.7044119799532,False,False,False,False
2025-01-17 15:00:00+00:00,32.425,32.86,31.885,32.35,1996.0,,,,0.0,0.0,0.0,0.0,"rgba(0, 255, 255, 0.75)",1.1932039237295478,30.308457374213603,1.7109754545603855,70.09719842088181,13.155186423042302,True,False,True,False,True,11.018520211643047,33.456250000000004,31.288750000000004,1,0,0.9338214183175423,1.007177720356015,False,False,False,False,0.09400509179319705,-0.008916370856222794,False,False,False,False,-14648.0,-7908.572129789203,False,False,False,False,545.5462040422794,False,False,False,False
2025-01-17 16:00:00+00:00,32.35,32.35,31.98,32.09,757.0,,,,0.0,0.0,0.0,0.0,"rgba(38, 166, 154, 1.0)",1.1973061429726255,30.338286518691284,1.4630455974773777,72.41661367571837,15.528693105231696,True,False,True,False,True,8.886684049263707,33.295625,31.288750000000004,1,0,0.9553623188405799,1.0014492753623192,False,False,False,False,0.07484778574382767,0.032965707443802436,False,False,False,False,-15405.0,-8024.795817699448,False,False,False,False,548.8245574679804,False,False,False,False
2025-01-17 17:00:00+00:00,32.09,32.155,31.965,31.97,1407.0,,,,0.0,0.0,0.0,0.0,"rgba(38, 166, 154, 1.0)",1.199171515807605,30.388472364331115,1.318850235200737,73.27910491510605,16.548204692845616,True,False,True,False,True,7.918858693249529,33.1934375,31.288750000000004,1,0,0.9460849125899808,1.017775819009843,False,False,False,False,0.06517545628276443,0.04907058186328343,False,False,False,False,-16812.0,-8161.0315414560455,False,False,False,False,562.1296030886319,False,False,False,False
2025-01-17 18:00:00+00:00,31.97,32.09,31.925,32.03,192.0,,,,0.0,0.0,0.0,0.0,"rgba(38, 166, 154, 1.0)",1.2023219202859046,30.395203078082364,1.3596998393981643,74.02973248267723,17.53229132222799,True,False,True,False,True,8.311412700181794,33.1315625,31.288750000000004,1,0,0.9384457176436023,1.0154252974878804,False,False,False,False,0.060343966776524115,0.05470727431990377,False,False,False,False,-16620.0,-8292.178339262928,False,False,False,False,556.3911596298934,False,False,False,False
2025-01-17 19:00:00+00:00,32.06,32.24,32.045,32.12,100.0,,,,0.0,0.0,0.0,0.0,"rgba(38, 166, 154, 1.0)",1.2074593608515745,30.399118262471827,1.4252088255082134,74.77698824600782,18.559884597106844,True,False,True,False,True,8.90344172763577,33.1671875,31.288750000000004,1,0,0.9465940856260114,1.008238928939238,False,False,False,False,0.07277402801779502,0.06374065116884939,False,False,False,False,-16520.0,-8419.741465785983,False,False,False,False,549.315327697647,False,False,False,False
2025-01-17 20:00:00+00:00,32.12,32.125,31.985,32.05,1331.0,,,,0.0,0.0,0.0,0.0,"rgba(38, 166, 154, 1.0)",1.211013617587336,30.44633972069841,1.3242297658852982,74.75091181378446,18.899011279909516,True,False,True,False,True,8.316423540036734,33.075,31.288750000000004,1,0,0.9471742658993653,1.0085583591559688,False,False,False,False,0.06471518702647192,0.06422791909766065,False,False,False,False,-17851.0,-8565.962528331936,False,False,False,False,561.434469903885,False,False,False,False
2025-01-20 15:00:00+00:00,32.05,32.05,32.05,32.05,0.0,,,,0.0,0.0,0.0,0.0,"rgba(38, 166, 154, 1.0)",1.2145531859253533,30.44633972069841,1.3203705674525703,74.73228579076778,19.29499915523938,True,False,True,False,True,8.316423540036734,33.041875,31.288750000000004,1,0,0.9508391504529926,1.008168721223823,False,False,False,False,0.06425494514987681,0.06424143212376873,False,False,False,False,-17851.0,-8709.916597660123,False,False,False,False,552.7300595177782,False,False,False,False
2025-01-20 16:00:00+00:00,32.05,32.05,32.05,32.05,0.0,,,,0.0,0.0,0.0,0.0,"rgba(38, 166, 154, 1.0)",1.218078193913047,30.44633972069841,1.3165495345991425,74.718981488613,19.71954821941037,True,False,True,False,True,8.316423540036734,33.023125,31.288750000000004,1,0,0.9539886465491486,1.0040334628025098,False,False,False,False,0.06425494514987681,0.06424818863682277,False,False,False,False,-17851.0,-8851.638820952214,False,False,False,False,544.1606012306808,False,False,False,False
2025-01-20 17:00:00+00:00,32.05,32.05,32.05,32.05,0.0,,,,0.0,0.0,0.0,0.0,"rgba(38, 166, 154, 1.0)",1.2215887675961585,30.44633972069841,1.3127660648495216,74.70947841564531,20.15219120778835,True,False,True,False,True,8.316423540036734,33.0025,31.288750000000004,1,0,0.9494980225129295,1.0209917858229391,False,False,False,False,0.06425494514987681,0.06425156689334979,False,False,False,False,-17851.0,-8991.163800472335,False,False,False,False,535.724002761988,False,False,False,False
2025-01-20 18:00:00+00:00,32.05,32.05,32.05,32.05,0.0,,,,0.0,0.0,0.0,0.0,"rgba(38, 166, 154, 1.0)",1.233864660325428,30.44633972069841,1.2997051709695824,74.70269050638267,20.578474826684342,True,False,True,False,True,8.316423540036723,32.9725,31.288750000000004,1,0,0.936953520478601,1.0242368461420466,False,False,False,False,0.06425494514987681,0.0642532560216133,False,False,False,False,-17851.0,-9128.5256020154,False,False,False,False,527.418204269554,False,False,False,False
2025-01-20 19:00:00+00:00,32.05,32.05,32.05,32.05,0.0,,,,0.0,0.0,0.0,0.0,"rgba(38, 166, 154, 1.0)",1.2471651638599957,30.44633972069841,1.2858443498680097,74.6978419997665,20.98852794128527,True,False,True,False,True,8.316423540036723,32.884375,31.288750000000004,1,0,0.9339811815517506,1.024062933826932,False,False,False,False,0.06535752023090222,0.06480538812625776,False,False,False,False,-17851.0,-9263.757763224463,False,False,False,False,519.2411778467703,False,False,False,False
2025-01-20 20:00:00+00:00,32.05,32.05,32.05,32.05,0.0,,,,0.0,0.0,0.0,0.0,"rgba(38, 166, 154, 1.0)",1.2626175549587744,30.44633972069841,1.2701077004698758,74.69437878075495,21.3759387481591,True,False,True,False,True,8.316423540036723,32.849687499999995,31.288750000000004,1,0,0.9369565217391302,1.022049689440994,False,False,False,False,0.06535752023090222,0.06508145417858,False,False,False,False,-17851.0,-9396.893301779122,False,False,False,False,511.19092702744047,False,False,False,False
2025-01-21 15:00:00+00:00,32.08,32.17,31.76,31.99,836.0,,,,0.0,0.0,0.0,0.0,"rgba(38, 166, 154, 1.0)",1.2773928720442795,30.47290563413369,1.1876489990416366,73.81802531728223,21.3759387481591,True,False,True,False,True,7.744835205058404,32.790937500000005,31.288750000000004,1,0,0.9262345679012344,1.0203703703703704,False,False,False,False,0.0634253092520013,0.06425338171529064,False,False,False,False,-18687.0,-9540.925963767042,False,False,False,False,516.2267266084103,False,False,False,False
2025-01-21 16:00:00+00:00,31.99,32.46,31.97,32.43,0.0,,,,0.0,0.0,0.0,0.0,"rgba(0, 255, 255, 0.75)",1.3021350174246857,30.47290563413369,1.5029888142759418,75.20506376504956,22.347532302031894,True,False,True,False,True,11.02890136539856,33.111250000000005,31.31875,1,0,0.937854841184594,1.0095135798680375,False,False,False,False,0.13303818707834308,0.09864578439681687,False,False,False,False,-18687.0,-9682.725561228017,False,False,False,False,508.22321146719463,False,False,False,False
2025-01-21 17:00:00+00:00,32.43,32.61,32.375,32.535,100.0,,,,0.0,0.0,0.0,0.0,"rgba(38, 166, 154, 1.0)",1.3285400677855728,30.597896281810463,1.458069474275113,76.56869770558123,23.795182926574967,True,False,True,False,True,11.780605836011564,33.4140625,31.5709375,1,0,0.954501762255687,0.9975969240628005,False,False,False,False,0.1624010519582734,0.13052341817754515,False,False,False,False,-18587.0,-9820.776327720605,False,False,False,False,501.89416942894354,False,False,False,False
2025-01-21 18:00:00+00:00,32.53,32.565,32.46,32.49,0.0,,,,0.0,0.0,0.0,0.0,"rgba(38, 166, 154, 1.0)",1.3508121614404713,30.597896281810463,1.4007156377477739,76.90198433398972,24.23608266592973,True,False,True,False,True,11.336938854285833,33.436875,31.588125,1,0,0.9573686731598272,0.9948906274948112,False,False,False,False,0.16452746273373967,0.14752544045564242,False,False,False,False,-18587.0,-9956.686772252067,False,False,False,False,494.1128644765568,False,False,False,False
2025-01-21 19:00:00+00:00,32.49,32.525,32.375,32.44,109.0,,,,0.0,0.0,0.0,0.0,"rgba(38, 166, 154, 1.0)",1.3692852676283807,30.600595548852663,1.343331805747977,76.4041029409395,24.23608266592973,True,False,True,False,True,10.839370933669219,32.9121875,31.987812500000004,1,0,0.9548704910217699,0.9961862386778964,False,False,False,False,0.15788723393241128,0.15270633719402685,False,False,False,False,-18696.0,-10092.180000589244,False,False,False,False,488.14212239164897,False,False,False,False
2025-01-21 20:00:00+00:00,32.44,32.515,32.325,32.35,112.0,,,,0.0,0.0,0.0,0.0,"rgba(38, 166, 154, 1.0)",1.385248219861918,30.60347507023155,1.2608028689201605,74.72633337406923,24.23608266592973,True,False,True,False,False,9.940254954830813,32.8484375,31.9915625,1,0,0.9535618385721053,0.9965250355394095,False,False,False,False,0.1547048574065026,0.15370559730026473,False,False,False,False,-18808.0,-10227.30899282817,False,False,False,False,482.3104615793753,False,False,False,False
2025-01-22 15:00:00+00:00,31.57,32.04,31.57,31.69,2015.0,,,,0.0,0.0,0.0,0.0,"rgba(38, 166, 154, 0.5)",1.3901539223869817,30.61327524775207,0.7745363552254171,66.84061275875837,19.9756779250159,False,True,True,False,False,3.7665434980802885,32.3440625,31.9915625,-1,0,0.9394172961307228,1.0016956990904888,False,False,False,False,0.09005441200523313,0.12188000465274892,False,False,False,False,-20823.0,-10391.58327200913,False,False,False,False,506.07309008202066,False,False,False,False
2025-01-22 16:00:00+00:00,31.67,31.945,31.59,31.93,350.0,,,,0.0,0.0,0.0,0.0,"rgba(38, 166, 154, 0.5)",1.3985355371418455,30.62128151677061,0.9357777821677588,62.97821221372185,16.752382270449743,False,True,True,False,False,5.637227541539769,32.342187499999994,31.1928125,-1,0,0.9406831351021652,1.0045745654162856,False,False,False,False,0.086141844185861,0.10401092441930496,False,False,False,False,-20473.0,-10547.884306551623,False,False,False,False,503.65335225129166,False,False,False,False
2025-01-22 17:00:00+00:00,31.93,32.005,31.895,31.96,100.0,,,,0.0,0.0,0.0,0.0,"rgba(38, 166, 154, 0.5)",1.4067926430503261,30.624181048567234,0.9495492871901376,60.43083396456839,14.756270325532185,False,True,True,False,False,5.868793383733152,32.342187499999994,31.394062500000004,-1,0,0.9486697965571204,1.0112676056338028,False,False,False,False,0.10521000641750557,0.10461046541840527,False,False,False,False,-20373.0,-10700.211681643845,False,False,False,False,497.3951607435197,False,False,False,False
2025-01-22 18:00:00+00:00,31.96,32.195,31.91,32.14,807.0,,,,0.0,0.0,0.0,0.0,"rgba(38, 166, 154, 1.0)",1.4205214973115703,30.650978481345916,1.0482217421363595,59.85476817138104,14.490882827469704,False,True,True,False,False,7.253507263355285,32.342187499999994,31.469375000000003,-1,0,0.9468764605078672,1.0037389001402088,False,False,False,False,0.11595216280553955,0.11028131411197241,False,False,False,False,-19566.0,-10837.665764098978,False,False,False,False,502.19523577075194,False,False,False,False
2025-01-22 19:00:00+00:00,32.14,32.155,32.005,32.02,100.0,,,,0.0,0.0,0.0,0.0,"rgba(38, 166, 154, 0.5)",1.4333396647670698,30.654058908002828,0.9529779476375217,58.35905321817806,13.206778640423444,False,True,True,False,False,6.147787036304308,32.342187499999994,31.46875,-1,0,0.9533208020050125,1.0070488721804514,False,False,False,False,0.1188386413439889,0.11455997772798066,False,False,False,False,-19666.0,-10974.539163105195,False,False,False,False,495.9596507200426,False,False,False,False
2025-01-22 20:00:00+00:00,32.02,32.055,31.92,31.99,209.0,,,,0.0,0.0,0.0,0.0,"rgba(38, 166, 154, 0.5)",1.4466185859905556,30.659829479018324,0.9195032704981151,57.01678285044467,11.98865701810319,False,True,True,False,False,5.870458431336317,32.342187499999994,31.3509375,-1,0,0.9486819528934641,1.0021837466853847,False,False,False,False,0.10913712854877329,0.11184855313837697,False,False,False,False,-19875.0,-11112.530803987285,False,False,False,False,491.5106638871737,False,False,False,False
2025-01-23 15:00:00+00:00,31.685,31.845,31.575,31.575,1364.0,,,,0.0,0.0,0.0,0.0,"rgba(38, 166, 154, 0.5)",1.4538955066111612,30.680959327321773,0.614927736286989,52.82637852685392,8.095559845580276,False,True,False,False,False,2.1487066708166616,32.342187499999994,30.995625,-1,0,0.9388666461348938,1.0041576840160151,False,False,False,False,0.08014763764007346,0.09599809538922521,False,False,False,False,-21239.0,-11269.530326406086,False,False,False,False,505.03763033853534,False,False,False,False
2025-01-23 16:00:00+00:00,31.575,32.055,31.46,31.745,225.0,,,,0.0,0.0,0.0,0.0,"rgba(38, 166, 154, 0.5)",1.4630043351558002,30.75441403114481,0.6770902485054485,51.261954853282575,6.721601963083472,False,True,False,True,False,3.5236804872299032,32.342187499999994,30.931562500000002,-1,0,0.9364887343112053,0.9977317405111148,False,False,False,False,0.08509894184029004,0.09054851861475763,False,False,False,False,-21014.0,-11420.607375609092,False,False,False,False,500.6959616511162,False,False,False,False
2025-01-23 17:00:00+00:00,31.75,31.77,31.59,31.735,0.0,,,,0.0,0.0,0.0,0.0,"rgba(38, 166, 154, 0.5)",1.4716668339913932,30.75441403114481,0.6663097558539682,50.06900144732346,5.608672387261578,False,True,False,True,False,3.4348236013104767,32.342187499999994,30.8203125,-1,0,0.9407429688674988,1.0063167393593024,False,False,False,False,0.07702253258736805,0.08378552560106284,False,False,False,False,-21014.0,-11569.342144979493,False,False,False,False,492.933233563502,False,False,False,False
2025-01-23 18:00:00+00:00,31.73,31.86,31.7,31.805,404.0,,,,0.0,0.0,0.0,0.0,"rgba(38, 166, 154, 0.5)",1.4808546199426145,30.763401177531513,0.7033768260849605,49.83983211303439,5.300292853426946,False,True,False,True,False,4.008633376742377,32.342187499999994,30.890312500000004,-1,0,0.9443197126178715,1.0035922766052987,False,False,False,False,0.08744573529520545,0.08561563044813414,False,False,False,False,-20610.0,-11709.507383041826,False,False,False,False,491.554423740812,False,False,False,False
2025-01-23 19:00:00+00:00,31.805,32.025,31.805,31.99,784.0,,,,0.0,0.0,0.0,0.0,"rgba(38, 166, 154, 0.5)",1.492048483017779,30.7870744807403,0.8062241495173741,51.226749602899986,5.300292853426946,False,True,False,False,False,5.511182673060816,32.342187499999994,31.0609375,-1,0,0.9478066914498141,0.9986617100371751,False,False,False,False,0.10154760964472838,0.09358162004643125,False,False,False,False,-19826.0,-11835.344477878387,False,False,False,False,496.08846368281496,False,False,False,False
2025-01-23 20:00:00+00:00,31.99,32.205,31.965,32.17,2144.0,,,,0.0,0.0,0.0,0.0,"rgba(38, 166, 154, 0.5)",1.505401574630796,30.85188550827977,0.8755899515008158,53.54719561594145,5.300292853426946,False,True,False,False,True,6.941331847906657,32.342187499999994,31.277812500000003,-1,0,0.9529012254540086,0.9933559722427289,False,False,False,False,0.11936366605902746,0.10647264305272935,False,False,False,False,-17682.0,-11925.990299926783,False,False,False,False,521.6374797497481,False,False,False,False
2025-01-24 15:00:00+00:00,32.84,33.49,32.81,33.425,879.0,,,,0.0,0.0,0.0,0.0,"rgba(0, 255, 255, 0.75)",1.5436588190236624,30.912556163052848,1.6275901164068278,60.323032965176935,4.569926205857222,False,True,True,False,True,15.633934562063253,32.342187499999994,32.13937500000001,1,0,0.9604945289185732,0.9732840699161577,False,False,False,False,0.2331959386438576,0.1698342908482935,False,False,False,False,-16803.0,-12001.60285341629,False,False,False,False,527.1779839396744,False,False,False,False
2025-01-24 16:00:00+00:00,33.415,34.065,33.395,33.895,1051.0,,,,0.0,0.0,0.0,0.0,"rgba(0, 255, 255, 0.75)",1.592231837775267,30.995075275125778,1.8212955274943639,66.1610600161697,9.801533736365698,False,False,True,False,True,18.396652560124384,34.846562500000005,32.6134375,1,0,0.9775484590712594,0.9577464788732399,False,False,False,False,0.2975903115027363,0.2337123011755149,False,False,False,False,-15752.0,-12059.748545611388,False,False,False,False,535.2992555065011,False,False,False,False
2025-01-24 17:00:00+00:00,33.895,34.37,33.87,34.21,76.0,,,,0.0,0.0,0.0,0.0,"rgba(0, 255, 255, 0.75)",1.6456360335611677,31.001557018675197,1.9496674330724952,70.89051323942746,13.892394698454666,True,False,True,False,True,20.0,35.302187499999995,32.9378125,1,0,0.9908244126233837,0.9552342555262062,False,False,False,False,0.34253770273587353,0.28812500195569424,False,False,False,False,-15676.0,-12115.814459632917,False,False,False,False,528.1783368164778,False,False,False,False
2025-01-24 18:00:00+00:00,34.205,34.315,34.11,34.14,637.0,,,,0.0,0.0,0.0,0.0,"rgba(0, 255, 255, 0.75)",1.6898333384424895,31.054351729489614,1.8260074531103831,73.69517644984,16.214261308325973,True,False,True,False,True,19.48173027298723,35.397499999999994,33.0275,1,0,0.9976359338061468,0.9567514949242112,False,False,False,False,0.3428282429545413,0.31547662245511776,False,False,False,False,-16313.0,-12180.887103669615,False,False,False,False,529.8654943852146,False,False,False,False
2025-01-24 19:00:00+00:00,34.15,34.45,34.105,34.425,0.0,,,,0.0,0.0,0.0,0.0,"rgba(0, 255, 255, 0.75)",1.7402254772619805,31.054351729489614,1.9369031855651613,76.23888990016219,18.418526419120838,True,False,True,False,True,20.0,35.3809375,33.174062500000005,1,0,0.9973716973301978,0.951722229907318,False,False,False,False,0.342828243068667,0.3291524327618924,False,False,False,False,-16313.0,-12244.950869504193,False,False,False,False,521.6505254800174,False,False,False,False
2025-01-24 20:00:00+00:00,34.425,34.6,34.38,34.495,1208.0,,,,0.0,0.0,0.0,0.0,"rgba(0, 255, 255, 0.75)",1.7880300826822104,31.156065215866995,1.8673817719690102,78.18411596302398,20.18315461543466,True,False,True,False,True,20.0,35.568125,33.411875,1,0,1.0067642186637218,0.9456101601325236,False,False,False,False,0.3428282434264087,0.3359903380941506,False,False,False,False,-15105.0,-12289.292716488624,False,False,False,False,532.2916026043582,False,False,False,False
2025-01-27 15:00:00+00:00,34.85,35.325,34.58,35.31,2705.0,,,,0.0,0.0,0.0,0.0,"rgba(0, 255, 0, 1.0)",1.8564992071924733,31.389432033740498,2.1118069703829603,80.77661708492535,22.656447718396734,True,False,True,False,True,20.0,36.165625,33.739375,1,0,1.0096010818120351,0.9230561189993239,False,False,False,False,0.3428282441320533,0.3394092911131019,False,False,False,False,-12400.0,-12291.009108481048,False,False,False,False,565.9770041143681,False,False,False,False
2025-01-27 16:00:00+00:00,35.31,35.39,34.955,35.065,2717.0,,,,0.0,0.0,0.0,0.0,"rgba(0, 255, 255, 0.75)",1.9132061247224907,31.587473410442428,1.8176434544197284,80.73619633941689,22.755435491124985,True,False,True,False,True,20.0,36.41375,33.93125,1,0,1.0192900200937711,0.9225720026791698,False,False,False,False,0.34282824443684745,0.3411187677749747,False,False,False,False,-15117.0,-12334.82292075266,False,False,False,False,599.3261978490291,False,False,False,False
2025-01-27 17:00:00+00:00,35.065,35.51,35.065,35.38,1826.0,,,,0.0,0.0,0.0,0.0,"rgba(0, 255, 255, 0.75)",1.9748038150935605,31.711914912435162,1.8574427796469783,81.24365646334235,23.539106543729133,True,False,True,False,True,20.0,36.584062499999995,33.990937499999994,1,0,1.0363511659807958,0.9152263374485602,False,False,False,False,0.34282824458909067,0.3419735061820327,False,False,False,False,-13291.0,-12349.647371593705,False,False,False,False,618.3443963319899,False,False,False,False
2025-01-27 18:00:00+00:00,35.375,35.725,35.36,35.475,2021.0,,,,0.0,0.0,0.0,0.0,"rgba(0, 255, 255, 0.75)",2.034397004316302,32.10221644553212,1.6578787460421807,81.76180032423842,24.419900170011104,True,False,True,False,True,20.0,36.88218750000001,34.2028125,1,0,1.0342428376534791,0.9109140518417466,False,False,False,False,0.3428282449106444,0.3424008755463386,False,False,False,False,-11270.0,-12332.908652654267,False,False,False,False,640.0909948384707,False,False,False,False
2025-01-27 19:00:00+00:00,35.475,35.495,35.045,35.08,2472.0,,,,0.0,0.0,0.0,0.0,"rgba(38, 166, 154, 1.0)",2.0788675018119993,32.21732812992566,1.3770343071788613,79.17207698846435,24.419900170011104,True,False,True,False,True,20.0,36.616249999999994,34.2028125,1,0,1.0273453364017873,0.9159333965073783,False,False,False,False,0.317141653599757,0.3297712645730478,False,False,False,False,-13742.0,-12354.755030132495,False,False,False,False,668.492684840975,False,False,False,False
2025-01-27 20:00:00+00:00,35.08,35.24,34.94,35.125,4200.0,,,,0.0,0.0,0.0,0.0,"rgba(38, 166, 154, 1.0)",2.1210385799550253,32.390633786552954,1.2891638272345929,77.4423239372313,24.419900170011104,True,False,True,False,False,20.0,36.3809375,34.2028125,1,0,1.0204824147688993,0.9261555046489695,False,False,False,False,0.30039568779188125,0.3150834761824645,False,False,False,False,-9542.0,-12311.146425014162,False,False,False,False,723.2447362387893,False,False,False,False
2025-01-28 15:00:00+00:00,35.11,35.135,34.775,34.78,688.0,,,,0.0,0.0,0.0,0.0,"rgba(38, 166, 154, 1.0)",2.152029289545808,32.41395407534244,1.0994487557169463,73.8069116402567,30.64822120140758,True,False,True,False,False,18.65727164975511,36.2796875,34.2028125,1,0,1.0171466845277968,0.9284661754855997,False,False,False,False,0.2879431680912416,0.30151332213685306,False,False,False,False,-10230.0,-12278.88058896743,False,False,False,False,722.6983062195832,False,False,False,False
2025-01-28 16:00:00+00:00,34.78,34.875,34.37,34.575,1616.0,,,,0.0,0.0,0.0,0.0,"rgba(38, 166, 154, 0.5)",2.176225310854456,32.63338711050668,0.8921929543825502,69.9187422147679,26.865666673084775,True,False,True,False,False,16.87734909951312,36.011875,34.2028125,1,0,1.009435215946844,0.9346179401993358,False,False,False,False,0.2576315544175111,0.2795724382771821,False,False,False,False,-11846.0,-12272.169262006693,False,False,False,False,736.5479448828454,False,False,False,False
2025-01-28 17:00:00+00:00,34.575,34.72,34.535,34.655,1216.0,,,,0.0,0.0,0.0,0.0,"rgba(38, 166, 154, 0.5)",2.199755817734693,32.66456536765142,0.9048434450321533,67.47249492846092,24.50364688204874,False,False,True,False,False,17.3139059295493,36.0103125,34.2028125,1,0,1.0237051246916966,0.9328583173472189,False,False,False,False,0.25808382587877493,0.2688281320779785,False,False,False,False,-10630.0,-12246.709273448449,False,False,False,False,743.9813100784602,False,False,False,False
2025-01-28 18:00:00+00:00,34.66,34.85,34.58,34.825,1110.0,,,,0.0,0.0,0.0,0.0,"rgba(38, 166, 154, 0.5)",2.1971250707632795,32.6965061086547,0.9687631895283336,66.42854638746542,23.40987559247469,False,False,True,False,False,18.238355451020833,36.103437500000005,34.2028125,1,0,1.0250547645125963,0.927847754654984,False,False,False,False,0.266015499077017,0.2674218155774978,False,False,False,False,-9520.0,-12204.434711069402,False,False,False,False,749.6560184493367,False,False,False,False
2025-01-28 19:00:00+00:00,34.81,35.585,34.71,35.555,500.0,,,,0.0,0.0,0.0,0.0,"rgba(38, 166, 154, 1.0)",2.2027113717841824,32.71899261395966,1.2875074884383035,68.07405658631205,23.40987559247469,False,False,True,False,False,20.0,36.4525,34.2028125,1,0,1.0263051939337005,0.9086028720977053,False,False,False,False,0.3057269243845624,0.2865743699810301,False,False,False,False,-9020.0,-12155.063630277627,False,False,False,False,745.7853825043858,False,False,False,False
2025-01-28 20:00:00+00:00,35.555,36.9,35.535,36.9,4732.0,,,,0.0,0.0,0.0,0.0,"rgba(0, 255, 255, 0.75)",2.242795372092837,33.02162646783825,1.729258754686429,71.78567611740375,23.40987559247469,False,False,True,False,True,20.0,37.6528125,34.7821875,1,0,1.0469990886603309,0.8790522067439138,False,False,False,False,0.34282824566833037,0.3147013078246802,False,False,False,False,-4288.0,-12033.093651513633,False,False,False,False,807.5871595198216,False,False,False,False
2025-01-29 15:00:00+00:00,36.81,37.745,36.685,37.58,866.0,,,,0.0,0.0,0.0,0.0,"rgba(0, 255, 255, 0.75)",2.2978758659891665,33.08392724372405,1.956621253054732,75.2523762511376,18.17420292796561,True,False,True,False,True,20.0,38.75531250000001,35.6746875,1,0,1.0736734953556437,0.8606692963481365,False,False,False,False,0.3428282465901683,0.32876477720742425,False,False,False,False,-3422.0,-11899.588323583188,False,False,False,False,808.4927849536228,False,False,False,False
2025-01-29 16:00:00+00:00,37.605,37.765,36.21,36.33,314.0,,,,0.0,0.0,0.0,0.0,"rgba(38, 166, 154, 1.0)",2.3076296445869606,33.10178771801209,1.39892997542321,72.12739158733126,18.17420292796561,False,False,True,False,True,20.0,38.7809375,35.6746875,1,0,1.0620078740157484,0.863312007874016,False,False,False,False,0.3251279845296921,0.3269463808685582,False,False,False,False,-3736.0,-11773.02106275244,False,False,False,False,800.8262301481403,False,False,False,False
2025-01-29 17:00:00+00:00,36.33,36.68,36.17,36.575,614.0,,,,0.0,0.0,0.0,0.0,"rgba(38, 166, 154, 1.0)",2.3135926257312027,33.13203865157486,1.4881450217870607,70.38415371596085,18.17420292796561,False,False,True,False,False,20.0,38.249375,35.6746875,1,0,1.0611741489886537,0.9036753823384315,False,False,False,False,0.28217060266571936,0.3045584917671388,False,False,False,False,-3122.0,-11638.896705190387,False,False,False,False,797.9296994481691,False,False,False,False
2025-01-29 18:00:00+00:00,36.58,36.595,35.845,36.47,996.0,,,,0.0,0.0,0.0,0.0,"rgba(38, 166, 154, 1.0)",2.3108440153032883,33.175881195829405,1.4255046131870805,68.72196909580263,18.17420292796561,False,True,True,False,False,20.0,38.143750000000004,35.6746875,1,0,1.0552371661992443,0.902450920619437,False,False,False,False,0.2667713915908681,0.28566494167900347,False,False,False,False,-4118.0,-11522.293655497511,False,False,False,False,801.0005568210657,False,False,False,False
2025-01-29 19:00:00+00:00,36.29,36.475,36.065,36.315,621.0,,,,0.0,0.0,0.0,0.0,"rgba(38, 166, 154, 1.0)",2.3029494895353895,33.2021391004384,1.3516844002469213,66.89545654246689,24.08818705241019,False,True,True,False,False,19.80414973001144,38.114999999999995,35.6746875,1,0,1.0618331716779825,0.9016731328806985,False,False,False,False,0.2705156565149895,0.27809029909699645,False,False,False,False,-4739.0,-11417.126312001425,False,False,False,False,798.2098505137624,False,False,False,False
2025-01-29 20:00:00+00:00,36.3,36.35,35.955,36.03,1564.0,,,,0.0,0.0,0.0,0.0,"rgba(38, 166, 154, 1.0)",2.2863739398429006,33.26054409065631,1.2112873843960903,64.42444138461359,21.575890679646903,False,True,True,False,False,17.785701101771288,37.99000000000001,35.6746875,1,0,1.0592708836310964,0.9057218734910675,False,False,False,False,0.2617281796708146,0.26990923938390554,False,False,False,False,-6303.0,-11337.837531970394,False,False,False,False,810.082566009673,False,False,False,False
2025-01-30 15:00:00+00:00,37.03,38.57,36.96,38.2,2152.0,,,,0.0,0.0,0.0,0.0,"rgba(0, 255, 0, 1.0)",2.327972429095882,33.40554653901062,2.0594975271470073,66.88526846786095,21.575890679646903,False,True,True,False,False,20.0,39.995312500000004,35.6746875,1,0,1.0565003994977746,0.8666818856294947,False,False,False,False,0.3428282470199112,0.3063687432019084,False,False,False,False,-4151.0,-11226.413694265426,False,False,False,False,830.8874874668874,False,False,False,False
2025-01-30 16:00:00+00:00,38.17,39.12,38.12,38.97,2617.0,,,,0.0,0.0,0.0,0.0,"rgba(0, 255, 0, 1.0)",2.385494911537838,33.60158044549313,2.2504426769227757,69.57876710094635,21.575890679646903,False,True,True,False,True,20.0,40.969375,36.270624999999995,1,0,1.0802731751007613,0.8578145991939097,False,False,False,False,0.3428282476016165,0.32459849540176244,False,False,False,False,-1534.0,-11076.143714509371,False,False,False,False,858.5791543278658,False,False,False,False
2025-01-30 17:00:00+00:00,38.97,38.99,38.24,38.575,2359.0,,,,0.0,0.0,0.0,0.0,"rgba(0, 255, 255, 0.75)",2.4176725461775175,33.75712398611598,1.9927744232780282,70.10405355118777,21.575890679646903,False,True,True,False,True,20.0,41.020625,36.270624999999995,1,0,1.0811495265360054,0.8602730676062542,False,False,False,False,0.34248759701656906,0.33354304620916575,False,False,False,False,-3893.0,-10964.777145292172,False,False,False,False,881.841493020457,False,False,False,False
2025-01-30 18:00:00+00:00,38.575,39.19,38.545,39.165,560.0,,,,0.0,0.0,0.0,0.0,"rgba(0, 255, 0, 1.0)",2.494597835395576,33.79538697122957,2.152496467599538,71.25791081381077,21.575890679646903,False,True,True,False,True,20.0,41.3378125,36.3971875,1,0,1.0866355444577136,0.857887308652698,False,False,False,False,0.34282824775330617,0.338185646981236,False,False,False,False,-3333.0,-10846.455019008572,False,True,False,False,876.8517024309925,False,False,False,False
2025-01-30 19:00:00+00:00,39.165,39.39,38.975,39.16,632.0,,,,0.0,0.0,0.0,0.0,"rgba(0, 255, 255, 0.75)",2.561610332485295,34.23735319878603,1.9217000879434982,72.06328268266192,15.530772022939985,False,False,True,False,True,20.0,41.66312500000001,36.701875,1,0,1.0951151280395959,0.8548525930707984,False,False,False,False,0.34282824793686684,0.3405069474590514,False,False,False,False,-3965.0,-10739.765793907663,False,False,False,False,873.0555520057059,False,False,False,False
2025-01-30 20:00:00+00:00,39.15,39.24,38.315,38.75,3009.0,,,,0.0,0.0,0.0,0.0,"rgba(0, 255, 255, 0.75)",2.609962715898122,34.38739398029948,1.6715204371029846,71.06894954205406,15.530772022939985,False,False,True,False,True,20.0,41.336875000000006,36.701875,1,0,1.0793332630024266,0.8608503006646271,False,False,False,False,0.31680957686608724,0.3286582621625693,False,False,False,False,-6974.0,-10681.381828110645,False,False,False,False,906.170969804067,False,False,False,False
2025-01-31 15:00:00+00:00,37.685,37.71,36.85,37.125,1499.0,,,,0.0,0.0,0.0,0.0,"rgba(38, 166, 154, 1.0)",2.6131902631364734,34.40628515916387,1.0403815134275753,65.57108406235733,15.530772022939985,False,True,True,False,False,15.416151622093565,40.1609375,36.701875,1,0,1.0500050715082667,0.8761537681306423,False,False,False,False,0.2238330545487776,0.2762456583556735,False,False,False,False,-8473.0,-10647.14335015544,False,False,False,False,915.3621175590426,False,False,False,False
2025-01-31 16:00:00+00:00,37.13,37.535,37.06,37.355,419.0,,,,0.0,0.0,0.0,0.0,"rgba(38, 166, 154, 1.0)",2.61483622211189,34.41499789979184,1.1243542044226547,62.14842582191549,18.663463374629544,False,True,True,False,False,16.218671989360622,40.216875,36.701875,1,0,1.053747237291541,0.8808519188266026,False,False,False,False,0.2248950480505654,0.25057035320311943,False,False,False,False,-8054.0,-10606.939577284813,False,False,False,False,907.6665808527009,False,False,False,False
2025-01-31 17:00:00+00:00,37.355,37.725,37.29,37.37,705.0,,,,0.0,0.0,0.0,0.0,"rgba(38, 166, 154, 1.0)",2.6147934443769483,34.43321431324088,1.1231425155492125,59.73843692375138,16.3926030406908,False,True,True,False,False,16.27131190205164,40.344375,36.701875,1,0,1.0670040485829961,0.876113360323887,False,False,False,False,0.23767869527954014,0.2441245242413298,False,False,False,False,-7349.0,-10556.428886164118,False,False,False,False,904.524463320101,False,False,False,False
2025-01-31 18:00:00+00:00,37.36,37.51,35.905,36.055,2005.0,,,,0.0,0.0,0.0,0.0,"rgba(38, 166, 154, 0.5)",2.6001139493394234,34.448620945963526,0.6178110211072038,54.91972155983092,11.887226401227451,False,True,False,False,False,9.501904067368375,39.589375,36.701875,-1,0,1.0370552872770278,0.8818369961564995,False,False,False,False,0.18934877736687766,0.21673665080410373,False,False,False,False,-9354.0,-10537.786577851497,False,False,False,False,921.5860995476962,False,False,False,False
2025-01-31 19:00:00+00:00,36.055,36.295,35.78,36.05,970.0,,,,0.0,0.0,0.0,0.0,"rgba(38, 166, 154, 0.5)",2.5825790796609898,34.45117938317108,0.6190790552825166,51.4674507597412,8.746699369757188,False,True,False,True,False,9.47759456314908,38.8171875,33.2578125,-1,0,1.0383443122603482,0.9046308130960574,False,False,False,False,0.14954353587931377,0.18314009334170875,False,False,False,False,-10324.0,-10534.472057264651,False,False,False,False,922.3367026554838,False,False,False,False
2025-01-31 20:00:00+00:00,36.015,36.305,35.66,36.05,1137.0,,,,0.0,0.0,0.0,0.0,"rgba(38, 166, 154, 0.5)",2.5640791473497404,34.455931496587326,0.6216923939576193,49.001543045391394,6.500571342866273,False,True,False,True,False,9.47759456314908,38.5915625,33.3734375,-1,0,1.0374488004681102,0.900234055002926,False,False,False,False,0.14629839209928946,0.1647192427204991,False,False,False,False,-10324.0,-10531.20892459388,False,False,False,False,925.664815792608,False,False,False,False
2025-02-03 15:00:00+00:00,35.44,36.35,35.02,35.88,884.0,,,,0.0,0.0,0.0,0.0,"rgba(38, 166, 154, 0.5)",2.5424697151101223,34.457019362051476,0.5596844003653719,46.829752026586476,4.454081350322795,False,True,False,True,False,8.62591300236343,38.447812500000005,32.9221875,-1,0,1.0250762776506483,0.8995995423340962,False,False,False,False,0.12879626185822793,0.1467577522893635,False,False,False,False,-11208.0,-10541.701809483899,False,False,False,False,925.0188496562885,False,False,False,False
2025-02-03 16:00:00+00:00,35.86,36.14,35.52,35.56,1100.0,,,,0.0,0.0,0.0,0.0,#000000,2.5167090265511853,34.45975640615622,0.4371755265452848,44.510469711153384,2.2033002370869,False,True,False,True,False,7.037285888463536,38.447812500000005,33.0915625,-1,0,1.0352352163234464,0.9029850746268658,False,False,False,False,0.1373162574199844,0.14203700485467396,False,False,False,False,-12308.0,-10569.086277553915,False,False,False,False,927.7317357081289,False,False,False,False
2025-02-03 17:00:00+00:00,35.56,35.76,35.15,35.33,554.0,,,,0.0,0.0,0.0,0.0,#000000,2.4873001753230453,34.45864238740769,0.350322659579733,42.31378392651157,0.023552143637360246,False,True,False,True,False,5.90999741180978,38.230937499999996,32.6790625,-1,0,1.0269508874072684,0.915954549722979,False,False,False,False,0.115319330910647,0.12867816788266048,False,False,False,False,-12862.0,-10604.63532751432,False,False,False,False,921.9374452320338,False,False,False,False
2025-02-03 18:00:00+00:00,35.27,35.505,35.11,35.11,100.0,,,,0.0,0.0,0.0,0.0,#000000,2.4444203203832577,34.45819978881947,0.26664817247073686,40.23064554938861,-2.0883893114286565,False,True,False,True,False,4.839196553146142,38.0834375,32.53156250000001,-1,0,1.0220994475138123,0.9250866185972471,False,False,False,False,0.10669871710576487,0.11768844249421268,False,False,False,False,-12962.0,-10641.183617010221,False,False,False,False,909.194229026886,False,False,False,False
2025-02-03 19:00:00+00:00,35.105,35.305,35.01,35.04,100.0,,,,0.0,0.0,0.0,0.0,#000000,2.40254705684618,34.57477525892661,0.19363813905234883,38.574432114090875,-3.839947240667115,False,True,False,True,False,4.497602862665534,37.512499999999996,32.8025,-1,0,1.0170788614092394,0.9297246850209986,False,False,False,False,0.09794815697761367,0.10781829973591317,False,False,False,False,-13062.0,-10678.7156539558,False,False,False,False,896.6485820652288,False,False,False,False
2025-02-03 20:00:00+00:00,35.04,35.15,35.015,35.135,311.0,,,,0.0,0.0,0.0,0.0,#000000,2.362003221042701,34.57164526036853,0.2385071851776643,37.850149138629824,-4.78079644022197,False,True,False,True,False,4.912873692346707,37.2753125,32.889687499999994,-1,0,1.0173653253664459,0.9331528335356177,False,False,False,False,0.09357856047989896,0.10069843010790606,False,False,False,False,-12751.0,-10710.844093429354,False,False,False,False,887.5687590874733,False,False,False,False
2025-02-04 15:00:00+00:00,37.13,38.16,36.755,38.08,2478.0,,,,0.0,0.0,0.0,0.0,"rgba(38, 166, 154, 1.0)",2.3572225353328338,34.789057389381526,1.3961102786393478,45.64853352862416,-12.01529709103766,False,True,False,True,True,15.92063446830413,37.2753125,34.838125,1,0,1.0181399876117159,0.9105388903636848,False,False,False,False,0.2346281946945901,0.16766331240124807,False,False,False,False,-10273.0,-10704.05581291107,False,False,False,False,912.2266077837915,False,False,False,False
2025-02-04 16:00:00+00:00,38.04,38.37,37.865,38.04,1016.0,,,,0.0,0.0,0.0,0.0,"rgba(38, 166, 154, 1.0)",2.3492086783456,35.13398371149162,1.2370192206828161,51.09312103311812,-7.016246721450919,False,True,False,False,True,15.723152485710255,40.710625,35.524375,1,0,1.0384175824175823,0.9076043956043957,False,False,False,False,0.2752653090622327,0.2214643107317404,False,False,False,False,-11289.0,-10713.12471503648,False,False,False,False,913.8354975855932,False,False,False,False
2025-02-04 17:00:00+00:00,38.04,38.08,37.44,37.87,1566.0,,,,0.0,0.0,0.0,0.0,"rgba(38, 166, 154, 1.0)",2.3320368895139536,35.173390140463574,1.1563324198093856,54.41635343806416,-4.0540909229757105,False,False,True,False,True,14.876560178712609,40.395312499999996,35.524375,1,0,1.0383213301324796,0.9250466791144306,False,False,False,False,0.2531515261292142,0.2373079184304773,False,False,False,False,-12855.0,-10746.332083795603,False,False,False,False,923.9465751424058,False,False,False,False
2025-02-04 18:00:00+00:00,37.87,37.9,37.63,37.685,700.0,,,,0.0,0.0,0.0,0.0,"rgba(38, 166, 154, 1.0)",2.3469376500736425,35.191222877023776,1.062566414109031,56.1567710318337,-2.4741656509294856,False,False,True,False,True,13.954790837525952,40.277499999999996,35.524375,1,0,1.0434511063526053,0.9118486795146326,False,False,False,False,0.25345909729842625,0.2453835078644518,False,False,False,False,-13555.0,-10789.877322806526,False,False,False,False,920.4745352177173,False,False,False,False
2025-02-04 19:00:00+00:00,37.685,37.755,37.31,37.31,1668.0,,,,0.0,0.0,0.0,0.0,"rgba(38, 166, 154, 0.5)",2.3498112881867654,35.21868014766204,0.889994810584015,56.13719637148294,-2.3670762929850184,False,False,True,False,True,12.106960304275834,39.772187499999994,35.524375,1,0,1.048113968282412,0.9077143625123199,False,False,False,False,0.23920557201057985,0.24229453993751582,False,False,False,False,-15223.0,-10858.60790694906,False,False,False,False,932.0640773073651,False,False,False,False
2025-02-04 20:00:00+00:00,37.34,37.53,37.275,37.4,579.0,,,,0.0,0.0,0.0,0.0,"rgba(38, 166, 154, 0.5)",2.3501131331786116,35.22826764740904,0.9240969389646415,56.36056429836525,-1.8381314399582322,False,False,True,False,True,12.425289747416446,39.6009375,35.524375,1,0,1.049089114242125,0.9040653324957373,False,False,False,False,0.23127758756201458,0.23678606374976519,False,False,False,False,-14644.0,-10917.296156453725,False,False,False,False,926.590215643685,False,False,False,False
2025-02-05 15:00:00+00:00,36.65,36.65,36.06,36.15,300.0,,,,0.0,0.0,0.0,0.0,#000000,2.334687283494636,35.22326301055355,0.39694266379832954,52.873715284802245,-1.8381314399582322,False,False,False,False,False,6.573801287971193,38.723125,35.524375,1,0,1.031461464100536,0.9091308550839268,False,False,False,False,0.16834032982796043,0.2025631967888628,False,False,False,False,-14944.0,-10979.725673407931,False,False,False,False,916.8756386569612,False,False,False,False
2025-02-05 16:00:00+00:00,36.15,36.155,35.63,35.925,406.0,,,,0.0,0.0,0.0,0.0,#000000,2.3176816293734093,35.212955848717286,0.30722258927133755,49.84681529184917,-1.8381314399582322,False,False,False,False,False,5.583151952801863,38.058125,35.524375,1,0,1.024995630134592,0.9179339276350289,False,False,False,False,0.14099471697423982,0.17177895688155131,False,False,False,False,-15350.0,-11047.481864517886,False,False,False,False,908.955086119644,False,False,False,False
2025-02-05 17:00:00+00:00,35.925,36.015,35.84,35.99,509.0,,,,0.0,0.0,0.0,0.0,#000000,2.2986865952240874,35.20246709538832,0.3426012516225196,47.904546484930975,5.766987863807046,False,True,False,True,False,5.8307726483053735,38.029375,35.524375,1,0,1.0303056921995783,0.9229620520028111,False,False,False,False,0.14305630497582206,0.15741763092868669,False,False,False,False,-14841.0,-11106.296099176523,False,False,False,False,902.7542320712774,False,False,False,False
2025-02-05 18:00:00+00:00,35.99,36.235,35.99,36.09,0.0,,,,0.0,0.0,0.0,0.0,#000000,2.278968406977122,35.20246709538832,0.38944502341255643,46.87613195108752,4.528239490690012,False,True,False,True,False,6.215958482172741,38.139374999999994,35.524375,1,0,1.0334445224719102,0.9140625000000001,False,False,False,False,0.15397378951848775,0.15569571022358722,False,False,False,False,-14841.0,-11164.198485235802,False,False,False,False,888.7580424267614,False,False,False,False
2025-02-05 19:00:00+00:00,36.09,36.2,35.86,35.86,401.0,,,,0.0,0.0,0.0,0.0,#000000,2.256400200510695,35.19561386300558,0.29444516838991797,45.47245844845777,2.8829150710171305,False,True,False,True,False,5.168199786615727,37.871249999999996,35.524375,1,0,1.0313156053184045,0.9135759272218337,False,False,False,False,0.14910083362605883,0.15239827192482303,False,False,False,False,-15242.0,-11227.420214146874,False,False,False,False,881.1959022340984,False,False,False,False
2025-02-05 20:00:00+00:00,35.86,35.945,35.755,35.85,488.0,,,,0.0,0.0,0.0,0.0,#000000,2.2323824525412865,35.186817925238955,0.2970736819786846,44.43960232159178,1.562471133927815,False,True,False,True,False,5.122341310425398,37.610625,35.524375,1,0,1.0300646740080406,0.9174969410942144,False,False,False,False,0.13849295806572706,0.14544561499527503,False,False,False,False,-15730.0,-11297.227652687232,False,False,False,False,875.0998417343449,False,False,False,False
2025-02-06 15:00:00+00:00,36.8,37.415,36.775,37.115,658.0,,,,0.0,0.0,0.0,0.0,"rgba(38, 166, 154, 0.5)",2.2177297498214417,35.19723066467493,0.864744379011679,48.01666690932982,1.562471133927815,False,False,False,False,True,9.927208373157526,39.0346875,35.524375,1,0,1.0305252387448842,0.9073158253751707,False,False,False,False,0.21263609564498026,0.17904085532012765,False,False,False,False,-15072.0,-11355.75125497115,False,False,False,False,871.7339527152077,False,False,False,False
2025-02-06 16:00:00+00:00,37.115,37.35,36.99,37.02,1414.0,,,,0.0,0.0,0.0,0.0,"rgba(38, 166, 154, 0.5)",2.199767121171515,35.22018372134826,0.8181849166348226,50.22986014391346,1.562471133927815,False,False,False,False,True,9.482050068844956,39.103125,35.524375,1,0,1.0381309047578517,0.9066303515192782,False,False,False,False,0.21716892303508234,0.198104889177605,False,False,False,False,-16486.0,-11435.289995204153,False,False,False,False,880.1411782545068,False,False,False,False
2025-02-06 17:00:00+00:00,37.02,37.13,36.905,37.08,0.0,,,,0.0,0.0,0.0,0.0,"rgba(38, 166, 154, 0.5)",2.1802942234709346,35.22018372134826,0.853011606704616,51.992510755619804,-4.8497584189478715,True,False,True,False,True,9.702629439505824,38.93749999999999,35.524375,1,0,1.0422813036020586,0.9056603773584907,False,False,False,False,0.2079611982012232,0.2030330436894141,False,False,False,False,-16486.0,-11513.595576673855,False,False,False,False,866.4955785916462,False,False,False,False
2025-02-06 18:00:00+00:00,37.1,37.125,36.935,36.98,200.0,,,,0.0,0.0,0.0,0.0,"rgba(38, 166, 154, 0.5)",2.1562167151105998,35.22292930560047,0.8148859444814188,52.83753530595329,-3.814693187727606,True,False,True,False,True,9.2204101051048,38.9603125,35.524375,1,0,1.0403163414424486,0.9087079859021752,False,False,False,False,0.20871460295794356,0.20587382332367882,False,False,False,False,-16686.0,-11593.787893314571,False,False,False,False,856.1623138072796,False,False,False,False
2025-02-06 19:00:00+00:00,36.975,37.04,36.7,36.775,102.0,,,,0.0,0.0,0.0,0.0,"rgba(38, 166, 154, 0.5)",2.1365496559715744,35.223929979929395,0.7259695629986519,52.58132845888004,-3.775493785505553,True,False,True,False,True,8.229232678022669,38.296875,35.524375,1,0,1.0352577850218754,0.909496439907352,False,False,False,False,0.19908833273675336,0.2024810780302161,False,False,False,False,-16788.0,-11674.31831357326,False,False,False,False,844.4698748335232,False,False,False,False
2025-02-06 20:00:00+00:00,36.775,37.195,36.76,37.11,478.0,,,,0.0,0.0,0.0,0.0,"rgba(38, 166, 154, 0.5)",2.120329933530828,35.230610301785674,0.8863666302558475,53.628903898929956,-2.433494674438464,True,False,True,False,True,9.51435663583586,38.39125,35.56375,1,0,1.0342354648680954,0.9080508836335697,False,False,False,False,0.20555186177086643,0.20401646990054126,False,False,False,False,-16310.0,-11746.189347471349,False,False,False,False,838.7881713477321,False,False,False,False
2025-02-07 15:00:00+00:00,39.19,39.625,38.26,38.62,5523.0,,,,0.0,0.0,0.0,0.0,"rgba(38, 166, 154, 1.0)",2.124339766007608,35.482626587694426,1.4768698785890615,58.22295717178189,2.150581668697974,True,False,True,False,True,14.840005235905988,40.707812499999996,37.177187499999995,1,0,1.0383383958624086,0.8884328051884082,False,False,False,False,0.32735792078160225,0.26568719534107177,False,False,False,False,-10787.0,-11731.318194797374,False,False,False,False,911.4116105516432,False,False,False,False
2025-02-07 16:00:00+00:00,38.64,38.64,37.85,37.9,3159.0,,,,0.0,0.0,0.0,0.0,"rgba(38, 166, 154, 1.0)",2.1118153285696635,35.564600820447815,1.1058728232330588,58.737168223472736,2.7836904733089227,True,False,True,False,True,11.420428927491972,40.1078125,37.177187499999995,1,0,1.0298058962072607,0.906359132624056,False,False,False,False,0.28321495280072706,0.2744510740708994,False,False,False,False,-13946.0,-11765.65434681602,False,False,False,False,946.2579421709976,False,False,False,False
2025-02-07 17:00:00+00:00,37.85,38.67,37.85,38.6,3331.0,,,,0.0,0.0,0.0,0.0,"rgba(38, 166, 154, 1.0)",2.1065054790655413,35.6556254436186,1.3977530966060185,60.58211472427885,4.7228336983024946,True,False,True,False,True,13.733890559262768,40.193125,37.177187499999995,1,0,1.0286126472709787,0.9058267211669473,False,False,False,False,0.28415248355548195,0.2793017788131907,False,False,False,False,-10615.0,-11747.814744539803,False,False,False,False,983.2306872536177,False,False,False,False
2025-02-07 18:00:00+00:00,38.555,38.72,38.3,38.345,1000.0,,,,0.0,0.0,0.0,0.0,"rgba(38, 166, 154, 1.0)",2.077438976890179,35.68253542075888,1.2816090430856806,60.98190749349206,5.317482601488557,True,False,True,False,True,12.549716571998516,40.474062499999995,37.177187499999995,1,0,1.0355863386673039,0.9056603773584907,False,False,False,False,0.2998512338554902,0.2895765063343404,False,False,False,False,-11615.0,-11745.755601213605,False,False,False,False,983.4906765985228,False,False,False,False
2025-02-07 19:00:00+00:00,38.345,38.56,38.285,38.525,1000.0,,,,0.0,0.0,0.0,0.0,"rgba(38, 166, 154, 1.0)",2.053514734733008,35.70876747906509,1.3714206542087797,61.667838615870835,6.238914692594797,True,False,True,False,True,13.144298871063345,40.186875,37.177187499999995,1,0,1.0351934051997465,0.9086081166772353,False,False,False,False,0.2943406953007525,0.29195860081754643,False,False,False,False,-10615.0,-11728.224506621145,False,False,False,False,983.7466351008712,False,False,False,False
2025-02-07 20:00:00+00:00,38.495,38.615,38.325,38.48,1462.0,,,,0.0,0.0,0.0,0.0,"rgba(38, 166, 154, 1.0)",2.0254599366451966,35.7462723727707,1.3496823994244087,61.97607762123263,6.835812895883741,True,False,True,False,True,12.930732834530943,40.1903125,37.177187499999995,1,0,1.0356635632002527,0.9081584345905002,False,False,False,False,0.2973299545748583,0.2946442776962024,False,False,False,False,-12077.0,-11733.631878611515,False,False,False,False,991.1614159520204,False,False,False,False
2025-02-10 15:00:00+00:00,40.495,41.415,40.435,40.89,4539.0,,,,0.0,0.0,0.0,0.0,"rgba(0, 255, 0, 1.0)",2.0569611824986187,36.40293314909371,2.1814057013247994,66.15056195383308,11.0056664416988,True,False,True,False,True,20.0,43.1628125,38.68718749999999,1,0,1.0364225925646633,0.8954075861548902,False,False,False,False,0.3428282487937042,0.3187362632449533,False,False,False,False,-7538.0,-11668.583322353972,False,False,False,False,1046.1666653171053,False,False,False,False
2025-02-10 16:00:00+00:00,40.88,40.94,40.335,40.585,2857.0,,,,0.0,0.0,0.0,0.0,"rgba(0, 255, 255, 0.75)",2.0690721404828616,36.51778296207749,1.9657202657870305,68.05627860811633,12.892271314861219,True,False,True,False,True,18.77234013836502,42.9428125,38.68718749999999,1,0,1.0345987146913767,0.9034523987445824,False,False,False,False,0.32675025177847317,0.32274325751171323,False,False,False,False,-10395.0,-11648.837844488018,False,False,False,False,1074.2416007385455,False,False,False,False
2025-02-10 17:00:00+00:00,40.59,40.745,40.31,40.49,1100.0,,,,0.0,0.0,0.0,0.0,"rgba(0, 255, 255, 0.75)",2.0712693740360346,36.558665549526395,1.8980314679268808,69.07276132050403,13.954219711362,True,False,True,False,True,18.331089595760677,42.850625,38.68718749999999,1,0,1.0396734569314108,0.9044022278171969,False,False,False,False,0.32064197339333195,0.3216926154525226,False,False,False,False,-11495.0,-11646.45276162774,False,False,False,False,1074.6409557658549,False,False,False,False
2025-02-10 18:00:00+00:00,40.48,40.755,40.375,40.695,1509.0,,,,0.0,0.0,0.0,0.0,"rgba(0, 255, 255, 0.75)",2.0603598369356413,36.61606336523028,1.979720513692546,70.10573376191087,15.074866219095199,True,False,True,False,True,18.91223235792885,42.92375,38.68718749999999,1,0,1.0411052751769814,0.9027175154144782,False,False,False,False,0.3227217218370397,0.32220716864478116,False,False,False,False,-9986.0,-11620.709307959092,False,False,False,False,1081.375204513671,False,False,False,False
2025-02-10 19:00:00+00:00,40.69,41.03,40.575,41.02,2285.0,,,,0.0,0.0,0.0,0.0,"rgba(0, 255, 0, 1.0)",2.056828497582692,36.709159525923184,2.0958677299265243,71.326662956527,16.394682403075947,True,False,True,False,True,19.827533065695675,42.953125,38.68718749999999,1,0,1.0442390727975155,0.8972805090523446,False,False,False,False,0.3359571856077408,0.329082177126261,False,False,False,False,-7701.0,-11559.938621013991,False,False,False,False,1100.0360540560946,False,False,False,False
2025-02-10 20:00:00+00:00,41.015,41.24,40.88,41.085,1746.0,,,,0.0,0.0,0.0,0.0,"rgba(0, 255, 0, 1.0)",2.047305249293223,36.78164137916933,2.1019623831454983,72.29711617462087,17.48993549987216,True,False,True,False,True,20.0,43.210625,38.909375000000004,1,0,1.0480036229149372,0.8949354668276852,False,False,False,False,0.34282824885072366,0.3359552129884923,False,False,False,False,-5955.0,-11473.040347819975,False,False,False,False,1110.0509989544496,False,False,False,False
2025-02-11 15:00:00+00:00,39.63,40.39,39.47,39.96,3407.0,,,,0.0,0.0,0.0,0.0,"rgba(0, 255, 255, 0.75)",2.0038423721071617,36.86218476453171,1.5459375840080418,68.64130888145183,17.48993549987216,True,False,True,False,False,14.749290543718985,42.34125,38.909375000000004,1,0,1.029802301563883,0.8995278843316612,False,False,False,False,0.28114766494360544,0.30855143896604886,False,False,False,False,-9362.0,-11440.311040101837,False,False,False,False,1145.6626113737605,False,False,False,False
2025-02-11 16:00:00+00:00,39.98,40.31,39.85,39.91,1320.0,,,,0.0,0.0,0.0,0.0,"rgba(0, 255, 255, 0.75)",1.958543538651259,36.8942237879064,1.5398055506952872,65.86238130285909,20.908358527321553,True,False,True,False,False,14.52445735770462,42.541875,38.909375000000004,1,0,1.0386086189145463,0.9003529930872187,False,False,False,False,0.2892071973844645,0.2988793181752567,False,False,False,False,-10682.0,-11428.55427979018,False,False,False,False,1148.3655166237795,False,False,False,False
2025-02-11 17:00:00+00:00,39.905,40.09,39.73,39.76,0.0,,,,0.0,0.0,0.0,0.0,"rgba(0, 255, 255, 0.75)",1.9093837220941214,36.8942237879064,1.5008906690324941,63.34694909254106,18.56956388447736,True,False,True,False,False,13.843141532618887,42.375625,38.909375000000004,1,0,1.0356254572055597,0.9016093635698609,False,False,False,False,0.2793499115041784,0.28911461483971757,False,False,False,False,-10682.0,-11416.979794832192,False,False,False,False,1130.5614000869766,False,False,False,False
2025-02-11 18:00:00+00:00,39.76,39.815,39.635,39.64,300.0,,,,0.0,0.0,0.0,0.0,"rgba(38, 166, 154, 1.0)",1.8894210753561005,36.90016533746757,1.4500921463554928,61.110297959332414,16.496892690005822,False,False,True,False,False,13.294605876653982,42.1428125,38.909375000000004,1,0,1.0343007915567284,0.909997068308414,False,False,False,False,0.2689531626712611,0.27903388875548935,False,False,False,False,-10982.0,-11410.235922044096,False,False,False,False,1117.6844791553956,False,False,False,False
2025-02-11 19:00:00+00:00,39.63,40.07,39.62,39.875,100.0,,,,0.0,0.0,0.0,0.0,"rgba(0, 255, 255, 0.75)",1.8816952487076146,36.90234797538412,1.5797733595052432,60.21086866740072,15.636663165117156,False,False,True,False,False,14.046642736999363,41.875625,38.909375000000004,1,0,1.0315121453060034,0.9064118462324021,False,False,False,False,0.2746360926367205,0.27683499069610495,False,False,False,False,-10882.0,-11402.046217826359,False,False,False,False,1101.906425215002,False,False,False,False
2025-02-11 20:00:00+00:00,39.875,39.955,39.46,39.47,1400.0,,,,0.0,0.0,0.0,0.0,"rgba(38, 166, 154, 1.0)",1.87032080882605,37.22266653093606,1.2015764666995978,58.006393086535006,13.492399429278016,False,True,True,False,False,12.17817814953288,41.6828125,38.909375000000004,1,0,1.0278525198167405,0.9119336775507235,False,False,False,False,0.2670840279899535,0.27195950934302926,False,False,False,False,-12282.0,-11415.688912123624,False,False,False,False,1106.528031025622,False,False,False,False
2025-02-12 15:00:00+00:00,40.89,41.77,40.37,41.65,1921.0,,,,0.0,0.0,0.0,0.0,"rgba(0, 255, 0, 1.0)",1.906311664487725,37.35086974002033,2.2552084950573685,61.295549199976264,13.492399429278016,False,False,True,False,True,18.670212761205324,43.322812500000005,38.909375000000004,1,0,1.0253681911070396,0.8874638855612711,False,False,False,False,0.3428282486871834,0.30739387901510634,False,False,False,False,-10361.0,-11399.337146044187,False,False,False,False,1119.1555034128219,False,False,False,False
2025-02-12 16:00:00+00:00,41.67,41.74,41.235,41.69,406.0,,,,0.0,0.0,0.0,0.0,"rgba(0, 255, 0, 1.0)",1.943728531354983,37.37310307302535,2.220936132457406,63.70748387309543,7.900336941036969,False,False,True,False,True,18.77899208353964,43.75625,39.21874999999999,1,0,1.038197364732268,0.8881412952060553,False,False,False,False,0.3428282482303618,0.32511106362273406,False,False,False,False,-9955.0,-11376.94432207451,False,False,False,False,1108.098828941305,False,False,False,False
2025-02-12 17:00:00+00:00,41.77,42.24,41.77,42.05,250.0,,,,0.0,0.0,0.0,0.0,"rgba(0, 255, 0, 1.0)",1.9878667433178168,37.38920094040865,2.3446234891038604,66.00417255337771,10.057486527785954,True,False,True,False,True,19.75868214540081,44.3253125,39.6846875,1,0,1.0451309794988612,0.8851793849658315,False,False,False,False,0.3428282484865757,0.3339696560546549,False,False,False,False,-9705.0,-11351.022704678007,False,False,False,False,1094.7949711282615,False,False,False,False
2025-02-12 18:00:00+00:00,42.08,42.19,41.81,41.86,302.0,,,,0.0,0.0,0.0,0.0,"rgba(0, 255, 0, 1.0)",2.0348803559577786,37.407205792923484,2.1882339146080514,66.88410494666134,10.932374796275361,True,False,True,False,True,18.877679031155736,44.3371875,39.6846875,1,0,1.044185550898629,0.8862683810470982,False,False,False,False,0.34253183656785013,0.3382507463112525,False,False,False,False,-10007.0,-11330.18514336517,False,False,False,False,1082.5035762270481,False,False,False,False
2025-02-12 19:00:00+00:00,41.86,41.88,41.75,41.8,410.0,,,,0.0,0.0,0.0,0.0,"rgba(0, 255, 0, 1.0)",2.071550857438635,37.42895604130652,2.1100345873709543,67.26147297330058,11.440118460431634,True,False,True,False,True,18.597269233991383,43.62625,40.00375,1,0,1.0431848852901484,0.8891966759002767,False,False,False,False,0.33160474295091946,0.334927744631086,False,False,False,False,-10417.0,-11316.02723416571,False,False,False,False,1072.07716419252,False,False,False,False
2025-02-12 20:00:00+00:00,41.8,41.86,41.595,41.66,1210.0,,,,0.0,0.0,0.0,0.0,"rgba(0, 255, 255, 0.75)",2.105198131096206,37.48514396183417,1.983117872136777,66.91472034019144,11.440118460431634,True,False,True,False,True,17.936321636360688,43.475,40.00375,1,0,1.0404734902183157,0.8901332577261127,False,False,False,False,0.32646316066492415,0.33069545264800504,False,False,False,False,-11627.0,-11320.848517356939,False,False,False,False,1074.215502732171,False,False,False,False
2025-02-13 15:00:00+00:00,41.48,42.425,41.45,42.375,3769.0,,,,0.0,0.0,0.0,0.0,"rgba(0, 255, 0, 1.0)",2.155321568365809,37.66014456165499,2.1875415286266877,68.13053636158688,12.74181293300851,True,False,True,False,True,19.96176578812698,43.78625,40.08875,1,0,1.0387580599943929,0.8834454723857582,False,False,False,False,0.3388315531504171,0.3347635028992111,False,False,False,False,-7858.0,-11267.160943444429,False,False,False,False,1115.9951073409743,False,False,False,False
2025-02-13 16:00:00+00:00,42.375,42.895,42.295,42.46,7320.0,,,,0.0,0.0,0.0,0.0,"rgba(0, 255, 0, 1.0)",2.1963410440962416,37.9801548259348,2.0396855880406255,69.15833981288152,13.978989114059218,True,False,True,False,True,20.0,44.485,40.705,1,0,1.0516556291390726,0.8767514813523876,False,False,False,False,0.3428282485289833,0.3387958757140972,False,False,False,False,-538.0,-11100.81736292591,False,False,False,False,1212.1812297077809,False,False,False,False
2025-02-13 17:00:00+00:00,42.41,42.505,42.21,42.48,300.0,,,,0.0,0.0,0.0,0.0,"rgba(0, 255, 0, 1.0)",2.2335499760460436,37.991226377689,2.00970368715782,69.93273259974356,14.97811775042507,True,False,True,False,True,20.0,44.2175,40.705,1,0,1.047909652076319,0.8846801346801346,False,False,False,False,0.3289113263173833,0.33385360101574024,False,False,False,False,-238.0,-10932.401589857292,False,False,False,False,1198.0388850611487,False,False,False,False
2025-02-13 18:00:00+00:00,42.46,42.73,42.11,42.66,400.0,,,,0.0,0.0,0.0,0.0,"rgba(0, 255, 0, 1.0)",2.2640983767184775,38.006386286430946,2.0553937767995185,70.86369790018813,16.125197361580206,True,False,True,False,True,20.0,44.32875000000001,40.705,1,0,1.0471178643618875,0.8806022164912525,False,False,False,False,0.33256156873709203,0.3332075848764161,False,False,False,False,162.0,-10760.395363657954,False,False,False,False,1185.6661891687277,False,False,False,False
2025-02-13 19:00:00+00:00,42.65,43.175,42.56,43.03,170.0,,,,0.0,0.0,0.0,0.0,"rgba(0, 255, 0, 1.0)",2.2951101035434385,38.01369840630723,2.185647471094335,72.26460169823935,17.691063573859722,True,False,True,False,True,20.0,44.588750000000005,41.146249999999995,1,0,1.0527008310249306,0.8753462603878115,False,False,False,False,0.34282824865376327,0.3380179167650897,False,False,False,False,332.0,-10588.420241740774,False,False,False,False,1169.9194265459566,False,False,False,False
2025-02-13 20:00:00+00:00,43.025,43.31,42.81,43.225,7507.0,,,,0.0,0.0,0.0,0.0,"rgba(0, 255, 0, 1.0)",2.327316335250563,38.32367323687706,2.1059993817279046,73.63054908081173,19.184781965664598,True,False,True,False,True,20.0,44.78875,41.331250000000004,1,0,1.0540633608815426,0.8753443526170798,False,False,False,False,0.34282824873876916,0.34042308275192945,False,False,False,False,7839.0,-10302.723803884328,False,False,False,False,1268.1687377622982,False,False,False,False
2025-02-14 15:00:00+00:00,47.02,47.03,45.23,45.415,11383.0,,,,0.0,0.0,0.0,0.0,"rgba(0, 255, 0, 1.0)",2.4293080930196145,39.592548001042886,2.3967532219101293,77.1941827897545,22.663669597361007,True,False,True,False,True,20.0,48.504687499999996,43.755312499999995,1,0,1.0560325054066453,0.8577233108329508,False,False,False,False,0.34282824982003096,0.34162566628598023,False,False,False,False,19222.0,-9844.976148010152,False,False,False,False,1424.9878270993167,False,False,False,False
2025-02-14 16:00:00+00:00,45.41,46.15,45.015,46.12,5584.0,,,,0.0,0.0,0.0,0.0,"rgba(0, 255, 0, 1.0)",2.559322885184754,39.84592829423546,2.4514576656519123,80.22641868353543,25.5102153128056,True,False,True,False,True,20.0,48.13625,43.755312499999995,1,0,1.0525430309305035,0.8715542901514167,False,False,False,False,0.3178706295318431,0.32974814790891166,False,False,False,False,24806.0,-9307.751711606892,False,False,False,False,1489.468635981498,False,False,False,False
2025-02-14 17:00:00+00:00,46.13,46.38,46.01,46.325,3627.0,,,,0.0,0.0,0.0,0.0,"rgba(0, 255, 0, 1.0)",2.7004096502714288,40.016838291421564,2.3360017647486857,82.52375895936072,27.61816470209881,True,False,True,False,True,20.0,48.73375,43.755312499999995,1,0,1.0696514189451858,0.867500323960088,False,False,False,False,0.34282824983848914,0.33628819887370043,False,False,False,False,28433.0,-8722.623778093606,False,False,False,False,1522.6086571290716,False,False,False,False
2025-02-14 18:00:00+00:00,46.295,46.59,46.165,46.185,2945.0,,,,0.0,0.0,0.0,0.0,"rgba(0, 255, 0, 1.0)",2.829234302552286,40.14938436163317,2.1333035701292165,83.46953020317164,28.489866733757722,True,False,True,False,True,20.0,48.903124999999996,43.851875,1,0,1.071308616457822,0.8647461568272833,False,False,False,False,0.34282824983848914,0.3395582243560948,False,False,False,False,25488.0,-8192.226510216187,False,False,False,False,1544.661236088311,False,False,False,False
2025-02-14 19:00:00+00:00,46.17,46.49,46.145,46.315,1459.0,,,,0.0,0.0,0.0,0.0,"rgba(0, 255, 0, 1.0)",2.9405090109100196,40.21249672026242,2.0753220810056257,84.25592184678091,29.297612772777697,True,False,True,False,True,20.0,48.4765625,44.158437500000005,1,0,1.0691746789701235,0.8690714331806154,False,False,False,False,0.34007992027200307,0.33981907231404895,False,False,False,False,26947.0,-7647.432300755471,False,False,False,False,1543.3331549086472,False,False,False,False
2025-02-14 20:00:00+00:00,46.315,46.55,46.165,46.375,3623.0,,,,0.0,0.0,0.0,0.0,"rgba(0, 255, 255, 0.75)",3.0466671348590753,40.36410820903012,1.972940109602067,84.87161158136868,30.014555278351793,True,False,True,False,True,20.0,48.4940625,44.220937500000005,1,0,1.0678412963796542,0.8681113754742459,False,False,False,False,0.3419105940245585,0.3408648331693037,False,False,False,False,30570.0,-7054.913970511199,False,False,False,False,1575.5760517317688,False,False,False,False
2025-02-17 15:00:00+00:00,46.375,46.375,46.375,46.375,0.0,,,,0.0,0.0,0.0,0.0,"rgba(0, 255, 255, 0.75)",3.142507960097962,40.36410820903012,1.9127689944761508,85.3113899632171,30.622918116648265,True,False,True,False,True,20.0,48.4084375,44.3415625,1,0,1.070310990921383,0.8703238683922476,False,False,False,False,0.34271315587522466,0.3417889945222642,False,False,False,False,30570.0,-6471.581970968389,False,False,False,False,1551.148516046005,False,False,False,False
2025-02-17 16:00:00+00:00,46.375,46.375,46.375,46.375,0.0,,,,0.0,0.0,0.0,0.0,"rgba(0, 255, 255, 0.75)",3.2280882734058984,40.36410820903012,1.8620593000785242,85.6255173788231,31.15817611589182,True,False,True,False,True,20.0,48.3371875,44.4128125,1,0,1.0696834912653903,0.87075356152904,False,False,False,False,0.3427022710090921,0.34224563276567815,False,False,False,False,30570.0,-5897.293878395236,False,False,False,False,1527.0997018437413,False,False,False,False
2025-02-17 17:00:00+00:00,46.375,46.375,46.375,46.375,0.0,,,,0.0,0.0,0.0,0.0,"rgba(0, 255, 255, 0.75)",3.3020176510078407,40.36410820903012,1.8203693699624035,85.84989410425595,31.641510499034993,True,False,True,False,True,20.0,48.3128125,44.4371875,1,0,1.072114743162108,0.8804536357571712,False,False,False,False,0.3427022710090921,0.34247395188738516,False,False,False,False,30570.0,-5331.909477179806,False,False,False,False,1503.4237374740708,False,False,False,False
2025-02-17 18:00:00+00:00,46.375,46.375,46.375,46.375,0.0,,,,0.0,0.0,0.0,0.0,"rgba(0, 255, 255, 0.75)",3.390762076504223,40.36410820903012,1.772725910974837,86.01016319385084,32.0851550824964,True,False,True,False,True,20.0,48.263125,44.486875,1,0,1.0711987127916331,0.87302225797801,False,False,False,False,0.3427022710090921,0.34258811144823864,False,False,False,False,30570.0,-4775.290725595623,False,False,False,False,1480.114842319434,False,False,False,False
2025-02-17 19:00:00+00:00,46.375,46.375,46.375,46.375,0.0,,,,0.0,0.0,0.0,0.0,"rgba(0, 255, 255, 0.75)",3.477288510806539,40.36410820903012,1.7286146295567761,86.12464111499006,32.49590971737449,True,False,True,False,True,20.0,48.0803125,44.6696875,1,0,1.0715822019088588,0.8700766232020432,False,False,False,False,0.3427022710090921,0.3426451912286654,False,False,False,False,30570.0,-4227.301722098016,False,False,False,False,1457.167325384249,False,False,False,False
2025-02-17 20:00:00+00:00,46.375,46.375,46.375,46.375,0.0,,,,0.0,0.0,0.0,0.0,"rgba(0, 255, 255, 0.75)",3.5573162117852837,40.36410820903012,1.6897265896846538,86.20641105866093,32.87741131132522,True,False,True,False,True,20.0,47.9678125,44.7821875,1,0,1.0722802290333446,0.8689120916133377,False,False,False,False,0.3427022710090921,0.3426737311188788,False,False,False,False,30570.0,-3687.8086721430086,False,False,False,False,1434.5755839054234,False,False,False,False
2025-02-18 15:00:00+00:00,45.99,45.995,45.35,45.51,6068.0,,,,0.0,0.0,0.0,0.0,"rgba(38, 166, 154, 1.0)",3.615618482225244,40.55925146331545,1.369267405016028,79.3987146900999,32.99440327358424,True,False,True,False,False,20.0,47.4021875,44.7821875,1,0,1.0615005330490406,0.8725346481876333,False,False,False,False,0.30769812598973295,0.32518592855430584,False,False,False,False,24502.0,-3250.7573749004814,False,False,False,False,1506.411621364254,False,False,False,False
2025-02-18 16:00:00+00:00,45.53,46.74,45.435,46.705,512.0,,,,0.0,0.0,0.0,0.0,"rgba(0, 255, 255, 0.75)",3.6976257441963907,41.1270062249358,1.5085338974121818,77.72923828006499,31.549370239947564,False,False,True,False,False,20.0,47.94562500000001,44.7821875,1,0,1.0624630929729022,0.8631979528902299,False,False,False,False,0.32828326617810394,0.3267345973662049,False,False,False,False,25014.0,-2812.5440822663654,False,False,False,False,1490.994386924498,False,False,False,False
2025-02-18 17:00:00+00:00,46.7,46.725,46.11,46.17,600.0,,,,0.0,0.0,0.0,0.0,"rgba(38, 166, 154, 1.0)",3.7613131452428084,41.14895427029771,1.334918294705868,73.8545486025597,28.047320048069764,False,True,True,False,False,20.0,48.275625000000005,44.7821875,1,0,1.0699036709190315,0.8635121062223378,False,False,False,False,0.3428282493897274,0.3347814233779661,False,False,False,False,24414.0,-2390.4271197506077,False,False,False,False,1477.1805204605523,False,False,False,False
2025-02-18 18:00:00+00:00,46.145,46.265,46.02,46.23,456.0,,,,0.0,0.0,0.0,0.0,"rgba(38, 166, 154, 1.0)",3.8092945623911567,41.1612020843744,1.330639527241975,71.24560530409241,25.79810023822965,False,True,True,False,False,20.0,47.9528125,44.7821875,1,0,1.0685135924219815,0.8699150068124306,False,False,False,False,0.32906954491484397,0.33192548414640505,False,False,False,False,24870.0,-1967.7848388242414,False,False,False,False,1461.348264329381,False,False,False,False
2025-02-18 19:00:00+00:00,46.23,46.28,45.95,46.235,500.0,,,,0.0,0.0,0.0,0.0,"rgba(38, 166, 154, 1.0)",3.8554404499437975,41.17552315773475,1.3122954194089556,69.39637535524021,24.226322570713535,False,True,True,False,False,20.0,47.27375,44.956250000000004,1,0,1.067317010142774,0.8702758576135404,False,False,False,False,0.32770034315273333,0.3298129136495692,False,False,False,False,25370.0,-1543.9432134161136,False,False,False,False,1446.4436400762122,False,False,False,False
2025-02-18 20:00:00+00:00,46.255,46.355,45.99,46.3,3930.0,,,,0.0,0.0,0.0,0.0,"rgba(38, 166, 154, 1.0)",3.898859602268074,41.29880719068154,1.2827322139040662,68.27564955692193,23.257500583864243,False,True,True,False,False,20.0,47.186875,45.158125,1,0,1.0675154320987654,0.8699202674897116,False,False,False,False,0.3305645794640626,0.3301887465568159,False,False,False,False,29300.0,-1065.74254344067,False,False,False,False,1484.9483898424724,False,False,False,False
2025-02-19 15:00:00+00:00,44.705,44.8,43.955,44.55,5355.0,,,,0.0,0.0,0.0,0.0,"rgba(38, 166, 154, 0.5)",3.8913835203822393,41.725562231951606,0.7258184019268691,60.54141953114153,16.134893734115053,False,True,True,False,False,16.346937817471556,45.762187499999996,45.158125,-1,0,1.0511204044691342,0.8744148305349225,False,False,False,False,0.24333277841167103,0.2867607624842435,False,False,False,False,23945.0,-677.9790931547682,False,False,False,False,1544.9491899999534,False,False,False,False
2025-02-19 16:00:00+00:00,44.545,45.02,44.37,44.38,8486.0,,,,0.0,0.0,0.0,0.0,"rgba(38, 166, 154, 0.5)",3.878247599295486,41.83695936429817,0.6557189995202469,54.56843975158766,10.929026302796416,False,True,False,False,False,15.545619638761906,45.762187499999996,43.268125000000005,-1,0,1.055847935112377,0.8727013807194597,False,False,False,False,0.25846586659433346,0.2726133145392885,False,False,False,False,15459.0,-427.7933707802757,False,False,False,False,1652.5623808526675,False,False,False,False
2025-02-19 17:00:00+00:00,44.38,44.725,44.355,44.68,410.0,,,,0.0,0.0,0.0,0.0,"rgba(38, 166, 154, 0.5)",3.8657058805546383,41.84234296514434,0.734059217782115,51.48967870609831,8.462862626505398,False,True,False,True,False,16.47017827767199,45.762187499999996,43.1084375,-1,0,1.0592826612153874,0.8777798426562594,False,False,False,False,0.25106399350897945,0.261838654024134,False,False,False,False,15869.0,-175.12990766740324,False,False,False,False,1633.297847816192,False,False,False,False
2025-02-19 18:00:00+00:00,44.68,44.825,44.54,44.685,1291.0,,,,0.0,0.0,0.0,0.0,"rgba(38, 166, 154, 0.5)",3.8467254706888823,41.86092435383196,0.7341505568013142,49.31081237392952,6.697283775060441,False,True,False,True,False,16.48565345510072,45.762187499999996,43.2696875,-1,0,1.059123090299342,0.8798285927214009,False,False,False,False,0.2578679233136563,0.2598532886688951,False,False,False,False,17160.0,93.63179632744021,False,False,False,False,1627.9909044391966,False,False,False,False
2025-02-19 19:00:00+00:00,44.685,44.9,44.605,44.66,1637.0,,,,0.0,0.0,0.0,0.0,"rgba(38, 166, 154, 0.5)",3.8176201846010853,41.88497645727354,0.726898803060585,47.668167300022844,5.273351224450558,False,True,False,True,False,16.36240828647681,45.762187499999996,43.284375,-1,0,1.054859128707956,0.8808489512225391,False,False,False,False,0.2612187431589816,0.2605360159139384,False,False,False,False,15523.0,332.8468072370923,False,False,False,False,1628.1305803393639,False,False,False,False
2025-02-19 20:00:00+00:00,44.66,44.71,44.395,44.63,4322.0,,,,0.0,0.0,0.0,0.0,"rgba(38, 166, 154, 0.5)",3.7792512605130972,41.93957960591629,0.711892438111786,46.382721579413435,4.035654568280606,False,True,False,True,False,16.211947333889253,45.762187499999996,43.0253125,-1,0,1.0510646199554345,0.8829537014112403,False,False,False,False,0.2516599107001159,0.25609796330702717,False,False,False,False,11201.0,501.34530634969553,False,False,False,False,1669.8959976984434,False,False,False,False
2025-02-20 15:00:00+00:00,47.65,48.06,46.1,46.21,4775.0,,,,0.0,0.0,0.0,0.0,"rgba(38, 166, 154, 1.0)",3.7547356884459693,42.10604251541277,1.0930083566776447,51.032943870805525,4.035654568280606,False,True,False,False,True,20.0,45.762187499999996,44.9096875,1,0,1.0528788960266477,0.8627765881513202,False,False,False,False,0.342828249605929,0.2994631064564781,False,False,False,False,15976.0,741.2624333830336,False,False,False,False,1718.037145020948,False,False,False,False
2025-02-20 16:00:00+00:00,46.33,46.62,44.99,45.16,5750.0,,,,0.0,0.0,0.0,0.0,"rgba(38, 166, 154, 0.5)",3.7064519859731164,42.21758879178374,0.7938619519021602,50.76613290366524,4.035654568280606,False,True,False,False,True,15.975795483300168,48.2809375,44.9096875,1,0,1.0395906432748538,0.8818128654970759,False,False,False,False,0.2826512996309278,0.291057203043703,False,False,False,False,10226.0,888.3126282143044,False,False,False,False,1780.548197036127,False,False,False,False
2025-02-20 17:00:00+00:00,45.12,45.64,44.39,45.56,4450.0,,,,0.0,0.0,0.0,0.0,"rgba(38, 166, 154, 0.5)",3.6603030778367724,42.282404348097316,0.8954437876329452,51.680306636878484,4.035654568280606,False,True,False,False,True,17.150894214786383,47.7253125,44.9096875,1,0,1.0381528440153542,0.8919390485052923,False,False,False,False,0.24636639913893743,0.2687118010913202,False,False,False,False,14676.0,1102.0752231257106,False,False,False,False,1821.9350466944816,False,False,False,False
2025-02-20 18:00:00+00:00,45.53,45.9,45.41,45.735,706.0,,,,0.0,0.0,0.0,0.0,"rgba(38, 166, 154, 0.5)",3.6668783517927848,42.295338760070976,0.9380352741310134,52.806121603353986,4.035654568280606,False,True,False,False,True,17.660518316863637,48.4571875,44.9096875,1,0,1.0497067533824982,0.8879855989779919,False,False,False,False,0.27570850098752103,0.2722101510394206,False,False,False,False,15382.0,1323.469405712909,False,False,False,False,1804.6337281410788,False,False,False,False
2025-02-20 19:00:00+00:00,45.745,46.37,45.59,46.22,476.0,,,,0.0,0.0,0.0,0.0,"rgba(38, 166, 154, 1.0)",3.6774081917851773,42.305515147065904,1.0644684105720204,54.86266612271562,-2.3281139088081204,False,True,True,False,True,19.054309026676844,48.736250000000005,44.9096875,1,0,1.0478824546240277,0.8841256122154998,False,False,False,False,0.2907849699795539,0.28149756050948727,False,False,False,False,15858.0,1548.8109653142594,False,False,False,False,1784.0347556117597,False,False,False,False
2025-02-20 20:00:00+00:00,46.22,46.32,45.99,46.145,928.0,,,,0.0,0.0,0.0,0.0,"rgba(38, 166, 154, 1.0)",3.6809824897831023,42.325847966373324,1.0375360502874107,56.04834666171232,-0.9017720284588506,False,True,True,False,True,18.69492949333357,48.7284375,44.9096875,1,0,1.052292098594794,0.8869500115180833,False,False,False,False,0.29895623989873626,0.2902269002041118,False,False,False,False,14930.0,1756.2712604256662,False,False,False,False,1770.7628989356083,False,False,False,False
2025-02-21 15:00:00+00:00,49.49,50.48,48.44,49.23,6909.0,,,,0.0,0.0,0.0,0.0,"rgba(0, 255, 255, 0.75)",3.7413281714501068,43.260953963783564,1.5954350334103093,61.90507898971377,4.82708405620874,False,False,True,False,True,20.0,52.73093749999999,46.1890625,1,0,1.050546673259711,0.8673699247294103,False,False,False,False,0.3428282502497156,0.31652757522691366,False,False,False,False,21839.0,2067.631395922943,False,False,False,False,1850.4254896497848,False,False,False,False
2025-02-21 16:00:00+00:00,49.23,50.19,49.16,49.78,3886.0,,,,0.0,0.0,0.0,0.0,"rgba(0, 255, 255, 0.75)",3.8022176933188736,43.42808538798725,1.67058151961528,66.60712049479028,9.245096792811054,True,False,True,False,True,20.0,53.09312499999999,46.256875,1,0,1.0588139281828075,0.8707290533188247,False,False,False,False,0.3428282502994861,0.3296779127631999,False,False,False,False,25725.0,2434.4123045132847,False,False,False,False,1881.9847843838966,False,False,False,False
2025-02-21 17:00:00+00:00,49.78,49.99,48.79,48.815,2440.0,,,,0.0,0.0,0.0,0.0,"rgba(38, 166, 154, 1.0)",3.8331738642896926,43.51073992880973,1.3837775845769464,67.05579512918521,9.663640332398757,True,False,True,False,True,20.0,52.97125,46.256875,1,0,1.0579921238603875,0.8732804660948371,False,False,False,False,0.3311426143693101,0.330410263566255,False,False,False,False,23285.0,2757.6772300247067,False,False,False,False,1890.636183075619,False,False,False,False
2025-02-21 18:00:00+00:00,48.84,48.895,48.295,48.395,2915.0,,,,0.0,0.0,0.0,0.0,"rgba(38, 166, 154, 1.0)",3.823379332805237,43.58570544900951,1.2578648709339246,66.23520050920641,9.663640332398757,True,False,True,False,True,20.0,52.2203125,46.256875,1,0,1.0538893084475134,0.8873664904520444,False,False,False,False,0.29899102775698316,0.3147006456616191,False,False,False,False,20370.0,3030.736497776262,False,False,False,False,1906.517792640338,False,False,False,False
2025-02-21 19:00:00+00:00,48.41,48.62,47.9,48.255,1804.0,,,,0.0,0.0,0.0,0.0,"rgba(38, 166, 154, 1.0)",3.798329022130659,43.62700873979725,1.2184282175762384,65.2634582727857,9.663640332398757,True,False,True,False,True,20.0,51.580625,46.256875,1,0,1.0479459401480211,0.8879116164324787,False,False,False,False,0.2853097675121969,0.300005206586908,False,False,False,False,18566.0,3271.5932962603506,False,False,False,False,1904.9283694986273,False,False,False,False
2025-02-21 20:00:00+00:00,48.255,48.94,48.22,48.86,3388.0,,,,0.0,0.0,0.0,0.0,"rgba(38, 166, 154, 1.0)",3.7796963353405872,43.71745957067281,1.3605697318178336,65.5343084245735,9.663640332398757,True,False,True,False,True,20.0,51.91375,46.256875,1,0,1.049898709883783,0.8861285851370081,False,False,False,False,0.29781026480926187,0.29890773569808493,False,False,False,False,21954.0,3561.2430125973992,False,False,False,False,1927.9217281110516,False,False,False,False
2025-02-24 15:00:00+00:00,42.92,43.425,42.19,42.4,11278.0,,,,0.0,0.0,0.0,0.0,#000000,3.6949629129299257,43.47074932507434,-0.2897862171572613,55.96093623228969,13.11325277790089,False,False,True,False,False,0.497139910177534,47.3225,46.256875,-1,0,1.0269353551476457,0.8958998403830805,False,False,False,False,0.07244883166363951,0.18567828368086223,False,False,False,False,10676.0,3671.54932247961,False,False,False,False,2072.884181938787,False,False,False,False
2025-02-24 16:00:00+00:00,42.41,43.19,42.33,42.79,6885.0,,,,0.0,0.0,0.0,0.0,#000000,3.5993913236685686,43.37759988440412,-0.16324979185792657,49.7665945493989,7.508599995858027,False,True,False,True,False,1.5145874666458532,47.3225,38.1371875,-1,0,1.0265714852270476,0.9006543723973824,False,False,False,False,0.053870505439032865,0.11977439455994754,False,False,False,False,17561.0,3886.8896430613213,False,False,False,False,2147.490628730434,False,False,False,False
2025-02-24 17:00:00+00:00,42.79,43.27,42.755,42.96,1661.0,,,,0.0,0.0,0.0,0.0,#000000,3.4982515800206224,43.36113907898618,-0.11466844788327421,45.63584743632786,3.916532283174547,False,True,False,True,False,1.9582659844591888,47.3225,38.3484375,-1,0,1.0289840587676777,0.9062015891259805,False,False,False,False,0.05427712975848324,0.0870257621592154,False,False,False,False,19222.0,4124.643292006107,False,False,False,False,2139.9481383625202,False,False,False,False
2025-02-24 18:00:00+00:00,42.97,43.14,42.755,42.8,1627.0,,,,0.0,0.0,0.0,0.0,#000000,3.425721621882066,43.34487320429907,-0.15905355555415018,42.52450713094609,1.2085342299868813,False,True,False,True,False,1.5145995635946825,47.3225,38.27031250000001,-1,0,1.0232033677458154,0.9129998997694696,False,False,False,False,0.04458109985869678,0.06580343100895608,False,False,False,False,17595.0,4333.486031664927,False,False,False,False,2131.9954540468225,False,False,False,False
2025-02-24 19:00:00+00:00,42.805,43.015,42.63,42.86,1149.0,,,,0.0,0.0,0.0,0.0,#000000,3.3473559042248864,43.33342774318497,-0.14143334522254736,40.42390868240682,-0.6781385365682411,False,True,False,True,False,1.6763518927480305,46.92875,38.71625000000001,-1,0,1.0172093723345546,0.9172143896442726,False,False,False,False,0.0375260908255885,0.05166476091727229,False,False,False,False,18744.0,4556.904852879425,False,False,False,False,2116.7552144491974,False,False,False,False
2025-02-24 20:00:00+00:00,42.85,42.865,42.575,42.65,2171.0,,,,0.0,0.0,0.0,0.0,#000000,3.2673861360668432,43.31094177502048,-0.20228456249009477,38.67694976196712,-2.378123400621881,False,True,False,True,False,1.0782817224677181,46.574999999999996,38.865,-1,0,1.01423701624223,0.9182374172849407,False,False,False,False,0.031890980016570585,0.04177787046692144,False,False,False,False,16573.0,4743.200901671992,False,False,False,False,2117.5962188763415,False,False,False,False
2025-02-25 15:00:00+00:00,42.66,43.4,42.17,43.22,1492.0,,,,0.0,0.0,0.0,0.0,#000000,3.1795530282508433,43.46138086788231,-0.07591660391809948,38.71003957495484,-2.558125420656282,False,True,False,True,False,2.64146517669068,46.574999999999996,38.933749999999996,-1,0,1.0101366459627332,0.9149813664596271,False,False,False,False,0.030542912739803533,0.036160391603362485,False,False,False,False,18065.0,4949.740422576302,False,False,False,False,2107.897052692212,False,False,False,False
2025-02-25 16:00:00+00:00,43.22,43.31,42.92,43.225,615.0,,,,0.0,0.0,0.0,0.0,#000000,3.080919641574165,43.46103504703535,-0.07661188037827277,38.74518378695233,-2.9105839362685018,False,True,False,True,False,2.655158678944261,46.574999999999996,39.282500000000006,-1,0,1.0148320849248476,0.9175058286621357,False,False,False,False,0.0423920899010828,0.03927624075222264,False,False,False,False,18680.0,5162.612664086747,False,False,False,False,2084.751361952798,False,False,False,False
2025-02-25 17:00:00+00:00,43.22,43.355,42.95,43.11,328.0,,,,0.0,0.0,0.0,0.0,#000000,2.9869773024589668,43.45991025372114,-0.11714526703402971,38.588579869293305,-3.5550903182065525,False,True,False,True,False,2.3117808811617593,46.574999999999996,39.39031250000001,-1,0,1.0140480223174257,0.9247783202152036,False,False,False,False,0.04403940810853641,0.04165782443037953,False,False,False,False,18352.0,5367.099289449743,False,False,False,False,2057.514906728724,False,False,False,False
2025-02-25 18:00:00+00:00,43.12,43.27,42.935,43.09,202.0,,,,0.0,0.0,0.0,0.0,#000000,2.928981171448929,43.45883747899919,-0.12592688631614884,38.442634683904444,-4.2459259442428845,False,True,False,True,False,2.2511612909935437,46.574999999999996,39.33937500000001,-1,0,1.0101725341577743,0.9261992619926197,False,False,False,False,0.04184303536582535,0.04175042989810244,False,False,False,False,18150.0,5565.283796590056,False,False,False,False,2028.7472337561853,False,False,False,False
2025-02-25 19:00:00+00:00,43.07,43.075,42.64,42.835,101.0,,,,0.0,0.0,0.0,0.0,#000000,2.850745748803979,43.45755231608922,-0.21838226588618406,37.881834209087884,-5.341484723603607,False,True,False,True,False,1.4710643720782244,45.8921875,39.822812500000005,-1,0,1.0059835452505612,0.9291947145350284,False,False,False,False,0.03108624035706755,0.036418335127584994,False,False,False,False,18049.0,5758.829784239822,False,False,False,False,1998.8596797444616,False,False,False,False
2025-02-25 20:00:00+00:00,42.835,43.065,42.74,42.905,422.0,,,,0.0,0.0,0.0,0.0,#000000,2.7874585198706785,43.45306792231772,-0.19661922084607292,37.70836079900057,-6.060103090653435,False,True,False,True,False,1.6784634814893202,45.805,40.00000000000001,-1,0,1.004040504813688,0.9314111837182619,False,False,False,False,0.03306136562946953,0.03473985037852726,False,False,False,False,18471.0,5955.9176945616855,False,False,False,False,1974.4122428491987,False,False,False,False
2025-02-26 15:00:00+00:00,46.02,46.455,45.72,46.23,3438.0,,,,0.0,0.0,0.0,0.0,"rgba(38, 166, 154, 0.5)",2.725099523763131,43.93864750030084,0.8408325933487358,44.669517459956886,-11.590443926735212,False,True,False,True,True,10.496991745913633,45.805,42.744375000000005,1,0,1.0085643779939033,0.9225818938404217,False,False,False,False,0.17444889912412218,0.10459437475132471,False,False,False,False,21909.0,6203.252303948326,False,False,False,False,1997.1035259058,False,False,False,False
2025-02-26 16:00:00+00:00,46.28,46.33,45.64,45.66,3931.0,,,,0.0,0.0,0.0,0.0,"rgba(38, 166, 154, 0.5)",2.6567262283215927,43.992426968140066,0.6276796660803973,48.41136445684981,-8.006269471860051,False,True,False,False,True,8.735298628506698,49.345,42.744375000000005,1,0,1.008773198361051,0.9216196673897323,False,False,False,False,0.16982013456082534,0.13720725465607503,False,False,False,False,17978.0,6385.806531794088,False,False,False,False,2027.086416977028,False,False,False,False
2025-02-26 17:00:00+00:00,45.64,45.88,45.4,45.44,599.0,,,,0.0,0.0,0.0,0.0,"rgba(38, 166, 154, 0.5)",2.5800477019124592,43.99598146362695,0.5596867590094061,50.611879929941026,-5.920357499907944,False,False,True,False,True,8.061237058060843,48.955,42.744375000000005,1,0,1.0080408300832973,0.9250325003611148,False,False,False,False,0.15429203222755428,0.14574964344181465,False,False,False,False,17379.0,6556.243639828288,False,False,False,False,2004.9455422952135,False,False,False,False
2025-02-26 18:00:00+00:00,45.44,45.575,44.855,44.86,202.0,,,,0.0,0.0,0.0,0.0,#000000,2.5530297316738064,43.99539604474937,0.3386580048497052,50.95531071339203,-5.503680673373097,False,False,True,False,True,6.300623239164281,48.53,42.744375000000005,1,0,1.0066788391312707,0.9256198347107437,False,False,False,False,0.13519720803205768,0.14047342573693616,False,False,False,False,17177.0,6720.906529133275,False,False,False,False,1976.992898228621,False,False,False,False
2025-02-26 19:00:00+00:00,44.85,44.92,44.57,44.585,2200.0,,,,0.0,0.0,0.0,0.0,#000000,2.5181604361083902,43.97804638674123,0.24103055728918177,50.63177883952978,-5.503680673373097,False,False,False,False,True,5.475332229353423,46.875,42.744375000000005,1,0,1.0023506836171745,0.9305349004557445,False,False,False,False,0.11297824334960911,0.12672583454327263,False,False,False,False,14977.0,6848.907978294,False,False,False,False,1980.4503726746889,False,False,False,False
2025-02-26 20:00:00+00:00,44.585,45.09,44.44,44.845,1380.0,,,,0.0,0.0,0.0,0.0,#000000,2.4802749902030303,43.97311754424256,0.35152652798634476,50.95157441775814,-5.015782263751319,False,False,False,False,True,6.149602896995464,46.855625,42.744375000000005,1,0,1.0006691840734192,0.9304048563644184,False,False,False,False,0.1083490209028177,0.11753742772304517,False,False,False,False,16357.0,6996.320257700294,False,False,False,False,1971.141064571205,False,False,False,False
2025-02-27 15:00:00+00:00,42.99,44.485,42.94,44.1,1082.0,,,,0.0,0.0,0.0,0.0,#000000,2.4441965241461787,43.95586675525816,0.05896958093097449,49.58263642573923,-5.015782263751319,False,False,False,False,True,3.9119387291394503,46.06375,42.744375000000005,1,0,0.9818242059923322,0.9403606759123395,False,False,False,False,0.060397125933837406,0.08896727682844129,False,False,False,False,15275.0,7124.671881611917,False,False,False,False,1957.3559317871554,False,False,False,False
2025-02-27 16:00:00+00:00,44.16,44.76,44.1,44.55,534.0,,,,0.0,0.0,0.0,0.0,#000000,2.4129785862409285,43.952818465319226,0.24748729146871296,49.63504497360093,-5.015782263751319,True,False,False,False,True,5.099938163325977,46.8328125,42.744375000000005,1,0,0.9848946916992283,0.9498713427999617,False,False,False,False,0.09304295967122621,0.09100511824983375,False,False,False,False,15809.0,7259.312627633438,False,False,False,False,1935.2883979609978,False,False,False,False
2025-02-27 17:00:00+00:00,44.55,44.66,44.335,44.465,600.0,,,,0.0,0.0,0.0,0.0,#000000,2.3816288846383595,43.949830547945396,0.2163097094503175,49.47733413871465,-5.015782263751319,True,False,False,False,True,4.842759202764743,46.8890625,42.744375000000005,1,0,0.9760065262248669,0.9585872642641202,False,False,False,False,0.09612329320012922,0.09356420572498148,False,False,False,False,15209.0,7382.563594646872,False,False,False,False,1914.586252256176,False,False,False,False
2025-02-27 18:00:00+00:00,44.465,44.81,44.41,44.675,493.0,,,,0.0,0.0,0.0,0.0,#000000,2.323209284239797,43.94852789966369,0.3127019615772697,49.88777431456605,-4.774327823711076,True,False,False,False,True,5.406071075093532,47.0221875,42.744375000000005,1,0,0.9810753105590062,0.9568614130434782,False,False,False,False,0.10126125571469279,0.09741273071983714,False,False,False,False,15702.0,7511.547104807385,False,False,False,False,1892.5461553219718,False,False,False,False
2025-02-27 19:00:00+00:00,44.7,44.79,44.04,44.14,602.0,,,,0.0,0.0,0.0,0.0,#000000,2.260633019454564,43.944726979012664,0.08637979685639167,48.84931631371862,-4.774327823711076,True,False,False,False,False,3.7620705929460314,46.7371875,42.744375000000005,1,0,0.9779240898528274,0.9466498838109991,False,False,False,False,0.09235868217495735,0.09488570644739724,False,False,False,False,15100.0,7629.197537290992,False,False,False,False,1872.5376877976,False,False,False,False
2025-02-27 20:00:00+00:00,44.15,44.16,43.505,43.565,1200.0,,,,0.0,0.0,0.0,0.0,#000000,2.193092364018608,43.92940998759307,-0.16616262660516867,46.81703050770682,-4.774327823711076,True,False,False,True,False,2.034692375723594,46.204375,42.744375000000005,1,0,0.9758685855502255,0.9518825410670155,False,False,False,False,0.06584623838546871,0.08036597241643298,False,False,False,False,13900.0,7726.419280898884,False,False,False,False,1862.1107469015133,False,False,False,False
2025-02-28 15:00:00+00:00,41.44,41.85,40.935,41.49,2599.0,,,,0.0,0.0,0.0,0.0,"rgba(239, 83, 80, 1.0)",2.1463086413149894,43.83336591264488,-1.0918121781446846,42.03416990439378,-3.57692676748934,False,True,False,True,False,0.0,44.1815625,42.744375000000005,-1,0,0.9650396091267021,0.9574024002656419,False,False,False,False,-0.044636441646348085,0.017864765385042447,False,False,False,False,11301.0,7781.8391370089785,False,False,False,False,1873.5353864844353,False,False,False,False
2025-02-28 16:00:00+00:00,41.515,41.77,41.28,41.34,1165.0,,,,0.0,0.0,0.0,0.0,"rgba(239, 83, 80, 1.0)",2.108716173623305,43.79590978262526,-1.1646469132948245,38.43109585634705,-6.880894658916304,False,True,False,True,False,0.0,44.1815625,38.706875000000004,-1,0,0.9693838862559245,0.9570142180094785,False,False,False,False,-0.03863322494242631,-0.010384229778691932,False,False,False,False,10136.0,7818.337755039846,False,False,False,False,1862.5503417327386,False,False,False,False
2025-02-28 17:00:00+00:00,41.335,41.345,40.86,40.865,489.0,,,,0.0,0.0,0.0,0.0,"rgba(239, 83, 80, 1.0)",2.0681058858178822,43.77863491889994,-1.4088422352454504,35.26589288875254,-9.704840589468006,False,True,False,True,False,0.0,43.9271875,38.277812499999996,-1,0,0.9639905263666685,0.9789259993233118,False,False,False,False,-0.057787386230631635,-0.03408580800466178,False,False,False,False,9647.0,7846.689107674887,False,False,False,False,1841.2549875973473,False,False,False,False
2025-02-28 18:00:00+00:00,40.87,41.16,40.635,40.885,3930.0,,,,0.0,0.0,0.0,0.0,"rgba(239, 83, 80, 1.0)",2.0850477299178665,43.60427761032785,-1.3041800296988728,33.07246371740461,-11.618201790862194,False,True,False,True,False,0.0,43.75968749999999,38.035312499999996,-1,0,0.9503738953093135,0.985966786442653,False,False,False,False,-0.06709553633040038,-0.05059067216753108,False,False,False,False,13577.0,7935.53113701326,False,False,False,False,1873.638631200489,False,False,False,False
2025-02-28 19:00:00+00:00,40.89,41.24,40.825,41.165,879.0,,,,0.0,0.0,0.0,0.0,"rgba(239, 83, 80, 1.0)",2.0960246757710306,43.58238295394521,-1.1533179842245755,32.49146295393088,-12.103775691904502,False,True,False,True,False,0.0,43.306875,38.758125,-1,0,0.9508939445608225,0.9838748964778097,False,False,False,False,-0.06096457370328965,-0.055777622935410366,False,False,False,False,14456.0,8036.6236775246825,False,False,False,False,1858.2178772283885,False,False,False,False
2025-02-28 20:00:00+00:00,41.19,41.62,41.115,41.6,1588.0,,,,0.0,0.0,0.0,0.0,"rgba(239, 83, 80, 0.5)",2.1042207219886553,43.55457378835705,-0.9288824921892311,33.55995995716834,-12.103775691904502,False,True,False,True,False,0.0,43.306875,39.1278125,-1,0,0.9506805210010245,0.9820966876432997,False,False,False,False,-0.04576947157159726,-0.05077354725350382,False,False,False,False,16044.0,8160.769046865385,False,False,False,False,1854.028452775235,False,False,False,False
2025-03-03 15:00:00+00:00,41.29,42.26,41.29,42.17,1048.0,,,,0.0,0.0,0.0,0.0,"rgba(239, 83, 80, 0.5)",2.0989590942366863,43.543895976614635,-0.6545606250198358,36.10688149308987,-12.103775691904502,False,True,False,True,True,0.0,43.306875,39.4434375,-1,0,0.9484716157205243,0.9779233381853468,False,False,False,False,-0.02731362805219678,-0.0390435876528503,False,False,False,False,17092.0,8299.237743813208,False,False,False,False,1841.531887615929,False,False,False,False
2025-03-03 16:00:00+00:00,42.205,42.46,41.98,41.99,719.0,,,,0.0,0.0,0.0,0.0,"rgba(239, 83, 80, 0.5)",2.0955765896866794,43.53864859893278,-0.7390083505200473,37.52698739494936,-12.103775691904502,False,True,False,True,True,0.0,43.306875,39.9334375,-1,0,0.9614053896008968,0.9744164514399883,False,False,False,False,-0.0071801838503433146,-0.023111885751596808,False,False,False,False,16373.0,8424.412352436259,False,False,False,False,1824.1282924590928,False,False,False,False
2025-03-03 17:00:00+00:00,41.96,42.29,41.92,41.95,200.0,,,,0.0,0.0,0.0,0.0,"rgba(239, 83, 80, 0.5)",2.0902285361493234,43.53678272040486,-0.7591431716495796,38.447746452812254,-16.972013072107423,False,True,False,True,True,0.0,43.306875,39.814687500000005,-1,0,0.9730398219144203,0.9708632203809052,False,False,False,False,-0.01238199520253741,-0.01774694047706711,False,False,False,False,16173.0,8544.545494258951,False,False,False,False,1798.9480088550758,False,False,False,False
2025-03-03 18:00:00+00:00,41.95,41.95,41.16,41.37,1096.0,,,,0.0,0.0,0.0,0.0,"rgba(239, 83, 80, 1.0)",2.1082388790577746,43.51675350274779,-1.0182686241453012,37.791521407052116,-16.972013072107423,False,True,False,True,True,0.0,43.306875,39.2384375,-1,0,0.9635565637636849,0.9725811223986585,False,False,False,False,-0.037274407855240214,-0.027510674166153663,False,False,False,False,15077.0,8645.823858689046,False,False,False,False,1788.0495901131367,False,False,False,False
2025-03-03 19:00:00+00:00,41.355,41.56,40.9,40.9,400.0,,,,0.0,0.0,0.0,0.0,"rgba(239, 83, 80, 1.0)",2.1376249091577932,43.50734959484525,-1.2197413978828155,36.37873482396916,-16.972013072107423,False,True,False,True,True,0.0,43.306875,39.14687500000001,-1,0,0.9588151355606952,0.9783496531023963,False,False,False,False,-0.05200331404133858,-0.03975699410374612,False,False,False,False,14677.0,8739.330465531075,False,False,False,False,1766.529441429212,False,False,False,False
2025-03-03 20:00:00+00:00,40.63,40.63,39.91,40.14,1843.0,,,,0.0,0.0,0.0,0.0,"rgba(239, 83, 80, 1.0)",2.1859436290877126,43.34379291661446,-1.465633822383398,34.05722849543407,-16.972013072107423,False,True,False,True,False,0.0,42.41499999999999,38.125,-1,0,0.9651485148514852,0.9826237623762375,True,False,False,False,-0.09566683869081684,-0.06771191639728148,False,False,False,False,12834.0,8802.813714127491,True,False,False,False,1767.715031484573,True,False,False,False
2025-03-04 15:00:00+00:00,40.95,41.46,40.46,41.24,1600.0,,,,0.0,0.0,0.0,0.0,"rgba(239, 83, 80, 0.5)",2.2089815271719675,43.33439328588898,-0.948126211164069,36.131842567167716,-16.972013072107423,False,True,False,True,False,0.0,42.41499999999999,38.628437500000004,-1,0,0.9689111536761458,0.9595304749275575,False,False,False,False,-0.06425652941068526,-0.06598422290398337,False,False,False,False,14434.0,8890.118927861948,False,False,False,False,1765.1147984383006,False,False,False,False
2025-03-04 16:00:00+00:00,41.23,41.63,40.98,41.63,1450.0,,,,0.0,0.0,0.0,0.0,"rgba(239, 83, 80, 0.5)",2.2280784190510556,43.32658013437336,-0.7614544083667997,38.725460506283326,-16.466332718111794,False,False,False,True,True,0.0,42.41499999999999,38.9265625,-1,0,0.9751988999116004,0.95796090757293,False,False,False,False,-0.048602566609142,-0.057293394756562685,False,False,False,False,15884.0,8998.551192546258,False,False,False,False,1760.229297687319,False,False,False,False
2025-03-04 17:00:00+00:00,41.58,42.55,41.54,41.96,1440.0,,,,0.0,0.0,0.0,0.0,"rgba(239, 83, 80, 0.5)",2.2430592104581706,43.33109239128029,-0.6112600081565529,41.48804847579238,-13.843209697779926,True,False,False,True,True,0.0,42.41499999999999,39.6178125,-1,0,0.9869445265543404,0.9492068184057543,False,False,False,False,-0.015096231935481224,-0.03619481334602195,False,False,False,False,17324.0,9127.627918243215,False,False,False,False,1755.2645023743373,False,False,False,False
2025-03-04 18:00:00+00:00,41.9,42.49,41.9,42.39,1766.0,,,,0.0,0.0,0.0,0.0,#000000,2.2543396847888793,43.33624162401744,-0.41974225552705713,44.595353974958485,-10.943606477873708,True,False,False,False,True,0.0,42.41499999999999,39.78,-1,0,0.9855608121427164,0.9477133845850579,False,False,False,False,-0.00831096963516497,-0.022252891490593462,False,False,False,False,19090.0,9282.083299355723,False,False,False,False,1755.4309441979908,False,False,False,False
2025-03-04 19:00:00+00:00,42.39,42.81,42.38,42.74,1052.0,,,,0.0,0.0,0.0,0.0,#000000,2.255359269037206,43.343153826065624,-0.26743137306150927,47.69173137218122,-8.095638211771337,True,False,False,False,True,0.7595839345979769,42.41499999999999,40.592499999999994,1,0,0.9939277251184837,0.9407089257503949,False,False,False,False,0.009781018839307713,-0.006235936325642875,False,False,False,False,20142.0,9450.4541009161,False,False,False,False,1744.525038086394,False,False,False,False
2025-03-04 20:00:00+00:00,42.71,42.98,42.16,42.26,1736.0,,,,0.0,0.0,0.0,0.0,#000000,2.2587228153884586,43.34515643417546,-0.48042921724719584,48.50046365745721,-7.366046358436584,True,False,False,False,True,0.0,44.634375,40.592499999999994,1,0,0.9921832751585469,0.9367779361879947,False,False,False,False,0.008650204860322499,0.001207134267339812,False,False,False,False,18406.0,9589.299773770113,False,False,False,False,1744.3928669532716,False,False,False,False
2025-03-05 15:00:00+00:00,45.97,47.15,45.83,47.13,2235.0,,,,0.0,0.0,0.0,0.0,"rgba(0, 255, 255, 0.75)",2.271394654320399,43.47819529404141,1.6077367704518126,56.10592744111145,-0.2863712451601188,True,False,True,False,True,11.553817744544013,49.380312499999995,43.599687499999995,1,0,0.9944026340545629,0.9184383819379115,False,False,False,False,0.1881352360715943,0.09467118516946706,False,False,False,False,20641.0,9760.643963324066,False,False,False,False,1751.999179093531,False,False,False,False
2025-03-05 16:00:00+00:00,46.85,47.145,46.535,47.09,371.0,,,,0.0,0.0,0.0,0.0,"rgba(0, 255, 255, 0.75)",2.2818882906861986,43.49883387130942,1.57376947125254,61.44243050944255,4.417856065444148,True,False,True,False,True,11.43696931131398,49.74625000000001,43.933749999999996,1,0,1.0009833762584877,0.9173963942870521,False,False,False,False,0.19717433238624746,0.14592275877785726,False,False,False,False,20270.0,9923.57971583067,False,False,False,False,1730.5883391075847,False,False,False,False
2025-03-05 17:00:00+00:00,47.09,48.055,47.09,47.74,2348.0,,,,0.0,0.0,0.0,0.0,"rgba(0, 255, 255, 0.75)",2.3029849745042634,43.63750019848638,1.7813836594382126,65.78745478285674,8.156841663319028,True,False,True,False,True,12.828695922682051,50.58187500000001,44.563125,1,0,1.0051568543188658,0.9206417418707922,False,False,False,False,0.23379617784276815,0.1898594683103127,False,False,False,False,22618.0,10120.39243341469,False,False,False,False,1740.1606129198701,False,False,False,False
2025-03-05 18:00:00+00:00,47.685,47.985,47.465,47.97,1924.0,,,,0.0,0.0,0.0,0.0,"rgba(0, 255, 255, 0.75)",2.328276244406982,43.73958549186874,1.8169727575469716,69.07785247223805,10.96414082944787,True,False,True,False,True,13.316345480853023,50.737187500000005,44.7128125,1,0,0.9981380693211118,0.9233266494796142,False,False,False,False,0.2414954558185417,0.2156774620644272,False,False,False,False,24542.0,10343.98324840051,False,False,False,False,1743.010835975376,False,False,False,False
2025-03-05 19:00:00+00:00,48.02,48.21,47.88,48.04,1947.0,,,,0.0,0.0,0.0,0.0,"rgba(0, 255, 255, 0.75)",2.354514444693402,43.83700101208122,1.7850809951034659,71.48836113167383,13.063669560638402,True,False,True,False,True,13.46623644899957,50.93718750000001,45.152812499999996,1,0,1.0061769775905,0.9181670178126794,False,False,False,False,0.2577442480780308,0.23671085507122902,False,False,False,False,26489.0,10594.29358563461,False,False,False,False,1746.1734586734322,False,False,False,False
2025-03-05 20:00:00+00:00,48.03,48.62,48.02,48.295,4095.0,,,,0.0,0.0,0.0,0.0,"rgba(0, 255, 255, 0.75)",2.3855397485457046,44.024823182894195,1.7900254312295707,73.44066178617717,14.871339420736035,True,False,True,False,True,14.017081734171349,51.2346875,45.4053125,1,0,1.0056801909307878,0.9127923627684964,False,False,False,False,0.27181494384749333,0.2542628994593612,False,False,False,False,30584.0,10904.2115145395,False,False,False,False,1782.5893740428364,False,False,False,False
2025-03-06 15:00:00+00:00,49.67,50.64,48.53,48.83,5398.0,,,,0.0,0.0,0.0,0.0,"rgba(0, 255, 255, 0.75)",2.4278907224914326,44.28060538861227,1.8738053443852143,75.308830246669,16.721425856889596,True,False,True,False,True,15.163828392114208,52.870000000000005,46.3,1,0,1.0111579934364745,0.8918424753867791,False,False,False,False,0.3380142307592569,0.296138565109309,False,False,False,False,35982.0,11293.014436794701,False,False,False,False,1838.642251964653,False,False,False,False
2025-03-06 16:00:00+00:00,48.95,49.49,48.95,49.02,1011.0,,,,0.0,0.0,0.0,0.0,"rgba(0, 255, 255, 0.75)",2.4735893659520296,44.321669785067115,1.8993978061207442,76.80916880689028,18.32271825324031,True,False,True,False,True,15.568821252611698,52.480625,46.3,1,0,1.0142450142450146,0.899771145672785,False,False,False,False,0.3186419798566174,0.30739027248296324,False,False,False,False,36993.0,11691.463825371527,False,False,False,False,1825.8105891434957,False,False,False,False
2025-03-06 17:00:00+00:00,49.005,49.27,48.59,48.78,809.0,,,,0.0,0.0,0.0,0.0,"rgba(0, 255, 255, 0.75)",2.512433617965716,44.35158121889336,1.7626013079272018,76.98905463171705,18.793455160911662,True,False,True,False,True,14.785533205392973,52.19437500000001,46.3,1,0,1.0176700032896284,0.8999953005310398,False,False,False,False,0.3034142387771392,0.3054022556300512,False,False,False,False,36184.0,12071.193068389022,False,False,False,False,1810.046083885457,False,False,False,False
2025-03-06 18:00:00+00:00,48.86,49.37,48.73,48.8,923.0,,,,0.0,0.0,0.0,0.0,"rgba(0, 255, 255, 0.75)",2.5566241853711777,44.38553885730211,1.7266758125645223,77.14035711530458,19.36178456369801,True,False,True,False,True,14.829783588562893,52.24875,46.3,1,0,1.0230025349732421,0.8945169467655619,False,False,False,False,0.30969845345514996,0.3075503545426006,False,False,False,False,37107.0,12459.345113840354,False,False,False,False,1796.2934314221163,False,False,False,False
2025-03-06 19:00:00+00:00,48.77,48.975,48.19,48.27,628.0,,,,0.0,0.0,0.0,0.0,"rgba(38, 166, 154, 1.0)",2.579840577517343,44.40539432168062,1.4980017416573894,75.17725188050193,19.36178456369801,True,False,True,False,True,13.07949048095588,51.6809375,46.3,1,0,1.0158700522778195,0.8974981329350261,False,False,False,False,0.28534471026830716,0.29644753240545385,False,False,False,False,36479.0,12831.742864013371,False,False,False,False,1778.1803549659594,False,False,False,False
2025-03-06 20:00:00+00:00,48.2,49.005,48.2,48.9,303.0,,,,0.0,0.0,0.0,0.0,"rgba(0, 255, 255, 0.75)",2.6201126961526207,44.41544582505628,1.7115882769198618,74.70052454662309,19.36178456369801,True,False,True,False,True,14.509105300306743,51.730000000000004,46.3,1,0,1.014487369985141,0.8997956909361068,False,False,False,False,0.28637967386398105,0.2914136031347174,False,False,False,False,36782.0,13203.06468007518,False,False,False,False,1755.3093417106732,False,False,False,False
2025-03-07 15:00:00+00:00,49.75,50.72,49.22,49.62,2028.0,,,,0.0,0.0,0.0,0.0,"rgba(0, 255, 255, 0.75)",2.675261725008772,44.96153898526654,1.7413103814050865,75.27182446239294,19.36178456369801,True,False,True,False,True,16.095100294509376,53.249375,46.690625,1,0,1.0218944668376697,0.8861304507145474,False,True,False,False,0.34282824916994337,0.3171209261523304,False,False,False,False,38810.0,13600.071429221302,False,False,False,False,1759.5371038546937,False,True,False,False
2025-03-07 16:00:00+00:00,49.62,49.72,48.23,48.35,1509.0,,,,0.0,0.0,0.0,0.0,"rgba(38, 166, 154, 1.0)",2.7020309128604856,44.97736181403906,1.2481863808103237,71.52805346120812,19.36178456369801,True,False,True,False,False,11.989977328063905,52.42312499999999,46.690625,1,0,1.0136248415716096,0.8942151004888647,False,False,False,False,0.28754126241262906,0.30233109428247973,False,False,False,False,37301.0,13967.527686132598,False,False,False,False,1755.6528076708998,False,False,False,False
2025-03-07 17:00:00+00:00,48.42,48.965,48.26,48.52,1597.0,,,,0.0,0.0,0.0,0.0,"rgba(38, 166, 154, 1.0)",2.730820216355092,45.00482037950939,1.2872248416200864,69.1472810191649,25.48401090686059,True,False,True,False,False,12.375451147740787,52.1121875,46.690625,1,0,1.013138686131387,0.9069799270072992,False,False,False,False,0.26783254632549086,0.2850818203039853,False,False,False,False,38898.0,14354.046636735193,False,False,False,False,1753.1930742186378,False,False,False,False
2025-03-07 18:00:00+00:00,48.52,49.12,48.52,49.12,318.0,,,,0.0,0.0,0.0,0.0,"rgba(38, 166, 154, 1.0)",2.775381553186045,45.01327313772671,1.4796981184655131,68.44909339504565,24.6001092936488,True,False,True,False,False,13.72547504966711,52.2784375,46.690625,1,0,1.0135196649672253,0.9051802621995628,False,False,False,False,0.27908829185458656,0.2820850560792859,False,False,False,False,39216.0,14739.503278026119,False,False,False,False,1730.9420188043953,False,False,False,False
2025-03-07 19:00:00+00:00,49.19,49.73,49.16,49.29,300.0,,,,0.0,0.0,0.0,0.0,"rgba(0, 255, 255, 0.75)",2.8209881774472074,45.02393057813072,1.5122606524816316,68.22485854591433,24.094731081225163,True,False,True,False,False,14.105008463778567,52.10093749999999,46.78906249999999,1,0,1.01968700385575,0.8983442957586754,False,False,False,False,0.3134248681401983,0.2977549621097421,False,False,False,False,39516.0,15123.635010149745,False,False,False,False,1708.7568712260327,False,False,False,False
2025-03-07 20:00:00+00:00,49.24,49.41,48.97,49.04,760.0,,,,0.0,0.0,0.0,0.0,"rgba(38, 166, 154, 1.0)",2.860118757378079,45.04688633409872,1.3961356169566308,67.2026423070178,22.799409067302832,False,False,True,False,False,13.284431724931924,51.8140625,46.78906249999999,1,0,1.0176510522742703,0.9014256619144603,False,False,False,False,0.2993332051092974,0.2985440836095198,False,False,False,False,38756.0,15490.028265806337,False,False,False,False,1694.047462369815,False,False,False,False
2025-03-10 14:00:00+00:00,46.34,46.34,44.83,44.92,3877.0,,,,0.0,0.0,0.0,0.0,#000000,2.859894906088945,44.960481697434375,-0.014154959802258595,58.21604711113554,14.216574272857144,False,True,True,False,False,1.4457920524595949,48.8175,46.78906249999999,-1,0,1.0052910052910053,0.9072543617998162,False,False,False,False,0.10766246883352949,0.20310327622152463,False,False,False,False,34879.0,15790.632478739572,False,False,False,False,1727.8916877594304,False,False,False,False
2025-03-10 15:00:00+00:00,44.92,47.215,44.83,44.91,4492.0,,,,0.0,0.0,0.0,0.0,#000000,2.859632252864211,44.93349930534014,-0.008217596971291815,51.784874897988104,8.435040935088466,False,True,False,True,False,1.4204113431104304,48.8175,42.4403125,-1,0,1.0046863579689582,0.9026183412872434,False,False,False,False,0.10821576169321317,0.1556595189573689,False,False,False,False,30387.0,16016.932750387019,False,False,False,False,1770.7460801972686,False,False,False,False
2025-03-10 16:00:00+00:00,44.91,44.91,44.91,44.91,0.0,,,,0.0,0.0,0.0,0.0,#000000,2.859313527203071,44.93349930534014,-0.008218512981027276,47.19118046002565,4.490565640494232,False,True,False,True,False,1.4204113431104304,48.4303125,41.389687499999994,-1,0,1.0024169449815434,0.9334680963262436,False,False,False,False,0.04520346843448061,0.10043149369592476,False,False,False,False,30387.0,16239.724490691096,False,False,False,False,1743.292652597311,False,False,False,False
2025-03-10 17:00:00+00:00,44.91,45.48,44.76,44.78,1788.0,,,,0.0,0.0,0.0,0.0,#000000,2.8559878223551762,44.91632926585265,-0.04773454031755239,43.72219645158831,1.558749560641587,False,True,False,True,False,1.0785079909552593,48.4303125,41.577187499999994,-1,0,1.0047049511916277,0.9197520007035441,False,False,False,False,0.0567045889142856,0.07856804130510518,False,False,False,False,28599.0,16431.341165254024,False,False,False,False,1743.9857897663449,False,False,False,False
2025-03-10 18:00:00+00:00,44.78,44.99,44.37,44.38,2126.0,,,,0.0,0.0,0.0,0.0,#000000,2.856793999390676,44.89062317833326,-0.17873993660101678,40.657090429462954,-1.0955797067076603,False,True,False,True,False,0.024634598051097356,47.899375000000006,41.46062499999999,-1,0,1.0012774204915866,0.9241917011717028,False,False,False,False,0.027655887337977483,0.05311196432154133,False,False,False,False,26473.0,16587.02579835086,False,False,False,False,1749.9084907002,False,False,False,False
2025-03-10 19:00:00+00:00,44.42,45.035,44.235,44.89,540.0,,,,0.0,0.0,0.0,0.0,#000000,2.8560136096906747,44.99005682119625,-0.03503373403290056,39.9226325196994,-1.7126636516138802,False,True,False,True,False,1.3519430372219858,47.880625,41.389374999999994,-1,0,0.9961366230573361,0.9244885415752041,False,False,False,False,0.025082111886248867,0.0390970381038951,False,False,False,False,27013.0,16748.66880922914,False,False,False,False,1731.1502195265534,False,False,False,False
2025-03-11 14:00:00+00:00,46.94,47.33,45.83,46.38,1208.0,,,,0.0,0.0,0.0,0.0,#000000,2.8593042875861654,45.07704091025532,0.4556909509077276,42.87031046177424,-1.7126636516138802,False,True,False,True,False,5.043998849027044,47.880625,43.004374999999996,-1,0,1.001981818965146,0.9103442333376415,False,False,False,False,0.1362809456351549,0.087688991869525,False,False,False,False,28221.0,16926.534409086053,False,False,False,False,1723.0393634098627,False,False,False,False
2025-03-11 15:00:00+00:00,46.16,46.955,46.16,46.95,685.0,,,,0.0,0.0,0.0,0.0,"rgba(38, 166, 154, 0.5)",2.864809475922082,45.0963171012981,0.647052767132191,46.060542025716,-1.7126636516138802,False,True,False,True,True,6.386695214753566,47.880625,42.95281249999999,-1,0,1.004461221688401,0.9144217570350034,False,False,False,False,0.11098943986469556,0.09933921586711028,False,False,False,False,28906.0,17112.262557782393,False,False,False,False,1706.9457298686245,False,False,False,False
2025-03-11 16:00:00+00:00,46.95,46.95,46.29,46.3,600.0,,,,0.0,0.0,0.0,0.0,#000000,2.865707767552133,45.105237391248174,0.41691711286122546,46.99073566227492,-1.7126636516138802,False,True,False,True,True,4.608719194964834,47.880625,43.03875,-1,0,1.0043312770704818,0.922518265739161,False,False,False,False,0.11506050021748315,0.10719985804229672,False,False,False,False,28306.0,17285.808874715996,False,False,False,False,1689.7837805683357,False,False,False,False
2025-03-11 17:00:00+00:00,46.3,46.54,45.9,46.325,300.0,,,,0.0,0.0,0.0,0.0,#000000,2.827061314452747,45.106936525001885,0.4308585274649081,47.708476856604634,-1.7126636516138802,False,True,False,False,True,4.669019531160149,47.880625,42.669687499999995,-1,0,1.0017932120363893,0.9219734079776067,False,False,False,False,0.08906545381039764,0.09813265592634718,False,False,False,False,28606.0,17461.315713867687,False,False,False,False,1668.236745210687,False,False,False,False
2025-03-11 18:00:00+00:00,46.33,47.27,46.33,47.11,780.0,,,,0.0,0.0,0.0,0.0,"rgba(38, 166, 154, 0.5)",2.7819448961841466,45.12351468722889,0.7140635012202686,49.84893623702094,-8.15776681005672,False,True,False,False,True,6.5478665782612,47.880625,43.41374999999999,-1,0,1.0057040842985285,0.914221022380911,False,False,False,False,0.1268068832811282,0.1124697696037377,False,False,False,False,29386.0,17646.194540009274,False,False,False,False,1654.4656328818392,False,False,False,False
2025-03-11 19:00:00+00:00,47.11,47.245,46.79,46.99,1090.0,,,,0.0,0.0,0.0,0.0,"rgba(38, 166, 154, 0.5)",2.755272622668189,45.144840247542305,0.6696831875282292,51.08419761707971,-6.6526005804449895,False,True,False,False,True,6.209461478765856,47.880625,43.825312499999995,-1,0,1.0091379835516299,0.9145816108959575,False,False,False,False,0.14104732645833992,0.1267585480310388,False,False,False,False,28296.0,17811.307802954863,False,False,False,False,1645.7142277208804,False,False,False,False
2025-03-12 14:00:00+00:00,45.6,45.6,44.44,44.45,401.0,,,,0.0,0.0,0.0,0.0,#000000,2.7250637202236017,45.13438057057054,-0.2511429606183239,47.28595589106505,-6.6526005804449895,False,True,False,True,False,0.0,47.880625,41.481874999999995,-1,0,0.9956410256410259,0.9206410256410257,False,False,False,False,0.011657041097410416,0.06920779456422461,False,False,False,False,27895.0,17967.644116087344,False,False,False,False,1626.4163327174558,False,False,False,False
2025-03-12 15:00:00+00:00,44.49,45.14,44.44,45.11,502.0,,,,0.0,0.0,0.0,0.0,#000000,2.695899159701433,45.12340379902281,-0.004971921510704915,45.98701879920161,-6.6526005804449895,False,True,False,True,False,1.140311336232429,47.880625,41.233124999999994,-1,0,0.993054371910687,0.926580876086586,False,False,False,False,-0.0031352144320242496,0.033036290066100184,False,False,False,False,28397.0,18129.339556148007,False,False,False,False,1608.9835213574952,False,False,False,False
2025-03-12 16:00:00+00:00,45.09,45.59,45.02,45.34,670.0,,,,0.0,0.0,0.0,0.0,#000000,2.654613877353437,45.11568064118187,0.08450168995642207,45.543382933054396,-6.6526005804449895,False,True,False,True,False,1.6966859204904168,47.880625,41.755625,-1,0,1.0076529515456383,0.9207188615159724,False,False,False,False,0.029994371870516956,0.031515330968308566,False,False,False,False,29067.0,18298.915687060442,False,False,False,False,1594.425637305441,False,False,False,False
2025-03-12 17:00:00+00:00,45.29,45.36,44.9,44.9,0.0,,,,0.0,0.0,0.0,0.0,#000000,2.6403055839383796,45.11568064118187,-0.08168775708914415,44.48220133446222,-6.6526005804449895,False,True,False,True,False,0.5852217519873761,47.880625,41.576874999999994,-1,0,1.0033535405649427,0.9220086848101811,False,False,False,False,0.018733003668063675,0.02512416731818612,False,False,False,False,29067.0,18465.86273067191,False,False,False,False,1569.7058599828758,False,False,False,False
2025-03-12 18:00:00+00:00,44.995,45.63,44.945,45.46,0.0,,,,0.0,0.0,0.0,0.0,#000000,2.6309865806170505,45.11568064118187,0.13087081528837716,44.984890050820724,-6.6526005804449895,False,True,False,True,False,1.9598640892496633,47.880625,42.386874999999996,-1,0,1.0043714910213004,0.9176702524321777,False,False,False,False,0.028867939858446937,0.026996053588316526,False,False,False,False,29067.0,18630.221448025834,False,False,False,False,1545.369335021901,False,False,False,False
2025-03-12 19:00:00+00:00,45.47,45.79,45.41,45.79,445.0,,,,0.0,0.0,0.0,0.0,#000000,2.6241837976032123,45.11385843241014,0.2576578546851063,46.06376416650592,-6.6526005804449895,False,True,False,True,False,2.7622706063824403,47.880625,43.07531249999999,-1,0,1.0091558636033031,0.9140889060026526,False,False,False,False,0.04899653577228223,0.03799629468029938,False,False,False,False,29512.0,18798.93119301768,False,False,False,False,1528.309345331639,False,False,False,False
2025-03-13 14:00:00+00:00,44.37,45.9,44.37,45.72,501.0,,,,0.0,0.0,0.0,0.0,#000000,2.614833264282756,45.23361537356759,0.18600980531958522,46.683693891860415,-6.6526005804449895,False,False,False,True,False,2.577799498599255,47.880625,42.3234375,-1,0,1.0003815337657385,0.9161049641782186,False,False,False,False,0.019054677544921652,0.028525486112610514,False,False,False,False,29011.0,18957.25784118795,False,False,False,False,1512.3820686598306,False,False,False,False
2025-03-13 15:00:00+00:00,45.74,45.9,45.48,45.54,400.0,,,,0.0,0.0,0.0,0.0,#000000,2.6048688421270465,45.24076107467057,0.11487677248466685,46.71737829385493,-6.6526005804449895,False,False,False,True,False,2.097899929000498,47.880625,42.934687499999995,-1,0,1.011156358700263,0.9150759311105455,False,False,False,False,0.03880296445130762,0.033664225281959066,False,False,False,False,28611.0,19106.9282622548,False,False,False,False,1495.1358350371975,False,False,False,False
2025-03-13 16:00:00+00:00,45.62,46.055,45.52,45.8,31.0,,,,0.0,0.0,0.0,0.0,#000000,2.592880336891978,45.24140283505169,0.2154349959774413,47.42610567822105,-6.6526005804449895,False,False,False,False,True,2.7565972010422186,47.880625,43.048125,-1,0,1.0115843417596142,0.9286852418069851,False,False,False,False,0.04544878896046201,0.03955650712121054,False,False,False,False,28642.0,19254.758831832245,False,False,False,False,1472.4360546490236,False,False,False,False
2025-03-13 17:00:00+00:00,45.8,45.91,45.44,45.44,100.0,,,,0.0,0.0,0.0,0.0,#000000,2.585201044685124,45.24171324958711,0.07670070798576582,47.02987267693786,-6.6526005804449895,True,False,False,True,True,1.77648203071276,47.880625,42.997499999999995,-1,0,1.0034461962608772,0.9296545188248472,False,False,False,False,0.03778084858250269,0.03866867785185661,False,False,False,False,28542.0,19398.747066997636,False,False,False,False,1451.1579762823721,False,False,False,False
2025-03-13 18:00:00+00:00,45.41,46.38,45.41,46.28,200.0,,,,0.0,0.0,0.0,0.0,#000000,2.5807993593716176,45.247668353821325,0.4000046119160661,48.92799754408565,-5.5185399664966255,True,False,False,False,True,3.9100132757426955,47.880625,43.49312499999999,-1,0,0.99927032363293,0.9303373680144219,False,False,False,False,0.052780913054174226,0.045724795453015415,False,False,False,False,28742.0,19543.603701617827,False,False,False,False,1431.760178200475,False,False,False,False
2025-03-13 19:00:00+00:00,46.27,46.335,45.56,45.71,120.0,,,,0.0,0.0,0.0,0.0,#000000,2.571858500023624,45.24932773279784,0.1791203782004071,48.819075748687325,-5.3554965168666655,True,False,False,False,True,2.3494719848851844,47.880625,43.549375,-1,0,1.000213885442957,0.9305300081276469,False,False,False,False,0.056363730730485895,0.051044263091750655,False,False,False,False,28622.0,19684.354031825304,False,False,False,False,1411.4228110965917,False,False,False,False
2025-03-14 14:00:00+00:00,47.85,48.53,47.78,47.87,1049.0,,,,0.0,0.0,0.0,0.0,"rgba(38, 166, 154, 0.5)",2.581014536192243,45.350260088348605,0.9762594810367673,52.92757971044928,-1.2845427910498515,True,False,True,False,True,7.510455420129013,47.880625,45.351875,-1,0,1.0019652937486936,0.9180012544428185,False,False,False,False,0.20951805101301887,0.13028115705238477,False,False,False,False,29671.0,19839.18575226212,False,False,False,False,1405.8038527850165,False,False,False,False
2025-03-14 15:00:00+00:00,47.95,47.95,47.555,47.86,500.0,,,,0.0,0.0,0.0,0.0,"rgba(38, 166, 154, 0.5)",2.585413257433198,45.37524940930295,0.9610651541115369,55.83607748968198,1.4725070233265356,True,False,True,False,True,7.482774716501915,47.880625,44.9953125,-1,0,1.0013783885384906,0.9227684724948833,False,False,False,False,0.18107187392436266,0.15567651548837372,False,False,False,False,29171.0,19983.865042924725,False,False,False,False,1391.7603821992022,False,False,False,False
2025-03-14 16:00:00+00:00,47.76,47.83,47.33,47.81,100.0,,,,0.0,0.0,0.0,0.0,"rgba(38, 166, 154, 0.5)",2.5882608808593885,45.3792415318936,0.9391473966485603,57.771105372578845,3.2623206755638705,True,False,True,False,True,7.341835253556312,47.880625,44.90062499999999,-1,0,1.0004611772597687,0.9279724970652357,False,False,False,False,0.16897140208672903,0.16232395878755138,False,False,False,False,29071.0,20124.75085621271,False,False,False,False,1371.7330894519278,False,False,False,False
2025-03-14 17:00:00+00:00,47.76,48.02,47.7,47.9,0.0,,,,0.0,0.0,0.0,0.0,"rgba(38, 166, 154, 0.5)",2.603689732903069,45.3792415318936,0.9681485609638283,59.31783385914077,4.7045559252047084,True,False,True,False,True,7.553512956400599,47.880625,45.2059375,1,0,0.9964699949571358,0.9301563287947554,False,False,False,False,0.18863914492197736,0.17548155185476438,False,False,False,False,29071.0,20263.45239332569,False,False,False,False,1350.4659097705025,False,False,False,False
2025-03-14 18:00:00+00:00,47.92,48.16,47.88,48.11,0.0,,,,0.0,0.0,0.0,0.0,"rgba(38, 166, 154, 1.0)",2.6235439977457475,45.3792415318936,1.0408662749520408,60.82270146488664,6.1395997585525635,True,False,True,False,True,8.052215769478597,50.2484375,45.79156249999999,1,0,0.9986970957844745,0.9256924305467996,False,False,False,False,0.19994200322427583,0.18771177753952012,False,False,False,False,29071.0,20400.003519010563,False,False,False,False,1329.5284538050685,False,False,False,False
2025-03-14 19:00:00+00:00,48.08,48.375,48.08,48.33,350.0,,,,0.0,0.0,0.0,0.0,"rgba(38, 166, 154, 1.0)",2.6462471352654373,45.39915492809445,1.1075477542695826,62.322474347186215,7.595988995004497,True,False,True,False,True,8.577236838795045,50.38,46.074999999999996,1,0,1.0012221847606204,0.9255731625084288,False,False,False,False,0.2146763097895265,0.20119404366452331,False,False,False,False,29421.0,20539.86392956854,False,False,False,False,1314.3419661491757,False,False,False,False
2025-03-17 14:00:00+00:00,50.78,51.31,50.44,51.29,499.0,,,,0.0,0.0,0.0,0.0,"rgba(0, 255, 0, 1.0)",2.7321821411194183,45.46492910986132,2.132021435346932,67.10897972237649,12.084782650206435,True,False,True,False,True,15.033647048205616,53.479375000000005,48.270624999999995,1,0,0.9995454733275486,0.9231436717491012,False,False,False,False,0.3428282474313523,0.2720111455479378,False,False,False,False,29920.0,20685.292395776778,False,False,False,False,1301.7010054336847,False,False,False,False
2025-03-17 15:00:00+00:00,51.36,52.31,51.14,52.01,1072.0,,,,0.0,0.0,0.0,0.0,"rgba(0, 255, 0, 1.0)",2.832781473017909,45.60161120715356,2.262224902939389,71.08397454429084,15.66134468341852,True,False,True,False,True,16.44632461245769,54.462500000000006,48.9875,1,0,1.0032463529895215,0.9164577768645983,False,False,False,False,0.342828247949592,0.3074196967487649,False,False,False,False,30992.0,20845.086312121322,False,False,False,False,1298.1397495354881,False,False,False,False
2025-03-17 16:00:00+00:00,51.87,52.28,51.745,52.21,633.0,,,,0.0,0.0,0.0,0.0,"rgba(0, 255, 0, 1.0)",2.9336179550694648,45.67270811248599,2.2284060118384477,74.07310272313825,18.275318018009642,True,False,True,False,True,16.83471697431412,54.713437500000005,49.3115625,1,0,1.0049406697352308,0.9303238883493097,False,False,False,False,0.34282824810789886,0.3251239724283319,False,False,False,False,31625.0,21012.216756894635,False,False,False,False,1287.8275053566433,False,False,False,False
2025-03-17 17:00:00+00:00,52.3,52.435,52.13,52.275,603.0,,,,0.0,0.0,0.0,0.0,"rgba(0, 255, 0, 1.0)",3.025477689927972,45.736408741972305,2.1611764911686917,76.25977432923438,20.180292368006675,True,False,True,False,True,16.962385357829508,54.969375,49.595625,1,0,1.0100786731873275,0.9210291303423348,False,False,False,False,0.34282824824966973,0.3339761103390008,False,False,False,False,32228.0,21186.104869190844,False,False,False,False,1277.2100246534394,False,False,False,False
2025-03-17 18:00:00+00:00,52.26,52.52,52.22,52.26,204.0,,,,0.0,0.0,0.0,0.0,"rgba(0, 255, 0, 1.0)",3.113363881343988,45.75692011886763,2.0887631927961765,77.76384032262187,21.532270933021636,True,False,True,False,True,16.914878406898328,54.82625000000001,49.91375,1,0,1.0023828773243693,0.9222160759116634,False,False,False,False,0.3428282482942566,0.33840217931662875,False,False,False,False,32024.0,21354.134251063853,False,False,False,False,1260.5711095425333,False,False,False,False
2025-03-17 19:00:00+00:00,52.26,52.58,52.17,52.34,113.0,,,52.36333333333334,-1.0,52.58,52.17,0.0,"rgba(0, 255, 255, 0.75)",3.1971009136797512,46.29564025694954,1.8905752136843306,78.91378959737368,22.653873981552067,True,False,True,False,True,17.07771995828353,54.829375,49.920625,1,0,1.0006383522001874,0.9234828496042217,False,False,False,False,0.34282824829678504,0.3406152138067069,False,False,False,False,32137.0,21521.310464225655,False,False,False,False,1242.779309394587,False,True,False,False
2025-03-18 14:00:00+00:00,50.66,51.26,50.13,51.22,981.0,,,51.02424741011579,0.0,0.0,0.0,0.0,"rgba(0, 255, 255, 0.75)",3.250098249381129,46.27188054859281,1.5224522681273986,75.5118979459787,22.653873981552067,True,False,True,False,False,13.5320146652961,53.463437500000005,49.920625,1,0,0.9899040676972058,0.9258514515520925,False,False,False,False,0.24307858129506277,0.29184689755088483,False,False,False,False,31156.0,21670.68549578805,False,False,False,False,1238.7207154504847,False,False,False,False
2025-03-18 15:00:00+00:00,50.94,51.52,50.73,51.16,764.0,,,51.07047362755652,0.0,0.0,0.0,0.0,"rgba(38, 166, 154, 1.0)",3.294847202844123,46.32145532426638,1.4685186832205657,72.88022997395937,22.653873981552067,True,False,True,False,False,13.34604490012731,53.95343750000001,49.920625,1,0,0.9947812291249166,0.9244321977287909,False,False,False,False,0.26808963069967034,0.2799682641252776,False,False,False,False,30392.0,21805.899674147924,False,False,False,False,1231.3607043582292,False,False,False,False
2025-03-18 16:00:00+00:00,51.14,51.375,50.73,50.92,0.0,,,51.07047362755652,0.0,0.0,0.0,0.0,"rgba(38, 166, 154, 1.0)",3.32608170171542,46.32145532426638,1.3825711717670466,70.16106190069006,26.81873956303943,True,False,True,False,False,12.595018300961538,53.82,49.920625,1,0,0.9930650720485031,0.9245878493418049,False,False,False,False,0.2638504282636309,0.2719093461944543,False,False,False,False,30392.0,21939.017508657256,False,False,False,False,1212.2698407247683,False,False,False,False
2025-03-18 17:00:00+00:00,50.92,51.1,50.69,51.03,0.0,,,51.07047362755652,0.0,0.0,0.0,0.0,"rgba(38, 166, 154, 1.0)",3.323956975198781,46.32145532426638,1.4165480211885224,68.44754207867534,25.158119757400527,True,False,True,False,False,12.842144957858512,53.5940625,49.920625,1,0,0.9927575218308986,0.92711997682407,False,False,False,False,0.25467275358589514,0.2632910498901747,False,False,False,False,30392.0,22070.071500771093,False,False,False,False,1193.4749594732214,False,False,False,False
2025-03-18 18:00:00+00:00,51.01,51.21,50.94,51.09,586.0,,,51.072757774140754,0.0,0.0,0.0,0.0,"rgba(38, 166, 154, 1.0)",3.3148911726459658,46.35472709407543,1.4284851777335579,67.35610867642323,24.00797032563247,True,False,True,False,False,12.97884626406207,53.29593750000001,49.920625,1,0,0.9948383367056203,0.9263740347689641,False,False,False,False,0.26516504450912487,0.26422804719964976,False,False,False,False,30978.0,22208.17891936379,False,False,False,False,1184.05674304728,False,False,False,False
2025-03-18 19:00:00+00:00,51.09,51.2,50.83,50.975,1261.0,,,51.04856185335132,0.0,0.0,0.0,0.0,"rgba(38, 166, 154, 1.0)",3.287751597606977,46.41801643075934,1.386048621361027,66.08606934366827,22.618218648742996,False,False,True,False,False,12.602045818293469,53.23125,49.920625,1,0,0.9939483759417069,0.9266806636202709,False,False,False,False,0.2616613780308301,0.26294471261523994,False,False,False,False,29717.0,22324.594750071326,False,False,False,False,1185.2496617597253,False,False,False,False
2025-03-19 14:00:00+00:00,50.39,51.23,50.39,50.39,75.0,,,51.04105070546737,0.0,0.0,0.0,0.0,"rgba(38, 166, 154, 1.0)",3.245716563258208,46.420812993329164,1.2229000682321975,62.8531060990706,19.39008684373853,False,False,True,False,False,10.69689147853762,53.08437500000001,49.920625,1,0,0.9903920847131936,0.9269389590743694,False,False,False,False,0.24973720844881583,0.2563409605320279,False,False,False,False,29642.0,22438.04289348107,False,False,False,False,1168.0364887091869,False,False,False,False
2025-03-19 15:00:00+00:00,50.39,51.025,50.39,50.92,500.0,,,51.01035942367601,0.0,0.0,0.0,0.0,"rgba(38, 166, 154, 1.0)",3.2133694532753165,46.441190593454024,1.393804687469356,62.019899655208604,18.448086638119534,False,True,True,False,False,11.9642422153606,53.0409375,49.920625,1,0,0.9904417147970391,0.9289839746197024,False,False,False,False,0.24380131198350574,0.2500711362577668,False,False,False,False,30142.0,22557.484088930974,False,False,False,False,1157.6793338454786,False,False,False,False
2025-03-19 16:00:00+00:00,50.92,50.95,50.67,50.67,0.0,,,51.01035942367601,0.0,0.0,0.0,0.0,"rgba(38, 166, 154, 1.0)",3.1817278891130876,46.441190593454024,1.3290921015011015,60.46661445651608,16.770129899683724,False,True,True,False,False,11.14701438546172,53.143437500000005,49.920625,1,0,0.9979539223308918,0.9291647910954699,False,False,False,False,0.24973720844881583,0.24990417235329132,False,False,False,False,30142.0,22675.073482901036,False,False,False,False,1139.7308170416727,False,False,False,False
2025-03-19 17:00:00+00:00,50.63,50.67,50.245,50.44,100.0,,,50.997603881278536,0.0,0.0,0.0,0.0,"rgba(38, 166, 154, 1.0)",3.154528259588144,46.44424789905045,1.2666718355762112,58.49079402600309,14.69728606235931,False,True,True,False,False,10.393676352936449,52.815312500000005,49.920625,1,0,0.9937348007089567,0.9371006965912371,False,False,False,False,0.22939300382212263,0.23964858808770698,False,False,False,False,30042.0,22789.28939789482,False,False,False,False,1123.6109594131196,False,False,False,False
2025-03-19 18:00:00+00:00,50.44,50.95,50.42,50.755,617.0,,,50.96188646521245,0.0,0.0,0.0,0.0,"rgba(38, 166, 154, 1.0)",3.1236959325899414,46.467862647315314,1.3724566811885899,58.07084335462335,14.072551357854508,False,True,True,False,False,11.17369681542647,52.58343750000001,49.920625,1,0,0.989605675631084,0.9346229995050321,False,False,False,False,0.242500576043177,0.241074582065442,False,False,False,False,30659.0,22911.30041498172,False,False,False,False,1115.7565259338464,False,False,False,False
2025-03-19 19:00:00+00:00,50.8,50.84,50.395,50.56,768.0,,,50.91345475570974,0.0,0.0,0.0,0.0,"rgba(38, 166, 154, 1.0)",3.0843199974786195,46.49460590212803,1.3180844079717298,56.9822795383671,12.765775947637458,False,True,True,False,False,10.521461868194947,52.38000000000001,49.920625,1,0,0.9901581288090926,0.9318481304562677,False,False,False,False,0.2386031739029598,0.2398388779842009,False,False,False,False,29891.0,23019.51281164867,False,False,False,False,1110.3649518883603,False,False,False,False
2025-03-20 14:00:00+00:00,47.36,47.83,46.74,47.34,419.0,,,50.66884918068133,0.0,0.0,0.0,0.0,#000000,3.003545357025823,46.47463234896132,0.28811539303524547,48.95132957496581,5.091883307344872,False,True,False,True,False,0.8482620471311968,49.6634375,49.920625,-1,0,0.9809462813225522,0.9361140020814988,False,False,False,False,0.05252656596719601,0.14618272197569845,False,False,False,False,29472.0,23119.55137270838,False,False,False,False,1099.6461154249748,False,False,False,False
2025-03-20 15:00:00+00:00,47.34,47.37,46.65,46.83,827.0,,,50.23018304569011,0.0,0.0,0.0,0.0,#000000,2.9054409551983347,46.435012440269276,0.13594754318583616,42.59315723596691,-0.6590557993669321,False,True,False,True,False,0.0,49.46625,44.553749999999994,-1,0,0.9799624795433682,0.9405660000798307,False,False,False,False,0.03750207866049941,0.09184240031809893,False,False,False,False,28645.0,23205.217242898947,False,False,False,False,1095.4190438679984,False,False,False,False
2025-03-20 16:00:00+00:00,46.83,47.08,46.65,46.91,806.0,,,49.88475033047631,0.0,0.0,0.0,0.0,#000000,2.775260596480634,46.402356346986096,0.18291747220338664,38.320479363911176,-4.34142596423716,False,True,False,True,False,0.0,49.345625,44.38437499999999,-1,0,0.9890149979732471,0.941548439400081,False,False,False,False,0.02958731416917304,0.06071485724363598,False,False,False,False,29451.0,23302.05108409431,False,False,False,False,1090.9319269088046,False,False,False,False
2025-03-20 17:00:00+00:00,46.89,47.06,46.73,46.91,300.0,,,49.77443554679479,0.0,0.0,0.0,0.0,#000000,2.674750096940039,46.39179157469731,0.19374087541693263,35.26856659815708,-6.932912721517695,False,True,False,True,False,0.0,49.345625,44.42937499999999,-1,0,0.9862635129643177,0.9433471511013575,False,False,False,False,0.03122451494419444,0.04596968609391521,False,False,False,False,29451.0,23397.38362542618,False,False,False,False,1078.6694164140945,False,False,False,False
2025-03-20 18:00:00+00:00,46.88,47.16,46.88,46.95,689.0,,,49.55709705503823,0.0,0.0,0.0,0.0,#000000,2.580832718818132,46.37133268240778,0.224217289781267,33.24797159029742,-8.682010102847002,False,True,False,True,False,0.0,49.12375,44.91624999999999,-1,0,0.9875955750772737,0.9400927281600782,False,False,False,False,0.038048086302354546,0.04200888619813488,False,False,False,False,30140.0,23501.92031340407,False,False,False,False,1072.6280301131007,False,False,False,False
2025-03-20 19:00:00+00:00,46.965,47.22,46.85,46.94,651.0,,,49.38130132882168,0.0,0.0,0.0,0.0,#000000,2.4921767991452506,46.354631634145434,0.23488235909078722,31.787650821617977,-10.056264630903058,False,True,False,True,False,0.0,49.06,45.00999999999999,-1,0,0.9858565332249544,0.94045925624873,False,False,False,False,0.03886714038506496,0.04043801329159992,False,False,False,False,29489.0,23594.743254281522,False,False,False,False,1066.0911614291767,False,False,False,False
2025-03-21 14:00:00+00:00,44.72,44.815,44.305,44.69,1224.0,,,48.833765252941355,0.0,0.0,0.0,0.0,"rgba(239, 83, 80, 0.5)",2.4379589325409947,46.288344524593384,-0.655607649193455,27.98233771500243,-13.711257993408822,False,True,False,True,False,0.0,46.958125,42.161875,-1,0,0.9808160172296896,0.9444023451521557,False,False,False,False,-0.09639410974865611,-0.027978048228528098,False,False,False,False,28265.0,23667.150335610488,False,False,False,False,1068.5393604767864,False,False,False,False
2025-03-21 15:00:00+00:00,44.695,45.23,44.62,44.925,1323.0,,,48.4029674830612,0.0,0.0,0.0,0.0,"rgba(239, 83, 80, 0.5)",2.388559185362936,46.23206848104377,-0.5472204704214458,26.148903993955955,-15.518250312391544,False,True,False,True,False,0.0,46.958125,42.489374999999995,-1,0,0.9850389941110934,0.9397182874423048,False,False,False,False,-0.07634376389845017,-0.05216090606348914,False,False,False,False,29588.0,23758.94645443823,False,False,False,False,1072.4844866709448,False,False,False,False
2025-03-21 16:00:00+00:00,44.915,45.55,44.915,45.49,2520.0,,,47.867765193243365,0.0,0.0,0.0,0.0,#000000,2.313722921344824,46.161200602429716,-0.2900954977096335,26.884642426445062,-15.518250312391544,False,True,False,True,False,0.0,46.958125,42.728437500000005,-1,0,0.9851869938550443,0.9523460708908152,False,False,False,False,-0.059500105886809374,-0.055830505975149256,False,False,False,False,32108.0,23888.389145067096,False,False,False,False,1094.9265876527904,False,False,False,False
2025-03-21 17:00:00+00:00,45.48,45.655,45.33,45.505,530.0,,,47.784286900491566,0.0,0.0,0.0,0.0,#000000,2.3288520390569016,46.14949690244404,-0.27674446106290074,27.464304980326887,-15.518250312391544,False,True,False,True,False,0.0,46.958125,42.996875,-1,0,0.9975732148733137,0.9391247120763409,False,False,False,False,-0.04528495994783963,-0.05055773296149445,False,False,False,False,32638.0,24024.042026538926,False,False,False,False,1086.1680359062354,False,False,False,False
2025-03-21 18:00:00+00:00,45.505,45.525,45.0,45.07,201.0,,,47.75021435594887,0.0,0.0,0.0,0.0,#000000,2.3500005750429875,46.1435717098001,-0.45683891365875967,27.23258126793536,-15.518250312391544,False,True,False,True,False,0.0,46.958125,42.8259375,-1,0,0.9997931063019823,0.9317250796540738,False,False,False,False,-0.0578587792101493,-0.054208256085821874,False,False,False,False,32437.0,24154.47548349181,False,False,False,False,1072.4445004658287,False,False,False,False
2025-03-21 19:00:00+00:00,45.03,45.145,44.755,45.075,1102.0,,,47.56436612255711,0.0,0.0,0.0,0.0,#000000,2.372174275383759,46.107362410299714,-0.43519669739808675,27.08775630079931,-15.885357974446798,False,True,False,True,False,0.0,46.958125,42.559375,-1,0,0.9893154429121632,0.9369693957841554,False,False,False,False,-0.07497287321207322,-0.06459056464894755,False,False,False,False,33539.0,24299.971987623718,False,False,False,False,1072.902725264808,False,False,False,False
2025-03-24 14:00:00+00:00,45.34,45.745,45.275,45.375,2300.0,,,47.305560200818284,0.0,0.0,0.0,0.0,#000000,2.3891679221770974,46.063833930761284,-0.28831541071989325,28.265161217499916,-15.885357974446798,False,True,False,True,True,0.0,46.958125,43.04625,-1,0,0.9904663212435235,0.9363316062176166,False,False,False,False,-0.04432889181210992,-0.054459728230528734,False,False,False,False,35839.0,24478.871646730327,False,False,False,False,1091.9274892141907,False,False,False,False
2025-03-24 15:00:00+00:00,45.37,45.555,45.15,45.165,2269.0,,,47.08701360349167,0.0,0.0,0.0,0.0,#000000,2.408396148686647,46.01914231442571,-0.3546519184111348,28.705001550762255,-15.885357974446798,False,True,False,True,True,0.0,46.958125,42.8925,-1,0,0.9861226180613092,0.9375310687655344,False,False,False,False,-0.052936631481479424,-0.05369817985600408,False,False,False,False,33570.0,24619.81937313761,False,False,False,False,1110.176675427924,False,False,False,False
2025-03-24 16:00:00+00:00,45.165,45.44,45.085,45.1,1256.0,,,46.98063805487933,0.0,0.0,0.0,0.0,#000000,2.427177497341978,45.99529266575074,-0.36886163732614524,28.890699653774035,-15.885357974446798,False,True,False,True,True,0.0,46.958125,42.83531250000001,-1,0,0.983764564770391,0.9553632625085676,False,False,False,False,-0.0578587792101493,-0.055778479533076686,False,False,False,False,32314.0,24739.108995259507,False,False,False,False,1112.4375021654755,False,False,False,False
2025-03-24 17:00:00+00:00,45.095,45.28,45.03,45.265,1300.0,,,46.881597819606505,0.0,0.0,0.0,0.0,#000000,2.440176494502803,45.972113673835146,-0.28977972512567096,29.839274688583444,-15.885357974446798,False,True,False,True,True,0.0,46.958125,42.764375,-1,0,0.9769708469898225,0.9539416939796447,False,False,False,False,-0.06374170399817768,-0.05976009176562718,False,False,False,False,33614.0,24876.704204635327,False,False,False,False,1115.3454478683364,False,False,False,False
2025-03-24 18:00:00+00:00,45.265,45.36,45.13,45.175,1656.0,,,46.772247593285066,0.0,0.0,0.0,0.0,#000000,2.4520138404734864,45.945766276787666,-0.31434010039634713,30.298898438701837,-15.885357974446798,False,True,False,True,True,0.0,46.958125,43.52750000000001,-1,0,0.9808645733669654,0.9511176828737933,False,False,False,False,-0.058816181363285494,-0.059288136564456334,False,False,False,False,31958.0,24986.491736346405,False,False,False,False,1123.7276889866569,False,False,False,False
2025-03-24 19:00:00+00:00,45.175,45.34,45.135,45.29,1365.0,,,46.694103875033015,0.0,0.0,0.0,0.0,#000000,2.4629694448949517,45.92642771880557,-0.2583985441332648,31.258107892608578,-15.885357974446798,False,True,False,True,True,0.0,46.858437499999994,43.6165625,-1,0,0.985162557276893,0.9415666593934104,False,False,False,False,-0.05922652944141866,-0.05925733300293749,False,False,False,False,33323.0,25115.739926480568,False,False,False,False,1127.4683449713598,False,False,False,False
2025-03-25 14:00:00+00:00,45.13,45.51,44.61,44.905,227.0,,,46.679787754084046,0.0,0.0,0.0,0.0,#000000,2.477971507663567,45.92252525053236,-0.410628309238214,30.9235376555732,-15.885357974446798,False,True,False,True,True,0.0,46.7690625,43.35093750000001,-1,0,0.9840529824408524,0.9377804888675874,False,False,False,False,-0.06894422459759152,-0.0641007788002645,False,False,False,False,33096.0,25239.46488886071,False,False,False,False,1113.5075954369202,False,False,False,False
2025-03-25 15:00:00+00:00,44.915,45.06,44.26,44.275,1426.0,,,46.57099315717195,0.0,0.0,0.0,0.0,"rgba(239, 83, 80, 0.5)",2.5046586809598956,45.889518520148734,-0.6446062022031602,29.3067081043055,-16.643057044803165,False,True,False,True,False,0.0,46.457187499999996,42.8628125,-1,0,0.978229633822441,0.9445291069795793,False,False,False,False,-0.09089385171109662,-0.07749731525568057,False,False,False,False,31670.0,25339.163107638065,False,False,False,False,1118.3524389185181,False,False,False,False
2025-03-25 16:00:00+00:00,44.305,44.575,44.26,44.465,500.0,,,46.53369451423786,0.0,0.0,0.0,0.0,"rgba(239, 83, 80, 0.5)",2.5229054054174007,45.87783364261895,-0.560002622208978,29.229916481222723,-16.97142099709678,False,True,False,True,False,0.0,46.221250000000005,42.61375,-1,0,0.9942385693215339,0.9450129056047196,False,False,False,False,-0.10424211840430161,-0.09086971682999109,False,False,False,False,32170.0,25445.06755558166,False,False,False,False,1108.7655794004015,False,False,False,False
2025-03-25 17:00:00+00:00,44.46,44.52,44.27,44.33,175.0,,,46.520581434335725,0.0,0.0,0.0,0.0,"rgba(239, 83, 80, 0.5)",2.5344397127683482,45.873668935986856,-0.6090769996263674,28.86010350903621,-17.59063763137751,False,True,False,True,False,0.0,46.17625,42.61375,-1,0,0.9930008343376288,0.9430332808009639,False,False,False,False,-0.10548242349843234,-0.09817607016421172,False,False,False,False,31995.0,25546.6168958052,False,False,False,False,1094.2885936732634,False,False,False,False
2025-03-25 18:00:00+00:00,44.325,44.355,43.865,43.895,100.0,,,46.51200154390331,0.0,0.0,0.0,0.0,"rgba(239, 83, 80, 0.5)",2.5626808879243983,45.87084649064189,-0.7710076193849441,27.64934092361605,-18.972290846122153,False,True,False,True,False,0.0,45.489062499999996,42.7309375,-1,0,0.985302981130326,0.9452918540497937,False,False,False,False,-0.12122228318426922,-0.10969917667424048,False,False,False,False,31895.0,25645.04144005628,False,False,False,False,1078.8732666395695,False,False,False,False
2025-03-25 19:00:00+00:00,43.89,44.11,43.79,44.02,372.0,,,46.47977328828675,0.0,0.0,0.0,0.0,"rgba(239, 83, 80, 0.5)",2.586027075657887,45.86014260463777,-0.7115712832084853,27.562701329030315,-19.26422808458613,False,True,False,True,False,0.0,45.2746875,42.62531250000001,-1,0,0.9845982557060681,0.946325848951568,False,False,False,False,-0.13008446871521145,-0.11989182269472597,False,False,False,False,32267.0,25747.707464241455,False,False,False,False,1067.9139911877933,False,False,False,False
2025-03-26 14:00:00+00:00,43.78,44.61,43.44,44.54,900.0,,,46.41174044520964,0.0,0.0,0.0,0.0,#000000,2.594814774066033,45.81969932788002,-0.4931755979925905,30.446142253935697,-19.26422808458613,False,True,False,True,True,0.0,45.2746875,42.6,-1,0,0.9826371298300558,0.9409570303504812,False,False,False,False,-0.12592787272751305,-0.12290984771111951,False,False,False,False,33167.0,25862.735255493524,False,False,False,False,1065.3106734949592,False,False,False,False
2025-03-26 15:00:00+00:00,44.56,45.375,44.535,44.72,920.0,,,46.366363461105934,0.0,0.0,0.0,0.0,#000000,2.597949728688459,45.82724808916977,-0.4262007370438041,33.418779868124034,-19.92983314627274,False,False,False,True,True,0.0,45.2746875,43.4334375,-1,0,0.9932639875360859,0.9328689914310591,False,False,False,False,-0.0746987289881822,-0.09880428834965085,False,False,False,False,34087.0,25990.243236028506,False,False,False,False,1063.0577948361226,False,False,False,False
2025-03-26 16:00:00+00:00,44.73,44.765,44.31,44.31,373.0,,,46.343806568029805,0.0,0.0,0.0,0.0,"rgba(239, 83, 80, 0.5)",2.607767696778224,45.81896277872279,-0.5786415640423199,34.213745656094495,-19.22335049449827,True,False,False,True,True,0.0,45.2746875,43.0290625,-1,0,0.9948772383237955,0.942957356470371,False,False,False,False,-0.09763245775943308,-0.09821837305454197,False,False,False,False,33714.0,26109.991402911783,False,False,False,False,1052.359224373547,False,False,False,False
2025-03-26 17:00:00+00:00,44.3,44.64,44.21,44.29,600.0,,,46.30709532859754,0.0,0.0,0.0,0.0,"rgba(239, 83, 80, 0.5)",2.6157020624067493,45.80465271260703,-0.5790616348764793,34.718796728216375,-18.726358741006187,True,False,False,True,True,0.0,45.2746875,42.9090625,-1,0,0.9870363535707695,0.9433013471120134,False,False,False,False,-0.10382875456388292,-0.10102356380921244,False,False,False,False,33114.0,26218.580683486794,False,False,False,False,1045.3459030654299,False,False,False,False
2025-03-26 18:00:00+00:00,44.3,44.435,44.23,44.245,1.0,,,46.307032900271054,0.0,0.0,0.0,0.0,"rgba(239, 83, 80, 0.5)",2.6241158099031043,45.804627170427096,-0.59434387939025,34.92739192797085,-18.44504446057909,True,False,False,True,True,0.0,45.2746875,42.903749999999995,-1,0,0.9869199482344242,0.9455074875207986,False,False,False,False,-0.10892942468765278,-0.10497649424843261,False,False,False,False,33113.0,26325.470905448237,False,False,False,False,1029.1544937155782,False,False,False,False
2025-03-26 19:00:00+00:00,44.275,44.565,44.13,44.51,1153.0,,,46.24096110275689,0.0,0.0,0.0,0.0,#000000,2.6288767169253937,45.78039671659106,-0.48324697328403426,36.689923748216955,-16.685212141871126,True,False,False,True,True,0.0,45.2746875,42.913124999999994,-1,0,0.9861470262282972,0.9435722201699298,False,False,False,False,-0.10810191227761239,-0.10653920326302249,False,False,False,False,34266.0,26448.57988365834,False,False,False,False,1031.074579084329,False,False,False,False
2025-03-27 14:00:00+00:00,46.62,47.305,46.105,47.13,3501.0,,,46.298662258623345,0.0,0.0,0.0,0.0,#000000,2.6157816257312376,45.88438733697737,0.47619138033910785,46.15439118284608,-7.917571205915685,True,False,False,False,True,3.0735465174378582,45.2746875,44.813125,1,0,0.9926779661016949,0.9317966101694916,False,False,False,False,0.02085803998051781,-0.04284058164125234,False,False,False,False,37767.0,26624.05926530705,False,False,False,False,1069.3679964628664,False,False,False,False
2025-03-27 15:00:00+00:00,47.16,47.345,46.88,46.92,1367.0,,,46.325547204295425,0.0,0.0,0.0,0.0,#000000,2.5970956196600277,46.0368586852954,0.3400495954092786,52.09258310701199,-2.845025833154729,True,False,True,False,True,2.3901362626878857,49.044687499999995,45.1803125,1,0,0.998781203448743,0.931431408838532,False,False,False,False,0.04309977463336482,0.0001295964960562404,False,False,False,False,36400.0,26775.624237937947,False,False,False,False,1073.9824461301087,False,False,False,False
2025-03-27 16:00:00+00:00,46.92,47.28,46.61,46.63,2556.0,,,46.35787599777089,0.0,0.0,0.0,0.0,#000000,2.584958138263794,46.062200588422584,0.21965516701124796,55.207299597632684,-0.4538566846678975,True,False,True,False,True,1.4471797182819515,48.9596875,45.1803125,1,0,0.9947165963757707,0.9384993279881355,False,False,False,False,0.03395355914657977,0.017041577821318005,False,False,False,False,33844.0,26885.211459055186,False,False,False,False,1096.9594624691767,False,False,False,False
2025-03-27 17:00:00+00:00,46.63,46.74,46.41,46.41,1200.0,,,46.36252205027781,0.0,0.0,0.0,0.0,#000000,2.584846115621022,46.06391257102431,0.1338909217396629,56.588636097739744,0.46715934956785077,True,False,True,False,True,0.7328658753375414,48.613125000000004,45.1803125,1,0,0.9935828877005349,0.9421529876772843,False,False,False,False,0.013767905434162613,0.015404741627740309,False,False,False,False,32644.0,26974.495002325646,False,False,False,False,1098.556990182833,False,False,False,False
2025-03-27 18:00:00+00:00,46.47,46.85,46.47,46.635,1310.0,,,46.37129334166975,0.0,0.0,0.0,0.0,#000000,2.5853645899684454,46.07158783555528,0.21792367955793693,58.14705783852307,1.7460866425467145,True,False,True,False,True,1.4500713823854454,48.611875,45.1803125,1,0,0.9958133693073453,0.9363632134716472,False,False,False,False,0.018403561536604465,0.016904151582172386,False,False,False,False,33954.0,27082.70438213455,False,False,False,False,1101.8351763815488,False,False,False,False
2025-03-27 19:00:00+00:00,46.61,46.79,46.37,46.53,3154.0,,,46.38436456040398,0.0,0.0,0.0,0.0,#000000,2.584532778798584,46.08383126051236,0.17263032728686847,58.81591907231957,2.3429208291064114,True,False,True,False,True,1.1001157618844104,48.460625,45.1803125,1,0,0.9999533516816721,0.9338993329290477,False,False,False,False,0.014040572763054551,0.015472362172613469,False,False,False,False,30800.0,27140.336872334014,False,False,False,False,1133.651685274858,False,False,False,False
2025-03-28 14:00:00+00:00,44.17,44.17,43.33,43.77,1286.0,,,46.31340833053361,0.0,0.0,0.0,0.0,"rgba(239, 83, 80, 0.5)",2.6116933894238055,46.02274938083661,-0.8625627303569537,52.03182037334278,8.940373450851425,True,False,False,False,False,0.0,46.1715625,45.1803125,-1,0,0.9934566274367248,0.9320216294815286,False,False,False,False,-0.14119101292497838,-0.06285932537618245,False,False,False,False,29514.0,27177.137851057516,False,False,False,False,1136.0136746504415,False,False,False,False
2025-03-28 15:00:00+00:00,43.77,43.97,43.55,43.55,300.0,,,46.29698602648637,0.0,0.0,0.0,0.0,"rgba(239, 83, 80, 0.5)",2.6431960895036166,46.009237902713416,-0.930403125397804,46.82997281820718,4.282577574751521,True,False,False,True,False,0.0,46.1715625,41.3065625,-1,0,0.9966303902372389,0.9352488502345067,False,False,False,False,-0.14063488550223707,-0.10174710543920976,False,False,False,False,29214.0,27208.717109180656,False,False,False,False,1123.0522223302796,False,False,False,False
2025-03-28 16:00:00+00:00,43.555,43.7,43.36,43.46,300.0,,,46.27962753677283,0.0,0.0,0.0,0.0,"rgba(239, 83, 80, 0.5)",2.6750966000911935,45.99511730890606,-0.9476731826505397,42.962264803437336,0.9079754284166128,False,False,False,True,False,0.0,45.955312500000005,41.1046875,-1,0,1.0120103473762012,0.9345436067997043,False,False,False,False,-0.153448418196695,-0.12759776181795238,False,False,False,False,28914.0,27235.155603611962,False,False,False,False,1110.2917227592675,False,False,False,False
2025-03-28 17:00:00+00:00,43.485,43.535,43.365,43.44,116.0,,,46.27282936836298,0.0,0.0,0.0,0.0,"rgba(239, 83, 80, 0.5)",2.6905014469491886,45.989635312087636,-0.9476431670307104,40.16316099748615,-1.5361492802082495,False,False,False,True,False,0.0,45.847187500000004,41.0528125,-1,0,1.0013457076566126,0.9383294663573086,False,False,False,False,-0.15791683399883286,-0.14275729790839262,False,False,False,False,28798.0,27259.385749292396,False,False,False,False,1094.8763472126122,False,False,False,False
2025-03-28 18:00:00+00:00,43.44,43.69,43.44,43.62,77.0,,,46.26855212700772,0.0,0.0,0.0,0.0,"rgba(239, 83, 80, 0.5)",2.709825036737496,45.98621300681536,-0.8731977063966371,38.86182573654878,-2.7131013885438264,False,False,False,True,False,0.0,45.7896875,41.340312499999996,-1,0,0.999860691896912,0.9359182725795215,False,False,False,False,-0.15149540681885232,-0.14712635236362248,False,False,False,False,28875.0,27284.434032249104,False,False,False,False,1079.0953185736569,False,False,False,False
2025-03-28 19:00:00+00:00,43.62,43.67,43.255,43.53,744.0,,,46.22642599486041,0.0,0.0,0.0,0.0,"rgba(239, 83, 80, 0.5)",2.732291421941308,45.95302474482757,-0.886810508341017,37.7317883490275,-3.8966216065456294,False,True,False,True,False,0.0,45.60750000000001,41.3175,-1,0,0.9974463738508683,0.9375058036957934,False,False,False,False,-0.1572182360563348,-0.15217229420997863,False,False,False,False,28131.0,27297.559086012683,False,False,False,False,1073.900042316701,False,False,False,False
2025-03-31 14:00:00+00:00,42.87,42.88,42.28,42.28,399.0,,,46.1962640906645,0.0,0.0,0.0,0.0,"rgba(239, 83, 80, 1.0)",2.7749126274695084,45.74744190419811,-1.2495679575180472,34.6165730108457,-7.021920688946722,False,True,False,True,False,0.0,44.8740625,40.285937499999996,-1,0,0.9927904612256218,0.9389037803863572,False,False,False,False,-0.20695702624723422,-0.17956466022860643,False,False,False,False,27732.0,27304.294604058996,False,False,False,False,1063.4364757691553,False,False,False,False
2025-03-31 15:00:00+00:00,42.295,42.92,42.29,42.79,350.0,,,46.171512355573356,0.0,0.0,0.0,0.0,"rgba(239, 83, 80, 1.0)",2.8103721371998387,45.73395055268071,-1.0475305080465127,34.35846972174787,-7.497782034666663,False,True,False,True,False,0.0,44.8740625,40.2715625,-1,0,0.9977351513750866,0.9326091980587011,False,False,False,False,-0.2055351444801599,-0.19254990235438316,False,False,False,False,28082.0,27316.352052058082,False,False,False,False,1052.3754451370753,False,False,False,False
2025-03-31 16:00:00+00:00,42.795,43.125,42.63,42.91,200.0,,,46.158408468036974,0.0,0.0,0.0,0.0,"rgba(239, 83, 80, 0.5)",2.8445432984182566,45.72830081521052,-0.9907744476161326,34.624361572485874,-7.587168631343232,False,True,False,True,False,0.0,44.8740625,40.489687499999995,-1,0,1.0100905318747642,0.9237080347038853,False,False,False,False,-0.19008838683417095,-0.19131914459427707,False,False,False,False,28282.0,27331.323338072685,False,False,False,False,1039.1603219566555,False,False,False,False
2025-03-31 17:00:00+00:00,42.91,43.17,42.9,42.935,387.0,,,46.13421576199245,0.0,0.0,0.0,0.0,"rgba(239, 83, 80, 0.5)",2.877001634585049,45.716935532131984,-0.9669565351266203,34.914468079985355,-7.7359541088169905,False,True,False,True,False,0.0,44.8740625,40.678124999999994,-1,0,1.0094027594027595,0.9223681723681724,False,False,False,False,-0.18120160278850403,-0.18626037369139054,False,False,False,False,28669.0,27352.06251112582,False,False,False,False,1029.0493092131414,False,False,False,False
2025-03-31 18:00:00+00:00,42.935,43.335,42.935,43.15,198.0,,,46.12252122168523,0.0,0.0,0.0,0.0,"rgba(239, 83, 80, 0.5)",2.9039889077915246,45.71156851676206,-0.882086191820245,36.01832806868218,-7.7359541088169905,False,True,False,True,False,0.0,44.8740625,41.2271875,-1,0,1.0137135291057833,0.9167257767059156,False,False,False,False,-0.17557394474892601,-0.18091715922015827,False,False,False,False,28867.0,27375.549914054103,False,False,False,False,1016.1648237989841,False,False,False,False
2025-03-31 19:00:00+00:00,43.245,43.375,43.12,43.12,605.0,,,46.088113807667305,0.0,0.0,0.0,0.0,"rgba(239, 83, 80, 0.5)",2.932118222423834,45.69395483468881,-0.8778482446594716,36.7244950620469,-7.7359541088169905,False,True,False,True,False,0.0,44.8740625,41.379062499999996,-1,0,1.0176361826198264,0.9143791779263262,False,False,False,False,-0.16925594284984888,-0.1750865510350036,False,False,False,False,28262.0,27389.293326239313,False,False,False,False,1009.7901753679921,False,False,False,False
2025-04-01 14:00:00+00:00,43.21,43.56,42.89,43.47,2.0,,,46.088005373409736,0.0,0.0,0.0,0.0,"rgba(239, 83, 80, 0.5)",2.952390045705617,45.69390054895328,-0.7532543175276059,38.75849867816405,-7.7359541088169905,False,True,False,True,True,0.0,44.8740625,41.356562499999995,-1,0,1.0136208853575481,0.9135925085130534,False,False,False,False,-0.17051845723407147,-0.17280250413453752,False,False,False,False,28264.0,27402.854670018547,False,False,False,False,994.1655214863177,False,False,False,False
2025-04-01 15:00:00+00:00,43.44,43.9,43.33,43.46,242.0,,,46.07615199311913,0.0,0.0,0.0,0.0,"rgba(239, 83, 80, 0.5)",2.97545010146464,45.558899042431335,-0.7054055591112649,40.17718606409901,-7.7359541088169905,False,True,False,True,True,0.0,44.8740625,41.701562499999994,-1,0,1.015030486363851,0.9140237273715554,False,False,False,False,-0.14870737502544984,-0.16075493957999368,False,False,False,False,28022.0,27412.453822421357,False,False,False,False,982.5040405330416,False,False,False,False
2025-04-01 16:00:00+00:00,43.49,43.73,43.35,43.465,200.0,,,46.06625267341784,0.0,0.0,0.0,0.0,"rgba(239, 83, 80, 0.5)",2.9962007970454594,45.553292390592325,-0.6969801198409593,41.214622430539364,-7.7359541088169905,False,True,False,True,True,0.0,44.8740625,41.637812499999995,-1,0,1.0136413327629639,0.9212415038737581,False,False,False,False,-0.15289029705410476,-0.15682261831704922,False,False,False,False,28222.0,27425.00492594971,False,False,False,False,970.3721949433819,False,False,False,False
2025-04-01 17:00:00+00:00,43.44,43.53,43.17,43.17,0.0,,,46.06625267341784,0.0,0.0,0.0,0.0,"rgba(239, 83, 80, 0.5)",3.018660004906954,45.553292390592325,-0.7895199812891103,40.846514091235136,-7.7359541088169905,False,True,False,True,True,0.0,44.8740625,41.4590625,-1,0,1.0053771115869619,0.9249583630739948,False,False,False,False,-0.1635111837525378,-0.1601669010347935,False,False,False,False,28222.0,27437.361438725686,False,False,False,False,955.327664789221,False,False,False,False
2025-04-01 18:00:00+00:00,43.19,43.21,42.92,43.145,0.0,,,46.06625267341784,0.0,0.0,0.0,0.0,"rgba(239, 83, 80, 0.5)",3.0400756450995674,45.553292390592325,-0.7921817322126031,40.49011973778936,-7.7359541088169905,False,True,False,True,True,0.0,44.410312499999996,41.7196875,-1,0,1.0035715986475549,0.9263298252297729,False,False,False,False,-0.17951212865592805,-0.16983951484536078,False,False,False,False,28222.0,27449.52637766017,False,False,False,False,940.5163831645818,False,False,False,False
2025-04-01 19:00:00+00:00,43.15,43.55,43.145,43.53,707.0,,,46.0304259213361,0.0,0.0,0.0,0.0,"rgba(239, 83, 80, 0.5)",3.0550824114154698,45.528778118748264,-0.6542468744148201,42.33875290205462,-12.473772999875955,False,True,False,True,True,0.0,44.410312499999996,42.004999999999995,-1,0,1.0130006691520888,0.9195583596214513,False,False,False,False,-0.16365117113274344,-0.1667453429890521,False,False,False,False,28929.0,27472.463953200324,False,False,False,False,936.8959741232704,False,False,False,False
2025-04-02 14:00:00+00:00,43.08,43.29,42.91,43.04,0.0,,,46.0304259213361,0.0,0.0,0.0,0.0,"rgba(239, 83, 80, 0.5)",3.0750055328448833,45.528778118748264,-0.8093572815284458,41.70360403959827,-12.473772999875955,False,True,False,True,True,0.0,44.410312499999996,41.705,-1,0,1.0109496031366547,0.9159892894711674,False,False,False,False,-0.17754235545547065,-0.1721438492222614,False,False,False,False,28929.0,27495.04590741427,False,False,False,False,922.3704551446151,False,False,False,False
2025-04-02 15:00:00+00:00,43.02,43.215,42.83,43.155,0.0,,,46.0304259213361,0.0,0.0,0.0,0.0,"rgba(239, 83, 80, 0.5)",3.0902511632959326,45.528778118748264,-0.7681505461247008,41.870387407518564,-12.435518226107035,False,True,False,True,True,0.0,44.410312499999996,41.5871875,-1,0,1.0171692396479586,0.9098735151252825,False,False,False,False,-0.2139550466626061,-0.19304944794243373,False,False,False,False,28929.0,27517.277753810948,False,False,False,False,908.0701380105901,False,False,False,False
2025-04-02 16:00:00+00:00,43.165,43.69,43.115,43.55,140.0,,,46.023561128963756,0.0,0.0,0.0,0.0,"rgba(239, 83, 80, 0.5)",3.0971302497285116,45.5249533898101,-0.6376720481753145,43.976525325652524,-10.194646016912593,False,False,False,True,True,0.0,44.410312499999996,41.90625000000001,-1,0,1.0178260027126527,0.915762449137764,False,False,False,False,-0.2078897892279128,-0.20046961858517326,False,False,False,False,29069.0,27541.33546305419,False,False,False,False,896.1620738553871,False,False,False,False
2025-04-02 17:00:00+00:00,43.56,43.775,43.03,43.04,0.0,,,46.023561128963756,0.0,0.0,0.0,0.0,"rgba(239, 83, 80, 0.5)",3.061562858269407,45.5249533898101,-0.8116617246966334,43.42493244743304,-10.194646016912593,False,False,False,True,True,0.0,44.410312499999996,41.84437500000001,-1,0,1.0119537337269515,0.9166626336930743,False,False,False,False,-0.2482438894516857,-0.22435675401842947,False,False,False,False,29069.0,27565.020184557226,False,False,False,False,882.2680882142183,False,False,False,False
2025-04-02 18:00:00+00:00,43.04,43.175,42.84,43.06,110.0,,,46.017302391478964,0.0,0.0,0.0,0.0,"rgba(239, 83, 80, 0.5)",3.0030477191685123,45.51832075070335,-0.8186086205063746,43.13466431663804,-10.194646016912593,True,False,False,True,True,0.0,44.3940625,41.620937500000004,-1,0,1.0047252533125488,0.9309236165237723,False,False,False,False,-0.28477989246317387,-0.2545683232408017,False,False,False,False,29179.0,27590.04312743231,False,False,False,False,870.2949395597343,False,False,False,False
2025-04-02 19:00:00+00:00,43.14,43.38,43.055,43.3,366.0,,,45.9981819837815,0.0,0.0,0.0,0.0,"rgba(239, 83, 80, 0.5)",2.929737048127488,45.50374510375975,-0.7521989405732682,44.184030717856686,-9.465374526835788,True,False,False,True,True,0.0,44.3940625,41.89,-1,0,1.0033211233211234,0.928156288156288,False,False,False,False,-0.29465660222396345,-0.2746124627323826,False,False,False,False,29545.0,27620.35253630933,False,False,False,False,862.4764133650096,False,False,False,False
2025-04-03 14:00:00+00:00,42.285,42.73,41.91,41.96,1831.0,,,45.87150211908145,0.0,0.0,0.0,0.0,"rgba(239, 83, 80, 1.0)",2.8673737740936307,45.36002945451777,-1.1857642994563942,40.663479703119236,-9.465374526835788,False,False,False,True,False,0.0,43.81531249999999,40.824687499999996,-1,0,0.9883388977597134,0.9326946339575167,False,False,False,False,-0.34282825441539394,-0.30872035857388824,False,False,False,False,27714.0,27621.8044349712,False,False,False,False,877.4922829252421,False,False,False,False
2025-04-03 15:00:00+00:00,41.98,42.495,41.855,42.47,761.0,,,45.82230600621642,0.0,0.0,0.0,0.0,"rgba(239, 83, 80, 1.0)",2.788862569656673,45.31726128191754,-1.020939974918899,40.44432154060408,-5.851832862189411,False,True,False,True,False,0.0,43.739687499999995,40.6103125,-1,0,0.9899180844360429,0.9365033202462313,False,False,False,False,-0.34282825441539394,-0.3257743064946411,False,False,False,False,28475.0,27635.0322731887,False,False,False,False,875.6862010194244,False,False,False,False
2025-04-03 16:00:00+00:00,42.48,42.65,42.335,42.385,29.0,,,45.820553320883015,0.0,0.0,0.0,0.0,"rgba(239, 83, 80, 1.0)",2.700268171533669,45.31591165217759,-1.0854150276907217,40.04657864150067,-6.338821627688205,False,True,False,True,False,0.0,43.739687499999995,40.94375,-1,0,0.9933049300060864,0.9526780279975653,False,False,False,False,-0.31994355512256434,-0.32285893080860273,False,False,False,False,28446.0,27647.605416240036,False,False,False,False,862.559283174162,False,False,False,False
2025-04-03 17:00:00+00:00,42.365,42.49,42.14,42.285,19.0,,,45.81935427025927,0.0,0.0,0.0,0.0,"rgba(239, 83, 80, 1.0)",2.6404289390138045,45.31492243560071,-1.1475114481711373,39.46508222898222,-7.034241850016116,False,True,False,True,False,0.0,43.739687499999995,40.7484375,-1,0,0.9841334418226202,0.9541293734743692,False,False,False,False,-0.3326960088930161,-0.3277774698508094,False,False,False,False,28427.0,27659.689053197555,False,False,False,False,849.4808446753378,False,False,False,False
2025-04-03 18:00:00+00:00,42.295,42.385,41.965,42.285,500.0,,,45.787261402790875,0.0,0.0,0.0,0.0,"rgba(239, 83, 80, 1.0)",2.5754890430383104,45.28798631024064,-1.1659868320379316,39.0497276486119,-7.591338303306628,False,True,False,True,False,0.0,43.69468749999999,40.6553125,-1,0,0.9765788800818207,0.9642546663257477,False,False,False,False,-0.34282825441539394,-0.3353028621331017,False,False,False,False,28427.0,27671.585346946427,False,False,False,False,844.0625370059527,False,False,False,False
2025-04-03 19:00:00+00:00,42.285,42.435,41.995,42.29,491.0,,,45.75654241184286,0.0,0.0,0.0,0.0,"rgba(239, 83, 80, 1.0)",2.510768776061712,45.26336136125556,-1.1842434036954428,38.781559587181754,-8.028894606036665,False,True,False,True,False,0.0,43.69468749999999,40.719687500000006,-1,0,0.9730283023696198,0.9629970827575616,False,False,False,False,-0.33992648796565866,-0.33761467504938014,False,False,False,False,28918.0,27690.909605133304,False,False,False,False,838.5886992229146,False,False,False,False
2025-04-04 14:00:00+00:00,35.33,35.46,32.36,33.87,4510.0,,,44.88266906831351,0.0,0.0,0.0,0.0,"rgba(255, 26, 202, 1.0)",2.7380080465664522,44.20093518888477,-3.7731573513233787,30.43546558587203,-15.885709991661656,False,True,False,True,False,0.0,37.19593749999999,30.624062499999997,-1,0,0.9399319632788107,0.9697562794165616,False,False,False,False,-0.34282825441539394,-0.340221464732387,False,False,False,False,24408.0,27640.011781797904,False,False,False,False,895.509804661319,False,False,False,False
2025-04-04 15:00:00+00:00,33.86,35.53,33.74,34.31,3469.0,,,44.32721701686844,0.0,0.0,0.0,0.0,"rgba(255, 26, 202, 1.0)",2.906374117954033,43.69359304802103,-3.2286253136009506,25.540291892562756,-20.135365294704823,False,True,False,True,False,0.0,37.19593749999999,31.080937500000008,-1,0,0.9520210167304236,0.9732221044384015,False,False,False,False,-0.31401592097577063,-0.3271186928540788,False,False,False,False,27877.0,27643.68601773902,False,False,False,False,935.4088774572675,False,False,False,False
2025-04-04 16:00:00+00:00,34.31,34.53,33.85,33.95,1150.0,,,44.14872187704134,0.0,0.0,0.0,0.0,"rgba(255, 26, 202, 1.0)",3.068679084610167,43.53971554232787,-3.1250304375004747,21.907623289226297,-23.137155488209903,False,True,False,True,False,0.0,37.19593749999999,30.5628125,-1,0,0.9497285152593147,1.0032765399737875,False,False,False,False,-0.33163805857242035,-0.32937837571324957,False,False,False,False,26727.0,27629.473831417483,False,False,False,False,938.7358716052169,False,False,False,False
2025-04-04 17:00:00+00:00,34.03,34.255,33.33,34.21,1255.0,,,43.957576647486164,0.0,0.0,0.0,0.0,"rgba(255, 26, 202, 1.0)",3.2113387977405052,43.37845526027417,-2.8550258436528364,20.001904370131317,-24.58359952451306,False,True,False,True,False,0.0,37.19593749999999,30.067812500000002,-1,0,0.9421954522108605,0.9962179576971562,False,False,False,False,-0.34282825441539394,-0.3361033150643218,False,False,False,False,27982.0,27634.93935341101,False,False,False,False,943.639191425291,False,False,False,False
2025-04-04 18:00:00+00:00,34.23,34.44,33.615,33.825,892.0,,,43.826381802846186,0.0,0.0,0.0,0.0,"rgba(255, 26, 202, 1.0)",3.3351577309161327,43.270368378721415,-2.832060472332404,18.452954707288665,-25.834931827551046,False,True,False,True,False,0.0,37.19593749999999,30.264375000000005,-1,0,0.948288725170195,0.9924461438030401,False,False,False,False,-0.3334902621182032,-0.3347967885912625,False,False,False,False,27090.0,27626.490681265102,False,False,False,False,942.8385838062942,False,False,False,False
2025-04-04 19:00:00+00:00,33.87,34.55,33.695,34.35,2580.0,,,43.47430587446023,0.0,0.0,0.0,0.0,"rgba(255, 26, 202, 1.0)",3.42610608824763,42.991307582365735,-2.52219498164622,18.829174503338525,-25.834931827551046,False,True,False,True,False,0.0,37.19593749999999,30.271250000000006,-1,0,0.9478337754199825,0.9923681883754478,False,False,False,False,-0.3297312752608031,-0.3322640319260328,False,False,False,False,29670.0,27658.172996284247,False,False,False,False,968.220931344181,False,False,False,False
2025-04-07 14:00:00+00:00,32.415,34.575,31.81,31.82,16169.0,,,41.472024626300595,0.0,0.0,0.0,0.0,"rgba(255, 26, 202, 1.0)",3.607914169940466,41.43691674117811,-2.6655059649982737,17.722008743345395,-26.500016207837035,False,True,False,True,False,0.0,37.19593749999999,28.930625000000003,-1,0,0.9364861777473156,0.9886680374685856,False,False,False,False,-0.34282825441539394,-0.3375461431707134,False,False,False,False,13501.0,27438.68194207829,False,False,False,False,1203.8919246566743,False,False,False,False
2025-04-07 15:00:00+00:00,31.82,32.04,29.61,29.61,4393.0,,,40.93917041646546,0.0,0.0,0.0,0.0,"rgba(255, 26, 202, 1.0)",3.854774765857927,41.01415966434634,-2.9584503264247664,16.120822283585007,-28.137644053989707,False,True,False,True,False,0.0,35.402812499999996,26.2471875,-1,0,0.9175146330481766,1.0119315623592975,False,False,False,False,-0.34282825441539394,-0.3401871987930537,False,False,False,False,9108.0,27154.48532282126,False,False,False,False,1253.3354607085087,False,False,False,False
2025-04-07 16:00:00+00:00,29.61,29.61,28.41,28.44,9003.0,,,39.84937835642253,0.0,0.0,0.0,0.0,"rgba(255, 26, 202, 1.0)",4.125780715635896,40.13610325022262,-2.8348824274389304,14.632746101933485,-29.686507451676725,False,True,False,True,False,0.0,33.75,24.269999999999996,-1,0,0.8998460563252739,1.048537535090102,False,False,False,False,-0.34282825441539394,-0.3415077266042238,False,False,False,False,105.0,26735.113457351163,False,False,False,False,1373.4852985269815,False,False,False,False
2025-04-07 17:00:00+00:00,29.52,30.32,29.05,30.32,1239.0,,,39.72771642758013,0.0,0.0,0.0,0.0,"rgba(255, 26, 202, 1.0)",4.344463585627848,40.0403710981798,-2.237415714643409,17.375642930345748,-29.686507451676725,False,True,False,True,True,0.0,33.75,24.653437500000003,-1,0,0.9094026349034472,1.0274318715033386,False,False,False,False,-0.3215779555309113,-0.33154284106756754,False,False,False,False,1344.0,26341.452783593777,False,False,False,False,1371.4002551389663,False,False,False,False
2025-04-07 18:00:00+00:00,30.32,30.775,29.53,29.62,907.0,,,39.64121846835835,0.0,0.0,0.0,0.0,"rgba(255, 26, 202, 1.0)",4.574123076494383,39.972393875688574,-2.2632521474744984,18.93531977024717,-29.686507451676725,False,True,False,True,True,0.0,33.75,25.148125,-1,0,0.9138829022988507,1.0164331896551724,False,False,False,False,-0.3070240732621178,-0.31928345716484263,False,False,False,False,437.0,25939.83336059232,False,False,False,False,1364.2002511833234,False,False,False,False
2025-04-07 19:00:00+00:00,29.62,30.28,29.38,30.06,4352.0,,,39.243863736552335,0.0,0.0,0.0,0.0,"rgba(255, 26, 202, 1.0)",4.765100419614316,39.65930765673927,-2.014502699088183,20.895294180117432,-34.80411521491572,False,True,False,True,True,0.0,33.75,24.776874999999997,-1,0,0.9104424144725058,1.0222102812108185,False,False,False,False,-0.31705007123679396,-0.3181667642008183,False,False,False,False,4789.0,25611.913463528876,False,False,False,False,1410.5227279091632,False,False,False,False
2025-04-08 14:00:00+00:00,31.77,31.77,30.435,30.435,1750.0,,,39.108797143041706,0.0,0.0,0.0,0.0,"rgba(255, 0, 0, 1.0)",4.926221248867362,39.55471154152417,-1.8512590240685958,23.031418064427335,-32.68690944401794,False,True,False,True,True,0.0,33.75,25.7878125,-1,0,0.9120255409719759,1.0132582476055338,False,False,False,False,-0.2778266021463373,-0.2979966831735778,False,False,False,False,6539.0,25316.209378823,False,False,False,False,1415.7859414299512,False,False,False,False
2025-04-08 15:00:00+00:00,30.54,30.66,29.87,30.0,189.0,,,39.093245974427944,0.0,0.0,0.0,0.0,"rgba(255, 0, 0, 1.0)",5.085522972212437,39.542472276215285,-1.8763994044183563,24.21331531781094,-31.457798776384585,False,True,False,True,True,0.0,33.75,24.8678125,-1,0,0.9089824065069403,1.0202015736893288,False,False,False,False,-0.30354075953596277,-0.3007687213547703,False,False,False,False,6350.0,25022.15962101179,False,False,False,False,1396.766004353518,False,False,False,False
2025-04-08 16:00:00+00:00,29.95,30.06,28.64,28.64,700.0,,,39.02930496570745,0.0,0.0,0.0,0.0,"rgba(255, 26, 202, 1.0)",5.273236772899788,39.49121846083237,-2.0577908651094408,24.069187333705027,-31.423619385542676,False,True,False,True,True,0.0,33.75,23.7653125,-1,0,0.9098531544597537,1.0227973168963016,False,False,False,False,-0.33208822639705365,-0.316428473875912,False,False,False,False,5650.0,24721.8160609961,False,False,False,False,1385.9634306426108,False,False,False,False
2025-04-08 17:00:00+00:00,28.68,28.8,27.73,28.28,1323.0,,,38.90057744538595,0.0,0.0,0.0,0.0,"rgba(255, 26, 202, 1.0)",5.479675242727918,39.38678879744654,-2.0269063959924214,23.724077248133103,-31.423619385542676,False,False,False,True,True,0.0,33.75,22.5621875,-1,0,0.9004174120453191,1.0426585936424932,False,False,False,False,-0.34282825441539394,-0.329628364145653,False,False,False,False,4327.0,24405.617362376004,False,False,False,False,1384.9872534233455,False,False,False,False
2025-04-08 18:00:00+00:00,28.29,28.8,28.02,28.02,433.0,,,38.85915210367648,0.0,0.0,0.0,0.0,"rgba(255, 0, 0, 1.0)",5.676077043487262,39.35317401505598,-1.99665612855972,23.297186650529934,-31.423619385542676,False,False,False,True,True,0.0,32.3971875,24.4228125,-1,0,0.9030377556132443,1.0213599307737848,False,False,False,False,-0.3383803727549771,-0.33400436845031506,False,False,False,False,3894.0,24087.6077908663,False,False,False,False,1370.2277611222084,False,False,False,False
2025-04-08 19:00:00+00:00,27.97,28.03,26.94,27.81,1170.0,,,38.74165546463188,0.0,0.0,0.0,0.0,"rgba(255, 0, 0, 1.0)",5.8578422933135395,38.29549908850069,-1.7899934077210327,22.840159013998065,-31.423619385542676,False,False,False,True,True,0.0,31.3409375,23.6290625,-1,0,0.8949207934274435,1.0334528618764467,True,False,False,False,-0.34282825441539394,-0.3384163114328545,False,False,False,False,2724.0,23756.38906542651,False,False,False,False,1367.1234547482206,True,False,False,False
2025-04-09 14:00:00+00:00,29.57,29.715,27.88,27.88,600.0,,,38.68712554603867,0.0,0.0,0.0,0.0,"rgba(255, 0, 0, 1.0)",6.022615552240536,38.27216411014105,-1.7255234075625085,22.70845138136234,-31.423619385542676,False,False,False,True,True,0.0,31.3409375,24.711875,-1,0,0.9074389806173727,1.012921751615219,False,False,False,False,-0.3042497310813598,-0.32133302125710717,False,False,False,False,3324.0,23439.607839605942,False,False,False,False,1355.2300678528993,False,False,False,False
2025-04-09 15:00:00+00:00,27.87,28.59,27.87,28.085,301.0,,,38.659162517796666,0.0,0.0,0.0,0.0,"rgba(255, 0, 0, 1.0)",6.172946474024431,38.25291861592394,-1.647174272239396,23.219294175132823,-30.820999374133585,False,False,False,True,True,0.0,31.3409375,24.1828125,-1,0,0.908494971264368,1.0234374999999998,False,False,False,False,-0.3208165665439828,-0.32107479390054494,False,False,False,False,3625.0,23132.40461728647,False,False,False,False,1338.8854156381258,False,False,False,False
2025-04-09 16:00:00+00:00,28.09,29.14,28.02,29.03,700.0,,,38.59807770053523,0.0,0.0,0.0,0.0,"rgba(239, 83, 80, 1.0)",6.287742170573081,38.21809949236135,-1.4612716684475502,26.205360838589648,-27.761066239551372,True,False,False,True,True,0.0,31.3409375,24.4775,-1,0,0.9028080697928027,1.0336695747001088,False,False,False,False,-0.3105795489929275,-0.3158271714467362,False,False,False,False,4325.0,22840.81694880141,False,False,False,False,1328.9802153956741,False,False,False,False
2025-04-09 17:00:00+00:00,29.02,31.03,28.86,30.905,1481.0,,,38.4910079469739,0.0,0.0,0.0,0.0,"rgba(239, 83, 80, 1.0)",6.349871026568455,38.18367356435949,-1.1462710870669395,32.31056090794707,-22.0031581521883,True,False,False,True,True,0.0,31.3409375,25.595937499999998,-1,0,0.9085850199703811,1.012924651079298,False,False,False,False,-0.271230002688166,-0.2935285870674511,False,False,False,False,5806.0,22576.711259672706,False,False,False,False,1331.3371112810125,False,False,False,False
2025-04-09 18:00:00+00:00,30.905,31.32,30.04,30.09,2938.0,,,38.29197114544029,0.0,0.0,0.0,0.0,"rgba(239, 83, 80, 1.0)",6.423971441490112,38.07487906912315,-1.2429817196184434,35.43327641433026,-19.26201839605158,True,False,False,True,True,0.0,31.3409375,26.609375,-1,0,0.9184629803186506,1.0102200205292986,False,False,False,False,-0.2503836114261448,-0.271956099246798,False,False,False,False,2868.0,22271.149844794058,False,False,False,False,1356.2466134316946,False,False,False,False
2025-04-09 19:00:00+00:00,30.09,31.57,29.97,31.235,2412.0,,,38.14464882462511,0.0,0.0,0.0,0.0,"rgba(239, 83, 80, 1.0)",6.470187731378337,37.98653969117524,-1.0434843580244875,39.664978998714524,-15.51751599774878,True,False,False,True,True,0.0,31.3409375,26.855,-1,0,0.9219876985707333,1.0042922253197042,False,False,False,False,-0.24784591875857712,-0.25990100900268753,False,False,False,False,5280.0,22007.72116502981,False,False,False,False,1372.614882990893,False,False,False,False
2025-04-10 14:00:00+00:00,31.18,32.47,31.06,31.71,1275.0,,,38.07772377600385,0.0,0.0,0.0,0.0,"rgba(239, 83, 80, 0.5)",6.50090179607119,37.951102235709826,-0.9600363813342981,43.44546635777235,-12.246444520156146,True,False,False,False,True,0.0,31.3409375,27.810625,1,0,0.928168517539221,1.0028203772254538,False,False,False,False,-0.21999011351104153,-0.23994556125686453,False,False,False,False,6555.0,21768.144092703766,False,False,False,False,1371.1014739522745,False,False,False,False
2025-04-10 15:00:00+00:00,31.66,31.8,30.71,30.86,100.0,,,38.07202294195924,0.0,0.0,0.0,0.0,"rgba(239, 83, 80, 1.0)",6.541590851916171,37.947420032548834,-1.083439822665274,44.7105060216766,-11.282477221541171,True,False,False,False,True,0.0,35.06125,27.810625,1,0,0.9214689513125028,1.008457864060651,False,False,False,False,-0.23422340412056936,-0.23708448268871696,False,False,False,False,6455.0,21530.731005995178,False,False,False,False,1351.3944743561153,False,False,False,False
2025-04-10 16:00:00+00:00,30.8,31.27,30.14,31.19,1000.0,,,38.01343757029761,0.0,0.0,0.0,0.0,"rgba(239, 83, 80, 1.0)",6.56948605981393,37.907220574820656,-1.0224879866798755,46.19460308317035,-9.964661189866739,True,False,False,False,True,0.0,34.4896875,27.810625,1,0,0.9274905702240959,1.011005103172842,False,False,False,False,-0.24967838116237434,-0.24338143192554565,False,False,False,False,7455.0,21312.502618305327,False,False,False,False,1345.946498009509,False,False,False,False
2025-04-10 17:00:00+00:00,31.19,31.71,30.52,31.62,600.0,,,37.98076425356086,0.0,0.0,0.0,0.0,"rgba(239, 83, 80, 0.5)",6.590076874833532,37.886127949150946,-0.9508429215871979,48.01197971719677,-8.243114871799342,True,False,False,False,True,0.0,34.954062500000006,27.810625,1,0,0.9311624618919279,1.0030044625104932,False,False,False,False,-0.238146708570159,-0.24076407024785232,False,False,False,False,8055.0,21106.95994205253,False,False,False,False,1334.3814360248653,False,False,False,False
2025-04-10 18:00:00+00:00,31.69,32.53,31.66,32.09,711.0,,,37.9470879592384,0.0,0.0,0.0,0.0,"rgba(239, 83, 80, 0.5)",6.606668599376046,37.22193898740473,-0.7767816578372645,50.120880672840904,-6.202751865513882,True,False,True,False,True,0.0,35.7840625,28.405937499999997,1,0,0.9359499581516234,0.9993832870798642,False,False,False,False,-0.2108272057379827,-0.22579563799291752,False,False,False,False,8766.0,20915.627229772646,False,False,False,False,1324.7166075593634,False,False,False,False
2025-04-10 19:00:00+00:00,32.12,32.38,29.68,30.45,4700.0,,,37.68802609819121,0.0,0.0,0.0,0.0,"rgba(239, 83, 80, 0.5)",6.641413105359091,36.9760210054574,-0.9826253693195833,48.6722621311259,-6.202751865513882,True,False,False,False,True,0.0,35.0771875,28.405937499999997,1,0,0.9211197027949374,0.9987040476910448,False,False,False,False,-0.2405322229684004,-0.23316393048065898,False,False,False,False,4066.0,20654.392699078497,False,False,False,False,1377.0465826359625,False,False,False,False
2025-04-11 14:00:00+00:00,30.96,31.235,30.25,30.335,1626.0,,,37.59987909502447,0.0,0.0,0.0,0.0,"rgba(239, 83, 80, 0.5)",6.67417852690565,36.90711583690181,-0.9847078273989232,47.45479338957555,-6.202751865513882,True,False,False,False,False,0.0,34.708125,28.405937499999997,1,0,0.9262068965517243,1.0112931034482757,False,False,False,False,-0.24862099157564505,-0.240892461028152,False,False,False,False,2440.0,20371.999013821463,False,False,False,False,1380.9063255408312,False,False,False,False
2025-04-11 15:00:00+00:00,30.32,30.71,29.985,30.41,950.0,,,37.54766616505543,0.0,0.0,0.0,0.0,"rgba(239, 83, 80, 0.5)",6.705511507452361,36.86462285302867,-0.9625847104810934,46.74530478710771,-6.202751865513882,True,False,False,False,False,0.0,34.2484375,28.405937499999997,1,0,0.9201512742275132,1.017147277493661,False,False,False,False,-0.2597867082232655,-0.25033958462570877,False,False,False,False,3390.0,20108.712207405628,False,False,False,False,1374.225607315392,False,False,False,False
2025-04-11 16:00:00+00:00,30.41,31.37,30.36,31.34,400.0,,,37.52789186417733,0.0,0.0,0.0,0.0,"rgba(239, 83, 80, 0.5)",6.716958360866998,36.851581002585256,-0.820547144477734,48.13930597589237,-6.202751865513882,True,False,False,False,False,0.0,34.8090625,28.405937499999997,1,0,0.9320094970861214,1.0124757176775305,False,False,False,False,-0.24517063215337806,-0.2477551083895434,False,False,False,False,3790.0,19855.70891736833,False,False,False,False,1359.1213343337579,False,False,False,False
2025-04-11 17:00:00+00:00,31.37,31.69,31.11,31.59,100.0,,,37.52330014537085,0.0,0.0,0.0,0.0,"rgba(239, 83, 80, 0.5)",6.714156161049161,36.84905807637075,-0.7832790823186584,49.61207452854873,-6.127241375475727,True,False,False,False,False,0.0,35.2484375,28.405937499999997,1,0,0.9289994395827048,1.0096995301116523,False,False,False,False,-0.23016743183096605,-0.23896127011025473,False,False,False,False,3890.0,19608.17854655642,False,False,False,False,1339.6000733363353,False,False,False,False
2025-04-11 18:00:00+00:00,31.61,31.89,31.53,31.7,64.0,,,37.52048294737904,0.0,0.0,0.0,0.0,"rgba(239, 83, 80, 0.5)",6.702992190529969,36.84769859591123,-0.7679702511341033,50.88331379491507,-4.692079250739454,True,False,True,False,True,0.0,35.268750000000004,28.405937499999997,1,0,0.9321733874449531,1.0093256195492615,False,False,False,False,-0.22152076584187722,-0.23024101797606597,False,False,False,False,3954.0,19365.47810397415,False,False,False,False,1319.8233280132913,False,False,False,False
2025-04-11 19:00:00+00:00,31.69,32.47,31.655,32.32,1085.0,,,37.47673153186964,0.0,0.0,0.0,0.0,"rgba(239, 83, 80, 0.5)",6.68611314659036,36.831404587134585,-0.6747424831473595,53.00481106590112,-2.478666071643829,True,False,True,False,True,0.0,35.6390625,28.4859375,1,0,0.9341397270888039,1.0030562610305194,False,False,False,False,-0.2117280423515636,-0.22098453016381478,False,False,False,False,5039.0,19143.36216437765,False,False,False,False,1316.1826562611473,False,False,False,False
2025-04-14 14:00:00+00:00,35.47,35.67,34.89,35.03,460.0,,,37.46888600067322,0.0,0.0,0.0,0.0,#000000,6.64511113933044,36.44070644405645,-0.21229237773118628,58.18576882756306,2.4866945109986247,True,False,True,False,True,0.0,39.274687500000006,31.2853125,1,0,0.9413253469439409,0.9991141856835533,False,False,False,False,-0.1239331720822185,-0.17245885112301665,False,False,False,True,5499.0,18931.821665705127,False,False,False,False,1302.908506551672,False,False,False,True
2025-04-14 15:00:00+00:00,35.03,35.08,33.85,33.86,325.0,,,37.46111191950849,0.0,0.0,0.0,0.0,#000000,6.608951428326692,36.42159602944311,-0.38759492443291793,59.29483003141823,3.511921304562449,True,False,True,False,True,0.0,38.283437500000005,31.2853125,1,0,0.9315488696529122,1.0036977897302293,False,False,False,False,-0.14594099019623358,-0.15919992065962513,False,False,False,False,5174.0,18718.52210499652,False,False,False,False,1287.7471343570724,False,False,False,False
2025-04-14 16:00:00+00:00,33.8,34.25,33.8,33.97,100.0,,,37.45853608977704,0.0,0.0,0.0,0.0,#000000,6.564957876400911,36.41700379213139,-0.37273716575206794,60.22807237183956,4.469811462992347,True,False,True,False,True,0.0,37.6878125,31.2853125,1,0,0.9284428056937061,1.022680500771737,False,False,False,False,-0.15787978042452253,-0.1585398505420738,False,False,False,False,5274.0,18510.079901818277,False,False,False,False,1269.3324501034745,False,False,False,False
2025-04-14 17:00:00+00:00,34.26,34.5,34.03,34.27,100.0,,,37.45615782480193,0.0,0.0,0.0,0.0,#000000,6.467601172608539,36.415558321053155,-0.3317394291626978,61.296638950907465,5.626399059334069,True,False,True,False,True,0.0,37.7271875,31.2853125,1,0,0.9319086977003127,1.0150314761680441,False,False,False,False,-0.15136239250865413,-0.15495112152536397,False,False,False,False,5374.0,18306.419748301712,False,False,False,False,1251.2032648305524,False,False,False,False
2025-04-14 18:00:00+00:00,34.27,34.3,34.025,34.08,102.0,,,37.45363565181567,0.0,0.0,0.0,0.0,#000000,6.369692245807935,36.41361979116032,-0.3663630362512634,61.59363788173694,6.117280449356059,True,False,True,False,True,0.0,37.411874999999995,31.2853125,1,0,0.9339055793991419,1.0160085836909871,False,False,False,False,-0.15414426770823111,-0.15454769461679754,False,False,False,False,5272.0,18104.335721196258,False,False,False,False,1233.3861599494585,False,False,False,False
2025-04-14 19:00:00+00:00,34.09,34.285,33.77,33.78,401.0,,,37.44319150094398,0.0,0.0,0.0,0.0,#000000,6.2736023984672045,36.40554570704309,-0.4185068705795849,61.05009856770863,6.117280449356059,True,False,True,False,True,0.0,37.1690625,31.2853125,1,0,0.9286601825271006,1.0177385492094775,False,False,False,False,-0.15781182330138072,-0.15617975895908914,False,False,False,False,4871.0,17899.167725518797,False,False,False,False,1220.4809481672962,False,False,False,False
2025-04-15 14:00:00+00:00,33.65,33.81,33.13,33.46,700.0,,,37.42263536981925,0.0,0.0,0.0,0.0,#000000,6.178028843198031,36.38612182053993,-0.4736335641685401,59.85307496048205,6.117280449356059,True,False,True,False,False,0.0,36.5271875,31.2853125,1,0,0.9219010205388789,1.0229300994918655,False,False,False,False,-0.17300329846114695,-0.16459152871011806,False,False,False,False,4171.0,17686.32791582083,False,False,False,False,1212.411476102687,False,False,False,False
2025-04-15 15:00:00+00:00,33.46,33.91,33.46,33.85,222.0,,,37.41660783229501,0.0,0.0,0.0,0.0,#000000,6.068576399990522,36.384514905104666,-0.4176457109625617,59.734831557148794,6.117280449356059,True,False,True,False,False,0.0,36.6034375,31.2853125,1,0,0.9231130063965887,1.0238805970149252,False,False,False,False,-0.1671357062697206,-0.16586361748991935,False,False,False,False,4393.0,17480.2298085988,False,False,False,False,1197.0562594189241,False,False,False,False
2025-04-15 16:00:00+00:00,33.86,34.03,33.53,33.58,147.0,,,37.412598601680145,0.0,0.0,0.0,0.0,#000000,5.9561292958756855,36.38345430444907,-0.4706839232637743,58.91095244519116,6.117280449356059,True,False,True,False,False,0.0,36.6215625,31.2853125,1,0,0.9198832447503705,1.031323516598414,False,False,False,False,-0.16454670034210908,-0.16520515891601423,False,False,False,False,4246.0,17275.047951101144,False,False,False,False,1180.776317412429,False,False,False,False
2025-04-15 17:00:00+00:00,33.58,33.725,33.505,33.63,0.0,,,37.412598601680145,0.0,0.0,0.0,0.0,#000000,5.894564401759122,36.38345430444907,-0.46711751993537437,58.43084758540414,6.117280449356059,True,False,True,False,False,0.0,35.9915625,31.2853125,1,0,0.9128448427341418,1.043050430504305,False,False,False,False,-0.16904481449351122,-0.16712498670476272,False,False,False,False,4246.0,17073.04720767322,False,False,False,False,1162.4697078401434,False,False,False,False
2025-04-15 18:00:00+00:00,33.63,33.67,33.51,33.59,0.0,,,37.412598601680145,0.0,0.0,0.0,0.0,#000000,5.833367575446421,36.38345430444907,-0.47887506972938937,57.962386036457175,6.117280449356059,True,False,True,False,False,0.0,35.811875,31.368125000000006,1,0,0.907267839040945,1.0434131076733217,False,False,False,False,-0.16972693407984554,-0.16842596039230412,False,False,False,False,4246.0,16874.178258717042,False,False,False,False,1144.4469216720793,False,False,False,False
2025-04-15 19:00:00+00:00,33.54,33.65,33.39,33.475,200.0,,,37.406851372485576,0.0,0.0,0.0,0.0,"rgba(239, 83, 80, 0.5)",5.770653488530054,36.38066222036559,-0.5035239468356546,57.243168647697395,6.117280449356059,True,False,True,False,False,0.0,35.654687499999994,31.385312499999998,1,0,0.9027777777777779,1.0449735449735449,False,False,False,False,-0.17163770359625743,-0.1700318319942808,False,False,False,False,4046.0,16675.29177408577,False,False,False,False,1129.8043337391787,False,False,False,False
2025-04-16 14:00:00+00:00,31.7,32.0,31.655,31.94,101.0,,,37.40273824308205,0.0,0.0,0.0,0.0,"rgba(239, 83, 80, 0.5)",5.714842558502191,36.37350449826773,-0.7757876884415357,52.63965018708718,6.4925825256867284,False,False,False,False,False,0.0,34.114062499999996,31.385312499999998,1,0,0.8995388096066831,1.046641141663766,False,False,False,False,-0.2182519660587143,-0.19414189902649753,False,False,False,False,3945.0,16477.922909371264,False,False,False,False,1113.8538789525248,False,False,False,False
2025-04-16 15:00:00+00:00,31.955,32.21,31.9,31.945,100.0,,,37.39878444201308,0.0,0.0,0.0,0.0,"rgba(239, 83, 80, 0.5)",5.650727045623735,36.36726955237605,-0.7826018699312196,49.36696727108767,3.468507956016893,False,True,False,True,False,0.0,34.2909375,31.385312499999998,1,0,0.9020205539104685,1.0453753701445738,False,False,False,False,-0.20524545502591254,-0.19969367702620505,False,False,False,False,4045.0,16285.16441465233,False,False,False,False,1098.1352141625632,False,False,False,False
2025-04-16 16:00:00+00:00,31.95,32.055,31.875,31.88,156.0,,,37.39253465014902,0.0,0.0,0.0,0.0,"rgba(239, 83, 80, 0.5)",5.583816594925477,36.35763890429172,-0.801895769349043,46.87585143158641,1.2436981023994278,False,True,False,True,False,0.0,34.1671875,31.385312499999998,1,0,0.9115613086266514,1.045438425392322,False,False,False,False,-0.20786688510342405,-0.20378028106481455,False,False,False,False,3889.0,16092.975819076324,False,False,False,False,1083.5284666561668,False,False,False,False
2025-04-16 17:00:00+00:00,31.88,31.94,31.305,31.32,500.0,,,37.37108291495846,0.0,0.0,0.0,0.0,"rgba(239, 83, 80, 0.5)",5.540329158920846,36.32401528361967,-0.9031981927576235,43.81882225178009,-1.494973007526312,False,True,False,True,False,0.0,33.7909375,31.385312499999998,-1,0,0.9010520708483154,1.0488302925378434,False,False,False,False,-0.2176123840127518,-0.21069633253878317,False,False,False,False,3389.0,15896.014953664288,False,False,False,False,1074.4815136847533,False,False,False,False
2025-04-16 18:00:00+00:00,31.38,31.385,30.965,30.965,0.0,,,37.37108291495846,0.0,0.0,0.0,0.0,"rgba(239, 83, 80, 0.5)",5.4863459245296395,36.32401528361967,-0.9767913575517236,40.89879952778578,-4.080750865456629,False,True,False,True,False,0.0,32.7940625,29.555937500000002,-1,0,0.8978293746107998,1.0525753936482516,False,False,False,False,-0.23077258637781128,-0.22073445945829723,False,False,False,False,3389.0,15702.107745080344,False,False,False,False,1057.8228855656098,False,False,False,False
2025-04-16 19:00:00+00:00,30.965,31.595,30.94,31.46,1527.0,,,37.304432230461245,0.0,0.0,0.0,0.0,"rgba(239, 83, 80, 0.5)",5.420372355149399,35.65220293306528,-0.7734160419962023,40.68208213284416,-4.186750920685284,False,True,False,True,False,0.0,32.778749999999995,29.756249999999998,-1,0,0.8981847232701613,1.0481558741289776,False,False,False,False,-0.22804601693744633,-0.2243902381978718,False,False,False,False,4916.0,15534.881268412431,False,False,False,False,1065.0969493552902,False,False,False,False
2025-04-17 14:00:00+00:00,32.33,32.38,31.735,31.77,0.0,,,37.304432230461245,0.0,0.0,0.0,0.0,"rgba(239, 83, 80, 0.5)",5.346283993629586,35.65220293306528,-0.7261497776195873,41.61421761408958,-4.186750920685284,False,True,False,True,False,0.0,32.778749999999995,30.458125000000006,-1,0,0.9011517585278673,1.0419663739464278,False,False,False,False,-0.20455048963734704,-0.21447036391760943,False,False,False,False,4916.0,15370.247450297511,False,False,False,False,1048.5838183575338,False,False,False,False
2025-04-17 15:00:00+00:00,31.75,31.99,31.73,31.775,200.0,,,37.296533084113946,0.0,0.0,0.0,0.0,"rgba(239, 83, 80, 0.5)",5.262133667889682,35.649256556661626,-0.7362520226924136,42.29806706241151,-4.186750920685284,False,True,False,True,True,0.0,32.778749999999995,30.31125,-1,0,0.9019833031494324,1.0453641945315606,False,False,False,False,-0.20920537569247621,-0.21183786980504282,False,False,False,False,5116.0,15211.266869672743,False,False,False,False,1035.4274800884248,False,False,False,False
2025-04-17 16:00:00+00:00,31.81,31.99,31.66,31.755,200.0,,,37.28861346919754,0.0,0.0,0.0,0.0,"rgba(239, 83, 80, 0.5)",5.172934080384107,35.645398076846575,-0.7520679785190114,42.7245277197828,-4.186750920685284,False,True,False,True,True,0.0,32.778749999999995,30.2659375,-1,0,0.9048231796601145,1.0458357367883921,False,False,False,False,-0.21023993116727824,-0.21103890048616053,False,False,False,False,4916.0,15051.650329057662,False,False,False,False,1022.4751160560461,False,False,False,False
2025-04-17 17:00:00+00:00,31.78,31.845,31.635,31.8,10.0,,,37.28821508522126,0.0,0.0,0.0,0.0,"rgba(239, 83, 80, 0.5)",5.06880016987862,35.64517191446763,-0.7585960751259424,43.22278508696711,-4.186750920685284,False,True,False,True,True,0.0,32.778749999999995,30.238125000000004,-1,0,0.9042401567789062,1.0454747906645288,False,False,False,False,-0.21275427531052815,-0.21189658789834434,False,False,False,False,4926.0,14894.663502250565,False,False,False,False,1006.777827435022,False,False,False,False
2025-04-17 18:00:00+00:00,31.78,32.21,31.765,31.9,109.0,,,37.28403207689814,0.0,0.0,0.0,0.0,"rgba(239, 83, 80, 0.5)",4.957199946169779,35.64382342673419,-0.7552294576350272,44.03293567745769,-4.186750920685284,False,True,False,True,True,0.0,32.778749999999995,30.5296875,-1,0,0.9030464754280633,1.0414943295530352,False,False,False,False,-0.2047246401390227,-0.2083106140186835,False,False,False,False,5035.0,14741.800502215672,False,False,False,False,992.858791350758,False,False,False,False
2025-04-17 19:00:00+00:00,31.87,31.95,31.52,31.52,547.0,,,37.261981742593754,0.0,0.0,0.0,0.0,"rgba(239, 83, 80, 0.5)",4.840207260471774,35.62794755302092,-0.8487131504820139,43.205081937526785,-4.186750920685284,False,True,False,True,True,0.0,32.778749999999995,30.2809375,-1,0,0.904651783331851,1.0413145957484657,False,False,False,False,-0.2122246029721226,-0.21026760849540305,False,False,False,False,4488.0,14582.82685101853,False,False,False,False,985.946251949971,False,False,False,False
2025-04-18 14:00:00+00:00,31.52,31.52,31.52,31.52,0.0,,,37.261981742593754,0.0,0.0,0.0,0.0,"rgba(239, 83, 80, 0.5)",4.722986707734925,35.62794755302092,-0.8697774961537059,42.613757837576145,-4.186750920685284,False,True,False,True,True,0.0,32.778749999999995,30.1596875,-1,0,0.9026362823949956,1.0478552278820377,False,False,False,False,-0.21827808221112083,-0.21427284535326194,False,False,False,False,4488.0,14426.317907591887,False,False,False,False,970.6602635476459,False,False,False,False
2025-04-18 15:00:00+00:00,31.52,31.52,31.52,31.52,0.0,,,37.261981742593754,0.0,0.0,0.0,0.0,"rgba(239, 83, 80, 0.5)",4.598171573551726,35.62794755302092,-0.8933871838644444,42.191383480468545,-4.186750920685284,False,True,False,True,True,0.0,32.778749999999995,30.2009375,-1,0,0.9024718496254095,1.0470593513077027,False,False,False,False,-0.19804941093925812,-0.20616112814626003,False,False,False,False,4488.0,14272.235459412168,False,False,False,False,955.6112672135738,False,False,False,False
2025-04-18 16:00:00+00:00,31.52,31.52,31.52,31.52,0.0,,,37.261981742593754,0.0,0.0,0.0,0.0,"rgba(239, 83, 80, 0.5)",4.452819323521588,35.62794755302092,-0.9225497947606095,41.88968751110597,-4.481040110467369,False,True,False,True,True,0.0,32.778749999999995,30.2309375,-1,0,0.9106703209922424,1.0461281181771729,False,False,False,False,-0.1968206521328689,-0.20149089013956445,False,False,False,False,4488.0,14120.541886398027,False,False,False,False,940.795588652123,False,False,False,False
2025-04-18 17:00:00+00:00,31.52,31.52,31.52,31.52,0.0,,,37.261981742593754,0.0,0.0,0.0,0.0,"rgba(239, 83, 80, 0.5)",4.311975571977728,35.62794755302092,-0.9526834010186122,41.6741903901327,-4.943994208665444,False,True,False,True,False,0.0,32.7603125,30.2796875,-1,0,0.9109105364074267,1.042136276481317,False,False,False,False,-0.1968206521328689,-0.19915577113621669,False,False,False,False,4488.0,13971.200151725188,False,False,False,False,926.2096105334854,False,False,False,False
2025-04-18 18:00:00+00:00,31.52,31.52,31.52,31.52,0.0,,,37.261981742593754,0.0,0.0,0.0,0.0,"rgba(239, 83, 80, 0.5)",4.156888262513962,35.62794755302092,-0.9882265997057503,41.5202638751518,-5.350877953837433,False,True,False,True,False,0.0,32.4190625,30.6209375,-1,0,0.9105507818002536,1.0395830398647696,False,False,False,False,-0.1968206521328689,-0.19798821163454278,False,False,False,False,4488.0,13824.173792783713,False,False,False,False,911.8497716104856,False,False,False,False
2025-04-18 19:00:00+00:00,31.52,31.52,31.52,31.52,0.0,,,37.261981742593754,0.0,0.0,0.0,0.0,"rgba(239, 83, 80, 1.0)",3.975702151141846,35.62794755302092,-1.0332634077834753,41.41031636445115,-5.714240642140481,False,True,False,True,False,0.0,32.3609375,30.6790625,-1,0,0.9095190994300789,1.0395176864019595,False,False,False,False,-0.1968206521328689,-0.19740443188370582,False,False,False,False,4488.0,13679.426912275438,False,False,False,False,897.7125658490827,False,False,False,False
2025-04-21 14:00:00+00:00,30.85,31.215,30.66,31.165,379.0,31.01333333333333,,37.2450428912365,1.0,31.215,30.66,0.0,"rgba(239, 83, 80, 1.0)",3.7999133679076027,35.00594577338672,-1.0107982476194484,39.41736995867117,-7.796964359479574,False,True,False,True,False,0.0,31.9059375,29.9690625,-1,0,0.9034056307677893,1.0402398463484328,True,False,False,False,-0.2172602791825265,-0.20733235553311616,False,False,False,False,4109.0,13531.048200457213,False,False,False,False,889.6705105646008,False,False,False,False
2025-04-21 15:00:00+00:00,31.175,31.235,30.855,30.93,566.0,31.009340388007057,,37.21988976114321,0.0,0.0,0.0,0.0,"rgba(239, 83, 80, 1.0)",3.609141386749602,34.97805612302186,-1.1216119539909584,36.95062352443895,-10.197873548382084,False,True,False,True,False,0.0,31.9059375,30.124375000000004,-1,0,0.9055225069089889,1.0406108014426905,False,False,False,False,-0.21347517333871965,-0.2104037644359179,True,False,False,False,3543.0,13376.194739985007,False,False,False,False,884.6523631139869,False,False,False,False
2025-04-21 16:00:00+00:00,30.93,31.25,30.885,31.07,446.0,31.0282554517134,,37.20040718963995,0.0,0.0,0.0,0.0,"rgba(239, 83, 80, 1.0)",3.3888532834243286,34.96023571354527,-1.1479504682522914,36.47353113933573,-10.668696340113819,False,True,False,True,False,0.0,31.9059375,30.157187500000006,-1,0,0.9094998803541517,1.0386695381670257,False,False,False,False,-0.2126837073389317,-0.2115437358874248,False,False,False,False,3989.0,13230.656837039502,False,False,False,False,877.8515512827623,False,False,False,False
2025-04-21 17:00:00+00:00,31.06,31.105,30.895,30.93,368.0,31.017462573431878,,37.18418564214433,0.0,0.0,0.0,0.0,"rgba(239, 83, 80, 1.0)",3.2044318297243612,34.943602190897906,-1.252516016620378,35.46038933868469,-11.672438343106812,False,True,False,True,False,0.0,31.826874999999998,30.173125000000002,-1,0,0.9062214748979102,1.0441988950276242,False,False,False,False,-0.21505889710509762,-0.21330131649626122,True,False,False,False,3621.0,13081.669909333463,False,False,False,False,869.946876069076,False,False,False,False
2025-04-21 18:00:00+00:00,30.93,31.38,30.93,31.24,540.0,31.05642308249964,,37.161322187806476,0.0,0.0,0.0,0.0,"rgba(239, 83, 80, 1.0)",2.976728111912727,34.927348173195895,-1.2387252159306392,37.41499239955097,-11.672438343106812,False,True,False,True,True,0.0,31.826874999999998,30.41625,-1,0,0.9035518336702281,1.0447107517566656,False,False,False,False,-0.2096082684118224,-0.2114547924540418,False,False,False,False,4161.0,12943.364949498835,False,False,False,False,864.8314206261446,False,False,False,False
2025-04-21 19:00:00+00:00,31.24,31.55,31.24,31.54,179.0,31.084371805219263,,37.15410972917107,0.0,0.0,0.0,0.0,"rgba(239, 83, 80, 1.0)",2.725260524780553,34.924493723726094,-1.2418973132848008,40.946111695222605,-12.285289472389842,False,True,False,True,True,0.0,31.826874999999998,30.646875,-1,0,0.9025270758122743,1.0440914560770156,False,False,False,False,-0.20119261909478786,-0.20632370577441483,False,False,False,False,4340.0,12809.979446405829,False,False,False,False,854.1983753451191,False,False,False,False
2025-04-22 14:00:00+00:00,32.95,33.185,32.89,33.01,100.0,31.159777605378846,,37.15120445743257,0.0,0.0,0.0,0.0,"rgba(239, 83, 80, 0.5)",2.4485545598233402,34.93137183953914,-0.7846963555828486,49.36758486077754,-4.6664427182264205,True,False,False,False,True,0.0,31.826874999999998,32.042812500000004,1,0,0.9095671222439163,1.0394780703843038,False,False,False,False,-0.14428296742987523,-0.17530333660214503,False,False,False,False,4440.0,12680.212323205738,False,False,False,False,842.5053772777528,False,False,False,False
2025-04-22 15:00:00+00:00,33.01,33.32,32.98,33.32,500.0,31.49228070175438,,37.13736494515004,0.0,0.0,0.0,0.0,"rgba(239, 83, 80, 0.5)",2.131812370257105,34.964108980599065,-0.7712259312956226,56.11866606980163,1.0767252593294359,True,False,True,False,True,0.0,34.1690625,32.130937499999995,1,0,0.9127161846681594,1.034589546905522,False,False,False,False,-0.14042282697520692,-0.15786308178867597,False,False,False,False,4940.0,12560.209031373091,False,False,False,False,837.1952163897256,False,False,False,False
2025-04-22 16:00:00+00:00,33.5,34.61,33.5,34.075,1455.0,32.31700088241782,,37.10628002176454,0.0,0.0,0.0,0.0,"rgba(239, 83, 80, 0.5)",1.7622146258009024,35.07021154375961,-0.5647504731765004,62.40002109224223,6.274748197226835,True,False,True,False,True,0.0,35.2325,32.8775,1,0,0.9134182731018804,1.0289868801212523,False,False,False,False,-0.10951096386663327,-0.13368702282765463,False,False,False,False,6395.0,12464.624395227773,False,False,False,False,846.7735851278694,False,False,False,False
2025-04-22 17:00:00+00:00,34.09,34.24,33.41,33.515,800.0,32.52771391961998,,37.08757597946095,0.0,0.0,0.0,0.0,"rgba(239, 83, 80, 0.5)",1.7566268428052931,35.09945493444785,-0.9019872040196707,63.90364265021694,7.070900480410188,True,False,True,False,True,0.0,35.07750000000001,32.8775,1,0,0.9140956694027739,1.0305689215963771,False,False,False,False,-0.1173449819620657,-0.12551600239486016,False,False,False,False,5595.0,12358.118590650598,False,False,False,False,846.0484132654218,False,False,False,False
2025-04-22 18:00:00+00:00,33.51,33.92,33.51,33.77,660.0,32.660486957005396,,37.07235301128874,0.0,0.0,0.0,0.0,"rgba(239, 83, 80, 0.5)",1.7466167218288617,35.118832186925516,-0.7722542502130444,65.55747812392647,8.285416617422342,True,False,True,False,True,0.0,35.04437500000001,32.8775,1,0,0.9156961667216745,1.032486208684992,False,False,False,False,-0.1210967021860507,-0.12330635229045543,False,False,False,False,6255.0,12263.4965969971,False,False,False,False,843.1639417419268,False,False,False,False
2025-04-22 19:00:00+00:00,33.755,33.84,33.56,33.71,1583.0,32.87838899155227,,37.03607499818603,0.0,0.0,0.0,0.0,"rgba(239, 83, 80, 0.5)",1.7425305379461509,35.15158672946049,-0.8272949587211414,66.42053137540631,8.973467600419681,True,False,True,False,True,0.0,35.081875000000004,32.8775,1,0,0.9167098750883806,1.031722837614895,False,False,False,False,-0.1216085610166557,-0.12245745665355556,False,False,False,False,4672.0,12145.79897533823,False,False,False,False,854.6342682265481,False,False,False,False
2025-04-23 14:00:00+00:00,36.2,36.62,35.725,36.06,504.0,33.08152413366337,,37.032996321203235,0.0,0.0,0.0,0.0,"rgba(38, 166, 154, 0.5)",1.7919335950330963,34.950028512473,0.6194266855667185,70.69806193035856,12.97987080531825,True,False,True,False,True,4.45944925266058,38.1,34.245,1,0,0.9192221047308169,1.0222518504896325,False,False,False,False,-0.037889731695215915,-0.08017359417438574,False,False,False,False,5176.0,12037.740076495777,False,True,False,False,849.1980780214853,False,True,False,False
2025-04-23 15:00:00+00:00,36.06,36.16,35.31,35.46,820.0,33.31755599250936,,37.02531407023882,0.0,0.0,0.0,0.0,#000000,1.8282660100769892,34.98186974040193,0.26152116648382767,71.3637532713959,13.616199183871863,True,False,True,False,True,2.5438851712130166,37.821875,34.245,1,0,0.9158592321755028,1.0261425959780621,False,False,False,False,-0.052631656220190705,-0.06640262519728822,False,False,False,False,4356.0,11918.643331123747,False,False,False,False,848.7453946413073,False,False,False,False
2025-04-23 16:00:00+00:00,35.37,35.54,35.22,35.51,500.0,33.42956542553192,,37.0199322278363,0.0,0.0,0.0,0.0,#000000,1.8558836922820647,35.00020749777985,0.2746898980470542,71.91116102878858,14.312808517743804,True,False,True,False,True,2.692112910145582,37.526875,34.245,1,0,0.9194081970226062,1.0335416283771364,False,False,False,False,-0.06461019935511796,-0.06550641227620309,False,False,False,False,4856.0,11809.144984904773,False,False,False,False,843.3384892980312,False,False,False,False
2025-04-23 17:00:00+00:00,35.535,35.68,35.32,35.605,16.0,33.433143054375535,,37.019772609194156,0.0,0.0,0.0,0.0,#000000,1.910073445594907,35.000931130142845,0.31625426302338316,72.44821565348525,15.119786143799814,True,False,True,False,True,2.9777723080107954,37.714375000000004,34.245,1,0,0.9232330688318877,1.0282339915113488,False,False,False,False,-0.06055921341967422,-0.06303281284793866,False,False,False,False,4872.0,11701.592349479892,False,False,False,False,830.511535975581,False,False,False,False
2025-04-23 18:00:00+00:00,35.59,35.69,35.34,35.34,0.0,33.433143054375535,,37.019772609194156,0.0,0.0,0.0,0.0,#000000,1.9380032981868276,35.000931130142845,0.17495783942905915,71.66286074552526,15.119786143799814,True,False,True,False,True,2.110663736038834,37.63375,34.245,1,0,0.9234423280911314,1.0236590877646081,False,False,False,False,-0.060052982447833,-0.06154289764788583,False,False,False,False,4872.0,11595.707196774776,False,False,False,False,817.6353881309983,False,False,False,False
2025-04-23 19:00:00+00:00,35.34,35.46,35.155,35.27,1125.0,33.63185181671569,,37.00683448576298,0.0,0.0,0.0,0.0,#000000,1.9375396932869033,35.03826197362784,0.1196042729731309,70.78615086682754,15.119786143799814,True,False,True,False,True,1.880231397238603,37.4121875,34.245,1,0,0.9216834147690606,1.025260440674841,False,False,False,False,-0.06705868813224873,-0.06430079289006728,False,False,False,False,3747.0,11474.021813879044,False,False,False,False,822.4007309506727,False,False,False,False
2025-04-24 14:00:00+00:00,34.635,35.28,34.63,35.02,335.0,33.673274488169675,,37.00230973512165,0.0,0.0,0.0,0.0,#000000,1.9612716664319603,35.04494046052811,-0.012716474191196599,69.0107608166319,15.119786143799814,True,False,True,False,False,1.051992776728767,37.113125,34.245,1,0,0.9206940992359384,1.0253613182362147,False,False,False,False,-0.0789754018944194,-0.07163809739224333,False,False,False,False,3412.0,11349.029227617353,False,False,False,False,814.8441304708173,False,False,False,False
2025-04-24 15:00:00+00:00,35.045,35.22,34.89,35.04,44.0,33.67882173382174,,37.001738398336336,0.0,0.0,0.0,0.0,#000000,1.9732204504173372,35.0459714846036,-0.0030262632856535524,67.79458707243776,15.119786143799814,True,False,True,False,False,1.1169682445871416,37.235625,34.245,1,0,0.9237849779086891,1.0236561119293077,False,False,False,False,-0.07559264538178798,-0.07361537138701565,False,False,False,False,3456.0,11226.656681452743,False,False,False,False,802.893058680572,False,False,False,False
2025-04-24 16:00:00+00:00,35.04,35.66,35.04,35.525,513.0,33.756425114434826,,36.996320197969474,0.0,0.0,0.0,0.0,#000000,1.999648937657091,35.065045165033595,0.230017792775823,68.13877598892512,15.119786143799814,True,False,True,False,False,2.6891830289362986,37.56249999999999,34.245,1,0,0.9280229438430936,1.0243315755389026,False,False,False,False,-0.06562327162894621,-0.06961932150798093,False,False,False,False,3969.0,11114.134872437971,False,False,False,False,798.3985926545166,False,False,False,False
2025-04-24 17:00:00+00:00,35.485,35.61,35.355,35.59,215.0,33.78894660027473,,36.99421689391932,0.0,0.0,0.0,0.0,#000000,2.029390076126407,35.0736056539961,0.25445790441114835,68.5391522074166,15.119786143799814,True,False,True,False,False,2.899006447893626,37.6846875,34.245,1,0,0.9203757964745826,1.0320450211618064,False,False,False,False,-0.06114985542293392,-0.06538458846545743,False,False,False,False,4184.0,11006.690920927305,False,False,False,False,789.3536532335164,False,False,False,False
2025-04-24 18:00:00+00:00,35.55,35.63,35.44,35.455,18.0,33.79159951997257,,36.994039883607535,0.0,0.0,0.0,0.0,#000000,2.0476276934956803,35.07430541436676,0.18591982655954412,68.06357098966888,15.119786143799814,True,False,True,False,False,2.4228886698089163,37.464375,34.245,1,0,0.9230697500932485,1.026249533756061,False,False,False,False,-0.059378055592288745,-0.06238132202887309,False,False,False,False,4166.0,10900.633697347037,False,False,False,False,777.394681865555,False,False,False,False
2025-04-24 19:00:00+00:00,35.435,35.59,35.36,35.38,866.0,33.905739440366006,,36.985202844094644,0.0,0.0,0.0,0.0,#000000,2.0344872785264014,35.10439450576979,0.13546680637385777,67.28655226932109,15.119786143799814,True,False,True,False,False,2.1555565714529052,37.38375,34.245,1,0,0.9231128550074738,1.0255044843049328,False,False,False,False,-0.06140300073121562,-0.06189216138004436,False,False,False,False,3300.0,10782.794415217624,False,False,False,False,778.7684077281045,False,False,False,False
2025-04-25 14:00:00+00:00,34.965,35.175,34.79,34.91,0.0,33.905739440366006,,36.985202844094644,0.0,0.0,0.0,0.0,#000000,1.9990092546057119,35.10439450576979,-0.09724542561366772,64.18736124666735,18.83222049724543,True,False,True,False,False,0.48879023398746213,36.760000000000005,34.245,1,0,0.9194321619734699,1.0254596229927855,False,False,False,False,-0.078044967294602,-0.06996856433732318,False,False,False,False,3300.0,10666.78209870262,False,False,False,False,766.6944789261184,False,False,False,False
2025-04-25 15:00:00+00:00,34.91,35.03,34.73,34.78,300.0,33.92773742726518,,36.98098936715178,0.0,0.0,0.0,0.0,#000000,1.9488959267576669,35.108393856808235,-0.16850251072902322,61.33167738001725,16.016948668810116,False,False,True,False,False,0.03131300968458817,36.558125,34.245,1,0,0.9197036070463229,1.0280548047348306,False,False,False,False,-0.08151364926725223,-0.07574110680228771,False,False,False,False,3000.0,10547.917259963046,False,False,False,False,759.4589056094344,False,False,False,False
2025-04-25 16:00:00+00:00,34.78,35.08,34.76,35.035,130.0,33.93807359975313,,36.97926393646293,0.0,0.0,0.0,0.0,#000000,1.8902199738519456,35.110600133357984,-0.03999541556209845,60.32721943594259,14.994113044146602,False,True,True,False,False,0.9297785142913,36.581250000000004,34.245,1,0,0.9144683489958497,1.0402137098697704,False,False,False,False,-0.08015978898336848,-0.0779504478928281,False,False,False,False,3130.0,10432.910790816331,False,False,False,False,749.6998528092881,False,False,False,False
2025-04-25 17:00:00+00:00,35.035,35.31,34.785,34.85,800.0,33.998738797655385,,36.96883221057394,0.0,0.0,0.0,0.0,#000000,1.823995510307229,35.12449127746847,-0.15048900938480714,58.62885332024854,13.294879226345792,False,True,True,False,False,0.2620452813003844,36.7546875,34.245,1,0,0.9073659117997613,1.038379022646007,False,False,False,False,-0.07364518711173335,-0.07579781750228072,False,False,False,False,2330.0,10307.284266927705,False,False,False,False,750.479700052555,False,False,False,False
2025-04-25 18:00:00+00:00,34.85,35.09,34.82,35.015,200.0,34.012723344315525,,36.966232588410655,0.0,0.0,0.0,0.0,#000000,1.7605945248922013,35.127832495733486,-0.06408772385589123,58.133224138228755,12.710338074528593,False,True,True,False,False,0.8554570986692305,36.1671875,34.245,1,0,0.9099306054079923,1.040009571667863,False,False,False,False,-0.0730134326961097,-0.07440562509919521,False,False,False,False,2530.0,10186.706216277662,False,False,False,False,741.9451310594922,False,False,False,False
2025-04-25 19:00:00+00:00,35.01,35.26,34.995,35.255,397.0,34.044719920143,,36.961595747908945,0.0,0.0,0.0,0.0,#000000,1.7264054908735202,35.13653485479122,0.06861953685564337,58.77617690795614,12.710338074528593,False,True,True,False,False,1.7190465228798004,36.230000000000004,34.245,1,0,0.9134661430897423,1.0332343645244708,False,False,False,False,-0.06704683073718849,-0.07072622791819186,False,False,False,False,2927.0,10074.15263152917,False,False,False,False,736.597144531438,False,False,False,False
2025-04-28 14:00:00+00:00,35.26,35.45,35.15,35.185,414.0,34.078823755048624,,36.95703188396397,0.0,0.0,0.0,0.0,#000000,1.7305502822162107,35.14633757408066,0.022341116763061334,58.79870151986927,12.710338074528593,False,True,True,False,False,1.4540201016804026,36.39875,34.245,1,0,0.914836482209648,1.0330871775199002,False,False,False,False,-0.05995390055865711,-0.06534006423842448,False,False,False,False,2513.0,9956.925458947324,False,False,False,False,731.5956384146715,False,False,False,False
2025-04-28 15:00:00+00:00,35.185,35.315,34.8,34.975,647.0,34.1187336792045,,36.94898039203023,0.0,0.0,0.0,0.0,#000000,1.713308881761738,35.15699534952221,-0.10622448261347432,57.5183704289735,11.584371814866195,False,True,True,False,False,0.6539778520419404,36.1853125,34.245,1,0,0.9125185646529008,1.0337756910841756,False,False,False,False,-0.022916455072393458,-0.044128259655408966,False,False,False,False,1866.0,9831.484754157442,False,False,False,False,730.2840781291727,False,False,False,False
2025-04-28 16:00:00+00:00,34.975,35.045,34.87,34.975,40.0,34.12091893057353,,36.94846760968932,0.0,0.0,0.0,0.0,#000000,1.7152330889849596,35.15756765549947,-0.10643897711156475,56.6038482211908,10.521771038692187,False,True,True,False,False,0.6539778520419404,36.0525,34.245,1,0,0.9204657588316558,1.0348825735149,False,False,False,False,-0.02697428416490581,-0.03555127191015739,False,False,False,False,1866.0,9707.988866496085,False,False,False,False,719.5819993984878,False,False,False,False
2025-04-28 17:00:00+00:00,34.975,35.2,34.96,35.16,100.0,34.12725407026564,,36.947279289683756,0.0,0.0,0.0,0.0,#000000,1.7246480904913262,35.1593641439175,0.0003686874360062887,56.94179207077255,10.521771038692187,False,True,True,False,False,1.3608190071607353,36.1628125,34.245,1,0,0.9190391459074734,1.0314353499406879,False,False,False,False,-0.019233619412160615,-0.027392445661159004,False,False,False,False,1966.0,9587.958031356611,False,False,False,False,709.9760769271934,False,False,False,False
2025-04-28 18:00:00+00:00,35.16,35.29,35.115,35.12,200.0,34.140550338409476,,36.944995306888664,0.0,0.0,0.0,0.0,#000000,1.7196651491568267,35.16326396906456,-0.025158368235684955,56.890270003650386,10.397819235586027,False,True,True,False,False,1.200978508179226,36.196250000000006,34.245,1,0,0.922322887271647,1.0279221743650673,False,False,False,False,-0.014219807178227253,-0.02080612641969313,False,False,False,False,1766.0,9466.687364203795,False,False,False,False,702.0694710833609,False,False,False,False
2025-04-28 19:00:00+00:00,35.1,35.305,35.1,35.28,427.0,34.16924517617018,,36.940284990907266,0.0,0.0,0.0,0.0,#000000,1.7209588386488721,35.17193878261498,0.06279128527551556,57.74798470334197,10.397819235586027,False,True,True,False,True,1.826159855091035,36.172812500000006,34.245,1,0,0.9221518360882907,1.026130852222112,False,False,False,False,-0.014219807178227253,-0.01751296679896019,False,False,False,False,2193.0,9353.917017471953,False,False,False,False,697.8048281208281,False,False,False,False
2025-04-29 14:00:00+00:00,35.59,35.77,35.36,35.44,100.0,34.1775590962117,,36.93937504950154,0.0,0.0,0.0,0.0,#000000,1.7294129009526142,35.174656908695184,0.15342957784034966,59.206025062681434,10.397819235586027,False,True,True,False,True,2.4532747926432776,36.510937500000004,34.61906249999999,1,0,0.9233731608571147,1.0233040387084031,False,False,False,False,0.0006137612015956169,-0.008449602798682287,False,False,False,False,2293.0,9244.445435805721,False,False,False,False,688.536536211978,False,False,False,False
2025-04-29 15:00:00+00:00,35.42,35.65,35.4,35.56,0.0,34.1775590962117,,36.93937504950154,0.0,0.0,0.0,0.0,#000000,1.7436956016893288,35.174656908695184,0.22099217944433083,60.85641337523924,7.650948242239991,False,True,True,False,True,2.925996053326948,36.470000000000006,34.61906249999999,1,0,0.9254735176301864,1.0243311408931308,False,False,False,False,-0.0010229410200224102,-0.004736271909352349,False,False,False,False,2293.0,9136.67108796377,False,False,False,False,677.861551154428,False,False,False,False
2025-04-29 16:00:00+00:00,35.59,35.69,35.48,35.52,0.0,34.1775590962117,,36.93937504950154,0.0,0.0,0.0,0.0,#000000,1.7291756433065932,35.174656908695184,0.199715449752948,61.6527472221572,8.484067645457287,False,True,True,False,True,2.7536660617295965,36.53375,34.63624999999999,1,0,0.9342427422175584,1.0227851896267426,False,False,False,False,0.001432112997461694,-0.0016520794559453274,False,False,False,False,2293.0,9030.567660243401,False,False,False,False,667.352069741181,False,False,False,False
2025-04-29 17:00:00+00:00,35.52,35.77,35.5,35.695,59.0,34.182891838982016,,36.93888860001625,0.0,0.0,0.0,0.0,#000000,1.7120196097426912,35.17644080295251,0.3028932578204665,63.15857470079685,9.977973903215386,False,False,True,False,True,3.4599506372263633,36.59125000000001,34.67875,1,0,0.9341993078890616,1.022568834946587,False,False,False,False,0.0034780032769105027,0.0009129619104825877,False,False,False,False,2352.0,8927.023975588465,False,False,False,False,657.920254706434,False,False,False,False
2025-04-29 18:00:00+00:00,35.7,35.815,35.615,35.62,100.0,34.19201528233816,,36.93808312697535,0.0,0.0,0.0,0.0,#000000,1.6922480836378442,35.179510753708215,0.26029826864679223,63.45420608097969,10.329040731592514,True,False,True,False,True,3.125943059864369,36.59812500000001,34.831875,1,0,0.9317404426559355,1.024245472837022,False,False,False,False,0.006751495410476233,0.00383222866047941,False,False,False,False,2252.0,8823.53523178089,False,False,False,False,649.2703282768769,False,False,False,False
2025-04-29 19:00:00+00:00,35.63,35.835,35.575,35.59,801.0,34.26050230958042,,36.931583183876995,0.0,0.0,0.0,0.0,#000000,1.6891545862399928,34.94640570687983,0.3810156266116503,63.341991848524,10.332782300716751,True,False,True,False,True,2.9904292625088225,36.580625,34.831875,1,0,0.9286145487473589,1.0244994466244088,False,False,False,False,0.006342302419549311,0.00508726554001436,False,False,False,False,1451.0,8709.232359970334,False,False,False,False,651.6227262880881,False,False,False,False
2025-04-30 14:00:00+00:00,34.96,35.295,34.88,35.09,335.0,34.27627545216699,,36.92765048551932,0.0,0.0,0.0,0.0,#000000,1.6816411894603083,34.940932410108886,0.08864411196954464,58.86046834899863,12.079024172118956,False,True,True,False,False,0.7556934221716141,36.03625000000001,34.831875,1,0,0.924172517552658,1.0285356068204612,False,False,False,False,-0.0189266260904179,-0.00691968027520177,False,False,False,False,1116.0,8591.507827257616,False,False,False,False,646.7138468107534,False,False,False,False
2025-04-30 15:00:00+00:00,35.13,35.16,34.92,35.03,280.0,34.288195144254104,,36.92428433379529,0.0,0.0,0.0,0.0,#000000,1.6739095226712477,34.939171215856646,0.05426146569643084,55.234037848335454,8.81077124261401,False,True,False,False,False,0.4908225440953444,35.9353125,34.831875,1,0,0.9227065255554998,1.03029543060641,False,False,False,False,-0.02087097976262832,-0.013895330018915044,False,False,False,False,836.0,8471.267395827266,False,False,False,False,641.0283608136874,False,False,False,False
2025-04-30 16:00:00+00:00,35.03,35.06,34.89,34.96,0.0,34.288195144254104,,36.92428433379529,0.0,0.0,0.0,0.0,#000000,1.6727781418081447,34.939171215856646,0.012451611856214372,52.13530787257494,6.119649483852342,False,True,False,False,False,0.17790503351686837,35.8515625,34.831875,1,0,0.9243333165297171,1.0333215708020365,False,False,False,False,-0.023531932900066638,-0.018713631459490843,False,False,False,False,836.0,8352.89115713227,False,False,False,False,631.0899366150255,False,False,False,False
2025-04-30 17:00:00+00:00,34.97,35.12,34.84,35.085,0.0,34.288195144254104,,36.92428433379529,0.0,0.0,0.0,0.0,#000000,1.6733762924744733,34.939171215856646,0.08714643849036072,51.04022845462278,5.288211789998805,False,True,False,False,False,0.7388025977034403,35.859375,34.831875,1,0,0.919156681328682,1.036250568785075,False,False,False,False,-0.021893876294960608,-0.020303753877225723,False,False,False,False,836.0,8236.350208959677,False,False,False,False,621.305596512467,False,False,False,False
2025-04-30 18:00:00+00:00,35.085,35.53,35.04,35.265,100.0,34.29370754927069,,36.923238581733294,0.0,0.0,0.0,0.0,#000000,1.6828996801154645,34.72986962602009,0.3179811490267769,51.739571340446425,5.288211789998805,False,True,False,False,False,1.5478880526744305,36.199999999999996,34.831875,1,0,0.9210645926973384,1.0303520024241197,False,False,False,False,-0.006582474986799487,-0.013443114432012605,False,False,False,False,936.0,8123.166484789759,False,False,False,False,613.2233392021961,False,False,False,False
2025-04-30 19:00:00+00:00,35.265,35.62,35.22,35.45,674.0,34.334803337626106,,36.91687143086096,0.0,0.0,0.0,0.0,#000000,1.6943881885013052,34.75426945767309,0.4106087064631219,53.592582562903466,5.288211789998805,False,True,False,False,True,2.3776922730323555,36.3134375,34.831875,1,0,0.924731182795699,1.0274117825230955,False,False,False,False,-0.0009847675808742746,-0.00721394100644344,False,False,False,False,1610.0,8022.187159444181,False,False,False,False,614.1656130130148,False,False,False,False
2025-05-01 14:00:00+00:00,35.42,35.67,35.36,35.62,1.0,34.334868541074215,,36.91686278355231,0.0,0.0,0.0,0.0,"rgba(38, 166, 154, 0.5)",1.7071113528913613,34.75430978121405,0.5071082312935925,56.03024079725323,1.3794146061688863,False,True,True,False,True,3.1389227931442214,36.433749999999996,34.831875,1,0,0.9286831878059859,1.0236713269065763,False,False,False,False,0.0029543020897904336,-0.0021298194583265033,False,False,False,False,1611.0,7922.788908910163,False,False,False,False,604.6591694004098,False,False,False,False
2025-05-01 15:00:00+00:00,35.63,35.83,35.54,35.54,201.0,34.34875862618113,,36.91523695794105,0.0,0.0,0.0,0.0,#000000,1.7190017792650831,34.763777309817556,0.45155432620569963,56.953330285441325,2.243089833045616,False,True,True,False,True,2.7475883595098374,36.613125,34.831875,1,0,0.9281455280444668,1.0255179383527033,False,False,False,False,0.010003472728133329,0.003936826634903413,False,False,False,False,1410.0,7821.815437454191,False,False,False,False,598.4008877042794,False,False,False,False
2025-05-01 16:00:00+00:00,35.56,35.65,35.44,35.52,100.0,34.35503124229944,,36.914366483551156,0.0,0.0,0.0,0.0,#000000,1.730604013704943,34.766937454364125,0.4351443424794172,57.40075908575142,2.7428130088746343,False,False,True,False,True,2.648384857642956,36.4796875,34.831875,1,0,0.9316521209661052,1.0272478181449158,False,False,False,False,0.0041982320829147424,0.004067529358909078,False,False,False,False,1310.0,7720.857058578932,False,False,False,False,590.6737421584766,False,False,False,False
2025-05-01 17:00:00+00:00,35.52,35.74,35.51,35.69,90.0,34.3611405122276,,36.91364647229583,0.0,0.0,0.0,0.0,"rgba(38, 166, 154, 0.5)",1.7436079968978853,34.770657542686955,0.5272644189225316,58.96199824170813,4.339651831414116,True,False,True,False,True,3.440341103231628,36.564375,34.831875,1,0,0.933069065406312,1.0256136606189967,False,False,False,False,0.007515452706786448,0.005791491032847763,False,False,False,False,1400.0,7622.859274724995,False,False,False,False,582.9113585591203,False,False,False,False
2025-05-01 18:00:00+00:00,35.675,35.885,35.675,35.83,0.0,34.3611405122276,,36.91364647229583,0.0,0.0,0.0,0.0,"rgba(38, 166, 154, 0.5)",1.758681810820571,34.770657542686955,0.6023502664298167,60.996834438916736,6.3580388476015415,True,False,True,False,True,4.092566584661313,36.666875,34.893125000000005,1,0,0.9315955927361762,1.0290756988369718,False,False,False,False,0.013943103308089597,0.00986729717046868,False,False,False,False,1400.0,7526.380836357165,False,False,False,False,573.8739731551029,False,False,False,False
2025-05-01 19:00:00+00:00,35.835,35.895,35.505,35.515,210.0,34.37508221575355,,36.91195859330684,0.0,0.0,0.0,0.0,#000000,1.76858497670291,34.77855519348156,0.4164034051060195,59.11518141167745,6.3580388476015415,True,False,True,False,True,2.4714010844516388,36.613125000000004,34.893125000000005,1,0,0.9304766292940153,1.0299493165412377,False,False,False,False,0.014631583717579,0.012249440444023839,False,False,False,False,1190.0,7428.142373777984,False,False,False,False,568.2325162069618,False,False,False,False
2025-05-02 14:00:00+00:00,37.895,38.31,37.815,38.195,301.0,34.432567599843054,,36.91422068595318,0.0,0.0,0.0,0.0,"rgba(0, 255, 255, 0.75)",1.8366726549499397,34.84672733675998,1.8230100253391521,65.88704946325998,10.7471669203711,True,False,True,False,True,13.427943149793172,39.4603125,36.6646875,1,0,0.9341822721598002,1.0144818976279648,False,False,False,False,0.11423498947252357,0.0632422149582737,False,False,False,False,1491.0,7336.093654804682,False,False,False,False,564.0893764208073,False,False,False,False
2025-05-02 15:00:00+00:00,38.18,38.195,37.86,37.99,0.0,34.432567599843054,,36.91422068595318,0.0,0.0,0.0,0.0,"rgba(0, 255, 255, 0.75)",1.894278904376806,34.84672733675998,1.6593505085113727,69.54536602980093,13.922762924674053,True,False,True,False,True,12.397424517221339,39.4375,36.6646875,1,0,0.9324911369650972,1.01767613721476,False,False,False,False,0.13444236818522523,0.09884229157174947,False,False,False,False,1491.0,7245.4720477534465,False,False,False,False,555.3438046933529,False,False,False,False
2025-05-02 16:00:00+00:00,38.0,38.81,38.0,38.655,300.0,34.49389779390763,,36.91718565631322,0.0,0.0,0.0,0.0,"rgba(0, 255, 255, 0.75)",1.967454675691497,34.910439724025665,1.9032511001343622,73.07733579377596,16.981362681906077,True,False,True,False,True,14.722635106129001,39.93125,36.878750000000004,1,0,0.9441068648621503,1.0106965299050867,False,False,False,False,0.15138584329699725,0.12511406743437337,False,False,False,False,1791.0,7160.906589648741,False,False,False,False,551.3849860159365,False,False,False,False
2025-05-02 17:00:00+00:00,38.65,38.81,38.59,38.655,400.0,34.57672999324737,,36.92161429856808,0.0,0.0,0.0,0.0,"rgba(0, 255, 255, 0.75)",2.020772022660401,34.9862257448691,1.8155310020082611,75.60017133947241,19.13456534721935,True,False,True,False,True,14.722635106129001,40.21875,37.181250000000006,1,0,0.9503757123405113,1.008371576983206,False,False,False,False,0.1646862631735678,0.1449001653039706,False,False,False,False,1791.0,7077.652223917752,False,False,False,False,549.0379319691777,False,False,False,False
2025-05-02 18:00:00+00:00,38.66,38.835,38.64,38.775,49.0,34.58680936185595,,36.922175223307434,0.0,0.0,0.0,0.0,"rgba(0, 255, 255, 0.75)",2.072358842278678,34.99481858511659,1.8240959711045415,77.56711551116831,20.86050817079264,True,False,True,False,True,15.140380330712535,40.1596875,37.3153125,1,0,0.9459732390810403,1.0096945215854582,False,False,False,False,0.17247571986140903,0.1586879425826898,False,False,False,False,1840.0,6996.448313469415,False,False,False,False,541.2854058921363,False,False,False,False
2025-05-02 19:00:00+00:00,38.765,38.9,38.665,38.68,800.0,34.744682046661616,,36.93127643491982,0.0,0.0,0.0,0.0,"rgba(0, 255, 255, 0.75)",2.115063307041246,35.11602158076016,1.6850457418343066,78.33502802106149,21.58336057256446,True,False,True,False,True,14.638536859720567,40.20375,37.36125,1,0,0.9481346678798909,1.0074309978768576,False,False,False,False,0.17805987799931994,0.16837391029100487,False,False,False,False,1040.0,6904.100277601671,False,False,False,False,545.2964848705528,False,False,False,False
2025-05-05 14:00:00+00:00,38.06,38.855,38.06,38.835,0.0,34.744682046661616,,36.93127643491982,0.0,0.0,0.0,0.0,"rgba(0, 255, 255, 0.75)",2.1472317774999916,35.11602158076016,1.7319874166401459,79.14456519049823,22.481690887477654,True,False,True,False,True,15.192886476801181,39.9959375,37.36125,1,0,0.9439995971194037,1.0067986100619428,False,False,False,False,0.16306973277794864,0.16572182153447676,False,False,False,False,1040.0,6813.183994228002,False,False,False,False,536.8422758027923,False,False,False,False
2025-05-05 15:00:00+00:00,38.825,38.9,38.555,38.655,925.0,34.91102704462515,,36.941429444496045,0.0,0.0,0.0,0.0,"rgba(0, 255, 255, 0.75)",2.1620000583375867,35.225458632623756,1.5862818107476377,78.42858795019896,22.481690887477654,True,False,True,False,True,14.221906611371786,40.278125,37.36125,1,0,0.9486339348724668,1.0068555297913093,False,False,False,False,0.3392267493280706,0.2524742854312737,False,False,False,False,115.0,6709.336180364002,False,False,False,False,542.8602250151521,False,False,False,False
2025-05-05 16:00:00+00:00,38.655,38.8,38.585,38.65,160.0,34.93821186427938,,36.943149098109565,0.0,0.0,0.0,0.0,"rgba(0, 255, 255, 0.75)",2.1822187898664813,35.24220536373772,1.5616191429049084,77.87990056295259,22.481690887477654,True,False,True,False,True,14.194689103456874,40.191562499999996,37.36125,1,0,0.9813355685945798,1.007096954456552,False,False,False,False,0.3369392978604597,0.29470679164586666,False,False,False,False,-45.0,6604.617789970761,False,False,False,False,536.9244075730567,False,False,False,False
2025-05-05 17:00:00+00:00,38.64,39.04,38.605,38.985,163.0,34.96695327423591,,36.94509734104806,0.0,0.0,0.0,0.0,"rgba(0, 255, 255, 0.75)",2.212324534702433,35.26017336355072,1.683670988601265,78.23619293016075,22.481690887477654,True,False,True,False,True,15.436921136321065,40.328125,37.36125,1,0,0.9656150703586017,1.0052768951429867,False,False,False,False,0.34282824788258154,0.3187675197642241,False,False,False,False,118.0,6504.050072296795,False,False,False,False,531.1271299362651,False,False,False,False
2025-05-05 18:00:00+00:00,38.985,39.19,38.985,39.065,599.0,35.07437490007994,,36.95297336691977,0.0,0.0,0.0,0.0,"rgba(0, 255, 255, 0.75)",2.239950278968654,35.326995943824095,1.6687888527137318,78.6603545530171,23.12956797934811,True,False,True,False,True,15.731974637847578,40.5734375,37.6015625,1,0,0.9685093274003082,0.9921843801700038,False,False,False,False,0.34282824803179035,0.33079788389800724,False,False,False,False,717.0,6414.328365749558,False,False,False,False,532.1794224953928,False,False,False,False
2025-05-05 19:00:00+00:00,39.055,39.15,38.715,38.785,810.0,35.2043077840949,,36.96255554806537,0.0,0.0,0.0,0.0,"rgba(38, 166, 154, 1.0)",2.2559586104917253,35.402434330657286,1.4993917235943535,76.71477197823151,23.12956797934811,True,False,True,False,False,14.1546909859867,40.44562500000001,37.6015625,1,0,0.9712007343239056,0.9894440938557738,False,False,False,False,0.3329655454952923,0.33188171469664973,False,False,False,False,-93.0,6313.439553877472,False,False,False,False,536.486718270658,False,False,False,False
2025-05-06 14:00:00+00:00,39.37,40.09,39.37,39.715,2615.0,35.652775543753165,,37.00612696430867,0.0,0.0,0.0,0.0,"rgba(0, 255, 255, 0.75)",2.292019580360576,35.669382755440324,1.765088430842825,77.45693994639427,23.12956797934811,True,False,True,False,False,17.540114725967918,41.448437500000004,38.011562500000004,1,0,0.9689051178182234,0.9792320419923544,False,False,False,False,0.3428282483667404,0.3373549815316951,False,False,False,False,2522.0,6254.657545290224,False,False,False,False,568.7117303904928,False,False,False,False
2025-05-06 15:00:00+00:00,39.71,40.07,39.71,39.92,1661.0,35.90453814401104,,37.03483187322212,0.0,0.0,0.0,0.0,"rgba(0, 255, 255, 0.75)",2.3301421736771926,35.814684252960035,1.7618305841661912,78.3440174085595,23.54136948046464,True,False,True,False,False,18.250336627515033,41.6328125,38.1471875,1,0,0.9717121872848288,0.9806059215056226,False,False,False,False,0.34282824844475623,0.34009161498822565,False,False,False,False,4183.0,6222.538823657818,False,False,False,False,585.6464322449037,False,False,False,False
2025-05-06 16:00:00+00:00,39.94,40.11,39.72,39.805,489.0,35.972696188471886,,37.043111351934975,0.0,0.0,0.0,0.0,"rgba(0, 255, 255, 0.75)",2.351985073035821,35.9813189593989,1.625725045808089,78.15069115314043,23.631999875263787,True,False,True,False,False,17.595194303146506,41.691562499999996,38.1471875,1,0,0.9932755264554946,0.979885565976523,False,False,False,False,0.3428282484567648,0.3414599317224952,False,False,False,False,3694.0,6183.336671353046,False,False,False,False,584.1480379465331,False,False,False,False
2025-05-06 17:00:00+00:00,39.755,40.04,39.74,39.82,330.0,36.017252716135005,,37.048648656144,0.0,0.0,0.0,0.0,"rgba(0, 255, 255, 0.75)",2.3687907927504614,36.00619013876656,1.6100239298908827,78.04532336680538,23.84056276043782,True,False,True,False,False,17.648822714177165,41.6496875,38.1471875,1,0,1.0199673261935016,0.949537121074605,False,False,False,False,0.3413393220012361,0.34139962686186565,False,False,False,False,4024.0,6149.858583425092,False,False,False,False,580.2077582884473,False,False,False,False
2025-05-06 18:00:00+00:00,39.805,39.86,39.605,39.755,500.0,36.08069421722336,,37.05662199100955,0.0,0.0,0.0,0.0,"rgba(0, 255, 255, 0.75)",2.3786796208691676,36.038492846221345,1.5624244312568032,77.43977475712184,23.84056276043782,True,False,True,False,False,17.267675911074427,41.0159375,38.449062500000004,1,0,1.0332354021300036,0.9214102093279471,False,False,False,False,0.33199221064141815,0.3366959187516419,False,False,False,False,3524.0,6109.147597635555,False,False,False,False,578.9642271521923,False,False,False,False
2025-05-06 19:00:00+00:00,39.74,39.78,39.53,39.56,1831.0,36.28879059595992,,37.08416927017694,0.0,0.0,0.0,0.0,"rgba(38, 166, 154, 1.0)",2.378904945292749,36.1469638408202,1.43470892602638,75.42374276823193,23.84056276043782,True,False,True,False,False,16.120151355121763,40.9225,38.449062500000004,1,0,1.0326005495878092,0.9372970272295775,False,False,False,False,0.3274133940533414,0.33205465640249165,False,False,False,False,1693.0,6040.68019302105,False,False,False,False,598.3756344831661,False,False,False,False
2025-05-07 14:00:00+00:00,37.79,38.13,37.71,37.95,1725.0,36.37485231233787,,37.092636019683376,0.0,0.0,0.0,0.0,"rgba(38, 166, 154, 0.5)",2.3459296203815128,36.14475652721477,0.7695215820207144,65.96685541553306,20.3358474698189,False,True,True,False,False,7.478110801343817,39.380625,38.449062500000004,-1,0,1.0208268765883592,0.9461352507283204,False,False,False,False,0.22793800439450354,0.2799963303984976,False,False,False,False,-32.0,5946.530112509096,False,False,False,False,615.8426789097837,False,False,False,False
2025-05-07 15:00:00+00:00,37.95,38.17,37.63,37.74,209.0,36.38414423803051,,37.09354940292998,0.0,0.0,0.0,0.0,"rgba(38, 166, 154, 0.5)",2.306695210207098,36.14567860343983,0.6911712433898142,58.55766834570258,13.83032498891572,False,True,False,False,False,6.449952360838122,39.380625,36.37937500000001,-1,0,1.021791918311438,0.9392316792229621,False,False,False,False,0.2268202006644236,0.25340826553146056,False,False,False,False,-241.0,5850.599413090351,False,False,False,False,609.5350404770737,False,False,False,False
2025-05-07 16:00:00+00:00,37.73,37.73,37.415,37.58,354.0,36.39674362652799,,37.094535188837646,0.0,0.0,0.0,0.0,"rgba(38, 166, 154, 0.5)",2.261964700499521,36.14469745721529,0.6345379936600012,52.76921936338172,9.005328924009646,False,True,False,True,False,5.668148088169865,39.1175,36.027499999999996,-1,0,1.010707045108971,0.9633172833248859,False,False,False,False,0.20859309120913586,0.2310006783702982,False,False,False,False,-595.0,5750.667639243989,False,False,False,False,605.5732569037857,False,False,False,False
2025-05-07 17:00:00+00:00,37.56,37.715,37.42,37.47,1415.0,36.442927969260765,,37.098110841470344,0.0,0.0,0.0,0.0,"rgba(38, 166, 154, 0.5)",2.202316384959039,36.145484676111785,0.6014191843343384,48.28706022801326,5.392522310331373,False,True,False,True,False,5.128586143201666,39.1175,36.011250000000004,-1,0,1.0180427159706724,0.9491233662735095,False,False,False,False,0.20831590014863807,0.21965828925946812,False,False,False,False,-2010.0,5630.347210728578,False,False,False,False,618.1225087347348,False,False,False,False
2025-05-07 18:00:00+00:00,37.54,37.67,37.19,37.6,300.0,36.45183004491954,,37.09877844022159,0.0,0.0,0.0,0.0,"rgba(38, 166, 154, 0.5)",2.1315340836001546,36.14358646586255,0.683270112987157,45.79835787822503,3.517554905245966,False,True,False,True,False,5.687666631106456,38.9271875,35.9328125,-1,0,1.0311673227076208,0.9413434858359678,False,False,False,False,0.20070534549908048,0.2101818173792743,False,False,False,False,-1710.0,5516.543378004103,False,False,False,False,613.1903768163668,False,False,False,False
2025-05-07 19:00:00+00:00,37.54,37.6,37.21,37.34,432.0,36.463131775543445,,37.09948073180298,0.0,0.0,0.0,0.0,"rgba(38, 166, 154, 0.5)",2.0567663371820766,36.140058147875806,0.5834118491885703,43.113412458827646,1.268137620535846,False,True,False,True,False,4.391230114607918,38.910625,35.899375,-1,0,1.0435518520929628,0.9253303821365797,False,False,False,False,0.19932409456523173,0.20475295597225301,False,False,False,False,-2142.0,5397.80627136838,False,False,False,False,610.3812236874307,False,False,False,False
2025-05-08 14:00:00+00:00,37.515,37.685,37.435,37.46,704.0,36.483752226200316,,37.1011919840827,0.0,0.0,0.0,0.0,"rgba(38, 166, 154, 0.5)",1.9716306600017866,36.14727640307038,0.665806037388581,41.9068449399702,0.23804734506856562,False,True,False,True,False,4.9215166685532346,38.910625,36.03,-1,0,1.041704857928506,0.9225481209899172,False,False,False,False,0.20790017270497715,0.20632656433861507,False,False,False,False,-1438.0,5291.824778789025,False,False,False,False,611.8326775837496,False,False,False,False
2025-05-08 15:00:00+00:00,37.46,38.305,37.46,38.085,301.0,36.495807088944126,,37.102643284121854,0.0,0.0,0.0,0.0,"rgba(38, 166, 154, 1.0)",1.8967906560272867,36.15768376996246,1.0160932751926286,44.243194346998095,0.23804734506856562,False,True,False,True,False,7.611266921057776,38.910625,36.275625,-1,0,1.0563546798029555,0.9040394088669946,False,False,False,False,0.2186164397964862,0.21247150206755064,False,False,False,False,-1137.0,5192.153076792296,False,False,False,False,607.0135663033814,False,False,False,False
2025-05-08 16:00:00+00:00,38.105,38.435,38.03,38.415,0.0,36.495807088944126,,37.102643284121854,0.0,0.0,0.0,0.0,"rgba(38, 166, 154, 1.0)",1.8299093341394848,36.15768376996246,1.2335672527180381,47.283379569034615,0.23804734506856562,False,True,False,True,True,8.976582698505268,38.910625,36.588125,-1,0,1.053467336683417,0.9238860971524285,False,False,False,False,0.239441234444339,0.22595636825594484,False,False,False,False,-1137.0,5094.026672500942,False,False,False,False,597.6025032599181,False,False,False,False
2025-05-08 17:00:00+00:00,38.355,38.385,38.23,38.23,357.0,36.51305313604559,,37.10502940287224,0.0,0.0,0.0,0.0,"rgba(38, 166, 154, 1.0)",1.7996085034710787,36.17462627570118,1.1421227007620935,48.5771498908327,0.23804734506856562,False,True,False,False,True,8.01445821157051,38.910625,36.709999999999994,-1,0,1.0562828991766768,0.9084221892293154,False,False,False,False,0.24095811457731917,0.233457241416632,False,False,False,False,-1494.0,4991.8867240900745,False,False,False,False,593.8722318915472,False,False,False,False
2025-05-08 18:00:00+00:00,38.23,38.31,38.12,38.125,28.0,36.51431852993116,,37.10520079957072,0.0,0.0,0.0,0.0,"rgba(38, 166, 154, 1.0)",1.7725655479054305,36.17569483794173,1.0997083658551803,49.00139261195697,0.23804734506856562,False,True,False,False,True,7.467258171069986,38.910625,36.8265625,-1,0,1.0534445051940948,0.9158009841443406,False,False,False,False,0.22099098033299472,0.22722411087481337,False,False,False,False,-1522.0,4890.896232243716,False,False,False,False,585.0990189940039,False,False,False,False
2025-05-08 19:00:00+00:00,38.125,38.6,37.99,38.16,704.0,36.546730194518126,,37.109750732034094,0.0,0.0,0.0,0.0,"rgba(38, 166, 154, 1.0)",1.7598092213348464,36.20185582208353,1.1127025328524982,49.47892350253287,0.23804734506856562,False,True,False,False,True,7.6183311578681945,38.910625,36.8596875,-1,0,1.0410614525139665,0.9363128491620107,False,False,False,False,0.2218143384562373,0.22451922466552532,False,False,False,False,-818.0,4802.3862131391625,False,False,False,False,586.9424450561124,False,False,False,False
2025-05-09 14:00:00+00:00,37.92,37.95,37.29,37.52,0.0,36.546730194518126,,37.109750732034094,0.0,0.0,0.0,0.0,"rgba(38, 166, 154, 0.5)",1.7268372693900906,36.20185582208353,0.7633285436224306,46.96159910149769,0.23804734506856562,False,True,False,True,True,4.307971879497561,38.910625,36.0946875,-1,0,1.0130636325326592,0.9462003090321672,False,False,False,False,0.17340003035737356,0.19895962751144944,False,False,False,False,-818.0,4715.248442392819,False,False,False,False,577.8425621870254,False,False,False,False
2025-05-09 15:00:00+00:00,37.52,37.56,37.085,37.205,0.0,36.546730194518126,,37.109750732034094,0.0,0.0,0.0,0.0,"rgba(38, 166, 154, 0.5)",1.695870599453203,36.20185582208353,0.5915216516165268,44.041426150783494,0.23804734506856562,False,True,False,True,False,2.743501609868634,38.88062500000001,35.764375,-1,0,1.0113466067223291,0.9544708484978229,False,False,False,False,0.1523275252305901,0.17564357637101977,False,False,False,False,-818.0,4629.461644836341,False,False,False,False,568.883762773273,False,False,False,False
2025-05-09 16:00:00+00:00,37.22,37.265,37.04,37.09,500.0,36.55438643106457,,37.109812421185346,0.0,0.0,0.0,0.0,"rgba(38, 166, 154, 0.5)",1.661186521031681,36.19443328436382,0.5391126789783927,41.563687265031724,-1.1266578571088672,False,True,False,True,False,2.1763542167413625,38.705000000000005,35.6,-1,0,0.9950638792102207,0.9710365853658536,False,False,False,False,0.1403472582012841,0.15799541728615193,False,False,False,False,-1318.0,4537.25293716446,False,False,False,False,567.8157974589587,False,False,False,False
2025-05-09 17:00:00+00:00,37.04,37.23,37.02,37.21,0.0,36.55438643106457,,37.109812421185346,0.0,0.0,0.0,0.0,"rgba(38, 166, 154, 0.5)",1.660533407733154,36.19443328436382,0.6115906556933202,40.55265679693052,-2.3261565001905566,False,True,False,True,False,2.7376621501305323,38.67,35.58,-1,0,0.9998529411764709,0.9613235294117646,False,False,False,False,0.1384131174607441,0.14820426737344802,False,False,False,False,-1318.0,4446.473821859584,False,False,False,False,559.0124517619206,False,False,False,False
2025-05-09 18:00:00+00:00,37.235,37.255,37.08,37.13,0.0,36.55438643106457,,37.109812421185346,0.0,0.0,0.0,0.0,"rgba(38, 166, 154, 0.5)",1.654698244175948,36.19443328436382,0.5654001984525607,39.512689826253045,-3.608150975461328,False,True,False,True,False,2.332180054959938,38.39843750000001,35.9365625,-1,0,1.0092475203221716,0.9524945931836823,False,False,False,False,0.14140268301831874,0.14480347519588338,False,False,False,False,-1318.0,4357.10213469897,False,False,False,False,550.3455920446816,False,False,False,False
2025-05-09 19:00:00+00:00,37.13,37.24,36.985,37.03,318.0,36.55876711321114,,37.10976808092158,0.0,0.0,0.0,0.0,"rgba(38, 166, 154, 0.5)",1.6487929655487166,36.18874208467386,0.5102265311073603,38.36206256799308,-5.022055040341797,False,True,False,True,False,1.8210816082962573,38.29,35.934999999999995,-1,0,1.0021933141733477,0.9587051883224926,False,False,True,False,0.13753430348700335,0.14116888934144337,False,False,False,False,-1636.0,4264.185822533094,False,False,True,False,546.7433348036787,False,False,True,False
2025-05-12 14:00:00+00:00,40.57,40.88,40.35,40.8,1173.0,36.68046463094068,,37.13312617586796,0.0,0.0,0.0,0.0,"rgba(0, 255, 0, 1.0)",1.7078912027292767,36.50073723147044,2.51729311659851,48.89289604930906,-8.233950172544127,False,True,False,False,True,16.65519991166824,38.29,38.7765625,1,0,0.9868211440984794,0.9622013034033305,False,False,False,False,0.34282824720178195,0.24199856827161265,False,False,False,False,-463.0,4190.896119858163,False,False,False,False,556.4527404656371,False,False,False,False
2025-05-12 15:00:00+00:00,40.765,41.125,40.725,41.075,1388.0,36.82557077014208,,37.16266742746977,0.0,0.0,0.0,0.0,"rgba(0, 255, 0, 1.0)",1.7678708551135922,36.674653420404645,2.48906562765447,56.748330196214305,-1.1900035804601075,True,False,True,False,True,17.52243999693119,42.783125,39.066874999999996,1,0,1.0216479400749066,0.9549812734082395,False,False,False,False,0.3428282474131948,0.2924134078424037,False,False,False,False,925.0,4140.262071488269,False,False,False,False,569.3449460398133,False,False,False,False
2025-05-12 16:00:00+00:00,41.075,41.465,41.07,41.38,1039.0,36.936072858793544,,37.18637375378681,0.0,0.0,0.0,0.0,"rgba(0, 255, 0, 1.0)",1.8313484988729032,36.79041129759027,2.5061252433572205,62.72590115254754,3.946412710238242,True,False,True,False,True,18.473332965943577,43.1096875,39.4253125,1,0,1.018440145102781,0.932134220072551,False,False,False,False,0.3428282476328151,0.3176208277376094,False,False,False,False,1964.0,4106.521574255892,False,False,False,False,576.6264197446224,False,False,False,False
2025-05-12 17:00:00+00:00,41.39,41.43,41.21,41.255,702.0,37.00758866573252,,37.202212239097484,0.0,0.0,0.0,0.0,"rgba(0, 255, 0, 1.0)",1.8818917188406887,36.85896523409782,2.335965837933699,66.4650493377888,7.033704707860423,True,False,True,False,True,17.83107310417002,43.1303125,39.5096875,1,0,1.0247505902063818,0.9241489604752111,False,False,False,False,0.34282824733115086,0.33022453753438014,False,False,False,False,1262.0,4062.420464577506,False,False,False,False,578.5701961826902,False,False,False,False
2025-05-12 18:00:00+00:00,41.23,41.45,41.21,41.245,200.0,37.02755183635518,,37.20670597380861,0.0,0.0,0.0,0.0,"rgba(0, 255, 0, 1.0)",1.9274913491117487,36.87749104766189,2.26590327077255,69.09039335868795,9.249573947558297,True,False,True,False,True,17.779033161825613,43.120625000000004,39.53937499999999,1,0,1.0192648532018187,0.9331124296832854,False,False,False,False,0.34282824728854655,0.3365263924114633,False,False,False,False,1062.0,4015.90231783987,False,False,False,False,572.7008908155167,False,False,False,False
2025-05-12 19:00:00+00:00,41.245,41.3,41.125,41.2,1100.0,37.13178709579933,,37.2306871349808,0.0,0.0,0.0,0.0,"rgba(0, 255, 0, 1.0)",1.9737497057379485,36.96921538478568,2.143526407079318,70.74331540289803,10.753751095892483,True,False,True,False,True,17.54082138751291,42.8775,39.5475,1,0,1.0064361042183625,0.9399813895781637,False,False,False,False,0.33447708495557954,0.3355017386835214,False,False,False,False,-38.0,3953.0511191136707,False,False,False,False,580.876070802873,False,False,False,False
2025-05-13 14:00:00+00:00,40.36,41.29,40.3,41.29,510.0,37.17553319889461,,37.24102033553908,0.0,0.0,0.0,0.0,"rgba(0, 255, 0, 1.0)",2.019208918774232,37.004512106419284,2.1223598280173186,72.0828124420507,12.155816212618753,True,False,True,False,True,17.840328421434066,42.5696875,39.5475,1,0,0.9872523421901398,0.9437874366456763,False,False,False,False,0.3051555925373481,0.3203286656104347,False,False,False,False,472.0,3899.0813343212108,False,False,False,False,579.7772169919757,False,False,False,False
2025-05-13 15:00:00+00:00,41.29,41.55,41.23,41.36,0.0,37.17553319889461,,37.24102033553908,0.0,0.0,0.0,0.0,"rgba(0, 255, 0, 1.0)",2.0609986711597554,37.004512106419284,2.113290005728056,73.17001517550847,13.471618667420941,True,False,True,False,True,18.0758191738468,43.190000000000005,39.589999999999996,1,0,0.9996130929350772,0.9483092161262863,False,False,False,False,0.3428282473294565,0.3315784564699456,False,False,False,False,472.0,3845.9482903782464,False,False,False,False,570.7884229300846,False,False,False,False
2025-05-13 16:00:00+00:00,41.35,41.92,41.33,41.76,101.0,37.185681443890516,,37.24344930849299,0.0,0.0,0.0,0.0,"rgba(0, 255, 0, 1.0)",2.108516157724942,37.013779955080565,2.2509763691071427,74.66700169342704,15.272006018337905,True,False,True,False,True,19.411206518600054,43.5,39.75,1,0,0.9904615633336027,0.9550561797752806,False,False,False,False,0.34282824748526425,0.3372033519776049,False,False,False,False,573.0,3795.2049060312966,False,False,False,False,563.5048814893081,False,False,False,False
2025-05-13 17:00:00+00:00,41.775,41.79,41.335,41.38,238.0,37.20852394612585,,37.248945242523966,0.0,0.0,0.0,0.0,"rgba(0, 255, 0, 1.0)",2.1348214116078266,37.03395772326638,2.0357872808950455,73.52932446828086,15.272006018337905,True,False,True,False,True,17.311948058033764,43.4084375,39.75,1,0,1.0074492468893255,0.9469548133595282,False,False,False,False,0.3385030716030579,0.33785321179033145,False,False,False,False,335.0,3741.558318340889,False,False,False,False,558.4582941793963,False,False,False,False
2025-05-13 18:00:00+00:00,41.38,41.44,41.28,41.355,7.0,37.20916981649472,,37.24910123205064,0.0,0.0,0.0,0.0,"rgba(0, 255, 0, 1.0)",2.1544534914559264,37.03451178822077,2.0053754833480064,72.57373719723101,15.272006018337905,True,False,True,False,True,17.17435933861346,43.0728125,39.75,1,0,1.0074025333114,0.9388057246257606,False,False,False,False,0.32457200385085716,0.3312126078205943,False,False,False,False,328.0,3688.63493356041,False,False,False,False,549.9085531843668,False,False,False,False
2025-05-13 19:00:00+00:00,41.335,41.415,41.0,41.03,505.0,37.25290846727205,,37.25975008968179,0.0,0.0,0.0,0.0,"rgba(0, 255, 255, 0.75)",2.1677638808788737,37.0703130062777,1.8266228294739046,70.0478964086405,15.272006018337905,True,False,True,False,False,15.387257108811227,42.9090625,39.75,1,0,1.0,0.9442109600329622,False,False,False,False,0.3141607475735303,0.3226866776970623,False,False,False,False,-177.0,3628.702609009086,False,False,False,False,549.2122965458495,False,False,False,False
2025-05-14 14:00:00+00:00,41.72,42.35,41.71,42.27,600.0,37.316150474165056,,37.27543713019211,0.0,0.0,0.0,0.0,"rgba(0, 255, 0, 1.0)",2.204145101990891,37.12900897143817,2.3324195053756864,71.12835918211185,15.272006018337905,True,False,True,False,False,19.571211161088883,43.936875,40.123125,1,0,1.0005670771224888,0.9253078418664935,False,False,False,False,0.3428282477382914,0.3327574627176768,False,False,False,False,423.0,3579.001793365534,False,True,False,False,549.9997028009527,False,True,False,False
2025-05-14 15:00:00+00:00,42.26,42.43,41.98,42.195,641.0,37.383177054349844,42.20166666666666,37.29240003796138,-1.0,42.43,41.98,0.0,"rgba(0, 255, 0, 1.0)",2.2365175773674766,37.5375872407546,2.082439595546338,71.51652176160695,15.272006018337905,True,False,True,False,False,19.16332114824006,44.156875,40.253125,1,0,1.0090827994485443,0.923688265347498,False,False,False,False,0.342828247841996,0.3377928552798364,False,False,False,False,-218.0,3520.1335485071536,False,False,False,False,551.4105601218682,False,False,False,False
2025-05-14 16:00:00+00:00,42.19,42.335,41.85,42.04,434.0,37.426358222354175,42.15052868217054,37.30352427094273,0.0,0.0,0.0,0.0,"rgba(0, 255, 255, 0.75)",2.264636533890252,37.57178968919968,1.9730363985273645,70.97158596423454,15.272006018337905,True,False,True,False,False,18.31457471748817,44.1025,40.253125,1,0,1.0174096973641393,0.9172632606573379,False,False,False,False,0.3354510442256885,0.33662194975276244,False,False,False,False,-652.0,3455.449307445027,False,False,False,False,549.5902413602888,False,False,False,False
2025-05-14 17:00:00+00:00,42.06,42.27,41.9,42.23,352.0,37.46123351154893,42.14628708245737,37.312618594201325,0.0,0.0,0.0,0.0,"rgba(0, 255, 0, 1.0)",2.292131188956518,37.601570256216576,2.019269126515613,71.02353457402981,15.272006018337905,True,False,True,False,False,18.94654176275864,44.1165625,40.253125,1,0,1.0128706419029,0.9198435972629518,False,False,False,False,0.33496048793787736,0.3357912188453199,False,False,False,False,-300.0,3397.2252871745613,False,False,False,False,546.5268267655556,False,False,False,False
2025-05-14 18:00:00+00:00,42.23,42.24,42.12,42.135,421.0,37.50255057828594,42.15055014430014,37.323521890895094,0.0,0.0,0.0,0.0,"rgba(0, 255, 255, 0.75)",2.3094070101951667,37.637168061450865,1.9476133564559606,70.50796430671889,15.272006018337905,True,False,True,False,False,18.4151871688438,43.5121875,40.847812499999996,1,0,1.015409836065574,0.9218032786885245,False,False,False,False,0.34118578761300644,0.3384885032291632,False,False,False,False,-721.0,3333.376833109839,False,False,False,False,544.5806744126012,False,False,False,False
2025-05-14 19:00:00+00:00,42.13,42.265,41.97,42.265,102.0,37.512455428091585,42.151393162393155,37.326157081664086,0.0,0.0,0.0,0.0,"rgba(0, 255, 255, 0.75)",2.3255377717697425,37.64563256349244,1.9863652582138902,70.48544148629145,15.272006018337905,True,False,True,False,False,18.85857193602198,43.43,40.847812499999996,1,0,1.013344248874335,0.9164961113385182,False,False,False,False,0.3370873581250084,0.3377879306770858,False,False,False,False,-619.0,3272.0996729065855,False,False,False,False,537.7189585302352,False,False,False,False
2025-05-15 14:00:00+00:00,39.935,39.96,39.39,39.54,800.0,37.547147235704095,41.41789696969697,37.335946973117366,0.0,0.0,0.0,0.0,"rgba(38, 166, 154, 0.5)",2.3007599175485596,37.8599260529717,0.7302256677082598,60.90164924282192,16.659802890075696,False,False,True,False,False,5.38579087456548,41.4525,40.847812499999996,-1,0,0.9991377958927732,0.9191879604953753,False,False,False,False,0.18384757463577914,0.2608177526564325,False,False,False,False,-1419.0,3199.3694454196616,False,False,False,False,541.7853312662006,False,False,False,False
2025-05-15 15:00:00+00:00,39.54,40.23,39.49,40.17,725.0,37.58249582963382,41.11442685851319,37.346026211540746,0.0,0.0,0.0,0.0,"rgba(38, 166, 154, 1.0)",2.278818739357457,37.86676752608788,1.0107133288545591,55.9995961440889,12.210979870783092,False,True,False,False,False,7.665954359145118,41.4525,37.985,-1,0,1.002567294227478,0.9152792904932316,False,False,False,False,0.1950778208529154,0.22794778675467392,False,False,False,False,-694.0,3139.007128436411,False,False,False,False,544.6258687659493,False,False,False,False
2025-05-15 16:00:00+00:00,40.175,40.185,39.905,40.045,1100.0,37.63596934881028,40.857296903460835,37.361644615476315,0.0,0.0,0.0,0.0,"rgba(38, 166, 154, 0.5)",2.2565529440252576,37.88388374490205,0.9577068691519086,52.21063673666886,8.879971754517953,False,True,False,False,False,7.121366882360508,41.4525,38.1625,-1,0,1.0161007492427865,0.9111270524469949,False,False,False,False,0.20635687128920108,0.21715232902193748,False,False,False,False,-1794.0,3062.5263977629784,False,False,False,False,553.2363204129889,False,False,False,False
2025-05-15 17:00:00+00:00,40.06,40.15,39.95,40.09,102.0,37.64084722276949,40.83998146960302,37.36309354680405,0.0,0.0,0.0,0.0,"rgba(38, 166, 154, 0.5)",2.2357276704053404,37.885686054611625,0.985949216698979,49.6519185889239,6.667242543002388,False,True,False,True,False,7.285237372128474,41.4525,38.162812499999994,-1,0,1.0129351644841902,0.9148834238262533,False,False,False,False,0.20666241773200855,0.21190737337697302,False,False,False,False,-1692.0,2988.8128102007618,False,False,False,False,546.2404084686015,False,False,False,False
2025-05-15 18:00:00+00:00,40.09,40.095,39.905,39.97,2.0,37.64093978198056,40.83961815202679,37.36312117053642,0.0,0.0,0.0,0.0,"rgba(38, 166, 154, 0.5)",2.2141713476505465,37.88571281150987,0.9413396080216482,47.50546860370184,4.7450633746504,False,True,False,True,False,6.748219643748168,41.4525,38.2628125,-1,0,1.012613763372186,0.9133003353025705,False,False,False,False,0.20360865507677117,0.2077580142268721,False,False,False,False,-1694.0,2916.211061205401,False,False,False,False,537.8025726783906,False,False,False,False
2025-05-15 19:00:00+00:00,39.97,40.05,39.72,39.97,570.0,37.666173842457304,40.739030926525686,37.37074124650959,0.0,0.0,0.0,0.0,"rgba(38, 166, 154, 0.5)",2.190034674125905,37.89149086817083,0.9490759011195813,45.97229004282896,3.2942934619281274,False,True,False,True,False,6.748219643748168,41.4525,38.145937499999995,-1,0,1.0188527878058564,0.9117529081427997,False,False,False,False,0.1965990947784392,0.20217855450265565,False,False,False,False,-1694.0,2844.7349207215966,False,False,False,False,538.3017575981055,False,False,False,False
2025-05-16 14:00:00+00:00,40.34,40.54,40.135,40.26,1177.0,37.7254753651894,40.66075396825397,37.388775461648386,0.0,0.0,0.0,0.0,"rgba(38, 166, 154, 1.0)",2.169901442524559,37.928166781410496,1.0746263276716126,46.0366770977525,3.21788534878047,False,True,False,True,False,7.850954596542763,41.4525,38.6021875,-1,0,1.028251300520208,0.8953181272509002,False,False,False,False,0.224297390284238,0.21323797239344683,False,False,False,False,-517.0,2792.614999470099,False,False,False,False,548.2040559299178,False,False,False,False
2025-05-16 15:00:00+00:00,40.26,40.32,40.09,40.095,400.0,37.74394443709402,40.63189837874792,37.39455600094969,0.0,0.0,0.0,0.0,"rgba(38, 166, 154, 1.0)",2.1449057645357374,37.93755974247741,1.0058438432093837,45.52761609133071,2.4539936636491504,False,True,False,True,False,7.081009573499998,41.4525,38.511874999999996,-1,0,1.0281224818694603,0.9015310233682513,False,False,False,False,0.2161535512880602,0.2146957618407535,False,False,False,False,-917.0,2735.1015886256014,False,False,False,False,545.9063186286787,False,False,False,False
2025-05-16 16:00:00+00:00,40.09,40.15,39.91,39.98,0.0,37.74394443709402,40.63189837874792,37.39455600094969,0.0,0.0,0.0,0.0,"rgba(38, 166, 154, 0.5)",2.1164129137816006,37.93755974247741,0.9650480982338929,44.76908780061729,1.389310937715841,False,True,False,True,False,6.542080259826648,41.4525,38.321875,-1,0,1.0170278637770898,0.9159198305360924,False,False,False,False,0.20544045963186644,0.21006811073631,False,False,False,False,-917.0,2678.4798585693907,False,False,False,False,537.4426547739705,False,False,False,False
2025-05-16 17:00:00+00:00,39.98,40.18,39.94,40.025,0.0,37.74394443709402,40.63189837874792,37.39455600094969,0.0,0.0,0.0,0.0,"rgba(38, 166, 154, 1.0)",2.0746271498297517,37.93755974247741,1.0061761014232784,44.44379824292071,0.6946265093385335,False,True,False,True,False,6.721084915515544,41.4525,38.3846875,-1,0,1.0176039119804399,0.9090464547677259,False,False,False,False,0.207273624837986,0.208670867787148,False,False,False,False,-917.0,2622.735984793121,False,False,False,False,529.1102105139089,False,False,False,False
2025-05-16 18:00:00+00:00,40.02,40.245,40.01,40.17,8.0,37.74430693880122,40.63132450492635,37.39467025739937,0.0,0.0,0.0,0.0,"rgba(38, 166, 154, 1.0)",2.029347334391902,37.93773833725122,1.0999899450025319,44.93469314327793,0.6946265093385335,False,True,False,True,False,7.303106088891628,41.4525,38.655625,-1,0,1.0199167414904904,0.9078442576116235,False,False,False,False,0.21140329326998358,0.2100370805285658,False,False,False,False,-909.0,2567.980388129662,False,False,False,False,521.0309824439257,False,False,False,False
2025-05-16 19:00:00+00:00,40.175,40.28,39.94,40.0,516.0,37.766799080433955,40.59215124716554,37.401836951618485,0.0,0.0,0.0,0.0,"rgba(38, 166, 154, 1.0)",1.9774853287003538,37.94783468498396,1.037765127878227,44.56331306818133,0.022704845847250965,False,True,False,True,False,6.472267197113055,41.4525,38.65875,-1,0,1.019141484075914,0.9051071108577011,False,False,False,False,0.21033196149684755,0.21018452101270668,False,False,False,False,-1425.0,2506.0737154454814,False,False,False,False,520.952982716113,False,False,False,False
2025-05-19 14:00:00+00:00,39.26,39.695,39.235,39.655,0.0,37.766799080433955,40.59215124716554,37.401836951618485,0.0,0.0,0.0,0.0,"rgba(38, 166, 154, 0.5)",1.9236747795970044,37.94783468498396,0.8874500685472833,42.94038985763702,-1.8959204124013667,False,True,False,True,False,4.803985928761946,40.96875000000001,37.96125,-1,0,1.00850822461713,0.9160521837776516,False,False,False,False,0.17115490786582235,0.1906697144392645,False,False,False,False,-1425.0,2445.126836136249,False,False,False,False,512.8761922864057,False,False,False,False
2025-05-19 15:00:00+00:00,39.655,40.255,39.625,40.045,500.0,37.7872715445044,40.55284225053079,37.40849066263968,0.0,0.0,0.0,0.0,"rgba(38, 166, 154, 0.5)",1.8734248951686774,38.24664645394345,0.9599282846589029,43.863733107599444,-1.8959204124013667,False,True,False,True,False,6.423753202703828,40.96875000000001,38.387499999999996,-1,0,1.0187383894677327,0.9030772958565543,False,False,False,False,0.1999490727999845,0.19530939361962452,False,False,False,False,-925.0,2392.8768076690203,False,False,False,False,512.6765613982444,False,False,False,False
2025-05-19 16:00:00+00:00,40.055,40.095,39.865,39.895,401.0,37.80324596922624,40.52362501514968,37.41375383628191,0.0,0.0,0.0,0.0,"rgba(38, 166, 154, 0.5)",1.824007485265958,38.251536379745986,0.9010180240649531,43.88959949172919,-1.8959204124013667,False,True,False,True,False,5.692990197173405,40.96875000000001,38.40687500000001,-1,0,1.0225315844532066,0.899090689627424,False,False,False,False,0.2023882011430912,0.19884879738135786,False,False,False,False,-1326.0,2335.219802898958,False,False,False,False,510.94514184168247,False,False,False,False
2025-05-19 17:00:00+00:00,39.9,40.06,39.84,39.85,457.0,37.82087420224255,40.49177155106416,37.419643164230415,0.0,0.0,0.0,0.0,"rgba(38, 166, 154, 0.5)",1.7758539197085124,38.25646669488269,0.8973335517252868,43.71211670729405,-2.0546379779952133,False,True,False,True,False,5.471902343646974,40.96875000000001,38.39093750000001,-1,0,1.0220511586881564,0.900008018603159,False,False,False,False,0.2005586337142132,0.19970371554778554,False,False,False,False,-1783.0,2271.3714338617647,False,False,False,False,510.1087830534393,False,False,False,False
2025-05-19 18:00:00+00:00,39.905,39.99,39.775,39.92,951.0,37.856261601483084,40.43301497739588,37.43170465025719,0.0,0.0,0.0,0.0,"rgba(38, 166, 154, 0.5)",1.7224334948392326,38.267389158528644,0.9594627870526914,44.006868279330995,-2.0863158596421556,False,True,False,True,False,5.772970084605465,40.9428125,38.8221875,-1,0,1.0209365510628094,0.9014703532044108,False,False,False,False,0.19644692706234032,0.19807532130506295,False,False,False,False,-832.0,2223.2571480654583,False,False,False,False,516.9443057967968,False,False,False,False
2025-05-19 19:00:00+00:00,39.92,40.14,39.87,40.12,400.0,37.87184458496616,40.41751913709117,37.437046168844866,0.0,0.0,0.0,0.0,"rgba(38, 166, 154, 1.0)",1.6656100335263768,38.2757981396338,1.107223073375532,45.41025239244622,-2.0863158596421556,False,True,False,True,True,6.636022317806258,40.9428125,39.03281249999999,-1,0,1.022358370464672,0.8995066836409928,False,False,False,False,0.20391386193239458,0.20099459161872876,False,False,False,False,-432.0,2182.0903705760716,False,False,False,False,515.1312157844434,False,False,False,False
2025-05-20 14:00:00+00:00,40.3,40.37,39.74,39.88,600.0,37.894313623546005,40.39382915845765,37.44487487171119,0.0,0.0,0.0,0.0,"rgba(38, 166, 154, 0.5)",1.6088182865939953,38.62952834712949,0.7772609643304531,45.145121316448744,-2.0863158596421556,False,True,False,True,True,5.408530301920191,40.9428125,39.0171875,-1,0,1.0200882306601542,0.8968804159445407,False,False,False,False,0.2069680022268732,0.20398129692280098,False,False,False,False,-1032.0,2132.2595121175277,False,False,False,False,516.4470108885605,False,False,False,False
2025-05-20 15:00:00+00:00,39.89,39.95,39.72,39.85,300.0,37.904546896914454,40.3786682179031,37.44853207242421,0.0,0.0,0.0,0.0,"rgba(38, 166, 154, 0.5)",1.5523883807490477,38.628612188710164,0.7867797945643612,44.79921208619906,-2.0863158596421556,False,True,False,True,True,5.2546118183378745,40.878437500000004,38.7915625,-1,0,1.0197017268445838,0.9038461538461537,False,False,False,False,0.19355743805093897,0.19876936748686996,False,False,False,False,-1332.0,2078.550062317256,False,False,False,False,513.0912432778852,False,False,False,False
2025-05-20 16:00:00+00:00,39.85,39.905,39.725,39.885,4.0,37.90468249655238,40.378471069354504,37.448580725720504,0.0,0.0,0.0,0.0,"rgba(38, 166, 154, 0.5)",1.4808276751882967,38.62861489878286,0.848434373741282,44.80138399687996,-2.2182631932654147,False,True,False,True,True,5.413187398871596,40.856562499999995,38.7734375,-1,0,1.0288003808314818,0.9035226912091397,False,False,False,False,0.19153176920361678,0.19515056834524336,False,False,False,False,-1328.0,2025.7353326689265,False,False,False,False,505.19835578520474,False,False,False,False
2025-05-20 17:00:00+00:00,39.885,39.98,39.79,39.935,100.0,37.90817714895703,40.374161167856826,37.44982863286123,0.0,0.0,0.0,0.0,"rgba(38, 166, 154, 0.5)",1.4726508946989547,38.62945981174912,0.8865238821708414,45.17931635097883,-2.2182631932654147,False,True,False,True,True,5.6430596900064,40.856562499999995,38.8696875,-1,0,1.0268183988540505,0.9023555626293169,False,False,False,False,0.19581153198907641,0.1954810501671599,False,False,False,False,-1228.0,1975.2898236352996,False,False,False,False,498.9162107342713,False,False,False,False
2025-05-20 18:00:00+00:00,39.92,40.03,39.82,39.935,139.0,37.913079156701535,40.368629113848726,37.45157995916256,0.0,0.0,0.0,0.0,"rgba(38, 166, 154, 0.5)",1.4611727734507822,38.63109765233461,0.8923669885978153,45.44926803247802,-2.2182631932654147,False,True,False,True,True,5.6430596900064,40.856562499999995,38.9771875,-1,0,1.0268847227762263,0.9015556441962503,False,False,False,False,0.1982602848299927,0.1968706674985763,False,False,False,False,-1228.0,1925.6264155169229,False,False,False,False,493.3361144438175,False,False,False,False
2025-05-20 19:00:00+00:00,39.935,40.05,39.82,39.95,489.0,37.930235638948524,40.35070082399567,37.457750409051854,0.0,0.0,0.0,0.0,"rgba(38, 166, 154, 0.5)",1.4573087778071785,38.63750057216915,0.9006323490384629,45.77431045986283,-2.2182631932654147,False,True,False,True,True,5.714553888405703,40.856562499999995,38.987187500000005,-1,0,1.0267166440704998,0.8989552595900788,False,False,False,False,0.19692287691069316,0.19689677220463472,False,False,False,False,-739.0,1884.3143780670482,False,False,False,False,493.2688878632932,False,False,False,False
2025-05-21 14:00:00+00:00,39.91,40.02,39.66,39.8,702.0,37.9530029300772,40.321016971946534,37.466153283208506,0.0,0.0,0.0,0.0,"rgba(38, 166, 154, 0.5)",1.452912164157468,38.641388450658624,0.7974408762784654,44.857406568446606,-2.904471551229854,False,True,False,True,False,4.874393172011043,40.81031250000001,38.8696875,-1,0,1.0236402843223382,0.9036818145515532,False,False,False,False,0.18778243110352996,0.19233960165408234,False,False,False,False,-1441.0,1832.7591163915902,False,False,False,False,496.5050291367305,False,False,False,False
2025-05-21 15:00:00+00:00,39.76,39.88,39.58,39.645,200.0,37.95896353864859,40.31118055004103,37.46841016930328,0.0,0.0,0.0,0.0,"rgba(38, 166, 154, 0.5)",1.449311681920536,38.641188217571504,0.6926127726358431,43.11574918731777,-4.646754777031646,False,True,False,True,False,4.00724798397286,40.71156250000001,38.7484375,-1,0,1.0174135314322228,0.9086188992731047,False,False,False,False,0.15299895427619248,0.17266927796513742,False,False,False,False,-1641.0,1778.902385904899,False,False,False,False,491.9080519408122,False,False,False,False
2025-05-21 16:00:00+00:00,39.655,39.895,39.56,39.78,160.0,37.96382069324995,40.304077210590975,37.47024736969524,0.0,0.0,0.0,0.0,"rgba(38, 166, 154, 0.5)",1.4448171523080653,38.64161717439979,0.7879078842479601,43.251489690992095,-4.646754777031646,False,True,False,True,False,4.685676422627491,40.71156250000001,38.72718750000001,-1,0,1.012564249000571,0.9113975687362322,False,False,False,False,0.15054734749330115,0.16160831272921927,False,False,False,False,-1481.0,1728.3612636428074,False,False,False,False,486.762190670412,False,False,False,False
2025-05-21 17:00:00+00:00,39.795,39.88,39.24,39.46,100.0,37.966472551215496,40.29802873518505,37.471284049013754,0.0,0.0,0.0,0.0,"rgba(38, 166, 154, 0.5)",1.4417066275771864,38.64059753754255,0.5683558962578082,41.22431988759653,-6.516865216416306,False,True,False,True,False,2.885412042283779,40.61656250000001,38.5034375,-1,0,1.005845579280669,0.9142648372168546,False,False,False,False,0.12539742598019948,0.14350286935470938,False,False,False,False,-1581.0,1677.0533370747016,False,False,False,False,480.7658776367622,False,False,False,False
2025-05-21 18:00:00+00:00,39.44,39.505,39.12,39.12,0.0,37.966472551215496,40.29802873518505,37.471284049013754,0.0,0.0,0.0,0.0,#000000,1.4382207852158901,38.64059753754255,0.3333302281439965,38.05940996533289,-9.430364702192179,False,True,False,True,False,1.0233008499871126,40.297812500000006,38.327187499999994,-1,0,0.9983520105471325,0.9374588002636782,False,False,False,False,0.10593238931898989,0.12471762933684963,False,False,False,False,-1581.0,1626.540882236334,False,False,False,False,473.3121430997581,False,False,False,False
2025-05-21 19:00:00+00:00,39.12,39.205,38.775,39.1,115.0,37.968537316466005,40.286754318322025,37.47218523855346,0.0,0.0,0.0,0.0,#000000,1.434760494185584,38.63608136663403,0.3233422130355672,35.70711432348786,-11.481773607780141,False,True,False,True,False,0.9143580794645736,39.9378125,38.04218749999999,-1,0,0.994110816191108,0.9358825481088253,False,False,False,False,0.08068609972172773,0.10270186452928867,False,False,False,False,-1696.0,1575.0286204962358,False,False,False,False,467.7569160749556,False,False,False,False
2025-05-22 14:00:00+00:00,38.4,38.675,38.36,38.675,237.0,37.97094170630505,40.25594244604317,37.473494541678804,0.0,0.0,0.0,0.0,#000000,1.4372790296282048,38.87717188952622,-0.14066293695144044,32.329605370769826,-14.446960805057934,False,True,False,True,False,0.0,39.5609375,37.474062499999995,-1,0,0.9819336743111698,0.9326843755155915,False,False,False,False,0.043872920476883945,0.0732873925030863,False,False,False,False,-1933.0,1520.6405798683872,False,False,False,False,464.17928946914236,False,False,False,False
2025-05-22 15:00:00+00:00,38.695,38.825,38.585,38.765,101.0,37.97222413996331,40.24432173455585,37.47413030612431,0.0,0.0,0.0,0.0,#000000,1.4394613043937066,38.874864381567534,-0.07632326150914309,30.88131344202956,-15.577767015796681,False,True,False,True,False,0.0,39.5609375,37.65781249999999,-1,0,0.9848109625227008,0.928842661383523,False,False,False,False,0.014642679933449325,0.04396503621826781,False,False,False,False,-1832.0,1468.6616561494975,False,False,False,False,458.54860281070603,False,False,False,False
2025-05-22 16:00:00+00:00,38.765,38.925,38.545,38.555,1.0,37.97223597359737,40.244203802509965,37.474136346108686,0.0,0.0,0.0,0.0,#000000,1.4416528239714472,38.87482185612144,-0.22184388002681668,29.05101688289726,-17.13342154478284,False,True,False,True,False,0.0,39.5609375,37.656875,-1,0,0.9808752584424534,0.9416781529979323,False,False,False,False,0.017346444789801737,0.030655740504034773,False,False,False,False,-1833.0,1417.4731033409782,False,False,False,False,451.4548260229431,False,False,False,False
2025-05-22 17:00:00+00:00,38.535,38.84,38.535,38.8,1.0,37.97224864873968,40.24408964532613,37.47414263751479,0.0,0.0,0.0,0.0,#000000,1.4452557521730098,38.874791284685,-0.05174951531765462,30.24509589687589,-17.13342154478284,False,True,False,True,False,0.0,39.5609375,37.6028125,-1,0,0.9877380641794936,0.9346030089573004,False,False,False,False,0.013065585155376877,0.021860662829705824,False,False,False,False,-1832.0,1367.0936753822034,False,False,False,False,444.4710302706494,False,False,False,False
2025-05-22 18:00:00+00:00,38.82,38.875,38.695,38.71,200.0,37.9748925976271,40.22211615339059,37.47543482011108,0.0,0.0,0.0,0.0,#000000,1.4491981411291672,38.8687391857162,-0.10953587450265155,30.673172878613563,-17.13342154478284,False,True,False,True,True,0.0,39.5609375,37.78468749999999,-1,0,0.9920669514427687,0.9230232760875249,False,False,False,False,0.021853302687933365,0.021856982758819594,False,False,False,False,-2032.0,1314.3945486320918,False,False,False,False,440.68078173932145,False,False,False,False
2025-05-22 19:00:00+00:00,38.71,38.78,38.52,38.56,246.0,37.97754483162031,40.19346117493094,37.4768478139046,0.0,0.0,0.0,0.0,#000000,1.4545872669307593,38.855283886250135,-0.2030018363031555,30.291334042638518,-17.13342154478284,False,True,False,True,True,0.0,39.5609375,37.644062500000004,-1,0,0.9872500218321543,0.9269932756964454,False,False,False,False,0.009686305114819022,0.015771643936819308,False,False,False,False,-2278.0,1258.698509118416,False,False,False,False,437.66247504568855,False,False,False,False
2025-05-23 14:00:00+00:00,38.66,38.91,38.605,38.685,0.0,37.97754483162031,40.19346117493094,37.4768478139046,0.0,0.0,0.0,0.0,#000000,1.4585802457641168,38.855283886250135,-0.11674632694680746,31.33053053977659,-17.13342154478284,False,True,False,True,True,0.0,39.5609375,37.71968749999999,-1,0,0.9875993363025061,0.9241114313160421,False,False,False,False,0.019374432703197927,0.017573038320008616,False,False,False,False,-2278.0,1203.8659740933244,False,False,False,False,430.877010316298,False,False,False,False
2025-05-23 15:00:00+00:00,38.695,38.825,38.46,38.46,325.0,37.98080845523051,40.15625446883065,37.47864681450156,0.0,0.0,0.0,0.0,#000000,1.464662532235091,38.83824278562491,-0.25824568957034977,30.967754130584368,-17.13342154478284,False,True,False,True,True,0.0,39.5609375,37.571875,-1,0,0.988310215475879,0.9216609962488005,False,False,False,False,0.009010478121521238,0.013291758220764928,False,False,False,False,-2603.0,1144.8447962004047,False,False,False,False,429.2355062803864,False,False,False,False
2025-05-23 16:00:00+00:00,38.475,38.77,38.475,38.68,200.0,37.982998177601075,40.1350402689264,37.479811045153596,0.0,0.0,0.0,0.0,#000000,1.4685626759976258,38.829949895213,-0.10210656832275418,32.89108541598825,-20.915138103383622,False,True,False,True,True,0.0,39.5609375,37.533125,-1,0,0.9974550241333918,0.9187362878455462,False,False,False,False,0.007208311367519693,0.01025003479414231,False,False,False,False,-2403.0,1089.8394505228791,False,False,False,False,425.6814674233261,False,False,False,False
2025-05-23 17:00:00+00:00,38.68,38.89,38.66,38.81,100.0,37.98432743411623,40.12566288800798,37.48046482600601,0.0,0.0,0.0,0.0,#000000,1.458869230751135,38.82730895856858,-0.011864640232123708,35.444791917084046,-18.448898645405006,False,True,False,True,True,0.0,39.5609375,37.685624999999995,-1,0,0.996131868131868,0.9154285714285714,False,False,False,False,0.02095186595290475,0.01560095037352353,False,False,False,False,-2303.0,1037.2372884992685,False,False,False,False,420.63214234699547,False,False,False,False
2025-05-23 18:00:00+00:00,38.81,38.945,38.74,38.745,201.0,37.987063297121175,40.107525148605404,37.48180038781963,0.0,0.0,0.0,0.0,#000000,1.4460517074228425,39.012706098484514,-0.18512899442691683,36.848488132021984,-17.114760046029687,False,False,False,True,True,0.0,39.5609375,37.7821875,-1,0,0.9948636202621326,0.9216259298618491,False,False,False,False,0.02703729815147244,0.021319124262497983,False,False,False,False,-2504.0,982.3343848016053,False,False,False,False,417.2269928532436,False,False,False,False
2025-05-23 19:00:00+00:00,38.74,38.86,38.675,38.86,115.0,37.98859837764908,40.09727968696836,37.482556607794535,0.0,0.0,0.0,0.0,#000000,1.4291038803742995,39.009295085597614,-0.10446762313633391,38.9429171812599,-15.133080423423088,False,False,False,True,True,0.0,39.5609375,37.72875,-1,0,0.9881184607199858,0.9221493172548324,False,False,False,False,0.02027581082336668,0.02079746754293233,False,False,False,False,-2389.0,930.0656346496424,False,False,False,False,412.54130304156536,False,False,False,False
2025-05-26 14:00:00+00:00,38.86,38.86,38.86,38.86,0.0,37.98859837764908,40.09727968696836,37.482556607794535,0.0,0.0,0.0,0.0,#000000,1.4094991347321897,39.009295085597614,-0.10592066495023524,40.43893793071556,-13.72680412700818,True,False,False,True,True,0.0,39.5609375,37.8840625,-1,0,0.9898576512455517,0.9222419928825624,False,False,False,False,0.02861531149565587,0.024706389519294103,False,False,False,False,-2389.0,878.6072527170899,False,False,False,False,406.14531384712245,False,False,False,False
2025-05-26 15:00:00+00:00,38.86,38.86,38.86,38.86,0.0,37.98859837764908,40.09727968696836,37.482556607794535,0.0,0.0,0.0,0.0,#000000,1.392068352236082,39.009295085597614,-0.10724695045167988,41.50752418032675,-12.693874211206122,True,False,False,True,True,0.0,39.5609375,38.004062499999996,-1,0,0.9912453099874934,0.9212077898874398,False,False,False,False,0.02861531149565587,0.026660850507474985,False,False,False,False,-2389.0,827.9466751555846,False,False,False,False,399.8484872758492,False,False,False,False
2025-05-26 16:00:00+00:00,38.86,38.86,38.86,38.86,0.0,37.98859837764908,40.09727968696836,37.482556607794535,0.0,0.0,0.0,0.0,#000000,1.3685182195049879,39.009295085597614,-0.10909250857589374,42.27080007290617,-11.902260475055414,True,False,False,True,True,0.0,39.5609375,38.07625,-1,0,0.9984651498736007,0.9165763813651139,False,False,False,False,0.02861531149565587,0.02763808100156543,False,False,False,False,-2389.0,778.0715329051104,False,False,False,False,393.64928592273526,False,False,False,False
2025-05-26 17:00:00+00:00,38.86,38.86,38.86,38.86,0.0,37.98859837764908,40.09727968696836,37.482556607794535,0.0,0.0,0.0,0.0,#000000,1.347032357135922,39.009295085597614,-0.11083259047692656,42.81599713903432,-11.266899091181159,True,False,False,True,True,0.0,39.5609375,38.156875,-1,0,0.9995461147421932,0.913489469862019,False,False,False,False,0.0269591668955493,0.027298623948557366,False,False,False,False,-2389.0,728.9696486740235,False,False,False,False,387.5461962185068,False,False,False,False
2025-05-26 18:00:00+00:00,38.86,38.86,38.86,38.86,0.0,37.98859837764908,40.09727968696836,37.482556607794535,0.0,0.0,0.0,0.0,#000000,1.3373254706369733,39.009295085597614,-0.11163706134042665,43.20542361484014,-10.733896927973944,True,False,False,True,True,0.0,39.424375,38.295625,-1,0,0.9989956172388607,0.9138970051132215,False,False,False,False,0.025495172819961463,0.026396898384259414,False,False,False,False,-2389.0,680.629033965899,False,False,False,False,381.5377280600803,False,False,False,False
2025-05-26 19:00:00+00:00,38.86,38.86,38.86,38.86,0.0,37.98859837764908,40.09727968696836,37.482556607794535,0.0,0.0,0.0,0.0,#000000,1.3324280214827442,39.009295085597614,-0.11204739257245364,43.48358538327288,-10.269784397803683,True,False,False,True,True,0.0,39.379375,38.340624999999996,-1,0,0.9985249377708124,0.9173043237761596,False,False,False,False,0.025495172819961463,0.025946035602110437,False,False,False,False,-2389.0,633.0378861524742,False,False,False,False,375.6224144467457,False,False,False,False
2025-05-27 14:00:00+00:00,38.205,38.31,37.96,38.14,251.0,37.98920737269297,40.06435356171106,37.48337563624812,0.0,0.0,0.0,0.0,"rgba(239, 83, 80, 0.5)",1.3338347885863642,38.97134792980961,-0.6232765383865088,38.14429777799589,-7.890784552279875,True,False,False,True,False,0.0,38.751875000000005,37.518125000000005,-1,0,0.9915246514171145,0.9142440535860749,False,False,False,False,-0.04066054802974347,-0.007357256213816516,False,False,False,False,-2640.0,582.2931127237537,False,False,False,False,373.69028399020704,False,False,False,False
2025-05-27 15:00:00+00:00,38.14,38.245,38.055,38.22,501.0,37.99070664304599,40.00302119073823,37.485095723858784,0.0,0.0,0.0,0.0,"rgba(239, 83, 80, 0.5)",1.332337747672812,38.92886473155474,-0.5320458215590688,35.424075537033424,-10.347549952426917,False,False,False,True,False,0.0,38.7453125,37.5546875,-1,0,0.9900529293666726,0.9184157693009672,False,False,False,False,-0.03929237539150372,-0.023324815802660118,False,False,False,False,-2139.0,540.1025218288117,False,False,False,False,375.6640780368705,False,False,False,False
2025-05-27 16:00:00+00:00,38.205,38.385,38.14,38.17,450.0,37.992456167242146,39.95287905474828,37.486763748903535,0.0,0.0,0.0,0.0,"rgba(239, 83, 80, 0.5)",1.3321792347554067,38.90275295171512,-0.5500408147779431,33.204582216522525,-12.316584204288418,False,True,False,True,False,0.0,38.7453125,37.655,-1,0,0.9887640449438203,0.9192472823604643,False,False,False,False,-0.029035411662545217,-0.026180113732602667,False,False,False,False,-2589.0,491.589304436117,False,False,False,False,376.8165729510275,False,False,False,False
2025-05-27 17:00:00+00:00,38.19,38.26,38.115,38.23,90.0,37.99275952718524,39.94302047496925,37.487083060380456,0.0,0.0,0.0,0.0,"rgba(239, 83, 80, 0.5)",1.3187330870782545,38.89771574058052,-0.5063312258736884,32.5022153506172,-12.910902633117018,False,True,False,True,False,0.0,38.7453125,37.6015625,-1,0,0.9946656856433369,0.9185137496551091,False,False,False,False,-0.03587257571937578,-0.031026344725989224,False,False,False,False,-2499.0,445.22357878594465,False,False,False,False,372.3698043781434,False,False,False,False
2025-05-27 18:00:00+00:00,38.235,38.28,38.11,38.125,65.0,37.99294668962816,39.93584766176593,37.487303822588224,0.0,0.0,0.0,0.0,"rgba(239, 83, 80, 0.5)",1.2989910776521172,38.89397308214858,-0.5919771855080558,31.333022482461566,-14.035042514741562,False,True,False,True,False,0.0,38.7453125,37.6428125,-1,0,0.9932855040470934,0.9131714495952907,False,False,False,False,-0.036073734967499424,-0.033550039846744324,False,False,False,False,-2564.0,398.5689496574804,False,False,False,False,367.6043810544512,False,False,False,False
2025-05-27 19:00:00+00:00,38.125,38.29,38.035,38.21,581.0,37.99466416323841,39.87445670253914,37.48928995214677,0.0,0.0,0.0,0.0,"rgba(239, 83, 80, 0.5)",1.2742049914987583,38.86375546129942,-0.5130692986302398,31.794168834711027,-14.035042514741562,False,True,False,True,False,0.0,38.694062499999994,37.630937499999995,-1,0,0.9902528735632182,0.9158620689655174,False,False,False,False,-0.039044729309874286,-0.036297384578309305,False,False,False,False,-1983.0,361.64540005038765,False,False,False,False,370.9128402629093,False,False,False,False
2025-05-28 14:00:00+00:00,38.15,38.24,37.83,37.835,250.0,37.99455961607692,39.84623121878025,37.48988166762186,0.0,0.0,0.0,0.0,"rgba(239, 83, 80, 0.5)",1.2592287000060436,38.84789438581678,-0.804376826712985,29.909394696606427,-15.528519320775459,False,True,False,True,False,0.0,38.5853125,37.48468749999999,-1,0,0.9837026185680279,0.9187877678080939,False,False,False,False,-0.05070731972557297,-0.043502352151941134,False,False,False,False,-2233.0,321.4183395844901,False,False,False,False,369.0382225844146,False,False,False,False
2025-05-28 15:00:00+00:00,37.84,37.925,37.69,37.705,330.0,37.99340619437336,39.80649054009567,37.49034307390268,0.0,0.0,0.0,0.0,"rgba(239, 83, 80, 0.5)",1.244586160822827,38.82376339925164,-0.8989039364795753,27.970543008063956,-17.44009396387292,False,True,False,True,False,0.0,38.35875,37.256249999999994,-1,0,0.9814238653001464,0.9248718887262082,False,False,False,False,-0.07155340445596321,-0.057527878303952173,False,False,False,False,-2563.0,276.6986754048856,False,False,False,False,368.4329788234159,False,False,False,False
2025-05-28 16:00:00+00:00,37.705,37.825,37.695,37.785,400.0,37.991992730869484,39.76020297507524,37.490890498180086,0.0,0.0,0.0,0.0,"rgba(239, 83, 80, 0.5)",1.2249370015056495,38.796997989529224,-0.8261632951615594,27.744903195326078,-17.755470372547578,False,True,False,True,False,0.0,38.29718750000001,37.2228125,-1,0,0.9780766396462783,0.9342299189388356,False,False,False,False,-0.07591312714012746,-0.06672050272203982,False,False,False,False,-2163.0,238.8738897396936,False,False,False,False,368.92239000444823,False,False,False,False
2025-05-28 17:00:00+00:00,37.785,37.935,37.78,37.78,223.0,37.99143336931751,39.73609086491741,37.49126420587263,0.0,0.0,0.0,0.0,"rgba(239, 83, 80, 0.5)",1.240839105075543,38.78404300246958,-0.8091645390305883,27.55565516414471,-18.116254438090106,False,True,False,True,False,0.0,38.29718750000001,37.3259375,-1,0,0.9788686905970285,0.9298698901910121,False,False,False,False,-0.06696715125361757,-0.0668438269878287,False,False,False,False,-2386.0,198.17817051892314,False,False,False,False,366.66002736872036,False,False,False,False
2025-05-28 18:00:00+00:00,37.775,37.885,37.685,37.84,600.0,37.9896840625985,39.6731892312143,37.49218228576749,0.0,0.0,0.0,0.0,"rgba(239, 83, 80, 0.5)",1.2503572930808,38.7508473406249,-0.7284696507672845,28.36942817467054,-18.116254438090106,False,True,False,True,False,0.0,38.29718750000001,37.215937499999995,-1,0,0.9756345177664976,0.9315182279649287,False,False,False,False,-0.07361818767593253,-0.07023100733188062,False,False,False,False,-1786.0,167.4157182628158,False,False,False,False,370.27770136300376,False,False,False,False
2025-05-28 19:00:00+00:00,37.795,37.845,37.52,37.54,1936.0,37.97935091969764,39.47949522220041,37.493525244675396,0.0,0.0,0.0,0.0,"rgba(239, 83, 80, 0.5)",1.2595177362498344,38.647478643634926,-0.8792878510249503,27.210440794685585,-18.770998862174366,False,True,False,True,False,0.0,38.29718750000001,37.05250000000001,-1,0,0.9722478333025999,0.9338004794394247,False,False,False,False,-0.08303262278940925,-0.07663181506064493,False,False,False,False,-3722.0,107.11469937502021,False,False,False,False,394.5524656829572,False,False,False,False
2025-05-29 14:00:00+00:00,38.74,38.8,38.415,38.66,250.0,37.981770784922226,39.46913619758835,37.494897494360465,0.0,0.0,0.0,0.0,#000000,1.2506083204469522,38.76411082183384,-0.0832481442284298,36.14326274026277,-18.412241163245405,False,False,False,True,True,0.0,38.29718750000001,37.74125,1,0,0.9710616748055706,0.9234038705009949,False,False,False,False,0.0015975071459933998,-0.037517153957325765,False,False,False,False,-3472.0,51.624548997112925,False,False,False,False,392.31134218399654,False,False,False,False
2025-05-29 15:00:00+00:00,38.67,38.755,38.35,38.37,200.0,37.983295068980475,39.45974738257613,37.49586366022889,0.0,0.0,0.0,0.0,#000000,1.2442130911609102,38.759208353170756,-0.3128148674336873,40.62067111993858,-14.554285845922998,True,False,False,True,True,0.0,39.4946875,37.74125,1,0,0.9706863894651392,0.9247767655813115,False,False,False,False,-0.0034232544034246263,-0.020470204180375196,False,False,False,False,-3672.0,-6.106064165633015,False,False,False,False,389.3297709873454,False,False,False,False
2025-05-29 16:00:00+00:00,38.34,38.62,38.34,38.59,165.0,37.98460726426911,39.45233287273075,37.496679313962844,0.0,0.0,0.0,0.0,#000000,1.2348401362776193,38.757552978086366,-0.13568799163869508,45.01392493237097,-10.813563450998117,True,False,False,False,True,0.0,39.4746875,37.74125,1,0,0.9780929006453958,0.9221888919189166,False,False,False,False,-0.010041835722180287,-0.015256019951277741,False,False,False,False,-3507.0,-60.38348952740615,False,False,False,False,385.85179004180515,False,False,False,False
2025-05-29 17:00:00+00:00,38.575,38.735,38.565,38.6,100.0,37.985573090360504,39.44844896539733,37.49722948531782,0.0,0.0,0.0,0.0,#000000,1.2225702139050711,38.758268716472685,-0.1294557275096288,48.20629562092332,-8.178495793556209,True,False,False,False,True,0.0,39.676562499999996,37.74125,1,0,0.9814326021661962,0.9175389096204606,False,False,False,False,0.005477228554852726,-0.004889395698212508,False,False,False,False,-3407.0,-112.26901682155489,False,False,False,False,381.41997934348257,False,False,False,False
2025-05-29 18:00:00+00:00,38.6,38.705,38.46,38.48,400.0,37.98890460967718,39.43169249623805,37.499260603864705,0.0,0.0,0.0,0.0,#000000,1.2089051036162883,38.75628459316137,-0.2285411752625581,49.62020916835829,-7.09206905183197,True,False,False,False,True,0.0,39.48624999999999,37.74125,1,0,0.9800945282675877,0.916378840210871,False,False,False,False,-0.0009134996186188712,-0.0029014476584156897,False,False,False,False,-3807.0,-169.55166772354627,False,False,False,False,381.7080416792425,False,False,False,False
2025-05-29 19:00:00+00:00,38.485,38.595,38.425,38.505,976.0,37.99630077030814,39.391573253795144,37.50399602999061,0.0,0.0,0.0,0.0,#000000,1.1838946188189314,38.74865686133457,-0.20580958597281188,50.793653180686526,-6.057381260602703,True,False,True,False,True,0.0,39.41,37.74125,1,0,0.9803278688524588,0.9193078324225866,False,False,False,False,-0.022417053525896593,-0.01265925059215614,False,False,False,False,-2831.0,-210.81443256504167,False,False,False,False,390.92187049041706,False,False,False,False
2025-05-30 14:00:00+00:00,36.255,36.8,36.255,36.565,500.0,37.98575459127514,39.329482645995746,37.50168402278117,0.0,0.0,0.0,0.0,"rgba(255, 0, 0, 1.0)",1.2070771973491619,38.68244348943438,-1.7541906135617957,43.7957714189257,0.8414133157400556,True,False,False,True,False,0.0,37.8034375,37.74125,-1,0,0.9663783974585245,0.9306388986939642,False,False,False,False,-0.2260425215082607,-0.11935088605020842,False,False,False,False,-3331.0,-259.18940260279294,False,False,False,False,392.6130042812633,False,False,False,False
2025-05-30 15:00:00+00:00,36.565,36.7,36.43,36.56,336.0,37.978865955606814,39.289591398772494,37.500174119941995,0.0,0.0,0.0,0.0,"rgba(255, 0, 0, 1.0)",1.2271410853048577,38.64442313423123,-1.6986010485610938,38.786424964949724,-3.3200535880272213,False,False,False,True,False,0.0,37.8034375,35.265625,-1,0,0.9662126304617015,0.9338404387051121,False,False,False,False,-0.23040492779037589,-0.17487790692029215,False,False,False,False,-3667.0,-312.0236754306566,False,False,False,False,391.73528328465454,False,False,False,False
2025-05-30 16:00:00+00:00,36.535,36.56,35.575,35.95,400.0,37.967684914493184,39.23454674599492,37.49736005423523,0.0,0.0,0.0,0.0,"rgba(255, 26, 202, 1.0)",1.2699471507766371,38.49730575084658,-2.0058360297031013,33.989463120632166,-7.55231211215402,False,True,False,True,False,0.0,37.5196875,34.6153125,-1,0,0.9492177257232757,0.9379424875447949,True,False,False,False,-0.28575247242219093,-0.23031518967124154,False,False,False,False,-4067.0,-370.2403626332821,False,False,False,False,391.86341842752813,False,False,False,False
2025-05-30 17:00:00+00:00,35.95,36.17,35.92,36.12,186.0,37.962640044211966,39.20990342613916,37.49609218649013,0.0,0.0,0.0,0.0,"rgba(255, 0, 0, 1.0)",1.2698598915408217,38.4758322727569,-1.8551907091879098,31.620185256598262,-9.566945758697457,False,True,False,True,False,0.0,37.49625,34.59375,-1,0,0.9520685734277966,0.9475203358698503,False,False,False,False,-0.2881709102183104,-0.259243049944776,False,False,False,False,-3881.0,-424.6707446079599,False,False,False,False,388.67173752167497,False,False,False,False
2025-05-30 18:00:00+00:00,36.09,36.405,36.09,36.345,600.0,37.94833309714784,39.13810673201281,37.492617604294615,0.0,0.0,0.0,0.0,"rgba(255, 0, 0, 1.0)",1.2600899081321504,38.42344678682877,-1.649443244815509,31.299188096975367,-9.859714364669628,False,True,False,True,False,0.0,37.49625,34.814062500000006,-1,0,0.9568709621093066,0.9403701763576041,False,False,False,False,-0.2742346749073676,-0.2667388624260718,False,False,False,False,-3281.0,-468.954919110162,False,False,False,False,391.9481446918815,False,False,False,False
2025-05-30 19:00:00+00:00,36.35,36.495,36.235,36.35,338.0,37.94076149911619,39.100278908002004,37.49079754139406,0.0,0.0,0.0,0.0,"rgba(255, 0, 0, 1.0)",1.2503950294725406,38.39650269442491,-1.6366849245139705,31.101211340516308,-10.26717593856506,False,True,False,True,False,0.0,37.49625,34.926874999999995,-1,0,0.9582024432809771,0.9404013961605585,False,False,False,False,-0.2688224949539937,-0.26778067869003275,False,False,False,False,-2943.0,-507.3122071859734,False,False,False,False,391.1117393478213,False,False,False,False
2025-06-02 14:00:00+00:00,36.53,37.06,36.42,36.985,301.0,37.93603082648692,39.07297982009236,37.48984135424131,0.0,0.0,0.0,0.0,"rgba(239, 83, 80, 1.0)",1.2133604701944634,38.38425335959652,-1.1532049988180884,34.538338810078635,-10.26717593856506,False,True,False,True,False,0.0,37.49625,35.193125,-1,0,0.9576989619377162,0.9324394463667819,False,False,False,False,-0.22837011752075134,-0.24807539810539203,False,False,False,False,-2642.0,-540.4081419582839,False,False,False,False,389.71465811762255,False,False,False,False
2025-06-02 15:00:00+00:00,36.985,37.19,36.87,37.085,216.0,37.93334614469135,39.05572158642464,37.48938906884572,0.0,0.0,0.0,0.0,"rgba(239, 83, 80, 1.0)",1.172468801329051,38.37850746673652,-1.1032340180568279,37.48604551992831,-10.26717593856506,False,False,False,True,True,0.0,37.49625,35.4521875,-1,0,0.9683873202840809,0.9302788844621516,False,False,False,False,-0.22835233917891362,-0.23821386864215283,False,False,False,False,-2426.0,-569.6421242535042,False,False,False,False,387.021407604171,False,False,False,False
2025-06-02 16:00:00+00:00,37.085,37.185,37.025,37.165,0.0,37.93334614469135,39.05572158642464,37.48938906884572,0.0,0.0,0.0,0.0,"rgba(239, 83, 80, 1.0)",1.1190873976609192,38.37850746673652,-1.0843723817040185,40.00098544949868,-18.40436538318521,False,False,False,True,True,0.0,37.49625,35.534687500000004,-1,0,0.9695072148107812,0.9429167801070879,False,False,False,False,-0.21990611212802577,-0.22905999038508928,False,False,False,False,-2426.0,-598.4228665131398,False,False,False,False,381.0210757033311,False,False,False,False
2025-06-02 17:00:00+00:00,37.165,37.21,37.105,37.115,0.0,37.93334614469135,39.05572158642464,37.48938906884572,0.0,0.0,0.0,0.0,"rgba(239, 83, 80, 1.0)",1.1321842200401793,38.37850746673652,-1.1159910590271966,41.565239026614165,-16.690147546474066,True,False,False,True,True,0.0,37.49625,35.6284375,-1,0,0.9700173152282872,0.9401257632370363,False,False,False,False,-0.21401214103849284,-0.22153606571179107,False,False,False,False,-2426.0,-626.7573957144864,False,False,False,False,375.11377220405467,False,False,False,False
2025-06-02 18:00:00+00:00,37.095,37.37,37.08,37.325,0.0,37.93334614469135,39.05572158642464,37.48938906884572,0.0,0.0,0.0,0.0,"rgba(239, 83, 80, 0.5)",1.132005364008502,38.37850746673652,-0.9306558963695927,43.85107180389153,-14.2613426933315,True,False,False,True,True,0.0,37.49625,35.87781249999999,-1,0,0.9668721818349129,0.948099751541364,False,False,False,False,-0.206455581587266,-0.21399582364952854,False,False,False,False,-2426.0,-654.6526298894555,False,False,False,False,369.29805480554217,False,False,False,False
2025-06-02 19:00:00+00:00,37.33,37.41,37.275,37.33,347.0,37.9304692434883,39.032521768469145,37.48914088541663,0.0,0.0,0.0,0.0,"rgba(239, 83, 80, 0.5)",1.1325778099077206,38.375067451364956,-0.9227334689261718,45.512062251179344,-12.41413710571063,True,False,False,False,True,0.0,37.49625,36.0459375,-1,0,0.9595391705069121,0.9472811059907836,False,False,False,False,-0.19335629530170537,-0.20367605947561696,False,False,False,False,-2079.0,-676.7355348524096,False,False,False,False,368.95234852948727,False,False,False,False
2025-06-03 14:00:00+00:00,37.035,37.185,36.9,37.17,1000.0,37.91885054785988,38.959545346673174,37.48723635721014,0.0,0.0,0.0,0.0,"rgba(239, 83, 80, 1.0)",1.133887052067672,38.34193696888551,-1.0335570608628557,45.78239116217428,-11.816847329931491,True,False,False,False,True,0.0,37.49625,35.7178125,-1,0,0.9525557492887947,0.949435624483803,False,False,False,False,-0.2269424397685673,-0.21530924962209214,False,False,False,False,-3079.0,-713.9799451647752,False,False,False,False,378.7360330484099,False,False,False,False
2025-06-03 15:00:00+00:00,37.165,37.32,37.06,37.29,401.0,37.915038791473634,38.93384315317977,37.48673859326466,0.0,0.0,0.0,0.0,"rgba(239, 83, 80, 0.5)",1.1338955693369772,38.331360487098934,-0.9183918830442642,46.74906032643782,-10.492587815142386,True,False,False,False,True,0.0,37.49625,35.848437499999996,-1,0,0.9550541185103647,0.9481746468537883,False,False,False,False,-0.21037084320930202,-0.2128400464156971,False,False,False,False,-2678.0,-744.4298684955539,False,False,False,False,379.08121083060513,False,False,False,False
2025-06-03 16:00:00+00:00,37.29,37.43,37.23,37.35,3.0,37.91501507862754,38.93366628523619,37.48673647563856,0.0,0.0,0.0,0.0,"rgba(239, 83, 80, 0.5)",1.1318620670110828,38.33129942865247,-0.8669779271283427,47.83255957299499,-9.049896647333895,True,False,False,False,True,0.0,37.49625,35.996874999999996,-1,0,0.9689325790596305,0.9447278122971344,False,False,False,False,-0.19474664951089873,-0.2037933479632979,False,False,False,False,-2675.0,-774.3611883638399,False,False,False,False,373.25049438361896,False,False,False,False
2025-06-03 17:00:00+00:00,37.35,37.505,37.32,37.475,102.0,37.91434456059905,38.928038588362206,37.48671086695561,0.0,0.0,0.0,0.0,"rgba(239, 83, 80, 0.5)",1.1215539814619677,38.32975708304522,-0.7621185401446562,49.43162060719711,-7.143472525659391,True,False,False,False,True,0.0,37.49625,36.0765625,-1,0,0.9613059250302294,0.9440052088177845,False,False,False,False,-0.18558378141048126,-0.19468856468688958,False,False,False,False,-2573.0,-802.2470614124626,False,False,False,False,369.0450603621675,False,False,False,False
2025-06-03 18:00:00+00:00,37.47,37.51,37.395,37.47,3.0,37.914325891252844,38.92787646467619,37.48671046672524,0.0,0.0,0.0,0.0,"rgba(239, 83, 80, 0.5)",1.1133108442999606,38.329715247894065,-0.7722149229891375,50.53468705522187,-5.7362402172015265,True,False,True,False,True,0.0,37.49625,36.516875,-1,0,0.9620725002329694,0.9419439008480105,False,False,False,False,-0.18115233611935502,-0.1879204504031223,False,False,False,False,-2576.0,-829.7471069719593,False,False,False,False,363.3699431472501,False,False,False,False
2025-06-03 19:00:00+00:00,37.475,37.51,37.22,37.225,278.0,37.91207334647544,38.91159004877339,37.48649069348517,0.0,0.0,0.0,0.0,"rgba(239, 83, 80, 0.5)",1.1094406187292487,38.32358863302329,-0.9902185069459702,49.47467308890381,-5.7362402172015265,True,False,False,False,True,0.0,37.49625,36.425625,-1,0,0.9583255466267984,0.9462717249112317,False,False,False,False,-0.19085551343059884,-0.18938798191686057,False,False,False,False,-2854.0,-861.1308727553396,False,False,False,False,362.04637813721524,False,False,False,False
2025-06-04 14:00:00+00:00,38.305,38.76,38.28,38.64,425.0,37.91579555285214,38.90623409441199,37.48862853697696,0.0,0.0,0.0,0.0,#000000,1.094611795104471,38.34112173640099,0.2730449872143781,55.33185990845273,-0.7578334763520189,True,False,True,False,True,2.9170501190115274,37.49625,37.4775,1,0,0.9524981765134934,0.9363603209336253,False,False,False,False,-0.06491245174482099,-0.12715021683084077,False,False,False,False,-2429.0,-885.4389212397529,False,False,False,False,363.0224032823747,False,False,False,False
2025-06-04 15:00:00+00:00,38.665,39.265,38.64,39.135,2800.0,37.95582037422942,38.91600242136009,37.50837384912336,0.0,0.0,0.0,0.0,"rgba(38, 166, 154, 0.5)",1.0790496736471622,38.465499035065584,0.6204542583026016,60.74650217794075,4.294295134569353,True,False,True,False,True,5.692719068680159,40.0653125,37.839687500000004,1,0,0.9641104851898962,0.9266763583499913,False,False,False,False,-0.01848425278335302,-0.0728172348070969,False,False,False,False,371.0,-865.9592480422373,False,False,False,False,400.80500168109756,False,False,False,False
2025-06-04 16:00:00+00:00,39.135,39.135,38.815,38.89,130.0,37.95749518918218,38.91613172662104,37.50923811989039,0.0,0.0,0.0,0.0,#000000,1.0648315351256488,38.4693610362193,0.39502864998365084,63.076210272460436,6.357343265079216,True,False,True,False,True,4.153362273040326,40.08874999999999,37.86125,1,0,0.9653992043667311,0.9478212600610606,False,False,False,False,-0.016072817584268435,-0.04444502619568266,False,False,False,False,241.0,-848.7970891578616,False,False,False,False,396.60647452325105,False,False,False,False
2025-06-04 17:00:00+00:00,38.925,39.025,38.82,38.85,100.0,37.95871689823834,38.916074180650305,37.50987990624121,0.0,0.0,0.0,0.0,#000000,1.0562529513791399,38.47207795525385,0.35779501894191196,64.48739853165355,7.6523871667600005,True,False,True,False,True,3.9025989115588473,40.0259375,37.86125,1,0,0.9590833178697343,0.9493412506958623,False,False,False,False,-0.021699838963445933,-0.0330724325795643,False,False,False,False,141.0,-833.4513978530886,False,False,False,False,392.00792453064247,False,False,False,False
2025-06-04 18:00:00+00:00,38.86,38.895,38.74,38.805,0.0,37.95871689823834,38.916074180650305,37.50987990624121,0.0,0.0,0.0,0.0,#000000,1.0399056913233484,38.47207795525385,0.32014638204593615,65.19129456719456,8.40683082231385,True,False,True,False,True,3.616684604997264,39.816875,37.86125,1,0,0.9572267263069608,0.9522877644208371,False,False,False,False,-0.03295836192411398,-0.033015397251839135,False,False,False,False,141.0,-818.3436242429632,False,False,False,False,385.9302822898573,False,False,False,False
2025-06-04 19:00:00+00:00,38.805,39.0,38.765,38.99,226.0,37.961524828663684,38.916090568662064,37.51134902246752,0.0,0.0,0.0,0.0,#000000,1.0274322625136398,38.47822335572769,0.4981122969802745,66.31812595876946,9.663319438068669,True,False,True,False,True,4.68554826648154,39.8659375,37.8990625,1,0,0.9572681470423583,0.948964359022206,False,False,False,False,-0.025987996768627186,-0.029501697010233162,False,False,False,False,367.0,-799.9662037120645,False,False,False,False,383.4507430295494,False,False,False,False
2025-06-05 14:00:00+00:00,39.39,40.11,39.04,40.11,398.0,37.970710749585685,38.92665129570352,37.51545979870942,0.0,0.0,0.0,0.0,"rgba(0, 255, 255, 0.75)",1.0328759159054397,38.50131572288991,1.5574806734649063,69.81804595139532,13.146474907009008,True,False,True,False,True,10.638997018889079,40.7384375,38.4115625,1,0,0.9645578918372966,0.9266366724818661,False,False,False,False,0.04825169167697796,0.009374997333372399,False,False,False,False,765.0,-775.7031617940479,False,False,False,False,383.6763129050603,False,False,False,False
2025-06-05 15:00:00+00:00,40.1,40.25,39.51,39.68,756.0,37.988481162563275,38.947398815603485,37.52343508308004,0.0,0.0,0.0,0.0,"rgba(38, 166, 154, 0.5)",1.028420257105561,38.67055375013335,0.9815503369290745,69.75190770115381,13.248504523476491,True,False,True,False,True,7.889532790394156,41.162499999999994,38.5975,1,0,0.9747929747929743,0.9232869232869235,False,False,False,False,0.08106999140519147,0.04522249436928193,False,False,False,False,9.0,-763.5372213011169,False,False,False,False,389.4487731700981,False,False,False,False
2025-06-05 16:00:00+00:00,39.695,39.925,39.525,39.605,411.0,37.997329644716885,38.95666391605541,37.52750597602864,0.0,0.0,0.0,0.0,"rgba(38, 166, 154, 0.5)",1.0183319561777562,38.68650999152939,0.9019554015746488,69.27797420308846,13.248504523476491,True,False,True,False,True,7.418589718315808,41.02812499999999,38.5975,1,0,0.982802131040284,0.9231703897560526,False,False,False,False,0.06437448494484935,0.054798489657065644,False,False,False,False,-402.0,-757.9319930638902,False,False,False,False,389.78290071784846,False,False,False,False
2025-06-05 17:00:00+00:00,39.52,39.88,39.505,39.725,0.0,37.997329644716885,38.95666391605541,37.52750597602864,0.0,0.0,0.0,0.0,"rgba(38, 166, 154, 1.0)",1.0153906096128387,38.68650999152939,1.0227492736677752,69.27125594156132,13.377841115136945,True,False,True,False,True,8.039716012440461,41.040625,38.5975,1,0,0.9838739921245075,0.9245265329083071,False,False,False,False,0.06087866349175113,0.057838576574408385,False,False,False,False,-402.0,-752.4136675900314,False,False,False,False,383.73975497028493,False,False,False,False
2025-06-05 18:00:00+00:00,39.72,39.745,39.545,39.63,200.0,38.0014882512036,38.9608154110976,37.52944020210618,0.0,0.0,0.0,0.0,"rgba(38, 166, 154, 0.5)",1.0113774925477994,38.693816575780545,0.9256518274507795,68.65855901637596,13.377841115136945,True,False,True,False,True,7.427728892666188,40.949999999999996,38.5975,1,0,0.9888168405225071,0.9188046236255994,False,False,False,False,0.05577203426716492,0.056805305420786656,False,False,False,False,-602.0,-750.0816727436744,False,False,False,False,380.8910765986526,False,False,False,False
2025-06-05 19:00:00+00:00,39.63,39.695,39.31,39.62,583.0,38.012770971552094,38.97092305166701,37.534796559764246,0.0,0.0,0.0,0.0,"rgba(38, 166, 154, 0.5)",1.0064662872581618,38.71156243717127,0.9026010849340186,68.15293446041474,13.377841115136945,True,False,True,False,False,7.36253056933942,40.8309375,38.5975,1,0,0.9843324889764516,0.9195984613941275,False,False,False,False,0.04046849984246004,0.04863690263162335,False,False,False,False,-1185.0,-756.8245925460981,False,False,False,False,384.02454827929364,False,False,False,False
2025-06-06 14:00:00+00:00,38.76,38.815,38.53,38.585,125.0,38.01375982218656,38.96970535466476,37.53542887912346,0.0,0.0,0.0,0.0,#000000,0.9899828326839049,38.708296998801686,-0.12454458272515591,62.29680727049203,17.567895132185583,True,False,True,False,False,1.0126812538961225,40.1678125,38.5975,-1,0,0.9777386142287356,0.9210648362860592,False,False,False,False,-0.04852018715292499,5.835773934917757e-05,False,False,False,False,-1310.0,-765.4009554523601,False,False,False,False,380.00866380984723,False,False,False,False
2025-06-06 15:00:00+00:00,38.58,38.825,38.45,38.765,100.0,38.014594615477804,38.96884640852308,37.535950939833306,0.0,0.0,0.0,0.0,#000000,0.9737393004418908,38.747814326564864,0.017649152527106127,58.89358931329299,14.367453163605902,True,False,True,False,False,2.0112903173359697,40.1678125,37.10656250000001,-1,0,0.9758767860456484,0.9195583596214514,False,False,False,False,-0.052279725137991305,-0.026110683699321062,False,False,False,False,-1210.0,-772.2939638949592,False,False,False,False,375.66744421589607,False,False,False,False
2025-06-06 16:00:00+00:00,38.785,38.85,38.705,38.785,2.0,38.01461379592623,38.968835210989226,37.53596228841967,0.0,0.0,0.0,0.0,#000000,0.9567474084644492,38.74790913225126,0.038767669941502686,56.552478988793794,12.210200251291937,False,False,True,False,False,2.122812492932553,40.1678125,37.24093750000001,-1,0,0.9781151052337492,0.9221456509592107,False,False,False,False,-0.03724936607502329,-0.03168002488717218,False,False,False,False,-1208.0,-779.049096237673,False,False,False,False,369.87415050712247,False,False,False,False
2025-06-06 17:00:00+00:00,38.785,39.045,38.76,38.93,401.0,38.01909838926846,38.96816354633617,37.538473886531506,0.0,0.0,0.0,0.0,#000000,0.9437208321367309,38.75809136449297,0.18216047548489778,55.55736543601538,11.268532662415417,False,False,True,False,False,2.9373808226313045,40.1678125,37.36687500000001,-1,0,0.9784490871447391,0.9293242988895165,False,False,False,False,-0.02384380827487705,-0.027761916581024615,False,False,False,False,-807.0,-779.4824435828253,False,False,False,False,370.3567218170896,False,False,False,False
2025-06-06 18:00:00+00:00,38.935,39.61,38.935,39.48,301.0,38.02404284608284,38.9714286613228,37.54094159903609,0.0,0.0,0.0,0.0,"rgba(38, 166, 154, 0.5)",0.94074559753374,38.77619482234962,0.7481354996456748,57.086648032138584,11.268532662415417,False,False,True,False,False,5.925660684453977,40.1678125,37.8971875,-1,0,0.9710701245201759,0.9214493024997663,False,False,False,False,0.01580488167310398,-0.005978517453960318,False,False,False,False,-506.0,-775.2424056978203,False,False,False,False,369.28142380442154,False,False,False,False
2025-06-06 19:00:00+00:00,39.485,39.8,39.475,39.72,608.0,38.03634178161842,38.98346323249619,37.54679700570835,0.0,0.0,0.0,0.0,"rgba(38, 166, 154, 0.5)",0.9394982607657218,38.81618306963709,0.9620208659314251,59.00811247186219,11.268532662415417,False,False,True,False,True,7.177949827896558,40.1678125,38.3184375,-1,0,0.9780558408815014,0.9177327481557571,False,False,False,False,0.05496599675857372,0.024493739652306702,False,False,False,False,102.0,-761.641748245141,False,False,False,False,372.9824870012522,False,False,False,False
2025-06-09 14:00:00+00:00,41.0,41.495,40.895,41.42,848.0,38.069795186798274,39.037491965745275,37.561057447798305,0.0,0.0,0.0,0.0,"rgba(0, 255, 0, 1.0)",0.9975722467005711,38.9511712546408,2.4748370391465406,64.16957474912871,8.172148498172817,True,False,True,False,True,15.03560451989231,40.1678125,39.603125000000006,1,0,0.9851260656629786,0.9064030473426453,False,False,False,False,0.2255334155955254,0.12501357762391604,False,False,False,False,950.0,-735.1046668769993,False,False,False,False,380.34709960588395,False,False,False,False
2025-06-09 15:00:00+00:00,41.46,41.6,41.36,41.365,600.0,38.0942973957135,39.07702564313381,37.57154553357865,0.0,0.0,0.0,0.0,"rgba(0, 255, 0, 1.0)",1.0537157419649317,39.02915151782557,2.216772882047512,67.57284293634996,11.267484442734634,True,False,True,False,True,14.692547683408883,43.0784375,39.88156250000001,1,0,0.9958911614317019,0.9091490138787441,False,False,False,False,0.2578905311628385,0.19145205439337726,False,False,False,False,350.0,-718.2813387083636,False,False,False,False,383.7525709298237,False,False,False,False
2025-06-09 16:00:00+00:00,41.37,41.45,41.27,41.415,101.0,38.098309584290966,39.083378155547656,37.57327665517042,0.0,0.0,0.0,0.0,"rgba(0, 255, 0, 1.0)",1.1082015785670873,39.04062118089897,2.1425513778559324,70.09060933094244,13.536743982975793,True,False,True,False,True,14.90495608440192,42.963125,39.88156250000001,1,0,1.0095246902163861,0.9026262252635476,False,False,False,False,0.2442057229012763,0.21782888864732677,False,False,False,False,451.0,-700.1529458601719,False,False,False,False,379.368810140214,False,False,False,False
2025-06-09 17:00:00+00:00,41.42,41.7,41.395,41.655,301.0,38.11095246130176,39.103776271799035,37.57870386190831,0.0,0.0,0.0,0.0,"rgba(0, 255, 0, 1.0)",1.170234441745969,39.07687155169879,2.2030871390647953,72.31333276747603,15.583718077275563,True,False,True,False,True,15.924078545851838,43.16375,39.93125,1,0,1.015677179962894,0.890445269016698,False,False,False,False,0.2656296610496433,0.24172927484848505,False,False,False,False,752.0,-677.6389466995491,False,False,False,False,378.1537898279626,False,False,False,False
2025-06-09 18:00:00+00:00,41.66,41.75,41.61,41.685,502.0,38.132426453264344,39.13838530523463,37.58794406436221,0.0,0.0,0.0,0.0,"rgba(0, 255, 0, 1.0)",1.2286463363473135,39.13500247139576,2.0754528403879204,73.9551983087777,17.153647077200844,True,False,True,False,True,16.051588403592532,43.1125,40.2475,1,0,1.0205333085570933,0.8838613769395153,False,False,False,False,0.2809131275902819,0.2613212012193835,False,False,False,False,1254.0,-647.6910560530445,False,True,False,False,380.07388610969963,False,True,False,False
2025-06-09 19:00:00+00:00,41.68,41.76,41.455,41.46,1682.0,38.20009570782692,39.24255566361263,37.617679510983834,0.0,0.0,0.0,0.0,"rgba(0, 255, 255, 0.75)",1.2762639027839855,39.46514804475359,1.5630403327203166,73.65472819215573,17.153647077200844,True,False,True,False,True,14.572000679977641,42.9584375,40.2565625,1,0,1.0179929512149877,0.8832313114450013,False,False,False,False,0.2725350598810924,0.26692813055023795,False,False,False,False,-428.0,-644.284993168501,False,False,False,False,400.2587871002469,False,False,False,False
2025-06-10 14:00:00+00:00,41.27,41.295,40.68,40.695,609.0,38.21919639942168,39.267838369074916,37.62652888298783,0.0,0.0,0.0,0.0,"rgba(38, 166, 154, 0.5)",1.300654485284218,39.48283220636563,0.9319675650597473,69.31362449972403,17.153647077200844,True,False,True,False,False,9.79165663168435,42.4096875,40.2565625,1,0,1.0053196367972117,0.8904888562780892,False,False,False,False,0.20226755855200013,0.23459784455111904,False,False,False,False,-1037.0,-650.3735979255786,False,False,False,False,403.49508497466167,False,False,False,False
2025-06-10 15:00:00+00:00,40.695,40.735,40.44,40.49,365.0,38.22909513636523,39.27956964143028,37.631267698464384,0.0,0.0,0.0,0.0,"rgba(38, 166, 154, 0.5)",1.3200249110398,39.487269386307275,0.7596300685741326,65.29125545729403,22.28974808697363,True,False,True,False,False,8.572065200276505,41.9946875,40.2565625,1,0,1.002657868206397,0.9005590688296219,False,False,False,False,0.15799814843050367,0.19629799649081137,False,False,False,False,-1402.0,-662.0267204383603,False,False,False,False,402.8982619517987,False,False,False,False
2025-06-10 16:00:00+00:00,40.49,40.925,40.49,40.925,200.0,38.235004865109076,39.28702556648777,37.634057137119896,0.0,0.0,0.0,0.0,"rgba(38, 166, 154, 1.0)",1.348056067885172,39.49320658387079,1.062117110882046,63.8773536466735,20.947886576635227,False,False,True,False,False,10.57839401935598,42.15875,40.2565625,1,0,1.0029331247555726,0.9046734454438801,False,False,False,False,0.17120697672791493,0.18375248660936316,False,False,False,False,-1202.0,-670.3983991912538,False,False,False,False,399.7525524641739,False,False,False,False
2025-06-10 17:00:00+00:00,40.91,41.075,40.87,40.985,325.0,38.245287599726126,39.30056001938892,37.638862158647555,0.0,0.0,0.0,0.0,"rgba(38, 166, 154, 1.0)",1.3761561658448018,39.506982061219176,1.0740190506456728,63.06022533417965,20.052476583990625,False,True,True,False,False,10.851088638862961,42.39,40.2565625,1,0,1.0030424968102851,0.9061733241731283,False,False,False,False,0.20059431976056016,0.19217340318496168,False,False,False,False,-877.0,-673.6015247851878,False,False,False,False,398.59359816240374,False,False,False,False
2025-06-10 18:00:00+00:00,40.95,41.22,40.875,41.19,403.0,38.25847934877917,39.31820838214239,37.64501178865195,0.0,0.0,0.0,0.0,"rgba(38, 166, 154, 1.0)",1.4076420031417383,39.52658948763052,1.1816999696349562,63.146031392029954,19.896841667395677,False,True,True,False,False,11.784017331156619,42.3253125,40.2565625,1,0,0.9963650653305823,0.9099125650849795,False,False,False,False,0.20897180049402397,0.20057260183949283,False,False,False,False,-474.0,-670.5069275016966,False,False,False,False,398.66191446996334,False,False,False,False
2025-06-10 19:00:00+00:00,41.195,41.36,41.19,41.24,537.0,38.27690077706998,39.34336994836958,37.65357045008057,0.0,0.0,0.0,0.0,"rgba(38, 166, 154, 1.0)",1.4389401035559133,39.55664326106888,1.1698587972989338,63.37345978702566,19.78803257762722,False,True,True,False,False,12.012002726453563,42.514375,40.2565625,1,0,0.9998033238273181,0.9063821418035211,False,False,False,False,0.23456658084848708,0.21756959134398995,False,False,False,False,63.0,-659.1347270753137,False,False,False,False,400.8066909898088,False,False,False,False
2025-06-11 14:00:00+00:00,41.41,41.62,41.34,41.4,2549.0,38.36672169035128,39.46543196707669,37.69575969363676,0.0,0.0,0.0,0.0,"rgba(38, 166, 154, 1.0)",1.4725596609152511,39.70197347716669,1.1531122085592935,64.08098441648744,19.78803257762722,False,True,True,False,False,12.745126647629668,42.7634375,40.2565625,1,0,1.0007845444738646,0.8999705795822306,False,False,False,False,0.2578905311628385,0.23773006125341423,False,False,False,False,2612.0,-608.4194599888747,False,False,False,False,434.11201361012183,False,False,False,False
2025-06-11 15:00:00+00:00,41.39,41.555,41.12,41.485,2618.0,38.45195380242417,39.57318244787203,37.73737505006607,0.0,0.0,0.0,0.0,"rgba(38, 166, 154, 1.0)",1.5066828997371176,39.81694126568243,1.107106700825109,64.87898744160606,19.78803257762722,False,False,True,False,False,13.135458735516465,42.6490625,40.2565625,1,0,0.9981461606010339,0.8988193970143432,False,False,False,False,0.2416499211201863,0.23968999118680026,False,False,False,False,5230.0,-517.9013288262564,False,False,False,False,467.9707420812827,False,False,False,False
2025-06-11 16:00:00+00:00,41.49,41.525,41.135,41.32,3932.0,38.568853381320274,39.7094090334308,37.79714464090344,0.0,0.0,0.0,0.0,"rgba(38, 166, 154, 0.5)",1.5353823569332412,39.95111191371634,0.891561688267583,64.29903636862394,19.66278436825843,False,True,True,False,False,12.054298501176003,42.5871875,40.2565625,1,0,1.0147102379306938,0.8980155987757928,False,False,False,False,0.24079867648979603,0.24024433383829813,False,False,False,False,1298.0,-489.7478198522059,False,False,False,False,521.6766220490148,False,False,False,False
2025-06-11 17:00:00+00:00,41.315,41.435,41.305,41.31,1170.0,38.602103348558714,39.74647773357537,37.814662248818244,0.0,0.0,0.0,0.0,"rgba(38, 166, 154, 0.5)",1.5626423596408876,39.98669561613775,0.8468376501494306,63.813024010768075,18.8243390283249,False,True,True,False,False,11.988306659093634,42.590625,40.2565625,1,0,0.9997027053810321,0.9045684273114659,False,False,False,False,0.24534263788890073,0.24279348586359945,False,False,False,False,128.0,-480.1703342731019,False,False,False,False,531.7281472885649,False,False,False,False
2025-06-11 18:00:00+00:00,41.315,41.35,41.055,41.145,1064.0,38.62986552373638,39.77540734713443,37.82969950788513,0.0,0.0,0.0,0.0,"rgba(38, 166, 154, 0.5)",1.585424651102734,40.0125029307129,0.7143178128959975,62.2563361602041,17.013426843932976,False,True,True,False,False,10.892053431055984,42.145625,40.259375,1,0,0.992723285486443,0.9130781499202555,False,False,False,False,0.2263787173135776,0.2345861015885885,False,False,False,False,-936.0,-487.2374608735189,False,False,False,False,539.9804240747886,False,False,False,False
2025-06-11 19:00:00+00:00,41.15,41.19,41.0,41.11,4748.0,38.74299017763847,39.8846056302161,37.89357009464965,0.0,0.0,0.0,0.0,"rgba(38, 166, 154, 0.5)",1.6066394253979792,40.10523802648804,0.6253811263613629,60.885365268390345,15.448017442286272,False,True,True,False,False,10.658396872953617,42.02875,40.259375,1,0,0.9914821124361153,0.91321775729031,False,False,False,False,0.2142924601595664,0.22443928087407744,False,False,False,False,-5684.0,-567.8074227204411,False,False,False,False,605.2210376550245,False,False,False,False
2025-06-12 14:00:00+00:00,41.1,41.295,40.99,41.09,136.0,38.746110784663166,39.88752774409607,37.895376824821234,0.0,0.0,0.0,0.0,"rgba(38, 166, 154, 0.5)",1.6266543706151444,40.107730909096006,0.6038585139217605,59.74734800812597,14.143067872607261,False,True,True,False,False,10.522739791165485,42.0996875,40.259375,1,0,0.9924060751398878,0.9043764988009596,False,False,False,False,0.21962509745973557,0.2220321891669065,False,False,False,False,-5820.0,-649.236765003845,False,False,False,False,597.9462928851791,False,False,False,False
2025-06-12 15:00:00+00:00,41.11,41.14,40.86,40.93,329.0,38.753157576339554,39.893699512564794,37.89953881535368,0.0,0.0,0.0,0.0,#000000,1.6431664580951386,40.11258374738692,0.4974640570260171,57.65946867097073,11.991149935774764,False,True,True,False,False,9.431200423737419,41.9525,40.259375,1,0,0.9953912433623883,0.906722773269212,False,False,False,False,0.20366277789970352,0.21284748353330502,False,False,False,False,-6149.0,-734.504412058049,False,False,False,False,593.776582917967,False,False,False,False
2025-06-12 16:00:00+00:00,40.93,41.1,40.89,41.08,509.0,38.76419943493648,39.90351688066292,37.906053093030565,0.0,0.0,0.0,0.0,"rgba(38, 166, 154, 0.5)",1.6615306223506467,40.120526455169966,0.5774636542494893,57.184880581201924,11.39131512413293,False,True,True,False,False,10.222115330256653,41.96062500000001,40.259375,1,0,0.9952864022953166,0.92642688800082,False,False,False,False,0.20310459659340907,0.20797604006335704,False,False,False,False,-5640.0,-810.5586072199396,False,False,False,False,592.4622172913319,False,False,False,False
2025-06-12 17:00:00+00:00,41.08,41.15,41.02,41.085,140.0,38.76730006648282,39.9063343439849,37.90787542840294,0.0,0.0,0.0,0.0,"rgba(38, 166, 154, 0.5)",1.6763041232167384,40.12288185121281,0.5739520266411666,56.880286201693195,10.908281315423352,False,True,True,False,False,10.248681797820954,42.0178125,40.259375,1,0,0.9923671995874158,0.9265600825167615,False,False,False,False,0.21547446229048642,0.21172525117692173,False,False,False,False,-5500.0,-883.2631249374599,False,False,False,False,585.4472991937918,False,False,False,False
2025-06-12 18:00:00+00:00,41.095,41.175,41.035,41.155,306.0,38.77415516120337,39.91263609764913,37.91189715246167,0.0,0.0,0.0,0.0,"rgba(38, 166, 154, 0.5)",1.6917385694566751,40.128240330373615,0.606925732003701,57.16962648434807,10.908281315423352,False,True,True,False,False,10.625837434127561,41.9178125,40.2921875,1,0,0.9953251610222308,0.9235404113858303,False,False,False,False,0.21772858530660114,0.21472691824176143,False,False,False,False,-5194.0,-950.0962547833907,False,False,False,False,581.1147829272213,False,False,False,False
2025-06-12 19:00:00+00:00,41.165,41.2,41.03,41.075,647.0,38.78839642715289,39.92553066492347,37.92031476964657,0.0,0.0,0.0,0.0,"rgba(38, 166, 154, 0.5)",1.7044857695911324,40.13908676949079,0.5490883216547586,56.57622574975335,10.188959949513396,False,True,True,False,False,10.048137039323027,41.904375,40.325625,1,0,0.9941581472981427,0.9213436261214273,False,False,False,False,0.21885646282720958,0.2167916905344855,False,False,False,False,-5841.0,-1025.9242198255088,False,False,False,False,582.1362591609078,False,False,False,False
2025-06-13 14:00:00+00:00,39.66,39.74,39.42,39.53,535.0,38.79229747107403,39.922311587702374,37.92389223295305,0.0,0.0,0.0,0.0,#000000,1.702225736927802,40.12995581423109,-0.35245373231983623,48.17504064468644,2.2461534999074715,False,True,False,True,False,0.06741999910346053,40.598124999999996,40.325625,-1,0,0.9825128879005353,0.9257050439704844,False,False,False,False,0.054260675634449015,0.13552618308446726,False,False,False,False,-6376.0,-1108.8711311460436,False,False,False,False,581.4054644452349,False,False,False,False
2025-06-13 15:00:00+00:00,39.535,39.765,39.46,39.685,410.0,38.795542396605654,39.92037919787918,37.926745476781534,0.0,0.0,0.0,0.0,#000000,1.699583327314795,40.123823860863865,-0.25819496685529947,43.276298704244695,-2.039127902961255,False,True,False,True,False,0.9569455009952215,40.598124999999996,38.575624999999995,-1,0,0.9863567458312276,0.9257200606366855,False,False,False,False,0.08807082776770633,0.1117985054260868,False,False,False,False,-5966.0,-1184.175454694167,False,False,False,False,578.7480153840685,False,False,False,False
2025-06-13 16:00:00+00:00,39.675,39.73,39.54,39.625,100.0,38.796325379805914,39.91990360645294,37.92743791773446,0.0,0.0,0.0,0.0,#000000,1.6971003436970136,40.12234312738195,-0.29305463830060036,39.58166197647394,-5.129991013236349,False,True,False,True,False,0.602444852504167,40.598124999999996,38.6271875,-1,0,1.0057704637743103,0.9222055994870704,False,False,False,False,0.09072726234734788,0.10126288388671734,False,False,False,False,-6066.0,-1259.8626569469707,False,False,False,False,571.3255655331527,False,False,False,False
2025-06-13 17:00:00+00:00,39.61,39.635,39.33,39.365,318.0,38.798246378164734,39.9174201680213,37.92939322157186,0.0,0.0,0.0,0.0,#000000,1.6902926688317188,40.116423466310074,-0.4445522838535615,36.117851935380095,-8.032761511263985,False,True,False,True,False,0.0,40.515625,38.449375,-1,0,0.9991370941645987,0.9293495847265669,False,False,False,False,0.07274561199361244,0.0870042479401649,False,False,False,False,-6384.0,-1339.3066467617464,False,False,False,False,567.3980373853519,False,False,False,False
2025-06-13 18:00:00+00:00,39.355,39.38,38.9,39.02,0.0,38.798246378164734,39.9174201680213,37.92939322157186,0.0,0.0,0.0,0.0,"rgba(239, 83, 80, 0.5)",1.681711796821179,40.116423466310074,-0.6519687073507856,32.68717669040734,-10.95041931850848,False,True,False,True,False,0.0,40.191875,38.088125,-1,0,0.9809902266136822,0.9341638921705512,False,False,False,False,0.03251366415008545,0.05975895604512517,False,False,False,False,-6384.0,-1417.5189468119518,False,False,False,False,558.6011685886798,False,False,False,False
2025-06-13 19:00:00+00:00,39.01,39.095,38.81,39.01,530.0,38.799100308140176,39.909276922160466,37.93162907227592,0.0,0.0,0.0,0.0,"rgba(239, 83, 80, 0.5)",1.673857313604197,40.06041327458886,-0.6275405113994352,30.210018604515746,-13.041618898572374,False,True,False,True,False,0.0,39.97625,37.92875,-1,0,0.9781303602058316,0.939644082332762,False,False,False,False,0.010541644406103742,0.03515030022561445,False,False,False,False,-6914.0,-1502.735707326495,False,False,False,False,558.1577396183126,False,False,False,False
2025-06-16 14:00:00+00:00,41.06,41.52,41.0,41.24,1150.0,38.82504476720137,39.933927101939254,37.94701867049125,0.0,0.0,0.0,0.0,"rgba(38, 166, 154, 0.5)",1.6818050898841757,40.27572480584331,0.5733572813857402,39.016402966862735,-18.546397119933076,False,True,False,True,True,8.890403366887927,39.97625,39.838750000000005,1,0,0.9841707516339865,0.9290236928104578,False,False,False,False,0.28855841892657397,0.1618543595760942,False,False,False,False,-5764.0,-1568.8018203912004,False,False,False,False,567.3335886164783,False,False,False,False
2025-06-16 15:00:00+00:00,41.25,41.29,40.98,41.06,538.0,38.836289481627844,39.94393195977355,37.95385947351139,0.0,0.0,0.0,0.0,#000000,1.6864730188304846,40.289382832308036,0.45694011056658657,44.58369581044714,-13.79854922610022,False,True,False,True,True,7.853312796392984,42.589999999999996,39.838750000000005,1,0,0.987535758071107,0.9327748263179406,False,False,False,False,0.27273380064831243,0.2172940801122033,False,False,False,False,-6302.0,-1642.1847379045153,False,False,False,False,566.878804296843,False,False,False,False
2025-06-16 16:00:00+00:00,41.05,41.14,41.0,41.045,705.0,38.850548496746285,39.95625471093248,37.96264246104917,0.0,0.0,0.0,0.0,#000000,1.6858643972056992,40.30186919185924,0.4408010569370187,48.49704848048613,-10.547528131543402,False,True,False,False,True,7.76630650524568,42.495937500000004,39.838750000000005,1,0,0.9826839826839822,0.9452690166975882,False,False,False,False,0.264557842546349,0.24092596132927616,False,False,False,False,-7007.0,-1725.3601683246004,False,False,False,False,569.0202181837136,False,False,False,False
2025-06-16 17:00:00+00:00,41.04,41.265,40.985,41.155,698.0,38.86494933439301,39.968982133188945,37.97149408906902,0.0,0.0,0.0,0.0,#000000,1.6968946279537669,40.31581240767593,0.49454313691594615,51.64556447095269,-7.870102717366414,False,False,True,False,True,8.29051459550891,42.5678125,39.838750000000005,1,0,0.9833196046128496,0.938220757825371,False,False,False,False,0.2714736679779441,0.25619981465361014,False,False,False,False,-6309.0,-1796.4243517614284,False,False,False,False,571.019904723501,False,False,False,False
2025-06-16 18:00:00+00:00,41.17,41.21,40.965,40.97,622.0,38.87714591490942,39.979268440917046,37.97912545524627,0.0,0.0,0.0,0.0,#000000,1.7027208300908294,40.32425881775936,0.37924078382608095,53.01063146745601,-6.681613448875041,False,False,True,False,True,7.190767677099899,42.519062500000004,39.838750000000005,1,0,0.9866158756305979,0.9358591578297131,False,False,False,False,0.26675562150028276,0.2614777180769464,False,False,False,False,-6931.0,-1876.030175765127,False,False,False,False,571.8102937975552,False,False,False,False
2025-06-16 19:00:00+00:00,40.98,41.065,40.795,40.84,457.0,38.885414277834926,39.98567058202989,37.98443852484571,0.0,0.0,0.0,0.0,#000000,1.7079722000184951,40.327129704450435,0.30028023614436733,53.36299884428924,-6.212004416888135,False,False,True,False,True,6.419911454769526,42.3596875,39.838750000000005,1,0,0.9825084885276262,0.9394999485543785,False,False,False,False,0.24706331579888063,0.2542705169379135,False,False,False,False,-7388.0,-1961.4870722648925,False,False,False,False,570.0302892425543,False,False,False,False
2025-06-17 14:00:00+00:00,40.6,40.71,40.27,40.27,600.0,38.893587859377554,39.98956958768066,37.990233292433835,0.0,0.0,0.0,0.0,#000000,1.7078189214517017,40.31892849649559,-0.028649698092110064,51.18086311852528,-6.212004416888135,False,False,False,False,True,3.140963415147457,41.987187500000005,39.838750000000005,1,0,0.971285509912119,0.9458409973431434,False,False,False,False,0.192981618759193,0.22362606784855327,False,False,False,False,-7988.0,-2054.921381222026,False,False,False,False,570.4949359209644,False,False,False,False
2025-06-17 15:00:00+00:00,40.28,40.42,40.165,40.225,341.0,38.897750814515234,39.991004025100615,37.99331603734925,0.0,0.0,0.0,0.0,#000000,1.706204496472733,40.3131231009238,-0.051648616039855426,49.44642466675013,-6.212004416888135,False,False,False,False,True,2.8882736978159755,41.81312500000001,39.838750000000005,1,0,0.9705189886375266,0.9524004504043406,False,False,False,False,0.16908196322405528,0.19635401553630427,False,False,False,False,-8329.0,-2152.193917947266,False,False,False,False,566.936874898934,False,False,False,False
2025-06-17 16:00:00+00:00,40.23,40.385,39.95,39.995,50.0,38.89828817806779,39.991093207424605,37.99373563469028,0.0,0.0,0.0,0.0,#000000,1.7033588386870582,40.312005905767535,-0.18610635561200023,47.30117626785076,-6.212004416888135,False,False,False,True,False,1.5964399095422657,41.743437500000006,39.838750000000005,1,0,0.9766051736576314,0.9470266927754306,False,False,False,False,0.15405554047745854,0.1752047780068814,False,False,False,False,-8379.0,-2248.733547126378,False,False,False,False,558.9223497067024,False,False,False,False
2025-06-17 17:00:00+00:00,39.995,40.075,39.81,39.825,754.0,38.904961925730234,39.990112446703904,37.99942709362719,0.0,0.0,0.0,0.0,#000000,1.6686698322343472,40.29120190954244,-0.2793853526543296,45.120816283569155,-6.212004416888135,False,False,False,True,False,0.6501173856999394,41.53625,39.838750000000005,-1,0,0.9654205607476631,0.9646936656282452,False,False,False,False,0.12717634734205438,0.1511905626744679,False,False,False,False,-9133.0,-2355.466360349225,False,False,False,False,561.9468094011721,False,False,False,False
2025-06-17 18:00:00+00:00,39.815,39.935,39.77,39.91,208.0,38.90672949008715,39.98974841280394,38.000965171083614,0.0,0.0,0.0,0.0,#000000,1.6321425149750832,40.28588933757989,-0.2303042376085831,44.061336738659236,-6.212004416888135,False,False,False,True,False,1.1158384382051025,41.166875000000005,38.53812500000001,-1,0,0.9595507954663615,0.9642300093584281,False,False,False,False,0.11647776285770357,0.13383416276608573,False,False,False,False,-8925.0,-2457.3195950724926,False,False,False,False,556.4592619685957,False,False,False,False
2025-06-17 19:00:00+00:00,39.905,39.935,39.805,39.84,413.0,38.910177832666214,39.988961423606,38.00399266438749,0.0,0.0,0.0,0.0,#000000,1.5757740211609572,40.275887916641295,-0.27661829094006124,43.00283988483137,1.0345238097030816,False,False,False,True,False,0.717278523187268,41.151562500000004,38.588437500000005,-1,0,0.9607250755287005,0.9634336910094804,False,False,False,False,0.1185558901563316,0.12619502646120867,False,False,False,False,-9338.0,-2563.9968106527635,False,False,False,False,554.2350873644314,False,False,False,False
2025-06-18 14:00:00+00:00,38.81,39.22,38.78,38.98,700.0,38.91068456500481,39.97883001405242,38.00671594515202,0.0,0.0,0.0,0.0,"rgba(239, 83, 80, 0.5)",1.5231453054852095,40.24057284480932,-0.8276116797719174,39.29156633537798,-2.8428237955357574,False,True,False,True,False,0.0,40.4446875,37.5553125,-1,0,0.9530098280098277,0.9645782145782148,False,False,False,False,0.016106089136749175,0.07115055779897893,False,False,False,False,-10038.0,-2679.8728290922554,False,False,False,False,556.4950084905643,False,False,False,False
2025-06-18 15:00:00+00:00,38.985,39.025,38.825,38.84,1300.0,38.910527699110226,39.95875850097492,38.01124224546136,0.0,0.0,0.0,0.0,"rgba(239, 83, 80, 0.5)",1.4758564378777632,40.180782227306096,-0.9084774053187024,36.264367078446924,-5.951574816159301,False,True,False,True,False,0.0,40.349999999999994,37.5,-1,0,0.9519171621898705,0.9716013942997747,False,False,False,False,0.0073204442080129105,0.03923550100349592,False,False,False,False,-11338.0,-2814.107358873771,False,False,False,False,568.0222176612531,False,False,False,False
2025-06-18 16:00:00+00:00,38.845,38.9,38.735,38.765,400.0,38.91014843600324,39.952183051969534,38.01247466501041,0.0,0.0,0.0,0.0,"rgba(239, 83, 80, 0.5)",1.4270456093521293,40.163287364096576,-0.9798477041889289,33.89541414999122,-8.39597200606886,False,True,False,True,False,0.0,40.1834375,37.451562499999994,-1,0,0.9522823724252142,0.9786771555739572,False,False,False,False,-0.005270684560049208,0.016982408221723356,False,False,False,False,-11738.0,-2952.4622835423943,False,False,False,False,565.417222038598,False,False,False,False
2025-06-18 17:00:00+00:00,38.765,38.835,38.675,38.78,379.0,38.909672652130546,39.94582520801289,38.01358463152636,0.0,0.0,0.0,0.0,"rgba(239, 83, 80, 0.5)",1.394829050844978,40.14707868392002,-0.9801048258149293,32.316796031014874,-10.109558625694014,False,True,False,True,False,0.0,40.0975,37.412499999999994,-1,0,0.9513838499015234,0.9712864102829897,False,False,False,False,-0.012591620476412452,0.0021953938726554517,False,False,False,False,-11359.0,-3082.796201627008,False,False,False,False,562.5270325496275,False,False,False,False
2025-06-18 18:00:00+00:00,38.78,38.88,38.46,38.51,340.0,38.90882328700942,39.939478904820064,38.01438334722641,0.0,0.0,0.0,0.0,"rgba(239, 83, 80, 1.0)",1.3672146572206365,40.05451237927838,-1.129678043693714,30.391240002766587,-12.178758814352484,False,True,False,True,False,0.0,39.620625000000004,37.719375,-1,0,0.9470861268695201,0.9695719443011864,False,False,False,False,-0.022550410982492258,-0.010177508554918403,False,False,False,False,-11699.0,-3216.380756640543,False,False,False,False,559.0770010372302,False,False,False,False
2025-06-18 19:00:00+00:00,38.505,38.84,38.46,38.78,2945.0,38.903545140766006,39.88998867222266,38.02208362376939,0.0,0.0,0.0,0.0,"rgba(239, 83, 80, 0.5)",1.3377548490048774,39.95313045182754,-0.8769397866135203,31.093476719981012,-12.178758814352484,False,True,False,True,False,0.0,39.61375,37.68625000000001,-1,0,0.9459570533237436,0.972053837460187,False,False,False,False,-0.024894232717380848,-0.017535870636149625,False,False,False,False,-8754.0,-3302.235318553093,False,False,False,False,596.0680552847149,False,False,False,False
2025-06-19 14:00:00+00:00,38.78,38.78,38.78,38.78,0.0,38.903545140766006,39.88998867222266,38.02208362376939,0.0,0.0,0.0,0.0,"rgba(239, 83, 80, 0.5)",1.3058805596363188,39.95313045182754,-0.8983443724395823,31.595074375134175,-12.178758814352484,False,True,False,True,False,0.0,39.61375,37.8425,-1,0,0.9517077700959649,0.9742028686410071,False,False,False,False,-0.009663128092168974,-0.0135994993641593,False,False,False,False,-8754.0,-3386.7588019863783,False,False,False,False,586.8266900865023,False,False,False,False
2025-06-19 15:00:00+00:00,38.78,38.78,38.78,38.78,0.0,38.903545140766006,39.88998867222266,38.02208362376939,0.0,0.0,0.0,0.0,"rgba(239, 83, 80, 0.5)",1.2786708083146605,39.95313045182754,-0.9174608853186947,31.95335841452929,-12.178758814352484,False,True,False,True,False,0.0,39.61375,37.895,-1,0,0.9514774494556761,0.9744945567651634,False,False,False,False,-0.009663128092168974,-0.011631313728164137,False,False,False,False,-8754.0,-3469.9718438160467,False,False,False,False,577.7286018681068,False,False,False,False
2025-06-19 16:00:00+00:00,38.78,38.78,38.78,38.78,0.0,38.903545140766006,39.88998867222266,38.02208362376939,0.0,0.0,0.0,0.0,"rgba(239, 83, 80, 0.5)",1.2507016877384252,39.95313045182754,-0.9379778274296938,32.2092755855258,-12.178758814352484,False,True,False,True,False,0.0,39.61375,37.940937500000004,-1,0,0.9544552386921545,0.9736759636477593,False,False,False,False,-0.009663128092168974,-0.010647220910166556,False,False,False,False,-8754.0,-3551.8947609661855,False,False,False,False,568.7715692810043,False,False,False,False
2025-06-19 17:00:00+00:00,38.78,38.78,38.78,38.78,0.0,38.903545140766006,39.88998867222266,38.02208362376939,0.0,0.0,0.0,0.0,"rgba(239, 83, 80, 0.5)",1.2171012120445843,39.95313045182754,-0.9638725524369668,32.392073564809024,-12.178758814352484,False,True,False,True,True,0.0,39.5684375,37.9915625,-1,0,0.9558498896247237,0.9705665930831495,False,False,False,False,-0.009663128092168974,-0.010155174501167765,False,False,False,False,-8754.0,-3632.5475553698107,False,False,False,False,559.9534054161825,False,False,False,False
2025-06-19 18:00:00+00:00,38.78,38.78,38.78,38.78,0.0,38.903545140766006,39.88998867222266,38.02208362376939,0.0,0.0,0.0,0.0,"rgba(239, 83, 80, 0.5)",1.1858247329590217,39.95313045182754,-0.9892949769231024,32.522643550011324,-12.349592462039013,False,True,False,True,True,0.0,39.4615625,38.0984375,-1,0,0.9559601947914456,0.9706754181664197,False,False,False,False,-0.009663128092168974,-0.009909151296668368,False,False,False,False,-8754.0,-3711.949918852449,False,False,False,False,551.2719572701951,False,False,False,False
2025-06-19 19:00:00+00:00,38.78,38.78,38.78,38.78,0.0,38.903545140766006,39.88998867222266,38.02208362376939,0.0,0.0,0.0,0.0,"rgba(239, 83, 80, 1.0)",1.155187738729836,39.95313045182754,-1.0155322918484506,32.61590782515582,-12.708211569181245,False,True,False,True,True,0.0,39.41375,38.14625,-1,0,0.962223653144451,0.9699506331830865,False,False,False,False,-0.009663128092168974,-0.009786139694418671,False,False,False,False,-8754.0,-3790.121237940008,False,False,False,False,542.7251052194944,False,False,False,False
2025-06-20 14:00:00+00:00,37.935,37.98,37.395,37.54,703.0,38.8961905962835,39.868842838122454,38.02104749651134,0.0,0.0,0.0,0.0,"rgba(255, 26, 202, 1.0)",1.1533437209864106,39.902795333756956,-2.0486480229294943,28.304098368392648,-17.10439704795946,False,True,False,True,False,0.0,38.499375,36.875625,-1,0,0.9532464803530152,0.9627022483715068,False,False,False,False,-0.13850086300450765,-0.07414350134946315,False,False,False,False,-9457.0,-3877.9798233983024,False,False,False,False,545.2099873091146,False,False,False,False
2025-06-20 15:00:00+00:00,37.535,37.59,37.405,37.45,764.0,38.88731073989472,39.844725164526594,38.01946942948828,0.0,0.0,0.0,0.0,"rgba(255, 26, 202, 1.0)",1.153922620635567,39.84997653410975,-2.0798418292449004,25.044440811244723,-20.278552729067947,False,True,False,True,False,0.0,38.294375,36.700625,-1,0,0.9605026929982046,0.9644101805892915,False,False,False,False,-0.1612592145527485,-0.11770135795110583,False,False,False,False,-10221.0,-3976.32122148515,False,False,False,False,548.6020805291283,False,False,False,False
2025-06-20 16:00:00+00:00,37.44,37.645,37.44,37.53,1.0,38.887299655719254,39.8446946655735,38.01946758700797,0.0,0.0,0.0,0.0,"rgba(255, 26, 202, 1.0)",1.1447587652561002,39.849913131052745,-2.0265519701294825,23.521503553533574,-21.74511909193376,False,True,False,True,False,0.0,38.294375,36.738125000000004,-1,0,0.9744712668233279,0.9605853450117495,False,False,False,False,-0.15585495286361248,-0.13677815540735916,False,False,False,False,-10220.0,-4073.1224428574733,False,False,False,False,540.1121257922426,False,False,False,False
2025-06-20 17:00:00+00:00,37.55,37.62,37.38,37.44,0.0,38.887299655719254,39.8446946655735,38.01946758700797,0.0,0.0,0.0,0.0,"rgba(255, 26, 202, 1.0)",1.1711833624452268,39.849913131052745,-2.0576736387556496,22.20678496841547,-23.042614044497554,False,True,False,True,False,0.0,38.294375,36.675,-1,0,0.9683828241828667,0.9643238624225595,False,False,False,False,-0.16095873551457862,-0.1488684454609689,False,False,False,False,-10220.0,-4168.422870099993,False,False,False,False,531.738294384611,False,False,False,False
2025-06-20 18:00:00+00:00,37.44,37.565,37.41,37.41,201.0,38.88494901725949,39.83837747121584,38.01903856848397,0.0,0.0,0.0,0.0,"rgba(255, 26, 202, 1.0)",1.2032845514306865,39.83679083059517,-2.0168054411649825,21.189015170067627,-24.095569975572783,False,True,False,True,False,0.0,38.1428125,36.832187499999996,-1,0,0.9697327465922503,0.9674788021895461,False,False,False,False,-0.16246142001395716,-0.155664932737463,False,False,False,False,-10421.0,-4265.36205040852,False,False,False,False,526.6105688902759,False,False,False,False
2025-06-20 19:00:00+00:00,37.41,37.44,37.17,37.33,1185.0,38.869818789656264,39.79952206264283,38.01585306826246,0.0,0.0,0.0,0.0,"rgba(255, 0, 0, 1.0)",1.233999204228297,39.75978123586763,-1.9690298239593564,20.24390061538071,-25.117343544384237,False,True,False,True,False,0.0,37.9734375,36.6365625,-1,0,0.964769065520945,0.9683136412459723,False,False,False,False,-0.18448729794929053,-0.17007611534337677,False,False,False,False,-11606.0,-4379.170390712264,False,False,False,False,536.8181569694964,False,False,False,False
2025-06-23 14:00:00+00:00,37.545,37.67,37.44,37.525,1092.0,38.85816884225445,39.76799916773366,38.01390258952832,0.0,0.0,0.0,0.0,"rgba(255, 0, 0, 1.0)",1.258122897504555,39.70396583570837,-1.73191811390626,21.890018902309336,-25.117343544384237,False,True,False,True,True,0.0,37.9734375,36.85375,-1,0,0.9648897452365656,0.9618925283665167,False,False,False,False,-0.15435538350102834,-0.16221574942220257,False,False,False,False,-10514.0,-4474.284028065562,False,False,False,False,545.4256274040779,False,False,False,False
2025-06-23 15:00:00+00:00,37.525,37.695,37.505,37.52,399.0,38.85405382083801,39.75684397253467,38.01323675944021,0.0,0.0,0.0,0.0,"rgba(255, 0, 0, 1.0)",1.2811875122094625,39.68508810949318,-1.6899072843438736,23.045142486281843,-25.117343544384237,False,True,False,True,True,0.0,37.9734375,36.893125,-1,0,0.9699828473413377,0.9592624356775302,False,False,False,False,-0.14896258229908466,-0.1555891658606436,False,False,False,False,-10913.0,-4574.109081894003,False,False,False,False,543.1554626381231,False,False,False,False
2025-06-23 16:00:00+00:00,37.52,37.52,37.135,37.38,310.0,38.85030807110257,39.74735683741703,38.012453043383935,0.0,0.0,0.0,0.0,"rgba(255, 0, 0, 1.0)",1.3088176976820693,39.51643186515088,-1.632337237595824,23.28533527526551,-25.117343544384237,False,True,False,True,True,0.0,37.9734375,36.6271875,-1,0,0.961221210498125,0.9667916443492233,False,False,False,False,-0.1817626145524422,-0.1686758902065429,False,False,False,False,-11223.0,-4677.192662019677,False,False,False,False,539.5406492638887,False,False,False,False
2025-06-23 17:00:00+00:00,37.375,37.88,37.36,37.88,200.0,38.84847956138247,39.742191121686545,38.012221844181816,0.0,0.0,0.0,0.0,"rgba(239, 83, 80, 1.0)",1.3273139848635809,39.51729332294419,-1.2335388172019197,28.604630449545425,-25.99527851119325,False,True,False,True,True,0.0,37.9734375,36.893437500000005,-1,0,0.9692504804612424,0.9573991031390136,False,False,False,False,-0.14656855795541934,-0.15762222408098112,False,False,False,False,-11023.0,-4775.5772719108445,False,False,False,False,534.2764531512702,False,False,False,False
2025-06-23 18:00:00+00:00,37.875,38.12,37.875,38.11,923.0,38.84252111554627,39.722477647667176,38.01230104792579,0.0,0.0,0.0,0.0,"rgba(239, 83, 80, 1.0)",1.3413644324122216,39.51155990063067,-1.0448762966751697,34.17964163388567,-20.90838467634506,True,False,False,True,True,0.0,37.9734375,37.225,1,0,0.9802202501871052,0.9513525072169358,False,False,False,False,-0.10166201438815084,-0.12964211923456598,False,False,False,False,-10100.0,-4858.126461493622,False,False,False,False,540.3031748078397,False,False,False,False
2025-06-23 19:00:00+00:00,38.1,38.205,38.005,38.13,894.0,38.83738433130822,39.704679228631036,38.01264017536546,0.0,0.0,0.0,0.0,"rgba(239, 83, 80, 1.0)",1.3545378620842747,39.494125809000224,-1.007078389747772,38.31192239295511,-17.318096964616714,True,False,False,True,True,0.0,38.915000000000006,37.295,1,0,0.9790307050390498,0.9520701829464,False,False,False,False,-0.08895617818521762,-0.1092991487098918,False,False,False,False,-9206.0,-4925.535353563489,False,False,False,False,545.7868465162453,False,False,False,False
2025-06-24 14:00:00+00:00,39.44,39.915,39.44,39.845,614.0,38.84169823009543,39.70489526031433,38.016597821838786,0.0,0.0,0.0,0.0,#000000,1.3545805607255383,39.525415069749535,0.23592906875858938,48.432582668219,-8.26081967967913,True,False,True,False,True,4.232689814943516,40.82218749999999,38.5328125,1,0,0.9806478319362514,0.9433923212252925,False,False,False,False,0.09574848895647929,-0.006775329876706253,False,False,False,False,-8592.0,-4982.379766686535,False,False,False,False,546.8444147873113,False,False,False,False
2025-06-24 15:00:00+00:00,39.85,40.145,39.85,40.105,312.0,38.844606635219385,39.70614871807416,38.018952119930894,0.0,0.0,0.0,0.0,#000000,1.3551216095157643,39.54163115372403,0.4157330547457482,56.22699591323874,-1.6684734386960258,True,False,True,False,True,5.635352003080435,41.198437500000004,38.7965625,1,0,0.9903985133181908,0.9369192649184388,False,False,False,False,0.13372850073606843,0.06347658542968108,False,False,False,False,-8280.0,-5033.505661776666,False,False,False,False,543.2034161084382,False,False,False,False
2025-06-24 16:00:00+00:00,40.11,40.31,40.03,40.29,701.0,38.852053231051705,39.71043236753058,38.02468390890385,0.0,0.0,0.0,0.0,"rgba(38, 166, 154, 0.5)",1.3564176188610857,39.5760556871465,0.5263455022450694,62.18082335399416,3.17375155563586,True,False,True,False,True,6.619420843697512,41.423437500000006,38.9165625,1,0,0.990351057277766,0.9338944775200163,False,False,False,False,0.15435537150723683,0.10891597846845896,False,False,False,False,-7579.0,-5072.970690276253,False,False,False,False,545.6498747734237,False,False,False,False
2025-06-24 17:00:00+00:00,40.295,40.47,40.255,40.385,226.0,38.854717536502015,39.712235271350636,38.026660259565276,0.0,0.0,0.0,0.0,"rgba(38, 166, 154, 0.5)",1.3511639026749922,39.58687601838983,0.5906936827057522,66.63337690579984,6.733509273618004,True,False,True,False,True,7.124000034396559,41.65625,39.068749999999994,1,0,0.9949923352069492,0.9309146653040369,False,False,False,False,0.17752949054337633,0.14322273450591766,False,False,False,False,-7353.0,-5108.319981899876,False,False,False,False,540.6940627614326,False,False,False,False
2025-06-24 18:00:00+00:00,40.385,40.505,40.345,40.445,365.0,38.85917512746047,39.71539735963263,38.02992894121793,0.0,0.0,0.0,0.0,"rgba(38, 166, 154, 0.5)",1.347873359998862,39.603756951124566,0.6241261782012995,69.94556898089414,9.424684558748709,True,False,True,False,True,7.445258048115619,41.489062499999996,39.3609375,1,0,0.9968422124885399,0.9304268106346133,False,False,False,False,0.1850931376583362,0.16415793608212692,False,False,False,False,-6988.0,-5137.4623077618935,False,False,False,False,537.9701238038909,False,False,False,False
2025-06-24 19:00:00+00:00,40.445,40.555,40.39,40.43,1117.0,38.87289005594713,39.725257740125066,38.03998748488915,0.0,0.0,0.0,0.0,"rgba(38, 166, 154, 0.5)",1.3443183979083915,39.68702547406373,0.5526774959654305,72.18463306059365,11.338145094947038,True,False,True,False,True,7.345833576351584,41.5328125,39.412187499999995,1,0,0.9977664974619287,0.9296446700507615,False,False,False,False,0.19085550150803574,0.17750671879508134,False,False,False,False,-8105.0,-5183.470644075663,False,False,False,False,546.9473311867764,False,False,False,False
2025-06-25 14:00:00+00:00,40.055,40.25,39.905,40.145,799.0,38.88037214815719,39.72878197583175,38.046072935191305,0.0,0.0,0.0,0.0,#000000,1.3405962502954938,39.694988626285806,0.33568001821205,71.42841435340578,11.338145094947038,True,False,True,False,True,5.464526894421496,41.1978125,39.412187499999995,1,0,0.9900552486187841,0.9328980411853339,False,False,False,False,0.14327947846087102,0.16039309862797618,False,False,False,False,-8904.0,-5241.153269748907,False,False,False,False,550.8551245017101,False,False,False,False
2025-06-25 15:00:00+00:00,40.145,40.18,39.96,40.0,401.0,38.88393025060483,39.73027530136712,38.04903460034308,0.0,0.0,0.0,0.0,#000000,1.340001707676751,39.699327099827784,0.22438247537274617,69.77570192940647,11.338145094947038,True,False,True,False,True,4.521337925836054,41.1865625,39.412187499999995,1,0,0.9911991199119908,0.9345934593459345,False,False,False,False,0.14238299707870014,0.15138804785333815,False,False,False,False,-9305.0,-5304.158645411715,False,False,False,False,548.5317892381177,False,False,False,False
2025-06-25 16:00:00+00:00,39.98,40.09,39.905,39.99,14.0,38.88404857899221,39.7303187115666,38.049135171485375,0.0,0.0,0.0,0.0,#000000,1.3399917237878198,39.69944715389449,0.21683182138184615,68.51585550698113,11.338145094947038,True,False,True,False,False,4.45579501121707,41.119687500000005,39.412187499999995,1,0,0.9970576298701297,0.9354707792207793,False,False,False,False,0.13372850073606843,0.1425582742947033,False,False,False,False,-9319.0,-5366.404247808433,False,False,False,False,540.2444746762864,False,False,False,False
2025-06-25 17:00:00+00:00,39.995,40.065,39.785,39.785,302.0,38.88632756012285,39.73084044337063,38.05117218555255,0.0,0.0,0.0,0.0,#000000,1.3275188534654927,39.70033618648667,0.06377597824114371,65.98960820074129,11.338145094947038,True,False,True,False,False,3.109093173182359,41.0490625,39.412187499999995,1,0,0.9927081223415026,0.9347782053878874,False,False,False,False,0.12509387321319834,0.13382607375395084,False,False,False,False,-9621.0,-5432.366972648612,False,False,False,False,536.5507618906074,False,False,False,False
2025-06-25 18:00:00+00:00,39.8,39.815,39.68,39.74,451.0,38.88925671978962,39.7309145883646,38.05398441325129,0.0,0.0,0.0,0.0,#000000,1.3154769970355837,39.69945489731046,0.030821597626496,63.834021059100465,11.338145094947038,True,False,True,False,False,2.81367691707554,40.833125,39.412187499999995,1,0,0.9888347543645958,0.9425497360941941,False,False,False,False,0.10402937047962185,0.11892772211678634,False,False,False,False,-10072.0,-5504.299267646308,False,False,False,False,535.2243934892026,False,False,False,False
2025-06-25 19:00:00+00:00,39.74,39.85,39.715,39.85,2437.0,38.905831043377944,39.73295316057885,38.06955379490508,0.0,0.0,0.0,0.0,#000000,1.3021309388775029,39.70829965579075,0.10882188570943578,62.91728289990985,11.338145094947038,True,False,True,False,False,3.488304301471892,40.8578125,39.412187499999995,1,0,0.9900507614213194,0.9392893401015227,False,False,False,False,0.10817507796940197,0.11355140004309416,False,False,False,False,-7635.0,-5537.33338752776,False,False,False,False,564.7092866134011,False,False,False,False
2025-06-26 14:00:00+00:00,39.46,39.74,39.36,39.56,858.0,38.909930973747386,39.731229735824854,38.074184264701586,0.0,0.0,0.0,0.0,#000000,1.2840612408566392,39.704654401981344,-0.11265381850856111,59.97486339265396,19.03061422643205,True,False,True,False,False,1.5633984853034768,40.644999999999996,39.412187499999995,1,0,0.9808351825701027,0.9400847286665321,False,False,False,False,0.08069822578578309,0.09712481291443863,False,False,False,False,-8493.0,-5583.157676093221,False,False,False,False,569.2564294566042,False,False,False,False
2025-06-26 15:00:00+00:00,39.58,39.785,39.55,39.68,459.0,38.91250253132592,39.73092556537088,38.07684678371065,0.0,0.0,0.0,0.0,#000000,1.2643353059081217,39.704768182692064,-0.019589884563315303,58.64077239211259,17.350702361043716,True,False,True,False,False,2.316060792112822,40.709062499999995,39.412187499999995,1,0,0.9861755802219979,0.9393541876892031,False,False,False,False,0.0945666000546752,0.09584570648455691,False,False,False,False,-8034.0,-5621.155231502628,False,False,False,False,567.547027449525,False,False,False,False
2025-06-26 16:00:00+00:00,39.68,39.78,39.66,39.745,301.0,38.91430465860388,39.73091691338722,38.07864984741646,0.0,0.0,0.0,0.0,#000000,1.2482402640344414,39.70540979869159,0.03171681161801913,58.10519763374049,16.377662955033017,True,False,True,False,False,2.725489968537758,40.738125,39.412187499999995,1,0,0.9924888347543643,0.9380836378400326,False,False,False,False,0.10077453368335945,0.09831012008395817,False,False,False,False,-7733.0,-5653.897010859177,False,False,False,False,563.414515396044,False,False,False,False
