date,Close,High,Low,Open,Volume
2022-01-03 00:00:00+00:00,1432.6,1497.2,1413.6,1470.6,1271
2022-01-04 00:00:00+00:00,1482.0,1504.8,1409.458,1463.0,975
2022-01-05 00:00:00+00:00,1368.0,1533.68,1333.8,1455.4,1704
2022-01-06 00:00:00+00:00,1295.8,1432.562,1284.4,1390.8,979
2022-01-07 00:00:00+00:00,1254.0,1345.2,1225.956,1292.0,1435
2022-01-10 00:00:00+00:00,1269.2,1288.162,1181.8,1242.6,1226
2022-01-11 00:00:00+00:00,1242.6,1280.6,1219.876,1257.8,741
2022-01-12 00:00:00+00:00,1235.0,1269.2,1218.774,1246.4,424
2022-01-13 00:00:00+00:00,1128.6,1235.0,1062.29,1235.0,2726
2022-01-14 00:00:00+00:00,1155.2,1162.8,1105.8,1136.2,696
2022-01-18 00:00:00+00:00,1048.8,1143.8,1033.6,1140.0,1172
2022-01-19 00:00:00+00:00,1100.1,1136.2,1038.844,1052.6,876
2022-01-20 00:00:00+00:00,988.0,1132.362,938.6,1090.6,1944
2022-01-21 00:00:00+00:00,984.2,1012.7,953.8,995.6,1293
2022-01-24 00:00:00+00:00,965.2,972.8,855.0,972.8,1441
2022-01-25 00:00:00+00:00,961.4,984.2,923.4,946.2,429
2022-01-26 00:00:00+00:00,1010.8,1124.8,1007.0,1007.0,1321
2022-01-27 00:00:00+00:00,972.8,1094.362,965.2,995.6,1058
2022-01-28 00:00:00+00:00,1014.6,1038.768,961.4,991.8,1163
2022-01-31 00:00:00+00:00,1086.8,1090.6,1018.4,1045.0,910
2022-02-01 00:00:00+00:00,1244.5,1314.8,1102.0,1117.2,4718
2022-02-02 00:00:00+00:00,1185.6,1239.142,1145.244,1235.0,1215
2022-02-03 00:00:00+00:00,1292.0,1299.6,1114.958,1151.4,1552
2022-02-04 00:00:00+00:00,1273.0,1307.162,1227.4,1276.8,739
2022-02-07 00:00:00+00:00,1197.0,1308.454,1178.0,1280.6,798
2022-02-08 00:00:00+00:00,1193.2,1227.286,1178.0,1185.6,423
2022-02-09 00:00:00+00:00,1235.0,1235.0,1185.6,1189.4,222
2022-02-10 00:00:00+00:00,1292.0,1326.2,1189.4,1231.2,1063
2022-02-11 00:00:00+00:00,1197.0,1307.162,1178.0,1284.4,898
2022-02-14 00:00:00+00:00,1204.6,1231.2,1178.0,1204.6,537
2022-02-15 00:00:00+00:00,1242.6,1250.2,1216.0,1221.7,298
2022-02-16 00:00:00+00:00,1322.4,1356.6,1238.8,1238.8,910
2022-02-17 00:00:00+00:00,1235.0,1351.66,1225.5,1341.4,579
2022-02-18 00:00:00+00:00,1185.6,1279.65,1178.0,1223.6,549
2022-02-22 00:00:00+00:00,1235.0,1273.0,1181.8,1216.0,889
2022-02-23 00:00:00+00:00,1162.8,1246.4,1159.0,1246.4,588
2022-02-24 00:00:00+00:00,1204.6,1219.8,1121.0,1140.0,634
2022-02-25 00:00:00+00:00,1208.4,1219.8,1175.758,1204.6,192
2022-02-28 00:00:00+00:00,1212.2,1261.6,1193.2,1208.4,320
2022-03-01 00:00:00+00:00,1208.4,1250.2,1170.4,1193.2,356
2022-03-02 00:00:00+00:00,1166.6,1216.038,1159.0,1216.0,561
2022-03-03 00:00:00+00:00,1162.8,1189.4,1124.8,1178.0,372
2022-03-04 00:00:00+00:00,1140.0,1193.2,1136.2,1174.2,414
2022-03-07 00:00:00+00:00,1105.8,1173.744,1102.0,1121.0,519
2022-03-08 00:00:00+00:00,1105.8,1140.0,1026.0,1102.0,1023
2022-03-09 00:00:00+00:00,1136.2,1166.22,1105.838,1117.2,276
2022-03-10 00:00:00+00:00,1147.6,1166.6,1102.0,1102.0,302
2022-03-11 00:00:00+00:00,1090.6,1147.6,1075.4,1147.6,446
2022-03-14 00:00:00+00:00,1014.6,1086.8,1014.6,1079.2,462
2022-03-15 00:00:00+00:00,980.4,1052.6,957.6,1048.8,432
2022-03-16 00:00:00+00:00,1048.8,1086.8,995.6,1007.0,447
2022-03-17 00:00:00+00:00,1048.8,1102.0,1026.0,1026.0,380
2022-03-18 00:00:00+00:00,1124.8,1147.6,1052.6,1052.6,763
2022-03-21 00:00:00+00:00,1086.8,1136.2,1067.8,1102.0,312
2022-03-22 00:00:00+00:00,1136.2,1170.4,1075.4,1075.4,308
2022-03-23 00:00:00+00:00,1109.6,1162.8,1102.0,1124.8,214
2022-03-24 00:00:00+00:00,1090.6,1148.17,1090.6,1102.0,295
2022-03-25 00:00:00+00:00,1033.6,1098.2,1029.8,1098.2,632
2022-03-28 00:00:00+00:00,1007.0,1048.306,988.0,1029.8,767
2022-03-29 00:00:00+00:00,1014.6,1029.8,984.2,1029.8,546
2022-03-30 00:00:00+00:00,991.8,1063.696,988.0,1014.6,244
2022-03-31 00:00:00+00:00,984.2,1042.568,950.0,1026.0,568
2022-04-01 00:00:00+00:00,961.4,1048.8,950.0,1033.6,426
2022-04-04 00:00:00+00:00,953.8,972.8,908.2,957.6,1194
2022-04-05 00:00:00+00:00,919.6,988.0,881.6,984.2,770
2022-04-06 00:00:00+00:00,870.2,912.0,847.4,912.0,686
2022-04-07 00:00:00+00:00,839.8,893.0,809.4,874.0,925
2022-04-08 00:00:00+00:00,805.6,849.3,752.4,836.0,1724
2022-04-11 00:00:00+00:00,805.6,820.8,786.6,786.6,323
2022-04-12 00:00:00+00:00,748.6,836.0,741.0,805.6,1264
2022-04-13 00:00:00+00:00,760.0,784.7,729.6,760.0,785
2022-04-14 00:00:00+00:00,744.8,782.8,729.6,767.6,962
2022-04-18 00:00:00+00:00,706.8,760.684,684.0,744.8,1155
2022-04-19 00:00:00+00:00,695.4,722.0,665.0,722.0,953
2022-04-20 00:00:00+00:00,703.0,710.562,668.8,684.0,540
2022-04-21 00:00:00+00:00,661.2,706.8,649.8,695.4,1082
2022-04-22 00:00:00+00:00,653.6,684.0,630.8,672.6,591
2022-04-25 00:00:00+00:00,634.6,653.6,627.0,634.6,742
2022-04-26 00:00:00+00:00,562.4,672.6,551.0,630.8,1395
2022-04-27 00:00:00+00:00,619.4,634.6,570.0,573.8,824
2022-04-28 00:00:00+00:00,657.4,661.2,570.0,642.2,1500
2022-04-29 00:00:00+00:00,805.6,855.0,687.8,695.4,5880
2022-05-02 00:00:00+00:00,638.4,798.0,619.4,786.6,7726
2022-05-03 00:00:00+00:00,505.4,604.2,459.8,600.4,8844
2022-05-04 00:00:00+00:00,524.4,547.2,478.8,494.0,2163
2022-05-05 00:00:00+00:00,486.4,524.4,475.0,524.4,1234
2022-05-06 00:00:00+00:00,497.8,497.8,456.0,482.6,918
2022-05-09 00:00:00+00:00,410.4,471.2,380.0,467.4,2159
2022-05-10 00:00:00+00:00,429.4,438.444,383.8,410.4,543
2022-05-11 00:00:00+00:00,399.0,418.0,380.0,418.0,666
2022-05-12 00:00:00+00:00,418.0,418.0,380.0,399.0,490
2022-05-13 00:00:00+00:00,478.8,486.4,418.646,437.0,826
2022-05-16 00:00:00+00:00,501.6,543.4,463.6,478.8,876
2022-05-17 00:00:00+00:00,478.8,535.8,459.8,513.0,583
2022-05-18 00:00:00+00:00,543.4,551.0,471.2,478.8,624
2022-05-19 00:00:00+00:00,516.8,562.4,513.0,539.6,454
2022-05-20 00:00:00+00:00,482.6,535.762,463.6,516.8,387
2022-05-23 00:00:00+00:00,494.0,509.2,486.134,505.4,282
2022-05-24 00:00:00+00:00,471.2,486.4,459.8,486.4,183
2022-05-25 00:00:00+00:00,475.0,486.4,456.0,471.2,170
2022-05-26 00:00:00+00:00,501.6,509.2,471.2,482.6,324
2022-05-27 00:00:00+00:00,520.6,520.6,478.8,494.0,386
2022-05-31 00:00:00+00:00,615.6,627.0,530.1,539.6,1399
2022-06-01 00:00:00+00:00,809.4,927.2,596.6,604.2,7115
2022-06-02 00:00:00+00:00,763.8,843.6,744.8,790.4,1446
2022-06-03 00:00:00+00:00,699.2,756.2,687.8,737.2,817
2022-06-06 00:00:00+00:00,627.0,646.0,608.0,634.6,717
2022-06-07 00:00:00+00:00,695.4,714.4,604.2,627.0,805
2022-06-08 00:00:00+00:00,695.4,721.962,668.8,706.8,459
2022-06-09 00:00:00+00:00,577.6,687.8,562.4,672.6,833
2022-06-10 00:00:00+00:00,596.6,611.8,554.8,570.0,862
2022-06-13 00:00:00+00:00,513.0,585.2,501.6,585.2,653
2022-06-14 00:00:00+00:00,509.2,589.0,494.0,513.0,2109
2022-06-15 00:00:00+00:00,336.072,357.922,307.838,309.624,4137
2022-06-16 00:00:00+00:00,326.8,333.488,300.2,327.94,1109
2022-06-17 00:00:00+00:00,318.25,339.872,315.4,323.0,637
2022-06-21 00:00:00+00:00,308.218,343.862,307.8,342.0,998
2022-06-22 00:00:00+00:00,318.592,330.6,311.6,319.2,467
2022-06-23 00:00:00+00:00,330.562,340.1,326.8,330.6,590
2022-06-24 00:00:00+00:00,347.814,353.4,334.4,349.6,454
2022-06-27 00:00:00+00:00,337.82,357.2,330.714,349.6,324
2022-06-28 00:00:00+00:00,319.77,344.85,314.374,337.82,269
2022-06-29 00:00:00+00:00,314.488,323.38,304.988,317.3,140
2022-06-30 00:00:00+00:00,322.278,337.364,304.0,326.8,333
2022-07-01 00:00:00+00:00,330.6,334.4,319.428,326.8,206
2022-07-05 00:00:00+00:00,342.342,345.876,323.0,334.4,260
2022-07-06 00:00:00+00:00,345.8,361.0,342.0,352.868,283
2022-07-07 00:00:00+00:00,364.8,368.6,342.0,342.0,328
2022-07-08 00:00:00+00:00,379.962,395.2,362.9,368.6,268
2022-07-11 00:00:00+00:00,383.8,387.6,379.962,380.0,232
2022-07-12 00:00:00+00:00,395.2,418.0,380.0,418.0,247
2022-07-13 00:00:00+00:00,395.2,406.6,380.0,387.6,184
2022-07-14 00:00:00+00:00,406.6,410.4,396.264,399.0,301
2022-07-15 00:00:00+00:00,433.2,528.2,406.6,418.0,3117
2022-07-18 00:00:00+00:00,421.8,437.0,376.2,376.2,925
2022-07-19 00:00:00+00:00,459.8,475.0,399.038,429.4,613
2022-07-20 00:00:00+00:00,471.2,494.0,448.4,448.4,372
2022-07-21 00:00:00+00:00,497.8,505.4,471.2,475.0,529
2022-07-22 00:00:00+00:00,456.0,493.772,437.0,482.6,367
2022-07-25 00:00:00+00:00,437.0,475.0,436.316,475.0,129
2022-07-26 00:00:00+00:00,421.8,454.138,415.226,440.8,208
2022-07-27 00:00:00+00:00,418.0,433.2,410.4,429.4,277
2022-07-28 00:00:00+00:00,444.6,454.252,391.4,410.4,223
2022-07-29 00:00:00+00:00,414.2,440.8,414.2,414.2,176
2022-08-01 00:00:00+00:00,433.2,444.6,414.2,418.0,226
2022-08-02 00:00:00+00:00,452.2,463.6,410.4,410.4,253
2022-08-03 00:00:00+00:00,463.6,478.8,440.838,463.6,284
2022-08-04 00:00:00+00:00,486.4,494.0,456.0,478.8,279
2022-08-05 00:00:00+00:00,482.6,494.0,459.572,471.2,479
2022-08-08 00:00:00+00:00,444.6,490.2,423.7,490.2,553
2022-08-09 00:00:00+00:00,421.8,444.6,421.8,444.6,146
2022-08-10 00:00:00+00:00,419.596,448.4,410.4,429.4,264
2022-08-11 00:00:00+00:00,406.6,437.0,399.038,437.0,363
2022-08-12 00:00:00+00:00,433.2,452.2,406.6,452.2,230
2022-08-15 00:00:00+00:00,433.2,440.8,410.4,440.8,253
2022-08-16 00:00:00+00:00,410.4,437.0,399.0,437.0,475
2022-08-17 00:00:00+00:00,391.362,425.6,380.0,410.4,429
2022-08-18 00:00:00+00:00,372.4,395.2,364.42038,383.8,387
2022-08-19 00:00:00+00:00,361.0,387.6,350.626,380.0,334
2022-08-22 00:00:00+00:00,323.0,355.3,311.828,330.6,3441
2022-08-23 00:00:00+00:00,322.582,333.64,304.0,330.524,616
2022-08-24 00:00:00+00:00,363.508,370.5,304.0,333.374,612
2022-08-25 00:00:00+00:00,342.874,372.4,341.24,368.6,201
2022-08-26 00:00:00+00:00,326.458,358.796,323.076,346.294,578
2022-08-29 00:00:00+00:00,323.38,339.76674,319.2,329.84,186
2022-08-30 00:00:00+00:00,310.574,330.6,304.988,330.6,482
2022-08-31 00:00:00+00:00,323.532,341.962,311.6,311.6,326
2022-09-01 00:00:00+00:00,328.7,334.4,315.4,323.0,346
2022-09-02 00:00:00+00:00,316.73,338.2,311.6,331.056,450
2022-09-06 00:00:00+00:00,306.128,338.2,304.0,323.0,223
2022-09-07 00:00:00+00:00,303.582,311.562,293.246,307.8,369
2022-09-08 00:00:00+00:00,313.31,319.162,288.8,300.2,221
2022-09-09 00:00:00+00:00,319.96,330.562,307.80038,313.31,211
2022-09-12 00:00:00+00:00,335.958,354.54,319.39,319.58,463
2022-09-13 00:00:00+00:00,310.346,334.286,308.028,334.02,236
2022-09-14 00:00:00+00:00,305.102,330.6,305.102,323.0,1603
2022-09-15 00:00:00+00:00,307.838,323.0,297.92,307.42,379
2022-09-16 00:00:00+00:00,307.762,311.562,292.6,304.0,355
2022-09-19 00:00:00+00:00,284.924,307.762,284.924,299.592,363
2022-09-20 00:00:00+00:00,254.942,281.2,239.4,281.2,871
2022-09-21 00:00:00+00:00,257.526,281.2,248.254,266.0,313
2022-09-22 00:00:00+00:00,269.8,295.412,236.664,260.68,963
2022-09-23 00:00:00+00:00,262.54162,270.028,243.162,270.028,222
2022-09-26 00:00:00+00:00,258.856,266.0,240.16038,266.0,439
2022-09-27 00:00:00+00:00,266.608,274.094,239.78,254.6,136
2022-09-28 00:00:00+00:00,265.696,277.362,259.19838,269.04,74
2022-09-29 00:00:00+00:00,258.134,277.4,245.1,277.4,79
2022-09-30 00:00:00+00:00,252.7,278.008,247.76,255.968,67
2022-10-03 00:00:00+00:00,254.524,273.59962,242.212,273.59962,229
2022-10-04 00:00:00+00:00,262.732,278.92,254.6,266.0,439
2022-10-05 00:00:00+00:00,254.904,265.24,244.72,260.718,134
2022-10-06 00:00:00+00:00,248.102,265.962,247.076,265.962,128
2022-10-07 00:00:00+00:00,228.0,342.0,220.438,255.284,7416
2022-10-10 00:00:00+00:00,205.58,222.68,190.0,222.604,757
2022-10-11 00:00:00+00:00,204.44,215.802,191.9,193.8,481
2022-10-12 00:00:00+00:00,204.326,212.8,190.0,212.8,308
2022-10-13 00:00:00+00:00,206.872,219.184,190.38,219.184,559
2022-10-14 00:00:00+00:00,193.876,209.418,190.0,203.68,310
2022-10-17 00:00:00+00:00,203.376,211.622,190.494,196.726,467
2022-10-18 00:00:00+00:00,197.22,226.48,185.934,226.328,1673
2022-10-19 00:00:00+00:00,184.338,193.8,182.4,193.8,414
2022-10-20 00:00:00+00:00,190.532,201.4,171.57,182.286,747
2022-10-21 00:00:00+00:00,189.544,197.6,182.4,197.6,198
2022-10-24 00:00:00+00:00,182.78,193.8,182.4,193.002,237
2022-10-25 00:00:00+00:00,178.6,194.94,171.19,186.2,402
2022-10-26 00:00:00+00:00,178.6,189.62,174.8,189.62,222
2022-10-27 00:00:00+00:00,171.19,189.62,168.948,189.62,226
2022-10-28 00:00:00+00:00,172.368,184.68,167.2,182.4,464
2022-10-31 00:00:00+00:00,177.916,186.2,171.38,171.38,349
2022-11-01 00:00:00+00:00,178.03,188.062,165.3038,183.388,670
2022-11-02 00:00:00+00:00,159.904,182.01962,151.52158,178.6,343
2022-11-03 00:00:00+00:00,160.36,167.2,159.9154,167.2,192
2022-11-04 00:00:00+00:00,164.92,171.0,156.18,171.0,302
2022-11-07 00:00:00+00:00,148.2,162.64,135.546,159.6,746
2022-11-08 00:00:00+00:00,140.866,152.0,137.18,152.0,304
2022-11-09 00:00:00+00:00,133.0,148.2,133.0,140.6,333
2022-11-10 00:00:00+00:00,137.712,152.0,133.38,152.0,467
2022-11-11 00:00:00+00:00,142.12,148.124,133.57,133.57,307
2022-11-14 00:00:00+00:00,147.364,149.986,138.738,149.986,192
2022-11-15 00:00:00+00:00,165.072,178.6,140.6,149.986,762
2022-11-16 00:00:00+00:00,161.766,176.852,148.238,163.4,325
2022-11-17 00:00:00+00:00,181.944,185.934,159.6,159.60038,351
2022-11-18 00:00:00+00:00,200.146,212.42,176.89,181.944,608
2022-11-21 00:00:00+00:00,174.382,200.108,168.378,195.586,183
2022-11-22 00:00:00+00:00,166.972,190.0,164.54,178.6,240
2022-11-23 00:00:00+00:00,168.302,168.34,152.0,166.402,79
2022-11-25 00:00:00+00:00,171.0,177.878,167.238,177.878,64
2022-11-28 00:00:00+00:00,170.924,186.542,167.2,167.58,117
2022-11-29 00:00:00+00:00,159.372,171.0,152.0,171.0,287
2022-11-30 00:00:00+00:00,158.232,165.3,158.232,159.6,242
2022-12-01 00:00:00+00:00,159.638,171.0,155.8,155.8,234
2022-12-02 00:00:00+00:00,156.94,163.324,149.34,156.674,265
2022-12-05 00:00:00+00:00,136.192,155.8,134.254,155.8,742
2022-12-06 00:00:00+00:00,135.09,147.63,133.038,134.9,187
2022-12-07 00:00:00+00:00,114.342,140.6,110.618,136.8,1206
2022-12-08 00:00:00+00:00,97.66,125.4,95.038,114.0,875
2022-12-09 00:00:00+00:00,102.6,114.0,98.8,98.8,520
2022-12-12 00:00:00+00:00,101.954,110.2,98.8,102.6,509
2022-12-13 00:00:00+00:00,110.2,152.0,103.55,152.0,690
2022-12-14 00:00:00+00:00,110.314,125.92554,108.3,121.258,252
2022-12-15 00:00:00+00:00,103.246,114.0,90.668,110.2,392
2022-12-16 00:00:00+00:00,91.2,129.2,61.0318,94.734,6331
2022-12-19 00:00:00+00:00,50.35,134.14,47.5,116.66,62264
2022-12-20 00:00:00+00:00,42.37,129.96,42.18,45.03,1498268
2022-12-21 00:00:00+00:00,40.09,50.35,39.33,48.07,239656
2022-12-22 00:00:00+00:00,30.02,37.81,29.45,37.62,70932
2022-12-23 00:00:00+00:00,23.56,30.59,22.42,30.4,112774
2022-12-27 00:00:00+00:00,37.05,45.0281,32.87,36.48,2728524
2022-12-28 00:00:00+00:00,31.54,36.86,29.6514,32.68,119669
2022-12-29 00:00:00+00:00,35.91,36.1,29.45,30.97,74754
2022-12-30 00:00:00+00:00,64.41,75.62,32.49,34.39,2112426
2023-01-03 00:00:00+00:00,100.7,113.62,69.35,74.67,2494322
2023-01-04 00:00:00+00:00,83.22,88.16,67.45,83.6,365759
2023-01-05 00:00:00+00:00,93.48,135.8481,76.95,78.47,1248895
2023-01-06 00:00:00+00:00,100.13,119.7,84.17,87.59,798507
2023-01-09 00:00:00+00:00,93.1,114.95,93.1,96.9,216733
2023-01-10 00:00:00+00:00,81.7,95.95,79.42,94.24,96782
2023-01-11 00:00:00+00:00,66.12,79.8,65.93,79.61,60965
2023-01-12 00:00:00+00:00,77.9,79.8,67.45,68.59,63072
2023-01-13 00:00:00+00:00,70.49,76.0,68.4,73.91,24840
2023-01-17 00:00:00+00:00,70.68,80.75,67.83,68.02,36554
2023-01-18 00:00:00+00:00,67.64,72.58,64.79,71.63,17853
2023-01-19 00:00:00+00:00,60.99,68.7002,58.9076,66.69,21277
2023-01-20 00:00:00+00:00,68.97,70.3,59.85,61.56,29024
2023-01-23 00:00:00+00:00,63.84,67.07,61.37,64.6,24055
2023-01-24 00:00:00+00:00,60.23,64.41,59.66,63.08,10444
2023-01-25 00:00:00+00:00,80.56,101.65,63.08,69.73,1260296
2023-01-26 00:00:00+00:00,68.78,83.03,68.4019,76.76,77325
2023-01-27 00:00:00+00:00,61.56,73.91,58.71,69.73,50244
2023-01-30 00:00:00+00:00,62.7,68.78,60.99,60.99,19203
2023-01-31 00:00:00+00:00,63.27,64.6,61.7519,62.13,10238
2023-02-01 00:00:00+00:00,62.13,63.84,60.23,63.84,13254
2023-02-02 00:00:00+00:00,70.87,83.41,61.18,62.7,156405
2023-02-03 00:00:00+00:00,67.07,70.2962,63.65,67.45,18228
2023-02-06 00:00:00+00:00,64.6,68.02,63.65,66.5,14233
2023-02-07 00:00:00+00:00,62.89,67.0681,61.3719,64.22,10933
2023-02-08 00:00:00+00:00,62.89,64.2181,60.8,62.89,10495
2023-02-09 00:00:00+00:00,59.28,64.9781,58.71,61.56,11131
2023-02-10 00:00:00+00:00,56.43,59.85,54.34,59.28,8562
2023-02-13 00:00:00+00:00,58.9,60.99,55.48,55.48,8553
2023-02-14 00:00:00+00:00,59.09,59.47,56.05,58.33,4831
2023-02-15 00:00:00+00:00,57.19,60.04,56.0519,59.09,4393
2023-02-16 00:00:00+00:00,57.0,58.14,56.05,56.43,5389
2023-02-17 00:00:00+00:00,57.38,58.33,56.24,56.24,2718
2023-02-21 00:00:00+00:00,57.19,58.33,55.1,56.43,4297
2023-02-22 00:00:00+00:00,57.95,58.9,56.0234,57.0,6110
2023-02-23 00:00:00+00:00,51.68,55.1,47.31,54.15,17955
2023-02-24 00:00:00+00:00,51.68,53.58,51.3,51.68,4825
2023-02-27 00:00:00+00:00,54.53,54.72,52.25,52.25,4457
2023-02-28 00:00:00+00:00,54.53,55.67,52.25,55.67,2661
2023-03-01 00:00:00+00:00,52.25,54.72,50.92,54.53,1698
2023-03-02 00:00:00+00:00,51.11,55.1,50.92,55.1,1679
2023-03-03 00:00:00+00:00,53.39,54.15,50.16,50.16,3976
2023-03-06 00:00:00+00:00,52.82,54.53,51.4007,53.2,5641
2023-03-07 00:00:00+00:00,53.01,54.34,51.6819,52.06,4125
2023-03-08 00:00:00+00:00,52.25,54.15,51.3,52.44,1463
2023-03-09 00:00:00+00:00,50.2474,52.2481,49.97,51.49,2042
2023-03-10 00:00:00+00:00,48.26,53.3881,47.5,48.64,3169
2023-03-13 00:00:00+00:00,46.36,49.78,45.98,47.5,2732
2023-03-14 00:00:00+00:00,43.89,47.4981,43.89,47.31,3613
2023-03-15 00:00:00+00:00,39.33,45.03,36.29,42.75,7881
2023-03-16 00:00:00+00:00,40.66,40.85,38.95,38.95,1970
2023-03-17 00:00:00+00:00,40.28,42.18,40.28,41.42,4224
2023-03-20 00:00:00+00:00,38.38,41.23,37.525,40.85,3314
2023-03-21 00:00:00+00:00,38.95,40.66,38.3648,38.38,1249
2023-03-22 00:00:00+00:00,38.0,39.33,36.67,39.33,1555
2023-03-23 00:00:00+00:00,36.48,38.57,36.1,38.19,1546
2023-03-24 00:00:00+00:00,37.05,37.9278,35.53,37.81,3152
2023-03-27 00:00:00+00:00,35.53,38.0,35.4806,37.24,4807
2023-03-28 00:00:00+00:00,34.96,36.1456,34.39,34.39,2425
2023-03-29 00:00:00+00:00,34.39,35.91,34.2,35.91,2108
2023-03-30 00:00:00+00:00,31.73,35.15,30.305,34.58,8834
2023-03-31 00:00:00+00:00,34.2,34.2,32.3057,32.49,3223
2023-04-03 00:00:00+00:00,35.91,37.81,33.82,33.82,5928
2023-04-04 00:00:00+00:00,33.82,35.53,33.63,35.15,1261
2023-04-05 00:00:00+00:00,27.17,51.3,23.56,40.09,1641206
2023-04-06 00:00:00+00:00,23.37,26.98,22.8,26.22,64240
2023-04-10 00:00:00+00:00,22.99,25.46,21.85,23.37,34863
2023-04-11 00:00:00+00:00,23.37,23.37,21.47,22.42,23188
2023-04-12 00:00:00+00:00,23.18,23.37,21.85,21.85,12394
2023-04-13 00:00:00+00:00,24.32,24.605,22.42,22.42,16467
2023-04-14 00:00:00+00:00,23.56,24.51,22.8,22.99,14461
2023-04-17 00:00:00+00:00,24.51,25.65,23.37,23.75,17457
2023-04-18 00:00:00+00:00,24.51,25.08,23.94,24.681,7961
2023-04-19 00:00:00+00:00,23.18,24.7,22.8,23.94,15574
2023-04-20 00:00:00+00:00,23.56,24.1281,22.8,23.37,7234
2023-04-21 00:00:00+00:00,22.61,23.94,22.42,23.56,6691
2023-04-24 00:00:00+00:00,22.04,23.18,21.47,23.18,9071
2023-04-25 00:00:00+00:00,20.9,22.23,20.3338,22.23,10937
2023-04-26 00:00:00+00:00,20.33,20.9,19.57,20.33,5339
2023-04-27 00:00:00+00:00,21.47,21.85,19.76,19.76,6600
2023-04-28 00:00:00+00:00,21.85,21.85,20.9,21.47,4503
2023-05-01 00:00:00+00:00,20.9,21.66,20.9,21.09,3567
2023-05-02 00:00:00+00:00,20.9,20.9,19.95,20.52,4053
2023-05-03 00:00:00+00:00,21.28,21.28,19.95,21.09,6139
2023-05-04 00:00:00+00:00,20.14,21.2781,19.95,20.71,7175
2023-05-05 00:00:00+00:00,20.71,22.42,19.95,19.95,8557
2023-05-08 00:00:00+00:00,20.52,21.2781,20.14,20.52,3559
2023-05-09 00:00:00+00:00,20.71,20.71,19.95,20.14,4388
2023-05-10 00:00:00+00:00,20.33,20.71,19.95,19.95,1725
2023-05-11 00:00:00+00:00,19.76,20.52,19.38,20.33,5546
2023-05-12 00:00:00+00:00,18.43,19.646,18.24,19.57,6029
2023-05-15 00:00:00+00:00,19.57,19.57,17.8771,17.8771,5077
2023-05-16 00:00:00+00:00,18.4319,19.38,17.86,19.19,2690
2023-05-17 00:00:00+00:00,18.5915,19.0,17.8809,19.0,1913
2023-05-18 00:00:00+00:00,19.76,20.33,18.2134,18.62,35653
2023-05-19 00:00:00+00:00,23.75,27.93,21.66,21.66,764202
2023-05-22 00:00:00+00:00,24.32,25.27,19.19,22.8,51695
2023-05-23 00:00:00+00:00,24.89,27.17,21.66,24.32,46823
2023-05-24 00:00:00+00:00,23.75,26.41,23.3719,24.32,15456
2023-05-25 00:00:00+00:00,22.8,23.7519,22.04,23.75,6862
2023-05-26 00:00:00+00:00,22.42,23.104,22.04,22.99,4182
2023-05-30 00:00:00+00:00,21.85,22.42,20.5485,22.04,5392
2023-05-31 00:00:00+00:00,21.66,22.04,20.52,20.9,6097
2023-06-01 00:00:00+00:00,22.61,23.94,20.9,21.28,8300
2023-06-02 00:00:00+00:00,22.61,23.56,21.47,23.56,6001
2023-06-05 00:00:00+00:00,22.99,26.03,21.85,22.61,45431
2023-06-06 00:00:00+00:00,23.75,24.7,21.8557,22.8,12186
2023-06-07 00:00:00+00:00,23.56,24.89,22.8,22.8,9420
2023-06-08 00:00:00+00:00,23.18,23.37,22.42,22.99,6671
2023-06-09 00:00:00+00:00,22.99,23.3719,22.04,23.18,7162
2023-06-12 00:00:00+00:00,22.42,22.9634,21.6467,22.61,4011
2023-06-13 00:00:00+00:00,22.04,23.75,21.66,23.37,5417
2023-06-14 00:00:00+00:00,22.23,23.75,21.66,22.42,6393
2023-06-15 00:00:00+00:00,22.04,22.61,21.47,21.85,4858
2023-06-16 00:00:00+00:00,22.23,23.37,21.47,22.42,7503
2023-06-20 00:00:00+00:00,21.66,22.04,21.47,21.47,5034
2023-06-21 00:00:00+00:00,21.66,21.85,20.9,21.66,3780
2023-06-22 00:00:00+00:00,22.23,22.42,20.9,20.9,4299
2023-06-23 00:00:00+00:00,21.66,22.8,21.66,22.04,2556
2023-06-26 00:00:00+00:00,22.04,22.4181,21.4871,21.66,2764
2023-06-27 00:00:00+00:00,21.9944,22.0533,21.47,22.04,2477
2023-06-28 00:00:00+00:00,21.66,21.9013,20.9,21.66,2267
2023-06-29 00:00:00+00:00,21.66,22.04,21.09,21.66,1453
2023-06-30 00:00:00+00:00,22.23,22.61,21.66,21.85,1810
2023-07-03 00:00:00+00:00,21.09,22.04,21.09,21.47,1514
2023-07-05 00:00:00+00:00,21.47,21.47,20.52,20.9,5409
2023-07-06 00:00:00+00:00,20.102,20.9,19.76,20.9,3060
2023-07-07 00:00:00+00:00,21.09,21.09,20.33,20.33,1138
2023-07-10 00:00:00+00:00,20.71,21.0406,20.14,20.9,1597
2023-07-11 00:00:00+00:00,20.71,20.9,20.14,20.33,1124
2023-07-12 00:00:00+00:00,20.33,20.71,19.95,20.71,565
2023-07-13 00:00:00+00:00,20.52,20.9,20.3509,20.71,707
2023-07-14 00:00:00+00:00,19.76,20.9,19.76,20.9,3435
2023-07-17 00:00:00+00:00,20.52,20.9,19.76,20.9,2408
2023-07-18 00:00:00+00:00,20.235,20.843,19.76,20.33,1779
2023-07-19 00:00:00+00:00,20.235,20.33,19.76,20.33,1500
2023-07-20 00:00:00+00:00,19.9538,20.14,19.76,19.95,1716
2023-07-21 00:00:00+00:00,20.14,20.9,19.57,19.57,1420
2023-07-24 00:00:00+00:00,19.665,20.33,19.38,20.159,2786
2023-07-25 00:00:00+00:00,19.38,19.76,18.81,19.38,2711
2023-07-26 00:00:00+00:00,17.29,18.43,16.15,18.43,8816
2023-07-27 00:00:00+00:00,17.1,17.67,17.0107,17.29,1934
2023-07-28 00:00:00+00:00,17.385,17.63181,16.72,17.1513,1994
2023-07-31 00:00:00+00:00,17.86,18.4281,16.91,17.86,2780
2023-08-01 00:00:00+00:00,17.67,18.4984,17.41749,18.4984,1036
2023-08-02 00:00:00+00:00,17.29,18.7967,17.1,17.5769,2245
2023-08-03 00:00:00+00:00,16.891,17.4781,15.675,16.72,4562
2023-08-04 00:00:00+00:00,15.3862,17.517658,15.3596,16.549,3113
2023-08-07 00:00:00+00:00,15.637,21.28,14.9321,16.7732,54960
2023-08-08 00:00:00+00:00,14.6547,15.751,13.1119,15.751,7412
2023-08-09 00:00:00+00:00,16.036,18.62,13.8719,18.5497,585095
2023-08-10 00:00:00+00:00,13.3532,15.96,12.54,12.54,115291
2023-08-11 00:00:00+00:00,13.7294,14.25,12.939,12.939,14314
2023-08-14 00:00:00+00:00,13.794,13.927,12.92,13.5812,14308
2023-08-15 00:00:00+00:00,13.642,14.0239,12.6046,13.718,18869
2023-08-16 00:00:00+00:00,12.16,13.6116,11.818019,13.4919,17055
2023-08-17 00:00:00+00:00,12.502,12.7072,11.59,12.7034,6028
2023-08-18 00:00:00+00:00,11.799,12.7566,11.4019,12.7566,6048
2023-08-21 00:00:00+00:00,12.122,12.54,11.495,12.521,4511
2023-08-22 00:00:00+00:00,12.065,12.54,11.4722,12.082081,1607
2023-08-23 00:00:00+00:00,11.761,12.16,11.4133,12.0023,2577
2023-08-24 00:00:00+00:00,11.362,12.312,11.021919,11.6052,5442
2023-08-25 00:00:00+00:00,10.621,11.628,10.2619,11.628,5393
2023-08-28 00:00:00+00:00,10.602,10.754,10.2562,10.64,4867
2023-08-29 00:00:00+00:00,10.961081,11.037081,10.3759,10.906,3925
2023-08-30 00:00:00+00:00,12.204555,12.9352,10.45266,10.469,14199
2023-08-31 00:00:00+00:00,12.673,12.9162,11.3943,12.521,7997
2023-09-01 00:00:00+00:00,12.7414,13.205,12.16,12.54,7664
2023-09-05 00:00:00+00:00,12.54,13.566,12.0099,12.236,18107
2023-09-06 00:00:00+00:00,12.0118,13.11,11.78,13.0074,5367
2023-09-07 00:00:00+00:00,11.5653,12.4982,10.678,11.97,10391
2023-09-08 00:00:00+00:00,10.5393,11.7059,10.4747,11.4019,6571
2023-09-11 00:00:00+00:00,10.773,11.316381,9.983607,10.8338,7747
2023-09-12 00:00:00+00:00,10.279,11.172,9.7014,11.172,4708
2023-09-13 00:00:00+00:00,10.1232,10.8205,9.88,9.88,2087
2023-09-14 00:00:00+00:00,10.83,11.02,10.222,10.6077,1549
2023-09-15 00:00:00+00:00,15.7168,15.7168,10.355,11.21,36664
2023-09-18 00:00:00+00:00,14.345,15.4907,13.49,13.6781,11015
2023-09-19 00:00:00+00:00,12.2645,14.155,11.8484,13.9137,6608
2023-09-20 00:00:00+00:00,13.49,13.9821,12.5609,13.1974,14586
2023-09-21 00:00:00+00:00,11.3031,13.4102,11.02,13.2145,9943
2023-09-22 00:00:00+00:00,10.8452,12.0422,10.64,11.7648,1971
2023-09-25 00:00:00+00:00,10.64,13.3,10.488,11.21,2312
2023-09-26 00:00:00+00:00,11.381,11.6508,10.64,11.3601,2456
2023-09-27 00:00:00+00:00,11.21,11.97,10.944,11.9491,1692
2023-09-28 00:00:00+00:00,11.4912,11.97,11.21,11.4,2026
2023-09-29 00:00:00+00:00,11.6375,11.78,10.83,11.59,914
2023-10-02 00:00:00+00:00,11.02,11.78,11.02,11.02,1975
2023-10-03 00:00:00+00:00,11.3924,11.78,10.64,11.172,1531
2023-10-04 00:00:00+00:00,11.0086,11.3905,10.26,11.0656,3058
2023-10-05 00:00:00+00:00,10.64,11.3677,10.1935,10.26,1144
2023-10-06 00:00:00+00:00,11.21,12.0213,10.2638,12.0213,2179
2023-10-09 00:00:00+00:00,10.9991,11.001,10.3797,10.9839,1037
2023-10-10 00:00:00+00:00,10.6419,11.4,10.45,11.02,2023
2023-10-11 00:00:00+00:00,10.6438,11.305,10.6229,10.64,1378
2023-10-12 00:00:00+00:00,10.6951,11.0352,10.26,11.0352,1587
2023-10-13 00:00:00+00:00,10.6381,11.0124,9.8914,11.0124,1362
2023-10-16 00:00:00+00:00,9.8952,10.64,9.69,10.64,3130
2023-10-17 00:00:00+00:00,9.728,10.4481,9.5,9.9522,2851
2023-10-18 00:00:00+00:00,9.69,10.0491,9.12,9.557,8155
2023-10-19 00:00:00+00:00,8.4645,11.21,7.03,9.5893,13366
2023-10-20 00:00:00+00:00,8.55,8.9471,6.7716,7.7045,7582
2023-10-23 00:00:00+00:00,8.17,9.4924,7.35547,7.79,3339
2023-10-24 00:00:00+00:00,8.332469,8.93,7.828,8.93,1553
2023-10-25 00:00:00+00:00,8.512,8.64405,7.6722,8.55,890
2023-10-26 00:00:00+00:00,8.664,9.1124,8.17,8.17,1078
2023-10-27 00:00:00+00:00,8.1111,8.93,7.6741,8.93,1911
2023-10-30 00:00:00+00:00,8.2574,8.2612,7.41,8.2612,3107
2023-10-31 00:00:00+00:00,8.17,8.2555,7.7919,7.7919,821
2023-11-01 00:00:00+00:00,8.17,8.263081,7.8204,7.9192,1582
2023-11-02 00:00:00+00:00,8.36,8.36,7.885,7.9819,1182
2023-11-03 00:00:00+00:00,8.1225,8.55,7.79,8.5481,1692
2023-11-06 00:00:00+00:00,7.695,8.1662,7.6855,8.0636,1939
2023-11-07 00:00:00+00:00,7.1155,7.98,6.84,7.6836,6103
2023-11-08 00:00:00+00:00,7.79,7.79,7.03,7.6,2200
2023-11-09 00:00:00+00:00,7.3397,7.638,7.0547,7.638,3797
2023-11-10 00:00:00+00:00,7.6931,7.695,7.03,7.6,3509
2023-11-13 00:00:00+00:00,8.8597,9.234,7.0395,7.41,95947
2023-11-14 00:00:00+00:00,6.536,8.6469,6.2263,7.79,34231
2023-11-15 00:00:00+00:00,6.8381,7.22,6.308,6.726,12063
2023-11-16 00:00:00+00:00,7.41,7.7824,6.2947,6.9825,9753
2023-11-17 00:00:00+00:00,6.859,7.9325,6.6595,7.9325,3460
2023-11-20 00:00:00+00:00,7.011,7.8052,6.4885,6.84,6395
2023-11-21 00:00:00+00:00,6.84019,7.22,6.5094,6.669,876
2023-11-22 00:00:00+00:00,6.4524,7.22,6.1978,7.22,4488
2023-11-24 00:00:00+00:00,6.099,6.5778,5.9565,6.5379,2486
2023-11-27 00:00:00+00:00,5.9451,6.175,5.89,6.175,3966
2023-11-28 00:00:00+00:00,6.403,6.9312,6.0173,6.08,190880
2023-11-29 00:00:00+00:00,5.339,7.1326,5.2307,7.1326,557200
2023-11-30 00:00:00+00:00,5.149,6.6329,4.902,4.902,98763
2023-12-01 00:00:00+00:00,5.377,6.27,4.9419,4.997,34688
2023-12-04 00:00:00+00:00,5.6221,6.6747,4.902,6.27,166799
2023-12-05 00:00:00+00:00,5.0369,5.51,4.75,5.491,53602
2023-12-06 00:00:00+00:00,4.6816,5.32,4.275,4.94,78797
2023-12-07 00:00:00+00:00,4.5581,4.751919,4.275,4.655,38001
2023-12-08 00:00:00+00:00,4.522,4.663265,4.18,4.389,16083
2023-12-11 00:00:00+00:00,3.743,4.5353,3.325,4.5353,64563
2023-12-12 00:00:00+00:00,3.5644,3.838,3.4599,3.6461,23231
2023-12-13 00:00:00+00:00,3.819,4.8659,3.572,3.5872,205898
2023-12-14 00:00:00+00:00,3.971,4.376669,3.6328,3.8,46517
2023-12-15 00:00:00+00:00,3.572,3.971,3.23,3.971,55446
2023-12-18 00:00:00+00:00,3.2091,3.382,2.8519,3.3535,46357
2023-12-19 00:00:00+00:00,3.2984,3.3801,3.04,3.1122,8222
2023-12-20 00:00:00+00:00,3.363,3.572,3.23,3.23,9701
2023-12-21 00:00:00+00:00,3.2129,3.42,3.0704,3.4124,14581
2023-12-22 00:00:00+00:00,3.5359,3.7297,3.23,3.325,30141
2023-12-26 00:00:00+00:00,3.5948,3.7126,3.4029,3.61,18093
2023-12-27 00:00:00+00:00,3.952,4.351,3.439,3.5682,73229
2023-12-28 00:00:00+00:00,4.009,4.0812,3.61,3.8855,19379
2023-12-29 00:00:00+00:00,4.0565,4.2142,3.819,3.9805,18518
2024-01-02 00:00:00+00:00,3.9083,4.18,3.8,3.914,6673
2024-01-03 00:00:00+00:00,3.895,4.0375,3.61,3.9539,11507
2024-01-04 00:00:00+00:00,4.1572,4.3985,3.895,4.3016,1136925
2024-01-05 00:00:00+00:00,3.496,3.818981,3.4409,3.7335,75965
2024-01-08 00:00:00+00:00,3.7753,3.9121,3.23,3.3915,35612
2024-01-09 00:00:00+00:00,4.1762,4.1895,3.762,4.028,42747
2024-01-10 00:00:00+00:00,5.701919,5.89,3.8551,4.085,309697
2024-01-11 00:00:00+00:00,4.2579,4.522,4.0185,4.37,77387
2024-01-12 00:00:00+00:00,3.8418,4.1325,3.8,4.1325,34360
2024-01-16 00:00:00+00:00,3.8,3.9425,3.5169,3.61,20969
2024-01-17 00:00:00+00:00,3.6157,3.9501,3.61,3.61,11513
2024-01-18 00:00:00+00:00,3.6518,3.8912,3.515,3.61,16239
2024-01-19 00:00:00+00:00,3.895,3.895,3.6461,3.6879,9374
2024-01-22 00:00:00+00:00,3.99,4.066,3.8038,3.914,17958
2024-01-23 00:00:00+00:00,4.0109,4.4631,3.99,4.18,16361
2024-01-24 00:00:00+00:00,4.1325,4.37,3.9919,4.085,16459
2024-01-25 00:00:00+00:00,4.1325,4.3396,3.99,4.218,5473
2024-01-26 00:00:00+00:00,4.3624,4.5581,4.028,4.028,20005
2024-01-29 00:00:00+00:00,3.9805,4.37,3.9805,4.37,13583
2024-01-30 00:00:00+00:00,3.8874,4.1591,3.819,4.1249,6222
2024-01-31 00:00:00+00:00,4.066,4.102081,3.8,4.009,12524
2024-02-01 00:00:00+00:00,3.8,3.914,3.4637,3.8,11620
2024-02-02 00:00:00+00:00,3.8836,3.8836,3.648,3.781,5931
2024-02-05 00:00:00+00:00,3.705,3.9596,3.61,3.8,5722
2024-02-06 00:00:00+00:00,3.6879,3.874081,3.629,3.6784,3074
2024-02-07 00:00:00+00:00,3.6898,3.9615,3.6518,3.9615,3497
2024-02-08 00:00:00+00:00,3.9691,4.047,3.6271,4.047,5640
2024-02-09 00:00:00+00:00,3.8266,3.9539,3.667,3.8665,6223
2024-02-12 00:00:00+00:00,3.99,4.161,3.705,3.705,10356
2024-02-13 00:00:00+00:00,3.9881,4.199,3.8,3.99,15297
2024-02-14 00:00:00+00:00,3.99,4.18,3.8608,4.18,8156
2024-02-15 00:00:00+00:00,3.99,3.99,3.705,3.8,16028
2024-02-16 00:00:00+00:00,3.9007,3.99,3.7449,3.8,4645
2024-02-20 00:00:00+00:00,4.085,4.75,3.801919,3.99,37935
2024-02-21 00:00:00+00:00,3.6347,4.085,3.61,3.99,29182
2024-02-22 00:00:00+00:00,3.7069,3.9805,3.591,3.9805,10165
2024-02-23 00:00:00+00:00,3.6005,3.8,3.4428,3.5492,84314
2024-02-26 00:00:00+00:00,3.7981,3.895,3.61,3.7468,28711
2024-02-27 00:00:00+00:00,3.705,4.0812,3.5169,3.7487,40794
2024-02-28 00:00:00+00:00,3.15,3.9,3.0,3.42,140221
2024-02-29 00:00:00+00:00,3.52,3.8599,3.09,3.12,95131
2024-03-01 00:00:00+00:00,3.23,3.4899,3.193,3.42,50259
2024-03-04 00:00:00+00:00,3.3919,3.46,3.13,3.27,37036
2024-03-05 00:00:00+00:00,3.84,4.0052,3.37,3.37,164295
2024-03-06 00:00:00+00:00,3.7,4.15,3.61,3.77,104678
2024-03-07 00:00:00+00:00,4.12,4.3,3.76,3.78,228177
2024-03-08 00:00:00+00:00,3.53,4.12,3.52,4.11,152813
2024-03-11 00:00:00+00:00,3.88,4.0,3.5,3.8,1188854
2024-03-12 00:00:00+00:00,4.02,4.3899,3.4201,3.56,452205
2024-03-13 00:00:00+00:00,3.58,3.83,3.35,3.57,175778
2024-03-14 00:00:00+00:00,3.58,3.79,3.51,3.61,126047
2024-03-15 00:00:00+00:00,3.5,3.67,3.4,3.52,65113
2024-03-18 00:00:00+00:00,3.38,3.6599,3.3,3.42,110828
2024-03-19 00:00:00+00:00,3.22,3.365,3.12,3.3,41082
2024-03-20 00:00:00+00:00,3.31,3.47,3.05,3.15,108590
2024-03-21 00:00:00+00:00,3.48,3.5,3.2201,3.2201,69752
2024-03-22 00:00:00+00:00,2.77,3.7,2.61,3.45,338474
2024-03-25 00:00:00+00:00,2.1101,2.66,2.0501,2.65,149201
2024-03-26 00:00:00+00:00,1.96,2.17,1.855,2.1,61524
2024-03-27 00:00:00+00:00,2.01,2.04,1.805,1.88,216392
2024-03-28 00:00:00+00:00,2.33,3.0,1.9501,2.105,626967
2024-04-01 00:00:00+00:00,2.2,2.3299,2.06,2.24,94065
2024-04-02 00:00:00+00:00,2.1,2.35,2.03,2.3,35549
2024-04-03 00:00:00+00:00,2.26,2.6,2.06,2.06,101450
2024-04-04 00:00:00+00:00,2.1901,2.42,2.16,2.32,40525
2024-04-05 00:00:00+00:00,2.23,2.5,2.1999,2.5,19675
2024-04-08 00:00:00+00:00,2.315,2.4,2.1731,2.2,50467
2024-04-09 00:00:00+00:00,2.32,2.5292,2.1655,2.31,29814
2024-04-10 00:00:00+00:00,2.46,2.46,2.25,2.455,25934
2024-04-11 00:00:00+00:00,2.22,2.58,2.22,2.49,22496
2024-04-12 00:00:00+00:00,2.16,2.348,2.1072,2.24,20961
2024-04-15 00:00:00+00:00,2.035,2.22,2.01,2.22,21791
2024-04-16 00:00:00+00:00,1.48,2.3099,1.33,1.92,508163
2024-04-17 00:00:00+00:00,1.91,1.99,1.47,1.47,308712
2024-04-18 00:00:00+00:00,1.83,2.06,1.7201,1.75,90745
2024-04-19 00:00:00+00:00,1.8201,1.94,1.8001,1.8011,19839
2024-04-22 00:00:00+00:00,1.8,1.9999,1.76,1.76,31756
2024-04-23 00:00:00+00:00,1.9,2.07,1.77,1.77,48335
2024-04-24 00:00:00+00:00,1.82,1.95,1.76,1.93,16708
2024-04-25 00:00:00+00:00,1.7688,1.8176,1.68,1.7,15900
2024-04-26 00:00:00+00:00,1.8,1.87,1.77,1.795,20610
2024-04-29 00:00:00+00:00,1.96,1.9771,1.821,1.9771,4820
2024-04-30 00:00:00+00:00,2.15,2.18,1.8,2.03,74158
2024-05-01 00:00:00+00:00,1.99,2.21,1.981,2.21,27493
2024-05-02 00:00:00+00:00,2.0,2.1,1.96,1.9801,21109
2024-05-03 00:00:00+00:00,2.0,2.0499,1.865,1.97,11311
2024-05-06 00:00:00+00:00,1.87,1.98,1.86,1.92,9292
2024-05-07 00:00:00+00:00,2.01,2.3583,1.9101,1.96,58619
2024-05-08 00:00:00+00:00,1.99,2.04,1.88,1.88,17539
2024-05-09 00:00:00+00:00,2.04,2.27,1.94,2.27,13060
2024-05-10 00:00:00+00:00,1.93,2.15,1.93,2.0507,11539
2024-05-13 00:00:00+00:00,2.02,2.1939,1.97,2.0301,31373
2024-05-14 00:00:00+00:00,2.0,2.1699,1.9314,1.99,15048
2024-05-15 00:00:00+00:00,1.94,2.1184,1.94,2.0,17091
2024-05-16 00:00:00+00:00,1.65,1.77,1.4401,1.7,119794
2024-05-17 00:00:00+00:00,1.58,1.6743,1.48,1.63,50025
2024-05-20 00:00:00+00:00,1.53,1.6722,1.5,1.58,50617
2024-05-21 00:00:00+00:00,1.99,2.7,1.53,1.87,4083262
2024-05-22 00:00:00+00:00,1.74,1.8799,1.5,1.6,391955
2024-05-23 00:00:00+00:00,1.66,1.7603,1.5817,1.76,55868
2024-05-24 00:00:00+00:00,1.62,1.78,1.6102,1.73,54151
2024-05-28 00:00:00+00:00,1.62,1.6639,1.5301,1.64,37199
2024-05-29 00:00:00+00:00,1.58,1.62,1.31,1.6123,26090
2024-05-30 00:00:00+00:00,1.61,1.6485,1.53,1.53,7887
2024-05-31 00:00:00+00:00,1.62,1.6474,1.5326,1.54,19395
2024-06-03 00:00:00+00:00,1.71,1.78,1.62,1.62,42488
2024-06-04 00:00:00+00:00,1.685,1.71,1.66,1.6601,12509
2024-06-05 00:00:00+00:00,1.77,1.815,1.68,1.68,38721
2024-06-06 00:00:00+00:00,1.74,1.8,1.74,1.79,11125
2024-06-07 00:00:00+00:00,1.62,1.7101,1.6,1.67,41283
2024-06-10 00:00:00+00:00,1.53,1.63,1.53,1.63,16497
2024-06-11 00:00:00+00:00,1.55,1.605,1.47,1.605,24419
2024-06-12 00:00:00+00:00,1.54,1.65,1.5,1.59,47470
2024-06-13 00:00:00+00:00,1.59,1.8499,1.53,1.664,122695
2024-06-14 00:00:00+00:00,1.55,1.67,1.471,1.54,34686
2024-06-17 00:00:00+00:00,1.83,1.9794,1.569,1.615,663448
2024-06-18 00:00:00+00:00,1.64,1.7995,1.62,1.75,70568
2024-06-20 00:00:00+00:00,1.63,1.6625,1.58,1.61,22218
2024-06-21 00:00:00+00:00,1.46,1.63,1.46,1.6001,54229
2024-06-24 00:00:00+00:00,1.49,1.56,1.46,1.56,15622
2024-06-25 00:00:00+00:00,1.5,1.61,1.48,1.4806,40773
2024-06-26 00:00:00+00:00,1.53,1.588,1.5001,1.5661,43986
2024-06-27 00:00:00+00:00,1.52,1.5332,1.48,1.49,14925
2024-06-28 00:00:00+00:00,1.65,1.715,1.48,1.48,96549
2024-07-01 00:00:00+00:00,1.5,1.6883,1.5,1.55,15017
2024-07-02 00:00:00+00:00,1.65,1.65,1.4814,1.53,17025
2024-07-03 00:00:00+00:00,1.61,1.64,1.53,1.561,12015
2024-07-05 00:00:00+00:00,1.56,1.56,1.52,1.55,8395
2024-07-08 00:00:00+00:00,1.62,1.62,1.56,1.57,10095
2024-07-09 00:00:00+00:00,2.91,4.8,1.6201,1.68,31087219
2024-07-10 00:00:00+00:00,2.35,3.29,2.2,3.0,1287226
2024-07-11 00:00:00+00:00,2.31,2.6831,2.22,2.36,361363
2024-07-12 00:00:00+00:00,2.13,2.4784,2.0,2.31,147643
2024-07-15 00:00:00+00:00,2.03,2.22,1.98,2.07,128770
2024-07-16 00:00:00+00:00,2.32,2.4,1.97,1.97,227378
2024-07-17 00:00:00+00:00,2.33,2.65,2.22,2.23,173747
2024-07-18 00:00:00+00:00,2.39,2.52,2.26,2.37,99528
2024-07-19 00:00:00+00:00,2.14,2.34,2.11,2.32,122516
2024-07-22 00:00:00+00:00,2.18,2.33,2.02,2.14,133544
2024-07-23 00:00:00+00:00,2.28,2.44,2.23,2.23,150431
2024-07-24 00:00:00+00:00,2.25,2.37,2.17,2.28,78280
2024-07-25 00:00:00+00:00,2.3,2.37,2.1153,2.19,69246
2024-07-26 00:00:00+00:00,2.3,2.41,2.2101,2.2511,33532
2024-07-29 00:00:00+00:00,2.25,2.44,2.152,2.28,43231
2024-07-30 00:00:00+00:00,2.33,2.7999,2.17,2.19,248767
2024-07-31 00:00:00+00:00,2.08,2.27,2.01,2.24,55446
2024-08-01 00:00:00+00:00,2.1,2.1856,2.08,2.08,8691
2024-08-02 00:00:00+00:00,1.845,2.15,1.8301,2.12,23164
2024-08-05 00:00:00+00:00,1.73,1.8109,1.63,1.63,9586
2024-08-06 00:00:00+00:00,1.73,1.91,1.6492,1.72,42259
2024-08-07 00:00:00+00:00,1.85,1.96,1.82,1.96,28036
2024-08-08 00:00:00+00:00,1.76,1.88,1.76,1.79,12660
2024-08-09 00:00:00+00:00,1.7585,1.8633,1.7259,1.8,4900
2024-08-12 00:00:00+00:00,1.7,1.8,1.7,1.8,9855
2024-08-13 00:00:00+00:00,1.74,1.98,1.7352,1.98,15579
2024-08-14 00:00:00+00:00,1.847,1.98,1.78,1.9,18984
2024-08-15 00:00:00+00:00,1.93,1.95,1.8271,1.93,5835
2024-08-16 00:00:00+00:00,1.8,1.93,1.78,1.84,18287
2024-08-19 00:00:00+00:00,1.89,1.95,1.8,1.86,31190
2024-08-20 00:00:00+00:00,1.86,1.97,1.86,1.96,11748
2024-08-21 00:00:00+00:00,1.91,1.95,1.79,1.895,11044
2024-08-22 00:00:00+00:00,2.04,2.09,1.9307,2.02,31589
2024-08-23 00:00:00+00:00,2.05,2.05,1.95,2.03,7477
2024-08-26 00:00:00+00:00,1.96,2.0599,1.9517,1.9542,13010
2024-08-27 00:00:00+00:00,1.91,1.9799,1.82,1.95,5898
2024-08-28 00:00:00+00:00,1.94,1.99,1.82,1.92,16042
2024-08-29 00:00:00+00:00,1.83,1.93,1.83,1.93,3736
2024-08-30 00:00:00+00:00,1.81,1.85,1.78,1.84,6231
2024-09-03 00:00:00+00:00,1.77,1.81,1.66,1.81,10349
2024-09-04 00:00:00+00:00,2.5,2.65,1.706,1.75,608923
2024-09-05 00:00:00+00:00,1.95,2.18,1.8801,2.16,195224
2024-09-06 00:00:00+00:00,1.95,2.05,1.79,1.86,50837
2024-09-09 00:00:00+00:00,1.88,1.9685,1.8501,1.89,21033
2024-09-10 00:00:00+00:00,1.82,1.93,1.77,1.89,56112
2024-09-11 00:00:00+00:00,1.76,1.9,1.7,1.84,12785
2024-09-12 00:00:00+00:00,2.0,2.09,1.81,1.81,48822
2024-09-13 00:00:00+00:00,1.81,1.97,1.8,1.94,62841
2024-09-16 00:00:00+00:00,1.83,1.880025,1.77,1.84,21241
2024-09-17 00:00:00+00:00,1.99,2.03,1.87,1.88,54589
2024-09-18 00:00:00+00:00,2.03,2.25,1.94,2.0,226200
2024-09-19 00:00:00+00:00,1.92,2.02,1.86,2.01,26792
2024-09-20 00:00:00+00:00,1.97,2.05,1.93,1.93,45586
2024-09-23 00:00:00+00:00,1.86,2.0,1.85,1.945,27438
2024-09-24 00:00:00+00:00,1.87,1.945,1.8,1.9,32936
2024-09-25 00:00:00+00:00,1.87,1.9199,1.8001,1.87,19021
2024-09-26 00:00:00+00:00,1.75,1.905,1.75,1.88,40876
2024-09-27 00:00:00+00:00,1.68,1.84,1.68,1.84,33466
2024-09-30 00:00:00+00:00,1.67,1.77,1.65,1.67,16356
2024-10-01 00:00:00+00:00,1.54,1.73,1.5143,1.73,45005
2024-10-02 00:00:00+00:00,1.41,1.56,1.4,1.56,46152
2024-10-03 00:00:00+00:00,1.38,1.58,1.38,1.58,60423
2024-10-04 00:00:00+00:00,1.42,1.47,1.4086,1.41,22693
2024-10-07 00:00:00+00:00,1.4,1.48,1.37,1.48,30430
2024-10-08 00:00:00+00:00,1.18,1.4019,1.16,1.38,103423
2024-10-09 00:00:00+00:00,1.37,1.5329,1.21,1.21,375992
2024-10-10 00:00:00+00:00,1.31,1.37,1.27,1.37,47862
2024-10-11 00:00:00+00:00,1.32,1.35,1.2592,1.3,21327
2024-10-14 00:00:00+00:00,1.36,1.39,1.32,1.37,16974
2024-10-15 00:00:00+00:00,1.52,1.5703,1.4,1.4,69502
2024-10-16 00:00:00+00:00,6.47,17.75,6.3,14.25,88901449
2024-10-17 00:00:00+00:00,4.33,4.9644,3.77,4.56,3224349
2024-10-18 00:00:00+00:00,5.03,8.0,4.43,4.52,17096824
2024-10-21 00:00:00+00:00,4.97,5.15,4.3155,5.03,1035579
2024-10-22 00:00:00+00:00,4.69,5.4595,4.62,4.74,676113
2024-10-23 00:00:00+00:00,4.25,4.76,4.1,4.6,309281
2024-10-24 00:00:00+00:00,3.88,4.25,3.75,4.18,301638
2024-10-25 00:00:00+00:00,4.26,5.9,4.14,5.4,9098129
2024-10-28 00:00:00+00:00,4.23,4.39,3.825,4.02,607285
2024-10-29 00:00:00+00:00,4.43,4.68,4.2101,4.34,322889
2024-10-30 00:00:00+00:00,3.93,4.49,3.93,4.16,218946
2024-10-31 00:00:00+00:00,3.92,4.31,3.82,4.04,323737
2024-11-01 00:00:00+00:00,3.74,3.9815,3.61,3.76,159631
2024-11-04 00:00:00+00:00,3.42,3.71,3.38,3.63,252622
2024-11-05 00:00:00+00:00,3.17,3.72,3.1,3.55,320560
2024-11-06 00:00:00+00:00,3.03,3.17,2.89,3.0,206756
2024-11-07 00:00:00+00:00,2.93,3.1,2.821772,2.98,108469
2024-11-08 00:00:00+00:00,2.9,3.02,2.83,2.87,139579
2024-11-11 00:00:00+00:00,3.31,3.4,2.91,2.96,250893
2024-11-12 00:00:00+00:00,2.98,3.6,2.92,3.3,150038
2024-11-13 00:00:00+00:00,2.89,3.092,2.74,3.01,118025
2024-11-14 00:00:00+00:00,2.68,2.9,2.63,2.82,84501
2024-11-15 00:00:00+00:00,2.5,2.83,2.4,2.74,80205
2024-11-18 00:00:00+00:00,2.31,2.49,2.2236,2.45,90648
2024-11-19 00:00:00+00:00,2.35,2.4891,2.31,2.34,53231
2024-11-20 00:00:00+00:00,2.34,2.44,2.29,2.29,38171
2024-11-21 00:00:00+00:00,2.28,2.45,2.21,2.35,109037
2024-11-22 00:00:00+00:00,2.25,2.334836,2.1,2.26,67218
2024-11-25 00:00:00+00:00,2.22,2.58,2.22,2.39,137540
2024-11-26 00:00:00+00:00,2.2,2.32,2.12,2.25,51106
2024-11-27 00:00:00+00:00,2.19,2.36,2.13,2.13,63547
2024-11-29 00:00:00+00:00,2.23,2.25,2.17,2.21,34643
2024-12-02 00:00:00+00:00,2.38,2.775,2.28,2.32,410278
2024-12-03 00:00:00+00:00,2.3,2.49,2.198,2.26,83173
2024-12-04 00:00:00+00:00,2.23,2.265,2.18,2.2,43127
2024-12-05 00:00:00+00:00,2.1,2.27,2.0101,2.26,93603
2024-12-06 00:00:00+00:00,2.09,2.11,2.0,2.1,33352
2024-12-09 00:00:00+00:00,2.17,2.22,2.08,2.09,48531
2024-12-10 00:00:00+00:00,2.17,2.26,2.1079,2.2,68015
2024-12-11 00:00:00+00:00,2.19,2.25,2.1,2.23,66586
2024-12-12 00:00:00+00:00,1.88,2.2,1.85,2.2,1012769
2024-12-13 00:00:00+00:00,1.93,1.98,1.9,1.96,48696
2024-12-16 00:00:00+00:00,1.82,1.95,1.8,1.94,90739
2024-12-17 00:00:00+00:00,1.82,1.83,1.69,1.83,51762
2024-12-18 00:00:00+00:00,1.74,1.87,1.71,1.81,43759
2024-12-19 00:00:00+00:00,1.94,1.977,1.7174,1.75,93525
2024-12-20 00:00:00+00:00,1.86,2.02,1.86,1.98,54547
2024-12-23 00:00:00+00:00,1.87,1.9804,1.79,1.89,43072
2024-12-24 00:00:00+00:00,2.9,3.19,2.13,2.66,16127530
2024-12-26 00:00:00+00:00,2.83,2.96,2.37,2.4,787500
2024-12-27 00:00:00+00:00,2.15,2.6097,2.1,2.55,591618
2024-12-30 00:00:00+00:00,1.94,2.17,1.9,2.17,237873
2024-12-31 00:00:00+00:00,1.82,2.03,1.75,2.02,265767
2025-01-02 00:00:00+00:00,1.72,1.89,1.625,1.79,571615
2025-01-03 00:00:00+00:00,1.72,1.77,1.66,1.77,269296
2025-01-06 00:00:00+00:00,1.58,1.68,1.53,1.68,472323
2025-01-07 00:00:00+00:00,1.66,1.73,1.58,1.64,181746
2025-01-08 00:00:00+00:00,1.51,1.68,1.5,1.66,190963
2025-01-10 00:00:00+00:00,1.51,1.53,1.42,1.5,962104
2025-01-13 00:00:00+00:00,1.49,1.57,1.4,1.57,322982
2025-01-14 00:00:00+00:00,1.56,1.58,1.44,1.49,346158
2025-01-15 00:00:00+00:00,1.64,1.67,1.51,1.56,186102
2025-01-16 00:00:00+00:00,1.58,1.65,1.54,1.64,126168
2025-01-17 00:00:00+00:00,1.56,1.635,1.52,1.62,90102
2025-01-21 00:00:00+00:00,1.52,1.63,1.52,1.57,75623
2025-01-22 00:00:00+00:00,1.47,1.535,1.43,1.52,106797
2025-01-23 00:00:00+00:00,1.53,1.54,1.42,1.5,98539
2025-01-24 00:00:00+00:00,1.6,1.7,1.49,1.64,411606
2025-01-27 00:00:00+00:00,1.54,1.64,1.51,1.54,91786
2025-01-28 00:00:00+00:00,1.47,1.54,1.37,1.54,162245
2025-01-29 00:00:00+00:00,1.41,1.48,1.4,1.44,73765
2025-01-30 00:00:00+00:00,1.44,1.48,1.3,1.45,196201
2025-01-31 00:00:00+00:00,1.4,1.5092,1.4,1.47,81695
2025-02-03 00:00:00+00:00,1.33,1.38,1.31,1.38,93154
2025-02-04 00:00:00+00:00,1.37,1.37,1.33,1.33,26167
2025-02-05 00:00:00+00:00,1.39,1.41,1.37,1.38,75484
2025-02-06 00:00:00+00:00,1.38,1.42,1.36,1.4,43843
2025-02-07 00:00:00+00:00,1.4,1.45,1.33,1.45,46924
2025-02-10 00:00:00+00:00,1.38,1.4,1.35,1.39,54026
2025-02-11 00:00:00+00:00,1.37,1.41,1.35,1.41,21172
2025-02-12 00:00:00+00:00,1.35,1.3735,1.32,1.3439,49347
2025-02-13 00:00:00+00:00,1.36,1.38,1.32,1.36,47532
2025-02-14 00:00:00+00:00,1.33,1.37,1.31,1.36,34423
2025-02-18 00:00:00+00:00,1.34,1.37,1.34,1.37,45658
2025-02-19 00:00:00+00:00,1.28,1.35,1.26,1.34,62128
2025-02-20 00:00:00+00:00,1.28,1.2901,1.2503,1.28,38269
2025-02-21 00:00:00+00:00,1.25,1.33,1.25,1.33,25500
2025-02-24 00:00:00+00:00,1.31,1.35,1.25,1.3,52400
2025-02-25 00:00:00+00:00,1.23,1.31,1.23,1.31,42661
2025-02-26 00:00:00+00:00,1.18,1.2585,1.1714,1.25,53645
2025-02-27 00:00:00+00:00,1.17,1.2572,1.12,1.2,91552
2025-02-28 00:00:00+00:00,1.17,1.2,1.1023,1.14,39195
2025-03-03 00:00:00+00:00,1.3,1.43,1.1,1.15,492338
2025-03-04 00:00:00+00:00,1.17,1.24,1.1,1.17,228556
2025-03-05 00:00:00+00:00,1.155,1.16,1.13,1.16,48130
2025-03-06 00:00:00+00:00,1.2,1.2,1.14,1.15,32535
2025-03-07 00:00:00+00:00,1.18,1.19,1.15,1.16,26275
2025-03-10 00:00:00+00:00,1.13,1.19,1.13,1.19,25451
2025-03-11 00:00:00+00:00,1.13,1.136,1.06,1.11,46183
2025-03-12 00:00:00+00:00,1.17,1.17,1.11,1.11,32491
2025-03-13 00:00:00+00:00,1.08,1.13,1.08,1.09,19696
2025-03-14 00:00:00+00:00,1.07,1.08,0.98,1.08,119238
2025-03-17 00:00:00+00:00,1.07,1.1,1.04,1.05,26495
2025-03-18 00:00:00+00:00,1.0701,1.1,1.0316,1.07,58179
2025-03-19 00:00:00+00:00,1.08,1.085,1.03,1.07,19994
2025-03-20 00:00:00+00:00,1.05,1.09,1.05,1.08,9126
2025-03-21 00:00:00+00:00,1.13,1.13,1.03,1.05,24098
2025-03-24 00:00:00+00:00,1.11,1.1538,1.1,1.12,19777
2025-03-25 00:00:00+00:00,1.13,1.146,1.0254,1.12,58578
2025-03-26 00:00:00+00:00,1.06,1.12,1.06,1.1,16447
2025-03-27 00:00:00+00:00,1.03,1.1274,1.02,1.06,26165
2025-03-28 00:00:00+00:00,1.03,1.05,0.9954,1.05,33756
2025-03-31 00:00:00+00:00,0.9801,1.02,0.96,1.02,28081
2025-04-01 00:00:00+00:00,0.95,1.0,0.9,0.99,41162
2025-04-02 00:00:00+00:00,1.0,1.0193,0.95,0.95,12384
2025-04-03 00:00:00+00:00,0.88,1.02,0.8325,1.02,196697
2025-04-04 00:00:00+00:00,0.866,0.8716,0.8301,0.8536,21585
2025-04-07 00:00:00+00:00,0.7946,0.8463,0.75,0.84,32440
2025-04-08 00:00:00+00:00,0.74,1.13,0.7,0.78,1793482
2025-04-09 00:00:00+00:00,0.7514,0.7989,0.6578,0.6578,129309
2025-04-10 00:00:00+00:00,0.691,0.7806,0.6871,0.75,80515
2025-04-11 00:00:00+00:00,0.849589,0.859,0.72,0.72,64821
2025-04-14 00:00:00+00:00,0.852,0.92,0.82,0.855,41221
2025-04-15 00:00:00+00:00,0.89,0.936501,0.8611,0.87,41188
2025-04-16 00:00:00+00:00,0.8772,0.89,0.7983,0.89,73696
2025-04-17 00:00:00+00:00,0.8985,0.9,0.812978,0.862,20872
2025-04-21 00:00:00+00:00,0.888,0.91,0.8302,0.909,13355
2025-04-22 00:00:00+00:00,0.88,0.91,0.8301,0.91,24617
2025-04-23 00:00:00+00:00,0.861,0.9,0.84,0.88,24492
2025-04-24 00:00:00+00:00,0.8599,0.9127,0.85,0.887,41626
2025-04-25 00:00:00+00:00,0.8799,0.8857,0.8609,0.8609,7261
2025-04-28 00:00:00+00:00,0.885,0.9,0.862,0.89,15186
2025-04-29 00:00:00+00:00,0.89,0.8998,0.865,0.88,19392
2025-04-30 00:00:00+00:00,0.89,0.948,0.8272,0.8272,83553
2025-05-01 00:00:00+00:00,1.33,1.47,0.9143,0.92,3124520
2025-05-02 00:00:00+00:00,1.2,1.39,1.13,1.3,674924
2025-05-05 00:00:00+00:00,1.08,1.24,1.05,1.24,168525
2025-05-06 00:00:00+00:00,1.18,1.2,1.02,1.05,70528
2025-05-07 00:00:00+00:00,1.08,1.2,1.0505,1.2,54602
2025-05-08 00:00:00+00:00,1.0731,1.18,1.04,1.1,43688
2025-05-09 00:00:00+00:00,1.09,1.2284,1.04,1.16,41018
