date,Open,High,Low,Close,Volume
2025-01-06 14:30:00+00:00,37.225,37.28,36.895,36.895,435.0
2025-01-06 14:45:00+00:00,36.895,37.045,36.835,37.02,1741.0
2025-01-06 15:00:00+00:00,37.03,37.21,37.03,37.16,949.0
2025-01-06 15:15:00+00:00,37.16,37.21,37.09,37.2,1023.0
2025-01-06 15:30:00+00:00,37.2,37.2,36.96,36.99,233.0
2025-01-06 15:45:00+00:00,36.995,37.09,36.95,37.04,916.0
2025-01-06 16:00:00+00:00,37.03,37.08,37.01,37.05,120.0
2025-01-06 16:15:00+00:00,37.05,37.12,36.985,37.08,856.0
2025-01-06 16:30:00+00:00,37.09,37.17,37.09,37.145,312.0
2025-01-06 16:45:00+00:00,37.16,37.2,37.14,37.19,260.0
2025-01-06 17:00:00+00:00,37.14,37.2,37.1,37.16,618.0
2025-01-06 17:15:00+00:00,37.16,37.2,37.11,37.17,383.0
2025-01-06 17:30:00+00:00,37.15,37.2,37.11,37.13,402.0
2025-01-06 17:45:00+00:00,37.13,37.135,37.05,37.12,534.0
2025-01-06 18:00:00+00:00,37.12,37.14,37.03,37.055,486.0
2025-01-06 18:15:00+00:00,37.075,37.075,36.985,37.04,396.0
2025-01-06 18:30:00+00:00,37.04,37.13,37.02,37.09,387.0
2025-01-06 18:45:00+00:00,37.09,37.155,37.04,37.08,1048.0
2025-01-06 19:00:00+00:00,37.08,37.1,37.02,37.06,100.0
2025-01-06 19:15:00+00:00,37.09,37.16,37.07,37.135,637.0
2025-01-06 19:30:00+00:00,37.13,37.15,37.095,37.15,462.0
2025-01-06 19:45:00+00:00,37.15,37.21,37.135,37.155,2068.0
2025-01-06 20:00:00+00:00,37.155,37.205,37.135,37.19,575.0
2025-01-06 20:15:00+00:00,37.19,37.21,37.17,37.205,1617.0
2025-01-06 20:30:00+00:00,37.205,37.25,37.16,37.16,1641.0
2025-01-06 20:45:00+00:00,37.17,37.225,37.145,37.19,3507.0
2025-01-07 14:30:00+00:00,38.08,38.13,37.81,38.065,2281.0
2025-01-07 14:45:00+00:00,38.065,38.17,38.01,38.15,431.0
2025-01-07 15:00:00+00:00,38.08,38.16,37.93,37.96,1155.0
2025-01-07 15:15:00+00:00,37.99,38.16,37.87,38.06,1343.0
2025-01-07 15:30:00+00:00,38.02,38.08,37.7,37.99,4896.0
2025-01-07 15:45:00+00:00,38.01,38.24,38.0,38.225,701.0
2025-01-07 16:00:00+00:00,38.225,38.43,38.225,38.29,961.0
2025-01-07 16:15:00+00:00,38.29,38.36,38.17,38.225,2045.0
2025-01-07 16:30:00+00:00,38.23,38.31,38.16,38.26,6985.0
2025-01-07 16:45:00+00:00,38.26,38.33,38.185,38.24,170.0
2025-01-07 17:00:00+00:00,38.24,38.255,38.15,38.215,958.0
2025-01-07 17:15:00+00:00,38.215,38.25,38.17,38.2,522.0
2025-01-07 17:30:00+00:00,38.215,38.22,38.11,38.17,2005.0
2025-01-07 17:45:00+00:00,38.17,38.215,38.15,38.195,331.0
2025-01-07 18:00:00+00:00,38.195,38.255,38.17,38.25,898.0
2025-01-07 18:15:00+00:00,38.25,38.285,38.21,38.26,565.0
2025-01-07 18:30:00+00:00,38.255,38.26,38.17,38.2,720.0
2025-01-07 18:45:00+00:00,38.215,38.22,38.11,38.15,781.0
2025-01-07 19:00:00+00:00,38.15,38.215,38.12,38.13,2341.0
2025-01-07 19:15:00+00:00,38.12,38.155,38.045,38.065,847.0
2025-01-07 19:30:00+00:00,38.065,38.175,38.04,38.15,1833.0
2025-01-07 19:45:00+00:00,38.16,38.175,38.125,38.145,957.0
2025-01-07 20:00:00+00:00,38.15,38.19,38.1,38.11,750.0
2025-01-07 20:15:00+00:00,38.11,38.145,38.02,38.055,670.0
2025-01-07 20:30:00+00:00,38.06,38.15,38.01,38.095,1613.0
2025-01-07 20:45:00+00:00,38.095,38.115,37.96,37.96,4748.0
2025-01-08 14:30:00+00:00,37.96,37.96,37.62,37.81,808.0
2025-01-08 14:45:00+00:00,37.86,38.035,37.86,37.97,6575.0
2025-01-08 15:00:00+00:00,37.955,38.06,37.95,37.97,2027.0
2025-01-08 15:15:00+00:00,37.97,38.06,37.9,38.005,1103.0
2025-01-08 15:30:00+00:00,38.01,38.12,37.94,37.985,1841.0
2025-01-08 15:45:00+00:00,37.99,38.06,37.94,38.05,1105.0
2025-01-08 16:00:00+00:00,38.05,38.05,37.91,37.93,566.0
2025-01-08 16:15:00+00:00,37.9,37.945,37.795,37.9,1046.0
2025-01-08 16:30:00+00:00,37.9,37.97,37.83,37.935,322.0
2025-01-08 16:45:00+00:00,37.925,37.965,37.9,37.95,758.0
2025-01-08 17:00:00+00:00,37.95,37.96,37.87,37.92,426.0
2025-01-08 17:15:00+00:00,37.9,37.91,37.765,37.765,666.0
2025-01-08 17:30:00+00:00,37.76,37.77,37.69,37.77,1864.0
2025-01-08 17:45:00+00:00,37.77,37.87,37.735,37.84,1194.0
2025-01-08 18:00:00+00:00,37.84,37.96,37.785,37.795,990.0
2025-01-08 18:15:00+00:00,37.795,37.89,37.76,37.845,185.0
2025-01-08 18:30:00+00:00,37.845,37.845,37.7,37.715,947.0
2025-01-08 18:45:00+00:00,37.715,37.72,37.56,37.645,1010.0
2025-01-08 19:00:00+00:00,37.645,37.78,37.605,37.68,875.0
2025-01-08 19:15:00+00:00,37.68,37.8,37.68,37.79,2421.0
2025-01-08 19:30:00+00:00,37.785,37.79,37.645,37.695,598.0
2025-01-08 19:45:00+00:00,37.695,37.725,37.65,37.655,1589.0
2025-01-08 20:00:00+00:00,37.655,37.685,37.63,37.65,493.0
2025-01-08 20:15:00+00:00,37.66,37.675,37.565,37.645,2379.0
2025-01-08 20:30:00+00:00,37.645,37.675,37.575,37.645,1504.0
2025-01-08 20:45:00+00:00,37.645,37.655,37.555,37.56,8192.0
2025-01-09 14:30:00+00:00,37.56,37.56,37.56,37.56,0.0
2025-01-09 14:45:00+00:00,37.56,37.56,37.56,37.56,0.0
2025-01-09 15:00:00+00:00,37.56,37.56,37.56,37.56,0.0
2025-01-09 15:15:00+00:00,37.56,37.56,37.56,37.56,0.0
2025-01-09 15:30:00+00:00,37.56,37.56,37.56,37.56,0.0
2025-01-09 15:45:00+00:00,37.56,37.56,37.56,37.56,0.0
2025-01-09 16:00:00+00:00,37.56,37.56,37.56,37.56,0.0
2025-01-09 16:15:00+00:00,37.56,37.56,37.56,37.56,0.0
2025-01-09 16:30:00+00:00,37.56,37.56,37.56,37.56,0.0
2025-01-09 16:45:00+00:00,37.56,37.56,37.56,37.56,0.0
2025-01-09 17:00:00+00:00,37.56,37.56,37.56,37.56,0.0
2025-01-09 17:15:00+00:00,37.56,37.56,37.56,37.56,0.0
2025-01-09 17:30:00+00:00,37.56,37.56,37.56,37.56,0.0
2025-01-09 17:45:00+00:00,37.56,37.56,37.56,37.56,0.0
2025-01-09 18:00:00+00:00,37.56,37.56,37.56,37.56,0.0
2025-01-09 18:15:00+00:00,37.56,37.56,37.56,37.56,0.0
2025-01-09 18:30:00+00:00,37.56,37.56,37.56,37.56,0.0
2025-01-09 18:45:00+00:00,37.56,37.56,37.56,37.56,0.0
2025-01-09 19:00:00+00:00,37.56,37.56,37.56,37.56,0.0
2025-01-09 19:15:00+00:00,37.56,37.56,37.56,37.56,0.0
2025-01-09 19:30:00+00:00,37.56,37.56,37.56,37.56,0.0
2025-01-09 19:45:00+00:00,37.56,37.56,37.56,37.56,0.0
2025-01-09 20:00:00+00:00,37.56,37.56,37.56,37.56,0.0
2025-01-09 20:15:00+00:00,37.56,37.56,37.56,37.56,0.0
2025-01-09 20:30:00+00:00,37.56,37.56,37.56,37.56,0.0
2025-01-09 20:45:00+00:00,37.56,37.56,37.56,37.56,0.0
2025-01-10 14:30:00+00:00,37.22,37.39,37.2,37.33,313.0
2025-01-10 14:45:00+00:00,37.31,37.31,37.23,37.27,114.0
2025-01-10 15:00:00+00:00,37.11,37.11,36.9,36.96,1149.0
2025-01-10 15:15:00+00:00,36.96,37.065,36.95,37.03,417.0
2025-01-10 15:30:00+00:00,37.06,37.125,36.98,36.99,734.0
2025-01-10 15:45:00+00:00,36.98,37.09,36.98,37.005,522.0
2025-01-10 16:00:00+00:00,37.005,37.09,36.97,37.075,613.0
2025-01-10 16:15:00+00:00,37.075,37.075,36.99,37.0,143.0
2025-01-10 16:30:00+00:00,37.0,37.15,37.0,37.15,240.0
2025-01-10 16:45:00+00:00,37.145,37.15,37.09,37.11,591.0
2025-01-10 17:00:00+00:00,37.11,37.14,37.05,37.1,649.0
2025-01-10 17:15:00+00:00,37.1,37.165,37.075,37.14,2.0
2025-01-10 17:30:00+00:00,37.14,37.18,37.14,37.165,240.0
2025-01-10 17:45:00+00:00,37.165,37.31,37.14,37.29,122.0
2025-01-10 18:00:00+00:00,37.29,37.29,37.24,37.25,760.0
2025-01-10 18:15:00+00:00,37.25,37.44,37.18,37.44,1118.0
2025-01-10 18:30:00+00:00,37.44,37.49,37.36,37.45,292.0
2025-01-10 18:45:00+00:00,37.45,37.48,37.425,37.48,205.0
2025-01-10 19:00:00+00:00,37.49,37.49,37.43,37.46,383.0
2025-01-10 19:15:00+00:00,37.46,37.49,37.44,37.48,222.0
2025-01-10 19:30:00+00:00,37.48,37.49,37.445,37.445,370.0
2025-01-10 19:45:00+00:00,37.45,37.57,37.445,37.525,312.0
2025-01-10 20:00:00+00:00,37.52,37.55,37.48,37.48,925.0
2025-01-10 20:15:00+00:00,37.49,37.49,37.41,37.43,644.0
2025-01-10 20:30:00+00:00,37.43,37.56,37.42,37.54,1123.0
2025-01-10 20:45:00+00:00,37.54,37.68,37.52,37.66,3077.0
2025-01-13 14:30:00+00:00,37.66,37.66,37.66,37.66,0.0
2025-01-13 14:45:00+00:00,37.66,37.66,37.66,37.66,0.0
2025-01-13 15:00:00+00:00,37.66,37.66,37.66,37.66,0.0
2025-01-13 15:15:00+00:00,37.66,37.66,37.66,37.66,0.0
2025-01-13 15:30:00+00:00,37.66,37.66,37.66,37.66,0.0
2025-01-13 15:45:00+00:00,37.66,37.66,37.66,37.66,0.0
2025-01-13 16:00:00+00:00,37.66,37.66,37.66,37.66,0.0
2025-01-13 16:15:00+00:00,37.66,37.66,37.3,37.36,215.0
2025-01-13 16:30:00+00:00,37.36,37.36,37.26,37.27,274.0
2025-01-13 16:45:00+00:00,37.23,37.24,37.01,37.05,270.0
2025-01-13 17:00:00+00:00,37.04,37.07,36.97,37.05,384.0
2025-01-13 17:15:00+00:00,37.05,37.19,37.05,37.19,330.0
2025-01-13 17:30:00+00:00,37.17,37.29,37.15,37.285,222.0
2025-01-13 17:45:00+00:00,37.3,37.33,37.29,37.31,220.0
2025-01-13 18:00:00+00:00,37.31,37.32,37.23,37.23,263.0
2025-01-13 18:15:00+00:00,37.23,37.33,37.21,37.31,556.0
2025-01-13 18:30:00+00:00,37.36,37.38,37.26,37.26,262.0
2025-01-13 18:45:00+00:00,37.28,37.3,37.19,37.24,85.0
2025-01-13 19:00:00+00:00,37.24,37.245,37.03,37.12,665.0
2025-01-13 19:15:00+00:00,37.12,37.12,37.09,37.09,122.0
2025-01-13 19:30:00+00:00,37.09,37.1,37.015,37.055,741.0
2025-01-13 19:45:00+00:00,37.06,37.15,36.99,37.12,479.0
2025-01-13 20:00:00+00:00,37.145,37.245,37.095,37.23,454.0
2025-01-13 20:15:00+00:00,37.215,37.26,37.21,37.23,426.0
2025-01-13 20:30:00+00:00,37.23,37.33,37.23,37.29,945.0
2025-01-13 20:45:00+00:00,37.285,37.285,37.19,37.22,2994.0
2025-01-14 14:30:00+00:00,37.23,37.255,36.815,37.21,1179.0
2025-01-14 14:45:00+00:00,37.29,37.29,36.92,36.92,1147.0
2025-01-14 15:00:00+00:00,36.92,37.065,36.92,37.065,2311.0
2025-01-14 15:15:00+00:00,37.01,37.21,37.01,37.145,2200.0
2025-01-14 15:30:00+00:00,37.145,37.23,37.1,37.22,1000.0
2025-01-14 15:45:00+00:00,37.22,37.26,37.135,37.135,291.0
2025-01-14 16:00:00+00:00,37.135,37.2,37.06,37.13,513.0
2025-01-14 16:15:00+00:00,37.13,37.2,37.125,37.13,218.0
2025-01-14 16:30:00+00:00,37.12,37.12,37.04,37.05,268.0
2025-01-14 16:45:00+00:00,37.055,37.1,37.0,37.04,913.0
2025-01-14 17:00:00+00:00,37.04,37.04,36.97,37.02,750.0
2025-01-14 17:15:00+00:00,37.02,37.23,37.02,37.19,1753.0
2025-01-14 17:30:00+00:00,37.19,37.21,37.11,37.155,950.0
2025-01-14 17:45:00+00:00,37.155,37.18,37.08,37.1,216.0
2025-01-14 18:00:00+00:00,37.1,37.22,37.1,37.22,100.0
2025-01-14 18:15:00+00:00,37.22,37.29,37.22,37.26,537.0
2025-01-14 18:30:00+00:00,37.26,37.4,37.26,37.385,329.0
2025-01-14 18:45:00+00:00,37.41,37.465,37.41,37.45,225.0
2025-01-14 19:00:00+00:00,37.445,37.52,37.44,37.52,316.0
2025-01-14 19:15:00+00:00,37.515,37.79,37.49,37.775,1092.0
2025-01-14 19:30:00+00:00,37.79,38.02,37.79,37.89,979.0
2025-01-14 19:45:00+00:00,37.885,37.895,37.7,37.725,313.0
2025-01-14 20:00:00+00:00,37.725,37.73,37.61,37.65,232.0
2025-01-14 20:15:00+00:00,37.66,37.75,37.645,37.695,853.0
2025-01-14 20:30:00+00:00,37.695,37.73,37.6,37.645,1708.0
2025-01-14 20:45:00+00:00,37.645,37.745,37.55,37.71,4441.0
2025-01-15 14:30:00+00:00,38.88,38.88,38.485,38.51,2196.0
2025-01-15 14:45:00+00:00,38.525,38.73,38.41,38.685,2883.0
2025-01-15 15:00:00+00:00,38.695,38.695,38.54,38.665,713.0
2025-01-15 15:15:00+00:00,38.665,38.77,38.63,38.635,1554.0
2025-01-15 15:30:00+00:00,38.635,38.645,38.51,38.545,3101.0
2025-01-15 15:45:00+00:00,38.54,38.55,38.455,38.46,1029.0
2025-01-15 16:00:00+00:00,38.465,38.485,38.255,38.37,652.0
2025-01-15 16:15:00+00:00,38.37,38.43,38.36,38.365,513.0
2025-01-15 16:30:00+00:00,38.36,38.37,38.26,38.32,171.0
2025-01-15 16:45:00+00:00,38.33,38.435,38.31,38.42,473.0
2025-01-15 17:00:00+00:00,38.42,38.51,38.4,38.415,556.0
2025-01-15 17:15:00+00:00,38.41,38.435,38.37,38.4,236.0
2025-01-15 17:30:00+00:00,38.395,38.47,38.39,38.405,768.0
2025-01-15 17:45:00+00:00,38.405,38.44,38.37,38.37,641.0
2025-01-15 18:00:00+00:00,38.365,38.42,38.23,38.255,1555.0
2025-01-15 18:15:00+00:00,38.25,38.26,38.15,38.23,1131.0
2025-01-15 18:30:00+00:00,38.235,38.32,38.2,38.29,1917.0
2025-01-15 18:45:00+00:00,38.28,38.285,38.2,38.255,2153.0
2025-01-15 19:00:00+00:00,38.26,38.31,38.215,38.22,1603.0
2025-01-15 19:15:00+00:00,38.22,38.315,38.185,38.31,2326.0
2025-01-15 19:30:00+00:00,38.315,38.315,38.175,38.19,1580.0
2025-01-15 19:45:00+00:00,38.185,38.21,38.14,38.205,3876.0
2025-01-15 20:00:00+00:00,38.2,38.435,38.175,38.4,4882.0
2025-01-15 20:15:00+00:00,38.405,38.495,38.34,38.47,2148.0
2025-01-15 20:30:00+00:00,38.465,38.5,38.28,38.49,5388.0
2025-01-15 20:45:00+00:00,38.48,38.555,38.45,38.5,3025.0
2025-01-16 14:30:00+00:00,39.12,39.24,38.975,39.05,10907.0
2025-01-16 14:45:00+00:00,39.055,39.23,38.945,39.06,6038.0
2025-01-16 15:00:00+00:00,39.11,39.22,39.07,39.125,3652.0
2025-01-16 15:15:00+00:00,39.13,39.135,38.98,38.985,6419.0
2025-01-16 15:30:00+00:00,38.975,39.14,38.97,39.125,3628.0
2025-01-16 15:45:00+00:00,39.13,39.27,39.075,39.265,4659.0
2025-01-16 16:00:00+00:00,39.265,39.45,39.21,39.245,4980.0
2025-01-16 16:15:00+00:00,39.245,39.37,39.245,39.275,7585.0
2025-01-16 16:30:00+00:00,39.275,39.355,39.245,39.305,24304.0
2025-01-16 16:45:00+00:00,39.31,39.375,39.24,39.3,4999.0
2025-01-16 17:00:00+00:00,39.295,39.355,39.245,39.29,29878.0
2025-01-16 17:15:00+00:00,39.285,39.42,39.215,39.345,32373.0
2025-01-16 17:30:00+00:00,39.345,39.345,39.285,39.305,17335.0
2025-01-16 17:45:00+00:00,39.305,39.33,39.215,39.22,7470.0
2025-01-16 18:00:00+00:00,39.19,39.3,39.16,39.21,3635.0
2025-01-16 18:15:00+00:00,39.215,39.22,39.115,39.15,1557.0
2025-01-16 18:30:00+00:00,39.12,39.155,39.05,39.135,3992.0
2025-01-16 18:45:00+00:00,39.135,39.185,39.1,39.13,698.0
2025-01-16 19:00:00+00:00,39.13,39.355,39.13,39.345,1005.0
2025-01-16 19:15:00+00:00,39.34,39.435,39.32,39.42,968.0
2025-01-16 19:30:00+00:00,39.43,39.525,39.4,39.5,1123.0
2025-01-16 19:45:00+00:00,39.505,39.54,39.465,39.53,1931.0
2025-01-16 20:00:00+00:00,39.53,39.56,39.505,39.54,1564.0
2025-01-16 20:15:00+00:00,39.54,39.545,39.385,39.39,3953.0
2025-01-16 20:30:00+00:00,39.39,39.73,39.39,39.65,4812.0
2025-01-16 20:45:00+00:00,39.66,39.715,39.555,39.715,11880.0
2025-01-17 14:30:00+00:00,39.755,39.755,39.34,39.365,791.0
2025-01-17 14:45:00+00:00,39.36,39.4,39.27,39.31,380.0
2025-01-17 15:00:00+00:00,39.31,39.65,39.305,39.6,638.0
2025-01-17 15:15:00+00:00,39.6,39.78,39.575,39.77,1473.0
2025-01-17 15:30:00+00:00,39.78,39.785,39.735,39.765,1108.0
2025-01-17 15:45:00+00:00,39.765,39.95,39.765,39.915,1077.0
2025-01-17 16:00:00+00:00,39.91,39.93,39.8,39.915,1053.0
2025-01-17 16:15:00+00:00,39.915,39.92,39.74,39.745,873.0
2025-01-17 16:30:00+00:00,39.745,39.77,39.665,39.665,671.0
2025-01-17 16:45:00+00:00,39.67,39.69,39.63,39.65,203.0
2025-01-17 17:00:00+00:00,39.64,39.69,39.615,39.64,236.0
2025-01-17 17:15:00+00:00,39.65,39.705,39.645,39.685,178.0
2025-01-17 17:30:00+00:00,39.695,39.725,39.57,39.58,707.0
2025-01-17 17:45:00+00:00,39.58,39.6,39.52,39.54,765.0
2025-01-17 18:00:00+00:00,39.54,39.57,39.48,39.555,3060.0
2025-01-17 18:15:00+00:00,39.55,39.64,39.49,39.52,404.0
2025-01-17 18:30:00+00:00,39.52,39.595,39.485,39.58,1477.0
2025-01-17 18:45:00+00:00,39.58,39.58,39.49,39.55,1054.0
2025-01-17 19:00:00+00:00,39.55,39.58,39.49,39.575,469.0
2025-01-17 19:15:00+00:00,39.575,39.59,39.535,39.58,740.0
2025-01-17 19:30:00+00:00,39.58,39.67,39.525,39.53,881.0
2025-01-17 19:45:00+00:00,39.53,39.545,39.485,39.515,1385.0
2025-01-17 20:00:00+00:00,39.515,39.53,39.435,39.47,2871.0
2025-01-17 20:15:00+00:00,39.47,39.48,39.27,39.3,1221.0
2025-01-17 20:30:00+00:00,39.295,39.42,39.28,39.36,1698.0
2025-01-17 20:45:00+00:00,39.35,39.465,39.345,39.37,3611.0
2025-01-20 14:30:00+00:00,39.37,39.37,39.37,39.37,0.0
2025-01-20 14:45:00+00:00,39.37,39.37,39.37,39.37,0.0
2025-01-20 15:00:00+00:00,39.37,39.37,39.37,39.37,0.0
2025-01-20 15:15:00+00:00,39.37,39.37,39.37,39.37,0.0
2025-01-20 15:30:00+00:00,39.37,39.37,39.37,39.37,0.0
2025-01-20 15:45:00+00:00,39.37,39.37,39.37,39.37,0.0
2025-01-20 16:00:00+00:00,39.37,39.37,39.37,39.37,0.0
2025-01-20 16:15:00+00:00,39.37,39.37,39.37,39.37,0.0
2025-01-20 16:30:00+00:00,39.37,39.37,39.37,39.37,0.0
2025-01-20 16:45:00+00:00,39.37,39.37,39.37,39.37,0.0
2025-01-20 17:00:00+00:00,39.37,39.37,39.37,39.37,0.0
2025-01-20 17:15:00+00:00,39.37,39.37,39.37,39.37,0.0
2025-01-20 17:30:00+00:00,39.37,39.37,39.37,39.37,0.0
2025-01-20 17:45:00+00:00,39.37,39.37,39.37,39.37,0.0
2025-01-20 18:00:00+00:00,39.37,39.37,39.37,39.37,0.0
2025-01-20 18:15:00+00:00,39.37,39.37,39.37,39.37,0.0
2025-01-20 18:30:00+00:00,39.37,39.37,39.37,39.37,0.0
2025-01-20 18:45:00+00:00,39.37,39.37,39.37,39.37,0.0
2025-01-20 19:00:00+00:00,39.37,39.37,39.37,39.37,0.0
2025-01-20 19:15:00+00:00,39.37,39.37,39.37,39.37,0.0
2025-01-20 19:30:00+00:00,39.37,39.37,39.37,39.37,0.0
2025-01-20 19:45:00+00:00,39.37,39.37,39.37,39.37,0.0
2025-01-20 20:00:00+00:00,39.37,39.37,39.37,39.37,0.0
2025-01-20 20:15:00+00:00,39.37,39.37,39.37,39.37,0.0
2025-01-20 20:30:00+00:00,39.37,39.37,39.37,39.37,0.0
2025-01-20 20:45:00+00:00,39.37,39.37,39.37,39.37,0.0
2025-01-21 14:30:00+00:00,40.455,40.755,40.455,40.63,5026.0
2025-01-21 14:45:00+00:00,40.63,40.86,40.63,40.76,1353.0
2025-01-21 15:00:00+00:00,40.76,41.01,40.685,40.9,42892.0
2025-01-21 15:15:00+00:00,40.91,41.025,40.795,40.9,1878.0
2025-01-21 15:30:00+00:00,40.915,40.99,40.65,40.69,1255.0
2025-01-21 15:45:00+00:00,40.67,40.87,40.645,40.86,1862.0
2025-01-21 16:00:00+00:00,40.845,40.92,40.79,40.915,316.0
2025-01-21 16:15:00+00:00,40.9,41.005,40.86,40.95,18858.0
2025-01-21 16:30:00+00:00,40.95,40.96,40.78,40.905,1067.0
2025-01-21 16:45:00+00:00,40.905,40.905,40.835,40.86,878.0
2025-01-21 17:00:00+00:00,40.86,40.965,40.85,40.905,1229.0
2025-01-21 17:15:00+00:00,40.91,40.96,40.86,40.89,1516.0
2025-01-21 17:30:00+00:00,40.89,41.02,40.865,41.0,1517.0
2025-01-21 17:45:00+00:00,41.0,41.11,41.0,41.085,2843.0
2025-01-21 18:00:00+00:00,41.06,41.235,41.03,41.19,2532.0
2025-01-21 18:15:00+00:00,41.19,41.36,41.155,41.355,1673.0
2025-01-21 18:30:00+00:00,41.36,41.37,41.28,41.34,1798.0
2025-01-21 18:45:00+00:00,41.32,41.42,41.29,41.38,2577.0
2025-01-21 19:00:00+00:00,41.37,41.4,41.28,41.29,3637.0
2025-01-21 19:15:00+00:00,41.295,41.42,41.24,41.405,1846.0
2025-01-21 19:30:00+00:00,41.405,41.46,41.34,41.41,4318.0
2025-01-21 19:45:00+00:00,41.425,41.43,41.335,41.42,2187.0
2025-01-21 20:00:00+00:00,41.42,41.49,41.4,41.46,1471.0
2025-01-21 20:15:00+00:00,41.485,41.655,41.47,41.605,2192.0
2025-01-21 20:30:00+00:00,41.595,41.675,41.55,41.65,6386.0
2025-01-21 20:45:00+00:00,41.645,41.665,41.375,41.465,16519.0
2025-01-22 14:30:00+00:00,41.725,41.745,41.33,41.48,705.0
2025-01-22 14:45:00+00:00,41.54,41.59,41.41,41.47,766.0
2025-01-22 15:00:00+00:00,41.49,41.62,41.46,41.54,1017.0
2025-01-22 15:15:00+00:00,41.54,41.725,41.54,41.7,933.0
2025-01-22 15:30:00+00:00,41.7,41.76,41.66,41.74,104.0
2025-01-22 15:45:00+00:00,41.74,41.74,41.625,41.655,662.0
2025-01-22 16:00:00+00:00,41.63,41.74,41.625,41.645,910.0
2025-01-22 16:15:00+00:00,41.62,41.705,41.62,41.64,402.0
2025-01-22 16:30:00+00:00,41.645,41.675,41.635,41.645,1077.0
2025-01-22 16:45:00+00:00,41.645,41.9,41.645,41.8,1061.0
2025-01-22 17:00:00+00:00,41.77,41.89,41.77,41.865,116.0
2025-01-22 17:15:00+00:00,41.865,41.905,41.74,41.74,1254.0
2025-01-22 17:30:00+00:00,41.745,41.825,41.69,41.715,933.0
2025-01-22 17:45:00+00:00,41.715,41.76,41.675,41.69,918.0
2025-01-22 18:00:00+00:00,41.67,41.67,41.565,41.565,1952.0
2025-01-22 18:15:00+00:00,41.565,41.565,41.435,41.435,326.0
2025-01-22 18:30:00+00:00,41.445,41.46,41.4,41.435,668.0
2025-01-22 18:45:00+00:00,41.435,41.48,41.37,41.405,1486.0
2025-01-22 19:00:00+00:00,41.38,41.405,41.32,41.375,1827.0
2025-01-22 19:15:00+00:00,41.375,41.425,41.25,41.255,892.0
2025-01-22 19:30:00+00:00,41.255,41.28,41.22,41.24,407.0
2025-01-22 19:45:00+00:00,41.26,41.28,41.18,41.195,957.0
2025-01-22 20:00:00+00:00,41.195,41.2,41.01,41.015,986.0
2025-01-22 20:15:00+00:00,41.015,41.08,40.97,41.025,1073.0
2025-01-22 20:30:00+00:00,41.025,41.17,40.995,41.165,1466.0
2025-01-22 20:45:00+00:00,41.17,41.275,41.08,41.275,5778.0
2025-01-23 14:30:00+00:00,41.615,41.85,41.54,41.83,1025.0
2025-01-23 14:45:00+00:00,41.83,41.86,41.58,41.59,1974.0
2025-01-23 15:00:00+00:00,41.56,41.595,41.42,41.48,1105.0
2025-01-23 15:15:00+00:00,41.49,41.56,41.33,41.4,2590.0
2025-01-23 15:30:00+00:00,41.39,41.64,41.39,41.58,2547.0
2025-01-23 15:45:00+00:00,41.59,41.59,41.555,41.56,2134.0
2025-01-23 16:00:00+00:00,41.56,41.565,41.5,41.525,1962.0
2025-01-23 16:15:00+00:00,41.61,41.64,41.405,41.47,6474.0
2025-01-23 16:30:00+00:00,41.51,41.61,41.51,41.605,1444.0
2025-01-23 16:45:00+00:00,41.605,41.65,41.575,41.59,2344.0
2025-01-23 17:00:00+00:00,41.59,41.61,41.55,41.6,582.0
2025-01-23 17:15:00+00:00,41.6,41.6,41.54,41.6,638.0
2025-01-23 17:30:00+00:00,41.6,41.625,41.57,41.615,154.0
2025-01-23 17:45:00+00:00,41.615,41.81,41.615,41.76,898.0
2025-01-23 18:00:00+00:00,41.76,41.765,41.72,41.74,2070.0
2025-01-23 18:15:00+00:00,41.725,41.74,41.66,41.665,969.0
2025-01-23 18:30:00+00:00,41.665,41.665,41.53,41.53,544.0
2025-01-23 18:45:00+00:00,41.53,41.53,41.39,41.405,1286.0
2025-01-23 19:00:00+00:00,41.405,41.47,41.35,41.45,1692.0
2025-01-23 19:15:00+00:00,41.45,41.47,41.385,41.45,705.0
2025-01-23 19:30:00+00:00,41.415,41.46,41.385,41.445,1898.0
2025-01-23 19:45:00+00:00,41.445,41.55,41.445,41.51,237.0
2025-01-23 20:00:00+00:00,41.53,41.59,41.52,41.58,423.0
2025-01-23 20:15:00+00:00,41.585,41.6,41.515,41.515,920.0
2025-01-23 20:30:00+00:00,41.515,41.575,41.43,41.545,6236.0
2025-01-23 20:45:00+00:00,41.54,41.58,41.485,41.52,2770.0
2025-01-24 14:30:00+00:00,41.52,41.52,40.98,41.09,2285.0
2025-01-24 14:45:00+00:00,41.175,41.56,41.12,41.555,2378.0
2025-01-24 15:00:00+00:00,41.555,41.58,41.42,41.56,3400.0
2025-01-24 15:15:00+00:00,41.56,41.56,41.37,41.39,721.0
2025-01-24 15:30:00+00:00,41.39,41.39,41.28,41.325,2657.0
2025-01-24 15:45:00+00:00,41.325,41.54,41.3,41.51,3048.0
2025-01-24 16:00:00+00:00,41.51,41.56,41.44,41.56,988.0
2025-01-24 16:15:00+00:00,41.565,41.625,41.53,41.54,799.0
2025-01-24 16:30:00+00:00,41.54,41.57,41.505,41.505,3038.0
2025-01-24 16:45:00+00:00,41.505,41.54,41.43,41.445,1578.0
2025-01-24 17:00:00+00:00,41.445,41.46,41.41,41.425,1175.0
2025-01-24 17:15:00+00:00,41.425,41.525,41.42,41.44,487.0
2025-01-24 17:30:00+00:00,41.45,41.47,41.42,41.425,1616.0
2025-01-24 17:45:00+00:00,41.425,41.44,41.28,41.28,324.0
2025-01-24 18:00:00+00:00,41.28,41.31,41.17,41.17,1285.0
2025-01-24 18:15:00+00:00,41.185,41.195,41.1,41.1,953.0
2025-01-24 18:30:00+00:00,41.13,41.15,41.05,41.07,1327.0
2025-01-24 18:45:00+00:00,41.065,41.1,41.01,41.09,843.0
2025-01-24 19:00:00+00:00,41.08,41.17,41.08,41.09,616.0
2025-01-24 19:15:00+00:00,41.09,41.11,40.95,40.955,849.0
2025-01-24 19:30:00+00:00,40.96,40.99,40.92,40.975,729.0
2025-01-24 19:45:00+00:00,40.975,41.2,40.96,41.14,6467.0
2025-01-24 20:00:00+00:00,41.14,41.14,40.985,41.035,515.0
2025-01-24 20:15:00+00:00,41.035,41.12,40.99,41.105,441.0
2025-01-24 20:30:00+00:00,41.09,41.11,41.035,41.055,3992.0
2025-01-24 20:45:00+00:00,41.055,41.19,41.02,41.18,6004.0
2025-01-27 14:30:00+00:00,40.7,40.745,40.44,40.74,4474.0
2025-01-27 14:45:00+00:00,40.69,41.04,40.69,41.04,1413.0
2025-01-27 15:00:00+00:00,41.04,41.09,40.83,40.84,1191.0
2025-01-27 15:15:00+00:00,40.84,40.86,40.52,40.775,4077.0
2025-01-27 15:30:00+00:00,40.73,40.82,40.645,40.81,1842.0
2025-01-27 15:45:00+00:00,40.81,40.89,40.75,40.795,393.0
2025-01-27 16:00:00+00:00,40.79,40.82,40.69,40.725,2999.0
2025-01-27 16:15:00+00:00,40.72,40.765,40.575,40.645,3725.0
2025-01-27 16:30:00+00:00,40.63,40.73,40.49,40.725,1951.0
2025-01-27 16:45:00+00:00,40.725,40.765,40.615,40.68,2833.0
2025-01-27 17:00:00+00:00,40.68,40.76,40.63,40.73,6304.0
2025-01-27 17:15:00+00:00,40.73,40.755,40.675,40.725,3029.0
2025-01-27 17:30:00+00:00,40.71,40.73,40.64,40.68,1759.0
2025-01-27 17:45:00+00:00,40.685,40.695,40.57,40.65,1454.0
2025-01-27 18:00:00+00:00,40.65,40.65,40.51,40.59,768.0
2025-01-27 18:15:00+00:00,40.59,40.65,40.53,40.54,1044.0
2025-01-27 18:30:00+00:00,40.54,40.63,40.44,40.46,1324.0
2025-01-27 18:45:00+00:00,40.39,40.4,40.25,40.28,667.0
2025-01-27 19:00:00+00:00,40.28,40.345,40.22,40.3,1046.0
2025-01-27 19:15:00+00:00,40.3,40.34,40.28,40.33,506.0
2025-01-27 19:30:00+00:00,40.33,40.34,40.22,40.22,457.0
2025-01-27 19:45:00+00:00,40.215,40.26,40.025,40.035,3854.0
2025-01-27 20:00:00+00:00,40.035,40.095,39.845,39.89,10837.0
2025-01-27 20:15:00+00:00,39.905,40.04,39.88,39.905,4752.0
2025-01-27 20:30:00+00:00,39.905,40.085,39.865,40.04,5541.0
2025-01-27 20:45:00+00:00,40.04,40.37,40.01,40.275,7559.0
2025-01-28 14:30:00+00:00,40.545,40.645,40.505,40.57,1394.0
2025-01-28 14:45:00+00:00,40.57,40.57,40.34,40.35,2268.0
2025-01-28 15:00:00+00:00,40.37,40.43,40.345,40.37,2339.0
2025-01-28 15:15:00+00:00,40.35,40.38,40.24,40.38,1464.0
2025-01-28 15:30:00+00:00,40.34,40.35,40.28,40.33,615.0
2025-01-28 15:45:00+00:00,40.34,40.34,40.17,40.24,1179.0
2025-01-28 16:00:00+00:00,40.27,40.29,40.155,40.17,657.0
2025-01-28 16:15:00+00:00,40.17,40.355,40.17,40.255,1842.0
2025-01-28 16:30:00+00:00,40.255,40.375,40.255,40.305,2365.0
2025-01-28 16:45:00+00:00,40.32,40.365,40.3,40.365,669.0
2025-01-28 17:00:00+00:00,40.36,40.44,40.34,40.43,8250.0
2025-01-28 17:15:00+00:00,40.51,40.71,40.51,40.58,933.0
2025-01-28 17:30:00+00:00,40.58,40.79,40.56,40.66,1625.0
2025-01-28 17:45:00+00:00,40.66,40.685,40.49,40.49,624.0
2025-01-28 18:00:00+00:00,40.505,40.505,40.245,40.26,1809.0
2025-01-28 18:15:00+00:00,40.255,40.335,40.255,40.305,794.0
2025-01-28 18:30:00+00:00,40.305,40.32,40.19,40.21,694.0
2025-01-28 18:45:00+00:00,40.2,40.34,40.195,40.3,531.0
2025-01-28 19:00:00+00:00,40.29,40.29,40.15,40.15,1130.0
2025-01-28 19:15:00+00:00,40.15,40.27,40.14,40.21,513.0
2025-01-28 19:30:00+00:00,40.21,40.315,40.21,40.3,1044.0
2025-01-28 19:45:00+00:00,40.31,40.35,40.3,40.335,693.0
2025-01-28 20:00:00+00:00,40.335,40.335,40.22,40.29,1057.0
2025-01-28 20:15:00+00:00,40.29,40.33,40.27,40.29,815.0
2025-01-28 20:30:00+00:00,40.285,40.42,40.285,40.37,2692.0
2025-01-28 20:45:00+00:00,40.37,40.5,40.33,40.46,2718.0
2025-01-29 14:30:00+00:00,40.46,40.46,40.28,40.41,1374.0
2025-01-29 14:45:00+00:00,40.41,40.79,40.41,40.67,3325.0
2025-01-29 15:00:00+00:00,40.65,40.845,40.62,40.765,4999.0
2025-01-29 15:15:00+00:00,40.76,40.83,40.65,40.66,2502.0
2025-01-29 15:30:00+00:00,40.675,40.695,40.615,40.615,776.0
2025-01-29 15:45:00+00:00,40.65,40.65,40.45,40.49,3568.0
2025-01-29 16:00:00+00:00,40.455,40.59,40.455,40.575,457.0
2025-01-29 16:15:00+00:00,40.53,40.55,40.41,40.42,454.0
2025-01-29 16:30:00+00:00,40.42,40.42,40.29,40.305,231.0
2025-01-29 16:45:00+00:00,40.32,40.33,40.14,40.14,922.0
2025-01-29 17:00:00+00:00,40.14,40.265,40.14,40.195,1365.0
2025-01-29 17:15:00+00:00,40.195,40.21,40.15,40.15,181.0
2025-01-29 17:30:00+00:00,40.155,40.23,40.13,40.215,649.0
2025-01-29 17:45:00+00:00,40.215,40.225,40.17,40.21,236.0
2025-01-29 18:00:00+00:00,40.215,40.265,40.12,40.23,616.0
2025-01-29 18:15:00+00:00,40.23,40.285,40.18,40.28,605.0
2025-01-29 18:30:00+00:00,40.28,40.35,40.275,40.335,1667.0
2025-01-29 18:45:00+00:00,40.335,40.42,40.325,40.42,451.0
2025-01-29 19:00:00+00:00,40.255,40.31,40.155,40.16,604.0
2025-01-29 19:15:00+00:00,40.14,40.16,40.12,40.15,378.0
2025-01-29 19:30:00+00:00,40.145,40.415,40.145,40.37,231.0
2025-01-29 19:45:00+00:00,40.37,40.45,40.34,40.41,1391.0
2025-01-29 20:00:00+00:00,40.4,40.42,40.275,40.365,1517.0
2025-01-29 20:15:00+00:00,40.37,40.445,40.29,40.415,925.0
2025-01-29 20:30:00+00:00,40.415,40.42,40.25,40.275,1449.0
2025-01-29 20:45:00+00:00,40.26,40.37,40.22,40.335,2556.0
2025-01-30 14:30:00+00:00,40.235,40.4,40.185,40.4,1618.0
2025-01-30 14:45:00+00:00,40.4,40.51,40.345,40.37,692.0
2025-01-30 15:00:00+00:00,40.38,40.445,40.29,40.375,1352.0
2025-01-30 15:15:00+00:00,40.37,40.48,40.345,40.41,566.0
2025-01-30 15:30:00+00:00,40.45,40.69,40.45,40.67,705.0
2025-01-30 15:45:00+00:00,40.65,40.74,40.51,40.58,1605.0
2025-01-30 16:00:00+00:00,40.58,40.65,40.55,40.56,589.0
2025-01-30 16:15:00+00:00,40.56,40.62,40.55,40.57,1028.0
2025-01-30 16:30:00+00:00,40.56,40.56,40.44,40.49,1013.0
2025-01-30 16:45:00+00:00,40.49,40.525,40.47,40.49,477.0
2025-01-30 17:00:00+00:00,40.49,40.545,40.47,40.515,1271.0
2025-01-30 17:15:00+00:00,40.505,40.64,40.48,40.63,523.0
2025-01-30 17:30:00+00:00,40.63,40.79,40.63,40.74,692.0
2025-01-30 17:45:00+00:00,40.74,40.845,40.73,40.825,211.0
2025-01-30 18:00:00+00:00,40.83,40.9,40.78,40.88,784.0
2025-01-30 18:15:00+00:00,40.89,40.925,40.83,40.845,228.0
2025-01-30 18:30:00+00:00,40.845,41.1,40.845,41.04,573.0
2025-01-30 18:45:00+00:00,41.04,41.045,40.96,40.99,868.0
2025-01-30 19:00:00+00:00,41.005,41.03,40.95,40.955,675.0
2025-01-30 19:15:00+00:00,40.955,40.975,40.89,40.89,805.0
2025-01-30 19:30:00+00:00,40.89,40.925,40.82,40.92,508.0
2025-01-30 19:45:00+00:00,40.91,41.035,40.905,41.02,126.0
2025-01-30 20:00:00+00:00,41.02,41.075,41.015,41.035,428.0
2025-01-30 20:15:00+00:00,41.02,41.04,40.96,41.02,593.0
2025-01-30 20:30:00+00:00,41.015,41.14,40.77,40.77,1613.0
2025-01-30 20:45:00+00:00,40.78,40.965,40.78,40.95,2426.0
2025-01-31 14:30:00+00:00,40.95,41.295,40.95,41.22,1737.0
2025-01-31 14:45:00+00:00,41.3,41.44,41.3,41.34,3037.0
2025-01-31 15:00:00+00:00,41.3,41.35,41.14,41.205,1696.0
2025-01-31 15:15:00+00:00,41.205,41.29,41.16,41.28,1388.0
2025-01-31 15:30:00+00:00,41.28,41.32,41.08,41.08,1636.0
2025-01-31 15:45:00+00:00,41.08,41.08,40.995,41.04,458.0
2025-01-31 16:00:00+00:00,41.05,41.05,40.91,40.96,665.0
2025-01-31 16:15:00+00:00,40.96,40.99,40.93,40.93,593.0
2025-01-31 16:30:00+00:00,40.96,41.02,40.84,40.85,1144.0
2025-01-31 16:45:00+00:00,40.85,40.94,40.825,40.93,750.0
2025-01-31 17:00:00+00:00,40.93,41.015,40.88,41.01,683.0
2025-01-31 17:15:00+00:00,40.955,41.11,40.945,41.11,3221.0
2025-01-31 17:30:00+00:00,41.08,41.115,41.04,41.065,3775.0
2025-01-31 17:45:00+00:00,41.065,41.245,41.065,41.245,1223.0
2025-01-31 18:00:00+00:00,41.245,41.3,41.22,41.22,359.0
2025-01-31 18:15:00+00:00,41.22,41.235,41.075,41.13,1792.0
2025-01-31 18:30:00+00:00,41.12,41.12,40.94,41.05,403.0
2025-01-31 18:45:00+00:00,41.05,41.06,40.99,41.02,841.0
2025-01-31 19:00:00+00:00,41.03,41.17,41.01,41.17,680.0
2025-01-31 19:15:00+00:00,41.135,41.135,41.045,41.075,427.0
2025-01-31 19:30:00+00:00,41.075,41.14,41.06,41.06,276.0
2025-01-31 19:45:00+00:00,41.05,41.13,41.02,41.13,332.0
2025-01-31 20:00:00+00:00,41.125,41.16,41.065,41.065,737.0
2025-01-31 20:15:00+00:00,41.065,41.09,40.91,40.925,892.0
2025-01-31 20:30:00+00:00,40.925,40.965,40.88,40.965,737.0
2025-01-31 20:45:00+00:00,40.98,41.07,40.945,41.01,2374.0
2025-02-03 14:30:00+00:00,39.59,39.775,39.43,39.775,757.0
2025-02-03 14:45:00+00:00,39.71,39.73,39.545,39.57,3620.0
2025-02-03 15:00:00+00:00,39.53,39.72,39.45,39.63,801.0
2025-02-03 15:15:00+00:00,39.62,39.96,39.53,39.96,1589.0
2025-02-03 15:30:00+00:00,39.88,40.02,39.795,39.92,2347.0
2025-02-03 15:45:00+00:00,39.91,40.42,39.875,40.41,2184.0
2025-02-03 16:00:00+00:00,40.4,40.53,40.35,40.485,2208.0
2025-02-03 16:15:00+00:00,40.485,40.51,40.35,40.4,899.0
2025-02-03 16:30:00+00:00,40.4,40.445,40.31,40.36,305.0
2025-02-03 16:45:00+00:00,40.34,40.425,40.27,40.29,2171.0
2025-02-03 17:00:00+00:00,40.31,40.34,40.18,40.26,2069.0
2025-02-03 17:15:00+00:00,40.26,40.42,40.2,40.345,1426.0
2025-02-03 17:30:00+00:00,40.35,40.36,40.21,40.23,1578.0
2025-02-03 17:45:00+00:00,40.22,40.315,40.16,40.27,3393.0
2025-02-03 18:00:00+00:00,40.25,40.33,40.15,40.3,3802.0
2025-02-03 18:15:00+00:00,40.315,40.35,40.265,40.285,1658.0
2025-02-03 18:30:00+00:00,40.285,40.41,40.285,40.3,3530.0
2025-02-03 18:45:00+00:00,40.3,40.465,40.3,40.425,2707.0
2025-02-03 19:00:00+00:00,40.44,40.615,40.44,40.615,912.0
2025-02-03 19:15:00+00:00,40.61,40.64,40.57,40.58,3661.0
2025-02-03 19:30:00+00:00,40.585,40.705,40.57,40.67,2536.0
2025-02-03 19:45:00+00:00,40.67,40.8,40.67,40.79,1740.0
2025-02-03 20:00:00+00:00,40.79,40.91,40.785,40.84,2519.0
2025-02-03 20:15:00+00:00,40.84,40.87,40.77,40.78,2456.0
2025-02-03 20:30:00+00:00,40.775,40.89,40.77,40.835,3863.0
2025-02-03 20:45:00+00:00,40.835,40.925,40.68,40.705,5843.0
2025-02-04 14:30:00+00:00,40.445,40.815,40.445,40.57,990.0
2025-02-04 14:45:00+00:00,40.655,40.76,40.54,40.76,627.0
2025-02-04 15:00:00+00:00,40.74,41.05,40.74,40.925,1167.0
2025-02-04 15:15:00+00:00,40.9,41.13,40.84,41.03,1096.0
2025-02-04 15:30:00+00:00,41.03,41.08,40.86,40.9,1178.0
2025-02-04 15:45:00+00:00,40.885,41.0,40.885,40.97,1431.0
2025-02-04 16:00:00+00:00,40.97,41.0,40.91,40.91,429.0
2025-02-04 16:15:00+00:00,40.915,40.99,40.905,40.98,279.0
2025-02-04 16:30:00+00:00,40.98,40.98,40.79,40.84,795.0
2025-02-04 16:45:00+00:00,40.84,40.85,40.775,40.83,663.0
2025-02-04 17:00:00+00:00,40.83,40.83,40.76,40.77,522.0
2025-02-04 17:15:00+00:00,40.765,40.765,40.5,40.52,22.0
2025-02-04 17:30:00+00:00,40.52,40.7,40.52,40.65,373.0
2025-02-04 17:45:00+00:00,40.64,40.66,40.6,40.645,316.0
2025-02-04 18:00:00+00:00,40.635,40.64,40.41,40.41,415.0
2025-02-04 18:15:00+00:00,40.41,40.435,40.375,40.38,725.0
2025-02-04 18:30:00+00:00,40.38,40.385,40.225,40.225,677.0
2025-02-04 18:45:00+00:00,40.225,40.265,40.2,40.245,644.0
2025-02-04 19:00:00+00:00,40.245,40.33,40.235,40.305,1566.0
2025-02-04 19:15:00+00:00,40.305,40.34,40.245,40.325,2675.0
2025-02-04 19:30:00+00:00,40.34,40.395,40.31,40.325,3528.0
2025-02-04 19:45:00+00:00,40.325,40.325,39.855,39.855,2323.0
2025-02-04 20:00:00+00:00,39.89,40.01,39.73,39.79,2671.0
2025-02-04 20:15:00+00:00,39.79,40.09,39.79,40.005,1674.0
2025-02-04 20:30:00+00:00,40.0,40.08,39.995,40.015,2013.0
2025-02-04 20:45:00+00:00,40.01,40.055,39.885,39.895,1952.0
2025-02-05 14:30:00+00:00,43.36,44.3,43.09,44.08,15502.0
2025-02-05 14:45:00+00:00,44.29,45.51,44.29,44.635,21327.0
2025-02-05 15:00:00+00:00,44.455,44.8,44.09,44.25,7378.0
2025-02-05 15:15:00+00:00,44.25,44.61,44.2,44.39,3346.0
2025-02-05 15:30:00+00:00,44.46,44.515,44.11,44.285,2342.0
2025-02-05 15:45:00+00:00,44.285,44.495,44.22,44.495,1672.0
2025-02-05 16:00:00+00:00,44.58,44.73,44.45,44.7,1848.0
2025-02-05 16:15:00+00:00,44.7,44.7,44.41,44.56,1623.0
2025-02-05 16:30:00+00:00,44.57,44.7,44.55,44.67,2148.0
2025-02-05 16:45:00+00:00,44.705,44.95,44.66,44.94,2289.0
2025-02-05 17:00:00+00:00,44.935,45.17,44.9,45.155,3114.0
2025-02-05 17:15:00+00:00,45.155,45.39,45.1,45.35,2930.0
2025-02-05 17:30:00+00:00,45.345,45.62,45.32,45.605,5659.0
2025-02-05 17:45:00+00:00,45.605,45.84,45.47,45.785,3978.0
2025-02-05 18:00:00+00:00,45.785,46.08,45.785,45.96,4159.0
2025-02-05 18:15:00+00:00,45.96,46.05,45.79,45.8,5721.0
2025-02-05 18:30:00+00:00,45.81,45.89,45.6,45.635,5014.0
2025-02-05 18:45:00+00:00,45.635,45.91,45.635,45.9,4191.0
2025-02-05 19:00:00+00:00,45.91,45.965,45.79,45.88,3621.0
2025-02-05 19:15:00+00:00,45.875,45.96,45.58,45.695,6447.0
2025-02-05 19:30:00+00:00,45.695,45.83,45.67,45.795,3154.0
2025-02-05 19:45:00+00:00,45.795,45.96,45.71,45.96,4423.0
2025-02-05 20:00:00+00:00,45.96,45.98,45.76,45.78,3635.0
2025-02-05 20:15:00+00:00,45.815,45.865,45.625,45.68,2322.0
2025-02-05 20:30:00+00:00,45.675,45.745,45.605,45.73,3205.0
2025-02-05 20:45:00+00:00,45.73,45.895,45.69,45.755,14508.0
2025-02-06 14:30:00+00:00,44.89,45.065,44.57,44.96,13661.0
2025-02-06 14:45:00+00:00,44.995,45.2,44.93,44.95,12804.0
2025-02-06 15:00:00+00:00,44.985,45.2,44.945,45.065,4719.0
2025-02-06 15:15:00+00:00,45.065,45.065,44.725,44.83,1371.0
2025-02-06 15:30:00+00:00,44.815,44.835,44.64,44.65,2059.0
2025-02-06 15:45:00+00:00,44.65,44.65,44.39,44.47,3952.0
2025-02-06 16:00:00+00:00,44.465,44.47,44.13,44.135,4111.0
2025-02-06 16:15:00+00:00,44.135,44.395,44.135,44.3,1827.0
2025-02-06 16:30:00+00:00,44.25,44.42,44.185,44.345,2734.0
2025-02-06 16:45:00+00:00,44.345,44.56,44.345,44.495,2575.0
2025-02-06 17:00:00+00:00,44.495,44.63,44.4,44.45,2820.0
2025-02-06 17:15:00+00:00,44.46,44.615,44.46,44.575,2257.0
2025-02-06 17:30:00+00:00,44.575,44.7,44.54,44.64,1975.0
2025-02-06 17:45:00+00:00,44.63,44.645,44.54,44.605,2027.0
2025-02-06 18:00:00+00:00,44.605,44.67,44.55,44.645,2469.0
2025-02-06 18:15:00+00:00,44.645,44.7,44.585,44.69,2522.0
2025-02-06 18:30:00+00:00,44.695,44.78,44.58,44.61,6735.0
2025-02-06 18:45:00+00:00,44.61,44.62,44.47,44.48,4611.0
2025-02-06 19:00:00+00:00,44.475,44.56,44.42,44.475,2292.0
2025-02-06 19:15:00+00:00,44.515,44.625,44.45,44.45,2321.0
2025-02-06 19:30:00+00:00,44.435,44.52,44.36,44.47,1552.0
2025-02-06 19:45:00+00:00,44.47,44.55,44.44,44.505,1179.0
2025-02-06 20:00:00+00:00,44.505,44.565,44.49,44.525,1833.0
2025-02-06 20:15:00+00:00,44.525,44.64,44.525,44.59,2120.0
2025-02-06 20:30:00+00:00,44.59,44.615,44.48,44.59,9189.0
2025-02-06 20:45:00+00:00,44.59,44.765,44.56,44.63,14241.0
2025-02-07 14:30:00+00:00,44.87,44.87,44.58,44.655,2440.0
2025-02-07 14:45:00+00:00,44.72,45.09,44.69,44.94,1800.0
2025-02-07 15:00:00+00:00,44.92,45.04,44.74,44.785,3347.0
2025-02-07 15:15:00+00:00,44.785,44.85,44.785,44.835,866.0
2025-02-07 15:30:00+00:00,44.81,44.88,44.74,44.825,1359.0
2025-02-07 15:45:00+00:00,44.825,44.825,44.38,44.47,951.0
2025-02-07 16:00:00+00:00,44.47,44.47,44.08,44.08,1359.0
2025-02-07 16:15:00+00:00,44.1,44.12,43.79,43.79,2715.0
2025-02-07 16:30:00+00:00,43.795,43.885,43.74,43.74,1459.0
2025-02-07 16:45:00+00:00,43.74,43.945,43.65,43.86,9426.0
2025-02-07 17:00:00+00:00,43.86,43.99,43.8,43.85,3135.0
2025-02-07 17:15:00+00:00,43.845,43.89,43.74,43.86,2468.0
2025-02-07 17:30:00+00:00,43.86,44.03,43.8,44.01,907.0
2025-02-07 17:45:00+00:00,44.01,44.07,43.91,44.07,1644.0
2025-02-07 18:00:00+00:00,44.07,44.07,43.805,43.89,4076.0
2025-02-07 18:15:00+00:00,43.89,43.91,43.685,43.72,1217.0
2025-02-07 18:30:00+00:00,43.69,43.72,43.49,43.51,1168.0
2025-02-07 18:45:00+00:00,43.54,43.545,43.315,43.38,3027.0
2025-02-07 19:00:00+00:00,43.41,43.445,43.28,43.34,2220.0
2025-02-07 19:15:00+00:00,43.34,43.48,43.325,43.45,891.0
2025-02-07 19:30:00+00:00,43.47,43.595,43.465,43.53,1335.0
2025-02-07 19:45:00+00:00,43.535,43.535,43.31,43.33,2501.0
2025-02-07 20:00:00+00:00,43.33,43.33,43.025,43.045,2491.0
2025-02-07 20:15:00+00:00,43.045,43.075,42.925,42.93,3209.0
2025-02-07 20:30:00+00:00,42.94,42.99,42.85,42.92,6128.0
2025-02-07 20:45:00+00:00,42.92,43.05,42.835,43.03,11899.0
2025-02-10 14:30:00+00:00,42.985,42.985,42.55,42.58,2052.0
2025-02-10 14:45:00+00:00,42.58,42.88,42.535,42.72,1163.0
2025-02-10 15:00:00+00:00,42.7,42.79,42.45,42.45,1559.0
2025-02-10 15:15:00+00:00,42.45,42.49,42.385,42.44,850.0
2025-02-10 15:30:00+00:00,42.44,42.44,42.15,42.355,731.0
2025-02-10 15:45:00+00:00,42.35,42.365,42.185,42.23,1932.0
2025-02-10 16:00:00+00:00,42.23,42.27,42.09,42.125,1185.0
2025-02-10 16:15:00+00:00,42.125,42.14,42.05,42.1,573.0
2025-02-10 16:30:00+00:00,42.09,42.17,42.06,42.14,350.0
2025-02-10 16:45:00+00:00,42.14,42.22,42.11,42.215,452.0
2025-02-10 17:00:00+00:00,42.215,42.275,42.17,42.27,676.0
2025-02-10 17:15:00+00:00,42.27,42.27,42.11,42.18,567.0
2025-02-10 17:30:00+00:00,42.17,42.21,42.11,42.115,545.0
2025-02-10 17:45:00+00:00,42.12,42.25,42.09,42.23,488.0
2025-02-10 18:00:00+00:00,42.23,42.265,42.21,42.22,165.0
2025-02-10 18:15:00+00:00,42.22,42.265,42.06,42.06,1315.0
2025-02-10 18:30:00+00:00,42.06,42.13,42.045,42.09,1601.0
2025-02-10 18:45:00+00:00,42.085,42.23,42.06,42.17,820.0
2025-02-10 19:00:00+00:00,42.15,42.19,42.125,42.125,355.0
2025-02-10 19:15:00+00:00,42.125,42.21,42.09,42.135,801.0
2025-02-10 19:30:00+00:00,42.135,42.15,42.055,42.12,265.0
2025-02-10 19:45:00+00:00,42.125,42.31,42.12,42.24,1197.0
2025-02-10 20:00:00+00:00,42.23,42.305,42.15,42.15,3414.0
2025-02-10 20:15:00+00:00,42.14,42.215,42.12,42.185,1594.0
2025-02-10 20:30:00+00:00,42.185,42.23,42.16,42.215,2711.0
2025-02-10 20:45:00+00:00,42.22,42.225,42.045,42.07,6832.0
2025-02-11 14:30:00+00:00,41.9,41.93,41.7,41.7,1008.0
2025-02-11 14:45:00+00:00,41.68,41.87,41.68,41.77,935.0
2025-02-11 15:00:00+00:00,41.77,41.93,41.765,41.875,1453.0
2025-02-11 15:15:00+00:00,41.87,41.985,41.74,41.76,1212.0
2025-02-11 15:30:00+00:00,41.76,41.94,41.76,41.92,1592.0
2025-02-11 15:45:00+00:00,41.94,42.02,41.89,41.955,1430.0
2025-02-11 16:00:00+00:00,41.96,42.08,41.96,42.015,1072.0
2025-02-11 16:15:00+00:00,42.015,42.13,42.01,42.03,924.0
2025-02-11 16:30:00+00:00,42.03,42.04,41.965,41.995,1970.0
2025-02-11 16:45:00+00:00,42.005,42.035,41.89,41.89,1319.0
2025-02-11 17:00:00+00:00,41.9,41.93,41.86,41.88,375.0
2025-02-11 17:15:00+00:00,41.875,41.94,41.875,41.885,452.0
2025-02-11 17:30:00+00:00,41.885,41.905,41.78,41.8,1348.0
2025-02-11 17:45:00+00:00,41.795,41.795,41.695,41.705,1031.0
2025-02-11 18:00:00+00:00,41.705,41.79,41.705,41.75,775.0
2025-02-11 18:15:00+00:00,41.75,41.79,41.745,41.76,145.0
2025-02-11 18:30:00+00:00,41.74,41.77,41.67,41.705,803.0
2025-02-11 18:45:00+00:00,41.7,41.725,41.66,41.69,741.0
2025-02-11 19:00:00+00:00,41.69,41.725,41.59,41.59,410.0
2025-02-11 19:15:00+00:00,41.585,41.605,41.54,41.54,828.0
2025-02-11 19:30:00+00:00,41.54,41.63,41.52,41.575,2405.0
2025-02-11 19:45:00+00:00,41.57,41.58,41.41,41.41,557.0
2025-02-11 20:00:00+00:00,41.42,41.56,41.41,41.45,584.0
2025-02-11 20:15:00+00:00,41.45,41.67,41.39,41.66,2483.0
2025-02-11 20:30:00+00:00,41.66,41.66,41.445,41.56,5466.0
2025-02-11 20:45:00+00:00,41.56,41.81,41.53,41.77,9020.0
2025-02-12 14:30:00+00:00,41.77,41.77,41.01,41.14,3070.0
2025-02-12 14:45:00+00:00,41.12,41.26,41.12,41.24,1628.0
2025-02-12 15:00:00+00:00,41.19,41.26,41.095,41.225,1691.0
2025-02-12 15:15:00+00:00,41.225,41.395,41.205,41.345,893.0
2025-02-12 15:30:00+00:00,41.4,41.41,41.24,41.37,518.0
2025-02-12 15:45:00+00:00,41.34,41.44,41.31,41.41,208.0
2025-02-12 16:00:00+00:00,41.41,41.415,41.31,41.31,545.0
2025-02-12 16:15:00+00:00,41.28,41.335,41.21,41.295,1593.0
2025-02-12 16:30:00+00:00,41.295,41.56,41.295,41.555,1419.0
2025-02-12 16:45:00+00:00,41.55,41.555,41.405,41.46,1488.0
2025-02-12 17:00:00+00:00,41.46,41.56,41.4,41.43,1475.0
2025-02-12 17:15:00+00:00,41.43,41.43,41.335,41.35,1361.0
2025-02-12 17:30:00+00:00,41.35,41.39,41.255,41.28,7806.0
2025-02-12 17:45:00+00:00,41.3,41.4,41.3,41.39,214.0
2025-02-12 18:00:00+00:00,41.38,41.49,41.33,41.47,320.0
2025-02-12 18:15:00+00:00,41.47,41.48,41.37,41.37,382.0
2025-02-12 18:30:00+00:00,41.37,41.38,41.26,41.26,1914.0
2025-02-12 18:45:00+00:00,41.27,41.4,41.26,41.4,591.0
2025-02-12 19:00:00+00:00,41.39,41.39,41.33,41.345,1628.0
2025-02-12 19:15:00+00:00,41.345,41.45,41.34,41.45,1250.0
2025-02-12 19:30:00+00:00,41.45,41.45,41.35,41.385,715.0
2025-02-12 19:45:00+00:00,41.385,41.44,41.38,41.43,32.0
2025-02-12 20:00:00+00:00,41.415,41.435,41.37,41.415,793.0
2025-02-12 20:15:00+00:00,41.415,41.465,41.4,41.45,949.0
2025-02-12 20:30:00+00:00,41.45,41.46,41.43,41.445,4229.0
2025-02-12 20:45:00+00:00,41.445,41.515,41.38,41.44,6536.0
2025-02-13 14:30:00+00:00,41.04,41.42,41.04,41.3,1254.0
2025-02-13 14:45:00+00:00,41.33,41.46,41.2,41.455,946.0
2025-02-13 15:00:00+00:00,41.49,41.75,41.42,41.74,1347.0
2025-02-13 15:15:00+00:00,41.74,41.98,41.735,41.78,2284.0
2025-02-13 15:30:00+00:00,41.78,41.78,41.58,41.77,893.0
2025-02-13 15:45:00+00:00,41.8,41.88,41.63,41.72,1082.0
2025-02-13 16:00:00+00:00,41.675,41.83,41.67,41.76,4115.0
2025-02-13 16:15:00+00:00,41.775,41.79,41.62,41.69,2199.0
2025-02-13 16:30:00+00:00,41.69,41.87,41.69,41.86,1564.0
2025-02-13 16:45:00+00:00,41.89,42.09,41.88,42.05,3043.0
2025-02-13 17:00:00+00:00,42.065,42.12,41.935,42.02,3362.0
2025-02-13 17:15:00+00:00,42.02,42.1,41.98,42.065,9371.0
2025-02-13 17:30:00+00:00,42.065,42.145,42.01,42.11,3063.0
2025-02-13 17:45:00+00:00,42.1,42.135,41.94,41.96,2460.0
2025-02-13 18:00:00+00:00,41.96,41.975,41.77,41.78,562.0
2025-02-13 18:15:00+00:00,41.78,41.86,41.63,41.82,504.0
2025-02-13 18:30:00+00:00,41.83,41.89,41.74,41.81,615.0
2025-02-13 18:45:00+00:00,41.81,41.89,41.795,41.89,330.0
2025-02-13 19:00:00+00:00,41.9,41.985,41.9,41.985,144.0
2025-02-13 19:15:00+00:00,41.99,42.08,41.895,41.91,389.0
2025-02-13 19:30:00+00:00,41.91,42.02,41.89,41.9,1507.0
2025-02-13 19:45:00+00:00,41.9,41.935,41.855,41.905,521.0
2025-02-13 20:00:00+00:00,41.905,41.99,41.85,41.95,2457.0
2025-02-13 20:15:00+00:00,41.96,42.065,41.955,42.055,1018.0
2025-02-13 20:30:00+00:00,42.06,42.15,42.035,42.11,1124.0
2025-02-13 20:45:00+00:00,42.105,42.14,41.98,42.12,4500.0
2025-02-14 14:30:00+00:00,42.285,42.35,42.12,42.17,2010.0
2025-02-14 14:45:00+00:00,42.18,42.51,42.09,42.475,5298.0
2025-02-14 15:00:00+00:00,42.42,42.63,42.29,42.31,1909.0
2025-02-14 15:15:00+00:00,42.24,42.47,42.185,42.43,1555.0
2025-02-14 15:30:00+00:00,42.44,42.55,42.34,42.375,953.0
2025-02-14 15:45:00+00:00,42.375,42.39,42.17,42.24,1497.0
2025-02-14 16:00:00+00:00,42.245,42.33,42.24,42.325,2559.0
2025-02-14 16:15:00+00:00,42.325,42.41,42.24,42.34,2071.0
2025-02-14 16:30:00+00:00,42.34,42.41,42.295,42.4,2263.0
2025-02-14 16:45:00+00:00,42.39,42.43,42.3,42.43,1802.0
2025-02-14 17:00:00+00:00,42.43,42.43,42.325,42.365,832.0
2025-02-14 17:15:00+00:00,42.365,42.45,42.355,42.41,1518.0
2025-02-14 17:30:00+00:00,42.41,42.41,42.31,42.37,716.0
2025-02-14 17:45:00+00:00,42.37,42.46,42.37,42.375,730.0
2025-02-14 18:00:00+00:00,42.38,42.44,42.36,42.435,610.0
2025-02-14 18:15:00+00:00,42.435,42.46,42.43,42.46,1074.0
2025-02-14 18:30:00+00:00,42.46,42.47,42.41,42.435,334.0
2025-02-14 18:45:00+00:00,42.44,42.55,42.44,42.51,1018.0
2025-02-14 19:00:00+00:00,42.505,42.63,42.5,42.63,1048.0
2025-02-14 19:15:00+00:00,42.63,42.7,42.51,42.58,65026.0
2025-02-14 19:30:00+00:00,42.575,42.62,42.54,42.6,1344.0
2025-02-14 19:45:00+00:00,42.6,42.6,42.515,42.525,841.0
2025-02-14 20:00:00+00:00,42.525,42.555,42.455,42.52,1183.0
2025-02-14 20:15:00+00:00,42.525,42.595,42.52,42.55,1030.0
2025-02-14 20:30:00+00:00,42.56,42.56,42.44,42.46,1271.0
2025-02-14 20:45:00+00:00,42.46,42.475,42.165,42.235,8289.0
2025-02-17 14:30:00+00:00,42.235,42.235,42.235,42.235,0.0
2025-02-17 14:45:00+00:00,42.235,42.235,42.235,42.235,0.0
2025-02-17 15:00:00+00:00,42.235,42.235,42.235,42.235,0.0
2025-02-17 15:15:00+00:00,42.235,42.235,42.235,42.235,0.0
2025-02-17 15:30:00+00:00,42.235,42.235,42.235,42.235,0.0
2025-02-17 15:45:00+00:00,42.235,42.235,42.235,42.235,0.0
2025-02-17 16:00:00+00:00,42.235,42.235,42.235,42.235,0.0
2025-02-17 16:15:00+00:00,42.235,42.235,42.235,42.235,0.0
2025-02-17 16:30:00+00:00,42.235,42.235,42.235,42.235,0.0
2025-02-17 16:45:00+00:00,42.235,42.235,42.235,42.235,0.0
2025-02-17 17:00:00+00:00,42.235,42.235,42.235,42.235,0.0
2025-02-17 17:15:00+00:00,42.235,42.235,42.235,42.235,0.0
2025-02-17 17:30:00+00:00,42.235,42.235,42.235,42.235,0.0
2025-02-17 17:45:00+00:00,42.235,42.235,42.235,42.235,0.0
2025-02-17 18:00:00+00:00,42.235,42.235,42.235,42.235,0.0
2025-02-17 18:15:00+00:00,42.235,42.235,42.235,42.235,0.0
2025-02-17 18:30:00+00:00,42.235,42.235,42.235,42.235,0.0
2025-02-17 18:45:00+00:00,42.235,42.235,42.235,42.235,0.0
2025-02-17 19:00:00+00:00,42.235,42.235,42.235,42.235,0.0
2025-02-17 19:15:00+00:00,42.235,42.235,42.235,42.235,0.0
2025-02-17 19:30:00+00:00,42.235,42.235,42.235,42.235,0.0
2025-02-17 19:45:00+00:00,42.235,42.235,42.235,42.235,0.0
2025-02-17 20:00:00+00:00,42.235,42.235,42.235,42.235,0.0
2025-02-17 20:15:00+00:00,42.235,42.235,42.235,42.235,0.0
2025-02-17 20:30:00+00:00,42.235,42.235,42.235,42.235,0.0
2025-02-17 20:45:00+00:00,42.235,42.235,42.235,42.235,0.0
2025-02-18 14:30:00+00:00,42.245,42.25,42.1,42.17,764.0
2025-02-18 14:45:00+00:00,42.09,42.14,42.005,42.13,845.0
2025-02-18 15:00:00+00:00,42.135,42.4,42.115,42.4,1851.0
2025-02-18 15:15:00+00:00,42.37,42.515,42.33,42.48,4944.0
2025-02-18 15:30:00+00:00,42.49,42.6,42.48,42.59,2429.0
2025-02-18 15:45:00+00:00,42.59,42.65,42.54,42.62,1445.0
2025-02-18 16:00:00+00:00,42.62,42.62,42.52,42.52,506.0
2025-02-18 16:15:00+00:00,42.52,42.52,42.435,42.48,1410.0
2025-02-18 16:30:00+00:00,42.48,42.51,42.44,42.45,752.0
2025-02-18 16:45:00+00:00,42.45,42.565,42.45,42.535,4761.0
2025-02-18 17:00:00+00:00,42.525,42.58,42.5,42.505,1254.0
2025-02-18 17:15:00+00:00,42.51,42.56,42.41,42.56,852.0
2025-02-18 17:30:00+00:00,42.565,42.7,42.56,42.685,636.0
2025-02-18 17:45:00+00:00,42.685,42.69,42.565,42.61,1570.0
2025-02-18 18:00:00+00:00,42.64,42.65,42.515,42.53,418.0
2025-02-18 18:15:00+00:00,42.52,42.59,42.5,42.545,884.0
2025-02-18 18:30:00+00:00,42.545,42.59,42.54,42.59,644.0
2025-02-18 18:45:00+00:00,42.6,42.6,42.55,42.565,2988.0
2025-02-18 19:00:00+00:00,42.565,42.61,42.52,42.545,220.0
2025-02-18 19:15:00+00:00,42.51,42.545,42.48,42.535,517.0
2025-02-18 19:30:00+00:00,42.535,42.6,42.51,42.51,1406.0
2025-02-18 19:45:00+00:00,42.51,42.6,42.51,42.54,975.0
2025-02-18 20:00:00+00:00,42.54,42.575,42.535,42.55,1747.0
2025-02-18 20:15:00+00:00,42.545,42.6,42.535,42.54,2447.0
2025-02-18 20:30:00+00:00,42.54,42.6,42.53,42.585,2700.0
2025-02-18 20:45:00+00:00,42.585,42.62,42.545,42.6,3424.0
2025-02-19 14:30:00+00:00,42.625,42.96,42.38,42.49,723.0
2025-02-19 14:45:00+00:00,42.495,42.655,42.47,42.56,2789.0
2025-02-19 15:00:00+00:00,42.55,42.61,42.37,42.38,2320.0
2025-02-19 15:15:00+00:00,42.38,42.42,42.28,42.315,1051.0
2025-02-19 15:30:00+00:00,42.31,42.44,42.31,42.36,212.0
2025-02-19 15:45:00+00:00,42.385,42.455,42.345,42.455,517.0
2025-02-19 16:00:00+00:00,42.47,42.49,42.44,42.455,1017.0
2025-02-19 16:15:00+00:00,42.45,42.46,42.38,42.46,2282.0
2025-02-19 16:30:00+00:00,42.46,42.525,42.455,42.505,1052.0
2025-02-19 16:45:00+00:00,42.505,42.55,42.49,42.5,1460.0
2025-02-19 17:00:00+00:00,42.49,42.62,42.47,42.59,834.0
2025-02-19 17:15:00+00:00,42.59,42.59,42.495,42.565,1259.0
2025-02-19 17:30:00+00:00,42.545,42.565,42.51,42.525,390.0
2025-02-19 17:45:00+00:00,42.525,42.56,42.48,42.56,1211.0
2025-02-19 18:00:00+00:00,42.56,42.58,42.48,42.495,561.0
2025-02-19 18:15:00+00:00,42.5,42.535,42.45,42.45,893.0
2025-02-19 18:30:00+00:00,42.45,42.5,42.45,42.49,782.0
2025-02-19 18:45:00+00:00,42.49,42.52,42.47,42.52,1237.0
2025-02-19 19:00:00+00:00,42.52,42.625,42.5,42.625,1405.0
2025-02-19 19:15:00+00:00,42.63,42.64,42.59,42.59,819.0
2025-02-19 19:30:00+00:00,42.59,42.735,42.56,42.705,689.0
2025-02-19 19:45:00+00:00,42.7,42.81,42.685,42.765,2246.0
2025-02-19 20:00:00+00:00,42.72,42.755,42.69,42.75,1259.0
2025-02-19 20:15:00+00:00,42.75,42.86,42.74,42.78,3286.0
2025-02-19 20:30:00+00:00,42.82,42.87,42.715,42.815,6554.0
2025-02-19 20:45:00+00:00,42.815,42.86,42.75,42.76,4091.0
2025-02-20 14:30:00+00:00,42.71,43.005,42.71,42.94,3943.0
2025-02-20 14:45:00+00:00,42.935,43.09,42.78,42.87,2267.0
2025-02-20 15:00:00+00:00,42.865,42.99,42.775,42.965,1897.0
2025-02-20 15:15:00+00:00,42.975,42.99,42.82,42.905,2283.0
2025-02-20 15:30:00+00:00,42.9,42.91,42.82,42.87,2794.0
2025-02-20 15:45:00+00:00,42.87,42.88,42.77,42.805,4142.0
2025-02-20 16:00:00+00:00,42.84,42.97,42.82,42.89,2601.0
2025-02-20 16:15:00+00:00,42.89,43.04,42.885,43.04,3395.0
2025-02-20 16:30:00+00:00,43.035,43.19,43.03,43.175,843.0
2025-02-20 16:45:00+00:00,43.175,43.19,43.075,43.155,3261.0
2025-02-20 17:00:00+00:00,43.155,43.17,43.03,43.045,623.0
2025-02-20 17:15:00+00:00,43.045,43.205,43.045,43.165,780.0
2025-02-20 17:30:00+00:00,43.17,43.245,43.15,43.24,993.0
2025-02-20 17:45:00+00:00,43.24,43.24,43.14,43.16,482.0
2025-02-20 18:00:00+00:00,43.11,43.14,43.05,43.06,687.0
2025-02-20 18:15:00+00:00,43.07,43.075,42.985,43.01,1809.0
2025-02-20 18:30:00+00:00,43.01,43.06,43.0,43.05,701.0
2025-02-20 18:45:00+00:00,43.05,43.095,42.995,43.005,309.0
2025-02-20 19:00:00+00:00,43.025,43.085,43.02,43.055,322.0
2025-02-20 19:15:00+00:00,43.055,43.055,42.98,43.02,624.0
2025-02-20 19:30:00+00:00,43.02,43.055,42.995,43.055,124.0
2025-02-20 19:45:00+00:00,43.055,43.125,43.045,43.1,160.0
2025-02-20 20:00:00+00:00,43.1,43.15,43.07,43.085,349.0
2025-02-20 20:15:00+00:00,43.075,43.17,43.07,43.105,1393.0
2025-02-20 20:30:00+00:00,43.105,43.15,43.06,43.14,991.0
2025-02-20 20:45:00+00:00,43.14,43.21,43.045,43.085,2892.0
2025-02-21 14:30:00+00:00,42.87,42.89,42.7,42.87,8581.0
2025-02-21 14:45:00+00:00,42.89,42.89,42.75,42.81,1852.0
2025-02-21 15:00:00+00:00,42.825,42.84,42.79,42.8,403.0
2025-02-21 15:15:00+00:00,42.84,42.84,42.665,42.665,4549.0
2025-02-21 15:30:00+00:00,42.665,42.705,42.6,42.62,5698.0
2025-02-21 15:45:00+00:00,42.62,42.65,42.57,42.64,2146.0
2025-02-21 16:00:00+00:00,42.66,42.73,42.65,42.65,645.0
2025-02-21 16:15:00+00:00,42.685,42.71,42.66,42.7,1300.0
2025-02-21 16:30:00+00:00,42.695,42.74,42.685,42.715,1155.0
2025-02-21 16:45:00+00:00,42.715,42.715,42.645,42.675,609.0
2025-02-21 17:00:00+00:00,42.68,42.76,42.68,42.76,825.0
2025-02-21 17:15:00+00:00,42.76,42.765,42.69,42.695,1445.0
2025-02-21 17:30:00+00:00,42.685,42.685,42.23,42.24,1956.0
2025-02-21 17:45:00+00:00,42.24,42.24,41.86,41.895,3789.0
2025-02-21 18:00:00+00:00,41.895,41.91,41.48,41.51,3122.0
2025-02-21 18:15:00+00:00,41.51,41.78,41.51,41.66,1419.0
2025-02-21 18:30:00+00:00,41.66,41.745,41.6,41.6,2484.0
2025-02-21 18:45:00+00:00,41.6,41.72,41.59,41.69,2474.0
2025-02-21 19:00:00+00:00,41.7,41.71,41.52,41.66,2329.0
2025-02-21 19:15:00+00:00,41.645,41.67,41.3,41.305,4174.0
2025-02-21 19:30:00+00:00,41.33,41.44,41.07,41.085,1118.0
2025-02-21 19:45:00+00:00,41.08,41.29,41.025,41.19,5437.0
2025-02-21 20:00:00+00:00,41.175,41.36,41.17,41.305,1774.0
2025-02-21 20:15:00+00:00,41.31,41.47,41.305,41.34,1028.0
2025-02-21 20:30:00+00:00,41.35,41.36,41.15,41.27,2478.0
2025-02-21 20:45:00+00:00,41.27,41.36,41.225,41.27,4041.0
2025-02-24 14:30:00+00:00,41.185,41.185,40.99,41.0,1640.0
2025-02-24 14:45:00+00:00,41.0,41.0,40.52,40.56,2381.0
2025-02-24 15:00:00+00:00,40.535,40.81,40.335,40.8,1799.0
2025-02-24 15:15:00+00:00,40.79,40.815,40.67,40.67,1023.0
2025-02-24 15:30:00+00:00,40.67,40.88,40.64,40.86,2147.0
2025-02-24 15:45:00+00:00,40.865,40.99,40.8,40.99,2716.0
2025-02-24 16:00:00+00:00,40.93,41.04,40.87,40.9,1005.0
2025-02-24 16:15:00+00:00,40.885,41.175,40.85,41.1,3584.0
2025-02-24 16:30:00+00:00,41.1,41.18,41.06,41.17,1375.0
2025-02-24 16:45:00+00:00,41.185,41.185,41.09,41.14,1409.0
2025-02-24 17:00:00+00:00,41.13,41.21,41.09,41.15,1947.0
2025-02-24 17:15:00+00:00,41.17,41.295,41.17,41.23,2405.0
2025-02-24 17:30:00+00:00,41.23,41.315,41.19,41.275,1027.0
2025-02-24 17:45:00+00:00,41.275,41.29,41.205,41.23,1654.0
2025-02-24 18:00:00+00:00,41.23,41.45,41.22,41.445,1305.0
2025-02-24 18:15:00+00:00,41.45,41.51,41.41,41.455,366.0
2025-02-24 18:30:00+00:00,41.455,41.68,41.425,41.63,1056.0
2025-02-24 18:45:00+00:00,41.63,41.68,41.465,41.47,777.0
2025-02-24 19:00:00+00:00,41.495,41.57,41.445,41.46,823.0
2025-02-24 19:15:00+00:00,41.46,41.46,41.36,41.43,1550.0
2025-02-24 19:30:00+00:00,41.45,41.49,41.415,41.475,398.0
2025-02-24 19:45:00+00:00,41.475,41.585,41.47,41.495,1350.0
2025-02-24 20:00:00+00:00,41.495,41.63,41.395,41.55,4826.0
2025-02-24 20:15:00+00:00,41.55,41.64,41.435,41.435,1205.0
2025-02-24 20:30:00+00:00,41.44,41.6,41.44,41.58,2888.0
2025-02-24 20:45:00+00:00,41.58,41.62,41.515,41.53,9828.0
2025-02-25 14:30:00+00:00,43.32,43.32,42.67,42.725,4863.0
2025-02-25 14:45:00+00:00,42.73,42.88,42.46,42.73,6385.0
2025-02-25 15:00:00+00:00,42.73,42.73,42.34,42.35,4231.0
2025-02-25 15:15:00+00:00,42.35,42.43,42.225,42.3,7281.0
2025-02-25 15:30:00+00:00,42.31,42.49,42.22,42.44,5773.0
2025-02-25 15:45:00+00:00,42.45,42.62,42.45,42.575,2927.0
2025-02-25 16:00:00+00:00,42.59,42.675,42.455,42.495,4557.0
2025-02-25 16:15:00+00:00,42.46,42.48,42.23,42.23,2498.0
2025-02-25 16:30:00+00:00,42.23,42.23,42.05,42.21,2048.0
2025-02-25 16:45:00+00:00,42.22,42.25,42.04,42.21,2615.0
2025-02-25 17:00:00+00:00,42.21,42.26,42.14,42.21,2095.0
2025-02-25 17:15:00+00:00,42.21,42.21,42.08,42.08,1885.0
2025-02-25 17:30:00+00:00,42.08,42.14,41.96,42.135,1124.0
2025-02-25 17:45:00+00:00,42.135,42.355,42.09,42.335,1540.0
2025-02-25 18:00:00+00:00,42.335,42.45,42.27,42.37,2722.0
2025-02-25 18:15:00+00:00,42.365,42.44,42.24,42.245,2376.0
2025-02-25 18:30:00+00:00,42.245,42.35,42.11,42.21,3354.0
2025-02-25 18:45:00+00:00,42.21,42.29,42.17,42.185,1359.0
2025-02-25 19:00:00+00:00,42.185,42.22,42.085,42.1,2171.0
2025-02-25 19:15:00+00:00,42.1,42.17,42.08,42.15,2161.0
2025-02-25 19:30:00+00:00,42.155,42.27,42.09,42.22,3867.0
2025-02-25 19:45:00+00:00,42.22,42.29,42.145,42.28,4471.0
2025-02-25 20:00:00+00:00,42.24,42.29,42.14,42.145,2035.0
2025-02-25 20:15:00+00:00,42.145,42.37,42.145,42.35,2461.0
2025-02-25 20:30:00+00:00,42.36,42.385,42.28,42.315,2951.0
2025-02-25 20:45:00+00:00,42.31,42.35,42.175,42.2,9187.0
2025-02-26 14:30:00+00:00,42.58,42.685,42.23,42.37,8687.0
2025-02-26 14:45:00+00:00,42.35,42.96,42.35,42.87,8544.0
2025-02-26 15:00:00+00:00,42.86,42.86,42.65,42.65,8165.0
2025-02-26 15:15:00+00:00,42.65,42.91,42.65,42.74,4620.0
2025-02-26 15:30:00+00:00,42.73,42.83,42.68,42.83,2912.0
2025-02-26 15:45:00+00:00,42.83,42.975,42.8,42.89,2328.0
2025-02-26 16:00:00+00:00,42.95,43.13,42.825,43.115,4793.0
2025-02-26 16:15:00+00:00,43.12,43.3,43.07,43.11,6085.0
2025-02-26 16:30:00+00:00,43.105,43.18,43.055,43.17,4606.0
2025-02-26 16:45:00+00:00,43.17,43.17,43.0,43.03,5210.0
2025-02-26 17:00:00+00:00,43.03,43.08,43.0,43.04,7737.0
2025-02-26 17:15:00+00:00,43.04,43.16,42.91,43.16,11220.0
2025-02-26 17:30:00+00:00,43.14,43.145,42.89,42.895,7796.0
2025-02-26 17:45:00+00:00,42.895,42.96,42.83,42.83,8337.0
2025-02-26 18:00:00+00:00,42.83,42.885,42.72,42.8,6319.0
2025-02-26 18:15:00+00:00,42.81,42.99,42.77,42.86,11390.0
2025-02-26 18:30:00+00:00,42.835,42.85,42.69,42.72,20307.0
2025-02-26 18:45:00+00:00,42.72,42.76,42.63,42.7,5699.0
2025-02-26 19:00:00+00:00,42.69,42.72,42.53,42.53,3456.0
2025-02-26 19:15:00+00:00,42.535,42.69,42.5,42.63,7914.0
2025-02-26 19:30:00+00:00,42.63,42.785,42.63,42.735,3973.0
2025-02-26 19:45:00+00:00,42.74,42.74,42.585,42.585,15541.0
2025-02-26 20:00:00+00:00,42.585,42.76,42.54,42.545,14495.0
2025-02-26 20:15:00+00:00,42.545,42.74,42.53,42.69,14181.0
2025-02-26 20:30:00+00:00,42.69,42.77,42.64,42.76,9033.0
2025-02-26 20:45:00+00:00,42.76,42.93,42.705,42.9,14245.0
2025-02-27 14:30:00+00:00,43.685,45.235,43.67,44.64,29319.0
2025-02-27 14:45:00+00:00,44.74,45.32,44.74,45.01,7690.0
2025-02-27 15:00:00+00:00,44.995,45.94,44.79,45.79,13832.0
2025-02-27 15:15:00+00:00,45.83,46.15,45.67,45.76,10949.0
2025-02-27 15:30:00+00:00,45.81,45.96,45.51,45.66,8866.0
2025-02-27 15:45:00+00:00,45.615,46.09,45.615,45.85,15520.0
2025-02-27 16:00:00+00:00,45.93,46.65,45.91,46.61,21467.0
2025-02-27 16:15:00+00:00,46.685,47.0,46.63,46.96,16160.0
2025-02-27 16:30:00+00:00,46.99,47.54,46.99,47.47,16792.0
2025-02-27 16:45:00+00:00,47.47,47.59,47.33,47.4,14981.0
2025-02-27 17:00:00+00:00,47.43,47.75,47.41,47.505,6731.0
2025-02-27 17:15:00+00:00,47.54,47.56,47.16,47.26,18043.0
2025-02-27 17:30:00+00:00,47.23,47.45,47.08,47.34,8618.0
2025-02-27 17:45:00+00:00,47.46,47.55,47.41,47.485,5159.0
2025-02-27 18:00:00+00:00,47.485,47.7,47.34,47.64,17344.0
2025-02-27 18:15:00+00:00,47.655,47.655,47.38,47.54,15083.0
2025-02-27 18:30:00+00:00,47.535,47.77,47.5,47.73,14331.0
2025-02-27 18:45:00+00:00,47.73,48.39,47.715,47.98,29045.0
2025-02-27 19:00:00+00:00,48.11,48.11,47.515,47.59,3343.0
2025-02-27 19:15:00+00:00,47.585,47.89,47.585,47.78,7665.0
2025-02-27 19:30:00+00:00,47.78,47.8,47.62,47.72,7816.0
2025-02-27 19:45:00+00:00,47.72,47.885,47.61,47.67,13881.0
2025-02-27 20:00:00+00:00,47.675,47.705,47.07,47.14,24199.0
2025-02-27 20:15:00+00:00,47.19,47.57,47.09,47.185,44556.0
2025-02-27 20:30:00+00:00,47.16,47.235,46.88,47.14,25854.0
2025-02-27 20:45:00+00:00,47.135,47.55,47.02,47.505,64427.0
2025-02-28 14:30:00+00:00,46.89,47.465,46.55,47.1,5551.0
2025-02-28 14:45:00+00:00,47.1,47.47,47.04,47.185,5289.0
2025-02-28 15:00:00+00:00,47.27,47.47,47.11,47.47,3163.0
2025-02-28 15:15:00+00:00,47.385,47.53,47.29,47.47,4479.0
2025-02-28 15:30:00+00:00,47.405,47.42,47.295,47.295,3526.0
2025-02-28 15:45:00+00:00,47.295,47.49,47.08,47.44,12214.0
2025-02-28 16:00:00+00:00,47.44,47.52,47.28,47.425,2681.0
2025-02-28 16:15:00+00:00,47.43,47.43,47.125,47.135,2164.0
2025-02-28 16:30:00+00:00,47.14,47.3,47.1,47.3,1992.0
2025-02-28 16:45:00+00:00,47.3,47.46,47.3,47.37,1652.0
2025-02-28 17:00:00+00:00,47.35,47.45,47.325,47.44,2214.0
2025-02-28 17:15:00+00:00,47.4,47.4,47.22,47.26,2222.0
2025-02-28 17:30:00+00:00,47.22,47.45,47.22,47.33,2334.0
2025-02-28 17:45:00+00:00,47.33,47.42,47.28,47.3,2178.0
2025-02-28 18:00:00+00:00,47.3,47.32,47.2,47.27,6793.0
2025-02-28 18:15:00+00:00,47.27,47.38,47.205,47.38,4620.0
2025-02-28 18:30:00+00:00,47.35,47.4,47.2,47.2,8868.0
2025-02-28 18:45:00+00:00,47.235,47.27,47.18,47.22,3033.0
2025-02-28 19:00:00+00:00,47.22,47.315,47.22,47.3,3132.0
2025-02-28 19:15:00+00:00,47.3,47.325,47.23,47.23,1641.0
2025-02-28 19:30:00+00:00,47.23,47.335,47.23,47.295,2250.0
2025-02-28 19:45:00+00:00,47.295,47.34,47.265,47.29,1728.0
2025-02-28 20:00:00+00:00,47.275,47.39,47.265,47.375,1904.0
2025-02-28 20:15:00+00:00,47.375,47.48,47.335,47.405,3319.0
2025-02-28 20:30:00+00:00,47.36,47.56,47.36,47.51,5782.0
2025-02-28 20:45:00+00:00,47.51,47.66,47.445,47.66,12375.0
2025-03-03 14:30:00+00:00,48.345,49.705,48.345,49.705,5153.0
2025-03-03 14:45:00+00:00,49.705,50.175,49.58,50.14,4980.0
2025-03-03 15:00:00+00:00,49.975,50.15,49.73,49.94,8080.0
2025-03-03 15:15:00+00:00,49.935,50.115,49.73,49.9,4794.0
2025-03-03 15:30:00+00:00,49.9,50.45,49.9,50.435,7363.0
2025-03-03 15:45:00+00:00,50.48,51.11,50.46,50.985,10545.0
2025-03-03 16:00:00+00:00,51.0,51.15,50.675,51.045,7795.0
2025-03-03 16:15:00+00:00,51.11,51.41,51.02,51.03,9944.0
2025-03-03 16:30:00+00:00,51.045,51.365,50.99,51.33,8145.0
2025-03-03 16:45:00+00:00,51.38,51.38,50.79,50.92,10897.0
2025-03-03 17:00:00+00:00,50.92,51.39,50.92,51.39,3216.0
2025-03-03 17:15:00+00:00,51.515,51.99,51.48,51.665,4365.0
2025-03-03 17:30:00+00:00,51.58,51.6,51.37,51.57,9430.0
2025-03-03 17:45:00+00:00,51.57,51.7,51.45,51.545,4852.0
2025-03-03 18:00:00+00:00,51.545,51.61,51.39,51.51,4496.0
2025-03-03 18:15:00+00:00,51.48,51.645,51.385,51.6,3760.0
2025-03-03 18:30:00+00:00,51.6,51.64,50.77,50.915,12198.0
2025-03-03 18:45:00+00:00,50.915,50.94,50.53,50.87,3144.0
2025-03-03 19:00:00+00:00,50.74,50.97,50.61,50.88,5472.0
2025-03-03 19:15:00+00:00,50.97,50.97,50.65,50.73,5566.0
2025-03-03 19:30:00+00:00,50.77,50.89,50.615,50.615,5950.0
2025-03-03 19:45:00+00:00,50.615,50.68,50.35,50.55,9159.0
2025-03-03 20:00:00+00:00,50.49,50.54,50.0,50.08,6911.0
2025-03-03 20:15:00+00:00,50.12,50.38,50.05,50.12,7253.0
2025-03-03 20:30:00+00:00,50.14,50.31,49.92,50.09,12475.0
2025-03-03 20:45:00+00:00,50.105,50.4,49.95,49.96,14711.0
2025-03-04 14:30:00+00:00,49.16,49.625,48.9,49.145,2507.0
2025-03-04 14:45:00+00:00,48.89,48.89,48.365,48.585,2740.0
2025-03-04 15:00:00+00:00,48.5,49.65,48.5,49.65,2468.0
2025-03-04 15:15:00+00:00,49.68,49.68,48.78,49.15,4108.0
2025-03-04 15:30:00+00:00,49.175,49.525,49.02,49.145,4278.0
2025-03-04 15:45:00+00:00,49.07,49.43,48.86,49.04,3718.0
2025-03-04 16:00:00+00:00,49.0,49.08,48.705,48.99,1892.0
2025-03-04 16:15:00+00:00,48.99,49.065,48.7,48.7,3929.0
2025-03-04 16:30:00+00:00,48.705,48.75,48.4,48.68,6773.0
2025-03-04 16:45:00+00:00,48.7,48.975,48.65,48.88,2842.0
2025-03-04 17:00:00+00:00,48.88,49.185,48.87,49.105,4931.0
2025-03-04 17:15:00+00:00,49.105,49.37,49.105,49.33,5945.0
2025-03-04 17:30:00+00:00,49.35,49.61,49.305,49.58,5022.0
2025-03-04 17:45:00+00:00,49.58,49.68,49.46,49.495,4644.0
2025-03-04 18:00:00+00:00,49.5,49.85,49.34,49.85,2666.0
2025-03-04 18:15:00+00:00,49.85,49.865,49.42,49.42,3708.0
2025-03-04 18:30:00+00:00,49.445,49.59,49.325,49.59,2797.0
2025-03-04 18:45:00+00:00,49.625,50.04,49.625,49.975,4863.0
2025-03-04 19:00:00+00:00,49.95,50.255,49.95,50.13,5106.0
2025-03-04 19:15:00+00:00,50.11,50.3,50.105,50.14,7470.0
2025-03-04 19:30:00+00:00,50.14,50.34,50.13,50.32,7111.0
2025-03-04 19:45:00+00:00,50.32,50.32,50.13,50.13,17150.0
2025-03-04 20:00:00+00:00,50.18,50.27,50.04,50.27,12963.0
2025-03-04 20:15:00+00:00,50.27,50.41,50.19,50.285,14972.0
2025-03-04 20:30:00+00:00,50.265,50.265,49.9,49.96,23291.0
2025-03-04 20:45:00+00:00,49.96,50.06,49.88,49.93,33146.0
2025-03-05 14:30:00+00:00,49.98,50.815,49.98,50.56,5040.0
2025-03-05 14:45:00+00:00,50.52,51.85,50.445,51.77,2799.0
2025-03-05 15:00:00+00:00,51.955,51.955,51.36,51.36,2639.0
2025-03-05 15:15:00+00:00,51.36,51.36,51.06,51.19,1015.0
2025-03-05 15:30:00+00:00,51.19,51.45,51.19,51.45,1628.0
2025-03-05 15:45:00+00:00,51.5,51.57,51.165,51.195,2261.0
2025-03-05 16:00:00+00:00,51.195,51.7,51.195,51.62,45757.0
2025-03-05 16:15:00+00:00,51.62,51.62,51.11,51.23,111832.0
2025-03-05 16:30:00+00:00,51.24,51.41,50.955,50.97,9828.0
2025-03-05 16:45:00+00:00,50.92,51.31,50.7,51.29,1847.0
2025-03-05 17:00:00+00:00,51.49,51.62,51.33,51.54,3272.0
2025-03-05 17:15:00+00:00,51.54,52.05,51.54,51.91,1794.0
2025-03-05 17:30:00+00:00,51.95,52.15,51.88,52.11,2195.0
2025-03-05 17:45:00+00:00,52.13,52.38,52.07,52.37,3395.0
2025-03-05 18:00:00+00:00,52.425,52.48,52.09,52.19,4754.0
2025-03-05 18:15:00+00:00,52.18,52.315,52.07,52.27,4143.0
2025-03-05 18:30:00+00:00,52.27,52.65,52.24,52.52,5159.0
2025-03-05 18:45:00+00:00,52.55,52.755,52.51,52.72,8680.0
2025-03-05 19:00:00+00:00,52.72,52.8,52.67,52.76,3617.0
2025-03-05 19:15:00+00:00,52.72,52.79,52.545,52.79,2361.0
2025-03-05 19:30:00+00:00,52.74,52.83,52.74,52.76,1557.0
2025-03-05 19:45:00+00:00,52.76,52.83,52.72,52.765,2174.0
2025-03-05 20:00:00+00:00,52.77,52.77,52.465,52.65,2416.0
2025-03-05 20:15:00+00:00,52.65,52.65,52.405,52.59,3000.0
2025-03-05 20:30:00+00:00,52.59,52.65,52.465,52.625,27169.0
2025-03-05 20:45:00+00:00,52.625,52.915,52.53,52.87,45931.0
2025-03-06 14:30:00+00:00,52.87,53.19,52.59,52.78,30606.0
2025-03-06 14:45:00+00:00,52.885,53.0,52.79,52.83,18365.0
2025-03-06 15:00:00+00:00,52.82,53.15,52.705,52.94,13050.0
2025-03-06 15:15:00+00:00,52.99,53.08,52.76,52.8,6544.0
2025-03-06 15:30:00+00:00,52.805,52.82,52.34,52.675,29885.0
2025-03-06 15:45:00+00:00,52.7,52.84,52.62,52.8,13444.0
2025-03-06 16:00:00+00:00,52.76,52.85,52.635,52.68,10119.0
2025-03-06 16:15:00+00:00,52.71,52.82,52.505,52.62,10823.0
2025-03-06 16:30:00+00:00,52.705,52.81,52.37,52.45,5067.0
2025-03-06 16:45:00+00:00,52.48,52.48,52.28,52.28,5795.0
2025-03-06 17:00:00+00:00,52.295,52.67,52.28,52.54,7468.0
2025-03-06 17:15:00+00:00,52.55,52.595,52.47,52.54,3537.0
2025-03-06 17:30:00+00:00,52.515,52.56,52.44,52.54,2456.0
2025-03-06 17:45:00+00:00,52.52,52.53,52.12,52.21,4777.0
2025-03-06 18:00:00+00:00,52.17,52.29,52.125,52.2,10967.0
2025-03-06 18:15:00+00:00,52.265,52.55,52.23,52.53,15241.0
2025-03-06 18:30:00+00:00,52.51,52.55,52.23,52.33,12342.0
2025-03-06 18:45:00+00:00,52.305,52.42,52.21,52.27,5053.0
2025-03-06 19:00:00+00:00,52.31,52.37,51.74,51.87,9800.0
2025-03-06 19:15:00+00:00,51.9,52.0,51.52,51.52,7165.0
2025-03-06 19:30:00+00:00,51.6,51.93,51.48,51.91,6541.0
2025-03-06 19:45:00+00:00,51.915,52.035,51.67,51.67,6321.0
2025-03-06 20:00:00+00:00,51.64,51.93,51.64,51.86,26327.0
2025-03-06 20:15:00+00:00,51.86,51.88,51.675,51.755,12357.0
2025-03-06 20:30:00+00:00,51.795,51.99,51.77,51.93,20171.0
2025-03-06 20:45:00+00:00,51.91,52.075,51.84,51.86,25696.0
2025-03-07 14:30:00+00:00,51.86,51.86,50.54,51.42,746.0
2025-03-07 14:45:00+00:00,51.42,51.665,51.335,51.335,1643.0
2025-03-07 15:00:00+00:00,51.445,51.73,51.4,51.435,5619.0
2025-03-07 15:15:00+00:00,51.435,51.51,51.28,51.37,2162.0
2025-03-07 15:30:00+00:00,51.28,51.34,50.915,51.24,1839.0
2025-03-07 15:45:00+00:00,51.29,51.4,51.245,51.4,1385.0
2025-03-07 16:00:00+00:00,51.4,51.4,51.27,51.31,5400.0
2025-03-07 16:15:00+00:00,51.28,51.28,50.92,50.93,5172.0
2025-03-07 16:30:00+00:00,50.99,51.04,50.525,50.6,3613.0
2025-03-07 16:45:00+00:00,50.68,50.94,50.55,50.89,4193.0
2025-03-07 17:00:00+00:00,50.91,51.11,50.86,50.9,2532.0
2025-03-07 17:15:00+00:00,50.88,50.92,50.68,50.875,1603.0
2025-03-07 17:30:00+00:00,50.875,51.025,50.78,50.86,2788.0
2025-03-07 17:45:00+00:00,50.86,50.97,50.74,50.75,4763.0
2025-03-07 18:00:00+00:00,50.63,51.02,50.63,51.01,2005.0
2025-03-07 18:15:00+00:00,51.01,51.16,50.87,50.87,3458.0
2025-03-07 18:30:00+00:00,50.87,51.1,50.87,51.05,810.0
2025-03-07 18:45:00+00:00,51.06,51.075,50.905,50.94,3224.0
2025-03-07 19:00:00+00:00,50.925,50.99,50.835,50.95,2521.0
2025-03-07 19:15:00+00:00,50.995,51.22,50.98,51.01,12810.0
2025-03-07 19:30:00+00:00,50.98,51.1,50.93,51.0,10414.0
2025-03-07 19:45:00+00:00,50.95,51.03,50.85,50.85,4548.0
2025-03-07 20:00:00+00:00,50.85,51.05,50.83,50.985,1746.0
2025-03-07 20:15:00+00:00,50.97,51.015,50.85,50.94,4692.0
2025-03-07 20:30:00+00:00,50.92,50.98,50.775,50.935,4922.0
2025-03-07 20:45:00+00:00,50.935,51.055,50.89,51.035,11929.0
2025-03-10 13:30:00+00:00,50.75,51.075,50.75,51.06,2146.0
2025-03-10 13:45:00+00:00,51.135,51.53,51.135,51.53,1558.0
2025-03-10 14:00:00+00:00,51.41,51.66,51.41,51.66,1763.0
2025-03-10 14:15:00+00:00,51.66,51.66,51.22,51.52,10758.0
2025-03-10 14:30:00+00:00,51.5,51.54,51.41,51.52,4492.0
2025-03-10 14:45:00+00:00,51.51,51.55,51.325,51.52,2040.0
2025-03-10 15:00:00+00:00,51.54,51.54,51.48,51.48,425.0
2025-03-10 15:15:00+00:00,51.48,51.48,51.48,51.48,0.0
2025-03-10 15:30:00+00:00,51.48,51.48,51.48,51.48,0.0
2025-03-10 15:45:00+00:00,51.48,51.48,51.48,51.48,0.0
2025-03-10 16:00:00+00:00,51.48,51.48,51.48,51.48,0.0
2025-03-10 16:15:00+00:00,51.48,51.48,51.48,51.48,0.0
2025-03-10 16:30:00+00:00,51.48,51.48,51.48,51.48,0.0
2025-03-10 16:45:00+00:00,51.48,51.48,51.48,51.48,0.0
2025-03-10 17:00:00+00:00,51.48,51.48,50.975,51.02,1406.0
2025-03-10 17:15:00+00:00,51.02,51.19,51.02,51.08,3207.0
2025-03-10 17:30:00+00:00,51.08,51.11,50.98,51.01,802.0
2025-03-10 17:45:00+00:00,51.02,51.06,50.93,50.94,1511.0
2025-03-10 18:00:00+00:00,50.96,51.015,50.85,50.89,3315.0
2025-03-10 18:15:00+00:00,50.9,50.925,50.73,50.83,6469.0
2025-03-10 18:30:00+00:00,50.89,50.96,50.85,50.93,4896.0
2025-03-10 18:45:00+00:00,50.935,50.95,50.78,50.9,7868.0
2025-03-10 19:00:00+00:00,50.91,50.93,50.745,50.89,12874.0
2025-03-10 19:15:00+00:00,50.885,51.06,50.87,50.97,10183.0
2025-03-10 19:30:00+00:00,50.98,51.095,50.98,51.0,8029.0
2025-03-10 19:45:00+00:00,51.0,51.085,50.86,51.005,15456.0
2025-03-11 13:30:00+00:00,50.47,50.895,50.19,50.895,38310.0
2025-03-11 13:45:00+00:00,50.85,51.04,50.67,50.915,6613.0
2025-03-11 14:00:00+00:00,50.8,51.025,50.4,50.43,3487.0
2025-03-11 14:15:00+00:00,50.38,50.555,50.33,50.42,5168.0
2025-03-11 14:30:00+00:00,50.47,50.48,50.145,50.23,5247.0
2025-03-11 14:45:00+00:00,50.24,50.48,50.22,50.325,7302.0
2025-03-11 15:00:00+00:00,50.36,50.64,50.36,50.48,4633.0
2025-03-11 15:15:00+00:00,50.53,50.58,50.46,50.54,3322.0
2025-03-11 15:30:00+00:00,50.54,50.75,50.39,50.4,6288.0
2025-03-11 15:45:00+00:00,50.43,50.76,50.43,50.62,1002.0
2025-03-11 16:00:00+00:00,50.6,50.6,50.34,50.34,6256.0
2025-03-11 16:15:00+00:00,50.36,50.53,50.36,50.51,3194.0
2025-03-11 16:30:00+00:00,50.525,50.53,50.4,50.44,3247.0
2025-03-11 16:45:00+00:00,50.385,50.41,50.15,50.235,3837.0
2025-03-11 17:00:00+00:00,50.21,50.23,50.09,50.11,5418.0
2025-03-11 17:15:00+00:00,50.11,50.18,49.975,50.04,6748.0
2025-03-11 17:30:00+00:00,50.04,50.18,50.01,50.175,4075.0
2025-03-11 17:45:00+00:00,50.15,50.3,50.13,50.22,3689.0
2025-03-11 18:00:00+00:00,50.26,50.61,50.24,50.47,4627.0
2025-03-11 18:15:00+00:00,50.43,50.59,50.42,50.5,2601.0
2025-03-11 18:30:00+00:00,50.545,50.62,50.39,50.6,2670.0
2025-03-11 18:45:00+00:00,50.59,50.63,50.47,50.53,4611.0
2025-03-11 19:00:00+00:00,50.62,50.635,50.36,50.36,1996.0
2025-03-11 19:15:00+00:00,50.32,50.385,50.24,50.28,3628.0
2025-03-11 19:30:00+00:00,50.29,50.625,50.27,50.61,9979.0
2025-03-11 19:45:00+00:00,50.61,50.76,50.58,50.6,14788.0
2025-03-12 13:30:00+00:00,50.19,50.54,50.19,50.54,3548.0
2025-03-12 13:45:00+00:00,50.47,50.6,50.28,50.3,4536.0
2025-03-12 14:00:00+00:00,50.3,50.55,50.25,50.42,3292.0
2025-03-12 14:15:00+00:00,50.37,50.77,50.3,50.665,7736.0
2025-03-12 14:30:00+00:00,50.67,50.71,50.39,50.555,3598.0
2025-03-12 14:45:00+00:00,50.52,50.58,50.37,50.46,4006.0
2025-03-12 15:00:00+00:00,50.45,50.54,50.33,50.49,1860.0
2025-03-12 15:15:00+00:00,50.45,50.54,50.44,50.48,638.0
2025-03-12 15:30:00+00:00,50.51,50.62,50.45,50.6,2184.0
2025-03-12 15:45:00+00:00,50.56,50.69,50.49,50.56,2961.0
2025-03-12 16:00:00+00:00,50.54,50.65,50.45,50.65,916.0
2025-03-12 16:15:00+00:00,50.65,50.98,50.625,50.98,1987.0
2025-03-12 16:30:00+00:00,50.95,51.05,50.7,50.7,1561.0
2025-03-12 16:45:00+00:00,50.69,50.89,50.665,50.735,3013.0
2025-03-12 17:00:00+00:00,50.74,50.74,50.59,50.625,848.0
2025-03-12 17:15:00+00:00,50.585,50.615,50.46,50.47,1742.0
2025-03-12 17:30:00+00:00,50.44,50.5,50.31,50.31,1174.0
2025-03-12 17:45:00+00:00,50.3,50.335,50.06,50.13,8502.0
2025-03-12 18:00:00+00:00,50.14,50.29,50.09,50.29,4191.0
2025-03-12 18:15:00+00:00,50.275,50.275,50.125,50.23,4775.0
2025-03-12 18:30:00+00:00,50.27,50.33,50.23,50.28,18111.0
2025-03-12 18:45:00+00:00,50.275,50.37,50.235,50.3,6388.0
2025-03-12 19:00:00+00:00,50.3,50.32,50.19,50.26,2415.0
2025-03-12 19:15:00+00:00,50.26,50.31,50.21,50.26,6181.0
2025-03-12 19:30:00+00:00,50.28,50.41,50.21,50.41,4747.0
2025-03-12 19:45:00+00:00,50.44,50.625,50.4,50.59,6871.0
2025-03-13 13:30:00+00:00,50.39,50.51,50.3,50.36,5723.0
2025-03-13 13:45:00+00:00,50.37,50.47,50.27,50.29,7557.0
2025-03-13 14:00:00+00:00,50.3,50.55,50.2,50.49,995.0
2025-03-13 14:15:00+00:00,50.49,50.77,50.49,50.75,781.0
2025-03-13 14:30:00+00:00,50.75,50.81,50.65,50.7,348.0
2025-03-13 14:45:00+00:00,50.71,50.97,50.68,50.96,576.0
2025-03-13 15:00:00+00:00,50.96,50.96,50.73,50.83,779.0
2025-03-13 15:15:00+00:00,50.83,51.0,50.81,50.92,969.0
2025-03-13 15:30:00+00:00,50.95,50.99,50.83,50.99,680.0
2025-03-13 15:45:00+00:00,50.97,51.04,50.87,50.96,1268.0
2025-03-13 16:00:00+00:00,50.97,51.2,50.97,51.2,354.0
2025-03-13 16:15:00+00:00,51.185,51.37,51.14,51.37,1408.0
2025-03-13 16:30:00+00:00,51.32,51.4,51.16,51.16,958.0
2025-03-13 16:45:00+00:00,51.15,51.41,51.07,51.39,1738.0
2025-03-13 17:00:00+00:00,51.4,51.43,51.34,51.34,2219.0
2025-03-13 17:15:00+00:00,51.31,51.32,51.16,51.16,1237.0
2025-03-13 17:30:00+00:00,51.16,51.21,50.92,50.92,3296.0
2025-03-13 17:45:00+00:00,50.82,50.85,50.79,50.8,640.0
2025-03-13 18:00:00+00:00,50.79,50.89,50.79,50.89,291.0
2025-03-13 18:15:00+00:00,50.925,51.03,50.91,51.02,1640.0
2025-03-13 18:30:00+00:00,51.055,51.2,51.055,51.1,3387.0
2025-03-13 18:45:00+00:00,51.09,51.1,50.995,51.09,1139.0
2025-03-13 19:00:00+00:00,51.09,51.13,50.975,51.065,1240.0
2025-03-13 19:15:00+00:00,51.065,51.17,51.05,51.17,3070.0
2025-03-13 19:30:00+00:00,51.17,51.285,51.16,51.285,7251.0
2025-03-13 19:45:00+00:00,51.24,51.29,50.99,50.99,44424.0
2025-03-14 13:30:00+00:00,51.8,51.8,51.535,51.66,1006.0
2025-03-14 13:45:00+00:00,51.66,51.85,51.57,51.59,1138.0
2025-03-14 14:00:00+00:00,51.65,51.83,51.5,51.69,2237.0
2025-03-14 14:15:00+00:00,51.71,51.85,51.69,51.73,1670.0
2025-03-14 14:30:00+00:00,51.72,51.89,51.68,51.87,3188.0
2025-03-14 14:45:00+00:00,52.05,52.305,51.97,52.195,2888.0
2025-03-14 15:00:00+00:00,52.25,52.36,52.25,52.33,3758.0
2025-03-14 15:15:00+00:00,52.34,52.6,52.29,52.55,13636.0
2025-03-14 15:30:00+00:00,52.55,52.89,52.54,52.875,5705.0
2025-03-14 15:45:00+00:00,52.865,52.99,52.83,52.855,1838.0
2025-03-14 16:00:00+00:00,52.855,53.04,52.855,52.95,2179.0
2025-03-14 16:15:00+00:00,52.95,52.97,52.74,52.8,2229.0
2025-03-14 16:30:00+00:00,52.805,52.965,52.8,52.89,2287.0
2025-03-14 16:45:00+00:00,52.885,53.145,52.85,53.14,5503.0
2025-03-14 17:00:00+00:00,53.09,53.385,53.06,53.28,8774.0
2025-03-14 17:15:00+00:00,53.28,53.28,52.91,53.01,999.0
2025-03-14 17:30:00+00:00,53.01,53.01,52.78,52.79,2790.0
2025-03-14 17:45:00+00:00,52.785,52.815,52.48,52.56,2198.0
2025-03-14 18:00:00+00:00,52.59,52.595,52.47,52.525,1655.0
2025-03-14 18:15:00+00:00,52.53,52.625,52.485,52.545,1722.0
2025-03-14 18:30:00+00:00,52.545,52.69,52.545,52.65,3611.0
2025-03-14 18:45:00+00:00,52.65,52.675,52.545,52.58,3810.0
2025-03-14 19:00:00+00:00,52.565,52.675,52.565,52.595,5048.0
2025-03-14 19:15:00+00:00,52.57,52.61,52.45,52.48,4230.0
2025-03-14 19:30:00+00:00,52.465,52.465,52.3,52.31,1563.0
2025-03-14 19:45:00+00:00,52.3,52.47,52.185,52.41,11045.0
2025-03-17 13:30:00+00:00,52.735,53.11,52.555,53.11,3808.0
2025-03-17 13:45:00+00:00,53.125,53.28,53.12,53.28,2513.0
2025-03-17 14:00:00+00:00,53.22,53.655,53.2,53.6,3436.0
2025-03-17 14:15:00+00:00,53.66,53.67,53.44,53.6,2296.0
2025-03-17 14:30:00+00:00,53.61,53.715,53.57,53.59,2502.0
2025-03-17 14:45:00+00:00,53.635,53.78,53.56,53.77,4126.0
2025-03-17 15:00:00+00:00,53.78,54.14,53.75,54.06,3396.0
2025-03-17 15:15:00+00:00,54.09,54.33,54.09,54.33,2820.0
2025-03-17 15:30:00+00:00,54.36,54.59,54.26,54.57,3567.0
2025-03-17 15:45:00+00:00,54.625,54.67,54.49,54.5,3730.0
2025-03-17 16:00:00+00:00,54.51,54.79,54.51,54.725,3428.0
2025-03-17 16:15:00+00:00,54.69,54.81,54.625,54.72,3483.0
2025-03-17 16:30:00+00:00,54.7,54.74,54.41,54.425,2368.0
2025-03-17 16:45:00+00:00,54.425,54.485,54.38,54.4,3374.0
2025-03-17 17:00:00+00:00,54.43,54.6,54.395,54.51,3544.0
2025-03-17 17:15:00+00:00,54.5,54.85,54.5,54.83,9142.0
2025-03-17 17:30:00+00:00,54.84,54.85,54.5,54.59,9661.0
2025-03-17 17:45:00+00:00,54.6,54.69,54.5,54.65,7470.0
2025-03-17 18:00:00+00:00,54.665,54.835,54.64,54.76,7990.0
2025-03-17 18:15:00+00:00,54.76,54.95,54.745,54.885,2668.0
2025-03-17 18:30:00+00:00,54.89,54.98,54.86,54.98,1750.0
2025-03-17 18:45:00+00:00,54.99,55.135,54.935,54.99,15935.0
2025-03-17 19:00:00+00:00,54.99,55.025,54.9,54.935,19476.0
2025-03-17 19:15:00+00:00,54.935,55.1,54.92,54.98,4035.0
2025-03-17 19:30:00+00:00,55.01,55.055,54.85,54.915,4646.0
2025-03-17 19:45:00+00:00,54.92,54.92,54.64,54.655,7241.0
2025-03-18 13:30:00+00:00,54.655,54.955,54.48,54.485,7989.0
2025-03-18 13:45:00+00:00,54.49,54.67,54.49,54.525,3293.0
2025-03-18 14:00:00+00:00,54.425,54.6,54.355,54.56,2688.0
2025-03-18 14:15:00+00:00,54.55,54.68,54.455,54.68,2661.0
2025-03-18 14:30:00+00:00,54.68,54.75,54.565,54.57,2950.0
2025-03-18 14:45:00+00:00,54.58,54.74,54.53,54.695,2769.0
2025-03-18 15:00:00+00:00,54.65,54.85,54.6,54.85,5492.0
2025-03-18 15:15:00+00:00,54.845,54.9,54.73,54.86,1180.0
2025-03-18 15:30:00+00:00,54.85,54.91,54.84,54.9,1010.0
2025-03-18 15:45:00+00:00,54.965,54.98,54.82,54.98,15185.0
2025-03-18 16:00:00+00:00,54.99,55.1,54.99,55.1,830.0
2025-03-18 16:15:00+00:00,55.12,55.14,55.035,55.05,1214.0
2025-03-18 16:30:00+00:00,55.07,55.08,54.97,54.97,1480.0
2025-03-18 16:45:00+00:00,55.01,55.1,54.955,55.03,3334.0
2025-03-18 17:00:00+00:00,55.01,55.07,54.995,55.04,882.0
2025-03-18 17:15:00+00:00,55.01,55.095,54.935,55.06,1601.0
2025-03-18 17:30:00+00:00,55.06,55.26,55.06,55.14,945.0
2025-03-18 17:45:00+00:00,55.145,55.145,55.06,55.085,1501.0
2025-03-18 18:00:00+00:00,55.06,55.07,54.91,54.985,2614.0
2025-03-18 18:15:00+00:00,54.985,55.155,54.95,55.02,1990.0
2025-03-18 18:30:00+00:00,55.02,55.115,55.02,55.065,1179.0
2025-03-18 18:45:00+00:00,55.04,55.15,55.04,55.15,1075.0
2025-03-18 19:00:00+00:00,55.17,55.33,55.15,55.265,1696.0
2025-03-18 19:15:00+00:00,55.23,55.31,55.115,55.12,1109.0
2025-03-18 19:30:00+00:00,55.15,55.15,55.07,55.12,1615.0
2025-03-18 19:45:00+00:00,55.12,55.22,55.005,55.21,12862.0
2025-03-19 13:30:00+00:00,55.41,56.065,55.4,56.04,6062.0
2025-03-19 13:45:00+00:00,56.09,56.17,55.6,56.06,8179.0
2025-03-19 14:00:00+00:00,56.06,56.29,55.93,56.02,9387.0
2025-03-19 14:15:00+00:00,55.99,56.14,55.84,56.07,6210.0
2025-03-19 14:30:00+00:00,56.03,56.13,55.95,55.95,1950.0
2025-03-19 14:45:00+00:00,55.96,56.06,55.93,56.0,2781.0
2025-03-19 15:00:00+00:00,56.0,56.15,55.99,56.14,3829.0
2025-03-19 15:15:00+00:00,56.14,56.2,56.06,56.14,4052.0
2025-03-19 15:30:00+00:00,56.18,56.53,56.18,56.475,5331.0
2025-03-19 15:45:00+00:00,56.49,56.56,56.47,56.5,4616.0
2025-03-19 16:00:00+00:00,56.5,56.605,56.26,56.28,1629.0
2025-03-19 16:15:00+00:00,56.28,56.47,56.28,56.39,1977.0
2025-03-19 16:30:00+00:00,56.38,56.41,56.325,56.39,1798.0
2025-03-19 16:45:00+00:00,56.39,56.39,56.195,56.195,1147.0
2025-03-19 17:00:00+00:00,56.22,56.235,56.08,56.105,489.0
2025-03-19 17:15:00+00:00,56.1,56.13,55.87,55.87,733.0
2025-03-19 17:30:00+00:00,55.805,55.99,55.73,55.73,3118.0
2025-03-19 17:45:00+00:00,55.84,55.95,55.795,55.875,2454.0
2025-03-19 18:00:00+00:00,55.86,56.16,55.86,56.07,2433.0
2025-03-19 18:15:00+00:00,56.04,56.1,55.97,55.99,1773.0
2025-03-19 18:30:00+00:00,56.01,56.27,56.01,56.27,6200.0
2025-03-19 18:45:00+00:00,56.255,56.54,56.21,56.52,3431.0
2025-03-19 19:00:00+00:00,56.52,56.55,56.305,56.36,6355.0
2025-03-19 19:15:00+00:00,56.36,56.405,56.015,56.015,5845.0
2025-03-19 19:30:00+00:00,56.015,56.16,56.01,56.11,3940.0
2025-03-19 19:45:00+00:00,56.1,56.44,56.1,56.41,17411.0
2025-03-20 13:30:00+00:00,54.725,55.765,54.62,55.055,16453.0
2025-03-20 13:45:00+00:00,55.05,55.06,54.42,54.51,2522.0
2025-03-20 14:00:00+00:00,54.51,54.51,54.2,54.27,2244.0
2025-03-20 14:15:00+00:00,54.25,54.25,53.87,53.985,6519.0
2025-03-20 14:30:00+00:00,53.91,54.365,53.91,54.27,2479.0
2025-03-20 14:45:00+00:00,54.21,54.21,53.7,53.955,7536.0
2025-03-20 15:00:00+00:00,54.0,54.0,53.69,53.88,4584.0
2025-03-20 15:15:00+00:00,53.865,53.865,53.66,53.74,2523.0
2025-03-20 15:30:00+00:00,53.73,53.73,53.51,53.54,5855.0
2025-03-20 15:45:00+00:00,53.5,53.52,53.1,53.2,7808.0
2025-03-20 16:00:00+00:00,53.14,53.355,53.05,53.13,6453.0
2025-03-20 16:15:00+00:00,53.11,53.11,52.89,52.92,6033.0
2025-03-20 16:30:00+00:00,52.91,53.1,52.7,52.7,7691.0
2025-03-20 16:45:00+00:00,52.72,52.95,52.5,52.55,4209.0
2025-03-20 17:00:00+00:00,52.52,52.66,52.455,52.5,7344.0
2025-03-20 17:15:00+00:00,52.54,52.635,52.32,52.39,8162.0
2025-03-20 17:30:00+00:00,52.39,52.625,52.39,52.56,3238.0
2025-03-20 17:45:00+00:00,52.56,52.56,52.17,52.2,4460.0
2025-03-20 18:00:00+00:00,52.195,52.23,51.75,51.9,13990.0
2025-03-20 18:15:00+00:00,51.92,52.02,51.805,51.85,7731.0
2025-03-20 18:30:00+00:00,51.82,51.84,51.39,51.42,30954.0
2025-03-20 18:45:00+00:00,51.42,51.77,51.42,51.67,10668.0
2025-03-20 19:00:00+00:00,51.76,51.78,51.52,51.6,14796.0
2025-03-20 19:15:00+00:00,51.6,51.84,51.44,51.79,18997.0
2025-03-20 19:30:00+00:00,51.81,52.02,51.68,51.97,15741.0
2025-03-20 19:45:00+00:00,51.98,52.59,51.98,52.5,24619.0
2025-03-21 13:30:00+00:00,51.73,52.09,51.34,52.085,6580.0
2025-03-21 13:45:00+00:00,52.06,52.4,51.83,52.33,5371.0
2025-03-21 14:00:00+00:00,52.42,53.17,52.34,53.17,5034.0
2025-03-21 14:15:00+00:00,53.2,53.2,52.58,52.585,4844.0
2025-03-21 14:30:00+00:00,52.585,52.94,52.585,52.775,6557.0
2025-03-21 14:45:00+00:00,52.79,52.83,52.49,52.545,4197.0
2025-03-21 15:00:00+00:00,52.56,52.675,52.505,52.52,3517.0
2025-03-21 15:15:00+00:00,52.49,52.57,52.28,52.34,2681.0
2025-03-21 15:30:00+00:00,52.34,52.4,52.02,52.02,2614.0
2025-03-21 15:45:00+00:00,52.0,52.0,51.88,51.91,3278.0
2025-03-21 16:00:00+00:00,51.955,51.965,51.76,51.795,3962.0
2025-03-21 16:15:00+00:00,51.835,52.205,51.765,52.14,2424.0
2025-03-21 16:30:00+00:00,52.14,52.26,51.97,52.23,2360.0
2025-03-21 16:45:00+00:00,52.24,52.4,52.2,52.37,1791.0
2025-03-21 17:00:00+00:00,52.37,52.49,52.24,52.27,1175.0
2025-03-21 17:15:00+00:00,52.27,52.43,52.27,52.41,2837.0
2025-03-21 17:30:00+00:00,52.41,52.49,52.345,52.385,2371.0
2025-03-21 17:45:00+00:00,52.385,52.425,52.365,52.41,1452.0
2025-03-21 18:00:00+00:00,52.51,52.675,52.48,52.555,3320.0
2025-03-21 18:15:00+00:00,52.57,52.655,52.51,52.56,3450.0
2025-03-21 18:30:00+00:00,52.54,52.56,52.49,52.515,2468.0
2025-03-21 18:45:00+00:00,52.52,52.54,52.46,52.485,7923.0
2025-03-21 19:00:00+00:00,52.485,52.49,52.175,52.205,13887.0
2025-03-21 19:15:00+00:00,52.205,52.21,51.95,51.98,4422.0
2025-03-21 19:30:00+00:00,51.98,52.15,51.92,52.11,4317.0
2025-03-21 19:45:00+00:00,52.135,52.87,52.135,52.72,37551.0
2025-03-24 13:30:00+00:00,51.21,51.255,50.54,50.75,12095.0
2025-03-24 13:45:00+00:00,50.665,50.67,50.24,50.335,7238.0
2025-03-24 14:00:00+00:00,50.335,50.41,49.73,49.76,9940.0
2025-03-24 14:15:00+00:00,49.775,49.96,49.735,49.75,7298.0
2025-03-24 14:30:00+00:00,49.74,49.98,49.47,49.5,7358.0
2025-03-24 14:45:00+00:00,49.485,49.72,49.425,49.71,6280.0
2025-03-24 15:00:00+00:00,49.745,49.91,49.57,49.76,7010.0
2025-03-24 15:15:00+00:00,49.745,50.11,49.66,50.08,7118.0
2025-03-24 15:30:00+00:00,50.105,50.29,50.06,50.07,7400.0
2025-03-24 15:45:00+00:00,50.07,50.135,50.01,50.08,6223.0
2025-03-24 16:00:00+00:00,50.03,50.11,49.96,50.11,2469.0
2025-03-24 16:15:00+00:00,50.1,50.205,49.97,50.205,1842.0
2025-03-24 16:30:00+00:00,50.205,50.38,50.195,50.315,3642.0
2025-03-24 16:45:00+00:00,50.33,50.375,50.27,50.36,3710.0
2025-03-24 17:00:00+00:00,50.37,50.47,50.37,50.41,3628.0
2025-03-24 17:15:00+00:00,50.4,50.42,49.97,50.0,4736.0
2025-03-24 17:30:00+00:00,50.0,50.0,49.84,49.89,3620.0
2025-03-24 17:45:00+00:00,49.915,49.93,49.59,49.615,5068.0
2025-03-24 18:00:00+00:00,49.585,49.61,49.265,49.415,9453.0
2025-03-24 18:15:00+00:00,49.415,49.54,49.255,49.255,4201.0
2025-03-24 18:30:00+00:00,49.255,49.44,49.245,49.36,3979.0
2025-03-24 18:45:00+00:00,49.3,49.405,49.1,49.12,4286.0
2025-03-24 19:00:00+00:00,49.1,49.3,49.08,49.26,4073.0
2025-03-24 19:15:00+00:00,49.275,49.67,49.25,49.59,8664.0
2025-03-24 19:30:00+00:00,49.575,49.815,49.45,49.49,9740.0
2025-03-24 19:45:00+00:00,49.5,49.62,49.41,49.48,21646.0
2025-03-25 13:30:00+00:00,49.655,49.8,49.38,49.53,7564.0
2025-03-25 13:45:00+00:00,49.55,49.57,49.26,49.47,3487.0
2025-03-25 14:00:00+00:00,49.495,49.78,49.49,49.76,3261.0
2025-03-25 14:15:00+00:00,49.775,49.84,49.7,49.84,1901.0
2025-03-25 14:30:00+00:00,49.84,50.07,49.82,50.04,2019.0
2025-03-25 14:45:00+00:00,50.04,50.08,49.635,49.665,3801.0
2025-03-25 15:00:00+00:00,49.65,49.825,49.64,49.825,749.0
2025-03-25 15:15:00+00:00,49.82,49.835,49.77,49.8,2799.0
2025-03-25 15:30:00+00:00,49.8,49.875,49.755,49.775,4881.0
2025-03-25 15:45:00+00:00,49.79,49.82,49.61,49.62,1041.0
2025-03-25 16:00:00+00:00,49.6,49.68,49.565,49.605,1021.0
2025-03-25 16:15:00+00:00,49.605,49.63,49.455,49.475,765.0
2025-03-25 16:30:00+00:00,49.475,49.66,49.46,49.61,1708.0
2025-03-25 16:45:00+00:00,49.58,49.58,49.46,49.54,1973.0
2025-03-25 17:00:00+00:00,49.54,49.585,49.445,49.47,2142.0
2025-03-25 17:15:00+00:00,49.47,49.48,49.39,49.45,2203.0
2025-03-25 17:30:00+00:00,49.45,49.47,49.21,49.22,2665.0
2025-03-25 17:45:00+00:00,49.16,49.16,48.945,49.075,442.0
2025-03-25 18:00:00+00:00,49.09,49.11,48.935,48.98,2941.0
2025-03-25 18:15:00+00:00,48.98,49.07,48.955,49.02,4485.0
2025-03-25 18:30:00+00:00,49.02,49.14,48.985,49.1,3790.0
2025-03-25 18:45:00+00:00,49.1,49.13,49.04,49.04,8028.0
2025-03-25 19:00:00+00:00,48.99,49.03,48.91,48.925,1904.0
2025-03-25 19:15:00+00:00,48.925,48.98,48.83,48.98,1363.0
2025-03-25 19:30:00+00:00,48.95,49.03,48.88,49.0,3839.0
2025-03-25 19:45:00+00:00,49.0,49.02,48.87,48.89,16560.0
2025-03-26 13:30:00+00:00,48.93,48.93,48.54,48.56,2226.0
2025-03-26 13:45:00+00:00,48.57,48.57,48.16,48.345,2862.0
2025-03-26 14:00:00+00:00,48.28,48.41,48.08,48.41,6449.0
2025-03-26 14:15:00+00:00,48.415,48.595,48.25,48.34,12940.0
2025-03-26 14:30:00+00:00,48.36,48.4,48.32,48.37,4836.0
2025-03-26 14:45:00+00:00,48.37,48.62,48.3,48.51,5435.0
2025-03-26 15:00:00+00:00,48.52,48.63,48.455,48.575,5458.0
2025-03-26 15:15:00+00:00,48.59,48.6,48.18,48.24,4693.0
2025-03-26 15:30:00+00:00,48.24,48.425,48.235,48.37,3020.0
2025-03-26 15:45:00+00:00,48.41,48.415,48.185,48.185,3065.0
2025-03-26 16:00:00+00:00,48.205,48.25,48.15,48.19,3226.0
2025-03-26 16:15:00+00:00,48.19,48.34,48.14,48.34,2821.0
2025-03-26 16:30:00+00:00,48.33,48.37,48.23,48.36,3016.0
2025-03-26 16:45:00+00:00,48.36,48.54,48.33,48.35,2947.0
2025-03-26 17:00:00+00:00,48.36,48.425,48.34,48.41,2057.0
2025-03-26 17:15:00+00:00,48.39,48.4,48.25,48.3,1795.0
2025-03-26 17:30:00+00:00,48.3,48.31,48.18,48.29,2060.0
2025-03-26 17:45:00+00:00,48.29,48.4,48.21,48.375,4549.0
2025-03-26 18:00:00+00:00,48.38,48.72,48.37,48.72,4334.0
2025-03-26 18:15:00+00:00,48.73,48.88,48.655,48.705,10450.0
2025-03-26 18:30:00+00:00,48.71,48.74,48.54,48.56,6173.0
2025-03-26 18:45:00+00:00,48.56,48.59,48.37,48.415,6557.0
2025-03-26 19:00:00+00:00,48.42,48.54,48.41,48.44,3050.0
2025-03-26 19:15:00+00:00,48.44,48.55,48.43,48.505,2125.0
2025-03-26 19:30:00+00:00,48.52,48.585,48.47,48.545,2304.0
2025-03-26 19:45:00+00:00,48.55,48.66,48.485,48.51,4274.0
2025-03-27 13:30:00+00:00,48.405,48.715,48.4,48.435,6819.0
2025-03-27 13:45:00+00:00,48.445,48.58,48.26,48.58,4372.0
2025-03-27 14:00:00+00:00,48.535,48.54,48.41,48.46,1903.0
2025-03-27 14:15:00+00:00,48.44,48.56,48.32,48.32,2002.0
2025-03-27 14:30:00+00:00,48.32,48.86,48.22,48.86,5435.0
2025-03-27 14:45:00+00:00,48.87,48.89,48.43,48.43,12023.0
2025-03-27 15:00:00+00:00,48.515,48.55,48.29,48.345,6133.0
2025-03-27 15:15:00+00:00,48.35,48.365,48.23,48.265,4092.0
2025-03-27 15:30:00+00:00,48.265,48.415,48.22,48.4,4325.0
2025-03-27 15:45:00+00:00,48.395,48.395,48.26,48.28,2911.0
2025-03-27 16:00:00+00:00,48.28,48.35,48.28,48.34,2283.0
2025-03-27 16:15:00+00:00,48.335,48.39,48.27,48.33,3964.0
2025-03-27 16:30:00+00:00,48.33,48.36,48.3,48.315,1816.0
2025-03-27 16:45:00+00:00,48.305,48.33,48.14,48.175,5256.0
2025-03-27 17:00:00+00:00,48.17,48.26,47.925,47.995,5523.0
2025-03-27 17:15:00+00:00,48.015,48.03,47.79,47.815,9630.0
2025-03-27 17:30:00+00:00,47.82,47.845,47.65,47.785,7350.0
2025-03-27 17:45:00+00:00,47.78,47.785,47.495,47.555,10925.0
2025-03-27 18:00:00+00:00,47.52,47.76,47.48,47.76,8576.0
2025-03-27 18:15:00+00:00,47.75,47.79,47.63,47.77,7613.0
2025-03-27 18:30:00+00:00,47.73,47.83,47.73,47.78,6252.0
2025-03-27 18:45:00+00:00,47.78,47.85,47.635,47.635,5757.0
2025-03-27 19:00:00+00:00,47.635,47.78,47.635,47.74,4323.0
2025-03-27 19:15:00+00:00,47.735,47.735,47.535,47.59,7231.0
2025-03-27 19:30:00+00:00,47.565,47.64,47.51,47.63,6157.0
2025-03-27 19:45:00+00:00,47.63,47.655,47.465,47.495,17217.0
2025-03-28 13:30:00+00:00,47.33,47.565,47.24,47.335,3268.0
2025-03-28 13:45:00+00:00,47.36,47.52,47.34,47.38,2721.0
2025-03-28 14:00:00+00:00,47.325,47.325,46.79,46.79,2669.0
2025-03-28 14:15:00+00:00,46.79,46.95,46.77,46.77,2383.0
2025-03-28 14:30:00+00:00,46.8,46.85,46.72,46.815,1728.0
2025-03-28 14:45:00+00:00,46.81,46.98,46.74,46.95,5176.0
2025-03-28 15:00:00+00:00,46.91,46.91,46.65,46.88,8432.0
2025-03-28 15:15:00+00:00,46.92,46.92,46.75,46.81,5230.0
2025-03-28 15:30:00+00:00,46.815,46.9,46.755,46.755,4812.0
2025-03-28 15:45:00+00:00,46.755,46.77,46.55,46.56,3929.0
2025-03-28 16:00:00+00:00,46.54,46.57,46.365,46.385,1109.0
2025-03-28 16:15:00+00:00,46.375,46.625,46.32,46.625,3728.0
2025-03-28 16:30:00+00:00,46.6,46.615,46.375,46.38,3768.0
2025-03-28 16:45:00+00:00,46.38,46.48,46.38,46.41,2564.0
2025-03-28 17:00:00+00:00,46.43,46.45,46.24,46.305,1924.0
2025-03-28 17:15:00+00:00,46.29,46.29,46.07,46.07,1728.0
2025-03-28 17:30:00+00:00,46.05,46.15,46.04,46.09,2620.0
2025-03-28 17:45:00+00:00,46.09,46.105,45.95,46.1,3364.0
2025-03-28 18:00:00+00:00,46.1,46.31,46.1,46.255,2483.0
2025-03-28 18:15:00+00:00,46.255,46.34,46.2,46.23,1388.0
2025-03-28 18:30:00+00:00,46.24,46.335,46.21,46.29,1078.0
2025-03-28 18:45:00+00:00,46.32,46.47,46.32,46.39,3349.0
2025-03-28 19:00:00+00:00,46.39,46.39,46.24,46.335,1844.0
2025-03-28 19:15:00+00:00,46.335,46.39,46.29,46.3,1613.0
2025-03-28 19:30:00+00:00,46.3,46.305,46.2,46.275,3839.0
2025-03-28 19:45:00+00:00,46.275,46.295,46.16,46.2,8650.0
2025-03-31 13:30:00+00:00,45.225,45.23,44.82,44.82,475.0
2025-03-31 13:45:00+00:00,44.55,45.57,44.55,45.57,2500.0
2025-03-31 14:00:00+00:00,45.56,45.61,45.51,45.58,1280.0
2025-03-31 14:15:00+00:00,45.455,45.465,45.215,45.25,2278.0
2025-03-31 14:30:00+00:00,45.24,45.46,45.24,45.31,1317.0
2025-03-31 14:45:00+00:00,45.31,45.55,45.31,45.49,749.0
2025-03-31 15:00:00+00:00,45.44,45.49,45.44,45.44,337.0
2025-03-31 15:15:00+00:00,45.44,45.69,45.44,45.58,3236.0
2025-03-31 15:30:00+00:00,45.535,45.535,45.29,45.305,1399.0
2025-03-31 15:45:00+00:00,45.305,45.46,45.305,45.425,691.0
2025-03-31 16:00:00+00:00,45.42,45.49,45.32,45.325,516.0
2025-03-31 16:15:00+00:00,45.325,45.56,45.325,45.56,592.0
2025-03-31 16:30:00+00:00,45.565,45.565,45.49,45.515,430.0
2025-03-31 16:45:00+00:00,45.52,45.63,45.515,45.56,418.0
2025-03-31 17:00:00+00:00,45.55,45.78,45.55,45.78,1247.0
2025-03-31 17:15:00+00:00,45.78,45.83,45.7,45.75,1640.0
2025-03-31 17:30:00+00:00,45.75,45.86,45.75,45.835,452.0
2025-03-31 17:45:00+00:00,45.835,45.85,45.78,45.79,294.0
2025-03-31 18:00:00+00:00,45.78,46.14,45.78,46.14,1596.0
2025-03-31 18:15:00+00:00,46.09,46.28,46.09,46.19,382.0
2025-03-31 18:30:00+00:00,46.22,46.305,46.18,46.28,762.0
2025-03-31 18:45:00+00:00,46.26,46.26,46.115,46.13,642.0
2025-03-31 19:00:00+00:00,46.155,46.24,46.155,46.18,370.0
2025-03-31 19:15:00+00:00,46.19,46.26,46.17,46.17,219.0
2025-03-31 19:30:00+00:00,46.205,46.365,46.19,46.295,1863.0
2025-03-31 19:45:00+00:00,46.26,46.305,46.175,46.205,1988.0
2025-04-01 13:30:00+00:00,45.12,45.68,45.085,45.525,5123.0
2025-04-01 13:45:00+00:00,45.525,45.76,45.49,45.76,521.0
2025-04-01 14:00:00+00:00,45.59,45.7,45.34,45.41,1148.0
2025-04-01 14:15:00+00:00,45.45,45.605,45.41,45.605,672.0
2025-04-01 14:30:00+00:00,45.635,45.98,45.635,45.98,1320.0
2025-04-01 14:45:00+00:00,45.95,46.04,45.8,45.905,1729.0
2025-04-01 15:00:00+00:00,45.87,46.185,45.87,46.16,735.0
2025-04-01 15:15:00+00:00,46.125,46.125,46.0,46.09,1166.0
2025-04-01 15:30:00+00:00,46.09,46.18,46.035,46.06,588.0
2025-04-01 15:45:00+00:00,46.06,46.315,46.06,46.315,1646.0
2025-04-01 16:00:00+00:00,46.315,46.54,46.105,46.11,5807.0
2025-04-01 16:15:00+00:00,46.1,46.38,46.1,46.17,8343.0
2025-04-01 16:30:00+00:00,46.165,46.23,46.01,46.02,3293.0
2025-04-01 16:45:00+00:00,46.03,46.18,45.995,46.075,1310.0
2025-04-01 17:00:00+00:00,46.075,46.19,46.075,46.145,647.0
2025-04-01 17:15:00+00:00,46.15,46.22,46.12,46.21,1534.0
2025-04-01 17:30:00+00:00,46.245,46.385,46.155,46.385,714.0
2025-04-01 17:45:00+00:00,46.41,46.51,46.39,46.425,2637.0
2025-04-01 18:00:00+00:00,46.44,46.5,46.42,46.45,891.0
2025-04-01 18:15:00+00:00,46.45,46.47,46.21,46.31,1691.0
2025-04-01 18:30:00+00:00,46.3,46.35,46.08,46.115,1293.0
2025-04-01 18:45:00+00:00,46.115,46.23,46.06,46.15,2681.0
2025-04-01 19:00:00+00:00,46.15,46.28,46.135,46.155,2107.0
2025-04-01 19:15:00+00:00,46.15,46.35,46.12,46.345,3802.0
2025-04-01 19:30:00+00:00,46.36,46.56,46.35,46.4,7795.0
2025-04-01 19:45:00+00:00,46.4,46.52,46.315,46.355,9894.0
2025-04-02 13:30:00+00:00,45.91,46.12,45.86,45.86,777.0
2025-04-02 13:45:00+00:00,45.86,45.98,45.77,45.93,2541.0
2025-04-02 14:00:00+00:00,45.9,46.03,45.81,45.95,5020.0
2025-04-02 14:15:00+00:00,45.95,46.08,45.95,46.01,1310.0
2025-04-02 14:30:00+00:00,46.01,46.08,45.955,45.98,3146.0
2025-04-02 14:45:00+00:00,45.98,46.11,45.915,45.98,4539.0
2025-04-02 15:00:00+00:00,45.99,46.07,45.94,46.045,2921.0
2025-04-02 15:15:00+00:00,46.04,46.24,46.035,46.24,1745.0
2025-04-02 15:30:00+00:00,46.24,46.29,46.17,46.17,2851.0
2025-04-02 15:45:00+00:00,46.19,46.22,46.09,46.2,4950.0
2025-04-02 16:00:00+00:00,46.175,46.245,46.155,46.21,3364.0
2025-04-02 16:15:00+00:00,46.205,46.22,46.01,46.115,3586.0
2025-04-02 16:30:00+00:00,46.115,46.14,45.965,46.055,1382.0
2025-04-02 16:45:00+00:00,46.055,46.14,46.04,46.14,1714.0
2025-04-02 17:00:00+00:00,46.125,46.18,46.1,46.15,3482.0
2025-04-02 17:15:00+00:00,46.13,46.27,46.04,46.25,1796.0
2025-04-02 17:30:00+00:00,46.255,46.35,46.12,46.12,1431.0
2025-04-02 17:45:00+00:00,46.135,46.2,46.09,46.2,3240.0
2025-04-02 18:00:00+00:00,46.2,46.22,46.1,46.15,2826.0
2025-04-02 18:15:00+00:00,46.155,46.155,45.94,45.94,2304.0
2025-04-02 18:30:00+00:00,45.945,46.12,45.945,46.04,1003.0
2025-04-02 18:45:00+00:00,46.04,46.08,45.95,45.95,2300.0
2025-04-02 19:00:00+00:00,45.985,46.04,45.72,45.75,2041.0
2025-04-02 19:15:00+00:00,45.75,45.81,45.71,45.72,7199.0
2025-04-02 19:30:00+00:00,45.65,45.815,45.64,45.81,5281.0
2025-04-02 19:45:00+00:00,45.8,45.97,45.665,45.82,9328.0
2025-04-03 13:30:00+00:00,46.01,47.75,46.01,47.65,7266.0
2025-04-03 13:45:00+00:00,47.67,48.41,47.67,48.2,7296.0
2025-04-03 14:00:00+00:00,48.22,48.44,47.48,47.635,9199.0
2025-04-03 14:15:00+00:00,47.635,47.635,46.74,46.82,2792.0
2025-04-03 14:30:00+00:00,46.795,46.795,46.47,46.665,8441.0
2025-04-03 14:45:00+00:00,46.665,46.665,46.39,46.475,4921.0
2025-04-03 15:00:00+00:00,46.475,46.58,45.785,45.995,5970.0
2025-04-03 15:15:00+00:00,46.045,46.14,45.84,46.02,2768.0
2025-04-03 15:30:00+00:00,46.03,46.235,45.97,46.205,3667.0
2025-04-03 15:45:00+00:00,46.18,46.24,45.905,46.01,5622.0
2025-04-03 16:00:00+00:00,45.965,46.28,45.93,46.19,6446.0
2025-04-03 16:15:00+00:00,46.265,46.52,46.24,46.495,2739.0
2025-04-03 16:30:00+00:00,46.525,46.54,46.19,46.37,3864.0
2025-04-03 16:45:00+00:00,46.37,46.46,46.27,46.42,1270.0
2025-04-03 17:00:00+00:00,46.405,46.46,46.04,46.04,4264.0
2025-04-03 17:15:00+00:00,46.03,46.06,45.76,46.025,1842.0
2025-04-03 17:30:00+00:00,45.98,45.98,45.79,45.82,2909.0
2025-04-03 17:45:00+00:00,45.85,45.955,45.46,45.47,3246.0
2025-04-03 18:00:00+00:00,45.48,45.63,45.3,45.38,1466.0
2025-04-03 18:15:00+00:00,45.38,45.4,45.205,45.365,1737.0
2025-04-03 18:30:00+00:00,45.335,45.43,45.18,45.43,1987.0
2025-04-03 18:45:00+00:00,45.445,45.635,45.44,45.52,4992.0
2025-04-03 19:00:00+00:00,45.47,45.57,45.405,45.47,4401.0
2025-04-03 19:15:00+00:00,45.47,45.47,45.215,45.24,1654.0
2025-04-03 19:30:00+00:00,45.2,45.255,45.0,45.23,5040.0
2025-04-03 19:45:00+00:00,45.23,45.26,45.01,45.21,15241.0
2025-04-04 13:30:00+00:00,43.05,43.13,42.1,42.1,5345.0
2025-04-04 13:45:00+00:00,42.14,42.46,41.985,42.34,3764.0
2025-04-04 14:00:00+00:00,42.3,42.36,41.87,41.94,5466.0
2025-04-04 14:15:00+00:00,42.0,42.34,41.89,42.025,3486.0
2025-04-04 14:30:00+00:00,42.03,42.135,41.6,41.74,4221.0
2025-04-04 14:45:00+00:00,41.77,42.095,41.285,42.01,7879.0
2025-04-04 15:00:00+00:00,41.955,42.94,41.89,42.865,8939.0
2025-04-04 15:15:00+00:00,42.82,43.05,42.41,42.475,11209.0
2025-04-04 15:30:00+00:00,42.56,42.58,42.16,42.18,9743.0
2025-04-04 15:45:00+00:00,42.155,42.16,41.73,41.73,4354.0
2025-04-04 16:00:00+00:00,41.665,41.945,41.61,41.88,3633.0
2025-04-04 16:15:00+00:00,41.935,41.935,41.54,41.565,3469.0
2025-04-04 16:30:00+00:00,41.565,41.805,41.42,41.65,1906.0
2025-04-04 16:45:00+00:00,41.65,41.75,41.58,41.595,1768.0
2025-04-04 17:00:00+00:00,41.68,41.68,41.26,41.26,1639.0
2025-04-04 17:15:00+00:00,41.26,41.33,41.14,41.265,1260.0
2025-04-04 17:30:00+00:00,41.26,41.46,41.23,41.45,2450.0
2025-04-04 17:45:00+00:00,41.455,41.66,41.45,41.66,2042.0
2025-04-04 18:00:00+00:00,41.71,41.84,41.43,41.51,3126.0
2025-04-04 18:15:00+00:00,41.51,41.51,41.335,41.4,2362.0
2025-04-04 18:30:00+00:00,41.4,41.45,41.19,41.21,3866.0
2025-04-04 18:45:00+00:00,41.21,41.38,41.18,41.32,4712.0
2025-04-04 19:00:00+00:00,41.32,41.37,41.23,41.365,2953.0
2025-04-04 19:15:00+00:00,41.36,41.4,41.22,41.4,3361.0
2025-04-04 19:30:00+00:00,41.39,41.54,41.245,41.35,6872.0
2025-04-04 19:45:00+00:00,41.35,41.71,41.2,41.7,39790.0
2025-04-07 13:30:00+00:00,39.73,40.31,39.43,39.43,2532.0
2025-04-07 13:45:00+00:00,39.65,40.61,39.65,40.57,550.0
2025-04-07 14:00:00+00:00,40.67,41.81,40.31,41.81,1984.0
2025-04-07 14:15:00+00:00,41.91,42.3,41.07,41.13,3699.0
2025-04-07 14:30:00+00:00,41.13,41.55,40.625,41.005,1179.0
2025-04-07 14:45:00+00:00,41.005,41.61,41.005,41.61,1346.0
2025-04-07 15:00:00+00:00,41.65,41.91,40.87,40.87,1032.0
2025-04-07 15:15:00+00:00,40.91,41.06,40.37,40.54,1757.0
2025-04-07 15:30:00+00:00,40.54,40.85,40.42,40.85,384.0
2025-04-07 15:45:00+00:00,41.0,41.02,40.735,40.735,1761.0
2025-04-07 16:00:00+00:00,40.73,40.76,40.45,40.6,1946.0
2025-04-07 16:15:00+00:00,40.625,40.69,40.46,40.63,2026.0
2025-04-07 16:30:00+00:00,40.66,40.84,40.5,40.535,2487.0
2025-04-07 16:45:00+00:00,40.55,40.61,40.41,40.53,4299.0
2025-04-07 17:00:00+00:00,40.58,41.03,40.58,40.88,4033.0
2025-04-07 17:15:00+00:00,40.89,41.01,40.745,40.925,6501.0
2025-04-07 17:30:00+00:00,40.86,41.04,40.715,41.02,1575.0
2025-04-07 17:45:00+00:00,41.065,41.29,40.97,41.21,4978.0
2025-04-07 18:00:00+00:00,41.31,41.36,41.105,41.24,3569.0
2025-04-07 18:15:00+00:00,41.21,41.42,40.94,40.95,3384.0
2025-04-07 18:30:00+00:00,40.915,41.025,40.845,40.9,2054.0
2025-04-07 18:45:00+00:00,40.875,40.91,40.62,40.725,5135.0
2025-04-07 19:00:00+00:00,40.725,40.875,40.655,40.72,2823.0
2025-04-07 19:15:00+00:00,40.725,40.875,40.615,40.68,1854.0
2025-04-07 19:30:00+00:00,40.7,41.05,40.62,40.65,7224.0
2025-04-07 19:45:00+00:00,40.65,40.835,40.58,40.68,7536.0
2025-04-08 13:30:00+00:00,41.92,42.185,41.7,42.165,4570.0
2025-04-08 13:45:00+00:00,42.07,42.09,41.67,41.95,2233.0
2025-04-08 14:00:00+00:00,41.99,42.09,41.82,41.82,1667.0
2025-04-08 14:15:00+00:00,41.82,42.05,41.775,41.91,2134.0
2025-04-08 14:30:00+00:00,41.93,42.05,41.68,41.72,5067.0
2025-04-08 14:45:00+00:00,41.66,41.745,41.36,41.395,5077.0
2025-04-08 15:00:00+00:00,41.36,41.565,41.15,41.205,9569.0
2025-04-08 15:15:00+00:00,41.26,41.36,41.14,41.165,5170.0
2025-04-08 15:30:00+00:00,41.22,41.575,41.22,41.41,6756.0
2025-04-08 15:45:00+00:00,41.44,41.46,41.22,41.295,7429.0
2025-04-08 16:00:00+00:00,41.29,41.525,41.23,41.35,2983.0
2025-04-08 16:15:00+00:00,41.34,41.5,41.05,41.2,3568.0
2025-04-08 16:30:00+00:00,41.29,41.36,40.96,41.07,5085.0
2025-04-08 16:45:00+00:00,41.09,41.3,41.055,41.11,3035.0
2025-04-08 17:00:00+00:00,41.105,41.25,40.925,41.04,5347.0
2025-04-08 17:15:00+00:00,41.085,41.25,41.03,41.03,4953.0
2025-04-08 17:30:00+00:00,41.035,41.59,41.015,41.53,6337.0
2025-04-08 17:45:00+00:00,41.505,41.54,41.3,41.46,4774.0
2025-04-08 18:00:00+00:00,41.475,41.615,41.415,41.43,5864.0
2025-04-08 18:15:00+00:00,41.435,41.625,41.2,41.2,7031.0
2025-04-08 18:30:00+00:00,41.25,41.7,41.14,41.16,9384.0
2025-04-08 18:45:00+00:00,41.2,41.25,40.98,41.0,4598.0
2025-04-08 19:00:00+00:00,40.955,41.0,40.53,40.53,5257.0
2025-04-08 19:15:00+00:00,40.565,40.68,40.365,40.61,3393.0
2025-04-08 19:30:00+00:00,40.57,40.59,40.19,40.225,6197.0
2025-04-08 19:45:00+00:00,40.19,40.58,40.1,40.43,8627.0
2025-04-09 13:30:00+00:00,39.69,40.325,39.66,40.25,1253.0
2025-04-09 13:45:00+00:00,40.25,40.44,40.03,40.255,1860.0
2025-04-09 14:00:00+00:00,40.32,40.45,39.73,39.73,2786.0
2025-04-09 14:15:00+00:00,39.76,39.79,39.58,39.625,3795.0
2025-04-09 14:30:00+00:00,39.63,39.63,39.25,39.25,15436.0
2025-04-09 14:45:00+00:00,39.3,39.45,38.8,38.87,7421.0
2025-04-09 15:00:00+00:00,38.86,39.28,38.83,39.17,3232.0
2025-04-09 15:15:00+00:00,39.195,39.39,39.165,39.3,2173.0
2025-04-09 15:30:00+00:00,39.3,39.33,39.07,39.07,2863.0
2025-04-09 15:45:00+00:00,39.085,39.29,38.96,38.99,2209.0
2025-04-09 16:00:00+00:00,38.91,39.245,38.885,39.21,1298.0
2025-04-09 16:15:00+00:00,39.245,39.32,39.17,39.24,893.0
2025-04-09 16:30:00+00:00,39.23,39.45,39.21,39.22,2804.0
2025-04-09 16:45:00+00:00,39.195,39.455,39.175,39.34,5241.0
2025-04-09 17:00:00+00:00,39.275,39.535,39.16,39.19,1287.0
2025-04-09 17:15:00+00:00,39.265,41.96,38.97,41.46,2649.0
2025-04-09 17:30:00+00:00,41.41,42.22,41.36,42.135,10230.0
2025-04-09 17:45:00+00:00,42.19,42.91,42.19,42.825,11088.0
2025-04-09 18:00:00+00:00,42.85,43.025,42.33,42.505,15631.0
2025-04-09 18:15:00+00:00,42.57,42.92,42.545,42.83,1999.0
2025-04-09 18:30:00+00:00,42.98,42.99,42.28,42.28,3156.0
2025-04-09 18:45:00+00:00,42.28,42.5,42.22,42.44,1381.0
2025-04-09 19:00:00+00:00,42.44,42.91,42.42,42.9,2289.0
2025-04-09 19:15:00+00:00,42.915,43.34,42.88,43.25,6579.0
2025-04-09 19:30:00+00:00,43.29,43.35,43.08,43.18,4313.0
2025-04-09 19:45:00+00:00,43.2,43.69,43.08,43.095,11135.0
2025-04-10 13:30:00+00:00,42.16,42.18,41.815,41.845,968.0
2025-04-10 13:45:00+00:00,41.86,41.98,41.43,41.46,1399.0
2025-04-10 14:00:00+00:00,41.565,41.59,41.365,41.55,2907.0
2025-04-10 14:15:00+00:00,41.605,41.82,41.555,41.62,964.0
2025-04-10 14:30:00+00:00,41.585,41.805,41.585,41.69,4978.0
2025-04-10 14:45:00+00:00,41.71,41.89,41.605,41.605,1128.0
2025-04-10 15:00:00+00:00,41.575,41.66,41.53,41.59,887.0
2025-04-10 15:15:00+00:00,41.53,41.575,41.425,41.44,3693.0
2025-04-10 15:30:00+00:00,41.405,41.59,41.35,41.37,4490.0
2025-04-10 15:45:00+00:00,41.39,41.51,41.2,41.22,8653.0
2025-04-10 16:00:00+00:00,41.35,41.35,41.175,41.175,6227.0
2025-04-10 16:15:00+00:00,41.165,41.19,40.73,40.86,11570.0
2025-04-10 16:30:00+00:00,40.86,41.07,40.75,41.07,5633.0
2025-04-10 16:45:00+00:00,41.0,41.235,40.84,41.14,3849.0
2025-04-10 17:00:00+00:00,41.14,41.47,40.87,40.87,5434.0
2025-04-10 17:15:00+00:00,40.87,41.06,40.8,41.025,5166.0
2025-04-10 17:30:00+00:00,41.025,41.23,40.97,41.18,4388.0
2025-04-10 17:45:00+00:00,41.24,41.505,41.22,41.445,1494.0
2025-04-10 18:00:00+00:00,41.4,41.7,41.3,41.305,4675.0
2025-04-10 18:15:00+00:00,41.195,41.74,41.195,41.69,1939.0
2025-04-10 18:30:00+00:00,41.67,41.905,41.57,41.9,3133.0
2025-04-10 18:45:00+00:00,41.79,41.84,41.46,41.5,10842.0
2025-04-10 19:00:00+00:00,41.46,41.675,41.25,41.345,8351.0
2025-04-10 19:15:00+00:00,41.36,41.495,41.17,41.185,5998.0
2025-04-10 19:30:00+00:00,41.2,41.35,40.795,40.82,19447.0
2025-04-10 19:45:00+00:00,40.82,41.19,40.79,41.02,27491.0
2025-04-11 13:30:00+00:00,41.67,41.95,41.33,41.56,3978.0
2025-04-11 13:45:00+00:00,41.51,41.625,41.23,41.27,7088.0
2025-04-11 14:00:00+00:00,41.2,41.44,41.14,41.39,3824.0
2025-04-11 14:15:00+00:00,41.395,41.395,40.655,40.84,7820.0
2025-04-11 14:30:00+00:00,40.82,41.1,40.78,41.1,7174.0
2025-04-11 14:45:00+00:00,41.14,41.29,40.89,40.97,19892.0
2025-04-11 15:00:00+00:00,41.005,41.18,40.86,40.86,4798.0
2025-04-11 15:15:00+00:00,40.83,40.86,40.725,40.74,4736.0
2025-04-11 15:30:00+00:00,40.74,40.84,40.58,40.84,18918.0
2025-04-11 15:45:00+00:00,40.925,40.99,40.86,40.97,4365.0
2025-04-11 16:00:00+00:00,40.955,41.24,40.94,41.085,4015.0
2025-04-11 16:15:00+00:00,41.1,41.17,40.98,41.08,3557.0
2025-04-11 16:30:00+00:00,41.08,41.21,41.08,41.2,12020.0
2025-04-11 16:45:00+00:00,41.21,41.56,41.19,41.54,9243.0
2025-04-11 17:00:00+00:00,41.505,41.59,41.31,41.31,2703.0
2025-04-11 17:15:00+00:00,41.32,41.37,41.2,41.25,2337.0
2025-04-11 17:30:00+00:00,41.33,41.57,41.23,41.57,3955.0
2025-04-11 17:45:00+00:00,41.53,41.54,41.44,41.45,5840.0
2025-04-11 18:00:00+00:00,41.43,41.52,41.37,41.42,5441.0
2025-04-11 18:15:00+00:00,41.43,41.46,41.27,41.43,3115.0
2025-04-11 18:30:00+00:00,41.4,41.43,41.33,41.43,2439.0
2025-04-11 18:45:00+00:00,41.43,41.44,41.285,41.31,6346.0
2025-04-11 19:00:00+00:00,41.31,41.49,41.305,41.475,5984.0
2025-04-11 19:15:00+00:00,41.46,41.52,41.39,41.4,10119.0
2025-04-11 19:30:00+00:00,41.395,41.43,41.31,41.36,11579.0
2025-04-11 19:45:00+00:00,41.355,41.495,41.205,41.28,27641.0
2025-04-14 13:30:00+00:00,41.28,42.825,41.28,42.625,1287.0
2025-04-14 13:45:00+00:00,42.625,43.14,42.58,43.11,4592.0
2025-04-14 14:00:00+00:00,43.12,43.45,43.1,43.34,4341.0
2025-04-14 14:15:00+00:00,43.34,43.395,43.125,43.255,3328.0
2025-04-14 14:30:00+00:00,43.24,43.28,43.025,43.185,3149.0
2025-04-14 14:45:00+00:00,43.185,43.25,43.04,43.09,3222.0
2025-04-14 15:00:00+00:00,43.07,43.18,42.985,43.18,3391.0
2025-04-14 15:15:00+00:00,43.19,43.35,43.17,43.21,3405.0
2025-04-14 15:30:00+00:00,43.21,43.34,42.93,43.0,2094.0
2025-04-14 15:45:00+00:00,42.985,42.985,42.73,42.79,2757.0
2025-04-14 16:00:00+00:00,42.79,42.93,42.54,42.625,2554.0
2025-04-14 16:15:00+00:00,42.61,42.84,42.6,42.82,1766.0
2025-04-14 16:30:00+00:00,42.82,42.96,42.82,42.94,2983.0
2025-04-14 16:45:00+00:00,42.94,42.97,42.82,42.82,1882.0
2025-04-14 17:00:00+00:00,43.13,43.16,42.78,42.78,1281.0
2025-04-14 17:15:00+00:00,42.785,42.875,42.72,42.745,758.0
2025-04-14 17:30:00+00:00,42.775,42.88,42.74,42.78,1072.0
2025-04-14 17:45:00+00:00,42.78,42.9,42.75,42.84,1639.0
2025-04-14 18:00:00+00:00,42.83,42.91,42.82,42.875,2546.0
2025-04-14 18:15:00+00:00,42.88,43.06,42.84,43.01,2264.0
2025-04-14 18:30:00+00:00,43.01,43.13,42.96,43.08,1208.0
2025-04-14 18:45:00+00:00,43.08,43.14,43.05,43.085,1822.0
2025-04-14 19:00:00+00:00,43.085,43.25,43.08,43.22,4256.0
2025-04-14 19:15:00+00:00,43.215,43.215,43.03,43.09,1732.0
2025-04-14 19:30:00+00:00,43.09,43.23,43.025,43.18,1928.0
2025-04-14 19:45:00+00:00,43.18,43.22,43.005,43.07,7778.0
2025-04-15 13:30:00+00:00,43.735,44.54,43.735,44.42,3480.0
2025-04-15 13:45:00+00:00,44.42,44.71,44.42,44.57,2689.0
2025-04-15 14:00:00+00:00,44.55,44.63,44.39,44.42,2780.0
2025-04-15 14:15:00+00:00,44.42,44.49,44.035,44.07,2874.0
2025-04-15 14:30:00+00:00,44.2,44.385,44.115,44.17,2113.0
2025-04-15 14:45:00+00:00,44.1,44.2,44.08,44.15,2007.0
2025-04-15 15:00:00+00:00,44.15,44.375,44.15,44.305,3588.0
2025-04-15 15:15:00+00:00,44.31,44.425,44.27,44.375,4228.0
2025-04-15 15:30:00+00:00,44.37,44.395,44.23,44.395,2764.0
2025-04-15 15:45:00+00:00,44.38,44.525,44.32,44.5,2055.0
2025-04-15 16:00:00+00:00,44.5,44.55,44.355,44.37,641.0
2025-04-15 16:15:00+00:00,44.31,44.38,44.26,44.26,1965.0
2025-04-15 16:30:00+00:00,44.24,44.26,44.11,44.19,537.0
2025-04-15 16:45:00+00:00,44.195,44.235,43.93,44.02,1095.0
2025-04-15 17:00:00+00:00,44.01,44.12,43.98,43.985,1090.0
2025-04-15 17:15:00+00:00,43.985,43.99,43.845,43.92,1255.0
2025-04-15 17:30:00+00:00,43.98,44.14,43.94,44.14,1347.0
2025-04-15 17:45:00+00:00,44.125,44.22,44.055,44.16,7094.0
2025-04-15 18:00:00+00:00,44.16,44.185,43.97,43.97,1411.0
2025-04-15 18:15:00+00:00,43.97,44.05,43.94,43.97,2063.0
2025-04-15 18:30:00+00:00,43.97,44.1,43.97,44.1,840.0
2025-04-15 18:45:00+00:00,44.11,44.17,44.08,44.095,1022.0
2025-04-15 19:00:00+00:00,44.09,44.18,44.07,44.16,917.0
2025-04-15 19:15:00+00:00,44.14,44.21,44.115,44.14,948.0
2025-04-15 19:30:00+00:00,44.165,44.195,44.105,44.115,1915.0
2025-04-15 19:45:00+00:00,44.11,44.19,44.065,44.13,7566.0
2025-04-16 13:30:00+00:00,43.6,43.6,43.31,43.31,745.0
2025-04-16 13:45:00+00:00,43.31,43.31,43.18,43.18,25.0
2025-04-16 14:00:00+00:00,43.18,43.4,43.01,43.2,423.0
2025-04-16 14:15:00+00:00,43.2,43.24,43.08,43.17,1350.0
2025-04-16 14:30:00+00:00,43.16,43.16,42.95,43.035,3135.0
2025-04-16 14:45:00+00:00,43.035,43.07,42.93,43.07,30668.0
2025-04-16 15:00:00+00:00,43.07,43.33,43.07,43.325,487.0
2025-04-16 15:15:00+00:00,43.325,43.4,43.195,43.33,1214.0
2025-04-16 15:30:00+00:00,43.33,43.4,43.23,43.25,3339.0
2025-04-16 15:45:00+00:00,43.25,43.275,43.145,43.205,565.0
2025-04-16 16:00:00+00:00,43.205,43.205,43.07,43.09,840.0
2025-04-16 16:15:00+00:00,43.09,43.22,43.085,43.12,1991.0
2025-04-16 16:30:00+00:00,43.14,43.2,43.025,43.14,1766.0
2025-04-16 16:45:00+00:00,43.11,43.245,43.06,43.235,467.0
2025-04-16 17:00:00+00:00,43.24,43.33,43.155,43.18,1297.0
2025-04-16 17:15:00+00:00,43.18,43.26,43.17,43.24,1126.0
2025-04-16 17:30:00+00:00,43.235,43.235,42.86,42.9,1600.0
2025-04-16 17:45:00+00:00,42.9,42.9,42.585,42.585,924.0
2025-04-16 18:00:00+00:00,42.585,42.725,42.52,42.72,762.0
2025-04-16 18:15:00+00:00,42.73,42.81,42.605,42.79,456.0
2025-04-16 18:30:00+00:00,42.8,42.87,42.69,42.82,938.0
2025-04-16 18:45:00+00:00,42.855,42.89,42.76,42.77,722.0
2025-04-16 19:00:00+00:00,42.77,42.805,42.48,42.58,1617.0
2025-04-16 19:15:00+00:00,42.6,42.65,42.41,42.48,3054.0
2025-04-16 19:30:00+00:00,42.46,42.62,42.44,42.57,5519.0
2025-04-16 19:45:00+00:00,42.55,42.81,42.52,42.57,7323.0
2025-04-17 13:30:00+00:00,42.625,42.85,42.625,42.85,775.0
2025-04-17 13:45:00+00:00,42.83,42.84,42.72,42.83,227.0
2025-04-17 14:00:00+00:00,42.83,42.96,42.83,42.895,304.0
2025-04-17 14:15:00+00:00,42.785,42.91,42.745,42.76,532.0
2025-04-17 14:30:00+00:00,42.76,42.93,42.72,42.9,658.0
2025-04-17 14:45:00+00:00,43.01,43.03,42.98,43.005,469.0
2025-04-17 15:00:00+00:00,43.005,43.34,43.0,43.29,421.0
2025-04-17 15:15:00+00:00,43.315,43.335,43.17,43.26,1008.0
2025-04-17 15:30:00+00:00,43.26,43.345,43.24,43.255,963.0
2025-04-17 15:45:00+00:00,43.255,43.31,43.205,43.29,1028.0
2025-04-17 16:00:00+00:00,43.45,43.6,43.23,43.53,945.0
2025-04-17 16:15:00+00:00,43.58,43.625,43.57,43.605,708.0
2025-04-17 16:30:00+00:00,43.605,43.71,43.575,43.635,5028.0
2025-04-17 16:45:00+00:00,43.645,43.815,43.645,43.785,1034.0
2025-04-17 17:00:00+00:00,43.785,43.89,43.76,43.815,1186.0
2025-04-17 17:15:00+00:00,43.815,43.835,43.655,43.655,1137.0
2025-04-17 17:30:00+00:00,43.7,43.8,43.55,43.555,3403.0
2025-04-17 17:45:00+00:00,43.555,43.67,43.48,43.54,2946.0
2025-04-17 18:00:00+00:00,43.505,43.71,43.465,43.69,2046.0
2025-04-17 18:15:00+00:00,43.69,43.69,43.59,43.6,2901.0
2025-04-17 18:30:00+00:00,43.6,43.72,43.59,43.59,1052.0
2025-04-17 18:45:00+00:00,43.615,43.63,43.51,43.53,3547.0
2025-04-17 19:00:00+00:00,43.515,43.56,43.49,43.5,3522.0
2025-04-17 19:15:00+00:00,43.5,43.55,43.39,43.515,9548.0
2025-04-17 19:30:00+00:00,43.53,43.6,43.525,43.545,4049.0
2025-04-17 19:45:00+00:00,43.545,43.58,43.475,43.55,9964.0
2025-04-18 13:30:00+00:00,43.55,43.55,43.55,43.55,0.0
2025-04-18 13:45:00+00:00,43.55,43.55,43.55,43.55,0.0
2025-04-18 14:00:00+00:00,43.55,43.55,43.55,43.55,0.0
2025-04-18 14:15:00+00:00,43.55,43.55,43.55,43.55,0.0
2025-04-18 14:30:00+00:00,43.55,43.55,43.55,43.55,0.0
2025-04-18 14:45:00+00:00,43.55,43.55,43.55,43.55,0.0
2025-04-18 15:00:00+00:00,43.55,43.55,43.55,43.55,0.0
2025-04-18 15:15:00+00:00,43.55,43.55,43.55,43.55,0.0
2025-04-18 15:30:00+00:00,43.55,43.55,43.55,43.55,0.0
2025-04-18 15:45:00+00:00,43.55,43.55,43.55,43.55,0.0
2025-04-18 16:00:00+00:00,43.55,43.55,43.55,43.55,0.0
2025-04-18 16:15:00+00:00,43.55,43.55,43.55,43.55,0.0
2025-04-18 16:30:00+00:00,43.55,43.55,43.55,43.55,0.0
2025-04-18 16:45:00+00:00,43.55,43.55,43.55,43.55,0.0
2025-04-18 17:00:00+00:00,43.55,43.55,43.55,43.55,0.0
2025-04-18 17:15:00+00:00,43.55,43.55,43.55,43.55,0.0
2025-04-18 17:30:00+00:00,43.55,43.55,43.55,43.55,0.0
2025-04-18 17:45:00+00:00,43.55,43.55,43.55,43.55,0.0
2025-04-18 18:00:00+00:00,43.55,43.55,43.55,43.55,0.0
2025-04-18 18:15:00+00:00,43.55,43.55,43.55,43.55,0.0
2025-04-18 18:30:00+00:00,43.55,43.55,43.55,43.55,0.0
2025-04-18 18:45:00+00:00,43.55,43.55,43.55,43.55,0.0
2025-04-18 19:00:00+00:00,43.55,43.55,43.55,43.55,0.0
2025-04-18 19:15:00+00:00,43.55,43.55,43.55,43.55,0.0
2025-04-18 19:30:00+00:00,43.55,43.55,43.55,43.55,0.0
2025-04-18 19:45:00+00:00,43.55,43.55,43.55,43.55,0.0
2025-04-21 13:30:00+00:00,43.55,43.55,43.55,43.55,0.0
2025-04-21 13:45:00+00:00,43.55,43.55,43.09,43.09,294.0
2025-04-21 14:00:00+00:00,43.09,43.09,43.01,43.065,778.0
2025-04-21 14:15:00+00:00,43.085,43.085,42.97,43.01,1886.0
2025-04-21 14:30:00+00:00,43.08,43.115,43.02,43.025,2194.0
2025-04-21 14:45:00+00:00,43.025,43.025,42.745,42.76,1505.0
2025-04-21 15:00:00+00:00,42.76,42.765,42.545,42.57,812.0
2025-04-21 15:15:00+00:00,42.57,42.57,42.47,42.47,260.0
2025-04-21 15:30:00+00:00,42.47,42.47,42.16,42.245,1461.0
2025-04-21 15:45:00+00:00,42.245,42.245,42.06,42.06,379.0
2025-04-21 16:00:00+00:00,42.09,42.2,42.08,42.2,1407.0
2025-04-21 16:15:00+00:00,42.2,42.24,42.125,42.125,767.0
2025-04-21 16:30:00+00:00,42.125,42.355,42.125,42.305,165.0
2025-04-21 16:45:00+00:00,42.305,42.305,42.09,42.1,601.0
2025-04-21 17:00:00+00:00,42.1,42.17,42.03,42.08,323.0
2025-04-21 17:15:00+00:00,42.08,42.25,42.07,42.22,2181.0
2025-04-21 17:30:00+00:00,42.21,42.36,42.21,42.335,945.0
2025-04-21 17:45:00+00:00,42.335,42.34,41.93,41.93,1547.0
2025-04-21 18:00:00+00:00,41.93,42.11,41.93,42.085,1520.0
2025-04-21 18:15:00+00:00,42.085,42.16,42.07,42.15,1779.0
2025-04-21 18:30:00+00:00,42.125,42.2,42.1,42.1,474.0
2025-04-21 18:45:00+00:00,42.1,42.14,42.09,42.14,1050.0
2025-04-21 19:00:00+00:00,42.13,42.28,42.12,42.28,1002.0
2025-04-21 19:15:00+00:00,42.265,42.29,42.05,42.05,2337.0
2025-04-21 19:30:00+00:00,42.06,42.24,42.03,42.185,6888.0
2025-04-21 19:45:00+00:00,42.185,42.355,42.095,42.1,19650.0
2025-04-22 13:30:00+00:00,42.915,43.12,42.445,42.475,948.0
2025-04-22 13:45:00+00:00,42.475,42.475,41.94,41.95,880.0
2025-04-22 14:00:00+00:00,41.98,42.15,41.9,42.095,275.0
2025-04-22 14:15:00+00:00,42.08,42.08,41.98,42.035,1186.0
2025-04-22 14:30:00+00:00,42.025,42.1,41.94,42.05,881.0
2025-04-22 14:45:00+00:00,42.015,42.11,41.98,42.0,601.0
2025-04-22 15:00:00+00:00,41.98,42.16,41.97,42.16,871.0
2025-04-22 15:15:00+00:00,42.165,42.285,42.09,42.23,1750.0
2025-04-22 15:30:00+00:00,42.23,42.23,42.14,42.17,1024.0
2025-04-22 15:45:00+00:00,42.17,42.37,42.12,42.37,1415.0
2025-04-22 16:00:00+00:00,42.415,42.49,42.41,42.47,545.0
2025-04-22 16:15:00+00:00,42.515,42.66,42.45,42.59,851.0
2025-04-22 16:30:00+00:00,42.55,42.595,42.39,42.39,861.0
2025-04-22 16:45:00+00:00,42.41,42.44,42.33,42.41,2486.0
2025-04-22 17:00:00+00:00,42.44,42.68,42.44,42.5,3042.0
2025-04-22 17:15:00+00:00,42.5,42.56,42.38,42.385,2678.0
2025-04-22 17:30:00+00:00,42.385,42.6,42.34,42.59,4415.0
2025-04-22 17:45:00+00:00,42.565,42.58,42.39,42.44,3869.0
2025-04-22 18:00:00+00:00,42.46,42.61,42.43,42.61,6219.0
2025-04-22 18:15:00+00:00,42.61,42.72,42.58,42.7,4433.0
2025-04-22 18:30:00+00:00,42.69,42.75,42.67,42.7,4373.0
2025-04-22 18:45:00+00:00,42.7,42.81,42.7,42.72,3766.0
2025-04-22 19:00:00+00:00,42.72,42.78,42.675,42.68,1497.0
2025-04-22 19:15:00+00:00,42.67,42.69,42.575,42.6,4490.0
2025-04-22 19:30:00+00:00,42.61,42.72,42.48,42.71,5703.0
2025-04-22 19:45:00+00:00,42.71,42.8,42.65,42.705,6225.0
2025-04-23 13:30:00+00:00,44.385,44.55,44.245,44.55,237.0
2025-04-23 13:45:00+00:00,44.58,44.795,44.37,44.395,465.0
2025-04-23 14:00:00+00:00,44.47,44.505,44.46,44.47,642.0
2025-04-23 14:15:00+00:00,44.47,44.515,44.35,44.45,540.0
2025-04-23 14:30:00+00:00,44.45,44.69,44.45,44.69,396.0
2025-04-23 14:45:00+00:00,44.85,44.85,44.58,44.67,468.0
2025-04-23 15:00:00+00:00,44.62,44.745,44.62,44.73,291.0
2025-04-23 15:15:00+00:00,44.73,44.73,44.535,44.535,554.0
2025-04-23 15:30:00+00:00,44.52,44.59,44.49,44.535,733.0
2025-04-23 15:45:00+00:00,44.465,44.465,44.315,44.42,349.0
2025-04-23 16:00:00+00:00,44.435,44.435,44.37,44.39,142.0
2025-04-23 16:15:00+00:00,44.39,44.39,44.24,44.34,159.0
2025-04-23 16:30:00+00:00,44.34,44.425,44.34,44.365,53.0
2025-04-23 16:45:00+00:00,44.365,44.39,44.28,44.37,369.0
2025-04-23 17:00:00+00:00,44.36,44.39,44.34,44.36,286.0
2025-04-23 17:15:00+00:00,44.36,44.46,44.29,44.3,833.0
2025-04-23 17:30:00+00:00,44.315,44.34,44.205,44.285,397.0
2025-04-23 17:45:00+00:00,44.31,44.46,44.31,44.44,776.0
2025-04-23 18:00:00+00:00,44.44,44.515,44.39,44.41,629.0
2025-04-23 18:15:00+00:00,44.44,44.51,44.415,44.43,668.0
2025-04-23 18:30:00+00:00,44.43,44.46,44.29,44.29,181.0
2025-04-23 18:45:00+00:00,44.275,44.34,44.26,44.34,472.0
2025-04-23 19:00:00+00:00,44.325,44.335,44.245,44.265,433.0
2025-04-23 19:15:00+00:00,44.23,44.245,44.145,44.165,630.0
2025-04-23 19:30:00+00:00,44.21,44.26,44.11,44.175,886.0
2025-04-23 19:45:00+00:00,44.2,44.3,44.15,44.23,3528.0
2025-04-24 13:30:00+00:00,44.23,44.54,43.97,43.97,1069.0
2025-04-24 13:45:00+00:00,43.97,44.23,43.97,44.205,1764.0
2025-04-24 14:00:00+00:00,44.27,44.3,44.19,44.245,428.0
2025-04-24 14:15:00+00:00,44.245,44.37,44.205,44.37,465.0
2025-04-24 14:30:00+00:00,44.37,44.41,44.31,44.38,95.0
2025-04-24 14:45:00+00:00,44.38,44.505,44.32,44.43,142.0
2025-04-24 15:00:00+00:00,44.43,44.56,44.42,44.52,412.0
2025-04-24 15:15:00+00:00,44.505,44.735,44.47,44.71,1737.0
2025-04-24 15:30:00+00:00,44.64,44.71,44.64,44.685,1050.0
2025-04-24 15:45:00+00:00,44.685,44.77,44.565,44.6,1483.0
2025-04-24 16:00:00+00:00,44.61,44.75,44.61,44.75,2639.0
2025-04-24 16:15:00+00:00,44.72,44.785,44.7,44.76,3068.0
2025-04-24 16:30:00+00:00,44.77,44.78,44.71,44.74,1142.0
2025-04-24 16:45:00+00:00,44.745,44.865,44.69,44.865,404.0
2025-04-24 17:00:00+00:00,44.87,44.87,44.815,44.83,288.0
2025-04-24 17:15:00+00:00,44.83,44.83,44.755,44.78,234.0
2025-04-24 17:30:00+00:00,44.78,44.78,44.63,44.63,90.0
2025-04-24 17:45:00+00:00,44.655,44.72,44.655,44.71,716.0
2025-04-24 18:00:00+00:00,44.72,44.97,44.72,44.97,1478.0
2025-04-24 18:15:00+00:00,44.93,44.96,44.885,44.95,555.0
2025-04-24 18:30:00+00:00,44.96,44.98,44.86,44.95,1079.0
2025-04-24 18:45:00+00:00,44.905,44.96,44.85,44.89,199.0
2025-04-24 19:00:00+00:00,44.89,44.89,44.74,44.765,517.0
2025-04-24 19:15:00+00:00,44.765,44.84,44.715,44.785,601.0
2025-04-24 19:30:00+00:00,44.805,44.86,44.64,44.69,2112.0
2025-04-24 19:45:00+00:00,44.69,44.69,44.47,44.6,12619.0
2025-04-25 13:30:00+00:00,44.69,44.69,44.385,44.5,1229.0
2025-04-25 13:45:00+00:00,44.53,44.61,44.395,44.52,1343.0
2025-04-25 14:00:00+00:00,44.55,44.82,44.55,44.73,1412.0
2025-04-25 14:15:00+00:00,44.71,44.76,44.52,44.52,221.0
2025-04-25 14:30:00+00:00,44.52,44.71,44.52,44.7,254.0
2025-04-25 14:45:00+00:00,44.715,44.82,44.595,44.6,854.0
2025-04-25 15:00:00+00:00,44.61,44.61,44.41,44.41,1126.0
2025-04-25 15:15:00+00:00,44.41,44.45,44.265,44.295,699.0
2025-04-25 15:30:00+00:00,44.295,44.53,44.295,44.48,527.0
2025-04-25 15:45:00+00:00,44.485,44.63,44.48,44.63,465.0
2025-04-25 16:00:00+00:00,44.605,44.61,44.54,44.54,316.0
2025-04-25 16:15:00+00:00,44.5,44.73,44.49,44.73,438.0
2025-04-25 16:30:00+00:00,44.71,44.82,44.71,44.79,411.0
2025-04-25 16:45:00+00:00,44.79,44.875,44.725,44.875,439.0
2025-04-25 17:00:00+00:00,44.89,44.92,44.83,44.92,910.0
2025-04-25 17:15:00+00:00,44.94,44.98,44.86,44.92,1188.0
2025-04-25 17:30:00+00:00,44.95,44.975,44.82,44.855,1002.0
2025-04-25 17:45:00+00:00,44.865,44.9,44.795,44.81,422.0
2025-04-25 18:00:00+00:00,44.81,44.95,44.79,44.905,999.0
2025-04-25 18:15:00+00:00,44.85,44.94,44.835,44.84,668.0
2025-04-25 18:30:00+00:00,44.84,44.89,44.72,44.855,2142.0
2025-04-25 18:45:00+00:00,44.855,44.855,44.66,44.675,3687.0
2025-04-25 19:00:00+00:00,44.66,44.715,44.64,44.68,1180.0
2025-04-25 19:15:00+00:00,44.685,44.755,44.655,44.69,1004.0
2025-04-25 19:30:00+00:00,44.67,44.83,44.665,44.805,1454.0
2025-04-25 19:45:00+00:00,44.81,44.93,44.675,44.74,3979.0
2025-04-28 13:30:00+00:00,44.71,45.78,44.71,45.725,6153.0
2025-04-28 13:45:00+00:00,45.725,45.73,45.39,45.42,800.0
2025-04-28 14:00:00+00:00,45.445,45.62,45.445,45.52,642.0
2025-04-28 14:15:00+00:00,45.52,45.89,45.52,45.845,2257.0
2025-04-28 14:30:00+00:00,45.855,45.855,45.57,45.655,1839.0
2025-04-28 14:45:00+00:00,45.655,45.7,45.52,45.58,2660.0
2025-04-28 15:00:00+00:00,45.565,45.64,45.31,45.485,1657.0
2025-04-28 15:15:00+00:00,45.465,45.52,45.19,45.19,3565.0
2025-04-28 15:30:00+00:00,45.22,45.365,45.22,45.365,609.0
2025-04-28 15:45:00+00:00,45.34,45.34,45.17,45.23,2490.0
2025-04-28 16:00:00+00:00,45.23,45.24,45.1,45.13,1986.0
2025-04-28 16:15:00+00:00,45.13,45.32,45.13,45.265,1318.0
2025-04-28 16:30:00+00:00,45.26,45.295,45.19,45.205,737.0
2025-04-28 16:45:00+00:00,45.205,45.31,45.18,45.24,941.0
2025-04-28 17:00:00+00:00,45.22,45.24,45.09,45.15,551.0
2025-04-28 17:15:00+00:00,45.14,45.285,45.14,45.21,1128.0
2025-04-28 17:30:00+00:00,45.21,45.31,45.2,45.26,1306.0
2025-04-28 17:45:00+00:00,45.26,45.365,45.22,45.365,1561.0
2025-04-28 18:00:00+00:00,45.365,45.4,45.35,45.355,708.0
2025-04-28 18:15:00+00:00,45.355,45.38,45.29,45.3,805.0
2025-04-28 18:30:00+00:00,45.3,45.38,45.26,45.365,1428.0
2025-04-28 18:45:00+00:00,45.365,45.465,45.36,45.38,1655.0
2025-04-28 19:00:00+00:00,45.385,45.495,45.37,45.415,1702.0
2025-04-28 19:15:00+00:00,45.415,45.45,45.34,45.375,882.0
2025-04-28 19:30:00+00:00,45.37,45.43,45.33,45.43,3349.0
2025-04-28 19:45:00+00:00,45.41,45.48,45.37,45.39,9894.0
2025-04-29 13:30:00+00:00,45.245,45.41,44.98,45.08,1340.0
2025-04-29 13:45:00+00:00,45.125,45.17,44.9,45.15,5537.0
2025-04-29 14:00:00+00:00,45.13,45.405,45.13,45.39,1159.0
2025-04-29 14:15:00+00:00,45.34,45.36,45.225,45.265,603.0
2025-04-29 14:30:00+00:00,45.26,45.5,45.22,45.5,7512.0
2025-04-29 14:45:00+00:00,45.45,45.55,45.35,45.38,1122.0
2025-04-29 15:00:00+00:00,45.35,45.43,45.33,45.39,1157.0
2025-04-29 15:15:00+00:00,45.39,45.445,45.35,45.38,1319.0
2025-04-29 15:30:00+00:00,45.35,45.485,45.35,45.46,1701.0
2025-04-29 15:45:00+00:00,45.47,45.48,45.41,45.48,457.0
2025-04-29 16:00:00+00:00,45.475,45.59,45.475,45.585,289.0
2025-04-29 16:15:00+00:00,45.585,45.64,45.55,45.55,805.0
2025-04-29 16:30:00+00:00,45.56,45.61,45.505,45.585,1082.0
2025-04-29 16:45:00+00:00,45.58,45.58,45.46,45.5,972.0
2025-04-29 17:00:00+00:00,45.49,45.56,45.47,45.54,992.0
2025-04-29 17:15:00+00:00,45.54,45.61,45.54,45.59,617.0
2025-04-29 17:30:00+00:00,45.59,45.665,45.59,45.615,465.0
2025-04-29 17:45:00+00:00,45.61,45.66,45.595,45.595,828.0
2025-04-29 18:00:00+00:00,45.6,45.69,45.575,45.585,371.0
2025-04-29 18:15:00+00:00,45.565,45.67,45.54,45.64,728.0
2025-04-29 18:30:00+00:00,45.64,45.74,45.605,45.735,921.0
2025-04-29 18:45:00+00:00,45.715,45.725,45.64,45.655,776.0
2025-04-29 19:00:00+00:00,45.655,45.685,45.605,45.62,1609.0
2025-04-29 19:15:00+00:00,45.63,45.645,45.595,45.6,766.0
2025-04-29 19:30:00+00:00,45.63,45.64,45.52,45.52,2208.0
2025-04-29 19:45:00+00:00,45.52,45.58,45.5,45.57,6500.0
2025-04-30 13:30:00+00:00,45.57,45.57,44.875,44.895,762.0
2025-04-30 13:45:00+00:00,44.89,44.91,44.64,44.835,2216.0
2025-04-30 14:00:00+00:00,44.82,45.32,44.8,45.32,419.0
2025-04-30 14:15:00+00:00,45.39,45.535,45.28,45.305,841.0
2025-04-30 14:30:00+00:00,45.32,45.36,45.2,45.305,429.0
2025-04-30 14:45:00+00:00,45.29,45.39,45.29,45.37,384.0
2025-04-30 15:00:00+00:00,45.37,45.56,45.37,45.55,520.0
2025-04-30 15:15:00+00:00,45.58,45.62,45.525,45.56,646.0
2025-04-30 15:30:00+00:00,45.585,45.7,45.56,45.67,604.0
2025-04-30 15:45:00+00:00,45.69,45.875,45.69,45.79,1465.0
2025-04-30 16:00:00+00:00,45.82,45.9,45.79,45.79,933.0
2025-04-30 16:15:00+00:00,45.79,45.79,45.605,45.64,1043.0
2025-04-30 16:30:00+00:00,45.64,45.685,45.62,45.65,912.0
2025-04-30 16:45:00+00:00,45.635,45.69,45.635,45.68,494.0
2025-04-30 17:00:00+00:00,45.68,45.75,45.595,45.64,644.0
2025-04-30 17:15:00+00:00,45.7,45.74,45.64,45.73,430.0
2025-04-30 17:30:00+00:00,45.73,45.83,45.72,45.76,368.0
2025-04-30 17:45:00+00:00,45.76,45.76,45.69,45.7,570.0
2025-04-30 18:00:00+00:00,45.7,45.88,45.66,45.8,841.0
2025-04-30 18:15:00+00:00,45.83,45.86,45.72,45.72,450.0
2025-04-30 18:30:00+00:00,45.72,45.775,45.7,45.72,1610.0
2025-04-30 18:45:00+00:00,45.71,45.82,45.71,45.76,2223.0
2025-04-30 19:00:00+00:00,45.765,45.905,45.74,45.895,2322.0
2025-04-30 19:15:00+00:00,45.91,45.95,45.82,45.85,1156.0
2025-04-30 19:30:00+00:00,45.83,45.83,45.72,45.78,868.0
2025-04-30 19:45:00+00:00,45.78,46.035,45.76,45.925,5253.0
2025-05-01 13:30:00+00:00,45.925,45.925,45.555,45.555,105.0
2025-05-01 13:45:00+00:00,45.555,45.82,45.555,45.675,727.0
2025-05-01 14:00:00+00:00,45.675,45.945,45.675,45.945,200.0
2025-05-01 14:15:00+00:00,45.945,46.18,45.945,46.18,4.0
2025-05-01 14:30:00+00:00,46.18,46.335,46.18,46.27,402.0
2025-05-01 14:45:00+00:00,46.27,46.34,46.235,46.3,244.0
2025-05-01 15:00:00+00:00,46.3,46.315,46.1,46.13,1265.0
2025-05-01 15:15:00+00:00,46.13,46.19,46.09,46.16,1004.0
2025-05-01 15:30:00+00:00,46.15,46.155,46.1,46.15,1723.0
2025-05-01 15:45:00+00:00,46.15,46.15,45.905,45.95,1919.0
2025-05-01 16:00:00+00:00,45.95,45.95,45.82,45.93,671.0
2025-05-01 16:15:00+00:00,45.915,45.93,45.79,45.8,845.0
2025-05-01 16:30:00+00:00,45.79,45.805,45.67,45.675,773.0
2025-05-01 16:45:00+00:00,45.675,45.825,45.67,45.68,878.0
2025-05-01 17:00:00+00:00,45.625,45.725,45.545,45.725,2389.0
2025-05-01 17:15:00+00:00,45.725,45.725,45.645,45.7,1191.0
2025-05-01 17:30:00+00:00,45.71,45.79,45.665,45.785,2020.0
2025-05-01 17:45:00+00:00,45.785,45.82,45.77,45.795,816.0
2025-05-01 18:00:00+00:00,45.79,45.85,45.79,45.805,223.0
2025-05-01 18:15:00+00:00,45.805,45.88,45.74,45.77,915.0
2025-05-01 18:30:00+00:00,45.76,45.89,45.76,45.89,777.0
2025-05-01 18:45:00+00:00,45.89,45.955,45.85,45.91,1304.0
2025-05-01 19:00:00+00:00,45.895,45.96,45.865,45.9,622.0
2025-05-01 19:15:00+00:00,45.9,45.99,45.9,45.97,343.0
2025-05-01 19:30:00+00:00,45.97,45.97,45.875,45.93,2097.0
2025-05-01 19:45:00+00:00,45.94,45.98,45.79,45.81,3526.0
2025-05-02 13:30:00+00:00,46.635,46.89,46.58,46.83,2187.0
2025-05-02 13:45:00+00:00,46.83,46.83,46.73,46.75,841.0
2025-05-02 14:00:00+00:00,46.78,46.8,46.46,46.6,2831.0
2025-05-02 14:15:00+00:00,46.6,46.775,46.42,46.775,1659.0
2025-05-02 14:30:00+00:00,46.78,46.94,46.775,46.88,1903.0
2025-05-02 14:45:00+00:00,46.88,47.12,46.88,47.065,3968.0
2025-05-02 15:00:00+00:00,47.065,47.17,46.9,46.94,1873.0
2025-05-02 15:15:00+00:00,46.94,47.09,46.81,46.81,1852.0
2025-05-02 15:30:00+00:00,46.82,46.82,46.7,46.775,923.0
2025-05-02 15:45:00+00:00,46.775,46.835,46.675,46.83,1562.0
2025-05-02 16:00:00+00:00,46.86,46.98,46.84,46.9,1704.0
2025-05-02 16:15:00+00:00,46.9,46.92,46.84,46.87,782.0
2025-05-02 16:30:00+00:00,46.87,47.07,46.87,47.02,1852.0
2025-05-02 16:45:00+00:00,47.015,47.07,46.93,46.945,918.0
2025-05-02 17:00:00+00:00,46.935,47.07,46.87,47.035,2510.0
2025-05-02 17:15:00+00:00,47.045,47.14,47.01,47.135,2187.0
2025-05-02 17:30:00+00:00,47.14,47.14,47.0,47.07,2564.0
2025-05-02 17:45:00+00:00,47.11,47.22,47.11,47.2,1600.0
2025-05-02 18:00:00+00:00,47.185,47.245,47.11,47.13,708.0
2025-05-02 18:15:00+00:00,47.1,47.145,47.03,47.14,2965.0
2025-05-02 18:30:00+00:00,47.145,47.15,47.03,47.03,965.0
2025-05-02 18:45:00+00:00,47.03,47.03,46.94,46.995,1660.0
2025-05-02 19:00:00+00:00,46.99,46.995,46.87,46.955,1484.0
2025-05-02 19:15:00+00:00,46.955,47.03,46.91,46.925,2279.0
2025-05-02 19:30:00+00:00,46.93,47.02,46.89,46.915,4449.0
2025-05-02 19:45:00+00:00,46.915,46.92,46.65,46.72,13564.0
2025-05-05 13:30:00+00:00,46.855,46.855,46.17,46.485,5218.0
2025-05-05 13:45:00+00:00,46.49,46.63,46.43,46.56,1208.0
2025-05-05 14:00:00+00:00,46.58,46.785,46.555,46.635,2352.0
2025-05-05 14:15:00+00:00,46.58,46.86,46.58,46.645,4764.0
2025-05-05 14:30:00+00:00,46.64,46.9,46.605,46.86,5768.0
2025-05-05 14:45:00+00:00,46.86,47.035,46.84,46.96,2198.0
2025-05-05 15:00:00+00:00,46.99,47.035,46.78,46.93,1825.0
2025-05-05 15:15:00+00:00,46.93,47.12,46.91,47.085,1414.0
2025-05-05 15:30:00+00:00,47.085,47.22,47.035,47.08,3967.0
2025-05-05 15:45:00+00:00,47.135,47.22,47.09,47.17,547.0
2025-05-05 16:00:00+00:00,47.16,47.28,47.16,47.19,788.0
2025-05-05 16:15:00+00:00,47.195,47.255,47.045,47.1,2845.0
2025-05-05 16:30:00+00:00,47.09,47.14,46.99,47.14,1926.0
2025-05-05 16:45:00+00:00,47.13,47.17,46.9,46.98,2231.0
2025-05-05 17:00:00+00:00,46.95,46.95,46.56,46.65,2995.0
2025-05-05 17:15:00+00:00,46.665,46.73,46.58,46.58,2356.0
2025-05-05 17:30:00+00:00,46.58,46.665,46.515,46.595,680.0
2025-05-05 17:45:00+00:00,46.595,46.7,46.57,46.69,113.0
2025-05-05 18:00:00+00:00,46.665,46.755,46.61,46.71,1960.0
2025-05-05 18:15:00+00:00,46.71,46.71,46.56,46.615,2484.0
2025-05-05 18:30:00+00:00,46.63,46.8,46.545,46.8,4481.0
2025-05-05 18:45:00+00:00,46.79,46.84,46.665,46.69,1754.0
2025-05-05 19:00:00+00:00,46.73,46.82,46.69,46.705,1065.0
2025-05-05 19:15:00+00:00,46.71,46.765,46.635,46.69,3138.0
2025-05-05 19:30:00+00:00,46.69,46.725,46.58,46.58,5275.0
2025-05-05 19:45:00+00:00,46.59,46.605,46.435,46.53,10409.0
2025-05-06 13:30:00+00:00,44.19,45.27,44.1,44.15,8656.0
2025-05-06 13:45:00+00:00,44.15,44.795,43.86,44.69,2615.0
2025-05-06 14:00:00+00:00,44.85,45.87,44.85,45.87,2910.0
2025-05-06 14:15:00+00:00,45.9,45.9,45.1,45.35,4047.0
2025-05-06 14:30:00+00:00,45.33,45.815,45.31,45.62,2135.0
2025-05-06 14:45:00+00:00,45.65,45.67,45.18,45.595,4953.0
2025-05-06 15:00:00+00:00,45.505,45.88,45.44,45.875,1297.0
2025-05-06 15:15:00+00:00,45.875,45.94,45.79,45.905,1240.0
2025-05-06 15:30:00+00:00,45.94,46.21,45.88,45.995,2460.0
2025-05-06 15:45:00+00:00,45.99,46.165,45.79,45.915,1269.0
2025-05-06 16:00:00+00:00,45.89,46.12,45.85,46.12,995.0
2025-05-06 16:15:00+00:00,46.15,46.2,45.855,45.89,2188.0
2025-05-06 16:30:00+00:00,45.89,45.89,45.65,45.87,3014.0
2025-05-06 16:45:00+00:00,45.83,45.915,45.58,45.86,1795.0
2025-05-06 17:00:00+00:00,45.825,45.92,45.78,45.89,1043.0
2025-05-06 17:15:00+00:00,45.91,46.31,45.88,46.24,2181.0
2025-05-06 17:30:00+00:00,46.285,46.33,46.095,46.185,757.0
2025-05-06 17:45:00+00:00,46.17,46.4,46.16,46.36,1759.0
2025-05-06 18:00:00+00:00,46.35,46.55,46.25,46.54,2753.0
2025-05-06 18:15:00+00:00,46.52,46.71,46.48,46.53,3073.0
2025-05-06 18:30:00+00:00,46.53,46.63,46.45,46.535,3486.0
2025-05-06 18:45:00+00:00,46.56,46.69,46.46,46.53,1011.0
2025-05-06 19:00:00+00:00,46.535,46.545,46.32,46.33,2400.0
2025-05-06 19:15:00+00:00,46.345,46.43,46.265,46.43,1640.0
2025-05-06 19:30:00+00:00,46.42,46.425,46.26,46.32,2359.0
2025-05-06 19:45:00+00:00,46.415,46.535,46.33,46.41,7719.0
2025-05-07 13:30:00+00:00,46.33,46.895,46.215,46.84,1481.0
2025-05-07 13:45:00+00:00,46.77,47.1,46.745,47.1,899.0
2025-05-07 14:00:00+00:00,47.09,47.2,46.89,46.89,2778.0
2025-05-07 14:15:00+00:00,46.89,46.91,46.6,46.71,3541.0
2025-05-07 14:30:00+00:00,46.635,46.79,46.58,46.64,4746.0
2025-05-07 14:45:00+00:00,46.655,46.89,46.63,46.89,4766.0
2025-05-07 15:00:00+00:00,46.885,46.92,46.76,46.795,3646.0
2025-05-07 15:15:00+00:00,46.78,46.985,46.68,46.96,2496.0
2025-05-07 15:30:00+00:00,46.985,47.12,46.89,46.89,2113.0
2025-05-07 15:45:00+00:00,46.9,46.98,46.82,46.97,2230.0
2025-05-07 16:00:00+00:00,46.97,47.02,46.92,47.02,1764.0
2025-05-07 16:15:00+00:00,47.02,47.02,46.91,46.915,724.0
2025-05-07 16:30:00+00:00,46.89,47.3,46.89,47.3,3119.0
2025-05-07 16:45:00+00:00,47.325,47.4,47.325,47.35,2252.0
2025-05-07 17:00:00+00:00,47.36,47.44,47.24,47.26,4083.0
2025-05-07 17:15:00+00:00,47.265,47.275,47.07,47.14,1486.0
2025-05-07 17:30:00+00:00,47.135,47.265,47.1,47.1,4412.0
2025-05-07 17:45:00+00:00,47.085,47.205,47.07,47.13,930.0
2025-05-07 18:00:00+00:00,47.12,47.305,46.95,46.965,2490.0
2025-05-07 18:15:00+00:00,46.95,47.06,46.84,47.03,3533.0
2025-05-07 18:30:00+00:00,47.02,47.315,46.93,47.255,3773.0
2025-05-07 18:45:00+00:00,47.22,47.33,47.06,47.33,1454.0
2025-05-07 19:00:00+00:00,47.33,47.33,47.09,47.1,4253.0
2025-05-07 19:15:00+00:00,47.1,47.16,46.905,46.955,2429.0
2025-05-07 19:30:00+00:00,46.96,47.24,46.96,47.21,2735.0
2025-05-07 19:45:00+00:00,47.195,47.195,46.98,46.99,8367.0
2025-05-08 13:30:00+00:00,48.315,48.315,47.67,47.88,3351.0
2025-05-08 13:45:00+00:00,48.06,48.55,48.03,48.455,3474.0
2025-05-08 14:00:00+00:00,48.52,48.9,48.47,48.7,10269.0
2025-05-08 14:15:00+00:00,48.7,49.08,48.7,49.005,7465.0
2025-05-08 14:30:00+00:00,48.99,49.12,48.645,48.67,6936.0
2025-05-08 14:45:00+00:00,48.73,48.855,48.73,48.78,2087.0
2025-05-08 15:00:00+00:00,48.79,49.05,48.79,49.01,5657.0
2025-05-08 15:15:00+00:00,49.03,49.31,49.03,49.31,3092.0
2025-05-08 15:30:00+00:00,49.2,49.48,49.18,49.375,2232.0
2025-05-08 15:45:00+00:00,49.395,49.515,49.25,49.26,5067.0
2025-05-08 16:00:00+00:00,49.315,49.4,49.08,49.32,15475.0
2025-05-08 16:15:00+00:00,49.355,49.5,49.355,49.48,5065.0
2025-05-08 16:30:00+00:00,49.48,49.52,49.29,49.48,5581.0
2025-05-08 16:45:00+00:00,49.46,49.74,49.46,49.68,4019.0
2025-05-08 17:00:00+00:00,49.67,49.73,49.555,49.65,7134.0
2025-05-08 17:15:00+00:00,49.65,49.805,49.65,49.705,5025.0
2025-05-08 17:30:00+00:00,49.735,49.945,49.68,49.945,4555.0
2025-05-08 17:45:00+00:00,49.94,49.975,49.52,49.58,8650.0
2025-05-08 18:00:00+00:00,49.58,49.58,49.28,49.45,8831.0
2025-05-08 18:15:00+00:00,49.46,49.535,49.34,49.36,7681.0
2025-05-08 18:30:00+00:00,49.36,49.53,49.33,49.43,8943.0
2025-05-08 18:45:00+00:00,49.45,49.6,49.41,49.565,4243.0
2025-05-08 19:00:00+00:00,49.56,49.63,49.42,49.44,9739.0
2025-05-08 19:15:00+00:00,49.435,49.675,49.42,49.54,8583.0
2025-05-08 19:30:00+00:00,49.55,49.62,49.45,49.56,5700.0
2025-05-08 19:45:00+00:00,49.56,49.63,49.39,49.485,12118.0
2025-05-09 13:30:00+00:00,49.14,49.63,49.07,49.07,11217.0
2025-05-09 13:45:00+00:00,49.0,49.12,48.865,48.95,1075.0
2025-05-09 14:00:00+00:00,48.93,48.93,48.22,48.22,3388.0
2025-05-09 14:15:00+00:00,48.24,48.29,47.98,48.06,37552.0
2025-05-09 14:30:00+00:00,48.06,48.175,47.77,48.05,4650.0
2025-05-09 14:45:00+00:00,48.155,48.155,47.81,48.095,7865.0
2025-05-09 15:00:00+00:00,48.14,48.18,47.82,47.82,3956.0
2025-05-09 15:15:00+00:00,47.79,47.89,47.67,47.75,7410.0
2025-05-09 15:30:00+00:00,47.73,47.95,47.73,47.91,1605.0
2025-05-09 15:45:00+00:00,47.965,48.215,47.9,48.215,789.0
2025-05-09 16:00:00+00:00,48.29,48.3,48.19,48.3,1359.0
2025-05-09 16:15:00+00:00,48.32,48.475,48.2,48.27,4873.0
2025-05-09 16:30:00+00:00,48.26,48.375,48.26,48.32,4005.0
2025-05-09 16:45:00+00:00,48.325,48.47,48.26,48.355,7537.0
2025-05-09 17:00:00+00:00,48.37,48.39,48.245,48.33,3741.0
2025-05-09 17:15:00+00:00,48.35,48.47,48.205,48.32,7117.0
2025-05-09 17:30:00+00:00,48.31,48.31,48.105,48.105,1875.0
2025-05-09 17:45:00+00:00,48.11,48.17,48.07,48.15,1503.0
2025-05-09 18:00:00+00:00,48.1,48.1,47.985,48.035,1732.0
2025-05-09 18:15:00+00:00,48.03,48.13,48.0,48.075,1379.0
2025-05-09 18:30:00+00:00,48.075,48.205,48.03,48.185,1942.0
2025-05-09 18:45:00+00:00,48.16,48.23,48.07,48.16,3226.0
2025-05-09 19:00:00+00:00,48.2,48.28,48.17,48.28,3137.0
2025-05-09 19:15:00+00:00,48.28,48.315,48.13,48.21,1923.0
2025-05-09 19:30:00+00:00,48.21,48.21,48.05,48.09,4231.0
2025-05-09 19:45:00+00:00,48.09,48.295,48.085,48.17,9260.0
