date,Close,High,Low,Open,Volume
2022-01-03 00:00:00+00:00,756.0,766.0,700.0,700.0,1984
2022-01-04 00:00:00+00:00,720.0,768.0,716.0,764.0,1211
2022-01-05 00:00:00+00:00,680.0,736.0,676.0,720.0,989
2022-01-06 00:00:00+00:00,676.0,696.0,648.0,672.0,747
2022-01-07 00:00:00+00:00,688.0,712.0,664.0,668.0,658
2022-01-10 00:00:00+00:00,696.0,716.0,660.0,680.0,1252
2022-01-11 00:00:00+00:00,720.0,720.0,676.0,684.0,924
2022-01-12 00:00:00+00:00,696.0,728.0,692.0,696.0,548
2022-01-13 00:00:00+00:00,672.0,748.0,668.0,692.0,1349
2022-01-14 00:00:00+00:00,648.0,675.4,628.0,668.0,1427
2022-01-18 00:00:00+00:00,624.0,648.0,600.0,644.0,1328
2022-01-19 00:00:00+00:00,592.0,622.0,584.0,620.0,1145
2022-01-20 00:00:00+00:00,596.0,652.0,588.0,588.0,2293
2022-01-21 00:00:00+00:00,580.0,604.0,556.0,604.0,1268
2022-01-24 00:00:00+00:00,560.0,568.0,504.0,548.0,1644
2022-01-25 00:00:00+00:00,564.0,580.0,544.0,556.0,410
2022-01-26 00:00:00+00:00,548.0,596.0,536.0,568.0,848
2022-01-27 00:00:00+00:00,508.0,564.0,508.0,544.0,690
2022-01-28 00:00:00+00:00,512.0,527.96,488.0,512.0,882
2022-01-31 00:00:00+00:00,548.0,568.0,508.0,508.0,856
2022-02-01 00:00:00+00:00,596.0,604.0,550.0,560.0,977
2022-02-02 00:00:00+00:00,540.0,600.0,540.0,596.0,661
2022-02-03 00:00:00+00:00,528.0,544.0,516.0,524.0,505
2022-02-04 00:00:00+00:00,564.0,572.0,520.0,528.0,956
2022-02-07 00:00:00+00:00,552.0,588.0,548.0,560.0,582
2022-02-08 00:00:00+00:00,568.0,576.0,552.0,552.0,459
2022-02-09 00:00:00+00:00,608.0,660.0,584.0,584.0,1673
2022-02-10 00:00:00+00:00,580.0,628.0,576.0,596.0,1452
2022-02-11 00:00:00+00:00,568.0,608.0,556.0,588.0,950
2022-02-14 00:00:00+00:00,540.0,569.4,524.0,568.0,1017
2022-02-15 00:00:00+00:00,568.0,584.0,540.0,548.0,684
2022-02-16 00:00:00+00:00,568.0,580.0,548.0,568.0,853
2022-02-17 00:00:00+00:00,540.0,568.0,532.0,560.0,741
2022-02-18 00:00:00+00:00,508.0,544.0,488.0,544.0,1218
2022-02-22 00:00:00+00:00,480.0,504.0,468.0,496.0,1009
2022-02-23 00:00:00+00:00,416.0,492.0,408.0,488.0,3242
2022-02-24 00:00:00+00:00,444.0,452.0,381.92,388.0,1066
2022-02-25 00:00:00+00:00,432.0,456.0,424.0,452.0,929
2022-02-28 00:00:00+00:00,460.0,460.0,416.0,416.0,522
2022-03-01 00:00:00+00:00,448.0,471.52,444.0,460.0,494
2022-03-02 00:00:00+00:00,448.0,467.32,436.0,444.0,504
2022-03-03 00:00:00+00:00,448.0,460.0,436.0,452.0,373
2022-03-04 00:00:00+00:00,416.0,440.0,408.0,440.0,812
2022-03-07 00:00:00+00:00,404.0,428.0,404.0,412.0,623
2022-03-08 00:00:00+00:00,408.0,432.0,392.0,408.0,1121
2022-03-09 00:00:00+00:00,428.0,444.0,412.0,412.0,705
2022-03-10 00:00:00+00:00,448.0,468.0,420.0,432.0,1065
2022-03-11 00:00:00+00:00,432.0,460.0,424.0,460.0,503
2022-03-14 00:00:00+00:00,400.0,432.0,389.92,432.0,979
2022-03-15 00:00:00+00:00,404.0,416.0,396.0,404.0,229
2022-03-16 00:00:00+00:00,448.0,468.0,416.0,416.0,2002
2022-03-17 00:00:00+00:00,436.0,456.24,424.0,440.0,500
2022-03-18 00:00:00+00:00,424.0,468.0,424.0,440.0,1777
2022-03-21 00:00:00+00:00,456.0,476.0,432.0,456.0,1519
2022-03-22 00:00:00+00:00,440.0,447.96,404.0,436.0,2182
2022-03-23 00:00:00+00:00,460.0,488.0,452.0,456.0,1152
2022-03-24 00:00:00+00:00,548.0,588.0,428.0,456.0,18011
2022-03-25 00:00:00+00:00,532.0,588.0,472.0,576.0,21419
2022-03-28 00:00:00+00:00,456.0,492.0,452.0,476.0,6121
2022-03-29 00:00:00+00:00,484.0,512.0,444.0,448.0,4750
2022-03-30 00:00:00+00:00,464.0,540.0,452.0,468.0,9157
2022-03-31 00:00:00+00:00,456.0,464.0,442.0,464.0,1750
2022-04-01 00:00:00+00:00,452.0,492.0,448.0,460.0,3498
2022-04-04 00:00:00+00:00,444.0,460.0,438.0,460.0,1161
2022-04-05 00:00:00+00:00,416.0,444.0,404.0,436.0,2996
2022-04-06 00:00:00+00:00,424.0,439.8,408.0,412.0,2635
2022-04-07 00:00:00+00:00,416.0,432.0,404.0,420.0,1107
2022-04-08 00:00:00+00:00,404.0,412.0,400.0,408.0,795
2022-04-11 00:00:00+00:00,378.44,400.0,372.0,400.0,1548
2022-04-12 00:00:00+00:00,379.24,408.0,373.32,383.16,930
2022-04-13 00:00:00+00:00,387.92,392.0,374.72,386.44,565
2022-04-14 00:00:00+00:00,366.48,387.92,356.52,387.92,1412
2022-04-18 00:00:00+00:00,344.0,383.84,340.0,380.8,1387
2022-04-19 00:00:00+00:00,349.12,357.6,340.0,344.0,779
2022-04-20 00:00:00+00:00,335.64,354.0,332.84,351.4,1258
2022-04-21 00:00:00+00:00,313.2,347.5996,308.2,336.0,1046
2022-04-22 00:00:00+00:00,305.52,318.0,304.0,312.0,545
2022-04-25 00:00:00+00:00,298.24,315.96,289.0,308.0,894
2022-04-26 00:00:00+00:00,280.16,298.44,273.2,298.44,775
2022-04-27 00:00:00+00:00,265.92,284.32,260.0,280.4,1194
2022-04-28 00:00:00+00:00,274.16,280.0,256.04,280.0,815
2022-04-29 00:00:00+00:00,272.0,284.0,272.0,284.0,440
2022-05-02 00:00:00+00:00,273.72,280.0,269.4,280.0,341
2022-05-03 00:00:00+00:00,267.72,280.0,260.0,276.0,718
2022-05-04 00:00:00+00:00,271.0,278.16,262.0,268.0,744
2022-05-05 00:00:00+00:00,262.8,279.9596,254.0,276.0,500
2022-05-06 00:00:00+00:00,248.0,272.9996,236.04,264.0,1100
2022-05-09 00:00:00+00:00,214.56,248.0,210.04,248.0,981
2022-05-10 00:00:00+00:00,184.0,216.0,175.98,216.0,2409
2022-05-11 00:00:00+00:00,162.84,180.0,156.0,180.0,1690
2022-05-12 00:00:00+00:00,165.04,182.28,156.04,180.6,718
2022-05-13 00:00:00+00:00,176.84,179.6,160.0,179.6,858
2022-05-16 00:00:00+00:00,184.0,200.0,160.0,160.0,2231
2022-05-17 00:00:00+00:00,174.88,200.0,171.4,197.0,2345
2022-05-18 00:00:00+00:00,161.72,183.24,160.48,180.0,699
2022-05-19 00:00:00+00:00,174.0,174.0,159.68,159.68,1005
2022-05-20 00:00:00+00:00,160.0,172.12,157.12,172.0,850
2022-05-23 00:00:00+00:00,157.76,160.0,156.0,157.84,527
2022-05-24 00:00:00+00:00,153.0,158.6,142.28,156.0,543
2022-05-25 00:00:00+00:00,155.88,156.0,148.0,152.0,358
2022-05-26 00:00:00+00:00,163.52,164.0,152.0,152.0,396
2022-05-27 00:00:00+00:00,169.36,180.0,156.0404,160.4,5029
2022-05-31 00:00:00+00:00,160.08,172.0,153.2,167.24,1030
2022-06-01 00:00:00+00:00,164.32,168.0,160.0,164.0,431
2022-06-02 00:00:00+00:00,163.32,170.2,155.24,170.2,704
2022-06-03 00:00:00+00:00,170.32,200.0,160.4,168.0,867
2022-06-06 00:00:00+00:00,168.16,175.96,160.0,171.2,439
2022-06-07 00:00:00+00:00,168.0,174.72,162.4,168.0,535
2022-06-08 00:00:00+00:00,175.64,176.0,164.4,167.64,692
2022-06-09 00:00:00+00:00,175.96,180.0,168.0,176.0,474
2022-06-10 00:00:00+00:00,162.68,176.0,160.0,174.0,776
2022-06-13 00:00:00+00:00,153.0,165.52,152.0404,160.0,402
2022-06-14 00:00:00+00:00,147.16,160.0,147.12,152.0,949
2022-06-15 00:00:00+00:00,144.04,156.64,140.0,152.0,753
2022-06-16 00:00:00+00:00,131.88,156.32,120.0,149.0,1055
2022-06-17 00:00:00+00:00,130.56,134.88,128.0,134.88,875
2022-06-21 00:00:00+00:00,139.72,144.8,131.2,131.88,853
2022-06-22 00:00:00+00:00,129.6,137.72,129.24,135.52,1108
2022-06-23 00:00:00+00:00,148.76,167.92,128.0,128.0,1222
2022-06-24 00:00:00+00:00,144.12,161.6,144.12,159.0,693
2022-06-27 00:00:00+00:00,136.12,157.0,136.0,153.2,670
2022-06-28 00:00:00+00:00,122.0,136.2,120.96,136.0,1170
2022-06-29 00:00:00+00:00,117.48,126.04,116.0,124.0,1263
2022-06-30 00:00:00+00:00,55.28,61.56,51.96,59.2,176852
2022-07-01 00:00:00+00:00,60.4,64.48,55.2,57.6,95075
2022-07-05 00:00:00+00:00,65.6,69.2,56.8,57.2,62318
2022-07-06 00:00:00+00:00,65.08,69.4,60.0,64.8,59399
2022-07-07 00:00:00+00:00,64.76,70.2,62.0,65.28,39279
2022-07-08 00:00:00+00:00,67.96,72.72,63.8,64.8,56103
2022-07-11 00:00:00+00:00,62.24,67.36,60.6,67.36,30636
2022-07-12 00:00:00+00:00,61.0,63.6,57.2,63.2,22051
2022-07-13 00:00:00+00:00,59.2,60.88,58.12,59.12,9853
2022-07-14 00:00:00+00:00,72.16,90.84,58.0,59.56,215068
2022-07-15 00:00:00+00:00,68.0,74.0,65.0,73.6,43400
2022-07-18 00:00:00+00:00,68.76,77.0,64.48,68.0,54579
2022-07-19 00:00:00+00:00,64.0,70.04,61.68,64.76,44262
2022-07-20 00:00:00+00:00,67.08,71.8,62.8,62.8,48895
2022-07-21 00:00:00+00:00,67.44,69.92,65.2,67.8,23694
2022-07-22 00:00:00+00:00,60.84,67.6,60.08,66.4,17590
2022-07-25 00:00:00+00:00,64.16,69.76,62.04,64.0,34484
2022-07-26 00:00:00+00:00,56.64,62.8,55.2,62.4,50902
2022-07-27 00:00:00+00:00,57.36,60.36,56.6068,58.0,18927
2022-07-28 00:00:00+00:00,56.2,58.4,54.76,56.16,17774
2022-07-29 00:00:00+00:00,58.4,59.92,53.96,55.28,21935
2022-08-01 00:00:00+00:00,56.0,60.0,55.4204,58.0,9159
2022-08-02 00:00:00+00:00,56.0,58.6,54.68,55.2,25496
2022-08-03 00:00:00+00:00,58.08,59.8,56.48,58.0,11402
2022-08-04 00:00:00+00:00,61.76,62.96,56.44,60.0,12547
2022-08-05 00:00:00+00:00,59.44,61.96,59.2,61.12,7862
2022-08-08 00:00:00+00:00,64.84,66.0,59.2,59.88,19762
2022-08-09 00:00:00+00:00,60.96,64.4,60.24,64.0,8643
2022-08-10 00:00:00+00:00,63.2,63.96,60.6,62.48,19483
2022-08-11 00:00:00+00:00,64.0,66.0,60.88,62.2,16215
2022-08-12 00:00:00+00:00,61.48,65.52,60.48,61.24,14855
2022-08-15 00:00:00+00:00,65.2,69.0,60.64,60.8,37489
2022-08-16 00:00:00+00:00,62.0,65.84,61.44,65.84,13959
2022-08-17 00:00:00+00:00,60.64,66.64,60.4,61.32,22837
2022-08-18 00:00:00+00:00,56.8,61.64,54.0,60.56,13462
2022-08-19 00:00:00+00:00,53.0,58.2,52.52,58.2,14204
2022-08-22 00:00:00+00:00,49.08,52.6,48.38,52.56,23172
2022-08-23 00:00:00+00:00,49.8,50.2,48.92,49.6,6746
2022-08-24 00:00:00+00:00,50.88,52.8,48.48,49.88,7437
2022-08-25 00:00:00+00:00,54.68,54.96,50.4,50.4,16365
2022-08-26 00:00:00+00:00,50.92,55.0,50.2,55.0,15195
2022-08-29 00:00:00+00:00,50.8,52.72,49.8,50.6,9097
2022-08-30 00:00:00+00:00,47.76,50.56,47.6,49.4,15579
2022-08-31 00:00:00+00:00,61.6,71.2,48.4,48.4,122896
2022-09-01 00:00:00+00:00,49.92,60.0,48.24,60.0,46354
2022-09-02 00:00:00+00:00,48.24,52.0,47.96,52.0,21279
2022-09-06 00:00:00+00:00,44.88,48.8,44.8,47.84,16927
2022-09-07 00:00:00+00:00,44.48,45.0,42.64,44.8,11673
2022-09-08 00:00:00+00:00,44.64,45.12,42.0,42.0,8824
2022-09-09 00:00:00+00:00,47.08,48.84,44.44,44.44,9377
2022-09-12 00:00:00+00:00,48.12,48.8,45.36,45.36,9165
2022-09-13 00:00:00+00:00,52.0,57.6,44.44,47.28,66874
2022-09-14 00:00:00+00:00,66.0,95.24,62.8,75.88,730882
2022-09-15 00:00:00+00:00,55.76,62.0,52.24,58.2,86433
2022-09-16 00:00:00+00:00,52.0,55.96,50.0,52.36,39118
2022-09-19 00:00:00+00:00,47.4,53.96,46.0,52.0,28364
2022-09-20 00:00:00+00:00,47.96,53.4796,44.84,47.24,37724
2022-09-21 00:00:00+00:00,45.2,48.72,42.56,47.6,24110
2022-09-22 00:00:00+00:00,44.72,45.72,42.24,44.0,12590
2022-09-23 00:00:00+00:00,42.0,44.0,41.2,44.0,16602
2022-09-26 00:00:00+00:00,40.8,45.16,40.8,42.8,12477
2022-09-27 00:00:00+00:00,39.96,43.0,35.12,40.0,20095
2022-09-28 00:00:00+00:00,41.2,42.0,39.2,40.0,7120
2022-09-29 00:00:00+00:00,37.6,41.2,36.52,36.52,9984
2022-09-30 00:00:00+00:00,36.0,37.64,35.2,36.8,7637
2022-10-03 00:00:00+00:00,37.4,41.96,34.88,34.88,6649
2022-10-04 00:00:00+00:00,41.16,43.0,38.8,39.88,8941
2022-10-05 00:00:00+00:00,38.84,41.6,36.48,41.2,5465
2022-10-06 00:00:00+00:00,45.68,55.2,38.8,40.96,68074
2022-10-07 00:00:00+00:00,40.4,51.8,39.12,51.56,78294
2022-10-10 00:00:00+00:00,37.88,40.596,37.2,40.24,16647
2022-10-11 00:00:00+00:00,37.44,39.8,36.2,37.2,13294
2022-10-12 00:00:00+00:00,38.28,38.64,35.76,38.4,15020
2022-10-13 00:00:00+00:00,37.0,39.32,35.96,39.32,8711
2022-10-14 00:00:00+00:00,37.04,38.96,36.56,37.96,5373
2022-10-17 00:00:00+00:00,38.08,41.6,36.48,36.48,14767
2022-10-18 00:00:00+00:00,40.4,42.4,39.6,40.92,12794
2022-10-19 00:00:00+00:00,36.88,41.64,35.52,40.0,14245
2022-10-20 00:00:00+00:00,38.0,40.0,36.96,38.2,8777
2022-10-21 00:00:00+00:00,38.6,38.96,36.76,37.8,4614
2022-10-24 00:00:00+00:00,37.8,38.84,36.0,37.6,7868
2022-10-25 00:00:00+00:00,39.6,39.8,36.92,39.52,11203
2022-10-26 00:00:00+00:00,40.4,43.92,36.4,40.0,12429
2022-10-27 00:00:00+00:00,40.24,42.4,39.4,40.0,6096
2022-10-28 00:00:00+00:00,39.68,40.0,37.76,39.2,3622
2022-10-31 00:00:00+00:00,40.0,42.88,37.6,40.0,24490
2022-11-01 00:00:00+00:00,42.0,55.96,41.32,43.6,67322
2022-11-02 00:00:00+00:00,39.6,42.0,38.0,41.4,15998
2022-11-03 00:00:00+00:00,39.16,41.2,38.0,38.4,9387
2022-11-04 00:00:00+00:00,40.36,41.68,37.56,37.56,9130
2022-11-07 00:00:00+00:00,31.6,41.68,24.0,40.12,27383
2022-11-08 00:00:00+00:00,27.4,29.2,26.0,29.0,19938
2022-11-09 00:00:00+00:00,26.6,29.4,24.6,25.4,30694
2022-11-10 00:00:00+00:00,26.8,28.59,26.2,27.8,11025
2022-11-11 00:00:00+00:00,28.4,31.6,26.4,26.6,31636
2022-11-14 00:00:00+00:00,26.6,34.6,25.22,34.6,38019
2022-11-15 00:00:00+00:00,25.6,27.2,25.0,26.8,12821
2022-11-16 00:00:00+00:00,23.2,25.6,22.8,25.2,17493
2022-11-17 00:00:00+00:00,23.0,23.8,22.02,22.6,10491
2022-11-18 00:00:00+00:00,21.6,24.398,21.1,23.6,11820
2022-11-21 00:00:00+00:00,20.4,21.2,18.4,21.2,11524
2022-11-22 00:00:00+00:00,19.8,20.8,19.206,20.6,7056
2022-11-23 00:00:00+00:00,17.898,20.16,17.324,19.4,14770
2022-11-25 00:00:00+00:00,18.302,18.869,18.076,18.6,2921
2022-11-28 00:00:00+00:00,17.458,18.454,17.22,17.78,5963
2022-11-29 00:00:00+00:00,17.444,20.8,17.0,17.0,12083
2022-11-30 00:00:00+00:00,17.2,18.058,16.4,17.832,9445
2022-12-01 00:00:00+00:00,18.896,19.6,16.346,17.588,27515
2022-12-02 00:00:00+00:00,21.2,21.6,17.4,18.798,59150
2022-12-05 00:00:00+00:00,19.756,26.4,19.2,21.8,72765
2022-12-06 00:00:00+00:00,20.0,20.8,20.0,20.8,21200
2022-12-07 00:00:00+00:00,17.84,19.8,17.01,19.8,9400
2022-12-08 00:00:00+00:00,17.468,18.4,17.224,17.44,8531
2022-12-09 00:00:00+00:00,20.0,20.8,17.402,17.732,9826
2022-12-12 00:00:00+00:00,20.6,21.144,19.402,19.6,8927
2022-12-13 00:00:00+00:00,20.0,22.0,19.4,20.2,9313
2022-12-14 00:00:00+00:00,18.578,20.4,18.0,19.346,10429
2022-12-15 00:00:00+00:00,17.776,18.43,17.0,18.02,5446
2022-12-16 00:00:00+00:00,18.49,18.49,17.2,17.2,8918
2022-12-19 00:00:00+00:00,18.258,18.596,17.428,17.8,2007
2022-12-20 00:00:00+00:00,16.532,18.0,16.532,17.2,8119
2022-12-21 00:00:00+00:00,16.798,17.2,16.44002,16.8,2060
2022-12-22 00:00:00+00:00,15.8,17.2,15.2,16.798,6212
2022-12-23 00:00:00+00:00,15.832,16.76,15.656,15.724,1577
2022-12-27 00:00:00+00:00,14.7,15.8,14.0,15.8,5754
2022-12-28 00:00:00+00:00,14.31498,15.6,14.202,15.4,4242
2022-12-29 00:00:00+00:00,14.368,15.20002,13.622,13.994,5119
2022-12-30 00:00:00+00:00,13.804,15.2,13.234,14.4,4868
2023-01-03 00:00:00+00:00,14.3,14.8,13.784,14.0,3388
2023-01-04 00:00:00+00:00,14.6,15.5,13.8,14.0,6698
2023-01-05 00:00:00+00:00,16.104,16.6,14.576,14.576,7076
2023-01-06 00:00:00+00:00,17.2,17.8,15.8,16.032,5434
2023-01-09 00:00:00+00:00,18.21,18.8,17.20002,18.4,3195
2023-01-10 00:00:00+00:00,19.364,19.4,17.0,17.0,3505
2023-01-11 00:00:00+00:00,19.8,19.83198,18.38,18.598,82034
2023-01-12 00:00:00+00:00,33.0,41.0,24.4,27.0,1151637
2023-01-13 00:00:00+00:00,32.4,33.0,28.0,30.0,66444
2023-01-17 00:00:00+00:00,34.0,35.8,28.8,32.2,44367
2023-01-18 00:00:00+00:00,31.4,35.0,30.4,32.6,13508
2023-01-19 00:00:00+00:00,30.6,31.0,23.8,31.0,13496
2023-01-20 00:00:00+00:00,27.8,30.8,26.0,28.8,11854
2023-01-23 00:00:00+00:00,30.8,30.8,27.0,27.8,11678
2023-01-24 00:00:00+00:00,30.2,31.4,27.6,30.2,5097
2023-01-25 00:00:00+00:00,33.8,34.0,29.4,30.0,9676
2023-01-26 00:00:00+00:00,35.6,36.0,33.4,33.4,12749
2023-01-27 00:00:00+00:00,24.4,46.0,24.4,41.0,101792
2023-01-30 00:00:00+00:00,21.6,25.2,21.0,24.6,41311
2023-01-31 00:00:00+00:00,22.0,23.6,21.4,22.0,25184
2023-02-01 00:00:00+00:00,21.8,23.198,20.6,21.8,20953
2023-02-02 00:00:00+00:00,22.4,23.8,21.6,23.2,19294
2023-02-03 00:00:00+00:00,21.2,23.0,20.0,21.8,20360
2023-02-06 00:00:00+00:00,20.8,21.2,20.4,20.4,7085
2023-02-07 00:00:00+00:00,19.2,21.6,19.0,21.0,12078
2023-02-08 00:00:00+00:00,17.002,19.5,16.8,19.0,12403
2023-02-09 00:00:00+00:00,18.6,19.2,17.0,17.2,32481
2023-02-10 00:00:00+00:00,16.404,18.452,16.4,18.452,12111
2023-02-13 00:00:00+00:00,17.698,18.086,16.4,16.4,9612
2023-02-14 00:00:00+00:00,17.59,18.35998,17.0,17.5,3580
2023-02-15 00:00:00+00:00,18.8,18.97398,17.46,17.66,5243
2023-02-16 00:00:00+00:00,19.0,21.8,18.002,18.236,26173
2023-02-17 00:00:00+00:00,20.0,20.6,19.22,19.96,6505
2023-02-21 00:00:00+00:00,19.35,20.4,18.6,19.4,5507
2023-02-22 00:00:00+00:00,18.8,19.4,18.4,18.8,1693
2023-02-23 00:00:00+00:00,19.138,20.4,18.02,18.78,5021
2023-02-24 00:00:00+00:00,18.602,19.53,18.4,18.804,2116
2023-02-27 00:00:00+00:00,18.142,19.8,18.002,18.002,4835
2023-02-28 00:00:00+00:00,18.102,18.99798,18.088,18.99798,2200
2023-03-01 00:00:00+00:00,17.978,18.6,17.0,18.08,3032
2023-03-02 00:00:00+00:00,18.534,18.776,17.402,17.602,4007
2023-03-03 00:00:00+00:00,17.956,19.054,17.956,18.4,2740
2023-03-06 00:00:00+00:00,18.18,18.6,18.002,18.462,866
2023-03-07 00:00:00+00:00,17.952,18.0,17.6,17.79898,708
2023-03-08 00:00:00+00:00,18.396,18.398,17.39,17.602,1311
2023-03-09 00:00:00+00:00,17.6,18.4,17.39,18.4,1478
2023-03-10 00:00:00+00:00,17.2,18.8,17.0,17.36,4314
2023-03-13 00:00:00+00:00,16.022,17.106,15.2,16.62,7909
2023-03-14 00:00:00+00:00,16.6,18.0,16.016,16.016,2813
2023-03-15 00:00:00+00:00,16.6,17.19798,16.042,16.794,1674
2023-03-16 00:00:00+00:00,17.006,17.2,16.006,16.006,1141
2023-03-17 00:00:00+00:00,14.848,19.6,13.6,17.6,15215
2023-03-20 00:00:00+00:00,15.6,16.41,15.0,15.0,2145
2023-03-21 00:00:00+00:00,15.5,15.8,14.8,15.8,1887
2023-03-22 00:00:00+00:00,15.6,16.6,15.498,16.6,2407
2023-03-23 00:00:00+00:00,15.6,16.4,15.6,15.6,2318
2023-03-24 00:00:00+00:00,15.75702,15.998,15.01402,15.2,999
2023-03-27 00:00:00+00:00,16.2,17.0,15.2,15.2,1441
2023-03-28 00:00:00+00:00,15.92,17.398,15.6,17.2,1481
2023-03-29 00:00:00+00:00,16.18,17.0,14.806,15.492,7147
2023-03-30 00:00:00+00:00,16.2,16.99998,15.8,15.8,1294
2023-03-31 00:00:00+00:00,16.0,16.8,15.484,16.36,1203
2023-04-03 00:00:00+00:00,17.0,17.2,16.0,16.2,4925
2023-04-04 00:00:00+00:00,16.8,18.0,16.232,16.496,1194
2023-04-05 00:00:00+00:00,16.002,17.8,15.0,17.2,1966
2023-04-06 00:00:00+00:00,16.2,16.59998,15.04,16.0,1555
2023-04-10 00:00:00+00:00,16.002,16.99798,15.222,16.8,3657
2023-04-11 00:00:00+00:00,16.5,16.6,15.016,16.0,1880
2023-04-12 00:00:00+00:00,16.074,16.598,15.802,16.436,1019
2023-04-13 00:00:00+00:00,16.136,16.8,15.77,15.77,3224
2023-04-14 00:00:00+00:00,16.24696,16.8,16.1,16.8,3463
2023-04-17 00:00:00+00:00,16.364,17.0,16.0,17.0,538
2023-04-18 00:00:00+00:00,17.002,17.8,16.0,16.6,4136
2023-04-19 00:00:00+00:00,16.478,16.9,16.201,16.4,1103
2023-04-20 00:00:00+00:00,16.198,17.8,15.824,16.6,1000
2023-04-21 00:00:00+00:00,15.616,16.404,15.6,15.6,925
2023-04-24 00:00:00+00:00,15.416,16.396,15.4,15.4,806
2023-04-25 00:00:00+00:00,15.012,15.70802,15.0,15.418,1112
2023-04-26 00:00:00+00:00,15.038,15.762,15.0,15.762,3581
2023-04-27 00:00:00+00:00,15.3,15.898,15.0,15.0,2385
2023-04-28 00:00:00+00:00,15.00402,15.4,15.0,15.2,5373
2023-05-01 00:00:00+00:00,15.6,16.66428,15.4,15.6,4667
2023-05-02 00:00:00+00:00,15.122,15.85,15.0,15.202,2358
2023-05-03 00:00:00+00:00,15.4,15.966,15.102,15.398,2479
2023-05-04 00:00:00+00:00,15.54002,16.0,15.0,15.2,5567
2023-05-05 00:00:00+00:00,15.4,15.998,15.1,15.996,3975
2023-05-08 00:00:00+00:00,15.65,15.898,15.0,15.44,3210
2023-05-09 00:00:00+00:00,15.4,15.704,15.002,15.652,1776
2023-05-10 00:00:00+00:00,15.398,15.8,15.2,15.8,1653
2023-05-11 00:00:00+00:00,15.204,15.6,15.0,15.01,1086
2023-05-12 00:00:00+00:00,15.002,15.598,15.002,15.22998,1774
2023-05-15 00:00:00+00:00,15.03,15.5,14.7,15.0,3747
2023-05-16 00:00:00+00:00,14.6,15.028,14.6,15.0,613
2023-05-17 00:00:00+00:00,15.2,15.6,14.502,14.8,4057
2023-05-18 00:00:00+00:00,14.702,15.2,14.7,14.744,1882
2023-05-19 00:00:00+00:00,14.59998,15.16,14.13402,14.4,1242
2023-05-22 00:00:00+00:00,15.2,15.6,14.4,14.7,2826
2023-05-23 00:00:00+00:00,16.0,16.501,15.2,15.2,5438
2023-05-24 00:00:00+00:00,15.51,16.2,14.2,16.2,2687
2023-05-25 00:00:00+00:00,15.2,15.8,14.8,15.736,354
2023-05-26 00:00:00+00:00,15.0,15.8,15.0,15.0,1231
2023-05-30 00:00:00+00:00,14.794,15.8,14.4,15.8,1880
2023-05-31 00:00:00+00:00,14.378,14.998,14.2,14.4,1276
2023-06-01 00:00:00+00:00,13.998,14.8,13.4,14.5,2233
2023-06-02 00:00:00+00:00,14.2,14.622,13.98,14.27762,1953
2023-06-05 00:00:00+00:00,13.81,14.79598,13.8,14.1,1449
2023-06-06 00:00:00+00:00,14.0,14.0,13.60202,13.81,1268
2023-06-07 00:00:00+00:00,14.196,14.598,14.0,14.598,1722
2023-06-08 00:00:00+00:00,14.2,14.658,13.878,14.4,2275
2023-06-09 00:00:00+00:00,14.02,14.8,13.8,14.8,1609
2023-06-12 00:00:00+00:00,14.19598,14.6,14.0,14.6,450
2023-06-13 00:00:00+00:00,14.002,14.58,14.0,14.2,2720
2023-06-14 00:00:00+00:00,14.004,14.274,14.0,14.002,1221
2023-06-15 00:00:00+00:00,13.798,14.512,13.6,14.2,3249
2023-06-16 00:00:00+00:00,13.778,14.398,13.4,13.4,1966
2023-06-20 00:00:00+00:00,13.4,13.79798,13.2,13.6,2990
2023-06-21 00:00:00+00:00,12.424,13.8,11.2,13.8,7270
2023-06-22 00:00:00+00:00,12.752,13.8,12.0,13.6,1769
2023-06-23 00:00:00+00:00,13.074,14.5,12.3,12.746,4466
2023-06-26 00:00:00+00:00,12.452,14.0,12.2,12.8,3025
2023-06-27 00:00:00+00:00,13.62,14.692,12.8,12.8,7750
2023-06-28 00:00:00+00:00,14.0,14.6,13.598,14.6,1039
2023-06-29 00:00:00+00:00,12.2,14.232,12.2,14.2,8502
2023-06-30 00:00:00+00:00,12.102,13.576,11.6,12.8,6484
2023-07-03 00:00:00+00:00,12.402,12.61564,12.02,12.02,1648
2023-07-05 00:00:00+00:00,11.6,12.6,11.224,12.6,5574
2023-07-06 00:00:00+00:00,11.304,11.8,10.602,11.6,4727
2023-07-07 00:00:00+00:00,11.0,11.8,10.4,11.8,6042
2023-07-10 00:00:00+00:00,11.4,11.59798,10.7,11.4,5759
2023-07-11 00:00:00+00:00,11.806,12.8,11.30002,11.97,12159
2023-07-12 00:00:00+00:00,12.0,12.8,11.8,12.0,3652
2023-07-13 00:00:00+00:00,13.28,14.958,12.002,12.62,14005
2023-07-14 00:00:00+00:00,12.524,13.2,12.0,13.2,4032
2023-07-17 00:00:00+00:00,12.056,13.198,12.0,12.22,11286
2023-07-18 00:00:00+00:00,12.5,13.2,12.0,12.48,3800
2023-07-19 00:00:00+00:00,12.22,12.8,12.22,12.704,2420
2023-07-20 00:00:00+00:00,12.2,12.788,12.0,12.1,2618
2023-07-21 00:00:00+00:00,12.02,12.6,12.0,12.22,2495
2023-07-24 00:00:00+00:00,12.18,12.392,11.6,12.022,2057
2023-07-25 00:00:00+00:00,11.6,12.31998,11.2,11.82,3982
2023-07-26 00:00:00+00:00,11.246,12.0,11.2,11.42,6494
2023-07-27 00:00:00+00:00,10.22,12.0,10.0,11.022,13230
2023-07-28 00:00:00+00:00,10.644,11.2,10.4,10.8,4307
2023-07-31 00:00:00+00:00,10.8,11.558,10.6,10.674,4610
2023-08-01 00:00:00+00:00,10.696,11.372,10.0,11.01,5039
2023-08-02 00:00:00+00:00,10.42,11.0,10.07,10.38,2945
2023-08-03 00:00:00+00:00,10.2,10.798,10.2,10.36,1692
2023-08-04 00:00:00+00:00,10.04,10.798,10.02,10.022,3343
2023-08-07 00:00:00+00:00,9.602,10.49,8.69202,10.49,5300
2023-08-08 00:00:00+00:00,9.4,10.082,9.2,9.314,3196
2023-08-09 00:00:00+00:00,9.6,9.8,9.2,9.4,2423
2023-08-10 00:00:00+00:00,9.404,10.0,9.4,9.62,1943
2023-08-11 00:00:00+00:00,9.182,9.4,8.802,8.802,3371
2023-08-14 00:00:00+00:00,9.3,9.392,9.0,9.0,1305
2023-08-15 00:00:00+00:00,9.398,9.59998,9.02,9.38,1360
2023-08-16 00:00:00+00:00,8.804,9.46798,8.40002,9.0,2055
2023-08-17 00:00:00+00:00,7.8,9.28258,6.868,8.66,4419
2023-08-18 00:00:00+00:00,7.72,7.98,7.61,7.96,2277
2023-08-21 00:00:00+00:00,7.266,7.72,7.20802,7.72,1823
2023-08-22 00:00:00+00:00,6.7,7.79798,6.6,7.4,1729
2023-08-23 00:00:00+00:00,7.0,7.412,6.82,7.06,1100
2023-08-24 00:00:00+00:00,6.44,7.21002,6.006,7.02,4406
2023-08-25 00:00:00+00:00,6.5713,7.156,6.02,6.9,4206
2023-08-28 00:00:00+00:00,6.39598,6.802,6.00802,6.34,561
2023-08-29 00:00:00+00:00,6.0,6.99198,5.57002,6.0,14745
2023-08-30 00:00:00+00:00,6.0,7.784,5.8,6.04,41530
2023-08-31 00:00:00+00:00,7.14,8.508,6.042,6.326,99948
2023-09-01 00:00:00+00:00,6.024,6.9,6.02,6.9,29531
2023-09-05 00:00:00+00:00,6.04,7.76,6.0,6.0,78203
2023-09-06 00:00:00+00:00,5.64,6.44,5.602,6.44,18303
2023-09-07 00:00:00+00:00,5.402,5.802,5.2,5.802,8627
2023-09-08 00:00:00+00:00,6.238,6.398,5.422,5.6,35845
2023-09-11 00:00:00+00:00,7.704,8.798,6.6,7.6,183538
2023-09-12 00:00:00+00:00,6.8,7.538,6.34,7.372,68202
2023-09-13 00:00:00+00:00,5.622,6.96,5.508,6.774,52208
2023-09-14 00:00:00+00:00,5.798,6.3,5.454,5.454,44284
2023-09-15 00:00:00+00:00,4.932,6.22802,4.932,6.11,36279
2023-09-18 00:00:00+00:00,5.02,5.354,4.6,4.69,30258
2023-09-19 00:00:00+00:00,4.752,5.334,4.42,5.294,12948
2023-09-20 00:00:00+00:00,4.6,5.186,4.6,5.18,16487
2023-09-21 00:00:00+00:00,4.38,4.69,4.02,4.108,12706
2023-09-22 00:00:00+00:00,4.42,4.88,4.16,4.248,8894
2023-09-25 00:00:00+00:00,3.6,4.598,3.472,4.336,33121
2023-09-26 00:00:00+00:00,3.70002,3.946,3.6,3.946,17424
2023-09-27 00:00:00+00:00,3.476,4.0,3.4,3.7,23394
2023-09-28 00:00:00+00:00,3.788,6.896,3.4,3.472,614025
2023-09-29 00:00:00+00:00,4.39152,4.4,3.6,3.794,69532
2023-10-02 00:00:00+00:00,4.48,4.6,4.048,4.26,22501
2023-10-03 00:00:00+00:00,4.402,4.6,4.0,4.202,18440
2023-10-04 00:00:00+00:00,4.1,4.598,4.08,4.452,10470
2023-10-05 00:00:00+00:00,4.07,4.38,4.06,4.06,20359
2023-10-06 00:00:00+00:00,4.198,4.36,4.06,4.06,6164
2023-10-09 00:00:00+00:00,4.0,4.4,4.0,4.06,5412
2023-10-10 00:00:00+00:00,3.912,4.358,3.9,4.08,10203
2023-10-11 00:00:00+00:00,4.0,4.148,3.824,4.09,16153
2023-10-12 00:00:00+00:00,5.1,5.56,4.006,4.4,133183
2023-10-13 00:00:00+00:00,4.891,5.08,4.4,4.904,16877
2023-10-16 00:00:00+00:00,5.602,5.8,4.50002,4.88,24561
2023-10-17 00:00:00+00:00,5.34,5.798,5.054,5.434,22465
2023-10-18 00:00:00+00:00,5.202,5.558,5.14,5.34,4696
2023-10-19 00:00:00+00:00,4.976,5.31198,4.642,5.15202,11435
2023-10-20 00:00:00+00:00,4.884,5.35,4.704,4.874,12962
2023-10-23 00:00:00+00:00,5.474,6.0,4.888,5.2,24594
2023-10-24 00:00:00+00:00,5.408,6.4,5.408,5.6,28268
2023-10-25 00:00:00+00:00,5.752,6.0,5.678,5.8,9221
2023-10-26 00:00:00+00:00,6.12,6.594,5.69,5.74,17936
2023-10-27 00:00:00+00:00,6.122,6.6,6.12,6.34,13317
2023-10-30 00:00:00+00:00,6.62,7.6,5.6,7.56,40438
2023-10-31 00:00:00+00:00,5.9,7.0,5.802,7.0,16651
2023-11-01 00:00:00+00:00,5.998,6.28,5.6,6.0,9600
2023-11-02 00:00:00+00:00,5.668,6.318,4.67,6.318,21409
2023-11-03 00:00:00+00:00,5.51,6.2,5.122,5.864,15317
2023-11-06 00:00:00+00:00,5.4,5.618,5.04,5.4,7749
2023-11-07 00:00:00+00:00,5.22,5.6,4.6,5.288,11226
2023-11-08 00:00:00+00:00,5.198,5.33598,4.6,5.1,3707
2023-11-09 00:00:00+00:00,4.95,5.4,4.4,5.12,13000
2023-11-10 00:00:00+00:00,4.996,5.3,4.424,5.196,9604
2023-11-13 00:00:00+00:00,4.794,5.0,4.612,5.0,3373
2023-11-14 00:00:00+00:00,4.76,4.946,4.61,4.772,2604
2023-11-15 00:00:00+00:00,4.818,5.0,4.806,4.998,4829
2023-11-16 00:00:00+00:00,4.94,5.252,4.806,5.252,5922
2023-11-17 00:00:00+00:00,5.52,6.0,4.8,4.954,17079
2023-11-20 00:00:00+00:00,5.928,6.0,5.7,6.0,7364
2023-11-21 00:00:00+00:00,5.816,6.464,5.222,5.98,16763
2023-11-22 00:00:00+00:00,5.806,6.0,5.6,5.802,2028
2023-11-24 00:00:00+00:00,5.8,6.498,5.306,5.98,5811
2023-11-27 00:00:00+00:00,5.86,6.1,5.8,6.0,4111
2023-11-28 00:00:00+00:00,5.68,5.928,5.2,5.9,7823
2023-11-29 00:00:00+00:00,5.988,6.004,5.62,5.68,4056
2023-11-30 00:00:00+00:00,5.7,6.2,5.6,6.2,3787
2023-12-01 00:00:00+00:00,5.964,6.0,5.304,5.7,8781
2023-12-04 00:00:00+00:00,6.908,6.908,5.6,6.0,52790
2023-12-05 00:00:00+00:00,6.8,7.676,6.232,6.7,50299
2023-12-06 00:00:00+00:00,6.776,7.198,6.6,7.04,10178
2023-12-07 00:00:00+00:00,6.956,7.196,6.41402,7.196,11096
2023-12-08 00:00:00+00:00,7.266,7.266,6.604,6.804,15851
2023-12-11 00:00:00+00:00,7.2,7.2,6.49672,7.052,10403
2023-12-12 00:00:00+00:00,6.63,7.14,6.578,7.14,11210
2023-12-13 00:00:00+00:00,6.726,7.136,6.202,6.76,5448
2023-12-14 00:00:00+00:00,6.992,6.992,6.50402,6.804,8149
2023-12-15 00:00:00+00:00,6.22,7.04902,6.116,6.982,11664
2023-12-18 00:00:00+00:00,5.96,6.58,5.002,6.4,17702
2023-12-19 00:00:00+00:00,6.2,6.294,5.414,5.782,15130
2023-12-20 00:00:00+00:00,5.88,6.2,5.512,6.002,14184
2023-12-21 00:00:00+00:00,5.562,6.0,5.502,5.808,9929
2023-12-22 00:00:00+00:00,6.406,6.444,5.4,5.4,14903
2023-12-26 00:00:00+00:00,6.92,6.94,6.2,6.512,13382
2023-12-27 00:00:00+00:00,9.8,9.98,6.6,6.91,90776
2023-12-28 00:00:00+00:00,8.98,10.3,8.204,10.214,32542
2023-12-29 00:00:00+00:00,8.7,9.358,7.2,9.0,29277
2024-01-02 00:00:00+00:00,7.704,9.0,7.6,9.0,12464
2024-01-03 00:00:00+00:00,7.96,8.4,7.2,8.4,17747
2024-01-04 00:00:00+00:00,7.88,8.4,7.404,7.722,3050
2024-01-05 00:00:00+00:00,7.45998,7.99998,7.4,7.99998,8145
2024-01-08 00:00:00+00:00,7.538,7.97,7.204,7.4,18452
2024-01-09 00:00:00+00:00,6.998,8.0,6.6,8.0,18536
2024-01-10 00:00:00+00:00,6.84,7.6,6.808,6.988,12059
2024-01-11 00:00:00+00:00,7.2,7.6,6.404,7.6,22582
2024-01-12 00:00:00+00:00,6.798,7.2,6.422,6.652,11839
2024-01-16 00:00:00+00:00,6.006,7.178,5.712,6.8,23915
2024-01-17 00:00:00+00:00,6.18,6.3,5.84,6.27,7520
2024-01-18 00:00:00+00:00,6.176,6.22,5.802,6.204,5287
2024-01-19 00:00:00+00:00,5.584,6.16,5.318,6.11,9987
2024-01-22 00:00:00+00:00,5.726,5.84998,5.4,5.552,5394
2024-01-23 00:00:00+00:00,5.46,5.86,4.906,5.86,4540
2024-01-24 00:00:00+00:00,5.7,5.78598,5.21,5.44,7053
2024-01-25 00:00:00+00:00,6.718,6.8,5.502,5.62,23020
2024-01-26 00:00:00+00:00,6.306,8.0,6.002,7.6,46191
2024-01-29 00:00:00+00:00,7.38,7.796,6.116,6.116,16667
2024-01-30 00:00:00+00:00,7.2,7.6,7.0,7.6,6898
2024-01-31 00:00:00+00:00,7.002,7.942,6.408,7.942,13283
2024-02-01 00:00:00+00:00,6.502,7.08,6.5,7.08,17552
2024-02-02 00:00:00+00:00,5.39,6.8,5.2,6.6,27579
2024-02-05 00:00:00+00:00,5.302,5.798,5.2,5.228,6470
2024-02-06 00:00:00+00:00,4.98,5.72,4.8,5.2,9041
2024-02-07 00:00:00+00:00,4.58,5.22,4.36,5.22,31012
2024-02-08 00:00:00+00:00,6.272,6.4,5.0,5.032,70795
2024-02-09 00:00:00+00:00,5.71,8.43,4.71,7.66,383106
2024-02-12 00:00:00+00:00,4.09,5.58,3.71,5.55,267326
2024-02-13 00:00:00+00:00,2.7,4.25,2.5,4.25,333951
2024-02-14 00:00:00+00:00,2.46,3.25,2.33,3.23,480420
2024-02-15 00:00:00+00:00,1.801,2.565,1.65,2.46,652941
2024-02-16 00:00:00+00:00,1.89,1.92,1.45,1.8,765446
2024-02-20 00:00:00+00:00,2.36,2.75,1.89,2.0,1223157
2024-02-21 00:00:00+00:00,2.46,2.535,2.0866,2.21,422078
2024-02-22 00:00:00+00:00,2.37,2.4599,2.2001,2.44,285022
2024-02-23 00:00:00+00:00,2.33,2.4006,2.15,2.28,235222
2024-02-26 00:00:00+00:00,2.52,2.6581,2.17,2.25,824187
2024-02-27 00:00:00+00:00,2.6,2.83,2.41,2.66,541675
2024-02-28 00:00:00+00:00,2.75,3.06,2.5,2.7,1196184
2024-02-29 00:00:00+00:00,2.61,2.74,2.19,2.69,413657
2024-03-01 00:00:00+00:00,2.31,2.65,2.25,2.62,272852
2024-03-04 00:00:00+00:00,2.0,2.35,1.96,2.26,419405
2024-03-05 00:00:00+00:00,1.95,2.125,1.91,2.01,178781
2024-03-06 00:00:00+00:00,1.92,2.0615,1.85,1.97,163380
2024-03-07 00:00:00+00:00,1.78,1.9899,1.72,1.92,271764
2024-03-08 00:00:00+00:00,1.7,1.95,1.68,1.93,263181
2024-03-11 00:00:00+00:00,1.57,2.59,1.5,1.78,3516273
2024-03-12 00:00:00+00:00,1.78,1.88,1.55,1.63,884761
2024-03-13 00:00:00+00:00,1.71,1.9,1.71,1.9,465912
2024-03-14 00:00:00+00:00,1.56,1.75,1.52,1.75,440832
2024-03-15 00:00:00+00:00,1.49,1.56,1.3896,1.52,433165
2024-03-18 00:00:00+00:00,1.5156,1.53,1.41,1.48,104499
2024-03-19 00:00:00+00:00,1.39,1.5095,1.36,1.49,166354
2024-03-20 00:00:00+00:00,1.34,1.44,1.27,1.36,277310
2024-03-21 00:00:00+00:00,1.47,1.65,1.37,1.37,593353
2024-03-22 00:00:00+00:00,1.48,1.6,1.4127,1.49,199053
2024-03-25 00:00:00+00:00,1.49,1.5846,1.45,1.58,558344
2024-03-26 00:00:00+00:00,1.38,1.51,1.35,1.47,393461
2024-03-27 00:00:00+00:00,1.37,1.43,1.25,1.37,455507
2024-03-28 00:00:00+00:00,1.49,1.57,1.35,1.4,361486
2024-04-01 00:00:00+00:00,1.46,1.5453,1.35,1.43,273752
2024-04-02 00:00:00+00:00,1.24,1.41,1.22,1.35,319195
2024-04-03 00:00:00+00:00,1.3,1.33,1.25,1.25,215574
2024-04-04 00:00:00+00:00,1.29,1.4,1.26,1.4,184447
2024-04-05 00:00:00+00:00,1.29,1.348,1.24,1.24,246538
2024-04-08 00:00:00+00:00,1.5,1.53,1.35,1.35,548999
2024-04-09 00:00:00+00:00,1.78,1.89,1.51,1.54,1997211
2024-04-10 00:00:00+00:00,1.72,1.78,1.57,1.77,445771
2024-04-11 00:00:00+00:00,1.65,1.71,1.5301,1.71,323729
2024-04-12 00:00:00+00:00,1.47,1.6887,1.43,1.6,241099
2024-04-15 00:00:00+00:00,1.48,1.6,1.3731,1.51,198577
2024-04-16 00:00:00+00:00,1.4,1.5499,1.35,1.48,149802
2024-04-17 00:00:00+00:00,1.35,1.42,1.3,1.4,172268
2024-04-18 00:00:00+00:00,1.39,1.466,1.34,1.4,98469
2024-04-19 00:00:00+00:00,1.36,1.41,1.32,1.37,131075
2024-04-22 00:00:00+00:00,1.39,1.52,1.36,1.5,1307306
2024-04-23 00:00:00+00:00,1.32,1.38,1.27,1.36,374280
2024-04-24 00:00:00+00:00,1.39,1.45,1.29,1.3,232951
2024-04-25 00:00:00+00:00,1.5,1.5,1.33,1.46,433107
2024-04-26 00:00:00+00:00,1.63,1.75,1.475,1.49,497826
2024-04-29 00:00:00+00:00,1.52,1.59,1.37,1.56,413029
2024-04-30 00:00:00+00:00,1.45,1.5798,1.395,1.5,316004
2024-05-01 00:00:00+00:00,1.48,1.62,1.45,1.45,528545
2024-05-02 00:00:00+00:00,1.55,1.59,1.45,1.55,120946
2024-05-03 00:00:00+00:00,1.55,1.58,1.49,1.54,115351
2024-05-06 00:00:00+00:00,1.51,1.59,1.46,1.53,242114
2024-05-07 00:00:00+00:00,1.47,1.6499,1.41,1.6,626880
2024-05-08 00:00:00+00:00,1.6,1.62,1.41,1.47,547187
2024-05-09 00:00:00+00:00,1.55,1.62,1.5,1.62,212201
2024-05-10 00:00:00+00:00,1.65,1.65,1.5,1.55,375323
2024-05-13 00:00:00+00:00,1.64,1.8,1.59,1.78,962923
2024-05-14 00:00:00+00:00,1.74,1.74,1.55,1.62,584280
2024-05-15 00:00:00+00:00,1.645,1.75,1.6,1.69,388980
2024-05-16 00:00:00+00:00,1.63,1.74,1.56,1.73,576839
2024-05-17 00:00:00+00:00,1.6,1.65,1.57,1.65,262158
2024-05-20 00:00:00+00:00,1.68,1.75,1.55,1.63,469995
2024-05-21 00:00:00+00:00,1.59,1.7249,1.55,1.7,519825
2024-05-22 00:00:00+00:00,1.5,1.65,1.45,1.65,938630
2024-05-23 00:00:00+00:00,1.38,1.54,1.35,1.54,510742
2024-05-24 00:00:00+00:00,1.315,1.41,1.2601,1.4,401593
2024-05-28 00:00:00+00:00,1.3,1.33,1.25,1.33,288565
2024-05-29 00:00:00+00:00,1.23,1.3,1.21,1.29,317483
2024-05-30 00:00:00+00:00,1.23,1.27,1.14,1.27,304418
2024-05-31 00:00:00+00:00,1.22,1.28,1.19,1.22,285640
2024-06-03 00:00:00+00:00,1.24,1.24,1.17,1.19,170758
2024-06-04 00:00:00+00:00,1.22,1.26,1.21,1.21,163004
2024-06-05 00:00:00+00:00,1.2,1.26,1.16,1.26,161047
2024-06-06 00:00:00+00:00,1.44,1.49,1.2,1.21,1032806
2024-06-07 00:00:00+00:00,1.27,1.44,1.25,1.44,510755
2024-06-10 00:00:00+00:00,1.39,1.4,1.25,1.29,256541
2024-06-11 00:00:00+00:00,1.33,1.45,1.31,1.35,430544
2024-06-12 00:00:00+00:00,1.34,1.44,1.29,1.37,588643
2024-06-13 00:00:00+00:00,1.25,1.37,1.24,1.35,330796
2024-06-14 00:00:00+00:00,1.3,1.3,1.25,1.28,228146
2024-06-17 00:00:00+00:00,1.28,1.32,1.25,1.25,194900
2024-06-18 00:00:00+00:00,1.25,1.29,1.2,1.29,243140
2024-06-20 00:00:00+00:00,1.24,1.29,1.2253,1.29,280392
2024-06-21 00:00:00+00:00,1.14,1.25,1.14,1.24,830344
2024-06-24 00:00:00+00:00,1.12,1.16,1.06,1.16,666948
2024-06-25 00:00:00+00:00,1.12,1.15,1.08,1.12,236725
2024-06-26 00:00:00+00:00,1.14,1.2,1.0901,1.14,562914
2024-06-27 00:00:00+00:00,1.11,1.13,1.08,1.12,258868
2024-06-28 00:00:00+00:00,1.19,1.2,1.1,1.13,715061
2024-07-01 00:00:00+00:00,1.21,1.23,1.1452,1.2,248402
2024-07-02 00:00:00+00:00,1.25,1.27,1.21,1.21,230672
2024-07-03 00:00:00+00:00,1.24,1.3,1.2,1.23,122684
2024-07-05 00:00:00+00:00,1.21,1.2399,1.16,1.17,150289
2024-07-08 00:00:00+00:00,1.14,1.21,1.12,1.2,132112
2024-07-09 00:00:00+00:00,1.11,1.15,1.08,1.11,168573
2024-07-10 00:00:00+00:00,1.12,1.1299,1.1,1.12,71771
2024-07-11 00:00:00+00:00,1.12,1.13,1.09,1.13,179164
2024-07-12 00:00:00+00:00,1.11,1.18,1.11,1.11,145765
2024-07-15 00:00:00+00:00,1.16,1.21,1.12,1.15,771993
2024-07-16 00:00:00+00:00,1.11,1.17,1.08,1.13,611726
2024-07-17 00:00:00+00:00,1.09,1.13,1.06,1.12,257625
2024-07-18 00:00:00+00:00,1.09,1.1,1.05,1.08,196197
2024-07-19 00:00:00+00:00,1.08,1.12,1.0505,1.06,152899
2024-07-22 00:00:00+00:00,1.0622,1.11,1.04,1.1,174992
2024-07-23 00:00:00+00:00,1.02,1.08,1.01,1.04,198566
2024-07-24 00:00:00+00:00,0.9749,1.02,0.9669,1.0,277863
2024-07-25 00:00:00+00:00,0.9101,0.97,0.9,0.95,146929
2024-07-26 00:00:00+00:00,0.9181,0.94,0.91,0.9111,89690
2024-07-29 00:00:00+00:00,0.949,0.982,0.9175,0.94,172448
2024-07-30 00:00:00+00:00,0.9272,0.96,0.919,0.93,42550
2024-07-31 00:00:00+00:00,0.88,0.96,0.87,0.91,182773
2024-08-01 00:00:00+00:00,0.861,0.88,0.8499,0.8769,141133
2024-08-02 00:00:00+00:00,0.7403,0.8448,0.71,0.834,237618
2024-08-05 00:00:00+00:00,0.571,0.67605,0.4915,0.594,420453
2024-08-06 00:00:00+00:00,0.6822,0.703,0.5626,0.57,491771
2024-08-07 00:00:00+00:00,0.65,0.73,0.6392,0.7,176006
2024-08-08 00:00:00+00:00,0.6976,0.75,0.6343,0.6343,236313
2024-08-09 00:00:00+00:00,0.690101,0.744,0.68,0.709,279305
2024-08-12 00:00:00+00:00,0.6928,0.735,0.65,0.735,89816
2024-08-13 00:00:00+00:00,0.7696,0.7994,0.6882,0.73,189012
2024-08-14 00:00:00+00:00,0.731,0.7994,0.7272,0.79,111819
2024-08-15 00:00:00+00:00,0.7235,0.7547,0.71,0.74,201581
2024-08-16 00:00:00+00:00,0.8194,0.8588,0.7194,0.749,125384
2024-08-19 00:00:00+00:00,0.8304,0.8522,0.8,0.82,141797
2024-08-20 00:00:00+00:00,0.7499,0.882,0.6566,0.836,633093
2024-08-21 00:00:00+00:00,0.7664,0.8,0.73,0.74,307674
2024-08-22 00:00:00+00:00,0.741,0.8,0.74,0.784,109822
2024-08-23 00:00:00+00:00,0.7745,0.7789,0.7401,0.7511,306854
2024-08-26 00:00:00+00:00,0.7645,0.78,0.7371,0.78,307838
2024-08-27 00:00:00+00:00,0.7738,0.7946,0.74,0.765,225072
2024-08-28 00:00:00+00:00,0.7133,0.76575,0.71,0.7645,68672
2024-08-29 00:00:00+00:00,0.7054,0.74,0.6715,0.7135,233720
2024-08-30 00:00:00+00:00,0.6711,0.7053,0.6711,0.7,148091
2024-09-03 00:00:00+00:00,0.6172,0.695,0.55,0.695,348895
2024-09-04 00:00:00+00:00,0.6023,0.622276,0.5985,0.617,86633
2024-09-05 00:00:00+00:00,0.5798,0.6023,0.553,0.596039,219887
2024-09-06 00:00:00+00:00,0.4449,0.6123,0.4213,0.6123,1232349
2024-09-09 00:00:00+00:00,0.4182,0.4999,0.383,0.4812,783933
2024-09-10 00:00:00+00:00,0.45,0.45,0.3851,0.4293,399895
2024-09-11 00:00:00+00:00,0.45,0.4625,0.43,0.4395,133998
2024-09-12 00:00:00+00:00,0.4505,0.4844,0.4301,0.468,81532
2024-09-13 00:00:00+00:00,0.5181,0.565,0.4751,0.483,366566
2024-09-16 00:00:00+00:00,0.523,0.54,0.512,0.5133,114752
2024-09-17 00:00:00+00:00,0.52,0.563395,0.5101,0.5301,107264
2024-09-18 00:00:00+00:00,0.51,0.5575,0.4966,0.541,135222
2024-09-19 00:00:00+00:00,0.5254,0.5899,0.5018,0.548,464960
2024-09-20 00:00:00+00:00,0.502,0.5711,0.502,0.5355,268829
2024-09-23 00:00:00+00:00,0.5423,0.552822,0.5101,0.518,154895
2024-09-24 00:00:00+00:00,0.5648,0.5689,0.526,0.526,117248
2024-09-25 00:00:00+00:00,0.5551,0.5688,0.55,0.5688,37022
2024-09-26 00:00:00+00:00,0.612,0.639926,0.579,0.6,171552
2024-09-27 00:00:00+00:00,0.7301,0.7377,0.5897,0.5964,614162
2024-09-30 00:00:00+00:00,0.6814,0.715,0.63,0.712,174593
2024-10-01 00:00:00+00:00,0.6401,0.6736,0.609899,0.64,192327
2024-10-02 00:00:00+00:00,0.6201,0.65,0.61,0.65,59030
2024-10-03 00:00:00+00:00,0.5841,0.6758,0.581,0.6201,95496
2024-10-04 00:00:00+00:00,0.5801,0.6,0.5362,0.6,234616
2024-10-07 00:00:00+00:00,0.5755,0.6,0.5612,0.58,167255
2024-10-08 00:00:00+00:00,0.5426,0.58,0.5301,0.5756,214574
2024-10-09 00:00:00+00:00,0.5402,0.5512,0.514,0.5249,99618
2024-10-10 00:00:00+00:00,0.5299,0.55,0.526,0.5429,63208
2024-10-11 00:00:00+00:00,0.5384,0.5552,0.5171,0.53,204722
2024-10-14 00:00:00+00:00,0.5625,0.5933,0.5182,0.54,608492
2024-10-15 00:00:00+00:00,0.565,0.5999,0.5325,0.5651,476237
2024-10-16 00:00:00+00:00,0.6541,0.6767,0.550001,0.57,686205
2024-10-17 00:00:00+00:00,0.6224,0.6594,0.6066,0.63,129069
2024-10-18 00:00:00+00:00,0.6667,0.6752,0.61,0.62,403885
2024-10-21 00:00:00+00:00,0.6653,0.6997,0.6315,0.6892,158721
2024-10-22 00:00:00+00:00,0.63,0.679,0.5727,0.679,771256
2024-10-23 00:00:00+00:00,0.5942,0.62,0.5502,0.62,443915
2024-10-24 00:00:00+00:00,0.5972,0.6069,0.5701,0.5703,266008
2024-10-25 00:00:00+00:00,0.611853,0.6296,0.5856,0.59,649844
2024-10-28 00:00:00+00:00,0.7109,0.715,0.5901,0.6299,2015907
2024-10-29 00:00:00+00:00,0.748,0.7944,0.7127,0.751,1530548
2024-10-30 00:00:00+00:00,0.69,0.7944,0.68,0.757,762342
2024-10-31 00:00:00+00:00,0.6272,0.71,0.611,0.71,561823
2024-11-01 00:00:00+00:00,0.5325,0.6347,0.5271,0.6254,1183933
2024-11-04 00:00:00+00:00,0.5193,0.5555,0.511,0.516,326096
2024-11-05 00:00:00+00:00,0.5645,0.5862,0.52,0.53,453569
2024-11-06 00:00:00+00:00,0.6633,0.6697,0.5886,0.62,1544953
2024-11-07 00:00:00+00:00,0.6545,0.7041,0.622,0.685,1107948
2024-11-08 00:00:00+00:00,0.6314,0.66,0.561,0.66,914785
2024-11-11 00:00:00+00:00,0.86,0.865,0.660198,0.671,2603988
2024-11-12 00:00:00+00:00,0.83,0.87,0.7167,0.8555,1875647
2024-11-13 00:00:00+00:00,0.7625,1.1,0.76,0.95,3654258
2024-11-14 00:00:00+00:00,0.685,0.815,0.6201,0.77,2113614
2024-11-15 00:00:00+00:00,0.6504,0.71,0.6037,0.705,981666
2024-11-18 00:00:00+00:00,0.6751,0.7025,0.6205,0.66,937654
2024-11-19 00:00:00+00:00,0.7333,0.7473,0.605801,0.659,1237470
2024-11-20 00:00:00+00:00,0.6683,0.766,0.6556,0.72,996158
2024-11-21 00:00:00+00:00,0.6551,0.7354,0.64,0.72,1250078
2024-11-22 00:00:00+00:00,0.6873,0.6941,0.6187,0.64,1293303
2024-11-25 00:00:00+00:00,0.6912,0.793,0.6527,0.69,1199921
2024-11-26 00:00:00+00:00,0.6381,0.6763,0.61,0.6501,746600
2024-11-27 00:00:00+00:00,0.6259,0.6569,0.6106,0.624,736869
2024-11-29 00:00:00+00:00,0.7,0.701,0.64,0.66,793065
2024-12-02 00:00:00+00:00,0.6951,0.761,0.6659,0.7125,828068
2024-12-03 00:00:00+00:00,0.6741,0.6975,0.65,0.6975,366649
2024-12-04 00:00:00+00:00,0.6827,0.721,0.6415,0.69,1107404
2024-12-05 00:00:00+00:00,0.6797,0.726,0.66,0.71,856399
2024-12-06 00:00:00+00:00,0.6494,0.6882,0.6235,0.6797,797293
2024-12-09 00:00:00+00:00,0.5886,0.6775,0.5688,0.6755,1008034
2024-12-10 00:00:00+00:00,0.5767,0.6297,0.5555,0.6059,620842
2024-12-11 00:00:00+00:00,0.595,0.6096,0.523,0.58,1011195
2024-12-12 00:00:00+00:00,0.5865,0.608,0.5501,0.592,577696
2024-12-13 00:00:00+00:00,0.5546,0.599,0.545,0.586,439996
2024-12-16 00:00:00+00:00,0.5089,0.5889,0.5021,0.58,1387027
2024-12-17 00:00:00+00:00,0.477,0.546499,0.467,0.5302,1168605
2024-12-18 00:00:00+00:00,0.3829,0.5355,0.38,0.53,2372253
2024-12-19 00:00:00+00:00,0.4606,0.4876,0.39,0.42,1320202
2024-12-20 00:00:00+00:00,0.4464,0.5,0.43,0.46,1368197
2024-12-23 00:00:00+00:00,0.427,0.4595,0.4208,0.445,526705
2024-12-24 00:00:00+00:00,0.4294,0.4313,0.41,0.4177,273255
2024-12-26 00:00:00+00:00,0.4448,0.4572,0.4133,0.4234,568647
2024-12-27 00:00:00+00:00,0.4535,0.479799,0.4303,0.4546,531211
2024-12-30 00:00:00+00:00,0.403,0.459,0.3888,0.459,1162320
2024-12-31 00:00:00+00:00,0.4007,0.4116,0.3507,0.4034,1926486
2025-01-02 00:00:00+00:00,0.3992,0.4049,0.371,0.398,755895
2025-01-03 00:00:00+00:00,0.4144,0.4267,0.3953,0.4,514091
2025-01-06 00:00:00+00:00,0.4204,0.4491,0.42,0.43,772502
2025-01-07 00:00:00+00:00,0.4034,0.4478,0.3859,0.439,602452
2025-01-08 00:00:00+00:00,0.3772,0.405,0.351,0.405,743655
2025-01-10 00:00:00+00:00,0.4516,0.5741,0.3546,0.4633,92575256
2025-01-13 00:00:00+00:00,0.3965,0.46,0.38,0.4407,9671185
2025-01-14 00:00:00+00:00,0.443,0.4669,0.4,0.4,4506205
2025-01-15 00:00:00+00:00,0.433,0.44,0.3862,0.42,3029086
2025-01-16 00:00:00+00:00,0.4364,0.439,0.413,0.435,1722662
2025-01-17 00:00:00+00:00,0.4351,0.4447,0.4008,0.425,2286591
2025-01-21 00:00:00+00:00,0.4161,0.45,0.4,0.439,2676372
2025-01-22 00:00:00+00:00,0.406,0.43,0.3844,0.4098,2253830
2025-01-23 00:00:00+00:00,0.38,0.4031,0.366,0.4014,2206912
2025-01-24 00:00:00+00:00,0.372,0.4,0.3619,0.38,1949126
2025-01-27 00:00:00+00:00,0.3464,0.387,0.330701,0.38,3075162
2025-01-28 00:00:00+00:00,0.3401,0.3519,0.3235,0.3327,912073
2025-01-29 00:00:00+00:00,0.3311,0.3491,0.3028,0.332,839163
2025-01-30 00:00:00+00:00,0.3281,0.3452,0.3169,0.3452,751360
2025-01-31 00:00:00+00:00,0.3153,0.3304,0.2834,0.33,2447034
2025-02-03 00:00:00+00:00,0.2986,0.303,0.27,0.2849,1617707
2025-02-04 00:00:00+00:00,0.3044,0.3141,0.2992,0.3007,467398
2025-02-05 00:00:00+00:00,0.2975,0.315,0.2732,0.315,527686
2025-02-06 00:00:00+00:00,0.3012,0.3212,0.2973,0.2973,758479
2025-02-07 00:00:00+00:00,0.2921,0.3139,0.276,0.3012,1416003
2025-02-10 00:00:00+00:00,0.2983,0.3099,0.283,0.2965,620414
2025-02-11 00:00:00+00:00,0.2899,0.3004,0.27,0.3004,1253299
2025-02-12 00:00:00+00:00,0.2926,0.2957,0.2714,0.2795,446171
2025-02-13 00:00:00+00:00,0.31,0.3146,0.2899,0.3,845173
2025-02-14 00:00:00+00:00,0.3524,0.36,0.3048,0.3163,1729148
2025-02-18 00:00:00+00:00,0.334,0.375,0.3319,0.3452,1282655
2025-02-19 00:00:00+00:00,0.3473,0.37,0.323701,0.334,1201145
2025-02-20 00:00:00+00:00,0.3324,0.34729,0.3193,0.3402,319015
2025-02-21 00:00:00+00:00,0.3108,0.347199,0.304501,0.3458,595848
2025-02-24 00:00:00+00:00,0.2907,0.31,0.28,0.3074,691206
2025-02-25 00:00:00+00:00,0.27,0.288999,0.260201,0.282,885068
2025-02-26 00:00:00+00:00,0.2947,0.2998,0.2633,0.2739,512560
2025-02-27 00:00:00+00:00,0.2875,0.29,0.275,0.2898,463739
2025-02-28 00:00:00+00:00,0.2789,0.289,0.265,0.2785,655255
2025-03-03 00:00:00+00:00,0.2706,0.3197,0.2645,0.295,1314663
2025-03-04 00:00:00+00:00,0.2705,0.2709,0.225,0.2595,723890
2025-03-05 00:00:00+00:00,0.2622,0.2682,0.2532,0.2624,217512
2025-03-06 00:00:00+00:00,0.2386,0.26,0.2365,0.26,363029
2025-03-07 00:00:00+00:00,0.234,0.249,0.2123,0.249,1095407
2025-03-10 00:00:00+00:00,0.191,0.227,0.19,0.221,1161622
2025-03-11 00:00:00+00:00,0.212,0.2225,0.1828,0.19,931715
2025-03-12 00:00:00+00:00,0.1936,0.21,0.1913,0.207,446790
2025-03-13 00:00:00+00:00,0.1939,0.2049,0.19,0.198,291461
2025-03-14 00:00:00+00:00,0.207,0.2184,0.1959,0.1959,778731
2025-03-17 00:00:00+00:00,0.216,0.2243,0.2095,0.216,348837
2025-03-18 00:00:00+00:00,0.1977,0.2224,0.1918,0.2155,799044
2025-03-19 00:00:00+00:00,0.193,0.2198,0.19162,0.2,661330
2025-03-20 00:00:00+00:00,0.198,0.2095,0.1911,0.1912,302978
2025-03-21 00:00:00+00:00,0.1944,0.2099,0.1919,0.2,370888
2025-03-24 00:00:00+00:00,0.1928,0.213999,0.1928,0.2045,302779
2025-03-25 00:00:00+00:00,0.1832,0.216199,0.1832,0.2,860531
2025-03-26 00:00:00+00:00,0.1753,0.193,0.1575,0.1828,625102
2025-03-27 00:00:00+00:00,0.186,0.19,0.1701,0.171,582232
2025-03-28 00:00:00+00:00,0.1647,0.1899,0.1627,0.188,479703
2025-03-31 00:00:00+00:00,0.17,0.18,0.152,0.1682,1018750
2025-04-01 00:00:00+00:00,0.1587,0.1717,0.154,0.1694,584072
2025-04-02 00:00:00+00:00,0.176,0.1799,0.1539,0.1539,433025
2025-04-03 00:00:00+00:00,0.1571,0.1742,0.1526,0.1707,584439
2025-04-04 00:00:00+00:00,0.1472,0.169899,0.1416,0.1613,590235
2025-04-07 00:00:00+00:00,0.1412,0.1466,0.13,0.13,1148289
2025-04-08 00:00:00+00:00,0.1349,0.1532,0.1345,0.1532,463300
2025-04-09 00:00:00+00:00,0.146,0.1489,0.1255,0.1325,942889
2025-04-10 00:00:00+00:00,0.1501,0.1574,0.136,0.144,697908
2025-04-11 00:00:00+00:00,0.157,0.159,0.1449,0.159,416597
2025-04-14 00:00:00+00:00,0.1594,0.1652,0.1533,0.1652,236247
2025-04-15 00:00:00+00:00,0.1568,0.166452,0.151,0.1566,248630
2025-04-16 00:00:00+00:00,0.142,0.15745,0.1303,0.155,967708
2025-04-17 00:00:00+00:00,0.155,0.159899,0.1401,0.1419,438130
2025-04-21 00:00:00+00:00,0.1432,0.16,0.1372,0.1584,355859
2025-04-22 00:00:00+00:00,0.176,0.1788,0.1481,0.15,2107245
2025-04-23 00:00:00+00:00,0.2048,0.2088,0.1636,0.1766,1930135
2025-04-24 00:00:00+00:00,0.2369,0.2369,0.198,0.207,2217887
2025-04-25 00:00:00+00:00,0.2946,0.3037,0.24,0.2479,2589900
2025-04-28 00:00:00+00:00,0.2866,0.3185,0.2688,0.31,1737076
2025-04-29 00:00:00+00:00,0.2694,0.2845,0.2506,0.28,461258
2025-04-30 00:00:00+00:00,0.236,0.27,0.236,0.27,457404
2025-05-01 00:00:00+00:00,0.2655,0.2765,0.233,0.233,761979
2025-05-02 00:00:00+00:00,0.28,0.29,0.2667,0.2764,898675
2025-05-05 00:00:00+00:00,0.33,0.38,0.2563,0.28,2321318
2025-05-06 00:00:00+00:00,0.3821,0.3999,0.295,0.3345,2725132
2025-05-07 00:00:00+00:00,0.38,0.435,0.363,0.39,2421786
2025-05-08 00:00:00+00:00,0.4078,0.429,0.331,0.385,2611724
2025-05-09 00:00:00+00:00,0.52,0.5297,0.392,0.4293,4388185
