date,Open,High,Low,Close,Volume
2025-01-06 14:30:00+00:00,14.955,15.11,14.895,14.985,7437.0
2025-01-06 14:45:00+00:00,15.01,15.105,14.98,15.06,6806.0
2025-01-06 15:00:00+00:00,15.075,15.17,15.075,15.14,5950.0
2025-01-06 15:15:00+00:00,15.14,15.16,15.065,15.095,1278.0
2025-01-06 15:30:00+00:00,15.095,15.125,15.085,15.11,1747.0
2025-01-06 15:45:00+00:00,15.11,15.14,14.99,15.01,14512.0
2025-01-06 16:00:00+00:00,15.01,15.02,14.95,14.985,4209.0
2025-01-06 16:15:00+00:00,14.985,15.05,14.98,14.995,3866.0
2025-01-06 16:30:00+00:00,14.995,15.025,14.95,14.96,4129.0
2025-01-06 16:45:00+00:00,14.955,14.96,14.93,14.95,6143.0
2025-01-06 17:00:00+00:00,14.945,14.965,14.9,14.92,4720.0
2025-01-06 17:15:00+00:00,14.915,14.985,14.91,14.97,3125.0
2025-01-06 17:30:00+00:00,14.965,14.98,14.945,14.975,6775.0
2025-01-06 17:45:00+00:00,14.98,15.0,14.955,14.97,4459.0
2025-01-06 18:00:00+00:00,14.97,14.97,14.88,14.945,1535.0
2025-01-06 18:15:00+00:00,14.945,14.96,14.92,14.925,1536.0
2025-01-06 18:30:00+00:00,14.925,14.93,14.9,14.91,3232.0
2025-01-06 18:45:00+00:00,14.905,14.93,14.9,14.915,2436.0
2025-01-06 19:00:00+00:00,14.915,14.92,14.89,14.91,2394.0
2025-01-06 19:15:00+00:00,14.905,14.91,14.885,14.895,1408.0
2025-01-06 19:30:00+00:00,14.895,14.905,14.86,14.885,1852.0
2025-01-06 19:45:00+00:00,14.885,14.89,14.86,14.865,3234.0
2025-01-06 20:00:00+00:00,14.865,14.915,14.845,14.905,6379.0
2025-01-06 20:15:00+00:00,14.905,14.945,14.9,14.945,2840.0
2025-01-06 20:30:00+00:00,14.945,14.945,14.88,14.88,6469.0
2025-01-06 20:45:00+00:00,14.885,14.945,14.875,14.915,30979.0
2025-01-07 14:30:00+00:00,14.915,14.98,14.86,14.895,1473.0
2025-01-07 14:45:00+00:00,14.9,14.925,14.85,14.86,4355.0
2025-01-07 15:00:00+00:00,14.83,14.835,14.72,14.745,3966.0
2025-01-07 15:15:00+00:00,14.75,14.82,14.72,14.82,2494.0
2025-01-07 15:30:00+00:00,14.82,14.83,14.73,14.75,2539.0
2025-01-07 15:45:00+00:00,14.75,14.84,14.73,14.835,1756.0
2025-01-07 16:00:00+00:00,14.835,14.855,14.76,14.78,2716.0
2025-01-07 16:15:00+00:00,14.78,14.795,14.73,14.75,2367.0
2025-01-07 16:30:00+00:00,14.765,14.765,14.7,14.72,1042.0
2025-01-07 16:45:00+00:00,14.72,14.74,14.68,14.68,1425.0
2025-01-07 17:00:00+00:00,14.69,14.735,14.68,14.735,2181.0
2025-01-07 17:15:00+00:00,14.735,14.76,14.695,14.715,1469.0
2025-01-07 17:30:00+00:00,14.715,14.74,14.695,14.7,1310.0
2025-01-07 17:45:00+00:00,14.705,14.72,14.675,14.69,3501.0
2025-01-07 18:00:00+00:00,14.695,14.76,14.69,14.745,4456.0
2025-01-07 18:15:00+00:00,14.745,14.83,14.74,14.785,2938.0
2025-01-07 18:30:00+00:00,14.785,14.795,14.76,14.775,2036.0
2025-01-07 18:45:00+00:00,14.78,14.81,14.775,14.805,1584.0
2025-01-07 19:00:00+00:00,14.805,14.83,14.78,14.815,4099.0
2025-01-07 19:15:00+00:00,14.815,14.815,14.77,14.805,1051.0
2025-01-07 19:30:00+00:00,14.805,14.81,14.77,14.805,2415.0
2025-01-07 19:45:00+00:00,14.805,14.805,14.77,14.79,1795.0
2025-01-07 20:00:00+00:00,14.785,14.79,14.695,14.7,2325.0
2025-01-07 20:15:00+00:00,14.7,14.71,14.675,14.71,1877.0
2025-01-07 20:30:00+00:00,14.705,14.725,14.68,14.715,2102.0
2025-01-07 20:45:00+00:00,14.715,14.775,14.705,14.755,10331.0
2025-01-08 14:30:00+00:00,14.625,14.655,14.57,14.6,1956.0
2025-01-08 14:45:00+00:00,14.6,14.6,14.515,14.545,2779.0
2025-01-08 15:00:00+00:00,14.55,14.63,14.535,14.565,3092.0
2025-01-08 15:15:00+00:00,14.565,14.58,14.54,14.56,1637.0
2025-01-08 15:30:00+00:00,14.555,14.62,14.55,14.59,4246.0
2025-01-08 15:45:00+00:00,14.59,14.68,14.58,14.675,2064.0
2025-01-08 16:00:00+00:00,14.675,14.7,14.635,14.64,1884.0
2025-01-08 16:15:00+00:00,14.64,14.66,14.61,14.615,3212.0
2025-01-08 16:30:00+00:00,14.61,14.65,14.56,14.645,2203.0
2025-01-08 16:45:00+00:00,14.645,14.65,14.595,14.6,2578.0
2025-01-08 17:00:00+00:00,14.605,14.615,14.435,14.44,6688.0
2025-01-08 17:15:00+00:00,14.445,14.5,14.44,14.475,5844.0
2025-01-08 17:30:00+00:00,14.475,14.48,14.43,14.475,2457.0
2025-01-08 17:45:00+00:00,14.47,14.505,14.455,14.495,1833.0
2025-01-08 18:00:00+00:00,14.49,14.545,14.48,14.535,1469.0
2025-01-08 18:15:00+00:00,14.535,14.58,14.5,14.54,3811.0
2025-01-08 18:30:00+00:00,14.54,14.545,14.52,14.54,1843.0
2025-01-08 18:45:00+00:00,14.535,14.535,14.46,14.475,2642.0
2025-01-08 19:00:00+00:00,14.47,14.53,14.455,14.5,2188.0
2025-01-08 19:15:00+00:00,14.5,14.55,14.5,14.53,720.0
2025-01-08 19:30:00+00:00,14.535,14.54,14.51,14.525,2689.0
2025-01-08 19:45:00+00:00,14.525,14.56,14.52,14.525,1498.0
2025-01-08 20:00:00+00:00,14.525,14.55,14.5,14.525,4445.0
2025-01-08 20:15:00+00:00,14.52,14.55,14.49,14.54,3781.0
2025-01-08 20:30:00+00:00,14.535,14.55,14.5,14.545,3612.0
2025-01-08 20:45:00+00:00,14.545,14.555,14.5,14.51,9867.0
2025-01-09 14:30:00+00:00,14.51,14.51,14.51,14.51,0.0
2025-01-09 14:45:00+00:00,14.51,14.51,14.51,14.51,0.0
2025-01-09 15:00:00+00:00,14.51,14.51,14.51,14.51,0.0
2025-01-09 15:15:00+00:00,14.51,14.51,14.51,14.51,0.0
2025-01-09 15:30:00+00:00,14.51,14.51,14.51,14.51,0.0
2025-01-09 15:45:00+00:00,14.51,14.51,14.51,14.51,0.0
2025-01-09 16:00:00+00:00,14.51,14.51,14.51,14.51,0.0
2025-01-09 16:15:00+00:00,14.51,14.51,14.51,14.51,0.0
2025-01-09 16:30:00+00:00,14.51,14.51,14.51,14.51,0.0
2025-01-09 16:45:00+00:00,14.51,14.51,14.51,14.51,0.0
2025-01-09 17:00:00+00:00,14.51,14.51,14.51,14.51,0.0
2025-01-09 17:15:00+00:00,14.51,14.51,14.51,14.51,0.0
2025-01-09 17:30:00+00:00,14.51,14.51,14.51,14.51,0.0
2025-01-09 17:45:00+00:00,14.51,14.51,14.51,14.51,0.0
2025-01-09 18:00:00+00:00,14.51,14.51,14.51,14.51,0.0
2025-01-09 18:15:00+00:00,14.51,14.51,14.51,14.51,0.0
2025-01-09 18:30:00+00:00,14.51,14.51,14.51,14.51,0.0
2025-01-09 18:45:00+00:00,14.51,14.51,14.51,14.51,0.0
2025-01-09 19:00:00+00:00,14.51,14.51,14.51,14.51,0.0
2025-01-09 19:15:00+00:00,14.51,14.51,14.51,14.51,0.0
2025-01-09 19:30:00+00:00,14.51,14.51,14.51,14.51,0.0
2025-01-09 19:45:00+00:00,14.51,14.51,14.51,14.51,0.0
2025-01-09 20:00:00+00:00,14.51,14.51,14.51,14.51,0.0
2025-01-09 20:15:00+00:00,14.51,14.51,14.51,14.51,0.0
2025-01-09 20:30:00+00:00,14.51,14.51,14.51,14.51,0.0
2025-01-09 20:45:00+00:00,14.51,14.51,14.51,14.51,0.0
2025-01-10 14:30:00+00:00,14.51,14.51,14.27,14.32,1589.0
2025-01-10 14:45:00+00:00,14.32,14.37,14.3,14.365,1771.0
2025-01-10 15:00:00+00:00,14.35,14.35,14.24,14.265,1681.0
2025-01-10 15:15:00+00:00,14.265,14.37,14.265,14.36,2308.0
2025-01-10 15:30:00+00:00,14.365,14.38,14.295,14.295,1513.0
2025-01-10 15:45:00+00:00,14.295,14.33,14.29,14.325,2155.0
2025-01-10 16:00:00+00:00,14.325,14.325,14.275,14.29,1122.0
2025-01-10 16:15:00+00:00,14.295,14.35,14.29,14.34,2142.0
2025-01-10 16:30:00+00:00,14.345,14.35,14.315,14.35,1396.0
2025-01-10 16:45:00+00:00,14.345,14.35,14.29,14.3,1867.0
2025-01-10 17:00:00+00:00,14.295,14.3,14.275,14.28,1174.0
2025-01-10 17:15:00+00:00,14.28,14.32,14.255,14.31,1193.0
2025-01-10 17:30:00+00:00,14.31,14.33,14.3,14.325,919.0
2025-01-10 17:45:00+00:00,14.325,14.35,14.32,14.345,3695.0
2025-01-10 18:00:00+00:00,14.345,14.345,14.29,14.295,1378.0
2025-01-10 18:15:00+00:00,14.295,14.35,14.29,14.325,2745.0
2025-01-10 18:30:00+00:00,14.325,14.345,14.305,14.32,1512.0
2025-01-10 18:45:00+00:00,14.325,14.37,14.315,14.365,2586.0
2025-01-10 19:00:00+00:00,14.37,14.4,14.34,14.375,1845.0
2025-01-10 19:15:00+00:00,14.375,14.395,14.365,14.395,857.0
2025-01-10 19:30:00+00:00,14.395,14.425,14.37,14.415,2515.0
2025-01-10 19:45:00+00:00,14.415,14.435,14.405,14.425,1419.0
2025-01-10 20:00:00+00:00,14.425,14.43,14.385,14.385,1410.0
2025-01-10 20:15:00+00:00,14.385,14.42,14.355,14.4,2035.0
2025-01-10 20:30:00+00:00,14.395,14.405,14.38,14.39,3177.0
2025-01-10 20:45:00+00:00,14.39,14.395,14.33,14.375,19214.0
2025-01-13 14:30:00+00:00,14.375,14.375,14.375,14.375,0.0
2025-01-13 14:45:00+00:00,14.375,14.375,14.375,14.375,0.0
2025-01-13 15:00:00+00:00,14.375,14.375,14.375,14.375,0.0
2025-01-13 15:15:00+00:00,14.375,14.375,14.375,14.375,0.0
2025-01-13 15:30:00+00:00,14.375,14.375,14.375,14.375,0.0
2025-01-13 15:45:00+00:00,14.375,14.375,14.375,14.375,0.0
2025-01-13 16:00:00+00:00,14.375,14.375,14.375,14.375,0.0
2025-01-13 16:15:00+00:00,14.375,14.375,14.275,14.285,505.0
2025-01-13 16:30:00+00:00,14.285,14.29,14.27,14.275,2559.0
2025-01-13 16:45:00+00:00,14.275,14.275,14.25,14.25,2701.0
2025-01-13 17:00:00+00:00,14.25,14.29,14.245,14.275,3324.0
2025-01-13 17:15:00+00:00,14.275,14.295,14.26,14.265,3220.0
2025-01-13 17:30:00+00:00,14.265,14.265,14.23,14.24,2186.0
2025-01-13 17:45:00+00:00,14.245,14.25,14.22,14.225,4420.0
2025-01-13 18:00:00+00:00,14.225,14.235,14.215,14.215,2830.0
2025-01-13 18:15:00+00:00,14.215,14.22,14.205,14.22,2557.0
2025-01-13 18:30:00+00:00,14.22,14.23,14.2,14.2,8376.0
2025-01-13 18:45:00+00:00,14.205,14.29,14.2,14.235,4597.0
2025-01-13 19:00:00+00:00,14.235,14.27,14.23,14.245,4174.0
2025-01-13 19:15:00+00:00,14.245,14.265,14.23,14.255,4497.0
2025-01-13 19:30:00+00:00,14.255,14.285,14.24,14.26,6012.0
2025-01-13 19:45:00+00:00,14.26,14.31,14.24,14.295,8641.0
2025-01-13 20:00:00+00:00,14.28,14.3,14.27,14.27,4246.0
2025-01-13 20:15:00+00:00,14.275,14.28,14.25,14.265,1865.0
2025-01-13 20:30:00+00:00,14.265,14.29,14.255,14.285,3188.0
2025-01-13 20:45:00+00:00,14.28,14.305,14.25,14.3,13603.0
2025-01-14 14:30:00+00:00,14.3,14.475,14.3,14.37,4179.0
2025-01-14 14:45:00+00:00,14.37,14.405,14.315,14.33,8785.0
2025-01-14 15:00:00+00:00,14.34,14.48,14.33,14.465,12779.0
2025-01-14 15:15:00+00:00,14.465,14.545,14.45,14.505,4716.0
2025-01-14 15:30:00+00:00,14.505,14.565,14.5,14.565,2882.0
2025-01-14 15:45:00+00:00,14.555,14.565,14.505,14.505,689.0
2025-01-14 16:00:00+00:00,14.505,14.505,14.42,14.425,2060.0
2025-01-14 16:15:00+00:00,14.425,14.435,14.395,14.405,1787.0
2025-01-14 16:30:00+00:00,14.405,14.41,14.38,14.385,222.0
2025-01-14 16:45:00+00:00,14.385,14.395,14.35,14.355,1710.0
2025-01-14 17:00:00+00:00,14.355,14.395,14.355,14.375,1047.0
2025-01-14 17:15:00+00:00,14.375,14.405,14.365,14.395,1302.0
2025-01-14 17:30:00+00:00,14.395,14.395,14.37,14.39,3542.0
2025-01-14 17:45:00+00:00,14.385,14.42,14.385,14.405,2018.0
2025-01-14 18:00:00+00:00,14.405,14.475,14.39,14.405,1612.0
2025-01-14 18:15:00+00:00,14.41,14.45,14.395,14.445,5430.0
2025-01-14 18:30:00+00:00,14.445,14.455,14.43,14.435,12248.0
2025-01-14 18:45:00+00:00,14.435,14.51,14.425,14.49,7393.0
2025-01-14 19:00:00+00:00,14.49,14.49,14.44,14.455,3794.0
2025-01-14 19:15:00+00:00,14.455,14.46,14.44,14.44,2284.0
2025-01-14 19:30:00+00:00,14.44,14.46,14.44,14.445,5191.0
2025-01-14 19:45:00+00:00,14.445,14.46,14.43,14.43,11167.0
2025-01-14 20:00:00+00:00,14.435,14.435,14.385,14.385,2104.0
2025-01-14 20:15:00+00:00,14.385,14.43,14.385,14.41,2008.0
2025-01-14 20:30:00+00:00,14.415,14.44,14.41,14.42,3761.0
2025-01-14 20:45:00+00:00,14.425,14.45,14.405,14.43,43509.0
2025-01-15 14:30:00+00:00,14.43,14.9,14.43,14.73,6158.0
2025-01-15 14:45:00+00:00,14.74,14.9,14.725,14.88,4193.0
2025-01-15 15:00:00+00:00,14.89,14.91,14.83,14.89,4706.0
2025-01-15 15:15:00+00:00,14.89,14.92,14.84,14.875,4085.0
2025-01-15 15:30:00+00:00,14.875,14.89,14.815,14.825,5857.0
2025-01-15 15:45:00+00:00,14.825,14.845,14.785,14.8,4065.0
2025-01-15 16:00:00+00:00,14.8,14.84,14.79,14.83,4612.0
2025-01-15 16:15:00+00:00,14.835,14.84,14.805,14.81,1994.0
2025-01-15 16:30:00+00:00,14.81,14.81,14.74,14.755,2889.0
2025-01-15 16:45:00+00:00,14.755,14.77,14.735,14.74,2171.0
2025-01-15 17:00:00+00:00,14.745,14.805,14.74,14.775,1270.0
2025-01-15 17:15:00+00:00,14.775,14.79,14.76,14.775,2976.0
2025-01-15 17:30:00+00:00,14.775,14.79,14.77,14.78,1614.0
2025-01-15 17:45:00+00:00,14.78,14.785,14.74,14.745,1350.0
2025-01-15 18:00:00+00:00,14.745,14.76,14.73,14.745,2256.0
2025-01-15 18:15:00+00:00,14.745,14.8,14.745,14.8,3710.0
2025-01-15 18:30:00+00:00,14.795,14.8,14.77,14.77,1881.0
2025-01-15 18:45:00+00:00,14.77,14.79,14.76,14.765,2025.0
2025-01-15 19:00:00+00:00,14.765,14.86,14.765,14.85,2130.0
2025-01-15 19:15:00+00:00,14.845,14.89,14.835,14.85,4374.0
2025-01-15 19:30:00+00:00,14.845,14.89,14.845,14.86,6121.0
2025-01-15 19:45:00+00:00,14.855,14.9,14.84,14.86,6429.0
2025-01-15 20:00:00+00:00,14.86,14.915,14.86,14.905,1891.0
2025-01-15 20:15:00+00:00,14.905,14.95,14.9,14.945,2686.0
2025-01-15 20:30:00+00:00,14.945,14.955,14.88,14.895,4779.0
2025-01-15 20:45:00+00:00,14.895,14.91,14.86,14.865,9298.0
2025-01-16 14:30:00+00:00,14.8,14.85,14.68,14.68,1175.0
2025-01-16 14:45:00+00:00,14.68,14.74,14.63,14.635,1493.0
2025-01-16 15:00:00+00:00,14.64,14.66,14.59,14.615,1402.0
2025-01-16 15:15:00+00:00,14.615,14.655,14.58,14.61,1262.0
2025-01-16 15:30:00+00:00,14.61,14.67,14.61,14.67,844.0
2025-01-16 15:45:00+00:00,14.67,14.765,14.66,14.765,2927.0
2025-01-16 16:00:00+00:00,14.765,14.84,14.765,14.795,1837.0
2025-01-16 16:15:00+00:00,14.795,14.84,14.78,14.835,1231.0
2025-01-16 16:30:00+00:00,14.835,14.845,14.82,14.825,933.0
2025-01-16 16:45:00+00:00,14.825,14.85,14.82,14.825,2686.0
2025-01-16 17:00:00+00:00,14.825,14.85,14.815,14.84,1363.0
2025-01-16 17:15:00+00:00,14.845,14.855,14.84,14.845,2140.0
2025-01-16 17:30:00+00:00,14.84,14.85,14.82,14.825,1478.0
2025-01-16 17:45:00+00:00,14.83,14.87,14.825,14.86,2366.0
2025-01-16 18:00:00+00:00,14.855,14.855,14.83,14.835,1791.0
2025-01-16 18:15:00+00:00,14.835,14.85,14.83,14.83,1736.0
2025-01-16 18:30:00+00:00,14.835,14.88,14.82,14.875,2476.0
2025-01-16 18:45:00+00:00,14.875,14.88,14.84,14.84,2472.0
2025-01-16 19:00:00+00:00,14.845,14.865,14.84,14.86,1005.0
2025-01-16 19:15:00+00:00,14.865,14.885,14.85,14.86,1194.0
2025-01-16 19:30:00+00:00,14.865,14.865,14.845,14.86,2145.0
2025-01-16 19:45:00+00:00,14.855,14.9,14.85,14.87,2092.0
2025-01-16 20:00:00+00:00,14.875,14.895,14.875,14.885,1693.0
2025-01-16 20:15:00+00:00,14.885,14.915,14.88,14.89,3848.0
2025-01-16 20:30:00+00:00,14.895,14.935,14.895,14.925,3702.0
2025-01-16 20:45:00+00:00,14.925,15.01,14.925,14.94,15771.0
2025-01-17 14:30:00+00:00,14.94,15.205,14.94,15.155,1096.0
2025-01-17 14:45:00+00:00,15.155,15.205,15.13,15.15,1555.0
2025-01-17 15:00:00+00:00,15.17,15.225,15.14,15.205,1307.0
2025-01-17 15:15:00+00:00,15.205,15.21,15.145,15.195,1285.0
2025-01-17 15:30:00+00:00,15.195,15.195,15.14,15.17,1910.0
2025-01-17 15:45:00+00:00,15.17,15.17,15.06,15.075,2234.0
2025-01-17 16:00:00+00:00,15.075,15.11,15.055,15.07,1763.0
2025-01-17 16:15:00+00:00,15.075,15.105,15.065,15.085,304.0
2025-01-17 16:30:00+00:00,15.085,15.115,15.085,15.105,454.0
2025-01-17 16:45:00+00:00,15.105,15.11,15.085,15.1,443.0
2025-01-17 17:00:00+00:00,15.095,15.1,15.07,15.095,893.0
2025-01-17 17:15:00+00:00,15.095,15.11,15.09,15.1,859.0
2025-01-17 17:30:00+00:00,15.105,15.115,15.085,15.095,769.0
2025-01-17 17:45:00+00:00,15.095,15.1,15.08,15.095,891.0
2025-01-17 18:00:00+00:00,15.095,15.11,15.08,15.095,1240.0
2025-01-17 18:15:00+00:00,15.095,15.13,15.09,15.105,889.0
2025-01-17 18:30:00+00:00,15.105,15.13,15.09,15.105,919.0
2025-01-17 18:45:00+00:00,15.105,15.11,15.075,15.095,925.0
2025-01-17 19:00:00+00:00,15.095,15.1,15.07,15.085,717.0
2025-01-17 19:15:00+00:00,15.085,15.095,15.065,15.075,1227.0
2025-01-17 19:30:00+00:00,15.075,15.09,15.065,15.09,713.0
2025-01-17 19:45:00+00:00,15.09,15.09,15.06,15.07,861.0
2025-01-17 20:00:00+00:00,15.065,15.07,15.03,15.065,1901.0
2025-01-17 20:15:00+00:00,15.065,15.08,15.05,15.075,1298.0
2025-01-17 20:30:00+00:00,15.075,15.095,15.05,15.07,2542.0
2025-01-17 20:45:00+00:00,15.075,15.11,15.065,15.09,8287.0
2025-01-20 14:30:00+00:00,15.09,15.09,15.09,15.09,0.0
2025-01-20 14:45:00+00:00,15.09,15.09,15.09,15.09,0.0
2025-01-20 15:00:00+00:00,15.09,15.09,15.09,15.09,0.0
2025-01-20 15:15:00+00:00,15.09,15.09,15.09,15.09,0.0
2025-01-20 15:30:00+00:00,15.09,15.09,15.09,15.09,0.0
2025-01-20 15:45:00+00:00,15.09,15.09,15.09,15.09,0.0
2025-01-20 16:00:00+00:00,15.09,15.09,15.09,15.09,0.0
2025-01-20 16:15:00+00:00,15.09,15.09,15.09,15.09,0.0
2025-01-20 16:30:00+00:00,15.09,15.09,15.09,15.09,0.0
2025-01-20 16:45:00+00:00,15.09,15.09,15.09,15.09,0.0
2025-01-20 17:00:00+00:00,15.09,15.09,15.09,15.09,0.0
2025-01-20 17:15:00+00:00,15.09,15.09,15.09,15.09,0.0
2025-01-20 17:30:00+00:00,15.09,15.09,15.09,15.09,0.0
2025-01-20 17:45:00+00:00,15.09,15.09,15.09,15.09,0.0
2025-01-20 18:00:00+00:00,15.09,15.09,15.09,15.09,0.0
2025-01-20 18:15:00+00:00,15.09,15.09,15.09,15.09,0.0
2025-01-20 18:30:00+00:00,15.09,15.09,15.09,15.09,0.0
2025-01-20 18:45:00+00:00,15.09,15.09,15.09,15.09,0.0
2025-01-20 19:00:00+00:00,15.09,15.09,15.09,15.09,0.0
2025-01-20 19:15:00+00:00,15.09,15.09,15.09,15.09,0.0
2025-01-20 19:30:00+00:00,15.09,15.09,15.09,15.09,0.0
2025-01-20 19:45:00+00:00,15.09,15.09,15.09,15.09,0.0
2025-01-20 20:00:00+00:00,15.09,15.09,15.09,15.09,0.0
2025-01-20 20:15:00+00:00,15.09,15.09,15.09,15.09,0.0
2025-01-20 20:30:00+00:00,15.09,15.09,15.09,15.09,0.0
2025-01-20 20:45:00+00:00,15.09,15.09,15.09,15.09,0.0
2025-01-21 14:30:00+00:00,15.09,15.36,15.09,15.35,2485.0
2025-01-21 14:45:00+00:00,15.335,15.37,15.285,15.285,1515.0
2025-01-21 15:00:00+00:00,15.3,15.325,15.225,15.255,1444.0
2025-01-21 15:15:00+00:00,15.255,15.3,15.255,15.28,1550.0
2025-01-21 15:30:00+00:00,15.28,15.325,15.26,15.31,2222.0
2025-01-21 15:45:00+00:00,15.31,15.335,15.275,15.315,724.0
2025-01-21 16:00:00+00:00,15.315,15.325,15.27,15.285,987.0
2025-01-21 16:15:00+00:00,15.285,15.295,15.245,15.27,4232.0
2025-01-21 16:30:00+00:00,15.265,15.27,15.195,15.195,1483.0
2025-01-21 16:45:00+00:00,15.195,15.205,15.14,15.155,3686.0
2025-01-21 17:00:00+00:00,15.145,15.22,15.14,15.205,2371.0
2025-01-21 17:15:00+00:00,15.21,15.255,15.195,15.245,2784.0
2025-01-21 17:30:00+00:00,15.245,15.29,15.245,15.27,2218.0
2025-01-21 17:45:00+00:00,15.265,15.31,15.245,15.275,3110.0
2025-01-21 18:00:00+00:00,15.275,15.315,15.265,15.295,11532.0
2025-01-21 18:15:00+00:00,15.295,15.345,15.29,15.315,5899.0
2025-01-21 18:30:00+00:00,15.315,15.335,15.28,15.29,1875.0
2025-01-21 18:45:00+00:00,15.285,15.305,15.27,15.27,1216.0
2025-01-21 19:00:00+00:00,15.27,15.3,15.24,15.28,2372.0
2025-01-21 19:15:00+00:00,15.285,15.305,15.245,15.29,3240.0
2025-01-21 19:30:00+00:00,15.28,15.28,15.26,15.265,1658.0
2025-01-21 19:45:00+00:00,15.265,15.265,15.24,15.26,1581.0
2025-01-21 20:00:00+00:00,15.255,15.255,15.21,15.215,2972.0
2025-01-21 20:15:00+00:00,15.215,15.23,15.21,15.22,3718.0
2025-01-21 20:30:00+00:00,15.215,15.225,15.2,15.22,2890.0
2025-01-21 20:45:00+00:00,15.21,15.26,15.19,15.22,11986.0
2025-01-22 14:30:00+00:00,15.22,15.24,15.17,15.205,550.0
2025-01-22 14:45:00+00:00,15.2,15.24,15.16,15.16,1384.0
2025-01-22 15:00:00+00:00,15.16,15.2,15.145,15.15,1054.0
2025-01-22 15:15:00+00:00,15.15,15.185,15.15,15.165,1008.0
2025-01-22 15:30:00+00:00,15.165,15.215,15.135,15.15,1735.0
2025-01-22 15:45:00+00:00,15.15,15.17,15.14,15.15,3497.0
2025-01-22 16:00:00+00:00,15.15,15.165,15.12,15.15,2517.0
2025-01-22 16:15:00+00:00,15.155,15.21,15.13,15.205,991.0
2025-01-22 16:30:00+00:00,15.21,15.215,15.19,15.19,1801.0
2025-01-22 16:45:00+00:00,15.195,15.205,15.18,15.18,2570.0
2025-01-22 17:00:00+00:00,15.18,15.19,15.16,15.17,4307.0
2025-01-22 17:15:00+00:00,15.165,15.18,15.14,15.145,2502.0
2025-01-22 17:30:00+00:00,15.14,15.16,15.13,15.155,2310.0
2025-01-22 17:45:00+00:00,15.155,15.155,15.115,15.125,1762.0
2025-01-22 18:00:00+00:00,15.125,15.16,15.11,15.155,1728.0
2025-01-22 18:15:00+00:00,15.155,15.17,15.155,15.17,2782.0
2025-01-22 18:30:00+00:00,15.165,15.21,15.165,15.2,2013.0
2025-01-22 18:45:00+00:00,15.195,15.2,15.175,15.185,1144.0
2025-01-22 19:00:00+00:00,15.185,15.185,15.165,15.175,1712.0
2025-01-22 19:15:00+00:00,15.175,15.19,15.17,15.175,1912.0
2025-01-22 19:30:00+00:00,15.175,15.18,15.15,15.165,1864.0
2025-01-22 19:45:00+00:00,15.165,15.19,15.165,15.18,1497.0
2025-01-22 20:00:00+00:00,15.175,15.175,15.15,15.17,2228.0
2025-01-22 20:15:00+00:00,15.17,15.175,15.16,15.17,2479.0
2025-01-22 20:30:00+00:00,15.165,15.185,15.155,15.16,4395.0
2025-01-22 20:45:00+00:00,15.16,15.165,15.11,15.16,7385.0
2025-01-23 14:30:00+00:00,15.16,15.175,15.1,15.125,933.0
2025-01-23 14:45:00+00:00,15.125,15.16,15.095,15.15,435.0
2025-01-23 15:00:00+00:00,15.15,15.165,15.12,15.16,1009.0
2025-01-23 15:15:00+00:00,15.16,15.205,15.155,15.18,666.0
2025-01-23 15:30:00+00:00,15.18,15.2,15.16,15.18,2127.0
2025-01-23 15:45:00+00:00,15.17,15.18,15.13,15.155,3154.0
2025-01-23 16:00:00+00:00,15.16,15.185,15.16,15.185,1679.0
2025-01-23 16:15:00+00:00,15.185,15.235,15.185,15.2,972.0
2025-01-23 16:30:00+00:00,15.2,15.21,15.18,15.19,2220.0
2025-01-23 16:45:00+00:00,15.19,15.205,15.18,15.2,266.0
2025-01-23 17:00:00+00:00,15.2,15.25,15.185,15.235,1681.0
2025-01-23 17:15:00+00:00,15.235,15.245,15.23,15.235,1427.0
2025-01-23 17:30:00+00:00,15.235,15.26,15.23,15.245,1562.0
2025-01-23 17:45:00+00:00,15.245,15.265,15.24,15.245,2820.0
2025-01-23 18:00:00+00:00,15.245,15.255,15.24,15.25,3029.0
2025-01-23 18:15:00+00:00,15.25,15.25,15.225,15.225,869.0
2025-01-23 18:30:00+00:00,15.23,15.23,15.22,15.225,729.0
2025-01-23 18:45:00+00:00,15.22,15.24,15.22,15.225,2502.0
2025-01-23 19:00:00+00:00,15.225,15.25,15.225,15.245,931.0
2025-01-23 19:15:00+00:00,15.25,15.26,15.245,15.25,1367.0
2025-01-23 19:30:00+00:00,15.255,15.26,15.24,15.245,1302.0
2025-01-23 19:45:00+00:00,15.245,15.25,15.225,15.23,2884.0
2025-01-23 20:00:00+00:00,15.225,15.245,15.225,15.245,2551.0
2025-01-23 20:15:00+00:00,15.245,15.245,15.185,15.19,2627.0
2025-01-23 20:30:00+00:00,15.19,15.21,15.175,15.185,3097.0
2025-01-23 20:45:00+00:00,15.185,15.22,15.16,15.17,10852.0
2025-01-24 14:30:00+00:00,15.17,15.28,15.17,15.21,441.0
2025-01-24 14:45:00+00:00,15.21,15.21,15.13,15.14,794.0
2025-01-24 15:00:00+00:00,15.14,15.195,15.075,15.09,8803.0
2025-01-24 15:15:00+00:00,15.085,15.105,15.06,15.095,2890.0
2025-01-24 15:30:00+00:00,15.09,15.13,15.07,15.115,3095.0
2025-01-24 15:45:00+00:00,15.115,15.175,15.115,15.175,1705.0
2025-01-24 16:00:00+00:00,15.17,15.22,15.165,15.195,1415.0
2025-01-24 16:15:00+00:00,15.195,15.24,15.185,15.235,1357.0
2025-01-24 16:30:00+00:00,15.235,15.26,15.205,15.21,1436.0
2025-01-24 16:45:00+00:00,15.215,15.23,15.2,15.21,2187.0
2025-01-24 17:00:00+00:00,15.21,15.235,15.21,15.215,4320.0
2025-01-24 17:15:00+00:00,15.215,15.25,15.21,15.225,3230.0
2025-01-24 17:30:00+00:00,15.225,15.25,15.225,15.245,953.0
2025-01-24 17:45:00+00:00,15.245,15.26,15.225,15.235,1164.0
2025-01-24 18:00:00+00:00,15.235,15.245,15.205,15.215,3845.0
2025-01-24 18:15:00+00:00,15.215,15.22,15.17,15.2,2572.0
2025-01-24 18:30:00+00:00,15.2,15.2,15.18,15.185,3816.0
2025-01-24 18:45:00+00:00,15.185,15.21,15.14,15.15,2127.0
2025-01-24 19:00:00+00:00,15.145,15.175,15.14,15.155,12254.0
2025-01-24 19:15:00+00:00,15.155,15.165,15.1,15.135,3784.0
2025-01-24 19:30:00+00:00,15.135,15.155,15.13,15.145,2403.0
2025-01-24 19:45:00+00:00,15.145,15.145,15.11,15.115,1950.0
2025-01-24 20:00:00+00:00,15.115,15.125,15.08,15.095,2244.0
2025-01-24 20:15:00+00:00,15.095,15.095,15.07,15.075,2074.0
2025-01-24 20:30:00+00:00,15.08,15.145,15.08,15.13,2172.0
2025-01-24 20:45:00+00:00,15.125,15.14,15.07,15.085,20511.0
2025-01-27 14:30:00+00:00,15.04,15.305,15.04,15.265,2005.0
2025-01-27 14:45:00+00:00,15.265,15.45,15.265,15.44,2682.0
2025-01-27 15:00:00+00:00,15.43,15.435,15.28,15.28,3661.0
2025-01-27 15:15:00+00:00,15.285,15.305,15.255,15.305,7621.0
2025-01-27 15:30:00+00:00,15.3,15.3,15.235,15.275,2978.0
2025-01-27 15:45:00+00:00,15.275,15.305,15.26,15.275,3414.0
2025-01-27 16:00:00+00:00,15.275,15.3,15.245,15.265,4317.0
2025-01-27 16:15:00+00:00,15.265,15.32,15.265,15.3,12121.0
2025-01-27 16:30:00+00:00,15.295,15.295,15.235,15.235,1172.0
2025-01-27 16:45:00+00:00,15.235,15.32,15.235,15.295,3476.0
2025-01-27 17:00:00+00:00,15.295,15.34,15.275,15.325,4856.0
2025-01-27 17:15:00+00:00,15.32,15.36,15.32,15.335,7628.0
2025-01-27 17:30:00+00:00,15.335,15.365,15.33,15.335,3213.0
2025-01-27 17:45:00+00:00,15.335,15.34,15.28,15.315,4931.0
2025-01-27 18:00:00+00:00,15.315,15.315,15.225,15.235,1689.0
2025-01-27 18:15:00+00:00,15.235,15.24,15.21,15.215,2200.0
2025-01-27 18:30:00+00:00,15.21,15.24,15.195,15.235,1796.0
2025-01-27 18:45:00+00:00,15.235,15.235,15.195,15.205,1783.0
2025-01-27 19:00:00+00:00,15.205,15.23,15.18,15.185,2736.0
2025-01-27 19:15:00+00:00,15.185,15.245,15.185,15.225,1513.0
2025-01-27 19:30:00+00:00,15.225,15.235,15.2,15.205,1989.0
2025-01-27 19:45:00+00:00,15.205,15.205,15.155,15.16,2174.0
2025-01-27 20:00:00+00:00,15.165,15.185,15.145,15.175,2223.0
2025-01-27 20:15:00+00:00,15.175,15.21,15.15,15.18,3426.0
2025-01-27 20:30:00+00:00,15.185,15.21,15.165,15.21,3844.0
2025-01-27 20:45:00+00:00,15.205,15.235,15.17,15.215,9942.0
2025-01-28 14:30:00+00:00,15.16,15.16,15.06,15.115,1152.0
2025-01-28 14:45:00+00:00,15.1,15.1,15.015,15.045,303.0
2025-01-28 15:00:00+00:00,15.045,15.08,14.98,14.99,739.0
2025-01-28 15:15:00+00:00,14.99,15.075,14.99,15.065,1195.0
2025-01-28 15:30:00+00:00,15.055,15.105,15.05,15.075,1080.0
2025-01-28 15:45:00+00:00,15.075,15.14,15.075,15.12,728.0
2025-01-28 16:00:00+00:00,15.12,15.14,15.105,15.125,1389.0
2025-01-28 16:15:00+00:00,15.125,15.13,15.075,15.08,717.0
2025-01-28 16:30:00+00:00,15.08,15.09,15.045,15.08,1000.0
2025-01-28 16:45:00+00:00,15.08,15.08,15.02,15.055,519.0
2025-01-28 17:00:00+00:00,15.055,15.115,15.04,15.095,1983.0
2025-01-28 17:15:00+00:00,15.095,15.11,15.09,15.095,602.0
2025-01-28 17:30:00+00:00,15.095,15.125,15.095,15.125,1500.0
2025-01-28 17:45:00+00:00,15.125,15.145,15.1,15.105,1065.0
2025-01-28 18:00:00+00:00,15.11,15.145,15.105,15.135,990.0
2025-01-28 18:15:00+00:00,15.14,15.16,15.135,15.14,1246.0
2025-01-28 18:30:00+00:00,15.14,15.18,15.135,15.155,494.0
2025-01-28 18:45:00+00:00,15.15,15.16,15.13,15.15,1248.0
2025-01-28 19:00:00+00:00,15.15,15.16,15.14,15.145,983.0
2025-01-28 19:15:00+00:00,15.145,15.155,15.13,15.135,673.0
2025-01-28 19:30:00+00:00,15.135,15.175,15.12,15.175,1457.0
2025-01-28 19:45:00+00:00,15.175,15.19,15.16,15.18,2529.0
2025-01-28 20:00:00+00:00,15.185,15.195,15.13,15.135,2788.0
2025-01-28 20:15:00+00:00,15.135,15.17,15.12,15.16,2942.0
2025-01-28 20:30:00+00:00,15.16,15.16,15.12,15.135,1632.0
2025-01-28 20:45:00+00:00,15.135,15.19,15.11,15.115,11508.0
2025-01-29 14:30:00+00:00,15.115,15.115,15.025,15.035,140.0
2025-01-29 14:45:00+00:00,15.035,15.04,14.995,15.0,871.0
2025-01-29 15:00:00+00:00,15.01,15.07,14.995,15.025,2766.0
2025-01-29 15:15:00+00:00,15.025,15.03,14.94,14.955,2185.0
2025-01-29 15:30:00+00:00,14.955,14.96,14.915,14.93,948.0
2025-01-29 15:45:00+00:00,14.93,14.93,14.88,14.885,647.0
2025-01-29 16:00:00+00:00,14.885,14.895,14.87,14.88,886.0
2025-01-29 16:15:00+00:00,14.87,14.9,14.87,14.875,1329.0
2025-01-29 16:30:00+00:00,14.875,14.92,14.875,14.89,867.0
2025-01-29 16:45:00+00:00,14.895,14.92,14.88,14.895,1547.0
2025-01-29 17:00:00+00:00,14.895,14.94,14.885,14.91,766.0
2025-01-29 17:15:00+00:00,14.91,14.93,14.91,14.915,1090.0
2025-01-29 17:30:00+00:00,14.91,14.935,14.91,14.92,1802.0
2025-01-29 17:45:00+00:00,14.925,14.93,14.9,14.915,1828.0
2025-01-29 18:00:00+00:00,14.915,14.965,14.9,14.965,2598.0
2025-01-29 18:15:00+00:00,14.965,14.995,14.935,14.95,2072.0
2025-01-29 18:30:00+00:00,14.945,14.95,14.915,14.93,2344.0
2025-01-29 18:45:00+00:00,14.925,14.935,14.87,14.875,9005.0
2025-01-29 19:00:00+00:00,14.9,14.9,14.73,14.735,1077.0
2025-01-29 19:15:00+00:00,14.735,14.735,14.685,14.685,400.0
2025-01-29 19:30:00+00:00,14.685,14.825,14.685,14.795,772.0
2025-01-29 19:45:00+00:00,14.795,14.83,14.725,14.745,1784.0
2025-01-29 20:00:00+00:00,14.745,14.745,14.65,14.695,1214.0
2025-01-29 20:15:00+00:00,14.695,14.75,14.655,14.725,1109.0
2025-01-29 20:30:00+00:00,14.725,14.75,14.68,14.715,1422.0
2025-01-29 20:45:00+00:00,14.715,14.795,14.695,14.77,14939.0
2025-01-30 14:30:00+00:00,14.77,15.035,14.77,15.0,221.0
2025-01-30 14:45:00+00:00,15.0,15.05,14.96,15.04,1143.0
2025-01-30 15:00:00+00:00,15.05,15.06,14.995,15.05,632.0
2025-01-30 15:15:00+00:00,15.05,15.05,14.95,14.96,2490.0
2025-01-30 15:30:00+00:00,14.955,15.075,14.955,15.06,1108.0
2025-01-30 15:45:00+00:00,15.065,15.08,14.985,15.01,1419.0
2025-01-30 16:00:00+00:00,15.01,15.05,15.01,15.02,419.0
2025-01-30 16:15:00+00:00,15.025,15.09,15.01,15.085,953.0
2025-01-30 16:30:00+00:00,15.085,15.16,15.085,15.14,1587.0
2025-01-30 16:45:00+00:00,15.14,15.145,15.095,15.1,707.0
2025-01-30 17:00:00+00:00,15.095,15.11,15.015,15.02,249.0
2025-01-30 17:15:00+00:00,15.025,15.08,15.01,15.055,1367.0
2025-01-30 17:30:00+00:00,15.06,15.08,15.05,15.065,1088.0
2025-01-30 17:45:00+00:00,15.07,15.11,15.065,15.105,1228.0
2025-01-30 18:00:00+00:00,15.095,15.15,15.095,15.145,781.0
2025-01-30 18:15:00+00:00,15.145,15.18,15.14,15.17,4685.0
2025-01-30 18:30:00+00:00,15.165,15.22,15.165,15.215,1908.0
2025-01-30 18:45:00+00:00,15.215,15.25,15.215,15.235,675.0
2025-01-30 19:00:00+00:00,15.235,15.25,15.21,15.215,5151.0
2025-01-30 19:15:00+00:00,15.215,15.23,15.205,15.215,2990.0
2025-01-30 19:30:00+00:00,15.215,15.26,15.21,15.255,3101.0
2025-01-30 19:45:00+00:00,15.255,15.28,15.245,15.28,3534.0
2025-01-30 20:00:00+00:00,15.28,15.295,15.26,15.265,3794.0
2025-01-30 20:15:00+00:00,15.265,15.305,15.26,15.275,2728.0
2025-01-30 20:30:00+00:00,15.275,15.285,15.13,15.135,11048.0
2025-01-30 20:45:00+00:00,15.135,15.305,15.135,15.265,19011.0
2025-01-31 14:30:00+00:00,15.265,15.265,15.145,15.185,1109.0
2025-01-31 14:45:00+00:00,15.185,15.185,15.135,15.16,4657.0
2025-01-31 15:00:00+00:00,15.155,15.17,15.075,15.155,4166.0
2025-01-31 15:15:00+00:00,15.16,15.2,15.15,15.195,3616.0
2025-01-31 15:30:00+00:00,15.195,15.225,15.185,15.19,5102.0
2025-01-31 15:45:00+00:00,15.185,15.22,15.18,15.18,2292.0
2025-01-31 16:00:00+00:00,15.185,15.22,15.17,15.21,2878.0
2025-01-31 16:15:00+00:00,15.215,15.22,15.165,15.175,3311.0
2025-01-31 16:30:00+00:00,15.175,15.205,15.175,15.185,4401.0
2025-01-31 16:45:00+00:00,15.185,15.2,15.175,15.175,2446.0
2025-01-31 17:00:00+00:00,15.175,15.2,15.16,15.185,3454.0
2025-01-31 17:15:00+00:00,15.185,15.24,15.18,15.23,4634.0
2025-01-31 17:30:00+00:00,15.23,15.27,15.23,15.255,4063.0
2025-01-31 17:45:00+00:00,15.255,15.32,15.235,15.315,5799.0
2025-01-31 18:00:00+00:00,15.32,15.36,15.3,15.345,2458.0
2025-01-31 18:15:00+00:00,15.345,15.355,15.25,15.255,5678.0
2025-01-31 18:30:00+00:00,15.25,15.25,15.195,15.225,3121.0
2025-01-31 18:45:00+00:00,15.225,15.255,15.21,15.215,3249.0
2025-01-31 19:00:00+00:00,15.205,15.225,15.14,15.155,5491.0
2025-01-31 19:15:00+00:00,15.155,15.16,15.06,15.125,5140.0
2025-01-31 19:30:00+00:00,15.125,15.205,15.115,15.16,9128.0
2025-01-31 19:45:00+00:00,15.16,15.165,15.09,15.105,1843.0
2025-01-31 20:00:00+00:00,15.105,15.105,15.05,15.075,2739.0
2025-01-31 20:15:00+00:00,15.075,15.16,15.07,15.15,4496.0
2025-01-31 20:30:00+00:00,15.145,15.19,15.13,15.14,2347.0
2025-01-31 20:45:00+00:00,15.135,15.175,15.09,15.09,7179.0
2025-02-03 14:30:00+00:00,15.09,15.09,14.305,14.305,1326.0
2025-02-03 14:45:00+00:00,14.305,14.315,14.24,14.29,2247.0
2025-02-03 15:00:00+00:00,14.265,14.32,14.23,14.305,2828.0
2025-02-03 15:15:00+00:00,14.31,14.58,14.255,14.57,2085.0
2025-02-03 15:30:00+00:00,14.575,14.66,14.515,14.6,3102.0
2025-02-03 15:45:00+00:00,14.6,14.68,14.55,14.675,2079.0
2025-02-03 16:00:00+00:00,14.675,14.68,14.55,14.645,3255.0
2025-02-03 16:15:00+00:00,14.65,14.705,14.61,14.645,5566.0
2025-02-03 16:30:00+00:00,14.655,14.735,14.62,14.71,2575.0
2025-02-03 16:45:00+00:00,14.705,14.74,14.605,14.625,7939.0
2025-02-03 17:00:00+00:00,14.625,14.64,14.535,14.54,5917.0
2025-02-03 17:15:00+00:00,14.54,14.555,14.5,14.5,5270.0
2025-02-03 17:30:00+00:00,14.5,14.52,14.43,14.445,3022.0
2025-02-03 17:45:00+00:00,14.445,14.485,14.42,14.445,5791.0
2025-02-03 18:00:00+00:00,14.44,14.465,14.39,14.445,5182.0
2025-02-03 18:15:00+00:00,14.445,14.495,14.445,14.475,1907.0
2025-02-03 18:30:00+00:00,14.475,14.48,14.435,14.445,2389.0
2025-02-03 18:45:00+00:00,14.445,14.49,14.445,14.455,1601.0
2025-02-03 19:00:00+00:00,14.455,14.505,14.43,14.5,2116.0
2025-02-03 19:15:00+00:00,14.505,14.54,14.48,14.48,1782.0
2025-02-03 19:30:00+00:00,14.485,14.55,14.48,14.55,3871.0
2025-02-03 19:45:00+00:00,14.55,14.575,14.53,14.545,4222.0
2025-02-03 20:00:00+00:00,14.54,14.545,14.45,14.465,2048.0
2025-02-03 20:15:00+00:00,14.465,14.485,14.42,14.425,3099.0
2025-02-03 20:30:00+00:00,14.425,14.44,14.4,14.405,5413.0
2025-02-03 20:45:00+00:00,14.405,14.425,14.35,14.35,13988.0
2025-02-04 14:30:00+00:00,14.35,14.405,14.32,14.34,992.0
2025-02-04 14:45:00+00:00,14.34,14.41,14.305,14.37,1019.0
2025-02-04 15:00:00+00:00,14.38,14.43,14.33,14.425,1412.0
2025-02-04 15:15:00+00:00,14.425,14.45,14.355,14.365,2344.0
2025-02-04 15:30:00+00:00,14.36,14.43,14.355,14.405,2686.0
2025-02-04 15:45:00+00:00,14.405,14.445,14.395,14.435,3661.0
2025-02-04 16:00:00+00:00,14.465,14.53,14.455,14.515,3210.0
2025-02-04 16:15:00+00:00,14.515,14.53,14.46,14.5,4677.0
2025-02-04 16:30:00+00:00,14.5,14.535,14.47,14.495,1660.0
2025-02-04 16:45:00+00:00,14.505,14.52,14.485,14.51,1845.0
2025-02-04 17:00:00+00:00,14.515,14.54,14.47,14.495,2179.0
2025-02-04 17:15:00+00:00,14.49,14.535,14.445,14.505,5575.0
2025-02-04 17:30:00+00:00,14.495,14.525,14.475,14.505,2529.0
2025-02-04 17:45:00+00:00,14.515,14.525,14.495,14.515,919.0
2025-02-04 18:00:00+00:00,14.515,14.53,14.49,14.51,1563.0
2025-02-04 18:15:00+00:00,14.52,14.525,14.47,14.49,1709.0
2025-02-04 18:30:00+00:00,14.49,14.49,14.445,14.465,2861.0
2025-02-04 18:45:00+00:00,14.465,14.48,14.45,14.46,1854.0
2025-02-04 19:00:00+00:00,14.455,14.485,14.455,14.485,1097.0
2025-02-04 19:15:00+00:00,14.485,14.5,14.4,14.425,2408.0
2025-02-04 19:30:00+00:00,14.425,14.445,14.41,14.41,1978.0
2025-02-04 19:45:00+00:00,14.41,14.47,14.4,14.47,3530.0
2025-02-04 20:00:00+00:00,14.465,14.465,14.425,14.425,4046.0
2025-02-04 20:15:00+00:00,14.425,14.44,14.38,14.385,2626.0
2025-02-04 20:30:00+00:00,14.38,14.435,14.38,14.39,2371.0
2025-02-04 20:45:00+00:00,14.385,14.4,14.24,14.26,13841.0
2025-02-05 14:30:00+00:00,14.46,14.67,14.37,14.485,3018.0
2025-02-05 14:45:00+00:00,14.485,14.49,14.35,14.405,7794.0
2025-02-05 15:00:00+00:00,14.405,14.47,14.365,14.47,5710.0
2025-02-05 15:15:00+00:00,14.47,14.52,14.44,14.45,2453.0
2025-02-05 15:30:00+00:00,14.45,14.49,14.405,14.475,2471.0
2025-02-05 15:45:00+00:00,14.475,14.51,14.455,14.495,1101.0
2025-02-05 16:00:00+00:00,14.495,14.52,14.47,14.48,1455.0
2025-02-05 16:15:00+00:00,14.475,14.485,14.44,14.48,1435.0
2025-02-05 16:30:00+00:00,14.48,14.51,14.455,14.495,2209.0
2025-02-05 16:45:00+00:00,14.495,14.525,14.495,14.515,1343.0
2025-02-05 17:00:00+00:00,14.51,14.525,14.46,14.505,5279.0
2025-02-05 17:15:00+00:00,14.5,14.525,14.45,14.515,4141.0
2025-02-05 17:30:00+00:00,14.515,14.535,14.5,14.525,1179.0
2025-02-05 17:45:00+00:00,14.525,14.59,14.525,14.575,1721.0
2025-02-05 18:00:00+00:00,14.575,14.6,14.55,14.585,2011.0
2025-02-05 18:15:00+00:00,14.585,14.615,14.585,14.605,1844.0
2025-02-05 18:30:00+00:00,14.605,14.62,14.585,14.605,3045.0
2025-02-05 18:45:00+00:00,14.605,14.62,14.57,14.57,1533.0
2025-02-05 19:00:00+00:00,14.57,14.575,14.55,14.555,1519.0
2025-02-05 19:15:00+00:00,14.555,14.58,14.545,14.555,2764.0
2025-02-05 19:30:00+00:00,14.555,14.555,14.52,14.535,4170.0
2025-02-05 19:45:00+00:00,14.53,14.54,14.52,14.525,2033.0
2025-02-05 20:00:00+00:00,14.525,14.535,14.51,14.525,1485.0
2025-02-05 20:15:00+00:00,14.525,14.535,14.49,14.505,4051.0
2025-02-05 20:30:00+00:00,14.505,14.555,14.47,14.545,3944.0
2025-02-05 20:45:00+00:00,14.545,14.6,14.54,14.595,19538.0
2025-02-06 14:30:00+00:00,14.595,14.73,14.595,14.71,1592.0
2025-02-06 14:45:00+00:00,14.705,14.735,14.665,14.685,1722.0
2025-02-06 15:00:00+00:00,14.7,14.75,14.695,14.75,1220.0
2025-02-06 15:15:00+00:00,14.75,14.77,14.725,14.73,601.0
2025-02-06 15:30:00+00:00,14.73,14.73,14.65,14.655,1376.0
2025-02-06 15:45:00+00:00,14.655,14.705,14.64,14.645,3515.0
2025-02-06 16:00:00+00:00,14.645,14.74,14.645,14.74,3779.0
2025-02-06 16:15:00+00:00,14.735,14.74,14.7,14.715,324.0
2025-02-06 16:30:00+00:00,14.72,14.725,14.68,14.695,528.0
2025-02-06 16:45:00+00:00,14.695,14.745,14.69,14.69,721.0
2025-02-06 17:00:00+00:00,14.695,14.715,14.68,14.7,1037.0
2025-02-06 17:15:00+00:00,14.695,14.73,14.675,14.725,1230.0
2025-02-06 17:30:00+00:00,14.725,14.74,14.705,14.715,783.0
2025-02-06 17:45:00+00:00,14.715,14.745,14.71,14.715,3188.0
2025-02-06 18:00:00+00:00,14.715,14.745,14.69,14.695,1665.0
2025-02-06 18:15:00+00:00,14.695,14.705,14.635,14.65,1166.0
2025-02-06 18:30:00+00:00,14.645,14.695,14.64,14.685,1133.0
2025-02-06 18:45:00+00:00,14.68,14.7,14.655,14.67,1335.0
2025-02-06 19:00:00+00:00,14.665,14.68,14.615,14.62,589.0
2025-02-06 19:15:00+00:00,14.62,14.635,14.605,14.615,1283.0
2025-02-06 19:30:00+00:00,14.615,14.66,14.6,14.625,2153.0
2025-02-06 19:45:00+00:00,14.625,14.715,14.62,14.685,1798.0
2025-02-06 20:00:00+00:00,14.68,14.68,14.635,14.665,899.0
2025-02-06 20:15:00+00:00,14.665,14.7,14.655,14.7,1830.0
2025-02-06 20:30:00+00:00,14.695,14.7,14.67,14.7,1195.0
2025-02-06 20:45:00+00:00,14.695,14.725,14.675,14.69,6798.0
2025-02-07 14:30:00+00:00,14.69,14.7,14.49,14.51,2823.0
2025-02-07 14:45:00+00:00,14.51,14.52,14.465,14.495,2914.0
2025-02-07 15:00:00+00:00,14.47,14.47,14.37,14.375,6420.0
2025-02-07 15:15:00+00:00,14.375,14.38,14.31,14.315,6179.0
2025-02-07 15:30:00+00:00,14.315,14.325,14.25,14.265,2195.0
2025-02-07 15:45:00+00:00,14.26,14.265,14.14,14.17,2446.0
2025-02-07 16:00:00+00:00,14.17,14.25,14.12,14.205,1204.0
2025-02-07 16:15:00+00:00,14.215,14.275,14.2,14.22,2189.0
2025-02-07 16:30:00+00:00,14.22,14.295,14.22,14.26,9475.0
2025-02-07 16:45:00+00:00,14.26,14.285,14.23,14.235,2060.0
2025-02-07 17:00:00+00:00,14.225,14.26,14.215,14.255,638.0
2025-02-07 17:15:00+00:00,14.245,14.27,14.205,14.24,1717.0
2025-02-07 17:30:00+00:00,14.235,14.25,14.225,14.245,665.0
2025-02-07 17:45:00+00:00,14.245,14.27,14.24,14.245,2617.0
2025-02-07 18:00:00+00:00,14.24,14.285,14.24,14.28,2649.0
2025-02-07 18:15:00+00:00,14.285,14.285,14.245,14.255,1805.0
2025-02-07 18:30:00+00:00,14.25,14.265,14.24,14.245,2452.0
2025-02-07 18:45:00+00:00,14.245,14.25,14.225,14.245,486.0
2025-02-07 19:00:00+00:00,14.245,14.275,14.23,14.27,4861.0
2025-02-07 19:15:00+00:00,14.265,14.28,14.205,14.205,5104.0
2025-02-07 19:30:00+00:00,14.205,14.21,14.185,14.195,2485.0
2025-02-07 19:45:00+00:00,14.195,14.22,14.185,14.195,7559.0
2025-02-07 20:00:00+00:00,14.19,14.205,14.17,14.19,7537.0
2025-02-07 20:15:00+00:00,14.19,14.26,14.165,14.22,3830.0
2025-02-07 20:30:00+00:00,14.215,14.25,14.17,14.175,7265.0
2025-02-07 20:45:00+00:00,14.18,14.23,14.13,14.155,15767.0
2025-02-10 14:30:00+00:00,14.155,14.21,14.075,14.075,3069.0
2025-02-10 14:45:00+00:00,14.075,14.075,14.015,14.035,3746.0
2025-02-10 15:00:00+00:00,14.03,14.115,14.015,14.115,4761.0
2025-02-10 15:15:00+00:00,14.1,14.115,14.05,14.07,5080.0
2025-02-10 15:30:00+00:00,14.075,14.08,14.045,14.055,2009.0
2025-02-10 15:45:00+00:00,14.055,14.07,14.02,14.03,4487.0
2025-02-10 16:00:00+00:00,14.035,14.055,14.025,14.055,3487.0
2025-02-10 16:15:00+00:00,14.055,14.07,14.045,14.065,3658.0
2025-02-10 16:30:00+00:00,14.07,14.115,14.07,14.105,12962.0
2025-02-10 16:45:00+00:00,14.105,14.12,14.09,14.11,4524.0
2025-02-10 17:00:00+00:00,14.115,14.125,14.115,14.125,1181.0
2025-02-10 17:15:00+00:00,14.12,14.135,14.1,14.1,5260.0
2025-02-10 17:30:00+00:00,14.1,14.11,14.09,14.105,2681.0
2025-02-10 17:45:00+00:00,14.105,14.115,14.085,14.095,6172.0
2025-02-10 18:00:00+00:00,14.095,14.115,14.09,14.105,3380.0
2025-02-10 18:15:00+00:00,14.1,14.13,14.08,14.095,2241.0
2025-02-10 18:30:00+00:00,14.09,14.09,14.06,14.075,1096.0
2025-02-10 18:45:00+00:00,14.075,14.075,14.06,14.065,999.0
2025-02-10 19:00:00+00:00,14.065,14.075,14.06,14.075,1559.0
2025-02-10 19:15:00+00:00,14.075,14.115,14.07,14.095,8822.0
2025-02-10 19:30:00+00:00,14.095,14.11,14.095,14.1,6766.0
2025-02-10 19:45:00+00:00,14.095,14.105,14.09,14.095,2932.0
2025-02-10 20:00:00+00:00,14.095,14.095,14.02,14.03,2929.0
2025-02-10 20:15:00+00:00,14.03,14.05,14.02,14.035,1889.0
2025-02-10 20:30:00+00:00,14.035,14.065,14.025,14.065,2710.0
2025-02-10 20:45:00+00:00,14.065,14.095,14.01,14.035,20030.0
2025-02-11 14:30:00+00:00,14.035,14.2,14.02,14.175,2995.0
2025-02-11 14:45:00+00:00,14.175,14.38,14.155,14.38,6935.0
2025-02-11 15:00:00+00:00,14.35,14.35,14.265,14.3,1052.0
2025-02-11 15:15:00+00:00,14.305,14.4,14.295,14.39,940.0
2025-02-11 15:30:00+00:00,14.395,14.445,14.375,14.395,2776.0
2025-02-11 15:45:00+00:00,14.395,14.415,14.375,14.395,2372.0
2025-02-11 16:00:00+00:00,14.395,14.435,14.375,14.395,5689.0
2025-02-11 16:15:00+00:00,14.385,14.46,14.385,14.445,2678.0
2025-02-11 16:30:00+00:00,14.445,14.485,14.425,14.445,2143.0
2025-02-11 16:45:00+00:00,14.455,14.455,14.4,14.415,1363.0
2025-02-11 17:00:00+00:00,14.405,14.435,14.38,14.385,1641.0
2025-02-11 17:15:00+00:00,14.39,14.41,14.35,14.355,2137.0
2025-02-11 17:30:00+00:00,14.355,14.365,14.3,14.32,5966.0
2025-02-11 17:45:00+00:00,14.315,14.33,14.31,14.31,948.0
2025-02-11 18:00:00+00:00,14.315,14.32,14.3,14.315,3089.0
2025-02-11 18:15:00+00:00,14.315,14.325,14.295,14.305,1692.0
2025-02-11 18:30:00+00:00,14.305,14.33,14.305,14.325,1197.0
2025-02-11 18:45:00+00:00,14.33,14.37,14.325,14.36,2070.0
2025-02-11 19:00:00+00:00,14.365,14.41,14.365,14.405,849.0
2025-02-11 19:15:00+00:00,14.405,14.43,14.39,14.405,1537.0
2025-02-11 19:30:00+00:00,14.405,14.43,14.4,14.415,1581.0
2025-02-11 19:45:00+00:00,14.415,14.42,14.4,14.41,2068.0
2025-02-11 20:00:00+00:00,14.405,14.42,14.375,14.375,1043.0
2025-02-11 20:15:00+00:00,14.375,14.41,14.35,14.405,2247.0
2025-02-11 20:30:00+00:00,14.405,14.425,14.375,14.385,3421.0
2025-02-11 20:45:00+00:00,14.385,14.415,14.335,14.36,15650.0
2025-02-12 14:30:00+00:00,14.36,14.36,13.965,13.965,1533.0
2025-02-12 14:45:00+00:00,13.965,13.985,13.915,13.985,2675.0
2025-02-12 15:00:00+00:00,13.97,13.975,13.89,13.925,2413.0
2025-02-12 15:15:00+00:00,13.905,13.96,13.9,13.95,3362.0
2025-02-12 15:30:00+00:00,13.95,13.97,13.91,13.935,4513.0
2025-02-12 15:45:00+00:00,13.94,13.98,13.925,13.935,2630.0
2025-02-12 16:00:00+00:00,13.93,13.935,13.905,13.915,4691.0
2025-02-12 16:15:00+00:00,13.915,13.985,13.9,13.98,11256.0
2025-02-12 16:30:00+00:00,13.98,13.99,13.94,13.975,6473.0
2025-02-12 16:45:00+00:00,13.975,14.03,13.965,14.025,7608.0
2025-02-12 17:00:00+00:00,14.015,14.09,13.98,14.075,18446.0
2025-02-12 17:15:00+00:00,14.075,14.16,14.075,14.155,3407.0
2025-02-12 17:30:00+00:00,14.155,14.185,14.145,14.16,1168.0
2025-02-12 17:45:00+00:00,14.155,14.195,14.14,14.15,6841.0
2025-02-12 18:00:00+00:00,14.15,14.155,14.085,14.105,2892.0
2025-02-12 18:15:00+00:00,14.105,14.105,14.035,14.035,3624.0
2025-02-12 18:30:00+00:00,14.045,14.05,14.015,14.035,10384.0
2025-02-12 18:45:00+00:00,14.04,14.045,14.01,14.025,4485.0
2025-02-12 19:00:00+00:00,14.025,14.04,14.0,14.015,5593.0
2025-02-12 19:15:00+00:00,14.01,14.055,14.01,14.035,3377.0
2025-02-12 19:30:00+00:00,14.045,14.08,14.045,14.07,2829.0
2025-02-12 19:45:00+00:00,14.065,14.11,14.06,14.085,5448.0
2025-02-12 20:00:00+00:00,14.085,14.09,14.06,14.085,1807.0
2025-02-12 20:15:00+00:00,14.085,14.11,14.07,14.105,5459.0
2025-02-12 20:30:00+00:00,14.105,14.155,14.1,14.115,3447.0
2025-02-12 20:45:00+00:00,14.115,14.155,14.09,14.1,19729.0
2025-02-13 14:30:00+00:00,14.1,14.23,14.1,14.205,980.0
2025-02-13 14:45:00+00:00,14.205,14.23,14.155,14.185,343.0
2025-02-13 15:00:00+00:00,14.185,14.22,14.145,14.18,1751.0
2025-02-13 15:15:00+00:00,14.185,14.2,14.075,14.09,5862.0
2025-02-13 15:30:00+00:00,14.1,14.19,14.025,14.14,12174.0
2025-02-13 15:45:00+00:00,14.14,14.16,14.1,14.115,2845.0
2025-02-13 16:00:00+00:00,14.115,14.155,14.1,14.145,1849.0
2025-02-13 16:15:00+00:00,14.145,14.17,14.135,14.135,696.0
2025-02-13 16:30:00+00:00,14.135,14.165,14.13,14.165,1798.0
2025-02-13 16:45:00+00:00,14.165,14.18,14.12,14.125,1262.0
2025-02-13 17:00:00+00:00,14.125,14.145,14.115,14.135,1098.0
2025-02-13 17:15:00+00:00,14.135,14.17,14.125,14.155,2880.0
2025-02-13 17:30:00+00:00,14.155,14.17,14.155,14.165,962.0
2025-02-13 17:45:00+00:00,14.165,14.215,14.155,14.165,11283.0
2025-02-13 18:00:00+00:00,14.165,14.18,14.155,14.18,2139.0
2025-02-13 18:15:00+00:00,14.175,14.195,14.165,14.165,638.0
2025-02-13 18:30:00+00:00,14.175,14.195,14.14,14.155,1721.0
2025-02-13 18:45:00+00:00,14.155,14.18,14.145,14.175,1602.0
2025-02-13 19:00:00+00:00,14.175,14.205,14.165,14.195,3066.0
2025-02-13 19:15:00+00:00,14.195,14.205,14.175,14.175,4740.0
2025-02-13 19:30:00+00:00,14.175,14.19,14.175,14.175,1023.0
2025-02-13 19:45:00+00:00,14.17,14.22,14.155,14.195,4577.0
2025-02-13 20:00:00+00:00,14.195,14.21,14.175,14.185,4287.0
2025-02-13 20:15:00+00:00,14.185,14.21,14.18,14.195,2789.0
2025-02-13 20:30:00+00:00,14.195,14.195,14.13,14.175,4806.0
2025-02-13 20:45:00+00:00,14.175,14.19,14.145,14.17,19767.0
2025-02-14 14:30:00+00:00,14.22,14.425,14.22,14.365,1008.0
2025-02-14 14:45:00+00:00,14.38,14.4,14.32,14.37,1323.0
2025-02-14 15:00:00+00:00,14.37,14.41,14.35,14.385,818.0
2025-02-14 15:15:00+00:00,14.39,14.405,14.26,14.265,5207.0
2025-02-14 15:30:00+00:00,14.27,14.365,14.265,14.355,7156.0
2025-02-14 15:45:00+00:00,14.355,14.47,14.355,14.47,9299.0
2025-02-14 16:00:00+00:00,14.47,14.53,14.465,14.52,4669.0
2025-02-14 16:15:00+00:00,14.515,14.53,14.47,14.485,11274.0
2025-02-14 16:30:00+00:00,14.485,14.49,14.44,14.45,2777.0
2025-02-14 16:45:00+00:00,14.455,14.48,14.44,14.48,3150.0
2025-02-14 17:00:00+00:00,14.47,14.5,14.46,14.475,3498.0
2025-02-14 17:15:00+00:00,14.475,14.475,14.4,14.415,5259.0
2025-02-14 17:30:00+00:00,14.42,14.445,14.42,14.44,1296.0
2025-02-14 17:45:00+00:00,14.43,14.47,14.43,14.465,4399.0
2025-02-14 18:00:00+00:00,14.465,14.47,14.44,14.455,3653.0
2025-02-14 18:15:00+00:00,14.455,14.48,14.455,14.48,1435.0
2025-02-14 18:30:00+00:00,14.475,14.51,14.475,14.485,2459.0
2025-02-14 18:45:00+00:00,14.485,14.53,14.485,14.505,2475.0
2025-02-14 19:00:00+00:00,14.505,14.54,14.5,14.505,2940.0
2025-02-14 19:15:00+00:00,14.505,14.51,14.46,14.475,2926.0
2025-02-14 19:30:00+00:00,14.475,14.495,14.465,14.475,1356.0
2025-02-14 19:45:00+00:00,14.475,14.51,14.475,14.5,4122.0
2025-02-14 20:00:00+00:00,14.495,14.5,14.48,14.485,3827.0
2025-02-14 20:15:00+00:00,14.49,14.49,14.43,14.45,4950.0
2025-02-14 20:30:00+00:00,14.45,14.5,14.44,14.48,7270.0
2025-02-14 20:45:00+00:00,14.485,14.535,14.48,14.52,15845.0
2025-02-17 14:30:00+00:00,14.52,14.52,14.52,14.52,0.0
2025-02-17 14:45:00+00:00,14.52,14.52,14.52,14.52,0.0
2025-02-17 15:00:00+00:00,14.52,14.52,14.52,14.52,0.0
2025-02-17 15:15:00+00:00,14.52,14.52,14.52,14.52,0.0
2025-02-17 15:30:00+00:00,14.52,14.52,14.52,14.52,0.0
2025-02-17 15:45:00+00:00,14.52,14.52,14.52,14.52,0.0
2025-02-17 16:00:00+00:00,14.52,14.52,14.52,14.52,0.0
2025-02-17 16:15:00+00:00,14.52,14.52,14.52,14.52,0.0
2025-02-17 16:30:00+00:00,14.52,14.52,14.52,14.52,0.0
2025-02-17 16:45:00+00:00,14.52,14.52,14.52,14.52,0.0
2025-02-17 17:00:00+00:00,14.52,14.52,14.52,14.52,0.0
2025-02-17 17:15:00+00:00,14.52,14.52,14.52,14.52,0.0
2025-02-17 17:30:00+00:00,14.52,14.52,14.52,14.52,0.0
2025-02-17 17:45:00+00:00,14.52,14.52,14.52,14.52,0.0
2025-02-17 18:00:00+00:00,14.52,14.52,14.52,14.52,0.0
2025-02-17 18:15:00+00:00,14.52,14.52,14.52,14.52,0.0
2025-02-17 18:30:00+00:00,14.52,14.52,14.52,14.52,0.0
2025-02-17 18:45:00+00:00,14.52,14.52,14.52,14.52,0.0
2025-02-17 19:00:00+00:00,14.52,14.52,14.52,14.52,0.0
2025-02-17 19:15:00+00:00,14.52,14.52,14.52,14.52,0.0
2025-02-17 19:30:00+00:00,14.52,14.52,14.52,14.52,0.0
2025-02-17 19:45:00+00:00,14.52,14.52,14.52,14.52,0.0
2025-02-17 20:00:00+00:00,14.52,14.52,14.52,14.52,0.0
2025-02-17 20:15:00+00:00,14.52,14.52,14.52,14.52,0.0
2025-02-17 20:30:00+00:00,14.52,14.52,14.52,14.52,0.0
2025-02-17 20:45:00+00:00,14.52,14.52,14.52,14.52,0.0
2025-02-18 14:30:00+00:00,14.39,14.5,14.385,14.385,697.0
2025-02-18 14:45:00+00:00,14.41,14.44,14.39,14.405,2514.0
2025-02-18 15:00:00+00:00,14.415,14.415,14.33,14.375,2130.0
2025-02-18 15:15:00+00:00,14.375,14.45,14.365,14.415,1520.0
2025-02-18 15:30:00+00:00,14.415,14.47,14.415,14.455,1606.0
2025-02-18 15:45:00+00:00,14.455,14.52,14.45,14.485,1926.0
2025-02-18 16:00:00+00:00,14.49,14.49,14.445,14.455,1970.0
2025-02-18 16:15:00+00:00,14.465,14.465,14.41,14.415,2624.0
2025-02-18 16:30:00+00:00,14.41,14.48,14.39,14.475,2776.0
2025-02-18 16:45:00+00:00,14.475,14.485,14.46,14.48,1561.0
2025-02-18 17:00:00+00:00,14.475,14.495,14.47,14.485,1118.0
2025-02-18 17:15:00+00:00,14.48,14.495,14.445,14.45,1788.0
2025-02-18 17:30:00+00:00,14.45,14.475,14.445,14.47,1322.0
2025-02-18 17:45:00+00:00,14.465,14.49,14.46,14.46,1589.0
2025-02-18 18:00:00+00:00,14.465,14.48,14.45,14.45,508.0
2025-02-18 18:15:00+00:00,14.45,14.465,14.445,14.455,482.0
2025-02-18 18:30:00+00:00,14.455,14.465,14.45,14.46,1082.0
2025-02-18 18:45:00+00:00,14.46,14.47,14.45,14.455,1160.0
2025-02-18 19:00:00+00:00,14.455,14.47,14.41,14.42,2472.0
2025-02-18 19:15:00+00:00,14.42,14.425,14.38,14.405,1524.0
2025-02-18 19:30:00+00:00,14.405,14.47,14.405,14.445,3250.0
2025-02-18 19:45:00+00:00,14.45,14.49,14.445,14.46,3079.0
2025-02-18 20:00:00+00:00,14.455,14.465,14.435,14.445,912.0
2025-02-18 20:15:00+00:00,14.445,14.455,14.37,14.375,1318.0
2025-02-18 20:30:00+00:00,14.375,14.405,14.37,14.37,3434.0
2025-02-18 20:45:00+00:00,14.37,14.43,14.335,14.42,21462.0
2025-02-19 14:30:00+00:00,14.42,14.42,14.285,14.285,1076.0
2025-02-19 14:45:00+00:00,14.285,14.395,14.27,14.38,2042.0
2025-02-19 15:00:00+00:00,14.38,14.4,14.34,14.36,2155.0
2025-02-19 15:15:00+00:00,14.355,14.385,14.34,14.365,1268.0
2025-02-19 15:30:00+00:00,14.365,14.4,14.32,14.325,1498.0
2025-02-19 15:45:00+00:00,14.325,14.335,14.28,14.32,800.0
2025-02-19 16:00:00+00:00,14.315,14.38,14.305,14.355,3416.0
2025-02-19 16:15:00+00:00,14.355,14.4,14.33,14.385,2555.0
2025-02-19 16:30:00+00:00,14.385,14.415,14.37,14.375,3435.0
2025-02-19 16:45:00+00:00,14.375,14.44,14.365,14.375,5631.0
2025-02-19 17:00:00+00:00,14.375,14.41,14.36,14.385,3444.0
2025-02-19 17:15:00+00:00,14.385,14.385,14.35,14.375,876.0
2025-02-19 17:30:00+00:00,14.375,14.42,14.375,14.415,1663.0
2025-02-19 17:45:00+00:00,14.42,14.43,14.405,14.41,2325.0
2025-02-19 18:00:00+00:00,14.405,14.44,14.405,14.415,764.0
2025-02-19 18:15:00+00:00,14.415,14.43,14.415,14.425,599.0
2025-02-19 18:30:00+00:00,14.43,14.46,14.425,14.435,2388.0
2025-02-19 18:45:00+00:00,14.435,14.45,14.4,14.4,1867.0
2025-02-19 19:00:00+00:00,14.41,14.495,14.395,14.495,2040.0
2025-02-19 19:15:00+00:00,14.495,14.575,14.495,14.565,4383.0
2025-02-19 19:30:00+00:00,14.565,14.61,14.565,14.6,4692.0
2025-02-19 19:45:00+00:00,14.6,14.64,14.595,14.64,7618.0
2025-02-19 20:00:00+00:00,14.635,14.67,14.635,14.665,7450.0
2025-02-19 20:15:00+00:00,14.67,14.71,14.665,14.695,4481.0
2025-02-19 20:30:00+00:00,14.695,14.725,14.68,14.685,2268.0
2025-02-19 20:45:00+00:00,14.685,14.73,14.655,14.675,17329.0
2025-02-20 14:30:00+00:00,14.675,14.785,14.63,14.77,2568.0
2025-02-20 14:45:00+00:00,14.77,14.775,14.695,14.725,2565.0
2025-02-20 15:00:00+00:00,14.725,14.725,14.535,14.54,9326.0
2025-02-20 15:15:00+00:00,14.535,14.685,14.535,14.625,19556.0
2025-02-20 15:30:00+00:00,14.625,14.63,14.55,14.555,3894.0
2025-02-20 15:45:00+00:00,14.55,14.585,14.525,14.53,5422.0
2025-02-20 16:00:00+00:00,14.53,14.57,14.525,14.55,7958.0
2025-02-20 16:15:00+00:00,14.555,14.63,14.545,14.625,3228.0
2025-02-20 16:30:00+00:00,14.63,14.66,14.62,14.655,4907.0
2025-02-20 16:45:00+00:00,14.655,14.685,14.645,14.665,2876.0
2025-02-20 17:00:00+00:00,14.665,14.695,14.645,14.69,1285.0
2025-02-20 17:15:00+00:00,14.695,14.71,14.675,14.69,2015.0
2025-02-20 17:30:00+00:00,14.68,14.72,14.68,14.705,2727.0
2025-02-20 17:45:00+00:00,14.71,14.73,14.675,14.705,6844.0
2025-02-20 18:00:00+00:00,14.705,14.705,14.655,14.7,2556.0
2025-02-20 18:15:00+00:00,14.705,14.71,14.68,14.695,1708.0
2025-02-20 18:30:00+00:00,14.695,14.715,14.665,14.675,4823.0
2025-02-20 18:45:00+00:00,14.675,14.69,14.625,14.645,3016.0
2025-02-20 19:00:00+00:00,14.645,14.65,14.61,14.615,4710.0
2025-02-20 19:15:00+00:00,14.62,14.67,14.59,14.595,3623.0
2025-02-20 19:30:00+00:00,14.595,14.595,14.52,14.57,2169.0
2025-02-20 19:45:00+00:00,14.57,14.57,14.46,14.465,1642.0
2025-02-20 20:00:00+00:00,14.46,14.475,14.43,14.435,2177.0
2025-02-20 20:15:00+00:00,14.435,14.435,14.385,14.385,1120.0
2025-02-20 20:30:00+00:00,14.385,14.395,14.35,14.375,6698.0
2025-02-20 20:45:00+00:00,14.375,14.44,14.36,14.435,23696.0
2025-02-21 14:30:00+00:00,14.435,14.555,14.34,14.34,624.0
2025-02-21 14:45:00+00:00,14.355,14.43,14.33,14.345,1104.0
2025-02-21 15:00:00+00:00,14.345,14.41,14.295,14.32,1474.0
2025-02-21 15:15:00+00:00,14.32,14.365,14.285,14.29,1207.0
2025-02-21 15:30:00+00:00,14.29,14.31,14.215,14.255,1164.0
2025-02-21 15:45:00+00:00,14.255,14.3,14.24,14.265,890.0
2025-02-21 16:00:00+00:00,14.275,14.28,14.245,14.26,3007.0
2025-02-21 16:15:00+00:00,14.26,14.26,14.21,14.225,1674.0
2025-02-21 16:30:00+00:00,14.225,14.25,14.21,14.235,1454.0
2025-02-21 16:45:00+00:00,14.235,14.235,14.195,14.225,1727.0
2025-02-21 17:00:00+00:00,14.225,14.23,14.19,14.22,2018.0
2025-02-21 17:15:00+00:00,14.215,14.24,14.21,14.225,830.0
2025-02-21 17:30:00+00:00,14.225,14.225,14.155,14.205,3269.0
2025-02-21 17:45:00+00:00,14.205,14.215,14.17,14.195,2266.0
2025-02-21 18:00:00+00:00,14.195,14.21,14.17,14.195,5685.0
2025-02-21 18:15:00+00:00,14.195,14.22,14.155,14.155,3155.0
2025-02-21 18:30:00+00:00,14.155,14.185,14.15,14.155,1467.0
2025-02-21 18:45:00+00:00,14.155,14.185,14.15,14.18,2709.0
2025-02-21 19:00:00+00:00,14.175,14.24,14.17,14.235,7107.0
2025-02-21 19:15:00+00:00,14.235,14.235,14.19,14.205,2376.0
2025-02-21 19:30:00+00:00,14.21,14.22,14.195,14.205,2020.0
2025-02-21 19:45:00+00:00,14.2,14.21,14.185,14.185,1547.0
2025-02-21 20:00:00+00:00,14.185,14.23,14.17,14.21,2488.0
2025-02-21 20:15:00+00:00,14.215,14.29,14.215,14.275,3339.0
2025-02-21 20:30:00+00:00,14.275,14.36,14.275,14.34,4467.0
2025-02-21 20:45:00+00:00,14.345,14.355,14.26,14.26,11582.0
2025-02-24 14:30:00+00:00,14.26,14.275,14.14,14.22,1630.0
2025-02-24 14:45:00+00:00,14.22,14.3,14.22,14.255,900.0
2025-02-24 15:00:00+00:00,14.26,14.34,14.24,14.325,1238.0
2025-02-24 15:15:00+00:00,14.315,14.335,14.26,14.265,1298.0
2025-02-24 15:30:00+00:00,14.255,14.28,14.24,14.245,1873.0
2025-02-24 15:45:00+00:00,14.255,14.28,14.24,14.275,2225.0
2025-02-24 16:00:00+00:00,14.275,14.34,14.27,14.335,1609.0
2025-02-24 16:15:00+00:00,14.335,14.38,14.335,14.375,1857.0
2025-02-24 16:30:00+00:00,14.375,14.39,14.335,14.35,2208.0
2025-02-24 16:45:00+00:00,14.345,14.4,14.31,14.315,3371.0
2025-02-24 17:00:00+00:00,14.315,14.34,14.29,14.305,3346.0
2025-02-24 17:15:00+00:00,14.305,14.37,14.305,14.345,2312.0
2025-02-24 17:30:00+00:00,14.35,14.385,14.335,14.375,2532.0
2025-02-24 17:45:00+00:00,14.38,14.39,14.345,14.355,3072.0
2025-02-24 18:00:00+00:00,14.355,14.355,14.335,14.345,3273.0
2025-02-24 18:15:00+00:00,14.35,14.39,14.345,14.385,3256.0
2025-02-24 18:30:00+00:00,14.39,14.41,14.35,14.36,3510.0
2025-02-24 18:45:00+00:00,14.365,14.365,14.32,14.36,2106.0
2025-02-24 19:00:00+00:00,14.36,14.42,14.36,14.42,2489.0
2025-02-24 19:15:00+00:00,14.42,14.43,14.4,14.425,3445.0
2025-02-24 19:30:00+00:00,14.425,14.43,14.39,14.4,2684.0
2025-02-24 19:45:00+00:00,14.4,14.415,14.375,14.39,2326.0
2025-02-24 20:00:00+00:00,14.38,14.42,14.37,14.415,2530.0
2025-02-24 20:15:00+00:00,14.415,14.435,14.395,14.405,2725.0
2025-02-24 20:30:00+00:00,14.405,14.415,14.35,14.355,8107.0
2025-02-24 20:45:00+00:00,14.355,14.39,14.29,14.295,20502.0
2025-02-25 14:30:00+00:00,14.295,14.495,14.295,14.445,4649.0
2025-02-25 14:45:00+00:00,14.445,14.45,14.35,14.415,1908.0
2025-02-25 15:00:00+00:00,14.415,14.495,14.265,14.27,8804.0
2025-02-25 15:15:00+00:00,14.265,14.34,14.255,14.26,1070.0
2025-02-25 15:30:00+00:00,14.26,14.325,14.22,14.32,12787.0
2025-02-25 15:45:00+00:00,14.325,14.4,14.295,14.32,7536.0
2025-02-25 16:00:00+00:00,14.32,14.325,14.26,14.275,3539.0
2025-02-25 16:15:00+00:00,14.275,14.31,14.265,14.295,2079.0
2025-02-25 16:30:00+00:00,14.295,14.31,14.25,14.305,4804.0
2025-02-25 16:45:00+00:00,14.31,14.34,14.295,14.305,2809.0
2025-02-25 17:00:00+00:00,14.305,14.31,14.275,14.3,2955.0
2025-02-25 17:15:00+00:00,14.295,14.32,14.285,14.31,1600.0
2025-02-25 17:30:00+00:00,14.31,14.36,14.305,14.355,1633.0
2025-02-25 17:45:00+00:00,14.36,14.38,14.335,14.375,2139.0
2025-02-25 18:00:00+00:00,14.38,14.4,14.37,14.38,1141.0
2025-02-25 18:15:00+00:00,14.375,14.385,14.35,14.355,791.0
2025-02-25 18:30:00+00:00,14.355,14.38,14.35,14.375,551.0
2025-02-25 18:45:00+00:00,14.375,14.4,14.3,14.31,2579.0
2025-02-25 19:00:00+00:00,14.305,14.34,14.305,14.33,294.0
2025-02-25 19:15:00+00:00,14.33,14.34,14.28,14.34,3042.0
2025-02-25 19:30:00+00:00,14.335,14.41,14.335,14.395,2170.0
2025-02-25 19:45:00+00:00,14.395,14.395,14.34,14.39,1810.0
2025-02-25 20:00:00+00:00,14.385,14.415,14.385,14.41,1348.0
2025-02-25 20:15:00+00:00,14.405,14.435,14.4,14.42,3593.0
2025-02-25 20:30:00+00:00,14.415,14.42,14.375,14.39,4188.0
2025-02-25 20:45:00+00:00,14.395,14.425,14.38,14.42,13025.0
2025-02-26 14:30:00+00:00,14.42,14.475,14.41,14.445,779.0
2025-02-26 14:45:00+00:00,14.445,14.525,14.445,14.45,737.0
2025-02-26 15:00:00+00:00,14.46,14.585,14.435,14.51,2661.0
2025-02-26 15:15:00+00:00,14.51,14.53,14.47,14.47,3848.0
2025-02-26 15:30:00+00:00,14.475,14.54,14.47,14.535,2143.0
2025-02-26 15:45:00+00:00,14.535,14.535,14.5,14.525,1719.0
2025-02-26 16:00:00+00:00,14.525,14.56,14.525,14.535,1714.0
2025-02-26 16:15:00+00:00,14.535,14.555,14.52,14.535,1273.0
2025-02-26 16:30:00+00:00,14.535,14.59,14.52,14.55,3247.0
2025-02-26 16:45:00+00:00,14.555,14.6,14.535,14.55,1778.0
2025-02-26 17:00:00+00:00,14.555,14.595,14.55,14.575,1774.0
2025-02-26 17:15:00+00:00,14.575,14.58,14.53,14.555,825.0
2025-02-26 17:30:00+00:00,14.555,14.56,14.49,14.5,952.0
2025-02-26 17:45:00+00:00,14.5,14.515,14.47,14.5,2825.0
2025-02-26 18:00:00+00:00,14.495,14.51,14.485,14.505,1344.0
2025-02-26 18:15:00+00:00,14.505,14.505,14.455,14.455,2154.0
2025-02-26 18:30:00+00:00,14.445,14.475,14.44,14.455,1498.0
2025-02-26 18:45:00+00:00,14.455,14.46,14.39,14.43,3700.0
2025-02-26 19:00:00+00:00,14.425,14.45,14.405,14.435,3036.0
2025-02-26 19:15:00+00:00,14.435,14.47,14.4,14.41,4937.0
2025-02-26 19:30:00+00:00,14.41,14.47,14.405,14.445,2017.0
2025-02-26 19:45:00+00:00,14.445,14.46,14.38,14.385,2576.0
2025-02-26 20:00:00+00:00,14.385,14.42,14.38,14.41,2536.0
2025-02-26 20:15:00+00:00,14.41,14.415,14.39,14.4,1292.0
2025-02-26 20:30:00+00:00,14.39,14.44,14.39,14.425,3198.0
2025-02-26 20:45:00+00:00,14.425,14.455,14.33,14.385,14461.0
2025-02-27 14:30:00+00:00,15.62,15.62,14.495,14.85,5773.0
2025-02-27 14:45:00+00:00,14.805,14.875,14.73,14.83,8958.0
2025-02-27 15:00:00+00:00,14.82,14.95,14.69,14.93,8475.0
2025-02-27 15:15:00+00:00,14.93,15.01,14.84,14.95,6306.0
2025-02-27 15:30:00+00:00,14.995,15.05,14.905,14.96,7902.0
2025-02-27 15:45:00+00:00,14.955,15.005,14.8,14.8,4769.0
2025-02-27 16:00:00+00:00,14.815,14.83,14.74,14.825,6486.0
2025-02-27 16:15:00+00:00,14.82,14.84,14.75,14.785,6245.0
2025-02-27 16:30:00+00:00,14.785,14.8,14.745,14.785,7381.0
2025-02-27 16:45:00+00:00,14.785,14.85,14.675,14.675,13270.0
2025-02-27 17:00:00+00:00,14.675,14.68,14.485,14.49,4262.0
2025-02-27 17:15:00+00:00,14.49,14.52,14.43,14.515,1844.0
2025-02-27 17:30:00+00:00,14.515,14.61,14.49,14.505,2722.0
2025-02-27 17:45:00+00:00,14.505,14.57,14.505,14.565,2187.0
2025-02-27 18:00:00+00:00,14.565,14.715,14.565,14.705,2305.0
2025-02-27 18:15:00+00:00,14.71,14.71,14.65,14.675,3336.0
2025-02-27 18:30:00+00:00,14.675,14.715,14.66,14.695,4118.0
2025-02-27 18:45:00+00:00,14.695,14.805,14.695,14.765,3448.0
2025-02-27 19:00:00+00:00,14.765,14.825,14.76,14.795,4723.0
2025-02-27 19:15:00+00:00,14.795,14.815,14.755,14.765,6631.0
2025-02-27 19:30:00+00:00,14.765,14.785,14.725,14.745,4900.0
2025-02-27 19:45:00+00:00,14.755,14.805,14.725,14.745,7036.0
2025-02-27 20:00:00+00:00,14.745,14.77,14.695,14.705,9714.0
2025-02-27 20:15:00+00:00,14.705,14.77,14.65,14.74,8998.0
2025-02-27 20:30:00+00:00,14.745,14.77,14.715,14.715,10967.0
2025-02-27 20:45:00+00:00,14.715,14.83,14.715,14.775,22506.0
2025-02-28 14:30:00+00:00,14.715,14.79,14.57,14.68,5914.0
2025-02-28 14:45:00+00:00,14.68,14.72,14.655,14.72,1977.0
2025-02-28 15:00:00+00:00,14.72,14.745,14.655,14.705,8103.0
2025-02-28 15:15:00+00:00,14.695,14.765,14.685,14.735,2988.0
2025-02-28 15:30:00+00:00,14.735,14.8,14.725,14.77,7299.0
2025-02-28 15:45:00+00:00,14.77,14.785,14.7,14.725,9083.0
2025-02-28 16:00:00+00:00,14.725,14.735,14.705,14.705,9533.0
2025-02-28 16:15:00+00:00,14.705,14.715,14.69,14.695,6736.0
2025-02-28 16:30:00+00:00,14.695,14.73,14.695,14.715,3359.0
2025-02-28 16:45:00+00:00,14.715,14.74,14.69,14.69,9023.0
2025-02-28 17:00:00+00:00,14.69,14.705,14.655,14.675,8030.0
2025-02-28 17:15:00+00:00,14.675,14.69,14.655,14.665,3607.0
2025-02-28 17:30:00+00:00,14.665,14.665,14.58,14.585,5622.0
2025-02-28 17:45:00+00:00,14.585,14.6,14.545,14.57,6456.0
2025-02-28 18:00:00+00:00,14.555,14.56,14.38,14.43,2442.0
2025-02-28 18:15:00+00:00,14.425,14.43,14.265,14.285,1575.0
2025-02-28 18:30:00+00:00,14.29,14.295,14.22,14.225,4181.0
2025-02-28 18:45:00+00:00,14.225,14.25,14.175,14.175,3888.0
2025-02-28 19:00:00+00:00,14.175,14.245,14.175,14.23,3515.0
2025-02-28 19:15:00+00:00,14.23,14.275,14.195,14.265,4517.0
2025-02-28 19:30:00+00:00,14.265,14.325,14.255,14.305,4619.0
2025-02-28 19:45:00+00:00,14.305,14.31,14.255,14.29,4729.0
2025-02-28 20:00:00+00:00,14.295,14.365,14.295,14.355,3262.0
2025-02-28 20:15:00+00:00,14.355,14.395,14.345,14.39,3114.0
2025-02-28 20:30:00+00:00,14.39,14.45,14.365,14.445,3938.0
2025-02-28 20:45:00+00:00,14.445,14.49,14.4,14.49,17689.0
2025-03-03 14:30:00+00:00,14.49,14.875,14.49,14.785,1565.0
2025-03-03 14:45:00+00:00,14.785,14.84,14.73,14.82,1316.0
2025-03-03 15:00:00+00:00,14.78,14.82,14.68,14.81,1967.0
2025-03-03 15:15:00+00:00,14.81,14.87,14.775,14.855,3190.0
2025-03-03 15:30:00+00:00,14.855,14.945,14.855,14.945,3510.0
2025-03-03 15:45:00+00:00,14.945,14.955,14.82,14.855,4010.0
2025-03-03 16:00:00+00:00,14.855,14.9,14.82,14.84,5102.0
2025-03-03 16:15:00+00:00,14.84,14.87,14.8,14.8,3722.0
2025-03-03 16:30:00+00:00,14.805,14.83,14.78,14.785,5275.0
2025-03-03 16:45:00+00:00,14.785,14.9,14.78,14.895,3396.0
2025-03-03 17:00:00+00:00,14.895,14.92,14.87,14.915,3235.0
2025-03-03 17:15:00+00:00,14.915,14.92,14.87,14.885,2552.0
2025-03-03 17:30:00+00:00,14.885,14.905,14.87,14.895,1333.0
2025-03-03 17:45:00+00:00,14.895,14.9,14.825,14.84,5234.0
2025-03-03 18:00:00+00:00,14.84,14.845,14.79,14.795,4672.0
2025-03-03 18:15:00+00:00,14.795,14.81,14.775,14.775,9922.0
2025-03-03 18:30:00+00:00,14.775,14.78,14.715,14.76,4513.0
2025-03-03 18:45:00+00:00,14.755,14.79,14.705,14.715,3005.0
2025-03-03 19:00:00+00:00,14.715,14.735,14.705,14.715,2653.0
2025-03-03 19:15:00+00:00,14.715,14.725,14.695,14.705,5237.0
2025-03-03 19:30:00+00:00,14.705,14.765,14.705,14.755,1993.0
2025-03-03 19:45:00+00:00,14.755,14.755,14.54,14.565,10001.0
2025-03-03 20:00:00+00:00,14.565,14.625,14.54,14.585,7258.0
2025-03-03 20:15:00+00:00,14.585,14.62,14.545,14.55,2062.0
2025-03-03 20:30:00+00:00,14.555,14.635,14.555,14.635,5348.0
2025-03-03 20:45:00+00:00,14.635,14.7,14.625,14.65,31011.0
2025-03-04 14:30:00+00:00,14.65,14.65,14.295,14.33,682.0
2025-03-04 14:45:00+00:00,14.33,14.34,14.06,14.07,5299.0
2025-03-04 15:00:00+00:00,14.06,14.115,13.99,14.0,5484.0
2025-03-04 15:15:00+00:00,14.0,14.07,13.96,14.065,9402.0
2025-03-04 15:30:00+00:00,14.06,14.095,14.015,14.08,5193.0
2025-03-04 15:45:00+00:00,14.08,14.14,14.03,14.12,2278.0
2025-03-04 16:00:00+00:00,14.105,14.16,14.085,14.15,6048.0
2025-03-04 16:15:00+00:00,14.15,14.16,14.01,14.02,6542.0
2025-03-04 16:30:00+00:00,14.04,14.13,14.03,14.125,2575.0
2025-03-04 16:45:00+00:00,14.125,14.15,14.1,14.115,15997.0
2025-03-04 17:00:00+00:00,14.115,14.115,14.01,14.055,13260.0
2025-03-04 17:15:00+00:00,14.055,14.195,14.055,14.175,2514.0
2025-03-04 17:30:00+00:00,14.175,14.305,14.17,14.265,3904.0
2025-03-04 17:45:00+00:00,14.265,14.285,14.15,14.155,6150.0
2025-03-04 18:00:00+00:00,14.155,14.235,14.13,14.235,2101.0
2025-03-04 18:15:00+00:00,14.235,14.235,14.18,14.185,2423.0
2025-03-04 18:30:00+00:00,14.185,14.225,14.18,14.215,3504.0
2025-03-04 18:45:00+00:00,14.215,14.295,14.21,14.29,2330.0
2025-03-04 19:00:00+00:00,14.285,14.39,14.285,14.38,4981.0
2025-03-04 19:15:00+00:00,14.375,14.4,14.365,14.38,7901.0
2025-03-04 19:30:00+00:00,14.385,14.42,14.38,14.385,4952.0
2025-03-04 19:45:00+00:00,14.385,14.415,14.38,14.41,1901.0
2025-03-04 20:00:00+00:00,14.41,14.46,14.39,14.455,3844.0
2025-03-04 20:15:00+00:00,14.455,14.525,14.45,14.5,3236.0
2025-03-04 20:30:00+00:00,14.5,14.5,14.405,14.405,8120.0
2025-03-04 20:45:00+00:00,14.415,14.415,14.19,14.19,29961.0
2025-03-05 14:30:00+00:00,14.34,14.45,14.27,14.435,812.0
2025-03-05 14:45:00+00:00,14.435,14.51,14.29,14.33,2112.0
2025-03-05 15:00:00+00:00,14.35,14.47,14.315,14.315,1459.0
2025-03-05 15:15:00+00:00,14.315,14.37,14.285,14.365,689.0
2025-03-05 15:30:00+00:00,14.365,14.425,14.33,14.34,2372.0
2025-03-05 15:45:00+00:00,14.335,14.385,14.275,14.355,9734.0
2025-03-05 16:00:00+00:00,14.35,14.46,14.33,14.395,4842.0
2025-03-05 16:15:00+00:00,14.395,14.42,14.37,14.405,2484.0
2025-03-05 16:30:00+00:00,14.4,14.42,14.39,14.395,1024.0
2025-03-05 16:45:00+00:00,14.395,14.43,14.34,14.395,1728.0
2025-03-05 17:00:00+00:00,14.395,14.43,14.385,14.405,3222.0
2025-03-05 17:15:00+00:00,14.395,14.425,14.395,14.41,1162.0
2025-03-05 17:30:00+00:00,14.405,14.45,14.405,14.435,5176.0
2025-03-05 17:45:00+00:00,14.435,14.485,14.405,14.475,3459.0
2025-03-05 18:00:00+00:00,14.475,14.505,14.425,14.43,2721.0
2025-03-05 18:15:00+00:00,14.425,14.475,14.425,14.455,2607.0
2025-03-05 18:30:00+00:00,14.455,14.5,14.435,14.455,1869.0
2025-03-05 18:45:00+00:00,14.455,14.51,14.45,14.51,1346.0
2025-03-05 19:00:00+00:00,14.505,14.55,14.49,14.54,2664.0
2025-03-05 19:15:00+00:00,14.545,14.56,14.515,14.555,1859.0
2025-03-05 19:30:00+00:00,14.555,14.6,14.555,14.56,4595.0
2025-03-05 19:45:00+00:00,14.565,14.595,14.55,14.565,2589.0
2025-03-05 20:00:00+00:00,14.565,14.63,14.565,14.605,2683.0
2025-03-05 20:15:00+00:00,14.605,14.645,14.58,14.64,2393.0
2025-03-05 20:30:00+00:00,14.635,14.635,14.56,14.595,5594.0
2025-03-05 20:45:00+00:00,14.59,14.63,14.545,14.63,9718.0
2025-03-06 14:30:00+00:00,14.63,14.705,14.51,14.555,514.0
2025-03-06 14:45:00+00:00,14.56,14.66,14.56,14.57,460.0
2025-03-06 15:00:00+00:00,14.575,14.705,14.515,14.705,4157.0
2025-03-06 15:15:00+00:00,14.705,14.71,14.65,14.68,1946.0
2025-03-06 15:30:00+00:00,14.68,14.71,14.655,14.68,614.0
2025-03-06 15:45:00+00:00,14.68,14.705,14.62,14.675,2901.0
2025-03-06 16:00:00+00:00,14.675,14.69,14.645,14.66,1720.0
2025-03-06 16:15:00+00:00,14.665,14.71,14.65,14.69,1161.0
2025-03-06 16:30:00+00:00,14.69,14.72,14.645,14.665,2098.0
2025-03-06 16:45:00+00:00,14.665,14.675,14.58,14.605,5100.0
2025-03-06 17:00:00+00:00,14.6,14.62,14.59,14.595,2614.0
2025-03-06 17:15:00+00:00,14.595,14.62,14.565,14.565,4307.0
2025-03-06 17:30:00+00:00,14.565,14.61,14.565,14.575,1405.0
2025-03-06 17:45:00+00:00,14.57,14.625,14.55,14.625,2580.0
2025-03-06 18:00:00+00:00,14.625,14.69,14.615,14.665,2746.0
2025-03-06 18:15:00+00:00,14.67,14.69,14.65,14.655,2637.0
2025-03-06 18:30:00+00:00,14.655,14.67,14.55,14.565,5616.0
2025-03-06 18:45:00+00:00,14.565,14.6,14.545,14.595,2344.0
2025-03-06 19:00:00+00:00,14.595,14.655,14.575,14.655,5616.0
2025-03-06 19:15:00+00:00,14.655,14.68,14.62,14.67,4383.0
2025-03-06 19:30:00+00:00,14.665,14.68,14.63,14.635,5616.0
2025-03-06 19:45:00+00:00,14.645,14.7,14.63,14.635,4071.0
2025-03-06 20:00:00+00:00,14.635,14.76,14.62,14.745,5341.0
2025-03-06 20:15:00+00:00,14.74,14.76,14.72,14.755,3591.0
2025-03-06 20:30:00+00:00,14.755,14.815,14.75,14.765,8945.0
2025-03-06 20:45:00+00:00,14.765,14.86,14.75,14.83,44203.0
2025-03-07 14:30:00+00:00,14.83,14.83,14.61,14.715,2029.0
2025-03-07 14:45:00+00:00,14.715,14.815,14.695,14.7,4418.0
2025-03-07 15:00:00+00:00,14.69,14.82,14.69,14.745,4584.0
2025-03-07 15:15:00+00:00,14.745,14.77,14.675,14.75,4945.0
2025-03-07 15:30:00+00:00,14.74,14.795,14.72,14.76,2486.0
2025-03-07 15:45:00+00:00,14.76,14.83,14.745,14.805,3905.0
2025-03-07 16:00:00+00:00,14.805,14.815,14.775,14.805,2109.0
2025-03-07 16:15:00+00:00,14.81,14.83,14.775,14.785,3478.0
2025-03-07 16:30:00+00:00,14.785,14.785,14.69,14.745,5095.0
2025-03-07 16:45:00+00:00,14.745,14.745,14.67,14.735,5980.0
2025-03-07 17:00:00+00:00,14.735,14.75,14.64,14.655,556.0
2025-03-07 17:15:00+00:00,14.655,14.715,14.635,14.705,2450.0
2025-03-07 17:30:00+00:00,14.705,14.8,14.7,14.795,1780.0
2025-03-07 17:45:00+00:00,14.805,14.815,14.77,14.77,910.0
2025-03-07 18:00:00+00:00,14.775,14.87,14.77,14.86,3822.0
2025-03-07 18:15:00+00:00,14.855,14.95,14.85,14.925,2542.0
2025-03-07 18:30:00+00:00,14.925,14.99,14.91,14.97,2401.0
2025-03-07 18:45:00+00:00,14.965,14.98,14.92,14.965,3420.0
2025-03-07 19:00:00+00:00,14.965,14.975,14.925,14.955,6422.0
2025-03-07 19:15:00+00:00,14.95,15.0,14.945,14.995,4020.0
2025-03-07 19:30:00+00:00,14.995,15.035,14.99,15.015,2495.0
2025-03-07 19:45:00+00:00,15.015,15.025,14.99,14.995,2864.0
2025-03-07 20:00:00+00:00,14.995,15.135,14.99,15.11,5656.0
2025-03-07 20:15:00+00:00,15.11,15.115,15.07,15.1,7220.0
2025-03-07 20:30:00+00:00,15.095,15.1,14.995,15.025,9243.0
2025-03-07 20:45:00+00:00,15.025,15.065,14.96,14.995,30514.0
2025-03-10 13:30:00+00:00,14.995,14.995,14.77,14.915,1031.0
2025-03-10 13:45:00+00:00,14.915,14.985,14.9,14.98,2424.0
2025-03-10 14:00:00+00:00,14.955,14.955,14.755,14.765,3906.0
2025-03-10 14:15:00+00:00,14.765,14.78,14.655,14.705,2416.0
2025-03-10 14:30:00+00:00,14.7,14.785,14.685,14.735,4036.0
2025-03-10 14:45:00+00:00,14.735,14.805,14.725,14.795,5842.0
2025-03-10 15:00:00+00:00,14.795,14.86,14.795,14.835,1085.0
2025-03-10 15:15:00+00:00,14.835,14.835,14.835,14.835,0.0
2025-03-10 15:30:00+00:00,14.835,14.835,14.835,14.835,0.0
2025-03-10 15:45:00+00:00,14.835,14.835,14.835,14.835,0.0
2025-03-10 16:00:00+00:00,14.835,14.835,14.835,14.835,0.0
2025-03-10 16:15:00+00:00,14.835,14.835,14.835,14.835,0.0
2025-03-10 16:30:00+00:00,14.835,14.835,14.835,14.835,0.0
2025-03-10 16:45:00+00:00,14.835,14.835,14.835,14.835,0.0
2025-03-10 17:00:00+00:00,14.835,14.835,14.71,14.71,606.0
2025-03-10 17:15:00+00:00,14.71,14.75,14.7,14.705,3658.0
2025-03-10 17:30:00+00:00,14.705,14.705,14.64,14.64,2795.0
2025-03-10 17:45:00+00:00,14.64,14.665,14.615,14.62,849.0
2025-03-10 18:00:00+00:00,14.625,14.65,14.61,14.62,3729.0
2025-03-10 18:15:00+00:00,14.62,14.625,14.49,14.495,3747.0
2025-03-10 18:30:00+00:00,14.495,14.52,14.49,14.505,1647.0
2025-03-10 18:45:00+00:00,14.505,14.515,14.46,14.485,2934.0
2025-03-10 19:00:00+00:00,14.48,14.505,14.445,14.49,2797.0
2025-03-10 19:15:00+00:00,14.495,14.585,14.49,14.565,4266.0
2025-03-10 19:30:00+00:00,14.565,14.585,14.49,14.49,9574.0
2025-03-10 19:45:00+00:00,14.495,14.565,14.45,14.46,26450.0
2025-03-11 13:30:00+00:00,14.46,14.48,14.395,14.43,720.0
2025-03-11 13:45:00+00:00,14.43,14.55,14.4,14.42,6826.0
2025-03-11 14:00:00+00:00,14.345,14.47,14.29,14.295,1560.0
2025-03-11 14:15:00+00:00,14.295,14.31,14.18,14.19,419.0
2025-03-11 14:30:00+00:00,14.19,14.23,14.11,14.185,5222.0
2025-03-11 14:45:00+00:00,14.18,14.205,14.11,14.11,1968.0
2025-03-11 15:00:00+00:00,14.1,14.205,14.045,14.17,3342.0
2025-03-11 15:15:00+00:00,14.175,14.25,14.175,14.19,2804.0
2025-03-11 15:30:00+00:00,14.195,14.27,14.19,14.245,4315.0
2025-03-11 15:45:00+00:00,14.25,14.26,14.2,14.225,2365.0
2025-03-11 16:00:00+00:00,14.225,14.275,14.09,14.095,1859.0
2025-03-11 16:15:00+00:00,14.105,14.185,14.09,14.145,3155.0
2025-03-11 16:30:00+00:00,14.15,14.205,14.145,14.165,1707.0
2025-03-11 16:45:00+00:00,14.17,14.18,14.13,14.16,1591.0
2025-03-11 17:00:00+00:00,14.155,14.16,14.14,14.155,3134.0
2025-03-11 17:15:00+00:00,14.155,14.19,14.15,14.15,2040.0
2025-03-11 17:30:00+00:00,14.15,14.19,14.125,14.19,1898.0
2025-03-11 17:45:00+00:00,14.185,14.24,14.165,14.185,1508.0
2025-03-11 18:00:00+00:00,14.185,14.25,14.185,14.23,2314.0
2025-03-11 18:15:00+00:00,14.235,14.285,14.225,14.265,1527.0
2025-03-11 18:30:00+00:00,14.265,14.345,14.23,14.335,2121.0
2025-03-11 18:45:00+00:00,14.34,14.39,14.315,14.345,2324.0
2025-03-11 19:00:00+00:00,14.345,14.385,14.29,14.29,3724.0
2025-03-11 19:15:00+00:00,14.295,14.345,14.285,14.305,5019.0
2025-03-11 19:30:00+00:00,14.305,14.335,14.295,14.315,5237.0
2025-03-11 19:45:00+00:00,14.315,14.315,14.18,14.185,20460.0
2025-03-12 13:30:00+00:00,14.185,14.265,14.08,14.085,1033.0
2025-03-12 13:45:00+00:00,14.085,14.11,13.99,14.02,2310.0
2025-03-12 14:00:00+00:00,14.01,14.07,13.995,14.07,1467.0
2025-03-12 14:15:00+00:00,14.055,14.105,14.05,14.055,3686.0
2025-03-12 14:30:00+00:00,14.035,14.05,13.96,13.965,2408.0
2025-03-12 14:45:00+00:00,13.96,13.995,13.925,13.935,1654.0
2025-03-12 15:00:00+00:00,13.935,13.97,13.925,13.945,1783.0
2025-03-12 15:15:00+00:00,13.945,13.97,13.91,13.97,3132.0
2025-03-12 15:30:00+00:00,13.965,14.02,13.965,13.98,2592.0
2025-03-12 15:45:00+00:00,13.98,13.98,13.895,13.93,1945.0
2025-03-12 16:00:00+00:00,13.93,13.97,13.905,13.965,599.0
2025-03-12 16:15:00+00:00,13.96,14.06,13.96,14.035,2063.0
2025-03-12 16:30:00+00:00,14.035,14.05,13.98,13.985,2637.0
2025-03-12 16:45:00+00:00,13.985,14.02,13.955,13.955,1999.0
2025-03-12 17:00:00+00:00,13.955,14.015,13.945,14.01,1337.0
2025-03-12 17:15:00+00:00,14.01,14.07,13.985,14.055,1003.0
2025-03-12 17:30:00+00:00,14.05,14.13,14.05,14.11,1963.0
2025-03-12 17:45:00+00:00,14.115,14.14,14.065,14.065,1690.0
2025-03-12 18:00:00+00:00,14.065,14.11,14.045,14.085,1171.0
2025-03-12 18:15:00+00:00,14.095,14.155,14.085,14.155,697.0
2025-03-12 18:30:00+00:00,14.155,14.18,14.145,14.16,2355.0
2025-03-12 18:45:00+00:00,14.16,14.19,14.135,14.17,3159.0
2025-03-12 19:00:00+00:00,14.17,14.17,14.13,14.165,1114.0
2025-03-12 19:15:00+00:00,14.165,14.195,14.14,14.18,2845.0
2025-03-12 19:30:00+00:00,14.185,14.185,14.085,14.11,6473.0
2025-03-12 19:45:00+00:00,14.115,14.12,13.99,14.015,15586.0
2025-03-13 13:30:00+00:00,14.015,14.11,14.015,14.07,1355.0
2025-03-13 13:45:00+00:00,14.07,14.07,13.95,13.985,2354.0
2025-03-13 14:00:00+00:00,13.985,14.07,13.965,14.07,1796.0
2025-03-13 14:15:00+00:00,14.06,14.06,13.995,14.035,2538.0
2025-03-13 14:30:00+00:00,14.02,14.045,13.97,13.985,5916.0
2025-03-13 14:45:00+00:00,13.985,13.99,13.96,13.965,1571.0
2025-03-13 15:00:00+00:00,13.985,14.025,13.94,13.95,2490.0
2025-03-13 15:15:00+00:00,13.96,13.96,13.93,13.945,1672.0
2025-03-13 15:30:00+00:00,13.945,13.97,13.895,13.915,3305.0
2025-03-13 15:45:00+00:00,13.915,13.92,13.88,13.895,2365.0
2025-03-13 16:00:00+00:00,13.895,13.92,13.85,13.88,1772.0
2025-03-13 16:15:00+00:00,13.88,13.93,13.855,13.905,387.0
2025-03-13 16:30:00+00:00,13.905,13.99,13.885,13.93,1049.0
2025-03-13 16:45:00+00:00,13.93,13.965,13.905,13.94,1480.0
2025-03-13 17:00:00+00:00,13.94,13.96,13.875,13.88,2801.0
2025-03-13 17:15:00+00:00,13.88,13.88,13.82,13.83,512.0
2025-03-13 17:30:00+00:00,13.825,13.83,13.8,13.815,1767.0
2025-03-13 17:45:00+00:00,13.815,13.84,13.795,13.815,1778.0
2025-03-13 18:00:00+00:00,13.82,13.875,13.815,13.875,1719.0
2025-03-13 18:15:00+00:00,13.875,13.88,13.82,13.835,3639.0
2025-03-13 18:30:00+00:00,13.835,13.875,13.83,13.86,3306.0
2025-03-13 18:45:00+00:00,13.865,13.9,13.84,13.865,1239.0
2025-03-13 19:00:00+00:00,13.855,13.89,13.8,13.82,2698.0
2025-03-13 19:15:00+00:00,13.825,13.845,13.72,13.745,5707.0
2025-03-13 19:30:00+00:00,13.745,13.785,13.7,13.765,4980.0
2025-03-13 19:45:00+00:00,13.765,13.765,13.61,13.64,44902.0
2025-03-14 13:30:00+00:00,13.89,13.93,13.76,13.885,2984.0
2025-03-14 13:45:00+00:00,13.885,13.99,13.885,13.925,1193.0
2025-03-14 14:00:00+00:00,13.915,14.0,13.84,13.9,2363.0
2025-03-14 14:15:00+00:00,13.9,13.94,13.88,13.9,3105.0
2025-03-14 14:30:00+00:00,13.9,13.965,13.89,13.955,1561.0
2025-03-14 14:45:00+00:00,13.965,14.02,13.93,14.015,2234.0
2025-03-14 15:00:00+00:00,14.015,14.04,14.0,14.025,2160.0
2025-03-14 15:15:00+00:00,14.025,14.08,14.025,14.065,1449.0
2025-03-14 15:30:00+00:00,14.065,14.115,14.055,14.11,2149.0
2025-03-14 15:45:00+00:00,14.11,14.125,14.07,14.105,2480.0
2025-03-14 16:00:00+00:00,14.11,14.12,14.075,14.095,2103.0
2025-03-14 16:15:00+00:00,14.095,14.11,14.07,14.075,2021.0
2025-03-14 16:30:00+00:00,14.075,14.105,14.055,14.07,3025.0
2025-03-14 16:45:00+00:00,14.07,14.11,14.055,14.095,5154.0
2025-03-14 17:00:00+00:00,14.09,14.135,14.08,14.095,3438.0
2025-03-14 17:15:00+00:00,14.095,14.105,14.075,14.09,2686.0
2025-03-14 17:30:00+00:00,14.085,14.09,14.06,14.06,3609.0
2025-03-14 17:45:00+00:00,14.065,14.095,14.06,14.07,2771.0
2025-03-14 18:00:00+00:00,14.07,14.09,14.065,14.075,464.0
2025-03-14 18:15:00+00:00,14.075,14.09,14.055,14.075,2725.0
2025-03-14 18:30:00+00:00,14.08,14.12,14.075,14.115,3157.0
2025-03-14 18:45:00+00:00,14.115,14.125,14.085,14.095,4164.0
2025-03-14 19:00:00+00:00,14.095,14.15,14.085,14.145,3597.0
2025-03-14 19:15:00+00:00,14.15,14.15,14.13,14.13,2618.0
2025-03-14 19:30:00+00:00,14.13,14.19,14.11,14.145,2719.0
2025-03-14 19:45:00+00:00,14.145,14.165,14.125,14.155,13090.0
2025-03-17 13:30:00+00:00,14.155,14.305,14.155,14.295,164.0
2025-03-17 13:45:00+00:00,14.3,14.325,14.21,14.21,2928.0
2025-03-17 14:00:00+00:00,14.205,14.245,14.175,14.23,988.0
2025-03-17 14:15:00+00:00,14.23,14.26,14.215,14.24,1184.0
2025-03-17 14:30:00+00:00,14.245,14.3,14.24,14.275,1459.0
2025-03-17 14:45:00+00:00,14.275,14.29,14.25,14.255,1782.0
2025-03-17 15:00:00+00:00,14.26,14.305,14.26,14.27,1126.0
2025-03-17 15:15:00+00:00,14.27,14.305,14.26,14.275,2429.0
2025-03-17 15:30:00+00:00,14.275,14.285,14.215,14.22,2624.0
2025-03-17 15:45:00+00:00,14.215,14.25,14.2,14.225,2229.0
2025-03-17 16:00:00+00:00,14.225,14.25,14.215,14.235,886.0
2025-03-17 16:15:00+00:00,14.235,14.24,14.195,14.195,1409.0
2025-03-17 16:30:00+00:00,14.195,14.21,14.17,14.175,993.0
2025-03-17 16:45:00+00:00,14.175,14.21,14.16,14.195,1560.0
2025-03-17 17:00:00+00:00,14.195,14.2,14.16,14.185,1067.0
2025-03-17 17:15:00+00:00,14.185,14.2,14.17,14.175,1023.0
2025-03-17 17:30:00+00:00,14.175,14.22,14.16,14.205,1760.0
2025-03-17 17:45:00+00:00,14.205,14.215,14.195,14.2,1006.0
2025-03-17 18:00:00+00:00,14.205,14.25,14.205,14.235,2002.0
2025-03-17 18:15:00+00:00,14.235,14.235,14.185,14.185,924.0
2025-03-17 18:30:00+00:00,14.185,14.21,14.18,14.205,2401.0
2025-03-17 18:45:00+00:00,14.205,14.23,14.195,14.205,1592.0
2025-03-17 19:00:00+00:00,14.205,14.235,14.2,14.205,2170.0
2025-03-17 19:15:00+00:00,14.205,14.23,14.2,14.215,1421.0
2025-03-17 19:30:00+00:00,14.21,14.26,14.205,14.255,2822.0
2025-03-17 19:45:00+00:00,14.255,14.3,14.245,14.255,11078.0
2025-03-18 13:30:00+00:00,14.255,14.255,14.15,14.15,8.0
2025-03-18 13:45:00+00:00,14.07,14.115,14.03,14.08,1113.0
2025-03-18 14:00:00+00:00,14.08,14.12,14.04,14.11,1467.0
2025-03-18 14:15:00+00:00,14.11,14.2,14.1,14.195,1929.0
2025-03-18 14:30:00+00:00,14.195,14.225,14.18,14.19,1478.0
2025-03-18 14:45:00+00:00,14.195,14.205,14.13,14.135,2457.0
2025-03-18 15:00:00+00:00,14.135,14.135,14.055,14.085,3543.0
2025-03-18 15:15:00+00:00,14.085,14.105,14.07,14.07,1609.0
2025-03-18 15:30:00+00:00,14.07,14.08,14.06,14.065,1187.0
2025-03-18 15:45:00+00:00,14.07,14.07,14.02,14.045,2578.0
2025-03-18 16:00:00+00:00,14.045,14.06,14.03,14.035,2055.0
2025-03-18 16:15:00+00:00,14.035,14.075,14.03,14.075,2317.0
2025-03-18 16:30:00+00:00,14.075,14.105,14.06,14.06,1539.0
2025-03-18 16:45:00+00:00,14.065,14.08,14.04,14.075,1367.0
2025-03-18 17:00:00+00:00,14.07,14.095,14.06,14.095,1785.0
2025-03-18 17:15:00+00:00,14.095,14.13,14.055,14.12,1447.0
2025-03-18 17:30:00+00:00,14.115,14.175,14.115,14.165,2140.0
2025-03-18 17:45:00+00:00,14.17,14.185,14.125,14.13,855.0
2025-03-18 18:00:00+00:00,14.135,14.145,14.1,14.105,1699.0
2025-03-18 18:15:00+00:00,14.11,14.14,14.09,14.095,1659.0
2025-03-18 18:30:00+00:00,14.085,14.12,14.085,14.095,1532.0
2025-03-18 18:45:00+00:00,14.095,14.13,14.09,14.105,2240.0
2025-03-18 19:00:00+00:00,14.095,14.16,14.095,14.155,2593.0
2025-03-18 19:15:00+00:00,14.155,14.195,14.15,14.19,1256.0
2025-03-18 19:30:00+00:00,14.195,14.235,14.19,14.2,4857.0
2025-03-18 19:45:00+00:00,14.2,14.27,14.19,14.215,15512.0
2025-03-19 13:30:00+00:00,14.215,14.3,14.1,14.23,204.0
2025-03-19 13:45:00+00:00,14.23,14.285,14.195,14.2,926.0
2025-03-19 14:00:00+00:00,14.2,14.25,14.19,14.235,710.0
2025-03-19 14:15:00+00:00,14.235,14.29,14.21,14.275,1402.0
2025-03-19 14:30:00+00:00,14.275,14.28,14.245,14.265,1138.0
2025-03-19 14:45:00+00:00,14.265,14.285,14.23,14.25,601.0
2025-03-19 15:00:00+00:00,14.24,14.295,14.24,14.295,820.0
2025-03-19 15:15:00+00:00,14.295,14.295,14.245,14.26,1198.0
2025-03-19 15:30:00+00:00,14.265,14.28,14.245,14.245,703.0
2025-03-19 15:45:00+00:00,14.245,14.305,14.245,14.28,722.0
2025-03-19 16:00:00+00:00,14.28,14.325,14.28,14.305,4796.0
2025-03-19 16:15:00+00:00,14.315,14.33,14.3,14.315,2079.0
2025-03-19 16:30:00+00:00,14.315,14.38,14.315,14.38,2606.0
2025-03-19 16:45:00+00:00,14.375,14.38,14.335,14.35,1793.0
2025-03-19 17:00:00+00:00,14.35,14.37,14.325,14.37,2640.0
2025-03-19 17:15:00+00:00,14.37,14.375,14.33,14.33,1884.0
2025-03-19 17:30:00+00:00,14.335,14.365,14.32,14.345,1090.0
2025-03-19 17:45:00+00:00,14.345,14.345,14.24,14.245,1641.0
2025-03-19 18:00:00+00:00,14.145,14.305,14.145,14.285,2230.0
2025-03-19 18:15:00+00:00,14.295,14.295,14.24,14.265,1669.0
2025-03-19 18:30:00+00:00,14.27,14.395,14.26,14.385,2064.0
2025-03-19 18:45:00+00:00,14.385,14.41,14.35,14.385,2415.0
2025-03-19 19:00:00+00:00,14.395,14.47,14.395,14.435,2601.0
2025-03-19 19:15:00+00:00,14.44,14.475,14.375,14.385,1569.0
2025-03-19 19:30:00+00:00,14.385,14.47,14.385,14.42,2260.0
2025-03-19 19:45:00+00:00,14.425,14.435,14.355,14.415,16198.0
2025-03-20 13:30:00+00:00,14.415,14.415,14.235,14.275,302.0
2025-03-20 13:45:00+00:00,14.275,14.365,14.26,14.365,420.0
2025-03-20 14:00:00+00:00,14.375,14.435,14.355,14.355,1930.0
2025-03-20 14:15:00+00:00,14.355,14.52,14.335,14.465,6463.0
2025-03-20 14:30:00+00:00,14.465,14.5,14.425,14.46,3419.0
2025-03-20 14:45:00+00:00,14.455,14.515,14.445,14.515,2182.0
2025-03-20 15:00:00+00:00,14.52,14.55,14.495,14.535,2880.0
2025-03-20 15:15:00+00:00,14.535,14.57,14.505,14.525,5262.0
2025-03-20 15:30:00+00:00,14.525,14.56,14.495,14.555,2550.0
2025-03-20 15:45:00+00:00,14.555,14.555,14.5,14.505,3738.0
2025-03-20 16:00:00+00:00,14.505,14.53,14.46,14.51,4679.0
2025-03-20 16:15:00+00:00,14.505,14.52,14.48,14.49,3320.0
2025-03-20 16:30:00+00:00,14.495,14.505,14.465,14.485,1782.0
2025-03-20 16:45:00+00:00,14.485,14.485,14.41,14.415,1684.0
2025-03-20 17:00:00+00:00,14.415,14.435,14.41,14.425,944.0
2025-03-20 17:15:00+00:00,14.425,14.43,14.345,14.345,3736.0
2025-03-20 17:30:00+00:00,14.35,14.37,14.34,14.345,930.0
2025-03-20 17:45:00+00:00,14.345,14.36,14.335,14.34,1672.0
2025-03-20 18:00:00+00:00,14.34,14.375,14.33,14.365,2839.0
2025-03-20 18:15:00+00:00,14.365,14.365,14.33,14.335,1606.0
2025-03-20 18:30:00+00:00,14.335,14.36,14.31,14.335,2272.0
2025-03-20 18:45:00+00:00,14.335,14.38,14.335,14.345,1172.0
2025-03-20 19:00:00+00:00,14.345,14.37,14.335,14.345,2065.0
2025-03-20 19:15:00+00:00,14.345,14.36,14.3,14.3,2359.0
2025-03-20 19:30:00+00:00,14.305,14.335,14.3,14.325,5068.0
2025-03-20 19:45:00+00:00,14.325,14.34,14.23,14.23,10905.0
2025-03-21 13:30:00+00:00,14.23,14.23,13.98,14.03,474.0
2025-03-21 13:45:00+00:00,14.055,14.055,13.89,13.955,477.0
2025-03-21 14:00:00+00:00,13.95,13.995,13.91,13.955,1580.0
2025-03-21 14:15:00+00:00,13.955,14.02,13.925,14.005,1218.0
2025-03-21 14:30:00+00:00,14.005,14.02,13.975,14.005,973.0
2025-03-21 14:45:00+00:00,14.0,14.06,13.98,14.055,766.0
2025-03-21 15:00:00+00:00,14.055,14.09,14.03,14.03,2034.0
2025-03-21 15:15:00+00:00,14.03,14.035,13.925,13.935,3029.0
2025-03-21 15:30:00+00:00,13.935,13.99,13.925,13.95,6508.0
2025-03-21 15:45:00+00:00,13.955,14.005,13.95,13.995,1529.0
2025-03-21 16:00:00+00:00,13.995,14.035,13.975,14.02,1215.0
2025-03-21 16:15:00+00:00,14.025,14.065,14.02,14.045,868.0
2025-03-21 16:30:00+00:00,14.045,14.05,14.01,14.025,622.0
2025-03-21 16:45:00+00:00,14.025,14.08,14.025,14.075,1324.0
2025-03-21 17:00:00+00:00,14.075,14.095,14.065,14.07,1270.0
2025-03-21 17:15:00+00:00,14.075,14.1,14.055,14.065,921.0
2025-03-21 17:30:00+00:00,14.065,14.095,14.05,14.085,1259.0
2025-03-21 17:45:00+00:00,14.085,14.11,14.055,14.055,556.0
2025-03-21 18:00:00+00:00,14.055,14.06,14.015,14.035,992.0
2025-03-21 18:15:00+00:00,14.035,14.05,13.99,14.005,1438.0
2025-03-21 18:30:00+00:00,14.005,14.045,14.005,14.045,1914.0
2025-03-21 18:45:00+00:00,14.035,14.05,14.02,14.03,2270.0
2025-03-21 19:00:00+00:00,14.035,14.035,13.98,13.99,1853.0
2025-03-21 19:15:00+00:00,13.99,14.01,13.97,13.975,3541.0
2025-03-21 19:30:00+00:00,13.975,13.985,13.92,13.965,3091.0
2025-03-21 19:45:00+00:00,13.965,13.97,13.9,13.955,9070.0
2025-03-24 13:30:00+00:00,13.955,14.36,13.955,14.33,357.0
2025-03-24 13:45:00+00:00,14.335,14.335,14.21,14.245,1204.0
2025-03-24 14:00:00+00:00,14.245,14.26,14.205,14.24,1717.0
2025-03-24 14:15:00+00:00,14.24,14.27,14.215,14.225,2505.0
2025-03-24 14:30:00+00:00,14.225,14.24,14.19,14.19,1314.0
2025-03-24 14:45:00+00:00,14.2,14.31,14.19,14.295,1207.0
2025-03-24 15:00:00+00:00,14.3,14.335,14.29,14.315,1594.0
2025-03-24 15:15:00+00:00,14.315,14.32,14.24,14.255,1580.0
2025-03-24 15:30:00+00:00,14.255,14.27,14.25,14.265,532.0
2025-03-24 15:45:00+00:00,14.265,14.285,14.24,14.245,2364.0
2025-03-24 16:00:00+00:00,14.245,14.285,14.24,14.26,1442.0
2025-03-24 16:15:00+00:00,14.28,14.28,14.24,14.245,592.0
2025-03-24 16:30:00+00:00,14.245,14.26,14.235,14.235,657.0
2025-03-24 16:45:00+00:00,14.235,14.25,14.235,14.25,760.0
2025-03-24 17:00:00+00:00,14.245,14.26,14.165,14.165,5510.0
2025-03-24 17:15:00+00:00,14.165,14.17,14.14,14.155,1231.0
2025-03-24 17:30:00+00:00,14.155,14.165,14.14,14.145,1735.0
2025-03-24 17:45:00+00:00,14.145,14.15,14.12,14.125,1016.0
2025-03-24 18:00:00+00:00,14.125,14.13,14.115,14.115,1364.0
2025-03-24 18:15:00+00:00,14.115,14.12,14.105,14.115,1038.0
2025-03-24 18:30:00+00:00,14.115,14.14,14.115,14.14,1649.0
2025-03-24 18:45:00+00:00,14.135,14.16,14.13,14.15,1167.0
2025-03-24 19:00:00+00:00,14.145,14.16,14.13,14.14,1871.0
2025-03-24 19:15:00+00:00,14.145,14.195,14.145,14.19,4050.0
2025-03-24 19:30:00+00:00,14.185,14.205,14.175,14.18,3830.0
2025-03-24 19:45:00+00:00,14.185,14.25,14.17,14.245,12866.0
2025-03-25 13:30:00+00:00,14.245,14.37,14.245,14.3,1692.0
2025-03-25 13:45:00+00:00,14.28,14.35,14.25,14.26,2151.0
2025-03-25 14:00:00+00:00,14.26,14.375,14.235,14.335,2944.0
2025-03-25 14:15:00+00:00,14.335,14.41,14.335,14.4,966.0
2025-03-25 14:30:00+00:00,14.4,14.46,14.38,14.43,2178.0
2025-03-25 14:45:00+00:00,14.435,14.485,14.435,14.475,1358.0
2025-03-25 15:00:00+00:00,14.475,14.49,14.455,14.475,1760.0
2025-03-25 15:15:00+00:00,14.48,14.51,14.475,14.505,919.0
2025-03-25 15:30:00+00:00,14.505,14.53,14.5,14.505,1675.0
2025-03-25 15:45:00+00:00,14.505,14.505,14.44,14.48,1628.0
2025-03-25 16:00:00+00:00,14.48,14.495,14.47,14.48,816.0
2025-03-25 16:15:00+00:00,14.48,14.5,14.455,14.465,1100.0
2025-03-25 16:30:00+00:00,14.465,14.48,14.455,14.475,1160.0
2025-03-25 16:45:00+00:00,14.475,14.51,14.465,14.505,2822.0
2025-03-25 17:00:00+00:00,14.505,14.525,14.48,14.495,1619.0
2025-03-25 17:15:00+00:00,14.495,14.5,14.46,14.465,1013.0
2025-03-25 17:30:00+00:00,14.465,14.49,14.465,14.48,458.0
2025-03-25 17:45:00+00:00,14.485,14.485,14.47,14.475,424.0
2025-03-25 18:00:00+00:00,14.475,14.48,14.44,14.455,1511.0
2025-03-25 18:15:00+00:00,14.455,14.46,14.445,14.45,1545.0
2025-03-25 18:30:00+00:00,14.45,14.465,14.43,14.435,3064.0
2025-03-25 18:45:00+00:00,14.435,14.46,14.42,14.46,2109.0
2025-03-25 19:00:00+00:00,14.455,14.485,14.41,14.42,2404.0
2025-03-25 19:15:00+00:00,14.415,14.43,14.39,14.39,2640.0
2025-03-25 19:30:00+00:00,14.395,14.4,14.245,14.365,4976.0
2025-03-25 19:45:00+00:00,14.365,14.43,14.365,14.4,13619.0
2025-03-26 13:30:00+00:00,14.4,14.51,14.4,14.48,501.0
2025-03-26 13:45:00+00:00,14.48,14.48,14.425,14.445,560.0
2025-03-26 14:00:00+00:00,14.445,14.505,14.44,14.495,1027.0
2025-03-26 14:15:00+00:00,14.495,14.495,14.43,14.455,151.0
2025-03-26 14:30:00+00:00,14.455,14.48,14.44,14.47,1103.0
2025-03-26 14:45:00+00:00,14.47,14.47,14.41,14.41,747.0
2025-03-26 15:00:00+00:00,14.415,14.445,14.385,14.395,652.0
2025-03-26 15:15:00+00:00,14.395,14.41,14.355,14.355,788.0
2025-03-26 15:30:00+00:00,14.355,14.39,14.35,14.375,401.0
2025-03-26 15:45:00+00:00,14.375,14.395,14.35,14.375,2211.0
2025-03-26 16:00:00+00:00,14.375,14.41,14.365,14.38,924.0
2025-03-26 16:15:00+00:00,14.375,14.395,14.365,14.395,349.0
2025-03-26 16:30:00+00:00,14.395,14.435,14.375,14.385,1162.0
2025-03-26 16:45:00+00:00,14.39,14.395,14.35,14.355,967.0
2025-03-26 17:00:00+00:00,14.355,14.365,14.35,14.355,947.0
2025-03-26 17:15:00+00:00,14.355,14.355,14.32,14.325,1641.0
2025-03-26 17:30:00+00:00,14.325,14.335,14.27,14.33,2082.0
2025-03-26 17:45:00+00:00,14.33,14.355,14.32,14.335,703.0
2025-03-26 18:00:00+00:00,14.335,14.365,14.33,14.345,704.0
2025-03-26 18:15:00+00:00,14.345,14.35,14.33,14.345,1418.0
2025-03-26 18:30:00+00:00,14.345,14.355,14.32,14.335,1853.0
2025-03-26 18:45:00+00:00,14.335,14.335,14.285,14.295,1149.0
2025-03-26 19:00:00+00:00,14.295,14.31,14.27,14.305,1487.0
2025-03-26 19:15:00+00:00,14.3,14.325,14.27,14.28,1830.0
2025-03-26 19:30:00+00:00,14.28,14.295,14.23,14.235,2383.0
2025-03-26 19:45:00+00:00,14.235,14.275,14.21,14.26,7015.0
2025-03-27 13:30:00+00:00,14.17,14.245,14.09,14.095,1364.0
2025-03-27 13:45:00+00:00,14.08,14.14,14.06,14.115,2356.0
2025-03-27 14:00:00+00:00,14.1,14.16,14.05,14.085,3257.0
2025-03-27 14:15:00+00:00,14.09,14.11,13.99,14.01,5317.0
2025-03-27 14:30:00+00:00,14.0,14.04,13.975,13.99,2635.0
2025-03-27 14:45:00+00:00,13.99,14.01,13.935,13.96,903.0
2025-03-27 15:00:00+00:00,13.96,14.01,13.945,14.005,1496.0
2025-03-27 15:15:00+00:00,14.0,14.005,13.93,13.93,400.0
2025-03-27 15:30:00+00:00,13.93,13.935,13.86,13.88,1402.0
2025-03-27 15:45:00+00:00,13.88,13.93,13.875,13.885,59229.0
2025-03-27 16:00:00+00:00,13.885,13.9,13.845,13.865,536.0
2025-03-27 16:15:00+00:00,13.865,13.885,13.85,13.865,1568.0
2025-03-27 16:30:00+00:00,13.865,13.915,13.865,13.875,2759.0
2025-03-27 16:45:00+00:00,13.875,13.905,13.835,13.845,1985.0
2025-03-27 17:00:00+00:00,13.845,13.875,13.815,13.86,13769.0
2025-03-27 17:15:00+00:00,13.86,13.9,13.845,13.86,4275.0
2025-03-27 17:30:00+00:00,13.85,13.945,13.85,13.905,1623.0
2025-03-27 17:45:00+00:00,13.9,13.945,13.9,13.92,2114.0
2025-03-27 18:00:00+00:00,13.925,13.97,13.905,13.965,1608.0
2025-03-27 18:15:00+00:00,13.965,13.97,13.93,13.97,2114.0
2025-03-27 18:30:00+00:00,13.96,13.99,13.945,13.985,2606.0
2025-03-27 18:45:00+00:00,13.985,14.015,13.965,13.965,4066.0
2025-03-27 19:00:00+00:00,13.975,14.02,13.97,14.02,4042.0
2025-03-27 19:15:00+00:00,14.02,14.08,14.02,14.075,7096.0
2025-03-27 19:30:00+00:00,14.075,14.075,14.02,14.035,7751.0
2025-03-27 19:45:00+00:00,14.035,14.045,13.975,13.975,37526.0
2025-03-28 13:30:00+00:00,13.975,14.04,13.935,13.935,570.0
2025-03-28 13:45:00+00:00,13.92,13.925,13.885,13.885,3217.0
2025-03-28 14:00:00+00:00,13.87,13.93,13.845,13.845,3508.0
2025-03-28 14:15:00+00:00,13.845,13.905,13.78,13.805,5739.0
2025-03-28 14:30:00+00:00,13.805,13.88,13.77,13.855,6065.0
2025-03-28 14:45:00+00:00,13.855,13.88,13.83,13.845,4595.0
2025-03-28 15:00:00+00:00,13.845,13.865,13.8,13.805,2243.0
2025-03-28 15:15:00+00:00,13.805,13.845,13.805,13.83,1721.0
2025-03-28 15:30:00+00:00,13.83,13.84,13.81,13.825,1762.0
2025-03-28 15:45:00+00:00,13.825,13.835,13.8,13.805,762.0
2025-03-28 16:00:00+00:00,13.81,13.86,13.795,13.82,1349.0
2025-03-28 16:15:00+00:00,13.825,13.83,13.79,13.795,1457.0
2025-03-28 16:30:00+00:00,13.795,13.855,13.795,13.835,1247.0
2025-03-28 16:45:00+00:00,13.835,13.86,13.835,13.855,2281.0
2025-03-28 17:00:00+00:00,13.86,13.86,13.74,13.745,1973.0
2025-03-28 17:15:00+00:00,13.75,13.755,13.7,13.7,1062.0
2025-03-28 17:30:00+00:00,13.705,13.73,13.695,13.705,596.0
2025-03-28 17:45:00+00:00,13.715,13.79,13.705,13.77,2091.0
2025-03-28 18:00:00+00:00,13.775,13.795,13.755,13.76,2393.0
2025-03-28 18:15:00+00:00,13.765,13.795,13.745,13.755,4007.0
2025-03-28 18:30:00+00:00,13.755,13.775,13.75,13.75,2926.0
2025-03-28 18:45:00+00:00,13.75,13.815,13.75,13.805,4172.0
2025-03-28 19:00:00+00:00,13.805,13.83,13.795,13.815,3457.0
2025-03-28 19:15:00+00:00,13.815,13.815,13.78,13.795,1407.0
2025-03-28 19:30:00+00:00,13.79,13.79,13.725,13.775,5831.0
2025-03-28 19:45:00+00:00,13.78,13.795,13.7,13.735,25206.0
2025-03-31 13:30:00+00:00,13.545,13.705,13.545,13.565,1517.0
2025-03-31 13:45:00+00:00,13.55,13.595,13.485,13.51,1936.0
2025-03-31 14:00:00+00:00,13.51,13.61,13.505,13.515,4044.0
2025-03-31 14:15:00+00:00,13.515,13.53,13.45,13.45,2301.0
2025-03-31 14:30:00+00:00,13.455,13.57,13.45,13.52,4109.0
2025-03-31 14:45:00+00:00,13.525,13.57,13.485,13.53,2326.0
2025-03-31 15:00:00+00:00,13.535,13.59,13.5,13.575,2693.0
2025-03-31 15:15:00+00:00,13.565,13.635,13.565,13.605,2302.0
2025-03-31 15:30:00+00:00,13.605,13.605,13.575,13.575,1888.0
2025-03-31 15:45:00+00:00,13.575,13.61,13.56,13.56,984.0
2025-03-31 16:00:00+00:00,13.56,13.585,13.545,13.565,3560.0
2025-03-31 16:15:00+00:00,13.565,13.62,13.56,13.615,4755.0
2025-03-31 16:30:00+00:00,13.61,13.675,13.61,13.655,2560.0
2025-03-31 16:45:00+00:00,13.655,13.67,13.62,13.635,1730.0
2025-03-31 17:00:00+00:00,13.635,13.69,13.6,13.665,1605.0
2025-03-31 17:15:00+00:00,13.665,13.695,13.625,13.665,5175.0
2025-03-31 17:30:00+00:00,13.665,13.69,13.65,13.665,1506.0
2025-03-31 17:45:00+00:00,13.665,13.715,13.655,13.705,1146.0
2025-03-31 18:00:00+00:00,13.705,13.77,13.7,13.755,4269.0
2025-03-31 18:15:00+00:00,13.755,13.815,13.75,13.805,2543.0
2025-03-31 18:30:00+00:00,13.805,13.85,13.79,13.835,2713.0
2025-03-31 18:45:00+00:00,13.845,13.905,13.79,13.855,3195.0
2025-03-31 19:00:00+00:00,13.85,13.95,13.85,13.935,4768.0
2025-03-31 19:15:00+00:00,13.935,13.99,13.895,13.9,8006.0
2025-03-31 19:30:00+00:00,13.905,13.99,13.855,13.9,11259.0
2025-03-31 19:45:00+00:00,13.9,13.945,13.895,13.93,18080.0
2025-04-01 13:30:00+00:00,13.93,13.93,13.7,13.705,1168.0
2025-04-01 13:45:00+00:00,13.705,13.77,13.68,13.73,1703.0
2025-04-01 14:00:00+00:00,13.715,13.745,13.61,13.615,722.0
2025-04-01 14:15:00+00:00,13.615,13.71,13.615,13.685,2812.0
2025-04-01 14:30:00+00:00,13.68,13.785,13.67,13.765,2254.0
2025-04-01 14:45:00+00:00,13.765,13.785,13.735,13.765,2072.0
2025-04-01 15:00:00+00:00,13.765,13.86,13.76,13.86,3751.0
2025-04-01 15:15:00+00:00,13.87,13.905,13.82,13.85,2231.0
2025-04-01 15:30:00+00:00,13.85,13.86,13.825,13.855,1969.0
2025-04-01 15:45:00+00:00,13.855,13.865,13.83,13.845,764.0
2025-04-01 16:00:00+00:00,13.85,13.88,13.845,13.845,1096.0
2025-04-01 16:15:00+00:00,13.845,13.855,13.8,13.8,2906.0
2025-04-01 16:30:00+00:00,13.805,13.83,13.75,13.755,3780.0
2025-04-01 16:45:00+00:00,13.755,13.815,13.745,13.805,2296.0
2025-04-01 17:00:00+00:00,13.8,13.83,13.78,13.82,2609.0
2025-04-01 17:15:00+00:00,13.815,13.905,13.61,13.775,36233.0
2025-04-01 17:30:00+00:00,13.785,13.905,13.61,13.77,657.0
2025-04-01 17:45:00+00:00,13.775,13.8,13.75,13.755,2086.0
2025-04-01 18:00:00+00:00,13.755,13.765,13.66,13.67,4514.0
2025-04-01 18:15:00+00:00,13.67,13.67,13.59,13.595,3386.0
2025-04-01 18:30:00+00:00,13.595,13.63,13.59,13.63,2243.0
2025-04-01 18:45:00+00:00,13.625,13.65,13.595,13.625,4318.0
2025-04-01 19:00:00+00:00,13.62,13.69,13.62,13.68,3357.0
2025-04-01 19:15:00+00:00,13.685,13.695,13.635,13.645,4597.0
2025-04-01 19:30:00+00:00,13.645,13.675,13.61,13.645,2746.0
2025-04-01 19:45:00+00:00,13.645,13.655,13.555,13.63,35231.0
2025-04-02 13:30:00+00:00,13.64,13.84,13.64,13.84,798.0
2025-04-02 13:45:00+00:00,13.855,13.93,13.815,13.85,2812.0
2025-04-02 14:00:00+00:00,13.825,13.9,13.825,13.835,2341.0
2025-04-02 14:15:00+00:00,13.835,13.885,13.835,13.88,3163.0
2025-04-02 14:30:00+00:00,13.885,13.91,13.795,13.81,12647.0
2025-04-02 14:45:00+00:00,13.81,13.96,13.81,13.93,6160.0
2025-04-02 15:00:00+00:00,13.93,13.945,13.9,13.915,2721.0
2025-04-02 15:15:00+00:00,13.915,13.92,13.84,13.86,12352.0
2025-04-02 15:30:00+00:00,13.855,13.88,13.82,13.85,12022.0
2025-04-02 15:45:00+00:00,13.85,13.865,13.84,13.845,4405.0
2025-04-02 16:00:00+00:00,13.85,13.87,13.82,13.86,22200.0
2025-04-02 16:15:00+00:00,13.86,13.91,13.835,13.875,12320.0
2025-04-02 16:30:00+00:00,13.875,13.94,13.855,13.93,5207.0
2025-04-02 16:45:00+00:00,13.93,13.98,13.91,13.96,4513.0
2025-04-02 17:00:00+00:00,13.955,14.015,13.955,13.995,4112.0
2025-04-02 17:15:00+00:00,13.995,14.01,13.955,13.99,5932.0
2025-04-02 17:30:00+00:00,13.985,14.005,13.95,14.0,2298.0
2025-04-02 17:45:00+00:00,13.995,14.01,13.975,13.985,2882.0
2025-04-02 18:00:00+00:00,13.985,14.0,13.955,13.965,1836.0
2025-04-02 18:15:00+00:00,13.965,13.965,13.925,13.945,7541.0
2025-04-02 18:30:00+00:00,13.94,13.96,13.91,13.935,8861.0
2025-04-02 18:45:00+00:00,13.935,14.03,13.935,13.975,14512.0
2025-04-02 19:00:00+00:00,13.985,14.065,13.985,14.045,2316.0
2025-04-02 19:15:00+00:00,14.045,14.06,13.97,13.985,3499.0
2025-04-02 19:30:00+00:00,13.975,14.075,13.975,14.05,6188.0
2025-04-02 19:45:00+00:00,14.045,14.08,14.025,14.035,18580.0
2025-04-03 13:30:00+00:00,13.17,13.17,12.66,12.705,16990.0
2025-04-03 13:45:00+00:00,12.68,12.75,12.525,12.555,7927.0
2025-04-03 14:00:00+00:00,12.53,12.64,12.455,12.545,12725.0
2025-04-03 14:15:00+00:00,12.565,12.565,12.36,12.4,8651.0
2025-04-03 14:30:00+00:00,12.4,12.49,12.31,12.34,5646.0
2025-04-03 14:45:00+00:00,12.34,12.34,12.14,12.14,7805.0
2025-04-03 15:00:00+00:00,12.14,12.33,12.13,12.3,8147.0
2025-04-03 15:15:00+00:00,12.305,12.475,12.305,12.415,12274.0
2025-04-03 15:30:00+00:00,12.415,12.45,12.36,12.45,3062.0
2025-04-03 15:45:00+00:00,12.45,12.45,12.3,12.31,3828.0
2025-04-03 16:00:00+00:00,12.31,12.38,12.27,12.38,6050.0
2025-04-03 16:15:00+00:00,12.375,12.515,12.365,12.51,4796.0
2025-04-03 16:30:00+00:00,12.51,12.52,12.385,12.39,7209.0
2025-04-03 16:45:00+00:00,12.39,12.41,12.305,12.305,5245.0
2025-04-03 17:00:00+00:00,12.29,12.32,12.245,12.25,3567.0
2025-04-03 17:15:00+00:00,12.245,12.26,12.17,12.22,3188.0
2025-04-03 17:30:00+00:00,12.22,12.33,12.205,12.33,3248.0
2025-04-03 17:45:00+00:00,12.33,12.33,12.245,12.245,2792.0
2025-04-03 18:00:00+00:00,12.245,12.29,12.24,12.245,7222.0
2025-04-03 18:15:00+00:00,12.245,12.27,12.185,12.265,7308.0
2025-04-03 18:30:00+00:00,12.265,12.44,12.225,12.395,9129.0
2025-04-03 18:45:00+00:00,12.395,12.51,12.37,12.45,30742.0
2025-04-03 19:00:00+00:00,12.45,12.585,12.425,12.535,12436.0
2025-04-03 19:15:00+00:00,12.535,12.55,12.375,12.485,9551.0
2025-04-03 19:30:00+00:00,12.485,12.5,12.41,12.46,12083.0
2025-04-03 19:45:00+00:00,12.455,12.585,12.31,12.43,54264.0
2025-04-04 13:30:00+00:00,12.43,12.43,11.895,11.92,3086.0
2025-04-04 13:45:00+00:00,11.92,12.045,11.795,11.825,2639.0
2025-04-04 14:00:00+00:00,11.815,11.96,11.69,11.745,4063.0
2025-04-04 14:15:00+00:00,11.735,11.825,11.69,11.71,10792.0
2025-04-04 14:30:00+00:00,11.71,11.74,11.62,11.62,9966.0
2025-04-04 14:45:00+00:00,11.62,11.765,11.535,11.755,5733.0
2025-04-04 15:00:00+00:00,11.755,12.175,11.725,12.12,6816.0
2025-04-04 15:15:00+00:00,12.145,12.375,12.14,12.215,4326.0
2025-04-04 15:30:00+00:00,12.205,12.21,11.995,12.02,5301.0
2025-04-04 15:45:00+00:00,12.02,12.14,11.995,12.015,8726.0
2025-04-04 16:00:00+00:00,12.015,12.05,11.955,12.025,5017.0
2025-04-04 16:15:00+00:00,12.025,12.025,11.87,11.915,3744.0
2025-04-04 16:30:00+00:00,11.915,12.03,11.88,11.99,5336.0
2025-04-04 16:45:00+00:00,11.995,12.015,11.915,11.98,4686.0
2025-04-04 17:00:00+00:00,11.985,12.04,11.945,11.995,6036.0
2025-04-04 17:15:00+00:00,12.0,12.12,11.95,12.115,8877.0
2025-04-04 17:30:00+00:00,12.11,12.23,12.035,12.175,5537.0
2025-04-04 17:45:00+00:00,12.175,12.27,12.13,12.26,7632.0
2025-04-04 18:00:00+00:00,12.265,12.275,12.19,12.235,6061.0
2025-04-04 18:15:00+00:00,12.235,12.25,12.11,12.11,5905.0
2025-04-04 18:30:00+00:00,12.115,12.125,11.965,11.975,7603.0
2025-04-04 18:45:00+00:00,11.975,12.065,11.97,12.005,18394.0
2025-04-04 19:00:00+00:00,12.0,12.06,11.915,12.055,13507.0
2025-04-04 19:15:00+00:00,12.055,12.15,12.03,12.105,8016.0
2025-04-04 19:30:00+00:00,12.105,12.275,12.085,12.275,18472.0
2025-04-04 19:45:00+00:00,12.275,12.31,12.16,12.18,38525.0
2025-04-07 13:30:00+00:00,12.18,12.18,11.545,11.575,2786.0
2025-04-07 13:45:00+00:00,11.6,11.895,11.6,11.84,2061.0
2025-04-07 14:00:00+00:00,11.84,12.22,11.64,12.135,9758.0
2025-04-07 14:15:00+00:00,12.11,12.21,11.6,11.6,8572.0
2025-04-07 14:30:00+00:00,11.58,11.655,11.47,11.52,3848.0
2025-04-07 14:45:00+00:00,11.58,11.84,11.53,11.73,12910.0
2025-04-07 15:00:00+00:00,11.73,11.885,11.55,11.57,11014.0
2025-04-07 15:15:00+00:00,11.56,11.635,11.44,11.45,5244.0
2025-04-07 15:30:00+00:00,11.47,11.8,11.46,11.785,6437.0
2025-04-07 15:45:00+00:00,11.78,11.81,11.72,11.725,4004.0
2025-04-07 16:00:00+00:00,11.725,11.75,11.625,11.635,6861.0
2025-04-07 16:15:00+00:00,11.635,11.675,11.535,11.6,3398.0
2025-04-07 16:30:00+00:00,11.595,11.67,11.545,11.565,1439.0
2025-04-07 16:45:00+00:00,11.565,11.58,11.445,11.485,2194.0
2025-04-07 17:00:00+00:00,11.48,11.685,11.475,11.635,3177.0
2025-04-07 17:15:00+00:00,11.635,11.755,11.605,11.75,5275.0
2025-04-07 17:30:00+00:00,11.75,11.86,11.67,11.855,4274.0
2025-04-07 17:45:00+00:00,11.855,11.945,11.815,11.93,3366.0
2025-04-07 18:00:00+00:00,11.93,11.935,11.775,11.79,1750.0
2025-04-07 18:15:00+00:00,11.79,11.895,11.665,11.675,5357.0
2025-04-07 18:30:00+00:00,11.675,11.76,11.665,11.67,3061.0
2025-04-07 18:45:00+00:00,11.66,11.685,11.515,11.535,2240.0
2025-04-07 19:00:00+00:00,11.53,11.67,11.53,11.655,5513.0
2025-04-07 19:15:00+00:00,11.655,11.705,11.56,11.565,4876.0
2025-04-07 19:30:00+00:00,11.565,11.75,11.565,11.64,7857.0
2025-04-07 19:45:00+00:00,11.64,11.76,11.615,11.705,17023.0
2025-04-08 13:30:00+00:00,11.705,11.9,11.705,11.885,3190.0
2025-04-08 13:45:00+00:00,11.885,11.97,11.815,11.945,10877.0
2025-04-08 14:00:00+00:00,11.965,12.09,11.955,12.07,2986.0
2025-04-08 14:15:00+00:00,12.07,12.12,12.04,12.08,11210.0
2025-04-08 14:30:00+00:00,12.08,12.18,12.025,12.08,12059.0
2025-04-08 14:45:00+00:00,12.07,12.085,11.905,11.905,3037.0
2025-04-08 15:00:00+00:00,11.905,12.025,11.905,11.915,4966.0
2025-04-08 15:15:00+00:00,11.915,11.945,11.86,11.865,13669.0
2025-04-08 15:30:00+00:00,11.865,11.965,11.865,11.91,3677.0
2025-04-08 15:45:00+00:00,11.91,11.96,11.88,11.915,6553.0
2025-04-08 16:00:00+00:00,11.915,11.96,11.865,11.87,2235.0
2025-04-08 16:15:00+00:00,11.87,11.88,11.755,11.81,3473.0
2025-04-08 16:30:00+00:00,11.81,11.87,11.725,11.73,5720.0
2025-04-08 16:45:00+00:00,11.73,11.76,11.605,11.615,4800.0
2025-04-08 17:00:00+00:00,11.615,11.675,11.48,11.52,7528.0
2025-04-08 17:15:00+00:00,11.52,11.565,11.485,11.49,1770.0
2025-04-08 17:30:00+00:00,11.505,11.65,11.49,11.64,1597.0
2025-04-08 17:45:00+00:00,11.645,11.645,11.555,11.605,1936.0
2025-04-08 18:00:00+00:00,11.595,11.67,11.56,11.575,8129.0
2025-04-08 18:15:00+00:00,11.57,11.63,11.49,11.505,4936.0
2025-04-08 18:30:00+00:00,11.505,11.66,11.48,11.5,1973.0
2025-04-08 18:45:00+00:00,11.505,11.52,11.425,11.435,1889.0
2025-04-08 19:00:00+00:00,11.43,11.44,11.29,11.3,1795.0
2025-04-08 19:15:00+00:00,11.3,11.345,11.22,11.315,2691.0
2025-04-08 19:30:00+00:00,11.315,11.33,11.165,11.165,6384.0
2025-04-08 19:45:00+00:00,11.165,11.33,11.095,11.31,22768.0
2025-04-09 13:30:00+00:00,11.31,11.49,11.225,11.28,2436.0
2025-04-09 13:45:00+00:00,11.3,11.375,11.27,11.33,1074.0
2025-04-09 14:00:00+00:00,11.36,11.43,11.26,11.28,3418.0
2025-04-09 14:15:00+00:00,11.29,11.345,11.27,11.33,1731.0
2025-04-09 14:30:00+00:00,11.315,11.445,11.305,11.33,5434.0
2025-04-09 14:45:00+00:00,11.33,11.41,11.32,11.34,5444.0
2025-04-09 15:00:00+00:00,11.34,11.46,11.295,11.375,4399.0
2025-04-09 15:15:00+00:00,11.375,11.43,11.305,11.305,3397.0
2025-04-09 15:30:00+00:00,11.305,11.35,11.22,11.255,2597.0
2025-04-09 15:45:00+00:00,11.255,11.325,11.23,11.265,2224.0
2025-04-09 16:00:00+00:00,11.265,11.34,11.225,11.33,2115.0
2025-04-09 16:15:00+00:00,11.335,11.335,11.245,11.25,1967.0
2025-04-09 16:30:00+00:00,11.25,11.38,11.25,11.34,2419.0
2025-04-09 16:45:00+00:00,11.34,11.35,11.265,11.275,830.0
2025-04-09 17:00:00+00:00,11.275,11.47,11.275,11.365,901.0
2025-04-09 17:15:00+00:00,11.38,12.295,11.29,12.03,2001.0
2025-04-09 17:30:00+00:00,12.03,12.25,11.975,12.07,2990.0
2025-04-09 17:45:00+00:00,12.07,12.25,12.07,12.235,3966.0
2025-04-09 18:00:00+00:00,12.27,12.41,12.16,12.21,5314.0
2025-04-09 18:15:00+00:00,12.205,12.35,12.18,12.32,1509.0
2025-04-09 18:30:00+00:00,12.32,12.42,12.16,12.19,3660.0
2025-04-09 18:45:00+00:00,12.09,12.25,12.06,12.085,1883.0
2025-04-09 19:00:00+00:00,12.085,12.32,12.06,12.315,4038.0
2025-04-09 19:15:00+00:00,12.315,12.415,12.255,12.41,2672.0
2025-04-09 19:30:00+00:00,12.41,12.495,12.34,12.42,4845.0
2025-04-09 19:45:00+00:00,12.425,12.475,12.35,12.38,25657.0
2025-04-10 13:30:00+00:00,12.38,12.38,11.79,11.79,1438.0
2025-04-10 13:45:00+00:00,11.815,11.88,11.81,11.845,5734.0
2025-04-10 14:00:00+00:00,11.84,11.92,11.805,11.855,6494.0
2025-04-10 14:15:00+00:00,11.855,11.925,11.835,11.855,6217.0
2025-04-10 14:30:00+00:00,11.875,11.95,11.865,11.88,3365.0
2025-04-10 14:45:00+00:00,11.865,11.875,11.76,11.835,3602.0
2025-04-10 15:00:00+00:00,11.835,11.84,11.75,11.75,3044.0
2025-04-10 15:15:00+00:00,11.755,11.815,11.71,11.71,3473.0
2025-04-10 15:30:00+00:00,11.71,11.745,11.67,11.71,3340.0
2025-04-10 15:45:00+00:00,11.715,11.72,11.615,11.635,3790.0
2025-04-10 16:00:00+00:00,11.635,11.67,11.585,11.62,1255.0
2025-04-10 16:15:00+00:00,11.62,11.625,11.5,11.525,636.0
2025-04-10 16:30:00+00:00,11.515,11.64,11.51,11.6,1526.0
2025-04-10 16:45:00+00:00,11.605,11.685,11.58,11.665,3066.0
2025-04-10 17:00:00+00:00,11.66,11.82,11.51,11.51,1296.0
2025-04-10 17:15:00+00:00,11.51,11.625,11.47,11.615,1344.0
2025-04-10 17:30:00+00:00,11.615,11.735,11.58,11.725,4881.0
2025-04-10 17:45:00+00:00,11.725,11.84,11.72,11.825,2749.0
2025-04-10 18:00:00+00:00,11.825,11.895,11.69,11.69,1635.0
2025-04-10 18:15:00+00:00,11.69,11.88,11.69,11.87,2576.0
2025-04-10 18:30:00+00:00,11.87,11.88,11.775,11.87,2729.0
2025-04-10 18:45:00+00:00,11.87,11.875,11.785,11.79,19983.0
2025-04-10 19:00:00+00:00,11.785,11.875,11.75,11.79,23337.0
2025-04-10 19:15:00+00:00,11.805,11.895,11.765,11.77,6915.0
2025-04-10 19:30:00+00:00,11.77,11.88,11.77,11.83,26184.0
2025-04-10 19:45:00+00:00,11.83,11.995,11.805,11.98,16260.0
2025-04-11 13:30:00+00:00,11.82,11.96,11.82,11.95,1828.0
2025-04-11 13:45:00+00:00,12.0,12.08,11.975,12.02,794.0
2025-04-11 14:00:00+00:00,11.95,12.02,11.89,11.915,2254.0
2025-04-11 14:15:00+00:00,11.915,11.915,11.68,11.695,6256.0
2025-04-11 14:30:00+00:00,11.695,11.805,11.645,11.685,3159.0
2025-04-11 14:45:00+00:00,11.685,11.72,11.57,11.57,4170.0
2025-04-11 15:00:00+00:00,11.57,11.7,11.57,11.58,3877.0
2025-04-11 15:15:00+00:00,11.58,11.665,11.55,11.65,3233.0
2025-04-11 15:30:00+00:00,11.65,11.69,11.615,11.68,1674.0
2025-04-11 15:45:00+00:00,11.67,11.735,11.655,11.71,3933.0
2025-04-11 16:00:00+00:00,11.71,11.735,11.665,11.72,1140.0
2025-04-11 16:15:00+00:00,11.72,11.755,11.67,11.72,1876.0
2025-04-11 16:30:00+00:00,11.72,11.865,11.72,11.86,1695.0
2025-04-11 16:45:00+00:00,11.85,11.96,11.815,11.95,8241.0
2025-04-11 17:00:00+00:00,11.95,11.99,11.885,11.9,3306.0
2025-04-11 17:15:00+00:00,11.905,11.93,11.86,11.89,3606.0
2025-04-11 17:30:00+00:00,11.88,12.11,11.86,12.095,2728.0
2025-04-11 17:45:00+00:00,12.095,12.17,12.065,12.12,3021.0
2025-04-11 18:00:00+00:00,12.115,12.125,12.04,12.07,4007.0
2025-04-11 18:15:00+00:00,12.07,12.075,11.99,12.055,3817.0
2025-04-11 18:30:00+00:00,12.055,12.075,12.01,12.05,2141.0
2025-04-11 18:45:00+00:00,12.045,12.085,12.005,12.01,3584.0
2025-04-11 19:00:00+00:00,12.015,12.1,12.005,12.085,6325.0
2025-04-11 19:15:00+00:00,12.085,12.1,12.02,12.025,4903.0
2025-04-11 19:30:00+00:00,12.015,12.1,12.0,12.075,13512.0
2025-04-11 19:45:00+00:00,12.08,12.085,12.015,12.045,26514.0
2025-04-14 13:30:00+00:00,12.045,12.34,12.045,12.18,739.0
2025-04-14 13:45:00+00:00,12.18,12.26,12.17,12.215,1329.0
2025-04-14 14:00:00+00:00,12.215,12.27,12.18,12.235,1297.0
2025-04-14 14:15:00+00:00,12.235,12.275,12.18,12.265,1723.0
2025-04-14 14:30:00+00:00,12.265,12.285,12.225,12.27,697.0
2025-04-14 14:45:00+00:00,12.275,12.305,12.2,12.26,3029.0
2025-04-14 15:00:00+00:00,12.26,12.275,12.21,12.22,1956.0
2025-04-14 15:15:00+00:00,12.22,12.255,12.125,12.13,7712.0
2025-04-14 15:30:00+00:00,12.13,12.18,12.09,12.145,2589.0
2025-04-14 15:45:00+00:00,12.16,12.16,12.045,12.045,5096.0
2025-04-14 16:00:00+00:00,12.045,12.08,12.02,12.06,11793.0
2025-04-14 16:15:00+00:00,12.06,12.09,12.04,12.05,1506.0
2025-04-14 16:30:00+00:00,12.05,12.11,12.045,12.1,1084.0
2025-04-14 16:45:00+00:00,12.1,12.11,12.085,12.105,5678.0
2025-04-14 17:00:00+00:00,12.13,12.215,12.095,12.11,4059.0
2025-04-14 17:15:00+00:00,12.115,12.145,12.085,12.105,18875.0
2025-04-14 17:30:00+00:00,12.11,12.135,12.08,12.085,2743.0
2025-04-14 17:45:00+00:00,12.085,12.14,12.085,12.13,1727.0
2025-04-14 18:00:00+00:00,12.13,12.17,12.13,12.16,8703.0
2025-04-14 18:15:00+00:00,12.16,12.225,12.16,12.225,1937.0
2025-04-14 18:30:00+00:00,12.225,12.25,12.21,12.24,1365.0
2025-04-14 18:45:00+00:00,12.24,12.28,12.235,12.26,5851.0
2025-04-14 19:00:00+00:00,12.26,12.295,12.255,12.27,2838.0
2025-04-14 19:15:00+00:00,12.275,12.33,12.25,12.295,6439.0
2025-04-14 19:30:00+00:00,12.295,12.31,12.265,12.295,5789.0
2025-04-14 19:45:00+00:00,12.3,12.305,12.195,12.225,24990.0
2025-04-15 13:30:00+00:00,12.225,12.3,12.225,12.3,394.0
2025-04-15 13:45:00+00:00,12.32,12.38,12.295,12.36,1117.0
2025-04-15 14:00:00+00:00,12.355,12.385,12.285,12.29,2399.0
2025-04-15 14:15:00+00:00,12.29,12.32,12.25,12.3,3355.0
2025-04-15 14:30:00+00:00,12.29,12.375,12.235,12.355,3060.0
2025-04-15 14:45:00+00:00,12.355,12.36,12.29,12.3,4046.0
2025-04-15 15:00:00+00:00,12.3,12.325,12.27,12.32,5771.0
2025-04-15 15:15:00+00:00,12.32,12.325,12.26,12.295,2886.0
2025-04-15 15:30:00+00:00,12.295,12.33,12.265,12.29,4237.0
2025-04-15 15:45:00+00:00,12.295,12.31,12.25,12.285,2518.0
2025-04-15 16:00:00+00:00,12.285,12.32,12.235,12.25,3752.0
2025-04-15 16:15:00+00:00,12.24,12.25,12.19,12.2,1411.0
2025-04-15 16:30:00+00:00,12.2,12.21,12.155,12.17,761.0
2025-04-15 16:45:00+00:00,12.175,12.225,12.175,12.21,1717.0
2025-04-15 17:00:00+00:00,12.21,12.225,12.17,12.175,1742.0
2025-04-15 17:15:00+00:00,12.175,12.185,12.12,12.14,1236.0
2025-04-15 17:30:00+00:00,12.14,12.18,12.13,12.165,1968.0
2025-04-15 17:45:00+00:00,12.16,12.195,12.145,12.18,2701.0
2025-04-15 18:00:00+00:00,12.18,12.195,12.135,12.15,1757.0
2025-04-15 18:15:00+00:00,12.15,12.18,12.125,12.165,1111.0
2025-04-15 18:30:00+00:00,12.165,12.205,12.165,12.195,2352.0
2025-04-15 18:45:00+00:00,12.195,12.22,12.175,12.21,5967.0
2025-04-15 19:00:00+00:00,12.205,12.215,12.13,12.19,5673.0
2025-04-15 19:15:00+00:00,12.185,12.185,12.125,12.135,5303.0
2025-04-15 19:30:00+00:00,12.135,12.16,12.075,12.085,7827.0
2025-04-15 19:45:00+00:00,12.085,12.135,12.04,12.115,18708.0
2025-04-16 13:30:00+00:00,12.015,12.12,12.015,12.03,212.0
2025-04-16 13:45:00+00:00,12.03,12.105,12.03,12.05,3168.0
2025-04-16 14:00:00+00:00,12.055,12.115,12.03,12.045,1021.0
2025-04-16 14:15:00+00:00,12.045,12.05,11.96,12.05,578.0
2025-04-16 14:30:00+00:00,12.035,12.06,12.005,12.055,450.0
2025-04-16 14:45:00+00:00,12.055,12.055,11.995,12.025,543.0
2025-04-16 15:00:00+00:00,12.025,12.09,12.01,12.065,2264.0
2025-04-16 15:15:00+00:00,12.065,12.115,12.04,12.09,342.0
2025-04-16 15:30:00+00:00,12.095,12.105,12.065,12.065,278.0
2025-04-16 15:45:00+00:00,12.065,12.075,12.045,12.05,2305.0
2025-04-16 16:00:00+00:00,12.055,12.075,12.045,12.055,1809.0
2025-04-16 16:15:00+00:00,12.055,12.075,12.05,12.07,467.0
2025-04-16 16:30:00+00:00,12.065,12.09,12.015,12.035,1758.0
2025-04-16 16:45:00+00:00,12.035,12.045,12.005,12.015,515.0
2025-04-16 17:00:00+00:00,12.015,12.05,12.0,12.045,1039.0
2025-04-16 17:15:00+00:00,12.045,12.055,12.02,12.03,811.0
2025-04-16 17:30:00+00:00,12.035,12.035,11.9,11.92,789.0
2025-04-16 17:45:00+00:00,11.915,11.92,11.82,11.82,1722.0
2025-04-16 18:00:00+00:00,11.82,11.875,11.785,11.835,2290.0
2025-04-16 18:15:00+00:00,11.845,11.855,11.805,11.835,1851.0
2025-04-16 18:30:00+00:00,11.835,11.855,11.815,11.835,1595.0
2025-04-16 18:45:00+00:00,11.835,11.85,11.815,11.825,5188.0
2025-04-16 19:00:00+00:00,11.825,11.85,11.785,11.825,1753.0
2025-04-16 19:15:00+00:00,11.815,11.83,11.69,11.705,8885.0
2025-04-16 19:30:00+00:00,11.705,11.845,11.705,11.845,8675.0
2025-04-16 19:45:00+00:00,11.845,11.895,11.84,11.88,9567.0
2025-04-17 13:30:00+00:00,11.88,12.04,11.88,12.04,312.0
2025-04-17 13:45:00+00:00,12.04,12.085,12.0,12.035,1668.0
2025-04-17 14:00:00+00:00,12.035,12.07,11.92,11.935,398.0
2025-04-17 14:15:00+00:00,11.935,12.0,11.925,11.96,774.0
2025-04-17 14:30:00+00:00,11.975,11.995,11.915,11.955,1424.0
2025-04-17 14:45:00+00:00,11.955,11.98,11.92,11.925,747.0
2025-04-17 15:00:00+00:00,11.93,12.02,11.93,12.01,293.0
2025-04-17 15:15:00+00:00,12.01,12.02,11.965,11.985,1425.0
2025-04-17 15:30:00+00:00,11.99,12.03,11.98,12.005,1204.0
2025-04-17 15:45:00+00:00,12.01,12.045,11.99,12.01,1475.0
2025-04-17 16:00:00+00:00,12.02,12.075,11.98,12.025,1428.0
2025-04-17 16:15:00+00:00,12.025,12.085,12.025,12.075,2577.0
2025-04-17 16:30:00+00:00,12.08,12.12,12.06,12.085,2546.0
2025-04-17 16:45:00+00:00,12.085,12.13,12.085,12.105,2281.0
2025-04-17 17:00:00+00:00,12.105,12.13,12.07,12.08,1761.0
2025-04-17 17:15:00+00:00,12.075,12.075,12.005,12.015,719.0
2025-04-17 17:30:00+00:00,12.015,12.09,12.015,12.065,219.0
2025-04-17 17:45:00+00:00,12.065,12.12,12.06,12.085,682.0
2025-04-17 18:00:00+00:00,12.09,12.11,12.07,12.085,1056.0
2025-04-17 18:15:00+00:00,12.085,12.11,12.07,12.08,605.0
2025-04-17 18:30:00+00:00,12.085,12.125,12.085,12.105,768.0
2025-04-17 18:45:00+00:00,12.105,12.12,12.045,12.045,1242.0
2025-04-17 19:00:00+00:00,12.045,12.075,12.02,12.025,2529.0
2025-04-17 19:15:00+00:00,12.025,12.045,12.0,12.0,1474.0
2025-04-17 19:30:00+00:00,12.0,12.03,11.985,11.99,3141.0
2025-04-17 19:45:00+00:00,11.995,12.015,11.94,12.005,5602.0
2025-04-18 13:30:00+00:00,12.005,12.005,12.005,12.005,0.0
2025-04-18 13:45:00+00:00,12.005,12.005,12.005,12.005,0.0
2025-04-18 14:00:00+00:00,12.005,12.005,12.005,12.005,0.0
2025-04-18 14:15:00+00:00,12.005,12.005,12.005,12.005,0.0
2025-04-18 14:30:00+00:00,12.005,12.005,12.005,12.005,0.0
2025-04-18 14:45:00+00:00,12.005,12.005,12.005,12.005,0.0
2025-04-18 15:00:00+00:00,12.005,12.005,12.005,12.005,0.0
2025-04-18 15:15:00+00:00,12.005,12.005,12.005,12.005,0.0
2025-04-18 15:30:00+00:00,12.005,12.005,12.005,12.005,0.0
2025-04-18 15:45:00+00:00,12.005,12.005,12.005,12.005,0.0
2025-04-18 16:00:00+00:00,12.005,12.005,12.005,12.005,0.0
2025-04-18 16:15:00+00:00,12.005,12.005,12.005,12.005,0.0
2025-04-18 16:30:00+00:00,12.005,12.005,12.005,12.005,0.0
2025-04-18 16:45:00+00:00,12.005,12.005,12.005,12.005,0.0
2025-04-18 17:00:00+00:00,12.005,12.005,12.005,12.005,0.0
2025-04-18 17:15:00+00:00,12.005,12.005,12.005,12.005,0.0
2025-04-18 17:30:00+00:00,12.005,12.005,12.005,12.005,0.0
2025-04-18 17:45:00+00:00,12.005,12.005,12.005,12.005,0.0
2025-04-18 18:00:00+00:00,12.005,12.005,12.005,12.005,0.0
2025-04-18 18:15:00+00:00,12.005,12.005,12.005,12.005,0.0
2025-04-18 18:30:00+00:00,12.005,12.005,12.005,12.005,0.0
2025-04-18 18:45:00+00:00,12.005,12.005,12.005,12.005,0.0
2025-04-18 19:00:00+00:00,12.005,12.005,12.005,12.005,0.0
2025-04-18 19:15:00+00:00,12.005,12.005,12.005,12.005,0.0
2025-04-18 19:30:00+00:00,12.005,12.005,12.005,12.005,0.0
2025-04-18 19:45:00+00:00,12.005,12.005,12.005,12.005,0.0
2025-04-21 13:30:00+00:00,12.005,12.005,11.79,11.79,520.0
2025-04-21 13:45:00+00:00,11.79,11.79,11.71,11.72,466.0
2025-04-21 14:00:00+00:00,11.7,11.735,11.685,11.71,939.0
2025-04-21 14:15:00+00:00,11.71,11.71,11.635,11.65,686.0
2025-04-21 14:30:00+00:00,11.645,11.655,11.59,11.61,845.0
2025-04-21 14:45:00+00:00,11.61,11.615,11.55,11.55,456.0
2025-04-21 15:00:00+00:00,11.565,11.57,11.53,11.55,446.0
2025-04-21 15:15:00+00:00,11.55,11.55,11.5,11.515,1012.0
2025-04-21 15:30:00+00:00,11.505,11.515,11.445,11.445,598.0
2025-04-21 15:45:00+00:00,11.44,11.45,11.385,11.395,1572.0
2025-04-21 16:00:00+00:00,11.395,11.435,11.39,11.425,2340.0
2025-04-21 16:15:00+00:00,11.425,11.47,11.41,11.47,1628.0
2025-04-21 16:30:00+00:00,11.465,11.55,11.465,11.525,2048.0
2025-04-21 16:45:00+00:00,11.525,11.535,11.48,11.48,558.0
2025-04-21 17:00:00+00:00,11.48,11.505,11.46,11.495,760.0
2025-04-21 17:15:00+00:00,11.495,11.515,11.48,11.485,1381.0
2025-04-21 17:30:00+00:00,11.485,11.505,11.46,11.495,3396.0
2025-04-21 17:45:00+00:00,11.495,11.535,11.485,11.495,4033.0
2025-04-21 18:00:00+00:00,11.495,11.515,11.495,11.505,1891.0
2025-04-21 18:15:00+00:00,11.505,11.53,11.49,11.525,3058.0
2025-04-21 18:30:00+00:00,11.525,11.53,11.49,11.5,2779.0
2025-04-21 18:45:00+00:00,11.505,11.515,11.49,11.5,2275.0
2025-04-21 19:00:00+00:00,11.495,11.53,11.495,11.51,3611.0
2025-04-21 19:15:00+00:00,11.505,11.53,11.5,11.52,2663.0
2025-04-21 19:30:00+00:00,11.525,11.585,11.525,11.535,3578.0
2025-04-21 19:45:00+00:00,11.54,11.635,11.54,11.605,17820.0
2025-04-22 13:30:00+00:00,11.605,12.035,11.605,11.995,7187.0
2025-04-22 13:45:00+00:00,11.995,11.995,11.9,11.905,2295.0
2025-04-22 14:00:00+00:00,11.905,11.905,11.785,11.835,3211.0
2025-04-22 14:15:00+00:00,11.835,11.86,11.78,11.8,2012.0
2025-04-22 14:30:00+00:00,11.8,11.88,11.8,11.87,2076.0
2025-04-22 14:45:00+00:00,11.87,11.9,11.81,11.835,3197.0
2025-04-22 15:00:00+00:00,11.835,11.99,11.835,11.98,4116.0
2025-04-22 15:15:00+00:00,11.98,12.005,11.96,11.97,5356.0
2025-04-22 15:30:00+00:00,11.97,11.985,11.905,11.915,6138.0
2025-04-22 15:45:00+00:00,11.91,11.995,11.91,11.975,3548.0
2025-04-22 16:00:00+00:00,11.98,12.08,11.975,12.075,1326.0
2025-04-22 16:15:00+00:00,12.075,12.08,12.04,12.04,3806.0
2025-04-22 16:30:00+00:00,12.035,12.05,11.98,12.005,1152.0
2025-04-22 16:45:00+00:00,12.005,12.005,11.95,11.98,1426.0
2025-04-22 17:00:00+00:00,11.98,12.01,11.975,11.98,2033.0
2025-04-22 17:15:00+00:00,11.98,11.98,11.895,11.9,2403.0
2025-04-22 17:30:00+00:00,11.9,11.94,11.88,11.885,1568.0
2025-04-22 17:45:00+00:00,11.885,11.89,11.85,11.85,590.0
2025-04-22 18:00:00+00:00,11.85,11.97,11.85,11.955,2319.0
2025-04-22 18:15:00+00:00,11.955,11.99,11.94,11.97,611.0
2025-04-22 18:30:00+00:00,11.975,12.015,11.975,12.0,751.0
2025-04-22 18:45:00+00:00,12.0,12.04,11.99,12.015,2880.0
2025-04-22 19:00:00+00:00,12.01,12.02,11.99,12.005,985.0
2025-04-22 19:15:00+00:00,12.005,12.01,11.95,11.96,3253.0
2025-04-22 19:30:00+00:00,11.965,12.005,11.95,12.005,10991.0
2025-04-22 19:45:00+00:00,12.0,12.045,11.985,12.025,21471.0
2025-04-23 13:30:00+00:00,12.025,12.71,12.025,12.71,1036.0
2025-04-23 13:45:00+00:00,12.74,12.865,12.74,12.775,3809.0
2025-04-23 14:00:00+00:00,12.82,12.84,12.68,12.735,2467.0
2025-04-23 14:15:00+00:00,12.735,12.81,12.675,12.8,3198.0
2025-04-23 14:30:00+00:00,12.815,12.87,12.78,12.825,6395.0
2025-04-23 14:45:00+00:00,12.825,12.83,12.75,12.79,6360.0
2025-04-23 15:00:00+00:00,12.795,12.825,12.72,12.75,4424.0
2025-04-23 15:15:00+00:00,12.745,12.77,12.62,12.65,11117.0
2025-04-23 15:30:00+00:00,12.655,12.71,12.605,12.68,4705.0
2025-04-23 15:45:00+00:00,12.685,12.69,12.59,12.63,4933.0
2025-04-23 16:00:00+00:00,12.625,12.645,12.575,12.59,5006.0
2025-04-23 16:15:00+00:00,12.59,12.61,12.5,12.56,7577.0
2025-04-23 16:30:00+00:00,12.56,12.58,12.54,12.545,2484.0
2025-04-23 16:45:00+00:00,12.545,12.56,12.51,12.56,2672.0
2025-04-23 17:00:00+00:00,12.56,12.58,12.5,12.55,1869.0
2025-04-23 17:15:00+00:00,12.565,12.605,12.53,12.53,3233.0
2025-04-23 17:30:00+00:00,12.54,12.575,12.49,12.53,4826.0
2025-04-23 17:45:00+00:00,12.52,12.56,12.5,12.53,2089.0
2025-04-23 18:00:00+00:00,12.535,12.6,12.535,12.58,2838.0
2025-04-23 18:15:00+00:00,12.575,12.605,12.54,12.545,4494.0
2025-04-23 18:30:00+00:00,12.55,12.58,12.52,12.535,5700.0
2025-04-23 18:45:00+00:00,12.535,12.54,12.48,12.505,5403.0
2025-04-23 19:00:00+00:00,12.505,12.52,12.49,12.505,3856.0
2025-04-23 19:15:00+00:00,12.505,12.515,12.44,12.465,5576.0
2025-04-23 19:30:00+00:00,12.465,12.505,12.43,12.435,9669.0
2025-04-23 19:45:00+00:00,12.435,12.53,12.425,12.495,22589.0
2025-04-24 13:30:00+00:00,12.495,12.52,12.395,12.52,337.0
2025-04-24 13:45:00+00:00,12.49,12.62,12.49,12.62,1181.0
2025-04-24 14:00:00+00:00,12.615,12.665,12.6,12.65,1509.0
2025-04-24 14:15:00+00:00,12.65,12.73,12.62,12.73,2570.0
2025-04-24 14:30:00+00:00,12.73,12.76,12.7,12.74,1983.0
2025-04-24 14:45:00+00:00,12.74,12.75,12.69,12.71,1355.0
2025-04-24 15:00:00+00:00,12.705,12.72,12.67,12.68,2787.0
2025-04-24 15:15:00+00:00,12.68,12.74,12.65,12.695,4561.0
2025-04-24 15:30:00+00:00,12.695,12.755,12.675,12.685,4737.0
2025-04-24 15:45:00+00:00,12.68,12.71,12.66,12.675,1102.0
2025-04-24 16:00:00+00:00,12.685,12.72,12.68,12.71,1721.0
2025-04-24 16:15:00+00:00,12.71,12.745,12.65,12.665,5344.0
2025-04-24 16:30:00+00:00,12.665,12.765,12.665,12.765,906.0
2025-04-24 16:45:00+00:00,12.765,12.79,12.74,12.765,2518.0
2025-04-24 17:00:00+00:00,12.755,12.775,12.74,12.765,419.0
2025-04-24 17:15:00+00:00,12.765,12.785,12.74,12.775,1304.0
2025-04-24 17:30:00+00:00,12.775,12.795,12.76,12.795,2036.0
2025-04-24 17:45:00+00:00,12.79,12.8,12.73,12.745,1992.0
2025-04-24 18:00:00+00:00,12.745,12.78,12.745,12.755,1400.0
2025-04-24 18:15:00+00:00,12.755,12.76,12.73,12.75,2871.0
2025-04-24 18:30:00+00:00,12.755,12.8,12.75,12.795,5197.0
2025-04-24 18:45:00+00:00,12.8,12.83,12.77,12.78,5282.0
2025-04-24 19:00:00+00:00,12.775,12.775,12.73,12.745,4646.0
2025-04-24 19:15:00+00:00,12.75,12.79,12.745,12.765,8093.0
2025-04-24 19:30:00+00:00,12.765,12.815,12.755,12.805,6100.0
2025-04-24 19:45:00+00:00,12.805,12.82,12.76,12.775,14977.0
2025-04-25 13:30:00+00:00,12.775,12.85,12.72,12.85,462.0
2025-04-25 13:45:00+00:00,12.85,12.85,12.7,12.7,2426.0
2025-04-25 14:00:00+00:00,12.72,12.77,12.7,12.755,2705.0
2025-04-25 14:15:00+00:00,12.755,12.765,12.655,12.66,418.0
2025-04-25 14:30:00+00:00,12.65,12.69,12.64,12.685,1206.0
2025-04-25 14:45:00+00:00,12.68,12.72,12.66,12.72,1216.0
2025-04-25 15:00:00+00:00,12.715,12.735,12.68,12.685,607.0
2025-04-25 15:15:00+00:00,12.69,12.71,12.65,12.67,375.0
2025-04-25 15:30:00+00:00,12.66,12.695,12.64,12.66,1088.0
2025-04-25 15:45:00+00:00,12.655,12.705,12.64,12.705,822.0
2025-04-25 16:00:00+00:00,12.705,12.74,12.695,12.725,1452.0
2025-04-25 16:15:00+00:00,12.725,12.75,12.715,12.715,406.0
2025-04-25 16:30:00+00:00,12.715,12.755,12.715,12.745,664.0
2025-04-25 16:45:00+00:00,12.75,12.75,12.72,12.73,536.0
2025-04-25 17:00:00+00:00,12.73,12.76,12.73,12.735,1680.0
2025-04-25 17:15:00+00:00,12.735,12.75,12.72,12.745,297.0
2025-04-25 17:30:00+00:00,12.745,12.83,12.74,12.815,3187.0
2025-04-25 17:45:00+00:00,12.815,12.83,12.76,12.78,3495.0
2025-04-25 18:00:00+00:00,12.78,12.83,12.77,12.815,1262.0
2025-04-25 18:15:00+00:00,12.815,12.85,12.81,12.845,1805.0
2025-04-25 18:30:00+00:00,12.845,12.895,12.84,12.865,2434.0
2025-04-25 18:45:00+00:00,12.865,12.87,12.81,12.84,1827.0
2025-04-25 19:00:00+00:00,12.845,12.865,12.83,12.855,2791.0
2025-04-25 19:15:00+00:00,12.855,12.88,12.85,12.87,4044.0
2025-04-25 19:30:00+00:00,12.865,12.875,12.825,12.87,5236.0
2025-04-25 19:45:00+00:00,12.865,12.92,12.83,12.885,9318.0
2025-04-28 13:30:00+00:00,12.885,13.06,12.885,12.99,1307.0
2025-04-28 13:45:00+00:00,12.99,13.05,12.98,12.995,1290.0
2025-04-28 14:00:00+00:00,12.995,13.13,12.99,13.1,15403.0
2025-04-28 14:15:00+00:00,13.1,13.17,13.09,13.12,3589.0
2025-04-28 14:30:00+00:00,13.12,13.17,13.09,13.11,4102.0
2025-04-28 14:45:00+00:00,13.11,13.13,13.02,13.045,4141.0
2025-04-28 15:00:00+00:00,13.045,13.055,12.99,13.0,2136.0
2025-04-28 15:15:00+00:00,13.01,13.01,12.95,12.955,4007.0
2025-04-28 15:30:00+00:00,12.955,13.02,12.955,12.995,3409.0
2025-04-28 15:45:00+00:00,13.0,13.0,12.95,12.975,2872.0
2025-04-28 16:00:00+00:00,12.975,12.975,12.95,12.975,2723.0
2025-04-28 16:15:00+00:00,12.975,13.01,12.975,12.985,2767.0
2025-04-28 16:30:00+00:00,12.99,13.01,12.975,12.98,2281.0
2025-04-28 16:45:00+00:00,12.985,13.02,12.975,12.985,10521.0
2025-04-28 17:00:00+00:00,12.985,13.005,12.97,12.995,3589.0
2025-04-28 17:15:00+00:00,12.995,13.01,12.97,12.99,1571.0
2025-04-28 17:30:00+00:00,12.98,12.99,12.97,12.985,3054.0
2025-04-28 17:45:00+00:00,12.98,13.015,12.98,13.015,2833.0
2025-04-28 18:00:00+00:00,13.015,13.025,13.0,13.01,1875.0
2025-04-28 18:15:00+00:00,13.005,13.04,13.0,13.035,1828.0
2025-04-28 18:30:00+00:00,13.035,13.04,13.025,13.035,2152.0
2025-04-28 18:45:00+00:00,13.035,13.09,13.035,13.07,2839.0
2025-04-28 19:00:00+00:00,13.075,13.11,13.07,13.105,1899.0
2025-04-28 19:15:00+00:00,13.105,13.13,13.09,13.125,2208.0
2025-04-28 19:30:00+00:00,13.125,13.15,13.095,13.125,9076.0
2025-04-28 19:45:00+00:00,13.135,13.17,13.09,13.14,28791.0
2025-04-29 13:30:00+00:00,13.14,13.21,13.07,13.165,7184.0
2025-04-29 13:45:00+00:00,13.165,13.17,13.09,13.105,5702.0
2025-04-29 14:00:00+00:00,13.11,13.135,13.07,13.095,10030.0
2025-04-29 14:15:00+00:00,13.095,13.12,13.01,13.025,4979.0
2025-04-29 14:30:00+00:00,13.025,13.085,13.025,13.075,2087.0
2025-04-29 14:45:00+00:00,13.085,13.095,13.05,13.08,4950.0
2025-04-29 15:00:00+00:00,13.08,13.115,13.045,13.06,9580.0
2025-04-29 15:15:00+00:00,13.065,13.085,13.03,13.085,5855.0
2025-04-29 15:30:00+00:00,13.085,13.085,13.06,13.06,3675.0
2025-04-29 15:45:00+00:00,13.06,13.075,13.05,13.06,6997.0
2025-04-29 16:00:00+00:00,13.06,13.14,13.055,13.135,3368.0
2025-04-29 16:15:00+00:00,13.135,13.155,13.125,13.13,5235.0
2025-04-29 16:30:00+00:00,13.135,13.15,13.125,13.145,2050.0
2025-04-29 16:45:00+00:00,13.145,13.145,13.07,13.09,4218.0
2025-04-29 17:00:00+00:00,13.09,13.11,13.085,13.095,1950.0
2025-04-29 17:15:00+00:00,13.095,13.13,13.085,13.13,2309.0
2025-04-29 17:30:00+00:00,13.125,13.15,13.115,13.15,2661.0
2025-04-29 17:45:00+00:00,13.145,13.195,13.145,13.19,2960.0
2025-04-29 18:00:00+00:00,13.185,13.22,13.185,13.22,4695.0
2025-04-29 18:15:00+00:00,13.215,13.245,13.215,13.235,9025.0
2025-04-29 18:30:00+00:00,13.235,13.285,13.225,13.26,7351.0
2025-04-29 18:45:00+00:00,13.265,13.27,13.22,13.225,8909.0
2025-04-29 19:00:00+00:00,13.225,13.25,13.21,13.225,3119.0
2025-04-29 19:15:00+00:00,13.225,13.29,13.22,13.285,5681.0
2025-04-29 19:30:00+00:00,13.285,13.285,13.23,13.255,10655.0
2025-04-29 19:45:00+00:00,13.255,13.29,13.24,13.27,24151.0
2025-04-30 13:30:00+00:00,13.27,13.27,12.95,12.965,3243.0
2025-04-30 13:45:00+00:00,12.98,13.145,12.975,13.075,18172.0
2025-04-30 14:00:00+00:00,13.085,13.115,12.985,13.11,5774.0
2025-04-30 14:15:00+00:00,13.11,13.135,13.075,13.11,7572.0
2025-04-30 14:30:00+00:00,13.11,13.16,13.105,13.13,4300.0
2025-04-30 14:45:00+00:00,13.13,13.16,13.08,13.12,3323.0
2025-04-30 15:00:00+00:00,13.12,13.185,13.11,13.165,3905.0
2025-04-30 15:15:00+00:00,13.16,13.215,13.16,13.2,4840.0
2025-04-30 15:30:00+00:00,13.195,13.24,13.175,13.225,4100.0
2025-04-30 15:45:00+00:00,13.22,13.245,13.2,13.225,5418.0
2025-04-30 16:00:00+00:00,13.225,13.27,13.22,13.235,5057.0
2025-04-30 16:15:00+00:00,13.235,13.235,13.16,13.18,5078.0
2025-04-30 16:30:00+00:00,13.175,13.26,13.14,13.24,5303.0
2025-04-30 16:45:00+00:00,13.235,13.245,13.18,13.22,3850.0
2025-04-30 17:00:00+00:00,13.22,13.23,13.17,13.19,2562.0
2025-04-30 17:15:00+00:00,13.19,13.25,13.19,13.245,5896.0
2025-04-30 17:30:00+00:00,13.24,13.265,13.23,13.245,3208.0
2025-04-30 17:45:00+00:00,13.245,13.255,13.22,13.225,2538.0
2025-04-30 18:00:00+00:00,13.225,13.28,13.21,13.245,2814.0
2025-04-30 18:15:00+00:00,13.245,13.275,13.24,13.255,2677.0
2025-04-30 18:30:00+00:00,13.25,13.27,13.205,13.225,2818.0
2025-04-30 18:45:00+00:00,13.225,13.25,13.2,13.21,4764.0
2025-04-30 19:00:00+00:00,13.205,13.235,13.18,13.235,5602.0
2025-04-30 19:15:00+00:00,13.235,13.26,13.215,13.26,6687.0
2025-04-30 19:30:00+00:00,13.255,13.29,13.24,13.285,4481.0
2025-04-30 19:45:00+00:00,13.285,13.39,13.285,13.34,21573.0
2025-05-01 13:30:00+00:00,13.34,14.04,13.34,14.005,8539.0
2025-05-01 13:45:00+00:00,14.08,14.235,13.96,14.02,14923.0
2025-05-01 14:00:00+00:00,14.08,14.185,13.96,14.005,16094.0
2025-05-01 14:15:00+00:00,14.005,14.085,13.94,14.0,14152.0
2025-05-01 14:30:00+00:00,14.005,14.09,13.99,14.045,5076.0
2025-05-01 14:45:00+00:00,14.045,14.07,13.97,14.03,8525.0
2025-05-01 15:00:00+00:00,14.03,14.105,14.0,14.035,4473.0
2025-05-01 15:15:00+00:00,14.035,14.05,13.96,13.985,16533.0
2025-05-01 15:30:00+00:00,13.99,14.02,13.97,14.0,8608.0
2025-05-01 15:45:00+00:00,14.0,14.02,13.9,13.905,14097.0
2025-05-01 16:00:00+00:00,13.905,13.93,13.87,13.91,6989.0
2025-05-01 16:15:00+00:00,13.92,13.965,13.87,13.96,3110.0
2025-05-01 16:30:00+00:00,13.955,14.075,13.955,14.05,2998.0
2025-05-01 16:45:00+00:00,14.045,14.055,13.99,14.0,4621.0
2025-05-01 17:00:00+00:00,14.0,14.085,14.0,14.01,3691.0
2025-05-01 17:15:00+00:00,14.015,14.05,14.005,14.005,3085.0
2025-05-01 17:30:00+00:00,14.005,14.01,13.98,14.0,1885.0
2025-05-01 17:45:00+00:00,13.995,14.015,13.975,13.995,4810.0
2025-05-01 18:00:00+00:00,13.995,14.035,13.99,14.01,9704.0
2025-05-01 18:15:00+00:00,14.0,14.02,13.96,14.0,6412.0
2025-05-01 18:30:00+00:00,13.995,14.02,13.98,14.005,2845.0
2025-05-01 18:45:00+00:00,14.005,14.045,14.005,14.025,4163.0
2025-05-01 19:00:00+00:00,14.025,14.06,14.01,14.01,4558.0
2025-05-01 19:15:00+00:00,14.015,14.025,14.01,14.02,10536.0
2025-05-01 19:30:00+00:00,14.015,14.065,14.01,14.03,22590.0
2025-05-01 19:45:00+00:00,14.025,14.115,14.025,14.045,28788.0
2025-05-02 13:30:00+00:00,14.045,14.22,14.045,14.11,3261.0
2025-05-02 13:45:00+00:00,14.1,14.135,14.02,14.075,10068.0
2025-05-02 14:00:00+00:00,14.08,14.165,14.065,14.105,6125.0
2025-05-02 14:15:00+00:00,14.105,14.17,14.095,14.105,2745.0
2025-05-02 14:30:00+00:00,14.105,14.15,14.07,14.11,4345.0
2025-05-02 14:45:00+00:00,14.105,14.15,14.09,14.135,3584.0
2025-05-02 15:00:00+00:00,14.145,14.155,14.125,14.145,2346.0
2025-05-02 15:15:00+00:00,14.145,14.17,14.06,14.065,3966.0
2025-05-02 15:30:00+00:00,14.065,14.2,14.065,14.175,4878.0
2025-05-02 15:45:00+00:00,14.175,14.21,14.15,14.185,2618.0
2025-05-02 16:00:00+00:00,14.185,14.275,14.17,14.265,5356.0
2025-05-02 16:15:00+00:00,14.265,14.29,14.26,14.265,2273.0
2025-05-02 16:30:00+00:00,14.265,14.3,14.24,14.295,3487.0
2025-05-02 16:45:00+00:00,14.295,14.31,14.23,14.23,2374.0
2025-05-02 17:00:00+00:00,14.235,14.24,14.14,14.14,2844.0
2025-05-02 17:15:00+00:00,14.145,14.16,14.1,14.115,3207.0
2025-05-02 17:30:00+00:00,14.115,14.15,14.09,14.105,3620.0
2025-05-02 17:45:00+00:00,14.105,14.13,14.05,14.095,6661.0
2025-05-02 18:00:00+00:00,14.105,14.105,14.065,14.085,3951.0
2025-05-02 18:15:00+00:00,14.085,14.085,14.035,14.045,6482.0
2025-05-02 18:30:00+00:00,14.045,14.045,14.0,14.0,6443.0
2025-05-02 18:45:00+00:00,14.005,14.03,13.99,14.02,15870.0
2025-05-02 19:00:00+00:00,14.015,14.04,13.995,14.005,8112.0
2025-05-02 19:15:00+00:00,14.005,14.065,14.005,14.035,7158.0
2025-05-02 19:30:00+00:00,14.035,14.05,14.015,14.035,8902.0
2025-05-02 19:45:00+00:00,14.035,14.06,14.005,14.035,21271.0
2025-05-05 13:30:00+00:00,14.035,14.08,13.84,14.04,1630.0
2025-05-05 13:45:00+00:00,14.015,14.08,14.0,14.07,3118.0
2025-05-05 14:00:00+00:00,14.095,14.175,14.055,14.11,3121.0
2025-05-05 14:15:00+00:00,14.11,14.15,14.08,14.14,1484.0
2025-05-05 14:30:00+00:00,14.14,14.19,14.13,14.135,1365.0
2025-05-05 14:45:00+00:00,14.14,14.145,14.11,14.145,1114.0
2025-05-05 15:00:00+00:00,14.145,14.18,14.125,14.135,1369.0
2025-05-05 15:15:00+00:00,14.125,14.15,14.105,14.13,787.0
2025-05-05 15:30:00+00:00,14.135,14.145,14.06,14.065,1681.0
2025-05-05 15:45:00+00:00,14.065,14.075,14.04,14.055,1759.0
2025-05-05 16:00:00+00:00,14.055,14.065,14.03,14.06,1300.0
2025-05-05 16:15:00+00:00,14.06,14.06,14.02,14.035,1338.0
2025-05-05 16:30:00+00:00,14.035,14.04,14.02,14.03,1448.0
2025-05-05 16:45:00+00:00,14.03,14.05,13.995,14.05,4667.0
2025-05-05 17:00:00+00:00,14.045,14.055,14.025,14.035,2713.0
2025-05-05 17:15:00+00:00,14.035,14.065,14.02,14.055,8092.0
2025-05-05 17:30:00+00:00,14.055,14.09,14.045,14.055,6275.0
2025-05-05 17:45:00+00:00,14.055,14.06,14.04,14.05,1583.0
2025-05-05 18:00:00+00:00,14.055,14.07,14.05,14.065,1184.0
2025-05-05 18:15:00+00:00,14.065,14.08,14.05,14.07,2084.0
2025-05-05 18:30:00+00:00,14.075,14.075,14.055,14.065,2451.0
2025-05-05 18:45:00+00:00,14.065,14.075,14.04,14.065,1614.0
2025-05-05 19:00:00+00:00,14.065,14.1,14.045,14.075,2887.0
2025-05-05 19:15:00+00:00,14.075,14.075,14.04,14.045,2378.0
2025-05-05 19:30:00+00:00,14.045,14.07,14.04,14.055,6157.0
2025-05-05 19:45:00+00:00,14.055,14.065,14.025,14.045,21441.0
2025-05-06 13:30:00+00:00,14.045,14.045,13.895,13.985,2231.0
2025-05-06 13:45:00+00:00,13.98,14.055,13.98,14.045,4818.0
2025-05-06 14:00:00+00:00,14.05,14.075,14.01,14.02,1238.0
2025-05-06 14:15:00+00:00,14.01,14.13,14.01,14.12,3314.0
2025-05-06 14:30:00+00:00,14.12,14.12,14.07,14.08,2874.0
2025-05-06 14:45:00+00:00,14.085,14.125,14.05,14.055,1581.0
2025-05-06 15:00:00+00:00,14.065,14.07,14.03,14.055,1508.0
2025-05-06 15:15:00+00:00,14.055,14.115,14.03,14.115,1899.0
2025-05-06 15:30:00+00:00,14.115,14.115,14.05,14.07,2510.0
2025-05-06 15:45:00+00:00,14.07,14.08,14.025,14.025,2163.0
2025-05-06 16:00:00+00:00,14.025,14.115,14.025,14.11,2072.0
2025-05-06 16:15:00+00:00,14.11,14.12,14.05,14.065,2370.0
2025-05-06 16:30:00+00:00,14.06,14.095,14.035,14.045,1694.0
2025-05-06 16:45:00+00:00,14.045,14.05,13.985,14.0,3449.0
2025-05-06 17:00:00+00:00,14.005,14.045,13.99,14.03,1997.0
2025-05-06 17:15:00+00:00,14.035,14.06,14.005,14.015,2200.0
2025-05-06 17:30:00+00:00,14.015,14.025,13.995,14.0,5614.0
2025-05-06 17:45:00+00:00,14.0,14.0,13.965,13.995,7134.0
2025-05-06 18:00:00+00:00,13.995,14.015,13.92,13.93,7452.0
2025-05-06 18:15:00+00:00,13.93,13.935,13.865,13.925,6949.0
2025-05-06 18:30:00+00:00,13.925,13.95,13.87,13.88,3161.0
2025-05-06 18:45:00+00:00,13.875,13.935,13.875,13.935,4196.0
2025-05-06 19:00:00+00:00,13.935,13.975,13.91,13.925,2128.0
2025-05-06 19:15:00+00:00,13.92,13.925,13.85,13.855,6307.0
2025-05-06 19:30:00+00:00,13.855,13.91,13.845,13.905,11462.0
2025-05-06 19:45:00+00:00,13.905,13.93,13.815,13.835,18765.0
2025-05-07 13:30:00+00:00,13.835,13.895,13.785,13.895,204.0
2025-05-07 13:45:00+00:00,13.915,13.915,13.79,13.795,1106.0
2025-05-07 14:00:00+00:00,13.795,13.83,13.755,13.81,3651.0
2025-05-07 14:15:00+00:00,13.82,13.83,13.71,13.76,4929.0
2025-05-07 14:30:00+00:00,13.765,13.765,13.71,13.72,604.0
2025-05-07 14:45:00+00:00,13.73,13.775,13.725,13.76,3545.0
2025-05-07 15:00:00+00:00,13.755,13.77,13.73,13.735,883.0
2025-05-07 15:15:00+00:00,13.74,13.79,13.73,13.785,1496.0
2025-05-07 15:30:00+00:00,13.78,13.81,13.77,13.805,1646.0
2025-05-07 15:45:00+00:00,13.805,13.82,13.775,13.795,1422.0
2025-05-07 16:00:00+00:00,13.795,13.815,13.76,13.765,1409.0
2025-05-07 16:15:00+00:00,13.76,13.775,13.74,13.755,5430.0
2025-05-07 16:30:00+00:00,13.755,13.815,13.73,13.81,2651.0
2025-05-07 16:45:00+00:00,13.81,13.89,13.8,13.875,2479.0
2025-05-07 17:00:00+00:00,13.875,13.88,13.86,13.86,662.0
2025-05-07 17:15:00+00:00,13.865,13.87,13.84,13.845,1256.0
2025-05-07 17:30:00+00:00,13.845,13.88,13.835,13.85,3854.0
2025-05-07 17:45:00+00:00,13.855,13.865,13.79,13.82,2244.0
2025-05-07 18:00:00+00:00,13.815,13.84,13.695,13.7,2388.0
2025-05-07 18:15:00+00:00,13.7,13.75,13.695,13.735,1433.0
2025-05-07 18:30:00+00:00,13.735,13.85,13.715,13.84,2968.0
2025-05-07 18:45:00+00:00,13.825,13.86,13.755,13.86,1301.0
2025-05-07 19:00:00+00:00,13.845,13.85,13.775,13.775,2609.0
2025-05-07 19:15:00+00:00,13.775,13.79,13.71,13.72,3057.0
2025-05-07 19:30:00+00:00,13.725,13.8,13.65,13.75,5961.0
2025-05-07 19:45:00+00:00,13.765,13.785,13.705,13.745,9301.0
2025-05-08 13:30:00+00:00,13.745,13.995,13.745,13.985,134.0
2025-05-08 13:45:00+00:00,13.985,13.99,13.94,13.96,1276.0
2025-05-08 14:00:00+00:00,13.955,13.98,13.915,13.92,3012.0
2025-05-08 14:15:00+00:00,13.92,14.0,13.915,13.995,1705.0
2025-05-08 14:30:00+00:00,13.995,14.08,13.995,14.035,2646.0
2025-05-08 14:45:00+00:00,14.035,14.045,13.975,13.985,1419.0
2025-05-08 15:00:00+00:00,13.985,14.025,13.985,14.025,1792.0
2025-05-08 15:15:00+00:00,14.025,14.12,14.01,14.09,1725.0
2025-05-08 15:30:00+00:00,14.095,14.21,14.08,14.21,1101.0
2025-05-08 15:45:00+00:00,14.21,14.25,14.205,14.205,3104.0
2025-05-08 16:00:00+00:00,14.205,14.22,14.19,14.215,880.0
2025-05-08 16:15:00+00:00,14.215,14.25,14.2,14.205,490.0
2025-05-08 16:30:00+00:00,14.205,14.27,14.2,14.255,2603.0
2025-05-08 16:45:00+00:00,14.255,14.285,14.255,14.28,1529.0
2025-05-08 17:00:00+00:00,14.275,14.275,14.2,14.205,2281.0
2025-05-08 17:15:00+00:00,14.205,14.24,14.2,14.205,1581.0
2025-05-08 17:30:00+00:00,14.205,14.24,14.205,14.22,2644.0
2025-05-08 17:45:00+00:00,14.215,14.22,14.165,14.175,2512.0
2025-05-08 18:00:00+00:00,14.175,14.2,14.165,14.195,2183.0
2025-05-08 18:15:00+00:00,14.195,14.22,14.195,14.195,990.0
2025-05-08 18:30:00+00:00,14.195,14.22,14.195,14.21,1854.0
2025-05-08 18:45:00+00:00,14.215,14.215,14.17,14.17,6077.0
2025-05-08 19:00:00+00:00,14.175,14.175,14.12,14.13,5398.0
2025-05-08 19:15:00+00:00,14.125,14.2,14.125,14.17,7423.0
2025-05-08 19:30:00+00:00,14.175,14.175,14.11,14.14,8256.0
2025-05-08 19:45:00+00:00,14.135,14.135,14.05,14.05,20936.0
2025-05-09 13:30:00+00:00,14.3,14.3,14.05,14.12,1363.0
2025-05-09 13:45:00+00:00,14.11,14.155,14.08,14.145,679.0
2025-05-09 14:00:00+00:00,14.145,14.165,14.1,14.12,696.0
2025-05-09 14:15:00+00:00,14.12,14.125,14.06,14.075,682.0
2025-05-09 14:30:00+00:00,14.075,14.13,14.04,14.13,982.0
2025-05-09 14:45:00+00:00,14.13,14.15,14.105,14.125,1113.0
2025-05-09 15:00:00+00:00,14.125,14.14,14.11,14.13,381.0
2025-05-09 15:15:00+00:00,14.125,14.155,14.11,14.15,1002.0
2025-05-09 15:30:00+00:00,14.14,14.155,14.13,14.135,744.0
2025-05-09 15:45:00+00:00,14.13,14.14,14.1,14.105,528.0
2025-05-09 16:00:00+00:00,14.105,14.15,14.095,14.12,1440.0
2025-05-09 16:15:00+00:00,14.12,14.125,14.095,14.11,689.0
2025-05-09 16:30:00+00:00,14.105,14.14,14.055,14.06,10347.0
2025-05-09 16:45:00+00:00,14.06,14.075,13.985,14.01,4847.0
2025-05-09 17:00:00+00:00,14.01,14.03,13.98,13.985,4865.0
2025-05-09 17:15:00+00:00,13.985,14.08,13.98,14.05,10181.0
2025-05-09 17:30:00+00:00,14.065,14.11,14.025,14.09,14058.0
2025-05-09 17:45:00+00:00,14.09,14.12,14.02,14.05,13026.0
2025-05-09 18:00:00+00:00,14.05,14.08,14.0,14.015,7670.0
2025-05-09 18:15:00+00:00,14.015,14.06,14.0,14.04,4743.0
2025-05-09 18:30:00+00:00,14.04,14.055,14.01,14.055,5999.0
2025-05-09 18:45:00+00:00,14.05,14.08,14.03,14.06,9579.0
2025-05-09 19:00:00+00:00,14.06,14.11,14.045,14.065,6442.0
2025-05-09 19:15:00+00:00,14.065,14.075,14.02,14.05,11933.0
2025-05-09 19:30:00+00:00,14.05,14.09,14.0,14.085,9750.0
2025-05-09 19:45:00+00:00,14.085,14.2,14.085,14.2,20332.0
