date,Open,High,Low,Close,Volume
2023-08-24 14:00:00+00:00,77.18,77.265,76.93,76.94,2602.0
2023-08-24 15:00:00+00:00,76.94,76.95,76.58,76.63,1270.0
2023-08-24 16:00:00+00:00,76.63,76.68,76.49,76.53,1062.0
2023-08-24 17:00:00+00:00,76.53,76.59,76.45,76.46,839.0
2023-08-24 18:00:00+00:00,76.46,76.53,76.33,76.48,1153.0
2023-08-24 19:00:00+00:00,76.45,76.58,76.19,76.19,4868.0
2023-08-25 14:00:00+00:00,76.62,76.76,76.215,76.51,7808.0
2023-08-25 15:00:00+00:00,76.51,76.9,76.49,76.83,6590.0
2023-08-25 16:00:00+00:00,76.785,77.11,76.74,77.11,5510.0
2023-08-25 17:00:00+00:00,77.11,77.25,76.99,77.21,2211.0
2023-08-25 18:00:00+00:00,77.21,77.31,77.12,77.27,2445.0
2023-08-25 19:00:00+00:00,77.29,77.29,76.8,76.86,7278.0
2023-08-28 14:00:00+00:00,77.44,77.51,77.25,77.51,1723.0
2023-08-28 15:00:00+00:00,77.51,77.64,77.345,77.64,1219.0
2023-08-28 16:00:00+00:00,77.64,77.86,77.6,77.85,829.0
2023-08-28 17:00:00+00:00,77.85,77.925,77.57,77.65,1327.0
2023-08-28 18:00:00+00:00,77.65,77.78,77.46,77.76,1728.0
2023-08-28 19:00:00+00:00,77.74,78.16,77.74,78.0,9097.0
2023-08-29 14:00:00+00:00,78.0,78.28,77.76,77.88,10328.0
2023-08-29 15:00:00+00:00,77.88,78.245,77.79,77.86,2644.0
2023-08-29 16:00:00+00:00,77.865,78.32,77.865,78.15,2296.0
2023-08-29 17:00:00+00:00,78.15,78.28,78.08,78.14,1281.0
2023-08-29 18:00:00+00:00,78.16,78.37,78.045,78.33,1810.0
2023-08-29 19:00:00+00:00,78.33,78.43,78.235,78.335,4451.0
2023-08-30 14:00:00+00:00,77.705,77.95,77.04,77.71,8005.0
2023-08-30 15:00:00+00:00,77.71,77.98,77.71,77.81,2288.0
2023-08-30 16:00:00+00:00,77.69,77.695,77.47,77.61,3501.0
2023-08-30 17:00:00+00:00,77.61,77.83,77.32,77.66,5645.0
2023-08-30 18:00:00+00:00,77.66,77.66,77.48,77.58,2159.0
2023-08-30 19:00:00+00:00,77.56,77.63,77.42,77.49,8135.0
2023-08-31 14:00:00+00:00,77.21,77.23,76.74,76.75,5328.0
2023-08-31 15:00:00+00:00,76.765,76.82,76.54,76.575,4141.0
2023-08-31 16:00:00+00:00,76.55,76.63,76.42,76.51,2113.0
2023-08-31 17:00:00+00:00,76.51,76.82,76.46,76.805,2941.0
2023-08-31 18:00:00+00:00,76.79,76.945,76.63,76.695,5631.0
2023-08-31 19:00:00+00:00,76.7,76.73,76.4,76.5,10685.0
2023-09-01 14:00:00+00:00,76.93,76.93,76.48,76.645,3743.0
2023-09-01 15:00:00+00:00,76.63,76.69,76.3,76.32,2309.0
2023-09-01 16:00:00+00:00,76.32,76.525,76.32,76.36,898.0
2023-09-01 17:00:00+00:00,76.36,76.36,76.06,76.34,849.0
2023-09-01 18:00:00+00:00,76.34,76.34,76.11,76.22,2651.0
2023-09-01 19:00:00+00:00,76.22,76.46,76.12,76.35,3330.0
2023-09-04 14:00:00+00:00,76.35,76.35,76.35,76.35,0.0
2023-09-04 15:00:00+00:00,76.35,76.35,76.35,76.35,0.0
2023-09-04 16:00:00+00:00,76.35,76.35,76.35,76.35,0.0
2023-09-04 17:00:00+00:00,76.35,76.35,76.35,76.35,0.0
2023-09-04 18:00:00+00:00,76.35,76.35,76.35,76.35,0.0
2023-09-04 19:00:00+00:00,76.35,76.35,76.35,76.35,0.0
2023-09-05 14:00:00+00:00,75.42,75.62,75.15,75.41,9573.0
2023-09-05 15:00:00+00:00,75.405,75.5,75.2,75.43,6073.0
2023-09-05 16:00:00+00:00,75.43,75.535,75.21,75.215,5514.0
2023-09-05 17:00:00+00:00,75.24,75.29,75.12,75.29,5648.0
2023-09-05 18:00:00+00:00,75.29,75.29,75.15,75.165,5551.0
2023-09-05 19:00:00+00:00,75.165,75.18,74.74,74.79,13288.0
2023-09-06 14:00:00+00:00,74.13,74.51,74.04,74.21,5089.0
2023-09-06 15:00:00+00:00,74.21,74.315,74.03,74.31,7334.0
2023-09-06 16:00:00+00:00,74.29,74.37,73.99,74.015,3378.0
2023-09-06 17:00:00+00:00,73.99,74.35,73.91,74.35,3933.0
2023-09-06 18:00:00+00:00,74.35,74.35,74.165,74.19,2533.0
2023-09-06 19:00:00+00:00,74.21,74.33,74.04,74.125,5540.0
2023-09-07 14:00:00+00:00,73.68,73.95,73.51,73.66,7133.0
2023-09-07 15:00:00+00:00,73.625,74.33,73.625,74.135,3518.0
2023-09-07 16:00:00+00:00,74.15,74.39,74.15,74.31,3554.0
2023-09-07 17:00:00+00:00,74.31,74.34,73.93,73.95,3170.0
2023-09-07 18:00:00+00:00,73.93,74.0,73.61,73.78,3433.0
2023-09-07 19:00:00+00:00,73.79,74.34,73.715,74.31,11671.0
2023-09-08 14:00:00+00:00,74.49,74.56,74.28,74.44,1636.0
2023-09-08 15:00:00+00:00,74.46,74.52,74.285,74.285,1961.0
2023-09-08 16:00:00+00:00,74.285,74.32,74.16,74.16,1015.0
2023-09-08 17:00:00+00:00,74.15,74.15,73.89,73.94,757.0
2023-09-08 18:00:00+00:00,73.93,74.05,73.87,74.02,657.0
2023-09-08 19:00:00+00:00,74.02,74.04,73.78,73.89,5379.0
2023-09-11 14:00:00+00:00,73.88,74.3,73.77,74.19,3190.0
2023-09-11 15:00:00+00:00,74.2,74.535,74.2,74.535,2377.0
2023-09-11 16:00:00+00:00,74.535,74.62,74.4,74.51,1339.0
2023-09-11 17:00:00+00:00,74.51,74.795,74.42,74.61,1230.0
2023-09-11 18:00:00+00:00,74.6,74.755,74.5,74.685,1418.0
2023-09-11 19:00:00+00:00,74.685,74.685,74.17,74.265,7791.0
2023-09-12 14:00:00+00:00,74.085,74.64,74.085,74.55,3110.0
2023-09-12 15:00:00+00:00,74.55,74.74,74.54,74.71,1429.0
2023-09-12 16:00:00+00:00,74.71,74.88,74.665,74.88,1381.0
2023-09-12 17:00:00+00:00,74.88,75.205,74.83,75.205,1084.0
2023-09-12 18:00:00+00:00,75.205,75.205,74.88,74.89,1480.0
2023-09-12 19:00:00+00:00,74.89,74.89,74.68,74.79,3111.0
2023-09-13 14:00:00+00:00,74.53,74.53,73.75,73.87,3250.0
2023-09-13 15:00:00+00:00,73.87,73.97,73.21,73.38,1355.0
2023-09-13 16:00:00+00:00,73.38,73.45,73.22,73.26,1709.0
2023-09-13 17:00:00+00:00,73.26,73.42,73.14,73.42,1562.0
2023-09-13 18:00:00+00:00,73.42,73.57,73.31,73.375,2474.0
2023-09-13 19:00:00+00:00,73.375,73.375,73.12,73.235,3628.0
2023-09-14 14:00:00+00:00,74.08,74.08,73.9,74.055,2943.0
2023-09-14 15:00:00+00:00,74.05,74.3,73.965,74.28,3490.0
2023-09-14 16:00:00+00:00,74.25,74.64,74.23,74.58,2262.0
2023-09-14 17:00:00+00:00,74.64,74.65,74.465,74.52,647.0
2023-09-14 18:00:00+00:00,74.52,74.59,74.4,74.5,855.0
2023-09-14 19:00:00+00:00,74.5,74.54,74.235,74.45,5442.0
2023-09-15 14:00:00+00:00,75.08,75.2,74.705,74.76,2404.0
2023-09-15 15:00:00+00:00,74.76,75.18,74.67,75.14,2143.0
2023-09-15 16:00:00+00:00,75.14,75.15,74.84,74.84,609.0
2023-09-15 17:00:00+00:00,74.84,74.84,74.49,74.54,1528.0
2023-09-15 18:00:00+00:00,74.54,74.62,74.25,74.29,1859.0
2023-09-15 19:00:00+00:00,74.25,74.535,74.1,74.46,8026.0
2023-09-18 14:00:00+00:00,73.95,74.34,73.95,74.15,639.0
2023-09-18 15:00:00+00:00,74.12,74.33,74.085,74.25,1138.0
2023-09-18 16:00:00+00:00,74.25,74.27,74.16,74.195,1857.0
2023-09-18 17:00:00+00:00,74.195,74.655,74.18,74.57,1996.0
2023-09-18 18:00:00+00:00,74.585,74.63,74.36,74.435,3534.0
2023-09-18 19:00:00+00:00,74.435,74.435,74.01,74.07,5536.0
2023-09-19 14:00:00+00:00,74.18,74.18,73.69,73.69,1103.0
2023-09-19 15:00:00+00:00,73.69,73.755,73.44,73.69,2467.0
2023-09-19 16:00:00+00:00,73.69,73.85,73.45,73.63,2883.0
2023-09-19 17:00:00+00:00,73.625,73.775,73.59,73.66,2072.0
2023-09-19 18:00:00+00:00,73.66,73.88,73.62,73.875,1407.0
2023-09-19 19:00:00+00:00,73.83,73.93,73.72,73.87,8046.0
2023-09-20 14:00:00+00:00,74.545,75.115,74.545,75.115,2783.0
2023-09-20 15:00:00+00:00,75.13,75.2,74.84,74.905,3695.0
2023-09-20 16:00:00+00:00,74.88,75.245,74.8,75.245,2387.0
2023-09-20 17:00:00+00:00,75.245,75.5,75.06,75.06,5224.0
2023-09-20 18:00:00+00:00,75.06,75.13,74.89,74.95,6766.0
2023-09-20 19:00:00+00:00,74.935,75.01,74.415,74.425,7803.0
2023-09-21 14:00:00+00:00,74.07,74.29,73.975,73.975,2793.0
2023-09-21 15:00:00+00:00,73.975,74.275,73.89,74.24,1881.0
2023-09-21 16:00:00+00:00,74.24,74.24,74.05,74.055,1241.0
2023-09-21 17:00:00+00:00,74.055,74.16,73.98,74.0,2053.0
2023-09-21 18:00:00+00:00,74.0,74.005,73.91,74.0,1120.0
2023-09-21 19:00:00+00:00,73.97,74.01,73.68,73.695,5974.0
2023-09-22 14:00:00+00:00,73.19,73.79,73.19,73.375,3204.0
2023-09-22 15:00:00+00:00,73.32,73.4,73.03,73.27,3546.0
2023-09-22 16:00:00+00:00,73.27,73.45,73.175,73.375,3334.0
2023-09-22 17:00:00+00:00,73.375,73.7,73.33,73.45,1300.0
2023-09-22 18:00:00+00:00,73.48,73.51,73.345,73.46,1475.0
2023-09-22 19:00:00+00:00,73.48,73.7,73.12,73.15,5018.0
2023-09-25 14:00:00+00:00,73.38,73.495,73.26,73.35,2453.0
2023-09-25 15:00:00+00:00,73.35,73.48,73.3,73.445,1220.0
2023-09-25 16:00:00+00:00,73.445,73.57,73.41,73.47,944.0
2023-09-25 17:00:00+00:00,73.47,73.47,73.3,73.36,3134.0
2023-09-25 18:00:00+00:00,73.36,73.49,73.36,73.43,1281.0
2023-09-25 19:00:00+00:00,73.42,73.8,73.36,73.74,6830.0
2023-09-26 14:00:00+00:00,73.915,74.08,73.805,73.99,3581.0
2023-09-26 15:00:00+00:00,73.99,74.41,73.99,74.33,2019.0
2023-09-26 16:00:00+00:00,74.355,74.7,74.355,74.61,1711.0
2023-09-26 17:00:00+00:00,74.62,74.735,74.45,74.545,1756.0
2023-09-26 18:00:00+00:00,74.57,74.62,74.48,74.615,1434.0
2023-09-26 19:00:00+00:00,74.64,74.72,74.41,74.53,6165.0
2023-09-27 14:00:00+00:00,73.69,73.89,73.02,73.27,4054.0
2023-09-27 15:00:00+00:00,73.27,73.57,73.15,73.5,2204.0
2023-09-27 16:00:00+00:00,73.48,73.695,73.46,73.535,2085.0
2023-09-27 17:00:00+00:00,73.535,73.655,73.31,73.5,2787.0
2023-09-27 18:00:00+00:00,73.5,74.04,73.37,73.83,4276.0
2023-09-27 19:00:00+00:00,73.83,74.09,73.03,73.25,6739.0
2023-09-28 14:00:00+00:00,74.36,74.36,73.81,73.98,2747.0
2023-09-28 15:00:00+00:00,73.99,74.05,73.74,73.995,2576.0
2023-09-28 16:00:00+00:00,74.01,74.08,73.8,73.99,3204.0
2023-09-28 17:00:00+00:00,73.99,74.05,73.855,74.04,2512.0
2023-09-28 18:00:00+00:00,74.02,74.07,73.905,74.05,2477.0
2023-09-28 19:00:00+00:00,74.05,74.37,74.02,74.295,6948.0
2023-09-29 14:00:00+00:00,74.065,74.41,74.01,74.175,2755.0
2023-09-29 15:00:00+00:00,74.2,74.24,74.02,74.05,3316.0
2023-09-29 16:00:00+00:00,74.04,74.21,74.04,74.11,3454.0
2023-09-29 17:00:00+00:00,74.06,74.24,73.92,74.2,2967.0
2023-09-29 18:00:00+00:00,74.21,74.27,73.99,74.21,3979.0
2023-09-29 19:00:00+00:00,74.24,74.32,73.99,74.2,11135.0
2023-10-02 14:00:00+00:00,73.85,73.9,72.89,73.095,3561.0
2023-10-02 15:00:00+00:00,73.09,73.33,72.89,72.93,3318.0
2023-10-02 16:00:00+00:00,72.93,73.015,72.55,72.76,6994.0
2023-10-02 17:00:00+00:00,72.75,72.91,72.73,72.76,5436.0
2023-10-02 18:00:00+00:00,72.78,73.06,72.74,72.95,17163.0
2023-10-02 19:00:00+00:00,72.95,73.33,72.95,73.3,6538.0
2023-10-03 14:00:00+00:00,73.58,74.01,73.58,74.0,4000.0
2023-10-03 15:00:00+00:00,74.0,74.115,73.72,73.78,4847.0
2023-10-03 16:00:00+00:00,73.84,74.21,73.73,73.74,6436.0
2023-10-03 17:00:00+00:00,73.78,74.06,73.505,73.68,10788.0
2023-10-03 18:00:00+00:00,73.65,73.68,73.3,73.45,2490.0
2023-10-03 19:00:00+00:00,73.45,73.515,72.97,73.06,8133.0
2023-10-04 14:00:00+00:00,73.71,73.71,72.82,73.205,3662.0
2023-10-04 15:00:00+00:00,73.205,73.665,73.205,73.66,1238.0
2023-10-04 16:00:00+00:00,73.66,74.27,73.66,74.25,3342.0
2023-10-04 17:00:00+00:00,74.24,74.29,73.57,73.76,4761.0
2023-10-04 18:00:00+00:00,73.76,73.76,73.58,73.72,1121.0
2023-10-04 19:00:00+00:00,73.76,74.24,73.67,74.195,4015.0
2023-10-05 14:00:00+00:00,73.8,73.99,73.32,73.445,8227.0
2023-10-05 15:00:00+00:00,73.42,73.47,73.11,73.26,6047.0
2023-10-05 16:00:00+00:00,73.275,73.34,73.12,73.14,13721.0
2023-10-05 17:00:00+00:00,73.15,73.555,73.12,73.4,3996.0
2023-10-05 18:00:00+00:00,73.43,73.63,73.2,73.57,3726.0
2023-10-05 19:00:00+00:00,73.57,73.745,73.53,73.65,5691.0
2023-10-06 14:00:00+00:00,73.66,74.29,73.48,74.17,2266.0
2023-10-06 15:00:00+00:00,74.15,74.81,73.99,74.81,2433.0
2023-10-06 16:00:00+00:00,74.81,74.89,74.41,74.52,9219.0
2023-10-06 17:00:00+00:00,74.52,74.685,74.45,74.51,1898.0
2023-10-06 18:00:00+00:00,74.52,74.845,74.42,74.66,1351.0
2023-10-06 19:00:00+00:00,74.625,74.74,74.38,74.38,6911.0
2023-10-09 14:00:00+00:00,73.915,74.02,73.75,73.89,1306.0
2023-10-09 15:00:00+00:00,73.89,73.99,73.89,73.93,1603.0
2023-10-09 16:00:00+00:00,73.93,73.97,73.74,73.775,1771.0
2023-10-09 17:00:00+00:00,73.775,74.04,73.67,74.04,1064.0
2023-10-09 18:00:00+00:00,74.04,74.28,74.04,74.26,743.0
2023-10-09 19:00:00+00:00,74.26,74.26,73.84,74.055,11622.0
2023-10-10 14:00:00+00:00,73.895,74.27,73.84,73.84,4948.0
2023-10-10 15:00:00+00:00,73.81,74.25,73.81,74.16,2379.0
2023-10-10 16:00:00+00:00,74.16,74.8,74.16,74.66,3417.0
2023-10-10 17:00:00+00:00,74.645,74.7,74.38,74.47,3453.0
2023-10-10 18:00:00+00:00,74.47,74.47,74.0,74.02,2504.0
2023-10-10 19:00:00+00:00,74.02,74.34,73.99,74.215,4104.0
2023-10-11 14:00:00+00:00,73.86,73.93,72.88,72.88,2559.0
2023-10-11 15:00:00+00:00,72.8,73.21,72.8,73.21,809.0
2023-10-11 16:00:00+00:00,73.21,73.21,72.95,73.16,1685.0
2023-10-11 17:00:00+00:00,73.16,73.33,73.0,73.13,6164.0
2023-10-11 18:00:00+00:00,73.18,73.21,72.925,72.99,2033.0
2023-10-11 19:00:00+00:00,73.02,73.5,73.0,73.43,5459.0
2023-10-12 14:00:00+00:00,72.805,73.08,72.68,72.85,2338.0
2023-10-12 15:00:00+00:00,72.85,73.0,72.78,72.91,1977.0
2023-10-12 16:00:00+00:00,72.92,72.955,72.77,72.77,1265.0
2023-10-12 17:00:00+00:00,72.74,72.75,72.08,72.08,1712.0
2023-10-12 18:00:00+00:00,72.08,72.31,72.05,72.28,1799.0
2023-10-12 19:00:00+00:00,72.28,72.675,72.25,72.575,7798.0
2023-10-13 14:00:00+00:00,72.9,72.96,72.62,72.62,2199.0
2023-10-13 15:00:00+00:00,72.635,73.0,72.63,73.0,1151.0
2023-10-13 16:00:00+00:00,72.995,73.225,72.94,72.97,1157.0
2023-10-13 17:00:00+00:00,72.99,73.42,72.94,73.4,1808.0
2023-10-13 18:00:00+00:00,73.42,73.62,73.355,73.415,1940.0
2023-10-13 19:00:00+00:00,73.35,73.44,73.19,73.32,5902.0
2023-10-16 14:00:00+00:00,71.71,71.86,71.01,71.86,10302.0
2023-10-16 15:00:00+00:00,71.85,72.37,71.58,71.65,4975.0
2023-10-16 16:00:00+00:00,71.69,72.3,71.65,72.17,4410.0
2023-10-16 17:00:00+00:00,72.19,72.53,72.13,72.32,6178.0
2023-10-16 18:00:00+00:00,72.33,72.46,72.045,72.2,6833.0
2023-10-16 19:00:00+00:00,72.2,72.35,71.73,71.78,35557.0
2023-10-17 14:00:00+00:00,71.65,72.045,71.58,71.63,4595.0
2023-10-17 15:00:00+00:00,71.63,72.22,71.63,72.12,2870.0
2023-10-17 16:00:00+00:00,72.12,72.12,71.58,71.67,2543.0
2023-10-17 17:00:00+00:00,71.68,71.78,71.44,71.44,2378.0
2023-10-17 18:00:00+00:00,71.43,71.44,71.09,71.13,3259.0
2023-10-17 19:00:00+00:00,71.15,71.46,71.11,71.38,10089.0
2023-10-18 14:00:00+00:00,71.125,71.38,70.955,71.16,8578.0
2023-10-18 15:00:00+00:00,71.135,71.45,71.135,71.2,5160.0
2023-10-18 16:00:00+00:00,71.23,71.27,71.0,71.05,2152.0
2023-10-18 17:00:00+00:00,71.02,71.35,70.975,71.34,2412.0
2023-10-18 18:00:00+00:00,71.43,71.49,71.24,71.24,2190.0
2023-10-18 19:00:00+00:00,71.24,71.24,70.655,70.665,20252.0
2023-10-19 14:00:00+00:00,68.915,69.63,68.615,69.585,16423.0
2023-10-19 15:00:00+00:00,69.59,69.62,68.95,69.56,7135.0
2023-10-19 16:00:00+00:00,69.59,70.205,69.57,70.12,4818.0
2023-10-19 17:00:00+00:00,70.12,70.26,69.34,69.34,3060.0
2023-10-19 18:00:00+00:00,69.33,69.43,68.91,68.97,3332.0
2023-10-19 19:00:00+00:00,68.91,68.95,68.69,68.71,33013.0
2023-10-20 14:00:00+00:00,68.455,68.48,68.07,68.27,13069.0
2023-10-20 15:00:00+00:00,68.27,68.705,68.265,68.705,11753.0
2023-10-20 16:00:00+00:00,68.71,68.975,68.6,68.9,4806.0
2023-10-20 17:00:00+00:00,68.92,68.92,68.67,68.8,3968.0
2023-10-20 18:00:00+00:00,68.805,68.915,68.65,68.71,5610.0
2023-10-20 19:00:00+00:00,68.725,68.76,68.18,68.325,12408.0
2023-10-23 14:00:00+00:00,68.61,68.65,67.86,67.89,2358.0
2023-10-23 15:00:00+00:00,67.9,68.1,67.74,68.08,4726.0
2023-10-23 16:00:00+00:00,68.07,68.245,67.98,68.245,1870.0
2023-10-23 17:00:00+00:00,68.245,68.29,67.94,67.94,1387.0
2023-10-23 18:00:00+00:00,67.97,68.1,67.81,67.825,2621.0
2023-10-23 19:00:00+00:00,67.795,67.81,67.155,67.42,12023.0
2023-10-24 14:00:00+00:00,67.44,67.63,67.2,67.59,3085.0
2023-10-24 15:00:00+00:00,67.51,67.59,67.3,67.57,1762.0
2023-10-24 16:00:00+00:00,67.605,67.605,67.24,67.425,1966.0
2023-10-24 17:00:00+00:00,67.425,67.625,67.34,67.365,3428.0
2023-10-24 18:00:00+00:00,67.365,67.435,67.23,67.365,14725.0
2023-10-24 19:00:00+00:00,67.365,67.56,67.255,67.29,19044.0
2023-10-25 14:00:00+00:00,66.57,67.65,66.47,67.65,5796.0
2023-10-25 15:00:00+00:00,67.65,67.78,67.45,67.56,2884.0
2023-10-25 16:00:00+00:00,67.56,67.65,67.405,67.57,2643.0
2023-10-25 17:00:00+00:00,67.66,67.67,67.39,67.59,3379.0
2023-10-25 18:00:00+00:00,67.6,67.75,67.54,67.615,8555.0
2023-10-25 19:00:00+00:00,67.63,67.85,67.55,67.815,24378.0
2023-10-26 14:00:00+00:00,66.37,66.72,66.02,66.555,4482.0
2023-10-26 15:00:00+00:00,66.555,66.66,66.36,66.45,2758.0
2023-10-26 16:00:00+00:00,66.31,66.46,66.09,66.415,2866.0
2023-10-26 17:00:00+00:00,66.415,66.66,66.37,66.55,3767.0
2023-10-26 18:00:00+00:00,66.54,66.825,66.37,66.81,10911.0
2023-10-26 19:00:00+00:00,66.83,66.925,66.52,66.52,8793.0
2023-10-27 14:00:00+00:00,65.89,66.4,65.65,66.32,3077.0
2023-10-27 15:00:00+00:00,66.32,66.33,66.15,66.25,3573.0
2023-10-27 16:00:00+00:00,66.25,66.28,66.06,66.17,1692.0
2023-10-27 17:00:00+00:00,66.15,66.31,66.08,66.29,2433.0
2023-10-27 18:00:00+00:00,66.29,66.52,66.23,66.25,6078.0
2023-10-27 19:00:00+00:00,66.225,66.42,66.14,66.4,12795.0
2023-10-30 14:00:00+00:00,65.95,66.03,65.36,65.63,7218.0
2023-10-30 15:00:00+00:00,65.63,65.97,65.375,65.94,1998.0
2023-10-30 16:00:00+00:00,65.94,65.995,65.6,65.95,4361.0
2023-10-30 17:00:00+00:00,66.0,66.31,65.92,66.17,2691.0
2023-10-30 18:00:00+00:00,66.17,66.52,66.11,66.33,3685.0
2023-10-30 19:00:00+00:00,66.335,66.38,66.08,66.135,8560.0
2023-10-31 14:00:00+00:00,65.84,66.16,65.5,66.14,7992.0
2023-10-31 15:00:00+00:00,66.15,66.16,65.55,65.89,2434.0
2023-10-31 16:00:00+00:00,65.89,65.89,65.3,65.3,5757.0
2023-10-31 17:00:00+00:00,65.34,65.405,64.93,65.0,6759.0
2023-10-31 18:00:00+00:00,64.97,65.14,64.88,65.08,10961.0
2023-10-31 19:00:00+00:00,65.065,65.24,64.81,64.99,18460.0
2023-11-01 14:00:00+00:00,64.79,64.79,63.8,63.8,22325.0
2023-11-01 15:00:00+00:00,63.845,64.21,63.54,63.58,4148.0
2023-11-01 16:00:00+00:00,63.57,63.74,63.36,63.525,5070.0
2023-11-01 17:00:00+00:00,63.51,63.64,63.33,63.63,4200.0
2023-11-01 18:00:00+00:00,63.69,64.06,63.51,64.06,10196.0
2023-11-01 19:00:00+00:00,64.1,64.405,64.04,64.05,29224.0
2023-11-02 14:00:00+00:00,61.27,61.5,60.61,60.75,17582.0
2023-11-02 15:00:00+00:00,60.72,60.865,60.18,60.43,15921.0
2023-11-02 16:00:00+00:00,60.41,60.455,60.01,60.23,12235.0
2023-11-02 17:00:00+00:00,60.24,60.46,60.18,60.46,9529.0
2023-11-02 18:00:00+00:00,60.48,61.51,60.4,61.51,16804.0
2023-11-02 19:00:00+00:00,61.52,62.01,61.52,61.9,73277.0
2023-11-03 14:00:00+00:00,62.545,62.65,62.0,62.2,12026.0
2023-11-03 15:00:00+00:00,62.27,62.565,62.2,62.51,12202.0
2023-11-03 16:00:00+00:00,62.54,62.685,62.32,62.42,9659.0
2023-11-03 17:00:00+00:00,62.375,62.49,62.13,62.41,7512.0
2023-11-03 18:00:00+00:00,62.4,62.55,62.33,62.395,14137.0
2023-11-03 19:00:00+00:00,62.4,62.405,62.15,62.39,24084.0
2023-11-06 15:00:00+00:00,62.94,63.235,62.94,63.06,10401.0
2023-11-06 16:00:00+00:00,63.04,63.08,62.6,62.6,11568.0
2023-11-06 17:00:00+00:00,62.615,62.82,62.5,62.79,13089.0
2023-11-06 18:00:00+00:00,62.75,62.87,62.585,62.635,7164.0
2023-11-06 19:00:00+00:00,62.62,62.79,62.58,62.67,5746.0
2023-11-06 20:00:00+00:00,62.65,62.88,62.52,62.64,21788.0
2023-11-07 15:00:00+00:00,62.22,62.625,62.09,62.53,7979.0
2023-11-07 16:00:00+00:00,62.46,62.89,62.46,62.63,6124.0
2023-11-07 17:00:00+00:00,62.63,62.815,62.505,62.815,2584.0
2023-11-07 18:00:00+00:00,62.82,62.86,62.71,62.86,2028.0
2023-11-07 19:00:00+00:00,62.86,63.0,62.68,62.86,3249.0
2023-11-07 20:00:00+00:00,62.86,63.11,62.705,62.945,15384.0
2023-11-08 15:00:00+00:00,64.17,64.17,63.29,63.58,7661.0
2023-11-08 16:00:00+00:00,63.53,63.6,63.14,63.27,7106.0
2023-11-08 17:00:00+00:00,63.33,63.53,63.31,63.53,4799.0
2023-11-08 18:00:00+00:00,63.49,63.67,63.48,63.575,9842.0
2023-11-08 19:00:00+00:00,63.555,63.64,63.5,63.57,8681.0
2023-11-08 20:00:00+00:00,63.57,63.85,63.43,63.44,12288.0
2023-11-09 15:00:00+00:00,63.57,63.67,63.07,63.12,9858.0
2023-11-09 16:00:00+00:00,63.095,63.315,62.87,63.0,6643.0
2023-11-09 17:00:00+00:00,62.95,63.06,62.75,62.97,4924.0
2023-11-09 18:00:00+00:00,62.9,62.92,62.44,62.47,5466.0
2023-11-09 19:00:00+00:00,62.49,62.6,62.24,62.37,2098.0
2023-11-09 20:00:00+00:00,62.4,62.49,62.12,62.155,9160.0
2023-11-10 15:00:00+00:00,64.01,64.235,63.55,63.6,10586.0
2023-11-10 16:00:00+00:00,63.475,63.57,63.13,63.27,4173.0
2023-11-10 17:00:00+00:00,63.27,63.59,63.125,63.59,2865.0
2023-11-10 18:00:00+00:00,63.565,63.83,63.4,63.57,5478.0
2023-11-10 19:00:00+00:00,63.5,63.91,63.23,63.83,5476.0
2023-11-10 20:00:00+00:00,63.77,64.12,63.7,64.09,21801.0
2023-11-13 15:00:00+00:00,67.51,69.05,67.12,68.9,49825.0
2023-11-13 16:00:00+00:00,68.97,68.98,67.72,68.33,40639.0
2023-11-13 17:00:00+00:00,68.35,68.74,68.03,68.225,17379.0
2023-11-13 18:00:00+00:00,68.225,68.515,68.06,68.34,14407.0
2023-11-13 19:00:00+00:00,68.33,68.4,67.8,67.855,14777.0
2023-11-13 20:00:00+00:00,67.83,67.9,67.38,67.53,99106.0
2023-11-14 15:00:00+00:00,67.74,68.07,67.46,68.02,44091.0
2023-11-14 16:00:00+00:00,68.02,68.84,68.0,68.56,24653.0
2023-11-14 17:00:00+00:00,68.56,68.89,68.43,68.82,12072.0
2023-11-14 18:00:00+00:00,68.83,68.835,68.63,68.72,18790.0
2023-11-14 19:00:00+00:00,68.705,68.915,68.5,68.8,32012.0
2023-11-14 20:00:00+00:00,68.8,69.025,68.65,68.925,84850.0
2023-11-15 15:00:00+00:00,69.45,69.6,68.83,68.97,14853.0
2023-11-15 16:00:00+00:00,68.97,69.07,68.58,68.58,12658.0
2023-11-15 17:00:00+00:00,68.58,68.81,68.395,68.44,7747.0
2023-11-15 18:00:00+00:00,68.45,68.48,68.035,68.05,9321.0
2023-11-15 19:00:00+00:00,68.05,68.245,68.05,68.14,6200.0
2023-11-15 20:00:00+00:00,68.14,68.155,67.5,67.595,22103.0
2023-11-16 15:00:00+00:00,68.415,68.59,68.34,68.45,4483.0
2023-11-16 16:00:00+00:00,68.44,68.99,68.43,68.535,5331.0
2023-11-16 17:00:00+00:00,68.52,68.74,68.43,68.65,3373.0
2023-11-16 18:00:00+00:00,68.65,68.895,68.59,68.77,2578.0
2023-11-16 19:00:00+00:00,68.77,68.905,68.61,68.885,4435.0
2023-11-16 20:00:00+00:00,68.885,68.9,68.69,68.81,16572.0
2023-11-17 15:00:00+00:00,68.935,69.03,68.825,69.02,3599.0
2023-11-17 16:00:00+00:00,69.02,69.045,68.765,68.895,3517.0
2023-11-17 17:00:00+00:00,68.895,68.97,68.83,68.88,6313.0
2023-11-17 18:00:00+00:00,68.9,69.03,68.85,69.02,3185.0
2023-11-17 19:00:00+00:00,68.985,69.01,68.785,68.87,4472.0
2023-11-17 20:00:00+00:00,68.87,68.93,68.645,68.765,8960.0
2023-11-20 15:00:00+00:00,68.86,69.11,68.76,69.02,3276.0
2023-11-20 16:00:00+00:00,69.03,69.1,68.95,69.065,3466.0
2023-11-20 17:00:00+00:00,69.065,69.07,68.91,68.91,2422.0
2023-11-20 18:00:00+00:00,68.94,69.055,68.86,68.98,3492.0
2023-11-20 19:00:00+00:00,68.98,69.025,68.685,68.76,2512.0
2023-11-20 20:00:00+00:00,68.76,68.83,68.5,68.62,5278.0
2023-11-21 15:00:00+00:00,68.52,68.96,68.52,68.95,5970.0
2023-11-21 16:00:00+00:00,68.955,69.005,68.81,68.985,8099.0
2023-11-21 17:00:00+00:00,68.985,69.42,68.985,69.345,4913.0
2023-11-21 18:00:00+00:00,69.345,69.345,69.095,69.095,4899.0
2023-11-21 19:00:00+00:00,69.08,69.19,68.99,69.055,5030.0
2023-11-21 20:00:00+00:00,69.055,69.08,68.88,68.97,10205.0
2023-11-22 15:00:00+00:00,69.46,69.825,69.42,69.7,3763.0
2023-11-22 16:00:00+00:00,69.67,69.715,69.52,69.595,2788.0
2023-11-22 17:00:00+00:00,69.595,69.595,69.17,69.3,2005.0
2023-11-22 18:00:00+00:00,69.33,69.38,69.12,69.215,2517.0
2023-11-22 19:00:00+00:00,69.23,69.47,69.23,69.37,2633.0
2023-11-22 20:00:00+00:00,69.37,69.56,69.35,69.42,5976.0
2023-11-23 15:00:00+00:00,69.42,69.42,69.42,69.42,0.0
2023-11-23 16:00:00+00:00,69.42,69.42,69.42,69.42,0.0
2023-11-23 17:00:00+00:00,69.42,69.42,69.42,69.42,0.0
2023-11-23 18:00:00+00:00,69.42,69.42,69.42,69.42,0.0
2023-11-23 19:00:00+00:00,69.42,69.42,69.42,69.42,0.0
2023-11-23 20:00:00+00:00,69.42,69.42,69.42,69.42,0.0
2023-11-24 15:00:00+00:00,69.26,69.785,69.26,69.72,1719.0
2023-11-24 16:00:00+00:00,69.73,69.75,69.56,69.65,3993.0
2023-11-24 17:00:00+00:00,69.65,69.79,69.63,69.68,6546.0
2023-11-24 18:00:00+00:00,69.68,69.68,69.68,69.68,0.0
2023-11-24 19:00:00+00:00,69.68,69.68,69.68,69.68,0.0
2023-11-24 20:00:00+00:00,69.68,69.68,69.68,69.68,0.0
2023-11-27 15:00:00+00:00,69.3,69.35,68.93,68.965,5024.0
2023-11-27 16:00:00+00:00,68.965,68.965,68.53,68.53,2806.0
2023-11-27 17:00:00+00:00,68.5,68.55,68.29,68.29,3109.0
2023-11-27 18:00:00+00:00,68.29,68.37,68.13,68.17,3957.0
2023-11-27 19:00:00+00:00,68.17,68.17,68.005,68.09,4225.0
2023-11-27 20:00:00+00:00,68.09,68.33,67.98,67.98,10119.0
2023-11-28 15:00:00+00:00,67.645,68.1,67.59,68.0,5918.0
2023-11-28 16:00:00+00:00,68.005,68.07,67.725,67.935,5675.0
2023-11-28 17:00:00+00:00,67.935,67.96,67.61,67.61,6241.0
2023-11-28 18:00:00+00:00,67.55,67.58,67.34,67.375,4705.0
2023-11-28 19:00:00+00:00,67.375,67.55,67.375,67.45,4689.0
2023-11-28 20:00:00+00:00,67.49,67.67,67.39,67.415,15186.0
2023-11-29 15:00:00+00:00,67.35,67.43,66.77,66.77,7077.0
2023-11-29 16:00:00+00:00,66.75,66.85,66.45,66.57,4151.0
2023-11-29 17:00:00+00:00,66.57,66.82,66.49,66.645,2740.0
2023-11-29 18:00:00+00:00,66.645,66.78,66.5,66.715,4430.0
2023-11-29 19:00:00+00:00,66.715,66.76,66.51,66.51,4414.0
2023-11-29 20:00:00+00:00,66.53,66.695,66.44,66.665,19433.0
2023-11-30 15:00:00+00:00,65.525,66.18,65.43,66.045,16797.0
2023-11-30 16:00:00+00:00,66.045,66.06,65.72,65.91,24889.0
2023-11-30 17:00:00+00:00,65.92,66.0,65.535,65.595,7300.0
2023-11-30 18:00:00+00:00,65.57,65.67,65.445,65.665,7109.0
2023-11-30 19:00:00+00:00,65.67,65.98,65.545,65.95,12820.0
2023-11-30 20:00:00+00:00,65.96,66.71,65.91,66.7,44181.0
2023-12-01 15:00:00+00:00,67.85,68.445,67.835,68.415,11287.0
2023-12-01 16:00:00+00:00,68.39,69.04,68.26,69.0,10719.0
2023-12-01 17:00:00+00:00,69.005,69.04,68.73,68.98,7301.0
2023-12-01 18:00:00+00:00,68.97,69.475,68.93,69.45,7007.0
2023-12-01 19:00:00+00:00,69.46,69.58,69.29,69.51,11028.0
2023-12-01 20:00:00+00:00,69.51,69.82,69.435,69.545,28445.0
2023-12-04 15:00:00+00:00,69.14,69.72,69.01,69.55,5662.0
2023-12-04 16:00:00+00:00,69.56,69.94,69.55,69.64,4167.0
2023-12-04 17:00:00+00:00,69.64,69.65,69.27,69.38,2938.0
2023-12-04 18:00:00+00:00,69.38,69.55,69.33,69.51,3404.0
2023-12-04 19:00:00+00:00,69.55,69.64,69.31,69.47,4294.0
2023-12-04 20:00:00+00:00,69.49,69.56,69.215,69.31,20042.0
2023-12-05 15:00:00+00:00,69.19,69.94,69.19,69.91,11160.0
2023-12-05 16:00:00+00:00,69.935,70.03,69.64,69.995,3969.0
2023-12-05 17:00:00+00:00,69.995,70.01,69.69,69.87,5550.0
2023-12-05 18:00:00+00:00,69.885,70.15,69.82,70.14,6576.0
2023-12-05 19:00:00+00:00,70.135,70.38,70.135,70.38,8912.0
2023-12-05 20:00:00+00:00,70.36,70.36,69.875,69.88,20730.0
2023-12-06 15:00:00+00:00,70.085,70.7,70.08,70.34,8960.0
2023-12-06 16:00:00+00:00,70.4,70.88,70.4,70.88,4763.0
2023-12-06 17:00:00+00:00,70.865,70.97,70.665,70.75,10509.0
2023-12-06 18:00:00+00:00,70.78,70.84,70.54,70.78,12859.0
2023-12-06 19:00:00+00:00,70.75,70.865,70.74,70.76,6092.0
2023-12-06 20:00:00+00:00,70.76,70.82,70.37,70.64,30458.0
2023-12-07 15:00:00+00:00,70.615,71.46,70.61,71.44,7772.0
2023-12-07 16:00:00+00:00,71.43,71.54,71.31,71.54,4752.0
2023-12-07 17:00:00+00:00,71.54,71.845,71.47,71.84,6409.0
2023-12-07 18:00:00+00:00,71.84,72.18,71.795,72.18,7060.0
2023-12-07 19:00:00+00:00,72.175,72.53,72.175,72.225,13257.0
2023-12-07 20:00:00+00:00,72.22,72.29,71.53,71.53,12801.0
2023-12-08 15:00:00+00:00,72.15,72.31,71.63,71.92,5664.0
2023-12-08 16:00:00+00:00,71.91,71.91,71.5,71.61,5682.0
2023-12-08 17:00:00+00:00,71.62,71.82,71.605,71.75,4312.0
2023-12-08 18:00:00+00:00,71.75,71.83,71.71,71.78,2573.0
2023-12-08 19:00:00+00:00,71.79,71.91,71.735,71.88,8725.0
2023-12-08 20:00:00+00:00,71.89,71.91,71.76,71.895,24040.0
2023-12-11 15:00:00+00:00,71.85,71.91,71.22,71.245,4400.0
2023-12-11 16:00:00+00:00,71.22,71.22,70.71,70.84,2080.0
2023-12-11 17:00:00+00:00,70.84,70.84,70.35,70.415,3730.0
2023-12-11 18:00:00+00:00,70.42,71.15,70.39,71.115,3759.0
2023-12-11 19:00:00+00:00,71.11,71.37,71.09,71.215,2481.0
2023-12-11 20:00:00+00:00,71.18,71.515,71.17,71.435,5292.0
2023-12-12 15:00:00+00:00,72.895,73.11,72.3,72.56,12674.0
2023-12-12 16:00:00+00:00,72.55,72.75,72.4,72.545,6532.0
2023-12-12 17:00:00+00:00,72.545,72.695,72.46,72.64,4590.0
2023-12-12 18:00:00+00:00,72.64,72.71,72.275,72.38,6008.0
2023-12-12 19:00:00+00:00,72.38,72.45,72.19,72.44,6402.0
2023-12-12 20:00:00+00:00,72.45,72.585,72.19,72.26,10505.0
2023-12-13 15:00:00+00:00,72.6,72.99,72.595,72.8,3592.0
2023-12-13 16:00:00+00:00,72.8,72.96,72.51,72.55,3263.0
2023-12-13 17:00:00+00:00,72.55,72.8,72.55,72.7,3277.0
2023-12-13 18:00:00+00:00,72.7,72.965,72.65,72.965,2649.0
2023-12-13 19:00:00+00:00,73.025,73.73,73.025,73.71,7424.0
2023-12-13 20:00:00+00:00,73.72,74.1,73.56,74.07,18002.0
2023-12-14 15:00:00+00:00,73.76,74.4,73.5,74.31,6849.0
2023-12-14 16:00:00+00:00,74.31,74.715,74.21,74.71,3457.0
2023-12-14 17:00:00+00:00,74.71,74.94,74.64,74.75,2971.0
2023-12-14 18:00:00+00:00,74.74,74.9,74.61,74.745,2068.0
2023-12-14 19:00:00+00:00,74.735,75.2,74.63,75.16,6211.0
2023-12-14 20:00:00+00:00,75.15,75.44,74.965,75.32,15252.0
2023-12-15 15:00:00+00:00,74.91,75.5,74.865,75.45,5932.0
2023-12-15 16:00:00+00:00,75.45,75.46,74.48,74.93,12410.0
2023-12-15 17:00:00+00:00,74.91,75.0,74.73,74.78,5629.0
2023-12-15 18:00:00+00:00,74.755,74.88,74.655,74.78,4304.0
2023-12-15 19:00:00+00:00,74.77,74.99,74.75,74.92,4104.0
2023-12-15 20:00:00+00:00,74.92,74.92,74.165,74.235,11460.0
2023-12-18 15:00:00+00:00,74.13,74.26,73.775,73.78,3664.0
2023-12-18 16:00:00+00:00,73.765,73.82,73.41,73.69,2167.0
2023-12-18 17:00:00+00:00,73.69,73.94,73.595,73.83,2598.0
2023-12-18 18:00:00+00:00,73.83,73.84,73.61,73.61,1486.0
2023-12-18 19:00:00+00:00,73.625,73.87,73.625,73.77,3425.0
2023-12-18 20:00:00+00:00,73.75,73.885,73.615,73.795,8307.0
2023-12-19 15:00:00+00:00,73.87,74.42,73.77,74.295,2018.0
2023-12-19 16:00:00+00:00,74.3,74.57,73.8,73.9,1512.0
2023-12-19 17:00:00+00:00,73.915,74.04,73.78,74.04,881.0
2023-12-19 18:00:00+00:00,74.04,74.16,73.89,73.95,865.0
2023-12-19 19:00:00+00:00,73.95,74.0,73.81,73.93,2442.0
2023-12-19 20:00:00+00:00,73.94,74.36,73.94,74.135,6590.0
2023-12-20 15:00:00+00:00,74.465,74.82,74.35,74.6,2743.0
2023-12-20 16:00:00+00:00,74.59,74.59,74.315,74.36,1565.0
2023-12-20 17:00:00+00:00,74.365,74.435,74.29,74.31,2552.0
2023-12-20 18:00:00+00:00,74.31,74.38,74.2,74.37,1161.0
2023-12-20 19:00:00+00:00,74.37,74.43,73.94,73.96,1653.0
2023-12-20 20:00:00+00:00,73.9,73.93,73.44,73.47,3720.0
2023-12-21 15:00:00+00:00,74.525,74.645,74.275,74.5,6448.0
2023-12-21 16:00:00+00:00,74.52,74.82,74.34,74.34,2124.0
2023-12-21 17:00:00+00:00,74.24,74.295,74.13,74.14,1457.0
2023-12-21 18:00:00+00:00,74.21,74.84,74.025,74.84,5889.0
2023-12-21 19:00:00+00:00,74.85,74.87,74.44,74.56,4959.0
2023-12-21 20:00:00+00:00,74.56,75.03,74.43,75.01,13522.0
2023-12-22 15:00:00+00:00,75.04,75.2,74.97,74.98,4317.0
2023-12-22 16:00:00+00:00,74.99,75.06,74.845,74.92,1681.0
2023-12-22 17:00:00+00:00,74.915,74.98,74.76,74.95,3395.0
2023-12-22 18:00:00+00:00,74.91,74.97,74.88,74.925,3630.0
2023-12-22 19:00:00+00:00,74.885,74.95,74.61,74.94,4820.0
2023-12-22 20:00:00+00:00,74.97,75.11,74.845,74.94,7195.0
2023-12-25 15:00:00+00:00,74.94,74.94,74.94,74.94,0.0
2023-12-25 16:00:00+00:00,74.94,74.94,74.94,74.94,0.0
2023-12-25 17:00:00+00:00,74.94,74.94,74.94,74.94,0.0
2023-12-25 18:00:00+00:00,74.94,74.94,74.94,74.94,0.0
2023-12-25 19:00:00+00:00,74.94,74.94,74.94,74.94,0.0
2023-12-25 20:00:00+00:00,74.94,74.94,74.94,74.94,0.0
2023-12-26 15:00:00+00:00,74.88,74.98,74.81,74.98,2022.0
2023-12-26 16:00:00+00:00,74.955,75.11,74.91,75.11,1224.0
2023-12-26 17:00:00+00:00,75.11,75.26,75.11,75.23,4848.0
2023-12-26 18:00:00+00:00,75.215,75.37,75.215,75.33,2410.0
2023-12-26 19:00:00+00:00,75.33,75.41,75.28,75.38,1560.0
2023-12-26 20:00:00+00:00,75.39,75.48,75.3,75.425,6857.0
2023-12-27 15:00:00+00:00,75.42,75.77,75.22,75.69,4300.0
2023-12-27 16:00:00+00:00,75.7,76.11,75.685,76.06,3989.0
2023-12-27 17:00:00+00:00,75.99,76.03,75.85,75.87,1035.0
2023-12-27 18:00:00+00:00,75.875,76.03,75.87,75.905,1838.0
2023-12-27 19:00:00+00:00,75.8,75.865,75.72,75.81,2671.0
2023-12-27 20:00:00+00:00,75.85,75.94,75.69,75.78,6855.0
2023-12-28 15:00:00+00:00,76.31,76.63,76.31,76.495,2708.0
2023-12-28 16:00:00+00:00,76.495,76.495,76.2,76.4,7637.0
2023-12-28 17:00:00+00:00,76.4,76.43,76.26,76.335,1502.0
2023-12-28 18:00:00+00:00,76.33,76.51,76.22,76.51,1777.0
2023-12-28 19:00:00+00:00,76.51,76.56,76.3,76.32,3406.0
2023-12-28 20:00:00+00:00,76.305,76.31,76.025,76.08,7627.0
2023-12-29 15:00:00+00:00,76.12,76.12,75.23,75.315,3735.0
2023-12-29 16:00:00+00:00,75.32,75.35,74.79,74.88,2264.0
2023-12-29 17:00:00+00:00,74.9,75.335,74.78,75.335,4315.0
2023-12-29 18:00:00+00:00,75.26,75.4,75.095,75.275,1922.0
2023-12-29 19:00:00+00:00,75.3,75.45,75.25,75.385,2199.0
2023-12-29 20:00:00+00:00,75.4,75.76,75.35,75.725,7918.0
2024-01-01 15:00:00+00:00,75.725,75.725,75.725,75.725,0.0
2024-01-01 16:00:00+00:00,75.725,75.725,75.725,75.725,0.0
2024-01-01 17:00:00+00:00,75.725,75.725,75.725,75.725,0.0
2024-01-01 18:00:00+00:00,75.725,75.725,75.725,75.725,0.0
2024-01-01 19:00:00+00:00,75.725,75.725,75.725,75.725,0.0
2024-01-01 20:00:00+00:00,75.725,75.725,75.725,75.725,0.0
2024-01-02 15:00:00+00:00,76.18,76.31,75.89,75.93,9654.0
2024-01-02 16:00:00+00:00,75.93,75.97,75.63,75.85,8773.0
2024-01-02 17:00:00+00:00,75.85,76.225,75.85,76.11,4807.0
2024-01-02 18:00:00+00:00,76.11,76.2,75.96,76.08,13595.0
2024-01-02 19:00:00+00:00,76.08,76.09,75.81,75.81,11614.0
2024-01-02 20:00:00+00:00,75.76,75.79,75.38,75.56,17037.0
2024-01-03 15:00:00+00:00,75.55,75.63,74.59,74.7,11370.0
2024-01-03 16:00:00+00:00,74.73,74.88,74.4,74.47,6897.0
2024-01-03 17:00:00+00:00,74.47,74.85,74.33,74.685,6191.0
2024-01-03 18:00:00+00:00,74.685,75.25,74.685,74.98,3240.0
2024-01-03 19:00:00+00:00,74.98,75.03,74.67,74.69,4141.0
2024-01-03 20:00:00+00:00,74.69,74.705,74.42,74.65,11096.0
2024-01-04 15:00:00+00:00,73.93,74.325,73.92,74.245,5747.0
2024-01-04 16:00:00+00:00,74.25,74.8,74.22,74.74,3890.0
2024-01-04 17:00:00+00:00,74.74,74.75,74.46,74.54,2662.0
2024-01-04 18:00:00+00:00,74.54,74.96,74.54,74.92,2418.0
2024-01-04 19:00:00+00:00,74.92,75.0,74.715,75.0,3577.0
2024-01-04 20:00:00+00:00,74.99,75.02,74.76,74.81,23198.0
2024-01-05 15:00:00+00:00,75.11,75.405,74.42,74.62,7365.0
2024-01-05 16:00:00+00:00,74.62,74.64,74.13,74.23,5593.0
2024-01-05 17:00:00+00:00,74.235,74.4,73.91,73.97,5587.0
2024-01-05 18:00:00+00:00,73.95,74.04,73.61,74.0,2114.0
2024-01-05 19:00:00+00:00,74.0,74.09,73.615,73.615,6705.0
2024-01-05 20:00:00+00:00,73.605,73.95,73.385,73.91,15727.0
2024-01-08 15:00:00+00:00,74.88,74.88,74.48,74.52,4023.0
2024-01-08 16:00:00+00:00,74.47,74.82,74.365,74.78,3172.0
2024-01-08 17:00:00+00:00,74.8,74.89,74.64,74.79,3860.0
2024-01-08 18:00:00+00:00,74.78,74.945,74.78,74.87,2528.0
2024-01-08 19:00:00+00:00,74.87,75.15,74.76,75.15,4846.0
2024-01-08 20:00:00+00:00,75.14,75.43,75.07,75.39,11329.0
2024-01-09 15:00:00+00:00,75.6,76.04,75.6,75.935,8936.0
2024-01-09 16:00:00+00:00,75.935,76.015,75.58,75.64,7025.0
2024-01-09 17:00:00+00:00,75.625,75.78,75.53,75.575,5104.0
2024-01-09 18:00:00+00:00,75.58,75.655,75.36,75.49,4098.0
2024-01-09 19:00:00+00:00,75.47,75.47,75.25,75.39,4916.0
2024-01-09 20:00:00+00:00,75.39,75.41,75.06,75.06,12353.0
2024-01-10 15:00:00+00:00,75.31,75.5,75.115,75.37,4312.0
2024-01-10 16:00:00+00:00,75.4,75.505,75.33,75.41,4542.0
2024-01-10 17:00:00+00:00,75.41,75.5,75.38,75.49,3003.0
2024-01-10 18:00:00+00:00,75.49,75.5,75.345,75.435,6963.0
2024-01-10 19:00:00+00:00,75.445,75.445,74.58,74.875,24300.0
2024-01-10 20:00:00+00:00,74.88,74.99,74.66,74.775,54655.0
2024-01-11 15:00:00+00:00,74.32,74.41,73.25,73.265,14227.0
2024-01-11 16:00:00+00:00,73.27,74.025,73.27,73.86,9594.0
2024-01-11 17:00:00+00:00,73.86,74.1,73.84,73.84,3415.0
2024-01-11 18:00:00+00:00,73.85,74.04,73.65,73.81,6431.0
2024-01-11 19:00:00+00:00,73.86,73.94,73.755,73.885,7912.0
2024-01-11 20:00:00+00:00,73.885,74.02,73.3,73.98,28424.0
2024-01-12 15:00:00+00:00,73.955,74.045,73.7,73.815,6444.0
2024-01-12 16:00:00+00:00,73.84,73.94,73.74,73.92,3875.0
2024-01-12 17:00:00+00:00,73.92,73.95,73.74,73.785,3260.0
2024-01-12 18:00:00+00:00,73.77,73.91,73.77,73.91,3023.0
2024-01-12 19:00:00+00:00,73.91,73.91,73.75,73.77,8352.0
2024-01-12 20:00:00+00:00,73.75,73.88,73.605,73.825,14582.0
2024-01-15 15:00:00+00:00,73.825,73.825,73.825,73.825,0.0
2024-01-15 16:00:00+00:00,73.825,73.825,73.825,73.825,0.0
2024-01-15 17:00:00+00:00,73.825,73.825,73.825,73.825,0.0
2024-01-15 18:00:00+00:00,73.825,73.825,73.825,73.825,0.0
2024-01-15 19:00:00+00:00,73.825,73.825,73.825,73.825,0.0
2024-01-15 20:00:00+00:00,73.825,73.825,73.825,73.825,0.0
2024-01-16 15:00:00+00:00,73.3,73.43,72.67,72.735,13866.0
2024-01-16 16:00:00+00:00,72.7,72.81,72.18,72.28,8911.0
2024-01-16 17:00:00+00:00,72.305,72.71,72.21,72.665,11243.0
2024-01-16 18:00:00+00:00,72.64,72.78,72.37,72.44,10545.0
2024-01-16 19:00:00+00:00,72.45,72.735,72.35,72.66,7804.0
2024-01-16 20:00:00+00:00,72.66,73.12,72.63,73.01,18942.0
2024-01-17 15:00:00+00:00,73.05,73.08,72.4,72.41,9359.0
2024-01-17 16:00:00+00:00,72.39,72.77,72.35,72.49,10537.0
2024-01-17 17:00:00+00:00,72.53,72.53,72.16,72.33,9633.0
2024-01-17 18:00:00+00:00,72.35,72.635,72.26,72.54,9216.0
2024-01-17 19:00:00+00:00,72.52,72.52,72.36,72.5,8414.0
2024-01-17 20:00:00+00:00,72.5,72.62,72.41,72.59,13132.0
2024-01-18 15:00:00+00:00,73.12,73.12,72.7,72.785,16637.0
2024-01-18 16:00:00+00:00,72.77,73.235,72.755,73.17,8875.0
2024-01-18 17:00:00+00:00,73.19,73.62,73.03,73.57,7296.0
2024-01-18 18:00:00+00:00,73.55,73.795,73.44,73.73,6664.0
2024-01-18 19:00:00+00:00,73.73,74.04,73.66,73.9,12605.0
2024-01-18 20:00:00+00:00,73.905,74.27,73.89,74.265,16086.0
2024-01-19 15:00:00+00:00,74.73,74.9,73.915,73.95,6662.0
2024-01-19 16:00:00+00:00,73.96,74.075,73.925,74.015,9438.0
2024-01-19 17:00:00+00:00,74.01,74.265,73.94,74.265,3639.0
2024-01-19 18:00:00+00:00,74.25,74.255,74.03,74.07,3385.0
2024-01-19 19:00:00+00:00,74.05,74.1,73.95,74.03,4031.0
2024-01-19 20:00:00+00:00,74.03,74.085,73.89,74.03,12026.0
2024-01-22 15:00:00+00:00,74.28,75.02,74.0,74.805,4526.0
2024-01-22 16:00:00+00:00,74.81,74.82,74.575,74.64,3307.0
2024-01-22 17:00:00+00:00,74.68,74.72,74.52,74.6,3501.0
2024-01-22 18:00:00+00:00,74.6,74.87,74.46,74.81,1751.0
2024-01-22 19:00:00+00:00,74.815,74.91,74.75,74.895,1558.0
2024-01-22 20:00:00+00:00,74.89,74.94,74.78,74.86,5473.0
2024-01-23 15:00:00+00:00,74.835,74.94,74.485,74.68,10108.0
2024-01-23 16:00:00+00:00,74.63,74.65,74.27,74.57,7330.0
2024-01-23 17:00:00+00:00,74.585,74.585,74.015,74.135,3945.0
2024-01-23 18:00:00+00:00,74.17,74.17,74.015,74.15,1860.0
2024-01-23 19:00:00+00:00,74.15,74.27,74.07,74.18,3187.0
2024-01-23 20:00:00+00:00,74.16,74.23,74.0,74.2,7851.0
2024-01-24 15:00:00+00:00,74.11,74.14,73.885,73.91,6085.0
2024-01-24 16:00:00+00:00,73.935,74.085,73.89,74.07,3934.0
2024-01-24 17:00:00+00:00,74.07,74.125,73.86,73.96,4746.0
2024-01-24 18:00:00+00:00,73.96,73.96,73.685,73.83,4051.0
2024-01-24 19:00:00+00:00,73.835,73.865,73.73,73.79,6277.0
2024-01-24 20:00:00+00:00,73.79,73.86,73.185,73.295,11539.0
2024-01-25 15:00:00+00:00,73.855,73.97,73.38,73.595,5093.0
2024-01-25 16:00:00+00:00,73.595,73.955,73.595,73.83,3006.0
2024-01-25 17:00:00+00:00,73.83,73.83,73.65,73.825,3478.0
2024-01-25 18:00:00+00:00,73.83,73.92,73.79,73.885,2384.0
2024-01-25 19:00:00+00:00,73.87,73.955,73.7,73.72,5885.0
2024-01-25 20:00:00+00:00,73.73,74.08,73.7,74.03,11710.0
2024-01-26 15:00:00+00:00,74.25,74.29,73.865,73.98,4234.0
2024-01-26 16:00:00+00:00,73.98,74.22,73.9,74.22,4909.0
2024-01-26 17:00:00+00:00,74.25,74.25,73.9,73.95,4536.0
2024-01-26 18:00:00+00:00,73.93,73.995,73.83,73.925,4146.0
2024-01-26 19:00:00+00:00,73.925,74.3,73.915,74.19,8279.0
2024-01-26 20:00:00+00:00,74.215,74.215,73.965,74.125,11509.0
2024-01-29 15:00:00+00:00,74.47,74.725,74.425,74.69,2945.0
2024-01-29 16:00:00+00:00,74.69,74.78,74.6,74.75,2558.0
2024-01-29 17:00:00+00:00,74.735,74.88,74.65,74.82,3422.0
2024-01-29 18:00:00+00:00,74.82,74.94,74.73,74.84,2732.0
2024-01-29 19:00:00+00:00,74.84,74.9,74.72,74.73,2756.0
2024-01-29 20:00:00+00:00,74.75,75.2,74.75,75.2,5826.0
2024-01-30 15:00:00+00:00,75.29,75.295,74.83,75.03,7503.0
2024-01-30 16:00:00+00:00,75.03,75.08,74.945,75.045,5600.0
2024-01-30 17:00:00+00:00,75.03,75.12,74.98,74.99,6874.0
2024-01-30 18:00:00+00:00,74.99,75.22,74.99,75.02,5590.0
2024-01-30 19:00:00+00:00,75.02,75.11,74.71,74.77,5657.0
2024-01-30 20:00:00+00:00,74.745,74.84,74.72,74.79,13972.0
2024-01-31 15:00:00+00:00,75.255,75.28,75.09,75.225,5922.0
2024-01-31 16:00:00+00:00,75.2,75.27,75.09,75.18,4530.0
2024-01-31 17:00:00+00:00,75.19,75.37,75.17,75.25,3952.0
2024-01-31 18:00:00+00:00,75.25,75.27,75.09,75.17,3349.0
2024-01-31 19:00:00+00:00,74.975,75.29,74.83,75.09,5434.0
2024-01-31 20:00:00+00:00,74.98,75.13,74.825,74.85,27758.0
2024-02-01 15:00:00+00:00,74.65,74.87,74.5,74.58,5497.0
2024-02-01 16:00:00+00:00,74.51,74.98,74.51,74.98,3243.0
2024-02-01 17:00:00+00:00,74.97,75.69,74.97,75.67,3589.0
2024-02-01 18:00:00+00:00,75.68,75.75,75.265,75.39,4933.0
2024-02-01 19:00:00+00:00,75.39,75.49,75.155,75.44,7310.0
2024-02-01 20:00:00+00:00,75.48,75.69,75.41,75.685,13880.0
2024-02-02 15:00:00+00:00,75.75,75.905,75.34,75.82,6327.0
2024-02-02 16:00:00+00:00,75.82,76.14,75.66,76.03,7642.0
2024-02-02 17:00:00+00:00,76.03,76.27,75.8,75.97,7853.0
2024-02-02 18:00:00+00:00,76.03,76.13,75.66,75.91,5266.0
2024-02-02 19:00:00+00:00,75.91,76.22,75.91,76.2,6094.0
2024-02-02 20:00:00+00:00,76.22,76.68,76.115,76.145,14131.0
2024-02-05 15:00:00+00:00,74.75,74.81,74.3,74.365,5891.0
2024-02-05 16:00:00+00:00,74.37,75.13,74.37,75.01,5878.0
2024-02-05 17:00:00+00:00,75.01,75.08,74.75,75.04,3930.0
2024-02-05 18:00:00+00:00,75.04,75.04,74.77,74.855,3240.0
2024-02-05 19:00:00+00:00,74.85,74.95,74.685,74.95,4042.0
2024-02-05 20:00:00+00:00,74.95,75.09,74.85,74.895,5960.0
2024-02-06 15:00:00+00:00,76.05,76.3,76.03,76.08,8129.0
2024-02-06 16:00:00+00:00,76.08,76.23,75.92,76.09,5913.0
2024-02-06 17:00:00+00:00,76.12,76.325,76.1,76.19,7567.0
2024-02-06 18:00:00+00:00,76.15,76.25,76.045,76.22,4711.0
2024-02-06 19:00:00+00:00,76.2,76.2,75.985,76.14,6037.0
2024-02-06 20:00:00+00:00,76.15,76.22,75.97,76.065,16765.0
2024-02-07 15:00:00+00:00,75.77,75.77,75.44,75.68,4176.0
2024-02-07 16:00:00+00:00,75.67,75.9,75.555,75.555,4851.0
2024-02-07 17:00:00+00:00,75.52,75.76,75.505,75.7,3495.0
2024-02-07 18:00:00+00:00,75.68,75.84,75.53,75.54,2970.0
2024-02-07 19:00:00+00:00,75.55,75.65,75.31,75.385,11706.0
2024-02-07 20:00:00+00:00,75.46,75.625,75.17,75.285,11391.0
2024-02-08 15:00:00+00:00,74.33,74.33,73.2,73.72,22040.0
2024-02-08 16:00:00+00:00,73.73,73.73,73.045,73.47,13117.0
2024-02-08 17:00:00+00:00,73.47,74.02,73.17,73.94,11235.0
2024-02-08 18:00:00+00:00,73.94,74.16,73.75,73.81,8900.0
2024-02-08 19:00:00+00:00,73.86,74.1,73.74,74.09,12380.0
2024-02-08 20:00:00+00:00,74.1,75.105,73.93,74.9,48067.0
2024-02-09 15:00:00+00:00,75.15,75.15,74.66,74.81,9217.0
2024-02-09 16:00:00+00:00,74.81,74.9,74.065,74.14,12033.0
2024-02-09 17:00:00+00:00,74.16,74.19,73.92,74.01,8805.0
2024-02-09 18:00:00+00:00,74.08,74.08,73.45,73.51,10221.0
2024-02-09 19:00:00+00:00,73.5,73.84,73.49,73.53,12132.0
2024-02-09 20:00:00+00:00,73.535,73.95,73.535,73.695,25534.0
2024-02-12 15:00:00+00:00,74.55,75.155,74.445,74.65,7143.0
2024-02-12 16:00:00+00:00,74.65,75.15,74.5,75.04,5529.0
2024-02-12 17:00:00+00:00,75.015,75.17,74.94,75.17,4862.0
2024-02-12 18:00:00+00:00,75.17,75.595,75.15,75.595,5564.0
2024-02-12 19:00:00+00:00,75.6,75.71,75.42,75.55,7012.0
2024-02-12 20:00:00+00:00,75.545,75.73,75.42,75.73,15142.0
2024-02-13 15:00:00+00:00,74.155,74.155,72.88,73.29,34813.0
2024-02-13 16:00:00+00:00,73.255,73.92,73.16,73.81,9378.0
2024-02-13 17:00:00+00:00,73.805,73.9,73.64,73.75,13304.0
2024-02-13 18:00:00+00:00,73.75,73.8,73.5,73.53,13521.0
2024-02-13 19:00:00+00:00,73.545,73.58,73.34,73.375,13328.0
2024-02-13 20:00:00+00:00,73.385,73.39,72.7,73.26,17276.0
2024-02-14 15:00:00+00:00,73.25,73.77,73.16,73.685,7208.0
2024-02-14 16:00:00+00:00,73.58,73.765,73.425,73.435,6031.0
2024-02-14 17:00:00+00:00,73.36,73.525,73.19,73.43,5405.0
2024-02-14 18:00:00+00:00,73.42,73.49,73.29,73.445,6951.0
2024-02-14 19:00:00+00:00,73.445,73.56,73.28,73.52,6474.0
2024-02-14 20:00:00+00:00,73.52,73.725,73.41,73.72,10570.0
2024-02-15 15:00:00+00:00,76.28,76.28,75.425,75.735,13731.0
2024-02-15 16:00:00+00:00,75.77,75.92,75.53,75.6,11131.0
2024-02-15 17:00:00+00:00,75.64,75.79,75.585,75.69,5895.0
2024-02-15 18:00:00+00:00,75.69,75.785,75.59,75.63,7044.0
2024-02-15 19:00:00+00:00,75.63,75.75,75.39,75.47,5453.0
2024-02-15 20:00:00+00:00,75.44,75.55,75.095,75.52,21875.0
2024-02-16 15:00:00+00:00,75.49,75.755,75.3,75.58,3907.0
2024-02-16 16:00:00+00:00,75.6,75.69,75.34,75.525,5309.0
2024-02-16 17:00:00+00:00,75.525,75.85,75.525,75.74,3014.0
2024-02-16 18:00:00+00:00,75.735,75.84,75.575,75.76,2716.0
2024-02-16 19:00:00+00:00,75.76,75.87,75.555,75.655,5679.0
2024-02-16 20:00:00+00:00,75.655,75.845,75.56,75.645,25398.0
2024-02-19 15:00:00+00:00,75.645,75.645,75.645,75.645,0.0
2024-02-19 16:00:00+00:00,75.645,75.645,75.645,75.645,0.0
2024-02-19 17:00:00+00:00,75.645,75.645,75.645,75.645,0.0
2024-02-19 18:00:00+00:00,75.645,75.645,75.645,75.645,0.0
2024-02-19 19:00:00+00:00,75.645,75.645,75.645,75.645,0.0
2024-02-19 20:00:00+00:00,75.645,75.645,75.645,75.645,0.0
2024-02-20 15:00:00+00:00,76.01,76.01,75.52,75.7,7302.0
2024-02-20 16:00:00+00:00,75.7,75.715,75.48,75.585,4155.0
2024-02-20 17:00:00+00:00,75.585,75.585,75.115,75.315,5707.0
2024-02-20 18:00:00+00:00,75.3,75.455,75.265,75.375,5036.0
2024-02-20 19:00:00+00:00,75.41,75.495,75.145,75.22,8952.0
2024-02-20 20:00:00+00:00,75.24,75.66,75.05,75.645,40398.0
2024-02-21 15:00:00+00:00,74.81,75.045,74.55,74.92,23381.0
2024-02-21 16:00:00+00:00,74.895,74.92,74.64,74.795,6620.0
2024-02-21 17:00:00+00:00,74.765,75.0,74.71,74.97,2973.0
2024-02-21 18:00:00+00:00,74.97,74.97,74.73,74.8,2540.0
2024-02-21 19:00:00+00:00,74.8,75.04,74.75,74.95,3010.0
2024-02-21 20:00:00+00:00,74.955,75.035,74.855,75.01,5370.0
2024-02-22 15:00:00+00:00,75.36,75.47,74.86,75.035,5399.0
2024-02-22 16:00:00+00:00,75.025,75.57,74.97,75.47,7129.0
2024-02-22 17:00:00+00:00,75.545,75.76,75.46,75.69,7285.0
2024-02-22 18:00:00+00:00,75.705,76.99,75.66,76.94,11471.0
2024-02-22 19:00:00+00:00,76.94,77.27,76.57,77.17,26289.0
2024-02-22 20:00:00+00:00,77.16,77.39,76.975,77.13,56849.0
2024-02-23 15:00:00+00:00,79.14,81.02,79.055,80.62,59076.0
2024-02-23 16:00:00+00:00,80.61,81.19,80.53,80.68,27114.0
2024-02-23 17:00:00+00:00,80.605,80.88,80.04,80.155,18222.0
2024-02-23 18:00:00+00:00,80.155,80.32,79.63,79.66,12864.0
2024-02-23 19:00:00+00:00,79.66,79.955,79.51,79.81,19320.0
2024-02-23 20:00:00+00:00,79.82,80.34,79.76,79.865,31905.0
2024-02-26 15:00:00+00:00,80.455,80.455,79.84,80.13,19282.0
2024-02-26 16:00:00+00:00,80.07,80.735,80.07,80.69,18010.0
2024-02-26 17:00:00+00:00,80.72,81.31,80.68,81.31,18968.0
2024-02-26 18:00:00+00:00,81.32,81.46,80.84,80.94,20657.0
2024-02-26 19:00:00+00:00,80.94,80.945,80.55,80.68,19155.0
2024-02-26 20:00:00+00:00,80.71,80.75,80.38,80.57,51158.0
2024-02-27 15:00:00+00:00,81.42,81.42,77.31,77.66,40761.0
2024-02-27 16:00:00+00:00,77.57,77.68,76.55,76.59,16276.0
2024-02-27 17:00:00+00:00,76.56,77.31,75.5,77.04,12588.0
2024-02-27 18:00:00+00:00,77.085,78.01,76.96,77.59,12905.0
2024-02-27 19:00:00+00:00,77.495,77.495,77.11,77.28,10545.0
2024-02-27 20:00:00+00:00,77.37,78.03,77.34,77.82,34723.0
2024-02-28 15:00:00+00:00,75.0,75.29,74.45,75.26,27156.0
2024-02-28 16:00:00+00:00,75.215,75.63,75.06,75.52,19065.0
2024-02-28 17:00:00+00:00,75.54,76.39,75.45,75.45,17341.0
2024-02-28 18:00:00+00:00,75.37,76.51,75.22,75.83,8629.0
2024-02-28 19:00:00+00:00,75.845,76.53,75.83,76.43,23101.0
2024-02-28 20:00:00+00:00,76.44,76.53,76.22,76.53,29283.0
2024-02-29 15:00:00+00:00,76.54,76.86,76.35,76.775,19855.0
2024-02-29 16:00:00+00:00,76.785,76.84,76.145,76.445,12043.0
2024-02-29 17:00:00+00:00,76.43,76.52,76.29,76.5,7841.0
2024-02-29 18:00:00+00:00,76.5,76.68,76.41,76.68,4578.0
2024-02-29 19:00:00+00:00,76.7,76.73,76.27,76.46,6515.0
2024-02-29 20:00:00+00:00,76.46,76.68,76.44,76.5,15168.0
2024-03-01 15:00:00+00:00,76.92,77.5,76.72,77.15,10780.0
2024-03-01 16:00:00+00:00,77.15,77.16,76.74,76.95,7508.0
2024-03-01 17:00:00+00:00,76.945,77.0,76.775,76.945,4378.0
2024-03-01 18:00:00+00:00,76.93,76.935,76.71,76.87,6767.0
2024-03-01 19:00:00+00:00,76.87,76.95,76.76,76.85,6319.0
2024-03-01 20:00:00+00:00,76.86,77.02,76.74,76.885,17503.0
2024-03-04 15:00:00+00:00,77.105,77.22,76.51,76.965,8894.0
2024-03-04 16:00:00+00:00,76.92,76.92,76.37,76.5,6014.0
2024-03-04 17:00:00+00:00,76.495,76.78,76.39,76.44,6628.0
2024-03-04 18:00:00+00:00,76.43,76.53,76.27,76.415,5864.0
2024-03-04 19:00:00+00:00,76.46,76.68,76.42,76.52,15795.0
2024-03-04 20:00:00+00:00,76.55,76.915,76.55,76.785,17992.0
2024-03-05 15:00:00+00:00,76.54,76.74,76.18,76.39,6330.0
2024-03-05 16:00:00+00:00,76.39,76.42,76.18,76.285,6827.0
2024-03-05 17:00:00+00:00,76.26,76.26,75.85,75.94,4097.0
2024-03-05 18:00:00+00:00,75.93,75.99,75.66,75.705,4596.0
2024-03-05 19:00:00+00:00,75.705,75.705,75.275,75.33,12204.0
2024-03-05 20:00:00+00:00,75.335,75.54,75.105,75.42,16664.0
2024-03-06 15:00:00+00:00,75.56,76.1,75.45,76.1,7425.0
2024-03-06 16:00:00+00:00,76.1,76.2,75.77,76.185,3657.0
2024-03-06 17:00:00+00:00,76.17,76.33,75.89,75.905,1095.0
2024-03-06 18:00:00+00:00,75.94,75.97,75.39,75.47,1131.0
2024-03-06 19:00:00+00:00,75.48,75.685,75.47,75.665,4170.0
2024-03-06 20:00:00+00:00,75.64,75.64,75.15,75.355,18613.0
2024-03-07 15:00:00+00:00,75.625,75.625,75.02,75.05,4953.0
2024-03-07 16:00:00+00:00,75.05,75.12,74.91,74.95,4377.0
2024-03-07 17:00:00+00:00,74.95,75.24,74.875,75.0,3089.0
2024-03-07 18:00:00+00:00,75.01,75.515,74.99,75.45,5643.0
2024-03-07 19:00:00+00:00,75.45,75.49,75.19,75.25,4564.0
2024-03-07 20:00:00+00:00,75.22,75.5,75.17,75.23,15374.0
2024-03-08 15:00:00+00:00,75.75,75.865,75.25,75.34,2427.0
2024-03-08 16:00:00+00:00,75.34,75.45,74.91,74.985,2238.0
2024-03-08 17:00:00+00:00,74.985,75.12,74.78,74.93,2725.0
2024-03-08 18:00:00+00:00,74.88,75.13,74.75,74.79,2486.0
2024-03-08 19:00:00+00:00,74.79,75.135,74.745,75.05,2935.0
2024-03-08 20:00:00+00:00,75.05,75.135,74.795,74.83,7900.0
2024-03-11 14:00:00+00:00,74.91,75.16,74.65,74.94,4775.0
2024-03-11 15:00:00+00:00,74.99,74.99,74.73,74.885,5063.0
2024-03-11 16:00:00+00:00,74.88,74.95,74.65,74.815,3663.0
2024-03-11 17:00:00+00:00,74.79,74.91,74.74,74.83,3208.0
2024-03-11 18:00:00+00:00,74.815,74.82,74.64,74.76,3538.0
2024-03-11 19:00:00+00:00,74.76,75.035,74.47,75.01,11797.0
2024-03-12 14:00:00+00:00,74.61,74.91,74.22,74.775,6611.0
2024-03-12 15:00:00+00:00,74.775,74.93,74.675,74.79,3463.0
2024-03-12 16:00:00+00:00,74.82,74.82,74.52,74.54,1961.0
2024-03-12 17:00:00+00:00,74.54,74.59,74.39,74.56,4369.0
2024-03-12 18:00:00+00:00,74.565,74.59,74.28,74.42,2968.0
2024-03-12 19:00:00+00:00,74.37,74.5,74.23,74.485,10423.0
2024-03-13 14:00:00+00:00,75.155,75.33,74.88,74.88,3148.0
2024-03-13 15:00:00+00:00,74.88,75.1,74.74,75.005,1936.0
2024-03-13 16:00:00+00:00,75.005,75.375,74.915,75.33,2628.0
2024-03-13 17:00:00+00:00,75.305,75.58,75.26,75.57,3481.0
2024-03-13 18:00:00+00:00,75.54,76.07,75.38,76.04,6114.0
2024-03-13 19:00:00+00:00,76.04,76.04,75.28,75.37,8001.0
2024-03-14 14:00:00+00:00,75.14,75.21,74.35,74.655,4358.0
2024-03-14 15:00:00+00:00,74.61,75.05,74.58,75.03,2980.0
2024-03-14 16:00:00+00:00,75.02,75.155,74.98,75.07,2739.0
2024-03-14 17:00:00+00:00,75.09,75.23,74.69,74.71,3893.0
2024-03-14 18:00:00+00:00,74.65,74.83,74.27,74.305,6146.0
2024-03-14 19:00:00+00:00,74.295,74.47,74.01,74.35,14931.0
2024-03-15 14:00:00+00:00,74.47,75.04,74.41,74.865,3884.0
2024-03-15 15:00:00+00:00,75.01,75.02,74.35,74.57,4085.0
2024-03-15 16:00:00+00:00,74.66,74.72,74.34,74.405,2054.0
2024-03-15 17:00:00+00:00,74.37,74.63,74.3,74.615,3093.0
2024-03-15 18:00:00+00:00,74.6,74.73,74.48,74.52,5767.0
2024-03-15 19:00:00+00:00,74.46,74.735,74.34,74.55,6692.0
2024-03-18 14:00:00+00:00,74.03,74.14,73.75,73.75,3311.0
2024-03-18 15:00:00+00:00,73.75,74.01,73.67,73.71,6511.0
2024-03-18 16:00:00+00:00,73.705,74.02,73.705,73.99,1411.0
2024-03-18 17:00:00+00:00,73.99,74.03,73.6,73.82,2719.0
2024-03-18 18:00:00+00:00,73.825,74.325,73.825,74.25,5762.0
2024-03-18 19:00:00+00:00,74.24,74.47,74.125,74.26,9249.0
2024-03-19 14:00:00+00:00,74.52,74.655,74.39,74.545,1472.0
2024-03-19 15:00:00+00:00,74.55,74.74,74.49,74.74,1940.0
2024-03-19 16:00:00+00:00,74.71,74.855,74.67,74.74,2529.0
2024-03-19 17:00:00+00:00,74.74,74.775,74.47,74.52,2349.0
2024-03-19 18:00:00+00:00,74.505,74.74,74.39,74.67,3387.0
2024-03-19 19:00:00+00:00,74.67,74.7,74.33,74.375,14427.0
2024-03-20 14:00:00+00:00,74.69,74.905,74.4,74.57,4281.0
2024-03-20 15:00:00+00:00,74.535,74.63,74.4,74.53,4675.0
2024-03-20 16:00:00+00:00,74.53,74.74,74.39,74.65,4716.0
2024-03-20 17:00:00+00:00,74.62,74.62,74.455,74.455,2097.0
2024-03-20 18:00:00+00:00,74.48,74.74,74.21,74.33,4517.0
2024-03-20 19:00:00+00:00,74.33,74.815,74.28,74.79,8912.0
2024-03-21 14:00:00+00:00,74.1,74.22,73.65,74.21,3415.0
2024-03-21 15:00:00+00:00,74.21,74.21,73.83,74.04,2750.0
2024-03-21 16:00:00+00:00,74.115,74.15,73.99,74.12,1586.0
2024-03-21 17:00:00+00:00,74.08,74.37,73.95,74.35,2677.0
2024-03-21 18:00:00+00:00,74.345,74.565,74.34,74.56,6346.0
2024-03-21 19:00:00+00:00,74.58,74.78,74.0,74.085,8940.0
2024-03-22 14:00:00+00:00,73.36,73.61,73.27,73.27,5107.0
2024-03-22 15:00:00+00:00,73.25,73.27,72.85,72.91,6608.0
2024-03-22 16:00:00+00:00,72.86,72.915,72.55,72.62,5229.0
2024-03-22 17:00:00+00:00,72.6,73.065,72.555,72.98,3191.0
2024-03-22 18:00:00+00:00,73.0,73.415,72.99,73.02,2785.0
2024-03-22 19:00:00+00:00,73.02,73.43,72.965,73.1,13700.0
2024-03-25 14:00:00+00:00,72.93,73.315,72.9,73.085,10280.0
2024-03-25 15:00:00+00:00,73.05,73.27,73.01,73.035,1308.0
2024-03-25 16:00:00+00:00,72.99,73.24,72.99,73.13,2443.0
2024-03-25 17:00:00+00:00,73.13,73.13,72.84,72.93,2564.0
2024-03-25 18:00:00+00:00,72.93,73.02,72.83,72.955,2603.0
2024-03-25 19:00:00+00:00,72.955,73.05,72.815,72.9,10879.0
2024-03-26 14:00:00+00:00,73.0,73.12,72.88,72.945,5267.0
2024-03-26 15:00:00+00:00,72.955,73.22,72.865,73.1,10990.0
2024-03-26 16:00:00+00:00,73.09,73.31,73.08,73.2,13804.0
2024-03-26 17:00:00+00:00,73.16,73.215,73.02,73.18,2791.0
2024-03-26 18:00:00+00:00,73.14,73.22,73.04,73.06,7844.0
2024-03-26 19:00:00+00:00,73.05,73.2,72.865,72.895,13314.0
2024-03-27 14:00:00+00:00,74.175,74.63,73.98,74.17,8323.0
2024-03-27 15:00:00+00:00,74.22,74.58,74.15,74.51,4201.0
2024-03-27 16:00:00+00:00,74.51,74.67,74.46,74.55,3105.0
2024-03-27 17:00:00+00:00,74.55,74.67,74.42,74.65,1986.0
2024-03-27 18:00:00+00:00,74.66,74.75,74.38,74.67,3584.0
2024-03-27 19:00:00+00:00,74.69,75.15,74.69,75.15,11335.0
2024-03-28 14:00:00+00:00,74.98,75.895,74.98,75.82,2663.0
2024-03-28 15:00:00+00:00,75.79,76.13,75.695,76.05,5671.0
2024-03-28 16:00:00+00:00,76.05,76.14,75.58,75.61,7221.0
2024-03-28 17:00:00+00:00,75.61,75.88,75.57,75.74,3621.0
2024-03-28 18:00:00+00:00,75.73,75.985,75.72,75.91,4894.0
2024-03-28 19:00:00+00:00,75.89,75.96,75.52,75.53,13669.0
2024-03-29 14:00:00+00:00,75.53,75.53,75.53,75.53,0.0
2024-03-29 15:00:00+00:00,75.53,75.53,75.53,75.53,0.0
2024-03-29 16:00:00+00:00,75.53,75.53,75.53,75.53,0.0
2024-03-29 17:00:00+00:00,75.53,75.53,75.53,75.53,0.0
2024-03-29 18:00:00+00:00,75.53,75.53,75.53,75.53,0.0
2024-03-29 19:00:00+00:00,75.53,75.53,75.53,75.53,0.0
2024-04-01 14:00:00+00:00,74.46,74.46,73.96,74.1,7869.0
2024-04-01 15:00:00+00:00,74.11,74.37,74.04,74.25,3746.0
2024-04-01 16:00:00+00:00,74.21,74.25,73.95,73.95,2425.0
2024-04-01 17:00:00+00:00,73.95,74.225,73.88,74.19,5650.0
2024-04-01 18:00:00+00:00,74.24,74.36,73.815,73.93,3546.0
2024-04-01 19:00:00+00:00,73.95,74.37,73.95,74.2,18684.0
2024-04-02 14:00:00+00:00,73.6,73.89,73.31,73.75,9306.0
2024-04-02 15:00:00+00:00,73.735,73.93,73.595,73.61,2969.0
2024-04-02 16:00:00+00:00,73.55,73.58,73.36,73.51,2342.0
2024-04-02 17:00:00+00:00,73.51,73.51,73.3,73.38,2612.0
2024-04-02 18:00:00+00:00,73.38,73.38,73.065,73.08,4191.0
2024-04-02 19:00:00+00:00,73.09,73.34,73.01,73.07,14893.0
2024-04-03 14:00:00+00:00,73.0,73.24,72.82,73.01,3232.0
2024-04-03 15:00:00+00:00,72.97,73.37,72.935,73.34,2585.0
2024-04-03 16:00:00+00:00,73.35,73.505,73.295,73.455,3079.0
2024-04-03 17:00:00+00:00,73.455,73.665,73.43,73.57,2889.0
2024-04-03 18:00:00+00:00,73.58,73.65,73.29,73.41,1444.0
2024-04-03 19:00:00+00:00,73.39,73.615,73.28,73.44,7110.0
2024-04-04 14:00:00+00:00,73.585,73.76,73.52,73.57,3189.0
2024-04-04 15:00:00+00:00,73.55,73.57,73.38,73.38,1751.0
2024-04-04 16:00:00+00:00,73.38,73.44,73.25,73.3,1643.0
2024-04-04 17:00:00+00:00,73.3,73.61,73.3,73.52,1633.0
2024-04-04 18:00:00+00:00,73.52,73.56,73.0,73.11,3586.0
2024-04-04 19:00:00+00:00,73.11,73.22,72.72,72.9,6686.0
2024-04-05 14:00:00+00:00,72.3,72.5,72.22,72.49,2870.0
2024-04-05 15:00:00+00:00,72.49,72.55,72.375,72.51,2807.0
2024-04-05 16:00:00+00:00,72.51,72.64,72.44,72.53,2196.0
2024-04-05 17:00:00+00:00,72.53,72.53,72.31,72.335,3274.0
2024-04-05 18:00:00+00:00,72.375,72.74,72.32,72.36,4149.0
2024-04-05 19:00:00+00:00,72.39,72.64,72.39,72.585,7099.0
2024-04-08 14:00:00+00:00,72.25,73.1,72.21,73.08,4592.0
2024-04-08 15:00:00+00:00,73.08,73.09,72.9,72.94,2252.0
2024-04-08 16:00:00+00:00,72.94,73.24,72.94,73.24,3525.0
2024-04-08 17:00:00+00:00,73.24,73.25,73.1,73.225,5106.0
2024-04-08 18:00:00+00:00,73.2,73.2,72.74,72.79,3353.0
2024-04-08 19:00:00+00:00,72.79,72.79,72.38,72.455,6862.0
2024-04-09 14:00:00+00:00,72.24,72.42,72.03,72.255,6356.0
2024-04-09 15:00:00+00:00,72.255,72.46,72.24,72.43,1671.0
2024-04-09 16:00:00+00:00,72.44,72.59,72.39,72.53,1365.0
2024-04-09 17:00:00+00:00,72.53,73.01,72.53,72.96,1181.0
2024-04-09 18:00:00+00:00,72.96,73.12,72.89,73.095,2231.0
2024-04-09 19:00:00+00:00,73.08,73.195,72.925,73.15,3878.0
2024-04-10 14:00:00+00:00,71.98,72.42,71.755,71.82,2732.0
2024-04-10 15:00:00+00:00,71.82,71.945,71.67,71.945,2696.0
2024-04-10 16:00:00+00:00,71.93,72.035,71.84,72.035,1936.0
2024-04-10 17:00:00+00:00,72.02,72.12,71.745,72.005,2322.0
2024-04-10 18:00:00+00:00,72.005,72.06,71.78,71.805,5363.0
2024-04-10 19:00:00+00:00,71.745,72.14,71.74,71.85,13576.0
2024-04-11 14:00:00+00:00,71.645,71.69,71.14,71.57,5087.0
2024-04-11 15:00:00+00:00,71.5,71.85,71.44,71.78,3200.0
2024-04-11 16:00:00+00:00,71.84,71.84,71.61,71.76,2383.0
2024-04-11 17:00:00+00:00,71.77,71.86,71.6,71.735,2842.0
2024-04-11 18:00:00+00:00,71.76,71.96,71.755,71.865,1817.0
2024-04-11 19:00:00+00:00,71.865,71.88,71.61,71.8,7480.0
2024-04-12 14:00:00+00:00,71.27,71.355,70.795,70.86,4429.0
2024-04-12 15:00:00+00:00,70.86,70.895,70.43,70.62,7136.0
2024-04-12 16:00:00+00:00,70.62,70.74,70.34,70.38,7342.0
2024-04-12 17:00:00+00:00,70.38,70.545,70.22,70.47,3612.0
2024-04-12 18:00:00+00:00,70.47,70.66,70.375,70.64,4266.0
2024-04-12 19:00:00+00:00,70.62,71.05,70.56,71.005,12033.0
2024-04-15 14:00:00+00:00,71.8,71.92,71.47,71.51,3459.0
2024-04-15 15:00:00+00:00,71.51,71.79,71.495,71.7,2504.0
2024-04-15 16:00:00+00:00,71.7,71.75,71.45,71.55,1899.0
2024-04-15 17:00:00+00:00,71.52,71.57,71.3,71.55,4943.0
2024-04-15 18:00:00+00:00,71.495,71.525,70.98,71.06,4479.0
2024-04-15 19:00:00+00:00,71.06,71.06,70.69,70.73,6699.0
2024-04-16 14:00:00+00:00,70.69,71.335,70.635,70.86,6625.0
2024-04-16 15:00:00+00:00,70.81,70.87,70.645,70.745,6203.0
2024-04-16 16:00:00+00:00,70.72,70.92,70.55,70.92,2716.0
2024-04-16 17:00:00+00:00,70.84,71.18,70.79,71.065,1899.0
2024-04-16 18:00:00+00:00,71.05,71.39,70.95,71.35,1352.0
2024-04-16 19:00:00+00:00,71.35,71.35,71.06,71.24,11922.0
2024-04-17 14:00:00+00:00,71.675,71.675,70.5,70.5,5077.0
2024-04-17 15:00:00+00:00,70.49,70.785,70.205,70.75,4470.0
2024-04-17 16:00:00+00:00,70.76,70.95,70.57,70.69,3231.0
2024-04-17 17:00:00+00:00,70.67,70.83,70.555,70.61,3079.0
2024-04-17 18:00:00+00:00,70.61,71.02,70.61,70.64,10782.0
2024-04-17 19:00:00+00:00,70.64,70.64,70.21,70.21,12334.0
2024-04-18 14:00:00+00:00,70.12,70.21,69.82,69.91,4295.0
2024-04-18 15:00:00+00:00,69.87,69.96,69.565,69.84,4002.0
2024-04-18 16:00:00+00:00,69.84,69.94,69.715,69.785,1844.0
2024-04-18 17:00:00+00:00,69.785,69.785,69.495,69.64,1444.0
2024-04-18 18:00:00+00:00,69.64,69.79,69.48,69.735,1190.0
2024-04-18 19:00:00+00:00,69.735,70.17,69.73,69.965,10074.0
2024-04-19 14:00:00+00:00,70.38,70.59,70.0,70.59,2738.0
2024-04-19 15:00:00+00:00,70.535,70.72,70.535,70.7,1923.0
2024-04-19 16:00:00+00:00,70.695,70.77,70.54,70.74,1839.0
2024-04-19 17:00:00+00:00,70.74,70.97,70.64,70.92,2544.0
2024-04-19 18:00:00+00:00,70.86,70.89,70.69,70.765,8150.0
2024-04-19 19:00:00+00:00,70.765,70.905,70.68,70.895,7701.0
2024-04-22 14:00:00+00:00,72.125,72.29,71.495,71.645,3690.0
2024-04-22 15:00:00+00:00,71.53,71.71,71.53,71.565,2748.0
2024-04-22 16:00:00+00:00,71.61,71.96,71.28,71.92,2508.0
2024-04-22 17:00:00+00:00,71.92,72.32,71.92,72.275,2578.0
2024-04-22 18:00:00+00:00,72.31,72.31,72.07,72.09,2107.0
2024-04-22 19:00:00+00:00,72.095,72.305,71.99,72.015,6598.0
2024-04-23 14:00:00+00:00,72.98,73.18,72.47,73.05,4959.0
2024-04-23 15:00:00+00:00,72.97,72.97,72.61,72.7,2083.0
2024-04-23 16:00:00+00:00,72.675,72.87,72.63,72.78,1952.0
2024-04-23 17:00:00+00:00,72.78,72.9,72.67,72.82,1964.0
2024-04-23 18:00:00+00:00,72.82,72.92,72.82,72.86,2399.0
2024-04-23 19:00:00+00:00,72.87,72.93,72.66,72.79,9443.0
2024-04-24 14:00:00+00:00,72.625,72.76,72.3,72.44,7788.0
2024-04-24 15:00:00+00:00,72.44,72.44,72.19,72.43,1238.0
2024-04-24 16:00:00+00:00,72.46,72.84,72.46,72.81,1370.0
2024-04-24 17:00:00+00:00,72.81,73.06,72.76,73.06,2495.0
2024-04-24 18:00:00+00:00,73.06,73.06,72.8,72.98,2778.0
2024-04-24 19:00:00+00:00,72.98,73.33,72.89,73.25,4824.0
2024-04-25 14:00:00+00:00,72.79,72.81,72.35,72.45,3479.0
2024-04-25 15:00:00+00:00,72.42,72.7,72.41,72.58,2237.0
2024-04-25 16:00:00+00:00,72.58,72.83,72.58,72.83,992.0
2024-04-25 17:00:00+00:00,72.82,73.09,72.775,73.08,872.0
2024-04-25 18:00:00+00:00,73.14,73.14,72.89,73.05,1801.0
2024-04-25 19:00:00+00:00,73.06,73.15,72.76,72.83,6288.0
2024-04-26 14:00:00+00:00,73.305,73.46,73.01,73.3,2798.0
2024-04-26 15:00:00+00:00,73.28,73.4,73.14,73.17,2644.0
2024-04-26 16:00:00+00:00,73.19,73.51,73.19,73.44,2427.0
2024-04-26 17:00:00+00:00,73.44,73.66,73.31,73.63,2012.0
2024-04-26 18:00:00+00:00,73.565,73.715,73.56,73.715,2374.0
2024-04-26 19:00:00+00:00,73.715,73.76,73.12,73.12,5913.0
2024-04-29 14:00:00+00:00,73.65,73.725,73.185,73.42,2435.0
2024-04-29 15:00:00+00:00,73.425,73.45,73.24,73.24,2533.0
2024-04-29 16:00:00+00:00,73.22,73.37,73.13,73.18,3529.0
2024-04-29 17:00:00+00:00,73.18,73.205,72.805,72.925,3175.0
2024-04-29 18:00:00+00:00,72.96,73.27,72.96,73.1,2176.0
2024-04-29 19:00:00+00:00,73.09,73.09,72.85,73.02,3794.0
2024-04-30 14:00:00+00:00,70.33,70.97,70.245,70.29,9062.0
2024-04-30 15:00:00+00:00,70.28,70.405,69.66,70.135,6093.0
2024-04-30 16:00:00+00:00,70.2,70.45,69.75,69.92,7822.0
2024-04-30 17:00:00+00:00,69.9,70.035,69.585,69.75,6046.0
2024-04-30 18:00:00+00:00,69.75,70.145,69.64,69.715,9080.0
2024-04-30 19:00:00+00:00,69.74,70.02,69.275,69.305,30934.0
2024-05-01 14:00:00+00:00,69.06,69.21,68.61,68.785,4966.0
2024-05-01 15:00:00+00:00,68.86,69.44,68.86,69.13,2460.0
2024-05-01 16:00:00+00:00,69.13,69.4,69.13,69.295,1694.0
2024-05-01 17:00:00+00:00,69.29,69.33,69.11,69.24,2326.0
2024-05-01 18:00:00+00:00,69.24,69.77,68.99,69.77,3762.0
2024-05-01 19:00:00+00:00,69.79,69.83,68.72,68.765,5157.0
2024-05-02 14:00:00+00:00,68.37,68.69,68.12,68.52,6217.0
2024-05-02 15:00:00+00:00,68.475,68.53,68.18,68.18,3321.0
2024-05-02 16:00:00+00:00,68.19,68.98,68.1,68.98,3954.0
2024-05-02 17:00:00+00:00,68.97,69.11,68.705,69.05,4885.0
2024-05-02 18:00:00+00:00,69.05,69.29,68.97,69.135,3785.0
2024-05-02 19:00:00+00:00,69.135,69.23,68.47,68.58,14326.0
2024-05-03 14:00:00+00:00,68.44,68.895,68.235,68.5,4909.0
2024-05-03 15:00:00+00:00,68.45,68.61,68.37,68.475,4289.0
2024-05-03 16:00:00+00:00,68.475,68.69,68.175,68.205,4380.0
2024-05-03 17:00:00+00:00,68.18,68.46,68.18,68.4,8190.0
2024-05-03 18:00:00+00:00,68.38,68.54,67.87,68.12,12592.0
2024-05-03 19:00:00+00:00,68.08,68.16,67.655,67.765,10511.0
2024-05-06 14:00:00+00:00,68.28,68.52,67.94,68.44,9730.0
2024-05-06 15:00:00+00:00,68.44,68.44,67.99,68.21,3928.0
2024-05-06 16:00:00+00:00,68.21,68.26,68.05,68.06,2376.0
2024-05-06 17:00:00+00:00,68.08,68.24,68.03,68.24,4758.0
2024-05-06 18:00:00+00:00,68.19,68.56,68.18,68.51,12270.0
2024-05-06 19:00:00+00:00,68.5,68.62,68.22,68.54,24218.0
2024-05-07 14:00:00+00:00,71.95,71.95,70.0,70.0,30260.0
2024-05-07 15:00:00+00:00,70.0,70.55,69.99,70.055,4808.0
2024-05-07 16:00:00+00:00,70.05,70.59,70.05,70.38,5134.0
2024-05-07 17:00:00+00:00,70.38,70.48,70.29,70.36,4988.0
2024-05-07 18:00:00+00:00,70.39,70.935,70.25,70.76,7749.0
2024-05-07 19:00:00+00:00,70.755,71.69,70.5,71.21,23274.0
2024-05-08 14:00:00+00:00,72.33,73.68,72.31,73.01,20963.0
2024-05-08 15:00:00+00:00,73.01,73.08,72.5,72.99,7144.0
2024-05-08 16:00:00+00:00,73.02,73.16,72.81,72.925,4345.0
2024-05-08 17:00:00+00:00,72.99,73.355,72.82,73.14,10415.0
2024-05-08 18:00:00+00:00,73.14,73.46,73.13,73.19,18680.0
2024-05-08 19:00:00+00:00,73.21,73.38,72.695,72.75,32846.0
2024-05-09 14:00:00+00:00,73.88,74.21,73.37,73.45,4555.0
2024-05-09 15:00:00+00:00,73.44,73.49,72.975,73.0,5436.0
2024-05-09 16:00:00+00:00,73.0,73.13,72.92,73.06,9353.0
2024-05-09 17:00:00+00:00,73.085,73.17,72.95,73.005,6384.0
2024-05-09 18:00:00+00:00,73.0,73.09,72.86,73.015,7637.0
2024-05-09 19:00:00+00:00,73.0,73.52,72.89,73.43,14600.0
2024-05-10 14:00:00+00:00,73.05,73.05,72.65,72.99,5458.0
2024-05-10 15:00:00+00:00,72.98,73.38,72.795,73.38,8110.0
2024-05-10 16:00:00+00:00,73.38,73.6,73.185,73.2,3954.0
2024-05-10 17:00:00+00:00,73.28,73.39,73.14,73.26,1369.0
2024-05-10 18:00:00+00:00,73.27,73.45,73.27,73.41,2632.0
2024-05-10 19:00:00+00:00,73.41,73.5,73.26,73.3,12066.0
2024-05-13 14:00:00+00:00,73.295,73.95,73.295,73.6,6364.0
2024-05-13 15:00:00+00:00,73.57,73.61,72.96,73.06,3225.0
2024-05-13 16:00:00+00:00,73.055,73.14,72.95,72.95,1894.0
2024-05-13 17:00:00+00:00,72.97,73.195,72.915,73.195,1589.0
2024-05-13 18:00:00+00:00,73.18,73.18,72.98,73.16,1644.0
2024-05-13 19:00:00+00:00,73.16,73.21,73.02,73.12,3576.0
2024-05-14 14:00:00+00:00,73.635,73.635,73.14,73.19,5550.0
2024-05-14 15:00:00+00:00,73.22,74.03,73.14,73.17,6623.0
2024-05-14 16:00:00+00:00,73.17,73.17,72.53,72.55,5169.0
2024-05-14 17:00:00+00:00,72.49,72.62,72.39,72.48,4914.0
2024-05-14 18:00:00+00:00,72.47,72.75,72.46,72.71,6544.0
2024-05-14 19:00:00+00:00,72.71,72.86,72.65,72.745,11182.0
2024-05-15 14:00:00+00:00,73.01,73.735,73.01,73.49,2254.0
2024-05-15 15:00:00+00:00,73.53,73.95,73.5,73.94,2883.0
2024-05-15 16:00:00+00:00,73.94,74.04,73.86,73.97,2971.0
2024-05-15 17:00:00+00:00,73.97,74.165,73.94,74.06,6630.0
2024-05-15 18:00:00+00:00,74.04,74.22,73.96,74.16,6433.0
2024-05-15 19:00:00+00:00,74.18,74.845,74.18,74.77,13848.0
2024-05-16 14:00:00+00:00,74.69,75.09,74.63,74.67,3852.0
2024-05-16 15:00:00+00:00,74.67,74.76,74.415,74.73,3331.0
2024-05-16 16:00:00+00:00,74.75,74.875,74.655,74.685,1902.0
2024-05-16 17:00:00+00:00,74.685,74.71,74.5,74.53,1035.0
2024-05-16 18:00:00+00:00,74.53,74.66,74.49,74.525,4679.0
2024-05-16 19:00:00+00:00,74.525,74.66,74.335,74.335,9218.0
2024-05-17 14:00:00+00:00,74.31,74.46,74.22,74.44,3865.0
2024-05-17 15:00:00+00:00,74.44,74.58,74.42,74.515,2499.0
2024-05-17 16:00:00+00:00,74.5,74.64,74.495,74.64,2262.0
2024-05-17 17:00:00+00:00,74.62,74.685,74.545,74.545,3901.0
2024-05-17 18:00:00+00:00,74.53,74.75,74.53,74.72,3408.0
2024-05-17 19:00:00+00:00,74.71,74.71,74.39,74.62,17393.0
2024-05-20 14:00:00+00:00,74.45,74.53,74.13,74.31,6743.0
2024-05-20 15:00:00+00:00,74.31,74.36,74.1,74.1,2913.0
2024-05-20 16:00:00+00:00,74.1,74.31,74.035,74.035,2539.0
2024-05-20 17:00:00+00:00,74.035,74.11,73.53,73.53,3370.0
2024-05-20 18:00:00+00:00,73.54,73.55,73.23,73.24,3317.0
2024-05-20 19:00:00+00:00,73.23,73.67,73.21,73.435,13046.0
2024-05-21 14:00:00+00:00,73.34,73.54,73.1,73.255,13646.0
2024-05-21 15:00:00+00:00,73.24,73.24,72.95,72.95,5505.0
2024-05-21 16:00:00+00:00,72.96,73.06,72.885,72.915,2468.0
2024-05-21 17:00:00+00:00,72.91,73.1,72.86,73.1,2462.0
2024-05-21 18:00:00+00:00,73.17,73.265,73.09,73.22,2480.0
2024-05-21 19:00:00+00:00,73.225,73.51,73.21,73.26,7598.0
2024-05-22 14:00:00+00:00,73.32,73.32,72.85,73.0,1860.0
2024-05-22 15:00:00+00:00,72.975,73.21,72.92,73.12,1584.0
2024-05-22 16:00:00+00:00,73.12,73.12,72.895,72.95,1908.0
2024-05-22 17:00:00+00:00,72.95,72.96,72.675,72.8,1317.0
2024-05-22 18:00:00+00:00,72.8,72.8,72.57,72.61,978.0
2024-05-22 19:00:00+00:00,72.61,72.67,72.315,72.42,4019.0
2024-05-23 14:00:00+00:00,72.06,72.72,71.94,72.595,6378.0
2024-05-23 15:00:00+00:00,72.585,72.885,72.42,72.505,11087.0
2024-05-23 16:00:00+00:00,72.505,72.58,72.295,72.39,7463.0
2024-05-23 17:00:00+00:00,72.42,72.42,72.01,72.01,7870.0
2024-05-23 18:00:00+00:00,71.95,72.115,71.9,71.915,3815.0
2024-05-23 19:00:00+00:00,71.915,71.92,71.48,71.51,9853.0
2024-05-24 14:00:00+00:00,71.53,71.635,70.91,70.99,2533.0
2024-05-24 15:00:00+00:00,71.04,71.465,71.01,71.345,2500.0
2024-05-24 16:00:00+00:00,71.345,71.505,71.345,71.475,1083.0
2024-05-24 17:00:00+00:00,71.475,71.63,71.43,71.55,1255.0
2024-05-24 18:00:00+00:00,71.56,71.56,71.4,71.41,1010.0
2024-05-24 19:00:00+00:00,71.41,71.72,71.4,71.72,4008.0
2024-05-27 14:00:00+00:00,71.72,71.72,71.72,71.72,0.0
2024-05-27 15:00:00+00:00,71.72,71.72,71.72,71.72,0.0
2024-05-27 16:00:00+00:00,71.72,71.72,71.72,71.72,0.0
2024-05-27 17:00:00+00:00,71.72,71.72,71.72,71.72,0.0
2024-05-27 18:00:00+00:00,71.72,71.72,71.72,71.72,0.0
2024-05-27 19:00:00+00:00,71.72,71.72,71.72,71.72,0.0
2024-05-28 14:00:00+00:00,71.53,71.66,70.99,71.03,6411.0
2024-05-28 15:00:00+00:00,71.025,71.31,70.82,71.18,5712.0
2024-05-28 16:00:00+00:00,71.18,71.27,70.99,71.005,6330.0
2024-05-28 17:00:00+00:00,71.005,71.08,70.9,70.9,4118.0
2024-05-28 18:00:00+00:00,70.9,71.05,70.81,70.82,5803.0
2024-05-28 19:00:00+00:00,70.8,71.21,70.69,71.2,11869.0
2024-05-29 14:00:00+00:00,70.205,70.26,69.565,69.975,5369.0
2024-05-29 15:00:00+00:00,69.975,70.3,69.83,70.23,3552.0
2024-05-29 16:00:00+00:00,70.15,70.17,70.0,70.07,2945.0
2024-05-29 17:00:00+00:00,70.07,70.28,70.02,70.26,1847.0
2024-05-29 18:00:00+00:00,70.26,70.42,70.1,70.1,1361.0
2024-05-29 19:00:00+00:00,70.11,70.48,70.07,70.115,7815.0
2024-05-30 14:00:00+00:00,70.27,70.43,70.19,70.32,3963.0
2024-05-30 15:00:00+00:00,70.28,70.28,69.8,69.8,5389.0
2024-05-30 16:00:00+00:00,69.79,69.91,69.48,69.56,7409.0
2024-05-30 17:00:00+00:00,69.56,69.56,69.015,69.14,6254.0
2024-05-30 18:00:00+00:00,69.14,69.5,69.14,69.48,4130.0
2024-05-30 19:00:00+00:00,69.51,69.55,69.18,69.24,11596.0
2024-05-31 14:00:00+00:00,68.83,69.15,68.61,69.13,7530.0
2024-05-31 15:00:00+00:00,69.145,69.21,68.88,69.14,2498.0
2024-05-31 16:00:00+00:00,69.11,69.16,68.99,69.005,6811.0
2024-05-31 17:00:00+00:00,69.02,69.46,69.02,69.455,2362.0
2024-05-31 18:00:00+00:00,69.46,69.47,69.24,69.32,2246.0
2024-05-31 19:00:00+00:00,69.31,69.36,69.06,69.36,10321.0
2024-06-03 14:00:00+00:00,69.78,69.8,69.005,69.24,1624.0
2024-06-03 15:00:00+00:00,69.24,69.425,69.125,69.15,1476.0
2024-06-03 16:00:00+00:00,69.15,69.18,68.925,69.135,1241.0
2024-06-03 17:00:00+00:00,69.095,69.21,69.0,69.175,1444.0
2024-06-03 18:00:00+00:00,69.18,69.38,69.11,69.3,2358.0
2024-06-03 19:00:00+00:00,69.3,69.7,69.27,69.7,6551.0
2024-06-04 14:00:00+00:00,69.57,69.94,69.57,69.74,1172.0
2024-06-04 15:00:00+00:00,69.74,69.9,69.6,69.66,2819.0
2024-06-04 16:00:00+00:00,69.64,69.9,69.61,69.83,1045.0
2024-06-04 17:00:00+00:00,69.83,70.01,69.77,69.95,327.0
2024-06-04 18:00:00+00:00,69.93,70.07,69.81,69.88,1330.0
2024-06-04 19:00:00+00:00,69.91,69.92,69.51,69.64,9406.0
2024-06-05 14:00:00+00:00,68.88,69.51,68.795,69.325,2931.0
2024-06-05 15:00:00+00:00,69.325,69.6,69.22,69.54,849.0
2024-06-05 16:00:00+00:00,69.47,69.695,69.47,69.695,921.0
2024-06-05 17:00:00+00:00,69.695,69.825,69.56,69.72,1476.0
2024-06-05 18:00:00+00:00,69.72,69.93,69.7,69.805,1960.0
2024-06-05 19:00:00+00:00,69.77,69.78,69.48,69.63,6792.0
2024-06-06 14:00:00+00:00,69.615,69.64,69.06,69.105,3176.0
2024-06-06 15:00:00+00:00,69.12,69.12,68.12,68.21,2586.0
2024-06-06 16:00:00+00:00,68.23,68.33,67.97,67.975,2357.0
2024-06-06 17:00:00+00:00,67.975,68.57,67.895,68.37,5372.0
2024-06-06 18:00:00+00:00,68.32,68.75,68.3,68.65,4697.0
2024-06-06 19:00:00+00:00,68.69,68.995,68.5,68.59,12592.0
2024-06-07 14:00:00+00:00,68.47,68.815,68.44,68.61,5142.0
2024-06-07 15:00:00+00:00,68.555,68.685,68.485,68.495,3098.0
2024-06-07 16:00:00+00:00,68.495,68.56,68.44,68.5,4048.0
2024-06-07 17:00:00+00:00,68.5,68.535,68.45,68.495,5835.0
2024-06-07 18:00:00+00:00,68.48,68.59,68.225,68.53,4250.0
2024-06-07 19:00:00+00:00,68.525,68.64,68.5,68.525,9838.0
2024-06-10 14:00:00+00:00,67.99,68.32,67.63,67.695,4589.0
2024-06-10 15:00:00+00:00,67.63,67.71,67.44,67.555,6863.0
2024-06-10 16:00:00+00:00,67.565,67.6,67.32,67.4,5203.0
2024-06-10 17:00:00+00:00,67.38,67.54,67.26,67.43,1967.0
2024-06-10 18:00:00+00:00,67.43,67.5,67.35,67.375,2945.0
2024-06-10 19:00:00+00:00,67.37,67.6,67.295,67.375,8392.0
2024-06-11 14:00:00+00:00,66.735,66.87,66.22,66.615,2637.0
2024-06-11 15:00:00+00:00,66.615,66.72,66.355,66.69,4010.0
2024-06-11 16:00:00+00:00,66.56,66.96,66.4,66.77,4230.0
2024-06-11 17:00:00+00:00,66.77,66.785,66.55,66.64,2933.0
2024-06-11 18:00:00+00:00,66.65,66.87,66.62,66.62,3536.0
2024-06-11 19:00:00+00:00,66.7,66.7,66.425,66.51,12548.0
2024-06-12 14:00:00+00:00,66.54,66.855,66.06,66.7,4025.0
2024-06-12 15:00:00+00:00,66.695,66.76,66.535,66.73,3600.0
2024-06-12 16:00:00+00:00,66.71,66.775,66.565,66.665,1718.0
2024-06-12 17:00:00+00:00,66.665,66.87,66.665,66.71,2409.0
2024-06-12 18:00:00+00:00,66.6,66.93,66.505,66.81,4478.0
2024-06-12 19:00:00+00:00,66.81,66.86,66.38,66.39,15387.0
2024-06-13 14:00:00+00:00,65.38,65.56,65.06,65.48,4920.0
2024-06-13 15:00:00+00:00,65.48,65.78,65.47,65.7,3117.0
2024-06-13 16:00:00+00:00,65.7,66.15,65.68,66.005,2298.0
2024-06-13 17:00:00+00:00,66.005,66.24,65.93,66.19,4634.0
2024-06-13 18:00:00+00:00,66.19,66.5,66.17,66.3,6011.0
2024-06-13 19:00:00+00:00,66.27,66.385,66.04,66.24,8198.0
2024-06-14 14:00:00+00:00,66.06,66.06,65.245,65.685,7544.0
2024-06-14 15:00:00+00:00,65.685,65.72,65.53,65.575,2347.0
2024-06-14 16:00:00+00:00,65.565,65.77,65.55,65.735,6391.0
2024-06-14 17:00:00+00:00,65.74,65.895,65.7,65.79,5358.0
2024-06-14 18:00:00+00:00,65.79,65.9,65.76,65.865,3764.0
2024-06-14 19:00:00+00:00,65.85,65.895,65.67,65.79,9601.0
2024-06-17 14:00:00+00:00,65.665,66.88,65.665,66.81,11170.0
2024-06-17 15:00:00+00:00,66.845,66.87,66.355,66.355,3578.0
2024-06-17 16:00:00+00:00,66.31,66.73,66.31,66.55,2847.0
2024-06-17 17:00:00+00:00,66.55,66.7,66.495,66.535,2430.0
2024-06-17 18:00:00+00:00,66.535,66.8,66.535,66.585,3111.0
2024-06-17 19:00:00+00:00,66.585,66.61,66.15,66.17,8454.0
2024-06-18 14:00:00+00:00,67.595,68.175,67.18,67.87,3632.0
2024-06-18 15:00:00+00:00,67.87,68.06,67.735,67.905,3646.0
2024-06-18 16:00:00+00:00,67.905,67.915,67.51,67.69,2872.0
2024-06-18 17:00:00+00:00,67.69,68.15,67.69,67.92,2585.0
2024-06-18 18:00:00+00:00,67.92,68.375,67.86,68.35,6843.0
2024-06-18 19:00:00+00:00,68.33,68.505,68.08,68.295,11776.0
2024-06-19 14:00:00+00:00,68.295,68.295,68.295,68.295,0.0
2024-06-19 15:00:00+00:00,68.295,68.295,68.295,68.295,0.0
2024-06-19 16:00:00+00:00,68.295,68.295,68.295,68.295,0.0
2024-06-19 17:00:00+00:00,68.295,68.295,68.295,68.295,0.0
2024-06-19 18:00:00+00:00,68.295,68.295,68.295,68.295,0.0
2024-06-19 19:00:00+00:00,68.295,68.295,68.295,68.295,0.0
2024-06-20 14:00:00+00:00,67.015,67.285,66.85,67.025,4199.0
2024-06-20 15:00:00+00:00,66.96,67.095,66.82,67.03,829.0
2024-06-20 16:00:00+00:00,67.03,67.03,66.82,66.95,1321.0
2024-06-20 17:00:00+00:00,66.95,66.95,66.395,66.455,4345.0
2024-06-20 18:00:00+00:00,66.455,66.76,66.42,66.715,3631.0
2024-06-20 19:00:00+00:00,66.7,66.77,66.47,66.575,6306.0
2024-06-21 14:00:00+00:00,66.88,67.61,66.88,67.5,4332.0
2024-06-21 15:00:00+00:00,67.55,67.6,67.28,67.38,2888.0
2024-06-21 16:00:00+00:00,67.38,67.47,67.25,67.415,762.0
2024-06-21 17:00:00+00:00,67.415,67.51,67.36,67.445,1644.0
2024-06-21 18:00:00+00:00,67.445,67.46,67.285,67.335,2347.0
2024-06-21 19:00:00+00:00,67.355,67.44,67.14,67.31,5067.0
2024-06-24 14:00:00+00:00,68.24,68.24,67.85,68.01,5526.0
2024-06-24 15:00:00+00:00,68.01,68.14,67.89,68.05,2699.0
2024-06-24 16:00:00+00:00,68.03,68.08,67.84,67.86,1407.0
2024-06-24 17:00:00+00:00,67.86,67.95,67.55,67.57,2489.0
2024-06-24 18:00:00+00:00,67.57,67.65,67.45,67.56,1741.0
2024-06-24 19:00:00+00:00,67.56,67.58,67.27,67.28,2975.0
2024-06-25 14:00:00+00:00,66.23,66.41,65.985,66.345,6060.0
2024-06-25 15:00:00+00:00,66.345,66.345,66.015,66.06,3209.0
2024-06-25 16:00:00+00:00,66.1,66.19,66.02,66.16,1052.0
2024-06-25 17:00:00+00:00,66.16,66.34,66.135,66.19,2099.0
2024-06-25 18:00:00+00:00,66.19,66.42,66.19,66.33,1716.0
2024-06-25 19:00:00+00:00,66.33,66.57,66.07,66.11,9182.0
2024-06-26 14:00:00+00:00,65.42,65.445,65.13,65.2,4395.0
2024-06-26 15:00:00+00:00,65.17,65.25,64.94,65.0,1622.0
2024-06-26 16:00:00+00:00,65.0,65.13,64.63,64.69,2122.0
2024-06-26 17:00:00+00:00,64.67,65.05,64.62,64.85,3891.0
2024-06-26 18:00:00+00:00,64.85,64.955,64.78,64.81,2784.0
2024-06-26 19:00:00+00:00,64.78,64.78,64.51,64.56,5129.0
2024-06-27 14:00:00+00:00,64.28,64.415,63.71,64.12,10899.0
2024-06-27 15:00:00+00:00,64.09,64.19,63.95,64.04,7715.0
2024-06-27 16:00:00+00:00,64.055,64.055,63.72,63.935,5220.0
2024-06-27 17:00:00+00:00,63.95,64.155,63.93,64.025,4956.0
2024-06-27 18:00:00+00:00,64.01,64.19,64.005,64.05,6224.0
2024-06-27 19:00:00+00:00,64.05,64.12,63.91,64.1,13445.0
2024-06-28 14:00:00+00:00,63.97,64.43,63.91,64.41,6461.0
2024-06-28 15:00:00+00:00,64.37,64.435,64.195,64.27,2352.0
2024-06-28 16:00:00+00:00,64.32,64.44,64.22,64.37,2257.0
2024-06-28 17:00:00+00:00,64.37,64.38,64.06,64.145,6448.0
2024-06-28 18:00:00+00:00,64.115,64.345,64.08,64.22,4579.0
2024-06-28 19:00:00+00:00,64.19,64.19,63.99,64.1,7246.0
2024-07-01 14:00:00+00:00,65.445,65.45,64.66,64.93,6450.0
2024-07-01 15:00:00+00:00,64.91,65.03,64.8,64.98,6140.0
2024-07-01 16:00:00+00:00,64.98,65.12,64.82,64.85,6569.0
2024-07-01 17:00:00+00:00,64.85,64.93,64.76,64.91,5163.0
2024-07-01 18:00:00+00:00,64.91,65.015,64.89,64.95,3594.0
2024-07-01 19:00:00+00:00,64.95,65.12,64.79,65.1,13510.0
2024-07-02 14:00:00+00:00,65.41,65.86,65.38,65.72,14353.0
2024-07-02 15:00:00+00:00,65.72,65.91,65.56,65.88,10565.0
2024-07-02 16:00:00+00:00,65.92,66.0,65.8,65.85,8754.0
2024-07-02 17:00:00+00:00,65.84,66.01,65.84,65.975,11243.0
2024-07-02 18:00:00+00:00,65.975,66.0,65.58,65.595,10208.0
2024-07-02 19:00:00+00:00,65.585,65.77,65.44,65.625,29107.0
2024-07-03 14:00:00+00:00,65.31,65.58,64.94,65.32,8904.0
2024-07-03 15:00:00+00:00,65.32,65.32,64.85,64.97,6495.0
2024-07-03 16:00:00+00:00,64.97,65.14,64.77,64.82,10426.0
2024-07-03 17:00:00+00:00,64.82,64.82,64.82,64.82,0.0
2024-07-03 18:00:00+00:00,64.82,64.82,64.82,64.82,0.0
2024-07-03 19:00:00+00:00,64.82,64.82,64.82,64.82,0.0
2024-07-04 14:00:00+00:00,64.82,64.82,64.82,64.82,0.0
2024-07-04 15:00:00+00:00,64.82,64.82,64.82,64.82,0.0
2024-07-04 16:00:00+00:00,64.82,64.82,64.82,64.82,0.0
2024-07-04 17:00:00+00:00,64.82,64.82,64.82,64.82,0.0
2024-07-04 18:00:00+00:00,64.82,64.82,64.82,64.82,0.0
2024-07-04 19:00:00+00:00,64.82,64.82,64.82,64.82,0.0
2024-07-05 14:00:00+00:00,64.865,64.865,64.52,64.55,6118.0
2024-07-05 15:00:00+00:00,64.555,64.87,64.555,64.715,3928.0
2024-07-05 16:00:00+00:00,64.715,64.88,64.66,64.85,3263.0
2024-07-05 17:00:00+00:00,64.85,65.16,64.85,65.16,1644.0
2024-07-05 18:00:00+00:00,65.16,65.165,64.88,64.89,3489.0
2024-07-05 19:00:00+00:00,64.895,65.01,64.71,64.99,11460.0
2024-07-08 14:00:00+00:00,65.49,65.61,65.14,65.245,5092.0
2024-07-08 15:00:00+00:00,65.215,65.22,64.64,64.675,2544.0
2024-07-08 16:00:00+00:00,64.66,64.84,64.64,64.84,3392.0
2024-07-08 17:00:00+00:00,64.82,65.01,64.78,64.92,3267.0
2024-07-08 18:00:00+00:00,64.915,64.95,64.715,64.84,4158.0
2024-07-08 19:00:00+00:00,64.84,64.89,64.675,64.76,8602.0
2024-07-09 14:00:00+00:00,64.425,64.61,64.31,64.335,1969.0
2024-07-09 15:00:00+00:00,64.29,64.36,64.13,64.32,4468.0
2024-07-09 16:00:00+00:00,64.32,64.4,64.24,64.395,2146.0
2024-07-09 17:00:00+00:00,64.395,64.485,64.225,64.24,1738.0
2024-07-09 18:00:00+00:00,64.24,64.33,64.18,64.32,3375.0
2024-07-09 19:00:00+00:00,64.31,64.55,64.23,64.43,14019.0
2024-07-10 14:00:00+00:00,64.07,64.41,63.94,64.34,2655.0
2024-07-10 15:00:00+00:00,64.28,64.41,64.2,64.36,2745.0
2024-07-10 16:00:00+00:00,64.38,64.39,64.12,64.185,3794.0
2024-07-10 17:00:00+00:00,64.185,64.27,64.11,64.22,5058.0
2024-07-10 18:00:00+00:00,64.22,64.255,64.1,64.18,2472.0
2024-07-10 19:00:00+00:00,64.18,64.235,64.11,64.175,10706.0
2024-07-11 14:00:00+00:00,64.92,65.195,64.92,65.095,2633.0
2024-07-11 15:00:00+00:00,65.095,65.26,65.0,65.13,3417.0
2024-07-11 16:00:00+00:00,65.1,65.32,65.04,65.14,7748.0
2024-07-11 17:00:00+00:00,65.09,65.3,65.015,65.275,10858.0
2024-07-11 18:00:00+00:00,65.275,65.29,65.11,65.15,5549.0
2024-07-11 19:00:00+00:00,65.14,65.255,65.07,65.085,19541.0
2024-07-12 14:00:00+00:00,65.01,65.48,64.805,65.13,3110.0
2024-07-12 15:00:00+00:00,65.14,65.36,65.08,65.215,3363.0
2024-07-12 16:00:00+00:00,65.2,65.25,65.01,65.105,2560.0
2024-07-12 17:00:00+00:00,65.105,65.2,65.105,65.105,4592.0
2024-07-12 18:00:00+00:00,65.085,65.245,65.06,65.185,5791.0
2024-07-12 19:00:00+00:00,65.185,65.37,65.12,65.14,33371.0
2024-07-15 14:00:00+00:00,65.97,66.1,65.725,65.85,4697.0
2024-07-15 15:00:00+00:00,65.85,66.135,65.74,66.085,1582.0
2024-07-15 16:00:00+00:00,66.02,66.09,65.86,65.955,14860.0
2024-07-15 17:00:00+00:00,65.955,65.955,65.835,65.91,7301.0
2024-07-15 18:00:00+00:00,65.91,65.91,65.735,65.805,3871.0
2024-07-15 19:00:00+00:00,65.795,65.915,65.74,65.845,9964.0
2024-07-16 14:00:00+00:00,66.71,67.0,66.67,67.0,4265.0
2024-07-16 15:00:00+00:00,67.02,67.485,67.02,67.2,6212.0
2024-07-16 16:00:00+00:00,67.2,67.61,67.14,67.33,3009.0
2024-07-16 17:00:00+00:00,67.35,67.39,67.275,67.345,2535.0
2024-07-16 18:00:00+00:00,67.345,67.48,67.205,67.39,3574.0
2024-07-16 19:00:00+00:00,67.39,67.84,67.375,67.62,27986.0
2024-07-17 14:00:00+00:00,70.3,71.87,70.245,71.6,19151.0
2024-07-17 15:00:00+00:00,71.55,71.55,70.65,71.08,8235.0
2024-07-17 16:00:00+00:00,70.975,71.25,70.89,71.08,9935.0
2024-07-17 17:00:00+00:00,71.075,71.14,70.65,70.92,9998.0
2024-07-17 18:00:00+00:00,70.935,71.06,70.86,70.985,5366.0
2024-07-17 19:00:00+00:00,71.0,71.29,70.855,71.24,27126.0
2024-07-18 14:00:00+00:00,72.45,72.925,72.015,72.77,14313.0
2024-07-18 15:00:00+00:00,72.765,73.195,72.725,73.005,12672.0
2024-07-18 16:00:00+00:00,73.0,73.35,72.64,72.88,13558.0
2024-07-18 17:00:00+00:00,72.88,72.88,71.54,71.55,12993.0
2024-07-18 18:00:00+00:00,71.505,71.505,70.83,70.985,22950.0
2024-07-18 19:00:00+00:00,70.985,71.05,70.59,70.65,36080.0
2024-07-19 14:00:00+00:00,70.94,71.095,70.64,70.64,11341.0
2024-07-19 15:00:00+00:00,70.64,70.84,70.47,70.78,8365.0
2024-07-19 16:00:00+00:00,70.78,70.96,70.39,70.495,5450.0
2024-07-19 17:00:00+00:00,70.49,70.895,70.35,70.87,6300.0
2024-07-19 18:00:00+00:00,70.97,70.97,70.16,70.32,7374.0
2024-07-19 19:00:00+00:00,70.355,70.61,70.215,70.33,27294.0
2024-07-22 14:00:00+00:00,71.24,71.6,70.77,71.6,13900.0
2024-07-22 15:00:00+00:00,71.62,71.7,70.92,70.94,14302.0
2024-07-22 16:00:00+00:00,70.915,71.06,70.6,70.67,17198.0
2024-07-22 17:00:00+00:00,70.7,70.85,70.605,70.64,18751.0
2024-07-22 18:00:00+00:00,70.615,71.01,70.49,70.87,16577.0
2024-07-22 19:00:00+00:00,70.885,71.085,70.82,70.955,31891.0
2024-07-23 14:00:00+00:00,70.44,70.67,69.97,69.975,15508.0
2024-07-23 15:00:00+00:00,69.99,70.155,69.77,70.045,6246.0
2024-07-23 16:00:00+00:00,70.035,70.15,69.88,69.945,4937.0
2024-07-23 17:00:00+00:00,69.985,70.145,69.89,70.125,10126.0
2024-07-23 18:00:00+00:00,70.15,70.42,70.065,70.41,9099.0
2024-07-23 19:00:00+00:00,70.41,70.415,69.92,69.99,18983.0
2024-07-24 14:00:00+00:00,70.415,70.82,69.85,70.07,11926.0
2024-07-24 15:00:00+00:00,70.07,70.24,69.965,70.095,8211.0
2024-07-24 16:00:00+00:00,70.11,70.65,70.11,70.305,10217.0
2024-07-24 17:00:00+00:00,70.31,70.5,70.24,70.34,5497.0
2024-07-24 18:00:00+00:00,70.35,70.58,70.33,70.48,8964.0
2024-07-24 19:00:00+00:00,70.46,70.73,70.28,70.29,14355.0
2024-07-25 14:00:00+00:00,71.255,72.08,71.255,71.43,12273.0
2024-07-25 15:00:00+00:00,71.41,71.62,71.07,71.07,4788.0
2024-07-25 16:00:00+00:00,71.07,71.18,71.0,71.0,6929.0
2024-07-25 17:00:00+00:00,71.0,71.4,71.0,71.4,8262.0
2024-07-25 18:00:00+00:00,71.4,71.4,70.87,70.87,3975.0
2024-07-25 19:00:00+00:00,70.87,71.34,70.82,71.03,11681.0
2024-07-26 14:00:00+00:00,71.39,71.87,71.335,71.615,6428.0
2024-07-26 15:00:00+00:00,71.615,71.95,71.39,71.93,5316.0
2024-07-26 16:00:00+00:00,71.93,72.36,71.93,72.34,3773.0
2024-07-26 17:00:00+00:00,72.34,72.365,72.14,72.2,4249.0
2024-07-26 18:00:00+00:00,72.2,72.41,72.08,72.08,3137.0
2024-07-26 19:00:00+00:00,72.08,72.37,72.05,72.3,12569.0
2024-07-29 14:00:00+00:00,71.65,71.815,71.16,71.605,2924.0
2024-07-29 15:00:00+00:00,71.615,72.01,71.585,71.835,2832.0
2024-07-29 16:00:00+00:00,71.84,72.15,71.7,71.7,1930.0
2024-07-29 17:00:00+00:00,71.64,71.9,71.585,71.71,2564.0
2024-07-29 18:00:00+00:00,71.73,71.92,71.695,71.81,3997.0
2024-07-29 19:00:00+00:00,71.81,71.81,71.39,71.46,7179.0
2024-07-30 14:00:00+00:00,72.475,72.475,71.91,72.24,9816.0
2024-07-30 15:00:00+00:00,72.24,72.48,71.95,71.95,3925.0
2024-07-30 16:00:00+00:00,72.01,72.14,71.73,72.105,3784.0
2024-07-30 17:00:00+00:00,72.1,72.115,71.78,71.925,2862.0
2024-07-30 18:00:00+00:00,71.895,72.13,71.895,72.13,4234.0
2024-07-30 19:00:00+00:00,72.145,72.68,72.13,72.45,20055.0
2024-07-31 14:00:00+00:00,71.44,71.61,71.02,71.535,9844.0
2024-07-31 15:00:00+00:00,71.72,72.305,71.72,72.25,3716.0
2024-07-31 16:00:00+00:00,72.27,72.39,72.18,72.24,4079.0
2024-07-31 17:00:00+00:00,72.24,72.39,72.185,72.385,3597.0
2024-07-31 18:00:00+00:00,72.16,72.8,72.16,72.8,3669.0
2024-07-31 19:00:00+00:00,72.8,72.85,71.86,71.94,16041.0
2024-08-01 14:00:00+00:00,72.34,72.555,72.14,72.305,8990.0
2024-08-01 15:00:00+00:00,72.305,72.355,71.82,72.15,1925.0
2024-08-01 16:00:00+00:00,72.14,72.18,71.955,72.07,3992.0
2024-08-01 17:00:00+00:00,72.07,72.31,72.045,72.21,2221.0
2024-08-01 18:00:00+00:00,72.23,72.4,72.18,72.31,3047.0
2024-08-01 19:00:00+00:00,72.24,72.77,72.24,72.765,11947.0
2024-08-02 14:00:00+00:00,72.05,72.17,70.65,70.935,18807.0
2024-08-02 15:00:00+00:00,70.975,70.975,69.49,70.06,15006.0
2024-08-02 16:00:00+00:00,70.06,70.56,70.06,70.56,6458.0
2024-08-02 17:00:00+00:00,70.56,70.56,69.995,70.2,11567.0
2024-08-02 18:00:00+00:00,70.2,70.555,70.15,70.3,7894.0
2024-08-02 19:00:00+00:00,70.32,71.07,70.22,71.06,22744.0
2024-08-05 14:00:00+00:00,68.67,69.615,68.67,69.335,17346.0
2024-08-05 15:00:00+00:00,69.335,69.94,69.22,69.93,13704.0
2024-08-05 16:00:00+00:00,69.99,70.13,69.35,69.42,10310.0
2024-08-05 17:00:00+00:00,69.32,69.32,68.99,69.15,12276.0
2024-08-05 18:00:00+00:00,69.09,69.24,68.97,69.11,7380.0
2024-08-05 19:00:00+00:00,69.07,69.62,68.71,69.58,30319.0
2024-08-06 14:00:00+00:00,65.15,66.58,64.43,65.78,25524.0
2024-08-06 15:00:00+00:00,65.71,67.24,65.62,66.13,11833.0
2024-08-06 16:00:00+00:00,66.13,66.935,65.95,66.035,14835.0
2024-08-06 17:00:00+00:00,65.98,66.19,65.475,65.53,12080.0
2024-08-06 18:00:00+00:00,65.53,65.69,64.95,64.98,9964.0
2024-08-06 19:00:00+00:00,64.95,65.105,63.72,63.84,25976.0
2024-08-07 14:00:00+00:00,67.45,68.54,66.72,67.03,19802.0
2024-08-07 15:00:00+00:00,66.99,67.66,66.93,67.31,5199.0
2024-08-07 16:00:00+00:00,67.33,67.39,67.0,67.05,1721.0
2024-08-07 17:00:00+00:00,67.05,67.46,66.965,66.965,3678.0
2024-08-07 18:00:00+00:00,66.965,67.245,66.55,66.55,4631.0
2024-08-07 19:00:00+00:00,66.545,66.6,65.74,65.74,19340.0
2024-08-08 14:00:00+00:00,66.62,66.93,66.155,66.57,7323.0
2024-08-08 15:00:00+00:00,66.46,66.57,66.1,66.55,3043.0
2024-08-08 16:00:00+00:00,66.55,67.21,66.52,67.15,6426.0
2024-08-08 17:00:00+00:00,67.15,67.81,67.105,67.72,6286.0
2024-08-08 18:00:00+00:00,67.7,68.09,67.7,67.84,16967.0
2024-08-08 19:00:00+00:00,67.84,68.115,67.69,68.065,16760.0
2024-08-09 14:00:00+00:00,67.9,68.57,67.9,68.5,16951.0
2024-08-09 15:00:00+00:00,68.46,69.06,68.44,68.785,4804.0
2024-08-09 16:00:00+00:00,68.76,69.52,68.75,69.52,6709.0
2024-08-09 17:00:00+00:00,69.52,69.75,69.28,69.28,6434.0
2024-08-09 18:00:00+00:00,69.27,69.31,68.85,68.94,6156.0
2024-08-09 19:00:00+00:00,68.94,69.04,68.68,68.95,14702.0
2024-08-12 14:00:00+00:00,68.405,68.41,68.05,68.08,7100.0
2024-08-12 15:00:00+00:00,68.09,68.46,68.06,68.455,6846.0
2024-08-12 16:00:00+00:00,68.41,68.475,68.28,68.28,4026.0
2024-08-12 17:00:00+00:00,68.28,68.28,67.97,68.015,3575.0
2024-08-12 18:00:00+00:00,68.02,68.21,68.02,68.12,3779.0
2024-08-12 19:00:00+00:00,68.095,68.33,67.7,67.915,10891.0
2024-08-13 14:00:00+00:00,69.43,69.75,69.07,69.73,5372.0
2024-08-13 15:00:00+00:00,69.76,69.85,69.49,69.51,6755.0
2024-08-13 16:00:00+00:00,69.51,69.72,69.49,69.54,7355.0
2024-08-13 17:00:00+00:00,69.5,69.675,69.38,69.64,1722.0
2024-08-13 18:00:00+00:00,69.64,69.68,69.42,69.51,2069.0
2024-08-13 19:00:00+00:00,69.51,69.81,69.355,69.455,15037.0
2024-08-14 14:00:00+00:00,69.435,69.53,69.03,69.045,3285.0
2024-08-14 15:00:00+00:00,69.045,69.17,68.8,68.81,3346.0
2024-08-14 16:00:00+00:00,68.8,69.14,68.75,68.8,6856.0
2024-08-14 17:00:00+00:00,68.8,69.13,68.7,69.13,2494.0
2024-08-14 18:00:00+00:00,69.13,69.13,68.87,69.01,2815.0
2024-08-14 19:00:00+00:00,68.99,68.99,68.245,68.495,9617.0
2024-08-15 14:00:00+00:00,69.29,69.545,69.005,69.53,10253.0
2024-08-15 15:00:00+00:00,69.54,70.05,69.45,69.985,6345.0
2024-08-15 16:00:00+00:00,69.985,70.11,69.915,69.97,6165.0
2024-08-15 17:00:00+00:00,69.95,70.105,69.715,69.715,7026.0
2024-08-15 18:00:00+00:00,69.73,69.9,69.7,69.87,6003.0
2024-08-15 19:00:00+00:00,69.885,70.08,69.7,69.785,15773.0
2024-08-16 14:00:00+00:00,69.67,70.035,69.575,69.69,3334.0
2024-08-16 15:00:00+00:00,69.69,69.96,69.62,69.955,3000.0
2024-08-16 16:00:00+00:00,69.955,69.955,69.78,69.91,1981.0
2024-08-16 17:00:00+00:00,69.94,69.945,69.7,69.76,3221.0
2024-08-16 18:00:00+00:00,69.76,69.81,69.645,69.785,2284.0
2024-08-16 19:00:00+00:00,69.77,69.88,69.58,69.78,9097.0
2024-08-19 14:00:00+00:00,69.835,70.21,69.835,70.2,6932.0
2024-08-19 15:00:00+00:00,70.195,70.46,70.195,70.27,3753.0
2024-08-19 16:00:00+00:00,70.3,70.45,70.27,70.43,2709.0
2024-08-19 17:00:00+00:00,70.45,70.5,70.16,70.25,4347.0
2024-08-19 18:00:00+00:00,70.17,70.19,69.91,69.93,6094.0
2024-08-19 19:00:00+00:00,69.93,70.115,69.78,69.835,24544.0
2024-08-20 14:00:00+00:00,69.69,69.97,69.61,69.86,1238.0
2024-08-20 15:00:00+00:00,69.83,69.83,69.26,69.31,1764.0
2024-08-20 16:00:00+00:00,69.315,69.32,69.06,69.105,1757.0
2024-08-20 17:00:00+00:00,69.08,69.095,68.84,68.94,2400.0
2024-08-20 18:00:00+00:00,68.95,69.1,68.89,68.955,4569.0
2024-08-20 19:00:00+00:00,68.94,69.04,68.62,69.035,24036.0
2024-08-21 14:00:00+00:00,69.16,69.52,69.13,69.27,2950.0
2024-08-21 15:00:00+00:00,69.25,69.48,69.23,69.37,2915.0
2024-08-21 16:00:00+00:00,69.375,69.51,69.28,69.48,2425.0
2024-08-21 17:00:00+00:00,69.455,69.625,69.4,69.415,4366.0
2024-08-21 18:00:00+00:00,69.43,69.58,69.25,69.555,4626.0
2024-08-21 19:00:00+00:00,69.56,69.885,69.44,69.86,9479.0
2024-08-22 14:00:00+00:00,69.9,70.28,69.855,70.06,2487.0
2024-08-22 15:00:00+00:00,70.06,70.08,69.71,69.92,1618.0
2024-08-22 16:00:00+00:00,69.92,70.04,69.82,69.82,1338.0
2024-08-22 17:00:00+00:00,69.82,70.57,69.71,69.72,11535.0
2024-08-22 18:00:00+00:00,69.72,69.95,69.67,69.875,3010.0
2024-08-22 19:00:00+00:00,69.89,69.94,69.72,69.855,9129.0
2024-08-23 14:00:00+00:00,70.47,70.97,70.4,70.82,3007.0
2024-08-23 15:00:00+00:00,70.82,71.405,70.805,71.21,2596.0
2024-08-23 16:00:00+00:00,71.135,71.16,70.83,70.96,1250.0
2024-08-23 17:00:00+00:00,70.96,71.02,70.56,70.64,3998.0
2024-08-23 18:00:00+00:00,70.64,70.94,70.64,70.86,5830.0
2024-08-23 19:00:00+00:00,70.86,70.955,70.695,70.865,12905.0
2024-08-26 14:00:00+00:00,71.16,71.62,71.07,71.33,1241.0
2024-08-26 15:00:00+00:00,71.33,71.41,71.12,71.155,2432.0
2024-08-26 16:00:00+00:00,71.155,71.505,71.13,71.505,5195.0
2024-08-26 17:00:00+00:00,71.505,71.575,71.26,71.265,7472.0
2024-08-26 18:00:00+00:00,71.265,71.31,71.1,71.205,5612.0
2024-08-26 19:00:00+00:00,71.205,71.25,70.83,70.92,20749.0
2024-08-27 14:00:00+00:00,70.67,70.915,70.48,70.8,3647.0
2024-08-27 15:00:00+00:00,70.76,70.935,70.74,70.895,1244.0
2024-08-27 16:00:00+00:00,70.895,71.225,70.85,71.19,2744.0
2024-08-27 17:00:00+00:00,71.19,71.505,71.12,71.39,4717.0
2024-08-27 18:00:00+00:00,71.39,72.23,71.39,72.12,9087.0
2024-08-27 19:00:00+00:00,72.095,72.3,71.89,72.165,21473.0
2024-08-28 14:00:00+00:00,70.35,70.54,69.5,69.8,12009.0
2024-08-28 15:00:00+00:00,69.8,70.31,69.65,70.31,7611.0
2024-08-28 16:00:00+00:00,70.31,70.395,70.13,70.38,5910.0
2024-08-28 17:00:00+00:00,70.38,70.5,70.15,70.31,3226.0
2024-08-28 18:00:00+00:00,70.3,70.395,70.07,70.3,3295.0
2024-08-28 19:00:00+00:00,70.3,70.675,70.21,70.49,16964.0
2024-08-29 14:00:00+00:00,70.52,71.45,70.52,71.01,2811.0
2024-08-29 15:00:00+00:00,71.01,71.215,71.01,71.2,1832.0
2024-08-29 16:00:00+00:00,71.2,71.5,71.14,71.41,1879.0
2024-08-29 17:00:00+00:00,71.44,71.615,71.37,71.6,2284.0
2024-08-29 18:00:00+00:00,71.585,71.665,71.06,71.16,3352.0
2024-08-29 19:00:00+00:00,71.165,71.165,70.66,70.83,18071.0
2024-08-30 14:00:00+00:00,71.045,71.32,70.93,70.935,3693.0
2024-08-30 15:00:00+00:00,70.93,70.99,70.545,70.545,3672.0
2024-08-30 16:00:00+00:00,70.575,70.77,70.12,70.205,3631.0
2024-08-30 17:00:00+00:00,70.205,70.35,70.06,70.24,3979.0
2024-08-30 18:00:00+00:00,70.265,70.48,70.265,70.365,5174.0
2024-08-30 19:00:00+00:00,70.35,70.73,70.35,70.565,8479.0
2024-09-02 14:00:00+00:00,70.565,70.565,70.565,70.565,0.0
2024-09-02 15:00:00+00:00,70.565,70.565,70.565,70.565,0.0
2024-09-02 16:00:00+00:00,70.565,70.565,70.565,70.565,0.0
2024-09-02 17:00:00+00:00,70.565,70.565,70.565,70.565,0.0
2024-09-02 18:00:00+00:00,70.565,70.565,70.565,70.565,0.0
2024-09-02 19:00:00+00:00,70.565,70.565,70.565,70.565,0.0
2024-09-03 14:00:00+00:00,70.79,70.83,70.475,70.82,9178.0
2024-09-03 15:00:00+00:00,70.8,71.03,70.745,70.775,9588.0
2024-09-03 16:00:00+00:00,70.73,71.03,70.525,70.7,14995.0
2024-09-03 17:00:00+00:00,70.7,71.01,70.7,70.87,14958.0
2024-09-03 18:00:00+00:00,70.875,70.95,70.5,70.53,13737.0
2024-09-03 19:00:00+00:00,70.52,70.69,70.325,70.335,24732.0
2024-09-04 14:00:00+00:00,70.38,70.57,69.97,70.11,6753.0
2024-09-04 15:00:00+00:00,70.08,70.155,69.85,69.99,7378.0
2024-09-04 16:00:00+00:00,69.99,69.99,69.43,69.515,5040.0
2024-09-04 17:00:00+00:00,69.515,69.53,69.32,69.365,4562.0
2024-09-04 18:00:00+00:00,69.37,69.635,69.295,69.495,6423.0
2024-09-04 19:00:00+00:00,69.49,69.58,69.15,69.51,19333.0
2024-09-05 14:00:00+00:00,68.66,69.35,68.66,69.18,12117.0
2024-09-05 15:00:00+00:00,69.23,69.46,69.23,69.32,3064.0
2024-09-05 16:00:00+00:00,69.32,70.035,69.305,69.94,3309.0
2024-09-05 17:00:00+00:00,69.94,70.18,69.89,70.17,3013.0
2024-09-05 18:00:00+00:00,70.175,70.22,69.945,69.95,8458.0
2024-09-05 19:00:00+00:00,69.94,70.115,69.725,69.815,18254.0
2024-09-06 14:00:00+00:00,69.78,69.9,69.24,69.24,3831.0
2024-09-06 15:00:00+00:00,69.28,69.59,69.19,69.415,2763.0
2024-09-06 16:00:00+00:00,69.415,69.44,69.05,69.12,3241.0
2024-09-06 17:00:00+00:00,69.1,69.45,69.05,69.415,2207.0
2024-09-06 18:00:00+00:00,69.415,69.435,69.31,69.36,2199.0
2024-09-06 19:00:00+00:00,69.36,69.38,68.795,68.835,19619.0
2024-09-09 14:00:00+00:00,68.47,69.0,68.47,68.925,18151.0
2024-09-09 15:00:00+00:00,68.885,69.205,68.83,68.99,18768.0
2024-09-09 16:00:00+00:00,68.98,69.415,68.955,69.37,22961.0
2024-09-09 17:00:00+00:00,69.37,69.57,69.29,69.35,11710.0
2024-09-09 18:00:00+00:00,69.335,69.43,69.145,69.31,12751.0
2024-09-09 19:00:00+00:00,69.29,69.375,68.81,68.895,30553.0
2024-09-10 14:00:00+00:00,68.13,69.0,67.66,69.0,20357.0
2024-09-10 15:00:00+00:00,68.965,68.99,67.04,67.26,20254.0
2024-09-10 16:00:00+00:00,67.29,67.78,67.16,67.47,12322.0
2024-09-10 17:00:00+00:00,67.45,67.56,67.13,67.25,18630.0
2024-09-10 18:00:00+00:00,67.29,67.42,67.21,67.275,15796.0
2024-09-10 19:00:00+00:00,67.275,67.835,67.13,67.63,39951.0
2024-09-11 14:00:00+00:00,66.04,66.275,65.36,66.25,27865.0
2024-09-11 15:00:00+00:00,66.245,66.64,66.065,66.43,19931.0
2024-09-11 16:00:00+00:00,66.45,66.75,66.265,66.705,20252.0
2024-09-11 17:00:00+00:00,66.705,66.94,66.62,66.735,16533.0
2024-09-11 18:00:00+00:00,66.735,66.905,66.52,66.845,17180.0
2024-09-11 19:00:00+00:00,66.85,67.105,66.705,67.05,28766.0
2024-09-12 14:00:00+00:00,67.01,67.51,66.83,66.99,6457.0
2024-09-12 15:00:00+00:00,66.99,67.39,66.965,67.23,4003.0
2024-09-12 16:00:00+00:00,67.21,67.66,67.155,67.66,4955.0
2024-09-12 17:00:00+00:00,67.65,68.015,67.65,67.99,2967.0
2024-09-12 18:00:00+00:00,67.97,68.18,67.78,67.85,7659.0
2024-09-12 19:00:00+00:00,67.9,68.22,67.78,68.14,13785.0
2024-09-13 14:00:00+00:00,69.37,70.87,69.35,70.8,12248.0
2024-09-13 15:00:00+00:00,70.8,71.015,70.63,70.9,6411.0
2024-09-13 16:00:00+00:00,70.81,70.93,70.69,70.86,7188.0
2024-09-13 17:00:00+00:00,70.86,71.29,70.84,70.93,5171.0
2024-09-13 18:00:00+00:00,70.925,70.99,70.61,70.68,6947.0
2024-09-13 19:00:00+00:00,70.685,70.79,70.375,70.385,17834.0
2024-09-16 14:00:00+00:00,70.735,70.735,69.3,69.41,10592.0
2024-09-16 15:00:00+00:00,69.4,69.46,68.89,68.93,7357.0
2024-09-16 16:00:00+00:00,68.95,69.43,68.92,69.225,5503.0
2024-09-16 17:00:00+00:00,69.225,69.57,69.195,69.35,3960.0
2024-09-16 18:00:00+00:00,69.36,69.45,69.23,69.41,10924.0
2024-09-16 19:00:00+00:00,69.42,69.9,69.39,69.86,15383.0
2024-09-17 14:00:00+00:00,70.315,71.28,70.315,70.925,4915.0
2024-09-17 15:00:00+00:00,70.87,71.37,70.87,71.23,4855.0
2024-09-17 16:00:00+00:00,71.18,71.9,71.1,71.1,18478.0
2024-09-17 17:00:00+00:00,71.1,71.21,70.84,70.935,3133.0
2024-09-17 18:00:00+00:00,70.875,71.225,70.69,71.055,9048.0
2024-09-17 19:00:00+00:00,71.02,71.25,70.68,71.25,16639.0
2024-09-18 14:00:00+00:00,71.56,71.84,71.56,71.72,4505.0
2024-09-18 15:00:00+00:00,71.74,71.845,71.53,71.63,2315.0
2024-09-18 16:00:00+00:00,71.605,71.605,71.32,71.32,2565.0
2024-09-18 17:00:00+00:00,71.32,71.45,71.255,71.44,1693.0
2024-09-18 18:00:00+00:00,71.33,72.56,71.33,72.37,4157.0
2024-09-18 19:00:00+00:00,72.15,72.58,71.91,72.39,6363.0
2024-09-19 14:00:00+00:00,73.45,73.48,73.06,73.33,17324.0
2024-09-19 15:00:00+00:00,73.32,73.32,72.45,72.46,15974.0
2024-09-19 16:00:00+00:00,72.385,72.675,72.385,72.54,16644.0
2024-09-19 17:00:00+00:00,72.54,72.98,72.48,72.765,19603.0
2024-09-19 18:00:00+00:00,72.765,73.02,72.72,72.785,22582.0
2024-09-19 19:00:00+00:00,72.77,72.85,72.43,72.56,21722.0
2024-09-20 14:00:00+00:00,71.855,71.855,71.39,71.42,2212.0
2024-09-20 15:00:00+00:00,71.39,71.76,71.37,71.67,2515.0
2024-09-20 16:00:00+00:00,71.67,71.675,71.295,71.41,1642.0
2024-09-20 17:00:00+00:00,71.41,71.76,71.41,71.755,4361.0
2024-09-20 18:00:00+00:00,71.755,71.755,71.33,71.375,4396.0
2024-09-20 19:00:00+00:00,71.37,71.535,71.19,71.24,13095.0
2024-09-23 14:00:00+00:00,71.855,72.05,71.29,71.575,8613.0
2024-09-23 15:00:00+00:00,71.58,71.86,71.54,71.69,6775.0
2024-09-23 16:00:00+00:00,71.69,71.96,71.66,71.945,4532.0
2024-09-23 17:00:00+00:00,71.945,72.09,71.91,72.025,5178.0
2024-09-23 18:00:00+00:00,72.04,72.17,71.98,71.985,3238.0
2024-09-23 19:00:00+00:00,71.985,71.985,71.53,71.64,17733.0
2024-09-24 14:00:00+00:00,72.04,72.04,71.46,71.46,777.0
2024-09-24 15:00:00+00:00,71.46,71.58,70.955,70.955,1863.0
2024-09-24 16:00:00+00:00,70.955,70.975,70.69,70.86,1671.0
2024-09-24 17:00:00+00:00,70.86,71.12,70.84,70.88,4093.0
2024-09-24 18:00:00+00:00,70.88,70.915,70.53,70.725,1610.0
2024-09-24 19:00:00+00:00,70.725,70.78,70.585,70.66,7873.0
2024-09-25 14:00:00+00:00,70.18,70.2,69.82,69.99,5741.0
2024-09-25 15:00:00+00:00,69.97,69.98,69.78,69.815,4958.0
2024-09-25 16:00:00+00:00,69.78,69.78,69.365,69.37,8144.0
2024-09-25 17:00:00+00:00,69.345,69.4,69.235,69.335,5721.0
2024-09-25 18:00:00+00:00,69.335,69.57,69.16,69.54,4219.0
2024-09-25 19:00:00+00:00,69.53,69.875,69.505,69.855,20192.0
2024-09-26 14:00:00+00:00,71.1,71.1,70.44,70.59,3768.0
2024-09-26 15:00:00+00:00,70.575,70.8,70.56,70.64,3211.0
2024-09-26 16:00:00+00:00,70.64,70.89,70.58,70.76,3360.0
2024-09-26 17:00:00+00:00,70.76,70.83,70.67,70.81,2889.0
2024-09-26 18:00:00+00:00,70.81,70.84,70.64,70.815,3572.0
2024-09-26 19:00:00+00:00,70.82,70.95,70.66,70.905,13269.0
2024-09-27 14:00:00+00:00,71.63,73.205,71.63,73.205,1752.0
2024-09-27 15:00:00+00:00,73.185,73.62,73.01,73.01,27413.0
2024-09-27 16:00:00+00:00,73.06,73.17,72.86,72.93,4613.0
2024-09-27 17:00:00+00:00,72.91,73.04,72.75,72.845,4721.0
2024-09-27 18:00:00+00:00,72.87,73.27,72.835,73.25,8957.0
2024-09-27 19:00:00+00:00,73.27,73.455,72.99,73.235,16257.0
2024-09-30 14:00:00+00:00,73.06,73.2,72.6,72.6,3434.0
2024-09-30 15:00:00+00:00,72.615,72.76,72.45,72.57,3599.0
2024-09-30 16:00:00+00:00,72.57,72.81,72.56,72.81,2973.0
2024-09-30 17:00:00+00:00,72.78,72.94,72.735,72.89,3830.0
2024-09-30 18:00:00+00:00,72.89,72.935,72.58,72.61,4773.0
2024-09-30 19:00:00+00:00,72.595,73.02,72.5,72.965,14223.0
2024-10-01 14:00:00+00:00,71.77,71.915,71.38,71.66,7570.0
2024-10-01 15:00:00+00:00,71.68,72.29,71.52,72.29,3997.0
2024-10-01 16:00:00+00:00,72.23,72.325,71.83,72.06,2786.0
2024-10-01 17:00:00+00:00,72.06,72.24,71.76,72.22,2289.0
2024-10-01 18:00:00+00:00,72.23,72.46,72.23,72.25,2648.0
2024-10-01 19:00:00+00:00,72.235,72.26,71.91,71.965,11465.0
2024-10-02 14:00:00+00:00,71.39,71.49,70.99,71.09,7938.0
2024-10-02 15:00:00+00:00,71.06,71.42,70.96,71.18,3530.0
2024-10-02 16:00:00+00:00,71.15,71.15,71.01,71.08,3954.0
2024-10-02 17:00:00+00:00,71.08,71.39,70.965,71.355,3232.0
2024-10-02 18:00:00+00:00,71.355,71.37,71.06,71.12,3512.0
2024-10-02 19:00:00+00:00,71.12,71.365,71.035,71.285,12245.0
2024-10-03 14:00:00+00:00,70.4,70.625,70.01,70.07,8321.0
2024-10-03 15:00:00+00:00,70.0,70.255,69.89,70.18,5465.0
2024-10-03 16:00:00+00:00,70.18,70.195,69.8,69.96,4960.0
2024-10-03 17:00:00+00:00,69.865,70.055,69.725,70.045,3423.0
2024-10-03 18:00:00+00:00,70.045,70.62,70.045,70.56,5221.0
2024-10-03 19:00:00+00:00,70.53,70.6,70.3,70.54,20071.0
2024-10-04 14:00:00+00:00,70.89,70.99,70.53,70.745,3635.0
2024-10-04 15:00:00+00:00,70.785,70.795,70.47,70.55,3440.0
2024-10-04 16:00:00+00:00,70.55,70.67,70.415,70.56,2540.0
2024-10-04 17:00:00+00:00,70.56,70.7,70.31,70.31,1631.0
2024-10-04 18:00:00+00:00,70.31,70.365,70.19,70.27,3667.0
2024-10-04 19:00:00+00:00,70.27,70.61,70.26,70.575,12121.0
2024-10-07 14:00:00+00:00,70.29,70.63,70.29,70.33,4357.0
2024-10-07 15:00:00+00:00,70.33,70.47,70.06,70.06,7208.0
2024-10-07 16:00:00+00:00,70.11,70.17,70.01,70.17,2458.0
2024-10-07 17:00:00+00:00,70.18,70.18,69.56,69.57,2532.0
2024-10-07 18:00:00+00:00,69.58,69.755,69.22,69.225,4031.0
2024-10-07 19:00:00+00:00,69.25,69.465,69.195,69.295,24104.0
2024-10-08 14:00:00+00:00,69.465,70.14,69.41,70.14,4613.0
2024-10-08 15:00:00+00:00,70.14,70.22,69.99,69.99,3323.0
2024-10-08 16:00:00+00:00,69.98,70.02,69.79,69.83,725.0
2024-10-08 17:00:00+00:00,69.83,69.83,69.64,69.64,1566.0
2024-10-08 18:00:00+00:00,69.64,70.01,69.64,69.92,2540.0
2024-10-08 19:00:00+00:00,69.92,70.12,69.84,69.985,6069.0
2024-10-09 14:00:00+00:00,70.63,70.63,70.15,70.26,1823.0
2024-10-09 15:00:00+00:00,70.26,70.835,70.26,70.82,4688.0
2024-10-09 16:00:00+00:00,70.82,71.09,70.68,70.925,2369.0
2024-10-09 17:00:00+00:00,70.925,70.925,70.4,70.48,2929.0
2024-10-09 18:00:00+00:00,70.48,70.48,70.2,70.31,1119.0
2024-10-09 19:00:00+00:00,70.31,70.615,70.24,70.5,10067.0
2024-10-10 14:00:00+00:00,70.2,70.37,70.2,70.27,1769.0
2024-10-10 15:00:00+00:00,70.26,70.54,70.26,70.38,3153.0
2024-10-10 16:00:00+00:00,70.39,70.39,70.095,70.11,3910.0
2024-10-10 17:00:00+00:00,70.11,70.17,69.97,70.055,3630.0
2024-10-10 18:00:00+00:00,70.055,70.055,69.83,69.955,3099.0
2024-10-10 19:00:00+00:00,69.955,70.12,69.77,70.05,8080.0
2024-10-11 14:00:00+00:00,70.24,70.52,70.16,70.46,5838.0
2024-10-11 15:00:00+00:00,70.435,70.865,70.28,70.74,2303.0
2024-10-11 16:00:00+00:00,70.74,70.78,70.57,70.7,2167.0
2024-10-11 17:00:00+00:00,70.73,71.0,70.65,71.0,5950.0
2024-10-11 18:00:00+00:00,71.0,71.0,70.67,70.67,3707.0
2024-10-11 19:00:00+00:00,70.65,70.7,70.42,70.525,11470.0
2024-10-14 14:00:00+00:00,70.12,70.685,70.06,70.155,6476.0
2024-10-14 15:00:00+00:00,70.155,70.62,70.04,70.62,4030.0
2024-10-14 16:00:00+00:00,70.61,70.78,70.565,70.58,1927.0
2024-10-14 17:00:00+00:00,70.58,70.75,70.445,70.64,2282.0
2024-10-14 18:00:00+00:00,70.64,70.875,70.62,70.695,2749.0
2024-10-14 19:00:00+00:00,70.695,71.115,70.61,71.0,8819.0
2024-10-15 14:00:00+00:00,70.765,71.63,70.685,71.5,11348.0
2024-10-15 15:00:00+00:00,71.44,72.15,71.4,71.82,5657.0
2024-10-15 16:00:00+00:00,71.75,71.94,71.64,71.84,3546.0
2024-10-15 17:00:00+00:00,71.86,71.88,71.48,71.65,5326.0
2024-10-15 18:00:00+00:00,71.62,71.62,71.12,71.36,3355.0
2024-10-15 19:00:00+00:00,71.41,71.5,71.065,71.08,11435.0
2024-10-16 14:00:00+00:00,72.36,72.435,71.88,72.02,4407.0
2024-10-16 15:00:00+00:00,72.01,72.06,71.91,71.93,10699.0
2024-10-16 16:00:00+00:00,71.955,72.27,71.93,72.235,4800.0
2024-10-16 17:00:00+00:00,72.25,72.25,71.79,71.8,4366.0
2024-10-16 18:00:00+00:00,71.8,72.17,71.77,72.045,4956.0
2024-10-16 19:00:00+00:00,72.03,72.12,71.65,71.73,14569.0
2024-10-17 14:00:00+00:00,71.485,71.485,71.19,71.41,3017.0
2024-10-17 15:00:00+00:00,71.365,71.975,71.29,71.95,3683.0
2024-10-17 16:00:00+00:00,71.94,71.985,71.81,71.985,2640.0
2024-10-17 17:00:00+00:00,71.985,72.16,71.94,72.09,3100.0
2024-10-17 18:00:00+00:00,72.09,72.115,71.735,71.82,3931.0
2024-10-17 19:00:00+00:00,71.85,71.97,71.645,71.675,15349.0
2024-10-18 14:00:00+00:00,71.645,71.845,71.54,71.77,3655.0
2024-10-18 15:00:00+00:00,71.81,72.04,71.725,72.01,8994.0
2024-10-18 16:00:00+00:00,72.02,72.36,72.0,72.32,2197.0
2024-10-18 17:00:00+00:00,72.315,72.375,72.22,72.335,2054.0
2024-10-18 18:00:00+00:00,72.335,72.5,72.24,72.37,3397.0
2024-10-18 19:00:00+00:00,72.36,72.47,72.08,72.405,9445.0
2024-10-21 14:00:00+00:00,72.17,72.17,71.735,71.76,4094.0
2024-10-21 15:00:00+00:00,71.79,71.805,71.515,71.805,2577.0
2024-10-21 16:00:00+00:00,71.805,71.805,71.65,71.79,2078.0
2024-10-21 17:00:00+00:00,71.79,71.835,71.665,71.675,2482.0
2024-10-21 18:00:00+00:00,71.675,71.69,71.38,71.47,2203.0
2024-10-21 19:00:00+00:00,71.455,71.635,71.39,71.575,7270.0
2024-10-22 14:00:00+00:00,71.105,71.11,70.69,70.71,2978.0
2024-10-22 15:00:00+00:00,70.65,70.66,70.35,70.35,2365.0
2024-10-22 16:00:00+00:00,70.31,70.91,70.26,70.91,3703.0
2024-10-22 17:00:00+00:00,70.9,71.0,70.84,70.98,2277.0
2024-10-22 18:00:00+00:00,70.99,71.3,70.99,71.19,4591.0
2024-10-22 19:00:00+00:00,71.19,71.38,71.14,71.17,11887.0
2024-10-23 14:00:00+00:00,70.7,70.87,69.635,69.97,11465.0
2024-10-23 15:00:00+00:00,69.99,70.56,69.965,70.18,12125.0
2024-10-23 16:00:00+00:00,70.19,70.35,69.88,69.92,13796.0
2024-10-23 17:00:00+00:00,69.94,70.48,69.87,70.42,6568.0
2024-10-23 18:00:00+00:00,70.41,70.48,70.2,70.23,5412.0
2024-10-23 19:00:00+00:00,70.22,70.33,70.095,70.24,13032.0
2024-10-24 14:00:00+00:00,71.16,71.445,70.95,71.245,10990.0
2024-10-24 15:00:00+00:00,71.25,71.4,71.025,71.095,5901.0
2024-10-24 16:00:00+00:00,71.07,71.07,70.86,70.895,5022.0
2024-10-24 17:00:00+00:00,70.895,70.895,70.59,70.6,4689.0
2024-10-24 18:00:00+00:00,70.57,70.64,70.31,70.64,3114.0
2024-10-24 19:00:00+00:00,70.7,70.905,70.56,70.89,21073.0
2024-10-25 14:00:00+00:00,70.31,70.885,70.17,70.6,4610.0
2024-10-25 15:00:00+00:00,70.635,70.66,70.23,70.28,4714.0
2024-10-25 16:00:00+00:00,70.28,70.42,70.19,70.25,2668.0
2024-10-25 17:00:00+00:00,70.28,70.345,70.005,70.005,3030.0
2024-10-25 18:00:00+00:00,70.025,70.07,69.905,69.935,2417.0
2024-10-25 19:00:00+00:00,69.94,70.12,69.66,70.02,15898.0
2024-10-28 14:00:00+00:00,70.86,71.195,70.65,71.05,1779.0
2024-10-28 15:00:00+00:00,71.05,71.16,70.87,71.11,1798.0
2024-10-28 16:00:00+00:00,71.11,71.28,70.99,71.13,2027.0
2024-10-28 17:00:00+00:00,71.125,71.145,70.91,70.91,1418.0
2024-10-28 18:00:00+00:00,70.875,71.12,70.83,71.08,2535.0
2024-10-28 19:00:00+00:00,71.03,71.285,71.0,71.105,8345.0
2024-10-29 14:00:00+00:00,70.91,71.14,70.82,70.9,4200.0
2024-10-29 15:00:00+00:00,70.85,70.885,70.67,70.67,2579.0
2024-10-29 16:00:00+00:00,70.67,70.72,70.49,70.61,1774.0
2024-10-29 17:00:00+00:00,70.635,70.67,70.38,70.42,1295.0
2024-10-29 18:00:00+00:00,70.42,70.42,70.185,70.25,4139.0
2024-10-29 19:00:00+00:00,70.25,70.44,70.1,70.35,9122.0
2024-10-30 14:00:00+00:00,70.89,71.055,70.74,70.78,6256.0
2024-10-30 15:00:00+00:00,70.785,70.84,70.58,70.64,3299.0
2024-10-30 16:00:00+00:00,70.64,70.91,70.55,70.865,6033.0
2024-10-30 17:00:00+00:00,70.865,71.03,70.77,70.96,6230.0
2024-10-30 18:00:00+00:00,70.96,71.02,70.85,70.92,5058.0
2024-10-30 19:00:00+00:00,70.91,70.93,70.54,70.64,18318.0
2024-10-31 14:00:00+00:00,70.89,71.01,70.46,70.58,13764.0
2024-10-31 15:00:00+00:00,70.59,70.78,70.42,70.57,4611.0
2024-10-31 16:00:00+00:00,70.57,70.72,70.33,70.46,3487.0
2024-10-31 17:00:00+00:00,70.49,70.57,70.34,70.57,4105.0
2024-10-31 18:00:00+00:00,70.57,70.79,70.555,70.705,5420.0
2024-10-31 19:00:00+00:00,70.705,70.83,70.16,70.24,11529.0
2024-11-01 14:00:00+00:00,70.84,71.32,70.49,70.65,10902.0
2024-11-01 15:00:00+00:00,70.655,70.7,70.47,70.55,8007.0
2024-11-01 16:00:00+00:00,70.55,70.98,70.25,70.28,11491.0
2024-11-01 17:00:00+00:00,70.28,70.43,70.18,70.18,8931.0
2024-11-01 18:00:00+00:00,70.18,70.42,70.11,70.3,14000.0
2024-11-01 19:00:00+00:00,70.3,70.56,70.135,70.36,37764.0
2024-11-04 15:00:00+00:00,71.43,72.43,71.43,72.225,23869.0
2024-11-04 16:00:00+00:00,72.25,72.27,71.48,71.57,19639.0
2024-11-04 17:00:00+00:00,71.565,71.92,71.565,71.73,13986.0
2024-11-04 18:00:00+00:00,71.73,72.045,71.54,72.0,10364.0
2024-11-04 19:00:00+00:00,72.005,72.25,71.92,72.04,17073.0
2024-11-04 20:00:00+00:00,72.02,72.39,71.92,72.36,37425.0
2024-11-05 15:00:00+00:00,69.0,70.81,68.855,69.945,40371.0
2024-11-05 16:00:00+00:00,69.945,69.975,68.71,69.13,27552.0
2024-11-05 17:00:00+00:00,69.21,69.51,68.94,69.4,23085.0
2024-11-05 18:00:00+00:00,69.425,69.7,69.08,69.28,13182.0
2024-11-05 19:00:00+00:00,69.32,69.38,68.985,69.2,17656.0
2024-11-05 20:00:00+00:00,69.16,69.2,68.85,69.005,38480.0
2024-11-06 15:00:00+00:00,71.09,71.09,69.47,69.68,15061.0
2024-11-06 16:00:00+00:00,69.72,70.31,69.48,69.75,15110.0
2024-11-06 17:00:00+00:00,69.69,69.95,69.64,69.81,15803.0
2024-11-06 18:00:00+00:00,69.81,69.88,69.72,69.78,9639.0
2024-11-06 19:00:00+00:00,69.8,69.8,69.495,69.5,9897.0
2024-11-06 20:00:00+00:00,69.53,70.11,69.5,70.07,47390.0
2024-11-07 15:00:00+00:00,68.775,69.01,67.99,68.32,13622.0
2024-11-07 16:00:00+00:00,68.38,68.72,68.23,68.47,12016.0
2024-11-07 17:00:00+00:00,68.49,68.955,68.48,68.67,5220.0
2024-11-07 18:00:00+00:00,68.67,69.245,68.67,68.85,4141.0
2024-11-07 19:00:00+00:00,68.85,69.01,68.58,68.89,10517.0
2024-11-07 20:00:00+00:00,68.92,69.53,68.92,69.42,39020.0
2024-11-08 15:00:00+00:00,68.52,69.365,68.52,69.065,6113.0
2024-11-08 16:00:00+00:00,69.07,69.14,68.68,68.775,3403.0
2024-11-08 17:00:00+00:00,68.79,68.89,68.46,68.515,3004.0
2024-11-08 18:00:00+00:00,68.505,68.55,68.3,68.45,4648.0
2024-11-08 19:00:00+00:00,68.45,68.5,68.19,68.275,5780.0
2024-11-08 20:00:00+00:00,68.275,68.29,67.915,67.965,10210.0
2024-11-11 15:00:00+00:00,68.69,68.95,68.55,68.865,5429.0
2024-11-11 16:00:00+00:00,68.85,69.07,68.61,68.965,6106.0
2024-11-11 17:00:00+00:00,68.92,68.97,68.66,68.695,7387.0
2024-11-11 18:00:00+00:00,68.72,68.73,68.26,68.295,5401.0
2024-11-11 19:00:00+00:00,68.295,68.4,68.22,68.295,7070.0
2024-11-11 20:00:00+00:00,68.295,68.33,67.99,68.28,13392.0
2024-11-12 15:00:00+00:00,68.275,68.53,67.98,68.075,7456.0
2024-11-12 16:00:00+00:00,68.075,68.075,67.86,67.87,5574.0
2024-11-12 17:00:00+00:00,67.87,67.87,67.675,67.705,3591.0
2024-11-12 18:00:00+00:00,67.705,67.86,67.665,67.835,2211.0
2024-11-12 19:00:00+00:00,67.84,68.01,67.825,67.99,2713.0
2024-11-12 20:00:00+00:00,67.98,68.09,67.335,67.435,12354.0
2024-11-13 15:00:00+00:00,66.96,67.25,66.78,67.22,9911.0
2024-11-13 16:00:00+00:00,67.225,67.61,67.145,67.59,4368.0
2024-11-13 17:00:00+00:00,67.59,67.61,67.44,67.545,3837.0
2024-11-13 18:00:00+00:00,67.545,67.6,67.375,67.6,4581.0
2024-11-13 19:00:00+00:00,67.585,67.75,67.52,67.685,5929.0
2024-11-13 20:00:00+00:00,67.68,67.86,67.56,67.755,20977.0
2024-11-14 15:00:00+00:00,67.24,67.32,66.755,67.17,14007.0
2024-11-14 16:00:00+00:00,67.1,67.11,66.63,66.735,7480.0
2024-11-14 17:00:00+00:00,66.66,67.04,66.65,66.945,6383.0
2024-11-14 18:00:00+00:00,66.93,67.055,66.76,66.885,5048.0
2024-11-14 19:00:00+00:00,66.885,67.48,66.885,67.31,10978.0
2024-11-14 20:00:00+00:00,67.2,67.23,66.5,66.55,22715.0
2024-11-15 15:00:00+00:00,66.445,66.85,66.13,66.72,12112.0
2024-11-15 16:00:00+00:00,66.72,67.7,66.72,67.66,7981.0
2024-11-15 17:00:00+00:00,67.66,67.98,67.66,67.815,5666.0
2024-11-15 18:00:00+00:00,67.81,68.24,67.69,68.16,8378.0
2024-11-15 19:00:00+00:00,68.16,68.53,68.15,68.39,9063.0
2024-11-15 20:00:00+00:00,68.38,68.795,68.38,68.775,42032.0
2024-11-18 15:00:00+00:00,72.12,73.62,72.12,72.6,29669.0
2024-11-18 16:00:00+00:00,72.64,73.06,71.795,71.97,13856.0
2024-11-18 17:00:00+00:00,71.955,72.76,71.93,72.69,8892.0
2024-11-18 18:00:00+00:00,72.65,75.365,72.18,74.09,22052.0
2024-11-18 19:00:00+00:00,73.79,74.37,72.455,73.18,25624.0
2024-11-18 20:00:00+00:00,73.155,74.13,72.99,73.895,57015.0
2024-11-19 15:00:00+00:00,74.78,75.57,74.78,75.57,26290.0
2024-11-19 16:00:00+00:00,75.6,76.74,75.6,76.72,24066.0
2024-11-19 17:00:00+00:00,76.685,76.83,75.95,76.25,32450.0
2024-11-19 18:00:00+00:00,76.24,76.385,75.51,75.525,18574.0
2024-11-19 19:00:00+00:00,75.525,76.07,75.26,75.4,26023.0
2024-11-19 20:00:00+00:00,75.395,75.395,74.765,74.85,62583.0
2024-11-20 15:00:00+00:00,73.11,74.16,72.79,73.71,18631.0
2024-11-20 16:00:00+00:00,73.655,74.075,73.025,73.865,11219.0
2024-11-20 17:00:00+00:00,73.91,73.97,73.76,73.9,3194.0
2024-11-20 18:00:00+00:00,73.9,74.06,73.48,73.49,4947.0
2024-11-20 19:00:00+00:00,73.44,73.615,73.23,73.55,9153.0
2024-11-20 20:00:00+00:00,73.55,73.9,73.45,73.59,23015.0
2024-11-21 15:00:00+00:00,72.67,72.94,72.0,72.21,20753.0
2024-11-21 16:00:00+00:00,72.21,72.55,72.16,72.53,23737.0
2024-11-21 17:00:00+00:00,72.5,72.85,72.16,72.8,12227.0
2024-11-21 18:00:00+00:00,72.8,73.1,72.67,72.85,8295.0
2024-11-21 19:00:00+00:00,72.85,73.475,72.8,73.445,8223.0
2024-11-21 20:00:00+00:00,73.45,73.96,73.14,73.8,24825.0
2024-11-22 15:00:00+00:00,73.77,74.595,73.25,74.41,8834.0
2024-11-22 16:00:00+00:00,74.41,74.62,74.01,74.35,8229.0
2024-11-22 17:00:00+00:00,74.32,74.81,74.31,74.73,7148.0
2024-11-22 18:00:00+00:00,74.73,75.07,74.66,75.07,4999.0
2024-11-22 19:00:00+00:00,75.07,75.14,74.885,74.89,4395.0
2024-11-22 20:00:00+00:00,74.89,75.205,74.73,75.105,21479.0
2024-11-25 15:00:00+00:00,76.215,77.085,76.215,77.08,27147.0
2024-11-25 16:00:00+00:00,77.05,77.305,76.9,77.005,21311.0
2024-11-25 17:00:00+00:00,77.015,77.13,76.635,76.83,13277.0
2024-11-25 18:00:00+00:00,76.83,76.84,76.23,76.78,17434.0
2024-11-25 19:00:00+00:00,76.74,77.39,76.66,77.34,24893.0
2024-11-25 20:00:00+00:00,77.34,77.57,76.77,76.905,39162.0
2024-11-26 15:00:00+00:00,76.56,76.56,75.28,75.59,3877.0
2024-11-26 16:00:00+00:00,75.59,76.34,75.48,76.285,4834.0
2024-11-26 17:00:00+00:00,76.275,76.405,76.02,76.23,15136.0
2024-11-26 18:00:00+00:00,76.26,76.605,76.22,76.49,9304.0
2024-11-26 19:00:00+00:00,76.49,76.815,76.49,76.78,5827.0
2024-11-26 20:00:00+00:00,76.77,77.36,76.71,77.32,25319.0
2024-11-27 15:00:00+00:00,78.06,78.42,77.81,78.195,5134.0
2024-11-27 16:00:00+00:00,78.145,78.145,77.51,77.99,5699.0
2024-11-27 17:00:00+00:00,77.98,78.035,77.89,77.97,2385.0
2024-11-27 18:00:00+00:00,77.905,77.92,77.43,77.61,4950.0
2024-11-27 19:00:00+00:00,77.565,77.615,77.43,77.52,8205.0
2024-11-27 20:00:00+00:00,77.52,77.68,77.35,77.64,12460.0
2024-11-28 15:00:00+00:00,77.64,77.64,77.64,77.64,0.0
2024-11-28 16:00:00+00:00,77.64,77.64,77.64,77.64,0.0
2024-11-28 17:00:00+00:00,77.64,77.64,77.64,77.64,0.0
2024-11-28 18:00:00+00:00,77.64,77.64,77.64,77.64,0.0
2024-11-28 19:00:00+00:00,77.64,77.64,77.64,77.64,0.0
2024-11-28 20:00:00+00:00,77.64,77.64,77.64,77.64,0.0
2024-11-29 15:00:00+00:00,77.405,77.59,77.28,77.555,7213.0
2024-11-29 16:00:00+00:00,77.55,77.9,77.46,77.58,5077.0
2024-11-29 17:00:00+00:00,77.58,77.63,77.02,77.04,9221.0
2024-11-29 18:00:00+00:00,77.04,77.04,77.04,77.04,0.0
2024-11-29 19:00:00+00:00,77.04,77.04,77.04,77.04,0.0
2024-11-29 20:00:00+00:00,77.04,77.04,77.04,77.04,0.0
2024-12-02 15:00:00+00:00,76.6,77.065,76.45,76.77,8113.0
2024-12-02 16:00:00+00:00,76.72,76.85,76.545,76.775,10007.0
2024-12-02 17:00:00+00:00,76.785,77.075,76.78,76.97,5072.0
2024-12-02 18:00:00+00:00,76.97,77.07,76.71,76.85,4335.0
2024-12-02 19:00:00+00:00,76.82,76.885,76.31,76.37,4894.0
2024-12-02 20:00:00+00:00,76.37,76.54,76.29,76.49,19415.0
2024-12-03 15:00:00+00:00,75.58,76.085,75.58,75.72,10417.0
2024-12-03 16:00:00+00:00,75.72,75.83,75.58,75.78,7663.0
2024-12-03 17:00:00+00:00,75.78,75.92,75.715,75.92,6387.0
2024-12-03 18:00:00+00:00,75.89,76.005,75.6,75.77,8785.0
2024-12-03 19:00:00+00:00,75.77,75.79,75.335,75.39,8846.0
2024-12-03 20:00:00+00:00,75.39,75.495,74.94,75.21,29027.0
2024-12-04 15:00:00+00:00,74.51,74.74,74.31,74.71,4723.0
2024-12-04 16:00:00+00:00,74.71,74.86,74.64,74.64,4763.0
2024-12-04 17:00:00+00:00,74.64,74.655,74.49,74.56,2380.0
2024-12-04 18:00:00+00:00,74.56,74.61,74.33,74.55,3925.0
2024-12-04 19:00:00+00:00,74.5,74.55,74.09,74.16,3743.0
2024-12-04 20:00:00+00:00,74.16,74.64,74.015,74.48,17628.0
2024-12-05 15:00:00+00:00,73.855,74.1,72.8,72.895,7120.0
2024-12-05 16:00:00+00:00,72.895,73.22,72.675,73.22,4950.0
2024-12-05 17:00:00+00:00,73.2,73.25,72.74,72.76,5440.0
2024-12-05 18:00:00+00:00,72.76,72.8,71.99,72.16,6032.0
2024-12-05 19:00:00+00:00,72.195,72.54,72.125,72.455,12961.0
2024-12-05 20:00:00+00:00,72.455,72.815,72.39,72.47,13748.0
2024-12-06 15:00:00+00:00,72.83,72.955,72.31,72.35,12041.0
2024-12-06 16:00:00+00:00,72.29,72.63,72.185,72.62,14165.0
2024-12-06 17:00:00+00:00,72.49,72.695,72.3,72.51,8904.0
2024-12-06 18:00:00+00:00,72.53,72.69,72.33,72.365,10372.0
2024-12-06 19:00:00+00:00,72.34,72.52,72.215,72.28,17408.0
2024-12-06 20:00:00+00:00,72.285,73.05,72.28,72.98,32460.0
2024-12-09 15:00:00+00:00,74.375,75.39,74.08,75.07,8564.0
2024-12-09 16:00:00+00:00,75.16,75.72,75.07,75.55,8571.0
2024-12-09 17:00:00+00:00,75.47,75.77,75.185,75.57,8744.0
2024-12-09 18:00:00+00:00,75.57,75.73,75.27,75.465,9827.0
2024-12-09 19:00:00+00:00,75.465,76.08,75.465,75.75,13213.0
2024-12-09 20:00:00+00:00,75.785,75.785,74.89,75.025,24366.0
2024-12-10 15:00:00+00:00,73.6,74.04,73.3,73.75,7277.0
2024-12-10 16:00:00+00:00,73.74,74.23,73.66,74.12,13333.0
2024-12-10 17:00:00+00:00,74.12,75.16,74.09,74.87,4432.0
2024-12-10 18:00:00+00:00,74.87,75.54,74.83,75.29,5000.0
2024-12-10 19:00:00+00:00,75.33,75.46,74.87,74.945,6589.0
2024-12-10 20:00:00+00:00,74.945,75.1,74.485,74.73,9388.0
2024-12-11 15:00:00+00:00,77.995,78.14,76.435,76.58,44635.0
2024-12-11 16:00:00+00:00,76.63,76.635,75.79,75.97,15023.0
2024-12-11 17:00:00+00:00,75.97,76.635,75.97,76.4,6687.0
2024-12-11 18:00:00+00:00,76.44,76.75,76.4,76.4,5152.0
2024-12-11 19:00:00+00:00,76.39,76.73,76.36,76.41,11384.0
2024-12-11 20:00:00+00:00,76.405,76.96,76.29,76.86,17585.0
2024-12-12 15:00:00+00:00,77.355,77.61,76.47,76.755,22277.0
2024-12-12 16:00:00+00:00,76.85,77.0,76.745,77.0,9020.0
2024-12-12 17:00:00+00:00,77.0,77.155,76.89,77.03,14478.0
2024-12-12 18:00:00+00:00,77.05,77.05,76.83,76.95,8687.0
2024-12-12 19:00:00+00:00,76.95,77.125,76.95,76.98,11417.0
2024-12-12 20:00:00+00:00,76.98,77.195,76.9,76.97,14298.0
2024-12-13 15:00:00+00:00,76.08,76.47,75.8,76.415,14243.0
2024-12-13 16:00:00+00:00,76.37,76.985,76.26,76.52,6578.0
2024-12-13 17:00:00+00:00,76.495,76.55,76.05,76.155,8592.0
2024-12-13 18:00:00+00:00,76.17,76.43,75.97,76.33,13223.0
2024-12-13 19:00:00+00:00,76.34,76.44,76.29,76.325,10126.0
2024-12-13 20:00:00+00:00,76.33,76.66,76.215,76.6,52676.0
2024-12-16 15:00:00+00:00,76.955,77.43,76.62,77.41,10531.0
2024-12-16 16:00:00+00:00,77.4,77.4,76.49,76.605,6618.0
2024-12-16 17:00:00+00:00,76.615,76.91,76.445,76.86,9296.0
2024-12-16 18:00:00+00:00,76.87,76.89,75.88,76.38,14643.0
2024-12-16 19:00:00+00:00,76.38,76.51,75.815,75.815,5934.0
2024-12-16 20:00:00+00:00,75.81,76.18,75.1,75.15,10774.0
2024-12-17 15:00:00+00:00,74.49,75.07,74.04,74.11,7100.0
2024-12-17 16:00:00+00:00,74.21,74.57,74.14,74.275,6562.0
2024-12-17 17:00:00+00:00,74.28,74.28,73.475,73.54,11924.0
2024-12-17 18:00:00+00:00,73.535,73.83,73.49,73.67,9656.0
2024-12-17 19:00:00+00:00,73.67,73.7,73.27,73.33,6044.0
2024-12-17 20:00:00+00:00,73.33,73.475,73.16,73.17,12023.0
2024-12-18 15:00:00+00:00,73.005,73.39,72.64,72.795,5560.0
2024-12-18 16:00:00+00:00,72.82,72.87,72.57,72.855,3914.0
2024-12-18 17:00:00+00:00,72.855,72.93,72.57,72.57,3426.0
2024-12-18 18:00:00+00:00,72.57,72.6,72.25,72.41,2816.0
2024-12-18 19:00:00+00:00,72.39,72.465,71.11,71.14,10049.0
2024-12-18 20:00:00+00:00,71.14,71.43,70.59,70.61,16458.0
2024-12-19 15:00:00+00:00,69.99,70.27,69.41,69.41,12661.0
2024-12-19 16:00:00+00:00,69.39,69.39,68.98,68.98,8956.0
2024-12-19 17:00:00+00:00,68.85,69.0,68.5,68.72,7955.0
2024-12-19 18:00:00+00:00,68.73,68.99,68.54,68.96,13274.0
2024-12-19 19:00:00+00:00,68.95,69.05,68.73,68.95,17793.0
2024-12-19 20:00:00+00:00,68.95,69.4,68.85,68.97,26425.0
2024-12-20 15:00:00+00:00,69.32,70.07,69.28,69.795,14031.0
2024-12-20 16:00:00+00:00,69.74,70.165,69.74,70.065,22746.0
2024-12-20 17:00:00+00:00,69.99,70.3,69.78,69.96,12326.0
2024-12-20 18:00:00+00:00,70.0,70.235,69.75,69.92,6095.0
2024-12-20 19:00:00+00:00,69.92,70.27,69.86,69.87,11586.0
2024-12-20 20:00:00+00:00,69.91,69.92,69.44,69.8,23207.0
2024-12-23 15:00:00+00:00,69.76,70.41,69.66,69.66,699.0
2024-12-23 16:00:00+00:00,69.66,69.66,69.66,69.66,0.0
2024-12-23 17:00:00+00:00,69.66,69.66,69.66,69.66,0.0
2024-12-23 18:00:00+00:00,69.66,69.66,69.66,69.66,0.0
2024-12-23 19:00:00+00:00,69.66,69.66,69.66,69.66,0.0
2024-12-23 20:00:00+00:00,69.66,69.66,69.66,69.66,0.0
2024-12-24 15:00:00+00:00,69.725,69.95,69.475,69.475,2359.0
2024-12-24 16:00:00+00:00,69.47,69.685,69.46,69.635,2716.0
2024-12-24 17:00:00+00:00,69.61,70.25,69.61,70.06,6444.0
2024-12-24 18:00:00+00:00,70.06,70.06,70.06,70.06,0.0
2024-12-24 19:00:00+00:00,70.06,70.06,70.06,70.06,0.0
2024-12-24 20:00:00+00:00,70.06,70.06,70.06,70.06,0.0
2024-12-25 15:00:00+00:00,70.06,70.06,70.06,70.06,0.0
2024-12-25 16:00:00+00:00,70.06,70.06,70.06,70.06,0.0
2024-12-25 17:00:00+00:00,70.06,70.06,70.06,70.06,0.0
2024-12-25 18:00:00+00:00,70.06,70.06,70.06,70.06,0.0
2024-12-25 19:00:00+00:00,70.06,70.06,70.06,70.06,0.0
2024-12-25 20:00:00+00:00,70.06,70.06,70.06,70.06,0.0
2024-12-26 15:00:00+00:00,70.16,71.11,70.1,71.11,7432.0
2024-12-26 16:00:00+00:00,71.11,71.31,71.04,71.205,6255.0
2024-12-26 17:00:00+00:00,71.21,71.265,70.95,71.105,6312.0
2024-12-26 18:00:00+00:00,71.105,72.39,70.95,71.05,16812.0
2024-12-26 19:00:00+00:00,71.05,71.1,70.81,70.97,9167.0
2024-12-26 20:00:00+00:00,70.97,71.21,70.88,70.97,11730.0
2024-12-27 15:00:00+00:00,70.96,70.96,70.155,70.385,3065.0
2024-12-27 16:00:00+00:00,70.37,70.5,70.05,70.08,2607.0
2024-12-27 17:00:00+00:00,70.08,70.11,69.84,70.08,2623.0
2024-12-27 18:00:00+00:00,70.1,70.32,70.02,70.305,2379.0
2024-12-27 19:00:00+00:00,70.33,70.715,70.3,70.715,3025.0
2024-12-27 20:00:00+00:00,70.65,70.65,70.3,70.44,6972.0
2024-12-30 15:00:00+00:00,69.15,69.25,68.85,69.175,1898.0
2024-12-30 16:00:00+00:00,69.18,69.645,69.18,69.55,6351.0
2024-12-30 17:00:00+00:00,69.55,69.88,69.55,69.78,3254.0
2024-12-30 18:00:00+00:00,69.78,69.87,69.76,69.83,2754.0
2024-12-30 19:00:00+00:00,69.84,69.915,69.7,69.76,4842.0
2024-12-30 20:00:00+00:00,69.75,69.775,69.22,69.22,8646.0
2024-12-31 15:00:00+00:00,69.49,69.79,69.365,69.365,1307.0
2024-12-31 16:00:00+00:00,69.37,69.4,69.07,69.09,1500.0
2024-12-31 17:00:00+00:00,69.09,69.125,68.77,68.91,1032.0
2024-12-31 18:00:00+00:00,68.91,69.08,68.83,69.03,701.0
2024-12-31 19:00:00+00:00,69.005,69.09,68.87,69.09,1192.0
2024-12-31 20:00:00+00:00,69.065,69.22,68.97,69.18,4954.0
2025-01-01 15:00:00+00:00,69.18,69.18,69.18,69.18,0.0
2025-01-01 16:00:00+00:00,69.18,69.18,69.18,69.18,0.0
2025-01-01 17:00:00+00:00,69.18,69.18,69.18,69.18,0.0
2025-01-01 18:00:00+00:00,69.18,69.18,69.18,69.18,0.0
2025-01-01 19:00:00+00:00,69.18,69.18,69.18,69.18,0.0
2025-01-01 20:00:00+00:00,69.18,69.18,69.18,69.18,0.0
2025-01-02 15:00:00+00:00,69.09,69.09,68.3,68.3,4619.0
2025-01-02 16:00:00+00:00,68.3,68.34,67.895,68.05,5984.0
2025-01-02 17:00:00+00:00,68.05,68.53,67.92,68.53,6140.0
2025-01-02 18:00:00+00:00,68.53,68.76,68.24,68.605,9203.0
2025-01-02 19:00:00+00:00,68.59,68.65,68.32,68.33,4384.0
2025-01-02 20:00:00+00:00,68.34,68.7,68.34,68.555,16526.0
2025-01-03 15:00:00+00:00,68.485,68.78,68.33,68.61,3485.0
2025-01-03 16:00:00+00:00,68.61,68.705,68.465,68.69,2885.0
2025-01-03 17:00:00+00:00,68.7,69.15,68.7,68.91,6221.0
2025-01-03 18:00:00+00:00,68.9,69.15,68.87,69.12,3667.0
2025-01-03 19:00:00+00:00,69.12,69.19,69.05,69.055,2824.0
2025-01-03 20:00:00+00:00,69.055,69.39,68.985,69.08,15686.0
2025-01-06 15:00:00+00:00,71.29,72.35,71.17,71.86,11393.0
2025-01-06 16:00:00+00:00,71.82,72.04,71.47,71.59,5546.0
2025-01-06 17:00:00+00:00,71.525,71.96,71.42,71.82,8613.0
2025-01-06 18:00:00+00:00,71.84,72.015,71.24,71.45,11223.0
2025-01-06 19:00:00+00:00,71.45,71.65,71.39,71.65,9010.0
2025-01-06 20:00:00+00:00,71.615,71.75,71.445,71.71,36196.0
2025-01-07 15:00:00+00:00,72.21,72.21,71.14,71.705,10777.0
2025-01-07 16:00:00+00:00,71.77,71.855,71.395,71.43,11339.0
2025-01-07 17:00:00+00:00,71.395,71.715,71.37,71.47,7277.0
2025-01-07 18:00:00+00:00,71.47,71.77,71.44,71.71,7632.0
2025-01-07 19:00:00+00:00,71.67,71.87,71.51,71.805,8188.0
2025-01-07 20:00:00+00:00,71.805,71.805,71.475,71.63,18174.0
2025-01-08 15:00:00+00:00,70.36,71.015,70.36,71.0,6864.0
2025-01-08 16:00:00+00:00,71.015,71.09,70.47,70.51,5550.0
2025-01-08 17:00:00+00:00,70.51,70.62,70.35,70.51,2474.0
2025-01-08 18:00:00+00:00,70.545,70.855,70.545,70.6,2623.0
2025-01-08 19:00:00+00:00,70.63,71.035,70.61,70.9,4852.0
2025-01-08 20:00:00+00:00,70.9,71.15,70.725,71.05,14018.0
2025-01-09 15:00:00+00:00,71.05,71.05,71.05,71.05,0.0
2025-01-09 16:00:00+00:00,71.05,71.05,71.05,71.05,0.0
2025-01-09 17:00:00+00:00,71.05,71.05,71.05,71.05,0.0
2025-01-09 18:00:00+00:00,71.05,71.05,71.05,71.05,0.0
2025-01-09 19:00:00+00:00,71.05,71.05,71.05,71.05,0.0
2025-01-09 20:00:00+00:00,71.05,71.05,71.05,71.05,0.0
2025-01-10 15:00:00+00:00,70.59,70.62,70.2,70.33,2959.0
2025-01-10 16:00:00+00:00,70.26,70.35,69.72,70.0,4321.0
2025-01-10 17:00:00+00:00,70.0,70.025,69.75,69.89,3784.0
2025-01-10 18:00:00+00:00,69.89,70.1,69.79,69.985,4133.0
2025-01-10 19:00:00+00:00,69.985,70.15,69.77,69.855,5141.0
2025-01-10 20:00:00+00:00,69.785,69.96,69.64,69.65,15614.0
2025-01-13 15:00:00+00:00,69.65,69.65,69.65,69.65,0.0
2025-01-13 16:00:00+00:00,69.65,70.96,69.65,70.525,3529.0
2025-01-13 17:00:00+00:00,70.53,70.67,70.32,70.405,2777.0
2025-01-13 18:00:00+00:00,70.405,70.64,70.32,70.565,2721.0
2025-01-13 19:00:00+00:00,70.495,70.87,70.4,70.83,4928.0
2025-01-13 20:00:00+00:00,70.775,70.9,70.44,70.765,14848.0
2025-01-14 15:00:00+00:00,70.87,71.32,70.87,71.07,6963.0
2025-01-14 16:00:00+00:00,71.14,71.23,70.85,70.86,2841.0
2025-01-14 17:00:00+00:00,70.87,70.92,70.655,70.815,4093.0
2025-01-14 18:00:00+00:00,70.81,71.375,70.81,71.24,6090.0
2025-01-14 19:00:00+00:00,71.225,71.23,70.97,70.98,7250.0
2025-01-14 20:00:00+00:00,70.98,71.42,70.795,71.275,12995.0
2025-01-15 15:00:00+00:00,71.905,71.91,71.33,71.495,7496.0
2025-01-15 16:00:00+00:00,71.5,71.515,70.86,71.21,1398.0
2025-01-15 17:00:00+00:00,71.17,71.52,71.14,71.47,1703.0
2025-01-15 18:00:00+00:00,71.47,71.75,71.4,71.67,4742.0
2025-01-15 19:00:00+00:00,71.68,71.86,71.57,71.84,6207.0
2025-01-15 20:00:00+00:00,71.84,71.84,71.12,71.12,16452.0
2025-01-16 15:00:00+00:00,70.52,70.9,70.43,70.885,3905.0
2025-01-16 16:00:00+00:00,70.885,71.36,70.885,71.14,7826.0
2025-01-16 17:00:00+00:00,71.14,71.31,70.96,71.25,4443.0
2025-01-16 18:00:00+00:00,71.19,71.7,71.175,71.445,5517.0
2025-01-16 19:00:00+00:00,71.445,72.12,71.38,71.95,12066.0
2025-01-16 20:00:00+00:00,71.95,72.05,71.72,71.74,26447.0
2025-01-17 15:00:00+00:00,72.81,73.54,72.565,73.395,7500.0
2025-01-17 16:00:00+00:00,73.385,73.465,73.12,73.28,5475.0
2025-01-17 17:00:00+00:00,73.25,73.45,73.07,73.22,5300.0
2025-01-17 18:00:00+00:00,73.22,73.35,73.105,73.34,4998.0
2025-01-17 19:00:00+00:00,73.335,73.45,73.005,73.03,5534.0
2025-01-17 20:00:00+00:00,73.03,73.375,73.03,73.25,22512.0
2025-01-20 15:00:00+00:00,73.25,73.25,73.25,73.25,0.0
2025-01-20 16:00:00+00:00,73.25,73.25,73.25,73.25,0.0
2025-01-20 17:00:00+00:00,73.25,73.25,73.25,73.25,0.0
2025-01-20 18:00:00+00:00,73.25,73.25,73.25,73.25,0.0
2025-01-20 19:00:00+00:00,73.25,73.25,73.25,73.25,0.0
2025-01-20 20:00:00+00:00,73.25,73.25,73.25,73.25,0.0
2025-01-21 15:00:00+00:00,74.07,74.07,73.47,73.84,5308.0
2025-01-21 16:00:00+00:00,73.8,74.48,73.785,74.29,7806.0
2025-01-21 17:00:00+00:00,74.29,74.55,74.19,74.335,4728.0
2025-01-21 18:00:00+00:00,74.335,74.59,74.185,74.36,6044.0
2025-01-21 19:00:00+00:00,74.37,74.37,74.0,74.1,7139.0
2025-01-21 20:00:00+00:00,74.1,74.335,73.92,74.2,9883.0
2025-01-22 15:00:00+00:00,74.505,75.02,74.505,74.965,11292.0
2025-01-22 16:00:00+00:00,74.965,75.02,74.59,74.93,6239.0
2025-01-22 17:00:00+00:00,74.9,74.9,74.43,74.62,2046.0
2025-01-22 18:00:00+00:00,74.62,74.78,74.53,74.53,2778.0
2025-01-22 19:00:00+00:00,74.555,74.83,74.555,74.725,8698.0
2025-01-22 20:00:00+00:00,74.725,75.01,74.64,74.77,16951.0
2025-01-23 15:00:00+00:00,74.46,74.46,73.765,74.015,9261.0
2025-01-23 16:00:00+00:00,74.05,74.19,73.935,74.07,4299.0
2025-01-23 17:00:00+00:00,74.07,74.46,73.905,74.45,3110.0
2025-01-23 18:00:00+00:00,74.45,74.6,74.34,74.58,5077.0
2025-01-23 19:00:00+00:00,74.58,74.9,74.51,74.8,8072.0
2025-01-23 20:00:00+00:00,74.795,74.975,74.59,74.785,9570.0
2025-01-24 15:00:00+00:00,74.69,74.9,74.555,74.74,4445.0
2025-01-24 16:00:00+00:00,74.725,74.77,74.53,74.66,7973.0
2025-01-24 17:00:00+00:00,74.685,74.85,74.63,74.65,3146.0
2025-01-24 18:00:00+00:00,74.675,74.98,74.62,74.885,1543.0
2025-01-24 19:00:00+00:00,74.885,75.03,74.79,74.92,5781.0
2025-01-24 20:00:00+00:00,74.92,75.07,74.825,74.985,10039.0
2025-01-27 15:00:00+00:00,74.85,75.6,74.665,74.92,11356.0
2025-01-27 16:00:00+00:00,74.92,75.83,74.825,75.74,9989.0
2025-01-27 17:00:00+00:00,75.67,76.4,75.63,76.26,7769.0
2025-01-27 18:00:00+00:00,76.275,76.275,75.78,75.94,7432.0
2025-01-27 19:00:00+00:00,75.95,76.27,75.85,76.27,5710.0
2025-01-27 20:00:00+00:00,76.27,76.77,76.06,76.69,17287.0
2025-01-28 15:00:00+00:00,75.95,76.98,75.88,76.87,3419.0
2025-01-28 16:00:00+00:00,76.865,76.885,75.95,76.12,3279.0
2025-01-28 17:00:00+00:00,76.115,76.13,75.775,76.11,8752.0
2025-01-28 18:00:00+00:00,76.09,76.245,75.88,75.955,2319.0
2025-01-28 19:00:00+00:00,75.92,76.04,75.81,76.01,3417.0
2025-01-28 20:00:00+00:00,75.96,76.39,75.96,76.06,7629.0
2025-01-29 15:00:00+00:00,81.11,81.15,79.72,80.13,66412.0
2025-01-29 16:00:00+00:00,80.21,81.065,79.615,80.475,106632.0
2025-01-29 17:00:00+00:00,80.42,81.385,80.42,80.91,23736.0
2025-01-29 18:00:00+00:00,80.9,80.905,80.07,80.21,25061.0
2025-01-29 19:00:00+00:00,80.14,80.31,79.7,79.82,25120.0
2025-01-29 20:00:00+00:00,79.84,80.17,79.33,79.88,32654.0
2025-01-30 15:00:00+00:00,79.99,80.75,79.93,80.44,16763.0
2025-01-30 16:00:00+00:00,80.44,80.53,80.15,80.42,6710.0
2025-01-30 17:00:00+00:00,80.42,80.84,80.32,80.77,9020.0
2025-01-30 18:00:00+00:00,80.77,80.905,79.945,79.96,10838.0
2025-01-30 19:00:00+00:00,79.975,80.27,79.88,80.09,10789.0
2025-01-30 20:00:00+00:00,80.08,80.4,79.75,80.0,33885.0
2025-01-31 15:00:00+00:00,79.82,81.0,79.785,80.78,10673.0
2025-01-31 16:00:00+00:00,80.78,80.88,80.23,80.64,6014.0
2025-01-31 17:00:00+00:00,80.64,80.78,80.47,80.61,3311.0
2025-01-31 18:00:00+00:00,80.605,80.78,79.93,79.93,4046.0
2025-01-31 19:00:00+00:00,79.93,80.3,79.81,80.26,7590.0
2025-01-31 20:00:00+00:00,80.24,80.24,79.885,79.985,20628.0
2025-02-03 15:00:00+00:00,79.04,80.54,78.92,80.365,16407.0
2025-02-03 16:00:00+00:00,80.35,80.41,79.93,80.015,14353.0
2025-02-03 17:00:00+00:00,80.015,80.1,79.6,79.71,11876.0
2025-02-03 18:00:00+00:00,79.71,79.86,79.56,79.665,8215.0
2025-02-03 19:00:00+00:00,79.68,80.05,79.65,79.9,10572.0
2025-02-03 20:00:00+00:00,79.93,80.215,79.59,79.61,32125.0
2025-02-04 15:00:00+00:00,79.955,80.3,79.54,79.6,10931.0
2025-02-04 16:00:00+00:00,79.6,80.33,79.595,80.33,8218.0
2025-02-04 17:00:00+00:00,80.31,80.5,80.14,80.14,8462.0
2025-02-04 18:00:00+00:00,80.16,80.32,79.98,80.19,15773.0
2025-02-04 19:00:00+00:00,80.19,80.39,79.975,80.33,10159.0
2025-02-04 20:00:00+00:00,80.33,80.62,80.13,80.575,24210.0
2025-02-05 15:00:00+00:00,81.64,82.48,81.51,81.75,14728.0
2025-02-05 16:00:00+00:00,81.74,81.78,81.15,81.15,5927.0
2025-02-05 17:00:00+00:00,81.14,81.37,80.84,81.08,6525.0
2025-02-05 18:00:00+00:00,81.08,81.4,81.08,81.13,7783.0
2025-02-05 19:00:00+00:00,81.115,81.635,81.115,81.315,9611.0
2025-02-05 20:00:00+00:00,81.33,81.95,81.11,81.91,26140.0
2025-02-06 15:00:00+00:00,81.35,81.66,81.08,81.085,8038.0
2025-02-06 16:00:00+00:00,81.09,81.12,80.6,80.71,7178.0
2025-02-06 17:00:00+00:00,80.71,80.93,80.595,80.82,6941.0
2025-02-06 18:00:00+00:00,80.82,80.82,80.06,80.1,7337.0
2025-02-06 19:00:00+00:00,80.095,80.4,79.9,80.04,11284.0
2025-02-06 20:00:00+00:00,80.04,80.16,79.765,79.865,38987.0
2025-02-07 15:00:00+00:00,79.98,79.98,78.95,79.065,8420.0
2025-02-07 16:00:00+00:00,79.14,79.15,78.715,78.715,5350.0
2025-02-07 17:00:00+00:00,78.715,79.1,78.715,78.72,2458.0
2025-02-07 18:00:00+00:00,78.69,79.1,78.68,79.0,2049.0
2025-02-07 19:00:00+00:00,79.0,79.19,78.87,79.05,6191.0
2025-02-07 20:00:00+00:00,79.05,79.235,78.96,78.975,20532.0
2025-02-10 15:00:00+00:00,79.17,79.28,78.85,79.15,4276.0
2025-02-10 16:00:00+00:00,79.14,79.25,78.92,79.09,4950.0
2025-02-10 17:00:00+00:00,79.01,79.15,78.74,78.74,3848.0
2025-02-10 18:00:00+00:00,78.765,79.1,78.74,78.89,5057.0
2025-02-10 19:00:00+00:00,78.89,79.05,78.82,78.96,9736.0
2025-02-10 20:00:00+00:00,78.93,79.005,78.745,78.9,25096.0
2025-02-11 15:00:00+00:00,78.49,78.5,78.18,78.255,6192.0
2025-02-11 16:00:00+00:00,78.26,78.32,77.975,78.05,4736.0
2025-02-11 17:00:00+00:00,78.05,78.075,77.5,77.53,8728.0
2025-02-11 18:00:00+00:00,77.54,77.63,77.195,77.315,7042.0
2025-02-11 19:00:00+00:00,77.315,77.39,76.895,76.92,6329.0
2025-02-11 20:00:00+00:00,76.91,77.51,76.91,77.47,16092.0
2025-02-12 15:00:00+00:00,76.555,76.84,76.12,76.48,15708.0
2025-02-12 16:00:00+00:00,76.45,76.7,76.13,76.635,6415.0
2025-02-12 17:00:00+00:00,76.57,76.88,76.565,76.86,4500.0
2025-02-12 18:00:00+00:00,76.87,77.14,76.8,76.99,4203.0
2025-02-12 19:00:00+00:00,76.97,77.01,76.62,76.67,6390.0
2025-02-12 20:00:00+00:00,76.72,77.21,76.72,77.17,14598.0
2025-02-13 15:00:00+00:00,77.61,77.86,77.25,77.25,3714.0
2025-02-13 16:00:00+00:00,77.3,77.73,77.3,77.67,3330.0
2025-02-13 17:00:00+00:00,77.67,77.89,77.55,77.59,5456.0
2025-02-13 18:00:00+00:00,77.565,77.81,77.545,77.81,3131.0
2025-02-13 19:00:00+00:00,77.8,78.09,77.76,77.97,3846.0
2025-02-13 20:00:00+00:00,77.97,78.06,77.58,77.58,10283.0
2025-02-14 15:00:00+00:00,76.365,77.01,76.28,76.46,8971.0
2025-02-14 16:00:00+00:00,76.46,76.81,76.18,76.3,15251.0
2025-02-14 17:00:00+00:00,76.31,76.535,76.11,76.22,10179.0
2025-02-14 18:00:00+00:00,76.185,76.5,76.185,76.48,12315.0
2025-02-14 19:00:00+00:00,76.48,76.49,76.18,76.29,13454.0
2025-02-14 20:00:00+00:00,76.29,76.35,75.88,76.035,28021.0
2025-02-17 15:00:00+00:00,76.035,76.035,76.035,76.035,0.0
2025-02-17 16:00:00+00:00,76.035,76.035,76.035,76.035,0.0
2025-02-17 17:00:00+00:00,76.035,76.035,76.035,76.035,0.0
2025-02-17 18:00:00+00:00,76.035,76.035,76.035,76.035,0.0
2025-02-17 19:00:00+00:00,76.035,76.035,76.035,76.035,0.0
2025-02-17 20:00:00+00:00,76.035,76.035,76.035,76.035,0.0
2025-02-18 15:00:00+00:00,76.295,77.025,76.295,77.025,15973.0
2025-02-18 16:00:00+00:00,77.025,77.09,76.74,76.85,7658.0
2025-02-18 17:00:00+00:00,76.85,76.97,76.28,76.35,8460.0
2025-02-18 18:00:00+00:00,76.38,76.525,76.26,76.42,6332.0
2025-02-18 19:00:00+00:00,76.42,76.51,76.28,76.36,8018.0
2025-02-18 20:00:00+00:00,76.39,77.695,76.36,77.63,23678.0
2025-02-19 15:00:00+00:00,77.38,77.735,77.25,77.37,9179.0
2025-02-19 16:00:00+00:00,77.36,77.57,77.13,77.21,6753.0
2025-02-19 17:00:00+00:00,77.22,77.37,77.105,77.19,4309.0
2025-02-19 18:00:00+00:00,77.19,77.42,77.155,77.265,3940.0
2025-02-19 19:00:00+00:00,77.28,77.74,77.26,77.7,7029.0
2025-02-19 20:00:00+00:00,77.7,77.91,77.695,77.825,10990.0
2025-02-20 15:00:00+00:00,77.62,78.09,77.4,77.99,7712.0
2025-02-20 16:00:00+00:00,77.97,78.11,77.74,77.82,5164.0
2025-02-20 17:00:00+00:00,77.82,78.445,77.79,78.435,7599.0
2025-02-20 18:00:00+00:00,78.435,78.5,78.305,78.435,6184.0
2025-02-20 19:00:00+00:00,78.41,78.61,78.31,78.59,6089.0
2025-02-20 20:00:00+00:00,78.6,78.665,78.01,78.08,17646.0
2025-02-21 15:00:00+00:00,77.665,77.785,77.22,77.23,4236.0
2025-02-21 16:00:00+00:00,77.23,77.69,77.23,77.4,10008.0
2025-02-21 17:00:00+00:00,77.425,77.48,76.92,76.975,8848.0
2025-02-21 18:00:00+00:00,76.975,77.4,76.975,77.29,8528.0
2025-02-21 19:00:00+00:00,77.275,77.275,76.97,77.11,9933.0
2025-02-21 20:00:00+00:00,77.13,77.32,77.03,77.27,18255.0
2025-02-24 15:00:00+00:00,76.895,77.41,76.52,77.295,8288.0
2025-02-24 16:00:00+00:00,77.295,77.77,77.19,77.5,9896.0
2025-02-24 17:00:00+00:00,77.53,77.71,77.32,77.67,5196.0
2025-02-24 18:00:00+00:00,77.65,77.91,77.53,77.55,11175.0
2025-02-24 19:00:00+00:00,77.57,77.64,77.31,77.515,12321.0
2025-02-24 20:00:00+00:00,77.5,78.23,77.49,77.64,28074.0
2025-02-25 15:00:00+00:00,74.79,74.805,73.28,74.01,22572.0
2025-02-25 16:00:00+00:00,73.995,75.96,73.995,75.35,11637.0
2025-02-25 17:00:00+00:00,75.375,75.94,75.07,75.69,15032.0
2025-02-25 18:00:00+00:00,75.58,76.07,75.47,75.8,10073.0
2025-02-25 19:00:00+00:00,75.85,75.98,75.4,75.595,12813.0
2025-02-25 20:00:00+00:00,75.62,75.91,74.99,75.83,38304.0
2025-02-26 15:00:00+00:00,74.78,74.82,73.7,73.83,30311.0
2025-02-26 16:00:00+00:00,73.815,74.03,73.53,73.545,12071.0
2025-02-26 17:00:00+00:00,73.545,73.765,73.12,73.21,26088.0
2025-02-26 18:00:00+00:00,73.26,73.28,72.4,72.61,30402.0
2025-02-26 19:00:00+00:00,72.61,73.24,72.23,73.01,36957.0
2025-02-26 20:00:00+00:00,73.02,73.38,72.445,72.545,79452.0
2025-02-27 15:00:00+00:00,72.835,73.13,72.27,72.47,12383.0
2025-02-27 16:00:00+00:00,72.56,72.75,72.34,72.58,10941.0
2025-02-27 17:00:00+00:00,72.58,72.68,72.39,72.65,5903.0
2025-02-27 18:00:00+00:00,72.69,73.23,72.68,73.21,9050.0
2025-02-27 19:00:00+00:00,73.215,73.25,72.42,72.65,9636.0
2025-02-27 20:00:00+00:00,72.62,73.0,72.1,72.115,33092.0
2025-02-28 15:00:00+00:00,71.925,72.35,71.57,72.3,11254.0
2025-02-28 16:00:00+00:00,72.315,72.57,72.08,72.57,17245.0
2025-02-28 17:00:00+00:00,72.585,72.59,72.1,72.23,14707.0
2025-02-28 18:00:00+00:00,72.25,72.465,72.195,72.2,14795.0
2025-02-28 19:00:00+00:00,72.23,72.32,72.02,72.21,11191.0
2025-02-28 20:00:00+00:00,72.175,72.35,71.83,72.12,44598.0
2025-03-03 15:00:00+00:00,71.195,72.65,71.195,72.405,8182.0
2025-03-03 16:00:00+00:00,72.4,72.81,72.3,72.76,6745.0
2025-03-03 17:00:00+00:00,72.755,72.96,72.345,72.4,6097.0
2025-03-03 18:00:00+00:00,72.46,72.54,71.56,71.57,7048.0
2025-03-03 19:00:00+00:00,71.595,71.755,71.37,71.47,5667.0
2025-03-03 20:00:00+00:00,71.44,71.45,70.645,70.83,14689.0
2025-03-04 15:00:00+00:00,69.89,70.53,69.67,69.97,11789.0
2025-03-04 16:00:00+00:00,70.03,70.14,69.84,70.08,4610.0
2025-03-04 17:00:00+00:00,70.045,70.43,69.9,70.2,10147.0
2025-03-04 18:00:00+00:00,70.22,70.925,70.19,70.86,21089.0
2025-03-04 19:00:00+00:00,70.84,70.925,70.65,70.86,12993.0
2025-03-04 20:00:00+00:00,70.88,70.93,70.29,70.355,24196.0
2025-03-05 15:00:00+00:00,70.93,71.065,70.5,70.5,11533.0
2025-03-05 16:00:00+00:00,70.455,70.54,69.92,70.065,13965.0
2025-03-05 17:00:00+00:00,70.06,70.51,69.97,70.485,17367.0
2025-03-05 18:00:00+00:00,70.53,70.75,70.415,70.73,14248.0
2025-03-05 19:00:00+00:00,70.75,71.55,70.75,71.42,16812.0
2025-03-05 20:00:00+00:00,71.435,71.7,71.25,71.495,18327.0
2025-03-06 15:00:00+00:00,70.5,71.23,70.46,71.23,6817.0
2025-03-06 16:00:00+00:00,71.18,71.46,71.16,71.41,6426.0
2025-03-06 17:00:00+00:00,71.41,71.52,71.03,71.52,8298.0
2025-03-06 18:00:00+00:00,71.55,72.26,71.51,72.02,12180.0
2025-03-06 19:00:00+00:00,72.01,72.72,71.88,72.36,13134.0
2025-03-06 20:00:00+00:00,72.3,73.06,72.27,72.99,27540.0
2025-03-07 15:00:00+00:00,73.095,73.44,72.815,73.305,5084.0
2025-03-07 16:00:00+00:00,73.31,73.37,73.04,73.37,4380.0
2025-03-07 17:00:00+00:00,73.38,74.32,73.25,73.84,14979.0
2025-03-07 18:00:00+00:00,73.85,74.355,73.85,74.29,7036.0
2025-03-07 19:00:00+00:00,74.39,74.74,74.34,74.59,8675.0
2025-03-07 20:00:00+00:00,74.59,75.115,74.335,74.61,38289.0
2025-03-10 14:00:00+00:00,75.405,77.44,75.405,77.38,21440.0
2025-03-10 15:00:00+00:00,77.38,77.61,77.36,77.585,2547.0
2025-03-10 16:00:00+00:00,77.585,77.585,77.585,77.585,0.0
2025-03-10 17:00:00+00:00,77.585,77.585,75.97,76.02,8201.0
2025-03-10 18:00:00+00:00,75.97,76.29,75.535,75.535,18955.0
2025-03-10 19:00:00+00:00,75.53,75.68,75.14,75.42,18512.0
2025-03-11 14:00:00+00:00,74.725,75.13,74.36,74.36,12237.0
2025-03-11 15:00:00+00:00,74.325,74.36,73.54,73.94,8490.0
2025-03-11 16:00:00+00:00,74.08,74.16,73.46,73.58,6926.0
2025-03-11 17:00:00+00:00,73.595,73.755,73.35,73.4,8508.0
2025-03-11 18:00:00+00:00,73.4,73.86,73.4,73.595,7800.0
2025-03-11 19:00:00+00:00,73.57,73.58,72.89,72.905,22836.0
2025-03-12 14:00:00+00:00,71.43,72.285,71.12,71.17,9591.0
2025-03-12 15:00:00+00:00,71.135,71.35,70.95,71.315,6910.0
2025-03-12 16:00:00+00:00,71.315,71.34,70.885,70.89,6435.0
2025-03-12 17:00:00+00:00,70.89,71.29,70.81,70.88,5606.0
2025-03-12 18:00:00+00:00,70.845,71.21,70.775,70.94,5097.0
2025-03-12 19:00:00+00:00,70.93,70.94,69.9,69.91,8344.0
2025-03-13 14:00:00+00:00,70.58,70.94,70.31,70.345,11820.0
2025-03-13 15:00:00+00:00,70.345,70.35,69.78,70.05,10219.0
2025-03-13 16:00:00+00:00,70.03,70.13,69.91,70.05,4378.0
2025-03-13 17:00:00+00:00,70.11,70.12,69.19,69.3,15087.0
2025-03-13 18:00:00+00:00,69.305,69.8,69.305,69.76,8193.0
2025-03-13 19:00:00+00:00,69.75,69.965,69.38,69.81,29436.0
2025-03-14 14:00:00+00:00,69.85,70.26,69.5,70.07,7900.0
2025-03-14 15:00:00+00:00,70.05,70.15,69.81,70.11,9038.0
2025-03-14 16:00:00+00:00,70.11,70.11,69.86,70.03,5128.0
2025-03-14 17:00:00+00:00,70.11,70.13,69.8,69.88,6067.0
2025-03-14 18:00:00+00:00,69.88,70.12,69.84,70.12,9995.0
2025-03-14 19:00:00+00:00,70.11,70.73,70.11,70.645,35759.0
2025-03-17 14:00:00+00:00,71.255,71.81,71.19,71.79,4583.0
2025-03-17 15:00:00+00:00,71.82,71.91,71.41,71.45,3273.0
2025-03-17 16:00:00+00:00,71.45,71.67,71.435,71.6,2772.0
2025-03-17 17:00:00+00:00,71.605,71.96,71.53,71.95,1770.0
2025-03-17 18:00:00+00:00,71.935,72.42,71.91,72.37,3873.0
2025-03-17 19:00:00+00:00,72.35,72.38,71.82,71.83,12161.0
2025-03-18 14:00:00+00:00,71.5,72.065,71.5,71.8,3648.0
2025-03-18 15:00:00+00:00,71.8,71.92,71.66,71.71,1671.0
2025-03-18 16:00:00+00:00,71.71,71.81,71.59,71.645,1716.0
2025-03-18 17:00:00+00:00,71.64,71.76,71.43,71.675,2450.0
2025-03-18 18:00:00+00:00,71.69,71.88,71.655,71.82,3277.0
2025-03-18 19:00:00+00:00,71.79,72.09,71.635,72.03,15045.0
2025-03-19 14:00:00+00:00,71.835,72.24,71.675,71.675,7777.0
2025-03-19 15:00:00+00:00,71.68,71.83,71.31,71.715,4371.0
2025-03-19 16:00:00+00:00,71.81,71.81,71.5,71.655,2513.0
2025-03-19 17:00:00+00:00,71.655,71.675,70.95,71.13,4677.0
2025-03-19 18:00:00+00:00,70.825,71.425,70.825,71.3,8961.0
2025-03-19 19:00:00+00:00,71.36,71.36,70.71,70.81,18826.0
2025-03-20 14:00:00+00:00,70.96,71.06,70.5,70.755,7582.0
2025-03-20 15:00:00+00:00,70.785,71.27,70.74,71.2,4798.0
2025-03-20 16:00:00+00:00,71.18,71.36,71.16,71.17,4909.0
2025-03-20 17:00:00+00:00,71.24,71.37,70.85,70.9,4449.0
2025-03-20 18:00:00+00:00,70.87,71.06,70.58,70.6,6122.0
2025-03-20 19:00:00+00:00,70.59,70.795,70.42,70.44,12250.0
2025-03-21 14:00:00+00:00,68.93,69.55,68.81,69.55,7452.0
2025-03-21 15:00:00+00:00,69.585,69.67,69.245,69.39,6417.0
2025-03-21 16:00:00+00:00,69.38,69.77,69.375,69.73,5554.0
2025-03-21 17:00:00+00:00,69.73,69.92,69.64,69.77,2525.0
2025-03-21 18:00:00+00:00,69.79,69.83,69.635,69.83,3668.0
2025-03-21 19:00:00+00:00,69.795,69.81,69.14,69.405,11456.0
2025-03-24 14:00:00+00:00,70.09,70.6,70.09,70.44,3685.0
2025-03-24 15:00:00+00:00,70.415,70.505,70.36,70.37,2404.0
2025-03-24 16:00:00+00:00,70.37,70.54,70.355,70.39,3574.0
2025-03-24 17:00:00+00:00,70.39,70.63,70.35,70.545,3233.0
2025-03-24 18:00:00+00:00,70.545,70.775,70.3,70.77,3910.0
2025-03-24 19:00:00+00:00,70.775,70.8,70.52,70.79,8955.0
2025-03-25 14:00:00+00:00,70.615,70.615,70.02,70.035,7288.0
2025-03-25 15:00:00+00:00,70.02,70.22,69.79,69.82,6709.0
2025-03-25 16:00:00+00:00,69.815,70.02,69.64,69.66,7829.0
2025-03-25 17:00:00+00:00,69.66,69.825,69.54,69.65,5464.0
2025-03-25 18:00:00+00:00,69.67,69.87,69.54,69.545,7518.0
2025-03-25 19:00:00+00:00,69.55,69.66,69.07,69.355,23584.0
2025-03-26 14:00:00+00:00,69.94,70.135,69.645,69.69,6132.0
2025-03-26 15:00:00+00:00,69.69,69.69,69.18,69.28,6034.0
2025-03-26 16:00:00+00:00,69.28,69.5,69.28,69.31,3107.0
2025-03-26 17:00:00+00:00,69.31,69.42,69.21,69.285,3886.0
2025-03-26 18:00:00+00:00,69.285,69.64,69.28,69.59,4163.0
2025-03-26 19:00:00+00:00,69.59,69.88,69.425,69.74,10403.0
2025-03-27 14:00:00+00:00,69.57,69.75,69.26,69.41,8656.0
2025-03-27 15:00:00+00:00,69.41,69.695,69.2,69.255,11097.0
2025-03-27 16:00:00+00:00,69.255,69.42,69.09,69.15,4047.0
2025-03-27 17:00:00+00:00,69.145,69.445,69.105,69.3,7128.0
2025-03-27 18:00:00+00:00,69.3,69.61,69.3,69.46,4490.0
2025-03-27 19:00:00+00:00,69.45,69.63,69.355,69.41,13747.0
2025-03-28 14:00:00+00:00,69.38,69.845,68.97,69.06,4116.0
2025-03-28 15:00:00+00:00,69.09,69.28,68.91,69.17,6090.0
2025-03-28 16:00:00+00:00,69.17,69.23,68.795,69.01,3469.0
2025-03-28 17:00:00+00:00,68.97,69.13,68.84,69.13,4912.0
2025-03-28 18:00:00+00:00,69.12,69.15,68.81,68.935,4308.0
2025-03-28 19:00:00+00:00,68.94,69.01,68.57,68.57,9480.0
2025-03-31 14:00:00+00:00,68.225,68.265,67.72,68.07,6933.0
2025-03-31 15:00:00+00:00,68.11,68.33,67.985,67.985,3239.0
2025-03-31 16:00:00+00:00,67.985,68.215,67.91,68.11,3490.0
2025-03-31 17:00:00+00:00,68.14,68.38,68.09,68.2,4905.0
2025-03-31 18:00:00+00:00,68.195,68.665,68.195,68.52,6742.0
2025-03-31 19:00:00+00:00,68.515,68.875,68.36,68.48,18667.0
2025-04-01 14:00:00+00:00,68.37,69.18,68.31,69.17,3832.0
2025-04-01 15:00:00+00:00,69.15,69.52,68.99,68.99,4639.0
2025-04-01 16:00:00+00:00,68.99,69.2,68.88,69.13,3549.0
2025-04-01 17:00:00+00:00,69.11,69.52,68.31,69.1,24072.0
2025-04-01 18:00:00+00:00,69.095,69.12,68.83,69.01,6291.0
2025-04-01 19:00:00+00:00,68.965,69.18,68.9,69.04,17883.0
2025-04-02 14:00:00+00:00,69.05,69.35,69.03,69.305,4337.0
2025-04-02 15:00:00+00:00,69.285,69.7,69.01,69.04,6267.0
2025-04-02 16:00:00+00:00,69.04,69.53,68.9,69.48,4038.0
2025-04-02 17:00:00+00:00,69.49,69.63,69.1,69.235,4132.0
2025-04-02 18:00:00+00:00,69.235,69.35,69.08,69.09,4752.0
2025-04-02 19:00:00+00:00,69.1,69.51,69.025,69.265,8926.0
2025-04-03 14:00:00+00:00,66.38,66.785,66.17,66.42,6989.0
2025-04-03 15:00:00+00:00,66.42,67.09,66.2,67.09,5858.0
2025-04-03 16:00:00+00:00,67.09,67.42,67.06,67.09,4343.0
2025-04-03 17:00:00+00:00,67.095,67.18,66.87,67.055,5145.0
2025-04-03 18:00:00+00:00,67.055,67.15,66.77,67.115,7605.0
2025-04-03 19:00:00+00:00,67.115,67.2,66.46,66.595,29205.0
2025-04-04 14:00:00+00:00,63.82,64.285,63.49,64.0,9403.0
2025-04-04 15:00:00+00:00,63.855,65.83,63.855,65.575,11421.0
2025-04-04 16:00:00+00:00,65.62,66.0,65.43,65.65,18230.0
2025-04-04 17:00:00+00:00,65.735,66.06,65.42,65.93,12037.0
2025-04-04 18:00:00+00:00,66.065,66.315,65.37,65.54,17152.0
2025-04-04 19:00:00+00:00,65.645,66.1,65.22,65.45,21904.0
2025-04-07 14:00:00+00:00,63.35,65.64,62.855,64.85,9118.0
2025-04-07 15:00:00+00:00,64.76,65.16,63.32,63.84,4073.0
2025-04-07 16:00:00+00:00,63.66,64.01,63.285,63.57,5182.0
2025-04-07 17:00:00+00:00,63.81,65.13,63.57,65.1,4504.0
2025-04-07 18:00:00+00:00,65.13,65.21,64.4,64.465,6450.0
2025-04-07 19:00:00+00:00,64.53,64.68,63.89,64.35,18032.0
2025-04-08 14:00:00+00:00,64.85,65.4,64.6,64.9,6288.0
2025-04-08 15:00:00+00:00,64.9,65.18,64.63,65.01,10316.0
2025-04-08 16:00:00+00:00,65.01,65.05,63.59,63.59,6138.0
2025-04-08 17:00:00+00:00,63.59,64.09,63.22,63.68,7051.0
2025-04-08 18:00:00+00:00,63.68,63.68,62.98,63.095,3817.0
2025-04-08 19:00:00+00:00,63.0,63.08,61.88,62.69,10998.0
2025-04-09 14:00:00+00:00,62.64,62.89,62.035,62.035,3157.0
2025-04-09 15:00:00+00:00,62.035,62.18,60.61,60.735,4239.0
2025-04-09 16:00:00+00:00,60.78,61.67,60.77,61.02,13056.0
2025-04-09 17:00:00+00:00,60.98,65.05,60.97,64.95,22256.0
2025-04-09 18:00:00+00:00,64.95,65.735,64.6,64.78,19608.0
2025-04-09 19:00:00+00:00,64.71,66.31,64.64,66.245,21790.0
2025-04-10 14:00:00+00:00,64.65,64.815,64.06,64.18,6422.0
2025-04-10 15:00:00+00:00,64.12,64.42,63.21,63.38,5616.0
2025-04-10 16:00:00+00:00,63.54,63.93,62.905,63.86,3914.0
2025-04-10 17:00:00+00:00,63.89,64.38,63.34,64.24,3849.0
2025-04-10 18:00:00+00:00,64.24,64.8,63.62,64.46,6203.0
2025-04-10 19:00:00+00:00,64.28,64.645,63.145,63.54,15026.0
2025-04-11 14:00:00+00:00,63.07,63.52,62.56,62.56,3378.0
2025-04-11 15:00:00+00:00,62.74,63.05,62.01,63.01,4559.0
2025-04-11 16:00:00+00:00,63.05,63.895,63.025,63.78,8120.0
2025-04-11 17:00:00+00:00,63.76,64.47,63.47,64.35,6706.0
2025-04-11 18:00:00+00:00,64.41,64.47,64.06,64.14,3899.0
2025-04-11 19:00:00+00:00,64.225,64.675,64.19,64.43,10178.0
2025-04-14 14:00:00+00:00,64.505,65.07,64.505,65.07,1836.0
2025-04-14 15:00:00+00:00,65.11,65.15,64.585,64.76,1778.0
2025-04-14 16:00:00+00:00,64.76,65.05,64.63,64.815,639.0
2025-04-14 17:00:00+00:00,65.1,65.16,64.59,64.82,2607.0
2025-04-14 18:00:00+00:00,64.82,65.3,64.82,65.195,3202.0
2025-04-14 19:00:00+00:00,65.195,65.75,65.19,65.57,8858.0
2025-04-15 14:00:00+00:00,64.85,65.325,64.46,64.71,8692.0
2025-04-15 15:00:00+00:00,64.665,64.72,64.12,64.16,3156.0
2025-04-15 16:00:00+00:00,64.185,64.275,63.87,63.93,3754.0
2025-04-15 17:00:00+00:00,63.89,64.04,63.76,64.04,3470.0
2025-04-15 18:00:00+00:00,64.04,64.23,63.78,64.17,3165.0
2025-04-15 19:00:00+00:00,64.17,64.46,63.98,64.28,29292.0
2025-04-16 14:00:00+00:00,63.41,64.045,63.34,63.9,7361.0
2025-04-16 15:00:00+00:00,63.97,64.23,63.75,63.91,6594.0
2025-04-16 16:00:00+00:00,63.95,64.0,63.62,63.665,2205.0
2025-04-16 17:00:00+00:00,63.635,63.775,62.82,62.89,3628.0
2025-04-16 18:00:00+00:00,62.89,63.09,62.8,62.88,4098.0
2025-04-16 19:00:00+00:00,62.82,63.445,62.62,63.3,8690.0
2025-04-17 14:00:00+00:00,63.56,63.78,63.25,63.67,5656.0
2025-04-17 15:00:00+00:00,63.615,63.75,63.44,63.675,2840.0
2025-04-17 16:00:00+00:00,63.78,64.47,63.5,64.365,7076.0
2025-04-17 17:00:00+00:00,64.365,64.41,63.93,64.23,9594.0
2025-04-17 18:00:00+00:00,64.23,64.48,64.08,64.185,7978.0
2025-04-17 19:00:00+00:00,64.185,64.77,64.08,64.75,14643.0
2025-04-18 14:00:00+00:00,64.75,64.75,64.75,64.75,0.0
2025-04-18 15:00:00+00:00,64.75,64.75,64.75,64.75,0.0
2025-04-18 16:00:00+00:00,64.75,64.75,64.75,64.75,0.0
2025-04-18 17:00:00+00:00,64.75,64.75,64.75,64.75,0.0
2025-04-18 18:00:00+00:00,64.75,64.75,64.75,64.75,0.0
2025-04-18 19:00:00+00:00,64.75,64.75,64.75,64.75,0.0
2025-04-21 14:00:00+00:00,63.345,63.35,62.68,62.68,1781.0
2025-04-21 15:00:00+00:00,62.68,62.71,62.45,62.5,3429.0
2025-04-21 16:00:00+00:00,62.5,63.08,62.5,62.675,2105.0
2025-04-21 17:00:00+00:00,62.675,62.69,62.49,62.53,3329.0
2025-04-21 18:00:00+00:00,62.53,62.84,62.48,62.63,4158.0
2025-04-21 19:00:00+00:00,62.625,63.18,62.59,63.08,7536.0
2025-04-22 14:00:00+00:00,63.44,63.75,63.41,63.735,1567.0
2025-04-22 15:00:00+00:00,63.735,64.215,63.63,63.825,2636.0
2025-04-22 16:00:00+00:00,64.105,64.35,64.105,64.19,1081.0
2025-04-22 17:00:00+00:00,64.22,64.24,63.43,63.485,2132.0
2025-04-22 18:00:00+00:00,63.47,64.265,63.47,64.21,1526.0
2025-04-22 19:00:00+00:00,64.29,64.615,64.09,64.58,6324.0
2025-04-23 14:00:00+00:00,66.41,66.67,65.98,66.02,1885.0
2025-04-23 15:00:00+00:00,65.965,66.13,65.04,65.17,4981.0
2025-04-23 16:00:00+00:00,65.17,65.38,64.9,65.35,4463.0
2025-04-23 17:00:00+00:00,65.23,65.735,65.215,65.44,2220.0
2025-04-23 18:00:00+00:00,65.455,65.765,65.09,65.16,3175.0
2025-04-23 19:00:00+00:00,65.16,65.55,65.09,65.51,10299.0
2025-04-24 14:00:00+00:00,65.46,65.765,65.24,65.58,2928.0
2025-04-24 15:00:00+00:00,65.575,65.93,65.575,65.73,1150.0
2025-04-24 16:00:00+00:00,65.73,65.95,65.7,65.83,1744.0
2025-04-24 17:00:00+00:00,65.82,66.0,65.71,65.88,2429.0
2025-04-24 18:00:00+00:00,65.88,66.06,65.83,65.92,2187.0
2025-04-24 19:00:00+00:00,65.91,66.45,65.83,66.22,11604.0
2025-04-25 14:00:00+00:00,65.33,65.555,65.18,65.48,1681.0
2025-04-25 15:00:00+00:00,65.48,65.53,65.07,65.28,2958.0
2025-04-25 16:00:00+00:00,65.28,65.43,65.24,65.26,2249.0
2025-04-25 17:00:00+00:00,65.275,65.565,64.96,64.96,2028.0
2025-04-25 18:00:00+00:00,64.975,65.3,64.975,65.13,2955.0
2025-04-25 19:00:00+00:00,65.155,65.28,64.97,65.16,5610.0
2025-04-28 14:00:00+00:00,65.7,66.05,65.61,65.95,2730.0
2025-04-28 15:00:00+00:00,65.95,65.96,65.51,65.63,1079.0
2025-04-28 16:00:00+00:00,65.65,65.65,65.41,65.415,1340.0
2025-04-28 17:00:00+00:00,65.42,65.49,64.97,65.17,936.0
2025-04-28 18:00:00+00:00,65.17,65.32,65.11,65.25,963.0
2025-04-28 19:00:00+00:00,65.27,65.72,65.24,65.57,4538.0
2025-04-29 14:00:00+00:00,65.38,65.865,65.38,65.865,1002.0
2025-04-29 15:00:00+00:00,65.89,66.18,65.65,66.06,1650.0
2025-04-29 16:00:00+00:00,66.09,66.39,65.94,66.01,1494.0
2025-04-29 17:00:00+00:00,66.04,66.47,65.98,66.425,1076.0
2025-04-29 18:00:00+00:00,66.425,66.59,66.4,66.4,2061.0
2025-04-29 19:00:00+00:00,66.435,66.475,66.04,66.19,9012.0
2025-04-30 14:00:00+00:00,64.6,64.755,64.245,64.28,3917.0
2025-04-30 15:00:00+00:00,64.24,64.9,64.23,64.82,3569.0
2025-04-30 16:00:00+00:00,64.82,64.895,64.45,64.625,2518.0
2025-04-30 17:00:00+00:00,64.625,64.85,64.495,64.77,2310.0
2025-04-30 18:00:00+00:00,64.77,64.87,64.515,64.52,7472.0
2025-04-30 19:00:00+00:00,64.55,65.11,64.43,65.01,10794.0
2025-05-01 14:00:00+00:00,64.96,65.4,64.87,65.4,5777.0
2025-05-01 15:00:00+00:00,65.425,65.54,64.72,64.76,7656.0
2025-05-01 16:00:00+00:00,64.74,64.74,64.28,64.41,5774.0
2025-05-01 17:00:00+00:00,64.425,64.785,64.425,64.56,5340.0
2025-05-01 18:00:00+00:00,64.57,64.755,64.54,64.7,3649.0
2025-05-01 19:00:00+00:00,64.69,64.965,64.48,64.485,12713.0
2025-05-02 14:00:00+00:00,64.66,65.18,64.465,64.84,8840.0
2025-05-02 15:00:00+00:00,64.84,64.97,64.31,64.55,9266.0
2025-05-02 16:00:00+00:00,64.54,65.79,64.54,65.465,26144.0
2025-05-02 17:00:00+00:00,65.46,65.545,65.07,65.135,12435.0
2025-05-02 18:00:00+00:00,65.14,65.42,65.13,65.25,9261.0
2025-05-02 19:00:00+00:00,65.22,65.62,65.135,65.31,15704.0
2025-05-05 14:00:00+00:00,64.24,65.33,63.96,65.33,12738.0
2025-05-05 15:00:00+00:00,65.33,66.12,65.16,65.95,4520.0
2025-05-05 16:00:00+00:00,65.95,66.1,65.49,65.695,6677.0
2025-05-05 17:00:00+00:00,65.69,66.35,65.49,66.23,5670.0
2025-05-05 18:00:00+00:00,66.23,66.98,66.15,66.925,17292.0
2025-05-05 19:00:00+00:00,66.915,67.25,66.555,66.63,32035.0
2025-05-06 14:00:00+00:00,67.765,67.9,66.83,67.13,16328.0
2025-05-06 15:00:00+00:00,67.22,67.55,67.09,67.55,6378.0
2025-05-06 16:00:00+00:00,67.555,67.73,66.62,66.62,7935.0
2025-05-06 17:00:00+00:00,66.52,66.615,65.98,66.075,8312.0
2025-05-06 18:00:00+00:00,66.17,66.27,65.99,66.2,6620.0
2025-05-06 19:00:00+00:00,66.2,66.61,66.11,66.27,16894.0
2025-05-07 14:00:00+00:00,67.35,67.35,66.64,66.7,4663.0
2025-05-07 15:00:00+00:00,66.645,66.76,66.4,66.6,9859.0
2025-05-07 16:00:00+00:00,66.6,66.76,66.57,66.7,2958.0
2025-05-07 17:00:00+00:00,66.7,66.88,66.465,66.47,3446.0
2025-05-07 18:00:00+00:00,66.48,66.57,66.09,66.5,4649.0
2025-05-07 19:00:00+00:00,66.44,66.58,65.885,66.51,18469.0
2025-05-08 14:00:00+00:00,68.21,69.38,68.21,68.39,10914.0
2025-05-08 15:00:00+00:00,68.4,69.025,68.27,68.41,14922.0
2025-05-08 16:00:00+00:00,68.41,69.255,68.33,69.1,4888.0
2025-05-08 17:00:00+00:00,69.11,69.13,68.7,68.7,5776.0
2025-05-08 18:00:00+00:00,68.69,69.2,68.65,68.94,7040.0
2025-05-08 19:00:00+00:00,68.94,69.18,68.66,68.885,32493.0
2025-05-09 14:00:00+00:00,69.125,69.125,68.7,69.11,7854.0
2025-05-09 15:00:00+00:00,69.09,69.17,68.85,69.1,7300.0
2025-05-09 16:00:00+00:00,69.12,69.23,68.57,68.76,7057.0
2025-05-09 17:00:00+00:00,68.775,68.87,68.61,68.83,6595.0
2025-05-09 18:00:00+00:00,68.82,68.885,68.53,68.69,6503.0
2025-05-09 19:00:00+00:00,68.695,68.8,68.27,68.68,33008.0
