date,Open,High,Low,Close,Volume
2025-01-06 14:30:00+00:00,77.29,79.32,77.165,79.0,46263.0
2025-01-06 14:45:00+00:00,79.16,79.81,78.97,79.805,49373.0
2025-01-06 15:00:00+00:00,79.85,80.15,79.34,79.75,55941.0
2025-01-06 15:15:00+00:00,79.745,79.87,79.335,79.84,35659.0
2025-01-06 15:30:00+00:00,79.82,79.82,79.04,79.12,16484.0
2025-01-06 15:45:00+00:00,79.125,79.34,78.81,78.835,12871.0
2025-01-06 16:00:00+00:00,78.85,79.27,78.765,79.25,8404.0
2025-01-06 16:15:00+00:00,79.25,79.365,78.975,79.06,8461.0
2025-01-06 16:30:00+00:00,79.03,79.135,78.86,78.92,7273.0
2025-01-06 16:45:00+00:00,78.92,79.115,78.81,78.985,9038.0
2025-01-06 17:00:00+00:00,78.975,79.115,78.88,79.06,11474.0
2025-01-06 17:15:00+00:00,79.06,79.29,79.01,79.22,9027.0
2025-01-06 17:30:00+00:00,79.21,79.24,78.715,78.72,11178.0
2025-01-06 17:45:00+00:00,78.725,79.05,78.64,79.02,6862.0
2025-01-06 18:00:00+00:00,79.0,79.07,78.715,79.045,7102.0
2025-01-06 18:15:00+00:00,79.04,79.04,78.815,79.015,5684.0
2025-01-06 18:30:00+00:00,79.005,79.02,78.69,78.695,5660.0
2025-01-06 18:45:00+00:00,78.695,78.725,78.29,78.3,7186.0
2025-01-06 19:00:00+00:00,78.3,78.505,78.13,78.22,10355.0
2025-01-06 19:15:00+00:00,78.195,78.245,78.1,78.15,5360.0
2025-01-06 19:30:00+00:00,78.155,78.23,78.02,78.165,6004.0
2025-01-06 19:45:00+00:00,78.18,78.24,77.795,77.83,10379.0
2025-01-06 20:00:00+00:00,77.815,78.035,77.755,77.88,9539.0
2025-01-06 20:15:00+00:00,77.865,78.22,77.78,78.19,9738.0
2025-01-06 20:30:00+00:00,78.19,78.28,78.045,78.225,12461.0
2025-01-06 20:45:00+00:00,78.23,78.315,77.855,77.925,43431.0
2025-01-07 14:30:00+00:00,78.83,79.49,78.83,79.135,53906.0
2025-01-07 14:45:00+00:00,79.14,80.14,79.14,79.22,20926.0
2025-01-07 15:00:00+00:00,79.125,79.125,78.05,78.2,13719.0
2025-01-07 15:15:00+00:00,78.19,78.97,77.845,78.715,9297.0
2025-01-07 15:30:00+00:00,78.72,78.78,77.925,78.235,7714.0
2025-01-07 15:45:00+00:00,78.205,78.99,77.805,78.975,13907.0
2025-01-07 16:00:00+00:00,78.975,79.2,78.895,79.08,11715.0
2025-01-07 16:15:00+00:00,79.08,79.43,79.025,79.31,9245.0
2025-01-07 16:30:00+00:00,79.3,79.31,78.72,78.875,2566.0
2025-01-07 16:45:00+00:00,78.88,79.05,78.49,78.575,6371.0
2025-01-07 17:00:00+00:00,78.575,78.75,78.42,78.585,3368.0
2025-01-07 17:15:00+00:00,78.56,78.63,78.325,78.445,6231.0
2025-01-07 17:30:00+00:00,78.445,78.55,78.295,78.305,4368.0
2025-01-07 17:45:00+00:00,78.305,78.405,78.125,78.39,3217.0
2025-01-07 18:00:00+00:00,78.39,78.585,78.305,78.495,5361.0
2025-01-07 18:15:00+00:00,78.5,78.74,78.425,78.67,3416.0
2025-01-07 18:30:00+00:00,78.665,78.665,78.27,78.31,5847.0
2025-01-07 18:45:00+00:00,78.325,78.355,78.17,78.24,3830.0
2025-01-07 19:00:00+00:00,78.24,78.49,78.105,78.395,6830.0
2025-01-07 19:15:00+00:00,78.39,78.42,78.19,78.37,5764.0
2025-01-07 19:30:00+00:00,78.365,78.395,78.13,78.28,6202.0
2025-01-07 19:45:00+00:00,78.28,78.35,78.045,78.06,6440.0
2025-01-07 20:00:00+00:00,78.06,78.1,77.64,77.7,5021.0
2025-01-07 20:15:00+00:00,77.705,77.745,77.225,77.23,9120.0
2025-01-07 20:30:00+00:00,77.23,77.345,76.88,77.145,8955.0
2025-01-07 20:45:00+00:00,77.14,77.8,77.125,77.53,27578.0
2025-01-08 14:30:00+00:00,77.42,77.67,76.525,76.735,13980.0
2025-01-08 14:45:00+00:00,76.66,77.28,76.55,77.12,6406.0
2025-01-08 15:00:00+00:00,77.11,77.42,76.325,76.39,10345.0
2025-01-08 15:15:00+00:00,76.36,77.03,76.295,76.76,8000.0
2025-01-08 15:30:00+00:00,76.755,77.405,76.72,77.215,4757.0
2025-01-08 15:45:00+00:00,77.245,77.53,77.05,77.395,11392.0
2025-01-08 16:00:00+00:00,77.395,77.45,76.905,77.155,7094.0
2025-01-08 16:15:00+00:00,77.155,77.33,77.055,77.15,7525.0
2025-01-08 16:30:00+00:00,77.155,77.47,77.14,77.395,7959.0
2025-01-08 16:45:00+00:00,77.395,77.615,77.275,77.415,5221.0
2025-01-08 17:00:00+00:00,77.41,77.415,76.885,76.905,7495.0
2025-01-08 17:15:00+00:00,76.935,76.96,76.33,76.415,5624.0
2025-01-08 17:30:00+00:00,76.42,76.755,76.235,76.655,3966.0
2025-01-08 17:45:00+00:00,76.655,76.795,76.49,76.69,3680.0
2025-01-08 18:00:00+00:00,76.695,77.115,76.66,76.995,7145.0
2025-01-08 18:15:00+00:00,76.97,77.35,76.95,77.225,4415.0
2025-01-08 18:30:00+00:00,77.225,77.355,77.05,77.13,5872.0
2025-01-08 18:45:00+00:00,77.13,77.14,76.685,76.9,7000.0
2025-01-08 19:00:00+00:00,76.92,77.09,76.515,76.745,5910.0
2025-01-08 19:15:00+00:00,76.745,77.1,76.745,77.085,7148.0
2025-01-08 19:30:00+00:00,77.085,77.085,76.69,76.83,7503.0
2025-01-08 19:45:00+00:00,76.845,76.98,76.76,76.865,6553.0
2025-01-08 20:00:00+00:00,76.87,77.04,76.565,76.57,13704.0
2025-01-08 20:15:00+00:00,76.59,76.875,76.575,76.85,11037.0
2025-01-08 20:30:00+00:00,76.85,76.885,76.63,76.8,9811.0
2025-01-08 20:45:00+00:00,76.805,77.07,76.76,77.005,16455.0
2025-01-09 14:30:00+00:00,77.005,77.005,77.005,77.005,0.0
2025-01-09 14:45:00+00:00,77.005,77.005,77.005,77.005,0.0
2025-01-09 15:00:00+00:00,77.005,77.005,77.005,77.005,0.0
2025-01-09 15:15:00+00:00,77.005,77.005,77.005,77.005,0.0
2025-01-09 15:30:00+00:00,77.005,77.005,77.005,77.005,0.0
2025-01-09 15:45:00+00:00,77.005,77.005,77.005,77.005,0.0
2025-01-09 16:00:00+00:00,77.005,77.005,77.005,77.005,0.0
2025-01-09 16:15:00+00:00,77.005,77.005,77.005,77.005,0.0
2025-01-09 16:30:00+00:00,77.005,77.005,77.005,77.005,0.0
2025-01-09 16:45:00+00:00,77.005,77.005,77.005,77.005,0.0
2025-01-09 17:00:00+00:00,77.005,77.005,77.005,77.005,0.0
2025-01-09 17:15:00+00:00,77.005,77.005,77.005,77.005,0.0
2025-01-09 17:30:00+00:00,77.005,77.005,77.005,77.005,0.0
2025-01-09 17:45:00+00:00,77.005,77.005,77.005,77.005,0.0
2025-01-09 18:00:00+00:00,77.005,77.005,77.005,77.005,0.0
2025-01-09 18:15:00+00:00,77.005,77.005,77.005,77.005,0.0
2025-01-09 18:30:00+00:00,77.005,77.005,77.005,77.005,0.0
2025-01-09 18:45:00+00:00,77.005,77.005,77.005,77.005,0.0
2025-01-09 19:00:00+00:00,77.005,77.005,77.005,77.005,0.0
2025-01-09 19:15:00+00:00,77.005,77.005,77.005,77.005,0.0
2025-01-09 19:30:00+00:00,77.005,77.005,77.005,77.005,0.0
2025-01-09 19:45:00+00:00,77.005,77.005,77.005,77.005,0.0
2025-01-09 20:00:00+00:00,77.005,77.005,77.005,77.005,0.0
2025-01-09 20:15:00+00:00,77.005,77.005,77.005,77.005,0.0
2025-01-09 20:30:00+00:00,77.005,77.005,77.005,77.005,0.0
2025-01-09 20:45:00+00:00,77.005,77.005,77.005,77.005,0.0
2025-01-10 14:30:00+00:00,76.035,76.19,74.77,75.17,18087.0
2025-01-10 14:45:00+00:00,75.22,75.605,74.93,75.57,8089.0
2025-01-10 15:00:00+00:00,75.31,75.31,74.795,75.095,8314.0
2025-01-10 15:15:00+00:00,75.09,75.705,74.96,75.64,8172.0
2025-01-10 15:30:00+00:00,75.65,75.99,75.54,75.875,12421.0
2025-01-10 15:45:00+00:00,75.875,76.185,75.375,75.405,6914.0
2025-01-10 16:00:00+00:00,75.405,75.45,74.84,74.915,20843.0
2025-01-10 16:15:00+00:00,74.915,75.19,74.88,74.96,35789.0
2025-01-10 16:30:00+00:00,74.96,75.04,74.615,74.89,28430.0
2025-01-10 16:45:00+00:00,74.885,74.975,74.315,74.355,13060.0
2025-01-10 17:00:00+00:00,74.36,74.59,74.31,74.58,15826.0
2025-01-10 17:15:00+00:00,74.575,74.66,74.41,74.62,7690.0
2025-01-10 17:30:00+00:00,74.62,74.745,74.51,74.605,10236.0
2025-01-10 17:45:00+00:00,74.605,74.82,74.555,74.8,8709.0
2025-01-10 18:00:00+00:00,74.79,74.835,74.545,74.77,7864.0
2025-01-10 18:15:00+00:00,74.77,75.085,74.565,74.905,19241.0
2025-01-10 18:30:00+00:00,74.905,75.325,74.855,75.17,7743.0
2025-01-10 18:45:00+00:00,75.165,75.515,75.11,75.485,7157.0
2025-01-10 19:00:00+00:00,75.485,75.515,74.86,75.025,8597.0
2025-01-10 19:15:00+00:00,75.02,75.135,74.89,75.035,11075.0
2025-01-10 19:30:00+00:00,75.025,75.165,74.935,75.095,9980.0
2025-01-10 19:45:00+00:00,75.095,75.375,74.995,75.27,16466.0
2025-01-10 20:00:00+00:00,75.27,75.39,75.18,75.22,17389.0
2025-01-10 20:15:00+00:00,75.22,75.26,74.82,74.865,12867.0
2025-01-10 20:30:00+00:00,74.86,75.005,74.69,74.93,12881.0
2025-01-10 20:45:00+00:00,74.925,74.98,74.565,74.665,38094.0
2025-01-13 14:30:00+00:00,74.665,74.665,74.665,74.665,0.0
2025-01-13 14:45:00+00:00,74.665,74.665,74.665,74.665,0.0
2025-01-13 15:00:00+00:00,74.665,74.665,74.665,74.665,0.0
2025-01-13 15:15:00+00:00,74.665,74.665,74.665,74.665,0.0
2025-01-13 15:30:00+00:00,74.665,74.665,74.665,74.665,0.0
2025-01-13 15:45:00+00:00,74.665,74.665,74.665,74.665,0.0
2025-01-13 16:00:00+00:00,74.665,74.665,74.665,74.665,0.0
2025-01-13 16:15:00+00:00,74.665,74.665,73.585,73.805,10901.0
2025-01-13 16:30:00+00:00,73.805,74.12,73.765,74.08,10208.0
2025-01-13 16:45:00+00:00,74.08,74.095,73.67,73.675,9656.0
2025-01-13 17:00:00+00:00,73.675,73.9,73.56,73.885,6231.0
2025-01-13 17:15:00+00:00,73.885,74.24,73.865,74.135,9092.0
2025-01-13 17:30:00+00:00,74.13,74.44,74.035,74.215,5563.0
2025-01-13 17:45:00+00:00,74.215,74.285,74.04,74.265,5742.0
2025-01-13 18:00:00+00:00,74.265,74.355,74.195,74.34,4012.0
2025-01-13 18:15:00+00:00,74.335,74.36,74.1,74.285,5555.0
2025-01-13 18:30:00+00:00,74.285,74.36,74.155,74.175,3487.0
2025-01-13 18:45:00+00:00,74.175,74.435,74.17,74.285,3104.0
2025-01-13 19:00:00+00:00,74.285,74.385,74.05,74.065,3300.0
2025-01-13 19:15:00+00:00,74.065,74.36,74.01,74.3,2690.0
2025-01-13 19:30:00+00:00,74.295,74.415,74.16,74.27,4277.0
2025-01-13 19:45:00+00:00,74.27,74.38,74.085,74.35,9561.0
2025-01-13 20:00:00+00:00,74.345,74.44,74.23,74.235,6247.0
2025-01-13 20:15:00+00:00,74.235,74.37,74.09,74.155,5806.0
2025-01-13 20:30:00+00:00,74.17,74.34,74.14,74.255,11235.0
2025-01-13 20:45:00+00:00,74.255,74.495,74.22,74.485,22520.0
2025-01-14 14:30:00+00:00,75.14,75.14,74.33,74.975,15094.0
2025-01-14 14:45:00+00:00,74.97,74.97,73.94,73.97,10682.0
2025-01-14 15:00:00+00:00,73.97,74.87,73.97,74.78,10953.0
2025-01-14 15:15:00+00:00,74.79,74.94,74.53,74.61,15662.0
2025-01-14 15:30:00+00:00,74.62,74.78,74.32,74.64,12590.0
2025-01-14 15:45:00+00:00,74.64,74.66,74.295,74.3,7142.0
2025-01-14 16:00:00+00:00,74.3,74.31,73.88,73.93,6480.0
2025-01-14 16:15:00+00:00,73.93,74.28,73.89,74.14,6358.0
2025-01-14 16:30:00+00:00,74.14,74.33,73.92,73.935,4024.0
2025-01-14 16:45:00+00:00,73.935,74.055,73.76,73.775,6074.0
2025-01-14 17:00:00+00:00,73.775,74.185,73.72,73.995,4662.0
2025-01-14 17:15:00+00:00,74.0,74.065,73.76,73.875,2934.0
2025-01-14 17:30:00+00:00,73.875,73.975,73.595,73.955,5720.0
2025-01-14 17:45:00+00:00,73.955,74.3,73.92,74.275,4366.0
2025-01-14 18:00:00+00:00,74.275,74.445,74.16,74.435,4991.0
2025-01-14 18:15:00+00:00,74.435,74.75,74.38,74.69,11033.0
2025-01-14 18:30:00+00:00,74.695,74.985,74.61,74.945,3779.0
2025-01-14 18:45:00+00:00,74.945,75.045,74.91,74.985,4442.0
2025-01-14 19:00:00+00:00,74.985,74.985,74.8,74.875,4352.0
2025-01-14 19:15:00+00:00,74.875,75.035,74.85,74.945,3479.0
2025-01-14 19:30:00+00:00,74.95,75.02,74.865,74.99,3545.0
2025-01-14 19:45:00+00:00,74.99,74.99,74.26,74.33,7011.0
2025-01-14 20:00:00+00:00,74.33,74.39,73.905,74.09,7274.0
2025-01-14 20:15:00+00:00,74.09,74.495,74.09,74.47,8223.0
2025-01-14 20:30:00+00:00,74.47,74.535,74.27,74.445,8531.0
2025-01-14 20:45:00+00:00,74.45,75.125,74.44,74.955,50342.0
2025-01-15 14:30:00+00:00,75.805,76.75,75.68,76.605,67366.0
2025-01-15 14:45:00+00:00,76.605,77.25,76.57,76.675,24880.0
2025-01-15 15:00:00+00:00,76.66,77.22,76.625,77.0,17182.0
2025-01-15 15:15:00+00:00,76.98,77.125,76.855,76.95,8624.0
2025-01-15 15:30:00+00:00,76.955,77.115,76.605,76.8,14074.0
2025-01-15 15:45:00+00:00,76.8,76.81,76.45,76.535,7584.0
2025-01-15 16:00:00+00:00,76.545,76.925,76.43,76.43,6363.0
2025-01-15 16:15:00+00:00,76.42,76.485,76.165,76.205,8198.0
2025-01-15 16:30:00+00:00,76.205,76.205,75.805,75.9,14532.0
2025-01-15 16:45:00+00:00,75.895,75.99,75.58,75.68,19927.0
2025-01-15 17:00:00+00:00,75.68,75.8,75.58,75.705,21586.0
2025-01-15 17:15:00+00:00,75.72,75.78,75.45,75.7,16831.0
2025-01-15 17:30:00+00:00,75.69,76.095,75.69,76.025,10597.0
2025-01-15 17:45:00+00:00,76.025,76.145,75.875,75.925,5418.0
2025-01-15 18:00:00+00:00,75.92,76.23,75.92,76.225,7600.0
2025-01-15 18:15:00+00:00,76.225,76.375,76.17,76.255,7259.0
2025-01-15 18:30:00+00:00,76.255,76.385,76.24,76.295,4951.0
2025-01-15 18:45:00+00:00,76.3,76.455,76.26,76.36,8855.0
2025-01-15 19:00:00+00:00,76.375,76.52,76.36,76.47,3693.0
2025-01-15 19:15:00+00:00,76.47,76.64,76.4,76.63,3626.0
2025-01-15 19:30:00+00:00,76.635,76.645,76.415,76.45,6104.0
2025-01-15 19:45:00+00:00,76.455,76.63,76.41,76.54,5619.0
2025-01-15 20:00:00+00:00,76.545,76.7,76.49,76.64,14706.0
2025-01-15 20:15:00+00:00,76.635,76.92,76.635,76.81,7454.0
2025-01-15 20:30:00+00:00,76.81,76.82,76.35,76.4,18263.0
2025-01-15 20:45:00+00:00,76.405,76.51,76.14,76.18,30625.0
2025-01-16 14:30:00+00:00,78.85,79.525,78.33,79.33,35680.0
2025-01-16 14:45:00+00:00,79.33,79.47,78.86,79.105,13238.0
2025-01-16 15:00:00+00:00,79.19,79.74,79.0,79.495,14743.0
2025-01-16 15:15:00+00:00,79.47,80.7,79.45,80.385,34296.0
2025-01-16 15:30:00+00:00,80.35,81.07,80.33,80.55,41712.0
2025-01-16 15:45:00+00:00,80.51,82.015,80.495,81.935,41261.0
2025-01-16 16:00:00+00:00,81.95,82.7,81.69,82.355,59758.0
2025-01-16 16:15:00+00:00,82.355,82.53,81.82,82.235,36840.0
2025-01-16 16:30:00+00:00,82.22,82.81,81.54,81.89,44343.0
2025-01-16 16:45:00+00:00,81.91,82.22,81.735,82.01,61200.0
2025-01-16 17:00:00+00:00,82.005,82.115,81.64,81.79,27200.0
2025-01-16 17:15:00+00:00,81.785,82.105,81.65,82.04,19081.0
2025-01-16 17:30:00+00:00,82.03,82.045,81.75,81.85,10064.0
2025-01-16 17:45:00+00:00,81.85,82.04,81.82,82.005,12438.0
2025-01-16 18:00:00+00:00,82.01,82.04,81.71,81.94,17064.0
2025-01-16 18:15:00+00:00,81.935,82.1,81.53,81.575,63228.0
2025-01-16 18:30:00+00:00,81.565,81.64,80.85,80.97,19376.0
2025-01-16 18:45:00+00:00,80.97,81.005,80.675,80.855,21956.0
2025-01-16 19:00:00+00:00,80.865,81.02,80.725,80.935,20015.0
2025-01-16 19:15:00+00:00,80.945,81.06,80.49,80.63,17966.0
2025-01-16 19:30:00+00:00,80.625,80.64,80.185,80.23,16475.0
2025-01-16 19:45:00+00:00,80.23,80.28,79.92,79.93,23012.0
2025-01-16 20:00:00+00:00,79.915,80.29,79.75,80.11,19898.0
2025-01-16 20:15:00+00:00,80.11,80.16,79.615,79.67,20707.0
2025-01-16 20:30:00+00:00,79.67,80.16,79.57,80.145,20216.0
2025-01-16 20:45:00+00:00,80.155,80.155,79.18,79.205,68762.0
2025-01-17 14:30:00+00:00,81.345,81.6,79.74,79.88,22219.0
2025-01-17 14:45:00+00:00,79.9,80.32,79.61,79.67,4456.0
2025-01-17 15:00:00+00:00,79.67,80.28,79.64,80.225,7153.0
2025-01-17 15:15:00+00:00,80.19,80.19,79.64,79.86,3996.0
2025-01-17 15:30:00+00:00,79.885,80.195,79.725,80.05,3942.0
2025-01-17 15:45:00+00:00,80.06,80.4,79.94,80.385,6012.0
2025-01-17 16:00:00+00:00,80.385,80.58,80.33,80.56,10765.0
2025-01-17 16:15:00+00:00,80.555,80.59,80.25,80.475,4807.0
2025-01-17 16:30:00+00:00,80.47,80.68,80.285,80.485,9662.0
2025-01-17 16:45:00+00:00,80.48,80.52,80.34,80.4,5564.0
2025-01-17 17:00:00+00:00,80.39,80.53,80.24,80.465,6362.0
2025-01-17 17:15:00+00:00,80.47,80.48,80.35,80.43,2910.0
2025-01-17 17:30:00+00:00,80.44,80.49,80.31,80.35,4310.0
2025-01-17 17:45:00+00:00,80.36,80.39,80.27,80.385,5542.0
2025-01-17 18:00:00+00:00,80.38,80.45,80.28,80.41,6107.0
2025-01-17 18:15:00+00:00,80.41,80.525,80.33,80.42,7040.0
2025-01-17 18:30:00+00:00,80.425,80.57,80.395,80.49,8143.0
2025-01-17 18:45:00+00:00,80.49,80.585,80.38,80.42,3455.0
2025-01-17 19:00:00+00:00,80.405,80.595,80.3,80.49,10453.0
2025-01-17 19:15:00+00:00,80.49,80.51,80.335,80.395,6340.0
2025-01-17 19:30:00+00:00,80.395,80.5,80.34,80.4,4327.0
2025-01-17 19:45:00+00:00,80.405,80.415,80.175,80.305,6629.0
2025-01-17 20:00:00+00:00,80.295,80.475,80.16,80.41,7574.0
2025-01-17 20:15:00+00:00,80.415,80.65,80.41,80.62,10788.0
2025-01-17 20:30:00+00:00,80.62,80.695,80.49,80.645,17269.0
2025-01-17 20:45:00+00:00,80.64,80.73,80.25,80.29,54319.0
2025-01-20 14:30:00+00:00,80.29,80.29,80.29,80.29,0.0
2025-01-20 14:45:00+00:00,80.29,80.29,80.29,80.29,0.0
2025-01-20 15:00:00+00:00,80.29,80.29,80.29,80.29,0.0
2025-01-20 15:15:00+00:00,80.29,80.29,80.29,80.29,0.0
2025-01-20 15:30:00+00:00,80.29,80.29,80.29,80.29,0.0
2025-01-20 15:45:00+00:00,80.29,80.29,80.29,80.29,0.0
2025-01-20 16:00:00+00:00,80.29,80.29,80.29,80.29,0.0
2025-01-20 16:15:00+00:00,80.29,80.29,80.29,80.29,0.0
2025-01-20 16:30:00+00:00,80.29,80.29,80.29,80.29,0.0
2025-01-20 16:45:00+00:00,80.29,80.29,80.29,80.29,0.0
2025-01-20 17:00:00+00:00,80.29,80.29,80.29,80.29,0.0
2025-01-20 17:15:00+00:00,80.29,80.29,80.29,80.29,0.0
2025-01-20 17:30:00+00:00,80.29,80.29,80.29,80.29,0.0
2025-01-20 17:45:00+00:00,80.29,80.29,80.29,80.29,0.0
2025-01-20 18:00:00+00:00,80.29,80.29,80.29,80.29,0.0
2025-01-20 18:15:00+00:00,80.29,80.29,80.29,80.29,0.0
2025-01-20 18:30:00+00:00,80.29,80.29,80.29,80.29,0.0
2025-01-20 18:45:00+00:00,80.29,80.29,80.29,80.29,0.0
2025-01-20 19:00:00+00:00,80.29,80.29,80.29,80.29,0.0
2025-01-20 19:15:00+00:00,80.29,80.29,80.29,80.29,0.0
2025-01-20 19:30:00+00:00,80.29,80.29,80.29,80.29,0.0
2025-01-20 19:45:00+00:00,80.29,80.29,80.29,80.29,0.0
2025-01-20 20:00:00+00:00,80.29,80.29,80.29,80.29,0.0
2025-01-20 20:15:00+00:00,80.29,80.29,80.29,80.29,0.0
2025-01-20 20:30:00+00:00,80.29,80.29,80.29,80.29,0.0
2025-01-20 20:45:00+00:00,80.29,80.29,80.29,80.29,0.0
2025-01-21 14:30:00+00:00,81.03,81.09,79.9,80.03,11907.0
2025-01-21 14:45:00+00:00,80.03,80.94,79.92,80.925,14852.0
2025-01-21 15:00:00+00:00,80.84,80.86,79.96,80.045,10751.0
2025-01-21 15:15:00+00:00,80.07,81.08,80.07,80.715,18525.0
2025-01-21 15:30:00+00:00,80.72,80.81,80.41,80.53,20662.0
2025-01-21 15:45:00+00:00,80.51,80.8,80.175,80.72,10888.0
2025-01-21 16:00:00+00:00,80.715,80.715,80.4,80.685,7318.0
2025-01-21 16:15:00+00:00,80.685,80.72,80.49,80.635,6608.0
2025-01-21 16:30:00+00:00,80.64,80.965,80.62,80.905,5340.0
2025-01-21 16:45:00+00:00,80.905,81.45,80.895,81.33,13819.0
2025-01-21 17:00:00+00:00,81.33,81.675,81.295,81.54,8155.0
2025-01-21 17:15:00+00:00,81.54,81.755,81.37,81.74,6544.0
2025-01-21 17:30:00+00:00,81.74,81.84,81.68,81.77,18634.0
2025-01-21 17:45:00+00:00,81.77,82.065,81.64,82.015,11153.0
2025-01-21 18:00:00+00:00,82.015,82.09,81.89,82.05,10325.0
2025-01-21 18:15:00+00:00,82.075,82.23,82.005,82.165,7079.0
2025-01-21 18:30:00+00:00,82.17,82.26,82.13,82.21,7116.0
2025-01-21 18:45:00+00:00,82.21,82.25,82.055,82.22,7878.0
2025-01-21 19:00:00+00:00,82.2,82.325,82.14,82.27,7661.0
2025-01-21 19:15:00+00:00,82.265,82.295,82.005,82.125,28016.0
2025-01-21 19:30:00+00:00,82.125,82.35,82.025,82.28,14752.0
2025-01-21 19:45:00+00:00,82.295,82.39,82.15,82.27,7237.0
2025-01-21 20:00:00+00:00,82.27,82.4,82.16,82.37,5521.0
2025-01-21 20:15:00+00:00,82.37,82.44,82.225,82.365,5262.0
2025-01-21 20:30:00+00:00,82.365,82.43,82.01,82.015,35135.0
2025-01-21 20:45:00+00:00,82.015,82.105,81.55,81.575,32258.0
2025-01-22 14:30:00+00:00,82.49,83.86,82.49,83.78,25357.0
2025-01-22 14:45:00+00:00,83.84,84.305,83.645,84.04,25535.0
2025-01-22 15:00:00+00:00,84.08,84.265,83.86,83.98,18924.0
2025-01-22 15:15:00+00:00,83.97,84.03,83.63,83.915,20815.0
2025-01-22 15:30:00+00:00,83.89,84.4,83.79,84.295,11766.0
2025-01-22 15:45:00+00:00,84.295,84.41,84.135,84.175,30790.0
2025-01-22 16:00:00+00:00,84.175,84.67,84.085,84.485,36353.0
2025-01-22 16:15:00+00:00,84.485,84.87,84.435,84.83,14128.0
2025-01-22 16:30:00+00:00,84.845,85.0,84.74,84.975,23516.0
2025-01-22 16:45:00+00:00,84.97,85.005,84.825,84.99,12586.0
2025-01-22 17:00:00+00:00,85.005,85.18,84.88,84.89,15192.0
2025-01-22 17:15:00+00:00,84.9,84.93,84.63,84.69,12279.0
2025-01-22 17:30:00+00:00,84.69,84.98,84.65,84.71,14501.0
2025-01-22 17:45:00+00:00,84.705,84.99,84.7,84.865,13063.0
2025-01-22 18:00:00+00:00,84.86,84.97,84.705,84.75,13096.0
2025-01-22 18:15:00+00:00,84.76,84.895,84.57,84.59,10748.0
2025-01-22 18:30:00+00:00,84.58,84.82,84.5,84.82,12723.0
2025-01-22 18:45:00+00:00,84.83,84.875,84.59,84.635,11480.0
2025-01-22 19:00:00+00:00,84.635,84.675,84.415,84.43,10137.0
2025-01-22 19:15:00+00:00,84.43,84.48,84.225,84.29,26275.0
2025-01-22 19:30:00+00:00,84.29,84.33,83.99,84.08,8527.0
2025-01-22 19:45:00+00:00,84.08,84.14,83.855,83.91,6623.0
2025-01-22 20:00:00+00:00,83.91,83.96,83.56,83.73,16424.0
2025-01-22 20:15:00+00:00,83.74,83.86,83.58,83.74,18437.0
2025-01-22 20:30:00+00:00,83.735,83.76,83.55,83.715,14883.0
2025-01-22 20:45:00+00:00,83.715,83.785,83.285,83.285,51292.0
2025-01-23 14:30:00+00:00,80.865,81.15,80.12,80.36,32662.0
2025-01-23 14:45:00+00:00,80.325,80.37,79.44,79.78,27706.0
2025-01-23 15:00:00+00:00,79.8,80.35,79.75,80.265,26250.0
2025-01-23 15:15:00+00:00,80.265,80.62,80.015,80.19,12333.0
2025-01-23 15:30:00+00:00,80.195,80.48,80.015,80.37,11098.0
2025-01-23 15:45:00+00:00,80.365,80.635,80.205,80.62,5419.0
2025-01-23 16:00:00+00:00,80.625,80.825,80.3,80.5,12370.0
2025-01-23 16:15:00+00:00,80.49,80.595,80.275,80.535,12461.0
2025-01-23 16:30:00+00:00,80.535,80.885,80.515,80.81,9251.0
2025-01-23 16:45:00+00:00,80.81,81.22,80.81,81.115,17683.0
2025-01-23 17:00:00+00:00,81.05,81.29,80.875,81.12,21152.0
2025-01-23 17:15:00+00:00,81.13,81.38,81.125,81.23,8840.0
2025-01-23 17:30:00+00:00,81.23,81.315,80.885,80.975,12353.0
2025-01-23 17:45:00+00:00,80.975,81.07,80.72,80.77,11481.0
2025-01-23 18:00:00+00:00,80.765,80.89,80.615,80.79,10919.0
2025-01-23 18:15:00+00:00,80.79,80.96,80.685,80.77,8169.0
2025-01-23 18:30:00+00:00,80.775,80.99,80.76,80.905,5743.0
2025-01-23 18:45:00+00:00,80.905,81.04,80.76,80.775,8610.0
2025-01-23 19:00:00+00:00,80.76,80.835,80.51,80.695,6406.0
2025-01-23 19:15:00+00:00,80.695,80.73,80.51,80.63,15059.0
2025-01-23 19:30:00+00:00,80.63,80.79,80.59,80.65,20696.0
2025-01-23 19:45:00+00:00,80.655,80.68,80.59,80.625,23070.0
2025-01-23 20:00:00+00:00,80.625,80.67,80.485,80.645,7077.0
2025-01-23 20:15:00+00:00,80.645,81.01,80.645,80.91,16155.0
2025-01-23 20:30:00+00:00,80.905,81.09,80.865,81.05,11034.0
2025-01-23 20:45:00+00:00,81.05,81.16,80.93,81.13,23353.0
2025-01-24 14:30:00+00:00,81.39,81.49,80.52,80.76,15347.0
2025-01-24 14:45:00+00:00,80.88,81.05,80.615,80.87,20254.0
2025-01-24 15:00:00+00:00,80.93,81.04,80.54,80.84,15821.0
2025-01-24 15:15:00+00:00,80.845,80.905,80.59,80.66,24334.0
2025-01-24 15:30:00+00:00,80.665,80.73,80.43,80.525,15531.0
2025-01-24 15:45:00+00:00,80.52,80.71,80.16,80.165,18962.0
2025-01-24 16:00:00+00:00,80.165,80.28,80.01,80.205,8362.0
2025-01-24 16:15:00+00:00,80.205,80.41,80.095,80.38,5401.0
2025-01-24 16:30:00+00:00,80.375,80.41,80.18,80.195,7981.0
2025-01-24 16:45:00+00:00,80.195,80.37,80.06,80.08,10029.0
2025-01-24 17:00:00+00:00,80.075,80.215,80.055,80.15,6163.0
2025-01-24 17:15:00+00:00,80.15,80.27,80.105,80.155,8491.0
2025-01-24 17:30:00+00:00,80.155,80.32,80.08,80.175,4648.0
2025-01-24 17:45:00+00:00,80.175,80.215,79.695,79.7,7235.0
2025-01-24 18:00:00+00:00,79.655,79.765,79.595,79.695,4529.0
2025-01-24 18:15:00+00:00,79.695,79.915,79.64,79.71,5534.0
2025-01-24 18:30:00+00:00,79.715,79.77,79.34,79.36,10848.0
2025-01-24 18:45:00+00:00,79.36,79.505,79.145,79.15,9956.0
2025-01-24 19:00:00+00:00,79.155,79.27,78.985,79.035,10682.0
2025-01-24 19:15:00+00:00,79.035,79.31,79.005,79.18,8126.0
2025-01-24 19:30:00+00:00,79.21,79.295,79.12,79.13,6189.0
2025-01-24 19:45:00+00:00,79.13,79.29,79.12,79.155,12669.0
2025-01-24 20:00:00+00:00,79.155,79.435,79.115,79.23,9517.0
2025-01-24 20:15:00+00:00,79.23,79.365,79.11,79.355,8554.0
2025-01-24 20:30:00+00:00,79.355,79.615,79.355,79.595,8435.0
2025-01-24 20:45:00+00:00,79.595,79.75,79.385,79.665,37654.0
2025-01-27 14:30:00+00:00,76.77,76.78,74.96,75.32,25689.0
2025-01-27 14:45:00+00:00,75.32,76.19,75.04,76.06,29690.0
2025-01-27 15:00:00+00:00,76.04,76.2,75.69,75.785,12137.0
2025-01-27 15:15:00+00:00,75.765,76.02,75.35,75.95,27424.0
2025-01-27 15:30:00+00:00,75.95,76.365,75.8,75.95,15221.0
2025-01-27 15:45:00+00:00,75.94,76.03,75.5,75.685,13413.0
2025-01-27 16:00:00+00:00,75.76,75.765,75.31,75.385,17763.0
2025-01-27 16:15:00+00:00,75.375,75.555,74.945,74.98,22846.0
2025-01-27 16:30:00+00:00,74.99,75.24,74.9,75.095,17264.0
2025-01-27 16:45:00+00:00,75.095,75.36,74.895,75.015,21917.0
2025-01-27 17:00:00+00:00,75.015,75.43,75.01,75.065,12076.0
2025-01-27 17:15:00+00:00,75.065,75.285,74.945,75.095,22836.0
2025-01-27 17:30:00+00:00,75.095,75.28,74.59,74.675,19990.0
2025-01-27 17:45:00+00:00,74.685,74.685,73.925,73.955,26968.0
2025-01-27 18:00:00+00:00,73.96,74.25,73.955,74.1,19379.0
2025-01-27 18:15:00+00:00,74.1,74.17,73.73,73.805,9877.0
2025-01-27 18:30:00+00:00,73.805,74.04,73.74,73.82,17682.0
2025-01-27 18:45:00+00:00,73.82,73.87,73.545,73.56,13698.0
2025-01-27 19:00:00+00:00,73.545,73.875,73.43,73.775,15313.0
2025-01-27 19:15:00+00:00,73.765,74.31,73.69,74.15,11777.0
2025-01-27 19:30:00+00:00,74.145,74.385,73.855,73.87,11776.0
2025-01-27 19:45:00+00:00,73.87,73.9,73.42,73.555,16063.0
2025-01-27 20:00:00+00:00,73.56,74.33,73.56,74.0,14067.0
2025-01-27 20:15:00+00:00,73.98,74.51,73.92,74.41,14872.0
2025-01-27 20:30:00+00:00,74.425,75.05,74.425,75.05,32869.0
2025-01-27 20:45:00+00:00,75.045,75.71,74.885,75.66,86311.0
2025-01-28 14:30:00+00:00,75.155,75.55,73.58,73.92,26004.0
2025-01-28 14:45:00+00:00,73.92,74.835,73.81,74.675,11699.0
2025-01-28 15:00:00+00:00,74.72,75.15,74.43,74.725,19515.0
2025-01-28 15:15:00+00:00,74.71,74.95,74.54,74.67,20890.0
2025-01-28 15:30:00+00:00,74.65,74.855,74.185,74.22,7289.0
2025-01-28 15:45:00+00:00,74.225,74.615,73.92,74.58,12370.0
2025-01-28 16:00:00+00:00,74.6,74.64,74.075,74.105,18333.0
2025-01-28 16:15:00+00:00,74.085,74.15,73.83,74.05,26780.0
2025-01-28 16:30:00+00:00,74.05,74.08,73.7,73.83,6903.0
2025-01-28 16:45:00+00:00,73.83,74.05,73.75,74.0,11611.0
2025-01-28 17:00:00+00:00,74.0,74.61,73.995,74.585,15102.0
2025-01-28 17:15:00+00:00,74.61,74.82,74.45,74.55,8367.0
2025-01-28 17:30:00+00:00,74.545,74.85,74.47,74.535,6299.0
2025-01-28 17:45:00+00:00,74.51,74.695,74.46,74.5,17570.0
2025-01-28 18:00:00+00:00,74.56,74.605,74.44,74.495,6687.0
2025-01-28 18:15:00+00:00,74.5,74.725,74.455,74.475,5627.0
2025-01-28 18:30:00+00:00,74.47,74.59,74.41,74.43,3855.0
2025-01-28 18:45:00+00:00,74.41,74.555,74.39,74.5,9105.0
2025-01-28 19:00:00+00:00,74.5,74.64,74.4,74.44,8660.0
2025-01-28 19:15:00+00:00,74.425,74.645,74.415,74.525,6641.0
2025-01-28 19:30:00+00:00,74.525,74.9,74.525,74.875,5811.0
2025-01-28 19:45:00+00:00,74.875,75.34,74.875,75.175,9283.0
2025-01-28 20:00:00+00:00,75.175,75.265,75.03,75.07,9555.0
2025-01-28 20:15:00+00:00,75.06,75.235,75.05,75.22,12977.0
2025-01-28 20:30:00+00:00,75.215,75.37,74.86,74.945,12583.0
2025-01-28 20:45:00+00:00,74.95,74.97,74.43,74.505,44211.0
2025-01-29 14:30:00+00:00,77.47,77.47,74.53,74.645,62879.0
2025-01-29 14:45:00+00:00,74.58,75.405,74.58,75.335,24528.0
2025-01-29 15:00:00+00:00,75.27,75.695,75.21,75.37,17485.0
2025-01-29 15:15:00+00:00,75.385,75.42,74.825,75.12,14064.0
2025-01-29 15:30:00+00:00,75.14,75.175,74.76,74.835,13123.0
2025-01-29 15:45:00+00:00,74.835,75.22,74.67,75.105,14358.0
2025-01-29 16:00:00+00:00,75.105,75.245,74.93,75.185,10636.0
2025-01-29 16:15:00+00:00,75.185,75.185,74.9,74.905,8482.0
2025-01-29 16:30:00+00:00,74.905,75.105,74.845,75.065,12637.0
2025-01-29 16:45:00+00:00,75.065,75.145,74.945,75.055,4816.0
2025-01-29 17:00:00+00:00,75.05,75.335,75.05,75.2,5051.0
2025-01-29 17:15:00+00:00,75.205,75.42,75.19,75.285,3711.0
2025-01-29 17:30:00+00:00,75.285,75.445,75.285,75.375,3532.0
2025-01-29 17:45:00+00:00,75.38,75.45,75.27,75.29,3834.0
2025-01-29 18:00:00+00:00,75.285,75.305,74.655,75.105,6794.0
2025-01-29 18:15:00+00:00,75.105,75.225,75.0,75.175,5548.0
2025-01-29 18:30:00+00:00,75.16,75.365,74.965,75.065,8939.0
2025-01-29 18:45:00+00:00,75.065,75.145,74.98,74.985,16502.0
2025-01-29 19:00:00+00:00,74.88,75.02,74.7,74.84,6789.0
2025-01-29 19:15:00+00:00,74.86,74.89,74.59,74.7,11819.0
2025-01-29 19:30:00+00:00,74.69,75.455,74.66,75.455,10101.0
2025-01-29 19:45:00+00:00,75.515,75.535,75.16,75.255,11099.0
2025-01-29 20:00:00+00:00,75.255,75.315,74.89,75.065,10393.0
2025-01-29 20:15:00+00:00,75.065,75.67,74.895,75.395,25825.0
2025-01-29 20:30:00+00:00,75.395,75.5,75.195,75.27,20887.0
2025-01-29 20:45:00+00:00,75.275,75.375,74.965,75.19,66948.0
2025-01-30 14:30:00+00:00,79.89,80.0,77.625,79.26,147202.0
2025-01-30 14:45:00+00:00,79.27,79.745,78.8,79.105,59157.0
2025-01-30 15:00:00+00:00,79.08,79.48,78.86,79.34,25030.0
2025-01-30 15:15:00+00:00,79.3,80.09,79.25,79.66,48662.0
2025-01-30 15:30:00+00:00,79.71,80.765,79.53,80.56,41147.0
2025-01-30 15:45:00+00:00,80.54,80.68,80.06,80.25,57020.0
2025-01-30 16:00:00+00:00,80.21,80.71,80.09,80.09,30889.0
2025-01-30 16:15:00+00:00,80.09,81.12,80.07,81.12,24618.0
2025-01-30 16:30:00+00:00,81.125,81.26,80.935,81.185,64098.0
2025-01-30 16:45:00+00:00,81.185,81.885,80.985,81.8,49665.0
2025-01-30 17:00:00+00:00,81.8,81.805,81.235,81.27,31264.0
2025-01-30 17:15:00+00:00,81.26,81.365,80.98,81.005,25649.0
2025-01-30 17:30:00+00:00,81.03,81.27,80.98,81.05,17061.0
2025-01-30 17:45:00+00:00,81.045,81.255,80.36,80.74,37368.0
2025-01-30 18:00:00+00:00,80.71,80.845,80.18,80.84,14407.0
2025-01-30 18:15:00+00:00,80.86,81.02,80.765,80.86,14901.0
2025-01-30 18:30:00+00:00,80.845,81.285,80.81,81.18,14911.0
2025-01-30 18:45:00+00:00,81.185,81.5,81.105,81.47,20897.0
2025-01-30 19:00:00+00:00,81.47,81.7,81.23,81.48,50181.0
2025-01-30 19:15:00+00:00,81.485,81.785,81.45,81.585,32589.0
2025-01-30 19:30:00+00:00,81.595,81.86,81.44,81.855,21620.0
2025-01-30 19:45:00+00:00,81.855,82.095,81.67,81.685,27928.0
2025-01-30 20:00:00+00:00,81.685,81.975,81.625,81.92,17783.0
2025-01-30 20:15:00+00:00,81.935,82.045,81.81,81.94,40221.0
2025-01-30 20:30:00+00:00,81.94,82.0,80.94,80.995,45664.0
2025-01-30 20:45:00+00:00,80.985,81.19,80.66,80.805,98345.0
2025-01-31 14:30:00+00:00,81.14,82.66,80.915,82.5,55758.0
2025-01-31 14:45:00+00:00,82.475,83.205,82.325,83.03,50554.0
2025-01-31 15:00:00+00:00,83.055,83.27,82.88,83.27,25430.0
2025-01-31 15:15:00+00:00,83.29,83.63,83.165,83.595,29117.0
2025-01-31 15:30:00+00:00,83.605,84.1,83.605,83.89,40108.0
2025-01-31 15:45:00+00:00,83.89,84.095,83.76,83.88,25258.0
2025-01-31 16:00:00+00:00,83.89,84.185,83.875,84.18,20640.0
2025-01-31 16:15:00+00:00,84.18,84.215,83.89,83.98,17847.0
2025-01-31 16:30:00+00:00,83.975,83.99,83.47,83.52,14081.0
2025-01-31 16:45:00+00:00,83.5,83.975,83.38,83.725,17272.0
2025-01-31 17:00:00+00:00,83.725,83.885,83.57,83.88,22190.0
2025-01-31 17:15:00+00:00,83.88,83.905,83.56,83.69,27861.0
2025-01-31 17:30:00+00:00,83.725,83.95,83.6,83.82,10816.0
2025-01-31 17:45:00+00:00,83.83,83.83,83.565,83.615,7569.0
2025-01-31 18:00:00+00:00,83.61,83.675,83.36,83.385,15767.0
2025-01-31 18:15:00+00:00,83.39,83.46,82.62,82.625,19808.0
2025-01-31 18:30:00+00:00,82.625,82.725,82.13,82.36,40685.0
2025-01-31 18:45:00+00:00,82.36,82.82,82.3,82.51,20432.0
2025-01-31 19:00:00+00:00,82.525,82.87,82.25,82.81,66541.0
2025-01-31 19:15:00+00:00,82.79,82.86,82.28,82.465,16935.0
2025-01-31 19:30:00+00:00,82.465,82.575,81.945,82.01,10732.0
2025-01-31 19:45:00+00:00,81.975,82.43,81.715,82.26,42363.0
2025-01-31 20:00:00+00:00,82.25,82.25,81.33,81.42,9313.0
2025-01-31 20:15:00+00:00,81.42,81.485,81.09,81.27,6452.0
2025-01-31 20:30:00+00:00,81.275,81.475,81.08,81.27,16825.0
2025-01-31 20:45:00+00:00,81.27,81.65,80.845,81.135,51007.0
2025-02-03 14:30:00+00:00,78.9,79.19,78.53,79.02,19060.0
2025-02-03 14:45:00+00:00,79.05,79.625,78.86,79.62,12599.0
2025-02-03 15:00:00+00:00,79.505,80.08,79.3,79.545,19987.0
2025-02-03 15:15:00+00:00,79.61,80.82,79.19,80.66,14457.0
2025-02-03 15:30:00+00:00,80.64,81.56,80.55,81.24,15703.0
2025-02-03 15:45:00+00:00,81.16,81.38,80.95,81.12,14099.0
2025-02-03 16:00:00+00:00,81.02,81.17,80.535,80.77,9612.0
2025-02-03 16:15:00+00:00,80.78,81.08,80.605,80.68,10580.0
2025-02-03 16:30:00+00:00,80.655,80.745,80.44,80.58,5321.0
2025-02-03 16:45:00+00:00,80.58,81.02,80.23,80.41,14016.0
2025-02-03 17:00:00+00:00,80.44,80.54,80.2,80.29,5255.0
2025-02-03 17:15:00+00:00,80.285,80.535,80.14,80.155,5544.0
2025-02-03 17:30:00+00:00,80.145,80.215,79.975,80.12,5576.0
2025-02-03 17:45:00+00:00,80.155,80.415,80.03,80.33,7423.0
2025-02-03 18:00:00+00:00,80.33,80.375,79.895,80.275,17656.0
2025-02-03 18:15:00+00:00,80.28,80.335,79.925,79.95,4415.0
2025-02-03 18:30:00+00:00,79.955,80.445,79.905,80.31,18952.0
2025-02-03 18:45:00+00:00,80.33,80.69,80.33,80.635,7635.0
2025-02-03 19:00:00+00:00,80.635,80.9,80.58,80.875,10367.0
2025-02-03 19:15:00+00:00,80.875,81.065,80.85,80.925,9346.0
2025-02-03 19:30:00+00:00,80.94,81.09,80.885,80.935,8171.0
2025-02-03 19:45:00+00:00,80.94,81.025,80.845,80.9,5066.0
2025-02-03 20:00:00+00:00,80.88,81.01,80.65,80.67,20761.0
2025-02-03 20:15:00+00:00,80.665,80.76,80.41,80.43,5368.0
2025-02-03 20:30:00+00:00,80.44,80.515,80.145,80.18,6176.0
2025-02-03 20:45:00+00:00,80.21,80.44,79.88,80.25,50551.0
2025-02-04 14:30:00+00:00,79.155,80.0,79.15,79.6,7696.0
2025-02-04 14:45:00+00:00,79.605,79.725,79.22,79.405,9311.0
2025-02-04 15:00:00+00:00,79.48,80.26,79.42,80.1,17100.0
2025-02-04 15:15:00+00:00,80.11,80.52,80.11,80.41,14012.0
2025-02-04 15:30:00+00:00,80.405,80.6,80.01,80.075,13105.0
2025-02-04 15:45:00+00:00,80.075,80.21,79.9,79.915,8223.0
2025-02-04 16:00:00+00:00,79.92,80.32,79.915,80.105,5989.0
2025-02-04 16:15:00+00:00,80.105,80.255,80.025,80.165,7902.0
2025-02-04 16:30:00+00:00,80.155,80.415,80.045,80.32,2987.0
2025-02-04 16:45:00+00:00,80.32,80.35,80.085,80.185,3947.0
2025-02-04 17:00:00+00:00,80.18,80.245,80.055,80.155,3420.0
2025-02-04 17:15:00+00:00,80.155,80.155,79.485,79.5,11833.0
2025-02-04 17:30:00+00:00,79.495,79.72,79.41,79.72,4509.0
2025-02-04 17:45:00+00:00,79.72,79.72,79.465,79.575,10117.0
2025-02-04 18:00:00+00:00,79.575,79.59,79.265,79.555,5796.0
2025-02-04 18:15:00+00:00,79.555,80.175,79.54,80.135,11327.0
2025-02-04 18:30:00+00:00,80.125,80.24,80.075,80.16,7440.0
2025-02-04 18:45:00+00:00,80.16,80.39,80.13,80.175,17559.0
2025-02-04 19:00:00+00:00,80.175,80.28,80.115,80.17,3193.0
2025-02-04 19:15:00+00:00,80.19,80.285,80.03,80.07,4395.0
2025-02-04 19:30:00+00:00,80.06,80.115,79.94,80.045,6307.0
2025-02-04 19:45:00+00:00,80.045,80.08,79.69,79.86,5864.0
2025-02-04 20:00:00+00:00,79.86,80.05,79.74,79.915,4631.0
2025-02-04 20:15:00+00:00,79.915,79.94,79.645,79.785,6348.0
2025-02-04 20:30:00+00:00,79.785,79.88,79.745,79.825,7159.0
2025-02-04 20:45:00+00:00,79.825,80.05,79.75,79.94,61974.0
2025-02-05 14:30:00+00:00,78.97,79.44,78.65,79.02,4825.0
2025-02-05 14:45:00+00:00,79.03,79.27,78.89,79.185,20286.0
2025-02-05 15:00:00+00:00,79.295,79.47,79.02,79.45,13309.0
2025-02-05 15:15:00+00:00,79.44,79.8,79.14,79.8,7196.0
2025-02-05 15:30:00+00:00,79.75,80.475,79.75,80.45,13197.0
2025-02-05 15:45:00+00:00,80.45,80.45,79.955,80.1,10575.0
2025-02-05 16:00:00+00:00,80.085,80.27,79.845,80.1,10213.0
2025-02-05 16:15:00+00:00,80.095,80.3,79.995,80.295,9128.0
2025-02-05 16:30:00+00:00,80.28,80.545,80.27,80.415,4898.0
2025-02-05 16:45:00+00:00,80.415,81.095,80.4,81.02,10419.0
2025-02-05 17:00:00+00:00,81.03,81.36,81.03,81.26,7726.0
2025-02-05 17:15:00+00:00,81.26,81.34,80.9,81.28,13725.0
2025-02-05 17:30:00+00:00,81.28,81.33,80.725,80.825,7231.0
2025-02-05 17:45:00+00:00,80.825,80.93,80.75,80.845,4782.0
2025-02-05 18:00:00+00:00,80.85,80.99,80.83,80.895,4403.0
2025-02-05 18:15:00+00:00,80.895,81.025,80.825,81.01,4808.0
2025-02-05 18:30:00+00:00,81.015,81.385,80.96,81.38,7514.0
2025-02-05 18:45:00+00:00,81.375,81.43,81.16,81.325,4292.0
2025-02-05 19:00:00+00:00,81.315,81.53,81.275,81.49,3797.0
2025-02-05 19:15:00+00:00,81.485,81.51,81.335,81.355,4779.0
2025-02-05 19:30:00+00:00,81.36,81.48,81.3,81.46,3909.0
2025-02-05 19:45:00+00:00,81.46,81.81,81.41,81.785,9801.0
2025-02-05 20:00:00+00:00,81.785,82.03,81.78,82.015,8254.0
2025-02-05 20:15:00+00:00,82.01,82.11,81.87,82.11,9860.0
2025-02-05 20:30:00+00:00,82.105,82.105,81.705,81.755,17720.0
2025-02-05 20:45:00+00:00,81.75,82.03,81.61,81.94,36760.0
2025-02-06 14:30:00+00:00,81.33,82.66,80.98,82.0,20695.0
2025-02-06 14:45:00+00:00,82.025,82.2,81.64,81.85,12190.0
2025-02-06 15:00:00+00:00,81.81,82.39,81.81,82.325,31661.0
2025-02-06 15:15:00+00:00,82.33,82.605,81.75,81.755,22693.0
2025-02-06 15:30:00+00:00,81.77,81.96,81.59,81.645,14521.0
2025-02-06 15:45:00+00:00,81.645,81.8,81.43,81.715,12646.0
2025-02-06 16:00:00+00:00,81.735,82.245,81.64,82.235,14210.0
2025-02-06 16:15:00+00:00,82.2,82.245,81.74,81.88,13744.0
2025-02-06 16:30:00+00:00,81.92,81.94,81.6,81.665,6053.0
2025-02-06 16:45:00+00:00,81.67,81.84,81.55,81.61,9483.0
2025-02-06 17:00:00+00:00,81.61,81.965,81.585,81.875,11929.0
2025-02-06 17:15:00+00:00,81.87,82.115,81.86,81.92,8474.0
2025-02-06 17:30:00+00:00,81.915,82.27,81.86,82.25,13931.0
2025-02-06 17:45:00+00:00,82.255,82.57,82.2,82.47,20280.0
2025-02-06 18:00:00+00:00,82.5,82.515,82.3,82.43,10663.0
2025-02-06 18:15:00+00:00,82.42,82.79,82.41,82.675,15706.0
2025-02-06 18:30:00+00:00,82.675,82.77,82.545,82.605,9230.0
2025-02-06 18:45:00+00:00,82.605,82.7,82.47,82.635,8511.0
2025-02-06 19:00:00+00:00,82.635,82.67,82.515,82.555,8728.0
2025-02-06 19:15:00+00:00,82.555,82.615,82.39,82.48,11302.0
2025-02-06 19:30:00+00:00,82.465,82.465,82.035,82.205,16526.0
2025-02-06 19:45:00+00:00,82.2,82.45,82.16,82.305,12740.0
2025-02-06 20:00:00+00:00,82.295,82.53,82.19,82.435,12486.0
2025-02-06 20:15:00+00:00,82.435,82.58,82.36,82.54,10536.0
2025-02-06 20:30:00+00:00,82.545,82.86,82.54,82.85,17006.0
2025-02-06 20:45:00+00:00,82.84,83.055,82.57,82.84,49581.0
2025-02-07 14:30:00+00:00,83.25,83.53,82.93,83.36,16077.0
2025-02-07 14:45:00+00:00,83.33,83.415,82.875,83.11,28266.0
2025-02-07 15:00:00+00:00,83.05,83.05,82.43,82.62,33429.0
2025-02-07 15:15:00+00:00,82.69,83.07,82.53,82.84,7466.0
2025-02-07 15:30:00+00:00,82.855,83.005,82.53,82.535,7020.0
2025-02-07 15:45:00+00:00,82.545,82.825,81.98,82.44,9328.0
2025-02-07 16:00:00+00:00,82.5,82.565,82.085,82.17,7680.0
2025-02-07 16:15:00+00:00,82.19,82.74,82.04,82.17,10798.0
2025-02-07 16:30:00+00:00,82.2,82.4,82.12,82.195,8725.0
2025-02-07 16:45:00+00:00,82.19,82.265,81.91,81.93,11495.0
2025-02-07 17:00:00+00:00,81.875,82.505,81.79,82.505,12823.0
2025-02-07 17:15:00+00:00,82.5,82.53,82.16,82.32,7885.0
2025-02-07 17:30:00+00:00,82.29,82.66,82.25,82.555,7669.0
2025-02-07 17:45:00+00:00,82.53,82.655,82.46,82.525,5760.0
2025-02-07 18:00:00+00:00,82.515,82.865,82.495,82.845,5945.0
2025-02-07 18:15:00+00:00,82.845,82.92,82.66,82.745,5971.0
2025-02-07 18:30:00+00:00,82.75,82.89,82.535,82.585,10770.0
2025-02-07 18:45:00+00:00,82.6,82.605,82.355,82.4,6065.0
2025-02-07 19:00:00+00:00,82.395,82.53,82.21,82.245,9142.0
2025-02-07 19:15:00+00:00,82.265,82.345,82.03,82.035,6404.0
2025-02-07 19:30:00+00:00,82.035,82.195,81.945,82.175,5132.0
2025-02-07 19:45:00+00:00,82.175,82.35,82.105,82.35,11879.0
2025-02-07 20:00:00+00:00,82.345,82.43,82.02,82.065,9010.0
2025-02-07 20:15:00+00:00,82.065,82.325,81.99,82.13,9782.0
2025-02-07 20:30:00+00:00,82.105,82.25,82.04,82.23,9283.0
2025-02-07 20:45:00+00:00,82.23,82.61,82.18,82.345,42784.0
2025-02-10 14:30:00+00:00,83.385,84.575,83.385,84.52,22779.0
2025-02-10 14:45:00+00:00,84.52,84.67,84.14,84.34,22697.0
2025-02-10 15:00:00+00:00,84.35,84.38,83.72,83.75,19350.0
2025-02-10 15:15:00+00:00,83.755,83.775,83.09,83.125,15822.0
2025-02-10 15:30:00+00:00,83.155,83.285,82.7,82.765,19503.0
2025-02-10 15:45:00+00:00,82.75,83.04,82.735,82.97,16958.0
2025-02-10 16:00:00+00:00,82.97,83.195,82.845,82.865,20489.0
2025-02-10 16:15:00+00:00,82.865,82.89,82.555,82.77,16240.0
2025-02-10 16:30:00+00:00,82.77,83.06,82.735,82.93,12167.0
2025-02-10 16:45:00+00:00,82.93,82.98,82.645,82.975,12065.0
2025-02-10 17:00:00+00:00,82.97,83.115,82.905,82.985,7190.0
2025-02-10 17:15:00+00:00,82.985,83.16,82.87,83.025,19157.0
2025-02-10 17:30:00+00:00,83.025,83.225,83.0,83.185,11722.0
2025-02-10 17:45:00+00:00,83.185,83.3,83.05,83.29,9047.0
2025-02-10 18:00:00+00:00,83.29,83.625,83.285,83.415,12489.0
2025-02-10 18:15:00+00:00,83.415,83.61,83.385,83.465,9030.0
2025-02-10 18:30:00+00:00,83.465,83.525,83.38,83.44,5336.0
2025-02-10 18:45:00+00:00,83.435,83.62,83.4,83.49,7461.0
2025-02-10 19:00:00+00:00,83.485,83.49,83.36,83.455,6457.0
2025-02-10 19:15:00+00:00,83.455,83.57,83.41,83.55,12210.0
2025-02-10 19:30:00+00:00,83.55,83.58,83.41,83.445,7597.0
2025-02-10 19:45:00+00:00,83.44,83.565,83.39,83.455,5272.0
2025-02-10 20:00:00+00:00,83.45,83.56,83.34,83.55,7407.0
2025-02-10 20:15:00+00:00,83.55,83.62,83.395,83.61,13704.0
2025-02-10 20:30:00+00:00,83.61,83.86,83.585,83.845,16485.0
2025-02-10 20:45:00+00:00,83.84,83.95,83.655,83.74,69243.0
2025-02-11 14:30:00+00:00,83.11,83.85,83.0,83.82,10063.0
2025-02-11 14:45:00+00:00,83.86,84.44,83.775,84.32,15044.0
2025-02-11 15:00:00+00:00,84.31,84.47,83.98,84.115,23246.0
2025-02-11 15:15:00+00:00,84.115,84.355,83.86,84.275,12969.0
2025-02-11 15:30:00+00:00,84.285,84.365,84.0,84.19,11160.0
2025-02-11 15:45:00+00:00,84.19,84.235,83.91,84.105,8797.0
2025-02-11 16:00:00+00:00,84.12,84.35,83.895,84.04,8842.0
2025-02-11 16:15:00+00:00,84.03,84.035,83.795,83.845,5793.0
2025-02-11 16:30:00+00:00,83.845,83.845,83.6,83.72,8183.0
2025-02-11 16:45:00+00:00,83.715,83.88,83.45,83.55,31197.0
2025-02-11 17:00:00+00:00,83.54,83.54,83.15,83.215,5766.0
2025-02-11 17:15:00+00:00,83.2,83.505,83.195,83.365,5147.0
2025-02-11 17:30:00+00:00,83.38,83.54,83.31,83.365,6363.0
2025-02-11 17:45:00+00:00,83.365,83.38,83.115,83.155,11017.0
2025-02-11 18:00:00+00:00,83.155,83.26,83.02,83.075,7383.0
2025-02-11 18:15:00+00:00,83.08,83.32,83.05,83.31,5810.0
2025-02-11 18:30:00+00:00,83.31,83.46,83.265,83.36,4666.0
2025-02-11 18:45:00+00:00,83.36,83.405,83.285,83.295,3756.0
2025-02-11 19:00:00+00:00,83.295,83.42,83.25,83.39,4125.0
2025-02-11 19:15:00+00:00,83.39,83.52,83.345,83.43,4078.0
2025-02-11 19:30:00+00:00,83.43,83.635,83.43,83.52,4116.0
2025-02-11 19:45:00+00:00,83.52,83.685,83.475,83.63,6624.0
2025-02-11 20:00:00+00:00,83.63,83.655,83.29,83.4,9655.0
2025-02-11 20:15:00+00:00,83.405,83.545,83.295,83.495,7910.0
2025-02-11 20:30:00+00:00,83.495,83.55,83.19,83.23,12223.0
2025-02-11 20:45:00+00:00,83.225,83.355,83.08,83.28,32345.0
2025-02-12 14:30:00+00:00,81.43,81.52,80.7,81.47,27535.0
2025-02-12 14:45:00+00:00,81.47,81.55,80.68,81.01,18764.0
2025-02-12 15:00:00+00:00,81.005,81.035,80.495,80.655,16844.0
2025-02-12 15:15:00+00:00,80.66,81.43,80.635,81.07,15714.0
2025-02-12 15:30:00+00:00,81.065,81.48,81.01,81.47,10923.0
2025-02-12 15:45:00+00:00,81.485,81.49,81.1,81.295,9389.0
2025-02-12 16:00:00+00:00,81.305,81.39,80.89,80.92,10627.0
2025-02-12 16:15:00+00:00,80.915,80.97,80.72,80.83,12230.0
2025-02-12 16:30:00+00:00,80.83,81.195,80.825,81.165,7811.0
2025-02-12 16:45:00+00:00,81.155,81.365,81.075,81.33,4885.0
2025-02-12 17:00:00+00:00,81.32,81.455,81.235,81.385,8886.0
2025-02-12 17:15:00+00:00,81.375,81.47,81.33,81.37,8876.0
2025-02-12 17:30:00+00:00,81.37,81.39,81.21,81.24,5634.0
2025-02-12 17:45:00+00:00,81.24,81.695,81.23,81.64,5129.0
2025-02-12 18:00:00+00:00,81.635,81.7,81.45,81.61,6743.0
2025-02-12 18:15:00+00:00,81.615,81.695,81.45,81.54,7073.0
2025-02-12 18:30:00+00:00,81.54,81.7,81.525,81.56,11628.0
2025-02-12 18:45:00+00:00,81.56,81.68,81.53,81.61,6533.0
2025-02-12 19:00:00+00:00,81.615,81.705,81.485,81.515,9590.0
2025-02-12 19:15:00+00:00,81.515,81.78,81.48,81.775,12183.0
2025-02-12 19:30:00+00:00,81.78,82.135,81.78,82.075,10709.0
2025-02-12 19:45:00+00:00,82.075,82.13,81.92,81.99,5747.0
2025-02-12 20:00:00+00:00,81.99,82.1,81.91,82.01,6152.0
2025-02-12 20:15:00+00:00,82.01,82.065,81.81,81.83,7190.0
2025-02-12 20:30:00+00:00,81.83,81.925,81.81,81.85,7637.0
2025-02-12 20:45:00+00:00,81.85,81.98,81.48,81.59,43807.0
2025-02-13 14:30:00+00:00,81.59,82.49,81.495,81.77,11168.0
2025-02-13 14:45:00+00:00,81.795,81.86,81.48,81.83,8609.0
2025-02-13 15:00:00+00:00,81.86,82.03,81.48,81.485,8642.0
2025-02-13 15:15:00+00:00,81.485,81.84,81.48,81.755,7409.0
2025-02-13 15:30:00+00:00,81.79,82.035,81.695,81.965,8574.0
2025-02-13 15:45:00+00:00,81.965,81.98,81.815,81.92,5696.0
2025-02-13 16:00:00+00:00,81.925,82.11,81.74,81.83,8246.0
2025-02-13 16:15:00+00:00,81.835,82.04,81.73,81.91,16765.0
2025-02-13 16:30:00+00:00,81.91,82.035,81.81,81.92,4947.0
2025-02-13 16:45:00+00:00,81.92,82.025,81.77,81.86,2071.0
2025-02-13 17:00:00+00:00,81.86,82.145,81.79,82.065,2876.0
2025-02-13 17:15:00+00:00,82.07,82.215,81.995,82.13,3776.0
2025-02-13 17:30:00+00:00,82.095,82.32,82.03,82.26,2355.0
2025-02-13 17:45:00+00:00,82.265,82.51,82.24,82.48,7626.0
2025-02-13 18:00:00+00:00,82.48,82.53,82.37,82.46,3830.0
2025-02-13 18:15:00+00:00,82.46,82.665,82.245,82.645,8211.0
2025-02-13 18:30:00+00:00,82.65,82.68,82.39,82.55,7488.0
2025-02-13 18:45:00+00:00,82.55,82.795,82.415,82.78,3897.0
2025-02-13 19:00:00+00:00,82.77,82.86,82.525,82.58,5834.0
2025-02-13 19:15:00+00:00,82.58,82.685,82.515,82.56,5827.0
2025-02-13 19:30:00+00:00,82.565,82.79,82.535,82.735,4742.0
2025-02-13 19:45:00+00:00,82.735,82.965,82.595,82.7,13201.0
2025-02-13 20:00:00+00:00,82.7,83.04,82.665,83.02,5933.0
2025-02-13 20:15:00+00:00,83.02,83.42,83.015,83.4,14900.0
2025-02-13 20:30:00+00:00,83.39,83.52,83.245,83.495,23490.0
2025-02-13 20:45:00+00:00,83.5,83.61,83.11,83.29,56240.0
2025-02-14 14:30:00+00:00,82.745,83.4,82.28,83.4,24027.0
2025-02-14 14:45:00+00:00,83.415,83.52,82.64,83.03,11459.0
2025-02-14 15:00:00+00:00,83.055,83.13,82.91,83.08,12050.0
2025-02-14 15:15:00+00:00,83.06,83.17,82.9,83.045,20480.0
2025-02-14 15:30:00+00:00,83.045,83.105,82.76,82.98,12308.0
2025-02-14 15:45:00+00:00,82.995,83.1,82.905,83.03,10059.0
2025-02-14 16:00:00+00:00,83.035,83.11,82.935,82.985,19641.0
2025-02-14 16:15:00+00:00,82.985,83.08,82.735,82.865,8600.0
2025-02-14 16:30:00+00:00,82.865,82.96,82.65,82.66,6103.0
2025-02-14 16:45:00+00:00,82.645,82.78,82.545,82.69,11079.0
2025-02-14 17:00:00+00:00,82.695,82.795,82.38,82.505,7600.0
2025-02-14 17:15:00+00:00,82.505,82.52,82.015,82.025,24721.0
2025-02-14 17:30:00+00:00,82.025,82.26,81.945,82.205,33232.0
2025-02-14 17:45:00+00:00,82.22,82.705,82.22,82.68,8124.0
2025-02-14 18:00:00+00:00,82.67,82.92,82.67,82.785,7921.0
2025-02-14 18:15:00+00:00,82.785,82.85,82.535,82.675,6909.0
2025-02-14 18:30:00+00:00,82.67,82.86,82.65,82.86,7883.0
2025-02-14 18:45:00+00:00,82.86,83.235,82.85,83.155,11930.0
2025-02-14 19:00:00+00:00,83.15,83.55,83.1,83.545,17524.0
2025-02-14 19:15:00+00:00,83.545,83.61,83.12,83.175,21939.0
2025-02-14 19:30:00+00:00,83.175,83.26,82.27,82.31,26471.0
2025-02-14 19:45:00+00:00,82.31,82.46,81.715,82.12,39372.0
2025-02-14 20:00:00+00:00,82.125,82.53,81.97,82.43,17142.0
2025-02-14 20:15:00+00:00,82.435,82.575,82.295,82.35,13473.0
2025-02-14 20:30:00+00:00,82.35,82.57,82.29,82.45,22846.0
2025-02-14 20:45:00+00:00,82.455,82.82,82.445,82.76,49580.0
2025-02-17 14:30:00+00:00,82.76,82.76,82.76,82.76,0.0
2025-02-17 14:45:00+00:00,82.76,82.76,82.76,82.76,0.0
2025-02-17 15:00:00+00:00,82.76,82.76,82.76,82.76,0.0
2025-02-17 15:15:00+00:00,82.76,82.76,82.76,82.76,0.0
2025-02-17 15:30:00+00:00,82.76,82.76,82.76,82.76,0.0
2025-02-17 15:45:00+00:00,82.76,82.76,82.76,82.76,0.0
2025-02-17 16:00:00+00:00,82.76,82.76,82.76,82.76,0.0
2025-02-17 16:15:00+00:00,82.76,82.76,82.76,82.76,0.0
2025-02-17 16:30:00+00:00,82.76,82.76,82.76,82.76,0.0
2025-02-17 16:45:00+00:00,82.76,82.76,82.76,82.76,0.0
2025-02-17 17:00:00+00:00,82.76,82.76,82.76,82.76,0.0
2025-02-17 17:15:00+00:00,82.76,82.76,82.76,82.76,0.0
2025-02-17 17:30:00+00:00,82.76,82.76,82.76,82.76,0.0
2025-02-17 17:45:00+00:00,82.76,82.76,82.76,82.76,0.0
2025-02-17 18:00:00+00:00,82.76,82.76,82.76,82.76,0.0
2025-02-17 18:15:00+00:00,82.76,82.76,82.76,82.76,0.0
2025-02-17 18:30:00+00:00,82.76,82.76,82.76,82.76,0.0
2025-02-17 18:45:00+00:00,82.76,82.76,82.76,82.76,0.0
2025-02-17 19:00:00+00:00,82.76,82.76,82.76,82.76,0.0
2025-02-17 19:15:00+00:00,82.76,82.76,82.76,82.76,0.0
2025-02-17 19:30:00+00:00,82.76,82.76,82.76,82.76,0.0
2025-02-17 19:45:00+00:00,82.76,82.76,82.76,82.76,0.0
2025-02-17 20:00:00+00:00,82.76,82.76,82.76,82.76,0.0
2025-02-17 20:15:00+00:00,82.76,82.76,82.76,82.76,0.0
2025-02-17 20:30:00+00:00,82.76,82.76,82.76,82.76,0.0
2025-02-17 20:45:00+00:00,82.76,82.76,82.76,82.76,0.0
2025-02-18 14:30:00+00:00,84.84,85.62,84.145,84.53,44775.0
2025-02-18 14:45:00+00:00,84.58,84.63,83.38,84.36,62147.0
2025-02-18 15:00:00+00:00,84.385,85.3,84.28,85.26,61977.0
2025-02-18 15:15:00+00:00,85.265,85.58,84.845,85.45,21283.0
2025-02-18 15:30:00+00:00,85.45,85.58,85.26,85.28,21617.0
2025-02-18 15:45:00+00:00,85.275,85.32,84.96,85.205,15331.0
2025-02-18 16:00:00+00:00,85.195,85.935,85.15,85.925,27265.0
2025-02-18 16:15:00+00:00,85.93,86.14,85.25,86.0,43379.0
2025-02-18 16:30:00+00:00,86.0,86.045,85.655,85.98,48779.0
2025-02-18 16:45:00+00:00,85.985,86.19,85.92,86.035,29924.0
2025-02-18 17:00:00+00:00,86.035,86.37,85.97,86.235,14425.0
2025-02-18 17:15:00+00:00,86.235,86.3,86.045,86.16,21716.0
2025-02-18 17:30:00+00:00,86.17,86.435,86.17,86.3,25380.0
2025-02-18 17:45:00+00:00,86.305,86.64,86.305,86.395,34447.0
2025-02-18 18:00:00+00:00,86.395,86.69,86.345,86.455,38529.0
2025-02-18 18:15:00+00:00,86.455,86.49,86.26,86.28,30178.0
2025-02-18 18:30:00+00:00,86.28,86.41,86.115,86.395,32054.0
2025-02-18 18:45:00+00:00,86.395,86.5,86.215,86.29,42218.0
2025-02-18 19:00:00+00:00,86.29,86.495,85.92,86.04,31028.0
2025-02-18 19:15:00+00:00,86.06,86.14,85.91,86.1,24918.0
2025-02-18 19:30:00+00:00,86.1,86.42,86.065,86.42,27170.0
2025-02-18 19:45:00+00:00,86.42,86.69,86.335,86.56,22884.0
2025-02-18 20:00:00+00:00,86.56,86.59,86.31,86.49,16008.0
2025-02-18 20:15:00+00:00,86.49,86.725,86.415,86.66,20525.0
2025-02-18 20:30:00+00:00,86.66,86.76,86.535,86.585,37372.0
2025-02-18 20:45:00+00:00,86.585,86.75,86.43,86.57,129770.0
2025-02-19 14:30:00+00:00,86.43,87.33,85.94,86.565,15156.0
2025-02-19 14:45:00+00:00,86.54,86.59,85.92,85.99,19158.0
2025-02-19 15:00:00+00:00,85.94,86.78,85.94,86.52,11615.0
2025-02-19 15:15:00+00:00,86.505,86.66,86.2,86.47,10812.0
2025-02-19 15:30:00+00:00,86.47,86.75,85.76,85.95,13761.0
2025-02-19 15:45:00+00:00,85.955,86.55,85.955,86.405,23938.0
2025-02-19 16:00:00+00:00,86.405,89.78,86.38,88.01,93542.0
2025-02-19 16:15:00+00:00,88.01,89.465,87.84,88.62,105703.0
2025-02-19 16:30:00+00:00,88.76,89.58,88.46,89.21,37478.0
2025-02-19 16:45:00+00:00,89.18,89.38,88.425,88.605,41473.0
2025-02-19 17:00:00+00:00,88.54,88.67,87.93,88.06,27844.0
2025-02-19 17:15:00+00:00,88.065,88.17,87.58,87.835,27889.0
2025-02-19 17:30:00+00:00,87.835,88.51,87.8,88.45,31059.0
2025-02-19 17:45:00+00:00,88.44,88.47,88.14,88.18,20466.0
2025-02-19 18:00:00+00:00,88.21,88.32,87.92,88.275,16624.0
2025-02-19 18:15:00+00:00,88.26,88.365,88.09,88.16,13571.0
2025-02-19 18:30:00+00:00,88.155,88.315,88.07,88.315,16349.0
2025-02-19 18:45:00+00:00,88.315,88.41,88.075,88.095,15308.0
2025-02-19 19:00:00+00:00,88.12,88.32,88.07,88.28,12467.0
2025-02-19 19:15:00+00:00,88.275,88.45,88.16,88.21,12111.0
2025-02-19 19:30:00+00:00,88.2,88.355,88.085,88.2,9325.0
2025-02-19 19:45:00+00:00,88.2,88.24,88.03,88.03,11820.0
2025-02-19 20:00:00+00:00,88.025,88.115,87.84,87.875,14399.0
2025-02-19 20:15:00+00:00,87.875,87.99,87.39,87.53,17975.0
2025-02-19 20:30:00+00:00,87.54,87.97,87.52,87.77,27957.0
2025-02-19 20:45:00+00:00,87.77,87.945,87.555,87.66,80980.0
2025-02-20 14:30:00+00:00,89.98,91.72,89.85,91.555,71564.0
2025-02-20 14:45:00+00:00,91.55,91.62,90.64,90.93,89525.0
2025-02-20 15:00:00+00:00,90.92,90.945,89.9,90.19,61314.0
2025-02-20 15:15:00+00:00,90.185,90.46,89.72,89.73,37294.0
2025-02-20 15:30:00+00:00,89.7,90.005,89.525,89.8,27794.0
2025-02-20 15:45:00+00:00,89.8,89.8,89.225,89.35,24560.0
2025-02-20 16:00:00+00:00,89.38,89.805,89.37,89.805,20875.0
2025-02-20 16:15:00+00:00,89.795,89.795,89.36,89.55,16765.0
2025-02-20 16:30:00+00:00,89.555,89.615,89.03,89.055,118942.0
2025-02-20 16:45:00+00:00,89.06,89.84,88.93,89.84,26124.0
2025-02-20 17:00:00+00:00,89.845,90.225,89.695,89.895,24455.0
2025-02-20 17:15:00+00:00,89.895,90.21,89.765,89.915,29163.0
2025-02-20 17:30:00+00:00,89.915,89.98,89.755,89.78,21413.0
2025-02-20 17:45:00+00:00,89.78,89.785,89.065,89.085,15366.0
2025-02-20 18:00:00+00:00,89.065,89.22,88.95,89.07,18771.0
2025-02-20 18:15:00+00:00,89.06,89.07,88.63,88.825,21841.0
2025-02-20 18:30:00+00:00,88.83,89.06,88.655,88.675,18326.0
2025-02-20 18:45:00+00:00,88.675,88.785,88.56,88.71,11977.0
2025-02-20 19:00:00+00:00,88.69,89.1,88.665,89.05,10237.0
2025-02-20 19:15:00+00:00,89.06,89.1,88.905,89.05,8487.0
2025-02-20 19:30:00+00:00,89.05,89.06,88.765,88.86,7209.0
2025-02-20 19:45:00+00:00,88.86,89.25,88.85,89.19,14217.0
2025-02-20 20:00:00+00:00,89.19,89.345,88.855,88.91,14390.0
2025-02-20 20:15:00+00:00,88.915,89.09,88.8,88.91,14064.0
2025-02-20 20:30:00+00:00,88.91,89.205,88.74,89.16,8886.0
2025-02-20 20:45:00+00:00,89.16,89.495,88.715,89.02,87512.0
2025-02-21 14:30:00+00:00,89.64,90.14,89.42,89.575,19133.0
2025-02-21 14:45:00+00:00,89.57,90.11,89.5,89.635,9193.0
2025-02-21 15:00:00+00:00,89.5,89.61,89.04,89.225,5258.0
2025-02-21 15:15:00+00:00,89.24,89.345,88.515,88.62,11597.0
2025-02-21 15:30:00+00:00,88.615,88.82,88.29,88.37,8725.0
2025-02-21 15:45:00+00:00,88.385,88.66,88.145,88.38,10001.0
2025-02-21 16:00:00+00:00,88.42,88.445,87.94,88.34,18699.0
2025-02-21 16:15:00+00:00,88.33,88.38,87.99,88.025,6736.0
2025-02-21 16:30:00+00:00,88.025,88.285,87.97,87.985,10231.0
2025-02-21 16:45:00+00:00,87.97,88.295,87.93,88.125,17791.0
2025-02-21 17:00:00+00:00,88.125,88.23,87.89,87.96,8829.0
2025-02-21 17:15:00+00:00,87.94,87.945,87.525,87.7,11893.0
2025-02-21 17:30:00+00:00,87.7,87.74,87.355,87.465,11428.0
2025-02-21 17:45:00+00:00,87.465,87.465,87.055,87.295,10641.0
2025-02-21 18:00:00+00:00,87.31,87.315,86.63,86.81,16595.0
2025-02-21 18:15:00+00:00,86.91,86.96,86.59,86.635,8150.0
2025-02-21 18:30:00+00:00,86.635,86.805,86.5,86.505,8042.0
2025-02-21 18:45:00+00:00,86.505,86.595,86.24,86.355,11541.0
2025-02-21 19:00:00+00:00,86.355,86.44,86.04,86.245,11349.0
2025-02-21 19:15:00+00:00,86.245,86.325,85.89,85.965,10860.0
2025-02-21 19:30:00+00:00,85.94,86.11,85.885,86.05,13504.0
2025-02-21 19:45:00+00:00,86.05,86.1,85.83,85.875,12760.0
2025-02-21 20:00:00+00:00,85.89,86.095,85.72,85.93,12779.0
2025-02-21 20:15:00+00:00,85.925,86.045,85.825,86.02,14777.0
2025-02-21 20:30:00+00:00,86.02,86.43,86.02,86.31,25148.0
2025-02-21 20:45:00+00:00,86.31,86.44,85.96,86.025,57273.0
2025-02-24 14:30:00+00:00,86.635,86.635,85.51,86.21,28644.0
2025-02-24 14:45:00+00:00,86.23,86.51,85.06,85.145,13137.0
2025-02-24 15:00:00+00:00,85.12,85.9,84.605,85.83,15554.0
2025-02-24 15:15:00+00:00,85.78,86.39,85.63,85.635,22835.0
2025-02-24 15:30:00+00:00,85.62,85.705,84.94,85.0,11016.0
2025-02-24 15:45:00+00:00,85.0,85.13,84.97,84.97,385.0
2025-02-24 16:00:00+00:00,84.97,85.01,84.72,84.75,6272.0
2025-02-24 16:15:00+00:00,84.75,85.545,84.75,85.425,11021.0
2025-02-24 16:30:00+00:00,85.42,85.585,84.64,84.825,13321.0
2025-02-24 16:45:00+00:00,84.85,85.06,84.77,84.855,8367.0
2025-02-24 17:00:00+00:00,84.86,85.2,84.78,84.935,6979.0
2025-02-24 17:15:00+00:00,84.935,85.28,84.91,85.015,9263.0
2025-02-24 17:30:00+00:00,85.015,85.36,85.015,85.31,6003.0
2025-02-24 17:45:00+00:00,85.32,85.485,85.285,85.29,7631.0
2025-02-24 18:00:00+00:00,85.29,85.47,85.22,85.345,6669.0
2025-02-24 18:15:00+00:00,85.345,85.49,85.09,85.1,7374.0
2025-02-24 18:30:00+00:00,85.095,85.25,84.97,85.17,4589.0
2025-02-24 18:45:00+00:00,85.19,85.28,84.95,85.025,3515.0
2025-02-24 19:00:00+00:00,85.02,85.21,84.995,85.135,4179.0
2025-02-24 19:15:00+00:00,85.135,85.17,84.925,85.02,3688.0
2025-02-24 19:30:00+00:00,85.02,85.2,84.75,84.82,6909.0
2025-02-24 19:45:00+00:00,84.84,84.85,84.62,84.66,4456.0
2025-02-24 20:00:00+00:00,84.69,84.72,84.27,84.325,14095.0
2025-02-24 20:15:00+00:00,84.33,84.395,83.88,83.93,15267.0
2025-02-24 20:30:00+00:00,83.945,84.385,83.945,84.205,18275.0
2025-02-24 20:45:00+00:00,84.205,84.255,83.215,83.34,95335.0
2025-02-25 14:30:00+00:00,83.06,83.47,82.31,83.39,19278.0
2025-02-25 14:45:00+00:00,83.415,83.67,82.87,82.87,67490.0
2025-02-25 15:00:00+00:00,82.92,83.105,82.3,82.38,20606.0
2025-02-25 15:15:00+00:00,82.34,82.44,81.66,81.84,19122.0
2025-02-25 15:30:00+00:00,81.955,82.49,81.89,82.33,12705.0
2025-02-25 15:45:00+00:00,82.29,82.46,82.11,82.18,13486.0
2025-02-25 16:00:00+00:00,82.215,82.26,81.885,81.92,11740.0
2025-02-25 16:15:00+00:00,81.94,81.97,81.54,81.635,15146.0
2025-02-25 16:30:00+00:00,81.665,81.8,81.33,81.8,20227.0
2025-02-25 16:45:00+00:00,81.8,82.17,81.75,81.97,19484.0
2025-02-25 17:00:00+00:00,81.94,81.94,81.55,81.61,44323.0
2025-02-25 17:15:00+00:00,81.6,81.68,81.18,81.495,23948.0
2025-02-25 17:30:00+00:00,81.47,81.59,81.26,81.36,19092.0
2025-02-25 17:45:00+00:00,81.36,81.51,81.18,81.415,16298.0
2025-02-25 18:00:00+00:00,81.44,81.64,81.16,81.16,37132.0
2025-02-25 18:15:00+00:00,81.16,81.31,80.98,81.0,32667.0
2025-02-25 18:30:00+00:00,81.0,81.275,80.94,81.155,30240.0
2025-02-25 18:45:00+00:00,81.155,81.22,80.88,80.94,13135.0
2025-02-25 19:00:00+00:00,80.94,81.045,80.58,80.595,13701.0
2025-02-25 19:15:00+00:00,80.6,80.8,80.515,80.775,27860.0
2025-02-25 19:30:00+00:00,80.745,81.29,80.745,81.18,16291.0
2025-02-25 19:45:00+00:00,81.17,81.265,80.91,81.1,7696.0
2025-02-25 20:00:00+00:00,81.085,81.21,80.87,81.05,15448.0
2025-02-25 20:15:00+00:00,81.05,81.35,80.985,81.01,25344.0
2025-02-25 20:30:00+00:00,81.0,81.16,80.25,80.585,62302.0
2025-02-25 20:45:00+00:00,80.585,80.81,79.92,80.355,79117.0
2025-02-26 14:30:00+00:00,81.68,82.32,81.42,82.01,19696.0
2025-02-26 14:45:00+00:00,82.06,82.47,81.9,82.085,19749.0
2025-02-26 15:00:00+00:00,82.0,82.51,81.715,82.43,22272.0
2025-02-26 15:15:00+00:00,82.42,82.48,81.82,81.93,18523.0
2025-02-26 15:30:00+00:00,81.93,82.22,81.8,82.1,15585.0
2025-02-26 15:45:00+00:00,82.11,82.375,81.935,82.37,15456.0
2025-02-26 16:00:00+00:00,82.365,82.92,82.365,82.85,19353.0
2025-02-26 16:15:00+00:00,82.83,82.935,82.54,82.55,12043.0
2025-02-26 16:30:00+00:00,82.535,82.71,82.35,82.5,11851.0
2025-02-26 16:45:00+00:00,82.5,82.56,82.225,82.27,21701.0
2025-02-26 17:00:00+00:00,82.29,82.61,82.22,82.475,17873.0
2025-02-26 17:15:00+00:00,82.48,82.62,82.33,82.55,10223.0
2025-02-26 17:30:00+00:00,82.56,82.61,82.17,82.28,8013.0
2025-02-26 17:45:00+00:00,82.275,82.32,81.715,81.8,10619.0
2025-02-26 18:00:00+00:00,81.79,81.87,81.58,81.64,10171.0
2025-02-26 18:15:00+00:00,81.64,81.67,81.205,81.21,11962.0
2025-02-26 18:30:00+00:00,81.2,81.47,81.195,81.3,11635.0
2025-02-26 18:45:00+00:00,81.295,81.375,80.94,81.08,15010.0
2025-02-26 19:00:00+00:00,81.08,81.2,80.81,80.935,14179.0
2025-02-26 19:15:00+00:00,80.935,81.13,80.845,80.93,11404.0
2025-02-26 19:30:00+00:00,80.9,81.16,80.88,81.065,10839.0
2025-02-26 19:45:00+00:00,81.065,81.17,80.84,80.86,8187.0
2025-02-26 20:00:00+00:00,80.86,80.965,80.715,80.74,23351.0
2025-02-26 20:15:00+00:00,80.74,81.02,80.655,80.97,12277.0
2025-02-26 20:30:00+00:00,80.96,81.41,80.895,81.38,13044.0
2025-02-26 20:45:00+00:00,81.375,81.545,81.235,81.335,61751.0
2025-02-27 14:30:00+00:00,81.765,82.135,80.7,80.72,21162.0
2025-02-27 14:45:00+00:00,80.87,81.09,80.205,80.205,31537.0
2025-02-27 15:00:00+00:00,80.18,80.43,79.42,80.26,27648.0
2025-02-27 15:15:00+00:00,80.23,80.75,80.18,80.505,17824.0
2025-02-27 15:30:00+00:00,80.5,80.53,79.78,80.31,18268.0
2025-02-27 15:45:00+00:00,80.195,80.42,79.65,79.78,8919.0
2025-02-27 16:00:00+00:00,79.75,79.92,79.51,79.87,19837.0
2025-02-27 16:15:00+00:00,79.87,79.98,79.69,79.765,17360.0
2025-02-27 16:30:00+00:00,79.78,79.96,79.695,79.845,5154.0
2025-02-27 16:45:00+00:00,79.86,79.955,79.575,79.61,7741.0
2025-02-27 17:00:00+00:00,79.615,79.86,79.55,79.625,6574.0
2025-02-27 17:15:00+00:00,79.635,79.745,79.32,79.7,11347.0
2025-02-27 17:30:00+00:00,79.7,79.86,79.45,79.515,13021.0
2025-02-27 17:45:00+00:00,79.52,79.7,79.485,79.615,9921.0
2025-02-27 18:00:00+00:00,79.615,79.755,79.525,79.665,15424.0
2025-02-27 18:15:00+00:00,79.675,79.76,79.55,79.685,13039.0
2025-02-27 18:30:00+00:00,79.69,79.8,79.53,79.53,14449.0
2025-02-27 18:45:00+00:00,79.54,79.735,79.455,79.455,11708.0
2025-02-27 19:00:00+00:00,79.475,79.525,79.305,79.325,90070.0
2025-02-27 19:15:00+00:00,79.325,79.45,79.07,79.105,13067.0
2025-02-27 19:30:00+00:00,79.11,79.11,78.39,78.485,14968.0
2025-02-27 19:45:00+00:00,78.55,78.83,78.46,78.5,27435.0
2025-02-27 20:00:00+00:00,78.505,78.595,77.615,77.745,19802.0
2025-02-27 20:15:00+00:00,77.72,77.835,77.02,77.08,25555.0
2025-02-27 20:30:00+00:00,77.105,77.36,76.88,76.91,43542.0
2025-02-27 20:45:00+00:00,76.9,77.01,76.115,76.2,100908.0
2025-02-28 14:30:00+00:00,76.945,77.165,75.73,76.67,21806.0
2025-02-28 14:45:00+00:00,76.66,77.2,76.35,77.2,21688.0
2025-02-28 15:00:00+00:00,77.13,77.53,76.86,77.2,14633.0
2025-02-28 15:15:00+00:00,77.145,77.84,77.04,77.84,46357.0
2025-02-28 15:30:00+00:00,77.81,78.18,76.97,77.115,64853.0
2025-02-28 15:45:00+00:00,77.115,77.28,76.825,77.145,26713.0
2025-02-28 16:00:00+00:00,77.145,77.29,76.83,77.085,29048.0
2025-02-28 16:15:00+00:00,77.145,77.145,76.465,76.545,16724.0
2025-02-28 16:30:00+00:00,76.545,76.98,76.51,76.925,20475.0
2025-02-28 16:45:00+00:00,76.925,76.96,76.685,76.735,19418.0
2025-02-28 17:00:00+00:00,76.73,76.85,76.52,76.78,9556.0
2025-02-28 17:15:00+00:00,76.775,76.94,76.465,76.74,16548.0
2025-02-28 17:30:00+00:00,76.75,76.825,76.415,76.515,28252.0
2025-02-28 17:45:00+00:00,76.515,76.585,75.985,75.99,16705.0
2025-02-28 18:00:00+00:00,75.98,76.205,75.85,75.955,89907.0
2025-02-28 18:15:00+00:00,75.955,75.975,75.39,75.975,21490.0
2025-02-28 18:30:00+00:00,76.0,76.385,75.865,76.235,18067.0
2025-02-28 18:45:00+00:00,76.285,76.3,75.56,75.56,15941.0
2025-02-28 19:00:00+00:00,75.555,75.815,75.525,75.545,17068.0
2025-02-28 19:15:00+00:00,75.525,75.865,75.49,75.8,20150.0
2025-02-28 19:30:00+00:00,75.8,76.265,75.745,76.16,23579.0
2025-02-28 19:45:00+00:00,76.17,76.355,75.965,76.125,26090.0
2025-02-28 20:00:00+00:00,76.11,76.505,76.055,76.34,16001.0
2025-02-28 20:15:00+00:00,76.34,76.56,76.075,76.5,14368.0
2025-02-28 20:30:00+00:00,76.505,76.51,75.9,76.09,33051.0
2025-02-28 20:45:00+00:00,76.09,76.86,76.01,76.73,54736.0
2025-03-03 14:30:00+00:00,77.935,78.155,76.53,76.55,33493.0
2025-03-03 14:45:00+00:00,76.67,77.47,76.61,77.12,21115.0
2025-03-03 15:00:00+00:00,77.1,77.67,76.63,77.53,24367.0
2025-03-03 15:15:00+00:00,77.44,79.335,77.285,79.335,22652.0
2025-03-03 15:30:00+00:00,79.375,79.74,78.83,79.705,31425.0
2025-03-03 15:45:00+00:00,79.705,79.755,78.895,78.945,11550.0
2025-03-03 16:00:00+00:00,79.01,79.325,78.47,78.535,8489.0
2025-03-03 16:15:00+00:00,78.55,78.885,78.25,78.64,14979.0
2025-03-03 16:30:00+00:00,78.66,78.75,77.995,78.065,7707.0
2025-03-03 16:45:00+00:00,78.02,78.71,78.02,78.515,7502.0
2025-03-03 17:00:00+00:00,78.47,78.66,78.33,78.44,7718.0
2025-03-03 17:15:00+00:00,78.435,78.58,78.345,78.56,6517.0
2025-03-03 17:30:00+00:00,78.555,78.575,78.22,78.385,5232.0
2025-03-03 17:45:00+00:00,78.385,78.385,77.815,77.845,5580.0
2025-03-03 18:00:00+00:00,77.845,77.97,77.045,77.1,8165.0
2025-03-03 18:15:00+00:00,77.1,77.42,76.92,76.925,10546.0
2025-03-03 18:30:00+00:00,76.94,77.44,76.705,77.125,26226.0
2025-03-03 18:45:00+00:00,77.125,77.725,77.095,77.47,7357.0
2025-03-03 19:00:00+00:00,77.47,77.66,77.235,77.295,4627.0
2025-03-03 19:15:00+00:00,77.31,77.33,76.985,77.015,9208.0
2025-03-03 19:30:00+00:00,77.015,77.595,77.0,77.5,6032.0
2025-03-03 19:45:00+00:00,77.5,77.5,76.475,76.475,9668.0
2025-03-03 20:00:00+00:00,76.475,76.475,75.045,75.275,33530.0
2025-03-03 20:15:00+00:00,75.275,75.475,74.535,74.74,43259.0
2025-03-03 20:30:00+00:00,74.735,75.16,74.695,74.835,45962.0
2025-03-03 20:45:00+00:00,74.845,75.835,74.845,75.79,83323.0
2025-03-04 14:30:00+00:00,76.02,76.875,74.99,75.6,27847.0
2025-03-04 14:45:00+00:00,75.635,76.47,75.36,75.365,18862.0
2025-03-04 15:00:00+00:00,75.22,75.26,74.35,74.5,17779.0
2025-03-04 15:15:00+00:00,74.53,74.845,74.09,74.62,16865.0
2025-03-04 15:30:00+00:00,74.59,75.16,74.58,74.93,9217.0
2025-03-04 15:45:00+00:00,74.86,75.33,74.805,75.33,10025.0
2025-03-04 16:00:00+00:00,75.19,75.43,74.52,75.0,13268.0
2025-03-04 16:15:00+00:00,75.055,75.19,74.3,74.45,11364.0
2025-03-04 16:30:00+00:00,74.45,75.14,74.43,75.01,18686.0
2025-03-04 16:45:00+00:00,75.0,75.875,74.95,75.575,29381.0
2025-03-04 17:00:00+00:00,75.58,76.01,75.35,75.82,11837.0
2025-03-04 17:15:00+00:00,75.8,76.65,75.74,76.465,10087.0
2025-03-04 17:30:00+00:00,76.265,76.65,76.08,76.44,10480.0
2025-03-04 17:45:00+00:00,76.5,76.69,75.92,76.025,5293.0
2025-03-04 18:00:00+00:00,76.0,76.71,75.785,76.71,5409.0
2025-03-04 18:15:00+00:00,76.61,76.61,75.95,76.03,6462.0
2025-03-04 18:30:00+00:00,76.03,76.555,75.89,76.44,9668.0
2025-03-04 18:45:00+00:00,76.465,76.875,76.335,76.715,10453.0
2025-03-04 19:00:00+00:00,76.695,77.445,76.69,77.235,27990.0
2025-03-04 19:15:00+00:00,77.255,77.855,77.095,77.375,25134.0
2025-03-04 19:30:00+00:00,77.44,77.505,77.075,77.2,9909.0
2025-03-04 19:45:00+00:00,77.2,77.615,77.13,77.565,10005.0
2025-03-04 20:00:00+00:00,77.55,78.01,77.5,78.01,18921.0
2025-03-04 20:15:00+00:00,78.0,78.475,77.8,77.985,22111.0
2025-03-04 20:30:00+00:00,78.025,78.035,77.09,77.19,17021.0
2025-03-04 20:45:00+00:00,77.345,77.37,76.11,76.47,40689.0
2025-03-05 14:30:00+00:00,76.785,76.885,75.56,76.42,14582.0
2025-03-05 14:45:00+00:00,76.39,76.44,75.77,75.925,15469.0
2025-03-05 15:00:00+00:00,76.16,77.39,76.16,76.54,23568.0
2025-03-05 15:15:00+00:00,76.53,76.77,76.06,76.76,17641.0
2025-03-05 15:30:00+00:00,76.795,77.33,76.65,77.235,13995.0
2025-03-05 15:45:00+00:00,77.22,77.45,76.95,77.145,19760.0
2025-03-05 16:00:00+00:00,77.11,77.11,76.66,76.89,20553.0
2025-03-05 16:15:00+00:00,76.89,77.22,76.815,77.075,20513.0
2025-03-05 16:30:00+00:00,77.06,77.085,76.35,76.45,14292.0
2025-03-05 16:45:00+00:00,76.46,76.94,76.22,76.81,9997.0
2025-03-05 17:00:00+00:00,76.81,77.4,76.8,77.2,14378.0
2025-03-05 17:15:00+00:00,77.25,77.7,77.22,77.69,15584.0
2025-03-05 17:30:00+00:00,77.7,77.875,77.56,77.56,15276.0
2025-03-05 17:45:00+00:00,77.565,77.88,77.22,77.815,13488.0
2025-03-05 18:00:00+00:00,77.81,78.005,77.37,77.445,18138.0
2025-03-05 18:15:00+00:00,77.44,77.63,77.32,77.525,7652.0
2025-03-05 18:30:00+00:00,77.53,77.59,77.295,77.37,10123.0
2025-03-05 18:45:00+00:00,77.37,77.9,77.37,77.83,10566.0
2025-03-05 19:00:00+00:00,77.79,78.315,77.7,78.22,14348.0
2025-03-05 19:15:00+00:00,78.235,78.44,77.97,78.3,15695.0
2025-03-05 19:30:00+00:00,78.29,78.595,78.075,78.31,35819.0
2025-03-05 19:45:00+00:00,78.31,78.765,78.26,78.595,14612.0
2025-03-05 20:00:00+00:00,78.58,79.11,78.515,79.055,16728.0
2025-03-05 20:15:00+00:00,79.055,79.135,78.605,79.025,27525.0
2025-03-05 20:30:00+00:00,78.975,79.405,78.81,79.295,28287.0
2025-03-05 20:45:00+00:00,79.265,79.31,78.755,79.065,41649.0
2025-03-06 14:30:00+00:00,76.78,77.635,76.53,77.18,21464.0
2025-03-06 14:45:00+00:00,77.25,77.795,77.25,77.28,7200.0
2025-03-06 15:00:00+00:00,77.235,77.95,77.02,77.78,12177.0
2025-03-06 15:15:00+00:00,77.77,78.44,77.75,78.345,14575.0
2025-03-06 15:30:00+00:00,78.345,78.475,78.06,78.42,10817.0
2025-03-06 15:45:00+00:00,78.365,78.555,77.83,78.015,12482.0
2025-03-06 16:00:00+00:00,78.05,78.395,77.89,78.11,12748.0
2025-03-06 16:15:00+00:00,78.13,78.17,77.435,77.8,9244.0
2025-03-06 16:30:00+00:00,77.8,77.92,77.22,77.29,9016.0
2025-03-06 16:45:00+00:00,77.31,77.37,76.99,77.05,9041.0
2025-03-06 17:00:00+00:00,77.05,77.075,76.53,76.65,9782.0
2025-03-06 17:15:00+00:00,76.665,76.985,76.485,76.575,6142.0
2025-03-06 17:30:00+00:00,76.575,76.86,76.25,76.325,10766.0
2025-03-06 17:45:00+00:00,76.31,76.585,75.86,76.445,14460.0
2025-03-06 18:00:00+00:00,76.485,76.78,76.43,76.775,5263.0
2025-03-06 18:15:00+00:00,76.775,77.095,76.745,76.765,10628.0
2025-03-06 18:30:00+00:00,76.765,76.94,76.125,76.2,6540.0
2025-03-06 18:45:00+00:00,76.2,76.545,76.115,76.44,7286.0
2025-03-06 19:00:00+00:00,76.42,76.525,76.14,76.3,7860.0
2025-03-06 19:15:00+00:00,76.28,76.37,75.915,76.125,12417.0
2025-03-06 19:30:00+00:00,76.07,76.205,75.94,76.17,9671.0
2025-03-06 19:45:00+00:00,76.17,77.25,76.155,76.36,10377.0
2025-03-06 20:00:00+00:00,76.31,77.075,76.245,76.955,13961.0
2025-03-06 20:15:00+00:00,76.95,77.05,76.295,76.725,45609.0
2025-03-06 20:30:00+00:00,76.73,76.895,76.465,76.52,38422.0
2025-03-06 20:45:00+00:00,76.53,76.78,76.36,76.475,71463.0
2025-03-07 14:30:00+00:00,76.69,77.64,76.61,77.31,29308.0
2025-03-07 14:45:00+00:00,77.425,77.55,76.98,77.07,14670.0
2025-03-07 15:00:00+00:00,77.04,77.47,76.745,76.975,6228.0
2025-03-07 15:15:00+00:00,76.94,77.44,76.75,77.06,6834.0
2025-03-07 15:30:00+00:00,77.02,77.02,76.12,76.7,11123.0
2025-03-07 15:45:00+00:00,76.58,77.525,76.58,77.265,21552.0
2025-03-07 16:00:00+00:00,77.22,77.33,77.04,77.135,38256.0
2025-03-07 16:15:00+00:00,77.135,77.205,76.43,76.475,25488.0
2025-03-07 16:30:00+00:00,76.495,76.535,75.97,76.28,16596.0
2025-03-07 16:45:00+00:00,76.28,76.48,75.905,76.06,22778.0
2025-03-07 17:00:00+00:00,76.085,76.33,75.495,75.76,17849.0
2025-03-07 17:15:00+00:00,75.73,75.88,75.36,75.83,13328.0
2025-03-07 17:30:00+00:00,75.775,77.075,75.72,77.03,12261.0
2025-03-07 17:45:00+00:00,77.05,77.39,76.33,76.54,14036.0
2025-03-07 18:00:00+00:00,76.57,77.52,76.51,77.18,9534.0
2025-03-07 18:15:00+00:00,77.195,77.22,76.93,77.06,5522.0
2025-03-07 18:30:00+00:00,77.08,77.705,76.97,77.53,8045.0
2025-03-07 18:45:00+00:00,77.525,78.005,77.5,77.91,13911.0
2025-03-07 19:00:00+00:00,77.905,78.24,77.765,78.19,10305.0
2025-03-07 19:15:00+00:00,78.2,78.705,78.0,78.65,12247.0
2025-03-07 19:30:00+00:00,78.67,78.89,78.47,78.565,13355.0
2025-03-07 19:45:00+00:00,78.605,78.615,78.18,78.255,15078.0
2025-03-07 20:00:00+00:00,78.22,78.75,78.16,78.6,13083.0
2025-03-07 20:15:00+00:00,78.565,78.985,78.39,78.825,13779.0
2025-03-07 20:30:00+00:00,78.81,78.99,78.33,78.655,34976.0
2025-03-07 20:45:00+00:00,78.62,79.48,78.6,79.0,70764.0
2025-03-10 13:30:00+00:00,76.88,77.37,76.53,77.2,30549.0
2025-03-10 13:45:00+00:00,77.27,77.28,76.56,76.905,13543.0
2025-03-10 14:00:00+00:00,76.82,76.82,76.12,76.415,51154.0
2025-03-10 14:15:00+00:00,76.39,76.515,76.05,76.2,19176.0
2025-03-10 14:30:00+00:00,76.11,76.225,75.745,76.05,78303.0
2025-03-10 14:45:00+00:00,76.035,76.14,75.31,75.58,13328.0
2025-03-10 15:00:00+00:00,75.655,75.81,75.53,75.55,4504.0
2025-03-10 15:15:00+00:00,75.55,75.55,75.55,75.55,0.0
2025-03-10 15:30:00+00:00,75.55,75.55,75.55,75.55,0.0
2025-03-10 15:45:00+00:00,75.55,75.55,75.55,75.55,0.0
2025-03-10 16:00:00+00:00,75.55,75.55,75.55,75.55,0.0
2025-03-10 16:15:00+00:00,75.55,75.55,75.55,75.55,0.0
2025-03-10 16:30:00+00:00,75.55,75.55,75.55,75.55,0.0
2025-03-10 16:45:00+00:00,75.55,75.55,75.55,75.55,0.0
2025-03-10 17:00:00+00:00,75.55,75.55,73.975,74.145,4347.0
2025-03-10 17:15:00+00:00,74.145,74.57,74.095,74.42,10745.0
2025-03-10 17:30:00+00:00,74.44,74.575,73.935,73.95,15958.0
2025-03-10 17:45:00+00:00,73.945,74.025,73.72,73.825,17662.0
2025-03-10 18:00:00+00:00,73.815,74.115,73.685,73.92,14658.0
2025-03-10 18:15:00+00:00,73.915,74.055,73.465,73.535,29710.0
2025-03-10 18:30:00+00:00,73.56,73.765,73.315,73.435,14432.0
2025-03-10 18:45:00+00:00,73.435,73.45,73.025,73.07,14943.0
2025-03-10 19:00:00+00:00,73.03,73.22,72.695,73.1,20942.0
2025-03-10 19:15:00+00:00,73.095,74.07,73.055,73.655,32876.0
2025-03-10 19:30:00+00:00,73.635,74.355,73.485,73.485,38649.0
2025-03-10 19:45:00+00:00,73.505,73.97,73.36,73.815,53413.0
2025-03-11 13:30:00+00:00,74.1,74.17,73.41,73.63,37631.0
2025-03-11 13:45:00+00:00,73.57,74.15,73.475,73.77,12497.0
2025-03-11 14:00:00+00:00,73.6,74.24,73.17,73.61,13498.0
2025-03-11 14:15:00+00:00,73.71,73.97,72.875,72.955,13026.0
2025-03-11 14:30:00+00:00,72.98,73.335,72.5,72.97,16960.0
2025-03-11 14:45:00+00:00,72.93,73.06,72.52,72.74,51570.0
2025-03-11 15:00:00+00:00,72.645,73.295,72.5,73.1,15218.0
2025-03-11 15:15:00+00:00,73.14,73.295,72.64,72.64,17988.0
2025-03-11 15:30:00+00:00,72.69,73.455,72.64,73.25,11679.0
2025-03-11 15:45:00+00:00,73.23,73.63,72.98,73.06,32918.0
2025-03-11 16:00:00+00:00,72.99,73.33,72.76,72.795,8107.0
2025-03-11 16:15:00+00:00,72.79,73.25,72.79,73.1,13307.0
2025-03-11 16:30:00+00:00,73.14,73.34,72.94,73.05,11509.0
2025-03-11 16:45:00+00:00,73.07,73.2,72.735,72.87,4005.0
2025-03-11 17:00:00+00:00,72.835,72.875,72.58,72.69,6083.0
2025-03-11 17:15:00+00:00,72.695,72.865,72.44,72.495,7457.0
2025-03-11 17:30:00+00:00,72.48,73.085,72.45,73.08,8095.0
2025-03-11 17:45:00+00:00,73.08,73.5,73.005,73.32,7202.0
2025-03-11 18:00:00+00:00,73.295,74.22,73.28,74.22,13090.0
2025-03-11 18:15:00+00:00,74.22,74.49,74.05,74.35,12399.0
2025-03-11 18:30:00+00:00,74.355,75.09,74.18,75.03,16069.0
2025-03-11 18:45:00+00:00,75.13,75.39,74.995,75.05,15197.0
2025-03-11 19:00:00+00:00,75.06,75.11,74.35,74.42,14991.0
2025-03-11 19:15:00+00:00,74.415,74.51,74.01,74.045,18451.0
2025-03-11 19:30:00+00:00,74.045,74.145,73.76,73.885,15250.0
2025-03-11 19:45:00+00:00,73.875,74.0,73.405,73.425,39026.0
2025-03-12 13:30:00+00:00,75.235,76.54,75.23,76.3,21335.0
2025-03-12 13:45:00+00:00,76.395,76.545,75.73,76.12,16594.0
2025-03-12 14:00:00+00:00,76.09,76.705,75.87,76.2,20092.0
2025-03-12 14:15:00+00:00,76.205,76.42,75.86,76.2,17192.0
2025-03-12 14:30:00+00:00,76.1,76.1,75.415,75.58,12289.0
2025-03-12 14:45:00+00:00,75.58,75.715,75.33,75.36,18422.0
2025-03-12 15:00:00+00:00,75.36,75.63,75.235,75.505,13072.0
2025-03-12 15:15:00+00:00,75.505,76.015,75.45,75.875,14485.0
2025-03-12 15:30:00+00:00,75.905,76.085,75.72,75.965,10413.0
2025-03-12 15:45:00+00:00,75.975,76.09,75.72,76.005,15203.0
2025-03-12 16:00:00+00:00,75.98,76.24,75.775,76.195,31841.0
2025-03-12 16:15:00+00:00,76.2,76.735,76.11,76.645,17241.0
2025-03-12 16:30:00+00:00,76.685,76.98,76.535,76.555,8235.0
2025-03-12 16:45:00+00:00,76.605,77.19,76.59,76.855,11501.0
2025-03-12 17:00:00+00:00,76.885,77.35,76.795,77.325,11472.0
2025-03-12 17:15:00+00:00,77.315,77.645,77.2,77.325,21661.0
2025-03-12 17:30:00+00:00,77.305,77.39,76.82,76.845,13659.0
2025-03-12 17:45:00+00:00,76.825,76.92,76.18,76.18,9057.0
2025-03-12 18:00:00+00:00,76.2,76.545,76.16,76.44,8809.0
2025-03-12 18:15:00+00:00,76.445,76.88,76.43,76.865,6187.0
2025-03-12 18:30:00+00:00,76.88,77.07,76.865,77.01,7222.0
2025-03-12 18:45:00+00:00,77.005,77.05,76.7,76.865,9842.0
2025-03-12 19:00:00+00:00,76.86,76.885,76.54,76.805,9583.0
2025-03-12 19:15:00+00:00,76.805,76.885,76.455,76.59,8866.0
2025-03-12 19:30:00+00:00,76.595,76.685,76.05,76.13,17970.0
2025-03-12 19:45:00+00:00,76.125,76.7,76.01,76.585,64962.0
2025-03-13 13:30:00+00:00,75.91,77.2,75.85,76.84,16767.0
2025-03-13 13:45:00+00:00,76.85,77.115,75.885,76.0,7286.0
2025-03-13 14:00:00+00:00,75.95,77.08,75.64,77.065,7730.0
2025-03-13 14:15:00+00:00,77.085,77.22,76.61,76.69,17223.0
2025-03-13 14:30:00+00:00,76.72,76.9,76.245,76.375,5484.0
2025-03-13 14:45:00+00:00,76.365,76.545,76.16,76.225,9926.0
2025-03-13 15:00:00+00:00,76.22,76.42,75.73,75.75,10056.0
2025-03-13 15:15:00+00:00,75.75,75.835,75.43,75.46,22843.0
2025-03-13 15:30:00+00:00,75.44,75.78,75.265,75.74,15003.0
2025-03-13 15:45:00+00:00,75.68,75.8,75.465,75.555,15851.0
2025-03-13 16:00:00+00:00,75.555,75.695,75.295,75.325,7012.0
2025-03-13 16:15:00+00:00,75.33,75.57,75.17,75.485,8209.0
2025-03-13 16:30:00+00:00,75.44,76.005,75.415,75.685,10425.0
2025-03-13 16:45:00+00:00,75.685,75.755,75.24,75.495,5904.0
2025-03-13 17:00:00+00:00,75.495,75.675,75.175,75.215,4072.0
2025-03-13 17:15:00+00:00,75.22,75.22,74.695,74.905,8495.0
2025-03-13 17:30:00+00:00,74.86,74.94,74.545,74.64,4304.0
2025-03-13 17:45:00+00:00,74.635,74.945,74.595,74.83,4420.0
2025-03-13 18:00:00+00:00,74.825,75.79,74.815,75.765,4416.0
2025-03-13 18:15:00+00:00,75.765,76.0,75.62,75.96,6399.0
2025-03-13 18:30:00+00:00,75.97,75.975,75.74,75.905,6468.0
2025-03-13 18:45:00+00:00,75.92,76.14,75.805,76.115,10197.0
2025-03-13 19:00:00+00:00,76.07,76.24,75.685,75.91,3575.0
2025-03-13 19:15:00+00:00,75.92,75.93,75.41,75.495,8370.0
2025-03-13 19:30:00+00:00,75.51,75.58,75.09,75.27,16436.0
2025-03-13 19:45:00+00:00,75.255,75.39,74.9,75.295,68029.0
2025-03-14 13:30:00+00:00,76.83,78.19,76.625,77.89,24932.0
2025-03-14 13:45:00+00:00,77.87,78.385,77.78,78.08,18100.0
2025-03-14 14:00:00+00:00,77.97,78.29,77.53,77.58,34042.0
2025-03-14 14:15:00+00:00,77.575,77.9,77.365,77.5,16034.0
2025-03-14 14:30:00+00:00,77.56,77.885,77.355,77.66,9836.0
2025-03-14 14:45:00+00:00,77.7,78.145,77.65,78.12,12535.0
2025-03-14 15:00:00+00:00,78.14,78.445,78.1,78.19,17297.0
2025-03-14 15:15:00+00:00,78.2,78.56,78.155,78.295,27082.0
2025-03-14 15:30:00+00:00,78.295,78.82,78.295,78.745,14601.0
2025-03-14 15:45:00+00:00,78.745,78.78,78.49,78.6,18568.0
2025-03-14 16:00:00+00:00,78.595,78.77,78.415,78.475,8414.0
2025-03-14 16:15:00+00:00,78.475,78.595,78.34,78.515,9762.0
2025-03-14 16:30:00+00:00,78.515,78.99,78.455,78.965,13002.0
2025-03-14 16:45:00+00:00,78.96,79.08,78.84,78.84,16399.0
2025-03-14 17:00:00+00:00,78.81,78.94,78.665,78.71,9844.0
2025-03-14 17:15:00+00:00,78.735,78.805,78.51,78.55,9634.0
2025-03-14 17:30:00+00:00,78.55,78.585,78.37,78.395,4118.0
2025-03-14 17:45:00+00:00,78.395,78.57,78.31,78.325,7291.0
2025-03-14 18:00:00+00:00,78.325,78.425,78.265,78.305,8179.0
2025-03-14 18:15:00+00:00,78.305,78.545,78.25,78.455,7250.0
2025-03-14 18:30:00+00:00,78.455,78.625,78.42,78.55,8151.0
2025-03-14 18:45:00+00:00,78.565,78.61,78.355,78.49,7970.0
2025-03-14 19:00:00+00:00,78.47,78.79,78.44,78.755,9419.0
2025-03-14 19:15:00+00:00,78.76,78.77,78.5,78.53,8311.0
2025-03-14 19:30:00+00:00,78.53,78.565,78.185,78.28,8743.0
2025-03-14 19:45:00+00:00,78.28,78.9,78.24,78.785,33603.0
2025-03-17 13:30:00+00:00,77.11,78.44,77.02,78.06,28219.0
2025-03-17 13:45:00+00:00,78.18,78.5,77.97,78.02,11407.0
2025-03-17 14:00:00+00:00,77.95,78.31,77.875,78.055,9013.0
2025-03-17 14:15:00+00:00,78.07,78.245,77.68,77.685,6582.0
2025-03-17 14:30:00+00:00,77.685,77.96,77.465,77.925,6220.0
2025-03-17 14:45:00+00:00,77.925,77.925,77.415,77.565,9246.0
2025-03-17 15:00:00+00:00,77.565,77.925,77.355,77.89,13070.0
2025-03-17 15:15:00+00:00,77.95,78.29,77.895,78.075,19491.0
2025-03-17 15:30:00+00:00,78.075,78.12,77.745,78.115,10350.0
2025-03-17 15:45:00+00:00,78.115,78.395,78.09,78.26,6626.0
2025-03-17 16:00:00+00:00,78.255,78.6,78.145,78.52,5165.0
2025-03-17 16:15:00+00:00,78.52,78.52,77.92,77.97,10467.0
2025-03-17 16:30:00+00:00,77.975,78.05,77.725,77.825,6052.0
2025-03-17 16:45:00+00:00,77.82,78.1,77.72,77.965,1913.0
2025-03-17 17:00:00+00:00,77.965,78.04,77.85,77.975,5604.0
2025-03-17 17:15:00+00:00,77.975,78.335,77.92,78.22,4682.0
2025-03-17 17:30:00+00:00,78.22,78.635,78.19,78.585,4954.0
2025-03-17 17:45:00+00:00,78.595,78.65,78.445,78.46,4366.0
2025-03-17 18:00:00+00:00,78.46,78.75,78.34,78.695,9131.0
2025-03-17 18:15:00+00:00,78.695,78.85,78.575,78.795,8152.0
2025-03-17 18:30:00+00:00,78.795,78.965,78.75,78.915,15824.0
2025-03-17 18:45:00+00:00,78.915,79.15,78.91,78.94,11542.0
2025-03-17 19:00:00+00:00,78.935,78.995,78.73,78.95,7177.0
2025-03-17 19:15:00+00:00,78.95,78.965,78.705,78.82,10994.0
2025-03-17 19:30:00+00:00,78.82,78.88,78.58,78.655,14061.0
2025-03-17 19:45:00+00:00,78.655,78.76,78.28,78.305,45380.0
2025-03-18 13:30:00+00:00,77.58,77.84,76.87,77.0,12251.0
2025-03-18 13:45:00+00:00,76.95,77.155,76.66,76.84,10201.0
2025-03-18 14:00:00+00:00,76.76,77.34,76.67,77.03,10275.0
2025-03-18 14:15:00+00:00,77.06,77.31,77.01,77.215,34066.0
2025-03-18 14:30:00+00:00,77.2,77.36,76.88,76.89,24828.0
2025-03-18 14:45:00+00:00,76.86,77.09,76.76,77.03,9270.0
2025-03-18 15:00:00+00:00,77.045,77.05,76.435,76.685,9861.0
2025-03-18 15:15:00+00:00,76.655,76.84,76.59,76.595,43235.0
2025-03-18 15:30:00+00:00,76.625,76.705,76.45,76.5,9190.0
2025-03-18 15:45:00+00:00,76.505,76.575,76.165,76.345,8274.0
2025-03-18 16:00:00+00:00,76.33,76.75,76.295,76.73,7862.0
2025-03-18 16:15:00+00:00,76.76,77.14,76.73,77.14,4037.0
2025-03-18 16:30:00+00:00,77.135,77.365,77.01,77.025,5990.0
2025-03-18 16:45:00+00:00,77.025,77.315,76.965,77.205,8415.0
2025-03-18 17:00:00+00:00,77.205,77.455,77.1,77.41,9970.0
2025-03-18 17:15:00+00:00,77.41,77.43,77.04,77.24,11733.0
2025-03-18 17:30:00+00:00,77.235,77.48,77.125,77.375,5307.0
2025-03-18 17:45:00+00:00,77.385,77.57,77.345,77.415,3313.0
2025-03-18 18:00:00+00:00,77.42,77.455,77.085,77.105,4185.0
2025-03-18 18:15:00+00:00,77.105,77.37,77.09,77.235,7675.0
2025-03-18 18:30:00+00:00,77.235,77.39,77.13,77.16,6536.0
2025-03-18 18:45:00+00:00,77.16,77.535,77.14,77.39,13807.0
2025-03-18 19:00:00+00:00,77.39,77.56,77.195,77.345,4079.0
2025-03-18 19:15:00+00:00,77.33,77.35,77.04,77.1,15827.0
2025-03-18 19:30:00+00:00,77.14,77.22,76.935,77.175,29651.0
2025-03-18 19:45:00+00:00,77.175,77.53,77.07,77.31,29839.0
2025-03-19 13:30:00+00:00,77.375,77.735,76.93,76.945,5402.0
2025-03-19 13:45:00+00:00,77.01,77.74,76.93,77.61,5866.0
2025-03-19 14:00:00+00:00,77.7,78.06,77.52,77.935,7560.0
2025-03-19 14:15:00+00:00,77.915,78.06,77.805,77.895,2788.0
2025-03-19 14:30:00+00:00,77.92,78.0,77.76,77.84,2219.0
2025-03-19 14:45:00+00:00,77.825,77.825,77.58,77.59,3052.0
2025-03-19 15:00:00+00:00,77.57,77.91,77.53,77.825,3024.0
2025-03-19 15:15:00+00:00,77.83,78.005,77.68,77.97,4009.0
2025-03-19 15:30:00+00:00,77.97,78.155,77.945,78.145,4480.0
2025-03-19 15:45:00+00:00,78.17,78.51,78.135,78.42,6770.0
2025-03-19 16:00:00+00:00,78.395,78.505,78.205,78.22,6058.0
2025-03-19 16:15:00+00:00,78.22,78.37,78.125,78.355,6369.0
2025-03-19 16:30:00+00:00,78.35,78.365,78.12,78.155,5733.0
2025-03-19 16:45:00+00:00,78.155,78.29,78.07,78.155,11502.0
2025-03-19 17:00:00+00:00,78.155,78.25,77.865,77.895,6285.0
2025-03-19 17:15:00+00:00,77.895,77.91,77.75,77.755,6924.0
2025-03-19 17:30:00+00:00,77.755,77.94,77.645,77.815,4327.0
2025-03-19 17:45:00+00:00,77.815,77.83,77.53,77.67,4949.0
2025-03-19 18:00:00+00:00,77.54,78.23,77.49,77.99,3955.0
2025-03-19 18:15:00+00:00,78.03,78.215,77.885,77.915,2598.0
2025-03-19 18:30:00+00:00,77.925,78.485,77.925,78.47,5977.0
2025-03-19 18:45:00+00:00,78.47,78.75,78.245,78.72,4910.0
2025-03-19 19:00:00+00:00,78.695,79.485,78.695,79.255,5310.0
2025-03-19 19:15:00+00:00,79.25,79.3,78.085,78.2,15851.0
2025-03-19 19:30:00+00:00,78.09,78.56,78.01,78.525,11672.0
2025-03-19 19:45:00+00:00,78.53,78.595,77.85,77.88,33415.0
2025-03-20 13:30:00+00:00,76.61,77.42,76.56,77.29,11059.0
2025-03-20 13:45:00+00:00,77.3,77.625,77.17,77.21,23252.0
2025-03-20 14:00:00+00:00,77.215,77.42,77.075,77.22,29752.0
2025-03-20 14:15:00+00:00,77.245,77.68,77.135,77.595,19299.0
2025-03-20 14:30:00+00:00,77.595,77.68,77.185,77.64,8564.0
2025-03-20 14:45:00+00:00,77.655,77.75,77.575,77.67,14351.0
2025-03-20 15:00:00+00:00,77.67,77.985,77.48,77.83,7554.0
2025-03-20 15:15:00+00:00,77.83,77.95,77.66,77.83,9366.0
2025-03-20 15:30:00+00:00,77.83,77.83,77.525,77.655,7182.0
2025-03-20 15:45:00+00:00,77.655,77.965,77.605,77.69,10442.0
2025-03-20 16:00:00+00:00,77.67,77.96,77.44,77.605,9023.0
2025-03-20 16:15:00+00:00,77.63,77.66,77.14,77.19,8303.0
2025-03-20 16:30:00+00:00,77.19,77.325,77.07,77.11,6957.0
2025-03-20 16:45:00+00:00,77.11,77.22,77.04,77.165,5963.0
2025-03-20 17:00:00+00:00,77.165,77.535,77.165,77.495,11969.0
2025-03-20 17:15:00+00:00,77.495,77.5,77.02,77.035,16324.0
2025-03-20 17:30:00+00:00,77.035,77.375,77.01,77.29,6365.0
2025-03-20 17:45:00+00:00,77.29,77.44,77.12,77.2,5842.0
2025-03-20 18:00:00+00:00,77.195,77.49,77.195,77.385,8023.0
2025-03-20 18:15:00+00:00,77.385,77.445,77.2,77.22,6554.0
2025-03-20 18:30:00+00:00,77.22,77.49,77.19,77.33,2925.0
2025-03-20 18:45:00+00:00,77.335,77.58,77.165,77.185,2930.0
2025-03-20 19:00:00+00:00,77.185,77.58,77.17,77.47,3533.0
2025-03-20 19:15:00+00:00,77.47,77.65,77.365,77.41,4395.0
2025-03-20 19:30:00+00:00,77.44,77.815,77.435,77.8,9965.0
2025-03-20 19:45:00+00:00,77.805,78.035,77.53,77.55,38886.0
2025-03-21 13:30:00+00:00,75.855,76.19,75.29,75.67,15476.0
2025-03-21 13:45:00+00:00,75.72,76.14,75.64,75.86,6885.0
2025-03-21 14:00:00+00:00,75.785,76.145,75.765,76.03,8167.0
2025-03-21 14:15:00+00:00,76.025,76.335,76.02,76.285,10886.0
2025-03-21 14:30:00+00:00,76.295,76.295,75.935,76.005,10924.0
2025-03-21 14:45:00+00:00,76.025,76.145,75.865,76.08,3627.0
2025-03-21 15:00:00+00:00,76.095,76.21,75.67,75.67,4415.0
2025-03-21 15:15:00+00:00,75.67,75.675,75.425,75.49,6651.0
2025-03-21 15:30:00+00:00,75.495,75.675,75.39,75.39,7373.0
2025-03-21 15:45:00+00:00,75.385,75.64,75.38,75.515,5586.0
2025-03-21 16:00:00+00:00,75.5,75.92,75.4,75.89,10910.0
2025-03-21 16:15:00+00:00,75.89,76.29,75.88,76.22,6914.0
2025-03-21 16:30:00+00:00,76.22,76.33,75.915,75.965,6632.0
2025-03-21 16:45:00+00:00,75.97,76.265,75.97,76.225,10380.0
2025-03-21 17:00:00+00:00,76.225,76.35,76.085,76.245,8337.0
2025-03-21 17:15:00+00:00,76.235,76.285,76.04,76.065,3178.0
2025-03-21 17:30:00+00:00,76.065,76.285,76.01,76.225,3885.0
2025-03-21 17:45:00+00:00,76.235,76.34,76.155,76.155,2421.0
2025-03-21 18:00:00+00:00,76.155,76.22,76.065,76.14,4750.0
2025-03-21 18:15:00+00:00,76.14,76.205,75.885,75.915,6470.0
2025-03-21 18:30:00+00:00,75.915,76.155,75.915,76.125,25218.0
2025-03-21 18:45:00+00:00,76.095,76.11,75.795,75.86,15688.0
2025-03-21 19:00:00+00:00,75.86,75.95,75.62,75.725,13903.0
2025-03-21 19:15:00+00:00,75.725,75.97,75.67,75.905,15951.0
2025-03-21 19:30:00+00:00,75.905,76.26,75.755,76.165,23097.0
2025-03-21 19:45:00+00:00,76.165,76.26,75.325,75.84,58494.0
2025-03-24 13:30:00+00:00,77.57,78.13,77.42,77.78,16057.0
2025-03-24 13:45:00+00:00,77.78,78.02,77.74,77.92,8977.0
2025-03-24 14:00:00+00:00,77.935,78.295,77.895,78.26,9548.0
2025-03-24 14:15:00+00:00,78.26,78.55,78.175,78.44,14341.0
2025-03-24 14:30:00+00:00,78.44,78.57,78.25,78.34,11000.0
2025-03-24 14:45:00+00:00,78.34,78.675,78.27,78.53,10560.0
2025-03-24 15:00:00+00:00,78.53,78.775,78.405,78.71,13663.0
2025-03-24 15:15:00+00:00,78.715,78.725,78.44,78.515,9941.0
2025-03-24 15:30:00+00:00,78.515,78.55,78.28,78.375,5199.0
2025-03-24 15:45:00+00:00,78.375,78.52,78.3,78.41,7145.0
2025-03-24 16:00:00+00:00,78.41,78.6,78.335,78.5,6527.0
2025-03-24 16:15:00+00:00,78.5,78.5,78.2,78.205,10469.0
2025-03-24 16:30:00+00:00,78.215,78.33,77.99,78.095,4634.0
2025-03-24 16:45:00+00:00,78.095,78.285,78.07,78.245,3379.0
2025-03-24 17:00:00+00:00,78.245,78.37,78.025,78.025,4514.0
2025-03-24 17:15:00+00:00,78.03,78.1,77.92,78.035,6982.0
2025-03-24 17:30:00+00:00,78.035,78.105,77.885,77.95,4124.0
2025-03-24 17:45:00+00:00,77.955,78.06,77.925,78.005,3289.0
2025-03-24 18:00:00+00:00,78.005,78.015,77.765,77.82,5015.0
2025-03-24 18:15:00+00:00,77.82,77.875,77.78,77.845,6040.0
2025-03-24 18:30:00+00:00,77.845,78.165,77.71,78.105,9949.0
2025-03-24 18:45:00+00:00,78.105,78.175,77.97,78.12,3783.0
2025-03-24 19:00:00+00:00,78.145,78.36,78.1,78.305,6110.0
2025-03-24 19:15:00+00:00,78.305,78.4,78.205,78.24,7161.0
2025-03-24 19:30:00+00:00,78.24,78.29,78.045,78.15,14993.0
2025-03-24 19:45:00+00:00,78.15,78.31,78.04,78.08,33034.0
2025-03-25 13:30:00+00:00,77.81,78.17,77.46,77.91,13136.0
2025-03-25 13:45:00+00:00,77.94,78.1,77.65,77.73,16827.0
2025-03-25 14:00:00+00:00,77.795,77.795,77.45,77.7,3927.0
2025-03-25 14:15:00+00:00,77.69,78.06,77.6,78.04,9642.0
2025-03-25 14:30:00+00:00,78.03,78.08,77.92,78.0,9021.0
2025-03-25 14:45:00+00:00,78.0,78.365,78.0,78.235,7060.0
2025-03-25 15:00:00+00:00,78.235,78.265,78.095,78.16,6973.0
2025-03-25 15:15:00+00:00,78.155,78.275,78.11,78.165,5215.0
2025-03-25 15:30:00+00:00,78.165,78.29,78.075,78.285,4471.0
2025-03-25 15:45:00+00:00,78.285,78.31,78.025,78.115,4686.0
2025-03-25 16:00:00+00:00,78.115,78.295,78.115,78.235,4219.0
2025-03-25 16:15:00+00:00,78.235,78.26,78.085,78.1,3375.0
2025-03-25 16:30:00+00:00,78.1,78.12,77.935,78.0,4962.0
2025-03-25 16:45:00+00:00,78.0,78.145,78.0,78.035,3502.0
2025-03-25 17:00:00+00:00,78.035,78.155,78.005,78.025,3574.0
2025-03-25 17:15:00+00:00,78.04,78.04,77.64,77.675,9238.0
2025-03-25 17:30:00+00:00,77.675,77.89,77.675,77.875,3795.0
2025-03-25 17:45:00+00:00,77.875,77.94,77.775,77.78,3471.0
2025-03-25 18:00:00+00:00,77.77,77.805,77.655,77.765,6357.0
2025-03-25 18:15:00+00:00,77.765,77.825,77.6,77.64,6358.0
2025-03-25 18:30:00+00:00,77.64,77.745,77.56,77.585,5172.0
2025-03-25 18:45:00+00:00,77.585,77.72,77.53,77.68,7131.0
2025-03-25 19:00:00+00:00,77.68,77.865,77.64,77.67,7378.0
2025-03-25 19:15:00+00:00,77.67,77.815,77.615,77.685,9390.0
2025-03-25 19:30:00+00:00,77.685,77.895,77.685,77.87,15917.0
2025-03-25 19:45:00+00:00,77.865,77.995,77.58,77.67,53935.0
2025-03-26 13:30:00+00:00,77.73,77.815,77.24,77.24,17763.0
2025-03-26 13:45:00+00:00,77.25,77.25,76.75,76.845,15664.0
2025-03-26 14:00:00+00:00,76.8,77.03,76.45,76.535,8407.0
2025-03-26 14:15:00+00:00,76.545,76.585,76.185,76.305,4595.0
2025-03-26 14:30:00+00:00,76.3,76.49,76.245,76.28,4092.0
2025-03-26 14:45:00+00:00,76.28,76.465,76.065,76.105,5768.0
2025-03-26 15:00:00+00:00,76.105,76.37,76.07,76.29,4531.0
2025-03-26 15:15:00+00:00,76.3,76.42,76.105,76.175,3907.0
2025-03-26 15:30:00+00:00,76.175,76.395,76.17,76.24,3225.0
2025-03-26 15:45:00+00:00,76.235,76.25,75.79,75.935,2135.0
2025-03-26 16:00:00+00:00,75.935,75.95,75.68,75.7,2842.0
2025-03-26 16:15:00+00:00,75.715,75.8,75.55,75.78,6722.0
2025-03-26 16:30:00+00:00,75.77,75.8,75.565,75.645,2938.0
2025-03-26 16:45:00+00:00,75.635,75.75,75.28,75.31,3404.0
2025-03-26 17:00:00+00:00,75.31,75.42,75.24,75.345,8653.0
2025-03-26 17:15:00+00:00,75.345,75.35,75.16,75.275,4153.0
2025-03-26 17:30:00+00:00,75.255,75.345,75.125,75.255,12474.0
2025-03-26 17:45:00+00:00,75.245,75.355,75.18,75.215,9478.0
2025-03-26 18:00:00+00:00,75.215,75.49,75.125,75.39,8837.0
2025-03-26 18:15:00+00:00,75.39,75.615,75.38,75.55,5567.0
2025-03-26 18:30:00+00:00,75.525,75.58,75.285,75.315,3376.0
2025-03-26 18:45:00+00:00,75.31,75.375,75.15,75.285,6290.0
2025-03-26 19:00:00+00:00,75.285,75.49,75.195,75.32,10908.0
2025-03-26 19:15:00+00:00,75.32,75.655,75.305,75.56,9291.0
2025-03-26 19:30:00+00:00,75.57,75.965,75.57,75.955,22370.0
2025-03-26 19:45:00+00:00,75.95,76.23,75.87,76.13,89839.0
2025-03-27 13:30:00+00:00,75.68,75.9,74.55,74.88,20304.0
2025-03-27 13:45:00+00:00,74.96,75.76,74.92,75.52,8994.0
2025-03-27 14:00:00+00:00,75.5,75.62,74.96,75.22,15347.0
2025-03-27 14:15:00+00:00,75.225,75.47,75.11,75.46,6231.0
2025-03-27 14:30:00+00:00,75.51,76.065,75.4,75.785,10001.0
2025-03-27 14:45:00+00:00,75.78,75.8,75.55,75.665,10719.0
2025-03-27 15:00:00+00:00,75.67,75.7,75.225,75.24,6020.0
2025-03-27 15:15:00+00:00,75.235,75.27,75.035,75.05,4027.0
2025-03-27 15:30:00+00:00,75.055,75.07,74.68,74.76,13614.0
2025-03-27 15:45:00+00:00,74.76,74.775,74.46,74.465,12970.0
2025-03-27 16:00:00+00:00,74.465,74.645,74.45,74.615,8448.0
2025-03-27 16:15:00+00:00,74.61,74.77,74.515,74.55,12845.0
2025-03-27 16:30:00+00:00,74.55,74.945,74.55,74.81,11060.0
2025-03-27 16:45:00+00:00,74.81,74.845,74.395,74.405,5150.0
2025-03-27 17:00:00+00:00,74.44,74.705,74.355,74.68,10100.0
2025-03-27 17:15:00+00:00,74.69,74.735,74.42,74.455,7940.0
2025-03-27 17:30:00+00:00,74.44,74.595,74.39,74.47,6962.0
2025-03-27 17:45:00+00:00,74.5,74.735,74.45,74.54,7149.0
2025-03-27 18:00:00+00:00,74.54,74.935,74.53,74.91,8856.0
2025-03-27 18:15:00+00:00,74.91,74.995,74.755,74.865,9375.0
2025-03-27 18:30:00+00:00,74.865,75.07,74.81,75.025,7565.0
2025-03-27 18:45:00+00:00,75.025,75.215,74.92,74.95,7690.0
2025-03-27 19:00:00+00:00,74.97,75.17,74.895,75.16,8551.0
2025-03-27 19:15:00+00:00,75.16,75.52,75.135,75.36,11301.0
2025-03-27 19:30:00+00:00,75.365,75.405,75.12,75.17,13308.0
2025-03-27 19:45:00+00:00,75.175,75.215,74.685,74.8,46914.0
2025-03-28 13:30:00+00:00,74.61,75.29,74.19,74.87,14756.0
2025-03-28 13:45:00+00:00,74.87,75.08,74.465,74.49,9992.0
2025-03-28 14:00:00+00:00,74.39,74.7,73.855,73.895,7660.0
2025-03-28 14:15:00+00:00,73.9,74.01,73.655,73.705,9050.0
2025-03-28 14:30:00+00:00,73.705,73.97,73.495,73.945,15178.0
2025-03-28 14:45:00+00:00,73.94,73.94,73.38,73.425,16247.0
2025-03-28 15:00:00+00:00,73.445,73.525,72.98,73.19,20550.0
2025-03-28 15:15:00+00:00,73.2,73.375,73.03,73.18,17417.0
2025-03-28 15:30:00+00:00,73.18,73.345,73.06,73.11,10915.0
2025-03-28 15:45:00+00:00,73.105,73.2,72.86,72.885,10670.0
2025-03-28 16:00:00+00:00,72.885,73.03,72.84,72.945,10236.0
2025-03-28 16:15:00+00:00,72.945,72.985,72.655,72.755,8714.0
2025-03-28 16:30:00+00:00,72.755,72.86,72.63,72.665,7954.0
2025-03-28 16:45:00+00:00,72.675,72.8,72.595,72.64,4960.0
2025-03-28 17:00:00+00:00,72.615,72.625,72.225,72.37,8671.0
2025-03-28 17:15:00+00:00,72.39,72.58,72.3,72.41,10131.0
2025-03-28 17:30:00+00:00,72.41,72.57,72.345,72.385,6551.0
2025-03-28 17:45:00+00:00,72.36,72.58,72.34,72.56,7267.0
2025-03-28 18:00:00+00:00,72.56,72.835,72.525,72.75,9599.0
2025-03-28 18:15:00+00:00,72.75,72.835,72.625,72.67,7213.0
2025-03-28 18:30:00+00:00,72.655,72.785,72.595,72.635,5334.0
2025-03-28 18:45:00+00:00,72.63,72.92,72.56,72.88,7296.0
2025-03-28 19:00:00+00:00,72.88,73.03,72.725,72.83,6676.0
2025-03-28 19:15:00+00:00,72.83,72.855,72.47,72.5,10201.0
2025-03-28 19:30:00+00:00,72.51,72.61,72.325,72.4,17461.0
2025-03-28 19:45:00+00:00,72.4,72.75,72.31,72.625,54109.0
2025-03-31 13:30:00+00:00,71.6,71.72,70.555,70.6,31408.0
2025-03-31 13:45:00+00:00,70.55,71.38,70.44,71.085,26975.0
2025-03-31 14:00:00+00:00,71.055,71.675,71.055,71.62,12744.0
2025-03-31 14:15:00+00:00,71.595,71.63,70.715,70.845,14970.0
2025-03-31 14:30:00+00:00,70.84,71.49,70.84,71.22,12426.0
2025-03-31 14:45:00+00:00,71.22,71.52,71.11,71.14,19336.0
2025-03-31 15:00:00+00:00,71.15,71.365,70.79,70.805,7273.0
2025-03-31 15:15:00+00:00,70.805,71.46,70.805,71.315,6112.0
2025-03-31 15:30:00+00:00,71.31,71.57,71.225,71.48,5943.0
2025-03-31 15:45:00+00:00,71.48,71.545,71.23,71.28,12918.0
2025-03-31 16:00:00+00:00,71.3,71.4,71.035,71.125,7829.0
2025-03-31 16:15:00+00:00,71.145,71.47,71.09,71.47,8755.0
2025-03-31 16:30:00+00:00,71.47,71.485,71.265,71.35,2965.0
2025-03-31 16:45:00+00:00,71.35,71.43,71.13,71.135,6426.0
2025-03-31 17:00:00+00:00,71.135,71.66,71.09,71.62,8074.0
2025-03-31 17:15:00+00:00,71.635,71.635,71.115,71.23,5353.0
2025-03-31 17:30:00+00:00,71.23,71.395,71.17,71.235,7733.0
2025-03-31 17:45:00+00:00,71.235,71.5,71.205,71.265,6818.0
2025-03-31 18:00:00+00:00,71.265,72.04,71.235,71.865,7098.0
2025-03-31 18:15:00+00:00,71.865,71.965,71.72,71.905,9293.0
2025-03-31 18:30:00+00:00,71.905,72.47,71.875,72.345,7704.0
2025-03-31 18:45:00+00:00,72.36,72.535,72.12,72.19,7805.0
2025-03-31 19:00:00+00:00,72.2,72.465,72.19,72.33,12389.0
2025-03-31 19:15:00+00:00,72.33,72.475,72.07,72.105,21969.0
2025-03-31 19:30:00+00:00,72.105,72.78,72.09,72.49,21566.0
2025-03-31 19:45:00+00:00,72.49,72.85,72.2,72.69,55034.0
2025-04-01 13:30:00+00:00,72.0,72.345,71.2,71.85,14894.0
2025-04-01 13:45:00+00:00,71.82,72.22,71.73,71.86,9337.0
2025-04-01 14:00:00+00:00,71.87,71.93,70.895,70.955,8999.0
2025-04-01 14:15:00+00:00,70.975,71.195,70.74,71.13,10800.0
2025-04-01 14:30:00+00:00,71.11,71.97,71.08,71.8,16774.0
2025-04-01 14:45:00+00:00,71.8,72.185,71.75,72.16,4613.0
2025-04-01 15:00:00+00:00,72.15,72.58,72.09,72.555,7162.0
2025-04-01 15:15:00+00:00,72.555,72.645,72.255,72.26,7618.0
2025-04-01 15:30:00+00:00,72.265,72.4,72.125,72.26,5218.0
2025-04-01 15:45:00+00:00,72.275,72.65,72.265,72.64,6014.0
2025-04-01 16:00:00+00:00,72.64,72.72,72.48,72.58,6151.0
2025-04-01 16:15:00+00:00,72.6,72.77,72.325,72.35,6084.0
2025-04-01 16:30:00+00:00,72.35,72.405,72.06,72.11,10335.0
2025-04-01 16:45:00+00:00,72.11,72.48,72.085,72.33,8378.0
2025-04-01 17:00:00+00:00,72.325,72.5,72.215,72.495,9647.0
2025-04-01 17:15:00+00:00,72.49,72.535,72.35,72.385,3936.0
2025-04-01 17:30:00+00:00,72.375,72.59,72.34,72.365,10117.0
2025-04-01 17:45:00+00:00,72.35,72.45,72.165,72.175,9852.0
2025-04-01 18:00:00+00:00,72.18,72.205,71.555,71.62,5461.0
2025-04-01 18:15:00+00:00,71.605,71.645,71.275,71.49,6410.0
2025-04-01 18:30:00+00:00,71.485,71.635,71.39,71.48,8782.0
2025-04-01 18:45:00+00:00,71.49,71.695,71.33,71.61,9254.0
2025-04-01 19:00:00+00:00,71.6,71.76,71.57,71.705,4834.0
2025-04-01 19:15:00+00:00,71.705,71.91,71.67,71.775,8652.0
2025-04-01 19:30:00+00:00,71.785,72.27,71.725,72.215,7996.0
2025-04-01 19:45:00+00:00,72.215,72.85,72.19,72.81,37625.0
2025-04-02 13:30:00+00:00,71.775,72.775,71.59,72.55,18186.0
2025-04-02 13:45:00+00:00,72.495,72.895,72.29,72.29,4695.0
2025-04-02 14:00:00+00:00,72.19,72.83,72.19,72.55,12537.0
2025-04-02 14:15:00+00:00,72.55,72.76,72.405,72.665,9037.0
2025-04-02 14:30:00+00:00,72.66,72.83,72.235,72.275,4648.0
2025-04-02 14:45:00+00:00,72.275,72.54,72.2,72.515,5897.0
2025-04-02 15:00:00+00:00,72.5,72.615,72.33,72.415,4466.0
2025-04-02 15:15:00+00:00,72.405,73.12,72.355,73.025,6283.0
2025-04-02 15:30:00+00:00,73.015,73.38,73.015,73.24,9449.0
2025-04-02 15:45:00+00:00,73.24,73.435,73.115,73.34,12386.0
2025-04-02 16:00:00+00:00,73.345,73.73,73.28,73.69,7670.0
2025-04-02 16:15:00+00:00,73.69,74.045,73.635,74.015,5535.0
2025-04-02 16:30:00+00:00,74.015,74.165,73.79,73.91,5949.0
2025-04-02 16:45:00+00:00,73.91,74.3,73.87,74.105,16766.0
2025-04-02 17:00:00+00:00,74.11,74.81,74.085,74.7,20774.0
2025-04-02 17:15:00+00:00,74.705,74.71,74.32,74.355,7590.0
2025-04-02 17:30:00+00:00,74.355,74.38,73.82,73.88,15128.0
2025-04-02 17:45:00+00:00,73.875,73.89,73.49,73.565,8044.0
2025-04-02 18:00:00+00:00,73.565,73.66,73.2,73.36,5846.0
2025-04-02 18:15:00+00:00,73.36,73.42,73.01,73.015,2783.0
2025-04-02 18:30:00+00:00,73.015,73.52,72.985,73.425,5266.0
2025-04-02 18:45:00+00:00,73.425,73.485,73.095,73.095,11622.0
2025-04-02 19:00:00+00:00,73.095,73.445,73.095,73.24,6573.0
2025-04-02 19:15:00+00:00,73.24,73.65,73.14,73.625,9849.0
2025-04-02 19:30:00+00:00,73.605,74.01,73.5,74.005,27270.0
2025-04-02 19:45:00+00:00,74.005,74.22,73.76,73.775,59212.0
2025-04-03 13:30:00+00:00,70.09,70.5,69.04,69.275,30685.0
2025-04-03 13:45:00+00:00,69.19,69.62,69.02,69.29,18169.0
2025-04-03 14:00:00+00:00,69.095,69.36,68.655,68.92,30954.0
2025-04-03 14:15:00+00:00,68.925,69.065,68.51,68.66,18615.0
2025-04-03 14:30:00+00:00,68.63,68.89,68.17,68.455,13965.0
2025-04-03 14:45:00+00:00,68.425,68.55,67.915,67.925,58328.0
2025-04-03 15:00:00+00:00,67.92,68.13,67.16,67.32,11780.0
2025-04-03 15:15:00+00:00,67.3,67.685,67.145,67.385,8883.0
2025-04-03 15:30:00+00:00,67.365,67.985,67.33,67.485,14579.0
2025-04-03 15:45:00+00:00,67.485,67.51,66.93,67.02,31033.0
2025-04-03 16:00:00+00:00,67.015,67.43,66.99,67.255,8790.0
2025-04-03 16:15:00+00:00,67.255,67.51,67.045,67.335,16008.0
2025-04-03 16:30:00+00:00,67.34,67.445,66.905,66.955,9725.0
2025-04-03 16:45:00+00:00,66.955,67.015,66.175,66.265,14133.0
2025-04-03 17:00:00+00:00,66.265,66.88,66.18,66.785,14226.0
2025-04-03 17:15:00+00:00,66.77,67.0,66.645,66.985,10337.0
2025-04-03 17:30:00+00:00,66.985,67.33,66.905,67.22,5888.0
2025-04-03 17:45:00+00:00,67.21,67.27,66.57,66.575,8484.0
2025-04-03 18:00:00+00:00,66.575,66.695,66.03,66.045,10107.0
2025-04-03 18:15:00+00:00,66.045,66.22,65.92,65.96,6348.0
2025-04-03 18:30:00+00:00,65.96,66.345,65.9,66.21,8633.0
2025-04-03 18:45:00+00:00,66.19,66.46,65.95,66.22,18758.0
2025-04-03 19:00:00+00:00,66.21,66.225,65.74,65.84,13026.0
2025-04-03 19:15:00+00:00,65.84,65.85,65.35,65.415,35478.0
2025-04-03 19:30:00+00:00,65.415,65.995,65.34,65.955,54853.0
2025-04-03 19:45:00+00:00,65.955,65.98,65.1,65.2,174896.0
2025-04-04 13:30:00+00:00,62.44,63.07,60.8,60.87,34752.0
2025-04-04 13:45:00+00:00,60.88,61.5,60.6,61.18,21066.0
2025-04-04 14:00:00+00:00,61.15,61.49,59.76,60.07,27665.0
2025-04-04 14:15:00+00:00,60.07,60.27,59.61,59.63,21741.0
2025-04-04 14:30:00+00:00,59.615,59.87,58.915,59.195,29766.0
2025-04-04 14:45:00+00:00,59.155,59.75,57.975,59.335,30189.0
2025-04-04 15:00:00+00:00,59.305,61.205,59.23,61.03,15764.0
2025-04-04 15:15:00+00:00,61.0,61.74,60.605,60.635,15926.0
2025-04-04 15:30:00+00:00,60.64,60.9,60.095,60.385,18087.0
2025-04-04 15:45:00+00:00,60.385,60.68,59.905,59.94,20969.0
2025-04-04 16:00:00+00:00,59.935,60.6,59.935,60.525,9610.0
2025-04-04 16:15:00+00:00,60.53,60.615,59.645,59.83,6378.0
2025-04-04 16:30:00+00:00,59.83,60.23,59.735,59.755,33946.0
2025-04-04 16:45:00+00:00,59.74,60.075,59.68,59.89,14772.0
2025-04-04 17:00:00+00:00,59.84,60.17,59.47,59.51,13298.0
2025-04-04 17:15:00+00:00,59.5,59.64,59.24,59.46,13711.0
2025-04-04 17:30:00+00:00,59.45,60.035,59.125,59.685,16302.0
2025-04-04 17:45:00+00:00,59.685,60.39,59.645,60.375,20115.0
2025-04-04 18:00:00+00:00,60.38,60.655,59.85,59.89,13913.0
2025-04-04 18:15:00+00:00,59.89,59.89,59.445,59.505,17792.0
2025-04-04 18:30:00+00:00,59.505,59.695,59.175,59.21,24934.0
2025-04-04 18:45:00+00:00,59.21,59.865,59.07,59.57,41027.0
2025-04-04 19:00:00+00:00,59.575,59.875,59.18,59.785,23001.0
2025-04-04 19:15:00+00:00,59.795,60.15,59.31,60.02,36564.0
2025-04-04 19:30:00+00:00,60.005,60.6,59.87,60.065,74890.0
2025-04-04 19:45:00+00:00,60.06,60.19,58.81,59.07,86637.0
2025-04-07 13:30:00+00:00,58.4,58.4,56.33,56.98,40743.0
2025-04-07 13:45:00+00:00,57.025,60.5,56.72,60.375,43483.0
2025-04-07 14:00:00+00:00,60.33,64.72,60.02,64.31,28212.0
2025-04-07 14:15:00+00:00,64.61,65.94,60.84,60.985,44599.0
2025-04-07 14:30:00+00:00,61.21,62.35,60.0,61.11,24662.0
2025-04-07 14:45:00+00:00,61.135,63.105,60.63,62.55,18715.0
2025-04-07 15:00:00+00:00,62.4,63.66,60.74,60.83,20398.0
2025-04-07 15:15:00+00:00,60.87,61.47,60.23,60.375,13754.0
2025-04-07 15:30:00+00:00,60.45,62.34,60.45,62.29,8818.0
2025-04-07 15:45:00+00:00,62.19,62.32,60.93,61.01,7152.0
2025-04-07 16:00:00+00:00,60.9,60.96,60.1,60.57,15221.0
2025-04-07 16:15:00+00:00,60.63,61.35,60.3,61.205,10767.0
2025-04-07 16:30:00+00:00,61.18,61.85,60.72,60.88,6572.0
2025-04-07 16:45:00+00:00,60.81,60.925,60.35,60.64,11228.0
2025-04-07 17:00:00+00:00,60.625,62.095,60.625,61.56,10900.0
2025-04-07 17:15:00+00:00,61.57,62.55,61.47,62.55,27449.0
2025-04-07 17:30:00+00:00,62.59,63.22,61.9,63.19,34994.0
2025-04-07 17:45:00+00:00,63.19,63.53,62.605,63.13,24983.0
2025-04-07 18:00:00+00:00,63.19,63.48,62.575,62.86,22444.0
2025-04-07 18:15:00+00:00,62.92,63.76,62.35,62.39,19602.0
2025-04-07 18:30:00+00:00,62.49,63.29,62.42,62.87,9370.0
2025-04-07 18:45:00+00:00,62.785,63.085,61.72,61.8,15511.0
2025-04-07 19:00:00+00:00,61.89,62.43,61.485,61.61,21239.0
2025-04-07 19:15:00+00:00,61.565,62.29,61.33,61.65,26628.0
2025-04-07 19:30:00+00:00,61.65,62.755,61.65,61.835,28143.0
2025-04-07 19:45:00+00:00,61.83,62.23,61.55,62.2,81939.0
2025-04-08 13:30:00+00:00,64.65,65.54,64.27,64.97,26985.0
2025-04-08 13:45:00+00:00,65.015,65.66,64.69,65.61,24715.0
2025-04-08 14:00:00+00:00,65.57,66.105,65.46,65.68,17448.0
2025-04-08 14:15:00+00:00,65.67,66.04,65.51,65.755,13405.0
2025-04-08 14:30:00+00:00,65.755,65.925,65.245,65.33,13092.0
2025-04-08 14:45:00+00:00,65.33,65.465,64.895,65.015,24748.0
2025-04-08 15:00:00+00:00,65.015,65.46,64.785,64.92,20910.0
2025-04-08 15:15:00+00:00,64.92,64.995,64.42,64.45,13009.0
2025-04-08 15:30:00+00:00,64.445,65.2,64.42,64.795,15458.0
2025-04-08 15:45:00+00:00,64.79,65.055,64.355,64.97,14617.0
2025-04-08 16:00:00+00:00,64.97,65.35,64.73,64.98,7863.0
2025-04-08 16:15:00+00:00,64.98,65.045,64.26,64.515,9894.0
2025-04-08 16:30:00+00:00,64.515,64.585,62.89,63.08,14156.0
2025-04-08 16:45:00+00:00,63.075,63.65,62.88,62.915,18500.0
2025-04-08 17:00:00+00:00,62.915,63.425,62.445,62.695,16280.0
2025-04-08 17:15:00+00:00,62.695,63.15,62.285,62.315,16672.0
2025-04-08 17:30:00+00:00,62.31,63.61,62.225,63.3,14888.0
2025-04-08 17:45:00+00:00,63.18,63.195,62.78,63.08,6114.0
2025-04-08 18:00:00+00:00,63.085,63.085,62.355,62.465,5445.0
2025-04-08 18:15:00+00:00,62.46,63.08,62.225,62.24,6939.0
2025-04-08 18:30:00+00:00,62.315,63.28,61.95,61.955,10007.0
2025-04-08 18:45:00+00:00,61.985,62.37,61.645,61.655,14094.0
2025-04-08 19:00:00+00:00,61.66,61.725,60.1,60.12,18497.0
2025-04-08 19:15:00+00:00,60.12,60.515,59.61,60.24,27538.0
2025-04-08 19:30:00+00:00,60.23,60.245,59.03,59.135,58748.0
2025-04-08 19:45:00+00:00,59.13,60.53,58.74,60.41,64817.0
2025-04-09 13:30:00+00:00,60.84,61.51,59.95,60.61,13263.0
2025-04-09 13:45:00+00:00,60.64,61.17,60.355,60.82,9638.0
2025-04-09 14:00:00+00:00,61.04,61.61,60.725,60.86,26111.0
2025-04-09 14:15:00+00:00,61.17,61.78,61.05,61.4,18478.0
2025-04-09 14:30:00+00:00,61.475,61.74,60.82,61.0,10602.0
2025-04-09 14:45:00+00:00,61.055,61.46,60.28,60.28,15261.0
2025-04-09 15:00:00+00:00,60.25,61.25,60.22,60.975,12626.0
2025-04-09 15:15:00+00:00,60.975,61.305,60.925,60.93,8374.0
2025-04-09 15:30:00+00:00,60.93,61.175,60.57,60.665,11928.0
2025-04-09 15:45:00+00:00,60.665,61.45,60.665,60.85,12876.0
2025-04-09 16:00:00+00:00,60.845,61.63,60.77,61.545,7983.0
2025-04-09 16:15:00+00:00,61.54,61.58,61.09,61.12,9741.0
2025-04-09 16:30:00+00:00,61.13,61.48,60.97,61.1,3776.0
2025-04-09 16:45:00+00:00,61.05,61.625,60.98,61.24,11830.0
2025-04-09 17:00:00+00:00,61.24,62.26,61.24,61.895,16488.0
2025-04-09 17:15:00+00:00,61.94,67.61,61.275,65.87,18646.0
2025-04-09 17:30:00+00:00,65.875,68.73,65.63,66.59,17314.0
2025-04-09 17:45:00+00:00,66.88,69.63,66.64,69.25,42430.0
2025-04-09 18:00:00+00:00,69.37,70.61,69.11,70.14,48387.0
2025-04-09 18:15:00+00:00,70.17,71.86,69.87,71.03,33009.0
2025-04-09 18:30:00+00:00,71.08,71.54,69.675,69.71,96901.0
2025-04-09 18:45:00+00:00,69.87,70.28,69.1,69.105,51561.0
2025-04-09 19:00:00+00:00,69.07,70.525,68.875,70.395,35595.0
2025-04-09 19:15:00+00:00,70.405,71.01,69.97,70.73,34105.0
2025-04-09 19:30:00+00:00,70.72,71.13,70.325,70.695,37159.0
2025-04-09 19:45:00+00:00,70.735,71.675,70.38,71.01,110443.0
2025-04-10 13:30:00+00:00,67.97,67.97,66.46,66.62,24578.0
2025-04-10 13:45:00+00:00,66.65,67.22,66.18,66.23,19637.0
2025-04-10 14:00:00+00:00,66.195,66.61,65.83,66.07,28446.0
2025-04-10 14:15:00+00:00,66.09,67.71,66.09,67.27,16135.0
2025-04-10 14:30:00+00:00,67.325,67.72,66.835,66.9,15822.0
2025-04-10 14:45:00+00:00,66.925,67.06,66.64,66.72,12772.0
2025-04-10 15:00:00+00:00,66.7,67.13,66.465,66.615,13089.0
2025-04-10 15:15:00+00:00,66.605,66.72,65.645,65.65,18656.0
2025-04-10 15:30:00+00:00,65.675,65.81,65.175,65.255,15932.0
2025-04-10 15:45:00+00:00,65.255,65.43,64.86,65.11,13911.0
2025-04-10 16:00:00+00:00,65.105,65.43,64.15,64.19,21104.0
2025-04-10 16:15:00+00:00,64.165,64.245,63.46,63.74,20968.0
2025-04-10 16:30:00+00:00,63.74,63.74,63.74,63.74,0.0
2025-04-10 16:45:00+00:00,63.74,63.74,63.74,63.74,0.0
2025-04-10 17:00:00+00:00,63.74,63.74,63.74,63.74,0.0
2025-04-10 17:15:00+00:00,63.74,63.74,63.74,63.74,0.0
2025-04-10 17:30:00+00:00,63.74,63.74,63.74,63.74,0.0
2025-04-10 17:45:00+00:00,63.74,63.74,63.74,63.74,0.0
2025-04-10 18:00:00+00:00,63.74,63.74,63.74,63.74,0.0
2025-04-10 18:15:00+00:00,63.74,63.74,63.74,63.74,0.0
2025-04-10 18:30:00+00:00,63.74,63.74,63.74,63.74,0.0
2025-04-10 18:45:00+00:00,63.74,63.74,63.74,63.74,0.0
2025-04-10 19:00:00+00:00,63.74,63.74,63.74,63.74,0.0
2025-04-10 19:15:00+00:00,63.74,63.74,63.74,63.74,0.0
2025-04-10 19:30:00+00:00,63.74,63.74,63.74,63.74,0.0
2025-04-10 19:45:00+00:00,63.74,63.74,63.74,63.74,0.0
2025-04-11 13:30:00+00:00,65.795,66.49,64.61,66.2,24215.0
2025-04-11 13:45:00+00:00,66.16,67.03,66.135,66.41,16193.0
2025-04-11 14:00:00+00:00,66.29,66.91,66.08,66.43,10862.0
2025-04-11 14:15:00+00:00,66.47,66.75,65.02,65.17,7362.0
2025-04-11 14:30:00+00:00,65.06,65.73,65.06,65.63,13870.0
2025-04-11 14:45:00+00:00,65.63,65.715,64.93,64.98,17349.0
2025-04-11 15:00:00+00:00,64.98,66.1,64.87,65.2,14072.0
2025-04-11 15:15:00+00:00,65.175,65.43,64.91,65.335,13670.0
2025-04-11 15:30:00+00:00,65.325,66.11,65.185,65.65,9452.0
2025-04-11 15:45:00+00:00,65.63,66.385,65.61,66.28,10869.0
2025-04-11 16:00:00+00:00,66.305,66.65,66.09,66.35,11641.0
2025-04-11 16:15:00+00:00,66.34,66.61,66.1,66.425,14541.0
2025-04-11 16:30:00+00:00,66.425,67.54,66.425,67.415,7159.0
2025-04-11 16:45:00+00:00,67.415,67.7,67.21,67.41,10281.0
2025-04-11 17:00:00+00:00,67.475,67.48,66.97,67.29,7459.0
2025-04-11 17:15:00+00:00,67.29,67.37,66.445,66.5,11002.0
2025-04-11 17:30:00+00:00,66.5,67.585,66.215,67.495,11118.0
2025-04-11 17:45:00+00:00,67.47,67.965,67.205,67.65,7127.0
2025-04-11 18:00:00+00:00,67.64,67.92,67.46,67.66,11581.0
2025-04-11 18:15:00+00:00,67.66,67.71,66.99,67.275,4002.0
2025-04-11 18:30:00+00:00,67.28,67.77,67.14,67.55,6140.0
2025-04-11 18:45:00+00:00,67.575,67.82,67.025,67.17,12316.0
2025-04-11 19:00:00+00:00,67.18,67.93,67.165,67.755,29366.0
2025-04-11 19:15:00+00:00,67.765,67.955,67.515,67.59,44580.0
2025-04-11 19:30:00+00:00,67.59,67.75,67.34,67.65,33262.0
2025-04-11 19:45:00+00:00,67.645,67.835,67.285,67.475,66649.0
2025-04-14 13:30:00+00:00,68.48,69.2,67.9,68.23,31524.0
2025-04-14 13:45:00+00:00,68.42,68.735,67.97,68.16,15286.0
2025-04-14 14:00:00+00:00,68.21,68.99,68.16,68.84,21724.0
2025-04-14 14:15:00+00:00,68.855,69.37,68.61,69.185,7342.0
2025-04-14 14:30:00+00:00,69.185,69.365,69.015,69.04,7574.0
2025-04-14 14:45:00+00:00,69.04,69.26,68.735,68.8,7628.0
2025-04-14 15:00:00+00:00,68.8,68.92,68.48,68.61,9721.0
2025-04-14 15:15:00+00:00,68.61,68.78,67.9,67.91,9064.0
2025-04-14 15:30:00+00:00,67.92,68.19,67.54,67.91,10176.0
2025-04-14 15:45:00+00:00,67.91,67.91,67.05,67.265,11455.0
2025-04-14 16:00:00+00:00,67.265,67.665,66.92,67.215,11400.0
2025-04-14 16:15:00+00:00,67.24,67.72,67.19,67.49,12524.0
2025-04-14 16:30:00+00:00,67.47,67.945,67.44,67.87,5363.0
2025-04-14 16:45:00+00:00,67.87,67.88,67.305,67.38,10452.0
2025-04-14 17:00:00+00:00,67.355,68.205,67.32,67.635,7570.0
2025-04-14 17:15:00+00:00,67.65,68.025,67.54,67.67,8789.0
2025-04-14 17:30:00+00:00,67.65,67.765,67.41,67.455,8151.0
2025-04-14 17:45:00+00:00,67.455,67.925,67.435,67.845,11094.0
2025-04-14 18:00:00+00:00,67.845,68.235,67.795,68.08,7102.0
2025-04-14 18:15:00+00:00,68.08,68.38,68.035,68.31,8052.0
2025-04-14 18:30:00+00:00,68.29,68.65,68.27,68.645,9136.0
2025-04-14 18:45:00+00:00,68.645,68.67,68.32,68.39,10321.0
2025-04-14 19:00:00+00:00,68.39,68.98,68.365,68.93,8486.0
2025-04-14 19:15:00+00:00,68.895,68.895,68.42,68.425,10941.0
2025-04-14 19:30:00+00:00,68.44,68.525,68.265,68.345,10155.0
2025-04-14 19:45:00+00:00,68.34,68.425,67.795,67.835,48718.0
2025-04-15 13:30:00+00:00,68.32,68.905,68.205,68.41,20411.0
2025-04-15 13:45:00+00:00,68.5,69.085,68.34,69.08,13510.0
2025-04-15 14:00:00+00:00,69.04,69.54,68.97,69.145,22325.0
2025-04-15 14:15:00+00:00,69.145,69.35,67.98,68.2,22744.0
2025-04-15 14:30:00+00:00,68.195,68.62,68.17,68.565,24118.0
2025-04-15 14:45:00+00:00,68.55,68.62,68.145,68.295,21125.0
2025-04-15 15:00:00+00:00,68.31,68.57,68.25,68.52,10849.0
2025-04-15 15:15:00+00:00,68.52,68.615,68.315,68.365,8253.0
2025-04-15 15:30:00+00:00,68.365,68.725,68.35,68.605,5740.0
2025-04-15 15:45:00+00:00,68.58,68.66,68.255,68.55,4818.0
2025-04-15 16:00:00+00:00,68.57,68.83,68.57,68.79,4861.0
2025-04-15 16:15:00+00:00,68.785,69.17,68.735,68.98,9206.0
2025-04-15 16:30:00+00:00,68.97,69.115,68.81,68.995,5099.0
2025-04-15 16:45:00+00:00,69.01,69.04,68.21,68.385,7926.0
2025-04-15 17:00:00+00:00,68.355,68.545,68.22,68.355,3838.0
2025-04-15 17:15:00+00:00,68.355,68.37,68.085,68.155,5632.0
2025-04-15 17:30:00+00:00,68.155,68.505,68.155,68.465,6109.0
2025-04-15 17:45:00+00:00,68.465,68.525,68.22,68.365,5490.0
2025-04-15 18:00:00+00:00,68.35,68.44,68.055,68.08,5924.0
2025-04-15 18:15:00+00:00,68.095,68.19,67.96,68.075,6960.0
2025-04-15 18:30:00+00:00,68.075,68.33,68.065,68.325,4758.0
2025-04-15 18:45:00+00:00,68.33,68.53,68.26,68.39,6148.0
2025-04-15 19:00:00+00:00,68.37,68.41,68.21,68.35,6441.0
2025-04-15 19:15:00+00:00,68.34,68.37,68.075,68.14,5651.0
2025-04-15 19:30:00+00:00,68.14,68.195,67.985,68.1,4883.0
2025-04-15 19:45:00+00:00,68.1,68.48,67.95,68.435,47813.0
2025-04-16 13:30:00+00:00,65.16,66.74,65.0,66.325,27247.0
2025-04-16 13:45:00+00:00,66.325,66.36,65.58,65.6,30665.0
2025-04-16 14:00:00+00:00,65.55,66.375,65.46,66.095,21185.0
2025-04-16 14:15:00+00:00,66.1,66.84,66.05,66.525,13690.0
2025-04-16 14:30:00+00:00,66.45,66.48,66.055,66.345,15036.0
2025-04-16 14:45:00+00:00,66.34,66.35,65.87,65.935,11945.0
2025-04-16 15:00:00+00:00,65.96,66.125,65.645,65.725,10554.0
2025-04-16 15:15:00+00:00,65.73,66.39,65.59,66.295,15854.0
2025-04-16 15:30:00+00:00,66.295,66.55,65.94,65.985,5286.0
2025-04-16 15:45:00+00:00,65.985,66.045,65.72,65.76,7820.0
2025-04-16 16:00:00+00:00,65.765,65.895,65.63,65.79,8341.0
2025-04-16 16:15:00+00:00,65.79,65.9,65.635,65.755,5421.0
2025-04-16 16:30:00+00:00,65.75,65.99,65.625,65.86,6397.0
2025-04-16 16:45:00+00:00,65.86,65.88,65.51,65.52,7709.0
2025-04-16 17:00:00+00:00,65.52,65.86,65.44,65.66,8099.0
2025-04-16 17:15:00+00:00,65.66,66.025,65.64,66.02,5017.0
2025-04-16 17:30:00+00:00,66.01,66.03,65.245,65.285,14966.0
2025-04-16 17:45:00+00:00,65.28,65.28,64.59,64.635,12305.0
2025-04-16 18:00:00+00:00,64.57,65.125,64.57,64.975,10949.0
2025-04-16 18:15:00+00:00,65.0,65.14,64.695,64.935,7669.0
2025-04-16 18:30:00+00:00,64.935,65.01,64.18,64.215,14692.0
2025-04-16 18:45:00+00:00,64.22,64.3,63.84,63.85,19015.0
2025-04-16 19:00:00+00:00,63.855,63.895,63.19,63.43,25981.0
2025-04-16 19:15:00+00:00,63.43,63.54,62.955,63.04,32427.0
2025-04-16 19:30:00+00:00,63.045,64.07,63.045,64.05,48178.0
2025-04-16 19:45:00+00:00,64.045,65.285,64.025,65.16,75233.0
2025-04-17 13:30:00+00:00,65.48,65.48,64.56,64.635,32243.0
2025-04-17 13:45:00+00:00,64.635,64.905,64.35,64.665,23888.0
2025-04-17 14:00:00+00:00,64.67,65.065,64.41,64.925,26475.0
2025-04-17 14:15:00+00:00,64.925,65.185,64.38,64.44,15332.0
2025-04-17 14:30:00+00:00,64.47,64.765,64.145,64.71,13659.0
2025-04-17 14:45:00+00:00,64.715,64.99,64.365,64.69,8158.0
2025-04-17 15:00:00+00:00,64.695,65.145,64.365,65.06,11278.0
2025-04-17 15:15:00+00:00,65.055,65.275,64.73,64.815,9825.0
2025-04-17 15:30:00+00:00,64.815,65.1,64.77,64.81,13782.0
2025-04-17 15:45:00+00:00,64.81,64.855,64.54,64.63,10244.0
2025-04-17 16:00:00+00:00,64.615,65.08,64.33,64.69,11127.0
2025-04-17 16:15:00+00:00,64.695,65.275,64.63,65.165,12974.0
2025-04-17 16:30:00+00:00,65.165,65.37,64.745,64.8,15032.0
2025-04-17 16:45:00+00:00,64.8,65.07,64.705,64.76,27007.0
2025-04-17 17:00:00+00:00,64.755,64.835,64.375,64.56,28064.0
2025-04-17 17:15:00+00:00,64.56,64.63,64.07,64.085,20758.0
2025-04-17 17:30:00+00:00,64.09,64.33,63.945,64.22,30614.0
2025-04-17 17:45:00+00:00,64.195,64.645,64.19,64.37,21325.0
2025-04-17 18:00:00+00:00,64.375,64.6,64.335,64.385,18610.0
2025-04-17 18:15:00+00:00,64.38,64.68,64.34,64.475,21847.0
2025-04-17 18:30:00+00:00,64.475,64.745,64.33,64.4,23427.0
2025-04-17 18:45:00+00:00,64.38,64.465,63.9,63.915,13235.0
2025-04-17 19:00:00+00:00,63.915,64.1,63.79,63.825,23242.0
2025-04-17 19:15:00+00:00,63.825,63.98,63.56,63.78,23858.0
2025-04-17 19:30:00+00:00,63.775,64.04,63.73,63.83,18602.0
2025-04-17 19:45:00+00:00,63.835,63.885,63.48,63.73,87618.0
2025-04-18 13:30:00+00:00,63.73,63.73,63.73,63.73,0.0
2025-04-18 13:45:00+00:00,63.73,63.73,63.73,63.73,0.0
2025-04-18 14:00:00+00:00,63.73,63.73,63.73,63.73,0.0
2025-04-18 14:15:00+00:00,63.73,63.73,63.73,63.73,0.0
2025-04-18 14:30:00+00:00,63.73,63.73,63.73,63.73,0.0
2025-04-18 14:45:00+00:00,63.73,63.73,63.73,63.73,0.0
2025-04-18 15:00:00+00:00,63.73,63.73,63.73,63.73,0.0
2025-04-18 15:15:00+00:00,63.73,63.73,63.73,63.73,0.0
2025-04-18 15:30:00+00:00,63.73,63.73,63.73,63.73,0.0
2025-04-18 15:45:00+00:00,63.73,63.73,63.73,63.73,0.0
2025-04-18 16:00:00+00:00,63.73,63.73,63.73,63.73,0.0
2025-04-18 16:15:00+00:00,63.73,63.73,63.73,63.73,0.0
2025-04-18 16:30:00+00:00,63.73,63.73,63.73,63.73,0.0
2025-04-18 16:45:00+00:00,63.73,63.73,63.73,63.73,0.0
2025-04-18 17:00:00+00:00,63.73,63.73,63.73,63.73,0.0
2025-04-18 17:15:00+00:00,63.73,63.73,63.73,63.73,0.0
2025-04-18 17:30:00+00:00,63.73,63.73,63.73,63.73,0.0
2025-04-18 17:45:00+00:00,63.73,63.73,63.73,63.73,0.0
2025-04-18 18:00:00+00:00,63.73,63.73,63.73,63.73,0.0
2025-04-18 18:15:00+00:00,63.73,63.73,63.73,63.73,0.0
2025-04-18 18:30:00+00:00,63.73,63.73,63.73,63.73,0.0
2025-04-18 18:45:00+00:00,63.73,63.73,63.73,63.73,0.0
2025-04-18 19:00:00+00:00,63.73,63.73,63.73,63.73,0.0
2025-04-18 19:15:00+00:00,63.73,63.73,63.73,63.73,0.0
2025-04-18 19:30:00+00:00,63.73,63.73,63.73,63.73,0.0
2025-04-18 19:45:00+00:00,63.73,63.73,63.73,63.73,0.0
2025-04-21 13:30:00+00:00,62.67,62.67,61.89,62.135,27699.0
2025-04-21 13:45:00+00:00,62.135,62.265,61.93,61.93,16414.0
2025-04-21 14:00:00+00:00,61.915,62.005,61.69,61.93,20208.0
2025-04-21 14:15:00+00:00,61.93,61.94,61.35,61.67,27584.0
2025-04-21 14:30:00+00:00,61.68,62.295,61.655,62.16,22672.0
2025-04-21 14:45:00+00:00,62.16,62.31,61.99,62.2,21874.0
2025-04-21 15:00:00+00:00,62.2,62.255,61.675,61.68,8381.0
2025-04-21 15:15:00+00:00,61.68,61.79,61.54,61.54,6763.0
2025-04-21 15:30:00+00:00,61.55,61.57,61.245,61.255,12853.0
2025-04-21 15:45:00+00:00,61.25,61.355,61.13,61.205,14922.0
2025-04-21 16:00:00+00:00,61.2,61.73,61.2,61.64,8606.0
2025-04-21 16:15:00+00:00,61.655,61.73,61.49,61.595,4467.0
2025-04-21 16:30:00+00:00,61.595,62.095,61.56,61.99,8304.0
2025-04-21 16:45:00+00:00,61.99,62.1,61.68,61.81,5913.0
2025-04-21 17:00:00+00:00,61.825,61.995,61.595,61.71,8191.0
2025-04-21 17:15:00+00:00,61.71,61.945,61.64,61.69,7735.0
2025-04-21 17:30:00+00:00,61.69,61.925,61.45,61.48,9797.0
2025-04-21 17:45:00+00:00,61.48,61.55,61.3,61.35,7070.0
2025-04-21 18:00:00+00:00,61.35,61.605,61.26,61.56,5976.0
2025-04-21 18:15:00+00:00,61.55,61.75,61.41,61.49,12643.0
2025-04-21 18:30:00+00:00,61.49,61.665,61.25,61.28,18070.0
2025-04-21 18:45:00+00:00,61.28,61.38,61.01,61.27,14102.0
2025-04-21 19:00:00+00:00,61.27,61.595,61.245,61.39,26331.0
2025-04-21 19:15:00+00:00,61.39,61.72,61.34,61.555,49390.0
2025-04-21 19:30:00+00:00,61.53,61.875,61.43,61.805,60412.0
2025-04-21 19:45:00+00:00,61.805,62.54,61.65,62.4,68685.0
2025-04-22 13:30:00+00:00,62.965,63.685,62.61,63.685,42787.0
2025-04-22 13:45:00+00:00,63.68,63.76,63.07,63.335,36767.0
2025-04-22 14:00:00+00:00,63.35,63.78,63.105,63.555,19934.0
2025-04-22 14:15:00+00:00,63.56,63.61,63.26,63.36,13486.0
2025-04-22 14:30:00+00:00,63.36,63.425,63.145,63.355,12442.0
2025-04-22 14:45:00+00:00,63.355,63.505,63.18,63.47,8649.0
2025-04-22 15:00:00+00:00,63.46,63.78,63.45,63.65,16888.0
2025-04-22 15:15:00+00:00,63.645,63.67,63.3,63.35,12241.0
2025-04-22 15:30:00+00:00,63.35,63.37,62.955,62.97,8887.0
2025-04-22 15:45:00+00:00,62.97,63.385,62.92,63.335,10576.0
2025-04-22 16:00:00+00:00,63.335,63.855,63.33,63.775,9843.0
2025-04-22 16:15:00+00:00,63.775,64.01,63.68,63.895,18071.0
2025-04-22 16:30:00+00:00,63.9,64.085,63.495,63.82,5393.0
2025-04-22 16:45:00+00:00,63.825,63.94,63.65,63.725,6399.0
2025-04-22 17:00:00+00:00,63.73,63.965,63.47,63.565,8573.0
2025-04-22 17:15:00+00:00,63.565,63.565,62.97,63.09,6886.0
2025-04-22 17:30:00+00:00,63.09,63.335,62.955,63.31,5228.0
2025-04-22 17:45:00+00:00,63.305,63.32,62.96,62.96,3966.0
2025-04-22 18:00:00+00:00,62.96,63.255,62.935,63.12,5875.0
2025-04-22 18:15:00+00:00,63.12,63.325,62.995,63.28,16292.0
2025-04-22 18:30:00+00:00,63.28,63.375,63.24,63.3,12194.0
2025-04-22 18:45:00+00:00,63.31,63.58,63.305,63.545,10641.0
2025-04-22 19:00:00+00:00,63.56,63.68,63.31,63.495,5819.0
2025-04-22 19:15:00+00:00,63.495,63.5,62.97,62.985,14152.0
2025-04-22 19:30:00+00:00,62.95,63.28,62.765,63.25,14289.0
2025-04-22 19:45:00+00:00,63.225,63.595,63.2,63.46,28500.0
2025-04-23 13:30:00+00:00,66.835,67.505,66.38,67.385,52137.0
2025-04-23 13:45:00+00:00,67.36,67.795,66.92,67.07,16651.0
2025-04-23 14:00:00+00:00,66.62,67.705,66.62,67.465,20003.0
2025-04-23 14:15:00+00:00,67.455,67.72,67.09,67.64,16325.0
2025-04-23 14:30:00+00:00,67.65,68.02,67.515,67.71,14166.0
2025-04-23 14:45:00+00:00,67.71,67.85,67.5,67.59,21294.0
2025-04-23 15:00:00+00:00,67.6,67.775,67.33,67.665,7824.0
2025-04-23 15:15:00+00:00,67.665,67.725,66.73,66.9,16986.0
2025-04-23 15:30:00+00:00,66.9,67.09,66.555,66.75,12174.0
2025-04-23 15:45:00+00:00,66.785,66.88,66.46,66.84,13313.0
2025-04-23 16:00:00+00:00,66.83,66.935,66.53,66.65,14983.0
2025-04-23 16:15:00+00:00,66.665,66.84,66.345,66.82,18208.0
2025-04-23 16:30:00+00:00,66.82,67.085,66.76,66.995,12511.0
2025-04-23 16:45:00+00:00,66.995,67.38,66.78,67.265,9302.0
2025-04-23 17:00:00+00:00,67.265,67.58,66.61,67.56,12549.0
2025-04-23 17:15:00+00:00,67.56,67.595,67.24,67.255,26894.0
2025-04-23 17:30:00+00:00,67.255,67.45,66.985,67.29,11229.0
2025-04-23 17:45:00+00:00,67.28,67.595,67.155,67.415,10140.0
2025-04-23 18:00:00+00:00,67.4,67.575,67.24,67.455,9307.0
2025-04-23 18:15:00+00:00,67.48,67.62,67.095,67.145,11007.0
2025-04-23 18:30:00+00:00,67.15,67.33,66.8,66.82,10522.0
2025-04-23 18:45:00+00:00,66.82,67.15,66.8,67.015,12008.0
2025-04-23 19:00:00+00:00,67.01,67.11,66.785,66.9,17544.0
2025-04-23 19:15:00+00:00,66.905,66.905,66.46,66.63,23658.0
2025-04-23 19:30:00+00:00,66.65,66.805,66.335,66.59,30561.0
2025-04-23 19:45:00+00:00,66.59,67.02,66.43,66.645,86218.0
2025-04-24 13:30:00+00:00,69.66,69.66,67.56,68.79,78206.0
2025-04-24 13:45:00+00:00,68.825,70.605,68.69,70.5,82260.0
2025-04-24 14:00:00+00:00,70.42,71.21,70.23,70.41,33396.0
2025-04-24 14:15:00+00:00,70.41,71.06,70.245,70.945,31286.0
2025-04-24 14:30:00+00:00,70.87,70.96,70.26,70.62,26633.0
2025-04-24 14:45:00+00:00,70.645,70.815,70.22,70.62,16426.0
2025-04-24 15:00:00+00:00,70.61,71.01,70.565,70.865,10622.0
2025-04-24 15:15:00+00:00,70.865,70.89,70.305,70.42,11675.0
2025-04-24 15:30:00+00:00,70.44,70.6,70.215,70.465,13403.0
2025-04-24 15:45:00+00:00,70.465,70.645,70.305,70.455,16069.0
2025-04-24 16:00:00+00:00,70.46,70.635,70.095,70.62,12444.0
2025-04-24 16:15:00+00:00,70.625,70.84,70.47,70.775,12514.0
2025-04-24 16:30:00+00:00,70.76,71.02,70.56,70.585,24654.0
2025-04-24 16:45:00+00:00,70.585,70.765,70.35,70.685,20724.0
2025-04-24 17:00:00+00:00,70.685,70.95,70.6,70.86,12853.0
2025-04-24 17:15:00+00:00,70.85,71.035,70.64,70.885,13343.0
2025-04-24 17:30:00+00:00,70.89,71.13,70.86,71.1,9061.0
2025-04-24 17:45:00+00:00,71.11,71.11,70.74,71.025,7541.0
2025-04-24 18:00:00+00:00,71.01,71.23,70.785,70.81,9093.0
2025-04-24 18:15:00+00:00,70.815,71.085,70.595,70.765,8522.0
2025-04-24 18:30:00+00:00,70.765,70.935,70.705,70.795,8891.0
2025-04-24 18:45:00+00:00,70.795,70.975,70.65,70.835,8807.0
2025-04-24 19:00:00+00:00,70.835,70.89,70.495,70.635,11917.0
2025-04-24 19:15:00+00:00,70.63,70.99,70.61,70.705,17137.0
2025-04-24 19:30:00+00:00,70.705,70.86,70.505,70.765,20709.0
2025-04-24 19:45:00+00:00,70.775,71.04,70.605,70.87,65535.0
2025-04-25 13:30:00+00:00,70.425,71.4,70.29,70.88,15418.0
2025-04-25 13:45:00+00:00,70.9,71.12,70.805,70.87,12196.0
2025-04-25 14:00:00+00:00,71.09,71.71,70.98,71.7,12132.0
2025-04-25 14:15:00+00:00,71.68,71.68,70.875,71.015,7613.0
2025-04-25 14:30:00+00:00,71.015,71.465,70.825,71.345,7376.0
2025-04-25 14:45:00+00:00,71.33,71.63,71.235,71.41,14574.0
2025-04-25 15:00:00+00:00,71.42,71.475,71.285,71.47,8830.0
2025-04-25 15:15:00+00:00,71.465,71.545,71.18,71.21,11888.0
2025-04-25 15:30:00+00:00,71.235,71.26,70.895,71.015,7056.0
2025-04-25 15:45:00+00:00,71.045,71.24,70.91,71.14,7674.0
2025-04-25 16:00:00+00:00,71.14,71.33,71.11,71.315,7674.0
2025-04-25 16:15:00+00:00,71.315,71.52,71.255,71.425,8956.0
2025-04-25 16:30:00+00:00,71.43,71.84,71.35,71.82,13182.0
2025-04-25 16:45:00+00:00,71.82,71.89,71.625,71.88,20779.0
2025-04-25 17:00:00+00:00,71.87,72.04,71.815,72.035,12956.0
2025-04-25 17:15:00+00:00,72.035,72.285,71.97,72.26,18308.0
2025-04-25 17:30:00+00:00,72.27,72.27,71.31,71.48,10530.0
2025-04-25 17:45:00+00:00,71.495,71.67,70.95,71.33,6037.0
2025-04-25 18:00:00+00:00,71.33,71.525,71.245,71.315,6554.0
2025-04-25 18:15:00+00:00,71.32,71.56,71.255,71.495,4827.0
2025-04-25 18:30:00+00:00,71.5,71.74,71.31,71.685,6192.0
2025-04-25 18:45:00+00:00,71.685,71.725,71.405,71.485,7803.0
2025-04-25 19:00:00+00:00,71.485,71.585,71.305,71.405,11950.0
2025-04-25 19:15:00+00:00,71.405,71.585,71.225,71.41,11070.0
2025-04-25 19:30:00+00:00,71.4,71.4,70.96,71.075,22288.0
2025-04-25 19:45:00+00:00,71.08,71.45,70.875,71.385,55247.0
2025-04-28 13:30:00+00:00,70.925,71.93,70.8,71.925,7226.0
2025-04-28 13:45:00+00:00,71.925,71.94,70.98,71.005,11135.0
2025-04-28 14:00:00+00:00,71.0,71.615,70.695,71.535,14458.0
2025-04-28 14:15:00+00:00,71.535,71.92,71.515,71.6,14203.0
2025-04-28 14:30:00+00:00,71.605,71.79,71.31,71.745,12002.0
2025-04-28 14:45:00+00:00,71.745,71.76,70.915,70.995,12656.0
2025-04-28 15:00:00+00:00,70.985,71.175,70.53,70.85,10373.0
2025-04-28 15:15:00+00:00,70.85,70.92,70.13,70.185,12377.0
2025-04-28 15:30:00+00:00,70.185,70.675,70.18,70.555,8112.0
2025-04-28 15:45:00+00:00,70.55,70.67,70.375,70.465,4491.0
2025-04-28 16:00:00+00:00,70.455,70.6,70.045,70.18,9849.0
2025-04-28 16:15:00+00:00,70.18,70.515,70.175,70.32,7326.0
2025-04-28 16:30:00+00:00,70.345,70.865,70.33,70.745,3978.0
2025-04-28 16:45:00+00:00,70.74,70.805,70.435,70.53,8070.0
2025-04-28 17:00:00+00:00,70.535,70.68,70.085,70.105,8470.0
2025-04-28 17:15:00+00:00,70.105,70.355,70.04,70.11,9714.0
2025-04-28 17:30:00+00:00,70.11,70.445,69.955,70.405,6371.0
2025-04-28 17:45:00+00:00,70.405,70.52,70.335,70.48,4818.0
2025-04-28 18:00:00+00:00,70.485,70.68,70.405,70.645,4430.0
2025-04-28 18:15:00+00:00,70.645,70.915,70.59,70.83,4671.0
2025-04-28 18:30:00+00:00,70.83,71.075,70.735,71.0,6495.0
2025-04-28 18:45:00+00:00,71.0,71.08,70.9,70.935,3537.0
2025-04-28 19:00:00+00:00,70.95,71.25,70.915,71.24,5489.0
2025-04-28 19:15:00+00:00,71.24,71.43,71.225,71.3,16382.0
2025-04-28 19:30:00+00:00,71.29,71.56,71.26,71.39,23394.0
2025-04-28 19:45:00+00:00,71.39,71.72,71.305,71.53,48751.0
2025-04-29 13:30:00+00:00,70.95,71.15,70.44,70.825,21640.0
2025-04-29 13:45:00+00:00,70.8,71.655,70.8,71.315,12459.0
2025-04-29 14:00:00+00:00,71.28,71.64,71.19,71.55,8009.0
2025-04-29 14:15:00+00:00,71.55,71.64,70.83,70.865,13972.0
2025-04-29 14:30:00+00:00,70.865,71.335,70.795,71.2,5669.0
2025-04-29 14:45:00+00:00,71.2,71.38,71.055,71.265,3995.0
2025-04-29 15:00:00+00:00,71.255,71.345,71.005,71.09,5564.0
2025-04-29 15:15:00+00:00,71.08,71.17,70.75,70.87,9647.0
2025-04-29 15:30:00+00:00,70.875,71.075,70.615,71.055,6055.0
2025-04-29 15:45:00+00:00,71.035,71.2,70.805,70.825,3767.0
2025-04-29 16:00:00+00:00,70.825,71.175,70.72,71.11,5855.0
2025-04-29 16:15:00+00:00,71.095,71.11,70.705,70.765,4259.0
2025-04-29 16:30:00+00:00,70.765,71.035,70.63,70.74,4662.0
2025-04-29 16:45:00+00:00,70.74,70.76,70.17,70.415,5135.0
2025-04-29 17:00:00+00:00,70.415,70.62,70.285,70.48,2959.0
2025-04-29 17:15:00+00:00,70.48,70.755,70.445,70.67,3457.0
2025-04-29 17:30:00+00:00,70.67,71.16,70.605,70.825,4630.0
2025-04-29 17:45:00+00:00,70.86,71.555,70.815,71.29,17071.0
2025-04-29 18:00:00+00:00,71.285,71.665,71.255,71.42,9251.0
2025-04-29 18:15:00+00:00,71.42,71.675,71.16,71.51,5970.0
2025-04-29 18:30:00+00:00,71.51,71.685,71.31,71.59,8971.0
2025-04-29 18:45:00+00:00,71.59,71.655,71.245,71.295,4311.0
2025-04-29 19:00:00+00:00,71.295,71.61,71.085,71.47,9833.0
2025-04-29 19:15:00+00:00,71.47,71.47,71.235,71.345,15131.0
2025-04-29 19:30:00+00:00,71.345,71.395,70.945,71.08,14815.0
2025-04-29 19:45:00+00:00,71.08,71.575,70.77,70.895,54011.0
2025-04-30 13:30:00+00:00,68.855,69.63,68.53,68.81,33386.0
2025-04-30 13:45:00+00:00,68.81,69.28,68.665,68.89,17875.0
2025-04-30 14:00:00+00:00,68.835,69.62,68.785,69.53,8795.0
2025-04-30 14:15:00+00:00,69.53,70.04,69.365,69.99,6647.0
2025-04-30 14:30:00+00:00,69.96,70.215,69.745,70.08,9493.0
2025-04-30 14:45:00+00:00,70.075,70.155,69.675,69.825,8304.0
2025-04-30 15:00:00+00:00,69.825,70.11,69.785,69.94,7440.0
2025-04-30 15:15:00+00:00,69.95,70.24,69.91,70.18,10447.0
2025-04-30 15:30:00+00:00,70.18,70.23,69.885,70.185,6778.0
2025-04-30 15:45:00+00:00,70.21,70.28,70.015,70.17,4139.0
2025-04-30 16:00:00+00:00,70.11,70.37,70.02,70.16,3565.0
2025-04-30 16:15:00+00:00,70.15,70.43,69.77,69.795,3956.0
2025-04-30 16:30:00+00:00,69.795,70.025,69.675,69.93,5831.0
2025-04-30 16:45:00+00:00,69.93,70.04,69.85,70.02,5078.0
2025-04-30 17:00:00+00:00,70.02,70.325,69.64,69.735,4069.0
2025-04-30 17:15:00+00:00,69.735,70.215,69.73,70.185,5216.0
2025-04-30 17:30:00+00:00,70.185,70.5,70.135,70.485,7311.0
2025-04-30 17:45:00+00:00,70.465,70.515,70.32,70.42,9551.0
2025-04-30 18:00:00+00:00,70.43,70.98,70.28,70.735,7679.0
2025-04-30 18:15:00+00:00,70.735,70.98,70.54,70.66,16824.0
2025-04-30 18:30:00+00:00,70.665,70.81,70.4,70.48,15975.0
2025-04-30 18:45:00+00:00,70.485,71.01,70.475,70.605,20910.0
2025-04-30 19:00:00+00:00,70.605,70.835,70.605,70.815,10201.0
2025-04-30 19:15:00+00:00,70.81,70.83,70.6,70.63,9824.0
2025-04-30 19:30:00+00:00,70.645,71.12,70.615,71.085,6918.0
2025-04-30 19:45:00+00:00,71.09,71.83,71.08,71.79,31632.0
2025-05-01 13:30:00+00:00,72.18,72.485,71.45,71.715,23680.0
2025-05-01 13:45:00+00:00,71.77,72.195,71.465,71.465,29048.0
2025-05-01 14:00:00+00:00,71.68,72.135,71.57,72.07,13872.0
2025-05-01 14:15:00+00:00,72.095,72.585,72.0,72.51,13389.0
2025-05-01 14:30:00+00:00,72.47,72.875,72.29,72.3,39456.0
2025-05-01 14:45:00+00:00,72.315,72.74,72.3,72.735,17794.0
2025-05-01 15:00:00+00:00,72.73,73.285,72.675,73.15,17769.0
2025-05-01 15:15:00+00:00,73.14,73.53,73.09,73.235,28547.0
2025-05-01 15:30:00+00:00,73.24,73.345,72.97,72.995,9411.0
2025-05-01 15:45:00+00:00,72.99,73.065,72.52,72.605,11243.0
2025-05-01 16:00:00+00:00,72.61,73.02,72.555,72.74,6781.0
2025-05-01 16:15:00+00:00,72.74,72.83,72.435,72.815,11740.0
2025-05-01 16:30:00+00:00,72.82,73.085,72.695,72.9,19306.0
2025-05-01 16:45:00+00:00,72.895,72.995,72.745,72.88,11655.0
2025-05-01 17:00:00+00:00,72.89,73.265,72.835,73.075,12233.0
2025-05-01 17:15:00+00:00,73.075,73.225,72.99,73.05,15217.0
2025-05-01 17:30:00+00:00,73.05,73.195,72.75,72.83,15117.0
2025-05-01 17:45:00+00:00,72.83,73.005,72.745,72.89,7370.0
2025-05-01 18:00:00+00:00,72.875,73.235,72.8,72.965,10102.0
2025-05-01 18:15:00+00:00,72.97,73.225,72.54,72.71,16551.0
2025-05-01 18:30:00+00:00,72.71,72.99,72.585,72.72,12354.0
2025-05-01 18:45:00+00:00,72.73,72.835,72.57,72.765,18473.0
2025-05-01 19:00:00+00:00,72.765,72.815,72.555,72.795,17400.0
2025-05-01 19:15:00+00:00,72.79,72.81,72.51,72.76,5688.0
2025-05-01 19:30:00+00:00,72.765,72.775,72.33,72.34,11806.0
2025-05-01 19:45:00+00:00,72.35,72.455,71.64,71.71,52876.0
2025-05-02 13:30:00+00:00,73.855,75.18,73.855,74.83,39243.0
2025-05-02 13:45:00+00:00,74.87,75.06,74.145,74.33,16497.0
2025-05-02 14:00:00+00:00,74.35,75.02,74.32,74.9,12564.0
2025-05-02 14:15:00+00:00,74.895,74.96,74.615,74.81,21083.0
2025-05-02 14:30:00+00:00,74.795,75.085,74.605,74.78,14638.0
2025-05-02 14:45:00+00:00,74.78,74.815,74.475,74.605,13277.0
2025-05-02 15:00:00+00:00,74.605,74.98,74.51,74.88,11747.0
2025-05-02 15:15:00+00:00,74.875,75.06,74.57,74.72,14666.0
2025-05-02 15:30:00+00:00,74.73,75.025,74.53,74.73,14250.0
2025-05-02 15:45:00+00:00,74.715,75.195,74.545,75.05,11113.0
2025-05-02 16:00:00+00:00,75.06,75.66,74.985,75.4,13175.0
2025-05-02 16:15:00+00:00,75.4,75.59,74.89,74.96,7907.0
2025-05-02 16:30:00+00:00,74.96,75.31,74.85,75.23,8436.0
2025-05-02 16:45:00+00:00,75.22,75.345,75.155,75.175,7965.0
2025-05-02 17:00:00+00:00,75.165,75.265,74.805,74.895,7114.0
2025-05-02 17:15:00+00:00,74.91,75.165,74.87,74.955,5805.0
2025-05-02 17:30:00+00:00,74.955,75.135,74.64,74.755,8557.0
2025-05-02 17:45:00+00:00,74.75,75.075,74.46,74.56,7172.0
2025-05-02 18:00:00+00:00,74.555,74.99,74.515,74.74,7161.0
2025-05-02 18:15:00+00:00,74.74,74.87,74.55,74.86,7512.0
2025-05-02 18:30:00+00:00,74.865,75.16,74.645,74.925,8211.0
2025-05-02 18:45:00+00:00,74.93,75.125,74.58,74.83,15742.0
2025-05-02 19:00:00+00:00,74.815,75.075,74.68,74.755,16603.0
2025-05-02 19:15:00+00:00,74.75,75.135,74.705,74.935,13504.0
2025-05-02 19:30:00+00:00,74.93,74.945,74.64,74.745,14416.0
2025-05-02 19:45:00+00:00,74.745,74.755,74.12,74.49,59832.0
2025-05-05 13:30:00+00:00,73.875,74.81,73.815,74.485,15774.0
2025-05-05 13:45:00+00:00,74.51,74.72,74.345,74.48,9212.0
2025-05-05 14:00:00+00:00,74.63,74.895,74.38,74.48,9750.0
2025-05-05 14:15:00+00:00,74.485,74.795,74.28,74.52,7083.0
2025-05-05 14:30:00+00:00,74.515,74.66,74.19,74.385,4083.0
2025-05-05 14:45:00+00:00,74.385,74.65,74.185,74.37,5896.0
2025-05-05 15:00:00+00:00,74.37,74.62,74.235,74.58,5847.0
2025-05-05 15:15:00+00:00,74.55,74.695,74.395,74.52,6416.0
2025-05-05 15:30:00+00:00,74.525,74.58,74.16,74.35,4483.0
2025-05-05 15:45:00+00:00,74.35,74.555,74.175,74.19,4756.0
2025-05-05 16:00:00+00:00,74.185,74.33,74.0,74.23,4855.0
2025-05-05 16:15:00+00:00,74.23,74.53,74.225,74.29,2830.0
2025-05-05 16:30:00+00:00,74.29,74.365,74.185,74.345,3121.0
2025-05-05 16:45:00+00:00,74.34,74.36,74.24,74.32,4235.0
2025-05-05 17:00:00+00:00,74.3,74.32,74.2,74.22,4931.0
2025-05-05 17:15:00+00:00,74.22,74.24,74.135,74.18,5126.0
2025-05-05 17:30:00+00:00,74.18,74.35,74.16,74.34,7037.0
2025-05-05 17:45:00+00:00,74.34,74.785,74.315,74.48,6563.0
2025-05-05 18:00:00+00:00,74.48,74.865,74.46,74.69,8950.0
2025-05-05 18:15:00+00:00,74.69,74.86,74.505,74.6,7108.0
2025-05-05 18:30:00+00:00,74.595,74.795,74.57,74.775,6485.0
2025-05-05 18:45:00+00:00,74.77,74.865,74.51,74.57,5636.0
2025-05-05 19:00:00+00:00,74.555,74.56,74.305,74.335,5330.0
2025-05-05 19:15:00+00:00,74.335,74.45,74.17,74.2,10341.0
2025-05-05 19:30:00+00:00,74.19,74.3,74.09,74.13,13360.0
2025-05-05 19:45:00+00:00,74.13,74.165,73.8,73.885,44188.0
2025-05-06 13:30:00+00:00,72.56,73.345,72.56,73.045,8314.0
2025-05-06 13:45:00+00:00,73.075,73.225,72.625,72.77,12985.0
2025-05-06 14:00:00+00:00,72.775,73.11,72.685,72.96,5273.0
2025-05-06 14:15:00+00:00,72.98,73.26,72.9,73.22,9167.0
2025-05-06 14:30:00+00:00,73.25,73.305,73.035,73.185,6037.0
2025-05-06 14:45:00+00:00,73.19,73.345,73.09,73.12,5693.0
2025-05-06 15:00:00+00:00,73.105,73.225,72.91,73.055,4510.0
2025-05-06 15:15:00+00:00,73.055,73.215,72.92,73.215,4584.0
2025-05-06 15:30:00+00:00,73.21,73.475,73.085,73.205,6129.0
2025-05-06 15:45:00+00:00,73.235,73.325,73.07,73.17,5052.0
2025-05-06 16:00:00+00:00,73.17,73.785,73.075,73.68,5358.0
2025-05-06 16:15:00+00:00,73.68,73.83,73.1,73.355,4401.0
2025-05-06 16:30:00+00:00,73.355,73.51,73.2,73.255,4880.0
2025-05-06 16:45:00+00:00,73.27,73.285,72.93,72.94,3150.0
2025-05-06 17:00:00+00:00,72.955,73.22,72.955,73.145,4242.0
2025-05-06 17:15:00+00:00,73.155,73.175,72.825,73.0,1717.0
2025-05-06 17:30:00+00:00,72.975,73.22,72.965,73.06,2041.0
2025-05-06 17:45:00+00:00,73.05,73.12,72.865,72.91,1734.0
2025-05-06 18:00:00+00:00,72.905,73.12,72.875,72.93,2640.0
2025-05-06 18:15:00+00:00,72.93,73.315,72.915,73.27,2249.0
2025-05-06 18:30:00+00:00,73.225,73.45,73.22,73.4,2871.0
2025-05-06 18:45:00+00:00,73.405,73.53,73.305,73.47,1834.0
2025-05-06 19:00:00+00:00,73.465,73.52,73.31,73.43,4381.0
2025-05-06 19:15:00+00:00,73.43,73.485,73.23,73.44,7843.0
2025-05-06 19:30:00+00:00,73.435,73.835,73.4,73.825,16256.0
2025-05-06 19:45:00+00:00,73.83,73.88,73.14,73.14,38168.0
2025-05-07 13:30:00+00:00,73.445,73.72,72.895,73.325,14686.0
2025-05-07 13:45:00+00:00,73.33,73.605,73.05,73.435,10064.0
2025-05-07 14:00:00+00:00,73.435,73.7,73.33,73.495,7606.0
2025-05-07 14:15:00+00:00,73.5,73.575,73.29,73.51,3557.0
2025-05-07 14:30:00+00:00,73.51,73.615,73.405,73.565,2607.0
2025-05-07 14:45:00+00:00,73.57,73.65,73.225,73.425,12907.0
2025-05-07 15:00:00+00:00,73.425,73.5,73.3,73.36,6591.0
2025-05-07 15:15:00+00:00,73.36,73.67,73.35,73.55,7223.0
2025-05-07 15:30:00+00:00,73.545,73.87,73.505,73.83,2861.0
2025-05-07 15:45:00+00:00,73.83,74.03,73.68,74.02,4047.0
2025-05-07 16:00:00+00:00,74.015,74.03,73.82,73.95,3381.0
2025-05-07 16:15:00+00:00,73.955,74.02,73.7,73.735,2997.0
2025-05-07 16:30:00+00:00,73.735,74.12,73.62,74.095,7025.0
2025-05-07 16:45:00+00:00,74.09,74.345,74.0,74.305,3920.0
2025-05-07 17:00:00+00:00,74.285,74.39,74.255,74.325,4091.0
2025-05-07 17:15:00+00:00,74.33,74.34,74.005,74.04,2574.0
2025-05-07 17:30:00+00:00,74.045,74.135,73.84,73.85,3723.0
2025-05-07 17:45:00+00:00,73.855,73.97,73.595,73.665,5294.0
2025-05-07 18:00:00+00:00,73.61,73.895,73.015,73.115,14210.0
2025-05-07 18:15:00+00:00,73.115,73.69,72.985,73.565,3155.0
2025-05-07 18:30:00+00:00,73.56,73.955,73.475,73.815,10093.0
2025-05-07 18:45:00+00:00,73.82,74.205,73.41,74.085,9941.0
2025-05-07 19:00:00+00:00,74.075,74.14,73.755,73.965,6294.0
2025-05-07 19:15:00+00:00,73.965,74.07,73.36,73.435,3898.0
2025-05-07 19:30:00+00:00,73.43,75.155,73.395,75.02,8429.0
2025-05-07 19:45:00+00:00,75.025,75.295,74.13,75.295,43189.0
2025-05-08 13:30:00+00:00,76.22,76.29,75.415,75.52,12063.0
2025-05-08 13:45:00+00:00,75.525,75.77,75.355,75.705,11936.0
2025-05-08 14:00:00+00:00,75.7,75.84,75.38,75.38,7048.0
2025-05-08 14:15:00+00:00,75.39,75.66,75.325,75.64,6864.0
2025-05-08 14:30:00+00:00,75.64,75.785,75.29,75.445,9765.0
2025-05-08 14:45:00+00:00,75.45,75.645,75.055,75.235,5302.0
2025-05-08 15:00:00+00:00,75.23,75.415,75.12,75.285,5350.0
2025-05-08 15:15:00+00:00,75.255,75.635,75.025,75.34,23024.0
2025-05-08 15:30:00+00:00,75.355,76.11,75.205,76.045,29502.0
2025-05-08 15:45:00+00:00,76.045,76.165,75.525,75.635,14618.0
2025-05-08 16:00:00+00:00,75.64,76.055,75.61,76.05,7956.0
2025-05-08 16:15:00+00:00,76.05,76.23,76.015,76.11,6631.0
2025-05-08 16:30:00+00:00,76.105,76.365,76.06,76.335,7349.0
2025-05-08 16:45:00+00:00,76.335,76.445,76.28,76.345,8295.0
2025-05-08 17:00:00+00:00,76.32,76.36,76.105,76.175,7016.0
2025-05-08 17:15:00+00:00,76.17,76.225,75.96,76.04,9565.0
2025-05-08 17:30:00+00:00,76.05,76.13,75.8,75.935,7007.0
2025-05-08 17:45:00+00:00,75.955,75.985,75.605,75.63,6966.0
2025-05-08 18:00:00+00:00,75.625,75.725,75.475,75.635,7593.0
2025-05-08 18:15:00+00:00,75.635,75.89,75.6,75.745,8300.0
2025-05-08 18:30:00+00:00,75.75,75.955,75.73,75.87,8247.0
2025-05-08 18:45:00+00:00,75.865,75.865,75.59,75.615,7383.0
2025-05-08 19:00:00+00:00,75.605,75.795,75.505,75.68,6408.0
2025-05-08 19:15:00+00:00,75.685,75.905,75.58,75.81,8643.0
2025-05-08 19:30:00+00:00,75.815,75.87,75.485,75.515,13818.0
2025-05-08 19:45:00+00:00,75.52,75.54,74.82,74.91,49657.0
2025-05-09 13:30:00+00:00,75.655,76.325,75.655,76.0,21364.0
2025-05-09 13:45:00+00:00,75.995,76.16,75.62,75.68,9727.0
2025-05-09 14:00:00+00:00,75.625,75.81,75.46,75.58,10878.0
2025-05-09 14:15:00+00:00,75.58,75.64,75.035,75.135,5315.0
2025-05-09 14:30:00+00:00,75.135,75.235,74.885,75.05,7627.0
2025-05-09 14:45:00+00:00,75.055,75.135,74.805,75.07,7224.0
2025-05-09 15:00:00+00:00,75.075,75.29,75.0,75.195,7223.0
2025-05-09 15:15:00+00:00,75.195,75.275,74.795,74.9,11674.0
2025-05-09 15:30:00+00:00,74.9,74.97,74.75,74.87,3419.0
2025-05-09 15:45:00+00:00,74.865,75.025,74.81,75.015,4937.0
2025-05-09 16:00:00+00:00,75.015,75.135,74.675,74.83,2130.0
2025-05-09 16:15:00+00:00,74.83,75.02,74.745,74.955,4455.0
2025-05-09 16:30:00+00:00,74.955,75.14,74.895,75.035,3369.0
2025-05-09 16:45:00+00:00,75.03,75.055,74.76,74.82,8278.0
2025-05-09 17:00:00+00:00,74.845,74.925,74.66,74.78,3283.0
2025-05-09 17:15:00+00:00,74.76,75.025,74.655,74.965,5023.0
2025-05-09 17:30:00+00:00,74.96,75.28,74.95,75.245,5239.0
2025-05-09 17:45:00+00:00,75.245,75.295,75.065,75.2,5617.0
2025-05-09 18:00:00+00:00,75.195,75.24,75.1,75.205,2999.0
2025-05-09 18:15:00+00:00,75.2,75.275,75.045,75.11,6823.0
2025-05-09 18:30:00+00:00,75.105,75.265,75.085,75.21,2476.0
2025-05-09 18:45:00+00:00,75.185,75.32,75.12,75.295,3935.0
2025-05-09 19:00:00+00:00,75.295,75.61,75.245,75.55,7468.0
2025-05-09 19:15:00+00:00,75.55,75.555,75.275,75.44,7910.0
2025-05-09 19:30:00+00:00,75.45,75.485,75.275,75.415,13459.0
2025-05-09 19:45:00+00:00,75.42,75.465,75.215,75.425,39992.0
