date,Close,High,Low,Open,Volume
2022-01-03 00:00:00+00:00,152.63,155.4,150.99,155.28,278379
2022-01-04 00:00:00+00:00,147.94,152.9,145.96,152.73,415636
2022-01-05 00:00:00+00:00,141.49,149.57,141.1422,147.2,442075
2022-01-06 00:00:00+00:00,140.9,142.73,138.22,140.27,257878
2022-01-07 00:00:00+00:00,139.42,146.37,138.18,140.4,279147
2022-01-10 00:00:00+00:00,140.88,141.86,135.04,137.65,287844
2022-01-11 00:00:00+00:00,143.89,144.14,139.27,141.17,222417
2022-01-12 00:00:00+00:00,145.45,147.34,144.39,144.66,399426
2022-01-13 00:00:00+00:00,138.55,147.01,137.8,145.3,246129
2022-01-14 00:00:00+00:00,136.21,138.9,133.93,137.24,266367
2022-01-18 00:00:00+00:00,131.7,134.93,131.34,134.06,511484
2022-01-19 00:00:00+00:00,132.24,136.23,132.04,132.41,245284
2022-01-20 00:00:00+00:00,130.17,136.07,130.05,133.66,201682
2022-01-21 00:00:00+00:00,128.15,136.38,127.465,130.09,270965
2022-01-24 00:00:00+00:00,131.56,131.82,122.43,125.79,315057
2022-01-25 00:00:00+00:00,126.47,129.8557,125.335,128.85,407964
2022-01-26 00:00:00+00:00,124.31,130.9815,122.81,129.78,288740
2022-01-27 00:00:00+00:00,124.55,128.94,123.8452,125.94,265003
2022-01-28 00:00:00+00:00,129.08,129.08,122.67,124.69,285863
2022-01-31 00:00:00+00:00,133.87,134.215,128.665,129.61,492275
2022-02-01 00:00:00+00:00,134.17,135.49,130.67,134.33,628887
2022-02-02 00:00:00+00:00,127.58,136.0,126.49,134.78,902517
2022-02-03 00:00:00+00:00,126.2,130.655,124.94,125.31,778233
2022-02-04 00:00:00+00:00,129.21,131.06,126.13,126.13,377379
2022-02-07 00:00:00+00:00,125.34,130.66,125.18,129.54,434145
2022-02-08 00:00:00+00:00,127.01,127.97,124.45,125.57,431913
2022-02-09 00:00:00+00:00,133.66,133.71,129.64,129.87,341251
2022-02-10 00:00:00+00:00,129.27,134.75,128.4,130.0,374098
2022-02-11 00:00:00+00:00,130.43,131.63,127.4,130.13,620508
2022-02-14 00:00:00+00:00,129.73,131.79,128.08,130.45,671926
2022-02-15 00:00:00+00:00,132.1,132.265,130.38,131.98,306080
2022-02-16 00:00:00+00:00,131.47,132.11,128.94,131.19,270230
2022-02-17 00:00:00+00:00,128.75,132.46,128.23,130.49,427174
2022-02-18 00:00:00+00:00,126.07,130.01,125.075,129.24,333016
2022-02-22 00:00:00+00:00,126.64,128.29,124.21,125.0,514331
2022-02-23 00:00:00+00:00,126.06,128.5,125.48,127.64,444093
2022-02-24 00:00:00+00:00,134.01,134.37,123.45,123.45,489079
2022-02-25 00:00:00+00:00,134.12,134.64,131.45,133.77,358653
2022-02-28 00:00:00+00:00,133.68,135.04,131.36,133.33,356141
2022-03-01 00:00:00+00:00,132.93,136.35,132.2,133.9,325041
2022-03-02 00:00:00+00:00,136.4,136.53,131.83,133.59,456855
2022-03-03 00:00:00+00:00,133.59,138.12,132.68,137.86,264649
2022-03-04 00:00:00+00:00,130.77,136.91,129.61,133.12,233847
2022-03-07 00:00:00+00:00,126.69,132.05,126.6,131.35,424348
2022-03-08 00:00:00+00:00,126.55,128.36,124.61,126.02,461547
2022-03-09 00:00:00+00:00,134.39,135.3499,128.98,129.07,391263
2022-03-10 00:00:00+00:00,131.75,133.74,130.86,132.04,280203
2022-03-11 00:00:00+00:00,130.7,134.0,130.31,132.89,247235
2022-03-14 00:00:00+00:00,127.8,132.85,127.22,130.61,250200
2022-03-15 00:00:00+00:00,129.7,131.17,126.86,128.03,256137
2022-03-16 00:00:00+00:00,135.48,135.535,130.05,131.04,301410
2022-03-17 00:00:00+00:00,136.17,136.17,133.38,134.29,348280
2022-03-18 00:00:00+00:00,140.51,140.83,136.38,136.45,401268
2022-03-21 00:00:00+00:00,138.13,141.36,136.94,139.63,259552
2022-03-22 00:00:00+00:00,145.29,146.05,140.98,142.52,354878
2022-03-23 00:00:00+00:00,140.43,145.45,140.25,142.88,266009
2022-03-24 00:00:00+00:00,140.78,141.06,138.37,140.7,186026
2022-03-25 00:00:00+00:00,137.15,140.84,136.33,140.84,316626
2022-03-28 00:00:00+00:00,139.39,139.41,135.28,137.27,265789
2022-03-29 00:00:00+00:00,144.04,144.66,138.645,141.24,246128
2022-03-30 00:00:00+00:00,142.05,143.305,141.08,142.7,242974
2022-03-31 00:00:00+00:00,138.71,142.54,138.59,141.97,252669
2022-04-01 00:00:00+00:00,140.12,141.21,138.01,138.58,418030
2022-04-04 00:00:00+00:00,141.97,142.76,140.665,140.97,245019
2022-04-05 00:00:00+00:00,139.16,142.91,138.56,142.6,245039
2022-04-06 00:00:00+00:00,137.49,138.73,134.67,137.51,259160
2022-04-07 00:00:00+00:00,137.02,140.84,134.82,137.3,501527
2022-04-08 00:00:00+00:00,134.22,136.99,134.2,136.41,283977
2022-04-11 00:00:00+00:00,132.38,133.73,130.63,132.45,309038
2022-04-12 00:00:00+00:00,133.15,136.92,133.09,134.41,210517
2022-04-13 00:00:00+00:00,136.03,136.54,131.64,132.6,187204
2022-04-14 00:00:00+00:00,136.6,138.54,135.89,136.56,281589
2022-04-18 00:00:00+00:00,137.39,137.97,134.48,135.84,314344
2022-04-19 00:00:00+00:00,141.53,142.61,136.87,137.22,292514
2022-04-20 00:00:00+00:00,142.18,145.545,140.99,142.72,239765
2022-04-21 00:00:00+00:00,138.48,145.74,137.71,144.16,182252
2022-04-22 00:00:00+00:00,132.03,140.505,131.945,138.51,319004
2022-04-25 00:00:00+00:00,134.75,134.89,130.93,131.94,251546
2022-04-26 00:00:00+00:00,129.5,134.17,129.01,133.57,370958
2022-04-27 00:00:00+00:00,129.5,134.485,128.955,129.88,601436
2022-04-28 00:00:00+00:00,132.41,134.9699,126.75,132.14,372738
2022-04-29 00:00:00+00:00,130.55,133.38,130.27,131.59,340996
2022-05-02 00:00:00+00:00,131.35,132.21,128.85,130.55,349660
2022-05-03 00:00:00+00:00,128.48,131.67,127.25,130.27,334708
2022-05-04 00:00:00+00:00,132.43,132.97,125.08,128.53,363050
2022-05-05 00:00:00+00:00,126.0,131.76,123.92,130.16,449793
2022-05-06 00:00:00+00:00,123.84,126.245,120.79,124.71,536978
2022-05-09 00:00:00+00:00,118.02,122.645,117.51,121.35,322984
2022-05-10 00:00:00+00:00,117.83,121.02,114.71,120.42,368905
2022-05-11 00:00:00+00:00,113.47,119.63,112.95,116.73,400881
2022-05-12 00:00:00+00:00,115.45,116.81,112.15,112.35,450269
2022-05-13 00:00:00+00:00,121.78,123.34,116.06,117.44,381737
2022-05-16 00:00:00+00:00,117.94,122.19,117.55,120.39,259599
2022-05-17 00:00:00+00:00,120.78,121.88,117.17,120.44,279530
2022-05-18 00:00:00+00:00,112.66,120.59,111.58,118.7,481913
2022-05-19 00:00:00+00:00,116.81,118.475,111.92,112.49,421955
2022-05-20 00:00:00+00:00,117.66,119.9,114.64,118.7,242834
2022-05-23 00:00:00+00:00,118.05,118.835,115.6,118.67,287132
2022-05-24 00:00:00+00:00,114.37,117.09,113.48,116.16,178530
2022-05-25 00:00:00+00:00,116.19,117.36,113.01,113.01,208516
2022-05-26 00:00:00+00:00,119.11,119.655,115.18,116.09,172732
2022-05-27 00:00:00+00:00,122.58,123.27,120.9,120.97,321051
2022-05-31 00:00:00+00:00,120.93,122.3,119.78,122.0,355168
2022-06-01 00:00:00+00:00,121.7,124.69,119.51,121.95,242244
2022-06-02 00:00:00+00:00,128.62,129.72,115.88,121.25,316892
2022-06-03 00:00:00+00:00,125.52,128.94,124.48,127.02,295964
2022-06-06 00:00:00+00:00,125.31,127.77,124.79,127.77,250738
2022-06-07 00:00:00+00:00,128.6,129.26,122.66,123.65,219631
2022-06-08 00:00:00+00:00,126.81,129.76,126.735,128.67,227764
2022-06-09 00:00:00+00:00,123.47,127.16,123.37,125.34,170035
2022-06-10 00:00:00+00:00,118.5,120.85,117.625,120.85,253067
2022-06-13 00:00:00+00:00,110.88,116.09,110.345,114.4,459407
2022-06-14 00:00:00+00:00,110.62,112.35,108.94,111.81,428077
2022-06-15 00:00:00+00:00,113.62,114.82,111.45,112.62,469727
2022-06-16 00:00:00+00:00,108.72,111.72,107.82,110.99,422169
2022-06-17 00:00:00+00:00,111.27,112.85,109.62,111.05,654053
2022-06-21 00:00:00+00:00,111.35,114.14,111.14,112.42,239253
2022-06-22 00:00:00+00:00,110.82,112.69,109.9494,110.03,262640
2022-06-23 00:00:00+00:00,115.27,115.85,111.095,112.37,215655
2022-06-24 00:00:00+00:00,120.32,120.69,116.82,116.82,411248
2022-06-27 00:00:00+00:00,118.73,120.14,118.04,120.11,187654
2022-06-28 00:00:00+00:00,115.77,120.0,115.54,118.88,187545
2022-06-29 00:00:00+00:00,117.04,117.11,114.83,116.31,208608
2022-06-30 00:00:00+00:00,114.6,115.71,111.74,115.26,374909
2022-07-01 00:00:00+00:00,117.23,117.23,112.59,115.05,258064
2022-07-05 00:00:00+00:00,120.66,121.195,115.39,115.75,294688
2022-07-06 00:00:00+00:00,121.56,123.03,120.61,121.55,306959
2022-07-07 00:00:00+00:00,124.21,125.04,121.5,121.5,178036
2022-07-08 00:00:00+00:00,123.69,124.72,122.29,122.81,162244
2022-07-11 00:00:00+00:00,122.05,123.03,120.555,122.26,131537
2022-07-12 00:00:00+00:00,115.5,123.34,115.41,122.4,509687
2022-07-13 00:00:00+00:00,111.92,114.125,110.9,113.76,470727
2022-07-14 00:00:00+00:00,108.95,112.28,106.02,110.81,576187
2022-07-15 00:00:00+00:00,112.29,112.7507,109.76,110.97,220355
2022-07-18 00:00:00+00:00,112.9,114.52,112.43,113.06,269389
2022-07-19 00:00:00+00:00,114.75,115.675,113.43,114.88,524472
2022-07-20 00:00:00+00:00,118.94,119.88,114.92,115.81,303667
2022-07-21 00:00:00+00:00,120.72,120.845,118.43,118.97,247624
2022-07-22 00:00:00+00:00,118.73,121.91,117.96,120.31,239633
2022-07-25 00:00:00+00:00,118.96,119.66,117.43,118.48,292087
2022-07-26 00:00:00+00:00,116.62,119.19,115.355,119.19,471794
2022-07-27 00:00:00+00:00,137.44,139.26,121.2901,121.77,993029
2022-07-28 00:00:00+00:00,139.06,140.09,133.8,135.21,599276
2022-07-29 00:00:00+00:00,140.67,141.69,137.66,139.45,284671
2022-08-01 00:00:00+00:00,140.16,141.8515,137.68,139.11,266936
2022-08-02 00:00:00+00:00,139.35,141.05,138.23,138.67,324005
2022-08-03 00:00:00+00:00,144.97,145.205,139.68,140.11,360563
2022-08-04 00:00:00+00:00,143.64,145.21,141.37,145.17,367190
2022-08-05 00:00:00+00:00,145.0,145.18,141.45,141.81,250053
2022-08-08 00:00:00+00:00,146.1,148.34,145.31,145.99,245874
2022-08-09 00:00:00+00:00,145.02,146.0,143.485,144.97,258281
2022-08-10 00:00:00+00:00,148.31,150.51,147.58,148.69,348933
2022-08-11 00:00:00+00:00,147.94,150.31,147.24,150.11,275806
2022-08-12 00:00:00+00:00,149.99,150.06,147.73,148.73,222876
2022-08-15 00:00:00+00:00,153.61,153.83,149.89,149.89,251401
2022-08-16 00:00:00+00:00,155.0,155.3,151.74,152.25,399473
2022-08-17 00:00:00+00:00,154.01,155.81,152.83,153.06,433707
2022-08-18 00:00:00+00:00,152.04,154.41,151.54,154.41,314239
2022-08-19 00:00:00+00:00,148.93,150.36,147.9566,150.36,281059
2022-08-22 00:00:00+00:00,146.01,147.7625,144.88,146.65,245088
2022-08-23 00:00:00+00:00,144.48,147.68,143.905,145.19,201145
2022-08-24 00:00:00+00:00,145.68,146.46,144.66,145.32,170353
2022-08-25 00:00:00+00:00,148.35,148.51,145.68,146.72,183873
2022-08-26 00:00:00+00:00,142.45,148.18,142.26,147.82,183068
2022-08-29 00:00:00+00:00,140.81,142.76,140.31,141.2,145832
2022-08-30 00:00:00+00:00,141.43,142.41,139.87,141.64,203087
2022-08-31 00:00:00+00:00,141.26,143.23,141.12,142.88,216619
2022-09-01 00:00:00+00:00,140.09,140.21,137.3,139.56,231372
2022-09-02 00:00:00+00:00,136.88,142.13,136.155,141.63,261362
2022-09-06 00:00:00+00:00,137.04,137.49,134.9,136.64,290545
2022-09-07 00:00:00+00:00,139.51,139.72,136.61,137.28,256054
2022-09-08 00:00:00+00:00,141.28,141.32,137.51,138.06,193674
2022-09-09 00:00:00+00:00,145.31,146.76,142.33,142.46,337511
2022-09-12 00:00:00+00:00,146.47,147.41,145.31,145.97,267082
2022-09-13 00:00:00+00:00,140.77,142.95,139.95,141.18,276912
2022-09-14 00:00:00+00:00,141.51,141.82,139.12,140.91,304062
2022-09-15 00:00:00+00:00,140.1,141.84,139.23,140.33,321012
2022-09-16 00:00:00+00:00,137.74,138.71,135.83,138.71,898915
2022-09-19 00:00:00+00:00,137.5,138.21,135.5801,136.9,258997
2022-09-20 00:00:00+00:00,135.32,141.74,134.25,136.67,314213
2022-09-21 00:00:00+00:00,133.53,137.83,133.53,136.11,262314
2022-09-22 00:00:00+00:00,131.33,133.87,130.38,132.42,240187
2022-09-23 00:00:00+00:00,129.63,130.69,128.19,130.45,326803
2022-09-26 00:00:00+00:00,130.55,133.26,129.11,129.52,337601
2022-09-27 00:00:00+00:00,131.2,133.61,129.64,132.08,278062
2022-09-28 00:00:00+00:00,134.23,135.16,131.27,132.2,396078
2022-09-29 00:00:00+00:00,134.23,134.36,131.84,132.83,308483
2022-09-30 00:00:00+00:00,133.03,136.625,132.76,133.99,370627
2022-10-03 00:00:00+00:00,135.59,136.66,131.94,134.39,337002
2022-10-04 00:00:00+00:00,137.67,140.16,136.12,138.27,549901
2022-10-05 00:00:00+00:00,138.17,138.68,135.18,136.33,281904
2022-10-06 00:00:00+00:00,140.49,141.07,137.99,137.99,300356
2022-10-07 00:00:00+00:00,135.43,138.63,134.02,138.63,224669
2022-10-10 00:00:00+00:00,132.59,135.13,131.14,135.13,171952
2022-10-11 00:00:00+00:00,129.32,132.15,128.61,132.15,307412
2022-10-12 00:00:00+00:00,127.64,130.38,127.52,129.32,258276
2022-10-13 00:00:00+00:00,127.63,128.79,122.065,123.42,495374
2022-10-14 00:00:00+00:00,122.21,130.07,122.01,128.96,491172
2022-10-17 00:00:00+00:00,127.5,128.27,124.8,125.27,343131
2022-10-18 00:00:00+00:00,131.37,133.11,129.38,131.44,323211
2022-10-19 00:00:00+00:00,126.96,129.97,124.86,129.29,286949
2022-10-20 00:00:00+00:00,125.47,129.745,124.4,127.81,298533
2022-10-21 00:00:00+00:00,127.53,127.66,121.33,124.66,381017
2022-10-24 00:00:00+00:00,128.5,129.06,126.06,128.62,497922
2022-10-25 00:00:00+00:00,133.59,133.61,129.01,129.01,435296
2022-10-26 00:00:00+00:00,118.34,127.14,114.41,120.0,1352513
2022-10-27 00:00:00+00:00,118.83,122.62,118.32,119.0,648986
2022-10-28 00:00:00+00:00,120.31,120.33,117.575,119.22,430496
2022-10-31 00:00:00+00:00,121.67,123.79,119.93,120.19,351624
2022-11-01 00:00:00+00:00,117.58,124.41,117.58,123.87,330432
2022-11-02 00:00:00+00:00,112.83,118.14,112.77,118.11,359356
2022-11-03 00:00:00+00:00,110.13,113.375,110.0,111.76,289046
2022-11-04 00:00:00+00:00,109.34,111.62,107.18,111.62,298584
2022-11-07 00:00:00+00:00,111.18,111.52,107.51,110.24,406849
2022-11-08 00:00:00+00:00,110.85,113.2761,108.02,111.32,354889
2022-11-09 00:00:00+00:00,108.5,110.53,107.77,110.53,369119
2022-11-10 00:00:00+00:00,120.95,121.075,116.91,116.91,644005
2022-11-11 00:00:00+00:00,124.04,125.54,121.145,121.75,340399
2022-11-14 00:00:00+00:00,123.42,125.15,121.17,122.65,289974
2022-11-15 00:00:00+00:00,128.27,129.855,125.16,127.45,357086
2022-11-16 00:00:00+00:00,124.27,129.1,123.8,127.22,231736
2022-11-17 00:00:00+00:00,120.81,123.07,120.07,121.98,194131
2022-11-18 00:00:00+00:00,121.54,123.2,119.865,123.2,181021
2022-11-21 00:00:00+00:00,120.25,122.62,120.07,121.26,186961
2022-11-22 00:00:00+00:00,122.69,122.88,119.26,120.62,171697
2022-11-23 00:00:00+00:00,123.75,124.8,121.8,122.7,131596
2022-11-25 00:00:00+00:00,123.77,124.02,122.09,123.16,115390
2022-11-28 00:00:00+00:00,121.25,123.785,120.7114,122.37,183484
2022-11-29 00:00:00+00:00,119.5,121.295,118.82,120.98,149673
2022-11-30 00:00:00+00:00,125.94,126.15,118.02,119.32,293406
2022-12-01 00:00:00+00:00,127.04,128.33,125.29,125.75,196057
2022-12-02 00:00:00+00:00,126.46,128.25,123.56,124.79,207283
2022-12-05 00:00:00+00:00,121.43,125.62,120.5895,124.76,219335
2022-12-06 00:00:00+00:00,117.01,122.03,116.17,121.51,316376
2022-12-07 00:00:00+00:00,118.06,118.475,116.21,117.14,236245
2022-12-08 00:00:00+00:00,120.39,121.725,117.71,118.99,209400
2022-12-09 00:00:00+00:00,119.43,120.68,118.78,119.48,196004
2022-12-12 00:00:00+00:00,120.06,121.7,118.41,120.0,370821
2022-12-13 00:00:00+00:00,123.3,127.5,121.745,126.97,268082
2022-12-14 00:00:00+00:00,123.6,125.41,121.05,123.56,284525
2022-12-15 00:00:00+00:00,119.64,122.18,119.62,121.59,251386
2022-12-16 00:00:00+00:00,119.04,120.36,116.07,119.06,806834
2022-12-19 00:00:00+00:00,118.94,119.3193,117.135,118.58,276857
2022-12-20 00:00:00+00:00,120.29,121.285,118.12,118.73,215878
2022-12-21 00:00:00+00:00,122.31,124.275,120.05,120.36,295052
2022-12-22 00:00:00+00:00,119.47,122.15,117.45,120.5,260308
2022-12-23 00:00:00+00:00,119.95,120.1,117.76,119.12,133539
2022-12-27 00:00:00+00:00,120.1,120.6,117.84,119.44,122166
2022-12-28 00:00:00+00:00,118.04,122.38,118.04,120.55,106482
2022-12-29 00:00:00+00:00,121.65,122.46,118.335,119.33,136069
2022-12-30 00:00:00+00:00,121.4,121.6,119.51,120.02,200189
2023-01-03 00:00:00+00:00,121.0,124.81,119.62,122.93,193012
2023-01-04 00:00:00+00:00,120.57,122.38,119.25,121.85,241804
2023-01-05 00:00:00+00:00,115.18,120.44,114.25,119.09,417334
2023-01-06 00:00:00+00:00,118.61,118.84,113.425,116.38,229131
2023-01-09 00:00:00+00:00,119.77,124.07,118.88,120.11,462121
2023-01-10 00:00:00+00:00,119.52,119.87,116.55,118.84,425904
2023-01-11 00:00:00+00:00,121.49,121.71,118.32,120.44,604057
2023-01-12 00:00:00+00:00,121.7,124.45,119.48,122.37,321507
2023-01-13 00:00:00+00:00,122.4,122.58,120.42,120.44,218548
2023-01-17 00:00:00+00:00,123.23,124.7,121.98,122.85,256147
2023-01-18 00:00:00+00:00,122.4,125.24,121.88,123.73,280111
2023-01-19 00:00:00+00:00,120.72,122.9,119.67,121.32,243334
2023-01-20 00:00:00+00:00,122.65,123.1925,120.72,120.72,204959
2023-01-23 00:00:00+00:00,125.13,125.29,121.71,122.96,530607
2023-01-24 00:00:00+00:00,124.1,125.949,123.37,124.93,156533
2023-01-25 00:00:00+00:00,123.81,123.96,118.92,122.54,179632
2023-01-26 00:00:00+00:00,126.36,126.81,124.263,125.56,179231
2023-01-27 00:00:00+00:00,127.68,128.16,125.33,125.33,178903
2023-01-30 00:00:00+00:00,126.75,127.73,125.52,126.36,286438
2023-01-31 00:00:00+00:00,130.36,130.56,126.74,126.74,394452
2023-02-01 00:00:00+00:00,136.43,136.96,130.535,131.04,499098
2023-02-02 00:00:00+00:00,138.73,140.975,136.7,138.35,518879
2023-02-03 00:00:00+00:00,149.81,158.61,144.91,150.66,649790
2023-02-06 00:00:00+00:00,144.77,149.67,143.86,147.4,449161
2023-02-07 00:00:00+00:00,146.03,146.58,142.215,144.41,454551
2023-02-08 00:00:00+00:00,144.39,147.05,143.34,145.51,336376
2023-02-09 00:00:00+00:00,143.61,148.2,143.03,145.99,327361
2023-02-10 00:00:00+00:00,143.01,144.0,141.065,142.41,311428
2023-02-13 00:00:00+00:00,145.77,145.77,142.12,143.61,334890
2023-02-14 00:00:00+00:00,145.52,148.6,144.43,145.23,284577
2023-02-15 00:00:00+00:00,148.19,148.855,144.225,144.82,264490
2023-02-16 00:00:00+00:00,145.51,147.54,143.01,145.26,331838
2023-02-17 00:00:00+00:00,145.31,145.31,142.77,144.47,281130
2023-02-21 00:00:00+00:00,143.04,144.21,142.79,143.37,201981
2023-02-22 00:00:00+00:00,142.7,144.38,141.8708,142.86,233725
2023-02-23 00:00:00+00:00,144.77,145.01,142.04,143.39,204620
2023-02-24 00:00:00+00:00,143.37,144.04,141.93,142.37,206963
2023-02-27 00:00:00+00:00,144.47,145.65,143.84,144.63,206024
2023-02-28 00:00:00+00:00,143.75,147.035,143.55,143.6,233452
2023-03-01 00:00:00+00:00,143.87,145.3,142.6,143.51,219100
2023-03-02 00:00:00+00:00,146.79,147.0,143.02,143.28,296559
2023-03-03 00:00:00+00:00,147.14,148.37,146.03,147.28,224382
2023-03-06 00:00:00+00:00,145.99,149.13,145.81,146.82,221763
2023-03-07 00:00:00+00:00,143.0,146.99,142.89,145.8,255993
2023-03-08 00:00:00+00:00,143.09,143.89,142.16,143.07,160111
2023-03-09 00:00:00+00:00,140.61,144.79,140.61,143.5,196388
2023-03-10 00:00:00+00:00,137.34,141.25,136.75,140.17,205616
2023-03-13 00:00:00+00:00,137.08,138.17,133.81,135.88,388319
2023-03-14 00:00:00+00:00,142.76,142.88,137.99,138.66,314920
2023-03-15 00:00:00+00:00,141.42,142.15,139.375,141.13,238123
2023-03-16 00:00:00+00:00,143.49,143.92,139.64,140.2,208462
2023-03-17 00:00:00+00:00,143.46,144.96,142.44,143.78,441314
2023-03-20 00:00:00+00:00,146.09,146.385,143.105,144.28,249351
2023-03-21 00:00:00+00:00,147.28,148.13,146.0,146.33,266464
2023-03-22 00:00:00+00:00,144.36,148.295,144.19,146.84,182658
2023-03-23 00:00:00+00:00,146.4,148.63,144.645,145.68,189951
2023-03-24 00:00:00+00:00,147.3,147.5,143.95,145.58,173682
2023-03-27 00:00:00+00:00,148.29,149.14,147.5,147.64,187433
2023-03-28 00:00:00+00:00,148.81,149.11,146.81,147.86,175298
2023-03-29 00:00:00+00:00,150.34,150.85,149.04,149.87,152882
2023-03-30 00:00:00+00:00,152.0,152.24,150.53,151.45,146666
2023-03-31 00:00:00+00:00,154.85,155.63,151.9,152.46,258493
2023-04-03 00:00:00+00:00,156.64,156.93,153.64,153.65,269291
2023-04-04 00:00:00+00:00,154.97,157.78,154.38,156.89,209540
2023-04-05 00:00:00+00:00,152.84,153.955,150.96,153.75,346975
2023-04-06 00:00:00+00:00,153.59,154.21,150.91,151.73,201264
2023-04-10 00:00:00+00:00,155.31,155.68,152.0,152.09,144362
2023-04-11 00:00:00+00:00,152.79,154.16,152.195,152.52,189218
2023-04-12 00:00:00+00:00,153.01,154.55,152.735,154.33,131970
2023-04-13 00:00:00+00:00,155.9,155.93,152.99,153.57,129862
2023-04-14 00:00:00+00:00,156.37,156.815,154.41,154.62,173627
2023-04-17 00:00:00+00:00,157.21,157.42,155.45,156.56,154060
2023-04-18 00:00:00+00:00,157.79,160.0,156.9,158.31,207931
2023-04-19 00:00:00+00:00,157.99,158.81,156.96,157.34,159436
2023-04-20 00:00:00+00:00,156.23,158.6,155.45,157.01,336607
2023-04-21 00:00:00+00:00,158.78,158.91,156.63,156.89,277947
2023-04-24 00:00:00+00:00,155.75,159.9,155.145,158.5,269987
2023-04-25 00:00:00+00:00,152.68,154.85,152.32,154.3,447905
2023-04-26 00:00:00+00:00,165.71,175.0,163.435,166.0,1023626
2023-04-27 00:00:00+00:00,168.64,169.09,165.68,165.68,628129
2023-04-28 00:00:00+00:00,165.68,168.11,164.55,168.0,464410
2023-05-01 00:00:00+00:00,169.16,170.4499,166.05,166.07,433729
2023-05-02 00:00:00+00:00,167.6,170.96,165.365,168.96,297989
2023-05-03 00:00:00+00:00,167.54,170.535,167.36,168.76,369432
2023-05-04 00:00:00+00:00,168.3,169.2,166.82,167.24,291862
2023-05-05 00:00:00+00:00,168.92,170.2,167.93,169.19,235970
2023-05-08 00:00:00+00:00,169.5,169.93,168.18,168.5,187305
2023-05-09 00:00:00+00:00,168.91,169.68,167.29,168.67,321820
2023-05-10 00:00:00+00:00,171.68,172.0,169.38,170.0,282514
2023-05-11 00:00:00+00:00,170.62,172.0,169.795,172.0,228519
2023-05-12 00:00:00+00:00,172.82,173.23,170.15,170.35,266500
2023-05-15 00:00:00+00:00,172.25,174.2963,171.9,172.44,260237
2023-05-16 00:00:00+00:00,170.95,171.99,170.63,171.28,400908
2023-05-17 00:00:00+00:00,172.2,172.79,170.75,171.0,437270
2023-05-18 00:00:00+00:00,176.24,176.24,172.37,172.37,226078
2023-05-19 00:00:00+00:00,177.09,177.87,175.36,176.81,316335
2023-05-22 00:00:00+00:00,177.89,179.73,176.82,177.31,328774
2023-05-23 00:00:00+00:00,172.47,177.69,172.15,176.36,407215
2023-05-24 00:00:00+00:00,174.72,175.14,171.3,171.3,438185
2023-05-25 00:00:00+00:00,175.81,179.63,175.39,177.21,279596
2023-05-26 00:00:00+00:00,179.26,180.18,176.0,176.0,551647
2023-05-30 00:00:00+00:00,179.06,181.8599,176.53,180.94,402318
2023-05-31 00:00:00+00:00,181.42,181.91,178.74,178.75,550060
2023-06-01 00:00:00+00:00,183.43,184.01,179.01,180.57,329287
2023-06-02 00:00:00+00:00,185.46,185.74,182.26,183.64,313423
2023-06-05 00:00:00+00:00,184.99,185.3362,182.94,183.88,591170
2023-06-06 00:00:00+00:00,184.7,185.04,181.77,184.95,339706
2023-06-07 00:00:00+00:00,183.25,185.93,180.68,184.24,405020
2023-06-08 00:00:00+00:00,185.5,185.79,180.88,182.78,388996
2023-06-09 00:00:00+00:00,185.81,187.76,183.62,185.67,383609
2023-06-12 00:00:00+00:00,189.96,190.15,185.82,186.89,231680
2023-06-13 00:00:00+00:00,191.22,192.51,188.84,190.9,295600
2023-06-14 00:00:00+00:00,192.2,192.41,189.99,190.39,372340
2023-06-15 00:00:00+00:00,193.72,194.27,190.62,192.0,376289
2023-06-16 00:00:00+00:00,191.81,194.8,191.24,194.49,711363
2023-06-20 00:00:00+00:00,191.17,192.405,188.08,190.99,319560
2023-06-21 00:00:00+00:00,189.71,191.26,189.0,190.83,303053
2023-06-22 00:00:00+00:00,190.4,191.3,188.29,189.37,289553
2023-06-23 00:00:00+00:00,187.93,190.22,187.26,188.79,1082585
2023-06-26 00:00:00+00:00,186.2,189.97,186.01,187.72,304121
2023-06-27 00:00:00+00:00,189.8,190.72,187.0,187.18,288155
2023-06-28 00:00:00+00:00,191.83,192.03,189.17,189.63,340251
2023-06-29 00:00:00+00:00,195.16,195.41,191.85,192.21,366809
2023-06-30 00:00:00+00:00,199.88,201.08,196.36,196.53,452219
2023-07-03 00:00:00+00:00,197.01,201.0,194.9,198.92,159496
2023-07-05 00:00:00+00:00,194.38,197.275,193.8092,195.74,259715
2023-07-06 00:00:00+00:00,193.16,193.84,190.73,192.9,300728
2023-07-07 00:00:00+00:00,192.43,194.57,192.27,192.46,267795
2023-07-10 00:00:00+00:00,195.2,196.39,191.996,192.36,254083
2023-07-11 00:00:00+00:00,197.27,197.62,194.28,195.46,295181
2023-07-12 00:00:00+00:00,198.54,199.59,196.84,199.22,187305
2023-07-13 00:00:00+00:00,199.75,200.85,198.6,199.41,408648
2023-07-14 00:00:00+00:00,200.87,201.58,199.345,199.85,319294
2023-07-17 00:00:00+00:00,204.4,206.06,200.0,200.84,478648
2023-07-18 00:00:00+00:00,205.53,205.84,202.17,205.28,347379
2023-07-19 00:00:00+00:00,207.85,208.01,205.64,206.03,453618
2023-07-20 00:00:00+00:00,204.27,208.31,203.39,207.72,378419
2023-07-21 00:00:00+00:00,193.97,205.96,192.69,205.74,966333
2023-07-24 00:00:00+00:00,192.17,195.08,191.01,193.97,575423
2023-07-25 00:00:00+00:00,193.32,194.47,191.41,192.17,496590
2023-07-26 00:00:00+00:00,188.49,197.21,184.07,195.0,770158
2023-07-27 00:00:00+00:00,188.09,190.6131,187.245,189.86,693345
2023-07-28 00:00:00+00:00,186.42,190.495,185.81,189.14,358493
2023-07-31 00:00:00+00:00,190.62,190.66,185.53,186.46,384463
2023-08-01 00:00:00+00:00,191.59,191.96,188.83,189.06,261921
2023-08-02 00:00:00+00:00,188.06,189.22,186.55,189.22,498367
2023-08-03 00:00:00+00:00,187.86,188.76,186.365,186.93,293310
2023-08-04 00:00:00+00:00,186.83,188.96,186.3104,188.81,182992
2023-08-07 00:00:00+00:00,189.17,190.0,187.51,188.05,290724
2023-08-08 00:00:00+00:00,185.77,187.74,183.93,187.27,291816
2023-08-09 00:00:00+00:00,185.02,186.49,183.07,185.78,259091
2023-08-10 00:00:00+00:00,186.69,187.7738,185.72,185.99,346998
2023-08-11 00:00:00+00:00,191.45,192.97,189.065,189.53,614376
2023-08-14 00:00:00+00:00,192.35,194.2447,191.26,191.26,329806
2023-08-15 00:00:00+00:00,191.24,194.25,190.99,192.7,253269
2023-08-16 00:00:00+00:00,189.86,192.86,189.81,191.72,227721
2023-08-17 00:00:00+00:00,185.19,190.66,185.05,189.75,261246
2023-08-18 00:00:00+00:00,185.93,186.74,183.63,183.91,256536
2023-08-21 00:00:00+00:00,187.09,188.79,184.91,186.86,350243
2023-08-22 00:00:00+00:00,190.21,191.1925,187.56,187.86,285581
2023-08-23 00:00:00+00:00,194.34,195.215,190.19,190.83,245485
2023-08-24 00:00:00+00:00,189.95,195.63,189.93,194.97,310920
2023-08-25 00:00:00+00:00,192.36,193.29,189.02,190.79,300297
2023-08-28 00:00:00+00:00,193.81,196.21,192.56,193.16,297321
2023-08-29 00:00:00+00:00,200.41,200.54,192.25,193.14,423066
2023-08-30 00:00:00+00:00,203.27,204.39,200.2,200.37,440737
2023-08-31 00:00:00+00:00,202.62,205.7,201.33,202.25,3549179
2023-09-01 00:00:00+00:00,201.2,204.21,200.95,203.2,688376
2023-09-05 00:00:00+00:00,199.87,200.96,196.93,200.56,733200
2023-09-06 00:00:00+00:00,201.02,202.73,198.6101,199.87,426685
2023-09-07 00:00:00+00:00,200.56,200.73,198.48,199.43,467544
2023-09-08 00:00:00+00:00,200.48,207.03,199.74,201.14,378325
2023-09-11 00:00:00+00:00,203.0,203.74,198.61,201.16,427556
2023-09-12 00:00:00+00:00,199.14,204.57,198.99,201.16,433390
2023-09-13 00:00:00+00:00,199.64,202.165,197.41,198.51,452767
2023-09-14 00:00:00+00:00,202.88,203.08,197.4201,200.11,466005
2023-09-15 00:00:00+00:00,198.88,203.1896,195.25,202.72,1055082
2023-09-18 00:00:00+00:00,201.96,202.21,197.5,198.12,358397
2023-09-19 00:00:00+00:00,202.53,202.84,199.22,201.09,293033
2023-09-20 00:00:00+00:00,202.73,205.67,202.03,203.17,286933
2023-09-21 00:00:00+00:00,193.17,201.37,192.97,201.0,511891
2023-09-22 00:00:00+00:00,194.45,195.695,192.2801,192.96,454350
2023-09-25 00:00:00+00:00,195.96,196.1,192.98,193.23,238744
2023-09-26 00:00:00+00:00,193.26,195.95,191.26,194.71,251998
2023-09-27 00:00:00+00:00,195.08,195.995,193.35,194.14,256197
2023-09-28 00:00:00+00:00,197.17,197.975,193.265,194.34,271031
2023-09-29 00:00:00+00:00,197.66,202.15,196.36,199.08,258613
2023-10-02 00:00:00+00:00,198.86,198.96,196.755,197.14,249501
2023-10-03 00:00:00+00:00,195.13,199.63,193.305,197.69,349984
2023-10-04 00:00:00+00:00,199.34,200.24,196.35,196.35,289711
2023-10-05 00:00:00+00:00,199.51,200.52,195.64,199.57,352960
2023-10-06 00:00:00+00:00,206.85,207.68,198.12,198.12,247866
2023-10-09 00:00:00+00:00,208.21,208.29,204.78,205.16,198650
2023-10-10 00:00:00+00:00,209.69,211.545,208.47,209.34,310940
2023-10-11 00:00:00+00:00,209.49,211.81,207.9809,210.84,337380
2023-10-12 00:00:00+00:00,204.72,209.61,204.065,209.45,530245
2023-10-13 00:00:00+00:00,200.49,204.885,199.09,204.6,432420
2023-10-16 00:00:00+00:00,204.62,208.68,201.67,202.17,382762
2023-10-17 00:00:00+00:00,206.92,207.43,202.485,202.94,586079
2023-10-18 00:00:00+00:00,201.65,208.42,201.57,205.23,401273
2023-10-19 00:00:00+00:00,196.26,203.23,195.3671,202.5,561362
2023-10-20 00:00:00+00:00,190.45,196.7,189.78,196.7,478946
2023-10-23 00:00:00+00:00,184.4,190.75,184.31,188.99,735256
2023-10-24 00:00:00+00:00,189.58,190.275,185.0,185.86,635886
2023-10-25 00:00:00+00:00,193.06,193.35,182.971,183.13,934343
2023-10-26 00:00:00+00:00,191.92,196.355,191.25,194.21,795995
2023-10-27 00:00:00+00:00,188.49,192.705,186.9,192.43,382569
2023-10-30 00:00:00+00:00,189.26,191.49,186.77,190.67,408874
2023-10-31 00:00:00+00:00,194.98,195.59,189.16,190.58,457079
2023-11-01 00:00:00+00:00,198.14,198.34,193.225,195.1,527071
2023-11-02 00:00:00+00:00,200.89,203.54,198.45,200.79,443568
2023-11-03 00:00:00+00:00,208.86,209.86,200.77,201.1,473705
2023-11-06 00:00:00+00:00,208.95,211.11,206.66,209.46,371499
2023-11-07 00:00:00+00:00,211.69,213.43,209.05,209.67,463085
2023-11-08 00:00:00+00:00,211.84,214.02,210.04,212.52,265357
2023-11-09 00:00:00+00:00,206.83,212.7714,206.51,212.6,294594
2023-11-10 00:00:00+00:00,214.36,214.43,206.875,207.02,269514
2023-11-13 00:00:00+00:00,214.02,215.91,211.545,213.23,291067
2023-11-14 00:00:00+00:00,221.51,221.92,217.809,218.34,339420
2023-11-15 00:00:00+00:00,221.33,224.65,219.57,222.25,470171
2023-11-16 00:00:00+00:00,221.25,223.99,221.14,221.73,455287
2023-11-17 00:00:00+00:00,221.86,223.7,220.3401,222.13,372518
2023-11-20 00:00:00+00:00,222.42,224.25,221.08,221.08,477495
2023-11-21 00:00:00+00:00,223.29,224.74,219.8,222.23,450514
2023-11-22 00:00:00+00:00,222.0,226.81,221.775,225.55,339985
2023-11-24 00:00:00+00:00,223.14,223.87,221.305,221.69,145305
2023-11-27 00:00:00+00:00,224.61,225.58,221.65,222.16,403038
2023-11-28 00:00:00+00:00,224.67,226.8,223.99,224.31,482071
2023-11-29 00:00:00+00:00,223.61,230.61,223.43,227.13,412998
2023-11-30 00:00:00+00:00,223.05,225.51,220.7291,224.31,1261427
2023-12-01 00:00:00+00:00,227.92,228.405,221.72,222.47,296466
2023-12-04 00:00:00+00:00,227.75,229.84,225.5201,226.45,297798
2023-12-05 00:00:00+00:00,227.18,228.48,224.7,225.77,260415
2023-12-06 00:00:00+00:00,224.68,228.46,223.81,228.25,434867
2023-12-07 00:00:00+00:00,222.62,225.63,220.48,224.93,326824
2023-12-08 00:00:00+00:00,221.74,223.81,221.3,221.85,485828
2023-12-11 00:00:00+00:00,222.59,223.05,220.335,221.63,420342
2023-12-12 00:00:00+00:00,224.76,224.885,222.08,222.79,442787
2023-12-13 00:00:00+00:00,224.77,225.79,219.61,224.77,666333
2023-12-14 00:00:00+00:00,215.95,227.4626,214.39,225.82,1023130
2023-12-15 00:00:00+00:00,214.19,220.585,212.61,216.03,1702929
2023-12-18 00:00:00+00:00,218.54,218.82,214.85,214.85,596575
2023-12-19 00:00:00+00:00,221.93,222.195,219.265,219.89,472350
2023-12-20 00:00:00+00:00,217.95,223.32,217.69,220.84,291327
2023-12-21 00:00:00+00:00,219.83,220.515,217.7525,219.96,195542
2023-12-22 00:00:00+00:00,220.2,221.81,218.52,221.38,268407
2023-12-26 00:00:00+00:00,219.32,220.775,219.09,220.01,236682
2023-12-27 00:00:00+00:00,216.44,219.42,215.81,219.42,299610
2023-12-28 00:00:00+00:00,216.58,218.825,215.28,216.6,179923
2023-12-29 00:00:00+00:00,215.32,217.5,214.38,216.62,287110
2024-01-02 00:00:00+00:00,206.77,213.91,204.56,213.03,377591
2024-01-03 00:00:00+00:00,204.44,206.865,202.22,205.04,403311
2024-01-04 00:00:00+00:00,200.57,206.28,200.09,205.12,376846
2024-01-05 00:00:00+00:00,199.37,202.28,199.225,199.73,627517
2024-01-08 00:00:00+00:00,202.25,202.96,199.62,200.53,302263
2024-01-09 00:00:00+00:00,204.01,204.37,199.84,199.84,319215
2024-01-10 00:00:00+00:00,207.09,207.21,203.95,204.54,254676
2024-01-11 00:00:00+00:00,207.1,208.62,205.47,207.94,256777
2024-01-12 00:00:00+00:00,210.6,213.69,207.825,208.39,222864
2024-01-16 00:00:00+00:00,216.24,218.045,211.865,212.0,427397
2024-01-17 00:00:00+00:00,216.56,216.845,213.25,214.99,254355
2024-01-18 00:00:00+00:00,217.57,218.69,215.52,217.73,295093
2024-01-19 00:00:00+00:00,221.41,221.48,217.8101,219.39,258537
2024-01-22 00:00:00+00:00,224.39,225.59,222.97,224.01,237354
2024-01-23 00:00:00+00:00,222.77,224.64,222.29,224.59,244147
2024-01-24 00:00:00+00:00,221.15,225.67,221.11,224.92,332264
2024-01-25 00:00:00+00:00,218.28,224.51,217.55,222.88,293541
2024-01-26 00:00:00+00:00,219.76,221.28,216.66,218.47,463590
2024-01-29 00:00:00+00:00,225.92,226.12,219.38,219.38,584973
2024-01-30 00:00:00+00:00,223.78,227.84,223.39,225.37,517338
2024-01-31 00:00:00+00:00,242.56,258.91,232.0,255.645,1063834
2024-02-01 00:00:00+00:00,249.07,249.26,241.96,243.08,562754
2024-02-02 00:00:00+00:00,250.56,252.66,248.42,249.0,378867
2024-02-05 00:00:00+00:00,249.15,252.0,245.1,250.45,273054
2024-02-06 00:00:00+00:00,247.52,250.84,243.81,250.29,287664
2024-02-07 00:00:00+00:00,245.73,251.665,245.62,249.74,475196
2024-02-08 00:00:00+00:00,247.02,249.12,246.34,246.95,398943
2024-02-09 00:00:00+00:00,250.5,250.92,247.46,247.46,316536
2024-02-12 00:00:00+00:00,245.73,251.0,244.19,250.89,315461
2024-02-13 00:00:00+00:00,245.75,248.6,239.04,240.96,460281
2024-02-14 00:00:00+00:00,248.8,249.935,246.08,248.38,254037
2024-02-15 00:00:00+00:00,247.4,249.75,245.63,249.75,264943
2024-02-16 00:00:00+00:00,243.81,247.5,243.17,246.61,173976
2024-02-20 00:00:00+00:00,242.88,244.08,240.201,243.31,251889
2024-02-21 00:00:00+00:00,241.58,241.9,239.14,240.21,298546
2024-02-22 00:00:00+00:00,248.29,249.5,245.19,245.19,273141
2024-02-23 00:00:00+00:00,248.9,250.8,246.04,249.99,178555
2024-02-26 00:00:00+00:00,250.09,252.49,249.49,250.07,255729
2024-02-27 00:00:00+00:00,250.47,252.99,249.07,249.5,438977
2024-02-28 00:00:00+00:00,254.01,254.47,249.312,250.17,442850
2024-02-29 00:00:00+00:00,253.33,257.3,251.07,255.0,659955
2024-03-01 00:00:00+00:00,256.75,256.77,252.07,253.05,271180
2024-03-04 00:00:00+00:00,255.39,257.67,254.32,257.0,290514
2024-03-05 00:00:00+00:00,252.33,257.5,250.15,254.37,357246
2024-03-06 00:00:00+00:00,254.76,257.0,252.8115,255.56,243135
2024-03-07 00:00:00+00:00,266.03,266.775,255.71,257.0,452234
2024-03-08 00:00:00+00:00,257.5,266.94,257.2,266.36,338509
2024-03-11 00:00:00+00:00,255.5,257.93,253.77,256.19,257502
2024-03-12 00:00:00+00:00,256.19,258.57,254.79,257.22,521368
2024-03-13 00:00:00+00:00,251.67,255.685,251.075,255.0,336417
2024-03-14 00:00:00+00:00,250.67,253.7,248.38,252.31,431895
2024-03-15 00:00:00+00:00,247.0,249.425,246.1601,248.3,1081985
2024-03-18 00:00:00+00:00,247.0,249.37,246.7,248.19,310961
2024-03-19 00:00:00+00:00,247.6,249.415,244.89,245.54,428602
2024-03-20 00:00:00+00:00,251.14,251.3,247.17,248.71,433785
2024-03-21 00:00:00+00:00,252.92,254.429,251.425,252.4,318832
2024-03-22 00:00:00+00:00,250.84,253.035,249.235,252.78,367772
2024-03-25 00:00:00+00:00,248.51,250.31,247.77,250.31,233322
2024-03-26 00:00:00+00:00,249.58,251.67,248.365,249.42,286856
2024-03-27 00:00:00+00:00,249.73,252.6,247.96,251.52,228119
2024-03-28 00:00:00+00:00,250.23,251.49,248.0,250.11,400098
2024-04-01 00:00:00+00:00,247.67,251.31,246.55,250.25,254853
2024-04-02 00:00:00+00:00,242.76,245.705,241.035,245.59,430563
2024-04-03 00:00:00+00:00,241.7,244.8,241.07,241.07,388859
2024-04-04 00:00:00+00:00,242.03,246.8,241.515,244.03,360668
2024-04-05 00:00:00+00:00,243.51,245.405,242.32,243.38,315021
2024-04-08 00:00:00+00:00,242.09,244.95,241.11,243.73,326083
2024-04-09 00:00:00+00:00,242.18,243.6,240.66,243.5,323803
2024-04-10 00:00:00+00:00,238.3,241.035,237.14,238.65,222749
2024-04-11 00:00:00+00:00,239.66,240.57,238.32,238.85,212224
2024-04-12 00:00:00+00:00,237.81,239.46,235.59,237.19,274185
2024-04-15 00:00:00+00:00,230.49,240.81,230.07,238.36,565455
2024-04-16 00:00:00+00:00,231.16,233.1725,229.51,231.56,327661
2024-04-17 00:00:00+00:00,228.43,233.2,228.26,231.45,240940
2024-04-18 00:00:00+00:00,230.44,232.0,227.795,229.82,546778
2024-04-19 00:00:00+00:00,226.34,232.92,224.93,230.76,392744
2024-04-22 00:00:00+00:00,228.32,229.67,224.78,227.2,491440
2024-04-23 00:00:00+00:00,230.63,233.23,229.61,229.61,538934
2024-04-24 00:00:00+00:00,206.32,217.97,205.175,208.49,1487420
2024-04-25 00:00:00+00:00,208.3,211.17,205.12,207.21,739547
2024-04-26 00:00:00+00:00,209.02,211.26,205.79,208.33,456441
2024-04-29 00:00:00+00:00,209.83,211.35,207.885,210.67,393786
2024-04-30 00:00:00+00:00,206.06,209.18,205.875,208.29,607124
2024-05-01 00:00:00+00:00,207.77,211.9,206.07,207.18,505538
2024-05-02 00:00:00+00:00,208.84,210.98,207.96,209.57,380015
2024-05-03 00:00:00+00:00,210.76,212.82,208.0,211.76,331805
2024-05-06 00:00:00+00:00,213.39,215.095,211.665,213.04,275119
2024-05-07 00:00:00+00:00,216.64,217.43,214.315,214.62,622305
2024-05-08 00:00:00+00:00,214.62,218.21,213.39,215.49,328518
2024-05-09 00:00:00+00:00,217.23,217.89,215.11,215.27,254417
2024-05-10 00:00:00+00:00,217.73,219.95,216.62,217.78,292619
2024-05-13 00:00:00+00:00,213.62,219.19,213.44,219.19,347067
2024-05-14 00:00:00+00:00,216.64,217.1,213.31,213.31,323045
2024-05-15 00:00:00+00:00,223.45,223.68,217.82,218.34,315446
2024-05-16 00:00:00+00:00,225.69,226.13,222.78,223.75,384746
2024-05-17 00:00:00+00:00,228.78,229.88,226.6,226.68,470709
2024-05-20 00:00:00+00:00,230.64,231.02,228.77,228.82,363735
2024-05-21 00:00:00+00:00,225.67,230.57,225.57,230.57,348953
2024-05-22 00:00:00+00:00,223.98,227.435,223.04,226.4,345336
2024-05-23 00:00:00+00:00,225.35,226.93,223.7,225.86,420918
2024-05-24 00:00:00+00:00,228.13,229.61,225.19,225.35,373022
2024-05-28 00:00:00+00:00,225.79,229.9,223.53,228.1,263239
2024-05-29 00:00:00+00:00,221.46,226.74,220.12,223.85,507215
2024-05-30 00:00:00+00:00,216.36,221.88,215.92,220.66,457598
2024-05-31 00:00:00+00:00,219.54,219.99,212.39,217.02,1123851
2024-06-03 00:00:00+00:00,214.5,220.49,213.17,219.96,446666
2024-06-04 00:00:00+00:00,214.48,216.6188,212.56,214.52,427949
2024-06-05 00:00:00+00:00,220.09,223.21,216.35,216.35,457199
2024-06-06 00:00:00+00:00,219.82,222.61,219.52,220.45,386453
2024-06-07 00:00:00+00:00,220.55,223.47,219.8,219.9,320759
2024-06-10 00:00:00+00:00,221.23,221.65,217.62,218.38,304873
2024-06-11 00:00:00+00:00,226.31,227.46,220.37,220.87,425427
2024-06-12 00:00:00+00:00,231.05,232.98,226.59,228.8,384751
2024-06-13 00:00:00+00:00,229.14,233.3075,228.01,231.03,300976
2024-06-14 00:00:00+00:00,228.84,229.9,226.62,229.34,152222
2024-06-17 00:00:00+00:00,232.75,233.49,226.415,227.63,294232
2024-06-18 00:00:00+00:00,237.37,237.84,231.49,232.76,381736
2024-06-20 00:00:00+00:00,233.06,238.11,232.77,237.89,299656
2024-06-21 00:00:00+00:00,240.11,240.53,231.575,233.41,947632
2024-06-24 00:00:00+00:00,241.475,243.325,238.97,239.12,678965
2024-06-25 00:00:00+00:00,239.78,243.47,237.86,242.58,545331
2024-06-26 00:00:00+00:00,241.79,241.98,237.61,238.5,291952
2024-06-27 00:00:00+00:00,251.21,252.03,241.625,242.99,575492
2024-06-28 00:00:00+00:00,246.68,254.83,246.06,251.21,1138356
2024-07-01 00:00:00+00:00,245.28,249.31,245.12,247.21,415337
2024-07-02 00:00:00+00:00,245.66,249.09,244.45,245.3,534978
2024-07-03 00:00:00+00:00,246.22,248.99,244.11,244.11,231767
2024-07-05 00:00:00+00:00,247.83,249.59,246.227,246.33,167538
2024-07-08 00:00:00+00:00,246.22,248.0,244.33,248.0,181072
2024-07-09 00:00:00+00:00,242.17,246.27,240.62,245.76,289950
2024-07-10 00:00:00+00:00,246.23,247.045,241.87,243.51,348526
2024-07-11 00:00:00+00:00,241.17,250.535,240.85,248.37,385469
2024-07-12 00:00:00+00:00,240.42,244.55,240.025,241.02,379123
2024-07-15 00:00:00+00:00,241.14,245.0,240.02,242.12,391451
2024-07-16 00:00:00+00:00,239.15,242.99,236.9,242.15,549071
2024-07-17 00:00:00+00:00,223.88,235.21,221.46,234.54,1061354
2024-07-18 00:00:00+00:00,219.05,225.57,215.62,224.35,658134
2024-07-19 00:00:00+00:00,218.59,221.87,215.9,219.06,508964
2024-07-22 00:00:00+00:00,225.15,226.26,219.25,220.87,616536
2024-07-23 00:00:00+00:00,226.0,230.12,224.56,225.52,668823
2024-07-24 00:00:00+00:00,249.83,254.42,238.72,247.39,1455465
2024-07-25 00:00:00+00:00,246.87,256.22,245.79,249.83,1080050
2024-07-26 00:00:00+00:00,258.46,259.78,249.195,250.34,882921
2024-07-29 00:00:00+00:00,255.89,260.445,254.45,260.39,564788
2024-07-30 00:00:00+00:00,255.0,259.22,252.745,257.37,403030
2024-07-31 00:00:00+00:00,255.38,260.63,254.25,259.71,405790
2024-08-01 00:00:00+00:00,250.66,261.89,248.43,255.38,342992
2024-08-02 00:00:00+00:00,243.93,245.95,239.9,245.18,401419
2024-08-05 00:00:00+00:00,238.86,244.0,233.45,233.75,634023
2024-08-06 00:00:00+00:00,241.09,247.18,240.66,240.67,284591
2024-08-07 00:00:00+00:00,239.33,249.49,238.665,244.97,215168
2024-08-08 00:00:00+00:00,248.09,248.36,238.2285,241.43,373347
2024-08-09 00:00:00+00:00,247.8,249.35,244.51,248.09,243857
2024-08-12 00:00:00+00:00,247.07,249.29,245.44,246.77,205166
2024-08-13 00:00:00+00:00,250.93,251.88,247.37,249.16,309625
2024-08-14 00:00:00+00:00,249.81,251.21,248.07,250.79,322773
2024-08-15 00:00:00+00:00,255.06,256.06,252.51,253.22,431355
2024-08-16 00:00:00+00:00,255.96,257.6,253.36,254.76,287623
2024-08-19 00:00:00+00:00,259.74,260.24,255.405,256.75,337288
2024-08-20 00:00:00+00:00,257.35,261.345,255.435,260.07,260820
2024-08-21 00:00:00+00:00,261.44,261.66,255.04,257.43,259958
2024-08-22 00:00:00+00:00,259.71,263.9,259.11,262.35,298310
2024-08-23 00:00:00+00:00,262.51,263.67,260.2601,262.61,304606
2024-08-26 00:00:00+00:00,261.39,264.32,261.07,263.53,219053
2024-08-27 00:00:00+00:00,261.69,262.4,257.66,259.85,177926
2024-08-28 00:00:00+00:00,259.0,262.04,258.54,261.18,250997
2024-08-29 00:00:00+00:00,263.36,266.31,260.88,261.0,219503
2024-08-30 00:00:00+00:00,264.43,266.75,262.13,264.62,491666
2024-09-03 00:00:00+00:00,256.39,267.0,254.44,263.56,350594
2024-09-04 00:00:00+00:00,256.78,257.97,252.44,253.9,342029
2024-09-05 00:00:00+00:00,252.82,255.53,251.49,251.51,302174
2024-09-06 00:00:00+00:00,250.66,256.04,249.59,254.56,255091
2024-09-09 00:00:00+00:00,255.08,255.485,251.31,252.68,414978
2024-09-10 00:00:00+00:00,259.49,259.675,255.26,257.8,200113
2024-09-11 00:00:00+00:00,268.12,268.895,256.12,259.0,415415
2024-09-12 00:00:00+00:00,263.94,268.565,262.76,268.48,270233
2024-09-13 00:00:00+00:00,263.74,265.32,261.07,265.19,197266
2024-09-16 00:00:00+00:00,270.4,270.58,263.89,263.89,407423
2024-09-17 00:00:00+00:00,272.54,273.91,265.83,271.33,567032
2024-09-18 00:00:00+00:00,269.2,276.995,268.39,274.36,290042
2024-09-19 00:00:00+00:00,275.17,278.075,273.8,275.61,317600
2024-09-20 00:00:00+00:00,275.94,277.61,271.7616,276.88,1083212
2024-09-23 00:00:00+00:00,281.28,282.515,275.51,276.13,418451
2024-09-24 00:00:00+00:00,286.0,287.63,280.48,282.4,382788
2024-09-25 00:00:00+00:00,284.13,286.48,281.1,286.46,466890
2024-09-26 00:00:00+00:00,283.81,287.63,281.335,287.63,367460
2024-09-27 00:00:00+00:00,280.25,284.22,279.63,283.81,192297
2024-09-30 00:00:00+00:00,281.38,282.125,278.9401,279.91,392075
2024-10-01 00:00:00+00:00,274.75,282.37,274.24,282.37,398119
2024-10-02 00:00:00+00:00,277.36,279.89,273.82,273.82,514601
2024-10-03 00:00:00+00:00,277.28,280.3378,276.71,277.36,239968
2024-10-04 00:00:00+00:00,282.41,282.63,277.06,280.28,284020
2024-10-07 00:00:00+00:00,280.67,284.91,279.36,282.0,522838
2024-10-08 00:00:00+00:00,286.28,286.54,280.45,280.96,264215
2024-10-09 00:00:00+00:00,292.26,292.41,286.89,286.89,240198
2024-10-10 00:00:00+00:00,294.0,294.275,289.45,290.48,498117
2024-10-11 00:00:00+00:00,299.5,299.67,294.94,294.94,365216
2024-10-14 00:00:00+00:00,304.64,305.61,298.3401,300.74,528131
2024-10-15 00:00:00+00:00,301.4,307.5,301.27,304.83,472247
2024-10-16 00:00:00+00:00,303.36,303.89,300.76,302.35,600364
2024-10-17 00:00:00+00:00,304.54,305.43,302.27,304.7,343693
2024-10-18 00:00:00+00:00,298.28,306.3967,297.8,304.68,333790
2024-10-21 00:00:00+00:00,295.54,299.32,292.323,297.73,535001
2024-10-22 00:00:00+00:00,292.32,296.52,292.2,295.02,759787
2024-10-23 00:00:00+00:00,271.36,280.0,264.08,280.0,1446745
2024-10-24 00:00:00+00:00,273.49,275.7,269.85,270.53,685612
2024-10-25 00:00:00+00:00,275.7,278.52,273.65,273.65,375277
2024-10-28 00:00:00+00:00,275.39,278.65,274.0,278.65,418056
2024-10-29 00:00:00+00:00,277.26,279.24,274.17,275.36,407088
2024-10-30 00:00:00+00:00,265.79,276.72,265.27,276.72,468386
2024-10-31 00:00:00+00:00,263.36,265.77,261.67,263.72,399379
2024-11-01 00:00:00+00:00,264.35,266.45,263.44,264.54,329374
2024-11-04 00:00:00+00:00,266.64,269.19,263.18,263.36,317323
2024-11-05 00:00:00+00:00,266.43,266.43,262.92,265.73,399200
2024-11-06 00:00:00+00:00,281.03,285.0,278.46,283.95,609018
2024-11-07 00:00:00+00:00,283.67,287.0,282.11,282.11,430437
2024-11-08 00:00:00+00:00,283.48,285.44,281.23,282.89,284005
2024-11-11 00:00:00+00:00,283.08,286.4,282.54,284.68,293352
2024-11-12 00:00:00+00:00,284.34,286.47,281.0,282.95,237018
2024-11-13 00:00:00+00:00,287.39,292.55,284.65,284.65,360972
2024-11-14 00:00:00+00:00,279.75,287.135,277.4,285.8,348662
2024-11-15 00:00:00+00:00,272.62,280.85,272.01,277.51,302735
2024-11-18 00:00:00+00:00,271.64,277.088,270.76,273.5,354445
2024-11-19 00:00:00+00:00,270.74,271.83,266.455,268.77,299679
2024-11-20 00:00:00+00:00,271.56,274.2008,268.22,271.93,230150
2024-11-21 00:00:00+00:00,271.89,275.5,271.37,274.44,394743
2024-11-22 00:00:00+00:00,280.4,281.31,271.67,271.67,444976
2024-11-25 00:00:00+00:00,290.74,293.345,285.35,286.94,1168520
2024-11-26 00:00:00+00:00,288.95,294.905,286.405,290.13,413539
2024-11-27 00:00:00+00:00,287.68,288.95,283.765,288.45,274824
2024-11-29 00:00:00+00:00,285.44,291.78,285.43,287.82,171170
2024-12-02 00:00:00+00:00,286.37,286.54,282.4401,284.05,323828
2024-12-03 00:00:00+00:00,297.09,299.76,284.81,285.05,549303
2024-12-04 00:00:00+00:00,303.33,306.63,298.01,300.0,401330
2024-12-05 00:00:00+00:00,302.6,304.14,299.555,301.08,511715
2024-12-06 00:00:00+00:00,302.59,306.21,299.955,304.42,341830
2024-12-09 00:00:00+00:00,299.7,302.735,297.51,301.33,323923
2024-12-10 00:00:00+00:00,297.67,302.79,295.03,299.76,376988
2024-12-11 00:00:00+00:00,300.67,302.96,298.575,299.58,242007
2024-12-12 00:00:00+00:00,309.78,312.5999,298.95,300.48,416675
2024-12-13 00:00:00+00:00,298.17,309.515,294.6795,309.11,305803
2024-12-16 00:00:00+00:00,300.88,301.075,296.9948,298.65,245757
2024-12-17 00:00:00+00:00,295.06,299.94,293.26,299.18,355027
2024-12-18 00:00:00+00:00,281.63,295.7,280.73,295.7,368392
2024-12-19 00:00:00+00:00,282.54,287.48,282.05,285.29,342227
2024-12-20 00:00:00+00:00,280.26,282.735,275.51,279.0,976393
2024-12-23 00:00:00+00:00,278.82,279.36,275.3,277.82,306304
2024-12-24 00:00:00+00:00,282.27,282.3,277.78,279.02,130269
2024-12-26 00:00:00+00:00,279.3,282.0,277.31,281.66,276207
2024-12-27 00:00:00+00:00,275.19,279.08,269.83,279.08,482794
2024-12-30 00:00:00+00:00,271.14,272.82,267.69,272.09,199866
2024-12-31 00:00:00+00:00,270.24,275.19,268.99,272.04,330871
2025-01-02 00:00:00+00:00,268.84,273.09,267.14,271.88,293466
2025-01-03 00:00:00+00:00,272.84,273.99,267.08,268.84,280448
2025-01-06 00:00:00+00:00,271.36,281.0,263.8579,273.99,374513
2025-01-07 00:00:00+00:00,268.2,274.177,265.89,273.3,293341
2025-01-08 00:00:00+00:00,272.49,273.03,266.66,267.62,249103
2025-01-10 00:00:00+00:00,265.38,268.95,263.91,267.09,327542
2025-01-13 00:00:00+00:00,265.33,266.24,262.07,262.26,277232
2025-01-14 00:00:00+00:00,271.0,271.7,265.92,265.92,426340
2025-01-15 00:00:00+00:00,274.46,278.31,273.241,273.71,415366
2025-01-16 00:00:00+00:00,275.43,277.33,273.115,275.21,336506
2025-01-17 00:00:00+00:00,273.43,278.92,272.9,278.92,241491
2025-01-21 00:00:00+00:00,282.08,282.525,274.27,274.27,334503
2025-01-22 00:00:00+00:00,281.95,285.45,280.27,284.78,274221
2025-01-23 00:00:00+00:00,284.96,285.045,279.37,280.85,275684
2025-01-24 00:00:00+00:00,289.38,289.67,282.925,285.95,557228
2025-01-27 00:00:00+00:00,288.23,294.25,282.16,283.26,482858
2025-01-28 00:00:00+00:00,295.1,299.27,285.59,288.01,703701
2025-01-29 00:00:00+00:00,222.84,238.0,218.3,222.8,3271285
2025-01-30 00:00:00+00:00,214.14,224.85,213.99,224.51,1473308
2025-01-31 00:00:00+00:00,208.59,218.25,206.71,215.13,1300111
2025-02-03 00:00:00+00:00,200.28,205.42,199.35,204.76,1037189
2025-02-04 00:00:00+00:00,196.51,201.8,196.04,200.4,799672
2025-02-05 00:00:00+00:00,200.72,201.16,196.09,199.71,716409
2025-02-06 00:00:00+00:00,198.07,204.0,197.6,201.72,619243
2025-02-07 00:00:00+00:00,200.9,203.6619,199.0,199.57,701435
2025-02-10 00:00:00+00:00,177.7,198.65,177.12,198.14,2844262
2025-02-11 00:00:00+00:00,178.33,179.05,169.9401,177.185,4000567
2025-02-12 00:00:00+00:00,181.95,182.81,175.615,176.12,1614429
2025-02-13 00:00:00+00:00,187.58,188.94,182.0167,184.09,1617449
2025-02-14 00:00:00+00:00,190.41,192.29,186.711,187.59,857848
2025-02-18 00:00:00+00:00,187.52,191.99,185.61,190.18,759774
2025-02-19 00:00:00+00:00,183.21,187.49,182.4,186.29,622996
2025-02-20 00:00:00+00:00,185.98,186.15,181.8,182.08,560106
2025-02-21 00:00:00+00:00,182.51,186.755,180.81,185.84,735607
2025-02-24 00:00:00+00:00,176.95,181.96,174.785,181.96,2041285
2025-02-25 00:00:00+00:00,178.08,180.825,175.49,177.54,1443252
2025-02-26 00:00:00+00:00,177.61,181.23,176.59,178.12,478212
2025-02-27 00:00:00+00:00,175.2,180.69,174.91,179.61,464873
2025-02-28 00:00:00+00:00,176.88,177.73,173.02,174.61,837225
2025-03-03 00:00:00+00:00,173.09,178.35,172.92,178.35,663840
2025-03-04 00:00:00+00:00,171.41,173.86,169.2,171.22,715933
2025-03-05 00:00:00+00:00,172.93,173.35,168.0435,169.87,568135
2025-03-06 00:00:00+00:00,169.06,173.55,167.79,170.09,996289
2025-03-07 00:00:00+00:00,170.73,171.92,166.31,169.08,845786
2025-03-10 00:00:00+00:00,165.64,168.71,164.48,168.71,886972
2025-03-11 00:00:00+00:00,167.52,169.45,164.845,165.44,723819
2025-03-12 00:00:00+00:00,166.66,168.77,166.17,168.48,655030
2025-03-13 00:00:00+00:00,163.5,166.85,163.1,166.85,584084
2025-03-14 00:00:00+00:00,172.5,174.14,164.065,164.62,1102601
2025-03-17 00:00:00+00:00,175.65,177.685,171.62,171.62,874449
2025-03-18 00:00:00+00:00,172.78,175.95,171.21,175.56,628546
2025-03-19 00:00:00+00:00,174.49,176.55,173.075,173.71,659907
2025-03-20 00:00:00+00:00,172.44,175.66,172.19,173.36,861252
2025-03-21 00:00:00+00:00,171.08,174.13,168.3,169.86,2852808
2025-03-24 00:00:00+00:00,177.97,178.21,173.085,174.22,745410
2025-03-25 00:00:00+00:00,179.55,179.96,176.94,177.96,671583
2025-03-26 00:00:00+00:00,175.62,179.115,175.415,178.69,491627
2025-03-27 00:00:00+00:00,174.82,176.55,172.9,175.55,358309
2025-03-28 00:00:00+00:00,173.48,176.2,171.33,174.84,691735
2025-03-31 00:00:00+00:00,173.04,174.12,169.1629,171.36,792629
2025-04-01 00:00:00+00:00,174.76,175.23,170.59,173.57,646877
2025-04-02 00:00:00+00:00,178.89,179.13,172.06,172.64,608558
2025-04-03 00:00:00+00:00,161.76,170.62,160.93,170.53,887255
2025-04-04 00:00:00+00:00,152.05,156.125,150.195,154.43,1148717
2025-04-07 00:00:00+00:00,146.4,155.195,140.81,146.88,1659935
2025-04-08 00:00:00+00:00,143.9,152.4,141.88,151.05,1007600
2025-04-09 00:00:00+00:00,166.26,167.99,142.68,142.68,1343576
2025-04-10 00:00:00+00:00,157.64,160.57,153.34,157.83,1045334
2025-04-11 00:00:00+00:00,158.67,159.59,152.53,157.99,890090
2025-04-14 00:00:00+00:00,162.61,163.45,157.51,163.0,912994
2025-04-15 00:00:00+00:00,164.35,165.47,162.525,163.2,568894
2025-04-16 00:00:00+00:00,161.09,164.5,159.09,163.0,854477
2025-04-17 00:00:00+00:00,163.57,164.32,161.015,161.93,643569
2025-04-21 00:00:00+00:00,160.51,161.6699,157.26,160.75,739689
2025-04-22 00:00:00+00:00,162.25,163.86,158.8,161.83,1487146
2025-04-23 00:00:00+00:00,171.95,188.36,171.22,178.47,2099325
2025-04-24 00:00:00+00:00,174.21,174.42,168.16,171.95,670027
2025-04-25 00:00:00+00:00,174.58,176.175,171.855,174.25,569755
2025-04-28 00:00:00+00:00,174.38,175.58,172.125,174.79,649719
2025-04-29 00:00:00+00:00,176.25,178.54,172.815,173.34,738134
2025-04-30 00:00:00+00:00,177.39,177.725,171.4247,173.52,658569
2025-05-01 00:00:00+00:00,178.63,181.39,177.645,179.94,536182
2025-05-02 00:00:00+00:00,183.41,184.31,181.4,181.775,527715
2025-05-05 00:00:00+00:00,183.99,185.865,181.02,181.69,535413
2025-05-06 00:00:00+00:00,182.83,185.255,180.72,180.89,635443
2025-05-07 00:00:00+00:00,183.91,186.81,182.4,183.3,761566
2025-05-08 00:00:00+00:00,186.86,188.155,184.82,185.95,458161
2025-05-09 00:00:00+00:00,184.37,187.36,183.67,187.05,377361
