date,Open,High,Low,Close,Volume
2023-08-24 14:00:00+00:00,62.865,62.915,62.43,62.5,7507.0
2023-08-24 15:00:00+00:00,62.485,62.73,62.435,62.635,8859.0
2023-08-24 16:00:00+00:00,62.635,62.68,62.37,62.41,6513.0
2023-08-24 17:00:00+00:00,62.41,62.475,62.28,62.39,4914.0
2023-08-24 18:00:00+00:00,62.39,62.425,62.175,62.27,3413.0
2023-08-24 19:00:00+00:00,62.25,62.515,62.25,62.27,15200.0
2023-08-25 14:00:00+00:00,62.235,62.38,61.695,61.785,7674.0
2023-08-25 15:00:00+00:00,61.79,62.515,61.78,62.31,4765.0
2023-08-25 16:00:00+00:00,62.305,62.64,62.275,62.54,5017.0
2023-08-25 17:00:00+00:00,62.535,62.59,62.23,62.42,3477.0
2023-08-25 18:00:00+00:00,62.42,62.695,62.38,62.65,4860.0
2023-08-25 19:00:00+00:00,62.655,62.72,62.29,62.405,18473.0
2023-08-28 14:00:00+00:00,62.925,62.925,62.625,62.72,8287.0
2023-08-28 15:00:00+00:00,62.725,62.74,62.46,62.57,6315.0
2023-08-28 16:00:00+00:00,62.565,62.72,62.495,62.72,3300.0
2023-08-28 17:00:00+00:00,62.72,62.775,62.48,62.53,4243.0
2023-08-28 18:00:00+00:00,62.53,62.53,62.32,62.415,3859.0
2023-08-28 19:00:00+00:00,62.44,62.72,62.37,62.53,11273.0
2023-08-29 14:00:00+00:00,62.81,62.87,62.325,62.41,6553.0
2023-08-29 15:00:00+00:00,62.41,62.83,62.34,62.795,4935.0
2023-08-29 16:00:00+00:00,62.79,63.035,62.77,62.94,2783.0
2023-08-29 17:00:00+00:00,62.935,63.135,62.93,62.985,2015.0
2023-08-29 18:00:00+00:00,62.985,63.015,62.685,62.715,11450.0
2023-08-29 19:00:00+00:00,62.715,62.87,62.37,62.86,43758.0
2023-08-30 14:00:00+00:00,63.365,63.405,62.875,62.995,5509.0
2023-08-30 15:00:00+00:00,63.015,63.11,62.77,63.045,7749.0
2023-08-30 16:00:00+00:00,63.03,63.22,62.995,63.2,3439.0
2023-08-30 17:00:00+00:00,63.2,63.26,63.105,63.205,4306.0
2023-08-30 18:00:00+00:00,63.205,63.21,63.0,63.09,6252.0
2023-08-30 19:00:00+00:00,63.095,63.15,62.925,62.935,16229.0
2023-08-31 14:00:00+00:00,63.315,63.485,63.245,63.41,5437.0
2023-08-31 15:00:00+00:00,63.395,63.395,63.16,63.21,4370.0
2023-08-31 16:00:00+00:00,63.19,63.39,63.16,63.19,2268.0
2023-08-31 17:00:00+00:00,63.22,63.39,63.19,63.275,3772.0
2023-08-31 18:00:00+00:00,63.3,63.41,63.065,63.085,6750.0
2023-08-31 19:00:00+00:00,63.085,63.47,63.085,63.375,21855.0
2023-09-01 14:00:00+00:00,64.195,64.525,64.125,64.23,4865.0
2023-09-01 15:00:00+00:00,64.21,64.265,63.96,64.06,5220.0
2023-09-01 16:00:00+00:00,64.06,64.105,63.99,64.03,4029.0
2023-09-01 17:00:00+00:00,64.02,64.275,64.015,64.27,2635.0
2023-09-01 18:00:00+00:00,64.29,64.34,64.205,64.245,5283.0
2023-09-01 19:00:00+00:00,64.235,64.46,64.16,64.28,22083.0
2023-09-04 14:00:00+00:00,64.28,64.28,64.28,64.28,0.0
2023-09-04 15:00:00+00:00,64.28,64.28,64.28,64.28,0.0
2023-09-04 16:00:00+00:00,64.28,64.28,64.28,64.28,0.0
2023-09-04 17:00:00+00:00,64.28,64.28,64.28,64.28,0.0
2023-09-04 18:00:00+00:00,64.28,64.28,64.28,64.28,0.0
2023-09-04 19:00:00+00:00,64.28,64.28,64.28,64.28,0.0
2023-09-05 14:00:00+00:00,64.755,64.855,64.24,64.35,47422.0
2023-09-05 15:00:00+00:00,64.33,64.495,64.295,64.345,10613.0
2023-09-05 16:00:00+00:00,64.35,64.475,64.13,64.135,9607.0
2023-09-05 17:00:00+00:00,64.13,64.13,63.83,63.985,6329.0
2023-09-05 18:00:00+00:00,63.975,64.175,63.84,64.165,20663.0
2023-09-05 19:00:00+00:00,64.165,64.18,63.75,63.77,51476.0
2023-09-06 14:00:00+00:00,63.3,63.86,63.27,63.41,26764.0
2023-09-06 15:00:00+00:00,63.41,63.53,63.06,63.06,10375.0
2023-09-06 16:00:00+00:00,63.03,63.195,62.955,62.985,9558.0
2023-09-06 17:00:00+00:00,62.985,63.15,62.925,63.14,5770.0
2023-09-06 18:00:00+00:00,63.14,63.44,63.13,63.41,13267.0
2023-09-06 19:00:00+00:00,63.41,63.48,63.22,63.235,41752.0
2023-09-07 14:00:00+00:00,63.12,63.145,62.61,62.97,7464.0
2023-09-07 15:00:00+00:00,62.97,63.045,62.785,62.93,4151.0
2023-09-07 16:00:00+00:00,62.91,62.98,62.705,62.805,6913.0
2023-09-07 17:00:00+00:00,62.83,62.96,62.815,62.88,2793.0
2023-09-07 18:00:00+00:00,62.865,62.895,62.51,62.61,4379.0
2023-09-07 19:00:00+00:00,62.605,62.9,62.505,62.885,27862.0
2023-09-08 14:00:00+00:00,63.02,63.47,63.01,63.42,6396.0
2023-09-08 15:00:00+00:00,63.44,63.555,63.31,63.455,8811.0
2023-09-08 16:00:00+00:00,63.455,63.65,63.42,63.6,8761.0
2023-09-08 17:00:00+00:00,63.595,63.665,63.47,63.485,6078.0
2023-09-08 18:00:00+00:00,63.495,63.53,63.28,63.3,11648.0
2023-09-08 19:00:00+00:00,63.3,63.39,63.18,63.31,24217.0
2023-09-11 14:00:00+00:00,63.7,64.225,63.64,63.835,12816.0
2023-09-11 15:00:00+00:00,63.84,63.86,63.485,63.6,6469.0
2023-09-11 16:00:00+00:00,63.615,63.91,63.565,63.84,6764.0
2023-09-11 17:00:00+00:00,63.84,63.84,63.55,63.565,8099.0
2023-09-11 18:00:00+00:00,63.565,63.565,63.44,63.505,9914.0
2023-09-11 19:00:00+00:00,63.505,63.56,63.245,63.325,20682.0
2023-09-12 14:00:00+00:00,63.955,64.345,63.66,64.11,9477.0
2023-09-12 15:00:00+00:00,64.125,64.365,64.045,64.355,7099.0
2023-09-12 16:00:00+00:00,64.39,64.42,64.245,64.375,9335.0
2023-09-12 17:00:00+00:00,64.385,64.61,64.33,64.445,8534.0
2023-09-12 18:00:00+00:00,64.445,64.45,63.995,64.05,8371.0
2023-09-12 19:00:00+00:00,64.05,64.075,63.845,64.03,35235.0
2023-09-13 14:00:00+00:00,64.005,64.29,63.76,64.2,3948.0
2023-09-13 15:00:00+00:00,64.195,64.21,63.84,63.925,8224.0
2023-09-13 16:00:00+00:00,63.925,63.94,63.77,63.9,7465.0
2023-09-13 17:00:00+00:00,63.9,63.955,63.84,63.895,3964.0
2023-09-13 18:00:00+00:00,63.895,63.895,63.51,63.63,4819.0
2023-09-13 19:00:00+00:00,63.63,63.9,63.565,63.86,17715.0
2023-09-14 14:00:00+00:00,65.54,65.585,65.12,65.5,18409.0
2023-09-14 15:00:00+00:00,65.495,65.59,65.25,65.58,11075.0
2023-09-14 16:00:00+00:00,65.59,65.71,65.48,65.65,11464.0
2023-09-14 17:00:00+00:00,65.65,65.745,65.64,65.65,15473.0
2023-09-14 18:00:00+00:00,65.65,65.975,65.65,65.96,13527.0
2023-09-14 19:00:00+00:00,65.96,65.97,65.725,65.865,104385.0
2023-09-15 14:00:00+00:00,65.92,66.18,65.805,65.85,8620.0
2023-09-15 15:00:00+00:00,65.855,66.065,65.745,65.885,3837.0
2023-09-15 16:00:00+00:00,65.88,65.98,65.73,65.76,2346.0
2023-09-15 17:00:00+00:00,65.765,65.975,65.61,65.915,3333.0
2023-09-15 18:00:00+00:00,65.915,65.915,65.73,65.84,6079.0
2023-09-15 19:00:00+00:00,65.83,65.85,65.595,65.645,27247.0
2023-09-18 14:00:00+00:00,65.325,66.01,65.325,65.98,16119.0
2023-09-18 15:00:00+00:00,65.98,66.12,65.785,66.065,9848.0
2023-09-18 16:00:00+00:00,66.06,66.14,66.05,66.12,4780.0
2023-09-18 17:00:00+00:00,66.12,66.17,65.985,66.0,5452.0
2023-09-18 18:00:00+00:00,66.0,66.245,65.93,66.24,9515.0
2023-09-18 19:00:00+00:00,66.235,66.37,66.195,66.31,23805.0
2023-09-19 14:00:00+00:00,66.63,66.64,66.095,66.15,4928.0
2023-09-19 15:00:00+00:00,66.15,66.17,66.01,66.105,3493.0
2023-09-19 16:00:00+00:00,66.105,66.12,65.895,65.94,3880.0
2023-09-19 17:00:00+00:00,65.94,66.09,65.9,66.055,8579.0
2023-09-19 18:00:00+00:00,66.06,66.275,66.01,66.18,22416.0
2023-09-19 19:00:00+00:00,66.2,66.47,66.155,66.35,23147.0
2023-09-20 14:00:00+00:00,66.765,66.98,66.685,66.71,15010.0
2023-09-20 15:00:00+00:00,66.71,66.92,66.69,66.84,13138.0
2023-09-20 16:00:00+00:00,66.84,66.98,66.805,66.85,7875.0
2023-09-20 17:00:00+00:00,66.85,66.88,66.735,66.81,12158.0
2023-09-20 18:00:00+00:00,66.78,66.78,66.485,66.58,10852.0
2023-09-20 19:00:00+00:00,66.585,66.635,66.09,66.09,18825.0
2023-09-21 14:00:00+00:00,64.835,65.195,64.505,64.55,17394.0
2023-09-21 15:00:00+00:00,64.55,64.74,64.47,64.68,4288.0
2023-09-21 16:00:00+00:00,64.68,64.7,64.52,64.57,2800.0
2023-09-21 17:00:00+00:00,64.57,65.115,64.525,65.06,6344.0
2023-09-21 18:00:00+00:00,65.06,65.09,64.89,64.99,8103.0
2023-09-21 19:00:00+00:00,64.995,65.085,64.68,64.68,37719.0
2023-09-22 14:00:00+00:00,65.07,65.34,64.845,64.87,7268.0
2023-09-22 15:00:00+00:00,64.87,64.98,64.66,64.785,7973.0
2023-09-22 16:00:00+00:00,64.78,64.9,64.66,64.795,5816.0
2023-09-22 17:00:00+00:00,64.79,64.89,64.47,64.59,5942.0
2023-09-22 18:00:00+00:00,64.59,64.62,64.42,64.49,6959.0
2023-09-22 19:00:00+00:00,64.485,64.81,64.325,64.47,24422.0
2023-09-25 14:00:00+00:00,64.37,64.375,64.12,64.21,6270.0
2023-09-25 15:00:00+00:00,64.21,64.75,64.135,64.64,4432.0
2023-09-25 16:00:00+00:00,64.64,64.77,64.58,64.655,10857.0
2023-09-25 17:00:00+00:00,64.65,64.955,64.61,64.94,10030.0
2023-09-25 18:00:00+00:00,64.94,64.995,64.8,64.835,5916.0
2023-09-25 19:00:00+00:00,64.835,65.06,64.695,65.04,22008.0
2023-09-26 14:00:00+00:00,64.925,64.96,64.57,64.69,14291.0
2023-09-26 15:00:00+00:00,64.685,64.74,63.62,63.85,7785.0
2023-09-26 16:00:00+00:00,63.86,64.075,63.85,63.885,5906.0
2023-09-26 17:00:00+00:00,63.885,63.905,63.38,63.45,7465.0
2023-09-26 18:00:00+00:00,63.45,63.46,63.135,63.175,15069.0
2023-09-26 19:00:00+00:00,63.165,63.325,63.045,63.055,56351.0
2023-09-27 14:00:00+00:00,62.58,62.84,62.3,62.325,17651.0
2023-09-27 15:00:00+00:00,62.325,62.5,62.18,62.29,11280.0
2023-09-27 16:00:00+00:00,62.28,62.62,62.175,62.45,6109.0
2023-09-27 17:00:00+00:00,62.455,62.59,62.06,62.24,10573.0
2023-09-27 18:00:00+00:00,62.22,62.82,62.165,62.755,7742.0
2023-09-27 19:00:00+00:00,62.755,62.94,62.545,62.8,19006.0
2023-09-28 14:00:00+00:00,63.075,63.33,62.91,62.995,9786.0
2023-09-28 15:00:00+00:00,62.99,63.25,62.86,63.12,6590.0
2023-09-28 16:00:00+00:00,63.115,63.135,62.8,62.885,11594.0
2023-09-28 17:00:00+00:00,62.885,62.95,62.7,62.81,7819.0
2023-09-28 18:00:00+00:00,62.81,63.0,62.69,62.89,7513.0
2023-09-28 19:00:00+00:00,62.89,63.05,62.66,62.895,13635.0
2023-09-29 14:00:00+00:00,63.14,63.29,62.78,63.15,4891.0
2023-09-29 15:00:00+00:00,63.155,63.55,63.04,63.29,5404.0
2023-09-29 16:00:00+00:00,63.29,63.57,63.17,63.26,8005.0
2023-09-29 17:00:00+00:00,63.26,63.26,62.78,62.81,5266.0
2023-09-29 18:00:00+00:00,62.79,63.13,62.7,63.11,6116.0
2023-09-29 19:00:00+00:00,63.11,63.17,62.78,62.92,13862.0
2023-10-02 14:00:00+00:00,61.905,62.245,61.475,61.57,5337.0
2023-10-02 15:00:00+00:00,61.585,61.96,61.49,61.595,9893.0
2023-10-02 16:00:00+00:00,61.595,61.62,61.19,61.24,6336.0
2023-10-02 17:00:00+00:00,61.23,61.72,61.22,61.64,3160.0
2023-10-02 18:00:00+00:00,61.64,61.84,61.435,61.49,10492.0
2023-10-02 19:00:00+00:00,61.49,61.745,61.39,61.695,11729.0
2023-10-03 14:00:00+00:00,60.79,60.88,59.915,60.06,13925.0
2023-10-03 15:00:00+00:00,60.05,60.125,59.785,59.99,20375.0
2023-10-03 16:00:00+00:00,59.99,60.125,59.86,60.04,13222.0
2023-10-03 17:00:00+00:00,60.04,60.195,59.95,59.985,7094.0
2023-10-03 18:00:00+00:00,59.985,60.09,59.71,60.065,7259.0
2023-10-03 19:00:00+00:00,60.065,60.3,59.9,60.285,31636.0
2023-10-04 14:00:00+00:00,59.8,59.91,58.98,59.155,20462.0
2023-10-04 15:00:00+00:00,59.16,59.81,59.095,59.76,8532.0
2023-10-04 16:00:00+00:00,59.75,60.07,59.67,59.825,7076.0
2023-10-04 17:00:00+00:00,59.82,59.86,59.53,59.55,4421.0
2023-10-04 18:00:00+00:00,59.55,59.695,59.43,59.69,4339.0
2023-10-04 19:00:00+00:00,59.69,60.025,59.615,60.015,12716.0
2023-10-05 14:00:00+00:00,60.045,60.21,59.805,59.85,7344.0
2023-10-05 15:00:00+00:00,59.82,59.84,59.44,59.57,28461.0
2023-10-05 16:00:00+00:00,59.57,59.91,59.57,59.65,13001.0
2023-10-05 17:00:00+00:00,59.65,60.14,59.56,60.14,4131.0
2023-10-05 18:00:00+00:00,60.14,60.37,60.12,60.285,5289.0
2023-10-05 19:00:00+00:00,60.3,60.445,60.14,60.28,13425.0
2023-10-06 14:00:00+00:00,60.205,60.33,59.795,60.23,10870.0
2023-10-06 15:00:00+00:00,60.22,61.49,60.11,61.49,15540.0
2023-10-06 16:00:00+00:00,61.49,61.575,61.105,61.22,10463.0
2023-10-06 17:00:00+00:00,61.235,61.51,61.16,61.38,13957.0
2023-10-06 18:00:00+00:00,61.385,61.6,61.305,61.565,20653.0
2023-10-06 19:00:00+00:00,61.57,61.615,61.27,61.28,40661.0
2023-10-09 14:00:00+00:00,61.235,61.31,60.95,61.145,7327.0
2023-10-09 15:00:00+00:00,61.14,61.54,61.14,61.39,7104.0
2023-10-09 16:00:00+00:00,61.39,61.445,61.1,61.12,18619.0
2023-10-09 17:00:00+00:00,61.15,61.63,61.06,61.6,12925.0
2023-10-09 18:00:00+00:00,61.6,61.975,61.6,61.93,12134.0
2023-10-09 19:00:00+00:00,61.93,61.935,61.72,61.865,17860.0
2023-10-10 14:00:00+00:00,62.49,62.81,62.36,62.55,9958.0
2023-10-10 15:00:00+00:00,62.55,62.785,62.48,62.78,7166.0
2023-10-10 16:00:00+00:00,62.795,62.88,62.68,62.77,4568.0
2023-10-10 17:00:00+00:00,62.765,62.78,62.54,62.75,9007.0
2023-10-10 18:00:00+00:00,62.75,62.76,62.255,62.28,8872.0
2023-10-10 19:00:00+00:00,62.28,62.32,62.075,62.14,26005.0
2023-10-11 14:00:00+00:00,62.845,62.9,62.325,62.69,9719.0
2023-10-11 15:00:00+00:00,62.7,62.73,62.33,62.35,13507.0
2023-10-11 16:00:00+00:00,62.355,62.415,62.075,62.14,10836.0
2023-10-11 17:00:00+00:00,62.14,62.24,62.075,62.22,3037.0
2023-10-11 18:00:00+00:00,62.22,62.535,62.19,62.51,2696.0
2023-10-11 19:00:00+00:00,62.51,62.96,62.49,62.86,25678.0
2023-10-12 14:00:00+00:00,62.675,62.69,62.2,62.51,5513.0
2023-10-12 15:00:00+00:00,62.51,62.76,62.435,62.64,3619.0
2023-10-12 16:00:00+00:00,62.645,62.89,62.63,62.77,5006.0
2023-10-12 17:00:00+00:00,62.77,62.77,62.02,62.04,6877.0
2023-10-12 18:00:00+00:00,62.04,62.31,61.83,62.2,4566.0
2023-10-12 19:00:00+00:00,62.205,62.525,62.205,62.485,8893.0
2023-10-13 14:00:00+00:00,63.17,63.24,62.57,62.595,11244.0
2023-10-13 15:00:00+00:00,62.58,62.72,62.29,62.51,18627.0
2023-10-13 16:00:00+00:00,62.495,62.68,62.315,62.38,4473.0
2023-10-13 17:00:00+00:00,62.38,62.45,61.92,62.2,4190.0
2023-10-13 18:00:00+00:00,62.2,62.38,62.03,62.175,4020.0
2023-10-13 19:00:00+00:00,62.19,62.275,61.94,62.01,13187.0
2023-10-16 14:00:00+00:00,63.105,63.895,62.96,63.895,9462.0
2023-10-16 15:00:00+00:00,63.905,63.98,63.43,63.62,4461.0
2023-10-16 16:00:00+00:00,63.625,63.67,63.37,63.46,8064.0
2023-10-16 17:00:00+00:00,63.44,63.59,63.1,63.53,9821.0
2023-10-16 18:00:00+00:00,63.53,63.58,63.28,63.385,8248.0
2023-10-16 19:00:00+00:00,63.38,63.58,63.33,63.345,28903.0
2023-10-17 14:00:00+00:00,63.845,64.21,63.675,64.19,8265.0
2023-10-17 15:00:00+00:00,64.195,64.7,64.18,64.6,11936.0
2023-10-17 16:00:00+00:00,64.6,64.705,64.19,64.24,5027.0
2023-10-17 17:00:00+00:00,64.24,64.28,63.825,63.85,7260.0
2023-10-17 18:00:00+00:00,63.85,64.03,63.775,63.835,11235.0
2023-10-17 19:00:00+00:00,63.86,64.23,63.82,63.92,26774.0
2023-10-18 14:00:00+00:00,63.01,63.58,62.99,63.3,11476.0
2023-10-18 15:00:00+00:00,63.29,63.36,63.0,63.055,11437.0
2023-10-18 16:00:00+00:00,63.05,63.105,62.71,62.775,9631.0
2023-10-18 17:00:00+00:00,62.77,63.26,62.65,63.17,9483.0
2023-10-18 18:00:00+00:00,63.17,63.425,63.02,63.08,8189.0
2023-10-18 19:00:00+00:00,63.06,63.19,62.875,63.13,27041.0
2023-10-19 14:00:00+00:00,63.12,63.12,62.25,62.45,7263.0
2023-10-19 15:00:00+00:00,62.455,62.82,62.4,62.62,4646.0
2023-10-19 16:00:00+00:00,62.62,63.15,62.305,62.8,5452.0
2023-10-19 17:00:00+00:00,62.805,63.11,62.62,62.71,4491.0
2023-10-19 18:00:00+00:00,62.705,62.82,61.935,62.01,7484.0
2023-10-19 19:00:00+00:00,62.0,62.08,61.68,61.915,50951.0
2023-10-20 14:00:00+00:00,60.505,60.705,59.74,60.6,24182.0
2023-10-20 15:00:00+00:00,60.6,60.965,60.41,60.875,12899.0
2023-10-20 16:00:00+00:00,60.87,60.91,60.54,60.86,8672.0
2023-10-20 17:00:00+00:00,60.86,60.92,60.61,60.8,8650.0
2023-10-20 18:00:00+00:00,60.8,60.815,60.375,60.44,5860.0
2023-10-20 19:00:00+00:00,60.44,60.54,60.08,60.14,34693.0
2023-10-23 14:00:00+00:00,58.97,59.255,58.64,58.985,27280.0
2023-10-23 15:00:00+00:00,58.985,59.635,58.85,59.58,8429.0
2023-10-23 16:00:00+00:00,59.58,59.6,59.04,59.25,24183.0
2023-10-23 17:00:00+00:00,59.245,59.3,58.96,59.05,8776.0
2023-10-23 18:00:00+00:00,59.05,59.22,58.87,59.12,7406.0
2023-10-23 19:00:00+00:00,59.115,59.135,58.445,58.47,52032.0
2023-10-24 14:00:00+00:00,58.945,59.11,58.67,58.96,29458.0
2023-10-24 15:00:00+00:00,58.95,58.95,58.67,58.88,11445.0
2023-10-24 16:00:00+00:00,58.88,58.985,58.685,58.825,11093.0
2023-10-24 17:00:00+00:00,58.825,59.07,58.8,58.965,12042.0
2023-10-24 18:00:00+00:00,58.965,59.26,58.935,59.155,12613.0
2023-10-24 19:00:00+00:00,59.17,59.31,59.015,59.205,41559.0
2023-10-25 14:00:00+00:00,59.4,59.54,59.015,59.405,10890.0
2023-10-25 15:00:00+00:00,59.405,59.685,59.24,59.31,14099.0
2023-10-25 16:00:00+00:00,59.31,59.31,58.89,58.935,10767.0
2023-10-25 17:00:00+00:00,58.935,59.01,58.7,58.87,9532.0
2023-10-25 18:00:00+00:00,58.865,59.1,58.78,59.0,16404.0
2023-10-25 19:00:00+00:00,58.995,59.105,58.845,58.91,12780.0
2023-10-26 14:00:00+00:00,59.32,59.925,59.2,59.83,10075.0
2023-10-26 15:00:00+00:00,59.83,60.0,59.53,59.76,12540.0
2023-10-26 16:00:00+00:00,59.74,59.75,59.28,59.41,23750.0
2023-10-26 17:00:00+00:00,59.41,59.62,59.33,59.585,6810.0
2023-10-26 18:00:00+00:00,59.585,59.91,59.55,59.895,10149.0
2023-10-26 19:00:00+00:00,59.9,60.01,59.475,59.61,18966.0
2023-10-27 14:00:00+00:00,59.07,59.155,58.51,58.765,16051.0
2023-10-27 15:00:00+00:00,58.77,59.04,58.605,58.835,10362.0
2023-10-27 16:00:00+00:00,58.83,58.89,58.585,58.605,7675.0
2023-10-27 17:00:00+00:00,58.605,58.725,58.12,58.16,5836.0
2023-10-27 18:00:00+00:00,58.155,58.275,57.92,57.97,9159.0
2023-10-27 19:00:00+00:00,57.965,58.34,57.915,58.315,26535.0
2023-10-30 14:00:00+00:00,59.09,59.16,58.475,58.845,14763.0
2023-10-30 15:00:00+00:00,58.845,59.125,58.825,58.99,5870.0
2023-10-30 16:00:00+00:00,58.99,59.245,58.965,59.11,7961.0
2023-10-30 17:00:00+00:00,59.125,59.55,59.04,59.52,17324.0
2023-10-30 18:00:00+00:00,59.52,59.57,59.38,59.43,11847.0
2023-10-30 19:00:00+00:00,59.435,59.64,59.415,59.45,26924.0
2023-10-31 14:00:00+00:00,59.47,59.795,59.225,59.7,11327.0
2023-10-31 15:00:00+00:00,59.7,59.795,59.56,59.775,8443.0
2023-10-31 16:00:00+00:00,59.775,59.815,59.4,59.61,4822.0
2023-10-31 17:00:00+00:00,59.61,59.92,59.585,59.9,5318.0
2023-10-31 18:00:00+00:00,59.9,59.955,59.715,59.94,6701.0
2023-10-31 19:00:00+00:00,59.94,60.065,59.83,60.005,20431.0
2023-11-01 14:00:00+00:00,59.8,60.345,59.475,60.255,9147.0
2023-11-01 15:00:00+00:00,60.255,60.335,59.98,59.98,7727.0
2023-11-01 16:00:00+00:00,59.965,59.97,59.505,59.625,5912.0
2023-11-01 17:00:00+00:00,59.625,59.865,59.525,59.75,8170.0
2023-11-01 18:00:00+00:00,59.84,59.935,59.36,59.92,18409.0
2023-11-01 19:00:00+00:00,59.92,60.21,59.92,59.98,43497.0
2023-11-02 14:00:00+00:00,60.625,60.69,59.85,60.405,64009.0
2023-11-02 15:00:00+00:00,60.405,60.44,59.27,59.405,28608.0
2023-11-02 16:00:00+00:00,59.4,59.635,59.255,59.275,27071.0
2023-11-02 17:00:00+00:00,59.27,59.77,59.19,59.715,12024.0
2023-11-02 18:00:00+00:00,59.72,59.87,59.53,59.59,24835.0
2023-11-02 19:00:00+00:00,59.59,60.015,59.52,60.015,57418.0
2023-11-03 14:00:00+00:00,62.035,62.16,61.425,61.8,22611.0
2023-11-03 15:00:00+00:00,61.8,62.4,61.76,62.29,15607.0
2023-11-03 16:00:00+00:00,62.29,62.31,61.87,62.05,11498.0
2023-11-03 17:00:00+00:00,62.05,62.275,62.015,62.22,8112.0
2023-11-03 18:00:00+00:00,62.22,62.24,61.825,62.14,15343.0
2023-11-03 19:00:00+00:00,62.135,62.17,61.66,61.745,33962.0
2023-11-06 15:00:00+00:00,60.46,60.515,59.77,60.08,24761.0
2023-11-06 16:00:00+00:00,60.095,60.31,60.035,60.29,5746.0
2023-11-06 17:00:00+00:00,60.29,60.31,60.065,60.18,4694.0
2023-11-06 18:00:00+00:00,60.185,60.33,60.11,60.145,10289.0
2023-11-06 19:00:00+00:00,60.14,60.42,60.135,60.39,14533.0
2023-11-06 20:00:00+00:00,60.39,60.52,60.29,60.42,34324.0
2023-11-07 15:00:00+00:00,60.185,60.345,60.015,60.205,26933.0
2023-11-07 16:00:00+00:00,60.205,60.245,59.92,60.075,12612.0
2023-11-07 17:00:00+00:00,60.075,60.085,59.715,59.87,17801.0
2023-11-07 18:00:00+00:00,59.865,59.97,59.75,59.84,7599.0
2023-11-07 19:00:00+00:00,59.84,59.93,59.8,59.84,9812.0
2023-11-07 20:00:00+00:00,59.84,60.145,59.81,60.05,28374.0
2023-11-08 15:00:00+00:00,59.46,59.5,59.125,59.23,18060.0
2023-11-08 16:00:00+00:00,59.255,59.47,59.12,59.185,9557.0
2023-11-08 17:00:00+00:00,59.18,59.19,58.895,59.06,12040.0
2023-11-08 18:00:00+00:00,59.06,59.255,58.995,59.23,10134.0
2023-11-08 19:00:00+00:00,59.23,59.36,59.025,59.025,9727.0
2023-11-08 20:00:00+00:00,59.04,59.45,59.015,59.365,28617.0
2023-11-09 15:00:00+00:00,59.69,59.8,59.38,59.69,10222.0
2023-11-09 16:00:00+00:00,59.685,59.87,59.64,59.705,10771.0
2023-11-09 17:00:00+00:00,59.685,60.01,59.625,59.97,10417.0
2023-11-09 18:00:00+00:00,59.97,59.97,59.465,59.49,10280.0
2023-11-09 19:00:00+00:00,59.43,59.57,59.365,59.39,11176.0
2023-11-09 20:00:00+00:00,59.39,59.52,59.245,59.31,22161.0
2023-11-10 15:00:00+00:00,59.88,60.055,59.455,59.73,3058.0
2023-11-10 16:00:00+00:00,59.71,59.855,59.665,59.845,5035.0
2023-11-10 17:00:00+00:00,59.845,60.19,59.82,60.18,8871.0
2023-11-10 18:00:00+00:00,60.18,60.38,60.06,60.38,5830.0
2023-11-10 19:00:00+00:00,60.335,60.375,60.23,60.31,7362.0
2023-11-10 20:00:00+00:00,60.31,60.545,60.31,60.47,40901.0
2023-11-13 15:00:00+00:00,61.17,61.205,60.695,60.79,16956.0
2023-11-13 16:00:00+00:00,60.775,60.86,60.56,60.805,8814.0
2023-11-13 17:00:00+00:00,60.81,60.825,60.6,60.62,7962.0
2023-11-13 18:00:00+00:00,60.63,60.66,60.445,60.525,14323.0
2023-11-13 19:00:00+00:00,60.525,60.61,60.45,60.52,10656.0
2023-11-13 20:00:00+00:00,60.52,60.68,60.45,60.45,18599.0
2023-11-14 15:00:00+00:00,61.685,62.475,61.67,62.465,8511.0
2023-11-14 16:00:00+00:00,62.465,62.78,62.42,62.7,8171.0
2023-11-14 17:00:00+00:00,62.7,62.77,62.52,62.645,8797.0
2023-11-14 18:00:00+00:00,62.645,62.645,62.44,62.46,9701.0
2023-11-14 19:00:00+00:00,62.445,62.64,62.4,62.585,13461.0
2023-11-14 20:00:00+00:00,62.58,62.67,62.22,62.3,38445.0
2023-11-15 15:00:00+00:00,62.41,62.615,62.3,62.54,13444.0
2023-11-15 16:00:00+00:00,62.54,62.66,62.06,62.245,10320.0
2023-11-15 17:00:00+00:00,62.25,62.32,62.115,62.14,7899.0
2023-11-15 18:00:00+00:00,62.13,62.185,61.98,62.05,7424.0
2023-11-15 19:00:00+00:00,62.05,62.105,61.905,62.01,8250.0
2023-11-15 20:00:00+00:00,62.01,62.115,61.735,61.855,20750.0
2023-11-16 15:00:00+00:00,62.12,62.2,61.7,61.74,34112.0
2023-11-16 16:00:00+00:00,61.72,62.005,61.645,61.85,17904.0
2023-11-16 17:00:00+00:00,61.85,61.95,61.77,61.93,6165.0
2023-11-16 18:00:00+00:00,61.93,62.16,61.89,62.1,26026.0
2023-11-16 19:00:00+00:00,62.1,62.23,61.99,62.19,27064.0
2023-11-16 20:00:00+00:00,62.19,62.19,61.965,62.05,27057.0
2023-11-17 15:00:00+00:00,62.455,62.53,62.25,62.53,9910.0
2023-11-17 16:00:00+00:00,62.53,62.57,62.355,62.48,8821.0
2023-11-17 17:00:00+00:00,62.47,62.66,62.45,62.61,3365.0
2023-11-17 18:00:00+00:00,62.61,62.63,62.455,62.54,5591.0
2023-11-17 19:00:00+00:00,62.54,62.545,62.32,62.36,8670.0
2023-11-17 20:00:00+00:00,62.365,62.575,62.325,62.565,23196.0
2023-11-20 15:00:00+00:00,62.35,62.79,62.25,62.63,10180.0
2023-11-20 16:00:00+00:00,62.63,62.84,62.56,62.78,5701.0
2023-11-20 17:00:00+00:00,62.785,62.825,62.595,62.71,4944.0
2023-11-20 18:00:00+00:00,62.695,62.915,62.69,62.86,6683.0
2023-11-20 19:00:00+00:00,62.865,62.975,62.775,62.87,6386.0
2023-11-20 20:00:00+00:00,62.875,62.985,62.49,62.51,32323.0
2023-11-21 15:00:00+00:00,62.19,62.635,62.14,62.54,14814.0
2023-11-21 16:00:00+00:00,62.53,62.7,62.425,62.5,25896.0
2023-11-21 17:00:00+00:00,62.5,62.73,62.47,62.72,26413.0
2023-11-21 18:00:00+00:00,62.715,62.725,62.535,62.545,8604.0
2023-11-21 19:00:00+00:00,62.5,62.61,62.415,62.48,10511.0
2023-11-21 20:00:00+00:00,62.49,62.54,62.27,62.355,20637.0
2023-11-22 15:00:00+00:00,62.8,63.03,62.77,62.86,7523.0
2023-11-22 16:00:00+00:00,62.86,63.005,62.81,62.94,5790.0
2023-11-22 17:00:00+00:00,62.94,63.025,62.745,62.81,4826.0
2023-11-22 18:00:00+00:00,62.81,62.88,62.74,62.8,13060.0
2023-11-22 19:00:00+00:00,62.8,62.975,62.74,62.91,24023.0
2023-11-22 20:00:00+00:00,62.91,63.1,62.905,63.05,47692.0
2023-11-23 15:00:00+00:00,63.05,63.05,63.05,63.05,0.0
2023-11-23 16:00:00+00:00,63.05,63.05,63.05,63.05,0.0
2023-11-23 17:00:00+00:00,63.05,63.05,63.05,63.05,0.0
2023-11-23 18:00:00+00:00,63.05,63.05,63.05,63.05,0.0
2023-11-23 19:00:00+00:00,63.05,63.05,63.05,63.05,0.0
2023-11-23 20:00:00+00:00,63.05,63.05,63.05,63.05,0.0
2023-11-24 15:00:00+00:00,63.63,63.97,63.595,63.91,5649.0
2023-11-24 16:00:00+00:00,63.91,63.91,63.585,63.63,4438.0
2023-11-24 17:00:00+00:00,63.63,63.74,63.445,63.54,15389.0
2023-11-24 18:00:00+00:00,63.54,63.54,63.54,63.54,0.0
2023-11-24 19:00:00+00:00,63.54,63.54,63.54,63.54,0.0
2023-11-24 20:00:00+00:00,63.54,63.54,63.54,63.54,0.0
2023-11-27 15:00:00+00:00,63.16,63.205,62.98,63.0,7558.0
2023-11-27 16:00:00+00:00,62.99,63.155,62.91,62.95,4517.0
2023-11-27 17:00:00+00:00,62.95,63.065,62.815,62.95,4894.0
2023-11-27 18:00:00+00:00,62.95,63.115,62.905,63.115,3869.0
2023-11-27 19:00:00+00:00,63.125,63.205,63.045,63.155,7383.0
2023-11-27 20:00:00+00:00,63.155,63.355,63.155,63.225,29253.0
2023-11-28 15:00:00+00:00,63.31,63.615,63.115,63.615,7861.0
2023-11-28 16:00:00+00:00,63.62,63.635,63.31,63.55,5817.0
2023-11-28 17:00:00+00:00,63.55,63.56,63.095,63.11,5168.0
2023-11-28 18:00:00+00:00,63.11,63.295,62.88,63.08,13523.0
2023-11-28 19:00:00+00:00,63.08,63.27,63.04,63.25,5898.0
2023-11-28 20:00:00+00:00,63.25,63.345,63.1,63.25,36629.0
2023-11-29 15:00:00+00:00,63.76,64.05,63.58,63.77,25645.0
2023-11-29 16:00:00+00:00,63.76,63.9,63.64,63.68,8978.0
2023-11-29 17:00:00+00:00,63.68,63.78,63.58,63.63,13368.0
2023-11-29 18:00:00+00:00,63.63,63.785,63.625,63.775,8639.0
2023-11-29 19:00:00+00:00,63.775,63.83,63.5,63.595,13761.0
2023-11-29 20:00:00+00:00,63.59,63.6,63.135,63.16,36425.0
2023-11-30 15:00:00+00:00,63.72,63.735,63.45,63.7,21535.0
2023-11-30 16:00:00+00:00,63.7,63.745,63.46,63.565,4764.0
2023-11-30 17:00:00+00:00,63.565,63.655,63.395,63.4,2215.0
2023-11-30 18:00:00+00:00,63.4,63.585,63.385,63.46,5099.0
2023-11-30 19:00:00+00:00,63.46,63.665,63.445,63.65,8665.0
2023-11-30 20:00:00+00:00,63.65,63.77,63.44,63.64,31224.0
2023-12-01 15:00:00+00:00,63.47,63.64,63.38,63.41,11550.0
2023-12-01 16:00:00+00:00,63.4,63.995,63.27,63.92,9194.0
2023-12-01 17:00:00+00:00,63.92,64.175,63.83,64.14,15776.0
2023-12-01 18:00:00+00:00,64.14,64.17,63.805,63.84,4533.0
2023-12-01 19:00:00+00:00,63.84,63.99,63.77,63.97,10567.0
2023-12-01 20:00:00+00:00,63.97,63.995,63.77,63.8,25193.0
2023-12-04 15:00:00+00:00,63.99,64.46,63.88,64.27,10834.0
2023-12-04 16:00:00+00:00,64.27,64.425,64.18,64.235,11431.0
2023-12-04 17:00:00+00:00,64.24,64.555,64.21,64.36,25295.0
2023-12-04 18:00:00+00:00,64.34,64.565,64.315,64.51,9906.0
2023-12-04 19:00:00+00:00,64.51,64.565,64.385,64.425,7616.0
2023-12-04 20:00:00+00:00,64.42,64.55,64.31,64.55,19383.0
2023-12-05 15:00:00+00:00,64.085,64.3,63.86,64.045,11080.0
2023-12-05 16:00:00+00:00,64.045,64.31,64.045,64.12,9063.0
2023-12-05 17:00:00+00:00,64.12,64.27,64.04,64.265,10813.0
2023-12-05 18:00:00+00:00,64.26,64.395,64.16,64.33,6990.0
2023-12-05 19:00:00+00:00,64.325,64.445,64.285,64.35,3588.0
2023-12-05 20:00:00+00:00,64.35,64.39,63.915,63.995,17762.0
2023-12-06 15:00:00+00:00,64.745,64.81,64.11,64.21,7012.0
2023-12-06 16:00:00+00:00,64.21,64.255,63.845,63.98,7661.0
2023-12-06 17:00:00+00:00,63.98,64.005,63.72,63.82,5263.0
2023-12-06 18:00:00+00:00,63.815,63.985,63.78,63.84,4819.0
2023-12-06 19:00:00+00:00,63.84,64.0,63.695,63.735,3553.0
2023-12-06 20:00:00+00:00,63.73,63.755,63.395,63.56,17367.0
2023-12-07 15:00:00+00:00,63.58,63.785,63.46,63.575,10554.0
2023-12-07 16:00:00+00:00,63.57,63.68,63.27,63.555,12048.0
2023-12-07 17:00:00+00:00,63.555,63.615,63.395,63.465,9044.0
2023-12-07 18:00:00+00:00,63.465,63.595,63.445,63.48,11035.0
2023-12-07 19:00:00+00:00,63.48,63.715,63.48,63.575,14237.0
2023-12-07 20:00:00+00:00,63.575,63.605,63.465,63.505,42774.0
2023-12-08 15:00:00+00:00,63.74,64.3,63.69,64.06,14064.0
2023-12-08 16:00:00+00:00,64.065,64.065,63.715,63.86,7054.0
2023-12-08 17:00:00+00:00,63.85,64.005,63.79,63.95,3238.0
2023-12-08 18:00:00+00:00,63.95,64.125,63.91,63.935,4015.0
2023-12-08 19:00:00+00:00,63.935,64.115,63.925,64.09,5512.0
2023-12-08 20:00:00+00:00,64.085,64.425,64.005,64.035,30689.0
2023-12-11 15:00:00+00:00,64.69,65.04,64.645,65.025,17751.0
2023-12-11 16:00:00+00:00,65.025,65.185,64.815,65.16,12403.0
2023-12-11 17:00:00+00:00,65.16,65.355,65.09,65.27,12356.0
2023-12-11 18:00:00+00:00,65.28,65.34,65.11,65.14,5150.0
2023-12-11 19:00:00+00:00,65.14,65.15,64.92,64.93,7265.0
2023-12-11 20:00:00+00:00,64.925,64.95,64.765,64.88,23087.0
2023-12-12 15:00:00+00:00,65.015,65.215,64.85,65.12,14827.0
2023-12-12 16:00:00+00:00,65.12,65.405,65.075,65.39,9866.0
2023-12-12 17:00:00+00:00,65.39,65.39,65.215,65.26,6463.0
2023-12-12 18:00:00+00:00,65.25,65.345,65.1,65.115,8312.0
2023-12-12 19:00:00+00:00,65.115,65.275,65.08,65.17,9861.0
2023-12-12 20:00:00+00:00,65.17,65.265,65.085,65.18,23462.0
2023-12-13 15:00:00+00:00,65.31,65.32,65.04,65.145,10430.0
2023-12-13 16:00:00+00:00,65.15,65.325,65.09,65.3,5152.0
2023-12-13 17:00:00+00:00,65.3,65.36,65.125,65.145,7829.0
2023-12-13 18:00:00+00:00,65.145,65.195,64.955,65.02,4128.0
2023-12-13 19:00:00+00:00,65.07,65.97,65.07,65.905,15503.0
2023-12-13 20:00:00+00:00,65.895,66.29,65.87,66.23,54066.0
2023-12-14 15:00:00+00:00,67.585,67.65,66.92,67.035,22798.0
2023-12-14 16:00:00+00:00,67.035,67.335,67.03,67.25,15981.0
2023-12-14 17:00:00+00:00,67.245,67.44,67.18,67.31,17605.0
2023-12-14 18:00:00+00:00,67.31,67.37,66.94,67.02,9979.0
2023-12-14 19:00:00+00:00,67.02,67.12,66.865,67.05,6100.0
2023-12-14 20:00:00+00:00,67.05,67.15,66.845,66.905,24222.0
2023-12-15 15:00:00+00:00,66.235,66.615,66.12,66.565,18262.0
2023-12-15 16:00:00+00:00,66.57,66.995,66.57,66.935,12969.0
2023-12-15 17:00:00+00:00,66.935,67.08,66.755,66.8,10793.0
2023-12-15 18:00:00+00:00,66.8,66.8,66.45,66.48,14130.0
2023-12-15 19:00:00+00:00,66.46,66.465,66.15,66.22,18310.0
2023-12-15 20:00:00+00:00,66.215,66.455,66.02,66.365,35729.0
2023-12-18 15:00:00+00:00,66.17,66.425,66.05,66.25,11074.0
2023-12-18 16:00:00+00:00,66.26,66.53,66.25,66.52,8271.0
2023-12-18 17:00:00+00:00,66.52,66.575,65.82,65.83,16202.0
2023-12-18 18:00:00+00:00,65.83,65.85,65.265,65.375,27136.0
2023-12-18 19:00:00+00:00,65.375,65.55,65.12,65.23,27209.0
2023-12-18 20:00:00+00:00,65.23,65.43,64.97,65.265,47826.0
2023-12-19 15:00:00+00:00,66.065,66.555,65.97,66.515,15878.0
2023-12-19 16:00:00+00:00,66.515,66.705,66.32,66.58,29417.0
2023-12-19 17:00:00+00:00,66.58,66.66,66.44,66.61,16875.0
2023-12-19 18:00:00+00:00,66.61,66.735,66.55,66.675,9493.0
2023-12-19 19:00:00+00:00,66.675,66.71,66.365,66.48,12062.0
2023-12-19 20:00:00+00:00,66.49,66.525,66.365,66.395,39912.0
2023-12-20 15:00:00+00:00,66.1,66.375,66.03,66.24,14942.0
2023-12-20 16:00:00+00:00,66.24,66.475,66.21,66.39,19938.0
2023-12-20 17:00:00+00:00,66.385,66.54,66.355,66.37,11561.0
2023-12-20 18:00:00+00:00,66.37,66.375,66.195,66.27,9660.0
2023-12-20 19:00:00+00:00,66.27,66.31,65.665,65.71,16075.0
2023-12-20 20:00:00+00:00,65.68,65.835,65.21,65.24,33752.0
2023-12-21 15:00:00+00:00,65.585,65.77,65.45,65.51,6217.0
2023-12-21 16:00:00+00:00,65.51,65.63,65.27,65.285,6208.0
2023-12-21 17:00:00+00:00,65.285,65.415,65.14,65.265,6160.0
2023-12-21 18:00:00+00:00,65.26,65.395,65.13,65.39,37134.0
2023-12-21 19:00:00+00:00,65.395,65.47,65.195,65.26,62092.0
2023-12-21 20:00:00+00:00,65.265,65.705,65.12,65.595,42226.0
2023-12-22 15:00:00+00:00,66.04,66.36,65.95,66.155,18771.0
2023-12-22 16:00:00+00:00,66.16,66.33,66.01,66.06,15670.0
2023-12-22 17:00:00+00:00,66.055,66.085,65.88,66.06,12597.0
2023-12-22 18:00:00+00:00,66.06,66.105,65.87,65.89,6703.0
2023-12-22 19:00:00+00:00,65.89,65.99,65.63,65.95,11277.0
2023-12-22 20:00:00+00:00,65.97,66.045,65.785,65.815,18920.0
2023-12-25 15:00:00+00:00,65.815,65.815,65.815,65.815,0.0
2023-12-25 16:00:00+00:00,65.815,65.815,65.815,65.815,0.0
2023-12-25 17:00:00+00:00,65.815,65.815,65.815,65.815,0.0
2023-12-25 18:00:00+00:00,65.815,65.815,65.815,65.815,0.0
2023-12-25 19:00:00+00:00,65.815,65.815,65.815,65.815,0.0
2023-12-25 20:00:00+00:00,65.815,65.815,65.815,65.815,0.0
2023-12-26 15:00:00+00:00,65.82,66.01,65.76,65.825,2066.0
2023-12-26 16:00:00+00:00,65.82,65.955,65.81,65.91,1141.0
2023-12-26 17:00:00+00:00,65.91,66.025,65.86,65.99,1853.0
2023-12-26 18:00:00+00:00,66.02,66.12,65.97,66.08,8790.0
2023-12-26 19:00:00+00:00,66.08,66.175,66.035,66.155,8757.0
2023-12-26 20:00:00+00:00,66.155,66.295,66.08,66.24,9624.0
2023-12-27 15:00:00+00:00,66.02,66.21,65.905,65.91,3860.0
2023-12-27 16:00:00+00:00,65.91,66.15,65.86,66.115,3329.0
2023-12-27 17:00:00+00:00,66.115,66.155,65.985,66.04,2532.0
2023-12-27 18:00:00+00:00,66.045,66.22,66.04,66.05,5681.0
2023-12-27 19:00:00+00:00,66.05,66.06,65.89,65.98,3987.0
2023-12-27 20:00:00+00:00,65.98,66.075,65.835,65.97,7696.0
2023-12-28 15:00:00+00:00,66.27,66.36,66.17,66.22,3468.0
2023-12-28 16:00:00+00:00,66.22,66.325,66.18,66.2,2894.0
2023-12-28 17:00:00+00:00,66.205,66.335,66.19,66.25,4036.0
2023-12-28 18:00:00+00:00,66.25,66.31,66.11,66.245,2629.0
2023-12-28 19:00:00+00:00,66.24,66.34,66.23,66.27,4557.0
2023-12-28 20:00:00+00:00,66.27,66.365,66.17,66.315,15002.0
2023-12-29 15:00:00+00:00,66.31,66.345,66.12,66.19,2057.0
2023-12-29 16:00:00+00:00,66.19,66.24,65.965,66.01,3312.0
2023-12-29 17:00:00+00:00,66.01,66.13,65.875,66.1,3495.0
2023-12-29 18:00:00+00:00,66.1,66.165,66.05,66.075,2300.0
2023-12-29 19:00:00+00:00,66.08,66.205,66.04,66.18,2207.0
2023-12-29 20:00:00+00:00,66.18,66.365,66.1,66.13,10288.0
2024-01-01 15:00:00+00:00,66.13,66.13,66.13,66.13,0.0
2024-01-01 16:00:00+00:00,66.13,66.13,66.13,66.13,0.0
2024-01-01 17:00:00+00:00,66.13,66.13,66.13,66.13,0.0
2024-01-01 18:00:00+00:00,66.13,66.13,66.13,66.13,0.0
2024-01-01 19:00:00+00:00,66.13,66.13,66.13,66.13,0.0
2024-01-01 20:00:00+00:00,66.13,66.13,66.13,66.13,0.0
2024-01-02 15:00:00+00:00,66.835,67.205,66.735,67.1,11941.0
2024-01-02 16:00:00+00:00,67.1,67.26,66.9,67.23,7461.0
2024-01-02 17:00:00+00:00,67.23,67.56,67.215,67.49,10423.0
2024-01-02 18:00:00+00:00,67.49,67.675,67.395,67.66,8590.0
2024-01-02 19:00:00+00:00,67.66,67.675,67.025,67.045,13684.0
2024-01-02 20:00:00+00:00,67.05,67.265,66.915,67.265,21502.0
2024-01-03 15:00:00+00:00,66.84,67.095,66.705,66.76,7705.0
2024-01-03 16:00:00+00:00,66.75,67.3,66.715,67.2,8106.0
2024-01-03 17:00:00+00:00,67.2,67.39,67.12,67.38,5906.0
2024-01-03 18:00:00+00:00,67.38,67.58,67.37,67.46,6363.0
2024-01-03 19:00:00+00:00,67.4,67.61,67.345,67.46,8783.0
2024-01-03 20:00:00+00:00,67.46,67.46,66.935,67.13,20448.0
2024-01-04 15:00:00+00:00,68.115,68.335,67.91,67.99,10150.0
2024-01-04 16:00:00+00:00,67.99,68.05,67.71,67.79,5979.0
2024-01-04 17:00:00+00:00,67.79,67.84,67.64,67.73,4222.0
2024-01-04 18:00:00+00:00,67.73,67.82,67.635,67.81,5933.0
2024-01-04 19:00:00+00:00,67.805,67.885,67.64,67.765,4213.0
2024-01-04 20:00:00+00:00,67.77,67.79,67.395,67.5,13890.0
2024-01-05 15:00:00+00:00,68.58,68.77,68.43,68.635,7010.0
2024-01-05 16:00:00+00:00,68.64,68.9,68.605,68.755,21401.0
2024-01-05 17:00:00+00:00,68.75,68.83,68.54,68.71,13439.0
2024-01-05 18:00:00+00:00,68.71,68.785,68.44,68.77,11736.0
2024-01-05 19:00:00+00:00,68.77,68.93,68.695,68.75,13618.0
2024-01-05 20:00:00+00:00,68.75,68.935,68.72,68.875,39045.0
2024-01-08 15:00:00+00:00,69.085,69.32,68.835,69.28,27480.0
2024-01-08 16:00:00+00:00,69.28,69.33,69.085,69.26,5092.0
2024-01-08 17:00:00+00:00,69.26,69.315,68.99,69.11,6872.0
2024-01-08 18:00:00+00:00,69.12,69.28,69.095,69.27,4461.0
2024-01-08 19:00:00+00:00,69.265,69.57,69.255,69.55,8801.0
2024-01-08 20:00:00+00:00,69.55,69.745,69.375,69.515,42359.0
2024-01-09 15:00:00+00:00,68.69,68.7,68.29,68.31,19465.0
2024-01-09 16:00:00+00:00,68.305,68.69,68.285,68.68,8780.0
2024-01-09 17:00:00+00:00,68.68,68.775,68.595,68.695,4487.0
2024-01-09 18:00:00+00:00,68.685,68.9,68.61,68.855,6593.0
2024-01-09 19:00:00+00:00,68.865,68.985,68.78,68.96,19076.0
2024-01-09 20:00:00+00:00,68.965,69.255,68.885,69.25,49577.0
2024-01-10 15:00:00+00:00,69.59,69.61,69.12,69.2,10648.0
2024-01-10 16:00:00+00:00,69.2,69.29,69.025,69.08,7341.0
2024-01-10 17:00:00+00:00,69.08,69.085,68.895,69.03,4093.0
2024-01-10 18:00:00+00:00,69.04,69.145,68.9,69.125,5185.0
2024-01-10 19:00:00+00:00,69.12,69.57,69.105,69.55,6017.0
2024-01-10 20:00:00+00:00,69.55,69.625,69.25,69.29,28212.0
2024-01-11 15:00:00+00:00,69.275,69.33,68.765,68.96,19590.0
2024-01-11 16:00:00+00:00,68.96,69.115,68.88,68.95,16423.0
2024-01-11 17:00:00+00:00,68.95,69.0,68.73,68.97,10075.0
2024-01-11 18:00:00+00:00,68.97,69.27,68.97,69.23,11444.0
2024-01-11 19:00:00+00:00,69.24,69.515,69.135,69.505,10042.0
2024-01-11 20:00:00+00:00,69.495,69.515,69.22,69.29,36447.0
2024-01-12 15:00:00+00:00,69.19,69.3,68.82,68.83,6694.0
2024-01-12 16:00:00+00:00,68.815,69.17,68.79,69.015,5050.0
2024-01-12 17:00:00+00:00,69.02,69.155,68.97,69.0,4525.0
2024-01-12 18:00:00+00:00,69.0,69.18,69.0,69.08,64556.0
2024-01-12 19:00:00+00:00,69.09,69.24,69.07,69.135,16443.0
2024-01-12 20:00:00+00:00,69.13,69.14,68.825,68.87,50033.0
2024-01-15 15:00:00+00:00,68.87,68.87,68.87,68.87,0.0
2024-01-15 16:00:00+00:00,68.87,68.87,68.87,68.87,0.0
2024-01-15 17:00:00+00:00,68.87,68.87,68.87,68.87,0.0
2024-01-15 18:00:00+00:00,68.87,68.87,68.87,68.87,0.0
2024-01-15 19:00:00+00:00,68.87,68.87,68.87,68.87,0.0
2024-01-15 20:00:00+00:00,68.87,68.87,68.87,68.87,0.0
2024-01-16 15:00:00+00:00,67.99,68.055,67.655,67.69,22915.0
2024-01-16 16:00:00+00:00,67.695,68.195,67.49,67.87,19293.0
2024-01-16 17:00:00+00:00,67.87,67.885,67.575,67.735,32457.0
2024-01-16 18:00:00+00:00,67.725,68.075,67.705,68.015,13809.0
2024-01-16 19:00:00+00:00,68.015,68.02,67.755,67.95,23347.0
2024-01-16 20:00:00+00:00,67.945,68.25,67.89,68.23,28107.0
2024-01-17 15:00:00+00:00,68.41,68.555,67.795,67.95,22557.0
2024-01-17 16:00:00+00:00,67.95,68.205,67.755,67.76,6444.0
2024-01-17 17:00:00+00:00,67.76,67.78,67.5,67.505,9464.0
2024-01-17 18:00:00+00:00,67.505,67.55,67.275,67.325,8876.0
2024-01-17 19:00:00+00:00,67.33,67.5,67.325,67.49,5089.0
2024-01-17 20:00:00+00:00,67.49,67.57,67.305,67.48,21162.0
2024-01-18 15:00:00+00:00,67.61,67.86,67.56,67.58,8543.0
2024-01-18 16:00:00+00:00,67.58,67.605,67.34,67.34,5126.0
2024-01-18 17:00:00+00:00,67.34,67.44,67.215,67.3,6163.0
2024-01-18 18:00:00+00:00,67.285,67.635,67.235,67.59,4972.0
2024-01-18 19:00:00+00:00,67.595,67.715,67.465,67.635,6991.0
2024-01-18 20:00:00+00:00,67.635,67.885,67.63,67.79,19758.0
2024-01-19 15:00:00+00:00,68.175,68.29,67.925,68.28,11541.0
2024-01-19 16:00:00+00:00,68.28,68.48,68.235,68.35,10541.0
2024-01-19 17:00:00+00:00,68.35,68.595,68.305,68.575,20363.0
2024-01-19 18:00:00+00:00,68.575,68.805,68.505,68.78,12840.0
2024-01-19 19:00:00+00:00,68.78,69.03,68.745,68.94,11904.0
2024-01-19 20:00:00+00:00,68.94,69.01,68.715,68.89,20008.0
2024-01-22 15:00:00+00:00,69.685,70.05,69.02,69.94,39368.0
2024-01-22 16:00:00+00:00,69.94,69.95,69.57,69.73,14600.0
2024-01-22 17:00:00+00:00,69.73,69.835,69.655,69.69,10726.0
2024-01-22 18:00:00+00:00,69.685,69.835,69.595,69.63,7369.0
2024-01-22 19:00:00+00:00,69.62,69.675,69.535,69.585,8802.0
2024-01-22 20:00:00+00:00,69.585,69.695,69.51,69.545,27190.0
2024-01-23 15:00:00+00:00,69.93,69.985,69.205,69.27,10309.0
2024-01-23 16:00:00+00:00,69.28,69.475,69.195,69.355,5840.0
2024-01-23 17:00:00+00:00,69.35,69.445,69.315,69.42,5283.0
2024-01-23 18:00:00+00:00,69.435,69.595,69.375,69.53,4894.0
2024-01-23 19:00:00+00:00,69.53,69.675,69.485,69.65,5004.0
2024-01-23 20:00:00+00:00,69.655,69.685,69.375,69.4,14838.0
2024-01-24 15:00:00+00:00,70.12,70.145,69.91,70.04,18067.0
2024-01-24 16:00:00+00:00,70.04,70.185,69.935,70.14,29572.0
2024-01-24 17:00:00+00:00,70.14,70.15,69.995,70.11,7157.0
2024-01-24 18:00:00+00:00,70.11,70.155,69.895,69.9,17151.0
2024-01-24 19:00:00+00:00,69.895,69.995,69.765,69.91,4400.0
2024-01-24 20:00:00+00:00,69.91,69.935,69.605,69.68,16673.0
2024-01-25 15:00:00+00:00,70.13,70.22,69.735,69.8,9665.0
2024-01-25 16:00:00+00:00,69.8,69.95,69.715,69.835,9029.0
2024-01-25 17:00:00+00:00,69.83,69.84,69.645,69.8,6770.0
2024-01-25 18:00:00+00:00,69.795,70.15,69.795,70.145,13981.0
2024-01-25 19:00:00+00:00,70.145,70.355,70.06,70.215,15237.0
2024-01-25 20:00:00+00:00,70.22,70.405,70.115,70.405,17409.0
2024-01-26 15:00:00+00:00,70.74,70.835,70.6,70.83,8516.0
2024-01-26 16:00:00+00:00,70.83,70.865,70.65,70.74,3221.0
2024-01-26 17:00:00+00:00,70.74,70.775,70.57,70.7,7163.0
2024-01-26 18:00:00+00:00,70.7,70.8,70.6,70.71,6952.0
2024-01-26 19:00:00+00:00,70.71,70.85,70.685,70.83,6500.0
2024-01-26 20:00:00+00:00,70.83,70.845,70.665,70.82,42494.0
2024-01-29 15:00:00+00:00,70.55,70.575,70.29,70.35,9012.0
2024-01-29 16:00:00+00:00,70.35,70.465,70.275,70.35,11492.0
2024-01-29 17:00:00+00:00,70.35,70.35,69.95,69.965,8628.0
2024-01-29 18:00:00+00:00,69.965,70.185,69.905,70.09,5007.0
2024-01-29 19:00:00+00:00,70.095,70.255,70.075,70.235,10121.0
2024-01-29 20:00:00+00:00,70.245,70.61,70.24,70.445,19017.0
2024-01-30 15:00:00+00:00,70.38,70.44,70.135,70.23,16097.0
2024-01-30 16:00:00+00:00,70.235,70.565,70.23,70.52,8177.0
2024-01-30 17:00:00+00:00,70.52,70.805,70.495,70.71,10734.0
2024-01-30 18:00:00+00:00,70.705,70.76,70.63,70.695,13428.0
2024-01-30 19:00:00+00:00,70.695,70.86,70.695,70.81,7549.0
2024-01-30 20:00:00+00:00,70.805,70.905,70.69,70.815,35415.0
2024-01-31 15:00:00+00:00,70.66,70.71,70.44,70.66,21959.0
2024-01-31 16:00:00+00:00,70.64,70.725,70.175,70.325,14372.0
2024-01-31 17:00:00+00:00,70.33,70.43,70.255,70.36,11575.0
2024-01-31 18:00:00+00:00,70.36,70.38,70.155,70.34,44001.0
2024-01-31 19:00:00+00:00,70.37,70.53,70.075,70.11,16353.0
2024-01-31 20:00:00+00:00,70.11,70.13,69.345,69.37,80692.0
2024-02-01 15:00:00+00:00,66.14,66.84,64.92,64.92,57913.0
2024-02-01 16:00:00+00:00,64.91,65.545,64.86,65.12,27392.0
2024-02-01 17:00:00+00:00,65.12,65.53,65.06,65.39,17921.0
2024-02-01 18:00:00+00:00,65.395,65.46,65.06,65.31,15802.0
2024-02-01 19:00:00+00:00,65.31,65.475,65.015,65.285,19710.0
2024-02-01 20:00:00+00:00,65.29,65.54,65.215,65.465,56369.0
2024-02-02 15:00:00+00:00,65.46,66.23,65.325,66.045,28967.0
2024-02-02 16:00:00+00:00,66.045,66.13,65.61,65.935,14687.0
2024-02-02 17:00:00+00:00,65.935,66.195,65.715,65.9,11093.0
2024-02-02 18:00:00+00:00,65.905,66.175,65.89,66.16,14112.0
2024-02-02 19:00:00+00:00,66.16,66.315,66.09,66.295,7741.0
2024-02-02 20:00:00+00:00,66.3,66.34,65.92,65.955,19725.0
2024-02-05 15:00:00+00:00,65.53,65.53,64.96,65.47,16591.0
2024-02-05 16:00:00+00:00,65.48,65.88,65.44,65.63,8355.0
2024-02-05 17:00:00+00:00,65.63,65.795,65.58,65.73,8359.0
2024-02-05 18:00:00+00:00,65.735,65.985,65.685,65.88,7071.0
2024-02-05 19:00:00+00:00,65.88,66.125,65.84,66.08,7474.0
2024-02-05 20:00:00+00:00,66.08,66.185,65.765,65.82,17716.0
2024-02-06 15:00:00+00:00,66.1,66.315,65.9,66.06,8395.0
2024-02-06 16:00:00+00:00,66.06,66.42,66.025,66.065,7616.0
2024-02-06 17:00:00+00:00,66.065,66.13,65.845,65.89,7430.0
2024-02-06 18:00:00+00:00,65.88,65.935,65.705,65.785,8771.0
2024-02-06 19:00:00+00:00,65.79,65.9,65.66,65.89,10911.0
2024-02-06 20:00:00+00:00,65.89,65.975,65.69,65.96,30976.0
2024-02-07 15:00:00+00:00,66.355,67.19,66.31,66.74,16952.0
2024-02-07 16:00:00+00:00,66.735,66.76,66.4,66.56,18942.0
2024-02-07 17:00:00+00:00,66.56,67.29,66.555,67.28,21364.0
2024-02-07 18:00:00+00:00,67.285,67.44,66.93,67.09,18971.0
2024-02-07 19:00:00+00:00,67.09,67.195,66.895,66.965,15720.0
2024-02-07 20:00:00+00:00,66.97,67.195,66.92,67.0,37388.0
2024-02-08 15:00:00+00:00,66.685,66.93,66.45,66.69,18261.0
2024-02-08 16:00:00+00:00,66.695,66.75,66.375,66.605,11007.0
2024-02-08 17:00:00+00:00,66.62,66.65,66.39,66.495,4242.0
2024-02-08 18:00:00+00:00,66.495,66.76,66.41,66.695,9091.0
2024-02-08 19:00:00+00:00,66.705,66.945,66.655,66.93,13877.0
2024-02-08 20:00:00+00:00,66.925,66.94,66.69,66.765,36509.0
2024-02-09 15:00:00+00:00,66.735,66.86,66.44,66.845,14817.0
2024-02-09 16:00:00+00:00,66.845,67.12,66.75,67.05,14000.0
2024-02-09 17:00:00+00:00,67.035,67.475,67.035,67.27,16922.0
2024-02-09 18:00:00+00:00,67.27,67.595,67.24,67.54,8503.0
2024-02-09 19:00:00+00:00,67.54,67.665,67.47,67.51,9605.0
2024-02-09 20:00:00+00:00,67.515,67.625,67.32,67.49,22367.0
2024-02-12 15:00:00+00:00,68.305,68.85,68.115,68.7,21748.0
2024-02-12 16:00:00+00:00,68.73,69.125,68.665,69.03,17444.0
2024-02-12 17:00:00+00:00,69.015,69.06,68.85,68.97,9241.0
2024-02-12 18:00:00+00:00,68.97,69.145,68.91,69.115,15087.0
2024-02-12 19:00:00+00:00,69.1,69.23,68.76,68.86,16719.0
2024-02-12 20:00:00+00:00,68.85,68.93,68.475,68.57,23709.0
2024-02-13 15:00:00+00:00,67.58,67.59,67.06,67.095,20879.0
2024-02-13 16:00:00+00:00,67.11,67.615,67.105,67.495,10983.0
2024-02-13 17:00:00+00:00,67.495,67.645,67.41,67.6,21025.0
2024-02-13 18:00:00+00:00,67.605,67.605,67.265,67.44,13989.0
2024-02-13 19:00:00+00:00,67.44,67.45,67.055,67.16,9934.0
2024-02-13 20:00:00+00:00,67.16,67.865,67.035,67.83,32353.0
2024-02-14 15:00:00+00:00,68.88,68.9,68.43,68.485,9307.0
2024-02-14 16:00:00+00:00,68.48,68.7,68.29,68.31,9114.0
2024-02-14 17:00:00+00:00,68.325,68.46,68.08,68.455,12758.0
2024-02-14 18:00:00+00:00,68.465,68.655,68.42,68.48,6831.0
2024-02-14 19:00:00+00:00,68.48,68.625,68.22,68.61,10693.0
2024-02-14 20:00:00+00:00,68.61,68.685,68.335,68.395,20650.0
2024-02-15 15:00:00+00:00,69.64,69.695,69.24,69.36,14690.0
2024-02-15 16:00:00+00:00,69.365,69.61,69.24,69.52,9336.0
2024-02-15 17:00:00+00:00,69.525,69.615,69.41,69.46,9315.0
2024-02-15 18:00:00+00:00,69.455,69.655,69.395,69.59,7955.0
2024-02-15 19:00:00+00:00,69.59,69.855,69.59,69.76,9099.0
2024-02-15 20:00:00+00:00,69.76,69.955,69.38,69.535,30284.0
2024-02-16 15:00:00+00:00,69.605,69.87,69.42,69.46,9765.0
2024-02-16 16:00:00+00:00,69.47,69.62,69.36,69.53,4435.0
2024-02-16 17:00:00+00:00,69.53,69.54,69.35,69.38,4447.0
2024-02-16 18:00:00+00:00,69.38,69.39,69.18,69.36,5615.0
2024-02-16 19:00:00+00:00,69.37,69.45,69.02,69.18,6203.0
2024-02-16 20:00:00+00:00,69.18,69.23,68.745,68.775,29372.0
2024-02-19 15:00:00+00:00,68.775,68.775,68.775,68.775,0.0
2024-02-19 16:00:00+00:00,68.775,68.775,68.775,68.775,0.0
2024-02-19 17:00:00+00:00,68.775,68.775,68.775,68.775,0.0
2024-02-19 18:00:00+00:00,68.775,68.775,68.775,68.775,0.0
2024-02-19 19:00:00+00:00,68.775,68.775,68.775,68.775,0.0
2024-02-19 20:00:00+00:00,68.775,68.775,68.775,68.775,0.0
2024-02-20 15:00:00+00:00,68.95,69.34,68.9,69.32,7669.0
2024-02-20 16:00:00+00:00,69.325,69.34,69.14,69.23,5798.0
2024-02-20 17:00:00+00:00,69.24,69.24,68.92,69.01,6486.0
2024-02-20 18:00:00+00:00,69.01,69.11,68.93,69.07,7112.0
2024-02-20 19:00:00+00:00,69.07,69.135,68.9,69.09,5543.0
2024-02-20 20:00:00+00:00,69.09,69.11,68.595,68.62,22623.0
2024-02-21 15:00:00+00:00,68.67,68.67,68.38,68.57,16202.0
2024-02-21 16:00:00+00:00,68.57,68.61,68.355,68.415,12463.0
2024-02-21 17:00:00+00:00,68.42,68.455,68.335,68.44,7415.0
2024-02-21 18:00:00+00:00,68.44,68.51,68.26,68.465,7527.0
2024-02-21 19:00:00+00:00,68.435,68.55,68.36,68.44,8133.0
2024-02-21 20:00:00+00:00,68.435,69.02,68.295,68.945,26397.0
2024-02-22 15:00:00+00:00,69.44,69.52,68.945,69.08,10084.0
2024-02-22 16:00:00+00:00,69.085,69.2,68.99,69.105,10453.0
2024-02-22 17:00:00+00:00,69.1,69.28,69.055,69.24,5093.0
2024-02-22 18:00:00+00:00,69.23,69.31,69.1,69.22,2769.0
2024-02-22 19:00:00+00:00,69.215,69.435,68.94,68.965,8879.0
2024-02-22 20:00:00+00:00,68.965,69.125,68.85,68.85,33179.0
2024-02-23 15:00:00+00:00,69.28,69.87,69.265,69.865,9212.0
2024-02-23 16:00:00+00:00,69.87,69.87,69.45,69.655,12409.0
2024-02-23 17:00:00+00:00,69.66,69.825,69.57,69.67,8072.0
2024-02-23 18:00:00+00:00,69.67,69.67,69.5,69.57,5613.0
2024-02-23 19:00:00+00:00,69.57,69.61,69.335,69.44,6548.0
2024-02-23 20:00:00+00:00,69.44,69.6,69.395,69.405,18453.0
2024-02-26 15:00:00+00:00,69.385,69.39,68.52,68.655,8755.0
2024-02-26 16:00:00+00:00,68.66,69.005,68.46,68.93,9475.0
2024-02-26 17:00:00+00:00,68.93,68.95,68.645,68.665,7169.0
2024-02-26 18:00:00+00:00,68.67,68.71,68.32,68.48,5909.0
2024-02-26 19:00:00+00:00,68.48,68.535,68.37,68.44,5909.0
2024-02-26 20:00:00+00:00,68.44,68.655,68.425,68.57,21788.0
2024-02-27 15:00:00+00:00,68.98,69.11,68.73,68.86,6124.0
2024-02-27 16:00:00+00:00,68.86,69.07,68.79,68.86,4152.0
2024-02-27 17:00:00+00:00,68.865,69.07,68.76,69.04,1438.0
2024-02-27 18:00:00+00:00,69.04,69.185,68.96,69.155,4788.0
2024-02-27 19:00:00+00:00,69.155,69.205,68.7,68.79,8520.0
2024-02-27 20:00:00+00:00,68.79,69.215,68.76,69.185,19269.0
2024-02-28 15:00:00+00:00,69.69,69.785,69.4,69.66,12404.0
2024-02-28 16:00:00+00:00,69.68,69.68,69.41,69.56,5992.0
2024-02-28 17:00:00+00:00,69.56,69.64,69.38,69.535,4463.0
2024-02-28 18:00:00+00:00,69.53,69.705,69.52,69.67,2138.0
2024-02-28 19:00:00+00:00,69.665,69.68,69.44,69.515,4528.0
2024-02-28 20:00:00+00:00,69.515,69.56,69.235,69.36,34374.0
2024-02-29 15:00:00+00:00,69.965,69.965,69.525,69.745,5866.0
2024-02-29 16:00:00+00:00,69.75,69.805,69.365,69.44,5742.0
2024-02-29 17:00:00+00:00,69.44,69.835,69.37,69.79,9453.0
2024-02-29 18:00:00+00:00,69.79,69.84,69.675,69.78,12854.0
2024-02-29 19:00:00+00:00,69.78,69.87,69.565,69.64,2611.0
2024-02-29 20:00:00+00:00,69.64,70.005,69.615,69.68,34836.0
2024-03-01 15:00:00+00:00,69.495,69.94,69.44,69.87,9809.0
2024-03-01 16:00:00+00:00,69.875,69.93,69.41,69.655,10075.0
2024-03-01 17:00:00+00:00,69.65,69.67,69.46,69.49,9521.0
2024-03-01 18:00:00+00:00,69.485,69.49,69.3,69.48,6097.0
2024-03-01 19:00:00+00:00,69.48,69.615,69.42,69.43,8023.0
2024-03-01 20:00:00+00:00,69.425,69.75,69.36,69.74,21580.0
2024-03-04 15:00:00+00:00,69.835,70.06,69.645,69.665,7763.0
2024-03-04 16:00:00+00:00,69.66,70.01,69.65,69.89,7102.0
2024-03-04 17:00:00+00:00,69.895,70.005,69.78,69.81,4129.0
2024-03-04 18:00:00+00:00,69.82,69.93,69.785,69.81,4208.0
2024-03-04 19:00:00+00:00,69.83,70.025,69.71,69.9,4932.0
2024-03-04 20:00:00+00:00,69.9,69.94,69.64,69.905,14444.0
2024-03-05 15:00:00+00:00,70.38,70.82,70.34,70.805,16352.0
2024-03-05 16:00:00+00:00,70.8,70.91,70.61,70.76,9352.0
2024-03-05 17:00:00+00:00,70.765,71.035,70.76,70.955,10126.0
2024-03-05 18:00:00+00:00,70.965,71.165,70.92,71.02,7337.0
2024-03-05 19:00:00+00:00,71.02,71.095,70.525,70.545,5477.0
2024-03-05 20:00:00+00:00,70.54,70.54,70.23,70.48,15634.0
2024-03-06 15:00:00+00:00,70.895,71.19,70.825,70.97,11575.0
2024-03-06 16:00:00+00:00,70.955,71.42,70.78,70.8,9220.0
2024-03-06 17:00:00+00:00,70.775,70.87,70.575,70.75,7980.0
2024-03-06 18:00:00+00:00,70.755,70.965,70.66,70.78,9302.0
2024-03-06 19:00:00+00:00,70.77,71.005,70.595,70.91,12694.0
2024-03-06 20:00:00+00:00,70.91,71.14,70.795,71.04,21149.0
2024-03-07 15:00:00+00:00,71.855,71.87,71.45,71.615,13056.0
2024-03-07 16:00:00+00:00,71.615,71.67,71.33,71.505,8902.0
2024-03-07 17:00:00+00:00,71.51,71.545,71.32,71.45,5842.0
2024-03-07 18:00:00+00:00,71.45,71.59,71.42,71.555,7251.0
2024-03-07 19:00:00+00:00,71.55,71.58,71.34,71.45,7792.0
2024-03-07 20:00:00+00:00,71.4,71.51,71.35,71.37,18506.0
2024-03-08 15:00:00+00:00,71.635,71.685,71.105,71.415,5476.0
2024-03-08 16:00:00+00:00,71.41,71.5,71.115,71.14,4566.0
2024-03-08 17:00:00+00:00,71.145,71.45,71.135,71.36,9953.0
2024-03-08 18:00:00+00:00,71.37,71.41,71.17,71.23,3546.0
2024-03-08 19:00:00+00:00,71.235,71.535,71.205,71.39,5101.0
2024-03-08 20:00:00+00:00,71.385,71.435,70.87,70.875,14199.0
2024-03-11 14:00:00+00:00,70.785,70.945,70.515,70.91,7082.0
2024-03-11 15:00:00+00:00,70.905,71.2,70.845,71.11,5575.0
2024-03-11 16:00:00+00:00,71.11,71.435,71.07,71.38,4281.0
2024-03-11 17:00:00+00:00,71.38,71.595,71.31,71.56,4702.0
2024-03-11 18:00:00+00:00,71.565,71.65,71.44,71.63,3285.0
2024-03-11 19:00:00+00:00,71.63,71.74,71.54,71.71,13512.0
2024-03-12 14:00:00+00:00,71.86,71.955,71.595,71.93,5570.0
2024-03-12 15:00:00+00:00,71.935,71.94,71.575,71.75,5365.0
2024-03-12 16:00:00+00:00,71.735,71.795,71.415,71.58,3529.0
2024-03-12 17:00:00+00:00,71.595,71.81,71.42,71.79,3640.0
2024-03-12 18:00:00+00:00,71.8,71.87,71.685,71.84,4511.0
2024-03-12 19:00:00+00:00,71.84,71.885,71.7,71.755,8774.0
2024-03-13 14:00:00+00:00,72.45,72.8,72.37,72.66,9116.0
2024-03-13 15:00:00+00:00,72.625,72.89,72.605,72.81,18577.0
2024-03-13 16:00:00+00:00,72.8,72.9,72.75,72.795,4280.0
2024-03-13 17:00:00+00:00,72.795,72.87,72.7,72.73,7208.0
2024-03-13 18:00:00+00:00,72.71,72.775,72.66,72.685,7462.0
2024-03-13 19:00:00+00:00,72.69,72.7,72.26,72.68,15258.0
2024-03-14 14:00:00+00:00,71.61,72.06,71.535,72.045,10034.0
2024-03-14 15:00:00+00:00,72.05,72.13,71.9,72.13,8776.0
2024-03-14 16:00:00+00:00,72.13,72.135,71.8,71.84,6285.0
2024-03-14 17:00:00+00:00,71.82,71.99,71.645,71.845,16415.0
2024-03-14 18:00:00+00:00,71.855,71.89,71.625,71.67,9799.0
2024-03-14 19:00:00+00:00,71.67,71.89,71.355,71.89,23274.0
2024-03-15 14:00:00+00:00,72.11,72.365,71.95,72.29,9617.0
2024-03-15 15:00:00+00:00,72.295,72.37,72.2,72.265,8643.0
2024-03-15 16:00:00+00:00,72.26,72.315,72.095,72.14,6804.0
2024-03-15 17:00:00+00:00,72.14,72.35,72.115,72.32,9814.0
2024-03-15 18:00:00+00:00,72.32,72.385,72.235,72.38,12712.0
2024-03-15 19:00:00+00:00,72.39,72.49,72.215,72.38,23356.0
2024-03-18 14:00:00+00:00,72.43,72.455,72.16,72.28,14062.0
2024-03-18 15:00:00+00:00,72.285,72.655,72.21,72.55,9520.0
2024-03-18 16:00:00+00:00,72.555,72.64,72.435,72.635,8271.0
2024-03-18 17:00:00+00:00,72.64,72.67,72.48,72.54,7730.0
2024-03-18 18:00:00+00:00,72.55,72.55,72.36,72.45,8193.0
2024-03-18 19:00:00+00:00,72.44,72.595,72.385,72.53,32344.0
2024-03-19 14:00:00+00:00,72.735,72.77,72.405,72.525,11705.0
2024-03-19 15:00:00+00:00,72.52,72.585,72.415,72.44,16555.0
2024-03-19 16:00:00+00:00,72.435,72.535,72.375,72.435,15780.0
2024-03-19 17:00:00+00:00,72.45,72.52,72.275,72.365,11283.0
2024-03-19 18:00:00+00:00,72.35,72.415,72.22,72.34,11836.0
2024-03-19 19:00:00+00:00,72.34,72.435,72.18,72.4,27358.0
2024-03-20 14:00:00+00:00,72.475,72.75,72.38,72.66,9461.0
2024-03-20 15:00:00+00:00,72.65,72.81,72.56,72.645,5006.0
2024-03-20 16:00:00+00:00,72.645,72.79,72.58,72.665,3815.0
2024-03-20 17:00:00+00:00,72.64,72.67,72.56,72.6,4829.0
2024-03-20 18:00:00+00:00,72.685,73.33,72.625,73.27,4816.0
2024-03-20 19:00:00+00:00,73.265,73.56,73.24,73.315,9859.0
2024-03-21 14:00:00+00:00,73.985,74.005,73.65,73.895,7786.0
2024-03-21 15:00:00+00:00,73.89,73.89,73.48,73.5,8255.0
2024-03-21 16:00:00+00:00,73.48,73.485,73.22,73.38,2956.0
2024-03-21 17:00:00+00:00,73.38,73.46,73.19,73.225,6033.0
2024-03-21 18:00:00+00:00,73.22,73.445,73.2,73.41,2434.0
2024-03-21 19:00:00+00:00,73.41,73.52,73.245,73.265,11239.0
2024-03-22 14:00:00+00:00,73.36,73.65,73.14,73.26,9176.0
2024-03-22 15:00:00+00:00,73.26,73.41,73.18,73.285,12103.0
2024-03-22 16:00:00+00:00,73.28,73.28,73.09,73.125,8797.0
2024-03-22 17:00:00+00:00,73.12,73.15,72.94,73.03,6597.0
2024-03-22 18:00:00+00:00,73.025,73.08,72.855,72.875,8089.0
2024-03-22 19:00:00+00:00,72.86,72.9,72.61,72.62,16545.0
2024-03-25 14:00:00+00:00,72.98,73.39,72.935,73.375,10991.0
2024-03-25 15:00:00+00:00,73.375,73.38,73.15,73.3,3330.0
2024-03-25 16:00:00+00:00,73.3,73.46,73.26,73.43,4497.0
2024-03-25 17:00:00+00:00,73.43,73.455,73.25,73.26,3311.0
2024-03-25 18:00:00+00:00,73.26,73.27,73.005,73.06,7151.0
2024-03-25 19:00:00+00:00,73.07,73.14,72.965,73.11,25498.0
2024-03-26 14:00:00+00:00,73.235,73.35,73.07,73.315,14483.0
2024-03-26 15:00:00+00:00,73.315,73.375,73.11,73.13,9565.0
2024-03-26 16:00:00+00:00,73.125,73.305,73.06,73.28,11569.0
2024-03-26 17:00:00+00:00,73.28,73.335,73.165,73.23,14723.0
2024-03-26 18:00:00+00:00,73.22,73.29,73.145,73.225,11708.0
2024-03-26 19:00:00+00:00,73.225,73.225,72.875,72.92,27620.0
2024-03-27 14:00:00+00:00,73.94,73.97,73.58,73.59,10699.0
2024-03-27 15:00:00+00:00,73.59,73.83,73.545,73.69,7841.0
2024-03-27 16:00:00+00:00,73.68,73.695,73.405,73.425,5412.0
2024-03-27 17:00:00+00:00,73.42,73.445,73.285,73.375,4982.0
2024-03-27 18:00:00+00:00,73.375,73.53,73.345,73.46,4760.0
2024-03-27 19:00:00+00:00,73.465,73.95,73.42,73.93,21580.0
2024-03-28 14:00:00+00:00,74.015,74.275,73.985,74.16,9516.0
2024-03-28 15:00:00+00:00,74.16,74.2,74.0,74.13,4149.0
2024-03-28 16:00:00+00:00,74.125,74.2,74.08,74.11,3941.0
2024-03-28 17:00:00+00:00,74.11,74.2,74.075,74.19,2410.0
2024-03-28 18:00:00+00:00,74.19,74.29,74.11,74.27,3491.0
2024-03-28 19:00:00+00:00,74.255,74.305,74.025,74.135,12311.0
2024-03-29 14:00:00+00:00,74.135,74.135,74.135,74.135,0.0
2024-03-29 15:00:00+00:00,74.135,74.135,74.135,74.135,0.0
2024-03-29 16:00:00+00:00,74.135,74.135,74.135,74.135,0.0
2024-03-29 17:00:00+00:00,74.135,74.135,74.135,74.135,0.0
2024-03-29 18:00:00+00:00,74.135,74.135,74.135,74.135,0.0
2024-03-29 19:00:00+00:00,74.135,74.135,74.135,74.135,0.0
2024-04-01 14:00:00+00:00,73.72,74.11,73.635,74.0,5086.0
2024-04-01 15:00:00+00:00,74.0,74.025,73.56,73.73,4264.0
2024-04-01 16:00:00+00:00,73.73,73.795,73.69,73.76,2370.0
2024-04-01 17:00:00+00:00,73.76,73.77,73.655,73.69,2836.0
2024-04-01 18:00:00+00:00,73.69,73.74,73.62,73.675,5823.0
2024-04-01 19:00:00+00:00,73.665,73.82,73.555,73.695,12751.0
2024-04-02 14:00:00+00:00,73.86,74.015,73.65,73.9,5155.0
2024-04-02 15:00:00+00:00,73.895,73.9,73.48,73.665,7786.0
2024-04-02 16:00:00+00:00,73.665,73.68,73.56,73.63,4211.0
2024-04-02 17:00:00+00:00,73.63,73.645,73.385,73.475,5803.0
2024-04-02 18:00:00+00:00,73.475,73.51,73.35,73.375,4705.0
2024-04-02 19:00:00+00:00,73.37,73.47,73.18,73.24,17665.0
2024-04-03 14:00:00+00:00,73.82,73.9,73.54,73.54,3839.0
2024-04-03 15:00:00+00:00,73.54,73.59,73.34,73.39,4097.0
2024-04-03 16:00:00+00:00,73.4,73.775,73.35,73.72,1537.0
2024-04-03 17:00:00+00:00,73.73,73.8,73.66,73.76,1134.0
2024-04-03 18:00:00+00:00,73.76,73.8,73.59,73.715,1921.0
2024-04-03 19:00:00+00:00,73.72,73.76,73.42,73.58,9528.0
2024-04-04 14:00:00+00:00,74.375,74.675,74.36,74.38,7810.0
2024-04-04 15:00:00+00:00,74.37,74.44,74.27,74.37,3299.0
2024-04-04 16:00:00+00:00,74.37,74.47,74.335,74.38,3961.0
2024-04-04 17:00:00+00:00,74.38,74.425,74.08,74.08,7479.0
2024-04-04 18:00:00+00:00,74.08,74.105,72.96,73.055,6267.0
2024-04-04 19:00:00+00:00,73.06,73.29,72.8,73.085,22769.0
2024-04-05 14:00:00+00:00,73.245,73.395,72.835,73.33,6053.0
2024-04-05 15:00:00+00:00,73.33,73.605,73.17,73.56,3537.0
2024-04-05 16:00:00+00:00,73.575,73.82,73.51,73.815,5028.0
2024-04-05 17:00:00+00:00,73.815,73.815,73.32,73.39,7613.0
2024-04-05 18:00:00+00:00,73.385,73.665,73.315,73.51,9561.0
2024-04-05 19:00:00+00:00,73.51,73.71,73.43,73.585,7203.0
2024-04-08 14:00:00+00:00,73.465,73.805,73.36,73.73,5168.0
2024-04-08 15:00:00+00:00,73.745,73.76,73.43,73.68,5353.0
2024-04-08 16:00:00+00:00,73.68,73.98,73.615,73.98,2056.0
2024-04-08 17:00:00+00:00,73.98,74.0,73.88,73.97,2871.0
2024-04-08 18:00:00+00:00,73.965,73.98,73.77,73.82,2665.0
2024-04-08 19:00:00+00:00,73.83,73.94,73.625,73.79,9745.0
2024-04-09 14:00:00+00:00,73.525,73.525,72.335,72.345,4577.0
2024-04-09 15:00:00+00:00,72.335,72.72,72.25,72.565,1961.0
2024-04-09 16:00:00+00:00,72.56,72.79,72.54,72.59,9518.0
2024-04-09 17:00:00+00:00,72.59,72.83,72.59,72.68,7647.0
2024-04-09 18:00:00+00:00,72.68,72.72,72.54,72.63,17911.0
2024-04-09 19:00:00+00:00,72.63,73.04,72.535,72.83,18137.0
2024-04-10 14:00:00+00:00,71.945,72.29,71.885,72.155,8193.0
2024-04-10 15:00:00+00:00,72.14,72.14,71.53,71.56,2843.0
2024-04-10 16:00:00+00:00,71.56,71.71,71.41,71.685,5497.0
2024-04-10 17:00:00+00:00,71.68,71.86,71.315,71.71,8867.0
2024-04-10 18:00:00+00:00,71.72,71.87,71.41,71.42,6261.0
2024-04-10 19:00:00+00:00,71.415,72.03,71.405,71.88,11546.0
2024-04-11 14:00:00+00:00,70.865,70.9,70.25,70.76,11616.0
2024-04-11 15:00:00+00:00,70.77,71.06,70.62,71.025,4438.0
2024-04-11 16:00:00+00:00,71.025,71.21,70.9,71.01,10892.0
2024-04-11 17:00:00+00:00,71.025,71.33,70.82,71.095,12193.0
2024-04-11 18:00:00+00:00,71.095,71.505,71.08,71.17,14754.0
2024-04-11 19:00:00+00:00,71.165,71.48,70.95,70.975,49606.0
2024-04-12 14:00:00+00:00,70.73,70.825,70.275,70.32,12166.0
2024-04-12 15:00:00+00:00,70.32,70.48,70.13,70.28,11608.0
2024-04-12 16:00:00+00:00,70.28,70.31,69.88,69.96,10274.0
2024-04-12 17:00:00+00:00,69.955,70.06,69.75,70.005,5732.0
2024-04-12 18:00:00+00:00,70.0,70.175,69.86,69.93,7229.0
2024-04-12 19:00:00+00:00,69.93,70.14,69.78,70.13,14928.0
2024-04-15 14:00:00+00:00,71.1,71.11,70.38,70.39,8619.0
2024-04-15 15:00:00+00:00,70.395,70.395,70.175,70.38,3677.0
2024-04-15 16:00:00+00:00,70.385,70.41,69.965,70.01,4280.0
2024-04-15 17:00:00+00:00,70.005,70.05,69.405,69.805,9583.0
2024-04-15 18:00:00+00:00,69.805,69.805,69.35,69.52,6853.0
2024-04-15 19:00:00+00:00,69.52,69.6,69.25,69.435,18393.0
2024-04-16 14:00:00+00:00,68.985,69.28,68.79,68.92,3022.0
2024-04-16 15:00:00+00:00,68.91,69.17,68.72,69.045,3520.0
2024-04-16 16:00:00+00:00,69.03,69.25,68.9,69.17,2165.0
2024-04-16 17:00:00+00:00,69.17,69.41,69.025,69.19,6158.0
2024-04-16 18:00:00+00:00,69.19,69.49,68.83,69.065,6881.0
2024-04-16 19:00:00+00:00,69.075,69.345,68.84,68.93,15547.0
2024-04-17 14:00:00+00:00,69.56,69.59,69.07,69.195,8083.0
2024-04-17 15:00:00+00:00,69.2,69.285,68.705,68.865,4985.0
2024-04-17 16:00:00+00:00,68.865,68.865,68.59,68.735,6976.0
2024-04-17 17:00:00+00:00,68.735,69.33,68.715,69.245,8731.0
2024-04-17 18:00:00+00:00,69.245,69.52,69.115,69.19,6929.0
2024-04-17 19:00:00+00:00,69.19,69.23,68.885,68.91,13734.0
2024-04-18 14:00:00+00:00,69.845,70.13,69.73,70.05,4939.0
2024-04-18 15:00:00+00:00,70.065,70.14,69.91,70.07,4775.0
2024-04-18 16:00:00+00:00,70.07,70.14,69.84,69.87,2458.0
2024-04-18 17:00:00+00:00,69.87,69.93,69.645,69.71,2607.0
2024-04-18 18:00:00+00:00,69.71,69.91,69.57,69.745,4208.0
2024-04-18 19:00:00+00:00,69.78,70.08,69.75,69.895,27875.0
2024-04-19 14:00:00+00:00,70.86,71.3,70.86,71.16,8611.0
2024-04-19 15:00:00+00:00,71.145,71.27,71.03,71.105,6023.0
2024-04-19 16:00:00+00:00,71.09,71.19,70.87,71.1,3975.0
2024-04-19 17:00:00+00:00,71.1,71.3,71.05,71.15,2929.0
2024-04-19 18:00:00+00:00,71.15,71.155,70.93,71.145,11485.0
2024-04-19 19:00:00+00:00,71.14,71.225,70.88,71.2,21376.0
2024-04-22 14:00:00+00:00,71.31,71.72,71.21,71.62,4698.0
2024-04-22 15:00:00+00:00,71.61,71.81,71.5,71.75,4756.0
2024-04-22 16:00:00+00:00,71.75,71.96,71.7,71.96,2434.0
2024-04-22 17:00:00+00:00,71.955,72.425,71.91,72.37,4943.0
2024-04-22 18:00:00+00:00,72.375,72.435,72.19,72.34,8198.0
2024-04-22 19:00:00+00:00,72.33,72.335,71.815,71.825,28590.0
2024-04-23 14:00:00+00:00,72.36,72.435,72.08,72.265,3529.0
2024-04-23 15:00:00+00:00,72.265,72.365,72.1,72.28,4653.0
2024-04-23 16:00:00+00:00,72.285,72.36,72.21,72.335,1574.0
2024-04-23 17:00:00+00:00,72.335,72.45,72.255,72.3,2539.0
2024-04-23 18:00:00+00:00,72.265,72.28,72.035,72.2,5896.0
2024-04-23 19:00:00+00:00,72.2,72.27,72.11,72.125,8683.0
2024-04-24 14:00:00+00:00,72.36,72.505,72.16,72.215,10856.0
2024-04-24 15:00:00+00:00,72.225,72.345,72.17,72.29,5946.0
2024-04-24 16:00:00+00:00,72.29,72.405,72.24,72.335,1964.0
2024-04-24 17:00:00+00:00,72.335,72.58,72.315,72.565,3495.0
2024-04-24 18:00:00+00:00,72.565,72.565,72.295,72.37,3762.0
2024-04-24 19:00:00+00:00,72.365,72.76,72.32,72.735,13857.0
2024-04-25 14:00:00+00:00,71.965,71.965,71.5,71.52,13734.0
2024-04-25 15:00:00+00:00,71.51,71.575,71.01,71.1,20550.0
2024-04-25 16:00:00+00:00,71.09,71.27,71.03,71.085,9687.0
2024-04-25 17:00:00+00:00,71.08,71.575,71.03,71.53,8943.0
2024-04-25 18:00:00+00:00,71.53,71.73,71.51,71.67,5961.0
2024-04-25 19:00:00+00:00,71.67,72.04,71.665,71.92,14823.0
2024-04-26 14:00:00+00:00,71.075,71.245,70.525,70.655,26064.0
2024-04-26 15:00:00+00:00,70.635,70.72,70.21,70.56,17232.0
2024-04-26 16:00:00+00:00,70.555,70.8,70.48,70.495,21760.0
2024-04-26 17:00:00+00:00,70.5,70.545,70.13,70.25,24802.0
2024-04-26 18:00:00+00:00,70.25,70.53,70.215,70.49,15977.0
2024-04-26 19:00:00+00:00,70.49,70.635,70.335,70.395,42478.0
2024-04-29 14:00:00+00:00,71.365,71.565,71.32,71.5,14508.0
2024-04-29 15:00:00+00:00,71.505,71.69,71.47,71.67,12905.0
2024-04-29 16:00:00+00:00,71.655,71.72,71.51,71.615,9073.0
2024-04-29 17:00:00+00:00,71.605,71.695,71.49,71.645,5213.0
2024-04-29 18:00:00+00:00,71.64,71.745,71.55,71.615,5501.0
2024-04-29 19:00:00+00:00,71.595,71.71,71.38,71.71,15898.0
2024-04-30 14:00:00+00:00,71.24,71.78,71.19,71.77,16462.0
2024-04-30 15:00:00+00:00,71.77,71.775,71.36,71.435,12868.0
2024-04-30 16:00:00+00:00,71.43,71.53,71.275,71.385,7515.0
2024-04-30 17:00:00+00:00,71.385,71.515,71.335,71.51,5573.0
2024-04-30 18:00:00+00:00,71.525,71.55,71.3,71.42,5013.0
2024-04-30 19:00:00+00:00,71.43,71.49,71.075,71.08,26576.0
2024-05-01 14:00:00+00:00,71.43,71.775,71.35,71.495,3906.0
2024-05-01 15:00:00+00:00,71.58,71.89,71.58,71.805,4244.0
2024-05-01 16:00:00+00:00,71.805,71.89,71.695,71.845,4281.0
2024-05-01 17:00:00+00:00,71.85,71.93,71.74,71.85,4456.0
2024-05-01 18:00:00+00:00,71.855,72.7,71.765,72.6,4979.0
2024-05-01 19:00:00+00:00,72.6,72.705,71.76,71.76,23344.0
2024-05-02 14:00:00+00:00,69.005,69.16,68.06,69.01,32794.0
2024-05-02 15:00:00+00:00,69.015,69.47,68.69,69.105,46293.0
2024-05-02 16:00:00+00:00,69.105,69.125,68.55,68.92,38472.0
2024-05-02 17:00:00+00:00,68.915,69.485,68.825,69.27,12260.0
2024-05-02 18:00:00+00:00,69.28,69.82,69.21,69.745,8671.0
2024-05-02 19:00:00+00:00,69.755,70.365,69.72,70.24,55390.0
2024-05-03 14:00:00+00:00,69.75,70.075,69.455,69.555,8076.0
2024-05-03 15:00:00+00:00,69.56,70.275,69.465,70.165,6011.0
2024-05-03 16:00:00+00:00,70.17,70.73,70.075,70.64,2413.0
2024-05-03 17:00:00+00:00,70.605,70.75,70.51,70.695,3855.0
2024-05-03 18:00:00+00:00,70.695,70.765,70.49,70.58,4253.0
2024-05-03 19:00:00+00:00,70.575,70.75,70.47,70.505,20831.0
2024-05-06 14:00:00+00:00,70.815,70.975,70.71,70.785,15710.0
2024-05-06 15:00:00+00:00,70.78,70.9,70.64,70.78,5144.0
2024-05-06 16:00:00+00:00,70.775,70.95,70.77,70.825,5227.0
2024-05-06 17:00:00+00:00,70.82,71.03,70.815,70.895,5797.0
2024-05-06 18:00:00+00:00,70.87,71.075,70.86,70.86,4291.0
2024-05-06 19:00:00+00:00,70.86,71.21,70.76,71.19,23684.0
2024-05-07 14:00:00+00:00,71.5,71.755,71.415,71.67,4765.0
2024-05-07 15:00:00+00:00,71.67,71.735,71.45,71.515,7453.0
2024-05-07 16:00:00+00:00,71.515,71.555,71.43,71.54,2645.0
2024-05-07 17:00:00+00:00,71.545,71.575,71.41,71.415,5328.0
2024-05-07 18:00:00+00:00,71.41,71.555,71.4,71.47,6456.0
2024-05-07 19:00:00+00:00,71.47,71.505,71.23,71.275,17414.0
2024-05-08 14:00:00+00:00,71.44,71.445,71.13,71.36,8606.0
2024-05-08 15:00:00+00:00,71.36,71.735,71.31,71.655,2066.0
2024-05-08 16:00:00+00:00,71.665,71.755,71.54,71.595,3769.0
2024-05-08 17:00:00+00:00,71.595,71.765,71.58,71.75,5597.0
2024-05-08 18:00:00+00:00,71.755,71.925,71.755,71.795,3996.0
2024-05-08 19:00:00+00:00,71.79,71.965,71.62,71.645,9453.0
2024-05-09 14:00:00+00:00,71.895,72.37,71.88,72.235,5536.0
2024-05-09 15:00:00+00:00,72.225,72.845,72.195,72.725,11727.0
2024-05-09 16:00:00+00:00,72.73,72.75,72.545,72.56,6464.0
2024-05-09 17:00:00+00:00,72.56,72.72,72.51,72.6,6682.0
2024-05-09 18:00:00+00:00,72.575,72.58,72.42,72.525,3335.0
2024-05-09 19:00:00+00:00,72.505,72.705,72.48,72.54,19142.0
2024-05-10 14:00:00+00:00,72.72,72.85,72.605,72.695,2256.0
2024-05-10 15:00:00+00:00,72.695,72.705,72.44,72.705,6083.0
2024-05-10 16:00:00+00:00,72.69,72.82,72.655,72.75,2501.0
2024-05-10 17:00:00+00:00,72.75,72.77,72.65,72.74,2491.0
2024-05-10 18:00:00+00:00,72.74,72.865,72.69,72.86,5105.0
2024-05-10 19:00:00+00:00,72.86,72.91,72.695,72.75,12401.0
2024-05-13 14:00:00+00:00,73.14,73.17,72.87,72.9,3729.0
2024-05-13 15:00:00+00:00,72.9,73.15,72.895,72.99,2110.0
2024-05-13 16:00:00+00:00,72.965,72.985,72.835,72.935,7719.0
2024-05-13 17:00:00+00:00,72.915,72.945,72.815,72.89,4845.0
2024-05-13 18:00:00+00:00,72.885,72.885,72.76,72.775,2947.0
2024-05-13 19:00:00+00:00,72.785,72.83,72.34,72.405,10236.0
2024-05-14 14:00:00+00:00,72.71,73.115,72.71,72.815,4400.0
2024-05-14 15:00:00+00:00,72.815,72.815,72.815,72.815,0.0
2024-05-14 16:00:00+00:00,72.815,72.99,72.815,72.91,10778.0
2024-05-14 17:00:00+00:00,72.91,72.915,72.73,72.83,8347.0
2024-05-14 18:00:00+00:00,72.83,73.03,72.83,72.97,6932.0
2024-05-14 19:00:00+00:00,72.965,73.355,72.905,73.3,19142.0
2024-05-15 14:00:00+00:00,73.405,73.44,73.115,73.14,19097.0
2024-05-15 15:00:00+00:00,73.135,73.27,73.01,73.09,8666.0
2024-05-15 16:00:00+00:00,73.08,73.235,73.02,73.205,3304.0
2024-05-15 17:00:00+00:00,73.21,73.22,72.915,73.005,8364.0
2024-05-15 18:00:00+00:00,73.01,73.07,72.91,72.99,9129.0
2024-05-15 19:00:00+00:00,72.99,73.23,72.965,73.125,30911.0
2024-05-16 14:00:00+00:00,73.765,73.985,73.665,73.985,11868.0
2024-05-16 15:00:00+00:00,73.985,74.01,73.76,73.81,6776.0
2024-05-16 16:00:00+00:00,73.81,73.915,73.735,73.785,9396.0
2024-05-16 17:00:00+00:00,73.78,73.84,73.535,73.62,8228.0
2024-05-16 18:00:00+00:00,73.64,73.705,73.57,73.665,8202.0
2024-05-16 19:00:00+00:00,73.67,73.695,73.44,73.5,15010.0
2024-05-17 14:00:00+00:00,73.65,73.81,73.605,73.73,6862.0
2024-05-17 15:00:00+00:00,73.7,73.965,73.66,73.925,3745.0
2024-05-17 16:00:00+00:00,73.925,73.975,73.775,73.975,13655.0
2024-05-17 17:00:00+00:00,73.97,74.05,73.9,74.005,3776.0
2024-05-17 18:00:00+00:00,74.005,74.1,73.97,74.03,6473.0
2024-05-17 19:00:00+00:00,74.04,74.26,74.015,74.23,21603.0
2024-05-20 14:00:00+00:00,73.735,74.05,73.44,73.98,9581.0
2024-05-20 15:00:00+00:00,74.015,74.07,73.835,73.86,4891.0
2024-05-20 16:00:00+00:00,73.855,73.88,73.645,73.735,11553.0
2024-05-20 17:00:00+00:00,73.74,73.75,73.46,73.55,3697.0
2024-05-20 18:00:00+00:00,73.53,73.545,72.985,73.05,5184.0
2024-05-20 19:00:00+00:00,73.05,73.08,72.785,72.88,23284.0
2024-05-21 14:00:00+00:00,72.97,73.265,72.97,73.12,6111.0
2024-05-21 15:00:00+00:00,73.09,73.195,72.945,72.945,4788.0
2024-05-21 16:00:00+00:00,72.94,72.95,72.735,72.91,8122.0
2024-05-21 17:00:00+00:00,72.91,72.99,72.8,72.92,5946.0
2024-05-21 18:00:00+00:00,72.925,72.925,72.735,72.78,6117.0
2024-05-21 19:00:00+00:00,72.78,72.91,72.5,72.545,15689.0
2024-05-22 14:00:00+00:00,73.54,73.705,73.08,73.175,10455.0
2024-05-22 15:00:00+00:00,73.18,73.19,72.945,73.06,4788.0
2024-05-22 16:00:00+00:00,73.065,73.255,73.05,73.115,3783.0
2024-05-22 17:00:00+00:00,73.115,73.16,72.87,72.97,2742.0
2024-05-22 18:00:00+00:00,72.9,72.97,72.605,72.64,11711.0
2024-05-22 19:00:00+00:00,72.645,72.875,72.485,72.87,36385.0
2024-05-23 14:00:00+00:00,72.3,72.55,72.065,72.165,14228.0
2024-05-23 15:00:00+00:00,72.185,72.36,72.14,72.29,7958.0
2024-05-23 16:00:00+00:00,72.295,72.33,72.005,72.035,9813.0
2024-05-23 17:00:00+00:00,72.04,72.08,71.63,71.645,8015.0
2024-05-23 18:00:00+00:00,71.625,71.645,71.395,71.585,10190.0
2024-05-23 19:00:00+00:00,71.585,71.655,71.45,71.625,31167.0
2024-05-24 14:00:00+00:00,72.26,72.345,71.945,72.095,3473.0
2024-05-24 15:00:00+00:00,72.085,72.335,72.075,72.325,5432.0
2024-05-24 16:00:00+00:00,72.315,72.54,72.315,72.36,9004.0
2024-05-24 17:00:00+00:00,72.36,72.455,72.34,72.39,7492.0
2024-05-24 18:00:00+00:00,72.395,72.57,72.39,72.43,3386.0
2024-05-24 19:00:00+00:00,72.43,72.72,72.35,72.53,24474.0
2024-05-27 14:00:00+00:00,72.53,72.53,72.53,72.53,0.0
2024-05-27 15:00:00+00:00,72.53,72.53,72.53,72.53,0.0
2024-05-27 16:00:00+00:00,72.53,72.53,72.53,72.53,0.0
2024-05-27 17:00:00+00:00,72.53,72.53,72.53,72.53,0.0
2024-05-27 18:00:00+00:00,72.53,72.53,72.53,72.53,0.0
2024-05-27 19:00:00+00:00,72.53,72.53,72.53,72.53,0.0
2024-05-28 14:00:00+00:00,72.0,72.13,71.57,71.575,6820.0
2024-05-28 15:00:00+00:00,71.585,71.635,71.4,71.47,4090.0
2024-05-28 16:00:00+00:00,71.455,71.455,71.23,71.25,4638.0
2024-05-28 17:00:00+00:00,71.22,71.22,70.91,70.975,4810.0
2024-05-28 18:00:00+00:00,70.975,71.0,70.47,70.47,12430.0
2024-05-28 19:00:00+00:00,70.435,71.095,70.375,71.0,39902.0
2024-05-29 14:00:00+00:00,70.245,70.42,70.045,70.165,5909.0
2024-05-29 15:00:00+00:00,70.175,70.46,70.14,70.39,13198.0
2024-05-29 16:00:00+00:00,70.39,70.555,70.28,70.525,2942.0
2024-05-29 17:00:00+00:00,70.53,70.665,70.44,70.655,2638.0
2024-05-29 18:00:00+00:00,70.65,70.65,70.385,70.5,2356.0
2024-05-29 19:00:00+00:00,70.505,70.8,70.405,70.405,17155.0
2024-05-30 14:00:00+00:00,70.35,70.645,70.21,70.58,4492.0
2024-05-30 15:00:00+00:00,70.59,70.84,70.55,70.7,2511.0
2024-05-30 16:00:00+00:00,70.715,71.03,70.69,71.03,2892.0
2024-05-30 17:00:00+00:00,71.04,71.13,71.0,71.125,1167.0
2024-05-30 18:00:00+00:00,71.14,71.145,70.925,71.075,1908.0
2024-05-30 19:00:00+00:00,71.08,71.225,70.95,71.115,20519.0
2024-05-31 14:00:00+00:00,71.39,71.515,71.1,71.415,18164.0
2024-05-31 15:00:00+00:00,71.42,71.5,71.285,71.305,16082.0
2024-05-31 16:00:00+00:00,71.305,71.325,71.155,71.325,2851.0
2024-05-31 17:00:00+00:00,71.33,71.525,71.305,71.515,2943.0
2024-05-31 18:00:00+00:00,71.515,72.0,71.26,71.71,21000.0
2024-05-31 19:00:00+00:00,71.695,72.43,71.465,72.415,36549.0
2024-06-03 14:00:00+00:00,71.84,71.94,71.26,71.405,10896.0
2024-06-03 15:00:00+00:00,71.395,71.4,70.995,71.05,2539.0
2024-06-03 16:00:00+00:00,71.05,71.16,70.75,71.03,2444.0
2024-06-03 17:00:00+00:00,71.03,71.265,70.885,71.225,4190.0
2024-06-03 18:00:00+00:00,71.22,71.435,71.165,71.38,5295.0
2024-06-03 19:00:00+00:00,71.405,71.5,71.25,71.41,26143.0
2024-06-04 14:00:00+00:00,71.29,71.37,70.265,70.275,7530.0
2024-06-04 15:00:00+00:00,70.285,70.285,69.725,69.73,7690.0
2024-06-04 16:00:00+00:00,69.73,69.93,69.64,69.86,3479.0
2024-06-04 17:00:00+00:00,69.86,70.005,69.775,69.955,5755.0
2024-06-04 18:00:00+00:00,69.94,70.205,69.94,70.11,8029.0
2024-06-04 19:00:00+00:00,70.105,70.36,69.95,70.29,23085.0
2024-06-05 14:00:00+00:00,69.88,70.0,69.44,69.935,14762.0
2024-06-05 15:00:00+00:00,69.9,69.96,69.78,69.945,5883.0
2024-06-05 16:00:00+00:00,69.945,69.98,69.79,69.95,6968.0
2024-06-05 17:00:00+00:00,69.945,70.045,69.79,70.04,8912.0
2024-06-05 18:00:00+00:00,70.045,70.235,70.0,70.2,6469.0
2024-06-05 19:00:00+00:00,70.24,70.38,70.12,70.34,16432.0
2024-06-06 14:00:00+00:00,70.64,70.64,70.34,70.35,3278.0
2024-06-06 15:00:00+00:00,70.37,70.375,70.27,70.32,1845.0
2024-06-06 16:00:00+00:00,70.32,70.32,69.93,69.97,2774.0
2024-06-06 17:00:00+00:00,69.97,70.06,69.88,69.985,1043.0
2024-06-06 18:00:00+00:00,69.99,70.015,69.815,69.975,3565.0
2024-06-06 19:00:00+00:00,69.975,70.065,69.88,70.005,7554.0
2024-06-07 14:00:00+00:00,70.345,70.715,70.32,70.57,3954.0
2024-06-07 15:00:00+00:00,70.56,70.61,70.33,70.38,2724.0
2024-06-07 16:00:00+00:00,70.385,70.53,70.335,70.45,2812.0
2024-06-07 17:00:00+00:00,70.45,70.555,70.36,70.395,1910.0
2024-06-07 18:00:00+00:00,70.35,70.4,70.215,70.35,2843.0
2024-06-07 19:00:00+00:00,70.33,70.375,69.925,70.03,11433.0
2024-06-10 14:00:00+00:00,69.595,69.825,69.495,69.5,14094.0
2024-06-10 15:00:00+00:00,69.46,70.035,69.33,70.035,8706.0
2024-06-10 16:00:00+00:00,70.04,70.205,70.005,70.01,5392.0
2024-06-10 17:00:00+00:00,70.01,70.31,69.925,70.265,7301.0
2024-06-10 18:00:00+00:00,70.26,70.38,70.18,70.28,11101.0
2024-06-10 19:00:00+00:00,70.28,70.37,70.04,70.29,26935.0
2024-06-11 14:00:00+00:00,68.97,69.07,68.68,69.0,14283.0
2024-06-11 15:00:00+00:00,69.0,69.3,69.0,69.29,8633.0
2024-06-11 16:00:00+00:00,69.29,69.315,69.12,69.18,5226.0
2024-06-11 17:00:00+00:00,69.145,69.145,68.825,68.93,12788.0
2024-06-11 18:00:00+00:00,68.92,69.01,68.77,68.86,11563.0
2024-06-11 19:00:00+00:00,68.86,69.06,68.725,69.06,40054.0
2024-06-12 14:00:00+00:00,69.53,69.755,69.31,69.515,9271.0
2024-06-12 15:00:00+00:00,69.515,69.585,69.015,69.12,9681.0
2024-06-12 16:00:00+00:00,69.11,69.23,69.105,69.19,6775.0
2024-06-12 17:00:00+00:00,69.19,69.26,69.0,69.065,6601.0
2024-06-12 18:00:00+00:00,68.95,69.08,68.585,68.785,10950.0
2024-06-12 19:00:00+00:00,68.785,69.11,68.55,69.015,15505.0
2024-06-13 14:00:00+00:00,68.21,68.46,68.085,68.375,2405.0
2024-06-13 15:00:00+00:00,68.36,68.56,68.26,68.54,2899.0
2024-06-13 16:00:00+00:00,68.54,68.55,68.42,68.515,4946.0
2024-06-13 17:00:00+00:00,68.485,68.7,68.485,68.685,3909.0
2024-06-13 18:00:00+00:00,68.69,68.76,68.65,68.75,5606.0
2024-06-13 19:00:00+00:00,68.75,68.84,68.6,68.66,14578.0
2024-06-14 14:00:00+00:00,68.02,68.05,67.62,68.015,6394.0
2024-06-14 15:00:00+00:00,68.01,68.33,67.95,68.23,5576.0
2024-06-14 16:00:00+00:00,68.24,68.405,68.21,68.395,3353.0
2024-06-14 17:00:00+00:00,68.395,68.48,68.24,68.25,3289.0
2024-06-14 18:00:00+00:00,68.23,68.43,68.175,68.415,13540.0
2024-06-14 19:00:00+00:00,68.405,68.59,68.4,68.565,10526.0
2024-06-17 14:00:00+00:00,68.365,68.615,68.17,68.59,6627.0
2024-06-17 15:00:00+00:00,68.62,68.805,68.56,68.705,3129.0
2024-06-17 16:00:00+00:00,68.705,69.005,68.705,68.96,3518.0
2024-06-17 17:00:00+00:00,68.97,69.0,68.84,68.94,2268.0
2024-06-17 18:00:00+00:00,68.95,69.29,68.94,69.165,5559.0
2024-06-17 19:00:00+00:00,69.145,69.43,69.14,69.39,30050.0
2024-06-18 14:00:00+00:00,69.66,69.94,69.58,69.76,4917.0
2024-06-18 15:00:00+00:00,69.745,70.015,69.705,69.99,4166.0
2024-06-18 16:00:00+00:00,69.98,70.085,69.89,69.96,6487.0
2024-06-18 17:00:00+00:00,69.96,70.035,69.88,69.98,2521.0
2024-06-18 18:00:00+00:00,69.97,70.015,69.915,69.96,3483.0
2024-06-18 19:00:00+00:00,69.99,69.99,69.785,69.86,15562.0
2024-06-19 14:00:00+00:00,69.86,69.86,69.86,69.86,0.0
2024-06-19 15:00:00+00:00,69.86,69.86,69.86,69.86,0.0
2024-06-19 16:00:00+00:00,69.86,69.86,69.86,69.86,0.0
2024-06-19 17:00:00+00:00,69.86,69.86,69.86,69.86,0.0
2024-06-19 18:00:00+00:00,69.86,69.86,69.86,69.86,0.0
2024-06-19 19:00:00+00:00,69.86,69.86,69.86,69.86,0.0
2024-06-20 14:00:00+00:00,69.96,70.345,69.95,70.345,7661.0
2024-06-20 15:00:00+00:00,70.38,70.625,70.34,70.43,6865.0
2024-06-20 16:00:00+00:00,70.42,70.625,70.415,70.54,3048.0
2024-06-20 17:00:00+00:00,70.535,70.96,70.42,70.94,4999.0
2024-06-20 18:00:00+00:00,70.96,70.985,70.8,70.89,5157.0
2024-06-20 19:00:00+00:00,70.88,70.975,70.695,70.86,16764.0
2024-06-21 14:00:00+00:00,70.96,71.35,70.93,71.27,7069.0
2024-06-21 15:00:00+00:00,71.22,71.265,70.71,70.79,8347.0
2024-06-21 16:00:00+00:00,70.8,71.15,70.75,71.15,8549.0
2024-06-21 17:00:00+00:00,71.15,71.385,71.14,71.315,4361.0
2024-06-21 18:00:00+00:00,71.32,71.32,71.055,71.075,10231.0
2024-06-21 19:00:00+00:00,71.115,71.395,71.08,71.33,26431.0
2024-06-24 14:00:00+00:00,72.015,72.5,71.915,72.435,6102.0
2024-06-24 15:00:00+00:00,72.43,72.43,72.25,72.35,2904.0
2024-06-24 16:00:00+00:00,72.35,72.44,72.32,72.375,2947.0
2024-06-24 17:00:00+00:00,72.375,72.375,72.24,72.3,3141.0
2024-06-24 18:00:00+00:00,72.285,72.45,72.28,72.355,3918.0
2024-06-24 19:00:00+00:00,72.35,72.46,72.11,72.17,15838.0
2024-06-25 14:00:00+00:00,71.78,71.87,71.44,71.72,5179.0
2024-06-25 15:00:00+00:00,71.69,71.69,71.49,71.49,3276.0
2024-06-25 16:00:00+00:00,71.475,71.5,71.24,71.42,4307.0
2024-06-25 17:00:00+00:00,71.4,71.6,71.4,71.47,3042.0
2024-06-25 18:00:00+00:00,71.47,71.56,71.42,71.46,3232.0
2024-06-25 19:00:00+00:00,71.45,71.64,71.355,71.445,12650.0
2024-06-26 14:00:00+00:00,70.64,70.64,69.955,70.35,12457.0
2024-06-26 15:00:00+00:00,70.38,70.795,70.265,70.77,6411.0
2024-06-26 16:00:00+00:00,70.78,70.805,70.53,70.61,6483.0
2024-06-26 17:00:00+00:00,70.605,70.605,70.44,70.59,5776.0
2024-06-26 18:00:00+00:00,70.58,70.92,70.575,70.88,5801.0
2024-06-26 19:00:00+00:00,70.88,71.325,70.88,71.17,23193.0
2024-06-27 14:00:00+00:00,70.8,71.31,70.73,71.06,13007.0
2024-06-27 15:00:00+00:00,71.06,71.07,70.77,71.0,4308.0
2024-06-27 16:00:00+00:00,71.0,71.005,70.57,70.69,3859.0
2024-06-27 17:00:00+00:00,70.7,70.88,70.7,70.805,17739.0
2024-06-27 18:00:00+00:00,70.805,70.805,70.45,70.57,9734.0
2024-06-27 19:00:00+00:00,70.57,70.87,70.565,70.855,15643.0
2024-06-28 14:00:00+00:00,70.895,71.055,70.595,70.975,18914.0
2024-06-28 15:00:00+00:00,70.965,70.965,70.565,70.575,9487.0
2024-06-28 16:00:00+00:00,70.56,70.625,70.425,70.54,12853.0
2024-06-28 17:00:00+00:00,70.54,70.84,70.5,70.74,12106.0
2024-06-28 18:00:00+00:00,70.74,70.74,70.37,70.395,7011.0
2024-06-28 19:00:00+00:00,70.395,70.395,69.945,70.16,64331.0
2024-07-01 14:00:00+00:00,70.83,70.87,69.775,69.97,14582.0
2024-07-01 15:00:00+00:00,69.92,70.03,69.72,69.91,10987.0
2024-07-01 16:00:00+00:00,69.91,70.025,69.74,69.97,6883.0
2024-07-01 17:00:00+00:00,69.97,70.04,69.87,69.9,7394.0
2024-07-01 18:00:00+00:00,69.9,69.93,69.475,69.49,10256.0
2024-07-01 19:00:00+00:00,69.49,69.9,69.41,69.875,27408.0
2024-07-02 14:00:00+00:00,69.88,70.14,69.72,69.75,9352.0
2024-07-02 15:00:00+00:00,69.75,70.05,69.74,70.0,7379.0
2024-07-02 16:00:00+00:00,69.995,70.2,69.97,69.97,3440.0
2024-07-02 17:00:00+00:00,69.97,70.06,69.86,69.94,4115.0
2024-07-02 18:00:00+00:00,69.955,70.09,69.92,69.98,16646.0
2024-07-02 19:00:00+00:00,69.98,70.255,69.965,70.04,18826.0
2024-07-03 14:00:00+00:00,70.85,70.995,70.465,70.485,15068.0
2024-07-03 15:00:00+00:00,70.505,70.525,70.32,70.42,12195.0
2024-07-03 16:00:00+00:00,70.41,70.655,70.2,70.2,16514.0
2024-07-03 17:00:00+00:00,70.2,70.2,70.2,70.2,0.0
2024-07-03 18:00:00+00:00,70.2,70.2,70.2,70.2,0.0
2024-07-03 19:00:00+00:00,70.2,70.2,70.2,70.2,0.0
2024-07-04 14:00:00+00:00,70.2,70.2,70.2,70.2,0.0
2024-07-04 15:00:00+00:00,70.2,70.2,70.2,70.2,0.0
2024-07-04 16:00:00+00:00,70.2,70.2,70.2,70.2,0.0
2024-07-04 17:00:00+00:00,70.2,70.2,70.2,70.2,0.0
2024-07-04 18:00:00+00:00,70.2,70.2,70.2,70.2,0.0
2024-07-04 19:00:00+00:00,70.2,70.2,70.2,70.2,0.0
2024-07-05 14:00:00+00:00,69.68,69.69,69.495,69.65,6845.0
2024-07-05 15:00:00+00:00,69.69,69.69,69.39,69.45,3495.0
2024-07-05 16:00:00+00:00,69.45,69.51,69.365,69.49,2628.0
2024-07-05 17:00:00+00:00,69.505,69.67,69.445,69.64,2261.0
2024-07-05 18:00:00+00:00,69.66,69.66,69.54,69.62,1918.0
2024-07-05 19:00:00+00:00,69.615,69.77,69.49,69.49,5426.0
2024-07-08 14:00:00+00:00,69.99,70.07,69.79,69.85,6704.0
2024-07-08 15:00:00+00:00,69.85,69.85,69.38,69.395,4071.0
2024-07-08 16:00:00+00:00,69.405,69.66,69.38,69.59,2950.0
2024-07-08 17:00:00+00:00,69.555,69.6,69.43,69.585,2623.0
2024-07-08 18:00:00+00:00,69.585,69.62,69.37,69.435,2371.0
2024-07-08 19:00:00+00:00,69.44,69.58,69.385,69.39,11121.0
2024-07-09 14:00:00+00:00,69.775,69.935,69.66,69.815,9551.0
2024-07-09 15:00:00+00:00,69.815,70.17,69.805,70.15,4726.0
2024-07-09 16:00:00+00:00,70.16,70.44,70.09,70.44,2317.0
2024-07-09 17:00:00+00:00,70.45,70.575,70.38,70.38,3121.0
2024-07-09 18:00:00+00:00,70.38,70.38,70.145,70.145,3830.0
2024-07-09 19:00:00+00:00,70.15,70.225,69.87,69.88,17420.0
2024-07-10 14:00:00+00:00,70.48,70.63,70.375,70.62,6396.0
2024-07-10 15:00:00+00:00,70.635,70.75,70.565,70.7,10928.0
2024-07-10 16:00:00+00:00,70.685,71.04,70.685,71.04,7776.0
2024-07-10 17:00:00+00:00,71.045,71.15,70.985,71.15,8084.0
2024-07-10 18:00:00+00:00,71.17,71.41,71.14,71.39,3407.0
2024-07-10 19:00:00+00:00,71.37,71.595,71.345,71.58,20256.0
2024-07-11 14:00:00+00:00,71.93,72.45,71.91,72.19,9166.0
2024-07-11 15:00:00+00:00,72.22,72.38,72.09,72.27,7883.0
2024-07-11 16:00:00+00:00,72.26,72.26,71.97,72.22,7837.0
2024-07-11 17:00:00+00:00,72.22,72.46,72.18,72.46,6304.0
2024-07-11 18:00:00+00:00,72.43,72.47,72.28,72.34,4887.0
2024-07-11 19:00:00+00:00,72.34,72.47,72.22,72.44,23007.0
2024-07-12 14:00:00+00:00,72.52,73.27,72.52,73.27,12396.0
2024-07-12 15:00:00+00:00,73.295,73.49,73.22,73.435,8077.0
2024-07-12 16:00:00+00:00,73.42,73.48,73.305,73.48,8936.0
2024-07-12 17:00:00+00:00,73.48,73.675,73.48,73.605,3844.0
2024-07-12 18:00:00+00:00,73.58,73.595,73.49,73.565,8831.0
2024-07-12 19:00:00+00:00,73.585,73.78,73.315,73.34,18632.0
2024-07-15 14:00:00+00:00,73.85,74.49,73.845,74.41,1657.0
2024-07-15 15:00:00+00:00,74.4,74.8,74.36,74.78,3504.0
2024-07-15 16:00:00+00:00,74.785,74.88,74.54,74.665,2549.0
2024-07-15 17:00:00+00:00,74.675,74.68,74.48,74.63,5748.0
2024-07-15 18:00:00+00:00,74.655,74.82,74.605,74.695,5390.0
2024-07-15 19:00:00+00:00,74.72,74.72,74.325,74.44,12607.0
2024-07-16 14:00:00+00:00,75.015,75.56,75.015,75.48,4221.0
2024-07-16 15:00:00+00:00,75.5,75.56,74.96,75.02,6261.0
2024-07-16 16:00:00+00:00,75.01,75.46,74.99,75.43,5283.0
2024-07-16 17:00:00+00:00,75.43,75.47,75.26,75.425,6999.0
2024-07-16 18:00:00+00:00,75.43,75.57,75.35,75.4,5832.0
2024-07-16 19:00:00+00:00,75.38,75.68,75.29,75.68,16228.0
2024-07-17 14:00:00+00:00,76.33,76.89,76.295,76.655,10357.0
2024-07-17 15:00:00+00:00,76.65,76.875,76.485,76.845,7753.0
2024-07-17 16:00:00+00:00,76.85,76.87,76.43,76.5,7858.0
2024-07-17 17:00:00+00:00,76.495,76.52,76.12,76.185,2593.0
2024-07-17 18:00:00+00:00,76.2,76.41,76.08,76.265,4091.0
2024-07-17 19:00:00+00:00,76.27,76.33,75.87,76.18,24267.0
2024-07-18 14:00:00+00:00,76.53,76.91,76.425,76.505,4157.0
2024-07-18 15:00:00+00:00,76.505,76.705,76.205,76.29,6202.0
2024-07-18 16:00:00+00:00,76.31,76.4,76.055,76.145,3161.0
2024-07-18 17:00:00+00:00,76.14,76.25,75.93,75.94,2698.0
2024-07-18 18:00:00+00:00,75.94,75.94,75.335,75.39,4764.0
2024-07-18 19:00:00+00:00,75.39,75.58,75.17,75.325,12444.0
2024-07-19 14:00:00+00:00,75.39,75.585,74.725,74.745,3705.0
2024-07-19 15:00:00+00:00,74.77,75.015,74.58,74.84,2145.0
2024-07-19 16:00:00+00:00,74.86,75.145,74.695,74.705,2681.0
2024-07-19 17:00:00+00:00,74.71,74.87,74.51,74.87,3531.0
2024-07-19 18:00:00+00:00,74.84,74.955,74.71,74.805,1602.0
2024-07-19 19:00:00+00:00,74.81,74.955,74.655,74.79,6532.0
2024-07-22 14:00:00+00:00,74.48,74.91,74.34,74.82,7111.0
2024-07-22 15:00:00+00:00,74.91,75.0,74.75,74.85,4386.0
2024-07-22 16:00:00+00:00,74.85,75.06,74.81,75.02,5102.0
2024-07-22 17:00:00+00:00,75.03,75.13,74.99,75.05,12768.0
2024-07-22 18:00:00+00:00,75.04,75.085,74.89,75.04,13107.0
2024-07-22 19:00:00+00:00,75.025,75.295,74.93,75.25,39960.0
2024-07-23 14:00:00+00:00,75.235,75.405,74.985,75.0,1456.0
2024-07-23 15:00:00+00:00,75.075,75.24,74.97,75.14,708.0
2024-07-23 16:00:00+00:00,75.235,75.29,75.15,75.19,3353.0
2024-07-23 17:00:00+00:00,75.2,75.36,75.14,75.31,6574.0
2024-07-23 18:00:00+00:00,75.32,75.42,75.3,75.33,8182.0
2024-07-23 19:00:00+00:00,75.31,75.425,75.08,75.2,19647.0
2024-07-24 14:00:00+00:00,75.06,75.53,74.84,75.355,4819.0
2024-07-24 15:00:00+00:00,75.365,75.44,75.025,75.44,2300.0
2024-07-24 16:00:00+00:00,75.46,75.595,75.305,75.385,7053.0
2024-07-24 17:00:00+00:00,75.385,75.43,75.24,75.31,1646.0
2024-07-24 18:00:00+00:00,75.305,75.335,75.105,75.21,2364.0
2024-07-24 19:00:00+00:00,75.2,75.205,74.48,74.495,19871.0
2024-07-25 14:00:00+00:00,76.33,76.59,75.76,75.87,9673.0
2024-07-25 15:00:00+00:00,75.9,76.4,75.9,76.35,6742.0
2024-07-25 16:00:00+00:00,76.33,76.54,76.31,76.52,6492.0
2024-07-25 17:00:00+00:00,76.53,76.68,76.205,76.205,5843.0
2024-07-25 18:00:00+00:00,76.21,76.21,75.52,75.525,9570.0
2024-07-25 19:00:00+00:00,75.525,75.53,75.235,75.295,41015.0
2024-07-26 14:00:00+00:00,75.81,76.405,75.7,76.175,5069.0
2024-07-26 15:00:00+00:00,76.235,76.285,75.855,76.195,5102.0
2024-07-26 16:00:00+00:00,76.235,76.3,75.905,76.15,5950.0
2024-07-26 17:00:00+00:00,76.16,76.17,75.775,75.88,3047.0
2024-07-26 18:00:00+00:00,75.87,76.03,75.83,75.9,7930.0
2024-07-26 19:00:00+00:00,75.88,76.14,75.875,76.0,24052.0
2024-07-29 14:00:00+00:00,75.715,75.945,75.245,75.505,4827.0
2024-07-29 15:00:00+00:00,75.505,75.865,75.495,75.81,6246.0
2024-07-29 16:00:00+00:00,75.805,75.805,75.52,75.63,6308.0
2024-07-29 17:00:00+00:00,75.63,75.81,75.57,75.81,5088.0
2024-07-29 18:00:00+00:00,75.81,75.85,75.655,75.81,4572.0
2024-07-29 19:00:00+00:00,75.83,75.85,75.43,75.51,22222.0
2024-07-30 14:00:00+00:00,76.9,77.11,76.64,76.98,11550.0
2024-07-30 15:00:00+00:00,76.95,77.02,76.685,76.81,5542.0
2024-07-30 16:00:00+00:00,76.82,76.89,76.66,76.735,3343.0
2024-07-30 17:00:00+00:00,76.735,76.735,76.51,76.65,5475.0
2024-07-30 18:00:00+00:00,76.65,76.7,76.56,76.645,4618.0
2024-07-30 19:00:00+00:00,76.63,77.115,76.615,76.74,23165.0
2024-07-31 14:00:00+00:00,76.775,77.09,76.67,77.025,7888.0
2024-07-31 15:00:00+00:00,77.01,77.16,76.835,76.835,8659.0
2024-07-31 16:00:00+00:00,76.835,77.28,76.82,77.17,5143.0
2024-07-31 17:00:00+00:00,77.15,77.225,76.94,77.04,8957.0
2024-07-31 18:00:00+00:00,76.97,77.49,76.92,77.43,17123.0
2024-07-31 19:00:00+00:00,77.43,77.45,76.82,76.875,25992.0
2024-08-01 14:00:00+00:00,77.42,77.765,76.53,77.01,17541.0
2024-08-01 15:00:00+00:00,77.015,77.015,76.28,76.365,19777.0
2024-08-01 16:00:00+00:00,76.35,76.7,76.115,76.515,8219.0
2024-08-01 17:00:00+00:00,76.54,76.595,76.185,76.47,8123.0
2024-08-01 18:00:00+00:00,76.475,76.645,75.79,75.855,16060.0
2024-08-01 19:00:00+00:00,75.795,76.005,75.32,75.765,53567.0
2024-08-02 14:00:00+00:00,73.055,73.17,71.23,71.295,52855.0
2024-08-02 15:00:00+00:00,71.305,71.35,70.61,70.93,33692.0
2024-08-02 16:00:00+00:00,70.92,70.98,70.495,70.525,15697.0
2024-08-02 17:00:00+00:00,70.515,70.635,70.1,70.155,9059.0
2024-08-02 18:00:00+00:00,70.15,70.24,69.71,69.9,22675.0
2024-08-02 19:00:00+00:00,69.89,70.61,69.7,70.56,39393.0
2024-08-05 14:00:00+00:00,67.52,68.67,67.38,67.61,23783.0
2024-08-05 15:00:00+00:00,67.58,68.32,67.55,68.14,26142.0
2024-08-05 16:00:00+00:00,68.175,68.4,67.78,67.9,24374.0
2024-08-05 17:00:00+00:00,67.91,68.235,67.7,68.07,12670.0
2024-08-05 18:00:00+00:00,68.04,68.27,67.96,68.04,12647.0
2024-08-05 19:00:00+00:00,68.06,68.06,67.6,67.965,44783.0
2024-08-06 14:00:00+00:00,68.61,69.17,68.535,68.65,25981.0
2024-08-06 15:00:00+00:00,68.675,68.69,68.05,68.3,7884.0
2024-08-06 16:00:00+00:00,68.31,68.72,68.31,68.67,7260.0
2024-08-06 17:00:00+00:00,68.7,69.07,68.655,69.0,8269.0
2024-08-06 18:00:00+00:00,69.01,69.235,68.8,68.95,7331.0
2024-08-06 19:00:00+00:00,68.93,69.18,68.615,68.645,21614.0
2024-08-07 14:00:00+00:00,70.06,70.16,69.82,70.145,26142.0
2024-08-07 15:00:00+00:00,70.155,70.21,69.37,69.385,18719.0
2024-08-07 16:00:00+00:00,69.37,69.58,69.305,69.31,13280.0
2024-08-07 17:00:00+00:00,69.295,69.45,68.975,69.24,12227.0
2024-08-07 18:00:00+00:00,69.23,69.23,68.655,68.805,12608.0
2024-08-07 19:00:00+00:00,68.805,69.25,68.615,68.725,43605.0
2024-08-08 14:00:00+00:00,69.78,69.825,69.22,69.7,7425.0
2024-08-08 15:00:00+00:00,69.695,69.755,69.24,69.24,6784.0
2024-08-08 16:00:00+00:00,69.215,69.365,69.06,69.21,3141.0
2024-08-08 17:00:00+00:00,69.19,69.545,69.095,69.42,2830.0
2024-08-08 18:00:00+00:00,69.39,69.54,69.285,69.47,5175.0
2024-08-08 19:00:00+00:00,69.475,69.725,69.425,69.615,15586.0
2024-08-09 14:00:00+00:00,69.74,69.88,69.59,69.81,6076.0
2024-08-09 15:00:00+00:00,69.82,70.015,69.665,69.71,5470.0
2024-08-09 16:00:00+00:00,69.72,69.955,69.685,69.885,3914.0
2024-08-09 17:00:00+00:00,69.905,70.18,69.83,69.89,6584.0
2024-08-09 18:00:00+00:00,69.885,69.97,69.72,69.915,6615.0
2024-08-09 19:00:00+00:00,69.915,70.175,69.885,70.115,23524.0
2024-08-12 14:00:00+00:00,70.4,70.69,70.22,70.66,17509.0
2024-08-12 15:00:00+00:00,70.66,70.815,70.36,70.64,16522.0
2024-08-12 16:00:00+00:00,70.63,70.65,70.29,70.315,9730.0
2024-08-12 17:00:00+00:00,70.315,70.535,70.19,70.195,6649.0
2024-08-12 18:00:00+00:00,70.19,70.19,70.02,70.11,10633.0
2024-08-12 19:00:00+00:00,70.11,70.155,69.695,69.735,9999.0
2024-08-13 14:00:00+00:00,70.255,70.4,69.86,70.33,21887.0
2024-08-13 15:00:00+00:00,70.34,70.56,70.235,70.48,7592.0
2024-08-13 16:00:00+00:00,70.48,70.62,70.375,70.485,7414.0
2024-08-13 17:00:00+00:00,70.485,70.485,70.19,70.36,7392.0
2024-08-13 18:00:00+00:00,70.36,70.49,70.3,70.345,13325.0
2024-08-13 19:00:00+00:00,70.335,70.69,70.33,70.405,86210.0
2024-08-14 14:00:00+00:00,70.74,71.06,70.67,70.88,9680.0
2024-08-14 15:00:00+00:00,70.865,71.2,70.845,71.11,4733.0
2024-08-14 16:00:00+00:00,71.085,71.24,70.96,71.195,9820.0
2024-08-14 17:00:00+00:00,71.185,71.36,71.085,71.3,13629.0
2024-08-14 18:00:00+00:00,71.29,71.3,71.09,71.285,17370.0
2024-08-14 19:00:00+00:00,71.29,71.48,71.13,71.245,65247.0
2024-08-15 14:00:00+00:00,71.71,72.1,71.555,72.09,39437.0
2024-08-15 15:00:00+00:00,72.085,72.45,72.055,72.22,56034.0
2024-08-15 16:00:00+00:00,72.22,72.46,72.19,72.38,23589.0
2024-08-15 17:00:00+00:00,72.38,72.39,72.125,72.205,30782.0
2024-08-15 18:00:00+00:00,72.19,72.26,72.08,72.09,59870.0
2024-08-15 19:00:00+00:00,72.07,72.265,71.7,71.725,118289.0
2024-08-16 14:00:00+00:00,72.37,72.555,72.21,72.32,9578.0
2024-08-16 15:00:00+00:00,72.32,72.66,72.27,72.65,11306.0
2024-08-16 16:00:00+00:00,72.65,72.945,72.645,72.905,14866.0
2024-08-16 17:00:00+00:00,72.91,73.0,72.71,72.88,8230.0
2024-08-16 18:00:00+00:00,72.88,72.89,72.73,72.87,16736.0
2024-08-16 19:00:00+00:00,72.865,72.96,72.68,72.945,41752.0
2024-08-19 14:00:00+00:00,73.03,73.33,72.81,73.19,14774.0
2024-08-19 15:00:00+00:00,73.17,73.305,73.155,73.21,10499.0
2024-08-19 16:00:00+00:00,73.21,73.325,73.075,73.315,8516.0
2024-08-19 17:00:00+00:00,73.315,73.355,73.15,73.215,7327.0
2024-08-19 18:00:00+00:00,73.215,73.23,73.11,73.155,9445.0
2024-08-19 19:00:00+00:00,73.13,73.31,73.025,73.26,16966.0
2024-08-20 14:00:00+00:00,72.835,73.145,72.77,73.08,8406.0
2024-08-20 15:00:00+00:00,73.065,73.065,72.745,72.875,7666.0
2024-08-20 16:00:00+00:00,72.88,72.88,72.69,72.69,3873.0
2024-08-20 17:00:00+00:00,72.65,72.845,72.57,72.63,8099.0
2024-08-20 18:00:00+00:00,72.63,72.84,72.63,72.705,10863.0
2024-08-20 19:00:00+00:00,72.69,72.76,72.405,72.715,27797.0
2024-08-21 14:00:00+00:00,72.65,72.92,72.41,72.67,13515.0
2024-08-21 15:00:00+00:00,72.64,72.795,72.475,72.53,5761.0
2024-08-21 16:00:00+00:00,72.53,72.715,72.485,72.695,6049.0
2024-08-21 17:00:00+00:00,72.7,72.91,72.7,72.845,6281.0
2024-08-21 18:00:00+00:00,72.85,73.01,72.79,72.93,5504.0
2024-08-21 19:00:00+00:00,72.93,73.015,72.795,72.84,20250.0
2024-08-22 14:00:00+00:00,73.035,73.385,72.8,73.36,8437.0
2024-08-22 15:00:00+00:00,73.36,73.58,73.14,73.32,12894.0
2024-08-22 16:00:00+00:00,73.32,73.66,73.32,73.5,7104.0
2024-08-22 17:00:00+00:00,73.48,73.645,73.325,73.505,7584.0
2024-08-22 18:00:00+00:00,73.5,73.855,73.44,73.64,9279.0
2024-08-22 19:00:00+00:00,73.645,73.885,73.61,73.885,22354.0
2024-08-23 14:00:00+00:00,74.3,74.79,74.235,74.72,10207.0
2024-08-23 15:00:00+00:00,74.72,75.07,74.535,74.545,7212.0
2024-08-23 16:00:00+00:00,74.545,74.575,74.25,74.52,6031.0
2024-08-23 17:00:00+00:00,74.52,74.63,74.48,74.56,6395.0
2024-08-23 18:00:00+00:00,74.56,74.68,74.525,74.58,4852.0
2024-08-23 19:00:00+00:00,74.58,74.645,74.27,74.32,23740.0
2024-08-26 14:00:00+00:00,74.91,75.32,74.825,74.855,7694.0
2024-08-26 15:00:00+00:00,74.845,74.865,74.5,74.63,10569.0
2024-08-26 16:00:00+00:00,74.62,74.76,74.57,74.66,5189.0
2024-08-26 17:00:00+00:00,74.66,74.73,74.485,74.54,8658.0
2024-08-26 18:00:00+00:00,74.555,74.735,74.49,74.66,6704.0
2024-08-26 19:00:00+00:00,74.655,74.81,74.585,74.615,15824.0
2024-08-27 14:00:00+00:00,74.9,75.36,74.78,75.345,19254.0
2024-08-27 15:00:00+00:00,75.345,75.395,75.17,75.255,6073.0
2024-08-27 16:00:00+00:00,75.27,75.31,74.995,75.1,9084.0
2024-08-27 17:00:00+00:00,75.095,75.26,75.095,75.16,8232.0
2024-08-27 18:00:00+00:00,75.175,75.28,75.125,75.17,6266.0
2024-08-27 19:00:00+00:00,75.17,75.215,74.925,75.035,32295.0
2024-08-28 14:00:00+00:00,75.44,75.9,75.315,75.86,9038.0
2024-08-28 15:00:00+00:00,75.86,76.105,75.51,75.57,11396.0
2024-08-28 16:00:00+00:00,75.57,75.57,75.355,75.43,3003.0
2024-08-28 17:00:00+00:00,75.43,75.61,75.35,75.38,4338.0
2024-08-28 18:00:00+00:00,75.38,75.61,75.27,75.575,8857.0
2024-08-28 19:00:00+00:00,75.58,75.775,75.445,75.77,16265.0
2024-08-29 14:00:00+00:00,75.52,76.3,75.51,76.19,8734.0
2024-08-29 15:00:00+00:00,76.19,76.48,76.135,76.46,7774.0
2024-08-29 16:00:00+00:00,76.46,76.645,76.44,76.605,4784.0
2024-08-29 17:00:00+00:00,76.605,76.745,76.5,76.73,7844.0
2024-08-29 18:00:00+00:00,76.73,76.76,76.31,76.405,8005.0
2024-08-29 19:00:00+00:00,76.41,76.88,76.335,76.72,15789.0
2024-08-30 14:00:00+00:00,76.75,77.065,76.635,77.0,5682.0
2024-08-30 15:00:00+00:00,76.99,77.03,76.555,76.72,6067.0
2024-08-30 16:00:00+00:00,76.7,76.835,76.52,76.81,5972.0
2024-08-30 17:00:00+00:00,76.81,76.98,76.775,76.97,6107.0
2024-08-30 18:00:00+00:00,76.97,77.185,76.965,77.14,6087.0
2024-08-30 19:00:00+00:00,77.145,77.71,77.11,77.475,23835.0
2024-09-02 14:00:00+00:00,77.475,77.475,77.475,77.475,0.0
2024-09-02 15:00:00+00:00,77.475,77.475,77.475,77.475,0.0
2024-09-02 16:00:00+00:00,77.475,77.475,77.475,77.475,0.0
2024-09-02 17:00:00+00:00,77.475,77.475,77.475,77.475,0.0
2024-09-02 18:00:00+00:00,77.475,77.475,77.475,77.475,0.0
2024-09-02 19:00:00+00:00,77.475,77.475,77.475,77.475,0.0
2024-09-03 14:00:00+00:00,77.15,77.225,76.64,76.96,22107.0
2024-09-03 15:00:00+00:00,76.96,77.815,76.92,77.75,11338.0
2024-09-03 16:00:00+00:00,77.725,77.795,77.555,77.595,6778.0
2024-09-03 17:00:00+00:00,77.595,77.765,77.47,77.62,8373.0
2024-09-03 18:00:00+00:00,77.62,77.755,77.4,77.44,15692.0
2024-09-03 19:00:00+00:00,77.44,77.74,77.325,77.665,25730.0
2024-09-04 14:00:00+00:00,78.07,78.41,77.89,78.41,15323.0
2024-09-04 15:00:00+00:00,78.41,78.465,77.645,77.72,22373.0
2024-09-04 16:00:00+00:00,77.71,77.755,77.53,77.71,6471.0
2024-09-04 17:00:00+00:00,77.705,77.71,77.155,77.19,9435.0
2024-09-04 18:00:00+00:00,77.18,77.51,77.04,77.44,19658.0
2024-09-04 19:00:00+00:00,77.435,77.64,77.19,77.595,31108.0
2024-09-05 14:00:00+00:00,77.145,77.47,76.81,76.885,20227.0
2024-09-05 15:00:00+00:00,76.885,76.895,76.395,76.455,13220.0
2024-09-05 16:00:00+00:00,76.455,76.5,76.205,76.425,10842.0
2024-09-05 17:00:00+00:00,76.43,76.845,76.295,76.84,6937.0
2024-09-05 18:00:00+00:00,76.85,76.93,76.65,76.65,13892.0
2024-09-05 19:00:00+00:00,76.63,76.66,76.335,76.56,40690.0
2024-09-06 14:00:00+00:00,76.78,76.865,76.025,76.065,20863.0
2024-09-06 15:00:00+00:00,76.07,76.625,75.36,75.365,16623.0
2024-09-06 16:00:00+00:00,75.35,75.405,74.56,74.735,18722.0
2024-09-06 17:00:00+00:00,74.74,74.835,74.285,74.48,17258.0
2024-09-06 18:00:00+00:00,74.48,74.485,73.86,74.06,11896.0
2024-09-06 19:00:00+00:00,74.06,74.32,73.825,74.075,38308.0
2024-09-09 14:00:00+00:00,74.77,75.39,74.74,75.08,26638.0
2024-09-09 15:00:00+00:00,75.085,75.4,74.88,75.29,18182.0
2024-09-09 16:00:00+00:00,75.29,75.665,75.185,75.465,27224.0
2024-09-09 17:00:00+00:00,75.46,75.64,75.385,75.385,12148.0
2024-09-09 18:00:00+00:00,75.385,75.56,75.36,75.475,12537.0
2024-09-09 19:00:00+00:00,75.465,75.61,75.29,75.48,30802.0
2024-09-10 14:00:00+00:00,74.655,74.76,73.825,74.175,15374.0
2024-09-10 15:00:00+00:00,74.165,74.53,74.055,74.1,9449.0
2024-09-10 16:00:00+00:00,74.095,74.16,73.845,74.07,8464.0
2024-09-10 17:00:00+00:00,74.07,74.57,74.04,74.37,9419.0
2024-09-10 18:00:00+00:00,74.37,74.7,74.34,74.65,8362.0
2024-09-10 19:00:00+00:00,74.65,74.725,74.41,74.58,18466.0
2024-09-11 14:00:00+00:00,73.94,73.97,73.075,73.615,9387.0
2024-09-11 15:00:00+00:00,73.615,73.845,73.44,73.715,9493.0
2024-09-11 16:00:00+00:00,73.705,74.05,73.655,74.005,5334.0
2024-09-11 17:00:00+00:00,74.005,74.32,74.005,74.26,5140.0
2024-09-11 18:00:00+00:00,74.24,74.585,74.165,74.48,5173.0
2024-09-11 19:00:00+00:00,74.48,74.83,74.445,74.755,19661.0
2024-09-12 14:00:00+00:00,74.255,74.845,74.185,74.47,12487.0
2024-09-12 15:00:00+00:00,74.455,74.77,74.43,74.67,5056.0
2024-09-12 16:00:00+00:00,74.675,74.995,74.65,74.97,4812.0
2024-09-12 17:00:00+00:00,74.97,75.25,74.945,75.18,4464.0
2024-09-12 18:00:00+00:00,75.18,75.235,74.89,75.07,9108.0
2024-09-12 19:00:00+00:00,75.07,75.56,75.035,75.485,33485.0
2024-09-13 14:00:00+00:00,76.22,76.37,75.945,76.08,10972.0
2024-09-13 15:00:00+00:00,76.08,76.24,75.88,76.12,8596.0
2024-09-13 16:00:00+00:00,76.12,76.135,75.875,75.91,6012.0
2024-09-13 17:00:00+00:00,75.905,76.115,75.865,76.07,6590.0
2024-09-13 18:00:00+00:00,76.06,76.15,75.865,76.005,7476.0
2024-09-13 19:00:00+00:00,76.0,76.305,75.955,76.235,22235.0
2024-09-16 14:00:00+00:00,76.8,76.94,76.555,76.81,11419.0
2024-09-16 15:00:00+00:00,76.805,76.905,76.48,76.885,7783.0
2024-09-16 16:00:00+00:00,76.885,77.11,76.825,76.93,8538.0
2024-09-16 17:00:00+00:00,76.935,77.06,76.81,77.04,7341.0
2024-09-16 18:00:00+00:00,77.035,77.225,76.965,77.22,6292.0
2024-09-16 19:00:00+00:00,77.22,77.45,77.075,77.385,19731.0
2024-09-17 14:00:00+00:00,77.37,78.285,77.37,78.17,10041.0
2024-09-17 15:00:00+00:00,78.175,78.54,78.165,78.4,7256.0
2024-09-17 16:00:00+00:00,78.4,78.45,77.94,78.05,5306.0
2024-09-17 17:00:00+00:00,78.045,78.425,78.04,78.38,5746.0
2024-09-17 18:00:00+00:00,78.37,78.415,78.21,78.31,6772.0
2024-09-17 19:00:00+00:00,78.3,78.3,78.06,78.295,48640.0
2024-09-18 14:00:00+00:00,78.36,78.455,78.185,78.35,15261.0
2024-09-18 15:00:00+00:00,78.35,78.735,78.295,78.535,11730.0
2024-09-18 16:00:00+00:00,78.53,78.665,78.415,78.625,3803.0
2024-09-18 17:00:00+00:00,78.625,78.82,78.62,78.76,6778.0
2024-09-18 18:00:00+00:00,78.7,79.635,78.7,79.25,18994.0
2024-09-18 19:00:00+00:00,79.225,79.565,79.03,79.295,63092.0
2024-09-19 14:00:00+00:00,80.295,80.87,80.28,80.61,11847.0
2024-09-19 15:00:00+00:00,80.635,80.755,80.42,80.62,10327.0
2024-09-19 16:00:00+00:00,80.63,80.95,80.615,80.88,10336.0
2024-09-19 17:00:00+00:00,80.88,81.25,80.82,81.12,11617.0
2024-09-19 18:00:00+00:00,81.115,81.39,80.97,81.32,18991.0
2024-09-19 19:00:00+00:00,81.29,81.345,80.975,81.04,41227.0
2024-09-20 14:00:00+00:00,80.75,80.99,80.58,80.705,17721.0
2024-09-20 15:00:00+00:00,80.705,80.785,80.55,80.665,9013.0
2024-09-20 16:00:00+00:00,80.67,80.82,80.585,80.76,11813.0
2024-09-20 17:00:00+00:00,80.78,80.98,80.77,80.835,15398.0
2024-09-20 18:00:00+00:00,80.83,80.84,80.565,80.725,8903.0
2024-09-20 19:00:00+00:00,80.725,80.99,80.63,80.915,47964.0
2024-09-23 14:00:00+00:00,81.35,81.845,81.33,81.725,9169.0
2024-09-23 15:00:00+00:00,81.73,81.73,81.34,81.36,13751.0
2024-09-23 16:00:00+00:00,81.355,81.445,81.175,81.31,8355.0
2024-09-23 17:00:00+00:00,81.31,81.65,81.285,81.49,7487.0
2024-09-23 18:00:00+00:00,81.49,81.515,81.385,81.46,13406.0
2024-09-23 19:00:00+00:00,81.455,81.63,81.38,81.46,34114.0
2024-09-24 14:00:00+00:00,81.345,81.695,81.06,81.105,24030.0
2024-09-24 15:00:00+00:00,81.105,81.135,80.765,80.91,22261.0
2024-09-24 16:00:00+00:00,80.915,80.92,80.605,80.805,11229.0
2024-09-24 17:00:00+00:00,80.8,81.045,80.7,80.81,15307.0
2024-09-24 18:00:00+00:00,80.815,80.87,80.685,80.685,20853.0
2024-09-24 19:00:00+00:00,80.685,80.795,79.96,80.45,112487.0
2024-09-25 14:00:00+00:00,80.66,80.96,80.625,80.86,8901.0
2024-09-25 15:00:00+00:00,80.89,81.175,80.845,81.16,8571.0
2024-09-25 16:00:00+00:00,81.155,81.325,80.99,81.0,6735.0
2024-09-25 17:00:00+00:00,81.02,81.155,80.9,81.06,5192.0
2024-09-25 18:00:00+00:00,81.055,81.15,80.98,81.08,7808.0
2024-09-25 19:00:00+00:00,81.06,81.12,80.835,80.875,12078.0
2024-09-26 14:00:00+00:00,81.69,81.93,81.44,81.74,19434.0
2024-09-26 15:00:00+00:00,81.74,81.965,81.65,81.805,7746.0
2024-09-26 16:00:00+00:00,81.805,81.84,81.675,81.74,2754.0
2024-09-26 17:00:00+00:00,81.745,81.95,81.695,81.895,5984.0
2024-09-26 18:00:00+00:00,81.88,81.885,81.68,81.735,10524.0
2024-09-26 19:00:00+00:00,81.74,81.8,81.395,81.585,19351.0
2024-09-27 14:00:00+00:00,81.8,82.645,81.775,82.605,9775.0
2024-09-27 15:00:00+00:00,82.605,82.965,82.57,82.8,14853.0
2024-09-27 16:00:00+00:00,82.8,82.99,82.69,82.89,11580.0
2024-09-27 17:00:00+00:00,82.89,82.935,82.675,82.775,8806.0
2024-09-27 18:00:00+00:00,82.77,82.77,82.5,82.75,6951.0
2024-09-27 19:00:00+00:00,82.74,82.795,82.465,82.525,35440.0
2024-09-30 14:00:00+00:00,82.055,82.72,82.055,82.65,6962.0
2024-09-30 15:00:00+00:00,82.67,82.72,82.46,82.55,4763.0
2024-09-30 16:00:00+00:00,82.55,82.66,82.35,82.42,4074.0
2024-09-30 17:00:00+00:00,82.405,82.45,82.11,82.145,3913.0
2024-09-30 18:00:00+00:00,82.13,82.155,81.69,82.11,4521.0
2024-09-30 19:00:00+00:00,82.11,82.605,82.03,82.575,13875.0
2024-10-01 14:00:00+00:00,81.71,81.8,80.87,80.99,16363.0
2024-10-01 15:00:00+00:00,80.99,81.89,80.705,81.78,4283.0
2024-10-01 16:00:00+00:00,81.78,81.955,81.645,81.87,2134.0
2024-10-01 17:00:00+00:00,81.86,81.93,81.54,81.915,3148.0
2024-10-01 18:00:00+00:00,81.9,82.205,81.89,82.09,6248.0
2024-10-01 19:00:00+00:00,82.08,82.105,81.73,81.805,19278.0
2024-10-02 14:00:00+00:00,82.5,82.57,82.12,82.21,8007.0
2024-10-02 15:00:00+00:00,82.205,82.35,82.025,82.275,8699.0
2024-10-02 16:00:00+00:00,82.225,82.235,81.92,81.92,3909.0
2024-10-02 17:00:00+00:00,81.905,82.02,81.865,81.99,3364.0
2024-10-02 18:00:00+00:00,81.99,82.075,81.83,81.875,3878.0
2024-10-02 19:00:00+00:00,81.875,81.96,81.67,81.87,17867.0
2024-10-03 14:00:00+00:00,80.74,81.39,80.74,80.87,6715.0
2024-10-03 15:00:00+00:00,80.865,81.18,80.805,81.095,6498.0
2024-10-03 16:00:00+00:00,81.09,81.355,80.965,81.03,6191.0
2024-10-03 17:00:00+00:00,81.035,81.15,80.88,81.12,5586.0
2024-10-03 18:00:00+00:00,81.115,81.25,81.06,81.105,3581.0
2024-10-03 19:00:00+00:00,81.095,81.355,81.05,81.265,25057.0
2024-10-04 14:00:00+00:00,83.51,83.68,83.19,83.525,22065.0
2024-10-04 15:00:00+00:00,83.555,83.97,83.545,83.91,20702.0
2024-10-04 16:00:00+00:00,83.94,84.23,83.845,84.04,9499.0
2024-10-04 17:00:00+00:00,84.025,84.26,83.8,83.805,11154.0
2024-10-04 18:00:00+00:00,83.805,83.9,83.68,83.83,15467.0
2024-10-04 19:00:00+00:00,83.805,84.19,83.73,84.03,56560.0
2024-10-07 14:00:00+00:00,83.47,83.73,83.24,83.3,10188.0
2024-10-07 15:00:00+00:00,83.28,83.985,83.26,83.76,10440.0
2024-10-07 16:00:00+00:00,83.76,83.82,83.52,83.57,15431.0
2024-10-07 17:00:00+00:00,83.57,83.58,83.105,83.125,13242.0
2024-10-07 18:00:00+00:00,83.125,83.25,82.75,82.85,23703.0
2024-10-07 19:00:00+00:00,82.86,83.27,82.85,83.005,33082.0
2024-10-08 14:00:00+00:00,83.1,83.275,82.75,83.21,19309.0
2024-10-08 15:00:00+00:00,83.22,83.36,83.065,83.31,28760.0
2024-10-08 16:00:00+00:00,83.31,83.44,83.28,83.355,26528.0
2024-10-08 17:00:00+00:00,83.355,83.36,83.14,83.24,21586.0
2024-10-08 18:00:00+00:00,83.245,83.38,83.185,83.335,22961.0
2024-10-08 19:00:00+00:00,83.33,83.635,83.24,83.295,73651.0
2024-10-09 14:00:00+00:00,84.095,84.32,83.8,84.26,26666.0
2024-10-09 15:00:00+00:00,84.26,84.985,84.26,84.92,37658.0
2024-10-09 16:00:00+00:00,84.91,85.065,84.67,84.75,18294.0
2024-10-09 17:00:00+00:00,84.755,84.9,84.51,84.54,25667.0
2024-10-09 18:00:00+00:00,84.54,84.63,84.27,84.42,37146.0
2024-10-09 19:00:00+00:00,84.42,84.855,84.365,84.54,80359.0
2024-10-10 14:00:00+00:00,84.63,84.92,84.35,84.555,26735.0
2024-10-10 15:00:00+00:00,84.56,84.57,84.015,84.11,24564.0
2024-10-10 16:00:00+00:00,84.095,84.34,84.04,84.045,10517.0
2024-10-10 17:00:00+00:00,84.055,84.19,83.88,84.085,12280.0
2024-10-10 18:00:00+00:00,84.09,84.15,83.84,83.955,20749.0
2024-10-10 19:00:00+00:00,83.945,84.21,83.88,84.035,52897.0
2024-10-11 14:00:00+00:00,85.42,85.69,85.31,85.6,17052.0
2024-10-11 15:00:00+00:00,85.61,85.955,85.57,85.62,18409.0
2024-10-11 16:00:00+00:00,85.655,85.79,85.26,85.3,14178.0
2024-10-11 17:00:00+00:00,85.31,85.72,85.25,85.66,12087.0
2024-10-11 18:00:00+00:00,85.66,85.695,85.39,85.475,12916.0
2024-10-11 19:00:00+00:00,85.475,85.66,85.455,85.54,55819.0
2024-10-14 14:00:00+00:00,85.59,85.795,85.56,85.73,7189.0
2024-10-14 15:00:00+00:00,85.7,85.805,85.555,85.78,4413.0
2024-10-14 16:00:00+00:00,85.77,85.89,85.72,85.88,4189.0
2024-10-14 17:00:00+00:00,85.875,85.875,85.595,85.78,3293.0
2024-10-14 18:00:00+00:00,85.775,85.87,85.71,85.78,6123.0
2024-10-14 19:00:00+00:00,85.785,85.965,85.69,85.905,21219.0
2024-10-15 14:00:00+00:00,86.34,86.805,86.275,86.545,8914.0
2024-10-15 15:00:00+00:00,86.55,86.75,86.405,86.555,6123.0
2024-10-15 16:00:00+00:00,86.57,86.945,86.495,86.75,7887.0
2024-10-15 17:00:00+00:00,86.75,86.79,86.34,86.355,6020.0
2024-10-15 18:00:00+00:00,86.33,86.4,86.005,86.16,9168.0
2024-10-15 19:00:00+00:00,86.16,86.19,85.53,85.595,18618.0
2024-10-16 14:00:00+00:00,86.21,86.335,85.75,85.83,10074.0
2024-10-16 15:00:00+00:00,85.84,85.845,85.14,85.36,16573.0
2024-10-16 16:00:00+00:00,85.36,85.555,85.16,85.22,13409.0
2024-10-16 17:00:00+00:00,85.22,85.27,84.905,85.03,17097.0
2024-10-16 18:00:00+00:00,85.03,85.15,84.98,85.07,11692.0
2024-10-16 19:00:00+00:00,85.07,85.315,84.97,85.185,32363.0
2024-10-17 14:00:00+00:00,85.91,86.01,85.47,85.7,9849.0
2024-10-17 15:00:00+00:00,85.7,85.83,85.48,85.6,11577.0
2024-10-17 16:00:00+00:00,85.585,85.8,85.57,85.77,3546.0
2024-10-17 17:00:00+00:00,85.77,85.79,85.5,85.505,5335.0
2024-10-17 18:00:00+00:00,85.48,85.525,85.29,85.435,8843.0
2024-10-17 19:00:00+00:00,85.435,85.755,85.405,85.695,27336.0
2024-10-18 14:00:00+00:00,85.205,85.28,85.02,85.095,7436.0
2024-10-18 15:00:00+00:00,85.06,85.35,84.93,85.3,9061.0
2024-10-18 16:00:00+00:00,85.3,85.64,85.295,85.52,8362.0
2024-10-18 17:00:00+00:00,85.52,85.62,85.425,85.43,8495.0
2024-10-18 18:00:00+00:00,85.43,85.53,85.33,85.35,10151.0
2024-10-18 19:00:00+00:00,85.345,85.4,85.155,85.315,34130.0
2024-10-21 14:00:00+00:00,85.075,85.17,84.74,84.94,7292.0
2024-10-21 15:00:00+00:00,84.94,85.0,84.645,84.79,13728.0
2024-10-21 16:00:00+00:00,84.79,85.05,84.66,84.995,15760.0
2024-10-21 17:00:00+00:00,84.99,85.145,84.98,85.025,14312.0
2024-10-21 18:00:00+00:00,85.03,85.03,84.84,84.9,16099.0
2024-10-21 19:00:00+00:00,84.9,85.04,84.72,84.8,19939.0
2024-10-22 14:00:00+00:00,84.58,84.62,83.99,84.43,22890.0
2024-10-22 15:00:00+00:00,84.42,84.99,84.34,84.85,9708.0
2024-10-22 16:00:00+00:00,84.86,85.045,84.805,84.93,4750.0
2024-10-22 17:00:00+00:00,84.93,85.0,84.7,84.735,5178.0
2024-10-22 18:00:00+00:00,84.735,84.855,84.59,84.6,12804.0
2024-10-22 19:00:00+00:00,84.605,84.87,84.54,84.795,24606.0
2024-10-23 14:00:00+00:00,84.22,84.6,84.09,84.22,15788.0
2024-10-23 15:00:00+00:00,84.22,84.375,84.045,84.315,11320.0
2024-10-23 16:00:00+00:00,84.33,84.37,84.2,84.305,6697.0
2024-10-23 17:00:00+00:00,84.3,84.375,83.955,84.07,6218.0
2024-10-23 18:00:00+00:00,84.055,84.21,83.69,84.2,5637.0
2024-10-23 19:00:00+00:00,84.2,84.26,84.085,84.12,18657.0
2024-10-24 14:00:00+00:00,84.21,84.45,83.82,84.29,10409.0
2024-10-24 15:00:00+00:00,84.28,84.33,83.995,84.08,6466.0
2024-10-24 16:00:00+00:00,84.08,84.21,83.845,84.16,4941.0
2024-10-24 17:00:00+00:00,84.17,84.44,84.155,84.195,14134.0
2024-10-24 18:00:00+00:00,84.185,84.345,84.14,84.24,7828.0
2024-10-24 19:00:00+00:00,84.25,84.48,84.205,84.38,24065.0
2024-10-25 14:00:00+00:00,83.3,83.66,82.905,82.915,20101.0
2024-10-25 15:00:00+00:00,82.925,83.0,82.43,82.61,31945.0
2024-10-25 16:00:00+00:00,82.6,82.76,82.37,82.62,15312.0
2024-10-25 17:00:00+00:00,82.615,82.615,82.125,82.21,8195.0
2024-10-25 18:00:00+00:00,82.2,82.42,82.025,82.4,13497.0
2024-10-25 19:00:00+00:00,82.4,82.49,82.16,82.38,40155.0
2024-10-28 14:00:00+00:00,83.29,83.375,83.03,83.32,6944.0
2024-10-28 15:00:00+00:00,83.25,83.62,83.22,83.275,11710.0
2024-10-28 16:00:00+00:00,83.28,83.445,83.21,83.235,12591.0
2024-10-28 17:00:00+00:00,83.25,83.36,83.16,83.255,12689.0
2024-10-28 18:00:00+00:00,83.245,83.29,82.985,83.03,17643.0
2024-10-28 19:00:00+00:00,83.01,83.355,82.97,83.09,24361.0
2024-10-29 14:00:00+00:00,83.37,83.655,83.145,83.265,7448.0
2024-10-29 15:00:00+00:00,83.265,83.33,83.02,83.08,13406.0
2024-10-29 16:00:00+00:00,83.085,83.32,83.08,83.32,10520.0
2024-10-29 17:00:00+00:00,83.31,83.4,83.05,83.17,8615.0
2024-10-29 18:00:00+00:00,83.17,83.25,83.09,83.245,16284.0
2024-10-29 19:00:00+00:00,83.24,83.25,82.865,82.875,39214.0
2024-10-30 14:00:00+00:00,83.61,83.95,83.38,83.425,17309.0
2024-10-30 15:00:00+00:00,83.44,83.48,83.25,83.28,15073.0
2024-10-30 16:00:00+00:00,83.28,83.37,83.075,83.08,16028.0
2024-10-30 17:00:00+00:00,83.06,83.23,82.95,82.99,13286.0
2024-10-30 18:00:00+00:00,82.99,83.16,82.94,83.07,15082.0
2024-10-30 19:00:00+00:00,83.06,83.29,82.96,83.2,31659.0
2024-10-31 14:00:00+00:00,78.0,78.06,76.81,77.995,91594.0
2024-10-31 15:00:00+00:00,77.99,78.6,77.7,78.535,59856.0
2024-10-31 16:00:00+00:00,78.54,79.17,78.28,78.85,35816.0
2024-10-31 17:00:00+00:00,78.85,79.115,78.25,78.51,29649.0
2024-10-31 18:00:00+00:00,78.51,78.85,78.4,78.85,42617.0
2024-10-31 19:00:00+00:00,78.85,78.855,78.36,78.43,75394.0
2024-11-01 14:00:00+00:00,79.115,79.695,78.92,79.45,16163.0
2024-11-01 15:00:00+00:00,79.435,79.725,79.2,79.245,15346.0
2024-11-01 16:00:00+00:00,79.245,79.265,78.88,78.9,12392.0
2024-11-01 17:00:00+00:00,78.905,78.985,78.43,78.56,15288.0
2024-11-01 18:00:00+00:00,78.545,78.78,78.51,78.765,15249.0
2024-11-01 19:00:00+00:00,78.76,78.91,78.405,78.425,28431.0
2024-11-04 15:00:00+00:00,78.45,78.8,78.43,78.66,8029.0
2024-11-04 16:00:00+00:00,78.65,78.655,78.04,78.1,11909.0
2024-11-04 17:00:00+00:00,78.1,78.665,78.06,78.59,6010.0
2024-11-04 18:00:00+00:00,78.59,78.595,78.355,78.53,7652.0
2024-11-04 19:00:00+00:00,78.53,78.715,78.525,78.625,7608.0
2024-11-04 20:00:00+00:00,78.63,78.845,78.49,78.565,24250.0
2024-11-05 15:00:00+00:00,78.36,78.875,78.235,78.42,8390.0
2024-11-05 16:00:00+00:00,78.41,78.41,77.78,77.785,13748.0
2024-11-05 17:00:00+00:00,77.785,78.055,77.75,78.01,7733.0
2024-11-05 18:00:00+00:00,78.025,78.125,77.655,77.8,7973.0
2024-11-05 19:00:00+00:00,77.785,77.84,77.45,77.49,10457.0
2024-11-05 20:00:00+00:00,77.485,78.17,77.445,78.14,47115.0
2024-11-06 15:00:00+00:00,82.47,83.185,82.43,82.875,23281.0
2024-11-06 16:00:00+00:00,82.865,83.715,82.75,83.675,28157.0
2024-11-06 17:00:00+00:00,83.675,83.89,83.265,83.71,20829.0
2024-11-06 18:00:00+00:00,83.715,83.895,83.215,83.255,30801.0
2024-11-06 19:00:00+00:00,83.235,83.6,83.11,83.22,22989.0
2024-11-06 20:00:00+00:00,83.215,83.6,83.04,83.26,124600.0
2024-11-07 15:00:00+00:00,82.63,83.26,82.525,82.595,25365.0
2024-11-07 16:00:00+00:00,82.64,82.715,82.05,82.14,8928.0
2024-11-07 17:00:00+00:00,82.13,82.445,82.13,82.35,11377.0
2024-11-07 18:00:00+00:00,82.345,82.42,81.68,81.68,28093.0
2024-11-07 19:00:00+00:00,81.685,81.815,81.17,81.53,18048.0
2024-11-07 20:00:00+00:00,81.53,81.66,80.96,81.0,55269.0
2024-11-08 15:00:00+00:00,80.62,81.015,80.35,80.955,22216.0
2024-11-08 16:00:00+00:00,80.95,81.27,80.815,80.825,36546.0
2024-11-08 17:00:00+00:00,80.83,80.925,80.695,80.84,10283.0
2024-11-08 18:00:00+00:00,80.84,80.94,80.54,80.91,14097.0
2024-11-08 19:00:00+00:00,80.915,81.095,80.84,80.9,10797.0
2024-11-08 20:00:00+00:00,80.91,81.115,80.82,80.985,28433.0
2024-11-11 15:00:00+00:00,82.96,83.1,82.54,82.72,15917.0
2024-11-11 16:00:00+00:00,82.735,82.96,82.51,82.81,10988.0
2024-11-11 17:00:00+00:00,82.81,82.85,82.52,82.55,13305.0
2024-11-11 18:00:00+00:00,82.545,82.58,82.18,82.395,17296.0
2024-11-11 19:00:00+00:00,82.405,82.585,82.3,82.35,14291.0
2024-11-11 20:00:00+00:00,82.325,82.35,81.665,81.77,50654.0
2024-11-12 15:00:00+00:00,82.03,82.4,81.75,81.935,9864.0
2024-11-12 16:00:00+00:00,81.845,82.03,81.71,81.875,10002.0
2024-11-12 17:00:00+00:00,81.875,82.2,81.825,81.905,5164.0
2024-11-12 18:00:00+00:00,81.905,82.475,81.88,82.41,12355.0
2024-11-12 19:00:00+00:00,82.41,82.56,82.4,82.47,10598.0
2024-11-12 20:00:00+00:00,82.47,82.49,82.21,82.235,19400.0
2024-11-13 15:00:00+00:00,82.455,82.675,82.0,82.575,11645.0
2024-11-13 16:00:00+00:00,82.58,82.86,82.515,82.53,6611.0
2024-11-13 17:00:00+00:00,82.525,82.6,82.205,82.24,7239.0
2024-11-13 18:00:00+00:00,82.24,82.29,82.035,82.205,3012.0
2024-11-13 19:00:00+00:00,82.205,82.36,81.94,81.945,7380.0
2024-11-13 20:00:00+00:00,81.96,82.4,81.945,82.035,23736.0
2024-11-14 15:00:00+00:00,83.285,83.42,82.88,83.1,12560.0
2024-11-14 16:00:00+00:00,83.09,83.19,82.595,82.635,13312.0
2024-11-14 17:00:00+00:00,82.635,82.69,82.29,82.51,8908.0
2024-11-14 18:00:00+00:00,82.515,82.58,82.29,82.46,7540.0
2024-11-14 19:00:00+00:00,82.445,82.97,82.445,82.895,8691.0
2024-11-14 20:00:00+00:00,82.89,82.895,82.465,82.61,10922.0
2024-11-15 15:00:00+00:00,82.99,83.03,82.535,82.69,25074.0
2024-11-15 16:00:00+00:00,82.69,83.12,82.595,83.085,35583.0
2024-11-15 17:00:00+00:00,83.08,83.11,82.84,83.085,19856.0
2024-11-15 18:00:00+00:00,83.1,83.25,82.86,82.95,19048.0
2024-11-15 19:00:00+00:00,82.95,83.325,82.84,83.21,8959.0
2024-11-15 20:00:00+00:00,83.21,83.785,83.18,83.33,22236.0
2024-11-18 15:00:00+00:00,83.675,83.675,83.06,83.26,11535.0
2024-11-18 16:00:00+00:00,83.265,83.465,83.095,83.29,8256.0
2024-11-18 17:00:00+00:00,83.265,83.52,83.14,83.48,8732.0
2024-11-18 18:00:00+00:00,83.48,83.49,83.095,83.235,7608.0
2024-11-18 19:00:00+00:00,83.235,83.34,83.13,83.32,8897.0
2024-11-18 20:00:00+00:00,83.325,83.38,83.245,83.32,14695.0
2024-11-19 15:00:00+00:00,81.705,82.65,81.66,82.62,15206.0
2024-11-19 16:00:00+00:00,82.61,82.93,82.29,82.9,27442.0
2024-11-19 17:00:00+00:00,82.9,82.93,82.66,82.88,9550.0
2024-11-19 18:00:00+00:00,82.875,83.01,82.735,82.98,10360.0
2024-11-19 19:00:00+00:00,82.98,82.98,82.635,82.69,8020.0
2024-11-19 20:00:00+00:00,82.69,82.805,82.55,82.65,19726.0
2024-11-20 15:00:00+00:00,82.81,82.86,82.36,82.8,10887.0
2024-11-20 16:00:00+00:00,82.79,82.8,82.43,82.71,19814.0
2024-11-20 17:00:00+00:00,82.71,82.745,82.5,82.55,21134.0
2024-11-20 18:00:00+00:00,82.54,82.61,82.34,82.37,22879.0
2024-11-20 19:00:00+00:00,82.37,82.505,82.225,82.45,7435.0
2024-11-20 20:00:00+00:00,82.445,82.85,82.41,82.58,53928.0
2024-11-21 15:00:00+00:00,84.01,84.73,83.95,84.61,21190.0
2024-11-21 16:00:00+00:00,84.63,84.87,84.42,84.865,19686.0
2024-11-21 17:00:00+00:00,84.84,85.085,84.64,85.075,15547.0
2024-11-21 18:00:00+00:00,85.075,85.28,85.06,85.09,15565.0
2024-11-21 19:00:00+00:00,85.09,85.215,85.03,85.19,14791.0
2024-11-21 20:00:00+00:00,85.175,85.43,85.125,85.305,60964.0
2024-11-22 15:00:00+00:00,85.89,86.395,85.76,86.38,14960.0
2024-11-22 16:00:00+00:00,86.39,86.645,86.3,86.45,21888.0
2024-11-22 17:00:00+00:00,86.47,86.75,86.38,86.665,19049.0
2024-11-22 18:00:00+00:00,86.67,86.78,86.57,86.655,20443.0
2024-11-22 19:00:00+00:00,86.655,86.665,86.43,86.58,9808.0
2024-11-22 20:00:00+00:00,86.565,86.725,86.36,86.675,44294.0
2024-11-25 15:00:00+00:00,87.385,87.63,86.95,87.02,10684.0
2024-11-25 16:00:00+00:00,87.025,87.065,86.625,86.8,12178.0
2024-11-25 17:00:00+00:00,86.78,87.14,86.74,87.02,13840.0
2024-11-25 18:00:00+00:00,87.025,87.255,86.94,87.255,11036.0
2024-11-25 19:00:00+00:00,87.235,87.31,87.02,87.105,8828.0
2024-11-25 20:00:00+00:00,87.09,87.545,87.08,87.385,48287.0
2024-11-26 15:00:00+00:00,86.685,86.945,86.36,86.695,10477.0
2024-11-26 16:00:00+00:00,86.71,86.95,86.67,86.785,9863.0
2024-11-26 17:00:00+00:00,86.785,87.275,86.69,87.22,8126.0
2024-11-26 18:00:00+00:00,87.24,87.25,87.11,87.185,7696.0
2024-11-26 19:00:00+00:00,87.17,87.525,87.17,87.47,9625.0
2024-11-26 20:00:00+00:00,87.465,87.805,87.375,87.765,32338.0
2024-11-27 15:00:00+00:00,88.97,88.97,88.48,88.735,27487.0
2024-11-27 16:00:00+00:00,88.72,88.91,88.455,88.52,18322.0
2024-11-27 17:00:00+00:00,88.505,88.56,88.09,88.235,25884.0
2024-11-27 18:00:00+00:00,88.235,88.25,87.94,88.1,5431.0
2024-11-27 19:00:00+00:00,88.105,88.27,88.05,88.05,10423.0
2024-11-27 20:00:00+00:00,88.06,88.21,87.9,88.2,15215.0
2024-11-28 15:00:00+00:00,88.2,88.2,88.2,88.2,0.0
2024-11-28 16:00:00+00:00,88.2,88.2,88.2,88.2,0.0
2024-11-28 17:00:00+00:00,88.2,88.2,88.2,88.2,0.0
2024-11-28 18:00:00+00:00,88.2,88.2,88.2,88.2,0.0
2024-11-28 19:00:00+00:00,88.2,88.2,88.2,88.2,0.0
2024-11-28 20:00:00+00:00,88.2,88.2,88.2,88.2,0.0
2024-11-29 15:00:00+00:00,88.11,88.23,87.99,88.195,19253.0
2024-11-29 16:00:00+00:00,88.23,88.3,88.01,88.21,12018.0
2024-11-29 17:00:00+00:00,88.22,88.54,88.14,88.205,18662.0
2024-11-29 18:00:00+00:00,88.205,88.205,88.205,88.205,0.0
2024-11-29 19:00:00+00:00,88.205,88.205,88.205,88.205,0.0
2024-11-29 20:00:00+00:00,88.205,88.205,88.205,88.205,0.0
2024-12-02 15:00:00+00:00,87.47,87.51,86.88,87.035,24133.0
2024-12-02 16:00:00+00:00,86.98,87.335,86.79,86.93,15360.0
2024-12-02 17:00:00+00:00,86.935,87.25,86.85,87.23,25661.0
2024-12-02 18:00:00+00:00,87.21,87.33,87.11,87.3,10657.0
2024-12-02 19:00:00+00:00,87.295,87.295,87.0,87.175,9801.0
2024-12-02 20:00:00+00:00,87.16,87.2,86.745,86.95,30807.0
2024-12-03 15:00:00+00:00,86.11,86.12,85.445,85.87,23443.0
2024-12-03 16:00:00+00:00,85.84,85.97,85.37,85.655,16031.0
2024-12-03 17:00:00+00:00,85.69,86.08,85.655,85.995,9660.0
2024-12-03 18:00:00+00:00,85.995,86.01,85.55,85.67,16077.0
2024-12-03 19:00:00+00:00,85.63,85.955,85.49,85.875,22519.0
2024-12-03 20:00:00+00:00,85.875,86.01,85.58,85.61,35921.0
2024-12-04 15:00:00+00:00,85.44,85.51,84.68,84.88,20361.0
2024-12-04 16:00:00+00:00,84.84,85.295,84.815,85.17,13774.0
2024-12-04 17:00:00+00:00,85.17,85.17,84.85,84.9,8387.0
2024-12-04 18:00:00+00:00,84.9,85.015,84.715,84.805,6518.0
2024-12-04 19:00:00+00:00,84.76,85.28,84.755,85.28,10702.0
2024-12-04 20:00:00+00:00,85.28,85.54,85.235,85.365,22826.0
2024-12-05 15:00:00+00:00,85.92,86.345,85.74,86.17,10026.0
2024-12-05 16:00:00+00:00,86.155,86.3,86.065,86.23,9675.0
2024-12-05 17:00:00+00:00,86.245,86.305,86.05,86.265,15600.0
2024-12-05 18:00:00+00:00,86.265,86.305,86.095,86.275,7065.0
2024-12-05 19:00:00+00:00,86.275,86.295,86.06,86.135,10506.0
2024-12-05 20:00:00+00:00,86.135,86.345,85.965,85.98,44085.0
2024-12-06 15:00:00+00:00,85.795,85.81,85.475,85.755,14016.0
2024-12-06 16:00:00+00:00,85.755,85.765,85.36,85.645,13572.0
2024-12-06 17:00:00+00:00,85.64,85.74,85.385,85.42,10898.0
2024-12-06 18:00:00+00:00,85.425,85.7,85.4,85.575,10979.0
2024-12-06 19:00:00+00:00,85.57,85.62,85.345,85.35,7447.0
2024-12-06 20:00:00+00:00,85.35,85.37,85.025,85.19,20090.0
2024-12-09 15:00:00+00:00,84.615,84.615,82.935,83.0,41698.0
2024-12-09 16:00:00+00:00,83.01,83.14,82.46,82.9,35112.0
2024-12-09 17:00:00+00:00,82.895,82.945,82.405,82.405,14986.0
2024-12-09 18:00:00+00:00,82.405,82.645,82.13,82.14,16809.0
2024-12-09 19:00:00+00:00,82.14,82.44,81.88,82.305,44367.0
2024-12-09 20:00:00+00:00,82.32,82.47,82.105,82.125,32050.0
2024-12-10 15:00:00+00:00,81.64,81.83,80.87,81.68,33037.0
2024-12-10 16:00:00+00:00,81.68,82.17,81.65,81.97,14140.0
2024-12-10 17:00:00+00:00,81.97,82.17,81.57,81.605,32454.0
2024-12-10 18:00:00+00:00,81.605,81.83,81.51,81.66,5517.0
2024-12-10 19:00:00+00:00,81.655,82.02,81.58,81.965,9446.0
2024-12-10 20:00:00+00:00,81.965,82.125,81.595,81.655,35014.0
2024-12-11 15:00:00+00:00,81.16,81.29,80.765,80.88,23887.0
2024-12-11 16:00:00+00:00,80.86,80.87,80.51,80.62,27145.0
2024-12-11 17:00:00+00:00,80.59,80.66,79.975,80.66,27714.0
2024-12-11 18:00:00+00:00,80.665,80.89,80.525,80.55,14546.0
2024-12-11 19:00:00+00:00,80.545,80.59,80.33,80.55,25449.0
2024-12-11 20:00:00+00:00,80.55,80.725,80.355,80.44,65640.0
2024-12-12 15:00:00+00:00,83.515,84.65,83.415,84.56,54925.0
2024-12-12 16:00:00+00:00,84.565,84.58,83.99,84.18,29745.0
2024-12-12 17:00:00+00:00,84.14,84.245,83.795,84.025,28720.0
2024-12-12 18:00:00+00:00,84.04,84.05,83.35,83.49,25017.0
2024-12-12 19:00:00+00:00,83.495,83.57,83.25,83.39,21232.0
2024-12-12 20:00:00+00:00,83.42,83.915,83.38,83.38,60597.0
2024-12-13 15:00:00+00:00,82.56,83.05,82.41,83.05,30210.0
2024-12-13 16:00:00+00:00,83.05,83.35,82.93,83.19,27950.0
2024-12-13 17:00:00+00:00,83.17,83.17,82.74,82.95,18800.0
2024-12-13 18:00:00+00:00,82.95,83.025,82.785,82.84,14971.0
2024-12-13 19:00:00+00:00,82.835,83.08,82.835,82.965,18427.0
2024-12-13 20:00:00+00:00,82.965,83.26,82.845,82.98,54506.0
2024-12-16 15:00:00+00:00,82.88,82.96,82.21,82.32,15776.0
2024-12-16 16:00:00+00:00,82.36,82.36,81.92,82.235,31280.0
2024-12-16 17:00:00+00:00,82.235,82.445,82.12,82.44,16794.0
2024-12-16 18:00:00+00:00,82.435,82.675,82.42,82.58,13406.0
2024-12-16 19:00:00+00:00,82.58,82.72,82.45,82.695,13385.0
2024-12-16 20:00:00+00:00,82.675,82.75,82.47,82.715,34899.0
2024-12-17 15:00:00+00:00,82.08,82.22,81.7,81.86,14962.0
2024-12-17 16:00:00+00:00,81.86,82.115,81.6,81.8,12330.0
2024-12-17 17:00:00+00:00,81.78,81.9,81.61,81.69,27709.0
2024-12-17 18:00:00+00:00,81.68,81.755,81.415,81.465,11101.0
2024-12-17 19:00:00+00:00,81.465,81.465,81.005,81.035,12602.0
2024-12-17 20:00:00+00:00,81.04,81.325,80.91,81.155,32325.0
2024-12-18 15:00:00+00:00,81.235,81.58,80.95,81.56,18136.0
2024-12-18 16:00:00+00:00,81.61,81.805,81.47,81.7,11405.0
2024-12-18 17:00:00+00:00,81.63,81.63,81.24,81.265,9709.0
2024-12-18 18:00:00+00:00,81.25,81.485,81.09,81.43,7016.0
2024-12-18 19:00:00+00:00,81.26,81.39,80.06,80.1,17551.0
2024-12-18 20:00:00+00:00,80.13,80.45,78.73,78.765,30080.0
2024-12-19 15:00:00+00:00,79.88,79.88,79.04,79.78,42754.0
2024-12-19 16:00:00+00:00,79.78,80.27,79.54,80.19,18386.0
2024-12-19 17:00:00+00:00,80.19,80.41,80.075,80.19,21555.0
2024-12-19 18:00:00+00:00,80.19,80.6,79.91,80.59,8278.0
2024-12-19 19:00:00+00:00,80.565,80.615,80.21,80.21,9179.0
2024-12-19 20:00:00+00:00,80.23,80.525,80.06,80.105,17583.0
2024-12-20 15:00:00+00:00,80.88,81.52,80.45,81.38,18942.0
2024-12-20 16:00:00+00:00,81.365,82.3,81.365,82.17,16010.0
2024-12-20 17:00:00+00:00,82.155,82.31,82.02,82.12,14056.0
2024-12-20 18:00:00+00:00,82.12,82.12,81.63,81.67,11497.0
2024-12-20 19:00:00+00:00,81.695,82.0,81.615,81.67,17660.0
2024-12-20 20:00:00+00:00,81.68,82.135,81.27,81.36,46611.0
2024-12-23 15:00:00+00:00,81.305,81.305,80.94,81.27,1497.0
2024-12-23 16:00:00+00:00,81.27,81.27,81.27,81.27,0.0
2024-12-23 17:00:00+00:00,81.27,81.27,81.27,81.27,0.0
2024-12-23 18:00:00+00:00,81.27,81.27,81.27,81.27,0.0
2024-12-23 19:00:00+00:00,81.27,81.27,81.27,81.27,0.0
2024-12-23 20:00:00+00:00,81.27,81.27,81.27,81.27,0.0
2024-12-24 15:00:00+00:00,81.82,82.15,81.62,82.13,15844.0
2024-12-24 16:00:00+00:00,82.115,82.285,82.0,82.1,7386.0
2024-12-24 17:00:00+00:00,82.135,82.44,82.13,82.33,14089.0
2024-12-24 18:00:00+00:00,82.33,82.33,82.33,82.33,0.0
2024-12-24 19:00:00+00:00,82.33,82.33,82.33,82.33,0.0
2024-12-24 20:00:00+00:00,82.33,82.33,82.33,82.33,0.0
2024-12-25 15:00:00+00:00,82.33,82.33,82.33,82.33,0.0
2024-12-25 16:00:00+00:00,82.33,82.33,82.33,82.33,0.0
2024-12-25 17:00:00+00:00,82.33,82.33,82.33,82.33,0.0
2024-12-25 18:00:00+00:00,82.33,82.33,82.33,82.33,0.0
2024-12-25 19:00:00+00:00,82.33,82.33,82.33,82.33,0.0
2024-12-25 20:00:00+00:00,82.33,82.33,82.33,82.33,0.0
2024-12-26 15:00:00+00:00,82.25,82.49,82.17,82.42,12125.0
2024-12-26 16:00:00+00:00,82.42,82.8,82.41,82.735,9456.0
2024-12-26 17:00:00+00:00,82.735,82.78,82.56,82.625,5792.0
2024-12-26 18:00:00+00:00,82.61,82.76,82.5,82.615,5095.0
2024-12-26 19:00:00+00:00,82.615,82.7,82.51,82.655,4197.0
2024-12-26 20:00:00+00:00,82.64,82.87,82.59,82.75,17978.0
2024-12-27 15:00:00+00:00,83.09,83.09,82.41,82.56,12169.0
2024-12-27 16:00:00+00:00,82.56,82.65,82.22,82.24,12765.0
2024-12-27 17:00:00+00:00,82.24,82.3,82.04,82.2,7308.0
2024-12-27 18:00:00+00:00,82.21,82.32,82.11,82.24,8946.0
2024-12-27 19:00:00+00:00,82.26,82.59,82.165,82.52,8512.0
2024-12-27 20:00:00+00:00,82.53,82.54,81.98,82.24,14847.0
2024-12-30 15:00:00+00:00,81.0,81.46,80.865,81.43,6840.0
2024-12-30 16:00:00+00:00,81.4,81.94,81.34,81.845,6164.0
2024-12-30 17:00:00+00:00,81.845,82.08,81.78,81.97,4688.0
2024-12-30 18:00:00+00:00,81.97,82.085,81.84,81.96,4127.0
2024-12-30 19:00:00+00:00,81.96,82.03,81.805,81.98,9191.0
2024-12-30 20:00:00+00:00,81.97,82.06,81.585,81.625,21557.0
2024-12-31 15:00:00+00:00,82.15,82.26,81.81,82.02,6745.0
2024-12-31 16:00:00+00:00,82.015,82.125,81.82,81.865,4682.0
2024-12-31 17:00:00+00:00,81.86,82.06,81.625,82.06,4472.0
2024-12-31 18:00:00+00:00,82.06,82.1,81.77,81.92,5073.0
2024-12-31 19:00:00+00:00,81.92,82.0,81.715,81.9,6904.0
2024-12-31 20:00:00+00:00,81.9,82.07,81.72,81.89,14023.0
2025-01-01 15:00:00+00:00,81.89,81.89,81.89,81.89,0.0
2025-01-01 16:00:00+00:00,81.89,81.89,81.89,81.89,0.0
2025-01-01 17:00:00+00:00,81.89,81.89,81.89,81.89,0.0
2025-01-01 18:00:00+00:00,81.89,81.89,81.89,81.89,0.0
2025-01-01 19:00:00+00:00,81.89,81.89,81.89,81.89,0.0
2025-01-01 20:00:00+00:00,81.89,81.89,81.89,81.89,0.0
2025-01-02 15:00:00+00:00,82.74,82.76,82.15,82.28,7614.0
2025-01-02 16:00:00+00:00,82.28,82.37,81.885,82.165,6916.0
2025-01-02 17:00:00+00:00,82.17,82.26,81.64,82.0,6344.0
2025-01-02 18:00:00+00:00,81.87,81.91,81.4,81.62,5538.0
2025-01-02 19:00:00+00:00,81.635,81.9,81.585,81.73,8801.0
2025-01-02 20:00:00+00:00,81.735,82.08,81.72,81.785,13285.0
2025-01-03 15:00:00+00:00,81.53,82.42,81.52,82.165,15029.0
2025-01-03 16:00:00+00:00,82.22,82.385,82.09,82.15,9075.0
2025-01-03 17:00:00+00:00,82.16,82.315,82.15,82.22,8561.0
2025-01-03 18:00:00+00:00,82.22,82.385,82.185,82.3,10106.0
2025-01-03 19:00:00+00:00,82.275,82.675,82.27,82.6,10567.0
2025-01-03 20:00:00+00:00,82.59,82.68,82.2,82.22,29274.0
2025-01-06 15:00:00+00:00,83.14,83.44,82.8,83.13,19491.0
2025-01-06 16:00:00+00:00,83.11,83.98,82.95,83.955,11905.0
2025-01-06 17:00:00+00:00,83.94,84.01,83.535,83.69,14655.0
2025-01-06 18:00:00+00:00,83.69,83.69,83.095,83.12,14800.0
2025-01-06 19:00:00+00:00,83.08,83.09,82.53,82.54,12063.0
2025-01-06 20:00:00+00:00,82.535,82.535,81.87,81.92,24359.0
2025-01-07 15:00:00+00:00,82.37,83.01,81.73,82.96,14489.0
2025-01-07 16:00:00+00:00,83.015,83.19,82.65,82.705,11725.0
2025-01-07 17:00:00+00:00,82.71,82.81,82.55,82.66,10213.0
2025-01-07 18:00:00+00:00,82.715,82.9,82.66,82.695,8319.0
2025-01-07 19:00:00+00:00,82.695,82.695,82.115,82.18,12494.0
2025-01-07 20:00:00+00:00,82.18,82.18,81.715,82.17,22115.0
2025-01-08 15:00:00+00:00,81.16,81.635,80.9,81.6,23204.0
2025-01-08 16:00:00+00:00,81.6,82.35,81.6,82.25,33408.0
2025-01-08 17:00:00+00:00,82.32,82.46,82.0,82.25,46861.0
2025-01-08 18:00:00+00:00,82.27,82.5,82.16,82.3,24309.0
2025-01-08 19:00:00+00:00,82.28,82.74,82.205,82.5,31333.0
2025-01-08 20:00:00+00:00,82.52,83.01,82.425,82.87,72044.0
2025-01-09 15:00:00+00:00,82.87,82.87,82.87,82.87,0.0
2025-01-09 16:00:00+00:00,82.87,82.87,82.87,82.87,0.0
2025-01-09 17:00:00+00:00,82.87,82.87,82.87,82.87,0.0
2025-01-09 18:00:00+00:00,82.87,82.87,82.87,82.87,0.0
2025-01-09 19:00:00+00:00,82.87,82.87,82.87,82.87,0.0
2025-01-09 20:00:00+00:00,82.87,82.87,82.87,82.87,0.0
2025-01-10 15:00:00+00:00,81.03,81.03,80.405,80.59,15844.0
2025-01-10 16:00:00+00:00,80.61,80.865,80.375,80.44,25293.0
2025-01-10 17:00:00+00:00,80.45,80.545,80.265,80.44,21490.0
2025-01-10 18:00:00+00:00,80.43,80.835,80.33,80.815,7692.0
2025-01-10 19:00:00+00:00,80.82,80.83,80.41,80.55,15293.0
2025-01-10 20:00:00+00:00,80.54,80.58,80.07,80.245,28305.0
2025-01-13 15:00:00+00:00,80.245,80.245,80.245,80.245,0.0
2025-01-13 16:00:00+00:00,80.245,81.775,80.245,81.35,31339.0
2025-01-13 17:00:00+00:00,81.355,81.71,81.23,81.7,38663.0
2025-01-13 18:00:00+00:00,81.7,81.88,81.535,81.82,32740.0
2025-01-13 19:00:00+00:00,81.81,82.05,81.66,81.8,53729.0
2025-01-13 20:00:00+00:00,81.795,81.99,81.65,81.94,153002.0
2025-01-14 15:00:00+00:00,82.08,82.89,82.08,82.71,41820.0
2025-01-14 16:00:00+00:00,82.72,82.785,82.53,82.56,34413.0
2025-01-14 17:00:00+00:00,82.53,83.065,82.49,83.03,21469.0
2025-01-14 18:00:00+00:00,83.03,83.71,83.015,83.695,20566.0
2025-01-14 19:00:00+00:00,83.695,83.76,83.355,83.41,44608.0
2025-01-14 20:00:00+00:00,83.415,83.935,83.36,83.83,66674.0
2025-01-15 15:00:00+00:00,85.62,85.62,84.935,85.23,70058.0
2025-01-15 16:00:00+00:00,85.23,85.375,85.03,85.035,41803.0
2025-01-15 17:00:00+00:00,85.015,85.135,84.87,84.895,17756.0
2025-01-15 18:00:00+00:00,84.905,85.36,84.88,85.335,19160.0
2025-01-15 19:00:00+00:00,85.335,85.37,85.085,85.195,55311.0
2025-01-15 20:00:00+00:00,85.195,85.37,84.83,84.985,86077.0
2025-01-16 15:00:00+00:00,85.215,85.57,84.94,85.06,52933.0
2025-01-16 16:00:00+00:00,85.08,85.64,85.06,85.565,19336.0
2025-01-16 17:00:00+00:00,85.565,85.62,85.15,85.33,22368.0
2025-01-16 18:00:00+00:00,85.305,85.44,85.27,85.33,22314.0
2025-01-16 19:00:00+00:00,85.33,85.485,85.31,85.4,59513.0
2025-01-16 20:00:00+00:00,85.405,85.975,85.37,85.905,46467.0
2025-01-17 15:00:00+00:00,87.0,87.38,86.795,86.97,50580.0
2025-01-17 16:00:00+00:00,86.975,87.075,86.8,87.02,16087.0
2025-01-17 17:00:00+00:00,87.01,87.105,86.82,87.08,15454.0
2025-01-17 18:00:00+00:00,87.085,87.1,86.89,87.04,24332.0
2025-01-17 19:00:00+00:00,87.06,87.285,87.04,87.21,27886.0
2025-01-17 20:00:00+00:00,87.19,87.32,86.87,86.88,35729.0
2025-01-20 15:00:00+00:00,86.88,86.88,86.88,86.88,0.0
2025-01-20 16:00:00+00:00,86.88,86.88,86.88,86.88,0.0
2025-01-20 17:00:00+00:00,86.88,86.88,86.88,86.88,0.0
2025-01-20 18:00:00+00:00,86.88,86.88,86.88,86.88,0.0
2025-01-20 19:00:00+00:00,86.88,86.88,86.88,86.88,0.0
2025-01-20 20:00:00+00:00,86.88,86.88,86.88,86.88,0.0
2025-01-21 15:00:00+00:00,87.77,87.77,87.12,87.53,13158.0
2025-01-21 16:00:00+00:00,87.555,88.09,87.48,87.82,26491.0
2025-01-21 17:00:00+00:00,87.83,87.84,87.57,87.65,22466.0
2025-01-21 18:00:00+00:00,87.665,87.7,87.51,87.58,14589.0
2025-01-21 19:00:00+00:00,87.58,87.58,87.16,87.225,15372.0
2025-01-21 20:00:00+00:00,87.225,87.245,86.78,86.88,32968.0
2025-01-22 15:00:00+00:00,85.97,86.48,85.9,86.45,115013.0
2025-01-22 16:00:00+00:00,86.46,86.48,86.14,86.225,84860.0
2025-01-22 17:00:00+00:00,86.225,86.24,85.86,85.98,81479.0
2025-01-22 18:00:00+00:00,85.98,86.3,85.915,86.11,46148.0
2025-01-22 19:00:00+00:00,86.11,86.26,86.025,86.26,82900.0
2025-01-22 20:00:00+00:00,86.24,86.34,85.65,85.74,180581.0
2025-01-23 15:00:00+00:00,86.57,86.91,86.57,86.745,50779.0
2025-01-23 16:00:00+00:00,86.745,87.04,86.645,86.84,48245.0
2025-01-23 17:00:00+00:00,86.815,87.185,86.8,87.185,31977.0
2025-01-23 18:00:00+00:00,87.18,87.21,86.89,87.005,45941.0
2025-01-23 19:00:00+00:00,87.005,87.085,86.58,86.65,44612.0
2025-01-23 20:00:00+00:00,86.65,86.9,86.625,86.83,101294.0
2025-01-24 15:00:00+00:00,87.62,87.64,86.83,86.87,34717.0
2025-01-24 16:00:00+00:00,86.87,87.06,86.84,86.97,12975.0
2025-01-24 17:00:00+00:00,86.975,87.115,86.825,86.9,12721.0
2025-01-24 18:00:00+00:00,86.9,86.915,86.335,86.39,13435.0
2025-01-24 19:00:00+00:00,86.39,86.43,86.155,86.155,15014.0
2025-01-24 20:00:00+00:00,86.15,86.2,85.86,86.005,44379.0
2025-01-27 15:00:00+00:00,86.38,86.67,86.28,86.305,14090.0
2025-01-27 16:00:00+00:00,86.3,86.52,86.16,86.2,10205.0
2025-01-27 17:00:00+00:00,86.145,86.21,85.88,85.88,14329.0
2025-01-27 18:00:00+00:00,85.88,86.04,85.87,85.94,10561.0
2025-01-27 19:00:00+00:00,85.945,86.425,85.945,86.19,31922.0
2025-01-27 20:00:00+00:00,86.19,87.035,86.15,87.015,39913.0
2025-01-28 15:00:00+00:00,87.1,87.355,86.66,86.94,19550.0
2025-01-28 16:00:00+00:00,86.94,87.22,86.05,86.14,17461.0
2025-01-28 17:00:00+00:00,86.145,86.32,86.01,86.14,13908.0
2025-01-28 18:00:00+00:00,86.18,86.24,85.88,85.905,19134.0
2025-01-28 19:00:00+00:00,85.9,86.05,85.77,85.79,25901.0
2025-01-28 20:00:00+00:00,85.78,85.97,85.65,85.725,66807.0
2025-01-29 15:00:00+00:00,86.97,87.405,86.75,87.095,35120.0
2025-01-29 16:00:00+00:00,87.11,87.35,86.915,87.19,16539.0
2025-01-29 17:00:00+00:00,87.19,87.635,87.165,87.415,28135.0
2025-01-29 18:00:00+00:00,87.415,87.53,87.095,87.34,17413.0
2025-01-29 19:00:00+00:00,87.33,87.33,86.645,87.01,31349.0
2025-01-29 20:00:00+00:00,86.985,87.19,86.61,86.65,62338.0
2025-01-30 15:00:00+00:00,87.26,87.55,87.12,87.255,10445.0
2025-01-30 16:00:00+00:00,87.25,87.405,87.11,87.36,16346.0
2025-01-30 17:00:00+00:00,87.35,87.405,86.985,87.06,9049.0
2025-01-30 18:00:00+00:00,87.075,87.475,87.07,87.35,10649.0
2025-01-30 19:00:00+00:00,87.35,87.42,87.245,87.25,14849.0
2025-01-30 20:00:00+00:00,87.25,87.555,86.575,87.005,29040.0
2025-01-31 15:00:00+00:00,86.85,87.02,86.48,86.73,20320.0
2025-01-31 16:00:00+00:00,86.7,87.07,86.62,87.06,17881.0
2025-01-31 17:00:00+00:00,87.06,87.19,86.88,87.0,10554.0
2025-01-31 18:00:00+00:00,87.0,87.195,86.33,86.54,11258.0
2025-01-31 19:00:00+00:00,86.54,86.87,86.35,86.69,13603.0
2025-01-31 20:00:00+00:00,86.64,86.77,86.245,86.54,65013.0
2025-02-03 15:00:00+00:00,83.49,85.1,83.45,85.055,18168.0
2025-02-03 16:00:00+00:00,84.96,85.67,84.74,85.29,15132.0
2025-02-03 17:00:00+00:00,85.32,85.35,85.06,85.25,7698.0
2025-02-03 18:00:00+00:00,85.25,85.605,85.09,85.415,8967.0
2025-02-03 19:00:00+00:00,85.42,85.69,85.355,85.675,22064.0
2025-02-03 20:00:00+00:00,85.66,85.76,85.32,85.545,49179.0
2025-02-04 15:00:00+00:00,85.125,85.75,85.075,85.46,14962.0
2025-02-04 16:00:00+00:00,85.46,85.93,85.46,85.645,14250.0
2025-02-04 17:00:00+00:00,85.66,85.81,85.42,85.54,11388.0
2025-02-04 18:00:00+00:00,85.555,85.67,85.23,85.28,17678.0
2025-02-04 19:00:00+00:00,85.275,85.38,85.08,85.14,14029.0
2025-02-04 20:00:00+00:00,85.145,85.21,84.57,84.66,55061.0
2025-02-05 15:00:00+00:00,84.33,84.74,83.85,84.32,25272.0
2025-02-05 16:00:00+00:00,84.33,84.61,84.255,84.36,20013.0
2025-02-05 17:00:00+00:00,84.35,84.54,84.01,84.47,23330.0
2025-02-05 18:00:00+00:00,84.47,85.015,84.45,84.84,32446.0
2025-02-05 19:00:00+00:00,84.83,84.885,84.61,84.66,39545.0
2025-02-05 20:00:00+00:00,84.66,85.005,84.605,84.96,79943.0
2025-02-06 15:00:00+00:00,82.51,83.83,82.51,83.12,56919.0
2025-02-06 16:00:00+00:00,83.09,84.43,83.09,84.295,58337.0
2025-02-06 17:00:00+00:00,84.3,84.3,83.69,83.735,21986.0
2025-02-06 18:00:00+00:00,83.74,83.78,82.87,82.87,17060.0
2025-02-06 19:00:00+00:00,82.87,83.27,82.59,83.2,47328.0
2025-02-06 20:00:00+00:00,83.21,83.83,83.18,83.54,146765.0
2025-02-07 15:00:00+00:00,83.755,84.7,83.395,83.98,33151.0
2025-02-07 16:00:00+00:00,84.05,84.485,83.82,84.18,17104.0
2025-02-07 17:00:00+00:00,84.05,84.31,84.045,84.19,12794.0
2025-02-07 18:00:00+00:00,84.2,84.29,83.83,83.85,10721.0
2025-02-07 19:00:00+00:00,83.875,84.2,83.785,83.94,32181.0
2025-02-07 20:00:00+00:00,83.955,84.21,83.83,83.97,26092.0
2025-02-10 15:00:00+00:00,82.865,83.18,82.43,83.09,32781.0
2025-02-10 16:00:00+00:00,83.1,83.235,82.84,83.13,18747.0
2025-02-10 17:00:00+00:00,83.13,83.175,82.755,83.13,8816.0
2025-02-10 18:00:00+00:00,83.14,83.33,83.06,83.205,11896.0
2025-02-10 19:00:00+00:00,83.12,83.4,83.1,83.26,9448.0
2025-02-10 20:00:00+00:00,83.255,83.37,83.065,83.115,40987.0
2025-02-11 15:00:00+00:00,82.93,83.22,82.61,83.17,24054.0
2025-02-11 16:00:00+00:00,83.215,83.32,82.99,83.21,13020.0
2025-02-11 17:00:00+00:00,83.195,83.43,83.17,83.245,8314.0
2025-02-11 18:00:00+00:00,83.25,83.39,83.11,83.225,7582.0
2025-02-11 19:00:00+00:00,83.23,83.59,83.185,83.46,11839.0
2025-02-11 20:00:00+00:00,83.465,83.58,83.115,83.21,23251.0
2025-02-12 15:00:00+00:00,82.66,82.675,82.23,82.45,17656.0
2025-02-12 16:00:00+00:00,82.42,82.42,81.75,82.255,13773.0
2025-02-12 17:00:00+00:00,82.255,82.665,82.13,82.625,9977.0
2025-02-12 18:00:00+00:00,82.625,82.805,82.59,82.705,15414.0
2025-02-12 19:00:00+00:00,82.705,82.975,82.54,82.835,24303.0
2025-02-12 20:00:00+00:00,82.865,82.905,82.495,82.745,30129.0
2025-02-13 15:00:00+00:00,82.33,82.415,81.4,81.645,25261.0
2025-02-13 16:00:00+00:00,81.655,81.81,81.53,81.8,29513.0
2025-02-13 17:00:00+00:00,81.8,82.085,81.735,81.94,16565.0
2025-02-13 18:00:00+00:00,81.94,82.25,81.935,82.2,9117.0
2025-02-13 19:00:00+00:00,82.22,82.52,82.17,82.42,11931.0
2025-02-13 20:00:00+00:00,82.44,82.57,82.19,82.335,41360.0
2025-02-14 15:00:00+00:00,82.6,83.52,82.6,83.12,31396.0
2025-02-14 16:00:00+00:00,83.13,83.215,82.89,82.96,22179.0
2025-02-14 17:00:00+00:00,82.955,83.085,82.56,82.64,13541.0
2025-02-14 18:00:00+00:00,82.635,82.895,82.49,82.495,13338.0
2025-02-14 19:00:00+00:00,82.495,82.63,82.095,82.16,38857.0
2025-02-14 20:00:00+00:00,82.17,82.21,81.605,81.69,70319.0
2025-02-17 15:00:00+00:00,81.69,81.69,81.69,81.69,0.0
2025-02-17 16:00:00+00:00,81.69,81.69,81.69,81.69,0.0
2025-02-17 17:00:00+00:00,81.69,81.69,81.69,81.69,0.0
2025-02-17 18:00:00+00:00,81.69,81.69,81.69,81.69,0.0
2025-02-17 19:00:00+00:00,81.69,81.69,81.69,81.69,0.0
2025-02-17 20:00:00+00:00,81.69,81.69,81.69,81.69,0.0
2025-02-18 15:00:00+00:00,81.7,82.045,81.25,81.99,53817.0
2025-02-18 16:00:00+00:00,81.96,82.08,81.67,81.895,36600.0
2025-02-18 17:00:00+00:00,81.88,82.02,81.81,81.91,28445.0
2025-02-18 18:00:00+00:00,81.91,82.14,81.88,81.915,40460.0
2025-02-18 19:00:00+00:00,81.885,82.065,81.79,82.005,36419.0
2025-02-18 20:00:00+00:00,82.02,82.44,81.97,82.42,82218.0
2025-02-19 15:00:00+00:00,82.47,82.9,82.425,82.805,13422.0
2025-02-19 16:00:00+00:00,82.81,82.865,82.59,82.725,13365.0
2025-02-19 17:00:00+00:00,82.725,82.735,82.12,82.27,13568.0
2025-02-19 18:00:00+00:00,82.28,82.47,82.23,82.455,12055.0
2025-02-19 19:00:00+00:00,82.455,82.86,82.43,82.81,11447.0
2025-02-19 20:00:00+00:00,82.835,83.32,82.79,83.095,27487.0
2025-02-20 15:00:00+00:00,82.77,82.77,81.955,82.065,11050.0
2025-02-20 16:00:00+00:00,82.045,82.17,81.81,82.08,11550.0
2025-02-20 17:00:00+00:00,82.07,82.415,81.97,82.27,6572.0
2025-02-20 18:00:00+00:00,82.26,82.295,82.095,82.255,8893.0
2025-02-20 19:00:00+00:00,82.275,82.61,82.275,82.54,10344.0
2025-02-20 20:00:00+00:00,82.54,83.015,82.5,82.75,34624.0
2025-02-21 15:00:00+00:00,82.87,82.87,82.46,82.51,10718.0
2025-02-21 16:00:00+00:00,82.52,82.77,82.38,82.75,11217.0
2025-02-21 17:00:00+00:00,82.73,82.78,81.81,81.81,10173.0
2025-02-21 18:00:00+00:00,81.78,81.79,81.01,81.2,14537.0
2025-02-21 19:00:00+00:00,81.195,81.3,80.885,80.895,12454.0
2025-02-21 20:00:00+00:00,80.885,81.17,80.64,81.025,29711.0
2025-02-24 15:00:00+00:00,81.83,82.38,81.34,81.885,36034.0
2025-02-24 16:00:00+00:00,81.885,82.05,81.48,81.585,11012.0
2025-02-24 17:00:00+00:00,81.585,82.03,81.585,81.655,12642.0
2025-02-24 18:00:00+00:00,81.61,81.755,81.465,81.565,9319.0
2025-02-24 19:00:00+00:00,81.58,81.8,81.5,81.645,11158.0
2025-02-24 20:00:00+00:00,81.655,81.745,81.2,81.25,28675.0
2025-02-25 15:00:00+00:00,81.69,82.175,81.33,81.885,10783.0
2025-02-25 16:00:00+00:00,81.92,81.975,81.35,81.67,13737.0
2025-02-25 17:00:00+00:00,81.67,82.15,81.63,82.13,11090.0
2025-02-25 18:00:00+00:00,82.145,82.35,81.98,82.11,9938.0
2025-02-25 19:00:00+00:00,82.085,82.545,82.01,82.355,11517.0
2025-02-25 20:00:00+00:00,82.355,82.58,82.085,82.31,14990.0
2025-02-26 15:00:00+00:00,83.3,83.475,82.99,83.275,11825.0
2025-02-26 16:00:00+00:00,83.275,83.375,82.85,82.88,8489.0
2025-02-26 17:00:00+00:00,82.88,83.08,82.47,82.53,5794.0
2025-02-26 18:00:00+00:00,82.53,82.56,82.27,82.39,9337.0
2025-02-26 19:00:00+00:00,82.38,82.575,82.28,82.42,11585.0
2025-02-26 20:00:00+00:00,82.45,82.675,82.36,82.475,11538.0
2025-02-27 15:00:00+00:00,83.92,85.0,83.81,84.375,22084.0
2025-02-27 16:00:00+00:00,84.4,84.67,84.09,84.12,16715.0
2025-02-27 17:00:00+00:00,84.13,84.6,84.13,84.46,10324.0
2025-02-27 18:00:00+00:00,84.51,84.765,84.43,84.63,9036.0
2025-02-27 19:00:00+00:00,84.61,84.795,83.98,84.195,20124.0
2025-02-27 20:00:00+00:00,84.11,84.225,83.81,84.05,35358.0
2025-02-28 15:00:00+00:00,85.69,85.815,85.115,85.23,14719.0
2025-02-28 16:00:00+00:00,85.22,85.33,85.04,85.1,11924.0
2025-02-28 17:00:00+00:00,85.11,85.205,84.45,84.53,10297.0
2025-02-28 18:00:00+00:00,84.53,84.88,84.35,84.535,6636.0
2025-02-28 19:00:00+00:00,84.535,85.3,84.535,85.26,11534.0
2025-02-28 20:00:00+00:00,85.31,86.205,85.28,86.15,28858.0
2025-03-03 15:00:00+00:00,86.995,87.15,86.69,86.91,18106.0
2025-03-03 16:00:00+00:00,86.94,87.01,86.06,86.34,15497.0
2025-03-03 17:00:00+00:00,86.34,86.73,86.275,86.495,11335.0
2025-03-03 18:00:00+00:00,86.495,86.495,86.015,86.26,11650.0
2025-03-03 19:00:00+00:00,86.26,86.4,85.63,85.68,21617.0
2025-03-03 20:00:00+00:00,85.64,85.67,84.875,85.58,18943.0
2025-03-04 15:00:00+00:00,81.825,82.13,81.18,81.345,29244.0
2025-03-04 16:00:00+00:00,81.35,81.96,81.23,81.71,12167.0
2025-03-04 17:00:00+00:00,81.71,82.18,81.68,81.75,8722.0
2025-03-04 18:00:00+00:00,81.79,82.42,81.77,82.33,6914.0
2025-03-04 19:00:00+00:00,82.3,82.855,82.245,82.51,13126.0
2025-03-04 20:00:00+00:00,82.525,82.98,81.315,81.55,28262.0
2025-03-05 15:00:00+00:00,82.55,82.78,81.86,81.99,15414.0
2025-03-05 16:00:00+00:00,81.96,82.065,81.465,82.035,13481.0
2025-03-05 17:00:00+00:00,82.07,82.395,81.91,82.36,9849.0
2025-03-05 18:00:00+00:00,82.44,82.73,82.05,82.72,7991.0
2025-03-05 19:00:00+00:00,82.72,83.34,82.71,83.11,15130.0
2025-03-05 20:00:00+00:00,83.12,83.46,82.705,83.19,23734.0
2025-03-06 15:00:00+00:00,81.72,83.01,81.72,82.66,13789.0
2025-03-06 16:00:00+00:00,82.74,82.99,82.24,82.245,14033.0
2025-03-06 17:00:00+00:00,82.24,82.46,81.71,81.975,8781.0
2025-03-06 18:00:00+00:00,81.975,82.375,81.845,82.03,10705.0
2025-03-06 19:00:00+00:00,82.04,82.42,81.8,81.8,9932.0
2025-03-06 20:00:00+00:00,81.76,82.39,81.75,82.24,31950.0
2025-03-07 15:00:00+00:00,81.72,82.18,81.28,81.33,14975.0
2025-03-07 16:00:00+00:00,81.295,81.6,80.865,80.98,17864.0
2025-03-07 17:00:00+00:00,80.995,81.73,80.74,81.35,11384.0
2025-03-07 18:00:00+00:00,81.355,82.37,81.355,82.35,13397.0
2025-03-07 19:00:00+00:00,82.365,82.52,82.24,82.31,8781.0
2025-03-07 20:00:00+00:00,82.3,82.635,82.05,82.225,19214.0
2025-03-10 14:00:00+00:00,80.0,80.23,79.39,79.88,23541.0
2025-03-10 15:00:00+00:00,79.985,80.49,79.39,80.14,31595.0
2025-03-10 16:00:00+00:00,80.14,80.14,80.14,80.14,0.0
2025-03-10 17:00:00+00:00,80.14,80.14,78.97,79.0,13439.0
2025-03-10 18:00:00+00:00,79.02,79.05,78.29,78.315,15531.0
2025-03-10 19:00:00+00:00,78.345,79.36,78.15,79.2,28020.0
2025-03-11 14:00:00+00:00,78.855,79.39,78.19,78.34,12648.0
2025-03-11 15:00:00+00:00,78.22,78.95,78.15,78.67,8844.0
2025-03-11 16:00:00+00:00,78.58,78.68,78.08,78.13,11889.0
2025-03-11 17:00:00+00:00,78.13,78.47,77.995,78.29,8828.0
2025-03-11 18:00:00+00:00,78.29,79.505,78.29,79.275,18464.0
2025-03-11 19:00:00+00:00,79.275,79.29,78.42,78.46,58123.0
2025-03-12 14:00:00+00:00,78.76,78.915,78.39,78.63,13952.0
2025-03-12 15:00:00+00:00,78.61,79.215,78.25,79.17,12257.0
2025-03-12 16:00:00+00:00,79.15,79.29,78.88,78.94,9875.0
2025-03-12 17:00:00+00:00,78.94,79.62,78.87,79.3,9065.0
2025-03-12 18:00:00+00:00,79.31,79.8,79.17,79.67,9403.0
2025-03-12 19:00:00+00:00,79.63,79.72,79.13,79.16,24742.0
2025-03-13 14:00:00+00:00,79.52,79.87,79.325,79.48,16016.0
2025-03-13 15:00:00+00:00,79.54,79.54,78.72,78.745,19217.0
2025-03-13 16:00:00+00:00,78.745,78.83,78.24,78.5,24948.0
2025-03-13 17:00:00+00:00,78.53,78.66,78.01,78.075,22567.0
2025-03-13 18:00:00+00:00,78.06,78.32,77.995,78.225,23951.0
2025-03-13 19:00:00+00:00,78.23,78.33,77.65,77.75,53207.0
2025-03-14 14:00:00+00:00,78.88,79.56,78.53,79.56,10243.0
2025-03-14 15:00:00+00:00,79.625,80.02,79.47,79.95,8544.0
2025-03-14 16:00:00+00:00,79.96,80.0,79.69,79.985,8029.0
2025-03-14 17:00:00+00:00,79.97,80.135,79.865,79.89,5683.0
2025-03-14 18:00:00+00:00,79.89,80.26,79.89,80.23,8558.0
2025-03-14 19:00:00+00:00,80.21,80.635,80.165,80.625,25343.0
2025-03-17 14:00:00+00:00,81.17,81.42,81.1,81.31,12345.0
2025-03-17 15:00:00+00:00,81.38,81.94,81.36,81.655,10498.0
2025-03-17 16:00:00+00:00,81.64,81.93,81.6,81.91,7533.0
2025-03-17 17:00:00+00:00,81.945,82.215,81.87,82.175,7057.0
2025-03-17 18:00:00+00:00,82.2,82.315,82.07,82.25,10860.0
2025-03-17 19:00:00+00:00,82.25,82.56,82.2,82.25,57741.0
2025-03-18 14:00:00+00:00,82.23,82.58,82.16,82.23,15925.0
2025-03-18 15:00:00+00:00,82.205,82.24,81.81,81.85,16607.0
2025-03-18 16:00:00+00:00,81.82,82.21,81.79,81.935,19424.0
2025-03-18 17:00:00+00:00,81.93,82.12,81.755,81.82,10503.0
2025-03-18 18:00:00+00:00,81.79,81.95,81.65,81.695,16993.0
2025-03-18 19:00:00+00:00,81.69,81.99,81.53,81.65,36922.0
2025-03-19 14:00:00+00:00,81.86,82.25,81.775,82.215,19310.0
2025-03-19 15:00:00+00:00,82.215,82.645,82.19,82.53,13517.0
2025-03-19 16:00:00+00:00,82.53,82.655,82.395,82.56,9238.0
2025-03-19 17:00:00+00:00,82.56,82.665,82.31,82.31,9551.0
2025-03-19 18:00:00+00:00,82.23,83.33,82.2,83.2,8958.0
2025-03-19 19:00:00+00:00,83.23,83.5,82.945,83.04,23042.0
2025-03-20 14:00:00+00:00,83.14,83.63,83.14,83.63,16248.0
2025-03-20 15:00:00+00:00,83.605,83.69,83.23,83.3,12442.0
2025-03-20 16:00:00+00:00,83.295,83.445,82.83,82.835,6902.0
2025-03-20 17:00:00+00:00,82.83,83.065,82.65,82.705,9389.0
2025-03-20 18:00:00+00:00,82.705,82.92,82.63,82.68,12414.0
2025-03-20 19:00:00+00:00,82.715,82.965,82.665,82.705,28277.0
2025-03-21 14:00:00+00:00,81.8,82.27,81.37,82.24,13517.0
2025-03-21 15:00:00+00:00,82.16,82.32,81.79,81.87,7814.0
2025-03-21 16:00:00+00:00,81.87,82.74,81.84,82.73,8828.0
2025-03-21 17:00:00+00:00,82.7,82.82,82.44,82.69,10820.0
2025-03-21 18:00:00+00:00,82.7,82.71,82.33,82.36,15689.0
2025-03-21 19:00:00+00:00,82.315,82.45,82.17,82.355,27716.0
2025-03-24 14:00:00+00:00,83.8,84.14,83.67,84.04,17314.0
2025-03-24 15:00:00+00:00,84.07,84.45,84.07,84.335,9872.0
2025-03-24 16:00:00+00:00,84.335,84.48,84.05,84.09,7563.0
2025-03-24 17:00:00+00:00,84.085,84.28,83.95,84.23,7710.0
2025-03-24 18:00:00+00:00,84.23,84.23,83.65,83.92,16686.0
2025-03-24 19:00:00+00:00,83.92,84.31,83.89,84.17,27436.0
2025-03-25 14:00:00+00:00,84.645,84.99,84.43,84.48,22387.0
2025-03-25 15:00:00+00:00,84.48,84.74,84.29,84.35,19757.0
2025-03-25 16:00:00+00:00,84.35,84.58,84.23,84.535,12214.0
2025-03-25 17:00:00+00:00,84.52,84.54,84.07,84.14,9232.0
2025-03-25 18:00:00+00:00,84.125,84.195,83.43,83.465,21445.0
2025-03-25 19:00:00+00:00,83.465,83.895,83.3,83.735,41802.0
2025-03-26 14:00:00+00:00,84.66,84.69,84.28,84.49,16044.0
2025-03-26 15:00:00+00:00,84.49,84.57,83.96,84.1,9779.0
2025-03-26 16:00:00+00:00,84.1,84.31,83.95,83.97,9507.0
2025-03-26 17:00:00+00:00,83.975,84.055,83.64,83.675,7069.0
2025-03-26 18:00:00+00:00,83.675,83.86,83.54,83.55,9189.0
2025-03-26 19:00:00+00:00,83.575,84.06,83.545,83.935,21162.0
2025-03-27 14:00:00+00:00,83.88,84.07,83.69,83.845,13129.0
2025-03-27 15:00:00+00:00,83.91,84.02,83.385,83.54,8874.0
2025-03-27 16:00:00+00:00,83.53,83.8,83.19,83.19,7805.0
2025-03-27 17:00:00+00:00,83.21,83.35,83.09,83.13,11586.0
2025-03-27 18:00:00+00:00,83.13,83.56,83.13,83.19,8899.0
2025-03-27 19:00:00+00:00,83.21,83.53,83.025,83.04,30954.0
2025-03-28 14:00:00+00:00,81.57,81.78,79.17,79.365,59259.0
2025-03-28 15:00:00+00:00,79.34,79.9,79.23,79.45,53883.0
2025-03-28 16:00:00+00:00,79.44,79.75,79.06,79.11,26686.0
2025-03-28 17:00:00+00:00,79.08,79.08,78.45,78.81,35893.0
2025-03-28 18:00:00+00:00,78.795,79.15,78.71,79.09,29367.0
2025-03-28 19:00:00+00:00,79.08,79.44,78.74,79.22,58843.0
2025-03-31 14:00:00+00:00,78.9,79.65,78.82,79.41,35135.0
2025-03-31 15:00:00+00:00,79.44,79.7,79.41,79.58,12690.0
2025-03-31 16:00:00+00:00,79.575,79.825,79.19,79.69,11941.0
2025-03-31 17:00:00+00:00,79.66,79.8,79.41,79.495,12184.0
2025-03-31 18:00:00+00:00,79.495,80.21,79.495,79.825,19020.0
2025-03-31 19:00:00+00:00,79.82,80.71,79.82,80.275,32574.0
2025-04-01 14:00:00+00:00,80.19,80.66,79.46,80.625,17369.0
2025-04-01 15:00:00+00:00,80.625,81.255,80.625,81.25,12239.0
2025-04-01 16:00:00+00:00,81.25,81.51,81.03,81.165,11487.0
2025-04-01 17:00:00+00:00,81.22,81.26,80.85,80.91,12979.0
2025-04-01 18:00:00+00:00,80.91,80.91,80.61,80.83,10554.0
2025-04-01 19:00:00+00:00,80.825,81.35,80.82,81.185,22464.0
2025-04-02 14:00:00+00:00,81.35,82.04,81.26,81.975,13870.0
2025-04-02 15:00:00+00:00,81.945,82.03,81.51,81.635,10789.0
2025-04-02 16:00:00+00:00,81.605,82.265,81.6,82.15,8460.0
2025-04-02 17:00:00+00:00,82.15,82.73,81.905,82.11,7762.0
2025-04-02 18:00:00+00:00,82.11,82.39,81.825,81.98,10806.0
2025-04-02 19:00:00+00:00,82.025,82.63,82.025,82.605,20101.0
2025-04-03 14:00:00+00:00,77.97,78.01,76.895,76.895,23567.0
2025-04-03 15:00:00+00:00,76.88,77.66,76.665,77.61,29198.0
2025-04-03 16:00:00+00:00,77.605,78.36,77.6,77.86,21019.0
2025-04-03 17:00:00+00:00,77.89,77.97,77.395,77.635,20548.0
2025-04-03 18:00:00+00:00,77.635,77.72,76.72,76.91,32889.0
2025-04-03 19:00:00+00:00,76.88,76.89,75.79,75.815,47389.0
2025-04-04 14:00:00+00:00,71.01,71.01,68.58,69.96,22014.0
2025-04-04 15:00:00+00:00,70.0,71.07,69.13,69.335,27626.0
2025-04-04 16:00:00+00:00,69.435,70.07,69.17,69.37,15212.0
2025-04-04 17:00:00+00:00,69.31,69.55,68.44,69.22,12989.0
2025-04-04 18:00:00+00:00,69.24,69.37,67.9,68.58,117974.0
2025-04-04 19:00:00+00:00,68.585,69.585,68.3,69.07,54333.0
2025-04-07 14:00:00+00:00,66.52,71.225,66.05,68.82,22247.0
2025-04-07 15:00:00+00:00,68.66,69.47,66.925,68.04,13310.0
2025-04-07 16:00:00+00:00,67.8,68.4,67.23,67.465,17061.0
2025-04-07 17:00:00+00:00,67.7,70.12,67.61,70.075,41033.0
2025-04-07 18:00:00+00:00,70.07,70.54,68.855,68.95,24807.0
2025-04-07 19:00:00+00:00,68.94,69.76,68.46,69.365,38897.0
2025-04-08 14:00:00+00:00,73.07,73.07,71.17,71.26,20480.0
2025-04-08 15:00:00+00:00,71.26,71.58,70.55,71.39,19715.0
2025-04-08 16:00:00+00:00,71.36,71.495,69.87,69.87,16225.0
2025-04-08 17:00:00+00:00,69.86,70.01,69.055,69.68,17810.0
2025-04-08 18:00:00+00:00,69.67,69.83,68.875,68.89,15560.0
2025-04-08 19:00:00+00:00,68.87,68.94,67.335,68.43,47538.0
2025-04-09 14:00:00+00:00,68.36,68.885,66.865,67.015,21658.0
2025-04-09 15:00:00+00:00,67.1,68.085,67.08,67.15,18113.0
2025-04-09 16:00:00+00:00,67.1,67.89,67.0,67.685,19955.0
2025-04-09 17:00:00+00:00,67.66,73.515,67.29,73.455,11268.0
2025-04-09 18:00:00+00:00,73.88,75.22,73.21,73.49,13876.0
2025-04-09 19:00:00+00:00,73.49,75.92,73.49,75.2,39540.0
2025-04-10 14:00:00+00:00,72.04,72.87,71.66,71.66,12097.0
2025-04-10 15:00:00+00:00,71.72,72.135,70.635,70.735,14050.0
2025-04-10 16:00:00+00:00,70.685,70.99,69.47,70.55,7914.0
2025-04-10 17:00:00+00:00,70.695,71.64,69.57,71.345,8455.0
2025-04-10 18:00:00+00:00,71.335,71.845,70.56,71.135,7894.0
2025-04-10 19:00:00+00:00,71.03,71.65,69.71,70.86,29904.0
2025-04-11 14:00:00+00:00,69.595,70.23,69.025,69.57,20727.0
2025-04-11 15:00:00+00:00,69.57,70.42,69.07,69.67,16518.0
2025-04-11 16:00:00+00:00,69.67,70.81,69.57,70.65,7537.0
2025-04-11 17:00:00+00:00,70.69,71.59,70.42,71.2,7631.0
2025-04-11 18:00:00+00:00,71.235,71.24,70.51,70.52,12423.0
2025-04-11 19:00:00+00:00,70.52,71.565,70.52,71.39,26158.0
2025-04-14 14:00:00+00:00,73.09,73.84,72.93,73.675,9973.0
2025-04-14 15:00:00+00:00,73.6,73.72,72.59,72.63,8523.0
2025-04-14 16:00:00+00:00,72.6,73.105,72.52,72.7,5296.0
2025-04-14 17:00:00+00:00,72.85,73.55,72.765,73.01,5458.0
2025-04-14 18:00:00+00:00,73.01,73.765,73.01,73.53,12567.0
2025-04-14 19:00:00+00:00,73.53,73.84,72.89,72.93,30299.0
2025-04-15 14:00:00+00:00,73.65,73.86,73.1,73.34,3490.0
2025-04-15 15:00:00+00:00,73.335,73.49,73.235,73.42,5015.0
2025-04-15 16:00:00+00:00,73.39,73.47,73.05,73.18,3399.0
2025-04-15 17:00:00+00:00,73.17,73.29,72.845,73.01,3488.0
2025-04-15 18:00:00+00:00,73.01,73.05,72.85,72.92,4940.0
2025-04-15 19:00:00+00:00,72.88,72.995,72.565,72.71,12809.0
2025-04-16 14:00:00+00:00,72.07,72.705,72.07,72.53,20312.0
2025-04-16 15:00:00+00:00,72.535,73.3,72.535,73.02,18448.0
2025-04-16 16:00:00+00:00,73.04,73.045,72.71,72.815,8302.0
2025-04-16 17:00:00+00:00,72.81,72.96,71.72,71.72,15111.0
2025-04-16 18:00:00+00:00,71.86,72.2,71.63,71.635,9081.0
2025-04-16 19:00:00+00:00,71.66,71.78,71.16,71.72,30403.0
2025-04-17 14:00:00+00:00,72.59,72.91,71.91,72.37,4633.0
2025-04-17 15:00:00+00:00,72.445,73.19,72.41,72.805,6673.0
2025-04-17 16:00:00+00:00,73.0,73.42,72.56,73.355,4271.0
2025-04-17 17:00:00+00:00,73.355,73.44,73.05,73.275,7522.0
2025-04-17 18:00:00+00:00,73.265,73.35,72.93,72.94,8291.0
2025-04-17 19:00:00+00:00,72.975,73.02,72.465,72.55,32823.0
2025-04-18 14:00:00+00:00,72.55,72.55,72.55,72.55,0.0
2025-04-18 15:00:00+00:00,72.55,72.55,72.55,72.55,0.0
2025-04-18 16:00:00+00:00,72.55,72.55,72.55,72.55,0.0
2025-04-18 17:00:00+00:00,72.55,72.55,72.55,72.55,0.0
2025-04-18 18:00:00+00:00,72.55,72.55,72.55,72.55,0.0
2025-04-18 19:00:00+00:00,72.55,72.55,72.55,72.55,0.0
2025-04-21 14:00:00+00:00,71.3,71.32,70.83,70.83,10863.0
2025-04-21 15:00:00+00:00,70.83,70.88,70.045,70.13,4401.0
2025-04-21 16:00:00+00:00,70.125,70.47,70.07,70.085,5244.0
2025-04-21 17:00:00+00:00,70.085,70.16,69.71,69.725,6211.0
2025-04-21 18:00:00+00:00,69.72,69.99,69.62,69.79,7298.0
2025-04-21 19:00:00+00:00,69.79,70.41,69.75,70.39,40161.0
2025-04-22 14:00:00+00:00,71.72,71.82,71.37,71.775,6634.0
2025-04-22 15:00:00+00:00,71.775,72.52,71.775,72.52,7198.0
2025-04-22 16:00:00+00:00,72.51,73.12,72.51,72.71,3563.0
2025-04-22 17:00:00+00:00,72.64,72.82,71.83,72.075,3591.0
2025-04-22 18:00:00+00:00,72.05,73.12,72.05,73.08,9200.0
2025-04-22 19:00:00+00:00,73.06,73.27,72.755,73.045,24440.0
2025-04-23 14:00:00+00:00,76.115,76.62,75.44,75.46,7861.0
2025-04-23 15:00:00+00:00,75.485,75.54,74.335,74.51,13106.0
2025-04-23 16:00:00+00:00,74.475,74.67,74.105,74.64,50820.0
2025-04-23 17:00:00+00:00,74.645,75.01,74.39,74.75,6303.0
2025-04-23 18:00:00+00:00,74.75,74.975,74.265,74.32,4727.0
2025-04-23 19:00:00+00:00,74.32,74.5,74.005,74.42,13925.0
2025-04-24 14:00:00+00:00,74.335,75.19,74.31,74.92,7505.0
2025-04-24 15:00:00+00:00,74.96,75.485,74.96,75.34,3871.0
2025-04-24 16:00:00+00:00,75.375,76.025,75.295,75.955,1745.0
2025-04-24 17:00:00+00:00,75.92,76.0,75.58,75.615,6632.0
2025-04-24 18:00:00+00:00,75.59,76.05,75.58,75.945,4988.0
2025-04-24 19:00:00+00:00,75.945,76.19,75.685,75.835,10898.0
2025-04-25 14:00:00+00:00,74.89,75.26,74.38,74.97,8540.0
2025-04-25 15:00:00+00:00,74.98,75.0,74.72,74.8,8962.0
2025-04-25 16:00:00+00:00,74.84,75.055,74.675,74.74,5951.0
2025-04-25 17:00:00+00:00,74.795,75.18,74.575,74.72,12186.0
2025-04-25 18:00:00+00:00,74.7,75.305,74.7,75.14,10359.0
2025-04-25 19:00:00+00:00,75.155,75.33,74.925,75.19,70610.0
2025-04-28 14:00:00+00:00,76.18,76.52,76.14,76.24,4965.0
2025-04-28 15:00:00+00:00,76.24,76.24,75.69,75.935,7086.0
2025-04-28 16:00:00+00:00,75.935,75.935,75.5,75.64,12456.0
2025-04-28 17:00:00+00:00,75.64,75.955,75.51,75.955,7137.0
2025-04-28 18:00:00+00:00,75.955,76.14,75.87,76.05,8120.0
2025-04-28 19:00:00+00:00,76.055,76.28,75.91,75.92,28456.0
2025-04-29 14:00:00+00:00,75.65,75.93,75.325,75.905,12449.0
2025-04-29 15:00:00+00:00,75.9,76.085,75.68,75.8,7479.0
2025-04-29 16:00:00+00:00,75.785,76.15,75.775,75.875,5880.0
2025-04-29 17:00:00+00:00,75.88,76.54,75.825,76.405,4240.0
2025-04-29 18:00:00+00:00,76.425,76.51,76.275,76.38,3613.0
2025-04-29 19:00:00+00:00,76.375,76.605,76.335,76.42,23445.0
2025-04-30 14:00:00+00:00,73.355,74.48,73.355,74.1,6963.0
2025-04-30 15:00:00+00:00,74.12,74.675,74.115,74.56,11628.0
2025-04-30 16:00:00+00:00,74.575,74.72,74.135,74.62,8789.0
2025-04-30 17:00:00+00:00,74.635,74.725,74.3,74.39,10274.0
2025-04-30 18:00:00+00:00,74.355,74.75,74.12,74.22,7126.0
2025-04-30 19:00:00+00:00,74.22,75.505,74.205,75.29,19913.0
2025-05-01 14:00:00+00:00,76.9,77.2,75.85,76.48,12437.0
2025-05-01 15:00:00+00:00,76.49,76.98,75.875,75.92,9220.0
2025-05-01 16:00:00+00:00,75.895,76.14,75.575,75.585,6591.0
2025-05-01 17:00:00+00:00,75.595,75.975,75.595,75.82,3793.0
2025-05-01 18:00:00+00:00,75.82,76.39,75.8,76.28,5455.0
2025-05-01 19:00:00+00:00,76.31,76.51,75.74,75.775,19498.0
2025-05-02 14:00:00+00:00,76.68,77.76,76.53,77.76,10556.0
2025-05-02 15:00:00+00:00,77.76,77.76,77.215,77.44,10133.0
2025-05-02 16:00:00+00:00,77.49,77.765,77.47,77.735,8847.0
2025-05-02 17:00:00+00:00,77.735,77.735,77.405,77.645,8678.0
2025-05-02 18:00:00+00:00,77.645,78.125,77.615,77.785,13166.0
2025-05-02 19:00:00+00:00,77.785,78.08,77.65,77.79,29936.0
2025-05-05 14:00:00+00:00,77.455,78.155,77.45,77.9,51315.0
2025-05-05 15:00:00+00:00,77.905,78.035,77.67,77.96,8688.0
2025-05-05 16:00:00+00:00,77.985,78.175,77.88,77.995,6470.0
2025-05-05 17:00:00+00:00,77.97,77.995,77.65,77.795,6328.0
2025-05-05 18:00:00+00:00,77.795,78.035,77.765,77.945,12336.0
2025-05-05 19:00:00+00:00,77.945,77.955,77.28,77.44,13949.0
2025-05-06 14:00:00+00:00,76.36,77.155,76.3,77.13,12865.0
2025-05-06 15:00:00+00:00,77.125,77.285,76.97,77.075,9935.0
2025-05-06 16:00:00+00:00,77.08,77.37,76.82,76.875,4112.0
2025-05-06 17:00:00+00:00,76.875,77.01,76.565,76.645,5611.0
2025-05-06 18:00:00+00:00,76.66,77.06,76.66,77.06,5930.0
2025-05-06 19:00:00+00:00,77.05,77.06,76.39,76.405,22869.0
2025-05-07 14:00:00+00:00,77.41,77.41,76.77,76.9,16124.0
2025-05-07 15:00:00+00:00,76.87,77.19,76.765,76.975,9318.0
2025-05-07 16:00:00+00:00,76.975,77.055,76.665,76.93,5732.0
2025-05-07 17:00:00+00:00,76.91,76.965,76.48,76.56,6858.0
2025-05-07 18:00:00+00:00,76.61,76.78,75.945,76.72,18481.0
2025-05-07 19:00:00+00:00,76.7,76.825,76.14,76.71,25577.0
2025-05-08 14:00:00+00:00,77.74,78.23,77.48,77.91,19675.0
2025-05-08 15:00:00+00:00,77.91,78.875,77.775,78.66,8357.0
2025-05-08 16:00:00+00:00,78.71,78.925,78.69,78.695,5848.0
2025-05-08 17:00:00+00:00,78.7,78.705,78.4,78.41,7370.0
2025-05-08 18:00:00+00:00,78.39,78.475,78.165,78.195,5099.0
2025-05-08 19:00:00+00:00,78.145,78.32,77.51,77.585,23013.0
2025-05-09 14:00:00+00:00,78.42,78.47,77.76,78.24,10756.0
2025-05-09 15:00:00+00:00,78.175,78.285,77.97,78.2,8858.0
2025-05-09 16:00:00+00:00,78.2,78.2,77.81,77.855,4128.0
2025-05-09 17:00:00+00:00,77.855,78.15,77.77,78.045,5225.0
2025-05-09 18:00:00+00:00,78.08,78.085,77.81,77.92,4718.0
2025-05-09 19:00:00+00:00,77.94,78.065,77.685,77.795,10467.0
