date,Close,High,Low,Open,Volume,aVWAP_peak_175,aVWAP_peak_167,aVWAP_peak_162,aVWAP_peak_142,aVWAP_peak_127,aVWAP_peak_108,aVWAP_peak_107,aVWAP_peak_96,aVWAP_peak_79,aVWAP_peak_70,aVWAP_peak_57,aVWAP_peak_47,aVWAP_peak_33,aVWAP_peak_23,aVWAP_peak_16,aVWAP_valley_171,aVWAP_valley_159,aVWAP_valley_131,aVWAP_valley_120,aVWAP_valley_103,aVWAP_valley_92,aVWAP_valley_86,aVWAP_valley_74,aVWAP_valley_63,aVWAP_valley_52,aVWAP_valley_51,aVWAP_valley_41,aVWAP_valley_24,aVWAP_valley_19,aVWAP_valley_4,aVWAP_OB_bull_171,aVWAP_OB_bear_142,aVWAP_OB_bear_108,aVWAP_OB_bear_70,aVWAP_OB_bear_33,aVWAP_OB_bear_16,Peaks_Valleys_avg,color,StDev,StDev_Mean,StdDev_ZScore,QQEMOD,QQE1_Value,QQE1_Above_Upper,QQE1_Below_Lower,QQE2_Above_Threshold,QQE2_Below_Threshold,QQE2_Above_TL,banker_RSI,OB,OB_High,OB_Low,OB_Mitigated_Index,TTM_squeeze_Active,VI_plus,VI_minus,VI_Regular_Bullish,VI_Regular_Bearish,VI_Hidden_Bullish,VI_Hidden_Bearish,Fisher,Fisher_Signal,Fisher_Regular_Bullish,Fisher_Regular_Bearish,Fisher_Hidden_Bullish,Fisher_Hidden_Bearish,OBV,OBV_Smoothed,OBV_Regular_Bullish,OBV_Regular_Bearish,OBV_Hidden_Bullish,OBV_Hidden_Bearish,Volume_MA,Vol_Regular_Bullish,Vol_Regular_Bearish,Vol_Hidden_Bullish,Vol_Hidden_Bearish
2021-12-31 00:00:00+00:00,40.0278845706,40.1509526246,39.3087056299,39.4971535876,3053589,,,,,,,,,,,,,,,,,,,,,,,,,,,,,,,,,,,,,,#000000,,,,,,False,False,False,False,False,,0.0,0.0,0.0,0.0,0,,,False,False,False,False,,,False,False,False,False,0,0.0,False,False,False,False,3053589.0,False,False,False,False
2022-01-07 00:00:00+00:00,40.1124938577,40.2278701583,39.6356051484,40.0355763239,4381350,,,,,,,,,,,,,,,,,,,,,,,,,,,,,,,,,,,,,,#000000,,,,100.0,,False,False,True,False,False,,0.0,0.0,0.0,0.0,0,,,False,False,False,False,,,False,False,False,False,4381350,324544.44444444444,False,False,False,False,3151941.6666666665,False,False,False,False
2022-01-14 00:00:00+00:00,40.712450621,40.8662856886,39.7048309287,40.0586515841,4382465,,,,,,,,,,,,,,,,,,,,,,,,,,,,,,,,,,,,,,#000000,,,,100.0,50.0,False,False,True,False,True,,0.0,0.0,0.0,0.0,0,,,False,False,False,False,,,False,False,False,False,8763815,949675.5967078189,False,False,False,False,3243091.5432098764,False,False,False,False
2022-01-21 00:00:00+00:00,39.9663505435,41.0816547831,39.9038935061,41.0047372493,4885871,,,,,,,,,,,,,,,,,,,,,,,,,,,,,,,,,,,,,,#000000,,,,84.55014918837095,35.395062904631914,False,False,True,False,False,,0.0,0.0,0.0,0.0,0,,,False,False,False,False,,,False,False,False,False,3877944,1166584.3673220547,False,False,False,False,3364778.910379515,False,False,False,False
2022-01-28 00:00:00+00:00,40.0201928172,40.3201711989,38.9435011796,39.5125370943,7480691,,,,,,,,,,,,,,,,,,,,,,,,,,,,,,39.76128839856666,,,,,,,39.76128839856666,#000000,,39.76128839856666,,74.13457840590182,26.182778936524784,False,False,True,False,False,,0.0,0.0,0.0,0.0,0,,,False,False,False,False,,,False,False,False,False,11358635,1921551.0808537544,False,False,False,False,3669661.2873884398,False,False,False,False
2022-02-04 00:00:00+00:00,40.9508949757,41.1278053034,39.8894330098,39.8894330098,6473053,,,,,,,,,,,,,,,,,,,,,,,,,,,,,,40.176360024587915,,,,,,,40.176360024587915,#000000,,40.176360024587915,,73.01778123095278,26.01631994103569,False,False,True,False,False,,0.0,0.0,0.0,0.0,0,,,False,False,False,False,,,False,False,False,False,17831688,3100079.741531254,False,False,False,False,3877319.9327670736,False,False,False,False
2022-02-11 00:00:00+00:00,40.2278701583,41.1854934537,40.0971103509,41.1854934537,5839588,,,,,,,,,,,,,,,,,,,,,,,,,,,,,,40.272872930689715,,,,,,,40.272872930689715,#000000,,40.272872930689715,,66.96458615553195,20.974909472605916,False,False,True,False,False,,0.0,0.0,0.0,0.0,0,,,False,False,False,False,,,False,False,False,False,11992100,3758747.908825235,False,False,False,False,4022673.1229324755,False,False,False,False
2022-02-18 00:00:00+00:00,40.2124866516,40.7047588677,39.7432896956,40.0971103509,6174459,,,,,,,,,,,,,,,,,,,,,,,,,,,,,,40.26034355579597,,,,,,,40.26034355579597,#000000,,40.26034355579597,,62.55297506086329,17.516544647575202,False,False,True,False,False,,0.0,0.0,0.0,0.0,0,,,False,False,False,False,,,False,False,False,False,5817641,3911258.5081715137,False,False,False,False,4182064.669381922,False,False,False,False
2022-02-25 00:00:00+00:00,40.6586083474,40.7278341278,38.9818061114,40.0663433374,8341783,,,,,,,,,,,,,,,,,,,,,,,,,,,,,,40.22688993393694,,,,,,,40.22688993393694,#000000,,40.22688993393694,,61.558455841741036,17.22868659864787,False,False,True,False,False,,0.0,0.0,0.0,0.0,0,,,False,False,False,False,,,False,False,False,False,14159424,4670381.877936587,False,False,False,False,4490191.953131409,False,False,False,False
2022-03-04 00:00:00+00:00,43.0045931272,43.0430518941,40.2355619117,40.4201639927,9774538,,,,,,,,,,,,,,,,,,,,,,,,,,,,,,40.64096361869378,,,,,,,40.64096361869378,#000000,,40.64096361869378,,66.3127962326091,17.22868659864787,False,False,True,False,True,,0.0,0.0,0.0,0.0,0,,,False,False,False,False,,,False,False,False,False,23933962,6097313.738830172,False,False,False,False,4881624.993640194,False,False,False,False
2022-03-11 00:00:00+00:00,42.4661703909,43.3238008923,41.0547336463,42.796915786,13308900,,,,,,,,,,,,,,,,,,,,,,,,,,,,,,41.021404425214044,,,,,,,41.021404425214044,#000000,,41.021404425214044,,67.40589563913825,10.517707951299549,False,False,True,False,True,,0.0,0.0,0.0,0.0,0,,,False,False,False,False,,,False,False,False,False,10625062,6432702.498916826,False,False,False,False,5505867.586703883,False,False,False,False
2022-03-18 00:00:00+00:00,42.0270898876,42.4480624073,40.990250163,42.0192941002,8603900,,,,,,,,,,,,,,,,,,,,,,,,,,,,,,41.1257506790975,,,,,,,41.1257506790975,#000000,,41.1257506790975,,66.53106398947219,10.517707951299549,False,False,True,False,True,,0.0,0.0,0.0,0.0,0,,,False,False,False,False,,,False,False,False,False,2021162,6105921.7212192835,False,False,False,False,5735351.469170261,False,False,False,False
2022-03-25 00:00:00+00:00,42.4948371317,42.557203431,41.9179488639,42.1830056356,4910580,,,,,,,,,,,,,,,,,,,,,,,,,,,,,,41.20868702273608,,,,,,,41.20868702273608,#000000,,41.20868702273608,,66.78405410921903,10.517707951299549,False,False,True,False,True,,0.0,0.0,0.0,0.0,0,,,False,False,False,False,,,False,False,False,False,6931742,6167093.593721559,False,False,False,False,5674257.28626876,False,False,False,False
2022-04-01 00:00:00+00:00,43.757754691,43.7655504784,42.0504772498,42.4090834703,6020782,,,,,,,,,,,,,,,,,,,,,,,,,,,,,,41.36385291857245,,,,,,,41.36385291857245,#000000,,41.36385291857245,,68.82239851659159,11.342854942633494,False,False,True,False,True,,0.0,0.0,0.0,0.0,0,,,False,False,False,False,,,False,False,False,False,12952524,6669718.068260703,False,False,False,False,5699925.783582185,False,False,False,False
2022-04-08 00:00:00+00:00,45.4104616203,45.5897647306,43.4926979193,43.757754691,6813455,,,,,,,,,,,,,,,,,,,,,,,,,,,,,,41.645947388150766,,,,,,,41.645947388150766,#000000,,41.645947388150766,,71.90746386434506,14.289968684927786,False,False,True,False,True,,0.0,0.0,0.0,0.0,0,,,False,False,False,False,,,False,False,False,False,19765979,7639811.470611762,False,False,False,False,5782409.429242765,False,False,False,False
2022-04-15 00:00:00+00:00,45.3714826833,45.6342007188,44.7945944155,45.3402995337,4746407,,,,,,,,,,,,,,,,,,,,,,,,,,,,,,41.84016378427552,,,,,,,41.84016378427552,#000000,,41.84016378427552,,73.98610206710912,16.268335525226888,False,False,True,False,True,,0.0,0.0,0.0,0.0,0,,,False,False,False,False,,,False,False,False,False,15019572,8186460.398714595,False,False,False,False,5705668.508558115,False,False,False,False
2022-04-22 00:00:00+00:00,44.3502345336,46.2602024472,44.2099103603,45.2545458723,5292648,,,,,,,,,,,,,,,44.94011578036666,,,,,,,,,,,,,,,42.015113854347526,,,,,,44.94011578036666,43.47761481735709,#000000,,43.47761481735709,,72.44795393387513,16.268335525226888,False,False,True,False,True,,-1.0,46.260204,44.20991,0.0,0,,,False,False,False,False,,,False,False,False,False,9726924,8300568.813624625,False,False,False,False,5675074.3968130695,False,False,False,False
2022-04-29 00:00:00+00:00,41.4502016198,44.1943187855,41.3800395332,44.0851777619,12696743,,,,,,,,,,,,,,,43.106051300669534,,,,,,,,,,,,,,,42.05403563250534,,,,,,43.106051300669534,42.58004346658744,#000000,,42.58004346658744,,65.68404498305064,23.721643555950635,False,False,True,False,False,,0.0,0.0,0.0,0.0,0,,,False,False,False,False,,,False,False,False,False,-2969819,7465725.271874653,False,False,False,False,6195197.997049138,False,False,False,False
2022-05-06 00:00:00+00:00,42.0270898876,43.0171548877,40.7018060291,41.5047721316,9359535,,,,,,,,,,,,,,,42.698561515200126,,,,,,,,,,,,,,,42.0428299743212,,,,,,42.698561515200126,42.37069574476067,#000000,,42.37069574476067,,61.70197039641553,20.04576971698073,False,False,True,False,False,,0.0,0.0,0.0,0.0,0,,,False,False,False,False,,,False,False,False,False,6389716,7386020.88136542,False,False,False,False,6429593.330601054,False,False,False,False
2022-05-13 00:00:00+00:00,41.2475111473,42.3038403404,40.0937346117,41.7152583915,7755564,,,,,,,,,,,,,,,42.37080760976137,,,,,,,,,,,,,,41.2150286998,41.99088459560718,,,,,,42.37080760976137,41.85890696838951,#000000,,41.85890696838951,,57.711732946855925,16.37781146099124,False,False,True,False,False,,0.0,0.0,0.0,0.0,0,,,False,False,False,False,,,False,False,False,False,-1365848,6737734.297560574,False,False,False,False,6527813.380186161,False,False,False,False
2022-05-20 00:00:00+00:00,41.0448206748,42.2063929978,40.5147071315,41.2397153599,6647975,,,,,,,,,,,,,,,42.193193650913884,,,,,,,,,,,,,,41.23361917944944,41.953337917668634,,,,,,42.193193650913884,41.79338358267732,#000000,,41.79338358267732,,54.57331309114264,13.522361471931035,False,False,True,False,False,,0.0,0.0,0.0,0.0,0,,,False,False,False,False,,,False,False,False,False,-8013823,5645026.349593123,False,False,False,False,6536714.240913112,False,False,False,False
2022-05-27 00:00:00+00:00,42.1752098482,42.22978036,41.1695532733,41.3410605961,5960194,,,,,,,,,,,,,,,42.15134439167872,,,,,,,,,,,,,,41.41642017041144,41.949173824991085,,,,,,42.15134439167872,41.83897946236041,#000000,,41.83897946236041,,54.038206737827664,13.09333867051943,False,False,True,False,False,,0.0,0.0,0.0,0.0,0,,,False,False,False,False,,,False,False,False,False,-2053629,5074755.582956595,False,False,False,False,6494009.037882511,False,False,False,False
2022-06-03 00:00:00+00:00,42.4636539821,42.8378517775,42.0660688246,42.6039781554,4150283,,,,,,,,,,,,,,,42.17571282145432,,,,,,,,,,,,,,41.59239957590325,41.96415684867763,,,,,,42.17571282145432,41.91075641534507,#000000,,41.91075641534507,,54.05793899808317,13.053883821735361,False,False,True,False,False,,0.0,0.0,0.0,0.0,0,,,False,False,False,False,,,False,False,False,False,2096654,4854155.465700551,False,False,False,False,6320399.701743065,False,False,False,False
2022-06-10 00:00:00+00:00,40.9434754386,42.9780979928,40.7875596906,42.5026329191,5789858,,,,,,,,,,,,,,41.56971104066667,42.114854298390256,,,,,,,,,,,,,,41.58806470448556,41.94852956942523,,,,,,42.114854298390256,41.80528990324193,#000000,,41.80528990324193,,51.84901253235622,10.779881253874862,False,False,False,False,False,,0.0,0.0,0.0,0.0,0,,,False,False,False,False,,,False,False,False,False,-3693204,4221017.7275005095,False,False,False,False,6281100.316428764,False,False,False,False
2022-06-17 00:00:00+00:00,37.6252667458,40.5770734307,37.3721642577,40.4601366197,13846973,,,,,,,,,,,,,,39.42260701278165,41.41959470776431,,,,,,,,,,,,,38.5248348114,40.627347877867294,41.652208371336336,,,,,,41.41959470776431,40.32931855622992,#000000,,39.99859610245331,,46.94011107991285,5.950066635142264,False,False,False,False,False,,0.0,0.0,0.0,0.0,0,,,False,False,False,False,,,False,False,False,False,-17540177,2609077.3773152865,False,False,False,False,6841535.330026633,False,False,False,False
2022-06-24 00:00:00+00:00,38.8195941115,38.8275035643,37.6885423678,38.1235622692,6562302,,,,,,,,,,,,,,39.17779156785609,41.169552818065384,,,,,,,,,,,,,38.49923370164045,40.34497878675658,41.52584846023118,,,,,,41.169552818065384,40.143481066909935,#000000,,39.79788921857963,,45.085099788726616,4.116271575452124,False,False,False,True,False,,0.0,0.0,0.0,0.0,0,,,False,False,False,False,-0.34282825441539394,-0.34282825441539394,False,False,False,False,-10977875,1602636.4604771174,False,False,False,False,6820851.379654289,False,False,False,False
2022-07-01 00:00:00+00:00,39.4286219735,39.5749468494,38.5032160014,38.835413017,6175538,,,,,,,,,,,,,,39.17610087567025,41.02288516627812,,,,,,,,,,,,,38.65480087770954,40.217312900800856,41.44158047903804,,,,,,41.02288516627812,40.10253605989936,#000000,,39.76777495511469,,44.544582869082255,3.480445792922424,False,False,False,True,False,,0.0,0.0,0.0,0.0,0,0.9744962714397084,0.9964063576081067,False,False,False,False,-0.2619461545810012,-0.30238720449819756,False,False,False,False,-4802337,1128193.981923257,False,False,False,False,6773050.388568786,False,False,False,False
2022-07-08 00:00:00+00:00,38.7800468477,39.1043344106,37.7834558009,38.835413017,3824702,,,,,,,,,,,,,,39.11057739843454,40.91574162408793,,,,,,,,,,,,,38.642367544000926,40.11265337491516,41.37906750838201,,,,,,40.91574162408793,40.03208148996411,#000000,,39.695334985359644,,43.54172687661583,2.3198397812124227,False,False,False,True,False,,0.0,0.0,0.0,0.0,0,0.9435754936823771,1.0016290752661259,False,False,False,False,-0.32322185154553157,-0.31280452802186454,False,False,False,False,-8627039,405584.1314104232,False,False,False,False,6554654.211637765,False,False,False,False
2022-07-15 00:00:00+00:00,38.5902199817,39.2862518239,38.1552000803,38.6218577927,6273072,,,,,,,,,,,,,,39.04657219910095,40.76688568662558,,,,,,,,,,,,,38.648328323690784,39.97822991196578,41.286361390365684,,,,,,40.76688568662558,39.94527550234975,#000000,,39.61000403034577,,42.644489867824724,1.2137350487218868,False,False,False,True,False,,0.0,0.0,0.0,0.0,0,0.9505002852047024,1.0121392663740543,False,False,False,False,-0.29445510106701694,-0.3036298145444407,False,False,False,False,-14900111,-728171.0635088673,False,False,False,False,6533796.270034968,False,False,False,False
2022-07-22 00:00:00+00:00,38.8433224698,39.2387951074,38.4715781904,38.8275035643,4939082,,,,,,,,,,,,,,39.02622268275084,40.67157849314706,,,,,,,,,,,,,38.67240610665472,39.90083966572681,41.222305482522685,,,,,,40.67157849314706,39.89867048616043,#000000,,39.56776173706986,,42.370875208464625,0.6612748841366596,False,False,False,True,False,,0.0,0.0,0.0,0.0,0,0.9527544836760168,1.0183633384751383,False,False,False,False,-0.28065442590128903,-0.2921421202228649,False,False,False,False,-9961029,-1412086.466211914,False,False,False,False,6415669.287069415,False,False,False,False
2022-07-29 00:00:00+00:00,39.9664647607,40.1087558157,38.6535746982,38.9382359028,5090422,,,,,,,,,,,,,,39.079553045374126,40.61815432546916,,,,,,,,,,,,,38.77090359548526,39.879386690968715,41.17885768007165,,,,,,40.61815432546916,39.90537106747378,#000000,,39.58699941432432,,43.72503631524725,0.6612748841366596,False,False,False,True,False,,0.0,0.0,0.0,0.0,0,0.9793420568159776,0.9804830948529639,False,False,False,False,-0.22760569714615836,-0.25987390868451166,False,False,False,False,-4870607,-1668273.1724184388,False,False,False,False,6317502.821360569,False,False,False,False
2022-08-05 00:00:00+00:00,38.9698737138,39.9901931189,38.5111254541,39.9110985914,4985151,,,,,,,,,,,,,,39.08627462794734,40.551544790737374,,,,,,,,,,,,,38.808140947592115,39.83547402996756,41.1279122740266,,,,,,40.551544790737374,39.881869334054194,#000000,,39.570358599061095,,43.598796675645225,0.6612748841366596,False,False,False,True,False,,0.0,0.0,0.0,0.0,0,0.9543483302746367,1.0019583872436475,False,False,False,False,-0.24064035304735396,-0.2502571308659328,False,False,False,False,-9855758,-2274753.5300170733,False,False,False,False,6218810.093852378,False,False,False,False
2022-08-12 00:00:00+00:00,39.9269174969,40.2947070499,38.9619642611,39.2150667492,5627029,,,,,,,,,,,,,,39.14347633654234,40.511233434366424,,,,,,,,,,,,,38.89842211838138,39.828563798709496,41.089192542319864,,,,,,40.511233434366424,39.8941776460639,#000000,,39.59542392199991,,44.75867167234405,0.6612748841366596,False,False,False,True,False,,0.0,0.0,0.0,0.0,0,0.9601824119801523,0.9962851751485793,False,False,False,False,-0.20312195487835144,-0.22668954287214213,False,False,False,False,-4228729,-2419492.453719512,False,False,False,False,6174974.457270721,False,False,False,False
2022-08-19 00:00:00+00:00,40.1879294378,40.4252130204,39.3416179932,39.5472637648,4764696,,,,,,,,,,,,,39.98492015046667,39.20254076457907,40.490290676785904,,,,,,,,,,,,,38.981799779141696,39.836627091013625,41.063924690908664,,,,,39.98492015046667,40.490290676785904,39.92668385881594,#000000,,39.50147194630026,,45.91681869716207,0.6612748841366596,False,False,False,True,False,,-1.0,40.425213,39.341618,0.0,0,0.9770726978313538,0.982312743879834,False,False,False,False,-0.1781038604323163,-0.20239670165222923,False,False,False,False,535967,-2200569.53122177,False,False,False,False,6070509.386361779,False,False,False,False
2022-08-26 00:00:00+00:00,39.2229762019,40.148382174,39.1913383909,40.1009254575,4579070,,,,,,,,,,,,,39.757518727377324,39.22265981839815,40.45458537742916,,,,,,,,,,,,,39.0188276087343,39.821718223376024,41.03072297527228,,,,,39.757518727377324,40.45458537742916,39.88433878843121,#000000,,39.45518109447145,,45.62409692248542,0.6612748841366596,False,False,False,True,False,,0.0,0.0,0.0,0.0,0,0.9899781666024925,0.988064111517761,False,False,False,False,-0.1990329108812533,-0.20071480626674126,False,False,False,False,-4043103,-2337053.4918720094,False,False,False,False,5960032.394779425,False,False,False,False
2022-09-02 00:00:00+00:00,38.2659324188,39.4207125207,37.818257393,39.0885155051,5179765,,,,,,,,,,,,,39.30961200408717,39.17455502332648,40.37647123385615,,,,,,,,,,,,,38.98154127979893,39.754781235644124,40.9706277331873,,,,,39.30961200408717,40.37647123385615,39.76126475165003,#000000,,39.30512238571418,,44.406514047182064,0.6612748841366596,False,False,False,True,False,,0.0,0.0,0.0,0.0,0,0.9267846495025877,1.0605870793031087,False,False,False,False,-0.30491836456536664,-0.25281658541605395,False,False,False,False,-9222868,-2847113.825807416,False,False,False,False,5902234.809980949,False,False,False,False
2022-09-09 00:00:00+00:00,38.6851334147,38.708861773,37.6446449051,38.3292080408,6243422,,,,,,,,,,,,,39.019973737817416,39.112900042079445,40.28309138349406,,,,,,,,,,,,,38.9307465799355,39.673649488923886,40.8975546895702,,,,,39.019973737817416,40.28309138349406,39.65298598697008,#000000,,39.18431746218906,,44.13301519428374,0.34435956778854404,False,False,False,True,False,,0.0,0.0,0.0,0.0,1,0.900129145946967,1.086862854478978,False,False,False,False,-0.34282825441539394,-0.29782241991572395,False,False,False,False,-2979446,-2856916.2090809406,False,False,False,False,5927507.935167545,False,False,False,False
2022-09-16 00:00:00+00:00,37.6865174251,39.2941612767,37.0281675255,38.9145075445,9898028,,,,,,,,,,,,,38.6916988929378,38.9957489085004,40.12812985009564,,,,,,,,,,,,,38.826377367046454,39.53385571283935,40.775183068215135,,,,,38.6916988929378,40.12812985009564,39.49183229993913,#000000,,39.011920220331,,42.90398314864376,-1.1450006844327945,False,False,False,True,False,,0.0,0.0,0.0,0.0,1,0.889124514999355,1.0503027492011747,False,False,False,False,-0.34282825441539394,-0.32032533716555894,False,False,False,False,-12877474,-3599179.749149019,False,False,False,False,6221620.532562542,False,False,False,False
2022-09-23 00:00:00+00:00,36.321645682,37.9474487878,36.1851585077,37.3653711326,6582756,,,,,,,,,,,,,38.360576829514336,38.852915428326384,39.984991406885314,,,,,,,,,,,,,38.6865886140488,39.39069547960518,40.666968632148055,,,,,38.360576829514336,39.984991406885314,39.32378939842135,#000000,,38.82269408787367,,40.78925457777338,-3.436378447355736,False,False,False,True,False,,0.0,0.0,0.0,0.0,0,0.8503609780603785,1.08325410393236,False,False,False,False,-0.34282825441539394,-0.33157679579047644,False,False,False,False,-19460230,-4774072.360323166,False,False,False,False,6248371.307928279,False,False,False,False
2022-09-30 00:00:00+00:00,33.6721887689,36.1691011931,33.6320454823,36.0406426761,9158951,,,,,,,,,,,,,37.59688862004142,38.48814874138488,39.673199351130094,,,,,,,,,,,,,38.31614793947389,39.05589410221504,40.44059515395671,,,,,37.59688862004142,39.673199351130094,38.92847898470034,#000000,,38.36426985077881,,37.408602066313485,-6.8576230462427645,False,False,False,True,False,,0.0,0.0,0.0,0.0,0,0.7891243355657211,1.146626299878166,False,False,False,False,-0.34282825441539394,-0.3372025251029352,False,False,False,False,-28619181,-6540376.704002931,False,False,False,False,6463969.803637296,False,False,False,False
2022-10-07 00:00:00+00:00,33.7203607127,36.1530438784,33.6039451817,34.137850893,7494806,,,,,,,,,,,,,37.165227750609404,38.23222575690673,39.44327844974778,,,,,,,,,,,,,38.058492936367706,38.81423356349529,40.26737851643858,,,,,37.165227750609404,39.44327844974778,38.66347282892759,#000000,,38.067545001844785,,35.066490830579625,-9.192318623325136,False,False,False,True,False,,0.0,0.0,0.0,0.0,0,0.7577989486331184,1.1870416035056635,False,False,False,False,-0.34282825441539394,-0.34001538975916457,False,False,False,False,-21124375,-7620672.874076788,False,False,False,False,6540328.040404905,False,False,False,False
2022-10-14 00:00:00+00:00,33.5838735384,34.5553410732,32.0182853625,33.8247332578,7365576,,,,,,,,,,,,,36.710865939639625,37.945233252635695,39.19012636093951,,,,,,,,,,,,33.3858333247,37.76827925633293,38.545700457731854,40.07591510789024,,,,,36.710865939639625,39.19012636093951,37.660279099981416,#000000,,36.45255294332706,,33.30385773560606,-10.942586209545027,False,False,False,True,False,,0.0,0.0,0.0,0.0,0,0.7034811105020395,1.216096248143603,False,False,False,False,-0.34282825441539394,-0.3414218220872792,False,False,False,False,-28489951,-9166545.327848878,False,False,False,False,6601457.51889343,True,False,False,False
2022-10-21 00:00:00+00:00,34.6837995902,35.1735476863,33.9612204321,34.1057362637,6561773,,,,,,,,,,,,,36.50725918246172,37.77790812981154,39.02558707333849,,,,,,,,,,,,33.96079547079623,37.6024909970198,38.3794153733544,39.94361917459477,,,,,36.50725918246172,39.02558707333849,37.599582200196714,#000000,,36.462113445022325,,33.76990899246828,-10.942586209545027,False,False,False,True,False,,0.0,0.0,0.0,0.0,0,0.7481000001297073,1.210113340317384,False,False,False,False,-0.24587526730830847,-0.29364854469779383,False,False,False,False,-21928178,-10111851.451711923,False,False,False,False,6598517.924901324,False,False,False,False
2022-10-28 00:00:00+00:00,36.5063048002,36.5544767441,34.3465959831,34.7962007926,7206033,,,,,,,,,,,,,36.439573162611374,37.67486612561888,38.90335283302053,,,,,,,,,,,,34.58876355622427,37.504491810724346,38.26525524473407,39.83646898889951,,,,,36.439573162611374,38.90335283302053,37.60182453169043,#000000,,36.55192366379472,,36.53812424217004,-10.942586209545027,False,False,False,True,False,,0.0,0.0,0.0,0.0,0,0.8190500315046716,1.1395515891235855,False,False,False,False,-0.17598053580161654,-0.2348145402497052,False,False,False,False,-14722145,-10453354.67751104,False,False,False,False,6643519.0415753005,False,False,False,False
2022-11-04 00:00:00+00:00,36.8194224354,37.0683108121,35.5749805519,36.1048719346,9463604,,,,,,,,,,,,,36.44494882200356,37.598747368187716,38.78874229563008,,,,,,,,,,,,35.17606206470745,37.43663433889799,38.167517331105266,39.72641121664434,,,,,36.44494882200356,38.78874229563008,37.61986620531092,#000000,,36.664098148449185,,38.89581044667939,-10.942586209545027,False,False,False,True,True,,0.0,0.0,0.0,0.0,0,0.8594177171949399,1.1033539198643072,False,False,False,False,-0.1119208234617508,-0.17336768185572798,False,False,False,False,-5258541,-10068553.664362075,False,False,False,False,6852414.223680833,False,False,False,False
2022-11-11 00:00:00+00:00,37.8711765433,37.8912481866,36.321645682,36.8435084073,9050756,,,,,,,,,,,,,36.53360999547589,37.585032840394526,38.72678887599279,,,,,,,,,,,,35.674919464281906,37.432118512266186,38.127245404291386,39.65434222834982,,,,,36.53360999547589,38.72678887599279,37.6762939030075,#000000,,36.80642020310463,,41.81219177933701,-14.073262836858284,False,False,False,True,True,,0.0,0.0,0.0,0.0,0,0.8888935825399088,1.0690917777595943,False,False,False,False,-0.054996157807255114,-0.11418191983149155,False,False,False,False,3792215,-9041830.059594514,False,False,False,False,7015254.355260031,False,False,False,False
2022-11-18 00:00:00+00:00,38.0076637176,38.1160505914,37.0417359564,37.9354058018,5592763,,,,,,,,,,,,,36.600638690365955,37.58974760850083,38.70053913142976,,,,,,,,,,,,35.92796286936932,37.44247354670186,38.11510499309081,39.618625441872624,,,,,36.600638690365955,38.70053913142976,37.713584611618735,#000000,,36.89020567873449,,44.051580554254585,-11.949717106907094,False,False,False,True,True,,0.0,0.0,0.0,0.0,0,0.8943447770546853,1.062480210856737,False,False,False,False,-0.020922054350708395,-0.06755198709109997,False,False,False,False,9384978,-7676881.314439366,False,False,False,False,6909884.625240769,False,False,False,False
2022-11-25 00:00:00+00:00,38.5616410722,38.6057986874,37.6222881666,38.0799216335,3233225,,,,,,,,,,,,38.263242642066665,36.65314722174399,37.60290592316232,38.694034125619616,,,,,,,,,,,,36.08372734103427,37.459090575818706,38.11762580286713,39.60429686687496,,,,,36.65314722174399,38.694034125619616,37.80975881239846,#000000,,37.11480194516591,,46.29336268872847,-9.825454488258977,False,False,False,False,True,,0.0,0.0,0.0,0.0,0,0.8950374932618609,1.0546621268018883,False,False,False,False,0.01762002012894349,-0.024965983481078237,False,False,False,False,12618203,-6173541.735592006,False,False,False,False,6637539.467815528,False,False,False,False
2022-12-02 00:00:00+00:00,37.9514631165,38.505440471,37.5701018941,38.2404947797,5416785,,,,,,,,,,,,38.10403267209466,36.72128189106827,37.61577693076506,38.67737708920059,,,,,,,,,,,,36.27724558738143,37.477130898782704,38.11461489170986,39.57653407199895,,,,,36.72128189106827,38.67737708920059,37.820499254125195,#000000,,37.14492276233177,,47.15253519300349,-9.007637341225184,False,False,False,False,True,,0.0,0.0,0.0,0.0,0,0.8718300703735832,1.069794771684154,False,False,False,False,0.034791429800405366,0.004912723159663564,False,False,False,False,7201418,-5182803.977400006,False,False,False,False,6547113.210940303,False,False,False,False
2022-12-09 00:00:00+00:00,37.2529699303,38.2404947797,37.2248696297,37.9835777457,7483836,,,,,,,,,,,,37.85760525529829,36.776561972348986,37.61397303959682,38.64147466622364,,,,,,,,,,,,36.435219607443024,37.481278103798516,38.094629983631485,39.529487163904335,,,,,36.776561972348986,38.64147466622364,37.803778724030636,#000000,,37.137666234722204,,46.95159826137437,-9.007637341225184,False,False,False,False,True,0.0,0.0,0.0,0.0,0.0,0,0.8908587300076225,1.0816394124672262,False,False,False,False,0.11532444114928175,0.06011858215447266,False,False,False,False,-282418,-4819812.423518524,False,False,False,False,6616500.084203985,False,False,False,False
2022-12-16 00:00:00+00:00,35.9586158849,37.8632281726,35.486012277,37.0361961828,15995802,,,,,,,,,,,,37.149832726919676,36.73505774795704,37.51703493072154,38.49820853116139,,,,,,,,,,,,36.43537104813954,37.39261856240664,37.97342437360332,39.381658881517716,,,,,36.73505774795704,38.49820853116139,37.63540085030336,#000000,,36.92822002135573,,45.44117161638887,-9.007637341225184,False,False,False,True,True,0.0,0.0,0.0,0.0,0.0,0,0.9282076983141182,1.0425820900912155,False,False,False,False,0.008955430686473644,0.03453700642047315,False,False,False,False,-16278220,-5668583.355109744,False,False,False,False,7311263.189077763,False,False,False,False
2022-12-23 00:00:00+00:00,35.9830608991,36.2112143649,35.355638868,36.1052859701,16964286,,,,,,,,,,,,36.700668891429764,36.633767473580974,37.383225919111915,38.32752755495337,,,,,,,,,,,35.84997137733333,36.33009785687307,37.26530837524279,37.82069715781983,39.211308120403864,,,,,36.633767473580974,38.32752755495337,37.28028585852766,#000000,,36.37862639980428,,44.39695976503814,-9.007637341225184,False,False,False,True,True,0.0,0.0,0.0,0.0,0.0,0,0.9178932282386407,1.042089081223747,False,False,False,False,-0.08038275262450269,-0.022922873102014768,False,False,False,False,686066,-5197868.588064578,False,False,False,False,8026301.915812744,False,False,False,False
2022-12-30 00:00:00+00:00,35.8119457997,36.219362703,35.355638868,36.0075059133,4200487,,,,,,,,,,,,36.629338277487044,36.61067256467602,37.35228841641416,38.28775722625061,,,,,,,,,,35.79564912356666,35.83919025906868,36.307314615970036,37.23587824440338,37.78526424025343,39.170995207721816,,,,,36.61067256467602,38.28775722625061,37.101434817581186,#000000,,36.1428730690231,,43.467723947335266,-9.007637341225184,False,False,False,True,False,0.0,0.0,0.0,0.0,0.0,0,0.896773817456835,1.061083159340729,False,False,False,False,-0.07997249984312144,-0.0514476864725681,False,False,False,False,-3514421,-5073168.766726461,False,False,False,False,7742908.218345134,False,False,False,False
2023-01-06 00:00:00+00:00,37.3519816941,37.3682783703,35.3719355441,35.6408307003,5122857,,,,,,,,,,,,36.63530676805243,36.61349235896927,37.33708537374551,38.25786330491574,,,,,,,,,,36.29112942447413,36.00643539603193,36.326592899600385,37.22304080492337,37.762534769093044,39.13589542201296,,,,,36.61349235896927,38.25786330491574,37.158937652181876,#000000,,36.31486612203972,,44.97320613062553,-9.007637341225184,False,False,False,True,False,0.0,0.0,0.0,0.0,0.0,0,0.9243718816444768,1.027945916320696,False,False,False,False,-0.021515138752387208,-0.03648141261247766,False,False,False,False,1608436,-4578235.0803022785,False,False,False,False,7548830.350319568,False,False,False,False
2023-01-13 00:00:00+00:00,38.0201454155,38.1179254723,36.8793780863,37.457910089,5731595,,,,,,,,,,,,36.727976736793224,36.65066348396452,37.34557619020132,38.24580599482078,,,,,,,,,,36.81702721769889,36.30466591432782,36.3971125155042,37.23471734060256,37.760477769487636,39.113025487877714,,,,,36.65066348396452,38.24580599482078,37.259704865127866,#000000,,36.56169559608103,,46.877153104064966,-8.852298576440838,False,False,False,False,True,0.0,0.0,0.0,0.0,0.0,0,0.9530809902836984,1.0136209846459652,False,False,False,False,0.09165659622791666,0.027587591807719504,False,False,False,False,7340031,-3695400.5558354435,False,False,False,False,7414220.32436997,False,False,False,False
2023-01-20 00:00:00+00:00,38.0527387678,38.5823807421,37.3601300322,38.2238538672,6292378,,,,,,,,,,,,36.841462616035066,36.70067179266151,37.36322966833178,38.24033556197593,,,,,,,,,,37.165255897569544,36.58285106390441,36.48421363153201,37.255895501010535,37.766298664481525,39.09422487135185,,,,,36.70067179266151,38.24033556197593,37.34944392688542,#000000,,36.76844580226026,,48.277851538671605,-7.397571945172096,False,False,False,False,True,0.0,0.0,0.0,0.0,0.0,0,0.9576898562355433,1.0007637070058395,False,False,False,False,0.13958503877743794,0.08358631529257872,False,False,False,False,13632409,-2411859.10725504,False,False,False,False,7331120.892935157,False,False,False,False
2023-01-27 00:00:00+00:00,38.1505188246,38.2360763743,37.3764267083,37.8001402878,5010904,,,,,,,,,,,,36.91315698695243,36.73569578371158,37.37498765228753,38.23480972544566,,,,,,,,,,37.308930151513714,36.73762909759721,36.54386626618707,37.27026612027474,37.76925504971473,39.07867471913877,,,,,36.73569578371158,38.23480972544566,37.396727155282335,#000000,,36.875895625562606,,49.4076770598998,-6.199489927131587,False,False,False,False,True,0.0,0.0,0.0,0.0,0.0,0,0.9528815517517423,1.0314104127971704,False,False,False,False,0.1227900266371319,0.1031881709648553,False,False,False,False,18643313,-852216.728939852,False,False,False,False,7159252.97493996,False,False,False,False
2023-02-03 00:00:00+00:00,37.5556901458,38.9206997386,37.1564215806,38.0364420917,6715173,,,,,,,,,,,37.87760382166667,36.99197696932314,36.77798875424894,37.38879628827203,38.2267138443769,,,,,,,,,,37.424392812395205,36.890616356154226,36.61416240270202,37.28735666313396,37.771960439717034,39.05771335566717,,,,,36.77798875424894,38.2267138443769,37.32515683519901,#000000,,37.29614748988481,,49.354275449980385,-6.1159410730491715,False,False,False,False,True,0.0,0.0,0.0,0.0,0.0,0,0.9512780884319597,1.0111000439078008,False,False,False,False,0.1464577444276277,0.12482295769624151,False,False,False,False,11928140,94476.36209272954,False,False,False,False,7126358.161981444,False,False,False,False
2023-02-10 00:00:00+00:00,37.1482732425,37.5719868219,36.6023345921,37.4090200606,5659332,,,,,,,,,,,37.52542047072908,36.99942301985533,36.78796364582489,37.382431313959955,38.205737147140155,,,,,,,,,,37.37809544955088,36.91265694802798,36.63514533876576,37.28319080370897,37.75826682198273,39.029445504828715,,,,,36.78796364582489,38.205737147140155,37.28683309595458,#000000,,37.20389897204082,,48.745266535496036,-6.1159410730491715,False,False,False,False,True,0.0,0.0,0.0,0.0,0.0,0,0.9254698327020188,1.0529250357739457,False,False,False,False,0.05027279721310288,0.08754787745467218,False,False,False,False,6268808,551834.2611969718,False,False,False,False,7017689.557390226,False,False,False,False
2023-02-17 00:00:00+00:00,37.3438333561,37.5679126529,36.5615929017,37.1156798902,4909688,,,,,,,,,,,37.42098968879088,37.00780680463004,36.79742631403096,37.37810581518312,38.188969822495636,,,,,,,,,,37.35331034253131,36.932514091282485,36.65374245332626,37.28072000422183,37.74771892842341,39.006201682186855,,,,,36.79742631403096,38.188969822495636,37.27613042649159,#000000,,37.178655231808676,,48.618623687888416,-6.1159410730491715,False,False,False,False,True,0.0,0.0,0.0,0.0,0.0,0,0.914693745259836,1.0564315538108826,False,False,False,False,0.0607092356414024,0.0741285565480373,False,False,False,False,11178496,1338994.389997196,False,False,False,False,6861541.293879839,False,False,False,False
2023-02-24 00:00:00+00:00,36.219362703,37.3438333561,35.8893550113,37.1564215806,3472590,,,,,,,,,,,37.264262938654404,36.98890701809285,36.79185806224765,37.366095584631395,38.16989315805425,,,,,,,,,,37.28925175682365,36.908218134387106,36.64957977828854,37.26977297043551,37.73221340129355,38.98424185284999,,,,,36.79185806224765,38.16989315805425,37.243005280290895,#000000,,37.1126599619895,,46.984047130958544,-6.1159410730491715,False,False,False,False,True,0.0,0.0,0.0,0.0,0.0,0,0.9036111557067998,1.0554555673912003,False,False,False,False,0.08229679907934898,0.07821267781369313,False,False,False,False,7705906,1810617.472219626,False,False,False,False,6610507.864703555,False,False,False,False
2023-03-03 00:00:00+00:00,36.2764010694,36.6512246205,35.7182399119,36.3252910978,4453071,,,,,,,,,,,37.078972000380595,36.95468379851778,36.77900794441608,37.346604249562105,38.1422422166578,,,,,,,,,,37.196511539491134,36.863193205086596,36.636324833649326,37.251510902636504,37.70871229306499,38.95366588705299,,,,,36.77900794441608,38.1422422166578,37.19577629834629,#000000,,37.02334013586903,,45.91510192433805,-6.1159410730491715,False,True,False,True,False,0.0,0.0,0.0,0.0,0.0,1,0.9325279880285615,1.0555080640806427,False,False,False,False,0.0612112946979657,0.06971198625582942,False,False,False,False,12158977,2577162.6224255795,False,False,False,False,6450697.726577366,False,False,False,False
2023-03-10 00:00:00+00:00,35.2008204447,36.4923320282,35.0785953737,36.2764010694,5410617,,,,,,,,,,,36.81597457920199,36.88510289599184,36.74767433801408,37.31119559371062,38.09912413149654,,,,,,,,,,37.044014772159976,36.77007268605344,36.598931445609814,37.21728112958992,37.669577338695255,38.90914116599629,,,,,36.74767433801408,38.09912413149654,37.11589489105235,#000000,,36.87879123335181,,43.80701328669154,-1.4019200123573867,False,True,False,True,False,0.0,0.0,0.0,0.0,0.0,1,0.9213787535632907,1.0410852385864016,False,False,False,False,0.008324047677005977,0.0390180169664177,True,False,False,False,6748360,2886140.2059496106,True,False,False,False,6373654.709793856,True,False,False,False
2023-03-17 00:00:00+00:00,36.1715738013,36.2750867758,35.0378536834,35.2171171209,11714698,,,,,,,,,,,36.54263645478008,36.7799843431161,36.69801899938243,37.24915814846528,38.01897043254276,,,,,,,,,35.828171420166676,36.83666967412493,36.64125657299801,36.543546907988706,37.15794553257032,37.59874829492682,38.823286980121104,,,,,36.69801899938243,38.01897043254276,36.78761363485192,#000000,,36.46218353051742,,43.97330893100647,-1.4019200123573867,False,True,False,True,False,0.0,0.0,0.0,0.0,0.0,1,0.9341803757326176,1.0629401207426001,True,False,False,False,-0.006010221543473445,0.016503897711472128,False,False,False,False,18463058,4039985.9684718614,False,False,False,False,6769287.546105423,False,False,False,False
2023-03-24 00:00:00+00:00,36.635311927,37.0742069388,36.1715738013,36.436567016,6731190,,,,,,,,,,,36.55421414229305,36.77171602439373,36.69588257193669,37.23455554358288,37.991302477246116,,,,,,,,,36.11968760351554,36.817960673772255,36.640220130125705,36.54685716827225,37.14522709533483,37.577736239661455,38.7886755850551,,,,,36.69588257193669,37.991302477246116,36.810405719288845,#000000,,36.53302063742664,,44.830441109361175,-1.4019200123573867,False,True,False,True,False,0.0,0.0,0.0,0.0,0.0,1,0.9849834834754849,1.0075973906504438,False,False,False,False,0.12679823434884524,0.07165106603015868,False,False,False,False,25194248,5606968.34117765,False,False,False,False,6766465.50565317,False,False,False,False
2023-03-31 00:00:00+00:00,37.0907690147,37.4799777987,36.627030889,36.7678085343,5669857,,,,,,,,,,,36.607219861503765,36.78452921127362,36.70503135043671,37.23128618490522,37.97606390777355,,,,,,,,,36.34215785411432,36.83529758898161,36.664834879022635,36.56363345706636,37.143658565234034,37.56858080986502,38.76610662900378,,,,,36.70503135043671,37.97606390777355,36.84462297624033,#000000,,36.61237754590558,,46.148996570104664,-1.4019200123573867,False,True,False,False,False,0.0,0.0,0.0,0.0,0.0,1,1.0712317817318187,0.9514887961163893,False,False,False,False,0.18715336870115332,0.129402217365656,False,False,False,False,30864105,7477867.352942268,False,False,False,False,6685235.245975157,False,False,False,False
2023-04-07 00:00:00+00:00,38.6724472647,38.9374404794,37.0659259008,37.1901414702,5850327,,,,,,,,,,,36.76346131466855,36.84648813890346,36.74284865619092,37.250780782035655,37.98022758589555,,,,,,,,,36.709801265605,36.92882593800776,36.75269116129982,36.617258605888665,37.165291659986366,37.58048213692844,38.7588933756793,,,,,36.74284865619092,37.98022758589555,36.93579296595146,#000000,,36.78869491989528,,49.225983584289025,-5.294543624023262,False,False,False,False,True,0.0,0.0,0.0,0.0,0.0,1,1.085836011673242,0.9087926110530379,False,False,False,False,0.3256842886330224,0.2275432529993392,False,False,False,False,36714432,9643538.808279878,False,False,False,False,6623390.190717738,False,False,False,False
2023-04-14 00:00:00+00:00,39.3763354912,39.9146029584,37.7780951652,38.3412057464,6242191,,,,,,,,,,,36.97451636756035,36.94197722945914,36.801804168894,37.28710674629681,37.998491489572665,,,,,,,,,37.10859140542435,37.06910634984798,36.88134855285376,36.6973410268949,37.204107895972705,37.60784732063093,38.76259919283925,,,,,36.801804168894,37.998491489572665,37.05737470638349,#000000,,37.00839066892161,,52.23428871619147,-2.4060929366814534,False,False,False,False,True,1.7297361949334231,0.0,0.0,0.0,0.0,1,1.1526977974751427,0.833926836040492,False,False,False,False,0.342828237106124,0.2851857450527316,False,False,False,False,42956623,12111174.674333218,False,False,False,False,6595153.213627536,False,False,False,False
2023-04-21 00:00:00+00:00,39.409459643,39.7572632372,38.9125973655,39.4674269087,4865105,,,,,,,,,,,37.13637861612705,37.021917104087265,36.85233358698955,37.319697799354856,38.01682367876808,,,,,,,,,37.375241972084275,37.182763684463296,36.986184061974235,36.76466910444709,37.238650437034494,37.633372605073696,38.7690589918918,,,,,36.85233358698955,38.01682367876808,37.15112089716358,#000000,,37.17014208366221,,54.42112462970276,-0.35810720798090756,True,False,True,False,True,1.815914914664532,0.0,0.0,0.0,0.0,0,1.1434019135269236,0.8640758147078663,False,False,False,False,0.3428282353478739,0.31400699020030276,False,False,False,False,47821728,14756400.846604832,False,False,False,False,6467001.49409957,False,False,False,False
2023-04-28 00:00:00+00:00,39.806949465,39.9187434774,39.1196233145,39.2935251116,5763457,,,,,,,,,,,37.320816184705656,37.11965945583837,36.915507659800525,37.3616740937049,38.04192153235837,,,,,,,,,37.65086604912149,37.31779838256257,37.1116328110288,36.84757786436612,37.28292215963939,37.66699732680112,38.779763654668706,,,,,36.915507659800525,38.04192153235837,37.259545198756896,#000000,,37.35027835685463,,56.450806477419874,1.5289447384072545,True,False,True,False,True,2.8549589140867297,0.0,0.0,0.0,0.0,0,1.1441251434866648,0.8954858056964583,False,False,False,False,0.342828235240851,0.3284176127205769,False,False,False,False,53585185,17632607.08018966,False,False,False,False,6414887.087129232,False,False,False,False
2023-05-05 00:00:00+00:00,39.8566356927,40.0636616417,39.1030612385,39.8980408825,6401359,,,,,,,,,,39.674452857633334,37.50048128068144,37.22231507434737,36.983841212610365,37.407714048084415,38.0699064892446,,,,,,,,,37.89418211769642,37.454672079961554,37.24062621628415,36.936043889040796,37.33140270977108,37.704128649345364,38.7921624496566,,,,39.674452857633334,36.983841212610365,38.0699064892446,37.564573148611096,#000000,,38.13094708399319,,57.9603294372926,2.923618732879035,True,False,True,False,True,2.9853722331116117,-1.0,40.063663,39.10306,0.0,0,1.1078405497732895,0.9052153369746854,False,False,False,False,0.34282823555422487,0.3356229241374009,False,False,False,False,59986544,20769935.74091635,False,False,False,False,6413885.00660114,False,True,False,False
2023-05-12 00:00:00+00:00,39.202433694,39.9477271103,39.020250859,39.8897598446,4223624,,,,,,,,,,39.56143222070267,37.59109197187047,37.27830368434712,37.02253250081041,37.43341463941004,38.08467176520667,,,,,,,,,38.00413953284872,37.526103758617936,37.3097159849643,36.98569145471689,37.35857552652738,37.72445686289178,38.797580589507966,,,,39.56143222070267,37.02253250081041,38.08467176520667,37.607100127481594,#000000,,38.17069187100995,,57.78241521108449,2.923618732879035,True,False,True,False,True,1.1362870352250418,0.0,0.0,0.0,0.0,0,1.0837464327801294,0.9330422845016355,False,False,False,False,0.3241984878771196,0.32991070600726025,False,False,False,False,55762920,23362008.64899662,False,False,False,False,6251643.450556612,False,False,False,False
2023-05-19 00:00:00+00:00,38.8794732137,39.4757079467,38.4985454676,39.3183682255,3999466,,,,,,,,,,39.394558637704,37.650168552463334,37.31824103882149,37.05145828275033,37.45182180531673,38.093752839639,,,,,,,,,38.065770291643425,37.57422765607775,37.358202116127096,37.022637408880705,37.37823544290092,37.73830509964064,38.79888778093657,,,,39.394558637704,37.05145828275033,38.093752839639,37.626532123268575,#000000,,38.17118128447213,,57.06063623546047,2.923618732879035,True,False,True,False,True,0.23763748251626993,0.0,0.0,0.0,0.0,0,1.044526973268038,0.9549882419494148,False,False,False,False,0.23396742285451064,0.28193906443088546,False,False,False,False,51763454,25465819.41573761,False,False,False,False,6084815.491256122,False,False,False,False
2023-05-26 00:00:00+00:00,37.629036482,38.8794732137,37.2149845841,38.8711921757,5267811,,,,,,,,,,39.00084781969474,37.66411129014433,37.33621453406213,37.06804705351938,37.458991231664946,38.09122157506796,,,,,,,,,38.05330208395553,37.58843340493701,37.37878433597861,37.04402333528165,37.386708211920286,37.740788699615244,38.789014351353856,,,,39.00084781969474,37.06804705351938,38.09122157506796,37.59794633011586,#000000,,38.0766736496829,,54.478787814902326,2.923618732879035,True,False,True,False,False,0.0,0.0,0.0,0.0,0.0,0,0.9855769137551109,0.989735114414726,False,False,False,False,0.07194316623473586,0.17694111533281065,False,False,False,False,46495643,27023584.125682972,False,False,False,False,6024296.640051965,False,False,False,False
2023-06-02 00:00:00+00:00,37.8691865828,37.8857486587,37.1901414702,37.620755444,4266660,,,,,,,,,,38.76198737570698,37.66344987921073,37.34373600099319,37.07701121138045,37.461372337287436,38.086391296161935,,,,,,,,37.648358903900004,38.028966049892986,37.59043131745297,37.38671998631524,37.055622037248014,37.39005531415259,37.739704794267325,38.77886835017141,,,,38.76198737570698,37.07701121138045,38.086391296161935,37.594633807625314,#000000,2.547247097201106,38.02569055217768,-0.061440434871688085,53.024063288943566,2.923618732879035,True,False,False,False,False,0.0,0.0,0.0,0.0,0.0,0,0.9880666960215185,1.0194624763633229,False,False,False,False,-0.013777861531590817,0.08158162690060991,False,False,False,False,50762303,28782007.746002752,False,False,False,False,5894101.333381449,False,False,False,False
2023-06-09 00:00:00+00:00,38.0679314938,38.2418332909,37.5917718112,37.8857486587,6161007,,,,,,,,,,38.600482343182435,37.68081232702031,37.3646989922614,37.09643360895218,37.47039233235412,38.08454287162492,,,,,,,,37.836728173260546,38.024032310888686,37.60773579873174,37.41038787252945,37.08020343031734,37.40052251401052,37.74349255414435,38.76857512655917,,,,38.600482343182435,37.09643360895218,38.08454287162492,37.610203737115455,#000000,2.5463007278926235,38.03551378858799,0.01273129479833345,52.313603752049104,7.405976806240254,False,False,False,False,False,0.0,0.0,0.0,0.0,0.0,0,1.011657023675458,0.9999574735241845,False,False,False,False,0.04993977465875631,0.06576070077968312,False,False,False,False,56923310,30866548.653706253,False,False,False,False,5913872.123501342,False,False,False,False
2023-06-16 00:00:00+00:00,38.4522276426,38.5952665638,37.7959314159,38.0513694179,14777148,,,,,,,,,,38.49584271025678,37.75319782003524,37.43309275872986,37.155348959014624,37.50364741954201,38.091592112401095,,,,,,,,38.09728025549294,38.06535924325845,37.67456037754114,37.48795902595326,37.15315990197379,37.43723349088251,37.76414069680093,38.754187040793056,,,,38.49584271025678,37.155348959014624,38.091592112401095,37.67530345431386,#000000,2.543218576044271,38.102920007260856,0.13734864892441076,52.441574532126594,7.405976806240254,True,False,False,False,False,0.0,0.0,0.0,0.0,0.0,0,1.0772628495954055,0.9755145662179836,False,False,False,False,0.09705978403156028,0.0814102424056217,False,False,False,False,71700458,33891282.67935764,False,False,False,False,6570411.077316057,False,False,False,False
2023-06-23 00:00:00+00:00,37.5098535735,38.2502903421,37.4930254651,38.2082200711,4663360,,,,,,,,,,38.42604415630706,37.75311932522507,37.44040898728413,37.16455336305221,37.50680903965057,38.08778193385382,,,,,,,,38.043223849372986,38.05018586229249,37.67688319415102,37.495153328397734,37.16440673548762,37.44130846205404,37.763984019262054,38.74492883554642,,,,38.42604415630706,37.16455336305221,38.08778193385382,37.66552872636244,#000000,2.5396288771575186,38.068143298299404,-0.21983122408982345,50.940253522769375,5.887694452729328,False,False,False,False,False,0.0,0.0,0.0,0.0,0.0,0,1.064513859231784,0.9253008511315313,False,False,False,False,0.04233602942897599,0.061873135917298844,False,False,False,False,67037098,36346528.25866448,False,False,False,False,6429148.034551905,False,False,False,False
2023-06-30 00:00:00+00:00,38.3596730465,38.4606416968,37.2952951916,37.5519238444,5335233,,,,,,,,,,38.388519557054515,37.76460732109559,37.455750679031055,37.17973470181091,37.5144709018894,38.08715952202049,,,,,,,,38.042513482705466,38.049576132393106,37.68902523075691,37.51163701759967,37.18282240113931,37.45005085338069,37.76769449042421,38.737547958231865,,,,38.388519557054515,37.17973470181091,38.08715952202049,37.67142373769672,#000000,2.5371080107039834,38.06130412331217,0.11760197907579044,51.26559317378087,5.887694452729328,False,False,False,False,False,0.0,0.0,0.0,0.0,0.0,0,1.0573464083550537,0.9193714993907931,False,False,False,False,0.04339860414746536,0.0526358700323821,False,False,False,False,72372331,39015106.23950414,False,False,False,False,6348117.291251763,False,False,False,False
2023-07-07 00:00:00+00:00,37.7202049282,38.7214773766,37.6024081695,38.2839465588,4464189,,,,,,,,,38.014696824766666,38.36050042783751,37.772755547699774,37.46749468694859,37.19169649087627,37.52043020661731,38.086401209809765,,,,,,,,38.03938299768044,38.04811266738173,37.697924121158785,37.52408993038379,37.197232580589244,37.45688317448135,37.77045640460484,38.731282978193086,,,,38.36050042783751,37.19169649087627,38.086401209809765,37.731388627532276,#000000,2.536765584208484,38.115673229416586,-0.15589469664773217,50.46399151747086,5.192538948357239,False,False,False,False,False,0.0,0.0,0.0,0.0,0.0,0,1.0689394862158315,0.9471489124836105,False,False,False,False,0.09135275479956619,0.07199431241597415,False,False,False,False,67908142,41155331.110651985,False,False,False,False,6208567.047455336,False,False,False,False
2023-07-14 00:00:00+00:00,37.2574319478,38.023110879,37.1228070808,37.5855800612,7464929,,,,,,,,,37.672452694679954,38.261073479163926,37.75699860313181,37.46750448303527,37.198155663369626,37.519401909106314,38.07576210470108,,,,,,,,37.94885207343729,38.010065449648195,37.6878680346214,37.52185183289441,37.204848848695995,37.45709935028474,37.76490093649895,38.71323285892183,,,,38.261073479163926,37.198155663369626,38.07576210470108,37.67296711626779,#000000,2.5308192074135976,37.973110924232344,-0.28278550057463037,49.1835429930678,3.821765518537717,False,False,False,False,False,0.0,0.0,0.0,0.0,0.0,0,1.0014264870519871,0.9963171145821474,False,False,False,False,-0.007892299094912415,0.032051006660530866,False,False,False,False,60443213,42584063.10245554,False,False,False,False,6301630.895791978,False,False,False,False
2023-07-21 00:00:00+00:00,37.3920568148,37.4341270858,36.3150578787,37.1817054601,8489469,,,,,,,,,37.4124407227532,38.12459388372251,37.717600251612794,37.45187924149197,37.19424027446856,37.50913837149491,38.056028509945456,,,,,,,,37.81121657461335,37.943247648880636,37.6575331657387,37.50131857904357,37.199954643822906,37.44805561897037,37.750223663334005,38.686596466029556,,,,38.12459388372251,37.19424027446856,38.056028509945456,37.60140249861482,#000000,2.530043822259078,37.822874707492424,-0.17028080260987202,48.51101939555719,3.0443933225960222,False,False,False,False,False,0.0,0.0,0.0,0.0,0.0,0,0.956975110546569,1.0326502389101124,False,False,False,False,-0.12592938037158585,-0.04693918685552749,False,False,False,False,68932682,44535812.6504218,False,False,False,False,6463692.977585165,False,False,False,False
2023-07-28 00:00:00+00:00,36.2477454451,37.8354774706,36.2056751742,37.5435097902,6813312,,,,,,,,,37.24994475733931,38.01190750498465,37.676894137930724,37.431925831561216,37.18545262382075,37.49634845292711,38.03642259306381,,,,,,,,37.69682524127934,37.880988795701306,37.62478972520904,37.47655026914494,37.18933939118232,37.436139126919294,37.734284373942245,38.66222826841999,,,,38.01190750498465,37.18545262382075,38.03642259306381,37.54246182781536,"rgba(239, 83, 80, 0.5)",2.5402580574720317,37.70991657482615,-0.5755994456646851,46.35823491418424,0.8582305667643695,False,False,False,False,False,0.0,0.0,0.0,0.0,0.0,0,0.9538647756376184,1.006676893848629,False,False,False,False,-0.10107492401292292,-0.0740070554342252,False,False,False,False,62119370,45838298.38002018,False,False,False,False,6489590.682949227,False,False,False,False
2023-08-04 00:00:00+00:00,35.3642697553,36.6263778836,34.9099108291,36.3403000412,7232643,,,,,,,,,36.910725773966,37.81983525065782,37.58840641168869,37.37828105394811,37.15259490953308,37.463058810334715,37.99835914748816,,,,,,,,37.48262123637218,37.761813601413415,37.55031219405222,37.41317676508231,37.150228190911534,37.40345792853547,37.69888671915738,38.62204023132595,,,,37.81983525065782,37.15259490953308,37.99835914748816,37.42079953876254,"rgba(239, 83, 80, 0.5)",2.558227129178919,37.49374896560235,-0.8324042795159556,43.723457157009626,-1.7283254552687595,False,True,False,True,False,0.0,0.0,0.0,0.0,0.0,0,0.917576726316503,1.070436938470392,False,False,False,False,-0.3219075513142928,-0.19795730337425899,False,False,False,False,54886727,46508552.35187054,False,False,False,False,6544631.595323359,False,False,False,False
2023-08-11 00:00:00+00:00,35.5325508391,35.9532535485,34.8678405582,35.3221994844,4676894,,,,,,,,,36.736333161845366,37.70228297609857,37.530190082124804,37.34181409308026,37.12961646140593,37.44007610719013,37.97253298004935,,,,,,,,37.35482929799718,37.68521245408268,37.500743270868035,37.370501575396695,37.12305152761121,37.38083616639621,37.67466058892082,38.59506522062851,,,,37.70228297609857,37.12961646140593,37.97253298004935,37.34745749005107,"rgba(239, 83, 80, 0.5)",2.530368140757331,37.369664472505946,-0.7260262267039557,42.17851122292768,-3.22292828929605,False,True,False,True,False,0.0,0.0,0.0,0.0,0.0,0,0.9350660309146059,1.0475091392451077,False,False,False,False,-0.34282825441539394,-0.2703927788948265,False,False,False,False,59563621,47475594.4739542,False,False,False,False,6406280.662336443,False,False,False,False
2023-08-18 00:00:00+00:00,34.236786494,35.5325508391,34.0600913561,35.4147540805,6631314,,,,,,,,,36.42825366668915,37.49897690027149,37.42159127274974,37.27042575666097,37.0822696490631,37.39496348107516,37.92487446165676,,,,,,,,37.13003365137585,37.54714042743949,37.40708331084423,37.2879066621217,37.06731549907916,37.3360444295689,37.62852716210711,38.547566675424775,,,,37.49897690027149,37.0822696490631,37.92487446165676,37.214099679629484,"rgba(239, 83, 80, 1.0)",2.535217073783442,37.15110116144399,-1.149532597259926,39.60738625732062,-5.6867534299886415,False,True,False,True,False,0.0,0.0,0.0,0.0,0.0,0,0.9107413195566259,1.0605336617788765,False,False,False,False,-0.34282825441539394,-0.3066105166551102,False,False,False,False,52932307,47879795.40180944,False,False,False,False,6422949.798459669,False,False,False,False
2023-08-25 00:00:00+00:00,34.8425983956,35.0697778587,33.8824706721,34.3125129817,9953351,,,,,,,,,36.101398801228214,37.23845379480908,37.272337370837505,37.169577697569174,37.01413566566986,37.329617997286874,37.855583430502996,,,,,,,34.5982823088,36.852902387449426,37.36097220686016,37.27683109426292,37.17231687999898,36.987776978285716,37.27119419130946,37.561577108120346,38.478158329292484,,,,37.23845379480908,37.01413566566986,37.855583430502996,36.80308495201012,"rgba(239, 83, 80, 0.5)",2.5323168579317175,36.197759323071686,-0.5351466674587165,38.97225018471718,-6.2785331375572255,False,True,False,True,False,0.0,0.0,0.0,0.0,0.0,0,0.9264229249809461,1.0690234074501213,False,False,False,False,-0.34282825441539394,-0.32471938553525204,False,False,False,False,62885658,48991340.77945318,False,False,False,False,6684460.998573767,False,False,False,False
2023-09-01 00:00:00+00:00,34.8762546124,36.1467767949,34.8257702872,34.9351529917,6296241,,,,,,,,,36.018311769788525,37.133325432829956,37.20796248191829,37.125586749395964,36.98460975757382,37.299807898854176,37.822126573070456,,,,,,,34.86356474836436,36.751232819758464,37.281170778626795,37.22000831391665,37.122312172326815,36.95372942491135,37.241841905293434,37.5301695730417,38.443026151262025,,,,37.133325432829956,36.98460975757382,37.822126573070456,36.767720469183715,"rgba(239, 83, 80, 0.5)",2.5149755244965677,36.19160869268533,-0.5230087002729901,38.58534232574787,-6.685293766598804,False,True,False,True,False,0.0,0.0,0.0,0.0,0.0,0,0.9640098780737255,1.0099482106989965,False,False,False,False,-0.2021701645584683,-0.26344477504686015,False,False,False,False,69181899,50486937.684678875,False,False,False,False,6655703.961642377,False,False,False,False
2023-09-08 00:00:00+00:00,34.0937475728,34.9351529917,33.9422945974,34.8762546124,4126630,,,,,,,,,35.91259727934648,37.037699319374035,37.148062948848604,37.083412587503396,36.95519487906926,37.271666565987424,37.79255996506696,,,,,,,34.754236769545436,36.65239548746609,37.20856160223791,37.16690312623059,37.07459506612786,36.91974942787218,37.213877688730705,37.50146250660835,38.413553292967464,,,,37.037699319374035,36.95519487906926,37.79255996506696,36.69582136145526,"rgba(239, 83, 80, 1.0)",2.474114684556507,36.08923221393301,-0.8065449243678483,37.39482941449097,-7.899796591165007,False,True,False,True,False,0.0,0.0,0.0,0.0,0.0,0,0.9553737047494328,1.0451933171646455,False,False,False,False,-0.34282825441539394,-0.303136514731127,False,False,False,False,65055269,51566073.337665625,False,False,False,False,6468365.149668868,False,False,False,False
2023-09-15 00:00:00+00:00,34.911277634,35.1806885971,34.190509196,34.3377551443,7957987,,,,,,,,,35.78891405422524,36.89745963909834,37.056136042295506,37.0178956453512,36.90939139291304,37.22670105509254,37.743940473115,,,,,,,34.75608718948349,36.51468583897606,37.097909957360706,37.084731253311645,37.000938085618145,36.86726567704736,37.16936714605731,37.45494771996679,38.36383992805471,,,,36.89745963909834,36.90939139291304,37.743940473115,36.60820233827676,"rgba(239, 83, 80, 0.5)",2.347582662240666,35.98928668044578,-0.45919961149179117,38.173326276223705,-7.899796591165007,False,True,False,True,False,0.0,0.0,0.0,0.0,0.0,0,0.9615903288419807,1.0266678787463173,False,False,False,False,-0.3076839770238108,-0.3054102458774689,False,False,False,False,73013256,53154753.53487558,False,False,False,False,6578707.508952656,False,False,False,False
2023-09-22 00:00:00+00:00,34.0979938245,35.1252996892,33.9781414736,34.9455211629,7426702,,,,,,,,,35.66244483586573,36.761732293991294,36.964010817518364,36.95075859926212,36.86145243972686,37.18024299724392,37.69463935134775,,,,,,,34.68223557438823,36.3801819553638,36.988718041404,37.00182181735414,36.925910290276946,36.8125427734765,37.12326069027912,37.407321835186835,38.31413139973636,,,,36.761732293991294,36.86145243972686,37.69463935134775,36.51303569989012,"rgba(239, 83, 80, 1.0)",2.2229850559588944,35.87164866490226,-0.7978707889411271,37.757369137187254,-7.899796591165007,False,True,False,True,False,0.0,0.0,0.0,0.0,0.0,0,0.9171550998537428,1.0548572006000518,False,False,False,False,-0.32664590873961513,-0.316028077308542,False,False,False,False,65586554,54075627.643403314,False,False,False,False,6641521.915696903,False,False,False,False
2023-09-29 00:00:00+00:00,32.6768873784,34.0808720601,32.2745259148,33.9781414736,13725964,,,,,,,,,35.28036369599801,36.41930546516489,36.72582312934298,36.772431723123645,36.73010662550005,37.05730511740228,37.57037814888216,,,,,,,34.21862599977143,36.0256865944667,36.71182419325965,36.786292951810104,36.72770951052299,36.662808704502716,37.00047582214386,37.284173409517024,38.1939841303037,,,,36.41930546516489,36.73010662550005,37.57037814888216,36.23308719679631,"rgba(255, 0, 0, 1.0)",2.1654085172120894,35.48599543885025,-1.2972647138503521,36.0229507005429,-9.452469636672625,False,True,False,True,False,0.0,0.0,0.0,0.0,0.0,0,0.8496630255054217,1.0992929327402918,False,False,False,False,-0.34282825441539394,-0.329428165861968,False,False,False,False,51860590,53911550.780929,False,False,False,False,7166295.403423058,False,False,False,False
2023-10-06 00:00:00+00:00,31.9492123909,32.7111309072,30.9475891729,32.6084003208,14417336,,,,,,,,,34.831971481937984,36.02118836317534,36.43676730893156,36.54991384784376,36.56197879931844,36.90145785279177,37.41581999648581,,,,,,31.86931082366667,33.68860042346314,35.612077308105185,36.3818949721677,36.522358059287185,36.4824124706772,36.4723838799818,36.84445349315234,37.129415655303944,38.046980236781636,,,,36.02118836317534,36.56197879931844,37.41581999648581,35.43964950592557,"rgba(255, 0, 0, 1.0)",2.216498508433861,34.000490009293244,-0.9254586053579797,34.15115133838946,-11.326074497130179,False,True,False,True,False,0.0,0.0,0.0,0.0,0.0,0,0.792073871643428,1.191003264438233,True,False,False,False,-0.34282825441539394,-0.336128210138681,False,False,False,False,37443254,52691676.94530463,False,False,False,False,7703409.521688016,False,False,False,False
2023-10-13 00:00:00+00:00,32.3943782656,32.9251529624,31.7779947468,31.7779947468,9264176,,,,,,,,,34.63988774864324,35.826610140900826,36.28680844917041,36.43135620308857,36.470744766343785,36.81556550029973,37.32935375519244,,,,,,32.0635531562179,33.52112007545077,35.41697669452512,36.21344832854933,36.38377114332871,36.353055330001546,36.37016711465913,36.758624841732576,37.04351108848552,37.96337960909786,,,,35.826610140900826,36.470744766343785,37.32935375519244,35.31365872698764,"rgba(255, 0, 0, 1.0)",2.2301545889235834,33.910384418709256,-0.6797762633311362,33.69708540148195,-11.827359384072153,False,True,False,True,False,0.0,0.0,0.0,0.0,0.0,0,0.78915365610879,1.222787827195596,False,False,False,False,-0.29371504933659165,-0.3149216297376363,False,False,False,False,46707430,52248399.39380059,False,False,False,False,7819021.85341483,False,False,False,False
2023-10-20 00:00:00+00:00,31.6153379849,33.1477358997,31.6153379849,32.5227914987,8969088,,,,,,,,,34.463623114012925,35.64525058958389,36.14353512939563,36.31640495724059,36.38117687969791,36.73113695179112,37.244507961596604,,,,,,32.08074495673,33.368793462504755,35.2360241421744,36.05395033484037,36.250632223525685,36.22825814445184,36.27029962719081,36.67424072313327,36.95913078839767,37.88138604436188,,,,35.64525058958389,36.38117687969791,37.244507961596604,35.17872170544601,"rgba(255, 0, 0, 1.0)",2.281173403281685,33.78729641885552,-0.9521233374152758,32.66645750743544,-12.907707374008844,False,True,False,True,False,0.0,0.0,0.0,0.0,0.0,0,0.75155420812995,1.2053892666565615,False,False,False,False,-0.2909404463650844,-0.30293103805136035,False,False,False,False,37738342,51173580.32759313,False,False,False,False,7904211.938347065,False,False,False,False
2023-10-27 00:00:00+00:00,31.3756332832,32.325891208,31.3242679899,31.4783638696,9540846,,,,,,,,,34.27007567072338,35.44853456447763,35.98564458082744,36.188225434368846,36.28019043923227,36.63612782558243,37.14955148077579,,,,,,31.989052677824464,33.19255002684905,35.039257381032975,35.8794338819356,36.10333653657452,36.089618710448576,36.158088476406675,36.57921715008383,36.86441063916397,37.79001897515554,,,,35.44853456447763,36.28019043923227,37.14955148077579,35.01857294650625,"rgba(255, 0, 0, 1.0)",2.3364455571996037,33.62273393910746,-0.9617603324773265,31.720380959283347,-13.909265983077226,False,True,False,True,False,0.0,0.0,0.0,0.0,0.0,0,0.737037100023064,1.2359200841957083,False,False,False,False,-0.34282825441539394,-0.32287964623337717,False,False,False,False,28197496,49471648.15517883,True,False,False,False,8025444.091062097,True,False,False,False
2023-11-03 00:00:00+00:00,34.1407982356,34.2649310275,31.5382900451,31.5982162205,10133330,,,,,,,,33.31467310273334,34.204476532611956,35.34184858162385,35.88902828186241,36.10633704224545,36.214106245513854,36.57113278909486,37.081341015291024,,,,,,32.24577521439762,33.204704956234785,34.94365044914605,35.77527433213488,36.01113799237086,36.00268539349286,36.08620447443226,36.51461344326638,36.79808811509434,37.72111836414066,,,,35.34184858162385,36.214106245513854,37.081341015291024,34.69332548366086,"rgba(239, 83, 80, 0.5)",2.285272726074702,33.24240745149442,0.3931219122580175,35.723788477645236,-13.909265983077226,False,True,False,True,True,0.0,0.0,0.0,0.0,0.0,0,0.7545846325164234,1.162331409022049,False,False,False,False,-0.2418377874422166,-0.2823587168377969,False,False,False,False,38330826,48646402.06961003,False,False,False,False,8181583.78802046,False,False,False,False
2023-11-10 00:00:00+00:00,32.9593964912,34.2178461754,32.702570025,34.0723111779,6376124,,,,,,,,33.30640734686072,34.16673984575092,35.27936784306224,35.831261818523146,36.05678411130206,36.173717393480814,36.5312640636929,37.03941453432969,,,,,,32.359554770810085,33.20992465339346,34.88802132099575,35.71342988716619,35.95574961093386,35.95030917317347,36.042472102374695,36.47499458693148,36.75736332610239,37.678636182537396,,,,35.27936784306224,36.173717393480814,37.03941453432969,34.666076627066985,"rgba(239, 83, 80, 1.0)",2.2421754759948875,33.26065665420379,-0.13436065385119578,37.32979166710359,-17.249402399613814,False,True,False,True,True,0.0,0.0,0.0,0.0,0.0,0,0.7962893539639341,1.1574075752507922,False,False,False,False,-0.18127892024652267,-0.2318188185421598,False,False,False,False,31954702,47409979.84223151,False,False,False,False,8047846.02594487,False,False,False,False
2023-11-17 00:00:00+00:00,33.8154847117,34.0380676491,32.6426438496,32.8309832581,6660477,,,,,,,,33.36169341551102,34.13903954273997,35.224388857845334,35.77827020759352,36.01056425379769,36.13562869641122,36.49321775562193,36.998946359763345,,,,,,32.47563959872099,33.22667366892593,34.840768125637126,35.6572472647551,35.90453439855495,35.90178363362487,36.00153494795257,36.43724251057527,36.718284852047724,37.63716006077315,,,,35.224388857845334,36.13562869641122,36.998946359763345,34.651003871390884,"rgba(239, 83, 80, 0.5)",2.2189234754573315,33.30076155647448,0.23196976413052633,39.63869656613926,-15.072291206698239,False,True,False,True,True,0.0,0.0,0.0,0.0,0.0,0,0.8124818392480198,1.1468073012474636,False,False,False,False,-0.1747720271560447,-0.20329542284910224,False,False,False,False,38615179,46758513.11317732,False,False,False,False,7945077.949948954,False,False,False,False
2023-11-24 00:00:00+00:00,33.9695805914,34.0081045614,33.57578001,33.7469976541,4686907,,,,,,,,33.44404523092221,34.130877272511164,35.19518688565307,35.747946622589005,35.983453091491434,36.11296597743737,36.470096367784905,36.97383127811476,,,,,,32.56767487280715,33.25115923619173,34.8176361423611,35.62557171659459,35.87485077349862,35.8736137226433,35.977455278849945,36.41436364111521,36.6942920392104,37.61090747581646,,,,35.19518688565307,36.11296597743737,36.97383127811476,34.65285624757719,"rgba(239, 83, 80, 0.5)",2.240453117298664,33.34843915310806,0.2772392037557381,41.493684890207085,-13.34604292890048,False,True,False,True,True,0.0,0.0,0.0,0.0,0.0,0,0.8734886242283004,1.134966883398394,False,False,False,False,-0.12690555932087724,-0.16510049108498975,False,False,False,False,43302086,46502481.47516419,False,False,False,False,7703731.95365644,False,False,False,False
2023-12-01 00:00:00+00:00,34.5089161704,34.6030858746,33.3360753082,33.8411673584,7790483,,,,,,,,33.59818685196762,34.13170906822774,35.15948261076131,35.70720160858492,35.945960710785016,36.081112590907615,36.43682252336159,36.93686359064487,,,,,,32.72597753735816,33.306116044559936,34.792642595499515,35.58375674313874,35.834362744411195,35.83512150986912,35.94405091164629,36.381539103989056,36.65937889174117,37.57146516056996,,,,35.15948261076131,36.081112590907615,36.93686359064487,34.667455731437826,#000000,2.241799145865774,33.44049737552836,0.476589883996508,43.54423928749299,-11.43057407596811,False,False,False,True,True,0.0,0.0,0.0,0.0,0.0,0,0.8691838091002796,1.084669163621987,False,False,False,False,-0.10824572809301171,-0.13667310958900072,False,False,False,False,51092569,46842487.95848536,False,False,False,False,7710157.957089296,False,False,False,False
2023-12-08 00:00:00+00:00,34.7657426366,35.3821261553,34.2306874987,34.243528822,7666653,,,,,,,,33.809644795858915,34.15974963427824,35.147565285092746,35.684828172568785,35.92322109639881,36.06086991829069,36.41394929392556,36.909599225610926,,,,,,32.911299240266345,33.390552637149355,34.792650032577775,35.56230770073833,35.81085535700723,35.81271598508011,35.92371537043192,36.35920033267867,36.634515275670154,37.54065324351129,,,,35.147565285092746,36.06086991829069,36.909599225610926,34.70821688406178,#000000,2.2293701511490664,33.56781157688822,0.5373405843324602,45.353370254621446,-9.746073369696092,False,False,False,True,True,0.0,0.0,0.0,0.0,0.0,0,0.8857976841144225,1.070826297784031,False,False,False,False,-0.021131007329105597,-0.07890205845905315,False,False,False,False,58759222,47725208.998597555,False,False,False,False,7706935.367675274,False,False,False,False
2023-12-15 00:00:00+00:00,33.7198556323,35.4367880592,33.6841225209,34.825668812,11328447,,,,,,,,33.90721161731206,34.166856294752705,35.10781728797578,35.635815999878176,35.87670194023096,36.020465358351025,36.37096674844596,36.86110439544275,,,,,,33.071451342295795,33.459435220054324,34.76711235304313,35.51291185739707,35.761456241894194,35.76553701017606,35.88190936584814,36.31688501914931,36.58907051830028,37.48809178289895,,,,35.10781728797578,36.020465358351025,36.86110439544275,34.71556052247792,"rgba(239, 83, 80, 0.5)",2.239818731944168,33.65123861860372,0.030635074489587463,45.320989306024714,-9.746073369696092,False,False,False,True,True,0.0,0.0,0.0,0.0,0.0,0,0.8672331128672761,1.0775148587231889,False,False,False,False,-0.04513447218007155,-0.06201826531956235,False,False,False,False,47430775,47703399.07277551,False,False,False,False,7975195.488588216,False,False,False,False
2023-12-22 00:00:00+00:00,33.7895787765,34.1643406768,33.2839988269,33.9115942789,11768546,,,,,,,,33.878638822874656,34.14255953363333,35.045927142982194,35.569705074478634,35.81581924069028,35.968083770946414,36.31715885855701,36.80253989615229,,,,,33.745972760066664,33.1445448962394,33.480765762199354,34.716844409793964,35.44491095503257,35.696072943005774,35.70294815810307,35.82691823293157,36.26364884167742,36.533178366751464,37.426453042395,,,,35.045927142982194,35.968083770946414,36.80253989615229,34.48659423003066,"rgba(239, 83, 80, 0.5)",2.2495225199604625,33.56248056034502,0.10095396429237331,45.40105105189512,-9.653738264957852,False,False,False,True,True,0.0,0.0,0.0,0.0,0.0,0,0.8699653654653184,1.1104331286601992,False,False,False,False,-0.13298347255042628,-0.09750086893499432,False,False,False,False,59199321,48554948.84516251,False,False,False,False,8256184.415359459,False,False,False,False
2023-12-29 00:00:00+00:00,34.3212177513,34.3560793235,33.6065555229,33.7285710253,6341954,,,,,,,,33.89746593006182,34.14111310075382,35.02318620999716,35.54241186518552,35.78971798710558,35.94511786544298,36.29287617303942,36.775380709544045,,,,,33.86806155438684,33.19696431542022,33.50444143139176,34.700764478084736,35.41747584512614,35.66855752998861,35.67652883301211,35.803213021023744,36.23971202927561,36.507615108988844,37.39713857345118,,,,35.02318620999716,35.94511786544298,36.775380709544045,34.496044226039665,#000000,2.246293903765508,33.61673330781516,0.3136207787876269,46.252893166453866,-8.721904050243978,False,False,False,False,True,0.0,0.0,0.0,0.0,0.0,0,0.8836456632677062,1.1123267479894818,False,False,False,False,-0.10581566871019382,-0.10165826882259407,False,False,False,False,65541275,49813195.22700233,False,False,False,False,8114389.569777276,False,False,False,False
2024-01-05 00:00:00+00:00,35.5500881685,35.7854037803,34.1469098907,34.1730560698,7630584,,,,,,,,34.01739080046333,34.17683199974632,35.0270336336011,35.53410130507292,35.77844847205744,35.93371785141479,36.278187414309784,36.75612917378278,,,,,34.25127595118926,33.31921782406901,33.57789751496665,34.714637274240815,35.41135081816726,35.65827345460816,35.66653338704194,35.792807188129906,36.22557388767306,36.49083937264161,37.37371261799044,,,,35.0270336336011,35.93371785141479,36.75612917378278,34.568801057612475,#000000,2.2100175908137754,33.79144552267206,0.79575956912649,48.518878738591205,-6.440864405890721,True,False,False,False,True,0.0,0.0,0.0,0.0,0.0,0,0.8921337884208858,1.0768678573347206,False,False,False,False,0.030683676650924776,-0.035487296085834646,False,False,False,False,73171859,51543466.61759475,False,False,False,False,8078552.120164145,False,False,False,False
2024-01-12 00:00:00+00:00,35.6372420988,35.9945732131,35.1317493031,35.5152265964,8407794,,,,,,,,34.16610062387834,34.2292695234356,35.04379378972503,35.535360933813486,35.77475824523887,35.928266029151004,36.26845708972394,36.74097939541846,,,,,34.580354998182145,33.46484183704086,33.671538247428536,34.74271894277069,35.41587282728283,35.65673623670777,35.66488831516983,35.789213361218266,36.216497054715006,36.47861410355751,37.353335297812826,,,,35.04379378972503,35.928266029151004,36.74097939541846,34.650658796026526,#000000,2.190546256917809,33.970708926632476,0.7607842869807315,50.24828919955739,-4.717009318835792,True,False,False,False,True,0.0,0.0,0.0,0.0,0.0,0,0.934389086504289,1.0506924777600055,False,False,False,False,0.1458862735352613,0.05519948872471332,False,False,False,False,81579653,53768369.31258773,False,False,False,False,8102940.407559393,False,False,False,False
2024-01-19 00:00:00+00:00,36.3257581482,36.4041966855,35.4803650243,35.6023805267,8120413,,,,,,,36.07010661933332,34.32564083546361,34.293052506779034,35.07258577702002,35.547195682940206,35.78017986549134,35.93039305244332,36.26579314046225,36.73268103727181,,,,,34.86655327936853,33.61692915346663,33.77481711895089,34.782705174370484,35.43167039855174,35.66527160518374,35.672909361361604,35.793891232296914,36.21451194623234,36.473341414190564,37.33934778771914,,,,35.07258577702002,35.93039305244332,36.73268103727181,34.778125654624446,#000000,2.149726701096198,34.71980747190803,0.7470487646048505,52.35167627446096,-2.6553217683919215,True,False,False,False,True,0.0,0.0,0.0,0.0,0.0,0,0.9676648068066553,1.0219225124020819,False,False,False,True,0.19547296655122048,0.1253362276379669,False,False,False,True,89700066,56429976.47461827,False,False,False,True,8104234.673666105,False,False,False,True
2024-01-26 00:00:00+00:00,35.5152265964,36.4041966855,35.2101878404,36.3954812924,8963760,,,,,,35.7098703741,35.88109710476258,34.44283418662286,34.345245807065126,35.09172800561212,35.551075056150175,35.77878347020243,35.92680212248014,36.25767179525718,36.71890356454658,,,,,35.014100456308476,33.743632829407694,33.86261777670073,34.8125435680545,35.438893143079184,35.666265476800035,35.67369969546421,35.792374548805725,36.20706952877671,36.46261652498641,37.319974539991705,,,35.7098703741,35.09172800561212,35.92680212248014,36.71890356454658,34.834256325171324,#000000,2.1021828738656683,35.26197553044848,0.12047052095226032,52.573575215316225,-2.3992497798595522,True,False,False,False,True,0.0,-1.0,36.404198,35.210186,0.0,0,0.9625105303391485,1.0340327662671016,False,False,False,True,0.31871534586824324,0.22202578675310508,False,False,False,False,80736306,58230445.32835025,False,False,False,False,8167903.216357504,False,False,False,False
2024-02-02 00:00:00+00:00,34.4693794328,35.8638423176,33.9420981545,35.5152265964,10393170,,,,,,35.19902604337977,35.45645755824715,34.47104595968162,34.362171559936066,35.08051120928697,35.529748175667784,35.755816103626685,35.90515173094547,36.232700246050015,36.68875543215343,,,,,34.97098369738609,33.81019257479747,33.90739088707822,34.81059734821611,35.419008364064155,35.643399557437455,35.65155687288878,35.771178113704934,36.1827148377429,36.43530436788551,37.28514352030277,,,35.19902604337977,35.08051120928697,35.90515173094547,36.68875543215343,34.74873852020736,#000000,2.0819742649768593,35.024378314673655,-0.2665733631821941,51.25802799136694,-2.3992497798595522,True,False,False,False,True,0.0,0.0,0.0,0.0,0.0,0,0.9635467052843654,1.0142372274205553,False,False,False,False,0.1648731628743071,0.19344947481370608,False,False,False,False,70343136,59127681.67439838,False,False,False,False,8332737.792923614,False,False,False,False
2024-02-09 00:00:00+00:00,32.7088700408,34.6262565074,32.4953429116,34.2514946071,15977337,,,,,,34.3298504253399,34.65505358000666,34.32676557871686,34.29787357352587,34.991783444417834,35.44026218171917,35.672903133247175,35.83235270867589,36.15890318042344,36.60995821002745,,,,,34.622183015521735,33.76133939439026,33.862398926918324,34.730224798580224,35.326910155851124,35.55518009346546,35.56640368427088,35.6949687091526,36.109503356576184,36.35935821063134,37.20307057928741,,,34.3298504253399,34.991783444417834,35.83235270867589,36.60995821002745,34.49043828932688,"rgba(239, 83, 80, 1.0)",2.1046427322072603,34.48346314989628,-0.8431802138860697,48.275716472595136,-2.3992497798595522,True,False,False,False,False,0.0,0.0,0.0,0.0,0.0,0,0.9247026834035267,1.029858609512556,False,False,False,False,-0.05180503929224237,0.07082221776073186,False,False,False,False,54365799,58774949.62444294,False,False,False,False,8899004.400855199,False,False,False,False
2024-02-16 00:00:00+00:00,32.8396009363,33.3014296129,32.0842378224,32.6827238617,16997028,,,,,,33.81404275597531,34.11709739133553,34.146251592662196,34.20561714448604,34.87989074483938,35.33085989994114,35.572193877819466,35.74389310526248,36.070493296234716,36.517201092682825,,,,,34.28432391886229,33.670812923706215,33.783337445481244,34.62522845902748,35.213845484660766,35.44786572813414,35.462612559718664,35.60200307462688,36.021596830643524,36.26912893652876,37.10796399738832,,,33.81404275597531,34.87989074483938,35.74389310526248,36.517201092682825,34.27404478610364,"rgba(239, 83, 80, 1.0)",2.115159764725476,34.09042891470883,-0.5913633566924303,46.34364106788557,1.420550320111026,False,False,False,False,False,0.0,0.0,0.0,0.0,0.0,0,0.9355091203591515,1.0559638636468978,False,False,False,False,-0.19326725848699586,-0.061222520363132,False,False,False,False,71362827,59707384.98559532,False,False,False,False,9498858.000791851,False,False,False,False
2024-02-23 00:00:00+00:00,32.769877792,33.2405090156,32.5302044837,32.8396009363,10135033,,,,,,33.65711995745669,33.934713850875426,34.06362202509032,34.15922341205845,34.821341882205694,35.27222824231547,35.51748025302857,35.69527945696271,36.021517034923896,36.46546061113875,,,,,34.145224095448064,33.62938427251489,33.74553242182041,34.57094526734859,35.15368563574096,35.39002304673576,35.40652954005654,35.55124010360047,35.97294115232635,36.21897776374179,37.05447851898879,,,33.65711995745669,34.821341882205694,35.69527945696271,36.46546061113875,34.188079282055945,"rgba(239, 83, 80, 0.5)",2.138381629046841,33.95016998221763,-0.5519558221905084,44.88468945975349,0.019135560930841677,False,False,False,True,False,0.0,0.0,0.0,0.0,0.0,0,0.9527180092641765,1.0450735621526968,False,False,False,False,-0.16142192017327692,-0.11132222026820446,False,False,False,False,61227794,59820007.875551224,False,False,False,False,9545982.07480727,False,False,False,False
2024-03-01 00:00:00+00:00,32.2295234242,32.7263008269,32.1249387078,32.6827238617,9582776,,,,,,33.48463241466424,33.74651647145305,33.9670138791695,34.10296215531539,34.75610382423892,35.208658701940344,35.45866612256975,35.643191884968886,35.96966768741044,36.411462911338795,,,,,33.99559843346775,33.57178702994614,33.694600662669586,34.50893236433386,35.08813109921558,35.32762855828102,35.346001780853555,35.49660221991996,35.92133818365159,36.16624250980732,36.99942054355121,,,33.48463241466424,34.75610382423892,35.643191884968886,36.411462911338795,34.091627833447404,"rgba(239, 83, 80, 1.0)",2.180275507423799,33.798440299688636,-0.7195956979503272,43.22586956942796,-1.5851416869946107,False,True,False,True,False,0.0,0.0,0.0,0.0,0.0,0,0.910550574090287,1.0918007379938393,False,False,False,False,-0.23813305648060673,-0.17472763837440558,False,False,False,False,51645018,59214453.069954835,False,False,False,False,9548707.550747473,False,False,False,False
2024-03-08 00:00:00+00:00,31.8373307378,32.1946618521,31.2359686188,32.0029232054,14310891,,,,,,33.198175067007504,33.445012171189106,33.7943644059461,33.998238366000166,34.64186157689753,35.09965042549547,35.35844701811892,35.554591739043275,35.8823986307477,36.32177551907037,,,,,33.746426296174306,33.4565322090806,33.5936976439508,34.39824340243102,34.975306409033,35.22106110063819,35.24254529600875,35.40333657062093,35.83434111239602,36.078031667469816,36.909158259856994,,,33.198175067007504,34.64186157689753,35.554591739043275,36.32177551907037,33.924785754771015,"rgba(239, 83, 80, 1.0)",2.215442475725319,33.545994485079255,-0.7712516871916764,41.60429159191776,-3.1573583573905566,False,True,False,True,False,0.0,0.0,0.0,0.0,0.0,0,0.9093575144306931,1.0706328842530277,False,False,False,False,-0.34282825441539394,-0.25877794639489976,False,False,False,False,37334127,57593688.175884105,False,False,False,False,9901461.880321734,False,False,False,False
2024-03-15 00:00:00+00:00,30.6301463495,32.0813617427,29.8643926908,31.889623096,15556728,,,,,,32.84106379749473,33.079357543235396,33.56466705044723,33.85299615947592,34.491482471127426,34.95892564744029,35.22983347610571,35.44105316163334,35.77178456372387,36.20971302055033,,,,,33.434852348489436,33.28884976747654,33.447234105311175,34.25001384748921,34.829162626139286,35.08401268803929,35.10938380196555,35.28340833610632,35.72387999273372,35.966963715258004,36.79801494375286,,,32.84106379749473,34.491482471127426,35.44105316163334,36.20971302055033,33.70796797166864,"rgba(255, 0, 0, 1.0)",2.2834598864127345,33.2299851849167,-1.138552444422832,39.220249300843186,-5.45508030445469,False,True,False,True,False,0.0,0.0,0.0,0.0,0.0,0,0.868656627732289,1.0813991685656141,False,False,False,False,-0.34282825441539394,-0.30080310040514685,False,False,False,False,21777399,54940629.71841121,False,False,False,False,10320370.481779383,False,False,False,False
2024-03-22 00:00:00+00:00,30.0157626001,30.7414477534,29.8777488593,30.6390504619,11123473,,,,,,32.58232239171359,32.816080282309514,33.38702084172716,33.73640423603954,34.37320488899765,34.848902719089104,35.12933153087469,35.35218434779968,35.685605024190146,36.1230113930102,,,,,33.204002509049076,33.15309717345938,33.32791284764236,34.13260703310093,34.714854395284604,34.976969345188685,35.00527140148755,35.189483980879345,35.63774807102009,35.88070540298757,36.71262810027934,,,32.58232239171359,34.37320488899765,35.35218434779968,36.1230113930102,33.54275065993237,"rgba(255, 0, 0, 1.0)",2.366313659351344,32.997356506199836,-1.260016352573121,36.960045551644434,-7.6087881226533725,False,True,False,True,False,0.0,0.0,0.0,0.0,0.0,0,0.8741012716815806,1.1191692356794989,False,False,False,False,-0.34282825441539394,-0.3218156774102704,False,False,False,False,10653926,51660133.14667704,False,False,False,False,10379859.557203133,False,False,False,False
2024-03-29 00:00:00+00:00,30.2561736325,30.785968315,29.8643926908,30.0157626001,16297861,,,,,,32.29500190963432,32.518017700229116,33.16480476347042,33.582512542058616,34.214777047243764,34.69958016798311,34.991721851343236,35.22949738564019,35.56606432388657,36.002288424696864,,,,,32.92841099400956,32.98000944196615,33.17280543796966,33.976108833853374,34.56040414878413,34.831184149985326,34.86321483321871,35.06037613324413,35.518328004664326,35.76083602230263,36.59313244883945,,,32.29500190963432,34.214777047243764,35.22949738564019,36.002288424696864,33.33928528192191,"rgba(255, 0, 0, 1.0)",2.4476354214705034,32.72655884183585,-1.0092945982337846,35.81659463518656,-8.693032593784622,False,True,False,True,False,0.0,0.0,0.0,0.0,0.0,0,0.9213707000121601,1.0905688884657774,False,False,False,False,-0.34078068825505814,-0.33129818283266427,False,False,False,False,26951787,49829885.28396022,False,False,False,False,10818230.034447344,False,False,False,False
2024-04-05 00:00:00+00:00,29.3212418398,30.2472695202,28.8315156627,30.2472695202,15128409,,,,,,31.998821922269112,32.21548873790495,32.93302403722442,33.418148085834325,34.04923868627344,34.544773220406725,34.84928786507881,35.102405071621384,35.44288288368057,35.87884376728767,,,,,32.64795829117065,32.79257346260408,33.00446208769359,33.81133789599739,34.40011683603462,34.680262863108204,34.71603553468733,34.92649359498445,35.395158634290986,35.63774905657255,36.471919368679266,,,31.998821922269112,34.04923868627344,35.102405071621384,35.87884376728767,33.12711700430066,"rgba(255, 0, 0, 1.0)",2.5544059928874665,32.448823247142286,-1.224386967479242,34.1438589540322,-10.31474768221998,False,True,False,True,False,0.0,0.0,0.0,0.0,0.0,0,0.9291153280182094,1.0663246168453864,False,False,False,False,-0.34282825441539394,-0.3370632186240291,False,False,False,False,11823378,47014588.44811132,False,False,False,False,11137502.550414206,False,False,False,False
2024-04-12 00:00:00+00:00,28.5911046303,29.6328857707,28.4931593949,29.3479541768,11334530,,,,,,31.77379836026371,31.98663082462446,32.7523934811151,33.287058802775526,33.91830512427757,34.42249656233689,34.73666484664386,35.00168019882804,35.345443024602524,35.78154192089749,,,,,32.4338093071218,32.643183584120436,32.869564980056914,33.680620451250974,34.27356346047312,34.56105916204294,34.599688065337325,34.82042943557015,35.29768799078604,35.540538420112085,36.37671329926607,,,31.77379836026371,33.91830512427757,35.00168019882804,35.78154192089749,32.96189283760796,"rgba(255, 0, 0, 1.0)",2.6758409819756457,32.23665799328126,-1.3623953693577313,32.34394691781826,-12.063748658961543,False,True,False,True,False,0.0,0.0,0.0,0.0,0.0,0,0.8940770586580639,1.0911629462810704,False,False,False,False,-0.34282825441539394,-0.3399457365197115,False,False,False,False,488848,43568237.303806774,False,False,False,False,11152097.176309451,True,False,False,False
2024-04-19 00:00:00+00:00,29.0185020213,29.1787760429,28.3328853733,28.7335704273,13431258,,,,,,31.541223900120105,31.74858699609528,32.555121063304085,33.139177669297894,33.76970275889249,34.282732077736824,34.60724348607923,34.88530379804989,35.23259160388059,35.66868498970421,,,,28.8433878125,32.20580209600185,32.47766241668495,32.71843793667304,33.532556755225144,34.12929022947174,34.42453530497008,34.46626565167875,34.69820924902753,35.184820967870486,35.42786995326695,36.26603596016723,,,31.541223900120105,33.76970275889249,34.88530379804989,35.66868498970421,32.25316594047949,"rgba(239, 83, 80, 1.0)",2.7639203849555196,31.084750201179308,-0.7475787620823813,31.933440875163292,-12.500206129113096,False,True,False,True,False,0.0,0.0,0.0,0.0,0.0,0,0.8919251973513062,1.113780997895496,False,False,False,False,-0.34282825441539394,-0.3413869954675527,False,False,False,False,13920106,41372079.42945072,False,False,False,False,11320923.903990233,False,False,False,False
2024-04-26 00:00:00+00:00,29.0452143582,29.8465844662,28.9873376282,29.125351369,10185343,,,,,,31.413597242120986,31.615224524405452,32.434882791130434,33.04450383404122,33.67245682357402,34.1897088896488,34.52019267915931,34.80629575739507,35.15543203427362,35.59099899824517,,,,29.0373157032598,32.07197629586378,32.375827872870154,32.62363338863133,33.43638206562197,34.03377426673071,34.33327154779295,34.37690671166157,34.61567356588205,35.107712560834955,35.35058981552603,36.18920465313797,,,31.413597242120986,33.67245682357402,34.80629575739507,35.59099899824517,32.172580054151915,"rgba(239, 83, 80, 1.0)",2.8417940657157694,31.034528441412505,-0.700020493114603,31.696178983439264,-12.831336088368722,False,True,False,True,False,0.0,0.0,0.0,0.0,0.0,0,0.9205070288299269,1.068503700868678,False,False,False,False,-0.276089655788847,-0.3087383256281998,False,False,False,False,24105449,40093069.76800992,False,False,False,False,11236806.799990958,False,False,False,False
2024-05-03 00:00:00+00:00,29.9178173647,29.9979543755,28.8448718312,29.1520637059,11398952,,,,,,31.304473328605305,31.49900183722534,32.32205329906365,32.95180583208797,33.5754888770139,34.095636137571255,34.43138035792836,34.72505349703902,35.07563268099206,35.510224341942035,,,,29.216221077381057,31.95044390324028,32.27946785348133,32.53239672014683,33.34106946615342,33.93760886439797,34.24064228181152,34.286064294759896,34.53117938211366,35.02801695603487,35.27046313734205,36.10878123017144,,,31.304473328605305,33.5754888770139,34.72505349703902,35.510224341942035,32.097242219439906,"rgba(239, 83, 80, 1.0)",2.881450030352741,30.992535036612995,-0.3729780702743721,33.303376219964946,-12.831336088368722,False,True,False,True,False,0.0,0.0,0.0,0.0,0.0,0,0.9097350722396007,1.1356730692905685,False,False,False,False,-0.27564886681262923,-0.2921935962204145,False,False,False,False,35504401,39753168.377786964,False,False,False,False,11248817.555547183,False,False,False,False
2024-05-10 00:00:00+00:00,30.2205571832,30.4164476541,29.6774063323,29.8554885785,8315542,,,,,,31.25437641584868,31.44306276411528,32.25977321825893,32.89719303957189,33.516419726704164,34.03700869951952,34.37529644504467,34.67317974229673,35.024205219485566,35.457690446746646,,,,29.386746339015424,31.886867223161406,32.22600355322075,32.4803317223676,33.28365234997826,33.878082859390005,34.18258794776671,34.229006303374135,34.47758167991513,34.97671254842911,35.21860172655695,36.05589917696905,,,31.25437641584868,33.516419726704164,34.67317974229673,35.457690446746646,32.063442635224234,"rgba(239, 83, 80, 0.5)",2.918056524469776,30.992763185535196,-0.26463024134719565,35.03268819753397,-12.831336088368722,False,True,False,True,True,0.0,0.0,0.0,0.0,0.0,0,0.8963548996810444,1.1236764366400702,False,False,False,False,-0.2146639822195659,-0.25342878921999024,False,False,False,False,43819943,40054410.94239534,False,False,False,False,11031537.884765912,False,False,False,False
2024-05-17 00:00:00+00:00,30.5767216757,30.8572012135,30.1048037232,30.2828859694,7238840,,,,,,31.228368077863326,31.411671123392072,32.21807854233592,32.85803231493471,33.47257009755057,33.992510203770195,34.33219866170611,34.63291191631851,34.983937950228494,35.41620681133139,,,,29.547951022817834,31.846866194368054,32.19010847829114,32.44427281900002,33.24151029423248,33.83319346741877,34.13828803004239,34.18538023455582,34.43622651190646,34.93658269767012,35.17783165871844,36.013722284121435,,,31.228368077863326,33.47257009755057,34.63291191631851,35.41620681133139,32.04594289647861,"rgba(239, 83, 80, 0.5)",2.951600472517214,31.00871410461032,-0.14635870705831122,36.9490057647292,-12.831336088368722,False,True,False,True,True,0.0,0.0,0.0,0.0,0.0,0,0.9106697784495493,1.105267019013242,False,False,False,False,-0.1732746498984146,-0.2133517195592024,False,False,False,False,51058783,40869549.613329016,False,False,False,False,10750597.300709177,False,False,False,False
2024-05-24 00:00:00+00:00,29.8911050277,30.5767216757,29.868844747,30.5678175634,8732849,,,,,,31.183054512039043,31.360834890278554,32.15913880438841,32.80468300495028,33.414409983981734,33.93428886664628,34.27614696531629,34.58073405125927,34.93203786415187,35.36306388561364,,,,29.631045083033527,31.788008560609228,32.13887895384795,32.393825100603074,33.18512638782132,33.77426216215292,34.08049661516219,34.12849894717119,34.38249062499497,34.884821506875504,35.125432941888356,35.96004242965009,,,31.183054512039043,33.414409983981734,34.58073405125927,35.36306388561364,32.00590052815531,"rgba(239, 83, 80, 1.0)",3.006542332368651,30.990735761490086,-0.36574596736968656,37.42345228674753,-17.85786065864754,False,True,False,True,True,0.0,0.0,0.0,0.0,0.0,0,0.8720869683660679,1.1127345793804424,False,False,False,False,-0.197816327000511,-0.2055840232798567,False,False,False,False,42325934,40977429.93826761,False,False,False,False,10601134.463619608,False,False,False,False
2024-05-31 00:00:00+00:00,30.4609682156,30.5945299003,29.4548035245,30.0068584878,9191948,,,,,,31.141542262751486,31.313741912484605,32.102218777150675,32.75188349425499,33.356363694800145,33.87576459105059,34.21953285969216,34.52779331501398,34.879232414917595,35.308869532141124,,,,29.703385971848995,31.73221832081142,32.089079932886975,32.3443190086144,33.129009567141075,33.71516512721028,34.02229402272186,34.07115703437905,34.32810118033402,34.83217189482822,35.07206130476075,35.90513430414637,,,31.141542262751486,33.356363694800145,34.52779331501398,35.308869532141124,31.966376294274475,"rgba(239, 83, 80, 0.5)",3.046529466360329,30.972722116974126,-0.16797930465629593,38.8604234118732,-16.365859772648626,False,True,False,True,True,0.0,0.0,0.0,0.0,0.0,0,0.8656331499193803,1.1327619731813274,False,False,False,False,-0.2168049892083164,-0.21119450624408653,False,False,False,False,51517882,41758204.16506261,False,False,False,False,10496750.281129267,False,False,False,False
2024-06-07 00:00:00+00:00,30.4787764403,30.9685026174,30.300694194,30.4965846649,9301301,,,,,30.58265775056666,31.119288755956802,31.285609752099045,32.059454720583325,32.708767352523154,33.307039913940784,33.82475788615994,34.1694893314882,34.480451597438666,34.83155557144891,35.25948102687558,,,,29.808511788157116,31.69345893589782,32.05148487219322,32.30550744119327,33.0819385894614,33.664038986816294,33.97125785666705,34.02075970025683,34.279796640490346,34.784689279914154,35.023660242861155,35.85454431224035,,,31.119288755956802,33.307039913940784,34.480451597438666,35.25948102687558,31.669667995863175,"rgba(239, 83, 80, 0.5)",3.0847566380491904,30.699017011694906,-0.07139641703929933,39.921223662614395,-15.239279200193103,False,True,False,True,True,0.0,0.0,0.0,0.0,0.0,0,0.8617192971297397,1.1489148950653933,False,False,False,False,-0.15877582869074333,-0.18498516746741495,False,False,False,False,60819183,43170128.523206115,False,False,False,False,10408198.4825271,False,False,False,False
2024-06-14 00:00:00+00:00,29.922627144,30.8260368204,29.5495043603,30.4520641033,10259298,,,,,30.329189357498176,31.07638049466603,31.237312486012485,32.0004442163826,32.652788022079584,33.245334813250835,33.76218189969976,34.10863988039651,34.42322145357563,34.77433715488636,35.20068243600499,,,,29.842401849031102,31.636302103561846,31.99918918679654,32.25316980102598,33.022340773948564,33.6010023568024,33.90891165809663,33.95925405990933,34.221163542787096,34.727648305418775,34.965790956247574,35.7948335801939,,,31.07638049466603,33.245334813250835,34.42322145357563,35.20068243600499,31.604951829100287,"rgba(239, 83, 80, 0.5)",3.118712086748689,30.62132104680195,-0.22403283258197446,39.88327717339052,-15.14830497200252,False,True,False,True,True,0.0,0.0,0.0,0.0,0.0,0,0.8522545087867036,1.1582945114947054,False,False,False,False,-0.20116154306669043,-0.1930733552670527,False,False,False,False,50559885,43717517.89185751,False,False,False,False,10397168.817154722,False,False,False,False
2024-06-21 00:00:00+00:00,29.6678115844,30.013632701,29.3856943576,29.8771243655,8045002,,,,,30.142634720739952,31.032073038630557,31.189409548525852,31.947134278497323,32.60375436283474,33.19248576544964,33.709228634500846,34.05742683753783,34.375218037657184,34.72657303984008,35.15186947311477,,,,29.829563741718253,31.583048391402023,31.951657494829657,32.206339417588886,32.970915976870714,33.547496956188816,33.85629212028626,33.90737099546176,34.17185940087159,34.68000063601702,34.91760761370152,35.745558595103724,,,31.032073038630557,33.19248576544964,34.375218037657184,35.15186947311477,31.5456530971638,"rgba(239, 83, 80, 0.5)",3.145277556183417,30.548420262403653,-0.27997805035439005,39.50248532616861,-15.14830497200252,False,True,False,True,True,0.0,0.0,0.0,0.0,0.0,0,0.8592812609728512,1.1434626869565232,False,False,False,False,-0.24829882250047575,-0.22068608888376423,False,False,False,False,42514883,43628433.82579399,False,False,False,False,10222934.238106225,False,False,False,False
2024-06-28 00:00:00+00:00,29.4584988033,30.3139510391,29.3902446355,29.5859065831,9236597,,,,,30.036902411875356,30.985696037241258,31.13903395777325,31.889704124469713,32.550015224873185,33.134247722106686,33.650573454400906,34.00049089445731,34.321657714462695,34.67316875097737,35.09720258967078,,,,29.820035267776895,31.526359129302556,31.900176960196994,32.15529295981242,32.914351303897355,33.488335947310794,33.7979237321135,33.84977472739179,34.116951973029785,34.62673701134168,34.86369184773003,35.69024934194146,,,30.985696037241258,33.134247722106686,34.321657714462695,35.09720258967078,31.491756737721897,"rgba(239, 83, 80, 1.0)",3.171478871541341,30.495416918666688,-0.32695097693106995,38.936933127136335,-15.14830497200252,False,True,False,True,True,0.0,0.0,0.0,0.0,0.0,0,0.8489823299253406,1.1387756953728974,False,False,False,False,-0.23347094385859013,-0.22707851637117718,False,False,False,False,33278286,42861756.20906851,False,False,False,False,10149872.220468726,False,False,False,False
2024-07-05 00:00:00+00:00,28.7759571257,29.7724679749,28.3254796185,29.467599359,10729545,,,,,29.793554743231113,30.905669557532438,31.055452331183922,31.804405947257383,32.473881826157886,33.05441962779848,33.571752475077105,33.92473999246756,34.250903413240884,34.603206291558415,35.026247803252474,,,28.957968239699998,29.740343117474517,31.438634071426073,31.82336232032168,32.0807891474822,32.835947995969036,33.40840868372035,33.7198493298752,33.77282645395371,34.044068093864595,34.55688149869977,34.79336405726222,35.61921148954332,,,30.905669557532438,33.05441962779848,34.250903413240884,35.026247803252474,31.007406130176726,"rgba(239, 83, 80, 1.0)",3.206640168748504,29.849383914484513,-0.3347512450090253,37.619712239628186,-15.14830497200252,False,True,False,True,True,0.0,0.0,0.0,0.0,0.0,0,0.7912549958704667,1.209339229005673,True,False,False,False,-0.3129053440344654,-0.2699919302028213,False,False,False,False,22548741,41357088.41580418,False,False,False,False,10192810.944878452,False,False,False,False
2024-07-12 00:00:00+00:00,29.5495043603,29.6632613065,28.5757449003,28.8214599042,10339405,,,,,29.69880084230812,30.845479979970587,30.991612044333394,31.73509171945409,32.40961112453161,32.985843298222086,33.50311887316432,33.85821641744766,34.18829252349647,34.5409438669255,34.962765721107004,,,29.107579876379255,29.701285356628876,31.369302481314975,31.7605242494118,32.018902696109144,32.76899321800186,33.33910779940186,33.65162702946523,33.705484498639315,33.97985127814046,34.494753551566866,34.730619031509534,35.55522951488377,,,30.845479979970587,32.985843298222086,34.18829252349647,34.962765721107004,30.963819037044185,"rgba(239, 83, 80, 0.5)",3.229498501978927,29.83828651382171,-0.08942012307630928,38.437799146564224,-15.14830497200252,False,True,False,True,True,0.0,0.0,0.0,0.0,0.0,0,0.7671523057053995,1.2188495999556044,False,False,False,False,-0.30578806436208616,-0.28788999728245374,False,False,False,False,32888146,40729759.34796683,False,False,False,False,10203669.763776345,False,False,False,False
2024-07-19 00:00:00+00:00,30.2229454821,30.6233699329,29.4084457469,29.5768060274,10646834,,,,,29.758763965197065,30.81782947921281,30.95953820534219,31.69001563200936,32.362665331466964,32.93280362852612,33.44795870854632,33.80357485657657,34.13593175248688,34.48808178447689,34.908060797435866,,,29.43566831906913,29.731087747029846,31.32849775318009,31.71922411624743,31.976133859873944,32.71818264422668,33.284038501107645,33.596281450554144,33.6506587474524,33.92671777975151,34.442099744539306,34.676972150225566,35.499110940991876,,,30.81782947921281,32.93280362852612,34.13593175248688,34.908060797435866,30.977942440862886,"rgba(239, 83, 80, 0.5)",3.2424359329625094,29.935837377627216,0.08854704006763855,40.389492196346055,-14.00931802665741,False,False,False,True,True,0.0,0.0,0.0,0.0,0.0,1,0.7862996961083918,1.1975397860124581,False,False,False,False,-0.21532538579851435,-0.251607691540484,False,False,False,False,43534980,40937553.470339656,False,False,False,False,10236496.744237356,False,False,False,False
2024-07-26 00:00:00+00:00,30.3594538176,30.4868615974,29.831621587,30.3048504834,8310461,,,,,29.80927588113224,30.80149768813867,30.93982750692068,31.659451561572205,32.329507619630576,32.89471676956449,33.40787946655191,33.76358805316358,34.09737175528805,34.448977677221194,34.86742986574923,,,29.599756808941205,29.759380844388172,31.301818817932567,31.69103770658433,31.946436118470988,32.68189342156944,33.2441710486231,33.55594845975913,33.610652322856424,33.88772701593369,34.40316866507037,34.63721108730995,35.457221530836264,,,30.80149768813867,32.89471676956449,34.09737175528805,34.86742986574923,30.98379905537117,"rgba(239, 83, 80, 0.5)",3.247920647883222,29.992477805650072,0.11298798577148031,42.05195514484326,-12.324275942989424,False,False,False,True,True,0.0,0.0,0.0,0.0,0.0,1,0.8067435677589861,1.2061292199872091,False,False,False,False,-0.18127997664489964,-0.21644383409269183,False,False,False,False,51845441,41745545.139203385,False,False,False,False,10093827.429849403,False,False,False,False
2024-08-02 00:00:00+00:00,31.2422077206,31.3150121662,30.1501410365,30.3958560404,12684157,,,,,29.96411268471292,30.805577815522515,30.938355140440958,31.636075674102862,32.29648936015361,32.85283065260648,33.36119778094462,33.715597707755734,34.049994128477955,34.39999997278991,34.81559996639927,,,29.913235942386343,29.851118646174804,31.287594274318295,31.668954714468256,31.920080571848576,32.643206188371664,33.19848466324007,33.508350830510345,33.56321156353216,33.840480951959556,34.35451689517635,34.58697467763236,35.40265776784456,,,30.805577815522515,32.85283065260648,34.049994128477955,34.81559996639927,31.028159482412917,#000000,3.2526737623843203,30.133511272199147,0.3408569470515052,44.87286761493998,-9.57196636248861,True,False,False,True,True,0.0,0.0,0.0,0.0,0.0,1,0.8590694352794083,1.1620807854046888,False,False,False,False,-0.05854532423252736,-0.1374945791626096,False,False,False,False,64529598,43433252.75852165,False,False,False,False,10285703.694305003,False,False,False,False
2024-08-09 00:00:00+00:00,31.8428443968,32.1067605122,30.3412527062,30.4868615974,10726664,,,,,30.120946176659743,30.826223378434722,30.954215821371754,31.630838407912265,32.27986591083331,32.82797995422297,33.33124475034633,33.68363473842384,34.01754842889903,34.36571762360111,34.77858586519012,,,30.169756079419933,29.951484796351036,31.291766629979875,31.663433383598367,31.909842416633072,32.62130804519018,33.169784818141736,33.47729874877023,33.53207551997628,33.80864903710896,34.32054794092537,34.551470559701414,35.36281830767095,,,30.826223378434722,32.82797995422297,34.01754842889903,34.77858586519012,31.079837300119415,#000000,3.2496906231618965,30.267102607716357,0.4848897854622457,47.87551697383568,-6.71659794685705,True,False,False,False,True,0.0,0.0,0.0,0.0,0.0,0,0.9174757937221635,1.0895460794023342,False,False,False,False,0.06456487374398466,-0.03646485270931247,False,False,False,False,75256262,45790512.702334866,False,False,False,False,10318367.42065278,False,False,False,False
2024-08-16 00:00:00+00:00,31.2240066092,31.9338499538,31.0010429945,31.9065482867,10075731,,,,,30.23647663595275,30.843086273101502,30.966916898008044,31.62512914199003,32.26404320866621,32.80470521079961,33.3033119137036,33.65384481115217,33.9872894191653,34.33375699450684,34.74410048388401,,,30.336496678438085,30.03231696077758,31.294293668304444,31.65753934658376,31.899760873896263,32.60071343745243,33.143001865738505,33.44835572394829,33.50305071348913,33.77896625478194,34.28887662563726,34.51838093504441,35.325706996399596,,,30.843086273101502,32.80470521079961,33.9872894191653,34.74410048388401,31.115605968571867,#000000,3.260080196936706,30.36209413706748,0.26438382495694596,48.85657978022604,-5.830197189241957,True,False,False,False,True,0.0,0.0,0.0,0.0,0.0,0,0.9564475949322747,1.0476340159126218,False,False,False,False,0.10375369543170931,0.033644421361198426,False,False,False,False,65180531,47226810.35401377,False,False,False,False,10300394.352456277,False,False,False,False
2024-08-23 00:00:00+00:00,31.8246432854,32.0339560666,31.0874982737,31.2513082763,5581661,,,,,30.304466760291675,30.85630270550019,30.977841104060378,31.62543009566316,32.258065710413184,32.79445822408838,33.290251726167924,33.639543713632165,33.97248552692202,34.31789523804897,34.72676613548014,,,30.42909823196943,30.08123541143511,31.299465336068423,31.65743640689062,31.8971109463196,32.5919993785637,33.13067318894245,33.43466112872371,33.48925888613277,33.764603072125674,34.273183834505694,34.501857230504456,35.30679465832846,,,30.85630270550019,32.79445822408838,33.97248552692202,34.72676613548014,31.13864527086118,#000000,3.256259315829567,30.4177757772991,0.4320502059715374,50.54567874794043,-4.232715562270073,True,False,False,False,True,0.0,0.0,0.0,0.0,0.0,0,0.9435670419725204,1.04127995486121,False,False,False,False,0.176254533942702,0.1049494776519502,False,False,False,False,70762192,48970171.957420155,False,False,False,False,9950858.548570625,False,False,False,False
2024-08-30 00:00:00+00:00,31.8519449525,32.143162735,31.6034087764,31.9247493981,9869202,,,,,30.4269792270899,30.884770458820007,31.002315085573102,31.63074522167955,32.251448238297456,32.78013362248223,33.270650346523794,33.617458620891256,33.94917085180903,34.292551254444895,34.69871914486755,,,30.588520324447444,30.17189854980152,31.313719564389235,31.66164743567634,31.896544126317174,32.58043941731358,33.112491846882634,33.41383755652419,33.46819123983307,33.74223733891927,34.248150227873474,34.47529365242599,35.27578660320249,,,30.884770458820007,32.78013362248223,33.94917085180903,34.69871914486755,31.182858823209177,#000000,3.2459539125974373,30.518042140039718,0.4109432383754584,51.79673767537069,-3.0455560353425852,True,False,False,False,True,0.0,0.0,0.0,0.0,0.0,0,0.9790689372965968,1.0199712104009349,False,False,False,False,0.3428282306569892,0.22388885415446969,False,False,False,False,80631394,51315447.66427792,False,False,False,False,9944809.915343171,False,False,False,False
2024-09-06 00:00:00+00:00,32.5344866301,32.8894083024,31.6426321714,31.6699338385,6025024,,,,,30.515118198770033,30.909652719701892,31.024698318667483,31.640383963382682,32.252510016549216,32.776170746809704,33.26302458530227,33.60793660611253,33.938474037922,34.280403746675994,34.6847771067573,,,30.700598405101758,30.237573154836117,31.32947476303815,31.6700890380527,31.901620664042426,32.578273480688104,33.10590505391204,33.40532881643048,33.45944353060784,33.73233485633118,34.236209204925096,34.462330888442466,35.259807386977805,,,30.909652719701892,32.776170746809704,33.938474037922,34.6847771067573,31.218171924214243,#000000,3.2240741979696637,30.59073561960245,0.6028865625119947,53.779232072674404,-1.1447414396714706,True,False,False,False,True,0.0,0.0,0.0,0.0,0.0,0,1.0145909375429916,0.974188113792487,False,False,False,False,0.34282823331517753,0.2833585437348236,False,False,False,False,86656418,53933297.31877585,False,False,False,False,9654455.403095528,False,False,False,False
2024-09-13 00:00:00+00:00,32.2159671806,32.8621066353,31.6335316157,32.5344866301,9904489,,,,,30.635457660045297,30.94557506456008,31.056795549635364,31.653152658914077,32.252257482400154,32.76802689173118,33.24916239264247,33.59114238978132,33.91990712792876,34.25955507396342,34.66106898532096,,,30.845691465890944,30.331780881235975,31.351494268228723,31.681208779267944,31.907613511379566,32.57295857350016,33.09365425140116,33.39009159283837,33.44384884092309,33.714987335859654,34.21568908948126,34.44018513906262,35.23286121557515,,,30.94557506456008,32.76802689173118,33.91990712792876,34.66106898532096,31.266102732155808,#000000,3.173488890141131,30.689626267933072,0.4809662064388234,54.51464439503198,-0.43514599068738136,True,False,True,False,True,0.0,0.0,0.0,0.0,0.0,0,1.0669995842212958,0.9699436946534911,False,False,False,False,0.33899260172070544,0.3111755727277645,False,False,False,False,76751929,55623566.33219986,False,False,False,False,9672976.410273638,False,False,False,False
2024-09-20 00:00:00+00:00,32.5691513297,33.6194692807,31.8069737016,32.2531264595,15834066,,,,32.665198104000005,30.839425160116065,31.016879355176933,31.122099380435944,31.68662293524175,32.26286805122897,32.76560153714387,33.23681361486272,33.57335438354815,33.89839133632119,34.233964166715865,34.63063349996276,,,31.084330139597853,30.49521891068673,31.400538322409634,31.71111568765996,31.928641708654645,32.575200600691964,33.08420761172464,33.375283913988746,33.42828369265627,33.695869524210565,34.19065534501926,34.41238575963777,35.196781082348984,,32.665198104000005,31.016879355176933,32.76560153714387,33.89839133632119,34.63063349996276,31.39500697039795,#000000,3.101019719489074,31.271043078600165,0.4186068998341328,55.613222272142536,0.6609278398689895,True,False,True,False,True,0.0,-1.0,33.61947,31.806974,0.0,0,1.0705452476649766,0.8939453805531989,False,False,False,False,0.3428282356995877,0.32700190421367614,False,False,False,False,92585995,58361524.01129616,False,False,False,False,10129353.416920034,False,False,False,False
2024-09-27 00:00:00+00:00,32.7085740666,32.8108174069,32.3280429434,32.6528049718,7683122,,,,32.64906337239348,30.922015062736815,31.0484153442585,31.150958509240063,31.70129848699502,32.26721435552389,32.76390662709633,33.23050632858191,33.56451104198967,33.88780744618733,34.22145882498261,34.61583464560901,,,31.175962604674975,30.564921414161596,31.42216109172157,31.724264026044384,31.93777379512281,32.575673990810834,33.07924959478136,33.367829962101375,33.420478706112235,33.68640916457736,34.17841340618791,34.39883566184562,35.17930246138824,,32.64906337239348,31.0484153442585,32.76390662709633,33.88780744618733,34.61583464560901,31.429683370734928,#000000,3.022710982524752,31.327990613491714,0.4567368369287954,56.624835766134765,1.6926811607697374,True,False,True,False,True,0.0,0.0,0.0,0.0,0.0,0,1.091655470679794,0.9240635908873618,False,False,False,False,0.31614709758975484,0.32157450090171547,False,False,False,False,100269117,61465790.15860756,False,False,False,False,9948151.089740772,False,True,False,False
2024-10-04 00:00:00+00:00,31.3329363962,32.7875802841,31.2121033576,32.7364586139,9656623,,,,32.39537010450523,30.969248042811266,31.066052607393605,31.16581312547771,31.70278248417912,32.25975090595992,32.75007552895018,33.21219231000453,33.54400645189793,33.86614513493559,34.19794884068841,34.58987220173605,,,31.21803787905028,30.613029928341977,31.429934502384338,31.72521973551267,31.935141385218994,32.56414945136943,33.062159023045886,33.34845174152159,33.40087851640078,33.665623245598375,34.15518352506359,34.37422046541889,35.150592348480835,,32.39537010450523,31.066052607393605,32.75007552895018,33.86614513493559,34.58987220173605,31.422062979487514,#000000,2.9358456459357525,31.298921488677188,0.011586068078852162,54.51148462810805,1.6926811607697374,True,False,True,False,True,0.0,0.0,0.0,0.0,0.0,0,1.088388795072824,0.9056808501477709,False,False,False,False,0.21424385837806678,0.26790917963989114,False,False,False,False,90612494,63624805.25796996,False,False,False,False,9926556.41642664,False,False,False,False
2024-10-11 00:00:00+00:00,30.6915918067,31.3794106419,30.3988040593,31.3654683682,10936891,,,,32.005580338407924,30.960657284622222,31.059578505904337,31.156856137656064,31.68381181410803,32.23537458930835,32.7199536490352,33.17856880848892,33.50910196853507,33.831174770948046,34.16157738803992,34.551250582392534,,,31.189061813868214,30.62207039676642,31.41526855721991,31.70725955487916,31.914831075683882,32.53613768490682,33.029354519234964,33.3140764513434,33.36651513086546,33.63099610757658,34.1190669189688,34.336851925049615,35.10962033499081,,32.005580338407924,31.059578505904337,32.7199536490352,33.831174770948046,34.551250582392534,31.371497547911616,"rgba(239, 83, 80, 0.5)",2.8466715901564315,31.194342458416195,-0.1766099937395895,51.91421957010634,1.6926811607697374,True,False,False,False,False,0.0,0.0,0.0,0.0,0.0,0,1.0711751439632016,0.9347679231783165,False,False,False,False,0.025786233278471654,0.14684770645918138,False,False,False,False,79675603,64813753.23886107,False,False,False,False,10001396.015209852,False,False,False,False
2024-10-18 00:00:00+00:00,31.1749239611,31.4584168594,30.0967214628,30.6822969576,9799507,,,,31.806435427900418,30.95812099953614,31.056088513042965,31.151205398798222,31.66914077505617,32.21552477590255,32.69495159655374,33.15031634213692,33.479565331107956,33.80140116527818,34.13047771021089,34.518101827584296,,,31.171842629267413,30.63275324782226,31.404556601835235,31.69328473245366,31.89865007554796,32.513026777192586,33.001891650553944,33.285106803010166,33.33751847174032,33.60161565985683,34.08819940114499,34.304841709758556,35.074292473818716,,31.806435427900418,31.056088513042965,32.69495159655374,33.80140116527818,34.518101827584296,31.34420784012604,#000000,2.765060230687903,31.142288076131557,0.01180295626338787,50.97555416864378,6.048713413272488,True,False,False,False,False,0.0,0.0,0.0,0.0,0.0,0,1.0646334729107114,0.9164655356376272,False,False,False,False,-0.01864959933813191,0.06409905356052474,False,False,False,False,89475110,66640520.40635284,False,False,False,False,9986441.273342455,False,False,False,False
2024-10-25 00:00:00+00:00,30.4778102769,31.165629112,30.4592205786,31.1284497155,6932901,,,,31.68046125946273,30.949317595394255,31.050319648915945,31.144028263483158,31.656324833118294,32.19964418200912,32.67565238601435,33.128923209869065,33.457403146461466,33.77920381618801,34.10742675932072,34.49367380178313,,,31.152142108174047,30.63449581090072,31.3941579198279,31.681128420171657,31.885157861632628,32.494987346884535,32.98098850892885,33.26326179628453,33.31568208993849,33.579624572589715,34.065304098391984,34.281181128663015,35.04841850766192,,31.68046125946273,31.050319648915945,32.67565238601435,33.77920381618801,34.49367380178313,31.32275337210813,"rgba(239, 83, 80, 0.5)",2.693914523919332,31.10410419348294,-0.23248470247368996,49.14822394886959,4.269322697732271,True,False,False,False,False,0.0,0.0,0.0,0.0,0.0,0,1.0538780297307013,0.9510673478506529,False,False,False,False,-0.012369903554266422,0.025864575003129157,False,False,False,False,82542209,67818423.26514152,False,False,False,False,9760253.104946718,False,False,False,False
2024-11-01 00:00:00+00:00,29.8364656873,30.6915918067,29.6226841575,30.4406308804,8151839,,,,31.48784944365667,30.91453818172004,31.031579553950507,31.123907766592122,31.631712017237838,32.17346875572017,32.64611154659576,33.09762808199052,33.42574737018958,33.74807556754101,34.07561463799105,34.4604885832265,,,31.100485504818387,30.61743895859473,31.37120495384792,31.657972167439542,31.861172116863045,32.46670272092472,32.950014477202096,33.23164043077967,33.28418981079594,33.54844113280407,34.033645952891824,34.24877081500874,35.013889484154305,,31.48784944365667,31.031579553950507,32.64611154659576,33.74807556754101,34.4604885832265,31.27978606647208,"rgba(239, 83, 80, 0.5)",2.6595912349899034,31.030078022197458,-0.44879540855532646,46.87689748624639,2.0788959160119305,True,False,False,False,False,0.0,0.0,0.0,0.0,0.0,0,1.0283982884360974,0.9740252183727399,False,False,False,False,-0.13114549773567752,-0.05264046136627418,False,False,False,False,74390370,68305234.1343903,False,False,False,False,9641111.319395108,False,False,False,False
2024-11-08 00:00:00+00:00,26.3694869641,28.9348653223,25.3656432588,28.9348653223,32456696,,,,30.016892025050364,30.377407282838043,30.74403517190928,30.834972120464045,31.35902976101974,31.929135806618202,32.39929658654331,32.85616174677125,33.192600518389604,33.52746888310205,33.85807906809225,34.24187673700369,,,30.438203323162984,30.22928533038261,31.08587964838491,31.402851382632583,31.61524228100776,32.22112690567515,32.70530998050763,32.992515088009,33.04774300876633,33.322168438673174,33.81620666280682,34.03097316093322,34.796418287868285,,30.016892025050364,30.74403517190928,32.39929658654331,33.52746888310205,34.24187673700369,30.810379832685232,"rgba(255, 26, 202, 1.0)",2.695132755532334,30.2654469903585,-1.4455540337525918,41.661746121799546,-2.8703942654655634,False,False,False,True,False,0.0,0.0,0.0,0.0,0.0,0,0.875071936568677,1.0185324809855987,False,False,False,False,-0.34282825441539394,-0.19773435789083404,False,False,False,False,41933674,66351785.23554657,False,False,False,False,11331154.629069544,False,False,False,False
2024-11-15 00:00:00+00:00,24.92878535,26.5460890975,24.6406450271,26.3973715115,23533291,,,,29.142279702673267,29.935755588096363,30.486557966687666,30.577396296059828,31.119377382375056,31.71639902594247,32.18740088984983,32.65086485787961,32.9954166694436,33.34158610260838,33.675802840719676,34.05996770621188,,,29.919544947922976,29.888275335905753,30.83372539737437,31.17760899739823,31.3990467322204,32.00920206638078,32.496705692233235,32.789708805029875,32.84731204769433,33.13098437583496,33.63386624498462,33.84905363034192,34.61697416419615,,29.142279702673267,30.486557966687666,32.18740088984983,33.34158610260838,34.05996770621188,30.44795683467139,"rgba(255, 26, 202, 1.0)",2.764665312339901,29.72146389364959,-1.7335474649527338,36.95822053053324,-7.1985811391975645,False,True,False,True,False,0.0,0.0,0.0,0.0,0.0,0,0.8435087270131227,1.1064332805845978,False,False,False,False,-0.34282825441539394,-0.27028130615311396,False,False,False,False,18400383,62799829.51439497,False,False,False,False,12235016.582471801,False,False,False,False
2024-11-22 00:00:00+00:00,24.8823111043,25.5608350904,24.5848759324,24.9938492938,21332298,,,,28.53971851546447,29.57092031687288,30.258506808471004,30.349180054497044,30.905443899987166,31.524789494955275,31.996426553021188,32.46546973709021,32.81697479740598,33.17292400365583,33.5102879551926,33.89478560453789,,,29.50257997694207,29.596367707991085,30.609701665596365,30.975624138833606,31.204582968170964,31.81823090028741,32.30849629624827,32.606439101324234,32.66608034254298,32.95772355762195,33.468294029787145,33.68385552220767,34.45396686372198,,28.53971851546447,30.258506808471004,31.996426553021188,33.17292400365583,33.89478560453789,30.151262605282664,"rgba(255, 26, 202, 1.0)",2.812152394407404,29.302396629317627,-1.5717802256406723,33.5689113760188,-10.206468717622755,False,True,False,True,False,0.0,0.0,0.0,0.0,0.0,0,0.8504043441058013,1.127424783763698,False,False,False,False,-0.34282825441539394,-0.306554780284254,False,False,False,False,-2931915,57930811.40221757,False,False,False,False,12908889.280066483,False,False,False,False
2024-11-29 00:00:00+00:00,25.1239771816,25.4028226553,24.5988182061,25.0960926342,11666276,,,,28.281420450620153,29.394631390526456,30.14236750151879,30.232825163207725,30.795276174972397,31.425061447106717,31.896689083008514,32.36826154165059,32.7231129091933,33.083898281572466,33.42275341007116,33.807296924105565,,,29.30461703144312,29.45206561227931,30.49499625077687,30.871231245644108,31.103691288716853,31.718612984555232,32.20995687671853,32.51023129726713,32.570874735599205,32.86643609219173,33.38074443378572,33.596425851404206,34.36743811805711,,28.281420450620153,30.14236750151879,31.896689083008514,33.083898281572466,33.807296924105565,30.007312210970575,"rgba(255, 26, 202, 1.0)",2.8651836611286368,29.10818362121726,-1.3905588300220253,31.62796143492749,-11.846506750654143,False,True,False,True,False,0.0,0.0,0.0,0.0,0.0,0,0.8622540720401957,1.134281897889798,False,False,False,False,-0.34282825441539394,-0.32469151734982393,False,False,False,False,8734361,54286629.890942186,False,False,False,False,12816843.851913411,False,False,False,False
2024-12-06 00:00:00+00:00,24.8916059535,25.5097134202,24.6917666973,25.0775029359,22052439,,,,27.88328293187479,29.09557402778125,29.935950564707028,30.025833292259424,30.59757801767105,31.244386629548718,31.715480302204824,32.19103598957163,32.55149896735598,32.92061290153656,33.26193005702278,33.64635769255828,,,28.973857418168365,29.202249758355222,30.29019195204961,30.68326231548512,30.92140621316004,31.537799430553314,32.03053752526893,32.33464580014875,32.397005580388125,32.69927545880934,33.21991693715695,33.43569824788236,34.20796183881476,,27.88328293187479,29.935950564707028,31.715480302204824,32.92061290153656,33.64635769255828,29.760918649151186,"rgba(255, 26, 202, 1.0)",2.891633501808453,28.788741034044907,-1.3477278770313055,30.068798316101393,-13.191978891411352,False,True,False,True,False,0.0,0.0,0.0,0.0,0.0,0,0.839391935611393,1.1419910916761051,False,False,False,False,-0.33326250778986055,-0.32897701256984224,False,False,False,False,-13318078,49278873.750872396,False,False,False,False,13500962.011030937,False,False,False,False
2024-12-13 00:00:00+00:00,23.7204549639,25.3517009851,23.4555517638,24.92878535,22685363,,,,27.4684115577835,28.771572380121725,29.706204233774677,29.79578639731654,30.378731855554193,31.04472520124133,31.516184225594913,31.996708321647247,32.363585182862224,32.74193717235484,33.08626619967258,33.47101178449317,,,28.620027047120864,28.926128872534562,30.063187127763243,30.47471437937819,30.719352043406236,31.33858244761794,31.83365812572897,32.14225601144988,32.20650457491646,32.51623590958419,33.044198277948105,33.260338451825966,34.034728879287016,,27.4684115577835,29.706204233774677,31.516184225594913,32.74193717235484,33.47101178449317,29.492411589475374,"rgba(255, 26, 202, 1.0)",2.965312594708773,28.446534964390164,-1.5937881250439698,28.142340191853076,-14.954777038038458,False,True,False,True,False,0.0,0.0,0.0,0.0,0.0,0,0.8275842515152836,1.139772545485716,False,False,False,False,-0.34282825441539394,-0.33590263349261806,False,False,False,False,-36003441,42961665.25080778,False,False,False,False,14181288.01021383,False,False,False,False
2024-12-20 00:00:00+00:00,22.1539105978,23.5696181835,21.9052052111,23.359175164,32430604,,,,26.789118996275253,28.235605137637428,29.319782944955698,29.40974701474528,30.01471192727679,30.71473855110921,31.18944370099079,31.6800130023875,32.05838648146586,32.45248008058336,32.802698967252006,33.189216956001374,,,28.040443516484494,28.46133327794221,29.684158124264577,30.127236372822974,30.38360127101471,31.010992224235345,31.51225918448073,31.829208236312823,31.89664737166932,32.219171721308456,32.760399777257696,32.97783281498159,33.75787686778285,,26.789118996275253,29.319782944955698,31.18944370099079,32.45248008058336,33.189216956001374,29.04657385834194,"rgba(255, 26, 202, 1.0)",3.097357431116783,27.881625232084843,-1.8492262393558045,25.868019766192884,-17.087275938337072,False,True,False,True,False,0.0,0.0,0.0,0.0,0.0,0,0.7881987458841607,1.1590680124014134,False,False,False,False,-0.34282825441539394,-0.33936544395400603,False,False,False,False,-68434045,34710131.15815535,False,False,False,False,15533089.194642434,False,False,False,False
2024-12-27 00:00:00+00:00,21.675631008,22.1347794142,21.5130159475,21.9530331701,12864805,,,,26.529005843328356,28.02233835823375,29.16170257020058,29.25186965214774,29.865604937950184,30.579173600655633,31.055386268924877,31.550107251313705,31.933151209766,32.33360203167188,32.68628047037659,33.073636946354824,,,27.812026975612252,28.273606669858353,29.52911641740313,29.984560277938773,30.245612856427268,30.876514968764024,31.380438698469867,31.70079626500486,31.769515146434877,32.09720174788395,32.6438742001095,32.86189761035683,33.64443939795377,,26.529005843328356,29.16170257020058,31.055386268924877,32.33360203167188,33.073636946354824,28.867544455910043,"rgba(255, 26, 202, 1.0)",3.2268196174281227,27.659244461758178,-1.8543377576609958,24.000004177290954,-18.85462582398268,False,True,False,True,False,0.0,0.0,0.0,0.0,0.0,0,0.774019303327426,1.2115516489257996,False,False,False,False,-0.34282825441539394,-0.34109684918469996,False,False,False,False,-81298850,26116873.29458829,False,False,False,False,15335438.513557808,False,False,False,False
2025-01-03 00:00:00+00:00,22.7852396562,22.794805248,21.2164826018,21.6182374572,14047420,,,,26.300469698592796,27.822069177388112,29.00746843667558,29.097613246288983,29.718348781279083,30.4437634903653,30.92081638316578,31.419028649667936,31.806285161947436,32.21268025723037,32.567530845249806,32.955445748556386,,,27.599701829882516,28.09490817824559,29.376908272402027,29.843224277738454,30.10835083903624,30.741762142231583,31.247669616597697,31.57102787212137,31.640937223808198,31.973414472165608,32.52504971755647,32.74350119134604,33.5280253975245,,26.300469698592796,29.00746843667558,30.92081638316578,32.21268025723037,32.955445748556386,28.696906273752937,"rgba(255, 26, 202, 1.0)",3.324037320446301,27.454287221027254,-1.4046315112371734,24.85521335450663,-18.85462582398268,False,True,False,True,False,0.0,0.0,0.0,0.0,0.0,0,0.7977068042737728,1.1750577444473405,False,False,False,False,-0.3305160474149157,-0.3358064482998078,False,False,False,False,-67251430,19200702.680174343,False,False,False,False,15240029.734775748,False,False,False,False
2025-01-10 00:00:00+00:00,21.9625987619,23.1296009609,21.9147708029,23.0530762265,13551450,,,,26.105528030046806,27.643924524054952,28.866561107696725,28.95658684822546,29.582887346664055,30.31833493596273,30.795866627072133,31.296980817656145,31.68789123340177,32.09955238389574,32.45627353434813,32.844583868465094,,,27.412227981179267,27.934268272436483,29.237389428934794,29.712915671225097,29.981481873656236,30.616747540213265,31.124174869757393,31.45009814888118,31.521057152750338,31.85775806203681,32.41373719971384,32.6325135643202,33.41864241863156,,26.105528030046806,28.866561107696725,30.795866627072133,32.09955238389574,32.844583868465094,28.54337710841199,"rgba(255, 26, 202, 1.0)",3.4535952469403743,27.273987201929376,-1.5379302032381665,24.92495022676286,-18.85462582398268,False,True,False,True,False,0.0,0.0,0.0,0.0,0.0,0,0.811718837735703,1.1612671691075953,False,False,False,False,-0.2960316834495049,-0.31591906587465635,False,False,False,False,-80802880,11793029.889050316,False,False,False,False,15114949.75442199,False,False,False,False
2025-01-17 00:00:00+00:00,22.144345006,22.2303396762,20.9199492562,21.9912955372,18855746,,,,25.827585206604446,27.389793153918085,28.66382524187716,28.753774401809554,29.388258821117297,30.138104652821486,30.616610796228507,31.122042401209235,31.51823772924629,31.937434251190904,32.296926430018104,32.68595228135543,,21.76487797946667,27.145591876720733,27.703778626242677,29.036897900234944,29.525490544339075,29.799016239266717,30.437289165618967,30.947131400678973,31.276795680942683,31.349250815193553,31.691999865077253,32.25429437611037,32.47361860167854,33.262296681805815,,25.827585206604446,28.66382524187716,30.616610796228507,31.937434251190904,32.68595228135543,27.519987375233065,"rgba(255, 0, 0, 1.0)",3.560418714434155,25.531962054177484,-0.9514659145127723,25.324380985779484,-18.85462582398268,False,True,False,True,False,0.0,0.0,0.0,0.0,0.0,0,0.758351906244392,1.215649400371558,False,False,False,False,-0.34282825441539394,-0.3293736601450251,False,False,False,False,-61947134,6330795.526898441,False,False,False,False,15392045.772612954,False,False,False,False
2025-01-24 00:00:00+00:00,22.5078374942,22.5700138409,21.8860740275,22.000861129,11257165,,,,25.69848132626855,27.262281701022083,28.557539067644793,28.647268358040012,29.28476357551393,30.04099308584881,30.519461572912526,31.026660033317913,31.425311784896337,31.848212264996548,32.20894568911596,32.59810977673297,,21.972889409019313,27.01333447824297,27.586344099040126,28.931021934551648,29.425475263604323,29.701174865211712,30.340231446833695,30.85080498593231,31.182138197553222,31.25532360794581,31.60101286297919,32.16629043351146,32.38576677818966,33.17536120337164,,25.69848132626855,28.557539067644793,30.519461572912526,31.848212264996548,32.59810977673297,27.437939921294777,"rgba(255, 0, 0, 1.0)",3.664378168050478,25.48674672863823,-0.8129371745556134,26.321705641879504,-18.85462582398268,False,True,False,True,False,0.0,0.0,0.0,0.0,0.0,0,0.7745552983328541,1.201435396180509,False,False,False,False,-0.2999989656883796,-0.31468631291670235,False,False,False,False,-50689969,2107035.1915726312,False,False,False,False,15085758.307974957,False,False,False,False
2025-01-31 00:00:00+00:00,22.7565428809,23.3783063475,22.5747966367,22.6800181465,15485103,,,,25.5637268145183,27.11647601641504,28.430134977649114,28.51935389807242,29.15874416087976,29.92106217605888,30.398710086050013,30.907330591133803,31.308488069116468,31.735484956423974,32.097401698652114,32.486386251562095,,22.288828433584275,26.863969055575343,27.449888006129633,28.803072083801688,29.303253288872174,29.580984263274807,30.219870190677092,30.730566160411744,31.0634914982412,31.13747826314745,31.486371900585695,32.05475787093222,32.274219975770144,33.064299174909145,,25.5637268145183,28.430134977649114,30.398710086050013,31.735484956423974,32.486386251562095,27.349744673549775,"rgba(255, 0, 0, 1.0)",3.7430196414595756,25.458250080023237,-0.721798830334141,27.52619036134955,-18.85462582398268,False,True,False,True,False,0.0,0.0,0.0,0.0,0.0,0,0.7815962847642427,1.2020824319206518,False,False,False,False,-0.2521705888372773,-0.2834284508769898,False,False,False,False,-35204866,-656809.3411364523,False,False,False,False,15115339.396273108,False,False,False,False
2025-02-07 00:00:00+00:00,21.1782202346,23.9618074471,21.0443019495,22.2782632911,27402670,,,22.0614432104,25.288432949221665,26.83398202062165,28.185931801119086,28.274511780525533,28.919100493287726,29.694115664208542,30.171180908141533,30.683209660931144,31.089481696430855,31.524448823601738,31.888944168417286,32.27803958242705,,22.20347358630921,26.573783191791946,27.185669107406454,28.559004751395555,29.070814274962373,29.352854316013467,29.992721642628347,30.504524220455654,30.840840169844117,30.91638236924661,31.271552213500584,31.84627111702032,32.065959529332865,32.857733686386496,,25.288432949221665,28.185931801119086,30.171180908141533,31.524448823601738,32.27803958242705,26.408533289207885,"rgba(255, 0, 0, 1.0)",3.8591077274259145,24.03178323443071,-0.7394359529149704,27.153905366263494,-18.85462582398268,False,True,False,True,False,0.0,0.0,0.0,0.0,0.0,0,0.7393474036656402,1.2013768137524348,False,False,False,False,-0.2822817519452297,-0.28285510141110976,False,False,False,False,-62607536,-5245752.056607827,False,False,False,False,16025512.033586212,False,False,False,False
2025-02-14 00:00:00+00:00,22.7852396562,22.8521987988,21.2451793772,21.2930073362,15270051,,,22.144735269839785,25.162783822537268,26.69687830725475,28.06267545562876,28.150778862758347,28.796750574653654,29.576932922216642,30.053185365713034,30.56641841330492,30.97491546737008,31.413592090675984,31.779159536798268,32.16807624910008,,22.219169476122598,26.43437999056278,27.05556850725655,28.435117878816083,28.951738666347243,29.235505328052724,29.875104179510934,30.386937946451315,30.72464666861243,30.80090596881419,31.158959501480886,31.73649851341582,31.956166236277173,32.74836598416006,,25.162783822537268,28.06267545562876,30.053185365713034,31.413592090675984,32.16807624910008,26.315883814543053,"rgba(239, 83, 80, 1.0)",3.929927152013095,23.990267139765606,-0.30662845313769554,29.702859842704456,-18.85462582398268,False,True,False,True,True,0.0,0.0,0.0,0.0,0.0,0,0.7299852961760248,1.2216520789757053,False,False,False,False,-0.3116523453413185,-0.29725372337621414,False,False,False,False,-47337485,-8363658.200562802,False,False,False,False,15969551.957024269,False,False,False,False
2025-02-21 00:00:00+00:00,22.9287235332,23.0626418183,22.1204310265,22.6130590039,9213831,,,22.244035476344,25.10206167176648,26.625417948935855,27.995874660762123,28.083617654028558,28.729603069503447,29.51188201767874,29.98735272431473,30.50092063636185,30.91041483510539,31.35092868606545,31.71693272175178,32.105594244522905,,22.26498720209045,26.362471631133594,26.986833444223215,28.367538994774105,28.8861909803698,29.17063583291296,29.80959993186018,30.32111297831518,30.659386012154282,30.73599720975105,31.095455242437414,31.67429620351433,31.893862330649878,32.68600676361853,,25.10206167176648,27.995874660762123,29.98735272431473,31.35092868606545,32.105594244522905,26.27624417535618,"rgba(239, 83, 80, 1.0)",3.9778036842316538,23.993388995333632,-0.2676515853092638,31.753919212230127,-24.36400724852022,False,True,False,True,True,0.0,0.0,0.0,0.0,0.0,0,0.7521533248501061,1.2185731925806864,False,False,False,False,-0.2766184354344532,-0.28693607940533367,False,False,False,False,-38123654,-10568102.333854446,False,False,False,False,15469128.182429878,False,False,False,False
2025-02-28 00:00:00+00:00,22.1156482306,23.3256955927,22.0104267208,22.9095923496,11634711,,,22.287973960354133,25.022886937815564,26.53389313465202,27.91045528714985,27.99776709099766,28.643878650400573,29.428879398881808,29.903428304879668,30.41746624730815,30.828244850827687,31.271096627633526,31.63767627598919,32.02604539074101,,22.288331021758697,26.27030822819177,26.898777746421416,28.281219798930998,28.802483691719047,29.08781529909772,29.726066224405304,30.23723229997385,30.57624281012155,30.653301134357005,31.014548624032567,31.595067306653167,31.814522088415753,32.606649251691465,,25.022886937815564,27.91045528714985,29.903428304879668,31.271096627633526,32.02604539074101,26.21354918566727,"rgba(255, 0, 0, 1.0)",4.051310458303302,23.96737503703004,-0.45706860174955444,32.46937109036783,-23.53043100933101,False,True,False,True,True,0.0,0.0,0.0,0.0,0.0,0,0.7402076059395927,1.2096669418527746,False,False,False,False,-0.2717343607148184,-0.27933522006007605,False,False,False,False,-49758365,-13471084.753568932,False,False,False,False,15185097.280027665,False,False,False,False
2025-03-07 00:00:00+00:00,23.7226676522,24.0478977732,22.1682589855,22.2017385567,13064559,,,22.46282027207448,24.966728778876988,26.455899438580765,27.831819400694656,27.918480730123996,28.562964364752705,29.348832747408714,29.821682643461727,30.33538109228046,30.746845205347633,31.19144706999048,31.55820049906154,31.94589932452552,,22.397887932846217,26.193448746884275,26.821729893838125,28.200698300248135,28.723055435241772,29.008600104569478,29.644989281401653,30.155002789573338,30.494234807057936,30.571620602904417,30.934146697576956,31.5156623570766,31.734786332842205,32.526176200091804,,24.966728778876988,27.831819400694656,29.821682643461727,31.19144706999048,31.94589932452552,26.181247785892033,"rgba(239, 83, 80, 1.0)",4.0985222809378135,24.00522143267049,-0.06894040366320439,35.43948587226328,-20.53855850783261,False,True,False,True,True,0.0,0.0,0.0,0.0,0.0,0,0.7468057824963937,1.205009473087849,False,False,False,False,-0.2438873940835239,-0.26161130707179997,False,False,False,False,-36693806,-15191286.32737864,False,False,False,False,15028020.370395985,False,False,False,False
2025-03-14 00:00:00+00:00,23.1372534343,24.2679063845,22.9992382881,23.8948483045,16647356,,23.4681327023,22.642324974973157,24.90653368650253,26.366471152998226,27.738743289742622,27.824533623703886,28.466296388491156,29.25236626694881,29.722826473732702,30.23574525171189,30.647755590086803,31.09418992024051,31.460967048215778,31.847683701052027,,22.526221813925588,26.106089193892927,26.732358048041778,28.10494020239273,28.627924537928173,28.913421911354842,29.547061648574335,30.055323901277035,30.39458340030594,30.472307014763828,30.836133341578623,31.418534161397375,31.637158373918965,32.427325251711395,,24.90653368650253,27.738743289742622,29.722826473732702,31.09418992024051,31.847683701052027,25.641634868847348,"rgba(239, 83, 80, 1.0)",4.159891294896122,23.38580329442532,-0.05974912383654624,36.9656193869533,-18.9858202222172,False,False,False,True,True,0.0,0.0,0.0,0.0,0.0,0,0.7697651697072003,1.1981092249374514,False,False,False,False,-0.21110655220341212,-0.23635892963760605,False,False,False,False,-53341162,-18017203.04386911,False,False,False,False,15147971.15777406,False,False,False,False
2025-03-21 00:00:00+00:00,22.3781701303,23.6400228954,22.2993043325,23.038671187,12257202,,23.173143886225073,22.65745024785033,24.84523289325131,26.288974687045993,27.661955647558223,27.74721155041827,28.387849499694294,29.175036692900857,29.644105280533022,30.156860717700404,30.569601290034758,31.017741707000685,31.384754494544325,31.77092778214777,,22.546201314675432,26.029225564519926,26.6561542591501,28.02666419634505,28.550903517630925,28.836718961615308,29.468894387237178,29.976258662958667,30.315810454572897,30.393852989430584,30.758937187413647,31.34237826936979,31.560740923689906,32.35036591646455,,24.84523289325131,27.661955647558223,29.644105280533022,31.017741707000685,31.77092778214777,25.563221424703972,"rgba(239, 83, 80, 1.0)",4.22957182805325,23.305507085500537,-0.21925078776292214,37.31856634301809,-18.53881453117916,False,False,False,True,True,0.0,0.0,0.0,0.0,0.0,0,0.7429054725301941,1.2385551210912282,False,False,False,False,-0.25145443355275393,-0.24390668159517997,False,False,False,False,-65598364,-21541733.485063992,False,False,False,False,14933840.109050054,False,False,False,False
2025-03-28 00:00:00+00:00,22.644342198,22.9400889398,22.1317145122,22.319020782,11451843,,23.00257244655478,22.649087085165153,24.785819897815877,26.21557185796797,27.589473970713176,27.6742525221517,28.313937902769606,29.102227098121457,29.570051949357914,30.082691236187465,30.49612941681072,30.945869090488767,31.313118392922146,31.69880756365503,,22.548022392867416,25.95632045223616,26.584020464845743,27.95286781954616,28.478318308162642,28.764454973941213,29.395337817855232,29.90191129346042,30.241753467884784,30.320094574487882,30.686359929339925,31.270792432865942,31.488923927699563,32.27808183464806,,24.785819897815877,27.589473970713176,29.570051949357914,30.945869090488767,31.69880756365503,25.495800890986413,"rgba(239, 83, 80, 1.0)",4.294687618151426,23.246375455600806,-0.14018091910953467,37.98060534210731,-17.749445494729407,False,False,False,True,True,0.0,0.0,0.0,0.0,0.0,0,0.7265048708799199,1.2335019156682558,False,False,False,False,-0.2759723475804432,-0.2599395145878116,False,False,False,False,-54146521,-23956902.930614807,False,False,False,False,14675914.397268567,False,False,False,False
2025-04-04 00:00:00+00:00,22.3880283551,23.0090965129,21.3134818598,22.4767523776,18831974,,22.75894843920675,22.591912142190917,24.680780379182,26.09042749432453,27.466997902147856,27.551052157181505,28.189533731776056,28.979955028470965,29.44591610776081,29.95852280196502,30.373211919355757,30.825675464133365,31.193393992245856,31.578370743510664,,22.515715159687254,25.831659504690354,26.461323749941595,27.82846586438529,28.35615209057847,28.642938321684447,29.271953285745628,29.777399852341354,30.11781310637889,30.196662819037346,30.56495196367952,31.151141101694673,31.36894071244611,32.157484523909716,,24.680780379182,27.466997902147856,29.44591610776081,30.825675464133365,31.578370743510664,25.37772827929381,"rgba(239, 83, 80, 1.0)",4.362521614293098,23.136839030066728,-0.17164629569131976,38.1885725637397,-17.365832376350305,False,False,False,True,True,0.0,0.0,0.0,0.0,0.0,0,0.7354376031960592,1.230251163598827,False,False,False,False,-0.29689112174574406,-0.27841531816677784,False,False,False,False,-72978495,-27588131.97279149,False,False,False,False,14983770.664137563,False,False,False,False
2025-04-11 00:00:00+00:00,21.0571680169,22.2697296583,19.9924797464,21.7176690736,26962418,,22.241772616909216,22.345800320643896,24.481643485923183,25.875655346800855,27.26523405044625,27.348556573878394,27.987845883622207,28.784179087180462,29.248580600818304,29.762390321025887,30.17987867949669,30.637349753282432,31.006423585463278,31.390946912829765,21.10645914053333,22.333330934655496,25.615298365435535,26.253337304419325,27.6253373340643,28.158525642852133,28.447283298522887,29.075301098720743,29.580321423153435,29.922384303530706,30.002177765372046,30.374292726253774,30.96420983584593,31.181869050478376,31.97066915975857,21.10645914053333,24.481643485923183,27.26523405044625,29.248580600818304,30.637349753282432,31.390946912829765,24.486708813964547,"rgba(239, 83, 80, 1.0)",4.425026466027817,22.006840753185486,-0.21461402402367363,37.06355430704094,-17.365832376350305,False,False,False,True,True,0.0,1.0,22.26973,19.99248,0.0,0,0.7288874891099857,1.2012853011152718,True,False,False,False,-0.34282825441539394,-0.3106217862910859,False,False,False,False,-99940913,-32947597.234066196,False,False,False,False,15871077.874201447,True,False,False,False
2025-04-18 00:00:00+00:00,21.7275272983,21.8063930962,20.9043655336,21.234616062,16039312,,22.12211844047343,22.26807170312983,24.385334548476294,25.765775784078315,27.15807685951539,27.2408659732571,27.879436881149505,28.67770422580895,29.140736283969243,29.654636985968793,30.073221345561926,30.53299197870876,30.902519190090505,31.286531057293104,21.24557387409721,22.27228995450803,25.50562998787082,26.14552528865491,27.516807948637183,28.05194362595421,28.341310925389934,28.968015098325147,29.47225269842996,29.814848544897444,29.8950685934925,30.2688964203024,30.860356973093225,31.077786138573657,31.866216816498746,21.24557387409721,24.385334548476294,27.15807685951539,29.140736283969243,30.53299197870876,31.286531057293104,24.410926241406134,"rgba(239, 83, 80, 1.0)",4.481154212722734,21.977013493052123,-0.05567453894886961,37.35912260252813,-17.365832376350305,False,False,False,True,True,0.0,0.0,0.0,0.0,0.0,1,0.7575838086284306,1.2180094084179742,False,False,False,False,-0.32576534500381127,-0.3181935656474486,False,False,False,False,-83901601,-36721967.88339463,False,False,False,False,15883539.661297636,False,False,False,False
2025-04-25 00:00:00+00:00,21.343056534,22.2401549841,21.0571680169,21.7571019725,11952975,,22.061870824277783,22.222869197979723,24.319059500849146,25.68862862137151,27.081683294719458,27.164055715760142,27.801792946559374,28.60107668550675,29.062984254162604,29.576788417256218,29.996032086491702,30.45732233614072,30.827091605147704,31.210661500888143,21.311090863280423,22.235595679581696,25.428916076941604,26.06940978775496,27.43926381596123,27.975493250305224,28.26516478858391,28.890714354323922,29.39423635385297,29.73710770108667,29.817607167752705,30.192551622988,30.784974924827992,31.002195374991047,31.790214530229704,21.311090863280423,24.319059500849146,27.081683294719458,29.062984254162604,30.45732233614072,31.210661500888143,24.358317956251643,"rgba(239, 83, 80, 1.0)",4.528032616198422,21.957856641279903,-0.13577643082351945,37.19245340588283,-17.365832376350305,False,False,False,True,True,0.0,0.0,0.0,0.0,0.0,1,0.7553166184701272,1.1966937862948428,False,False,False,False,-0.30092108418724767,-0.3095573249173481,False,False,False,False,-95854576,-41102161.07721725,False,False,False,False,15592386.723423738,False,False,False,False
2025-05-02 00:00:00+00:00,21.1458920395,21.9444082423,20.8254997358,21.3529147587,17556128,,21.961011908456836,22.145525437893554,24.219133780248576,25.57398177279672,26.96844137125204,27.050231078305746,27.686870451855174,28.487715305973477,28.948050211296234,29.461760959286224,29.881990334776233,30.3455128517117,30.7156587765123,31.098613493399018,21.309680725870304,22.171263005478995,25.314798404143858,25.95634143979908,27.324431921140636,27.862309769967577,28.152456888671278,28.776413816847732,29.27895132070255,29.622248874918487,29.703158245212837,30.079745600554226,30.67360515016218,30.890537921649166,31.67800816426822,21.309680725870304,24.219133780248576,26.96844137125204,28.948050211296234,30.3455128517117,31.098613493399018,24.26704089242457,"rgba(239, 83, 80, 1.0)",4.570155887411345,21.89687026942492,-0.16432223504531082,36.87678124678392,-17.365832376350305,False,False,False,True,True,0.0,0.0,0.0,0.0,0.0,1,0.7713542184681638,1.1918046792722752,False,False,False,False,-0.3119008863614335,-0.3107291056393908,False,False,False,False,-113410704,-46458349.44186782,False,False,False,False,15737849.040207164,False,False,False,False
2025-05-09 00:00:00+00:00,22.3880283551,22.7429244452,20.7417048256,21.1656084889,24686482,21.95755254196667,21.96046582531719,22.12560716774992,24.118390395379972,25.44569568745997,26.83401511931545,26.914805723868806,27.547815472082032,28.34809147280975,28.805391362935854,29.31783437573171,29.738420122597734,30.203852092698778,30.57386895132874,30.955491669103935,21.47422926228173,22.15232425224757,25.189049171004633,25.82720216108595,27.1867785536597,27.72470473167493,28.014533428387242,28.634931059048938,29.135108960074078,29.47819421020629,29.55943911758851,29.93732134581,30.53195831769169,30.748205087777375,31.53390228928965,21.47422926228173,24.118390395379972,26.83401511931545,28.805391362935854,30.203852092698778,30.955491669103935,23.708453158380905,"rgba(239, 83, 80, 0.5)",4.571902387667852,21.879463699328877,0.11123698903609913,38.69916989271263,-15.910598423694971,False,False,False,True,True,0.0,0.0,0.0,0.0,0.0,1,0.8584034241745636,1.1590360693784896,False,False,False,False,-0.24434732314942678,-0.2775382143944088,False,False,False,False,-88724222,-49589154.81654428,False,False,False,False,16400710.74093256,False,False,False,False
2025-05-16 00:00:00+00:00,21.2543325114,22.3830992427,20.919251453,22.3683119056,17554971,21.77525220964638,21.915900204606313,22.083093398849755,24.038574273107358,25.349077251866973,26.734516658133217,26.814662042745574,27.445525645273808,28.245811051293668,28.70116128335365,29.212897197704322,29.63387012701942,30.100785689953007,30.47080858530793,30.851581778211383,21.48106220013625,22.11477301026034,25.093828518632726,25.730482083218696,27.085252602292506,27.623538963478914,27.913295253010197,28.531462203185363,29.03016747580056,29.373220102617182,29.45472803396642,29.83364002366967,30.428988433636587,30.64480389642555,31.429422384302125,21.48106220013625,24.038574273107358,26.734516658133217,28.70116128335365,30.100785689953007,30.851581778211383,23.6316559808458,"rgba(239, 83, 80, 1.0)",4.584516642589879,21.813827003309676,-0.12204001763501197,38.77949094816327,-15.64863126419111,False,False,False,True,True,0.0,0.0,0.0,0.0,0.0,1,0.8818988746942916,1.1038122264449222,False,False,False,False,-0.24852533204931138,-0.2630317732218601,False,False,False,False,-106279193,-53788416.90420766,False,False,False,False,16486211.500863481,False,False,False,False
2025-05-23 00:00:00+00:00,21.2247578373,21.6979526242,20.8994364213,21.2050413878,11667174,21.666779302107845,21.875553900572065,22.04709229058914,23.983288369167855,25.283512131349163,26.667415696805396,26.74715360498969,27.37671149390026,28.17709954361596,28.631217272727508,29.14253321040403,29.563791775781528,30.031713492148157,30.401763612985608,30.782000248127943,21.46195707595613,22.082904461843764,25.029080582302683,25.66496855909541,27.016885353238372,27.555484044692705,27.845229076342804,28.462001016228893,28.95978588067583,29.302844314054802,29.38453089655133,29.764145946982953,30.360000403744632,30.575545146669164,31.359495822141742,21.46195707595613,23.983288369167855,26.667415696805396,28.631217272727508,30.031713492148157,30.782000248127943,23.576255236978945,"rgba(239, 83, 80, 1.0)",4.6095174047472165,21.762845642306296,-0.11673408683783977,38.80618360531989,-15.415136153738963,False,False,False,True,True,0.0,0.0,0.0,0.0,0.0,1,0.8823226053838122,1.0958538009530765,False,False,False,False,-0.31186869298112957,-0.28745023310149487,False,False,False,False,-117946367,-58540857.65204413,False,False,False,False,16129245.76005878,False,False,False,False
2025-05-30 00:00:00+00:00,21.4909299049,21.5993703769,20.7959250616,21.2247578373,10849037,21.604562478797053,21.843516235417212,22.017224998762902,23.934217103507653,25.224724666509157,26.60672438134076,26.68607790500763,27.31430481843933,28.114604494848976,28.567535155735285,29.078387983492963,29.499838788432854,29.968602114379312,30.338632126848722,30.718342394963404,21.448793879238345,22.056091900927306,24.971143404695706,25.606042119564158,26.954971133999898,27.493708189512915,27.783378051659888,28.398781598377678,28.89565490313106,29.23866328010224,29.32049766330541,29.700689967516308,30.296925082735545,30.512201158568843,31.295467172059254,21.448793879238345,23.934217103507653,26.60672438134076,28.567535155735285,29.968602114379312,30.718342394963404,23.531304116876026,"rgba(239, 83, 80, 1.0)",4.622026325530723,21.728524398053878,-0.051404833382595785,39.277165391838395,-14.745619934131,False,False,False,True,True,0.0,0.0,0.0,0.0,0.0,1,0.8790023044722022,1.0941762217352249,False,False,False,False,-0.33046263865464304,-0.308956435878069,False,False,False,False,-107097330,-62137633.38152234,False,False,False,False,15738119.18523961,False,False,False,False
2025-06-06 00:00:00+00:00,21.4712134554,22.1422628126,21.2789780733,21.5895121522,14413691,21.609342498154568,21.82897762482057,21.99784971356752,23.879671156059448,25.15569336526009,26.533141642801546,26.611939363667826,27.23785927664726,28.037308914713627,28.488444113162153,28.998374847161728,29.419799190362745,29.88933989889466,30.25916037086886,30.63804217080417,21.466090841430127,22.037687204946895,24.903670167455545,25.53607308309056,26.879511024266552,27.417836790973727,27.707145115530103,28.320380971812565,28.815781979419842,29.158503098202516,29.240467685475494,29.62114686147226,30.217542948048404,30.43238423175441,31.214461651721944,21.466090841430127,23.879671156059448,26.533141642801546,28.488444113162153,29.88933989889466,30.63804217080417,23.49481972975869,"rgba(239, 83, 80, 1.0)",4.619162166588663,21.725565169493194,-0.05506446946872114,39.589892851389614,-14.2351358114716,False,False,False,True,True,0.0,0.0,0.0,0.0,0.0,1,0.890164701504656,1.0817530547661276,False,False,False,False,-0.21644136391738414,-0.26269889989772655,False,False,False,False,-121511021,-66535662.09400217,False,False,False,False,15640013.39374038,False,False,False,False
2025-06-13 00:00:00+00:00,22.4767523776,22.7034915463,21.4416387813,21.4810716802,15216289,21.705738658195457,21.85443941007735,22.008379135753145,23.838882680012908,25.097095631964052,26.466647866867454,26.544785240022783,27.167428210520765,27.964849039053068,28.41373909714499,28.922215853611263,29.34317509783998,29.81301095495138,30.182323531450965,30.560124071841216,21.533667042532038,22.045097502958352,24.847372153938178,25.4753481506211,26.810634140781907,27.347612097224243,27.63613383492812,28.246526499425723,28.739959554511024,29.08203384955755,29.16403418239721,29.544795351866085,30.140824684970323,30.355082772776925,31.135462138155997,21.533667042532038,23.838882680012908,26.466647866867454,28.41373909714499,29.81301095495138,30.560124071841216,23.487266823292003,"rgba(239, 83, 80, 0.5)",4.566609384494596,21.7755560616395,0.15354856457426252,41.52899817413717,-12.190901793012394,True,False,False,True,True,0.0,0.0,0.0,0.0,0.0,1,0.9283545552119379,1.062578204762182,False,False,False,False,-0.08188204184994671,-0.17229047087383664,False,False,False,False,-106294732,-69480778.38333535,False,False,False,False,15608626.401611464,False,False,False,False
2025-06-20 00:00:00+00:00,21.71,22.65,21.65,22.65,16031924,21.74894671724723,21.864298439191646,22.008125314749556,23.792896509458206,25.033641739222414,26.395515535200786,26.472987206080216,27.092359479693492,27.887792169354906,28.334404124989245,28.841419129409694,29.261927851024428,29.732101449969566,30.10090845605658,30.47760552905606,21.574828348899523,22.043259580387126,24.786154756226214,25.40987360072812,26.737109132062514,27.27278664252192,27.560535964767794,28.168055952493592,28.65949651419444,29.000928002386452,29.0829716061074,29.463844917074415,30.05953045119128,30.273194418344985,31.051845967108886,21.574828348899523,23.792896509458206,26.395515535200786,28.334404124989245,29.732101449969566,30.47760552905606,23.465754054131082,"rgba(239, 83, 80, 0.5)",4.516613941289739,21.799049705021986,-0.019716032005285006,41.90673059015545,-11.69521402385417,True,False,False,True,True,0.0,0.0,0.0,0.0,0.0,1,0.9828157341323658,1.0176609501010736,False,False,False,False,-0.061353764872155866,-0.11682211787299626,False,False,False,False,-122326656,-73395287.83642162,False,False,False,False,15639981.779269874,False,False,False,False
2025-06-27 00:00:00+00:00,21.8,22.2399,21.58,21.62,18806304,21.767043910964343,21.864947231132373,22.00061276969975,23.738092847030916,24.9593914874294,26.31252388371768,26.38923744878969,27.00485472886933,27.797959180550464,28.2419462124422,28.747255686026744,29.167216819027775,29.6377400479702,30.005945377840245,30.38135815368873,21.602652480388027,22.03491649203031,24.71441724478798,25.333333494388537,26.651384540825028,27.18553861004226,27.472386401250752,28.076594080861064,28.56572832643783,28.906399410409573,28.988485295228955,29.369456202446784,29.964708014782005,30.177679832018185,30.954308796979046,21.602652480388027,23.738092847030916,26.31252388371768,28.2419462124422,29.6377400479702,30.38135815368873,23.43279318415693,"rgba(239, 83, 80, 0.5)",4.438341963248986,21.80881409804612,-0.001985898815166466,42.33117280421467,-11.147393541534647,True,False,False,True,True,0.0,0.0,0.0,0.0,0.0,1,0.9928615149236227,0.9880822209707248,False,False,False,False,-0.12523829274381204,-0.12103020530840415,False,False,False,False,-103520352,-75626774.07076077,False,False,False,False,15874524.165990625,False,False,False,False
2025-07-04 00:00:00+00:00,22.85,22.935,21.73,21.8,13748195,21.83800478118635,21.89698373077611,22.02035436232156,23.71288319783078,24.917948207886383,26.26211811652636,26.33821507308124,26.950368173440197,27.740790082189367,28.182552464529277,28.686192248753876,29.105365778336864,29.575675838691716,29.943184308498406,30.317472432591206,21.66022333411092,22.051201445870664,24.675342337984656,25.28928188360218,26.598639608855304,27.1308947774595,27.41673246917766,28.018035011122443,28.5051201428364,28.844931989087154,28.926958662650843,29.307616789888858,29.90207127018713,30.11442554351918,30.889176126012266,21.66022333411092,23.71288319783078,26.26211811652636,28.182552464529277,29.575675838691716,30.317472432591206,23.432434139809594,"rgba(239, 83, 80, 0.5)",4.357143443680676,21.853891552098734,0.22861502284161886,44.346298832263244,-9.093655632355848,True,False,False,True,True,0.0,0.0,0.0,0.0,0.0,1,1.0060578681933319,0.986907178973374,False,False,False,False,-0.013145164630295882,-0.06708768496935001,False,False,False,False,-89772157,-76674580.21366738,False,False,False,False,15717018.301843172,False,False,False,False
2025-07-11 00:00:00+00:00,23.81,24.16,22.46,22.67,19704286,22.036486397537626,22.002720473251898,22.097708611999984,23.706158793280096,24.88389256236415,26.210251822286683,26.28533758907623,26.891113013908388,27.67578667752595,28.11374752129604,28.61416343305044,29.031454494991454,29.500552209437256,29.86655714227036,30.23886184082754,21.812406006861323,22.118629139833427,24.645710005218294,25.249702974040567,26.542740006585475,27.070756733901494,27.354464021554804,27.950640709114055,28.434068262962132,28.772056244690262,28.853824146752054,29.23329056208261,29.82566524657136,30.036911928054877,30.808175922167393,21.812406006861323,23.706158793280096,26.210251822286683,28.11374752129604,29.500552209437256,30.23886184082754,23.476366678667407,"rgba(239, 83, 80, 0.5)",4.283829469532795,21.987330372412707,0.42547670035662666,47.14430633464162,-6.365352655263784,True,False,False,False,True,0.0,0.0,0.0,0.0,0.0,1,1.0069011267724703,0.9610036065736037,False,False,False,False,0.24972603534271082,0.0913191751866804,False,False,False,False,-70067871,-76185194.34598832,False,False,False,False,16012371.464669604,False,False,False,False
2025-07-18 00:00:00+00:00,23.68,24.595,23.64,23.82,13421426,22.183975956731086,22.08857541998341,22.163140930782937,23.71120910830968,24.869443271457627,26.182215075774593,26.256578371478035,26.857581348724324,27.637720164596942,28.07290326056726,28.570849587780632,28.986600014236902,29.45455151815741,29.81935793626312,30.190187635710195,21.928975275273277,22.17646960394335,24.634548109235325,25.230973409055057,26.51176100701354,27.036402157535452,27.318436993950183,27.91082287678179,28.3915292059934,28.728075139908785,28.809605953470232,29.18800017063795,29.778630995273467,29.989048691237596,30.757666470627793,21.928975275273277,23.71120910830968,26.182215075774593,28.07290326056726,29.45455151815741,30.190187635710195,23.51695261605463,"rgba(239, 83, 80, 0.5)",4.244199538499128,22.09116689569268,0.3743540071325621,48.93487353895427,-4.671236200392045,True,False,False,False,True,0.0,0.0,0.0,0.0,0.0,1,1.0713834062201766,0.9210775983054449,False,False,False,False,0.3428282296143374,0.21707370240050888,False,False,False,False,-83489297,-76726238.98702623,False,False,False,False,15820449.57839778,False,False,False,False
2025-07-25 00:00:00+00:00,24.2,24.71,23.74,23.76,14159656,22.3352546631305,22.182168310389667,22.23609946003327,23.721152873370816,24.858714121671,26.156582577202197,26.230173585848775,26.825963511937335,27.60102670623035,28.033199149954626,28.528408943679413,28.94240258412566,29.408974986447895,29.77242729167361,30.14164022118732,22.05224996454022,22.241512895108418,24.62737288513207,25.21552994969969,26.48295244123508,27.00380624385259,27.28397315402215,27.872229322139784,28.34996021365121,28.68488564349137,28.766134530867824,29.14326108285032,29.73188137495146,29.941387809158407,30.70707650211916,22.05224996454022,23.721152873370816,26.156582577202197,28.033199149954626,29.408974986447895,30.14164022118732,23.562663770027783,#000000,4.193609129641891,22.201443099523416,0.4765720501584389,50.939187251238735,-2.7940330346115516,True,False,False,False,True,0.0,0.0,0.0,0.0,0.0,1,1.0435093160185136,0.9267057860065971,False,False,False,False,0.3428282304760711,0.27995096643829,False,False,False,False,-69329641,-76178342.8398391,False,False,False,False,15697427.831849797,False,False,False,False
2025-08-01 00:00:00+00:00,23.57,24.22,23.265,24.1,11376551,22.411408959625515,22.233459148168016,22.276310842820383,23.720590329899498,24.84341651872097,26.130954648141262,26.20397648064791,26.79603803924597,27.567568257957994,27.997524372013935,28.49077354557924,28.903552436411356,29.36923613116651,29.731732530735886,30.09975376493513,22.12000586306356,22.27756386901974,24.61454920478835,25.19703323786647,26.455016623627237,26.973265502138386,27.252128924246133,27.837375209530993,28.312937122034718,28.64672143297328,28.72778662471571,29.10407809486331,29.69131966579241,29.9001574553884,30.66371010458972,22.12000586306356,23.720590329899498,26.130954648141262,27.997524372013935,29.36923613116651,30.09975376493513,23.582529262211374,"rgba(239, 83, 80, 0.5)",4.145988764896763,22.260296203419365,0.31589661015717857,51.31480570568736,-2.4779436595912756,True,False,False,False,True,0.0,0.0,0.0,0.0,0.0,0,1.0113289571863142,0.9665314809229272,False,False,False,False,0.23109956558549394,0.25552526601189196,False,False,False,False,-80706192,-76513739.0739251,False,False,False,False,15377362.881342404,False,False,False,False
2025-08-08 00:00:00+00:00,24.35,24.645,22.77,23.56,18711753,22.539658830982265,22.32318957295392,22.34813804316428,23.725608012025052,24.824071623363757,26.09390788268942,26.165981731689197,26.751690243421937,27.51704302014539,27.94325518174907,28.433114798428498,28.843728856958936,29.307733566425686,29.66854367726925,30.034528556811928,22.23512023966034,22.342435333629364,24.599380786576216,25.17217652609772,26.414086216419186,26.92776618346051,27.204355570864,27.78448978879687,28.256354068693696,28.588136154321578,28.668858636521673,29.043602350238235,29.62835845471639,29.836050264516285,30.595915668419018,22.23512023966034,23.725608012025052,26.09390788268942,27.94325518174907,29.307733566425686,30.034528556811928,23.620368685114233,#000000,4.098697196734901,22.361526671690203,0.4851476537212491,52.68224126883098,-1.1716049714119237,True,False,False,False,True,0.0,0.0,0.0,0.0,0.0,0,1.0429184902904798,0.9702598895505659,False,False,False,False,0.22324123190106668,0.23938324895647933,False,False,False,False,-61994439,-75438235.36474547,False,False,False,False,15624354.741983708,False,False,False,False
2025-08-15 00:00:00+00:00,25.61,25.66,24.3,24.52,17924626,22.739037278529235,22.462082689257482,22.462209186740147,23.759796173210933,24.83128336976063,26.079617725042024,26.150661858983714,26.72894513949039,27.486555922887757,27.908580526138465,28.39437892279949,28.802177677057756,29.263676797211456,29.622366149734102,29.98602445547221,22.40554487947326,22.446145525008177,24.611512175530386,25.172503191479525,26.395429791471148,26.903295541405505,27.17705158941627,27.75135147474461,28.218966579402444,28.548249261337293,28.62847287856829,29.001000935836927,29.582442346017586,29.7888117274594,30.544340092463063,22.40554487947326,23.759796173210933,26.079617725042024,27.908580526138465,29.263676797211456,29.98602445547221,23.69697321940318,#000000,4.049976940081414,22.51721850850003,0.7636540990867464,55.193998364116894,1.2162294603348158,True,False,True,False,True,0.0,0.0,0.0,0.0,0.0,0,1.085841010567024,0.9073179226348754,False,False,False,False,0.3428282351720129,0.2911057420642461,False,False,False,False,-44069813,-73114648.52291247,False,False,False,False,15794745.20554047,False,False,False,False
