date,Open,High,Low,Close,Volume,aVWAP_peak_415,aVWAP_peak_384,aVWAP_peak_347,aVWAP_peak_320,aVWAP_peak_301,aVWAP_peak_284,aVWAP_peak_257,aVWAP_peak_243,aVWAP_peak_225,aVWAP_peak_213,aVWAP_peak_212,aVWAP_peak_191,aVWAP_peak_152,aVWAP_peak_132,aVWAP_peak_101,aVWAP_peak_77,aVWAP_peak_37,aVWAP_valley_389,aVWAP_valley_370,aVWAP_valley_351,aVWAP_valley_316,aVWAP_valley_285,aVWAP_valley_270,aVWAP_valley_239,aVWAP_valley_222,aVWAP_valley_195,aVWAP_valley_167,aVWAP_valley_126,aVWAP_valley_112,aVWAP_valley_93,aVWAP_valley_66,aVWAP_valley_24,aVWAP_valley_14,aVWAP_OB_bull_420,aVWAP_OB_bear_290,aVWAP_OB_bear_284,Peaks_Valleys_avg,Peaks_avg,Valleys_avg,color,StDev,StDev_Mean,StdDev_ZScore,QQEMOD,QQE1_Value,QQE1_Above_Upper,QQE1_Below_Lower,QQE2_Above_Threshold,QQE2_Below_Threshold,QQE2_Above_TL,banker_RSI,SMA_50,SMA_200,OB,OB_High,OB_Low,OB_Mitigated_Index,TTM_squeeze_Active,VI_plus,VI_minus,VI_Regular_Bullish,VI_Regular_Bearish,VI_Hidden_Bullish,VI_Hidden_Bearish,Fisher,Fisher_Signal,Fisher_Regular_Bullish,Fisher_Regular_Bearish,Fisher_Hidden_Bullish,Fisher_Hidden_Bearish,OBV,OBV_Smoothed,OBV_Regular_Bullish,OBV_Regular_Bearish,OBV_Hidden_Bullish,OBV_Hidden_Bearish,Volume_MA,Vol_Regular_Bullish,Vol_Regular_Bearish,Vol_Hidden_Bullish,Vol_Hidden_Bearish
2023-11-08 17:00:00+00:00,16.51,16.545,16.4,16.5,1968.0,,,,,,,,,,,,,,,,,,,,,,,,,,,,,,,,,,,,,,,,#000000,,,,,,False,False,False,False,False,,,,0.0,0.0,0.0,0.0,0,,,False,False,False,False,,,False,False,False,False,0.0,0.0,False,False,False,False,1968.0,False,False,False,False
2023-11-09 17:00:00+00:00,16.07,16.2,16.01,16.035,5418.0,,,,,,,,,,,,,,,,,,,,,,,,,,,,,,,,,,,,,,,,#000000,,,,0.0,,False,False,False,True,False,,,,0.0,0.0,0.0,0.0,0,,,False,False,False,False,,,False,False,False,False,-5418.0,-84.0,False,False,False,False,2021.4883720930231,False,False,False,False
2023-11-10 17:00:00+00:00,15.79,16.09,15.79,16.03,8061.0,,,,,,,,,,,,,,,,,,,,,,,,,,,,,,,,,,,,,,,,#000000,,,,0.0,-50.0,False,False,False,True,True,,,,0.0,0.0,0.0,0.0,0,,,False,False,False,False,,,False,False,False,False,-13479.0,-291.6744186046512,False,False,False,False,2115.1242112853793,False,False,False,False
2023-11-13 17:00:00+00:00,16.08,16.21,15.855,15.855,19041.0,,,,,,,,,,,,,,,,,,,,,,,,,,,,,,,,,,,,,,,,#000000,,,,0.0,-50.0,False,False,False,True,True,,,,0.0,0.0,0.0,0.0,0,,,False,False,False,False,,,False,False,False,False,-32520.0,-791.3383811069046,False,False,False,False,2377.5408901801798,False,False,False,False
2023-11-14 17:00:00+00:00,16.28,16.31,16.18,16.24,6274.0,,,,,,,,,,,,,,,,,,,,,,,,,,,,,,,,,,,,,,,,#000000,,,,14.732490846817017,-36.74075823786468,False,False,False,True,True,,,,0.0,0.0,0.0,0.0,0,,,False,False,False,False,,,False,False,False,False,-26246.0,-1185.9842976788905,False,False,False,False,2437.9511089370762,False,False,False,False
2023-11-15 17:00:00+00:00,16.25,16.25,16.005,16.005,4178.0,,,,,,,,,,,,,,,,,,,,,,,,,,,,,,,,,,,,,,,,#000000,,,,21.123926408805517,-31.872415682884057,False,False,False,True,True,,,,0.0,0.0,0.0,0.0,0,,,False,False,False,False,,,False,False,False,False,-30424.0,-1639.2868667071248,False,False,False,False,2464.928611124098,False,False,False,False
2023-11-16 17:00:00+00:00,15.74,15.99,15.685,15.69,3942.0,,,,,,,,,,,,,,,,,,,,,,,,,,,,,,,,,,,,,,,,#000000,,,,22.447796141934738,-31.535858763885212,False,False,False,True,True,,,,0.0,0.0,0.0,0.0,0,,,False,False,False,False,,,False,False,False,False,-34366.0,-2146.677767998487,False,False,False,False,2487.828942734577,False,False,False,False
2023-11-17 17:00:00+00:00,15.555,15.82,15.555,15.665,14178.0,,,,,,,,,,,,,,,,,,,,,,,,,,,,,,,,,,,,,,,,#000000,,,,23.140684857124057,-31.38479292502547,False,False,False,True,True,,,,0.0,0.0,0.0,0.0,0,,,False,False,False,False,,,False,False,False,False,-48544.0,-2866.016097176805,False,False,False,False,2669.0719048627234,False,False,False,False
2023-11-20 17:00:00+00:00,15.855,15.915,15.7,15.74,8698.0,,,,,,,,,,,,,,,,,,,,,,,,,,,,,,,,,,,,,,,,#000000,,,,25.391122701582,-29.525146394578268,False,False,False,True,True,,,,0.0,0.0,0.0,0.0,0,,,False,False,False,False,,,False,False,False,False,-39846.0,-3439.349180941506,False,False,False,False,2762.5436582757043,False,False,False,False
2023-11-21 17:00:00+00:00,15.4,15.485,15.26,15.285,11209.0,,,,,,,,,,,,,,,,,,,,,,,,,,,,,,,,,,,,,,,,#000000,,,,23.63627413185516,-29.525146394578268,False,False,False,True,True,,,,0.0,0.0,0.0,0.0,0,,,False,False,False,False,,,False,False,False,False,-51055.0,-4177.576325423032,False,False,False,False,2893.4964697753057,False,False,False,False
2023-11-22 17:00:00+00:00,15.455,15.505,15.28,15.335,5383.0,,,,,,,,,,,,,,,,,,,,,,,,,,,,,,,,,,,,,,,,#000000,,,,23.499928859877013,-29.525146394578268,False,False,False,True,False,,,,0.0,0.0,0.0,0.0,0,,,False,False,False,False,,,False,False,False,False,-45672.0,-4820.900723478489,False,False,False,False,2932.0934237322776,False,False,False,False
2023-11-23 17:00:00+00:00,15.335,15.335,15.335,15.335,0.0,,,,,,,,,,,,,,,,,,,,,,,,,,,,,,,,,,,,,,,,#000000,,,,23.409032011891583,-29.525146394578268,False,False,False,True,False,,,,0.0,0.0,0.0,0.0,0,,,False,False,False,False,,,False,False,False,False,-45672.0,-5454.251099858668,False,False,False,False,2886.6346109612346,False,False,False,False
2023-11-24 17:00:00+00:00,15.33,15.445,15.33,15.435,964.0,,,,,,,,,,,,,,,,,,,,,,,,,,,,,,,,,,,,,,,,#000000,,,,25.638072487810728,-29.121831205075917,False,False,False,True,False,,,,0.0,0.0,0.0,0.0,0,,,False,False,False,False,,,False,False,False,False,-44708.0,-6062.836354124424,False,False,False,False,2856.8263224191996,False,False,False,False
2023-11-27 17:00:00+00:00,15.35,15.4,15.24,15.255,2168.0,,,,,,,,,,,,,,,,,,,,,,,,,,,,,,,,,,,,,,,,#000000,,,,25.58530606232405,-28.91552985592582,False,False,False,True,False,,,,0.0,0.0,0.0,0.0,0,,,False,False,False,False,,,False,False,False,False,-46876.0,-6695.598581192263,False,False,False,False,2846.1468445522355,False,False,False,False
2023-11-28 17:00:00+00:00,15.135,15.135,14.86,14.885,7463.0,,,,,,,,,,,,,,,,,,,,,,,,,,,,,,,,,14.959999999999997,,,,14.959999999999997,,14.959999999999997,#000000,,14.959999999999997,,23.326303594865486,-28.91552985592582,False,False,False,True,False,,,,0.0,0.0,0.0,0.0,0,,,False,False,False,False,,,False,False,False,False,-54339.0,-7434.255967530367,False,False,False,False,2917.725963241348,False,False,False,False
2023-11-29 17:00:00+00:00,14.99,15.27,14.98,15.245,8130.0,,,,,,,,,,,,,,,,,,,,,,,,,,,,,,,,,15.066884499454883,,,,15.066884499454883,,15.066884499454883,#000000,,15.066884499454883,,27.84902953288339,-26.732147037235592,False,False,False,True,True,,,,0.0,0.0,0.0,0.0,0,,,False,False,False,False,,,False,False,False,False,-46209.0,-8035.414789739199,False,False,False,False,2998.5364134236524,False,False,False,False
2023-11-30 17:00:00+00:00,15.475,15.515,15.145,15.38,5287.0,,,,,,,,,,,,,,,,,,,,,,,,,,,,,,,,,15.137727809706258,,,,15.137727809706258,,15.137727809706258,#000000,,15.137727809706258,,32.67117608206341,-22.337145499446116,False,False,False,True,True,,,,0.0,0.0,0.0,0.0,0,,,False,False,False,False,,,False,False,False,False,-40922.0,-8545.284327882777,False,False,False,False,3034.0164690294873,False,False,False,False
2023-12-01 17:00:00+00:00,15.49,15.57,15.42,15.44,7547.0,,,,,,,,,,,,,,,,,,,,,,,,,,,,,,,,,15.227711682555316,,,,15.227711682555316,,15.227711682555316,#000000,,15.227711682555316,,36.677812426875406,-18.804212733144894,False,False,False,True,True,,,,0.0,0.0,0.0,0.0,0,,,False,False,False,False,,,False,False,False,False,-33375.0,-8930.241160008625,False,False,False,False,3103.985205943759,False,False,False,False
2023-12-04 17:00:00+00:00,15.64,15.86,15.42,15.815,13848.0,,,,,,,,,,,,,,,,,,,,,,,,,,,,,,,,,15.381872974571259,,,,15.381872974571259,,15.381872974571259,#000000,,15.540103153952295,,43.48870276326554,-12.758300714239851,False,False,False,True,True,,,,0.0,0.0,0.0,0.0,0,,,False,False,False,False,,,False,False,False,False,-19527.0,-9094.531994737174,False,False,False,False,3270.5590787198244,False,False,False,False
2023-12-05 17:00:00+00:00,15.71,15.715,15.13,15.13,18247.0,,,,,,,,,,,,,,,,,,,,,,,,,,,,,,,,,15.364726132645979,,,,15.364726132645979,,15.364726132645979,#000000,,15.425403960543274,,42.01852503774673,-12.758300714239851,False,False,False,True,True,,,,0.0,0.0,0.0,0.0,0,,,False,False,False,False,,,False,False,False,False,-37774.0,-9539.17490954745,False,False,False,False,3502.7519612202923,False,False,False,False
2023-12-06 17:00:00+00:00,14.99,15.325,14.97,15.19,17713.0,,,,,,,,,,,,,,,,,,,,,,,,,,,,,,,,,15.318751922626275,,,,15.318751922626275,,15.318751922626275,#000000,,15.344731693993296,,41.65117167865586,-12.758300714239851,False,False,False,True,True,,,,0.0,0.0,0.0,0.0,0,,,False,False,False,False,,,False,False,False,False,-20061.0,-9702.303980717257,False,False,False,False,3723.065884302148,False,False,False,False
2023-12-07 17:00:00+00:00,15.315,15.51,15.28,15.355,6368.0,,,,,,,,,,,,,,,,,,,,,,,,,,,,,,,,,15.323487464983511,,,,15.323487464983511,,15.323487464983511,#000000,,15.347720395123485,,43.08782973368373,-12.758300714239851,False,False,False,True,True,,,,0.0,0.0,0.0,0.0,0,,,False,False,False,False,,,False,False,False,False,-13693.0,-9764.175236830168,False,False,False,False,3764.0726147780833,False,False,False,False
2023-12-08 17:00:00+00:00,15.27,15.685,15.22,15.63,20638.0,,,,,,,,,,,,,,,,,,,,,,,,,,,,,,,,,15.360389835393683,,,,15.360389835393683,,15.360389835393683,#000000,,15.384940320010656,,46.53137267387792,-10.0229342562669,False,False,False,True,True,,,,0.0,0.0,0.0,0.0,0,,,False,False,False,False,,,False,False,False,False,6945.0,-9505.118256414196,False,False,False,False,4025.6838920683454,False,False,False,False
2023-12-11 17:00:00+00:00,15.325,15.325,15.07,15.12,23412.0,,,,,,,,,,,,,,,,,,,,,,,,,,,,,,,,,15.326046393528847,,,,15.326046393528847,,15.326046393528847,#000000,,15.339991681322655,,44.84646657197053,-10.0229342562669,False,False,False,True,True,,,,0.0,0.0,0.0,0.0,0,,,False,False,False,False,,,False,False,False,False,-16467.0,-9613.05440747754,False,False,False,False,4326.246932501394,False,False,False,False
2023-12-12 17:00:00+00:00,14.82,15.0,14.76,14.91,12714.0,,,,,,,,,,,,,,,,,,,,,,,,,,,,,,,,14.889999999999999,15.286830071138715,,,,15.088415035569357,,15.088415035569357,#000000,,15.159513413910256,,42.42581387608518,-10.0229342562669,False,False,False,True,False,,,,0.0,0.0,0.0,0.0,0,,,False,False,False,False,,,False,False,False,False,-29181.0,-9916.433408911997,False,False,False,False,4456.289615718427,False,False,False,False
2023-12-13 17:00:00+00:00,15.055,15.485,14.98,15.45,30559.0,,,,,,,,,,,,,,,,,,,,,,,,,,,,,,,,15.183069234857763,15.290059686531803,,,,15.236564460694783,,15.236564460694783,#000000,,15.258513227170335,,45.254054297077886,-10.0229342562669,False,False,False,True,False,,,,0.0,0.0,0.0,0.0,0,,,False,False,False,False,,,False,False,False,False,1378.0,-9741.325914200183,False,False,False,False,4860.982799970854,False,False,False,False
2023-12-14 17:00:00+00:00,16.05,16.105,15.815,15.815,10580.0,,,,,,,,,,,,,,,,,,,,,,,,,,,,,,,,15.326210022344778,15.326094676339407,,,,15.326152349342092,,15.326152349342092,#000000,,15.47705433414335,,49.42508866141424,-7.102507626566812,False,False,False,False,True,,,,0.0,0.0,0.0,0.0,0,,,False,False,False,False,,,False,False,False,False,11958.0,-9404.902256615682,False,False,False,False,4949.649733304639,False,False,False,False
2023-12-15 17:00:00+00:00,15.32,15.42,15.1,15.17,10770.0,,,,,,,,,,,,,,,,,,,,,,,,,,,,,,,,15.31017576301523,15.320739952192719,,,,15.315457857603974,,15.315457857603974,#000000,,15.383874466441808,,48.020930490693914,-7.102507626566812,False,False,False,False,True,,,,0.0,0.0,0.0,0.0,1,,,False,False,False,False,,,False,False,False,False,1188.0,-9240.671213877455,False,False,False,False,5039.887721935575,False,False,False,False
2023-12-18 17:00:00+00:00,15.1,15.19,14.975,15.09,7523.0,,,,,,,,,,,,,,,,,,,,,,,,,,,,,,,,15.28669563570168,15.31190787802728,,,,15.29930175686448,,15.29930175686448,#000000,,15.34160024423818,,46.64125032661601,-7.102507626566812,False,False,False,True,True,,,,0.0,0.0,0.0,0.0,1,,,False,False,False,False,,,False,False,False,False,-6335.0,-9195.622047770828,False,False,False,False,5078.385586711768,False,False,False,False
2023-12-19 17:00:00+00:00,15.28,15.465,15.25,15.43,21898.0,,,,,,,,,,,,,,,,,,,,,,,,,,,,,,,,15.308809493428607,15.318767323613102,,,,15.313788408520853,,15.313788408520853,#000000,,15.343912037918919,,48.02911846693248,-7.102507626566812,False,False,False,False,True,,,,0.0,0.0,0.0,0.0,1,,,False,False,False,False,,,False,False,False,False,15563.0,-8811.767442379034,False,False,False,False,5339.154802421664,False,False,False,False
2023-12-20 17:00:00+00:00,15.415,15.735,15.29,15.305,14615.0,,,,,,,,,,,,,,,,,,,,,,,,,,,,,,,,15.326903401160203,15.326438795060232,,,,15.326671098110218,,15.326671098110218,#000000,,15.353827685074629,,48.132227041128516,-7.102507626566812,False,False,False,False,True,,,,0.0,0.0,0.0,0.0,1,,,False,False,False,False,,,False,False,False,False,948.0,-8660.45321846618,False,False,False,False,5482.966355872491,False,False,False,False
2023-12-21 17:00:00+00:00,15.46,15.765,15.4,15.76,4426.0,,,,,,,,,,,,,,,,,,,,,,,,,,,,,,,,15.339222826487449,15.332210326882825,,,,15.335716576685137,,15.335716576685137,#000000,,15.363396061790585,,51.05667501755737,-4.56324811104448,False,False,False,False,True,,,,0.0,0.0,0.0,0.0,1,,,False,False,False,False,,,False,False,False,False,5374.0,-8442.864796474456,False,False,False,False,5466.579280587645,False,False,False,False
2023-12-22 17:00:00+00:00,15.765,15.95,15.74,15.805,5383.0,,,,,,,,,,,,,,,,,,,,,,,,,,,,,,,,15.361598701759123,15.343089910071047,,,,15.352344305915086,,15.352344305915086,#000000,,15.381778578260725,,53.26655120444258,-2.238178496598799,False,False,True,False,True,,,,0.0,0.0,0.0,0.0,0,,,False,False,False,False,,,False,False,False,False,10757.0,-8145.192474048495,False,False,False,False,5465.283477787836,False,False,False,False
2023-12-25 17:00:00+00:00,15.805,15.805,15.805,15.805,0.0,,,,,,,,,,,,,,,,,,,,,,,,,,,,,,,,15.361598701759123,15.343089910071047,,,,15.352344305915086,,15.352344305915086,#000000,,15.381778578260725,,54.739801995699395,-0.6183398027873039,False,False,True,False,True,,,,0.0,0.0,0.0,0.0,0,,,False,False,False,False,,,False,False,False,False,10757.0,-7852.135226388828,False,False,False,False,5380.55040061283,False,False,False,False
2023-12-26 17:00:00+00:00,15.995,16.04,15.905,15.935,4363.0,,,,,,,,,,,,,,,,,,,,,,,,,,,,,,,,15.38285412477306,15.353792693239598,,,,15.36832340900633,,15.36832340900633,#000000,,15.39950706874933,,56.5982070478093,1.3623666736860685,False,False,True,False,True,,,,0.0,0.0,0.0,0.0,0,,,False,False,False,False,,,False,False,False,False,15120.0,-7495.978091095978,False,False,False,False,5364.7744254095305,False,False,False,False
2023-12-27 17:00:00+00:00,16.18,16.55,16.155,16.465,27901.0,,,,,,,,,,,,,,,,,,,,,,,,,,,,,,,,15.569280212562692,15.457274340664913,,,,15.513277276613803,,15.513277276613803,#000000,,15.558659268889649,,60.77054033935897,5.405173162638327,False,False,True,False,True,,,,0.0,0.0,0.0,0.0,0,,,False,False,False,False,,,False,False,False,False,43021.0,-6712.769128443328,False,False,False,False,5714.173271527213,False,False,False,False
2023-12-28 17:00:00+00:00,16.64,16.83,16.63,16.785,12506.0,,,,,,,,,,,,,,,,,,,,,,,,,,,,,,,,15.659609904964936,15.512589454054195,,,,15.586099679509566,,15.586099679509566,#000000,,15.63675771862896,,64.89976322010088,9.253191288712522,False,False,True,False,True,,,,0.0,0.0,0.0,0.0,0,,,False,False,False,False,,,False,False,False,False,55527.0,-5747.811467537229,False,False,False,False,5819.472910728341,False,False,False,False
2023-12-29 17:00:00+00:00,17.055,17.24,17.01,17.065,14410.0,,,,,,,,,,,,,,,,,17.105,,,,,,,,,,,,,,,15.776853393602327,15.587504769273796,,,,16.156452720958708,17.105,15.682179081438061,#000000,,16.012348214397143,,68.67391719622356,12.695821701491127,False,False,True,False,True,,,,0.0,0.0,0.0,0.0,0,,,False,False,False,False,,,False,False,False,False,69937.0,-4574.40353780797,False,False,False,False,5952.659377228677,False,False,False,False
2024-01-01 17:00:00+00:00,17.065,17.065,17.065,17.065,0.0,,,,,,,,,,,,,,,,,17.105,,,,,,,,,,,,,,,15.776853393602327,15.587504769273796,,,,16.156452720958708,17.105,15.682179081438061,#000000,,16.012348214397143,,71.190019846972,14.987262826413826,False,False,True,False,True,,,,0.0,0.0,0.0,0.0,0,,,False,False,False,False,,,False,False,False,False,69937.0,-3419.1879790822645,False,False,False,False,5860.370084558464,False,False,False,False
2024-01-02 17:00:00+00:00,16.875,16.98,16.745,16.885,11595.0,,,,,,,,,,,,,,,,,17.000219188617574,,,,,,,,,,,,,,,15.843830956318945,15.634282747607184,,,,16.15944429751457,17.000219188617574,15.739056851963063,#000000,,16.03845143407528,,70.70824118240427,14.987262826413826,False,False,True,False,True,,,,0.0,0.0,0.0,0.0,0,,,False,False,False,False,,,False,False,False,False,58342.0,-2461.650180956958,False,False,False,False,5949.279075495542,False,False,False,False
2024-01-03 17:00:00+00:00,16.39,16.585,16.31,16.39,9768.0,,,,,,,,,,,,,,,,,16.844062840689908,,,,,,,,,,,,,,,15.872519919334438,15.657954210207203,,,,16.124845656743847,16.844062840689908,15.76523706477082,#000000,,16.02749051397911,,65.54722831128682,14.987262826413826,False,False,True,False,False,,,,0.0,0.0,0.0,0.0,0,,,False,False,False,False,,,False,False,False,False,48574.0,-1670.3997905545245,False,False,False,False,6008.484051069255,False,False,False,False
2024-01-04 17:00:00+00:00,16.215,16.425,16.16,16.39,13320.0,,,,,,,,,,,,,,,,,16.70322978836087,,,,,,,,,,,,,,,15.900905009945161,15.684011297695298,,,,16.096048698667108,16.70322978836087,15.79245815382023,#000000,,16.019660778912815,,62.10655306387518,18.726246785768097,True,False,True,False,False,,,,0.0,0.0,0.0,0.0,0,,,False,False,False,False,,,False,False,False,False,48574.0,-891.416848065307,False,False,False,False,6121.8408874867855,False,False,False,False
2024-01-05 17:00:00+00:00,16.49,16.53,16.34,16.375,5016.0,,,,,,,,,,,,,,,,,16.676510377201577,,,,,,,,,,,,,,,15.91276945008059,15.694608521194604,,,,16.094629449492256,16.676510377201577,15.803688985637597,#000000,,16.022891145820644,,59.66695750852209,16.418644896648743,True,False,True,False,False,,,,0.0,0.0,0.0,0.0,0,,,False,False,False,False,,,False,False,False,False,43558.0,-202.27860235886806,False,False,False,False,6104.69606752575,False,False,False,False
2024-01-08 17:00:00+00:00,17.05,17.21,15.12,15.87,42624.0,,,,,,,,,,,,,,,,,16.407791549936423,,,,,,,,,,,,,,,15.93800193739558,15.735415590219164,,,,16.027069692517056,16.407791549936423,15.836708763807373,#000000,,15.989089894638264,,53.82605150492323,10.97623794427431,True,False,True,False,False,,,,0.0,0.0,0.0,0.0,0,,,False,False,False,False,,,False,False,False,False,934.0,-184.6618798416763,False,False,False,False,6670.886826168761,False,False,False,False
2024-01-09 17:00:00+00:00,15.78,15.78,15.455,15.755,14603.0,,,,,,,,,,,,,,,,,16.31014727192163,,,,,,,,,,,,,,,15.923393905953706,15.73280510729688,,,,15.988782095057408,16.31014727192163,15.828099506625293,#000000,,15.95987166285669,,49.14793570700021,6.734965661353179,True,False,False,True,False,,,,0.0,0.0,0.0,0.0,0,,,False,False,False,False,,,False,False,False,False,-13669.0,-393.721385580565,False,False,False,False,6793.86532498785,False,False,False,False
2024-01-10 17:00:00+00:00,15.12,15.5,15.1,15.355,21180.0,,,,,,,,,,,,,,,,,16.15162589171622,,,,,,,,,,,,,,,15.880063357835677,15.712120924018686,,,,15.914603391190193,16.15162589171622,15.796092140927183,#000000,,15.898045659999369,,43.65134839630335,1.764135733153097,False,False,False,True,False,,,,0.0,0.0,0.0,0.0,0,,,False,False,False,False,,,False,False,False,False,-34849.0,-927.9117516955951,False,False,False,False,7016.906172662457,False,False,False,False
2024-01-11 17:00:00+00:00,15.03,15.33,15.03,15.11,10665.0,,,,,,,,,,,,,,,,,16.077515219663688,,,,,,,,,,,,,,,15.854885331305606,15.698504971590905,,,,15.876968507520067,16.077515219663688,15.776695151448255,#000000,,15.865536774649433,,38.79005990479957,-2.599050677876363,False,False,False,True,False,,,,0.0,0.0,0.0,0.0,0,,,False,False,False,False,,,False,False,False,False,-45514.0,-1619.1689338398494,False,False,False,False,7073.465766884744,False,False,False,False
2024-01-12 17:00:00+00:00,15.29,15.41,15.2,15.22,9283.0,,,,,,,,,,,,,,,,,16.02875435075384,,,,,,,,,,,,,,,15.837883209482358,15.689692366838823,,,,15.852109975691675,16.02875435075384,15.763787788160592,#000000,,15.843898315583113,,36.793190660071275,-4.4218832433212185,False,True,False,True,False,,,,0.0,0.0,0.0,0.0,0,,,False,False,False,False,,,False,False,False,False,-36231.0,-2155.786469749309,False,False,False,False,7107.722111584205,False,False,False,False
2024-01-15 17:00:00+00:00,15.22,15.22,15.22,15.22,0.0,,,,,,,,,,,,,,,,,16.02875435075384,,,,,,,,,,,,,,,15.837883209482358,15.689692366838823,,,,15.852109975691675,16.02875435075384,15.763787788160592,#000000,,15.843898315583113,,35.46194449691908,-5.860018359281099,False,True,False,True,False,,,,0.0,0.0,0.0,0.0,0,,,False,False,False,False,,,False,False,False,False,-36231.0,-2684.084353939242,False,False,False,False,6997.52486954414,False,False,False,False
2024-01-16 17:00:00+00:00,15.185,15.39,15.095,15.145,12242.0,,,,,,,,,,,,,,,,,15.967899307452875,,,,,,,,,,,,,,,15.814444615544117,15.676831147963446,,,,15.819725023653481,15.967899307452875,15.745637881753781,#000000,,15.815248887531158,,34.09962739358549,-7.5016341678302325,False,True,False,True,False,0.0,15.703299999999999,,0.0,0.0,0.0,0.0,0,,,False,False,False,False,,,False,False,False,False,-48473.0,-3393.990022870417,False,False,False,False,7078.834561489191,False,False,False,False
2024-01-17 17:00:00+00:00,14.955,14.955,14.62,14.705,8765.0,,,,,,,,,,,,,,,,,15.906867564799494,,,,,,,,,,,,,,,15.786995966843772,15.659562817047085,,,,15.78447544956345,15.906867564799494,15.723279391945429,#000000,,15.783428487422293,,30.861529586385537,-10.93062290319152,False,True,False,True,False,0.0,15.6674,,0.0,0.0,0.0,0.0,0,,,False,False,False,False,,,False,False,False,False,-57238.0,-4228.780875229015,False,False,False,False,7104.976661311064,False,False,False,False
2024-01-18 17:00:00+00:00,14.77,14.995,14.635,14.89,13895.0,,,,,,,,,,,,,,,,,15.82774902241246,,,,,,,,,,,,,,,15.749464994694868,15.635801400222983,,,,15.73767180577677,15.82774902241246,15.692633197458925,#000000,,15.740752764072955,,31.105602435669,-11.112626863419877,False,True,False,True,False,0.0,15.6445,,0.0,0.0,0.0,0.0,0,,,False,False,False,False,,,False,False,False,False,-43343.0,-4835.202877163449,False,False,False,False,7210.248340980659,False,False,False,False
2024-01-19 17:00:00+00:00,14.45,14.66,14.395,14.59,5878.0,,,,,,,,,,,,,,,,,15.788832391518838,,,,,,,,,,,,,,,15.729659641534028,15.622625403238272,,,,15.713705812097047,15.788832391518838,15.67614252238615,#000000,,15.718700042262716,,29.708121600257027,-12.95431960141466,False,True,False,True,False,0.0,15.615699999999999,,0.0,0.0,0.0,0.0,0,,,False,False,False,False,,,False,False,False,False,-49221.0,-5523.354770540759,False,False,False,False,7189.5933279422,False,False,False,False
2024-01-22 17:00:00+00:00,14.36,14.46,14.15,14.35,17751.0,,,,,,,,,,,,,,,,,15.66525958750997,,,,,,,,,,,,,,,15.662795232738251,15.57664499508835,,,,15.634899938445523,15.66525958750997,15.6197201139133,#000000,,15.645554074530187,,27.72104312259499,-15.320488200896627,False,True,False,True,False,0.0,15.585600000000001,,0.0,0.0,0.0,0.0,0,,,False,False,False,False,,,False,False,False,False,-66972.0,-6476.046944640902,False,False,False,False,7353.336067043871,False,False,False,False
2024-01-23 17:00:00+00:00,14.24,14.44,14.24,14.43,3691.0,,,,,,,,,,,,,,,,,15.642990771017516,,,,,,,,,,,,,,,15.65016913012493,15.56785318914992,,,,15.620337696764123,15.642990771017516,15.609011159637426,#000000,,15.631931440483687,,27.470318040784832,-16.067097199550858,False,True,False,True,False,0.0,15.5494,,0.0,0.0,0.0,0.0,0,,,False,False,False,False,,,False,False,False,False,-63281.0,-7356.743891235617,False,False,False,False,7296.5556629036555,False,False,False,False
2024-01-24 17:00:00+00:00,14.27,14.415,14.21,14.285,4858.0,,,,,,,,,,,,,,,,,15.613347256130886,,,,,,,,,,,,,,,15.6330760371874,15.555841814371979,,,,15.600755035896755,15.613347256130886,15.59445892577969,#000000,,15.613570309201336,,26.590077819019857,-17.43518249630612,False,True,False,True,False,0.0,15.515,,0.0,0.0,0.0,0.0,0,,,False,False,False,False,,,False,False,False,False,-68139.0,-8299.104451061421,False,False,False,False,7258.748598362514,False,False,False,False
2024-01-25 17:00:00+00:00,14.25,14.46,14.235,14.445,8787.0,,,,,,,,,,,,,,,,,15.56588360756971,,,,,,,,,,,,,,,15.60495639763788,15.535980828056738,,,,15.568940277754775,15.56588360756971,15.570468612847309,#000000,,15.58359858269738,,28.249431194526817,-17.43518249630612,False,True,False,True,False,0.0,15.4901,,0.0,0.0,0.0,0.0,0,,,False,False,False,False,,,False,False,False,False,-59352.0,-9090.62221151008,False,False,False,False,7282.44241854294,False,False,False,False
2024-01-26 17:00:00+00:00,14.32,14.375,14.22,14.355,20867.0,,,,,,,,,,,,,,,,,15.461278394422639,,,,,,,,,,,,,,,15.539776001609948,15.488958196649103,,,,15.496670864227228,15.461278394422639,15.514367099129526,#000000,,15.515009149036109,,28.79078352255216,-17.43518249630612,False,True,False,True,False,0.0,15.4639,,0.0,0.0,0.0,0.0,0,,,False,False,False,False,,,False,False,False,False,-80219.0,-10193.387758618452,False,False,False,False,7493.055714379483,False,False,False,False
2024-01-29 17:00:00+00:00,14.58,14.66,14.42,14.59,20090.0,,,,,,,,,,,,,,,,,15.393790613271538,,,,,,,,,,,,,,,15.494112465686072,15.455582505760193,,,,15.447828528239269,15.393790613271538,15.474847485723132,#000000,,15.467983587614404,,32.335713412871854,-17.43518249630612,False,True,False,True,True,0.0,15.4409,,0.0,0.0,0.0,0.0,0,,,False,False,False,False,,,False,False,False,False,-60129.0,-10967.583297244522,False,False,False,False,7688.35717617205,False,False,False,False
2024-01-30 17:00:00+00:00,14.45,14.52,14.35,14.355,7021.0,,,,,,,,,,,,,,,,,15.368750185480746,,,,,,,,,,,,,,,15.47676902962975,15.442642103719345,,,,15.429387106276614,15.368750185480746,15.459705566674547,#000000,,15.450192726622467,,32.9527516224518,-21.88554397726724,False,True,False,True,True,0.0,15.4223,,0.0,0.0,0.0,0.0,0,,,False,False,False,False,,,False,False,False,False,-67150.0,-11838.628517442283,False,False,False,False,7678.010553285661,False,False,False,False
2024-01-31 17:00:00+00:00,14.295,14.395,14.01,14.04,9223.0,,,,,,,,,,,,,,,,,15.32932936880396,,,,,,,,,,,,,,,15.449467377498497,15.421968507777947,,,,15.400255084693468,15.32932936880396,15.435717942638222,#000000,,15.42213773713426,,31.461872115084567,-21.88554397726724,False,True,False,True,True,0.0,15.396400000000002,,0.0,0.0,0.0,0.0,0,,,False,False,False,False,,,False,False,False,False,-76373.0,-12839.161408644728,False,False,False,False,7701.963878040922,False,False,False,False
2024-02-01 17:00:00+00:00,13.89,14.13,13.89,14.055,14692.0,,,,,,,,,,,,,,,,,15.265499671356494,,,,,,,,,,,,,,,15.404310979109399,15.387305880895884,,,,15.352372177120591,15.265499671356494,15.395808430002642,#000000,,15.375913256403507,,30.679252558290813,-21.88554397726724,False,True,False,True,False,0.0,15.3708,,0.0,0.0,0.0,0.0,0,,,False,False,False,False,,,False,False,False,False,-61681.0,-13596.399216262638,False,False,False,False,7810.336531094551,False,False,False,False
2024-02-02 17:00:00+00:00,14.02,14.04,13.87,13.975,5701.0,,,,,,,,,,,,,,,,,15.241202369861892,,,,,,,,,,,,,,,15.386780791892514,15.373710444908353,,,,15.333897868887588,15.241202369861892,15.380245618400433,#000000,,15.35803444463881,,29.667474925807717,-21.88554397726724,False,True,False,True,False,0.0,15.341600000000001,,0.0,0.0,0.0,0.0,0,,,False,False,False,False,,,False,False,False,False,-67382.0,-14430.284499731433,False,False,False,False,7777.633639139597,False,False,False,False
2024-02-05 17:00:00+00:00,13.775,13.82,13.67,13.67,12506.0,,,,,,,,,,,,,,,,,15.181458950290642,,,,,,,,,,,,,,,15.343504681984241,15.339824557091719,,,,15.288262729788867,15.181458950290642,15.34166461953798,#000000,,15.313886121890231,,27.35257316753663,-18.514986977518436,False,True,False,True,False,0.0,15.3099,,0.0,0.0,0.0,0.0,0,,,False,False,False,False,,,False,False,False,False,-79888.0,-15445.132802061178,False,False,False,False,7850.941644734331,False,False,False,False
2024-02-06 17:00:00+00:00,13.94,14.29,13.94,14.28,17753.0,,,,,,,,,,,,,,,,,15.128046441829472,,,,,,,,,,,,,,,15.301790002576313,15.306758608977164,,,,15.245531684460984,15.128046441829472,15.304274305776739,#000000,,15.272030706252114,,33.17617938118585,-21.32355643965771,False,True,False,True,True,0.0,15.2978,,0.0,0.0,0.0,0.0,0,,,False,False,False,False,,,False,False,False,False,-62135.0,-16169.006712106742,False,False,False,False,8004.461929312093,False,False,False,False
2024-02-07 17:00:00+00:00,14.22,14.22,13.895,13.95,23018.0,,,,,,,,,,,,,,,,,15.057148591414672,,,,,,,,,,,,,,,15.245389499272646,15.261326932813999,,,,15.187955007833772,15.057148591414672,15.253358216043322,#000000,,15.215548836897733,,34.84353042042255,-19.87802048968605,False,True,False,True,True,0.0,15.2719,,0.0,0.0,0.0,0.0,0,,,False,False,False,False,,,False,False,False,False,-85153.0,-17238.52598788803,False,False,False,False,8237.229961415782,False,False,False,False
2024-02-08 17:00:00+00:00,13.69,13.9,13.65,13.87,11884.0,,,,,,,,,,,,,,,,,15.017102006003997,,,,,,,,,,,,,,13.806666666666667,15.213390595718455,15.235251846343585,,,,14.818102778683176,15.017102006003997,14.75176970290957,#000000,,14.954010560399128,,35.46054806472032,-19.275804230543347,False,True,False,True,True,0.0,15.241700000000002,,0.0,0.0,0.0,0.0,0,,,False,False,False,False,,,False,False,False,False,-97037.0,-18475.711631486665,False,False,False,False,8293.769031781429,False,False,False,False
2024-02-09 17:00:00+00:00,13.68,14.11,13.68,14.03,14122.0,,,,,,,,,,,,,,,,,14.977614678303668,,,,,,,,,,,,,,13.879070470916968,15.180601912798465,15.208237264171606,,,,14.811381081547678,14.977614678303668,14.755969882629012,#000000,,14.938883119680781,,37.56862499218666,-17.198553790512328,False,True,False,True,True,0.0,15.2135,,0.0,0.0,0.0,0.0,0,,,False,False,False,False,,,False,False,False,False,-82915.0,-19474.77036588222,False,False,False,False,8384.129201831329,False,False,False,False
2024-02-12 17:00:00+00:00,14.29,14.65,14.28,14.65,12525.0,,,,,,,,,,,,,,,,,14.963413885697186,,,,,,,,,,,,,,14.089579991868021,15.166001266850992,15.195858530638914,,,,14.853713418763778,14.963413885697186,14.817146596452643,#000000,,14.96231955605277,,44.01053229878231,-11.2298790152269,False,False,False,True,True,0.0,15.190199999999999,,0.0,0.0,0.0,0.0,0,,,False,False,False,False,,,False,False,False,False,-70390.0,-20264.153771062338,False,False,False,False,8448.328749089758,False,False,False,False
2024-02-13 17:00:00+00:00,14.15,14.165,13.8,14.04,13483.0,,,,,,,,,,,,,,,,,14.931880001426661,,,,,,,,,,,,,,14.066791216467362,15.138673189382152,15.17295833351111,,,,14.827575685196821,14.931880001426661,14.792807579786874,#000000,,14.936001755192585,,44.07279440109889,-11.2298790152269,False,False,False,True,True,0.0,15.168400000000002,,0.0,0.0,0.0,0.0,0,,,False,False,False,False,,,False,False,False,False,-83873.0,-21250.337433526485,False,False,False,False,8526.38566770852,False,False,False,False
2024-02-14 17:00:00+00:00,14.32,14.385,14.19,14.25,17464.0,,,,,,,,,,,,,,,,,14.905119358651362,,,,,,,,,,,,,,14.11912660602397,15.113191300709445,15.151195114707635,,,,14.822158095023102,14.905119358651362,14.79450434048035,#000000,,14.92406079027537,,45.59411324877487,-9.747979221777292,False,False,False,True,True,0.0,15.1496,,0.0,0.0,0.0,0.0,0,,,False,False,False,False,,,False,False,False,False,-66409.0,-21950.471736882664,False,False,False,False,8664.953331775056,False,False,False,False
2024-02-15 17:00:00+00:00,14.23,14.285,14.145,14.255,5959.0,,,,,,,,,,,,,,,,,14.89584046760645,,,,,,,,,,,,,,14.127753180358003,15.104371980635928,15.143625801182786,,,,14.817897857445791,14.89584046760645,14.79191698739224,#000000,,14.918337474731848,,46.64473260135193,-8.590147756089053,False,False,False,True,True,0.0,15.1276,,0.0,0.0,0.0,0.0,0,,,False,False,False,False,,,False,False,False,False,-60450.0,-22547.363647938746,False,False,False,False,8623.000566941333,False,False,False,False
2024-02-16 17:00:00+00:00,14.385,14.45,14.27,14.3,11594.0,,,,,,,,,,,,,,,,,14.881398652721783,,,,,,,,,,,,,,14.156028043647282,15.089831290851686,15.131002938982245,,,,14.814565231550748,14.881398652721783,14.792287424493736,#000000,,14.911349258102922,,47.70522777483973,-7.357691133261241,True,False,False,False,True,0.0,15.100999999999999,,0.0,0.0,0.0,0.0,0,,,False,False,False,False,,,False,False,False,False,-48856.0,-22955.249482854422,False,False,False,False,8669.062573655421,False,False,False,False
2024-02-19 17:00:00+00:00,14.3,14.3,14.3,14.3,0.0,,,,,,,,,,,,,,,,,14.881398652721783,,,,,,,,,,,,,,14.156028043647282,15.089831290851686,15.131002938982245,,,,14.814565231550748,14.881398652721783,14.792287424493736,#000000,,14.911349258102922,,48.41222455716492,-6.408821945266922,True,False,False,False,True,0.0,15.0846,,0.0,0.0,0.0,0.0,0,,,False,False,False,False,,,False,False,False,False,-48856.0,-23356.811506376056,False,False,False,False,8534.658502746035,False,False,False,False
2024-02-20 17:00:00+00:00,14.69,14.85,14.445,14.595,20135.0,,,,,,,,,,,,,,,,,14.870544752212842,,,,,,,,,,,,,,14.245080778107484,15.07512574001307,15.11769918106258,,,,14.827112612848993,14.870544752212842,14.812635233061044,#000000,0.8269801352778345,14.914837308326517,-0.38675331447842165,51.372849572392106,-3.3966192318369366,True,False,True,False,True,0.0,15.078299999999999,,0.0,0.0,0.0,0.0,0,,,False,False,False,False,,,False,False,False,False,-28721.0,-23439.977219455497,False,False,False,False,8714.508758517413,False,False,False,False
2024-02-21 17:00:00+00:00,16.03,16.615,15.93,16.595,24765.0,,,,,,,,,,,,,,,,,14.946657860498071,,,,,,,,,,,,,,14.645830219331822,15.124509363444695,15.15762245261107,,,,14.968654973971415,14.946657860498071,14.975987345129196,"rgba(0, 255, 255, 0.75)",0.8290183764359327,15.024994098710943,1.8938131480736693,60.915007369578525,5.415111264649795,True,False,True,False,True,8.82156616255602,15.101199999999999,,0.0,0.0,0.0,0.0,0,,,False,False,False,False,,,False,False,False,False,-3956.0,-23137.900053262387,False,False,False,False,8963.353583966757,False,False,False,False
2024-02-22 17:00:00+00:00,17.45,17.58,17.14,17.33,34435.0,,,,,,,,,,,,,,,,,15.104123852669872,,,,,,,,,,,,,,15.205548469438867,15.23576677129216,15.249975122095824,,,,15.198853553874182,15.104123852669872,15.230430120942286,"rgba(0, 255, 0, 1.0)",0.8588848206454323,15.214248460609847,2.4633705108447637,68.47782191769517,11.974166729704116,True,False,True,False,True,13.107283030983194,15.1315,,0.0,0.0,0.0,0.0,0,,,False,False,False,False,,,False,False,False,False,30479.0,-22306.63028499475,False,False,False,False,9358.262830726962,False,False,False,False
2024-02-23 17:00:00+00:00,17.41,17.69,17.41,17.615,36240.0,,,,,,,,,,,,,,,,17.57166666666667,15.263295227195053,,,,,,,,,,,,,,15.628774452220895,15.352522138825217,15.348532226620073,,,,15.83295814230558,16.417480946930862,15.443276272555394,"rgba(0, 255, 0, 1.0)",0.8969719681861373,15.69725174373763,2.1380247368716017,73.91801928385996,16.488084753612185,True,False,True,False,True,14.653569734949365,15.180399999999999,,0.0,0.0,0.0,0.0,0,,,False,False,False,False,,,False,False,False,False,66719.0,-20926.38795499483,False,True,False,False,9775.03394963042,False,False,False,False
2024-02-26 17:00:00+00:00,17.08,17.11,16.49,16.885,31383.0,,,,,,,,,,,,,,,,17.22669483755527,15.346094175400502,,,,,,,,,,,,,,15.789661315987788,15.413751127556806,15.40100261708331,,,,15.835440814716737,16.286394506477887,15.5348050202093,"rgba(38, 166, 154, 1.0)",0.9137479742031507,15.715957944417053,1.2793922269457636,72.63900059027344,16.488084753612185,True,False,True,False,True,9.158177210009686,15.2163,,0.0,0.0,0.0,0.0,0,,,False,False,False,False,,,False,False,False,False,35336.0,-20054.102870421266,False,False,False,False,10110.041175217546,False,False,False,False
2024-02-27 17:00:00+00:00,17.08,17.34,17.035,17.15,16764.0,,,,,,,,,,,,,,,,17.216425338026,15.396359813428857,,,,,,,,,,,,,,15.882277626455782,15.451937681363729,15.433978637520518,,,,15.876195819358978,16.30639257572743,15.58939798178001,"rgba(38, 166, 154, 1.0)",0.9324420277610488,15.755649785604975,1.4953746966372747,72.4464160371525,16.488084753612185,True,False,True,False,True,10.619948375447578,15.2507,,0.0,0.0,0.0,0.0,0,,,False,False,False,False,,,False,False,False,False,52100.0,-18935.434608864347,False,False,False,False,10213.203327539755,False,False,False,False
2024-02-28 17:00:00+00:00,17.08,17.09,16.72,16.89,9614.0,,,,,,,,,,,,,,,,17.184062775927917,15.419692156967178,,,,,,,,,,,,,,15.919856823893454,15.469721977022006,15.449442102048723,,,,15.888555167171855,16.301877466447547,15.613006967654727,"rgba(38, 166, 154, 1.0)",0.9469987299857355,15.76940730345181,1.1833096086254196,70.68265014093706,16.488084753612185,True,False,True,False,False,8.758261663331176,15.2824,,0.0,0.0,0.0,0.0,0,,,False,False,False,False,,,False,False,False,False,42486.0,-17983.164304850947,False,False,False,False,10203.91335346937,False,False,False,False
2024-02-29 17:00:00+00:00,16.64,16.695,16.5,16.5,10451.0,,,,,,,,,,,,,,,,17.12212212308046,15.438690938382905,,,,,,,,,,,,,,15.944753216797505,15.484152024519974,15.462088328844464,,,,15.89036132632506,16.280406530731682,15.630331190053981,"rgba(38, 166, 154, 0.5)",0.9559718982638934,15.774696558725378,0.7587079103390175,67.20002230621222,16.488084753612185,True,False,True,False,False,6.06048484967404,15.2972,,0.0,0.0,0.0,0.0,0,,,False,False,False,False,,,False,False,False,False,32035.0,-17207.68888927186,False,False,False,False,10207.744154190776,False,False,False,False
2024-03-01 17:00:00+00:00,16.69,16.85,16.37,16.475,21003.0,,,,,,,,,,,,,,,,17.028851739667612,15.475027395345476,,,,,,,,,,,,,,15.989393743653359,15.512031353173818,15.4866552075092,,,,15.898391887869892,16.251939567506543,15.662693434778793,"rgba(38, 166, 154, 0.5)",0.964455398769802,15.788165551575172,0.7121474453882588,64.73015938028104,22.2577682766551,True,False,True,False,False,5.890063944724176,15.310599999999999,,0.0,0.0,0.0,0.0,0,,,False,False,False,False,,,False,False,False,False,11032.0,-16769.86425532966,False,False,False,False,10375.11246187774,False,False,False,False
2024-03-04 17:00:00+00:00,16.355,16.62,16.33,16.545,16297.0,,,,,,,,,,,,,,,,16.967858889704086,15.500018129732858,,,,,,,,,,,,,,16.016312613998537,15.531384322347142,15.503843624256458,,,,15.903883516007818,16.23393850971847,15.683846853534044,"rgba(38, 166, 154, 0.5)",0.9735033187985099,15.797460562279984,0.7678858646754543,63.3879556630203,20.6886417380927,True,False,True,False,False,6.3027171148878836,15.3254,,0.0,0.0,0.0,0.0,0,,,False,False,False,False,,,False,False,False,False,27329.0,-16086.160933541601,False,False,False,False,10466.924671771107,False,False,False,False
2024-03-05 17:00:00+00:00,16.18,16.255,15.89,15.925,9616.0,,,,,,,,,,,,,,,,16.90785573348837,15.507451918152771,,,,,,,,,,,,,,16.016525091218863,15.53701480090235,15.508999769824742,,,,15.895569462717418,16.20765382582057,15.687513220648652,#000000,0.9757998013180028,15.793083521082407,0.13518805675038642,58.759396260566795,16.085680227248588,True,False,True,False,False,2.1398635434945703,15.3252,,0.0,0.0,0.0,0.0,0,,,False,False,False,False,,,False,False,False,False,17713.0,-15562.142934571964,False,False,False,False,10453.732041201012,False,False,False,False
2024-03-06 17:00:00+00:00,16.465,16.59,16.4,16.55,11450.0,,,,,,,,,,,,,,,,16.88011137179755,15.524182854290078,,,,,,,,,,,,,,16.033805561631187,15.550141306492064,15.520730759434997,,,,15.901794370729174,16.202147113043814,15.701559209186081,"rgba(38, 166, 154, 0.5)",0.9855761565502495,15.801177885319822,0.7597810780054115,58.58657647680968,15.65347371382994,True,False,True,False,False,5.785277158914596,15.3269,,0.0,0.0,0.0,0.0,0,,,False,False,False,False,,,False,False,False,False,29163.0,-14868.72986581891,False,False,False,False,10469.178056066114,False,False,False,False
2024-03-07 17:00:00+00:00,16.53,16.63,16.41,16.48,6925.0,,,,,,,,,,,,,,,,16.864875959538832,15.533967972605058,,,,,,,,,,,,,,16.043548124765085,15.557856577395889,15.527646878078983,,,,15.905579102476768,16.199421966071945,15.709683860079986,"rgba(38, 166, 154, 0.5)",0.993911836501981,15.806026385102909,0.6781020108072214,58.05709383523083,14.728255939944773,True,False,True,False,False,5.3259683782616065,15.320799999999998,,0.0,0.0,0.0,0.0,0,,,False,False,False,False,,,False,False,False,False,22238.0,-14293.431728364352,False,False,False,False,10414.22955907284,False,False,False,False
2024-03-08 17:00:00+00:00,16.465,16.505,16.31,16.36,3786.0,,,,,,,,,,,,,,,,16.854551631139465,15.538612889198488,,,,,,,,,,,,,,16.047425724611035,15.561517341481748,15.53094780495155,,,,15.906611078276459,16.196582260168977,15.713296957014778,"rgba(38, 166, 154, 0.5)",1.0002978250194992,15.807781461123428,0.5520541233465214,56.95311233521601,13.214555621066829,True,False,True,False,False,4.5349480206930615,15.306700000000001,,0.0,0.0,0.0,0.0,0,,,False,False,False,False,,,False,False,False,False,18452.0,-13785.750616296687,False,False,False,False,10311.466310094967,False,False,False,False
2024-03-11 17:00:00+00:00,16.71,16.715,16.33,16.405,3307.0,,,,,,,,,,,,,,,,16.84760949882,15.543060743294925,,,,,,,,,,,,,,16.051626010337937,15.565038942195498,15.534115415109861,,,,15.908290121951643,16.19533512105746,15.716926789214432,"rgba(38, 166, 154, 0.5)",1.0069262701476787,15.809960303699592,0.5909466402273317,56.464548699339716,12.262170573271739,True,False,True,False,False,4.799479411578162,15.2935,,0.0,0.0,0.0,0.0,0,,,False,False,False,False,,,False,False,False,False,21759.0,-13234.669211392864,False,False,False,False,10202.86993319427,False,False,False,False
2024-03-12 17:00:00+00:00,16.32,16.35,16.05,16.125,17288.0,,,,,,,,,,,,,,,,16.787709264868504,15.558240800694366,,,,,,,,,,,,,,16.057542650281565,15.576982139014413,15.54506816214454,,,,15.905108603400677,16.172975032781434,15.726530983813506,#000000,1.008375256369205,15.81101003894749,0.3113820565005475,54.233963265781405,9.725893104483944,True,False,True,False,False,2.9417058113008103,15.2783,,0.0,0.0,0.0,0.0,0,,,False,False,False,False,,,False,False,False,False,4471.0,-12960.162711991423,False,False,False,False,10312.716910974203,False,False,False,False
2024-03-13 17:00:00+00:00,16.065,16.175,16.0,16.17,6189.0,,,,,,,,,,,,,,,,16.766924804347862,15.56298783593086,,,,,,,,,,,,,,16.058512445490475,15.580727186124687,15.548533877594059,,,,15.903537229897589,16.16495632013936,15.729257836403074,#000000,1.01178093363023,15.810929914357208,0.3548891600027133,53.05296569728807,8.247675196744979,True,False,True,False,False,3.215768674090061,15.2739,,0.0,0.0,0.0,0.0,0,,,False,False,False,False,,,False,False,False,False,10660.0,-12593.95863893729,False,False,False,False,10248.783315455223,False,False,False,False
2024-03-14 17:00:00+00:00,15.79,15.87,15.76,15.87,3249.0,,,,,,,,,,,,,,,,16.75202399432769,15.564192494251133,,,,,,,,,,,,,,16.056534744598956,15.581646893434094,15.549440140473761,,,,15.900767653417128,16.158108244289412,15.72920725950227,#000000,1.0129796161338613,15.80920747090642,0.06001357591537697,50.22831765625583,5.30748256272048,False,False,False,False,False,1.2431209149689657,15.263499999999999,,0.0,0.0,0.0,0.0,0,,,False,False,False,False,,,False,False,False,False,7411.0,-12283.804241434385,False,False,False,False,10140.259543122584,False,False,False,False
2024-03-15 17:00:00+00:00,15.59,16.0,15.59,15.96,6816.0,,,,,,,,,,,,,,,,16.72279947681475,15.566839514493356,,,,,,,,,,,,,,16.052798146752174,15.583681065276958,15.551433273628659,,,,15.895510295393176,16.144819495654055,15.72930416188593,#000000,1.0147229995253721,15.80601824938205,0.15174757119920937,49.0675779279229,3.9857016714472024,False,False,False,False,False,1.8082046473888198,15.2552,,0.0,0.0,0.0,0.0,0,,,False,False,False,False,,,False,False,False,False,14227.0,-11872.784020636953,False,False,False,False,10088.720635477272,False,False,False,False
2024-03-18 17:00:00+00:00,15.72,15.745,15.54,15.705,8685.0,,,,,,,,,,,,,,,,16.680795745211803,15.56796496967401,,,,,,,,,,,,,15.663333333333332,16.044022206424533,15.584443047400006,15.552370882303183,,,,15.848821697391143,16.124380357442906,15.711042367365263,#000000,1.0142705318166914,15.782373479632724,-0.07628485419381978,46.56687325384759,1.4352761707566373,False,False,False,True,False,0.14373962589802503,15.251900000000001,,0.0,0.0,0.0,0.0,0,,,False,False,False,False,,,False,False,False,False,5542.0,-11602.78736915421,False,False,False,False,10066.957524849717,False,False,False,False
2024-03-19 17:00:00+00:00,15.8,15.935,15.7,15.805,17334.0,,,,,,,,,,,,,,,,16.617188366744642,15.573546873325322,,,,,,,,,,,,,15.763264153118875,16.0340938839963,15.588731386517333,15.556663236406738,,,,15.855581316684868,16.09536762003498,15.735688165009812,#000000,1.0143832413641123,15.788488257238814,0.016277617854747767,45.80769726985959,0.525460339457311,False,False,False,True,False,0.7872849269007958,15.2529,,0.0,0.0,0.0,0.0,0,,,False,False,False,False,,,False,False,False,False,22876.0,-11068.232526221587,False,False,False,False,10179.624850045844,False,False,False,False
2024-03-20 17:00:00+00:00,15.945,16.26,15.925,16.14,11850.0,,,,,,,,,,,,,,,,16.59289831632742,15.58173645294202,,,,,,,,,,,,,15.871243497319707,16.036215712001315,15.595302288130977,15.562797471034845,,,,15.873365622959382,16.08731738463472,15.76638974212171,#000000,1.016901152991262,15.803429400152158,0.3309767118050801,48.07646345667429,0.525460339457311,False,False,False,False,True,2.905982435149607,15.2686,,0.0,0.0,0.0,0.0,0,,,False,False,False,False,,,False,False,False,False,34726.0,-10358.244425039857,False,False,False,False,10205.522139192419,False,False,False,False
2024-03-21 17:00:00+00:00,16.155,16.21,16.06,16.08,14863.0,,,,,,,,,,,,,,,,16.565996142297898,15.591817459089764,,,,,,,,,,,,,15.940418278591114,16.038999901430273,15.603442753002012,15.570415825674555,,,,15.885181726680939,16.07890680069383,15.788319189674489,#000000,1.0192159281075384,15.814278495337525,0.26071168761644026,49.07636805915179,0.525460339457311,False,False,False,False,True,2.5016098294926614,15.288,,0.0,0.0,0.0,0.0,0,,,False,False,False,False,,,False,False,False,False,19863.0,-9889.697999845439,False,False,False,False,10277.731098274706,False,False,False,False
2024-03-22 17:00:00+00:00,16.075,16.19,16.055,16.17,20284.0,,,,,,,,,,,,,,,,16.535386064395624,15.60552085676871,,,,,,,,,,,,,15.995399501479126,16.043479800337963,15.614602720633611,15.580880109938985,,,,15.895878175592337,16.070453460582165,15.808590533097423,#000000,1.0221800365038587,15.825026984979255,0.3374875293012481,50.50951606732049,0.525460339457311,False,False,False,False,True,3.073046056810444,15.307,,0.0,0.0,0.0,0.0,0,,,False,False,False,False,,,False,False,False,False,40147.0,-9113.935240157913,False,False,False,False,10432.867050239438,False,False,False,False
2024-03-25 17:00:00+00:00,16.54,16.76,16.415,16.61,9479.0,,,,,,,,,,,,,,,,16.537315503079263,15.616980782161855,,,,,,,,,,,,,16.064295957330746,16.05486354599675,15.624069344459846,15.589537738862484,,,,15.914510478648493,16.07714814262056,15.833191646662456,"rgba(38, 166, 154, 0.5)",1.029365644768968,15.841314111050146,0.7467568913496996,54.657438771405396,0.07585212566947064,True,False,True,False,True,5.794277648147229,15.3348,,0.0,0.0,0.0,0.0,0,,,False,False,False,False,,,False,False,False,False,49626.0,-8203.238569767867,False,False,False,False,10418.078413801617,False,False,False,False
2024-03-26 17:00:00+00:00,16.865,16.925,16.665,16.91,14714.0,,,,,,,,,,,,,,,,16.55147607018502,15.638462272926402,,,,,,,,,,,,,16.180700981047707,16.079031352616543,15.641926866875483,15.605804814499432,,,,15.949567059691764,16.09496917155571,15.87686600375979,"rgba(38, 166, 154, 0.5)",1.03949785607898,15.871970988695612,0.9985869669994971,59.103627462041345,4.156366220485069,True,False,True,False,True,7.569181251060762,15.3701,,0.0,0.0,0.0,0.0,0,,,False,False,False,False,,,False,False,False,False,64340.0,-7078.537196593172,False,False,False,False,10484.681849246554,False,False,False,False
2024-03-27 17:00:00+00:00,17.145,17.4,17.145,17.21,5140.0,,,,,,,,,,,,,,,,16.56298444543217,15.648353624519606,,,,,,,,,,,,,16.234485225388944,16.091612094798577,15.650188264723509,15.613290069068272,,,,15.966818953988513,16.10566903497589,15.897393913494826,"rgba(38, 166, 154, 1.0)",1.0572551789958358,15.886929332024746,1.251420370654402,63.48443208116532,8.062949086033875,True,False,True,False,True,9.288853696591424,15.4202,,0.0,0.0,0.0,0.0,0,,,False,False,False,False,,,False,False,False,False,69480.0,-5891.583131529712,False,False,False,False,10401.81856476211,False,False,False,False
2024-03-28 17:00:00+00:00,17.28,17.525,17.265,17.3,25110.0,,,,,,,,,,,,,,,17.363333333333337,16.622471004261424,15.698229569746138,,,,,,,,,,,,,16.456873412888324,16.154945554336912,15.69208897672641,15.65132671627011,,,,16.23418122393752,16.561344635780298,15.988808665055439,"rgba(38, 166, 154, 1.0)",1.075855988554282,16.112863323530945,1.10343455731869,66.80181709737727,10.961952998141768,True,False,True,False,True,9.797884618010475,15.4684,,0.0,0.0,0.0,0.0,0,,,False,False,False,False,,,False,False,False,False,94590.0,-4333.729129490492,False,False,False,False,10629.852385463473,False,False,False,False
2024-03-29 17:00:00+00:00,17.3,17.3,17.3,17.3,0.0,,,,,,,,,,,,,,,17.363333333333337,16.622471004261424,15.698229569746138,,,,,,,,,,,,,16.456873412888324,16.154945554336912,15.69208897672641,15.65132671627011,,,,16.23418122393752,16.561344635780298,15.988808665055439,"rgba(38, 166, 154, 1.0)",1.0928972899986944,16.112863323530945,1.0862289506367737,69.01340710818522,12.918214665211757,True,False,True,False,True,9.797884618010453,15.5226,,0.0,0.0,0.0,0.0,0,,,False,False,False,False,,,False,False,False,False,94590.0,-2800.0279026766852,False,False,False,False,10465.04847251055,False,False,False,False
2024-04-01 17:00:00+00:00,17.3,17.32,17.07,17.07,12778.0,,,,,,,,,,,,,,,17.292509325731984,16.641818034025924,15.71945038308207,,,,,,,,,,,,,16.520332876963042,16.17962228141202,15.710052612624397,15.667757730531909,,,,16.247363320624476,16.551259247613327,16.01944137538284,"rgba(38, 166, 154, 0.5)",1.1040920692122107,16.127024699126263,0.8540730679702887,67.50532416487889,12.918214665211757,True,False,True,False,True,8.085259624146897,15.576999999999998,,0.0,0.0,0.0,0.0,0,,,False,False,False,False,,,False,False,False,False,81812.0,-1488.2135165886748,False,False,False,False,10500.908186115037,False,False,False,False
2024-04-02 17:00:00+00:00,16.465,16.51,16.39,16.41,8071.0,,,,,,,,,,,,,,,17.14221218912509,16.637201805107157,15.725996751687482,,,,,,,,,,,,,16.515779717434885,16.18357351906732,15.715651225339506,15.673034175207983,,,,16.22763562613849,16.501803581973242,16.022009659262423,#000000,1.1074438956362465,16.112901583503188,0.26827401159326797,60.43164154365977,17.103051729602598,True,False,True,False,False,3.4461068133725696,15.6166,,0.0,0.0,0.0,0.0,0,,,False,False,False,False,,,False,False,False,False,73741.0,-321.86912098264884,False,False,False,False,10463.23519098147,False,False,False,False
2024-04-03 17:00:00+00:00,16.515,16.56,16.4,16.475,4638.0,,,,,,,,,,,,,,,17.081357392730794,16.635173775106146,15.729922242147147,,,,,,,,,,,,,16.51464417724774,16.18615445512155,15.719013280995057,15.676197311445028,,,,16.220351804970495,16.48215113666136,16.02400230620234,#000000,1.1108014799809782,16.10796944839674,0.3304195738103858,56.258888361670245,13.404433942448144,False,False,True,False,False,3.845371771999403,15.660400000000003,,0.0,0.0,0.0,0.0,0,,,False,False,False,False,,,False,False,False,False,78379.0,898.299392520958,False,False,False,False,10372.921467090284,False,False,False,False
2024-04-04 17:00:00+00:00,16.45,16.52,16.13,16.13,5715.0,,,,,,,,,,,,,,,16.997999360704647,16.629363770947425,15.733308527282553,,,,,,,,,,,,,16.50547184458268,16.186942694471167,15.721935957851414,15.679009311435834,,,,16.20771878103939,16.453557219644875,16.023339952085273,#000000,1.1120623159673195,16.09878201536898,0.028072154035599487,51.02823276089268,8.714468731211667,False,True,False,False,False,1.5324899972445039,15.6941,,0.0,0.0,0.0,0.0,0,,,False,False,False,False,,,False,False,False,False,72664.0,2010.9459135671448,False,False,False,False,10300.705630391209,False,False,False,False
2024-04-05 17:00:00+00:00,16.37,16.465,16.295,16.41,7336.0,,,,,,,,,,,,,,,16.92792200854701,16.624698284069524,15.738649761311592,,,,,,,,,,,,,16.500368731563416,16.189687333983123,15.726536976657798,15.683378283747986,,,,16.19874876855435,16.430423351309376,16.02499283148808,#000000,1.1152650555559194,16.09280941306605,0.28440825376335527,49.97398707664943,7.80424002588628,False,True,False,False,False,3.2749426791443383,15.735199999999999,,0.0,0.0,0.0,0.0,0,,,False,False,False,False,,,False,False,False,False,80000.0,3220.0785350622277,False,False,False,False,10254.74120201305,False,False,False,False
2024-04-08 17:00:00+00:00,16.32,16.54,16.28,16.435,8168.0,,,,,,,,,,,,,,,16.86996388919832,16.620314927936104,15.744749737486229,,,,,,,,,,,,,16.496521430827084,16.19307733219098,15.731801427122022,15.68837254569182,,,,16.192114470064652,16.411676184873553,16.027443183957978,#000000,1.1186228663482258,16.08879840323921,0.3094891112774883,49.48290689271229,7.141228608880823,False,True,False,False,False,3.4295945050445233,15.7721,,0.0,0.0,0.0,0.0,0,,,False,False,False,False,,,False,False,False,False,88168.0,4537.100573278317,False,False,False,False,10222.388625237654,False,False,False,False
2024-04-09 17:00:00+00:00,16.21,16.21,15.97,16.14,11005.0,,,,,,,,,,,,,,,16.768539299614027,16.606024123494493,15.749073726870444,,,,,,,,,,,,,16.473351631833808,16.191384992484025,15.73560589684426,15.692167517032734,,,,16.173735312596257,16.374545716659654,16.023127509548708,#000000,1.1194954099829872,16.075336981339344,0.05776086090575321,46.90456114166839,4.404348575130832,False,True,False,True,False,1.4449225871161389,15.8078,,0.0,0.0,0.0,0.0,0,,,False,False,False,False,,,False,False,False,False,77163.0,5663.083510126715,False,False,False,False,10234.522134923891,False,False,False,False
2024-04-10 17:00:00+00:00,15.815,15.865,15.64,15.655,5338.0,,,,,,,,,,,,,,,16.705050571505275,16.594226263825625,15.748906211209619,,,,,,,,,,,,,16.452242854193347,16.186949127842066,15.735529449300042,15.692289460976427,,,,16.159313419836057,16.34939434884684,16.01675272307797,#000000,1.1157835569437067,16.0641064082393,-0.36665391391848734,42.33588964098746,-0.1089092137523906,False,True,False,True,False,0.0,15.8401,,0.0,0.0,0.0,0.0,0,,,False,False,False,False,,,False,False,False,False,71825.0,6688.849657256533,False,False,False,False,10158.607063064606,False,False,False,False
2024-04-11 17:00:00+00:00,15.48,15.53,14.15,15.015,15525.0,,,,,,,,,,,,,,,16.43452392204519,16.530998496677558,15.734887699194989,,,,,,,,,,,,,16.335152653539318,16.15262079949392,15.723769342732387,15.68229961692344,,,,16.084893218658113,16.233470039305914,15.973460603172267,"rgba(239, 83, 80, 0.5)",1.1107086245495046,16.00367495376368,-0.890129897176841,36.71019605712938,-5.438776709484543,False,True,False,True,False,0.0,15.859300000000001,,0.0,0.0,0.0,0.0,0,,,False,False,False,False,,,False,False,False,False,56300.0,7458.014778849454,False,False,False,False,10241.806953559728,False,False,False,False
2024-04-12 17:00:00+00:00,14.135,14.44,13.805,14.26,33512.0,,,,,,,,,,,,,,,15.880975866643343,16.355018084575953,15.681070319117925,,,,,,,,,,,,14.168333333333331,16.032017755884414,16.044721029149205,15.677993946174489,15.64226745764102,,,,15.685299724064961,15.972354756779074,15.513066704436492,"rgba(239, 83, 80, 1.0)",1.1097116620874885,15.683172155356363,-1.2824702163436055,30.95447842869349,-10.743634968011683,False,True,False,True,False,0.0,15.865,,0.0,0.0,0.0,0.0,0,,,False,False,False,False,,,False,False,False,False,22788.0,7695.688968324656,False,False,False,False,10602.585140326244,False,False,False,False
2024-04-15 17:00:00+00:00,14.49,14.505,14.1,14.31,19154.0,,,,,,,,,,,,,,,15.687907483210747,16.271308914456828,15.654571165256613,,,,,,,,,,,,14.218037380220002,15.904149854979465,15.992281051696747,15.65528152527788,15.622358165647903,,,,15.625736942593273,15.87126252097473,15.478421595564399,"rgba(239, 83, 80, 1.0)",1.106645519715464,15.631078518534448,-1.1937684606305705,27.58188188914258,-13.822497320997705,False,True,False,True,False,0.0,15.8778,,0.0,0.0,0.0,0.0,0,,,False,False,False,False,,,False,False,False,False,41942.0,8226.639526955281,False,False,False,False,10735.165215670024,False,False,False,False
2024-04-16 17:00:00+00:00,14.07,14.15,13.995,14.06,18533.0,,,,,,,,,,,,,,,15.516275204946549,16.18757858397763,15.625555784209023,,,,,,,,,,,,14.179069626446063,15.781425250331848,15.937758373395969,15.630281091042619,15.600289798215005,,,,15.557279214070586,15.776469857711069,15.4257648278863,"rgba(239, 83, 80, 1.0)",1.1096266233482532,15.571417913995239,-1.3620959358694875,24.71752963529348,-16.556249301654745,False,True,False,True,False,0.0,15.873400000000002,,0.0,0.0,0.0,0.0,0,,,False,False,False,False,,,False,False,False,False,23409.0,8462.024960645896,False,False,False,False,10856.06187899297,False,False,False,False
2024-04-17 17:00:00+00:00,14.315,14.4,14.255,14.3,9293.0,,,,,,,,,,,,,,,15.455830446601803,16.152620259889755,15.613674744809385,,,,,,,,,,,,14.195147965015154,15.733972102492507,15.915068760437574,15.619998694170881,15.591225916705843,,,,15.534692361265364,15.740708483766982,15.411082687764392,"rgba(239, 83, 80, 1.0)",1.1142308380045687,15.551334932191807,-1.1230481956797855,25.168255710674945,-16.556249301654745,False,True,False,True,False,0.0,15.8804,,0.0,0.0,0.0,0.0,0,,,False,False,False,False,,,False,False,False,False,32702.0,8837.83852714751,False,False,False,False,10831.828361489204,False,False,False,False
2024-04-18 17:00:00+00:00,14.215,14.36,14.1,14.33,2741.0,,,,,,,,,,,,,,,15.438343355607037,16.142255809469674,15.610064480972389,,,,,,,,,,,,14.1973934216797,15.72003675970675,15.908270954390078,15.616869728077184,15.588462462692737,,,,15.527712121574444,15.730221215349701,15.40620666530929,"rgba(239, 83, 80, 1.0)",1.1176882432096222,15.545137908548005,-1.0871885930002632,25.767966626212832,-16.556249301654745,False,True,False,True,False,0.0,15.8896,,0.0,0.0,0.0,0.0,0,,,False,False,False,False,,,False,False,False,False,35443.0,9250.321650757627,False,False,False,False,10706.38916208627,False,False,False,False
2024-04-19 17:00:00+00:00,14.6,14.68,14.505,14.635,2959.0,,,,,,,,,,,,,,,15.425382626907387,16.133215258033342,15.607176776366316,,,,,,,,,,,,14.211443908173997,15.708763042176402,15.902513666552565,15.614360773672177,15.586261707152133,,,,15.52363971987929,15.721924887102348,15.404668619545452,"rgba(239, 83, 80, 0.5)",1.1170204495373786,15.541388668801005,-0.8114342662002225,29.136357286250544,-16.556249301654745,False,True,False,True,True,0.0,15.9017,,0.0,0.0,0.0,0.0,0,,,False,False,False,False,,,False,False,False,False,38402.0,9702.285656172238,False,False,False,False,10586.27460143377,False,False,False,False
2024-04-22 17:00:00+00:00,14.6,14.785,14.6,14.65,10011.0,,,,,,,,,,,,,,,15.387967935216732,16.10480241143108,15.598220108163435,,,,,,,,,,,,14.26002898385012,15.674631992879734,15.88446413738255,15.606561194253464,15.579428043924402,,,,15.512013100887689,15.696996818270415,15.401022870458053,"rgba(239, 83, 80, 0.5)",1.1198732312427404,15.530559862620313,-0.7863031618705111,31.525201541518282,-16.556249301654745,False,True,False,True,True,0.0,15.9017,,0.0,0.0,0.0,0.0,0,,,False,False,False,False,,,False,False,False,False,48413.0,10302.451770030033,False,False,False,False,10577.35561536503,False,False,False,False
2024-04-23 17:00:00+00:00,14.93,15.0,14.79,14.87,11193.0,,,,,,,,,,,,,,,15.361385288358287,16.078772607722563,15.59063043081199,,,,,,,,,,,,14.325338265236443,15.646492618742998,15.868282184321908,15.59991622224073,15.573646880385144,,,,15.505558062227507,15.676929442297613,15.402735234185446,"rgba(239, 83, 80, 0.5)",1.121228681740152,15.524094414449824,-0.5833728882449447,35.23179587084221,-22.27293577136044,False,True,False,True,True,0.0,15.918299999999999,,0.0,0.0,0.0,0.0,0,,,False,False,False,False,,,False,False,False,False,59606.0,11066.847866618715,False,False,False,False,10586.900489545416,False,False,False,False
2024-04-24 17:00:00+00:00,14.86,14.98,14.84,14.91,5179.0,,,,,,,,,,,,,,,15.350575451965778,16.067329822213317,15.58728779970806,,,,,,,,,,,,14.35223556147753,15.634520868904731,15.861144873387873,15.596982161157241,15.571094212289891,,,,15.502646343888053,15.668397691295718,15.403195535443453,"rgba(239, 83, 80, 0.5)",1.122826529083819,15.52119030589545,-0.544331907079321,38.08444880390839,-19.35070469605892,False,True,False,True,True,0.0,15.931499999999998,,0.0,0.0,0.0,0.0,0,,,False,False,False,False,,,False,False,False,False,64785.0,11899.687434578114,False,False,False,False,10503.05707110285,False,False,False,False
2024-04-25 17:00:00+00:00,14.87,14.94,14.75,14.75,4417.0,,,,,,,,,,,,,,,15.339822137432256,16.056945736463177,15.584059612271409,,,,,,,,,,,,14.369644177949487,15.6232920620179,15.854530999991908,15.594150094896479,15.568616513011687,,,,15.498882666754287,15.660275828722282,15.402046769573492,"rgba(239, 83, 80, 0.5)",1.1249703219308622,15.517624479270683,-0.6823508712240139,38.783241285149465,-18.37985531191264,False,True,False,True,True,0.0,15.941399999999998,,0.0,0.0,0.0,0.0,0,,,False,False,False,False,,,False,False,False,False,60368.0,12651.134141018763,False,False,False,False,10408.699597132263,False,False,False,False
2024-04-26 17:00:00+00:00,14.7,14.845,14.69,14.795,1369.0,,,,,,,,,,,,,,,15.33635004916421,16.05366826111564,15.583017191026777,,,,,,,,,,,,14.374351926169371,15.619719153251907,15.852426426751943,15.593235453726692,15.567814742205039,,,,15.497572900426448,15.657678500435543,15.401509540420992,"rgba(239, 83, 80, 0.5)",1.1270744357777733,15.516397442074247,-0.6400619330669354,39.75584877196941,-17.04386829203287,False,True,False,True,True,0.0,15.951300000000002,,0.0,0.0,0.0,0.0,0,,,False,False,False,False,,,False,False,False,False,61737.0,13412.155317126999,False,False,False,False,10268.549215781375,False,False,False,False
2024-04-29 17:00:00+00:00,15.09,15.14,15.0,15.105,2700.0,,,,,,,,,,,,,,,15.333290380950265,16.048785394091848,15.581743818043849,,,,,,,,,,,,14.390127029624182,15.615277794762358,15.84946970751793,15.59210908945606,15.566845984531065,,,,15.497206149872195,15.654606531028653,15.40276592117832,#000000,1.1274245145623,15.476409164829324,-0.3294315140677206,43.60192156517225,-13.077851194431943,False,True,False,True,True,0.0,15.9674,,0.0,0.0,0.0,0.0,0,,,False,False,False,False,,,False,False,False,False,64437.0,14203.238180427355,False,False,False,False,10151.207367474686,False,False,False,False
2024-04-30 17:00:00+00:00,14.78,14.785,14.5,14.53,6435.0,,,,,,,,,,,,,,,15.313018088358278,16.031703872782174,15.575866778871253,,,,,,,,,,,,14.400972135073516,15.59578582372147,15.838194940536955,15.58695618931576,15.562299463675942,,,,15.488099661541918,15.640196246670568,15.396841710464727,"rgba(239, 83, 80, 0.5)",1.1316483353740936,15.438342641451824,-0.802672184509996,41.79572938256118,-13.077851194431943,False,True,False,True,True,0.0,15.9661,,0.0,0.0,0.0,0.0,0,,,False,False,False,False,,,False,False,False,False,58002.0,14882.288751273443,False,False,False,False,10093.591749374304,False,False,False,False
2024-05-01 17:00:00+00:00,14.1,14.12,13.77,13.77,18743.0,,,,,,,,,,,,,,,15.206048723006688,15.960248381172429,15.546772720784501,,,,,,,,,,,,14.33505519503461,15.504850352379217,15.78802115225638,15.56149102991502,15.539543010733206,,,,15.430253820660257,15.571023274987873,15.345792148063689,"rgba(239, 83, 80, 1.0)",1.1445679581443877,15.339217309342864,-1.3710127897402724,37.086416150291384,-13.077851194431943,False,True,False,True,False,0.0,15.909600000000001,,0.0,0.0,0.0,0.0,0,,,False,False,False,False,,,False,False,False,False,39259.0,15260.222259005637,False,False,False,False,10227.691102097184,False,False,False,False
2024-05-02 17:00:00+00:00,13.505,13.88,13.505,13.87,16525.0,,,,,,,,,,,,,,,15.115848520787047,15.897233208155278,15.519921111365571,,,,,,,,,,,13.751666666666667,14.2758252951103,15.42629396388799,15.742885126371325,15.537904440208488,15.518388823891344,,,,15.198440795160444,15.511000946769299,15.04216071935602,"rgba(239, 83, 80, 1.0)",1.156645767913597,15.15616909804951,-1.1119818476226762,34.89127098345167,-8.46425320021649,False,True,False,True,False,0.0,15.840399999999999,,0.0,0.0,0.0,0.0,0,,,False,False,False,False,,,False,False,False,False,55784.0,15888.497882897022,False,False,False,False,10325.3237981887,False,False,False,False
2024-05-03 17:00:00+00:00,13.745,13.815,13.545,13.59,7038.0,,,,,,,,,,,,,,,15.07812577852858,15.870253207167586,15.508083793780731,,,,,,,,,,,13.72129999009747,14.24988591614547,15.393030545319087,15.723312795068695,15.52748336299302,15.509020737513223,,,,15.175610680734874,15.485487593158965,15.020672224522828,"rgba(239, 83, 80, 1.0)",1.171559625010591,15.1332013237676,-1.3172196197471813,32.311184783028445,-11.037837609100023,False,True,False,True,False,0.0,15.7599,,0.0,0.0,0.0,0.0,0,,,False,False,False,False,-0.34282825441539394,-0.34282825441539394,False,False,False,False,48746.0,16397.916520371484,True,False,False,False,10274.357537751664,True,False,False,False
2024-05-06 17:00:00+00:00,14.49,14.56,14.25,14.43,13457.0,,,,,,,,,,,,,,,15.046948464793823,15.837558940750744,15.494991401818995,,,,,,,,,,,13.972858409868541,14.261888120092326,15.359164487496956,15.700300307905463,15.515847044622225,15.498616133981683,,,,15.187574812370084,15.459832935787853,15.0514457506612,"rgba(239, 83, 80, 0.5)",1.1706562531601945,15.148043596264737,-0.6133684369996516,37.15811873093175,-11.037837609100023,False,True,False,True,True,0.0,15.710799999999999,,0.0,0.0,0.0,0.0,0,0.7891440501043842,0.901404441070412,False,False,False,False,-0.20936288191669383,-0.27609556816604386,False,False,False,False,62203.0,17108.072853388978,False,False,False,False,10323.70083174001,False,False,False,False
2024-05-07 17:00:00+00:00,14.7,14.96,14.62,14.895,6464.0,,,,,,,,,,,,,,,15.042058755698855,15.826760699779255,15.491164577777544,,,,,,,,,,,14.099531283537239,14.281073749624449,15.350439820663906,15.692976112189864,15.512398517820644,15.495557496653419,,,,15.19910677930502,15.453328011085219,15.071996163414921,#000000,1.166840366734646,15.161926894455206,-0.22876042178947778,42.94303610702414,-14.37689883343917,False,True,False,True,True,0.0,15.6657,,0.0,0.0,0.0,0.0,0,0.7982173335861937,0.8917124976294329,False,False,False,False,-0.14163727429890116,-0.2088664212324725,False,False,False,False,68667.0,17907.436064964342,False,False,False,False,10263.860508767299,False,False,False,False
2024-05-08 17:00:00+00:00,14.685,14.875,14.645,14.815,5671.0,,,,,,,,,,,,,,,15.037058097441696,15.81704251899434,15.487610364702993,,,,,,,,,,,14.177844505475875,14.295505917957218,15.342357614211299,15.686310560275317,15.50919780395522,15.492711711528916,,,,15.205071010504765,15.44723699371301,15.08398801890064,#000000,1.1617415747430617,15.16987580126487,-0.30546879700277385,46.306463698268054,-11.342547416840887,False,False,False,True,True,0.0,15.6242,,0.0,0.0,0.0,0.0,0,0.8022968868640851,0.8907555049354594,False,False,False,False,-0.14686076322486694,-0.1778635922286697,False,False,False,False,62996.0,18606.483567833115,False,False,False,False,10192.653369096488,False,False,False,False
2024-05-09 17:00:00+00:00,15.01,15.315,14.97,15.28,4558.0,,,,,,,,,,,,,,,15.03932894979515,15.812393219039212,15.486415805041347,,,,,,,,,,,14.26359298493847,14.31585833933477,15.340628381179926,15.683410731342951,15.508077259215728,15.491744118168082,,,,15.215716643117291,15.446045991291903,15.100551969029988,#000000,1.156626552514676,15.182396737018346,0.0843861510609884,50.90847789633877,-7.1053829457460935,True,False,True,False,True,0.0,15.5998,,0.0,0.0,0.0,0.0,0,0.8048272598201609,0.8856601987695221,False,False,False,False,-0.08075649923025398,-0.12931004572946184,False,False,False,False,67554.0,19365.359791587638,False,False,False,False,10105.294402133752,False,False,False,False
2024-05-10 17:00:00+00:00,15.35,15.46,15.32,15.39,2142.0,,,,,,,,,,,,,,15.389999999999999,15.04178542929838,15.810930391292985,15.486235289764437,,,,,,,,,,,14.306789902425924,14.32724319706011,15.340887501521173,15.682609980918315,15.507883792252441,15.491592348415416,,,,15.23859578329492,15.43223777758895,15.109501120432228,#000000,1.150224811555167,15.204810430120329,0.16100293439965468,54.48925515196632,-3.7956328072625,True,False,True,False,True,0.0,15.5781,,0.0,0.0,0.0,0.0,0,0.8097050428163654,0.8898192197906755,False,False,False,False,-0.038390950473120425,-0.08385049810129114,False,False,False,False,69696.0,20145.67979481884,False,False,False,False,9981.8324734185,False,False,False,False
2024-05-13 17:00:00+00:00,15.04,15.07,14.79,14.79,3529.0,,,,,,,,,,,,,,15.07470698877329,15.039977589687053,15.805667833269565,15.484381301182816,,,,,,,,,,,14.341052022991603,14.336787081211726,15.336965030672856,15.679032295366149,15.506202398207765,15.49010116640604,,,,15.209487370776888,15.35118342822818,15.115023332476023,#000000,1.1485349069281414,15.18410225107027,-0.3431347612449429,52.94379105253627,-3.7956328072625,True,False,True,False,True,0.0,15.543,,0.0,0.0,0.0,0.0,0,0.8076741328796901,0.8907475663925905,False,False,False,False,-0.11735753951637765,-0.10060401880883439,False,False,False,False,66167.0,20859.188635209244,False,False,False,False,9881.788559101935,False,False,False,False
2024-05-14 17:00:00+00:00,14.78,14.91,14.73,14.85,10367.0,,,,,,,,,,,,,,14.916527829737706,15.033168034727046,15.78967363271089,15.47852279292451,,,,,,,,,,,14.413723722001595,14.360460113894156,15.324511428682003,15.668012914487793,15.50089649969056,15.48538121496788,,,,15.197087818382414,15.304473072525038,15.125497648953996,#000000,1.143802973961532,15.178206881693749,-0.28694354636709224,52.26576688599477,-3.7956328072625,True,False,True,False,True,0.0,15.521499999999998,,0.0,0.0,0.0,0.0,0,0.8118070690798826,0.8888467734293567,False,False,False,False,-0.13642145200001765,-0.11851273540442603,False,False,False,False,76534.0,21722.364005205996,False,False,False,False,9889.311217100354,False,False,False,False
2024-05-15 17:00:00+00:00,15.04,15.17,14.99,15.005,2857.0,,,,,,,,,,,,,,14.93746537884802,15.033361423656435,15.786369522304323,15.477480427729914,,,,,,,,,,,14.438956841303071,14.369527181089978,15.322699166039035,15.66582812723505,15.49993436621392,15.484534801570664,,,,15.201615723599042,15.308669188134672,15.130246747241953,#000000,1.1334894619538212,15.183100161623912,-0.15712555573028095,52.7581579755752,-3.7956328072625,True,False,True,False,True,0.0,15.490599999999999,,0.0,0.0,0.0,0.0,0,0.8167360848163574,0.8812003029155622,False,False,False,False,-0.0914947740993604,-0.10500375475189322,False,False,False,False,79391.0,22616.451384970245,False,False,False,False,9780.283136215077,False,False,False,False
2024-05-16 17:00:00+00:00,15.06,15.285,15.045,15.24,2450.0,,,,,,,,,,,,,,14.96645154993363,15.034542306575872,15.784078339929874,15.476874959167045,,,,,,,,,,,14.46347195946246,14.37861071320442,15.32193836535386,15.664378286907263,15.499361934112017,15.484038906416467,,,,15.207374732106292,15.315486788901605,15.135300027576081,#000000,1.122275046180428,15.188956071591084,0.045482547778853126,54.468246583169204,-2.69175939702545,True,False,True,False,True,0.0,15.4658,,0.0,0.0,0.0,0.0,0,0.815042573320719,0.8807947019867549,False,False,False,False,-0.07689539328237045,-0.09094957401713183,False,False,False,False,81841.0,23534.66144101722,False,False,False,False,9666.635335653602,False,False,False,False
2024-05-17 17:00:00+00:00,15.09,15.09,14.64,14.645,18474.0,,,,,,,,,,,,,,14.885360213298508,15.021478340199833,15.756138205558823,15.466163270573306,,,,,,,,,,,14.528295431866455,14.410436061909065,15.29996404623257,15.644777638103394,15.48964142926678,15.475359122970474,,,,15.197761375997922,15.282285007407616,15.141412288391457,#000000,1.1130421667056767,15.184868529512595,-0.48503870352950784,51.684275603590436,-2.69175939702545,True,False,False,False,True,0.0,15.431499999999998,,0.0,0.0,0.0,0.0,0,0.809986784972626,0.8786105342646782,False,False,False,False,-0.12861143779243248,-0.10978050590478215,False,False,False,False,63367.0,24152.217077590598,False,False,False,False,9803.183625023312,False,False,False,False
2024-05-20 17:00:00+00:00,14.535,14.625,14.5,14.52,13792.0,,,,,,,,,,,,,,14.79865646353671,15.003211942064361,15.731274487268658,15.455575009772419,,,,,,,,,,,14.530870463891269,14.4179366797732,15.277408386931127,15.626696283808025,15.48008688676607,15.466763415001996,,,,15.178848001881383,15.247179475660536,15.133293686028614,"rgba(239, 83, 80, 0.5)",1.0988666069272568,15.125298856584509,-0.5508392490669063,49.12335242302912,-2.69175939702545,True,False,False,False,False,0.0,15.3938,,0.0,0.0,0.0,0.0,0,0.8068633011911515,0.8872187559084894,False,False,False,False,-0.18146199316866754,-0.14562124953672484,False,False,False,False,49575.0,24546.368750806247,False,False,False,False,9865.025739364037,False,False,False,False
2024-05-21 17:00:00+00:00,14.56,14.6,14.52,14.58,3393.0,,,,,,,,,,,,,,14.784847934647859,14.999104804421771,15.725406195036781,15.45305938881869,,,,,,,,,,,14.531967463593364,14.419900599064945,15.27219973908667,15.622413159897256,15.47781167296665,15.464714867239143,,,,15.175142582477312,15.240604580731276,15.131501250308004,#000000,1.095032139887862,15.122784454524927,-0.4956790168556255,47.86714176385547,-2.69175939702545,True,False,False,True,False,0.0,15.3629,,0.0,0.0,0.0,0.0,0,0.806494242023787,0.8846516896356429,False,False,False,False,-0.18190257865415632,-0.16376191409544058,False,False,False,False,52968.0,24987.014196530177,False,False,False,False,9764.684255032811,False,False,False,False
2024-05-22 17:00:00+00:00,14.845,14.88,14.6,14.69,16076.0,,,,,,,,,,,,,,14.771316069147966,14.987336516987156,15.702040487756056,15.44340426959098,,,,,,,,,,,14.556230614728992,14.43776658047408,15.25378141101242,15.605524336232348,15.469011380865627,15.456805627262645,,,,15.168321729405827,15.22602433587054,15.129853325096017,#000000,1.0844381282738342,15.12455630262411,-0.40072023593989714,47.89442124260093,-2.69175939702545,True,False,False,True,False,0.0,15.333300000000001,,0.0,0.0,0.0,0.0,0,0.8083905559213621,0.8814786943843478,False,False,False,False,-0.15034749773885792,-0.15705470591714926,False,False,False,False,69044.0,25670.068239994824,False,False,False,False,9862.53411154393,False,False,False,False
2024-05-23 17:00:00+00:00,14.925,14.925,14.7,14.705,1672.0,,,,,,,,,,,,,,14.771435747538527,14.986405620685648,15.699801750311691,15.442488020023845,,,,,,,,,,,14.559099638033704,14.43982931324868,15.252122009192826,15.60390814879086,15.468172492000146,15.456051807866235,,,,15.167931454769214,15.225032784639929,15.129863901522073,#000000,1.0719058466787776,15.124866484483714,-0.3917008996495729,48.03805690003303,-2.69175939702545,True,False,False,True,False,0.0,15.31,,0.0,0.0,0.0,0.0,0,0.8125763699595826,0.8803458971707867,False,False,False,False,-0.1377247052800115,-0.1473897055985804,False,False,False,False,70716.0,26368.454778909632,False,False,False,False,9735.549086558753,False,False,False,False
2024-05-24 17:00:00+00:00,15.02,15.1,15.02,15.07,1383.0,,,,,,,,,,,,,,14.776738096801735,14.986685765895766,15.698530647982615,15.442057525344826,,,,,,,,,,,14.564470188220072,14.4429526260442,15.251580453690641,15.603037679228999,15.467767155769717,15.45569210911304,,,,15.16895122480916,15.226003009006234,15.130916702011113,#000000,1.059410519415704,15.127044554163934,-0.053845561393326045,50.979841347027204,-2.69175939702545,True,False,False,False,True,0.0,15.292200000000001,,0.0,0.0,0.0,0.0,0,0.8181220039477396,0.871980449290347,False,False,False,False,-0.09493535303168316,-0.12116252931513177,False,False,False,False,72099.0,27077.455480011806,False,False,False,False,9606.052201495826,False,False,False,False
2024-05-27 17:00:00+00:00,15.07,15.07,15.07,15.07,0.0,,,,,,,,,,,,,,14.776738096801735,14.986685765895766,15.698530647982615,15.442057525344826,,,,,,,,,,,14.564470188220072,14.4429526260442,15.251580453690641,15.603037679228999,15.467767155769717,15.45569210911304,,,,15.16895122480916,15.226003009006234,15.130916702011113,#000000,1.055937523745632,15.127044554163934,-0.054022660319508975,52.94103097835666,-2.14756905542756,True,False,True,False,True,0.0,15.279499999999999,,0.0,0.0,0.0,0.0,0,0.8172694565423216,0.875970460140125,False,False,False,False,-0.0932147885020127,-0.10718865890857224,False,False,False,False,72099.0,27775.463922182164,False,False,False,False,9457.12115961217,False,False,False,False
2024-05-28 17:00:00+00:00,15.305,15.47,15.15,15.35,5487.0,,,,,,,,,,,,,,14.813482700742446,14.99148043648672,15.695581146681755,15.441525108979071,,,,,,,,,,,14.595237410869323,14.46010850315251,15.252387882727959,15.601262083729106,15.467195686540606,15.455212874906627,,,,15.177347383481612,15.235517348222498,15.138567406987688,#000000,1.0420361996789962,15.141192714151007,0.2003839078846941,56.236246143961054,1.130901575292107,True,False,True,False,True,0.19582297262416404,15.2704,,0.0,0.0,0.0,0.0,0,0.8142505677517035,0.8746214988644968,False,False,False,False,-0.052062498648549387,-0.07962557877856082,False,False,False,False,77586.0,28547.720295481664,False,False,False,False,9395.568893571672,False,False,False,False
2024-05-29 17:00:00+00:00,15.41,15.47,15.24,15.24,5444.0,,,,,,,,,,,,,,14.844945424543832,14.996011546737243,15.692648639734783,15.44097203247852,,,,,,,,,,,14.62313547001565,14.476355228591927,15.253097613972319,15.599480816360947,15.466607079025213,15.454716950448246,,,,15.184797080190867,15.243644410873594,15.145565526402384,#000000,1.0318558894422127,15.152967021221581,0.08434606001567345,57.22720709515062,2.216263711783249,True,False,True,False,True,0.0,15.2524,,0.0,0.0,0.0,0.0,0,0.8116490166414524,0.8765128593040848,False,False,False,False,-0.04437018713698653,-0.06199788295777367,False,False,False,False,72142.0,29223.600600978072,False,False,False,False,9334.304259562809,False,False,False,False
2024-05-30 17:00:00+00:00,15.355,15.65,15.355,15.39,12666.0,,,,,,,,,,,,,,14.923692579446248,15.01073806879409,15.688622082265619,15.441217137822424,,,,,,,,,,,14.692626532851074,14.518139823947886,15.258404842365723,15.597550607524491,15.466592590272672,15.454801880685865,,,,15.20523861459761,15.266067467082095,15.164686046274618,#000000,1.0210113692884226,15.182017726365055,0.20370221124951346,58.991421364547115,4.064911048167801,True,False,True,False,True,0.44750094171507726,15.238599999999998,,0.0,0.0,0.0,0.0,0,0.8115421002838222,0.8763481551561021,False,False,False,False,-0.019188409221958472,-0.04059314608986607,False,False,False,False,84808.0,30085.374235071435,False,False,False,False,9385.958457088966,False,False,False,False
2024-05-31 17:00:00+00:00,15.31,15.42,15.285,15.32,11105.0,,,,,,,,,,,,,,14.965570311959603,15.019604658606633,15.68332376008434,15.440334685539012,,,,,,,,,,,14.736428360174212,14.547565786862892,15.26019389654465,15.594370550132842,15.465612861103697,15.453988518933087,,,,15.216699338994095,15.277208354047398,15.176359995625232,#000000,1.010800111231132,15.197456809793392,0.12123385112943173,59.31585100540756,4.6079953004697245,True,False,True,False,True,0.014516990555247133,15.2216,,0.0,0.0,0.0,0.0,0,0.8156787762906309,0.8785850860420649,False,False,False,False,-0.04479739175829657,-0.04269526892408132,False,False,False,False,73703.0,30761.61649499281,False,False,False,False,9412.610263955803,False,False,False,False
2024-06-03 17:00:00+00:00,15.34,15.34,15.34,15.34,0.0,,,,,,,,,,,,,,14.965570311959603,15.019604658606633,15.68332376008434,15.440334685539012,,,,,,,,,,,14.736428360174212,14.547565786862892,15.26019389654465,15.594370550132842,15.465612861103697,15.453988518933087,,,,15.216699338994095,15.277208354047398,15.176359995625232,#000000,1.0002288566951913,15.197456809793392,0.1425105757072215,59.70517281873153,5.286638111981361,True,False,True,False,True,0.13976879294749978,15.196200000000001,,0.0,0.0,0.0,0.0,0,0.818243048205523,0.871451938804965,False,False,False,False,-0.04693366311960253,-0.04481446602184193,False,False,False,False,73703.0,31427.37437879137,False,False,False,False,9266.678321878968,False,False,False,False
2024-06-04 17:00:00+00:00,15.35,15.35,15.135,15.18,18951.0,,,,,,,,,,,,,,15.002964231413277,15.028439603406058,15.671598434275813,15.437076121637984,,,,,,,,,,,14.786541172346018,14.586308086168893,15.258831137440668,15.586630298394445,15.462391144821762,15.451172771130054,,,,15.227195300103498,15.285019597683284,15.188645768383642,#000000,0.9946836021914067,15.21131045299069,-0.03147780150563368,57.8578459699482,5.286638111981361,True,False,True,False,True,0.0,15.1616,,0.0,0.0,0.0,0.0,0,0.8096799074431161,0.8763015811801005,False,False,False,False,-0.06361280496670964,-0.05421363549427578,False,False,False,False,54752.0,31788.996481445767,False,False,False,False,9416.822844020378,False,False,False,False
2024-06-05 17:00:00+00:00,15.605,15.65,15.415,15.48,9100.0,,,,,,,,,,,,,,15.036513029683388,15.038445161543029,15.669711583742798,15.437629757470289,,,,,,,,,,,14.820959349466861,14.611249345807256,15.263109449357922,15.58592302442338,15.462722669534513,15.45154208764913,,,,15.237780545867855,15.295574883109875,15.199250987706511,#000000,0.9877844578323447,15.22432285955841,0.2588389991503459,59.38594540532918,5.286638111981361,True,False,True,False,True,1.0327071405670232,15.127,,0.0,0.0,0.0,0.0,0,0.8117227417333462,0.8718789164176227,False,False,False,False,-0.014070704126679608,-0.0341421698104777,False,False,False,False,63852.0,32286.09731119079,False,False,False,False,9411.910861942544,False,False,False,False
2024-06-06 17:00:00+00:00,15.505,15.67,15.48,15.5,10740.0,,,,,,,,,,,,,,15.073370102298144,15.05056635132432,15.668033101346271,15.438564175800979,,,,,,,,,,,14.859465585723818,14.64009018917939,15.268655044068442,15.585509220180684,15.463366992095805,15.452209894007808,,,,15.249983065602567,15.307633432692427,15.211549487542657,#000000,0.9662443454608876,15.238983754331874,0.2701348234474001,60.57200234188542,6.5900679944057,True,False,True,False,True,1.158747500534961,15.091,,0.0,0.0,0.0,0.0,0,0.8204680066025829,0.8695018933877077,False,False,False,False,-0.006821819598092814,-0.020481994704285255,False,False,False,False,74592.0,32942.002779234346,False,False,False,False,9432.501391214753,False,False,False,False
2024-06-07 17:00:00+00:00,15.555,15.68,15.29,15.33,5847.0,,,,,,,,,,,,,15.433333333333334,15.086907359168142,15.055441073436853,15.66625515112411,15.438540602042334,,,,,,,,,,,14.875505725312479,14.653139542953491,15.270369990738429,15.584560841778549,15.463246766494779,15.452140447422138,,,,15.270858257618602,15.336095503820953,15.21649388578331,#000000,0.9358567881508002,15.25707320727228,0.07792516296411102,58.98504717676573,6.5900679944057,True,False,True,False,True,0.04954503945228694,15.0516,,0.0,0.0,0.0,0.0,0,0.8225133430373606,0.8654051431344008,False,False,False,False,-0.022174184182985373,-0.021328089443635314,False,False,False,False,68745.0,33497.08800746327,False,False,False,False,9376.912222358711,False,False,False,False
2024-06-10 17:00:00+00:00,15.26,15.27,15.02,15.03,2728.0,,,,,,,,,,,,,15.329409523809526,15.087248082105482,15.055743653812982,15.66428429597994,15.437844249131247,,,,,,,,,,,14.878481465926752,14.656593974675761,15.26957844134697,15.583175305618969,15.462582034278821,15.451548463958375,,,,15.261499044604077,15.314905960967835,15.216993280967609,#000000,0.9237643902254796,15.250284520423982,-0.23846396630445316,54.51033737583316,8.64724350383247,True,False,True,False,False,0.0,15.010800000000001,,0.0,0.0,0.0,0.0,0,0.8130120952009364,0.8823644166991808,False,False,False,False,-0.0803273708834265,-0.050827730163530906,False,False,False,False,66017.0,34001.272689518104,False,False,False,False,9273.828311934543,False,False,False,False
2024-06-11 17:00:00+00:00,14.91,14.96,14.855,14.955,3808.0,,,,,,,,,,,,,15.204533634821935,15.083395335296164,15.054660819605125,15.660659378824743,15.436341684164892,,,,,,,,,,,14.879273199396762,14.659400182707435,15.267257119768445,15.580515655100875,15.461182438419282,15.450288029302982,,,,15.24886431612806,15.287918170542572,15.216319437449295,#000000,0.9052591585530343,15.240486344195268,-0.3153642153166278,50.7812588780214,5.278067280484244,True,False,False,False,False,0.0,14.981699999999998,,0.0,0.0,0.0,0.0,0,0.7997243009058687,0.8923788893265066,False,False,False,False,-0.12124962936497158,-0.08603867976425124,False,False,False,False,62209.0,34438.601795106966,False,False,False,False,9189.086787718503,False,False,False,False
2024-06-12 17:00:00+00:00,15.13,15.18,14.91,14.92,9196.0,,,,,,,,,,,,,15.118791108639572,15.079094984434048,15.053666790918262,15.652984162254358,15.433309295494206,,,,,,,,,,,14.88434547839232,14.667921622988164,15.26305220504326,15.57495158305519,15.45833060367639,15.44772720617509,,,,15.23947045827917,15.267569268348089,15.216054783221736,#000000,0.8919036327373566,15.233046173610118,-0.3509865439715083,47.93218489012658,2.7643658109370577,True,False,False,True,False,0.0,14.9506,,0.0,0.0,0.0,0.0,0,0.8054037945763386,0.8812953213469752,False,False,False,False,-0.09751725419198012,-0.09177796697811569,False,False,False,False,53013.0,34726.576961074294,False,False,False,False,9189.193969304262,False,False,False,False
2024-06-13 17:00:00+00:00,14.77,14.93,14.73,14.87,6955.0,,,,,,,,,,,,,15.051649844629798,15.069891437755153,15.05063052012116,15.645896755923347,15.430200966901577,,,,,,,,,,,14.88311533513028,14.67114813257377,15.258054927384139,15.569656076148771,15.455447022051496,15.445119513179616,,,,15.230073684709009,15.249653905066207,15.213756834411347,#000000,0.8855885710176711,15.2010119501155,-0.3737762217675414,45.486126949346854,0.5842648391453693,False,False,False,True,False,0.0,14.9254,,0.0,0.0,0.0,0.0,0,0.8042527821939587,0.8816573926868047,False,False,False,False,-0.13468449633016621,-0.11323123165414095,False,False,False,False,46058.0,34902.25793842198,False,False,False,False,9154.555303113499,False,False,False,False
2024-06-14 17:00:00+00:00,15.025,15.11,14.99,15.085,3666.0,,,,,,,,,,,,,15.052790269151139,15.069725610650359,15.050713860004727,15.64321345392268,15.429180353070313,,,,,,,,,,,14.885894338282224,14.674898043375762,15.256830117174447,15.567725356476256,15.454476207192528,15.444249437274987,,,,15.229972458779583,15.249124709359842,15.214012249962702,#000000,0.877707024935784,15.205655791879698,-0.13746704589555345,46.98695315468688,0.5842648391453693,False,False,False,True,False,0.0,14.8989,,0.0,0.0,0.0,0.0,0,0.804224369831623,0.8840290923582744,False,False,False,False,-0.09665647814421004,-0.10494385489917549,False,False,False,False,49724.0,35132.052388989076,False,False,False,False,9069.461422445072,False,False,False,False
2024-06-17 17:00:00+00:00,14.89,15.035,14.89,14.93,14056.0,,,,,,,,,,,,,15.022061426265422,15.061254084049743,15.047926769698915,15.631246180862059,15.424163267467227,,,,,,,,,,,14.889598292447426,14.68472600184588,15.249703354605954,15.558876791268188,15.449767851856885,15.440000975636094,,,,15.223574999636707,15.237330345668672,15.21211221127674,#000000,0.8690242638564095,15.201344219745664,-0.3122400961988549,46.093268854439785,0.5842648391453693,False,False,False,True,False,0.0,14.8688,,0.0,0.0,0.0,0.0,0,0.799439271052368,0.8893561630119153,False,False,False,False,-0.1117418427342139,-0.1083428488166947,False,False,False,False,35668.0,35140.361654276065,False,False,False,False,9146.772098066078,False,False,False,False
2024-06-18 17:00:00+00:00,14.945,14.97,14.73,14.75,9277.0,,,,,,,,,,,,,14.987749446275188,15.050194294562157,15.043710156833999,15.62204760096276,15.419979628958774,,,,,,,,,,,14.886984717146824,14.68774741450739,15.24312999676018,15.551906902590371,15.445879112511834,15.43647276797054,,,,15.215982003552732,15.224736225518575,15.20868681858119,"rgba(239, 83, 80, 0.5)",0.8696440557974205,15.192565949121764,-0.5089047020691164,43.587713306385,-1.2273805365292603,False,True,False,True,False,0.0,14.841000000000001,,0.0,0.0,0.0,0.0,0,0.7950316805793022,0.8926883234436288,False,False,False,False,-0.13121299627939026,-0.11977792254804248,False,False,False,False,26391.0,35004.71263638031,False,False,False,False,9148.791135305364,False,False,False,False
2024-06-19 17:00:00+00:00,14.75,14.75,14.75,14.75,0.0,,,,,,,,,,,,,14.987749446275188,15.050194294562157,15.043710156833999,15.62204760096276,15.419979628958774,,,,,,,,,,,14.886984717146824,14.68774741450739,15.24312999676018,15.551906902590371,15.445879112511834,15.43647276797054,,,,15.215982003552732,15.224736225518575,15.20868681858119,"rgba(239, 83, 80, 0.5)",0.861257236269763,15.192565949121764,-0.5138603549371443,41.917342941015136,-2.9284243204753864,False,True,False,True,False,0.0,14.822899999999999,,0.0,0.0,0.0,0.0,0,0.7876982123017877,0.9004140995859004,False,False,False,False,-0.14860368212143638,-0.13419080233473943,False,False,False,False,26391.0,34871.16670403333,False,False,False,False,9006.949412277374,False,False,False,False
2024-06-20 17:00:00+00:00,14.85,15.25,14.85,15.12,5003.0,,,,,,,,,,,,,14.994822529844502,15.050745124442498,15.04399860516414,15.61872621221085,15.418696973955234,,,,,,,,,,,14.890517810697157,14.692451172351234,15.241751283645131,15.549495460907337,15.44464912112827,15.4353676572266,,,,15.216474722870267,15.225397889123446,15.209038750992619,#000000,0.8511803304558666,15.194352528532583,-0.08735226352418546,45.957777552488835,-2.9284243204753864,False,False,False,True,True,0.0,14.825,,0.0,0.0,0.0,0.0,0,0.7885211478852113,0.8905109489051094,False,False,False,False,-0.09665647814421004,-0.11542364023947474,False,False,False,False,31394.0,34817.25714273049,False,False,False,False,8944.872677203306,False,False,False,False
2024-06-21 17:00:00+00:00,15.01,15.16,14.78,14.94,15023.0,,,,,,,,,,,,,14.987898948724398,15.044691204791278,15.041612341621555,15.606966906303843,15.413656440043946,,,,,,,,,,,14.894260481654118,14.701905459155709,15.235045109204249,15.540709024032429,15.439891480587956,15.43106301010623,,,,15.212518218747794,15.218965168297004,15.207145760790114,#000000,0.8435259705919353,15.191402890365282,-0.29803811516184053,46.470253759090795,-2.9284243204753864,False,False,False,True,True,0.0,14.8386,,0.0,0.0,0.0,0.0,0,0.7877367896311067,0.8953140578265205,False,False,False,False,-0.1104469215444797,-0.11293528089197721,False,False,False,False,16371.0,34531.268659897454,False,False,False,False,9039.107209339689,False,False,False,False
2024-06-24 17:00:00+00:00,14.93,15.02,14.82,14.945,8894.0,,,,,,,,,,,,,14.981625914216586,15.040270141532204,15.039738672945067,15.599869711193993,15.41051950249465,,,,,,,,,,,14.895313470746435,14.706545312606796,15.230783213501935,15.535352596191359,15.436935626658002,15.428382232060255,,,,15.209576035831567,15.2144047884765,15.20555207529413,#000000,0.8345385896755529,15.188696901823352,-0.29201394020388555,46.877881045264544,-2.9284243204753864,False,False,False,True,True,0.0,14.851300000000002,,0.0,0.0,0.0,0.0,0,0.7861666834221374,0.9073087363024026,False,False,False,False,-0.11908691337854325,-0.11601109713526023,False,False,False,False,25265.0,34387.60557989904,False,False,False,False,9036.85748516388,False,False,False,False
2024-06-25 17:00:00+00:00,14.99,15.04,14.84,14.895,24528.0,,,,,,,,,,,,,14.9688813034688,15.029337242710037,15.03473318571086,15.580951158056102,15.402016480547978,,,,,,,,,,,14.897644882525087,14.718230249992184,15.219497751007879,15.520976160798257,15.428905869844268,15.421086833082112,,,,15.202023737976686,15.203183874098755,15.201056957874966,#000000,0.8298421916624066,15.181739676899202,-0.3455351870272857,46.50284718095176,-2.9284243204753864,False,True,False,True,True,0.0,14.868,,0.0,0.0,0.0,0.0,0,0.7796045995561834,0.91234617712326,False,False,False,False,-0.11562886413799633,-0.11581998063662828,False,False,False,False,737.0,33865.890764706804,False,False,False,False,9277.030237331883,False,False,False,False
2024-06-26 17:00:00+00:00,14.82,14.82,14.67,14.775,2931.0,,,,,,,,,,,,,14.963279704887173,15.026262827865718,15.033282490763941,15.578193606431078,15.400665255403686,,,,,,,,,,,14.896318671035646,14.718463779798276,15.217458212551334,15.518826258687497,15.427645126397646,15.419935279309076,,,,15.200030110284642,15.20033677707032,15.199774554629911,#000000,0.824940576620497,15.179562392142934,-0.4904139808473103,44.743362047043455,-2.9284243204753864,False,True,False,True,True,0.0,14.8775,,0.0,0.0,0.0,0.0,1,0.7712809079854074,0.9204499391974057,False,False,False,False,-0.14947547713420534,-0.13264772888541682,False,False,False,False,-2194.0,33306.82269083538,False,False,False,False,9178.642171636815,False,False,False,False
2024-06-27 17:00:00+00:00,14.725,14.81,14.71,14.77,8219.0,,,,,,,,,,,,,14.94959997835696,15.018251908802549,15.029413060223176,15.570635576515794,15.396954645377761,,,,,,,,,,,14.892939687721556,14.719248906952005,15.211934741558926,15.512926527428341,15.4241783148182,15.416767474905308,,,,15.19480462024187,15.19297103385525,15.196332608897391,#000000,0.8235110068349916,15.173941971446197,-0.4905119277016979,43.50691340433914,-2.9284243204753864,False,True,False,True,False,0.0,14.886299999999999,,0.0,0.0,0.0,0.0,1,0.7714401294498382,0.9172734627831717,False,False,False,False,-0.14686076322486663,-0.13975424605514172,False,False,False,False,-10413.0,32628.99598245034,False,False,False,False,9163.763998433144,False,False,False,False
2024-06-28 17:00:00+00:00,14.62,14.63,14.42,14.51,9698.0,,,,,,,,,,,,,14.917509608793104,15.000961066162832,15.020940504630769,15.559261568544272,15.39097126423843,,,,,,,,,,14.52,14.882084061189985,14.715218286125904,15.202144878778943,15.503860882180712,15.418644692817104,15.41169133087294,,,,15.128607345361251,15.17792880247388,15.093377733137942,"rgba(239, 83, 80, 0.5)",0.8232428844799388,15.106010554757674,-0.7239789933127543,39.77337749208571,-5.75695981972202,False,True,False,True,False,0.0,14.883799999999999,,0.0,0.0,0.0,0.0,1,0.7708712350919751,0.918132201334142,False,False,False,False,-0.18807819669901946,-0.1639162213770806,False,False,False,False,-20111.0,31811.32162613328,True,False,False,False,9172.046727139606,False,False,False,False
2024-07-01 17:00:00+00:00,14.48,14.61,14.445,14.57,19462.0,,,,,,,,,,,,,14.868513652307684,14.97105735444496,15.005460378444017,15.537624049200133,15.379499448242358,,,,,,,,,,14.534460791037953,14.863296193576687,14.708447674849811,15.183909449608262,15.486548203913536,15.40800453694976,15.401919287610397,,,,15.112395085015464,15.15243097652783,15.083798019649487,"rgba(239, 83, 80, 0.5)",0.8245274212956604,15.086794456455413,-0.6267765547970782,38.46513951826432,-7.064688043915922,False,True,False,True,False,0.0,14.882200000000001,,0.0,0.0,0.0,0.0,0,0.7779249898083981,0.9159192825112107,False,False,False,False,-0.1876366159865173,-0.17577641868179894,False,False,False,False,-649.0,31308.06082572811,False,False,False,False,9331.58088640876,False,False,False,False
2024-07-02 17:00:00+00:00,14.67,14.725,14.635,14.645,11147.0,,,,,,,,,,,,,14.854605413513838,14.960174301600306,14.999336958328312,15.527164549756822,15.374039816657104,,,,,,,,,,14.571483571918856,14.85732209665759,14.707570932137036,15.17588330766011,15.47820204460428,15.402899945415577,15.397230177626083,,,,15.10882609298966,15.143064207971275,15.08437029657422,"rgba(239, 83, 80, 0.5)",0.8238845749210235,15.081918331031309,-0.5303149789801463,39.058709526453505,-7.064688043915922,False,True,False,True,False,0.0,14.877699999999999,,0.0,0.0,0.0,0.0,0,0.7830439223697652,0.9098059244126661,False,False,False,False,-0.16082985811533196,-0.16830313839856545,False,False,False,False,10498.0,30985.424223778835,False,False,False,False,9359.726919177616,False,False,False,False
2024-07-03 17:00:00+00:00,14.67,14.67,14.67,14.67,0.0,,,,,,,,,,,,,14.854605413513838,14.960174301600306,14.999336958328312,15.527164549756822,15.374039816657104,,,,,,,,,,14.571483571918856,14.85732209665759,14.707570932137036,15.17588330766011,15.47820204460428,15.402899945415577,15.397230177626083,,,,15.10882609298966,15.143064207971275,15.08437029657422,"rgba(239, 83, 80, 0.5)",0.8182878356556357,15.081918331031309,-0.5033905101390983,39.953566082235255,-7.064688043915922,False,True,False,True,False,0.0,14.872900000000001,,0.0,0.0,0.0,0.0,0,0.7788254586450754,0.912268115199344,False,False,False,False,-0.16258026927759014,-0.1654417038380778,False,False,False,False,10498.0,30667.78973968924,False,False,False,False,9214.614873919048,False,False,False,False
2024-07-04 17:00:00+00:00,14.67,14.67,14.67,14.67,0.0,,,,,,,,,,,,,14.854605413513838,14.960174301600306,14.999336958328312,15.527164549756822,15.374039816657104,,,,,,,,,,14.571483571918856,14.85732209665759,14.707570932137036,15.17588330766011,15.47820204460428,15.402899945415577,15.397230177626083,,,,15.10882609298966,15.143064207971275,15.08437029657422,"rgba(239, 83, 80, 0.5)",0.8131364423477013,15.081918331031309,-0.5065795967058264,40.550137119423084,-7.064688043915922,False,True,False,True,True,0.0,14.871300000000002,,0.0,0.0,0.0,0.0,0,0.7950530035335691,0.9229039511725026,False,False,False,False,-0.16258026927759014,-0.16401098655783397,False,False,False,False,10498.0,30355.079821244446,False,False,False,False,9071.752627811777,False,False,False,False
2024-07-05 17:00:00+00:00,14.65,14.72,14.6,14.715,8083.0,,,,,,,,,,,,,14.846150638001593,14.953013755609271,14.995164017036975,15.519822640051704,15.370188386937702,,,,,,,,,,14.589331611214437,14.853431496989032,14.70711479035941,15.170329506233188,15.472329151519668,15.399292105223168,15.39391343140573,,,,15.10584012754849,15.13686788752745,15.083677441849234,#000000,0.8056755321238603,15.078280354206061,-0.4509015598977041,41.996593822233066,-7.064688043915922,False,True,False,True,True,0.0,14.8697,,0.0,0.0,0.0,0.0,0,0.7869612068965518,0.8924568965517241,False,False,False,False,-0.16433166858439419,-0.16417132757111408,False,False,False,False,18581.0,30172.535948046854,False,False,False,False,9056.423129706167,False,False,False,False
2024-07-08 17:00:00+00:00,15.005,15.325,14.955,15.255,21260.0,,,,,,,,,,,,,14.883363025452143,14.967127389079254,15.001219860196413,15.512226620644531,15.367434908033717,,,,,,,,,,14.76911878439818,14.871002157091185,14.725688818187944,15.170557790018876,15.466759113703782,15.396435698600694,15.391328752429883,,,,15.12685524315305,15.146274360681213,15.11298444491865,#000000,0.7869146730762523,15.098921840895269,0.1983419097963725,50.70684892029527,-3.745221409283147,True,False,True,False,True,0.7745660524241309,14.8727,,0.0,0.0,0.0,0.0,0,0.8023945636932371,0.8837234386797539,False,False,False,False,-0.08118565725744954,-0.1226784924142818,False,False,False,False,39841.0,30322.434615518992,False,False,False,False,9245.625871881264,False,False,False,False
2024-07-09 17:00:00+00:00,15.37,15.46,15.28,15.36,9870.0,,,,,,,,,,,,,14.907255752955573,14.978417654654303,15.006744254612013,15.510738826259281,15.367429823208447,,,,,,,,,,14.843286259221998,14.883141873784098,14.737207562331092,15.173120595359146,15.465886405690892,15.396258104415086,15.391192240372247,,,,15.138389946072015,15.154117262337923,15.127156148739221,#000000,0.7587898853372338,15.110888116474607,0.328301534244461,57.410885663929776,2.06831154646855,True,False,True,False,True,1.5691391094060947,14.8893,,0.0,0.0,0.0,0.0,0,0.8104250027035795,0.8768249161890341,False,False,False,False,-0.04180729379011397,-0.08224289310219789,False,False,False,False,49711.0,30623.03252845668,False,False,False,False,9255.306090921866,False,False,False,False
2024-07-10 17:00:00+00:00,15.26,15.57,15.26,15.5,13896.0,,,,,,,,,,,,,14.942139568026398,14.996206512012115,15.015842547588452,15.509782593086399,15.368130607855305,,,,,,,,,,14.932545638149069,14.90181456410355,14.754632270636407,15.178002383552617,15.465612912018226,15.396650204234456,15.391595442285098,,,,15.154412936962343,15.166420365713734,15.145836202139918,"rgba(38, 166, 154, 0.5)",0.7187697698025316,15.127868627095028,0.5177337563976964,62.973860884100354,6.718769785075523,True,False,True,False,True,2.6232656162529473,14.923900000000001,,0.0,0.0,0.0,0.0,0,0.8083036003892314,0.8781489890799006,False,False,False,False,-0.03412177121876513,-0.058182332160481506,False,False,False,False,63607.0,31134.41186910076,False,False,False,False,9327.25483369827,False,False,False,False
2024-07-11 17:00:00+00:00,15.815,15.9,15.75,15.89,17000.0,,,,,,,,,,,,,15.008837294203206,15.034235900133709,15.036497392310649,15.515529518191979,15.373475250738121,,,,,,,,,,15.073286631164565,14.938834453438062,14.786633168254538,15.192461644788166,15.47118337512526,15.401189502954093,15.395860174153169,,,,15.185668692121292,15.193715071115534,15.17992127855398,"rgba(38, 166, 154, 1.0)",0.6767077163246593,15.161192820161542,1.0769896105171701,68.9319145109079,11.747210824962607,True,False,True,False,True,5.4608826590958515,14.964300000000001,,0.0,0.0,0.0,0.0,0,0.8146639511201631,0.8704041161968057,False,False,False,False,0.03582926794609749,-0.011176532107192008,False,False,False,False,80607.0,31901.42873934726,False,False,False,False,9446.212123098298,False,False,False,False
2024-07-12 17:00:00+00:00,15.885,16.06,15.86,15.935,14571.0,,,,,,,,,,,,,15.064883634276823,15.068100419848037,15.05559142895054,15.521814651041577,15.378957747789547,,,,,,,,,,15.175688284914964,14.971742652802897,14.815178250137045,15.206276991482364,15.477129252567286,15.405907975790942,15.400289135177541,,,,15.211796702064964,15.217869576381304,15.207458934696149,"rgba(38, 166, 154, 1.0)",0.6321371800601644,15.189313223870744,1.1796280928425764,73.11279962969999,15.202443523684195,True,False,True,False,True,5.780408263045416,15.011199999999999,,0.0,0.0,0.0,0.0,0,0.8193340494092375,0.8703544575725026,False,False,False,False,0.058905235147081944,0.023864351519944968,False,False,False,False,95178.0,32882.460851915515,False,False,False,False,9525.666198709176,False,False,False,False
2024-07-15 17:00:00+00:00,15.845,15.955,15.755,15.83,8831.0,,,,,,,,,,,,,15.09206990379958,15.085136867727018,15.065469620420822,15.524627334287636,15.381630226652552,,,,,,,,,,15.219967904168346,14.988638832396656,14.83027126837871,15.213262597552749,15.479880132107567,15.408185868467282,15.402434537444865,,,,15.224297924450317,15.22978679057752,15.220377305788023,"rgba(38, 166, 154, 1.0)",0.5929882866533793,15.20290290615177,1.057520203961108,73.75227134752289,15.62996476512032,True,False,True,False,True,4.906214394084582,15.039200000000001,,0.0,0.0,0.0,0.0,0,0.8241211465657113,0.8664142779881016,False,False,False,False,0.04095310254663823,0.032408727033291604,False,False,False,False,86347.0,33711.368435606746,False,False,False,False,9514.896180124537,False,False,False,False
2024-07-16 17:00:00+00:00,16.225,16.745,16.22,16.665,11728.0,,,,,,,,,,,,,15.156134228154237,15.126315587339423,15.089577837402517,15.536207982283704,15.390379352690708,,,,,,,,,,15.32660381139525,15.027514647625464,14.862925576899844,15.232255973326511,15.490290670659876,15.415923857805076,15.40967063376393,,,,15.255316679945544,15.25972299757412,15.252169310210851,"rgba(0, 255, 0, 1.0)",0.6017861926146394,15.236198783600992,2.3742671964458917,77.6272400052562,19.306680515488864,True,False,True,False,True,10.564657512460258,15.0746,,0.0,0.0,0.0,0.0,0,0.8274903805044892,0.8549593843522871,False,False,False,False,0.14903953408124784,0.09072413055726972,False,False,False,False,98075.0,34709.25419629501,False,False,False,False,9549.207867254388,False,False,False,False
2024-07-17 17:00:00+00:00,16.795,16.89,16.695,16.78,9857.0,,,,,,,,,,,,,15.214524795488032,15.164847979515256,15.112553521917828,15.548058105502347,15.399172469874687,,,,,,,,,,15.419319318159879,15.06375874010267,14.893286029961468,15.250710295531354,15.500883353713208,15.423741922788182,15.416980797934066,,,,15.283986444207414,15.287831374459632,15.281240065455831,"rgba(0, 255, 0, 1.0)",0.6127237006460053,15.26697323929385,2.4693459043789883,80.50460430860609,22.10224890738101,True,False,True,False,True,11.287473179306183,15.1139,,0.0,0.0,0.0,0.0,0,0.8461621156740489,0.8480971834014192,False,False,False,False,0.20358055198241481,0.14715234126984228,False,False,False,False,107932.0,35844.490565344706,False,False,False,False,9553.979838304707,False,False,False,False
2024-07-18 17:00:00+00:00,16.92,16.98,16.8,16.895,9860.0,,,,,,,,,,,,,15.272467915700165,15.203987223634664,15.136302070782424,15.56065860904109,15.408504385778565,,,,,,,,,,15.507163208542341,15.100635927445342,14.924317273883132,15.269948934233998,15.512144377901011,15.432059250009527,15.4247612240508,,,,15.312745866750255,15.316384040987382,15.310147170866594,"rgba(0, 255, 0, 1.0)",0.6373564985989462,15.297865698118255,2.5058727813909605,82.71394261568636,24.374398216469302,True,False,True,False,True,12.008512919270181,15.1462,,0.0,0.0,0.0,0.0,0,0.8553058137021828,0.8434190620272314,False,False,False,False,0.2209694257651021,0.18406088351747218,False,False,False,False,117792.0,37114.994587587425,False,False,False,False,9558.724336935642,False,False,False,False
2024-07-19 17:00:00+00:00,16.91,17.1,16.9,17.0,7780.0,,,,,,,,,,,,,15.318311679525923,15.23554304181101,15.155727086509534,15.571231160080503,15.416317585780485,,,,,,,,,,15.574281036120114,15.130397470368468,14.949441678568578,15.285806619721239,15.521589685069845,15.43903795791425,15.431291758498235,,,,15.335748063330684,15.33942611074149,15.333120886608674,"rgba(0, 255, 0, 1.0)",0.6579496064932988,15.322574879590267,2.5494735521615026,84.4496782746546,26.310341126794526,True,False,True,False,True,12.665756642482219,15.178400000000002,,0.0,0.0,0.0,0.0,0,0.8554294975688816,0.840302539168017,False,False,False,False,0.2407473577177331,0.21240412061760264,False,False,False,False,125572.0,38486.42102808995,False,False,False,False,9531.147215432764,False,False,False,False
2024-07-22 17:00:00+00:00,17.065,17.305,17.05,17.29,10427.0,,,,,,,,,,,,,15.383452338211445,15.281082488102038,15.184096794012147,15.587255567231866,15.428074940235879,,,,,,,,,,15.667526671027051,15.17327446729606,14.98560772843464,15.3092183650794,15.535875922428863,15.449569109685822,15.441147732626193,,,,15.368848510364286,15.372792425558675,15.366031428082575,"rgba(0, 255, 0, 1.0)",0.6891805618608586,15.358095316146727,2.8031909063670195,86.25085235308416,28.385103924164,True,False,True,False,True,14.446361098593687,15.2284,,0.0,0.0,0.0,0.0,0,0.8588222605694565,0.834879206212252,False,False,False,False,0.2730632135025749,0.24273366706008875,False,False,False,False,135999.0,39998.243957887,False,False,False,False,9545.03640589117,False,True,False,False
2024-07-23 17:00:00+00:00,17.055,17.16,17.03,17.05,33043.0,,,,,,,,,,,,,15.549975503301212,15.40332195766978,15.263405181362897,15.631989095817444,15.461599359334596,,,,,,,,,,15.883090430289789,15.28995165606452,15.08645672792946,15.37479581368746,15.576082740150193,15.479642289828876,15.469350828657344,,,,15.455805132007798,15.462058219497186,15.451338640943948,"rgba(0, 255, 0, 1.0)",0.7161563760485253,15.451511565692932,2.2320382639430103,83.5694118895817,28.385103924164,True,False,True,False,True,12.33948707343999,15.2724,,0.0,0.0,0.0,0.0,0,0.8551568056902685,0.8362970147645221,False,False,False,False,0.2579777526179678,0.2503557098390283,False,False,False,False,102956.0,40974.33319884999,False,False,False,False,9909.345918978126,False,False,False,False
2024-07-24 17:00:00+00:00,16.225,16.87,16.015,16.2,72557.0,,,,,,,,,,,,,15.693899579098455,15.52775110692776,15.355799143540128,15.677039790093875,15.499997595192738,,,,,,,,,,16.003213777516404,15.416898748711654,15.20839626980644,15.449011557322619,15.618570364953785,15.513975504086734,15.5018420979556,,,,15.538866294600517,15.55089744297059,15.53027261719332,"rgba(38, 166, 154, 0.5)",0.7249892326010016,15.541106092475534,0.908832680398011,72.90364392524546,31.166806939957453,True,False,True,False,False,5.487944848505325,15.2963,,0.0,0.0,0.0,0.0,0,0.840906683614024,0.8411185255799173,False,False,False,False,0.1420722506628907,0.19621398025095949,False,False,False,False,30399.0,40810.37454460426,False,False,False,False,10880.62737759862,False,False,False,False
2024-07-25 17:00:00+00:00,15.66,15.96,15.52,15.535,13113.0,,,,,,,,,,,,,15.693209239254836,15.53105068054686,15.360529699619379,15.676980497431217,15.501311051052209,,,,,,,,,,15.988826544400801,15.42223838750323,15.216266346156338,15.451997134414597,15.61908432871647,15.515077092759388,15.50295235298536,,,,15.539960279570058,15.5526162335809,15.530920312419454,#000000,0.726969632685471,15.542415350313417,-0.010200357731621567,61.82861605458247,21.264913580073056,True,False,True,False,False,0.7443808396738909,15.302200000000001,,0.0,0.0,0.0,0.0,0,0.8261874737284575,0.8619167717528373,False,False,False,False,0.021321050550894095,0.10876751540092679,False,False,False,False,17286.0,40445.6555594166,False,False,False,False,10915.237805852903,False,False,False,False
2024-07-26 17:00:00+00:00,15.47,15.79,15.44,15.79,19250.0,,,,,,,,,,,,,15.69234274835207,15.5356835934857,15.36725889221169,15.67692235688368,15.503221722674427,,,,,,,,,,15.969932266859141,15.42973341034726,15.227387633182666,15.456269918312728,15.619844411238592,15.516683555152913,15.504572012835466,,,,15.541654376794696,15.555085862721512,15.532060458275538,#000000,0.7252877776168312,15.54438682144973,0.33864237910820777,56.264662602709286,16.63070965926586,False,False,True,False,False,2.418145698668461,15.325099999999999,,0.0,0.0,0.0,0.0,0,0.8278465087020341,0.8643321451037954,False,False,False,False,-8.52713190668056e-09,0.05438375343689744,False,False,False,False,36536.0,40385.04074454192,False,False,False,False,11044.458925142006,False,False,False,False
2024-07-29 17:00:00+00:00,16.7,17.1,16.635,16.695,29877.0,,,,,,,,,,,,,15.763172917360462,15.596985560380565,15.413873516418752,15.704279788034148,15.525367278313484,,,,,,,,,,16.04137544713596,15.490846814230371,15.284978985515188,15.495649925255469,15.64517446479717,15.536743597277873,15.523552227344418,,,,15.58516671017199,15.600735812101481,15.574045923079492,"rgba(38, 166, 154, 1.0)",0.7425173095322131,15.590575758639815,1.4874053805640892,57.40883264677403,16.63070965926586,False,False,True,False,False,7.895829478172711,15.368599999999999,,0.0,0.0,0.0,0.0,0,0.8453152319243031,0.8547773320991462,False,False,False,False,0.2169452884043789,0.1356645209206382,False,False,False,False,66413.0,40788.57499656452,False,False,False,False,11336.436306147556,False,False,False,False
2024-07-30 17:00:00+00:00,16.86,17.015,16.82,16.89,55112.0,,,,,,,,,,,,,15.88303185054496,15.703866703836198,15.49793275342913,15.755618697184264,15.567288801973332,,,,,,,,,,16.15893744679176,15.59787676247053,15.387093966707488,15.567594347817245,15.692891741094382,15.574894884800768,15.55972187085358,,,,15.662229152291966,15.681547761393578,15.648430145790822,"rgba(0, 255, 255, 0.75)",0.7593270669445386,15.671936297956456,1.6041357605556181,58.983634665933906,16.63070965926586,False,False,True,False,False,8.991124686320862,15.4148,,0.0,0.0,0.0,0.0,0,0.8492658383817642,0.848752438648732,False,False,False,False,0.22589741145436457,0.1807809661875014,False,False,False,False,121525.0,42040.30251599763,False,False,False,False,12015.127216129764,False,False,False,False
2024-07-31 17:00:00+00:00,16.93,17.39,16.86,17.24,58634.0,,,,,,,,,,,,,16.011314257949454,15.820323725472848,15.591966172051773,15.816706089057108,15.617153021772793,,,,,,,,,,16.285571117600178,15.714282242778102,15.49850998698071,15.649610967449739,15.749705825113915,15.6205503899377,15.60307912911812,,,,15.748231077106873,15.771492653260797,15.731615665568352,"rgba(0, 255, 255, 0.75)",0.7894228990303704,15.762166026855276,1.8720434572646818,61.40648200870247,16.63070965926586,True,False,True,False,True,10.90713874981964,15.4658,,0.0,0.0,0.0,0.0,0,0.8518556280587276,0.8406402936378464,False,False,False,False,0.2634497556042095,0.22211536089585546,False,False,False,False,180159.0,44181.67767078836,False,False,False,False,12737.900437585116,False,False,False,False
2024-08-01 17:00:00+00:00,17.43,17.5,16.84,16.84,47741.0,,,,,,,,,,,,17.060000000000002,16.090415365834136,15.895952031973854,15.656490126361945,15.859136061487481,15.652945914937334,,,,,,,,,,16.357669841412232,15.791106699319636,15.57438427473364,15.706263100445558,15.789669636306916,15.65346696843055,15.634461347898839,,,,15.901689336087856,16.035823250099124,15.786717409792479,"rgba(38, 166, 154, 1.0)",0.8049642317608996,15.91028229042848,1.1549801505313047,60.31213568540048,16.63070965926586,False,False,True,False,True,8.094371242069961,15.508500000000002,,0.0,0.0,0.0,0.0,0,0.8576779026217232,0.8382427371191418,False,False,False,False,0.2716868818057022,0.24690112135077885,False,False,False,False,132418.0,45549.68266814048,False,False,False,False,13280.584151731082,False,False,False,False
2024-08-02 17:00:00+00:00,16.475,16.475,16.05,16.325,46757.0,,,,,,,,,,,,16.67571035013087,16.103686609728527,15.917792745320522,15.682360053276891,15.87285572747052,15.66789841423318,,,,,,,,,,16.35145819408553,15.81717053065255,15.606590102322206,15.728105662223472,15.803988266641527,15.667264536938394,15.647867224005639,,,,15.887903724386913,15.98671731669342,15.80320635955276,"rgba(38, 166, 154, 0.5)",0.8115271722815891,15.902794700568283,0.5202602129078397,56.659007420775616,16.233581731670114,False,False,True,False,True,4.66743080659327,15.5336,,0.0,0.0,0.0,0.0,0,0.8495914455765158,0.8622011500050439,False,False,False,False,0.11087850347678731,0.17888981241378307,False,False,False,False,85661.0,46171.56355700652,False,False,False,False,13799.598350929049,False,False,False,False
2024-08-05 17:00:00+00:00,15.74,16.02,15.38,15.41,44709.0,,,,,,,,,,,,16.33129588789836,16.072805218338825,15.90170714810382,15.679359856596736,15.864770516790408,15.666466515671084,,,,,,,,,,16.296104954851337,15.806865381817005,15.606454524659503,15.723747525078636,15.79857340260144,15.665952903317487,15.647004485571816,,,,15.850854486253573,15.919400857233205,15.792100453985316,"rgba(239, 83, 80, 0.5)",0.8085595188330269,15.868826146918723,-0.5674611902175546,50.41154885115094,10.022750438124987,False,True,False,False,False,0.0,15.540400000000002,,0.0,0.0,0.0,0.0,0,0.8351122194513716,0.8665336658354117,False,False,False,False,0.014497130649099604,0.09669347153144134,False,False,False,False,40952.0,46090.64009100642,False,False,False,False,14278.813880372008,False,False,False,False
2024-08-06 17:00:00+00:00,16.0,16.185,15.84,15.915,19233.0,,,,,,,,,,,,16.28865215013044,16.07040492522909,15.903392900123702,15.68419088287906,15.866238576028287,15.669429482939972,,,,,,,,,,16.28635405573305,15.810381760524114,15.61302638170691,15.72754089955153,15.800655390107147,15.668700356861708,15.649756651799663,,,,15.849132647201127,15.913718152888427,15.793773642326302,#000000,0.8105899142038527,15.86753596245624,0.05855493229320301,48.84952129029228,8.255919026564136,False,True,False,True,False,1.985766433259883,15.5517,,0.0,0.0,0.0,0.0,0,0.8430830039525693,0.8506916996047432,False,False,False,False,0.06789482045900085,0.08229414599522109,False,False,False,False,60185.0,46309.15729889779,False,False,False,False,14355.622967498024,False,False,False,False
2024-08-07 17:00:00+00:00,15.845,15.845,15.29,15.295,34345.0,,,,,,,,,,,,16.143995452619933,16.04419326145414,15.887593080710074,15.678402050189133,15.85757266419813,15.666230478467506,,,,,,,,,15.476666666666668,16.24408135856537,15.798702057005936,15.608872893075736,15.72107991241653,15.794149394648635,15.665746447572502,15.647239195987279,,,,15.80246606525554,15.879664497939821,15.744567240742331,"rgba(239, 83, 80, 0.5)",0.8094136349434897,15.83460162413843,-0.6666574429229919,45.55219555826416,4.780995493838553,False,True,False,True,False,0.0,15.5528,,0.0,0.0,0.0,0.0,0,0.8308888670144701,0.8607146372674476,False,False,False,False,-0.00810096071699626,0.03709659263911241,False,False,False,False,25840.0,45991.80602294589,False,False,False,False,14665.535789707355,False,False,False,False
2024-08-08 17:00:00+00:00,15.63,15.97,15.52,15.875,48028.0,,,,,,,,,,,,16.073061822520657,16.029316214689267,15.882706743758892,15.682529251194438,15.85548381659612,15.668999872809529,,,,,,,,,15.65838551467107,16.213071828247642,15.798218262946875,15.616204700374851,15.723417793791265,15.793990533966277,15.668327827217126,15.650051650791676,,,,15.808126130969693,15.865349620261483,15.765208514000847,#000000,0.8097291172010819,15.837951313124272,0.04575442093992018,46.09634216848905,4.780995493838553,False,True,False,True,False,1.6706251248238466,15.5625,,0.0,0.0,0.0,0.0,0,0.8242871189773846,0.8628318584070798,False,False,False,False,0.02217416712033543,0.029635379879723922,False,False,False,False,73868.0,46423.99507685371,False,False,False,False,15182.783296843674,False,False,False,False
2024-08-09 17:00:00+00:00,15.76,15.86,15.62,15.76,13891.0,,,,,,,,,,,,16.055260943421906,16.024641459427475,15.880796994970957,15.683218211789512,15.854542540070403,15.669506039706931,,,,,,,,,15.671124581013325,16.20407044709348,15.797531835360369,15.61772827444581,15.723649215623887,15.793619606285354,15.668802055007044,15.650605464384364,,,,15.806792690614344,15.861327698231198,15.765891434901704,#000000,0.8092114502224812,15.836250994363233,-0.09422876349842718,46.00006489423366,4.183900673655636,False,True,False,True,False,1.035648571160209,15.571299999999999,,0.0,0.0,0.0,0.0,0,0.8385235299970154,0.8630981991841609,False,False,False,False,0.021321050550893776,0.02547821521530885,False,False,False,False,59977.0,46634.119184189316,False,False,False,False,15162.755648830593,False,False,False,False
2024-08-12 17:00:00+00:00,15.68,15.74,15.51,15.51,29449.0,,,,,,,,,,,,16.00669684993648,16.009805009164044,15.872296390400221,15.68106840243439,15.849718638000505,15.668377094440787,,,,,,,,,15.65133982430881,16.179802287034285,15.791742818539095,15.616977828733631,15.720818245701201,15.790236930331055,15.667761322446427,15.649837794239758,,,,15.79689138826505,15.847993730729405,15.758564631416782,#000000,0.8091352463258827,15.825710746968003,-0.39018291243840997,44.91860130768369,2.488628909108229,False,True,False,True,False,0.0,15.574699999999998,,0.0,0.0,0.0,0.0,0,0.8308413078149922,0.8712121212121215,False,False,False,False,0.0017054194387665714,0.01359181732703771,False,False,False,False,30528.0,46384.411910015835,False,False,False,False,15384.24780931384,False,False,False,False
2024-08-13 17:00:00+00:00,15.54,15.54,15.38,15.51,20853.0,,,,,,,,,,,,15.970459138508751,15.997316106357463,15.864362268441715,15.677895699924399,15.8450215435,15.66654474248219,,,,,,,,,15.626487816637784,16.16076162915021,15.785734516104059,15.614617792934673,15.717296823824677,15.786649165546445,15.666061998842926,15.648377948367383,,,,15.787684799330192,15.836933249869086,15.75074846142602,#000000,0.8040783599929853,15.816018715435957,-0.3805832001729622,44.197625583317034,1.144112419202898,False,True,False,True,False,0.0,15.5813,15.454075,0.0,0.0,0.0,0.0,0,0.8292148266241534,0.8732562774013555,False,False,False,False,-0.026440276010379557,-0.006424229341670923,False,False,False,False,30528.0,46138.5760664497,False,False,False,False,15469.034664983392,False,False,False,False
2024-08-14 17:00:00+00:00,15.43,15.47,15.295,15.405,7586.0,,,,,,,,,,,,15.956372523928957,15.992184442570686,15.860926629603709,15.67627918825184,15.842946861645542,15.665586522044563,,,,,,,,,15.614849974916535,16.15324280608536,15.783008162900805,15.613251746289558,15.715588493446132,15.78500503605561,15.665171823000266,15.647587995035257,,,,15.78371444326963,15.832382694674216,15.74721325471619,"rgba(239, 83, 80, 0.5)",0.7829748077362063,15.811859821716439,-0.5196333492424645,43.22951709551562,-0.4041107831985613,False,True,False,True,False,0.0,15.5798,15.448599999999999,0.0,0.0,0.0,0.0,0,0.8246015936254982,0.8774900398406376,False,False,False,False,-0.03967196997666842,-0.023048099659169673,False,False,False,False,22942.0,45778.93922821017,False,False,False,False,15346.817073278222,False,False,False,False
2024-08-15 17:00:00+00:00,15.895,16.175,15.82,16.1,17001.0,,,,,,,,,,,,15.960256331293445,15.992918211664737,15.863653733656015,15.68069567085074,15.844855762623226,15.668407361697366,,,,,,,,,15.656253284098636,16.150641763428467,15.786789008822241,15.618877890790595,15.719243057241608,15.787275303167371,15.667801312920693,15.650201734161122,,,,15.789133601886876,15.835131178630919,15.754635419328842,#000000,0.767966907601604,15.816863148294743,0.36868366189046814,46.556415983244655,-0.4041107831985613,False,True,False,True,True,2.891741538189706,15.591800000000001,15.448925000000001,0.0,0.0,0.0,0.0,0,0.8288208750245243,0.8681577398469689,False,False,False,False,0.06532531258725288,0.021138606464041605,False,False,False,False,39943.0,45688.45955025342,False,False,False,False,15372.46332020414,False,False,False,False
2024-08-16 17:00:00+00:00,15.97,16.03,15.905,16.005,6868.0,,,,,,,,,,,,15.960659348334577,15.992821946845941,15.864399634952461,15.682190764451347,15.845405744356466,15.669374292598933,,,,,,,,,15.668743341141404,16.14917957656128,15.787968551988804,15.620828907166926,15.72045535397378,15.787989235016449,15.668703576841322,15.651105912157265,,,,15.790701870456214,15.835808621923286,15.756871806855903,#000000,0.7418264045006847,15.818281222200284,0.25170144479474765,48.237450495751645,-0.4041107831985613,False,True,False,False,True,2.3500008622526636,15.6053,15.448799999999999,0.0,0.0,0.0,0.0,0,0.827916625506273,0.8767163884224044,False,False,False,False,0.06018884580844273,0.04066372613624217,False,False,False,False,33075.0,45492.90203784639,False,False,False,False,15240.611175704851,False,False,False,False
2024-08-19 17:00:00+00:00,15.875,16.11,15.84,16.06,20033.0,,,,,,,,,,,,15.963057391335244,15.993045562492325,15.866950020571625,15.686802737742347,15.847258420625664,15.672370030389331,,,,,,,,,15.702586845001871,16.145623204106062,15.791736516852952,15.626763192465864,15.724240111383153,15.790291209854516,15.671500864323953,15.653900290717592,,,,15.795437599847322,15.83824736052609,15.763330279338245,#000000,0.7363386412477572,15.822626690645643,0.3223697576866483,49.670071552229054,-5.8834077423205855,False,True,False,False,True,2.647282365204301,15.6259,15.449825,0.0,0.0,0.0,0.0,0,0.8173539343088101,0.8899007469558989,False,False,False,False,0.061472654602392346,0.05106819036931726,False,False,False,False,53108.0,45610.96557214334,False,False,False,False,15314.911777631907,False,False,False,False
2024-08-20 17:00:00+00:00,15.995,16.09,15.95,16.075,10317.0,,,,,,,,,,,,15.96517461762779,15.993536355468535,15.86855506769085,15.689383566907805,15.848405878423359,15.674052913149373,,,,,,,,,15.719210542733876,16.1442925712083,15.79393858858742,15.630025516462835,15.726389538371189,15.791649261064574,15.673073333347185,15.655464588506648,,,,15.798082309967839,15.83985139987795,15.766755492535253,#000000,0.7371423518200846,15.825096488449091,0.3390166240399417,50.71845457090673,-4.5531414974667115,False,True,False,False,True,2.7295815129535015,15.6483,15.449000000000002,0.0,0.0,0.0,0.0,0,0.802582257392753,0.8979591836734693,False,False,False,False,0.06917990804551705,0.06012404920741715,False,False,False,False,63425.0,45887.15215242019,False,False,False,False,15237.424773327537,False,False,False,False
2024-08-21 17:00:00+00:00,16.06,16.25,16.06,16.155,14004.0,,,,,,,,,,,,15.972155210972959,15.995877072028147,15.872150681677617,15.693977837840121,15.85088483998877,15.677036302304419,,,,,,,,,15.746654255199553,16.14446984035785,15.798262644065941,15.635613722038356,15.73033420302332,15.794329662267957,15.675861214968007,15.658208509122744,,,,15.803272571132554,15.84368032413534,15.772966756380466,#000000,0.7376416767260656,15.830092186028141,0.4404683523495102,51.95487100634084,-3.0490975980883093,False,True,True,False,True,3.1742062038242125,15.673,15.44975,0.0,0.0,0.0,0.0,0,0.8002089864158831,0.8982236154649947,False,False,False,False,0.11014719012296399,0.08513561966519057,False,False,False,False,77429.0,46376.17304928189,False,False,False,False,15218.301908624784,False,False,False,False
2024-08-22 17:00:00+00:00,16.02,16.075,15.95,15.99,7722.0,,,,,,,,,,,,15.972807986540966,15.995949420301168,15.873063897157792,15.695660902544379,15.851568904485315,15.678154279914105,,,,,,,,,15.755324276283483,16.14320813119758,15.799618920790271,15.637769236446548,15.731721058428148,15.79518313929646,15.676907781869433,15.659255729176035,,,,15.804728118887978,15.844534231823955,15.774873534185994,#000000,0.7396766520240771,15.831435091178587,0.21437057447671273,51.44624483412717,-3.0490975980883093,False,True,False,False,True,2.174949110065647,15.6954,15.45125,0.0,0.0,0.0,0.0,0,0.8098231408480717,0.8966545919454507,False,False,False,False,0.08458878248161976,0.08486220107340517,False,False,False,False,69707.0,46737.891296579844,False,False,False,False,15102.080173607344,False,False,False,False
2024-08-23 17:00:00+00:00,16.185,16.28,16.095,16.25,4457.0,,,,,,,,,,,,15.975479112488573,15.996917129856335,15.874388851894839,15.69725717835241,15.852480568621292,15.679195371863441,,,,,,,,,15.763932363833774,16.143546413379173,15.801160694990587,15.63968449392122,15.733106029884063,15.796146957035141,15.677881306366107,15.660211073205572,,,,15.806527681835183,15.845953035512816,15.776958666576954,"rgba(38, 166, 154, 0.5)",0.7448622098829486,15.833185494970898,0.5595860543047311,53.0112094913527,-1.4361725084135912,False,True,True,False,True,3.64158491621923,15.718700000000002,15.454175,0.0,0.0,0.0,0.0,0,0.8015609964717204,0.8986421469047363,False,False,False,False,0.11599523051765939,0.10042871579553228,False,False,False,False,74164.0,47163.10228422977,False,False,False,False,14937.040170915756,False,False,False,False
2024-08-26 17:00:00+00:00,16.2,16.24,16.04,16.07,6093.0,,,,,,,,,,,,15.977634671972112,15.997658421333895,15.87569072694701,15.699034844064412,15.853400249866928,15.680366596904664,,,,,,,,,15.772863329551862,16.143356886533827,15.802779382768549,15.64186333236871,15.734623696414085,15.797165894217512,15.678977428291345,15.66129420516639,,,,15.808336404742947,15.847297585181503,15.779115519414034,#000000,0.7431635082537341,15.834922148600793,0.31632049850185356,52.51332542117527,-1.4361725084135912,False,True,True,False,True,2.5384423554812905,15.741499999999998,15.455824999999999,0.0,0.0,0.0,0.0,0,0.8072832742507252,0.8947255344290472,False,False,False,False,0.10745064717878343,0.10393968148715785,False,False,False,False,68071.0,47487.25573718745,False,False,False,False,14799.923269041094,False,False,False,False
2024-08-27 17:00:00+00:00,16.015,16.29,16.015,16.23,3849.0,,,,,,,,,,,,15.979551822952862,15.998362197823548,15.87671456379003,15.700314736199694,15.854113240834598,15.681207360646498,,,,,,,,,15.779246477106648,16.143511985133504,15.803992602098486,15.64340692839392,15.735729998523063,15.797929824835462,15.679764200219411,15.662068083101925,,,,15.80970814440426,15.848377320374539,15.780706262426552,"rgba(38, 166, 154, 0.5)",0.7436451493206324,15.836254009395386,0.5294810178810775,53.411077455516896,-0.5015403565347683,False,True,True,False,True,3.4488117221116426,15.771099999999999,15.460550000000001,0.0,0.0,0.0,0.0,0,0.814128796037045,0.8890803359896616,False,False,False,False,0.10969765654024091,0.10681866901369938,False,False,False,False,71920.0,47866.0579738202,False,False,False,False,14630.141512931928,False,False,False,False
2024-08-28 17:00:00+00:00,16.04,16.145,15.93,16.11,4377.0,,,,,,,,,,,,15.980434231987033,15.99864137531486,15.877423359436657,15.701408716544794,15.854629854991204,15.681936444432184,,,,,,,,,15.784213481039192,16.143101336704994,15.804935736997368,15.644771022095057,15.736651523499898,15.79852954531168,15.680447234234341,15.662747072601046,,,,15.810705066799306,15.849078997117788,15.781924619060447,#000000,0.7440493178461928,15.837198873203661,0.3666438772983737,52.89941568033926,-0.5015403565347683,False,True,True,False,True,2.7017168208835542,15.7983,15.464424999999999,0.0,0.0,0.0,0.0,0,0.8125405405405407,0.8932972972972973,False,False,False,False,0.08906381070944354,0.09794123986157147,False,False,False,False,67543.0,48171.12684244314,False,False,False,False,14471.178078622905,False,False,False,False
2024-08-29 17:00:00+00:00,16.15,16.15,15.995,16.01,3714.0,,,,,,,,,,,,15.981077881339509,15.998839059679947,15.87798813158068,15.70230618309948,15.855045127174954,15.682536669212082,,,,,,,,,15.788146071122691,16.142713715481293,15.80569965251003,15.645893935723695,15.737405451767495,15.799017031263048,15.681009740470362,15.663307008845596,,,,15.811498975662204,15.849632175347773,15.782899075898026,#000000,0.7450993041017892,15.837949047364965,0.23091009706745355,51.632669289332554,-0.5015403565347683,False,True,False,False,True,2.077536735934931,15.816099999999999,15.4678,0.0,0.0,0.0,0.0,0,0.8142686761357477,0.887888973219126,False,False,False,False,0.09533487327643694,0.0966380565690042,False,False,False,False,63829.0,48413.884565816115,False,False,False,False,14304.400123915573,False,False,False,False
2024-08-30 17:00:00+00:00,16.275,16.48,16.25,16.48,3940.0,,,,,,,,,,,16.403333333333336,15.985087083229914,16.000432521724985,15.879788351183096,15.704206563424975,15.856268274499927,15.683775890203819,,,,,,,,,15.79759473661642,16.14388055009168,15.80765618469541,15.648104972288367,15.73909192271936,15.800249110268112,15.682169012063106,15.664435550107523,,,,15.853071603763336,15.930413145371435,15.785397754856248,"rgba(38, 166, 154, 0.5)",0.7449417596196513,15.884709107194503,0.7991106487431153,54.531083649453365,1.0492027749076627,False,True,True,False,True,4.782710318617603,15.8469,15.473025,0.0,0.0,0.0,0.0,0,0.826475070759852,0.8777487480949271,False,False,False,False,0.1480851523048683,0.12236160443693625,False,False,False,False,67769.0,48713.963874873225,False,False,False,False,14143.711749901378,False,False,False,False
2024-09-02 17:00:00+00:00,16.48,16.48,16.48,16.48,0.0,,,,,,,,,,,16.403333333333336,15.985087083229914,16.000432521724985,15.879788351183096,15.704206563424975,15.856268274499927,15.683775890203819,,,,,,,,,15.79759473661642,16.14388055009168,15.80765618469541,15.648104972288367,15.73909192271936,15.800249110268112,15.682169012063106,15.664435550107523,,,,15.853071603763336,15.930413145371435,15.785397754856248,"rgba(38, 166, 154, 0.5)",0.741644429264763,15.884709107194503,0.802663472299853,56.463359889533905,2.908722729067975,False,False,True,False,True,4.782710318617603,15.8776,15.479149999999999,0.0,0.0,0.0,0.0,0,0.8282337346735891,0.8874406274163261,False,False,False,False,0.16903451895166746,0.14569806169430186,False,False,False,False,67769.0,49009.39079154185,False,False,False,False,13924.42939718973,False,False,False,False
2024-09-03 17:00:00+00:00,16.34,16.36,16.16,16.3,18960.0,,,,,,,,,,16.27333333333333,16.295700145560406,15.997681710671767,16.005509676379024,15.886172662572237,15.711535281700758,15.860698015896359,15.6886134458085,,,,,,,,,15.830336767252177,16.146610773878184,15.814878731732458,15.65676602415636,15.745524286643544,15.804845477249387,15.686699682540452,15.668871445620548,,,,15.879611091312217,15.964905533990297,15.794316648634139,"rgba(38, 166, 154, 0.5)",0.7360742165381482,15.922120079482234,0.5133720378020913,55.809030894994976,2.908722729067975,False,True,True,False,True,3.619689134463105,15.9057,15.486225,0.0,0.0,0.0,0.0,1,0.8239832469965835,0.8885704838531908,False,False,False,False,0.12906997988598035,0.13738402079014111,False,False,False,False,48809.0,49006.28395756446,False,False,False,False,14002.500259248804,False,False,False,False
2024-09-04 17:00:00+00:00,16.44,16.44,16.285,16.31,4880.0,,,,,,,,,,16.288003355704696,16.304360451163905,16.001544259017443,16.00712756943237,15.888080497809348,15.713627880167175,15.862018358626845,15.68999677254922,,,,,,,,,15.839294870651681,16.147681886893622,15.816986544016103,15.65921116493663,15.747376292541961,15.806192860245089,15.68799567947977,15.670136863917307,,,,15.883102206697075,15.969344893058876,15.79685952033527,"rgba(38, 166, 154, 0.5)",0.7319185143933086,15.925713772209068,0.52503963246437,55.46382791591577,2.908722729067975,False,True,True,False,True,3.6786277526174693,15.9364,15.49155,0.0,0.0,0.0,0.0,0,0.8287920573634862,0.8839492553778269,False,False,False,False,0.1476312260615682,0.14250762342585466,False,False,False,False,53689.0,49078.88420628439,False,False,False,False,13861.06614670231,False,False,False,False
2024-09-05 17:00:00+00:00,16.05,16.12,15.895,15.915,5666.0,,,,,,,,,,16.228217763618698,16.248846698160218,16.001227127407066,16.006959949562635,15.888506118381036,15.71463290656388,15.862380120079017,15.690696521956783,,,,,,,,,15.842016055257027,16.146616530827124,15.817720320854027,15.660515291029842,15.748195810227427,15.806685162089153,15.688654016417539,15.670801511736336,,,,15.876416994010487,15.955183400716168,15.797650587304808,#000000,0.724097804602822,15.91895643870377,-0.005463956220583873,51.38984781163532,4.979471151659986,False,True,False,False,False,1.1444854957636252,15.9593,15.494225000000002,0.0,0.0,0.0,0.0,0,0.8229522654613606,0.8915224341307464,False,False,False,False,0.08369418796727197,0.11310090569656331,False,False,False,False,48023.0,49062.51390851254,False,False,False,False,13734.010857606148,False,False,False,False
2024-09-06 17:00:00+00:00,15.74,15.93,15.69,15.905,46948.0,,,,,,,,,,15.990848876448581,16.011064175601824,15.985983488020794,15.999751950880293,15.886712810584587,15.718531259477917,15.861852357277233,15.693689447013943,,,,,,,,,15.841966793901152,16.13164828148856,15.818598662915477,15.666478526440178,15.750884336945383,15.807502653522256,15.691491823052155,15.67381715173128,,,,15.84567641220635,15.893554295663147,15.797798528749555,#000000,0.7212195752166407,15.887083377559374,0.024842118900118663,48.58794791034777,2.43638627197587,False,True,False,True,False,1.0811819125305426,15.9872,15.49655,0.0,0.0,0.0,0.0,0,0.8253757736516358,0.8885941644562336,False,False,False,False,0.04844970799338006,0.08077530684497168,False,False,False,False,1075.0,48318.521444814665,False,False,False,False,14248.956425705277,False,False,False,False
2024-09-09 17:00:00+00:00,15.995,15.995,15.74,15.75,2503.0,,,,,,,,,,15.985697003854417,16.005546782955555,15.985184583053265,15.999354345073549,15.886593888802532,15.718710611523505,15.86180688655695,15.693831606676596,,,,,,,,,15.84186507652625,16.130856609800688,15.818617662363453,15.66676208851319,15.75100292261364,15.807528574487225,15.691626995402626,15.673962408122609,,,,15.844934252895378,15.892090713562045,15.797777792228711,#000000,0.7177464607937665,15.886280042218864,-0.1898721201190599,45.371038600205864,-0.4471280277907752,False,True,False,True,False,0.09376774425062351,16.0108,15.496224999999999,0.0,0.0,0.0,0.0,0,0.827890556045896,0.8834951456310681,False,False,False,False,0.058694485535382195,0.06973489619017693,False,False,False,False,-1428.0,47547.25754644545,False,False,False,False,14066.848574143954,False,False,False,False
2024-09-10 17:00:00+00:00,15.7,15.93,15.695,15.92,13237.0,,,,,,,,,,15.965974647663261,15.983899556868538,15.981612739018447,15.997524282554638,15.886186107192623,15.719820732283823,15.861710914065375,15.694689500611116,,,,,,,,,15.842110603223398,16.127009978225022,15.818921243189273,15.668428925253778,15.75178471456545,15.807795345494776,15.692441366706651,15.674825009835075,,,,15.842170979171954,15.886427310032229,15.797914648311679,#000000,0.7171531053942193,15.883218887205356,0.051287671374476804,45.34485509632425,-0.4471280277907752,False,True,False,True,False,1.1661966029135407,16.0363,15.500174999999999,0.0,0.0,0.0,0.0,0,0.8324288404031458,0.8843725772510799,False,False,False,False,0.0488949063539459,0.05931490127206142,False,False,False,False,11809.0,46993.17603409746,False,False,False,False,14053.98270477738,False,False,False,False
2024-09-11 17:00:00+00:00,15.775,15.9,15.76,15.835,3419.0,,,,,,,,,,15.961171964063464,15.978671344242095,15.980608654210247,15.997006775467163,15.88603643422368,15.720067597097797,15.86165573971841,15.694885671947056,,,,,,,,,15.842009200886011,16.125974982814625,15.818954786669007,15.668815067708074,15.75195010132939,15.807835587633367,15.692627996526786,15.675025158469811,,,,15.841456066437935,15.885013022621239,15.797899110254633,#000000,0.7153509817055,15.882423135204302,-0.06629352082698999,44.492419602602666,-1.3298282954648357,False,True,False,True,False,0.6138700345029946,16.0596,15.503400000000001,0.0,0.0,0.0,0.0,0,0.8362846642165054,0.8868470876489586,False,False,False,False,0.05201184712690889,0.05566337419948515,False,False,False,False,8390.0,46394.67718085564,False,False,False,False,13889.099251990134,False,False,False,False
2024-09-12 17:00:00+00:00,15.65,15.76,15.63,15.65,7694.0,,,,,,,,,,15.940231107282177,15.95724438290426,15.976145989701717,15.994796411774706,15.884771365002806,15.719869565915623,15.860908109256975,15.694837851736803,,,,,,,,,15.83854510691041,16.122485481306715,15.818136668753187,15.668874293063075,15.751616430812206,15.807352456522802,15.692590017634402,15.675039403984728,,,,15.837715290160162,15.878600597946884,15.796829982373438,#000000,0.7144479882594138,15.878405755133784,-0.31969542764091324,42.22308052272166,-3.5731349704552358,False,True,False,True,False,0.0,16.0792,15.504875000000002,0.0,0.0,0.0,0.0,0,0.8368397493285589,0.8868621307072517,False,False,False,False,0.027988453829221886,0.04182591401435352,False,False,False,False,696.0,45686.170557896636,False,False,False,False,13793.051201571681,False,False,False,False
2024-09-13 17:00:00+00:00,15.565,15.57,15.42,15.555,6025.0,,,,,,,,,,15.916797735338234,15.933721160863524,15.9708467146927,15.992190904917528,15.88300196805055,15.71907971524556,15.859796873897505,15.694386580287615,,,,,,,,15.515,15.833216936032734,16.118786000306596,15.816745473699125,15.668238891637982,15.750760257097824,15.80648979296319,15.692172754853246,15.674681342222767,,,,15.814465476594512,15.871227706661651,15.764010160979275,#000000,0.7132489236073354,15.855359170983512,-0.42111408940431666,39.900480723826945,-5.814965430603422,False,True,False,True,False,0.0,16.096,15.5045,0.0,0.0,0.0,0.0,0,0.8294348069390042,0.8935646334639061,False,False,False,False,-0.007550623231469046,0.017137645391442236,False,False,False,False,-5329.0,44895.23768103002,False,False,False,False,13672.616299221732,False,False,False,False
2024-09-16 17:00:00+00:00,17.715,18.105,17.69,17.82,151792.0,,,,,,,,,,17.05316767768059,17.043508322518335,16.397607701231543,16.218381629585227,16.096952005779738,15.909652753718875,16.01043585648147,15.823847920307227,,,,,,,,17.781695898836418,16.430956265257223,16.35194900394077,16.02971594432864,15.875869054462486,15.927951197952984,15.949392932279073,15.8139771011478,15.791910404673725,,,,16.26511598059895,16.319194233412876,16.217046422542126,"rgba(0, 255, 255, 0.75)",0.7523451323682459,16.34327809176723,1.962825098082737,52.02529998931675,-3.352046005776863,False,True,True,False,True,11.522642198939714,16.1473,15.518000000000002,0.0,0.0,0.0,0.0,0,0.8377164849262349,0.8986529826812061,False,False,False,False,0.3428282368538623,0.17998294112265228,False,False,False,False,146463.0,46469.931670471415,False,False,False,False,15814.002093032248,False,False,False,False
2024-09-17 17:00:00+00:00,18.105,18.57,18.065,18.56,47778.0,,,,,,,,,,17.261225005557318,17.250420531770033,16.529662906317768,16.29794563028625,16.172331866714565,15.977123009252955,16.065417245167623,15.871145872546817,,,,,,,,17.924995606248533,16.597197016188886,16.4341847635469,16.10454272698681,15.948530143644135,15.991249251207584,16.001594590109008,15.858652187724894,15.834962925458642,,,,16.36006948698404,16.428159008451665,16.299545467901712,"rgba(0, 255, 0, 1.0)",0.8167248756604129,16.446905037073765,2.587278808200327,61.60225065761547,4.782916459800383,True,False,True,False,True,14.869113764319724,16.211299999999998,15.53625,0.0,0.0,0.0,0.0,0,0.8396664555625927,0.8838927591302513,False,False,False,False,0.34282823844434057,0.26140558978349643,False,False,False,False,194241.0,48760.9559856579,False,False,False,False,16309.567952055004,False,False,False,False
2024-09-18 17:00:00+00:00,19.91,20.41,19.81,20.005,62184.0,,,,,,,,,20.074999999999996,17.732737766088363,17.718771125201986,16.810131579337952,16.469230269682914,16.33190095173721,16.116789670873107,16.182078426867914,15.969317933247435,,,,,,,,18.424272521992638,16.941778311900276,16.615144579728863,16.261345657458506,16.097645333813723,16.12304132697201,16.11155333810558,15.951428528713533,15.924198163484721,,,,16.769798082511485,17.045106413670762,16.494489751352205,"rgba(0, 255, 0, 1.0)",0.9500185251868468,16.92527089986557,3.241756890507706,69.86798506706822,11.571978346478716,True,False,True,False,True,20.0,16.301399999999997,15.559025000000002,0.0,0.0,0.0,0.0,0,0.8554548232657636,0.8751145971274321,False,False,False,False,0.342828242896613,0.3021169163400547,False,False,False,False,256425.0,51980.55356727561,False,False,False,False,17020.799456674307,False,False,False,False
2024-09-19 17:00:00+00:00,19.705,20.005,19.57,19.995,27426.0,,,,,,,,,20.00817698917531,17.87890870705692,17.864462842773797,16.912843845180188,16.535653440492585,16.39433755905963,16.172175061512405,16.22863511324581,16.008948234193547,,,,,,,,18.557349000412145,17.063822538301793,16.684678839452967,16.322896745561454,16.15661582141949,16.175438353479723,16.155617029518798,15.988963643474616,15.960364389469314,,,,16.83721600854336,17.111571310298913,16.562860706787813,"rgba(0, 255, 0, 1.0)",1.0629071556921676,17.0003392340394,2.817424598115975,75.31287142054842,15.859145918858857,True,False,True,False,True,20.0,16.383499999999998,15.579925000000001,0.0,0.0,0.0,0.0,0,0.8477416717760067,0.8904557531166974,False,False,False,False,0.30611356543716906,0.30411524088861186,False,False,False,False,228999.0,54725.02560499226,False,False,False,False,17182.12039533052,False,False,False,False
2024-09-20 17:00:00+00:00,19.95,20.09,19.89,19.95,16423.0,,,,,,,,,20.003296489457686,17.961937323516537,17.94727686461753,16.97347409091676,16.575588568398643,16.431937068066198,16.205616903408156,16.256856875951364,16.033022971587,,,,,,,,18.632147972368767,17.135066538885795,16.726428700132875,16.359973334239566,16.192167358297787,16.207116188376865,16.182349528665053,16.011783381523404,15.982361679582402,,,,16.87880010211069,17.15433412843554,16.603266075785836,"rgba(0, 255, 0, 1.0)",1.158583874648092,17.046584750565543,2.5060035039037105,78.61521336309582,18.468462667315052,True,False,True,False,True,20.0,16.463800000000003,15.603824999999999,0.0,0.0,0.0,0.0,0,0.8499436648571137,0.892963228515825,False,False,False,False,0.32906760194471896,0.3165914214166654,False,False,False,False,212576.0,57172.32753359703,False,False,False,False,17170.35108687578,False,False,False,False
2024-09-23 17:00:00+00:00,19.715,19.75,19.395,19.465,20259.0,,,,,,,,,19.928442551124906,18.035243577193928,18.02060174494953,17.034553955074394,16.617382252712698,16.47162140204857,16.24134882566315,16.28704108045149,16.05905257861746,,,,,,,,18.687361476446302,17.20540417066033,16.76971631804232,16.39924657658246,16.230127551363417,16.24099598970882,16.211050363819254,16.036491695630037,16.00621443976488,,,,16.915660919436334,17.18836532975957,16.64295650911309,"rgba(0, 255, 255, 0.75)",1.2215022577816859,17.08729551853548,1.9465412088411194,77.36698597577092,18.468462667315052,True,False,True,False,True,17.11666958892912,16.5365,15.6257,0.0,0.0,0.0,0.0,0,0.8366407528641573,0.9014934533551555,False,False,False,False,0.2820798316774267,0.29933562654704604,False,False,False,False,192317.0,59267.59377338622,False,False,False,False,17218.23711653662,False,False,False,False
2024-09-24 17:00:00+00:00,19.405,19.49,19.11,19.185,8770.0,,,,,,,,,19.885146698059657,18.059470159742684,18.044901906063206,17.0572935912974,16.633440756457112,16.48697434848464,16.25530921290494,16.29884478171288,16.069319479846,,,,,,,,18.7021466020073,17.231148144658533,16.78622282796835,16.41448423906149,16.24494977787045,16.254243412405632,16.222308174221624,16.04624872006711,16.015644555299833,,,,16.928227632673824,17.198966770507614,16.657488494840038,"rgba(0, 255, 255, 0.75)",1.2680694981948908,17.101079361726896,1.6433804623796913,74.71026691620162,18.468462667315052,True,False,True,False,False,15.377303011704733,16.5869,15.644475,0.0,0.0,0.0,0.0,0,0.829706813770559,0.9106139544386557,False,False,False,False,0.25206463565401127,0.27570013110052866,False,False,False,False,183547.0,61194.40627302364,False,False,False,False,17087.256696125198,False,False,False,False
2024-09-25 17:00:00+00:00,19.03,19.255,18.925,18.99,8975.0,,,,,,,,,19.833523793654873,18.079229638722506,18.064777165653634,17.0779690715354,16.648407763072743,16.501364244515006,16.268497814592614,16.30999868639493,16.079088092042273,,,,,,,,18.71124707787998,17.25424161035671,16.801510010537932,16.428800286237383,16.258948522555116,16.266764781240592,16.232972144319383,16.055540165434962,16.02463279404683,,,,16.93875075904405,17.206984030020443,16.670517488067656,"rgba(38, 166, 154, 1.0)",1.3041514171747495,17.112541723032507,1.4396014544344293,71.68589913539796,18.468462667315052,True,False,True,False,False,14.180634251317109,16.6311,15.6629,0.0,0.0,0.0,0.0,0,0.8263825469304923,0.9114155251141554,False,False,False,False,0.2292359981488036,0.25246806462466614,False,False,False,False,174572.0,62952.198423829475,False,False,False,False,16961.485274479845,False,False,False,False
2024-09-26 17:00:00+00:00,19.035,19.085,18.995,19.045,2609.0,,,,,,,,,19.81943575003751,18.084741677422944,18.070324001932587,17.083854423339442,16.652697111084546,16.50549277199496,16.272287927949826,16.313206565143492,16.08190157336101,,,,,,,,18.713694449728074,17.26079062832801,16.805886092914562,16.43290926254875,16.262970116764766,16.270364276605104,16.236040696649457,16.058216958672727,16.027222806449522,,,,16.94177983838485,17.209326866918477,16.67423280985122,"rgba(38, 166, 154, 1.0)",1.3379445947940918,17.115838130127756,1.4418847218177535,69.86323176055701,18.468462667315052,True,False,True,False,False,14.411525036268866,16.6741,15.679324999999999,0.0,0.0,0.0,0.0,0,0.8318403908794789,0.9149022801302931,False,False,False,False,0.22383588130638613,0.23815197296552615,False,False,False,False,177181.0,64723.18759555305,False,False,False,False,16738.96612293752,False,False,False,False
2024-09-27 17:00:00+00:00,19.04,19.04,18.895,18.935,2199.0,,,,,,,,,19.80668940844503,18.08893037347414,18.074545622900363,17.088573396706522,16.656172264097492,16.508845825902156,16.27537659316002,16.315820437023625,16.084200791549375,,,,,,,,18.71520188654403,17.266011637924198,16.80942150369645,16.43624998143959,16.266247295729986,16.273298042625974,16.238543630018185,16.0604052016378,16.0293408937892,,,,16.944104154814674,17.211017190362078,16.67719111926727,"rgba(38, 166, 154, 1.0)",1.368329707778493,17.11835826090826,1.3276345085287147,67.83955204538772,27.27209496150354,True,False,True,False,False,13.724123731473352,16.7128,15.694975,0.0,0.0,0.0,0.0,0,0.830314879604857,0.909652191809014,False,False,False,False,0.21602837137621383,0.22709017217087,False,False,False,False,174982.0,66432.62654755998,False,False,False,False,16513.540291574147,False,False,False,False
2024-09-30 17:00:00+00:00,19.09,19.455,19.085,19.265,19577.0,,,,,,,,,19.744112091452823,18.137302489154816,18.12310687412037,17.136397660628656,16.690784134631215,16.54204740400031,16.30572405237641,16.341584708770217,16.10671250329989,,,,,,,,18.74415419174351,17.319427728971327,16.844886360427115,16.46923610057557,16.29841476844194,16.30213777773187,16.263157013516143,16.081822568369844,16.05005675348566,,,,16.972281398983206,17.236419102048302,16.708143695918107,"rgba(0, 255, 255, 0.75)",1.403130101266831,17.1491948114787,1.5079180374015373,67.81841533977789,26.62699707058269,True,False,True,False,False,15.133084534305542,16.7523,15.712275,0.0,0.0,0.0,0.0,0,0.8321756894790602,0.9016343207354444,False,False,False,False,0.2487881324612022,0.2379391523160361,False,False,False,False,194559.0,68419.08194992339,False,False,False,False,16561.035790929585,False,False,False,False
2024-10-01 17:00:00+00:00,19.0,19.185,18.97,19.12,9438.0,,,,,,,,,19.70949059185127,18.15580699260282,18.1417358328816,17.156862599517154,16.706023414682914,16.55675113735612,16.319276262168113,16.35310550102601,16.11685187737878,,,,,,,,18.752707536303696,17.3419309425181,16.860400953088202,16.483879139878333,16.312769665711222,16.31502747166217,16.27419151607391,16.091479155739083,16.059406360132098,,,,16.98376094169842,17.24621157882942,16.721310304567425,"rgba(38, 166, 154, 1.0)",1.4282695477048042,17.161674871684834,1.3711173296820265,66.63893089560825,24.813782642998774,True,False,True,False,False,14.213340103468404,16.7937,15.7282,0.0,0.0,0.0,0.0,0,0.8333845051683554,0.9045133558489408,False,False,False,False,0.22788474823847532,0.2329119502772557,False,False,False,False,185121.0,70228.41401271528,False,False,False,False,16450.60112750432,False,False,False,False
2024-10-02 17:00:00+00:00,18.985,19.12,18.95,19.075,2872.0,,,,,,,,,19.698984186530335,18.16104220022847,18.14701112700426,17.16286779290907,16.710538898823184,16.561115999030548,16.32331004608557,16.35653699601483,16.119878905197137,,,,,,,,18.75490525297654,17.34849894549121,16.8649887745618,16.488229140642364,16.31704099089107,16.318865376520296,16.277480887808125,16.094363122477365,16.06219956985651,,,,16.987103234058264,17.24903179464705,16.72517467346948,"rgba(38, 166, 154, 1.0)",1.449480888748393,17.165300699094608,1.3175056778805758,65.47354067564625,23.032350185752207,True,False,True,False,False,13.925977653657792,16.8512,15.74125,0.0,0.0,0.0,0.0,0,0.8324091189155883,0.9077839392072296,False,False,False,False,0.22329658013404466,0.2281042652056502,False,False,False,False,182249.0,71965.16728383597,False,False,False,False,16240.080179791075,False,False,False,False
2024-10-03 17:00:00+00:00,18.915,19.0,18.875,18.88,6212.0,,,,,,,,,19.67304378138195,18.17052960663862,18.156598137336115,17.174840560027146,16.71970655860071,16.570014142523906,16.33157998010189,16.36357233737889,16.12611518536469,,,,,,,,18.757491531627007,17.361460350561938,16.874259552811104,16.497112470853896,16.325796627618416,16.32673620544745,16.28423647415379,16.10030812748782,16.067961086665914,,,,16.99340903981007,17.254000032150433,16.732818047469706,"rgba(38, 166, 154, 1.0)",1.468834961506611,17.172101109745896,1.1627575153183174,63.02548151129818,20.132477525572583,True,False,True,False,False,12.677206256067635,16.9181,15.751724999999999,0.0,0.0,0.0,0.0,0,0.8294262800740285,0.9101377750359861,False,False,False,False,0.21280530017010588,0.22045478268787805,False,False,False,False,176037.0,73578.68407013308,False,False,False,False,16084.606068476485,False,False,False,False
2024-10-04 17:00:00+00:00,19.0,19.02,18.87,19.01,12515.0,,,,,,,,,19.62872234394036,18.190129173297457,18.176387299653914,17.19912738304626,16.738347875228282,16.58810311696076,16.348390288440573,16.377895326868053,16.13881110046854,,,,,,,,18.763954439819546,17.387724531783306,16.8931206712264,16.515166834515675,16.34358392511326,16.342742349311667,16.297990007259706,16.112413662483064,16.079693852183542,,,,17.006794676755575,17.265101545322686,16.74848780818846,"rgba(38, 166, 154, 1.0)",1.486647955685584,17.18655684920237,1.2265467044998777,62.177841607924066,18.79616113463271,True,False,True,False,False,13.266938367082524,16.9825,15.76145,0.0,0.0,0.0,0.0,0,0.836386215461037,0.9069647107523544,False,False,False,False,0.21361065721196365,0.21703271994992085,False,False,False,False,188552.0,75361.21610005348,False,False,False,False,16029.263338732664,False,False,False,False
2024-10-07 17:00:00+00:00,18.77,18.8,18.685,18.77,5236.0,,,,,,,,,19.606287680044296,18.19585391529416,18.182207487902637,17.207881863824145,16.745311858863616,16.594913602572433,16.354787573217962,16.383347288859888,16.14368789189074,,,,,,,,18.7637976268818,17.3969978449358,16.90010345479159,16.521986686405462,16.350350689169016,16.348837520449113,16.30324220830261,16.117068843645676,16.08421097898824,,,,17.011159723113288,17.268253240274433,16.754066205952146,"rgba(38, 166, 154, 1.0)",1.4973346078709022,17.191210970347072,1.054399612053212,59.5054232635473,15.813498891583194,False,False,True,False,False,11.721063727152387,17.024,15.769975000000002,0.0,0.0,0.0,0.0,0,0.838699626090569,0.9053801412546739,False,False,False,False,0.19195802604118192,0.20449537299555137,False,False,False,False,183316.0,77034.93367989761,False,False,False,False,15861.925922628281,False,False,False,False
2024-10-08 17:00:00+00:00,18.56,18.59,18.17,18.4,21629.0,,,,,,,,,19.48973272830102,18.203564843013357,18.190409502824732,17.234714240510442,16.76843373301723,16.617912797248835,16.376886809135602,16.40217510707024,16.160848993675966,,,,,,,18.38666666666667,18.744912221195797,17.424033482243413,16.92282233727068,16.545182566188977,16.37371642545907,16.369916599433854,16.321502820195185,16.133485641485443,16.100178445656443,,,,17.093005050557526,17.27163097275527,16.93224172057955,"rgba(38, 166, 154, 0.5)",1.4989027728717104,17.32740352101692,0.7155877608579768,54.95321979255047,11.265636647414048,False,False,True,False,False,9.395856097270805,17.0542,15.777549999999998,0.0,0.0,0.0,0.0,0,0.8544511485127553,0.8997565364666031,False,False,False,False,0.1536233296241117,0.17905935130983153,False,False,False,False,161687.0,78347.36881664339,False,False,False,False,15951.337923827843,False,False,False,False
2024-10-09 17:00:00+00:00,18.715,18.89,18.59,18.825,8981.0,,,,,,,,,19.46219872789217,18.212885167469977,18.199878375083085,17.249073921937004,16.780063849492873,16.629313654535732,16.387638367227748,16.41137304185683,16.169106566828404,,,,,,,18.498647990852668,18.745389302184925,17.43911109473725,16.9344598777351,16.556606777547508,16.38507161257927,16.380173955328328,16.330375443093107,16.14137571167197,16.10783961797351,,,,17.106346476633025,17.277947963591537,16.951905138370364,"rgba(38, 166, 154, 0.5)",1.5044328403658134,17.342146571030785,0.9856561151700518,54.90563411995428,10.973091253052651,False,False,True,False,False,11.39475666700572,17.0859,15.789725,0.0,0.0,0.0,0.0,0,0.8769214231968181,0.8765989465763732,False,False,False,False,0.19169185759915774,0.18537560445449464,False,False,False,False,170668.0,79778.69643188923,False,False,False,False,15843.270669194853,False,False,False,False
2024-10-10 17:00:00+00:00,19.03,19.15,19.015,19.12,2707.0,,,,,,,,,19.45802243864455,18.217251274118663,18.204277170841397,17.254268870057736,16.784114435607652,16.633247543068016,16.391302173005947,16.414513721872208,16.171896786721188,,,,,,,18.547101479725068,18.747522713422768,17.444690211643838,16.938558574531783,16.560532391762916,16.388939370932295,16.383669033327763,16.333393819803653,16.144039209513647,16.1104226547598,,,,17.111987572282153,17.280988268215264,16.959886945942355,"rgba(38, 166, 154, 1.0)",1.5138099628432824,17.348486385843668,1.1702351402345275,56.597760740292344,10.973091253052651,False,False,True,False,False,12.738409706026797,17.1315,15.803375,0.0,0.0,0.0,0.0,0,0.8754172499192417,0.873479056745989,False,False,False,False,0.22842514977622913,0.20690037711536188,False,False,False,False,173375.0,81229.80191356536,False,False,False,False,15639.607558044545,False,False,False,False
2024-10-11 17:00:00+00:00,19.51,19.54,19.28,19.45,8093.0,,,,,,,,,19.456881710381072,18.23483811915886,18.22192789894808,17.27236650844937,16.79784883258603,16.64649268032583,16.403519820257163,16.42500436493029,16.181140363880775,,,,,,,18.718348627545684,18.75963104936905,17.464422174548453,16.952571718593568,16.573707610227338,16.40183212135753,16.395323527451694,16.343446764338324,16.152856384817778,16.118965091564394,,,,17.132690808880596,17.29333558876861,16.98811050698138,"rgba(38, 166, 154, 1.0)",1.5232090443510262,17.37191518596073,1.3642807740316767,59.40514080089219,10.973091253052651,False,False,True,False,True,14.204403699896304,17.194000000000003,15.81875,0.0,0.0,0.0,0.0,0,0.8836484744305972,0.8633433605500646,False,False,False,False,0.2641245407067007,0.23551245891103129,False,False,False,False,181468.0,82783.88250405272,False,False,False,False,15522.605890477962,False,False,False,False
2024-10-14 17:00:00+00:00,21.155,21.27,20.765,20.855,63053.0,,,,,,,,20.963333333333335,19.764123619637857,18.513192661985354,18.499827958199358,17.497652518601488,16.960155112364614,16.800459920437834,16.542314401440255,16.54502561161198,16.284767558614828,,,,,,,20.073402767806147,19.029566416643842,17.71667477525583,17.12138115845383,16.72565420021172,16.547993932969266,16.527821063957706,16.457655585749233,16.251559254099647,16.2143692160285,,,,17.55184655337013,17.83708526962269,17.26660783711757,"rgba(0, 255, 255, 0.75)",1.571049763807732,17.920634603435765,1.8677736785703425,65.66282035428353,9.593528900814405,True,False,True,False,True,19.846274584698016,17.3029,15.843674999999998,-1.0,21.27,20.765,0.0,0,0.8894210745522697,0.860058309037901,False,False,False,False,0.34282824432125275,0.289170351616142,False,False,False,False,244521.0,85291.43471329221,False,False,False,False,16259.511225509312,False,False,False,False
2024-10-15 17:00:00+00:00,20.785,20.91,20.705,20.81,22023.0,,,,,,,,20.923209620417822,19.833561874020553,18.592160363057086,18.578769570341432,17.566759313144722,17.01182351696736,16.849773916841027,16.587191635765475,16.58404553239898,16.318747579413213,,,,,,,20.20136456472126,19.102546176927934,17.79261369677638,17.174797004287853,16.77442503743626,16.595146738787196,16.570751920668524,16.49490008528357,16.28398340050546,16.245753426640576,,,,17.604116248720135,17.884604292236766,17.323628205203498,"rgba(0, 255, 255, 0.75)",1.613094008196437,17.979005248405596,1.7550091545871358,69.48612166000481,13.064657108830986,True,False,True,False,True,19.55948311869517,17.4008,15.868950000000002,0.0,0.0,0.0,0.0,0,0.8912748879391221,0.8665693735015116,False,False,False,False,0.32177469089502053,0.3054725212555813,False,False,False,False,222498.0,87418.66828362877,False,False,False,False,16348.867640617695,False,False,False,False
2024-10-16 17:00:00+00:00,20.685,20.91,20.59,20.76,17754.0,,,,,,,,20.893879817822295,19.880360339318212,18.650487068478466,18.63710826305538,17.619494421472456,17.0518881284639,16.88811374059836,16.622225622516776,16.61458269629615,16.34544034118199,,,,,,,20.269304480957665,19.15539827721975,17.850101323615835,17.216109824691447,16.812377180248696,16.631919756926816,16.604297916429488,16.524086983679414,16.309474644595138,16.270442314596092,,,,17.642354657108214,17.920358043920398,17.364351270296034,"rgba(0, 255, 255, 0.75)",1.648882572756078,18.021281613165787,1.6609541710762916,71.61227417516992,15.009662171995515,True,False,True,False,True,19.23641350612313,17.5101,15.895975,0.0,0.0,0.0,0.0,0,0.8840095963283611,0.8707624908730573,False,False,False,False,0.3160585018673762,0.31076551156147875,False,False,False,False,204744.0,89237.66567458025,False,False,False,False,16370.652638437576,False,False,False,False
2024-10-17 17:00:00+00:00,20.99,21.01,20.9,20.945,28305.0,,,,,,,,20.906352893328755,19.960742392111122,18.745416235511993,18.732044191849667,17.7051509145174,17.117347117587894,16.950762774857054,16.67950133750241,16.664642563587922,16.3892232776053,,,,,,,20.381242014160556,19.24263287494174,17.943230308482267,17.283621827840612,16.87437987648774,16.691977656464992,16.659185189943024,16.57194465818877,16.35130633986323,16.310965968508462,,,,17.708083520667046,17.985118369845956,17.43104867148814,"rgba(0, 255, 255, 0.75)",1.6854698999933952,18.094358912441738,1.6913034682906132,73.54502043844607,16.897303919790673,True,False,True,False,True,19.94656513910551,17.6115,15.92515,0.0,0.0,0.0,0.0,0,0.8857291666666666,0.868125,False,False,False,False,0.33653243017303985,0.3236489708672593,False,False,False,False,233049.0,91467.29876489684,False,False,False,False,16555.68127970211,False,False,False,False
2024-10-18 17:00:00+00:00,20.625,20.77,20.4,20.61,39100.0,,,,,,,,20.834457778952626,20.020151302621255,18.845043061488443,18.83184973481701,17.804192346900148,17.196118055410658,17.026721540630945,16.749742141958812,16.726299708422125,16.44370891069528,,,,,,,20.420424468646395,19.327549124908554,18.048773494579684,17.364237626393972,16.94977174181861,16.765493208917434,16.726622535611792,16.631106023898134,16.403461430904773,16.361569884183186,,,,17.773864706087995,18.047828458189727,17.499900953986252,"rgba(38, 166, 154, 1.0)",1.708621532271117,18.16503339254753,1.4309585600285593,71.85517038976076,16.897303919790673,True,False,True,False,True,17.763707108390292,17.7085,15.952099999999998,0.0,0.0,0.0,0.0,0,0.8765432098765431,0.8771656810872499,False,False,False,False,0.29976451369954676,0.311706742283403,False,False,False,False,193949.0,93056.16234993719,False,False,False,False,16905.205600947036,False,False,False,False
2024-10-21 17:00:00+00:00,20.82,20.825,20.23,20.645,35384.0,,,,,,,,20.788374874565744,20.062960406501904,18.925132263863365,18.912136802665394,17.887339653264355,17.263851384992254,17.092287335131203,16.810742762263676,16.780078837773587,16.491503974493003,,,,,,,20.44137194418469,19.3942517991011,18.136364183493868,17.433304653625886,17.014930767164206,16.829226752781512,16.785281028161734,16.682813708202243,16.44927307032818,16.406062381574632,,,,17.829364429206628,18.10144082955145,17.55728802886181,"rgba(38, 166, 154, 1.0)",1.7384351796583704,18.22414723747395,1.3925470393447656,70.86925620400692,16.897303919790673,True,False,True,False,True,17.903650288361813,17.8112,15.979225,0.0,0.0,0.0,0.0,0,0.8731757451181908,0.8767728674203495,False,False,False,False,0.2941228291815655,0.30291478573248426,False,False,False,False,229333.0,95168.98153831025,False,False,False,False,17191.69853736646,False,False,False,False
2024-10-22 17:00:00+00:00,20.065,20.37,20.06,20.345,15993.0,,,,,,,,20.750123541745637,20.06964094028369,18.952587019289172,18.93971924180833,17.919162200630087,17.290805165694582,17.118571880067197,16.835467605843903,16.80195571040018,16.511137737050618,,,,,,,20.430242318133086,19.41477609686644,18.16921206037998,17.46057710215403,17.041127105981438,16.855018190770764,16.80909549348463,16.703921327757126,16.46812406250419,16.424397286529295,,,,17.84828310436872,18.118917104281337,17.577649104456096,"rgba(38, 166, 154, 1.0)",1.7591899420620294,18.2435012197364,1.1945832169778845,67.58663322111798,16.897303919790673,True,False,True,False,False,15.958510947619338,17.907899999999998,16.005225,0.0,0.0,0.0,0.0,0,0.8669589152818837,0.8806198389234379,False,False,False,False,0.263767491912145,0.2833411388223146,False,False,False,False,213340.0,97001.09035166979,False,False,False,False,17173.114063918918,False,False,False,False
2024-10-23 17:00:00+00:00,20.14,20.14,19.95,20.07,21024.0,,,,,,,,20.689747845881627,20.068939441681106,18.981600112247378,18.968927224837188,17.956164051096398,17.323111033485237,17.15025496146621,16.86552117127582,16.828618196980404,16.535243447177987,,,,,,,20.402344954690438,19.43411115559806,18.206788320036935,17.493068734579264,17.07277341109575,16.886331452278753,16.83807763274,16.72971402589988,16.491298009117237,16.446961373520875,,,,17.868479827784327,18.136812748612936,17.60014690695572,"rgba(38, 166, 154, 1.0)",1.7734411071023226,18.26340320951412,1.018695677714233,63.25319713970348,19.707485064148173,False,False,True,False,False,14.211387482329748,18.001199999999997,16.03205,0.0,0.0,0.0,0.0,0,0.8624327888809982,0.8797808663893683,False,False,False,False,0.2474548474295392,0.2653979931259269,False,False,False,False,192316.0,98478.8408888532,False,False,False,False,17232.817721842654,False,False,False,False
2024-10-24 17:00:00+00:00,20.26,20.29,20.09,20.155,11812.0,,,,,,,,20.666006931344196,20.071520907875886,18.99906348304312,18.986490038665103,17.977601319915305,17.34174814559388,17.168510875236976,16.882813762268874,16.84398037868199,16.549119566670797,,,,,,,20.393401389630615,19.446560036517372,18.22863473929829,17.511842785167957,17.09099685122167,16.90434058729149,16.854758984568882,16.744570187960026,16.504639260557667,16.459951116873203,,,,17.88132756741917,18.148685540929613,17.613969593908717,"rgba(38, 166, 154, 1.0)",1.7923908035896474,18.276390065704664,1.048102863802368,60.89970876874648,17.422434394993587,False,False,True,False,False,14.577436761311166,18.082299999999996,16.058374999999998,0.0,0.0,0.0,0.0,0,0.8623881204231081,0.8798820179007326,False,False,False,False,0.26136014691837856,0.2633790700221527,False,False,False,False,204128.0,100116.81234794074,False,False,False,False,17148.77403623269,False,False,False,False
2024-10-25 17:00:00+00:00,20.36,20.495,20.265,20.47,8348.0,,,,,,,,20.657874593474283,20.077073310919015,19.013466093505,19.000951325414395,17.994072895457656,17.35583745930184,17.18226375057071,16.895778132848655,16.855501172366214,16.559484726347552,,,,,,,20.393856887547695,19.457816638115073,18.245584873052664,17.52609266497273,17.104704398691666,16.917842199848643,16.867262998352683,16.755695829639816,16.51460088659276,16.469645636839893,,,,17.892270323692948,18.15923034602053,17.62531030136536,"rgba(38, 166, 154, 1.0)",1.8164210504264642,18.287788093328263,1.201379991802776,61.20741917327227,17.422434394993587,False,False,True,False,False,15.922688616277565,18.171599999999998,16.087775,0.0,0.0,0.0,0.0,0,0.8709479496881072,0.8720728090806834,False,False,False,False,0.27973259459870836,0.27155583231043057,False,False,False,False,212476.0,101858.815257275,False,False,False,False,17012.327927143815,False,False,False,False
2024-10-28 17:00:00+00:00,20.41,20.5,20.34,20.365,7286.0,,,,,,,,20.650962874238196,20.081654959023243,19.025724685458176,19.01326164504901,18.008218811623564,17.367995791975822,17.194141270493112,16.906988940565025,16.86547223703713,16.568466412581444,,,,,,,20.394039563348873,19.46734429509187,18.260108707711428,17.53838008783782,17.116545992179766,16.929513561180226,16.8780791355434,16.76532904095349,16.52323528168356,16.478050238023783,,,,17.90167567657995,18.168288762804472,17.63506259035542,"rgba(38, 166, 154, 1.0)",1.8346185503327852,18.29756411178517,1.1269023132028242,60.46504150327204,16.50295530275926,False,False,True,False,False,15.239323266540751,18.2577,16.11785,0.0,0.0,0.0,0.0,0,0.8787659177968733,0.8650999068226528,False,False,False,False,0.28362365541849066,0.2775897438644606,False,False,False,False,205190.0,103460.84912925524,False,False,False,False,16861.53214532763,False,False,False,False
2024-10-29 17:00:00+00:00,20.555,20.735,20.515,20.705,14023.0,,,,,,,,20.650997612385094,20.0967306350314,19.05289696329771,19.040514238742094,18.03777761076721,17.393031277150772,17.21851907978337,16.929894471028366,16.885851725312833,16.586755111938015,,,,,,,20.40513799159281,19.48991515641599,18.29071807563136,17.563775195083565,17.14081546605229,16.953359803902753,16.900175040158597,16.78499192891674,16.540810231923313,16.495149706159282,,,,17.92289086606368,18.189296872543682,17.65648485958367,"rgba(38, 166, 154, 1.0)",1.866258211425111,18.32007469805476,1.2779181826742305,61.93175814741915,16.50295530275926,False,False,True,False,False,16.687448988925414,18.3503,16.149224999999998,0.0,0.0,0.0,0.0,0,0.8847587492234416,0.8527645475253677,False,False,False,False,0.3037001018662755,0.290644922865368,False,False,False,False,219213.0,105255.45611949934,False,False,False,False,16817.523895012473,False,False,False,False
2024-10-30 17:00:00+00:00,20.54,20.6,20.37,20.435,11602.0,,,,,,,,20.64383081902018,20.10468788681929,19.0722006220657,19.059897003153715,18.06005755926388,17.41230853217697,17.237366578088633,16.94771157859011,16.90173487057066,16.601086095768228,,,,,,,20.407312881482294,19.505103143267327,18.313535774957753,17.583245908149717,17.159609007652094,16.9718927221487,16.91737765780545,16.80034610508792,16.554594787533926,16.508572131351844,,,,17.93812358324772,18.204088154551737,17.6721590119437,"rgba(38, 166, 154, 1.0)",1.8910663896569126,18.33594381684376,1.1099854529893376,60.45316200643192,15.940029701307026,False,True,True,False,False,14.921759512531064,18.4359,16.179975,0.0,0.0,0.0,0.0,0,0.8799171842650103,0.8532091097308491,False,False,False,False,0.28426806501208973,0.28745649393872885,False,False,False,False,207611.0,106842.36377656135,False,False,False,False,16736.663059430884,False,False,False,False
2024-10-31 17:00:00+00:00,20.185,20.39,20.145,20.29,8463.0,,,,,,,,20.633568744452116,20.107307216088923,19.08404834510235,19.07181128205485,18.07476944259571,17.42533846492815,17.25016300233106,16.959887874876486,16.912608943461667,16.610953889747556,,,,,,,20.40407263634084,19.51372319314168,18.328414158235518,17.596344065279048,17.17239124058503,16.9845479159942,16.92914420720866,16.810879515666986,16.56409526226306,16.517830715924134,,,,17.947595005813902,18.213045720563883,17.682144291063917,"rgba(38, 166, 154, 1.0)",1.912334920155668,18.34557715602912,1.0167794477196495,58.236448169585486,13.555798700091025,False,True,True,False,False,13.982710560477607,18.521900000000002,16.2092,0.0,0.0,0.0,0.0,0,0.8715875682486348,0.8658126837463253,False,False,False,False,0.2594255733359591,0.27344103363734396,False,False,False,False,199148.0,108273.45891180847,False,False,False,False,16608.389213548235,False,False,False,False
2024-11-01 17:00:00+00:00,20.72,20.865,20.49,20.5,11593.0,,,,,,,20.618333333333336,20.63300938784257,20.11785119755292,19.104475054645125,19.09230816689722,18.09770378778864,17.445123549468956,17.269488017795798,16.9781361225225,16.928900884177157,16.625644103067117,,,,,,,20.41102703731805,19.5304090077741,18.351963438502306,17.61635438150978,17.191650499494198,17.003519498276066,16.946769641949267,16.826625283611122,16.578227771261233,16.531592146169853,,,,18.168376008239374,18.446452145917394,17.698813870586598,"rgba(38, 166, 154, 0.5)",1.9367420819231014,18.58880851388063,0.9868074350001422,58.21747782469258,13.218740383270664,False,True,True,False,False,14.910074740043601,18.6069,16.239925,0.0,0.0,0.0,0.0,0,0.8709745095982376,0.8658344697367045,False,False,False,False,0.3045128445157094,0.28897693907652666,False,False,False,False,210741.0,109862.1029596874,False,False,False,False,16530.631241245163,False,False,False,False
2024-11-04 17:00:00+00:00,19.895,20.02,19.715,19.88,43342.0,,,,,,,20.02923664330572,20.541119505437127,20.100220738806915,19.14085092417559,19.12910233116788,18.15555369670777,17.500064310985685,17.324134054365196,17.03110753190033,16.976487871001424,16.66952956467264,,,,,,,20.352659792184227,19.548651112166304,18.408229270509526,17.67083731900516,17.246503576914883,17.058431022545996,16.998096402023464,16.872988354388106,16.62059688950113,16.572980729424575,,,,18.168720045588255,18.4179461065933,17.734997446866338,"rgba(38, 166, 154, 0.5)",1.9509221474023921,18.578312079890384,0.6672167425249552,53.56314378219234,8.626212940643754,False,True,True,False,False,10.97358814125699,18.683100000000003,16.266375,0.0,0.0,0.0,0.0,0,0.8657676348547717,0.873547717842324,False,False,False,False,0.21641226021748464,0.25269459964700564,False,False,False,False,167399.0,110754.14787504108,False,False,False,False,16946.311377039812,False,False,False,False
2024-11-05 17:00:00+00:00,19.76,19.915,19.68,19.82,44621.0,,,,,,,19.9287337779742,20.45976138519689,20.07994924577826,19.171761507114077,19.160430964962487,18.209131583800442,17.55256786804615,17.376634852016704,17.082420180162845,17.022805922564853,16.712572219832808,,,,,,,20.29776167658124,19.562022863462182,18.45951484456001,17.72262693817631,17.2993022035604,17.111520217385245,17.04790624312321,16.918238527545007,16.662220909531563,16.613692816352597,,,,18.191894196568743,18.432433591586335,17.76948072402778,"rgba(38, 166, 154, 0.5)",1.9624349418263107,18.596494421794972,0.6234630010543896,50.08562400836148,5.3334786017768465,False,True,False,False,False,10.603482812338502,18.7549,16.2937,0.0,0.0,0.0,0.0,0,0.860748930843851,0.8834880567435069,False,False,False,False,0.20896953902906473,0.23083206933803518,False,False,False,False,122778.0,110940.56418705593,False,False,False,False,17375.37631693067,False,False,False,False
2024-11-06 17:00:00+00:00,19.69,19.85,19.61,19.835,23165.0,,,,,,,19.897827144498493,20.42206054941425,20.069108469193473,19.185757227329113,19.174636992419988,18.23493342711477,17.578425408785098,17.4025892535465,17.107937181458173,17.045921618281326,16.734172064630364,,,,,,,20.271408061624182,19.567374574745244,18.483934218866708,17.74803702376917,17.325438413136677,17.13788280769292,17.07270915323075,16.940865835348895,16.683134216351473,16.63416680035518,,,,18.20420768207188,18.44121539424287,17.786495110512124,"rgba(38, 166, 154, 0.5)",1.9659761301053675,18.606450325664845,0.6249056921506524,47.901716759787334,3.2763105727004387,False,True,False,True,False,10.674124314504471,18.8294,16.322675,0.0,0.0,0.0,0.0,0,0.85300552140848,0.8886342327325764,False,False,False,False,0.2018141862289565,0.21632312778349583,False,False,False,False,145943.0,111483.23761051243,False,False,False,False,17465.137924420116,False,False,False,False
2024-11-07 17:00:00+00:00,20.32,20.32,20.175,20.265,18682.0,,,,,,,19.944796208944176,20.41498614892135,20.07408432343759,19.20569012306196,19.194698519359164,18.26157171397347,17.603402557094874,17.427356060669474,17.13188271479167,17.06757930585801,16.75414142058438,,,,,,,20.27071466560434,19.581656829452502,18.510229446127767,17.772924756935225,17.350255596262983,17.162646667636746,17.09595342364188,16.961964232158724,16.70243615862994,16.653031141351377,,,,18.22444854365731,18.46183537242692,17.80618129178015,"rgba(38, 166, 154, 0.5)",1.9649462959444657,18.626792832942932,0.8337160005025237,49.949366496694175,3.2763105727004387,False,True,False,False,False,12.67406657889632,18.9145,16.353725,0.0,0.0,0.0,0.0,0,0.8646616541353382,0.8835630743525483,False,False,False,False,0.2572537231300023,0.23678842545674905,False,False,False,False,164625.0,112307.1409033727,False,False,False,False,17484.004003111277,False,False,False,False
2024-11-08 17:00:00+00:00,20.255,20.27,19.935,20.005,11373.0,,,,,,,19.954116669721245,20.40639973505257,20.074018252824708,19.215403811573594,19.20449758652404,18.275985454685618,17.617344466107745,17.441259147552007,17.14543654011235,17.07987063991263,16.76555639401804,,,,,,,20.26613414908218,19.58776914038397,18.52421411321687,17.786732879627785,17.3642174013262,17.17664739230897,17.109126133950216,16.97396902854532,16.71348327835633,16.663839254483612,,,,18.234109110744118,18.47089897255314,17.816613277128145,"rgba(38, 166, 154, 0.5)",1.9622253569229196,18.63601538672193,0.6976694131732424,49.2897794927596,3.2763105727004387,False,True,False,False,False,11.023892883435998,18.985,16.383875,0.0,0.0,0.0,0.0,0,0.8613510981575934,0.8816487977516397,False,False,False,False,0.24157725032686198,0.2391828378918055,False,False,False,False,153252.0,112941.94492037466,False,False,False,False,17389.25975500102,False,False,False,False
2024-11-11 17:00:00+00:00,20.55,20.56,20.375,20.445,20352.0,,,,,,,20.013585603330096,20.408685251841266,20.084877345914606,19.239941154342308,19.22915583348211,18.306697763101894,17.64580935785994,17.469414493250422,17.172574719038817,17.104452959674106,16.788176402775196,,,,,,,20.273740659484716,19.6068775157033,18.554782189093178,17.815183193817514,17.392397635447416,17.20470016233991,17.135476631510503,16.99789891233273,16.735348351731755,16.68520579426455,,,,18.258988806803593,18.49667008041916,17.840161104572555,"rgba(38, 166, 154, 0.5)",1.9757526721787693,18.66151317971385,0.9026872874322891,51.906923385342225,3.2763105727004387,False,True,True,False,True,13.037796202981283,19.0643,16.417749999999998,0.0,0.0,0.0,0.0,0,0.8609902631033768,0.8778744561839655,False,False,False,False,0.281279988217148,0.2602314130544767,False,False,False,False,173604.0,113882.44189835335,False,False,False,False,17435.193712287826,False,False,False,False
2024-11-12 17:00:00+00:00,19.87,19.87,19.46,19.52,9964.0,,,,,,,19.99198498569025,20.392489297339008,20.07851593176858,19.24354261711708,19.23284645164908,18.315654809287356,17.65542422325509,17.479174859526537,17.182332726419617,17.113366067704646,16.796629680864104,,,,,,,20.261356638268463,19.606981395413232,18.562928670091377,17.824520995422823,17.402266266624633,17.214747321247785,17.14499250331147,17.006670452380792,16.743557573825306,16.693261530395578,,,,18.26249917336036,18.498360150056484,17.846128334698147,#000000,1.9778753570252732,18.663748379375946,0.43291485359919607,48.04776636834619,3.2763105727004387,False,True,False,True,False,7.46884154209469,19.128700000000002,16.44395,0.0,0.0,0.0,0.0,0,0.8528841245533433,0.8851454823889742,False,False,False,False,0.19494307213386056,0.22758724259416863,False,False,False,False,163640.0,114653.8769076812,False,False,False,False,17319.3612516322,False,False,False,False
2024-11-13 17:00:00+00:00,19.7,19.87,19.67,19.72,14262.0,,,,,,,19.97473856623124,20.374313412718035,20.072312648831616,19.2504242279687,19.239846345004562,18.329589025378674,17.669972090200165,17.49387542474708,17.196941633077003,17.12670490402252,16.809223896665436,,,,,,,20.248011685889384,19.60917109199936,18.575858450274094,17.83872598096068,17.417102785543175,17.22979359158973,17.159232898901013,17.01977595775949,16.755781877376375,16.705250850586587,,,,18.269569824756918,18.503449288622274,17.855870517087986,"rgba(38, 166, 154, 0.5)",1.9839489989993575,18.669393670879167,0.5295530931746357,46.80338163387748,2.290632372954704,False,True,False,True,False,8.398346516010989,19.1969,16.4728,0.0,0.0,0.0,0.0,0,0.8647511544381734,0.8805541303232428,False,False,False,False,0.2060518885468133,0.21681956557049098,False,False,False,False,177902.0,115634.46796337607,False,False,False,False,17271.96030199449,False,False,False,False
2024-11-14 17:00:00+00:00,19.69,19.75,19.51,19.555,18885.0,,,,,,,19.942447847058116,20.34639597893196,20.060799226541633,19.256650807687446,19.246235272081996,18.345750063350607,17.6875783391229,17.51179229668551,17.21492469652021,17.143175640666055,16.82490438639763,,,,,,,20.226397472614252,19.609090060888235,18.590450169414158,17.855784086506063,17.435233567699658,17.248289673490984,17.176787098553508,17.03600705513576,16.77102320618036,16.720217088182082,,,,18.27648584727635,18.50733223227673,17.866927947866504,#000000,1.9847230886797935,18.674035592247755,0.4438727058585531,45.11160935646977,0.5535984857411904,False,True,False,True,False,7.443069031831882,19.2697,16.501224999999998,0.0,0.0,0.0,0.0,0,0.8643998361327324,0.8741294551413358,False,False,False,False,0.19125079661059702,0.204035181090544,False,False,False,False,159017.0,116307.06535929271,False,False,False,False,17296.96866940543,False,False,False,False
2024-11-15 17:00:00+00:00,19.62,19.755,19.52,19.69,18055.0,,,,,,,19.920296742554225,20.323213083883047,20.05146071707311,19.26322820632646,19.252960416228134,18.36142091465918,17.70454498696439,17.5290420741664,17.232222489869006,17.15903475909586,16.839998802625402,,,,,,,20.208606398401493,19.60992719892866,18.604687558796385,17.872244660147597,17.45268175062234,17.266074982110243,17.193676533906473,17.051633690594766,16.785697391215965,16.73462732062849,,,,18.28413266790846,18.51249301758593,17.87798574853524,"rgba(38, 166, 154, 0.5)",1.9803957357735824,18.679743883839294,0.5101284040919637,44.97410673895123,0.1831991345279249,False,True,False,True,False,8.08299881049999,19.345399999999998,16.529525,0.0,0.0,0.0,0.0,0,0.8646248085758038,0.8739152628892293,False,False,False,False,0.19204156160980101,0.1980383713501725,False,False,False,False,177072.0,117249.15736922614,False,False,False,False,17308.721093135577,False,False,False,False
2024-11-18 17:00:00+00:00,19.76,19.845,19.52,19.79,15841.0,,,,,,,19.90750643985581,20.305926752119024,20.044867757357686,19.269727117648895,19.259582432069887,18.37552256509471,17.719667497208608,17.54439361015227,17.24758988396488,17.173134030521062,16.853405260178917,,,,,,,20.19556926550448,19.611634209902864,18.617603621900777,17.886944995019267,17.46819977124478,17.281872256558028,17.208682876442552,17.065521148556858,16.79873118977659,16.74742611890802,,,,18.291804134053898,18.518302122379247,17.88821854538142,"rgba(38, 166, 154, 0.5)",1.9609389987341965,18.685918354468292,0.5630372215782344,45.633727544002355,0.1831991345279249,False,True,False,True,False,8.558707012739887,19.4262,16.555225,0.0,0.0,0.0,0.0,0,0.8634693877551018,0.878265306122449,False,False,False,False,0.19679117405109062,0.19741477270063157,False,False,False,False,192913.0,118422.240200711,False,False,False,False,17285.96572735053,False,False,False,False
2024-11-19 17:00:00+00:00,19.72,19.75,19.51,19.54,10780.0,,,,,,,19.89480146152323,20.29245994555392,20.038955857033084,19.272905733040975,19.26284719800385,18.38412149630731,17.729227701251013,17.554156018498528,17.25744373378511,17.18219829487322,16.862083449962704,,,,,,,20.18498346235336,19.611510863489656,18.62529655143023,17.896177830608067,17.47808999978625,17.29199014222054,17.21831656737767,17.074471438528583,16.807177991052605,16.75572883771598,,,,18.295960786833994,18.521018262712087,17.894374368456294,#000000,1.94655540068292,18.688891339776966,0.4372383441665389,44.46393830937838,-0.8846829072177158,False,True,False,True,False,7.070359189933132,19.4986,16.582725,0.0,0.0,0.0,0.0,0,0.8607401366092363,0.8806198389234379,False,False,False,False,0.19125079661059702,0.1943327846556143,False,False,False,False,182133.0,119410.00391852943,False,False,False,False,17185.098041655172,False,False,False,False
2024-11-20 17:00:00+00:00,19.38,19.46,19.34,19.4,4226.0,,,,,,,19.886914974799573,20.28583520840689,20.03564438478846,19.273383445193737,19.263360917154287,18.38691052014409,17.732551201741728,17.557586182812248,17.260956290067455,17.18544083075964,16.86522312736623,,,,,,19.4,20.179551620134237,19.61063541267756,18.627667488627132,17.89934852486012,17.481579108087,17.29559089501756,17.221756679980913,17.077686431483954,16.8102393049158,16.758742571535574,,,,18.426381162205143,18.521255189384938,18.03298163975635,#000000,1.9176952477030798,18.811596978865136,0.30682822092802403,42.82970454263244,-2.7119536244909526,False,True,False,True,False,6.243440169308776,19.5699,16.608475000000002,0.0,0.0,0.0,0.0,0,0.8570112589559876,0.8905834186284546,False,False,False,False,0.16711018675934197,0.18072148570747815,False,False,False,False,177907.0,120316.93409033518,False,False,False,False,16984.18179294734,False,False,False,False
2024-11-21 17:00:00+00:00,19.665,19.825,19.59,19.81,9311.0,,,,,,,19.881987311685346,20.27707862242823,20.032325436174638,19.27722966390827,19.2672758487617,18.395056049694908,17.741318201054174,17.566492145595628,17.269884575605563,17.193648718256433,16.873042073852282,,,,,,19.635004678535374,20.172975916296796,19.611819539587298,18.635128842854087,17.907867287892838,17.49058319826704,17.30476209210386,17.23048089980054,17.0857761860189,16.81784524380117,16.766214259818167,,,,18.442486864418694,18.525030786092472,18.05985983136146,"rgba(38, 166, 154, 0.5)",1.9019974161841235,18.82964563318192,0.5154341212433995,45.104465470255235,-2.7119536244909526,False,True,False,True,True,8.253167118443908,19.6531,16.63625,0.0,0.0,0.0,0.0,1,0.8584474885844746,0.8849315068493152,False,False,False,False,0.19943362705457027,0.1900775563810242,False,False,False,False,187218.0,121354.159918392,False,False,False,False,16865.217734141956,False,False,False,False
2024-11-22 17:00:00+00:00,19.505,19.64,19.48,19.57,8598.0,,,,,,,19.872307796031325,20.266628055356882,20.02748651486515,19.279383280789776,19.269496731279123,18.401506657701823,17.74863047935917,17.573982884302225,17.277481559175715,17.200654200471373,16.879778104257305,,,,,,19.607165047812668,20.164637614070813,19.611418272500927,18.640834422397837,17.91490583261218,17.498180648289377,17.312554828640305,17.23791526222815,17.092704267810785,16.824407528623826,16.77266909628125,,,,18.44388262299765,18.52703056941726,18.06158116556983,#000000,1.880410452126976,18.82959195011422,0.3937481037973846,44.98115517384286,-2.7119536244909526,False,True,False,True,True,6.8245758571805375,19.7334,16.6626,0.0,0.0,0.0,0.0,0,0.8525556345899806,0.8915760593435629,False,False,False,False,0.18388156913855566,0.18697956275978994,False,False,False,False,178620.0,122242.00240027739,False,False,False,False,16737.043815783167,False,False,False,False
2024-11-25 17:00:00+00:00,19.735,19.755,19.56,19.59,8754.0,,,,,,,19.865188659739644,20.257350348617,20.023406343110324,19.28208798986835,19.272267150740177,18.40840216171503,17.756307021642055,17.581824693228576,17.28540573532191,17.207959425932692,16.88678401662574,,,,,,19.615053524987324,20.157363431359013,19.61161531322402,18.647017638028817,17.922319754170836,17.506125395487853,17.320684777486967,17.245667768111392,17.09992181753674,16.831230709564128,16.77937850167198,,,,18.44763764834672,18.52972577695832,18.06694351196628,#000000,1.852032720606768,18.8324172869686,0.4090547130199725,45.068480159043425,-2.7119536244909526,False,True,False,True,True,6.923909077029631,19.7688,16.689049999999998,0.0,0.0,0.0,0.0,0,0.8522473052674393,0.8891600569452921,False,False,False,False,0.19415143154691733,0.19056549715335364,False,False,False,False,187374.0,123251.80081267619,False,False,False,False,16613.275694608234,False,False,False,False
2024-11-26 17:00:00+00:00,19.51,19.78,19.51,19.735,8485.0,,,,,,,19.859814667425937,20.249175695401455,20.019930734195192,19.28496332938324,19.275204378351148,18.415228163620384,17.7638454357711,17.589515765161064,17.29316563102941,17.215114457572565,16.893639068948126,,,,,,19.62797184267114,20.151026459441983,19.612124534910617,18.65317757691363,17.92961152769149,17.51391346351745,17.328646025957802,17.2532593390696,17.106988344350555,16.837906580784676,16.785942458107026,,,,18.45181582206919,18.532690666078143,18.072778923037816,#000000,1.822717508863352,18.835812977334502,0.49332220615263145,46.40106188758995,-2.7119536244909526,False,True,False,True,True,7.649876267402043,19.7923,16.71475,0.0,0.0,0.0,0.0,0,0.850805629206608,0.8943503977156845,False,False,False,False,0.19283256394142578,0.1916990305473897,False,False,False,False,195859.0,124377.49382333236,False,False,False,False,16487.255916397255,False,False,False,False
2024-11-27 17:00:00+00:00,19.905,19.95,19.815,19.94,3576.0,,,,,,,19.860307197823595,20.247131911266074,20.01943560189196,19.28685950435725,19.27712405589803,18.41859665143439,17.767379488497564,17.593090724441918,17.296730753256938,17.21839424500154,16.896752663599393,,,,,,19.65075956538611,20.14965342459074,19.61310157413567,18.65632261388257,17.933063238320848,17.51752152265807,17.332307761747693,17.25674274103108,17.110216772253615,16.840934780691946,16.788916272491893,,,,18.455074600573752,18.534709345224424,18.07723093338093,"rgba(38, 166, 154, 0.5)",1.790429922199194,18.839058697741365,0.614903319369431,48.98638879501555,-4.662049867934236,False,True,False,False,True,8.67032232884672,19.791,16.731475,0.0,0.0,0.0,0.0,0,0.8570555894929748,0.8861738953369988,False,False,False,False,0.21801017828347335,0.20485460441543152,False,False,False,False,199435.0,125541.17608963729,False,False,False,False,16287.081406065514,False,False,False,False
2024-11-28 17:00:00+00:00,19.94,19.94,19.94,19.94,0.0,,,,,,,19.860307197823595,20.247131911266074,20.01943560189196,19.28685950435725,19.27712405589803,18.41859665143439,17.767379488497564,17.593090724441918,17.296730753256938,17.21839424500154,16.896752663599393,,,,,,19.65075956538611,20.14965342459074,19.61310157413567,18.65632261388257,17.933063238320848,17.51752152265807,17.332307761747693,17.25674274103108,17.110216772253615,16.840934780691946,16.788916272491893,,,,18.455074600573752,18.534709345224424,18.07723093338093,"rgba(38, 166, 154, 0.5)",1.7711939959166176,18.839058697741365,0.6215814330879571,50.70994006663262,-2.9506012987699037,False,True,False,False,True,8.67032232884672,19.7899,16.744525,0.0,0.0,0.0,0.0,0,0.8588307190873903,0.8851089834996946,False,False,False,False,0.22414577271216576,0.21450018856379865,False,False,False,False,199435.0,126686.8167704181,False,False,False,False,16034.568516048994,False,False,False,False
2024-11-29 17:00:00+00:00,19.805,19.875,19.79,19.84,2380.0,,,,,,,19.860110521532324,20.24552501440277,20.01892311329566,19.287978905209155,19.27825949962458,18.420729695874453,17.769651833969334,17.595395378405815,17.299037530611507,17.220518542927152,16.89877544508193,,,,,,19.660432899477904,20.148504534703847,19.613598806783315,18.658295435818488,17.935276257733637,17.519849843479808,17.33467596774646,17.258997730403866,17.112310098378497,16.84290305170213,16.790850022556967,,,,18.456842352773023,18.535900498266788,18.079608604434995,"rgba(38, 166, 154, 0.5)",1.7473686343024606,18.84073029941461,0.5718711443989569,50.80976543953121,-2.722082538114826,False,True,False,False,True,8.031341690148302,19.7877,16.75565,0.0,0.0,0.0,0.0,0,0.8610912799592044,0.8851606323304437,False,False,False,False,0.2126879978205881,0.21359409319219336,False,False,False,False,197055.0,127777.79635537285,False,False,False,False,15822.869779366063,False,False,False,False
2024-12-02 17:00:00+00:00,19.37,19.575,19.37,19.46,5114.0,,,,,,,19.853675671277635,20.239067872242142,20.01565523373807,19.28876686264526,19.279087134744913,18.424108715026083,17.773653813610714,17.59952334909841,17.30326541674637,17.224432936365915,16.90257087372976,,,,,,19.64095789390215,20.14320968156861,19.61290271659909,18.661198274591474,17.939099631693917,17.52404715369484,17.33900547361988,17.263142002802564,17.116192960231235,16.846606402578924,16.794497369126702,,,,18.45717818339645,18.536709807202296,18.0800781418554,#000000,1.7203517946330622,18.840136214129565,0.36031222672258617,47.49241772699459,-2.722082538114826,False,True,False,True,False,5.643299119877348,19.7876,16.768525,0.0,0.0,0.0,0.0,0,0.8549719530851605,0.8941356450790415,False,False,False,False,0.17469763155745008,0.19414586237482173,False,False,False,False,191941.0,128772.57470645233,False,False,False,False,15656.840790538681,False,False,False,False
2024-12-03 17:00:00+00:00,19.41,19.69,19.4,19.625,8082.0,,,,,,,19.84654071748252,20.230418351076768,20.0115293862211,19.290706758536977,19.281086721891583,18.429928651436857,17.78032341459622,17.60636876324228,17.31023083017607,17.230874997410655,16.90878688949267,,,,,,19.631389297064555,20.136263719491566,19.612592787884928,18.66632556524486,17.94550891178532,17.530994288823965,17.346142283590254,17.269965290793593,17.12257171806976,16.85266764348404,16.80046328029907,,,,18.459427467215626,18.53879958923306,18.083171344230177,#000000,1.6929205081298841,18.84128977260066,0.4629338611209096,47.027581056140505,0.6375941161399723,False,True,False,True,False,6.515996002509546,19.7964,16.780900000000003,0.0,0.0,0.0,0.0,0,0.8545547073791346,0.8924173027989822,False,False,False,False,0.1823050414241921,0.1882254518995069,False,False,False,False,200023.0,129877.23246294144,False,False,False,False,15539.401398437305,False,False,False,False
2024-12-04 17:00:00+00:00,19.875,19.875,19.67,19.73,6921.0,,,,,,,19.844670146442702,20.225236535708476,20.009530417569266,19.293436692789808,19.283863587895766,18.435673015283918,17.78658678582337,17.61274636477526,17.316651290010903,17.23680128868808,16.914458526445593,,,,,,19.64481358962214,20.132371037976494,19.613524815689548,18.671566508282794,17.951583073597714,17.537446860669757,17.352727284201734,17.276247696049484,17.128422203513942,16.85819165597671,16.80589459947084,,,,18.463417886051836,18.541786786493923,18.088435393186465,"rgba(38, 166, 154, 0.5)",1.666144651583378,18.84476841433305,0.5313053610475498,47.789409715180994,0.6375941161399723,False,True,False,True,False,7.071016969675295,19.8112,16.7951,0.0,0.0,0.0,0.0,0,0.862611003368378,0.8876186587730941,False,False,False,False,0.20631698588526237,0.19727121889238464,False,False,False,False,206944.0,131072.06606816716,False,False,False,False,15405.782772104943,False,False,False,False
2024-12-05 17:00:00+00:00,19.71,19.94,19.67,19.91,7076.0,,,,,,,19.844571039693534,20.220961285512942,20.0081729664118,19.296679551517744,19.287152380514616,18.441854359528783,17.79321308886921,17.619474535415357,17.32339920867703,17.243026948789353,16.920399738486157,,,,,,19.663857741681955,20.129324259445262,19.61499596838849,18.67727183970469,17.958030141619833,17.54424657604756,17.359649992978927,17.28284834737916,17.13456183580011,16.863976136872278,16.811580003260755,,,,18.468184590323126,18.545355009401504,18.094576622107187,"rgba(38, 166, 154, 0.5)",1.6349058930957383,18.849147220630677,0.6488769683009522,50.04038059828291,0.6375941161399723,False,True,False,False,True,8.020569136648398,19.8285,16.81215,0.0,0.0,0.0,0.0,0,0.868423740933701,0.879047910920421,False,False,False,False,0.20976586889363155,0.2035185438930081,False,False,False,False,214020.0,132358.08054773044,False,False,False,False,15276.63885315758,False,False,False,False
2024-12-06 17:00:00+00:00,19.94,20.085,19.915,20.06,11914.0,,,,,,,19.850623011690487,20.217275108977578,20.00833029449388,19.303833916272115,19.29437734577111,18.453464161072336,17.80524653733287,17.631622403893676,17.335486470698367,17.254164103836366,16.930962118754934,,,,,,19.71410915830738,20.12743914017588,19.61937766257243,18.688220950006937,17.969815076173035,17.556495675845973,17.37205882088101,17.29466245165976,17.145520290358636,16.874251057982736,16.82167075663218,,,,18.478654234938737,18.55321686116306,18.107601912781455,"rgba(38, 166, 154, 0.5)",1.6088794768941097,18.859431315616444,0.7462141829922613,52.87733238551036,-0.833331492192805,False,True,True,False,True,8.807372155530103,19.851,16.830075,0.0,0.0,0.0,0.0,0,0.87567678005925,0.8710797834303811,False,False,False,False,0.2305658859390634,0.21704221491603576,False,False,False,False,225934.0,133808.86999660282,False,False,False,False,15224.50491744971,False,False,False,False
2024-12-09 17:00:00+00:00,19.995,20.1,19.945,20.04,15770.0,,,,,,,19.85838352412758,20.212796456292878,20.008676409219404,19.313196667374147,19.303831779034432,18.46865171272849,17.821035242958672,17.647569593613042,17.351369301612692,17.26881318104966,16.944870255758428,,,,,,19.76355994757519,20.125227601827458,19.625151411111272,18.702531080167876,17.985271198098825,17.57257826366432,17.38835800811377,17.31019161768247,17.1599397960338,16.887784797859556,16.834964751992885,,,,18.49160015240222,18.563563102160856,18.123232588557038,"rgba(38, 166, 154, 0.5)",1.5761436517052312,18.871924040518273,0.7410973982085857,54.51382260510515,0.6856944225625838,False,False,True,False,True,8.673643061109072,19.8665,16.84755,0.0,0.0,0.0,0.0,0,0.874872004915011,0.8749744009830022,False,False,False,False,0.2329782246998141,0.22501021980792493,False,False,False,False,210164.0,134992.67046177178,False,False,False,False,15232.962205551265,False,False,False,False
2024-12-10 17:00:00+00:00,20.12,20.695,20.09,20.635,20143.0,,,,,,20.473333333333333,19.890872564576693,20.22045289974007,20.018723840808413,19.332035623860957,19.322762677912944,18.493044658449968,17.84487945246115,17.67138299311417,17.37471339577161,17.29028225858756,16.964992201644602,,,,,,19.882354840049857,20.134874629391412,19.64017594949881,18.726358741118442,18.008906125150215,17.596486371511755,17.412348909881022,17.332977884223475,17.18097436100272,16.907329053139048,16.854129704070854,,,20.473333333333333,18.69239707552223,18.74145632502179,18.152446960821603,"rgba(38, 166, 154, 1.0)",1.5513979949512076,19.078133111000295,1.0035251393042257,59.883643539207284,5.596481235458995,True,False,True,False,True,11.738054794057707,19.8968,16.871100000000002,0.0,0.0,0.0,0.0,0,0.8816069798113014,0.8579689560718271,False,False,False,False,0.27305491432037976,0.24903256706415233,False,False,False,False,230307.0,136470.4120050001,False,False,False,False,15309.08682251946,False,False,False,False
2024-12-11 17:00:00+00:00,17.79,18.25,17.72,18.16,56015.0,,,,,,18.68604309461908,19.654205188894988,20.055976060422147,19.906677930174354,19.276355675506398,19.2676508661073,18.478325582477908,17.849719799449414,17.679900067000812,17.38833319514523,17.304055565060906,16.981826208531555,,,,,18.04333333333333,19.298266218731985,19.985221197489548,19.565208728994676,18.70172251291707,18.009792161349207,17.60649861677344,17.425705690430757,17.346928597940874,17.195934260832974,16.924291558884914,16.871297795318167,,,18.68604309461908,18.576496004140967,18.544089102782507,18.08118338941641,#000000,1.5154358246849735,18.89876641722199,-0.48749435983246747,49.638062176510005,5.072077961949759,False,True,False,False,False,0.0,19.878500000000003,16.87915,0.0,0.0,0.0,0.0,0,0.8643187066974594,0.869899923017706,False,False,False,False,0.021732333271036405,0.13538245016759437,False,False,False,False,174292.0,137056.79321422492,False,False,False,False,15940.186251627687,False,False,False,False
2024-12-12 17:00:00+00:00,18.55,18.755,18.495,18.655,37662.0,,,,,,18.66915340010543,19.57338415006464,19.987286577539557,19.859962030802585,19.25825029101602,19.249843806090265,18.48169915696922,17.862389792596375,17.694381712475654,17.405176725905335,17.320223875020535,16.998997944931443,,,,,18.281207624781608,19.181552288574185,19.923245978373117,19.53674498217437,18.70014271245771,18.020426789850568,17.62176312078984,17.44267548806386,17.363715192686946,17.21252570028847,16.941295388666173,16.888252682744543,,,18.66915340010543,18.57166128481689,18.530062455293088,18.092795662454282,#000000,1.4717764072007264,18.88833908221728,-0.1585424804173082,45.56426879870824,1.9222895187931144,False,True,False,True,False,0.025617482581800743,19.874000000000002,16.890024999999998,0.0,0.0,0.0,0.0,0,0.8766233766233765,0.8637318563789154,False,False,False,False,0.08700749069939705,0.11119497043349572,False,False,False,False,211954.0,138217.99021865553,False,False,False,False,16276.958557804002,False,False,False,False
2024-12-13 17:00:00+00:00,18.535,18.62,18.41,18.59,36470.0,,,,,,18.637812495841374,19.49969108077245,19.922568938500362,19.8146200276855,19.23913837043782,19.23100971557045,18.482889952298706,17.87281371634686,17.706617886811102,17.419832144537878,17.334405898513122,17.014343578619858,,,,,18.35372683708934,19.088148327791018,19.864380807133166,19.508060530331843,18.696553291222017,18.028846204202818,17.63477283569611,17.457386764978516,17.378374758003915,17.22718253408414,16.95653631077791,16.903486947905677,,,18.637812495841374,18.55858252918822,18.514645317161293,18.091454679101375,#000000,1.4393838615535417,18.868142376658135,-0.19323710935450733,42.63700142350049,-0.37520878952437187,False,True,False,True,False,0.0,19.8656,16.901175000000002,0.0,0.0,0.0,0.0,0,0.8773990260670294,0.8644132531270888,False,False,False,False,0.07575102290511897,0.09347299666930733,False,False,False,False,175484.0,138795.75781216472,False,False,False,False,16590.02896776053,False,False,False,False
2024-12-16 17:00:00+00:00,18.55,18.64,18.48,18.56,14367.0,,,,,,18.631023035765256,19.47401386323912,19.898981913346482,19.797868892577263,19.232093250615904,19.22406866556843,18.483505445325534,17.876953066455346,17.71145489198489,17.425603333105496,17.33999382173617,17.02038340592168,,,,,18.37423368439505,19.059500013843586,19.842874127273223,19.497432982821348,18.695358115192178,18.03221536858987,17.63990823855657,17.463179467020634,17.384147627414517,17.23295458502928,16.962535665143278,16.909483864424374,,,18.631023035765256,18.55422049024134,18.50966196547013,18.09115197830866,#000000,1.4058638683087703,18.86117605836805,-0.21422846490134168,40.57852377929193,-2.1042980579813246,False,True,False,True,False,0.0,19.8614,16.91195,0.0,0.0,0.0,0.0,0,0.8787244169443121,0.8602570204664446,False,False,False,False,0.08035346510684252,0.08691323088807493,False,False,False,False,161117.0,139141.82358251876,False,False,False,False,16555.563402368894,False,False,False,False
2024-12-17 17:00:00+00:00,18.655,18.88,18.64,18.85,13432.0,,,,,,18.643013549405072,19.456974755707876,19.8813198542533,19.78544312945126,19.22784679216355,19.219911000374616,18.485775731539974,17.8820661920172,17.71714015548413,17.43202963841158,17.34614843696263,17.026824825842617,,,,,18.40959116828958,19.046492553492207,19.826890459630203,19.490095804818388,18.696126269325013,18.036682764142782,17.645845489593494,17.469664569719487,17.390539779846794,17.239233440681726,16.96890585498274,16.915827195283164,,,18.643013549405072,18.554479904731455,18.508707838467817,18.09465794581713,#000000,1.3642555538520258,18.85984223503437,-0.007214363178936482,41.04150098440108,-2.1042980579813246,False,True,False,True,False,1.0311549371206716,19.8704,16.925575,0.0,0.0,0.0,0.0,0,0.87983570541599,0.8613048046613813,False,False,False,False,0.10085267024429502,0.09388295056618498,False,False,False,False,174549.0,139690.77205410763,False,False,False,False,16507.136062797283,False,False,False,False
2024-12-18 17:00:00+00:00,18.91,18.985,18.24,18.24,22277.0,,,,,,18.625815965117166,19.418543970070004,19.845472486439988,19.7594522348738,19.21625071474744,19.208471088477157,18.48580677027494,17.887645218415745,17.723823767487392,17.44021704198057,17.354132738799404,17.035594952435698,,,,,18.41932432782349,19.005124523271665,19.79401636738738,19.47315563929218,18.693366297160175,18.041055986296268,17.652997531273495,17.477855766744543,17.398756176858726,17.247531901099133,16.977639508145288,16.924575538423284,,18.48833333333333,18.625815965117166,18.54606423063958,18.500102245759944,18.09211663031463,#000000,1.3254247084076631,18.84715854131691,-0.45808602892754313,38.96970360251545,-3.8555549759056973,False,True,False,True,False,0.0,19.858700000000002,16.935925,0.0,0.0,0.0,0.0,0,0.8744071333712766,0.8585657370517928,False,False,False,False,0.08572729145567033,0.08980512101092766,False,False,False,False,152272.0,139885.82985171836,False,False,False,False,16596.591317637634,False,False,False,False
2024-12-19 17:00:00+00:00,17.98,18.09,17.87,17.93,16923.0,,,,,,18.574220193689815,19.375967792221562,19.80938351456316,19.732522052191666,19.201501620538476,19.193853636557876,18.4810340007899,17.88817065136507,17.72539030817651,17.443279193009854,17.357350704110903,17.039804887922248,,,,,18.38018209009228,18.949595532962096,19.7604871999114,19.454006207587955,18.686073788772703,18.040488462041296,17.654986038555645,17.480803304509966,17.40194802654546,17.2511263081589,16.981924859327037,16.928947102418054,,18.26168601190476,18.574220193689815,18.529562215909678,18.48520654626142,18.080880743406897,"rgba(239, 83, 80, 0.5)",1.275570089824128,18.82563574085122,-0.7021454548018656,36.55926789966854,-6.380324538534765,False,True,False,True,False,0.0,19.8349,16.946225,0.0,0.0,0.0,0.0,0,0.8698940998487138,0.870461422087746,False,False,False,False,0.021223819975702985,0.05551447049331532,False,False,False,False,135349.0,139815.4914044049,False,False,False,False,16601.651917364183,False,False,False,False
2024-12-20 17:00:00+00:00,18.14,18.2,17.87,18.015,10948.0,,,,,,18.548035265973528,19.350933980816446,19.787561125604203,19.71615060478481,19.192634843041525,19.185068557644556,18.478374403833357,17.888797313393415,17.72666675710979,17.44548638606952,17.35963581974904,17.04269838763854,,,,,18.361671031681194,18.918887166965046,19.740203929525524,19.442403523860992,18.68185051813335,18.04043131324279,17.65652727475659,17.482945470475208,17.404230641294607,17.25364294354185,16.984859691689337,16.93193213777299,,18.210741903964266,18.548035265973528,18.520424796397773,18.476836953804895,18.07496547024496,"rgba(239, 83, 80, 0.5)",1.2214189171496608,18.813582232546693,-0.653815182763247,35.558040451647585,-7.637019214486081,False,True,False,True,False,0.0,19.8062,16.956500000000002,0.0,0.0,0.0,0.0,0,0.869835880022637,0.869081305414073,False,False,False,False,0.0268181277758099,0.041166299134562614,False,False,False,False,146297.0,139915.97990976294,False,False,False,False,16513.998399265514,False,False,False,False
2024-12-23 17:00:00+00:00,17.84,17.84,17.84,17.84,0.0,,,,,,18.548035265973528,19.350933980816446,19.787561125604203,19.71615060478481,19.192634843041525,19.185068557644556,18.478374403833357,17.888797313393415,17.72666675710979,17.44548638606952,17.35963581974904,17.04269838763854,,,,,18.361671031681194,18.918887166965046,19.740203929525524,19.442403523860992,18.68185051813335,18.04043131324279,17.65652727475659,17.482945470475208,17.404230641294607,17.25364294354185,16.984859691689337,16.93193213777299,,18.210741903964266,18.548035265973528,18.520424796397773,18.476836953804895,18.07496547024496,"rgba(239, 83, 80, 0.5)",1.1606158081182298,18.813582232546693,-0.8388497086949175,34.2409437467705,-9.25810288810554,False,True,False,True,False,0.0,19.7459,16.967175,0.0,0.0,0.0,0.0,0,0.8708459214501508,0.8697129909365561,False,False,False,False,0.006988941868841472,0.024077620501702042,False,False,False,False,146297.0,140014.91045379764,False,False,False,False,16257.967416331165,False,False,False,False
2024-12-24 17:00:00+00:00,17.86,17.905,17.825,17.85,1184.0,,,,,,18.544484441267365,19.34794475592802,19.785010327334014,19.714224195562597,19.191546467593742,19.183989294837396,18.477981761371574,17.88878339593519,17.726727486649366,17.44565543904561,17.359820041160518,17.04295702787319,,,,,18.358832804531133,18.915083720638624,19.737825864407416,19.441012000032675,18.68128021910075,18.040339616143637,17.65661807467544,17.483104941773167,17.404410189873825,17.253855207800218,16.98512505748457,16.932204576175874,,18.202651854593626,18.544484441267365,18.5192337518931,18.475760386213217,18.07414102271978,"rgba(239, 83, 80, 0.5)",1.1029861474385425,18.812041636094328,-0.8722155199577707,33.44767975576275,-10.426630274612585,False,True,False,True,False,0.0,19.686700000000002,16.9774,0.0,0.0,0.0,0.0,0,0.8697582168492631,0.8682470721571592,False,False,False,False,0.009530510499246634,0.01680406550047434,False,False,False,False,147481.0,140130.66378009532,False,False,False,False,16024.262495147736,False,False,False,False
2024-12-25 17:00:00+00:00,17.85,17.85,17.85,17.85,0.0,,,,,,18.544484441267365,19.34794475592802,19.785010327334014,19.714224195562597,19.191546467593742,19.183989294837396,18.477981761371574,17.88878339593519,17.726727486649366,17.44565543904561,17.359820041160518,17.04295702787319,,,,,18.358832804531133,18.915083720638624,19.737825864407416,19.441012000032675,18.68128021910075,18.040339616143637,17.65661807467544,17.483104941773167,17.404410189873825,17.253855207800218,16.98512505748457,16.932204576175874,,18.202651854593626,18.544484441267365,18.5192337518931,18.475760386213217,18.07414102271978,"rgba(239, 83, 80, 0.5)",1.0376106127944429,18.812041636094328,-0.9271701968269219,32.91883709509092,-11.387784841121771,False,True,False,True,False,0.0,19.628500000000003,16.98595,0.0,0.0,0.0,0.0,0,0.8745008556759838,0.867655447803765,False,False,False,False,0.007881513917279134,0.012342789708876737,False,False,False,False,147481.0,140244.6224811791,False,False,False,False,15775.82431692839,False,False,False,False
2024-12-26 17:00:00+00:00,18.07,18.21,17.97,18.145,7928.0,,,,,,18.529915995713765,19.331523510189577,19.770283879933068,19.703141238359045,19.185654980946474,19.1781546817571,18.476416798612284,17.889491586384903,17.727887775191153,17.447460176672962,17.361660796252533,17.04520975929854,,,,,18.349689595744746,18.89613599916261,19.724141628294795,19.433210806338035,18.678630359599612,18.040570210692604,17.657963811665386,17.484870576335293,17.40626214278484,17.255853433423034,16.987400985891988,16.934511868269198,,18.190033608954888,18.529915995713765,18.51365332753154,18.470566764942618,18.07077011818351,"rgba(239, 83, 80, 0.5)",0.9513349700421505,18.80456029669823,-0.6932997497916095,35.3359561175028,-11.387784841121771,False,True,False,True,False,0.0,19.5725,16.996275,0.0,0.0,0.0,0.0,0,0.8744908591455903,0.8632187174386663,False,False,False,False,0.02608927811705188,0.01921603391296431,False,False,False,False,155409.0,140479.7291093779,False,False,False,False,15654.15262209229,False,False,False,False
2024-12-27 17:00:00+00:00,17.94,18.04,17.85,17.975,14753.0,,,,,,18.49627193226022,19.29840697961376,19.741091533917448,19.68097505885265,19.17332420085742,19.165931759667988,18.472341037006743,17.889882455597547,17.72916556040012,17.45001936950531,17.364363717030216,17.048775574632792,,,,,18.324586643904023,18.856725767247884,19.696920062216396,19.417281992081378,18.672455597726838,18.04003356537767,17.659601459349194,17.487328226088877,17.4089355511319,17.258882736176442,16.991035747496024,16.938223713152876,,18.143184395534117,18.49627193226022,18.501282123491684,18.45921243161185,18.062667588495792,"rgba(239, 83, 80, 0.5)",0.8531058413681444,18.788345268508447,-0.9533931536608239,35.966356958235096,-11.387784841121771,False,True,False,True,True,0.0,19.5198,17.0053,0.0,0.0,0.0,0.0,0,0.8682097307510626,0.8672649976381671,False,False,False,False,0.011030721206128193,0.01512337755954625,False,False,False,False,140656.0,140482.46199140302,False,False,False,False,15640.181263610237,False,False,False,False
2024-12-30 17:00:00+00:00,17.8,17.84,17.655,17.77,11371.0,,,,,,18.46428002742849,19.270308642667118,19.7167755370483,19.66233447530365,19.162454765062733,19.15514761257555,18.468045088521034,17.889264986154977,17.729277106779154,17.45120006763834,17.36573049814298,17.050902580286596,,,,,18.29796941738928,18.822278660727385,19.674159660198757,19.403589643103345,18.666461002774042,18.038662415734017,17.660005132227898,17.488402406182775,17.4102301878673,17.260534048262397,16.993241294196114,16.940507141869016,,18.09148800321684,18.46428002742849,18.489828866676355,18.44881011563407,18.054670084211025,"rgba(239, 83, 80, 1.0)",0.8544478908617372,18.773638319739298,-1.1746044790713899,35.26477283597695,-11.387784841121771,False,True,False,True,True,0.0,19.4623,17.0111,0.0,0.0,0.0,0.0,0,0.8629274708756106,0.8686583990980835,False,False,False,False,-0.009473351735991025,0.0028250129117776126,False,False,False,False,129285.0,140308.8579295208,False,False,False,False,15573.992406810077,False,False,False,False
2024-12-31 17:00:00+00:00,17.975,18.115,17.88,18.07,7744.0,,,,,,18.451642184425513,19.25501702936769,19.70275866898591,19.651591044640654,19.15653175583321,19.149278047409393,18.46623193073319,17.88967648471373,17.730134361338,17.452700166908095,17.36728976710591,17.05288966515112,,,,,18.289447274508714,18.805586311062296,19.66107380570374,19.395880709124725,18.663604501338543,18.038606917983074,17.661044351334127,17.48985585041795,17.41178401929412,17.262255474815667,16.995259333643656,16.942561682437155,,18.085682054090427,18.451642184425513,18.484486759111427,18.44381175888437,18.051413352638647,"rgba(239, 83, 80, 0.5)",0.8634841793152906,18.76653045206872,-0.8066510872510053,37.65325817116522,-11.387784841121771,False,True,False,True,True,0.0,19.4168,17.0169,0.0,0.0,0.0,0.0,0,0.8659572482031175,0.8638103239055352,False,False,False,False,0.01648202167503864,0.009653517293408126,False,False,False,False,137029.0,140258.0074189856,False,False,False,False,15452.597175696743,False,False,False,False
2025-01-01 17:00:00+00:00,18.07,18.07,18.07,18.07,0.0,,,,,,18.451642184425513,19.25501702936769,19.70275866898591,19.651591044640654,19.15653175583321,19.149278047409393,18.46623193073319,17.88967648471373,17.730134361338,17.452700166908095,17.36728976710591,17.05288966515112,,,,,18.289447274508714,18.805586311062296,19.66107380570374,19.395880709124725,18.663604501338543,18.038606917983074,17.661044351334127,17.48985585041795,17.41178401929412,17.262255474815667,16.995259333643656,16.942561682437155,,18.085682054090427,18.451642184425513,18.484486759111427,18.44381175888437,18.051413352638647,"rgba(239, 83, 80, 0.5)",0.8765144320257504,18.76653045206872,-0.7946594221602713,39.24558172795741,-15.21921688746194,False,True,False,True,True,0.0,19.3768,17.0212,0.0,0.0,0.0,0.0,0,0.8705210964542986,0.8652820656749928,False,False,False,False,-0.0009825665266218239,0.0043354753833931515,False,False,False,False,137029.0,140207.9452884587,False,False,False,False,15213.022025685941,False,False,False,False
2025-01-02 17:00:00+00:00,18.34,18.35,17.94,18.02,15513.0,,,,,18.103333333333335,18.432797573791838,19.22743963641902,19.67669636661057,19.63154465400301,19.145690380432846,19.13853941521412,18.463302868476315,17.89099846986305,17.732313453359435,17.456109541340656,17.370778198775866,17.05717938333269,,,,,18.27861709310657,18.77743172661183,19.636748811191904,19.3815963369765,18.65867611424493,18.039027562728695,17.66357568069249,17.493187199988235,17.41528670262944,17.26604890091892,16.99959796027912,16.946963703009608,,18.088202504886123,18.432797573791838,18.51214564605074,18.409747944227135,18.046396482698185,"rgba(239, 83, 80, 0.5)",0.8897352475937358,18.774844124146153,-0.8483918403678039,39.930898409051274,-14.338502181047048,False,True,False,True,True,0.0,19.3341,17.0248,0.0,0.0,0.0,0.0,0,0.8654333740257302,0.8665602403981595,False,False,False,False,-0.005697278539612947,-0.0006809015781098979,False,False,False,False,121516.0,139918.14768708724,False,False,False,False,15217.672846993135,False,False,False,False
2025-01-03 17:00:00+00:00,17.895,17.97,17.73,17.75,7117.0,,,,,18.013178376785977,18.417874829418032,19.212109947188342,19.662894580451837,19.620827748018932,19.13944351799628,19.132342290445553,18.460917259210152,17.89078806559811,17.732538812985936,17.45697425228234,17.371745609358033,17.0585996332672,,,,,18.2666052073286,18.76007937152438,19.62380239415227,19.373702024114724,18.65529176194588,18.038366564070174,17.66397659771839,17.493991075627005,17.416217224505488,17.267185871217627,17.00106304868169,16.948474209017135,,18.071508016724547,18.417874829418032,18.501596095068415,18.397710378692828,18.042396279158613,"rgba(239, 83, 80, 1.0)",0.9084878932886937,18.76143804008693,-1.1133203288219502,38.47248135071973,-14.338502181047048,False,True,False,True,True,0.0,19.279700000000002,17.02705,0.0,0.0,0.0,0.0,0,0.8551471966997934,0.8759609975623475,False,False,False,False,-0.041016780366056826,-0.020848840972083362,False,False,False,False,114399.0,139522.50198651224,False,False,False,False,15092.08101990797,False,False,False,False
2025-01-06 17:00:00+00:00,18.02,18.22,17.64,17.65,13864.0,,,,,17.946121919584954,18.39168834284984,19.183598875454212,19.63687325904099,19.600537823556238,19.127623112196034,19.120616550801262,18.456462955214263,17.890491273509152,17.733077924523887,17.45873986783067,17.373702307066104,17.061423691805228,,,,,18.24587735190749,18.72869513807514,19.59937757928312,19.358744900984036,18.648931894752902,18.03720529785098,17.664853101739396,17.495641971048617,17.418107475021696,17.26946740100696,17.00397164069646,16.951469115696813,,18.04639005467179,18.39168834284984,18.48716333076124,18.38315060795637,18.0351952390053,"rgba(239, 83, 80, 1.0)",0.9307017453183466,18.742949931556268,-1.174328872868317,36.85082948617581,-14.338502181047048,False,True,False,True,False,0.0,19.2254,17.02995,0.0,0.0,0.0,0.0,0,0.854570895522388,0.8739738805970148,False,False,False,False,-0.031634333506106255,-0.02624158723909481,False,False,False,False,100535.0,138918.0445913725,False,False,False,False,15073.041004095443,False,False,False,False
2025-01-07 17:00:00+00:00,17.615,17.915,17.6,17.88,16168.0,,,,,17.90074867393313,18.3620681334696,19.150902611821007,19.606822323946005,19.576949538672597,19.113705055375735,19.106807089855767,18.451031688142876,17.88990565434594,17.73346955968166,17.4605715179764,17.3757762540594,17.06452971204517,,,,,18.222054388240668,18.693225705792383,19.571122368515102,19.341235537393697,18.641294620717996,18.035612161835314,17.665638533042323,17.497333077739288,17.420090572037026,17.271926839971403,17.00718314996424,16.95478617572342,,18.018880753138074,18.3620681334696,18.472029440626727,18.368714447178867,18.026791927581073,"rgba(239, 83, 80, 0.5)",0.9464297682903814,18.72356841432035,-0.8913164426813865,38.51766254378355,-14.338502181047048,False,True,False,True,False,0.0,19.168899999999997,17.037300000000002,0.0,0.0,0.0,0.0,0,0.8491077268055685,0.8835840418574231,False,False,False,False,-0.05187434687370519,-0.0390579670564,False,False,False,False,116703.0,138573.62529538225,False,False,False,False,15090.017112559079,False,False,False,False
2025-01-08 17:00:00+00:00,18.105,18.305,17.98,18.045,11157.0,,,,,17.937330523302883,18.353674038013825,19.134220550507212,19.59012775309698,19.563818663605126,19.106505103402156,19.099674687488307,18.44910056766256,17.89086656343789,17.735022523979556,17.46297971618142,17.378242544488202,17.067561728282744,,,,,18.2180841799172,18.678275323593184,19.555473767556393,19.33177504841504,18.638023039282242,18.03595295161259,17.667435577763037,17.499686042454297,17.422564717689525,17.274607687189555,17.01025129213561,16.95790019132922,,18.025358210096403,18.353674038013825,18.46852956694807,18.366855766419146,18.024169151578157,"rgba(239, 83, 80, 0.5)",0.9576577893179382,18.718586035140746,-0.703368199636829,41.39435219400197,-12.66168259909476,False,True,False,True,True,0.0,19.121100000000002,17.04515,0.0,0.0,0.0,0.0,0,0.852902865649423,0.8803498325269817,False,False,False,False,-0.00673480143714237,-0.022896384246771186,False,False,False,False,127860.0,138407.5225776244,False,False,False,False,15029.040103062038,False,False,False,False
2025-01-09 17:00:00+00:00,18.045,18.045,18.045,18.045,0.0,,,,,17.937330523302883,18.353674038013825,19.134220550507212,19.59012775309698,19.563818663605126,19.106505103402156,19.099674687488307,18.44910056766256,17.89086656343789,17.735022523979556,17.46297971618142,17.378242544488202,17.067561728282744,,,,,18.2180841799172,18.678275323593184,19.555473767556393,19.33177504841504,18.638023039282242,18.03595295161259,17.667435577763037,17.499686042454297,17.422564717689525,17.274607687189555,17.01025129213561,16.95790019132922,,18.025358210096403,18.353674038013825,18.46852956694807,18.366855766419146,18.024169151578157,"rgba(239, 83, 80, 0.5)",0.9688334073363959,18.718586035140746,-0.6952547569479745,43.312145294147584,-10.832616693345571,False,False,False,True,True,0.0,19.0762,17.054724999999998,0.0,0.0,0.0,0.0,0,0.8555285767650352,0.8827979081060888,False,False,False,False,-0.018156392575423327,-0.020526388411097257,False,False,False,False,127860.0,138243.99509580075,False,False,False,False,14796.031729371152,False,False,False,False
2025-01-10 17:00:00+00:00,17.85,17.95,17.71,17.78,18212.0,,,,,17.909801457172694,18.32581631507232,19.10054612689036,19.558357788272094,19.53861013565071,19.091538124801268,19.084823947836014,18.44327783125155,17.89031792348839,17.73554621996339,17.465087649400196,17.380615180481715,17.071075590861504,,,,,18.195955054212135,18.643536874294767,19.52554041071119,19.312965969274853,18.629816131296696,18.034300523319082,17.668392383574563,17.501640060717165,17.424838915174377,17.27740606401834,17.013881858697708,16.96164774545515,,18.00331311360916,18.32581631507232,18.45403549211869,18.35349340701094,18.01582683256217,"rgba(239, 83, 80, 0.5)",0.9843320458953152,18.699934792140475,-0.9345777128527113,42.13553076009863,-10.832616693345571,False,True,False,True,True,0.0,19.0218,17.061575,0.0,0.0,0.0,0.0,0,0.8479984894259818,0.8937877643504532,False,False,False,False,-0.04336345575660047,-0.031944922083848866,False,False,False,False,109648.0,137800.64633462555,False,False,False,False,14848.992477752994,False,False,False,False
2025-01-13 17:00:00+00:00,17.32,17.41,17.16,17.32,7034.0,,,,,17.861378506334326,18.305723613724805,19.082957524493903,19.542845757595252,19.526209340826835,19.083550476059116,19.07688596637932,18.43923620312149,17.88869987942711,17.734415572215124,17.464697183486216,17.380438741225507,17.071485375766063,,,,,18.17735796738,18.62296334259161,19.51084675277854,19.303365414946715,18.62471170992669,18.03219188798089,17.66745321428007,17.50114803755455,17.424551458681663,17.277444628075024,17.014374757363672,16.962213648048767,,17.976031323925728,18.305723613724805,18.443559490489214,18.342963395435003,18.00988523496735,"rgba(239, 83, 80, 1.0)",1.0110472761421576,18.68693626915926,-1.352000347970933,38.251303841951206,-7.367451752930414,False,True,False,True,False,0.0,18.9706,17.066000000000003,0.0,0.0,0.0,0.0,0,0.8347858682410269,0.9010402024177677,False,False,False,False,-0.10758262235776807,-0.06976377222080847,False,False,False,False,102614.0,137255.1169340887,False,False,False,False,14727.829803679304,False,False,False,False
2025-01-14 17:00:00+00:00,17.275,17.36,17.155,17.225,9607.0,,,,,17.801528329549754,18.278217091253502,19.058824855804723,19.52153606148747,19.50911747650407,19.07245308206744,19.065856163996866,18.433522422622364,17.88631872162054,17.732705406141918,17.46400898035641,17.38005583871843,17.07191891764714,,,,,18.15179326806692,18.594836997833067,19.49064225721126,19.29007672212279,18.617542829655182,18.029136869279586,17.66600620101374,17.500316450005588,17.424008240740882,17.27736069133355,17.014926438868976,16.962868386030408,,17.939498444560307,18.278217091253502,18.429422421366702,18.32892794982851,18.001626279346826,"rgba(239, 83, 80, 1.0)",1.038743502055703,18.669435662566364,-1.3905604797601947,35.13839790168138,-10.19850821022193,False,True,False,True,False,0.0,18.9187,17.071424999999998,0.0,0.0,0.0,0.0,0,0.8331146926536731,0.9040479760119939,False,False,False,False,-0.11084213588038051,-0.09030295405059449,False,False,False,False,93007.0,136569.0996172811,False,False,False,False,14648.43709354474,False,False,False,False
2025-01-15 17:00:00+00:00,17.24,17.45,17.24,17.265,5733.0,,,,,17.77499553022684,18.26356668849712,19.04528115826755,19.50940157079899,19.499358673026578,19.066151787379614,19.05959402723111,18.43034304164794,17.885064420326838,17.731840201459033,17.463735098546493,17.37995058940941,17.072282299036726,,,,,18.13835161383185,18.57945711239402,19.479135677794567,19.28250342799053,18.61352200529606,18.027491017567442,17.665294192312494,17.499962264193645,17.423816015417767,17.27742726372508,17.01535583573117,16.963355972668335,,17.92147037035162,18.26356668849712,18.42194327621032,18.321658852758016,17.997139366576913,"rgba(239, 83, 80, 1.0)",1.0640145929703868,18.660154288646034,-1.3112172500860262,33.62755392971347,-11.5644078714108,False,True,False,True,False,0.0,18.8673,17.079475,0.0,0.0,0.0,0.0,0,0.8327088797302358,0.9044585987261147,False,False,False,False,-0.10047875777910173,-0.09539085591484811,False,False,False,False,98740.0,135982.60194879613,False,False,False,False,14510.21326263707,False,False,False,False
2025-01-16 17:00:00+00:00,17.205,17.455,17.17,17.405,30936.0,,,,,17.676326969161842,18.19354386499999,18.976695995293177,19.446883973192758,19.448750875409246,19.033391002815033,19.02703679243952,18.413873584762126,17.878684929374103,17.72751164147254,17.4625258724194,17.379616728293513,17.074422170162418,,,,,18.074703242196428,18.503996642099068,19.419784599584396,19.24312817542362,18.592658200168778,18.01904821132244,17.66177513138531,17.498334404469183,17.423033701122087,17.27800008175609,17.017841575350925,16.966147823638938,,17.84318733249004,18.19354386499999,18.38608439045555,18.287635723061207,17.974870982376437,"rgba(239, 83, 80, 1.0)",1.084275874107257,18.615628143035337,-1.1165314768551058,34.603787922373726,-11.5644078714108,False,True,False,True,False,0.0,18.8101,17.091425,0.0,0.0,0.0,0.0,0,0.8294602698650673,0.9091079460269863,False,False,False,False,-0.10432538448229346,-0.0998581201985708,False,False,False,False,129676.0,135884.8251743962,False,False,False,False,14764.876622906262,False,False,False,False
2025-01-17 17:00:00+00:00,17.44,17.56,17.325,17.36,12621.0,,,,,17.65403605880789,18.17010280015618,18.9514363004362,19.42323704521989,19.429460004539383,19.020932334356825,19.014656791516213,18.40773723966003,17.87646789022106,17.726097571279364,17.46233193636859,17.379747856217012,17.07551558760013,,,,,18.05383766961711,18.477534191012722,19.397311188601037,19.228108489658155,18.58481896760118,18.01602233735966,17.660679606055588,17.497982551365823,17.42300196855014,17.278484147067644,17.019065808687856,16.96748925232014,,17.820771834861116,18.17010280015618,18.373789647119146,18.276289185875292,17.967028014824756,"rgba(239, 83, 80, 1.0)",1.1052245012657314,18.600306064494134,-1.1222209271272077,34.88814051654224,-11.5644078714108,False,True,False,True,False,0.0,18.7572,17.106925,0.0,0.0,0.0,0.0,0,0.835098903159276,0.9068154120183745,False,False,False,False,-0.08895617818521802,-0.09440714919189441,False,False,False,False,117055.0,135592.88990037455,False,False,False,False,14731.638225651901,False,False,False,False
2025-01-20 17:00:00+00:00,17.36,17.36,17.36,17.36,0.0,,,,,17.65403605880789,18.17010280015618,18.9514363004362,19.42323704521989,19.429460004539383,19.020932334356825,19.014656791516213,18.40773723966003,17.87646789022106,17.726097571279364,17.46233193636859,17.379747856217012,17.07551558760013,,,,,18.05383766961711,18.477534191012722,19.397311188601037,19.228108489658155,18.58481896760118,18.01602233735966,17.660679606055588,17.497982551365823,17.42300196855014,17.278484147067644,17.019065808687856,16.96748925232014,,17.820771834861116,18.17010280015618,18.373789647119146,18.276289185875292,17.967028014824756,"rgba(239, 83, 80, 1.0)",1.124505324676194,18.600306064494134,-1.1029792721090814,35.07770891265458,-11.5644078714108,False,True,False,True,False,0.0,18.6955,17.122175,0.0,0.0,0.0,0.0,0,0.8492351816443594,0.9066921606118546,False,False,False,False,-0.09870439745705246,-0.09655577332447343,False,False,False,False,117055.0,135305.4807546323,False,False,False,False,14503.24073378133,False,False,False,False
2025-01-21 17:00:00+00:00,17.34,17.37,17.04,17.15,22862.0,,,,,17.59148630559328,18.11924028540339,18.90120220926512,19.37706080736327,19.391575194677056,18.99570585740582,18.98957606664746,18.394298631192537,17.870544783700293,17.721712103884542,17.460309231333113,17.378460342298908,17.07615825373779,,,,,18.006847014365242,18.42310925382236,19.3533154862895,19.19817234144498,18.56816093038236,18.00856442149816,17.656898200698926,17.49561962676437,17.421323000861474,17.277900219879307,17.019996442644775,16.96866939837171,,17.765849302145845,18.11924028540339,18.347236087629664,18.2513330825002,17.949881361418598,"rgba(239, 83, 80, 1.0)",1.145348434335999,18.567618064941936,-1.2377177306430625,33.42137730108614,-12.393278364310468,False,True,False,True,False,0.0,18.6481,17.137625,0.0,0.0,0.0,0.0,0,0.8540904716073144,0.8929740134744946,False,False,False,False,-0.11707142242523964,-0.10681359787485653,False,False,False,False,94193.0,134668.07795223492,False,False,False,False,14632.833900699448,False,False,False,False
2025-01-22 17:00:00+00:00,17.18,17.32,16.92,17.035,67004.0,,,,,17.450670610693443,17.983983986353532,18.761865599745033,19.246663358416985,19.283085674506008,18.92193323499161,18.916208100730557,18.35359485634314,17.85142480290026,17.70704947207359,17.452548510800785,17.372962878727414,17.076416674769845,,,,,17.881421583466626,18.276680552546402,19.228668238539758,19.111369700279468,18.518343484210877,17.98502008405359,17.643984851651705,17.486829182307172,17.414599242359436,17.274492549996292,17.021144113086358,16.970580228032727,,17.629357039405036,17.983983986353532,18.273797256348498,18.18295444315786,17.90109448421087,"rgba(239, 83, 80, 1.0)",1.1709368044433013,18.477758413647873,-1.2321402898714109,31.463832917259406,-14.439857000431367,False,True,False,True,False,0.0,18.5944,17.1513,0.0,0.0,0.0,0.0,0,0.8534615384615383,0.8907692307692306,False,False,False,False,-0.12717635924502446,-0.1169949785599405,False,False,False,False,27189.0,133001.7356584018,False,False,False,False,15444.789964254496,False,False,False,False
2025-01-23 17:00:00+00:00,16.98,17.04,16.74,16.855,29651.0,,,,,17.38722498464054,17.9231265686027,18.699799031581943,19.18833773260198,19.233914130564955,18.887484711440337,18.881932858178736,18.333473538942574,17.84096754409904,17.69860184538038,17.447248428206457,17.368802402646896,17.07496671363788,,,,16.878333333333334,17.82406472755276,18.21178432667661,19.172710399941753,19.07137921818603,18.4942167612162,17.972585773698146,17.636321590958957,17.481025360096254,17.40980227036913,17.27131051075993,17.020139239642216,16.969950371885584,,17.567603928930943,17.9231265686027,18.213226643294988,18.151221576194185,17.8010479911013,"rgba(239, 83, 80, 1.0)",1.2003816960517633,18.376424581306104,-1.2674506669922565,28.96300041473368,-16.911440577465157,False,True,False,True,False,0.0,18.540399999999998,17.163925,0.0,0.0,0.0,0.0,0,0.8401647381839574,0.9032163169248871,False,False,False,False,-0.1546552420687894,-0.13582511031436495,False,False,False,False,-2462.0,130901.52270245757,False,False,False,False,15665.041282638147,False,False,False,False
2025-01-24 17:00:00+00:00,16.96,17.275,16.925,17.19,18637.0,,,,,17.370469885174778,17.896604722849716,18.667945163344964,19.156961603108062,19.207217155864814,18.869058939083,18.86360591283054,18.323244064084076,17.836197449455547,17.694981915779596,17.445418509462865,17.367546522161714,17.075218757973747,,,,16.97546536751712,17.799985194561824,18.181122747919012,19.142592567980046,19.049769623579646,18.481717783614755,17.966677079355044,17.633156239234356,17.47893348481331,17.40823789871339,17.270600671815977,17.02062298089213,16.97063431673956,,17.54609897585723,17.896604722849716,18.202056270480654,18.136497738551803,17.798424304364325,"rgba(239, 83, 80, 0.5)",1.2200136168195495,18.363119405045985,-0.9615625505100396,32.725886809578746,-16.911440577465157,False,True,False,True,True,0.0,18.4904,17.176699999999997,0.0,0.0,0.0,0.0,0,0.8415541201800744,0.8982188295165395,False,False,False,False,-0.1295576749405062,-0.13269139262743557,False,False,False,False,16175.0,129122.81692412488,False,False,False,False,15711.11816197709,False,False,False,False
2025-01-27 17:00:00+00:00,17.59,17.615,17.28,17.41,20758.0,,,,,17.374834921390104,17.880029493626438,18.640695246978055,19.128213840787588,19.182518948345557,18.852506247254485,18.847152210379523,18.314913654537733,17.833221596063282,17.69315139008172,17.44535200263976,17.36793933617335,17.077044711750947,,,,17.113619929708697,17.78640621826168,18.158289102528194,19.11500352715703,19.02999514183081,18.47114423356272,17.962556522587565,17.63178599113557,17.47864379759713,17.40840352235549,17.271515357371673,17.0226453059685,16.97283406937572,,17.540333523332382,17.880029493626438,18.197001700822682,18.125967200000655,17.801757132264672,"rgba(239, 83, 80, 0.5)",1.217240147455083,18.357012118575323,-0.7779994116652058,37.956030332590984,-16.895497613579032,False,True,False,True,True,0.0,18.4428,17.1905,0.0,0.0,0.0,0.0,0,0.8456408747670884,0.89712660586447,False,False,False,False,-0.08836593707394622,-0.11052866485069089,False,False,False,False,36933.0,127693.51743692915,False,False,False,False,15789.364392023957,False,False,False,False
2025-01-28 17:00:00+00:00,17.575,17.59,17.39,17.405,42568.0,,,,,17.385412510039817,17.851336010058127,18.58957499856553,19.073047213048287,19.134705265342777,18.820346220102067,18.815184400438394,18.298813377365533,17.827654638395103,17.689856606280276,17.4455628111869,17.369045427406242,17.081006456437823,,,,17.246360029506455,17.76338682621834,18.117152714004177,19.061981596064165,18.991575110115125,18.450657106804897,17.95472042252408,17.629407357139907,17.478417300489465,17.409071019879438,17.273660428905075,17.026995552047318,16.977537049241633,,17.53276705756528,17.851336010058127,18.18125762568447,18.106272764205144,17.79853250099539,"rgba(239, 83, 80, 0.5)",1.213709406127521,18.337665027588336,-0.7684417891792648,41.38660155437445,-13.931351738131312,False,False,False,True,True,0.0,18.4001,17.203174999999998,0.0,0.0,0.0,0.0,0,0.8468085106382977,0.8988619495299355,False,False,False,False,-0.08335132441778828,-0.09693999463423958,False,False,False,False,-5635.0,125626.40863945738,False,False,False,False,16204.537037108857,False,False,False,False
2025-01-29 17:00:00+00:00,17.885,17.965,17.67,17.895,36624.0,,,,17.843333333333334,17.4288529897306,17.8508900985826,18.562738568316796,19.038994670749606,19.104555581763005,18.801288666309468,18.796267229402577,18.291536978417188,17.827854175991124,17.691713314509478,17.449936256879813,17.373812612287733,17.08770290260904,,,,17.39384954150308,17.767982301116447,18.103913778839768,19.029259994305892,18.96787348165682,18.44023466545836,17.953241080575353,17.63195024229082,17.482558414897497,17.413703354945852,17.27913633210528,17.03389626230199,16.984644783173497,,17.55650312121326,17.8508900985826,18.20044445538749,18.082105527063028,17.806326479474663,#000000,1.2023297579477712,18.335925810003808,-0.3667261889586881,48.45874761758819,-7.652214371193594,True,False,False,False,True,0.0,18.37,17.2181,0.0,0.0,0.0,0.0,0,0.8548563475494582,0.8757331742717965,False,False,False,False,-0.04483036865167547,-0.07088518164295753,False,False,False,False,30989.0,124159.1619938844,False,False,False,False,16521.117858238955,False,False,False,False
2025-01-30 17:00:00+00:00,17.86,17.89,17.555,17.63,10948.0,,,,17.808429468314696,17.43610030124882,17.848281452571545,18.55347401555475,19.027933333983235,19.09476320796204,18.79485607500719,18.789877079513367,18.288685930565574,17.827338030628017,17.691713146422533,17.45072814966999,17.37476478072606,17.089284675555945,,,,17.4143318822007,17.766693118835715,18.098040459998078,19.01860931405384,18.960047057613153,18.436414103836558,17.952206707499066,17.632161681530174,17.483265373051733,17.414586885703134,17.280318308980895,17.03555421139558,16.98637560688774,,17.55952218608757,17.848281452571545,18.19616108701954,18.076873546265983,17.806046516275874,"rgba(239, 83, 80, 0.5)",1.1889816143570855,18.330546469297396,-0.5891987401976784,50.16028542444462,-6.383917431088179,True,False,False,False,True,0.0,18.3264,17.2325,0.0,0.0,0.0,0.0,0,0.8690883477560877,0.8726101831354396,False,False,False,False,-0.05598566580725481,-0.06343542372510616,False,False,False,False,20041.0,122544.92692421177,False,False,False,False,16434.71293020424,False,False,False,False
2025-01-31 17:00:00+00:00,17.62,17.67,17.245,17.355,11789.0,,,,17.731949989611586,17.43573212933043,17.840914443692835,18.540677270727716,19.013872187269563,19.082381483503898,18.786347565856047,18.78141699912319,18.284279718214805,17.825695949706592,17.690675826800494,17.45063185187151,17.374920946085023,17.09022410054758,,,,17.41495254666862,17.760558841521476,18.087845834182446,19.00504732503462,18.949965701397648,18.430876754761353,17.949964217831237,17.631368503396146,17.48304798003807,17.414616720571573,17.280758193901985,17.03660386573814,16.987524443439366,,17.556323478725165,17.840914443692835,18.18637856343344,18.066408604452945,17.802548532960206,"rgba(239, 83, 80, 0.5)",1.1854593970195209,18.318548938045467,-0.8128063605282635,48.71899691014986,-6.383917431088179,True,False,False,False,True,0.0,18.2821,17.2453,0.0,0.0,0.0,0.0,0,0.8612687474665586,0.8882245642480745,False,False,False,False,-0.08718563864429951,-0.07531053118470284,False,False,False,False,8252.0,120772.9435610457,False,False,False,False,16362.686373146811,False,False,False,False
2025-02-03 17:00:00+00:00,17.295,17.445,17.125,17.445,20617.0,,,,17.63048215342553,17.431055889339106,17.82612545202913,18.517330423696272,18.9885820114613,19.060076097443762,18.770806335210196,18.76596039000261,18.27593066578536,17.8222561532396,17.688310176425627,17.449945718005086,17.374716359635173,17.091438364553994,,,,17.406707639149865,17.747766629830682,18.068550316915655,18.980630576570384,18.931685279742638,18.420532162123234,17.945462190509275,17.629434869367685,17.4821357565881,17.414164356767508,17.281066236713954,17.038025464703885,16.98913007395501,,17.547722732329532,17.82612545202913,18.169491058442798,18.049501156446627,17.795022427149068,"rgba(239, 83, 80, 0.5)",1.1781191759718959,18.297980263327187,-0.72401865679125,48.66870759377579,-6.383917431088179,True,False,False,False,True,0.0,18.2392,17.256999999999998,0.0,0.0,0.0,0.0,0,0.8706026307739367,0.8866116039563576,False,False,False,False,-0.10758262235776807,-0.09144657677123545,False,False,False,False,28869.0,119348.07621901398,False,False,False,False,16428.644723950736,False,False,False,False
2025-02-04 17:00:00+00:00,17.48,17.72,17.43,17.51,9499.0,,,,17.622291929769663,17.433702194102633,17.82247649980661,18.508782521733014,18.97866987706129,19.051249542870845,18.76481557351927,18.76000562714055,18.273004109032634,17.82138448619032,17.687893924897722,17.45023594307042,17.375175346761967,17.09247753710513,,,,17.413633844047393,17.745089904293714,18.06251084211665,18.97106145397944,18.92451940787217,18.416765511548295,17.944136843532267,17.629204204199418,17.48234193675184,17.414543556282737,17.28173574261717,17.039141651384853,16.990317340339026,,17.547822902237332,17.82247649980661,18.165677011723282,18.045868936647288,17.793461710689613,"rgba(239, 83, 80, 0.5)",1.1741016961033233,18.29329473015165,-0.6671438536808975,49.310051165350544,-6.383917431088179,True,False,False,False,True,0.0,18.1947,17.271900000000002,0.0,0.0,0.0,0.0,0,0.8757451181911612,0.8872559095580678,False,False,False,False,-0.07333437910845772,-0.08239047793984658,False,False,False,False,38368.0,118092.57116135483,False,False,False,False,16321.208371641422,False,False,False,False
2025-02-05 17:00:00+00:00,17.725,17.765,17.63,17.745,8552.0,,,,17.630234335417754,17.439046463346227,17.821177754927497,18.502482634290597,18.970851008203386,19.04423036324281,18.760177958043734,18.75539858762922,18.270970804867055,17.821070090433455,17.687964360019592,17.450899191969516,17.37595586607981,17.093732544259815,,,,17.425859532634053,17.744701121617073,18.058864262207,18.963515385262973,18.918876777724513,18.414025491676824,17.94343665743175,17.62943315453624,17.482942607475675,17.415274723676305,17.282689126190093,17.040453842695705,16.99168452847788,,17.550441192701673,17.821177754927497,18.16426296754937,18.044585140195036,17.79321209320047,#000000,1.1704101537187024,18.291490571157656,-0.46692227457298613,52.01054662224629,-4.059716681561767,True,False,True,False,True,0.0,18.1508,17.291775,0.0,0.0,0.0,0.0,0,0.8756423432682423,0.8819116135662897,False,False,False,False,-0.05892347209072066,-0.07065697501528362,False,False,False,False,46920.0,116989.12044567491,False,False,False,False,16200.755528670237,False,False,False,False
2025-02-06 17:00:00+00:00,16.28,16.34,16.01,16.085,70332.0,,,,17.00978481754484,17.263279084902944,17.671765910031855,18.358320897187763,18.834189993848174,18.924313501727315,18.668639135116596,18.664205872998295,18.209293354826958,17.781899989355836,17.653612888075866,17.4243749419414,17.35302475404348,17.07821853336595,,,,17.104097187248865,17.598370591134863,17.907490202164354,18.830982853097026,18.816520495848575,18.3435948000585,17.899659338239182,17.596937294948713,17.454928706096634,17.39021474984521,17.262389937330298,17.02634648367296,16.97871914319776,,17.388643068257025,17.671765910031855,18.029594345722657,17.921065976783378,17.70848090637561,"rgba(255, 0, 0, 1.0)",1.1986010990294085,18.131531752248506,-1.7074335689377607,43.80074099164179,0.3390801855387693,True,False,False,True,False,0.0,18.0737,17.30285,0.0,0.0,0.0,0.0,0,0.8730427844818986,0.8838137030018948,False,False,False,False,-0.24178214425570865,-0.15621955963549614,False,False,False,False,-23412.0,114812.35888837762,False,False,False,False,17039.99962900093,False,False,False,False
2025-02-07 17:00:00+00:00,16.045,16.125,15.995,16.105,26550.0,,,,16.882452153375986,17.205322557237672,17.619784921384227,18.306801748744217,18.78472117478423,18.88050880049628,18.634815191121504,18.630504964762228,18.186172473392762,17.76697316083135,17.64045633948394,17.41410754212346,17.34410012693273,17.072063721727286,,,,17.014960802544657,17.547523072513254,17.8543630600026,18.782915658305473,18.778856830121537,18.317320460048503,17.883045312263512,17.584463415761043,17.44410726390543,17.3804924529286,17.254445838520173,17.02072206560643,16.973525099796728,,17.33393206751783,17.619784921384227,17.987303468054023,17.88348463402842,17.679749333255227,"rgba(255, 0, 0, 1.0)",1.2173230600100973,17.968876491802195,-1.53112723567952,38.497947796766624,-4.395398687947846,False,True,False,True,False,0.0,17.999,17.315425,0.0,0.0,0.0,0.0,0,0.8752619499051988,0.8840435086318729,False,False,False,False,-0.2561038527049729,-0.2061617061702345,False,False,False,False,3138.0,113080.9734792555,False,False,False,False,17187.44149521797,False,False,False,False
2025-02-10 17:00:00+00:00,16.06,16.38,16.06,16.24,27135.0,,,,16.802312276134977,17.15885469161207,17.57492668055053,18.259914226324323,18.738691368970446,18.839455311986793,18.603140453597444,18.5989471904738,18.164714922006766,17.75332834828196,17.628515555761684,17.40494447575784,17.33618151187118,17.066795905451492,,,,16.950852544506386,17.503950139928662,17.807521422995997,18.73814768166143,18.74351785675711,18.292862976754073,17.867773337338285,17.573184118021572,17.43442727950403,17.371840603250845,17.247465815211978,17.015952940360556,16.969163637934013,,17.288724539182525,17.57492668055053,17.95175191915842,17.852194494198667,17.65512771955576,"rgba(239, 83, 80, 1.0)",1.231518135846499,17.933091839108506,-1.3748005732329232,36.18249089449027,-6.399854874919313,False,True,False,True,False,0.0,17.9346,17.324475,0.0,0.0,0.0,0.0,0,0.8793069109739093,0.8786098386775543,False,False,False,False,-0.24833665817286854,-0.22724918217155152,False,False,False,False,30273.0,111797.12892918951,False,False,False,False,17341.6672084704,False,False,False,False
2025-02-11 17:00:00+00:00,16.12,16.2,16.09,16.115,13652.0,,,,16.763660496341366,17.134966965170726,17.55197144220615,18.236086851053145,18.71533145182189,18.81856936070667,18.586914822836977,18.582779800435393,18.153593790071785,17.746147723345505,17.622196055939508,17.400033167387807,17.331914174062103,17.063883862604097,,,,16.91878334177915,17.481600708670268,17.78365133958627,18.715411385622673,18.725471638992058,18.280236815257677,17.859772529133764,17.567198390663524,17.42924988252943,17.367192095101995,17.243677650910197,17.01329896583412,16.966719997024477,,17.265502674950508,17.55197144220615,17.933679739608195,17.83628928314165,17.64248190316197,"rgba(239, 83, 80, 1.0)",1.2388598070893824,17.91233201776879,-1.4507953260599376,34.11081605772545,-8.362027939436139,False,True,False,True,False,0.0,17.8644,17.330575,0.0,0.0,0.0,0.0,0,0.8753781004234723,0.8883847549909256,False,False,False,False,-0.2578866577023466,-0.24256791993694904,False,False,False,False,16621.0,110321.53003106255,False,False,False,False,17284.463065703418,False,False,False,False
2025-02-12 17:00:00+00:00,16.115,16.495,16.07,16.45,32141.0,,,,16.7126207286218,17.09348731236935,17.50806865068914,18.187275455738543,18.66616193951563,18.77427940703948,18.552643312751307,18.548635108550354,18.1304758256583,17.73159343725049,17.60953267359792,17.390453707875583,17.323672842501047,17.05858449513049,,,,16.869617190183416,17.439284194444284,17.736666681838027,18.667516660397855,18.68721414965919,18.25384942823902,17.8434113641281,17.555274033811035,17.419111720168676,17.358168225014857,17.236477340587093,17.008545401352865,16.96241580909218,,17.2235547973069,17.50806865068914,17.899335963732593,17.80624892123496,17.61827324607051,"rgba(239, 83, 80, 1.0)",1.2413147926349455,17.877342689275757,-1.1498635944279127,35.798819540309935,-8.362027939436139,False,True,False,True,False,0.0,17.7988,17.33875,0.0,0.0,0.0,0.0,0,0.8752509032517061,0.8814733038940186,False,False,False,False,-0.2404121636917233,-0.24149004181433617,False,False,False,False,48762.0,109367.1187127515,False,False,False,False,17514.796971661504,False,False,False,False
2025-02-13 17:00:00+00:00,16.53,16.69,16.47,16.63,16352.0,,,,16.705948874759112,17.080665992774993,17.491598246486525,18.16673026601957,18.644609502410177,18.754673965967548,18.537593012693865,18.53364344405832,18.120601927234834,17.725655349790625,17.604475350269475,17.386826556086096,17.32061781633565,17.0568743940834,,,,16.858340710703505,17.42371013228108,17.718119196224688,18.646504282827976,18.670306482075922,18.242471620125222,17.83662746979763,17.5505648646516,17.415241482950655,17.354785351436075,17.233898961881152,17.007074900475246,16.961145678767455,,17.209449920033315,17.491598246486525,17.886404108705165,17.795036764212156,17.609137779553706,"rgba(239, 83, 80, 0.5)",1.2408392248723876,17.866239718320493,-0.9962932292438075,38.416833191618196,-8.362027939436139,False,False,False,True,True,0.0,17.7332,17.3455,0.0,0.0,0.0,0.0,0,0.8841132757581843,0.8786905001004217,False,False,False,False,-0.20307681591758098,-0.2222834288659586,False,False,False,False,65114.0,108681.02384898791,False,False,False,False,17496.769111635746,False,False,False,False
2025-02-14 17:00:00+00:00,16.68,16.835,16.43,16.43,15604.0,,,,16.698612640860144,17.06827228731572,17.475890086124164,18.147228184932715,18.624145804771587,18.736021972674994,18.523214734877563,18.51932031608565,18.11110416829701,17.71988922361174,17.59954606874972,17.38325861744846,17.317599907906484,17.055142805381927,,,,16.84721482758034,17.40882714972937,17.700490157848687,18.626543201758153,18.654182765252845,18.23155288424104,17.830058801667747,17.545966295960515,17.411440532510227,17.35145145614434,17.231336520703465,17.005573903729804,16.959837255807148,,17.19590402744382,17.475890086124164,17.873976105242498,17.784231915645563,17.600344288687204,"rgba(239, 83, 80, 1.0)",1.2378007305897738,17.85453977256693,-1.1508635738873587,38.93594482188529,-8.362027939436139,False,False,False,True,True,0.0,17.6606,17.350700000000003,0.0,0.0,0.0,0.0,0,0.8817300968934169,0.8760363600039957,False,False,False,False,-0.19654860821903417,-0.20941601854249636,False,False,False,False,49510.0,107763.64363427492,False,False,False,False,17467.423854091005,False,False,False,False
2025-02-17 17:00:00+00:00,16.43,16.43,16.43,16.43,0.0,,,,16.698612640860144,17.06827228731572,17.475890086124164,18.147228184932715,18.624145804771587,18.736021972674994,18.523214734877563,18.51932031608565,18.11110416829701,17.71988922361174,17.59954606874972,17.38325861744846,17.317599907906484,17.055142805381927,,,,16.84721482758034,17.40882714972937,17.700490157848687,18.626543201758153,18.654182765252845,18.23155288424104,17.830058801667747,17.545966295960515,17.411440532510227,17.35145145614434,17.231336520703465,17.005573903729804,16.959837255807148,,17.19590402744382,17.475890086124164,17.873976105242498,17.784231915645563,17.600344288687204,"rgba(239, 83, 80, 1.0)",1.244988917784145,17.85453977256693,-1.1442188377888163,39.282019242063356,-8.362027939436139,False,False,False,True,True,0.0,17.5884,17.358900000000002,0.0,0.0,0.0,0.0,0,0.8790734984458035,0.8868946154617469,False,False,False,False,-0.22182533135904814,-0.21562067495077225,False,False,False,False,49510.0,106860.48636862724,False,False,False,False,17196.61108115936,False,False,False,False
2025-02-18 17:00:00+00:00,16.27,16.41,16.255,16.35,37423.0,,,,16.658630396360813,17.028490582432838,17.431447233482658,18.095905725983616,18.571445217144152,18.688020073568662,18.485676530118173,18.48191667858171,18.085520387164674,17.703622200967178,17.585363688984863,17.372490828178115,17.308308804819223,17.049141501798665,,,,16.804784982651267,17.366105983502074,17.65231251331022,18.575099756955556,18.61241336521326,18.20245284400877,17.811804645479256,17.53260211938615,17.400057336591168,17.341297600150835,17.223206770547115,17.00018442404018,16.954952834164246,,17.154748138810376,17.431447233482658,17.838683613094354,17.75328427497038,17.57517501353847,"rgba(239, 83, 80, 1.0)",1.2530705997380442,17.81554560784403,-1.1695634772297763,38.96752999388411,-8.362027939436139,False,False,False,True,True,0.0,17.5027,17.3664,0.0,0.0,0.0,0.0,0,0.8797030199658873,0.8849202367813787,False,False,False,False,-0.2340938750556332,-0.22485727500320274,False,False,False,False,12087.0,105391.12999081907,False,False,False,False,17510.198506257664,False,False,False,False
2025-02-19 17:00:00+00:00,16.14,16.395,15.815,16.32,35913.0,,,,16.61224249660307,16.986153611238358,17.386102709492615,18.045034796847812,18.519607103004347,18.640680765195224,18.448223893288247,18.444591448082967,18.05944537633788,17.686561401860413,17.57032430841334,17.36078106644832,17.298098183004658,17.042187536943107,,,,16.75824997335369,17.322233477156846,17.603871000865023,18.524446812059875,18.570971391961216,18.173005912965305,17.792825788142128,17.518353542053887,17.387729106729868,17.33020290828085,17.214142864033185,16.99385014692528,16.949126994300517,,17.111685987471716,17.386102709492615,17.802532745782607,17.7214310497686,17.54915460914059,"rgba(239, 83, 80, 1.0)",1.2597320857737428,17.773765356524805,-1.1540274102265837,38.541016426564426,-8.362027939436139,False,False,False,True,True,0.0,17.465899999999998,17.372975,0.0,0.0,0.0,0.0,0,0.8708229426433913,0.891271820448878,False,False,False,False,-0.2629987678306669,-0.24392802141693481,False,False,False,False,-23826.0,103387.76363437227,False,False,False,False,17795.513258098632,False,False,False,False
2025-02-20 17:00:00+00:00,16.22,16.3,15.88,15.885,22848.0,,,,16.578166253765982,16.956590991310055,17.35543826973482,18.011480393295393,18.485674095632195,18.609644381455727,18.42343911861026,18.419887287432562,18.04188849344975,17.67481026019967,17.5598765181483,17.352490241905368,17.29081281955587,17.03703879264976,,,,16.725094560668357,17.292413608029474,17.57150285252952,18.491265013481566,18.54367213465628,18.153292855508116,17.779842803565018,17.50841400488854,17.379026944019497,17.322320026819916,17.207608258935,16.98911592305699,16.94473109484322,,17.081986159027874,17.35543826973482,17.778071042019054,17.699802708367553,17.531407698538576,"rgba(239, 83, 80, 1.0)",1.2656415351494417,17.74489772170225,-1.469529618023039,35.533152272029774,-9.118633579813952,False,True,False,True,False,0.0,17.4105,17.376199999999997,0.0,0.0,0.0,0.0,0,0.8735974580478602,0.8926620990964156,False,False,False,False,-0.26491926544536176,-0.2544236434311483,False,False,False,False,-46674.0,101061.22466329673,False,False,False,False,17873.846385880046,False,False,False,False
2025-02-21 17:00:00+00:00,15.75,15.91,15.655,15.76,14003.0,,,,16.550733983443177,16.93480366479507,17.333965344544477,17.98897840484814,18.463292569144333,18.58920527301731,18.40696329385354,18.403462308415534,18.029981386572512,17.666627462940173,17.5525270124011,17.34652710447173,17.285528906740428,17.03314848246902,,,,16.69958789625176,17.27138601296918,17.549257219655807,18.46937189336436,18.525619834332346,18.140011231121562,17.77087629269334,17.50138738655285,17.372788892672137,17.316628198597897,17.20281298024048,16.985503160825445,16.941343030835302,,17.06051916676832,17.333965344544477,17.761041368179438,17.684696085546896,17.518967233085576,"rgba(255, 0, 0, 1.0)",1.2774195096379053,17.724218040801787,-1.5376452496475186,32.88350062618388,-11.886453403187737,False,True,False,True,False,0.0,17.3539,17.381775,0.0,0.0,0.0,0.0,0,0.8695738551703585,0.9013608820899971,False,False,False,False,-0.304735851510822,-0.27957974747098513,False,False,False,False,-60677.0,98553.65528867196,False,False,False,False,17813.83326361834,False,False,False,False
2025-02-24 17:00:00+00:00,15.85,15.97,15.815,15.815,7152.0,,,,16.539005259700723,16.924838161295593,17.32385338566233,17.97812801468757,18.45238819945373,18.579215689594136,18.39891747398542,18.395441572002525,18.024193251377305,17.662676466110913,17.54898894931758,17.343675445214124,17.283007260341122,17.031314848292038,,,,16.688321560239157,17.2615137064151,17.53868262595196,18.45870144272888,18.516794437341396,18.13354545625667,17.766536455802296,17.498009882942906,17.36980322036965,17.31390913507815,17.20053261189381,16.983805336594642,16.939755552943975,,17.05058733781239,17.32385338566233,17.752977760561787,17.67754599835965,17.51307010958143,"rgba(239, 83, 80, 1.0)",1.2751840813942854,17.714621131422028,-1.4896838496799492,31.875059394776155,-13.078879983897679,False,True,False,True,False,0.0,17.299,17.38825,0.0,0.0,0.0,0.0,0,0.8748134142700765,0.8977012638073439,False,False,False,False,-0.29039066621887394,-0.28498520684492956,False,False,False,False,-53525.0,96195.84667954527,False,False,False,False,17648.533523097125,False,False,False,False
2025-02-25 17:00:00+00:00,15.83,16.095,15.81,16.02,16613.0,,,,16.517403221232655,16.904690200364577,17.302601134351157,17.954618790067496,18.42845559607946,18.557207464328823,18.38121472088323,18.37779477057638,18.011536225730634,17.654115068770903,17.54135315498838,17.33757644977558,17.27762969754714,17.027471888980234,,,,16.666592079986163,17.240848892721996,17.51618378048171,18.43527202666351,18.497347596648186,18.11937847525106,17.75710210991249,17.4907354987254,17.363409992093494,17.308102201243084,17.19569336112052,16.980261890082495,16.936456568873375,,17.030196620248912,17.302601134351157,17.735893039992884,17.66240488454833,17.50056803644642,"rgba(239, 83, 80, 1.0)",1.2847987994059238,17.69476131789311,-1.3035203011300303,33.9231587413375,-13.078879983897679,False,True,False,True,False,0.0,17.2424,17.39545,0.0,0.0,0.0,0.0,0,0.8737468982630273,0.8955831265508687,False,False,False,False,-0.28261509262859125,-0.2838001497367604,False,False,False,False,-36912.0,94132.15913412596,False,False,False,False,17632.478739793292,False,False,False,False
2025-02-26 17:00:00+00:00,16.01,16.04,15.82,15.84,33529.0,,,,16.47310196757377,16.8634443141125,17.25937445864566,17.907078000842386,18.380100997569997,18.512645826205947,18.345173033438847,18.341864091975783,17.985538255653317,17.63633791441633,17.525438558313986,17.32476279748012,17.266292866553005,17.019253749735235,,,,16.62219147564016,17.198745821595715,17.47057557373894,18.38790582626644,18.457851292431304,18.090364644762882,17.737572073079434,17.475547603948566,17.349996349977186,17.295883710951422,17.18544909915593,16.97265771327379,16.929352623015443,,16.98854741535014,17.25937445864566,17.701042404009456,17.63145763089407,17.474930292910553,"rgba(239, 83, 80, 1.0)",1.2929755576934714,17.654173505776022,-1.4030996138954952,33.98214196125873,-13.078879983897679,False,True,False,True,False,0.0,17.1944,17.4012,0.0,0.0,0.0,0.0,0,0.873017456359102,0.9035411471321697,False,False,False,False,-0.28552698616984906,-0.2846635679533047,False,False,False,False,-70441.0,91580.63728708525,False,False,False,False,17878.936433749983,False,False,False,False
2025-02-27 17:00:00+00:00,15.72,15.96,15.72,15.805,19057.0,,,,16.44783665376056,16.839842136539936,17.23473891410236,17.880094648644448,18.352662372396292,18.48730138409064,18.324563915728636,18.32131685505784,17.97054701332504,17.625983079610133,17.516137133157695,17.317219911662075,17.259598442889224,17.014340272635977,,,,16.596890646941397,17.17471676991621,17.44465092471636,18.361011668267444,18.43531933008511,18.07368098875386,17.726227888299476,17.466656959668477,17.34210999290641,17.288681370026755,17.179377794633027,16.968097636701227,16.92508005669027,,16.964744930310268,17.23473891410236,17.681114463798416,17.613727338114348,17.460192463662004,"rgba(239, 83, 80, 1.0)",1.3027421633401206,17.630966779207004,-1.4016332859952731,33.7707977161126,-13.078879983897679,False,True,False,True,False,0.0,17.1519,17.4067,0.0,0.0,0.0,0.0,0,0.8670703861808795,0.9055891988484067,False,False,False,False,-0.2972223980491089,-0.2909429830012068,False,False,False,False,-89498.0,88773.21655395214,False,False,False,False,17897.20098516471,False,False,False,False
2025-02-28 17:00:00+00:00,15.91,16.01,15.88,15.99,31968.0,,,,16.41774764728089,16.807428399499237,17.198959910795814,17.839175828388047,18.31026883162662,18.447897138563345,18.292524034029334,18.28937431563459,17.947379049748182,17.61012967096732,17.50196044161354,17.305840084276745,17.249527777562317,17.007093368153296,,,,16.564568634921642,17.140008622202437,17.40634993642234,18.319424670750468,18.40024278220459,18.047849306097678,17.70879724375135,17.453137976969508,17.330197516324965,17.277832071443036,17.170295045711526,16.961403523804183,16.91883839487357,,16.93131725278419,17.198959910795814,17.651671097889597,17.587521892724236,17.43838044042133,"rgba(239, 83, 80, 1.0)",1.3042943727589897,17.59763184002579,-1.232568255757439,36.20559802753852,-13.078879983897679,False,True,False,True,True,0.0,17.1114,17.411299999999997,0.0,0.0,0.0,0.0,0,0.8724378109452735,0.9028855721393035,False,False,False,False,-0.28358520287146033,-0.2872640929363336,False,False,False,False,-57530.0,86504.94963063505,False,False,False,False,18115.352907875334,False,False,False,False
2025-03-03 17:00:00+00:00,16.065,16.13,15.745,15.85,15746.0,,,,16.402727924695768,16.79140426007945,17.181360447305778,17.819118773150162,18.289488107496084,18.428542841281384,18.276717133928848,18.27361444253651,17.9358711156719,17.602190345699274,17.494841358262697,17.300092249907255,17.244428119805697,17.003386035610752,,,,16.548564755085618,17.122914852091363,17.387553598005066,18.299028796122784,18.382970413174057,18.03504732667765,17.700087609077407,17.446340577523177,17.324186713037705,17.2723460938462,17.165681981216093,16.957970440103388,16.915629548864736,,16.914823678746803,17.181360447305778,17.637128569545137,17.574555939673683,17.427563284986558,"rgba(239, 83, 80, 1.0)",1.304683479615627,17.58113531897974,-1.3268622972751603,36.59883530119674,-13.078879983897679,False,True,False,True,True,0.0,17.0716,17.4152,0.0,0.0,0.0,0.0,0,0.8678684627575274,0.9025356576862124,False,False,False,False,-0.28455583330224815,-0.28590996311929084,False,False,False,False,-73276.0,84027.72560535389,False,False,False,False,18078.618754264862,False,False,False,False
2025-03-04 17:00:00+00:00,15.58,16.08,15.575,15.85,17164.0,,,,16.385049608951928,16.773177792483157,17.16164074228939,17.7969037748838,18.26655663282098,18.407174687642048,18.25919762218584,18.256145964144373,17.923025513667085,17.593248963910575,17.48679790507172,17.29355310689023,17.238610515784366,16.99910450633328,,,,16.53008683790342,17.103721266700642,17.366605157025347,18.276515637054803,18.363863379123195,18.020790646290358,17.690304453406164,17.438648799405808,17.317355856988637,17.26609710491761,17.160400705948188,16.95399392113255,16.911901901808346,,16.89617360028685,17.16164074228939,17.620840562097463,17.560013381218482,17.415406589823462,"rgba(239, 83, 80, 1.0)",1.3078773015982794,17.562548321117372,-1.3094105379950922,36.86099348363555,-13.078879983897679,False,True,False,True,True,0.0,17.031599999999997,17.4177,0.0,0.0,0.0,0.0,0,0.8696855843385404,0.9011271504844769,False,False,False,False,-0.2988529595899434,-0.2923814613546171,False,False,False,False,-73276.0,81588.90815410808,False,False,False,False,18064.438618539825,False,False,False,False
2025-03-05 17:00:00+00:00,15.735,15.89,15.67,15.7,17830.0,,,,16.36525577828897,16.75338011881185,17.140534479280493,17.773408582674218,18.24239977854351,18.38465407514899,18.240658377866552,18.237659519703417,17.909331327055508,17.583628956921682,17.478115440247596,17.28644486085763,17.23226914150151,16.994380248442837,,,,16.50973950337053,17.083134483113405,17.344305381447395,18.252792639254043,18.343684807074375,18.005629060057924,17.679807199870805,17.430332976891624,17.309938702207493,17.259295751018428,17.154623399447175,16.949593510382087,16.907765153737685,,16.876030638259174,17.140534479280493,17.60341955939152,17.54443719181034,17.40235712060561,"rgba(239, 83, 80, 1.0)",1.3147178541557878,17.54256251287235,-1.4014889255881489,35.68257105122558,-13.078879983897679,False,True,False,True,True,0.0,16.988599999999998,17.42,0.0,0.0,0.0,0.0,0,0.875568743818002,0.9010880316518298,False,False,False,False,-0.30506327617512724,-0.2987223687648722,False,False,False,False,-91106.0,78911.46771761029,False,False,False,False,18060.80391127564,False,False,False,False
2025-03-06 17:00:00+00:00,15.84,16.02,15.765,15.99,17469.0,,,,16.35214291032264,16.737918885441417,17.122944422032045,17.75281938747337,18.220779751888017,18.364372574813963,18.223994003216525,18.221043694983873,17.897136049431808,17.575175694208212,17.470531018240276,17.280316600384555,17.226823554454523,16.99042172183408,,,,16.495107698154865,17.06609066833133,17.32534079458906,18.23154553868398,18.32550534149743,17.992087116406708,17.67053892764435,17.42309063876443,17.30353356576288,17.253444021839872,17.149696703432138,16.945927576746964,16.90433915537433,,16.859886554009407,17.122944422032045,17.58858493409436,17.53117287633752,17.391249826709874,"rgba(239, 83, 80, 1.0)",1.3060221325884094,17.526011422683816,-1.1760990754724725,39.14311007173083,-14.420574685888909,False,False,False,True,True,0.0,16.9455,17.423000000000002,0.0,0.0,0.0,0.0,0,0.8753333991899631,0.8986466462511111,False,False,False,False,-0.29039066621887394,-0.29455651749187306,False,False,False,False,-73637.0,76546.37519485664,False,False,False,False,18051.628656837256,False,False,False,False
2025-03-07 17:00:00+00:00,15.925,16.13,15.92,16.105,34650.0,,,16.051666666666666,16.335381525425547,16.71342002866949,17.093052969071984,17.71604639222529,18.18136947718302,18.32715603001897,18.193422299418636,18.190562289424395,17.874910250015795,17.559928599871224,17.456919442675606,17.269443830934005,17.217193314764643,16.983579269365418,,,,16.47413911610765,17.037318889514623,17.292455583324514,18.192781366824708,18.292103551323105,17.96735583719096,17.653755098403494,17.410126956937358,17.2921540085152,17.243079965786315,17.141039148773046,16.93962582655101,16.89848367983808,,16.83355955458622,17.093052969071984,17.500693618514653,17.410936825715382,17.371878386853083,"rgba(239, 83, 80, 0.5)",1.2985866433435387,17.383928438470026,-0.984861845781119,42.86216561789002,-10.97910045182801,True,False,False,True,True,0.0,16.9081,17.426924999999997,0.0,0.0,0.0,0.0,0,0.8792251433089542,0.895137378928642,False,False,False,False,-0.27326373194488496,-0.283910124718379,False,False,False,False,-38987.0,74755.16007555653,False,False,False,False,18308.967747428924,False,False,False,False
2025-03-10 17:00:00+00:00,16.07,16.09,15.91,15.915,16446.0,,,16.02591748864882,16.326000097761522,16.70106107977187,17.07839602547953,17.698331004262723,18.16247699184375,18.30930146185596,18.17868029835018,18.175862632379786,17.864092759561483,17.55241992691944,17.45018732088947,17.26401571777287,17.2123675584514,16.980090600958114,,,,16.463109429362092,17.023163809113047,17.276465784106456,18.174191511443524,18.27603711935172,17.955355832767548,17.645518412455402,17.40370204143932,17.286481321899885,17.23789703381635,17.136679327223714,16.936399109627384,16.89547263148911,,16.82043697971442,17.07839602547953,17.487013551388184,17.398613397660466,17.362344104930425,"rgba(239, 83, 80, 1.0)",1.2920919973940326,17.369063418129556,-1.1253559507079978,43.205700339075314,-10.693920599715433,True,False,False,True,True,0.0,16.871,17.4298,0.0,0.0,0.0,0.0,1,0.8779259259259258,0.8955061728395062,False,False,False,False,-0.2764829968886278,-0.2801965608035034,False,False,False,False,-55433.0,72736.7389891138,False,False,False,False,18280.08452653855,False,False,False,False
2025-03-11 17:00:00+00:00,15.425,15.64,15.33,15.585,25290.0,,,15.85786570837588,16.295186980059214,16.671514441487588,17.04765796946761,17.664809442826765,18.12816419400804,18.277144228362772,18.15180965224011,18.149062617716346,17.843768027113242,17.537739010108808,17.4368152752491,17.252859469857018,17.2023342714288,16.972381847999763,,,,16.432259747022847,16.993041281598295,17.24433369081292,18.140443782720848,18.246984437297,17.933028371808103,17.629620520584332,17.390840836673327,17.27487747046822,17.227184761418208,17.127453763009434,16.92916694714419,16.888626805371164,,16.790648455040678,17.04765796946761,17.453604510776657,17.365940875753402,17.342912493532992,"rgba(239, 83, 80, 1.0)",1.2864778790687803,17.330325853996182,-1.3566699298860383,40.518812191464114,-10.693920599715433,False,False,False,True,False,0.0,16.8213,17.431825,0.0,0.0,0.0,0.0,1,0.8766787569846091,0.8984413292814429,False,False,False,False,-0.34282825441539394,-0.31151240760944865,False,False,False,False,-80723.0,70357.51822959265,False,False,False,False,18388.765386592215,False,False,False,False
2025-03-12 17:00:00+00:00,15.185,15.3,15.105,15.255,24169.0,,,15.704550842822334,16.25736494848862,16.637668406162874,17.013879690974548,17.62940258118484,18.092539840021566,18.24384810847778,18.123780276128823,18.121103080231958,17.822220604441977,17.521861849145704,17.42224729016357,17.24051916881351,17.191177037476574,16.963594371489783,,,,16.395575289530168,16.959759775630943,17.20958332238346,18.105404418760802,18.216812166868205,17.90948015657827,17.61253210148377,17.376780325058064,17.262069980575546,17.21530568622122,17.117118397333897,16.92087694684607,16.88073713711896,,16.757043792906558,17.013879690974548,17.418819753726915,17.332383873068295,17.321695054183802,"rgba(255, 0, 0, 1.0)",1.2802884598950808,17.289618583179216,-1.5891876299079908,36.58198736893713,-9.040612298105415,False,True,False,True,False,0.0,16.765,17.430699999999998,0.0,0.0,0.0,0.0,0,0.8718173836698855,0.8978636230611646,False,False,False,False,-0.34282825441539394,-0.3271703310124213,False,False,False,False,-104892.0,67640.47143533539,False,False,False,False,18478.381427110162,False,False,False,False
2025-03-13 17:00:00+00:00,15.175,15.28,15.07,15.21,9507.0,,,15.659816739655831,16.242751773446727,16.624480558258934,17.00069194013806,17.61556574808756,18.078605002312703,18.230806621084056,18.112776213483194,18.110126091723824,17.813734156771943,17.515586359135906,17.416483290537936,17.2356266030026,17.18674898933277,16.960096255596724,,,15.186666666666667,16.38135443656122,16.94676389856869,17.196015273096013,18.09169426145364,18.204977756762634,17.90021556825792,17.60578379277025,17.371214628343843,17.25699421023802,17.210594014637433,17.11301266215083,16.917574553279895,16.877592222738162,,16.743937810211545,17.00069194013806,17.29674480743869,17.320259756171254,17.161460996108946,"rgba(239, 83, 80, 1.0)",1.2719872442558258,17.105085128553267,-1.4898617396607483,33.6959185064262,-11.603424175203102,False,True,False,True,False,0.0,16.7088,17.42925,0.0,0.0,0.0,0.0,0,0.8622099560462023,0.9021772462434835,False,False,False,False,-0.34282825441539394,-0.3349992927139076,False,False,False,False,-114399.0,64818.15404874104,False,False,False,False,18339.290242193725,False,False,False,False
2025-03-14 17:00:00+00:00,15.395,15.425,15.27,15.325,8149.0,,,15.637769835294515,16.232312856198885,16.614551133616587,16.990481299702726,17.604570454111528,18.067394269372343,18.220274867961052,18.10390025018866,18.101272314935425,17.806925352327394,17.510586447058657,17.41190435915844,17.231763865692685,17.1832587825168,16.95736706507694,,,15.257436565473492,16.370959197714992,16.93673237248612,17.185405841009118,18.08065949192338,18.19541872818719,17.89277029240535,17.600393985913936,17.366799691078626,17.25298395873985,17.206877405757226,17.10978629610029,16.91500374619465,16.875149417569663,,16.733965894441777,16.990481299702726,17.29108599575199,17.311622210214175,17.160455499325277,"rgba(239, 83, 80, 1.0)",1.2606710389584,17.099212960649233,-1.407356007888573,33.52202899349636,-11.741066558910319,False,True,False,True,False,0.0,16.6603,17.429225000000002,0.0,0.0,0.0,0.0,0,0.8608929309632076,0.9115336916081025,False,False,False,False,-0.3211135801708371,-0.32805643644237237,False,False,False,False,-106250.0,62165.934606124894,False,False,False,False,18181.30124619072,False,False,False,False
2025-03-17 17:00:00+00:00,15.44,15.515,15.355,15.39,6644.0,,,15.626181490529012,16.22472602438036,16.60706947320923,16.982647898986805,17.595998076952608,18.058587807337435,18.211981718247852,18.096913738974262,18.094303402401607,17.801580835262712,17.506676539590078,17.408329578712657,17.22875883887651,17.1805459937799,16.955258437729753,,,15.301883950617285,16.36328199950019,16.929050906040004,17.177216270745898,18.071988674136026,18.18788922163024,17.8869212489097,17.596173392290098,17.36335582421726,17.249862952198466,17.20398749499971,17.107282983792345,16.913020071067283,16.873266989581428,,16.726400486162564,16.982647898986805,17.286470112422702,17.30530399033138,17.158941569980424,"rgba(239, 83, 80, 1.0)",1.2547850287871838,17.094439714129905,-1.358351968685294,34.39222764803715,-11.741066558910319,False,True,False,True,False,0.0,16.615099999999998,17.431024999999998,0.0,0.0,0.0,0.0,0,0.8465325342465752,0.9188784246575344,False,False,False,False,-0.31021096971891304,-0.3191337030806427,False,False,False,False,-99606.0,59657.842596727605,False,False,False,False,18002.42835865288,False,False,False,False
2025-03-18 17:00:00+00:00,15.32,15.48,15.29,15.465,13586.0,,,15.605129935014432,16.209488822922747,16.591953270358236,16.966786430193988,17.578610269997476,18.04070475256045,18.19512528834277,18.082695866585034,18.08012112838796,17.790688274185182,17.498694963231628,17.401029008691346,17.222616762292134,17.174998511098902,16.950941255824358,,,15.341252265568636,16.34782755673498,16.913497759657538,17.160625819173518,18.054377738375052,18.17257299934514,17.875006431796276,17.58756071265094,17.356321383521998,17.243485012550945,17.198079589872346,17.10216193167083,16.90895754246617,16.86941083813815,,16.7111014262984,16.966786430193988,17.274687464688668,17.292638969312442,17.152224112965893,"rgba(239, 83, 80, 1.0)",1.2408430111735995,17.08176124598359,-1.3029539042609777,36.12927460534112,-11.741066558910319,False,True,False,True,True,0.0,16.5668,17.433575,0.0,0.0,0.0,0.0,0,0.8494889725658954,0.9104895104895105,False,False,False,False,-0.31643212783180075,-0.3177829154562217,False,False,False,False,-86020.0,57399.27139367757,False,False,False,False,17933.956601154387,False,False,False,False
2025-03-19 17:00:00+00:00,15.37,15.505,15.3,15.5,5503.0,,,15.598625842920393,16.203654079061334,16.58605759721306,16.960547558445025,17.57172086094101,18.033593486096947,18.188411961346755,18.07702961382048,18.074469046043678,17.786347447862454,17.495515261839394,17.39812159305141,17.220172620541334,17.172790998481414,16.94922585169002,,,15.35314223267034,16.341862135837008,16.907384794548335,17.154082728137144,18.047373009721465,18.1664691811464,17.870258325350495,17.584128649870756,17.353520511454548,17.24094695530338,17.195728776645428,17.100124953660778,16.907343813343108,16.867879598886468,,16.70511485982668,16.960547558445025,17.269939770296197,17.287752254623648,17.14930326189826,"rgba(239, 83, 80, 1.0)",1.220620566583882,17.076663860156533,-1.2916903936569735,37.84574683120388,-11.741066558910319,False,True,False,True,True,0.0,16.5159,17.436475,0.0,0.0,0.0,0.0,0,0.8428356282271943,0.911790017211704,False,False,False,False,-0.3142520471168586,-0.31601748128654017,False,False,False,False,-80517.0,55261.03462788412,False,False,False,False,17741.228591834162,False,False,False,False
2025-03-20 17:00:00+00:00,15.71,15.77,15.68,15.77,12364.0,,,15.609808572391259,16.195936685253542,16.576480522036874,16.949479641631896,17.558588882594346,18.01961555669143,18.17510477796425,18.065846355618035,18.063315049513424,17.777910232720853,17.48945900775592,17.39263058008831,17.215639557656473,17.16871850431308,16.946159314481076,,,15.438933301048076,16.333152930835922,16.896640224992442,17.142137718933867,18.03359238500631,18.154374345469883,17.86098519007773,17.5775460489095,17.348252980400225,17.236229105811358,17.191380801375104,17.096401411528255,16.90447939165323,16.86518091921502,,16.695048383595356,16.949479641631896,17.26557690047669,17.280312882714053,17.148520482518354,"rgba(239, 83, 80, 1.0)",1.18734055544085,17.073151389971915,-1.0975380096303256,42.78784744092802,-12.032662624771035,True,False,False,True,True,0.0,16.470399999999998,17.440975,0.0,0.0,0.0,0.0,0,0.855179131940686,0.9061586751812967,False,False,False,False,-0.2745667477385986,-0.2952921145125694,False,False,False,False,-68153.0,53347.63874218049,False,False,False,False,17657.860706689444,False,False,False,False
2025-03-21 17:00:00+00:00,15.535,15.6,15.49,15.57,3181.0,,,15.60868217661824,16.193196572649562,16.573509452661828,16.94623000536101,17.554897024891282,18.01575461338451,18.17144382378827,18.0627568941682,18.060233394071634,17.7755529514849,17.487742078513882,17.391064828629105,17.21433081871527,17.167538072467263,16.945251161347944,,,15.445108115292815,16.33026047685067,16.89346680381082,17.138692284793304,18.02978711045516,18.151042993846424,17.85840362445039,17.57568880697322,17.346746658885717,17.234869260333962,17.190123022919227,17.095315332468346,16.903626937460984,16.864373852598714,,16.691992780113452,16.94623000536101,17.263175701634758,17.27787892458353,17.14696466293855,"rgba(239, 83, 80, 1.0)",1.1484414625015884,17.070640736848876,-1.3066758610230866,43.63889955252444,-11.252355860851956,True,False,False,True,True,0.0,16.4262,17.4434,0.0,0.0,0.0,0.0,0,0.8567089706041867,0.9003145677405359,False,False,False,False,-0.29660518125326096,-0.2959486478829152,False,False,False,False,-71334.0,51414.59007951103,False,False,False,False,17433.41325387255,False,False,False,False
2025-03-24 17:00:00+00:00,15.9,16.07,15.865,15.93,13913.0,,,15.636469167983451,16.18883550332144,16.56575239583877,16.936240672639556,17.542116720149107,18.0017403421767,18.157989280391345,18.051481735598735,18.048988768854546,17.767154170909556,17.48182014060445,17.38573776283875,17.210009204246642,17.163675012184157,16.942435191867645,,,15.542492026667766,16.324269836279505,16.88386917082957,17.12757062391076,18.015957336837737,18.138809650313796,17.84913572971018,17.569210974023047,17.341656881415606,17.2303618936075,17.185988847474544,17.09181569120267,16.90101643234601,16.86193346647445,,16.683465600039472,16.936240672639556,17.260782100493937,17.272029737973654,17.147434897220936,"rgba(239, 83, 80, 0.5)",1.1002250916300031,16.938986252503895,-0.9170725701311394,48.212309641388046,-6.985913586853158,True,False,False,False,True,0.0,16.3984,17.448400000000003,0.0,0.0,0.0,0.0,0,0.8629633632335457,0.8905219928671784,False,False,False,False,-0.24527817350331105,-0.2706134106931131,False,False,False,False,-57421.0,49727.2165899062,False,False,False,False,17378.83320342491,False,False,False,False
2025-03-25 17:00:00+00:00,15.98,16.01,15.82,15.925,12638.0,,,15.655616659499747,16.18441040925075,16.55845993554321,16.92700708819232,17.5304191702326,17.98894943375462,18.145707453537245,18.041166584656846,18.038701182092893,17.759438935437814,17.476352184201698,17.380809878678857,17.205995312757935,17.16008143339211,16.93979665646054,,,15.598055955235813,16.318467490194124,16.874982167645253,17.117337479978787,18.003333100783784,18.127630314597653,17.840633575316453,17.563238852515315,17.336944293293286,17.22617809232947,17.182146301615198,17.088553392906345,16.89856615130293,16.859638880850234,,16.67550775094915,16.92700708819232,17.25653589256729,17.26619415451261,17.145407574897476,"rgba(239, 83, 80, 0.5)",1.0203954232648338,16.93521906367278,-0.9900270430854194,51.19578805049485,-4.289313491040865,True,False,True,False,True,0.0,16.3724,17.454275,0.0,0.0,0.0,0.0,0,0.860871440897325,0.888481449525453,False,False,False,False,-0.2515824908149889,-0.261097950754051,False,False,False,False,-70059.0,47870.06594510146,False,False,False,False,17305.33191344933,False,False,False,False
2025-03-26 17:00:00+00:00,15.69,15.83,15.625,15.68,16142.0,,,15.660091633610637,16.174734858474537,16.54644998157803,16.913087188121814,17.513836989700867,17.97123077159138,18.128777443737963,18.026867043776427,18.02443814526939,17.748582023070018,17.46850450051849,17.373680947736773,17.200087634265877,17.15476264323823,16.935768407722282,,,15.616101396938479,16.307587879380268,16.861464941415058,17.1023063660577,17.985851459454615,18.112193580470535,17.82872654957291,17.55472293715113,17.330099983607894,17.220034618004536,17.17647506688104,17.08368164341417,16.89479812083584,16.856084370081845,,16.662871672858145,16.913087188121814,17.24596183188135,17.256060014160845,17.137866350947572,"rgba(239, 83, 80, 1.0)",1.0198106386671693,16.92005140177246,-1.2159624098382948,50.15952737955954,-4.289313491040865,True,False,False,False,True,0.0,16.3407,17.458925,0.0,0.0,0.0,0.0,0,0.8573425069877444,0.8898086433025155,False,False,False,False,-0.2742625285013078,-0.2676802396276794,False,False,False,False,-86201.0,45791.444767658024,False,False,False,False,17287.29575975244,False,False,False,False
2025-03-27 17:00:00+00:00,14.51,15.0,14.51,14.995,36352.0,,,15.534349680408939,16.11570522905445,16.493478188188984,16.860833976042564,17.459940745045404,17.917223888103315,18.077979684782143,17.98334466428258,17.981013061332426,17.714205002820012,17.442391821297296,17.34949558247183,17.17921681612137,17.13573619587378,16.920364712036363,,,15.41031212479194,16.25043626738183,16.80978977267413,17.048990764878507,17.93263668237777,18.065706370311986,17.79148895585525,17.526841755204778,17.30665976008424,17.19844435947317,17.156313541787824,17.065905445956126,16.88017627578305,16.842088946611735,,16.610452883659114,16.860833976042564,17.188308210865305,17.211018616524097,17.091842215940883,"rgba(255, 0, 0, 1.0)",1.0215680095804691,16.826973587635408,-1.7932957673447032,44.12998379802527,0.1071542375579213,True,False,False,True,False,0.0,16.2925,17.4583,0.0,0.0,0.0,0.0,0,0.8469041560644612,0.9045801526717557,False,False,False,False,-0.34282825441539394,-0.3052542470215367,False,False,False,False,-122553.0,43181.453375911384,False,False,False,False,17582.87256967876,False,False,False,False
2025-03-28 17:00:00+00:00,14.18,14.29,14.105,14.14,43740.0,,,15.324227051257523,16.01816585595499,16.41035368095356,16.782057830790883,17.382376591293287,17.84132635413016,18.006933496192996,17.921925091638496,17.91972024540827,17.664709505215804,17.403908284760547,17.313556788781906,17.147688207195184,17.106835376615493,16.89638439980633,,,15.113773224960884,16.15799036037745,16.731453214682727,16.97000321664098,17.857863282403173,18.0004702540699,17.73821009715123,17.48604138014606,17.271693056583768,17.165903298438852,17.125776305946143,17.038698310927913,16.857294255437843,16.820077789486394,,16.529329930489144,16.782057830790883,17.10225329034054,17.142677917333028,17.02394628908952,"rgba(255, 26, 202, 1.0)",1.0472748978714796,16.703341842932353,-2.4476303672915143,36.70375116668396,-6.544025294114505,False,True,False,True,False,0.0,16.228099999999998,17.4543,0.0,0.0,0.0,0.0,0,0.8388650403099152,0.9018950895194221,False,False,False,False,-0.34282825441539394,-0.32404125071846535,False,False,False,False,-166293.0,39933.787432098805,False,False,False,False,17988.409429063584,False,False,False,False
2025-03-31 17:00:00+00:00,13.965,14.69,13.945,14.48,39164.0,,,15.208167111542505,15.947144724514326,16.34685457707367,16.720301892507358,17.31998063743531,17.779388337840523,17.94858457950615,17.87134412562671,17.869243040959553,17.623946576448137,17.372232421815962,17.284004235527448,17.121816782808757,17.08311025205844,16.876768149242523,,,14.982192880393692,16.089373070658443,16.6701864689291,16.90752754253504,17.796782955585403,17.946751431339372,17.694340442791447,17.452430534830896,17.242956945664172,17.13920334834645,17.100719362035946,17.016386342710632,16.838587531005054,16.802095718526544,,16.466759328642784,16.720301892507358,17.041538879393052,17.091525829660494,16.977109612525158,"rgba(255, 26, 202, 1.0)",1.0593316905628,16.628347468303936,-2.0280215228551923,35.003138340217546,-7.84863179571424,False,True,False,True,False,0.0,16.1705,17.451975,0.0,0.0,0.0,0.0,0,0.8378853714049246,0.8934409269604802,False,False,False,False,-0.3298512331635958,-0.3269462419410306,False,False,False,False,-127129.0,37343.666696717424,False,False,False,False,18316.71315884554,False,False,False,False
2025-04-01 17:00:00+00:00,14.325,14.37,14.0,14.1,22698.0,,,15.138813841039585,15.903475841870414,16.30801905546077,16.682791930020205,17.28243624985424,17.742291591570318,17.9136355873887,17.840922842873663,17.838882124849526,17.599249082059274,17.35288152191454,17.265902393949492,17.10588716697807,17.068472065481522,16.86457439099047,,,14.905266543778046,16.047283217879095,16.632925961894735,16.86972034515442,17.760191678620416,17.914510888405605,17.66782305653224,17.43194453002274,17.225334084761165,17.12277722226779,17.085277166744742,17.00258780309014,16.826940425066486,16.790883091749187,,16.42857561738284,16.682791930020205,17.0049484142569,17.060549045753383,16.948819001140482,"rgba(255, 26, 202, 1.0)",1.0723680666031992,16.583398920192128,-2.3158083474627027,32.44092470222384,-10.187109216556642,False,True,False,True,False,0.0,16.1095,17.448,0.0,0.0,0.0,0.0,0,0.8407735033943632,0.8974490845505041,False,False,False,False,-0.34282825441539394,-0.33488724817821225,False,False,False,False,-149827.0,34441.79589521793,False,False,False,False,18384.640086615378,False,False,False,False
2025-04-02 17:00:00+00:00,14.07,14.355,14.07,14.345,11506.0,,,15.110273945896902,15.883364239528229,16.28974484500031,16.66492988702195,17.264340762732726,17.72429170539542,17.8966293031952,17.826104725169568,17.82409338009724,17.587223182347817,17.343465037068523,17.257098626574717,17.098148959871548,17.061360432275915,16.858661556931807,,,14.876010681323104,16.027731596325303,16.61520261542557,16.85164128911012,17.742429472020348,17.89880557140457,17.654910736600023,17.42197089622463,17.21676602062825,17.11479785792383,17.077776149220185,16.995887822621885,16.821294524825127,16.78544984261629,,16.410528684939404,16.66492988702195,16.988013124923118,17.045982039273856,16.935762505447805,"rgba(255, 26, 202, 1.0)",1.0889928936969877,16.563425299113277,-2.0371347801747484,32.90240785835878,-10.187109216556642,False,True,False,True,False,0.0,16.0557,17.44585,0.0,0.0,0.0,0.0,0,0.8427531028823467,0.8984511231921222,False,False,False,False,-0.3398501165666781,-0.33736868237244516,False,False,False,False,-138321.0,31763.30293560215,False,False,False,False,18277.994503877155,False,False,False,False
2025-04-03 17:00:00+00:00,13.33,13.34,12.915,12.975,18457.0,,,15.009941441525728,15.829436765288131,16.24447654327961,16.623046680469933,17.22454859906266,17.686108342680953,17.860939769951703,17.794814958319165,17.792860788323352,17.561340868773666,17.322750129919235,17.237571565643368,17.08070483288034,17.045259265470335,16.844956384687276,,,14.754602452743738,15.976932643675797,16.573366914885096,16.81020462986366,17.70479087356914,17.865820530020585,17.62727893365389,17.400186482380352,17.197686712049236,17.096844019501358,17.060828061761317,16.98060774804866,16.808146163804,16.772738452192755,,16.36667605368476,16.623046680469933,16.945050995701486,17.010583795751696,16.902145329867828,"rgba(255, 26, 202, 1.0)",1.1559442846388441,16.506413402747807,-3.0550031257355448,29.147101525031584,-13.569143041518473,False,True,False,True,False,0.0,15.9781,17.436875,0.0,0.0,0.0,0.0,0,0.8373119358074222,0.900702106318957,False,False,False,False,-0.34282825441539394,-0.34009846839391955,False,False,False,False,-156778.0,28840.181959856378,False,False,False,False,18280.76978288681,False,False,False,False
2025-04-04 17:00:00+00:00,12.315,12.33,11.965,12.115,10529.0,,,14.931286975120548,15.789400049220605,16.211724926421216,16.59337135430376,17.197117707732197,17.660220984492263,17.836862182875155,17.77362981977382,17.771712597069076,17.543641680789424,17.308426758475967,17.224015512761042,17.06850096299454,17.0339705256524,16.83524332872436,,,14.657570190291462,15.939588763939785,16.543644077089063,16.7811221447073,17.67928432352301,17.843551441868183,17.608439650835795,17.385176240256616,17.184416565747526,17.084295283164703,17.04895807057136,16.96985831070941,16.79880772280939,16.7636917669008,,16.335171832985782,16.59337135430376,16.913989369077314,16.98527502442709,16.877743182315314,"rgba(255, 26, 202, 1.0)",1.2511693917479245,16.463953159090288,-3.4759107661790365,25.18053153013055,-17.41931601369852,False,True,False,True,False,0.0,15.876599999999998,17.4249,0.0,0.0,0.0,0.0,0,0.8402307998408276,0.9081774771189813,False,False,False,False,-0.34282825441539394,-0.3414633614046567,False,False,False,False,-167307.0,25799.14037908341,False,False,False,False,18160.58730563275,False,False,False,False
2025-04-07 17:00:00+00:00,11.49,11.95,11.46,11.855,8675.0,,,14.861228293876898,15.753680559453692,16.18263939449792,16.56714604608307,17.173050356835642,17.63761148410278,17.815857841312578,17.75512012377704,17.753234607009357,17.528122356733878,17.295818299233826,17.212066620610955,17.05771654965812,17.02398667826779,16.826623035560278,,,14.571558342556282,15.906328355751992,16.517357470079542,16.755484379082315,17.657008948320897,17.824114870212327,17.591938620070817,17.371978591621154,17.17271252115707,17.073209902238062,17.038464596902855,16.96034090866059,16.790514065183878,16.75565191010369,,16.307237731797034,16.56714604608307,16.886567278061147,16.96292681646759,16.856190248710107,"rgba(255, 26, 202, 1.0)",1.3491887786223205,16.42641404807612,-3.3882686548461116,22.16509297534554,-20.35472271671044,False,True,False,True,False,0.0,15.7655,17.411324999999998,0.0,0.0,0.0,0.0,0,0.8235002478929103,0.9224590976698068,False,False,False,False,-0.34282825441539394,-0.34214580791002536,False,False,False,False,-175982.0,22670.750605764286,False,False,False,False,18013.523936553174,False,False,False,False
2025-04-08 17:00:00+00:00,11.48,11.5,10.885,11.0,20986.0,,,14.672136781328973,15.656690517609762,16.1040832945131,16.496753273905334,17.109065835930952,17.577874428774457,17.760448278063024,17.70618217884218,17.704378323951335,17.48688276368114,17.262129117080885,17.18008065560678,17.028745893939135,16.997135807503437,16.803328011397102,,,14.341237369873841,15.816190067597793,16.446731727777898,16.68689299118392,17.598159562343934,17.772802021216386,17.548157862545857,17.336772550589597,17.141355428536965,17.043445033441962,17.01026008575129,16.934705458163087,16.76808003165992,16.73388471200349,,16.231938561795353,16.496753273905334,16.813182480120858,16.90306101080851,16.79847677876328,"rgba(255, 26, 202, 1.0)",1.474588811215586,16.325887018073146,-3.6117777224165426,19.118178698534624,-23.344932553023245,False,True,False,True,False,0.0,15.6374,17.3931,0.0,0.0,0.0,0.0,0,0.8029175641276679,0.9292148032112788,False,False,False,False,-0.34282825441539394,-0.3424870311627096,False,False,False,False,-196968.0,19265.498658388093,False,False,False,False,18059.60883676165,False,False,False,False
2025-04-09 17:00:00+00:00,10.805,12.55,10.76,12.54,31950.0,,,14.477236133551749,15.542017192302614,16.00805969049622,16.40889306813563,17.027244193434694,17.500326411351182,17.688067016140923,17.642184693846662,17.640488490538743,17.43309105179373,17.218316877743767,17.1385492690548,16.99124618424474,16.9623812530371,16.7733084137721,,11.95,14.120226174772334,15.70824811853115,16.358766468801246,16.600589138246804,17.521697576242907,17.705649796058335,17.491017998973884,17.290922853623822,17.10067463667486,17.004913521147017,16.97376019665842,16.901568938057608,16.739191396470435,16.705877307523792,,16.139207473095645,16.40889306813563,16.46665214722932,16.83009399596298,16.411540274785505,"rgba(255, 26, 202, 1.0)",1.5253740879234,15.857567824724061,-2.1749207954886023,25.229892615757528,-23.344932553023245,False,True,False,True,True,0.0,15.5303,17.38245,0.0,0.0,0.0,0.0,0,0.8036803966437833,0.9165713196033562,True,False,False,False,-0.3083456195076139,-0.32541632533516174,False,False,False,False,-165018.0,16408.390152056494,False,False,False,False,18274.963738517283,False,False,False,False
2025-04-10 17:00:00+00:00,11.25,11.525,11.06,11.36,14865.0,,,14.375292450293207,15.482038411412345,15.95812444645502,16.36350438147713,16.98540290086454,17.460925375980523,17.651343078119808,17.60962410665201,17.60798097236359,17.40556135606896,17.19575092545305,17.117113045315,16.97181329758936,16.944346145354636,16.757645616344792,,11.748370714514579,14.004570086174137,15.651912666590752,16.313275161344475,16.556160995129527,17.48284977385726,17.67154280472415,17.461827659479088,17.26735117950678,17.079657372423277,16.984957301730145,16.954833316795444,16.884343690688038,16.724101987271947,16.69123315295414,,16.091084661357254,16.36350438147713,16.412670472323047,16.7924311006496,16.36513252421225,"rgba(255, 26, 202, 1.0)",1.6086637675776618,15.788619524571567,-2.7529802149023452,26.870883787757023,-31.082207221872807,False,True,False,True,True,0.0,15.4049,17.3659,0.0,0.0,0.0,0.0,0,0.7854126679462573,0.9276391554702496,False,False,False,False,-0.3352602952989164,-0.3303383103170391,False,False,False,False,-179883.0,13365.112785357944,False,False,False,False,18222.096083656546,False,False,False,False
2025-04-11 17:00:00+00:00,11.2,11.46,11.13,11.39,15918.0,,,14.273561240362076,15.419844507107763,15.9059482953449,16.315899102298964,16.941362813417797,17.41936511351646,17.61255564378219,17.5751904826665,17.57360298798092,17.376410851734697,17.171824523140483,17.094378427249087,16.95119343960451,16.925200521271027,16.7410084058815,,11.641366665072608,13.891341392472645,15.59332482658892,16.26557411304642,16.50951047729636,17.44186336304747,17.63548741728049,17.430932699824147,17.24236412936971,17.057365152258345,16.963785715483404,16.934747219349322,16.866054030861964,16.70807114087707,16.67567343963131,,16.0407295023843,16.315899102298964,16.361866532267577,16.75315642369059,16.323830785497346,"rgba(255, 26, 202, 1.0)",1.6845570621072887,15.72442383179084,-2.5730347337529267,28.09395944978553,-29.70825345525191,False,True,False,True,True,0.0,15.285599999999999,17.349275,0.0,0.0,0.0,0.0,0,0.7884155098133079,0.9221637146960269,False,False,False,False,-0.33507157312733926,-0.3327049417221892,False,False,False,False,-163965.0,10615.808711166348,False,False,False,False,18186.373663754894,False,False,False,False
2025-04-14 17:00:00+00:00,12.185,12.27,12.0,12.27,12222.0,,,14.221261149855692,15.383035553047755,15.873995819990137,16.28610154779526,16.913079758060007,17.39225100721724,17.58709493342434,17.55258282785548,17.551032474369883,17.35734823092702,17.156248274343145,17.07960807885122,16.93784978021249,16.912815808098923,16.730305622461046,,11.72919505036355,13.837529695978017,15.55819026339489,16.235785423390425,16.480057795564264,17.415102057815233,17.611787677209648,17.410708285761025,17.226067965853122,17.042897151769317,16.950081703053705,16.921753861411833,16.854243282549255,16.697768542690287,16.66568380980292,,16.00965192211939,16.28610154779526,16.33892278961081,16.728974057767307,16.3091235044405,"rgba(255, 0, 0, 1.0)",1.727524154014279,15.697243292415704,-1.9839047022594491,32.490261191161814,-25.342931384872628,False,True,False,True,True,0.0,15.1821,17.33435,0.0,0.0,0.0,0.0,0,0.7977645164345932,0.9165482618168038,False,False,False,False,-0.27285745124944416,-0.3027811964858167,False,False,False,False,-151743.0,8098.617878435087,False,False,False,False,18093.902754239312,False,False,False,False
2025-04-15 17:00:00+00:00,11.805,11.985,11.745,11.93,10919.0,,,14.17029489053235,15.347903685530667,15.843679552125002,16.25796558509612,16.886546219221376,17.366913880300178,17.563326541870754,17.531451019043505,17.52993484096639,17.339477588989176,17.14159916254751,17.065701779126456,16.92526058789421,16.901123617744013,16.720172606940643,,11.749217788077104,13.78422377263051,15.524734700451559,16.20763918268789,16.45230999165163,17.39009620204189,17.589654028126144,17.391765441078416,17.210756458351177,17.029268692926173,16.93715612181799,16.90949126124129,16.84308291541002,16.688008836031976,16.656215498583038,,15.980213254749787,16.25796558509612,16.313974526565964,16.706090103861893,16.29090805940712,"rgba(255, 26, 202, 1.0)",1.7715665867167465,15.6671642555176,-2.1095251420629384,34.554320999405135,-23.19177684385034,False,True,False,True,True,0.0,15.0705,17.3172,0.0,0.0,0.0,0.0,0,0.7859969845457974,0.9215039577836411,False,False,False,False,-0.2911631901562977,-0.2969721933210572,False,False,False,False,-162662.0,5451.16643845935,False,False,False,False,17982.663951848004,False,False,False,False
2025-04-16 17:00:00+00:00,12.02,12.06,11.63,11.865,11271.0,,,14.119196882360836,15.312012886510304,15.812593181777354,16.22906804732293,16.859259858074182,17.34083792001465,17.538848930291504,17.509668445335485,17.508187237597767,17.32103527150286,17.126462838219787,17.051328599454823,16.912241391413502,16.889027579320683,16.7096818844438,,11.761104157016142,13.731210960728907,15.490508024418835,16.178732899214584,16.423800223772687,17.364357732326443,17.566846520160087,17.372224261072102,17.194939886660954,17.015181015564984,16.923790904613963,16.89680807122097,16.83153426360415,16.677902811156827,16.64640979264365,,15.950007201059732,16.22906804732293,16.28804480821892,16.68263006357603,16.271690101611686,"rgba(255, 26, 202, 1.0)",1.8126876417316202,15.636069678899464,-2.0803747938045434,35.758011466482216,-21.742870880772212,False,False,False,True,True,0.0,14.9529,17.299025,0.0,0.0,0.0,0.0,0,0.7911984134479176,0.9186892057795825,False,False,False,False,-0.29267686314921654,-0.29482452823513683,False,False,False,False,-173933.0,2670.016571196414,False,False,False,False,17878.607146392995,False,False,False,False
2025-04-17 17:00:00+00:00,11.85,12.12,11.73,12.05,15167.0,,,14.057200369286548,15.266429951729885,15.772710068170747,16.191780609115778,16.823837525593998,17.30686211805558,17.506898853645154,17.481209154785038,17.47977344896517,17.296930539873532,17.10667168619474,17.032536721403062,16.895222729339118,16.873211040502266,16.695968521630014,,11.788864027589808,13.668394167922399,15.446868756931826,16.14145266929929,16.38693970444195,17.330812262272755,17.537051704655344,17.346688163713743,17.17425774864036,16.996763784434027,16.90632154012006,16.88022754485973,16.816434654707386,16.66469241100976,16.63359255623556,,15.911171909065331,16.191780609115778,16.25558167654418,16.652482889219375,16.2479574464556,"rgba(255, 0, 0, 1.0)",1.8448997921955823,15.597814111467674,-1.9230389241062698,37.406408827634245,-19.80234004440454,False,False,False,True,True,0.0,14.8722,17.279825000000002,0.0,0.0,0.0,0.0,0,0.7955062571103528,0.9182783466059916,False,False,False,False,-0.286629916824737,-0.2907272225299369,False,False,False,False,-158766.0,167.13259334840768,False,False,False,False,17836.566725518685,False,False,False,False
2025-04-18 17:00:00+00:00,12.05,12.05,12.05,12.05,0.0,,,14.057200369286548,15.266429951729885,15.772710068170747,16.191780609115778,16.823837525593998,17.30686211805558,17.506898853645154,17.481209154785038,17.47977344896517,17.296930539873532,17.10667168619474,17.032536721403062,16.895222729339118,16.873211040502266,16.695968521630014,,11.788864027589808,13.668394167922399,15.446868756931826,16.14145266929929,16.38693970444195,17.330812262272755,17.537051704655344,17.346688163713743,17.17425774864036,16.996763784434027,16.90632154012006,16.88022754485973,16.816434654707386,16.66469241100976,16.63359255623556,,15.911171909065331,16.191780609115778,16.25558167654418,16.652482889219375,16.2479574464556,"rgba(255, 0, 0, 1.0)",1.877486992073572,15.597814111467674,-1.8896610876378561,38.505340401735594,-18.33798624869376,True,False,False,True,True,0.0,14.791100000000002,17.2604,0.0,0.0,0.0,0.0,0,0.8078803566292782,0.9152526124053301,False,False,False,False,-0.27722207536585974,-0.2839746489478983,False,False,False,False,-158766.0,-2296.9469817422655,False,False,False,False,17560.030807293588,False,False,False,False
2025-04-21 17:00:00+00:00,12.025,12.045,11.815,12.04,17899.0,,,13.988479592898681,15.214208960722425,15.726694141383847,16.148607318696243,16.782688873785116,17.267314869099387,17.469661843404054,17.44799722383732,17.44661412471981,17.26876159270846,17.083510023525633,17.01053781120479,16.875288598177278,16.85467576332604,16.67988666296457,,11.813305045912658,13.599783820818644,15.396739242924648,16.098297386236187,16.34421628931959,17.291756789353595,17.50229530722987,17.316860951723125,17.15005969813187,16.9752012156097,16.885863192325616,16.860803301577207,16.798735323704452,16.64919743811667,16.61855660557244,,15.866304346352477,16.148607318696243,16.21789265482156,16.617661826696914,16.220111440570417,"rgba(255, 0, 0, 1.0)",1.9082062753248814,15.553846391924003,-1.8414394907729532,39.199973081374004,-17.205213549171987,True,False,False,True,True,0.0,14.7071,17.24145,0.0,0.0,0.0,0.0,0,0.8089239349937495,0.9145110106741031,False,False,False,False,-0.2862526635746698,-0.28511365626128404,False,False,False,False,-176665.0,-5000.327648691998,False,False,False,False,17565.286143614616,False,False,False,False
2025-04-22 17:00:00+00:00,12.61,12.645,12.445,12.485,14127.0,,,13.95146996713967,15.181033493517955,15.696431215747042,16.119617163213267,16.754409282978152,17.239757379549122,17.44356987399364,17.424706879162702,17.423361004692815,17.249057417947697,17.067354968710355,16.9952164675916,16.86144551966248,16.84180492146862,16.66876536338571,,11.88296178645494,13.566637348131588,15.364458337411309,16.069379856706917,16.31530204399457,17.264521186670315,17.477904248711088,17.29598444509824,17.133159484957954,16.96019545309525,16.87165462590891,16.847317226209576,16.78646049239697,16.638489471816023,16.60817369723809,,15.836574297608648,16.119617163213267,16.196053869239467,16.594533394584055,16.205506646986784,"rgba(255, 0, 0, 1.0)",1.9217646263992243,15.530159435074356,-1.5845642037755774,42.09767495743211,-14.060664782772491,True,False,False,True,True,0.0,14.634500000000001,17.22055,0.0,0.0,0.0,0.0,0,0.8123329515082094,0.9144711722031309,False,False,False,False,-0.24041558193161142,-0.2627646190964477,False,False,False,False,-162538.0,-7442.772181270416,False,False,False,False,17511.97938169811,False,False,False,False
2025-04-23 17:00:00+00:00,12.765,12.895,12.69,12.795,18080.0,,,13.91516191064093,15.143921227366292,15.661732047121436,16.08590449952799,16.72102172123237,17.20693343821248,17.412375899707868,17.396833924455137,17.395532646967734,17.225496100093736,17.048057275846553,16.976927870221097,16.84494525408668,16.826460800673058,16.655534756714392,,11.98430226329594,13.537274168752834,15.327993943249469,16.035797153915397,16.281504597550462,17.232063228562467,17.448707111112952,17.271018062981536,17.112958646375223,16.942290801084685,16.854719028731807,16.83124333123828,16.771836159588304,16.62575475512625,16.595830275320473,,15.80230960581945,16.08590449952799,16.172229493348436,16.567789291524512,16.190219568459074,"rgba(239, 83, 80, 1.0)",1.9235235358042457,15.505664697860439,-1.4092183679609,45.55586894137667,-10.543974597795717,True,False,False,True,True,0.0,14.561399999999999,17.200625,0.0,0.0,0.0,0.0,0,0.8121067683508103,0.913632030505243,False,False,False,False,-0.22225502309165704,-0.2425098210940524,False,False,False,False,-144458.0,-9567.039279235214,False,False,False,False,17520.785902912095,False,False,False,False
2025-04-24 17:00:00+00:00,13.45,13.9,13.35,13.9,24748.0,,,13.906994449570899,15.114188284166623,15.630421874840774,16.053485435152172,16.686754217621168,17.172018298788906,17.378750640160497,17.366764893550176,17.365513297171688,17.200281441432033,17.027594709656828,16.957619270005104,16.82767333334672,16.810410728968463,16.641865130095976,,12.213363921153771,13.546137425966592,15.29730929272736,16.003706323038003,16.248251465600326,17.19747565060486,17.4171375076793,17.244244534741572,17.09145631968311,16.92342977505215,16.83698287815952,16.814430952801608,16.756596748036962,16.61262642431245,16.583134827977954,,15.77065405015327,16.053485435152172,16.158092499165335,16.54268906696853,16.185752269835703,"rgba(239, 83, 80, 0.5)",1.9069271588577437,15.497505859359734,-0.8377382701480036,51.98955868476913,-4.472222518514997,True,False,True,False,True,0.0,14.506799999999998,17.18565,0.0,0.0,0.0,0.0,0,0.8159940069294878,0.9030808128101881,False,False,False,False,-0.16214418663988042,-0.2023270038669664,False,False,False,False,-119710.0,-11274.682081107538,False,False,False,False,17632.835733874697,False,False,False,False
2025-04-25 17:00:00+00:00,13.57,13.75,13.57,13.715,22435.0,,,13.898771826764332,15.08757443269443,15.602345245009857,16.02438394939759,16.655965736862054,17.14062014115803,17.348478919382234,17.3396458331012,17.338438398916686,17.1774864335187,17.00904837955147,16.940107170910753,16.811988770362834,16.79582471700935,16.629421567983407,,12.370169417130644,13.551804570686079,15.269834753388894,15.974897839914533,16.21839741478733,17.166364778506193,17.388684786999956,17.22005952897396,17.071978834748744,16.906319022067272,16.820881350961685,16.799159313744113,16.74273987505156,16.600670890125006,16.57156967074489,,15.74225594535896,16.02438394939759,16.142747561074646,16.52000676817486,16.178235469855387,"rgba(239, 83, 80, 0.5)",1.8954505704093008,15.486677324081686,-0.9346998290222429,55.2672770839218,-1.4954448161777378,True,False,True,False,True,0.0,14.4525,17.169225,0.0,0.0,0.0,0.0,0,0.8166994658420017,0.9096616999344016,False,False,False,False,-0.1596451691355111,-0.18098608650123876,False,False,False,False,-142145.0,-13303.67925814463,False,False,False,False,17707.28789303943,False,False,False,False
2025-04-28 17:00:00+00:00,13.57,13.655,13.43,13.655,23524.0,,,13.887189147902268,15.058833455977304,15.572299349402897,15.993378764929906,16.623308402968803,17.107380385931837,17.316428905246358,17.31088313307633,17.30972173231624,17.153236882646414,16.98925347857868,16.92139724247893,16.795198958770403,16.78019806162343,16.61605469514034,,12.492250080428954,13.553017441424569,15.240291423703134,15.944186790882595,16.186646863175415,17.13342598214047,17.35853394075533,17.194356062254748,17.051208345923193,16.88802976689525,16.803650817758346,16.782805773733518,16.727881785658393,16.58782090676759,16.559132830760728,,15.711915897104314,15.993378764929906,16.123791528483274,16.495650839799342,16.166882587484146,"rgba(239, 83, 80, 0.5)",1.8905126455708103,15.471389480060967,-0.9607920287211503,57.10656341269923,0.23781970976406797,True,False,True,False,True,0.0,14.396999999999998,17.15105,0.0,0.0,0.0,0.0,0,0.8174655285620485,0.9096707625926272,False,False,False,False,-0.1680427382579644,-0.17451441237960158,False,False,False,False,-165669.0,-15665.932292902078,False,False,False,False,17797.46947609308,False,False,False,False
2025-04-29 17:00:00+00:00,13.685,13.905,13.645,13.73,36191.0,,13.76,13.880455577416782,15.021824144532848,15.53180128372553,15.950630022414101,16.5772911826301,17.05998527033339,17.27049640558457,17.269575837661158,17.268480177557315,17.11840896350203,16.960826463324292,16.894544855433946,16.771133430868854,16.757786927233248,16.596923181237727,,12.662611801749618,13.565865234542489,15.201518822914382,15.901929443415975,16.142536559448168,17.086423561436813,17.315234514586578,17.157447646692013,17.0213638818343,16.86179156059193,16.778957356071817,16.75936413790345,16.70658530091565,16.56943405352426,16.54134368902748,,15.670669673641097,15.950630022414101,15.938194016598905,16.29313523271599,16.151493837643663,"rgba(239, 83, 80, 0.5)",1.8848464510787681,15.230372762374309,-0.7960185624222008,58.63414773662379,1.819541395598776,True,False,True,False,True,0.0,14.3446,17.13445,0.0,0.0,0.0,0.0,0,0.8264664476771467,0.9018301267010791,False,False,False,False,-0.151447842783135,-0.1629811275813683,False,False,False,False,-129478.0,-17430.46047440747,False,False,False,False,18082.640491967606,False,False,False,False
2025-04-30 17:00:00+00:00,11.705,12.0,11.25,11.555,66703.0,,12.360819208765006,13.677869363870125,14.851169078363702,15.376337850232666,15.802434716559464,16.434149103258758,16.92116777408405,17.138692795500948,17.150603781281838,17.149678417244033,17.01598492108491,16.875264465895793,16.81296285148961,16.696677698379006,16.688220951211264,16.53600367023927,,12.452003998781814,13.364222553288196,15.035738904783473,15.75387008555744,15.995337259430183,16.949101805221538,17.191274209194066,17.049540086202843,16.93227369689825,16.78170838135022,16.702681252682673,16.68668414018844,16.639952372537984,16.510605534406338,16.48415404411211,,15.51813705704808,15.802434716559464,15.730113480480167,16.093002290466277,16.035276554975702,"rgba(255, 0, 0, 1.0)",1.916498806593879,14.98810669863393,-1.7913429879643186,50.82477477387519,8.113086245911568,True,False,False,False,False,0.0,14.2493,17.111225,0.0,0.0,0.0,0.0,0,0.8146973541138093,0.9169989126495106,False,False,False,False,-0.30866676731545145,-0.23582394744840987,False,False,False,False,-196181.0,-20201.786668602705,False,False,False,False,18836.444515347954,False,False,False,False
2025-05-01 17:00:00+00:00,11.38,11.645,11.38,11.59,34519.0,,12.154205642843108,13.583766275879904,14.767779089555185,15.299347093186672,15.728542743057718,16.362330068020384,16.851243075647044,17.072109040468625,17.090294885743685,17.089453333892997,16.963856606351207,16.831530873924727,16.77122242913181,16.658513994538456,16.652513185187868,16.504660223362077,,12.366887228840227,13.272113172831855,14.95432897086058,15.680073452060913,15.921801699771327,16.87989275816214,17.128509777136486,16.994696872598254,16.886775417583227,16.740720004800952,16.66360475276827,16.649411990308295,16.605723134814674,16.480319595855438,16.454697908814484,,15.442400624728831,15.728542743057718,15.652400360224576,16.023835535049464,15.978637115813807,"rgba(255, 0, 0, 1.0)",1.9415650369722057,14.900984060326213,-1.7053171010380173,45.78508753608503,3.589006556866238,True,False,False,True,False,0.0,14.1634,17.0915,0.0,0.0,0.0,0.0,0,0.8210757409440175,0.9160263446761798,False,False,False,False,-0.31748282801789024,-0.27665338773315007,False,False,False,False,-161662.0,-22394.96827063987,False,False,False,False,19079.584910458838,False,False,False,False
2025-05-02 17:00:00+00:00,11.86,11.96,11.41,11.5,45593.0,,12.021947349631523,13.476131561940543,14.666599274487805,15.20446306232964,15.636684761581785,16.272254574088606,16.763057140387108,16.987867870515487,17.01378667611246,17.013049302415705,16.89756199967964,16.77576408006309,16.717972592473274,16.609786743138034,16.606873477609195,16.46455745977654,,12.28542044852863,13.169117661028636,14.854972927395831,15.588393698435217,15.830127813099724,16.79256152621326,17.048943739807815,16.92501341807006,16.82878090901424,16.688422990509146,16.61373063227264,16.601806999047504,16.56195730906237,16.44155698156381,16.41698898015552,,15.348761079143138,15.636684761581785,15.563836785738186,15.945522370389401,15.909853068946962,"rgba(255, 0, 0, 1.0)",1.9660858861483659,14.80433956281461,-1.6806689809914315,42.165566043848,0.3492692842183587,True,False,False,True,False,0.0,14.078199999999999,17.07005,0.0,0.0,0.0,0.0,0,0.8232833105957252,0.9088676671214188,False,False,False,False,-0.30398389694117933,-0.2903186423371647,False,False,False,False,-207255.0,-25261.01527419584,False,False,False,False,19490.645609521493,False,False,False,False
2025-05-05 17:00:00+00:00,11.35,11.415,11.235,11.34,36665.0,,11.906455320304756,13.385381619641286,14.582437996828556,15.12567533463447,15.560558792060503,16.19784809067128,16.690343252738465,16.91838696820224,16.95053195279198,16.94987833231722,16.84253206030251,16.729272214612084,16.673522744497586,16.56901493114989,16.568642275894227,16.43085721183584,,12.208055607087225,13.081148176414054,14.77240048347111,15.512383198051777,15.754248233623569,16.720541394158452,16.983237406851956,16.867244748545986,16.780485512780228,16.644744804116513,16.572017451404992,16.56195585445909,16.525257985171027,16.40896021552468,16.385258890102225,,15.271052717810246,15.560558792060503,15.489488724073883,15.88008369365518,15.851862664117526,"rgba(255, 0, 0, 1.0)",1.9909944773929196,14.722786772252748,-1.6990437746880604,39.26567734941489,-2.344916769849206,False,False,False,True,False,0.0,13.9887,17.043275,0.0,0.0,0.0,0.0,0,0.8199090909090908,0.9160909090909091,False,False,False,False,-0.33228385690509843,-0.3113012496211316,False,False,False,False,-243920.0,-28651.077052890476,False,False,False,False,19756.91466983899,False,False,False,False
2025-05-06 17:00:00+00:00,11.16,11.26,10.835,10.905,42483.0,,11.759560970523685,13.273968105371631,14.480710203612382,15.030704234217636,15.46902818662246,16.108730759767468,16.60344881259924,16.83535536076012,16.87477716652343,16.874221194644925,16.776378517909865,16.67315369744005,16.619803546002238,16.519627449019797,16.522284400324693,16.389867800701957,11.0,12.10443355495926,12.971862642091864,14.672715413358612,15.42094938902493,15.663143213510734,16.634467014634744,16.904632837713574,16.797882347315653,16.722252425209142,16.591930343976657,16.521510168694718,16.513662765494548,16.48071344747471,16.369286636002464,16.346617467312086,,15.177458041205348,15.46902818662246,15.112848496258106,15.800726275377599,15.482253729173356,"rgba(255, 0, 0, 1.0)",2.0265586860755374,14.258204529402004,-1.6546298670953061,36.067357410399985,-5.427331260358102,False,False,False,True,False,0.0,13.886399999999998,17.01335,1.0,11.26,10.835,0.0,0,0.8071610323518719,0.9203925845147217,False,False,False,False,-0.34282825441539394,-0.3270647520182628,False,False,False,False,-286403.0,-32647.230897031706,False,False,False,False,20109.25707805854,True,False,False,False
2025-05-07 17:00:00+00:00,11.315,11.45,11.25,11.4,8616.0,,11.747058930703794,13.256070484419968,14.46287893751155,15.0136777875697,15.45239756250687,16.092298813246327,16.58728046622435,16.819839357866137,16.8605922243756,16.86005436781555,16.763984261190345,16.66263305011775,16.609735324034716,16.510376091965043,16.513594539910986,16.38219047255825,11.06182508463962,12.091818626234964,12.954947429294538,14.655091967826262,15.404356412582752,15.646509897883384,16.618440712956957,16.88991660099918,16.78489150085731,16.711332577635535,16.58203379153645,16.51205106743798,16.504615075756636,16.472365348512355,16.36185593032311,16.33938093441515,,15.160596548114002,15.45239756250687,15.101196571335256,15.787166417001059,15.474464559930762,"rgba(239, 83, 80, 1.0)",2.048137303604062,14.24676066644755,-1.389926672122112,36.90708951925299,-5.427331260358102,False,False,False,True,False,0.0,13.7976,16.98415,0.0,0.0,0.0,0.0,0,0.8135071519101935,0.9101032047800106,False,False,False,False,-0.31922471117974294,-0.32314473159900287,False,False,False,False,-277787.0,-36447.847472271525,False,False,False,False,19931.067045840577,False,False,False,False
2025-05-08 17:00:00+00:00,11.72,11.77,11.41,11.5,24323.0,,11.731640624029259,13.212300493966266,14.416701083114186,14.968958256918746,15.40835614142162,16.048392810439815,16.5438417689532,16.778045165861773,16.822334876866055,16.82184557405863,16.730542134683535,16.63423312332428,16.58256025416116,16.485412752323246,16.490135921344002,16.361474011519768,11.2224825647689,12.067329827205183,12.914649043730124,14.609206011792615,15.360447123070331,15.60233152049833,16.575366423258167,16.850231037150603,16.749848079958785,16.681851184400564,16.55532520310982,16.486530693594315,16.48019888171163,16.44983186848584,16.341804938809524,16.31985505217393,,15.11617684467724,15.40835614142162,15.071742528087308,15.752298437061597,15.454205590857416,"rgba(239, 83, 80, 1.0)",2.0672709150075477,14.21887766741224,-1.3152014318366751,38.04020759157915,-5.427331260358102,False,False,False,True,False,0.0,13.711500000000001,16.957449999999998,0.0,0.0,0.0,0.0,0,0.8143337269506765,0.9119811063675173,False,False,False,False,-0.3004073985587009,-0.3117760650788519,False,False,False,False,-253464.0,-39812.438984329325,False,False,False,False,19999.159029625993,False,False,False,False
2025-05-09 17:00:00+00:00,11.355,11.435,11.11,11.285,22538.0,,11.699357241579063,13.16709502147568,14.371088716373789,14.925182875968064,15.365487428954973,16.005940816772824,16.502005172852495,16.73783579165249,16.785492491848967,16.78504917433963,16.698258460101354,16.60674439431292,16.556233423852923,16.46118733118569,16.467358452850856,16.34131271111787,11.234948890703688,12.03497436251262,12.871945430253675,14.564045975884989,15.317678904026245,15.559429331830097,16.533884804789945,16.812040363236605,16.71604341826892,16.653338364693326,16.529439607154732,16.46177029721705,16.456498280884134,16.427936606169915,16.32228227285082,16.30083544800076,,15.072781931925027,15.365487428954973,15.034389233671302,15.717226844077473,15.424818272404845,"rgba(239, 83, 80, 1.0)",2.0829986138318324,14.180416787076165,-1.390023386405346,37.94327157777793,-5.427331260358102,False,False,False,True,False,0.0,13.6174,16.93225,0.0,0.0,0.0,0.0,0,0.814416896235078,0.91386593204775,False,False,False,False,-0.32509787853054023,-0.3184369718046961,False,False,False,False,-276002.0,-43474.29264348701,False,False,False,False,20038.52090513567,False,False,False,False
2025-05-12 17:00:00+00:00,12.09,12.17,11.87,11.9,26665.0,,11.721092432093315,13.135176528420605,14.330689798211488,14.88444269361883,15.324432863290795,15.96400657070056,16.45990598675847,16.697045941689204,16.748016099191098,16.747619370215507,16.665444791907117,16.578827926558436,16.529525975276652,16.43666429250445,16.444282665065746,16.320949092999093,11.394361430959544,12.032435675183274,12.84525677912372,14.523270618100158,15.276829894336286,15.517914798170526,16.49209304668039,16.773182893725366,16.681686309157026,16.62435284680418,16.503197039894452,16.436710827682848,16.43250488464362,16.40577458786065,16.302570932360073,16.281641834569367,,15.031971639804233,15.324432863290795,15.010745226076665,15.686757689281336,15.407736524953217,"rgba(239, 83, 80, 0.5)",2.079972279787593,13.878857755756844,-0.9513866001901355,41.39663293335603,-5.427331260358102,False,False,False,True,True,0.0,13.5384,16.9147,0.0,0.0,0.0,0.0,0,0.8183140856597253,0.9092479767209237,False,False,False,False,-0.2675205655503933,-0.2929787686775447,False,False,False,False,-249337.0,-46665.96252498333,False,False,False,False,20141.257015133568,False,False,False,False
2025-05-13 17:00:00+00:00,11.68,11.865,11.585,11.785,44005.0,,11.723801805815592,13.076111324061152,14.260549540497363,14.81437448446754,15.25420500346875,15.892709736459903,16.38856249243512,16.62796053627858,16.68444518092172,16.684125728545933,16.609612971820766,16.531170176783277,16.48388438347137,16.394672541050213,16.404738017325876,16.285958948983033,11.485862648006483,12.012081510912001,12.79348296548184,14.452757843529106,15.206908039068278,15.447056638716417,16.421270961981328,16.707327728761424,16.623284207639852,16.574915651786576,16.45832905012945,16.393814028304803,16.391405919232778,16.367763280003157,16.26868256334401,16.24862679303901,,14.961919558600247,15.25420500346875,14.958324567443459,15.632305179524137,15.365848114371033,"rgba(239, 83, 80, 0.5)",2.0763616654537524,13.824965781453674,-0.9824713176872657,43.14439679447802,-5.427331260358102,True,False,False,True,True,0.0,13.4571,16.894050000000004,0.0,0.0,0.0,0.0,0,0.8158372684344352,0.9120958953868505,False,False,False,False,-0.29001746061225736,-0.29149811464490105,False,False,False,False,-293342.0,-50490.397214518474,False,False,False,False,20511.237526526846,False,False,False,False
2025-05-14 17:00:00+00:00,11.545,11.66,11.305,11.55,76811.0,,11.68766774454325,12.967638684399283,14.135975066645637,14.690284128834511,15.130059292277648,15.766992698494528,16.2628965117771,16.506175170293304,16.57206127185527,16.571873687075822,16.51047408600659,16.446136570511214,16.402338252402675,16.319457309951595,16.33381002677591,16.22298763752477,11.491851700951893,11.956298964391747,12.695684051222809,14.327708702215594,15.083254710772646,15.321930368116844,16.296494308799097,16.59105412130928,16.519731368534515,16.48681072116541,16.378120124237668,16.317017385561464,16.317750634955868,16.299510494432322,16.207647270881274,16.189125382659014,,14.837933424728917,15.130059292277648,14.854305331925868,15.532926758710568,15.279999394387966,"rgba(239, 83, 80, 1.0)",2.0636839555679516,13.720392522534159,-1.0517078047141375,43.16906673273748,-5.427331260358102,True,False,False,True,True,0.0,13.3741,16.875325,0.0,0.0,0.0,0.0,0,0.8091492631769278,0.9140222403037698,False,False,False,False,-0.3087260445764483,-0.30011207961067465,False,False,False,False,-370153.0,-55446.40656002981,False,False,False,False,21384.102060999296,False,False,False,False
2025-05-15 17:00:00+00:00,11.595,11.835,11.52,11.77,38153.0,,11.689234422554055,12.925883966481237,14.082658003821118,14.635760655972872,15.074691384545002,15.710040973849168,16.205416458274065,16.450183019320974,16.52020040307642,16.52007185894704,16.46459107937649,16.406654368072353,16.3644590097835,16.284492400807043,16.300788662620487,16.19364322289345,11.520975814015811,11.943451651525233,12.659811723821818,14.273653711798028,15.028173605452068,15.26584148171353,16.239372674073948,16.537442891375342,16.47186047540591,16.445916531895385,16.34085962346547,16.281335695471004,16.28349546466887,16.26772351323563,16.179193842036053,16.161380727112576,,14.783155060567092,15.074691384545002,14.810965812770004,15.489298118149705,15.243780589191669,"rgba(239, 83, 80, 0.5)",2.0496326302337793,13.684390051590015,-0.9340161858038244,44.54299238810683,-5.427331260358102,True,False,False,True,True,0.0,13.2897,16.8548,0.0,0.0,0.0,0.0,0,0.8130029839949363,0.9124694818699701,False,False,False,False,-0.29366613173515377,-0.2968891056729142,False,False,False,False,-332000.0,-59734.05917150222,False,False,False,False,21644.084974782254,False,False,False,False
2025-05-16 17:00:00+00:00,11.78,11.82,11.69,11.78,9390.0,,11.69059164870462,12.916473879283613,14.070188794781114,14.622892420130013,15.061556392583537,15.696457874571784,16.19166188353179,16.436759897030317,16.50774980485684,16.50763525563439,16.45356178115834,16.39715050555934,16.355338963170244,16.276070646666494,16.29283026958519,16.18656738671316,11.528743259017556,11.941183809791983,12.651866635709073,14.260968318863181,15.01511199092211,15.252512490991027,16.22569966503358,16.52457666591089,16.460358827705964,16.436074592171128,16.33188807581888,16.272743085873422,16.275243119014554,16.260061220482147,16.172331614063616,16.154688664003405,,14.770202024470086,15.061556392583537,14.800827564810586,15.478967962747548,15.235253252210782,"rgba(239, 83, 80, 0.5)",2.038255469846821,13.676279295511835,-0.9303442691873872,45.523145271134865,-10.067029438801178,True,False,False,True,True,0.0,13.203199999999999,16.8349,0.0,0.0,0.0,0.0,0,0.8164838153957747,0.9115060295584366,False,False,False,False,-0.28771690706177677,-0.2923030063673455,False,False,False,False,-322610.0,-63809.65515333939,False,False,False,False,21454.099161219736,False,False,False,False
2025-05-19 17:00:00+00:00,11.49,11.805,11.49,11.77,23021.0,,11.690494596236034,12.89257626920465,14.03920286882158,14.591011747289576,15.029068294830534,15.66292161221341,16.15773310062026,16.403651200084646,16.47702109572353,16.476940772042674,16.426310596754472,16.37363967249889,16.332769328101218,16.25521464326319,16.273115562641276,16.169022640607324,11.540369413986065,11.93361244760781,12.631376305000142,14.229486185516372,14.982798900982061,15.21956646065436,16.19197153273806,16.492832385915168,16.43195066007946,16.411735258013767,16.30968240551846,16.25146657696765,16.2548039770372,16.2410743113006,16.155313071280034,16.138089168209245,,14.738130484245483,15.029068294830534,14.775044822315044,15.453168375058329,15.213508066300403,"rgba(239, 83, 80, 0.5)",2.022252223154714,13.654627562702544,-0.9319448588675672,46.111779987683576,-9.052728638002478,True,False,False,True,True,0.0,13.1203,16.816200000000002,0.0,0.0,0.0,0.0,0,0.8159609120521172,0.9081614187477379,False,False,False,False,-0.2959744728053398,-0.2941387395863426,False,False,False,False,-345631.0,-68178.9783292566,False,False,False,False,21478.392197479894,False,False,False,False
2025-05-20 17:00:00+00:00,11.635,11.725,11.365,11.725,59103.0,,11.681999025408318,12.831313953092094,13.960530338533195,14.509987640859537,14.946445673744156,15.57758565547192,16.071341422942428,16.31926113168682,16.39855306752677,16.398558194443734,16.35654808222439,16.313285908899324,16.274790563625995,16.201566898213624,16.222359587520238,16.123773436291703,11.550552778577549,11.910153228313103,12.578240443409669,14.14954305920115,14.900616912266862,15.135775152584621,16.10607220417583,16.411829334197716,16.35928799979353,16.34929301500208,16.25262270042932,16.196754781203715,16.202211660301643,16.192163656643654,16.111402182973663,16.095244483215296,,14.656600253837091,14.946445673744156,14.707709764922669,15.386743786280265,15.156360224518089,"rgba(239, 83, 80, 0.5)",2.00243712546526,13.596232042233275,-0.9344773019020514,46.18412747942258,-8.50860925648994,True,False,False,True,True,0.0,13.043099999999999,16.797275,0.0,0.0,0.0,0.0,0,0.8117306299782765,0.9141020999275885,False,False,False,False,-0.30388465089239247,-0.29901169523936755,False,False,False,False,-404734.0,-73396.8856419813,False,False,False,False,22061.719450232144,False,False,False,False
2025-05-21 17:00:00+00:00,11.48,11.49,11.22,11.24,9358.0,,11.676340076836878,12.819988749959046,13.94706980798425,14.496326814942272,14.932630569971368,15.56344526040821,16.05709876114432,16.305370136506635,16.385626715980543,16.38564565837778,16.345027962153928,16.30329303988832,16.265181941645558,16.192660233335552,16.213928716686347,16.116239200095848,11.54485993126397,11.90351988385953,12.567983407414097,14.135945891836673,14.886863560866301,15.121808666939966,16.09191318935253,16.39849477810294,16.347297579548055,16.3389629243015,16.243162271526515,16.187673431498162,16.193477983308842,16.18403309317305,16.104087322457293,16.08810403564129,,14.642895670101826,14.932630569971368,14.695662870172466,15.375367102869802,15.146136746943169,"rgba(239, 83, 80, 1.0)",1.9818301624490753,13.584729229395201,-1.1831131011234925,43.181403220130434,-8.50860925648994,True,False,False,True,False,0.0,12.9628,16.77645,0.0,0.0,0.0,0.0,0,0.8105206171614182,0.9141026797798427,False,False,False,False,-0.31864643070024556,-0.30882906296980656,False,False,False,False,-414092.0,-78678.98043822964,False,False,False,False,21864.762559530867,False,False,False,False
2025-05-22 17:00:00+00:00,11.215,11.295,11.2,11.255,5312.0,,11.672624066985097,12.813353356730204,13.939297732110287,14.488462727893902,14.924691495483826,15.555334898557744,16.048938753225936,16.29741436965,16.378222264774806,16.37824908970446,16.338425663776263,16.297562827788617,16.259670972730678,16.18754993869884,16.20909090264166,16.111913685988036,11.540841500375427,11.899399773788414,12.561928681631533,14.128104333515601,14.878958529485857,15.113787945143446,16.083801426315375,16.39085763178354,16.340426780158033,16.333040383882008,16.237735793991032,16.18246314492695,16.188466673396825,16.179366844097334,16.09988733427351,16.08400380029467,,14.635011369487339,14.924691495483826,14.688656051054489,15.368800171671271,15.140191911066221,"rgba(239, 83, 80, 1.0)",1.9910282372285881,13.577938228864596,-1.1667028048271226,41.32255460419725,-4.289526952473167,False,False,False,True,False,0.0,12.8837,16.752225,0.0,0.0,0.0,0.0,0,0.8083702431528518,0.9195516586820933,False,False,False,False,-0.32705801384122946,-0.31794353840551803,False,False,False,False,-408780.0,-83796.82570275322,False,False,False,False,21608.13058186372,False,False,False,False
2025-05-23 17:00:00+00:00,11.19,11.33,11.18,11.29,21446.0,,11.658824365914032,12.787404824133546,13.90856164146047,14.457258349399641,14.893128150131819,15.523024500573785,16.01638778721815,16.265652996258815,16.348640770433125,16.34869885807103,16.312030201342292,16.274635887493186,16.237617905236732,16.16709456481745,16.189720153174704,16.094587910109066,11.526542837156068,11.88369458847403,12.53834295050862,14.097055270783274,14.847535128086038,15.081879432336118,16.051438504407642,16.3603526173246,16.31296501564074,16.30934692783521,16.216019835188057,16.161609828363545,16.168405466468908,16.16068071667618,16.08306249629373,16.06757728516261,,14.603704329150105,14.893128150131819,14.66097093948269,15.342704304110491,15.116656806294086,"rgba(239, 83, 80, 0.5)",1.9971670431384398,13.254603865997511,-0.983695316196608,40.44948785575333,-5.3246899971630555,False,False,False,True,False,0.0,12.802999999999999,16.728650000000002,0.0,0.0,0.0,0.0,0,0.8084971464806593,0.91919557930972,False,False,False,False,-0.3264697189606505,-0.32220662868308425,False,False,False,False,-387334.0,-88502.82840503613,False,False,False,False,21605.616929431722,False,False,False,False
2025-05-26 17:00:00+00:00,11.29,11.29,11.29,11.29,0.0,,11.658824365914032,12.787404824133546,13.90856164146047,14.457258349399641,14.893128150131819,15.523024500573785,16.01638778721815,16.265652996258815,16.348640770433125,16.34869885807103,16.312030201342292,16.274635887493186,16.237617905236732,16.16709456481745,16.189720153174704,16.094587910109066,11.526542837156068,11.88369458847403,12.53834295050862,14.097055270783274,14.847535128086038,15.081879432336118,16.051438504407642,16.3603526173246,16.31296501564074,16.30934692783521,16.216019835188057,16.161609828363545,16.168405466468908,16.16068071667618,16.08306249629373,16.06757728516261,,14.603704329150105,14.893128150131819,14.66097093948269,15.342704304110491,15.116656806294086,"rgba(239, 83, 80, 0.5)",1.999026177331803,13.254603865997511,-0.9827804599436332,39.86744335679072,-6.1213045617101685,False,False,False,True,False,0.0,12.721000000000002,16.7048,0.0,0.0,0.0,0.0,0,0.805656602400873,0.922881047653692,False,False,False,False,-0.32372721935616544,-0.32296692401962485,False,False,False,False,-387334.0,-93135.86982511308,False,False,False,False,21270.646124324252,False,False,False,False
2025-05-27 17:00:00+00:00,11.96,12.01,11.78,11.81,23512.0,,11.666291871877899,12.77077550600274,13.883137584636028,14.430039327790023,14.864766872327113,15.493071563060957,15.985650681004396,16.235414030147272,16.3203833264196,16.320470870748448,16.28680989945281,16.252722065438437,16.21655450904486,16.14758513456385,16.171224137468798,16.078077886648547,11.544937889508422,11.883243494319077,12.525196442752891,14.070834101271117,14.819375028544005,15.05290650214096,16.02084093615516,16.331214153848535,16.286736668225537,16.286684912701368,16.19528874465211,16.141727519577422,16.149268018793624,16.142848780128823,16.067032086939275,16.051931239765977,,14.576095593506546,14.864766872327113,14.63960483751165,15.320185954164486,15.09812915745777,"rgba(239, 83, 80, 0.5)",1.9930902552985181,13.034085520287482,-0.6141646205099437,44.56113448940725,-9.621711780119462,True,False,False,True,True,0.0,12.6479,16.683475,0.0,0.0,0.0,0.0,0,0.8059245960502693,0.919569120287253,False,False,False,False,-0.2770196515830229,-0.29999328780132384,False,False,False,False,-363822.0,-97332.55401387102,False,False,False,False,21305.395796815348,False,False,False,False
2025-05-28 17:00:00+00:00,11.73,11.74,11.455,11.47,9885.0,,11.664635792693575,12.761613437004936,13.871013758883782,14.417395160503363,14.85177811920004,15.479554938772507,15.97189606889337,16.221926501260928,16.307785406616546,16.307885980318357,16.27555030550641,16.242923844547867,16.207129293043344,16.138842351758047,16.162935539551242,16.07066427984253,11.545161594556562,11.87962790987913,12.517278031393275,14.058460407928365,14.806461139756749,15.039704622332055,16.007155063006294,16.318228839228723,16.275030783084127,16.276559190554845,16.186008484484802,16.132817985050362,16.140691088594444,16.134852763919955,16.05983148359669,16.044900759602815,,14.563337686571947,14.85177811920004,14.62890719304095,15.309595673649802,15.088923134185574,"rgba(239, 83, 80, 0.5)",1.9841878475624637,13.020580455198125,-0.7814685777372251,44.90916133673874,-9.250994047077718,True,False,False,True,True,0.0,12.5673,16.660050000000002,0.0,0.0,0.0,0.0,0,0.8025221357660315,0.9234415526339325,False,False,False,False,-0.29982854373473894,-0.2999109157680314,False,False,False,False,-373707.0,-101617.4291454389,False,False,False,False,21128.33539686472,False,False,False,False
2025-05-29 17:00:00+00:00,11.66,11.78,11.65,11.74,9468.0,,11.665460638803134,12.754172754686358,13.860354635952987,14.406094339291057,14.840062890992243,15.467246810395698,15.95930058068627,16.209543972315736,16.29620638887363,16.296318866138932,16.2651986153519,16.233912827237337,16.198462713721803,16.130805912465448,16.155313458464796,16.06385002316365,11.548876571186117,11.87799617371552,12.511119624551146,14.047511561773778,14.794822891582276,15.027759099757162,15.99461761016204,16.306294553175505,16.264270819783142,16.267245502392885,16.177476287509815,16.12462929895062,16.132806413180685,16.12750068838726,16.053213066739442,16.038439134392437,,14.551896726906964,14.840062890992243,14.619661469958729,15.300144089283812,15.080911206077488,"rgba(239, 83, 80, 0.5)",1.965655411866065,13.015496469805715,-0.6488911851517463,47.34221380748126,-6.880318441202235,True,False,False,False,True,0.0,12.4867,16.6388,0.0,0.0,0.0,0.0,1,0.8067988160373126,0.9186474123239752,False,False,False,False,-0.29078497485357857,-0.295347945310805,False,False,False,False,-364239.0,-105689.08140674993,False,False,False,False,20947.55500311488,False,False,False,False
2025-05-30 17:00:00+00:00,11.3,11.5,11.295,11.45,14482.0,,11.660190441734157,12.7396526238792,13.841930823525823,14.38702545582982,14.820556333998605,15.447038232791442,15.938786814820032,16.189442604827754,16.277421562510305,16.27755325455935,16.24838697186507,16.219261678267223,16.184362279677245,16.117714040258857,16.142897853525792,16.05273087230369,11.544738883399384,11.87071882322679,12.498267230777074,14.028766155467487,14.775420289464414,15.007963661305157,15.974207863688056,16.286939561458954,16.246799865212186,16.25211132306028,16.16358954049022,16.11128943081671,16.119961015056212,16.115518453751577,16.042410591434383,16.02788934471431,,14.532685898129856,14.820556333998605,14.603090372717054,15.284059490273396,15.0666620020827,"rgba(239, 83, 80, 0.5)",1.9527859816401398,12.995595384720588,-0.7914822204031017,46.73810625149278,-6.880318441202235,True,False,False,True,True,0.0,12.4043,16.6148,0.0,0.0,0.0,0.0,0,0.8015205724508051,0.9216457960644008,False,False,False,False,-0.3153329762691554,-0.30534046078998023,False,False,False,False,-378721.0,-109922.13440819566,False,False,False,False,20847.313840275892,False,False,False,False
2025-06-02 17:00:00+00:00,11.435,11.575,11.4,11.47,35114.0,,11.651524330113158,12.707427729183838,13.799587206054662,14.342798726938053,14.77507745657804,15.399662537910354,15.890530209945986,16.142067160246725,16.23308570535426,16.233262124147448,16.208659824290542,16.184592582612403,16.150989242835184,16.08671616692589,16.11348318672529,16.02637460958225,11.540341853870308,11.856436074875855,12.470164183491242,13.985535882940352,14.730202897338176,14.961729291457605,15.926180973811139,16.241273660680907,16.205534123021522,16.2163054127734,16.13072072486343,16.079711059034512,16.089540971042553,16.08712546853242,16.01680030487911,16.002875240147485,,14.488044154148524,14.77507745657804,14.565054097612506,15.246614924965254,15.033779882672501,"rgba(239, 83, 80, 0.5)",1.9372464088620236,12.962383376009932,-0.7703632171844293,46.51379752664704,-6.880318441202235,True,False,False,True,True,0.0,12.3151,16.5918,0.0,0.0,0.0,0.0,0,0.7991043439319301,0.9243170622480965,False,False,False,False,-0.30833821911817805,-0.30683933995407914,False,False,False,False,-343607.0,-113545.1555801616,False,False,False,False,21068.502772984793,False,False,False,False
2025-06-03 17:00:00+00:00,11.625,11.655,11.47,11.475,11985.0,,11.649597986965684,12.697251290599802,13.785794723750572,14.32827708071783,14.76007612707297,15.38396032401167,15.874487955125968,16.12629149302982,16.21830270389249,16.218493839058976,16.195397985652725,16.173004022692336,16.1398314706,16.076348382865273,16.103639306982615,16.017549689147838,11.540178964583292,11.852437600631651,12.461407423438878,13.971412213300244,14.715293268181217,14.946455193074248,15.910210621405035,16.226052203053253,16.191764816704584,16.204338999844936,16.119730938862805,16.069151215795017,16.079364629204804,16.077621772428724,16.008223631405397,15.994497243721687,,14.47336147096851,14.76007612707297,14.552657190712546,15.23426902388541,15.023008795977235,"rgba(239, 83, 80, 0.5)",1.920888378371404,12.953374424651818,-0.7696305736959248,46.413811592469955,-6.880318441202235,True,False,False,True,True,0.0,12.226099999999999,16.568025,0.0,0.0,0.0,0.0,0,0.80005382131324,0.9239325439540724,False,False,False,False,-0.30253154289196627,-0.3046854414230227,False,False,False,False,-331622.0,-116926.191927756,False,False,False,False,20927.67327262844,False,False,False,False
2025-06-04 17:00:00+00:00,11.51,11.56,11.5,11.505,8893.0,,11.648069310190074,12.68973899290625,13.775616117789044,14.317553938248267,14.748994479026418,15.37235624112524,15.862628780166347,16.114625842849847,16.207366355198435,16.207568316638145,16.185581576144518,16.164420908837513,16.131566189324076,16.06866615938371,16.09634376919301,16.01100689639109,11.539865122651298,11.849427912363828,12.454934524468799,13.960987350135166,14.704279498558819,14.935170875348527,15.898403906214623,16.214793254981625,16.18157472330134,16.19547716258944,16.111589638337513,16.06132727428087,16.071823700782577,16.070577485871976,16.001864287285002,15.988284746170374,,14.462517864460608,14.748994479026418,14.543476855915333,15.225131492088249,15.015023841458863,"rgba(239, 83, 80, 0.5)",1.9023855294610674,12.946651766671962,-0.757812622281863,46.67462403017582,-6.729190646327808,True,False,False,True,True,0.0,12.1426,16.545,0.0,0.0,0.0,0.0,0,0.7955076370170708,0.9277628032345012,False,False,False,False,-0.30504531757810305,-0.30486537950056286,False,False,False,False,-322729.0,-120116.93313817838,False,False,False,False,20741.08919088226,False,False,False,False
2025-06-05 17:00:00+00:00,11.57,11.625,11.475,11.6,18949.0,,11.646048171495785,12.674652403674942,13.754657109008182,14.295339800418969,14.725958833473529,15.348147874866955,15.837833547767557,16.090206659482714,16.18445464880524,16.18467911025624,16.165002417882906,16.146413694791416,16.1142239811419,16.05254432957012,16.081027988482475,15.997268094918503,11.54079953156508,11.844050014319533,12.44208624354537,13.939471946897353,14.681391409890244,14.911686541158927,15.873713613225732,16.191210106964544,16.160217798663872,16.176886722969144,16.09450727783993,16.044910037635102,16.05599669307461,16.055787869356546,15.98850939358807,15.975237477463669,,14.44002575409231,14.725958833473529,14.524580389168184,15.20615366662734,14.998528917384858,"rgba(239, 83, 80, 0.5)",1.889120940524479,12.934100162925102,-0.7062015640749365,47.923830470849715,-5.280714455743194,True,False,False,False,True,0.0,12.0747,16.522949999999998,0.0,0.0,0.0,0.0,0,0.7945008536256625,0.926857759007997,False,False,False,False,-0.3034979386152001,-0.30418165905788147,False,False,False,False,-303780.0,-122964.42254688879,False,False,False,False,20713.30486234145,False,False,False,False
2025-06-06 17:00:00+00:00,11.69,11.75,11.66,11.685,13383.0,,11.646949231187905,12.665476658145947,13.740969012529288,14.280612368633221,14.710559206896557,15.331823996445065,15.82102786813617,16.073615077969347,16.168866287865416,16.169105900625315,16.150991255734237,16.13414379724471,16.102407315133814,16.041559621235805,16.07058693257653,15.987902778933085,11.544585298844485,11.842118605263062,12.434565118285255,13.9253382578485,14.666101415827205,14.895941868556626,15.856972568078481,16.175167975715613,16.14568182904392,16.164219102262287,16.082868373919684,16.03372599600117,16.045211361116586,16.045705534046842,15.979405081251603,15.966342785057003,,14.425068080954672,14.710559206896557,14.512323490081581,15.193537331830775,14.987746948194895,"rgba(239, 83, 80, 0.5)",1.87537047391031,12.92807496870818,-0.6628423482194754,49.71403592284618,-3.4138151119397975,True,False,False,False,True,0.0,12.025599999999999,16.498975,0.0,0.0,0.0,0.0,0,0.7931628581791802,0.9357997823721435,False,False,False,False,-0.28089605664518036,-0.2925388578515309,False,False,False,False,-290397.0,-125560.2764608905,False,False,False,False,20599.656724940807,False,False,False,False
2025-06-09 17:00:00+00:00,11.96,12.08,11.92,11.955,9645.0,,11.651096336310058,12.66089861481675,13.732585255440853,14.271268430328847,14.700604618030287,15.321070824988666,15.809836843828824,16.06251356557122,16.158415001054543,16.158664669874753,16.141594524710452,16.125911651886856,16.094482073822775,16.034197604759253,16.063584298963963,15.98162791876314,11.55208309210294,11.843470555014898,12.431312434205752,13.916559286920426,14.656233935130368,14.8856988827561,15.845816415712918,16.16441319347794,16.135935962198236,16.155717186628642,16.075064394510804,16.0262319912623,16.03798194433676,16.038945406002902,15.97330537121021,15.960384389935887,,14.415511736755589,14.700604618030287,14.505003622123743,15.185522014571951,14.981197152587942,"rgba(239, 83, 80, 0.5)",1.8562086419696175,12.92770681482955,-0.5240288148844161,53.577782489385164,0.2377549300931605,True,False,True,False,True,0.0,11.9751,16.47635,0.0,0.0,0.0,0.0,0,0.8041619156214367,0.9273090079817559,False,False,False,False,-0.2538022232076686,-0.27317054052959977,False,False,False,False,-280752.0,-127966.34969405498,False,False,False,False,20429.81708579444,False,False,False,False
2025-06-10 17:00:00+00:00,12.275,12.595,12.24,12.575,52213.0,,11.70209370398112,12.654190353636576,13.700774302868053,14.23243367233878,14.657356843731439,15.272329281659902,15.75791088335692,16.01047280909687,16.109202592811982,16.109498432061716,16.09730319536993,16.08706201943234,16.05710467044355,15.999521431820733,16.030547335179648,15.952078834622965,11.629540810307182,11.873999240040973,12.432770615583,13.881975718136731,14.613526998879603,14.840542698602167,15.793970359914136,16.113784204842755,16.090032561655754,16.115569232781652,16.03827749831715,15.990951708201601,16.00391857724335,16.007068707419347,15.944581957040997,15.932333602692148,,14.375120358463644,14.657356843731439,14.47868546394378,15.151867522650782,14.95642778072866,#000000,1.8272254282835318,12.9527643044905,-0.20674203557103918,60.11390593791888,6.118074160461326,True,False,True,False,True,0.0,11.944600000000001,16.457725,0.0,0.0,0.0,0.0,0,0.7966391341498148,0.9249026867938858,False,False,False,False,-0.2160622726694538,-0.24461640659952677,False,False,False,False,-228539.0,-129525.61559027119,False,False,False,False,20922.579611596077,False,False,False,False
2025-06-11 17:00:00+00:00,12.455,12.705,12.455,12.53,16687.0,12.56333333333333,11.718900300662721,12.653181298148116,13.691688539604812,14.221011675183597,14.644461302641554,15.257608433719248,15.742115879888093,15.994587426367726,16.09414660662246,16.0944562701839,16.083730836800964,16.075135303943952,16.045627673469795,15.988870253450838,16.02039003210012,15.942990009760456,11.654062709828361,11.884569482171145,12.434324643180664,13.871976765339074,14.600806815586195,14.827019164257633,15.77819067861766,16.098301781227942,16.075975533378564,16.103245747692604,16.02698178801626,15.980118445833789,15.99345274462123,15.997266477486987,15.935745090847055,15.923702656151429,,14.363178017502731,14.644461302641554,14.29503593199714,14.990131480934215,14.949108782764787,#000000,1.80061491748826,12.818340810294838,-0.16013463372671355,63.874665791504576,9.242876600160805,True,False,True,False,True,0.0,11.908299999999999,16.438825,0.0,0.0,0.0,0.0,0,0.8030187962787163,0.9209227264097207,False,False,False,False,-0.2015409160442527,-0.22307866132188975,False,False,False,False,-245226.0,-131319.41999972434,False,False,False,False,20856.911710641096,False,False,False,False
2025-06-12 17:00:00+00:00,12.435,12.47,12.33,12.425,12379.0,12.497319949998852,11.728738444631446,12.65118052915124,13.684128556613153,14.211856039277707,14.634292204262463,15.24616861999755,15.72993269498071,15.982369287944215,16.082573197895417,16.082893444985267,16.073289201276296,16.06595146928245,16.03678542976771,15.980655799861257,16.01255723596865,15.935971254803235,11.66847586542949,11.890460436513523,12.434097155888207,13.863789592811298,14.590761910930334,14.816410396913142,15.766024390635138,16.086403540532228,16.065162760126732,16.093760974923605,16.018276695323326,15.971763524766894,15.985380887363288,15.989704215669777,15.928919449849055,15.917034418810815,,14.3536657633591,14.634292204262463,14.285651950975904,14.978627256511626,14.94290163853043,#000000,1.7736837703258408,12.817181612361134,-0.221111349679366,64.94610046923611,9.985426632885762,True,False,True,False,True,0.0,11.8973,16.421374999999998,0.0,0.0,0.0,0.0,0,0.7983304875735154,0.9246822234870044,False,False,False,False,-0.2176313720194392,-0.22035501667066448,False,False,False,False,-257605.0,-133277.33596872087,False,False,False,False,20725.47121900325,False,False,False,False
2025-06-13 17:00:00+00:00,12.49,12.51,12.33,12.335,15757.0,12.460178777264646,11.74056498918196,12.648509029759037,13.674509436570471,14.200228465781487,14.621385248536251,15.23165455612091,15.714475988518776,15.966864990402991,16.067879989510203,16.06821357435556,16.060023696407924,16.0542749059167,16.025540884522073,15.97020560848867,16.002590142726696,15.927035411721878,11.685648453731499,11.897534697215622,12.433629654025644,13.853382020547818,14.578011677454638,14.802948032977262,15.750588402623828,16.07130090572276,16.051428951734145,16.081703912637177,16.007205665309993,15.961135596692433,15.975111169730688,15.98007974741851,15.920228385320838,15.90854290445666,,14.34158828373652,14.621385248536251,14.275946892101775,14.966713864458015,14.934905011099971,#000000,1.7414181468453627,12.817785520189405,-0.2772369870292132,64.4309704314918,9.985426632885762,True,False,True,False,True,0.0,11.9017,16.403525,0.0,0.0,0.0,0.0,0,0.796271637816245,0.9298078752140004,False,False,False,False,-0.2134410214416015,-0.21689801905613298,False,False,False,False,-273362.0,-135449.19122501978,False,False,False,False,20648.44065746832,False,False,False,False
2025-06-16 17:00:00+00:00,12.43,12.5,12.2,12.205,12426.0,12.425773434179344,11.74834935852705,12.645716016012058,13.666499026967703,14.190712064903645,14.610904470347489,15.21995297903373,15.702059952019411,15.954426959172082,16.056093484412134,16.05643771053514,16.04937471449618,16.044893968513016,16.016503811174935,15.96180120365644,15.994573743906203,15.919841718953371,11.69697185560595,11.90198345053765,12.43249292216741,13.844778807826067,14.567650984287706,14.792044217611906,15.738191288892333,16.059188552169406,16.040406088644612,16.072020377434068,15.99830644176226,15.95258858713628,15.966851386570195,15.972336659175651,15.913230609905797,15.901704644333465,,14.331733532465039,14.610904470347489,14.267531681192642,14.956700859812349,14.928171679628797,#000000,1.7111211276568616,12.816376467537637,-0.3572958440264428,62.35440520027063,9.985426632885762,True,False,True,False,False,0.0,11.908700000000001,16.3858,0.0,0.0,0.0,0.0,0,0.7997122302158275,0.9314148681055157,False,False,False,False,-0.2119998474982694,-0.2144489332772012,False,False,False,False,-285788.0,-137780.0254695931,False,False,False,False,20520.96095735253,False,False,False,False
2025-06-17 17:00:00+00:00,11.85,11.88,11.56,11.57,17609.0,12.247991307987567,11.746838703708164,12.634707220368348,13.650125958260801,14.172933339688521,14.592194603060483,15.199974908812344,15.68137911985965,15.933921631113341,16.03672750042376,16.03708932140379,16.0318607206251,16.029450384545125,16.001607277499616,15.947912902902141,15.981339936153363,15.907925010580096,11.696287109537382,11.898420146597148,12.423297414427784,13.827824964657065,14.549081152193223,14.772875913389443,15.717573819030303,16.039293554434572,16.022275562579242,16.05609757561355,15.983625749495493,15.938460909456625,15.953203443248729,15.959540846834757,15.901633882575954,15.890365825452143,,14.313635262277511,14.592194603060483,14.244040662576646,14.931410579234836,14.914366116845214,"rgba(239, 83, 80, 0.5)",1.683961572179352,12.794470374931159,-0.7271367679408928,54.94315820723487,10.58335576930304,True,False,True,False,False,0.0,11.9201,16.36405,0.0,0.0,0.0,0.0,0,0.798759541984733,0.9231870229007634,False,False,False,False,-0.27413031178059705,-0.24428962252889913,False,False,False,False,-303397.0,-140347.73050107225,False,False,False,False,20475.81427584319,False,False,False,False
2025-06-18 17:00:00+00:00,11.66,11.68,11.5,11.525,12698.0,12.149422426789712,11.74439085257421,12.626101101610065,13.637887172300253,14.159753327493831,14.57838553259418,15.185296612062213,15.666222517101463,15.918906777159016,16.022545639331398,16.02292026547131,16.019025560847894,16.018123233358992,15.99067782624206,15.93771689144428,15.971623222120831,15.89916800170572,11.693986760752022,11.894804044212272,12.41592638887663,13.815194193192982,14.535369638798926,14.758750772652226,15.702465401491807,16.02472743467807,16.008991327000356,16.044422309683604,15.972852971398137,15.928089750811568,15.943183144852759,15.950143232188513,15.893110672505545,15.882030879446663,11.568333333333333,14.3002403757604,14.57838553259418,14.228102409307146,14.91459805648279,14.90400305765888,"rgba(239, 83, 80, 0.5)",1.658439378202095,12.591342206838178,-0.6429793098582796,49.679110269689346,5.983995026421539,False,False,False,True,False,0.0,11.8998,16.3425,0.0,0.0,0.0,0.0,0,0.7970334928229665,0.9288995215311004,False,False,False,False,-0.28719674351593155,-0.26574318302241534,False,False,False,False,-316095.0,-143072.49436927267,False,False,False,False,20355.22800800066,False,False,False,False
2025-06-19 17:00:00+00:00,11.525,11.525,11.525,11.525,0.0,12.149422426789712,11.74439085257421,12.626101101610065,13.637887172300253,14.159753327493831,14.57838553259418,15.185296612062213,15.666222517101463,15.918906777159016,16.022545639331398,16.02292026547131,16.019025560847894,16.018123233358992,15.99067782624206,15.93771689144428,15.971623222120831,15.89916800170572,11.693986760752022,11.894804044212272,12.41592638887663,13.815194193192982,14.535369638798926,14.758750772652226,15.702465401491807,16.02472743467807,16.008991327000356,16.044422309683604,15.972852971398137,15.928089750811568,15.943183144852759,15.950143232188513,15.893110672505545,15.882030879446663,11.568333333333333,14.3002403757604,14.57838553259418,14.228102409307146,14.91459805648279,14.90400305765888,"rgba(239, 83, 80, 0.5)",1.6231886730964613,12.591342206838178,-0.656942858530413,46.16974497799233,2.998770678209908,False,False,False,True,False,0.0,11.9031,16.321875,0.0,0.0,0.0,0.0,0,0.799615938550168,0.9280844935189629,False,False,False,False,-0.29376567155197775,-0.27975442728719657,False,False,False,False,-316095.0,-145755.01383641572,False,False,False,False,20039.64307764406,False,False,False,False
2025-06-20 17:00:00+00:00,11.77,11.775,11.67,11.73,17524.0,12.078642272554244,11.744030700099486,12.616175451322233,13.62249220410503,14.142868162324667,14.560515206162878,15.166102491689113,15.646280725172343,15.899094312039086,16.003804236742486,16.00419558857239,16.002052289392115,16.003132281500207,15.97621395079779,15.924225243935403,15.95875825081297,15.887575771526464,11.694737591405751,11.892275085576392,12.407802331825645,13.799192493337097,14.51764108935721,14.740407758265157,15.682578012066724,16.005481737831264,15.991430112534855,16.02896962768933,15.958597691457676,15.914368942634177,15.929922037482655,15.937701173453355,15.881827161168967,15.870996659593041,11.659175324818566,14.283015739579445,14.560515206162878,14.210787378149202,14.896244655220523,14.890870594104957,"rgba(239, 83, 80, 0.5)",1.5797170974919188,12.584588615604815,-0.5409757335421803,46.3108428170839,2.998770678209908,False,False,False,True,False,0.0,11.9099,16.30275,0.0,0.0,0.0,0.0,0,0.8005550770408649,0.927552875873289,False,False,False,False,-0.27387994031535484,-0.27681718380127573,False,False,False,False,-298571.0,-148124.25393197517,False,False,False,False,20000.64085938601,False,False,False,False
2025-06-23 17:00:00+00:00,11.79,12.02,11.79,12.0,20737.0,12.055242031415998,11.748173535800005,12.607432281309169,13.606588500711581,14.12491013331334,14.541212565358226,15.145042759635961,15.624201590398634,15.877066431631441,15.982923408951239,15.983333102073031,15.983124988493737,15.986398472770343,15.960070257276511,15.909170280810535,15.9443909359568,15.874634352398331,11.701475551884531,11.89304389663088,12.401336882624134,13.782470894401586,14.498517199709433,14.720489785822767,15.660544714462464,15.984043993249013,15.971855978334684,16.011718241675837,15.942689077925069,15.899062243626068,15.915121364614267,15.923807245498756,15.86922940001403,15.858677534697312,11.772096260392344,14.264590475126559,14.541212565358226,14.195495261885906,14.87964209578264,14.877130250323177,#000000,1.5364993029963583,12.585049331511453,-0.3807677168291168,49.13606648180094,2.998770678209908,False,False,False,False,True,0.0,11.904499999999999,16.27365,0.0,0.0,0.0,0.0,0,0.8023222613495764,0.9216712667745312,False,False,False,False,-0.25569086458647927,-0.2662540241938775,False,False,False,False,-277834.0,-150135.25774698332,False,False,False,False,20012.057280170724,False,False,False,False
2025-06-24 17:00:00+00:00,12.245,12.245,12.07,12.07,9572.0,12.060409585219874,11.751910279488976,12.604603599619297,13.600179286904797,14.117436572358315,14.533046778103207,15.13598937206186,15.61462361693431,15.867471549450284,15.973810315422629,15.97422790069507,15.974858666867414,15.979084053282913,15.953014847425514,15.90259277662964,15.938109197616225,15.868978629082973,11.706893474084897,11.894909933236006,12.39961843842722,13.775644241284164,14.490438369216257,14.712017445405433,15.650980530572747,15.974689561584317,15.963310495951207,16.004176369663146,15.935737499024222,15.892376332386089,15.908653815180365,15.91773317343248,15.863723587251425,15.853293752287103,11.828429399811668,14.256875046928526,14.533046778103207,14.190110567301042,14.873549825127254,14.871512313686694,#000000,1.4991859262418485,12.588190486204429,-0.34564791273316287,51.66504406696338,2.998770678209908,True,False,True,False,True,0.0,11.9073,16.2412,0.0,0.0,0.0,0.0,0,0.8058946966806562,0.9223578786722624,False,False,False,False,-0.23079284624264737,-0.24852343521826242,False,False,False,False,-268262.0,-151966.6801074952,False,False,False,False,19850.19592698978,False,False,False,False
2025-06-25 17:00:00+00:00,12.195,12.285,12.135,12.16,11724.0,12.071002789239111,11.757161471360284,12.601650827244661,13.59274781504759,14.108655319670174,14.523388453656889,15.125212398812712,15.603180965604041,15.855989368656287,15.96289461629453,15.963321578712256,15.964952347499576,15.970313477017994,15.944554807962312,15.894705826450808,15.930574095928018,15.862194565803529,11.714339973746494,11.897780881819568,12.398040199791696,13.767686104765684,14.480888199324555,14.701974666989994,15.639551297377386,15.96348628494721,15.953071958741214,15.995132983715505,15.927402266640382,15.884360370523108,15.900897943610376,15.91044711073438,15.857118950011031,15.846835409811193,11.887638225728324,14.247786887154957,14.523388453656889,14.184101258590115,14.866617689703574,14.864938412659361,#000000,1.4677101519340525,12.592308081363917,-0.2945459502301936,54.19256948340616,-2.7580653386373157,True,False,True,False,True,0.0,11.9132,16.201975,0.0,0.0,0.0,0.0,0,0.8098968284294994,0.918991211310661,False,False,False,False,-0.2256521089886185,-0.23708777210344045,False,False,False,False,-256538.0,-153587.9408810224,False,False,False,False,19724.208393238,False,False,False,False
2025-06-26 17:00:00+00:00,12.11,12.14,12.02,12.065,10506.0,12.071269220927256,11.760513948694985,12.598284147379577,13.58559727939173,14.100372188616333,14.514364902656471,15.11523480048871,15.592638322338574,15.845430402295078,15.952860970172633,15.953296533341193,15.955842043603978,15.96224336740433,15.936767827614162,15.887441645096992,15.9236345421019,15.85594114291379,11.719220487515432,11.89929561703526,12.39584053945098,13.760091509397567,14.471958182284318,14.692621716195626,15.629023964522434,15.95318982069343,15.943656944086278,15.986814391573777,15.919728752166122,15.876977294027665,15.893754335288547,15.903735086595974,15.851030121217962,15.840880532641755,11.911422650765457,14.239245452916087,14.514364902656471,14.177738074874194,14.859513722649275,14.85861370591832,#000000,1.4358597041808372,12.592437279623784,-0.36733204371431905,54.59810742967464,-2.102389072254006,True,False,True,False,True,0.0,11.9135,16.162325,0.0,0.0,0.0,0.0,0,0.8125958588957054,0.9198619631901842,False,False,False,False,-0.23840360375832126,-0.23774568793088086,False,False,False,False,-267044.0,-155346.9495495337,False,False,False,False,19581.290433652914,False,False,False,False
2025-06-27 17:00:00+00:00,12.55,12.585,12.34,12.39,25547.0,12.122465331993928,11.77746424364634,12.595835822842044,13.572602834653212,14.084072448184667,14.495924990140256,15.094110126406976,15.56988417128693,15.822449676177602,15.93094317419152,15.931397084000347,15.93592338904137,15.944579656227484,15.919731956681229,15.871564867351736,15.908446957789227,15.842273782511525,11.742129504351436,11.91027085566576,12.396532664859784,13.745826562118031,14.453767542124323,14.673272605760472,15.606273359615763,15.930702886473936,15.92308480467529,15.968598147893262,15.902947664894274,15.860847342780163,15.878136517227961,15.88905091538657,15.837722452816747,15.827867975104875,12.035706980709334,14.2221933885923,14.495924990140256,14.168950534458432,14.848215912536846,14.84668948760929,#000000,1.3981135842966361,12.60773584173874,-0.15573544537747908,57.83492639582471,1.2388563822316954,True,False,True,False,True,0.0,11.9203,16.124525000000002,0.0,0.0,0.0,0.0,0,0.8118849718161841,0.9198433170918123,False,False,False,False,-0.20108565671492915,-0.219415672322905,False,False,False,False,-241497.0,-156682.60924644014,False,False,False,False,19673.78205483659,False,False,False,False
2025-06-30 17:00:00+00:00,13.035,13.31,12.995,13.025,52339.0,12.341936583087408,11.842406701622421,12.611469452437232,13.562111624960517,14.06488678085547,14.47115543889411,15.062542377561355,15.534059213208806,15.785478252218997,15.895355786673987,15.895837739850048,15.903514712664249,15.915766280213608,15.891977690429654,15.845764861034194,15.883684657727532,15.820069924952286,11.825936707645697,11.958312194191413,12.419572178265549,13.732072075516356,14.429585105374638,14.646257843112338,15.570332572809559,15.894209839284967,15.889663068229211,15.938846486084067,15.875636056060083,15.834662852324277,15.852739108835056,15.8651329669766,15.816103523264475,15.806738782690413,12.385713033338105,14.20102897505826,14.47115543889411,14.171659076790004,14.842824592846581,14.834737585041545,#000000,1.357900847526028,12.677607324073787,0.25583066433689305,63.62051888940468,6.776565379532194,True,False,True,False,True,0.0,11.94,16.092325000000002,0.0,0.0,0.0,0.0,0,0.8125058679936155,0.9108064970425312,False,False,False,False,-0.13507048194070823,-0.1772430771318066,False,False,False,False,-189158.0,-157186.1036767279,False,False,False,False,20180.2195423585,False,False,False,False
2025-07-01 17:00:00+00:00,13.66,13.715,13.38,13.46,33083.0,12.486837820999696,11.892491687834758,12.628570075530874,13.561492933453401,14.058165930586707,14.460511777718876,15.047167289099054,15.515672574947422,15.766112357491744,15.8765511412612,15.87704698553901,15.886348878071379,15.90046069559115,15.87724924926672,15.832101302169852,15.870528570844959,15.80830703114972,11.889034837415,11.996823316073902,12.441551108480244,13.729188905424966,14.419336105093674,14.634070534280147,15.55182635838919,15.87493818406555,15.871987705387433,15.923026820010431,15.861154902335445,15.82080958354395,15.83927906888656,15.852435219235025,15.804649717850383,15.7955485765177,12.579129011166742,14.192914884441901,14.460511777718876,14.178968881453642,14.843859782444502,14.831603808936851,"rgba(38, 166, 154, 0.5)",1.3170197143278162,12.727599207742314,0.5561046537799866,69.05108795770845,11.77919024378162,True,False,True,False,True,1.0511463178067615,11.9595,16.063699999999997,0.0,0.0,0.0,0.0,0,0.8164752031381338,0.9049220136359392,False,False,False,False,-0.09775203348793614,-0.13749755530987137,False,False,False,False,-156075.0,-157168.8772631352,False,False,False,False,20380.262650228913,False,False,False,False
2025-07-02 17:00:00+00:00,13.58,13.76,13.555,13.76,9819.0,12.529330338916287,11.908309747252119,12.634486796523912,13.562036663398215,14.056833192170796,14.457971138768727,15.043173435585794,15.510747812260142,15.760866420401783,15.871433095093428,15.871932585146268,15.881670978882855,15.89628336428239,15.873231603386952,15.828378283574533,15.86693764185049,15.805101427856206,11.908763806530233,12.009150878497765,12.448929216580812,13.729039280871389,14.416915118943669,14.631057967438048,15.546860525877921,15.869694687448693,15.86717488677171,15.91870685435258,15.85720654575938,15.81703691292185,15.835610085927524,15.848970847844026,15.801528245096595,15.792499565456987,12.632796713977141,14.191152913940677,14.457971138768727,14.181735379723884,14.844630854432406,14.831196589144948,"rgba(38, 166, 154, 0.5)",1.2769452816203393,12.742908005813494,0.7965039761890967,73.53282972897824,15.829749455886727,True,False,True,False,True,2.6966630287718765,11.978800000000001,16.03755,0.0,0.0,0.0,0.0,0,0.8228592772434401,0.8961621066392754,False,False,False,False,-0.0874314092013617,-0.11246448225561653,False,False,False,False,-146256.0,-156999.6853675827,False,False,False,False,20216.522144023813,False,False,False,False
2025-07-03 17:00:00+00:00,13.885,13.885,13.885,13.885,0.0,12.529330338916287,11.908309747252119,12.634486796523912,13.562036663398215,14.056833192170796,14.457971138768727,15.043173435585794,15.510747812260142,15.760866420401783,15.871433095093428,15.871932585146268,15.881670978882855,15.89628336428239,15.873231603386952,15.828378283574533,15.86693764185049,15.805101427856206,11.908763806530233,12.009150878497765,12.448929216580812,13.729039280871389,14.416915118943669,14.631057967438048,15.546860525877921,15.869694687448693,15.86717488677171,15.91870685435258,15.85720654575938,15.81703691292185,15.835610085927524,15.848970847844026,15.801528245096595,15.792499565456987,12.632796713977141,14.191152913940677,14.457971138768727,14.181735379723884,14.844630854432406,14.831196589144948,"rgba(38, 166, 154, 0.5)",1.2274697222005582,12.742908005813494,0.9304441270771305,76.85247270632568,18.849594508557686,True,False,True,False,True,3.3743082235084856,11.978500000000002,16.01175,0.0,0.0,0.0,0.0,0,0.8268977208513844,0.8999811640610285,False,False,False,False,-0.06614280224807921,-0.08930364225184786,False,False,False,False,-146256.0,-156833.1166021938,False,False,False,False,19903.08769217848,False,False,False,False
2025-07-04 17:00:00+00:00,13.885,13.885,13.885,13.885,0.0,12.529330338916287,11.908309747252119,12.634486796523912,13.562036663398215,14.056833192170796,14.457971138768727,15.043173435585794,15.510747812260142,15.760866420401783,15.871433095093428,15.871932585146268,15.881670978882855,15.89628336428239,15.873231603386952,15.828378283574533,15.86693764185049,15.805101427856206,11.908763806530233,12.009150878497765,12.448929216580812,13.729039280871389,14.416915118943669,14.631057967438048,15.546860525877921,15.869694687448693,15.86717488677171,15.91870685435258,15.85720654575938,15.81703691292185,15.835610085927524,15.848970847844026,15.801528245096595,15.792499565456987,12.632796713977141,14.191152913940677,14.457971138768727,14.181735379723884,14.844630854432406,14.831196589144948,"rgba(38, 166, 154, 0.5)",1.1829587657402258,12.742908005813494,0.9654537649685975,79.06556802455731,20.969624751083927,True,False,True,False,True,3.3743082235084856,11.981900000000001,15.986500000000001,0.0,0.0,0.0,0.0,0,0.8266224538133584,0.893604926575083,False,False,False,False,-0.06614280224807921,-0.07772322224996353,False,False,False,False,-146256.0,-156669.1302982838,False,False,False,False,19594.512689198968,False,False,False,False
2025-07-07 17:00:00+00:00,13.86,13.975,13.755,13.825,39452.0,12.693455982054935,11.974616453469146,12.661109993345148,13.566817204535008,14.053878715241748,14.450026605855815,15.029232898120242,15.49294279154124,15.741662774780783,15.852600498129165,15.853112855525433,15.864433472474179,15.880863884423805,15.858409903808143,15.814659559314503,15.853680619866807,15.79328656512254,11.990602821659339,12.06146879582287,12.481422571733106,13.73097303057786,14.409458667129432,14.621174385279085,15.528870595866257,15.850407386026044,15.849456239792465,15.90275188077607,15.842647666398028,15.803143490561894,15.822084691854,15.836186651439832,15.790022919883539,15.781263712925071,12.83068420157393,14.186424899194915,14.450026605855815,14.194664563324256,14.849105339859332,14.831370969232806,"rgba(38, 166, 154, 0.5)",1.1204403976494612,12.804968083873764,0.9103848078542424,79.61155879599139,21.72529252786208,True,False,True,False,True,3.008900883849268,11.985300000000002,15.959299999999999,0.0,0.0,0.0,0.0,0,0.8181472322617462,0.8983260414685181,False,False,False,False,-0.06434374498447534,-0.07103348361721944,False,False,False,False,-185708.0,-157119.34533241892,False,False,False,False,19902.380709521465,False,False,False,False
2025-07-08 17:00:00+00:00,14.14,14.19,13.87,13.99,24637.0,12.788639405034411,12.017218823741938,12.679376267319501,13.571406710606016,14.053547058806508,14.446509334147699,15.021888373998703,15.483114899186075,15.73089515231363,15.841972207196989,15.842491431797207,15.854687019418016,15.872125564153642,15.850015800944611,15.806900679660862,15.84616502519867,15.786601496903794,12.042531234536176,12.095534338251843,12.503314149745616,13.733758999753807,14.406249359943756,14.616424820853977,15.518914923153595,15.839527693190085,15.839449337212198,15.893704165672844,15.834407284185742,15.795291711622232,15.814430978392705,15.828942752518614,15.783512446616156,15.774907257784276,12.939857973581232,14.184961221346763,14.446509334147699,14.203638226039487,14.852562073554605,14.832556340839602,"rgba(38, 166, 154, 1.0)",1.0570806220159559,12.843235834923263,1.0848407786434928,80.57786916225888,23.044615791648198,True,False,True,False,True,3.9386031809503876,11.990499999999999,15.93365,0.0,0.0,0.0,0.0,0,0.8194956078209124,0.8892037404363843,False,False,False,False,-0.039796156474690675,-0.055414820045955056,False,False,False,False,-161071.0,-157180.61129625738,False,False,False,False,19975.78565976144,False,False,False,False
2025-07-09 17:00:00+00:00,14.0,14.135,13.955,14.035,40480.0,12.921082543901793,12.08431367283445,12.708884562615648,13.579159708996997,14.053375594137504,14.441181596257197,15.010343956614653,15.467518658746014,15.713746054635708,15.8250095477904,15.825539426414117,15.839109183502451,15.85813559501774,15.836574538969804,15.794472783797424,15.83411603994023,15.775879727696623,12.123316559002815,12.149695962599472,12.53853099856978,13.73861463021961,14.401419818009668,14.609099626176862,15.503106308525997,15.822170705763813,15.82346486641545,15.87922076912651,15.821212178239234,15.7827188209645,15.80216835049286,15.817327510856982,15.773068440732734,15.764709184861493,13.084611658520437,14.182959573400547,14.441181596257197,14.216978739911397,14.856967246580515,14.834365295659861,"rgba(38, 166, 154, 1.0)",1.001755612066389,12.90004763474731,1.132963321175259,81.38489469806862,24.298197163113315,True,False,True,False,True,4.193077121524173,12.0401,15.90845,0.0,0.0,0.0,0.0,0,0.8251231527093595,0.8899204244031831,False,False,False,False,-0.03779494736919833,-0.04660488370757669,False,False,False,False,-120591.0,-156613.33050096655,False,False,False,False,20293.68045573413,False,False,False,False
2025-07-10 17:00:00+00:00,14.23,14.295,14.125,14.195,6482.0,12.942451607961146,12.095508794819045,12.714055917039229,13.58080756295717,14.053725200219501,14.440684938839535,15.008828025834692,15.465335047069487,15.711297374153974,15.822569046315353,15.823100360120726,15.836863973733717,15.856114891524513,15.834634919173547,15.792682888588313,15.83237603524237,15.774335641274769,12.136700138496138,12.158814660025582,12.544617549828397,13.73978937432159,14.401004057269832,14.608276615267515,15.500885681910209,15.819674549590585,15.82116387504111,15.877126857293847,15.81930956389811,15.780909572487547,15.800401210360308,15.815651384795922,15.77156434953729,15.763241061906655,13.107696074380165,14.183008763328166,14.440684938839535,14.219464518854043,14.857963072051007,14.834945656376915,"rgba(38, 166, 154, 1.0)",0.9764440357517449,12.897264922578284,1.3290419418892923,82.49237955682986,25.864197172216095,True,False,True,False,True,5.101233174848346,12.0922,15.885025,0.0,0.0,0.0,0.0,0,0.8315528424265548,0.8811522319725297,False,False,False,False,-0.021694692600372916,-0.034149788153974805,False,False,False,False,-114109.0,-155954.3486327345,False,False,False,False,20079.545875025073,False,False,False,False
2025-07-11 17:00:00+00:00,13.95,14.01,13.86,13.875,12709.0,12.973185401421134,12.114148228545908,12.722140004925834,13.582523960587567,14.05310087818854,14.438526439870587,15.004805957012945,15.46009548151745,15.705599448589163,15.816951285525372,15.817486160349421,15.831700612768946,15.851473928350012,15.830170966405053,15.788546309854018,15.828369217972378,15.77075918729497,12.158837439107208,12.173959612978344,12.554361145766315,13.740650410968156,14.398995418799572,14.605519243766766,15.495584346166645,15.813927741689199,15.815865223097125,15.872327186534916,15.81492434726928,15.776723698122012,15.796320034325523,15.811785277192353,15.768079327577325,15.759836360718978,13.139042678325374,14.181841117074066,14.438526439870587,14.222313191443664,14.858210792304664,14.834856050879981,"rgba(38, 166, 154, 1.0)",0.9700586264442673,12.899732149374714,1.0053700096458225,78.02389317575344,25.864197172216095,True,False,True,False,False,3.058054240896997,12.1397,15.85935,0.0,0.0,0.0,0.0,0,0.8278782112274022,0.8823977164605139,False,False,False,False,-0.04853882626454865,-0.04134430720926173,False,False,False,False,-126818.0,-155502.62229734327,False,False,False,False,19965.27384595492,False,False,False,False
2025-07-14 17:00:00+00:00,13.795,13.85,13.64,13.665,16032.0,13.00175125558247,12.134614426920402,12.730527957177301,13.583398184548754,14.051211084503029,14.434815295097787,14.9988662159796,15.452701347915449,15.697679241111622,15.809183767535771,15.809723723477836,15.824562362669944,15.84505969405271,15.823994135866274,15.782809041710676,15.82282149133957,15.765791135316203,12.182948331584615,12.190579470487622,12.564708242167097,13.740512914714603,14.395465120467188,14.601090238678951,15.488121387856037,15.80598190529394,15.808535799227217,15.865700947655544,15.80885161969287,15.770915085893536,15.790661338279152,15.806427337243932,15.763237105395419,15.755103336765913,13.166092135806677,14.179307649507335,14.434815295097787,14.224120795516365,14.857030021223848,14.833677511337727,"rgba(38, 166, 154, 0.5)",0.9493143234381777,12.905839885395494,0.7996931004422414,72.2853699883513,29.043512030727953,True,False,True,False,False,1.7471448680553472,12.186200000000001,15.833825,0.0,0.0,0.0,0.0,0,0.8222983257229833,0.886986301369863,False,False,False,False,-0.06712426941489961,-0.05423428831208067,False,False,False,False,-142850.0,-155306.45761056273,False,False,False,False,19904.292856095155,False,False,False,False
2025-07-15 17:00:00+00:00,13.795,13.855,13.675,13.71,8863.0,13.017210803115239,12.145904649807793,12.735236011640266,13.583977140605185,14.05026362314832,14.432860510990837,14.99567815631681,15.448706858253853,15.693390026109608,15.804972122563498,15.805514796602827,15.820689577775992,15.841577252186218,15.820640611215852,15.779694268422531,15.819808157836295,15.763092811793669,12.196200422636888,12.199782392940303,12.570488431654384,13.740533803340503,14.393610140478621,14.598738652628953,15.484088088451943,15.801674270600941,15.80456043191474,15.862103324252928,15.805554794854544,15.76776208200369,15.787588829801225,15.803517085217178,15.760606932507516,15.752532446212472,13.180701941677741,14.178004276598301,14.432860510990837,14.225169566690074,14.856424551669694,14.83308388309355,"rgba(38, 166, 154, 0.5)",0.9401199223868565,12.912141432951696,0.8486774378981712,68.82647274514633,25.81485915735378,True,False,True,False,False,2.0151571938670436,12.2423,15.810375,0.0,0.0,0.0,0.0,0,0.8237872867626034,0.886591060707138,False,False,False,False,-0.06516594732108226,-0.059700117816581466,False,False,False,False,-133987.0,-154975.9233840424,False,False,False,False,19733.110021116936,False,False,False,False
2025-07-16 17:00:00+00:00,13.835,14.085,13.8,13.955,52748.0,13.119390703264488,12.217960593490988,12.767744652145247,13.591473207510406,14.048380340731551,14.424777550990177,14.980020484224546,15.428063980204834,15.670830933034686,15.782659509787589,15.783215667103937,15.800130248722148,15.82304438741865,15.80280727247733,15.763156514611914,15.803766547101466,15.748759932627552,12.280249852155343,12.259178478353492,12.60940909112843,13.744615645282954,14.386132242555577,14.58822987141759,15.463184490568716,15.778864877200833,15.783483506153065,15.842942924192478,15.788034793735,15.751035345110303,15.771265603699614,15.788033221581575,15.746634855256728,15.738879066380761,13.28047452537585,14.173929583922147,14.424777550990177,14.235393283865221,14.856246030908679,14.83251086654828,"rgba(38, 166, 154, 1.0)",0.92941702642528,12.968133470848649,1.061812406156398,68.38363352513781,25.284124799549517,True,False,True,False,False,3.4691133616865315,12.293399999999998,15.786025,0.0,0.0,0.0,0.0,0,0.8219750974241992,0.8828058169375533,False,False,False,False,-0.04780596128611192,-0.05375303955134669,False,False,False,False,-81239.0,-153832.7152695611,False,False,False,False,20244.968780479467,False,False,False,False
2025-07-17 17:00:00+00:00,14.14,14.235,14.1,14.205,10059.0,13.141169319416688,12.232818877310953,12.774934927091921,13.593783703071729,14.048835051311526,14.424003968423527,14.977749770174816,15.42480157701015,15.6671681903804,15.778998253532967,15.779556414646175,15.79674784733757,15.819985646502996,15.799867610175992,15.760437361790387,15.801119015818069,15.746402887048554,12.297487095090418,12.271552835307391,12.617834314231592,13.74625356900517,14.38547664367073,14.586979100640065,15.459865993603074,15.775124534055472,15.780022031451809,15.839776746647278,15.785149797473371,15.748288379264597,15.768579465672492,15.785480190043097,15.744337029289545,15.736634718229958,13.302277144461232,14.17394990560063,14.424003968423527,14.238220808471329,14.856963554179083,14.833052652729755,"rgba(38, 166, 154, 1.0)",0.9529535074638151,12.981036601555077,1.2843894154945414,69.65025076786887,25.284124799549517,True,False,True,False,False,4.922709588334612,12.3475,15.76145,0.0,0.0,0.0,0.0,0,0.8251867259147205,0.8746336390280799,False,False,False,False,-0.02584031859482078,-0.039796679073083735,False,False,False,False,-71180.0,-152551.27782352138,False,False,False,False,20087.046783882884,False,False,False,False
2025-07-18 17:00:00+00:00,14.065,14.085,13.905,13.91,15059.0,13.165788996979108,12.252255342109388,12.783949692396462,13.595962454803704,14.04841226588964,14.421850377926171,14.973471698636278,15.419117713852518,15.660936556517376,15.772821147167251,15.773382911135272,15.791045789322661,15.814834828488975,15.794909619213268,15.755836885996205,15.796652113332648,15.742408660604926,12.319856588895481,12.287745091322824,12.628580239631097,13.747487982029757,14.383491976504438,14.584146813569584,15.454107176928352,15.768813056010766,15.774180595186232,15.834452889255228,15.780278602603106,15.743636924650074,15.764037282830502,15.78116738692338,15.740442191890182,15.732828010778501,13.325540896443217,14.172916250806608,14.421850377926171,14.240817933874586,14.856684532610108,14.832828300563094,"rgba(38, 166, 154, 0.5)",0.9714839443111005,12.994997530885625,0.9418606189762843,66.62964788975223,23.227202497170907,True,False,True,False,False,3.013833535888125,12.4,15.73375,0.0,0.0,0.0,0.0,0,0.8257496925551034,0.8753192697001229,False,False,False,False,-0.04267729875677987,-0.0412369889149318,False,False,False,False,-86239.0,-151523.18049292415,False,False,False,False,20009.092570179273,False,False,False,False
2025-07-21 17:00:00+00:00,13.965,14.04,13.92,13.96,15772.0,13.19024951027463,12.272227649329027,12.793298610176667,13.598257781961616,14.048009836340423,14.4196491782439,14.969059128888869,15.413239158263938,15.654484142702826,15.766420271345298,15.76698572154777,15.785133411411735,15.809490090464772,15.789764384261492,15.751061682777852,15.792013938585267,15.738260129264004,12.342743566430556,12.304441661867374,12.639708064902294,13.748804979451528,14.381466333016444,14.581239752550413,15.448149950256038,15.762274087085409,15.768125214483453,15.828929099747116,15.775223323537626,15.738809386025888,15.759322081988755,15.776688775039798,15.736396464660768,15.728873566166635,13.348457046816288,14.171879288390919,14.4196491782439,14.243441729955924,14.856329683872946,14.832574769200631,"rgba(38, 166, 154, 0.5)",0.9890134223304292,13.009172781371207,0.9613896001414655,65.00633524234286,21.440030384861473,True,False,True,False,False,3.309967500090192,12.441200000000002,15.699275,0.0,0.0,0.0,0.0,0,0.8272321004088616,0.874393838547114,False,False,False,False,-0.0441423901959955,-0.04268968955546365,False,False,False,False,-70467.0,-150266.4955240416,False,False,False,False,19943.401212502074,False,False,False,False
2025-07-22 17:00:00+00:00,14.185,14.34,14.095,14.3,15135.0,13.220041607957674,12.293954201258034,12.804166589585293,13.602010756147099,14.049017890480819,14.418830520869918,14.966006553733317,15.408698662312766,15.649331652109938,15.761244733908564,15.761812841491102,15.780341182460052,15.805144838919539,15.785588579565518,15.747199926619405,15.788246765850097,15.73490736534768,12.367679431970535,12.32271380495679,12.652354916078382,13.751566182451606,14.380822639746928,14.57971109116548,15.443522972512396,15.756989959042775,15.76322633506374,15.824430689316387,15.771126132421527,15.734910559950572,15.755505326642812,15.773056156148918,15.73312705783759,15.725680157842586,13.37789274012948,14.17224204537918,14.418830520869918,14.247685167142157,14.857443804036283,14.833526463321814,"rgba(38, 166, 154, 1.0)",1.0029176266104625,13.027252428481127,1.2690449721382895,66.28528839165703,21.440030384861473,True,False,True,False,False,5.299530583712706,12.4915,15.666725,0.0,0.0,0.0,0.0,0,0.8316718883508971,0.8630969334472611,False,False,False,False,-0.020963192990079565,-0.03182644127277161,False,False,False,False,-55332.0,-148794.64288025798,False,False,False,False,19868.85235649429,False,False,False,False
2025-07-23 17:00:00+00:00,14.33,14.48,14.25,14.255,34633.0,13.287325780470303,12.343962755839337,12.829837120545289,13.611528910197812,14.05225074397551,14.417870136893956,14.959913590393638,15.399174989252353,15.638373200024656,15.750176820910246,15.750750261343164,15.77007581267651,15.795818237098187,15.776629918119221,15.738923352992467,15.780156871899734,15.72771764179707,12.424778429184592,12.365015815914207,12.682033622889621,13.758818200740867,14.380262147589782,14.577122866152832,15.43379485137984,15.745694664518654,15.752742897550188,15.814770677997956,15.76234015043073,15.726559840436785,15.747321385571084,15.765258016645674,15.726115363173117,15.71883259534158,13.44430909384395,14.173994146923595,14.417870136893956,14.258071390288341,14.860616832025263,14.836341345344845,"rgba(38, 166, 154, 1.0)",1.0263212754106565,13.068667365173546,1.1559076706772677,66.52198788059914,21.440030384861473,True,False,True,False,False,4.999687009851442,12.5456,15.6342,0.0,0.0,0.0,0.0,0,0.8318246784182942,0.8657455931395902,False,False,False,False,-0.006580601980760506,-0.019203521626766057,False,False,False,False,-89965.0,-147882.55539374234,False,False,False,False,20097.753870347093,False,False,False,False
2025-07-24 17:00:00+00:00,14.1,14.15,13.995,14.0,31836.0,13.327550378767754,12.381624508581769,12.848414422965488,13.616728130737512,14.052209503628747,14.41430004178665,14.951976601239517,15.38831669445284,15.626339916707634,15.738178466475185,15.738758327340856,15.758958778387749,15.785732067821137,15.766917959957588,15.729906537546825,15.771379972104405,15.719863617705037,12.467108552944973,12.397031827167616,12.703918208360188,13.762126213601526,14.377035660969657,14.572164994167808,15.422773509647936,15.73344772786457,15.741372397732935,15.804348119735609,15.752798951059653,15.717450738041402,15.738412536123743,15.756781126367416,15.718452584136825,15.71134134144991,13.480767263378622,14.172710780624545,14.41430004178665,14.263068804257056,14.85983270154157,14.836035280585735,"rgba(38, 166, 154, 0.5)",1.0359419833142145,13.094028391480991,0.874538944372733,63.41690194567386,19.079974012347506,False,False,True,False,False,3.30887884521621,12.5902,15.599475,0.0,0.0,0.0,0.0,0,0.8231695660485565,0.8776524565092717,False,False,False,False,-0.03511043644095269,-0.027156979033859375,False,False,False,False,-121801.0,-147478.19019383937,False,False,False,False,20279.742182434733,False,False,False,False
