date,Open,High,Low,Close,Volume,aVWAP_peak_877,aVWAP_peak_863,aVWAP_peak_862,aVWAP_peak_845,aVWAP_peak_828,aVWAP_peak_798,aVWAP_peak_758,aVWAP_peak_757,aVWAP_peak_740,aVWAP_peak_739,aVWAP_peak_738,aVWAP_peak_704,aVWAP_peak_703,aVWAP_peak_691,aVWAP_peak_690,aVWAP_peak_677,aVWAP_peak_656,aVWAP_peak_655,aVWAP_peak_654,aVWAP_peak_584,aVWAP_peak_540,aVWAP_peak_496,aVWAP_peak_495,aVWAP_peak_494,aVWAP_peak_493,aVWAP_peak_492,aVWAP_peak_480,aVWAP_peak_456,aVWAP_peak_437,aVWAP_peak_426,aVWAP_peak_408,aVWAP_peak_407,aVWAP_peak_406,aVWAP_peak_405,aVWAP_peak_404,aVWAP_peak_403,aVWAP_peak_402,aVWAP_peak_371,aVWAP_peak_270,aVWAP_peak_217,aVWAP_peak_204,aVWAP_peak_171,aVWAP_peak_145,aVWAP_peak_105,aVWAP_peak_89,aVWAP_peak_88,aVWAP_peak_87,aVWAP_peak_86,aVWAP_peak_85,aVWAP_peak_84,aVWAP_peak_32,aVWAP_peak_18,aVWAP_peak_17,aVWAP_peak_16,aVWAP_peak_15,aVWAP_peak_14,aVWAP_peak_13,aVWAP_peak_12,aVWAP_peak_11,aVWAP_valley_875,aVWAP_valley_857,aVWAP_valley_856,aVWAP_valley_855,aVWAP_valley_854,aVWAP_valley_820,aVWAP_valley_819,aVWAP_valley_818,aVWAP_valley_817,aVWAP_valley_816,aVWAP_valley_768,aVWAP_valley_767,aVWAP_valley_746,aVWAP_valley_731,aVWAP_valley_709,aVWAP_valley_708,aVWAP_valley_688,aVWAP_valley_687,aVWAP_valley_686,aVWAP_valley_685,aVWAP_valley_684,aVWAP_valley_683,aVWAP_valley_682,aVWAP_valley_681,aVWAP_valley_661,aVWAP_valley_660,aVWAP_valley_635,aVWAP_valley_634,aVWAP_valley_618,aVWAP_valley_593,aVWAP_valley_592,aVWAP_valley_551,aVWAP_valley_550,aVWAP_valley_515,aVWAP_valley_484,aVWAP_valley_467,aVWAP_valley_449,aVWAP_valley_431,aVWAP_valley_420,aVWAP_valley_398,aVWAP_valley_397,aVWAP_valley_396,aVWAP_valley_323,aVWAP_valley_322,aVWAP_valley_321,aVWAP_valley_320,aVWAP_valley_306,aVWAP_valley_305,aVWAP_valley_304,aVWAP_valley_263,aVWAP_valley_230,aVWAP_valley_209,aVWAP_valley_203,aVWAP_valley_202,aVWAP_valley_201,aVWAP_valley_200,aVWAP_valley_199,aVWAP_valley_151,aVWAP_valley_150,aVWAP_valley_137,aVWAP_valley_116,aVWAP_valley_115,aVWAP_valley_114,aVWAP_valley_113,aVWAP_valley_101,aVWAP_valley_100,aVWAP_valley_99,aVWAP_valley_98,aVWAP_valley_97,aVWAP_valley_96,aVWAP_valley_95,aVWAP_valley_59,aVWAP_valley_25,aVWAP_valley_24,aVWAP_OB_bull_875,aVWAP_OB_bull_767,aVWAP_OB_bull_746,aVWAP_OB_bull_515,aVWAP_OB_bull_484,aVWAP_OB_bull_431,aVWAP_OB_bull_151,aVWAP_OB_bear_877,aVWAP_OB_bear_828,aVWAP_OB_bear_709,aVWAP_OB_bear_217,Peaks_Valleys_avg,Peaks_avg,Valleys_avg,color,StDev,StDev_Mean,StdDev_ZScore,QQEMOD,QQE1_Value,QQE1_Above_Upper,QQE1_Below_Lower,QQE2_Above_Threshold,QQE2_Below_Threshold,QQE2_Above_TL,banker_RSI,SMA_50,SMA_200,OB,OB_High,OB_Low,OB_Mitigated_Index,TTM_squeeze_Active,VI_plus,VI_minus,VI_Regular_Bullish,VI_Regular_Bearish,VI_Hidden_Bullish,VI_Hidden_Bearish,Fisher,Fisher_Signal,Fisher_Regular_Bullish,Fisher_Regular_Bearish,Fisher_Hidden_Bullish,Fisher_Hidden_Bearish,OBV,OBV_Smoothed,OBV_Regular_Bullish,OBV_Regular_Bearish,OBV_Hidden_Bullish,OBV_Hidden_Bearish,Volume_MA,Vol_Regular_Bullish,Vol_Regular_Bearish,Vol_Hidden_Bullish,Vol_Hidden_Bearish
2024-12-30 15:00:00+00:00,35.265,35.265,35.14,35.2,179.0,,,,,,,,,,,,,,,,,,,,,,,,,,,,,,,,,,,,,,,,,,,,,,,,,,,,,,,,,,,,,,,,,,,,,,,,,,,,,,,,,,,,,,,,,,,,,,,,,,,,,,,,,,,,,,,,,,,,,,,,,,,,,,,,,,,,,,,,,,,,,,,,,,,,#000000,,,,,,False,False,False,False,False,,,,0.0,0.0,0.0,0.0,0,,,False,False,False,False,,,False,False,False,False,0.0,0.0,False,False,False,False,179.0,False,False,False,False
2024-12-30 16:00:00+00:00,35.2,35.2,35.2,35.2,0.0,,,,,,,,,,,,,,,,,,,,,,,,,,,,,,,,,,,,,,,,,,,,,,,,,,,,,,,,,,,,,,,,,,,,,,,,,,,,,,,,,,,,,,,,,,,,,,,,,,,,,,,,,,,,,,,,,,,,,,,,,,,,,,,,,,,,,,,,,,,,,,,,,,,,#000000,,,,,,False,False,False,False,False,,,,0.0,0.0,0.0,0.0,0,,,False,False,False,False,,,False,False,False,False,0.0,0.0,False,False,False,False,176.2248062015504,False,False,False,False
2024-12-30 17:00:00+00:00,35.2,35.2,35.2,35.2,0.0,,,,,,,,,,,,,,,,,,,,,,,,,,,,,,,,,,,,,,,,,,,,,,,,,,,,,,,,,,,,,,,,,,,,,,,,,,,,,,,,,,,,,,,,,,,,,,,,,,,,,,,,,,,,,,,,,,,,,,,,,,,,,,,,,,,,,,,,,,,,,,,,,,,,#000000,,,,,,False,False,False,False,False,,,,0.0,0.0,0.0,0.0,0,,,False,False,False,False,,,False,False,False,False,0.0,0.0,False,False,False,False,173.49263866354187,False,False,False,False
2024-12-30 18:00:00+00:00,35.2,35.2,34.89,34.89,100.0,,,,,,,,,,,,,,,,,,,,,,,,,,,,,,,,,,,,,,,,,,,,,,,,,,,,,,,,,,,,,,,,,,,,,,,,,,,,,,,,,,,,,,,,,,,,,,,,,,,,,,,,,,,,,,,,,,,,,,,,,,,,,,,,,,,,,,,,,,,,,,,,,,,,#000000,,,,0.0,,False,False,False,True,False,,,,0.0,0.0,0.0,0.0,0,,,False,False,False,False,,,False,False,False,False,-100.0,-1.550387596899225,False,False,False,False,172.35321790906835,False,False,False,False
2024-12-30 19:00:00+00:00,34.89,34.89,34.79,34.81,200.0,,,,,,,,,,,,,,,,,,,,,,,,,,,,,,,,,,,,,,,,,,,,,,,,,,,,,,,,,,,,,,,,,,,,,,,,,,,,,,,,,,,,,,,,,,,,,,,,,,,,,,,,,,,,,,,,,,,,,,,,,,,,,,,,,,,,,,,,,,,,,,,,,,,,#000000,,,,0.0,-50.0,False,False,False,True,True,,,,0.0,0.0,0.0,0.0,0,,,False,False,False,False,,,False,False,False,False,-300.0,-6.1775133705907095,False,False,False,False,172.7818501895479,False,False,False,False
2024-12-30 20:00:00+00:00,34.81,34.86,34.76,34.86,249.0,,,,,,,,,,,,,,,,,,,,,,,,,,,,,,,,,,,,,,,,,,,,,,,,,,,,,,,,,,,,,,,,,,,,,,,,,,,,,,,,,,,,,,,,,,,,,,,,,,,,,,,,,,,,,,,,,,,,,,,,,,,,,,,,,,,,,,,,,,,,,,,,,,,,#000000,,,,4.553119730185273,-45.90219224283325,False,False,False,True,True,,,,0.0,0.0,0.0,0.0,0,,,False,False,False,False,,,False,False,False,False,-51.0,-6.872435643914884,False,False,False,False,173.9635269307952,False,False,False,False
2024-12-31 15:00:00+00:00,34.86,34.86,34.86,34.86,0.0,,,,,,,,,,,,,,,,,,,,,,,,,,,,,,,,,,,,,,,,,,,,,,,,,,,,,,,,,,,,,,,,,,,,,,,,,,,,,,,,,,,,,,,,,,,,,,,,,,,,,,,,,,,,,,,,,,,,,,,,,,,,,,,,,,,,,,,,,,,,,,,,,,,,#000000,,,,7.588532883642122,-43.44350758853321,False,False,False,True,True,,,,0.0,0.0,0.0,0.0,0,,,False,False,False,False,,,False,False,False,False,-51.0,-7.556583928505351,False,False,False,False,171.26641798613173,False,False,False,False
2024-12-31 16:00:00+00:00,34.86,35.395,34.86,35.395,3.0,,,,,,,,,,,,,,,,,,,,,,,,,,,,,,,,,,,,,,,,,,,,,,,,,,,,,,,,,,,,,,,,,,,,,,,,,,,,,,,,,,,,,,,,,,,,,,,,,,,,,,,,,,,,,,,,,,,,,,,,,,,,,,,,,,,,,,,,,,,,,,,,,,,,#000000,,,,28.2932410548375,-25.137094855030703,False,False,False,True,True,,,,0.0,0.0,0.0,0.0,0,,,False,False,False,False,,,False,False,False,False,-48.0,-8.183613635040151,False,False,False,False,168.65763631192812,False,False,False,False
2024-12-31 17:00:00+00:00,35.395,35.395,35.385,35.385,133.0,,,,,,,,,,,,,,,,,,,,,,,,,,,,,,,,,,,,,,,,,,,,,,,,,,,,,,,,,,,,,,,,,,,,,,,,,,,,,,,,,,,,,,,,,,,,,,,,,,,,,,,,,,,,,,,,,,,,,,,,,,,,,,,,,,,,,,,,,,,,,,,,,,,,#000000,,,,41.78352162396871,-14.393537986541332,False,False,False,True,True,,,,0.0,0.0,0.0,0.0,0,,,False,False,False,False,,,False,False,False,False,-181.0,-10.86293745465193,False,False,False,False,168.10480474120055,False,False,False,False
2024-12-31 18:00:00+00:00,35.385,35.455,35.385,35.455,100.0,,,,,,,,,,,,,,,,,,,,,,,,,,,,,,,,,,,,,,,,,,,,,,,,,,,,,,,,,,,,,,,,,,,,,,,,,,,,,,,,,,,,,,,,,,,,,,,,,,,,,,,,,,,,,,,,,,,,,,,,,,,,,,,,,,,,,,,,,,,,,,,,,,,,#000000,,,,51.77527560439989,-6.911780188143645,False,False,True,False,True,,,,0.0,0.0,0.0,0.0,0,,,False,False,False,False,,,False,False,False,False,-81.0,-11.95033377318446,False,False,False,False,167.04891629560052,False,False,False,False
2024-12-31 19:00:00+00:00,35.455,35.455,35.455,35.455,0.0,,,,,,,,,,,,,,,,,,,,,,,,,,,,,,,,,,,,,,,,,,,,,,,,,,,,,,,,,,,,,,,,,,,,,,,,,,,,,,,,,,,,,,,,,,,,,,,,,,,,,,,,,,,,,,,,,,,,,,,,,,,,,,,,,,,,,,,,,,,,,,,,,,,,#000000,,,,58.43644492468734,-2.175643124684626,False,False,True,False,True,,,,0.0,0.0,0.0,0.0,0,,,False,False,False,False,,,False,False,False,False,-81.0,-13.02087123406532,False,False,False,False,164.45901061659896,False,False,False,False
2024-12-31 20:00:00+00:00,35.455,35.87,35.455,35.87,51.0,,,,,,,,,,,,,,,,,,,,,,,,,,,,,,,,,,,,,,,,,,,,,,,,,,,,,,,,,,,35.73166666666666,,,,,,,,,,,,,,,,,,,,,,,,,,,,,,,,,,,,,,,,,,,,,,,,,,,,,,,,,,,,,,,,,,,,,,,,,,,,,,,,,,,,,,35.73166666666666,35.73166666666666,,#000000,,35.73166666666666,,66.8158642156496,4.558297114786079,False,False,True,False,True,,,,0.0,0.0,0.0,0.0,0,,,False,False,False,False,,,False,False,False,False,-30.0,-13.28411354051392,False,False,False,False,162.6999561884346,False,False,False,False
2025-01-01 15:00:00+00:00,35.87,35.87,35.87,35.87,0.0,,,,,,,,,,,,,,,,,,,,,,,,,,,,,,,,,,,,,,,,,,,,,,,,,,,,,,,,,,,35.73166666666666,,,,,,,,,,,,,,,,,,,,,,,,,,,,,,,,,,,,,,,,,,,,,,,,,,,,,,,,,,,,,,,,,,,,,,,,,,,,,,,,,,,,,,35.73166666666666,35.73166666666666,,#000000,,35.73166666666666,,72.40214374295776,9.023144780443374,False,False,True,False,True,,,,0.0,0.0,0.0,0.0,0,,,False,False,False,False,,,False,False,False,False,-30.0,-13.54327457089355,False,False,False,False,160.17747624752863,False,False,False,False
2025-01-01 16:00:00+00:00,35.87,35.87,35.87,35.87,0.0,,,,,,,,,,,,,,,,,,,,,,,,,,,,,,,,,,,,,,,,,,,,,,,,,,,,,,,,,,,35.73166666666666,,,,,,,,,,,,,,,,,,,,,,,,,,,,,,,,,,,,,,,,,,,,,,,,,,,,,,,,,,,,,,,,,,,,,,,,,,,,,,,,,,,,,,35.73166666666666,35.73166666666666,,#000000,,35.73166666666666,,76.12633009449654,12.192356063872296,False,False,True,False,True,,,,0.0,0.0,0.0,0.0,0,,,False,False,False,False,,,False,False,False,False,-30.0,-13.798417600802177,False,False,False,False,157.69410452276074,False,False,False,False
2025-01-01 17:00:00+00:00,35.87,35.87,35.87,35.87,0.0,,,,,,,,,,,,,,,,,,,,,,,,,,,,,,,,,,,,,,,,,,,,,,,,,,,,,,,,,,,35.73166666666666,,,,,,,,,,,,,,,,,,,,,,,,,,,,,,,,,,,,,,,,,,,,,,,,,,,,,,,,,,,,,,,,,,,,,,,,,,,,,,,,,,,,,,35.73166666666666,35.73166666666666,,#000000,,35.73166666666666,,78.60912099552239,14.629042792430226,False,False,True,False,True,,,,0.0,0.0,0.0,0.0,0,,,False,False,False,False,,,False,False,False,False,-30.0,-14.049604924820748,False,False,False,False,155.24923468519856,False,False,False,False
2025-01-01 18:00:00+00:00,35.87,35.87,35.87,35.87,0.0,,,,,,,,,,,,,,,,,,,,,,,,,,,,,,,,,,,,,,,,,,,,,,,,,,,,,,,,,,,35.73166666666666,,,,,,,,,,,,,,,,,,,,,,,,,,,,,,,,,,,,,,,,,,,,,,,,,,,,,,,,,,,,,,,,,,,,,,,,,,,,,,,,,,,,,,35.73166666666666,35.73166666666666,,#000000,,35.73166666666666,,80.26431492953962,16.648413790789945,False,False,True,False,True,,,,0.0,0.0,0.0,0.0,0,,,False,False,False,False,,,False,False,False,False,-30.0,-14.296897871722752,False,False,False,False,152.84226980635827,False,False,False,False
2025-01-01 19:00:00+00:00,35.87,35.87,35.87,35.87,0.0,,,,,,,,,,,,,,,,,,,,,,,,,,,,,,,,,,,,,,,,,,,,,,,,,,,,,,,,,,,35.73166666666666,,,,,,,,,,,,,,,,,,,,,,,,,,,,,,,,,,,,,,,,,,,,,,,,,,,,,,,,,,,,,,,,,,,,,,,,,,,,,,,,,,,,,,35.73166666666666,35.73166666666666,,#000000,,35.73166666666666,,81.36777755221777,18.41923951792947,False,False,True,False,True,,,,0.0,0.0,0.0,0.0,0,,,False,False,False,False,,,False,False,False,False,-30.0,-14.54035681944798,False,False,False,False,150.47262221246123,False,False,False,False
2025-01-01 20:00:00+00:00,35.87,35.87,35.87,35.87,0.0,,,,,,,,,,,,,,,,,,,,,,,,,,,,,,,,,,,,,,,,,,,,,,,,,,,,,,,,,,,35.73166666666666,,,,,,,,,,,,,,,,,,,,,,,,,,,,,,,,,,,,,,,,,,,,,,,,,,,,,,,,,,,,,,,,,,,,,,,,,,,,,,,,,,,,,,35.73166666666666,35.73166666666666,,#000000,,35.73166666666666,,82.10341930066988,20.026370999763174,False,False,True,False,True,,,,0.0,0.0,0.0,0.0,0,,,False,False,False,False,,,False,False,False,False,-30.0,-14.780041209844136,False,False,False,False,148.1397133409502,False,False,False,False
2025-01-02 15:00:00+00:00,35.87,35.87,35.71,35.86,766.0,,,,,,,,,,,,,,,,,,,,,,,,,,,,,,,,,,,,,,,,,,,,,,,,,,,,35.81333333333333,35.81333333333333,35.81333333333333,35.81333333333333,35.81333333333333,35.81333333333333,35.81333333333333,35.80823541411669,,,,,,,,,,,,,,,,,,,,,,,,,,,,,,,,,,,,,,,,,,,,,,,,,,,,,,,,,,,,,,,,,,,,,,,,,,,,,,,,,,,,,,35.812696093431256,35.812696093431256,,#000000,,35.812696093431256,,81.96768843392353,20.917902407742673,False,False,True,False,True,,,,0.0,0.0,0.0,0.0,0,,,False,False,False,False,,,False,False,False,False,-796.0,-26.891978555427947,False,False,False,False,157.7189425914781,False,False,False,False
2025-01-02 16:00:00+00:00,35.86,35.86,35.58,35.58,100.0,,,,,,,,,,,,,,,,,,,,,,,,,,,,,,,,,,,,,,,,,,,,,,,,,,,,35.797167051578135,35.797167051578135,35.797167051578135,35.797167051578135,35.797167051578135,35.797167051578135,35.797167051578135,35.79352417302799,,,,,,,,,,,,,,,,,,,,,,,,,,,,,,,,,,,,,,,,,,,,,,,,,,,,,,,,,,,,,,,,,,,,,,,,,,,,,,,,,,,,,,35.79671169175937,35.79671169175937,,#000000,,35.79671169175937,,70.58884007855512,31.677071643401035,False,False,True,False,False,,,,0.0,0.0,0.0,0.0,0,,,False,False,False,False,,,False,False,False,False,-896.0,-40.36652152356085,False,False,False,False,156.82407526447844,False,False,False,False
2025-01-02 17:00:00+00:00,35.58,35.58,35.58,35.58,0.0,,,,,,,,,,,,,,,,,,,,,,,,,,,,,,,,,,,,,,,,,,,,,,,,,,,,35.797167051578135,35.797167051578135,35.797167051578135,35.797167051578135,35.797167051578135,35.797167051578135,35.797167051578135,35.79352417302799,,,,,,,,,,,,,,,,,,,,,,,,,,,,,,,,,,,,,,,,,,,,,,,,,,,,,,,,,,,,,,,,,,,,,,,,,,,,,,,,,,,,,,35.79671169175937,35.79671169175937,,#000000,,35.79671169175937,,63.00294117497617,24.43083851233179,False,False,True,False,False,,,,0.0,0.0,0.0,0.0,0,,,False,False,False,False,,,False,False,False,False,-896.0,-53.63215684877696,False,False,False,False,154.39269425262606,False,False,False,False
2025-01-02 18:00:00+00:00,35.58,35.58,35.28,35.28,100.0,,,,,,,,,,,,,,,,,,,,,,,,,,,,,,,,,,,,,,,,,,,,,,,,,,,,35.75398205659075,35.75398205659075,35.75398205659075,35.75398205659075,35.75398205659075,35.75398205659075,35.75398205659075,35.7528629957391,,,,,,,,,,,,,,,,,,,,,,,,,,,,,,,,,,,,,,,,,,,,,,,,,,,,,,,,,,,,,,,,,,,,,,,,,,,,,,,,,,,,,,35.753842173984296,35.753842173984296,,#000000,,35.753842173984296,,52.208510047974386,14.476120698942168,False,False,False,False,False,,,,0.0,0.0,0.0,0.0,0,,,False,False,False,False,,,False,False,False,False,-996.0,-68.24251100616026,False,False,False,False,153.549396667314,False,False,False,False
2025-01-02 19:00:00+00:00,35.28,35.28,35.28,35.28,0.0,,,,,,,,,,,,,,,,,,,,,,,,,,,,,,,,,,,,,,,,,,,,,,,,,,,,35.75398205659075,35.75398205659075,35.75398205659075,35.75398205659075,35.75398205659075,35.75398205659075,35.75398205659075,35.7528629957391,,,,,,,,,,,,,,,,,,,,,,,,,,,,,,,,,,,,,,,,,,,,,,,,,,,,,,,,,,,,,,,,,,,,,,,,,,,,,,,,,,,,,,35.753842173984296,35.753842173984296,,#000000,,35.753842173984296,,45.012222629973195,8.04617411741416,False,False,False,True,False,,,,0.0,0.0,0.0,0.0,0,,,False,False,False,False,,,False,False,False,False,-996.0,-82.62634804482444,False,False,False,False,151.16878586627035,False,False,False,False
2025-01-02 20:00:00+00:00,35.28,35.43,35.28,35.35,342.0,,,,,,,,,,,,,,,,,,,,,,,,,,,,,,,,,,,,,,,,,,,,,,,,,,,,35.6492252803262,35.6492252803262,35.6492252803262,35.6492252803262,35.6492252803262,35.6492252803262,35.6492252803262,35.652319107186656,,,,,,,,,,,,,,,,,,,,,,,,,,,,,,,,,,,,,,,,,,,,,,,,,,,,,,,,,,,,,,,,,,,,,,,,,,,,,,,,,,,,,,35.64961200868376,35.64961200868376,,#000000,,35.64961200868376,,42.436195062531645,5.696849382561972,False,False,False,True,False,,,,0.0,0.0,0.0,0.0,0,,,False,False,False,False,,,False,False,False,False,-654.0,-91.48485427668763,False,False,False,False,154.1274093412119,False,False,False,False
2025-01-03 15:00:00+00:00,35.35,35.35,35.145,35.145,100.0,,,,,,,,,,,,,,,,,,,,,,,,,,,,,,,,,,,,,,,,,,,,,,,,,,,,35.61826704545455,35.61826704545455,35.61826704545455,35.61826704545455,35.61826704545455,35.61826704545455,35.61826704545455,35.622230980123376,,,,,,,,,,,,,,,,,,,,,,,,,,,,,,,,,,,,,,,,,,,,,,,,,,,,,,,,,,,,,,,,,,,,,,,,,,35.21333333333334,,,,,,,,,,,,35.57371484795984,35.61876253728815,35.21333333333334,#000000,,35.57371484795984,,37.73119635163624,1.0770141828120856,False,False,False,True,False,,,,0.0,0.0,0.0,0.0,0,,,False,False,False,False,,,False,False,False,False,-754.0,-101.75640692356069,False,False,False,False,153.28822470026284,False,False,False,False
2025-01-03 16:00:00+00:00,35.145,35.27,35.145,35.27,100.0,,,,,,,,,,,,,,,,,,,,,,,,,,,,,,,,,,,,,,,,,,,,,,,,,,,,35.592409372236965,35.592409372236965,35.592409372236965,35.592409372236965,35.592409372236965,35.592409372236965,35.592409372236965,35.59696493478726,,,,,,,,,,,,,,,,,,,,,,,,,,,,,,,,,,,,,,,,,,,,,,,,,,,,,,,,,,,,,,,,,,,,,,,,,35.22833333333333,35.22083333333334,,,,,,,,,,,,35.51929972071126,35.592978817555746,35.224583333333335,#000000,,35.51929972071126,,37.976844152785176,0.867898697962012,False,False,False,True,False,,,,0.0,0.0,0.0,0.0,0,,,False,False,False,False,,,False,False,False,False,-654.0,-110.31832309528842,False,False,False,False,152.46205067390216,False,False,False,False
2025-01-03 17:00:00+00:00,35.27,35.27,35.27,35.27,0.0,,,,,,,,,,,,,,,,,,,,,,,,,,,,,,,,,,,,,,,,,,,,,,,,,,,,35.592409372236965,35.592409372236965,35.592409372236965,35.592409372236965,35.592409372236965,35.592409372236965,35.592409372236965,35.59696493478726,,,,,,,,,,,,,,,,,,,,,,,,,,,,,,,,,,,,,,,,,,,,,,,,,,,,,,,,,,,,,,,,,,,,,,,,,35.22833333333333,35.22083333333334,,,,,,,,,,,,35.51929972071126,35.592978817555746,35.224583333333335,#000000,,35.51929972071126,,38.140609353551135,0.2413497339581241,False,False,False,True,False,,,,0.0,0.0,0.0,0.0,0,,,False,False,False,False,,,False,False,False,False,-654.0,-118.74749638063278,False,False,False,False,150.09829795027576,False,False,False,False
2025-01-03 18:00:00+00:00,35.27,35.27,35.27,35.27,0.0,,,,,,,,,,,,,,,,,,,,,,,,,,,,,,,,,,,,,,,,,,,,,,,,,,,,35.592409372236965,35.592409372236965,35.592409372236965,35.592409372236965,35.592409372236965,35.592409372236965,35.592409372236965,35.59696493478726,,,,,,,,,,,,,,,,,,,,,,,,,,,,,,,,,,,,,,,,,,,,,,,,,,,,,,,,,,,,,,,,,,,,,,,,,35.22833333333333,35.22083333333334,,,,,,,,,,,,35.51929972071126,35.592978817555746,35.224583333333335,#000000,,35.51929972071126,,38.24978615406177,-0.6283864661491521,False,False,False,True,False,,,,0.0,0.0,0.0,0.0,0,,,False,False,False,False,,,False,False,False,False,-654.0,-127.04598480884002,False,False,False,False,147.77119255569784,False,False,False,False
2025-01-03 19:00:00+00:00,35.27,35.27,35.27,35.27,0.0,,,,,,,,,,,,,,,,,,,,,,,,,,,,,,,,,,,,,,,,,,,,,,,,,,,,35.592409372236965,35.592409372236965,35.592409372236965,35.592409372236965,35.592409372236965,35.592409372236965,35.592409372236965,35.59696493478726,,,,,,,,,,,,,,,,,,,,,,,,,,,,,,,,,,,,,,,,,,,,,,,,,,,,,,,,,,,,,,,,,,,,,,,,,35.22833333333333,35.22083333333334,,,,,,,,,,,,35.51929972071126,35.592978817555746,35.224583333333335,#000000,,35.51929972071126,,38.322570687735535,-1.6197008946950433,False,False,False,True,False,,,,0.0,0.0,0.0,0.0,0,,,False,False,False,False,,,False,False,False,False,-654.0,-135.21581450172621,False,False,False,False,145.4801663145242,False,False,False,False
2025-01-03 20:00:00+00:00,35.27,35.5,35.27,35.415,129.0,,,,,,,,,,,,,,,,,,,,,,,,,,,,,,,,,,,,,,,,,,,,,,,,,,,,35.57685298309917,35.57685298309917,35.57685298309917,35.57685298309917,35.57685298309917,35.57685298309917,35.57685298309917,35.5815304107425,,,,,,,,,,,,,,,,,,,,,,,,,,,,,,,,,,,,,,,,,,,,,,,,,,,,,,,,,,,,,,,,,,,,,,,,,35.32221979621543,35.28912360688957,,,,,,,,,,,,35.52308446955418,35.57743766155459,35.3056717015525,#000000,,35.52308446955418,,42.64255132256383,-1.6197008946950433,False,False,False,True,True,,,,0.0,0.0,0.0,0.0,0,,,False,False,False,False,,,False,False,False,False,-525.0,-141.25898016836612,False,False,False,False,145.22465986003547,False,False,False,False
2025-01-06 15:00:00+00:00,35.83,35.83,35.83,35.83,0.0,,,,,,,,,,,,,,,,,,,,,,,,,,,,,,,,,,,,,,,,,,,,,,,,,,,,35.57685298309917,35.57685298309917,35.57685298309917,35.57685298309917,35.57685298309917,35.57685298309917,35.57685298309917,35.5815304107425,,,,,,,,,,,,,,,,,,,,,,,,,,,,,,,,,,,,,,,,,,,,,,,,,,,,,,,,,,,,,,,,,,,,,,,,,35.32221979621543,35.28912360688957,,,,,,,,,,,,35.52308446955418,35.57743766155459,35.3056717015525,#000000,,35.52308446955418,,52.040841842612465,-7.512271435794204,False,False,True,False,True,,,,0.0,0.0,0.0,0.0,0,,,False,False,False,False,,,False,False,False,False,-525.0,-147.20845334405035,False,False,False,False,142.97311474592638,False,False,False,False
2025-01-06 16:00:00+00:00,35.83,35.83,35.83,35.83,0.0,,,,,,,,,,,,,,,,,,,,,,,,,,,,,,,,,,,,,,,,,,,,,,,,,,,,35.57685298309917,35.57685298309917,35.57685298309917,35.57685298309917,35.57685298309917,35.57685298309917,35.57685298309917,35.5815304107425,,,,,,,,,,,,,,,,,,,,,,,,,,,,,,,,,,,,,,,,,,,,,,,,,,,,,,,,,,,,,,,,,,,,,,,,,35.32221979621543,35.28912360688957,,,,,,,,,,,,35.52308446955418,35.57743766155459,35.3056717015525,#000000,,35.52308446955418,,58.30636885597822,-1.5850729253505307,False,False,True,False,True,,,,0.0,0.0,0.0,0.0,0,,,False,False,False,False,,,False,False,False,False,-525.0,-153.06568662553795,False,False,False,False,140.75647730800503,False,False,False,False
2025-01-06 17:00:00+00:00,35.83,35.96,35.69,35.69,445.0,,,,,,,,,,,,,,,,,,,,,,,,,,,,,,,,,,,,,,,,,,,,,,,,,,,35.78,35.620272974703816,35.620272974703816,35.620272974703816,35.620272974703816,35.620272974703816,35.620272974703816,35.620272974703816,35.62293639631193,,,,,,,,,,,,,,,,,,,,,,,,,,,,,,,,,,,,,,,,,,,,,,,,,,,,,,,,,,,,,,,,,,,,,,,,,35.62446340257171,35.571345822566755,,,,,,,,,,,,35.63096876767065,35.638316357693185,35.59790461256924,#000000,,35.63096876767065,,59.02876721160609,-0.7557869759024385,False,False,True,False,True,,,,0.0,0.0,0.0,0.0,0,,,False,False,False,False,,,False,False,False,False,-970.0,-165.73133489490945,False,False,False,False,145.473431148191,False,False,False,False
2025-01-06 18:00:00+00:00,35.69,35.69,35.535,35.535,16.0,,,,,,,,,,,,,,,,,,,,,,,,,,,,,,,,,,,,,,,,,,,,,,,,,,,35.77328994938539,35.62001668255482,35.62001668255482,35.62001668255482,35.62001668255482,35.62001668255482,35.62001668255482,35.62001668255482,35.62266635644487,,,,,,,,,,,,,,,,,,,,,,,,,,,,,,,,,,,,,,,,,,,,,,,,,,,,,,,,,,,,,,,,,,,,,,,,,35.62358695652174,35.57165611814346,,,,,,,,,,,,35.63011965076175,35.637341453746004,35.5976215373326,#000000,,35.63011965076175,,56.403246143779526,-0.7557869759024385,False,False,True,False,True,,,,0.0,0.0,0.0,0.0,0,,,False,False,False,False,,,False,False,False,False,-986.0,-178.4486785399496,False,False,False,False,143.46609113038957,False,False,False,False
2025-01-06 19:00:00+00:00,35.535,35.535,35.475,35.5,112.0,,,,,,,,,,,,,,,,,,,,,,,,,,,,,,,,,,,,,,,,,,,,,,,,,,,35.72052356020942,35.614103318250386,35.614103318250386,35.614103318250386,35.614103318250386,35.614103318250386,35.614103318250386,35.614103318250386,35.61675512310188,,,,,,,,,,,,,,,,,,,,,,,,,,,,,,,,,,,,,,,,,,,,,,,,,,,,,,,,,,,,,,,,,,,,,,,,,35.60679343308396,35.56317257945307,,,,,,,,,,,,35.618724356691004,35.62622243456266,35.584983006268516,#000000,,35.618724356691004,,54.010411138756496,-0.7557869759024385,False,False,True,False,False,,,,0.0,0.0,0.0,0.0,0,,,False,False,False,False,,,False,False,False,False,-1098.0,-192.70528817498914,False,False,False,False,142.97824475627502,False,False,False,False
2025-01-06 20:00:00+00:00,35.5,35.5,35.1,35.25,81.0,,,,,,,,,,,,,,,,,,,,,,,,,,,,,,,,,,,,,,,,,,,,,,,,,,,35.66637614678899,35.60240870071294,35.60240870071294,35.60240870071294,35.60240870071294,35.60240870071294,35.60240870071294,35.60240870071294,35.605223455735846,,,,,,,,,,,,,,,,,,,,,,,,,,,,,,,,,,,,,,,,,,,,,,,,,,,,,,,,,,,,,,,,,,,,,,,,,35.57712155530389,35.54011359782977,,,,,,,,,,,,35.60051778733173,35.60982894527949,35.55861757656683,#000000,,35.60051778733173,,48.601607882281286,7.9136051688758755,False,False,False,True,False,,,,0.0,0.0,0.0,0.0,0,,,False,False,False,False,,,False,False,False,False,-1179.0,-207.99667905599705,False,False,False,False,142.01734173679787,False,False,False,False
2025-01-07 15:00:00+00:00,35.25,35.345,35.16,35.16,186.0,,,,,,,,,,,,,,,,,,,,,,,,,,,,,,,,,,,,,,,,,,,,,,,,,,,35.567904761904764,35.573818463194726,35.573818463194726,35.573818463194726,35.573818463194726,35.573818463194726,35.573818463194726,35.573818463194726,35.57700290084389,,,,,,,,,,,,,,,,,,,,,,,,,,,,,,,,,,,,,,,,,,,,,,,,,,,,,,,,,,,,,,,,,,,,,,,,,35.51527439975055,35.48944539492444,,,,,,,,,,,,35.56057788179879,35.57351521167908,35.5023598973375,#000000,,35.56057788179879,,43.91220225774726,3.317538781286231,False,False,False,True,False,,,,0.0,0.0,0.0,0.0,0,,,False,False,False,False,,,False,False,False,False,-1365.0,-225.934715039625,False,False,False,False,142.69924341529713,False,False,False,False
2025-01-07 16:00:00+00:00,35.16,35.16,35.16,35.16,0.0,,,,,,,,,,,,,,,,,,,,,,,,,,,,,,,,,,,,,,,,,,,,,,,,,,,35.567904761904764,35.573818463194726,35.573818463194726,35.573818463194726,35.573818463194726,35.573818463194726,35.573818463194726,35.573818463194726,35.57700290084389,,,,,,,,,,,,,,,,,,,,,,,,,,,,,,,,,,,,,,,,,,,,,,,,,,,,,,,,,,,,,,,,,,,,,,,,,35.51527439975055,35.48944539492444,,,,,,,,,,,,35.56057788179879,35.57351521167908,35.5023598973375,#000000,,35.56057788179879,,40.785931841391246,0.18741905726866293,False,False,False,True,False,,,,0.0,0.0,0.0,0.0,0,,,False,False,False,False,,,False,False,False,False,-1365.0,-243.59464193823544,False,False,False,False,140.48685204451732,False,False,False,False
2025-01-07 17:00:00+00:00,35.16,35.16,35.16,35.16,0.0,,,,,,,,,,,,,,,,,,,,,,,,,,,,,,,,,,,,,,,,,,,,,,,,,,,35.567904761904764,35.573818463194726,35.573818463194726,35.573818463194726,35.573818463194726,35.573818463194726,35.573818463194726,35.573818463194726,35.57700290084389,,,,,,,,,,,,,,,,,,,,,,,,,,,,,,,,,,,,,,,,,,,,,,,,,,,,,,,,,,,,,,,,,,,,,,,,,35.51527439975055,35.48944539492444,,,,,,,,,,,,35.56057788179879,35.57351521167908,35.5023598973375,#000000,,35.56057788179879,,38.701751563820565,-2.066866238083442,False,False,False,True,False,,,,0.0,0.0,0.0,0.0,0,,,False,False,False,False,,,False,False,False,False,-1365.0,-260.9807715205884,False,False,False,False,138.30876131514495,False,False,False,False
2025-01-07 18:00:00+00:00,35.16,35.16,35.16,35.16,0.0,,,,,,,,,,,,,,,,,,,,,,,,,,,,,,,,,,,,,,,,,,,,,,,,,,,35.567904761904764,35.573818463194726,35.573818463194726,35.573818463194726,35.573818463194726,35.573818463194726,35.573818463194726,35.573818463194726,35.57700290084389,,,,,,,,,,,,,,,,,,,,,,,,,,,,,,,,,,,,,,,,,,,,,,,,,,,,,,,,,,,,,,,,,,,,,,,,,35.51527439975055,35.48944539492444,,,,,,,,,,,,35.56057788179879,35.57351521167908,35.5023598973375,#000000,,35.56057788179879,,37.312298045440116,-3.795496903929795,False,False,False,True,False,,,,0.0,0.0,0.0,0.0,0,,,False,False,False,False,,,False,False,False,False,-1365.0,-278.09734870631576,False,False,False,False,136.16443943429,False,False,False,False
2025-01-07 19:00:00+00:00,35.16,35.16,35.07,35.07,100.0,,,,,,,,,,,,,,,,,,,,,,,,,,,,,,,,,,,,,,,,,,,,,,,,,,,35.51812765957447,35.555432026904676,35.555432026904676,35.555432026904676,35.555432026904676,35.555432026904676,35.555432026904676,35.555432026904676,35.55885210553019,,,,,,,,,,,,,,,,,,,,,,,,,,,,,,,,,,,,,,,,,,,,,,,,,,,,,,,,,,,,,,,,,,,,,,,,,35.479750499002,35.45875623850801,,,,,,,,,,,,35.536682790086125,35.55166710593748,35.469253368755005,#000000,,35.536682790086125,,34.99182183230893,-6.456687072151247,False,False,False,True,False,,,,0.0,0.0,0.0,0.0,0,,,False,False,False,False,,,False,False,False,False,-1465.0,-296.4989401992411,False,False,False,False,135.6037504508126,False,False,False,False
2025-01-07 20:00:00+00:00,35.07,35.07,35.03,35.03,9.0,,,,,,,,,,,,,,,,,,,,,,,,,,,,,,,,,,,,,,,,,,,,,,,,,,,35.513624868282406,35.55364978087136,35.55364978087136,35.55364978087136,35.55364978087136,35.55364978087136,35.55364978087136,35.55364978087136,35.557092655795735,,,,,,,,,,,,,,,,,,,,,,,,,,,,,,,,,,,,,,,,,,,,,,,,,,,,,,,,,,,,,,,,,,,,,,,,,35.476416242218455,35.45583072509129,,,,,,,,,,,,35.53441026886249,35.549585110019734,35.46612348365487,#000000,,35.53441026886249,,32.86716135895312,-8.928998073250838,False,False,False,True,False,,,,0.0,0.0,0.0,0.0,0,,,False,False,False,False,,,False,False,False,False,-1474.0,-314.75477058374895,False,False,False,False,133.64090160661397,False,False,False,False
2025-01-08 15:00:00+00:00,35.46,35.46,35.2,35.2,100.0,,,,,,,,,,,,,,,,,,,,,,,,,,,,,,,,,,,,,,,,,,,,,,,,,,,35.491989196059734,35.543709977661955,35.543709977661955,35.543709977661955,35.543709977661955,35.543709977661955,35.543709977661955,35.543709977661955,35.54721227621484,,,,,,,,,,,,,,,,,,,,,,,,,,,,,,,,,,,,,,,,,,,,,,,,,,,,,,,,,,,,,,,,,,,,,,,,,35.46156885758999,35.443554668601834,,,,,,,,,,,,35.52275407655455,35.53835236843425,35.452561763095915,#000000,,35.52275407655455,,36.553576595869664,-8.928998073250838,False,False,False,True,True,,,,0.0,0.0,0.0,0.0,0,,,False,False,False,False,,,False,False,False,False,-1374.0,-331.1771772413652,False,False,False,False,133.11933724061993,False,False,False,False
2025-01-08 16:00:00+00:00,35.2,35.27,35.2,35.21,800.0,,,,,,,,,,,,,,,,,,,,,,,,,,,,,,,,,,,,,,,,,,,,,,,,,,,35.3771930773391,35.47095190284949,35.47095190284949,35.47095190284949,35.47095190284949,35.47095190284949,35.47095190284949,35.47095190284949,35.47471114880784,,,,,,,,,,,,,,,,,,,,,,,,,,,,,,,,,,,,,,,,,,,,,,,,,,,,,,,,,,,,,,,,,,,,,,,,,35.37113490535772,35.363889654116925,,,,,,,,,,,,35.443962918688,35.46095194956593,35.367512279737326,#000000,,35.443962918688,,39.272743140583664,-8.928998073250838,False,True,False,True,True,,,,0.0,0.0,0.0,0.0,0,,,False,False,False,False,,,False,False,False,False,-574.0,-334.94187216785565,False,False,False,False,143.4585723221607,False,False,False,False
2025-01-08 17:00:00+00:00,35.21,35.21,35.13,35.16,2250.0,,,,,,,,,,,,,,,,,,,,,,,,,,,,,,,,,,,,,,,,,,,,,,,,,,,35.261632105391556,35.351593154346816,35.351593154346816,35.351593154346816,35.351593154346816,35.351593154346816,35.351593154346816,35.351593154346816,35.354942687633205,,,,,,,,,,,,,,,,,,,,,,,,,,,,,,,,,,,,,,,,,,,,,,,,,,,,,,,,,,,,,,,,,,,,,,,,,35.26483787738755,35.263674721469435,,,,,,,,,,,,35.32783995202813,35.341969652605826,35.264256299428496,#000000,,35.32783995202813,,39.997998034561846,-8.928998073250838,False,True,False,True,True,,,,0.0,0.0,0.0,0.0,0,,,False,False,False,False,,,False,False,False,False,-2824.0,-373.5319206613772,False,False,False,False,176.11812934042177,False,False,False,False
2025-01-08 18:00:00+00:00,35.16,35.16,35.02,35.02,185.0,,,,,,,,,,,,,,,,,,,,,,,,,,,,,,,,,,,,,,,,,,,,,,,,,,,35.25321272953626,35.342690705398866,35.342690705398866,35.342690705398866,35.342690705398866,35.342690705398866,35.342690705398866,35.342690705398866,35.346012502790806,,,,,,,,,,,,,,,,,,,,,,,,,,,,,,,,,,,,,,,,,,,,,,,,,,,,,,,,,,,,,,,,,,,,,,,,,35.256714306817344,35.25577389984826,,,,,,,,,,,,35.31914076152589,35.3331177966799,35.256244103332804,#000000,,35.31914076152589,,37.89930897741993,-8.928998073250838,False,True,False,True,True,,,,0.0,0.0,0.0,0.0,0,,,False,False,False,False,,,False,False,False,False,-3009.0,-414.39189088368147,False,False,False,False,176.2558327615005,False,False,False,False
2025-01-08 19:00:00+00:00,35.02,35.02,34.95,34.96,437.0,,,,,,,,,,,,,,,,,,,,,,,,,,,,,,,,,,,,,,,,,,,,,,,,,,,35.2276142060298,35.317533029254484,35.317533029254484,35.317533029254484,35.317533029254484,35.317533029254484,35.317533029254484,35.317533029254484,35.32082852239039,,,,,,,,,,,,,,,,,,,,,,,,,,,,,,,,,,,,,,,,,,,,,,,,,,,,,,,,,,,,,,,,,,,,,,,,,35.23199090909091,35.23162145214522,,,,,,,,,,,,35.29407148131252,35.30790821480018,35.231806180618065,#000000,,35.29407148131252,,35.57155963798528,-8.928998073250838,False,True,False,True,False,,,,0.0,0.0,0.0,0.0,0,,,False,False,False,False,,,False,False,False,False,-3446.0,-461.393566994012,False,False,False,False,180.29837799000435,False,False,False,False
2025-01-08 20:00:00+00:00,34.96,34.96,34.76,34.76,22.0,,,,,,,,,,,,,,,,,,,,,,,,,,,,,,,,,,,,,,,,,,,,,,,,,,,35.22575444514724,35.31584038662488,35.31584038662488,35.31584038662488,35.31584038662488,35.31584038662488,35.31584038662488,35.31584038662488,35.31913802933707,,,,,,,,,,,,,,,,,,,,,,,,,,,,,,,,,,,,,,,,,,,,,,,,,,,,,,,,,,,,,,,,,,,,,,,,,35.23019743899169,35.22986494479496,,,,,,,,,,,,35.29234886951319,35.30619724231761,35.230031191893325,#000000,,35.29234886951319,,31.581159762502633,-11.520368738890298,False,True,False,True,False,,,,0.0,0.0,0.0,0.0,0,,,False,False,False,False,,,False,False,False,False,-3468.0,-508.00762021891103,False,False,False,False,177.84413957155468,False,False,False,False
2025-01-09 15:00:00+00:00,34.76,34.76,34.76,34.76,0.0,,,,,,,,,,,,,,,,,,,,,,,,,,,,,,,,,,,,,,,,,,,,,,,,,,,35.22575444514724,35.31584038662488,35.31584038662488,35.31584038662488,35.31584038662488,35.31584038662488,35.31584038662488,35.31584038662488,35.31913802933707,,,,,,,,,,,,,,,,,,,,,,,,,,,,,,,,,,,,,,,,,,,,,,,,,,,,,,,,,,,,,,,,,,,,,,,,,35.23019743899169,35.22986494479496,,,,,,,,,,,,35.29234886951319,35.30619724231761,35.230031191893325,#000000,,35.29234886951319,,28.920893178847535,-14.217428949908069,False,True,False,True,False,,,,0.0,0.0,0.0,0.0,0,,,False,False,False,False,,,False,False,False,False,-3468.0,-553.8989749441992,False,False,False,False,175.08686608982515,False,False,False,False
2025-01-09 16:00:00+00:00,34.76,34.76,34.76,34.76,0.0,,,,,,,,,,,,,,,,,,,,,,,,,,,,,,,,,,,,,,,,,,,,,,,,,,,35.22575444514724,35.31584038662488,35.31584038662488,35.31584038662488,35.31584038662488,35.31584038662488,35.31584038662488,35.31584038662488,35.31913802933707,,,,,,,,,,,,,,,,,,,,,,,,,,,,,,,,,,,,,,,,,,,,,,,,,,,,,,,,,,,,,,,,,,,,,,,,,35.23019743899169,35.22986494479496,,,,,,,,,,,,35.29234886951319,35.30619724231761,35.230031191893325,#000000,,35.29234886951319,,27.14738212307747,-16.111603936463013,False,True,False,True,False,0.0,35.3315,,0.0,0.0,0.0,0.0,0,,,False,False,False,False,,,False,False,False,False,-3468.0,-599.0788357977774,False,False,False,False,172.37234103416895,False,False,False,False
2025-01-09 17:00:00+00:00,34.76,34.76,34.76,34.76,0.0,,,,,,,,,,,,,,,,,,,,,,,,,,,,,,,,,,,,,,,,,,,,,,,,,,,35.22575444514724,35.31584038662488,35.31584038662488,35.31584038662488,35.31584038662488,35.31584038662488,35.31584038662488,35.31584038662488,35.31913802933707,,,,,,,,,,,,,,,,,,,,,,,,,,,,,,,,,,,,,,,,,,,,,,,,,,,,,,,,,,,,,,,,,,,,,,,,,35.23019743899169,35.22986494479496,,,,,,,,,,,,35.29234886951319,35.30619724231761,35.230031191893325,#000000,,35.29234886951319,,25.965041419230758,-17.522576043245756,False,True,False,True,False,0.0,35.3227,,0.0,0.0,0.0,0.0,0,,,False,False,False,False,,,False,False,False,False,-3468.0,-643.5582336923856,False,False,False,False,169.69990163829036,False,False,False,False
2025-01-09 18:00:00+00:00,34.76,34.76,34.76,34.76,0.0,,,,,,,,,,,,,,,,,,,,,,,,,,,,,,,,,,,,,,,,,,,,,,,,,,,35.22575444514724,35.31584038662488,35.31584038662488,35.31584038662488,35.31584038662488,35.31584038662488,35.31584038662488,35.31584038662488,35.31913802933707,,,,,,,,,,,,,,,,,,,,,,,,,,,,,,,,,,,,,,,,,,,,,,,,,,,,,,,,,,,,,,,,,,,,,,,,,35.23019743899169,35.22986494479496,,,,,,,,,,,,35.29234886951319,35.30619724231761,35.230031191893325,#000000,,35.29234886951319,,25.176814283332952,-18.63879986493378,False,True,False,True,False,0.0,35.3139,,0.0,0.0,0.0,0.0,0,,,False,False,False,False,,,False,False,False,False,-3468.0,-687.3480285188602,False,False,False,False,167.06889541134012,False,False,False,False
2025-01-09 19:00:00+00:00,34.76,34.76,34.76,34.76,0.0,,,,,,,,,,,,,,,,,,,,,,,,,,,,,,,,,,,,,,,,,,,,,,,,,,,35.22575444514724,35.31584038662488,35.31584038662488,35.31584038662488,35.31584038662488,35.31584038662488,35.31584038662488,35.31584038662488,35.31913802933707,,,,,,,,,,,,,,,,,,,,,,,,,,,,,,,,,,,,,,,,,,,,,,,,,,,,,,,,,,,,,,,,,,,,,,,,,35.23019743899169,35.22986494479496,,,,,,,,,,,,35.29234886951319,35.30619724231761,35.230031191893325,#000000,,35.29234886951319,,24.651329526067748,-19.569029459447535,False,True,False,True,False,0.0,35.3051,,0.0,0.0,0.0,0.0,0,,,False,False,False,False,,,False,False,False,False,-3468.0,-730.4589117976375,False,False,False,False,164.47867997860615,False,False,False,False
2025-01-09 20:00:00+00:00,34.76,34.76,34.76,34.76,0.0,,,,,,,,,,,,,,,,,,,,,,,,,,,,,,,,,,,,,,,,,,,,,,,,,,,35.22575444514724,35.31584038662488,35.31584038662488,35.31584038662488,35.31584038662488,35.31584038662488,35.31584038662488,35.31584038662488,35.31913802933707,,,,,,,,,,,,,,,,,,,,,,,,,,,,,,,,,,,,,,,,,,,,,,,,,,,,,,,,,,,,,,,,,,,,,,,,,35.23019743899169,35.22986494479496,,,,,,,,,,,,35.29234886951319,35.30619724231761,35.230031191893325,#000000,,35.29234886951319,,24.30100635455761,-20.37454265022512,False,True,False,True,False,0.0,35.3025,,0.0,0.0,0.0,0.0,0,,,False,False,False,False,,,False,False,False,False,-3468.0,-772.9014092891471,False,False,False,False,161.92862292467427,False,False,False,False
2025-01-10 15:00:00+00:00,34.735,34.735,34.45,34.45,200.0,,,,,,,,,,,,,,,,,,,,,,,,,,,,,,,,,,,,,,,,,,,,,,,,,,,35.198210263672536,35.29241058763932,35.29241058763932,35.29241058763932,35.29241058763932,35.29241058763932,35.29241058763932,35.29241058763932,35.29578897099483,,,,,,,,,,,,,,,,,,,,,,,,,,,,,,,,,,,,,,,,,,,,,,,,,,,,,,,,,,,,,,,,,,,,,,,,,35.20370101830369,35.203883725341434,,,,,,,,,,,,35.26804164470797,35.282319260904735,35.20379237182256,#000000,,35.26804164470797,,20.484223189938998,-24.313947150521727,False,True,False,True,False,0.0,35.295300000000005,,0.0,0.0,0.0,0.0,0,,,False,False,False,False,,,False,False,False,False,-3668.0,-817.7866587575325,False,False,False,False,162.51887683281885,False,False,False,False
2025-01-10 16:00:00+00:00,34.45,34.45,33.96,33.96,100.0,,,,,,,,,,,,,,,,,,,,,,,,,,,,,,,,,,,,,,,,,,,,,,,,,,,35.176896027496866,35.27490943113773,35.27490943113773,35.27490943113773,35.27490943113773,35.27490943113773,35.27490943113773,35.27490943113773,35.2783702273065,,,,,,,,,,,,,,,,,,,,,,,,,,,,,,,,,,,,,,,,,,,,,,,,,,,,,,,,,,,,,,,,,,,,,,,,,35.183208459787565,35.18376923554233,,,,,,,,,,,,35.24969181528158,35.26440358586305,35.18348884766495,#000000,,35.24969181528158,,16.022801689696998,-28.615777341955017,False,True,False,True,False,0.0,35.2773,,0.0,0.0,0.0,0.0,0,,,False,False,False,False,,,False,False,False,False,-3768.0,-863.5264004822219,False,False,False,False,161.5495919206821,False,False,False,False
2025-01-10 17:00:00+00:00,33.96,33.96,33.795,33.795,200.0,,,,,,,,,,,,,,,,,,,,,,,,,,,,,,,,,,,,,,,,,,,,,,,,,,,35.12628011952445,35.233487645348845,35.233487645348845,35.233487645348845,35.233487645348845,35.233487645348845,35.233487645348845,35.233487645348845,35.23715336892224,,,,,,,,,,,,,,,,,,,,,,,,,,,,,,,,,,,,,,,,,,,,,,,,,,,,,,,,,,,,,,,,,,,,,,,,,35.13448008040936,35.13589525005983,,,,,,,,,,,,35.20620203057798,35.22198300065429,35.1351876652346,#000000,,35.20620203057798,,12.705468324157495,-31.71369577203691,False,True,False,True,False,0.0,35.256,,0.0,0.0,0.0,0.0,0,,,False,False,False,False,,,False,False,False,False,-3968.0,-911.6577741181565,False,False,False,False,162.14572227850098,False,False,False,False
2025-01-10 18:00:00+00:00,33.795,33.795,33.795,33.795,0.0,,,,,,,,,,,,,,,,,,,,,,,,,,,,,,,,,,,,,,,,,,,,,,,,,,,35.12628011952445,35.233487645348845,35.233487645348845,35.233487645348845,35.233487645348845,35.233487645348845,35.233487645348845,35.233487645348845,35.23715336892224,,,,,,,,,,,,,,,,,,,,,,,,,,,,,,,,,,,,,,,,,,,,,,,,,,,,,,,,,,,,,,,,,,,,,,,,,35.13448008040936,35.13589525005983,,,,,,,,,,,,35.20620203057798,35.22198300065429,35.1351876652346,#000000,,35.20620203057798,,10.49391274713116,-33.78690366881997,False,True,False,True,False,0.0,35.224000000000004,,0.0,0.0,0.0,0.0,0,,,False,False,False,False,,,False,False,False,False,-3968.0,-959.0429249070222,False,False,False,False,159.63183511139243,False,False,False,False
2025-01-10 19:00:00+00:00,33.795,33.83,33.795,33.795,17.0,,,,,,,,,,,,,,,,,,,,,,,,,,,,,,,,,,,,,,,,,,,,,,,,,,,35.122015209125486,35.229970760233925,35.229970760233925,35.229970760233925,35.229970760233925,35.229970760233925,35.229970760233925,35.229970760233925,35.233653329495304,,,,,,,,,,,,,,,,,,,,,,,,,,,,,,,,,,,,,,,,,,,,,,,,,,,,,,,,,,,,,,,,,,,,,,,,,35.13036770510719,35.131852150056666,,,,,,,,,,,,35.20251670140201,35.218384873362034,35.13110992758193,#000000,,35.20251670140201,,9.019542362446936,-35.254061843042024,False,True,False,True,False,0.0,35.1922,,0.0,0.0,0.0,0.0,0,,,False,False,False,False,,,False,False,False,False,-3968.0,-1005.6934221952854,False,False,False,False,157.42048883059564,False,False,False,False
2025-01-10 20:00:00+00:00,33.795,33.795,33.735,33.765,45.0,,,,,,,,,,,,,,,,,,,,,,,,,,,,,,,,,,,,,,,,,,,,,,,,,,,35.11050424128182,35.220474406991265,35.220474406991265,35.220474406991265,35.220474406991265,35.220474406991265,35.220474406991265,35.220474406991265,35.22420253586921,,,,,,,,,,,,,,,,,,,,,,,,,,,,,,,,,,,,,,,,,,,,,,,,,,,,,,,,,,,,,,,,,,,,,,,,33.765,35.11926514877726,35.120934800615316,,,,,,,,,,,,35.073602297956874,35.20866973623222,34.66839998313086,#000000,,35.073602297956874,,7.963439582373635,-36.428994362192654,False,True,False,True,False,0.0,35.1584,,0.0,0.0,0.0,0.0,0,,,False,False,False,False,,,False,False,False,False,-4013.0,-1052.3183303783042,False,False,False,False,155.6775355153926,False,False,False,False
2025-01-13 15:00:00+00:00,33.765,33.765,33.765,33.765,0.0,,,,,,,,,,,,,,,,,,,,,,,,,,,,,,,,,,,,,,,,,,,,,,,,,,,35.11050424128182,35.220474406991265,35.220474406991265,35.220474406991265,35.220474406991265,35.220474406991265,35.220474406991265,35.220474406991265,35.22420253586921,,,,,,,,,,,,,,,,,,,,,,,,,,,,,,,,,,,,,,,,,,,,,,,,,,,,,,,,,,,,,,,,,,,,,,,,33.765,35.11926514877726,35.120934800615316,,,,,,,,,,,,35.073602297956874,35.20866973623222,34.66839998313086,#000000,,35.073602297956874,,7.259371062324767,-37.36300970546347,False,True,False,True,False,0.0,35.1246,,0.0,0.0,0.0,0.0,0,,,False,False,False,False,,,False,False,False,False,-4013.0,-1098.2203717677878,False,False,False,False,153.26393031360357,False,False,False,False
2025-01-13 16:00:00+00:00,33.765,34.12,33.765,34.12,200.0,,,,,,,,,,,,,,,,,,,,,,,,,,,,,,,,,,,,,,,,,,,,,,,,,,,35.07021949742659,35.18634369457669,35.18634369457669,35.18634369457669,35.18634369457669,35.18634369457669,35.18634369457669,35.18634369457669,35.190210158024016,,,,,,,,,,,,,,,,,,,,,,,,,,,,,,,,,,,,,,,,,,,,,,,,,,,,,,,,,,,,,,,,,,,,,,,,33.95819727891156,35.08028368794327,35.082564278368196,,,,,,,,,,,,35.05715673022588,35.17387061305416,34.70701508174101,#000000,,35.05715673022588,,17.81646017312052,-38.254597234020295,False,True,False,True,True,0.0,35.0896,,0.0,0.0,0.0,0.0,0,,,False,False,False,False,,,False,False,False,False,-3813.0,-1140.3099784070469,False,False,False,False,153.98852054129964,False,False,False,False
2025-01-13 17:00:00+00:00,34.12,34.12,34.12,34.12,0.0,,,,,,,,,,,,,,,,,,,,,,,,,,,,,,,,,,,,,,,,,,,,,,,,,,,35.07021949742659,35.18634369457669,35.18634369457669,35.18634369457669,35.18634369457669,35.18634369457669,35.18634369457669,35.18634369457669,35.190210158024016,,,,,,,,,,,,,,,,,,,,,,,,,,,,,,,,,,,,,,,,,,,,,,,,,,,,,,,,,,,,,,,,,,,,,,,,33.95819727891156,35.08028368794327,35.082564278368196,,,,,,,,,,,,35.05715673022588,35.17387061305416,34.70701508174101,#000000,,35.05715673022588,,24.854519580317692,-32.12130190321181,False,True,False,True,True,0.0,35.0546,,0.0,0.0,0.0,0.0,0,,,False,False,False,False,,,False,False,False,False,-3813.0,-1181.7470330053873,False,False,False,False,151.60110161817872,False,False,False,False
2025-01-13 18:00:00+00:00,34.12,34.28,34.12,34.28,145.0,,,,,,,,,,,,,,,,,,,,,,,,,,,,,,,,,,,,,,,,,,,,,,,,,,,35.04857079646018,35.167247609898915,35.167247609898915,35.167247609898915,35.167247609898915,35.167247609898915,35.167247609898915,35.167247609898915,35.171170391569014,,,,,,,,,,,,,,,,,,,,,,,,,,,,,,,,,,,,,,,,,,,,,,,,,,,,,,,,,,,,,,,,,,,,,,,,34.05801282051282,35.05923002778251,35.06180743714111,,,,,,,,,,,,35.04746039522985,35.154497161924624,34.726350095145484,#000000,,35.04746039522985,,32.9452280198595,-25.139680457171757,False,True,False,True,True,0.0,35.022800000000004,,0.0,0.0,0.0,0.0,0,,,False,False,False,False,,,False,False,False,False,-3668.0,-1220.2935906332107,False,False,False,False,151.49875895743176,False,False,False,False
2025-01-13 19:00:00+00:00,34.28,34.28,34.28,34.28,0.0,,,,,,,,,,,,,,,,,,,,,,,,,,,,,,,,,,,,,,,,,,,,,,,,,,,35.04857079646018,35.167247609898915,35.167247609898915,35.167247609898915,35.167247609898915,35.167247609898915,35.167247609898915,35.167247609898915,35.171170391569014,,,,,,,,,,,,,,,,,,,,,,,,,,,,,,,,,,,,,,,,,,,,,,,,,,,,,,,,,,,,,,,,,,,,,,,,34.05801282051282,35.05923002778251,35.06180743714111,,,,,,,,,,,,35.04746039522985,35.154497161924624,34.726350095145484,#000000,,35.04746039522985,,38.339033646220706,-20.671674730206547,False,False,False,True,True,0.0,34.991,,0.0,0.0,0.0,0.0,0,,,False,False,False,False,,,False,False,False,False,-3668.0,-1258.2425272125408,False,False,False,False,149.1499409890995,False,False,False,False
2025-01-13 20:00:00+00:00,34.28,34.34,34.28,34.34,100.0,,,,,,,,,,,,,,,,,,,,,,,,,,,,,,,,,,,,,,,,,,,,,,,,,,,35.035900000000005,35.15577816885521,35.15577816885521,35.15577816885521,35.15577816885521,35.15577816885521,35.15577816885521,35.15577816885521,35.15972685309672,,,,,,,,,,,,,,,,,,,,,,,,,,,,,,,,,,,,,,,,,,,,,,,,,,,,,,,,,,,,,,,,,,,,,,,,34.11147959183673,35.04686625411162,35.0496046498876,,,,,,,,,,,,35.04116871090992,35.14289711500925,34.735983498611986,#000000,,35.04116871090992,,43.17997539643923,-16.546910755566216,True,False,False,True,True,0.0,34.9604,,0.0,0.0,0.0,0.0,0,,,False,False,False,False,,,False,False,False,False,-3568.0,-1294.0527205890905,False,False,False,False,148.3879264001212,False,False,False,False
2025-01-14 15:00:00+00:00,34.34,35.32,34.34,35.32,200.0,,,,,,,,,,,,,,,,,,,,,,,,,,,,,,,,,,,,,,,,,,,,,,,,,,,35.03446918767508,35.151495979965745,35.151495979965745,35.151495979965745,35.151495979965745,35.151495979965745,35.151495979965745,35.151495979965745,35.15536986122022,,,,,,,,,,,,,,,,,,,,,,,,,,,,,,,,,,,,,,,,,,,,,,,,,,,,,,,,,,,,,,,,,,,,,,,,34.367089371980676,35.04513351675029,35.04781228433403,,,,,,,,,,,,35.059195506810035,35.13892343429506,34.820011724355,#000000,,35.059195506810035,,55.43123430694966,-5.590056066396663,True,False,True,False,True,6.180418694813163,34.9494,,0.0,0.0,0.0,0.0,0,,,False,False,False,False,,,False,False,False,False,-3368.0,-1326.206941975306,False,False,False,False,149.1881135877162,False,False,False,False
2025-01-14 16:00:00+00:00,35.32,35.32,35.065,35.065,25.0,,,,,,,,,,,,,,,,,,,,,,,,,,,,,,,,,,,,,,,,,,,,,,,,,,,35.03495258019527,35.15149106673674,35.15149106673674,35.15149106673674,35.15149106673674,35.15149106673674,35.15149106673674,35.15149106673674,35.15535234242465,,,,,,,,,,,,,,,,,,,,,,,,,,,,,,,,,,,,,,,,,,,,,,,,,,,,,,,,,,,,,,,,,,,,,,,,34.39446386946386,35.045556092843334,35.048217533840955,,,,,,,,,,,,35.06158165716044,35.1389713766419,34.829412498716046,#000000,,35.06158165716044,,59.76400632509302,-2.0781283367919485,True,False,True,False,True,1.5161511844476045,34.9333,,0.0,0.0,0.0,0.0,0,,,False,False,False,False,,,False,False,False,False,-3393.0,-1358.250245200495,False,False,False,False,147.26271647782912,False,False,False,False
2025-01-14 17:00:00+00:00,35.065,35.065,35.065,35.065,0.0,,,,,,,,,,,,,,,,,,,,,,,,,,,,,,,,,,,,,,,,,,,,,,,,,,,35.03495258019527,35.15149106673674,35.15149106673674,35.15149106673674,35.15149106673674,35.15149106673674,35.15149106673674,35.15149106673674,35.15535234242465,,,,,,,,,,,,,,,,,,,,,,,,,,,,,,,,,,,,,,,,,,,,,,,,,,,,,,,,,,,,,,,,,,,,,,,,34.39446386946386,35.045556092843334,35.048217533840955,,,,,,,,,,,,35.06158165716044,35.1389713766419,34.829412498716046,#000000,,35.06158165716044,,62.652521003855256,0.469879915904734,True,False,True,False,True,1.5161511844476045,34.9174,,0.0,0.0,0.0,0.0,0,,,False,False,False,False,,,False,False,False,False,-3393.0,-1389.796753026844,False,False,False,False,144.97957358669998,False,False,False,False
2025-01-14 18:00:00+00:00,35.065,35.065,35.065,35.065,0.0,,,,,,,,,,,,,,,,,,,,,,,,,,,,,,,,,,,,,,,,,,,,,,,,,,,35.03495258019527,35.15149106673674,35.15149106673674,35.15149106673674,35.15149106673674,35.15149106673674,35.15149106673674,35.15149106673674,35.15535234242465,,,,,,,,,,,,,,,,,,,,,,,,,,,,,,,,,,,,,,,,,,,,,,,,,,,,,,,,,,,,,,,,,,,,,,,,34.39446386946386,35.045556092843334,35.048217533840955,,,,,,,,,,,,35.06158165716044,35.1389713766419,34.829412498716046,#000000,,35.06158165716044,,64.57819745636341,2.472370253998136,True,False,True,False,True,1.5161511844476045,34.9071,,0.0,0.0,0.0,0.0,0,,,False,False,False,False,,,False,False,False,False,-3393.0,-1420.8541677085984,False,False,False,False,142.7318282597744,False,False,False,False
2025-01-14 19:00:00+00:00,35.065,35.17,35.065,35.17,100.0,,,,,,,,,,,,,,,,,,,,,,,,,,,,,,,,,,,,,,,,,,,,,,,,,,,35.03659945130316,35.15127723029047,35.15127723029047,35.15127723029047,35.15127723029047,35.15127723029047,35.15127723029047,35.15127723029047,35.15509017132553,,,,,,,,,,,,,,,,,,,,,,,,,,,,,,,,,,,,,,,,,,,,,,,,,,,,,,,,,,,,,,,,,,,,,,,,34.485327198364004,35.04697493654823,35.04957266291902,,,,,,,,,,,,35.06937541937443,35.138958914962444,34.86062493261042,#000000,,35.06937541937443,,66.68084523181861,4.8981472267769846,True,False,True,False,True,3.3179790387256674,34.8989,,0.0,0.0,0.0,0.0,0,,,False,False,False,False,,,False,False,False,False,-3293.0,-1449.87968448831,False,False,False,False,142.06931929450656,False,False,False,False
2025-01-14 20:00:00+00:00,35.17,35.43,35.17,35.43,125.0,,,,,,,,,,,,,,,,,,,,,,,,,,,,,,,,,,,,,,,,,,,,,,,,,,,35.04278360215054,35.15434052145805,35.15434052145805,35.15434052145805,35.15434052145805,35.15434052145805,35.15434052145805,35.15434052145805,35.1580732336038,,,,,,,,,,,,,,,,,,,,,,,,,,,,,,,,,,,,,,,,,,,,,,,,,,,,,,,,,,,,,,,,,,,,,,,,34.59942375886525,35.05273707678748,35.05519681421352,,,,,,,,,,,,35.08238317798558,35.14236005399563,34.90245254995541,#000000,,35.08238317798558,,69.81147301547296,8.393822838554698,True,False,True,False,True,7.499972272329494,34.9019,,0.0,0.0,0.0,0.0,0,,,False,False,False,False,,,False,False,False,False,-3168.0,-1476.517208759809,False,False,False,False,141.8046786852894,False,False,False,False
2025-01-15 15:00:00+00:00,36.3,36.49,36.3,36.435,500.0,,,,,,,,,,,,,,,,,,,,,,,,,,,,,,,,,,,,,,,,,,,,,,,,,,,35.14469029850746,35.22954699932031,35.22954699932031,35.22954699932031,35.22954699932031,35.22954699932031,35.22954699932031,35.22954699932031,35.23259994436498,,,,,,,,,,,,,,,,,,,,,,,,,,,,,,,,,,,,,,,,,,,,,,,,,,,,,,,,,,,,,,,,,,,,,,,,35.22751736111111,35.150557560013475,35.15145065680277,,,,,,,,,,,,35.20947040133683,35.22045769312385,35.176508525975784,#000000,,35.20947040133683,,75.38014272247408,14.095962191931392,True,False,True,False,True,20.0,34.925,,0.0,0.0,0.0,0.0,0,,,False,False,False,False,,,False,False,False,False,-2668.0,-1494.9898101743854,False,False,False,False,147.35809451962598,False,False,False,False
2025-01-15 16:00:00+00:00,36.435,36.435,36.435,36.435,0.0,,,,,,,,,,,,,,,,,,,,,,,,,,,,,,,,,,,,,,,,,,,,,,,,,,,35.14469029850746,35.22954699932031,35.22954699932031,35.22954699932031,35.22954699932031,35.22954699932031,35.22954699932031,35.22954699932031,35.23259994436498,,,,,,,,,,,,,,,,,,,,,,,,,,,,,,,,,,,,,,,,,,,,,,,,,,,,,,,,,,,,,,,,,,,,,,,,35.22751736111111,35.150557560013475,35.15145065680277,,,,,,,,,,,,35.20947040133683,35.22045769312385,35.176508525975784,#000000,,35.20947040133683,,79.09258919380815,17.97395181103414,True,False,True,False,True,20.0,34.9467,,0.0,0.0,0.0,0.0,0,,,False,False,False,False,,,False,False,False,False,-2668.0,-1513.1760146678057,False,False,False,False,145.07347289916666,False,False,False,False
2025-01-15 17:00:00+00:00,36.435,36.435,36.435,36.435,0.0,,,,,,,,,,,,,,,,,,,,,,,,,,,,,,,,,,,,,,,,,,,,,,,,,,,35.14469029850746,35.22954699932031,35.22954699932031,35.22954699932031,35.22954699932031,35.22954699932031,35.22954699932031,35.22954699932031,35.23259994436498,,,,,,,,,,,,,,,,,,,,,,,,,,,,,,,,,,,,,,,,,,,,,,,,,,,,,,,,,,,,,,,,,,,,,,,,35.22751736111111,35.150557560013475,35.15145065680277,,,,,,,,,,,,35.20947040133683,35.22045769312385,35.176508525975784,"rgba(0, 255, 255, 0.75)",0.6215859909490727,35.20947040133683,1.9716171479218252,81.56755350803087,20.75211280371748,True,False,True,False,True,20.0,34.9725,,0.0,0.0,0.0,0.0,0,,,False,False,False,False,,,False,False,False,False,-2668.0,-1531.0802625024132,False,False,False,False,142.82427176894703,False,False,False,False
2025-01-15 18:00:00+00:00,36.435,36.435,36.35,36.42,355.0,,,,,,,,,,,,,,,,,,,,,,,,,,,,,,,,,,,,,,,,,,,,,,,,,,,35.207939995275225,35.27741889093421,35.27741889093421,35.27741889093421,35.27741889093421,35.27741889093421,35.27741889093421,35.27741889093421,35.28006862632965,,,,,,,,,,,,,,,,,,,,,,,,,,,,,,,,,,,,,,,,,,,,,,,,,,,,,,,,,,,,,,,,,,,,,,,,35.45973073351904,35.21153281164196,35.211557195738536,,,,,,,,,,,,35.27606346658698,35.2699934286827,35.294273580299844,"rgba(0, 255, 255, 0.75)",0.6392436902273596,35.27606346658698,1.7895155648797334,82.95245994318022,22.625192097739244,True,False,True,False,True,19.845578168533226,34.9955,,0.0,0.0,0.0,0.0,0,,,False,False,False,False,,,False,False,False,False,-3023.0,-1554.2108010682673,False,False,False,False,146.11381794307187,False,False,False,False
2025-01-15 19:00:00+00:00,36.42,36.42,36.42,36.42,0.0,,,,,,,,,,,,,,,,,,,,,,,,,,,,,,,,,,,,,,,,,,,,,,,,,,,35.207939995275225,35.27741889093421,35.27741889093421,35.27741889093421,35.27741889093421,35.27741889093421,35.27741889093421,35.27741889093421,35.28006862632965,,,,,,,,,,,,,,,,,,,,,,,,,,,,,,,,,,,,,,,,,,,,,,,,,,,,,,,,,,,,,,,,,,,,,,,,35.45973073351904,35.21153281164196,35.211557195738536,,,,,,,,,,,,35.27606346658698,35.2699934286827,35.294273580299844,"rgba(0, 255, 255, 0.75)",0.6560179010411864,35.27606346658698,1.7437581072062842,83.87573089994645,24.181657302324822,True,False,True,False,True,19.845578168533226,35.018499999999996,,0.0,0.0,0.0,0.0,0,,,False,False,False,False,,,False,False,False,False,-3023.0,-1576.9827266331004,False,False,False,False,143.84848743232655,False,False,False,False
2025-01-15 20:00:00+00:00,36.42,36.63,36.345,36.63,594.0,,,,,,,,,,,,,,,,,,,,,,,,,,,,,,,,,,,,,,,,,,,,,,,,,,,35.31099577286792,35.357862911910416,35.357862911910416,35.357862911910416,35.357862911910416,35.357862911910416,35.357862911910416,35.357862911910416,35.359904680304176,,,,,,,,,,,,,,,,,,,,,,,,,,,,,,,,,,,,,,,,,,,,,,,,,,,,,,,,,,,,,,,,,,,,,,,,35.72708525184875,35.31132203604976,35.31009379961561,,,,,,,,,,,,35.37703682700492,35.35288231517167,35.4495003625047,"rgba(0, 255, 255, 0.75)",0.6776442168901633,35.37703682700492,1.8489985478591764,85.15777777081968,26.128506748619984,True,False,True,False,True,20.0,35.045700000000004,,0.0,0.0,0.0,0.0,0,,,False,False,False,False,,,False,False,False,False,-2429.0,-1590.1922967628198,False,False,False,False,150.82758065043,False,False,False,False
2025-01-16 15:00:00+00:00,36.73,36.73,36.68,36.69,8.0,,,,,,,,,,,,,,,,,,,,,,,,,,,,,,,,,,,,,,,,,,,,,,,,,,,35.31244699838928,35.35901818377449,35.35901818377449,35.35901818377449,35.35901818377449,35.35901818377449,35.35901818377449,35.35901818377449,35.36105189941146,,,,,,,,,,,,,,,,,,,,,,,,,,,,,,,,,,,,,,,,,,,,,,,,,,,,,,,,,,,,,,,,,,,,,,,,35.73033235989431,35.312730788739536,35.311486142415895,,,,,,,,,,,,35.378431289605984,35.354069576024685,35.45151643034992,"rgba(0, 255, 255, 0.75)",0.6988403973017728,35.378431289605984,1.8767786113367062,86.18877724901311,27.843050768152096,True,False,True,False,True,20.0,35.0741,,0.0,0.0,0.0,0.0,0,,,False,False,False,False,,,False,False,False,False,-2421.0,-1603.0730363478924,False,False,False,False,148.6131995550745,False,False,False,False
2025-01-16 16:00:00+00:00,36.69,36.69,36.69,36.69,0.0,,,,,,,,,,,,,,,,,,,,,,,,,,,,,,,,,,,,,,,,,,,,,,,,,,,35.31244699838928,35.35901818377449,35.35901818377449,35.35901818377449,35.35901818377449,35.35901818377449,35.35901818377449,35.35901818377449,35.36105189941146,,,,,,,,,,,,,,,,,,,,,,,,,,,,,,,,,,,,,,,,,,,,,,,,,,,,,,,,,,,,,,,,,,,,,,,,35.73033235989431,35.312730788739536,35.311486142415895,,,,,,,,,,,,35.378431289605984,35.354069576024685,35.45151643034992,"rgba(0, 255, 255, 0.75)",0.7180333187581526,35.378431289605984,1.8266126043599027,86.8761102344754,29.232948020759366,True,False,True,False,True,20.0,35.099599999999995,,0.0,0.0,0.0,0.0,0,,,False,False,False,False,,,False,False,False,False,-2421.0,-1615.7540745440492,False,False,False,False,146.3091189418175,False,False,False,False
2025-01-16 17:00:00+00:00,36.69,36.69,36.69,36.69,0.0,,,,,,,,,,,,,,,,,,,,,,,,,,,,,,,,,,,,,,,,,,,,,,,,,,,35.31244699838928,35.35901818377449,35.35901818377449,35.35901818377449,35.35901818377449,35.35901818377449,35.35901818377449,35.35901818377449,35.36105189941146,,,,,,,,,,,,,,,,,,,,,,,,,,,,,,,,,,,,,,,,,,,,,,,,,,,,,,,,,,,,,,,,,,,,,,,,35.73033235989431,35.312730788739536,35.311486142415895,,,,,,,,,,,,35.378431289605984,35.354069576024685,35.45151643034992,"rgba(0, 255, 255, 0.75)",0.7362443471692937,35.378431289605984,1.7814312808468031,87.3343322247836,30.400715431558154,True,False,True,False,True,20.0,35.1168,,0.0,0.0,0.0,0.0,0,,,False,False,False,False,,,False,False,False,False,-2421.0,-1628.2385074968547,False,False,False,False,144.04076050861102,False,False,False,False
2025-01-16 18:00:00+00:00,36.69,36.69,36.42,36.42,100.0,,,,,,,,,,,,,,,,,,,,,,,,,,,,,,,,,,,,,,,,,,,,,,,,,,,35.327885350865884,35.37127049180329,35.37127049180329,35.37127049180329,35.37127049180329,35.37127049180329,35.37127049180329,35.37127049180329,35.3732165166755,,,,,,,,,,,,,,,,,,,,,,,,,,,,,,,,,,,,,,,,,,,,,,,,,,,,,,,,,,,,,,,,,,,,,,,,35.76155653450808,35.3277228900576,35.32630822821337,,,,,,,,,,,,35.39296524691195,35.36666614557382,35.47186255092635,"rgba(38, 166, 154, 1.0)",0.74698555167715,35.39296524691195,1.3749057806836151,81.2768332093672,30.400715431558154,True,False,True,False,False,17.48949016186649,35.1286,,0.0,0.0,0.0,0.0,0,,,False,False,False,False,,,False,False,False,False,-2521.0,-1642.0797709465157,False,False,False,False,143.3579580201054,False,False,False,False
2025-01-16 19:00:00+00:00,36.42,36.45,36.42,36.43,200.0,,,,,,,,,,,,,,,,,,,,,,,,,,,,,,,,,,,,,,,,,,,,,,,,,,,35.35567089774204,35.39341063859358,35.39341063859358,35.39341063859358,35.39341063859358,35.39341063859358,35.39341063859358,35.39341063859358,35.395199239675144,,,,,,,,,,,,,,,,,,,,,,,,,,,,,,,,,,,,,,,,,,,,,,,,,,,,,,,,,,,,,,,,,,,,,,,,35.811373130638984,35.354735116866195,35.35302860246198,,,,,,,,,,,,35.41865678812829,35.38941606750803,35.506378949989056,"rgba(38, 166, 154, 1.0)",0.7587464472214505,35.41865678812829,1.3329132750146995,77.33031745325074,34.18011500747663,True,False,True,False,False,17.60632309747722,35.1434,,0.0,0.0,0.0,0.0,0,,,False,False,False,False,,,False,False,False,False,-2321.0,-1652.6056659706007,False,False,False,False,144.23612921359214,False,False,False,False
2025-01-16 20:00:00+00:00,36.43,36.43,36.41,36.415,180.0,,,,,,,,,,,,,,,,,,,,,,,,,,,,,,,,,,,,,,,,,,,,,,,,,,,35.37917823931834,35.41228582634201,35.41228582634201,35.41228582634201,35.41228582634201,35.41228582634201,35.41228582634201,35.41228582634201,35.41394368108568,,,,,,,,,,,,,,,,,,,,,,,,,,,,,,,,,,,,,,,,,,,,,,,,,,,,,,,,,,,,,,,,,,,,,,,,35.84934770015062,35.377619132998646,35.3756785967399,,,,,,,,,,,,35.44014734455727,35.40879141164423,35.53421514329639,"rgba(38, 166, 154, 1.0)",0.7697974871166922,35.44014734455727,1.2663754711568127,74.35561176361334,31.255694128827102,True,False,True,False,False,17.31926118422795,35.161,,0.0,0.0,0.0,0.0,0,,,False,False,False,False,,,False,False,False,False,-2501.0,-1665.7590664981883,False,False,False,False,144.79060783043565,False,False,False,False
2025-01-17 15:00:00+00:00,36.415,36.875,36.415,36.875,303.0,,,,,,,,,,,,,,,,,,,,,,,,,,,,,,,,,,,,,,,,,,,,,,,,,,36.721666666666664,35.427374210110585,35.45165690847144,35.45165690847144,35.45165690847144,35.45165690847144,35.45165690847144,35.45165690847144,35.45165690847144,35.45306691021591,,,,,,,,,,,,,,,,,,,,,,,,,,,,,,,,,,,,,,,,,,,,,,,,,,,,,,,,,,,,,,,,,,,,,,,,35.93246488469602,35.42459645480063,35.422187250541675,,,,,,,,,,,,35.58022728741012,35.57637061462932,35.593082863346105,"rgba(0, 255, 255, 0.75)",0.7908347454396515,35.58022728741012,1.6372228459310736,75.93998160117158,31.255694128827102,True,False,True,False,False,20.0,35.188500000000005,,0.0,0.0,0.0,0.0,0,,,False,False,False,False,,,False,False,False,False,-2198.0,-1674.0108639168209,False,False,False,False,147.24346662376223,False,False,False,False
2025-01-17 16:00:00+00:00,36.875,36.875,36.875,36.875,0.0,,,,,,,,,,,,,,,,,,,,,,,,,,,,,,,,,,,,,,,,,,,,,,,,,,36.721666666666664,35.427374210110585,35.45165690847144,35.45165690847144,35.45165690847144,35.45165690847144,35.45165690847144,35.45165690847144,35.45165690847144,35.45306691021591,,,,,,,,,,,,,,,,,,,,,,,,,,,,,,,,,,,,,,,,,,,,,,,,,,,,,,,,,,,,,,,,,,,,,,,,35.93246488469602,35.42459645480063,35.422187250541675,,,,,,,,,,,,35.58022728741012,35.57637061462932,35.593082863346105,"rgba(0, 255, 255, 0.75)",0.810878774779185,35.58022728741012,1.596752502175765,76.99622815954375,31.255694128827102,True,False,True,False,True,20.0,35.221000000000004,,0.0,0.0,0.0,0.0,0,,,False,False,False,False,,,False,False,False,False,-2198.0,-1682.1347264917538,False,False,False,False,144.96062217998298,False,False,False,False
2025-01-17 17:00:00+00:00,36.875,36.875,36.875,36.875,0.0,,,,,,,,,,,,,,,,,,,,,,,,,,,,,,,,,,,,,,,,,,,,,,,,,,36.721666666666664,35.427374210110585,35.45165690847144,35.45165690847144,35.45165690847144,35.45165690847144,35.45165690847144,35.45165690847144,35.45165690847144,35.45306691021591,,,,,,,,,,,,,,,,,,,,,,,,,,,,,,,,,,,,,,,,,,,,,,,,,,,,,,,,,,,,,,,,,,,,,,,,35.93246488469602,35.42459645480063,35.422187250541675,,,,,,,,,,,,35.58022728741012,35.57637061462932,35.593082863346105,"rgba(0, 255, 255, 0.75)",0.8279151336148375,35.58022728741012,1.5638954525890285,77.70039253179186,31.255694128827102,True,False,True,False,True,20.0,35.255300000000005,,0.0,0.0,0.0,0.0,0,,,False,False,False,False,,,False,False,False,False,-2198.0,-1690.1326377089358,False,False,False,False,142.71317067331657,False,False,False,False
2025-01-17 18:00:00+00:00,36.875,36.875,36.875,36.875,0.0,,,,,,,,,,,,,,,,,,,,,,,,,,,,,,,,,,,,,,,,,,,,,,,,,,36.721666666666664,35.427374210110585,35.45165690847144,35.45165690847144,35.45165690847144,35.45165690847144,35.45165690847144,35.45165690847144,35.45165690847144,35.45306691021591,,,,,,,,,,,,,,,,,,,,,,,,,,,,,,,,,,,,,,,,,,,,,,,,,,,,,,,,,,,,,,,,,,,,,,,,35.93246488469602,35.42459645480063,35.422187250541675,,,,,,,,,,,,35.58022728741012,35.57637061462932,35.593082863346105,"rgba(0, 255, 255, 0.75)",0.844392430435389,35.58022728741012,1.5333779246721413,78.16983544662394,31.255694128827102,True,False,True,False,True,20.0,35.2896,,0.0,0.0,0.0,0.0,0,,,False,False,False,False,,,False,False,False,False,-2198.0,-1698.0065503025958,False,False,False,False,140.50056337605585,False,False,False,False
2025-01-17 19:00:00+00:00,36.875,36.875,36.875,36.875,0.0,,,,,,,,,,,,,,,,,,,,,,,,,,,,,,,,,,,,,,,,,,,,,,,,,,36.721666666666664,35.427374210110585,35.45165690847144,35.45165690847144,35.45165690847144,35.45165690847144,35.45165690847144,35.45165690847144,35.45165690847144,35.45306691021591,,,,,,,,,,,,,,,,,,,,,,,,,,,,,,,,,,,,,,,,,,,,,,,,,,,,,,,,,,,,,,,,,,,,,,,,35.93246488469602,35.42459645480063,35.422187250541675,,,,,,,,,,,,35.58022728741012,35.57637061462932,35.593082863346105,"rgba(0, 255, 255, 0.75)",0.8603427873305614,35.58022728741012,1.5049498079797397,78.48279738984532,31.255694128827102,True,False,True,False,True,20.0,35.3239,,0.0,0.0,0.0,0.0,0,,,False,False,False,False,,,False,False,False,False,-2198.0,-1705.758386732013,False,False,False,False,138.32226006789995,False,False,False,False
2025-01-17 20:00:00+00:00,36.875,36.875,36.66,36.66,100.0,,,,,,,,,,,,,,,,,,,,,,,,,,,,,,,,,,,,,,,,,,,,,36.73166666666666,36.73166666666666,36.73166666666666,36.73166666666666,36.73166666666666,36.72414805624483,35.44264695550351,35.46423438472373,35.46423438472373,35.46423438472373,35.46423438472373,35.46423438472373,35.46423438472373,35.46423438472373,35.46556788554296,,,,,,,,,,,,,,,,,,,,,,,,,,,,,,,,,,,,,,,,,,,,,,,,,,,,,,,,,,,,,,,,,,,,,,,,35.95683079268293,35.43950203367925,35.43695192994325,,,,,,,,,,,,35.90964564888868,35.96935579491272,35.61109491876847,"rgba(38, 166, 154, 0.5)",0.8712135576671609,35.96523871310809,0.7974638144432216,72.83787477611985,28.257272288231462,True,False,True,False,False,18.160196284802634,35.353899999999996,,0.0,0.0,0.0,0.0,0,,,False,False,False,False,,,False,False,False,False,-2298.0,-1714.9404272477957,False,False,False,False,137.72811650095574,False,False,False,False
2025-01-20 15:00:00+00:00,36.66,36.66,36.66,36.66,0.0,,,,,,,,,,,,,,,,,,,,,,,,,,,,,,,,,,,,,,,,,,,,,36.73166666666666,36.73166666666666,36.73166666666666,36.73166666666666,36.73166666666666,36.72414805624483,35.44264695550351,35.46423438472373,35.46423438472373,35.46423438472373,35.46423438472373,35.46423438472373,35.46423438472373,35.46423438472373,35.46556788554296,,,,,,,,,,,,,,,,,,,,,,,,,,,,,,,,,,,,,,,,,,,,,,,,,,,,,,,,,,,,,,,,,,,,,,,,35.95683079268293,35.43950203367925,35.43695192994325,,,,,,,,,,,,35.90964564888868,35.96935579491272,35.61109491876847,"rgba(38, 166, 154, 0.5)",0.8818228356725191,35.96523871310809,0.7878694662766886,69.0745930336362,24.68493185486126,True,False,True,False,False,18.160196284802634,35.3857,,0.0,0.0,0.0,0.0,0,,,False,False,False,False,,,False,False,False,False,-2298.0,-1723.9801105462795,False,False,False,False,135.592796865282,False,False,False,False
2025-01-20 16:00:00+00:00,36.66,36.66,36.66,36.66,0.0,,,,,,,,,,,,,,,,,,,,,,,,,,,,,,,,,,,,,,,,,,,,,36.73166666666666,36.73166666666666,36.73166666666666,36.73166666666666,36.73166666666666,36.72414805624483,35.44264695550351,35.46423438472373,35.46423438472373,35.46423438472373,35.46423438472373,35.46423438472373,35.46423438472373,35.46423438472373,35.46556788554296,,,,,,,,,,,,,,,,,,,,,,,,,,,,,,,,,,,,,,,,,,,,,,,,,,,,,,,,,,,,,,,,,,,,,,,,35.95683079268293,35.43950203367925,35.43695192994325,,,,,,,,,,,,35.90964564888868,35.96935579491272,35.61109491876847,"rgba(38, 166, 154, 0.5)",0.8921799499333489,35.96523871310809,0.7787232687125579,66.56573853864711,22.324751694354674,True,False,True,False,False,18.160196284802634,35.4183,,0.0,0.0,0.0,0.0,0,,,False,False,False,False,,,False,False,False,False,-2298.0,-1732.8796437161047,False,False,False,False,133.4905829603939,False,False,False,False
2025-01-20 17:00:00+00:00,36.66,36.66,36.66,36.66,0.0,,,,,,,,,,,,,,,,,,,,,,,,,,,,,,,,,,,,,,,,,,,,,36.73166666666666,36.73166666666666,36.73166666666666,36.73166666666666,36.73166666666666,36.72414805624483,35.44264695550351,35.46423438472373,35.46423438472373,35.46423438472373,35.46423438472373,35.46423438472373,35.46423438472373,35.46423438472373,35.46556788554296,,,,,,,,,,,,,,,,,,,,,,,,,,,,,,,,,,,,,,,,,,,,,,,,,,,,,,,,,,,,,,,,,,,,,,,,35.95683079268293,35.43950203367925,35.43695192994325,,,,,,,,,,,,35.90964564888868,35.96935579491272,35.61109491876847,"rgba(38, 166, 154, 0.5)",0.9022935839912207,35.96523871310809,0.76999471038981,64.89316887532104,20.684230045201716,True,False,True,False,False,18.160196284802634,35.4475,,0.0,0.0,0.0,0.0,0,,,False,False,False,False,,,False,False,False,False,-2298.0,-1741.641199627483,False,False,False,False,131.42096151914748,False,False,False,False
2025-01-20 18:00:00+00:00,36.66,36.66,36.66,36.66,0.0,,,,,,,,,,,,,,,,,,,,,,,,,,,,,,,,,,,,,,,,,,,,,36.73166666666666,36.73166666666666,36.73166666666666,36.73166666666666,36.73166666666666,36.72414805624483,35.44264695550351,35.46423438472373,35.46423438472373,35.46423438472373,35.46423438472373,35.46423438472373,35.46423438472373,35.46423438472373,35.46556788554296,,,,,,,,,,,,,,,,,,,,,,,,,,,,,,,,,,,,,,,,,,,,,,,,,,,,,,,,,,,,,,,,,,,,,,,,35.95683079268293,35.43950203367925,35.43695192994325,,,,,,,,,,,,35.90964564888868,35.96935579491272,35.61109491876847,"rgba(38, 166, 154, 0.5)",0.9122361496853781,35.96523871310809,0.7616024503430614,63.77812243310366,19.469556529481636,True,False,True,False,False,18.160196284802634,35.4765,,0.0,0.0,0.0,0.0,0,,,False,False,False,False,,,False,False,False,False,-2298.0,-1750.2669174627158,False,False,False,False,129.3834272320289,False,False,False,False
2025-01-20 19:00:00+00:00,36.66,36.66,36.66,36.66,0.0,,,,,,,,,,,,,,,,,,,,,,,,,,,,,,,,,,,,,,,,,,,,,36.73166666666666,36.73166666666666,36.73166666666666,36.73166666666666,36.73166666666666,36.72414805624483,35.44264695550351,35.46423438472373,35.46423438472373,35.46423438472373,35.46423438472373,35.46423438472373,35.46423438472373,35.46423438472373,35.46556788554296,,,,,,,,,,,,,,,,,,,,,,,,,,,,,,,,,,,,,,,,,,,,,,,,,,,,,,,,,,,,,,,,,,,,,,,,35.95683079268293,35.43950203367925,35.43695192994325,,,,,,,,,,,,35.90964564888868,35.96935579491272,35.61109491876847,"rgba(38, 166, 154, 0.5)",0.9230806724918141,35.96523871310809,0.7526550036156942,63.03475813829208,18.50910997325437,False,False,True,False,False,18.160196284802634,35.506499999999996,,0.0,0.0,0.0,0.0,0,,,False,False,False,False,,,False,False,False,False,-2298.0,-1758.7589032384876,False,False,False,False,127.3774826237804,False,False,False,False
2025-01-20 20:00:00+00:00,36.66,36.66,36.66,36.66,0.0,,,,,,,,,,,,,,,,,,,,,,,,,,,,,,,,,,,,,,,,,,,,,36.73166666666666,36.73166666666666,36.73166666666666,36.73166666666666,36.73166666666666,36.72414805624483,35.44264695550351,35.46423438472373,35.46423438472373,35.46423438472373,35.46423438472373,35.46423438472373,35.46423438472373,35.46423438472373,35.46556788554296,,,,,,,,,,,,,,,,,,,,,,,,,,,,,,,,,,,,,,,,,,,,,,,,,,,,,,,,,,,,,,,,,,,,,,,,35.95683079268293,35.43950203367925,35.43695192994325,,,,,,,,,,,,35.90964564888868,35.96935579491272,35.61109491876847,"rgba(38, 166, 154, 0.5)",0.9335741742029671,35.96523871310809,0.7441950581859783,62.53918194175102,17.705184675662878,False,False,True,False,False,18.160196284802634,35.5393,,0.0,0.0,0.0,0.0,0,,,False,False,False,False,,,False,False,False,False,-2298.0,-1767.1192303200614,False,False,False,False,125.40263793193884,False,False,False,False
2025-01-21 15:00:00+00:00,36.66,36.66,36.66,36.66,0.0,,,,,,,,,,,,,,,,,,,,,,,,,,,,,,,,,,,,,,,,,,,,,36.73166666666666,36.73166666666666,36.73166666666666,36.73166666666666,36.73166666666666,36.72414805624483,35.44264695550351,35.46423438472373,35.46423438472373,35.46423438472373,35.46423438472373,35.46423438472373,35.46423438472373,35.46423438472373,35.46556788554296,,,,,,,,,,,,,,,,,,,,,,,,,,,,,,,,,,,,,,,,,,,,,,,,,,,,,,,,,,,,,,,,,,,,,,,,35.95683079268293,35.43950203367925,35.43695192994325,,,,,,,,,,,,35.90964564888868,35.96935579491272,35.61109491876847,"rgba(38, 166, 154, 0.5)",0.9435301644203993,35.96523871310809,0.7363424224160214,62.208797810723645,17.003855423709496,False,False,True,False,False,18.160196284802623,35.573299999999996,,0.0,0.0,0.0,0.0,0,,,False,False,False,False,,,False,False,False,False,-2298.0,-1775.3499399275024,False,False,False,False,123.45841098725762,False,False,False,False
2025-01-21 16:00:00+00:00,36.66,36.66,36.66,36.66,0.0,,,,,,,,,,,,,,,,,,,,,,,,,,,,,,,,,,,,,,,,,,,,,36.73166666666666,36.73166666666666,36.73166666666666,36.73166666666666,36.73166666666666,36.72414805624483,35.44264695550351,35.46423438472373,35.46423438472373,35.46423438472373,35.46423438472373,35.46423438472373,35.46423438472373,35.46423438472373,35.46556788554296,,,,,,,,,,,,,,,,,,,,,,,,,,,,,,,,,,,,,,,,,,,,,,,,,,,,,,,,,,,,,,,,,,,,,,,,35.95683079268293,35.43950203367925,35.43695192994325,,,,,,,,,,,,35.90964564888868,35.96935579491272,35.61109491876847,"rgba(38, 166, 154, 0.5)",0.9530222103043294,35.96523871310809,0.7290084946394324,61.988541723372066,16.376417763180996,False,False,True,False,False,18.160196284802623,35.6113,,0.0,0.0,0.0,0.0,0,,,False,False,False,False,,,False,False,False,False,-2298.0,-1783.4530416340529,False,False,False,False,121.54432709598231,False,False,False,False
2025-01-21 17:00:00+00:00,36.66,36.66,36.66,36.66,0.0,,,,,,,,,,,,,,,,,,,,,,,,,,,,,,,,,,,,,,,,,,,,,36.73166666666666,36.73166666666666,36.73166666666666,36.73166666666666,36.73166666666666,36.72414805624483,35.44264695550351,35.46423438472373,35.46423438472373,35.46423438472373,35.46423438472373,35.46423438472373,35.46423438472373,35.46423438472373,35.46556788554296,,,,,,,,,,,,,,,,,,,,,,,,,,,,,,,,,,,,,,,,,,,,,,,,,,,,,,,,,,,,,,,,,,,,,,,,35.95683079268293,35.43950203367925,35.43695192994325,,,,,,,,,,,,35.90964564888868,35.96935579491272,35.61109491876847,"rgba(38, 166, 154, 0.5)",0.9622601491252832,35.96523871310809,0.7220098302142699,61.841704331804344,15.808152862344457,False,False,True,False,False,18.160196284802623,35.6493,,0.0,0.0,0.0,0.0,0,,,False,False,False,False,,,False,False,False,False,-2298.0,-1791.4305138567809,False,False,False,False,119.65991892395158,False,False,False,False
2025-01-21 18:00:00+00:00,36.66,36.66,36.66,36.66,0.0,,,,,,,,,,,,,,,,,,,,,,,,,,,,,,,,,,,,,,,,,,,,,36.73166666666666,36.73166666666666,36.73166666666666,36.73166666666666,36.73166666666666,36.72414805624483,35.44264695550351,35.46423438472373,35.46423438472373,35.46423438472373,35.46423438472373,35.46423438472373,35.46423438472373,35.46423438472373,35.46556788554296,,,,,,,,,,,,,,,,,,,,,,,,,,,,,,,,,,,,,,,,,,,,,,,,,,,,,,,,,,,,,,,,,,,,,,,,35.95683079268293,35.43950203367925,35.43695192994325,,,,,,,,,,,,35.90964564888868,35.96935579491272,35.61109491876847,"rgba(38, 166, 154, 0.5)",0.9702775585061009,35.96523871310809,0.7160438585857856,61.74381273742586,15.291678880250174,False,False,True,False,False,18.160196284802623,35.6873,,0.0,0.0,0.0,0.0,0,,,False,False,False,False,,,False,False,False,False,-2298.0,-1799.2843043396215,False,False,False,False,117.80472638249496,False,False,False,False
2025-01-21 19:00:00+00:00,36.66,36.66,36.66,36.66,0.0,,,,,,,,,,,,,,,,,,,,,,,,,,,,,,,,,,,,,,,,,,,,,36.73166666666666,36.73166666666666,36.73166666666666,36.73166666666666,36.73166666666666,36.72414805624483,35.44264695550351,35.46423438472373,35.46423438472373,35.46423438472373,35.46423438472373,35.46423438472373,35.46423438472373,35.46423438472373,35.46556788554296,,,,,,,,,,,,,,,,,,,,,,,,,,,,,,,,,,,,,,,,,,,,,,,,,,,,,,,,,,,,,,,,,,,,,,,,35.95683079268293,35.43950203367925,35.43695192994325,,,,,,,,,,,,35.90964564888868,35.96935579491272,35.61109491876847,"rgba(38, 166, 154, 0.5)",0.9784040691465585,35.96523871310809,0.7100964814035673,61.67855167450688,14.823136549772016,False,False,True,False,False,18.160196284802623,35.7253,,0.0,0.0,0.0,0.0,0,,,False,False,False,False,,,False,False,False,False,-2298.0,-1807.0163306289296,False,False,False,False,115.97829651609969,False,False,False,False
2025-01-21 20:00:00+00:00,36.66,36.66,36.66,36.66,0.0,,,,,,,,,,,,,,,,,,,,,,,,,,,,,,,,,,,,,,,,,,,,,36.73166666666666,36.73166666666666,36.73166666666666,36.73166666666666,36.73166666666666,36.72414805624483,35.44264695550351,35.46423438472373,35.46423438472373,35.46423438472373,35.46423438472373,35.46423438472373,35.46423438472373,35.46423438472373,35.46556788554296,,,,,,,,,,,,,,,,,,,,,,,,,,,,,,,,,,,,,,,,,,,,,,,,,,,,,,,,,,,,,,,,,,,,,,,,35.95683079268293,35.43950203367925,35.43695192994325,,,,,,,,,,,,35.90964564888868,35.96935579491272,35.61109491876847,"rgba(38, 166, 154, 0.5)",0.9861106693735117,35.96523871310809,0.7045469727381555,61.63504429922755,14.400096505772126,False,False,True,False,False,18.160196284802623,35.7633,,0.0,0.0,0.0,0.0,0,,,False,False,False,False,,,False,False,False,False,-2298.0,-1814.6284805416594,False,False,False,False,114.18018339181907,False,False,False,False
2025-01-22 15:00:00+00:00,37.33,37.33,37.17,37.17,200.0,,,,,,,,,,,,,,,,,,,,,,,,,,,,,,,,,,,,,,,,,,,,,37.059444444444445,37.059444444444445,37.059444444444445,37.059444444444445,37.059444444444445,36.889715312327255,35.48339492753624,35.4981381902284,35.4981381902284,35.4981381902284,35.4981381902284,35.4981381902284,35.4981381902284,35.4981381902284,35.49928030303031,,,,,,,,,,,,,,,,,,,,,,,,,,,,,,,,,,,,,,,,,,,,,,,,,,,,,,,,,,,,,,,,,37.223333333333336,37.223333333333336,37.223333333333336,37.223333333333336,37.223333333333336,37.223333333333336,37.223333333333336,36.02961829501916,35.479279741331254,35.476347263571874,,,,,,,,,,,,36.58566628330132,36.11043867311433,36.75485786332556,#000000,1.0025353535587465,37.076659739348045,0.09310420856543579,70.69156388690803,17.374362717838338,False,False,True,False,True,20.0,35.811499999999995,,0.0,0.0,0.0,0.0,0,,,False,False,False,False,,,False,False,False,False,-2098.0,-1819.0218374324866,False,False,False,False,115.51072318419398,False,False,False,False
2025-01-22 16:00:00+00:00,37.17,37.17,37.17,37.17,0.0,,,,,,,,,,,,,,,,,,,,,,,,,,,,,,,,,,,,,,,,,,,,,37.059444444444445,37.059444444444445,37.059444444444445,37.059444444444445,37.059444444444445,36.889715312327255,35.48339492753624,35.4981381902284,35.4981381902284,35.4981381902284,35.4981381902284,35.4981381902284,35.4981381902284,35.4981381902284,35.49928030303031,,,,,,,,,,,,,,,,,,,,,,,,,,,,,,,,,,,,,,,,,,,,,,,,,,,,,,,,,,,,,,,,,37.223333333333336,37.223333333333336,37.223333333333336,37.223333333333336,37.223333333333336,37.223333333333336,37.223333333333336,36.02961829501916,35.479279741331254,35.476347263571874,,,,,,,,,,,,36.58566628330132,36.11043867311433,36.75485786332556,#000000,1.0180565392536634,37.076659739348045,0.09168475134041586,76.72924361202834,22.587587181193328,True,False,True,False,True,20.0,35.8597,,0.0,0.0,0.0,0.0,0,,,False,False,False,False,,,False,False,False,False,-2098.0,-1823.3470802629906,False,False,False,False,113.71985925885764,False,False,False,False
2025-01-22 17:00:00+00:00,37.17,37.17,37.17,37.17,0.0,,,,,,,,,,,,,,,,,,,,,,,,,,,,,,,,,,,,,,,,,,,,,37.059444444444445,37.059444444444445,37.059444444444445,37.059444444444445,37.059444444444445,36.889715312327255,35.48339492753624,35.4981381902284,35.4981381902284,35.4981381902284,35.4981381902284,35.4981381902284,35.4981381902284,35.4981381902284,35.49928030303031,,,,,,,,,,,,,,,,,,,,,,,,,,,,,,,,,,,,,,,,,,,,,,,,,,,,,,,,,,,,,,,,,37.223333333333336,37.223333333333336,37.223333333333336,37.223333333333336,37.223333333333336,37.223333333333336,37.223333333333336,36.02961829501916,35.479279741331254,35.476347263571874,,,,,,,,,,,,36.58566628330132,36.11043867311433,36.75485786332556,#000000,1.033291229889133,37.076659739348045,0.09033296514281978,80.7543634287752,25.848209905969114,True,False,True,False,True,20.0,35.9141,,0.0,0.0,0.0,0.0,0,,,False,False,False,False,,,False,False,False,False,-2098.0,-1827.605265065115,False,False,False,False,111.95676066569705,False,False,False,False
2025-01-22 18:00:00+00:00,37.17,37.39,36.98,37.175,255.0,,,,,,,,,,,,,,,,,,,,,,,,,,,,,,,,,,,,,,,,,,,,37.18166666666667,37.1156006006006,37.1156006006006,37.1156006006006,37.1156006006006,37.1156006006006,36.97648407148407,35.53153937372615,35.538516271632815,35.538516271632815,35.538516271632815,35.538516271632815,35.538516271632815,35.538516271632815,35.538516271632815,35.539438360011246,,,,,,,,,,,,,,,,,,,,,,,,,,,,,,,,,,,,,,,,,,,,,,,,,,,,,,,,,,,,,,,,,37.19998168498169,37.19998168498169,37.19998168498169,37.19998168498169,37.19998168498169,37.19998168498169,37.19998168498169,36.108272199910765,35.52634269297485,35.52298566423567,,,,,,,,,,,,36.69510990050693,36.223546586020056,36.75574723519931,#000000,1.0481049479808857,37.15849930662431,0.015743359868186462,83.47434050776087,28.003157279106958,True,False,True,False,True,20.0,35.97839999999999,,0.0,0.0,0.0,0.0,0,,,False,False,False,False,,,False,False,False,False,-1843.0,-1827.843943126121,False,False,False,False,114.17448530653894,False,False,False,False
2025-01-22 19:00:00+00:00,37.175,37.19,37.175,37.19,153.0,,,,,,,,,,,,,,,,,,,,,,,,,,,,,,,,,,,,,,,,,,,,37.18291666666667,37.13059792843691,37.13059792843691,37.13059792843691,37.13059792843691,37.13059792843691,37.0080398944939,35.559193448476904,35.56187389893371,35.56187389893371,35.56187389893371,35.56187389893371,35.56187389893371,35.56187389893371,35.56187389893371,35.562673034330025,,,,,,,,,,,,,,,,,,,,,,,,,,,,,,,,,,,,,,,,,,,,,,,,,,,,,,,,,,,,,,,,,37.19621162280702,37.19621162280702,37.19621162280702,37.19621162280702,37.19621162280702,37.19621162280702,37.19621162280702,36.15064343278464,35.553406206675916,35.54981780450917,,,,,,,,,,,,36.70771181266542,36.243683123668006,36.76273488036189,#000000,1.0626918141643544,37.16311567553802,0.02529832647964355,85.40594115461002,29.59882617867474,True,False,True,False,True,20.0,36.0463,,0.0,0.0,0.0,0.0,0,,,False,False,False,False,,,False,False,False,False,-1690.0,-1825.7068277288167,False,False,False,False,114.77643127077864,False,False,False,False
2025-01-22 20:00:00+00:00,37.19,37.19,37.15,37.15,1.0,,,,,,,,,,,,,,,,,,,,,,,,,,,,,,,,,,,,,,,,,,,,37.182868785656076,37.130644099670896,37.130644099670896,37.130644099670896,37.130644099670896,37.130644099670896,37.00819334650856,35.55936878347361,35.562022374683245,35.562022374683245,35.562022374683245,35.562022374683245,35.562022374683245,35.562022374683245,35.562022374683245,35.56282073759652,,,,,,,,,,,,,,,,,,,,,,,,,,,,,,,,,,,,,,,,,,,,,,,,,,,,,,,,,,,,,,,,,37.19615763546798,37.19615763546798,37.19615763546798,37.19615763546798,37.19615763546798,37.19615763546798,37.19615763546798,36.15090383131911,35.55357787730149,35.54998804248435,,,,,,,,,,,,36.707763468137,36.24378929839825,36.76275731993809,#000000,1.076138734818431,37.16310633435818,-0.012179037826749771,84.08657130514162,29.59882617867474,True,False,True,False,True,20.0,36.1134,,0.0,0.0,0.0,0.0,0,,,False,False,False,False,,,False,False,False,False,-1691.0,-1823.6183497795328,False,False,False,False,113.01245559216191,False,False,False,False
2025-01-23 15:00:00+00:00,37.14,37.14,37.14,37.14,136.0,,,,,,,,,,,,,,,,,,,,,,,,,,,,,,,,,,,,,,,,,,,,37.17217125382263,37.13214990138067,37.13214990138067,37.13214990138067,37.13214990138067,37.13214990138067,37.02380807200929,35.58252073236403,35.58167124458281,35.58167124458281,35.58167124458281,35.58167124458281,35.58167124458281,35.58167124458281,35.58167124458281,35.58236838907622,,,,,,,,,,,,,,,,,,,,,,,,,,,,,,,,,,,,,,,,,,,,,,,,,,,,,,,,,,,,,,,,,37.18590604026846,37.18590604026846,37.18590604026846,37.18590604026846,37.18590604026846,37.18590604026846,37.18590604026846,36.184324223602495,35.5762553430033,35.57248041051245,,,,,,,,,,,,36.71184971566312,36.25583229164095,36.76344022589975,#000000,1.088681105535312,37.158117699696966,-0.016641879430852085,82.55407593533158,29.59882617867474,True,False,True,False,False,20.0,36.180299999999995,,0.0,0.0,0.0,0.0,0,,,False,False,False,False,,,False,False,False,False,-1827.0,-1823.6707784651212,False,False,False,False,113.36885162949274,False,False,False,False
2025-01-23 16:00:00+00:00,37.14,37.14,37.14,37.14,25.0,,,,,,,,,,,,,,,,,,,,,,,,,,,,,,,,,,,,,,,,,,,,37.17076023391813,37.1323754789272,37.1323754789272,37.1323754789272,37.1323754789272,37.1323754789272,37.02628445581131,35.5867030075188,35.58523004780611,35.58523004780611,35.58523004780611,35.58523004780611,35.58523004780611,35.58523004780611,35.58523004780611,35.58590910468571,,,,,,,,,,,,,,,,,,,,,,,,,,,,,,,,,,,,,,,,,,,,,,,,,,,,,,,,,,,,,,,,,37.18441558441559,37.18441558441559,37.18441558441559,37.18441558441559,37.18441558441559,37.18441558441559,37.18441558441559,36.19022345679013,35.58035363595066,35.576545976415254,,,,,,,,,,,,36.712705867378084,36.25800903320079,36.763803216006515,#000000,1.1005617034328903,37.15741639650661,-0.0158250068599388,81.53241235545823,29.59882617867474,True,False,True,False,False,20.0,36.2478,,0.0,0.0,0.0,0.0,0,,,False,False,False,False,,,False,False,False,False,-1827.0,-1823.7223943028712,False,False,False,False,111.99879191430679,False,False,False,False
2025-01-23 17:00:00+00:00,37.14,37.265,37.14,37.265,115.0,,,,,,,,,,,,,,,,,,,,,,,,,,,,,,,,,,,,,,,,,,,,37.179586374695866,37.14299492385787,37.14299492385787,37.14299492385787,37.14299492385787,37.14299492385787,37.04387810559006,35.60667250221044,35.60225968782017,35.60225968782017,35.60225968782017,35.60225968782017,35.60225968782017,35.60225968782017,35.60225968782017,35.60285356489398,,,,,,,,,,,,,,,,,,,,,,,,,,,,,,,,,,,,,,,,,,,,,,,,,,,,,,,,,,,,,,,,,37.189472693032016,37.189472693032016,37.189472693032016,37.189472693032016,37.189472693032016,37.189472693032016,37.189472693032016,36.2187486994798,35.59992507423521,35.5959616567562,,,,,,,,,,,,36.72452876295607,36.2727364363388,36.77409442816953,#000000,1.1128621487687533,37.16523083355396,0.08965096580598061,82.73561345050761,29.59882617867474,True,False,True,False,False,20.0,36.3178,,0.0,0.0,0.0,0.0,0,,,False,False,False,False,,,False,False,False,False,-1712.0,-1821.9902641586407,False,False,False,False,112.04532227222452,False,False,False,False
2025-01-23 18:00:00+00:00,37.265,37.265,37.1,37.1,38.0,,,,,,,,,,,,,,,,,,,,,,,,,,,,,,,,,,,,,,,,,,,,37.17829414476718,37.14344086021505,37.14344086021505,37.14344086021505,37.14344086021505,37.14344086021505,37.047062594268475,35.61289002782768,35.60757537537538,35.60757537537538,35.60757537537538,35.60757537537538,35.60757537537538,35.60757537537538,35.60757537537538,35.60814291692824,,,,,,,,,,,,,,,,,,,,,,,,,,,,,,,,,,,,,,,,,,,,,,,,,,,,,,,,,,,,,,,,,37.18805344889852,37.18805344889852,37.18805344889852,37.18805344889852,37.18805344889852,37.18805344889852,37.18805344889852,36.22721349829487,35.60602214885129,35.60201184640523,,,,,,,,,,,,36.726111172726526,36.27603885078091,36.775162163584106,#000000,1.120984959434928,37.164690130012346,-0.057708294360125874,75.29556866914734,31.258370057160747,False,False,True,False,False,20.0,36.377399999999994,,0.0,0.0,0.0,0.0,0,,,False,False,False,False,,,False,False,False,False,-1750.0,-1820.87413603215,False,False,False,False,110.89733277963188,False,False,False,False
2025-01-23 19:00:00+00:00,37.1,37.1,37.08,37.08,120.0,,,,,,,,,,,,,,,,,,,,,,,,,,,,,,,,,,,,,,,,,,,,37.16525108738632,37.13748031496063,37.13748031496063,37.13748031496063,37.13748031496063,37.13748031496063,37.05034923928078,35.63134491634492,35.623394533571016,35.623394533571016,35.623394533571016,35.623394533571016,35.623394533571016,35.623394533571016,35.623394533571016,35.6238844527253,,,,,,,,,,,,,,,,,,,,,,,,,,,,,,,,,,,,,,,,,,,,,,,,,,,,,,,,,,,,,,,,,37.176388622563124,37.176388622563124,37.176388622563124,37.176388622563124,37.176388622563124,37.176388622563124,37.176388622563124,36.25107062996376,35.624130316619116,35.61998587570622,,,,,,,,,,,,36.725552153259414,36.282624562846095,36.772990718023095,#000000,1.1281449654468674,37.155656219033645,-0.06706249759637821,69.56839327066893,26.11678373360158,False,True,True,False,False,20.0,36.4366,,0.0,0.0,0.0,0.0,0,,,False,False,False,False,,,False,False,False,False,-1870.0,-1821.635777333977,False,False,False,False,111.03845940320348,False,False,False,False
2025-01-23 20:00:00+00:00,37.08,37.08,36.85,36.85,78.0,,,,,,,,,,,,,,,,,,,,,,,,,,,,,,,,,,,,,,,,,,,,37.145045240680425,37.1240131040131,37.1240131040131,37.1240131040131,37.1240131040131,37.1240131040131,37.04401902887139,35.64180295345548,35.632392163804816,35.632392163804816,35.632392163804816,35.632392163804816,35.632392163804816,35.632392163804816,35.632392163804816,35.63283828237438,,,,,,,,,,,,,,,,,,,,,,,,,,,,,,,,,,,,,,,,,,,,,,,,,,,,,,,,,,,,,,,,36.92666666666667,37.159012786202794,37.159012786202794,37.159012786202794,37.159012786202794,37.159012786202794,37.159012786202794,37.159012786202794,36.26304438385216,35.6344031007752,35.63018818818819,,,,,,,,,,,,36.78253583748897,36.28190726075505,36.77885380390016,#000000,1.1316067266430672,37.13268078145236,-0.24980479065455372,59.35514733115828,17.037703777472984,False,True,True,False,False,15.357505696016869,36.488,,0.0,0.0,0.0,0.0,0,,,False,False,False,False,,,False,False,False,False,-1948.0,-1823.594912569109,False,False,False,False,110.52623522640961,False,False,False,False
2025-01-24 15:00:00+00:00,36.85,36.85,36.85,36.85,0.0,,,,,,,,,,,,,,,,,,,,,,,,,,,,,,,,,,,,,,,,,,,,37.145045240680425,37.1240131040131,37.1240131040131,37.1240131040131,37.1240131040131,37.1240131040131,37.04401902887139,35.64180295345548,35.632392163804816,35.632392163804816,35.632392163804816,35.632392163804816,35.632392163804816,35.632392163804816,35.632392163804816,35.63283828237438,,,,,,,,,,,,,,,,,,,,,,,,,,,,,,,,,,,,,,,,,,,,,,,,,,,,,,,,,,,,,,,,36.92666666666667,37.159012786202794,37.159012786202794,37.159012786202794,37.159012786202794,37.159012786202794,37.159012786202794,37.159012786202794,36.26304438385216,35.6344031007752,35.63018818818819,,,,,,,,,,,,36.78253583748897,36.28190726075505,36.77885380390016,#000000,1.1346044593951388,37.13268078145236,-0.24914478266994844,52.54631670481784,11.328320185278528,False,True,False,False,False,15.357505696016869,36.5394,,0.0,0.0,0.0,0.0,0,,,False,False,False,False,,,False,False,False,False,-1948.0,-1825.5236736145491,False,False,False,False,108.81265018413968,False,False,False,False
2025-01-24 16:00:00+00:00,36.85,36.85,36.85,36.85,0.0,,,,,,,,,,,,,,,,,,,,,,,,,,,,,,,,,,,,,,,,,,,,37.145045240680425,37.1240131040131,37.1240131040131,37.1240131040131,37.1240131040131,37.1240131040131,37.04401902887139,35.64180295345548,35.632392163804816,35.632392163804816,35.632392163804816,35.632392163804816,35.632392163804816,35.632392163804816,35.632392163804816,35.63283828237438,,,,,,,,,,,,,,,,,,,,,,,,,,,,,,,,,,,,,,,,,,,,,,,,,,,,,,,,,,,,,,,,36.92666666666667,37.159012786202794,37.159012786202794,37.159012786202794,37.159012786202794,37.159012786202794,37.159012786202794,37.159012786202794,36.26304438385216,35.6344031007752,35.63018818818819,,,,,,,,,,,,36.78253583748897,36.28190726075505,36.77885380390016,#000000,1.136311925834122,37.13268078145236,-0.24877040804165748,48.00709628725755,7.595387772109277,False,True,False,True,False,15.357505696016869,36.5896,,0.0,0.0,0.0,0.0,0,,,False,False,False,False,,,False,False,False,False,-1948.0,-1827.422531387967,False,False,False,False,107.12563235182743,False,False,False,False
2025-01-24 17:00:00+00:00,36.85,37.11,36.85,37.1,161.0,,,,,,,,,,,,,,,,,,,,,,,,,,,,,,,,,,,,,,,,,,,,37.12643869377696,37.11189580318379,37.11189580318379,37.11189580318379,37.11189580318379,37.11189580318379,37.04172403560831,35.664394047376646,35.6518881810513,35.6518881810513,35.6518881810513,35.6518881810513,35.6518881810513,35.6518881810513,35.6518881810513,35.65224167390676,,,,,,,,,,,,,,,,,,,,,,,,,,,,,,,,,,,,,,,,,,,,,,,,,,,,,,,,,,,,,37.02,37.02,37.02,36.98953974895397,37.14155486219449,37.14155486219449,37.14155486219449,37.14155486219449,37.14155486219449,37.14155486219449,37.14155486219449,36.28975851234839,35.65659801678109,35.65223130726037,,,,,,,,,,,,36.98611090446723,36.287968420871664,36.83135797290752,#000000,1.1402422612824332,37.104610238053056,-0.004043209245611555,51.86480633524714,7.595387772109277,False,True,False,False,True,19.05077739534198,36.62519999999999,,0.0,0.0,0.0,0.0,0,,,False,False,False,False,,,False,False,False,False,-1787.0,-1826.7958254749753,False,False,False,False,107.96089386575258,False,False,False,False
2025-01-24 18:00:00+00:00,37.1,37.1,37.1,37.1,0.0,,,,,,,,,,,,,,,,,,,,,,,,,,,,,,,,,,,,,,,,,,,,37.12643869377696,37.11189580318379,37.11189580318379,37.11189580318379,37.11189580318379,37.11189580318379,37.04172403560831,35.664394047376646,35.6518881810513,35.6518881810513,35.6518881810513,35.6518881810513,35.6518881810513,35.6518881810513,35.6518881810513,35.65224167390676,,,,,,,,,,,,,,,,,,,,,,,,,,,,,,,,,,,,,,,,,,,,,,,,,,,,,,,,,,,,,37.02,37.02,37.02,36.98953974895397,37.14155486219449,37.14155486219449,37.14155486219449,37.14155486219449,37.14155486219449,37.14155486219449,37.14155486219449,36.28975851234839,35.65659801678109,35.65223130726037,,,,,,,,,,,,36.98611090446723,36.287968420871664,36.83135797290752,#000000,1.1451510699348963,37.104610238053056,-0.004025877610467814,54.436613033906866,7.595387772109277,False,True,True,False,True,19.05077739534198,36.6659,,0.0,0.0,0.0,0.0,0,,,False,False,False,False,,,False,False,False,False,-1787.0,-1826.1788359327277,False,False,False,False,106.28708155775641,False,False,False,False
2025-01-24 19:00:00+00:00,37.1,37.1,37.1,37.1,0.0,,,,,,,,,,,,,,,,,,,,,,,,,,,,,,,,,,,,,,,,,,,,37.12643869377696,37.11189580318379,37.11189580318379,37.11189580318379,37.11189580318379,37.11189580318379,37.04172403560831,35.664394047376646,35.6518881810513,35.6518881810513,35.6518881810513,35.6518881810513,35.6518881810513,35.6518881810513,35.6518881810513,35.65224167390676,,,,,,,,,,,,,,,,,,,,,,,,,,,,,,,,,,,,,,,,,,,,,,,,,,,,,,,,,,,,,37.02,37.02,37.02,36.98953974895397,37.14155486219449,37.14155486219449,37.14155486219449,37.14155486219449,37.14155486219449,37.14155486219449,37.14155486219449,36.28975851234839,35.65659801678109,35.65223130726037,,,,,,,,,,,,36.98611090446723,36.287968420871664,36.83135797290752,#000000,1.1495630662313885,37.104610238053056,-0.004010426385885813,56.15115083301335,7.595387772109277,False,True,True,False,True,19.05077739534198,36.7066,,0.0,0.0,0.0,0.0,0,,,False,False,False,False,,,False,False,False,False,-1787.0,-1825.5714121198173,False,False,False,False,104.63921982817878,False,False,False,False
2025-01-24 20:00:00+00:00,37.1,37.1,36.94,36.94,27.0,,,,,,,,,,,,,,,,,,,,,,,,,,,,,,,,,,,,,,,,,,,,37.12319807634506,37.10962384669978,37.10962384669978,37.10962384669978,37.10962384669978,37.10962384669978,37.04096086448598,35.6680371949775,35.655041499796866,35.655041499796866,35.655041499796866,35.655041499796866,35.655041499796866,35.655041499796866,35.655041499796866,35.655380225939744,,,,,,,,,,,,,,,,,,,,,,,,,,,,,,,,,,,,,,,,,,,,,,,,,,,,,,,,,,,,,37.01617021276596,37.01617021276596,37.01617021276596,36.989924812030075,37.138497580850526,37.138497580850526,37.138497580850526,37.138497580850526,37.138497580850526,37.138497580850526,37.138497580850526,36.29389808963464,35.66017926837336,35.655788956573005,,,,,,,,,,,,36.98410659876119,36.28881163086408,36.82984177363305,#000000,1.151000379615031,37.101709965482954,-0.1404951452205795,52.615977724623455,7.595387772109277,False,True,True,False,True,15.250571158708784,36.744099999999996,,0.0,0.0,0.0,0.0,0,,,False,False,False,False,,,False,False,False,False,-1814.0,-1825.3920103815256,False,False,False,False,103.43551099363337,False,False,False,False
2025-01-27 15:00:00+00:00,37.085,37.085,37.085,37.085,0.0,,,,,,,,,,,,,,,,,,,,,,,,,,,,,,,,,,,,,,,,,,,,37.12319807634506,37.10962384669978,37.10962384669978,37.10962384669978,37.10962384669978,37.10962384669978,37.04096086448598,35.6680371949775,35.655041499796866,35.655041499796866,35.655041499796866,35.655041499796866,35.655041499796866,35.655041499796866,35.655041499796866,35.655380225939744,,,,,,,,,,,,,,,,,,,,,,,,,,,,,,,,,,,,,,,,,,,,,,,,,,,,,,,,,,,,,37.01617021276596,37.01617021276596,37.01617021276596,36.989924812030075,37.138497580850526,37.138497580850526,37.138497580850526,37.138497580850526,37.138497580850526,37.138497580850526,37.138497580850526,36.29389808963464,35.66017926837336,35.655788956573005,,,,,,,,,,,,36.98410659876119,36.28881163086408,36.82984177363305,#000000,1.1521053974558586,37.101709965482954,-0.014503851400967854,53.774253618340985,7.595387772109277,False,True,True,False,True,17.402702762740198,36.7824,,0.0,0.0,0.0,0.0,0,,,False,False,False,False,,,False,False,False,False,-1814.0,-1825.2153900655328,False,False,False,False,101.83185966039875,False,False,False,False
2025-01-27 16:00:00+00:00,37.085,37.2,37.085,37.2,214.0,,,,,,,,,,,,,,,,,,,,,,,,,,,,,,,,,,,,,,,,,,,,37.12942050894432,37.11648593140275,37.11648593140275,37.11648593140275,37.11648593140275,37.11648593140275,37.054372620283836,35.69980075524199,35.68259857549859,35.68259857549859,35.68259857549859,35.68259857549859,35.68259857549859,35.68259857549859,35.68259857549859,35.68281153377019,,,,,,,,,,,,,,,,,,,,,,,,,,,,,,,,,,,,,,,,,,,,,,,,,,,,,,,,,,,,,37.09362354892206,37.09362354892206,37.09362354892206,37.06649305555556,37.141753118844385,37.141753118844385,37.141753118844385,37.141753118844385,37.141753118844385,37.141753118844385,37.141753118844385,36.33256194045389,35.69139946884312,35.68679914036439,,,,,,,,,,,,37.00691105080851,36.30793906898401,36.86074257742099,#000000,1.153271367392309,37.124095883979436,0.06581635351981001,56.702789199091754,7.595387772109277,False,True,True,False,True,19.034109486816504,36.817800000000005,,0.0,0.0,0.0,0.0,0,,,False,False,False,False,,,False,False,False,False,-1600.0,-1821.7236785916486,False,False,False,False,103.57090059589643,False,False,False,False
2025-01-27 17:00:00+00:00,37.2,37.2,37.19,37.2,141.0,,,,,,,,,,,,,,,,,,,,,,,,,,,,,,,,,,,,,,,,,,,,37.1358970856102,37.12289493575208,37.12289493575208,37.12289493575208,37.12289493575208,37.12289493575208,37.06407918077729,35.72048461387692,35.700627762294864,35.700627762294864,35.700627762294864,35.700627762294864,35.700627762294864,35.700627762294864,35.700627762294864,35.700760875658716,,,,,,,,,,,,,,,,,,,,,,,,,,,,,,,,,,,,,,,,,,,,,,,,,,,,,,,,,,,,,37.120380601596075,37.120380601596075,37.120380601596075,37.09604938271605,37.14640625,37.14640625,37.14640625,37.14640625,37.14640625,37.14640625,37.14640625,36.35720570388351,35.71174286718426,35.70701098136018,,,,,,,,,,,,37.018708810020634,36.32125567317172,36.87557103499516,#000000,1.1507870084159022,37.13478339966367,0.056671303950596115,58.65514625292559,-0.29256944213210545,False,True,True,False,True,19.034109486816494,36.8331,,0.0,0.0,0.0,0.0,0,,,False,False,False,False,,,False,False,False,False,-1600.0,-1818.2861021793751,False,False,False,False,104.15119671068874,False,False,False,False
2025-01-27 18:00:00+00:00,37.2,37.2,37.2,37.2,0.0,,,,,,,,,,,,,,,,,,,,,,,,,,,,,,,,,,,,,,,,,,,,37.1358970856102,37.12289493575208,37.12289493575208,37.12289493575208,37.12289493575208,37.12289493575208,37.06407918077729,35.72048461387692,35.700627762294864,35.700627762294864,35.700627762294864,35.700627762294864,35.700627762294864,35.700627762294864,35.700627762294864,35.700760875658716,,,,,,,,,,,,,,,,,,,,,,,,,,,,,,,,,,,,,,,,,,,,,,,,,,,,,,,,,,,,,37.120380601596075,37.120380601596075,37.120380601596075,37.09604938271605,37.14640625,37.14640625,37.14640625,37.14640625,37.14640625,37.14640625,37.14640625,36.35720570388351,35.71174286718426,35.70701098136018,,,,,,,,,,,,37.018708810020634,36.32125567317172,36.87557103499516,#000000,1.1473627103881652,37.13478339966367,0.05684043916179856,59.95671762214815,1.486218465191257,False,True,True,False,True,19.034109486816494,36.8484,,0.0,0.0,0.0,0.0,0,,,False,False,False,False,,,False,False,False,False,-1600.0,-1814.9018215254314,False,False,False,False,102.5364494748641,False,False,False,False
2025-01-27 19:00:00+00:00,37.2,37.2,37.2,37.2,0.0,,,,,,,,,,,,,,,,,,,,,,,,,,,,,,,,,,,,,,,,,,,,37.1358970856102,37.12289493575208,37.12289493575208,37.12289493575208,37.12289493575208,37.12289493575208,37.06407918077729,35.72048461387692,35.700627762294864,35.700627762294864,35.700627762294864,35.700627762294864,35.700627762294864,35.700627762294864,35.700627762294864,35.700760875658716,,,,,,,,,,,,,,,,,,,,,,,,,,,,,,,,,,,,,,,,,,,,,,,,,,,,,,,,,,,,,37.120380601596075,37.120380601596075,37.120380601596075,37.09604938271605,37.14640625,37.14640625,37.14640625,37.14640625,37.14640625,37.14640625,37.14640625,36.35720570388351,35.71174286718426,35.70701098136018,,,,,,,,,,,,37.018708810020634,36.32125567317172,36.87557103499516,#000000,1.1429900254150471,37.13478339966367,0.05705789104559604,60.82443186829653,2.9113998373875845,False,True,True,False,True,19.034109486816504,36.8637,,0.0,0.0,0.0,0.0,0,,,False,False,False,False,,,False,False,False,False,-1600.0,-1811.5700103389906,False,False,False,False,100.94673707990496,False,False,False,False
2025-01-27 20:00:00+00:00,37.2,37.2,37.04,37.05,200.0,,,,,,,,,,,,,,,,,,,,,,,,,,,,,,,,,,,,,,,,,,,,37.13118189102565,37.120224032586556,37.120224032586556,37.120224032586556,37.120224032586556,37.120224032586556,37.06695412439347,35.74693947840574,35.72381585139663,35.72381585139663,35.72381585139663,35.72381585139663,35.72381585139663,35.72381585139663,35.72381585139663,35.72384896350205,,,,,,,,,,,,,,,,,,,,,,,,,,,,,,,,,,,,,,,,,,,,,,,,,,,,,,,,,,,,,37.11399730820996,37.11399730820996,37.11399730820996,37.09619975639464,37.14106938483548,37.14106938483548,37.14106938483548,37.14106938483548,37.14106938483548,37.14106938483548,37.14106938483548,36.38595613011925,35.7377924072855,35.732905990869284,,,,,,,,,,,,37.01789145808748,36.333547223752255,36.87730942165336,#000000,1.135972417505561,37.129965381296415,-0.07039377018678941,56.494764079726664,2.9113998373875845,False,True,True,False,False,15.412691475833704,36.87629999999999,,0.0,0.0,0.0,0.0,0,,,False,False,False,False,,,False,False,False,False,-1800.0,-1811.3906303337349,False,False,False,False,102.4824465825421,False,False,False,False
2025-01-28 15:00:00+00:00,37.05,37.38,37.05,37.38,634.0,,,,,,,,,,,,,,,,,,,,,,,,,,,,,,,,,,,,,,,,,,,,37.169480707861915,37.15677444187837,37.15677444187837,37.15677444187837,37.15677444187837,37.15677444187837,37.11132885211996,35.83442093978378,35.80115555555557,35.80115555555557,35.80115555555557,35.80115555555557,35.80115555555557,35.80115555555557,35.80115555555557,35.80087707580283,,,,,,,,,,,,,,,,,,,,,,,,,,,,,,,,,,,,,,,,,,,,,,,,,,,,,,,,,,,,,37.185824255628184,37.185824255628184,37.185824255628184,37.17193127147767,37.17379236722712,37.17379236722712,37.17379236722712,37.17379236722712,37.17379236722712,37.17379236722712,37.17379236722712,36.4829592131072,35.824010532232776,35.81863816310372,,,,,,,,,,,,37.066400626560835,36.39425429211558,36.93368275124255,#000000,1.1320343323989026,37.17353530843906,0.18238377198633623,60.00891662535937,2.9113998373875845,False,True,True,False,False,20.0,36.8955,,0.0,0.0,0.0,0.0,0,,,False,False,False,False,,,False,False,False,False,-1166.0,-1801.3845740494908,False,False,False,False,110.72302880606857,False,False,False,False
2025-01-28 16:00:00+00:00,37.4,37.4,37.4,37.4,425.0,,,,,,,,,,,,,,,,,,,,,,,,,,,,,,,,,,,,,,,,,,,,37.20545966458563,37.19096923585842,37.19096923585842,37.19096923585842,37.19096923585842,37.19096923585842,37.148215574263375,35.89246605019047,35.853026463104335,35.853026463104335,35.853026463104335,35.853026463104335,35.853026463104335,35.853026463104335,35.853026463104335,35.85255582591946,,,,,,,,,,,,,,,,,,,,,,,,,,,,,,,,,,,,,,,,,,,,,,,,,,,,,,,,,,,,,37.23633740288569,37.23633740288569,37.23633740288569,37.22348936170213,37.206682631999094,37.206682631999094,37.206682631999094,37.206682631999094,37.206682631999094,37.206682631999094,37.206682631999094,36.54579047772584,35.881297183259214,35.87563263229308,,,,,,,,,,,,37.10630289702052,36.43904553349884,36.977285734830794,#000000,1.1272592449856016,37.22431713492469,0.15584956686476611,62.620697202826705,5.16861828714044,False,True,True,False,True,20.0,36.9109,,0.0,0.0,0.0,0.0,0,,,False,False,False,False,0.3428282340396694,0.3428282340396694,False,False,False,False,-741.0,-1784.9445031339947,False,False,False,False,115.59553998736982,False,False,False,False
2025-01-28 17:00:00+00:00,37.4,37.4,37.4,37.4,0.0,,,,,,,,,,,,,,,,,,,,,,,,,,,,,,,,,,,,,,,,,,,,37.20545966458563,37.19096923585842,37.19096923585842,37.19096923585842,37.19096923585842,37.19096923585842,37.148215574263375,35.89246605019047,35.853026463104335,35.853026463104335,35.853026463104335,35.853026463104335,35.853026463104335,35.853026463104335,35.853026463104335,35.85255582591946,,,,,,,,,,,,,,,,,,,,,,,,,,,,,,,,,,,,,,,,,,,,,,,,,,,,,,,,,,,,,37.23633740288569,37.23633740288569,37.23633740288569,37.22348936170213,37.206682631999094,37.206682631999094,37.206682631999094,37.206682631999094,37.206682631999094,37.206682631999094,37.206682631999094,36.54579047772584,35.881297183259214,35.87563263229308,,,,,,,,,,,,37.10630289702052,36.43904553349884,36.977285734830794,#000000,1.121344511518927,37.22431713492469,0.15667162345792957,64.36188425447159,7.105010460756766,False,False,True,False,True,20.0,36.9251,,0.0,0.0,0.0,0.0,0,1.0080758426966288,0.9627808988764045,False,False,False,False,0.3428282340396694,0.3428282340396694,False,False,False,False,-741.0,-1768.7593170388939,False,False,False,False,113.80336107283695,False,False,False,False
2025-01-28 18:00:00+00:00,37.4,37.4,37.4,37.4,0.0,,,,,,,,,,,,,,,,,,,,,,,,,,,,,,,,,,,,,,,,,,,,37.20545966458563,37.19096923585842,37.19096923585842,37.19096923585842,37.19096923585842,37.19096923585842,37.148215574263375,35.89246605019047,35.853026463104335,35.853026463104335,35.853026463104335,35.853026463104335,35.853026463104335,35.853026463104335,35.853026463104335,35.85255582591946,,,,,,,,,,,,,,,,,,,,,,,,,,,,,,,,,,,,,,,,,,,,,,,,,,,,,,,,,,,,,37.23633740288569,37.23633740288569,37.23633740288569,37.22348936170213,37.206682631999094,37.206682631999094,37.206682631999094,37.206682631999094,37.206682631999094,37.206682631999094,37.206682631999094,36.54579047772584,35.881297183259214,35.87563263229308,,,,,,,,,,,,37.10630289702052,36.43904553349884,36.977285734830794,#000000,1.1078007593979315,37.22431713492469,0.15858705961782293,65.52267562223486,8.56492892155402,False,False,True,False,True,20.0,36.9393,,0.0,0.0,0.0,0.0,0,1.0038623595505614,0.9582162921348316,False,False,False,False,0.3428282340396694,0.3428282340396694,False,False,False,False,-741.0,-1752.8250640615465,False,False,False,False,112.03896787790924,False,False,False,False
2025-01-28 19:00:00+00:00,37.4,37.4,37.4,37.4,0.0,,,,,,,,,,,,,,,,,,,,,,,,,,,,,,,,,,,,,,,,,,,,37.20545966458563,37.19096923585842,37.19096923585842,37.19096923585842,37.19096923585842,37.19096923585842,37.148215574263375,35.89246605019047,35.853026463104335,35.853026463104335,35.853026463104335,35.853026463104335,35.853026463104335,35.853026463104335,35.853026463104335,35.85255582591946,,,,,,,,,,,,,,,,,,,,,,,,,,,,,,,,,,,,,,,,,,,,,,,,,,,,,,,,,,,,,37.23633740288569,37.23633740288569,37.23633740288569,37.22348936170213,37.206682631999094,37.206682631999094,37.206682631999094,37.206682631999094,37.206682631999094,37.206682631999094,37.206682631999094,36.54579047772584,35.881297183259214,35.87563263229308,,,,,,,,,,,,37.10630289702052,36.43904553349884,36.977285734830794,#000000,1.0794803053922966,37.22431713492469,0.1627476334655906,66.29653653407703,9.731154949780965,False,False,True,False,True,20.0,36.9535,,0.0,0.0,0.0,0.0,0,1.0038623595505614,0.9582162921348316,False,False,False,False,0.3428282340396694,0.3428282340396694,False,False,False,False,-741.0,-1737.1378537660185,False,False,False,False,110.30192961623622,False,False,False,False
2025-01-28 20:00:00+00:00,37.4,37.4,37.4,37.4,0.0,,,,,,,,,,,,,,,,,,,,,,,,,,,,,,,,,,,,,,,,,,,,37.20545966458563,37.19096923585842,37.19096923585842,37.19096923585842,37.19096923585842,37.19096923585842,37.148215574263375,35.89246605019047,35.853026463104335,35.853026463104335,35.853026463104335,35.853026463104335,35.853026463104335,35.853026463104335,35.853026463104335,35.85255582591946,,,,,,,,,,,,,,,,,,,,,,,,,,,,,,,,,,,,,,,,,,,,,,,,,,,,,,,,,,,,,37.23633740288569,37.23633740288569,37.23633740288569,37.22348936170213,37.206682631999094,37.206682631999094,37.206682631999094,37.206682631999094,37.206682631999094,37.206682631999094,37.206682631999094,36.54579047772584,35.881297183259214,35.87563263229308,,,,,,,,,,,,37.10630289702052,36.43904553349884,36.977285734830794,#000000,1.0429513389874028,37.22431713492469,0.16844780624748903,66.81244380863848,10.70920043474436,False,False,True,False,True,20.0,36.9731,,0.0,0.0,0.0,0.0,0,1.0262024407753048,0.9572864321608041,False,False,False,False,0.3428282340396694,0.3428282340396694,False,False,False,False,-741.0,-1721.693856033212,False,False,False,False,108.59182218032558,False,False,False,False
2025-01-29 15:00:00+00:00,37.4,37.4,37.4,37.4,0.0,,,,,,,,,,,,,,,,,,,,,,,,,,,,,,,,,,,,,,,,,,,,37.20545966458563,37.19096923585842,37.19096923585842,37.19096923585842,37.19096923585842,37.19096923585842,37.148215574263375,35.89246605019047,35.853026463104335,35.853026463104335,35.853026463104335,35.853026463104335,35.853026463104335,35.853026463104335,35.853026463104335,35.85255582591946,,,,,,,,,,,,,,,,,,,,,,,,,,,,,,,,,,,,,,,,,,,,,,,,,,,,,,,,,,,,,37.23633740288569,37.23633740288569,37.23633740288569,37.22348936170213,37.206682631999094,37.206682631999094,37.206682631999094,37.206682631999094,37.206682631999094,37.206682631999094,37.206682631999094,36.54579047772584,35.881297183259214,35.87563263229308,,,,,,,,,,,,37.10630289702052,36.43904553349884,36.977285734830794,#000000,1.0027631869036349,37.22431713492469,0.1751987581612251,67.15638199167944,11.558642989094238,False,False,True,False,True,20.0,36.99249999999999,,0.0,0.0,0.0,0.0,0,1.033622559652928,0.9345625451916124,False,False,False,False,0.3428282340396694,0.3428282340396694,False,False,False,False,-741.0,-1706.48930012572,False,False,False,False,106.90822803799495,False,False,False,False
2025-01-29 16:00:00+00:00,37.4,37.4,37.4,37.4,0.0,,,,,,,,,,,,,,,,,,,,,,,,,,,,,,,,,,,,,,,,,,,,37.20545966458563,37.19096923585842,37.19096923585842,37.19096923585842,37.19096923585842,37.19096923585842,37.148215574263375,35.89246605019047,35.853026463104335,35.853026463104335,35.853026463104335,35.853026463104335,35.853026463104335,35.853026463104335,35.853026463104335,35.85255582591946,,,,,,,,,,,,,,,,,,,,,,,,,,,,,,,,,,,,,,,,,,,,,,,,,,,,,,,,,,,,,37.23633740288569,37.23633740288569,37.23633740288569,37.22348936170213,37.206682631999094,37.206682631999094,37.206682631999094,37.206682631999094,37.206682631999094,37.206682631999094,37.206682631999094,36.54579047772584,35.881297183259214,35.87563263229308,,,,,,,,,,,,37.10630289702052,36.43904553349884,36.977285734830794,#000000,0.9584556694341162,37.22431713492469,0.18329785161481132,67.38567411370676,12.312438256659938,False,False,True,False,True,20.0,37.0122,,0.0,0.0,0.0,0.0,0,1.0360524399125999,0.9319009468317552,False,False,False,False,0.3428282340396694,0.3428282340396694,False,False,False,False,-741.0,-1691.5204737671816,False,False,False,False,105.25073613042913,False,False,False,False
2025-01-29 17:00:00+00:00,37.4,37.4,37.4,37.4,0.0,,,,,,,,,,,,,,,,,,,,,,,,,,,,,,,,,,,,,,,,,,,,37.20545966458563,37.19096923585842,37.19096923585842,37.19096923585842,37.19096923585842,37.19096923585842,37.148215574263375,35.89246605019047,35.853026463104335,35.853026463104335,35.853026463104335,35.853026463104335,35.853026463104335,35.853026463104335,35.853026463104335,35.85255582591946,,,,,,,,,,,,,,,,,,,,,,,,,,,,,,,,,,,,,,,,,,,,,,,,,,,,,,,,,,,,,37.23633740288569,37.23633740288569,37.23633740288569,37.22348936170213,37.206682631999094,37.206682631999094,37.206682631999094,37.206682631999094,37.206682631999094,37.206682631999094,37.206682631999094,36.54579047772584,35.881297183259214,35.87563263229308,,,,,,,,,,,,37.10630289702052,36.43904553349884,36.977285734830794,#000000,0.908186034837581,37.22431713492469,0.1934436980268346,67.53853552839163,12.988624977302763,True,False,True,False,True,20.0,37.0227,,0.0,0.0,0.0,0.0,0,1.0287691187181351,0.9319009468317552,False,False,False,False,0.3428282340396694,0.3428282340396694,False,False,False,False,-741.0,-1676.7837222359074,False,False,False,False,103.61894177181783,False,False,False,False
2025-01-29 18:00:00+00:00,37.4,37.53,37.4,37.53,106.0,,,,,,,,,,,,,,,,,,,,,,,,,,,,,,,,,,,,,,,,,,,,37.21599622952752,37.2009864706509,37.2009864706509,37.2009864706509,37.2009864706509,37.2009864706509,37.1586689005439,35.90707278070707,35.866139128678896,35.866139128678896,35.866139128678896,35.866139128678896,35.866139128678896,35.866139128678896,35.866139128678896,35.865621809861466,,,,,,,,,,,,,,,,,,,,,,,,,,,,,,,,,,,,,,,,,,,,,,,,,,,,,,,,,,,,,37.250244584206854,37.250244584206854,37.250244584206854,37.23753608593488,37.216480686695284,37.216480686695284,37.216480686695284,37.216480686695284,37.216480686695284,37.216480686695284,37.216480686695284,36.561598510065,35.895720743628864,35.88998543172522,,,,,,,,,,,,37.117595170976024,36.45095412341542,36.98935280934582,#000000,0.8539348879117958,37.235679963094526,0.344663323951083,70.74813703048501,16.39419094704344,True,False,True,False,True,20.0,37.0358,,0.0,0.0,0.0,0.0,0,1.0296435272045026,0.9602251407129455,False,False,False,False,0.34282823439762117,0.3428282342186453,False,False,False,False,-635.0,-1660.6320366198468,False,False,False,False,103.6558574032625,False,False,False,False
2025-01-29 19:00:00+00:00,37.53,37.53,37.53,37.53,0.0,,,,,,,,,,,,,,,,,,,,,,,,,,,,,,,,,,,,,,,,,,,,37.21599622952752,37.2009864706509,37.2009864706509,37.2009864706509,37.2009864706509,37.2009864706509,37.1586689005439,35.90707278070707,35.866139128678896,35.866139128678896,35.866139128678896,35.866139128678896,35.866139128678896,35.866139128678896,35.866139128678896,35.865621809861466,,,,,,,,,,,,,,,,,,,,,,,,,,,,,,,,,,,,,,,,,,,,,,,,,,,,,,,,,,,,,37.250244584206854,37.250244584206854,37.250244584206854,37.23753608593488,37.216480686695284,37.216480686695284,37.216480686695284,37.216480686695284,37.216480686695284,37.216480686695284,37.216480686695284,36.561598510065,35.895720743628864,35.88998543172522,,,,,,,,,,,,37.117595170976024,36.45095412341542,36.98935280934582,#000000,0.8090561623731795,37.235679963094526,0.36378196050340333,72.88787136521394,18.619526950931416,True,False,True,False,True,20.0,37.048899999999996,,0.0,0.0,0.0,0.0,0,1.0,0.9601952684941795,False,False,False,False,0.3428282347432136,0.3428282344809295,False,False,False,False,-635.0,-1644.7307647342677,False,False,False,False,102.04878984662277,False,False,False,False
2025-01-29 20:00:00+00:00,37.53,37.53,37.27,37.335,27.0,,,,,,,,,,,,,,,,,,,,,,,,,,,,,,,,,,,,,,,,,,,,37.21753092903828,37.20250369666244,37.20250369666244,37.20250369666244,37.20250369666244,37.20250369666244,37.16038354052231,35.91049844774061,35.86922453966096,35.86922453966096,35.86922453966096,35.86922453966096,35.86922453966096,35.86922453966096,35.86922453966096,35.868696426779096,,,,,,,,,,,,,,,,,,,,,,,,,,,,,,,,,,,,,,,,,,,,,,,,,,,,,,,,,,,,37.37833333333334,37.25203186907838,37.25203186907838,37.25203186907838,37.2394245736049,37.21791066753927,37.21791066753927,37.21791066753927,37.21791066753927,37.21791066753927,37.21791066753927,37.21791066753927,36.565078914141424,35.899105990133904,35.89335527603075,,,,,,,,,,,,37.192737002698124,36.4533874753137,37.01711789115029,#000000,0.7562388082710922,37.24799972651893,0.11504338646673447,65.18250415720647,19.99586644745665,False,False,True,False,False,17.197919659441826,37.058099999999996,,0.0,0.0,0.0,0.0,0,0.9807478711588302,0.9651980747871155,False,False,False,False,0.3174629826222504,0.3301456085515899,False,False,False,False,-662.0,-1629.4946288469146,False,False,False,False,100.88524271721776,False,False,False,False
2025-01-30 15:00:00+00:00,37.625,37.625,37.625,37.625,0.0,,,,,,,,,,,,,,,,,,,,,,,,,,,,,,,,,,,,,,,,,,,,37.21753092903828,37.20250369666244,37.20250369666244,37.20250369666244,37.20250369666244,37.20250369666244,37.16038354052231,35.91049844774061,35.86922453966096,35.86922453966096,35.86922453966096,35.86922453966096,35.86922453966096,35.86922453966096,35.86922453966096,35.868696426779096,,,,,,,,,,,,,,,,,,,,,,,,,,,,,,,,,,,,,,,,,,,,,,,,,,,,,,,,,,,,37.37833333333334,37.25203186907838,37.25203186907838,37.25203186907838,37.2394245736049,37.21791066753927,37.21791066753927,37.21791066753927,37.21791066753927,37.21791066753927,37.21791066753927,37.21791066753927,36.565078914141424,35.899105990133904,35.89335527603075,,,,,,,,,,,,37.192737002698124,36.4533874753137,37.01711789115029,"rgba(38, 166, 154, 0.5)",0.7087079030828165,37.24799972651893,0.5319543804170314,66.28451917048426,19.99586644745665,False,False,True,False,False,20.0,37.0731,,0.0,0.0,0.0,0.0,0,0.9807901413555635,0.9517941283073573,False,False,False,False,0.3428282352273734,0.33648692188948165,False,False,False,False,-662.0,-1614.4947121206058,False,False,False,False,99.32113042702834,False,False,False,False
2025-01-30 16:00:00+00:00,37.625,37.625,37.625,37.625,0.0,,,,,,,,,,,,,,,,,,,,,,,,,,,,,,,,,,,,,,,,,,,,37.21753092903828,37.20250369666244,37.20250369666244,37.20250369666244,37.20250369666244,37.20250369666244,37.16038354052231,35.91049844774061,35.86922453966096,35.86922453966096,35.86922453966096,35.86922453966096,35.86922453966096,35.86922453966096,35.86922453966096,35.868696426779096,,,,,,,,,,,,,,,,,,,,,,,,,,,,,,,,,,,,,,,,,,,,,,,,,,,,,,,,,,,,37.37833333333334,37.25203186907838,37.25203186907838,37.25203186907838,37.2394245736049,37.21791066753927,37.21791066753927,37.21791066753927,37.21791066753927,37.21791066753927,37.21791066753927,37.21791066753927,36.565078914141424,35.899105990133904,35.89335527603075,,,,,,,,,,,,37.192737002698124,36.4533874753137,37.01711789115029,"rgba(38, 166, 154, 0.5)",0.6546789805452154,37.24799972651893,0.575855166706449,67.01919584600279,19.99586644745665,False,False,True,False,False,20.0,37.092400000000005,,0.0,0.0,0.0,0.0,0,0.9801943198804185,0.9813153961136019,False,False,False,False,0.3428282352273734,0.3396575785584275,False,False,False,False,-662.0,-1599.7273522427668,False,False,False,False,97.78126793978758,False,False,False,False
2025-01-30 17:00:00+00:00,37.625,37.625,37.625,37.625,0.0,,,,,,,,,,,,,,,,,,,,,,,,,,,,,,,,,,,,,,,,,,,,37.21753092903828,37.20250369666244,37.20250369666244,37.20250369666244,37.20250369666244,37.20250369666244,37.16038354052231,35.91049844774061,35.86922453966096,35.86922453966096,35.86922453966096,35.86922453966096,35.86922453966096,35.86922453966096,35.86922453966096,35.868696426779096,,,,,,,,,,,,,,,,,,,,,,,,,,,,,,,,,,,,,,,,,,,,,,,,,,,,,,,,,,,,37.37833333333334,37.25203186907838,37.25203186907838,37.25203186907838,37.2394245736049,37.21791066753927,37.21791066753927,37.21791066753927,37.21791066753927,37.21791066753927,37.21791066753927,37.21791066753927,36.565078914141424,35.899105990133904,35.89335527603075,,,,,,,,,,,,37.192737002698124,36.4533874753137,37.01711789115029,"rgba(38, 166, 154, 0.5)",0.595821123166148,37.24799972651893,0.6327406982111048,67.50898029634848,19.99586644745665,False,False,True,False,True,20.0,37.1117,,0.0,0.0,0.0,0.0,0,0.9491778774289985,0.9813153961136019,False,False,False,False,0.3428282352273734,0.34124290689290043,False,False,False,False,-662.0,-1585.1889436808633,False,False,False,False,96.26527928955832,False,False,False,False
2025-01-30 18:00:00+00:00,37.625,37.625,37.625,37.625,0.0,,,,,,,,,,,,,,,,,,,,,,,,,,,,,,,,,,,,,,,,,,,,37.21753092903828,37.20250369666244,37.20250369666244,37.20250369666244,37.20250369666244,37.20250369666244,37.16038354052231,35.91049844774061,35.86922453966096,35.86922453966096,35.86922453966096,35.86922453966096,35.86922453966096,35.86922453966096,35.86922453966096,35.868696426779096,,,,,,,,,,,,,,,,,,,,,,,,,,,,,,,,,,,,,,,,,,,,,,,,,,,,,,,,,,,,37.37833333333334,37.25203186907838,37.25203186907838,37.25203186907838,37.2394245736049,37.21791066753927,37.21791066753927,37.21791066753927,37.21791066753927,37.21791066753927,37.21791066753927,37.21791066753927,36.565078914141424,35.899105990133904,35.89335527603075,,,,,,,,,,,,37.192737002698124,36.4533874753137,37.01711789115029,"rgba(38, 166, 154, 0.5)",0.5758145659972285,37.24799972651893,0.6547251419876164,67.83550326324561,19.99586644745665,False,False,True,False,True,20.0,37.131,,0.0,0.0,0.0,0.0,0,0.9491778774289985,0.9813153961136019,False,False,False,False,0.3428282352273734,0.34203557106013693,False,False,False,False,-662.0,-1570.87593680209,False,False,False,False,94.7727943393326,False,False,False,False
2025-01-30 19:00:00+00:00,37.625,37.625,37.625,37.625,0.0,,,,,,,,,,,,,,,,,,,,,,,,,,,,,,,,,,,,,,,,,,,,37.21753092903828,37.20250369666244,37.20250369666244,37.20250369666244,37.20250369666244,37.20250369666244,37.16038354052231,35.91049844774061,35.86922453966096,35.86922453966096,35.86922453966096,35.86922453966096,35.86922453966096,35.86922453966096,35.86922453966096,35.868696426779096,,,,,,,,,,,,,,,,,,,,,,,,,,,,,,,,,,,,,,,,,,,,,,,,,,,,,,,,,,,,37.37833333333334,37.25203186907838,37.25203186907838,37.25203186907838,37.2394245736049,37.21791066753927,37.21791066753927,37.21791066753927,37.21791066753927,37.21791066753927,37.21791066753927,37.21791066753927,36.565078914141424,35.899105990133904,35.89335527603075,,,,,,,,,,,,37.192737002698124,36.4533874753137,37.01711789115029,"rgba(38, 166, 154, 0.5)",0.5426446085342935,37.24799972651893,0.6947461884848853,68.05318524117703,19.99586644745665,True,False,True,False,True,20.0,37.1503,,0.0,0.0,0.0,0.0,0,0.9491778774289985,0.9813153961136019,False,False,False,False,0.3428282352273734,0.34243190314375516,False,False,False,False,-662.0,-1556.7848370067088,False,False,False,False,93.30344869066079,False,False,False,False
2025-01-30 20:00:00+00:00,37.625,37.68,37.625,37.67,24.0,,,,,,,,,,,,,,,,,,,,,,,,,,,,,,,,,,,,,,,,,,,,37.22120428240741,37.20594392033543,37.20594392033543,37.20594392033543,37.20594392033543,37.20594392033543,37.163814719111876,35.914108433734945,35.87246347841393,35.87246347841393,35.87246347841393,35.87246347841393,35.87246347841393,35.87246347841393,35.87246347841393,35.87192390542031,,,,,,,,,,,,,,,,,,,,,,,,,,,,,,,,,,,,,,,,,,,,,,,,,,,,,,,,,,,,37.51009803921569,37.25700952867109,37.25700952867109,37.25700952867109,37.24436017018492,37.22134253246754,37.22134253246754,37.22134253246754,37.22134253246754,37.22134253246754,37.22134253246754,37.22134253246754,36.56920440251573,35.90266928292121,35.89690029849081,,,,,,,,,,,,37.20294137641995,36.45675095570308,37.02957723377429,"rgba(38, 166, 154, 0.5)",0.5058375446937391,37.26026289293638,0.8100171910167258,69.18950467811356,19.99586644745665,True,False,True,False,True,20.0,37.1705,,0.0,0.0,0.0,0.0,0,0.9493859322664682,0.9772981019724595,False,False,False,False,0.3428282353631085,0.34263006925343187,False,False,False,False,-638.0,-1542.540110851566,False,False,False,False,92.22897661793736,False,False,False,False
2025-01-31 15:00:00+00:00,37.8,37.96,37.8,37.96,5.0,,,,,,,,,,,,,,,,,,,,,,,,,,,,,,,,,,,,,,,,,,,,37.22239225880994,37.20704395604396,37.20704395604396,37.20704395604396,37.20704395604396,37.20704395604396,37.164879587155966,35.91496544802868,35.873230407681106,35.873230407681106,35.873230407681106,35.873230407681106,35.873230407681106,35.873230407681106,35.873230407681106,35.87268809935152,,,,,,,,,,,,,,,,,,,,,,,,,,,,,,,,,,,,,,,,,,,,,,,,,,,,,,,,,,,,37.54550595238096,37.2586634419552,37.2586634419552,37.2586634419552,37.24598188050931,37.22245326850352,37.22245326850352,37.22245326850352,37.22245326850352,37.22245326850352,37.22245326850352,37.22245326850352,36.570255040586545,35.9035145661099,35.89774092354024,,,,,,,,,,,,37.20586988525264,36.45767237670835,37.03307743790115,"rgba(38, 166, 154, 1.0)",0.4705956260351511,37.26384258439259,1.4793112751018427,73.81134937758543,19.548998801623995,True,False,True,False,True,20.0,37.1965,,0.0,0.0,0.0,0.0,0,0.9537340619307834,0.9653916211293254,False,False,False,False,0.34282823641642446,0.34272915283492816,False,False,False,False,-633.0,-1528.4387137840997,False,False,False,False,90.87658938355074,False,False,False,False
2025-01-31 16:00:00+00:00,37.96,37.985,37.95,37.95,100.0,,,,,,,,,,,,,,,,,,,,,,,,,,,,,,,,,,,,,,,,,,,37.961666666666666,37.24715857063094,37.23001572805683,37.23001572805683,37.23001572805683,37.23001572805683,37.23001572805683,37.18708658491267,35.93242132196163,35.88886007583696,35.88886007583696,35.88886007583696,35.88886007583696,35.88886007583696,35.88886007583696,35.88886007583696,35.88826238226597,,,,,,,,,,,,,,,,,,,,,,,,,,,,,,,,,,,,,,,,,,,,,,,,,,,,,,,,,,,,37.81227564102564,37.292723675710604,37.292723675710604,37.292723675710604,37.27939386865858,37.24566248037677,37.24566248037677,37.24566248037677,37.24566248037677,37.24566248037677,37.24566248037677,37.24566248037677,36.591777262180976,35.92073183313815,35.91486325424479,,,,,,,,,,,,37.311773418097395,36.56404086456357,37.074456683267826,"rgba(38, 166, 154, 1.0)",0.434904721884338,37.35318468391862,1.372289805214174,76.4630633287663,22.027939761268954,True,False,True,False,True,20.0,37.2223,,0.0,0.0,0.0,0.0,0,0.9647529069767448,0.9636627906976739,False,False,False,False,0.34282823679117974,0.34277869481305395,False,False,False,False,-733.0,-1516.1063306246563,False,False,False,False,91.01803761016235,False,False,False,False
2025-01-31 17:00:00+00:00,37.95,37.955,37.94,37.955,100.0,,,,,,,,,,,,,,,,,,,,,,,,,,,,,,,,,,,,,,,,,,,37.95583333333333,37.269941112911944,37.25128557360907,37.25128557360907,37.25128557360907,37.25128557360907,37.25128557360907,37.20777295733912,35.949483298097256,35.904170876046166,35.904170876046166,35.904170876046166,35.904170876046166,35.904170876046166,35.904170876046166,35.904170876046166,35.90351982041985,,,,,,,,,,,,,,,,,,,,,,,,,,,,,,,,,,,,,,,,,,,,,,,,,,,,,,,,,,,,37.86607421875,37.32309688847813,37.32309688847813,37.32309688847813,37.309304936069,37.267103500761046,37.267103500761046,37.267103500761046,37.267103500761046,37.267103500761046,37.267103500761046,37.267103500761046,36.61246610814928,35.937566644544,35.93160783829741,,,,,,,,,,,,37.33521847986052,36.58071614838059,37.09973566110475,"rgba(38, 166, 154, 1.0)",0.4079425414409444,37.379409541390785,1.410959633128966,78.2834540614411,23.7331216487932,True,False,True,False,True,20.0,37.2482,,0.0,0.0,0.0,0.0,0,0.9753947851634226,0.965479250826294,False,False,False,False,0.33930747479606194,0.3410430848045579,False,False,False,False,-633.0,-1502.4147596072198,False,False,False,False,91.15729284101255,False,False,False,False
2025-01-31 18:00:00+00:00,37.955,37.955,37.955,37.955,0.0,,,,,,,,,,,,,,,,,,,,,,,,,,,,,,,,,,,,,,,,,,,37.95583333333333,37.269941112911944,37.25128557360907,37.25128557360907,37.25128557360907,37.25128557360907,37.25128557360907,37.20777295733912,35.949483298097256,35.904170876046166,35.904170876046166,35.904170876046166,35.904170876046166,35.904170876046166,35.904170876046166,35.904170876046166,35.90351982041985,,,,,,,,,,,,,,,,,,,,,,,,,,,,,,,,,,,,,,,,,,,,,,,,,,,,,,,,,,,,37.86607421875,37.32309688847813,37.32309688847813,37.32309688847813,37.309304936069,37.267103500761046,37.267103500761046,37.267103500761046,37.267103500761046,37.267103500761046,37.267103500761046,37.267103500761046,36.61246610814928,35.937566644544,35.93160783829741,,,,,,,,,,,,37.33521847986052,36.58071614838059,37.09973566110475,"rgba(38, 166, 154, 1.0)",0.41505727380775076,37.379409541390785,1.386773573026982,79.49704788322431,24.933635724007644,True,False,True,False,True,20.0,37.274100000000004,,0.0,0.0,0.0,0.0,0,0.9857517810273717,0.96400449943757,False,False,False,False,0.3406268069352549,0.34083494586990637,False,False,False,False,-633.0,-1488.9354610086582,False,False,False,False,89.74400147913639,False,False,False,False
2025-01-31 19:00:00+00:00,37.955,37.955,37.955,37.955,0.0,,,,,,,,,,,,,,,,,,,,,,,,,,,,,,,,,,,,,,,,,,,37.95583333333333,37.269941112911944,37.25128557360907,37.25128557360907,37.25128557360907,37.25128557360907,37.25128557360907,37.20777295733912,35.949483298097256,35.904170876046166,35.904170876046166,35.904170876046166,35.904170876046166,35.904170876046166,35.904170876046166,35.904170876046166,35.90351982041985,,,,,,,,,,,,,,,,,,,,,,,,,,,,,,,,,,,,,,,,,,,,,,,,,,,,,,,,,,,,37.86607421875,37.32309688847813,37.32309688847813,37.32309688847813,37.309304936069,37.267103500761046,37.267103500761046,37.267103500761046,37.267103500761046,37.267103500761046,37.267103500761046,37.267103500761046,36.61246610814928,35.937566644544,35.93160783829741,,,,,,,,,,,,37.33521847986052,36.58071614838059,37.09973566110475,"rgba(38, 166, 154, 1.0)",0.42106458814245024,37.379409541390785,1.366988521044864,80.30611043107979,25.835957465642224,True,False,True,False,True,20.0,37.3,,0.0,0.0,0.0,0.0,0,0.9857517810273717,0.943007124109486,False,False,False,False,0.3406268069352549,0.3407308764025806,False,False,False,False,-633.0,-1475.6651437837177,False,False,False,False,88.3526216112428,False,False,False,False
2025-01-31 20:00:00+00:00,37.955,37.955,37.69,37.69,18.0,,,,,,,,,,,,,,,,,,,,,,,,,,,,,,,,,,,,,,,,,,,37.94117737003058,37.272890213771625,37.254073366637286,37.254073366637286,37.254073366637286,37.254073366637286,37.254073366637286,37.21054416261918,35.952262940133416,35.906673466864504,35.906673466864504,35.906673466864504,35.906673466864504,35.906673466864504,35.906673466864504,35.906673466864504,35.90601384475157,,,,,,,,,,,,,,,,,,,,,,,,,,,,,,,,,,,,,,,,,,,,,,,,,,,,,,,,,,,,37.86031021897811,37.32685227619921,37.32685227619921,37.32685227619921,37.31304056047198,37.26988949439904,37.26988949439904,37.26988949439904,37.26988949439904,37.26988949439904,37.26988949439904,37.26988949439904,36.615653957162394,35.940311326485535,35.93433878299924,,,,,,,,,,,,37.33690563242244,36.58235115485555,37.102229209032544,"rgba(38, 166, 154, 0.5)",0.4199056843911137,37.380948760872336,0.7360015608643239,70.05916817500157,25.315523363410833,True,False,True,False,False,18.791231062248244,37.3206,,0.0,0.0,0.0,0.0,0,0.9883458646616541,0.9428571428571425,False,False,False,False,0.3174814086997883,0.3291061425511844,False,False,False,False,-651.0,-1462.8796376785438,False,False,False,False,87.26188329168863,False,False,False,False
2025-02-03 15:00:00+00:00,37.69,37.69,36.77,36.77,133.0,,,,,,,,,,,,,,,,,,,,,,,,,,,,,,,,,,,,,,,,,,,37.613599240265906,37.26482540173054,37.24740054675717,37.24740054675717,37.24740054675717,37.24740054675717,37.24740054675717,37.20590605192324,35.9647500556669,35.91810438551386,35.91810438551386,35.91810438551386,35.91810438551386,35.91810438551386,35.91810438551386,35.91810438551386,35.91740851873537,,,,,,,,,,,,,,,,,,,,,,,,,,,,,,,,,,,,,,,,,,,,,,,,,,,,,,,,,,,37.076666666666675,37.60423013923015,37.31247876169907,37.31247876169907,37.31247876169907,37.29990318985932,37.26241026387273,37.26241026387273,37.26241026387273,37.26241026387273,37.26241026387273,37.26241026387273,37.26241026387273,36.62478360135001,35.952694387546096,35.94668576459434,,,,,,,,,,,,37.29352677518723,36.56648368827675,37.0799544925908,"rgba(239, 83, 80, 1.0)",0.41415633336779334,37.32074640668675,-1.3298031741015433,53.20388047007244,10.438679644140123,False,True,False,False,False,0.0,37.3228,,0.0,0.0,0.0,0.0,0,0.9244022503516177,0.9440928270042193,False,False,False,False,0.21754412001990658,0.2733251312855455,False,False,False,False,-784.0,-1452.3543719781012,True,False,False,False,87.97100138018958,False,False,False,False
2025-02-03 16:00:00+00:00,36.77,37.09,36.77,37.09,100.0,,,,,,,,,,,,,,,,,,,,,,,,,,,,,,,,,,,,,,,,,,,37.47385070214338,37.25638739008794,37.240137972130555,37.240137972130555,37.240137972130555,37.240137972130555,37.240137972130555,37.200255564017944,35.97318482941372,35.92587240817716,35.92587240817716,35.92587240817716,35.92587240817716,35.92587240817716,35.92587240817716,35.92587240817716,35.925152814104436,,,,,,,,,,,,,,,,,,,,,,,,,,,,,,,,,,,,,,,,,,,,,,,,,,,,,,,,,,36.98333333333334,37.0366094420601,37.48176528599606,37.298849551414776,37.298849551414776,37.298849551414776,37.28720484021928,37.254517816742094,37.254517816742094,37.254517816742094,37.254517816742094,37.254517816742094,37.254517816742094,37.254517816742094,36.63004401408451,35.9610701611811,35.95504245599893,,,,,,,36.98333333333334,,,,,37.25789381269007,36.559448706921195,37.05960252378308,#000000,0.4063496364305183,37.274474642584785,-0.4539800852419981,47.115705418272675,5.936134281379019,False,True,False,True,False,4.800368732242077,37.3314,,1.0,37.09,36.77,227.0,0,0.9252953439888815,0.9968728283530223,False,False,False,False,0.16864201447720015,0.22098357288137283,False,False,False,False,-684.0,-1440.44190109472,False,False,False,False,88.1574974828223,False,False,False,False
2025-02-03 17:00:00+00:00,37.09,37.09,37.09,37.09,0.0,,,,,,,,,,,,,,,,,,,,,,,,,,,,,,,,,,,,,,,,,,,37.47385070214338,37.25638739008794,37.240137972130555,37.240137972130555,37.240137972130555,37.240137972130555,37.240137972130555,37.200255564017944,35.97318482941372,35.92587240817716,35.92587240817716,35.92587240817716,35.92587240817716,35.92587240817716,35.92587240817716,35.92587240817716,35.925152814104436,,,,,,,,,,,,,,,,,,,,,,,,,,,,,,,,,,,,,,,,,,,,,,,,,,,,,,,,,,36.98333333333334,37.0366094420601,37.48176528599606,37.298849551414776,37.298849551414776,37.298849551414776,37.28720484021928,37.254517816742094,37.254517816742094,37.254517816742094,37.254517816742094,37.254517816742094,37.254517816742094,37.254517816742094,36.63004401408451,35.9610701611811,35.95504245599893,,,,,,,36.98333333333334,,,,,37.25789381269007,36.559448706921195,37.05960252378308,#000000,0.4024102496323834,37.274474642584785,-0.4584243138769602,43.05692205040616,2.9452150967596396,False,True,False,True,False,4.800368732242077,37.329800000000006,,0.0,0.0,0.0,0.0,0,0.9562918575960524,0.9911878745153326,False,False,False,False,0.19460930276580768,0.20779643782359025,False,False,False,False,-684.0,-1428.7141196823986,False,False,False,False,86.79071457611187,False,False,False,False
2025-02-03 18:00:00+00:00,37.09,37.09,37.09,37.09,0.0,,,,,,,,,,,,,,,,,,,,,,,,,,,,,,,,,,,,,,,,,,,37.47385070214338,37.25638739008794,37.240137972130555,37.240137972130555,37.240137972130555,37.240137972130555,37.240137972130555,37.200255564017944,35.97318482941372,35.92587240817716,35.92587240817716,35.92587240817716,35.92587240817716,35.92587240817716,35.92587240817716,35.92587240817716,35.925152814104436,,,,,,,,,,,,,,,,,,,,,,,,,,,,,,,,,,,,,,,,,,,,,,,,,,,,,,,,,,36.98333333333334,37.0366094420601,37.48176528599606,37.298849551414776,37.298849551414776,37.298849551414776,37.28720484021928,37.254517816742094,37.254517816742094,37.254517816742094,37.254517816742094,37.254517816742094,37.254517816742094,37.254517816742094,36.63004401408451,35.9610701611811,35.95504245599893,,,,,,,36.98333333333334,,,,,37.25789381269007,36.559448706921195,37.05960252378308,#000000,0.39928173123884547,37.274474642584785,-0.46201623603568065,40.35106647182848,0.7978464314637677,False,True,False,True,False,4.800368732242077,37.3282,,0.0,0.0,0.0,0.0,0,0.9559032716927456,0.9854196301564718,False,False,False,False,0.19460930276580768,0.20120287029469897,False,False,False,False,-684.0,-1417.1681643384854,False,False,False,False,85.44512210206362,False,False,False,False
2025-02-03 19:00:00+00:00,37.09,37.09,37.09,37.09,0.0,,,,,,,,,,,,,,,,,,,,,,,,,,,,,,,,,,,,,,,,,,,37.47385070214338,37.25638739008794,37.240137972130555,37.240137972130555,37.240137972130555,37.240137972130555,37.240137972130555,37.200255564017944,35.97318482941372,35.92587240817716,35.92587240817716,35.92587240817716,35.92587240817716,35.92587240817716,35.92587240817716,35.92587240817716,35.925152814104436,,,,,,,,,,,,,,,,,,,,,,,,,,,,,,,,,,,,,,,,,,,,,,,,,,,,,,,,,,36.98333333333334,37.0366094420601,37.48176528599606,37.298849551414776,37.298849551414776,37.298849551414776,37.28720484021928,37.254517816742094,37.254517816742094,37.254517816742094,37.254517816742094,37.254517816742094,37.254517816742094,37.254517816742094,36.63004401408451,35.9610701611811,35.95504245599893,,,,,,,36.98333333333334,,,,,37.25789381269007,36.559448706921195,37.05960252378308,#000000,0.3960557222605482,37.274474642584785,-0.46577951590211747,38.5471627527767,-0.8861064895678936,False,True,False,True,False,4.800368732242077,37.3266,,0.0,0.0,0.0,0.0,0,0.9470128022759604,0.9854196301564718,False,False,False,False,0.19460930276580768,0.19790608653025332,False,False,False,False,-684.0,-1405.801216054168,False,False,False,False,84.12039152683782,False,False,False,False
2025-02-03 20:00:00+00:00,37.09,37.36,37.09,37.275,188.0,,,,,,,,,,,,,,,,,,,,,,,,,,,,,,,,,,,,,,,,,,,37.405539906103286,37.2556020620507,37.240213127615064,37.240213127615064,37.240213127615064,37.240213127615064,37.240213127615064,37.202141991761565,35.99262991954773,35.94366748195574,35.94366748195574,35.94366748195574,35.94366748195574,35.94366748195574,35.94366748195574,35.94366748195574,35.94289253631499,,,,,,,,,,,,,,,,,,,,,,,,,,,,,,,,,,,,,,,,,,,,,,,,,,,,,,,,,,37.15196759259259,37.12817893903405,37.416817745803364,37.294719554360356,37.294719554360356,37.294719554360356,37.284011562849685,37.253869047619055,37.253869047619055,37.253869047619055,37.253869047619055,37.253869047619055,37.253869047619055,37.253869047619055,36.64646106986484,35.98034112436298,35.974250377193684,,,,,,,37.15196759259259,,,,,37.26321061576543,36.565032025149634,37.07313355341857,#000000,0.39302210927448933,37.27915735462698,-0.010577915412080682,40.6163870400354,-0.8861064895678936,False,True,False,True,False,7.639613940501871,37.3286,,0.0,0.0,0.0,0.0,0,0.9480111653872996,0.9668527564549895,False,False,False,False,0.216721265911168,0.20731367622071067,False,False,False,False,-496.0,-1391.695770844026,False,False,False,False,85.7309280923132,False,False,False,False
2025-02-04 15:00:00+00:00,37.37,37.37,37.37,37.37,0.0,,,,,,,,,,,,,,,,,,,,,,,,,,,,,,,,,,,,,,,,,,,37.405539906103286,37.2556020620507,37.240213127615064,37.240213127615064,37.240213127615064,37.240213127615064,37.240213127615064,37.202141991761565,35.99262991954773,35.94366748195574,35.94366748195574,35.94366748195574,35.94366748195574,35.94366748195574,35.94366748195574,35.94366748195574,35.94289253631499,,,,,,,,,,,,,,,,,,,,,,,,,,,,,,,,,,,,,,,,,,,,,,,,,,,,,,,,,,37.15196759259259,37.12817893903405,37.416817745803364,37.294719554360356,37.294719554360356,37.294719554360356,37.284011562849685,37.253869047619055,37.253869047619055,37.253869047619055,37.253869047619055,37.253869047619055,37.253869047619055,37.253869047619055,36.64646106986484,35.98034112436298,35.974250377193684,,,,,,,37.15196759259259,,,,,37.26321061576543,36.565032025149634,37.07313355341857,#000000,0.3847982740500579,37.27915735462698,0.23607861962810722,43.47218382551647,-0.8861064895678936,False,True,False,True,True,9.037560534752664,37.3322,,0.0,0.0,0.0,0.0,0,0.9611785095320622,0.9611785095320622,False,False,False,False,0.24070652920543079,0.22401010271307073,False,False,False,False,-496.0,-1377.8090147069092,False,False,False,False,84.40176641646339,False,False,False,False
2025-02-04 16:00:00+00:00,37.37,37.37,37.37,37.37,0.0,,,,,,,,,,,,,,,,,,,,,,,,,,,,,,,,,,,,,,,,,,,37.405539906103286,37.2556020620507,37.240213127615064,37.240213127615064,37.240213127615064,37.240213127615064,37.240213127615064,37.202141991761565,35.99262991954773,35.94366748195574,35.94366748195574,35.94366748195574,35.94366748195574,35.94366748195574,35.94366748195574,35.94366748195574,35.94289253631499,,,,,,,,,,,,,,,,,,,,,,,,,,,,,,,,,,,,,,,,,,,,,,,,,,,,,,,,,,37.15196759259259,37.12817893903405,37.416817745803364,37.294719554360356,37.294719554360356,37.294719554360356,37.284011562849685,37.253869047619055,37.253869047619055,37.253869047619055,37.253869047619055,37.253869047619055,37.253869047619055,37.253869047619055,36.64646106986484,35.98034112436298,35.974250377193684,,,,,,,37.15196759259259,,,,,37.26321061576543,36.565032025149634,37.07313355341857,#000000,0.37622772000145127,37.27915735462698,0.24145654491557764,45.37604834917051,-0.8861064895678936,False,True,False,True,True,9.037560534752664,37.336600000000004,,0.0,0.0,0.0,0.0,0,0.9605494892567804,0.9767523775977454,False,False,False,False,0.24070652920543079,0.23235831595925077,False,False,False,False,-496.0,-1364.137557114554,False,False,False,False,83.09321189837868,False,False,False,False
2025-02-04 17:00:00+00:00,37.37,37.37,37.37,37.37,0.0,,,,,,,,,,,,,,,,,,,,,,,,,,,,,,,,,,,,,,,,,,,37.405539906103286,37.2556020620507,37.240213127615064,37.240213127615064,37.240213127615064,37.240213127615064,37.240213127615064,37.202141991761565,35.99262991954773,35.94366748195574,35.94366748195574,35.94366748195574,35.94366748195574,35.94366748195574,35.94366748195574,35.94366748195574,35.94289253631499,,,,,,,,,,,,,,,,,,,,,,,,,,,,,,,,,,,,,,,,,,,,,,,,,,,,,,,,,,37.15196759259259,37.12817893903405,37.416817745803364,37.294719554360356,37.294719554360356,37.294719554360356,37.284011562849685,37.253869047619055,37.253869047619055,37.253869047619055,37.253869047619055,37.253869047619055,37.253869047619055,37.253869047619055,36.64646106986484,35.98034112436298,35.974250377193684,,,,,,,37.15196759259259,,,,,37.26321061576543,36.565032025149634,37.07313355341857,#000000,0.36660761604791925,37.27915735462698,0.2477925754852342,46.64529136493987,-0.8861064895678936,False,True,False,True,True,9.037560534752664,37.3412,,0.0,0.0,0.0,0.0,0,0.9488388969521047,0.9822206095790998,False,False,False,False,0.24070652920543079,0.23653242258234078,False,False,False,False,-496.0,-1350.6780601050261,False,False,False,False,81.80494504724103,False,False,False,False
2025-02-04 18:00:00+00:00,37.37,37.37,37.37,37.37,0.0,,,,,,,,,,,,,,,,,,,,,,,,,,,,,,,,,,,,,,,,,,,37.405539906103286,37.2556020620507,37.240213127615064,37.240213127615064,37.240213127615064,37.240213127615064,37.240213127615064,37.202141991761565,35.99262991954773,35.94366748195574,35.94366748195574,35.94366748195574,35.94366748195574,35.94366748195574,35.94366748195574,35.94366748195574,35.94289253631499,,,,,,,,,,,,,,,,,,,,,,,,,,,,,,,,,,,,,,,,,,,,,,,,,,,,,,,,,,37.15196759259259,37.12817893903405,37.416817745803364,37.294719554360356,37.294719554360356,37.294719554360356,37.284011562849685,37.253869047619055,37.253869047619055,37.253869047619055,37.253869047619055,37.253869047619055,37.253869047619055,37.253869047619055,36.64646106986484,35.98034112436298,35.974250377193684,,,,,,,37.15196759259259,,,,,37.26321061576543,36.565032025149634,37.07313355341857,#000000,0.36557464329465605,37.27915735462698,0.24849274160351403,47.49145337545278,-0.8861064895678936,False,True,False,True,True,9.037560534752664,37.345800000000004,,0.0,0.0,0.0,0.0,0,0.9488388969521047,0.9822206095790998,False,False,False,False,0.24070652920543079,0.23861947589388577,False,False,False,False,-496.0,-1337.427237467739,False,False,False,False,80.53665132557838,False,False,False,False
2025-02-04 19:00:00+00:00,37.37,37.37,37.37,37.37,0.0,,,,,,,,,,,,,,,,,,,,,,,,,,,,,,,,,,,,,,,,,,,37.405539906103286,37.2556020620507,37.240213127615064,37.240213127615064,37.240213127615064,37.240213127615064,37.240213127615064,37.202141991761565,35.99262991954773,35.94366748195574,35.94366748195574,35.94366748195574,35.94366748195574,35.94366748195574,35.94366748195574,35.94366748195574,35.94289253631499,,,,,,,,,,,,,,,,,,,,,,,,,,,,,,,,,,,,,,,,,,,,,,,,,,,,,,,,,,37.15196759259259,37.12817893903405,37.416817745803364,37.294719554360356,37.294719554360356,37.294719554360356,37.284011562849685,37.253869047619055,37.253869047619055,37.253869047619055,37.253869047619055,37.253869047619055,37.253869047619055,37.253869047619055,36.64646106986484,35.98034112436298,35.974250377193684,,,,,,,37.15196759259259,,,,,37.26321061576543,36.565032025149634,37.07313355341857,#000000,0.3644176151044213,37.27915735462698,0.2492817076007302,48.055561382461384,-0.8861064895678936,False,True,False,False,True,9.037560534752664,37.3479,,0.0,0.0,0.0,0.0,0,0.9581791265729092,0.9914877868245743,False,False,False,False,0.24070652920543079,0.23966300254965828,False,False,False,False,-496.0,-1324.3818539411072,False,False,False,False,79.28802107246864,False,False,False,False
2025-02-04 20:00:00+00:00,37.37,37.43,37.37,37.43,100.0,,,,,,,,,,,,,,,,,,,,,,,,,,,,,,,,,,,,,,,,,,,37.406143437077134,37.259862490802064,37.24454001019368,37.24454001019368,37.24454001019368,37.24454001019368,37.24454001019368,37.20705938017506,36.00409360509005,35.954140537580656,35.954140537580656,35.954140537580656,35.954140537580656,35.954140537580656,35.954140537580656,35.954140537580656,35.95333309611919,,,,,,,,,,,,,,,,,,,,,,,,,,,,,,,,,,,,,,,,,,,,,,,,,,,,,,,,,,37.21847079037801,37.18227127319258,37.41596016771489,37.29898446170922,37.29898446170922,37.29898446170922,37.28854189140598,37.257951970013956,37.257951970013956,37.257951970013956,37.257951970013956,37.257951970013956,37.257951970013956,37.257951970013956,36.65720908408409,35.99169393049049,35.98556172693611,,,,,,,37.21847079037801,,,,,37.272601363328526,36.57248093078214,37.08484270820162,#000000,0.3635907014740545,37.289525764949424,0.3863526610583571,49.84793553180806,-7.634332062225404,False,True,False,False,True,9.980378215638801,37.3545,,0.0,0.0,0.0,0.0,0,0.9694371971673502,0.9668281774133427,False,False,False,False,0.24570223334038008,0.24268261794501916,False,False,False,False,-396.0,-1309.9883368257413,False,False,False,False,79.60913702483347,False,False,False,False
2025-02-05 15:00:00+00:00,37.43,37.43,37.43,37.43,0.0,,,,,,,,,,,,,,,,,,,,,,,,,,,,,,,,,,,,,,,,,,,37.406143437077134,37.259862490802064,37.24454001019368,37.24454001019368,37.24454001019368,37.24454001019368,37.24454001019368,37.20705938017506,36.00409360509005,35.954140537580656,35.954140537580656,35.954140537580656,35.954140537580656,35.954140537580656,35.954140537580656,35.954140537580656,35.95333309611919,,,,,,,,,,,,,,,,,,,,,,,,,,,,,,,,,,,,,,,,,,,,,,,,,,,,,,,,,,37.21847079037801,37.18227127319258,37.41596016771489,37.29898446170922,37.29898446170922,37.29898446170922,37.28854189140598,37.257951970013956,37.257951970013956,37.257951970013956,37.257951970013956,37.257951970013956,37.257951970013956,37.257951970013956,36.65720908408409,35.99169393049049,35.98556172693611,,,,,,,37.21847079037801,,,,,37.272601363328526,36.57248093078214,37.08484270820162,#000000,0.3626088777159156,37.289525764949424,0.3873987750532396,51.042851631372514,-5.888562369812412,False,True,False,False,True,9.980378215638801,37.3615,,0.0,0.0,0.0,0.0,0,0.9782852864095845,0.9550730063646568,False,False,False,False,0.2507099896183266,0.24669630378167287,False,False,False,False,-396.0,-1295.8179750144893,False,False,False,False,78.37488683840195,False,False,False,False
2025-02-05 16:00:00+00:00,37.43,37.43,37.43,37.43,0.0,,,,,,,,,,,,,,,,,,,,,,,,,,,,,,,,,,,,,,,,,,,37.406143437077134,37.259862490802064,37.24454001019368,37.24454001019368,37.24454001019368,37.24454001019368,37.24454001019368,37.20705938017506,36.00409360509005,35.954140537580656,35.954140537580656,35.954140537580656,35.954140537580656,35.954140537580656,35.954140537580656,35.954140537580656,35.95333309611919,,,,,,,,,,,,,,,,,,,,,,,,,,,,,,,,,,,,,,,,,,,,,,,,,,,,,,,,,,37.21847079037801,37.18227127319258,37.41596016771489,37.29898446170922,37.29898446170922,37.29898446170922,37.28854189140598,37.257951970013956,37.257951970013956,37.257951970013956,37.257951970013956,37.257951970013956,37.257951970013956,37.257951970013956,36.65720908408409,35.99169393049049,35.98556172693611,,,,,,,37.21847079037801,,,,,37.272601363328526,36.57248093078214,37.08484270820162,#000000,0.3614708815359775,37.289525764949424,0.388618398399524,51.83946236441548,-4.541809850603272,False,True,True,False,True,9.980378215638801,37.3731,,0.0,0.0,0.0,0.0,0,1.0065611732921653,0.9509841759938245,False,False,False,False,0.2507099896183266,0.2487031466999997,False,False,False,False,-396.0,-1281.867308735195,False,False,False,False,77.15977231377556,False,False,False,False
2025-02-05 17:00:00+00:00,37.43,37.78,37.43,37.78,100.0,,,,,,,,,,,,,,,,,,,,,,,,,,,,,,,,,,,,,,,,,,,37.43679777512912,37.27069683136413,37.2549473989397,37.2549473989397,37.2549473989397,37.2549473989397,37.2549473989397,37.21760419074031,36.01740586221652,35.96626161265159,35.96626161265159,35.96626161265159,35.96626161265159,35.96626161265159,35.96626161265159,35.96626161265159,35.96541619559074,,,,,,,,,,,,,,,,,,,,,,,,,,,,,,,,,,,,,,,,,,,,,,,,,,,,,,,,,,37.30963114754098,37.25973698336018,37.44359962756053,37.311982994410755,37.311982994410755,37.311982994410755,37.30155096609974,37.268282789670415,37.268282789670415,37.268282789670415,37.268282789670415,37.268282789670415,37.268282789670415,37.268282789670415,36.671175272996486,36.00486370440401,35.998676489747,,,,,,,37.30963114754098,,,,,37.29278657188694,36.58508759637061,37.1060683942726,"rgba(38, 166, 154, 1.0)",0.36152949613659,37.31259160860478,1.2928637812131163,58.73229204510452,2.2690784937639563,False,False,True,False,True,15.271538355600825,37.39169999999999,,0.0,0.0,0.0,0.0,0,1.0019054878048785,0.9131097560975604,False,False,False,False,0.2801777530420696,0.26444044987103466,False,False,False,False,-296.0,-1266.5825442586804,False,False,False,False,77.51388437092633,False,False,False,False
2025-02-05 18:00:00+00:00,37.78,37.78,37.78,37.78,0.0,,,,,,,,,,,,,,,,,,,,,,,,,,,,,,,,,,,,,,,,,,,37.43679777512912,37.27069683136413,37.2549473989397,37.2549473989397,37.2549473989397,37.2549473989397,37.2549473989397,37.21760419074031,36.01740586221652,35.96626161265159,35.96626161265159,35.96626161265159,35.96626161265159,35.96626161265159,35.96626161265159,35.96626161265159,35.96541619559074,,,,,,,,,,,,,,,,,,,,,,,,,,,,,,,,,,,,,,,,,,,,,,,,,,,,,,,,,,37.30963114754098,37.25973698336018,37.44359962756053,37.311982994410755,37.311982994410755,37.311982994410755,37.30155096609974,37.268282789670415,37.268282789670415,37.268282789670415,37.268282789670415,37.268282789670415,37.268282789670415,37.268282789670415,36.671175272996486,36.00486370440401,35.998676489747,,,,,,,37.30963114754098,,,,,37.29278657188694,36.58508759637061,37.1060683942726,"rgba(38, 166, 154, 1.0)",0.3609624896289373,37.31259160860478,1.2948946353836146,63.32751183223055,6.610862388985048,True,False,True,False,True,15.271538355600814,37.4103,,0.0,0.0,0.0,0.0,0,1.0285823170731712,0.8990091463414627,False,False,False,False,0.3101276570592933,0.28728405346516395,False,False,False,False,-296.0,-1251.534752874825,False,False,False,False,76.31211872176468,False,False,False,False
2025-02-05 19:00:00+00:00,37.78,37.78,37.78,37.78,0.0,,,,,,,,,,,,,,,,,,,,,,,,,,,,,,,,,,,,,,,,,,,37.43679777512912,37.27069683136413,37.2549473989397,37.2549473989397,37.2549473989397,37.2549473989397,37.2549473989397,37.21760419074031,36.01740586221652,35.96626161265159,35.96626161265159,35.96626161265159,35.96626161265159,35.96626161265159,35.96626161265159,35.96626161265159,35.96541619559074,,,,,,,,,,,,,,,,,,,,,,,,,,,,,,,,,,,,,,,,,,,,,,,,,,,,,,,,,,37.30963114754098,37.25973698336018,37.44359962756053,37.311982994410755,37.311982994410755,37.311982994410755,37.30155096609974,37.268282789670415,37.268282789670415,37.268282789670415,37.268282789670415,37.268282789670415,37.268282789670415,37.268282789670415,36.671175272996486,36.00486370440401,35.998676489747,,,,,,,37.30963114754098,,,,,37.29278657188694,36.58508759637061,37.1060683942726,"rgba(38, 166, 154, 1.0)",0.3597669040162376,37.31259160860478,1.2991978588840085,66.39099169031456,9.474461268171325,True,False,True,False,True,15.271538355600814,37.4239,,0.0,0.0,0.0,0.0,0,1.0285823170731712,0.8990091463414627,False,False,False,False,0.3101276570592933,0.2987058552622286,False,False,False,False,-296.0,-1236.7202605821922,False,False,False,False,75.12898509817143,False,False,False,False
2025-02-05 20:00:00+00:00,37.78,37.985,37.78,37.98,69.0,,,,,,,,,,,,,,,,,,,,,,,,,,,,,,,,,,,,,,,,,,,37.47313693098384,37.282417611389405,37.266074598908716,37.266074598908716,37.266074598908716,37.266074598908716,37.266074598908716,37.22855057628147,36.02785300140962,35.975750882145384,35.975750882145384,35.975750882145384,35.975750882145384,35.975750882145384,35.975750882145384,35.975750882145384,35.9748755361789,,,,,,,,,,,,,,,,,,,,,,,,,,,,,,,,,,,,,,,,,,,,,,,,,,,,,,,,,,37.38462298025135,37.325263285024164,37.4773409405256,37.32647051996286,37.32647051996286,37.32647051996286,37.31589943502825,37.27945821854914,37.27945821854914,37.27945821854914,37.27945821854914,37.27945821854914,37.27945821854914,37.27945821854914,36.68297561758101,36.01519119260305,36.00895687555072,,,,,,,37.38462298025135,,,,,37.31292993342851,36.5969095779885,37.12622761272334,"rgba(0, 255, 255, 0.75)",0.36249675984911434,37.335678603872935,1.777454221646709,70.72410653518888,13.523002018949384,True,False,True,False,True,18.08361713642552,37.4415,,0.0,0.0,0.0,0.0,0,1.0281425891181994,0.885178236397748,False,False,False,False,0.32792024424333904,0.31331304975278385,False,False,False,False,-227.0,-1221.0656828987474,False,False,False,False,75.03396207339357,False,False,False,False
2025-02-06 15:00:00+00:00,37.98,38.3,37.98,38.3,3.0,,,,,,,,,,,,,,,,,,,,,,,,,,,,,,,,,,,,,,,,,,,37.475508598609586,37.28313751317176,37.26675374348959,37.26675374348959,37.26675374348959,37.26675374348959,37.26675374348959,37.229208532242176,36.02837122420762,35.97622027799338,35.97622027799338,35.97622027799338,35.97622027799338,35.97622027799338,35.97622027799338,35.97622027799338,35.975343433633306,,,,,,,,,,,,,,,,,,,,,,,,,,,,,,,,,,,,,,,,,,,,,,,,,,,,,,,,,,37.38895535714286,37.32902116402117,37.479562219924176,37.32737507246377,37.32737507246377,37.32737507246377,37.31679083417993,37.280144310977654,37.280144310977654,37.280144310977654,37.280144310977654,37.280144310977654,37.280144310977654,37.280144310977654,36.683598359904714,36.01570309439875,36.0094662521052,,,,,,,37.38895535714286,,,,,37.31415630276215,36.59758117442741,37.12742545152422,"rgba(0, 255, 0, 1.0)",0.3742603155345114,37.33709118638404,2.5728317260694498,75.7452846877091,18.14797911664556,True,False,True,False,True,20.0,37.4655,,0.0,0.0,0.0,0.0,0,1.0490593876798229,0.8638878642567315,False,False,False,False,0.34282823748607744,0.3280706436194306,False,False,False,False,-224.0,-1205.6073002181465,False,False,False,False,73.91715645985258,False,False,False,False
2025-02-06 16:00:00+00:00,38.3,38.55,38.3,38.53,200.0,,,,,,,,,,,,,,,,,,,,,,,,,,,,,,,,,,,,,,,,,,,37.65273477347735,37.34203953953954,37.32230524518933,37.32230524518933,37.32230524518933,37.32230524518933,37.32230524518933,37.28273284047257,36.06655634945562,36.01078202184653,36.01078202184653,36.01078202184653,36.01078202184653,36.01078202184653,36.01078202184653,36.01078202184653,36.00979513311149,,,,,,,,,,,,,,,,,,,,,,,,,,,,,,,,,,,,,,,,,,,,,,,,,,,,,,,,,,37.67080921052632,37.582319895483394,37.647589260211376,37.40104173441735,37.40104173441735,37.40104173441735,37.38930648060049,37.33638147442009,37.33638147442009,37.33638147442009,37.33638147442009,37.33638147442009,37.33638147442009,37.33638147442009,36.73112114321384,36.05340917855766,36.04697920653145,,,,,,,37.67080921052632,,,,,37.40659078323942,36.64946229499582,37.21643117054807,"rgba(0, 255, 0, 1.0)",0.39317001113750905,37.44261165206319,2.765695035566944,80.04322683228946,22.066450594523033,True,False,True,False,True,20.0,37.4973,,0.0,0.0,0.0,0.0,0,1.0744642208499817,0.8412640755539411,False,False,False,False,0.34282823852145405,0.33544944107044233,False,False,False,False,-24.0,-1187.2878071915084,False,False,False,False,75.87192922791688,False,True,False,False
2025-02-06 17:00:00+00:00,38.53,38.54,38.51,38.51,29.0,,,,,,,,,,,,,,,,,,,,,,,,,,,,,,,,,,,,,,,,,,,37.67479678362573,37.35052670807453,37.33033603082852,37.33033603082852,37.33033603082852,37.33033603082852,37.33033603082852,37.29048581100547,36.07213017365192,36.01583460630469,36.01583460630469,36.01583460630469,36.01583460630469,36.01583460630469,36.01583460630469,36.01583460630469,36.014831868816174,,,,,,,,,,,,,,,,,,,,,,,,,,,,,,,,,,,,,,,,,,,,,,,,,,,,,,,,,,37.70202154626109,37.61181308749097,37.66874303233,37.41149591924399,37.41149591924399,37.41149591924399,37.39961135554159,37.34450571992111,37.34450571992111,37.34450571992111,37.34450571992111,37.34450571992111,37.34450571992111,37.34450571992111,36.738033533200095,36.058914114206566,36.052456341326824,,,,,,,37.70202154626109,,,,,37.41874422169089,36.656781984908775,37.22809534161981,"rgba(0, 255, 0, 1.0)",0.4089001397952053,37.456279171658565,2.5769637273031543,82.33977333175388,24.20955226686182,True,False,True,False,True,20.0,37.5258,,0.0,0.0,0.0,0.0,0,1.0924055368499812,0.8597081930415259,False,False,False,False,0.3428282388553603,0.3391388399629013,False,False,False,False,-53.0,-1169.701949715671,False,False,False,False,75.14523265073987,False,False,False,False
2025-02-06 18:00:00+00:00,38.51,38.645,38.51,38.52,11.0,,,,,,,,,,,,,,,,,,,,,,,,,,,,,,,,,,,,,,,,,,38.55833333333334,37.6832406602954,37.35381854971919,37.33345133763838,37.33345133763838,37.33345133763838,37.33345133763838,37.33345133763838,37.29349213192498,36.07427076810687,36.01777504105092,36.01777504105092,36.01777504105092,36.01777504105092,36.01777504105092,36.01777504105092,36.01777504105092,36.0167662241888,,,,,,,,,,,,,,,,,,,,,,,,,,,,,,,,,,,,,,,,,,,,,,,,,,,,,,,,,,37.713795833333336,37.62297249017507,37.67685031759184,37.415545746388446,37.415545746388446,37.415545746388446,37.40360319448794,37.34765777463016,37.34765777463016,37.34765777463016,37.34765777463016,37.34765777463016,37.34765777463016,37.34765777463016,36.74069762284904,36.061028194284255,36.05455971003434,,,,,,,37.713795833333336,,,,,37.48466050267139,36.76508909128427,37.232573472019546,"rgba(0, 255, 0, 1.0)",0.4229564861654284,37.537193267181976,2.323659206005479,83.91746171628607,25.856475966176077,True,False,True,False,True,20.0,37.5522,,0.0,0.0,0.0,0.0,0,1.0919583023082648,0.8384214445271775,False,False,False,False,0.3428282390251062,0.34098353949400373,False,False,False,False,-42.0,-1152.2181985572886,False,False,False,False,74.15073291972065,False,False,False,False
2025-02-06 19:00:00+00:00,38.52,38.52,38.14,38.14,52.0,,,,,,,,,,,,,,,,,,,,,,,,,,,,,,,,,,,,,,,,,,38.31759259259259,37.708459407037964,37.365430120678404,37.34451040717107,37.34451040717107,37.34451040717107,37.34451040717107,37.34451040717107,37.30427982661834,36.08315793576552,36.02585954603066,36.02585954603066,36.02585954603066,36.02585954603066,36.02585954603066,36.02585954603066,36.02585954603066,36.02482593919354,,,,,,,,,,,,,,,,,,,,,,,,,,,,,,,,,,,,,,,,,,,,,,,,,,,,,,,,,,37.74753912363067,37.65695431472083,37.701211278792705,37.42952057678139,37.42952057678139,37.42952057678139,37.41743348741654,37.35880247201493,37.35880247201493,37.35880247201493,37.35880247201493,37.35880247201493,37.35880247201493,37.35880247201493,36.75118261099366,36.06981223354013,36.063302551240156,,,,,,,37.74753912363067,,,,,37.487416529041596,36.7615174822198,37.24750674322255,"rgba(38, 166, 154, 1.0)",0.42391688162037355,37.53838651082518,1.4191779456275138,75.85286744728401,34.35356259282929,True,False,True,False,False,16.511992469282035,37.571000000000005,,0.0,0.0,0.0,0.0,0,1.0680990531682448,0.846686088856518,False,False,False,False,0.30519237755047357,0.32308795852223865,False,False,False,False,-94.0,-1135.8117148587257,False,False,False,False,73.80731070391103,False,False,False,False
2025-02-06 20:00:00+00:00,38.14,38.14,38.14,38.14,0.0,,,,,,,,,,,,,,,,,,,,,,,,,,,,,,,,,,,,,,,,,,38.31759259259259,37.708459407037964,37.365430120678404,37.34451040717107,37.34451040717107,37.34451040717107,37.34451040717107,37.34451040717107,37.30427982661834,36.08315793576552,36.02585954603066,36.02585954603066,36.02585954603066,36.02585954603066,36.02585954603066,36.02585954603066,36.02585954603066,36.02482593919354,,,,,,,,,,,,,,,,,,,,,,,,,,,,,,,,,,,,,,,,,,,,,,,,,,,,,,,,,,37.74753912363067,37.65695431472083,37.701211278792705,37.42952057678139,37.42952057678139,37.42952057678139,37.41743348741654,37.35880247201493,37.35880247201493,37.35880247201493,37.35880247201493,37.35880247201493,37.35880247201493,37.35880247201493,36.75118261099366,36.06981223354013,36.063302551240156,,,,,,,37.74753912363067,,,,,37.487416529041596,36.7615174822198,37.24750674322255,"rgba(38, 166, 154, 1.0)",0.423945188111322,37.53838651082518,1.4190831882183046,70.47647126794931,29.456192238684835,True,False,True,False,False,16.511992469282035,37.5898,,0.0,0.0,0.0,0.0,0,1.0768947755702722,0.8693892568064746,False,False,False,False,0.2768638092072172,0.29997588386472795,False,False,False,False,-94.0,-1119.6595952485127,False,False,False,False,72.66301131315272,False,False,False,False
2025-02-07 15:00:00+00:00,38.58,38.58,38.22,38.22,21.0,,,,,,,,,,,,,,,,,,,,,,,,,,,,,,,,,,,,,,,,,,38.32319444444444,37.71929466230937,37.370410886671536,37.349251908974075,37.349251908974075,37.349251908974075,37.349251908974075,37.349251908974075,37.30889572722128,36.08684644719434,36.02921429886328,36.02921429886328,36.02921429886328,36.02921429886328,36.02921429886328,36.02921429886328,36.02921429886328,36.028170415720815,,,,,,,,,,,,,,,,,,,,,,,,,,,,,,,,,,,,,,,,,,,,,,,,,,,,,,,,,,37.761790759831996,37.671212723658066,37.71169140625001,37.43551808866583,37.43551808866583,37.43551808866583,37.423365482751585,37.363584358319805,37.363584358319805,37.363584358319805,37.363584358319805,37.363584358319805,37.363584358319805,37.363584358319805,36.75557912768481,36.0734575878065,36.066930616684374,,,,,,,37.761790759831996,,,,,37.49401804335377,36.76597623447085,37.25386308699432,"rgba(0, 255, 255, 0.75)",0.4249550797673138,37.54567562912927,1.5868132962193506,67.92901017859711,27.110864947560202,True,False,True,False,False,17.517810723397403,37.6102,,0.0,0.0,0.0,0.0,0,1.0798710601719197,0.8370343839541545,False,False,False,False,0.3157479263203181,0.30786190509252304,False,False,False,False,-73.0,-1103.432314702024,False,False,False,False,71.86203439356895,False,False,False,False
2025-02-07 16:00:00+00:00,38.22,38.22,38.22,38.22,0.0,,,,,,,,,,,,,,,,,,,,,,,,,,,,,,,,,,,,,,,,,,38.32319444444444,37.71929466230937,37.370410886671536,37.349251908974075,37.349251908974075,37.349251908974075,37.349251908974075,37.349251908974075,37.30889572722128,36.08684644719434,36.02921429886328,36.02921429886328,36.02921429886328,36.02921429886328,36.02921429886328,36.02921429886328,36.02921429886328,36.028170415720815,,,,,,,,,,,,,,,,,,,,,,,,,,,,,,,,,,,,,,,,,,,,,,,,,,,,,,,,,,37.761790759831996,37.671212723658066,37.71169140625001,37.43551808866583,37.43551808866583,37.43551808866583,37.423365482751585,37.363584358319805,37.363584358319805,37.363584358319805,37.363584358319805,37.363584358319805,37.363584358319805,37.363584358319805,36.75557912768481,36.0734575878065,36.066930616684374,,,,,,,37.761790759831996,,,,,37.49401804335377,36.76597623447085,37.25386308699432,"rgba(0, 255, 255, 0.75)",0.4249319288361029,37.54567562912927,1.5868997481966494,66.23070278569563,25.344479734055966,False,False,True,False,False,17.517810723397403,37.6336,,0.0,0.0,0.0,0.0,0,1.0948401162790702,0.8564680232558135,False,False,False,False,0.2887364377073035,0.29829917139991324,False,False,False,False,-73.0,-1087.4566199004423,False,False,False,False,70.7478943254516,False,False,False,False
2025-02-07 17:00:00+00:00,38.22,38.22,38.22,38.22,0.0,,,,,,,,,,,,,,,,,,,,,,,,,,,,,,,,,,,,,,,,,,38.32319444444444,37.71929466230937,37.370410886671536,37.349251908974075,37.349251908974075,37.349251908974075,37.349251908974075,37.349251908974075,37.30889572722128,36.08684644719434,36.02921429886328,36.02921429886328,36.02921429886328,36.02921429886328,36.02921429886328,36.02921429886328,36.02921429886328,36.028170415720815,,,,,,,,,,,,,,,,,,,,,,,,,,,,,,,,,,,,,,,,,,,,,,,,,,,,,,,,,,37.761790759831996,37.671212723658066,37.71169140625001,37.43551808866583,37.43551808866583,37.43551808866583,37.423365482751585,37.363584358319805,37.363584358319805,37.363584358319805,37.363584358319805,37.363584358319805,37.363584358319805,37.363584358319805,36.75557912768481,36.0734575878065,36.066930616684374,,,,,,,37.761790759831996,,,,,37.49401804335377,36.76597623447085,37.25386308699432,"rgba(0, 255, 255, 0.75)",0.42387556605178917,37.54567562912927,1.5908545452425047,65.09849785709466,23.917374415194928,False,False,True,False,False,17.517810723397403,37.6504,,0.0,0.0,0.0,0.0,0,1.0948401162790702,0.8419331395348831,False,False,False,False,0.2887364377073035,0.2935178045536084,False,False,False,False,-73.0,-1071.7286102895828,False,False,False,False,69.65102774676242,False,False,False,False
2025-02-07 18:00:00+00:00,38.22,38.37,38.22,38.37,11.0,,,,,,,,,,,,,,,,,,,,,,,,,,,,,,,,,,,,,,,,,,38.32282456140351,37.72464507422402,37.372946197411004,37.35166779788839,37.35166779788839,37.35166779788839,37.35166779788839,37.35166779788839,37.31125061754534,36.08875660964231,36.030952495918704,36.030952495918704,36.030952495918704,36.030952495918704,36.030952495918704,36.030952495918704,36.030952495918704,36.02990330858768,,,,,,,,,,,,,,,,,,,,,,,,,,,,,,,,,,,,,,,,,,,,,,,,,,,,,,,,,,37.76873680241327,37.67823008849558,37.71687451587918,37.438559445660104,37.438559445660104,37.438559445660104,37.426375241582754,37.366019675925926,37.366019675925926,37.366019675925926,37.366019675925926,37.366019675925926,37.366019675925926,37.366019675925926,36.757843421052634,36.07534558280491,36.06880974044027,,,,,,,37.76873680241327,,,,,37.49717259717681,36.7680740460937,37.257060674184146,"rgba(0, 255, 255, 0.75)",0.4348410188930465,37.54912353270643,1.8877622662720064,66.4612821890935,23.917374415194928,False,False,True,False,False,19.421866596141353,37.6698,,0.0,0.0,0.0,0.0,0,1.0938173975557157,0.832854061826024,False,False,False,False,0.2999393735296697,0.296728589041639,False,False,False,False,-62.0,-1056.07390315331,False,False,False,False,68.7417094871227,False,False,False,False
2025-02-07 19:00:00+00:00,38.37,38.37,38.37,38.37,0.0,,,,,,,,,,,,,,,,,,,,,,,,,,,,,,,,,,,,,,,,,,38.32282456140351,37.72464507422402,37.372946197411004,37.35166779788839,37.35166779788839,37.35166779788839,37.35166779788839,37.35166779788839,37.31125061754534,36.08875660964231,36.030952495918704,36.030952495918704,36.030952495918704,36.030952495918704,36.030952495918704,36.030952495918704,36.030952495918704,36.02990330858768,,,,,,,,,,,,,,,,,,,,,,,,,,,,,,,,,,,,,,,,,,,,,,,,,,,,,,,,,,37.76873680241327,37.67823008849558,37.71687451587918,37.438559445660104,37.438559445660104,37.438559445660104,37.426375241582754,37.366019675925926,37.366019675925926,37.366019675925926,37.366019675925926,37.366019675925926,37.366019675925926,37.366019675925926,36.757843421052634,36.07534558280491,36.06880974044027,,,,,,,37.76873680241327,,,,,37.49717259717681,36.7680740460937,37.257060674184146,"rgba(0, 255, 255, 0.75)",0.44495394032331265,37.54912353270643,1.8448571703783545,67.36980507709274,23.917374415194928,True,False,True,False,False,19.421866596141342,37.6892,,0.0,0.0,0.0,0.0,0,1.1046010064701657,0.832854061826024,False,False,False,False,0.3112159016057329,0.30397224532368594,False,False,False,False,-62.0,-1040.6619046548092,False,False,False,False,67.67594654933785,False,False,False,False
2025-02-07 20:00:00+00:00,38.37,38.48,38.37,38.48,18.0,,,,,,,,,,,,,,,,,,,,,,,,,,,,,,,,,,,,,,,,,,38.34202064896755,37.73496940675712,37.377602303850495,37.356095463421966,37.356095463421966,37.356095463421966,37.356095463421966,37.356095463421966,37.31554875905224,36.09204767821091,36.03394408083593,36.03394408083593,36.03394408083593,36.03394408083593,36.03394408083593,36.03394408083593,36.03394408083593,36.0328857155934,,,,,,,,,,,,,,,,,,,,,,,,,,,,,,,,,,,,,,,,,,,,,,,,,,,,,,,,,,37.78219881744272,37.69153623188407,37.72686401833462,37.44418143197596,37.44418143197596,37.44418143197596,37.431930703085484,37.370489857077,37.370489857077,37.370489857077,37.370489857077,37.370489857077,37.370489857077,37.370489857077,36.76182593856656,36.07859756872918,36.07204601095379,,,,,,,37.78219881744272,,,,,37.504069090802744,36.77295335529961,37.262998387321375,"rgba(0, 255, 0, 1.0)",0.45722176100769096,37.55685273695907,2.0190361478122996,69.38182283704964,23.917374415194928,True,False,True,False,True,20.0,37.7108,,0.0,0.0,0.0,0.0,0,1.1037803138373754,0.8263195435092721,False,False,False,False,0.3195342214471822,0.31175323338543404,False,False,False,False,-44.0,-1025.2097821020216,False,False,False,False,66.90577683539462,False,False,False,False
2025-02-10 15:00:00+00:00,37.95,37.95,37.95,37.95,0.0,,,,,,,,,,,,,,,,,,,,,,,,,,,,,,,,,,,,,,,,,,38.34202064896755,37.73496940675712,37.377602303850495,37.356095463421966,37.356095463421966,37.356095463421966,37.356095463421966,37.356095463421966,37.31554875905224,36.09204767821091,36.03394408083593,36.03394408083593,36.03394408083593,36.03394408083593,36.03394408083593,36.03394408083593,36.03394408083593,36.0328857155934,,,,,,,,,,,,,,,,,,,,,,,,,,,,,,,,,,,,,,,,,,,,,,,,,,,,,,,,,,37.78219881744272,37.69153623188407,37.72686401833462,37.44418143197596,37.44418143197596,37.44418143197596,37.431930703085484,37.370489857077,37.370489857077,37.370489857077,37.370489857077,37.370489857077,37.370489857077,37.370489857077,36.76182593856656,36.07859756872918,36.07204601095379,,,,,,,37.78219881744272,,,,,37.504069090802744,36.77295335529961,37.262998387321375,"rgba(38, 166, 154, 0.5)",0.45805019591985624,37.55685273695907,0.8583060689482123,60.29936788293414,18.098520314862498,False,False,True,False,False,10.431414978263241,37.7218,,0.0,0.0,0.0,0.0,0,1.0924398625429557,0.8326460481099651,False,False,False,False,0.24896217649857394,0.28035770494200396,False,False,False,False,-44.0,-1009.9972273407499,False,False,False,False,65.86847796972958,False,False,False,False
2025-02-10 16:00:00+00:00,37.95,37.95,37.79,37.79,200.0,,,,,,,,,,,,,,,,,,,,,,,,,,,,,,,,,,,,,,,,,,38.02337060702875,37.749885294792385,37.399074458275706,37.37710615207705,37.37710615207705,37.37710615207705,37.37710615207705,37.37710615207705,37.336912230992375,36.11882984146404,36.05853652735305,36.05853652735305,36.05853652735305,36.05853652735305,36.05853652735305,36.05853652735305,36.05853652735305,36.0574075579033,,,,,,,,,,,,,,,,,,,,,,,,,,,,,,,,,,,,,,,,,,,,,,,,,,,,,,,,,,37.79329401088929,37.716118758434554,37.74230064060085,37.467544142034924,37.467544142034924,37.467544142034924,37.455473056747735,37.39132914646687,37.39132914646687,37.39132914646687,37.39132914646687,37.39132914646687,37.39132914646687,37.39132914646687,36.78949305022598,36.10512098895319,36.09846933194103,,,,,,,37.79329401088929,,,,,37.50763858671867,36.776709246795164,37.28483566406856,"rgba(38, 166, 154, 0.5)",0.457244666108772,37.5560312531605,0.5116926761128001,52.469208470633184,10.94989543468401,False,True,False,False,False,7.676616390892015,37.7296,,0.0,0.0,0.0,0.0,0,1.0805574439157037,0.8344663494221614,False,False,False,False,0.23732912715640628,0.25884341604920513,False,False,False,False,-244.0,-998.1213013354669,False,False,False,False,67.94803645081905,False,False,False,False
2025-02-10 17:00:00+00:00,37.79,37.79,37.79,37.79,0.0,,,,,,,,,,,,,,,,,,,,,,,,,,,,,,,,,,,,,,,,,,38.02337060702875,37.749885294792385,37.399074458275706,37.37710615207705,37.37710615207705,37.37710615207705,37.37710615207705,37.37710615207705,37.336912230992375,36.11882984146404,36.05853652735305,36.05853652735305,36.05853652735305,36.05853652735305,36.05853652735305,36.05853652735305,36.05853652735305,36.0574075579033,,,,,,,,,,,,,,,,,,,,,,,,,,,,,,,,,,,,,,,,,,,,,,,,,,,,,,,,,,37.79329401088929,37.716118758434554,37.74230064060085,37.467544142034924,37.467544142034924,37.467544142034924,37.455473056747735,37.39132914646687,37.39132914646687,37.39132914646687,37.39132914646687,37.39132914646687,37.39132914646687,37.39132914646687,36.78949305022598,36.10512098895319,36.09846933194103,,,,,,,37.79329401088929,,,,,37.50763858671867,36.776709246795164,37.28483566406856,"rgba(38, 166, 154, 0.5)",0.45584788833286943,37.5560312531605,0.5132605696500508,47.24910219576588,6.348754409299779,False,True,False,True,False,7.676616390892015,37.7374,,0.0,0.0,0.0,0.0,0,1.102083333333333,0.8420138888888887,False,False,False,False,0.2257587957118467,0.24230110588052592,False,False,False,False,-244.0,-986.4294982139868,False,False,False,False,66.89457852134898,False,False,False,False
2025-02-10 18:00:00+00:00,37.79,37.79,37.6,37.6,100.0,,,,,,,,,,,,,,,,,,,,,,,,,,,,,,,,,,,,,,,,,,37.936194511702986,37.74431208413823,37.40502891692955,37.38314724919094,37.38314724919094,37.38314724919094,37.38314724919094,37.38314724919094,37.34338755537922,36.13055015935651,36.06936877039038,36.06936877039038,36.06936877039038,36.06936877039038,36.06936877039038,36.06936877039038,36.06936877039038,36.06821023364278,,,,,,,,,,,,,,,,,,,,,,,,,,,,,,,,,,,,,,,,,,,,,,,,,,,,,,,,,,37.78248197448697,37.7121647940075,37.73739279055315,37.47311107951853,37.47311107951853,37.47311107951853,37.46125498377376,37.39719383354895,37.39719383354895,37.39719383354895,37.39719383354895,37.39719383354895,37.39719383354895,37.39719383354895,36.80052917403385,36.1167433678924,36.110054909799864,,,,,,,37.78248197448697,,,,,37.50639809382817,36.779388949990924,37.28943012164387,#000000,0.4533720306750715,37.55263128315177,0.10448089790122425,41.81034224949404,1.4860221287829347,False,True,False,True,False,4.506632338017134,37.7414,,0.0,0.0,0.0,0.0,0,1.1255319148936171,0.8184397163120568,False,False,False,False,0.2120955534369853,0.2271983296587556,False,False,False,False,-344.0,-976.4693509548553,False,False,False,False,67.40784086985519,False,False,False,False
2025-02-10 19:00:00+00:00,37.6,37.6,37.6,37.6,0.0,,,,,,,,,,,,,,,,,,,,,,,,,,,,,,,,,,,,,,,,,,37.936194511702986,37.74431208413823,37.40502891692955,37.38314724919094,37.38314724919094,37.38314724919094,37.38314724919094,37.38314724919094,37.34338755537922,36.13055015935651,36.06936877039038,36.06936877039038,36.06936877039038,36.06936877039038,36.06936877039038,36.06936877039038,36.06936877039038,36.06821023364278,,,,,,,,,,,,,,,,,,,,,,,,,,,,,,,,,,,,,,,,,,,,,,,,,,,,,,,,,,37.78248197448697,37.7121647940075,37.73739279055315,37.47311107951853,37.47311107951853,37.47311107951853,37.46125498377376,37.39719383354895,37.39719383354895,37.39719383354895,37.39719383354895,37.39719383354895,37.39719383354895,37.39719383354895,36.80052917403385,36.1167433678924,36.110054909799864,,,,,,,37.78248197448697,,,,,37.50639809382817,36.779388949990924,37.28943012164387,#000000,0.4507980111392324,37.55263128315177,0.10507747522781918,38.18450228531282,-1.7956033280685233,False,True,False,True,False,4.506632338017134,37.7454,,0.0,0.0,0.0,0.0,0,1.1388589881593112,0.7947613921779689,False,False,False,False,0.19850989623583443,0.212854112947295,False,False,False,False,-344.0,-966.6636245834621,False,False,False,False,66.36275806567139,False,False,False,False
2025-02-10 20:00:00+00:00,37.6,37.79,37.6,37.625,199.0,,,,,,,,,,,,,,,,,,,,,,,,,,,,,,,,,,,,,,,,,,37.85017973856209,37.73606069254186,37.416471856803966,37.39477685504018,37.39477685504018,37.39477685504018,37.39477685504018,37.39477685504018,37.35585464376591,36.15347624031298,36.09060610097243,36.09060610097243,36.09060610097243,36.09060610097243,36.09060610097243,36.09060610097243,36.09060610097243,36.08939097245272,,,,,,,,,,,,,,,,,,,,,,,,,,,,,,,,,,,,,,,,,,,,,,,,,,,,,,,,,,37.766741613133476,37.70691112559757,37.73015855457228,37.48374416935773,37.48374416935773,37.48374416935773,37.47229133719909,37.40848597615602,37.40848597615602,37.40848597615602,37.40848597615602,37.40848597615602,37.40848597615602,37.40848597615602,36.82188637016961,36.13948552109364,36.13272824553724,,,,,,,37.766741613133476,,,,,37.508688991234806,36.78942006258042,37.298872771086366,#000000,0.4495263974253607,37.55197567750702,0.16244723983111908,36.36346102783881,-3.615038950568831,False,True,False,True,False,4.875000013444605,37.7473,,0.0,0.0,0.0,0.0,0,1.136991150442478,0.7723893805309734,False,False,False,False,0.2120955534369853,0.21247483319214017,False,False,False,False,-145.0,-953.9246536596875,False,False,False,False,68.41914941349043,False,False,False,False
2025-02-11 15:00:00+00:00,37.32,37.6,37.32,37.6,6.0,,,,,,,,,,,,,,,,,,,,,,,,,,,,,,,,,,,,,,,,,,37.84684466019417,37.735277777777775,37.416588412664225,37.39491267111741,37.39491267111741,37.39491267111741,37.39491267111741,37.39491267111741,37.35602713178295,36.15408291613739,36.091171770972046,36.091171770972046,36.091171770972046,36.091171770972046,36.091171770972046,36.091171770972046,36.091171770972046,36.08995521199656,,,,,,,,,,,,,,,,,,,,,,,,,,,,,,,,,,,,,,,,,,,,,,,,,,,,,,,,,,37.76563255152808,37.70613095238096,37.72941933112826,37.48378112126097,37.48378112126097,37.48378112126097,37.47234561403509,37.408607612361486,37.408607612361486,37.408607612361486,37.408607612361486,37.408607612361486,37.408607612361486,37.408607612361486,36.82239217858755,36.14008815750809,36.13332944379619,,,,,,,37.76563255152808,,,,,37.50842869816871,36.789530103496915,37.298878522310446,#000000,0.4462315885623439,37.55158525943921,0.10849689220069654,34.84067263763125,-5.385380896236157,False,True,False,True,False,4.451348800975744,37.7487,,0.0,0.0,0.0,0.0,0,1.1132337617228205,0.790552275095519,False,False,False,False,0.1786184954526818,0.19554666432241097,False,False,False,False,-151.0,-941.4762094169016,False,False,False,False,67.45141066289366,False,False,False,False
2025-02-11 16:00:00+00:00,37.6,37.6,37.6,37.6,0.0,,,,,,,,,,,,,,,,,,,,,,,,,,,,,,,,,,,,,,,,,,37.84684466019417,37.735277777777775,37.416588412664225,37.39491267111741,37.39491267111741,37.39491267111741,37.39491267111741,37.39491267111741,37.35602713178295,36.15408291613739,36.091171770972046,36.091171770972046,36.091171770972046,36.091171770972046,36.091171770972046,36.091171770972046,36.091171770972046,36.08995521199656,,,,,,,,,,,,,,,,,,,,,,,,,,,,,,,,,,,,,,,,,,,,,,,,,,,,,,,,,,37.76563255152808,37.70613095238096,37.72941933112826,37.48378112126097,37.48378112126097,37.48378112126097,37.47234561403509,37.408607612361486,37.408607612361486,37.408607612361486,37.408607612361486,37.408607612361486,37.408607612361486,37.408607612361486,36.82239217858755,36.14008815750809,36.13332944379619,,,,,,,37.76563255152808,,,,,37.50842869816871,36.789530103496915,37.298878522310446,#000000,0.44251227905828827,37.55158525943921,0.10940880705915271,33.82548037749288,-6.848446064500244,False,True,False,True,False,4.451348800975744,37.754,,0.0,0.0,0.0,0.0,0,1.1374258807115454,0.7872340425531914,False,False,False,False,0.19850989623583443,0.1970282802791227,False,False,False,False,-151.0,-929.2207643096629,False,False,False,False,66.4056523580426,False,False,False,False
2025-02-11 17:00:00+00:00,37.6,37.6,37.46,37.46,100.0,,,,,,,,,,,,,,,,,,,,,,,,,,,,,,,,,,,,,,,,,,37.7994661095636,37.72297362755651,37.418487595755145,37.39712869323816,37.39712869323816,37.39712869323816,37.39712869323816,37.39712869323816,37.358844930789374,36.16411468763135,36.100533509700185,36.100533509700185,36.100533509700185,36.100533509700185,36.100533509700185,36.100533509700185,36.100533509700185,36.09929349856086,,,,,,,,,,,,,,,,,,,,,,,,,,,,,,,,,,,,,,,,,,,,,,,,,,,,,,,,,,37.74844835213448,37.69396849593497,37.71778126088471,37.484379905808474,37.484379905808474,37.484379905808474,37.47322564102564,37.41059140872615,37.41059140872615,37.41059140872615,37.41059140872615,37.41059140872615,37.41059140872615,37.41059140872615,36.83071364870891,36.150054453520035,36.14327251665219,,,,,,,37.74844835213448,,,,,37.50465083705391,36.79180880466383,37.29910258513937,#000000,0.4344712847790308,37.54581071008085,-0.19750605641174276,31.37762592991275,-9.711196670843094,False,True,False,True,False,2.067893846133291,37.750699999999995,,0.0,0.0,0.0,0.0,0,1.1243523316062178,0.7872193436960275,False,False,False,False,0.18285241251806292,0.1899403463985928,False,False,False,False,-251.0,-918.7057137002107,False,False,False,False,66.92649495714272,False,False,False,False
2025-02-11 18:00:00+00:00,37.46,37.46,37.46,37.46,0.0,,,,,,,,,,,,,,,,,,,,,,,,,,,,,,,,,,,,,,,,,,37.7994661095636,37.72297362755651,37.418487595755145,37.39712869323816,37.39712869323816,37.39712869323816,37.39712869323816,37.39712869323816,37.358844930789374,36.16411468763135,36.100533509700185,36.100533509700185,36.100533509700185,36.100533509700185,36.100533509700185,36.100533509700185,36.100533509700185,36.09929349856086,,,,,,,,,,,,,,,,,,,,,,,,,,,,,,,,,,,,,,,,,,,,,,,,,,,,,,,,,,37.74844835213448,37.69396849593497,37.71778126088471,37.484379905808474,37.484379905808474,37.484379905808474,37.47322564102564,37.41059140872615,37.41059140872615,37.41059140872615,37.41059140872615,37.41059140872615,37.41059140872615,37.41059140872615,36.83071364870891,36.150054453520035,36.14327251665219,,,,,,,37.74844835213448,,,,,37.50465083705391,36.79180880466383,37.29910258513937,#000000,0.426121329421132,37.54581071008085,-0.20137623760213993,29.74572296485933,-11.801889976969079,False,True,False,True,False,2.067893846133291,37.7474,,0.0,0.0,0.0,0.0,0,1.1274787535410766,0.8169263456090649,False,False,False,False,0.16604669350212467,0.17799351995035873,False,False,False,False,-251.0,-908.3536871312152,False,False,False,False,65.8888748802878,False,False,False,False
2025-02-11 19:00:00+00:00,37.46,37.51,37.46,37.51,14.0,,,,,,,,,,,,,,,,,,,,,,,,,,,,,,,,,,,,,,,,,,37.79361111111111,37.72125623219373,37.41870786910518,37.397395029991436,37.397395029991436,37.397395029991436,37.397395029991436,37.397395029991436,37.359196206467665,36.16549344298734,36.10182194616978,36.10182194616978,36.10182194616978,36.10182194616978,36.10182194616978,36.10182194616978,36.10182194616978,36.10057875096039,,,,,,,,,,,,,,,,,,,,,,,,,,,,,,,,,,,,,,,,,,,,,,,,,,,,,,,,,,37.746100153407845,37.69227025392988,37.71615145228216,37.484412582551265,37.484412582551265,37.484412582551265,37.4732975642991,37.410825095824094,37.410825095824094,37.410825095824094,37.410825095824094,37.410825095824094,37.410825095824094,37.410825095824094,36.83183986888431,36.151424547088254,36.14463956796374,,,,,,,37.746100153407845,,,,,37.50412965723629,36.79214291033173,37.299102166251636,#000000,0.4172521867979054,37.5450234407289,-0.0839383035896775,30.378824490730953,-11.801889976969079,False,True,False,True,False,2.8725238579447705,37.7451,,0.0,0.0,0.0,0.0,0,1.1019760056457308,0.8140437544107267,False,False,False,False,0.16681293027462968,0.1724032251124942,False,False,False,False,-237.0,-897.9451028346072,False,False,False,False,65.08439619997326,False,False,False,False
2025-02-11 20:00:00+00:00,37.51,37.51,37.09,37.16,879.0,,,,,,,,,,,,,,,,,,,,,,,,,,,,,,,,,,,,,,,,,,37.49882267742603,37.571745425905725,37.392915779512656,37.37606244384547,37.37606244384547,37.37606244384547,37.37606244384547,37.37606244384547,37.344281401934076,36.23200786032277,36.165031745040494,36.165031745040494,36.165031745040494,36.165031745040494,36.165031745040494,36.165031745040494,36.165031745040494,36.16365589724437,,,,,,,,,,,,,,,,,,,,,,,,,,,,,,,,,,,,,,,,,,,,,,,,,,,,,,,,,,37.56562430555556,37.539950651401504,37.571221945137154,37.44133333333333,37.44133333333333,37.44133333333333,37.432957785659646,37.387104180945855,37.387104180945855,37.387104180945855,37.387104180945855,37.387104180945855,37.387104180945855,37.387104180945855,36.87248189995613,36.217742782152236,36.21091238807663,,,,,,,37.56562430555556,,,,,37.43675775843779,36.79105352649203,37.261448295562346,"rgba(239, 83, 80, 0.5)",0.416329824205244,37.45285782478241,-0.703427445635127,27.044547986561724,-15.41719062401846,False,True,False,True,False,0.0,37.7358,,0.0,0.0,0.0,0.0,0,1.074497574497575,0.8284823284823285,False,False,False,False,0.13461174580382174,0.15350748545815796,False,False,False,False,-1116.0,-901.3257989146908,False,False,False,False,77.7032427705163,False,False,False,False
2025-02-12 15:00:00+00:00,37.16,37.16,37.16,37.16,0.0,,,,,,,,,,,,,,,,,,,,,,,,,,,,,,,,,,,,,,,,,,37.49882267742603,37.571745425905725,37.392915779512656,37.37606244384547,37.37606244384547,37.37606244384547,37.37606244384547,37.37606244384547,37.344281401934076,36.23200786032277,36.165031745040494,36.165031745040494,36.165031745040494,36.165031745040494,36.165031745040494,36.165031745040494,36.165031745040494,36.16365589724437,,,,,,,,,,,,,,,,,,,,,,,,,,,,,,,,,,,,,,,,,,,,,,,,,,,,,,,,,,37.56562430555556,37.539950651401504,37.571221945137154,37.44133333333333,37.44133333333333,37.44133333333333,37.432957785659646,37.387104180945855,37.387104180945855,37.387104180945855,37.387104180945855,37.387104180945855,37.387104180945855,37.387104180945855,36.87248189995613,36.217742782152236,36.21091238807663,,,,,,,37.56562430555556,,,,,37.43675775843779,36.79105352649203,37.261448295562346,"rgba(239, 83, 80, 0.5)",0.4154038521253834,37.45285782478241,-0.7049954478853064,24.82169698378224,-17.940544275361184,False,True,False,True,False,0.0,37.726499999999994,,0.0,0.0,0.0,0.0,0,1.0682605682605681,0.8527373527373528,False,False,False,False,0.11122973073428892,0.13236860809622344,False,False,False,False,-1116.0,-904.65408110206,False,False,False,False,76.49854133221372,False,False,False,False
2025-02-12 16:00:00+00:00,37.16,37.29,37.16,37.29,1.0,,,,,,,,,,,,,,,,,,,,,,,,,,,,,,,,,,,,,,,,,,37.49866625310174,37.571627301356585,37.39288983501863,37.376040649037115,37.376040649037115,37.376040649037115,37.376040649037115,37.376040649037115,37.34426575854701,36.232078435464054,36.1650992881229,36.1650992881229,36.1650992881229,36.1650992881229,36.1650992881229,36.1650992881229,36.1650992881229,36.16372331154685,,,,,,,,,,,,,,,,,,,,,,,,,,,,,,,,,,,,,,,,,,,,,,,,,,,,,,,,,,37.565491461890886,37.539834911865306,37.57110636277303,37.441292055414195,37.441292055414195,37.441292055414195,37.432918926435825,37.38708012106676,37.38708012106676,37.38708012106676,37.38708012106676,37.38708012106676,37.38708012106676,37.38708012106676,36.872522942488395,36.217813227440786,36.210982818804126,,,,,,,37.565491461890886,,,,,37.436704700663164,36.79106384206003,37.26141809796519,#000000,0.41285195741208025,37.452794010071024,-0.3943157036034955,27.145751894899192,-17.940544275361184,False,True,False,True,False,0.0,37.718900000000005,,0.0,0.0,0.0,0.0,0,1.0679310344827586,0.8486206896551725,False,False,False,False,0.09206038499681136,0.11221449654651741,False,False,False,False,-1115.0,-907.9152581392374,False,False,False,False,75.32802131155924,False,False,False,False
2025-02-12 17:00:00+00:00,37.29,37.58,37.29,37.58,60.0,,,,,,,,,,,,,,,,,,,,,,,,,,,,,,,,,,,,,,,,,,37.49811602870813,37.569743361782834,37.39384237317886,37.37711411261187,37.37711411261187,37.37711411261187,37.37711411261187,37.37711411261187,37.345590211640214,36.23727863591236,36.17001990792585,36.17001990792585,36.17001990792585,36.17001990792585,36.17001990792585,36.17001990792585,36.17001990792585,36.16863348837211,,,,,,,,,,,,,,,,,,,,,,,,,,,,,,,,,,,,,,,,,,,,,,,,,,,,,,,,,,37.56348841934174,37.53852801336418,37.569270106927014,37.44182021217197,37.44182021217197,37.44182021217197,37.43354209586596,37.388059465264824,37.388059465264824,37.388059465264824,37.388059465264824,37.388059465264824,37.388059465264824,37.388059465264824,36.87651647234027,36.222990590481395,36.21615287371891,,,,,,,37.56348841934174,,,,,37.4369874815187,36.79382855656305,37.26249208620054,#000000,0.40540816936025403,37.453610316632634,0.3117590934756217,34.71173760877146,-22.594026868073207,False,True,False,True,True,3.7764098314925825,37.7113,,0.0,0.0,0.0,0.0,0,1.0763939174511223,0.891020999275887,False,False,False,False,0.1158392026373439,0.11402684959193066,False,False,False,False,-1055.0,-910.1956417339779,False,False,False,False,75.09037757029475,False,False,False,False
2025-02-12 18:00:00+00:00,37.58,37.58,37.58,37.58,0.0,,,,,,,,,,,,,,,,,,,,,,,,,,,,,,,,,,,,,,,,,,37.49811602870813,37.569743361782834,37.39384237317886,37.37711411261187,37.37711411261187,37.37711411261187,37.37711411261187,37.37711411261187,37.345590211640214,36.23727863591236,36.17001990792585,36.17001990792585,36.17001990792585,36.17001990792585,36.17001990792585,36.17001990792585,36.17001990792585,36.16863348837211,,,,,,,,,,,,,,,,,,,,,,,,,,,,,,,,,,,,,,,,,,,,,,,,,,,,,,,,,,37.56348841934174,37.53852801336418,37.569270106927014,37.44182021217197,37.44182021217197,37.44182021217197,37.43354209586596,37.388059465264824,37.388059465264824,37.388059465264824,37.388059465264824,37.388059465264824,37.388059465264824,37.388059465264824,36.87651647234027,36.222990590481395,36.21615287371891,,,,,,,37.56348841934174,,,,,37.4369874815187,36.79382855656305,37.26249208620054,#000000,0.40064137768553454,37.453610316632634,0.3154683724819058,39.755728084686304,-17.96536152601439,False,True,False,True,True,3.7764098314925825,37.7039,,0.0,0.0,0.0,0.0,0,1.045739579490963,0.8889708594614532,False,False,False,False,0.14354729222423857,0.1287870709080846,False,False,False,False,-1055.0,-912.4406705443039,False,False,False,False,73.9261856699801,False,False,False,False
2025-02-12 19:00:00+00:00,37.58,37.58,37.58,37.58,0.0,,,,,,,,,,,,,,,,,,,,,,,,,,,,,,,,,,,,,,,,,,37.49811602870813,37.569743361782834,37.39384237317886,37.37711411261187,37.37711411261187,37.37711411261187,37.37711411261187,37.37711411261187,37.345590211640214,36.23727863591236,36.17001990792585,36.17001990792585,36.17001990792585,36.17001990792585,36.17001990792585,36.17001990792585,36.17001990792585,36.16863348837211,,,,,,,,,,,,,,,,,,,,,,,,,,,,,,,,,,,,,,,,,,,,,,,,,,,,,,,,,,37.56348841934174,37.53852801336418,37.569270106927014,37.44182021217197,37.44182021217197,37.44182021217197,37.43354209586596,37.388059465264824,37.388059465264824,37.388059465264824,37.388059465264824,37.388059465264824,37.388059465264824,37.388059465264824,36.87651647234027,36.222990590481395,36.21615287371891,,,,,,,37.56348841934174,,,,,37.4369874815187,36.79382855656305,37.26249208620054,#000000,0.39761101911638835,37.453610316632634,0.31787268785518097,43.11838840196287,-14.895931741705311,False,True,False,True,True,3.7764098314925825,37.6964,,0.0,0.0,0.0,0.0,0,1.045739579490963,0.8701586130579119,False,False,False,False,0.14354729222423857,0.1361671815661616,False,False,False,False,-1055.0,-914.6508927064077,False,False,False,False,72.78004325649204,False,False,False,False
2025-02-12 20:00:00+00:00,37.58,37.58,37.37,37.37,233.0,,,,,,,,,,,,,,,,,,,,,,,,,,,,,,,,,,,,,,,,,,37.49100787401574,37.55981554460865,37.395655986509276,37.3794660246121,37.3794660246121,37.3794660246121,37.3794660246121,37.3794660246121,37.34895734476249,36.25638116337196,36.188165818360226,36.188165818360226,36.188165818360226,36.188165818360226,36.188165818360226,36.188165818360226,36.188165818360226,36.18674257244163,,,,,,,,,,,,,,,,,,,,,,,,,,,,,,,,,,,,,,,,,,,,,,,,,,,,,,,,,,37.552808092056424,37.53040738120505,37.559557132107926,37.44173554268982,37.44173554268982,37.44173554268982,37.43383788742547,37.39003371397499,37.39003371397499,37.39003371397499,37.39003371397499,37.39003371397499,37.39003371397499,37.39003371397499,36.89046882748849,36.24202295456072,36.23516456652667,,,,,,,37.552808092056424,,,,,37.435846529882966,36.802947296516216,37.26468879219207,#000000,0.39561731896280006,37.45308510193156,-0.21001381372633596,41.798606260004334,-14.895931741705311,False,True,False,True,True,0.36354942453925787,37.6847,,0.0,0.0,0.0,0.0,0,1.029785688339993,0.8721394841990553,False,False,False,False,0.12027312459195588,0.12822015307905874,False,False,False,False,-1288.0,-920.4392509590215,False,False,False,False,75.26407359360068,False,False,False,False
2025-02-13 15:00:00+00:00,37.47,37.47,37.47,37.47,0.0,,,,,,,,,,,,,,,,,,,,,,,,,,,,,,,,,,,,,,,,,,37.49100787401574,37.55981554460865,37.395655986509276,37.3794660246121,37.3794660246121,37.3794660246121,37.3794660246121,37.3794660246121,37.34895734476249,36.25638116337196,36.188165818360226,36.188165818360226,36.188165818360226,36.188165818360226,36.188165818360226,36.188165818360226,36.188165818360226,36.18674257244163,,,,,,,,,,,,,,,,,,,,,,,,,,,,,,,,,,,,,,,,,,,,,,,,,,,,,,,,,,37.552808092056424,37.53040738120505,37.559557132107926,37.44173554268982,37.44173554268982,37.44173554268982,37.43383788742547,37.39003371397499,37.39003371397499,37.39003371397499,37.39003371397499,37.39003371397499,37.39003371397499,37.39003371397499,36.89046882748849,36.24202295456072,36.23516456652667,,,,,,,37.552808092056424,,,,,37.435846529882966,36.802947296516216,37.26468879219207,#000000,0.3928673984858558,37.45308510193156,0.04305498021374881,43.00779303708018,-14.805389697826165,False,True,False,True,True,1.9023432174113672,37.675,,0.0,0.0,0.0,0.0,0,1.0297965116279073,0.8804505813953487,False,False,False,False,0.10739032898716656,0.11780524103311266,False,False,False,False,-1288.0,-926.1378672232227,False,False,False,False,74.0971887316844,False,False,False,False
2025-02-13 16:00:00+00:00,37.47,37.47,37.01,37.01,100.0,,,,,,,,,,,,,,,,,,,,,,,,,,,,,,,,,,,,,,,,,,37.47466500415627,37.547208797032326,37.39180320619126,37.37605160610848,37.37605160610848,37.37605160610848,37.37605160610848,37.37605160610848,37.34615885220363,36.26252166553826,36.194109424839006,36.194109424839006,36.194109424839006,36.194109424839006,36.194109424839006,36.194109424839006,36.194109424839006,36.19267640863614,,,,,,,,,,,,,,,,,,,,,,,,,,,,,,,,,,,,,,,,,,,,,,,,,,,,,,,,,37.16333333333333,37.538868408494395,37.51786641612573,37.54717900656045,37.436286292164155,37.436286292164155,37.436286292164155,37.42862283914916,37.3863948635634,37.3863948635634,37.3863948635634,37.3863948635634,37.3863948635634,37.3863948635634,37.3863948635634,36.893338065194534,36.24816543325112,36.24131178665255,,,,,,,37.538868408494395,,,,,37.418763657234805,36.8030032187874,37.25512823389986,"rgba(239, 83, 80, 1.0)",0.3963009367042722,37.431097171422536,-1.062569205423729,38.548824556143934,-14.805389697826165,False,True,False,True,False,0.0,37.6614,36.5002,0.0,0.0,0.0,0.0,0,0.9888968481375358,0.9007879656160456,False,False,False,False,-0.07414013385225696,0.02183255359042785,False,False,False,False,-1388.0,-933.298520444568,False,False,False,False,74.49878270483657,False,False,False,False
2025-02-13 17:00:00+00:00,37.01,37.01,37.01,37.01,0.0,,,,,,,,,,,,,,,,,,,,,,,,,,,,,,,,,,,,,,,,,,37.47466500415627,37.547208797032326,37.39180320619126,37.37605160610848,37.37605160610848,37.37605160610848,37.37605160610848,37.37605160610848,37.34615885220363,36.26252166553826,36.194109424839006,36.194109424839006,36.194109424839006,36.194109424839006,36.194109424839006,36.194109424839006,36.194109424839006,36.19267640863614,,,,,,,,,,,,,,,,,,,,,,,,,,,,,,,,,,,,,,,,,,,,,,,,,,,,,,,,,37.16333333333333,37.538868408494395,37.51786641612573,37.54717900656045,37.436286292164155,37.436286292164155,37.436286292164155,37.42862283914916,37.3863948635634,37.3863948635634,37.3863948635634,37.3863948635634,37.3863948635634,37.3863948635634,37.3863948635634,36.893338065194534,36.24816543325112,36.24131178665255,,,,,,,37.538868408494395,,,,,37.418763657234805,36.8030032187874,37.25512823389986,"rgba(239, 83, 80, 1.0)",0.3971200149911326,37.431097171422536,-1.0603776075903422,35.57617890218644,-14.805389697826165,False,True,False,True,False,0.0,37.666199999999996,36.50925,0.0,0.0,0.0,0.0,0,0.9678294573643411,0.9430232558139535,False,False,False,False,-0.14447516043577727,-0.06132130342267471,False,False,False,False,-1388.0,-940.3481557865126,False,False,False,False,73.34376281793988,False,False,False,False
2025-02-13 18:00:00+00:00,37.01,37.01,37.01,37.01,0.0,,,,,,,,,,,,,,,,,,,,,,,,,,,,,,,,,,,,,,,,,,37.47466500415627,37.547208797032326,37.39180320619126,37.37605160610848,37.37605160610848,37.37605160610848,37.37605160610848,37.37605160610848,37.34615885220363,36.26252166553826,36.194109424839006,36.194109424839006,36.194109424839006,36.194109424839006,36.194109424839006,36.194109424839006,36.194109424839006,36.19267640863614,,,,,,,,,,,,,,,,,,,,,,,,,,,,,,,,,,,,,,,,,,,,,,,,,,,,,,,,,37.16333333333333,37.538868408494395,37.51786641612573,37.54717900656045,37.436286292164155,37.436286292164155,37.436286292164155,37.42862283914916,37.3863948635634,37.3863948635634,37.3863948635634,37.3863948635634,37.3863948635634,37.3863948635634,37.3863948635634,36.893338065194534,36.24816543325112,36.24131178665255,,,,,,,37.538868408494395,,,,,37.418763657234805,36.8030032187874,37.25512823389986,"rgba(239, 83, 80, 1.0)",0.4025398195291451,37.431097171422536,-1.0461006613335784,33.59441513288145,-8.721122429071329,False,True,False,True,False,0.0,37.6646,36.518299999999996,0.0,0.0,0.0,0.0,0,0.957364341085271,0.9387596899224807,False,False,False,False,-0.14447516043577727,-0.10289823192922598,False,False,False,False,-1388.0,-947.2884944564892,False,False,False,False,72.20665021611134,False,False,False,False
2025-02-13 19:00:00+00:00,37.01,37.01,37.01,37.01,0.0,,,,,,,,,,,,,,,,,,,,,,,,,,,,,,,,,,,,,,,,,,37.47466500415627,37.547208797032326,37.39180320619126,37.37605160610848,37.37605160610848,37.37605160610848,37.37605160610848,37.37605160610848,37.34615885220363,36.26252166553826,36.194109424839006,36.194109424839006,36.194109424839006,36.194109424839006,36.194109424839006,36.194109424839006,36.194109424839006,36.19267640863614,,,,,,,,,,,,,,,,,,,,,,,,,,,,,,,,,,,,,,,,,,,,,,,,,,,,,,,,,37.16333333333333,37.538868408494395,37.51786641612573,37.54717900656045,37.436286292164155,37.436286292164155,37.436286292164155,37.42862283914916,37.3863948635634,37.3863948635634,37.3863948635634,37.3863948635634,37.3863948635634,37.3863948635634,37.3863948635634,36.893338065194534,36.24816543325112,36.24131178665255,,,,,,,37.538868408494395,,,,,37.418763657234805,36.8030032187874,37.25512823389986,"rgba(239, 83, 80, 1.0)",0.40798010462033,37.431097171422536,-1.0321512413317675,32.27323928667812,-10.295532569209698,False,True,False,True,False,0.0,37.663,36.52735,0.0,0.0,0.0,0.0,0,0.957364341085271,0.9387596899224807,False,False,False,False,-0.14447516043577727,-0.12368669618250162,False,False,False,False,-1388.0,-954.1212309765435,False,False,False,False,71.08716726702434,False,False,False,False
2025-02-13 20:00:00+00:00,37.01,37.01,37.01,37.01,0.0,,,,,,,,,,,,,,,,,,,,,,,,,,,,,,,,,,,,,,,,,,37.47466500415627,37.547208797032326,37.39180320619126,37.37605160610848,37.37605160610848,37.37605160610848,37.37605160610848,37.37605160610848,37.34615885220363,36.26252166553826,36.194109424839006,36.194109424839006,36.194109424839006,36.194109424839006,36.194109424839006,36.194109424839006,36.194109424839006,36.19267640863614,,,,,,,,,,,,,,,,,,,,,,,,,,,,,,,,,,,,,,,,,,,,,,,,,,,,,,,,,37.16333333333333,37.538868408494395,37.51786641612573,37.54717900656045,37.436286292164155,37.436286292164155,37.436286292164155,37.42862283914916,37.3863948635634,37.3863948635634,37.3863948635634,37.3863948635634,37.3863948635634,37.3863948635634,37.3863948635634,36.893338065194534,36.24816543325112,36.24131178665255,,,,,,,37.538868408494395,,,,,37.418763657234805,36.8030032187874,37.25512823389986,"rgba(239, 83, 80, 1.0)",0.41328248742798596,37.431097171422536,-1.018908819590169,31.39245538920923,-11.547557150814612,False,True,False,True,False,0.0,37.6614,36.53795,0.0,0.0,0.0,0.0,0,0.9637143971907918,0.9383534920015607,False,False,False,False,-0.15064260501605298,-0.1371646505992773,False,False,False,False,-1388.0,-960.8480335970622,False,False,False,False,69.98504064272939,False,False,False,False
2025-02-14 15:00:00+00:00,37.67,37.67,37.47,37.47,100.0,,,,,,,,,,,,,,,,,,,,,,,,,,,,,,,,,,,,,,,,,37.53666666666666,37.47761045130641,37.54688392398562,37.394166394779774,37.37854950751685,37.37854950751685,37.37854950751685,37.37854950751685,37.37854950751685,37.34898831625328,36.271090226406635,36.20224268492156,36.20224268492156,36.20224268492156,36.20224268492156,36.20224268492156,36.20224268492156,36.20224268492156,36.20079327213433,,,,,,,,,,,,,,,,,,,,,,,,,,,,,,,,,,,,,,,,,,,,,,,,,,,,,37.53666666666666,37.53666666666666,37.53666666666666,37.53666666666666,37.349999999999994,37.53879232895647,37.518487501376505,37.546860547308896,37.43821334869136,37.43821334869136,37.43821334869136,37.43066641447576,37.38876882569774,37.38876882569774,37.38876882569774,37.38876882569774,37.38876882569774,37.38876882569774,37.38876882569774,36.90003243149498,36.25669911914697,36.24983441893108,,,,,,,37.53879232895647,,,,,37.467825812219395,36.84656029387199,37.42337638581188,#000000,0.41286799583187733,37.48841585742093,-0.044604710480955996,39.841061851262225,-17.54379271867313,False,True,False,True,True,2.2210822618413353,37.669000000000004,36.55125,0.0,0.0,0.0,0.0,0,0.9602968460111315,0.9254174397031538,False,False,False,False,0.021799496464292575,-0.05768257706749236,False,False,False,False,-1288.0,-965.9201571071852,False,False,False,False,70.45038884981885,False,False,False,False
2025-02-14 16:00:00+00:00,37.47,37.51,37.47,37.51,1.0,,,,,,,,,,,,,,,,,,,,,,,,,,,,,,,,,,,,,,,,,37.536270627062706,37.47761949984172,37.54686845348121,37.39418311314087,37.37856787435858,37.37856787435858,37.37856787435858,37.37856787435858,37.37856787435858,37.34901024651025,36.27117264026181,36.20232109684195,36.20232109684195,36.20232109684195,36.20232109684195,36.20232109684195,36.20232109684195,36.20232109684195,36.20087153008436,,,,,,,,,,,,,,,,,,,,,,,,,,,,,,,,,,,,,,,,,,,,,,,,,,,,,37.536270627062706,37.536270627062706,37.536270627062706,37.536270627062706,37.350729684908785,37.53877777777778,37.518480295024226,37.5468453462548,37.438224568138196,37.438224568138196,37.438224568138196,37.430678895612715,37.38878586847786,37.38878586847786,37.38878586847786,37.38878586847786,37.38878586847786,37.38878586847786,37.38878586847786,36.90009450976312,36.2567812362031,36.249916447368435,,,,,,,37.53877777777778,,,,,37.46776766898408,36.84658332421418,37.42334319006759,#000000,0.41228359871090564,37.488345097230265,0.05252428871156008,45.997160171735054,-11.91582499782406,False,True,False,False,True,2.7908944689716684,37.6737,36.564499999999995,0.0,0.0,0.0,0.0,0,0.9652305366591081,0.952003023431595,False,False,False,False,-0.002676730718336721,-0.030179653892914538,False,False,False,False,-1287.0,-970.898139167539,False,False,False,False,69.37363863509297,False,False,False,False
2025-02-14 17:00:00+00:00,37.51,37.51,37.51,37.51,0.0,,,,,,,,,,,,,,,,,,,,,,,,,,,,,,,,,,,,,,,,,37.536270627062706,37.47761949984172,37.54686845348121,37.39418311314087,37.37856787435858,37.37856787435858,37.37856787435858,37.37856787435858,37.37856787435858,37.34901024651025,36.27117264026181,36.20232109684195,36.20232109684195,36.20232109684195,36.20232109684195,36.20232109684195,36.20232109684195,36.20232109684195,36.20087153008436,,,,,,,,,,,,,,,,,,,,,,,,,,,,,,,,,,,,,,,,,,,,,,,,,,,,,37.536270627062706,37.536270627062706,37.536270627062706,37.536270627062706,37.350729684908785,37.53877777777778,37.518480295024226,37.5468453462548,37.438224568138196,37.438224568138196,37.438224568138196,37.430678895612715,37.38878586847786,37.38878586847786,37.38878586847786,37.38878586847786,37.38878586847786,37.38878586847786,37.38878586847786,36.90009450976312,36.2567812362031,36.249916447368435,,,,,,,37.53877777777778,,,,,37.46776766898408,36.84658332421418,37.42334319006759,#000000,0.41169307644098013,37.488345097230265,0.05259962823989101,50.10122571871694,-8.2436501825172,False,False,True,False,True,2.7908944689716684,37.676500000000004,36.577749999999995,0.0,0.0,0.0,0.0,0,0.9463061690784459,0.9554455445544554,False,False,False,False,0.0034414813298195754,-0.013369086281547482,False,False,False,False,-1287.0,-975.7989432114531,False,False,False,False,68.29807834617681,False,False,False,False
2025-02-14 18:00:00+00:00,37.51,37.51,37.31,37.31,100.0,,,,,,,,,,,,,,,,,,,,,,,,,,,,,,,,,,,,,,,,,37.45686567164179,37.473043215472956,37.54178172942818,37.39390199539935,37.37853876384423,37.37853876384423,37.37853876384423,37.37853876384423,37.37853876384423,37.34941493512828,36.27855687662815,36.20939206005139,36.20939206005139,36.20939206005139,36.20939206005139,36.20939206005139,36.20939206005139,36.20939206005139,36.2079295475919,,,,,,,,,,,,,,,,,,,,,,,,,,,,,,,,,,,,,,,,,,,,,,,,,,,,,37.45686567164179,37.45686567164179,37.45686567164179,37.45686567164179,37.35934662236988,37.533365052865896,37.5139466112532,37.54184303350971,37.437065285624605,37.437065285624605,37.437065285624605,37.42967644147488,37.388597418752916,37.388597418752916,37.388597418752916,37.388597418752916,37.388597418752916,37.388597418752916,37.388597418752916,36.905002059520136,36.26414890350878,36.257280827886724,,,,,,,37.533365052865896,,,,,37.446840929593435,36.84525959004587,37.40710101478526,#000000,0.4124716534079817,37.462357846745725,-0.3693777390201003,49.205244342307445,-8.2436501825172,False,False,False,False,True,0.0,37.6753,36.587325,0.0,0.0,0.0,0.0,0,0.9313578394598651,0.9531132783195799,False,False,False,False,-0.027156166136539563,-0.020262626209043524,False,False,False,False,-1387.0,-982.1741533942212,False,False,False,False,68.7895810074764,False,False,False,False
2025-02-14 19:00:00+00:00,37.31,37.31,37.31,37.31,100.0,,,,,,,,,,,,,,,,,,,,,,,,,,,,,,,,,,,,,,,,,37.408073089701,37.46597282451576,37.53505562004256,37.3925767387985,37.377505152566236,37.377505152566236,37.377505152566236,37.377505152566236,37.377505152566236,37.34884650514374,36.285400769690135,36.215979371159534,36.215979371159534,36.215979371159534,36.215979371159534,36.215979371159534,36.215979371159534,36.215979371159534,36.21450553931222,,,,,,,,,,,,,,,,,,,,,,,,,,,,,,,,,,,,,,,,,,,,,,,,,,,,,37.408073089701,37.408073089701,37.408073089701,37.408073089701,37.34704073150457,37.52614808831449,37.50762856257746,37.53522272986866,37.43471657424522,37.43471657424522,37.43471657424522,37.42749574829932,37.387393967233194,37.387393967233194,37.387393967233194,37.387393967233194,37.387393967233194,37.387393967233194,37.387393967233194,36.90913005809806,36.27098453159042,36.26411666666668,,,,,,,37.52614808831449,,,,,37.43156160420473,36.84472697095536,37.39504328854172,#000000,0.4132452318198853,37.443430167773556,-0.3228837443228141,48.60792342470112,-8.2436501825172,False,False,False,False,True,0.0,37.674099999999996,36.59695,0.0,0.0,0.0,0.0,0,0.9313578394598651,0.968117029257314,False,False,False,False,-0.057804749728854736,-0.03903368796894913,False,False,False,False,-1387.0,-988.4505231090394,False,False,False,False,69.27346347247676,False,False,False,False
2025-02-14 20:00:00+00:00,37.31,37.31,37.01,37.26,230.0,,,,,,,,,,,,,,,,,,,,,,,,,,,,,,,,,,,,,,,,,37.31505963590709,37.44124605678233,37.51367473703301,37.38559213534522,37.371331195646896,37.371331195646896,37.371331195646896,37.371331195646896,37.371331195646896,37.34385375953843,36.29904853713265,36.22925079702445,36.22925079702445,36.22925079702445,36.22925079702445,36.22925079702445,36.22925079702445,36.22925079702445,36.22775707810938,,,,,,,,,,,,,,,,,,,,,,,,,,,,,,,,,,,,,,,,,,,,,,,,,,,,37.19333333333333,37.31505963590709,37.31505963590709,37.31505963590709,37.31505963590709,37.29101426307448,37.50312631578948,37.48672402159245,37.51415237584853,37.42487293144208,37.42487293144208,37.42487293144208,37.41807683339163,37.38079228910911,37.38079228910911,37.38079228910911,37.38079228910911,37.38079228910911,37.38079228910911,37.38079228910911,36.91564004249245,36.28464455891823,36.27779036041801,,,,,,,37.50312631578948,,,,,37.386961695668965,36.841454920908085,37.380341525237405,#000000,0.4145528145318578,37.38554202010448,-0.3028372156784261,47.32742606416366,-8.2436501825172,False,False,False,True,True,0.0,37.671899999999994,36.605975,0.0,0.0,0.0,0.0,0,0.9292664670658678,0.9681886227544907,False,False,False,False,-0.10400023552158835,-0.07151696174526874,False,False,False,False,-1617.0,-998.1954762391317,False,False,False,False,71.76534775972519,False,False,False,False
2025-02-17 15:00:00+00:00,37.26,37.26,37.26,37.26,0.0,,,,,,,,,,,,,,,,,,,,,,,,,,,,,,,,,,,,,,,,,37.31505963590709,37.44124605678233,37.51367473703301,37.38559213534522,37.371331195646896,37.371331195646896,37.371331195646896,37.371331195646896,37.371331195646896,37.34385375953843,36.29904853713265,36.22925079702445,36.22925079702445,36.22925079702445,36.22925079702445,36.22925079702445,36.22925079702445,36.22925079702445,36.22775707810938,,,,,,,,,,,,,,,,,,,,,,,,,,,,,,,,,,,,,,,,,,,,,,,,,,,,37.19333333333333,37.31505963590709,37.31505963590709,37.31505963590709,37.31505963590709,37.29101426307448,37.50312631578948,37.48672402159245,37.51415237584853,37.42487293144208,37.42487293144208,37.42487293144208,37.41807683339163,37.38079228910911,37.38079228910911,37.38079228910911,37.38079228910911,37.38079228910911,37.38079228910911,37.38079228910911,36.91564004249245,36.28464455891823,36.27779036041801,,,,,,,37.50312631578948,,,,,37.386961695668965,36.841454920908085,37.380341525237405,#000000,0.4164700220658478,37.38554202010448,-0.3014431134364658,46.47376115713868,-8.2436501825172,False,False,False,True,False,0.0,37.6697,36.615,0.0,0.0,0.0,0.0,0,0.9478619654913724,0.9538634658664671,False,False,False,False,-0.07316621425655229,-0.0723415880009105,False,False,False,False,-1617.0,-1007.7893448245715,False,False,False,False,70.65270670918682,False,False,False,False
2025-02-17 16:00:00+00:00,37.26,37.26,37.26,37.26,0.0,,,,,,,,,,,,,,,,,,,,,,,,,,,,,,,,,,,,,,,,,37.31505963590709,37.44124605678233,37.51367473703301,37.38559213534522,37.371331195646896,37.371331195646896,37.371331195646896,37.371331195646896,37.371331195646896,37.34385375953843,36.29904853713265,36.22925079702445,36.22925079702445,36.22925079702445,36.22925079702445,36.22925079702445,36.22925079702445,36.22925079702445,36.22775707810938,,,,,,,,,,,,,,,,,,,,,,,,,,,,,,,,,,,,,,,,,,,,,,,,,,,,37.19333333333333,37.31505963590709,37.31505963590709,37.31505963590709,37.31505963590709,37.29101426307448,37.50312631578948,37.48672402159245,37.51415237584853,37.42487293144208,37.42487293144208,37.42487293144208,37.41807683339163,37.38079228910911,37.38079228910911,37.38079228910911,37.38079228910911,37.38079228910911,37.38079228910911,37.38079228910911,36.91564004249245,36.28464455891823,36.27779036041801,,,,,,,37.50312631578948,,,,,37.386961695668965,36.841454920908085,37.380341525237405,#000000,0.41834704762015507,37.38554202010448,-0.3000906085477402,45.90465121912203,-8.2436501825172,False,False,False,True,False,0.0,37.6663,36.62195,0.0,0.0,0.0,0.0,0,0.9485349361382418,0.95229151014275,False,False,False,False,-0.12054166276335261,-0.09644162538213155,False,False,False,False,-1617.0,-1017.2344712613998,False,False,False,False,69.557315907494,False,False,False,False
2025-02-17 17:00:00+00:00,37.26,37.26,37.26,37.26,0.0,,,,,,,,,,,,,,,,,,,,,,,,,,,,,,,,,,,,,,,,,37.31505963590709,37.44124605678233,37.51367473703301,37.38559213534522,37.371331195646896,37.371331195646896,37.371331195646896,37.371331195646896,37.371331195646896,37.34385375953843,36.29904853713265,36.22925079702445,36.22925079702445,36.22925079702445,36.22925079702445,36.22925079702445,36.22925079702445,36.22925079702445,36.22775707810938,,,,,,,,,,,,,,,,,,,,,,,,,,,,,,,,,,,,,,,,,,,,,,,,,,,,37.19333333333333,37.31505963590709,37.31505963590709,37.31505963590709,37.31505963590709,37.29101426307448,37.50312631578948,37.48672402159245,37.51415237584853,37.42487293144208,37.42487293144208,37.42487293144208,37.41807683339163,37.38079228910911,37.38079228910911,37.38079228910911,37.38079228910911,37.38079228910911,37.38079228910911,37.38079228910911,36.91564004249245,36.28464455891823,36.27779036041801,,,,,,,37.50312631578948,,,,,37.386961695668965,36.841454920908085,37.380341525237405,#000000,0.4190972387116663,37.38554202010448,-0.299553441321655,45.5252445937776,-8.2436501825172,False,False,False,True,False,0.0,37.6629,36.6289,0.0,0.0,0.0,0.0,0,0.9463035019455249,0.9852140077821013,False,False,False,False,-0.12411450698348134,-0.11027806618280644,False,False,False,False,-1617.0,-1026.5331616294402,False,False,False,False,68.4789079089282,False,False,False,False
2025-02-17 18:00:00+00:00,37.26,37.26,37.26,37.26,0.0,,,,,,,,,,,,,,,,,,,,,,,,,,,,,,,,,,,,,,,,,37.31505963590709,37.44124605678233,37.51367473703301,37.38559213534522,37.371331195646896,37.371331195646896,37.371331195646896,37.371331195646896,37.371331195646896,37.34385375953843,36.29904853713265,36.22925079702445,36.22925079702445,36.22925079702445,36.22925079702445,36.22925079702445,36.22925079702445,36.22925079702445,36.22775707810938,,,,,,,,,,,,,,,,,,,,,,,,,,,,,,,,,,,,,,,,,,,,,,,,,,,,37.19333333333333,37.31505963590709,37.31505963590709,37.31505963590709,37.31505963590709,37.29101426307448,37.50312631578948,37.48672402159245,37.51415237584853,37.42487293144208,37.42487293144208,37.42487293144208,37.41807683339163,37.38079228910911,37.38079228910911,37.38079228910911,37.38079228910911,37.38079228910911,37.38079228910911,37.38079228910911,36.91564004249245,36.28464455891823,36.27779036041801,,,,,,,37.50312631578948,,,,,37.386961695668965,36.841454920908085,37.380341525237405,#000000,0.42099952922046235,37.38554202010448,-0.298199906154149,45.27230684354798,-8.2436501825172,False,False,False,True,False,0.0,37.6595,36.63585,0.0,0.0,0.0,0.0,0,0.9105058365758751,0.9852140077821013,False,False,False,False,-0.12411450698348134,-0.11719628658314389,False,False,False,False,-1617.0,-1035.6876862553404,False,False,False,False,67.41721941421613,False,False,False,False
2025-02-17 19:00:00+00:00,37.26,37.26,37.26,37.26,0.0,,,,,,,,,,,,,,,,,,,,,,,,,,,,,,,,,,,,,,,,,37.31505963590709,37.44124605678233,37.51367473703301,37.38559213534522,37.371331195646896,37.371331195646896,37.371331195646896,37.371331195646896,37.371331195646896,37.34385375953843,36.29904853713265,36.22925079702445,36.22925079702445,36.22925079702445,36.22925079702445,36.22925079702445,36.22925079702445,36.22925079702445,36.22775707810938,,,,,,,,,,,,,,,,,,,,,,,,,,,,,,,,,,,,,,,,,,,,,,,,,,,,37.19333333333333,37.31505963590709,37.31505963590709,37.31505963590709,37.31505963590709,37.29101426307448,37.50312631578948,37.48672402159245,37.51415237584853,37.42487293144208,37.42487293144208,37.42487293144208,37.41807683339163,37.38079228910911,37.38079228910911,37.38079228910911,37.38079228910911,37.38079228910911,37.38079228910911,37.38079228910911,36.91564004249245,36.28464455891823,36.27779036041801,,,,,,,37.50312631578948,,,,,37.386961695668965,36.841454920908085,37.380341525237405,#000000,0.4228364964178819,37.38554202010448,-0.29690440907544513,45.10368167672823,-8.2436501825172,False,False,False,True,False,0.0,37.649100000000004,36.6428,0.0,0.0,0.0,0.0,0,0.9105058365758751,0.9852140077821013,False,False,False,False,-0.12411450698348134,-0.12065539678331261,False,False,False,False,-1617.0,-1044.7002802668856,False,False,False,False,66.37199120624379,False,False,False,False
2025-02-17 20:00:00+00:00,37.26,37.26,37.26,37.26,0.0,,,,,,,,,,,,,,,,,,,,,,,,,,,,,,,,,,,,,,,,,37.31505963590709,37.44124605678233,37.51367473703301,37.38559213534522,37.371331195646896,37.371331195646896,37.371331195646896,37.371331195646896,37.371331195646896,37.34385375953843,36.29904853713265,36.22925079702445,36.22925079702445,36.22925079702445,36.22925079702445,36.22925079702445,36.22925079702445,36.22925079702445,36.22775707810938,,,,,,,,,,,,,,,,,,,,,,,,,,,,,,,,,,,,,,,,,,,,,,,,,,,,37.19333333333333,37.31505963590709,37.31505963590709,37.31505963590709,37.31505963590709,37.29101426307448,37.50312631578948,37.48672402159245,37.51415237584853,37.42487293144208,37.42487293144208,37.42487293144208,37.41807683339163,37.38079228910911,37.38079228910911,37.38079228910911,37.38079228910911,37.38079228910911,37.38079228910911,37.38079228910911,36.91564004249245,36.28464455891823,36.27779036041801,,,,,,,37.50312631578948,,,,,37.386961695668965,36.841454920908085,37.380341525237405,#000000,0.42460898812088155,37.38554202010448,-0.29566500855309813,44.9912648988484,-8.2436501825172,False,False,False,True,False,0.0,37.6387,36.64975,0.0,0.0,0.0,0.0,0,0.9105058365758751,0.9852140077821013,False,False,False,False,-0.12411450698348134,-0.12238495188339697,False,False,False,False,-1617.0,-1053.5731441387168,False,False,False,False,65.34296808676714,False,False,False,False
2025-02-18 15:00:00+00:00,37.635,37.635,37.635,37.635,0.0,,,,,,,,,,,,,,,,,,,,,,,,,,,,,,,,,,,,,,,,,37.31505963590709,37.44124605678233,37.51367473703301,37.38559213534522,37.371331195646896,37.371331195646896,37.371331195646896,37.371331195646896,37.371331195646896,37.34385375953843,36.29904853713265,36.22925079702445,36.22925079702445,36.22925079702445,36.22925079702445,36.22925079702445,36.22925079702445,36.22925079702445,36.22775707810938,,,,,,,,,,,,,,,,,,,,,,,,,,,,,,,,,,,,,,,,,,,,,,,,,,,,37.19333333333333,37.31505963590709,37.31505963590709,37.31505963590709,37.31505963590709,37.29101426307448,37.50312631578948,37.48672402159245,37.51415237584853,37.42487293144208,37.42487293144208,37.42487293144208,37.41807683339163,37.38079228910911,37.38079228910911,37.38079228910911,37.38079228910911,37.38079228910911,37.38079228910911,37.38079228910911,36.91564004249245,36.28464455891823,36.27779036041801,,,,,,,37.50312631578948,,,,,37.386961695668965,36.841454920908085,37.380341525237405,"rgba(38, 166, 154, 0.5)",0.4246209544466701,37.38554202010448,0.5874839130833514,53.90954398677695,-0.9150353528872728,True,False,True,False,True,5.08559881735729,37.635799999999996,36.658575,0.0,0.0,0.0,0.0,0,0.9130434782608692,0.9856332703213613,False,False,False,False,0.0055932611642427014,-0.058395845359577134,False,True,False,False,-1617.0,-1062.3084442295894,False,False,False,False,64.32989881410408,False,True,False,False
2025-02-18 16:00:00+00:00,37.635,37.725,37.53,37.53,337.0,,,,,,,,,,,,,,,,,,,,,,,,,,,,,,,,,,,,,,,,37.595,37.423746159754224,37.459281239122866,37.52050419470056,37.395822702232536,37.38180304714273,37.38180304714273,37.38180304714273,37.38180304714273,37.38180304714273,37.355137092832074,36.32697638231658,36.255893777134595,36.255893777134595,36.255893777134595,36.255893777134595,36.255893777134595,36.255893777134595,36.255893777134595,36.254350686829056,,,,,,,,,,,,,,,,,,,,,,,,,,,,,,,,,,,,,,,,,,,,,,,,,,,,37.432066431510876,37.423746159754224,37.423746159754224,37.423746159754224,37.423746159754224,37.39684400826446,37.51158110322229,37.49633904259992,37.52084828377162,37.43446517204841,37.43446517204841,37.43446517204841,37.42792375447289,37.39096247769325,37.39096247769325,37.39096247769325,37.39096247769325,37.39096247769325,37.39096247769325,37.39096247769325,36.93770058456993,36.31247526312473,36.30559142815391,,,,,,,37.51158110322229,,,,37.595,37.44801310151004,36.901554506672184,37.42603600614285,#000000,0.4246642871221958,37.45872066583682,0.16784866616925817,56.6659821181226,1.5336059764666032,True,False,True,False,True,3.29170106355712,37.626799999999996,36.666875,-1.0,37.725,37.53,0.0,0,0.9212419538053769,0.978795910639909,False,False,False,False,0.0030117257676213257,-0.027692059795977903,False,False,False,False,-1954.0,-1076.1331195128516,False,False,False,False,68.55734224334277,False,False,False,False
2025-02-18 17:00:00+00:00,37.53,37.53,37.53,37.53,0.0,,,,,,,,,,,,,,,,,,,,,,,,,,,,,,,,,,,,,,,,37.595,37.423746159754224,37.459281239122866,37.52050419470056,37.395822702232536,37.38180304714273,37.38180304714273,37.38180304714273,37.38180304714273,37.38180304714273,37.355137092832074,36.32697638231658,36.255893777134595,36.255893777134595,36.255893777134595,36.255893777134595,36.255893777134595,36.255893777134595,36.255893777134595,36.254350686829056,,,,,,,,,,,,,,,,,,,,,,,,,,,,,,,,,,,,,,,,,,,,,,,,,,,,37.432066431510876,37.423746159754224,37.423746159754224,37.423746159754224,37.423746159754224,37.39684400826446,37.51158110322229,37.49633904259992,37.52084828377162,37.43446517204841,37.43446517204841,37.43446517204841,37.42792375447289,37.39096247769325,37.39096247769325,37.39096247769325,37.39096247769325,37.39096247769325,37.39096247769325,37.39096247769325,36.93770058456993,36.31247526312473,36.30559142815391,,,,,,,37.51158110322229,,,,37.595,37.44801310151004,36.901554506672184,37.42603600614285,#000000,0.4246209226217823,37.45872066583682,0.1678658077493493,58.5036075390197,3.1957739476655007,True,False,True,False,True,3.29170106355712,37.611399999999996,36.675225,0.0,0.0,0.0,0.0,0,0.9212419538053769,0.9772813328284737,False,False,False,False,-0.030557110839714584,-0.029124585317846244,False,False,False,False,-1954.0,-1089.7434587452103,False,False,False,False,67.49443771243823,False,False,False,False
2025-02-18 18:00:00+00:00,37.53,37.53,37.53,37.53,0.0,,,,,,,,,,,,,,,,,,,,,,,,,,,,,,,,,,,,,,,,37.595,37.423746159754224,37.459281239122866,37.52050419470056,37.395822702232536,37.38180304714273,37.38180304714273,37.38180304714273,37.38180304714273,37.38180304714273,37.355137092832074,36.32697638231658,36.255893777134595,36.255893777134595,36.255893777134595,36.255893777134595,36.255893777134595,36.255893777134595,36.255893777134595,36.254350686829056,,,,,,,,,,,,,,,,,,,,,,,,,,,,,,,,,,,,,,,,,,,,,,,,,,,,37.432066431510876,37.423746159754224,37.423746159754224,37.423746159754224,37.423746159754224,37.39684400826446,37.51158110322229,37.49633904259992,37.52084828377162,37.43446517204841,37.43446517204841,37.43446517204841,37.42792375447289,37.39096247769325,37.39096247769325,37.39096247769325,37.39096247769325,37.39096247769325,37.39096247769325,37.39096247769325,36.93770058456993,36.31247526312473,36.30559142815391,,,,,,,37.51158110322229,,,,37.595,37.44801310151004,36.901554506672184,37.42603600614285,#000000,0.4224458705133221,37.45872066583682,0.16873010044237513,59.72869115295109,4.398369776051069,True,False,True,False,True,3.29170106355712,37.5914,36.684975,0.0,0.0,0.0,0.0,0,0.9212419538053769,0.9772813328284737,False,False,False,False,-0.030557110839714584,-0.029840848078780416,False,False,False,False,-1954.0,-1103.1427849662148,False,False,False,False,66.44801232154771,False,False,False,False
2025-02-18 19:00:00+00:00,37.53,37.57,37.53,37.57,5.0,,,,,,,,,,,,,,,,,,,,,,,,,,,,,,,,,,,,,,,,37.5944395711501,37.42450744558992,37.45945042853834,37.52054919528787,37.3959392051765,37.3819244296358,37.3819244296358,37.3819244296358,37.3819244296358,37.3819244296358,37.35527133848477,36.32736943041616,36.25627015817902,36.25627015817902,36.25627015817902,36.25627015817902,36.25627015817902,36.25627015817902,36.25627015817902,36.254726405477676,,,,,,,,,,,,,,,,,,,,,,,,,,,,,,,,,,,,,,,,,,,,,,,,,,,,37.43315559440559,37.42450744558992,37.42450744558992,37.42450744558992,37.42450744558992,37.39766529633436,37.51164257794747,37.49641842105264,37.52089224349535,37.43456731305026,37.43456731305026,37.43456731305026,37.4280299779978,37.39107912149796,37.39107912149796,37.39107912149796,37.39107912149796,37.39107912149796,37.39107912149796,37.39107912149796,36.93799865164211,36.31286720850135,36.305983074547136,,,,,,,37.51164257794747,,,,37.5944395711501,37.44832899607411,36.90178831377768,37.42635448416146,#000000,0.4202651779770294,37.459108333827345,0.26386118094874944,61.395771606160494,6.097562856266208,True,False,True,False,True,3.935996998791879,37.572599999999994,36.694925000000005,0.0,0.0,0.0,0.0,0,0.9214798036995093,0.9743299358248393,False,False,False,False,-0.02366805893105104,-0.026754453504915728,False,False,False,False,-1949.0,-1116.2568503155758,False,False,False,False,65.49532995997332,False,False,False,False
2025-02-18 20:00:00+00:00,37.57,37.57,37.4,37.4,95.0,,,,,,,,,,,,,,,,,,,,,,,,,,,,,,,,,,,,,,,,37.56448893974065,37.42766356749311,37.45936147550174,37.519073668854844,37.39676359912356,37.38289736914224,37.38289736914224,37.38289736914224,37.38289736914224,37.38289736914224,37.356538613340355,36.33418625831321,36.26283347721823,36.26283347721823,36.26283347721823,36.26283347721823,36.26283347721823,36.26283347721823,36.26283347721823,36.261278931864275,,,,,,,,,,,,,,,,,,,,,,,,,,,,,,,,,,,,,,,,,,,,,,,,,,,,37.43650424787606,37.42766356749311,37.42766356749311,37.42766356749311,37.42766356749311,37.40291354556803,37.510254297359566,37.49544886606761,37.51942871991686,37.4349127859141,37.4349127859141,37.4349127859141,37.42847197400488,37.39194475317218,37.39194475317218,37.39194475317218,37.39194475317218,37.39194475317218,37.39194475317218,37.39194475317218,36.94270121524465,36.31967255380891,36.31278676790939,,,,,,,37.510254297359566,,,,37.56448893974065,37.4479827517783,36.90368381202352,37.42760137753565,#000000,0.41842899017642565,37.458673563757486,-0.14022346714731343,57.24555561788999,6.097562856266208,True,False,True,False,False,0.9755802596296448,37.5502,36.705524999999994,0.0,0.0,0.0,0.0,0,0.9127841967946327,0.9746552366753631,False,False,False,False,-0.04606908476759883,-0.03641176913625728,False,False,False,False,-2044.0,-1130.6404650393654,False,False,False,False,65.95276670477993,False,False,False,False
2025-02-19 15:00:00+00:00,37.4,37.4,37.4,37.4,0.0,,,,,,,,,,,,,,,,,,,,,,,,,,,,,,,,,,,,,,,,37.56448893974065,37.42766356749311,37.45936147550174,37.519073668854844,37.39676359912356,37.38289736914224,37.38289736914224,37.38289736914224,37.38289736914224,37.38289736914224,37.356538613340355,36.33418625831321,36.26283347721823,36.26283347721823,36.26283347721823,36.26283347721823,36.26283347721823,36.26283347721823,36.26283347721823,36.261278931864275,,,,,,,,,,,,,,,,,,,,,,,,,,,,,,,,,,,,,,,,,,,,,,,,,,,,37.43650424787606,37.42766356749311,37.42766356749311,37.42766356749311,37.42766356749311,37.40291354556803,37.510254297359566,37.49544886606761,37.51942871991686,37.4349127859141,37.4349127859141,37.4349127859141,37.42847197400488,37.39194475317218,37.39194475317218,37.39194475317218,37.39194475317218,37.39194475317218,37.39194475317218,37.39194475317218,36.94270121524465,36.31967255380891,36.31278676790939,,,,,,,37.510254297359566,,,,37.56448893974065,37.4479827517783,36.90368381202352,37.42760137753565,#000000,0.4164514615415132,37.458673563757486,-0.14088932126760897,54.478744959042984,10.133772292902378,True,False,True,False,False,0.9755802596296448,37.5354,36.716125,0.0,0.0,0.0,0.0,0,0.9127841967946327,0.9873276183376816,False,False,False,False,-0.0754361315688648,-0.05592395035256104,False,False,False,False,-2044.0,-1144.8010779844915,False,False,False,False,64.93024318997715,False,False,False,False
2025-02-19 16:00:00+00:00,37.4,37.4,37.4,37.4,0.0,,,,,,,,,,,,,,,,,,,,,,,,,,,,,,,,,,,,,,,,37.56448893974065,37.42766356749311,37.45936147550174,37.519073668854844,37.39676359912356,37.38289736914224,37.38289736914224,37.38289736914224,37.38289736914224,37.38289736914224,37.356538613340355,36.33418625831321,36.26283347721823,36.26283347721823,36.26283347721823,36.26283347721823,36.26283347721823,36.26283347721823,36.26283347721823,36.261278931864275,,,,,,,,,,,,,,,,,,,,,,,,,,,,,,,,,,,,,,,,,,,,,,,,,,,,37.43650424787606,37.42766356749311,37.42766356749311,37.42766356749311,37.42766356749311,37.40291354556803,37.510254297359566,37.49544886606761,37.51942871991686,37.4349127859141,37.4349127859141,37.4349127859141,37.42847197400488,37.39194475317218,37.39194475317218,37.39194475317218,37.39194475317218,37.39194475317218,37.39194475317218,37.39194475317218,36.94270121524465,36.31967255380891,36.31278676790939,,,,,,,37.510254297359566,,,,37.56448893974065,37.4479827517783,36.90368381202352,37.42760137753565,#000000,0.4143305682906603,37.458673563757486,-0.14161051162492796,52.63420451981165,8.35902235074699,True,False,False,False,False,0.9755802596296448,37.5206,36.726375000000004,0.0,0.0,0.0,0.0,0,0.9127841967946327,0.9873276183376816,False,False,False,False,-0.0754361315688648,-0.06568004096071292,False,False,False,False,-2044.0,-1158.7421465428715,False,False,False,False,63.923572752923235,False,False,False,False
2025-02-19 17:00:00+00:00,37.4,37.4,37.4,37.4,0.0,,,,,,,,,,,,,,,,,,,,,,,,,,,,,,,,,,,,,,,,37.56448893974065,37.42766356749311,37.45936147550174,37.519073668854844,37.39676359912356,37.38289736914224,37.38289736914224,37.38289736914224,37.38289736914224,37.38289736914224,37.356538613340355,36.33418625831321,36.26283347721823,36.26283347721823,36.26283347721823,36.26283347721823,36.26283347721823,36.26283347721823,36.26283347721823,36.261278931864275,,,,,,,,,,,,,,,,,,,,,,,,,,,,,,,,,,,,,,,,,,,,,,,,,,,,37.43650424787606,37.42766356749311,37.42766356749311,37.42766356749311,37.42766356749311,37.40291354556803,37.510254297359566,37.49544886606761,37.51942871991686,37.4349127859141,37.4349127859141,37.4349127859141,37.42847197400488,37.39194475317218,37.39194475317218,37.39194475317218,37.39194475317218,37.39194475317218,37.39194475317218,37.39194475317218,36.94270121524465,36.31967255380891,36.31278676790939,,,,,,,37.510254297359566,,,,37.56448893974065,37.4479827517783,36.90368381202352,37.42760137753565,#000000,0.4144194680462499,37.458673563757486,-0.1415801338535078,51.40451089365742,7.067971292099379,True,False,False,False,False,0.9755802596296448,37.5042,36.73765,0.0,0.0,0.0,0.0,0,0.9127841967946327,0.9873276183376816,False,False,False,False,-0.0754361315688648,-0.07055808626478886,False,False,False,False,-2044.0,-1172.4670745034473,False,False,False,False,62.93250960946706,False,False,False,False
2025-02-19 18:00:00+00:00,37.4,37.4,37.02,37.02,182.0,,,,,,,,,,,,,,,,,,,,,,,,,,,,,,,,,,,,,,,,37.44163974151857,37.383192753623185,37.441323296354994,37.50329297632906,37.39042409470752,37.377149509803935,37.377149509803935,37.377149509803935,37.377149509803935,37.377149509803935,37.35163090496382,36.343474664991625,36.27199550037023,36.27199550037023,36.27199550037023,36.27199550037023,36.27199550037023,36.27199550037023,36.27199550037023,36.27043048614267,,,,,,,,,,,,,,,,,,,,,,,,,,,,,,,,,,,,,,,,,,,,,,,,,,,,37.374371809972516,37.383192753623185,37.383192753623185,37.383192753623185,37.383192753623185,37.36560399999999,37.493476166328605,37.479878995993786,37.50383628284686,37.42653112850828,37.42653112850828,37.42653112850828,37.420378465099155,37.38589588979224,37.38589588979224,37.38589588979224,37.38589588979224,37.38589588979224,37.38589588979224,37.38589588979224,36.94618355222015,36.32899281689269,36.322126797546524,,,,,,,37.493476166328605,,,,37.44163974151857,37.41907873811881,36.89575624851215,37.407559067440204,"rgba(239, 83, 80, 0.5)",0.40901087013933213,37.423452355451104,-0.9864098607297712,42.979715796795,-0.780151467810235,False,False,False,True,False,0.0,37.480199999999996,36.7464,0.0,0.0,0.0,0.0,0,0.8876404494382024,0.9876766944545123,False,False,False,False,-0.14163047416483546,-0.10609428021481215,False,False,False,False,-2226.0,-1188.8009183095955,False,False,False,False,64.77851721242106,False,False,False,False
2025-02-19 19:00:00+00:00,37.02,37.02,37.02,37.02,0.0,,,,,,,,,,,,,,,,,,,,,,,,,,,,,,,,,,,,,,,,37.44163974151857,37.383192753623185,37.441323296354994,37.50329297632906,37.39042409470752,37.377149509803935,37.377149509803935,37.377149509803935,37.377149509803935,37.377149509803935,37.35163090496382,36.343474664991625,36.27199550037023,36.27199550037023,36.27199550037023,36.27199550037023,36.27199550037023,36.27199550037023,36.27199550037023,36.27043048614267,,,,,,,,,,,,,,,,,,,,,,,,,,,,,,,,,,,,,,,,,,,,,,,,,,,,37.374371809972516,37.383192753623185,37.383192753623185,37.383192753623185,37.383192753623185,37.36560399999999,37.493476166328605,37.479878995993786,37.50383628284686,37.42653112850828,37.42653112850828,37.42653112850828,37.420378465099155,37.38589588979224,37.38589588979224,37.38589588979224,37.38589588979224,37.38589588979224,37.38589588979224,37.38589588979224,36.94618355222015,36.32899281689269,36.322126797546524,,,,,,,37.493476166328605,,,,37.44163974151857,37.41907873811881,36.89575624851215,37.407559067440204,"rgba(239, 83, 80, 0.5)",0.4101663911983892,37.423452355451104,-0.983630946144389,37.36318573222005,-5.715563539693683,False,True,False,True,False,0.0,37.456199999999995,36.75515,0.0,0.0,0.0,0.0,0,0.8876404494382024,1.0152229068503076,False,False,False,False,-0.2090830526238042,-0.1575886664193082,False,False,False,False,-2226.0,-1204.8815242272763,False,False,False,False,63.774199116104455,False,False,False,False
2025-02-19 20:00:00+00:00,37.02,37.32,37.02,37.32,34.0,,,,,,,,,,,,,,,,,,,,,,,,,,,,,,,,,,,,,,,,37.43009954058192,37.37850647522522,37.4389636249608,37.50106799106799,37.3896208760743,37.37643842604916,37.37643842604916,37.37643842604916,37.37643842604916,37.37643842604916,37.3510583770415,36.34534265179057,36.27382780967541,36.27382780967541,36.27382780967541,36.27382780967541,36.27382780967541,36.27382780967541,36.27382780967541,36.27226051468089,,,,,,,,,,,,,,,,,,,,,,,,,,,,,,,,,,,,,,,,,,,,,,,,,,,,37.368427708569264,37.37850647522522,37.37850647522522,37.37850647522522,37.37850647522522,37.3617484423676,37.4911387631976,37.47772966836942,37.50163549980997,37.425415276232854,37.425415276232854,37.425415276232854,37.41930910898342,37.38513510475677,37.38513510475677,37.38513510475677,37.38513510475677,37.38513510475677,37.38513510475677,37.38513510475677,36.947054111339696,36.33086479639128,36.32400161722861,,,,,,,37.4911387631976,,,,37.43009954058192,37.41593948191603,36.895295342469836,37.405310332709696,#000000,0.4074948957843915,37.419661907384814,-0.24457216131007825,41.44302695135819,-5.715563539693683,False,False,False,True,True,0.0,37.4352,36.7654,0.0,0.0,0.0,0.0,0,0.8900319262149701,0.9936147570060303,False,False,False,False,-0.1557051664768111,-0.15664691644805964,False,False,False,False,-2192.0,-1220.1856866423573,False,False,False,False,63.31258362593229,False,False,False,False
2025-02-20 15:00:00+00:00,37.32,37.32,36.03,36.03,212.0,,,,,,,,,,,,,,,,,,,,,,,,,,,,,,,,,,,,,,,,37.19234104046242,37.23901981852913,37.377940311673036,37.452464948983334,37.36308173983302,37.351291526447504,37.351291526447504,37.351291526447504,37.351291526447504,37.351291526447504,37.327530618175786,36.346846261701515,36.27604476773578,36.27604476773578,36.27604476773578,36.27604476773578,36.27604476773578,36.27604476773578,36.27604476773578,36.27448975019605,,,,,,,,,,,,,,,,,,,,,,,,,,,,,,,,,,,,,,,,,,,,,,,,,,,,37.19254946727549,37.23901981852913,37.23901981852913,37.23901981852913,37.23901981852913,37.23396056149732,37.438966587112176,37.427820186598815,37.4535983612501,37.393952088137326,37.393952088137326,37.393952088137326,37.38841536280318,37.35941668852173,37.35941668852173,37.35941668852173,37.35941668852173,37.35941668852173,37.35941668852173,37.35941668852173,36.93758634390856,36.33253461421166,36.3257495200566,,,,,,,37.438966587112176,,,,37.19234104046242,37.330846365079495,36.863124274797116,37.33945814423588,"rgba(255, 26, 202, 1.0)",0.4409524703200121,37.317029427693825,-2.9187486505286815,34.14555453125346,-7.573018154792578,False,True,False,True,False,0.0,37.3884,36.7692,0.0,0.0,0.0,0.0,0,0.8349041273968151,0.9941501462463436,False,False,False,False,-0.33704531530173254,-0.24684611587489608,False,False,False,False,-2404.0,-1238.5393969269717,False,False,False,False,65.61781488754575,False,False,False,False
2025-02-20 16:00:00+00:00,36.03,36.03,36.03,36.03,100.0,,,,,,,,,,,,,,,,,,,,,,,,,,,,,,,,,,,,,,,,37.071891191709845,37.15820298573975,37.33943873179091,37.42181498240321,37.34536872176455,37.33440816935004,37.33440816935004,37.33440816935004,37.33440816935004,37.33440816935004,37.31156886865954,36.34489835649002,36.274670446293925,36.274670446293925,36.274670446293925,36.274670446293925,36.274670446293925,36.274670446293925,36.274670446293925,36.27312799376185,,,,,,,,,,,,,,,,,,,,,,,,,,,,,,,,,,,,,,,,,,,,,,,,,,,,37.0952649930265,37.15820298573975,37.15820298573975,37.15820298573975,37.15820298573975,37.15852443609022,37.40612354312355,37.396216745798476,37.42328968845363,37.37330179157204,37.37330179157204,37.37330179157204,37.368088932116315,37.342209638450264,37.342209638450264,37.342209638450264,37.342209638450264,37.342209638450264,37.342209638450264,37.342209638450264,36.92934005693865,36.330700515307676,36.32396735964649,,,,,,,37.40612354312355,,,,37.071891191709845,37.281068077329635,36.84305229015637,37.29978465627179,"rgba(255, 26, 202, 1.0)",0.47161549080941917,37.25743364095841,-2.602615191565915,29.280572917850304,-11.77515743365052,False,True,False,True,False,0.0,37.3394,36.772275,0.0,0.0,0.0,0.0,0,0.8349041273968151,1.0779980500487485,False,False,False,False,-0.34282825441539394,-0.294837185145145,False,False,False,False,-2404.0,-1256.6085535637628,False,False,False,False,66.15087202107217,False,False,False,False
2025-02-20 17:00:00+00:00,36.03,36.04,35.85,36.04,200.0,,,,,,,,,,,,,,,,,,,,,,,,,,,,,,,,,,,,,,,,36.88386981402003,37.01887087264151,37.265795280554805,37.362110445500235,37.309937656398304,37.30057459091287,37.30057459091287,37.30057459091287,37.30057459091287,37.30057459091287,37.27951454756474,36.34042572573789,36.2713781325379,36.2713781325379,36.2713781325379,36.2713781325379,36.2713781325379,36.2713781325379,36.2713781325379,36.26986192207412,,,,,,,,,,,,,,,,,,,,,,,,,,,,,,,,,,,,,,,,,,,,,,,,,,,35.97666666666667,36.934892473118275,37.01887087264151,37.01887087264151,37.01887087264151,37.01887087264151,37.026914439495165,37.34245063103193,37.334804239671215,37.36420767817032,37.332254469752634,37.332254469752634,37.332254469752634,37.327658240108484,37.307752334090345,37.307752334090345,37.307752334090345,37.307752334090345,37.307752334090345,37.307752334090345,37.307752334090345,36.91233714081743,36.32645931915744,36.319831596705384,,,,,,,37.34245063103193,,,,36.88386981402003,37.126408883564565,36.80664530734106,37.161317763631395,"rgba(255, 26, 202, 1.0)",0.5012562866090566,37.06819569464508,-2.051237504871426,26.19570920335334,-14.48508646852882,False,True,False,True,False,0.0,37.3012,36.773325,0.0,0.0,0.0,0.0,0,0.8175109023817511,1.090573633009057,False,False,False,False,-0.34282825441539394,-0.3188327197802695,False,False,False,False,-2204.0,-1271.2967930433942,False,False,False,False,68.22605229981525,False,False,False,False
2025-02-20 18:00:00+00:00,36.04,36.04,36.04,36.04,0.0,,,,,,,,,,,,,,,,,,,,,,,,,,,,,,,,,,,,,,,,36.88386981402003,37.01887087264151,37.265795280554805,37.362110445500235,37.309937656398304,37.30057459091287,37.30057459091287,37.30057459091287,37.30057459091287,37.30057459091287,37.27951454756474,36.34042572573789,36.2713781325379,36.2713781325379,36.2713781325379,36.2713781325379,36.2713781325379,36.2713781325379,36.2713781325379,36.26986192207412,,,,,,,,,,,,,,,,,,,,,,,,,,,,,,,,,,,,,,,,,,,,,,,,,,,35.97666666666667,36.934892473118275,37.01887087264151,37.01887087264151,37.01887087264151,37.01887087264151,37.026914439495165,37.34245063103193,37.334804239671215,37.36420767817032,37.332254469752634,37.332254469752634,37.332254469752634,37.327658240108484,37.307752334090345,37.307752334090345,37.307752334090345,37.307752334090345,37.307752334090345,37.307752334090345,37.307752334090345,36.91233714081743,36.32645931915744,36.319831596705384,,,,,,,37.34245063103193,,,,36.88386981402003,37.126408883564565,36.80664530734106,37.161317763631395,"rgba(255, 0, 0, 1.0)",0.5291414344557523,37.06819569464508,-1.943139636574911,24.139133393688702,-16.468814675395762,False,True,False,True,False,0.0,37.2662,36.774375,0.0,0.0,0.0,0.0,0,0.8302583025830257,1.0798389802079837,False,False,False,False,-0.3163273612904561,-0.3175800405353628,False,False,False,False,-2204.0,-1285.7573078799307,False,False,False,False,67.16828404710493,False,False,False,False
2025-02-20 19:00:00+00:00,36.04,36.4,36.04,36.4,148.0,,,,,,,,,,,,,,,,,,,,,,,,,,,,,,,,,,,,,,,,36.815802234069565,36.95956887201735,37.22788992811986,37.33000935391194,37.29057890949115,37.28209587309356,37.28209587309356,37.28209587309356,37.28209587309356,37.28209587309356,37.262064016357996,36.33988744432406,36.271448048508766,36.271448048508766,36.271448048508766,36.271448048508766,36.271448048508766,36.271448048508766,36.271448048508766,36.26994390412707,,,,,,,,,,,,,,,,,,,,,,,,,,,,,,,,,,,,,,,,,,,,,,,,,,,36.10567049808429,36.872077122488655,36.95956887201735,36.95956887201735,36.95956887201735,36.95956887201735,36.97005058299039,37.30854750610896,37.302083420666534,37.3324013875124,37.309856416894384,37.309856416894384,37.309856416894384,37.30560541411843,37.28891317810256,37.28891317810256,37.28891317810256,37.28891317810256,37.28891317810256,37.28891317810256,37.28891317810256,36.90409459221421,36.32605107957807,36.31948366090225,,,,,,,37.30854750610896,,,,36.815802234069565,37.093852157321734,36.79031801837241,37.13488798696689,"rgba(239, 83, 80, 1.0)",0.5438982002658993,37.03111862467253,-1.160361671290679,28.42274750755098,-16.468814675395762,False,True,False,True,True,0.0,37.2384,36.777925,0.0,0.0,0.0,0.0,0,0.83426138224697,1.0543727481166065,False,False,False,False,-0.2672392992713353,-0.29240966990334905,False,False,False,False,-2056.0,-1297.699055044583,False,False,False,False,68.42148894559944,False,False,False,False
2025-02-20 20:00:00+00:00,36.4,36.54,36.35,36.54,643.0,,,,,,,,,,,,,,,,,,,,,,,,,,,,,,,,,,,,,,,,36.70431748466258,36.83471719608632,37.120357301869994,37.23258404356061,37.22913173652694,37.22335809610223,37.22335809610223,37.22335809610223,37.22335809610223,37.22335809610223,37.20669005847954,36.34498387127929,36.27843204191808,36.27843204191808,36.27843204191808,36.27843204191808,36.27843204191808,36.27843204191808,36.27843204191808,36.27696014779627,,,,,,,,,,,,,,,,,,,,,,,,,,,,,,,,,,,,,,,,,,,,,,,,,,,36.34638748738648,36.7557692894175,36.83471719608632,36.83471719608632,36.83471719608632,36.83471719608632,36.84741979126401,37.20725998863852,37.204051840906295,37.23566484997657,37.239327058100756,37.239327058100756,37.239327058100756,37.23614911823473,37.228998699858515,37.228998699858515,37.228998699858515,37.228998699858515,37.228998699858515,37.228998699858515,37.228998699858515,36.88118585201857,36.33158955736018,36.32523077068882,,,,,,,37.20725998863852,,,,36.70431748466258,37.01198293935183,36.750777830709964,37.06317722618113,"rgba(239, 83, 80, 0.5)",0.5545583666145636,36.94174120559882,-0.7244344865831605,33.06211778244209,-16.468814675395762,False,True,False,True,True,0.0,37.2172,36.78295,0.0,0.0,0.0,0.0,0,0.8650714523097377,1.0604852110335659,False,False,False,False,-0.20757465084753282,-0.24999216037544092,False,False,False,False,-1413.0,-1299.4866665942793,False,False,False,False,77.32968291543511,False,False,False,False
2025-02-21 15:00:00+00:00,36.54,36.855,36.54,36.855,200.0,,,,,,,,,,,,,,,,,,,,,,,,,,,,,,,,,,,,,,,,36.7085551948052,36.82841148740851,37.104570545609555,37.2160345221765,37.21813869450499,37.212858859191904,37.212858859191904,37.212858859191904,37.212858859191904,37.212858859191904,37.19688984263234,36.34962402856543,36.2833714779512,36.2833714779512,36.2833714779512,36.2833714779512,36.2833714779512,36.2833714779512,36.2833714779512,36.2819018020371,,,,,,,,,,,,,,,,,,,,,,,,,,,,,,,,,,,,,,,,,,,,,,,,,,,36.41416456759026,36.75528569432802,36.82841148740851,36.82841148740851,36.82841148740851,36.82841148740851,36.84042877646214,37.19057471264369,37.187876142975895,37.21916808197465,37.22677377287498,37.22677377287498,37.22677377287498,37.22380090593514,37.21825520541289,37.21825520541289,37.21825520541289,37.21825520541289,37.21825520541289,37.21825520541289,37.21825520541289,36.87903473531743,36.33632110143618,36.330007215412884,,,,,,,37.19057471264369,,,,36.7085551948052,37.00596159000432,36.74760103796787,37.05673986913231,#000000,0.5590023449162369,36.936967272203034,-0.14663135664541777,39.55548576759439,-20.44208826088879,False,True,False,True,True,0.0,37.202299999999994,36.789725,0.0,0.0,0.0,0.0,0,0.867383512544803,1.0257412838057998,False,False,False,False,-0.1422916464800322,-0.19614190342773657,False,False,False,False,-1213.0,-1298.14578804243,False,False,False,False,79.23154829659116,False,False,False,False
2025-02-21 16:00:00+00:00,36.855,36.855,36.855,36.855,0.0,,,,,,,,,,,,,,,,,,,,,,,,,,,,,,,,,,,,,,,,36.7085551948052,36.82841148740851,37.104570545609555,37.2160345221765,37.21813869450499,37.212858859191904,37.212858859191904,37.212858859191904,37.212858859191904,37.212858859191904,37.19688984263234,36.34962402856543,36.2833714779512,36.2833714779512,36.2833714779512,36.2833714779512,36.2833714779512,36.2833714779512,36.2833714779512,36.2819018020371,,,,,,,,,,,,,,,,,,,,,,,,,,,,,,,,,,,,,,,,,,,,,,,,,,,36.41416456759026,36.75528569432802,36.82841148740851,36.82841148740851,36.82841148740851,36.82841148740851,36.84042877646214,37.19057471264369,37.187876142975895,37.21916808197465,37.22677377287498,37.22677377287498,37.22677377287498,37.22380090593514,37.21825520541289,37.21825520541289,37.21825520541289,37.21825520541289,37.21825520541289,37.21825520541289,37.21825520541289,36.87903473531743,36.33632110143618,36.330007215412884,,,,,,,37.19057471264369,,,,36.7085551948052,37.00596159000432,36.74760103796787,37.05673986913231,#000000,0.5633264459306999,36.936967272203034,-0.1455058124736454,43.88439775769593,-16.375530439801082,False,False,False,True,True,0.0,37.186899999999994,36.79775,0.0,0.0,0.0,0.0,0,0.8892518784710878,1.025808559294348,False,False,False,False,-0.10220626606151811,-0.14917408474462734,False,False,False,False,-1213.0,-1296.8256983053382,False,False,False,False,78.00315219896959,False,False,False,False
2025-02-21 17:00:00+00:00,36.855,36.855,36.855,36.855,0.0,,,,,,,,,,,,,,,,,,,,,,,,,,,,,,,,,,,,,,,,36.7085551948052,36.82841148740851,37.104570545609555,37.2160345221765,37.21813869450499,37.212858859191904,37.212858859191904,37.212858859191904,37.212858859191904,37.212858859191904,37.19688984263234,36.34962402856543,36.2833714779512,36.2833714779512,36.2833714779512,36.2833714779512,36.2833714779512,36.2833714779512,36.2833714779512,36.2819018020371,,,,,,,,,,,,,,,,,,,,,,,,,,,,,,,,,,,,,,,,,,,,,,,,,,,36.41416456759026,36.75528569432802,36.82841148740851,36.82841148740851,36.82841148740851,36.82841148740851,36.84042877646214,37.19057471264369,37.187876142975895,37.21916808197465,37.22677377287498,37.22677377287498,37.22677377287498,37.22380090593514,37.21825520541289,37.21825520541289,37.21825520541289,37.21825520541289,37.21825520541289,37.21825520541289,37.21825520541289,36.87903473531743,36.33632110143618,36.330007215412884,,,,,,,37.19057471264369,,,,36.7085551948052,37.00596159000432,36.74760103796787,37.05673986913231,#000000,0.567605504738315,36.936967272203034,-0.14440887468282607,46.77033908443029,-13.535692786009136,True,False,False,False,True,0.0,37.172,36.806225,0.0,0.0,0.0,0.0,0,0.8891794704151682,1.0232101994115723,False,False,False,False,-0.10220626606151811,-0.12569017540307273,False,False,False,False,-1213.0,-1295.526075075798,False,False,False,False,76.79380100208634,False,False,False,False
2025-02-21 18:00:00+00:00,36.855,36.855,36.3,36.3,11.0,,,,,,,,,,,,,,,,,,,,,,,,,,,,,,,,,,,,,,,,36.70742039686203,36.82701136644428,37.10312141186477,37.21465828056363,37.21721471127406,37.21197201299661,37.21197201299661,37.21197201299661,37.21197201299661,37.21197201299661,37.19605061979781,36.34970927791772,36.2834875686993,36.2834875686993,36.2834875686993,36.2834875686993,36.2834875686993,36.2834875686993,36.2834875686993,36.2820184276467,,,,,,,,,,,,,,,,,,,,,,,,,,,,,,,,,,,,,,,,,,,,,,,,,,,36.414812811980035,36.754045334445834,36.82701136644428,36.82701136644428,36.82701136644428,36.82701136644428,36.839031451036455,37.18916150764749,37.18650162962963,37.21779906198792,37.22572861961488,37.22572861961488,37.22572861961488,37.22277023885014,37.21735177718041,37.21735177718041,37.21735177718041,37.21735177718041,37.21735177718041,37.21735177718041,37.21735177718041,36.87867969091307,36.33641351641522,36.33010301361654,,,,,,,37.18916150764749,,,,36.70742039686203,37.004806565219425,36.74707387691247,37.05567320116408,"rgba(239, 83, 80, 1.0)",0.5829358362542276,36.88890298235323,-1.0102363686153661,43.31039923769675,-13.535692786009136,False,False,False,True,True,0.0,37.146,36.811925,-1.0,36.855,36.3,0.0,0,0.8580441640378548,1.0223974763406938,False,False,False,False,-0.17313393133426924,-0.14941205336867097,False,False,False,False,-1224.0,-1294.417143679274,False,False,False,False,75.77374207182143,False,False,False,False
2025-02-21 19:00:00+00:00,36.3,36.3,36.01,36.235,141.0,,,,,,,,,,,,,,,,,,,,,,,,,,,,,,,,,,,,,,,,36.67530112651647,36.79496007984032,37.07629954582989,37.19031807040998,37.20075149396775,37.19612807648963,37.19612807648963,37.19612807648963,37.19612807648963,37.19612807648963,37.180950520833335,36.34836371552426,36.282741608645956,36.282741608645956,36.282741608645956,36.282741608645956,36.282741608645956,36.282741608645956,36.282741608645956,36.281285173861235,,,,,,,,,,,,,,,,,,,,,,,,,,,,,,,,,,,,,,,,,,,,,,,,,,,36.39033507073716,36.72224651956922,36.79496007984032,36.79496007984032,36.79496007984032,36.79496007984032,36.80749404559374,37.163942836854254,37.16192970285582,37.19361120309051,37.207206634792826,37.207206634792826,37.207206634792826,37.20448023091619,37.20124949461536,37.20124949461536,37.20124949461536,37.20124949461536,37.20124949461536,37.20124949461536,37.20124949461536,36.87072124598484,36.335190324027366,36.32893624335676,,,,,,,37.163942836854254,,,,36.67530112651647,36.979218982226826,36.735403068487656,37.03264984005244,"rgba(239, 83, 80, 1.0)",0.5991794464175433,36.84428149153368,-1.0168597991412005,40.5315937487817,-13.535692786009136,False,False,False,True,False,0.0,37.1215,36.8173,0.0,0.0,0.0,0.0,0,0.8413986887293162,1.064626912269747,False,False,False,False,-0.2848094088593281,-0.21711073111399953,False,False,False,False,-1365.0,-1295.5114515292075,False,False,False,False,76.78500188466141,False,False,False,False
2025-02-21 20:00:00+00:00,36.235,36.24,36.01,36.01,94.0,,,,,,,,,,,,,,,,,,,,,,,,,,,,,,,,,,,,,,,,36.65226547321677,36.77225991589954,37.057460847846635,37.17324942415268,37.18906746253114,37.184869372773406,37.184869372773406,37.184869372773406,37.184869372773406,37.184869372773406,37.17019757474389,36.34697414750795,36.28178860737677,36.28178860737677,36.28178860737677,36.28178860737677,36.28178860737677,36.28178860737677,36.28178860737677,36.28034173929487,,,,,,,,,,,,,,,,,,,,,,,,,,,,,,,,,,,,,,,,,,,,,,,,,,,36.37047088842496,36.69954723910841,36.77225991589954,36.77225991589954,36.77225991589954,36.77225991589954,36.78515386306188,37.14626098597288,37.14468145620023,37.1766479187045,37.19410905247451,37.19410905247451,37.19410905247451,37.19154002463054,37.18981538069774,37.18981538069774,37.18981538069774,37.18981538069774,37.18981538069774,37.18981538069774,37.18981538069774,36.8647981462134,36.33388755669567,36.327673303016866,,,,,,,37.14626098597288,,,,36.65226547321677,36.960989385073475,36.72693418503489,37.01622807406558,"rgba(239, 83, 80, 1.0)",0.619291319767168,36.82220691336262,-1.3115102495994684,37.144480572525396,-13.535692786009136,False,True,False,True,False,0.0,37.0925,36.821549999999995,0.0,0.0,0.0,0.0,0,0.8445273631840795,1.0680970149253726,False,False,False,False,-0.2929761955317929,-0.2550434633228962,False,False,False,False,-1459.0,-1298.0461577070494,False,False,False,False,77.05190108024804,False,False,False,False
2025-02-24 15:00:00+00:00,36.33,36.33,36.33,36.33,0.0,,,,,,,,,,,,,,,,,,,,,,,,,,,,,,,,,,,,,,,,36.65226547321677,36.77225991589954,37.057460847846635,37.17324942415268,37.18906746253114,37.184869372773406,37.184869372773406,37.184869372773406,37.184869372773406,37.184869372773406,37.17019757474389,36.34697414750795,36.28178860737677,36.28178860737677,36.28178860737677,36.28178860737677,36.28178860737677,36.28178860737677,36.28178860737677,36.28034173929487,,,,,,,,,,,,,,,,,,,,,,,,,,,,,,,,,,,,,,,,,,,,,,,,,,,36.37047088842496,36.69954723910841,36.77225991589954,36.77225991589954,36.77225991589954,36.77225991589954,36.78515386306188,37.14626098597288,37.14468145620023,37.1766479187045,37.19410905247451,37.19410905247451,37.19410905247451,37.19154002463054,37.18981538069774,37.18981538069774,37.18981538069774,37.18981538069774,37.18981538069774,37.18981538069774,37.18981538069774,36.8647981462134,36.33388755669567,36.327673303016866,,,,,,,37.14626098597288,,,,36.65226547321677,36.960989385073475,36.72693418503489,37.01622807406558,"rgba(239, 83, 80, 0.5)",0.6296709636967088,36.82220691336262,-0.7816890753115651,38.92428059212415,-13.535692786009136,False,True,False,True,False,0.0,37.0689,36.82785,0.0,0.0,0.0,0.0,0,0.8485958485958487,1.0427350427350421,False,False,False,False,-0.23786250985722318,-0.24645298659005968,False,False,False,False,-1459.0,-1300.5415661146922,False,False,False,False,75.85729796272481,False,False,False,False
2025-02-24 16:00:00+00:00,36.33,36.33,36.33,36.33,0.0,,,,,,,,,,,,,,,,,,,,,,,,,,,,,,,,,,,,,,,,36.65226547321677,36.77225991589954,37.057460847846635,37.17324942415268,37.18906746253114,37.184869372773406,37.184869372773406,37.184869372773406,37.184869372773406,37.184869372773406,37.17019757474389,36.34697414750795,36.28178860737677,36.28178860737677,36.28178860737677,36.28178860737677,36.28178860737677,36.28178860737677,36.28178860737677,36.28034173929487,,,,,,,,,,,,,,,,,,,,,,,,,,,,,,,,,,,,,,,,,,,,,,,,,,,36.37047088842496,36.69954723910841,36.77225991589954,36.77225991589954,36.77225991589954,36.77225991589954,36.78515386306188,37.14626098597288,37.14468145620023,37.1766479187045,37.19410905247451,37.19410905247451,37.19410905247451,37.19154002463054,37.18981538069774,37.18981538069774,37.18981538069774,37.18981538069774,37.18981538069774,37.18981538069774,37.18981538069774,36.8647981462134,36.33388755669567,36.327673303016866,,,,,,,37.14626098597288,,,,36.65226547321677,36.960989385073475,36.72693418503489,37.01622807406558,"rgba(239, 83, 80, 0.5)",0.6392899566306871,36.82220691336262,-0.7699274926150084,40.110813938523314,-13.535692786009136,False,False,False,True,False,0.0,37.052299999999995,36.83435,0.0,0.0,0.0,0.0,0,0.8606811145510835,1.0421052631578938,False,False,False,False,-0.23786250985722318,-0.24215774822364144,False,False,False,False,-1459.0,-1302.9982860198909,False,False,False,False,74.68121582376784,False,False,False,False
2025-02-24 17:00:00+00:00,36.33,36.33,36.33,36.33,0.0,,,,,,,,,,,,,,,,,,,,,,,,,,,,,,,,,,,,,,,,36.65226547321677,36.77225991589954,37.057460847846635,37.17324942415268,37.18906746253114,37.184869372773406,37.184869372773406,37.184869372773406,37.184869372773406,37.184869372773406,37.17019757474389,36.34697414750795,36.28178860737677,36.28178860737677,36.28178860737677,36.28178860737677,36.28178860737677,36.28178860737677,36.28178860737677,36.28034173929487,,,,,,,,,,,,,,,,,,,,,,,,,,,,,,,,,,,,,,,,,,,,,,,,,,,36.37047088842496,36.69954723910841,36.77225991589954,36.77225991589954,36.77225991589954,36.77225991589954,36.78515386306188,37.14626098597288,37.14468145620023,37.1766479187045,37.19410905247451,37.19410905247451,37.19410905247451,37.19154002463054,37.18981538069774,37.18981538069774,37.18981538069774,37.18981538069774,37.18981538069774,37.18981538069774,37.18981538069774,36.8647981462134,36.33388755669567,36.327673303016866,,,,,,,37.14626098597288,,,,36.65226547321677,36.960989385073475,36.72693418503489,37.01622807406558,"rgba(239, 83, 80, 0.5)",0.6459104406165855,36.82220691336262,-0.7620358526683081,40.90183616945609,-13.535692786009136,False,False,False,True,False,0.0,37.0357,36.84,0.0,0.0,0.0,0.0,0,0.8606811145510835,1.0278637770897825,False,False,False,False,-0.23786250985722318,-0.2400101290404323,False,False,False,False,-1459.0,-1305.4169172443887,False,False,False,False,73.52336751642261,False,False,False,False
2025-02-24 18:00:00+00:00,36.33,36.33,36.33,36.33,0.0,,,,,,,,,,,,,,,,,,,,,,,,,,,,,,,,,,,,,,,,36.65226547321677,36.77225991589954,37.057460847846635,37.17324942415268,37.18906746253114,37.184869372773406,37.184869372773406,37.184869372773406,37.184869372773406,37.184869372773406,37.17019757474389,36.34697414750795,36.28178860737677,36.28178860737677,36.28178860737677,36.28178860737677,36.28178860737677,36.28178860737677,36.28178860737677,36.28034173929487,,,,,,,,,,,,,,,,,,,,,,,,,,,,,,,,,,,,,,,,,,,,,,,,,,,36.37047088842496,36.69954723910841,36.77225991589954,36.77225991589954,36.77225991589954,36.77225991589954,36.78515386306188,37.14626098597288,37.14468145620023,37.1766479187045,37.19410905247451,37.19410905247451,37.19410905247451,37.19154002463054,37.18981538069774,37.18981538069774,37.18981538069774,37.18981538069774,37.18981538069774,37.18981538069774,37.18981538069774,36.8647981462134,36.33388755669567,36.327673303016866,,,,,,,37.14626098597288,,,,36.65226547321677,36.960989385073475,36.72693418503489,37.01622807406558,"rgba(239, 83, 80, 0.5)",0.6461851532281312,36.82220691336262,-0.7617118884637266,41.42918432341128,-13.535692786009136,False,False,False,True,False,0.0,37.01649999999999,36.8456,0.0,0.0,0.0,0.0,0,0.8606811145510835,1.0278637770897825,False,False,False,False,-0.23786250985722318,-0.23893631944882776,False,False,False,False,-1459.0,-1307.7980503103672,False,False,False,False,72.38347034562535,False,False,False,False
2025-02-24 19:00:00+00:00,36.33,36.33,36.33,36.33,0.0,,,,,,,,,,,,,,,,,,,,,,,,,,,,,,,,,,,,,,,,36.65226547321677,36.77225991589954,37.057460847846635,37.17324942415268,37.18906746253114,37.184869372773406,37.184869372773406,37.184869372773406,37.184869372773406,37.184869372773406,37.17019757474389,36.34697414750795,36.28178860737677,36.28178860737677,36.28178860737677,36.28178860737677,36.28178860737677,36.28178860737677,36.28178860737677,36.28034173929487,,,,,,,,,,,,,,,,,,,,,,,,,,,,,,,,,,,,,,,,,,,,,,,,,,,36.37047088842496,36.69954723910841,36.77225991589954,36.77225991589954,36.77225991589954,36.77225991589954,36.78515386306188,37.14626098597288,37.14468145620023,37.1766479187045,37.19410905247451,37.19410905247451,37.19410905247451,37.19154002463054,37.18981538069774,37.18981538069774,37.18981538069774,37.18981538069774,37.18981538069774,37.18981538069774,37.18981538069774,36.8647981462134,36.33388755669567,36.327673303016866,,,,,,,37.14626098597288,,,,36.65226547321677,36.960989385073475,36.72693418503489,37.01622807406558,"rgba(239, 83, 80, 0.5)",0.639891270324924,36.82220691336262,-0.7692039822838801,41.7807497593814,-13.535692786009136,False,False,False,True,False,0.0,36.991499999999995,36.85145,0.0,0.0,0.0,0.0,0,0.8584015103838892,1.0446821900566385,False,False,False,False,-0.23786250985722318,-0.23839941465302547,False,False,False,False,-1459.0,-1310.142266584625,False,False,False,False,71.26124599918155,False,False,False,False
2025-02-24 20:00:00+00:00,36.33,36.33,35.85,35.87,214.0,,,,,,,,,,,,,,,,,,,,,,,,,,,,,,,,,,,,,,,,36.60027076962284,36.72087861455355,37.014229101966876,37.133912375503286,37.16172805201409,37.15849020435441,37.15849020435441,37.15849020435441,37.15849020435441,37.15849020435441,37.1449567143831,36.343028966902935,36.27888709897378,36.27888709897378,36.27888709897378,36.27888709897378,36.27888709897378,36.27888709897378,36.27888709897378,36.277463572217975,,,,,,,,,,,,,,,,,,,,,,,,,,,,,,,,,,,,,,,,,,,,,,,,,,,36.32461134665859,36.64819922698525,36.72087861455355,36.72087861455355,36.72087861455355,36.72087861455355,36.73450518427266,37.10557201369018,37.104939084622984,37.13754332073095,37.16358910691215,37.16358910691215,37.16358910691215,37.16137169026478,37.16304201770289,37.16304201770289,37.16304201770289,37.16304201770289,37.16304201770289,37.16304201770289,37.16304201770289,36.85045824444972,36.330146496932294,36.324025631188576,,,,,,,37.10557201369018,,,,36.60027076962284,36.91925422887697,36.707056444087655,36.97846378761967,"rgba(239, 83, 80, 1.0)",0.6438707902947588,36.70407501230902,-1.2954074402523974,37.6157934139834,-13.535692786009136,False,True,False,True,False,0.0,36.957300000000004,36.8557,0.0,0.0,0.0,0.0,0,0.8179596823457546,1.0427611484422719,False,False,False,False,-0.3025524629712155,-0.2704759388121205,False,False,False,False,-1673.0,-1315.7679678778866,False,False,False,False,73.47424993717874,False,False,False,False
2025-02-25 15:00:00+00:00,35.87,35.88,35.87,35.88,100.0,,,,,,,,,,,,,,,,,,,,,,,,,,,,,,,,,,,,,,,,36.57362849779088,36.69487886253979,36.99256949733435,37.114243324989566,37.14787592971866,37.145105809056425,37.145105809056425,37.145105809056425,37.145105809056425,37.145105809056425,37.1321197705803,36.3404405098888,36.276840592245854,36.276840592245854,36.276840592245854,36.276840592245854,36.276840592245854,36.276840592245854,36.276840592245854,36.2754295863994,,,,,,,,,,,,,,,,,,,,,,,,,,,,,,,,,,,,,,,,,,,,,,,,,,,36.29902912621359,36.622010070151624,36.69487886253979,36.69487886253979,36.69487886253979,36.69487886253979,36.70887511204064,37.08522926667771,37.08504481157543,37.11798878205129,37.14818792883358,37.14818792883358,37.14818792883358,37.1461392380049,37.14946836199923,37.14946836199923,37.14946836199923,37.14946836199923,37.14946836199923,37.14946836199923,37.14946836199923,36.84282485432835,36.32766113120684,36.32158717613286,,,,,,,37.08522926667771,,,,36.57362849779088,36.89805300588738,36.69672995851225,36.95926029076851,"rgba(239, 83, 80, 1.0)",0.645331907060598,36.677756793890595,-1.2361961111209725,35.01689224770019,-8.347802996962457,False,True,False,True,False,0.0,36.9233,36.860299999999995,0.0,0.0,0.0,0.0,0,0.8192918192918192,1.0702075702075693,False,False,False,False,-0.34282825441539394,-0.30665209661375725,False,False,False,False,-1573.0,-1319.7560613991595,False,False,False,False,73.88550187613721,False,False,False,False
2025-02-25 16:00:00+00:00,35.88,35.88,35.88,35.88,0.0,,,,,,,,,,,,,,,,,,,,,,,,,,,,,,,,,,,,,,,,36.57362849779088,36.69487886253979,36.99256949733435,37.114243324989566,37.14787592971866,37.145105809056425,37.145105809056425,37.145105809056425,37.145105809056425,37.145105809056425,37.1321197705803,36.3404405098888,36.276840592245854,36.276840592245854,36.276840592245854,36.276840592245854,36.276840592245854,36.276840592245854,36.276840592245854,36.2754295863994,,,,,,,,,,,,,,,,,,,,,,,,,,,,,,,,,,,,,,,,,,,,,,,,,,,36.29902912621359,36.622010070151624,36.69487886253979,36.69487886253979,36.69487886253979,36.69487886253979,36.70887511204064,37.08522926667771,37.08504481157543,37.11798878205129,37.14818792883358,37.14818792883358,37.14818792883358,37.1461392380049,37.14946836199923,37.14946836199923,37.14946836199923,37.14946836199923,37.14946836199923,37.14946836199923,37.14946836199923,36.84282485432835,36.32766113120684,36.32158717613286,,,,,,,37.08522926667771,,,,36.57362849779088,36.89805300588738,36.69672995851225,36.95926029076851,"rgba(239, 83, 80, 1.0)",0.6539693424779904,36.677756793890595,-1.2198687951758853,33.284291470178054,-10.314287283615755,False,True,False,True,False,0.0,36.893499999999996,36.865899999999996,0.0,0.0,0.0,0.0,0,0.8279901356350189,1.0709001233045614,False,False,False,False,-0.3414585536350133,-0.3240553251243853,False,False,False,False,-1573.0,-1323.682324013126,False,False,False,False,72.73999021914284,False,False,False,False
2025-02-25 17:00:00+00:00,35.88,35.88,35.88,35.88,0.0,,,,,,,,,,,,,,,,,,,,,,,,,,,,,,,,,,,,,,,,36.57362849779088,36.69487886253979,36.99256949733435,37.114243324989566,37.14787592971866,37.145105809056425,37.145105809056425,37.145105809056425,37.145105809056425,37.145105809056425,37.1321197705803,36.3404405098888,36.276840592245854,36.276840592245854,36.276840592245854,36.276840592245854,36.276840592245854,36.276840592245854,36.276840592245854,36.2754295863994,,,,,,,,,,,,,,,,,,,,,,,,,,,,,,,,,,,,,,,,,,,,,,,,,,,36.29902912621359,36.622010070151624,36.69487886253979,36.69487886253979,36.69487886253979,36.69487886253979,36.70887511204064,37.08522926667771,37.08504481157543,37.11798878205129,37.14818792883358,37.14818792883358,37.14818792883358,37.1461392380049,37.14946836199923,37.14946836199923,37.14946836199923,37.14946836199923,37.14946836199923,37.14946836199923,37.14946836199923,36.84282485432835,36.32766113120684,36.32158717613286,,,,,,,37.08522926667771,,,,36.57362849779088,36.89805300588738,36.69672995851225,36.95926029076851,"rgba(239, 83, 80, 1.0)",0.6611035886721123,36.677756793890595,-1.206704679206114,32.129224285163296,-11.759590045821227,False,True,False,True,False,0.0,36.8617,36.8715,0.0,0.0,0.0,0.0,0,0.8264385692068433,1.0796267496111966,False,False,False,False,-0.3414585536350133,-0.3327569393796993,False,False,False,False,-1573.0,-1327.5477143385037,False,False,False,False,71.61223843279954,False,False,False,False
2025-02-25 18:00:00+00:00,35.88,35.88,35.88,35.88,0.0,,,,,,,,,,,,,,,,,,,,,,,,,,,,,,,,,,,,,,,,36.57362849779088,36.69487886253979,36.99256949733435,37.114243324989566,37.14787592971866,37.145105809056425,37.145105809056425,37.145105809056425,37.145105809056425,37.145105809056425,37.1321197705803,36.3404405098888,36.276840592245854,36.276840592245854,36.276840592245854,36.276840592245854,36.276840592245854,36.276840592245854,36.276840592245854,36.2754295863994,,,,,,,,,,,,,,,,,,,,,,,,,,,,,,,,,,,,,,,,,,,,,,,,,,,36.29902912621359,36.622010070151624,36.69487886253979,36.69487886253979,36.69487886253979,36.69487886253979,36.70887511204064,37.08522926667771,37.08504481157543,37.11798878205129,37.14818792883358,37.14818792883358,37.14818792883358,37.1461392380049,37.14946836199923,37.14946836199923,37.14946836199923,37.14946836199923,37.14946836199923,37.14946836199923,37.14946836199923,36.84282485432835,36.32766113120684,36.32158717613286,,,,,,,37.08522926667771,,,,36.57362849779088,36.89805300588738,36.69672995851225,36.95926029076851,"rgba(239, 83, 80, 1.0)",0.6650585898461239,36.677756793890595,-1.1995285920225027,31.35917949515346,-12.882828552992763,False,True,False,True,False,0.0,36.8391,36.8771,0.0,0.0,0.0,0.0,0,0.8251879699248124,1.0874060150375933,False,False,False,False,-0.3414585536350133,-0.3371077465073563,False,False,False,False,-1573.0,-1331.3531761317051,False,False,False,False,70.50197117027552,False,False,False,False
2025-02-25 19:00:00+00:00,35.88,35.88,35.88,35.88,0.0,,,,,,,,,,,,,,,,,,,,,,,,,,,,,,,,,,,,,,,,36.57362849779088,36.69487886253979,36.99256949733435,37.114243324989566,37.14787592971866,37.145105809056425,37.145105809056425,37.145105809056425,37.145105809056425,37.145105809056425,37.1321197705803,36.3404405098888,36.276840592245854,36.276840592245854,36.276840592245854,36.276840592245854,36.276840592245854,36.276840592245854,36.276840592245854,36.2754295863994,,,,,,,,,,,,,,,,,,,,,,,,,,,,,,,,,,,,,,,,,,,,,,,,,,,36.29902912621359,36.622010070151624,36.69487886253979,36.69487886253979,36.69487886253979,36.69487886253979,36.70887511204064,37.08522926667771,37.08504481157543,37.11798878205129,37.14818792883358,37.14818792883358,37.14818792883358,37.1461392380049,37.14946836199923,37.14946836199923,37.14946836199923,37.14946836199923,37.14946836199923,37.14946836199923,37.14946836199923,36.84282485432835,36.32766113120684,36.32158717613286,,,,,,,37.08522926667771,,,,36.57362849779088,36.89805300588738,36.69672995851225,36.95926029076851,"rgba(239, 83, 80, 1.0)",0.6675138288544252,36.677756793890595,-1.1951165045669352,30.845816301813567,-13.8012190840563,False,True,False,True,False,0.0,36.8165,36.8827,0.0,0.0,0.0,0.0,0,0.8184952978056431,1.0874608150470213,False,False,False,False,-0.3414585536350133,-0.3392831500711848,False,False,False,False,-1573.0,-1335.09963851726,False,False,False,False,69.4089173536821,False,False,False,False
2025-02-25 20:00:00+00:00,35.88,35.88,35.88,35.88,0.0,,,,,,,,,,,,,,,,,,,,,,,,,,,,,,,,,,,,,,,,36.57362849779088,36.69487886253979,36.99256949733435,37.114243324989566,37.14787592971866,37.145105809056425,37.145105809056425,37.145105809056425,37.145105809056425,37.145105809056425,37.1321197705803,36.3404405098888,36.276840592245854,36.276840592245854,36.276840592245854,36.276840592245854,36.276840592245854,36.276840592245854,36.276840592245854,36.2754295863994,,,,,,,,,,,,,,,,,,,,,,,,,,,,,,,,,,,,,,,,,,,,,,,,,,,36.29902912621359,36.622010070151624,36.69487886253979,36.69487886253979,36.69487886253979,36.69487886253979,36.70887511204064,37.08522926667771,37.08504481157543,37.11798878205129,37.14818792883358,37.14818792883358,37.14818792883358,37.1461392380049,37.14946836199923,37.14946836199923,37.14946836199923,37.14946836199923,37.14946836199923,37.14946836199923,37.14946836199923,36.84282485432835,36.32766113120684,36.32158717613286,,,,,,,37.08522926667771,,,,36.57362849779088,36.89805300588738,36.69672995851225,36.95926029076851,"rgba(239, 83, 80, 1.0)",0.6684858310439239,36.677756793890595,-1.1933787626355452,30.503574172920306,-14.582573080768569,False,True,False,True,False,0.0,36.7939,36.8883,0.0,0.0,0.0,0.0,0,0.8178683385579939,1.0874608150470213,False,False,False,False,-0.3414585536350133,-0.34037085185309907,False,False,False,False,-1573.0,-1338.7880162146666,False,False,False,False,68.33281010788858,False,False,False,False
2025-02-26 15:00:00+00:00,35.88,35.88,35.88,35.88,0.0,,,,,,,,,,,,,,,,,,,,,,,,,,,,,,,,,,,,,,,,36.57362849779088,36.69487886253979,36.99256949733435,37.114243324989566,37.14787592971866,37.145105809056425,37.145105809056425,37.145105809056425,37.145105809056425,37.145105809056425,37.1321197705803,36.3404405098888,36.276840592245854,36.276840592245854,36.276840592245854,36.276840592245854,36.276840592245854,36.276840592245854,36.276840592245854,36.2754295863994,,,,,,,,,,,,,,,,,,,,,,,,,,,,,,,,,,,,,,,,,,,,,,,,,,,36.29902912621359,36.622010070151624,36.69487886253979,36.69487886253979,36.69487886253979,36.69487886253979,36.70887511204064,37.08522926667771,37.08504481157543,37.11798878205129,37.14818792883358,37.14818792883358,37.14818792883358,37.1461392380049,37.14946836199923,37.14946836199923,37.14946836199923,37.14946836199923,37.14946836199923,37.14946836199923,37.14946836199923,36.84282485432835,36.32766113120684,36.32158717613286,,,,,,,37.08522926667771,,,,36.57362849779088,36.89805300588738,36.69672995851225,36.95926029076851,"rgba(239, 83, 80, 1.0)",0.6641090828124919,36.677756793890595,-1.2012436127391966,30.27541275365813,-15.265504063361142,False,True,False,True,False,0.0,36.771300000000004,36.8939,0.0,0.0,0.0,0.0,0,0.8178683385579939,1.0874608150470213,False,False,False,False,-0.3414585536350133,-0.3409147027440562,False,False,False,False,-1573.0,-1342.419209761726,False,False,False,False,67.27338669536317,False,False,False,False
2025-02-26 16:00:00+00:00,35.88,35.88,35.71,35.71,2.0,,,,,,,,,,,,,,,,,,,,,,,,,,,,,,,,,,,,,,,,36.57303470689233,36.694307479224385,36.992102842278896,37.113821812115525,37.147578223228074,37.14481800466299,37.14481800466299,37.14481800466299,37.14481800466299,37.14481800466299,37.131843419011,36.34037682446306,36.27678868199702,36.27678868199702,36.27678868199702,36.27678868199702,36.27678868199702,36.27678868199702,36.27678868199702,36.2753779536882,,,,,,,,,,,,,,,,,,,,,,,,,,,,,,,,,,,,,,,,,,,,,,,,,,,36.29842175318502,36.62142978290367,36.694307479224385,36.694307479224385,36.694307479224385,36.694307479224385,36.70831243157162,37.084792873296934,37.084617875647666,37.117569767441864,37.147857342266896,37.147857342266896,37.147857342266896,37.14581219377272,37.149176600907275,37.149176600907275,37.149176600907275,37.149176600907275,37.149176600907275,37.149176600907275,37.149176600907275,36.8426561642762,36.327599645623266,36.32152668774072,,,,,,,37.084792873296934,,,,36.57303470689233,36.89758901430821,36.69650270290977,36.95884091134807,"rgba(239, 83, 80, 1.0)",0.6621576592971926,36.67714675863941,-1.4605989148655751,27.87476871488338,-17.8954995461091,False,True,False,True,False,0.0,36.7453,36.89865,0.0,0.0,0.0,0.0,0,0.8173558897243111,1.0874060150375935,False,False,False,False,-0.34282825441539394,-0.3418714785797251,False,False,False,False,-1575.0,-1346.0251134863504,False,False,False,False,66.26139620396218,False,False,False,False
2025-02-26 17:00:00+00:00,35.71,35.71,35.71,35.71,0.0,,,,,,,,,,,,,,,,,,,,,,,,,,,,,,,,,,,,,,,,36.57303470689233,36.694307479224385,36.992102842278896,37.113821812115525,37.147578223228074,37.14481800466299,37.14481800466299,37.14481800466299,37.14481800466299,37.14481800466299,37.131843419011,36.34037682446306,36.27678868199702,36.27678868199702,36.27678868199702,36.27678868199702,36.27678868199702,36.27678868199702,36.27678868199702,36.2753779536882,,,,,,,,,,,,,,,,,,,,,,,,,,,,,,,,,,,,,,,,,,,,,,,,,,,36.29842175318502,36.62142978290367,36.694307479224385,36.694307479224385,36.694307479224385,36.694307479224385,36.70831243157162,37.084792873296934,37.084617875647666,37.117569767441864,37.147857342266896,37.147857342266896,37.147857342266896,37.14581219377272,37.149176600907275,37.149176600907275,37.149176600907275,37.149176600907275,37.149176600907275,37.149176600907275,37.149176600907275,36.8426561642762,36.327599645623266,36.32152668774072,,,,,,,37.084792873296934,,,,36.57303470689233,36.89758901430821,36.69650270290977,36.95884091134807,"rgba(239, 83, 80, 1.0)",0.6549274425118571,36.67714675863941,-1.476723520593503,26.274339355700214,-19.651860163077103,False,True,False,True,False,0.0,36.7101,36.90495000000001,0.0,0.0,0.0,0.0,0,0.8128598848368526,1.1116442738323733,False,False,False,False,-0.34282825441539394,-0.3423498664975595,False,False,False,False,-1575.0,-1349.575111726872,False,False,False,False,65.23408773568369,False,False,False,False
2025-02-26 18:00:00+00:00,35.71,35.71,35.425,35.425,142.0,,,,,,,,,,,,,,,,,,,,,,,,,,,,,,,,,,,,,,,,36.520751165501174,36.64513270421705,36.95336329379787,37.07919471644227,37.123046208824256,37.12108339334089,37.12108339334089,37.12108339334089,37.12108339334089,37.12108339334089,37.10901004256452,36.333962336875715,36.27136065932586,36.27136065932586,36.27136065932586,36.27136065932586,36.27136065932586,36.27136065932586,36.27136065932586,36.26997397014124,,,,,,,,,,,,,,,,,,,,,,,,,,,,,,,,,,,,,,,,,,,,,,,,,,,36.24009146877748,36.57081391585761,36.64513270421705,36.64513270421705,36.64513270421705,36.64513270421705,36.65997660651199,37.04886715171113,37.04945235834125,37.083156098300975,37.12066254901961,37.12066254901961,37.12066254901961,37.11889853889796,37.125130963517314,37.125130963517314,37.125130963517314,37.125130963517314,37.125130963517314,37.125130963517314,37.125130963517314,36.82809782187428,36.32136369403661,36.315371101496304,,,,,,,37.04886715171113,,,,36.520751165501174,36.85801968273127,36.67696880101748,36.923228019171475,"rgba(255, 0, 0, 1.0)",0.6675698836449352,36.62164271948855,-1.7925355064774273,22.713008331548235,-23.119806109045086,False,True,False,True,False,0.0,36.6684,36.912275,0.0,0.0,0.0,0.0,0,0.7772884554891474,1.1097829506134,False,False,False,False,-0.34282825441539394,-0.34258906045647675,False,False,False,False,-1717.0,-1355.2716216225795,False,False,False,False,66.42425691807618,False,False,False,False
2025-02-26 19:00:00+00:00,35.425,35.425,35.02,35.04,401.0,,,,,,,,,,,,,,,,,,,,,,,,,,,,,,,,,,,,,,,,36.35362669937648,36.488257735583694,36.82942498993732,36.96835015136226,37.042969524197375,37.04345781466114,37.04345781466114,37.04345781466114,37.04345781466114,37.04345781466114,37.03410503597123,36.30863691053406,36.24933049490899,36.24933049490899,36.24933049490899,36.24933049490899,36.24933049490899,36.24933049490899,36.24933049490899,36.2480267489712,,,,,,,,,,,,,,,,,,,,,,,,,,,,,,,,,,,,,,,,,,,,,,,,,,,36.051742886178864,36.40894968012986,36.488257735583694,36.488257735583694,36.488257735583694,36.488257735583694,36.50560294621446,36.93396168640551,36.936786476162126,36.97297201963869,37.03240759465229,37.03240759465229,37.03240759465229,37.03148902995879,37.04656888179339,37.04656888179339,37.04656888179339,37.04656888179339,37.04656888179339,37.04656888179339,37.04656888179339,36.77786185034832,36.29661575576961,36.29088137208195,,,,,,,36.93396168640551,,,,36.35362669937648,36.73104782166153,36.611800016680114,36.80855858708702,"rgba(255, 26, 202, 1.0)",0.6939010366390924,36.45621744349313,-2.0409501769194303,18.62305659196113,-26.90768364701199,False,True,False,True,False,0.0,36.619,36.9185,0.0,0.0,0.0,0.0,0,0.7579754601226995,1.1245398773006132,False,False,False,False,-0.34282825441539394,-0.34270865743593537,False,False,False,False,-2118.0,-1367.0968677989736,False,False,False,False,71.61147774105174,False,False,False,False
2025-02-26 20:00:00+00:00,35.04,35.17,35.04,35.15,30.0,,,,,,,,,,,,,,,,,,,,,,,,,,,,,,,,,,,,,,,,36.3423812417705,36.47751787894646,36.82062410617242,36.96039112961102,37.03711395317363,37.03777383766746,37.03777383766746,37.03777383766746,37.03777383766746,37.03777383766746,37.028612625538024,36.30671892928858,36.24765567584491,36.24765567584491,36.24765567584491,36.24765567584491,36.24765567584491,36.24765567584491,36.24765567584491,36.24635807034846,,,,,,,,,,,,,,,,,,,,,,,,,,,,,,,,,,,,,,,,,,,,,,,,,,,36.039725566064774,36.39796743349427,36.47751787894646,36.47751787894646,36.47751787894646,36.47751787894646,36.495004249532556,36.92573634623136,36.92871067318615,36.96505671840145,37.025983652446534,37.025983652446534,37.025983652446534,37.02512376512376,37.04081907414777,37.04081907414777,37.04081907414777,37.04081907414777,37.04081907414777,37.04081907414777,37.04081907414777,36.774131288128814,36.29474027239077,36.28902489297606,,,,,,,36.92573634623136,,,,36.3423812417705,36.72220973044908,36.607108842705046,36.80051308350231,"rgba(255, 0, 0, 1.0)",0.713740546394642,36.445679889038836,-1.815337373761065,18.76043053144246,-26.90768364701199,False,True,False,True,False,0.0,36.5758,36.925275,0.0,0.0,0.0,0.0,0,0.7611077297626292,1.139074863055386,False,False,False,False,-0.34282825441539394,-0.34276845592566463,False,False,False,False,-2088.0,-1378.2736605462762,False,False,False,False,70.96633855126798,False,False,False,False
2025-02-27 15:00:00+00:00,35.33,35.33,35.32,35.32,100.0,,,,,,,,,,,,,,,,,,,,,,,,,,,,,,,,,,,,,,,,36.3123296962548,36.44808941016489,36.795361903155055,36.937226310079716,37.01989348874597,37.021050851866306,37.021050851866306,37.021050851866306,37.021050851866306,37.021050851866306,37.0124564977104,36.301457932092156,36.24310885926509,36.24310885926509,36.24310885926509,36.24310885926509,36.24310885926509,36.24310885926509,36.24310885926509,36.24182899901865,,,,,,,,,,,,,,,,,,,,,,,,,,,,,,,,,,,,,,,,,,,,,,,,,,,36.01019579554823,36.36828960692259,36.44808941016489,36.44808941016489,36.44808941016489,36.44808941016489,36.465872700149184,36.901876861226924,36.905271085803285,36.94200851701063,37.00713025504743,37.00713025504743,37.00713025504743,37.006441248581986,37.02390136590491,37.02390136590491,37.02390136590491,37.02390136590491,37.02390136590491,37.02390136590491,37.02390136590491,36.76333023128847,36.28960625759738,36.28394791721431,,,,,,,36.901876861226924,,,,36.3123296962548,36.6975253197675,36.59378302557045,36.7778556208237,"rgba(255, 0, 0, 1.0)",0.729478784679478,36.418682287718504,-1.506119589483672,22.710196362574877,-26.90768364701199,False,True,False,True,True,0.0,36.536,36.9329,0.0,0.0,0.0,0.0,0,0.7703190848886211,1.135761589403973,False,False,False,False,-0.29658655579373483,-0.31967750585969973,False,False,False,False,-1988.0,-1387.7267820881943,False,False,False,False,71.41647283729483,False,False,False,False
2025-02-27 16:00:00+00:00,35.32,35.32,35.25,35.25,240.0,,,,,,,,,,,,,,,,,,,,,,,,,,,,,,,,,,,,,,,,36.24365464059488,36.38034758930003,36.7361293984109,36.88257538433466,36.97876569858712,36.981072563222774,36.981072563222774,36.981072563222774,36.981072563222774,36.981072563222774,36.973791415778905,36.28842444890485,36.23179347561865,36.23179347561865,36.23179347561865,36.23179347561865,36.23179347561865,36.23179347561865,36.23179347561865,36.230556498545106,,,,,,,,,,,,,,,,,,,,,,,,,,,,,,,,,,,,,,,,,,,,,,,,,,,35.9438615903976,36.30022705689373,36.38034758930003,36.38034758930003,36.38034758930003,36.38034758930003,36.39871891130925,36.84568789534216,36.85002139464899,36.88761736610983,36.96224715061302,36.96224715061302,36.96224715061302,36.961950297714544,36.98347254298178,36.98347254298178,36.98347254298178,36.98347254298178,36.98347254298178,36.98347254298178,36.98347254298178,36.737174639165204,36.2768769897187,36.27135524289151,,,,,,,36.84568789534216,,,,36.24365464059488,36.64005807878324,36.562108110995055,36.724852578967294,"rgba(239, 83, 80, 1.0)",0.745528605018646,36.35659266335731,-1.4843061096624655,24.709650516326363,-30.18103960359451,False,True,False,True,True,0.0,36.4958,36.940325,0.0,0.0,0.0,0.0,0,0.7670863309352516,1.135791366906474,False,False,False,False,-0.3048977883652737,-0.3122876471124867,False,False,False,False,-2228.0,-1400.7542738387651,False,False,False,False,74.03017093284065,False,False,False,False
2025-02-27 17:00:00+00:00,35.25,35.305,35.25,35.305,26.0,,,,,,,,,,,,,,,,,,,,,,,,,,,,,,,,,,,,,,,,36.23685078844226,36.37355778414519,36.73004413585231,36.87691690531388,36.974460103086045,36.976884071750014,36.976884071750014,36.976884071750014,36.976884071750014,36.976884071750014,36.96973770138311,36.287050585504794,36.23060030751801,36.23060030751801,36.23060030751801,36.23060030751801,36.23060030751801,36.23060030751801,36.23060030751801,36.22936783557752,,,,,,,,,,,,,,,,,,,,,,,,,,,,,,,,,,,,,,,,,,,,,,,,,,,35.93751423972264,36.29344738873168,36.37355778414519,36.37355778414519,36.37355778414519,36.37355778414519,36.39197605721394,36.839882316432735,36.84430850316233,36.88198403031533,36.95756122046537,36.95756122046537,36.95756122046537,36.957304177777765,36.97923785755423,36.97923785755423,36.97923785755423,36.97923785755423,36.97923785755423,36.97923785755423,36.97923785755423,36.73442144838663,36.2755351713834,36.270027825305476,,,,,,,36.839882316432735,,,,36.23685078844226,36.63421995428636,36.558830417534054,36.719437932832946,"rgba(239, 83, 80, 1.0)",0.7581055573178319,36.35045547951618,-1.379036823334981,27.27937302904222,-27.775031643370333,False,True,False,True,True,0.0,36.4567,36.948025,0.0,0.0,0.0,0.0,0,0.7678518075888854,1.136241410218105,False,False,False,False,-0.30646067229667695,-0.3093741597045818,False,False,False,False,-2202.0,-1413.176688197854,False,False,False,False,73.28551711992839,False,False,False,False
2025-02-27 18:00:00+00:00,35.305,35.305,35.305,35.305,0.0,,,,,,,,,,,,,,,,,,,,,,,,,,,,,,,,,,,,,,,,36.23685078844226,36.37355778414519,36.73004413585231,36.87691690531388,36.974460103086045,36.976884071750014,36.976884071750014,36.976884071750014,36.976884071750014,36.976884071750014,36.96973770138311,36.287050585504794,36.23060030751801,36.23060030751801,36.23060030751801,36.23060030751801,36.23060030751801,36.23060030751801,36.23060030751801,36.22936783557752,,,,,,,,,,,,,,,,,,,,,,,,,,,,,,,,,,,,,,,,,,,,,,,,,,,35.93751423972264,36.29344738873168,36.37355778414519,36.37355778414519,36.37355778414519,36.37355778414519,36.39197605721394,36.839882316432735,36.84430850316233,36.88198403031533,36.95756122046537,36.95756122046537,36.95756122046537,36.957304177777765,36.97923785755423,36.97923785755423,36.97923785755423,36.97923785755423,36.97923785755423,36.97923785755423,36.97923785755423,36.73442144838663,36.2755351713834,36.270027825305476,,,,,,,36.839882316432735,,,,36.23685078844226,36.63421995428636,36.558830417534054,36.719437932832946,"rgba(239, 83, 80, 1.0)",0.7696092257506414,36.35045547951618,-1.3584237877300511,28.992521370852796,-26.135799262438987,False,True,False,True,True,0.0,36.4176,36.95394999999999,0.0,0.0,0.0,0.0,0,0.7711383328353748,1.136241410218105,False,False,False,False,-0.30073712969083316,-0.3050556446977075,False,False,False,False,-2202.0,-1425.4065069854842,False,False,False,False,72.14930755217756,False,False,False,False
2025-02-27 19:00:00+00:00,35.305,35.305,35.305,35.305,0.0,,,,,,,,,,,,,,,,,,,,,,,,,,,,,,,,,,,,,,,,36.23685078844226,36.37355778414519,36.73004413585231,36.87691690531388,36.974460103086045,36.976884071750014,36.976884071750014,36.976884071750014,36.976884071750014,36.976884071750014,36.96973770138311,36.287050585504794,36.23060030751801,36.23060030751801,36.23060030751801,36.23060030751801,36.23060030751801,36.23060030751801,36.23060030751801,36.22936783557752,,,,,,,,,,,,,,,,,,,,,,,,,,,,,,,,,,,,,,,,,,,,,,,,,,,35.93751423972264,36.29344738873168,36.37355778414519,36.37355778414519,36.37355778414519,36.37355778414519,36.39197605721394,36.839882316432735,36.84430850316233,36.88198403031533,36.95756122046537,36.95756122046537,36.95756122046537,36.957304177777765,36.97923785755423,36.97923785755423,36.97923785755423,36.97923785755423,36.97923785755423,36.97923785755423,36.97923785755423,36.73442144838663,36.2755351713834,36.270027825305476,,,,,,,36.839882316432735,,,,36.23685078844226,36.63421995428636,36.558830417534054,36.719437932832946,"rgba(239, 83, 80, 1.0)",0.7797272969813203,36.35045547951618,-1.3407963060465025,30.13462026539318,-24.950083646983675,False,True,False,True,True,0.0,36.3785,36.959875,0.0,0.0,0.0,0.0,0,0.7711383328353748,1.136241410218105,False,False,False,False,-0.30073712969083316,-0.30289638719427037,False,False,False,False,-2202.0,-1437.4467161795076,False,False,False,False,71.03071363663992,False,False,False,False
2025-02-27 20:00:00+00:00,35.305,35.305,34.94,35.0,700.0,,,,,,,,,,,,,,,,,,,,,,,,,,,,,,,,,,,,,,,,36.05125774615561,36.18854882705947,36.562647613520966,36.720477820656455,36.85310496427916,36.858623046294646,36.858623046294646,36.858623046294646,36.858623046294646,36.858623046294646,36.855021120851774,36.24412817512802,36.19283305940362,36.19283305940362,36.19283305940362,36.19283305940362,36.19283305940362,36.19283305940362,36.19283305940362,36.19173123770262,,,,,,,,,,,,,,,,,,,,,,,,,,,,,,,,,,,,,,,,,,,,,,,,,,35.08166666666667,35.760894752358496,36.10852336312769,36.18854882705947,36.18854882705947,36.18854882705947,36.18854882705947,36.20809141940658,36.67967000781047,36.68642631691193,36.7261894754193,36.82620919609216,36.82620919609216,36.82620919609216,36.826986931348216,36.859764945733644,36.859764945733644,36.859764945733644,36.859764945733644,36.859764945733644,36.859764945733644,36.859764945733644,36.65406804185766,36.23351234474782,36.228408131952435,,,,,,,36.67967000781047,,,,36.05125774615561,36.384365440061764,36.46549320763263,36.4805048279116,"rgba(239, 83, 80, 1.0)",0.7984131954262567,36.07615927266353,-1.3478726038451703,27.748750571300235,-24.950083646983675,False,True,False,True,False,0.0,36.3333,36.963474999999995,0.0,0.0,0.0,0.0,0,0.7527990571596932,1.1420153211549788,False,False,False,False,-0.3391002135277996,-0.320998300361035,False,False,False,False,-2902.0,-1460.1529686418407,False,False,False,False,80.78217544072302,False,False,False,False
2025-02-28 15:00:00+00:00,35.29,35.845,35.29,35.845,300.0,,,,,,,,,,,,,,,,,,,,,,,,,,,,,,,,,,,,,,,,36.02605325316728,36.157985093806225,36.525000695120255,36.68229909196368,36.82119807452308,36.82740348440122,36.82740348440122,36.82740348440122,36.82740348440122,36.82740348440122,36.8246932013648,36.23534781374219,36.18543088677935,36.18543088677935,36.18543088677935,36.18543088677935,36.18543088677935,36.18543088677935,36.18543088677935,36.184361775847734,,,,,,,,,,,,,,,,,,,,,,,,,,,,,,,,,,,,,,,,,,,,,,,,,,35.25516666666667,35.752696370530884,36.080989700566136,36.157985093806225,36.157985093806225,36.157985093806225,36.157985093806225,36.176996974281394,36.64134615384616,36.64848079687821,36.688061350180796,36.79223204169499,36.79223204169499,36.79223204169499,36.79324273092369,36.82824195714369,36.82824195714369,36.82824195714369,36.82824195714369,36.82824195714369,36.82824195714369,36.82824195714369,36.63377817843697,36.22498934958141,36.22000262894136,,,,,,,36.64134615384616,,,,36.02605325316728,36.36290767263822,36.44459863144984,36.45934135149512,#000000,0.7982455254613409,36.067165468611606,-0.27831721134071835,38.37460521701294,-17.58095058188598,True,False,False,True,True,0.0,36.305,36.9713,0.0,0.0,0.0,0.0,0,0.7605950042099351,1.0886893067639625,False,False,False,False,-0.2469983876678214,-0.2839983440144282,False,False,False,False,-2602.0,-1477.8560233915796,False,False,False,False,84.18090140288234,False,False,False,False
2025-02-28 16:00:00+00:00,35.845,35.845,35.845,35.845,0.0,,,,,,,,,,,,,,,,,,,,,,,,,,,,,,,,,,,,,,,,36.02605325316728,36.157985093806225,36.525000695120255,36.68229909196368,36.82119807452308,36.82740348440122,36.82740348440122,36.82740348440122,36.82740348440122,36.82740348440122,36.8246932013648,36.23534781374219,36.18543088677935,36.18543088677935,36.18543088677935,36.18543088677935,36.18543088677935,36.18543088677935,36.18543088677935,36.184361775847734,,,,,,,,,,,,,,,,,,,,,,,,,,,,,,,,,,,,,,,,,,,,,,,,,,35.25516666666667,35.752696370530884,36.080989700566136,36.157985093806225,36.157985093806225,36.157985093806225,36.157985093806225,36.176996974281394,36.64134615384616,36.64848079687821,36.688061350180796,36.79223204169499,36.79223204169499,36.79223204169499,36.79324273092369,36.82824195714369,36.82824195714369,36.82824195714369,36.82824195714369,36.82824195714369,36.82824195714369,36.82824195714369,36.63377817843697,36.22498934958141,36.22000262894136,,,,,,,36.64134615384616,,,,36.02605325316728,36.36290767263822,36.44459863144984,36.45934135149512,#000000,0.7967502236705366,36.067165468611606,-0.2788395434495343,45.45850831415475,-11.519898938498173,True,False,False,False,True,0.0,36.2767,36.978825,0.0,0.0,0.0,0.0,0,0.8034747935061232,1.0900028481913981,False,False,False,False,-0.19166504403387943,-0.23783169402415383,False,False,False,False,-2602.0,-1495.284612176206,False,False,False,False,82.87577114857409,False,False,False,False
2025-02-28 17:00:00+00:00,35.845,35.845,35.845,35.845,0.0,,,,,,,,,,,,,,,,,,,,,,,,,,,,,,,,,,,,,,,,36.02605325316728,36.157985093806225,36.525000695120255,36.68229909196368,36.82119807452308,36.82740348440122,36.82740348440122,36.82740348440122,36.82740348440122,36.82740348440122,36.8246932013648,36.23534781374219,36.18543088677935,36.18543088677935,36.18543088677935,36.18543088677935,36.18543088677935,36.18543088677935,36.18543088677935,36.184361775847734,,,,,,,,,,,,,,,,,,,,,,,,,,,,,,,,,,,,,,,,,,,,,,,,,,35.25516666666667,35.752696370530884,36.080989700566136,36.157985093806225,36.157985093806225,36.157985093806225,36.157985093806225,36.176996974281394,36.64134615384616,36.64848079687821,36.688061350180796,36.79223204169499,36.79223204169499,36.79223204169499,36.79324273092369,36.82824195714369,36.82824195714369,36.82824195714369,36.82824195714369,36.82824195714369,36.82824195714369,36.82824195714369,36.63377817843697,36.22498934958141,36.22000262894136,,,,,,,36.64134615384616,,,,36.02605325316728,36.36290767263822,36.44459863144984,36.45934135149512,#000000,0.799024901234575,36.067165468611606,-0.27804573833473584,50.18111037891595,-7.645045720509529,True,False,True,False,True,0.0,36.240899999999996,36.98145,0.0,0.0,0.0,0.0,0,0.7964089197799012,1.102809151462496,False,False,False,False,-0.19166504403387943,-0.21474836902901662,False,False,False,False,-2602.0,-1512.4429902820013,False,False,False,False,81.590875471852,False,False,False,False
2025-02-28 18:00:00+00:00,35.845,35.845,35.365,35.365,40.0,,,,,,,,,,,,,,,,,,,,,,,,,,,,,,,,,,,,,,,,36.02178624654035,36.15314205559807,36.51947048251072,36.676770373024404,36.81659264523005,36.82289611812886,36.82289611812886,36.82289611812886,36.82289611812886,36.82289611812886,36.820310120001125,36.23392697603093,36.18420984515831,36.18420984515831,36.18420984515831,36.18420984515831,36.18420984515831,36.18420984515831,36.18420984515831,36.183145577792125,,,,,,,,,,,,,,,,,,,,,,,,,,,,,,,,,,,,,,,,,,,,,,,,,,35.26554487179487,35.75025589496249,36.07647588119884,36.15314205559807,36.15314205559807,36.15314205559807,36.15314205559807,36.17210210210211,36.63577973074047,36.642970161455146,36.68254201763752,36.78732836735352,36.78732836735352,36.78732836735352,36.788371899503915,36.823692325594926,36.823692325594926,36.823692325594926,36.823692325594926,36.823692325594926,36.823692325594926,36.823692325594926,36.63076887411227,36.223605082315714,36.218634984667354,,,,,,,36.63577973074047,,,,36.02178624654035,36.35881788433759,36.44145469917401,36.455352875591146,"rgba(239, 83, 80, 0.5)",0.8087230898374076,36.06419285586626,-0.8645639832131286,47.80616192358496,-7.645045720509529,True,False,False,False,True,0.0,36.197599999999994,36.98295,0.0,0.0,0.0,0.0,0,0.7748661594815439,1.1000281769512534,False,False,False,False,-0.23944091965451986,-0.22709464434176824,False,False,False,False,-2642.0,-1529.9555020605749,False,False,False,False,80.94605569709461,False,False,False,False
2025-02-28 19:00:00+00:00,35.365,35.365,35.365,35.365,0.0,,,,,,,,,,,,,,,,,,,,,,,,,,,,,,,,,,,,,,,,36.02178624654035,36.15314205559807,36.51947048251072,36.676770373024404,36.81659264523005,36.82289611812886,36.82289611812886,36.82289611812886,36.82289611812886,36.82289611812886,36.820310120001125,36.23392697603093,36.18420984515831,36.18420984515831,36.18420984515831,36.18420984515831,36.18420984515831,36.18420984515831,36.18420984515831,36.183145577792125,,,,,,,,,,,,,,,,,,,,,,,,,,,,,,,,,,,,,,,,,,,,,,,,,,35.26554487179487,35.75025589496249,36.07647588119884,36.15314205559807,36.15314205559807,36.15314205559807,36.15314205559807,36.17210210210211,36.63577973074047,36.642970161455146,36.68254201763752,36.78732836735352,36.78732836735352,36.78732836735352,36.788371899503915,36.823692325594926,36.823692325594926,36.823692325594926,36.823692325594926,36.823692325594926,36.823692325594926,36.823692325594926,36.63076887411227,36.223605082315714,36.218634984667354,,,,,,,36.63577973074047,,,,36.02178624654035,36.35881788433759,36.44145469917401,36.455352875591146,"rgba(239, 83, 80, 0.5)",0.8161387722045932,36.06419285586626,-0.8567082948131046,46.2228629533643,-7.645045720509529,True,False,False,True,False,0.0,36.1543,36.98445,0.0,0.0,0.0,0.0,0,0.7748661594815439,1.1270780501549726,False,False,False,False,-0.28831494808841956,-0.2577047962150939,False,False,False,False,-2642.0,-1547.196502028628,False,False,False,False,79.69107808938772,False,False,False,False
2025-02-28 20:00:00+00:00,35.365,35.455,35.365,35.455,300.0,,,,,,,,,,,,,,,,,,,,,,,,,,,,,,,,,,,,,,,,35.98595757454473,36.11362638687893,36.47588344617019,36.63347150159499,36.78047240006921,36.78753021869905,36.78753021869905,36.78753021869905,36.78753021869905,36.78753021869905,36.785889181262505,36.221971212270496,36.17382630499202,36.17382630499202,36.17382630499202,36.17382630499202,36.17382630499202,36.17382630499202,36.17382630499202,36.17280064586556,,,,,,,,,,,,,,,,,,,,,,,,,,,,,,,,,,,,,,,,,,,,,,,,,,35.30124378109453,35.72605530753969,36.039084879790835,36.11362638687893,36.11362638687893,36.11362638687893,36.11362638687893,36.13227789623313,36.592132299927904,36.599754188842894,36.63932256463131,36.74890601986775,36.74890601986775,36.74890601986775,36.75020003110903,36.788005329704596,36.788005329704596,36.788005329704596,36.788005329704596,36.788005329704596,36.788005329704596,36.788005329704596,36.6067144345436,36.21193355093292,36.20709232236066,,,,,,,36.592132299927904,,,,35.98595757454473,36.32353529327731,36.4162253788548,36.421066060240555,"rgba(239, 83, 80, 0.5)",0.8166523183149191,36.03508554656604,-0.7103213124564294,46.34163667973844,-7.645045720509529,True,False,False,True,False,0.0,36.1128,36.986399999999996,0.0,0.0,0.0,0.0,0,0.7760022427810483,1.12139052425007,False,False,False,False,-0.2790550033554781,-0.268379899785286,False,False,False,False,-2342.0,-1559.5190368808971,False,False,False,False,83.10672028955224,False,False,False,False
2025-03-03 15:00:00+00:00,35.995,35.995,35.8,35.9,540.0,,,,,,,,,,,,,,,,,,,,,,,,,,,,,,,,,,,,,,,35.89833333333333,35.97741195593282,36.094467150076916,36.43725133159916,36.590382973334776,36.74109770209951,36.748800881862664,36.748800881862664,36.748800881862664,36.748800881862664,36.748800881862664,36.748153557462665,36.21358439709504,36.167207119021135,36.167207119021135,36.167207119021135,36.167207119021135,36.167207119021135,36.167207119021135,36.167207119021135,36.16622103347243,,,,,,,,,,,,,,,,,,,,,,,,,,,,,,,,,,,,,,,,,,,,,,,,,,35.47274822695035,35.74640310586177,36.02590543899197,36.094467150076916,36.094467150076916,36.094467150076916,36.094467150076916,36.11179636835279,36.54985612728504,36.55764554382064,36.59615348653217,36.70781187557782,36.70781187557782,36.70781187557782,36.70932859469864,36.74894020707974,36.74894020707974,36.74894020707974,36.74894020707974,36.74894020707974,36.74894020707974,36.74894020707974,36.58215892070013,36.20389519153178,36.199215445426056,,,,,,,36.54985612728504,,,,35.97741195593282,36.26344939319057,36.380756832169766,36.40079210774665,#000000,0.810141618139423,35.99784799014062,-0.1207788711871637,50.97986182385202,-7.174577070139513,True,False,True,False,True,0.0,36.0794,36.99005,0.0,0.0,0.0,0.0,0,0.7874829931972785,1.1072108843537412,False,False,False,False,-0.18133544524586995,-0.22485767251557798,False,False,False,False,-1802.0,-1563.2784316579375,False,False,False,False,90.19033702924911,False,False,False,False
2025-03-03 16:00:00+00:00,35.9,35.9,35.5,35.58,489.0,,,,,,,,,,,,,,,,,,,,,,,,,,,,,,,,,,,,,,,35.78507288629737,35.95165449717889,36.06206598546083,36.39286031301098,36.54348983027554,36.69909748152855,36.707486097100436,36.707486097100436,36.707486097100436,36.707486097100436,36.707486097100436,36.70781185241344,36.20089143652021,36.15640654938164,36.15640654938164,36.15640654938164,36.15640654938164,36.15640654938164,36.15640654938164,36.15640654938164,36.15546534868564,,,,,,,,,,,,,,,,,,,,,,,,,,,,,,,,,,,,,,,,,,,,,,,,,,35.51140002814127,35.738054732266356,35.99730445439045,36.06206598546083,36.06206598546083,36.06206598546083,36.06206598546083,36.07860898302539,36.503322104587745,36.51136247012512,36.54924028147844,36.66389107949025,36.66389107949025,36.66389107949025,36.66563635331516,36.70729699434321,36.70729699434321,36.70729699434321,36.70729699434321,36.70729699434321,36.70729699434321,36.70729699434321,36.55409296487624,36.19155687511598,36.18703977342692,,,,,,,36.503322104587745,,,,35.95165449717889,36.226500504993375,36.348761030692984,36.366567577968,#000000,0.8068723287826111,35.9717365319661,-0.48550002025369415,50.625681606438796,-7.174577070139513,True,False,False,False,True,0.0,36.043,36.9908,0.0,0.0,0.0,0.0,0,0.7753739316239313,1.1132478632478628,False,False,False,False,-0.22041277494749512,-0.22263522373153655,False,False,False,False,-2291.0,-1574.5609365934733,False,False,False,False,96.37343257918322,False,False,False,False
2025-03-03 17:00:00+00:00,35.58,35.6,35.54,35.54,225.0,,,,,,,,,,,,,,,,,,,,,,,,,,,,,,,,,,,,,,,35.744688995215306,35.93755719084947,36.04540941708444,36.37153408444293,36.52119858298915,36.67909303777707,36.68779540370144,36.68779540370144,36.68779540370144,36.68779540370144,36.68779540370144,36.688560442290964,36.19420061556545,36.15061969037043,36.15061969037043,36.15061969037043,36.15061969037043,36.15061969037043,36.15061969037043,36.15061969037043,36.149700301204824,,,,,,,,,,,,,,,,,,,,,,,,,,,,,,,,,,,,,,,,,,,,,,,,,,35.5156155230018,35.7304757850927,35.98212261482282,36.04540941708444,36.04540941708444,36.04540941708444,36.04540941708444,36.06165358907295,36.48115758145364,36.48931524015518,36.52694447226952,36.643003391921056,36.643003391921056,36.643003391921056,36.644851978722805,36.6874582436725,36.6874582436725,36.6874582436725,36.6874582436725,36.6874582436725,36.6874582436725,36.6874582436725,36.540364084622304,36.185032826775625,36.18059199000655,,,,,,,36.48115758145364,,,,35.93755719084947,36.20815864496369,36.333777860865744,36.34900379235274,"rgba(239, 83, 80, 0.5)",0.8069234086253193,35.95733266365288,-0.5171899330121671,49.99753667939537,-7.174577070139513,True,False,False,False,True,0.0,36.0058,36.986324999999994,0.0,0.0,0.0,0.0,0,0.7723093564088693,1.140075716603569,False,False,False,False,-0.24649370420957245,-0.2345644639705545,False,False,False,False,-2516.0,-1589.1568910648923,False,False,False,False,98.36764292679278,False,False,False,False
2025-03-03 18:00:00+00:00,35.54,35.54,35.54,35.54,0.0,,,,,,,,,,,,,,,,,,,,,,,,,,,,,,,,,,,,,,,35.744688995215306,35.93755719084947,36.04540941708444,36.37153408444293,36.52119858298915,36.67909303777707,36.68779540370144,36.68779540370144,36.68779540370144,36.68779540370144,36.68779540370144,36.688560442290964,36.19420061556545,36.15061969037043,36.15061969037043,36.15061969037043,36.15061969037043,36.15061969037043,36.15061969037043,36.15061969037043,36.149700301204824,,,,,,,,,,,,,,,,,,,,,,,,,,,,,,,,,,,,,,,,,,,,,,,,,,35.5156155230018,35.7304757850927,35.98212261482282,36.04540941708444,36.04540941708444,36.04540941708444,36.04540941708444,36.06165358907295,36.48115758145364,36.48931524015518,36.52694447226952,36.643003391921056,36.643003391921056,36.643003391921056,36.644851978722805,36.6874582436725,36.6874582436725,36.6874582436725,36.6874582436725,36.6874582436725,36.6874582436725,36.6874582436725,36.540364084622304,36.185032826775625,36.18059199000655,,,,,,,36.48115758145364,,,,35.93755719084947,36.20815864496369,36.333777860865744,36.34900379235274,"rgba(239, 83, 80, 0.5)",0.8045475030629322,35.95733266365288,-0.5187172442448491,49.57877339469975,-7.174577070139513,True,False,False,False,True,0.0,35.9686,36.98185,0.0,0.0,0.0,0.0,0,0.7637496613383901,1.1449471687889456,False,False,False,False,-0.25255811397559297,-0.24356128897307372,False,False,False,False,-2516.0,-1603.5265516685374,False,False,False,False,96.84256319149367,False,False,False,False
2025-03-03 19:00:00+00:00,35.54,35.54,35.53,35.53,162.0,,,,,,,,,,,,,,,,,,,,,,,,,,,,,,,,,,,,,,,35.72050847457627,35.927346015905194,36.033462941628265,36.35636048720527,36.50533633990815,36.664786496069055,36.6737059916629,36.6737059916629,36.6737059916629,36.6737059916629,36.6737059916629,36.6747763374334,36.18927013294034,36.1463372018329,36.1463372018329,36.1463372018329,36.1463372018329,36.1463372018329,36.1463372018329,36.1463372018329,36.14543350995642,,,,,,,,,,,,,,,,,,,,,,,,,,,,,,,,,,,,,,,,,,,,,,,,,,35.51665699080793,35.724613619676944,35.971178182548044,36.033462941628265,36.033462941628265,36.033462941628265,36.033462941628265,36.04950312322544,36.46538971041282,36.473625941309564,36.51107803515689,36.62808871926767,36.62808871926767,36.62808871926767,36.630008518121606,36.67326602904711,36.67326602904711,36.67326602904711,36.67326602904711,36.67326602904711,36.67326602904711,36.67326602904711,36.530449232202905,36.18022148293305,36.17583511016347,,,,,,,36.46538971041282,,,,35.927346015905194,36.19515931523993,36.323236879840536,36.33632510954054,"rgba(239, 83, 80, 0.5)",0.8079921728280934,35.94700730611847,-0.5161031506764268,49.17937740087708,-7.107043780400417,True,False,False,False,True,0.0,35.9312,36.977325,0.0,0.0,0.0,0.0,0,0.7636856368563683,1.1433604336043357,False,False,False,False,-0.25357060857097746,-0.2485659487720256,False,False,False,False,-2678.0,-1620.185054743444,False,False,False,False,97.8527560102302,False,False,False,False
2025-03-03 20:00:00+00:00,35.53,35.53,34.87,34.96,784.0,,,,,,,,,,,,,,,,,,,,,,,,,,,,,,,,,,,,,,,35.50650909090909,35.83939836042796,35.94079278812975,36.25677077982123,36.405446365615134,36.57675679604593,36.58705742874757,36.58705742874757,36.58705742874757,36.58705742874757,36.58705742874757,36.58989752338509,36.15200869706936,36.11299772115185,36.11299772115185,36.11299772115185,36.11299772115185,36.11299772115185,36.11299772115185,36.11299772115185,36.112193624410814,,,,,,,,,,,,,,,,,,,,,,,,,,,,,,,,,,,,,,,,,,,,,,,,,,35.42880979284369,35.6485518292683,35.88132713971546,35.94079278812975,35.94079278812975,35.94079278812975,35.94079278812975,35.95641032192131,36.36514398403346,36.374025496636946,36.411288010491965,36.53598452390226,36.53598452390226,36.53598452390226,36.53834404439282,36.58602139752591,36.58602139752591,36.58602139752591,36.58602139752591,36.58602139752591,36.58602139752591,36.58602139752591,36.46630071160614,36.14364764377172,36.13957214409836,,,,,,,36.36514398403346,,,,35.83939836042796,36.096197136421644,36.24969257966021,36.24525661655796,"rgba(239, 83, 80, 1.0)",0.8216032996416772,35.851158852721795,-1.084658317597376,43.7234717059332,-7.107043780400417,True,False,False,True,False,0.0,35.89,36.970025,0.0,0.0,0.0,0.0,0,0.7365253793825217,1.1389324960753526,False,False,False,False,-0.32269735615319184,-0.2856316524626087,False,False,False,False,-3462.0,-1648.740325212538,False,False,False,False,108.49069777751345,False,False,False,False
2025-03-04 15:00:00+00:00,34.96,34.96,34.96,34.96,0.0,,,,,,,,,,,,,,,,,,,,,,,,,,,,,,,,,,,,,,,35.50650909090909,35.83939836042796,35.94079278812975,36.25677077982123,36.405446365615134,36.57675679604593,36.58705742874757,36.58705742874757,36.58705742874757,36.58705742874757,36.58705742874757,36.58989752338509,36.15200869706936,36.11299772115185,36.11299772115185,36.11299772115185,36.11299772115185,36.11299772115185,36.11299772115185,36.11299772115185,36.112193624410814,,,,,,,,,,,,,,,,,,,,,,,,,,,,,,,,,,,,,,,,,,,,,,,,,,35.42880979284369,35.6485518292683,35.88132713971546,35.94079278812975,35.94079278812975,35.94079278812975,35.94079278812975,35.95641032192131,36.36514398403346,36.374025496636946,36.411288010491965,36.53598452390226,36.53598452390226,36.53598452390226,36.53834404439282,36.58602139752591,36.58602139752591,36.58602139752591,36.58602139752591,36.58602139752591,36.58602139752591,36.58602139752591,36.46630071160614,36.14364764377172,36.13957214409836,,,,,,,36.36514398403346,,,,35.83939836042796,36.096197136421644,36.24969257966021,36.24525661655796,"rgba(239, 83, 80, 1.0)",0.8340852463617285,35.851158852721795,-1.0684265866217157,40.08620124263727,-3.638333976839739,True,False,False,True,False,0.0,35.848800000000004,36.962725,0.0,0.0,0.0,0.0,0,0.7412349555206695,1.168759811616954,False,False,False,False,-0.34282825441539394,-0.3142299534390013,False,False,False,False,-3462.0,-1676.852878310018,False,False,False,False,106.80867145538146,False,False,False,False
2025-03-04 16:00:00+00:00,34.96,34.96,34.96,34.96,0.0,,,,,,,,,,,,,,,,,,,,,,,,,,,,,,,,,,,,,,,35.50650909090909,35.83939836042796,35.94079278812975,36.25677077982123,36.405446365615134,36.57675679604593,36.58705742874757,36.58705742874757,36.58705742874757,36.58705742874757,36.58705742874757,36.58989752338509,36.15200869706936,36.11299772115185,36.11299772115185,36.11299772115185,36.11299772115185,36.11299772115185,36.11299772115185,36.11299772115185,36.112193624410814,,,,,,,,,,,,,,,,,,,,,,,,,,,,,,,,,,,,,,,,,,,,,,,,,,35.42880979284369,35.6485518292683,35.88132713971546,35.94079278812975,35.94079278812975,35.94079278812975,35.94079278812975,35.95641032192131,36.36514398403346,36.374025496636946,36.411288010491965,36.53598452390226,36.53598452390226,36.53598452390226,36.53834404439282,36.58602139752591,36.58602139752591,36.58602139752591,36.58602139752591,36.58602139752591,36.58602139752591,36.58602139752591,36.46630071160614,36.14364764377172,36.13957214409836,,,,,,,36.36514398403346,,,,35.83939836042796,36.096197136421644,36.24969257966021,36.24525661655796,"rgba(239, 83, 80, 1.0)",0.8454880247526305,35.851158852721795,-1.0540171198551582,37.66135426710666,-6.029436302587889,True,False,False,True,False,0.0,35.8016,36.954375,0.0,0.0,0.0,0.0,0,0.7516582647917217,1.171132926505704,False,False,False,False,-0.34282825441539394,-0.3285291039271976,False,False,False,False,-3462.0,-1704.5295778711031,False,False,False,False,105.15272306072438,False,False,False,False
2025-03-04 17:00:00+00:00,34.96,34.96,34.96,34.96,0.0,,,,,,,,,,,,,,,,,,,,,,,,,,,,,,,,,,,,,,,35.50650909090909,35.83939836042796,35.94079278812975,36.25677077982123,36.405446365615134,36.57675679604593,36.58705742874757,36.58705742874757,36.58705742874757,36.58705742874757,36.58705742874757,36.58989752338509,36.15200869706936,36.11299772115185,36.11299772115185,36.11299772115185,36.11299772115185,36.11299772115185,36.11299772115185,36.11299772115185,36.112193624410814,,,,,,,,,,,,,,,,,,,,,,,,,,,,,,,,,,,,,,,,,,,,,,,,,,35.42880979284369,35.6485518292683,35.88132713971546,35.94079278812975,35.94079278812975,35.94079278812975,35.94079278812975,35.95641032192131,36.36514398403346,36.374025496636946,36.411288010491965,36.53598452390226,36.53598452390226,36.53598452390226,36.53834404439282,36.58602139752591,36.58602139752591,36.58602139752591,36.58602139752591,36.58602139752591,36.58602139752591,36.58602139752591,36.46630071160614,36.14364764377172,36.13957214409836,,,,,,,36.36514398403346,,,,35.83939836042796,36.096197136421644,36.24969257966021,36.24525661655796,"rgba(239, 83, 80, 1.0)",0.8558547700325618,35.851158852721795,-1.0412500857918796,36.04478961675291,-7.715116289257715,False,False,False,True,False,0.0,35.7802,36.945725,0.0,0.0,0.0,0.0,0,0.7902370990237094,1.165132496513249,False,False,False,False,-0.34282825441539394,-0.3356786791712958,False,False,False,False,-3462.0,-1731.777181314962,False,False,False,False,103.52244828458912,False,False,False,False
2025-03-04 18:00:00+00:00,34.96,34.96,34.41,34.41,2.0,,,,,,,,,,,,,,,,,,,,,,,,,,,,,,,,,,,,,,,35.50567968513473,35.83905218317359,35.94044415696421,36.256429036123954,36.40511310344827,36.576468507751926,36.586773826458035,36.586773826458035,36.586773826458035,36.586773826458035,36.586773826458035,36.58961950845923,36.15187014814814,36.11287180124567,36.11287180124567,36.11287180124567,36.11287180124567,36.11287180124567,36.11287180124567,36.11287180124567,36.11206803649193,,,,,,,,,,,,,,,,,,,,,,,,,,,,,,,,,,,,,,,,,,,,,,,,,,35.42833803877282,35.64821329269597,35.880980392156864,35.94044415696421,35.94044415696421,35.94044415696421,35.94044415696421,35.95606215410813,36.36480726593184,36.37369131400332,36.410955386820355,36.53568190669055,36.53568190669055,36.53568190669055,36.53804288921575,36.58573591212989,36.58573591212989,36.58573591212989,36.58573591212989,36.58573591212989,36.58573591212989,36.58573591212989,36.46608343000773,36.143511226480115,36.13943668141399,,,,,,,36.36480726593184,,,,35.83905218317359,36.09583156232391,36.249432403510696,36.24492963211414,"rgba(255, 0, 0, 1.0)",0.871618397368211,35.85077506085442,-1.652988355001153,31.334113997095237,-12.248561925951478,False,True,False,True,False,0.0,35.747800000000005,36.934325,0.0,0.0,0.0,0.0,0,0.7625998347562648,1.1299917378132742,False,False,False,False,-0.34282825441539394,-0.3392534667933449,False,False,False,False,-3464.0,-1758.633349046513,False,False,False,False,101.9484568383164,False,False,False,False
2025-03-04 19:00:00+00:00,34.41,34.41,34.41,34.41,0.0,,,,,,,,,,,,,,,,,,,,,,,,,,,,,,,,,,,,,,,35.50567968513473,35.83905218317359,35.94044415696421,36.256429036123954,36.40511310344827,36.576468507751926,36.586773826458035,36.586773826458035,36.586773826458035,36.586773826458035,36.586773826458035,36.58961950845923,36.15187014814814,36.11287180124567,36.11287180124567,36.11287180124567,36.11287180124567,36.11287180124567,36.11287180124567,36.11287180124567,36.11206803649193,,,,,,,,,,,,,,,,,,,,,,,,,,,,,,,,,,,,,,,,,,,,,,,,,,35.42833803877282,35.64821329269597,35.880980392156864,35.94044415696421,35.94044415696421,35.94044415696421,35.94044415696421,35.95606215410813,36.36480726593184,36.37369131400332,36.410955386820355,36.53568190669055,36.53568190669055,36.53568190669055,36.53804288921575,36.58573591212989,36.58573591212989,36.58573591212989,36.58573591212989,36.58573591212989,36.58573591212989,36.58573591212989,36.46608343000773,36.143511226480115,36.13943668141399,,,,,,,36.36480726593184,,,,35.83905218317359,36.09583156232391,36.249432403510696,36.24492963211414,"rgba(255, 0, 0, 1.0)",0.8844147451515806,35.85077506085442,-1.6290717321854296,28.193663583990123,-15.218233071727305,False,True,False,True,False,0.0,35.715199999999996,36.922925,0.0,0.0,0.0,0.0,0,0.7449738364087021,1.1602864224731477,False,False,False,False,-0.34282825441539394,-0.34104086060436944,False,False,False,False,-3464.0,-1785.0731420845516,False,False,False,False,100.36786060826498,False,False,False,False
2025-03-04 20:00:00+00:00,34.41,34.78,34.41,34.55,120.0,,,,,,,,,,,,,,,,,,,,,,,,,,,,,,,,,,,,,,,35.45784094171692,35.81840916336476,35.919647558386416,36.23601589717571,36.38519372442019,36.55920797310277,36.56979125528914,36.56979125528914,36.56979125528914,36.56979125528914,36.56979125528914,36.5729686529034,36.14353131447096,36.105288645202066,36.105288645202066,36.105288645202066,36.105288645202066,36.105288645202066,36.105288645202066,36.105288645202066,36.10450475837858,,,,,,,,,,,,,,,,,,,,,,,,,,,,,,,,,,,,,,,,,,,,,,,,,,35.400538867649736,35.62803929283392,35.86029981896057,35.919647558386416,35.919647558386416,35.919647558386416,35.919647558386416,35.93529140461216,36.34468542527872,36.35371887661996,36.39107350767652,36.51757234354502,36.51757234354502,36.51757234354502,36.52001994323847,36.56864157196969,36.56864157196969,36.56864157196969,36.56864157196969,36.56864157196969,36.56864157196969,36.56864157196969,36.45304598694315,36.13529986724437,36.13128240881955,,,,,,,36.34468542527872,,,,35.81840916336476,36.07410408430574,36.23393960092007,36.22540911304496,"rgba(239, 83, 80, 1.0)",0.8915231020234591,35.82800979893373,-1.4335128232045542,28.616153602033712,-15.218233071727305,False,True,False,True,False,0.0,35.6854,36.913575,0.0,0.0,0.0,0.0,0,0.7500674763832652,1.137112010796221,False,False,False,False,-0.31029105794614237,-0.3256659592752559,False,False,False,False,-3344.0,-1809.2425507344035,False,False,False,False,100.6722348624004,False,False,False,False
2025-03-05 15:00:00+00:00,34.55,34.55,34.315,34.315,100.0,,,,,,,,,,,,,,,,,,,,,,,,,,,,,,,,,,,,,,,35.413889347646574,35.799200700903086,35.90044863731656,36.21750577599196,36.367240949376594,36.54371530758225,36.554549953314655,36.554549953314655,36.554549953314655,36.554549953314655,36.554549953314655,36.55802224050835,36.13582797828638,36.09826004844603,36.09826004844603,36.09826004844603,36.09826004844603,36.09826004844603,36.09826004844603,36.09826004844603,36.09749405932481,,,,,,,,,,,,,,,,,,,,,,,,,,,,,,,,,,,,,,,,,,,,,,,,,,35.373765727449936,35.60890842888132,35.84112127947008,35.90044863731656,35.90044863731656,35.90044863731656,35.90044863731656,35.91613664596273,36.32652317572598,36.3356956575036,36.373158162197704,36.50130586823901,36.50130586823901,36.50130586823901,36.50383141762451,36.55330089327691,36.55330089327691,36.55330089327691,36.55330089327691,36.55330089327691,36.55330089327691,36.55330089327691,36.44124923634975,36.12770926837771,36.123742172473136,,,,,,,36.32652317572598,,,,35.799200700903086,36.0541569030017,36.21982105216536,36.207567855759166,"rgba(255, 0, 0, 1.0)",0.9066305206096836,35.8068230113943,-1.6454586267304274,27.381892061698746,-16.34926481515842,False,True,False,True,False,0.0,35.643699999999995,36.903,0.0,0.0,0.0,0.0,0,0.7481343283582084,1.1476545842217483,False,False,False,False,-0.3388347516655796,-0.3322503554704177,False,False,False,False,-3444.0,-1834.5876274672032,False,False,False,False,100.6618126164717,False,False,False,False
2025-03-05 16:00:00+00:00,34.315,34.315,34.315,34.315,0.0,,,,,,,,,,,,,,,,,,,,,,,,,,,,,,,,,,,,,,,35.413889347646574,35.799200700903086,35.90044863731656,36.21750577599196,36.367240949376594,36.54371530758225,36.554549953314655,36.554549953314655,36.554549953314655,36.554549953314655,36.554549953314655,36.55802224050835,36.13582797828638,36.09826004844603,36.09826004844603,36.09826004844603,36.09826004844603,36.09826004844603,36.09826004844603,36.09826004844603,36.09749405932481,,,,,,,,,,,,,,,,,,,,,,,,,,,,,,,,,,,,,,,,,,,,,,,,,,35.373765727449936,35.60890842888132,35.84112127947008,35.90044863731656,35.90044863731656,35.90044863731656,35.90044863731656,35.91613664596273,36.32652317572598,36.3356956575036,36.373158162197704,36.50130586823901,36.50130586823901,36.50130586823901,36.50383141762451,36.55330089327691,36.55330089327691,36.55330089327691,36.55330089327691,36.55330089327691,36.55330089327691,36.55330089327691,36.44124923634975,36.12770926837771,36.123742172473136,,,,,,,36.32652317572598,,,,35.799200700903086,36.0541569030017,36.21982105216536,36.207567855759166,"rgba(255, 0, 0, 1.0)",0.9197347002907953,35.8068230113943,-1.622014490616292,26.559051034808775,-17.473237109253766,False,True,False,True,False,0.0,35.5992,36.8925,0.0,0.0,0.0,0.0,0,0.744456462952947,1.1771227690643586,False,False,False,False,-0.34282825441539394,-0.33753930494290585,False,False,False,False,-3444.0,-1859.5397572739132,False,False,False,False,99.10116435885199,False,False,False,False
2025-03-05 17:00:00+00:00,34.315,34.315,34.315,34.315,0.0,,,,,,,,,,,,,,,,,,,,,,,,,,,,,,,,,,,,,,,35.413889347646574,35.799200700903086,35.90044863731656,36.21750577599196,36.367240949376594,36.54371530758225,36.554549953314655,36.554549953314655,36.554549953314655,36.554549953314655,36.554549953314655,36.55802224050835,36.13582797828638,36.09826004844603,36.09826004844603,36.09826004844603,36.09826004844603,36.09826004844603,36.09826004844603,36.09826004844603,36.09749405932481,,,,,,,,,,,,,,,,,,,,,,,,,,,,,,,,,,,,,,,,,,,,,,,,,,35.373765727449936,35.60890842888132,35.84112127947008,35.90044863731656,35.90044863731656,35.90044863731656,35.90044863731656,35.91613664596273,36.32652317572598,36.3356956575036,36.373158162197704,36.50130586823901,36.50130586823901,36.50130586823901,36.50383141762451,36.55330089327691,36.55330089327691,36.55330089327691,36.55330089327691,36.55330089327691,36.55330089327691,36.55330089327691,36.44124923634975,36.12770926837771,36.123742172473136,,,,,,,36.32652317572598,,,,35.799200700903086,36.0541569030017,36.21982105216536,36.207567855759166,"rgba(255, 0, 0, 1.0)",0.9318172064876147,35.8068230113943,-1.6009824684581322,26.010490350215456,-18.39837421063669,False,True,False,True,False,0.0,35.5484,36.8797,0.0,0.0,0.0,0.0,0,0.7330796412068494,1.1826583310682246,False,False,False,False,-0.34282825441539394,-0.3401837796791499,False,False,False,False,-3444.0,-1884.1050323549377,False,False,False,False,97.56471219824962,False,False,False,False
2025-03-05 18:00:00+00:00,34.315,34.315,34.315,34.315,0.0,,,,,,,,,,,,,,,,,,,,,,,,,,,,,,,,,,,,,,,35.413889347646574,35.799200700903086,35.90044863731656,36.21750577599196,36.367240949376594,36.54371530758225,36.554549953314655,36.554549953314655,36.554549953314655,36.554549953314655,36.554549953314655,36.55802224050835,36.13582797828638,36.09826004844603,36.09826004844603,36.09826004844603,36.09826004844603,36.09826004844603,36.09826004844603,36.09826004844603,36.09749405932481,,,,,,,,,,,,,,,,,,,,,,,,,,,,,,,,,,,,,,,,,,,,,,,,,,35.373765727449936,35.60890842888132,35.84112127947008,35.90044863731656,35.90044863731656,35.90044863731656,35.90044863731656,35.91613664596273,36.32652317572598,36.3356956575036,36.373158162197704,36.50130586823901,36.50130586823901,36.50130586823901,36.50383141762451,36.55330089327691,36.55330089327691,36.55330089327691,36.55330089327691,36.55330089327691,36.55330089327691,36.55330089327691,36.44124923634975,36.12770926837771,36.123742172473136,,,,,,,36.32652317572598,,,,35.799200700903086,36.0541569030017,36.21982105216536,36.207567855759166,"rgba(255, 0, 0, 1.0)",0.9420877237706423,35.8068230113943,-1.5835287667515525,25.644783227153244,-19.19216494570394,False,True,False,True,False,0.0,35.497600000000006,36.866899999999994,0.0,0.0,0.0,0.0,0,0.7330796412068494,1.1826583310682246,False,False,False,False,-0.34282825441539394,-0.3415060170472719,False,False,False,False,-3444.0,-1908.2894504579617,False,False,False,False,96.05208100137753,False,False,False,False
2025-03-05 19:00:00+00:00,34.315,34.315,34.315,34.315,0.0,,,,,,,,,,,,,,,,,,,,,,,,,,,,,,,,,,,,,,,35.413889347646574,35.799200700903086,35.90044863731656,36.21750577599196,36.367240949376594,36.54371530758225,36.554549953314655,36.554549953314655,36.554549953314655,36.554549953314655,36.554549953314655,36.55802224050835,36.13582797828638,36.09826004844603,36.09826004844603,36.09826004844603,36.09826004844603,36.09826004844603,36.09826004844603,36.09826004844603,36.09749405932481,,,,,,,,,,,,,,,,,,,,,,,,,,,,,,,,,,,,,,,,,,,,,,,,,,35.373765727449936,35.60890842888132,35.84112127947008,35.90044863731656,35.90044863731656,35.90044863731656,35.90044863731656,35.91613664596273,36.32652317572598,36.3356956575036,36.373158162197704,36.50130586823901,36.50130586823901,36.50130586823901,36.50383141762451,36.55330089327691,36.55330089327691,36.55330089327691,36.55330089327691,36.55330089327691,36.55330089327691,36.55330089327691,36.44124923634975,36.12770926837771,36.123742172473136,,,,,,,36.32652317572598,,,,35.799200700903086,36.0541569030017,36.21982105216536,36.207567855759166,"rgba(255, 0, 0, 1.0)",0.9506049851741278,35.8068230113943,-1.569340614304728,25.4009784784451,-19.89208480431021,False,True,False,True,False,0.0,35.446799999999996,36.854099999999995,0.0,0.0,0.0,0.0,0,0.7330796412068494,1.1826583310682246,False,False,False,False,-0.34282825441539394,-0.34216713573133295,False,False,False,False,-3444.0,-1932.0989163423342,False,False,False,False,94.56290145096857,False,False,False,False
2025-03-05 20:00:00+00:00,34.315,34.315,34.25,34.25,14.0,,,,,,,,,,,,,,,,,,,,,,,,,,,,,,,,,,,,,,,35.40732484948002,35.79632360195525,35.89758538422903,36.21477313003644,36.36460002400456,36.54144228478871,36.552314024532436,36.552314024532436,36.552314024532436,36.552314024532436,36.552314024532436,36.55582939416775,36.13467999472155,36.097210755953114,36.097210755953114,36.097210755953114,36.097210755953114,36.097210755953114,36.097210755953114,36.097210755953114,36.09644739715557,,,,,,,,,,,,,,,,,,,,,,,,,,,,,,,,,,,,,,,,,,,,,,,,,,35.369679555084744,35.60601396619255,35.838253947540124,35.89758538422903,35.89758538422903,35.89758538422903,35.89758538422903,35.91328166335978,36.32384907355766,36.33304242034708,36.37052306314375,36.49891812641831,36.49891812641831,36.49891812641831,36.50145514916482,36.55105044384951,36.55105044384951,36.55105044384951,36.55105044384951,36.55105044384951,36.55105044384951,36.55105044384951,36.43951098775323,36.12657768293922,36.12261790168957,,,,,,,36.32384907355766,,,,35.79632360195525,36.05119008721334,36.217730203885864,36.204922348690445,"rgba(239, 83, 80, 1.0)",0.958926727372081,35.675386257973784,-1.4864391796441276,24.645139703565796,-21.05253084072617,False,True,False,True,False,0.0,35.4058,36.840975,0.0,0.0,0.0,0.0,0,0.7304983748645719,1.1820151679306605,False,False,False,False,-0.34282825441539394,-0.3424976950733635,False,False,False,False,-3458.0,-1955.7562974843136,False,False,False,False,93.3138642191706,False,False,False,False
2025-03-06 15:00:00+00:00,34.25,34.25,34.25,34.25,0.0,,,,,,,,,,,,,,,,,,,,,,,,,,,,,,,,,,,,,,,35.40732484948002,35.79632360195525,35.89758538422903,36.21477313003644,36.36460002400456,36.54144228478871,36.552314024532436,36.552314024532436,36.552314024532436,36.552314024532436,36.552314024532436,36.55582939416775,36.13467999472155,36.097210755953114,36.097210755953114,36.097210755953114,36.097210755953114,36.097210755953114,36.097210755953114,36.097210755953114,36.09644739715557,,,,,,,,,,,,,,,,,,,,,,,,,,,,,,,,,,,,,,,,,,,,,,,,,,35.369679555084744,35.60601396619255,35.838253947540124,35.89758538422903,35.89758538422903,35.89758538422903,35.89758538422903,35.91328166335978,36.32384907355766,36.33304242034708,36.37052306314375,36.49891812641831,36.49891812641831,36.49891812641831,36.50145514916482,36.55105044384951,36.55105044384951,36.55105044384951,36.55105044384951,36.55105044384951,36.55105044384951,36.55105044384951,36.43951098775323,36.12657768293922,36.12261790168957,,,,,,,36.32384907355766,,,,35.79632360195525,36.05119008721334,36.217730203885864,36.204922348690445,"rgba(239, 83, 80, 1.0)",0.9654875442999014,35.675386257973784,-1.4763383187997174,24.14124718697959,-21.937075931265536,False,True,False,True,False,0.0,35.366099999999996,36.82785,0.0,0.0,0.0,0.0,0,0.7304983748645719,1.1855362946912238,False,False,False,False,-0.34282825441539394,-0.3426629747443787,False,False,False,False,-3458.0,-1979.0468975233164,False,False,False,False,91.8671376421292,False,False,False,False
2025-03-06 16:00:00+00:00,34.25,34.25,34.25,34.25,0.0,,,,,,,,,,,,,,,,,,,,,,,,,,,,,,,,,,,,,,,35.40732484948002,35.79632360195525,35.89758538422903,36.21477313003644,36.36460002400456,36.54144228478871,36.552314024532436,36.552314024532436,36.552314024532436,36.552314024532436,36.552314024532436,36.55582939416775,36.13467999472155,36.097210755953114,36.097210755953114,36.097210755953114,36.097210755953114,36.097210755953114,36.097210755953114,36.097210755953114,36.09644739715557,,,,,,,,,,,,,,,,,,,,,,,,,,,,,,,,,,,,,,,,,,,,,,,,,,35.369679555084744,35.60601396619255,35.838253947540124,35.89758538422903,35.89758538422903,35.89758538422903,35.89758538422903,35.91328166335978,36.32384907355766,36.33304242034708,36.37052306314375,36.49891812641831,36.49891812641831,36.49891812641831,36.50145514916482,36.55105044384951,36.55105044384951,36.55105044384951,36.55105044384951,36.55105044384951,36.55105044384951,36.55105044384951,36.43951098775323,36.12657768293922,36.12261790168957,,,,,,,36.32384907355766,,,,35.79632360195525,36.05119008721334,36.217730203885864,36.204922348690445,"rgba(239, 83, 80, 1.0)",0.9703231559779857,35.675386257973784,-1.46898097730868,23.80531884258879,-22.639896163817475,False,True,False,True,False,0.0,35.3309,36.815799999999996,0.0,0.0,0.0,0.0,0,0.7296195652173911,1.1894021739130431,False,False,False,False,-0.34282825441539394,-0.3427456145798863,False,False,False,False,-3458.0,-2001.9764029880712,False,False,False,False,90.44284093449929,False,False,False,False
2025-03-06 17:00:00+00:00,34.25,34.25,34.25,34.25,0.0,,,,,,,,,,,,,,,,,,,,,,,,,,,,,,,,,,,,,,,35.40732484948002,35.79632360195525,35.89758538422903,36.21477313003644,36.36460002400456,36.54144228478871,36.552314024532436,36.552314024532436,36.552314024532436,36.552314024532436,36.552314024532436,36.55582939416775,36.13467999472155,36.097210755953114,36.097210755953114,36.097210755953114,36.097210755953114,36.097210755953114,36.097210755953114,36.097210755953114,36.09644739715557,,,,,,,,,,,,,,,,,,,,,,,,,,,,,,,,,,,,,,,,,,,,,,,,,,35.369679555084744,35.60601396619255,35.838253947540124,35.89758538422903,35.89758538422903,35.89758538422903,35.89758538422903,35.91328166335978,36.32384907355766,36.33304242034708,36.37052306314375,36.49891812641831,36.49891812641831,36.49891812641831,36.50145514916482,36.55105044384951,36.55105044384951,36.55105044384951,36.55105044384951,36.55105044384951,36.55105044384951,36.55105044384951,36.43951098775323,36.12657768293922,36.12261790168957,,,,,,,36.32384907355766,,,,35.79632360195525,36.05119008721334,36.217730203885864,36.204922348690445,"rgba(239, 83, 80, 1.0)",0.9734592723658253,35.675386257973784,-1.4642484780176042,23.58136661299492,-23.218455378618835,False,True,False,True,False,0.0,35.2893,36.80375,0.0,0.0,0.0,0.0,0,0.7263586956521736,1.1894021739130431,False,False,False,False,-0.34282825441539394,-0.3427869344976401,False,False,False,False,-3458.0,-2024.55041224407,False,False,False,False,89.04062634636752,False,False,False,False
2025-03-06 18:00:00+00:00,34.25,34.25,34.25,34.25,0.0,,,,,,,,,,,,,,,,,,,,,,,,,,,,,,,,,,,,,,,35.40732484948002,35.79632360195525,35.89758538422903,36.21477313003644,36.36460002400456,36.54144228478871,36.552314024532436,36.552314024532436,36.552314024532436,36.552314024532436,36.552314024532436,36.55582939416775,36.13467999472155,36.097210755953114,36.097210755953114,36.097210755953114,36.097210755953114,36.097210755953114,36.097210755953114,36.097210755953114,36.09644739715557,,,,,,,,,,,,,,,,,,,,,,,,,,,,,,,,,,,,,,,,,,,,,,,,,,35.369679555084744,35.60601396619255,35.838253947540124,35.89758538422903,35.89758538422903,35.89758538422903,35.89758538422903,35.91328166335978,36.32384907355766,36.33304242034708,36.37052306314375,36.49891812641831,36.49891812641831,36.49891812641831,36.50145514916482,36.55105044384951,36.55105044384951,36.55105044384951,36.55105044384951,36.55105044384951,36.55105044384951,36.55105044384951,36.43951098775323,36.12657768293922,36.12261790168957,,,,,,,36.32384907355766,,,,35.79632360195525,36.05119008721334,36.217730203885864,36.204922348690445,"rgba(239, 83, 80, 1.0)",0.9661388369444086,35.675386257973784,-1.4753430909390102,23.432065126599007,-23.707782307243402,False,True,False,True,False,0.0,35.2477,36.7917,0.0,0.0,0.0,0.0,0,0.7263586956521736,1.1894021739130431,False,False,False,False,-0.34282825441539394,-0.342807594456517,False,False,False,False,-3458.0,-2046.774436860441,False,False,False,False,87.66015151929204,False,False,False,False
2025-03-06 19:00:00+00:00,34.25,34.25,34.25,34.25,0.0,,,,,,,,,,,,,,,,,,,,,,,,,,,,,,,,,,,,,,,35.40732484948002,35.79632360195525,35.89758538422903,36.21477313003644,36.36460002400456,36.54144228478871,36.552314024532436,36.552314024532436,36.552314024532436,36.552314024532436,36.552314024532436,36.55582939416775,36.13467999472155,36.097210755953114,36.097210755953114,36.097210755953114,36.097210755953114,36.097210755953114,36.097210755953114,36.097210755953114,36.09644739715557,,,,,,,,,,,,,,,,,,,,,,,,,,,,,,,,,,,,,,,,,,,,,,,,,,35.369679555084744,35.60601396619255,35.838253947540124,35.89758538422903,35.89758538422903,35.89758538422903,35.89758538422903,35.91328166335978,36.32384907355766,36.33304242034708,36.37052306314375,36.49891812641831,36.49891812641831,36.49891812641831,36.50145514916482,36.55105044384951,36.55105044384951,36.55105044384951,36.55105044384951,36.55105044384951,36.55105044384951,36.55105044384951,36.43951098775323,36.12657768293922,36.12261790168957,,,,,,,36.32384907355766,,,,35.79632360195525,36.05119008721334,36.217730203885864,36.204922348690445,"rgba(239, 83, 80, 1.0)",0.9593649363412855,35.675386257973784,-1.4857602190567405,23.332530802335064,-24.129385584753592,False,True,False,True,False,0.0,35.2061,36.779650000000004,0.0,0.0,0.0,0.0,0,0.7210526315789471,1.2124653739612186,False,False,False,False,-0.34282825441539394,-0.3428179244359555,False,False,False,False,-3458.0,-2068.653902955628,False,False,False,False,86.30107940271387,False,False,False,False
2025-03-06 20:00:00+00:00,34.25,34.25,34.25,34.25,0.0,,,,,,,,,,,,,,,,,,,,,,,,,,,,,,,,,,,,,,,35.40732484948002,35.79632360195525,35.89758538422903,36.21477313003644,36.36460002400456,36.54144228478871,36.552314024532436,36.552314024532436,36.552314024532436,36.552314024532436,36.552314024532436,36.55582939416775,36.13467999472155,36.097210755953114,36.097210755953114,36.097210755953114,36.097210755953114,36.097210755953114,36.097210755953114,36.097210755953114,36.09644739715557,,,,,,,,,,,,,,,,,,,,,,,,,,,,,,,,,,,,,,,,,,,,,,,,,,35.369679555084744,35.60601396619255,35.838253947540124,35.89758538422903,35.89758538422903,35.89758538422903,35.89758538422903,35.91328166335978,36.32384907355766,36.33304242034708,36.37052306314375,36.49891812641831,36.49891812641831,36.49891812641831,36.50145514916482,36.55105044384951,36.55105044384951,36.55105044384951,36.55105044384951,36.55105044384951,36.55105044384951,36.55105044384951,36.43951098775323,36.12657768293922,36.12261790168957,,,,,,,36.32384907355766,,,,35.79632360195525,36.05119008721334,36.217730203885864,36.204922348690445,"rgba(239, 83, 80, 1.0)",0.9505056596407209,35.675386257973784,-1.4996083858275626,23.266174586159103,-24.49675365390601,False,True,False,True,False,0.0,35.1645,36.7676,0.0,0.0,0.0,0.0,0,0.7016620498614954,1.2124653739612186,False,False,False,False,-0.34282825441539394,-0.34282308942567474,False,False,False,False,-3458.0,-2090.1941525222073,False,False,False,False,84.96307817166404,False,False,False,False
2025-03-07 15:00:00+00:00,34.25,34.25,34.25,34.25,0.0,,,,,,,,,,,,,,,,,,,,,,,,,,,,,,,,,,,,,,,35.40732484948002,35.79632360195525,35.89758538422903,36.21477313003644,36.36460002400456,36.54144228478871,36.552314024532436,36.552314024532436,36.552314024532436,36.552314024532436,36.552314024532436,36.55582939416775,36.13467999472155,36.097210755953114,36.097210755953114,36.097210755953114,36.097210755953114,36.097210755953114,36.097210755953114,36.097210755953114,36.09644739715557,,,,,,,,,,,,,,,,,,,,,,,,,,,,,,,,,,,,,,,,,,,,,,,,,,35.369679555084744,35.60601396619255,35.838253947540124,35.89758538422903,35.89758538422903,35.89758538422903,35.89758538422903,35.91328166335978,36.32384907355766,36.33304242034708,36.37052306314375,36.49891812641831,36.49891812641831,36.49891812641831,36.50145514916482,36.55105044384951,36.55105044384951,36.55105044384951,36.55105044384951,36.55105044384951,36.55105044384951,36.55105044384951,36.43951098775323,36.12657768293922,36.12261790168957,,,,,,,36.32384907355766,,,,35.79632360195525,36.05119008721334,36.217730203885864,36.204922348690445,"rgba(255, 0, 0, 1.0)",0.939502014918576,35.675386257973784,-1.517172113885587,23.22193710870846,-24.818697839913913,False,True,False,True,False,0.0,35.1229,36.75555,0.0,0.0,0.0,0.0,0,0.7016620498614954,1.2124653739612186,False,False,False,False,-0.34282825441539394,-0.34282567192053437,False,False,False,False,-3458.0,-2111.4004447311654,False,False,False,False,83.64582114574677,False,False,False,False
2025-03-07 16:00:00+00:00,34.25,34.25,34.25,34.25,0.0,,,,,,,,,,,,,,,,,,,,,,,,,,,,,,,,,,,,,,,35.40732484948002,35.79632360195525,35.89758538422903,36.21477313003644,36.36460002400456,36.54144228478871,36.552314024532436,36.552314024532436,36.552314024532436,36.552314024532436,36.552314024532436,36.55582939416775,36.13467999472155,36.097210755953114,36.097210755953114,36.097210755953114,36.097210755953114,36.097210755953114,36.097210755953114,36.097210755953114,36.09644739715557,,,,,,,,,,,,,,,,,,,,,,,,,,,,,,,,,,,,,,,,,,,,,,,,,,35.369679555084744,35.60601396619255,35.838253947540124,35.89758538422903,35.89758538422903,35.89758538422903,35.89758538422903,35.91328166335978,36.32384907355766,36.33304242034708,36.37052306314375,36.49891812641831,36.49891812641831,36.49891812641831,36.50145514916482,36.55105044384951,36.55105044384951,36.55105044384951,36.55105044384951,36.55105044384951,36.55105044384951,36.55105044384951,36.43951098775323,36.12657768293922,36.12261790168957,,,,,,,36.32384907355766,,,,35.79632360195525,36.05119008721334,36.217730203885864,36.204922348690445,"rgba(255, 0, 0, 1.0)",0.9251328222146064,35.675386257973784,-1.540736879880295,23.192445457074697,-25.101347221916054,False,True,False,True,False,0.0,35.0905,36.7435,0.0,0.0,0.0,0.0,0,0.6982347996637709,1.2263939478845611,False,False,False,False,-0.34282825441539394,-0.3428269631679641,False,False,False,False,-3458.0,-2132.2779572159534,False,False,False,False,82.3489867093786,False,False,False,False
2025-03-07 17:00:00+00:00,34.25,34.25,33.53,33.53,6.0,,,,,,,,,,,,,,,,,,,,,,,,,,,,,,,,,,,,,,,35.40330193830194,35.794689250347275,35.89598368883312,36.21330258980785,36.36319943019942,36.540254523809516,36.551146620046616,36.551146620046616,36.551146620046616,36.551146620046616,36.551146620046616,36.55468476797005,36.13405606860157,36.0966379510741,36.0966379510741,36.0966379510741,36.0966379510741,36.0966379510741,36.0966379510741,36.0966379510741,36.09587597565635,,,,,,,,,,,,,,,,,,,,,,,,,,,,,,,,,,,,,,,,,,,,,,,,,,35.36714172395558,35.604312377716,35.836635806493675,35.89598368883312,35.89598368883312,35.89598368883312,35.89598368883312,35.911688145394464,36.32242552334944,36.33163118289437,36.36912630919344,36.497666233402136,36.497666233402136,36.497666233402136,36.500209520914076,36.54987535211267,36.54987535211267,36.54987535211267,36.54987535211267,36.54987535211267,36.54987535211267,36.54987535211267,36.43859467963386,36.12596209383662,36.122006010952646,,,,,,,36.32242552334944,,,,35.794689250347275,36.049529047146976,36.21658355078112,36.203474040300655,"rgba(255, 0, 0, 1.0)",0.930682448432245,35.36664559170342,-1.9734395924166033,17.809500686817238,-30.1762667554239,False,True,False,True,False,0.0,35.0435,36.72785,0.0,0.0,0.0,0.0,0,0.6544258701013975,1.2386955330227456,False,False,False,False,-0.34282825441539394,-0.34282760879167906,False,False,False,False,-3464.0,-2152.9248105924503,False,False,False,False,81.16528148907814,False,False,False,False
2025-03-07 18:00:00+00:00,33.53,33.53,33.05,33.05,550.0,,,,,,,,,,,,,,,,,,,,,,,,,,,,,,,,,,,,,,,35.00012143493761,35.6167471940585,35.722592723004695,36.05636041171813,36.21452736105157,36.414368613974794,36.42740044893378,36.42740044893378,36.42740044893378,36.42740044893378,36.42740044893378,36.4332846081084,36.06500364963503,36.03294593546489,36.03294593546489,36.03294593546489,36.03294593546489,36.03294593546489,36.03294593546489,36.03294593546489,36.03233078442363,,,,,,,,,,,,,,,,,,,,,,,,,,,,,,,,,,,,,,,,,,,,,,,,,,35.09326638965835,35.416830628321954,35.66086628543618,35.722592723004695,35.722592723004695,35.722592723004695,35.722592723004695,35.73930665119876,36.171123239644096,36.1816445356862,36.220886443136244,36.36499205126323,36.36499205126323,36.36499205126323,36.36818827363147,36.425337627118644,36.425337627118644,36.425337627118644,36.425337627118644,36.425337627118644,36.425337627118644,36.425337627118644,36.34010732113144,36.05777130546934,36.05419605684689,,,,,,,36.171123239644096,,,,35.6167471940585,35.87239043086461,36.09453148947059,36.04820738140575,"rgba(255, 26, 202, 1.0)",0.9484301871091159,35.07493134447771,-2.135034683627956,13.415985073153632,-34.01386395851175,False,True,False,True,False,0.0,34.9869,36.7098,0.0,0.0,0.0,0.0,0,0.6154262516914746,1.2882273342354529,False,False,False,False,-0.34282825441539394,-0.34282793160353653,False,False,False,False,-4014.0,-2181.7786894979936,False,False,False,False,88.43403681482886,False,False,False,False
2025-03-07 19:00:00+00:00,33.05,33.05,33.05,33.05,0.0,,,,,,,,,,,,,,,,,,,,,,,,,,,,,,,,,,,,,,,35.00012143493761,35.6167471940585,35.722592723004695,36.05636041171813,36.21452736105157,36.414368613974794,36.42740044893378,36.42740044893378,36.42740044893378,36.42740044893378,36.42740044893378,36.4332846081084,36.06500364963503,36.03294593546489,36.03294593546489,36.03294593546489,36.03294593546489,36.03294593546489,36.03294593546489,36.03294593546489,36.03233078442363,,,,,,,,,,,,,,,,,,,,,,,,,,,,,,,,,,,,,,,,,,,,,,,,,,35.09326638965835,35.416830628321954,35.66086628543618,35.722592723004695,35.722592723004695,35.722592723004695,35.722592723004695,35.73930665119876,36.171123239644096,36.1816445356862,36.220886443136244,36.36499205126323,36.36499205126323,36.36499205126323,36.36818827363147,36.425337627118644,36.425337627118644,36.425337627118644,36.425337627118644,36.425337627118644,36.425337627118644,36.425337627118644,36.34010732113144,36.05777130546934,36.05419605684689,,,,,,,36.171123239644096,,,,35.6167471940585,35.87239043086461,36.09453148947059,36.04820738140575,"rgba(255, 26, 202, 1.0)",0.9623153853601776,35.07493134447771,-2.1042283800958024,10.486974664044562,-36.39699158267481,False,True,False,True,False,0.0,34.9303,36.69175,0.0,0.0,0.0,0.0,0,0.6034155597722956,1.3141772838167523,False,False,False,False,-0.34282825441539394,-0.34282809300946526,False,False,False,False,-4014.0,-2210.185221443761,False,False,False,False,87.06296647661445,False,False,False,False
2025-03-07 20:00:00+00:00,33.05,33.61,33.05,33.555,1300.0,,,,,,,,,,,,,,,,,,,,,,,,,,,,,,,,,,,,,,,34.51697654551103,35.30721211468762,35.415783095723015,35.76487892882311,35.932816171744435,36.16754342797055,36.18411124871,36.18411124871,36.18411124871,36.18411124871,36.18411124871,36.19401091999433,35.924377185847895,35.902685908923374,35.902685908923374,35.902685908923374,35.902685908923374,35.902685908923374,35.902685908923374,35.902685908923374,35.902353997006365,,,,,,,,,,,,,,,,,,,,,,,,,,,,,,,,,,,,,,,,,,,,,,,,,,34.70357421875,35.10263314912702,35.35278495640298,35.415783095723015,35.415783095723015,35.415783095723015,35.415783095723015,35.43339952956989,35.886046324190055,35.89846905154154,35.939751939175174,36.107239377497926,36.107239377497926,36.107239377497926,36.11149841185224,36.18069968847352,36.18069968847352,36.18069968847352,36.18069968847352,36.18069968847352,36.18069968847352,36.18069968847352,36.14271262286601,35.918821198812736,35.91599007450807,,,,,,,35.886046324190055,,,,35.30721211468762,35.56753374762419,35.873147799815776,35.76582532691812,"rgba(239, 83, 80, 1.0)",0.9579065575373067,34.82933320819159,-1.3303314380348232,18.49771330881788,-35.6441179411743,False,True,False,True,True,0.0,34.8838,36.676225,0.0,0.0,0.0,0.0,0,0.612347641759406,1.2829888712241653,False,False,False,False,-0.30471179212493554,-0.3237699425672004,False,False,False,False,-2714.0,-2217.996303281842,False,False,False,False,105.86819180255841,False,False,False,False
2025-03-10 14:00:00+00:00,33.555,33.555,33.36,33.36,100.0,,,,,,,,,,,,,,,,,,,,,,,,,,,,,,,,,,,,,,,34.49211369156041,35.28716512230625,35.39571471774193,35.7452573025856,35.9136212527108,36.1503487983281,36.167132102564096,36.167132102564096,36.167132102564096,36.167132102564096,36.167132102564096,36.17728276848104,35.914254151478325,35.893274711639506,35.893274711639506,35.893274711639506,35.893274711639506,35.893274711639506,35.893274711639506,35.893274711639506,35.89296225389845,,,,,,,,,,,,,,,,,,,,,,,,,,,,,,,,,,,,,,,,,,,,,,,,,,34.68126831821354,35.08271822570434,35.332743528433305,35.39571471774193,35.39571471774193,35.39571471774193,35.39571471774193,35.41335562208915,35.86668934507892,35.87921577021873,35.920586083377785,36.08939228602479,36.08939228602479,36.08939228602479,36.093715275479354,36.16363653250774,36.16363653250774,36.16363653250774,36.16363653250774,36.16363653250774,36.16363653250774,36.16363653250774,36.12872542460113,35.90881348903781,35.906033681069054,,,,,,,35.86668934507892,,,,35.28716512230625,35.54775999922711,35.85821706497447,35.746975528008804,"rgba(255, 0, 0, 1.0)",0.9659277013960825,34.81329705605704,-1.5045609044616362,22.45936746906468,-32.56946634484789,False,True,False,True,True,0.0,34.8334,36.659725,0.0,0.0,0.0,0.0,0,0.6449023280706444,1.282044420658282,False,False,False,False,-0.28764169924127875,-0.3057058209042396,False,False,False,False,-2814.0,-2227.236670672821,False,False,False,False,105.7772120846893,False,False,False,False
2025-03-10 15:00:00+00:00,33.36,33.36,33.36,33.36,0.0,,,,,,,,,,,,,,,,,,,,,,,,,,,,,,,,,,,,,,,34.49211369156041,35.28716512230625,35.39571471774193,35.7452573025856,35.9136212527108,36.1503487983281,36.167132102564096,36.167132102564096,36.167132102564096,36.167132102564096,36.167132102564096,36.17728276848104,35.914254151478325,35.893274711639506,35.893274711639506,35.893274711639506,35.893274711639506,35.893274711639506,35.893274711639506,35.893274711639506,35.89296225389845,,,,,,,,,,,,,,,,,,,,,,,,,,,,,,,,,,,,,,,,,,,,,,,,,,34.68126831821354,35.08271822570434,35.332743528433305,35.39571471774193,35.39571471774193,35.39571471774193,35.39571471774193,35.41335562208915,35.86668934507892,35.87921577021873,35.920586083377785,36.08939228602479,36.08939228602479,36.08939228602479,36.093715275479354,36.16363653250774,36.16363653250774,36.16363653250774,36.16363653250774,36.16363653250774,36.16363653250774,36.16363653250774,36.12872542460113,35.90881348903781,35.906033681069054,,,,,,,35.86668934507892,,,,35.28716512230625,35.54775999922711,35.85821706497447,35.746975528008804,"rgba(239, 83, 80, 1.0)",0.9714012726121076,34.81329705605704,-1.4960831296309802,25.100470242562547,-30.559002137052353,False,True,False,True,True,0.0,34.783,36.643225,0.0,0.0,0.0,0.0,0,0.6449023280706444,1.272143430559272,False,False,False,False,-0.30068011170692793,-0.3031929663055838,False,False,False,False,-2814.0,-2236.3337765538627,False,False,False,False,104.13725530818249,False,False,False,False
2025-03-10 16:00:00+00:00,33.36,33.36,33.36,33.36,0.0,,,,,,,,,,,,,,,,,,,,,,,,,,,,,,,,,,,,,,,34.49211369156041,35.28716512230625,35.39571471774193,35.7452573025856,35.9136212527108,36.1503487983281,36.167132102564096,36.167132102564096,36.167132102564096,36.167132102564096,36.167132102564096,36.17728276848104,35.914254151478325,35.893274711639506,35.893274711639506,35.893274711639506,35.893274711639506,35.893274711639506,35.893274711639506,35.893274711639506,35.89296225389845,,,,,,,,,,,,,,,,,,,,,,,,,,,,,,,,,,,,,,,,,,,,,,,,,,34.68126831821354,35.08271822570434,35.332743528433305,35.39571471774193,35.39571471774193,35.39571471774193,35.39571471774193,35.41335562208915,35.86668934507892,35.87921577021873,35.920586083377785,36.08939228602479,36.08939228602479,36.08939228602479,36.093715275479354,36.16363653250774,36.16363653250774,36.16363653250774,36.16363653250774,36.16363653250774,36.16363653250774,36.16363653250774,36.12872542460113,35.90881348903781,35.906033681069054,,,,,,,35.86668934507892,,,,35.28716512230625,35.54775999922711,35.85821706497447,35.746975528008804,"rgba(255, 0, 0, 1.0)",0.9662311849152285,34.81329705605704,-1.504088336979667,26.861205424894457,-29.15157025981853,False,True,False,True,True,0.0,34.7326,36.624174999999994,0.0,0.0,0.0,0.0,0,0.6363387229377907,1.2984379281995064,False,False,False,False,-0.30068011170692793,-0.30193653900625583,False,False,False,False,-2814.0,-2245.289842033648,False,False,False,False,102.52272421813315,False,False,False,False
2025-03-10 17:00:00+00:00,33.36,33.36,32.84,32.84,51.0,,,,,,,,,,,,,,,,,,,,,,,,,,,,,,,,,,,,,,,34.47513917023033,35.27488064971752,35.383529234780866,35.73362335782676,35.902343829419536,36.140350186446675,36.15726499396765,36.15726499396765,36.15726499396765,36.15726499396765,36.15726499396765,36.16756454268048,35.90827432197566,35.887706548386284,35.887706548386284,35.887706548386284,35.887706548386284,35.887706548386284,35.887706548386284,35.887706548386284,35.88740543847037,,,,,,,,,,,,,,,,,,,,,,,,,,,,,,,,,,,,,,,,,,,,,,,,,,34.66655887947432,35.07026529006883,35.32051085832471,35.383529234780866,35.383529234780866,35.383529234780866,35.383529234780866,35.40120180054943,35.85528933281107,35.86788378043107,35.90932963862739,36.078989168877094,36.078989168877094,36.078989168877094,36.083351145709635,36.15371952348621,36.15371952348621,36.15371952348621,36.15371952348621,36.15371952348621,36.15371952348621,36.15371952348621,36.12056952928494,35.90289961286877,35.90014904932855,,,,,,,35.85528933281107,,,,35.27488064971752,35.53574957068632,35.849298805081006,35.73570363945911,"rgba(255, 0, 0, 1.0)",0.999724412476198,34.801190041626825,-1.9617306701245674,24.86804737528554,-29.15157025981853,False,True,False,True,True,0.0,34.6752,36.60252499999999,0.0,0.0,0.0,0.0,0,0.6187050359712227,1.2709832134292565,False,False,False,False,-0.3359539375103382,-0.318945238258297,False,False,False,False,-2865.0,-2254.8977514594826,False,False,False,False,101.72392229227061,False,False,False,False
2025-03-10 18:00:00+00:00,32.84,32.84,32.02,32.02,200.0,,,,,,,,,,,,,,,,,,,,,,,,,,,,,,,,,,,,,,,34.38115657979754,35.213022821576764,35.322764395503555,35.677113994743756,35.848138204666064,36.09285908277266,36.1104322970325,36.1104322970325,36.1104322970325,36.1104322970325,36.1104322970325,36.12145372133619,35.87928638252943,35.86065881556174,35.86065881556174,35.86065881556174,35.86065881556174,35.86065881556174,35.86065881556174,35.86065881556174,35.860411769123886,,,,,,,,,,,,,,,,,,,,,,,,,,,,,,,,,,,,,,,,,,,,,,,,,32.29333333333334,34.58722658643935,35.00624380403459,35.25916987504221,35.322764395503555,35.322764395503555,35.322764395503555,35.322764395503555,35.34068445136793,35.80034207481681,35.813302158090295,35.85524653504836,36.02943869982548,36.02943869982548,36.02943869982548,36.03399552893171,36.10664451354592,36.10664451354592,36.10664451354592,36.10664451354592,36.10664451354592,36.10664451354592,36.10664451354592,36.081676828751924,35.87421811680572,35.87160282284659,,,,,,,35.80034207481681,,,,35.213022821576764,35.288855924797566,35.80562841885103,35.489774804138946,"rgba(255, 26, 202, 1.0)",1.0589872775694829,34.538971600906756,-2.378660871817203,21.055649540862753,-29.15157025981853,False,True,False,True,False,0.0,34.6014,36.576775000000005,0.0,0.0,0.0,0.0,0,0.5928006127138112,1.2861884094970637,True,False,False,False,-0.34282825441539394,-0.33088674633684545,False,False,False,False,-3065.0,-2267.4574762430566,False,False,False,False,103.2475824117703,True,False,False,False
2025-03-10 19:00:00+00:00,32.02,32.02,32.02,32.02,0.0,,,,,,,,,,,,,,,,,,,,,,,,,,,,,,,,,,,,,,,34.38115657979754,35.213022821576764,35.322764395503555,35.677113994743756,35.848138204666064,36.09285908277266,36.1104322970325,36.1104322970325,36.1104322970325,36.1104322970325,36.1104322970325,36.12145372133619,35.87928638252943,35.86065881556174,35.86065881556174,35.86065881556174,35.86065881556174,35.86065881556174,35.86065881556174,35.86065881556174,35.860411769123886,,,,,,,,,,,,,,,,,,,,,,,,,,,,,,,,,,,,,,,,,,,,,,,,,32.29333333333334,34.58722658643935,35.00624380403459,35.25916987504221,35.322764395503555,35.322764395503555,35.322764395503555,35.322764395503555,35.34068445136793,35.80034207481681,35.813302158090295,35.85524653504836,36.02943869982548,36.02943869982548,36.02943869982548,36.03399552893171,36.10664451354592,36.10664451354592,36.10664451354592,36.10664451354592,36.10664451354592,36.10664451354592,36.10664451354592,36.081676828751924,35.87421811680572,35.87160282284659,,,,,,,35.80034207481681,,,,35.213022821576764,35.288855924797566,35.80562841885103,35.489774804138946,"rgba(255, 26, 202, 1.0)",1.1123865748434107,34.538971600906756,-2.2644750106421814,18.514050984580898,-24.879314218536948,False,True,False,True,False,0.0,34.533300000000004,36.551,0.0,0.0,0.0,0.0,0,0.5896578338049907,1.3383071777720603,True,False,False,False,-0.34282825441539394,-0.3368575003761197,False,False,False,False,-3065.0,-2279.8224766113813,False,False,False,False,101.6468446999599,True,False,False,False
2025-03-11 14:00:00+00:00,32.02,32.315,32.02,32.315,40.0,,,,,,,,,,,,,,,,,,,,,,,,,,,,,,,,,,,,,,,34.36266851733219,35.20064118457301,35.31059674207554,35.66578312595503,35.83726227912548,36.08331239866182,36.10101626262015,36.10101626262015,36.10101626262015,36.10101626262015,36.10101626262015,36.11218089527428,35.87342173385105,35.85518283367145,35.85518283367145,35.85518283367145,35.85518283367145,35.85518283367145,35.85518283367145,35.85518283367145,35.854946629669904,,,,,,,,,,,,,,,,,,,,,,,,,,,,,,,,,,,,,,,,,,,,,,,32.21666666666667,32.21666666666667,32.28055555555556,34.57148320327632,34.99344023713904,35.24688933736966,35.31059674207554,35.31059674207554,35.31059674207554,35.31059674207554,35.32856528626386,35.78931962065872,35.80235182929923,35.844394820558705,36.019483681462134,36.019483681462134,36.019483681462134,36.02407910118197,36.09718042292642,36.09718042292642,36.09718042292642,36.09718042292642,36.09718042292642,36.09718042292642,36.09718042292642,36.073837449081346,35.868414782493716,35.86582655077044,,,,,,,35.78931962065872,,,,35.20064118457301,34.896457786114,35.79686140128247,35.09048055915889,"rgba(255, 0, 0, 1.0)",1.15099830151484,34.13798653225663,-1.5838307752994816,20.85254692254091,-24.879314218536948,False,True,False,True,False,0.0,34.4788,36.526624999999996,0.0,0.0,0.0,0.0,0,0.58819057273188,1.318297009630005,True,False,False,False,-0.3258655777463712,-0.33136153906124544,False,False,False,False,-3025.0,-2291.375616508879,False,False,False,False,100.69107966585199,False,False,False,False
2025-03-11 15:00:00+00:00,32.315,32.315,32.315,32.315,0.0,,,,,,,,,,,,,,,,,,,,,,,,,,,,,,,,,,,,,,,34.36266851733219,35.20064118457301,35.31059674207554,35.66578312595503,35.83726227912548,36.08331239866182,36.10101626262015,36.10101626262015,36.10101626262015,36.10101626262015,36.10101626262015,36.11218089527428,35.87342173385105,35.85518283367145,35.85518283367145,35.85518283367145,35.85518283367145,35.85518283367145,35.85518283367145,35.85518283367145,35.854946629669904,,,,,,,,,,,,,,,,,,,,,,,,,,,,,,,,,,,,,,,,,,,,,,,32.21666666666667,32.21666666666667,32.28055555555556,34.57148320327632,34.99344023713904,35.24688933736966,35.31059674207554,35.31059674207554,35.31059674207554,35.31059674207554,35.32856528626386,35.78931962065872,35.80235182929923,35.844394820558705,36.019483681462134,36.019483681462134,36.019483681462134,36.02407910118197,36.09718042292642,36.09718042292642,36.09718042292642,36.09718042292642,36.09718042292642,36.09718042292642,36.09718042292642,36.073837449081346,35.868414782493716,35.86582655077044,,,,,,,35.78931962065872,,,,35.20064118457301,34.896457786114,35.79686140128247,35.09048055915889,"rgba(255, 0, 0, 1.0)",1.1811075005806528,34.13798653225663,-1.54345521585497,22.41154421451425,-24.879314218536948,False,True,False,True,True,0.0,34.4221,36.502449999999996,0.0,0.0,0.0,0.0,0,0.60091743119266,1.3256880733944953,False,False,False,False,-0.30640925549415865,-0.31888539727770204,False,False,False,False,-3025.0,-2302.7496379583536,False,False,False,False,99.12997765552869,False,False,False,False
2025-03-11 16:00:00+00:00,32.315,32.315,32.315,32.315,0.0,,,,,,,,,,,,,,,,,,,,,,,,,,,,,,,,,,,,,,,34.36266851733219,35.20064118457301,35.31059674207554,35.66578312595503,35.83726227912548,36.08331239866182,36.10101626262015,36.10101626262015,36.10101626262015,36.10101626262015,36.10101626262015,36.11218089527428,35.87342173385105,35.85518283367145,35.85518283367145,35.85518283367145,35.85518283367145,35.85518283367145,35.85518283367145,35.85518283367145,35.854946629669904,,,,,,,,,,,,,,,,,,,,,,,,,,,,,,,,,,,,,,,,,,,,,,,32.21666666666667,32.21666666666667,32.28055555555556,34.57148320327632,34.99344023713904,35.24688933736966,35.31059674207554,35.31059674207554,35.31059674207554,35.31059674207554,35.32856528626386,35.78931962065872,35.80235182929923,35.844394820558705,36.019483681462134,36.019483681462134,36.019483681462134,36.02407910118197,36.09718042292642,36.09718042292642,36.09718042292642,36.09718042292642,36.09718042292642,36.09718042292642,36.09718042292642,36.073837449081346,35.868414782493716,35.86582655077044,,,,,,,35.78931962065872,,,,35.20064118457301,34.896457786114,35.79686140128247,35.09048055915889,"rgba(255, 0, 0, 1.0)",1.2055371947508997,34.13798653225663,-1.51217775792751,23.45087574249648,-24.879314218536948,False,True,False,True,True,0.0,34.361999999999995,36.478325,0.0,0.0,0.0,0.0,0,0.5955997904662121,1.3347302252488211,False,False,False,False,-0.3059168376376158,-0.3124011174576589,False,False,False,False,-3025.0,-2313.947317990007,False,False,False,False,97.59307877714839,False,False,False,False
2025-03-11 17:00:00+00:00,32.315,32.42,32.315,32.42,100.0,,,,,,,,,,,,,,,,,,,,,,,,,,,,,,,,,,,,,,,34.32132064952261,35.17185139740968,35.282223192060265,35.63914474396449,35.81160634661118,36.06068029292372,36.078685776095185,36.078685776095185,36.078685776095185,36.078685776095185,36.078685776095185,36.090183840887626,35.85951311085416,35.842194650298175,35.842194650298175,35.842194650298175,35.842194650298175,35.842194650298175,35.842194650298175,35.842194650298175,35.84198407361749,,,,,,,,,,,,,,,,,,,,,,,,,,,,,,,,,,,,,,,,,,,,,,,32.33690476190476,32.33690476190476,32.31127450980393,34.53577385813054,34.96384930988845,35.21829903429904,35.282223192060265,35.282223192060265,35.282223192060265,35.282223192060265,35.3002916786732,35.76334236296579,35.77653711537493,35.818792431418984,35.99591374837872,35.99591374837872,35.99591374837872,36.0005981416957,36.07473812546601,36.07473812546601,36.07473812546601,36.07473812546601,36.07473812546601,36.07473812546601,36.07473812546601,36.05522669559221,35.85465178453839,35.852127902400625,,,,,,,35.76334236296579,,,,35.17185139740968,34.885646133527615,35.776265750339846,35.08143391151847,"rgba(239, 83, 80, 1.0)",1.2175512753506692,34.128675598974745,-1.4033705467415525,25.785650527805043,-30.469435140821904,False,True,False,True,True,0.0,34.30539999999999,36.454725,0.0,0.0,0.0,0.0,0,0.6028368794326238,1.3301812450748618,False,False,False,False,-0.2988406609952352,-0.30562088922644703,False,False,False,False,-2925.0,-2323.42100298241,False,False,False,False,97.63039538525462,False,False,False,False
2025-03-11 18:00:00+00:00,32.42,32.68,32.42,32.68,100.0,,,,,,,,,,,,,,,,,,,,,,,,,,,,,,,,,,,,,,,34.2859328281794,35.14575303643725,35.25639579931483,35.614613402061856,35.78786576669617,36.03959065750258,36.05786651534157,36.05786651534157,36.05786651534157,36.05786651534157,36.05786651534157,36.06966723382617,35.84654230041168,35.83008017003505,35.83008017003505,35.83008017003505,35.83008017003505,35.83008017003505,35.83008017003505,35.83008017003505,35.82989337154341,,,,,,,,,,,,,,,,,,,,,,,,,,,,,,,,,,,,,,,,,,,,,,,32.44375,32.44375,32.375378787878795,34.50455996571857,34.93725911385306,35.19233498186614,35.25639579931483,35.25639579931483,35.25639579931483,35.25639579931483,35.27453810293978,35.73933623627414,35.752671439996,35.79509672837692,35.97398990549828,35.97398990549828,35.97398990549828,35.978753900072654,36.05381747891753,36.05381747891753,36.05381747891753,36.05381747891753,36.05381747891753,36.05381747891753,36.05381747891753,36.037848585245044,35.84181700118064,35.83935332549327,,,,,,,35.73933623627414,,,,35.14575303643725,34.87744046461753,35.75731273956917,35.07463085642826,"rgba(239, 83, 80, 1.0)",1.2201187839086705,34.12401855953962,-1.1835065393499513,30.948913368922224,-25.47458332260706,False,False,False,True,True,0.0,34.2529,36.431799999999996,0.0,0.0,0.0,0.0,0,0.613630474216118,1.3039647577092506,False,False,False,False,-0.2750970387096544,-0.2903589639680507,False,False,False,False,-2825.0,-2331.1974215408222,False,False,False,False,97.66713344129718,False,False,False,False
2025-03-11 19:00:00+00:00,32.68,32.92,32.665,32.665,200.0,,,,,,,,,,,,,,,,,,,,,,,,,,,,,,,,,,,,,,,34.22549872122762,35.098218253968255,35.209154336694624,35.56920101458465,35.743697901521756,36.00005468421369,36.018814906636756,36.018814906636756,36.018814906636756,36.018814906636756,36.018814906636756,36.0311649462615,35.82214182524985,35.80727996150714,35.80727996150714,35.80727996150714,35.80727996150714,35.80727996150714,35.80727996150714,35.80727996150714,35.807137500461785,,,,,,,,,,,,,,,,,,,,,,,,,,,,,,,,,,,,,,,,,,,,,,,32.58295454545455,32.58295454545455,32.49244791666668,34.44992630650267,34.889266593527154,35.14495699967669,35.209154336694624,35.209154336694624,35.209154336694624,35.209154336694624,35.227398935673605,35.69473591943305,35.708312281479294,35.751003233902885,35.93297222222222,35.93297222222222,35.93297222222222,35.93787842342912,36.01458207153178,36.01458207153178,36.01458207153178,36.01458207153178,36.01458207153178,36.01458207153178,36.01458207153178,36.005167818034224,35.8176716126513,35.81532101646571,,,,,,,35.69473591943305,,,,35.098218253968255,34.85696585373844,35.722208297372774,35.05632669288545,"rgba(239, 83, 80, 1.0)",1.220452866028884,34.11158795400061,-1.185287850326845,34.25354211447666,-22.35126063860439,True,False,False,True,True,0.0,34.2001,36.409625,0.0,0.0,0.0,0.0,0,0.6373966942148758,1.2905475206611563,False,False,False,False,-0.2449424045720348,-0.2676506842700428,False,False,False,False,-3025.0,-2341.95405066422,False,False,False,False,99.25368951197474,False,False,False,False
2025-03-12 14:00:00+00:00,32.665,32.665,32.665,32.665,0.0,,,,,,,,,,,,,,,,,,,,,,,,,,,,,,,,,,,,,,,34.22549872122762,35.098218253968255,35.209154336694624,35.56920101458465,35.743697901521756,36.00005468421369,36.018814906636756,36.018814906636756,36.018814906636756,36.018814906636756,36.018814906636756,36.0311649462615,35.82214182524985,35.80727996150714,35.80727996150714,35.80727996150714,35.80727996150714,35.80727996150714,35.80727996150714,35.80727996150714,35.807137500461785,,,,,,,,,,,,,,,,,,,,,,,,,,,,,,,,,,,,,,,,,,,,,,,32.58295454545455,32.58295454545455,32.49244791666668,34.44992630650267,34.889266593527154,35.14495699967669,35.209154336694624,35.209154336694624,35.209154336694624,35.209154336694624,35.227398935673605,35.69473591943305,35.708312281479294,35.751003233902885,35.93297222222222,35.93297222222222,35.93297222222222,35.93787842342912,36.01458207153178,36.01458207153178,36.01458207153178,36.01458207153178,36.01458207153178,36.01458207153178,36.01458207153178,36.005167818034224,35.8176716126513,35.81532101646571,,,,,,,35.69473591943305,,,,35.098218253968255,34.85696585373844,35.722208297372774,35.05632669288545,"rgba(239, 83, 80, 1.0)",1.2297764134292621,34.11158795400061,-1.176301592877982,36.45662794484629,-20.220327160541615,True,False,False,True,True,0.0,34.147299999999994,36.38755,0.0,0.0,0.0,0.0,0,0.6373966942148758,1.2939049586776856,False,False,False,False,-0.26073918307131766,-0.26419493367068025,False,False,False,False,-3025.0,-2352.5439103438443,False,False,False,False,97.71487262031621,False,False,False,False
2025-03-12 15:00:00+00:00,32.665,32.895,32.665,32.895,275.0,,,,,,,,,,,,,,,,,,,,,,,,,,,,,,,,,,,,,,,34.15327578698519,35.03767085144053,35.14875788474493,35.51051754454012,35.68636234053168,35.948330081973666,35.96769197258364,35.96769197258364,35.96769197258364,35.96769197258364,35.96769197258364,35.98073234773674,35.78994478224716,35.77716380268445,35.77716380268445,35.77716380268445,35.77716380268445,35.77716380268445,35.77716380268445,35.77716380268445,35.77707894480203,,,,,,,,,,,,,,,,,,,,,,,,,,,,,,,,,,,,,,,,,,,,,,,32.67348484848485,32.67348484848485,32.590391621129335,34.38293794167413,34.82861625843096,35.084510943158556,35.14875788474493,35.14875788474493,35.14875788474493,35.14875788474493,35.16709554584623,35.63691349902534,35.65077632182244,35.693752987387896,35.87942263207251,35.87942263207251,35.87942263207251,35.884504759534614,35.96322846069954,35.96322846069954,35.96322846069954,35.96322846069954,35.96322846069954,35.96322846069954,35.96322846069954,35.96219961430345,35.78580690232438,35.783603809890316,,,,,,,35.63691349902534,,,,35.03767085144053,34.81965016973697,35.676709905095464,35.02131129657877,"rgba(239, 83, 80, 0.5)",1.2335704313126652,34.084245907300094,-0.9640681043518464,41.12832104874675,-15.794902668292067,True,False,False,True,True,0.0,34.105199999999996,36.367775,0.0,0.0,0.0,0.0,0,0.6381443298969071,1.291237113402061,False,False,False,False,-0.24548290857933106,-0.25483892112500567,False,False,False,False,-2750.0,-2358.7060202609937,False,False,False,False,100.46347924635782,False,False,False,False
2025-03-12 16:00:00+00:00,32.895,32.895,32.895,32.895,0.0,,,,,,,,,,,,,,,,,,,,,,,,,,,,,,,,,,,,,,,34.15327578698519,35.03767085144053,35.14875788474493,35.51051754454012,35.68636234053168,35.948330081973666,35.96769197258364,35.96769197258364,35.96769197258364,35.96769197258364,35.96769197258364,35.98073234773674,35.78994478224716,35.77716380268445,35.77716380268445,35.77716380268445,35.77716380268445,35.77716380268445,35.77716380268445,35.77716380268445,35.77707894480203,,,,,,,,,,,,,,,,,,,,,,,,,,,,,,,,,,,,,,,,,,,,,,,32.67348484848485,32.67348484848485,32.590391621129335,34.38293794167413,34.82861625843096,35.084510943158556,35.14875788474493,35.14875788474493,35.14875788474493,35.14875788474493,35.16709554584623,35.63691349902534,35.65077632182244,35.693752987387896,35.87942263207251,35.87942263207251,35.87942263207251,35.884504759534614,35.96322846069954,35.96322846069954,35.96322846069954,35.96322846069954,35.96322846069954,35.96322846069954,35.96322846069954,35.96219961430345,35.78580690232438,35.783603809890316,,,,,,,35.63691349902534,,,,35.03767085144053,34.81965016973697,35.676709905095464,35.02131129657877,"rgba(239, 83, 80, 0.5)",1.239459857655196,34.084245907300094,-0.9594872314379751,44.24278311801372,-12.872569768726834,True,False,False,True,True,0.0,34.0462,36.348,0.0,0.0,0.0,0.0,0,0.66038229903116,1.2872479706729503,False,False,False,False,-0.23118287135071147,-0.24301089623785857,False,False,False,False,-2750.0,-2364.7725935902804,False,False,False,False,98.90590592470886,False,False,False,False
2025-03-12 17:00:00+00:00,32.895,32.895,32.895,32.895,0.0,,,,,,,,,,,,,,,,,,,,,,,,,,,,,,,,,,,,,,,34.15327578698519,35.03767085144053,35.14875788474493,35.51051754454012,35.68636234053168,35.948330081973666,35.96769197258364,35.96769197258364,35.96769197258364,35.96769197258364,35.96769197258364,35.98073234773674,35.78994478224716,35.77716380268445,35.77716380268445,35.77716380268445,35.77716380268445,35.77716380268445,35.77716380268445,35.77716380268445,35.77707894480203,,,,,,,,,,,,,,,,,,,,,,,,,,,,,,,,,,,,,,,,,,,,,,,32.67348484848485,32.67348484848485,32.590391621129335,34.38293794167413,34.82861625843096,35.084510943158556,35.14875788474493,35.14875788474493,35.14875788474493,35.14875788474493,35.16709554584623,35.63691349902534,35.65077632182244,35.693752987387896,35.87942263207251,35.87942263207251,35.87942263207251,35.884504759534614,35.96322846069954,35.96322846069954,35.96322846069954,35.96322846069954,35.96322846069954,35.96322846069954,35.96322846069954,35.96219961430345,35.78580690232438,35.783603809890316,,,,,,,35.63691349902534,,,,35.03767085144053,34.81965016973697,35.676709905095464,35.02131129657877,"rgba(239, 83, 80, 0.5)",1.2383108300065881,34.084245907300094,-0.9603775388880057,46.319091164191704,-10.842241080306131,True,False,False,True,True,0.0,33.9872,36.328225,0.0,0.0,0.0,0.0,0,0.6457187745483111,1.2872479706729503,False,False,False,False,-0.23118287135071147,-0.237096883794285,False,False,False,False,-2750.0,-2370.745111519113,False,False,False,False,97.37248102665136,False,False,False,False
2025-03-12 18:00:00+00:00,32.895,32.895,32.895,32.895,0.0,,,,,,,,,,,,,,,,,,,,,,,,,,,,,,,,,,,,,,,34.15327578698519,35.03767085144053,35.14875788474493,35.51051754454012,35.68636234053168,35.948330081973666,35.96769197258364,35.96769197258364,35.96769197258364,35.96769197258364,35.96769197258364,35.98073234773674,35.78994478224716,35.77716380268445,35.77716380268445,35.77716380268445,35.77716380268445,35.77716380268445,35.77716380268445,35.77716380268445,35.77707894480203,,,,,,,,,,,,,,,,,,,,,,,,,,,,,,,,,,,,,,,,,,,,,,,32.67348484848485,32.67348484848485,32.590391621129335,34.38293794167413,34.82861625843096,35.084510943158556,35.14875788474493,35.14875788474493,35.14875788474493,35.14875788474493,35.16709554584623,35.63691349902534,35.65077632182244,35.693752987387896,35.87942263207251,35.87942263207251,35.87942263207251,35.884504759534614,35.96322846069954,35.96322846069954,35.96322846069954,35.96322846069954,35.96322846069954,35.96322846069954,35.96322846069954,35.96219961430345,35.78580690232438,35.783603809890316,,,,,,,35.63691349902534,,,,35.03767085144053,34.81965016973697,35.676709905095464,35.02131129657877,"rgba(239, 83, 80, 0.5)",1.2354411000576269,34.084245907300094,-0.9626083406522727,47.70329652831036,-9.339429751784088,True,False,False,False,True,0.0,33.928200000000004,36.307199999999995,0.0,0.0,0.0,0.0,0,0.6504879978897389,1.2893695594829853,False,False,False,False,-0.23118287135071147,-0.23413987757249824,False,False,False,False,-2750.0,-2376.625032270754,False,False,False,False,95.8628301580211,False,False,False,False
2025-03-12 19:00:00+00:00,32.895,32.895,32.895,32.895,0.0,,,,,,,,,,,,,,,,,,,,,,,,,,,,,,,,,,,,,,,34.15327578698519,35.03767085144053,35.14875788474493,35.51051754454012,35.68636234053168,35.948330081973666,35.96769197258364,35.96769197258364,35.96769197258364,35.96769197258364,35.96769197258364,35.98073234773674,35.78994478224716,35.77716380268445,35.77716380268445,35.77716380268445,35.77716380268445,35.77716380268445,35.77716380268445,35.77716380268445,35.77707894480203,,,,,,,,,,,,,,,,,,,,,,,,,,,,,,,,,,,,,,,,,,,,,,,32.67348484848485,32.67348484848485,32.590391621129335,34.38293794167413,34.82861625843096,35.084510943158556,35.14875788474493,35.14875788474493,35.14875788474493,35.14875788474493,35.16709554584623,35.63691349902534,35.65077632182244,35.693752987387896,35.87942263207251,35.87942263207251,35.87942263207251,35.884504759534614,35.96322846069954,35.96322846069954,35.96322846069954,35.96322846069954,35.96322846069954,35.96322846069954,35.96322846069954,35.96219961430345,35.78580690232438,35.783603809890316,,,,,,,35.63691349902534,,,,35.03767085144053,34.81965016973697,35.676709905095464,35.02131129657877,"rgba(239, 83, 80, 0.5)",1.2308386322904477,34.084245907300094,-0.966207816443852,48.626100104389465,-8.151289664890946,True,False,False,False,True,0.0,33.8788,36.286175,0.0,0.0,0.0,0.0,0,0.6504879978897389,1.2819836454761269,False,False,False,False,-0.23118287135071147,-0.23266137446160484,False,False,False,False,-2750.0,-2382.413791460355,False,False,False,False,94.37658472921457,False,False,False,False
2025-03-13 14:00:00+00:00,32.895,32.895,32.42,32.48,102.0,,,,,,,,,,,,,,,,,,,,,,,,,,,,,,,,,,,,,,,34.124227411477406,35.013876988301305,35.125082665938606,35.4876557890146,35.66407556782,35.928251361303715,35.94784703776417,35.94784703776417,35.94784703776417,35.94784703776417,35.94784703776417,35.96115316951365,35.7773062090742,35.76532804039667,35.76532804039667,35.76532804039667,35.76532804039667,35.76532804039667,35.76532804039667,35.76532804039667,35.7652654910248,,,,,,,,,,,,,,,,,,,,,,,,,,,,,,,,,,,,,,,,,,,,,,,32.66410240718074,32.66410240718074,32.591188135037704,34.35616887254901,34.80464988060122,35.06078210286641,35.125082665938606,35.125082665938606,35.125082665938606,35.125082665938606,35.14346515752766,35.61442509553524,35.62840124565817,35.671501045410764,35.85863173262098,35.85863173262098,35.85863173262098,35.86378207109737,35.943294710961396,35.943294710961396,35.943294710961396,35.943294710961396,35.943294710961396,35.943294710961396,35.943294710961396,35.94546069535239,35.77329594284321,35.771149423084296,,,,,,,35.61442509553524,,,,35.013876988301305,34.79863335842375,35.65890803170204,35.00126918520926,"rgba(239, 83, 80, 1.0)",1.2323875421530064,34.064417751378855,-1.285648951474183,43.42551011091819,-8.151289664890946,True,False,False,True,False,0.0,33.8211,36.263075,0.0,0.0,0.0,0.0,0,0.6336429308565531,1.2783797729618154,False,False,False,False,-0.26082474946295925,-0.24674306196228205,False,False,False,False,-2852.0,-2389.6941977943025,False,False,False,False,94.49477721403294,False,False,False,False
2025-03-13 15:00:00+00:00,32.48,32.48,32.115,32.13,210.0,,,,,,,,,,,,,,,,,,,,,,,,,,,,,,,,,,,,,,,34.05450293944738,34.959300803099914,35.07100895993332,35.436026786841374,35.613967091961236,35.88331388824394,35.903443918302145,35.903443918302145,35.903443918302145,35.903443918302145,35.903443918302145,35.91734787729236,35.74871392996508,35.73852242951156,35.73852242951156,35.73852242951156,35.73852242951156,35.73852242951156,35.73852242951156,35.73852242951156,35.738509786905794,,,,,,,,,,,,,,,,,,,,,,,,,,,,,,,,,,,,,,,,,,,,,,,32.57772314183707,32.57772314183707,32.5313678348275,34.292824298621014,34.749174053459775,35.00645391698021,35.07100895993332,35.07100895993332,35.07100895993332,35.07100895993332,35.08952838260459,35.563804793215176,35.578049793510324,35.62147915364493,35.81205279941129,35.81205279941129,35.81205279941129,35.817358864815375,35.89869166475403,35.89869166475403,35.89869166475403,35.89869166475403,35.89869166475403,35.89869166475403,35.89869166475403,35.90790048934389,35.744985749004336,35.74296402631479,,,,,,,35.563804793215176,,,,34.959300803099914,34.74095118654828,35.618552943743815,34.9461532471414,"rgba(255, 0, 0, 1.0)",1.239642766763496,34.00358594940063,-1.511391829673845,37.23967017042524,-5.508814790368376,True,False,False,True,False,0.0,33.754599999999996,36.239025,0.0,0.0,0.0,0.0,0,0.6359637774902974,1.3006468305304004,False,False,False,False,-0.30664516838760536,-0.2766941151749437,False,False,False,False,-3062.0,-2400.1175435649334,False,False,False,False,96.28555586187738,False,False,False,False
2025-03-13 16:00:00+00:00,32.13,32.13,32.05,32.05,100.0,,,,,,,,,,,,,,,,,,,,,,,,,,,,,,,,,,,,,,,34.02022501444252,34.93252794031145,35.04450566471942,35.410774136159766,35.58947563987168,35.86134570252385,35.88173540201195,35.88173540201195,35.88173540201195,35.88173540201195,35.88173540201195,35.89592865242689,35.73462751265919,35.72530511941286,35.72530511941286,35.72530511941286,35.72530511941286,35.72530511941286,35.72530511941286,35.72530511941286,35.72531680837777,,,,,,,,,,,,,,,,,,,,,,,,,,,,,,,,,,,,,,,,,,,,,,32.07666666666667,32.53326382727004,32.53326382727004,32.497102486812366,34.26165471167369,34.72190913419031,34.97981222151496,35.04450566471942,35.04450566471942,35.04450566471942,35.04450566471942,35.063095133649185,35.53905927713124,35.55343550087874,35.59703048486103,35.78928577233294,35.78928577233294,35.78928577233294,35.794667374380744,35.876886410314924,35.876886410314924,35.876886410314924,35.876886410314924,35.876886410314924,35.876886410314924,35.876886410314924,35.88948817762398,35.73103617649668,35.7290749580129,,,,,,,35.53905927713124,,,,34.93252794031145,34.52659121631505,35.598761155453225,34.72868635162452,"rgba(239, 83, 80, 1.0)",1.2551423127379162,33.78734313628235,-1.3841801990505649,32.620766849542775,-9.703102954637394,True,False,False,True,False,0.0,33.677600000000005,36.21385,0.0,0.0,0.0,0.0,0,0.6305076011337285,1.299407369234732,False,False,False,False,-0.3336225563600609,-0.3051583357675023,False,False,False,False,-3162.0,-2411.929674672454,False,False,False,False,96.3431441430886,False,False,False,False
2025-03-13 17:00:00+00:00,32.05,32.05,32.05,32.05,0.0,,,,,,,,,,,,,,,,,,,,,,,,,,,,,,,,,,,,,,,34.02022501444252,34.93252794031145,35.04450566471942,35.410774136159766,35.58947563987168,35.86134570252385,35.88173540201195,35.88173540201195,35.88173540201195,35.88173540201195,35.88173540201195,35.89592865242689,35.73462751265919,35.72530511941286,35.72530511941286,35.72530511941286,35.72530511941286,35.72530511941286,35.72530511941286,35.72530511941286,35.72531680837777,,,,,,,,,,,,,,,,,,,,,,,,,,,,,,,,,,,,,,,,,,,,,,32.07666666666667,32.53326382727004,32.53326382727004,32.497102486812366,34.26165471167369,34.72190913419031,34.97981222151496,35.04450566471942,35.04450566471942,35.04450566471942,35.04450566471942,35.063095133649185,35.53905927713124,35.55343550087874,35.59703048486103,35.78928577233294,35.78928577233294,35.78928577233294,35.794667374380744,35.876886410314924,35.876886410314924,35.876886410314924,35.876886410314924,35.876886410314924,35.876886410314924,35.876886410314924,35.88948817762398,35.73103617649668,35.7290749580129,,,,,,,35.53905927713124,,,,34.93252794031145,34.52659121631505,35.598761155453225,34.72868635162452,"rgba(239, 83, 80, 1.0)",1.2682092610171174,33.78734313628235,-1.3699183484033128,29.54149796895446,-12.509736454767058,False,False,False,True,False,0.0,33.607,36.1881,0.0,0.0,0.0,0.0,0,0.6280155642023346,1.3123216601815817,False,False,False,False,-0.33887618582618145,-0.3220172607968419,False,False,False,False,-3162.0,-2423.5586719643543,False,False,False,False,94.84945198583141,False,False,False,False
2025-03-13 18:00:00+00:00,32.05,32.05,32.05,32.05,0.0,,,,,,,,,,,,,,,,,,,,,,,,,,,,,,,,,,,,,,,34.02022501444252,34.93252794031145,35.04450566471942,35.410774136159766,35.58947563987168,35.86134570252385,35.88173540201195,35.88173540201195,35.88173540201195,35.88173540201195,35.88173540201195,35.89592865242689,35.73462751265919,35.72530511941286,35.72530511941286,35.72530511941286,35.72530511941286,35.72530511941286,35.72530511941286,35.72530511941286,35.72531680837777,,,,,,,,,,,,,,,,,,,,,,,,,,,,,,,,,,,,,,,,,,,,,,32.07666666666667,32.53326382727004,32.53326382727004,32.497102486812366,34.26165471167369,34.72190913419031,34.97981222151496,35.04450566471942,35.04450566471942,35.04450566471942,35.04450566471942,35.063095133649185,35.53905927713124,35.55343550087874,35.59703048486103,35.78928577233294,35.78928577233294,35.78928577233294,35.794667374380744,35.876886410314924,35.876886410314924,35.876886410314924,35.876886410314924,35.876886410314924,35.876886410314924,35.876886410314924,35.88948817762398,35.73103617649668,35.7290749580129,,,,,,,35.53905927713124,,,,34.93252794031145,34.52659121631505,35.598761155453225,34.72868635162452,"rgba(239, 83, 80, 1.0)",1.279078240040065,33.78734313628235,-1.3582774547301624,27.48865204856225,-14.500761762677648,False,False,False,True,False,0.0,33.5372,36.16235,0.0,0.0,0.0,0.0,0,0.6154859099288912,1.332367658677903,False,False,False,False,-0.33887618582618145,-0.3304467233115117,False,False,False,False,-3162.0,-2435.007374724597,False,False,False,False,93.37891784651619,False,False,False,False
2025-03-13 19:00:00+00:00,32.05,32.575,32.05,32.55,257.0,,,,,,,,,,,,,,,,,,,,,,,,,,,,,,,,,,,,,,,33.950780930258276,34.87329342041607,34.98550266839752,35.35355358898722,35.53356836734694,35.81063728556534,35.8315845680738,35.8315845680738,35.8315845680738,35.8315845680738,35.8315845680738,35.84641274466681,35.7019915796138,35.69466549841451,35.69466549841451,35.69466549841451,35.69466549841451,35.69466549841451,35.69466549841451,35.69466549841451,35.69473286212354,,,,,,,,,,,,,,,,,,,,,,,,,,,,,,,,,,,,,,,,,,,32.391666666666666,32.391666666666666,32.391666666666666,32.303431372549014,32.50697013487476,32.50697013487476,32.47999579124579,34.19641961902176,34.66237316499322,34.920708488833604,34.98550266839752,34.98550266839752,34.98550266839752,34.98550266839752,35.004188474188474,35.48268741143402,35.49732622105603,35.54120380410229,35.73688610177628,35.73688610177628,35.73688610177628,35.74242921992593,35.826523662262204,35.826523662262204,35.826523662262204,35.826523662262204,35.826523662262204,35.826523662262204,35.826523662262204,35.846813592847525,35.698716452009734,35.69689540031515,,,,,,,35.48268741143402,,,,34.87329342041607,34.017194293683225,35.55381609572612,34.184652874715816,"rgba(239, 83, 80, 0.5)",1.2780129671266969,33.27207864739609,-0.5650010336119788,34.98233694611256,-14.500761762677648,True,False,False,True,True,0.0,33.477399999999996,36.139100000000006,0.0,0.0,0.0,0.0,0,0.6109687339825731,1.296514607893387,False,False,False,False,-0.30471209162523377,-0.31757940746837277,False,False,False,False,-2905.0,-2442.294082093208,False,False,False,False,95.9156788101361,False,False,False,False
2025-03-14 14:00:00+00:00,32.55,32.55,32.54,32.54,2.0,,,,,,,,,,,,,,,,,,,,,,,,,,,,,,,,,,,,,,,33.95031403770663,34.87287079025335,34.98508003807217,35.35313916334857,35.533161587992566,35.810265726578336,35.83121689867874,35.83121689867874,35.83121689867874,35.83121689867874,35.83121689867874,35.84604956936045,35.70175162380825,35.69444011347923,35.69444011347923,35.69444011347923,35.69444011347923,35.69444011347923,35.69444011347923,35.69444011347923,35.6945078826819,,,,,,,,,,,,,,,,,,,,,,,,,,,,,,,,,,,,,,,,,,,32.39283783783783,32.39283783783783,32.39283783783783,32.3047678737233,32.50702260702261,32.50702260702261,32.48007566204288,34.19597095942461,34.661951926581196,34.920286069651745,34.98508003807217,34.98508003807217,34.98508003807217,34.98508003807217,35.003766263475455,35.48227777390658,35.4969183236675,35.54079753354114,35.7365028601144,35.7365028601144,35.7365028601144,35.742047101449266,35.82615449485579,35.82615449485579,35.82615449485579,35.82615449485579,35.82615449485579,35.82615449485579,35.82615449485579,35.846499976266195,35.698478812070086,35.69665878851541,,,,,,,35.48227777390658,,,,34.87287079025335,34.0171689719017,35.55348989124343,34.18463484930453,"rgba(239, 83, 80, 0.5)",1.2755478420259783,33.27218633524563,-0.5740171486493857,39.84908513357922,-19.07736880108572,True,False,False,True,True,0.0,33.4176,36.1158,0.0,0.0,0.0,0.0,0,0.6362704918032788,1.29764344262295,False,False,False,False,-0.2750205952684316,-0.2963000013684022,False,False,False,False,-2907.0,-2449.4988250064916,False,False,False,False,94.45962177432003,False,False,False,False
2025-03-14 15:00:00+00:00,32.54,32.54,32.54,32.54,0.0,,,,,,,,,,,,,,,,,,,,,,,,,,,,,,,,,,,,,,,33.95031403770663,34.87287079025335,34.98508003807217,35.35313916334857,35.533161587992566,35.810265726578336,35.83121689867874,35.83121689867874,35.83121689867874,35.83121689867874,35.83121689867874,35.84604956936045,35.70175162380825,35.69444011347923,35.69444011347923,35.69444011347923,35.69444011347923,35.69444011347923,35.69444011347923,35.69444011347923,35.6945078826819,,,,,,,,,,,,,,,,,,,,,,,,,,,,,,,,,,,,,,,,,,,32.39283783783783,32.39283783783783,32.39283783783783,32.3047678737233,32.50702260702261,32.50702260702261,32.48007566204288,34.19597095942461,34.661951926581196,34.920286069651745,34.98508003807217,34.98508003807217,34.98508003807217,34.98508003807217,35.003766263475455,35.48227777390658,35.4969183236675,35.54079753354114,35.7365028601144,35.7365028601144,35.7365028601144,35.742047101449266,35.82615449485579,35.82615449485579,35.82615449485579,35.82615449485579,35.82615449485579,35.82615449485579,35.82615449485579,35.846499976266195,35.698478812070086,35.69665878851541,,,,,,,35.48227777390658,,,,34.87287079025335,34.0171689719017,35.55348989124343,34.18463484930453,"rgba(239, 83, 80, 0.5)",1.2714980984705562,33.27218633524563,-0.5758454032501914,43.093583925223655,-16.086570538714795,True,False,False,True,True,0.0,33.3692,36.093250000000005,0.0,0.0,0.0,0.0,0,0.6431900569653031,1.3013982392542716,False,False,False,False,-0.27565399888838754,-0.2859770001283949,False,False,False,False,-2907.0,-2456.5918664792594,False,False,False,False,92.99513151425305,False,False,False,False
2025-03-14 16:00:00+00:00,32.54,32.54,32.375,32.375,200.0,,,,,,,,,,,,,,,,,,,,,,,,,,,,,,,,,,,,,,,33.901499973243425,34.829349129995855,34.94161520796122,35.31065785011869,35.491514002594734,35.772257453945755,35.79360737914892,35.79360737914892,35.79360737914892,35.79360737914892,35.79360737914892,35.80889840493021,35.6770842914766,35.67125846233963,35.67125846233963,35.67125846233963,35.67125846233963,35.67125846233963,35.67125846233963,35.67125846233963,35.67136765313958,,,,,,,,,,,,,,,,,,,,,,,,,,,,,,,,,,,,,,,,,,,32.40903050108932,32.40903050108932,32.40903050108932,32.34957364341086,32.49730979403111,32.49730979403111,32.47446808510639,34.1493077024706,34.6184483318715,34.87681040502794,34.94161520796122,34.94161520796122,34.94161520796122,34.94161520796122,34.960352815495774,35.44032494902985,35.45514607736312,35.499203770557564,35.69729376655203,35.69729376655203,35.69729376655203,35.70295306106389,35.78839217212431,35.78839217212431,35.78839217212431,35.78839217212431,35.78839217212431,35.78839217212431,35.78839217212431,35.8143703860441,35.67404706732446,35.672331570846985,,,,,,,35.44032494902985,,,,34.829349129995855,33.99202900084536,35.51998612231943,34.16031976183063,"rgba(239, 83, 80, 0.5)",1.2686115770136859,33.25426690417427,-0.6930938674263628,42.9550542802096,-16.034115308407763,True,False,False,True,True,0.0,33.317499999999995,36.068225000000005,0.0,0.0,0.0,0.0,0,0.6358709677419356,1.2998709677419347,False,False,False,False,-0.28613678287469446,-0.2860568915015447,False,False,False,False,-3107.0,-2466.6757135105886,False,False,False,False,94.6541217233344,False,False,False,False
2025-03-14 17:00:00+00:00,32.375,32.375,32.375,32.375,0.0,,,,,,,,,,,,,,,,,,,,,,,,,,,,,,,,,,,,,,,33.901499973243425,34.829349129995855,34.94161520796122,35.31065785011869,35.491514002594734,35.772257453945755,35.79360737914892,35.79360737914892,35.79360737914892,35.79360737914892,35.79360737914892,35.80889840493021,35.6770842914766,35.67125846233963,35.67125846233963,35.67125846233963,35.67125846233963,35.67125846233963,35.67125846233963,35.67125846233963,35.67136765313958,,,,,,,,,,,,,,,,,,,,,,,,,,,,,,,,,,,,,,,,,,,32.40903050108932,32.40903050108932,32.40903050108932,32.34957364341086,32.49730979403111,32.49730979403111,32.47446808510639,34.1493077024706,34.6184483318715,34.87681040502794,34.94161520796122,34.94161520796122,34.94161520796122,34.94161520796122,34.960352815495774,35.44032494902985,35.45514607736312,35.499203770557564,35.69729376655203,35.69729376655203,35.69729376655203,35.70295306106389,35.78839217212431,35.78839217212431,35.78839217212431,35.78839217212431,35.78839217212431,35.78839217212431,35.78839217212431,35.8143703860441,35.67404706732446,35.672331570846985,,,,,,,35.44032494902985,,,,34.829349129995855,33.99202900084536,35.51998612231943,34.16031976183063,"rgba(239, 83, 80, 0.5)",1.2639684395648598,33.25426690417427,-0.6956399199943423,42.86270118353357,-15.653906611001219,True,False,False,True,True,0.0,33.2658,36.0431,0.0,0.0,0.0,0.0,0,0.6513349193761566,1.3158868622786142,False,False,False,False,-0.29668115340227597,-0.2913690224519103,False,False,False,False,-3107.0,-2476.603221828254,False,False,False,False,93.18661596018192,False,False,False,False
2025-03-14 18:00:00+00:00,32.375,32.375,32.35,32.35,100.0,,,,,,,,,,,,,,,,,,,,,,,,,,,,,,,,,,,,,,,33.87711750144835,34.80753193242687,34.91982823086222,35.289359880729094,35.47062891614452,35.75317139076796,35.77471875515478,35.77471875515478,35.77471875515478,35.77471875515478,35.77471875515478,35.79023661438615,35.664620435397644,35.65953710255685,35.65953710255685,35.65953710255685,35.65953710255685,35.65953710255685,35.65953710255685,35.65953710255685,35.65966701983636,,,,,,,,,,,,,,,,,,,,,,,,,,,,,,,,,,,,,,,,,,,32.39996124031008,32.39996124031008,32.39996124031008,32.350902883156294,32.48906682483195,32.48906682483195,32.46831035701662,34.12595427478593,34.59663465559953,34.85501673012577,34.91982823086222,34.91982823086222,34.91982823086222,34.91982823086222,34.93859134119484,35.41928889950629,35.43419902146465,35.47834528711206,35.677613462218545,35.677613462218545,35.677613462218545,35.683329617460686,35.76942795009307,35.76942795009307,35.76942795009307,35.76942795009307,35.76942795009307,35.76942795009307,35.76942795009307,35.798195737976,35.66170079932479,35.66003746846713,,,,,,,35.41928889950629,,,,34.80753193242687,33.97529334904475,35.50314241979174,34.14399003342211,"rgba(239, 83, 80, 0.5)",1.2613649406548908,33.23998195352863,-0.7055705488901205,42.43112768182118,-15.485533602890598,True,False,False,True,True,0.0,33.2136,36.017849999999996,0.0,0.0,0.0,0.0,0,0.6504751847940868,1.2911826821541703,False,False,False,False,-0.29828433873117643,-0.2948266805915434,False,False,False,False,-3207.0,-2487.92720288518,False,False,False,False,93.29224982126438,False,False,False,False
2025-03-14 19:00:00+00:00,32.35,32.425,32.35,32.425,96.0,,,,,,,,,,,,,,,,,,,,,,,,,,,,,,,,,,,,,,,33.85504695201037,34.78729702912509,34.899590339942556,35.269487510149496,35.45110445092066,35.73527090400192,35.756998851392,35.756998851392,35.756998851392,35.756998851392,35.756998851392,35.7727254385021,35.65289257693123,35.64850340855665,35.64850340855665,35.64850340855665,35.64850340855665,35.64850340855665,35.64850340855665,35.64850340855665,35.64865269320568,,,,,,,,,,,,,,,,,,,,,,,,,,,,,,,,,,,,,,,,,,,32.39996692111959,32.39996692111959,32.39996692111959,32.35714569536424,32.48426861204639,32.48426861204639,32.465001681802896,34.10461601201975,34.57646855375985,34.834790021741625,34.899590339942556,34.899590339942556,34.899590339942556,34.899590339942556,34.918371912940074,35.399633936845916,35.41462354390681,35.45884408956932,35.659171843863554,35.659171843863554,35.659171843863554,35.66493990665111,35.75163852682909,35.75163852682909,35.75163852682909,35.75163852682909,35.75163852682909,35.75163852682909,35.75163852682909,35.782996241594056,35.65008298703869,35.648468505101285,,,,,,,35.399633936845916,,,,34.78729702912509,33.96171244964618,35.48739666592199,34.13073192414497,"rgba(239, 83, 80, 0.5)",1.2559263728634134,33.22943859763297,-0.6405141376233041,43.715173687755524,-13.62925997987449,True,False,False,True,True,0.0,33.173899999999996,35.992975,0.0,0.0,0.0,0.0,0,0.6518537996318697,1.287404680515382,False,False,False,False,-0.2950794485439584,-0.2949530645677509,False,False,False,False,-3111.0,-2497.587246251301,False,False,False,False,93.33423044419051,False,False,False,False
2025-03-17 14:00:00+00:00,32.425,32.425,32.425,32.425,0.0,,,,,,,,,,,,,,,,,,,,,,,,,,,,,,,,,,,,,,,33.85504695201037,34.78729702912509,34.899590339942556,35.269487510149496,35.45110445092066,35.73527090400192,35.756998851392,35.756998851392,35.756998851392,35.756998851392,35.756998851392,35.7727254385021,35.65289257693123,35.64850340855665,35.64850340855665,35.64850340855665,35.64850340855665,35.64850340855665,35.64850340855665,35.64850340855665,35.64865269320568,,,,,,,,,,,,,,,,,,,,,,,,,,,,,,,,,,,,,,,,,,,32.39996692111959,32.39996692111959,32.39996692111959,32.35714569536424,32.48426861204639,32.48426861204639,32.465001681802896,34.10461601201975,34.57646855375985,34.834790021741625,34.899590339942556,34.899590339942556,34.899590339942556,34.899590339942556,34.918371912940074,35.399633936845916,35.41462354390681,35.45884408956932,35.659171843863554,35.659171843863554,35.659171843863554,35.66493990665111,35.75163852682909,35.75163852682909,35.75163852682909,35.75163852682909,35.75163852682909,35.75163852682909,35.75163852682909,35.782996241594056,35.65008298703869,35.648468505101285,,,,,,,35.399633936845916,,,,34.78729702912509,33.96171244964618,35.48739666592199,34.13073192414497,"rgba(239, 83, 80, 0.5)",1.254195004019669,33.22943859763297,-0.6413983432040189,44.571204358378424,-12.198829354676356,True,False,False,True,True,0.0,33.13419999999999,35.9681,0.0,0.0,0.0,0.0,0,0.6557980541677623,1.287404680515382,False,False,False,False,-0.29028311447011496,-0.2926180895189329,False,False,False,False,-3111.0,-2507.097521503219,False,False,False,False,91.88718811172244,False,False,False,False
2025-03-17 15:00:00+00:00,32.425,32.57,32.425,32.57,100.0,,,,,,,,,,,,,,,,,,,,,,,,,,,,,,,,,,,,,,,33.83461200510855,34.76763351270035,34.87986144528334,35.249941195997536,35.43182929771462,35.71749949307821,35.73939926381258,35.73939926381258,35.73939926381258,35.73939926381258,35.73939926381258,35.75532707196118,35.64121891660142,35.63751663152963,35.63751663152963,35.63751663152963,35.63751663152963,35.63751663152963,35.63751663152963,35.63751663152963,35.63768504553798,,,,,,,,,,,,,,,,,,,,,,,,,,,,,,,,,,,,,,,,,,,32.41608609271523,32.41608609271523,32.41608609271523,32.37638791423002,32.48625575628764,32.48625575628764,32.46772334293949,34.08448951048951,34.55700467304475,34.81510721579306,34.87986144528334,34.87986144528334,34.87986144528334,34.87986144528334,34.89865081324228,35.38024976987495,35.39531141522029,35.43958896027272,35.64089014489375,35.64089014489375,35.64089014489375,35.64670746326372,35.73397199584313,35.73397199584313,35.73397199584313,35.73397199584313,35.73397199584313,35.73397199584313,35.73397199584313,35.76787158558641,35.63851853220957,35.63695258790021,,,,,,,35.38024976987495,,,,34.76763351270035,33.95259384852791,35.471876783910766,34.12182547383745,"rgba(239, 83, 80, 0.5)",1.2549913785999265,33.22490299224231,-0.5218386384238954,48.0944455966996,-8.38949492073695,True,False,False,False,True,0.0,33.0946,35.94395,0.0,0.0,0.0,0.0,0,0.6584029227557411,1.2776617954070972,False,False,False,False,-0.28104670614406074,-0.28683239783149683,False,False,False,False,-3011.0,-2514.909963030301,False,False,False,False,92.01296814099805,False,False,False,False
2025-03-17 16:00:00+00:00,32.57,32.57,32.515,32.515,100.0,,,,,,,,,,,,,,,,,,,,,,,,,,,,,,,,,,,,,,,33.814970062893074,34.74840876498595,34.86055322416962,35.23075340208128,35.412882402928496,35.69998771746503,35.722053238110696,35.722053238110696,35.722053238110696,35.722053238110696,35.722053238110696,35.73817603534547,35.62967530859611,35.62664764239029,35.62664764239029,35.62664764239029,35.62664764239029,35.62664764239029,35.62664764239029,35.62664764239029,35.62683484207706,,,,,,,,,,,,,,,,,,,,,,,,,,,,,,,,,,,,,,,,,,,32.429799220272905,32.429799220272905,32.429799220272905,32.3928219895288,32.488631012445346,32.488631012445346,32.47073021692637,34.065014856664575,34.53801554533797,34.79585498931264,34.86055322416962,34.86055322416962,34.86055322416962,34.86055322416962,34.8793468266275,35.36120302847841,35.37633278072502,35.42066063132301,35.62288784613602,35.62288784613602,35.62288784613602,35.6287525951557,35.7165611343814,35.7165611343814,35.7165611343814,35.7165611343814,35.7165611343814,35.7165611343814,35.7165611343814,35.75294042068657,35.62708222844235,35.6255639953031,,,,,,,35.36120302847841,,,,34.74840876498595,33.9433272744697,35.45661033028752,34.11273145697921,"rgba(239, 83, 80, 0.5)",1.2540944653126038,33.2201587339987,-0.5622851814619311,49.23496510619637,-6.920570096296736,True,False,False,False,True,0.0,33.0586,35.919525,0.0,0.0,0.0,0.0,0,0.6521153327943952,1.2974939369442193,False,False,False,False,-0.2753372701394083,-0.2810848339854526,False,False,False,False,-3111.0,-2524.151669029831,False,False,False,False,92.13679809230041,False,False,False,False
2025-03-17 17:00:00+00:00,32.515,32.515,32.515,32.515,0.0,,,,,,,,,,,,,,,,,,,,,,,,,,,,,,,,,,,,,,,33.814970062893074,34.74840876498595,34.86055322416962,35.23075340208128,35.412882402928496,35.69998771746503,35.722053238110696,35.722053238110696,35.722053238110696,35.722053238110696,35.722053238110696,35.73817603534547,35.62967530859611,35.62664764239029,35.62664764239029,35.62664764239029,35.62664764239029,35.62664764239029,35.62664764239029,35.62664764239029,35.62683484207706,,,,,,,,,,,,,,,,,,,,,,,,,,,,,,,,,,,,,,,,,,,32.429799220272905,32.429799220272905,32.429799220272905,32.3928219895288,32.488631012445346,32.488631012445346,32.47073021692637,34.065014856664575,34.53801554533797,34.79585498931264,34.86055322416962,34.86055322416962,34.86055322416962,34.86055322416962,34.8793468266275,35.36120302847841,35.37633278072502,35.42066063132301,35.62288784613602,35.62288784613602,35.62288784613602,35.6287525951557,35.7165611343814,35.7165611343814,35.7165611343814,35.7165611343814,35.7165611343814,35.7165611343814,35.7165611343814,35.75294042068657,35.62708222844235,35.6255639953031,,,,,,,35.36120302847841,,,,34.74840876498595,33.9433272744697,35.45661033028752,34.11273145697921,"rgba(239, 83, 80, 0.5)",1.249465478507411,33.2201587339987,-0.5643683207967224,49.99531144586088,-5.779857580935143,True,False,False,False,True,0.0,33.022600000000004,35.8951,0.0,0.0,0.0,0.0,0,0.6513637591142318,1.2924655684580062,False,False,False,False,-0.2788242667119218,-0.2799545503486872,False,False,False,False,-3111.0,-2533.2500927658025,False,False,False,False,90.7083206024973,False,False,False,False
2025-03-17 18:00:00+00:00,32.515,32.515,32.515,32.515,0.0,,,,,,,,,,,,,,,,,,,,,,,,,,,,,,,,,,,,,,,33.814970062893074,34.74840876498595,34.86055322416962,35.23075340208128,35.412882402928496,35.69998771746503,35.722053238110696,35.722053238110696,35.722053238110696,35.722053238110696,35.722053238110696,35.73817603534547,35.62967530859611,35.62664764239029,35.62664764239029,35.62664764239029,35.62664764239029,35.62664764239029,35.62664764239029,35.62664764239029,35.62683484207706,,,,,,,,,,,,,,,,,,,,,,,,,,,,,,,,,,,,,,,,,,,32.429799220272905,32.429799220272905,32.429799220272905,32.3928219895288,32.488631012445346,32.488631012445346,32.47073021692637,34.065014856664575,34.53801554533797,34.79585498931264,34.86055322416962,34.86055322416962,34.86055322416962,34.86055322416962,34.8793468266275,35.36120302847841,35.37633278072502,35.42066063132301,35.62288784613602,35.62288784613602,35.62288784613602,35.6287525951557,35.7165611343814,35.7165611343814,35.7165611343814,35.7165611343814,35.7165611343814,35.7165611343814,35.7165611343814,35.75294042068657,35.62708222844235,35.6255639953031,,,,,,,35.36120302847841,,,,34.74840876498595,33.9433272744697,35.45661033028752,34.11273145697921,"rgba(239, 83, 80, 0.5)",1.244878039541665,33.2201587339987,-0.5664480467968764,50.50220900563722,-4.8492086636184695,True,False,False,False,True,0.0,32.986599999999996,35.870675,0.0,0.0,0.0,0.0,0,0.6492033486362411,1.2924655684580062,False,False,False,False,-0.2788242667119218,-0.2793894085303045,False,False,False,False,-3111.0,-2542.207455668658,False,False,False,False,89.30199005052059,False,False,False,False
2025-03-17 19:00:00+00:00,32.515,32.96,32.515,32.85,153.0,,,,,,,,,,,,,,,,,,,,,,,,,,,,,,,,,,,,,,,33.79149478705616,34.72276702052372,34.83462362533182,35.204498753872315,35.38676137466831,35.67558091550319,35.69785817772053,35.69785817772053,35.69785817772053,35.69785817772053,35.69785817772053,35.71423781614657,35.613544221204506,35.61145236188021,35.61145236188021,35.61145236188021,35.61145236188021,35.61145236188021,35.61145236188021,35.61145236188021,35.61166550781069,,,,,,,,,,,,,,,,,,,,,,,,,,,,,,,,,,,,,,,,,,,32.48219576719577,32.48219576719577,32.48219576719577,32.44559566787004,32.50915300546448,32.50915300546448,32.490667380442545,34.040701938079984,34.51306259636141,34.77009981951965,34.83462362533182,34.83462362533182,34.83462362533182,34.83462362533182,34.85339445967006,35.334998454746135,35.35020503730935,35.394557189226376,35.597867642836626,35.597867642836626,35.597867642836626,35.603792659921105,35.69228087685225,35.69228087685225,35.69228087685225,35.69228087685225,35.69228087685225,35.69228087685225,35.69228087685225,35.73205552499694,35.61110095831044,35.60964951651158,,,,,,,35.334998454746135,,,,34.72276702052372,33.94026461586587,35.435648296803535,34.109620282137115,#000000,1.2345913793128618,33.10542075639552,-0.20688687826224403,56.7084022118373,1.2216227975576572,True,False,True,False,True,0.0,32.957300000000004,35.847274999999996,0.0,0.0,0.0,0.0,0,0.6644456289978679,1.2649253731343275,False,False,False,False,-0.2507924187536468,-0.2650909136419756,False,False,False,False,-2958.0,-2548.653851704803,False,False,False,False,90.28955609624894,False,False,False,False
2025-03-18 14:00:00+00:00,32.85,32.85,32.85,32.85,0.0,,,,,,,,,,,,,,,,,,,,,,,,,,,,,,,,,,,,,,,33.79149478705616,34.72276702052372,34.83462362533182,35.204498753872315,35.38676137466831,35.67558091550319,35.69785817772053,35.69785817772053,35.69785817772053,35.69785817772053,35.69785817772053,35.71423781614657,35.613544221204506,35.61145236188021,35.61145236188021,35.61145236188021,35.61145236188021,35.61145236188021,35.61145236188021,35.61145236188021,35.61166550781069,,,,,,,,,,,,,,,,,,,,,,,,,,,,,,,,,,,,,,,,,,,32.48219576719577,32.48219576719577,32.48219576719577,32.44559566787004,32.50915300546448,32.50915300546448,32.490667380442545,34.040701938079984,34.51306259636141,34.77009981951965,34.83462362533182,34.83462362533182,34.83462362533182,34.83462362533182,34.85339445967006,35.334998454746135,35.35020503730935,35.394557189226376,35.597867642836626,35.597867642836626,35.597867642836626,35.603792659921105,35.69228087685225,35.69228087685225,35.69228087685225,35.69228087685225,35.69228087685225,35.69228087685225,35.69228087685225,35.73205552499694,35.61110095831044,35.60964951651158,,,,,,,35.334998454746135,,,,34.72276702052372,33.94026461586587,35.435648296803535,34.109620282137115,#000000,1.2233309092446198,33.10542075639552,-0.20879122277163153,60.84586434930403,5.07817838103356,True,False,True,False,True,0.0,32.928000000000004,35.823875,0.0,0.0,0.0,0.0,0,0.6823027718550106,1.260127931769722,False,False,False,False,-0.23676717432143893,-0.2509290439817073,False,False,False,False,-2958.0,-2555.000303616356,False,False,False,False,88.88971801723733,False,False,False,False
2025-03-18 15:00:00+00:00,32.85,32.865,32.85,32.86,244.0,,,,,,,,,,,,,,,,,,,,,,,,,,,,,,,,,,,,,,,33.759069353460546,34.68491679840254,34.796200132802134,35.165167639986265,35.347453541467566,35.638583692142085,35.66116092867231,35.66116092867231,35.66116092867231,35.66116092867231,35.66116092867231,35.677911866409495,35.588936920448994,35.58825379010256,35.58825379010256,35.58825379010256,35.58825379010256,35.58825379010256,35.58825379010256,35.58825379010256,35.588505929398785,,,,,,,,,,,,,,,,,,,,,,,,,,,,,,,,,,,,,,,,,,,32.55550053248136,32.55550053248136,32.55550053248136,32.52008382642998,32.54496637242539,32.54496637242539,32.525452371720306,34.006200869010605,34.47653700018094,34.732017443600846,34.796200132802134,34.796200132802134,34.796200132802134,34.796200132802134,34.81491264822135,35.29561457247133,35.31091985957658,35.35526834275073,35.56001462898993,35.56001462898993,35.56001462898993,35.566024600176654,35.655460685126016,35.655460685126016,35.655460685126016,35.655460685126016,35.655460685126016,35.655460685126016,35.655460685126016,35.700270021154424,35.586719844640456,35.585369392503644,,,,,,,35.29561457247133,,,,34.68491679840254,33.93587037648952,35.40409105595997,34.1049135532723,#000000,1.2109850692050614,33.12255985864795,-0.2168151080676071,63.74346255994034,7.736944014782928,True,False,True,False,True,0.0,32.9002,35.801500000000004,0.0,0.0,0.0,0.0,0,0.6936400541271991,1.263328822733423,False,False,False,False,-0.2358354587581683,-0.2433822513699378,False,False,False,False,-2714.0,-2557.4654151881955,False,False,False,False,91.2945285906135,False,False,False,False
2025-03-18 16:00:00+00:00,32.86,32.86,32.86,32.86,0.0,,,,,,,,,,,,,,,,,,,,,,,,,,,,,,,,,,,,,,,33.759069353460546,34.68491679840254,34.796200132802134,35.165167639986265,35.347453541467566,35.638583692142085,35.66116092867231,35.66116092867231,35.66116092867231,35.66116092867231,35.66116092867231,35.677911866409495,35.588936920448994,35.58825379010256,35.58825379010256,35.58825379010256,35.58825379010256,35.58825379010256,35.58825379010256,35.58825379010256,35.588505929398785,,,,,,,,,,,,,,,,,,,,,,,,,,,,,,,,,,,,,,,,,,,32.55550053248136,32.55550053248136,32.55550053248136,32.52008382642998,32.54496637242539,32.54496637242539,32.525452371720306,34.006200869010605,34.47653700018094,34.732017443600846,34.796200132802134,34.796200132802134,34.796200132802134,34.796200132802134,34.81491264822135,35.29561457247133,35.31091985957658,35.35526834275073,35.56001462898993,35.56001462898993,35.56001462898993,35.566024600176654,35.655460685126016,35.655460685126016,35.655460685126016,35.655460685126016,35.655460685126016,35.655460685126016,35.655460685126016,35.700270021154424,35.586719844640456,35.585369392503644,,,,,,,35.29561457247133,,,,34.68491679840254,33.93587037648952,35.40409105595997,34.1049135532723,#000000,1.2030097878027821,33.12255985864795,-0.2182524708527121,65.67519470036456,9.562910833763375,True,False,True,False,True,0.0,32.8724,35.777675,0.0,0.0,0.0,0.0,0,0.6806495263870096,1.2608930987821372,False,False,False,False,-0.23552497629761276,-0.23945361383377528,False,False,False,False,-2714.0,-2559.892307975975,False,False,False,False,89.87910954269701,False,False,False,False
2025-03-18 17:00:00+00:00,32.86,32.86,32.86,32.86,0.0,,,,,,,,,,,,,,,,,,,,,,,,,,,,,,,,,,,,,,,33.759069353460546,34.68491679840254,34.796200132802134,35.165167639986265,35.347453541467566,35.638583692142085,35.66116092867231,35.66116092867231,35.66116092867231,35.66116092867231,35.66116092867231,35.677911866409495,35.588936920448994,35.58825379010256,35.58825379010256,35.58825379010256,35.58825379010256,35.58825379010256,35.58825379010256,35.58825379010256,35.588505929398785,,,,,,,,,,,,,,,,,,,,,,,,,,,,,,,,,,,,,,,,,,,32.55550053248136,32.55550053248136,32.55550053248136,32.52008382642998,32.54496637242539,32.54496637242539,32.525452371720306,34.006200869010605,34.47653700018094,34.732017443600846,34.796200132802134,34.796200132802134,34.796200132802134,34.796200132802134,34.81491264822135,35.29561457247133,35.31091985957658,35.35526834275073,35.56001462898993,35.56001462898993,35.56001462898993,35.566024600176654,35.655460685126016,35.655460685126016,35.655460685126016,35.655460685126016,35.655460685126016,35.655460685126016,35.655460685126016,35.700270021154424,35.586719844640456,35.585369392503644,,,,,,,35.29561457247133,,,,34.68491679840254,33.93587037648952,35.40409105595997,34.1049135532723,#000000,1.1762382473011808,33.12255985864795,-0.22321996351537146,66.96301612731403,10.898751666957942,True,False,True,False,True,0.0,32.8446,35.75385,0.0,0.0,0.0,0.0,0,0.6806495263870096,1.2608930987821372,False,False,False,False,-0.23552497629761276,-0.23748929506569402,False,False,False,False,-2714.0,-2562.2815745189832,False,False,False,False,88.48563497614356,False,False,False,False
2025-03-18 18:00:00+00:00,32.86,32.86,32.86,32.86,0.0,,,,,,,,,,,,,,,,,,,,,,,,,,,,,,,,,,,,,,,33.759069353460546,34.68491679840254,34.796200132802134,35.165167639986265,35.347453541467566,35.638583692142085,35.66116092867231,35.66116092867231,35.66116092867231,35.66116092867231,35.66116092867231,35.677911866409495,35.588936920448994,35.58825379010256,35.58825379010256,35.58825379010256,35.58825379010256,35.58825379010256,35.58825379010256,35.58825379010256,35.588505929398785,,,,,,,,,,,,,,,,,,,,,,,,,,,,,,,,,,,,,,,,,,,32.55550053248136,32.55550053248136,32.55550053248136,32.52008382642998,32.54496637242539,32.54496637242539,32.525452371720306,34.006200869010605,34.47653700018094,34.732017443600846,34.796200132802134,34.796200132802134,34.796200132802134,34.796200132802134,34.81491264822135,35.29561457247133,35.31091985957658,35.35526834275073,35.56001462898993,35.56001462898993,35.56001462898993,35.566024600176654,35.655460685126016,35.655460685126016,35.655460685126016,35.655460685126016,35.655460685126016,35.655460685126016,35.655460685126016,35.700270021154424,35.586719844640456,35.585369392503644,,,,,,,35.29561457247133,,,,34.68491679840254,33.93587037648952,35.40409105595997,34.1049135532723,#000000,1.1474447208415404,33.12255985864795,-0.22882135747279542,67.82156374528034,11.944747521538723,True,False,True,False,True,0.0,32.8168,35.730025,0.0,0.0,0.0,0.0,0,0.6806495263870096,1.2608930987821372,False,False,False,False,-0.23552497629761276,-0.23650713568165338,False,False,False,False,-2714.0,-2564.6337981698516,False,False,False,False,87.1137646664359,False,False,False,False
2025-03-18 19:00:00+00:00,32.86,32.93,32.86,32.91,106.0,,,,,,,,,,,,,,,,,,,,,,,,,,,,,,,,,,,,,,,33.74629419191918,34.6693125773196,34.78031855773283,35.14879032808131,35.33103495559354,35.62304853901316,35.645745198216225,35.645745198216225,35.645745198216225,35.645745198216225,35.645745198216225,35.66264624051705,35.57854432533605,35.57844905894092,35.57844905894092,35.57844905894092,35.57844905894092,35.57844905894092,35.57844905894092,35.57844905894092,35.57871745551968,,,,,,,,,,,,,,,,,,,,,,,,,,,,,,,,,,,,,,,,,,,32.582390770741284,32.582390770741284,32.582390770741284,32.547704618198445,32.560110663983906,32.560110663983906,32.54023898199876,33.992353763186905,34.46156272401435,34.71629960879537,34.78031855773283,34.78031855773283,34.78031855773283,34.78031855773283,34.79900007839449,35.2791786407767,35.29452009668656,35.33885550019971,35.544142883947835,35.544142883947835,35.544142883947835,35.55018653440191,35.63999532281408,35.63999532281408,35.63999532281408,35.63999532281408,35.63999532281408,35.63999532281408,35.63999532281408,35.68687885349935,35.576421804375336,35.57511361316279,,,,,,,35.2791786407767,,,,34.6693125773196,33.933486097077044,35.39089295595901,34.102333382563494,#000000,1.1161224423449398,33.12880736658858,-0.19604243968867566,69.38680233447197,13.708501772194111,True,False,True,False,True,0.0,32.79,35.70645,0.0,0.0,0.0,0.0,0,0.681854947425182,1.2561337287678611,False,False,False,False,-0.23118287135071244,-0.23384500351618293,False,False,False,False,-2608.0,-2565.3061423842723,False,False,False,False,87.40657451656867,False,False,False,False
2025-03-19 14:00:00+00:00,32.91,32.91,32.91,32.91,0.0,,,,,,,,,,,,,,,,,,,,,,,,,,,,,,,,,,,,,,,33.74629419191918,34.6693125773196,34.78031855773283,35.14879032808131,35.33103495559354,35.62304853901316,35.645745198216225,35.645745198216225,35.645745198216225,35.645745198216225,35.645745198216225,35.66264624051705,35.57854432533605,35.57844905894092,35.57844905894092,35.57844905894092,35.57844905894092,35.57844905894092,35.57844905894092,35.57844905894092,35.57871745551968,,,,,,,,,,,,,,,,,,,,,,,,,,,,,,,,,,,,,,,,,,,32.582390770741284,32.582390770741284,32.582390770741284,32.547704618198445,32.560110663983906,32.560110663983906,32.54023898199876,33.992353763186905,34.46156272401435,34.71629960879537,34.78031855773283,34.78031855773283,34.78031855773283,34.78031855773283,34.79900007839449,35.2791786407767,35.29452009668656,35.33885550019971,35.544142883947835,35.544142883947835,35.544142883947835,35.55018653440191,35.63999532281408,35.63999532281408,35.63999532281408,35.63999532281408,35.63999532281408,35.63999532281408,35.63999532281408,35.68687885349935,35.576421804375336,35.57511361316279,,,,,,,35.2791786407767,,,,34.6693125773196,33.933486097077044,35.39089295595901,34.102333382563494,#000000,1.0954289422720627,33.12880736658858,-0.19974583302021415,70.43029472726637,15.001826971537,True,False,True,False,True,0.0,32.763200000000005,35.682874999999996,0.0,0.0,0.0,0.0,0,0.6845510919385278,1.2572121865731998,False,False,False,False,-0.22932459710548125,-0.2315848003108321,False,False,False,False,-2608.0,-2565.968062657384,False,False,False,False,86.0514338263893,False,False,False,False
2025-03-19 15:00:00+00:00,32.91,32.91,32.91,32.91,0.0,,,,,,,,,,,,,,,,,,,,,,,,,,,,,,,,,,,,,,,33.74629419191918,34.6693125773196,34.78031855773283,35.14879032808131,35.33103495559354,35.62304853901316,35.645745198216225,35.645745198216225,35.645745198216225,35.645745198216225,35.645745198216225,35.66264624051705,35.57854432533605,35.57844905894092,35.57844905894092,35.57844905894092,35.57844905894092,35.57844905894092,35.57844905894092,35.57844905894092,35.57871745551968,,,,,,,,,,,,,,,,,,,,,,,,,,,,,,,,,,,,,,,,,,,32.582390770741284,32.582390770741284,32.582390770741284,32.547704618198445,32.560110663983906,32.560110663983906,32.54023898199876,33.992353763186905,34.46156272401435,34.71629960879537,34.78031855773283,34.78031855773283,34.78031855773283,34.78031855773283,34.79900007839449,35.2791786407767,35.29452009668656,35.33885550019971,35.544142883947835,35.544142883947835,35.544142883947835,35.55018653440191,35.63999532281408,35.63999532281408,35.63999532281408,35.63999532281408,35.63999532281408,35.63999532281408,35.63999532281408,35.68687885349935,35.576421804375336,35.57511361316279,,,,,,,35.2791786407767,,,,34.6693125773196,33.933486097077044,35.39089295595901,34.102333382563494,#000000,1.0733256392761916,33.12880736658858,-0.2038592562981541,71.12595632246264,16.004954113633843,True,False,True,False,True,0.0,32.7364,35.659075,0.0,0.0,0.0,0.0,0,0.6845510919385278,1.2572121865731998,False,False,False,False,-0.22932459710548125,-0.23045469870815666,False,False,False,False,-2608.0,-2566.6197206006805,False,False,False,False,84.71730306939101,False,False,False,False
2025-03-19 16:00:00+00:00,32.91,33.15,32.91,33.15,100.0,,,,,,,,,,,,,,,,,,,,,,,,,,,,,,,,,,,,,,,33.73693760376314,34.656230265848684,34.766910604160145,35.1347073369013,35.31681550426599,35.60945837325668,35.63224972929547,35.63224972929547,35.63224972929547,35.63224972929547,35.63224972929547,35.649274502724914,35.56943096224175,35.56984758083873,35.56984758083873,35.56984758083873,35.56984758083873,35.56984758083873,35.56984758083873,35.56984758083873,35.57013007462176,,,,,,,,,,,,,,,,,,,,,,,,,,,,,,,,,,,,,,,,,,,32.61583447645176,32.61583447645176,32.61583447645176,32.58122807017544,32.57983558994197,32.57983558994197,32.55926092160383,33.98158866324308,34.44920426287746,34.70308162719123,34.766910604160145,34.766910604160145,34.766910604160145,34.766910604160145,34.785551104542634,35.26497170418007,35.28033582010245,35.32463694094547,35.5302937774046,35.5302937774046,35.5302937774046,35.536363948800826,35.62645905755118,35.62645905755118,35.62645905755118,35.62645905755118,35.62645905755118,35.62645905755118,35.62645905755118,35.67512605167819,35.567391280850295,35.5661202058278,,,,,,,35.26497170418007,,,,34.656230265848684,33.934724459518335,35.37949734327556,34.10326318477753,#000000,1.0463098261279806,33.14046052533527,0.009117256119088032,75.25944188697255,20.126709160062276,True,False,True,False,True,0.0,32.7144,35.635025,0.0,0.0,0.0,0.0,0,0.6822379141770777,1.2460619228680057,False,False,False,False,-0.21434696674022077,-0.2224008327241887,False,False,False,False,-2508.0,-2565.7108877231503,False,False,False,False,84.95424410707487,False,False,False,False
2025-03-19 17:00:00+00:00,33.15,33.15,33.15,33.15,0.0,,,,,,,,,,,,,,,,,,,,,,,,,,,,,,,,,,,,,,,33.73693760376314,34.656230265848684,34.766910604160145,35.1347073369013,35.31681550426599,35.60945837325668,35.63224972929547,35.63224972929547,35.63224972929547,35.63224972929547,35.63224972929547,35.649274502724914,35.56943096224175,35.56984758083873,35.56984758083873,35.56984758083873,35.56984758083873,35.56984758083873,35.56984758083873,35.56984758083873,35.57013007462176,,,,,,,,,,,,,,,,,,,,,,,,,,,,,,,,,,,,,,,,,,,32.61583447645176,32.61583447645176,32.61583447645176,32.58122807017544,32.57983558994197,32.57983558994197,32.55926092160383,33.98158866324308,34.44920426287746,34.70308162719123,34.766910604160145,34.766910604160145,34.766910604160145,34.766910604160145,34.785551104542634,35.26497170418007,35.28033582010245,35.32463694094547,35.5302937774046,35.5302937774046,35.5302937774046,35.536363948800826,35.62645905755118,35.62645905755118,35.62645905755118,35.62645905755118,35.62645905755118,35.62645905755118,35.62645905755118,35.67512605167819,35.567391280850295,35.5661202058278,,,,,,,35.26497170418007,,,,34.656230265848684,33.934724459518335,35.37949734327556,34.10326318477753,#000000,1.003694894597531,33.14046052533527,0.009504357067146859,78.01509892997916,22.804602276272504,True,False,True,False,True,0.0,32.6924,35.611025,0.0,0.0,0.0,0.0,0,0.6977765577820477,1.2536371122701064,False,False,False,False,-0.19767058470332785,-0.21003570871375826,False,False,False,False,-2508.0,-2564.81614527783,False,False,False,False,83.63712404339928,False,False,False,False
2025-03-19 18:00:00+00:00,33.15,33.15,33.15,33.15,0.0,,,,,,,,,,,,,,,,,,,,,,,,,,,,,,,,,,,,,,,33.73693760376314,34.656230265848684,34.766910604160145,35.1347073369013,35.31681550426599,35.60945837325668,35.63224972929547,35.63224972929547,35.63224972929547,35.63224972929547,35.63224972929547,35.649274502724914,35.56943096224175,35.56984758083873,35.56984758083873,35.56984758083873,35.56984758083873,35.56984758083873,35.56984758083873,35.56984758083873,35.57013007462176,,,,,,,,,,,,,,,,,,,,,,,,,,,,,,,,,,,,,,,,,,,32.61583447645176,32.61583447645176,32.61583447645176,32.58122807017544,32.57983558994197,32.57983558994197,32.55926092160383,33.98158866324308,34.44920426287746,34.70308162719123,34.766910604160145,34.766910604160145,34.766910604160145,34.766910604160145,34.785551104542634,35.26497170418007,35.28033582010245,35.32463694094547,35.5302937774046,35.5302937774046,35.5302937774046,35.536363948800826,35.62645905755118,35.62645905755118,35.62645905755118,35.62645905755118,35.62645905755118,35.62645905755118,35.62645905755118,35.67512605167819,35.567391280850295,35.5661202058278,,,,,,,35.26497170418007,,,,34.656230265848684,33.934724459518335,35.37949734327556,34.10326318477753,#000000,0.96873544394745,33.14046052533527,0.009847347616244279,79.85220362531689,24.616647455075025,True,False,True,False,True,0.0,32.684799999999996,35.586999999999996,0.0,0.0,0.0,0.0,0,0.6977765577820477,1.2429316497392253,False,False,False,False,-0.19767058470332785,-0.20385314670854304,False,False,False,False,-2508.0,-2563.935274808406,False,False,False,False,82.3404244458272,False,False,False,False
2025-03-19 19:00:00+00:00,33.15,33.5,33.15,33.5,106.0,,,,,,,,,,,,,,,,,,,,,,,,,,,,,,,,,,,,,,,33.731826879374594,34.64528816262538,34.75550808583425,35.12222024169863,35.304011786510074,35.59696794057449,35.61982866124774,35.61982866124774,35.61982866124774,35.61982866124774,35.61982866124774,35.6369539198085,35.561044803126805,35.561928946439345,35.561928946439345,35.561928946439345,35.561928946439345,35.561928946439345,35.561928946439345,35.561928946439345,35.56222419281492,,,,,,,,,,,,,,,,,,,,,,,,,,,,,,,,,,,,,,,,,,,32.66785166240409,32.66785166240409,32.66785166240409,32.63232371794872,32.6114858169206,32.6114858169206,32.58947595987548,33.97427772653909,34.43926388644497,34.691944510787366,34.75550808583425,34.75550808583425,34.75550808583425,34.75550808583425,34.774084117677326,35.25223194515415,35.26760022800684,35.31182624665381,35.51763016341142,35.51763016341142,35.51763016341142,35.52371941197111,35.614005080662054,35.614005080662054,35.614005080662054,35.614005080662054,35.614005080662054,35.614005080662054,35.614005080662054,35.664267387806184,35.559081810894554,35.55784527258205,,,,,,,35.25223194515415,,,,34.64528816262538,33.94285020991752,35.36932338754334,34.110842381515056,#000000,0.9329368527241648,33.16349822348732,0.3606908393961448,83.57039606449352,28.15640480656114,True,False,True,False,True,0.0,32.693799999999996,35.564724999999996,0.0,0.0,0.0,0.0,0,0.7034742795583085,1.2194990573660107,False,False,False,False,-0.1760459669868819,-0.18994955684771248,False,False,False,False,-2402.0,-2561.424650392772,False,False,False,False,82.70723957069809,False,False,False,False
2025-03-20 14:00:00+00:00,33.5,33.5,33.5,33.5,0.0,,,,,,,,,,,,,,,,,,,,,,,,,,,,,,,,,,,,,,,33.731826879374594,34.64528816262538,34.75550808583425,35.12222024169863,35.304011786510074,35.59696794057449,35.61982866124774,35.61982866124774,35.61982866124774,35.61982866124774,35.61982866124774,35.6369539198085,35.561044803126805,35.561928946439345,35.561928946439345,35.561928946439345,35.561928946439345,35.561928946439345,35.561928946439345,35.561928946439345,35.56222419281492,,,,,,,,,,,,,,,,,,,,,,,,,,,,,,,,,,,,,,,,,,,32.66785166240409,32.66785166240409,32.66785166240409,32.63232371794872,32.6114858169206,32.6114858169206,32.58947595987548,33.97427772653909,34.43926388644497,34.691944510787366,34.75550808583425,34.75550808583425,34.75550808583425,34.75550808583425,34.774084117677326,35.25223194515415,35.26760022800684,35.31182624665381,35.51763016341142,35.51763016341142,35.51763016341142,35.52371941197111,35.614005080662054,35.614005080662054,35.614005080662054,35.614005080662054,35.614005080662054,35.614005080662054,35.614005080662054,35.664267387806184,35.559081810894554,35.55784527258205,,,,,,,35.25223194515415,,,,34.64528816262538,33.94285020991752,35.36932338754334,34.110842381515056,#000000,0.8948711115607663,33.16349822348732,0.37603379097328965,86.04919102394462,30.489681464262503,True,False,True,False,True,0.0,32.702799999999996,35.54245,0.0,0.0,0.0,0.0,0,0.7217273954116059,1.2221322537112003,False,False,False,False,-0.15243233230159817,-0.17119094457465533,False,False,False,False,-2402.0,-2558.9529503866825,False,False,False,False,81.42495678665625,False,False,False,False
2025-03-20 15:00:00+00:00,33.5,33.5,33.5,33.5,0.0,,,,,,,,,,,,,,,,,,,,,,,,,,,,,,,,,,,,,,,33.731826879374594,34.64528816262538,34.75550808583425,35.12222024169863,35.304011786510074,35.59696794057449,35.61982866124774,35.61982866124774,35.61982866124774,35.61982866124774,35.61982866124774,35.6369539198085,35.561044803126805,35.561928946439345,35.561928946439345,35.561928946439345,35.561928946439345,35.561928946439345,35.561928946439345,35.561928946439345,35.56222419281492,,,,,,,,,,,,,,,,,,,,,,,,,,,,,,,,,,,,,,,,,,,32.66785166240409,32.66785166240409,32.66785166240409,32.63232371794872,32.6114858169206,32.6114858169206,32.58947595987548,33.97427772653909,34.43926388644497,34.691944510787366,34.75550808583425,34.75550808583425,34.75550808583425,34.75550808583425,34.774084117677326,35.25223194515415,35.26760022800684,35.31182624665381,35.51763016341142,35.51763016341142,35.51763016341142,35.52371941197111,35.614005080662054,35.614005080662054,35.614005080662054,35.614005080662054,35.614005080662054,35.614005080662054,35.614005080662054,35.664267387806184,35.559081810894554,35.55784527258205,,,,,,,35.25223194515415,,,,34.64528816262538,33.94285020991752,35.36932338754334,34.110842381515056,#000000,0.8546017564701428,33.16349822348732,0.3937527321527719,87.701720996912,32.1062071092006,True,False,True,False,True,0.0,32.701699999999995,35.521499999999996,0.0,0.0,0.0,0.0,0,0.7262326341596297,1.2241895941160439,False,False,False,False,-0.14954354360928215,-0.16036724409196873,False,False,False,False,-2402.0,-2556.51957131092,False,False,False,False,80.16255435585538,False,False,False,False
2025-03-20 16:00:00+00:00,33.5,33.5,33.47,33.47,100.0,,,,,,,,,,,,,,,,,,,,,,,,,,,,,,,,,,,,,,,33.72843937763429,34.63591411256806,34.74566772103071,35.11124796775128,35.292687444382366,35.58582131072732,35.60873686847743,35.60873686847743,35.60873686847743,35.60873686847743,35.60873686847743,35.625946244790335,35.553540675032444,35.55484008081083,35.55484008081083,35.55484008081083,35.55484008081083,35.55484008081083,35.55484008081083,35.55484008081083,35.555146612281895,,,,,,,,,,,,,,,,,,,,,,,,,,,,,,,,,,,,,,,,,,,32.71665865384615,32.71665865384615,32.71665865384615,32.68037792894936,32.64260420398901,32.64260420398901,32.6192494149114,33.968644289947584,34.43089772661203,34.68237224547825,34.74566772103071,34.74566772103071,34.74566772103071,34.74566772103071,34.764176874393925,35.240983963781,35.25634967587639,35.300492792179675,35.506354472174564,35.506354472174564,35.506354472174564,35.5124586294929,35.6028858378491,35.6028858378491,35.6028858378491,35.6028858378491,35.6028858378491,35.6028858378491,35.6028858378491,35.65454743681025,35.551646161916,35.55044052837271,,,,,,,35.240983963781,,,,34.63591411256806,33.95129134383485,35.360341488098975,34.1187054555059,#000000,0.8305242455956422,33.18568136834571,0.3423363413675864,87.21056144942693,32.1062071092006,True,False,True,False,True,0.0,32.7039,35.505,0.0,0.0,0.0,0.0,0,0.725047593146587,1.21457710089747,False,False,False,False,-0.15142567960552572,-0.15589646184874723,False,False,False,False,-2502.0,-2555.674306639433,False,False,False,False,80.47011165266382,False,False,False,False
2025-03-20 17:00:00+00:00,33.47,33.47,33.47,33.47,0.0,,,,,,,,,,,,,,,,,,,,,,,,,,,,,,,,,,,,,,,33.72843937763429,34.63591411256806,34.74566772103071,35.11124796775128,35.292687444382366,35.58582131072732,35.60873686847743,35.60873686847743,35.60873686847743,35.60873686847743,35.60873686847743,35.625946244790335,35.553540675032444,35.55484008081083,35.55484008081083,35.55484008081083,35.55484008081083,35.55484008081083,35.55484008081083,35.55484008081083,35.555146612281895,,,,,,,,,,,,,,,,,,,,,,,,,,,,,,,,,,,,,,,,,,,32.71665865384615,32.71665865384615,32.71665865384615,32.68037792894936,32.64260420398901,32.64260420398901,32.6192494149114,33.968644289947584,34.43089772661203,34.68237224547825,34.74566772103071,34.74566772103071,34.74566772103071,34.74566772103071,34.764176874393925,35.240983963781,35.25634967587639,35.300492792179675,35.506354472174564,35.506354472174564,35.506354472174564,35.5124586294929,35.6028858378491,35.6028858378491,35.6028858378491,35.6028858378491,35.6028858378491,35.6028858378491,35.6028858378491,35.65454743681025,35.551646161916,35.55044052837271,,,,,,,35.240983963781,,,,34.63591411256806,33.95129134383485,35.360341488098975,34.1187054555059,#000000,0.8052309276515227,33.18568136834571,0.3530895571578575,86.88312175110354,32.1062071092006,True,False,True,False,True,0.0,32.7061,35.4869,0.0,0.0,0.0,0.0,0,0.725047593146587,1.2162088659233063,False,False,False,False,-0.15330888091179562,-0.15460267138027142,False,False,False,False,-2502.0,-2554.842146846573,False,False,False,False,79.22251302238996,False,False,False,False
2025-03-20 18:00:00+00:00,33.47,33.47,33.47,33.47,0.0,,,,,,,,,,,,,,,,,,,,,,,,,,,,,,,,,,,,,,,33.72843937763429,34.63591411256806,34.74566772103071,35.11124796775128,35.292687444382366,35.58582131072732,35.60873686847743,35.60873686847743,35.60873686847743,35.60873686847743,35.60873686847743,35.625946244790335,35.553540675032444,35.55484008081083,35.55484008081083,35.55484008081083,35.55484008081083,35.55484008081083,35.55484008081083,35.55484008081083,35.555146612281895,,,,,,,,,,,,,,,,,,,,,,,,,,,,,,,,,,,,,,,,,,,32.71665865384615,32.71665865384615,32.71665865384615,32.68037792894936,32.64260420398901,32.64260420398901,32.6192494149114,33.968644289947584,34.43089772661203,34.68237224547825,34.74566772103071,34.74566772103071,34.74566772103071,34.74566772103071,34.764176874393925,35.240983963781,35.25634967587639,35.300492792179675,35.506354472174564,35.506354472174564,35.506354472174564,35.5124586294929,35.6028858378491,35.6028858378491,35.6028858378491,35.6028858378491,35.6028858378491,35.6028858378491,35.6028858378491,35.65454743681025,35.551646161916,35.55044052837271,,,,,,,35.240983963781,,,,34.63591411256806,33.95129134383485,35.360341488098975,34.1187054555059,#000000,0.7786033233520245,33.18568136834571,0.36516493460398436,86.66482861888795,32.1062071092006,True,False,True,False,True,0.0,32.7083,35.4688,0.0,0.0,0.0,0.0,0,0.725047593146587,1.2162088659233063,False,False,False,False,-0.14664925428594774,-0.15062596283310958,False,False,False,False,-2502.0,-2554.0228887559283,False,False,False,False,77.99425700653896,False,False,False,False
2025-03-20 19:00:00+00:00,33.47,33.47,33.47,33.47,0.0,,,,,,,,,,,,,,,,,,,,,,,,,,,,,,,,,,,,,,,33.72843937763429,34.63591411256806,34.74566772103071,35.11124796775128,35.292687444382366,35.58582131072732,35.60873686847743,35.60873686847743,35.60873686847743,35.60873686847743,35.60873686847743,35.625946244790335,35.553540675032444,35.55484008081083,35.55484008081083,35.55484008081083,35.55484008081083,35.55484008081083,35.55484008081083,35.55484008081083,35.555146612281895,,,,,,,,,,,,,,,,,,,,,,,,,,,,,,,,,,,,,,,,,,,32.71665865384615,32.71665865384615,32.71665865384615,32.68037792894936,32.64260420398901,32.64260420398901,32.6192494149114,33.968644289947584,34.43089772661203,34.68237224547825,34.74566772103071,34.74566772103071,34.74566772103071,34.74566772103071,34.764176874393925,35.240983963781,35.25634967587639,35.300492792179675,35.506354472174564,35.506354472174564,35.506354472174564,35.5124586294929,35.6028858378491,35.6028858378491,35.6028858378491,35.6028858378491,35.6028858378491,35.6028858378491,35.6028858378491,35.65454743681025,35.551646161916,35.55044052837271,,,,,,,35.240983963781,,,,34.63591411256806,33.95129134383485,35.360341488098975,34.1187054555059,#000000,0.7504994253076193,33.18568136834571,0.3788392396673038,86.51929986407757,32.133710118072585,True,False,True,False,True,0.0,32.7209,35.4507,0.0,0.0,0.0,0.0,0,0.7403499028047763,1.220772007775617,False,False,False,False,-0.14518636395398268,-0.14790616339354612,False,False,False,False,-2502.0,-2553.2163323411073,False,False,False,False,76.78504371961587,False,False,False,False
2025-03-21 14:00:00+00:00,33.64,33.64,33.2,33.26,56.0,,,,,,,,,,,,,,,,,,,,,,,,,,,,,,,,,,,,,,,33.72573453493546,34.63022196417609,34.73973562247146,35.10474483569639,35.286014353770966,35.579297126557464,35.60224751912342,35.60224751912342,35.60224751912342,35.60224751912342,35.60224751912342,35.619507913083304,35.549133558850336,35.55067567261399,35.55067567261399,35.55067567261399,35.55067567261399,35.55067567261399,35.55067567261399,35.55067567261399,35.55098882706835,,,,,,,,,,,,,,,,,,,,,,,,,,,,,,,,,,,,,,,,,,,32.737821705426356,32.737821705426356,32.737821705426356,32.70149450549451,32.65684638801077,32.65684638801077,32.63298599715568,33.96482653831635,34.425725279176085,34.676578464522564,34.73973562247146,34.73973562247146,34.73973562247146,34.73973562247146,34.758210982365206,35.23434585546842,35.24971297167346,35.2938157921779,35.499744304076785,35.499744304076785,35.499744304076785,35.50585800604229,35.59637979703519,35.59637979703519,35.59637979703519,35.59637979703519,35.59637979703519,35.59637979703519,35.59637979703519,35.64886023319128,35.547278854505,35.54609115481737,,,,,,,35.23434585546842,,,,34.63022196417609,33.95403524809823,35.35501786067283,34.12116426883451,#000000,0.7357618592406042,33.19466985107849,0.08879251907531559,75.77097803350583,30.792923798544734,True,False,True,False,False,0.0,32.7457,35.431549999999994,0.0,0.0,0.0,0.0,0,0.7319056654920033,1.1856871780970446,False,False,False,False,-0.15173642560575568,-0.1498212944996509,False,False,False,False,-2558.0,-2553.2904977311678,False,False,False,False,76.46279497977686,False,False,False,False
2025-03-21 15:00:00+00:00,33.26,33.275,33.26,33.265,42.0,,,,,,,,,,,,,,,,,,,,,,,,,,,,,,,,,,,,,,,33.723174676933965,34.62565102296008,34.734998340990316,35.09962042261313,35.28078062326443,35.57420909725859,35.5971884992264,35.5971884992264,35.5971884992264,35.5971884992264,35.5971884992264,35.614489920276235,35.5456889447838,35.547420221490704,35.547420221490704,35.547420221490704,35.547420221490704,35.547420221490704,35.547420221490704,35.547420221490704,35.547738555005985,,,,,,,,,,,,,,,,,,,,,,,,,,,,,,,,,,,,,,,,,,,32.750427544457054,32.750427544457054,32.750427544457054,32.71424274973147,32.66571189569632,32.66571189569632,32.641601920794216,33.961521453261206,34.421515623198445,34.671937325286734,34.734998340990316,34.734998340990316,34.734998340990316,34.734998340990316,34.75345073454915,35.22913313149152,35.24450324221763,35.288579935633315,35.49458225549011,35.49458225549011,35.49458225549011,35.50070395133446,35.59130732676689,35.59130732676689,35.59130732676689,35.59130732676689,35.59130732676689,35.59130732676689,35.59130732676689,35.64442726332889,35.54386512942965,35.542691324265775,,,,,,,35.22913313149152,,,,34.62565102296008,33.954977359526765,35.350824854782374,34.121917520793446,#000000,0.7204068545174395,33.19957340599705,0.09081894986517862,68.75523534121919,24.685145397066904,True,False,True,False,False,0.0,32.7706,35.411500000000004,0.0,0.0,0.0,0.0,0,0.7310022026431717,1.22522026431718,False,False,False,False,-0.16108955117459164,-0.15545542283712127,False,False,False,False,-2516.0,-2552.712350479522,False,False,False,False,75.92848808086558,False,False,False,False
2025-03-21 16:00:00+00:00,33.265,33.275,33.265,33.275,4.0,,,,,,,,,,,,,,,,,,,,,,,,,,,,,,,,,,,,,,,33.7229350230007,34.62521888880025,34.7345502908757,35.09913520030084,35.28028482118988,35.573726737893224,35.5967088618473,35.5967088618473,35.5967088618473,35.5967088618473,35.5967088618473,35.61401414767054,35.54536214701444,35.54711134109237,35.54711134109237,35.54711134109237,35.54711134109237,35.54711134109237,35.54711134109237,35.54711134109237,35.54743016507464,,,,,,,,,,,,,,,,,,,,,,,,,,,,,,,,,,,,,,,,,,,32.75160815402038,32.75160815402038,32.75160815402038,32.715437656305824,32.666549717709415,32.666549717709415,32.642416747494345,33.96121056782335,34.42111802674045,34.671498472146055,34.7345502908757,34.7345502908757,34.7345502908757,34.7345502908757,34.75300048111011,35.22863938285618,35.24400975548746,35.28808392253305,35.494092976760385,35.494092976760385,35.494092976760385,35.500215421986,35.59082642272209,35.59082642272209,35.59082642272209,35.59082642272209,35.59082642272209,35.59082642272209,35.59082642272209,35.64400682200761,35.54354125835916,35.542368769899035,,,,,,,35.22863938285618,,,,34.62521888880025,33.95506428992183,35.35042754768143,34.12198630135002,#000000,0.7006764749313302,33.20003396908434,0.1069909346150205,64.40460152266908,21.11347570425555,True,False,True,False,False,0.0,32.7898,35.391025,0.0,0.0,0.0,0.0,0,0.7695497630331755,1.2422985781990514,False,False,False,False,-0.16073937656600745,-0.15809739970156436,False,False,False,False,-2512.0,-2552.081151247281,False,False,False,False,74.81331772302269,False,False,False,False
2025-03-21 17:00:00+00:00,33.275,33.275,33.275,33.275,0.0,,,,,,,,,,,,,,,,,,,,,,,,,,,,,,,,,,,,,,,33.7229350230007,34.62521888880025,34.7345502908757,35.09913520030084,35.28028482118988,35.573726737893224,35.5967088618473,35.5967088618473,35.5967088618473,35.5967088618473,35.5967088618473,35.61401414767054,35.54536214701444,35.54711134109237,35.54711134109237,35.54711134109237,35.54711134109237,35.54711134109237,35.54711134109237,35.54711134109237,35.54743016507464,,,,,,,,,,,,,,,,,,,,,,,,,,,,,,,,,,,,,,,,,,,32.75160815402038,32.75160815402038,32.75160815402038,32.715437656305824,32.666549717709415,32.666549717709415,32.642416747494345,33.96121056782335,34.42111802674045,34.671498472146055,34.7345502908757,34.7345502908757,34.7345502908757,34.7345502908757,34.75300048111011,35.22863938285618,35.24400975548746,35.28808392253305,35.494092976760385,35.494092976760385,35.494092976760385,35.500215421986,35.59082642272209,35.59082642272209,35.59082642272209,35.59082642272209,35.59082642272209,35.59082642272209,35.59082642272209,35.64400682200761,35.54354125835916,35.542368769899035,,,,,,,35.22863938285618,,,,34.62521888880025,33.95506428992183,35.35042754768143,34.12198630135002,#000000,0.6862549036564061,33.20003396908434,0.10923933733112526,61.504178976969015,18.733277486334828,False,False,True,False,False,0.0,32.809,35.37055,0.0,0.0,0.0,0.0,0,0.7701421800947867,1.1658767772511842,False,False,False,False,-0.1600391444966358,-0.15906827209910007,False,False,False,False,-2512.0,-2551.4597380496484,False,False,False,False,73.65342132421614,False,False,False,False
2025-03-21 18:00:00+00:00,33.275,33.275,33.275,33.275,0.0,,,,,,,,,,,,,,,,,,,,,,,,,,,,,,,,,,,,,,,33.7229350230007,34.62521888880025,34.7345502908757,35.09913520030084,35.28028482118988,35.573726737893224,35.5967088618473,35.5967088618473,35.5967088618473,35.5967088618473,35.5967088618473,35.61401414767054,35.54536214701444,35.54711134109237,35.54711134109237,35.54711134109237,35.54711134109237,35.54711134109237,35.54711134109237,35.54711134109237,35.54743016507464,,,,,,,,,,,,,,,,,,,,,,,,,,,,,,,,,,,,,,,,,,,32.75160815402038,32.75160815402038,32.75160815402038,32.715437656305824,32.666549717709415,32.666549717709415,32.642416747494345,33.96121056782335,34.42111802674045,34.671498472146055,34.7345502908757,34.7345502908757,34.7345502908757,34.7345502908757,34.75300048111011,35.22863938285618,35.24400975548746,35.28808392253305,35.494092976760385,35.494092976760385,35.494092976760385,35.500215421986,35.59082642272209,35.59082642272209,35.59082642272209,35.59082642272209,35.59082642272209,35.59082642272209,35.59082642272209,35.64400682200761,35.54354125835916,35.542368769899035,,,,,,,35.22863938285618,,,,34.62521888880025,33.95506428992183,35.35042754768143,34.12198630135002,#000000,0.6712334149138924,33.20003396908434,0.11168399732495118,59.570563946502304,17.036803588318932,False,False,True,False,False,0.0,32.828199999999995,35.350075000000004,0.0,0.0,0.0,0.0,0,0.7783103654883163,1.1683642899940077,False,False,False,False,-0.1600391444966358,-0.15955370829786794,False,False,False,False,-2512.0,-2550.8479591651576,False,False,False,False,72.51150781531356,False,False,False,False
2025-03-21 19:00:00+00:00,33.275,33.275,33.275,33.275,0.0,,,,,,,,,,,,,,,,,,,,,,,,,,,,,,,,,,,,,,,33.7229350230007,34.62521888880025,34.7345502908757,35.09913520030084,35.28028482118988,35.573726737893224,35.5967088618473,35.5967088618473,35.5967088618473,35.5967088618473,35.5967088618473,35.61401414767054,35.54536214701444,35.54711134109237,35.54711134109237,35.54711134109237,35.54711134109237,35.54711134109237,35.54711134109237,35.54711134109237,35.54743016507464,,,,,,,,,,,,,,,,,,,,,,,,,,,,,,,,,,,,,,,,,,,32.75160815402038,32.75160815402038,32.75160815402038,32.715437656305824,32.666549717709415,32.666549717709415,32.642416747494345,33.96121056782335,34.42111802674045,34.671498472146055,34.7345502908757,34.7345502908757,34.7345502908757,34.7345502908757,34.75300048111011,35.22863938285618,35.24400975548746,35.28808392253305,35.494092976760385,35.494092976760385,35.494092976760385,35.500215421986,35.59082642272209,35.59082642272209,35.59082642272209,35.59082642272209,35.59082642272209,35.59082642272209,35.59082642272209,35.64400682200761,35.54354125835916,35.542368769899035,,,,,,,35.22863938285618,,,,34.62521888880025,33.95506428992183,35.35042754768143,34.12198630135002,#000000,0.6555707711877508,33.20003396908434,0.11435230826389493,58.281487259524496,15.72975530913476,False,False,True,False,False,0.0,32.8453,35.3296,0.0,0.0,0.0,0.0,0,0.7669263031755543,1.1683642899940077,False,False,False,False,-0.1600391444966358,-0.1597964263972519,False,False,False,False,-2512.0,-2550.2456652246124,False,False,False,False,71.38729839182032,False,False,False,False
2025-03-24 14:00:00+00:00,33.275,33.845,33.275,33.845,100.0,,,,,,,,,,,,,,,,,,,,,,,,,,,,,,,,,,,,,,,33.72204535533438,34.61753885326791,34.726349513825596,35.08961489441185,35.27031925112924,35.563730245562844,35.58674831572107,35.58674831572107,35.58674831572107,35.58674831572107,35.58674831572107,35.604118637503994,35.53859490226963,35.54071280421133,35.54071280421133,35.54071280421133,35.54071280421133,35.54071280421133,35.54071280421133,35.54071280421133,35.541041568203816,,,,,,,,,,,,,,,,,,,,,,,,,,,,,,,,,,,,,,,,,,,32.80002143622722,32.80002143622722,32.80002143622722,32.76322821295354,32.699575119723804,32.699575119723804,32.67412934544316,33.95779913101605,34.414552051194164,34.66359597294567,34.726349513825596,34.726349513825596,34.726349513825596,34.726349513825596,34.74472243164456,35.218778251242846,35.23413460940898,35.27810479682249,35.48402843904485,35.48402843904485,35.48402843904485,35.490160300074464,35.58084484892234,35.58084484892234,35.58084484892234,35.58084484892234,35.58084484892234,35.58084484892234,35.58084484892234,35.63523462997265,35.536835505213695,35.53569089150715,,,,,,,35.218778251242846,,,,34.61753885326791,33.96484833083557,35.34255214306951,34.13108571420965,"rgba(38, 166, 154, 0.5)",0.6454714248981326,33.22327658143567,0.9632082762803152,67.22512184455778,9.19192287744066,True,False,True,False,True,2.4333771952834766,32.8686,35.311975,0.0,0.0,0.0,0.0,0,0.7698224852071007,1.153846153846153,False,False,False,False,-0.12036069926036458,-0.14007856282880823,False,False,False,False,-2412.0,-2548.102321577719,False,False,False,False,71.83090616869133,False,False,False,False
2025-03-24 15:00:00+00:00,33.845,33.845,33.845,33.845,0.0,,,,,,,,,,,,,,,,,,,,,,,,,,,,,,,,,,,,,,,33.72204535533438,34.61753885326791,34.726349513825596,35.08961489441185,35.27031925112924,35.563730245562844,35.58674831572107,35.58674831572107,35.58674831572107,35.58674831572107,35.58674831572107,35.604118637503994,35.53859490226963,35.54071280421133,35.54071280421133,35.54071280421133,35.54071280421133,35.54071280421133,35.54071280421133,35.54071280421133,35.541041568203816,,,,,,,,,,,,,,,,,,,,,,,,,,,,,,,,,,,,,,,,,,,32.80002143622722,32.80002143622722,32.80002143622722,32.76322821295354,32.699575119723804,32.699575119723804,32.67412934544316,33.95779913101605,34.414552051194164,34.66359597294567,34.726349513825596,34.726349513825596,34.726349513825596,34.726349513825596,34.74472243164456,35.218778251242846,35.23413460940898,35.27810479682249,35.48402843904485,35.48402843904485,35.48402843904485,35.490160300074464,35.58084484892234,35.58084484892234,35.58084484892234,35.58084484892234,35.58084484892234,35.58084484892234,35.58084484892234,35.63523462997265,35.536835505213695,35.53569089150715,,,,,,,35.218778251242846,,,,34.61753885326791,33.96484833083557,35.34255214306951,34.13108571420965,"rgba(38, 166, 154, 0.5)",0.6351488652912365,33.22327658143567,0.978862519543743,73.18754490124664,14.50507579994094,True,False,True,False,True,2.4333771952834766,32.8922,35.29405,0.0,0.0,0.0,0.0,0,0.7827648114901257,1.163973668461998,False,False,False,False,-0.08105606219165543,-0.11056731251023183,False,False,False,False,-2412.0,-2545.992208064886,False,False,False,False,70.71724870871162,False,False,False,False
2025-03-24 16:00:00+00:00,33.845,33.845,33.845,33.845,0.0,,,,,,,,,,,,,,,,,,,,,,,,,,,,,,,,,,,,,,,33.72204535533438,34.61753885326791,34.726349513825596,35.08961489441185,35.27031925112924,35.563730245562844,35.58674831572107,35.58674831572107,35.58674831572107,35.58674831572107,35.58674831572107,35.604118637503994,35.53859490226963,35.54071280421133,35.54071280421133,35.54071280421133,35.54071280421133,35.54071280421133,35.54071280421133,35.54071280421133,35.541041568203816,,,,,,,,,,,,,,,,,,,,,,,,,,,,,,,,,,,,,,,,,,,32.80002143622722,32.80002143622722,32.80002143622722,32.76322821295354,32.699575119723804,32.699575119723804,32.67412934544316,33.95779913101605,34.414552051194164,34.66359597294567,34.726349513825596,34.726349513825596,34.726349513825596,34.726349513825596,34.74472243164456,35.218778251242846,35.23413460940898,35.27810479682249,35.48402843904485,35.48402843904485,35.48402843904485,35.490160300074464,35.58084484892234,35.58084484892234,35.58084484892234,35.58084484892234,35.58084484892234,35.58084484892234,35.58084484892234,35.63523462997265,35.536835505213695,35.53569089150715,,,,,,,35.218778251242846,,,,34.61753885326791,33.96484833083557,35.34255214306951,34.13108571420965,"rgba(38, 166, 154, 0.5)",0.6263504545312913,33.22327658143567,0.9926127043838028,77.16249360570588,18.014295512125784,True,False,True,False,True,2.4333771952834766,32.915800000000004,35.276125,0.0,0.0,0.0,0.0,0,0.7670021347971945,1.186337297956693,False,False,False,False,-0.08105606219165543,-0.09581168735094363,False,False,False,False,-2412.0,-2543.914809490237,False,False,False,False,69.62085725586338,False,False,False,False
2025-03-24 17:00:00+00:00,33.845,33.845,33.845,33.845,0.0,,,,,,,,,,,,,,,,,,,,,,,,,,,,,,,,,,,,,,,33.72204535533438,34.61753885326791,34.726349513825596,35.08961489441185,35.27031925112924,35.563730245562844,35.58674831572107,35.58674831572107,35.58674831572107,35.58674831572107,35.58674831572107,35.604118637503994,35.53859490226963,35.54071280421133,35.54071280421133,35.54071280421133,35.54071280421133,35.54071280421133,35.54071280421133,35.54071280421133,35.541041568203816,,,,,,,,,,,,,,,,,,,,,,,,,,,,,,,,,,,,,,,,,,,32.80002143622722,32.80002143622722,32.80002143622722,32.76322821295354,32.699575119723804,32.699575119723804,32.67412934544316,33.95779913101605,34.414552051194164,34.66359597294567,34.726349513825596,34.726349513825596,34.726349513825596,34.726349513825596,34.74472243164456,35.218778251242846,35.23413460940898,35.27810479682249,35.48402843904485,35.48402843904485,35.48402843904485,35.490160300074464,35.58084484892234,35.58084484892234,35.58084484892234,35.58084484892234,35.58084484892234,35.58084484892234,35.58084484892234,35.63523462997265,35.536835505213695,35.53569089150715,,,,,,,35.218778251242846,,,,34.61753885326791,33.96484833083557,35.34255214306951,34.13108571420965,"rgba(38, 166, 154, 1.0)",0.6173788096414202,33.22327658143567,1.0070371850394937,79.8124594086787,20.467126103488937,True,False,True,False,True,2.4333771952834766,32.934799999999996,35.258199999999995,0.0,0.0,0.0,0.0,0,0.7477889600487958,1.186337297956693,False,False,False,False,-0.08105606219165543,-0.08843387477129952,False,False,False,False,-2412.0,-2541.869618645427,False,False,False,False,68.54146412011356,False,False,False,False
2025-03-24 18:00:00+00:00,33.845,33.925,33.845,33.925,100.0,,,,,,,,,,,,,,,,,,,,,,,,,,,,,,,,,,,,,,,33.72432415546363,34.61189049451558,34.72010693104143,35.08181293252124,35.26195807178988,35.55509856259285,35.57813131570889,35.57813131570889,35.57813131570889,35.57813131570889,35.57813131570889,35.5955455596321,35.53274392998976,35.5351775021626,35.5351775021626,35.5351775021626,35.5351775021626,35.5351775021626,35.5351775021626,35.5351775021626,35.535514658053515,,,,,,,,,,,,,,,,,,,,,,,,,,,,,,,,,,,,,,,,,,,32.85588674126823,32.85588674126823,32.85588674126823,32.81817037754114,32.73833225563099,32.73833225563099,32.71130529405811,33.95714393271633,34.41016542034898,34.657692535164195,34.72010693104143,34.72010693104143,34.72010693104143,34.72010693104143,34.738389080115745,35.21055527878109,35.22588433903609,35.26972476971354,35.475397866434434,35.475397866434434,35.475397866434434,35.48153297924231,35.57221392907219,35.57221392907219,35.57221392907219,35.57221392907219,35.57221392907219,35.57221392907219,35.57221392907219,35.62760794473229,35.53103816532805,35.529918027007014,,,,,,,35.21055527878109,,,,34.61189049451558,33.97831544457499,35.336018986561456,34.14372896097882,"rgba(38, 166, 154, 1.0)",0.6097608599327837,33.25169055753655,1.1042188613707842,82.2236015353257,22.88480081424862,True,False,True,False,True,3.650439060126107,32.9554,35.238925,0.0,0.0,0.0,0.0,0,0.7490136570561461,1.1805766312594832,False,False,False,False,-0.059989583039378284,-0.0742117289053389,False,False,False,False,-2312.0,-2538.305748588909,False,False,False,False,69.02919335856141,False,False,False,False
2025-03-24 19:00:00+00:00,33.925,33.925,33.925,33.925,0.0,,,,,,,,,,,,,,,,,,,,,,,,,,,,,,,,,,,,,,,33.72432415546363,34.61189049451558,34.72010693104143,35.08181293252124,35.26195807178988,35.55509856259285,35.57813131570889,35.57813131570889,35.57813131570889,35.57813131570889,35.57813131570889,35.5955455596321,35.53274392998976,35.5351775021626,35.5351775021626,35.5351775021626,35.5351775021626,35.5351775021626,35.5351775021626,35.5351775021626,35.535514658053515,,,,,,,,,,,,,,,,,,,,,,,,,,,,,,,,,,,,,,,,,,,32.85588674126823,32.85588674126823,32.85588674126823,32.81817037754114,32.73833225563099,32.73833225563099,32.71130529405811,33.95714393271633,34.41016542034898,34.657692535164195,34.72010693104143,34.72010693104143,34.72010693104143,34.72010693104143,34.738389080115745,35.21055527878109,35.22588433903609,35.26972476971354,35.475397866434434,35.475397866434434,35.475397866434434,35.48153297924231,35.57221392907219,35.57221392907219,35.57221392907219,35.57221392907219,35.57221392907219,35.57221392907219,35.57221392907219,35.62760794473229,35.53103816532805,35.529918027007014,,,,,,,35.21055527878109,,,,34.61189049451558,33.97831544457499,35.336018986561456,34.14372896097882,"rgba(38, 166, 154, 1.0)",0.6020149125682981,33.25169055753655,1.118426518025934,83.83102961975703,24.709218972912026,True,False,True,False,True,3.6504390601261285,32.976,35.21965,0.0,0.0,0.0,0.0,0,0.7801507537688445,1.1868718592964813,False,False,False,False,-0.03830178834808931,-0.05625675862671411,False,False,False,False,-2312.0,-2534.7971323317165,False,False,False,False,67.95897330649069,False,False,False,False
2025-03-25 14:00:00+00:00,33.925,34.39,33.925,34.355,388.0,,,,,,,,,,,,,,,,,,,,,,,,,,,,,,,,,,,,,,,33.74815669620876,34.600400503010455,34.70598825568904,35.06053873666731,35.237966501954716,35.52884488365003,35.55182455876955,35.55182455876955,35.55182455876955,35.55182455876955,35.55182455876955,35.56929866075096,35.514868646353754,35.51824428623706,35.51824428623706,35.51824428623706,35.51824428623706,35.51824428623706,35.51824428623706,35.51824428623706,35.51860577881102,,,,,,,,,,,,,,,,,,,,,,,,,,,,,,,,,,,,,,,,,,,33.08127725856698,33.08127725856698,33.08127725856698,33.04033958163542,32.9038537776501,32.9038537776501,32.87068233269945,33.968057023105104,34.404202040144796,34.64506940803436,34.70598825568904,34.70598825568904,34.70598825568904,34.70598825568904,34.72385725712624,35.18726438039645,35.20242153728613,35.24563411064302,35.44950366895865,35.44950366895865,35.44950366895865,35.45561963656952,35.545890336317605,35.545890336317605,35.545890336317605,35.545890336317605,35.545890336317605,35.545890336317605,35.545890336317605,35.60408413205537,35.513328854141214,35.512285427753234,,,,,,,35.18726438039645,,,,34.600400503010455,34.04150242842373,35.31764478408961,34.203101368137276,"rgba(0, 255, 255, 0.75)",0.6050361689729189,33.3736321151336,1.6219987088248267,86.9281133575288,28.000340410288942,True,False,True,False,True,9.772952930869184,33.0052,35.202525,0.0,0.0,0.0,0.0,0,0.8005591798695249,1.121466293880086,False,False,False,False,-0.0026798283946132067,-0.029468293510663657,False,False,False,False,-1924.0,-2525.3274093498294,False,False,False,False,72.9208496893358,False,False,False,False
2025-03-25 15:00:00+00:00,34.355,34.645,34.355,34.645,100.0,,,,,,,,,,,,,,,,,,,,,,,,,,,,,,,,,,,,,,,33.757886470492856,34.60000668128988,34.70484184118674,35.05728808360306,35.233885107810075,35.52388829912715,35.546827590213454,35.546827590213454,35.546827590213454,35.546827590213454,35.546827590213454,35.564290246095986,35.51147991024472,35.51502829448367,35.51502829448367,35.51502829448367,35.51502829448367,35.51502829448367,35.51502829448367,35.51502829448367,35.51539401964029,,,,,,,,,,,,,,,,,,,,,,,,,,,,,,,,,,,,,,,,,,,33.141059494702525,33.141059494702525,33.141059494702525,33.09938397285304,32.9497761332961,32.9497761332961,32.915052896059244,33.97412432036805,34.405378046127076,34.644350234183335,34.70484184118674,34.70484184118674,34.70484184118674,34.70484184118674,34.722590119357015,35.18340283653653,35.19849991006655,35.241520969739874,35.44472571266988,35.44472571266988,35.44472571266988,35.450829065244555,35.540898058252424,35.540898058252424,35.540898058252424,35.540898058252424,35.540898058252424,35.540898058252424,35.540898058252424,35.5995456108675,35.50997246472586,35.508944288470644,,,,,,,35.18340283653653,,,,34.60000668128988,34.06032018087518,35.31464513261518,34.22079264230386,"rgba(0, 255, 0, 1.0)",0.6174950267878843,33.407714750511786,2.0037169463928923,89.5945883081526,30.881462911487247,True,False,True,False,True,13.41002547781579,33.0402,35.18585,0.0,0.0,0.0,0.0,0,0.8279170535437946,1.10151655834107,False,False,False,False,0.049809123084565074,0.010170414786950709,False,False,False,False,-1824.0,-2514.454116181615,False,True,False,False,73.34068147709803,False,True,False,False
2025-03-25 16:00:00+00:00,34.645,34.645,34.645,34.645,0.0,,,,,,,,,,,,,,,,,,,,,,,,,,,,,,,,,,,,,,,33.757886470492856,34.60000668128988,34.70484184118674,35.05728808360306,35.233885107810075,35.52388829912715,35.546827590213454,35.546827590213454,35.546827590213454,35.546827590213454,35.546827590213454,35.564290246095986,35.51147991024472,35.51502829448367,35.51502829448367,35.51502829448367,35.51502829448367,35.51502829448367,35.51502829448367,35.51502829448367,35.51539401964029,,,,,,,,,,,,,,,,,,,,,,,,,,,,,,,,,,,,,,,,,,,33.141059494702525,33.141059494702525,33.141059494702525,33.09938397285304,32.9497761332961,32.9497761332961,32.915052896059244,33.97412432036805,34.405378046127076,34.644350234183335,34.70484184118674,34.70484184118674,34.70484184118674,34.70484184118674,34.722590119357015,35.18340283653653,35.19849991006655,35.241520969739874,35.44472571266988,35.44472571266988,35.44472571266988,35.450829065244555,35.540898058252424,35.540898058252424,35.540898058252424,35.540898058252424,35.540898058252424,35.540898058252424,35.540898058252424,35.5995456108675,35.50997246472586,35.508944288470644,,,,,,,35.18340283653653,,,,34.60000668128988,34.06032018087518,35.31464513261518,34.22079264230386,"rgba(0, 255, 255, 0.75)",0.6296627869144625,33.407714750511786,1.9649966223211117,91.37223827523513,32.96724733009583,True,False,True,False,True,13.41002547781579,33.0835,35.167575,0.0,0.0,0.0,0.0,0,0.8427533943795396,1.1180928323334378,False,False,False,False,0.0720968077899885,0.04113361128846961,False,False,False,False,-1824.0,-2503.749401202055,False,True,False,False,72.20361664799573,False,True,False,False
2025-03-25 17:00:00+00:00,34.645,34.645,34.645,34.645,0.0,,,,,,,,,,,,,,,,,,,,,,,,,,,,,,,,,,,,,,,33.757886470492856,34.60000668128988,34.70484184118674,35.05728808360306,35.233885107810075,35.52388829912715,35.546827590213454,35.546827590213454,35.546827590213454,35.546827590213454,35.546827590213454,35.564290246095986,35.51147991024472,35.51502829448367,35.51502829448367,35.51502829448367,35.51502829448367,35.51502829448367,35.51502829448367,35.51502829448367,35.51539401964029,,,,,,,,,,,,,,,,,,,,,,,,,,,,,,,,,,,,,,,,,,,33.141059494702525,33.141059494702525,33.141059494702525,33.09938397285304,32.9497761332961,32.9497761332961,32.915052896059244,33.97412432036805,34.405378046127076,34.644350234183335,34.70484184118674,34.70484184118674,34.70484184118674,34.70484184118674,34.722590119357015,35.18340283653653,35.19849991006655,35.241520969739874,35.44472571266988,35.44472571266988,35.44472571266988,35.450829065244555,35.540898058252424,35.540898058252424,35.540898058252424,35.540898058252424,35.540898058252424,35.540898058252424,35.540898058252424,35.5995456108675,35.50997246472586,35.508944288470644,,,,,,,35.18340283653653,,,,34.60000668128988,34.06032018087518,35.31464513261518,34.22079264230386,"rgba(0, 255, 255, 0.75)",0.6415560124547043,33.407714750511786,1.9285693306094185,92.55733825329015,34.56724299712759,True,False,True,False,True,13.41002547781579,33.1338,35.14815,0.0,0.0,0.0,0.0,0,0.8427533943795396,1.1180928323334378,False,False,False,False,0.0720968077899885,0.05661520953922906,False,False,False,False,-1824.0,-2493.2106507958215,False,True,False,False,71.08418073097253,False,True,False,False
2025-03-25 18:00:00+00:00,34.645,34.645,34.645,34.645,0.0,,,,,,,,,,,,,,,,,,,,,,,,,,,,,,,,,,,,,,,33.757886470492856,34.60000668128988,34.70484184118674,35.05728808360306,35.233885107810075,35.52388829912715,35.546827590213454,35.546827590213454,35.546827590213454,35.546827590213454,35.546827590213454,35.564290246095986,35.51147991024472,35.51502829448367,35.51502829448367,35.51502829448367,35.51502829448367,35.51502829448367,35.51502829448367,35.51502829448367,35.51539401964029,,,,,,,,,,,,,,,,,,,,,,,,,,,,,,,,,,,,,,,,,,,33.141059494702525,33.141059494702525,33.141059494702525,33.09938397285304,32.9497761332961,32.9497761332961,32.915052896059244,33.97412432036805,34.405378046127076,34.644350234183335,34.70484184118674,34.70484184118674,34.70484184118674,34.70484184118674,34.722590119357015,35.18340283653653,35.19849991006655,35.241520969739874,35.44472571266988,35.44472571266988,35.44472571266988,35.450829065244555,35.540898058252424,35.540898058252424,35.540898058252424,35.540898058252424,35.540898058252424,35.540898058252424,35.540898058252424,35.5995456108675,35.50997246472586,35.508944288470644,,,,,,,35.18340283653653,,,,34.60000668128988,34.06032018087518,35.31464513261518,34.22079264230386,"rgba(0, 255, 255, 0.75)",0.653189699691788,33.407714750511786,1.8942203927466068,93.34740490532684,35.86344003515222,True,False,True,False,True,13.41002547781579,33.1857,35.128825,0.0,0.0,0.0,0.0,0,0.8427533943795396,1.1180928323334378,False,False,False,False,0.0720968077899885,0.06435600866460878,False,False,False,False,-1824.0,-2482.835291868754,False,True,False,False,69.98210040956211,False,True,False,False
2025-03-25 19:00:00+00:00,34.645,34.785,34.61,34.62,499.0,,,,,,,,,,,,,,,,,,,,,,,,,,,,,,,,,,,,,,34.67166666666666,33.81015934884787,34.60261297376094,34.70368020957594,35.045450910433075,35.2177580095041,35.50291997436023,35.52560873297377,35.52560873297377,35.52560873297377,35.52560873297377,35.52560873297377,35.542961996424694,35.497039787280464,35.501301454758945,35.501301454758945,35.501301454758945,35.501301454758945,35.501301454758945,35.501301454758945,35.501301454758945,35.50168403399655,,,,,,,,,,,,,,,,,,,,,,,,,,,,,,,,,,,,,,,,,,,33.39970256236595,33.39970256236595,33.39970256236595,33.356366961458676,33.160370098039216,33.160370098039216,33.11985436137071,34.0087137699162,34.415795766366145,34.64532735961769,34.70368020957594,34.70368020957594,34.70368020957594,34.70368020957594,34.72081945509024,35.16842153124083,35.1831960453293,35.22522729009092,35.424800275482085,35.424800275482085,35.424800275482085,35.43082690263058,35.519720065752,35.519720065752,35.519720065752,35.519720065752,35.519720065752,35.519720065752,35.519720065752,35.58005941107977,35.49567111111111,35.49470914253265,,,,,,,35.16842153124083,,,,34.60261297376094,34.12175082522921,35.26150511351383,34.30139459064625,"rgba(0, 255, 255, 0.75)",0.6759858133270891,33.57721944346399,1.5426071612414727,92.76735117240426,35.86344003515222,True,False,True,False,True,12.95166620114512,33.2371,35.109325,0.0,0.0,0.0,0.0,0,0.8422860712054968,1.1080574640849465,False,False,False,False,0.08018299112642077,0.07226949989551477,False,False,False,False,-2323.0,-2480.357225328153,False,False,False,False,76.63354071328983,False,False,False,False
2025-03-26 14:00:00+00:00,34.62,34.75,34.61,34.61,200.0,,,,,,,,,,,,,,,,,,,,,,,,,,,,,,,,,,,,,,34.6673748211731,33.82913295229556,34.6033896072797,34.703029548128164,35.04072577378059,35.21138052208836,35.49465618540761,35.517245881654716,35.517245881654716,35.517245881654716,35.517245881654716,35.517245881654716,35.534554717637384,35.491287943602195,35.495827122086105,35.495827122086105,35.495827122086105,35.495827122086105,35.495827122086105,35.495827122086105,35.495827122086105,35.49621625847919,,,,,,,,,,,,,,,,,,,,,,,,,,,,,,,,,,,,,,,,,,,33.479433872502376,33.479433872502376,33.479433872502376,33.436311609796086,33.23029049844237,33.23029049844237,33.18846205357143,34.02134073857547,34.419514344525936,34.64548763250884,34.703029548128164,34.703029548128164,34.703029548128164,34.703029548128164,34.7199376904222,35.16248642118489,35.177136321786165,35.21878540675278,35.416946148602584,35.416946148602584,35.416946148602584,35.42294259428998,35.51137372467482,35.51137372467482,35.51137372467482,35.51137372467482,35.51137372467482,35.51137372467482,35.51137372467482,35.57235194691373,35.489973288058856,35.48903711223914,,,,,,,35.16248642118489,,,,34.6033896072797,34.14928537894807,35.25683621060914,34.32671776616168,"rgba(38, 166, 154, 1.0)",0.6994622322999888,33.62605324355398,1.4067189206350408,91.90747233446055,35.86344003515222,True,False,True,False,True,12.765943730505334,33.2883,35.091675,0.0,0.0,0.0,0.0,0,0.8436532507739941,1.109287925696594,False,False,False,False,0.10170052558419389,0.08698501273985433,False,False,False,False,-2523.0,-2481.018353617639,False,False,False,False,78.54619899680472,False,False,False,False
2025-03-26 15:00:00+00:00,34.61,34.61,34.61,34.61,0.0,,,,,,,,,,,,,,,,,,,,,,,,,,,,,,,,,,,,,,34.6673748211731,33.82913295229556,34.6033896072797,34.703029548128164,35.04072577378059,35.21138052208836,35.49465618540761,35.517245881654716,35.517245881654716,35.517245881654716,35.517245881654716,35.517245881654716,35.534554717637384,35.491287943602195,35.495827122086105,35.495827122086105,35.495827122086105,35.495827122086105,35.495827122086105,35.495827122086105,35.495827122086105,35.49621625847919,,,,,,,,,,,,,,,,,,,,,,,,,,,,,,,,,,,,,,,,,,,33.479433872502376,33.479433872502376,33.479433872502376,33.436311609796086,33.23029049844237,33.23029049844237,33.18846205357143,34.02134073857547,34.419514344525936,34.64548763250884,34.703029548128164,34.703029548128164,34.703029548128164,34.703029548128164,34.7199376904222,35.16248642118489,35.177136321786165,35.21878540675278,35.416946148602584,35.416946148602584,35.416946148602584,35.42294259428998,35.51137372467482,35.51137372467482,35.51137372467482,35.51137372467482,35.51137372467482,35.51137372467482,35.51137372467482,35.57235194691373,35.489973288058856,35.48903711223914,,,,,,,35.16248642118489,,,,34.6033896072797,34.14928537894807,35.25683621060914,34.32671776616168,"rgba(38, 166, 154, 1.0)",0.7215684555436914,33.62605324355398,1.3636221884237258,91.33421977583143,35.86344003515222,True,False,True,False,True,12.765943730505334,33.329499999999996,35.074025,0.0,0.0,0.0,0.0,0,0.8694958519463944,1.1215698787492017,False,False,False,False,0.11130847397040713,0.09914674335513074,False,False,False,False,-2523.0,-2481.6692318561254,False,False,False,False,77.32842846972247,False,False,False,False
2025-03-26 16:00:00+00:00,34.61,34.61,34.61,34.61,0.0,,,,,,,,,,,,,,,,,,,,,,,,,,,,,,,,,,,,,,34.6673748211731,33.82913295229556,34.6033896072797,34.703029548128164,35.04072577378059,35.21138052208836,35.49465618540761,35.517245881654716,35.517245881654716,35.517245881654716,35.517245881654716,35.517245881654716,35.534554717637384,35.491287943602195,35.495827122086105,35.495827122086105,35.495827122086105,35.495827122086105,35.495827122086105,35.495827122086105,35.495827122086105,35.49621625847919,,,,,,,,,,,,,,,,,,,,,,,,,,,,,,,,,,,,,,,,,,,33.479433872502376,33.479433872502376,33.479433872502376,33.436311609796086,33.23029049844237,33.23029049844237,33.18846205357143,34.02134073857547,34.419514344525936,34.64548763250884,34.703029548128164,34.703029548128164,34.703029548128164,34.703029548128164,34.7199376904222,35.16248642118489,35.177136321786165,35.21878540675278,35.416946148602584,35.416946148602584,35.416946148602584,35.42294259428998,35.51137372467482,35.51137372467482,35.51137372467482,35.51137372467482,35.51137372467482,35.51137372467482,35.51137372467482,35.57235194691373,35.489973288058856,35.48903711223914,,,,,,,35.16248642118489,,,,34.6033896072797,34.14928537894807,35.25683621060914,34.32671776616168,"rgba(38, 166, 154, 1.0)",0.7406808226765124,33.62605324355398,1.328435577541271,90.95205140341201,35.86344003515222,True,False,True,False,True,12.765943730505345,33.3709,35.055975,0.0,0.0,0.0,0.0,0,0.8681353767560667,1.0929118773946358,False,False,False,False,0.11130847397040713,0.10522760866276894,False,False,False,False,-2523.0,-2482.3100189591314,False,False,False,False,76.1295381058508,False,False,False,False
2025-03-26 17:00:00+00:00,34.61,34.61,34.18,34.18,50.0,,,,,,,,,,,,,,,,,,,,,,,,,,,,,,,,,,,,,,34.64440809968847,33.83188677142538,34.60238725841089,34.701720341125906,35.03855264752212,35.208864237409806,35.49180361404704,35.5143801705791,35.5143801705791,35.5143801705791,35.5143801705791,35.5143801705791,35.53168914229835,35.489292872353744,35.49393037401319,35.49393037401319,35.49393037401319,35.49393037401319,35.49393037401319,35.49393037401319,35.49393037401319,35.494322006524754,,,,,,,,,,,,,,,,,,,,,,,,,,,,,,,,,,,,,,,,,,,33.492607451347695,33.492607451347695,33.492607451347695,33.44973912604703,33.24291224018476,33.24291224018476,33.20098822663723,34.022804874107116,34.41914455978471,34.644353286384984,34.701720341125906,34.701720341125906,34.701720341125906,34.701720341125906,34.71857954934594,35.160060422087305,35.174686806671254,35.216256166911464,35.4141577426483,35.4141577426483,35.4141577426483,35.42015000677231,35.50850835303008,35.50850835303008,35.50850835303008,35.50850835303008,35.50850835303008,35.50850835303008,35.50850835303008,35.569751016895026,35.48799593220338,35.48706801801802,,,,,,,35.160060422087305,,,,34.60238725841089,34.1522546469698,35.25380440406282,34.33027283510948,"rgba(38, 166, 154, 0.5)",0.7504180516564936,33.632778976094656,0.7292215621644403,76.06148852232718,32.25795042958849,False,False,True,False,False,5.043793077344482,33.4037,35.035775,0.0,0.0,0.0,0.0,0,0.8443132380360473,1.0904288377874454,False,False,False,False,0.07439223958564445,0.08980992412420669,False,False,False,False,-2573.0,-2483.716065176819,False,False,False,False,75.72442898793062,False,False,False,False
2025-03-26 18:00:00+00:00,34.18,34.18,34.18,34.18,0.0,,,,,,,,,,,,,,,,,,,,,,,,,,,,,,,,,,,,,,34.64440809968847,33.83188677142538,34.60238725841089,34.701720341125906,35.03855264752212,35.208864237409806,35.49180361404704,35.5143801705791,35.5143801705791,35.5143801705791,35.5143801705791,35.5143801705791,35.53168914229835,35.489292872353744,35.49393037401319,35.49393037401319,35.49393037401319,35.49393037401319,35.49393037401319,35.49393037401319,35.49393037401319,35.494322006524754,,,,,,,,,,,,,,,,,,,,,,,,,,,,,,,,,,,,,,,,,,,33.492607451347695,33.492607451347695,33.492607451347695,33.44973912604703,33.24291224018476,33.24291224018476,33.20098822663723,34.022804874107116,34.41914455978471,34.644353286384984,34.701720341125906,34.701720341125906,34.701720341125906,34.701720341125906,34.71857954934594,35.160060422087305,35.174686806671254,35.216256166911464,35.4141577426483,35.4141577426483,35.4141577426483,35.42015000677231,35.50850835303008,35.50850835303008,35.50850835303008,35.50850835303008,35.50850835303008,35.50850835303008,35.50850835303008,35.569751016895026,35.48799593220338,35.48706801801802,,,,,,,35.160060422087305,,,,34.60238725841089,34.1522546469698,35.25380440406282,34.33027283510948,"rgba(38, 166, 154, 0.5)",0.7598711187542228,33.632778976094656,0.7201497864565377,66.13444660160397,23.669834556993237,False,True,True,False,False,5.043793077344482,33.4398,35.015575,0.0,0.0,0.0,0.0,0,0.8443132380360473,1.1171535114978244,False,False,False,False,0.03767738362076693,0.06374365387248682,False,False,False,False,-2573.0,-2485.100312228341,False,False,False,False,74.55040683307898,False,False,False,False
2025-03-26 19:00:00+00:00,34.18,34.18,34.18,34.18,0.0,,,,,,,,,,,,,,,,,,,,,,,,,,,,,,,,,,,,,,34.64440809968847,33.83188677142538,34.60238725841089,34.701720341125906,35.03855264752212,35.208864237409806,35.49180361404704,35.5143801705791,35.5143801705791,35.5143801705791,35.5143801705791,35.5143801705791,35.53168914229835,35.489292872353744,35.49393037401319,35.49393037401319,35.49393037401319,35.49393037401319,35.49393037401319,35.49393037401319,35.49393037401319,35.494322006524754,,,,,,,,,,,,,,,,,,,,,,,,,,,,,,,,,,,,,,,,,,,33.492607451347695,33.492607451347695,33.492607451347695,33.44973912604703,33.24291224018476,33.24291224018476,33.20098822663723,34.022804874107116,34.41914455978471,34.644353286384984,34.701720341125906,34.701720341125906,34.701720341125906,34.701720341125906,34.71857954934594,35.160060422087305,35.174686806671254,35.216256166911464,35.4141577426483,35.4141577426483,35.4141577426483,35.42015000677231,35.50850835303008,35.50850835303008,35.50850835303008,35.50850835303008,35.50850835303008,35.50850835303008,35.50850835303008,35.569751016895026,35.48799593220338,35.48706801801802,,,,,,,35.160060422087305,,,,34.60238725841089,34.1522546469698,35.25380440406282,34.33027283510948,"rgba(38, 166, 154, 0.5)",0.7690505026819463,33.632778976094656,0.7115540812950437,59.51641865445516,18.26910655714562,False,True,True,False,False,5.043793077344482,33.4759,34.994625,0.0,0.0,0.0,0.0,0,0.8443132380360473,1.1171535114978244,False,False,False,False,0.03767738362076693,0.050710518746626874,False,False,False,False,-2573.0,-2486.4630980852658,False,False,False,False,73.394586572101,False,False,False,False
2025-03-27 14:00:00+00:00,34.18,34.18,34.135,34.135,23.0,,,,,,,,,,,,,,,,,,,,,,,,,,,,,,,,,,,,,,34.62967832469775,33.83270008892841,34.60164367898236,34.700846644634176,35.03731623207696,35.20748589808893,35.49030213097206,35.51287538761548,35.51287538761548,35.51287538761548,35.51287538761548,35.51287538761548,35.530187093318204,35.48824133497188,35.49293104005689,35.49293104005689,35.49293104005689,35.49293104005689,35.49293104005689,35.49293104005689,35.49293104005689,35.493324026854296,,,,,,,,,,,,,,,,,,,,,,,,,,,,,,,,,,,,,,,,,,,33.497294379003925,33.497294379003925,33.497294379003925,33.45458157947484,33.2477050310131,33.2477050310131,33.205782268101615,34.023087912796704,34.418669404359854,34.64355386814784,34.700846644634176,34.700846644634176,34.700846644634176,34.700846644634176,34.7176853118162,35.158718962928745,35.17333629400416,35.214872590503056,35.412676785683956,35.412676785683956,35.412676785683956,35.41866791808296,35.507002826764314,35.507002826764314,35.507002826764314,35.507002826764314,35.507002826764314,35.507002826764314,35.507002826764314,35.56839234695292,35.48695356162991,35.48602988668715,,,,,,,35.158718962928745,,,,34.60164367898236,34.152811254579575,35.25201823025447,34.331316077053785,"rgba(38, 166, 154, 0.5)",0.776673682448871,33.63475358491529,0.6440882784999502,54.06099590224178,13.78819053031873,False,True,False,False,False,4.268300542541439,33.5116,34.97345,0.0,0.0,0.0,0.0,0,0.8419584753641152,1.116826774093585,False,False,False,False,0.03384269226012335,0.042276605503375114,False,False,False,False,-2596.0,-2488.161344626579,False,False,False,False,72.6132751523785,False,False,False,False
2025-03-27 15:00:00+00:00,34.135,34.135,34.135,34.135,0.0,,,,,,,,,,,,,,,,,,,,,,,,,,,,,,,,,,,,,,34.62967832469775,33.83270008892841,34.60164367898236,34.700846644634176,35.03731623207696,35.20748589808893,35.49030213097206,35.51287538761548,35.51287538761548,35.51287538761548,35.51287538761548,35.51287538761548,35.530187093318204,35.48824133497188,35.49293104005689,35.49293104005689,35.49293104005689,35.49293104005689,35.49293104005689,35.49293104005689,35.49293104005689,35.493324026854296,,,,,,,,,,,,,,,,,,,,,,,,,,,,,,,,,,,,,,,,,,,33.497294379003925,33.497294379003925,33.497294379003925,33.45458157947484,33.2477050310131,33.2477050310131,33.205782268101615,34.023087912796704,34.418669404359854,34.64355386814784,34.700846644634176,34.700846644634176,34.700846644634176,34.700846644634176,34.7176853118162,35.158718962928745,35.17333629400416,35.214872590503056,35.412676785683956,35.412676785683956,35.412676785683956,35.41866791808296,35.507002826764314,35.507002826764314,35.507002826764314,35.507002826764314,35.507002826764314,35.507002826764314,35.507002826764314,35.56839234695292,35.48695356162991,35.48602988668715,,,,,,,35.158718962928745,,,,34.60164367898236,34.152811254579575,35.25201823025447,34.331316077053785,"rgba(38, 166, 154, 0.5)",0.7731304098470808,33.63475358491529,0.6470401483543445,50.42404740076619,10.749533398114977,False,True,False,True,False,4.268300542541439,33.5458,34.951725,0.0,0.0,0.0,0.0,0,0.8419584753641152,1.119615742175395,False,False,False,False,0.030008995570430713,0.036142800536902914,False,False,False,False,-2596.0,-2489.8332617641513,False,False,False,False,71.48748794071372,False,False,False,False
2025-03-27 16:00:00+00:00,34.135,34.135,34.135,34.135,0.0,,,,,,,,,,,,,,,,,,,,,,,,,,,,,,,,,,,,,,34.62967832469775,33.83270008892841,34.60164367898236,34.700846644634176,35.03731623207696,35.20748589808893,35.49030213097206,35.51287538761548,35.51287538761548,35.51287538761548,35.51287538761548,35.51287538761548,35.530187093318204,35.48824133497188,35.49293104005689,35.49293104005689,35.49293104005689,35.49293104005689,35.49293104005689,35.49293104005689,35.49293104005689,35.493324026854296,,,,,,,,,,,,,,,,,,,,,,,,,,,,,,,,,,,,,,,,,,,33.497294379003925,33.497294379003925,33.497294379003925,33.45458157947484,33.2477050310131,33.2477050310131,33.205782268101615,34.023087912796704,34.418669404359854,34.64355386814784,34.700846644634176,34.700846644634176,34.700846644634176,34.700846644634176,34.7176853118162,35.158718962928745,35.17333629400416,35.214872590503056,35.412676785683956,35.412676785683956,35.412676785683956,35.41866791808296,35.507002826764314,35.507002826764314,35.507002826764314,35.507002826764314,35.507002826764314,35.507002826764314,35.507002826764314,35.56839234695292,35.48695356162991,35.48602988668715,,,,,,,35.158718962928745,,,,34.60164367898236,34.152811254579575,35.25201823025447,34.331316077053785,"rgba(38, 166, 154, 0.5)",0.7685227903445463,33.63475358491529,0.6509194279852631,47.99941506644914,8.537251333669651,False,True,False,True,False,4.268300542541439,33.58,34.932649999999995,0.0,0.0,0.0,0.0,0,0.8419584753641152,1.119615742175395,False,False,False,False,0.030008995570430713,0.03307589805366681,False,False,False,False,-2596.0,-2491.4792577057924,False,False,False,False,70.37915479434606,False,False,False,False
2025-03-27 17:00:00+00:00,34.135,34.135,34.135,34.135,0.0,,,,,,,,,,,,,,,,,,,,,,,,,,,,,,,,,,,,,,34.62967832469775,33.83270008892841,34.60164367898236,34.700846644634176,35.03731623207696,35.20748589808893,35.49030213097206,35.51287538761548,35.51287538761548,35.51287538761548,35.51287538761548,35.51287538761548,35.530187093318204,35.48824133497188,35.49293104005689,35.49293104005689,35.49293104005689,35.49293104005689,35.49293104005689,35.49293104005689,35.49293104005689,35.493324026854296,,,,,,,,,,,,,,,,,,,,,,,,,,,,,,,,,,,,,,,,,,,33.497294379003925,33.497294379003925,33.497294379003925,33.45458157947484,33.2477050310131,33.2477050310131,33.205782268101615,34.023087912796704,34.418669404359854,34.64355386814784,34.700846644634176,34.700846644634176,34.700846644634176,34.700846644634176,34.7176853118162,35.158718962928745,35.17333629400416,35.214872590503056,35.412676785683956,35.412676785683956,35.412676785683956,35.41866791808296,35.507002826764314,35.507002826764314,35.507002826764314,35.507002826764314,35.507002826764314,35.507002826764314,35.507002826764314,35.56839234695292,35.48695356162991,35.48602988668715,,,,,,,35.158718962928745,,,,34.60164367898236,34.152811254579575,35.25201823025447,34.331316077053785,"rgba(38, 166, 154, 0.5)",0.7684267770655856,33.63475358491529,0.651000758972789,46.38299351023777,6.796862655108505,False,True,False,True,False,4.268300542541439,33.6113,34.914375,0.0,0.0,0.0,0.0,0,0.8509238960225494,1.1208894456623864,False,False,False,False,0.030008995570430713,0.03154244681204876,False,False,False,False,-2596.0,-2493.0997343305085,False,False,False,False,69.28800510761201,False,False,False,False
2025-03-27 18:00:00+00:00,34.135,34.135,34.135,34.135,0.0,,,,,,,,,,,,,,,,,,,,,,,,,,,,,,,,,,,,,,34.62967832469775,33.83270008892841,34.60164367898236,34.700846644634176,35.03731623207696,35.20748589808893,35.49030213097206,35.51287538761548,35.51287538761548,35.51287538761548,35.51287538761548,35.51287538761548,35.530187093318204,35.48824133497188,35.49293104005689,35.49293104005689,35.49293104005689,35.49293104005689,35.49293104005689,35.49293104005689,35.49293104005689,35.493324026854296,,,,,,,,,,,,,,,,,,,,,,,,,,,,,,,,,,,,,,,,,,,33.497294379003925,33.497294379003925,33.497294379003925,33.45458157947484,33.2477050310131,33.2477050310131,33.205782268101615,34.023087912796704,34.418669404359854,34.64355386814784,34.700846644634176,34.700846644634176,34.700846644634176,34.700846644634176,34.7176853118162,35.158718962928745,35.17333629400416,35.214872590503056,35.412676785683956,35.412676785683956,35.412676785683956,35.41866791808296,35.507002826764314,35.507002826764314,35.507002826764314,35.507002826764314,35.507002826764314,35.507002826764314,35.507002826764314,35.56839234695292,35.48695356162991,35.48602988668715,,,,,,,35.158718962928745,,,,34.60164367898236,34.152811254579575,35.25201823025447,34.331316077053785,"rgba(38, 166, 154, 0.5)",0.7675535723883913,33.63475358491529,0.6517413677433576,45.30537913943019,5.331115997282993,False,True,False,True,False,4.268300542541439,33.643699999999995,34.8961,0.0,0.0,0.0,0.0,0,0.8509238960225494,1.1102411525211398,False,False,False,False,0.030008995570430713,0.030775721191239738,False,False,False,False,-2596.0,-2494.6950872866246,False,False,False,False,68.2137724702847,False,False,False,False
2025-03-27 19:00:00+00:00,34.135,34.135,34.135,34.135,0.0,,,,,,,,,,,,,,,,,,,,,,,,,,,,,,,,,,,,,,34.62967832469775,33.83270008892841,34.60164367898236,34.700846644634176,35.03731623207696,35.20748589808893,35.49030213097206,35.51287538761548,35.51287538761548,35.51287538761548,35.51287538761548,35.51287538761548,35.530187093318204,35.48824133497188,35.49293104005689,35.49293104005689,35.49293104005689,35.49293104005689,35.49293104005689,35.49293104005689,35.49293104005689,35.493324026854296,,,,,,,,,,,,,,,,,,,,,,,,,,,,,,,,,,,,,,,,,,,33.497294379003925,33.497294379003925,33.497294379003925,33.45458157947484,33.2477050310131,33.2477050310131,33.205782268101615,34.023087912796704,34.418669404359854,34.64355386814784,34.700846644634176,34.700846644634176,34.700846644634176,34.700846644634176,34.7176853118162,35.158718962928745,35.17333629400416,35.214872590503056,35.412676785683956,35.412676785683956,35.412676785683956,35.41866791808296,35.507002826764314,35.507002826764314,35.507002826764314,35.507002826764314,35.507002826764314,35.507002826764314,35.507002826764314,35.56839234695292,35.48695356162991,35.48602988668715,,,,,,,35.158718962928745,,,,34.60164367898236,34.152811254579575,35.25201823025447,34.331316077053785,"rgba(38, 166, 154, 0.5)",0.7659005180852809,33.63475358491529,0.6531480306806755,44.586969558891795,4.035113236792853,False,True,False,True,False,4.268300542541439,33.6761,34.878775,0.0,0.0,0.0,0.0,0,0.8663903061224492,1.1122448979591835,False,False,False,False,0.030008995570430713,0.030392358380835226,False,False,False,False,-2596.0,-2496.265706088382,False,False,False,False,67.15619460252834,False,False,False,False
2025-03-28 14:00:00+00:00,34.135,34.135,34.005,34.005,96.0,,,,,,,,,,,,,,,,,,,,,,,,,,,,,,,,,,,,,,34.565382104454685,33.834976902771665,34.59787351834766,34.696562015503886,35.03160541353384,35.201221972042404,35.483598547215486,35.50616435958631,35.50616435958631,35.50616435958631,35.50616435958631,35.50616435958631,35.523493546009185,35.4835379947828,35.4884613401231,35.4884613401231,35.4884613401231,35.4884613401231,35.4884613401231,35.4884613401231,35.4884613401231,35.48886044790526,,,,,,,,,,,,,,,,,,,,,,,,,,,,,,,,,,,,,,,,,,,33.513218442705195,33.513218442705195,33.513218442705195,33.47123855445159,33.264980894583054,33.264980894583054,33.22318061231807,34.02332023261759,34.41596045412985,34.639563284214454,34.696562015503886,34.696562015503886,34.696562015503886,34.696562015503886,34.71331997282609,35.1525976226025,35.16718137953306,35.20858855657184,35.40603798131345,35.40603798131345,35.40603798131345,35.41202621968664,35.50028665067945,35.50028665067945,35.50028665067945,35.50028665067945,35.50028665067945,35.50028665067945,35.50028665067945,35.56234486807569,35.48229075930989,35.48138575770831,,,,,,,35.1525976226025,,,,34.59787351834766,34.15344241222333,35.24399209266659,34.33414459055946,#000000,0.7634711095613483,33.640579345917025,0.4773208174076877,40.02706929994656,-0.8163823785430111,False,True,False,True,False,1.8404917453636607,33.7059,34.8608,0.0,0.0,0.0,0.0,0,0.8818565400843883,1.0957481337228168,False,False,False,False,0.018938425065725854,0.02466539172328054,False,False,False,False,-2692.0,-2499.300346304066,False,False,False,False,67.6033853838845,False,False,False,False
2025-03-28 15:00:00+00:00,34.005,34.005,33.665,33.665,96.0,,,,,,,,,,,,,,,,,,,,,,,,,,,,,,,,,,,,,,34.487003803596124,33.83438506747932,34.592327106098004,34.69057193983873,35.024410023323966,35.193574174644944,35.47570760628554,35.49828296746808,35.49828296746808,35.49828296746808,35.49828296746808,35.49828296746808,35.5156460880291,35.477986219448766,35.48318638948686,35.48318638948686,35.48318638948686,35.48318638948686,35.48318638948686,35.48318638948686,35.48318638948686,35.48359289792775,,,,,,,,,,,,,,,,,,,,,,,,,,,,,,,,,,,,,,,,,,,33.52066461868539,33.52066461868539,33.52066461868539,33.47961862800834,33.275823982398244,33.275823982398244,33.23441236389182,34.02108630952381,34.41133018154313,34.633827725748645,34.69057193983873,34.69057193983873,34.69057193983873,34.69057193983873,34.70726174406048,35.145063106796115,35.15962430803529,35.20092519208945,35.398156031946186,35.398156031946186,35.398156031946186,35.40414627610577,35.49239457016454,35.49239457016454,35.49239457016454,35.49239457016454,35.49239457016454,35.49239457016454,35.49239457016454,35.555275392828634,35.4767857984183,35.47590217452065,,,,,,,35.145063106796115,,,,34.592327106098004,34.14960822366599,35.2341072601503,34.333269560189855,#000000,0.7609587184406748,33.6401823709281,0.03261363392057928,32.299683194694616,-8.323912834220188,False,True,False,True,False,0.0,33.7222,34.841,0.0,0.0,0.0,0.0,0,0.8603906500160104,1.0864553314121033,False,False,False,False,-0.02106695382233053,0.001799218950475006,False,False,False,False,-2788.0,-2503.776309927259,False,False,False,False,68.04364297483203,False,False,False,False
2025-03-28 16:00:00+00:00,33.665,33.69,33.53,33.53,96.0,,,,,,,,,,,,,,,,,,,,,,,,,,,,,,,,,,,,,,34.405161949685535,33.83178909952606,34.5855444296618,34.68339567017734,35.0161836237141,35.1849656587032,35.466991171672575,35.4895877085107,35.4895877085107,35.4895877085107,35.4895877085107,35.4895877085107,35.50699595865392,35.471837660288905,35.47734424549151,35.47734424549151,35.47734424549151,35.47734424549151,35.47734424549151,35.47734424549151,35.47734424549151,35.47775903421809,,,,,,,,,,,,,,,,,,,,,,,,,,,,,,,,,,,,,,,,,,,33.52237668374122,33.52237668374122,33.52237668374122,33.4823736395499,33.28218487394958,33.28218487394958,33.24133168078221,34.01713071034137,34.40536084409734,34.62687800059725,34.68339567017734,34.68339567017734,34.68339567017734,34.68339567017734,34.700026153433484,35.136547483812336,35.151093729447354,35.19230426173689,35.38941033749978,35.38941033749978,35.38941033749978,35.395405936963506,35.48368485251718,35.48368485251718,35.48368485251718,35.48368485251718,35.48368485251718,35.48368485251718,35.48368485251718,35.54749205109228,35.47068833652007,35.46982793398192,,,,,,,35.136547483812336,,,,34.5855444296618,34.14301291406993,35.2232434618793,34.3298474829315,#000000,0.7573988976027062,33.635919049506235,-0.1398457930708446,26.199672205517064,-14.048271267595538,False,True,False,True,False,0.0,33.7358,34.82065,0.0,0.0,0.0,0.0,0,0.844501442770119,1.1086886822699582,False,False,False,False,-0.05943158341236279,-0.02881618223094389,False,False,False,False,-2884.0,-2509.671250858619,False,False,False,False,68.47707486669509,False,False,False,False
2025-03-28 17:00:00+00:00,33.53,33.53,33.45,33.45,10.0,,,,,,,,,,,,,,,,,,,,,,,,,,,,,,,,,,,,,,34.396484423676014,33.831407000932494,34.58476850232082,34.68258152296137,35.01526871496207,35.18401486057773,35.466036671142646,35.488636062783655,35.488636062783655,35.488636062783655,35.488636062783655,35.488636062783655,35.50604963877883,35.47116343381093,35.476703598151275,35.476703598151275,35.476703598151275,35.476703598151275,35.476703598151275,35.476703598151275,35.476703598151275,35.477119298806464,,,,,,,,,,,,,,,,,,,,,,,,,,,,,,,,,,,,,,,,,,,33.52224697313658,33.52224697313658,33.52224697313658,33.48235789183222,33.28260302443919,33.28260302443919,33.241816807531094,34.01662246881074,34.404663940167104,34.62608589858367,34.68258152296137,34.68258152296137,34.68258152296137,34.68258152296137,34.69920631729438,35.135605226309416,35.150150337108194,35.191352346076314,35.38845065475891,35.38845065475891,35.38845065475891,35.39444699885051,35.48273149027804,35.48273149027804,35.48273149027804,35.48273149027804,35.48273149027804,35.48273149027804,35.48273149027804,35.54664098032768,35.470019672937404,35.469161792720826,,,,,,,35.135605226309416,,,,34.58476850232082,34.14217682746028,35.22205883359944,34.32935178016823,#000000,0.7534360449789882,33.589593973085854,-0.18527647305451722,21.6606997081859,-18.28301114055568,False,True,False,True,False,0.0,33.747600000000006,34.7999,0.0,0.0,0.0,0.0,0,0.8439602691445054,1.118231336110221,False,False,False,False,-0.07995719876628671,-0.0543866904986153,False,False,False,False,-2894.0,-2515.6298361166246,False,False,False,False,67.57045355093237,False,False,False,False
2025-03-28 18:00:00+00:00,33.45,33.64,33.45,33.64,148.0,,,,,,,,,,,,,,,,,,,,,,,,,,,,,,,,,,,,,,34.296867816091954,33.82741403657417,34.574435441050866,34.671647962591855,35.00272596956309,35.17088278590487,35.4527211111111,35.47535101721439,35.47535101721439,35.47535101721439,35.47535101721439,35.47535101721439,35.49283162832322,35.46173554135843,35.46774144543241,35.46774144543241,35.46774144543241,35.46774144543241,35.46774144543241,35.46774144543241,35.46774144543241,35.4681697318739,,,,,,,,,,,,,,,,,,,,,,,,,,,,,,,,,,,,,,,,,,,33.52444035947712,33.52444035947712,33.52444035947712,33.486058236125835,33.2916718760853,33.2916718760853,33.251730346069216,34.01058337970692,34.395569120775825,34.61549798895631,34.671647962591855,34.671647962591855,34.671647962591855,34.671647962591855,34.688182039371824,35.122616996922616,35.13713834720903,35.178200979582854,35.37509620333017,35.37509620333017,35.37509620333017,35.38110019678854,35.469424999999994,35.469424999999994,35.469424999999994,35.469424999999994,35.469424999999994,35.469424999999994,35.469424999999994,35.53473100490196,35.46066946956298,35.45984690766792,,,,,,,35.122616996922616,,,,34.574435441050866,34.13319845089236,35.206723302561805,34.323951326117495,#000000,0.7523341935193736,33.55432574201086,0.11387792649482185,24.83720341677382,-18.28301114055568,False,True,False,True,False,0.0,33.7632,34.7808,0.0,0.0,0.0,0.0,0,0.8452986022871668,1.1092757306226173,False,False,False,False,-0.0705423174976857,-0.062464503998150504,False,False,False,False,-2746.0,-2519.2014665644288,False,False,False,False,68.81742326332102,False,False,False,False
2025-03-28 19:00:00+00:00,33.64,33.64,33.64,33.64,0.0,,,,,,,,,,,,,,,,,,,,,,,,,,,,,,,,,,,,,,34.296867816091954,33.82741403657417,34.574435441050866,34.671647962591855,35.00272596956309,35.17088278590487,35.4527211111111,35.47535101721439,35.47535101721439,35.47535101721439,35.47535101721439,35.47535101721439,35.49283162832322,35.46173554135843,35.46774144543241,35.46774144543241,35.46774144543241,35.46774144543241,35.46774144543241,35.46774144543241,35.46774144543241,35.4681697318739,,,,,,,,,,,,,,,,,,,,,,,,,,,,,,,,,,,,,,,,,,,33.52444035947712,33.52444035947712,33.52444035947712,33.486058236125835,33.2916718760853,33.2916718760853,33.251730346069216,34.01058337970692,34.395569120775825,34.61549798895631,34.671647962591855,34.671647962591855,34.671647962591855,34.671647962591855,34.688182039371824,35.122616996922616,35.13713834720903,35.178200979582854,35.37509620333017,35.37509620333017,35.37509620333017,35.38110019678854,35.469424999999994,35.469424999999994,35.469424999999994,35.469424999999994,35.469424999999994,35.469424999999994,35.469424999999994,35.53473100490196,35.46066946956298,35.45984690766792,,,,,,,35.122616996922616,,,,34.574435441050866,34.13319845089236,35.206723302561805,34.323951326117495,#000000,0.7510975932555659,33.55432574201086,0.1140654140799371,26.954872555832438,-18.28301114055568,False,True,False,True,True,0.0,33.778800000000004,34.7617,0.0,0.0,0.0,0.0,0,0.8538754764930117,1.1092757306226173,False,False,False,False,-0.05430865654044024,-0.05838658026929537,False,False,False,False,-2746.0,-2522.717722896763,False,False,False,False,67.75048646854084,False,False,False,False
2025-03-31 14:00:00+00:00,33.64,33.71,33.64,33.71,100.0,,,,,,,,,,,,,,,,,,,,,,,,,,,,,,,,,,,,,,34.250570308548305,33.825939006497585,34.56832932113627,34.66511192214113,34.99501844802343,35.16273446792936,35.44435118483411,35.46699267912772,35.46699267912772,35.46699267912772,35.46699267912772,35.46699267912772,35.484509438019316,35.45578691912421,35.462083108301286,35.462083108301286,35.462083108301286,35.462083108301286,35.462083108301286,35.462083108301286,35.462083108301286,35.462519189292045,,,,,,,,,,,,,,,,,,,,,,,,,,,,,,,,,,,,,,,,,,,33.52874116295511,33.52874116295511,33.52874116295511,33.49123923898071,33.299734639722395,33.299734639722395,33.260260181734985,34.007606751209956,34.390346618535446,34.60920892861174,34.66511192214113,34.66511192214113,34.66511192214113,34.66511192214113,34.68158009228741,35.11457876175548,35.1290788279528,35.170037582325364,35.36672894263012,35.36672894263012,35.36672894263012,35.37273551529512,35.4610552425665,35.4610552425665,35.4610552425665,35.4610552425665,35.4610552425665,35.4610552425665,35.4610552425665,35.52721243558448,35.45476969636502,35.453969416730196,,,,,,,35.11457876175548,,,,34.56832932113627,34.129567563729076,35.197990653085,34.32167676627644,#000000,0.7501037465779924,33.56012671604036,0.19980340671989924,30.437608923406394,-18.28301114055568,False,True,False,True,True,0.0,33.7958,34.7427,0.0,0.0,0.0,0.0,0,0.8545224541429478,1.1043643263757115,False,False,False,False,-0.04833548683758958,-0.053361033553442475,False,False,False,False,-2646.0,-2524.6290760301467,False,False,False,False,68.25047892639293,False,False,False,False
2025-03-31 15:00:00+00:00,33.71,33.71,33.71,33.71,0.0,,,,,,,,,,,,,,,,,,,,,,,,,,,,,,,,,,,,,,34.250570308548305,33.825939006497585,34.56832932113627,34.66511192214113,34.99501844802343,35.16273446792936,35.44435118483411,35.46699267912772,35.46699267912772,35.46699267912772,35.46699267912772,35.46699267912772,35.484509438019316,35.45578691912421,35.462083108301286,35.462083108301286,35.462083108301286,35.462083108301286,35.462083108301286,35.462083108301286,35.462083108301286,35.462519189292045,,,,,,,,,,,,,,,,,,,,,,,,,,,,,,,,,,,,,,,,,,,33.52874116295511,33.52874116295511,33.52874116295511,33.49123923898071,33.299734639722395,33.299734639722395,33.260260181734985,34.007606751209956,34.390346618535446,34.60920892861174,34.66511192214113,34.66511192214113,34.66511192214113,34.66511192214113,34.68158009228741,35.11457876175548,35.1290788279528,35.170037582325364,35.36672894263012,35.36672894263012,35.36672894263012,35.37273551529512,35.4610552425665,35.4610552425665,35.4610552425665,35.4610552425665,35.4610552425665,35.4610552425665,35.4610552425665,35.52721243558448,35.45476969636502,35.453969416730196,,,,,,,35.11457876175548,,,,34.56832932113627,34.129567563729076,35.197990653085,34.32167676627644,#000000,0.7489488008575876,33.56012671604036,0.20011152135904306,32.7594331684557,-26.90019215993453,False,True,False,True,True,0.0,33.811800000000005,34.72545,0.0,0.0,0.0,0.0,0,0.8792489478795731,1.1068306895435414,False,False,False,False,-0.04236576160483061,-0.047863397579136546,False,False,False,False,-2646.0,-2526.5107957816176,False,False,False,False,67.1923319662938,False,False,False,False
2025-03-31 16:00:00+00:00,33.71,33.71,33.71,33.71,0.0,,,,,,,,,,,,,,,,,,,,,,,,,,,,,,,,,,,,,,34.250570308548305,33.825939006497585,34.56832932113627,34.66511192214113,34.99501844802343,35.16273446792936,35.44435118483411,35.46699267912772,35.46699267912772,35.46699267912772,35.46699267912772,35.46699267912772,35.484509438019316,35.45578691912421,35.462083108301286,35.462083108301286,35.462083108301286,35.462083108301286,35.462083108301286,35.462083108301286,35.462083108301286,35.462519189292045,,,,,,,,,,,,,,,,,,,,,,,,,,,,,,,,,,,,,,,,,,,33.52874116295511,33.52874116295511,33.52874116295511,33.49123923898071,33.299734639722395,33.299734639722395,33.260260181734985,34.007606751209956,34.390346618535446,34.60920892861174,34.66511192214113,34.66511192214113,34.66511192214113,34.66511192214113,34.68158009228741,35.11457876175548,35.1290788279528,35.170037582325364,35.36672894263012,35.36672894263012,35.36672894263012,35.37273551529512,35.4610552425665,35.4610552425665,35.4610552425665,35.4610552425665,35.4610552425665,35.4610552425665,35.4610552425665,35.52721243558448,35.45476969636502,35.453969416730196,,,,,,,35.11457876175548,,,,34.56832932113627,34.129567563729076,35.197990653085,34.32167676627644,#000000,0.7476320094948687,33.56012671604036,0.20046397432996943,34.30731599848857,-24.961149589079135,False,True,False,True,True,0.0,33.827799999999996,34.708200000000005,0.0,0.0,0.0,0.0,0,0.8681506849315072,1.1698630136986299,False,False,False,False,-0.04236576160483061,-0.045114579591983575,False,False,False,False,-2646.0,-2528.3633415834533,False,False,False,False,66.15059038542103,False,False,False,False
2025-03-31 17:00:00+00:00,33.71,33.98,33.71,33.98,100.0,,,,,,,,,,,,,,,,,,,,,,,,,,,,,,,,,,,,,,34.225142219087914,33.82660340178386,34.56369560762349,34.66000241705121,34.9885845705968,35.155785330785335,35.43701933962263,35.459657829457356,35.459657829457356,35.459657829457356,35.459657829457356,35.459657829457356,35.47719618095368,35.45055716989534,35.45710453811317,35.45710453811317,35.45710453811317,35.45710453811317,35.45710453811317,35.45710453811317,35.45710453811317,35.45754726824332,,,,,,,,,,,,,,,,,,,,,,,,,,,,,,,,,,,,,,,,,,,33.53807119490358,33.53807119490358,33.53807119490358,33.50127853306478,33.311542308461696,33.311542308461696,33.27237289222287,34.006535846536764,34.38668750914145,34.60437195955792,34.66000241705121,34.66000241705121,34.66000241705121,34.66000241705121,34.67639620170269,35.10776191271432,35.12223195373082,35.163069874621236,35.35944688265364,35.35944688265364,35.35944688265364,35.36545185112409,35.453713862928346,35.453713862928346,35.453713862928346,35.453713862928346,35.453713862928346,35.453713862928346,35.453713862928346,35.52057867368989,35.449583015678336,35.44880251522459,,,,,,,35.10776191271432,,,,34.56369560762349,34.12944895141044,35.1912751306683,34.32184541592195,"rgba(38, 166, 154, 0.5)",0.742806657030917,33.574401883015604,0.5460345746033229,42.256019207046464,-17.1862358437479,False,True,False,True,True,1.9421871458874769,33.849199999999996,34.69165,0.0,0.0,0.0,0.0,0,0.8332212508406189,1.14862138533961,False,False,False,False,-0.01936413009561463,-0.032239354843799105,False,False,False,False,-2546.0,-2528.6367781480512,False,False,False,False,66.67538743370908,False,False,False,False
2025-03-31 18:00:00+00:00,33.98,33.98,33.95,33.95,100.0,,,,,,,,,,,,,,,,,,,,,,,,,,,,,,,,,,,,,,34.20767566974089,33.827972695545064,34.559599701472294,34.655418249290555,34.982630390738066,35.14929179111232,35.43008497652581,35.4527149691358,35.4527149691358,35.4527149691358,35.4527149691358,35.4527149691358,35.47026929339968,35.44559526187305,35.45237838179119,35.45237838179119,35.45237838179119,35.45237838179119,35.45237838179119,35.45237838179119,35.45237838179119,35.45282731341401,,,,,,,,,,,,,,,,,,,,,,,,,,,,,,,,,,,,,,,,,,,33.54869377307821,33.54869377307821,33.54869377307821,33.512543795022914,33.324259658756624,33.324259658756624,33.2853494370007,34.00611592372015,34.38358973428199,34.60006725009465,34.655418249290555,34.655418249290555,34.655418249290555,34.655418249290555,34.67173519843852,35.10140804915854,35.11584501108241,35.156556584195044,35.35257977983871,35.35257977983871,35.35257977983871,35.35858157761808,35.446766356589144,35.446766356589144,35.446766356589144,35.446766356589144,35.446766356589144,35.446766356589144,35.446766356589144,35.51428093892924,35.444661865274696,35.44390013939653,,,,,,,35.10140804915854,,,,34.559599701472294,34.1304485839628,35.185319158306186,34.32273220882912,"rgba(38, 166, 154, 0.5)",0.7297951088494778,33.58481738352893,0.5003906055862508,46.78388964811736,-12.844687501217386,False,True,False,False,True,1.4250253585685293,33.8652,34.6735,0.0,0.0,0.0,0.0,0,0.8496644295302017,1.1483221476510068,False,False,False,False,0.0010638216504755716,-0.015587766596661766,False,False,False,False,-2646.0,-2530.4563629829654,False,False,False,False,67.19204809365158,False,False,False,False
2025-03-31 19:00:00+00:00,33.95,33.95,33.95,33.95,0.0,,,,,,,,,,,,,,,,,,,,,,,,,,,,,,,,,,,,,,34.20767566974089,33.827972695545064,34.559599701472294,34.655418249290555,34.982630390738066,35.14929179111232,35.43008497652581,35.4527149691358,35.4527149691358,35.4527149691358,35.4527149691358,35.4527149691358,35.47026929339968,35.44559526187305,35.45237838179119,35.45237838179119,35.45237838179119,35.45237838179119,35.45237838179119,35.45237838179119,35.45237838179119,35.45282731341401,,,,,,,,,,,,,,,,,,,,,,,,,,,,,,,,,,,,,,,,,,,33.54869377307821,33.54869377307821,33.54869377307821,33.512543795022914,33.324259658756624,33.324259658756624,33.2853494370007,34.00611592372015,34.38358973428199,34.60006725009465,34.655418249290555,34.655418249290555,34.655418249290555,34.655418249290555,34.67173519843852,35.10140804915854,35.11584501108241,35.156556584195044,35.35257977983871,35.35257977983871,35.35257977983871,35.35858157761808,35.446766356589144,35.446766356589144,35.446766356589144,35.446766356589144,35.446766356589144,35.446766356589144,35.446766356589144,35.51428093892924,35.444661865274696,35.44390013939653,,,,,,,35.10140804915854,,,,34.559599701472294,34.1304485839628,35.185319158306186,34.32273220882912,"rgba(38, 166, 154, 0.5)",0.7136317469605696,33.58481738352893,0.5117241743047785,49.80246994216462,-9.862068293667306,False,True,False,False,True,1.4250253585685293,33.8812,34.65535,0.0,0.0,0.0,0.0,0,0.8779472954230237,1.1553398058252424,False,False,False,False,-0.0014893712756080286,-0.008538568936134897,False,False,False,False,-2646.0,-2532.247737200284,False,False,False,False,66.15031091390505,False,False,False,False
2025-04-01 14:00:00+00:00,33.95,33.95,33.36,33.36,100.0,,,,,,,,,,,,,,,,,,,,,,,,,,,,,,,,,,,,,,34.16744025545941,33.8252160807424,34.55284093717008,34.648269572760796,34.97442340527578,35.14068998109641,35.42133068535824,35.44397741935483,35.44397741935483,35.44397741935483,35.44397741935483,35.44397741935483,35.46157228559741,35.43932808007077,35.44641270940197,35.44641270940197,35.44641270940197,35.44641270940197,35.44641270940197,35.44641270940197,35.44641270940197,35.44686978970298,,,,,,,,,,,,,,,,,,,,,,,,,,,,,,,,,,,,,,,,,,33.556666666666665,33.548889571054346,33.548889571054346,33.548889571054346,33.51360139022051,33.32872988395204,33.32872988395204,33.29037476075817,34.00209652417577,34.37762949882275,34.59314309730795,34.648269572760796,34.648269572760796,34.648269572760796,34.648269572760796,34.66452725705667,35.092903637231146,35.10732351387294,35.14794159352395,35.34381024464084,35.34381024464084,35.34381024464084,35.34981612102932,35.438015895061724,35.438015895061724,35.438015895061724,35.438015895061724,35.438015895061724,35.438015895061724,35.438015895061724,35.50641271436226,35.4384450152019,35.437706193179956,,,,,,,35.092903637231146,,,,34.55284093717008,34.05445064066257,35.17647373183588,34.229361247819384,#000000,0.6942493385980797,33.5493270956723,-0.27270763563795625,42.553409274103444,-9.862068293667306,False,True,False,True,False,0.0,33.8854,34.63425,0.0,0.0,0.0,0.0,0,0.8434377081945369,1.117255163224517,False,False,False,False,-0.05174827737668832,-0.03014342315641161,False,False,False,False,-2746.0,-2535.5617257708222,False,False,False,False,66.67511229508482,False,False,False,False
2025-04-01 15:00:00+00:00,33.36,33.36,33.36,33.36,0.0,,,,,,,,,,,,,,,,,,,,,,,,,,,,,,,,,,,,,,34.16744025545941,33.8252160807424,34.55284093717008,34.648269572760796,34.97442340527578,35.14068998109641,35.42133068535824,35.44397741935483,35.44397741935483,35.44397741935483,35.44397741935483,35.44397741935483,35.46157228559741,35.43932808007077,35.44641270940197,35.44641270940197,35.44641270940197,35.44641270940197,35.44641270940197,35.44641270940197,35.44641270940197,35.44686978970298,,,,,,,,,,,,,,,,,,,,,,,,,,,,,,,,,,,,,,,,,,33.556666666666665,33.548889571054346,33.548889571054346,33.548889571054346,33.51360139022051,33.32872988395204,33.32872988395204,33.29037476075817,34.00209652417577,34.37762949882275,34.59314309730795,34.648269572760796,34.648269572760796,34.648269572760796,34.648269572760796,34.66452725705667,35.092903637231146,35.10732351387294,35.14794159352395,35.34381024464084,35.34381024464084,35.34381024464084,35.34981612102932,35.438015895061724,35.438015895061724,35.438015895061724,35.438015895061724,35.438015895061724,35.438015895061724,35.438015895061724,35.50641271436226,35.4384450152019,35.437706193179956,,,,,,,35.092903637231146,,,,34.55284093717008,34.05445064066257,35.17647373183588,34.229361247819384,#000000,0.6738513215861,33.5493270956723,-0.28096271329803474,37.72070216206266,-1.939927007964954,False,True,False,True,False,0.0,33.882600000000004,34.614200000000004,0.0,0.0,0.0,0.0,0,0.8424932975871313,1.1635388739946377,False,False,False,False,-0.10226996626470694,-0.06620669471055927,False,False,False,False,-2746.0,-2538.8243346736,False,False,False,False,65.64138962384318,False,False,False,False
2025-04-01 16:00:00+00:00,33.36,33.36,33.36,33.36,0.0,,,,,,,,,,,,,,,,,,,,,,,,,,,,,,,,,,,,,,34.16744025545941,33.8252160807424,34.55284093717008,34.648269572760796,34.97442340527578,35.14068998109641,35.42133068535824,35.44397741935483,35.44397741935483,35.44397741935483,35.44397741935483,35.44397741935483,35.46157228559741,35.43932808007077,35.44641270940197,35.44641270940197,35.44641270940197,35.44641270940197,35.44641270940197,35.44641270940197,35.44641270940197,35.44686978970298,,,,,,,,,,,,,,,,,,,,,,,,,,,,,,,,,,,,,,,,,,33.556666666666665,33.548889571054346,33.548889571054346,33.548889571054346,33.51360139022051,33.32872988395204,33.32872988395204,33.29037476075817,34.00209652417577,34.37762949882275,34.59314309730795,34.648269572760796,34.648269572760796,34.648269572760796,34.648269572760796,34.66452725705667,35.092903637231146,35.10732351387294,35.14794159352395,35.34381024464084,35.34381024464084,35.34381024464084,35.34981612102932,35.438015895061724,35.438015895061724,35.438015895061724,35.438015895061724,35.438015895061724,35.438015895061724,35.438015895061724,35.50641271436226,35.4384450152019,35.437706193179956,,,,,,,35.092903637231146,,,,34.55284093717008,34.05445064066257,35.17647373183588,34.229361247819384,#000000,0.6648187587468585,33.5493270956723,-0.28478001437439415,34.498897420702136,-5.052490613086292,False,True,False,True,False,0.0,33.8798,34.593650000000004,0.0,0.0,0.0,0.0,0,0.8303198887343536,1.1832406119610568,False,False,False,False,-0.08991545432429303,-0.07806107451742615,False,False,False,False,-2746.0,-2542.0363604926138,False,False,False,False,64.62369366068282,False,False,False,False
2025-04-01 17:00:00+00:00,33.36,33.36,33.36,33.36,0.0,,,,,,,,,,,,,,,,,,,,,,,,,,,,,,,,,,,,,,34.16744025545941,33.8252160807424,34.55284093717008,34.648269572760796,34.97442340527578,35.14068998109641,35.42133068535824,35.44397741935483,35.44397741935483,35.44397741935483,35.44397741935483,35.44397741935483,35.46157228559741,35.43932808007077,35.44641270940197,35.44641270940197,35.44641270940197,35.44641270940197,35.44641270940197,35.44641270940197,35.44641270940197,35.44686978970298,,,,,,,,,,,,,,,,,,,,,,,,,,,,,,,,,,,,,,,,,,33.556666666666665,33.548889571054346,33.548889571054346,33.548889571054346,33.51360139022051,33.32872988395204,33.32872988395204,33.29037476075817,34.00209652417577,34.37762949882275,34.59314309730795,34.648269572760796,34.648269572760796,34.648269572760796,34.648269572760796,34.66452725705667,35.092903637231146,35.10732351387294,35.14794159352395,35.34381024464084,35.34381024464084,35.34381024464084,35.34981612102932,35.438015895061724,35.438015895061724,35.438015895061724,35.438015895061724,35.438015895061724,35.438015895061724,35.438015895061724,35.50641271436226,35.4384450152019,35.437706193179956,,,,,,,35.092903637231146,,,,34.55284093717008,34.05445064066257,35.17647373183588,34.229361247819384,#000000,0.6552796665860882,33.5493270956723,-0.28892563790154496,32.35102759312845,-7.3336036093579935,False,True,False,True,False,0.0,33.877,34.5754,0.0,0.0,0.0,0.0,0,0.8469241773962805,1.1816881258941343,False,False,False,False,-0.0810502582915861,-0.07955566640450612,False,False,False,False,-2746.0,-2545.1985874617203,False,False,False,False,63.62177592950944,False,False,False,False
2025-04-01 18:00:00+00:00,33.36,33.36,33.36,33.36,0.0,,,,,,,,,,,,,,,,,,,,,,,,,,,,,,,,,,,,,,34.16744025545941,33.8252160807424,34.55284093717008,34.648269572760796,34.97442340527578,35.14068998109641,35.42133068535824,35.44397741935483,35.44397741935483,35.44397741935483,35.44397741935483,35.44397741935483,35.46157228559741,35.43932808007077,35.44641270940197,35.44641270940197,35.44641270940197,35.44641270940197,35.44641270940197,35.44641270940197,35.44641270940197,35.44686978970298,,,,,,,,,,,,,,,,,,,,,,,,,,,,,,,,,,,,,,,,,,33.556666666666665,33.548889571054346,33.548889571054346,33.548889571054346,33.51360139022051,33.32872988395204,33.32872988395204,33.29037476075817,34.00209652417577,34.37762949882275,34.59314309730795,34.648269572760796,34.648269572760796,34.648269572760796,34.648269572760796,34.66452725705667,35.092903637231146,35.10732351387294,35.14794159352395,35.34381024464084,35.34381024464084,35.34381024464084,35.34981612102932,35.438015895061724,35.438015895061724,35.438015895061724,35.438015895061724,35.438015895061724,35.438015895061724,35.438015895061724,35.50641271436226,35.4384450152019,35.437706193179956,,,,,,,35.092903637231146,,,,34.55284093717008,34.05445064066257,35.17647373183588,34.229361247819384,#000000,0.6454119572756069,33.5493270956723,-0.29334302461869305,30.91911437474599,-9.120215885769476,False,True,False,True,False,0.0,33.8748,34.55715,0.0,0.0,0.0,0.0,0,0.8433908045977012,1.160919540229885,False,False,False,False,-0.07891340662937155,-0.07923453651693883,False,False,False,False,-2746.0,-2548.311787656112,False,False,False,False,62.635391806571306,False,False,False,False
2025-04-01 19:00:00+00:00,33.36,33.75,33.36,33.73,155.0,,,,,,,,,,,,,,,,,,,,,,,,,,,,,,,,,,,,,,34.11899887196841,33.821930912607115,34.543128807078396,34.63793687600645,34.962388667046966,35.12800973040528,35.40832954457588,35.43099412796461,35.43099412796461,35.43099412796461,35.43099412796461,35.43099412796461,35.44864345458374,35.42998564119491,35.437514823165884,35.437514823165884,35.437514823165884,35.437514823165884,35.437514823165884,35.437514823165884,35.437514823165884,35.437983876851234,,,,,,,,,,,,,,,,,,,,,,,,,,,,,,,,,,,,,,,,33.61333333333333,33.61333333333333,33.59111111111111,33.55125266146203,33.55125266146203,33.55125266146203,33.51717394653724,33.33696924417881,33.33696924417881,33.29938782859201,33.9967813354503,34.36918514030462,34.58316736731477,34.63793687600645,34.63793687600645,34.63793687600645,34.63793687600645,34.654099413333334,35.08038475535418,35.09477373726425,35.13523923955997,35.33081112080384,35.33081112080384,35.33081112080384,35.33682100553623,35.4250153987589,35.4250153987589,35.4250153987589,35.4250153987589,35.4250153987589,35.4250153987589,35.4250153987589,35.49469203115637,35.42917715022058,35.428472331069315,,,,,,,35.08038475535418,,,,34.543128807078396,33.94734879822001,35.16397060421427,34.064608763934906,#000000,0.6313243979882558,33.62057273115527,0.17332970053655652,38.59592947399051,-9.120215885769476,False,True,False,True,True,0.0,33.88,34.54075,0.0,0.0,0.0,0.0,0,0.8476589797344516,1.1250873515024458,False,False,False,False,-0.04180243420638765,-0.06051848536166324,False,False,False,False,-2591.0,-2548.9736204056294,False,False,False,False,64.06740123592678,False,False,False,False
2025-04-02 14:00:00+00:00,33.73,34.5,33.73,34.5,200.0,,,,,,,,,,,,,,,,,,,,,,,,,,,,,,,,,,,,,34.243333333333325,34.13160246663287,33.83019613611847,34.539182572067936,34.63291807101219,34.95427749576988,35.118633192015544,35.39761939783956,35.420224136628114,35.420224136628114,35.420224136628114,35.420224136628114,35.420224136628114,35.43786154098458,35.422203038749515,35.43008184986928,35.43008184986928,35.43008184986928,35.43008184986928,35.43008184986928,35.43008184986928,35.43008184986928,35.430559767579155,,,,,,,,,,,,,,,,,,,,,,,,,,,,,,,,,,,,,,,,33.96826291079812,33.96826291079812,33.87780219780219,33.582519012122575,33.582519012122575,33.582519012122575,33.54925520948383,33.36960749009723,33.36960749009723,33.33219789132198,34.00105544480079,34.36741619228338,34.578760805670825,34.63291807101219,34.63291807101219,34.63291807101219,34.63291807101219,34.64890805687204,35.07134483503428,35.085643988133526,35.125814047694526,35.32037166810661,35.32037166810661,35.32037166810661,35.32636301326191,35.41425081606315,35.41425081606315,35.41425081606315,35.41425081606315,35.41425081606315,35.41425081606315,35.41425081606315,35.484774387424864,35.42145781799245,35.42078261527814,,,,,,,35.07134483503428,,,,34.539182572067936,33.98864271503554,35.09796785885055,34.1233677371805,"rgba(38, 166, 154, 1.0)",0.6254139169920272,33.823436828969186,1.081784643176463,50.733471889440835,-10.270121019139744,False,False,True,False,True,9.382442170275368,33.9006,34.5282,0.0,0.0,0.0,0.0,0,0.8805573988055738,1.0690112806901126,False,False,False,False,0.10519765520900086,0.02233958492366881,False,False,False,False,-2391.0,-2546.524416988488,False,False,False,False,66.17488338730776,False,False,False,False
2025-04-02 15:00:00+00:00,34.5,34.5,34.5,34.5,0.0,,,,,,,,,,,,,,,,,,,,,,,,,,,,,,,,,,,,,34.243333333333325,34.13160246663287,33.83019613611847,34.539182572067936,34.63291807101219,34.95427749576988,35.118633192015544,35.39761939783956,35.420224136628114,35.420224136628114,35.420224136628114,35.420224136628114,35.420224136628114,35.43786154098458,35.422203038749515,35.43008184986928,35.43008184986928,35.43008184986928,35.43008184986928,35.43008184986928,35.43008184986928,35.43008184986928,35.430559767579155,,,,,,,,,,,,,,,,,,,,,,,,,,,,,,,,,,,,,,,,33.96826291079812,33.96826291079812,33.87780219780219,33.582519012122575,33.582519012122575,33.582519012122575,33.54925520948383,33.36960749009723,33.36960749009723,33.33219789132198,34.00105544480079,34.36741619228338,34.578760805670825,34.63291807101219,34.63291807101219,34.63291807101219,34.63291807101219,34.64890805687204,35.07134483503428,35.085643988133526,35.125814047694526,35.32037166810661,35.32037166810661,35.32037166810661,35.32636301326191,35.41425081606315,35.41425081606315,35.41425081606315,35.41425081606315,35.41425081606315,35.41425081606315,35.41425081606315,35.484774387424864,35.42145781799245,35.42078261527814,,,,,,,35.07134483503428,,,,34.539182572067936,33.98864271503554,35.09796785885055,34.1233677371805,"rgba(38, 166, 154, 1.0)",0.6174502569596739,33.823436828969186,1.0957371276549668,58.82516683307439,-3.123884394895633,False,False,True,False,True,9.382442170275368,33.9212,34.51565,0.0,0.0,0.0,0.0,0,0.9743233865371272,1.0714781401804303,False,False,False,False,0.23074447604746623,0.12654203048556753,False,False,False,False,-2391.0,-2544.113185717349,False,False,False,False,65.14891620300841,False,False,False,False
2025-04-02 16:00:00+00:00,34.5,34.5,34.5,34.5,0.0,,,,,,,,,,,,,,,,,,,,,,,,,,,,,,,,,,,,,34.243333333333325,34.13160246663287,33.83019613611847,34.539182572067936,34.63291807101219,34.95427749576988,35.118633192015544,35.39761939783956,35.420224136628114,35.420224136628114,35.420224136628114,35.420224136628114,35.420224136628114,35.43786154098458,35.422203038749515,35.43008184986928,35.43008184986928,35.43008184986928,35.43008184986928,35.43008184986928,35.43008184986928,35.43008184986928,35.430559767579155,,,,,,,,,,,,,,,,,,,,,,,,,,,,,,,,,,,,,,,,33.96826291079812,33.96826291079812,33.87780219780219,33.582519012122575,33.582519012122575,33.582519012122575,33.54925520948383,33.36960749009723,33.36960749009723,33.33219789132198,34.00105544480079,34.36741619228338,34.578760805670825,34.63291807101219,34.63291807101219,34.63291807101219,34.63291807101219,34.64890805687204,35.07134483503428,35.085643988133526,35.125814047694526,35.32037166810661,35.32037166810661,35.32037166810661,35.32636301326191,35.41425081606315,35.41425081606315,35.41425081606315,35.41425081606315,35.41425081606315,35.41425081606315,35.41425081606315,35.484774387424864,35.42145781799245,35.42078261527814,,,,,,,35.07134483503428,,,,34.539182572067936,33.98864271503554,35.09796785885055,34.1233677371805,"rgba(38, 166, 154, 1.0)",0.6100948825924684,33.823436828969186,1.1089474610177077,64.21963012883009,1.6040012959940526,True,False,True,False,True,9.382442170275358,33.946,34.5008,0.0,0.0,0.0,0.0,0,0.9680777238029146,1.0319222761970854,False,False,False,False,0.23074447604746623,0.17864325326651687,False,False,False,False,-2391.0,-2541.73933787677,False,False,False,False,64.1388554866827,False,False,False,False
2025-04-02 17:00:00+00:00,34.5,34.5,34.5,34.5,0.0,,,,,,,,,,,,,,,,,,,,,,,,,,,,,,,,,,,,,34.243333333333325,34.13160246663287,33.83019613611847,34.539182572067936,34.63291807101219,34.95427749576988,35.118633192015544,35.39761939783956,35.420224136628114,35.420224136628114,35.420224136628114,35.420224136628114,35.420224136628114,35.43786154098458,35.422203038749515,35.43008184986928,35.43008184986928,35.43008184986928,35.43008184986928,35.43008184986928,35.43008184986928,35.43008184986928,35.430559767579155,,,,,,,,,,,,,,,,,,,,,,,,,,,,,,,,,,,,,,,,33.96826291079812,33.96826291079812,33.87780219780219,33.582519012122575,33.582519012122575,33.582519012122575,33.54925520948383,33.36960749009723,33.36960749009723,33.33219789132198,34.00105544480079,34.36741619228338,34.578760805670825,34.63291807101219,34.63291807101219,34.63291807101219,34.63291807101219,34.64890805687204,35.07134483503428,35.085643988133526,35.125814047694526,35.32037166810661,35.32037166810661,35.32037166810661,35.32636301326191,35.41425081606315,35.41425081606315,35.41425081606315,35.41425081606315,35.41425081606315,35.41425081606315,35.41425081606315,35.484774387424864,35.42145781799245,35.42078261527814,,,,,,,35.07134483503428,,,,34.539182572067936,33.98864271503554,35.09796785885055,34.1233677371805,"rgba(38, 166, 154, 1.0)",0.6013610688553854,33.823436828969186,1.1250531603560012,67.81593899266723,4.9186947596466695,True,False,True,False,True,9.382442170275358,33.970699999999994,34.48575,0.0,0.0,0.0,0.0,0,0.9680777238029146,1.0319222761970854,False,False,False,False,0.23074447604746623,0.20469386465699155,False,False,False,False,-2391.0,-2539.4022938786807,False,False,False,False,63.14445462642405,False,False,False,False
2025-04-02 18:00:00+00:00,34.5,34.5,34.5,34.5,0.0,,,,,,,,,,,,,,,,,,,,,,,,,,,,,,,,,,,,,34.243333333333325,34.13160246663287,33.83019613611847,34.539182572067936,34.63291807101219,34.95427749576988,35.118633192015544,35.39761939783956,35.420224136628114,35.420224136628114,35.420224136628114,35.420224136628114,35.420224136628114,35.43786154098458,35.422203038749515,35.43008184986928,35.43008184986928,35.43008184986928,35.43008184986928,35.43008184986928,35.43008184986928,35.43008184986928,35.430559767579155,,,,,,,,,,,,,,,,,,,,,,,,,,,,,,,,,,,,,,,,33.96826291079812,33.96826291079812,33.87780219780219,33.582519012122575,33.582519012122575,33.582519012122575,33.54925520948383,33.36960749009723,33.36960749009723,33.33219789132198,34.00105544480079,34.36741619228338,34.578760805670825,34.63291807101219,34.63291807101219,34.63291807101219,34.63291807101219,34.64890805687204,35.07134483503428,35.085643988133526,35.125814047694526,35.32037166810661,35.32037166810661,35.32037166810661,35.32636301326191,35.41425081606315,35.41425081606315,35.41425081606315,35.41425081606315,35.41425081606315,35.41425081606315,35.41425081606315,35.484774387424864,35.42145781799245,35.42078261527814,,,,,,,35.07134483503428,,,,34.539182572067936,33.98864271503554,35.09796785885055,34.1233677371805,"rgba(38, 166, 154, 1.0)",0.5951326750403323,33.823436828969186,1.1368274662199709,70.21347823522532,7.412135991151686,True,False,True,False,True,9.382442170275358,33.9952,34.4707,0.0,0.0,0.0,0.0,0,0.9680777238029146,1.0319222761970854,False,False,False,False,0.2891111430472138,0.24690250385210266,False,False,False,False,-2391.0,-2537.1014831208718,False,False,False,False,62.165470833766314,False,False,False,False
2025-04-02 19:00:00+00:00,34.5,34.5,34.5,34.5,0.0,,,,,,,,,,,,,,,,,,,,,,,,,,,,,,,,,,,,,34.243333333333325,34.13160246663287,33.83019613611847,34.539182572067936,34.63291807101219,34.95427749576988,35.118633192015544,35.39761939783956,35.420224136628114,35.420224136628114,35.420224136628114,35.420224136628114,35.420224136628114,35.43786154098458,35.422203038749515,35.43008184986928,35.43008184986928,35.43008184986928,35.43008184986928,35.43008184986928,35.43008184986928,35.43008184986928,35.430559767579155,,,,,,,,,,,,,,,,,,,,,,,,,,,,,,,,,,,,,,,,33.96826291079812,33.96826291079812,33.87780219780219,33.582519012122575,33.582519012122575,33.582519012122575,33.54925520948383,33.36960749009723,33.36960749009723,33.33219789132198,34.00105544480079,34.36741619228338,34.578760805670825,34.63291807101219,34.63291807101219,34.63291807101219,34.63291807101219,34.64890805687204,35.07134483503428,35.085643988133526,35.125814047694526,35.32037166810661,35.32037166810661,35.32037166810661,35.32636301326191,35.41425081606315,35.41425081606315,35.41425081606315,35.41425081606315,35.41425081606315,35.41425081606315,35.41425081606315,35.484774387424864,35.42145781799245,35.42078261527814,,,,,,,35.07134483503428,,,,34.539182572067936,33.98864271503554,35.09796785885055,34.1233677371805,"rgba(38, 166, 154, 1.0)",0.5862104824459344,33.823436828969186,1.1541301141663105,71.81183773026405,9.42409049937551,True,False,True,False,True,9.382442170275358,34.0197,34.456649999999996,0.0,0.0,0.0,0.0,0,1.0064935064935068,1.0331890331890332,False,False,False,False,0.2891111430472138,0.2680068234496582,False,False,False,False,-2391.0,-2534.83634384768,False,False,False,False,61.2016650844056,False,True,False,False
2025-04-03 14:00:00+00:00,34.5,34.5,32.7,32.7,19.0,,,,,,,,,,,,,,,,,,,,,,,,,,,,,,,33.300000000000004,33.300000000000004,33.300000000000004,33.300000000000004,33.300000000000004,33.300000000000004,34.16149162861491,34.123670515394906,33.82921006264683,34.537634917504775,34.631309493563684,34.95250662009127,35.11680387174192,35.395789014420856,35.418399172480434,35.418399172480434,35.418399172480434,35.418399172480434,35.418399172480434,35.43604631243389,35.42088161718118,35.42882305371527,35.42882305371527,35.42882305371527,35.42882305371527,35.42882305371527,35.42882305371527,35.42882305371527,35.429302683063156,,,,,,,,,,,,,,,,,,,,,,,,,,,,,,,,,,,,,,,,33.93431372549019,33.93431372549019,33.85464135021097,33.58131166591693,33.58131166591693,33.58131166591693,33.548213447719604,33.36937017764221,33.36937017764221,33.33209192216641,33.99990279220031,34.365992770915234,34.57718750674524,34.631309493563684,34.631309493563684,34.631309493563684,34.631309493563684,34.64729045695531,35.06952934512891,35.0838268794744,35.12398293305181,35.31853082689939,35.31853082689939,35.31853082689939,35.324523593394154,35.41242271168956,35.41242271168956,35.41242271168956,35.41242271168956,35.41242271168956,35.41242271168956,35.41242271168956,35.48313065916949,35.4201467000618,35.41947616422959,,,,,,,35.06952934512891,,,,34.537634917504775,33.60002622614847,34.45382291494077,34.117760862489334,"rgba(255, 0, 0, 1.0)",0.5814534057539168,33.69753991112636,-1.7155973311961983,55.76884384277892,19.00067976474196,False,False,True,False,False,0.0,34.0082,34.4336,0.0,0.0,0.0,0.0,0,0.8908045977011498,0.9942528735632181,False,False,False,False,0.05953802261624135,0.16377242303294978,False,False,False,False,-2410.0,-2532.9008966562433,False,False,False,False,60.547375703252015,False,False,False,False
2025-04-03 15:00:00+00:00,32.7,32.7,32.175,32.175,40.0,,,,,,,,,,,,,,,,,,,,,,,,,,,,,,,32.65593220338983,32.65593220338983,32.65593220338983,32.65593220338983,32.65593220338983,32.65593220338983,33.881724581724576,34.08875574146981,33.82344091263651,34.5318979872812,34.62552817198851,34.94665467423688,35.1109571732967,35.39020399743283,35.41284902475052,35.41284902475052,35.41284902475052,35.41284902475052,35.41284902475052,35.43053969457702,35.41686134930505,35.424997359510414,35.424997359510414,35.424997359510414,35.424997359510414,35.424997359510414,35.424997359510414,35.424997359510414,35.425482445257735,,,,,,,,,,,,,,,,,,,,,,,,,,,,,,,,,,,,,,,,33.78123993558776,33.78123993558776,33.737548638132296,33.57033251597563,33.57033251597563,33.57033251597563,33.537762392789645,33.36210582576163,33.36210582576163,33.32533402144619,33.994211509716,34.360348894176944,34.57143361536309,34.62552817198851,34.62552817198851,34.62552817198851,34.62552817198851,34.64150528834046,35.06367396921088,35.077982559278844,35.118138354841534,35.312847524689275,35.312847524689275,35.312847524689275,35.318849999205234,35.4068582114412,35.4068582114412,35.4068582114412,35.4068582114412,35.4068582114412,35.4068582114412,35.4068582114412,35.47817591787247,35.416157294610656,35.41550054506794,,,,,,,35.06367396921088,,,,34.5318979872812,33.366103004443985,34.24147706393677,34.09048013235171,"rgba(255, 26, 202, 1.0)",0.592198705086453,33.37703398036429,-2.029781507524253,43.62604714648535,8.083106063486909,False,True,False,True,False,0.0,33.9862,34.408175,0.0,0.0,0.0,0.0,0,0.8586784698071452,1.1315207081884286,False,False,False,False,-0.23111575635145018,-0.0336716666592502,False,False,False,False,-2450.0,-2531.6156114367664,False,False,False,False,60.22881173886051,False,False,False,False
2025-04-03 16:00:00+00:00,32.175,32.175,32.175,32.175,0.0,,,,,,,,,,,,,,,,,,,,,,,,,,,,,,,32.65593220338983,32.65593220338983,32.65593220338983,32.65593220338983,32.65593220338983,32.65593220338983,33.881724581724576,34.08875574146981,33.82344091263651,34.5318979872812,34.62552817198851,34.94665467423688,35.1109571732967,35.39020399743283,35.41284902475052,35.41284902475052,35.41284902475052,35.41284902475052,35.41284902475052,35.43053969457702,35.41686134930505,35.424997359510414,35.424997359510414,35.424997359510414,35.424997359510414,35.424997359510414,35.424997359510414,35.424997359510414,35.425482445257735,,,,,,,,,,,,,,,,,,,,,,,,,,,,,,,,,,,,,,,,33.78123993558776,33.78123993558776,33.737548638132296,33.57033251597563,33.57033251597563,33.57033251597563,33.537762392789645,33.36210582576163,33.36210582576163,33.32533402144619,33.994211509716,34.360348894176944,34.57143361536309,34.62552817198851,34.62552817198851,34.62552817198851,34.62552817198851,34.64150528834046,35.06367396921088,35.077982559278844,35.118138354841534,35.312847524689275,35.312847524689275,35.312847524689275,35.318849999205234,35.4068582114412,35.4068582114412,35.4068582114412,35.4068582114412,35.4068582114412,35.4068582114412,35.4068582114412,35.47817591787247,35.416157294610656,35.41550054506794,,,,,,,35.06367396921088,,,,34.5318979872812,33.366103004443985,34.24147706393677,34.09048013235171,"rgba(255, 0, 0, 1.0)",0.6103745932981716,33.37703398036429,-1.9693381630927265,35.5308493489563,1.0032884058553577,False,True,False,True,False,0.0,33.952799999999996,34.38275,0.0,0.0,0.0,0.0,0,0.8626444159178434,1.1524390243902438,False,False,False,False,-0.3005247077895903,-0.16709818722442024,False,False,False,False,-2450.0,-2530.3502531199174,False,False,False,False,59.29503171190143,False,False,False,False
2025-04-03 17:00:00+00:00,32.175,32.175,32.175,32.175,0.0,,,,,,,,,,,,,,,,,,,,,,,,,,,,,,,32.65593220338983,32.65593220338983,32.65593220338983,32.65593220338983,32.65593220338983,32.65593220338983,33.881724581724576,34.08875574146981,33.82344091263651,34.5318979872812,34.62552817198851,34.94665467423688,35.1109571732967,35.39020399743283,35.41284902475052,35.41284902475052,35.41284902475052,35.41284902475052,35.41284902475052,35.43053969457702,35.41686134930505,35.424997359510414,35.424997359510414,35.424997359510414,35.424997359510414,35.424997359510414,35.424997359510414,35.424997359510414,35.425482445257735,,,,,,,,,,,,,,,,,,,,,,,,,,,,,,,,,,,,,,,,33.78123993558776,33.78123993558776,33.737548638132296,33.57033251597563,33.57033251597563,33.57033251597563,33.537762392789645,33.36210582576163,33.36210582576163,33.32533402144619,33.994211509716,34.360348894176944,34.57143361536309,34.62552817198851,34.62552817198851,34.62552817198851,34.62552817198851,34.64150528834046,35.06367396921088,35.077982559278844,35.118138354841534,35.312847524689275,35.312847524689275,35.312847524689275,35.318849999205234,35.4068582114412,35.4068582114412,35.4068582114412,35.4068582114412,35.4068582114412,35.4068582114412,35.4068582114412,35.47817591787247,35.416157294610656,35.41550054506794,,,,,,,35.06367396921088,,,,34.5318979872812,33.366103004443985,34.24147706393677,34.09048013235171,"rgba(255, 0, 0, 1.0)",0.6278939343492304,33.37703398036429,-1.9143901773953562,30.134050817270264,-3.822884545403639,False,True,False,True,False,0.0,33.919399999999996,34.357324999999996,0.0,0.0,0.0,0.0,0,0.8626444159178434,1.1373555840821565,False,False,False,False,-0.3005247077895903,-0.23381144750700528,False,False,False,False,-2450.0,-2529.104512761469,False,False,False,False,58.37572889466264,False,False,False,False
2025-04-03 18:00:00+00:00,32.175,32.175,31.945,31.945,160.0,,,,,,,,,,,,,,,,,,,,,,,,,,,,,,,32.192541856925416,32.192541856925416,32.192541856925416,32.192541856925416,32.192541856925416,32.192541856925416,33.1714399363564,33.9378733272506,33.79576388888889,34.50583965916219,34.599398101689246,34.9205809051572,35.08506338729111,35.365676557143274,35.38848927000089,35.38848927000089,35.38848927000089,35.38848927000089,35.38848927000089,35.406381494441234,35.399174589220976,35.40816533234417,35.40816533234417,35.40816533234417,35.40816533234417,35.40816533234417,35.40816533234417,35.40816533234417,35.40867451597637,,,,,,,,,,,,,,,,,,,,,,,,,,,,,,,,,,,,,,,,33.29076655052265,33.29076655052265,33.330217606330365,33.516999210790644,33.516999210790644,33.516999210790644,33.48665086388537,33.32495525145794,33.32495525145794,33.29041241140689,33.9673650334581,34.3344498661868,34.545354045472955,34.599398101689246,34.599398101689246,34.599398101689246,34.599398101689246,34.61537875010388,35.037698882840566,35.05206922438308,35.09226029424566,35.2878349878877,35.2878349878877,35.2878349878877,35.29388434054232,35.38243182706472,35.38243182706472,35.38243182706472,35.38243182706472,35.38243182706472,35.38243182706472,35.38243182706472,35.45644882271286,35.39860506953645,35.39800824662564,,,,,,,35.037698882840566,,,,34.50583965916219,33.095870772273116,34.044285737446856,33.99198151635791,"rgba(255, 0, 0, 1.0)",0.652775515681796,32.94814101443249,-1.5367319857037665,25.874521821468043,-7.932982855645378,False,True,False,True,False,0.0,33.8814,34.33075,0.0,0.0,0.0,0.0,0,0.8500948766603418,1.135357368753953,False,False,False,False,-0.331803150801054,-0.28280729915402963,False,False,False,False,-2610.0,-2530.358706362066,False,False,False,False,59.951298989319035,False,False,False,False
2025-04-03 19:00:00+00:00,31.945,31.945,31.945,31.945,0.0,,,,,,,,,,,,,,,,,,,,,,,,,,,,,,,32.192541856925416,32.192541856925416,32.192541856925416,32.192541856925416,32.192541856925416,32.192541856925416,33.1714399363564,33.9378733272506,33.79576388888889,34.50583965916219,34.599398101689246,34.9205809051572,35.08506338729111,35.365676557143274,35.38848927000089,35.38848927000089,35.38848927000089,35.38848927000089,35.38848927000089,35.406381494441234,35.399174589220976,35.40816533234417,35.40816533234417,35.40816533234417,35.40816533234417,35.40816533234417,35.40816533234417,35.40816533234417,35.40867451597637,,,,,,,,,,,,,,,,,,,,,,,,,,,,,,,,,,,,,,,,33.29076655052265,33.29076655052265,33.330217606330365,33.516999210790644,33.516999210790644,33.516999210790644,33.48665086388537,33.32495525145794,33.32495525145794,33.29041241140689,33.9673650334581,34.3344498661868,34.545354045472955,34.599398101689246,34.599398101689246,34.599398101689246,34.599398101689246,34.61537875010388,35.037698882840566,35.05206922438308,35.09226029424566,35.2878349878877,35.2878349878877,35.2878349878877,35.29388434054232,35.38243182706472,35.38243182706472,35.38243182706472,35.38243182706472,35.38243182706472,35.38243182706472,35.38243182706472,35.45644882271286,35.39860506953645,35.39800824662564,,,,,,,35.037698882840566,,,,34.50583965916219,33.095870772273116,34.044285737446856,33.99198151635791,"rgba(239, 83, 80, 1.0)",0.6765199570241895,32.94814101443249,-1.4827958939230796,23.034835824266562,-11.040764427283463,False,True,False,True,False,0.0,33.8434,34.304175,0.0,0.0,0.0,0.0,0,0.8500948766603418,1.1499051233396582,False,False,False,False,-0.34282825441539394,-0.3128177767847118,False,False,False,False,-2610.0,-2531.5934551006385,False,False,False,False,59.02182148560866,False,False,False,False
2025-04-04 14:00:00+00:00,31.35,31.35,29.05,29.05,525.0,,,,,,,,,,,,,,,,,,,,,,,,,,,,,,,30.516017025089603,30.516017025089603,30.516017025089603,30.516017025089603,30.516017025089603,30.516017025089603,31.305702683615817,33.14154152864678,33.604828321603755,34.35137762998286,34.4469338352865,34.77553624914294,34.94404634444784,35.23619390491428,35.26018509583753,35.26018509583753,35.26018509583753,35.26018509583753,35.26018509583753,35.27935351917582,35.30535543177864,35.31887415338442,35.31887415338442,35.31887415338442,35.31887415338442,35.31887415338442,35.31887415338442,35.31887415338442,35.31951351980643,,,,,,,,,,,,,,,,,,,,,,,,,,,,,,,,,,,,,,,,31.63116469517743,31.63116469517743,31.79175701973867,33.14131276993489,33.14131276993489,33.14131276993489,33.121114589262,33.03250502805124,33.03250502805124,33.00975428336925,33.789926987487455,34.176042320621576,34.39180624278411,34.4469338352865,34.4469338352865,34.4469338352865,34.4469338352865,34.46332830386062,34.89540319091868,34.91036029765586,34.95145263514658,35.15471962183704,35.15471962183704,35.15471962183704,35.16110177318063,35.25370251259232,35.25370251259232,35.25370251259232,35.25370251259232,35.25370251259232,35.25370251259232,35.25370251259232,35.3424765515737,35.305478157705174,35.30518626457172,,,,,,,34.89540319091868,,,,34.35137762998286,32.08060026602617,33.324127082327095,33.55442531665531,"rgba(255, 26, 202, 1.0)",0.8572728969351423,31.404867108110977,-2.746928214492632,17.55206285491647,-16.78381725727597,False,True,False,True,False,0.0,33.7459,34.263125,0.0,0.0,0.0,0.0,0,0.7503341352579526,1.1267040898155571,False,False,False,False,-0.34282825441539394,-0.3278230156000529,False,False,False,False,-3135.0,-2540.948595331636,False,False,False,False,66.24628936955271,False,False,False,False
2025-04-04 15:00:00+00:00,29.05,29.75,29.05,29.75,45.0,,,,,,,,,,,,,,,,,,,,,,,,,,,,,,,30.459019856358257,30.459019856358257,30.459019856358257,30.459019856358257,30.459019856358257,30.459019856358257,31.224300640377486,33.08248310403089,33.58808271132958,34.337765542555644,34.43349905131,34.76275752830426,34.931622920799626,35.224777176484494,35.24887103834704,35.24887103834704,35.24887103834704,35.24887103834704,35.24887103834704,35.26815030025488,35.29702877935472,35.31094306572298,35.31094306572298,35.31094306572298,35.31094306572298,35.31094306572298,35.31094306572298,35.31094306572298,35.3115938270856,,,,,,,,,,,,,,,,,,,,,,,,,,,,,,,,,,,,,,,,31.547989510489504,31.547989510489504,31.709458735262594,33.110041858384456,33.110041858384456,33.110041858384456,33.09060289691497,33.0075621419938,33.0075621419938,32.98573029700953,33.77432608578074,34.16208094730769,34.37827504677317,34.43349905131,34.43349905131,34.43349905131,34.43349905131,34.44992997873279,34.8828672916235,34.89787553795243,34.9390475948939,35.142986172131515,35.142986172131515,35.142986172131515,35.149397262798935,35.24235153593621,35.24235153593621,35.24235153593621,35.24235153593621,35.24235153593621,35.24235153593621,35.24235153593621,35.332402718003884,35.2972118385005,35.296946509347414,,,,,,,34.8828672916235,,,,34.337765542555644,32.032516624448775,33.292595665266575,33.52531859513588,"rgba(255, 0, 0, 1.0)",0.9632869451718342,31.334342329724546,-1.6447252167856647,18.393560460521396,-16.78381725727597,False,True,False,True,False,0.0,33.6624,34.225575,0.0,0.0,0.0,0.0,0,0.7618924508790073,1.2052740434332987,False,False,False,False,-0.34282825441539394,-0.3353256350077234,False,False,False,False,-3090.0,-2549.4610202102153,False,False,False,False,65.91688953436585,False,False,False,False
2025-04-04 16:00:00+00:00,29.75,29.75,29.75,29.75,0.0,,,,,,,,,,,,,,,,,,,,,,,,,,,,,,,30.459019856358257,30.459019856358257,30.459019856358257,30.459019856358257,30.459019856358257,30.459019856358257,31.224300640377486,33.08248310403089,33.58808271132958,34.337765542555644,34.43349905131,34.76275752830426,34.931622920799626,35.224777176484494,35.24887103834704,35.24887103834704,35.24887103834704,35.24887103834704,35.24887103834704,35.26815030025488,35.29702877935472,35.31094306572298,35.31094306572298,35.31094306572298,35.31094306572298,35.31094306572298,35.31094306572298,35.31094306572298,35.3115938270856,,,,,,,,,,,,,,,,,,,,,,,,,,,,,,,,,,,,,,,,31.547989510489504,31.547989510489504,31.709458735262594,33.110041858384456,33.110041858384456,33.110041858384456,33.09060289691497,33.0075621419938,33.0075621419938,32.98573029700953,33.77432608578074,34.16208094730769,34.37827504677317,34.43349905131,34.43349905131,34.43349905131,34.43349905131,34.44992997873279,34.8828672916235,34.89787553795243,34.9390475948939,35.142986172131515,35.142986172131515,35.142986172131515,35.149397262798935,35.24235153593621,35.24235153593621,35.24235153593621,35.24235153593621,35.24235153593621,35.24235153593621,35.24235153593621,35.332402718003884,35.2972118385005,35.296946509347414,,,,,,,34.8828672916235,,,,34.337765542555644,32.032516624448775,33.292595665266575,33.52531859513588,"rgba(239, 83, 80, 1.0)",1.057508652233772,31.334342329724546,-1.498183798664857,18.95455886425801,-17.086176836293802,False,True,False,True,False,0.0,33.570299999999996,34.186150000000005,0.0,0.0,0.0,0.0,0,0.7980868665977249,1.201913133402275,False,False,False,False,-0.29463419605585,-0.3149799155317867,False,False,False,False,-3090.0,-2557.8414695092815,False,False,False,False,64.89492225476327,False,False,False,False
2025-04-04 17:00:00+00:00,29.75,29.75,29.22,29.22,100.0,,,,,,,,,,,,,,,,,,,,,,,,,,,,,,,30.3395200599925,30.3395200599925,30.3395200599925,30.3395200599925,30.3395200599925,30.3395200599925,31.056473829201103,32.95369846261355,33.550274520416146,34.30704304752431,34.40318225592873,34.73393701774173,34.90361059095433,35.19903918624505,35.223364568805195,35.223364568805195,35.223364568805195,35.223364568805195,35.223364568805195,35.24289334824564,35.27822823731837,35.29303241371651,35.29303241371651,35.29303241371651,35.29303241371651,35.29303241371651,35.29303241371651,35.29303241371651,35.29370882720528,,,,,,,,,,,,,,,,,,,,,,,,,,,,,,,,,,,,,,,,31.375053590568054,31.375053590568054,31.537375992063488,33.04018905191873,33.04018905191873,33.04018905191873,33.02239875677006,32.951518443789126,32.951518443789126,32.93170254403131,33.73909624979882,34.13055948758656,34.34773738735978,34.40318225592873,34.40318225592873,34.40318225592873,34.40318225592873,34.41969626261417,34.854599563753766,34.869723402077675,34.91107696189754,35.116533474504735,35.116533474504735,35.116533474504735,35.12300980077365,35.216761950621596,35.216761950621596,35.216761950621596,35.216761950621596,35.216761950621596,35.216761950621596,35.216761950621596,35.309681327514916,35.27854690580879,35.27834126909049,,,,,,,34.854599563753766,,,,34.30704304752431,31.930092596965995,33.22520477314258,33.46196649471206,"rgba(255, 0, 0, 1.0)",1.1672772006095191,31.186383793558264,-1.6845902520253757,18.5150427356165,-18.677463247310797,False,True,False,True,False,0.0,33.4618,34.1446,0.0,0.0,0.0,0.0,0,0.7767991947659788,1.196527428283845,False,False,False,False,-0.33099004904642704,-0.3229849822891069,False,False,False,False,-3190.0,-2567.64237695875,False,False,False,False,65.43918702600725,False,False,False,False
2025-04-04 18:00:00+00:00,29.22,29.22,29.22,29.22,0.0,,,,,,,,,,,,,,,,,,,,,,,,,,,,,,,30.3395200599925,30.3395200599925,30.3395200599925,30.3395200599925,30.3395200599925,30.3395200599925,31.056473829201103,32.95369846261355,33.550274520416146,34.30704304752431,34.40318225592873,34.73393701774173,34.90361059095433,35.19903918624505,35.223364568805195,35.223364568805195,35.223364568805195,35.223364568805195,35.223364568805195,35.24289334824564,35.27822823731837,35.29303241371651,35.29303241371651,35.29303241371651,35.29303241371651,35.29303241371651,35.29303241371651,35.29303241371651,35.29370882720528,,,,,,,,,,,,,,,,,,,,,,,,,,,,,,,,,,,,,,,,31.375053590568054,31.375053590568054,31.537375992063488,33.04018905191873,33.04018905191873,33.04018905191873,33.02239875677006,32.951518443789126,32.951518443789126,32.93170254403131,33.73909624979882,34.13055948758656,34.34773738735978,34.40318225592873,34.40318225592873,34.40318225592873,34.40318225592873,34.41969626261417,34.854599563753766,34.869723402077675,34.91107696189754,35.116533474504735,35.116533474504735,35.116533474504735,35.12300980077365,35.216761950621596,35.216761950621596,35.216761950621596,35.216761950621596,35.216761950621596,35.216761950621596,35.216761950621596,35.309681327514916,35.27854690580879,35.27834126909049,,,,,,,34.854599563753766,,,,34.30704304752431,31.930092596965995,33.22520477314258,33.46196649471206,"rgba(255, 0, 0, 1.0)",1.2656385241741022,31.186383793558264,-1.553669358193278,18.222031983188828,-20.190605665898918,False,True,False,True,False,0.0,33.3533,34.103049999999996,0.0,0.0,0.0,0.0,0,0.7767991947659788,1.2232008052340213,False,False,False,False,-0.34282825441539394,-0.33290661835225044,False,False,False,False,-3190.0,-2577.2913323547386,False,False,False,False,64.42462598684435,False,False,False,False
2025-04-04 19:00:00+00:00,29.22,29.22,29.22,29.22,0.0,,,,,,,,,,,,,,,,,,,,,,,,,,,,,,,30.3395200599925,30.3395200599925,30.3395200599925,30.3395200599925,30.3395200599925,30.3395200599925,31.056473829201103,32.95369846261355,33.550274520416146,34.30704304752431,34.40318225592873,34.73393701774173,34.90361059095433,35.19903918624505,35.223364568805195,35.223364568805195,35.223364568805195,35.223364568805195,35.223364568805195,35.24289334824564,35.27822823731837,35.29303241371651,35.29303241371651,35.29303241371651,35.29303241371651,35.29303241371651,35.29303241371651,35.29303241371651,35.29370882720528,,,,,,,,,,,,,,,,,,,,,,,,,,,,,,,,,,,,,,,,31.375053590568054,31.375053590568054,31.537375992063488,33.04018905191873,33.04018905191873,33.04018905191873,33.02239875677006,32.951518443789126,32.951518443789126,32.93170254403131,33.73909624979882,34.13055948758656,34.34773738735978,34.40318225592873,34.40318225592873,34.40318225592873,34.40318225592873,34.41969626261417,34.854599563753766,34.869723402077675,34.91107696189754,35.116533474504735,35.116533474504735,35.116533474504735,35.12300980077365,35.216761950621596,35.216761950621596,35.216761950621596,35.216761950621596,35.216761950621596,35.216761950621596,35.216761950621596,35.309681327514916,35.27854690580879,35.27834126909049,,,,,,,34.854599563753766,,,,34.30704304752431,31.930092596965995,33.22520477314258,33.46196649471206,"rgba(239, 83, 80, 1.0)",1.355938234395363,31.186383793558264,-1.4502015974460005,18.026691481570378,-21.6107908777347,False,True,False,True,False,0.0,33.2448,34.0615,0.0,0.0,0.0,0.0,0,0.7767991947659788,1.2232008052340213,False,False,False,False,-0.34282825441539394,-0.3378674363838222,False,False,False,False,-3190.0,-2586.790691543037,False,False,False,False,63.4257945761956,False,False,False,False
2025-04-07 14:00:00+00:00,28.05,28.47,28.05,28.47,470.0,,,,,,,,,,,,,,,,,,,,,,,,,,,,,,,29.644542555800836,29.644542555800836,29.644542555800836,29.644542555800836,29.644542555800836,29.644542555800836,30.234509300833867,32.30149609843937,33.337958059305414,34.13733301113595,34.23610220088972,34.57626241989278,34.7508795129105,35.059364166017694,35.08499088864211,35.08499088864211,35.08499088864211,35.08499088864211,35.08499088864211,35.1059004792624,35.17570838827149,35.1953158560011,35.1953158560011,35.1953158560011,35.1953158560011,35.1953158560011,35.1953158560011,35.1953158560011,35.19613136763858,,,,,,,,,,,,,,,,,,,,,,,,,,,,,,,,,,,,,,,28.33,30.540062232594316,30.540062232594316,30.70635795663359,32.65757777393709,32.65757777393709,32.65757777393709,32.647708404122774,32.63731134577367,32.63731134577367,32.62763953324898,33.54195952233251,33.955664506885654,34.17921348984091,34.23610220088972,34.23610220088972,34.23610220088972,34.23610220088972,34.25313683271259,34.70033043230371,34.71612438159011,34.75859452797633,34.97280929422188,34.97280929422188,34.97280929422188,34.97965231317257,35.07792785450801,35.07792785450801,35.07792785450801,35.07792785450801,35.07792785450801,35.07792785450801,35.07792785450801,35.18632830713693,35.17675414809504,35.176867808056016,,,,,,,34.70033043230371,,,,34.13733301113595,31.119020258296814,32.85160075133516,32.81069499800934,"rgba(239, 83, 80, 1.0)",1.4699133485522071,30.17532822424201,-1.1601556145616847,16.73988618170059,-23.9673169677844,False,True,False,True,False,0.0,33.1213,34.016,0.0,0.0,0.0,0.0,0,0.7692490494296578,1.2107889733840305,False,False,False,False,-0.34282825441539394,-0.34034784539960805,False,False,False,False,-3660.0,-2603.4295955501216,False,False,False,False,69.72927062927783,False,False,False,False
2025-04-07 15:00:00+00:00,28.47,28.47,28.47,28.47,0.0,,,,,,,,,,,,,,,,,,,,,,,,,,,,,,,29.644542555800836,29.644542555800836,29.644542555800836,29.644542555800836,29.644542555800836,29.644542555800836,30.234509300833867,32.30149609843937,33.337958059305414,34.13733301113595,34.23610220088972,34.57626241989278,34.7508795129105,35.059364166017694,35.08499088864211,35.08499088864211,35.08499088864211,35.08499088864211,35.08499088864211,35.1059004792624,35.17570838827149,35.1953158560011,35.1953158560011,35.1953158560011,35.1953158560011,35.1953158560011,35.1953158560011,35.1953158560011,35.19613136763858,,,,,,,,,,,,,,,,,,,,,,,,,,,,,,,,,,,,,,,28.33,30.540062232594316,30.540062232594316,30.70635795663359,32.65757777393709,32.65757777393709,32.65757777393709,32.647708404122774,32.63731134577367,32.63731134577367,32.62763953324898,33.54195952233251,33.955664506885654,34.17921348984091,34.23610220088972,34.23610220088972,34.23610220088972,34.23610220088972,34.25313683271259,34.70033043230371,34.71612438159011,34.75859452797633,34.97280929422188,34.97280929422188,34.97280929422188,34.97965231317257,35.07792785450801,35.07792785450801,35.07792785450801,35.07792785450801,35.07792785450801,35.07792785450801,35.07792785450801,35.18632830713693,35.17675414809504,35.176867808056016,,,,,,,34.70033043230371,,,,34.13733301113595,31.119020258296814,32.85160075133516,32.81069499800934,"rgba(239, 83, 80, 1.0)",1.573159004122582,30.17532822424201,-1.084015169333213,15.8820159817874,-25.79573332744201,False,True,False,True,False,0.0,32.9983,33.97135,0.0,0.0,0.0,0.0,0,0.7892110266159695,1.2107889733840305,False,False,False,False,-0.318853523362528,-0.32960068438106804,False,False,False,False,-3660.0,-2619.8105320532204,False,False,False,False,68.64819666603321,False,False,False,False
2025-04-07 16:00:00+00:00,28.47,28.47,28.47,28.47,0.0,,,,,,,,,,,,,,,,,,,,,,,,,,,,,,,29.644542555800836,29.644542555800836,29.644542555800836,29.644542555800836,29.644542555800836,29.644542555800836,30.234509300833867,32.30149609843937,33.337958059305414,34.13733301113595,34.23610220088972,34.57626241989278,34.7508795129105,35.059364166017694,35.08499088864211,35.08499088864211,35.08499088864211,35.08499088864211,35.08499088864211,35.1059004792624,35.17570838827149,35.1953158560011,35.1953158560011,35.1953158560011,35.1953158560011,35.1953158560011,35.1953158560011,35.1953158560011,35.19613136763858,,,,,,,,,,,,,,,,,,,,,,,,,,,,,,,,,,,,,,,28.33,30.540062232594316,30.540062232594316,30.70635795663359,32.65757777393709,32.65757777393709,32.65757777393709,32.647708404122774,32.63731134577367,32.63731134577367,32.62763953324898,33.54195952233251,33.955664506885654,34.17921348984091,34.23610220088972,34.23610220088972,34.23610220088972,34.23610220088972,34.25313683271259,34.70033043230371,34.71612438159011,34.75859452797633,34.97280929422188,34.97280929422188,34.97280929422188,34.97965231317257,35.07792785450801,35.07792785450801,35.07792785450801,35.07792785450801,35.07792785450801,35.07792785450801,35.07792785450801,35.18632830713693,35.17675414809504,35.176867808056016,,,,,,,34.70033043230371,,,,34.13733301113595,31.119020258296814,32.85160075133516,32.81069499800934,"rgba(239, 83, 80, 1.0)",1.6673089528170344,30.17532822424201,-1.022802775310922,15.310102515178606,-27.264495017257182,False,True,False,True,False,0.0,32.875499999999995,33.926700000000004,0.0,0.0,0.0,0.0,0,0.7892110266159695,1.2107889733840305,False,False,False,False,-0.318853523362528,-0.324227103871798,False,False,False,False,-3660.0,-2635.937500548519,False,False,False,False,67.58388353942804,False,False,False,False
2025-04-07 17:00:00+00:00,28.47,28.47,28.47,28.47,0.0,,,,,,,,,,,,,,,,,,,,,,,,,,,,,,,29.644542555800836,29.644542555800836,29.644542555800836,29.644542555800836,29.644542555800836,29.644542555800836,30.234509300833867,32.30149609843937,33.337958059305414,34.13733301113595,34.23610220088972,34.57626241989278,34.7508795129105,35.059364166017694,35.08499088864211,35.08499088864211,35.08499088864211,35.08499088864211,35.08499088864211,35.1059004792624,35.17570838827149,35.1953158560011,35.1953158560011,35.1953158560011,35.1953158560011,35.1953158560011,35.1953158560011,35.1953158560011,35.19613136763858,,,,,,,,,,,,,,,,,,,,,,,,,,,,,,,,,,,,,,,28.33,30.540062232594316,30.540062232594316,30.70635795663359,32.65757777393709,32.65757777393709,32.65757777393709,32.647708404122774,32.63731134577367,32.63731134577367,32.62763953324898,33.54195952233251,33.955664506885654,34.17921348984091,34.23610220088972,34.23610220088972,34.23610220088972,34.23610220088972,34.25313683271259,34.70033043230371,34.71612438159011,34.75859452797633,34.97280929422188,34.97280929422188,34.97280929422188,34.97965231317257,35.07792785450801,35.07792785450801,35.07792785450801,35.07792785450801,35.07792785450801,35.07792785450801,35.07792785450801,35.18632830713693,35.17675414809504,35.176867808056016,,,,,,,34.70033043230371,,,,34.13733301113595,31.119020258296814,32.85160075133516,32.81069499800934,"rgba(239, 83, 80, 0.5)",1.7538219962682293,30.17532822424201,-0.9723496614083958,14.928826870772744,-28.478642058777105,False,True,False,True,False,0.0,32.7527,33.88205,0.0,0.0,0.0,0.0,0,0.7892110266159695,1.2107889733840305,False,False,False,False,-0.318853523362528,-0.32154031361716295,False,False,False,False,-3660.0,-2651.8144385245105,False,False,False,False,66.53607139152993,False,False,False,False
2025-04-07 18:00:00+00:00,28.47,28.97,28.47,28.97,171.0,,,,,,,,,,,,,,,,,,,,,,,,,,,,,,,29.550525054466235,29.550525054466235,29.550525054466235,29.550525054466235,29.550525054466235,29.550525054466235,30.093046242774566,32.130732229517555,33.27183536568034,34.082793789364594,34.182262532599246,34.525007442021455,34.70102508169934,35.01342122969005,35.03944654088049,35.03944654088049,35.03944654088049,35.03944654088049,35.03944654088049,35.060784145456566,35.141682591725214,35.162845146852035,35.162845146852035,35.162845146852035,35.162845146852035,35.162845146852035,35.162845146852035,35.162845146852035,35.16370564272931,,,,,,,,,,,,,,,,,,,,,,,,,,,,,,,,,,,,,,,28.45627145085803,30.382512820512815,30.382512820512815,30.542419815281274,32.546938895417156,32.546938895417156,32.546938895417156,32.53917478399647,32.544763316393755,32.544763316393755,32.537859692476665,33.47994796051122,33.89975685851473,34.124991742361686,34.182262532599246,34.182262532599246,34.182262532599246,34.182262532599246,34.19943954672044,34.650034332551904,34.66602591418094,34.70881208447398,34.92563614141774,34.92563614141774,34.92563614141774,34.93259097525471,35.03224100489673,35.03224100489673,35.03224100489673,35.03224100489673,35.03224100489673,35.03224100489673,35.03224100489673,35.14554773024471,35.142964386846074,35.14318188374442,,,,,,,34.650034332551904,,,,34.082793789364594,31.018492943372344,32.778064554500176,32.7327157636867,"rgba(239, 83, 80, 0.5)",1.8176996971966692,30.056839426432028,-0.5979202329780859,19.642077913878197,-28.478642058777105,False,True,False,True,True,0.0,32.6399,33.8399,0.0,0.0,0.0,0.0,0,0.8215658021133524,1.1890009606147935,False,False,False,False,-0.29076507513948896,-0.30615269437832593,False,False,False,False,-3489.0,-2664.7940596326575,False,False,False,False,68.1556671839093,False,False,False,False
2025-04-07 19:00:00+00:00,28.97,28.97,28.8,28.86,436.0,,,,,,,,,,,,,,,,,,,,,,,,,,,,,,,29.401083418107838,29.401083418107838,29.401083418107838,29.401083418107838,29.401083418107838,29.401083418107838,29.848197907048323,31.770546246932383,33.114284304859005,33.9505168997669,34.05150453149435,34.39997309098293,34.57914850899084,34.9006256060031,34.927587250045086,34.927587250045086,34.927587250045086,34.927587250045086,34.927587250045086,34.9499357972921,35.05753401517718,35.082465833773234,35.082465833773234,35.082465833773234,35.082465833773234,35.082465833773234,35.082465833773234,35.082465833773234,35.08343538610208,,,,,,,,,,,,,,,,,,,,,,,,,,,,,,,,,,,,,,,28.62645930052615,30.09963952319402,30.09963952319402,30.242432878975627,32.29662782209708,32.29662782209708,32.29662782209708,32.2932401560655,32.33209175531915,32.33209175531915,32.33108765112262,33.33131205411144,33.76452577956161,33.99340636381062,34.05150453149435,34.05150453149435,34.05150453149435,34.05150453149435,34.068995559552576,34.527154747376116,34.54360081805541,34.58709968728061,34.80996286549706,34.80996286549706,34.80996286549706,34.81717953201036,34.920045427309326,34.920045427309326,34.920045427309326,34.920045427309326,34.920045427309326,34.920045427309326,34.920045427309326,35.04506494859256,35.059388192107676,35.05985768018705,,,,,,,34.527154747376116,,,,33.9505168997669,30.819304748874714,32.63045848261213,32.55689893201987,"rgba(239, 83, 80, 0.5)",1.880779469904454,29.843985421395352,-0.5231795843907955,22.385035467696973,-33.69742798306031,False,True,False,True,True,0.0,32.5335,33.799099999999996,0.0,0.0,0.0,0.0,0,0.8583617747440274,1.1567528035104828,False,False,False,False,-0.2724707060037268,-0.28931170019102637,False,False,False,False,-3925.0,-2684.3321362274996,False,False,False,False,73.85868009578667,False,False,False,False
2025-04-08 14:00:00+00:00,30.64,30.64,30.55,30.55,100.0,,,,,,,,,,,,,,,,,,,,,,,,,,,,,,30.58,29.45814617618587,29.45814617618587,29.45814617618587,29.45814617618587,29.45814617618587,29.45814617618587,29.880492791997646,31.741069984319548,33.093618201092724,33.93098899188877,34.031991831075636,34.38067639927257,34.56004672971595,34.882487720918505,34.90956317455052,34.90956317455052,34.90956317455052,34.90956317455052,34.90956317455052,34.932043823015604,35.04378279741613,35.06929995906192,35.06929995906192,35.06929995906192,35.06929995906192,35.06929995906192,35.06929995906192,35.06929995906192,35.070286285730965,,,,,,,,,,,,,,,,,,,,,,,,,,,,,,,,,,,,,,,28.792435570659865,30.119480930744867,30.119480930744867,30.25582308607695,32.2701896914626,32.2701896914626,32.2701896914626,32.267254411244245,32.30909842519685,32.30909842519685,32.30869522591645,33.311086279987265,33.74498281681499,33.97389003239947,34.031991831075636,34.031991831075636,34.031991831075636,34.031991831075636,34.049494159074385,34.507979839689085,34.524469623837554,34.568010988313,34.79149141193594,34.79149141193594,34.79149141193594,34.79873937389385,34.90197771394473,34.90197771394473,34.90197771394473,34.90197771394473,34.90197771394473,34.90197771394473,34.90197771394473,35.028709998412744,35.045727355901185,35.04623695145435,,,,,,,34.507979839689085,,,,33.93098899188877,30.712118795680063,32.41890327900746,32.550366826621826,#000000,1.9011723339147615,29.869799092304035,0.357779721260378,34.21374898903926,-22.69010885212122,False,False,False,True,True,0.0,32.4609,33.76675,0.0,0.0,0.0,0.0,0,0.8723642889187977,1.113728129205922,False,False,False,False,-0.09085499775732138,-0.19008334897417387,False,False,False,False,-3825.0,-2702.016909309244,False,False,False,False,74.26397187724734,False,False,False,False
2025-04-08 15:00:00+00:00,30.55,30.55,30.55,30.55,0.0,,,,,,,,,,,,,,,,,,,,,,,,,,,,,,30.58,29.45814617618587,29.45814617618587,29.45814617618587,29.45814617618587,29.45814617618587,29.45814617618587,29.880492791997646,31.741069984319548,33.093618201092724,33.93098899188877,34.031991831075636,34.38067639927257,34.56004672971595,34.882487720918505,34.90956317455052,34.90956317455052,34.90956317455052,34.90956317455052,34.90956317455052,34.932043823015604,35.04378279741613,35.06929995906192,35.06929995906192,35.06929995906192,35.06929995906192,35.06929995906192,35.06929995906192,35.06929995906192,35.070286285730965,,,,,,,,,,,,,,,,,,,,,,,,,,,,,,,,,,,,,,,28.792435570659865,30.119480930744867,30.119480930744867,30.25582308607695,32.2701896914626,32.2701896914626,32.2701896914626,32.267254411244245,32.30909842519685,32.30909842519685,32.30869522591645,33.311086279987265,33.74498281681499,33.97389003239947,34.031991831075636,34.031991831075636,34.031991831075636,34.031991831075636,34.049494159074385,34.507979839689085,34.524469623837554,34.568010988313,34.79149141193594,34.79149141193594,34.79149141193594,34.79873937389385,34.90197771394473,34.90197771394473,34.90197771394473,34.90197771394473,34.90197771394473,34.90197771394473,34.90197771394473,35.028709998412744,35.045727355901185,35.04623695145435,,,,,,,34.507979839689085,,,,33.93098899188877,30.712118795680063,32.41890327900746,32.550366826621826,#000000,1.920549008876146,29.869799092304035,0.3541700339602378,42.09955800326745,-15.842418835527482,True,False,False,True,True,0.0,32.3883,33.7329,0.0,0.0,0.0,0.0,0,0.869075011504832,1.1465715600552233,False,False,False,False,-0.09550877336976722,-0.14279606117197055,False,False,False,False,-3825.0,-2719.4274998625892,False,False,False,False,73.11259246829776,False,False,False,False
2025-04-08 16:00:00+00:00,30.55,30.55,30.55,30.55,0.0,,,,,,,,,,,,,,,,,,,,,,,,,,,,,,30.58,29.45814617618587,29.45814617618587,29.45814617618587,29.45814617618587,29.45814617618587,29.45814617618587,29.880492791997646,31.741069984319548,33.093618201092724,33.93098899188877,34.031991831075636,34.38067639927257,34.56004672971595,34.882487720918505,34.90956317455052,34.90956317455052,34.90956317455052,34.90956317455052,34.90956317455052,34.932043823015604,35.04378279741613,35.06929995906192,35.06929995906192,35.06929995906192,35.06929995906192,35.06929995906192,35.06929995906192,35.06929995906192,35.070286285730965,,,,,,,,,,,,,,,,,,,,,,,,,,,,,,,,,,,,,,,28.792435570659865,30.119480930744867,30.119480930744867,30.25582308607695,32.2701896914626,32.2701896914626,32.2701896914626,32.267254411244245,32.30909842519685,32.30909842519685,32.30869522591645,33.311086279987265,33.74498281681499,33.97389003239947,34.031991831075636,34.031991831075636,34.031991831075636,34.031991831075636,34.049494159074385,34.507979839689085,34.524469623837554,34.568010988313,34.79149141193594,34.79149141193594,34.79149141193594,34.79873937389385,34.90197771394473,34.90197771394473,34.90197771394473,34.90197771394473,34.90197771394473,34.90197771394473,34.90197771394473,35.028709998412744,35.045727355901185,35.04623695145435,,,,,,,34.507979839689085,,,,33.93098899188877,30.712118795680063,32.41890327900746,32.550366826621826,#000000,1.9389399606926505,29.869799092304035,0.3508107117731363,47.356764012752905,-11.457650511924818,True,False,False,False,True,0.0,32.3166,33.7055,0.0,0.0,0.0,0.0,0,0.8534943115857905,1.145344787555143,False,False,False,False,-0.09550877336976722,-0.1191524172708689,False,False,False,False,-3825.0,-2736.5681587794484,False,False,False,False,71.97906390289779,False,False,False,False
2025-04-08 17:00:00+00:00,30.55,30.55,29.55,29.55,48.0,,,,,,,,,,,,,,,,,,,,,,,,,,,,,,30.354054054054057,29.467800378429523,29.467800378429523,29.467800378429523,29.467800378429523,29.467800378429523,29.467800378429523,29.8805517142034,31.71925169235788,33.081101453984246,33.919763693089905,34.02082889549115,34.36979792380568,34.549348948405125,34.872434538522754,34.899581005971825,34.899581005971825,34.899581005971825,34.899581005971825,34.899581005971825,34.922141154516716,35.03618668670203,35.06203118612392,35.06203118612392,35.06203118612392,35.06203118612392,35.06203118612392,35.06203118612392,35.06203118612392,35.063026941131874,,,,,,,,,,,,,,,,,,,,,,,,,,,,,,,,,,,,,,,28.835180952380952,30.114889968948287,30.114889968948287,30.24886337096146,32.25267415787596,32.25267415787596,32.25267415787596,32.25002384179089,32.29391366718831,32.29391366718831,32.293898915438064,33.2990335262374,33.73364100838281,33.962694529973014,34.02082889549115,34.02082889549115,34.02082889549115,34.02082889549115,34.03834661909805,34.49722119905005,34.51374177341166,34.557323510773124,34.78122508860611,34.78122508860611,34.78122508860611,34.78849271837632,34.89196919966207,34.89196919966207,34.89196919966207,34.89196919966207,34.89196919966207,34.89196919966207,34.89196919966207,35.01967939108071,35.038181375236,35.038713137814476,,,,,,,34.49722119905005,,,,33.919763693089905,30.698212827883246,32.40359201071753,32.54089246455892,#000000,1.976335705243281,29.858917130052586,-0.15630802460989696,45.85594282457952,-11.457650511924818,True,False,False,True,True,0.0,32.2249,33.6731,0.0,0.0,0.0,0.0,0,0.8156201464388728,1.1302418460173065,False,False,False,False,-0.1475429318061585,-0.1333476745385137,False,False,False,False,-3873.0,-2754.1872570929454,False,False,False,False,71.60729547029473,False,False,False,False
2025-04-08 18:00:00+00:00,29.55,29.55,28.875,28.875,100.0,,,,,,,,,,,,,,,,,,,,,,,,,,,,,,29.848387096774196,29.45118789521229,29.45118789521229,29.45118789521229,29.45118789521229,29.45118789521229,29.45118789521229,29.848217343275337,31.65669492874771,33.04902425267908,33.89207663143383,33.99339799691547,34.3433749498596,34.52350305128691,34.84835162084357,34.875683931490094,34.875683931490094,34.875683931490094,34.875683931490094,34.875683931490094,34.898446945032276,35.018038205590706,35.04467245094042,35.04467245094042,35.04467245094042,35.04467245094042,35.04467245094042,35.04467245094042,35.04467245094042,35.045691048637956,,,,,,,,,,,,,,,,,,,,,,,,,,,,,,,,,,,,,,,28.855167295597482,30.075384715193973,30.075384715193973,30.205818658673657,32.20520127490839,32.20520127490839,32.20520127490839,32.20329451614498,32.2527973738414,32.2527973738414,32.25381484270415,33.26849732140694,33.70546098643801,33.935125108666895,33.99339799691547,33.99339799691547,33.99339799691547,33.99339799691547,34.010970674649364,34.4711891670284,34.48779649509568,34.53150835698517,34.756575552470196,34.756575552470196,34.756575552470196,34.76389489463517,34.8680047443695,34.8680047443695,34.8680047443695,34.8680047443695,34.8680047443695,34.8680047443695,34.8680047443695,34.998113288887254,35.02015301475499,35.02073773634401,,,,,,,34.4711891670284,,,,33.89207663143383,30.642524502799365,32.354428745027,32.50774492808839,#000000,2.0279284619646902,29.801489846171407,-0.45686515256746696,42.50394992454043,-11.457650511924818,True,False,False,True,False,0.0,32.119699999999995,33.637275,0.0,0.0,0.0,0.0,0,0.7919000430848772,1.1695389918138734,False,False,False,False,-0.23666753062861692,-0.1850076025835653,False,False,False,False,-3973.0,-2773.0835786884036,False,False,False,False,72.04749243974753,False,False,False,False
2025-04-08 19:00:00+00:00,28.875,28.875,28.39,28.66,759.0,,,,,,,,,,,,,,,,,,,,,,,,,,,,,,28.93885302879841,29.244519004372687,29.244519004372687,29.244519004372687,29.244519004372687,29.244519004372687,29.244519004372687,29.559603424729485,31.194016713842835,32.79502391799545,33.672719491385486,33.77615743216743,34.13434260735159,34.31912115246684,34.657843942089926,34.686630906717795,34.686630906717795,34.686630906717795,34.686630906717795,34.686630906717795,34.71097324753595,34.87343243297079,34.90623401224895,34.90623401224895,34.90623401224895,34.90623401224895,34.90623401224895,34.90623401224895,34.90623401224895,34.907431448401404,,,,,,,,,,,,,,,,,,,,,,,,,,,,,,,,,,,,,,28.641666666666662,28.777409628918743,29.748403946314095,29.748403946314095,29.85949679113185,31.839698198198192,31.839698198198192,31.839698198198192,31.842857777777773,31.931365662014777,31.931365662014777,31.939661013712236,33.0264735814381,33.48203232182306,33.71673434074396,33.77615743216743,33.77615743216743,33.77615743216743,33.77615743216743,33.79417624215342,34.26531686208821,34.28260747591521,34.32737164558503,34.561623822125135,34.561623822125135,34.561623822125135,34.56934721931476,34.6784271368207,34.6784271368207,34.6784271368207,34.6784271368207,34.6784271368207,34.6784271368207,34.6784271368207,34.827078724711654,34.87648232780365,34.87747901687526,,,,,,28.641666666666662,34.26531686208821,,,,33.672719491385486,30.15798259346771,32.097397513532634,31.953188595214392,#000000,2.0820591029333735,29.38834272238043,-0.34981846641830705,39.604596563277774,-11.457650511924818,False,False,False,True,False,0.0,32.0102,33.600375,0.0,0.0,0.0,0.0,0,0.793096008629989,1.198921251348436,False,False,False,False,-0.30054327999180686,-0.24277544128768608,False,False,False,False,-4732.0,-2803.454375918041,False,False,False,False,82.69791891354988,False,False,False,False
2025-04-09 14:00:00+00:00,28.66,28.795,28.66,28.715,300.0,,,,,,,,,,,,,,,,,,,,,,,,,,,,,,28.889384085692427,29.196747632141765,29.196747632141765,29.196747632141765,29.196747632141765,29.196747632141765,29.196747632141765,29.487365870045107,31.052727157199133,32.704340386043064,33.59231575242325,33.696367600098256,34.05705351616435,34.24330774210058,34.58670948537637,34.61599803906084,34.61599803906084,34.61599803906084,34.61599803906084,34.61599803906084,34.64089045816913,34.81879402590223,34.853843948594815,34.853843948594815,34.853843948594815,34.853843948594815,34.853843948594815,34.853843948594815,34.853843948594815,34.85510661101082,,,,,,,,,,,,,,,,,,,,,,,,,,,,,,,,,,,,,,28.664801699716712,28.77060472595078,29.663640665196613,29.663640665196613,29.768067328326175,31.71828138528138,31.71828138528138,31.71828138528138,31.722876068376063,31.8223354480571,31.8223354480571,31.832770761788712,32.939306662165215,33.4004639469775,33.63661344957302,33.696367600098256,33.696367600098256,33.696367600098256,33.696367600098256,33.71452115404754,34.1890230359765,34.206539870771564,34.251637986696096,34.48896910994039,34.48896910994039,34.48896910994039,34.49683102473984,34.60761184662543,34.60761184662543,34.60761184662543,34.60761184662543,34.60761184662543,34.60761184662543,34.60761184662543,34.762846803236506,34.822185045739324,34.82333220908975,,,,,,28.664801699716712,34.1890230359765,,,,33.59231575242325,30.08315545552542,32.02850237916487,31.868114628983317,#000000,2.131634913723504,29.330802913423682,-0.28888760897052856,38.019812759039354,-2.7646484421946766,False,False,False,True,False,0.0,31.901799999999998,33.561949999999996,0.0,0.0,0.0,0.0,0,0.8352601156069361,1.1854157403290353,False,False,False,False,-0.28992947878659536,-0.26635246003714075,False,False,False,False,-4432.0,-2828.7031452836527,False,False,False,False,86.0669434265181,False,False,False,False
2025-04-09 15:00:00+00:00,28.715,28.715,28.715,28.715,0.0,,,,,,,,,,,,,,,,,,,,,,,,,,,,,,28.889384085692427,29.196747632141765,29.196747632141765,29.196747632141765,29.196747632141765,29.196747632141765,29.196747632141765,29.487365870045107,31.052727157199133,32.704340386043064,33.59231575242325,33.696367600098256,34.05705351616435,34.24330774210058,34.58670948537637,34.61599803906084,34.61599803906084,34.61599803906084,34.61599803906084,34.61599803906084,34.64089045816913,34.81879402590223,34.853843948594815,34.853843948594815,34.853843948594815,34.853843948594815,34.853843948594815,34.853843948594815,34.853843948594815,34.85510661101082,,,,,,,,,,,,,,,,,,,,,,,,,,,,,,,,,,,,,,28.664801699716712,28.77060472595078,29.663640665196613,29.663640665196613,29.768067328326175,31.71828138528138,31.71828138528138,31.71828138528138,31.722876068376063,31.8223354480571,31.8223354480571,31.832770761788712,32.939306662165215,33.4004639469775,33.63661344957302,33.696367600098256,33.696367600098256,33.696367600098256,33.696367600098256,33.71452115404754,34.1890230359765,34.206539870771564,34.251637986696096,34.48896910994039,34.48896910994039,34.48896910994039,34.49683102473984,34.60761184662543,34.60761184662543,34.60761184662543,34.60761184662543,34.60761184662543,34.60761184662543,34.60761184662543,34.762846803236506,34.822185045739324,34.82333220908975,,,,,,28.664801699716712,34.1890230359765,,,,33.59231575242325,30.08315545552542,32.02850237916487,31.868114628983317,#000000,2.178364412469389,29.330802913423682,-0.2826904947118601,36.9632902228804,-4.206823717664122,False,False,False,True,False,0.0,31.793400000000002,33.522825,0.0,0.0,0.0,0.0,0,0.8377056469542016,1.1525122276567366,False,False,False,False,-0.29132235881592106,-0.2788374094265309,False,False,False,False,-4432.0,-2853.56046086065,False,False,False,False,84.73257221060308,False,False,False,False
2025-04-09 16:00:00+00:00,28.715,28.715,28.715,28.715,0.0,,,,,,,,,,,,,,,,,,,,,,,,,,,,,,28.889384085692427,29.196747632141765,29.196747632141765,29.196747632141765,29.196747632141765,29.196747632141765,29.196747632141765,29.487365870045107,31.052727157199133,32.704340386043064,33.59231575242325,33.696367600098256,34.05705351616435,34.24330774210058,34.58670948537637,34.61599803906084,34.61599803906084,34.61599803906084,34.61599803906084,34.61599803906084,34.64089045816913,34.81879402590223,34.853843948594815,34.853843948594815,34.853843948594815,34.853843948594815,34.853843948594815,34.853843948594815,34.853843948594815,34.85510661101082,,,,,,,,,,,,,,,,,,,,,,,,,,,,,,,,,,,,,,28.664801699716712,28.77060472595078,29.663640665196613,29.663640665196613,29.768067328326175,31.71828138528138,31.71828138528138,31.71828138528138,31.722876068376063,31.8223354480571,31.8223354480571,31.832770761788712,32.939306662165215,33.4004639469775,33.63661344957302,33.696367600098256,33.696367600098256,33.696367600098256,33.696367600098256,33.71452115404754,34.1890230359765,34.206539870771564,34.251637986696096,34.48896910994039,34.48896910994039,34.48896910994039,34.49683102473984,34.60761184662543,34.60761184662543,34.60761184662543,34.60761184662543,34.60761184662543,34.60761184662543,34.60761184662543,34.762846803236506,34.822185045739324,34.82333220908975,,,,,,28.664801699716712,34.1890230359765,,,,33.59231575242325,30.08315545552542,32.02850237916487,31.868114628983317,#000000,2.2224271489594467,29.330802913423682,-0.2770857590144201,36.2589418654411,-5.4407504348964295,False,False,False,True,False,0.0,31.687599999999996,33.482125,0.0,0.0,0.0,0.0,0,0.8355485469700381,1.1678305924757828,False,False,False,False,-0.29132235881592106,-0.285079884121226,False,False,False,False,-4432.0,-2878.0323917000196,False,False,False,False,83.41888892051621,False,False,False,False
2025-04-09 17:00:00+00:00,28.715,28.715,28.715,28.715,0.0,,,,,,,,,,,,,,,,,,,,,,,,,,,,,,28.889384085692427,29.196747632141765,29.196747632141765,29.196747632141765,29.196747632141765,29.196747632141765,29.196747632141765,29.487365870045107,31.052727157199133,32.704340386043064,33.59231575242325,33.696367600098256,34.05705351616435,34.24330774210058,34.58670948537637,34.61599803906084,34.61599803906084,34.61599803906084,34.61599803906084,34.61599803906084,34.64089045816913,34.81879402590223,34.853843948594815,34.853843948594815,34.853843948594815,34.853843948594815,34.853843948594815,34.853843948594815,34.853843948594815,34.85510661101082,,,,,,,,,,,,,,,,,,,,,,,,,,,,,,,,,,,,,,28.664801699716712,28.77060472595078,29.663640665196613,29.663640665196613,29.768067328326175,31.71828138528138,31.71828138528138,31.71828138528138,31.722876068376063,31.8223354480571,31.8223354480571,31.832770761788712,32.939306662165215,33.4004639469775,33.63661344957302,33.696367600098256,33.696367600098256,33.696367600098256,33.696367600098256,33.71452115404754,34.1890230359765,34.206539870771564,34.251637986696096,34.48896910994039,34.48896910994039,34.48896910994039,34.49683102473984,34.60761184662543,34.60761184662543,34.60761184662543,34.60761184662543,34.60761184662543,34.60761184662543,34.60761184662543,34.762846803236506,34.822185045739324,34.82333220908975,,,,,,28.664801699716712,34.1890230359765,,,,33.59231575242325,30.08315545552542,32.02850237916487,31.868114628983317,#000000,2.2602788873606325,29.330802913423682,-0.27244554504633095,35.789376293814904,-6.534301907614022,False,True,False,True,False,0.0,31.5886,33.441425,0.0,0.0,0.0,0.0,0,0.8222572651498086,1.1678305924757828,False,False,False,False,-0.29132235881592106,-0.2882011214685735,False,False,False,False,-4432.0,-2902.124912758934,False,False,False,False,82.12557281322138,False,False,False,False
2025-04-09 18:00:00+00:00,28.715,28.715,28.715,28.715,0.0,,,,,,,,,,,,,,,,,,,,,,,,,,,,,,28.889384085692427,29.196747632141765,29.196747632141765,29.196747632141765,29.196747632141765,29.196747632141765,29.196747632141765,29.487365870045107,31.052727157199133,32.704340386043064,33.59231575242325,33.696367600098256,34.05705351616435,34.24330774210058,34.58670948537637,34.61599803906084,34.61599803906084,34.61599803906084,34.61599803906084,34.61599803906084,34.64089045816913,34.81879402590223,34.853843948594815,34.853843948594815,34.853843948594815,34.853843948594815,34.853843948594815,34.853843948594815,34.853843948594815,34.85510661101082,,,,,,,,,,,,,,,,,,,,,,,,,,,,,,,,,,,,,,28.664801699716712,28.77060472595078,29.663640665196613,29.663640665196613,29.768067328326175,31.71828138528138,31.71828138528138,31.71828138528138,31.722876068376063,31.8223354480571,31.8223354480571,31.832770761788712,32.939306662165215,33.4004639469775,33.63661344957302,33.696367600098256,33.696367600098256,33.696367600098256,33.696367600098256,33.71452115404754,34.1890230359765,34.206539870771564,34.251637986696096,34.48896910994039,34.48896910994039,34.48896910994039,34.49683102473984,34.60761184662543,34.60761184662543,34.60761184662543,34.60761184662543,34.60761184662543,34.60761184662543,34.60761184662543,34.762846803236506,34.822185045739324,34.82333220908975,,,,,,28.664801699716712,34.1890230359765,,,,33.59231575242325,30.08315545552542,32.02850237916487,31.868114628983317,#000000,2.2954422879473264,29.330802913423682,-0.2682720086917789,35.476332579397436,-7.522445099231085,False,True,False,True,False,0.0,31.4923,33.400724999999994,0.0,0.0,0.0,0.0,0,0.8222572651498086,1.1678305924757828,False,False,False,False,-0.29132235881592106,-0.2897617401422473,False,False,False,False,-4432.0,-2925.8439063595706,False,False,False,False,80.85230811844275,False,False,False,False
2025-04-09 19:00:00+00:00,28.715,30.78,28.715,30.78,21.0,,,,,,,,,,,,,,,,,,,,,,,,,,,,,30.09166666666667,28.908396084337355,29.20245294474803,29.20245294474803,29.20245294474803,29.20245294474803,29.20245294474803,29.20245294474803,29.490997901163897,31.048895323080814,32.700273515677125,33.58833946343575,33.69238743712428,34.053092656012176,34.239374135234314,34.58294103557027,34.612249924388856,34.612249924388856,34.612249924388856,34.612249924388856,34.612249924388856,34.637166237850195,34.81585609715193,34.851021001524295,34.851021001524295,34.851021001524295,34.851021001524295,34.851021001524295,34.851021001524295,34.851021001524295,34.852286974659634,,,,,,,,,,,,,,,,,,,,,,,,,,,,,,,,,,,,,,28.692546296296292,28.782139986139985,29.666103955421573,29.666103955421573,29.76987996799146,31.71385722920174,31.71385722920174,31.71385722920174,31.718496142863223,31.818227848101266,31.818227848101266,31.828729737695255,32.935274537567715,33.39649860183761,33.63263632154433,33.69238743712428,33.69238743712428,33.69238743712428,33.69238743712428,33.71054186934463,34.185078393618475,34.20260237249005,34.24770642064206,34.485141882183896,34.485141882183896,34.485141882183896,34.49300930898674,34.603855862278365,34.603855862278365,34.603855862278365,34.603855862278365,34.603855862278365,34.603855862278365,34.603855862278365,34.75940837977729,34.8192648009877,34.82041981749614,,,,,,28.692546296296292,34.185078393618475,,,,33.58833946343575,30.000487174178875,31.80300407921731,31.86732642522142,"rgba(38, 166, 154, 0.5)",2.2966737601061045,29.35092252454813,0.6222379078279917,46.48019519817432,-10.909300826812249,True,False,False,False,True,0.0,31.4389,33.373125,0.0,0.0,0.0,0.0,0,0.8366797764438004,1.0730697578141173,False,False,False,False,-0.17939516178874243,-0.23457845096549487,False,False,False,False,-4411.0,-2948.8695822299646,False,False,False,False,79.9243653569165,False,False,False,False
2025-04-10 14:00:00+00:00,30.565,30.565,29.83,29.99,202.0,,,,,,,,,,,,,,,,,,,,,,,,,,,,,30.124880418535124,29.06945969498911,29.25595061022121,29.25595061022121,29.25595061022121,29.25595061022121,29.25595061022121,29.25595061022121,29.525830627705627,31.014893947705247,32.66233209182308,33.550943998573224,33.65493158524531,34.01574217155061,34.20224499985096,34.54730558525734,34.57680116890401,34.57680116890401,34.57680116890401,34.57680116890401,34.57680116890401,34.60193825584693,34.78799932335029,34.824244788742924,34.824244788742924,34.824244788742924,34.824244788742924,34.824244788742924,34.824244788742924,34.824244788742924,34.8255418686996,,,,,,,,,,,,,,,,,,,,,,,,,,,,,,,,,,,,,,28.91877795111804,28.886448024549292,29.690349692720503,29.690349692720503,29.788206361258748,31.673433674113337,31.673433674113337,31.673433674113337,31.678459636877307,31.78050865561694,31.78050865561694,31.791596756756757,32.8975573737777,33.35925350258582,33.59522251585624,33.65493158524531,33.65493158524531,33.65493158524531,33.65493158524531,33.67309007470283,34.14785547732606,34.165443155138156,34.21059495138703,34.44896944786956,34.44896944786956,34.44896944786956,34.456887359335724,34.56833444658363,34.56833444658363,34.56833444658363,34.56833444658363,34.56833444658363,34.56833444658363,34.56833444658363,34.726848525982376,34.79157432300798,34.792803224553225,,,,,,28.91877795111804,34.14785547732606,,,,33.550943998573224,30.03620846937318,31.810573672908948,31.85851781287395,#000000,2.3061160300695382,29.413169094397823,0.25013091192327475,49.66543582013999,-7.995499596357341,True,False,False,False,True,0.0,31.3659,33.3419,0.0,0.0,0.0,0.0,0,0.8732139263433285,1.081505333065003,False,False,False,False,-0.13212269165269463,-0.18335057130909477,False,False,False,False,-4613.0,-2974.6700538232985,False,False,False,False,81.81701085525887,False,False,False,False
2025-04-10 15:00:00+00:00,29.99,29.99,29.99,29.99,0.0,,,,,,,,,,,,,,,,,,,,,,,,,,,,,30.124880418535124,29.06945969498911,29.25595061022121,29.25595061022121,29.25595061022121,29.25595061022121,29.25595061022121,29.25595061022121,29.525830627705627,31.014893947705247,32.66233209182308,33.550943998573224,33.65493158524531,34.01574217155061,34.20224499985096,34.54730558525734,34.57680116890401,34.57680116890401,34.57680116890401,34.57680116890401,34.57680116890401,34.60193825584693,34.78799932335029,34.824244788742924,34.824244788742924,34.824244788742924,34.824244788742924,34.824244788742924,34.824244788742924,34.824244788742924,34.8255418686996,,,,,,,,,,,,,,,,,,,,,,,,,,,,,,,,,,,,,,28.91877795111804,28.886448024549292,29.690349692720503,29.690349692720503,29.788206361258748,31.673433674113337,31.673433674113337,31.673433674113337,31.678459636877307,31.78050865561694,31.78050865561694,31.791596756756757,32.8975573737777,33.35925350258582,33.59522251585624,33.65493158524531,33.65493158524531,33.65493158524531,33.65493158524531,33.67309007470283,34.14785547732606,34.165443155138156,34.21059495138703,34.44896944786956,34.44896944786956,34.44896944786956,34.456887359335724,34.56833444658363,34.56833444658363,34.56833444658363,34.56833444658363,34.56833444658363,34.56833444658363,34.56833444658363,34.726848525982376,34.79157432300798,34.792803224553225,,,,,,28.91877795111804,34.14785547732606,,,,33.550943998573224,30.03620846937318,31.810573672908948,31.85851781287395,#000000,2.313602516337484,29.413169094397823,0.24932152412909706,51.7889295681171,-5.951639017084936,True,False,True,False,True,0.0,31.2929,33.3118,0.0,0.0,0.0,0.0,0,0.8684424562830418,1.1154941032940222,False,False,False,False,-0.15383515012526489,-0.16859286071717983,False,False,False,False,-4613.0,-3000.070518105108,False,False,False,False,80.54853006680524,False,False,False,False
2025-04-10 16:00:00+00:00,29.99,29.99,29.99,29.99,0.0,,,,,,,,,,,,,,,,,,,,,,,,,,,,,30.124880418535124,29.06945969498911,29.25595061022121,29.25595061022121,29.25595061022121,29.25595061022121,29.25595061022121,29.25595061022121,29.525830627705627,31.014893947705247,32.66233209182308,33.550943998573224,33.65493158524531,34.01574217155061,34.20224499985096,34.54730558525734,34.57680116890401,34.57680116890401,34.57680116890401,34.57680116890401,34.57680116890401,34.60193825584693,34.78799932335029,34.824244788742924,34.824244788742924,34.824244788742924,34.824244788742924,34.824244788742924,34.824244788742924,34.824244788742924,34.8255418686996,,,,,,,,,,,,,,,,,,,,,,,,,,,,,,,,,,,,,,28.91877795111804,28.886448024549292,29.690349692720503,29.690349692720503,29.788206361258748,31.673433674113337,31.673433674113337,31.673433674113337,31.678459636877307,31.78050865561694,31.78050865561694,31.791596756756757,32.8975573737777,33.35925350258582,33.59522251585624,33.65493158524531,33.65493158524531,33.65493158524531,33.65493158524531,33.67309007470283,34.14785547732606,34.165443155138156,34.21059495138703,34.44896944786956,34.44896944786956,34.44896944786956,34.456887359335724,34.56833444658363,34.56833444658363,34.56833444658363,34.56833444658363,34.56833444658363,34.56833444658363,34.56833444658363,34.726848525982376,34.79157432300798,34.792803224553225,,,,,,28.91877795111804,34.14785547732606,,,,33.550943998573224,30.03620846937318,31.810573672908948,31.85851781287395,#000000,2.3198625308758465,29.413169094397823,0.24864874445142124,53.20459206676851,-4.4188852528615925,True,False,True,False,True,0.0,31.2185,33.2801,0.0,0.0,0.0,0.0,0,0.8684424562830418,1.105124034160228,False,False,False,False,-0.15383515012526489,-0.16121400542122236,False,False,False,False,-4613.0,-3025.0771767391375,False,False,False,False,79.29971564716485,False,False,False,False
2025-04-10 17:00:00+00:00,29.99,29.99,29.2,29.2,100.0,,,,,,,,,,,,,,,,,,,,,,,,,,,,,29.92006707946336,29.093623721881396,29.2617176492399,29.2617176492399,29.2617176492399,29.2617176492399,29.2617176492399,29.2617176492399,29.524184229012995,30.9870332794637,32.639139176877165,33.529189817278706,33.63323706502425,33.99439541717465,34.18115129529066,34.52725125899043,34.55686639897079,34.55686639897079,34.55686639897079,34.55686639897079,34.55686639897079,34.58213936194806,34.77238034476352,34.80923999850722,34.80923999850722,34.80923999850722,34.80923999850722,34.80923999850722,34.80923999850722,34.80923999850722,34.810554841294234,,,,,,,,,,,,,,,,,,,,,,,,,,,,,,,,,,,,,,28.95818137964303,28.9077588966876,29.6846038977474,29.6846038977474,29.780186785155923,31.645886617640944,31.645886617640944,31.645886617640944,31.651189831343096,31.755184335154826,31.755184335154826,31.766695543672014,32.87486376351903,33.33739700794766,33.57349859796706,33.63323706502425,33.63323706502425,33.63323706502425,33.63323706502425,33.65141376173558,34.12667292184791,34.14430817751408,34.189516620785604,34.428561604584516,34.428561604584516,34.428561604584516,34.436512159294914,34.54835479368061,34.54835479368061,34.54835479368061,34.54835479368061,34.54835479368061,34.54835479368061,34.54835479368061,34.70859208259627,34.77604914529913,34.77731958163858,,,,,,28.95818137964303,34.12667292184791,,,,33.529189817278706,30.02272915408315,31.79135219158899,31.842568507324764,#000000,2.3316080017604564,29.405795223642084,-0.08826321726752569,50.30734380160655,-4.4188852528615925,True,False,False,False,True,0.0,31.1283,33.24445,0.0,0.0,0.0,0.0,0,0.8399602385685884,1.1119284294234595,False,False,False,False,-0.1955865132134654,-0.17840025931734388,False,False,False,False,-4713.0,-3051.2465228362053,False,False,False,False,79.62065028829407,False,False,False,False
2025-04-10 18:00:00+00:00,29.2,29.2,29.2,29.2,0.0,,,,,,,,,,,,,,,,,,,,,,,,,,,,,29.92006707946336,29.093623721881396,29.2617176492399,29.2617176492399,29.2617176492399,29.2617176492399,29.2617176492399,29.2617176492399,29.524184229012995,30.9870332794637,32.639139176877165,33.529189817278706,33.63323706502425,33.99439541717465,34.18115129529066,34.52725125899043,34.55686639897079,34.55686639897079,34.55686639897079,34.55686639897079,34.55686639897079,34.58213936194806,34.77238034476352,34.80923999850722,34.80923999850722,34.80923999850722,34.80923999850722,34.80923999850722,34.80923999850722,34.80923999850722,34.810554841294234,,,,,,,,,,,,,,,,,,,,,,,,,,,,,,,,,,,,,,28.95818137964303,28.9077588966876,29.6846038977474,29.6846038977474,29.780186785155923,31.645886617640944,31.645886617640944,31.645886617640944,31.651189831343096,31.755184335154826,31.755184335154826,31.766695543672014,32.87486376351903,33.33739700794766,33.57349859796706,33.63323706502425,33.63323706502425,33.63323706502425,33.63323706502425,33.65141376173558,34.12667292184791,34.14430817751408,34.189516620785604,34.428561604584516,34.428561604584516,34.428561604584516,34.436512159294914,34.54835479368061,34.54835479368061,34.54835479368061,34.54835479368061,34.54835479368061,34.54835479368061,34.54835479368061,34.70859208259627,34.77604914529913,34.77731958163858,,,,,,28.95818137964303,34.12667292184791,,,,33.529189817278706,30.02272915408315,31.79135219158899,31.842568507324764,#000000,2.3371703168767124,29.405795223642084,-0.0880531564841624,48.375844958165246,-4.4188852528615925,True,False,False,False,False,0.0,31.038100000000004,33.208800000000004,0.0,0.0,0.0,0.0,0,0.8308151093439361,1.143339960238569,False,False,False,False,-0.2380226433682851,-0.2082114513428145,False,False,False,False,-4713.0,-3077.0101426371943,False,False,False,False,78.38622160165386,False,False,False,False
2025-04-10 19:00:00+00:00,29.2,29.63,29.2,29.55,400.0,,,,,,,,,,,,,,,,,,,,,,,,,,,,,29.665534808667584,29.165816091954028,29.281565732399066,29.281565732399066,29.281565732399066,29.281565732399066,29.281565732399066,29.281565732399066,29.518065618048933,30.88470235103591,32.54954179290261,33.444370852874776,33.54859151834762,33.91091211758569,34.098563150529166,34.44853973308479,34.478606579401934,34.478606579401934,34.478606579401934,34.478606579401934,34.478606579401934,34.504395727403804,34.71077145728837,34.750014577797444,34.750014577797444,34.750014577797444,34.750014577797444,34.750014577797444,34.750014577797444,34.750014577797444,34.75139837106239,,,,,,,,,,,,,,,,,,,,,,,,,,,,,,,,,,,,,,29.07082304526749,28.978855273039372,29.663955412548834,29.663955412548834,29.75141241668538,31.54208100835015,31.54208100835015,31.54208100835015,31.548353279361727,31.65905095986038,31.65905095986038,31.67206188034188,32.78692547050367,33.252296387745794,33.4887715413663,33.54859151834762,33.54859151834762,33.54859151834762,33.54859151834762,33.56682844794242,34.043765119549924,34.06157578299776,34.10698426548004,34.34852033830043,34.34852033830043,34.34852033830043,34.356593865424756,34.46992460149255,34.46992460149255,34.46992460149255,34.46992460149255,34.46992460149255,34.46992460149255,34.46992460149255,34.63676981058921,34.714804339477716,34.71623607122343,,,,,,29.07082304526749,34.043765119549924,,,,33.444370852874776,29.994308104423162,31.74192293735166,31.779147479275668,#000000,2.335142638928859,29.405982706140783,0.06167387441705878,49.00034372210693,-4.4188852528615925,True,False,False,False,False,0.0,30.949500000000004,33.1749,0.0,0.0,0.0,0.0,0,0.833659108678655,1.1241204065676313,False,False,False,False,-0.21482949180951436,-0.21152047157616444,False,False,False,False,-4313.0,-3096.1727760846793,False,False,False,False,83.37248173186077,False,False,False,False
2025-04-11 14:00:00+00:00,29.55,29.55,29.55,29.55,0.0,,,,,,,,,,,,,,,,,,,,,,,,,,,,,29.665534808667584,29.165816091954028,29.281565732399066,29.281565732399066,29.281565732399066,29.281565732399066,29.281565732399066,29.281565732399066,29.518065618048933,30.88470235103591,32.54954179290261,33.444370852874776,33.54859151834762,33.91091211758569,34.098563150529166,34.44853973308479,34.478606579401934,34.478606579401934,34.478606579401934,34.478606579401934,34.478606579401934,34.504395727403804,34.71077145728837,34.750014577797444,34.750014577797444,34.750014577797444,34.750014577797444,34.750014577797444,34.750014577797444,34.750014577797444,34.75139837106239,,,,,,,,,,,,,,,,,,,,,,,,,,,,,,,,,,,,,,29.07082304526749,28.978855273039372,29.663955412548834,29.663955412548834,29.75141241668538,31.54208100835015,31.54208100835015,31.54208100835015,31.548353279361727,31.65905095986038,31.65905095986038,31.67206188034188,32.78692547050367,33.252296387745794,33.4887715413663,33.54859151834762,33.54859151834762,33.54859151834762,33.54859151834762,33.56682844794242,34.043765119549924,34.06157578299776,34.10698426548004,34.34852033830043,34.34852033830043,34.34852033830043,34.356593865424756,34.46992460149255,34.46992460149255,34.46992460149255,34.46992460149255,34.46992460149255,34.46992460149255,34.46992460149255,34.63676981058921,34.714804339477716,34.71623607122343,,,,,,29.07082304526749,34.043765119549924,,,,33.444370852874776,29.994308104423162,31.74192293735166,31.779147479275668,#000000,2.3311075896650664,29.405982706140783,0.06178062930158882,49.4166762314014,-4.4188852528615925,True,False,False,False,False,0.0,30.8615,33.141,0.0,0.0,0.0,0.0,0,0.8473416731821733,1.1272478498827212,False,False,False,False,-0.2003833325310371,-0.20595190205360075,False,False,False,False,-4313.0,-3115.0383144399552,False,False,False,False,82.07988511586294,False,False,False,False
2025-04-11 15:00:00+00:00,29.55,29.55,29.55,29.55,0.0,,,,,,,,,,,,,,,,,,,,,,,,,,,,,29.665534808667584,29.165816091954028,29.281565732399066,29.281565732399066,29.281565732399066,29.281565732399066,29.281565732399066,29.281565732399066,29.518065618048933,30.88470235103591,32.54954179290261,33.444370852874776,33.54859151834762,33.91091211758569,34.098563150529166,34.44853973308479,34.478606579401934,34.478606579401934,34.478606579401934,34.478606579401934,34.478606579401934,34.504395727403804,34.71077145728837,34.750014577797444,34.750014577797444,34.750014577797444,34.750014577797444,34.750014577797444,34.750014577797444,34.750014577797444,34.75139837106239,,,,,,,,,,,,,,,,,,,,,,,,,,,,,,,,,,,,,,29.07082304526749,28.978855273039372,29.663955412548834,29.663955412548834,29.75141241668538,31.54208100835015,31.54208100835015,31.54208100835015,31.548353279361727,31.65905095986038,31.65905095986038,31.67206188034188,32.78692547050367,33.252296387745794,33.4887715413663,33.54859151834762,33.54859151834762,33.54859151834762,33.54859151834762,33.56682844794242,34.043765119549924,34.06157578299776,34.10698426548004,34.34852033830043,34.34852033830043,34.34852033830043,34.356593865424756,34.46992460149255,34.46992460149255,34.46992460149255,34.46992460149255,34.46992460149255,34.46992460149255,34.46992460149255,34.63676981058921,34.714804339477716,34.71623607122343,,,,,,29.07082304526749,34.043765119549924,,,,33.444370852874776,29.994308104423162,31.74192293735166,31.779147479275668,#000000,2.325054717945561,29.405982706140783,0.06194146432238492,49.694231237597705,-4.4188852528615925,True,False,False,False,False,0.0,30.7735,33.1094,0.0,0.0,0.0,0.0,0,0.8473416731821733,1.1272478498827212,False,False,False,False,-0.2003833325310371,-0.2031676172923189,False,False,False,False,-4313.0,-3133.611363828483,False,False,False,False,80.80732875747746,False,False,False,False
2025-04-11 16:00:00+00:00,29.55,29.55,29.55,29.55,0.0,,,,,,,,,,,,,,,,,,,,,,,,,,,,,29.665534808667584,29.165816091954028,29.281565732399066,29.281565732399066,29.281565732399066,29.281565732399066,29.281565732399066,29.281565732399066,29.518065618048933,30.88470235103591,32.54954179290261,33.444370852874776,33.54859151834762,33.91091211758569,34.098563150529166,34.44853973308479,34.478606579401934,34.478606579401934,34.478606579401934,34.478606579401934,34.478606579401934,34.504395727403804,34.71077145728837,34.750014577797444,34.750014577797444,34.750014577797444,34.750014577797444,34.750014577797444,34.750014577797444,34.750014577797444,34.75139837106239,,,,,,,,,,,,,,,,,,,,,,,,,,,,,,,,,,,,,,29.07082304526749,28.978855273039372,29.663955412548834,29.663955412548834,29.75141241668538,31.54208100835015,31.54208100835015,31.54208100835015,31.548353279361727,31.65905095986038,31.65905095986038,31.67206188034188,32.78692547050367,33.252296387745794,33.4887715413663,33.54859151834762,33.54859151834762,33.54859151834762,33.54859151834762,33.56682844794242,34.043765119549924,34.06157578299776,34.10698426548004,34.34852033830043,34.34852033830043,34.34852033830043,34.356593865424756,34.46992460149255,34.46992460149255,34.46992460149255,34.46992460149255,34.46992460149255,34.46992460149255,34.46992460149255,34.63676981058921,34.714804339477716,34.71623607122343,,,,,,29.07082304526749,34.043765119549924,,,,33.444370852874776,29.994308104423162,31.74192293735166,31.779147479275668,#000000,2.31738247804479,29.405982706140783,0.062146536112902356,49.87926790839525,-4.4188852528615925,True,False,False,False,False,0.0,30.6973,33.07775,0.0,0.0,0.0,0.0,0,0.8633738299143595,1.1296554471220874,False,False,False,False,-0.2003833325310371,-0.20177547491167802,False,False,False,False,-4313.0,-3151.8964589629245,False,False,False,False,79.55450195503595,False,False,False,False
2025-04-11 17:00:00+00:00,29.55,29.83,29.145,29.83,180.0,,,,,,,,,,,,,,,,,,,,,,,,,,,,,29.652803617571056,29.201315233785827,29.29536318646233,29.29536318646233,29.29536318646233,29.29536318646233,29.29536318646233,29.29536318646233,29.521504418037782,30.847143980050955,32.51262413321274,33.40866167613149,33.51289248446477,33.87550336285341,34.063440293326394,34.41489517051662,34.44514048263505,34.44514048263505,34.44514048263505,34.44514048263505,34.44514048263505,34.47113684329539,34.68424672877428,34.724491204876784,34.724491204876784,34.724491204876784,34.724491204876784,34.724491204876784,34.724491204876784,34.724491204876784,34.72590394858677,,,,,,,,,,,,,,,,,,,,,,,,,,,,,,,,,,,,,,29.11952429493714,29.012961160125748,29.661480909291544,29.661480909291544,29.745592024760658,31.501481847417562,31.501481847417562,31.501481847417562,31.50809088819947,31.620990407673858,31.620990407673858,31.634532057737495,32.7504367933134,33.21659340758854,33.453073639455795,33.51289248446477,33.51289248446477,33.51289248446477,33.51289248446477,33.53114377614453,34.00853367114636,34.02640916126394,34.07188093382968,34.31435665733706,34.31435665733706,34.31435665733706,34.3224784757653,34.43639023892439,34.43639023892439,34.43639023892439,34.43639023892439,34.43639023892439,34.43639023892439,34.43639023892439,34.60595417814196,34.68843285577841,34.68993257142857,,,,,,29.11952429493714,34.00853367114636,,,,33.40866167613149,29.99147562523761,31.728176270963253,31.75464530781527,#000000,2.3045079754707856,29.416987719072395,0.1792192890298977,51.942621389017205,-3.1706773194693056,True,False,True,False,True,0.0,30.6267,33.0475,0.0,0.0,0.0,0.0,0,0.8611602753195672,1.1006882989183875,False,False,False,False,-0.20706076016093458,-0.2044181175363063,False,False,False,False,-4133.0,-3167.1073665759022,False,False,False,False,81.11179649836872,False,False,False,False
2025-04-11 18:00:00+00:00,29.83,29.83,29.715,29.715,29.0,,,,,,,,,,,,,,,,,,,,,,,,,,,,,29.655931688125893,29.208465088581214,29.298521601268334,29.298521601268334,29.298521601268334,29.298521601268334,29.298521601268334,29.298521601268334,29.523030646992055,30.842009550016186,32.50706799981484,33.4031972438442,33.507421976919225,33.87005349137604,34.058023474178405,34.40968772470467,34.43995912668189,34.43995912668189,34.43995912668189,34.43995912668189,34.43995912668189,34.465986208887045,34.6801257925072,34.72052380035041,34.72052380035041,34.72052380035041,34.72052380035041,34.72052380035041,34.72052380035041,34.72052380035041,34.721940978710926,,,,,,,,,,,,,,,,,,,,,,,,,,,,,,,,,,,,,,29.12875606897706,29.019436067551265,29.66206505847953,29.66206505847953,29.745640200286115,31.49560878127896,31.49560878127896,31.49560878127896,31.50226313177584,31.615440448133345,31.615440448133345,31.629054121899788,32.74491551264135,33.211145076127465,33.44760762137655,33.507421976919225,33.507421976919225,33.507421976919225,33.507421976919225,33.52567415543352,34.00310325353517,34.02098766242289,34.066466646491726,34.30907411105342,34.30907411105342,34.30907411105342,34.3172029568287,34.43119877675841,34.43119877675841,34.43119877675841,34.43119877675841,34.43119877675841,34.43119877675841,34.43119877675841,34.601174082880426,34.68433546145991,34.685845632666265,,,,,,29.12875606897706,34.00310325353517,,,,33.4031972438442,29.992152947942248,31.726792749944508,31.75130086104042,#000000,2.291046658798601,29.420040600127606,0.12874438795893697,52.35976702139592,-2.3527030163174345,True,False,True,False,True,0.0,30.553800000000003,33.016675,0.0,0.0,0.0,0.0,0,0.8862922230950511,1.0868028279654363,False,False,False,False,-0.17674991523710018,-0.19058401638670325,False,False,False,False,-4162.0,-3182.5320585669733,False,False,False,False,80.30386166893663,False,False,False,False
2025-04-11 19:00:00+00:00,29.715,29.715,29.12,29.16,145.0,,,,,,,,,,,,,,,,,,,,,,,,,,,,,29.612274837511606,29.215958473154362,29.299626436781608,29.299626436781608,29.299626436781608,29.299626436781608,29.299626436781608,29.299626436781608,29.516932234432232,30.807374136749434,32.475416580738305,33.372989920180125,33.477260855126616,33.84024977355073,34.02850918748206,34.381481900019146,34.41190753013949,34.41190753013949,34.41190753013949,34.41190753013949,34.41190753013949,34.43811155209425,34.65786932606303,34.69910544926263,34.69910544926263,34.69910544926263,34.69910544926263,34.69910544926263,34.69910544926263,34.69910544926263,34.7005469028002,,,,,,,,,,,,,,,,,,,,,,,,,,,,,,,,,,,,,29.33166666666667,29.14253043071161,29.03251709525185,29.65188274884874,29.65188274884874,29.73314776274713,31.45985948121985,31.45985948121985,31.45985948121985,31.46680785550674,31.58200474555735,31.58200474555735,31.596084883874372,32.7137629298588,33.180867646267316,33.41742599710058,33.477260855126616,33.477260855126616,33.477260855126616,33.477260855126616,33.49553135068154,33.9734841925751,33.99142712227922,34.03697077103741,34.2804160710504,34.2804160710504,34.2804160710504,34.28858674425355,34.40308882975353,34.40308882975353,34.40308882975353,34.40308882975353,34.40308882975353,34.40308882975353,34.40308882975353,34.57534752971663,34.6622069054,34.66377376281723,,,,,,29.14253043071161,33.9734841925751,,,,33.372989920180125,29.867015602738917,31.708691832009613,31.51856040604816,#000000,2.282703435177772,29.39107308461331,-0.1012278165671201,48.776247501253394,-2.3527030163174345,True,False,False,False,False,0.0,30.4698,32.983075,1.0,29.715,29.12,0.0,0,0.8660525810784878,1.0861638840913452,False,False,False,False,-0.2145611840815375,-0.20257260023412038,False,False,False,False,-4307.0,-3199.965670062059,False,False,False,False,81.30690257329421,False,False,False,False
2025-04-14 14:00:00+00:00,29.16,29.16,29.16,29.16,0.0,,,,,,,,,,,,,,,,,,,,,,,,,,,,,29.612274837511606,29.215958473154362,29.299626436781608,29.299626436781608,29.299626436781608,29.299626436781608,29.299626436781608,29.299626436781608,29.516932234432232,30.807374136749434,32.475416580738305,33.372989920180125,33.477260855126616,33.84024977355073,34.02850918748206,34.381481900019146,34.41190753013949,34.41190753013949,34.41190753013949,34.41190753013949,34.41190753013949,34.43811155209425,34.65786932606303,34.69910544926263,34.69910544926263,34.69910544926263,34.69910544926263,34.69910544926263,34.69910544926263,34.69910544926263,34.7005469028002,,,,,,,,,,,,,,,,,,,,,,,,,,,,,,,,,,,,,29.33166666666667,29.14253043071161,29.03251709525185,29.65188274884874,29.65188274884874,29.73314776274713,31.45985948121985,31.45985948121985,31.45985948121985,31.46680785550674,31.58200474555735,31.58200474555735,31.596084883874372,32.7137629298588,33.180867646267316,33.41742599710058,33.477260855126616,33.477260855126616,33.477260855126616,33.477260855126616,33.49553135068154,33.9734841925751,33.99142712227922,34.03697077103741,34.2804160710504,34.2804160710504,34.2804160710504,34.28858674425355,34.40308882975353,34.40308882975353,34.40308882975353,34.40308882975353,34.40308882975353,34.40308882975353,34.40308882975353,34.57534752971663,34.6622069054,34.66377376281723,,,,,,29.14253043071161,33.9734841925751,,,,33.372989920180125,29.867015602738917,31.708691832009613,31.51856040604816,#000000,2.2793170108687066,29.39107308461331,-0.10137821264504253,46.38723448782504,1.011423507310127,True,False,False,True,False,0.0,30.3858,32.949475,0.0,0.0,0.0,0.0,0,0.8675877950489349,1.1074649779312993,False,False,False,False,-0.24236480242520844,-0.2224687013296644,False,False,False,False,-4307.0,-3217.128993006833,False,False,False,False,80.04633044037492,False,False,False,False
2025-04-14 15:00:00+00:00,29.16,29.16,29.16,29.16,0.0,,,,,,,,,,,,,,,,,,,,,,,,,,,,,29.612274837511606,29.215958473154362,29.299626436781608,29.299626436781608,29.299626436781608,29.299626436781608,29.299626436781608,29.299626436781608,29.516932234432232,30.807374136749434,32.475416580738305,33.372989920180125,33.477260855126616,33.84024977355073,34.02850918748206,34.381481900019146,34.41190753013949,34.41190753013949,34.41190753013949,34.41190753013949,34.41190753013949,34.43811155209425,34.65786932606303,34.69910544926263,34.69910544926263,34.69910544926263,34.69910544926263,34.69910544926263,34.69910544926263,34.69910544926263,34.7005469028002,,,,,,,,,,,,,,,,,,,,,,,,,,,,,,,,,,,,,29.33166666666667,29.14253043071161,29.03251709525185,29.65188274884874,29.65188274884874,29.73314776274713,31.45985948121985,31.45985948121985,31.45985948121985,31.46680785550674,31.58200474555735,31.58200474555735,31.596084883874372,32.7137629298588,33.180867646267316,33.41742599710058,33.477260855126616,33.477260855126616,33.477260855126616,33.477260855126616,33.49553135068154,33.9734841925751,33.99142712227922,34.03697077103741,34.2804160710504,34.2804160710504,34.2804160710504,34.28858674425355,34.40308882975353,34.40308882975353,34.40308882975353,34.40308882975353,34.40308882975353,34.40308882975353,34.40308882975353,34.57534752971663,34.6622069054,34.66377376281723,,,,,,29.14253043071161,33.9734841925751,,,,33.372989920180125,29.867015602738917,31.708691832009613,31.51856040604816,#000000,2.2739296105801694,29.39107308461331,-0.10161839818531347,44.79455914553947,-0.6079783059673503,True,False,False,True,False,0.0,30.2944,32.915875,0.0,0.0,0.0,0.0,0,0.8648648648648648,1.130238934586761,False,False,False,False,-0.24236480242520844,-0.23241675187743643,False,False,False,False,-4307.0,-3234.026217921455,False,False,False,False,78.80530206145437,False,False,False,False
2025-04-14 16:00:00+00:00,29.16,29.16,29.16,29.16,0.0,,,,,,,,,,,,,,,,,,,,,,,,,,,,,29.612274837511606,29.215958473154362,29.299626436781608,29.299626436781608,29.299626436781608,29.299626436781608,29.299626436781608,29.299626436781608,29.516932234432232,30.807374136749434,32.475416580738305,33.372989920180125,33.477260855126616,33.84024977355073,34.02850918748206,34.381481900019146,34.41190753013949,34.41190753013949,34.41190753013949,34.41190753013949,34.41190753013949,34.43811155209425,34.65786932606303,34.69910544926263,34.69910544926263,34.69910544926263,34.69910544926263,34.69910544926263,34.69910544926263,34.69910544926263,34.7005469028002,,,,,,,,,,,,,,,,,,,,,,,,,,,,,,,,,,,,,29.33166666666667,29.14253043071161,29.03251709525185,29.65188274884874,29.65188274884874,29.73314776274713,31.45985948121985,31.45985948121985,31.45985948121985,31.46680785550674,31.58200474555735,31.58200474555735,31.596084883874372,32.7137629298588,33.180867646267316,33.41742599710058,33.477260855126616,33.477260855126616,33.477260855126616,33.477260855126616,33.49553135068154,33.9734841925751,33.99142712227922,34.03697077103741,34.2804160710504,34.2804160710504,34.2804160710504,34.28858674425355,34.40308882975353,34.40308882975353,34.40308882975353,34.40308882975353,34.40308882975353,34.40308882975353,34.40308882975353,34.57534752971663,34.6622069054,34.66377376281723,,,,,,29.14253043071161,33.9734841925751,,,,33.372989920180125,29.867015602738917,31.708691832009613,31.51856040604816,#000000,2.2665269657530844,29.39107308461331,-0.10195029139506984,43.73277558401576,-1.7645869547132378,True,False,False,True,False,0.0,30.187600000000003,32.882275,0.0,0.0,0.0,0.0,0,0.8456112852664576,1.1293103448275863,False,False,False,False,-0.24236480242520844,-0.23739077715132245,False,False,False,False,-4307.0,-3250.661470356781,False,False,False,False,77.58351443259461,False,False,False,False
2025-04-14 17:00:00+00:00,29.16,29.16,29.16,29.16,0.0,,,,,,,,,,,,,,,,,,,,,,,,,,,,,29.612274837511606,29.215958473154362,29.299626436781608,29.299626436781608,29.299626436781608,29.299626436781608,29.299626436781608,29.299626436781608,29.516932234432232,30.807374136749434,32.475416580738305,33.372989920180125,33.477260855126616,33.84024977355073,34.02850918748206,34.381481900019146,34.41190753013949,34.41190753013949,34.41190753013949,34.41190753013949,34.41190753013949,34.43811155209425,34.65786932606303,34.69910544926263,34.69910544926263,34.69910544926263,34.69910544926263,34.69910544926263,34.69910544926263,34.69910544926263,34.7005469028002,,,,,,,,,,,,,,,,,,,,,,,,,,,,,,,,,,,,,29.33166666666667,29.14253043071161,29.03251709525185,29.65188274884874,29.65188274884874,29.73314776274713,31.45985948121985,31.45985948121985,31.45985948121985,31.46680785550674,31.58200474555735,31.58200474555735,31.596084883874372,32.7137629298588,33.180867646267316,33.41742599710058,33.477260855126616,33.477260855126616,33.477260855126616,33.477260855126616,33.49553135068154,33.9734841925751,33.99142712227922,34.03697077103741,34.2804160710504,34.2804160710504,34.2804160710504,34.28858674425355,34.40308882975353,34.40308882975353,34.40308882975353,34.40308882975353,34.40308882975353,34.40308882975353,34.40308882975353,34.57534752971663,34.6622069054,34.66377376281723,,,,,,29.14253043071161,33.9734841925751,,,,33.372989920180125,29.867015602738917,31.708691832009613,31.51856040604816,#000000,2.2578530183011556,29.39107308461331,-0.10234195173039806,43.024919876333286,-2.642450645900503,True,False,False,True,False,0.0,30.0808,32.849525,0.0,0.0,0.0,0.0,0,0.8456112852664576,1.1289184952978057,False,False,False,False,-0.24236480242520844,-0.23987778978826546,False,False,False,False,-4307.0,-3267.038811901637,False,False,False,False,76.38066924759315,False,False,False,False
2025-04-14 18:00:00+00:00,29.16,29.61,29.16,29.61,0.0,,,,,,,,,,,,,,,,,,,,,,,,,,,,,29.612274837511606,29.215958473154362,29.299626436781608,29.299626436781608,29.299626436781608,29.299626436781608,29.299626436781608,29.299626436781608,29.516932234432232,30.807374136749434,32.475416580738305,33.372989920180125,33.477260855126616,33.84024977355073,34.02850918748206,34.381481900019146,34.41190753013949,34.41190753013949,34.41190753013949,34.41190753013949,34.41190753013949,34.43811155209425,34.65786932606303,34.69910544926263,34.69910544926263,34.69910544926263,34.69910544926263,34.69910544926263,34.69910544926263,34.69910544926263,34.7005469028002,,,,,,,,,,,,,,,,,,,,,,,,,,,,,,,,,,,,,29.33166666666667,29.14253043071161,29.03251709525185,29.65188274884874,29.65188274884874,29.73314776274713,31.45985948121985,31.45985948121985,31.45985948121985,31.46680785550674,31.58200474555735,31.58200474555735,31.596084883874372,32.7137629298588,33.180867646267316,33.41742599710058,33.477260855126616,33.477260855126616,33.477260855126616,33.477260855126616,33.49553135068154,33.9734841925751,33.99142712227922,34.03697077103741,34.2804160710504,34.2804160710504,34.2804160710504,34.28858674425355,34.40308882975353,34.40308882975353,34.40308882975353,34.40308882975353,34.40308882975353,34.40308882975353,34.40308882975353,34.57534752971663,34.6622069054,34.66377376281723,,,,,,29.14253043071161,33.9734841925751,,,,33.372989920180125,29.867015602738917,31.708691832009613,31.51856040604816,#000000,2.2420846015170204,29.39107308461331,0.09764435973493613,47.251405317524345,-2.642450645900503,True,False,False,True,True,0.0,29.983,32.819024999999996,0.0,0.0,0.0,0.0,0,0.8537105212168183,1.110056190660725,False,False,False,False,-0.21805157352795712,-0.2289646816581113,False,False,False,False,-4307.0,-3283.1622411744797,False,False,False,False,75.19647282514984,False,False,False,False
2025-04-14 19:00:00+00:00,29.61,29.65,29.56,29.58,482.0,,,,,,,,,,,,,,,,,,,,,,,,,,,,,29.607449219585202,29.27998546173529,29.3292566915011,29.3292566915011,29.3292566915011,29.3292566915011,29.3292566915011,29.3292566915011,29.524569753577104,30.721619397501836,32.38309124581365,33.2820986883718,33.38627255922558,33.74959260408357,33.93838396197227,34.2947372149296,34.32558528904923,34.32558528904923,34.32558528904923,34.32558528904923,34.32558528904923,34.352286747578766,34.58881450448664,34.632571105219476,34.632571105219476,34.632571105219476,34.632571105219476,34.632571105219476,34.632571105219476,34.632571105219476,34.63408546084919,,,,,,,,,,,,,,,,,,,,,,,,,,,,,,,,,,,,,29.535382775119615,29.22614145658263,29.101479837687037,29.646751815436026,29.646751815436026,29.720705188827935,31.362866400259204,31.362866400259204,31.362866400259204,31.370493286319764,31.48986793118942,31.48986793118942,31.5050477045154,32.62197721302463,33.09023311123938,33.32650942930491,33.38627255922558,33.38627255922558,33.38627255922558,33.38627255922558,33.40455721224444,33.883140051104164,33.901226366888096,33.94688631197913,34.19245662224992,34.19245662224992,34.19245662224992,34.20074081986741,34.31660301638855,34.31660301638855,34.31660301638855,34.31660301638855,34.31660301638855,34.31660301638855,34.31660301638855,34.49553497189609,34.59353803389956,34.59527629758432,,,,,,29.22614145658263,33.883140051104164,,,,33.2820986883718,29.872273467879637,31.672284070599982,31.470244946677617,#000000,2.2248394354453715,29.42734724468985,0.06861293128759578,49.73887309512878,-4.894059190191861,True,False,False,False,True,0.0,29.8846,32.7898,0.0,0.0,0.0,0.0,0,0.8696659586792815,1.1017570959644722,False,False,False,False,-0.19452176671892815,-0.2117432241885197,False,False,False,False,-4789.0,-3306.508563016736,False,False,False,False,81.50350425421729,False,False,False,False
2025-04-15 14:00:00+00:00,29.71,30.47,29.71,30.215,300.0,,,,,,,,,,,,,,,,,,,,,,,,,,,,30.131666666666668,29.69204590281513,29.360688039587284,29.376162964406337,29.376162964406337,29.376162964406337,29.376162964406337,29.376162964406337,29.376162964406337,29.55872749437359,30.69670935960591,32.33902918216018,33.235600134474744,33.33945941410558,33.70211741463273,33.89080396078105,34.24828647053718,34.279306715219285,34.279306715219285,34.279306715219285,34.279306715219285,34.279306715219285,34.3062268703771,34.55128273500434,34.59633582903963,34.59633582903963,34.59633582903963,34.59633582903963,34.59633582903963,34.59633582903963,34.59633582903963,34.59788753405689,,,,,,,,,,,,,,,,,,,,,,,,,,,,,,,,,,,,,29.72835490830636,29.31923863376742,29.17431887815225,29.6732643824798,29.6732643824798,29.74277220929538,31.324226383512915,31.324226383512915,31.324226383512915,31.33201642682127,31.451737631792373,31.451737631792373,31.467199614183354,32.5771578978943,33.04438992476286,33.27988300252969,33.33945941410558,33.33945941410558,33.33945941410558,33.33945941410558,33.35770569897092,33.835554662945896,33.85367894382779,33.899311039986706,34.14554000102698,34.14554000102698,34.14554000102698,34.153869285312034,34.270253073430055,34.270253073430055,34.270253073430055,34.270253073430055,34.270253073430055,34.270253073430055,34.270253073430055,34.45242368360391,34.55620644615498,34.55803403233581,,,,,,29.31923863376742,33.835554662945896,,,,33.235600134474744,29.849035389725323,31.464501598591795,31.462292616560916,#000000,2.200907271971988,29.515113216096633,0.3179992146040191,55.887768724586145,0.7230148544596133,True,False,True,False,True,0.0,29.7989,32.765675,0.0,0.0,0.0,0.0,0,0.8755605381165917,1.0674514200298957,False,False,False,False,-0.14335458429698758,-0.17754890424275366,False,False,False,False,-4489.0,-3324.84176359012,False,False,False,False,84.89104682391934,False,False,False,False
2025-04-15 15:00:00+00:00,30.215,30.305,30.215,30.3,0.0,,,,,,,,,,,,,,,,,,,,,,,,,,,,30.131666666666668,29.69204590281513,29.360688039587284,29.376162964406337,29.376162964406337,29.376162964406337,29.376162964406337,29.376162964406337,29.376162964406337,29.55872749437359,30.69670935960591,32.33902918216018,33.235600134474744,33.33945941410558,33.70211741463273,33.89080396078105,34.24828647053718,34.279306715219285,34.279306715219285,34.279306715219285,34.279306715219285,34.279306715219285,34.3062268703771,34.55128273500434,34.59633582903963,34.59633582903963,34.59633582903963,34.59633582903963,34.59633582903963,34.59633582903963,34.59633582903963,34.59788753405689,,,,,,,,,,,,,,,,,,,,,,,,,,,,,,,,,,,,,29.72835490830636,29.31923863376742,29.17431887815225,29.6732643824798,29.6732643824798,29.74277220929538,31.324226383512915,31.324226383512915,31.324226383512915,31.33201642682127,31.451737631792373,31.451737631792373,31.467199614183354,32.5771578978943,33.04438992476286,33.27988300252969,33.33945941410558,33.33945941410558,33.33945941410558,33.33945941410558,33.35770569897092,33.835554662945896,33.85367894382779,33.899311039986706,34.14554000102698,34.14554000102698,34.14554000102698,34.153869285312034,34.270253073430055,34.270253073430055,34.270253073430055,34.270253073430055,34.270253073430055,34.270253073430055,34.270253073430055,34.45242368360391,34.55620644615498,34.55803403233581,,,,,,29.31923863376742,33.835554662945896,,,,33.235600134474744,29.849035389725323,31.464501598591795,31.462292616560916,#000000,2.1749961168028458,29.515113216096633,0.3608681311381458,60.44173440255442,4.687808305160345,True,False,True,False,True,0.0,29.714899999999997,32.741425,0.0,0.0,0.0,0.0,0,0.8944911297852471,1.0754435107376286,False,False,False,False,-0.12560790345606548,-0.15157840384940957,False,False,False,False,-4489.0,-3342.8907284956995,False,False,False,False,83.57490656308337,False,False,False,False
2025-04-15 16:00:00+00:00,30.3,30.3,30.3,30.3,0.0,,,,,,,,,,,,,,,,,,,,,,,,,,,,30.131666666666668,29.69204590281513,29.360688039587284,29.376162964406337,29.376162964406337,29.376162964406337,29.376162964406337,29.376162964406337,29.376162964406337,29.55872749437359,30.69670935960591,32.33902918216018,33.235600134474744,33.33945941410558,33.70211741463273,33.89080396078105,34.24828647053718,34.279306715219285,34.279306715219285,34.279306715219285,34.279306715219285,34.279306715219285,34.3062268703771,34.55128273500434,34.59633582903963,34.59633582903963,34.59633582903963,34.59633582903963,34.59633582903963,34.59633582903963,34.59633582903963,34.59788753405689,,,,,,,,,,,,,,,,,,,,,,,,,,,,,,,,,,,,,29.72835490830636,29.31923863376742,29.17431887815225,29.6732643824798,29.6732643824798,29.74277220929538,31.324226383512915,31.324226383512915,31.324226383512915,31.33201642682127,31.451737631792373,31.451737631792373,31.467199614183354,32.5771578978943,33.04438992476286,33.27988300252969,33.33945941410558,33.33945941410558,33.33945941410558,33.33945941410558,33.35770569897092,33.835554662945896,33.85367894382779,33.899311039986706,34.14554000102698,34.14554000102698,34.14554000102698,34.153869285312034,34.270253073430055,34.270253073430055,34.270253073430055,34.270253073430055,34.270253073430055,34.270253073430055,34.270253073430055,34.45242368360391,34.55620644615498,34.55803403233581,,,,,,29.31923863376742,33.835554662945896,,,,33.235600134474744,29.849035389725323,31.464501598591795,31.462292616560916,#000000,2.1475389392266764,29.515113216096633,0.3654819801246552,63.47771152119992,7.273274530385841,True,False,True,False,True,0.0,29.666900000000002,32.716325000000005,0.0,0.0,0.0,0.0,0,0.8948646125116713,1.0756302521008405,False,False,False,False,-0.12144403264342699,-0.13651121824641826,False,False,False,False,-4489.0,-3360.659864488014,False,False,False,False,82.2791715776092,False,False,False,False
2025-04-15 17:00:00+00:00,30.3,30.3,30.205,30.205,0.0,,,,,,,,,,,,,,,,,,,,,,,,,,,,30.131666666666668,29.69204590281513,29.360688039587284,29.376162964406337,29.376162964406337,29.376162964406337,29.376162964406337,29.376162964406337,29.376162964406337,29.55872749437359,30.69670935960591,32.33902918216018,33.235600134474744,33.33945941410558,33.70211741463273,33.89080396078105,34.24828647053718,34.279306715219285,34.279306715219285,34.279306715219285,34.279306715219285,34.279306715219285,34.3062268703771,34.55128273500434,34.59633582903963,34.59633582903963,34.59633582903963,34.59633582903963,34.59633582903963,34.59633582903963,34.59633582903963,34.59788753405689,,,,,,,,,,,,,,,,,,,,,,,,,,,,,,,,,,,,,29.72835490830636,29.31923863376742,29.17431887815225,29.6732643824798,29.6732643824798,29.74277220929538,31.324226383512915,31.324226383512915,31.324226383512915,31.33201642682127,31.451737631792373,31.451737631792373,31.467199614183354,32.5771578978943,33.04438992476286,33.27988300252969,33.33945941410558,33.33945941410558,33.33945941410558,33.33945941410558,33.35770569897092,33.835554662945896,33.85367894382779,33.899311039986706,34.14554000102698,34.14554000102698,34.14554000102698,34.153869285312034,34.270253073430055,34.270253073430055,34.270253073430055,34.270253073430055,34.270253073430055,34.270253073430055,34.270253073430055,34.45242368360391,34.55620644615498,34.55803403233581,,,,,,29.31923863376742,33.835554662945896,,,,33.235600134474744,29.849035389725323,31.464501598591795,31.462292616560916,#000000,2.1214732005236066,29.515113216096633,0.32519231623246153,64.17602747856147,7.861609399854984,True,False,True,False,True,0.0,29.6275,32.6911,0.0,0.0,0.0,0.0,0,0.8911131898971,1.081197380729654,False,False,False,False,-0.126389107532346,-0.13145016288938213,False,False,False,False,-4489.0,-3378.1535099998277,False,False,False,False,81.00352550663851,False,False,False,False
2025-04-15 18:00:00+00:00,30.205,30.205,30.12,30.12,200.0,,,,,,,,,,,,,,,,,,,,,,,,,,,,30.138333333333335,29.736367168528407,29.40748811645871,29.405126594148534,29.405126594148534,29.405126594148534,29.405126594148534,29.405126594148534,29.405126594148534,29.580043685225352,30.681695642254162,32.31081492691094,33.20551861054274,33.30915000554052,33.671298022721366,33.85987700740986,34.21801399195186,34.249139311838945,34.249139311838945,34.249139311838945,34.249139311838945,34.249139311838945,34.276195136631756,34.526703789506975,34.57259035340592,34.57259035340592,34.57259035340592,34.57259035340592,34.57259035340592,34.57259035340592,34.57259035340592,34.574166066906564,,,,,,,,,,,,,,,,,,,,,,,,,,,,,,,,,,,,,29.802885241052937,29.372419820397692,29.218163778227925,29.68997157259246,29.68997157259246,29.756788491446336,31.300127745329096,31.300127745329096,31.300127745329096,31.308004192446834,31.427791199706043,31.427791199706043,31.443406248120755,32.54836159029384,33.01477940800575,33.249708116528566,33.30915000554052,33.30915000554052,33.30915000554052,33.30915000554052,33.32736706527391,33.80463586432435,33.82278046475428,33.868385343666695,34.11498732451782,34.11498732451782,34.11498732451782,34.12334393893207,34.24004147274037,34.24004147274037,34.24004147274037,34.24004147274037,34.24004147274037,34.24004147274037,34.24004147274037,34.42426200368589,34.531756295762136,34.53364139654091,,,,,,29.372419820397692,33.80463586432435,,,,33.20551861054274,29.870263561149407,31.464838900564256,31.45435128446336,#000000,2.1005972917199784,29.54727346411831,0.2726493736515966,63.45195696050908,7.861609399854984,True,False,True,False,True,0.0,29.586400000000005,32.665175,0.0,0.0,0.0,0.0,0,0.884694449635582,1.0846570734442162,False,False,False,False,-0.1357758145559849,-0.1336129887226835,False,False,False,False,-4689.0,-3398.476711395179,False,False,False,False,82.84843208793095,False,False,False,False
2025-04-15 19:00:00+00:00,30.12,30.205,30.08,30.205,857.0,,,,,,,,,,,,,,,,,,,,,,,,,,,,30.15412183738639,29.861850708733424,29.560876549056754,29.510116604728815,29.510116604728815,29.510116604728815,29.510116604728815,29.510116604728815,29.510116604728815,29.658284290707982,30.627268234909742,32.19850004068514,33.083592183822056,33.186125231967395,33.54561025405187,33.73345783949878,34.093663100009536,34.12516481376575,34.12516481376575,34.12516481376575,34.12516481376575,34.12516481376575,34.15272427925876,34.42476810962089,34.473982977131755,34.473982977131755,34.473982977131755,34.473982977131755,34.473982977131755,34.473982977131755,34.473982977131755,34.47565455714235,,,,,,,,,,,,,,,,,,,,,,,,,,,,,,,,,,,,,29.958582829301072,29.542938784067086,29.370995911949684,29.751962866748162,29.751962866748162,29.809228125627122,31.20835751067571,31.20835751067571,31.20835751067571,31.21646043299739,31.33551151040336,31.33551151040336,31.351551396913116,32.43305248410998,32.895096320240334,33.12732699455576,33.186125231967395,33.186125231967395,33.186125231967395,33.186125231967395,33.20419195360529,33.67833684096919,33.696531674784964,33.741957727785525,33.98966565518262,33.98966565518262,33.98966565518262,33.99811870410686,34.11590350814857,34.11590350814857,34.11590350814857,34.11590350814857,34.11590350814857,34.11590350814857,34.11590350814857,34.30805732348947,34.4303356992568,34.4324511658066,,,,,,29.542938784067086,33.67833684096919,,,,33.083592183822056,29.936692258281777,31.456977217024964,31.412487774698057,#000000,2.0803773955961518,29.651514946238734,0.2660503113199121,63.69998994436807,7.861609399854984,True,False,True,False,True,0.0,29.547000000000004,32.639675000000004,0.0,0.0,0.0,0.0,0,0.8837425595238092,1.0822172619047623,False,False,False,False,-0.13786492550017768,-0.13573895711143058,False,False,False,False,-3832.0,-3405.1980026913775,False,False,False,False,94.85078197804054,False,False,False,False
2025-04-16 14:00:00+00:00,30.205,30.205,30.04,30.04,129.0,,,,,,,,,,,,,,,,,,,,,,,,,,,,30.148989457155672,29.871727969348658,29.576708792892163,29.522058668354962,29.522058668354962,29.522058668354962,29.522058668354962,29.522058668354962,29.522058668354962,29.66692748286795,30.61898665219314,32.18206943182965,33.06567063344492,33.1680353551392,33.52710024395654,33.71482352707639,34.07528859283534,34.10684136326789,34.10684136326789,34.10684136326789,34.10684136326789,34.10684136326789,34.13447046310503,34.409595749689856,34.459291460771546,34.459291460771546,34.459291460771546,34.459291460771546,34.459291460771546,34.459291460771546,34.459291460771546,34.46097690103286,,,,,,,,,,,,,,,,,,,,,,,,,,,,,,,,,,,,,29.966911184729447,29.560291585445096,29.388199177257935,29.758594335381385,29.758594335381385,29.814670997588454,31.19499100356755,31.19499100356755,31.19499100356755,31.203120792992166,31.322032232704405,31.322032232704405,31.338124033576324,32.416160365910585,32.87751650687045,33.10933554104193,33.1680353551392,33.1680353551392,33.1680353551392,33.1680353551392,33.186078519923534,33.65972547677524,33.67792544386597,33.723321317276714,33.97116197701826,33.97116197701826,33.97116197701826,33.97962798384135,34.09755750480435,34.09755750480435,34.09755750480435,34.09755750480435,34.09755750480435,34.09755750480435,34.09755750480435,34.29083283153212,34.415237748141735,34.41738651661191,,,,,,29.560291585445096,33.65972547677524,,,,33.06567063344492,29.942396349553682,31.453460211933656,31.404634887642167,#000000,2.0611700254644654,29.66174316662318,0.18351559003075632,61.47084493256586,7.861609399854984,True,False,True,False,False,0.0,29.508899999999997,32.61335,0.0,0.0,0.0,0.0,0,0.8829728230726565,1.0817156590867076,False,False,False,False,-0.13995523295544507,-0.13784709503343784,False,False,False,False,-3961.0,-3413.8150879209684,False,False,False,False,95.38022721869108,False,False,False,False
2025-04-16 15:00:00+00:00,30.04,30.04,30.04,30.04,0.0,,,,,,,,,,,,,,,,,,,,,,,,,,,,30.148989457155672,29.871727969348658,29.576708792892163,29.522058668354962,29.522058668354962,29.522058668354962,29.522058668354962,29.522058668354962,29.522058668354962,29.66692748286795,30.61898665219314,32.18206943182965,33.06567063344492,33.1680353551392,33.52710024395654,33.71482352707639,34.07528859283534,34.10684136326789,34.10684136326789,34.10684136326789,34.10684136326789,34.10684136326789,34.13447046310503,34.409595749689856,34.459291460771546,34.459291460771546,34.459291460771546,34.459291460771546,34.459291460771546,34.459291460771546,34.459291460771546,34.46097690103286,,,,,,,,,,,,,,,,,,,,,,,,,,,,,,,,,,,,,29.966911184729447,29.560291585445096,29.388199177257935,29.758594335381385,29.758594335381385,29.814670997588454,31.19499100356755,31.19499100356755,31.19499100356755,31.203120792992166,31.322032232704405,31.322032232704405,31.338124033576324,32.416160365910585,32.87751650687045,33.10933554104193,33.1680353551392,33.1680353551392,33.1680353551392,33.1680353551392,33.186078519923534,33.65972547677524,33.67792544386597,33.723321317276714,33.97116197701826,33.97116197701826,33.97116197701826,33.97962798384135,34.09755750480435,34.09755750480435,34.09755750480435,34.09755750480435,34.09755750480435,34.09755750480435,34.09755750480435,34.29083283153212,34.415237748141735,34.41738651661191,,,,,,29.560291585445096,33.65972547677524,,,,33.06567063344492,29.942396349553682,31.453460211933656,31.404634887642167,#000000,2.037314669623317,29.66174316662318,0.1856644135619742,59.984748258031054,7.861609399854984,True,False,True,False,False,0.0,29.4708,32.58855,0.0,0.0,0.0,0.0,0,0.8810150375939847,1.1060150375939852,False,False,False,False,-0.14859081655642536,-0.1432189557949316,False,False,False,False,-3961.0,-3422.2985749299455,False,False,False,False,93.90146400599819,False,False,False,False
2025-04-16 16:00:00+00:00,30.04,30.04,30.04,30.04,0.0,,,,,,,,,,,,,,,,,,,,,,,,,,,,30.148989457155672,29.871727969348658,29.576708792892163,29.522058668354962,29.522058668354962,29.522058668354962,29.522058668354962,29.522058668354962,29.522058668354962,29.66692748286795,30.61898665219314,32.18206943182965,33.06567063344492,33.1680353551392,33.52710024395654,33.71482352707639,34.07528859283534,34.10684136326789,34.10684136326789,34.10684136326789,34.10684136326789,34.10684136326789,34.13447046310503,34.409595749689856,34.459291460771546,34.459291460771546,34.459291460771546,34.459291460771546,34.459291460771546,34.459291460771546,34.459291460771546,34.46097690103286,,,,,,,,,,,,,,,,,,,,,,,,,,,,,,,,,,,,,29.966911184729447,29.560291585445096,29.388199177257935,29.758594335381385,29.758594335381385,29.814670997588454,31.19499100356755,31.19499100356755,31.19499100356755,31.203120792992166,31.322032232704405,31.322032232704405,31.338124033576324,32.416160365910585,32.87751650687045,33.10933554104193,33.1680353551392,33.1680353551392,33.1680353551392,33.1680353551392,33.186078519923534,33.65972547677524,33.67792544386597,33.723321317276714,33.97116197701826,33.97116197701826,33.97116197701826,33.97962798384135,34.09755750480435,34.09755750480435,34.09755750480435,34.09755750480435,34.09755750480435,34.09755750480435,34.09755750480435,34.29083283153212,34.415237748141735,34.41738651661191,,,,,,29.560291585445096,33.65972547677524,,,,33.06567063344492,29.942396349553682,31.453460211933656,31.404634887642167,#000000,2.0120163970458282,29.66174316662318,0.18799888208277096,58.99401714167451,7.861609399854984,True,False,True,False,False,0.0,29.4906,32.559525,0.0,0.0,0.0,0.0,0,0.8684210526315786,1.1018796992481206,False,False,False,False,-0.14859081655642536,-0.14590488617567848,False,False,False,False,-3961.0,-3430.650535008551,False,False,False,False,92.4456273547424,False,False,False,False
2025-04-16 17:00:00+00:00,30.04,30.04,30.04,30.04,0.0,,,,,,,,,,,,,,,,,,,,,,,,,,,,30.148989457155672,29.871727969348658,29.576708792892163,29.522058668354962,29.522058668354962,29.522058668354962,29.522058668354962,29.522058668354962,29.522058668354962,29.66692748286795,30.61898665219314,32.18206943182965,33.06567063344492,33.1680353551392,33.52710024395654,33.71482352707639,34.07528859283534,34.10684136326789,34.10684136326789,34.10684136326789,34.10684136326789,34.10684136326789,34.13447046310503,34.409595749689856,34.459291460771546,34.459291460771546,34.459291460771546,34.459291460771546,34.459291460771546,34.459291460771546,34.459291460771546,34.46097690103286,,,,,,,,,,,,,,,,,,,,,,,,,,,,,,,,,,,,,29.966911184729447,29.560291585445096,29.388199177257935,29.758594335381385,29.758594335381385,29.814670997588454,31.19499100356755,31.19499100356755,31.19499100356755,31.203120792992166,31.322032232704405,31.322032232704405,31.338124033576324,32.416160365910585,32.87751650687045,33.10933554104193,33.1680353551392,33.1680353551392,33.1680353551392,33.1680353551392,33.186078519923534,33.65972547677524,33.67792544386597,33.723321317276714,33.97116197701826,33.97116197701826,33.97116197701826,33.97962798384135,34.09755750480435,34.09755750480435,34.09755750480435,34.09755750480435,34.09755750480435,34.09755750480435,34.09755750480435,34.29083283153212,34.415237748141735,34.41738651661191,,,,,,29.560291585445096,33.65972547677524,,,,33.06567063344492,29.942396349553682,31.453460211933656,31.404634887642167,#000000,1.98380896257661,29.66174316662318,0.19067200547654195,58.33352973077015,7.861609399854984,True,False,True,False,False,0.0,29.496399999999998,32.530499999999996,0.0,0.0,0.0,0.0,0,0.868346812112093,1.1025014105698705,False,False,False,False,-0.14859081655642536,-0.14724785136605192,False,False,False,False,-3961.0,-3438.873007334,False,False,False,False,91.0123618143588,False,False,False,False
2025-04-16 18:00:00+00:00,30.04,30.04,29.85,29.85,100.0,,,,,,,,,,,,,,,,,,,,,,,,,,,,30.134130937368642,29.873050874403813,29.584269991015276,29.52815518853225,29.52815518853225,29.52815518853225,29.52815518853225,29.52815518853225,29.52815518853225,29.67065075047849,30.61057700711079,32.168414685525136,33.05108458263929,33.153336795676594,33.51213516647342,33.699790743962886,34.0605157420225,34.09211334714759,34.09211334714759,34.09211334714759,34.09211334714759,34.09211334714759,34.11980151283477,34.39741504799572,34.44749909208817,34.44749909208817,34.44749909208817,34.44749909208817,34.44749909208817,34.44749909208817,34.44749909208817,34.44919574622418,,,,,,,,,,,,,,,,,,,,,,,,,,,,,,,,,,,,,29.96449013405633,29.568689343482397,29.397696991619945,29.760878980264774,29.760878980264774,29.816106503710163,31.183173044413707,31.183173044413707,31.183173044413707,31.191336531140553,31.310265619779486,31.310265619779486,31.326418556249315,32.402220922677074,32.86316002324796,33.09470317126028,33.153336795676594,33.153336795676594,33.153336795676594,33.153336795676594,33.171364923796254,33.6447020491639,33.66290912112751,33.70828822074916,33.956271955575126,33.956271955575126,33.956271955575126,33.9647494816441,34.08281030087289,34.08281030087289,34.08281030087289,34.08281030087289,34.08281030087289,34.08281030087289,34.08281030087289,34.277003180319916,34.403116956545134,34.40529250129781,,,,,,29.568689343482397,33.6447020491639,,,,33.05108458263929,29.942993537910503,31.448161422465652,31.39649888467401,#000000,1.9548975734093588,29.674812590467578,0.08961462324949071,54.64183892140127,9.556733681341626,True,False,True,False,False,0.0,29.4984,32.500525,0.0,0.0,0.0,0.0,0,0.8618113912231558,1.101587301587302,False,False,False,False,-0.15856223143771725,-0.1529050414018846,False,False,False,False,-4061.0,-3448.5183870652554,False,False,False,False,91.15170504204316,False,False,False,False
2025-04-16 19:00:00+00:00,29.85,29.85,29.85,29.85,100.0,,,,,,,,,,,,,,,,,,,,,,,,,,,,30.117278568604192,29.872340523882894,29.590107644991214,29.533092973304694,29.533092973304694,29.533092973304694,29.533092973304694,29.533092973304694,29.533092973304694,29.673320432668447,30.601619557963332,32.154544421178585,33.03634119380989,33.138485665902394,33.49703233256351,33.68462692348091,34.04562338626958,34.077266766994484,34.077266766994484,34.077266766994484,34.077266766994484,34.077266766994484,34.10501483354112,34.38512905375587,34.43560388098316,34.43560388098316,34.43560388098316,34.43560388098316,34.43560388098316,34.43560388098316,34.43560388098316,34.43731182656777,,,,,,,,,,,,,,,,,,,,,,,,,,,,,,,,,,,,29.850000000000005,29.959540279579187,29.575225371747212,29.405732220050925,29.76217566322324,29.76217566322324,29.816592571346614,31.17099238617329,31.17099238617329,31.17099238617329,31.179192243850913,31.298169317428762,31.298169317428762,31.314387766188617,32.388085110311096,32.848636670362005,33.079915534895036,33.138485665902394,33.138485665902394,33.138485665902394,33.138485665902394,33.15649957481091,33.629545672404845,33.64776049529864,33.69312437771839,33.94125926196743,33.94125926196743,33.94125926196743,33.94974857212298,34.06794425127899,34.06794425127899,34.06794425127899,34.06794425127899,34.06794425127899,34.06794425127899,34.06794425127899,34.26306118057085,34.39089119810964,34.39309365682965,,,,,,29.575225371747212,33.629545672404845,,,,33.03634119380989,29.87633255547277,31.442083939606327,31.223321594293132,#000000,1.9241574311420278,29.680371575702637,0.08815724823341854,52.18071171515535,7.1293122984569735,True,False,False,False,False,0.0,29.511,32.47295,0.0,0.0,0.0,0.0,0,0.8618113912231558,1.108683473389356,False,False,False,False,-0.16856501551530398,-0.16073502845859428,False,False,False,False,-4061.0,-3458.014226025484,False,False,False,False,91.28888790960839,False,False,False,False
2025-04-17 14:00:00+00:00,30.37,30.37,30.37,30.37,0.0,,,,,,,,,,,,,,,,,,,,,,,,,,,,30.117278568604192,29.872340523882894,29.590107644991214,29.533092973304694,29.533092973304694,29.533092973304694,29.533092973304694,29.533092973304694,29.533092973304694,29.673320432668447,30.601619557963332,32.154544421178585,33.03634119380989,33.138485665902394,33.49703233256351,33.68462692348091,34.04562338626958,34.077266766994484,34.077266766994484,34.077266766994484,34.077266766994484,34.077266766994484,34.10501483354112,34.38512905375587,34.43560388098316,34.43560388098316,34.43560388098316,34.43560388098316,34.43560388098316,34.43560388098316,34.43560388098316,34.43731182656777,,,,,,,,,,,,,,,,,,,,,,,,,,,,,,,,,,,,29.850000000000005,29.959540279579187,29.575225371747212,29.405732220050925,29.76217566322324,29.76217566322324,29.816592571346614,31.17099238617329,31.17099238617329,31.17099238617329,31.179192243850913,31.298169317428762,31.298169317428762,31.314387766188617,32.388085110311096,32.848636670362005,33.079915534895036,33.138485665902394,33.138485665902394,33.138485665902394,33.138485665902394,33.15649957481091,33.629545672404845,33.64776049529864,33.69312437771839,33.94125926196743,33.94125926196743,33.94125926196743,33.94974857212298,34.06794425127899,34.06794425127899,34.06794425127899,34.06794425127899,34.06794425127899,34.06794425127899,34.06794425127899,34.26306118057085,34.39089119810964,34.39309365682965,,,,,,29.575225371747212,33.629545672404845,,,,33.03634119380989,29.87633255547277,31.442083939606327,31.223321594293132,#000000,1.883471272951965,29.680371575702637,0.3661475671017321,57.0816903431166,7.1293122984569735,True,False,True,False,True,0.0,29.534000000000002,32.447975,0.0,0.0,0.0,0.0,0,0.8644440373694814,1.1066129327715701,False,False,False,False,-0.11416724190017584,-0.13745113517938506,False,False,False,False,-4061.0,-3467.362842676251,False,False,False,False,89.87355631411059,False,False,False,False
2025-04-17 15:00:00+00:00,30.37,30.37,30.37,30.37,0.0,,,,,,,,,,,,,,,,,,,,,,,,,,,,30.117278568604192,29.872340523882894,29.590107644991214,29.533092973304694,29.533092973304694,29.533092973304694,29.533092973304694,29.533092973304694,29.533092973304694,29.673320432668447,30.601619557963332,32.154544421178585,33.03634119380989,33.138485665902394,33.49703233256351,33.68462692348091,34.04562338626958,34.077266766994484,34.077266766994484,34.077266766994484,34.077266766994484,34.077266766994484,34.10501483354112,34.38512905375587,34.43560388098316,34.43560388098316,34.43560388098316,34.43560388098316,34.43560388098316,34.43560388098316,34.43560388098316,34.43731182656777,,,,,,,,,,,,,,,,,,,,,,,,,,,,,,,,,,,,29.850000000000005,29.959540279579187,29.575225371747212,29.405732220050925,29.76217566322324,29.76217566322324,29.816592571346614,31.17099238617329,31.17099238617329,31.17099238617329,31.179192243850913,31.298169317428762,31.298169317428762,31.314387766188617,32.388085110311096,32.848636670362005,33.079915534895036,33.138485665902394,33.138485665902394,33.138485665902394,33.138485665902394,33.15649957481091,33.629545672404845,33.64776049529864,33.69312437771839,33.94125926196743,33.94125926196743,33.94125926196743,33.94974857212298,34.06794425127899,34.06794425127899,34.06794425127899,34.06794425127899,34.06794425127899,34.06794425127899,34.06794425127899,34.26306118057085,34.39089119810964,34.39309365682965,,,,,,29.575225371747212,33.629545672404845,,,,33.03634119380989,29.87633255547277,31.442083939606327,31.223321594293132,#000000,1.8413709933455522,29.680371575702637,0.374519000673727,60.3490094284241,4.7696600536593365,True,False,True,False,True,0.0,29.557,32.42255,0.0,0.0,0.0,0.0,0,0.8640955004591366,1.1094582185491277,False,False,False,False,-0.11416724190017584,-0.12580918853978046,False,False,False,False,-4061.0,-3476.5665195339834,False,False,False,False,88.48016784412438,False,False,False,False
2025-04-17 16:00:00+00:00,30.37,30.37,30.37,30.37,0.0,,,,,,,,,,,,,,,,,,,,,,,,,,,,30.117278568604192,29.872340523882894,29.590107644991214,29.533092973304694,29.533092973304694,29.533092973304694,29.533092973304694,29.533092973304694,29.533092973304694,29.673320432668447,30.601619557963332,32.154544421178585,33.03634119380989,33.138485665902394,33.49703233256351,33.68462692348091,34.04562338626958,34.077266766994484,34.077266766994484,34.077266766994484,34.077266766994484,34.077266766994484,34.10501483354112,34.38512905375587,34.43560388098316,34.43560388098316,34.43560388098316,34.43560388098316,34.43560388098316,34.43560388098316,34.43560388098316,34.43731182656777,,,,,,,,,,,,,,,,,,,,,,,,,,,,,,,,,,,,29.850000000000005,29.959540279579187,29.575225371747212,29.405732220050925,29.76217566322324,29.76217566322324,29.816592571346614,31.17099238617329,31.17099238617329,31.17099238617329,31.179192243850913,31.298169317428762,31.298169317428762,31.314387766188617,32.388085110311096,32.848636670362005,33.079915534895036,33.138485665902394,33.138485665902394,33.138485665902394,33.138485665902394,33.15649957481091,33.629545672404845,33.64776049529864,33.69312437771839,33.94125926196743,33.94125926196743,33.94125926196743,33.94974857212298,34.06794425127899,34.06794425127899,34.06794425127899,34.06794425127899,34.06794425127899,34.06794425127899,34.06794425127899,34.26306118057085,34.39089119810964,34.39309365682965,,,,,,29.575225371747212,33.629545672404845,,,,33.03634119380989,29.87633255547277,31.442083939606327,31.223321594293132,#000000,1.797000754510402,29.680371575702637,0.3837663521099942,62.52722215196243,6.750330615803797,True,False,True,False,True,0.0,29.595,32.3949,0.0,0.0,0.0,0.0,0,0.862258953168044,1.1087235996326905,False,False,False,False,-0.11416724190017584,-0.11998821521997816,False,False,False,False,-4061.0,-3485.627503727255,False,False,False,False,87.10838229615345,False,False,False,False
2025-04-17 17:00:00+00:00,30.37,30.37,30.37,30.37,0.0,,,,,,,,,,,,,,,,,,,,,,,,,,,,30.117278568604192,29.872340523882894,29.590107644991214,29.533092973304694,29.533092973304694,29.533092973304694,29.533092973304694,29.533092973304694,29.533092973304694,29.673320432668447,30.601619557963332,32.154544421178585,33.03634119380989,33.138485665902394,33.49703233256351,33.68462692348091,34.04562338626958,34.077266766994484,34.077266766994484,34.077266766994484,34.077266766994484,34.077266766994484,34.10501483354112,34.38512905375587,34.43560388098316,34.43560388098316,34.43560388098316,34.43560388098316,34.43560388098316,34.43560388098316,34.43560388098316,34.43731182656777,,,,,,,,,,,,,,,,,,,,,,,,,,,,,,,,,,,,29.850000000000005,29.959540279579187,29.575225371747212,29.405732220050925,29.76217566322324,29.76217566322324,29.816592571346614,31.17099238617329,31.17099238617329,31.17099238617329,31.179192243850913,31.298169317428762,31.298169317428762,31.314387766188617,32.388085110311096,32.848636670362005,33.079915534895036,33.138485665902394,33.138485665902394,33.138485665902394,33.138485665902394,33.15649957481091,33.629545672404845,33.64776049529864,33.69312437771839,33.94125926196743,33.94125926196743,33.94125926196743,33.94974857212298,34.06794425127899,34.06794425127899,34.06794425127899,34.06794425127899,34.06794425127899,34.06794425127899,34.06794425127899,34.26306118057085,34.39089119810964,34.39309365682965,,,,,,29.575225371747212,33.629545672404845,,,,33.03634119380989,29.87633255547277,31.442083939606327,31.223321594293132,#000000,1.7648459545361115,29.680371575702637,0.3907584242833435,63.97936396765465,8.161906928081066,True,False,True,False,True,0.0,29.632999999999996,32.36885,0.0,0.0,0.0,0.0,0,0.862258953168044,1.1087235996326905,False,False,False,False,-0.11416724190017584,-0.117077728560077,False,False,False,False,-4061.0,-3494.5480075454366,False,False,False,False,85.75786474117433,False,False,False,False
2025-04-17 18:00:00+00:00,30.37,30.37,30.37,30.37,0.0,,,,,,,,,,,,,,,,,,,,,,,,,,,,30.117278568604192,29.872340523882894,29.590107644991214,29.533092973304694,29.533092973304694,29.533092973304694,29.533092973304694,29.533092973304694,29.533092973304694,29.673320432668447,30.601619557963332,32.154544421178585,33.03634119380989,33.138485665902394,33.49703233256351,33.68462692348091,34.04562338626958,34.077266766994484,34.077266766994484,34.077266766994484,34.077266766994484,34.077266766994484,34.10501483354112,34.38512905375587,34.43560388098316,34.43560388098316,34.43560388098316,34.43560388098316,34.43560388098316,34.43560388098316,34.43560388098316,34.43731182656777,,,,,,,,,,,,,,,,,,,,,,,,,,,,,,,,,,,,29.850000000000005,29.959540279579187,29.575225371747212,29.405732220050925,29.76217566322324,29.76217566322324,29.816592571346614,31.17099238617329,31.17099238617329,31.17099238617329,31.179192243850913,31.298169317428762,31.298169317428762,31.314387766188617,32.388085110311096,32.848636670362005,33.079915534895036,33.138485665902394,33.138485665902394,33.138485665902394,33.138485665902394,33.15649957481091,33.629545672404845,33.64776049529864,33.69312437771839,33.94125926196743,33.94125926196743,33.94125926196743,33.94974857212298,34.06794425127899,34.06794425127899,34.06794425127899,34.06794425127899,34.06794425127899,34.06794425127899,34.06794425127899,34.26306118057085,34.39089119810964,34.39309365682965,,,,,,29.575225371747212,33.629545672404845,,,,33.03634119380989,29.87633255547277,31.442083939606327,31.223321594293132,#000000,1.7311640930646481,29.680371575702637,0.39836109532316355,64.94745851144945,9.239928376893765,True,False,True,False,True,0.0,29.671000000000003,32.343,0.0,0.0,0.0,0.0,0,0.8610339077265147,1.118584398740041,False,False,False,False,-0.11416724190017584,-0.11562248523012641,False,False,False,False,-4061.0,-3503.3302089788403,False,False,False,False,84.42828544286155,False,False,False,False
2025-04-17 19:00:00+00:00,30.37,30.53,30.37,30.475,222.0,,,,,,,,,,,,,,,,,,,,,,,,,,,,30.15696104122991,29.909862993942887,29.63048177628823,29.563568249258157,29.563568249258157,29.563568249258157,29.563568249258157,29.563568249258157,29.563568249258157,29.69843179634966,30.597968744022346,32.13231150735078,33.01024847269082,33.11200029675793,33.4694642419289,33.656659833398415,34.0176753816459,34.04936597788968,34.04936597788968,34.04936597788968,34.04936597788968,34.04936597788968,34.07719287694458,34.361716977753886,34.412889483432785,34.412889483432785,34.412889483432785,34.412889483432785,34.412889483432785,34.412889483432785,34.412889483432785,34.41461744983684,,,,,,,,,,,,,,,,,,,,,,,,,,,,,,,,,,,,30.2694099378882,30.003221564760022,29.618541758727357,29.44567025579673,29.783958186516323,29.783958186516323,29.836393328700478,31.1568247216501,31.1568247216501,31.1568247216501,31.164988757729063,31.283003904343584,31.283003904343584,31.299176938263702,32.36464554722694,32.823330392484166,33.05365713168503,33.11200029675793,33.11200029675793,33.11200029675793,33.11200029675793,33.1299543540882,33.60167405677185,33.61987561699223,33.66514480895608,33.91321800730156,33.91321800730156,33.91321800730156,33.92171826028256,34.04001835395249,34.04001835395249,34.04001835395249,34.04001835395249,34.04001835395249,34.04001835395249,34.04001835395249,34.236645243679945,34.36758808456116,34.36983956270186,,,,,,29.618541758727357,33.60167405677185,,,,33.01024847269082,29.921495925479377,31.446078675741187,31.240971742510283,#000000,1.6959258759084368,29.755186275164057,0.4244370199554684,66.90924023894061,11.304186356229486,True,False,True,False,True,0.0,29.711100000000002,32.317675,0.0,0.0,0.0,0.0,0,0.853011604347025,1.111991158592743,False,False,False,False,-0.10586558004394425,-0.11074403263703533,False,False,False,False,-3839.0,-3508.53439178537,False,False,False,False,86.56118024219703,False,False,False,False
2025-04-18 14:00:00+00:00,30.475,30.475,30.475,30.475,0.0,,,,,,,,,,,,,,,,,,,,,,,,,,,,30.15696104122991,29.909862993942887,29.63048177628823,29.563568249258157,29.563568249258157,29.563568249258157,29.563568249258157,29.563568249258157,29.563568249258157,29.69843179634966,30.597968744022346,32.13231150735078,33.01024847269082,33.11200029675793,33.4694642419289,33.656659833398415,34.0176753816459,34.04936597788968,34.04936597788968,34.04936597788968,34.04936597788968,34.04936597788968,34.07719287694458,34.361716977753886,34.412889483432785,34.412889483432785,34.412889483432785,34.412889483432785,34.412889483432785,34.412889483432785,34.412889483432785,34.41461744983684,,,,,,,,,,,,,,,,,,,,,,,,,,,,,,,,,,,,30.2694099378882,30.003221564760022,29.618541758727357,29.44567025579673,29.783958186516323,29.783958186516323,29.836393328700478,31.1568247216501,31.1568247216501,31.1568247216501,31.164988757729063,31.283003904343584,31.283003904343584,31.299176938263702,32.36464554722694,32.823330392484166,33.05365713168503,33.11200029675793,33.11200029675793,33.11200029675793,33.11200029675793,33.1299543540882,33.60167405677185,33.61987561699223,33.66514480895608,33.91321800730156,33.91321800730156,33.91321800730156,33.92171826028256,34.04001835395249,34.04001835395249,34.04001835395249,34.04001835395249,34.04001835395249,34.04001835395249,34.04001835395249,34.236645243679945,34.36758808456116,34.36983956270186,,,,,,29.618541758727357,33.60167405677185,,,,33.01024847269082,29.921495925479377,31.446078675741187,31.240971742510283,#000000,1.6590360682260321,29.755186275164057,0.4338746689248439,68.21709472393471,12.77104234921314,True,False,True,False,True,0.0,29.7412,32.2924,0.0,0.0,0.0,0.0,0,0.8568797200221034,1.1140173144225458,False,False,False,False,-0.10327434232113597,-0.10700918747908565,False,False,False,False,-3839.0,-3513.6578895871476,False,False,False,False,85.21914643999241,False,False,False,False
2025-04-18 15:00:00+00:00,30.475,30.475,30.475,30.475,0.0,,,,,,,,,,,,,,,,,,,,,,,,,,,,30.15696104122991,29.909862993942887,29.63048177628823,29.563568249258157,29.563568249258157,29.563568249258157,29.563568249258157,29.563568249258157,29.563568249258157,29.69843179634966,30.597968744022346,32.13231150735078,33.01024847269082,33.11200029675793,33.4694642419289,33.656659833398415,34.0176753816459,34.04936597788968,34.04936597788968,34.04936597788968,34.04936597788968,34.04936597788968,34.07719287694458,34.361716977753886,34.412889483432785,34.412889483432785,34.412889483432785,34.412889483432785,34.412889483432785,34.412889483432785,34.412889483432785,34.41461744983684,,,,,,,,,,,,,,,,,,,,,,,,,,,,,,,,,,,,30.2694099378882,30.003221564760022,29.618541758727357,29.44567025579673,29.783958186516323,29.783958186516323,29.836393328700478,31.1568247216501,31.1568247216501,31.1568247216501,31.164988757729063,31.283003904343584,31.283003904343584,31.299176938263702,32.36464554722694,32.823330392484166,33.05365713168503,33.11200029675793,33.11200029675793,33.11200029675793,33.11200029675793,33.1299543540882,33.60167405677185,33.61987561699223,33.66514480895608,33.91321800730156,33.91321800730156,33.91321800730156,33.92171826028256,34.04001835395249,34.04001835395249,34.04001835395249,34.04001835395249,34.04001835395249,34.04001835395249,34.04001835395249,34.236645243679945,34.36758808456116,34.36983956270186,,,,,,29.618541758727357,33.60167405677185,,,,33.01024847269082,29.921495925479377,31.446078675741187,31.240971742510283,#000000,1.6203818730205617,29.755186275164057,0.44422474530286876,69.08899771393077,13.875358100311772,True,False,True,False,True,0.0,29.7735,32.269975,0.0,0.0,0.0,0.0,0,0.8550102631087888,1.1285687628288863,False,False,False,False,-0.10327434232113597,-0.10514176490011082,False,False,False,False,-3839.0,-3518.7019533144785,False,False,False,False,83.89791936340339,False,False,False,False
2025-04-18 16:00:00+00:00,30.475,30.475,30.475,30.475,0.0,,,,,,,,,,,,,,,,,,,,,,,,,,,,30.15696104122991,29.909862993942887,29.63048177628823,29.563568249258157,29.563568249258157,29.563568249258157,29.563568249258157,29.563568249258157,29.563568249258157,29.69843179634966,30.597968744022346,32.13231150735078,33.01024847269082,33.11200029675793,33.4694642419289,33.656659833398415,34.0176753816459,34.04936597788968,34.04936597788968,34.04936597788968,34.04936597788968,34.04936597788968,34.07719287694458,34.361716977753886,34.412889483432785,34.412889483432785,34.412889483432785,34.412889483432785,34.412889483432785,34.412889483432785,34.412889483432785,34.41461744983684,,,,,,,,,,,,,,,,,,,,,,,,,,,,,,,,,,,,30.2694099378882,30.003221564760022,29.618541758727357,29.44567025579673,29.783958186516323,29.783958186516323,29.836393328700478,31.1568247216501,31.1568247216501,31.1568247216501,31.164988757729063,31.283003904343584,31.283003904343584,31.299176938263702,32.36464554722694,32.823330392484166,33.05365713168503,33.11200029675793,33.11200029675793,33.11200029675793,33.11200029675793,33.1299543540882,33.60167405677185,33.61987561699223,33.66514480895608,33.91321800730156,33.91321800730156,33.91321800730156,33.92171826028256,34.04001835395249,34.04001835395249,34.04001835395249,34.04001835395249,34.04001835395249,34.04001835395249,34.04001835395249,34.236645243679945,34.36758808456116,34.36983956270186,,,,,,29.618541758727357,33.60167405677185,,,,33.01024847269082,29.921495925479377,31.446078675741187,31.240971742510283,#000000,1.569312203735125,29.755186275164057,0.4586810216110685,69.67026637392814,14.755789645959808,True,False,True,False,True,0.0,29.772,32.24755,0.0,0.0,0.0,0.0,0,0.8419481246501211,1.1285687628288863,False,False,False,False,-0.10327434232113597,-0.1042080536106234,False,False,False,False,-3839.0,-3523.667814503401,False,False,False,False,82.59717642753667,False,False,False,False
2025-04-18 17:00:00+00:00,30.475,30.475,30.475,30.475,0.0,,,,,,,,,,,,,,,,,,,,,,,,,,,,30.15696104122991,29.909862993942887,29.63048177628823,29.563568249258157,29.563568249258157,29.563568249258157,29.563568249258157,29.563568249258157,29.563568249258157,29.69843179634966,30.597968744022346,32.13231150735078,33.01024847269082,33.11200029675793,33.4694642419289,33.656659833398415,34.0176753816459,34.04936597788968,34.04936597788968,34.04936597788968,34.04936597788968,34.04936597788968,34.07719287694458,34.361716977753886,34.412889483432785,34.412889483432785,34.412889483432785,34.412889483432785,34.412889483432785,34.412889483432785,34.412889483432785,34.41461744983684,,,,,,,,,,,,,,,,,,,,,,,,,,,,,,,,,,,,30.2694099378882,30.003221564760022,29.618541758727357,29.44567025579673,29.783958186516323,29.783958186516323,29.836393328700478,31.1568247216501,31.1568247216501,31.1568247216501,31.164988757729063,31.283003904343584,31.283003904343584,31.299176938263702,32.36464554722694,32.823330392484166,33.05365713168503,33.11200029675793,33.11200029675793,33.11200029675793,33.11200029675793,33.1299543540882,33.60167405677185,33.61987561699223,33.66514480895608,33.91321800730156,33.91321800730156,33.91321800730156,33.92171826028256,34.04001835395249,34.04001835395249,34.04001835395249,34.04001835395249,34.04001835395249,34.04001835395249,34.04001835395249,34.236645243679945,34.36758808456116,34.36983956270186,,,,,,29.618541758727357,33.60167405677185,,,,33.01024847269082,29.921495925479377,31.446078675741187,31.240971742510283,#000000,1.4880013743573235,29.755186275164057,0.48374533601948866,70.05777881392639,15.492594157893393,True,False,True,False,True,0.0,29.770500000000002,32.225125,0.0,0.0,0.0,0.0,0,0.8419481246501211,1.1285687628288863,False,False,False,False,-0.10327434232113597,-0.10374119796587969,False,False,False,False,-3839.0,-3528.5566855963716,False,False,False,False,81.31660004881516,False,False,False,False
2025-04-18 18:00:00+00:00,30.475,30.475,30.475,30.475,0.0,,,,,,,,,,,,,,,,,,,,,,,,,,,,30.15696104122991,29.909862993942887,29.63048177628823,29.563568249258157,29.563568249258157,29.563568249258157,29.563568249258157,29.563568249258157,29.563568249258157,29.69843179634966,30.597968744022346,32.13231150735078,33.01024847269082,33.11200029675793,33.4694642419289,33.656659833398415,34.0176753816459,34.04936597788968,34.04936597788968,34.04936597788968,34.04936597788968,34.04936597788968,34.07719287694458,34.361716977753886,34.412889483432785,34.412889483432785,34.412889483432785,34.412889483432785,34.412889483432785,34.412889483432785,34.412889483432785,34.41461744983684,,,,,,,,,,,,,,,,,,,,,,,,,,,,,,,,,,,,30.2694099378882,30.003221564760022,29.618541758727357,29.44567025579673,29.783958186516323,29.783958186516323,29.836393328700478,31.1568247216501,31.1568247216501,31.1568247216501,31.164988757729063,31.283003904343584,31.283003904343584,31.299176938263702,32.36464554722694,32.823330392484166,33.05365713168503,33.11200029675793,33.11200029675793,33.11200029675793,33.11200029675793,33.1299543540882,33.60167405677185,33.61987561699223,33.66514480895608,33.91321800730156,33.91321800730156,33.91321800730156,33.92171826028256,34.04001835395249,34.04001835395249,34.04001835395249,34.04001835395249,34.04001835395249,34.04001835395249,34.04001835395249,34.236645243679945,34.36758808456116,34.36983956270186,,,,,,29.618541758727357,33.60167405677185,,,,33.01024847269082,29.921495925479377,31.446078675741187,31.240971742510283,"rgba(38, 166, 154, 0.5)",1.3998990407609788,29.755186275164057,0.5141897407434874,70.3161204405919,16.131255934172287,True,False,True,False,True,0.0,29.769000000000002,32.2027,0.0,0.0,0.0,0.0,0,0.8428918363534466,1.1287128712871288,False,False,False,False,-0.10327434232113597,-0.10350777014350783,False,False,False,False,-3839.0,-3533.3697602382886,False,False,False,False,80.05587756743817,False,False,False,False
2025-04-18 19:00:00+00:00,30.475,30.475,30.475,30.475,0.0,,,,,,,,,,,,,,,,,,,,,,,,,,,,30.15696104122991,29.909862993942887,29.63048177628823,29.563568249258157,29.563568249258157,29.563568249258157,29.563568249258157,29.563568249258157,29.563568249258157,29.69843179634966,30.597968744022346,32.13231150735078,33.01024847269082,33.11200029675793,33.4694642419289,33.656659833398415,34.0176753816459,34.04936597788968,34.04936597788968,34.04936597788968,34.04936597788968,34.04936597788968,34.07719287694458,34.361716977753886,34.412889483432785,34.412889483432785,34.412889483432785,34.412889483432785,34.412889483432785,34.412889483432785,34.412889483432785,34.41461744983684,,,,,,,,,,,,,,,,,,,,,,,,,,,,,,,,,,,,30.2694099378882,30.003221564760022,29.618541758727357,29.44567025579673,29.783958186516323,29.783958186516323,29.836393328700478,31.1568247216501,31.1568247216501,31.1568247216501,31.164988757729063,31.283003904343584,31.283003904343584,31.299176938263702,32.36464554722694,32.823330392484166,33.05365713168503,33.11200029675793,33.11200029675793,33.11200029675793,33.11200029675793,33.1299543540882,33.60167405677185,33.61987561699223,33.66514480895608,33.91321800730156,33.91321800730156,33.91321800730156,33.92171826028256,34.04001835395249,34.04001835395249,34.04001835395249,34.04001835395249,34.04001835395249,34.04001835395249,34.04001835395249,34.236645243679945,34.36758808456116,34.36983956270186,,,,,,29.618541758727357,33.60167405677185,,,,33.01024847269082,29.921495925479377,31.446078675741187,31.240971742510283,"rgba(38, 166, 154, 0.5)",1.3036289715615677,29.755186275164057,0.5521614972807077,70.48834819170224,16.69706038618095,True,False,True,False,True,0.0,29.787500000000005,32.183025,0.0,0.0,0.0,0.0,0,0.8428918363534466,1.1275920044834673,False,False,False,False,-0.10327434232113597,-0.10339105623232189,False,False,False,False,-3839.0,-3538.1082135679276,False,False,False,False,78.81470117104378,False,False,False,False
2025-04-21 14:00:00+00:00,30.645,30.645,30.0,30.0,168.0,,,,,,,,,,,,,,,,,,,,,,,,,,,30.215,30.16165783558125,29.923965612104535,29.650352084176447,29.579410828025473,29.579410828025473,29.579410828025473,29.579410828025473,29.579410828025473,29.579410828025473,29.710641061714497,30.590724205232146,32.11348026892722,32.98900144783279,33.090496472702114,33.447272911762326,33.634229898880186,33.995387084394515,34.0271247223469,34.0271247223469,34.0271247223469,34.0271247223469,34.0271247223469,34.05502215312421,34.3430915078113,34.394824795081945,34.394824795081945,34.394824795081945,34.394824795081945,34.394824795081945,34.394824795081945,34.394824795081945,34.39656890332812,,,,,,,,,,,,,,,,,,,,,,,,,,,,,,,,,,,,30.250755102040813,30.016384264397576,29.639889220281212,29.467143490059257,29.79392858781954,29.79392858781954,29.845031916338442,31.14286560799882,31.14286560799882,31.14286560799882,31.151031773793907,31.268606162734713,31.268606162734713,31.284792028642133,32.3450662329448,32.802598997019466,33.032302376261285,33.090496472702114,33.090496472702114,33.090496472702114,33.090496472702114,33.10841244006511,33.57929779368388,33.597496152842986,33.64270831720472,33.89082233917285,33.89082233917285,33.89082233917285,33.89933405224059,34.017754449179456,34.017754449179456,34.017754449179456,34.017754449179456,34.017754449179456,34.017754449179456,34.017754449179456,34.21562553796056,34.34904974489795,34.35134033004699,,,,,,29.639889220281212,33.57929779368388,,,,32.98900144783279,29.883936627185847,31.252646164807736,31.233007557249515,#000000,1.1960090654689244,29.79411366314124,0.17214446177967568,57.57836508913752,12.25711060411951,True,False,True,False,False,0.0,29.810000000000006,32.160975,0.0,0.0,0.0,0.0,0,0.8292593943816123,1.1183874498358266,False,False,False,False,-0.11910370466472377,-0.11124738044852284,False,False,False,False,-4007.0,-3545.3778536676496,False,False,False,False,80.19741898234543,False,False,False,False
2025-04-21 15:00:00+00:00,30.0,30.0,30.0,30.0,0.0,,,,,,,,,,,,,,,,,,,,,,,,,,,30.215,30.16165783558125,29.923965612104535,29.650352084176447,29.579410828025473,29.579410828025473,29.579410828025473,29.579410828025473,29.579410828025473,29.579410828025473,29.710641061714497,30.590724205232146,32.11348026892722,32.98900144783279,33.090496472702114,33.447272911762326,33.634229898880186,33.995387084394515,34.0271247223469,34.0271247223469,34.0271247223469,34.0271247223469,34.0271247223469,34.05502215312421,34.3430915078113,34.394824795081945,34.394824795081945,34.394824795081945,34.394824795081945,34.394824795081945,34.394824795081945,34.394824795081945,34.39656890332812,,,,,,,,,,,,,,,,,,,,,,,,,,,,,,,,,,,,30.250755102040813,30.016384264397576,29.639889220281212,29.467143490059257,29.79392858781954,29.79392858781954,29.845031916338442,31.14286560799882,31.14286560799882,31.14286560799882,31.151031773793907,31.268606162734713,31.268606162734713,31.284792028642133,32.3450662329448,32.802598997019466,33.032302376261285,33.090496472702114,33.090496472702114,33.090496472702114,33.090496472702114,33.10841244006511,33.57929779368388,33.597496152842986,33.64270831720472,33.89082233917285,33.89082233917285,33.89082233917285,33.89933405224059,34.017754449179456,34.017754449179456,34.017754449179456,34.017754449179456,34.017754449179456,34.017754449179456,34.017754449179456,34.21562553796056,34.34904974489795,34.35134033004699,,,,,,29.639889220281212,33.57929779368388,,,,32.98900144783279,29.883936627185847,31.252646164807736,31.233007557249515,#000000,1.0743042290597815,29.79411366314124,0.19164621276689026,48.971709687427705,4.891943856036249,False,True,False,True,False,0.0,29.836800000000004,32.138225,0.0,0.0,0.0,0.0,0,0.8292593943816123,1.1419190076614376,False,False,False,False,-0.1527856205642867,-0.1320165005064048,False,False,False,False,-4007.0,-3552.534786168926,False,False,False,False,78.95404814540983,False,False,False,False
2025-04-21 16:00:00+00:00,30.0,30.07,30.0,30.07,100.0,,,,,,,,,,,,,,,,,,,,,,,,,,,30.152189054726367,30.156373314950983,29.92725078090138,29.65821234959672,29.586078291476404,29.586078291476404,29.586078291476404,29.586078291476404,29.586078291476404,29.586078291476404,29.715302904180536,30.584666332628146,32.10146740288676,32.97574888148216,33.07710699570376,33.43352642358585,33.62036652755236,33.981658612337604,34.01342875821491,34.01342875821491,34.01342875821491,34.01342875821491,34.01342875821491,34.04137250561874,34.3316352913989,34.38371555101344,34.38371555101344,34.38371555101344,34.38371555101344,34.38371555101344,34.38371555101344,34.38371555101344,34.38546966565452,,,,,,,,,,,,,,,,,,,,,,,,,,,,,,,,,,,,30.21616384180791,30.017464621239146,29.648374356834932,29.476614370539846,29.797361129974192,29.797361129974192,29.847733708517566,31.13327925958315,31.13327925958315,31.13327925958315,31.141457737321197,31.258878894019,31.258878894019,31.27509037245991,32.3326725981846,32.78962196480987,33.01899265929625,33.07710699570376,33.07710699570376,33.07710699570376,33.07710699570376,33.095003138731954,33.565458991133575,33.58365815796311,33.62884218914681,33.87701530062495,33.87701530062495,33.87701530062495,33.88553510028653,34.00404354981643,34.00404354981643,34.00404354981643,34.00404354981643,34.00404354981643,34.00404354981643,34.00404354981643,34.202695727237945,34.33764726668786,34.33996193698456,,,,,,29.648374356834932,33.565458991133575,,,,32.97574888148216,29.88224084521567,31.246359842291042,31.22539125224291,#000000,0.9331672648262417,29.791043169122194,0.2989355085551025,45.35602896280905,2.1955745754561065,False,True,False,True,False,0.0,29.863900000000005,32.117,0.0,0.0,0.0,0.0,0,0.8369082840236683,1.1475591715976334,False,False,False,False,-0.14911488029460263,-0.1405656904005037,False,False,False,False,-3907.0,-3558.030370879485,False,False,False,False,79.28034197261277,False,False,False,False
2025-04-21 17:00:00+00:00,30.03,30.03,30.03,30.03,100.0,,,,,,,,,,,,,,,,,,,,,,,,,,,30.11898550724638,30.150820884592857,29.929930030421556,29.665442758978347,29.59232367285687,29.59232367285687,29.59232367285687,29.59232367285687,29.59232367285687,29.59232367285687,29.719609104178065,30.57855834526301,32.08949706250602,32.96254042985683,33.06376180674171,33.41982352309633,33.60654573100316,33.96796752474332,33.999769571031784,33.999769571031784,33.999769571031784,33.999769571031784,33.999769571031784,34.02775894251001,34.320195684741456,34.37262045531769,34.37262045531769,34.37262045531769,34.37262045531769,34.37262045531769,34.37262045531769,34.37262045531769,34.37438450705419,,,,,,,,,,,,,,,,,,,,,,,,,,,,,,,,,,,,30.189183574879227,30.01789642898151,29.65617218362621,29.48551267620732,29.80047835990888,29.80047835990888,29.85014368196041,31.123714636613208,31.123714636613208,31.123714636613208,31.131905027932962,31.24917364292108,31.24917364292108,31.26540999326181,32.32032251720748,32.77668845979599,33.00572711403043,33.06376180674171,33.06376180674171,33.06376180674171,33.06376180674171,33.08163810520502,33.55166315474565,33.56986290113872,33.615018565465675,33.863247441128046,33.863247441128046,33.863247441128046,33.87177516059957,33.99036965672275,33.99036965672275,33.99036965672275,33.99036965672275,33.99036965672275,33.99036965672275,33.99036965672275,34.18979433983654,34.32626101360399,34.32859959928292,,,,,,29.65617218362621,33.55166315474565,,,,32.96254042985683,29.882043428495347,31.241348194391627,31.218034749680395,#000000,0.8735045032031922,29.790110063064844,0.27462930764004806,42.22655584780317,-0.30617372837041756,False,True,False,True,False,0.0,29.8902,32.095575,0.0,0.0,0.0,0.0,0,0.8344725660447071,1.1339368187696288,False,False,False,False,-0.1496390253503397,-0.1451023578754217,False,False,False,False,-4007.0,-3564.9911403232136,False,False,False,False,79.60157698078932,False,False,False,False
2025-04-21 18:00:00+00:00,30.03,30.15,29.81,30.12,1000.0,,,,,,,,,,,,,,,,,,,,,,,,,,,30.05150097465887,30.112922771672775,29.949937607721477,29.724254857266903,29.645893356355856,29.645893356355856,29.645893356355856,29.645893356355856,29.645893356355856,29.645893356355856,29.756568367838224,30.52381261779586,31.97680488026951,32.83654807884875,32.93632945915328,33.28849923884718,33.47384949464996,33.835988123541945,33.868048492081904,33.868048492081904,33.868048492081904,33.868048492081904,33.868048492081904,33.89642918882251,34.20897300727922,34.26461961563948,34.26461961563948,34.26461961563948,34.26461961563948,34.26461961563948,34.26461961563948,34.26461961563948,34.26647659113283,,,,,,,,,,,,,,,,,,,,,,,,,,,,,,,,,,,30.026666666666667,30.09301972386588,30.020143479374838,29.71903178373487,29.560475135060255,29.827205088817987,29.827205088817987,29.870758301218412,31.036195851615478,31.036195851615478,31.036195851615478,31.04443068196808,31.159691358024695,31.159691358024695,31.176047467897853,32.20356731992874,32.65357336855145,32.879130970593245,32.93632945915328,32.93632945915328,32.93632945915328,32.93632945915328,32.95399128121562,33.4192788648114,33.437456464872945,33.48228379078198,33.73068643033192,33.73068643033192,33.73068643033192,33.739276590856875,33.858523101486874,33.858523101486874,33.858523101486874,33.858523101486874,33.858523101486874,33.858523101486874,33.858523101486874,34.064936718351674,34.21553804422469,34.21810096236172,,,,,30.026666666666667,29.71903178373487,33.4192788648114,,,,32.83654807884875,29.84694313013231,31.203923679728184,31.01009421328493,#000000,0.8308898247662171,29.826018407261486,0.3538153723584601,42.81411505722681,-0.30617372837041756,False,True,False,True,False,0.0,29.9183,32.074600000000004,0.0,0.0,0.0,0.0,0,0.8282533308997989,1.1279430553020626,False,False,False,False,-0.15488501604841315,-0.14999368696191742,False,False,False,False,-3007.0,-3556.3401148918456,False,False,False,False,93.87131997333522,False,False,False,False
2025-04-21 19:00:00+00:00,30.12,30.12,30.04,30.04,24.0,,,,,,,,,,,,,,,,,,,,,,,,,,,30.051762452107283,30.112586363636368,29.95051416615216,29.72558763109525,29.647135186096076,29.647135186096076,29.647135186096076,29.647135186096076,29.647135186096076,29.647135186096076,29.757461593855012,30.522726867887187,31.974303744521432,32.83369816227959,32.93344259546465,33.28550937024721,33.470821112016395,33.83296126521006,33.86502622541712,33.86502622541712,33.86502622541712,33.86502622541712,33.86502622541712,33.893414616814255,34.20639928029616,34.26211735876547,34.26211735876547,34.26211735876547,34.26211735876547,34.26211735876547,34.26211735876547,34.26211735876547,34.26397639422878,,,,,,,,,,,,,,,,,,,,,,,,,,,,,,,,,,,30.027604166666666,30.092650719564375,30.02042780748663,29.720441590627463,29.56215242302913,29.827882251286276,29.827882251286276,29.871305849928177,31.03434310056533,31.03434310056533,31.03434310056533,31.042576954472445,31.15777461152516,31.15777461152516,31.174130059052285,32.20095988611521,32.65079684868001,32.87626549499067,32.93344259546465,32.93344259546465,32.93344259546465,32.93344259546465,32.95109877419265,33.4162597400973,33.43443604390681,33.479254194692885,33.72765057883955,33.72765057883955,33.72765057883955,33.73624179405958,33.85549838800811,33.85549838800811,33.85549838800811,33.85549838800811,33.85549838800811,33.85549838800811,33.85549838800811,34.06206086852279,34.21297543064991,34.21554334805079,,,,,30.027604166666666,29.720441590627463,33.4162597400973,,,,32.83369816227959,29.847689862559236,31.203211944594166,31.009027000943057,#000000,0.7846110070802993,29.826831497770087,0.27168686177773194,41.57341117556089,-0.875044456368613,False,True,False,True,False,0.0,29.9448,32.053225000000005,0.0,0.0,0.0,0.0,0,0.8367606915377614,1.1286624203821658,False,False,False,False,-0.1444011973342096,-0.14719744214806352,False,False,False,False,-3031.0,-3548.195306909026,False,False,False,False,92.78804369467886,False,False,False,False
2025-04-22 14:00:00+00:00,30.49,30.64,30.4,30.4,348.0,,,,,,,,,,,,,,,,,,,,,,,,,,,30.137409961685826,30.14763569078948,29.985901350745795,29.765890901647733,29.68131407232704,29.68131407232704,29.68131407232704,29.68131407232704,29.68131407232704,29.68131407232704,29.786429723502298,30.521304410217162,31.9464610661955,32.79909957477966,32.89816897335262,33.24825957013863,33.432766057282144,33.79436921889642,33.826447901315426,33.826447901315426,33.826447901315426,33.826447901315426,33.826447901315426,33.85489498886655,34.17312700449005,34.22970878886371,34.22970878886371,34.22970878886371,34.22970878886371,34.22970878886371,34.22970878886371,34.22970878886371,34.2315925616244,,,,,,,,,,,,,,,,,,,,,,,,,,,,,,,,,,,30.142351797862,30.158022955059813,30.057838596491226,29.76262581125652,29.604230009221446,29.853568383323896,29.853568383323896,29.895013243797788,31.019396838924614,31.019396838924614,31.019396838924614,31.027525306886037,31.14096788751128,31.14096788751128,31.157159617816497,32.17104061547685,32.61753086147932,32.841380103748335,32.89816897335262,32.89816897335262,32.89816897335262,32.89816897335262,32.91571747925667,33.37841321283504,33.39654190623618,33.441169816828435,33.68909622251029,33.68909622251029,33.68909622251029,33.69768803302485,33.816902250698206,33.816902250698206,33.816902250698206,33.816902250698206,33.816902250698206,33.816902250698206,33.816902250698206,34.02508749814623,34.179839132061346,34.182468620666256,,,,,30.142351797862,29.76262581125652,33.37841321283504,,,,32.79909957477966,29.88798378264435,31.210223836791318,31.013915996212262,"rgba(38, 166, 154, 0.5)",0.7372732328105673,29.874781044996638,0.7123803382921793,48.06435619655593,-0.875044456368613,False,True,False,False,True,0.0,29.9785,32.033649999999994,0.0,0.0,0.0,0.0,0,0.8402493321460373,1.1145146927871772,False,False,False,False,-0.09861357104714845,-0.12290550659760599,False,False,False,False,-2683.0,-3534.7814261817543,False,False,False,False,96.74481821104042,False,False,False,False
2025-04-22 15:00:00+00:00,30.4,30.53,30.4,30.53,299.0,,,,,,,,,,,,,,,,,,,,,,,,,,,30.18862514304398,30.17331855417617,30.013095108366635,29.797523362199716,29.708743212970344,29.708743212970344,29.708743212970344,29.708743212970344,29.708743212970344,29.708743212970344,29.80974755911942,30.520341176835316,31.923459457560426,32.770258068104404,32.86874360648602,33.21711104404793,33.40090654273211,33.761978996091784,33.79406175001621,33.79406175001621,33.79406175001621,33.79406175001621,33.79406175001621,33.82255082377878,34.145061321315204,34.202352586508916,34.202352586508916,34.202352586508916,34.202352586508916,34.202352586508916,34.202352586508916,34.202352586508916,34.20425666878244,,,,,,,,,,,,,,,,,,,,,,,,,,,,,,,,,,,30.20396169958109,30.19964280672032,30.08587086430549,29.795601929423714,29.637670891423742,29.874292752353835,29.874292752353835,29.914171178976236,31.00733517593013,31.00733517593013,31.00733517593013,31.01537163685555,31.12731854229168,31.12731854229168,31.143364985435444,32.14625090240861,32.589839258808546,32.81229034968118,32.86874360648602,32.86874360648602,32.86874360648602,32.86874360648602,32.88619845011652,33.346739382616555,33.364824043357274,33.40928400409072,33.6567615574241,33.6567615574241,33.6567615574241,33.665351790104744,33.78450358994382,33.78450358994382,33.78450358994382,33.78450358994382,33.78450358994382,33.78450358994382,33.78450358994382,33.993983016797,34.15188534204153,34.15456556321491,,,,,30.20396169958109,29.795601929423714,33.346739382616555,,,,32.770258068104404,29.917030752835082,31.21428456983092,31.015337591683682,"rgba(38, 166, 154, 0.5)",0.698025445468605,29.9084861610324,0.8903885137745385,54.050159031707565,-4.273760329124364,False,False,True,False,True,0.0,29.973499999999998,32.01505,0.0,0.0,0.0,0.0,0,0.8409856408438219,1.1178868994859068,False,False,False,False,-0.10431066965298172,-0.11360808812529385,False,False,False,False,-2384.0,-3516.939853682812,False,False,False,False,99.88055746358243,False,False,False,False
2025-04-22 16:00:00+00:00,30.53,30.53,30.53,30.53,0.0,,,,,,,,,,,,,,,,,,,,,,,,,,,30.18862514304398,30.17331855417617,30.013095108366635,29.797523362199716,29.708743212970344,29.708743212970344,29.708743212970344,29.708743212970344,29.708743212970344,29.708743212970344,29.80974755911942,30.520341176835316,31.923459457560426,32.770258068104404,32.86874360648602,33.21711104404793,33.40090654273211,33.761978996091784,33.79406175001621,33.79406175001621,33.79406175001621,33.79406175001621,33.79406175001621,33.82255082377878,34.145061321315204,34.202352586508916,34.202352586508916,34.202352586508916,34.202352586508916,34.202352586508916,34.202352586508916,34.202352586508916,34.20425666878244,,,,,,,,,,,,,,,,,,,,,,,,,,,,,,,,,,,30.20396169958109,30.19964280672032,30.08587086430549,29.795601929423714,29.637670891423742,29.874292752353835,29.874292752353835,29.914171178976236,31.00733517593013,31.00733517593013,31.00733517593013,31.01537163685555,31.12731854229168,31.12731854229168,31.143364985435444,32.14625090240861,32.589839258808546,32.81229034968118,32.86874360648602,32.86874360648602,32.86874360648602,32.86874360648602,32.88619845011652,33.346739382616555,33.364824043357274,33.40928400409072,33.6567615574241,33.6567615574241,33.6567615574241,33.665351790104744,33.78450358994382,33.78450358994382,33.78450358994382,33.78450358994382,33.78450358994382,33.78450358994382,33.78450358994382,33.993983016797,34.15188534204153,34.15456556321491,,,,,30.20396169958109,29.795601929423714,33.346739382616555,,,,32.770258068104404,29.917030752835082,31.21428456983092,31.015337591683682,"rgba(38, 166, 154, 0.5)",0.6558854341284166,29.9084861610324,0.9475951235195664,58.040694255142,-0.6532992553797783,True,False,True,False,True,0.0,29.984299999999998,31.99645,0.0,0.0,0.0,0.0,0,0.8424099873349014,1.14094445449611,False,False,False,False,-0.09757843083729406,-0.10559325948129396,False,False,False,False,-2384.0,-3499.3748947109852,False,False,False,False,98.33202168895325,False,False,False,False
2025-04-22 17:00:00+00:00,30.53,30.53,30.53,30.53,0.0,,,,,,,,,,,,,,,,,,,,,,,,,,,30.18862514304398,30.17331855417617,30.013095108366635,29.797523362199716,29.708743212970344,29.708743212970344,29.708743212970344,29.708743212970344,29.708743212970344,29.708743212970344,29.80974755911942,30.520341176835316,31.923459457560426,32.770258068104404,32.86874360648602,33.21711104404793,33.40090654273211,33.761978996091784,33.79406175001621,33.79406175001621,33.79406175001621,33.79406175001621,33.79406175001621,33.82255082377878,34.145061321315204,34.202352586508916,34.202352586508916,34.202352586508916,34.202352586508916,34.202352586508916,34.202352586508916,34.202352586508916,34.20425666878244,,,,,,,,,,,,,,,,,,,,,,,,,,,,,,,,,,,30.20396169958109,30.19964280672032,30.08587086430549,29.795601929423714,29.637670891423742,29.874292752353835,29.874292752353835,29.914171178976236,31.00733517593013,31.00733517593013,31.00733517593013,31.01537163685555,31.12731854229168,31.12731854229168,31.143364985435444,32.14625090240861,32.589839258808546,32.81229034968118,32.86874360648602,32.86874360648602,32.86874360648602,32.86874360648602,32.88619845011652,33.346739382616555,33.364824043357274,33.40928400409072,33.6567615574241,33.6567615574241,33.6567615574241,33.665351790104744,33.78450358994382,33.78450358994382,33.78450358994382,33.78450358994382,33.78450358994382,33.78450358994382,33.78450358994382,33.993983016797,34.15188534204153,34.15456556321491,,,,,30.20396169958109,29.795601929423714,33.346739382616555,,,,32.770258068104404,29.917030752835082,31.21428456983092,31.015337591683682,"rgba(38, 166, 154, 0.5)",0.657223733621328,29.9084861610324,0.9456655430610156,60.70105107076495,1.8519341633002426,True,False,True,False,True,0.0,29.9951,31.97785,0.0,0.0,0.0,0.0,0,0.8217839696037633,1.14094445449611,False,False,False,False,-0.09757843083729406,-0.101585845159294,False,False,False,False,-2384.0,-3482.082260684458,False,False,False,False,96.80749422090746,False,False,False,False
2025-04-22 18:00:00+00:00,30.53,30.53,30.53,30.53,0.0,,,,,,,,,,,,,,,,,,,,,,,,,,,30.18862514304398,30.17331855417617,30.013095108366635,29.797523362199716,29.708743212970344,29.708743212970344,29.708743212970344,29.708743212970344,29.708743212970344,29.708743212970344,29.80974755911942,30.520341176835316,31.923459457560426,32.770258068104404,32.86874360648602,33.21711104404793,33.40090654273211,33.761978996091784,33.79406175001621,33.79406175001621,33.79406175001621,33.79406175001621,33.79406175001621,33.82255082377878,34.145061321315204,34.202352586508916,34.202352586508916,34.202352586508916,34.202352586508916,34.202352586508916,34.202352586508916,34.202352586508916,34.20425666878244,,,,,,,,,,,,,,,,,,,,,,,,,,,,,,,,,,,30.20396169958109,30.19964280672032,30.08587086430549,29.795601929423714,29.637670891423742,29.874292752353835,29.874292752353835,29.914171178976236,31.00733517593013,31.00733517593013,31.00733517593013,31.01537163685555,31.12731854229168,31.12731854229168,31.143364985435444,32.14625090240861,32.589839258808546,32.81229034968118,32.86874360648602,32.86874360648602,32.86874360648602,32.86874360648602,32.88619845011652,33.346739382616555,33.364824043357274,33.40928400409072,33.6567615574241,33.6567615574241,33.6567615574241,33.665351790104744,33.78450358994382,33.78450358994382,33.78450358994382,33.78450358994382,33.78450358994382,33.78450358994382,33.78450358994382,33.993983016797,34.15188534204153,34.15456556321491,,,,,30.20396169958109,29.795601929423714,33.346739382616555,,,,32.770258068104404,29.917030752835082,31.21428456983092,31.015337591683682,"rgba(38, 166, 154, 0.5)",0.6632721575296818,29.9084861610324,0.9370419546666834,62.474622281180245,3.702833954929126,True,False,True,False,True,0.0,30.0059,31.959249999999997,0.0,0.0,0.0,0.0,0,0.8217839696037633,1.14094445449611,False,False,False,False,-0.09757843083729406,-0.09958213799829403,False,False,False,False,-2384.0,-3465.057729511055,False,False,False,False,95.30660283763757,False,False,False,False
2025-04-22 19:00:00+00:00,30.53,30.9,30.53,30.795,230.0,,,,,,,,,,,,,,,,,,,,,,,,,,,30.244684883208464,30.20461375788046,30.042309100418414,29.82835581428369,29.73511377511377,29.73511377511377,29.73511377511377,29.73511377511377,29.73511377511377,29.73511377511377,29.833022767582428,30.52497647665877,31.909306987399773,32.75098045696816,32.84896404409585,33.1958180934216,33.37896798067841,33.739398322714855,33.771461606146445,33.771461606146445,33.771461606146445,33.771461606146445,33.771461606146445,33.79996009606699,34.12524609322262,34.18300551761016,34.18300551761016,34.18300551761016,34.18300551761016,34.18300551761016,34.18300551761016,34.18300551761016,34.18492292192658,,,,,,,,,,,,,,,,,,,,,,,,,,,,,,,,,,,30.269018060669826,30.24775762253956,30.117268248681654,29.827624724061813,29.668941707717572,29.895597323081294,29.895597323081294,29.93428148774301,31.00278741192815,31.00278741192815,31.00278741192815,31.010720917060674,31.121227769003635,31.121227769003635,31.13710673079094,32.130527434374905,32.57154681986403,32.79279853749711,32.84896404409585,32.84896404409585,32.84896404409585,32.84896404409585,32.86633687686237,33.32497366317931,33.34301260499139,33.38732044627409,33.634294921198716,33.634294921198716,33.634294921198716,33.64287768902554,33.761901455453646,33.761901455453646,33.761901455453646,33.761901455453646,33.761901455453646,33.761901455453646,33.761901455453646,33.972138817505744,34.13214481665114,34.13485912016,,,,,30.269018060669826,29.827624724061813,33.32497366317931,,,,32.75098045696816,29.94723659741454,31.222750227414316,31.022376639957354,"rgba(38, 166, 154, 1.0)",0.6738167272939344,29.943536667679094,1.2636423196859576,66.99043855721348,8.167430428385778,True,False,True,False,True,0.504371020525948,30.037799999999997,31.941975,0.0,0.0,0.0,0.0,0,0.8241385466880914,1.1258703802892343,False,False,False,False,-0.07846354196732934,-0.08902283998281169,False,False,False,False,-2154.0,-3444.7312530845275,False,False,False,False,97.39487256108505,False,False,False,False
2025-04-23 14:00:00+00:00,30.795,32.39,30.795,32.39,100.0,,,,,,,,,,,,,,,,,,,,,,,,,,31.858333333333334,30.312800056282537,30.24327916764087,30.07342671921408,29.856774931168047,29.758422805284145,29.758422805284145,29.758422805284145,29.758422805284145,29.758422805284145,29.758422805284145,29.854779245891063,30.537008211514163,31.90904295728444,32.74730746547067,32.844975034227275,33.1908347305538,33.37353306646652,33.73330363314325,33.7653227014076,33.7653227014076,33.7653227014076,33.7653227014076,33.7653227014076,33.79378973739684,34.11952214422785,34.17736871883157,34.17736871883157,34.17736871883157,34.17736871883157,34.17736871883157,34.17736871883157,34.17736871883157,34.17928844166747,,,,,,,,,,,,,,,,,,,,,,,,,,,,,,,,,,,30.348444111277697,30.307608076303726,30.152771207177814,29.85707662557409,29.69557664233577,29.916336291913204,29.916336291913204,29.954399135647552,31.009107934397157,31.009107934397157,31.009107934397157,31.01693690720641,31.126254745504554,31.126254745504554,31.141959227612187,32.12920904775744,32.56849080183965,32.788989524314196,32.844975034227275,32.844975034227275,32.844975034227275,32.844975034227275,32.86229418999493,33.31966513440471,33.33766452937574,33.381866595327274,33.62836378007102,33.62836378007102,33.62836378007102,33.636933368864014,33.75577356425444,33.75577356425444,33.75577356425444,33.75577356425444,33.75577356425444,33.75577356425444,33.75577356425444,33.96598401467505,34.126436455535185,34.12915825674671,,,,,30.348444111277697,29.85707662557409,33.31966513440471,,,,32.74730746547067,30.0449239333689,31.142562904265127,31.0381958626764,"rgba(0, 255, 0, 1.0)",0.734855829458557,30.111980395320593,3.0999544582205414,75.32306784549218,15.986936439340695,True,False,True,False,True,13.006105484286717,30.101600000000005,31.932675,0.0,0.0,0.0,0.0,0,0.842140921409214,1.0716463414634145,False,True,False,False,0.011662659361926182,-0.038680090310442755,False,False,False,False,-2054.0,-3423.1695282305036,False,True,False,False,97.4352621337814,False,False,False,False
2025-04-23 15:00:00+00:00,32.39,32.39,32.39,32.39,0.0,,,,,,,,,,,,,,,,,,,,,,,,,,31.858333333333334,30.312800056282537,30.24327916764087,30.07342671921408,29.856774931168047,29.758422805284145,29.758422805284145,29.758422805284145,29.758422805284145,29.758422805284145,29.758422805284145,29.854779245891063,30.537008211514163,31.90904295728444,32.74730746547067,32.844975034227275,33.1908347305538,33.37353306646652,33.73330363314325,33.7653227014076,33.7653227014076,33.7653227014076,33.7653227014076,33.7653227014076,33.79378973739684,34.11952214422785,34.17736871883157,34.17736871883157,34.17736871883157,34.17736871883157,34.17736871883157,34.17736871883157,34.17736871883157,34.17928844166747,,,,,,,,,,,,,,,,,,,,,,,,,,,,,,,,,,,30.348444111277697,30.307608076303726,30.152771207177814,29.85707662557409,29.69557664233577,29.916336291913204,29.916336291913204,29.954399135647552,31.009107934397157,31.009107934397157,31.009107934397157,31.01693690720641,31.126254745504554,31.126254745504554,31.141959227612187,32.12920904775744,32.56849080183965,32.788989524314196,32.844975034227275,32.844975034227275,32.844975034227275,32.844975034227275,32.86229418999493,33.31966513440471,33.33766452937574,33.381866595327274,33.62836378007102,33.62836378007102,33.62836378007102,33.636933368864014,33.75577356425444,33.75577356425444,33.75577356425444,33.75577356425444,33.75577356425444,33.75577356425444,33.75577356425444,33.96598401467505,34.126436455535185,34.12915825674671,,,,,30.348444111277697,29.85707662557409,33.31966513440471,,,,32.74730746547067,30.0449239333689,31.142562904265127,31.0381958626764,"rgba(0, 255, 0, 1.0)",0.7889080890522758,30.111980395320593,2.8875602066851895,80.87815403767797,21.03156037106676,True,False,True,False,True,13.006105484286717,30.158399999999997,31.923375,0.0,0.0,0.0,0.0,0,0.8934620596205962,1.0716463414634145,False,False,False,False,0.09369848226495633,0.02750919597725679,False,False,False,False,-2054.0,-3401.9420936842944,False,True,False,False,95.924637914653,False,False,False,False
2025-04-23 16:00:00+00:00,32.39,32.39,32.39,32.39,0.0,,,,,,,,,,,,,,,,,,,,,,,,,,31.858333333333334,30.312800056282537,30.24327916764087,30.07342671921408,29.856774931168047,29.758422805284145,29.758422805284145,29.758422805284145,29.758422805284145,29.758422805284145,29.758422805284145,29.854779245891063,30.537008211514163,31.90904295728444,32.74730746547067,32.844975034227275,33.1908347305538,33.37353306646652,33.73330363314325,33.7653227014076,33.7653227014076,33.7653227014076,33.7653227014076,33.7653227014076,33.79378973739684,34.11952214422785,34.17736871883157,34.17736871883157,34.17736871883157,34.17736871883157,34.17736871883157,34.17736871883157,34.17736871883157,34.17928844166747,,,,,,,,,,,,,,,,,,,,,,,,,,,,,,,,,,,30.348444111277697,30.307608076303726,30.152771207177814,29.85707662557409,29.69557664233577,29.916336291913204,29.916336291913204,29.954399135647552,31.009107934397157,31.009107934397157,31.009107934397157,31.01693690720641,31.126254745504554,31.126254745504554,31.141959227612187,32.12920904775744,32.56849080183965,32.788989524314196,32.844975034227275,32.844975034227275,32.844975034227275,32.844975034227275,32.86229418999493,33.31966513440471,33.33766452937574,33.381866595327274,33.62836378007102,33.62836378007102,33.62836378007102,33.636933368864014,33.75577356425444,33.75577356425444,33.75577356425444,33.75577356425444,33.75577356425444,33.75577356425444,33.75577356425444,33.96598401467505,34.126436455535185,34.12915825674671,,,,,30.348444111277697,29.85707662557409,33.31966513440471,,,,32.74730746547067,30.0449239333689,31.142562904265127,31.0381958626764,"rgba(0, 255, 0, 1.0)",0.8373276721987506,30.111980395320593,2.720583208121527,84.58154483246851,24.43177998634846,True,False,True,False,True,13.006105484286717,30.2152,31.914074999999997,0.0,0.0,0.0,0.0,0,0.8917570125623817,1.0887971089313373,False,False,False,False,0.09369848226495633,0.06060383912110656,False,False,False,False,-2054.0,-3381.0437666504295,False,True,False,False,94.43743422605372,False,False,False,False
2025-04-23 17:00:00+00:00,32.39,32.39,32.39,32.39,0.0,,,,,,,,,,,,,,,,,,,,,,,,,,31.858333333333334,30.312800056282537,30.24327916764087,30.07342671921408,29.856774931168047,29.758422805284145,29.758422805284145,29.758422805284145,29.758422805284145,29.758422805284145,29.758422805284145,29.854779245891063,30.537008211514163,31.90904295728444,32.74730746547067,32.844975034227275,33.1908347305538,33.37353306646652,33.73330363314325,33.7653227014076,33.7653227014076,33.7653227014076,33.7653227014076,33.7653227014076,33.79378973739684,34.11952214422785,34.17736871883157,34.17736871883157,34.17736871883157,34.17736871883157,34.17736871883157,34.17736871883157,34.17736871883157,34.17928844166747,,,,,,,,,,,,,,,,,,,,,,,,,,,,,,,,,,,30.348444111277697,30.307608076303726,30.152771207177814,29.85707662557409,29.69557664233577,29.916336291913204,29.916336291913204,29.954399135647552,31.009107934397157,31.009107934397157,31.009107934397157,31.01693690720641,31.126254745504554,31.126254745504554,31.141959227612187,32.12920904775744,32.56849080183965,32.788989524314196,32.844975034227275,32.844975034227275,32.844975034227275,32.844975034227275,32.86229418999493,33.31966513440471,33.33766452937574,33.381866595327274,33.62836378007102,33.62836378007102,33.62836378007102,33.636933368864014,33.75577356425444,33.75577356425444,33.75577356425444,33.75577356425444,33.75577356425444,33.75577356425444,33.75577356425444,33.96598401467505,34.126436455535185,34.12915825674671,,,,,30.348444111277697,29.85707662557409,33.31966513440471,,,,32.74730746547067,30.0449239333689,31.142562904265127,31.0381958626764,"rgba(0, 255, 0, 1.0)",0.868188675678123,30.111980395320593,2.6238762016794297,87.05047202899553,26.86577550218192,True,False,True,False,True,13.006105484286717,30.272000000000002,31.904775,0.0,0.0,0.0,0.0,0,0.875717017208413,1.0985572744654966,False,False,False,False,0.09369848226495633,0.07715116069303145,False,False,False,False,-2054.0,-3360.469444686857,False,True,False,False,92.97328795898312,False,False,False,False
2025-04-23 18:00:00+00:00,32.39,32.39,31.88,31.9,551.0,,,,,,,,,,,,,,,,,,,,,,32.056666666666665,32.056666666666665,32.056666666666665,32.056666666666665,32.02620071684587,30.64186529680365,30.45023370615852,30.244518814258132,30.01431851659302,29.889513112491365,29.889513112491365,29.889513112491365,29.889513112491365,29.889513112491365,29.889513112491365,29.97782589587558,30.608987220264186,31.91313927917947,32.731996325205884,32.82786422427944,33.16801886333212,33.34810042060989,33.70389644012945,33.73563739555415,33.73563739555415,33.73563739555415,33.73563739555415,33.73563739555415,33.7638954650509,34.09121599634748,34.14940865875445,34.14940865875445,34.14940865875445,34.14940865875445,34.14940865875445,34.14940865875445,34.14940865875445,34.15133718104979,,,,,,,,,,,,,,,,,,,,,,,,,,,,,,,,,,,30.717264890282134,30.604872506683115,30.34508035441491,30.019845106992573,29.843901873598604,30.034091862206676,30.034091862206676,30.068917119789077,31.050082227112462,31.050082227112462,31.050082227112462,31.05731831958835,31.15995114149248,31.15995114149248,31.17465702175511,32.12732336336904,32.55668557355549,32.772903178653074,32.82786422427944,32.82786422427944,32.82786422427944,32.82786422427944,32.84487607089138,33.29496900765346,33.31273411745315,33.35632314186432,33.599964583196694,33.599964583196694,33.599964583196694,33.608452178463956,33.72616078865517,33.72616078865517,33.72616078865517,33.72616078865517,33.72616078865517,33.72616078865517,33.72616078865517,33.935835458757225,34.0981964804543,34.10095099298488,,,,,30.717264890282134,30.019845106992573,33.29496900765346,,,,32.731996325205884,30.62359235621227,30.95003476685393,31.1241415222988,"rgba(38, 166, 154, 1.0)",0.8789491934599226,30.85052885584039,1.1940066069444093,81.12882372985865,26.86577550218192,True,False,True,False,False,8.34742672323405,30.319000000000003,31.896625,0.0,0.0,0.0,0.0,0,0.8505550811272413,1.0968403074295474,False,False,False,False,0.06738334738513517,0.07226725403908331,False,False,False,False,-2605.0,-3348.7567401180686,False,False,False,False,100.07447729295238,False,False,False,False
2025-04-23 19:00:00+00:00,31.9,31.97,31.9,31.9,36.0,,,,,,,,,,,,,,,,,,,,,,32.048489494605334,32.048489494605334,32.048489494605334,32.048489494605334,32.0208102862688,30.657471808750564,30.461136581688596,30.25392833047901,30.023209141871497,29.89706442519251,29.89706442519251,29.89706442519251,29.89706442519251,29.89706442519251,29.89706442519251,29.98490332794394,30.613042105864537,31.91315772717372,32.73082670416501,32.82658327104888,33.16638506040498,33.34630487292586,33.70185834048731,33.73358256432868,33.73358256432868,33.73358256432868,33.73358256432868,33.73358256432868,33.76182832095838,34.089274174151754,34.14749274807942,34.14749274807942,34.14749274807942,34.14749274807942,34.14749274807942,34.14749274807942,34.14749274807942,34.14942194576438,,,,,,,,,,,,,,,,,,,,,,,,,,,,,,,,,,,30.734041731066466,30.619352247305265,30.35542766951982,30.029003831417626,29.852401877294575,30.04085862103272,30.04085862103272,30.07549371162117,31.052308173428678,31.052308173428678,31.052308173428678,31.05951030021795,31.16175322404371,31.16175322404371,31.17640151024811,32.126977503571496,32.55573256704983,32.771685642250546,32.82658327104888,32.82658327104888,32.82658327104888,32.82658327104888,32.84357613991093,33.29321891428909,33.310969674521424,33.35452076491278,33.59798755322633,33.59798755322633,33.59798755322633,33.60647020386827,33.724110244015456,33.724110244015456,33.724110244015456,33.724110244015456,33.724110244015456,33.724110244015456,33.724110244015456,33.9337613676486,34.0962594425202,34.09901628825271,,,,,30.734041731066466,30.029003831417626,33.29321891428909,,,,32.73082670416501,30.629156401761936,30.953070690741548,31.128567167204977,"rgba(38, 166, 154, 1.0)",0.8871934339186468,30.85601610349198,1.1767263559389096,77.18105819710073,26.86577550218192,True,False,True,False,False,8.34742672323405,30.3604,31.890875,0.0,0.0,0.0,0.0,0,0.851593116374169,1.1109217924689048,False,False,False,False,0.04681085475792661,0.05953905439850496,False,False,False,False,-2605.0,-3337.2256278681757,False,False,False,False,99.08107454422444,False,False,False,False
2025-04-24 14:00:00+00:00,31.9,31.9,31.9,31.9,0.0,,,,,,,,,,,,,,,,,,,,,,32.048489494605334,32.048489494605334,32.048489494605334,32.048489494605334,32.0208102862688,30.657471808750564,30.461136581688596,30.25392833047901,30.023209141871497,29.89706442519251,29.89706442519251,29.89706442519251,29.89706442519251,29.89706442519251,29.89706442519251,29.98490332794394,30.613042105864537,31.91315772717372,32.73082670416501,32.82658327104888,33.16638506040498,33.34630487292586,33.70185834048731,33.73358256432868,33.73358256432868,33.73358256432868,33.73358256432868,33.73358256432868,33.76182832095838,34.089274174151754,34.14749274807942,34.14749274807942,34.14749274807942,34.14749274807942,34.14749274807942,34.14749274807942,34.14749274807942,34.14942194576438,,,,,,,,,,,,,,,,,,,,,,,,,,,,,,,,,,,30.734041731066466,30.619352247305265,30.35542766951982,30.029003831417626,29.852401877294575,30.04085862103272,30.04085862103272,30.07549371162117,31.052308173428678,31.052308173428678,31.052308173428678,31.05951030021795,31.16175322404371,31.16175322404371,31.17640151024811,32.126977503571496,32.55573256704983,32.771685642250546,32.82658327104888,32.82658327104888,32.82658327104888,32.82658327104888,32.84357613991093,33.29321891428909,33.310969674521424,33.35452076491278,33.59798755322633,33.59798755322633,33.59798755322633,33.60647020386827,33.724110244015456,33.724110244015456,33.724110244015456,33.724110244015456,33.724110244015456,33.724110244015456,33.724110244015456,33.9337613676486,34.0962594425202,34.09901628825271,,,,,30.734041731066466,30.029003831417626,33.29321891428909,,,,32.73082670416501,30.629156401761936,30.953070690741548,31.128567167204977,"rgba(38, 166, 154, 1.0)",0.8929910918308583,30.85601610349198,1.1690865743885364,74.54921450859544,34.96722528012347,True,False,True,False,False,8.34742672323405,30.4041,31.885125,0.0,0.0,0.0,0.0,0,0.851593116374169,1.1133072073607089,False,False,False,False,0.043215225917270526,0.051377140157887746,False,False,False,False,-2605.0,-3325.87329255239,False,False,False,False,97.5449338536163,False,False,False,False
2025-04-24 15:00:00+00:00,31.9,31.9,31.9,31.9,0.0,,,,,,,,,,,,,,,,,,,,,,32.048489494605334,32.048489494605334,32.048489494605334,32.048489494605334,32.0208102862688,30.657471808750564,30.461136581688596,30.25392833047901,30.023209141871497,29.89706442519251,29.89706442519251,29.89706442519251,29.89706442519251,29.89706442519251,29.89706442519251,29.98490332794394,30.613042105864537,31.91315772717372,32.73082670416501,32.82658327104888,33.16638506040498,33.34630487292586,33.70185834048731,33.73358256432868,33.73358256432868,33.73358256432868,33.73358256432868,33.73358256432868,33.76182832095838,34.089274174151754,34.14749274807942,34.14749274807942,34.14749274807942,34.14749274807942,34.14749274807942,34.14749274807942,34.14749274807942,34.14942194576438,,,,,,,,,,,,,,,,,,,,,,,,,,,,,,,,,,,30.734041731066466,30.619352247305265,30.35542766951982,30.029003831417626,29.852401877294575,30.04085862103272,30.04085862103272,30.07549371162117,31.052308173428678,31.052308173428678,31.052308173428678,31.05951030021795,31.16175322404371,31.16175322404371,31.17640151024811,32.126977503571496,32.55573256704983,32.771685642250546,32.82658327104888,32.82658327104888,32.82658327104888,32.82658327104888,32.84357613991093,33.29321891428909,33.310969674521424,33.35452076491278,33.59798755322633,33.59798755322633,33.59798755322633,33.60647020386827,33.724110244015456,33.724110244015456,33.724110244015456,33.724110244015456,33.724110244015456,33.724110244015456,33.724110244015456,33.9337613676486,34.0962594425202,34.09901628825271,,,,,30.734041731066466,30.029003831417626,33.29321891428909,,,,32.73082670416501,30.629156401761936,30.953070690741548,31.128567167204977,"rgba(38, 166, 154, 1.0)",0.9070221398407795,30.85601610349198,1.1510015584528952,72.79465204959192,32.91668654741366,True,False,True,False,False,8.34742672323405,30.4589,31.87685,0.0,0.0,0.0,0.0,0,0.85190263969832,1.1187864244086392,False,False,False,False,0.04423443003050239,0.04780578509419507,False,False,False,False,-2605.0,-3314.6969624352987,False,False,False,False,96.03260929774628,False,False,False,False
2025-04-24 16:00:00+00:00,31.9,31.9,31.9,31.9,0.0,,,,,,,,,,,,,,,,,,,,,,32.048489494605334,32.048489494605334,32.048489494605334,32.048489494605334,32.0208102862688,30.657471808750564,30.461136581688596,30.25392833047901,30.023209141871497,29.89706442519251,29.89706442519251,29.89706442519251,29.89706442519251,29.89706442519251,29.89706442519251,29.98490332794394,30.613042105864537,31.91315772717372,32.73082670416501,32.82658327104888,33.16638506040498,33.34630487292586,33.70185834048731,33.73358256432868,33.73358256432868,33.73358256432868,33.73358256432868,33.73358256432868,33.76182832095838,34.089274174151754,34.14749274807942,34.14749274807942,34.14749274807942,34.14749274807942,34.14749274807942,34.14749274807942,34.14749274807942,34.14942194576438,,,,,,,,,,,,,,,,,,,,,,,,,,,,,,,,,,,30.734041731066466,30.619352247305265,30.35542766951982,30.029003831417626,29.852401877294575,30.04085862103272,30.04085862103272,30.07549371162117,31.052308173428678,31.052308173428678,31.052308173428678,31.05951030021795,31.16175322404371,31.16175322404371,31.17640151024811,32.126977503571496,32.55573256704983,32.771685642250546,32.82658327104888,32.82658327104888,32.82658327104888,32.82658327104888,32.84357613991093,33.29321891428909,33.310969674521424,33.35452076491278,33.59798755322633,33.59798755322633,33.59798755322633,33.60647020386827,33.724110244015456,33.724110244015456,33.724110244015456,33.724110244015456,33.724110244015456,33.724110244015456,33.724110244015456,33.9337613676486,34.0962594425202,34.09901628825271,,,,,30.734041731066466,30.029003831417626,33.29321891428909,,,,32.73082670416501,30.629156401761936,30.953070690741548,31.128567167204977,"rgba(38, 166, 154, 1.0)",0.9171174632731798,30.85601610349198,1.1383317168359794,71.62494374358957,31.269642876926667,True,False,True,False,False,8.34742672323405,30.513700000000004,31.86955,0.0,0.0,0.0,0.0,0,0.8511884257664483,1.118153634171547,False,False,False,False,0.0483683867328376,0.048087085913516334,False,False,False,False,-2605.0,-3303.693908754131,False,False,False,False,94.54373163421532,False,False,False,False
2025-04-24 17:00:00+00:00,31.9,32.3,31.9,32.3,0.0,,,,,,,,,,,,,,,,,,,,,,32.048489494605334,32.048489494605334,32.048489494605334,32.048489494605334,32.0208102862688,30.657471808750564,30.461136581688596,30.25392833047901,30.023209141871497,29.89706442519251,29.89706442519251,29.89706442519251,29.89706442519251,29.89706442519251,29.89706442519251,29.98490332794394,30.613042105864537,31.91315772717372,32.73082670416501,32.82658327104888,33.16638506040498,33.34630487292586,33.70185834048731,33.73358256432868,33.73358256432868,33.73358256432868,33.73358256432868,33.73358256432868,33.76182832095838,34.089274174151754,34.14749274807942,34.14749274807942,34.14749274807942,34.14749274807942,34.14749274807942,34.14749274807942,34.14749274807942,34.14942194576438,,,,,,,,,,,,,,,,,,,,,,,,,,,,,,,,,,,30.734041731066466,30.619352247305265,30.35542766951982,30.029003831417626,29.852401877294575,30.04085862103272,30.04085862103272,30.07549371162117,31.052308173428678,31.052308173428678,31.052308173428678,31.05951030021795,31.16175322404371,31.16175322404371,31.17640151024811,32.126977503571496,32.55573256704983,32.771685642250546,32.82658327104888,32.82658327104888,32.82658327104888,32.82658327104888,32.84357613991093,33.29321891428909,33.310969674521424,33.35452076491278,33.59798755322633,33.59798755322633,33.59798755322633,33.60647020386827,33.724110244015456,33.724110244015456,33.724110244015456,33.724110244015456,33.724110244015456,33.724110244015456,33.724110244015456,33.9337613676486,34.0962594425202,34.09901628825271,,,,,30.734041731066466,30.029003831417626,33.29321891428909,,,,32.73082670416501,30.629156401761936,30.953070690741548,31.128567167204977,"rgba(0, 255, 255, 0.75)",0.9484833460092233,30.85601610349198,1.5224135485178818,73.5721149585422,31.269642876926667,True,False,True,False,False,11.388448185885363,30.5765,31.864250000000002,0.0,0.0,0.0,0.0,0,0.8532110091743117,1.0981991165477407,False,False,False,False,0.06922848677992266,0.0586577863467195,False,False,False,False,-2605.0,-3292.8614450525165,False,False,False,False,93.07793734531275,False,False,False,False
2025-04-24 18:00:00+00:00,32.3,32.3,32.03,32.03,200.0,,,,,,,,,,,,,,,,,,,,,,32.066662431173235,32.066662431173235,32.066662431173235,32.066662431173235,32.043175497933106,30.75015420363329,30.526652514481302,30.310279581257237,30.076091635140816,29.94199036647803,29.94199036647803,29.94199036647803,29.94199036647803,29.94199036647803,29.94199036647803,30.02719922081351,30.638435279579852,31.91521657625376,32.72595761923743,32.82106761380639,33.15880969617994,33.337778801362724,33.69186271102545,33.723482207129656,33.723482207129656,33.723482207129656,33.723482207129656,33.723482207129656,33.75164770261052,34.07952311983692,34.1378444529044,34.1378444529044,34.1378444529044,34.1378444529044,34.1378444529044,34.1378444529044,34.1378444529044,34.13977617497247,,,,,,,,,,,,,,,,,,,,,,,,,,,,,,,,,,,30.83346484935438,30.705645965114048,30.417440402975455,30.08344267985768,29.902753784093854,30.08142327577796,30.08142327577796,30.114997262744325,31.067216947101393,31.067216947101393,31.067216947101393,31.074215835817785,31.174157713052853,31.174157713052853,31.188460276890304,32.126912393660874,32.552120276338535,32.766538046340195,32.82106761380639,32.82106761380639,32.82106761380639,32.82106761380639,32.83794979459068,33.28496117074315,33.30262604502359,33.34595424791248,33.58836836967133,33.58836836967133,33.58836836967133,33.59682030641392,33.71403765449541,33.71403765449541,33.71403765449541,33.71403765449541,33.71403765449541,33.71403765449541,33.71403765449541,33.9234356646077,34.08652896766781,34.08929616895874,,,,,30.83346484935438,30.08344267985768,33.28496117074315,,,,32.72595761923743,30.678384651870125,30.987641083284892,31.156046990988294,"rgba(38, 166, 154, 1.0)",0.9710032565977943,30.908827697588272,1.1546534934806478,70.52603754756403,29.295051693292024,True,False,True,False,False,8.756373982046291,30.633899999999997,31.8576,0.0,0.0,0.0,0.0,0,0.8589225589225588,1.0973063973063977,False,False,False,False,0.08322042703078446,0.07093910668875197,False,False,False,False,-2805.0,-3285.297701718369,False,False,False,False,94.73564374305984,False,False,False,False
2025-04-24 19:00:00+00:00,32.03,32.21,32.03,32.21,105.0,,,,,,,,,,,,,,,,,,,,,,32.07647234678625,32.07647234678625,32.07647234678625,32.07647234678625,32.05448252688172,30.79522743534703,30.559628232411168,30.338991032500996,30.103193113461938,29.965172149451714,29.965172149451714,29.965172149451714,29.965172149451714,29.965172149451714,29.965172149451714,30.049049439597415,30.651690189855792,31.916437105984095,32.723557319574006,32.81832866879164,33.15498996309786,33.33345900730838,33.68676460091531,33.718328238083345,33.718328238083345,33.718328238083345,33.718328238083345,33.718328238083345,33.74645060106925,34.074520158369545,34.13289052919721,34.13289052919721,34.13289052919721,34.13289052919721,34.13289052919721,34.13289052919721,34.13289052919721,34.13482343226499,,,,,,,,,,,,,,,,,,,,,,,,,,,,,,,,,,,30.88124783961286,30.747972834682294,30.448827352196915,30.11130816317795,29.928649400058532,30.102396678254138,30.102396678254138,30.13543292527415,31.07509691802975,31.07509691802975,31.07509691802975,31.08199098292951,31.18074488374584,31.18074488374584,31.194868507352158,32.12702494815366,32.55037769982118,32.76399187151755,32.81832866879164,32.81832866879164,32.81832866879164,32.81832866879164,32.83515281757403,33.280782667134176,33.29840220337603,33.341613141125364,33.583470407005024,33.583470407005024,33.583470407005024,33.591905994241905,33.70889858972754,33.70889858972754,33.70889858972754,33.70889858972754,33.70889858972754,33.70889858972754,33.70889858972754,33.9181509914103,34.08153607530181,34.08430838946724,,,,,30.88124783961286,30.11130816317795,33.280782667134176,,,,32.723557319574006,30.70332251070934,31.005375367413052,31.169996187022463,"rgba(38, 166, 154, 1.0)",0.9972110884632983,30.935368772174453,1.278196003405612,69.82359001744479,28.069451863635123,True,False,True,False,False,10.101490312210771,30.694900000000004,31.85445,0.0,0.0,0.0,0.0,0,0.8723259762308997,1.101188455008489,False,False,False,False,0.07842964189891663,0.0746843742938343,False,False,False,False,-2700.0,-3276.223318745991,False,False,False,False,94.89478104936899,False,False,False,False
2025-04-25 14:00:00+00:00,32.21,32.21,31.875,31.875,0.0,,,,,,,,,,,,,,,,,,,,,,32.07647234678625,32.07647234678625,32.07647234678625,32.07647234678625,32.05448252688172,30.79522743534703,30.559628232411168,30.338991032500996,30.103193113461938,29.965172149451714,29.965172149451714,29.965172149451714,29.965172149451714,29.965172149451714,29.965172149451714,30.049049439597415,30.651690189855792,31.916437105984095,32.723557319574006,32.81832866879164,33.15498996309786,33.33345900730838,33.68676460091531,33.718328238083345,33.718328238083345,33.718328238083345,33.718328238083345,33.718328238083345,33.74645060106925,34.074520158369545,34.13289052919721,34.13289052919721,34.13289052919721,34.13289052919721,34.13289052919721,34.13289052919721,34.13289052919721,34.13482343226499,,,,,,,,,,,,,,,,,,,,,,,,,,,,,,,,,,,30.88124783961286,30.747972834682294,30.448827352196915,30.11130816317795,29.928649400058532,30.102396678254138,30.102396678254138,30.13543292527415,31.07509691802975,31.07509691802975,31.07509691802975,31.08199098292951,31.18074488374584,31.18074488374584,31.194868507352158,32.12702494815366,32.55037769982118,32.76399187151755,32.81832866879164,32.81832866879164,32.81832866879164,32.81832866879164,32.83515281757403,33.280782667134176,33.29840220337603,33.341613141125364,33.583470407005024,33.583470407005024,33.583470407005024,33.591905994241905,33.70889858972754,33.70889858972754,33.70889858972754,33.70889858972754,33.70889858972754,33.70889858972754,33.70889858972754,33.9181509914103,34.08153607530181,34.08430838946724,,,,,30.88124783961286,30.11130816317795,33.280782667134176,,,,32.723557319574006,30.70332251070934,31.005375367413052,31.169996187022463,"rgba(38, 166, 154, 0.5)",1.0114657992548584,30.935368772174453,0.9289797326985931,65.02188420064506,23.083264682963673,False,False,True,False,False,6.9416391820274335,30.7402,31.853725,0.0,0.0,0.0,0.0,0,0.8685579989927814,1.0856135638744333,False,False,False,False,0.0701871350690609,0.0724357546814476,False,False,False,False,-2700.0,-3267.289623881712,False,False,False,False,93.4235441338749,False,False,False,False
2025-04-25 15:00:00+00:00,31.875,31.9,31.875,31.9,0.0,,,,,,,,,,,,,,,,,,,,,,32.07647234678625,32.07647234678625,32.07647234678625,32.07647234678625,32.05448252688172,30.79522743534703,30.559628232411168,30.338991032500996,30.103193113461938,29.965172149451714,29.965172149451714,29.965172149451714,29.965172149451714,29.965172149451714,29.965172149451714,30.049049439597415,30.651690189855792,31.916437105984095,32.723557319574006,32.81832866879164,33.15498996309786,33.33345900730838,33.68676460091531,33.718328238083345,33.718328238083345,33.718328238083345,33.718328238083345,33.718328238083345,33.74645060106925,34.074520158369545,34.13289052919721,34.13289052919721,34.13289052919721,34.13289052919721,34.13289052919721,34.13289052919721,34.13289052919721,34.13482343226499,,,,,,,,,,,,,,,,,,,,,,,,,,,,,,,,,,,30.88124783961286,30.747972834682294,30.448827352196915,30.11130816317795,29.928649400058532,30.102396678254138,30.102396678254138,30.13543292527415,31.07509691802975,31.07509691802975,31.07509691802975,31.08199098292951,31.18074488374584,31.18074488374584,31.194868507352158,32.12702494815366,32.55037769982118,32.76399187151755,32.81832866879164,32.81832866879164,32.81832866879164,32.81832866879164,32.83515281757403,33.280782667134176,33.29840220337603,33.341613141125364,33.583470407005024,33.583470407005024,33.583470407005024,33.591905994241905,33.70889858972754,33.70889858972754,33.70889858972754,33.70889858972754,33.70889858972754,33.70889858972754,33.70889858972754,33.9181509914103,34.08153607530181,34.08430838946724,,,,,30.88124783961286,30.11130816317795,33.280782667134176,,,,32.723557319574006,30.70332251070934,31.005375367413052,31.169996187022463,"rgba(38, 166, 154, 0.5)",1.0152979636314492,30.935368772174453,0.9500966833177897,62.05408424456657,19.971721430322376,False,False,True,False,False,7.13352984529358,30.7866,31.853125,0.0,0.0,0.0,0.0,0,0.8686682321368666,1.0959409594095944,False,False,False,False,0.05372952206264374,0.06308263837204567,False,False,False,False,-2700.0,-3258.494435914554,False,False,False,False,91.97511709303963,False,False,False,False
2025-04-25 16:00:00+00:00,31.9,31.9,31.9,31.9,0.0,,,,,,,,,,,,,,,,,,,,,,32.07647234678625,32.07647234678625,32.07647234678625,32.07647234678625,32.05448252688172,30.79522743534703,30.559628232411168,30.338991032500996,30.103193113461938,29.965172149451714,29.965172149451714,29.965172149451714,29.965172149451714,29.965172149451714,29.965172149451714,30.049049439597415,30.651690189855792,31.916437105984095,32.723557319574006,32.81832866879164,33.15498996309786,33.33345900730838,33.68676460091531,33.718328238083345,33.718328238083345,33.718328238083345,33.718328238083345,33.718328238083345,33.74645060106925,34.074520158369545,34.13289052919721,34.13289052919721,34.13289052919721,34.13289052919721,34.13289052919721,34.13289052919721,34.13289052919721,34.13482343226499,,,,,,,,,,,,,,,,,,,,,,,,,,,,,,,,,,,30.88124783961286,30.747972834682294,30.448827352196915,30.11130816317795,29.928649400058532,30.102396678254138,30.102396678254138,30.13543292527415,31.07509691802975,31.07509691802975,31.07509691802975,31.08199098292951,31.18074488374584,31.18074488374584,31.194868507352158,32.12702494815366,32.55037769982118,32.76399187151755,32.81832866879164,32.81832866879164,32.81832866879164,32.81832866879164,32.83515281757403,33.280782667134176,33.29840220337603,33.341613141125364,33.583470407005024,33.583470407005024,33.583470407005024,33.591905994241905,33.70889858972754,33.70889858972754,33.70889858972754,33.70889858972754,33.70889858972754,33.70889858972754,33.70889858972754,33.9181509914103,34.08153607530181,34.08430838946724,,,,,30.88124783961286,30.11130816317795,33.280782667134176,,,,32.723557319574006,30.70332251070934,31.005375367413052,31.169996187022463,"rgba(38, 166, 154, 0.5)",1.0129550606784956,30.935368772174453,0.9522941986976385,60.07555094051423,17.78234025944485,False,True,True,False,False,7.13352984529358,30.820300000000003,31.85105,0.0,0.0,0.0,0.0,0,0.8708214345708045,1.0960860070552665,False,False,False,False,0.055055553019619785,0.05906909569583273,False,False,False,False,-2700.0,-3249.8356074507624,False,False,False,False,90.5491462853956,False,False,False,False
2025-04-25 17:00:00+00:00,31.9,32.1,31.9,32.04,50.0,,,,,,,,,,,,,,,,,,,,,,32.07312101910828,32.07312101910828,32.07312101910828,32.07312101910828,32.05250799744082,30.813622269203666,30.573555278789037,30.351342333038264,30.115005978148837,29.975360992272737,29.975360992272737,29.975360992272737,29.975360992272737,29.975360992272737,29.975360992272737,30.058630377524135,30.657352378576178,31.916676379560123,32.72215065689577,32.81676714773433,33.15293521951454,33.331176711270935,33.684133916032614,33.715672979090094,33.715672979090094,33.715672979090094,33.715672979090094,33.715672979090094,33.74377678011252,34.071978370246136,34.13037819342704,34.13037819342704,34.13037819342704,34.13037819342704,34.13037819342704,34.13037819342704,34.13037819342704,34.13231184195987,,,,,,,,,,,,,,,,,,,,,,,,,,,,,,,,,,,30.900481368218376,30.76538765024314,30.462208347588092,30.123443069201652,29.940026195153898,30.111578576462286,30.111578576462286,30.14437020115488,31.078337132200573,31.078337132200573,31.078337132200573,31.08518532491882,31.18341258143757,31.18341258143757,31.197457766529578,32.126761626829726,32.54927176002199,32.76251854759569,32.81676714773433,32.81676714773433,32.81676714773433,32.81676714773433,32.83356482197146,33.27856451989266,33.296163641431214,33.33932118576803,33.580928498192215,33.580928498192215,33.580928498192215,33.589356866798006,33.706249765668936,33.706249765668936,33.706249765668936,33.706249765668936,33.706249765668936,33.706249765668936,33.706249765668936,33.91545187893215,34.07899995912528,34.08177508664628,,,,,30.900481368218376,30.123443069201652,33.27856451989266,,,,32.72215065689577,30.712111525854766,31.01111304134904,31.175781993266305,"rgba(38, 166, 154, 0.5)",1.0129314029223568,31.201204235236673,0.8280874325184892,60.221326592648296,17.49947926926697,False,True,True,False,False,8.231224740948846,30.855100000000004,31.849675,0.0,0.0,0.0,0.0,0,0.8716836309027197,1.0872684798932089,False,False,False,False,0.06567116086397061,0.06237012827990167,False,False,False,False,-2650.0,-3240.535830591061,False,False,False,False,89.9204773507383,False,False,False,False
2025-04-25 18:00:00+00:00,32.04,32.04,31.95,31.95,100.0,,,,,,,,,,,,,,,,,,,,,,32.06418426103647,32.06418426103647,32.06418426103647,32.06418426103647,32.046158785755985,30.847816866998926,30.599997179921033,30.37502156634681,30.137791488495214,29.995109184645184,29.995109184645184,29.995109184645184,29.995109184645184,29.995109184645184,29.995109184645184,30.077192541783393,30.668261712306165,31.916987582727216,32.719222463339264,32.81353339001392,33.14872828569038,33.32652085271585,33.678792808040285,33.710283694549666,33.710283694549666,33.710283694549666,33.710283694549666,33.710283694549666,33.73835127708224,34.06683154553953,34.12529251314554,34.12529251314554,34.12529251314554,34.12529251314554,34.12529251314554,34.12529251314554,34.12529251314554,34.12722772082329,,,,,,,,,,,,,,,,,,,,,,,,,,,,,,,,,,,30.935956840836898,30.7979248147156,30.487734611503527,30.14683423627735,29.962051392787735,30.129362903737537,30.129362903737537,30.16167766672951,31.084522225270952,31.084522225270952,31.084522225270952,31.09128162329109,31.18848477130425,31.18848477130425,31.202377868594777,32.12608493175951,32.54693676510803,32.759458846529824,32.81353339001392,32.81353339001392,32.81353339001392,32.81353339001392,32.83027884714095,33.274035170329036,33.291594104780756,33.33464628400454,33.57576171265666,33.57576171265666,33.57576171265666,33.58417592205088,33.70087304553666,33.70087304553666,33.70087304553666,33.70087304553666,33.70087304553666,33.70087304553666,33.70087304553666,33.909982337647655,34.07386479102956,34.0766456782591,,,,,30.935956840836898,30.14683423627735,33.274035170329036,,,,32.719222463339264,30.728233996782812,31.021468786485247,31.18673242020291,"rgba(38, 166, 154, 0.5)",1.009071466856763,31.21181513535072,0.7315486453587983,58.95629983372811,15.795501628094414,False,True,True,False,False,7.357413792919786,30.888099999999998,31.847849999999998,0.0,0.0,0.0,0.0,0,0.8737314922641822,1.0890034935950759,False,False,False,False,0.0651400491310963,0.06375508870549898,False,False,False,False,-2750.0,-3232.93062391523,False,False,False,False,90.0767490197191,False,False,False,False
2025-04-25 19:00:00+00:00,31.95,32.05,31.95,31.98,148.0,,,,,,,,,,,,,,,,,,,,,,32.055372549019616,32.055372549019616,32.055372549019616,32.055372549019616,32.040098191214476,30.895452842558772,30.637716907505638,30.40911068412563,30.170747229889194,30.023824319513214,30.023824319513214,30.023824319513214,30.023824319513214,30.023824319513214,30.023824319513214,30.104203574943632,30.684242041503687,31.917538869372887,32.715008302932844,32.80886886463778,33.14262751673862,33.319756419486446,33.671010690293464,33.70242968411942,33.70242968411942,33.70242968411942,33.70242968411942,33.70242968411942,33.7304429371957,34.05930892614927,34.117856205761505,34.117856205761505,34.117856205761505,34.117856205761505,34.117856205761505,34.117856205761505,34.117856205761505,34.119793598857555,,,,,,,,,,,,,,,,,,,,,,,,,,,,,,,,,,,30.98499843309308,30.843511122562916,30.52429985778361,30.18063533292105,29.99399929153383,30.15525624178711,30.15525624178711,30.186885499968987,31.093656005251475,31.093656005251475,31.093656005251475,31.100286321327392,31.19599865430307,31.19599865430307,31.209670051288434,32.12518516822374,32.543596366057855,32.75505086239294,32.80886886463778,32.80886886463778,32.80886886463778,32.80886886463778,32.8255373092431,33.267457896684945,33.28495728414678,33.327853664100374,33.568239167442904,33.568239167442904,33.568239167442904,33.57663227708179,33.69303786610446,33.69303786610446,33.69303786610446,33.69303786610446,33.69303786610446,33.69303786610446,33.69303786610446,33.90199944653947,34.06635879059714,34.069147922087396,,,,,30.98499843309308,30.18063533292105,33.267457896684945,,,,32.715008302932844,30.752250300317296,31.037371181092112,31.202466692218213,"rgba(38, 166, 154, 0.5)",1.003916241436038,31.23203975124821,0.7450424825101766,58.47169801865376,14.804863358111334,False,True,True,False,False,7.598102651852333,30.9236,31.845649999999996,0.0,0.0,0.0,0.0,0,0.8741502238434752,1.0883767202785608,False,False,False,False,0.06567116086397061,0.06471312478473479,False,False,False,False,-2602.0,-3223.1487537770095,False,False,False,False,90.97478391863818,False,False,False,False
2025-04-28 14:00:00+00:00,31.98,31.98,31.98,31.98,0.0,,,,,,,,,,,,,,,,,,,,,,32.055372549019616,32.055372549019616,32.055372549019616,32.055372549019616,32.040098191214476,30.895452842558772,30.637716907505638,30.40911068412563,30.170747229889194,30.023824319513214,30.023824319513214,30.023824319513214,30.023824319513214,30.023824319513214,30.023824319513214,30.104203574943632,30.684242041503687,31.917538869372887,32.715008302932844,32.80886886463778,33.14262751673862,33.319756419486446,33.671010690293464,33.70242968411942,33.70242968411942,33.70242968411942,33.70242968411942,33.70242968411942,33.7304429371957,34.05930892614927,34.117856205761505,34.117856205761505,34.117856205761505,34.117856205761505,34.117856205761505,34.117856205761505,34.117856205761505,34.119793598857555,,,,,,,,,,,,,,,,,,,,,,,,,,,,,,,,,,,30.98499843309308,30.843511122562916,30.52429985778361,30.18063533292105,29.99399929153383,30.15525624178711,30.15525624178711,30.186885499968987,31.093656005251475,31.093656005251475,31.093656005251475,31.100286321327392,31.19599865430307,31.19599865430307,31.209670051288434,32.12518516822374,32.543596366057855,32.75505086239294,32.80886886463778,32.80886886463778,32.80886886463778,32.80886886463778,32.8255373092431,33.267457896684945,33.28495728414678,33.327853664100374,33.568239167442904,33.568239167442904,33.568239167442904,33.57663227708179,33.69303786610446,33.69303786610446,33.69303786610446,33.69303786610446,33.69303786610446,33.69303786610446,33.69303786610446,33.90199944653947,34.06635879059714,34.069147922087396,,,,,30.98499843309308,30.18063533292105,33.267457896684945,,,,32.715008302932844,30.752250300317296,31.037371181092112,31.202466692218213,"rgba(38, 166, 154, 0.5)",0.9968093558404943,31.23203975124821,0.7503543625161132,58.148630141937524,13.936912324346821,False,True,True,False,False,7.598102651852333,30.9608,31.84215,0.0,0.0,0.0,0.0,0,0.8751450837340407,1.0906980600232135,False,False,False,False,0.06354693288890219,0.06413002883681848,False,False,False,False,-2602.0,-3213.518540540156,False,False,False,False,89.56432215245775,False,False,False,False
2025-04-28 15:00:00+00:00,31.98,31.99,31.98,31.99,10.0,,,,,,,,,,,,,,,,,,,,,,32.05480000000001,32.05480000000001,32.05480000000001,32.05480000000001,32.03968717948718,30.898510320351175,30.64017984297973,30.411352804623842,30.172923808382276,30.025728327998177,30.025728327998177,30.025728327998177,30.025728327998177,30.025728327998177,30.025728327998177,30.10599486154723,30.685302475166903,31.91757258038298,32.714722712360654,32.808553046016755,33.1422152478096,33.31929955333174,33.67048538339987,33.70189953858196,33.70189953858196,33.70189953858196,33.70189953858196,33.70189953858196,33.72990913358027,34.05880097539457,34.11735405229219,34.11735405229219,34.11735405229219,34.11735405229219,34.11735405229219,34.11735405229219,34.11735405229219,34.11929159214283,,,,,,,,,,,,,,,,,,,,,,,,,,,,,,,,,,,30.988127668436952,30.846449070504583,30.526695609436434,30.182866378422897,29.996114649681523,30.156973618404585,30.156973618404585,30.18855753747056,31.09426201140064,31.09426201140064,31.09426201140064,31.100883773703597,31.19649708966357,31.19649708966357,31.21015376953246,32.125121761420864,32.54336939984244,32.754752263630365,32.808553046016755,32.808553046016755,32.808553046016755,32.808553046016755,32.82521632101223,33.26701360945378,33.28450899485515,33.32739490336925,33.56773132539147,33.56773132539147,33.56773132539147,33.57612301549171,33.69250898834615,33.69250898834615,33.69250898834615,33.69250898834615,33.69250898834615,33.69250898834615,33.69250898834615,33.90146058406482,34.06585195655529,34.06864164215269,,,,,30.988127668436952,30.182866378422897,33.26701360945378,,,,32.714722712360654,30.753823865014787,31.038418479964385,31.203496271222726,"rgba(38, 166, 154, 0.5)",0.9879017121111034,31.233320657352856,0.7659459775913856,58.079338506162465,13.294293344342002,False,True,True,False,False,7.6812404432384795,30.9965,31.838775000000002,0.0,0.0,0.0,0.0,0,0.8751864743908502,1.090336482678601,False,False,False,False,0.064077935446842,0.06410398214183025,False,False,False,False,-2592.0,-3203.8825941751925,False,False,False,False,88.3307667702491,False,False,False,False
2025-04-28 16:00:00+00:00,31.99,31.99,31.95,31.95,100.0,,,,,,,,,,,,,,,,,,,,,,32.04776410256411,32.04776410256411,32.04776410256411,32.04776410256411,32.03423333333334,30.927532479331337,30.663905026597334,30.4331014106876,30.194129653756566,30.04434303647483,30.04434303647483,30.04434303647483,30.04434303647483,30.04434303647483,30.04434303647483,30.12350205800105,30.69562415872502,31.917794655278403,32.71178794151729,32.80531886941661,33.13802575310661,33.314668362990545,33.66517773494176,33.69654417200591,33.69654417200591,33.69654417200591,33.69654417200591,33.69654417200591,33.72451780755028,34.053678083643,34.112290652938725,34.112290652938725,34.112290652938725,34.112290652938725,34.112290652938725,34.112290652938725,34.112290652938725,34.11422970667417,,,,,,,,,,,,,,,,,,,,,,,,,,,,,,,,,,,31.017670402908216,30.87443414348952,30.549852245862883,30.20459263778727,30.016778711484587,30.173755109624658,30.173755109624658,30.20489383897887,31.10011986609148,31.10011986609148,31.10011986609148,31.106658074450984,31.20130092505585,31.20130092505585,31.21481366907958,32.12438454995596,32.54101516627434,32.75168866695056,32.80531886941661,32.80531886941661,32.80531886941661,32.80531886941661,32.82193095474067,33.26250697133112,33.27996277944095,33.32274495767287,33.562596101526744,33.562596101526744,33.562596101526744,33.57097378755468,33.68716608989412,33.68716608989412,33.68716608989412,33.68716608989412,33.68716608989412,33.68716608989412,33.68716608989412,33.89602312684697,34.060740443601645,34.06353576019208,,,,,31.017670402908216,30.20459263778727,33.26250697133112,,,,32.71178794151729,30.768667233717206,31.048202210787498,31.21339457568457,"rgba(38, 166, 154, 0.5)",1.0003568057138403,31.24446555213803,0.7052827989294367,57.17661111158953,11.906310995392133,False,True,True,False,False,7.267063164434742,31.034699999999997,31.8352,0.0,0.0,0.0,0.0,0,0.878137988362427,1.090606816292602,False,False,False,False,0.06248503482592013,0.06329450848387519,False,False,False,False,-2692.0,-3195.946429924414,False,False,False,False,88.5116851148964,False,False,False,False
2025-04-28 17:00:00+00:00,31.95,31.95,31.84,31.84,100.0,,,,,,,,,,,,,,,,,,,,,,32.035542857142865,32.035542857142865,32.035542857142865,32.035542857142865,32.02372888888889,30.95271513221898,30.685267747049494,30.453051179288742,30.213824573725077,30.061778792780782,30.061778792780782,30.061778792780782,30.061778792780782,30.061778792780782,30.061778792780782,30.1398730040153,30.705086124018578,31.917596026916517,32.70853882166804,32.801778989098125,33.13355902593341,33.309773704573566,33.65963437060914,33.69095555419072,33.69095555419072,33.69095555419072,33.69095555419072,33.69095555419072,33.71889559943611,34.04836881767632,34.10704775529029,34.10704775529029,34.10704775529029,34.10704775529029,34.10704775529029,34.10704775529029,34.10704775529029,34.108988530247665,,,,,,,,,,,,,,,,,,,,,,,,,,,,,,,,,,,31.042927570322462,30.898932616312234,30.57089942893401,30.224750251155317,30.036112266112262,30.1894299214531,30.1894299214531,30.220141675787406,31.10531902785216,31.10531902785216,31.10531902785216,31.111779174425816,31.205505405797997,31.205505405797997,31.218883354854572,32.123260909008444,32.53832962783304,32.74831450275712,32.801778989098125,32.801778989098125,32.801778989098125,32.801778989098125,32.81834143439407,33.25773282118415,33.275150543534174,33.317832172583664,33.55721713513916,33.55721713513916,33.55721713513916,33.565581511303485,33.68158914489897,33.68158914489897,33.68158914489897,33.68158914489897,33.68158914489897,33.68158914489897,33.68158914489897,33.89037362914056,34.05544353632608,34.05824490520085,,,,,31.042927570322462,30.224750251155317,33.25773282118415,,,,32.70853882166804,30.78075269196317,31.055715233607195,31.222185854687883,"rgba(38, 166, 154, 0.5)",1.0081486689660422,31.250689591930303,0.5845471270364256,54.34794569755371,8.860760956606555,False,True,True,False,False,6.126683078277157,31.070700000000002,31.829925,0.0,0.0,0.0,0.0,0,0.8849053442787735,1.0882894957279279,False,False,False,False,0.05452511768665328,0.05890981308526423,False,False,False,False,-2792.0,-3189.683694576749,False,False,False,False,88.68979852396777,False,False,False,False
2025-04-28 18:00:00+00:00,31.84,31.865,31.84,31.865,100.0,,,,,,,,,,,,,,,,,,,,,,32.02361777777778,32.02361777777778,32.02361777777778,32.02361777777778,32.013287500000004,30.97607909020419,30.70554468870809,30.47218443293348,30.232832349878514,30.07869733245357,30.07869733245357,30.07869733245357,30.07869733245357,30.07869733245357,30.07869733245357,30.155756005797624,30.714238727282353,31.91730318177449,32.70523737549899,32.798190045821634,33.129053248173896,33.30484440901433,33.65406346557904,33.68533992570822,33.68533992570822,33.68533992570822,33.68533992570822,33.68533992570822,33.713246832691276,34.04303672797457,34.1017825975059,34.1017825975059,34.1017825975059,34.1017825975059,34.1017825975059,34.1017825975059,34.1017825975059,34.1037251121705,,,,,,,,,,,,,,,,,,,,,,,,,,,,,,,,,,,31.066170617918697,30.92178477690289,30.590976993545695,30.24418939845146,30.054842249657064,30.204636385747282,30.204636385747282,30.234933116413576,31.110316019331375,31.110316019331375,31.110316019331375,31.116700471282588,31.20953412114087,31.20953412114087,31.222781071115723,32.12205710587315,32.535585192044465,32.744889435204044,32.798190045821634,32.798190045821634,32.798190045821634,32.798190045821634,32.81470341227208,33.25292278906894,33.270302849071,33.31288493877321,33.55180877566814,33.55180877566814,33.55180877566814,33.56015999915401,33.67598503459854,33.67598503459854,33.67598503459854,33.67598503459854,33.67598503459854,33.67598503459854,33.67598503459854,33.884699856786824,34.05012387196671,34.05293131883604,,,,,31.066170617918697,30.24418939845146,33.25292278906894,,,,32.70523737549899,30.79222736020163,31.0628654251866,31.230528979591156,"rgba(38, 166, 154, 0.5)",1.015677224921625,31.256747081932737,0.5988643863843629,52.973978807705194,7.304871985540927,False,True,True,False,False,6.347382897024026,31.107200000000002,31.824775,0.0,0.0,0.0,0.0,0,0.8889262874453044,1.0809491753618312,False,False,False,False,0.050017624494609635,0.05446371878993693,False,False,False,False,-2692.0,-3181.967668304241,False,False,False,False,88.86515048483649,False,False,False,False
2025-04-28 19:00:00+00:00,31.865,31.9,31.715,31.89,116.0,,,,,,,,,,,,,,,,,,,,,,32.01007838283829,32.01007838283829,32.01007838283829,32.01007838283829,32.001235431235436,31.001081555834382,30.727777306408726,30.493398416532475,30.254050690718117,30.09769324009323,30.09769324009323,30.09769324009323,30.09769324009323,30.09769324009323,30.09769324009323,30.173585964912267,30.724477214259455,31.916846859764842,32.701342644392156,32.79396584751103,33.12377789492181,33.29908323478065,33.647566810344834,33.67879204799675,33.67879204799675,33.67879204799675,33.67879204799675,33.67879204799675,33.706661074670784,34.03682294193757,34.09564715215717,34.09564715215717,34.09564715215717,34.09564715215717,34.09564715215717,34.09564715215717,34.09564715215717,34.09759170784003,,,,,,,,,,,,,,,,,,,,,,,,,,,,,,,,,,31.835,31.090827573495538,30.94638031112143,30.613109918200404,30.265871225472917,30.075836383353664,30.22170517448855,30.22170517448855,30.25153488372091,31.115864022351275,31.115864022351275,31.115864022351275,31.122163541393473,31.213991031390126,31.213991031390126,31.2270906406133,32.12056134519211,32.53232848441134,32.740853060027796,32.79396584751103,32.79396584751103,32.79396584751103,32.79396584751103,32.810422975517895,33.247298420188756,33.264635315609716,33.3071031893247,33.545498378698106,33.545498378698106,33.545498378698106,33.5538345397267,33.669450326397396,33.669450326397396,33.669450326397396,33.669450326397396,33.669450326397396,33.669450326397396,33.669450326397396,33.87808792176493,34.04392458201646,34.046739111250176,,,,31.835,31.090827573495538,30.265871225472917,33.247298420188756,,,,32.701342644392156,30.89166742720962,31.070711745174073,31.19172538466625,"rgba(38, 166, 154, 0.5)",1.0229317740757138,31.36215566889855,0.5160112770750465,52.59836515780244,6.677153841536075,False,True,True,False,False,6.571133517236824,31.1442,31.81975,1.0,31.9,31.715,0.0,0,0.887808150259936,1.07412376320644,False,False,False,False,0.04524719319567893,0.049855455992807926,False,False,False,False,-2576.0,-3172.572820733633,False,False,False,False,89.28584582615686,False,False,False,False
2025-04-29 14:00:00+00:00,31.89,31.995,31.89,31.995,100.0,,,,,,,,,,,,,,,,,,,,,,32.00716006216007,32.00716006216007,32.00716006216007,32.00716006216007,31.998964757709253,31.024555691554472,30.748338339173472,30.51281845868644,30.273307371035102,30.114896997690522,30.114896997690522,30.114896997690522,30.114896997690522,30.114896997690522,30.114896997690522,30.189789266817826,30.734131244465274,31.917052135857674,32.69849340866291,32.79082473320779,33.11970232883908,33.29457377785261,33.64238704726827,33.6735645782644,33.6735645782644,33.6735645782644,33.6735645782644,33.6735645782644,33.70139735205778,34.03179674895128,34.09067555928021,34.09067555928021,34.09067555928021,34.09067555928021,34.09067555928021,34.09067555928021,34.09067555928021,34.0926214890253,,,,,,,,,,,,,,,,,,,,,,,,,,,,,,,,,,31.892870370370375,31.114211281499426,30.96938053097345,30.633455689828796,30.285545232841713,30.094799382716047,30.237253428741788,30.237253428741788,30.26668085106381,31.12139861438936,31.12139861438936,31.12139861438936,31.127621048289033,31.2185456987606,31.2185456987606,31.231511349699414,32.119843335420214,32.53004410473379,32.73787826837849,32.79082473320779,32.79082473320779,32.79082473320779,32.79082473320779,32.80723189493434,33.2429114980916,33.26020937227895,33.30257526357658,33.54049032923761,33.54049032923761,33.54049032923761,33.54881253216541,33.66423540776897,33.66423540776897,33.66423540776897,33.66423540776897,33.66423540776897,33.66423540776897,33.66423540776897,33.87276876502127,34.038908999013216,34.041728813016725,,,,31.892870370370375,31.114211281499426,30.285545232841713,33.2429114980916,,,,32.69849340866291,30.907568617174064,31.080314882097685,31.203523013859762,"rgba(38, 166, 154, 0.5)",1.019758812678427,31.376186595550983,0.6068232966025425,54.488599670794656,6.677153841536075,False,True,True,False,True,7.513772758000165,31.1871,31.815250000000002,0.0,0.0,0.0,0.0,0,0.8933736966027579,1.0748402287251935,False,False,False,False,0.05956553344772581,0.05471049472026687,False,False,False,False,-2476.0,-3161.7732421176074,False,False,False,False,89.45195674358078,False,False,False,False
2025-04-29 15:00:00+00:00,31.995,31.995,31.9,31.9,47.0,,,,,,,,,,,,,,,,,,,,,,32.00514747589337,32.00514747589337,32.00514747589337,32.00514747589337,31.99726695294328,31.034873749596645,30.757546357615887,30.521594069395096,30.282059098734933,30.122750950453757,30.122750950453757,30.122750950453757,30.122750950453757,30.122750950453757,30.122750950453757,30.197183435693628,30.738513040093412,31.917084737449965,32.69711073173228,32.78930650073317,33.11775009906067,33.29242003451909,33.63992271227307,33.67107819317481,33.67107819317481,33.67107819317481,33.67107819317481,33.67107819317481,33.69889427224396,34.02941064133247,34.0883159318513,34.0883159318513,34.0883159318513,34.0883159318513,34.0883159318513,34.0883159318513,34.0883159318513,34.09026253241978,,,,,,,,,,,,,,,,,,,,,,,,,,,,,,,,,,31.899803548795948,31.12441861494864,30.979534875018707,30.642607619619014,30.294481211981214,30.10344736051287,30.244346812743075,30.244346812743075,30.27358950590034,31.123887835806254,31.123887835806254,31.123887835806254,31.130075113102574,31.220586164211202,31.220586164211202,31.233490617105733,32.11944865902093,32.52892368165945,32.73643729084272,32.78930650073317,32.78930650073317,32.78930650073317,32.78930650073317,32.80569046459652,33.24081464847516,33.25809443164883,33.30041294717766,33.53810545848315,33.53810545848315,33.53810545848315,33.546421207735555,33.661754805495484,33.661754805495484,33.661754805495484,33.661754805495484,33.661754805495484,33.661754805495484,33.661754805495484,33.870242058326646,34.03652799147354,34.03935033736251,,,,31.899803548795948,31.12441861494864,30.294481211981214,33.24081464847516,,,,32.69711073173228,30.913598905750227,31.084481714014213,31.207854703028424,"rgba(38, 166, 154, 0.5)",1.0136604438838386,31.380815328346586,0.5121879568114127,53.42727274495653,6.677153841536075,False,True,True,False,True,6.477551803279994,31.228099999999998,31.810275,0.0,0.0,0.0,0.0,0,0.887678122380553,1.074601844090528,False,False,False,False,0.06009627499563613,0.0574033848579515,False,False,False,False,-2523.0,-3151.869780999505,False,False,False,False,88.79378687158729,False,False,False,False
2025-04-29 16:00:00+00:00,31.9,31.9,31.9,31.9,0.0,,,,,,,,,,,,,,,,,,,,,,32.00514747589337,32.00514747589337,32.00514747589337,32.00514747589337,31.99726695294328,31.034873749596645,30.757546357615887,30.521594069395096,30.282059098734933,30.122750950453757,30.122750950453757,30.122750950453757,30.122750950453757,30.122750950453757,30.122750950453757,30.197183435693628,30.738513040093412,31.917084737449965,32.69711073173228,32.78930650073317,33.11775009906067,33.29242003451909,33.63992271227307,33.67107819317481,33.67107819317481,33.67107819317481,33.67107819317481,33.67107819317481,33.69889427224396,34.02941064133247,34.0883159318513,34.0883159318513,34.0883159318513,34.0883159318513,34.0883159318513,34.0883159318513,34.0883159318513,34.09026253241978,,,,,,,,,,,,,,,,,,,,,,,,,,,,,,,,,,31.899803548795948,31.12441861494864,30.979534875018707,30.642607619619014,30.294481211981214,30.10344736051287,30.244346812743075,30.244346812743075,30.27358950590034,31.123887835806254,31.123887835806254,31.123887835806254,31.130075113102574,31.220586164211202,31.220586164211202,31.233490617105733,32.11944865902093,32.52892368165945,32.73643729084272,32.78930650073317,32.78930650073317,32.78930650073317,32.78930650073317,32.80569046459652,33.24081464847516,33.25809443164883,33.30041294717766,33.53810545848315,33.53810545848315,33.53810545848315,33.546421207735555,33.661754805495484,33.661754805495484,33.661754805495484,33.661754805495484,33.661754805495484,33.661754805495484,33.661754805495484,33.870242058326646,34.03652799147354,34.03935033736251,,,,31.899803548795948,31.12441861494864,30.294481211981214,33.24081464847516,,,,32.69711073173228,30.913598905750227,31.084481714014213,31.207854703028424,"rgba(38, 166, 154, 0.5)",1.0127640440933414,31.380815328346586,0.5126412955529079,52.71972146106445,6.354771611444193,False,True,True,False,True,6.477551803279994,31.258699999999997,31.807375,0.0,0.0,0.0,0.0,0,0.8874138800201644,1.0803226348512858,False,False,False,False,0.055055553019619785,0.056229468938785644,False,False,False,False,-2523.0,-3142.1198619142415,False,False,False,False,87.41713901311306,False,False,False,False
2025-04-29 17:00:00+00:00,31.9,32.21,31.9,32.21,100.0,,,,,,,,,,,,,,,,,,,,,,32.010596707818934,32.010596707818934,32.010596707818934,32.010596707818934,32.002840040753945,31.06019966918715,30.779519001085767,30.54218210157163,30.30231900954919,30.140832573824273,30.140832573824273,30.140832573824273,30.140832573824273,30.140832573824273,30.140832573824273,30.21427512232962,30.749082013647477,31.917980301384098,32.69485420010702,32.786749509932456,33.1142274057557,33.28844659651945,33.635237724203265,33.66634142772076,33.66634142772076,33.66634142772076,33.66634142772076,33.66634142772076,33.69411711171118,34.02477383622318,34.083718564402375,34.083718564402375,34.083718564402375,34.083718564402375,34.083718564402375,34.083718564402375,34.083718564402375,34.08566608735952,,,,,,,,,,,,,,,,,,,,,,,,,,,,,,,,,,31.95679063360882,31.14983911318151,31.004285243741762,30.66424289443869,30.315172984699707,30.123314655029915,30.260788234601677,30.260788234601677,30.289631136781292,31.13026993094789,31.13026993094789,31.13026993094789,31.13637611028668,31.225947900278342,31.225947900278342,31.23871108852485,32.11939187288048,32.527248125074415,32.7340514345608,32.786749509932456,32.786749509932456,32.786749509932456,32.786749509932456,32.803081874836735,33.23696890576786,33.25420762444865,33.29642021762883,33.53360492779141,33.53360492779141,33.53360492779141,33.541905605737476,33.657031969710786,33.657031969710786,33.657031969710786,33.657031969710786,33.657031969710786,33.657031969710786,33.657031969710786,33.86537124497106,34.03189958269379,34.034726249720876,,,,31.95679063360882,31.14983911318151,30.315172984699707,33.23696890576786,,,,32.69485420010702,30.932362752362252,31.096869162188483,31.220504343267248,"rgba(38, 166, 154, 0.5)",1.0160595233322955,31.39990399600102,0.797291876505591,57.61238848637832,3.7422478621688526,False,True,True,False,True,9.281682794074275,31.2955,31.807775000000003,0.0,0.0,0.0,0.0,0,0.8862464659903541,1.0691834358889074,False,False,False,False,0.0715158986745817,0.06387268380668368,False,False,False,False,-2423.0,-3130.970716768284,False,False,False,False,87.61222212918882,False,False,False,False
2025-04-29 18:00:00+00:00,32.21,32.36,32.21,32.36,112.0,,,,,,,,,,,,,,,,,,,,,,32.02757552742616,32.02757552742616,32.02757552742616,32.02757552742616,32.01941927710843,31.092422882136283,30.80693644700362,30.567530405837918,30.326980149155514,30.16275126308191,30.16275126308191,30.16275126308191,30.16275126308191,30.16275126308191,30.16275126308191,30.23507636181022,30.762471215950566,31.920043466002536,32.69321390516783,32.784757792781036,33.11110137433192,33.28478811956111,33.630717896403674,33.66175739561645,33.66175739561645,33.66175739561645,33.66175739561645,33.66175739561645,33.689481590016555,34.02015480571122,34.07912173731951,34.07912173731951,34.07912173731951,34.07912173731951,34.07912173731951,34.07912173731951,34.07912173731951,34.081069637367975,,,,,,,,,,,,,,,,,,,,,,,,,,,,,,,,,,32.040073684210526,31.182519701542596,31.03562687526789,30.691038183844544,30.340361330326946,30.147337093346408,30.280852201532753,30.280852201532753,30.309241268740774,31.138788386736287,31.138788386736287,31.138788386736287,31.14479619072021,31.233245281884834,31.233245281884834,31.245836896701903,32.12033560261114,32.52628688816025,32.732259758060465,32.784757792781036,32.784757792781036,32.784757792781036,32.784757792781036,32.80102958118102,33.23346181130291,33.2506512868801,33.292738809285794,33.52931130814379,33.52931130814379,33.52931130814379,33.537593397091314,33.6524656214373,33.6524656214373,33.6524656214373,33.6524656214373,33.6524656214373,33.6524656214373,33.6524656214373,33.860574813917424,34.027286763298896,34.03011688301359,,,,32.040073684210526,31.182519701542596,30.340361330326946,33.23346181130291,,,,32.69321390516783,30.958715222744736,31.114783079557505,31.23725156966794,"rgba(38, 166, 154, 0.5)",1.0209634559462357,31.552659563902466,0.7907633044018061,62.53113845996072,8.173470560110367,False,False,True,False,True,10.583253312307626,31.335299999999997,31.809324999999998,0.0,0.0,0.0,0.0,0,0.8970709912295216,1.063875558497435,False,False,False,False,0.09601511436471967,0.07994389908570168,False,False,False,False,-2311.0,-3118.257992477303,False,False,False,False,87.99032721245722,False,False,False,False
2025-04-29 19:00:00+00:00,32.36,32.36,32.155,32.26,101.0,,,,,,,,,,,,,,,,,,,,,,32.038802183686585,32.038802183686585,32.038802183686585,32.038802183686585,32.030508578431366,31.1189148856393,30.83001075607324,30.589114214694977,30.348139349893334,30.181674266130223,30.181674266130223,30.181674266130223,30.181674266130223,30.181674266130223,30.181674266130223,30.253025325720966,30.773953361706432,31.921641411779376,32.69154883303639,32.782781989347214,33.108122658366476,33.28133871236067,33.62650991702085,33.657493080625756,33.657493080625756,33.657493080625756,33.657493080625756,33.657493080625756,33.685172316131535,34.015885516634675,34.07487629952828,34.07487629952828,34.07487629952828,34.07487629952828,34.07487629952828,34.07487629952828,34.07487629952828,34.07682465566009,,,,,,,,,,,,,,,,,,,,,,,,,,,,,,,,,,32.078344907407406,31.209170959038516,31.061532759946857,30.713716809933135,30.361954817374503,30.168045195545194,30.298159445407265,30.298159445407265,30.326153493699866,31.146031151251165,31.146031151251165,31.146031151251165,31.151954238798364,31.239430471752588,31.239430471752588,31.251873979180193,32.120949006836256,32.52522199050394,32.73046087163492,32.782781989347214,32.782781989347214,32.782781989347214,32.782781989347214,32.79900024682217,33.23014616437741,33.24729223223961,33.28926914859464,33.52530216433993,33.52530216433993,33.52530216433993,33.53356793469795,33.64821675719172,33.64821675719172,33.64821675719172,33.64821675719172,33.64821675719172,33.64821675719172,33.64821675719172,33.85613147537983,34.023023614657156,34.025857078245146,,,,32.078344907407406,31.209170959038516,30.361954817374503,33.23014616437741,,,,32.69154883303639,30.978651664968766,31.129244651892513,31.249771715365977,"rgba(38, 166, 154, 0.5)",1.022566766911629,31.67500177115739,0.5720880511396119,63.334845330020165,8.759096002747711,False,False,True,False,True,9.445519808805908,31.3731,31.810375,0.0,0.0,0.0,0.0,0,0.8950248756218904,1.0729684908789388,False,False,False,False,0.09308037968465653,0.0865121393851791,False,False,False,False,-2412.0,-3107.3082561598258,False,False,False,False,88.19202756575245,False,False,False,False
2025-04-30 14:00:00+00:00,32.26,32.26,31.83,31.83,100.0,,,,,,,,,,,,,,,,,,,,,,32.03579350490196,32.03579350490196,32.03579350490196,32.03579350490196,32.02799648506151,31.137713971397147,30.847728446717284,30.606391038442336,30.36557892477733,30.197550731058918,30.197550731058918,30.197550731058918,30.197550731058918,30.197550731058918,30.197550731058918,30.26800406327092,30.78299982400562,31.921882040778325,32.688836436421326,32.779785141305695,33.104211614682065,33.27700110539988,33.621506355932205,33.652441611677666,33.652441611677666,33.652441611677666,33.652441611677666,33.652441611677666,33.680084068999,34.01099668900591,34.07003593062625,34.07003593062625,34.07003593062625,34.07003593062625,34.07003593062625,34.07003593062625,34.07003593062625,34.071985483574124,,,,,,,,,,,,,,,,,,,,,,,,,,,,,,,,,,32.06281065088757,31.22746548559573,31.08026710499281,30.731508003766475,30.37971888435674,30.18541041426189,30.31255097365405,30.31255097365405,30.34018398637136,31.15129656737949,31.15129656737949,31.15129656737949,31.157148895353732,31.24378882356434,31.24378882356434,31.256108144061663,32.12030219378962,32.52305890883438,32.727626143497204,32.779785141305695,32.779785141305695,32.779785141305695,32.779785141305695,32.79595462928809,33.225929237686216,33.243036766097696,33.284913331788644,33.52047023049701,33.52047023049701,33.52047023049701,33.52872203414397,33.643177998395515,33.643177998395515,33.643177998395515,33.643177998395515,33.643177998395515,33.643177998395515,33.643177998395515,33.850975949251556,34.01814444523792,34.020982766946105,,,,32.06281065088757,31.22746548559573,30.37971888435674,33.225929237686216,,,,32.688836436421326,30.989175854257958,31.137769738906933,31.25689816268251,#000000,1.0209355804646898,31.664550881129074,0.16205637460065644,56.68938648869684,11.886223840560874,False,True,True,False,False,4.791271786142758,31.4023,31.809275,0.0,0.0,0.0,0.0,0,0.8779050736497542,1.0752864157119477,False,False,False,False,0.07045286784627885,0.07848250361572898,False,False,False,False,-2512.0,-3098.0786707930065,False,False,False,False,88.37509690581831,False,False,False,False
2025-04-30 15:00:00+00:00,31.83,32.255,31.83,32.255,100.0,,,,,,,,,,,,,,,,,,,,,,32.03920035149385,32.03920035149385,32.03920035149385,32.03920035149385,32.03158810325476,31.158717617509875,30.867041812910113,30.624967743261013,30.384134550730785,30.214377982725797,30.214377982725797,30.214377982725797,30.214377982725797,30.214377982725797,30.214377982725797,30.283932671558034,30.792958901033078,31.92276912859482,32.686671181509226,32.77732681667282,33.100808288969034,33.27315490552526,33.61695544156105,33.64783901515151,33.64783901515151,33.64783901515151,33.64783901515151,33.64783901515151,33.67544088156556,34.006465496657114,34.06553952095349,34.06553952095349,34.06553952095349,34.06553952095349,34.06553952095349,34.06553952095349,34.06553952095349,34.06748986259028,,,,,,,,,,,,,,,,,,,,,,,,,,,,,,,,,,32.069321305841925,31.24817785051828,31.101065700288572,30.750753481894147,30.398622105913564,30.203778582317067,30.32788983532082,30.32788983532082,30.35515990990989,31.157380786744234,31.157380786744234,31.157380786744234,31.16315809870956,31.248922211071097,31.248922211071097,31.261109749693684,32.12027179129221,32.52145929309494,32.725334775635055,32.77732681667282,32.77732681667282,32.77732681667282,32.77732681667282,32.793445914492224,33.22220867888354,33.23927572660386,33.28104813434067,33.51610281717827,33.51610281717827,33.51610281717827,33.524339618746836,33.63858938212358,33.63858938212358,33.63858938212358,33.63858938212358,33.63858938212358,33.63858938212358,33.63858938212358,33.84623088476243,34.01362092030999,34.01646323453924,,,,32.069321305841925,31.24817785051828,30.398622105913564,33.22220867888354,,,,32.686671181509226,31.003343008702217,31.148658891468237,31.266065295739914,"rgba(38, 166, 154, 0.5)",1.0230537135948536,31.673447093102354,0.5684480679456811,57.34317903570377,11.886223840560874,False,True,True,False,False,8.488401546717224,31.4379,31.807799999999997,0.0,0.0,0.0,0.0,0,0.8795803066989505,1.073446327683616,False,False,False,False,0.0701871350690609,0.07433481934239494,False,False,False,False,-2412.0,-3087.4417921760605,False,False,False,False,88.55532796154206,False,False,False,False
2025-04-30 16:00:00+00:00,32.255,32.255,32.255,32.255,0.0,,,,,,,,,,,,,,,,,,,,,,32.03920035149385,32.03920035149385,32.03920035149385,32.03920035149385,32.03158810325476,31.158717617509875,30.867041812910113,30.624967743261013,30.384134550730785,30.214377982725797,30.214377982725797,30.214377982725797,30.214377982725797,30.214377982725797,30.214377982725797,30.283932671558034,30.792958901033078,31.92276912859482,32.686671181509226,32.77732681667282,33.100808288969034,33.27315490552526,33.61695544156105,33.64783901515151,33.64783901515151,33.64783901515151,33.64783901515151,33.64783901515151,33.67544088156556,34.006465496657114,34.06553952095349,34.06553952095349,34.06553952095349,34.06553952095349,34.06553952095349,34.06553952095349,34.06553952095349,34.06748986259028,,,,,,,,,,,,,,,,,,,,,,,,,,,,,,,,,,32.069321305841925,31.24817785051828,31.101065700288572,30.750753481894147,30.398622105913564,30.203778582317067,30.32788983532082,30.32788983532082,30.35515990990989,31.157380786744234,31.157380786744234,31.157380786744234,31.16315809870956,31.248922211071097,31.248922211071097,31.261109749693684,32.12027179129221,32.52145929309494,32.725334775635055,32.77732681667282,32.77732681667282,32.77732681667282,32.77732681667282,32.793445914492224,33.22220867888354,33.23927572660386,33.28104813434067,33.51610281717827,33.51610281717827,33.51610281717827,33.524339618746836,33.63858938212358,33.63858938212358,33.63858938212358,33.63858938212358,33.63858938212358,33.63858938212358,33.63858938212358,33.84623088476243,34.01362092030999,34.01646323453924,,,,32.069321305841925,31.24817785051828,30.398622105913564,33.22220867888354,,,,32.686671181509226,31.003343008702217,31.148658891468237,31.266065295739914,"rgba(38, 166, 154, 0.5)",1.0126990873111164,31.673447093102354,0.5742603248925285,57.7790407337084,11.886223840560874,False,True,True,False,False,8.488401546717224,31.473500000000005,31.806375,0.0,0.0,0.0,0.0,0,0.910646700674675,1.0748724699687346,False,False,False,False,0.09281366563412287,0.0835742424882589,False,False,False,False,-2412.0,-3076.9698264058893,False,False,False,False,87.18237714043288,False,False,False,False
2025-04-30 17:00:00+00:00,32.255,32.255,32.255,32.255,0.0,,,,,,,,,,,,,,,,,,,,,,32.03920035149385,32.03920035149385,32.03920035149385,32.03920035149385,32.03158810325476,31.158717617509875,30.867041812910113,30.624967743261013,30.384134550730785,30.214377982725797,30.214377982725797,30.214377982725797,30.214377982725797,30.214377982725797,30.214377982725797,30.283932671558034,30.792958901033078,31.92276912859482,32.686671181509226,32.77732681667282,33.100808288969034,33.27315490552526,33.61695544156105,33.64783901515151,33.64783901515151,33.64783901515151,33.64783901515151,33.64783901515151,33.67544088156556,34.006465496657114,34.06553952095349,34.06553952095349,34.06553952095349,34.06553952095349,34.06553952095349,34.06553952095349,34.06553952095349,34.06748986259028,,,,,,,,,,,,,,,,,,,,,,,,,,,,,,,,,,32.069321305841925,31.24817785051828,31.101065700288572,30.750753481894147,30.398622105913564,30.203778582317067,30.32788983532082,30.32788983532082,30.35515990990989,31.157380786744234,31.157380786744234,31.157380786744234,31.16315809870956,31.248922211071097,31.248922211071097,31.261109749693684,32.12027179129221,32.52145929309494,32.725334775635055,32.77732681667282,32.77732681667282,32.77732681667282,32.77732681667282,32.793445914492224,33.22220867888354,33.23927572660386,33.28104813434067,33.51610281717827,33.51610281717827,33.51610281717827,33.524339618746836,33.63858938212358,33.63858938212358,33.63858938212358,33.63858938212358,33.63858938212358,33.63858938212358,33.63858938212358,33.84623088476243,34.01362092030999,34.01646323453924,,,,32.069321305841925,31.24817785051828,30.398622105913564,33.22220867888354,,,,32.686671181509226,31.003343008702217,31.148658891468237,31.266065295739914,"rgba(38, 166, 154, 0.5)",1.00051390848924,31.673447093102354,0.5812541954322098,58.06961519904482,11.886223840560874,False,True,True,False,False,8.488401546717224,31.5091,31.804949999999998,0.0,0.0,0.0,0.0,0,0.910646700674675,1.055454994240579,False,False,False,False,0.09281366563412287,0.08819395406119088,False,False,False,False,-2412.0,-3066.6602166941702,False,False,False,False,85.83071237856569,False,False,False,False
2025-04-30 18:00:00+00:00,32.255,32.255,32.01,32.01,100.0,,,,,,,,,,,,,,,,,,,,,,32.041408529741865,32.041408529741865,32.041408529741865,32.041408529741865,32.034014539579964,31.178379346680725,30.88544892028658,30.642828178275693,30.402072696711834,30.230723552459718,30.230723552459718,30.230723552459718,30.230723552459718,30.230723552459718,30.230723552459718,30.299403223505905,30.802608981027383,31.923548104418412,32.68444094606246,32.77480693372535,33.09735409892179,33.26926266952177,33.61236672683514,33.643199264559726,33.643199264559726,33.643199264559726,33.643199264559726,33.643199264559726,33.67076111258852,34.00190427981578,34.06101405415319,34.06101405415319,34.06101405415319,34.06101405415319,34.06101405415319,34.06101405415319,34.06101405415319,34.0629652148026,,,,,,,,,,,,,,,,,,,,,,,,,,,,,,,,,,32.07187214611872,31.267448785317193,31.120615748963885,30.769172619047612,30.41688383130191,30.221595570655587,30.342786599099085,30.342786599099085,30.369703517587922,31.163252367186182,31.163252367186182,31.163252367186182,31.168956928137224,31.253868184752623,31.253868184752623,31.265927644681632,32.120147540034175,32.519787858754,32.72297991997721,32.77480693372535,32.77480693372535,32.77480693372535,32.77480693372535,32.79087623581106,33.218440707905614,33.235467752817684,33.27713711047538,33.51169539074023,33.51169539074023,33.51169539074023,33.5199173791812,33.633963417065395,33.633963417065395,33.633963417065395,33.633963417065395,33.633963417065395,33.633963417065395,33.633963417065395,33.84145265976762,34.00906749745315,34.01191385599597,,,,32.07187214611872,31.267448785317193,30.41688383130191,33.218440707905614,,,,32.68444094606246,31.01647921321029,31.1588763652,31.27464828567822,#000000,0.9828275397913481,31.680834021349078,0.33491733322898254,54.72241873880624,9.966809197302823,False,True,True,False,False,5.879771860674417,31.5398,31.803125,0.0,0.0,0.0,0.0,0,0.9033627162912176,1.055011426705844,False,False,False,False,0.0797600458635981,0.0839769999623945,False,False,False,False,-2512.0,-3058.060833489609,False,False,False,False,86.05039125641738,False,False,False,False
2025-04-30 19:00:00+00:00,32.01,32.23,32.01,32.22,144.0,,,,,,,,,,,,,,,,,,,,,,32.04780423280424,32.04780423280424,32.04780423280424,32.04780423280424,32.040572519083966,31.207095520556354,30.91231008778382,30.66885890378171,30.42817034047397,30.254530914094065,30.254530914094065,30.254530914094065,30.254530914094065,30.254530914094065,30.254530914094065,30.32197198974271,30.816908665392337,31.925064143681844,32.68158968049809,32.771535302576105,33.09272386661671,33.26399384679279,33.60607326863168,33.63683004789613,33.63683004789613,33.63683004789613,33.63683004789613,33.63683004789613,33.66433190141329,33.99558497926756,34.05473663764539,34.05473663764539,34.05473663764539,34.05473663764539,34.05473663764539,34.05473663764539,34.05473663764539,34.056688692595635,,,,,,,,,,,,,,,,,,,,,,,,,,,,,,,,,,32.08337254901961,31.295665413256657,31.14915371329879,30.796020563936775,30.44344237918216,30.24749596523898,30.36454216733421,30.36454216733421,30.390958291956288,31.172132017106783,31.172132017106783,31.172132017106783,31.177730770817853,31.261406040854325,31.261406040854325,31.273278873995665,32.1203538231316,32.51774711888005,32.719947756872315,32.771535302576105,32.771535302576105,32.771535302576105,32.771535302576105,32.78753223573978,33.21335329043386,33.23032170888236,33.2718408334697,33.5056699421906,33.5056699421906,33.5056699421906,33.51386998965408,33.627614836430055,33.627614836430055,33.627614836430055,33.627614836430055,33.627614836430055,33.627614836430055,33.627614836430055,33.834858443648734,34.00275801005832,34.00560957608022,,,,32.08337254901961,31.295665413256657,30.44344237918216,33.21335329043386,,,,32.68158968049809,31.036801472865005,31.174623978467615,31.287749749493013,"rgba(38, 166, 154, 0.5)",0.9662879795686208,31.69624411364441,0.5420287713704226,55.06673003025387,9.966809197302823,False,True,True,False,False,7.718465231719954,31.574699999999996,31.802349999999997,0.0,0.0,0.0,0.0,0,0.9040518638573742,1.0554294975688818,False,False,False,False,0.07842964189891578,0.08120332093065513,False,False,False,False,-2368.0,-3047.362215916127,False,False,False,False,86.94883480282952,False,False,False,False
2025-05-01 14:00:00+00:00,32.22,32.22,32.22,32.22,0.0,,,,,,,,,,,,,,,,,,,,,,32.04780423280424,32.04780423280424,32.04780423280424,32.04780423280424,32.040572519083966,31.207095520556354,30.91231008778382,30.66885890378171,30.42817034047397,30.254530914094065,30.254530914094065,30.254530914094065,30.254530914094065,30.254530914094065,30.254530914094065,30.32197198974271,30.816908665392337,31.925064143681844,32.68158968049809,32.771535302576105,33.09272386661671,33.26399384679279,33.60607326863168,33.63683004789613,33.63683004789613,33.63683004789613,33.63683004789613,33.63683004789613,33.66433190141329,33.99558497926756,34.05473663764539,34.05473663764539,34.05473663764539,34.05473663764539,34.05473663764539,34.05473663764539,34.05473663764539,34.056688692595635,,,,,,,,,,,,,,,,,,,,,,,,,,,,,,,,,,32.08337254901961,31.295665413256657,31.14915371329879,30.796020563936775,30.44344237918216,30.24749596523898,30.36454216733421,30.36454216733421,30.390958291956288,31.172132017106783,31.172132017106783,31.172132017106783,31.177730770817853,31.261406040854325,31.261406040854325,31.273278873995665,32.1203538231316,32.51774711888005,32.719947756872315,32.771535302576105,32.771535302576105,32.771535302576105,32.771535302576105,32.78753223573978,33.21335329043386,33.23032170888236,33.2718408334697,33.5056699421906,33.5056699421906,33.5056699421906,33.51386998965408,33.627614836430055,33.627614836430055,33.627614836430055,33.627614836430055,33.627614836430055,33.627614836430055,33.627614836430055,33.834858443648734,34.00275801005832,34.00560957608022,,,,32.08337254901961,31.295665413256657,30.44344237918216,33.21335329043386,,,,32.68158968049809,31.036801472865005,31.174623978467615,31.287749749493013,"rgba(38, 166, 154, 0.5)",0.9476817375443247,31.69624411364441,0.5526706547208214,55.29627089121896,9.966809197302823,False,True,True,False,False,7.718465231719954,31.6096,31.8017,0.0,0.0,0.0,0.0,0,0.9108589951377632,1.0557536466774717,False,False,False,False,0.08908103371087318,0.08514217732076415,False,False,False,False,-2368.0,-3036.8294683825434,False,False,False,False,85.60079085239805,False,False,False,False
2025-05-01 15:00:00+00:00,32.22,32.61,32.22,32.46,300.0,,,,,,,,,,,,,,,,,,,,,,32.088463356973996,32.088463356973996,32.088463356973996,32.088463356973996,32.08058219178082,31.2777972634419,30.976464938236806,30.729896603512014,30.48844825855666,30.30924134462234,30.30924134462234,30.30924134462234,30.30924134462234,30.30924134462234,30.30924134462234,30.37411218292246,30.85171857766268,31.93191042212781,32.678806916639026,32.7678302114221,33.086020432246535,33.25587026635064,33.59559880061751,33.62617653405524,33.62617653405524,33.62617653405524,33.62617653405524,33.62617653405524,33.65353190227589,33.98451399365139,34.043674224370754,34.043674224370754,34.043674224370754,34.043674224370754,34.043674224370754,34.043674224370754,34.043674224370754,34.045625793434894,,,,,,,,,,,,,,,,,,,,,,,,,,,,,,,,,,32.162151515151514,31.366252506395632,31.218878606423516,30.85948429138615,30.504787442099847,30.306803140096616,30.414984804081175,30.414984804081175,30.440353682170525,31.1952036969104,31.1952036969104,31.1952036969104,31.200560180683837,31.281458559743744,31.281458559743744,31.292903164998396,32.1243124804682,32.5167407676428,32.71676769153902,32.7678302114221,32.7678302114221,32.7678302114221,32.7678302114221,32.78366757944801,33.20563501707829,33.222470542711704,33.26365570139902,33.495820386818465,33.495820386818465,33.495820386818465,33.50396892096262,33.61701147050723,33.61701147050723,33.61701147050723,33.61701147050723,33.61701147050723,33.61701147050723,33.61701147050723,33.82351796541457,33.99169601200385,33.99455344264341,,,,32.162151515151514,31.366252506395632,30.504787442099847,33.20563501707829,,,,32.678806916639026,31.09358034540446,31.21834345309661,31.322816174942954,"rgba(38, 166, 154, 0.5)",0.942588084635414,31.7593700026748,0.7433045343408936,58.05965132896631,9.966809197302823,False,True,True,False,True,9.782919635941582,31.649299999999997,31.801875,0.0,0.0,0.0,0.0,0,0.9108589951377632,1.0557536466774717,False,False,False,False,0.10991161656269693,0.09752689694173054,False,False,False,False,-2068.0,-3021.8088564696354,False,False,False,False,88.92480959887249,False,False,False,False
2025-05-01 16:00:00+00:00,32.46,32.46,32.46,32.46,0.0,,,,,,,,,,,,,,,,,,,,,,32.088463356973996,32.088463356973996,32.088463356973996,32.088463356973996,32.08058219178082,31.2777972634419,30.976464938236806,30.729896603512014,30.48844825855666,30.30924134462234,30.30924134462234,30.30924134462234,30.30924134462234,30.30924134462234,30.30924134462234,30.37411218292246,30.85171857766268,31.93191042212781,32.678806916639026,32.7678302114221,33.086020432246535,33.25587026635064,33.59559880061751,33.62617653405524,33.62617653405524,33.62617653405524,33.62617653405524,33.62617653405524,33.65353190227589,33.98451399365139,34.043674224370754,34.043674224370754,34.043674224370754,34.043674224370754,34.043674224370754,34.043674224370754,34.043674224370754,34.045625793434894,,,,,,,,,,,,,,,,,,,,,,,,,,,,,,,,,,32.162151515151514,31.366252506395632,31.218878606423516,30.85948429138615,30.504787442099847,30.306803140096616,30.414984804081175,30.414984804081175,30.440353682170525,31.1952036969104,31.1952036969104,31.1952036969104,31.200560180683837,31.281458559743744,31.281458559743744,31.292903164998396,32.1243124804682,32.5167407676428,32.71676769153902,32.7678302114221,32.7678302114221,32.7678302114221,32.7678302114221,32.78366757944801,33.20563501707829,33.222470542711704,33.26365570139902,33.495820386818465,33.495820386818465,33.495820386818465,33.50396892096262,33.61701147050723,33.61701147050723,33.61701147050723,33.61701147050723,33.61701147050723,33.61701147050723,33.61701147050723,33.82351796541457,33.99169601200385,33.99455344264341,,,,32.162151515151514,31.366252506395632,30.504787442099847,33.20563501707829,,,,32.678806916639026,31.09358034540446,31.21834345309661,31.322816174942954,"rgba(38, 166, 154, 0.5)",0.9352013657998806,31.7593700026748,0.7491755497234014,59.90190495413121,9.966809197302823,False,True,True,False,True,9.782919635941582,31.6985,31.802049999999998,0.0,0.0,0.0,0.0,0,0.9042553191489362,1.0871010638297873,False,False,False,False,0.11473154176112738,0.10612921935142897,False,False,False,False,-2068.0,-3007.0211222608036,False,False,False,False,87.54613038028532,False,False,False,False
2025-05-01 17:00:00+00:00,32.46,32.46,32.46,32.46,0.0,,,,,,,,,,,,,,,,,,,,,,32.088463356973996,32.088463356973996,32.088463356973996,32.088463356973996,32.08058219178082,31.2777972634419,30.976464938236806,30.729896603512014,30.48844825855666,30.30924134462234,30.30924134462234,30.30924134462234,30.30924134462234,30.30924134462234,30.30924134462234,30.37411218292246,30.85171857766268,31.93191042212781,32.678806916639026,32.7678302114221,33.086020432246535,33.25587026635064,33.59559880061751,33.62617653405524,33.62617653405524,33.62617653405524,33.62617653405524,33.62617653405524,33.65353190227589,33.98451399365139,34.043674224370754,34.043674224370754,34.043674224370754,34.043674224370754,34.043674224370754,34.043674224370754,34.043674224370754,34.045625793434894,,,,,,,,,,,,,,,,,,,,,,,,,,,,,,,,,,32.162151515151514,31.366252506395632,31.218878606423516,30.85948429138615,30.504787442099847,30.306803140096616,30.414984804081175,30.414984804081175,30.440353682170525,31.1952036969104,31.1952036969104,31.1952036969104,31.200560180683837,31.281458559743744,31.281458559743744,31.292903164998396,32.1243124804682,32.5167407676428,32.71676769153902,32.7678302114221,32.7678302114221,32.7678302114221,32.7678302114221,32.78366757944801,33.20563501707829,33.222470542711704,33.26365570139902,33.495820386818465,33.495820386818465,33.495820386818465,33.50396892096262,33.61701147050723,33.61701147050723,33.61701147050723,33.61701147050723,33.61701147050723,33.61701147050723,33.61701147050723,33.82351796541457,33.99169601200385,33.99455344264341,,,,32.162151515151514,31.366252506395632,30.504787442099847,33.20563501707829,,,,32.678806916639026,31.09358034540446,31.21834345309661,31.322816174942954,"rgba(38, 166, 154, 0.5)",0.9386056843158382,31.7593700026748,0.746458293437568,61.13007403757448,6.627930572702127,False,True,True,False,True,9.78291963594156,31.7477,31.8015,0.0,0.0,0.0,0.0,0,0.878656914893617,1.0871010638297873,False,False,False,False,0.11473154176112738,0.11043038055627817,False,False,False,False,-2068.0,-2992.462655249008,False,False,False,False,86.18882603330415,False,False,False,False
2025-05-01 18:00:00+00:00,32.46,32.46,32.4,32.4,1.0,,,,,,,,,,,,,,,,,,,,,,32.08858088148411,32.08858088148411,32.08858088148411,32.08858088148411,32.08069839096199,31.278017341040467,30.97666831032215,30.730091833198564,30.488642111601763,30.309418273260675,30.309418273260675,30.309418273260675,30.309418273260675,30.309418273260675,30.309418273260675,30.374280846386355,30.851831379318604,31.931932480679713,32.67879737501845,32.76781763394203,33.085997977073504,33.25584312770563,33.595563900846074,33.626141042616844,33.626141042616844,33.626141042616844,33.626141042616844,33.626141042616844,33.65349592666045,33.984477116480065,34.0436373746085,34.0436373746085,34.0436373746085,34.0436373746085,34.0436373746085,34.0436373746085,34.0436373746085,34.045588942035224,,,,,,,,,,,,,,,,,,,,,,,,,,,,,,,,,,32.16234670704012,31.366471035531596,31.219096516690858,30.85968629989212,30.50498456154796,30.30699453551912,30.415148012481332,30.415148012481332,30.440513524424688,31.195278575940975,31.195278575940975,31.195278575940975,31.20063427923274,31.281523678792034,31.281523678792034,31.29296690039961,32.12432508060965,32.51673706945986,32.71675684238747,32.76781763394203,32.76781763394203,32.76781763394203,32.76781763394203,32.783654476670876,33.205609215409375,33.22244430274889,33.26362835969233,33.49578755137753,33.49578755137753,33.49578755137753,33.503935915392894,33.61697614480351,33.61697614480351,33.61697614480351,33.61697614480351,33.61697614480351,33.61697614480351,33.61697614480351,33.82348020090588,33.99165916443944,33.99451661442984,,,,32.16234670704012,31.366471035531596,30.50498456154796,33.205609215409375,,,,32.67879737501845,31.09375562677933,31.218480543398535,31.32292550485237,"rgba(38, 166, 154, 0.5)",0.9412826690545407,31.75954569392276,0.6804059260121451,60.69263207220062,6.627930572702127,False,True,True,False,True,9.097503552125993,31.7943,31.800924999999996,0.0,0.0,0.0,0.0,0,0.8769077637690775,1.0869276708692768,False,False,False,False,0.11151768228712898,0.11097403142170358,False,False,False,False,-2069.0,-2978.145404780031,False,False,False,False,84.86806904053974,False,False,False,False
2025-05-01 19:00:00+00:00,32.4,32.4,32.4,32.4,0.0,,,,,,,,,,,,,,,,,,,,,,32.08858088148411,32.08858088148411,32.08858088148411,32.08858088148411,32.08069839096199,31.278017341040467,30.97666831032215,30.730091833198564,30.488642111601763,30.309418273260675,30.309418273260675,30.309418273260675,30.309418273260675,30.309418273260675,30.309418273260675,30.374280846386355,30.851831379318604,31.931932480679713,32.67879737501845,32.76781763394203,33.085997977073504,33.25584312770563,33.595563900846074,33.626141042616844,33.626141042616844,33.626141042616844,33.626141042616844,33.626141042616844,33.65349592666045,33.984477116480065,34.0436373746085,34.0436373746085,34.0436373746085,34.0436373746085,34.0436373746085,34.0436373746085,34.0436373746085,34.045588942035224,,,,,,,,,,,,,,,,,,,,,,,,,,,,,,,,,,32.16234670704012,31.366471035531596,31.219096516690858,30.85968629989212,30.50498456154796,30.30699453551912,30.415148012481332,30.415148012481332,30.440513524424688,31.195278575940975,31.195278575940975,31.195278575940975,31.20063427923274,31.281523678792034,31.281523678792034,31.29296690039961,32.12432508060965,32.51673706945986,32.71675684238747,32.76781763394203,32.76781763394203,32.76781763394203,32.76781763394203,32.783654476670876,33.205609215409375,33.22244430274889,33.26362835969233,33.49578755137753,33.49578755137753,33.49578755137753,33.503935915392894,33.61697614480351,33.61697614480351,33.61697614480351,33.61697614480351,33.61697614480351,33.61697614480351,33.61697614480351,33.82348020090588,33.99165916443944,33.99451661442984,,,,32.16234670704012,31.366471035531596,30.50498456154796,33.205609215409375,,,,32.67879737501845,31.09375562677933,31.218480543398535,31.32292550485237,"rgba(38, 166, 154, 0.5)",0.9431099121023424,31.75954569392276,0.6790876629104274,60.401004095284705,6.627930572702127,False,True,True,False,True,9.097503552125993,31.8417,31.80035,0.0,0.0,0.0,0.0,0,0.8769077637690775,1.088918380889184,False,False,False,False,0.1083061153903004,0.10964007340600199,False,False,False,False,-2069.0,-2964.0501271865423,False,False,False,False,83.55228502440734,False,False,False,False
2025-05-02 14:00:00+00:00,32.4,32.4,32.4,32.4,0.0,,,,,,,,,,,,,,,,,,,,,,32.08858088148411,32.08858088148411,32.08858088148411,32.08858088148411,32.08069839096199,31.278017341040467,30.97666831032215,30.730091833198564,30.488642111601763,30.309418273260675,30.309418273260675,30.309418273260675,30.309418273260675,30.309418273260675,30.309418273260675,30.374280846386355,30.851831379318604,31.931932480679713,32.67879737501845,32.76781763394203,33.085997977073504,33.25584312770563,33.595563900846074,33.626141042616844,33.626141042616844,33.626141042616844,33.626141042616844,33.626141042616844,33.65349592666045,33.984477116480065,34.0436373746085,34.0436373746085,34.0436373746085,34.0436373746085,34.0436373746085,34.0436373746085,34.0436373746085,34.045588942035224,,,,,,,,,,,,,,,,,,,,,,,,,,,,,,,,,,32.16234670704012,31.366471035531596,31.219096516690858,30.85968629989212,30.50498456154796,30.30699453551912,30.415148012481332,30.415148012481332,30.440513524424688,31.195278575940975,31.195278575940975,31.195278575940975,31.20063427923274,31.281523678792034,31.281523678792034,31.29296690039961,32.12432508060965,32.51673706945986,32.71675684238747,32.76781763394203,32.76781763394203,32.76781763394203,32.76781763394203,32.783654476670876,33.205609215409375,33.22244430274889,33.26362835969233,33.49578755137753,33.49578755137753,33.49578755137753,33.503935915392894,33.61697614480351,33.61697614480351,33.61697614480351,33.61697614480351,33.61697614480351,33.61697614480351,33.61697614480351,33.82348020090588,33.99165916443944,33.99451661442984,,,,32.16234670704012,31.366471035531596,30.50498456154796,33.205609215409375,,,,32.67879737501845,31.09375562677933,31.218480543398535,31.32292550485237,"rgba(38, 166, 154, 0.5)",0.9426233376891023,31.75954569392276,0.6794382023760949,60.20658544400743,6.627930572702127,False,True,True,False,True,9.097503552125993,31.8873,31.799775,0.0,0.0,0.0,0.0,0,0.8769077637690775,1.088918380889184,False,False,False,False,0.1083061153903004,0.1089730943981512,False,False,False,False,-2069.0,-2950.1733810286114,False,False,False,False,82.25690076046304,False,False,False,False
2025-05-02 15:00:00+00:00,32.4,32.95,32.4,32.95,220.0,,,,,,,,,,,,,,,,,,,,,,32.137636742299684,32.137636742299684,32.137636742299684,32.137636742299684,32.12874456118009,31.338553912507706,31.030480777990338,30.780564567609176,30.53785316836868,30.353911659807945,30.353911659807945,30.353911659807945,30.353911659807945,30.353911659807945,30.353911659807945,30.41689824561402,30.88165958601807,31.940150206589994,32.679504339769856,32.76780855007474,33.08364680946006,33.252373791102514,33.59018542004621,33.62061306826487,33.62061306826487,33.62061306826487,33.62061306826487,33.62061306826487,33.647842094586764,33.978194591003245,34.03729318157867,34.03729318157867,34.03729318157867,34.03729318157867,34.03729318157867,34.03729318157867,34.03729318157867,34.03924236272453,,,,,,,,,,,,,,,,,,,,,,,,,,,,,,,,,,32.24862210685702,31.427566441888143,31.278493835775762,30.91249129431508,30.55506206387547,30.355047805109077,30.456518192722896,30.456518192722896,30.481112785931494,31.216133096056776,31.216133096056776,31.216133096056776,31.22129309827906,31.299978912486814,31.299978912486814,31.311075364909144,32.13029101757645,32.51882147415243,32.71715504944272,32.76780855007474,32.76780855007474,32.76780855007474,32.76780855007474,32.78352088173965,33.20246051930831,33.219188959591364,33.260110160037755,33.49092438758186,33.49092438758186,33.49092438758186,33.49903000423448,33.61149108146411,33.61149108146411,33.61149108146411,33.61149108146411,33.61149108146411,33.61149108146411,33.61149108146411,33.8172611564353,33.98537334204102,33.988230790710666,,,,32.24862210685702,31.427566441888143,30.55506206387547,33.20246051930831,,,,32.679504339769856,31.145679290185758,31.258811742188453,31.354311719338817,"rgba(38, 166, 154, 1.0)",0.950040302606142,31.823545885416582,1.1856908717381167,65.91895304924532,11.989185491086545,False,False,True,False,True,13.907728724822466,31.945499999999996,31.800274999999996,0.0,0.0,0.0,0.0,0,0.8791137178233951,1.0694037145650048,False,False,False,False,0.2191147463744388,0.164043920386295,False,False,False,False,-1849.0,-2933.100925508788,False,False,False,False,84.39245268665742,False,False,False,False
2025-05-02 16:00:00+00:00,32.95,32.95,32.95,32.95,0.0,,,,,,,,,,,,,,,,,,,,,,32.137636742299684,32.137636742299684,32.137636742299684,32.137636742299684,32.12874456118009,31.338553912507706,31.030480777990338,30.780564567609176,30.53785316836868,30.353911659807945,30.353911659807945,30.353911659807945,30.353911659807945,30.353911659807945,30.353911659807945,30.41689824561402,30.88165958601807,31.940150206589994,32.679504339769856,32.76780855007474,33.08364680946006,33.252373791102514,33.59018542004621,33.62061306826487,33.62061306826487,33.62061306826487,33.62061306826487,33.62061306826487,33.647842094586764,33.978194591003245,34.03729318157867,34.03729318157867,34.03729318157867,34.03729318157867,34.03729318157867,34.03729318157867,34.03729318157867,34.03924236272453,,,,,,,,,,,,,,,,,,,,,,,,,,,,,,,,,,32.24862210685702,31.427566441888143,31.278493835775762,30.91249129431508,30.55506206387547,30.355047805109077,30.456518192722896,30.456518192722896,30.481112785931494,31.216133096056776,31.216133096056776,31.216133096056776,31.22129309827906,31.299978912486814,31.299978912486814,31.311075364909144,32.13029101757645,32.51882147415243,32.71715504944272,32.76780855007474,32.76780855007474,32.76780855007474,32.76780855007474,32.78352088173965,33.20246051930831,33.219188959591364,33.260110160037755,33.49092438758186,33.49092438758186,33.49092438758186,33.49903000423448,33.61149108146411,33.61149108146411,33.61149108146411,33.61149108146411,33.61149108146411,33.61149108146411,33.61149108146411,33.8172611564353,33.98537334204102,33.988230790710666,,,,32.24862210685702,31.427566441888143,30.55506206387547,33.20246051930831,,,,32.679504339769856,31.145679290185758,31.258811742188453,31.354311719338817,"rgba(38, 166, 154, 1.0)",0.9573862550929177,31.823545885416582,1.1765931551566868,69.72719811940391,15.43272535561195,True,False,True,False,True,13.907728724822466,31.9965,31.800774999999998,0.0,0.0,0.0,0.0,0,0.9529248875043267,1.0737279335410177,False,False,False,False,0.342828238623121,0.25343607950470803,False,False,False,False,-1849.0,-2916.2931592218297,False,False,False,False,83.08404256748443,False,False,False,False
2025-05-02 17:00:00+00:00,32.95,32.95,32.95,32.95,0.0,,,,,,,,,,,,,,,,,,,,,,32.137636742299684,32.137636742299684,32.137636742299684,32.137636742299684,32.12874456118009,31.338553912507706,31.030480777990338,30.780564567609176,30.53785316836868,30.353911659807945,30.353911659807945,30.353911659807945,30.353911659807945,30.353911659807945,30.353911659807945,30.41689824561402,30.88165958601807,31.940150206589994,32.679504339769856,32.76780855007474,33.08364680946006,33.252373791102514,33.59018542004621,33.62061306826487,33.62061306826487,33.62061306826487,33.62061306826487,33.62061306826487,33.647842094586764,33.978194591003245,34.03729318157867,34.03729318157867,34.03729318157867,34.03729318157867,34.03729318157867,34.03729318157867,34.03729318157867,34.03924236272453,,,,,,,,,,,,,,,,,,,,,,,,,,,,,,,,,,32.24862210685702,31.427566441888143,31.278493835775762,30.91249129431508,30.55506206387547,30.355047805109077,30.456518192722896,30.456518192722896,30.481112785931494,31.216133096056776,31.216133096056776,31.216133096056776,31.22129309827906,31.299978912486814,31.299978912486814,31.311075364909144,32.13029101757645,32.51882147415243,32.71715504944272,32.76780855007474,32.76780855007474,32.76780855007474,32.76780855007474,32.78352088173965,33.20246051930831,33.219188959591364,33.260110160037755,33.49092438758186,33.49092438758186,33.49092438758186,33.49903000423448,33.61149108146411,33.61149108146411,33.61149108146411,33.61149108146411,33.61149108146411,33.61149108146411,33.61149108146411,33.8172611564353,33.98537334204102,33.988230790710666,,,,32.24862210685702,31.427566441888143,30.55506206387547,33.20246051930831,,,,32.679504339769856,31.145679290185758,31.258811742188453,31.354311719338817,"rgba(38, 166, 154, 1.0)",0.960202573409064,31.823545885416582,1.1731421533105293,72.26602816617631,17.65603997665356,True,False,True,False,True,13.907728724822466,32.044900000000005,31.801225,0.0,0.0,0.0,0.0,0,0.9705623127093249,1.0116340560549975,False,False,False,False,0.342828238623121,0.29813215906391455,False,False,False,False,-1849.0,-2899.7459784587004,False,False,False,False,81.79591787651567,False,False,False,False
2025-05-02 18:00:00+00:00,32.95,32.95,32.95,32.95,0.0,,,,,,,,,,,,,,,,,,,,,,32.137636742299684,32.137636742299684,32.137636742299684,32.137636742299684,32.12874456118009,31.338553912507706,31.030480777990338,30.780564567609176,30.53785316836868,30.353911659807945,30.353911659807945,30.353911659807945,30.353911659807945,30.353911659807945,30.353911659807945,30.41689824561402,30.88165958601807,31.940150206589994,32.679504339769856,32.76780855007474,33.08364680946006,33.252373791102514,33.59018542004621,33.62061306826487,33.62061306826487,33.62061306826487,33.62061306826487,33.62061306826487,33.647842094586764,33.978194591003245,34.03729318157867,34.03729318157867,34.03729318157867,34.03729318157867,34.03729318157867,34.03729318157867,34.03729318157867,34.03924236272453,,,,,,,,,,,,,,,,,,,,,,,,,,,,,,,,,,32.24862210685702,31.427566441888143,31.278493835775762,30.91249129431508,30.55506206387547,30.355047805109077,30.456518192722896,30.456518192722896,30.481112785931494,31.216133096056776,31.216133096056776,31.216133096056776,31.22129309827906,31.299978912486814,31.299978912486814,31.311075364909144,32.13029101757645,32.51882147415243,32.71715504944272,32.76780855007474,32.76780855007474,32.76780855007474,32.76780855007474,32.78352088173965,33.20246051930831,33.219188959591364,33.260110160037755,33.49092438758186,33.49092438758186,33.49092438758186,33.49903000423448,33.61149108146411,33.61149108146411,33.61149108146411,33.61149108146411,33.61149108146411,33.61149108146411,33.61149108146411,33.8172611564353,33.98537334204102,33.988230790710666,,,,32.24862210685702,31.427566441888143,30.55506206387547,33.20246051930831,,,,32.679504339769856,31.145679290185758,31.258811742188453,31.354311719338817,"rgba(38, 166, 154, 1.0)",0.9614249606466272,31.823545885416582,1.1716505818881586,73.95858153069125,19.161807659830203,True,False,True,False,True,13.907728724822455,32.093300000000006,31.801675,0.0,0.0,0.0,0.0,0,0.9705623127093249,0.9931253305129559,False,False,False,False,0.342828238623121,0.32048019884351775,False,False,False,False,-1849.0,-2883.455343133759,False,False,False,False,80.5277641109883,False,False,False,False
2025-05-02 19:00:00+00:00,32.95,32.95,32.7,32.88,615.0,,,,,,,,,,,,,,,,,,,,,,32.25634664478483,32.25634664478483,32.25634664478483,32.25634664478483,32.2457499112531,31.49215380359613,31.17102084121181,30.914214250596995,30.66914961261845,30.473848544196365,30.473848544196365,30.473848544196365,30.473848544196365,30.473848544196365,30.473848544196365,30.53199717187298,30.96351800334735,31.964340504601804,32.68310800338592,32.76943886743887,33.07880034978412,33.24442184289553,33.5768796832754,33.60688454910971,33.60688454910971,33.60688454910971,33.60688454910971,33.60688454910971,33.633755231614614,33.96206098782555,34.02093829580298,34.02093829580298,34.02093829580298,34.02093829580298,34.02093829580298,34.02093829580298,34.02093829580298,34.022879364302455,,,,,,,,,,,,,,,,,,,,,,,,,,,,,,,,,,32.41826376004947,31.581481350539157,31.43012079197521,31.051214174454827,30.6884415379269,30.483903951947905,30.568400152439015,30.568400152439015,30.591004286434682,31.274342038932826,31.274342038932826,31.274342038932826,31.278981899144107,31.35179194643084,31.35179194643084,31.361960329031444,32.14833566510301,32.526214776123105,32.719907883689864,32.76943886743887,32.76943886743887,32.76943886743887,32.76943886743887,32.78480750845284,33.195400577505005,33.21183143945422,33.25202213036298,33.479070805678745,33.479070805678745,33.479070805678745,33.48705585414378,33.59788460061444,33.59788460061444,33.59788460061444,33.59788460061444,33.59788460061444,33.59788460061444,33.59788460061444,33.80149890350878,33.96922317520906,33.972077358966715,,,,32.41826376004947,31.581481350539157,30.6884415379269,33.195400577505005,,,,32.68310800338592,31.277017164314554,31.363658440712037,31.43563397941984,"rgba(38, 166, 154, 0.5)",0.9596882799086455,31.967974769336795,0.9503348636809703,72.9817148187199,19.161807659830203,True,False,True,False,True,13.021222106558927,32.140299999999996,31.801775000000003,0.0,0.0,0.0,0.0,0,0.962082823693867,0.9931853922767778,False,False,False,False,0.32321314491865655,0.3218466718810872,False,False,False,False,-2464.0,-2876.952159519282,False,False,False,False,88.81415536508149,False,False,False,False
2025-05-05 14:00:00+00:00,32.88,33.05,32.88,33.02,986.0,,,,,,,,,,,,,,,,,,,,,32.983333333333334,32.41076475657045,32.41076475657045,32.41076475657045,32.41076475657045,32.399115000702935,31.701867541482436,31.371372911761405,31.108922345231278,30.862767359637957,30.653788330545648,30.653788330545648,30.653788330545648,30.653788330545648,30.653788330545648,30.653788330545648,30.70524765249802,31.090173937929276,32.006295028116476,32.6933350607474,32.77659383905551,33.075810277098356,33.23653020038216,33.56039692821871,33.58971364203392,33.58971364203392,33.58971364203392,33.58971364203392,33.58971364203392,33.61599467353476,33.94025053112146,33.998640745664694,33.998640745664694,33.998640745664694,33.998640745664694,33.998640745664694,33.998640745664694,33.998640745664694,34.00056490471836,,,,,,,,,,,,,,,,,,,,,,,,,,,,,,,,,,32.59558985784001,31.789553916403232,31.638966771216875,31.250781479153567,30.884572534743292,30.67551002954439,30.73720237251287,30.73720237251287,30.757049368811288,31.367040103421708,31.367040103421708,31.367040103421708,31.3709225115804,31.43512267978934,31.43512267978934,31.44392258395283,32.18089291363493,32.54232338575174,32.728810625535566,32.77659383905551,32.77659383905551,32.77659383905551,32.77659383905551,32.79142593093499,33.188920927590125,33.204878406320404,33.24391468005019,33.464937593368994,33.464937593368994,33.464937593368994,33.472727307696005,33.58091413207865,33.58091413207865,33.58091413207865,33.58091413207865,33.58091413207865,33.58091413207865,33.58091413207865,33.78080657158981,33.94736623571295,33.95020631893812,,,,32.59558985784001,31.789553916403232,30.884572534743292,33.188920927590125,,,,32.6933350607474,31.576028271475764,31.524410959049806,31.554063011604654,"rgba(38, 166, 154, 0.5)",0.9591734100933248,32.2557958175115,0.796732034527678,73.82941129224335,19.161807659830203,True,False,True,False,True,14.25728504711957,32.1901,31.802574999999997,0.0,0.0,0.0,0.0,0,0.9763614078094904,0.9896690597093329,False,False,False,False,0.34282823867346834,0.33233745527727776,False,False,False,False,-1478.0,-2855.2629787515407,False,False,False,False,102.72401342143682,False,False,False,False
2025-05-05 15:00:00+00:00,33.02,33.025,33.01,33.025,552.0,,,,,,,,,,,,,,,,,,,,,32.99649328131773,32.47551212938006,32.47551212938006,32.47551212938006,32.47551212938006,32.46385404860849,31.798073956542822,31.467460141484526,31.204562858869746,30.95928940044851,30.745108252347983,30.745108252347983,30.745108252347983,30.745108252347983,30.745108252347983,30.745108252347983,30.79334965179617,31.15562392479724,32.02913442176871,32.699448192471564,32.78106833621953,33.074848541608134,33.23292712949286,33.552124170318194,33.581064048260814,33.581064048260814,33.581064048260814,33.581064048260814,33.581064048260814,33.60702085776893,33.928911223715346,33.98700707081583,33.98700707081583,33.98700707081583,33.98700707081583,33.98700707081583,33.98700707081583,33.98700707081583,33.9889211447174,,,,,,,,,,,,,,,,,,,,,,,,,,,,,,,,,,32.65901010647897,31.88395367153116,31.7356478545762,31.3474945533769,30.98207902500896,30.771988221261367,30.823169372811194,30.823169372811194,30.84169151194831,31.415755205552582,31.415755205552582,31.415755205552582,31.419265091166576,31.479180305853514,31.479180305853514,31.48729869870868,32.19881811145511,32.55156485116128,32.73421771453562,32.78106833621953,32.78106833621953,32.78106833621953,32.78106833621953,32.79561382545584,33.18608001746796,33.20178167197694,33.24019501038249,33.45794765252204,33.45794765252204,33.45794765252204,33.465630744474424,33.572374648353474,33.572374648353474,33.572374648353474,33.572374648353474,33.572374648353474,33.572374648353474,33.572374648353474,33.77018475896606,33.935997364544235,33.9388279005178,,,,32.65901010647897,31.88395367153116,30.98207902500896,33.18608001746796,,,,32.699448192471564,31.65761943232088,31.596999395485682,31.61230313607079,"rgba(38, 166, 154, 0.5)",0.9526292114006628,32.32635916815061,0.7333817013884848,74.44510453571667,19.901305966669213,True,False,True,False,True,14.301400641993862,32.234700000000004,31.803150000000002,0.0,0.0,0.0,0.0,0,0.9809240462023099,0.9824991249562479,False,False,False,False,0.3428282388471837,0.33758284706223074,False,False,False,False,-926.0,-2825.351924817408,False,False,False,False,109.68953259319748,False,False,False,False
2025-05-05 16:00:00+00:00,33.025,33.025,33.025,33.025,0.0,,,,,,,,,,,,,,,,,,,,,32.99649328131773,32.47551212938006,32.47551212938006,32.47551212938006,32.47551212938006,32.46385404860849,31.798073956542822,31.467460141484526,31.204562858869746,30.95928940044851,30.745108252347983,30.745108252347983,30.745108252347983,30.745108252347983,30.745108252347983,30.745108252347983,30.79334965179617,31.15562392479724,32.02913442176871,32.699448192471564,32.78106833621953,33.074848541608134,33.23292712949286,33.552124170318194,33.581064048260814,33.581064048260814,33.581064048260814,33.581064048260814,33.581064048260814,33.60702085776893,33.928911223715346,33.98700707081583,33.98700707081583,33.98700707081583,33.98700707081583,33.98700707081583,33.98700707081583,33.98700707081583,33.9889211447174,,,,,,,,,,,,,,,,,,,,,,,,,,,,,,,,,,32.65901010647897,31.88395367153116,31.7356478545762,31.3474945533769,30.98207902500896,30.771988221261367,30.823169372811194,30.823169372811194,30.84169151194831,31.415755205552582,31.415755205552582,31.415755205552582,31.419265091166576,31.479180305853514,31.479180305853514,31.48729869870868,32.19881811145511,32.55156485116128,32.73421771453562,32.78106833621953,32.78106833621953,32.78106833621953,32.78106833621953,32.79561382545584,33.18608001746796,33.20178167197694,33.24019501038249,33.45794765252204,33.45794765252204,33.45794765252204,33.465630744474424,33.572374648353474,33.572374648353474,33.572374648353474,33.572374648353474,33.572374648353474,33.572374648353474,33.572374648353474,33.77018475896606,33.935997364544235,33.9388279005178,,,,32.65901010647897,31.88395367153116,30.98207902500896,33.18608001746796,,,,32.699448192471564,31.65761943232088,31.596999395485682,31.61230313607079,"rgba(38, 166, 154, 0.5)",0.9441178636907482,32.32635916815061,0.7399932346563807,74.85556669803222,20.571800369564528,True,False,True,False,True,14.301400641993862,32.2474,31.803725,0.0,0.0,0.0,0.0,0,1.0689386562804284,0.9805258033106136,False,False,False,False,0.3428282388716877,0.3402055429669592,False,False,False,False,-926.0,-2795.904608153572,False,False,False,False,107.98891968477581,False,False,False,False
2025-05-05 17:00:00+00:00,33.025,33.025,33.025,33.025,0.0,,,,,,,,,,,,,,,,,,,,,32.99649328131773,32.47551212938006,32.47551212938006,32.47551212938006,32.47551212938006,32.46385404860849,31.798073956542822,31.467460141484526,31.204562858869746,30.95928940044851,30.745108252347983,30.745108252347983,30.745108252347983,30.745108252347983,30.745108252347983,30.745108252347983,30.79334965179617,31.15562392479724,32.02913442176871,32.699448192471564,32.78106833621953,33.074848541608134,33.23292712949286,33.552124170318194,33.581064048260814,33.581064048260814,33.581064048260814,33.581064048260814,33.581064048260814,33.60702085776893,33.928911223715346,33.98700707081583,33.98700707081583,33.98700707081583,33.98700707081583,33.98700707081583,33.98700707081583,33.98700707081583,33.9889211447174,,,,,,,,,,,,,,,,,,,,,,,,,,,,,,,,,,32.65901010647897,31.88395367153116,31.7356478545762,31.3474945533769,30.98207902500896,30.771988221261367,30.823169372811194,30.823169372811194,30.84169151194831,31.415755205552582,31.415755205552582,31.415755205552582,31.419265091166576,31.479180305853514,31.479180305853514,31.48729869870868,32.19881811145511,32.55156485116128,32.73421771453562,32.78106833621953,32.78106833621953,32.78106833621953,32.78106833621953,32.79561382545584,33.18608001746796,33.20178167197694,33.24019501038249,33.45794765252204,33.45794765252204,33.45794765252204,33.465630744474424,33.572374648353474,33.572374648353474,33.572374648353474,33.572374648353474,33.572374648353474,33.572374648353474,33.572374648353474,33.77018475896606,33.935997364544235,33.9388279005178,,,,32.65901010647897,31.88395367153116,30.98207902500896,33.18608001746796,,,,32.699448192471564,31.65761943232088,31.596999395485682,31.61230313607079,"rgba(38, 166, 154, 0.5)",0.9453710983063537,32.32635916815061,0.7390122599485155,75.12920813957592,21.155848954063615,True,False,True,False,True,14.301400641993862,32.2601,31.804299999999998,0.0,0.0,0.0,0.0,0,1.0708708708708707,0.915915915915916,False,False,False,False,0.3428282388716877,0.34151689091932347,False,False,False,False,-926.0,-2766.9138390349117,False,False,False,False,106.31467286795758,False,False,False,False
2025-05-05 18:00:00+00:00,33.025,33.025,33.025,33.025,0.0,,,,,,,,,,,,,,,,,,,,,32.99649328131773,32.47551212938006,32.47551212938006,32.47551212938006,32.47551212938006,32.46385404860849,31.798073956542822,31.467460141484526,31.204562858869746,30.95928940044851,30.745108252347983,30.745108252347983,30.745108252347983,30.745108252347983,30.745108252347983,30.745108252347983,30.79334965179617,31.15562392479724,32.02913442176871,32.699448192471564,32.78106833621953,33.074848541608134,33.23292712949286,33.552124170318194,33.581064048260814,33.581064048260814,33.581064048260814,33.581064048260814,33.581064048260814,33.60702085776893,33.928911223715346,33.98700707081583,33.98700707081583,33.98700707081583,33.98700707081583,33.98700707081583,33.98700707081583,33.98700707081583,33.9889211447174,,,,,,,,,,,,,,,,,,,,,,,,,,,,,,,,,,32.65901010647897,31.88395367153116,31.7356478545762,31.3474945533769,30.98207902500896,30.771988221261367,30.823169372811194,30.823169372811194,30.84169151194831,31.415755205552582,31.415755205552582,31.415755205552582,31.419265091166576,31.479180305853514,31.479180305853514,31.48729869870868,32.19881811145511,32.55156485116128,32.73421771453562,32.78106833621953,32.78106833621953,32.78106833621953,32.78106833621953,32.79561382545584,33.18608001746796,33.20178167197694,33.24019501038249,33.45794765252204,33.45794765252204,33.45794765252204,33.465630744474424,33.572374648353474,33.572374648353474,33.572374648353474,33.572374648353474,33.572374648353474,33.572374648353474,33.572374648353474,33.77018475896606,33.935997364544235,33.9388279005178,,,,32.65901010647897,31.88395367153116,30.98207902500896,33.18608001746796,,,,32.699448192471564,31.65761943232088,31.596999395485682,31.61230313607079,"rgba(38, 166, 154, 0.5)",0.9452800099953196,32.32635916815061,0.739083472052739,75.31163576727172,21.677628757901786,True,False,True,False,True,14.301400641993862,32.272800000000004,31.803675,0.0,0.0,0.0,0.0,0,1.0428428428428427,0.915915915915916,False,False,False,False,0.3428282388716877,0.34217256489550557,False,False,False,False,-926.0,-2738.3725392049128,False,False,False,False,104.66638336612878,False,False,False,False
2025-05-05 19:00:00+00:00,33.025,33.025,32.81,32.81,100.0,,,,,,,,,,,,,,,,,,,,,32.98948310948311,32.48318410779499,32.48318410779499,32.48318410779499,32.48318410779499,32.47159992584353,31.81221453738745,31.482236095148536,31.2196311769991,30.97474632146016,30.759942373116704,30.759942373116704,30.759942373116704,30.759942373116704,30.759942373116704,30.759942373116704,30.807650254513902,31.166164000162834,32.032599999999995,32.70006385782344,32.7814022393344,33.07424734696418,33.231871437301514,33.55026992643399,33.57914568361768,33.57914568361768,33.57914568361768,33.57914568361768,33.57914568361768,33.605047695474376,33.926578726595096,33.98463178252928,33.98463178252928,33.98463178252928,33.98463178252928,33.98463178252928,33.98463178252928,33.98463178252928,33.986544348087406,,,,,,,,,,,,,,,,,,,,,,,,,,,,,,,,,,32.66487875593042,31.897630340415812,31.75,31.36253840622344,30.997663467060466,30.78759927975926,30.837117721461794,30.837117721461794,30.855421321846805,31.42354018410337,31.42354018410337,31.42354018410337,31.42699040324,31.486207846870766,31.486207846870766,31.49421623588166,32.20145052685685,32.55271776334173,32.73471206177848,32.7814022393344,32.7814022393344,32.7814022393344,32.7814022393344,32.79589850469763,33.18515536723164,33.20081324055867,33.239119285507115,33.45631220970382,33.45631220970382,33.45631220970382,33.46397715795932,33.570474906943915,33.570474906943915,33.570474906943915,33.570474906943915,33.570474906943915,33.570474906943915,33.570474906943915,33.767943177422346,33.933661001174464,33.936490444498496,,,,32.66487875593042,31.897630340415812,30.997663467060466,33.18515536723164,,,,32.70006385782344,31.669136366967905,31.60743899743511,31.621224624532232,"rgba(38, 166, 154, 0.5)",0.9402483043714218,32.33458444734683,0.5056276628661417,67.88660611056778,21.90057041250222,True,False,True,False,False,11.376847984460394,32.2812,31.801975,0.0,0.0,0.0,0.0,0,1.0561638280616383,0.9148418491484186,False,False,False,False,0.3262088579571445,0.33419071142632506,False,False,False,False,-1026.0,-2711.8241277443713,False,False,False,False,104.59403633719656,False,False,False,False
2025-05-06 14:00:00+00:00,32.81,33.035,32.81,33.035,2.0,,,,,,,,,,,,,,,,,,,,,32.98944715447155,32.483364174219545,32.483364174219545,32.483364174219545,32.483364174219545,32.471780948851006,31.812514024788,31.482544830948147,31.219943855551563,30.97506551973631,30.76024783061436,30.76024783061436,30.76024783061436,30.76024783061436,30.76024783061436,30.76024783061436,30.807944996005922,31.166383054504003,32.032675392244535,32.70008142166966,32.78141409447948,33.074240236502256,33.231855096418734,33.55023727876107,33.57911172060706,33.57911172060706,33.57911172060706,33.57911172060706,33.57911172060706,33.60501260325146,33.9265356718634,33.9845877473838,33.9845877473838,33.9845877473838,33.9845877473838,33.9845877473838,33.9845877473838,33.9845877473838,33.98650027904181,,,,,,,,,,,,,,,,,,,,,,,,,,,,,,,,,,32.665034246575345,31.89792152025947,31.75030299236259,31.362851633986924,30.997985399064884,30.787920735917922,30.83740537488707,30.83740537488707,30.855704576043053,31.42370335952987,31.42370335952987,31.42370335952987,31.427152352278327,31.486355528834107,31.486355528834107,31.494361658151032,32.201509007272634,32.55274621079837,32.73472716707455,32.78141409447948,32.78141409447948,32.78141409447948,32.78141409447948,32.795909361561364,33.185141689952616,33.200798670982444,33.2391025371776,33.456284041355694,33.456284041355694,33.456284041355694,33.46394861775727,33.570441327466085,33.570441327466085,33.570441327466085,33.570441327466085,33.570441327466085,33.570441327466085,33.570441327466085,33.767902413387155,33.93361785104921,33.93644726466058,,,,32.665034246575345,31.89792152025947,30.997985399064884,33.185141689952616,,,,32.70008142166966,31.66938804409247,31.607666243966754,31.621413174014823,"rgba(38, 166, 154, 0.5)",0.9377399993099221,32.334780601851406,0.7467095342673641,67.01417261214587,21.19799435908638,True,False,True,False,False,13.526686217270154,32.3039,31.801400000000005,0.0,0.0,0.0,0.0,0,1.0556560176813343,0.893911995177818,False,False,False,False,0.3269779414552483,0.33058432644078667,False,False,False,False,-1024.0,-2685.65631181035,False,False,False,False,103.00343112266637,False,False,False,False
2025-05-06 15:00:00+00:00,33.035,33.035,33.035,33.035,0.0,,,,,,,,,,,,,,,,,,,,,32.98944715447155,32.483364174219545,32.483364174219545,32.483364174219545,32.483364174219545,32.471780948851006,31.812514024788,31.482544830948147,31.219943855551563,30.97506551973631,30.76024783061436,30.76024783061436,30.76024783061436,30.76024783061436,30.76024783061436,30.76024783061436,30.807944996005922,31.166383054504003,32.032675392244535,32.70008142166966,32.78141409447948,33.074240236502256,33.231855096418734,33.55023727876107,33.57911172060706,33.57911172060706,33.57911172060706,33.57911172060706,33.57911172060706,33.60501260325146,33.9265356718634,33.9845877473838,33.9845877473838,33.9845877473838,33.9845877473838,33.9845877473838,33.9845877473838,33.9845877473838,33.98650027904181,,,,,,,,,,,,,,,,,,,,,,,,,,,,,,,,,,32.665034246575345,31.89792152025947,31.75030299236259,31.362851633986924,30.997985399064884,30.787920735917922,30.83740537488707,30.83740537488707,30.855704576043053,31.42370335952987,31.42370335952987,31.42370335952987,31.427152352278327,31.486355528834107,31.486355528834107,31.494361658151032,32.201509007272634,32.55274621079837,32.73472716707455,32.78141409447948,32.78141409447948,32.78141409447948,32.78141409447948,32.795909361561364,33.185141689952616,33.200798670982444,33.2391025371776,33.456284041355694,33.456284041355694,33.456284041355694,33.46394861775727,33.570441327466085,33.570441327466085,33.570441327466085,33.570441327466085,33.570441327466085,33.570441327466085,33.570441327466085,33.767902413387155,33.93361785104921,33.93644726466058,,,,32.665034246575345,31.89792152025947,30.997985399064884,33.185141689952616,,,,32.70008142166966,31.66938804409247,31.607666243966754,31.621413174014823,"rgba(38, 166, 154, 0.5)",0.933855651788782,32.334780601851406,0.7498154525352326,66.43255027986459,20.6158901549595,True,False,True,False,False,13.526686217270154,32.3266,31.799075000000002,0.0,0.0,0.0,0.0,0,1.0646976090014064,0.893911995177818,False,False,False,False,0.34282823890423997,0.33670628267251335,False,False,False,False,-1024.0,-2659.8941984489493,False,False,False,False,101.40647870215992,False,False,False,False
2025-05-06 16:00:00+00:00,33.035,33.035,32.8,32.8,10.0,,,,,,,,,,,,,,,,,,,,,32.98877373737374,32.4841085563513,32.4841085563513,32.4841085563513,32.4841085563513,32.47253298803798,31.81390271444083,31.484001356568918,31.22143226829414,30.97659437170321,30.761717192739034,30.761717192739034,30.761717192739034,30.761717192739034,30.761717192739034,30.761717192739034,30.809361614779323,31.167427690993403,32.03301898802752,32.70014162360545,32.78144625082947,33.07417929175092,33.231748885884535,33.55005151598932,33.5789195685952,33.5789195685952,33.5789195685952,33.5789195685952,33.5789195685952,33.60481499107135,33.92630227120909,33.98435008342822,33.98435008342822,33.98435008342822,33.98435008342822,33.98435008342822,33.98435008342822,33.98435008342822,33.98626246476959,,,,,,,,,,,,,,,,,,,,,,,,,,,,,,,,,,32.665594675074445,31.89926326353725,31.751713559251385,31.364335945151804,30.99952654154031,30.789466213218983,30.83878718122319,30.83878718122319,30.857064783680773,31.424475374164093,31.424475374164093,31.424475374164093,31.427918470418465,31.487052598193863,31.487052598193863,31.4950478457038,32.201769805795315,32.55285987757763,32.734775294078226,32.78144625082947,32.78144625082947,32.78144625082947,32.78144625082947,32.79593661816579,33.18504853140625,33.200701152206136,33.2389943313038,33.456120079056625,33.456120079056625,33.456120079056625,33.46378284786896,33.57025103106957,33.57025103106957,33.57025103106957,33.57025103106957,33.57025103106957,33.57025103106957,33.57025103106957,33.767678058007576,33.93338406551615,33.93621337046944,,,,32.665594675074445,31.89926326353725,30.99952654154031,33.18504853140625,,,,32.70014162360545,31.670522031527717,31.608696236783192,31.622294410359206,"rgba(38, 166, 154, 0.5)",0.9271294845276785,32.335582196085305,0.5009201105833535,60.4724086410081,15.08412068700369,False,True,True,False,False,10.388887026088785,32.3446,31.795575000000003,0.0,0.0,0.0,0.0,0,1.074947807933194,0.8897703549060544,False,False,False,False,0.3238811322195481,0.3302937074460307,False,False,False,False,-1034.0,-2634.686536457493,False,False,False,False,99.98932399359929,False,False,False,False
2025-05-06 17:00:00+00:00,32.8,32.8,32.77,32.77,10.0,,,,,,,,,,,,,,,,,,,,,32.98751606425703,32.48466516177577,32.48466516177577,32.48466516177577,32.48466516177577,32.47310068931561,31.815159835176754,31.48535234024809,31.22282983620277,30.978041843914703,30.763116348931245,30.763116348931245,30.763116348931245,30.763116348931245,30.763116348931245,30.763116348931245,30.810709059829048,31.168411086717885,32.033322367530396,32.70016858548005,32.781445771144284,33.07408780386669,33.231613205185965,33.54983867698545,33.578700566520475,33.578700566520475,33.578700566520475,33.578700566520475,33.578700566520475,33.60459075297466,33.92604708370437,33.98409140050547,33.98409140050547,33.98409140050547,33.98409140050547,33.98409140050547,33.98409140050547,33.98409140050547,33.98600365459435,,,,,,,,,,,,,,,,,,,,,,,,,,,,,,,,,,32.665894479385045,31.900466949113937,31.752997793597267,31.365721135029347,31.00098463134332,30.79093676122931,30.840100586377975,30.840100586377975,30.858357078853032,31.42519440908126,31.42519440908126,31.42519440908126,31.428631894610945,31.48769975140564,31.48769975140564,31.495684622627486,32.201992527540256,32.55293914753032,32.73479044524105,32.781445771144284,32.781445771144284,32.781445771144284,32.781445771144284,32.795931349862265,33.184925580783556,33.20057396378149,33.23885670594585,33.45592832090153,33.45592832090153,33.45592832090153,33.46358934450199,33.570033809785606,33.570033809785606,33.570033809785606,33.570033809785606,33.570033809785606,33.570033809785606,33.570033809785606,33.76742902168432,33.933128603808136,33.93595784805558,,,,32.665894479385045,31.900466949113937,31.00098463134332,33.184925580783556,,,,32.70016858548005,31.67150642008206,31.60959852246815,31.62310135700283,#000000,0.9188974150899234,32.41708419226315,0.3840644254095763,55.92478692515703,11.080950850274327,False,True,True,False,False,9.996441844513907,32.361999999999995,31.791925000000003,0.0,0.0,0.0,0.0,0,1.0560884070058383,0.8997080900750626,False,False,False,False,0.3027808537332293,0.31653728058963004,False,False,False,False,-1044.0,-2610.02472969071,False,False,False,False,98.59414067586906,False,False,False,False
2025-05-06 18:00:00+00:00,32.77,32.77,32.77,32.77,0.0,,,,,,,,,,,,,,,,,,,,,32.98751606425703,32.48466516177577,32.48466516177577,32.48466516177577,32.48466516177577,32.47310068931561,31.815159835176754,31.48535234024809,31.22282983620277,30.978041843914703,30.763116348931245,30.763116348931245,30.763116348931245,30.763116348931245,30.763116348931245,30.763116348931245,30.810709059829048,31.168411086717885,32.033322367530396,32.70016858548005,32.781445771144284,33.07408780386669,33.231613205185965,33.54983867698545,33.578700566520475,33.578700566520475,33.578700566520475,33.578700566520475,33.578700566520475,33.60459075297466,33.92604708370437,33.98409140050547,33.98409140050547,33.98409140050547,33.98409140050547,33.98409140050547,33.98409140050547,33.98409140050547,33.98600365459435,,,,,,,,,,,,,,,,,,,,,,,,,,,,,,,,,,32.665894479385045,31.900466949113937,31.752997793597267,31.365721135029347,31.00098463134332,30.79093676122931,30.840100586377975,30.840100586377975,30.858357078853032,31.42519440908126,31.42519440908126,31.42519440908126,31.428631894610945,31.48769975140564,31.48769975140564,31.495684622627486,32.201992527540256,32.55293914753032,32.73479044524105,32.781445771144284,32.781445771144284,32.781445771144284,32.781445771144284,32.795931349862265,33.184925580783556,33.20057396378149,33.23885670594585,33.45592832090153,33.45592832090153,33.45592832090153,33.46358934450199,33.570033809785606,33.570033809785606,33.570033809785606,33.570033809785606,33.570033809785606,33.570033809785606,33.570033809785606,33.76742902168432,33.933128603808136,33.93595784805558,,,,32.665894479385045,31.900466949113937,31.00098463134332,33.184925580783556,,,,32.70016858548005,31.67150642008206,31.60959852246815,31.62310135700283,#000000,0.9095481355103202,32.41708419226315,0.38801223811958657,52.893039114589655,8.494580466396897,False,True,False,False,False,9.996441844513896,32.3794,31.788425000000004,0.0,0.0,0.0,0.0,0,1.0560884070058383,0.9009591326105085,False,False,False,False,0.3004088628420139,0.30847307171582194,False,False,False,False,-1044.0,-2585.7452765172106,False,False,False,False,97.065549347561,False,False,False,False
2025-05-06 19:00:00+00:00,32.77,32.875,32.77,32.875,0.0,,,,,,,,,,,,,,,,,,,,,32.98751606425703,32.48466516177577,32.48466516177577,32.48466516177577,32.48466516177577,32.47310068931561,31.815159835176754,31.48535234024809,31.22282983620277,30.978041843914703,30.763116348931245,30.763116348931245,30.763116348931245,30.763116348931245,30.763116348931245,30.763116348931245,30.810709059829048,31.168411086717885,32.033322367530396,32.70016858548005,32.781445771144284,33.07408780386669,33.231613205185965,33.54983867698545,33.578700566520475,33.578700566520475,33.578700566520475,33.578700566520475,33.578700566520475,33.60459075297466,33.92604708370437,33.98409140050547,33.98409140050547,33.98409140050547,33.98409140050547,33.98409140050547,33.98409140050547,33.98409140050547,33.98600365459435,,,,,,,,,,,,,,,,,,,,,,,,,,,,,,,,,,32.665894479385045,31.900466949113937,31.752997793597267,31.365721135029347,31.00098463134332,30.79093676122931,30.840100586377975,30.840100586377975,30.858357078853032,31.42519440908126,31.42519440908126,31.42519440908126,31.428631894610945,31.48769975140564,31.48769975140564,31.495684622627486,32.201992527540256,32.55293914753032,32.73479044524105,32.781445771144284,32.781445771144284,32.781445771144284,32.781445771144284,32.795931349862265,33.184925580783556,33.20057396378149,33.23885670594585,33.45592832090153,33.45592832090153,33.45592832090153,33.46358934450199,33.570033809785606,33.570033809785606,33.570033809785606,33.570033809785606,33.570033809785606,33.570033809785606,33.570033809785606,33.76742902168432,33.933128603808136,33.93595784805558,,,,32.665894479385045,31.900466949113937,31.00098463134332,33.184925580783556,,,,32.70016858548005,31.67150642008206,31.60959852246815,31.62310135700283,"rgba(38, 166, 154, 0.5)",0.9004311129612769,32.41708419226315,0.5085517383233136,53.27900681920664,8.494580466396897,False,True,True,False,False,11.06726274739032,32.390899999999995,31.78545,0.0,0.0,0.0,0.0,0,1.0558438862362467,0.8970313473116046,False,False,False,False,0.30748028521504195,0.307976678465432,False,False,False,False,-1044.0,-2561.842248974308,False,False,False,False,95.56065710961431,False,False,False,False
2025-05-07 14:00:00+00:00,32.875,32.875,32.875,32.875,0.0,,,,,,,,,,,,,,,,,,,,,32.98751606425703,32.48466516177577,32.48466516177577,32.48466516177577,32.48466516177577,32.47310068931561,31.815159835176754,31.48535234024809,31.22282983620277,30.978041843914703,30.763116348931245,30.763116348931245,30.763116348931245,30.763116348931245,30.763116348931245,30.763116348931245,30.810709059829048,31.168411086717885,32.033322367530396,32.70016858548005,32.781445771144284,33.07408780386669,33.231613205185965,33.54983867698545,33.578700566520475,33.578700566520475,33.578700566520475,33.578700566520475,33.578700566520475,33.60459075297466,33.92604708370437,33.98409140050547,33.98409140050547,33.98409140050547,33.98409140050547,33.98409140050547,33.98409140050547,33.98409140050547,33.98600365459435,,,,,,,,,,,,,,,,,,,,,,,,,,,,,,,,,,32.665894479385045,31.900466949113937,31.752997793597267,31.365721135029347,31.00098463134332,30.79093676122931,30.840100586377975,30.840100586377975,30.858357078853032,31.42519440908126,31.42519440908126,31.42519440908126,31.428631894610945,31.48769975140564,31.48769975140564,31.495684622627486,32.201992527540256,32.55293914753032,32.73479044524105,32.781445771144284,32.781445771144284,32.781445771144284,32.781445771144284,32.795931349862265,33.184925580783556,33.20057396378149,33.23885670594585,33.45592832090153,33.45592832090153,33.45592832090153,33.46358934450199,33.570033809785606,33.570033809785606,33.570033809785606,33.570033809785606,33.570033809785606,33.570033809785606,33.570033809785606,33.76742902168432,33.933128603808136,33.93595784805558,,,,32.665894479385045,31.900466949113937,31.00098463134332,33.184925580783556,,,,32.70016858548005,31.67150642008206,31.60959852246815,31.62310135700283,"rgba(38, 166, 154, 0.5)",0.8900555555084144,32.41708419226315,0.5144800286935844,53.53631862228464,8.494580466396897,False,True,True,False,False,11.06726274739032,32.407799999999995,31.782474999999998,0.0,0.0,0.0,0.0,0,1.0614797540809837,0.9160483358066567,False,False,False,False,0.3161411953805608,0.31205893692299636,False,False,False,False,-1044.0,-2538.309811005714,False,False,False,False,94.07909653427146,False,False,False,False
2025-05-07 15:00:00+00:00,32.875,32.875,32.875,32.875,0.0,,,,,,,,,,,,,,,,,,,,,32.98751606425703,32.48466516177577,32.48466516177577,32.48466516177577,32.48466516177577,32.47310068931561,31.815159835176754,31.48535234024809,31.22282983620277,30.978041843914703,30.763116348931245,30.763116348931245,30.763116348931245,30.763116348931245,30.763116348931245,30.763116348931245,30.810709059829048,31.168411086717885,32.033322367530396,32.70016858548005,32.781445771144284,33.07408780386669,33.231613205185965,33.54983867698545,33.578700566520475,33.578700566520475,33.578700566520475,33.578700566520475,33.578700566520475,33.60459075297466,33.92604708370437,33.98409140050547,33.98409140050547,33.98409140050547,33.98409140050547,33.98409140050547,33.98409140050547,33.98409140050547,33.98600365459435,,,,,,,,,,,,,,,,,,,,,,,,,,,,,,,,,,32.665894479385045,31.900466949113937,31.752997793597267,31.365721135029347,31.00098463134332,30.79093676122931,30.840100586377975,30.840100586377975,30.858357078853032,31.42519440908126,31.42519440908126,31.42519440908126,31.428631894610945,31.48769975140564,31.48769975140564,31.495684622627486,32.201992527540256,32.55293914753032,32.73479044524105,32.781445771144284,32.781445771144284,32.781445771144284,32.781445771144284,32.795931349862265,33.184925580783556,33.20057396378149,33.23885670594585,33.45592832090153,33.45592832090153,33.45592832090153,33.46358934450199,33.570033809785606,33.570033809785606,33.570033809785606,33.570033809785606,33.570033809785606,33.570033809785606,33.570033809785606,33.76742902168432,33.933128603808136,33.93595784805558,,,,32.665894479385045,31.900466949113937,31.00098463134332,33.184925580783556,,,,32.70016858548005,31.67150642008206,31.60959852246815,31.62310135700283,"rgba(38, 166, 154, 0.5)",0.8783768661106831,32.41708419226315,0.5213204324977656,53.70785982433664,8.494580466396897,False,True,True,False,False,11.06726274739032,32.421099999999996,31.779500000000002,0.0,0.0,0.0,0.0,0,1.0478325859491777,0.9154388212684176,False,False,False,False,0.3161411953805608,0.31410006615177855,False,False,False,False,-1044.0,-2515.142217036633,False,False,False,False,92.62050589032926,False,False,False,False
2025-05-07 16:00:00+00:00,32.875,33.24,32.875,33.24,199.0,,,,,,,,,,,,,,,,,,,,,33.001519634211945,32.50753006950741,32.50753006950741,32.50753006950741,32.50753006950741,32.49596823983378,31.848053230170812,31.518538943355114,31.25606084632778,31.01168997208616,30.795165595368335,30.795165595368335,30.795165595368335,30.795165595368335,30.795165595368335,30.795165595368335,30.841687016549727,31.191790885903067,32.04202133945718,32.70295934223177,32.783654760727984,33.07435994518968,33.23094016838837,33.547478261267955,33.57620286812618,33.57620286812618,33.57620286812618,33.57620286812618,33.57620286812618,33.60197420366666,33.92248461475949,33.98040661448085,33.98040661448085,33.98040661448085,33.98040661448085,33.98040661448085,33.98040661448085,33.98040661448085,33.98231475349129,,,,,,,,,,,,,,,,,,,,,,,,,,,,,,,,33.11833333333334,33.11833333333334,32.6883192195932,31.93271221394359,31.786107929157527,31.39919554019899,31.03493728176202,30.824657323140393,30.870367514520314,30.870367514520314,30.88818235073058,31.44288033873987,31.44288033873987,31.44288033873987,31.44618975510417,31.503781428618627,31.503781428618627,31.511530490398144,32.20896289642344,32.55683868806249,32.73733054889955,32.783654760727984,32.783654760727984,32.783654760727984,32.783654760727984,32.79803841395996,33.18452574198675,33.20008214128301,33.23814182811724,33.45403364543968,33.45403364543968,33.45403364543968,33.461655926384516,33.56757643274375,33.56757643274375,33.56757643274375,33.56757643274375,33.56757643274375,33.56757643274375,33.56757643274375,33.764188347257424,33.929553049013556,33.932377772399235,,,,32.6883192195932,31.93271221394359,31.03493728176202,33.18452574198675,,,,32.70295934223177,31.93274392546071,31.63557016501835,31.67956196288394,"rgba(38, 166, 154, 0.5)",0.8711010015804524,32.62832757405734,0.7021831278266213,59.97928584886805,4.48257709341857,False,True,True,False,True,14.733981100338362,32.4484,31.7794,0.0,0.0,0.0,0.0,0,1.048181818181818,0.9024999999999997,False,False,False,False,0.3428282376773691,0.3284641519145738,False,False,False,False,-845.0,-2489.24853925312,False,False,False,False,94.26980037264973,False,False,False,False
2025-05-07 17:00:00+00:00,33.24,33.24,33.24,33.24,0.0,,,,,,,,,,,,,,,,,,,,,33.001519634211945,32.50753006950741,32.50753006950741,32.50753006950741,32.50753006950741,32.49596823983378,31.848053230170812,31.518538943355114,31.25606084632778,31.01168997208616,30.795165595368335,30.795165595368335,30.795165595368335,30.795165595368335,30.795165595368335,30.795165595368335,30.841687016549727,31.191790885903067,32.04202133945718,32.70295934223177,32.783654760727984,33.07435994518968,33.23094016838837,33.547478261267955,33.57620286812618,33.57620286812618,33.57620286812618,33.57620286812618,33.57620286812618,33.60197420366666,33.92248461475949,33.98040661448085,33.98040661448085,33.98040661448085,33.98040661448085,33.98040661448085,33.98040661448085,33.98040661448085,33.98231475349129,,,,,,,,,,,,,,,,,,,,,,,,,,,,,,,,33.11833333333334,33.11833333333334,32.6883192195932,31.93271221394359,31.786107929157527,31.39919554019899,31.03493728176202,30.824657323140393,30.870367514520314,30.870367514520314,30.88818235073058,31.44288033873987,31.44288033873987,31.44288033873987,31.44618975510417,31.503781428618627,31.503781428618627,31.511530490398144,32.20896289642344,32.55683868806249,32.73733054889955,32.783654760727984,32.783654760727984,32.783654760727984,32.783654760727984,32.79803841395996,33.18452574198675,33.20008214128301,33.23814182811724,33.45403364543968,33.45403364543968,33.45403364543968,33.461655926384516,33.56757643274375,33.56757643274375,33.56757643274375,33.56757643274375,33.56757643274375,33.56757643274375,33.56757643274375,33.764188347257424,33.929553049013556,33.932377772399235,,,,32.6883192195932,31.93271221394359,31.03493728176202,33.18452574198675,,,,32.70295934223177,31.93274392546071,31.63557016501835,31.67956196288394,"rgba(38, 166, 154, 0.5)",0.8482914359816914,32.62832757405734,0.7210640117270574,64.160236531889,8.319242504660522,True,False,True,False,True,14.733981100338362,32.4752,31.779275,0.0,0.0,0.0,0.0,0,1.0647727272727274,0.8984090909090907,False,False,False,False,0.3428282383403511,0.3356461951274624,False,False,False,False,-845.0,-2463.756313838343,False,False,False,False,92.8082530800505,False,False,False,False
2025-05-07 18:00:00+00:00,33.24,33.24,32.94,32.94,200.0,,,,,,,,,,,,,,,,,,,,,33.00525740650802,32.52616418780986,32.52616418780986,32.52616418780986,32.52616418780986,32.51467956434509,31.877542264555505,31.54899252735521,31.286948893313706,31.043239358116864,30.825452082209022,30.825452082209022,30.825452082209022,30.825452082209022,30.825452082209022,30.825452082209022,30.870951033901303,31.213797305074312,32.049998467953586,32.70520493259601,32.78533301690182,33.07414885011571,33.2298067905265,33.544703563975695,33.573294964614014,33.573294964614014,33.573294964614014,33.573294964614014,33.573294964614014,33.59895137432091,33.91859006891885,33.97640113439532,33.97640113439532,33.97640113439532,33.97640113439532,33.97640113439532,33.97640113439532,33.97640113439532,33.978305500599205,,,,,,,,,,,,,,,,,,,,,,,,,,,,,,,,33.07906850459483,33.07906850459483,32.70500632661131,31.9614132970451,31.815941192798793,31.43009872241579,31.066738435104412,30.856452697045803,30.898954805981937,30.898954805981937,30.916349346597713,31.45947292781327,31.45947292781327,31.45947292781327,31.462662394708282,31.518858654758397,31.518858654758397,31.526385865163444,32.21526794633487,32.56016475636482,32.73933180155163,32.78533301690182,32.78533301690182,32.78533301690182,32.78533301690182,32.79961733389888,33.183658838936715,33.19912574182499,33.23696765432099,33.45171139716194,33.45171139716194,33.45171139716194,33.459296087978515,33.56470753237809,33.56470753237809,33.56470753237809,33.56470753237809,33.56470753237809,33.56470753237809,33.56470753237809,33.76057273854399,33.9256470463394,33.92846795040309,,,,32.70500632661131,31.9614132970451,31.066738435104412,33.183658838936715,,,,32.70520493259601,31.951300430503135,31.65869904991066,31.694433184715024,#000000,0.8178132234611978,32.63638048862411,0.37125776725752674,59.81944673750488,8.319242504660522,False,True,True,False,False,10.535641097439658,32.496,31.777600000000003,0.0,0.0,0.0,0.0,0,1.0504484304932735,0.8997757847533631,False,False,False,False,0.31890146197763314,0.3272738285525478,False,False,False,False,-1045.0,-2441.7600919183687,False,False,False,False,94.47014062919702,False,False,False,False
2025-05-07 19:00:00+00:00,32.94,32.94,32.78,32.915,508.0,,,,,,,,,,,,,,,,,,,,,32.98013959226075,32.55491268948524,32.55491268948524,32.55491268948524,32.55491268948524,32.543896093626444,31.936713803538183,31.613307301587298,31.353987892860104,31.112985560377073,30.89347084529089,30.89347084529089,30.89347084529089,30.89347084529089,30.89347084529089,30.89347084529089,30.936605824534286,31.262660887989977,32.06648145246582,32.708086057786815,32.786854225027106,33.07114013066361,33.2245863789642,33.53557594305283,33.5638520965398,33.5638520965398,33.5638520965398,33.5638520965398,33.5638520965398,33.58923861324843,33.907058648104105,33.96464868110568,33.96464868110568,33.96464868110568,33.96464868110568,33.96464868110568,33.96464868110568,33.96464868110568,33.96654530148375,,,,,,,,,,,,,,,,,,,,,,,,,,,,,,,,32.96663910327086,32.96663910327086,32.72364916366716,32.018051840142675,31.876485864931567,31.496217459033577,31.136893200182957,30.92756779524106,30.963054015001795,30.963054015001795,30.979482802305682,31.495951549504863,31.495951549504863,31.495951549504863,31.498875740638166,31.55192449487695,31.55192449487695,31.55895673274527,32.22780422295831,32.56563242109538,32.74162770407943,32.786854225027106,32.786854225027106,32.786854225027106,32.786854225027106,32.80090076066374,33.179076836725656,33.194330469240434,33.231649590363325,33.443657532857756,33.443657532857756,33.443657532857756,33.451153248353755,33.55535633509446,33.55535633509446,33.55535633509446,33.55535633509446,33.55535633509446,33.55535633509446,33.55535633509446,33.749524901192274,33.914095123328124,33.91691000808852,,,,32.72364916366716,32.018051840142675,31.136893200182957,33.179076836725656,,,,32.708086057786815,31.982988311125666,31.704767014835653,31.72303535588778,#000000,0.7864121228888579,32.63609356986069,0.35465682944300897,56.46705034206194,13.082895115406089,False,True,True,False,False,10.196690756216206,32.5135,31.775800000000004,0.0,0.0,0.0,0.0,0,1.0915657036346693,0.9098322460391426,False,False,False,False,0.28287838928775283,0.3050761089201503,False,False,False,False,-1553.0,-2427.980865687076,False,False,False,False,100.88145627835675,False,False,False,False
2025-05-08 14:00:00+00:00,32.915,33.215,32.915,33.175,85.0,,,,,,,,,,,,,,,,,,,,,32.9840346907994,32.56228017332488,32.56228017332488,32.56228017332488,32.56228017332488,32.55129473574698,31.948125696285203,31.625259171783966,31.36622049297321,31.125552499194605,30.90564549955676,30.90564549955676,30.90564549955676,30.90564549955676,30.90564549955676,30.90564549955676,30.948389788905242,31.27164970289438,32.06991671221468,32.7091789443882,32.787713484469,33.07121841091703,33.22428165193806,33.53458373686288,33.56280369342443,33.56280369342443,33.56280369342443,33.56280369342443,33.56280369342443,33.58814149569822,33.90556757129581,33.96310598890968,33.96310598890968,33.96310598890968,33.96310598890968,33.96310598890968,33.96310598890968,33.96310598890968,33.96500087535014,,,,,,,,,,,,,,,,,,,,,,,,,,,,,,,,32.97820900537634,32.97820900537634,32.7303320854132,32.0291370802744,31.888058302774382,31.508388631228442,31.14954227574541,30.940287949706313,30.97457963479583,30.97457963479583,30.99084782426074,31.502829486662634,31.502829486662634,31.502829486662634,31.505706728840757,31.558205935180332,31.558205935180332,31.565150599089957,32.23055996636245,32.567169320200605,32.7426199971899,32.787713484469,32.787713484469,32.787713484469,32.787713484469,32.80171905341101,33.17888294633035,33.194099278914365,33.23132787855847,33.44285564536151,33.44285564536151,33.44285564536151,33.45033554460625,33.554324449677125,33.554324449677125,33.554324449677125,33.554324449677125,33.554324449677125,33.554324449677125,33.554324449677125,33.74817028272493,33.912598484355925,33.91541143141369,,,,32.7303320854132,32.0291370802744,31.14954227574541,33.17888294633035,,,,32.7091789443882,31.993153165754556,31.714130806291298,31.731782918729476,"rgba(38, 166, 154, 0.5)",0.7541308642138316,32.644298788459686,0.7037256220689999,58.24088500677524,13.082895115406089,False,True,True,False,False,12.811883067556145,32.538,31.775299999999998,0.0,0.0,0.0,0.0,0,1.1316101493953048,0.8477590704292147,False,False,False,False,0.31494844293665597,0.31001227592840314,False,False,False,False,-1468.0,-2413.0974414128573,False,False,False,False,100.63523215001013,False,False,False,False
2025-05-08 15:00:00+00:00,33.175,33.175,33.175,33.175,0.0,,,,,,,,,,,,,,,,,,,,,32.9840346907994,32.56228017332488,32.56228017332488,32.56228017332488,32.56228017332488,32.55129473574698,31.948125696285203,31.625259171783966,31.36622049297321,31.125552499194605,30.90564549955676,30.90564549955676,30.90564549955676,30.90564549955676,30.90564549955676,30.90564549955676,30.948389788905242,31.27164970289438,32.06991671221468,32.7091789443882,32.787713484469,33.07121841091703,33.22428165193806,33.53458373686288,33.56280369342443,33.56280369342443,33.56280369342443,33.56280369342443,33.56280369342443,33.58814149569822,33.90556757129581,33.96310598890968,33.96310598890968,33.96310598890968,33.96310598890968,33.96310598890968,33.96310598890968,33.96310598890968,33.96500087535014,,,,,,,,,,,,,,,,,,,,,,,,,,,,,,,,32.97820900537634,32.97820900537634,32.7303320854132,32.0291370802744,31.888058302774382,31.508388631228442,31.14954227574541,30.940287949706313,30.97457963479583,30.97457963479583,30.99084782426074,31.502829486662634,31.502829486662634,31.502829486662634,31.505706728840757,31.558205935180332,31.558205935180332,31.565150599089957,32.23055996636245,32.567169320200605,32.7426199971899,32.787713484469,32.787713484469,32.787713484469,32.787713484469,32.80171905341101,33.17888294633035,33.194099278914365,33.23132787855847,33.44285564536151,33.44285564536151,33.44285564536151,33.45033554460625,33.554324449677125,33.554324449677125,33.554324449677125,33.554324449677125,33.554324449677125,33.554324449677125,33.554324449677125,33.74817028272493,33.912598484355925,33.91541143141369,,,,32.7303320854132,32.0291370802744,31.14954227574541,33.17888294633035,,,,32.7091789443882,31.993153165754556,31.714130806291298,31.731782918729476,"rgba(38, 166, 154, 0.5)",0.7216013972936332,32.644298788459686,0.7354492570700482,59.42344144991744,13.082895115406089,False,True,True,False,False,12.811883067556145,32.5619,31.7748,0.0,0.0,0.0,0.0,0,1.170873786407767,0.8133495145631068,False,False,False,False,0.3322257839107328,0.321119029919568,False,False,False,False,-1468.0,-2398.44476790258,False,False,False,False,99.07499599264563,False,False,False,False
2025-05-08 16:00:00+00:00,33.175,33.42,33.175,33.42,42.0,,,,,,,,,,,,,,,,,,,,,32.98955827765405,32.56741312335958,32.56741312335958,32.56741312335958,32.56741312335958,32.55641963824289,31.954822418473075,31.63202957874596,31.373017533781937,31.132440277674842,30.912254781464945,30.912254781464945,30.912254781464945,30.912254781464945,30.912254781464945,30.912254781464945,30.9548000085148,31.27662909209117,32.07199316599107,32.71004099653108,32.78845508380367,33.071556439382526,33.224421189082115,33.53436224718296,33.562552380444636,33.562552380444636,33.562552380444636,33.562552380444636,33.562552380444636,33.5878640558479,33.90504914334625,33.962554614668036,33.962554614668036,33.962554614668036,33.962554614668036,33.962554614668036,33.962554614668036,33.962554614668036,33.964448420861146,,,,,,,,,,,,,,,,,,,,,,,,,,,,,,,,32.99283687943263,32.99283687943263,32.73559725085911,32.035721470482585,31.894795560963022,31.515217996564182,31.15648294954071,30.947200640585677,30.98085746806626,30.98085746806626,30.997043274265835,31.506706141674208,31.506706141674208,31.506706141674208,31.50955794055839,31.561763987372895,31.561763987372895,31.568661355458136,32.2322834247049,32.568260295966965,32.74343015035242,32.78845508380367,32.78845508380367,32.78845508380367,32.78845508380367,32.80243947917999,33.17908004198795,33.194276870608704,33.23145858174592,33.44273468712976,33.44273468712976,33.44273468712976,33.45020620824283,33.554081983571216,33.554081983571216,33.554081983571216,33.554081983571216,33.554081983571216,33.554081983571216,33.554081983571216,33.747747292803204,33.9120762329573,33.91488775576346,,,,32.73559725085911,32.035721470482585,31.15648294954071,33.17908004198795,,,,32.71004099653108,32.00015697044008,31.71974660849645,31.737592862735784,"rgba(38, 166, 154, 0.5)",0.68645059138584,32.737922728380305,0.9936290829652956,63.04060539800304,13.082895115406089,False,False,True,False,True,15.18047366804715,32.5907,31.772675,0.0,0.0,0.0,0.0,0,1.1569290197971993,0.7986479961371317,False,False,False,False,0.3428282382526531,0.3319736340861105,False,False,False,False,-1426.0,-2383.3681048343233,False,False,False,False,98.19011233384491,False,False,False,False
2025-05-08 17:00:00+00:00,33.42,33.42,33.42,33.42,0.0,,,,,,,,,,,,,,,,,,,,,32.98955827765405,32.56741312335958,32.56741312335958,32.56741312335958,32.56741312335958,32.55641963824289,31.954822418473075,31.63202957874596,31.373017533781937,31.132440277674842,30.912254781464945,30.912254781464945,30.912254781464945,30.912254781464945,30.912254781464945,30.912254781464945,30.9548000085148,31.27662909209117,32.07199316599107,32.71004099653108,32.78845508380367,33.071556439382526,33.224421189082115,33.53436224718296,33.562552380444636,33.562552380444636,33.562552380444636,33.562552380444636,33.562552380444636,33.5878640558479,33.90504914334625,33.962554614668036,33.962554614668036,33.962554614668036,33.962554614668036,33.962554614668036,33.962554614668036,33.962554614668036,33.964448420861146,,,,,,,,,,,,,,,,,,,,,,,,,,,,,,,,32.99283687943263,32.99283687943263,32.73559725085911,32.035721470482585,31.894795560963022,31.515217996564182,31.15648294954071,30.947200640585677,30.98085746806626,30.98085746806626,30.997043274265835,31.506706141674208,31.506706141674208,31.506706141674208,31.50955794055839,31.561763987372895,31.561763987372895,31.568661355458136,32.2322834247049,32.568260295966965,32.74343015035242,32.78845508380367,32.78845508380367,32.78845508380367,32.78845508380367,32.80243947917999,33.17908004198795,33.194276870608704,33.23145858174592,33.44273468712976,33.44273468712976,33.44273468712976,33.45020620824283,33.554081983571216,33.554081983571216,33.554081983571216,33.554081983571216,33.554081983571216,33.554081983571216,33.554081983571216,33.747747292803204,33.9120762329573,33.91488775576346,,,,32.73559725085911,32.035721470482585,31.15648294954071,33.17908004198795,,,,32.71004099653108,32.00015697044008,31.71974660849645,31.737592862735784,"rgba(38, 166, 154, 1.0)",0.6619676647607126,32.737922728380305,1.0303785334684794,65.4520480300601,8.70001006509169,True,False,True,False,True,15.180473668047139,32.619299999999996,31.77055,0.0,0.0,0.0,0.0,0,1.166103331723805,0.7947851279575082,False,False,False,False,0.34282823867346834,0.3374009363797894,False,False,False,False,-1426.0,-2368.525188480303,False,False,False,False,96.66778501083955,False,False,False,False
2025-05-08 18:00:00+00:00,33.42,33.42,33.42,33.42,0.0,,,,,,,,,,,,,,,,,,,,,32.98955827765405,32.56741312335958,32.56741312335958,32.56741312335958,32.56741312335958,32.55641963824289,31.954822418473075,31.63202957874596,31.373017533781937,31.132440277674842,30.912254781464945,30.912254781464945,30.912254781464945,30.912254781464945,30.912254781464945,30.912254781464945,30.9548000085148,31.27662909209117,32.07199316599107,32.71004099653108,32.78845508380367,33.071556439382526,33.224421189082115,33.53436224718296,33.562552380444636,33.562552380444636,33.562552380444636,33.562552380444636,33.562552380444636,33.5878640558479,33.90504914334625,33.962554614668036,33.962554614668036,33.962554614668036,33.962554614668036,33.962554614668036,33.962554614668036,33.962554614668036,33.964448420861146,,,,,,,,,,,,,,,,,,,,,,,,,,,,,,,,32.99283687943263,32.99283687943263,32.73559725085911,32.035721470482585,31.894795560963022,31.515217996564182,31.15648294954071,30.947200640585677,30.98085746806626,30.98085746806626,30.997043274265835,31.506706141674208,31.506706141674208,31.506706141674208,31.50955794055839,31.561763987372895,31.561763987372895,31.568661355458136,32.2322834247049,32.568260295966965,32.74343015035242,32.78845508380367,32.78845508380367,32.78845508380367,32.78845508380367,32.80243947917999,33.17908004198795,33.194276870608704,33.23145858174592,33.44273468712976,33.44273468712976,33.44273468712976,33.45020620824283,33.554081983571216,33.554081983571216,33.554081983571216,33.554081983571216,33.554081983571216,33.554081983571216,33.554081983571216,33.747747292803204,33.9120762329573,33.91488775576346,,,,32.73559725085911,32.035721470482585,31.15648294954071,33.17908004198795,,,,32.71004099653108,32.00015697044008,31.71974660849645,31.737592862735784,"rgba(38, 166, 154, 1.0)",0.6392250234699821,32.737922728380305,1.0670378138782723,67.05967645143147,10.413273121423899,True,False,True,False,True,15.18047366804715,32.648700000000005,31.768425,0.0,0.0,0.0,0.0,0,1.166103331723805,0.7947851279575082,False,False,False,False,0.34282823867346834,0.3401145875266289,False,False,False,False,-1426.0,-2353.9123948604533,False,False,False,False,95.16905966183428,False,False,False,False
2025-05-08 19:00:00+00:00,33.42,33.42,33.03,33.115,454.0,,,,,,,,,,,,,,,,,,,,,33.01822532825075,32.60884430727023,32.60884430727023,32.60884430727023,32.60884430727023,32.59797363847045,32.01587266979179,31.695792948891494,31.438219541139244,31.19936330393633,30.97719160434864,30.97719160434864,30.97719160434864,30.97719160434864,30.97719160434864,30.97719160434864,31.01773205899997,31.32515384472026,32.09140405974723,32.71702157070757,32.794193269696784,33.073132300924414,33.22395015764406,33.53019167463099,33.55807767944937,33.55807767944937,33.55807767944937,33.55807767944937,33.55807767944937,33.58312451551654,33.898037658737,33.955238630450616,33.955238630450616,33.955238630450616,33.955238630450616,33.955238630450616,33.955238630450616,33.955238630450616,33.957122317864275,,,,,,,,,,,,,,,,,,,,,,,,,,,,,,,,33.05248431899642,33.05248431899642,32.774349547511314,32.095151996971424,31.956645602948925,31.580096230497666,31.22382071684065,31.014923899538516,31.04246270797475,31.04246270797475,31.057823191593343,31.54424098656178,31.54424098656178,31.54424098656178,31.546845808871492,31.596163879442866,31.596163879442866,31.60259919078168,32.24809568913176,32.57759986065956,32.74987575921968,32.794193269696784,32.794193269696784,32.794193269696784,32.794193269696784,32.807959543764575,33.17920205041822,33.19419880418536,33.230896600553024,33.43959162199182,33.43959162199182,33.43959162199182,33.44697768725957,33.54969701771065,33.54969701771065,33.54969701771065,33.54969701771065,33.54969701771065,33.54969701771065,33.54969701771065,33.741575086678985,33.90503076956065,33.9078300561297,,,,32.774349547511314,32.095151996971424,31.22382071684065,33.17920205041822,,,,32.71702157070757,32.05525822502798,31.770764290991394,31.78464482539299,#000000,0.6073999528336146,32.83939085491373,0.45375233205157817,61.5147063556679,10.413273121423899,False,False,True,False,False,10.855284045720659,32.6742,31.764775,0.0,0.0,0.0,0.0,0,1.1445497630331753,0.7985781990521325,False,False,False,False,0.3124299619046974,0.3262722747156631,False,False,False,False,-1880.0,-2346.564915870369,False,False,False,False,100.73233005467407,False,False,False,False
2025-05-09 14:00:00+00:00,33.115,33.27,33.115,33.27,300.0,,,,,,,,,,,,,,,,,,,,,33.03563611755607,32.634582864114115,32.634582864114115,32.634582864114115,32.634582864114115,32.62380760688506,32.053953341074646,31.735926690683304,31.479489567233387,31.241876886362043,31.018660951088627,31.018660951088627,31.018660951088627,31.018660951088627,31.018660951088627,31.018660951088627,31.05795507626068,31.356384123318296,32.10420522529345,32.72181010602733,32.79817730185569,33.074415637981325,33.22390212733613,33.52772756005057,33.55541427127975,33.55541427127975,33.55541427127975,33.55541427127975,33.55541427127975,33.58028721924071,33.89367199765922,33.95066583928017,33.95066583928017,33.95066583928017,33.95066583928017,33.95066583928017,33.95066583928017,33.95066583928017,33.95254266881561,,,,,,,,,,,,,,,,,,,,,,,,,,,,,,,,33.08031133482476,33.08031133482476,32.79811741613133,32.132159619256825,31.995288412455338,31.621024872307352,31.266563325951857,31.058060341077177,31.0818616207951,31.0818616207951,31.09670926325893,31.568573724160203,31.568573724160203,31.568573724160203,31.571023545483765,31.618521155878163,31.618521155878163,31.6246650278448,32.25858474474475,32.58391416464097,32.754317939964814,32.79817730185569,32.79817730185569,32.79817730185569,32.79817730185569,32.81180223484612,33.17954004952206,33.19440647258474,33.23078934137758,33.437799911823724,33.437799911823724,33.437799911823724,33.44513005611673,33.54709250331867,33.54709250331867,33.54709250331867,33.54709250331867,33.54709250331867,33.54709250331867,33.54709250331867,33.737787870745684,33.90064171122995,33.90343247514369,,,,32.79811741613133,32.132159619256825,31.266563325951857,33.17954004952206,,,,32.72181010602733,32.088909011262885,31.803067095184122,31.813661006431488,"rgba(38, 166, 154, 0.5)",0.5744494269678793,32.86232107191302,0.709686369153217,60.115666937610214,16.98977361222505,False,True,True,False,False,12.41193047457774,32.7023,31.7615,0.0,0.0,0.0,0.0,0,1.1474947071277348,0.8071042107739352,False,False,False,False,0.3037641177930771,0.3150181962543701,False,False,False,False,-1580.0,-2334.680188492534,False,False,False,False,103.82175129413648,False,False,False,False
2025-05-09 15:00:00+00:00,33.27,33.3,33.27,33.3,200.0,,,,,,,,,,,,,,,,,,,,,33.04958150584796,32.652529664110986,32.652529664110986,32.652529664110986,32.652529664110986,32.641803079416526,32.07950997622248,31.762765017413578,31.50704680365297,31.27023049768118,31.04633826844574,31.04633826844574,31.04633826844574,31.04633826844574,31.04633826844574,31.04633826844574,31.084826140171344,31.377417690996765,32.11311762495303,32.72540544816023,32.80123799448213,33.075678469964565,33.22427679996977,33.526481869629016,33.55403434889605,33.55403434889605,33.55403434889605,33.55403434889605,33.55403434889605,33.57878977414391,33.891098142463264,33.94794396951282,33.94794396951282,33.94794396951282,33.94794396951282,33.94794396951282,33.94794396951282,33.94794396951282,33.949815931352376,,,,,,,,,,,,,,,,,,,,,,,,,,,,,,,,33.101406773977196,33.101406773977196,32.815067195037905,32.15704603259897,32.0211955977989,31.648367190913063,31.29506444115783,31.086815039079276,31.10819914917302,31.10819914917302,31.122714607540896,31.585094129878435,31.585094129878435,31.585094129878435,31.587441658707416,31.63373924523148,31.63373924523148,31.639690380595784,32.265965175909365,32.588522779191976,32.757683094093885,32.80123799448213,32.80123799448213,32.80123799448213,32.80123799448213,32.814768906259694,33.18017247795718,33.19495170873141,33.231124442306424,33.437006291334434,33.437006291334434,33.437006291334434,33.44429881670016,33.545752363080354,33.545752363080354,33.545752363080354,33.545752363080354,33.545752363080354,33.545752363080354,33.545752363080354,33.73563752561148,33.898050788128224,33.90083522097791,,,,32.815067195037905,32.15704603259897,31.29506444115783,33.18017247795718,,,,32.72540544816023,32.11200505590553,31.824992602581723,31.833493141246503,"rgba(38, 166, 154, 0.5)",0.5375836159554443,32.880261351131686,0.7807876512797207,59.60104417170341,16.255916782072262,False,True,True,False,False,12.710473961191099,32.7305,31.758374999999997,0.0,0.0,0.0,0.0,0,1.1711758584807495,0.8925598335067638,False,False,False,False,0.31953288478532565,0.31727554051984785,False,False,False,False,-1380.0,-2319.8789452600918,False,False,False,False,105.31288693298707,False,False,False,False
2025-05-09 16:00:00+00:00,33.3,33.3,33.275,33.275,0.0,,,,,,,,,,,,,,,,,,,,,33.04958150584796,32.652529664110986,32.652529664110986,32.652529664110986,32.652529664110986,32.641803079416526,32.07950997622248,31.762765017413578,31.50704680365297,31.27023049768118,31.04633826844574,31.04633826844574,31.04633826844574,31.04633826844574,31.04633826844574,31.04633826844574,31.084826140171344,31.377417690996765,32.11311762495303,32.72540544816023,32.80123799448213,33.075678469964565,33.22427679996977,33.526481869629016,33.55403434889605,33.55403434889605,33.55403434889605,33.55403434889605,33.55403434889605,33.57878977414391,33.891098142463264,33.94794396951282,33.94794396951282,33.94794396951282,33.94794396951282,33.94794396951282,33.94794396951282,33.94794396951282,33.949815931352376,,,,,,,,,,,,,,,,,,,,,,,,,,,,,,,,33.101406773977196,33.101406773977196,32.815067195037905,32.15704603259897,32.0211955977989,31.648367190913063,31.29506444115783,31.086815039079276,31.10819914917302,31.10819914917302,31.122714607540896,31.585094129878435,31.585094129878435,31.585094129878435,31.587441658707416,31.63373924523148,31.63373924523148,31.639690380595784,32.265965175909365,32.588522779191976,32.757683094093885,32.80123799448213,32.80123799448213,32.80123799448213,32.80123799448213,32.814768906259694,33.18017247795718,33.19495170873141,33.231124442306424,33.437006291334434,33.437006291334434,33.437006291334434,33.44429881670016,33.545752363080354,33.545752363080354,33.545752363080354,33.545752363080354,33.545752363080354,33.545752363080354,33.545752363080354,33.73563752561148,33.898050788128224,33.90083522097791,,,,32.815067195037905,32.15704603259897,31.29506444115783,33.18017247795718,,,,32.72540544816023,32.11200505590553,31.824992602581723,31.833493141246503,"rgba(38, 166, 154, 0.5)",0.5079266102903387,32.880261351131686,0.7771568586309615,58.73453320211346,15.069552203909126,False,True,True,False,False,12.356148630590138,32.7561,31.752975000000003,0.0,0.0,0.0,0.0,0,1.130910084722602,0.8871276305001367,False,False,False,False,0.31996117606305885,0.31861835829145335,False,False,False,False,-1380.0,-2305.307178666912,False,False,False,False,103.68012899604153,False,False,False,False
2025-05-09 17:00:00+00:00,33.275,33.35,33.275,33.35,0.0,,,,,,,,,,,,,,,,,,,,,33.04958150584796,32.652529664110986,32.652529664110986,32.652529664110986,32.652529664110986,32.641803079416526,32.07950997622248,31.762765017413578,31.50704680365297,31.27023049768118,31.04633826844574,31.04633826844574,31.04633826844574,31.04633826844574,31.04633826844574,31.04633826844574,31.084826140171344,31.377417690996765,32.11311762495303,32.72540544816023,32.80123799448213,33.075678469964565,33.22427679996977,33.526481869629016,33.55403434889605,33.55403434889605,33.55403434889605,33.55403434889605,33.55403434889605,33.57878977414391,33.891098142463264,33.94794396951282,33.94794396951282,33.94794396951282,33.94794396951282,33.94794396951282,33.94794396951282,33.94794396951282,33.949815931352376,,,,,,,,,,,,,,,,,,,,,,,,,,,,,,,,33.101406773977196,33.101406773977196,32.815067195037905,32.15704603259897,32.0211955977989,31.648367190913063,31.29506444115783,31.086815039079276,31.10819914917302,31.10819914917302,31.122714607540896,31.585094129878435,31.585094129878435,31.585094129878435,31.587441658707416,31.63373924523148,31.63373924523148,31.639690380595784,32.265965175909365,32.588522779191976,32.757683094093885,32.80123799448213,32.80123799448213,32.80123799448213,32.80123799448213,32.814768906259694,33.18017247795718,33.19495170873141,33.231124442306424,33.437006291334434,33.437006291334434,33.437006291334434,33.44429881670016,33.545752363080354,33.545752363080354,33.545752363080354,33.545752363080354,33.545752363080354,33.545752363080354,33.545752363080354,33.73563752561148,33.898050788128224,33.90083522097791,,,,32.815067195037905,32.15704603259897,31.29506444115783,33.18017247795718,,,,32.72540544816023,32.11200505590553,31.824992602581723,31.833493141246503,"rgba(38, 166, 154, 0.5)",0.5167752748383759,32.880261351131686,0.9089805022409948,59.34612141378716,15.069552203909126,False,True,True,False,False,13.121369168912661,32.7851,31.746499999999997,0.0,0.0,0.0,0.0,0,1.1216657593903103,0.8535655960805657,False,False,False,False,0.3242503684201759,0.32143436335581466,False,False,False,False,-1380.0,-2290.9613309356423,False,False,False,False,102.07268513563778,False,False,False,False
2025-05-09 18:00:00+00:00,33.35,33.35,33.35,33.35,0.0,,,,,,,,,,,,,,,,,,,,,33.04958150584796,32.652529664110986,32.652529664110986,32.652529664110986,32.652529664110986,32.641803079416526,32.07950997622248,31.762765017413578,31.50704680365297,31.27023049768118,31.04633826844574,31.04633826844574,31.04633826844574,31.04633826844574,31.04633826844574,31.04633826844574,31.084826140171344,31.377417690996765,32.11311762495303,32.72540544816023,32.80123799448213,33.075678469964565,33.22427679996977,33.526481869629016,33.55403434889605,33.55403434889605,33.55403434889605,33.55403434889605,33.55403434889605,33.57878977414391,33.891098142463264,33.94794396951282,33.94794396951282,33.94794396951282,33.94794396951282,33.94794396951282,33.94794396951282,33.94794396951282,33.949815931352376,,,,,,,,,,,,,,,,,,,,,,,,,,,,,,,,33.101406773977196,33.101406773977196,32.815067195037905,32.15704603259897,32.0211955977989,31.648367190913063,31.29506444115783,31.086815039079276,31.10819914917302,31.10819914917302,31.122714607540896,31.585094129878435,31.585094129878435,31.585094129878435,31.587441658707416,31.63373924523148,31.63373924523148,31.639690380595784,32.265965175909365,32.588522779191976,32.757683094093885,32.80123799448213,32.80123799448213,32.80123799448213,32.80123799448213,32.814768906259694,33.18017247795718,33.19495170873141,33.231124442306424,33.437006291334434,33.437006291334434,33.437006291334434,33.44429881670016,33.545752363080354,33.545752363080354,33.545752363080354,33.545752363080354,33.545752363080354,33.545752363080354,33.545752363080354,33.73563752561148,33.898050788128224,33.90083522097791,,,,32.815067195037905,32.15704603259897,31.29506444115783,33.18017247795718,,,,32.72540544816023,32.11200505590553,31.824992602581723,31.833493141246503,"rgba(38, 166, 154, 0.5)",0.5251588519861551,32.880261351131686,0.8944696392182282,59.75384688823628,15.069552203909126,False,True,True,False,False,13.121369168912661,32.814099999999996,31.740025,0.0,0.0,0.0,0.0,0,1.1257485029940122,0.8535655960805657,False,False,False,False,0.3307058972734361,0.3260701303146254,False,False,False,False,-1380.0,-2276.837899448268,False,False,False,False,100.49016288547286,False,False,False,False
2025-05-09 19:00:00+00:00,33.35,33.49,33.35,33.49,62.0,,,,,,,,,,,,,,,,,,,,,33.05616172506739,32.65918589917639,32.65918589917639,32.65918589917639,32.65918589917639,32.64845923743191,32.08819585687384,31.771714191645913,31.516140105034594,31.27951662186689,31.055358826504804,31.055358826504804,31.055358826504804,31.055358826504804,31.055358826504804,31.055358826504804,31.093595402298845,31.384360815987275,32.11620975804839,32.72681097182314,32.802474327122155,33.07634488135263,33.22466105531193,33.52634702240824,33.55385621593564,33.55385621593564,33.55385621593564,33.55385621593564,33.55385621593564,33.57857350706873,33.89050709672841,33.94730032025565,33.94730032025565,33.94730032025565,33.94730032025565,33.94730032025565,33.94730032025565,33.94730032025565,33.94917057147163,,,,,,,,,,,,,,,,,,,,,,,,,,,,,,,,33.11174796747967,33.11174796747967,32.821707580406866,32.16555994448597,32.02996287826059,31.657437109481123,31.304404085734994,31.096189101330257,31.116801544860362,31.116801544860362,31.131213034061815,31.59060608235256,31.59060608235256,31.59060608235256,31.59292043614894,31.63883229682086,31.63883229682086,31.644721010091924,32.26857108858109,32.59024888179609,32.759015747620104,32.802474327122155,32.802474327122155,32.802474327122155,32.802474327122155,32.81597543859649,33.18063872854394,33.19539010827379,33.23149609709707,33.43701680559651,33.43701680559651,33.43701680559651,33.44429721560971,33.54558712811173,33.54558712811173,33.54558712811173,33.54558712811173,33.54558712811173,33.54558712811173,33.54558712811173,33.73520302885,33.897453477121694,33.90023552294975,,,,32.821707580406866,32.16555994448597,31.304404085734994,33.18063872854394,,,,32.72681097182314,32.12032028111474,31.83250306209063,31.84047585078796,"rgba(38, 166, 154, 1.0)",0.5361656662088878,32.88841953847935,1.1220048194698868,62.17988113784043,15.069552203909126,False,False,True,False,True,14.556438342862158,32.8397,31.734249999999996,0.0,0.0,0.0,0.0,0,1.1749435665914223,0.8402934537246045,False,False,False,False,0.34282823702906534,0.3344491836718454,False,False,False,False,-1318.0,-2261.972195580853,False,False,False,False,99.89341617407017,False,False,False,False
2025-05-12 14:00:00+00:00,34.285,34.45,34.285,34.45,0.0,,,,,,,,,,,,,,,,,,,,,33.05616172506739,32.65918589917639,32.65918589917639,32.65918589917639,32.65918589917639,32.64845923743191,32.08819585687384,31.771714191645913,31.516140105034594,31.27951662186689,31.055358826504804,31.055358826504804,31.055358826504804,31.055358826504804,31.055358826504804,31.055358826504804,31.093595402298845,31.384360815987275,32.11620975804839,32.72681097182314,32.802474327122155,33.07634488135263,33.22466105531193,33.52634702240824,33.55385621593564,33.55385621593564,33.55385621593564,33.55385621593564,33.55385621593564,33.57857350706873,33.89050709672841,33.94730032025565,33.94730032025565,33.94730032025565,33.94730032025565,33.94730032025565,33.94730032025565,33.94730032025565,33.94917057147163,,,,,,,,,,,,,,,,,,,,,,,,,,,,,,,,33.11174796747967,33.11174796747967,32.821707580406866,32.16555994448597,32.02996287826059,31.657437109481123,31.304404085734994,31.096189101330257,31.116801544860362,31.116801544860362,31.131213034061815,31.59060608235256,31.59060608235256,31.59060608235256,31.59292043614894,31.63883229682086,31.63883229682086,31.644721010091924,32.26857108858109,32.59024888179609,32.759015747620104,32.802474327122155,32.802474327122155,32.802474327122155,32.802474327122155,32.81597543859649,33.18063872854394,33.19539010827379,33.23149609709707,33.43701680559651,33.43701680559651,33.43701680559651,33.44429721560971,33.54558712811173,33.54558712811173,33.54558712811173,33.54558712811173,33.54558712811173,33.54558712811173,33.54558712811173,33.73520302885,33.897453477121694,33.90023552294975,,,,32.821707580406866,32.16555994448597,31.304404085734994,33.18063872854394,,,,32.72681097182314,32.12032028111474,31.83250306209063,31.84047585078796,"rgba(0, 255, 0, 1.0)",0.5787070708687402,32.88841953847935,2.6983953369991682,69.9334135016234,14.31491394064858,True,False,True,False,True,20.0,32.8815,31.733275000000003,0.0,0.0,0.0,0.0,0,1.1734475374732336,0.7973768736616695,False,False,False,False,0.3428282401924924,0.3386387119321689,False,False,False,False,-1318.0,-2247.3369677423902,False,False,False,False,98.34468103958845,False,False,False,False
2025-05-12 15:00:00+00:00,34.45,34.45,34.45,34.45,0.0,,,,,,,,,,,,,,,,,,,,,33.05616172506739,32.65918589917639,32.65918589917639,32.65918589917639,32.65918589917639,32.64845923743191,32.08819585687384,31.771714191645913,31.516140105034594,31.27951662186689,31.055358826504804,31.055358826504804,31.055358826504804,31.055358826504804,31.055358826504804,31.055358826504804,31.093595402298845,31.384360815987275,32.11620975804839,32.72681097182314,32.802474327122155,33.07634488135263,33.22466105531193,33.52634702240824,33.55385621593564,33.55385621593564,33.55385621593564,33.55385621593564,33.55385621593564,33.57857350706873,33.89050709672841,33.94730032025565,33.94730032025565,33.94730032025565,33.94730032025565,33.94730032025565,33.94730032025565,33.94730032025565,33.94917057147163,,,,,,,,,,,,,,,,,,,,,,,,,,,,,,,,33.11174796747967,33.11174796747967,32.821707580406866,32.16555994448597,32.02996287826059,31.657437109481123,31.304404085734994,31.096189101330257,31.116801544860362,31.116801544860362,31.131213034061815,31.59060608235256,31.59060608235256,31.59060608235256,31.59292043614894,31.63883229682086,31.63883229682086,31.644721010091924,32.26857108858109,32.59024888179609,32.759015747620104,32.802474327122155,32.802474327122155,32.802474327122155,32.802474327122155,32.81597543859649,33.18063872854394,33.19539010827379,33.23149609709707,33.43701680559651,33.43701680559651,33.43701680559651,33.44429721560971,33.54558712811173,33.54558712811173,33.54558712811173,33.54558712811173,33.54558712811173,33.54558712811173,33.54558712811173,33.73520302885,33.897453477121694,33.90023552294975,,,,32.821707580406866,32.16555994448597,31.304404085734994,33.18063872854394,,,,32.72681097182314,32.12032028111474,31.83250306209063,31.84047585078796,"rgba(0, 255, 0, 1.0)",0.6120525797347551,32.88841953847935,2.5513828602722284,75.10243507747873,18.937934191658215,True,False,True,False,True,20.0,32.9253,31.732425000000003,0.0,0.0,0.0,0.0,0,1.186575342465754,0.8161643835616431,False,False,False,False,0.34282824041430504,0.34073347617323696,False,False,False,False,-1318.0,-2232.928642661113,False,False,False,False,96.81995730254056,False,False,False,False
2025-05-12 16:00:00+00:00,34.45,34.45,34.45,34.45,0.0,,,,,,,,,,,,,,,,,,,,,33.05616172506739,32.65918589917639,32.65918589917639,32.65918589917639,32.65918589917639,32.64845923743191,32.08819585687384,31.771714191645913,31.516140105034594,31.27951662186689,31.055358826504804,31.055358826504804,31.055358826504804,31.055358826504804,31.055358826504804,31.055358826504804,31.093595402298845,31.384360815987275,32.11620975804839,32.72681097182314,32.802474327122155,33.07634488135263,33.22466105531193,33.52634702240824,33.55385621593564,33.55385621593564,33.55385621593564,33.55385621593564,33.55385621593564,33.57857350706873,33.89050709672841,33.94730032025565,33.94730032025565,33.94730032025565,33.94730032025565,33.94730032025565,33.94730032025565,33.94730032025565,33.94917057147163,,,,,,,,,,,,,,,,,,,,,,,,,,,,,,,,33.11174796747967,33.11174796747967,32.821707580406866,32.16555994448597,32.02996287826059,31.657437109481123,31.304404085734994,31.096189101330257,31.116801544860362,31.116801544860362,31.131213034061815,31.59060608235256,31.59060608235256,31.59060608235256,31.59292043614894,31.63883229682086,31.63883229682086,31.644721010091924,32.26857108858109,32.59024888179609,32.759015747620104,32.802474327122155,32.802474327122155,32.802474327122155,32.802474327122155,32.81597543859649,33.18063872854394,33.19539010827379,33.23149609709707,33.43701680559651,33.43701680559651,33.43701680559651,33.44429721560971,33.54558712811173,33.54558712811173,33.54558712811173,33.54558712811173,33.54558712811173,33.54558712811173,33.54558712811173,33.73520302885,33.897453477121694,33.90023552294975,,,,32.821707580406866,32.16555994448597,31.304404085734994,33.18063872854394,,,,32.72681097182314,32.12032028111474,31.83250306209063,31.84047585078796,"rgba(0, 255, 0, 1.0)",0.6418501410790663,32.88841953847935,2.4329362285335887,78.54844946138226,21.93648632470297,True,False,True,False,True,20.0,32.9777,31.731624999999998,0.0,0.0,0.0,0.0,0,1.167397260273973,0.8117808219178075,False,False,False,False,0.34282824041430504,0.34178085829377103,False,False,False,False,-1318.0,-2218.7437024648166,False,False,False,False,95.31887269319884,False,False,False,False
2025-05-12 17:00:00+00:00,34.45,34.55,34.45,34.55,260.0,,,,,,,,,,,,,,,,,,,,,33.15181192275399,32.72251464288836,32.72251464288836,32.72251464288836,32.72251464288836,32.7113292777634,32.15136768384193,31.831672827578483,31.574091145446445,31.33650484122148,31.1091347475351,31.1091347475351,31.1091347475351,31.1091347475351,31.1091347475351,31.1091347475351,31.146149197913587,31.42789296913976,32.13938363285312,32.741385887437765,32.81620476483877,33.08721050340925,33.234095726255674,33.533036632891665,33.56030970181318,33.56030970181318,33.56030970181318,33.56030970181318,33.56030970181318,33.584812583668004,33.8939540899146,33.950329670329666,33.950329670329666,33.950329670329666,33.950329670329666,33.950329670329666,33.950329670329666,33.950329670329666,33.95218682284639,,,,,,,,,,,,,,,,,,,,,,,,,,,,,,,,33.269877344877344,33.269877344877344,32.89364511916422,32.22905716561062,32.09263060967336,31.716766693269488,31.361919977962955,31.15231204510076,31.1685256485274,31.1685256485274,31.182418266433967,31.62655616986422,31.62655616986422,31.62655616986422,31.6286731414417,31.67240208174436,31.67240208174436,31.67792417033513,32.28924542539144,32.60642471902857,32.77322605387813,32.81620476483877,32.81620476483877,32.81620476483877,32.81620476483877,32.82955589680589,33.190492000907696,33.205097964412545,33.24086611891609,33.44448862981004,33.44448862981004,33.44448862981004,33.45170327870304,33.55211286292755,33.55211286292755,33.55211286292755,33.55211286292755,33.55211286292755,33.55211286292755,33.55211286292755,33.74004411881503,33.900845782675574,33.9036054865185,,,,32.89364511916422,32.22905716561062,31.361919977962955,33.190492000907696,,,,32.741385887437765,32.192559603288274,31.8878228221357,31.896614799665155,"rgba(0, 255, 0, 1.0)",0.6722337913775901,32.99827339541247,2.308313899852637,81.2169714697522,24.316258817153468,True,False,True,False,True,20.0,33.0236,31.731325000000002,0.0,0.0,0.0,0.0,0,1.1664850136239788,0.8073569482288824,False,False,False,False,0.3428282405454013,0.34230454941958616,False,False,False,False,-1058.0,-2200.747676070013,False,False,False,False,97.87206846539732,False,False,False,False
2025-05-12 18:00:00+00:00,34.55,34.55,34.55,34.55,0.0,,,,,,,,,,,,,,,,,,,,,33.15181192275399,32.72251464288836,32.72251464288836,32.72251464288836,32.72251464288836,32.7113292777634,32.15136768384193,31.831672827578483,31.574091145446445,31.33650484122148,31.1091347475351,31.1091347475351,31.1091347475351,31.1091347475351,31.1091347475351,31.1091347475351,31.146149197913587,31.42789296913976,32.13938363285312,32.741385887437765,32.81620476483877,33.08721050340925,33.234095726255674,33.533036632891665,33.56030970181318,33.56030970181318,33.56030970181318,33.56030970181318,33.56030970181318,33.584812583668004,33.8939540899146,33.950329670329666,33.950329670329666,33.950329670329666,33.950329670329666,33.950329670329666,33.950329670329666,33.950329670329666,33.95218682284639,,,,,,,,,,,,,,,,,,,,,,,,,,,,,,,,33.269877344877344,33.269877344877344,32.89364511916422,32.22905716561062,32.09263060967336,31.716766693269488,31.361919977962955,31.15231204510076,31.1685256485274,31.1685256485274,31.182418266433967,31.62655616986422,31.62655616986422,31.62655616986422,31.6286731414417,31.67240208174436,31.67240208174436,31.67792417033513,32.28924542539144,32.60642471902857,32.77322605387813,32.81620476483877,32.81620476483877,32.81620476483877,32.81620476483877,32.82955589680589,33.190492000907696,33.205097964412545,33.24086611891609,33.44448862981004,33.44448862981004,33.44448862981004,33.45170327870304,33.55211286292755,33.55211286292755,33.55211286292755,33.55211286292755,33.55211286292755,33.55211286292755,33.55211286292755,33.74004411881503,33.900845782675574,33.9036054865185,,,,32.89364511916422,32.22905716561062,31.361919977962955,33.190492000907696,,,,32.741385887437765,32.192559603288274,31.8878228221357,31.896614799665155,"rgba(0, 255, 0, 1.0)",0.6994957514566693,32.99827339541247,2.218350292129904,82.99598614199883,26.008600838090942,True,False,True,False,True,20.0,33.0695,31.731025000000002,0.0,0.0,0.0,0.0,0,1.1719346049046324,0.8073569482288824,False,False,False,False,0.34282824067406537,0.34256639504682573,False,False,False,False,-1058.0,-2183.0306578363693,False,False,False,False,96.35467205508108,False,False,False,False
2025-05-12 19:00:00+00:00,34.55,34.55,34.55,34.55,0.0,,,,,,,,,,,,,,,,,,,,,33.15181192275399,32.72251464288836,32.72251464288836,32.72251464288836,32.72251464288836,32.7113292777634,32.15136768384193,31.831672827578483,31.574091145446445,31.33650484122148,31.1091347475351,31.1091347475351,31.1091347475351,31.1091347475351,31.1091347475351,31.1091347475351,31.146149197913587,31.42789296913976,32.13938363285312,32.741385887437765,32.81620476483877,33.08721050340925,33.234095726255674,33.533036632891665,33.56030970181318,33.56030970181318,33.56030970181318,33.56030970181318,33.56030970181318,33.584812583668004,33.8939540899146,33.950329670329666,33.950329670329666,33.950329670329666,33.950329670329666,33.950329670329666,33.950329670329666,33.950329670329666,33.95218682284639,,,,,,,,,,,,,,,,,,,,,,,,,,,,,,,,33.269877344877344,33.269877344877344,32.89364511916422,32.22905716561062,32.09263060967336,31.716766693269488,31.361919977962955,31.15231204510076,31.1685256485274,31.1685256485274,31.182418266433967,31.62655616986422,31.62655616986422,31.62655616986422,31.6286731414417,31.67240208174436,31.67240208174436,31.67792417033513,32.28924542539144,32.60642471902857,32.77322605387813,32.81620476483877,32.81620476483877,32.81620476483877,32.81620476483877,32.82955589680589,33.190492000907696,33.205097964412545,33.24086611891609,33.44448862981004,33.44448862981004,33.44448862981004,33.45170327870304,33.55211286292755,33.55211286292755,33.55211286292755,33.55211286292755,33.55211286292755,33.55211286292755,33.55211286292755,33.74004411881503,33.900845782675574,33.9036054865185,,,,32.89364511916422,32.22905716561062,31.361919977962955,33.190492000907696,,,,32.741385887437765,32.192559603288274,31.8878228221357,31.896614799665155,"rgba(0, 255, 0, 1.0)",0.7239887510944775,32.99827339541247,2.1433020916992604,84.18199592349657,27.300034556757367,True,False,True,False,True,20.0,33.1154,31.732875,0.0,0.0,0.0,0.0,0,1.2015284460798192,0.8157373337107269,False,False,False,False,0.34282824067406537,0.34269731786044555,False,False,False,False,-1058.0,-2165.5883220559604,False,False,False,False,94.86080117050618,False,False,False,False
2025-05-13 14:00:00+00:00,34.55,34.695,34.55,34.695,100.0,,,,,,,,,,,,,,,,,,,,,33.188540540540544,32.747419535766674,32.747419535766674,32.747419535766674,32.747419535766674,32.736058863617,32.1760858510814,31.855125246466162,31.596746915400878,31.358767009662163,31.130147708147707,31.130147708147707,31.130147708147707,31.130147708147707,31.130147708147707,31.130147708147707,31.166698170433417,31.445006823337582,32.14865887343396,32.74733449894368,32.821826576576576,33.091722165967504,33.23805195350791,33.53592243240909,33.56310311133968,33.56310311133968,33.56310311133968,33.56310311133968,33.56310311133968,33.58752187890695,33.89554443974928,33.95175172395014,33.95175172395014,33.95175172395014,33.95175172395014,33.95175172395014,33.95175172395014,33.95175172395014,33.95360360819835,,,,,,,,,,,,,,,,,,,,,,,,,,,,,,,,33.327005532503456,33.327005532503456,32.92180158475211,32.25391179191941,32.11714857124573,31.739964634468198,31.384385928915037,31.174225720138804,31.188759162303658,31.188759162303658,31.20245440524387,31.640760433323923,31.640760433323923,31.640760433323923,31.64280100177886,31.685686572275074,31.685686572275074,31.691066595835736,32.29755439635322,32.612992585200466,32.77903355136036,32.821826576576576,32.821826576576576,32.821826576576576,32.821826576576576,32.835119616248214,33.19461084082895,33.209160208902794,33.24479721857144,33.44768005521782,33.44768005521782,33.44768005521782,33.45486899621162,33.55493460513879,33.55493460513879,33.55493460513879,33.55493460513879,33.55493460513879,33.55493460513879,33.55493460513879,33.742199152206645,33.90241398403387,33.90516460689482,,,,32.92180158475211,32.25391179191941,31.384385928915037,33.19461084082895,,,,32.74733449894368,32.22033736412882,31.909479359243495,31.91817455249938,"rgba(0, 255, 0, 1.0)",0.7557327033538731,33.038133325494215,2.192397744801517,85.58386913486783,28.904470221449017,True,False,True,False,True,20.0,33.1691,31.73545,0.0,0.0,0.0,0.0,0,1.1689742865216166,0.8078553263633789,False,False,False,False,0.34282824085644464,0.3427627793584451,False,False,False,False,-958.0,-2146.866022489201,False,False,False,False,94.94047867173865,False,False,False,False
2025-05-13 15:00:00+00:00,34.695,34.695,34.695,34.695,0.0,,,,,,,,,,,,,,,,,,,,,33.188540540540544,32.747419535766674,32.747419535766674,32.747419535766674,32.747419535766674,32.736058863617,32.1760858510814,31.855125246466162,31.596746915400878,31.358767009662163,31.130147708147707,31.130147708147707,31.130147708147707,31.130147708147707,31.130147708147707,31.130147708147707,31.166698170433417,31.445006823337582,32.14865887343396,32.74733449894368,32.821826576576576,33.091722165967504,33.23805195350791,33.53592243240909,33.56310311133968,33.56310311133968,33.56310311133968,33.56310311133968,33.56310311133968,33.58752187890695,33.89554443974928,33.95175172395014,33.95175172395014,33.95175172395014,33.95175172395014,33.95175172395014,33.95175172395014,33.95175172395014,33.95360360819835,,,,,,,,,,,,,,,,,,,,,,,,,,,,,,,,33.327005532503456,33.327005532503456,32.92180158475211,32.25391179191941,32.11714857124573,31.739964634468198,31.384385928915037,31.174225720138804,31.188759162303658,31.188759162303658,31.20245440524387,31.640760433323923,31.640760433323923,31.640760433323923,31.64280100177886,31.685686572275074,31.685686572275074,31.691066595835736,32.29755439635322,32.612992585200466,32.77903355136036,32.821826576576576,32.821826576576576,32.821826576576576,32.821826576576576,32.835119616248214,33.19461084082895,33.209160208902794,33.24479721857144,33.44768005521782,33.44768005521782,33.44768005521782,33.45486899621162,33.55493460513879,33.55493460513879,33.55493460513879,33.55493460513879,33.55493460513879,33.55493460513879,33.55493460513879,33.742199152206645,33.90241398403387,33.90516460689482,,,,32.92180158475211,32.25391179191941,31.384385928915037,33.19461084082895,,,,32.74733449894368,32.22033736412882,31.909479359243495,31.91817455249938,"rgba(0, 255, 0, 1.0)",0.781822339902622,33.038133325494215,2.1192368009235354,86.51845127578198,30.142410074933565,True,False,True,False,True,20.0,33.2186,31.738024999999997,0.0,0.0,0.0,0.0,0,1.2181286549707606,0.7944444444444438,False,False,False,False,0.3428282410340462,0.34279551019624566,False,False,False,False,-958.0,-2128.433991132779,False,False,False,False,93.46853326597525,False,False,False,False
2025-05-13 16:00:00+00:00,34.695,34.695,34.695,34.695,0.0,,,,,,,,,,,,,,,,,,,,,33.188540540540544,32.747419535766674,32.747419535766674,32.747419535766674,32.747419535766674,32.736058863617,32.1760858510814,31.855125246466162,31.596746915400878,31.358767009662163,31.130147708147707,31.130147708147707,31.130147708147707,31.130147708147707,31.130147708147707,31.130147708147707,31.166698170433417,31.445006823337582,32.14865887343396,32.74733449894368,32.821826576576576,33.091722165967504,33.23805195350791,33.53592243240909,33.56310311133968,33.56310311133968,33.56310311133968,33.56310311133968,33.56310311133968,33.58752187890695,33.89554443974928,33.95175172395014,33.95175172395014,33.95175172395014,33.95175172395014,33.95175172395014,33.95175172395014,33.95175172395014,33.95360360819835,,,,,,,,,,,,,,,,,,,,,,,,,,,,,,,,33.327005532503456,33.327005532503456,32.92180158475211,32.25391179191941,32.11714857124573,31.739964634468198,31.384385928915037,31.174225720138804,31.188759162303658,31.188759162303658,31.20245440524387,31.640760433323923,31.640760433323923,31.640760433323923,31.64280100177886,31.685686572275074,31.685686572275074,31.691066595835736,32.29755439635322,32.612992585200466,32.77903355136036,32.821826576576576,32.821826576576576,32.821826576576576,32.821826576576576,32.835119616248214,33.19461084082895,33.209160208902794,33.24479721857144,33.44768005521782,33.44768005521782,33.44768005521782,33.45486899621162,33.55493460513879,33.55493460513879,33.55493460513879,33.55493460513879,33.55493460513879,33.55493460513879,33.55493460513879,33.742199152206645,33.90241398403387,33.90516460689482,,,,32.92180158475211,32.25391179191941,31.384385928915037,33.19461084082895,,,,32.74733449894368,32.22033736412882,31.909479359243495,31.91817455249938,"rgba(0, 255, 0, 1.0)",0.8077064514483938,33.038133325494215,2.0513228185000405,87.14150603639143,31.152349943561063,True,False,True,False,True,20.0,33.2681,31.740825,0.0,0.0,0.0,0.0,0,1.215789473684211,0.7619883040935667,False,False,False,False,0.3428282410340462,0.3428118756151459,False,False,False,False,-958.0,-2110.2877277043635,False,False,False,False,92.01940871921595,False,False,False,False
2025-05-13 17:00:00+00:00,34.695,34.695,34.56,34.56,5.0,,,,,,,,,,,,,,,,,,,,,33.19027852760736,32.7486209201052,32.7486209201052,32.7486209201052,32.7486209201052,32.737252160217935,32.177288283828396,31.856270264268268,31.597855580943964,31.359858253776167,31.131179433887567,31.131179433887567,31.131179433887567,31.131179433887567,31.131179433887567,31.131179433887567,31.16770706181533,31.4458466663123,32.149113128922096,32.747624451104045,32.82210036337581,33.091941037508434,33.2382433492019,33.53606093189964,33.56323704846381,33.56323704846381,33.56323704846381,33.56323704846381,33.56323704846381,33.58765166590132,33.89561937959931,33.95181842004955,33.95181842004955,33.95181842004955,33.95181842004955,33.95181842004955,33.95181842004955,33.95181842004955,33.95367004603281,,,,,,,,,,,,,,,,,,,,,,,,,,,,,,,,33.329651483781916,33.329651483781916,32.92315224950516,32.255119708179215,32.118342128830044,31.741098403904502,31.3854869182734,31.175301130545634,31.18975254434428,31.18975254434428,31.20343808422472,31.641457343928778,31.641457343928778,31.641457343928778,31.643494173257828,31.686338379327797,31.686338379327797,31.69171144256588,32.29796096604058,32.61331316317445,32.77931652409291,32.82210036337581,32.82210036337581,32.82210036337581,32.82210036337581,32.83539053012908,33.194810279325395,33.209356850370035,33.244987371619224,33.44783365185539,33.44783365185539,33.44783365185539,33.4550213233736,33.555069940284405,33.555069940284405,33.555069940284405,33.555069940284405,33.555069940284405,33.555069940284405,33.555069940284405,33.74230168350169,33.90248784094413,33.90523802030883,,,,32.92315224950516,32.255119708179215,31.3854869182734,33.194810279325395,,,,32.747624451104045,32.221672456282,31.9105327331271,31.91921376075978,"rgba(0, 255, 255, 0.75)",0.8229763441695718,33.03999209905083,1.8469642678283125,83.04622908105254,31.152349943561063,True,False,True,False,False,20.0,33.3101,31.74295,0.0,0.0,0.0,0.0,0,1.2062663185378595,0.7638526254714237,False,False,False,False,0.3338224307337256,0.3383171531744358,False,False,False,False,-963.0,-2092.500321073288,False,False,False,False,90.67027059953817,False,False,False,False
2025-05-13 18:00:00+00:00,34.56,34.56,34.475,34.475,100.0,,,,,,,,,,,,,,,,,,,,,33.221728942115774,32.77102817860639,32.77102817860639,32.77102817860639,32.77102817860639,32.759520237044505,32.20009264705884,31.878132364277064,31.61911465574011,31.380851141979434,31.151085891381346,31.151085891381346,31.151085891381346,31.151085891381346,31.151085891381346,31.151085891381346,31.187168125243094,31.462012724933466,32.15778844382209,32.753088162071336,32.827247257513136,33.096011970002884,33.24177613329609,33.53856066675281,33.565647860836854,33.565647860836854,33.565647860836854,33.565647860836854,33.565647860836854,33.58998176327888,33.896900530550575,33.95294230925985,33.95294230925985,33.95294230925985,33.95294230925985,33.95294230925985,33.95294230925985,33.95294230925985,33.95478899904322,,,,,,,,,,,,,,,,,,,,,,,,,,,,,,,,33.376318754141806,33.376318754141806,32.94811167272153,32.27798599810145,32.14100883862384,31.762788509357417,31.406659310063837,31.196035241833325,31.208911727859686,31.208911727859686,31.222408450704222,31.65485125037051,31.65485125037051,31.65485125037051,31.656816198506238,31.69886169645239,31.69886169645239,31.70410071678271,32.305705364563224,32.619376945041566,32.784643482470244,32.827247257513136,32.827247257513136,32.827247257513136,32.827247257513136,32.84048115367007,33.198500521729315,33.21299243275642,33.24849583635383,33.4506279010254,33.4506279010254,33.4506279010254,33.457790825671914,33.55750794875091,33.55750794875091,33.55750794875091,33.55750794875091,33.55750794875091,33.55750794875091,33.55750794875091,33.74410614503063,33.90374842648539,33.9064902088044,,,,32.94811167272153,32.27798599810145,31.406659310063837,33.198500521729315,,,,32.753088162071336,32.24654757821945,31.930506275349973,31.938686767715932,"rgba(0, 255, 255, 0.75)",0.8346508251955757,33.073159370540615,1.6795533978306512,77.87488594221165,34.0173780775155,True,False,True,False,False,20.0,33.3504,31.744649999999996,0.0,0.0,0.0,0.0,0,1.200346420323326,0.7728060046189369,False,False,False,False,0.31925670668452755,0.32878692992948166,False,False,False,False,-1063.0,-2076.5390757853297,False,False,False,False,90.81491756698719,False,False,False,False
2025-05-13 19:00:00+00:00,34.475,34.475,34.475,34.475,0.0,,,,,,,,,,,,,,,,,,,,,33.221728942115774,32.77102817860639,32.77102817860639,32.77102817860639,32.77102817860639,32.759520237044505,32.20009264705884,31.878132364277064,31.61911465574011,31.380851141979434,31.151085891381346,31.151085891381346,31.151085891381346,31.151085891381346,31.151085891381346,31.151085891381346,31.187168125243094,31.462012724933466,32.15778844382209,32.753088162071336,32.827247257513136,33.096011970002884,33.24177613329609,33.53856066675281,33.565647860836854,33.565647860836854,33.565647860836854,33.565647860836854,33.565647860836854,33.58998176327888,33.896900530550575,33.95294230925985,33.95294230925985,33.95294230925985,33.95294230925985,33.95294230925985,33.95294230925985,33.95294230925985,33.95478899904322,,,,,,,,,,,,,,,,,,,,,,,,,,,,,,,,33.376318754141806,33.376318754141806,32.94811167272153,32.27798599810145,32.14100883862384,31.762788509357417,31.406659310063837,31.196035241833325,31.208911727859686,31.208911727859686,31.222408450704222,31.65485125037051,31.65485125037051,31.65485125037051,31.656816198506238,31.69886169645239,31.69886169645239,31.70410071678271,32.305705364563224,32.619376945041566,32.784643482470244,32.827247257513136,32.827247257513136,32.827247257513136,32.827247257513136,32.84048115367007,33.198500521729315,33.21299243275642,33.24849583635383,33.4506279010254,33.4506279010254,33.4506279010254,33.457790825671914,33.55750794875091,33.55750794875091,33.55750794875091,33.55750794875091,33.55750794875091,33.55750794875091,33.55750794875091,33.74410614503063,33.90374842648539,33.9064902088044,,,,32.94811167272153,32.27798599810145,31.406659310063837,33.198500521729315,,,,32.753088162071336,32.24654757821945,31.930506275349973,31.938686767715932,"rgba(0, 255, 255, 0.75)",0.8447511601188737,33.073159370540615,1.6594716830718745,74.42732384965106,30.81670038706079,True,False,True,False,False,20.0,33.390699999999995,31.746349999999996,0.0,0.0,0.0,0.0,0,1.200346420323326,0.7777136258660501,False,False,False,False,0.3124401419905158,0.32061353595999875,False,False,False,False,-1063.0,-2060.825291664627,False,False,False,False,89.40693434889437,False,False,False,False
2025-05-14 14:00:00+00:00,34.92,34.92,34.91,34.91,100.0,,,,,,,,,,,,,,,,,,,,,33.26129863547759,32.798039969739,32.798039969739,32.798039969739,32.798039969739,32.78633897812642,32.226434789644024,31.902994757536042,31.643043025592604,31.40428541417894,31.173164808294214,31.173164808294214,31.173164808294214,31.173164808294214,31.173164808294214,31.173164808294214,31.208781612529002,31.480165150160417,32.16790536157923,32.75978992161487,32.833614069891645,33.101238663598885,33.246430984869576,33.542104351935386,33.569095067570444,33.569095067570444,33.569095067570444,33.569095067570444,33.569095067570444,33.59334069411307,33.89903881350583,33.95489543507144,33.95489543507144,33.95489543507144,33.95489543507144,33.95489543507144,33.95489543507144,33.95489543507144,33.95673634953849,,,,,,,,,,,,,,,,,,,,,,,,,,,,,,,,33.435095602294446,33.435095602294446,32.97867024309335,32.30451990200028,32.16710867382163,31.78733502142579,31.430311502315757,31.219051142344128,31.23020762671266,31.23020762671266,31.243505477755548,31.670030279032936,31.670030279032936,31.670030279032936,31.671915735460043,31.713088799386274,31.713088799386274,31.718180003509705,32.31483028309481,32.62671314507448,32.791200560621,32.833614069891645,32.833614069891645,32.833614069891645,32.833614069891645,32.84678832598001,33.203323021832254,33.21775635996862,33.25312475671467,33.45448993152734,33.45448993152734,33.45448993152734,33.46162604517988,33.56098486985511,33.56098486985511,33.56098486985511,33.56098486985511,33.56098486985511,33.56098486985511,33.56098486985511,33.74687191011236,33.90586212070457,33.90859375870522,,,,32.97867024309335,32.30451990200028,31.430311502315757,33.203323021832254,,,,32.75978992161487,32.2760036392845,31.953609318758016,31.961450801189056,"rgba(0, 255, 0, 1.0)",0.8671766240489671,33.11451460048876,2.070495617291743,76.32686102620634,30.81670038706079,True,False,True,False,False,20.0,33.4409,31.750225,0.0,0.0,0.0,0.0,0,1.2004042737510834,0.8030609298296265,False,False,False,False,0.3428282404670398,0.3317208882135193,False,False,False,False,-963.0,-2043.8047445070358,False,False,False,False,89.5711679248805,False,False,False,False
2025-05-14 15:00:00+00:00,34.91,34.91,34.9,34.9,167.0,,,,,,,,,,,,,,,,,,,,,33.323032042623446,32.84145612085289,32.84145612085289,32.84145612085289,32.84145612085289,32.82946389363259,32.269144453998294,31.943484175084176,31.682117841251618,31.442625483892137,31.209367408612778,31.209367408612778,31.209367408612778,31.209367408612778,31.209367408612778,31.209367408612778,31.244226556366215,31.509970629127565,32.184575062034746,32.77083809141694,32.8441097311632,33.10985273492285,33.2541007659543,33.54793888917406,33.57477021887151,33.57477021887151,33.57477021887151,33.57477021887151,33.57477021887151,33.598870045073504,33.90255474962615,33.95810565678266,33.95810565678266,33.95810565678266,33.95810565678266,33.95810565678266,33.95810565678266,33.95810565678266,33.95993703178781,,,,,,,,,,,,,,,,,,,,,,,,,,,,,,,,33.52323208722741,33.52323208722741,33.02738481357987,32.347494636432664,32.20946195198814,31.827357457827002,31.468995864736883,31.256756444825758,31.26513599438181,31.26513599438181,31.27811034990375,31.69498921450803,31.69498921450803,31.69498921450803,31.696745345234817,31.736495979965735,31.736495979965735,31.741346268310043,32.32986924807497,32.638807418246614,32.80201010286742,32.8441097311632,32.8441097311632,32.8441097311632,32.8441097311632,32.85718560789537,33.211269663550354,33.22560630989896,33.26075171357669,33.46085035444214,33.46085035444214,33.46085035444214,33.46794218980911,33.56670909725414,33.56670909725414,33.56670909725414,33.56670909725414,33.56670909725414,33.56670909725414,33.56670909725414,33.75142233322338,33.90933748513488,33.91205238977605,,,,33.02738481357987,32.347494636432664,31.468995864736883,33.211269663550354,,,,32.77083809141694,32.32291712674823,31.9910753582258,31.997851278291723,"rgba(0, 255, 255, 0.75)",0.885650155647178,33.17756175377292,1.944829157703278,77.32795294001824,30.81670038706079,True,False,True,False,True,20.0,33.490899999999996,31.754050000000003,0.0,0.0,0.0,0.0,0,1.1775456919060059,0.8050478677110523,False,False,False,False,0.3413666388452197,0.33654376352936954,False,False,False,False,-1130.0,-2029.637229088322,False,False,False,False,90.77161493379707,False,False,False,False
2025-05-14 16:00:00+00:00,34.9,35.13,34.9,35.06,283.0,,,,,,,,,,,,,,,,,,,,35.03,33.42526948853616,32.915356361611586,32.915356361611586,32.915356361611586,32.915356361611586,32.90289293715364,32.34182558139536,32.012490651498396,31.748759935288742,31.5080227389848,31.271187821612354,31.271187821612354,31.271187821612354,31.271187821612354,31.271187821612354,31.271187821612354,31.30479037120784,31.561153299422838,32.21365929858779,32.79039943091422,32.862734055898436,33.12528151618398,33.267923083975056,33.558626194419666,33.585184431238666,33.585184431238666,33.585184431238666,33.585184431238666,33.585184431238666,33.60903391219969,33.909204056823306,33.96421879408326,33.96421879408326,33.96421879408326,33.96421879408326,33.96421879408326,33.96421879408326,33.96421879408326,33.96603345882068,,,,,,,,,,,,,,,,,,,,,,,,,,,,,,,,33.66235617183251,33.66235617183251,33.10974785641622,32.420616291016515,32.28155482297689,31.89558085560156,31.534966286986126,31.32107955344056,31.324842159335017,31.324842159335017,31.337279186402895,31.738052044835822,31.738052044835822,31.738052044835822,31.73959001377724,31.77694302204479,31.77694302204479,31.7813862358745,32.35619429037334,32.66014187080301,32.82116672743109,32.862734055898436,32.862734055898436,32.862734055898436,32.862734055898436,32.875642953624485,33.22556333138937,33.239735118882926,33.27450108926479,33.47243759350103,33.47243759350103,33.47243759350103,33.47945363088728,33.577207546372584,33.577207546372584,33.577207546372584,33.577207546372584,33.577207546372584,33.577207546372584,33.577207546372584,33.75989132046031,33.91591539801717,33.91860078514164,,,,33.10974785641622,32.420616291016515,31.534966286986126,33.22556333138937,,,,32.79039943091422,32.58950663055093,32.16687083390979,32.05902880523005,"rgba(0, 255, 255, 0.75)",0.9070533522254702,33.412323108466644,1.8165159607103107,79.04028102139769,30.81670038706079,True,False,True,False,True,20.0,33.5441,31.759325,0.0,0.0,0.0,0.0,0,1.1834087481146311,0.8340874811463035,False,False,False,False,0.3428282400754598,0.3396860018024147,False,False,False,False,-847.0,-2011.301768172224,False,False,False,False,93.75189997358315,False,False,False,False
2025-05-14 17:00:00+00:00,35.06,35.06,35.01,35.01,13.0,,,,,,,,,,,,,,,,,,,,35.0298536036036,33.42966336006754,32.91862620125487,32.91862620125487,32.91862620125487,32.91862620125487,32.906143356094496,32.34506844436187,32.01558308999553,31.751754509252756,31.510966831863726,31.27397712773049,31.27397712773049,31.27397712773049,31.27397712773049,31.27397712773049,31.27397712773049,31.307523489427407,31.563466488669818,32.21497948255115,32.79128854838875,32.86358066490108,33.1259830745797,33.26855167294421,33.559112325301,33.585658147530204,33.585658147530204,33.585658147530204,33.585658147530204,33.585658147530204,33.60949624946689,33.90950671555759,33.96449706188509,33.96449706188509,33.96449706188509,33.96449706188509,33.96449706188509,33.96449706188509,33.96449706188509,33.96631096620107,,,,,,,,,,,,,,,,,,,,,,,,,,,,,,,,33.66811836690491,33.66811836690491,33.113362585823424,32.42387542087543,32.284774169297854,31.898641775705624,31.537935225761448,31.323979073873442,31.327536958226005,31.327536958226005,31.339949975869622,31.740001519987842,31.740001519987842,31.740001519987842,31.74152973218339,31.778775281548633,31.778775281548633,31.78320025512033,32.35738974977044,32.66111139123495,32.822037486966124,32.86358066490108,32.86358066490108,32.86358066490108,32.86358066490108,32.87648198711793,33.22621333259304,33.24037763333794,33.27512636452642,33.47296462947022,33.47296462947022,33.47296462947022,33.47997722243915,33.57768509132073,33.57768509132073,33.57768509132073,33.57768509132073,33.57768509132073,33.57768509132073,33.57768509132073,33.76027664685604,33.91621481051416,33.91889885571213,,,,33.113362585823424,32.42387542087543,31.537935225761448,33.22621333259304,,,,32.79128854838875,32.59281600565683,32.16966851136452,32.061730756441925,"rgba(0, 255, 255, 0.75)",0.9247212874478153,33.41642144061304,1.723306882861054,78.79039668017558,30.81670038706079,True,False,True,False,True,20.0,33.585300000000004,31.76605,0.0,0.0,0.0,0.0,0,1.15996371333535,0.8279407317810694,False,False,False,False,0.34282824013077295,0.34125712096659383,False,False,False,False,-860.0,-1993.4521283556003,False,False,False,False,92.49993253213225,False,False,False,False
2025-05-14 18:00:00+00:00,35.01,35.01,35.01,35.01,0.0,,,,,,,,,,,,,,,,,,,,35.0298536036036,33.42966336006754,32.91862620125487,32.91862620125487,32.91862620125487,32.91862620125487,32.906143356094496,32.34506844436187,32.01558308999553,31.751754509252756,31.510966831863726,31.27397712773049,31.27397712773049,31.27397712773049,31.27397712773049,31.27397712773049,31.27397712773049,31.307523489427407,31.563466488669818,32.21497948255115,32.79128854838875,32.86358066490108,33.1259830745797,33.26855167294421,33.559112325301,33.585658147530204,33.585658147530204,33.585658147530204,33.585658147530204,33.585658147530204,33.60949624946689,33.90950671555759,33.96449706188509,33.96449706188509,33.96449706188509,33.96449706188509,33.96449706188509,33.96449706188509,33.96449706188509,33.96631096620107,,,,,,,,,,,,,,,,,,,,,,,,,,,,,,,,33.66811836690491,33.66811836690491,33.113362585823424,32.42387542087543,32.284774169297854,31.898641775705624,31.537935225761448,31.323979073873442,31.327536958226005,31.327536958226005,31.339949975869622,31.740001519987842,31.740001519987842,31.740001519987842,31.74152973218339,31.778775281548633,31.778775281548633,31.78320025512033,32.35738974977044,32.66111139123495,32.822037486966124,32.86358066490108,32.86358066490108,32.86358066490108,32.86358066490108,32.87648198711793,33.22621333259304,33.24037763333794,33.27512636452642,33.47296462947022,33.47296462947022,33.47296462947022,33.47997722243915,33.57768509132073,33.57768509132073,33.57768509132073,33.57768509132073,33.57768509132073,33.57768509132073,33.57768509132073,33.76027664685604,33.91621481051416,33.91889885571213,,,,33.113362585823424,32.42387542087543,31.537935225761448,33.22621333259304,,,,32.79128854838875,32.59281600565683,32.16966851136452,32.061730756441925,"rgba(0, 255, 255, 0.75)",0.9404692235049757,33.41642144061304,1.694450514231553,78.62380711936083,30.81670038706079,True,False,True,False,True,20.0,33.6265,31.773450000000004,0.0,0.0,0.0,0.0,0,1.1548231025098283,0.8306622316298753,False,False,False,False,0.3392612733670143,0.3402591971668041,False,False,False,False,-860.0,-1975.8792271407847,False,False,False,False,91.06582505101392,False,False,False,False
2025-05-14 19:00:00+00:00,35.01,35.01,35.01,35.01,0.0,,,,,,,,,,,,,,,,,,,,35.0298536036036,33.42966336006754,32.91862620125487,32.91862620125487,32.91862620125487,32.91862620125487,32.906143356094496,32.34506844436187,32.01558308999553,31.751754509252756,31.510966831863726,31.27397712773049,31.27397712773049,31.27397712773049,31.27397712773049,31.27397712773049,31.27397712773049,31.307523489427407,31.563466488669818,32.21497948255115,32.79128854838875,32.86358066490108,33.1259830745797,33.26855167294421,33.559112325301,33.585658147530204,33.585658147530204,33.585658147530204,33.585658147530204,33.585658147530204,33.60949624946689,33.90950671555759,33.96449706188509,33.96449706188509,33.96449706188509,33.96449706188509,33.96449706188509,33.96449706188509,33.96449706188509,33.96631096620107,,,,,,,,,,,,,,,,,,,,,,,,,,,,,,,,33.66811836690491,33.66811836690491,33.113362585823424,32.42387542087543,32.284774169297854,31.898641775705624,31.537935225761448,31.323979073873442,31.327536958226005,31.327536958226005,31.339949975869622,31.740001519987842,31.740001519987842,31.740001519987842,31.74152973218339,31.778775281548633,31.778775281548633,31.78320025512033,32.35738974977044,32.66111139123495,32.822037486966124,32.86358066490108,32.86358066490108,32.86358066490108,32.86358066490108,32.87648198711793,33.22621333259304,33.24037763333794,33.27512636452642,33.47296462947022,33.47296462947022,33.47296462947022,33.47997722243915,33.57768509132073,33.57768509132073,33.57768509132073,33.57768509132073,33.57768509132073,33.57768509132073,33.57768509132073,33.76027664685604,33.91621481051416,33.91889885571213,,,,33.113362585823424,32.42387542087543,31.537935225761448,33.22621333259304,,,,32.79128854838875,32.59281600565683,32.16966851136452,32.061730756441925,"rgba(0, 255, 255, 0.75)",0.9535397401449686,33.41642144061304,1.6712240636606088,78.512747412151,30.81670038706079,True,False,True,False,True,20.0,33.667699999999996,31.78125,0.0,0.0,0.0,0.0,0,1.1614963503649642,0.8296836982968362,False,False,False,False,0.3392612733670143,0.3397602352669092,False,False,False,False,-860.0,-1958.578774006819,False,False,False,False,89.65395179440905,False,False,False,False
2025-05-15 14:00:00+00:00,35.09,35.09,35.09,35.09,0.0,,,,,,,,,,,,,,,,,,,,35.0298536036036,33.42966336006754,32.91862620125487,32.91862620125487,32.91862620125487,32.91862620125487,32.906143356094496,32.34506844436187,32.01558308999553,31.751754509252756,31.510966831863726,31.27397712773049,31.27397712773049,31.27397712773049,31.27397712773049,31.27397712773049,31.27397712773049,31.307523489427407,31.563466488669818,32.21497948255115,32.79128854838875,32.86358066490108,33.1259830745797,33.26855167294421,33.559112325301,33.585658147530204,33.585658147530204,33.585658147530204,33.585658147530204,33.585658147530204,33.60949624946689,33.90950671555759,33.96449706188509,33.96449706188509,33.96449706188509,33.96449706188509,33.96449706188509,33.96449706188509,33.96449706188509,33.96631096620107,,,,,,,,,,,,,,,,,,,,,,,,,,,,,,,,33.66811836690491,33.66811836690491,33.113362585823424,32.42387542087543,32.284774169297854,31.898641775705624,31.537935225761448,31.323979073873442,31.327536958226005,31.327536958226005,31.339949975869622,31.740001519987842,31.740001519987842,31.740001519987842,31.74152973218339,31.778775281548633,31.778775281548633,31.78320025512033,32.35738974977044,32.66111139123495,32.822037486966124,32.86358066490108,32.86358066490108,32.86358066490108,32.86358066490108,32.87648198711793,33.22621333259304,33.24037763333794,33.27512636452642,33.47296462947022,33.47296462947022,33.47296462947022,33.47997722243915,33.57768509132073,33.57768509132073,33.57768509132073,33.57768509132073,33.57768509132073,33.57768509132073,33.57768509132073,33.76027664685604,33.91621481051416,33.91889885571213,,,,33.113362585823424,32.42387542087543,31.537935225761448,33.22621333259304,,,,32.79128854838875,32.59281600565683,32.16966851136452,32.061730756441925,"rgba(0, 255, 255, 0.75)",0.9646337212724431,33.41642144061304,1.734936818484173,79.18691254039264,30.81670038706079,True,False,True,False,True,20.0,33.710499999999996,31.7885,0.0,0.0,0.0,0.0,0,1.166717371463341,0.8238515363553384,False,False,False,False,0.34282824028070685,0.341294237773808,False,False,False,False,-860.0,-1941.5465449524495,False,False,False,False,88.26396804565853,False,False,False,False
2025-05-15 15:00:00+00:00,35.09,35.09,34.73,34.73,100.0,,,,,,,,,,,,,,,,,,,,34.984436026936024,33.45902128978918,32.94136429636607,32.94136429636607,32.94136429636607,32.94136429636607,32.92876212085952,32.36812774248981,32.03777725576175,31.77337520353571,31.532320244718726,31.294291976746393,31.294291976746393,31.294291976746393,31.294291976746393,31.294291976746393,31.294291976746393,31.32742168922841,31.58025507424057,32.224457973621114,32.7975656818205,32.86954087654024,33.13086241379635,33.27288761549639,33.562392186256076,33.588846260527504,33.588846260527504,33.588846260527504,33.588846260527504,33.588846260527504,33.612600535522134,33.91146208435555,33.966277504105086,33.966277504105086,33.966277504105086,33.966277504105086,33.966277504105086,33.966277504105086,33.966277504105086,33.9680859411615,,,,,,,,,,,,,,,,,,,,,,,,,,,,,,,,33.7053078456052,33.7053078456052,33.138192974930895,32.446992377322545,32.307708687229926,31.920670124894265,31.55945751294215,31.34507528618723,31.34715196569774,31.34715196569774,31.35938762136818,31.754118626115904,31.754118626115904,31.754118626115904,31.755576140985095,31.792037900706774,31.792037900706774,31.796330364915594,32.365943662777404,32.66798776912124,32.82817780401894,32.86954087654024,32.86954087654024,32.86954087654024,32.86954087654024,32.882385774400696,33.23070861709392,33.24481735852526,33.27943766140144,33.47654720711814,33.47654720711814,33.47654720711814,33.483534337271195,33.58090141901343,33.58090141901343,33.58090141901343,33.58090141901343,33.58090141901343,33.58090141901343,33.58090141901343,33.762820470921454,33.9181470330595,33.92082154583187,,,,33.138192974930895,32.446992377322545,31.55945751294215,33.23070861709392,,,,32.7975656818205,32.61361408505094,32.18735818335618,32.080733691252085,"rgba(38, 166, 154, 1.0)",0.9659973700371187,33.44069230920118,1.3346906842502817,70.41273447256602,25.39586885572578,False,False,True,False,False,20.0,33.7475,31.79395,0.0,0.0,0.0,0.0,0,1.145170965806839,0.8263347330533886,False,False,False,False,0.31759228424976077,0.3294432610117844,False,False,False,False,-960.0,-1926.3287690617137,False,False,False,False,88.44592202944676,False,False,False,False
2025-05-15 16:00:00+00:00,34.73,34.73,34.73,34.73,0.0,,,,,,,,,,,,,,,,,,,,34.984436026936024,33.45902128978918,32.94136429636607,32.94136429636607,32.94136429636607,32.94136429636607,32.92876212085952,32.36812774248981,32.03777725576175,31.77337520353571,31.532320244718726,31.294291976746393,31.294291976746393,31.294291976746393,31.294291976746393,31.294291976746393,31.294291976746393,31.32742168922841,31.58025507424057,32.224457973621114,32.7975656818205,32.86954087654024,33.13086241379635,33.27288761549639,33.562392186256076,33.588846260527504,33.588846260527504,33.588846260527504,33.588846260527504,33.588846260527504,33.612600535522134,33.91146208435555,33.966277504105086,33.966277504105086,33.966277504105086,33.966277504105086,33.966277504105086,33.966277504105086,33.966277504105086,33.9680859411615,,,,,,,,,,,,,,,,,,,,,,,,,,,,,,,,33.7053078456052,33.7053078456052,33.138192974930895,32.446992377322545,32.307708687229926,31.920670124894265,31.55945751294215,31.34507528618723,31.34715196569774,31.34715196569774,31.35938762136818,31.754118626115904,31.754118626115904,31.754118626115904,31.755576140985095,31.792037900706774,31.792037900706774,31.796330364915594,32.365943662777404,32.66798776912124,32.82817780401894,32.86954087654024,32.86954087654024,32.86954087654024,32.86954087654024,32.882385774400696,33.23070861709392,33.24481735852526,33.27943766140144,33.47654720711814,33.47654720711814,33.47654720711814,33.483534337271195,33.58090141901343,33.58090141901343,33.58090141901343,33.58090141901343,33.58090141901343,33.58090141901343,33.58090141901343,33.762820470921454,33.9181470330595,33.92082154583187,,,,33.138192974930895,32.446992377322545,31.55945751294215,33.23070861709392,,,,32.7975656818205,32.61361408505094,32.18735818335618,32.080733691252085,"rgba(38, 166, 154, 1.0)",0.9663336860487222,33.44069230920118,1.3342261678475815,64.56328242734826,20.196287476665645,False,True,True,False,False,20.0,33.7817,31.799049999999998,0.0,0.0,0.0,0.0,0,1.1490457437140262,0.8464101787337167,False,False,False,False,0.29274187453025013,0.31109256777101724,False,False,False,False,-960.0,-1911.346927680912,False,False,False,False,87.07466742433905,False,False,False,False
2025-05-15 17:00:00+00:00,34.73,34.73,34.73,34.73,0.0,,,,,,,,,,,,,,,,,,,,34.984436026936024,33.45902128978918,32.94136429636607,32.94136429636607,32.94136429636607,32.94136429636607,32.92876212085952,32.36812774248981,32.03777725576175,31.77337520353571,31.532320244718726,31.294291976746393,31.294291976746393,31.294291976746393,31.294291976746393,31.294291976746393,31.294291976746393,31.32742168922841,31.58025507424057,32.224457973621114,32.7975656818205,32.86954087654024,33.13086241379635,33.27288761549639,33.562392186256076,33.588846260527504,33.588846260527504,33.588846260527504,33.588846260527504,33.588846260527504,33.612600535522134,33.91146208435555,33.966277504105086,33.966277504105086,33.966277504105086,33.966277504105086,33.966277504105086,33.966277504105086,33.966277504105086,33.9680859411615,,,,,,,,,,,,,,,,,,,,,,,,,,,,,,,,33.7053078456052,33.7053078456052,33.138192974930895,32.446992377322545,32.307708687229926,31.920670124894265,31.55945751294215,31.34507528618723,31.34715196569774,31.34715196569774,31.35938762136818,31.754118626115904,31.754118626115904,31.754118626115904,31.755576140985095,31.792037900706774,31.792037900706774,31.796330364915594,32.365943662777404,32.66798776912124,32.82817780401894,32.86954087654024,32.86954087654024,32.86954087654024,32.86954087654024,32.882385774400696,33.23070861709392,33.24481735852526,33.27943766140144,33.47654720711814,33.47654720711814,33.47654720711814,33.483534337271195,33.58090141901343,33.58090141901343,33.58090141901343,33.58090141901343,33.58090141901343,33.58090141901343,33.58090141901343,33.762820470921454,33.9181470330595,33.92082154583187,,,,33.138192974930895,32.446992377322545,31.55945751294215,33.23070861709392,,,,32.7975656818205,32.61361408505094,32.18735818335618,32.080733691252085,"rgba(38, 166, 154, 1.0)",0.9672435386513505,33.44069230920118,1.3329711073557808,60.663647730536425,16.87721327390318,False,True,True,False,False,20.0,33.815799999999996,31.80415,0.0,0.0,0.0,0.0,0,1.1490457437140262,0.8364132081187515,False,False,False,False,0.29274187453025013,0.3019172211506337,False,False,False,False,-960.0,-1896.5973629106652,False,False,False,False,85.72467258055084,False,False,False,False
2025-05-15 18:00:00+00:00,34.73,34.73,34.73,34.73,0.0,,,,,,,,,,,,,,,,,,,,34.984436026936024,33.45902128978918,32.94136429636607,32.94136429636607,32.94136429636607,32.94136429636607,32.92876212085952,32.36812774248981,32.03777725576175,31.77337520353571,31.532320244718726,31.294291976746393,31.294291976746393,31.294291976746393,31.294291976746393,31.294291976746393,31.294291976746393,31.32742168922841,31.58025507424057,32.224457973621114,32.7975656818205,32.86954087654024,33.13086241379635,33.27288761549639,33.562392186256076,33.588846260527504,33.588846260527504,33.588846260527504,33.588846260527504,33.588846260527504,33.612600535522134,33.91146208435555,33.966277504105086,33.966277504105086,33.966277504105086,33.966277504105086,33.966277504105086,33.966277504105086,33.966277504105086,33.9680859411615,,,,,,,,,,,,,,,,,,,,,,,,,,,,,,,,33.7053078456052,33.7053078456052,33.138192974930895,32.446992377322545,32.307708687229926,31.920670124894265,31.55945751294215,31.34507528618723,31.34715196569774,31.34715196569774,31.35938762136818,31.754118626115904,31.754118626115904,31.754118626115904,31.755576140985095,31.792037900706774,31.792037900706774,31.796330364915594,32.365943662777404,32.66798776912124,32.82817780401894,32.86954087654024,32.86954087654024,32.86954087654024,32.86954087654024,32.882385774400696,33.23070861709392,33.24481735852526,33.27943766140144,33.47654720711814,33.47654720711814,33.47654720711814,33.483534337271195,33.58090141901343,33.58090141901343,33.58090141901343,33.58090141901343,33.58090141901343,33.58090141901343,33.58090141901343,33.762820470921454,33.9181470330595,33.92082154583187,,,,33.138192974930895,32.446992377322545,31.55945751294215,33.23070861709392,,,,32.7975656818205,32.61361408505094,32.18735818335618,32.080733691252085,"rgba(38, 166, 154, 1.0)",0.9648366103566004,33.44069230920118,1.3362964018563628,58.063891265995196,14.660448550272989,False,True,True,False,False,20.0,33.849900000000005,31.80925,0.0,0.0,0.0,0.0,0,1.1490457437140262,0.8364132081187515,False,False,False,False,0.29274187453025013,0.2973295478404419,False,False,False,False,-960.0,-1882.076473563213,False,False,False,False,84.3956078893795,False,False,False,False
2025-05-15 19:00:00+00:00,34.73,34.915,34.73,34.85,14.0,,,,,,,,,,,,,,,,,,,,34.97921951219512,33.46298193184941,32.94447480802382,32.94447480802382,32.94447480802382,32.94447480802382,32.93185699349442,32.37129861174957,32.04083665754139,31.776360150585614,31.53527154814389,31.297103082250104,31.297103082250104,31.297103082250104,31.297103082250104,31.297103082250104,31.297103082250104,31.33017520719912,31.58257869661392,32.22577029553463,32.798433604583835,32.87036475516365,33.13153605680821,33.27348571637386,33.562843518236306,33.589284844054575,33.589284844054575,33.589284844054575,33.589284844054575,33.589284844054575,33.61302747550552,33.91172985256623,33.966521035598696,33.966521035598696,33.966521035598696,33.966521035598696,33.966521035598696,33.966521035598696,33.966521035598696,33.96832871485943,,,,,,,,,,,,,,,,,,,,,,,,,,,,,,34.83166666666667,34.83166666666667,33.71024801587301,33.71024801587301,33.14157605593608,32.45016922003363,32.31086391642111,31.923708743413858,31.562431669155362,31.34799328471226,31.349866366199272,31.349866366199272,31.36207752324037,31.75607315671687,31.75607315671687,31.75607315671687,31.757520923651256,31.793874455137892,31.793874455137892,31.79814863149488,32.36712772404017,32.66893895622686,32.829026714284275,32.87036475516365,32.87036475516365,32.87036475516365,32.87036475516365,32.883201812092565,33.23132886871817,33.24542988962107,33.28003233633436,33.47704060579265,33.47704060579265,33.47704060579265,33.48402419822298,33.58134392162809,33.58134392162809,33.58134392162809,33.58134392162809,33.58134392162809,33.58134392162809,33.58134392162809,33.7631696692492,33.9184115967812,33.921084790432346,,,,33.14157605593608,32.45016922003363,31.562431669155362,33.23132886871817,,,,32.798433604583835,32.9674151803847,32.18984336652515,32.31470102229816,"rgba(38, 166, 154, 0.5)",0.9632100750347168,33.91580270520883,0.9698790731165239,58.766300517861175,14.660448550272989,False,True,True,False,False,20.0,33.8864,31.8136,0.0,0.0,0.0,0.0,0,1.147393648891552,0.8271420011983219,False,False,False,False,0.305466538088193,0.3013980429643175,False,False,False,False,-946.0,-1867.5636600195974,False,False,False,False,83.30420311590075,False,False,False,False
2025-05-16 14:00:00+00:00,34.85,35.045,34.85,35.04,99.0,,,,,,,,,,,,,,,,,,,,34.979047151277015,33.493282838483815,32.967868788970215,32.967868788970215,32.967868788970215,32.967868788970215,32.95512576088205,32.39481322886298,32.06340823243299,31.798308176971545,31.556913650793653,31.317674418604653,31.317674418604653,31.317674418604653,31.317674418604653,31.317674418604653,31.317674418604653,31.350334151968447,31.599653190444748,32.2355329058145,32.804991188088735,32.87660526499406,33.13669412627658,33.278098954062564,33.56639380811228,33.59274253434244,33.59274253434244,33.59274253434244,33.59274253434244,33.59274253434244,33.61640036765317,33.913920094307656,33.96853053281976,33.96853053281976,33.96853053281976,33.96853053281976,33.96853053281976,33.96853053281976,33.96853053281976,33.97033257179502,,,,,,,,,,,,,,,,,,,,,,,,,,,,,,34.96016224188791,34.96016224188791,33.748394611566894,33.748394611566894,33.16716195300408,32.47376351181499,32.334237918215614,31.94609108627538,31.58424654883241,31.369352033438325,31.369744526220646,31.369744526220646,31.381779758956576,31.7704796850773,31.7704796850773,31.7704796850773,31.77185623941615,31.80742243231629,31.80742243231629,31.81156313023719,32.375964744356715,32.676095946157474,32.835447394890366,32.87660526499406,32.87660526499406,32.87660526499406,32.87660526499406,32.889385826302124,33.2361019732303,33.25014715317495,33.28462083583501,33.48089606571552,33.48089606571552,33.48089606571552,33.48785397466432,33.58483014460605,33.58483014460605,33.58483014460605,33.58483014460605,33.58483014460605,33.58483014460605,33.58483014460605,33.76597056335514,33.92057782824112,33.923241106990794,,,,33.16716195300408,32.47376351181499,31.58424654883241,33.2361019732303,,,,32.804991188088735,33.001749446031845,32.21019704777203,32.34614694297031,"rgba(38, 166, 154, 1.0)",0.9700203722202255,33.969982059888665,1.1030881110901105,62.107234163967476,14.660448550272989,False,True,True,False,True,20.0,33.9267,31.81905,0.0,0.0,0.0,0.0,0,1.1659179395028454,0.8194070080862528,False,False,False,False,0.3228166366761326,0.31210733982022504,False,False,False,False,-847.0,-1851.7409676161926,False,False,False,False,83.54754880402632,False,False,False,False
2025-05-16 15:00:00+00:00,35.04,35.04,34.95,34.95,100.0,,,,,,,,,,,,,,,,,,,,34.97920361247947,33.522716953738545,32.99097814019371,32.99097814019371,32.99097814019371,32.99097814019371,32.978117406608376,32.418153665583255,32.08587120045184,31.820186000137525,31.578510410094637,31.338230803771893,31.338230803771893,31.338230803771893,31.338230803771893,31.338230803771893,31.338230803771893,31.370481053878034,31.616735139050313,32.24533002534538,32.81158012723418,32.88287638015165,33.141879817701,33.28273805629758,33.569966136817364,33.59622189895747,33.59622189895747,33.59622189895747,33.59622189895747,33.59622189895747,33.619794601815435,33.91612679651977,33.9705555778009,33.9705555778009,33.9705555778009,33.9705555778009,33.9705555778009,33.9705555778009,33.9705555778009,33.97235194703894,,,,,,,,,,,,,,,,,,,,,,,,,,,,,,34.96947574334899,34.96947574334899,33.7847144401848,33.7847144401848,33.19231580407937,32.49716878346408,32.357450429899984,31.968381211275194,31.606011408793748,31.390682735668854,31.38961275292132,31.38961275292132,31.401473373104917,31.784909035052227,31.784909035052227,31.784909035052227,31.7862148473049,31.820997860504924,31.820997860504924,31.82500579833122,32.38483618937304,32.68328553596507,32.84189911752909,32.88287638015165,32.88287638015165,32.88287638015165,32.88287638015165,32.895600309146566,33.24090147240952,33.25489063471171,33.28923511694155,33.484774730487274,33.484774730487274,33.484774730487274,33.491706861529984,33.58833815259025,33.58833815259025,33.58833815259025,33.58833815259025,33.58833815259025,33.58833815259025,33.58833815259025,33.76879054299939,33.92276040379068,33.92541371984649,,,,33.19231580407937,32.49716878346408,31.606011408793748,33.24090147240952,,,,32.81158012723418,33.02381899072242,32.23043014253869,32.36545165454995,"rgba(38, 166, 154, 0.5)",0.9759915586326915,33.99348908022487,0.98004015640786,61.963948907289705,14.660448550272989,False,True,True,False,True,20.0,33.9695,31.824050000000003,0.0,0.0,0.0,0.0,0,1.1709859994042304,0.8093535895144471,False,False,False,False,0.32912010275443987,0.32061372128733245,False,False,False,False,-947.0,-1837.713975870205,False,False,False,False,83.8026255667546,False,False,False,False
2025-05-16 16:00:00+00:00,34.95,35.04,34.95,35.04,100.0,,,,,,,,,,,,,,,,,,,,34.98354724964739,33.55159062965121,33.01390333446879,33.01390333446879,33.01390333446879,33.01390333446879,33.000929605927915,32.441344846098794,32.108220090696015,31.841969883220653,31.600024451410658,31.35872516186649,31.35872516186649,31.35872516186649,31.35872516186649,31.35872516186649,31.35872516186649,31.390571134172372,31.633796151976803,32.255164158930036,32.81821987315011,32.889199389633674,33.14712057453851,33.28743348918972,33.5735960777394,33.59975890854202,33.59975890854202,33.59975890854202,33.59975890854202,33.59975890854202,33.62324647001373,33.918386351586754,33.97263247282608,33.97263247282608,33.97263247282608,33.97263247282608,33.97263247282608,33.97263247282608,33.97263247282608,33.97442314217848,,,,,,,,,,,,,,,,,,,,,,,,,,,,,,34.98242279020234,34.98242279020234,33.81981285209586,33.81981285209586,33.21719173395375,32.520418517147796,32.38052009045052,31.99056499647485,31.627690103171574,31.411939077151974,31.409427690511375,31.409427690511375,31.42111588917315,31.79934349311492,31.79934349311492,31.79934349311492,31.800579170936746,31.834585428206225,31.834585428206225,31.83846162512323,32.39374925021787,32.69052372064087,32.848402119576086,32.889199389633674,32.889199389633674,32.889199389633674,32.889199389633674,32.90186686820188,33.24575696445725,33.25969021184277,33.293905777826026,33.48871079569892,33.48871079569892,33.48871079569892,33.4956171663061,33.591903806442446,33.591903806442446,33.591903806442446,33.591903806442446,33.591903806442446,33.591903806442446,33.591903806442446,33.771666975659116,33.924995682565786,33.927638968677336,,,,33.21719173395375,32.520418517147796,31.627690103171574,33.24575696445725,,,,32.81821987315011,33.04620484101612,32.25075612554029,32.384950460248,"rgba(38, 166, 154, 1.0)",0.9807988792006211,34.01758940299301,1.0424263513028096,63.19936343622851,14.660448550272989,False,True,True,False,True,20.0,34.0096,31.832449999999998,0.0,0.0,0.0,0.0,0,1.1754815041271787,0.8043411800672574,False,False,False,False,0.32912010275443987,0.32486691202088613,False,False,False,False,-847.0,-1822.3540692675663,False,False,False,False,84.05374765099096,False,False,False,False
2025-05-16 17:00:00+00:00,35.04,35.04,35.04,35.04,0.0,,,,,,,,,,,,,,,,,,,,34.98354724964739,33.55159062965121,33.01390333446879,33.01390333446879,33.01390333446879,33.01390333446879,33.000929605927915,32.441344846098794,32.108220090696015,31.841969883220653,31.600024451410658,31.35872516186649,31.35872516186649,31.35872516186649,31.35872516186649,31.35872516186649,31.35872516186649,31.390571134172372,31.633796151976803,32.255164158930036,32.81821987315011,32.889199389633674,33.14712057453851,33.28743348918972,33.5735960777394,33.59975890854202,33.59975890854202,33.59975890854202,33.59975890854202,33.59975890854202,33.62324647001373,33.918386351586754,33.97263247282608,33.97263247282608,33.97263247282608,33.97263247282608,33.97263247282608,33.97263247282608,33.97263247282608,33.97442314217848,,,,,,,,,,,,,,,,,,,,,,,,,,,,,,34.98242279020234,34.98242279020234,33.81981285209586,33.81981285209586,33.21719173395375,32.520418517147796,32.38052009045052,31.99056499647485,31.627690103171574,31.411939077151974,31.409427690511375,31.409427690511375,31.42111588917315,31.79934349311492,31.79934349311492,31.79934349311492,31.800579170936746,31.834585428206225,31.834585428206225,31.83846162512323,32.39374925021787,32.69052372064087,32.848402119576086,32.889199389633674,32.889199389633674,32.889199389633674,32.889199389633674,32.90186686820188,33.24575696445725,33.25969021184277,33.293905777826026,33.48871079569892,33.48871079569892,33.48871079569892,33.4956171663061,33.591903806442446,33.591903806442446,33.591903806442446,33.591903806442446,33.591903806442446,33.591903806442446,33.591903806442446,33.771666975659116,33.924995682565786,33.927638968677336,,,,33.21719173395375,32.520418517147796,31.627690103171574,33.24575696445725,,,,32.81821987315011,33.04620484101612,32.25075612554029,32.384950460248,"rgba(38, 166, 154, 1.0)",0.9750442032020691,34.01758940299301,1.0485787143284038,64.02297312218771,14.660448550272989,False,True,True,False,True,20.0,34.0497,31.84085,0.0,0.0,0.0,0.0,0,1.1809844084377867,0.8043411800672574,False,False,False,False,0.3355982656616364,0.3302325888412613,False,False,False,False,-847.0,-1807.23230075179,False,False,False,False,82.75058877268101,False,False,False,False
2025-05-16 18:00:00+00:00,35.04,35.04,35.04,35.04,0.0,,,,,,,,,,,,,,,,,,,,34.98354724964739,33.55159062965121,33.01390333446879,33.01390333446879,33.01390333446879,33.01390333446879,33.000929605927915,32.441344846098794,32.108220090696015,31.841969883220653,31.600024451410658,31.35872516186649,31.35872516186649,31.35872516186649,31.35872516186649,31.35872516186649,31.35872516186649,31.390571134172372,31.633796151976803,32.255164158930036,32.81821987315011,32.889199389633674,33.14712057453851,33.28743348918972,33.5735960777394,33.59975890854202,33.59975890854202,33.59975890854202,33.59975890854202,33.59975890854202,33.62324647001373,33.918386351586754,33.97263247282608,33.97263247282608,33.97263247282608,33.97263247282608,33.97263247282608,33.97263247282608,33.97263247282608,33.97442314217848,,,,,,,,,,,,,,,,,,,,,,,,,,,,,,34.98242279020234,34.98242279020234,33.81981285209586,33.81981285209586,33.21719173395375,32.520418517147796,32.38052009045052,31.99056499647485,31.627690103171574,31.411939077151974,31.409427690511375,31.409427690511375,31.42111588917315,31.79934349311492,31.79934349311492,31.79934349311492,31.800579170936746,31.834585428206225,31.834585428206225,31.83846162512323,32.39374925021787,32.69052372064087,32.848402119576086,32.889199389633674,32.889199389633674,32.889199389633674,32.889199389633674,32.90186686820188,33.24575696445725,33.25969021184277,33.293905777826026,33.48871079569892,33.48871079569892,33.48871079569892,33.4956171663061,33.591903806442446,33.591903806442446,33.591903806442446,33.591903806442446,33.591903806442446,33.591903806442446,33.591903806442446,33.771666975659116,33.924995682565786,33.927638968677336,,,,33.21719173395375,32.520418517147796,31.627690103171574,33.24575696445725,,,,32.81821987315011,33.04620484101612,32.25075612554029,32.384950460248,"rgba(38, 166, 154, 1.0)",0.9766948171079496,34.01758940299301,1.046806616660879,64.57204624616051,14.660448550272989,False,True,True,False,True,20.0,34.094500000000004,31.849249999999998,0.0,0.0,0.0,0.0,0,1.1809844084377867,0.8043411800672574,False,False,False,False,0.3355982656616364,0.33291542725144885,False,False,False,False,-847.0,-1792.3449782595142,False,False,False,False,81.46763390798829,False,False,False,False
2025-05-16 19:00:00+00:00,35.04,35.04,35.04,35.04,25.0,,,,,,,,,,,,,,,,,,,,34.985470027247956,33.55877962390521,33.01963843599034,33.01963843599034,33.01963843599034,33.01963843599034,33.006636811464396,32.447144897776994,32.11381124926895,31.84742057540224,31.605407824726136,31.363854857588766,31.363854857588766,31.363854857588766,31.363854857588766,31.363854857588766,31.363854857588766,31.395600389541187,31.638072294198388,32.25763842490583,32.8198961822846,32.890796550426735,33.14844719800397,33.28862373565872,33.57451959895203,33.60065914924825,33.60065914924825,33.60065914924825,33.60065914924825,33.60065914924825,33.62412537118373,33.91896526688138,33.973165378547314,33.973165378547314,33.973165378547314,33.973165378547314,33.973165378547314,33.973165378547314,33.973165378547314,33.97495461256084,,,,,,,,,,,,,,,,,,,,,,,,,,,,,,34.98668145956607,34.98668145956607,33.82848881304512,33.82848881304512,33.223406983087834,32.52623311486508,32.38629002863838,31.996115074742768,31.63311438926687,31.417258190632577,31.4143885730943,31.4143885730943,31.426033920417478,31.802965471506916,31.802965471506916,31.802965471506916,31.804183653789096,31.837996169397748,31.837996169397748,31.841839487936983,32.39599350928377,32.69234954926953,32.85004425795495,32.890796550426735,32.890796550426735,32.890796550426735,32.890796550426735,32.9034499200379,33.24698724629731,33.26090650306524,33.295089827397575,33.489710982162045,33.489710982162045,33.489710982162045,33.49661090091713,33.592811225853886,33.592811225853886,33.592811225853886,33.592811225853886,33.592811225853886,33.592811225853886,33.592811225853886,33.77240137267618,33.92556847837254,33.92820923476537,,,,33.223406983087834,32.52623311486508,31.63311438926687,33.24698724629731,,,,32.8198961822846,33.051936244478824,32.255883250396565,32.38992406440522,"rgba(38, 166, 154, 1.0)",0.9769131472639051,34.02388260767903,1.04013073748354,64.93809499547571,9.817457249086921,False,True,True,False,True,20.0,34.139900000000004,31.85765,0.0,0.0,0.0,0.0,0,1.1809844084377867,0.8043411800672574,False,False,False,False,0.3355982656616364,0.33425684645654263,False,False,False,False,-847.0,-1777.688466968669,False,False,False,False,80.59216671561637,False,False,False,False
2025-05-19 14:00:00+00:00,35.04,35.04,35.04,35.04,0.0,,,,,,,,,,,,,,,,,,,,34.985470027247956,33.55877962390521,33.01963843599034,33.01963843599034,33.01963843599034,33.01963843599034,33.006636811464396,32.447144897776994,32.11381124926895,31.84742057540224,31.605407824726136,31.363854857588766,31.363854857588766,31.363854857588766,31.363854857588766,31.363854857588766,31.363854857588766,31.395600389541187,31.638072294198388,32.25763842490583,32.8198961822846,32.890796550426735,33.14844719800397,33.28862373565872,33.57451959895203,33.60065914924825,33.60065914924825,33.60065914924825,33.60065914924825,33.60065914924825,33.62412537118373,33.91896526688138,33.973165378547314,33.973165378547314,33.973165378547314,33.973165378547314,33.973165378547314,33.973165378547314,33.973165378547314,33.97495461256084,,,,,,,,,,,,,,,,,,,,,,,,,,,,,,34.98668145956607,34.98668145956607,33.82848881304512,33.82848881304512,33.223406983087834,32.52623311486508,32.38629002863838,31.996115074742768,31.63311438926687,31.417258190632577,31.4143885730943,31.4143885730943,31.426033920417478,31.802965471506916,31.802965471506916,31.802965471506916,31.804183653789096,31.837996169397748,31.837996169397748,31.841839487936983,32.39599350928377,32.69234954926953,32.85004425795495,32.890796550426735,32.890796550426735,32.890796550426735,32.890796550426735,32.9034499200379,33.24698724629731,33.26090650306524,33.295089827397575,33.489710982162045,33.489710982162045,33.489710982162045,33.49661090091713,33.592811225853886,33.592811225853886,33.592811225853886,33.592811225853886,33.592811225853886,33.592811225853886,33.592811225853886,33.77240137267618,33.92556847837254,33.92820923476537,,,,33.223406983087834,32.52623311486508,31.63311438926687,33.24698724629731,,,,32.8198961822846,33.051936244478824,32.255883250396565,32.38992406440522,"rgba(38, 166, 154, 1.0)",0.9757001551668265,34.02388260767903,1.0414238297904488,65.18212749501917,10.52426372697363,False,True,True,False,True,20.0,34.185300000000005,31.86605,0.0,0.0,0.0,0.0,0,1.1809844084377867,0.8043411800672574,False,False,False,False,0.3355982656616364,0.3349275560590895,False,False,False,False,-847.0,-1763.2591884110152,False,False,False,False,79.3426757587851,False,False,False,False
2025-05-19 15:00:00+00:00,35.04,35.04,35.04,35.04,0.0,,,,,,,,,,,,,,,,,,,,34.985470027247956,33.55877962390521,33.01963843599034,33.01963843599034,33.01963843599034,33.01963843599034,33.006636811464396,32.447144897776994,32.11381124926895,31.84742057540224,31.605407824726136,31.363854857588766,31.363854857588766,31.363854857588766,31.363854857588766,31.363854857588766,31.363854857588766,31.395600389541187,31.638072294198388,32.25763842490583,32.8198961822846,32.890796550426735,33.14844719800397,33.28862373565872,33.57451959895203,33.60065914924825,33.60065914924825,33.60065914924825,33.60065914924825,33.60065914924825,33.62412537118373,33.91896526688138,33.973165378547314,33.973165378547314,33.973165378547314,33.973165378547314,33.973165378547314,33.973165378547314,33.973165378547314,33.97495461256084,,,,,,,,,,,,,,,,,,,,,,,,,,,,,,34.98668145956607,34.98668145956607,33.82848881304512,33.82848881304512,33.223406983087834,32.52623311486508,32.38629002863838,31.996115074742768,31.63311438926687,31.417258190632577,31.4143885730943,31.4143885730943,31.426033920417478,31.802965471506916,31.802965471506916,31.802965471506916,31.804183653789096,31.837996169397748,31.837996169397748,31.841839487936983,32.39599350928377,32.69234954926953,32.85004425795495,32.890796550426735,32.890796550426735,32.890796550426735,32.890796550426735,32.9034499200379,33.24698724629731,33.26090650306524,33.295089827397575,33.489710982162045,33.489710982162045,33.489710982162045,33.49661090091713,33.592811225853886,33.592811225853886,33.592811225853886,33.592811225853886,33.592811225853886,33.592811225853886,33.592811225853886,33.77240137267618,33.92556847837254,33.92820923476537,,,,33.223406983087834,32.52623311486508,31.63311438926687,33.24698724629731,,,,32.8198961822846,33.051936244478824,32.255883250396565,32.38992406440522,"rgba(38, 166, 154, 1.0)",0.9675781598895654,34.02388260767903,1.0501656966264579,65.34481582804816,11.15317312356121,False,True,True,False,True,20.0,34.2286,31.8726,0.0,0.0,0.0,0.0,0,1.182772460635999,0.8122877431305955,False,False,False,False,0.3355982656616364,0.335262910860363,False,False,False,False,-847.0,-1749.0536195984412,False,False,False,False,78.11255675477292,False,False,False,False
2025-05-19 16:00:00+00:00,35.04,35.04,35.04,35.04,0.0,,,,,,,,,,,,,,,,,,,,34.985470027247956,33.55877962390521,33.01963843599034,33.01963843599034,33.01963843599034,33.01963843599034,33.006636811464396,32.447144897776994,32.11381124926895,31.84742057540224,31.605407824726136,31.363854857588766,31.363854857588766,31.363854857588766,31.363854857588766,31.363854857588766,31.363854857588766,31.395600389541187,31.638072294198388,32.25763842490583,32.8198961822846,32.890796550426735,33.14844719800397,33.28862373565872,33.57451959895203,33.60065914924825,33.60065914924825,33.60065914924825,33.60065914924825,33.60065914924825,33.62412537118373,33.91896526688138,33.973165378547314,33.973165378547314,33.973165378547314,33.973165378547314,33.973165378547314,33.973165378547314,33.973165378547314,33.97495461256084,,,,,,,,,,,,,,,,,,,,,,,,,,,,,,34.98668145956607,34.98668145956607,33.82848881304512,33.82848881304512,33.223406983087834,32.52623311486508,32.38629002863838,31.996115074742768,31.63311438926687,31.417258190632577,31.4143885730943,31.4143885730943,31.426033920417478,31.802965471506916,31.802965471506916,31.802965471506916,31.804183653789096,31.837996169397748,31.837996169397748,31.841839487936983,32.39599350928377,32.69234954926953,32.85004425795495,32.890796550426735,32.890796550426735,32.890796550426735,32.890796550426735,32.9034499200379,33.24698724629731,33.26090650306524,33.295089827397575,33.489710982162045,33.489710982162045,33.489710982162045,33.49661090091713,33.592811225853886,33.592811225853886,33.592811225853886,33.592811225853886,33.592811225853886,33.592811225853886,33.592811225853886,33.77240137267618,33.92556847837254,33.92820923476537,,,,33.223406983087834,32.52623311486508,31.63311438926687,33.24698724629731,,,,32.8198961822846,33.051936244478824,32.255883250396565,32.38992406440522,"rgba(38, 166, 154, 1.0)",0.9625738207328034,34.02388260767903,1.055625418471703,65.45327471673414,11.716833312235579,False,True,True,False,True,20.0,34.2719,31.875299999999996,0.0,0.0,0.0,0.0,0,1.1762889780796544,0.8088916332201294,False,False,False,False,0.3355982656616364,0.3354305882609997,False,False,False,False,-847.0,-1735.0682921628063,False,False,False,False,76.90150936322605,False,False,False,False
2025-05-19 17:00:00+00:00,35.04,35.04,35.04,35.04,0.0,,,,,,,,,,,,,,,,,,,,34.985470027247956,33.55877962390521,33.01963843599034,33.01963843599034,33.01963843599034,33.01963843599034,33.006636811464396,32.447144897776994,32.11381124926895,31.84742057540224,31.605407824726136,31.363854857588766,31.363854857588766,31.363854857588766,31.363854857588766,31.363854857588766,31.363854857588766,31.395600389541187,31.638072294198388,32.25763842490583,32.8198961822846,32.890796550426735,33.14844719800397,33.28862373565872,33.57451959895203,33.60065914924825,33.60065914924825,33.60065914924825,33.60065914924825,33.60065914924825,33.62412537118373,33.91896526688138,33.973165378547314,33.973165378547314,33.973165378547314,33.973165378547314,33.973165378547314,33.973165378547314,33.973165378547314,33.97495461256084,,,,,,,,,,,,,,,,,,,,,,,,,,,,,,34.98668145956607,34.98668145956607,33.82848881304512,33.82848881304512,33.223406983087834,32.52623311486508,32.38629002863838,31.996115074742768,31.63311438926687,31.417258190632577,31.4143885730943,31.4143885730943,31.426033920417478,31.802965471506916,31.802965471506916,31.802965471506916,31.804183653789096,31.837996169397748,31.837996169397748,31.841839487936983,32.39599350928377,32.69234954926953,32.85004425795495,32.890796550426735,32.890796550426735,32.890796550426735,32.890796550426735,32.9034499200379,33.24698724629731,33.26090650306524,33.295089827397575,33.489710982162045,33.489710982162045,33.489710982162045,33.49661090091713,33.592811225853886,33.592811225853886,33.592811225853886,33.592811225853886,33.592811225853886,33.592811225853886,33.592811225853886,33.77240137267618,33.92556847837254,33.92820923476537,,,,33.223406983087834,32.52623311486508,31.63311438926687,33.24698724629731,,,,32.8198961822846,33.051936244478824,32.255883250396565,32.38992406440522,"rgba(38, 166, 154, 1.0)",0.9560457601471213,34.02388260767903,1.0628334277269387,65.5255806425248,12.22269513361968,False,True,True,False,True,20.0,34.3152,31.877999999999997,0.0,0.0,0.0,0.0,0,1.1762889780796544,0.8088916332201294,False,False,False,False,0.3355982656616364,0.33551442696131806,False,False,False,False,-847.0,-1721.2997915091194,False,False,False,False,75.7092379002303,False,False,False,False
2025-05-19 18:00:00+00:00,35.04,35.04,34.79,34.79,100.0,,,,,,,,,,,,,,,,,,,,34.972024380495604,33.58369535001265,33.040391849529776,33.040391849529776,33.040391849529776,33.040391849529776,33.0273043991733,32.468613692003665,32.134702475584824,31.86791023383893,31.62573706583722,31.383307651091037,31.383307651091037,31.383307651091037,31.383307651091037,31.383307651091037,31.383307651091037,31.414665862617184,31.65423728390127,32.26690145666596,32.82607472042526,32.896667950008876,33.15326922180909,33.292917061761166,33.57778327805139,33.603833216945986,33.603833216945986,33.603833216945986,33.603833216945986,33.603833216945986,33.62721754663894,33.92093157656172,33.974959506773224,33.974959506773224,33.974959506773224,33.974959506773224,33.974959506773224,33.974959506773224,33.974959506773224,33.97674335642986,,,,,,,,,,,,,,,,,,,,,,,,,,,,,,34.96080289193303,34.96080289193303,33.857383849557515,33.857383849557515,33.245607283817726,32.54770114942529,32.40768763084689,32.016910234171725,31.65358711905815,31.43740788246269,31.433191273465248,31.433191273465248,31.444672001153403,31.816630986291617,31.816630986291617,31.816630986291617,31.817783218125967,31.850860493042315,31.850860493042315,31.85457953351545,32.40436912570154,32.69910809833697,32.85609024353803,32.896667950008876,32.896667950008876,32.896667950008876,32.896667950008876,32.90926661942163,33.25143567651349,33.26530087482626,33.29935915816809,33.49327013933547,33.49327013933547,33.49327013933547,33.500145217741036,33.596012851285124,33.596012851285124,33.596012851285124,33.596012851285124,33.596012851285124,33.596012851285124,33.596012851285124,33.77494535077179,33.92751201339758,33.93014338824653,,,,33.245607283817726,32.54770114942529,31.65358711905815,33.25143567651349,,,,32.82607472042526,33.067471094768315,32.2738602752398,32.40401530137242,"rgba(38, 166, 154, 0.5)",0.9493144895132463,34.24959068910864,0.5692626804510763,56.24561168157709,10.066902893040975,False,True,True,False,False,17.576069786704974,34.3462,31.87945,0.0,0.0,0.0,0.0,0,1.158406810580724,0.8117968987534202,False,False,False,False,0.3176685002003417,0.3265914635808299,False,False,False,False,-947.0,-1709.2951435787454,False,False,False,False,76.08583886301743,False,False,False,False
2025-05-19 19:00:00+00:00,34.79,34.79,34.79,34.79,0.0,,,,,,,,,,,,,,,,,,,,34.972024380495604,33.58369535001265,33.040391849529776,33.040391849529776,33.040391849529776,33.040391849529776,33.0273043991733,32.468613692003665,32.134702475584824,31.86791023383893,31.62573706583722,31.383307651091037,31.383307651091037,31.383307651091037,31.383307651091037,31.383307651091037,31.383307651091037,31.414665862617184,31.65423728390127,32.26690145666596,32.82607472042526,32.896667950008876,33.15326922180909,33.292917061761166,33.57778327805139,33.603833216945986,33.603833216945986,33.603833216945986,33.603833216945986,33.603833216945986,33.62721754663894,33.92093157656172,33.974959506773224,33.974959506773224,33.974959506773224,33.974959506773224,33.974959506773224,33.974959506773224,33.974959506773224,33.97674335642986,,,,,,,,,,,,,,,,,,,,,,,,,,,,,,34.96080289193303,34.96080289193303,33.857383849557515,33.857383849557515,33.245607283817726,32.54770114942529,32.40768763084689,32.016910234171725,31.65358711905815,31.43740788246269,31.433191273465248,31.433191273465248,31.444672001153403,31.816630986291617,31.816630986291617,31.816630986291617,31.817783218125967,31.850860493042315,31.850860493042315,31.85457953351545,32.40436912570154,32.69910809833697,32.85609024353803,32.896667950008876,32.896667950008876,32.896667950008876,32.896667950008876,32.90926661942163,33.25143567651349,33.26530087482626,33.29935915816809,33.49327013933547,33.49327013933547,33.49327013933547,33.500145217741036,33.596012851285124,33.596012851285124,33.596012851285124,33.596012851285124,33.596012851285124,33.596012851285124,33.596012851285124,33.77494535077179,33.92751201339758,33.93014338824653,,,,33.245607283817726,32.54770114942529,31.65358711905815,33.25143567651349,,,,32.82607472042526,33.067471094768315,32.2738602752398,32.40401530137242,"rgba(38, 166, 154, 0.5)",0.9414967573730372,34.24959068910864,0.5739895614714647,50.05896570761195,4.677849517651403,False,True,False,True,False,17.576069786704974,34.3772,31.880899999999997,0.0,0.0,0.0,0.0,0,1.158406810580724,0.8269990878686527,False,False,False,False,0.29993424233198207,0.313262852956406,False,False,False,False,-947.0,-1697.4766142209355,False,False,False,False,74.90621345428848,False,False,False,False
2025-05-20 14:00:00+00:00,34.86,34.86,34.86,34.86,0.0,,,,,,,,,,,,,,,,,,,,34.972024380495604,33.58369535001265,33.040391849529776,33.040391849529776,33.040391849529776,33.040391849529776,33.0273043991733,32.468613692003665,32.134702475584824,31.86791023383893,31.62573706583722,31.383307651091037,31.383307651091037,31.383307651091037,31.383307651091037,31.383307651091037,31.383307651091037,31.414665862617184,31.65423728390127,32.26690145666596,32.82607472042526,32.896667950008876,33.15326922180909,33.292917061761166,33.57778327805139,33.603833216945986,33.603833216945986,33.603833216945986,33.603833216945986,33.603833216945986,33.62721754663894,33.92093157656172,33.974959506773224,33.974959506773224,33.974959506773224,33.974959506773224,33.974959506773224,33.974959506773224,33.974959506773224,33.97674335642986,,,,,,,,,,,,,,,,,,,,,,,,,,,,,,34.96080289193303,34.96080289193303,33.857383849557515,33.857383849557515,33.245607283817726,32.54770114942529,32.40768763084689,32.016910234171725,31.65358711905815,31.43740788246269,31.433191273465248,31.433191273465248,31.444672001153403,31.816630986291617,31.816630986291617,31.816630986291617,31.817783218125967,31.850860493042315,31.850860493042315,31.85457953351545,32.40436912570154,32.69910809833697,32.85609024353803,32.896667950008876,32.896667950008876,32.896667950008876,32.896667950008876,32.90926661942163,33.25143567651349,33.26530087482626,33.29935915816809,33.49327013933547,33.49327013933547,33.49327013933547,33.500145217741036,33.596012851285124,33.596012851285124,33.596012851285124,33.596012851285124,33.596012851285124,33.596012851285124,33.596012851285124,33.77494535077179,33.92751201339758,33.93014338824653,,,,33.245607283817726,32.54770114942529,31.65358711905815,33.25143567651349,,,,32.82607472042526,33.067471094768315,32.2738602752398,32.40401530137242,"rgba(38, 166, 154, 0.5)",0.9334961505345732,34.24959068910864,0.6538959057750808,48.65974066295472,3.7442508881466807,False,True,False,True,False,18.38016971084337,34.4156,31.8827,0.0,0.0,0.0,0.0,0,1.1577353920678173,0.8277323645171053,False,False,False,False,0.30984219558452214,0.3115525242704641,False,False,False,False,-947.0,-1685.841317876425,False,False,False,False,73.74487681158632,False,False,False,False
2025-05-20 15:00:00+00:00,34.86,34.86,34.86,34.86,0.0,,,,,,,,,,,,,,,,,,,,34.972024380495604,33.58369535001265,33.040391849529776,33.040391849529776,33.040391849529776,33.040391849529776,33.0273043991733,32.468613692003665,32.134702475584824,31.86791023383893,31.62573706583722,31.383307651091037,31.383307651091037,31.383307651091037,31.383307651091037,31.383307651091037,31.383307651091037,31.414665862617184,31.65423728390127,32.26690145666596,32.82607472042526,32.896667950008876,33.15326922180909,33.292917061761166,33.57778327805139,33.603833216945986,33.603833216945986,33.603833216945986,33.603833216945986,33.603833216945986,33.62721754663894,33.92093157656172,33.974959506773224,33.974959506773224,33.974959506773224,33.974959506773224,33.974959506773224,33.974959506773224,33.974959506773224,33.97674335642986,,,,,,,,,,,,,,,,,,,,,,,,,,,,,,34.96080289193303,34.96080289193303,33.857383849557515,33.857383849557515,33.245607283817726,32.54770114942529,32.40768763084689,32.016910234171725,31.65358711905815,31.43740788246269,31.433191273465248,31.433191273465248,31.444672001153403,31.816630986291617,31.816630986291617,31.816630986291617,31.817783218125967,31.850860493042315,31.850860493042315,31.85457953351545,32.40436912570154,32.69910809833697,32.85609024353803,32.896667950008876,32.896667950008876,32.896667950008876,32.896667950008876,32.90926661942163,33.25143567651349,33.26530087482626,33.29935915816809,33.49327013933547,33.49327013933547,33.49327013933547,33.500145217741036,33.596012851285124,33.596012851285124,33.596012851285124,33.596012851285124,33.596012851285124,33.596012851285124,33.596012851285124,33.77494535077179,33.92751201339758,33.93014338824653,,,,33.245607283817726,32.54770114942529,31.65358711905815,33.25143567651349,,,,32.82607472042526,33.067471094768315,32.2738602752398,32.40401530137242,"rgba(38, 166, 154, 0.5)",0.9229789803662952,34.24959068910864,0.6613469254187216,47.726923966516566,2.999336358042271,False,True,False,True,False,18.38016971084337,34.4545,31.8845,0.0,0.0,0.0,0.0,0,1.1577353920678173,0.8277323645171053,False,False,False,False,0.30984219558452214,0.31069735992749314,False,False,False,False,-947.0,-1674.386413723302,False,False,False,False,72.60154538815087,False,False,False,False
2025-05-20 16:00:00+00:00,34.86,34.86,34.67,34.67,278.0,,,,,,,,,,,,,,,,,,,,34.91235161870503,33.641239347017176,33.0914925805284,33.0914925805284,33.0914925805284,33.0914925805284,33.07824704618689,32.52298730460316,32.18826660240725,31.92085371527316,31.678566012352473,31.434145968666417,31.434145968666417,31.434145968666417,31.434145968666417,31.434145968666417,31.434145968666417,31.464484403405514,31.696420839082727,32.2909464861832,32.841895980664226,32.91166598127912,33.165454242836134,33.303684646893785,33.585799520886354,33.611610524925275,33.611610524925275,33.611610524925275,33.611610524925275,33.611610524925275,33.63477710581737,33.9255582756313,33.97913837188558,33.97913837188558,33.97913837188558,33.97913837188558,33.97913837188558,33.97913837188558,33.97913837188558,33.980908181854176,,,,,,,,,,,,,,,,,,,,,,,,,,,,,,34.872483705772815,34.872483705772815,33.919919534326304,33.919919534326304,33.29925032425422,32.60189843308655,32.46201327619528,32.07041495441878,31.70674883576529,31.489976286096773,31.482320516939776,31.482320516939776,31.49336955363801,31.852278715671623,31.852278715671623,31.852278715671623,31.853260891768077,31.884426758262478,31.884426758262478,31.88782397983911,32.42605495266167,32.716482886813345,32.871556372185836,32.91166598127912,32.91166598127912,32.91166598127912,32.91166598127912,32.9241181466729,33.26261889896302,33.276339608521994,33.310062469235234,33.502075021922536,33.502075021922536,33.502075021922536,33.50888387584648,33.60386345202033,33.60386345202033,33.60386345202033,33.60386345202033,33.60386345202033,33.60386345202033,33.60386345202033,33.781062627236686,33.93207980751585,33.93468700187887,,,,33.29925032425422,32.60189843308655,31.70674883576529,33.26261889896302,,,,32.841895980664226,33.10168071362886,32.31826047546643,32.43699468563399,#000000,0.9089061339655334,34.242798514861704,0.47001716588095727,42.3556447870855,-1.9254540126531197,False,True,False,True,False,14.825335386436308,34.4844,31.89435,0.0,0.0,0.0,0.0,0,1.1799501867995024,0.8334371108343707,False,False,False,False,0.29640959196780686,0.30355347594765003,False,False,False,False,-1225.0,-1667.4191825027856,False,False,False,False,75.78601755267566,False,False,False,False
2025-05-20 17:00:00+00:00,34.67,34.67,34.67,34.67,0.0,,,,,,,,,,,,,,,,,,,,34.91235161870503,33.641239347017176,33.0914925805284,33.0914925805284,33.0914925805284,33.0914925805284,33.07824704618689,32.52298730460316,32.18826660240725,31.92085371527316,31.678566012352473,31.434145968666417,31.434145968666417,31.434145968666417,31.434145968666417,31.434145968666417,31.434145968666417,31.464484403405514,31.696420839082727,32.2909464861832,32.841895980664226,32.91166598127912,33.165454242836134,33.303684646893785,33.585799520886354,33.611610524925275,33.611610524925275,33.611610524925275,33.611610524925275,33.611610524925275,33.63477710581737,33.9255582756313,33.97913837188558,33.97913837188558,33.97913837188558,33.97913837188558,33.97913837188558,33.97913837188558,33.97913837188558,33.980908181854176,,,,,,,,,,,,,,,,,,,,,,,,,,,,,,34.872483705772815,34.872483705772815,33.919919534326304,33.919919534326304,33.29925032425422,32.60189843308655,32.46201327619528,32.07041495441878,31.70674883576529,31.489976286096773,31.482320516939776,31.482320516939776,31.49336955363801,31.852278715671623,31.852278715671623,31.852278715671623,31.853260891768077,31.884426758262478,31.884426758262478,31.88782397983911,32.42605495266167,32.716482886813345,32.871556372185836,32.91166598127912,32.91166598127912,32.91166598127912,32.91166598127912,32.9241181466729,33.26261889896302,33.276339608521994,33.310062469235234,33.502075021922536,33.502075021922536,33.502075021922536,33.50888387584648,33.60386345202033,33.60386345202033,33.60386345202033,33.60386345202033,33.60386345202033,33.60386345202033,33.60386345202033,33.781062627236686,33.93207980751585,33.93468700187887,,,,33.29925032425422,32.60189843308655,31.70674883576529,33.26261889896302,,,,32.841895980664226,33.10168071362886,32.31826047546643,32.43699468563399,#000000,0.8935735121529943,34.242798514861704,0.47808208203149366,38.77479200079813,-5.091224730731383,False,True,False,True,False,14.825335386436308,34.5143,31.906824999999998,0.0,0.0,0.0,0.0,0,1.1799501867995024,0.805105853051058,False,False,False,False,0.28308013531324794,0.293316805630449,False,False,False,False,-1225.0,-1660.5599703709595,False,False,False,False,74.6110405363551,False,False,False,False
2025-05-20 18:00:00+00:00,34.67,34.67,34.63,34.63,119.0,,,,,,,,,,,,,,,,,,,,34.88634578933116,33.66225982725191,33.11128774073676,33.11128774073676,33.11128774073676,33.11128774073676,33.097999434369136,32.54455690431413,32.209738963202504,31.942217056819427,31.69998462036587,31.454858263730706,31.454858263730706,31.454858263730706,31.454858263730706,31.454858263730706,31.454858263730706,31.48478073469972,31.71360189766956,32.30072242593563,32.8482700007929,32.91769789928674,33.17031676251566,33.30795767663771,33.588930576634404,33.614642530807785,33.614642530807785,33.614642530807785,33.614642530807785,33.614642530807785,33.637719016570244,33.92730383040756,33.98070133807922,33.98070133807922,33.98070133807922,33.98070133807922,33.98070133807922,33.98070133807922,33.98070133807922,33.98246541290505,,,,,,,,,,,,,,,,,,,,,,,,,,,,,,34.83982634730539,34.83982634730539,33.94137137636015,33.94137137636015,33.31968024864819,32.623339805825246,32.48360870770937,32.09192674301505,31.72828813280736,31.511359241742174,31.50233650827436,31.50233650827436,31.51321000723372,31.86680465048473,31.86680465048473,31.86680465048473,31.867718484650563,31.898110898077142,31.898110898077142,31.901378279320998,32.43485749235475,32.72350205610149,32.877782863780446,32.91769789928674,32.91769789928674,32.91769789928674,32.91769789928674,32.930089211880635,33.267064741907255,33.28072548755279,33.31430878207186,33.505533204318596,33.505533204318596,33.505533204318596,33.51231461245235,33.606925787471425,33.606925787471425,33.606925787471425,33.606925787471425,33.606925787471425,33.606925787471425,33.606925787471425,33.783412138697436,33.93380144556093,33.93639884698145,,,,33.31968024864819,32.623339805825246,31.72828813280736,33.267064741907255,,,,32.8482700007929,33.11487463219687,32.33582540996452,32.450210693122045,#000000,0.8879204371465507,34.240327967922184,0.43885917676372116,35.581935916702825,-7.944502013502138,False,True,False,True,False,14.081959097483978,34.538500000000006,31.9191,0.0,0.0,0.0,0.0,0,1.1777916406737372,0.80910792264504,False,False,False,False,0.2802865221392358,0.2868016638848424,False,False,False,False,-1344.0,-1655.6520638535803,False,False,False,False,75.29924145827208,False,False,False,False
2025-05-20 19:00:00+00:00,34.63,34.66,34.6,34.65,488.0,,,,,,,,,,,,,,,,,,,,34.815465386852814,33.73944056700753,33.18711385012393,33.18711385012393,33.18711385012393,33.18711385012393,33.17371483311484,32.62833743640243,32.293770517004866,32.02621957452246,31.784483490566036,31.536900031702427,31.536900031702427,31.536900031702427,31.536900031702427,31.536900031702427,31.536900031702427,31.565201122381403,31.781856627908834,32.33986471173987,32.87384847596718,32.941906630881256,33.18983822566564,33.32511319539986,33.60149897986775,33.62681275062427,33.62681275062427,33.62681275062427,33.62681275062427,33.62681275062427,33.6495271372283,33.93430832372203,33.98697089584393,33.98697089584393,33.98697089584393,33.98697089584393,33.98697089584393,33.98697089584393,33.98697089584393,33.9887118707077,,,,,,,,,,,,,,,,,,,,,,,,,,,,,,34.764889140841525,34.764889140841525,34.01675553580685,34.01675553580685,33.39695443068415,32.706475997066626,32.56761032938919,32.1762846726898,31.813214456677834,31.595915987507166,31.58166606158049,31.58166606158049,31.591856457355142,31.924685550750088,31.924685550750088,31.924685550750088,31.925333574951328,31.952703022875824,31.952703022875824,31.955463398163165,32.47012922780642,32.75166143869705,32.902770790878215,32.941906630881256,32.941906630881256,32.941906630881256,32.941906630881256,32.95405427181951,33.28491400721057,33.29833417602497,33.33135703969847,33.51941633132126,33.51941633132126,33.51941633132126,33.526087487658344,33.61921789258253,33.61921789258253,33.61921789258253,33.61921789258253,33.61921789258253,33.61921789258253,33.61921789258253,33.79284100601586,33.940709768378646,33.94326780569514,,,,33.39695443068415,32.706475997066626,31.813214456677834,33.28491400721057,,,,32.87384847596718,33.17168582228855,32.40591049291057,32.5067596739472,#000000,0.8818367400124913,34.2506757196919,0.45283243733125,34.42646379337464,-9.026038974441605,False,True,False,True,False,14.33809463154951,34.5631,31.931475,0.0,0.0,0.0,0.0,0,1.176323987538941,0.8099688473520246,False,False,False,False,0.27749716626966264,0.28214941507725255,False,False,False,False,-856.0,-1643.2543574372457,False,False,False,False,81.69770283101204,False,False,False,False
2025-05-21 14:00:00+00:00,34.69,34.69,34.69,34.69,0.0,,,,,,,,,,,,,,,,,,,,34.815465386852814,33.73944056700753,33.18711385012393,33.18711385012393,33.18711385012393,33.18711385012393,33.17371483311484,32.62833743640243,32.293770517004866,32.02621957452246,31.784483490566036,31.536900031702427,31.536900031702427,31.536900031702427,31.536900031702427,31.536900031702427,31.536900031702427,31.565201122381403,31.781856627908834,32.33986471173987,32.87384847596718,32.941906630881256,33.18983822566564,33.32511319539986,33.60149897986775,33.62681275062427,33.62681275062427,33.62681275062427,33.62681275062427,33.62681275062427,33.6495271372283,33.93430832372203,33.98697089584393,33.98697089584393,33.98697089584393,33.98697089584393,33.98697089584393,33.98697089584393,33.98697089584393,33.9887118707077,,,,,,,,,,,,,,,,,,,,,,,,,,,,,,34.764889140841525,34.764889140841525,34.01675553580685,34.01675553580685,33.39695443068415,32.706475997066626,32.56761032938919,32.1762846726898,31.813214456677834,31.595915987507166,31.58166606158049,31.58166606158049,31.591856457355142,31.924685550750088,31.924685550750088,31.924685550750088,31.925333574951328,31.952703022875824,31.952703022875824,31.955463398163165,32.47012922780642,32.75166143869705,32.902770790878215,32.941906630881256,32.941906630881256,32.941906630881256,32.941906630881256,32.95405427181951,33.28491400721057,33.29833417602497,33.33135703969847,33.51941633132126,33.51941633132126,33.51941633132126,33.526087487658344,33.61921789258253,33.61921789258253,33.61921789258253,33.61921789258253,33.61921789258253,33.61921789258253,33.61921789258253,33.79284100601586,33.940709768378646,33.94326780569514,,,,33.39695443068415,32.706475997066626,31.813214456677834,33.28491400721057,,,,32.87384847596718,33.17168582228855,32.40591049291057,32.5067596739472,"rgba(38, 166, 154, 0.5)",0.875487344334523,34.2506757196919,0.5018054037571946,35.577138426593265,-9.026038974441605,False,True,False,True,False,14.854193818888781,34.588499999999996,31.9452,0.0,0.0,0.0,0.0,0,1.1968253968253972,0.813333333333333,False,False,False,False,0.28476060290529276,0.28345500899127263,False,False,False,False,-856.0,-1631.04886352349,False,False,False,False,80.43107177936844,False,False,False,False
2025-05-21 15:00:00+00:00,34.69,34.69,34.455,34.46,200.0,,,,,,,,,,,,,,,,,,,,34.78623501823866,33.7644542262747,33.21402582276796,33.21402582276796,33.21402582276796,33.21402582276796,33.20062567954927,32.659124818343294,32.325129541532576,32.05787011922033,31.816540792540792,31.568251071839388,31.568251071839388,31.568251071839388,31.568251071839388,31.568251071839388,31.568251071839388,31.595934837352104,31.807954010458634,32.35483681751527,32.88352884615385,32.95104894168507,33.197137779466026,33.33148169105519,33.606065898583694,33.63122346065742,33.63122346065742,33.63122346065742,33.63122346065742,33.63122346065742,33.65379612219972,33.936729442507534,33.98910921222052,33.98910921222052,33.98910921222052,33.98910921222052,33.98910921222052,33.98910921222052,33.98910921222052,33.990841275409764,,,,,,,,,,,,,,,,,,,,,,,,,,,,,,34.73470015320639,34.73470015320639,34.03880380060979,34.03880380060979,33.42367852530234,32.73690575248239,32.59857333962858,32.207900721578085,31.845402081362344,31.628148087221952,31.611986208784632,31.611986208784632,31.62191767529748,31.946851002703127,31.946851002703127,31.946851002703127,31.947399836525324,31.973629254457055,31.973629254457055,31.976199222936774,32.483597386644064,32.7623545195623,32.912219295706706,32.95104894168507,32.95104894168507,32.95104894168507,32.95104894168507,32.96310091270635,33.29155545225129,33.30488119187534,33.33768334559725,33.524499332666,33.524499332666,33.524499332666,33.53112726243402,33.623676314273425,33.623676314273425,33.623676314273425,33.623676314273425,33.623676314273425,33.623676314273425,33.623676314273425,33.79618700359926,33.94309408224674,33.94563710377044,,,,33.42367852530234,32.73690575248239,31.845402081362344,33.29155545225129,,,,32.88352884615385,33.19127759073787,32.43171577915669,32.52724585422801,#000000,0.8667280816769444,34.25019698579961,0.24206324755794537,31.868439253078368,-11.634315761932456,False,True,False,True,False,10.582090121924722,34.6154,31.957775,0.0,0.0,0.0,0.0,0,1.165671172587237,0.8132662684690347,False,False,False,False,0.26198511520334994,0.27272006209731126,False,False,False,False,-1056.0,-1622.1333772673117,False,False,False,False,82.28485361224645,False,False,False,False
2025-05-21 16:00:00+00:00,34.46,34.46,34.46,34.46,0.0,,,,,,,,,,,,,,,,,,,,34.78623501823866,33.7644542262747,33.21402582276796,33.21402582276796,33.21402582276796,33.21402582276796,33.20062567954927,32.659124818343294,32.325129541532576,32.05787011922033,31.816540792540792,31.568251071839388,31.568251071839388,31.568251071839388,31.568251071839388,31.568251071839388,31.568251071839388,31.595934837352104,31.807954010458634,32.35483681751527,32.88352884615385,32.95104894168507,33.197137779466026,33.33148169105519,33.606065898583694,33.63122346065742,33.63122346065742,33.63122346065742,33.63122346065742,33.63122346065742,33.65379612219972,33.936729442507534,33.98910921222052,33.98910921222052,33.98910921222052,33.98910921222052,33.98910921222052,33.98910921222052,33.98910921222052,33.990841275409764,,,,,,,,,,,,,,,,,,,,,,,,,,,,,,34.73470015320639,34.73470015320639,34.03880380060979,34.03880380060979,33.42367852530234,32.73690575248239,32.59857333962858,32.207900721578085,31.845402081362344,31.628148087221952,31.611986208784632,31.611986208784632,31.62191767529748,31.946851002703127,31.946851002703127,31.946851002703127,31.947399836525324,31.973629254457055,31.973629254457055,31.976199222936774,32.483597386644064,32.7623545195623,32.912219295706706,32.95104894168507,32.95104894168507,32.95104894168507,32.95104894168507,32.96310091270635,33.29155545225129,33.30488119187534,33.33768334559725,33.524499332666,33.524499332666,33.524499332666,33.53112726243402,33.623676314273425,33.623676314273425,33.623676314273425,33.623676314273425,33.623676314273425,33.623676314273425,33.623676314273425,33.79618700359926,33.94309408224674,33.94563710377044,,,,33.42367852530234,32.73690575248239,31.845402081362344,33.29155545225129,,,,32.88352884615385,33.19127759073787,32.43171577915669,32.52724585422801,#000000,0.8560813824241037,34.25019698579961,0.24507367933444044,29.39597313740176,-14.087897593542017,False,True,False,True,False,10.582090121924722,34.6392,31.984825,0.0,0.0,0.0,0.0,0,1.172492649460961,0.8418817379941194,False,False,False,False,0.2448773462985234,0.25879870419791734,False,False,False,False,-1056.0,-1613.3561156042524,False,False,False,False,81.00911944771549,False,False,False,False
2025-05-21 17:00:00+00:00,34.46,34.46,34.46,34.46,0.0,,,,,,,,,,,,,,,,,,,,34.78623501823866,33.7644542262747,33.21402582276796,33.21402582276796,33.21402582276796,33.21402582276796,33.20062567954927,32.659124818343294,32.325129541532576,32.05787011922033,31.816540792540792,31.568251071839388,31.568251071839388,31.568251071839388,31.568251071839388,31.568251071839388,31.568251071839388,31.595934837352104,31.807954010458634,32.35483681751527,32.88352884615385,32.95104894168507,33.197137779466026,33.33148169105519,33.606065898583694,33.63122346065742,33.63122346065742,33.63122346065742,33.63122346065742,33.63122346065742,33.65379612219972,33.936729442507534,33.98910921222052,33.98910921222052,33.98910921222052,33.98910921222052,33.98910921222052,33.98910921222052,33.98910921222052,33.990841275409764,,,,,,,,,,,,,,,,,,,,,,,,,,,,,,34.73470015320639,34.73470015320639,34.03880380060979,34.03880380060979,33.42367852530234,32.73690575248239,32.59857333962858,32.207900721578085,31.845402081362344,31.628148087221952,31.611986208784632,31.611986208784632,31.62191767529748,31.946851002703127,31.946851002703127,31.946851002703127,31.947399836525324,31.973629254457055,31.973629254457055,31.976199222936774,32.483597386644064,32.7623545195623,32.912219295706706,32.95104894168507,32.95104894168507,32.95104894168507,32.95104894168507,32.96310091270635,33.29155545225129,33.30488119187534,33.33768334559725,33.524499332666,33.524499332666,33.524499332666,33.53112726243402,33.623676314273425,33.623676314273425,33.623676314273425,33.623676314273425,33.623676314273425,33.623676314273425,33.623676314273425,33.79618700359926,33.94309408224674,33.94563710377044,,,,33.42367852530234,32.73690575248239,31.845402081362344,33.29155545225129,,,,32.88352884615385,33.19127759073787,32.43171577915669,32.52724585422801,#000000,0.847407291163435,34.25019698579961,0.24758226225826235,27.74766239361736,-15.819936491907313,False,True,False,True,False,10.582090121924722,34.6624,32.008375,0.0,0.0,0.0,0.0,0,1.1739703459637567,0.8332784184514002,False,False,False,False,0.24351788750324715,0.25115829585058225,False,False,False,False,-1056.0,-1604.7149355173647,False,False,False,False,79.75316410744082,False,False,False,False
2025-05-21 18:00:00+00:00,34.46,34.46,34.46,34.46,0.0,,,,,,,,,,,,,,,,,,,,34.78623501823866,33.7644542262747,33.21402582276796,33.21402582276796,33.21402582276796,33.21402582276796,33.20062567954927,32.659124818343294,32.325129541532576,32.05787011922033,31.816540792540792,31.568251071839388,31.568251071839388,31.568251071839388,31.568251071839388,31.568251071839388,31.568251071839388,31.595934837352104,31.807954010458634,32.35483681751527,32.88352884615385,32.95104894168507,33.197137779466026,33.33148169105519,33.606065898583694,33.63122346065742,33.63122346065742,33.63122346065742,33.63122346065742,33.63122346065742,33.65379612219972,33.936729442507534,33.98910921222052,33.98910921222052,33.98910921222052,33.98910921222052,33.98910921222052,33.98910921222052,33.98910921222052,33.990841275409764,,,,,,,,,,,,,,,,,,,,,,,,,,,,,,34.73470015320639,34.73470015320639,34.03880380060979,34.03880380060979,33.42367852530234,32.73690575248239,32.59857333962858,32.207900721578085,31.845402081362344,31.628148087221952,31.611986208784632,31.611986208784632,31.62191767529748,31.946851002703127,31.946851002703127,31.946851002703127,31.947399836525324,31.973629254457055,31.973629254457055,31.976199222936774,32.483597386644064,32.7623545195623,32.912219295706706,32.95104894168507,32.95104894168507,32.95104894168507,32.95104894168507,32.96310091270635,33.29155545225129,33.30488119187534,33.33768334559725,33.524499332666,33.524499332666,33.524499332666,33.53112726243402,33.623676314273425,33.623676314273425,33.623676314273425,33.623676314273425,33.623676314273425,33.623676314273425,33.623676314273425,33.79618700359926,33.94309408224674,33.94563710377044,,,,33.42367852530234,32.73690575248239,31.845402081362344,33.29155545225129,,,,32.88352884615385,33.19127759073787,32.43171577915669,32.52724585422801,#000000,0.8382886202321053,34.25019698579961,0.25027539338694477,26.64878856442776,-17.11980500168874,False,True,False,True,False,10.582090121924722,34.686099999999996,32.031925,0.0,0.0,0.0,0.0,0,1.1654036243822081,0.8332784184514002,False,False,False,False,0.24351788750324715,0.2473380916769147,False,False,False,False,-1056.0,-1596.2077272147696,False,False,False,False,78.51668094298438,False,False,False,False
2025-05-21 19:00:00+00:00,34.46,34.46,33.825,33.825,100.0,,,,,,,,,,,,,,,,,,,,34.74910929503054,33.76866738894908,33.22215709531811,33.22215709531811,33.22215709531811,33.22215709531811,33.2088085217448,32.67015750974425,32.337020170441384,32.07027403414196,31.829403630745457,31.581090016990885,31.581090016990885,31.581090016990885,31.581090016990885,31.581090016990885,31.581090016990885,31.60849909056591,31.81846730191676,32.36055285547588,32.88687904319195,32.95415505517247,33.19940947793772,33.3333327645947,33.60711663128441,33.632205615174044,33.632205615174044,33.632205615174044,33.632205615174044,33.632205615174044,33.654716838207,33.93693043851357,33.98920181211625,33.98920181211625,33.98920181211625,33.98920181211625,33.98920181211625,33.98920181211625,33.98920181211625,33.990930414259495,,,,,,,,,,,,,,,,,,,,,,,,,,,,,,34.69169131238447,34.69169131238447,34.0387592862598,34.0387592862598,33.43079223240881,32.747631622379934,32.609801426191964,32.22007544992566,31.858282780782186,31.641282834342224,31.62436903120372,31.62436903120372,31.634187117863252,31.955686311813867,31.955686311813867,31.955686311813867,31.956195638445674,31.98195466774281,31.98195466774281,31.98444769148653,32.48864588412488,32.766163553031454,32.915464454064455,32.95415505517247,32.95415505517247,32.95415505517247,32.95415505517247,32.96616378039617,33.29352951825848,33.30681314571343,33.33951544698399,33.525777833250125,33.525777833250125,33.525777833250125,33.53238676565848,33.62467918052824,33.62467918052824,33.62467918052824,33.62467918052824,33.62467918052824,33.62467918052824,33.62467918052824,33.79672788136419,33.94328141474808,33.94581898101898,,,,33.43079223240881,32.747631622379934,31.858282780782186,33.29352951825848,,,,32.88687904319195,33.19247768205234,32.43980641409869,32.53116521622247,#000000,0.828837387196217,34.23159710425321,-0.4905631798640757,20.94006851955818,-22.63554589500547,False,True,False,True,False,0.0,34.6956,32.05495,0.0,0.0,0.0,0.0,0,1.1185958254269455,0.839974699557242,False,False,False,False,0.19530786573093983,0.22132297870392725,False,False,False,False,-1156.0,-1589.3828012114398,False,False,False,False,78.84975565704664,False,False,False,False
2025-05-22 14:00:00+00:00,33.725,33.73,33.725,33.73,100.0,,,,,,,,,,,,,,,,,,,,34.700936762623876,33.76805263425292,33.22711135036377,33.22711135036377,33.22711135036377,33.22711135036377,33.21384414073858,32.67856507230256,32.346619405731104,32.08060269108578,31.840342165898615,31.592200662320195,31.592200662320195,31.592200662320195,31.592200662320195,31.592200662320195,31.592200662320195,31.619355560107895,31.827434230089054,32.36518578735224,32.88931662804172,32.9563637746902,33.200836841537125,33.334366905784194,33.607411698838874,33.63243791434071,33.63243791434071,33.63243791434071,33.63243791434071,33.63243791434071,33.65489344432716,33.93651174538179,33.98869485794239,33.98869485794239,33.98869485794239,33.98869485794239,33.98869485794239,33.98869485794239,33.98869485794239,33.99042060610766,,,,,,,,,,,,,,,,,,,,,,,,,,,,,33.72833333333333,34.63577964790095,34.63577964790095,34.03242535536965,34.03242535536965,33.43420557531261,32.75565831832815,32.61846684226836,32.23005004078213,31.869211079943895,31.652602737249374,31.63505936351473,31.63505936351473,31.644773772812297,31.96314914607278,31.96314914607278,31.96314914607278,31.963625050657505,31.988973874598077,31.988973874598077,31.991400983519416,32.49266262730995,32.769030993890645,32.917803645083936,32.9563637746902,32.9563637746902,32.9563637746902,32.9563637746902,32.96833205314215,33.29467842515523,33.307923051942346,33.340531911185465,33.52628220451527,33.52628220451527,33.52628220451527,33.53287373461239,33.624930274621896,33.624930274621896,33.624930274621896,33.624930274621896,33.624930274621896,33.624930274621896,33.624930274621896,33.796574396146106,33.942851948051945,33.94538531073446,,,,33.43420557531261,32.75565831832815,31.869211079943895,33.29467842515523,,,,32.88931662804172,33.28347006523497,32.445129391277945,32.618542533583636,"rgba(239, 83, 80, 0.5)",0.8197498684639635,34.22242307828151,-0.6006991854774035,16.838471780951817,-26.46045172617483,False,True,False,True,False,0.0,34.7032,32.0775,0.0,0.0,0.0,0.0,0,1.1175361407919555,0.8808925204274038,False,False,True,False,0.1251057676234492,0.1732143731636882,False,False,True,False,-1256.0,-1584.2140756112622,False,False,False,False,79.17766642205368,False,False,True,False
2025-05-22 15:00:00+00:00,33.73,33.73,33.73,33.73,0.0,,,,,,,,,,,,,,,,,,,,34.700936762623876,33.76805263425292,33.22711135036377,33.22711135036377,33.22711135036377,33.22711135036377,33.21384414073858,32.67856507230256,32.346619405731104,32.08060269108578,31.840342165898615,31.592200662320195,31.592200662320195,31.592200662320195,31.592200662320195,31.592200662320195,31.592200662320195,31.619355560107895,31.827434230089054,32.36518578735224,32.88931662804172,32.9563637746902,33.200836841537125,33.334366905784194,33.607411698838874,33.63243791434071,33.63243791434071,33.63243791434071,33.63243791434071,33.63243791434071,33.65489344432716,33.93651174538179,33.98869485794239,33.98869485794239,33.98869485794239,33.98869485794239,33.98869485794239,33.98869485794239,33.98869485794239,33.99042060610766,,,,,,,,,,,,,,,,,,,,,,,,,,,,,33.72833333333333,34.63577964790095,34.63577964790095,34.03242535536965,34.03242535536965,33.43420557531261,32.75565831832815,32.61846684226836,32.23005004078213,31.869211079943895,31.652602737249374,31.63505936351473,31.63505936351473,31.644773772812297,31.96314914607278,31.96314914607278,31.96314914607278,31.963625050657505,31.988973874598077,31.988973874598077,31.991400983519416,32.49266262730995,32.769030993890645,32.917803645083936,32.9563637746902,32.9563637746902,32.9563637746902,32.9563637746902,32.96833205314215,33.29467842515523,33.307923051942346,33.340531911185465,33.52628220451527,33.52628220451527,33.52628220451527,33.53287373461239,33.624930274621896,33.624930274621896,33.624930274621896,33.624930274621896,33.624930274621896,33.624930274621896,33.624930274621896,33.796574396146106,33.942851948051945,33.94538531073446,,,,33.43420557531261,32.75565831832815,31.869211079943895,33.29467842515523,,,,32.88931662804172,33.28347006523497,32.445129391277945,32.618542533583636,"rgba(239, 83, 80, 0.5)",0.8104499806718555,34.22242307828151,-0.6075921895553597,14.104073955214242,-29.0123706482939,False,True,False,True,False,0.0,34.708,32.10005,0.0,0.0,0.0,0.0,0,1.1206563706563712,0.9018661518661515,False,False,False,False,0.07349155528897877,0.12335296422633349,False,False,True,False,-1256.0,-1579.1254852917075,False,False,False,False,77.95010570233191,False,False,True,False
2025-05-22 16:00:00+00:00,33.73,33.73,33.73,33.73,0.0,,,,,,,,,,,,,,,,,,,,34.700936762623876,33.76805263425292,33.22711135036377,33.22711135036377,33.22711135036377,33.22711135036377,33.21384414073858,32.67856507230256,32.346619405731104,32.08060269108578,31.840342165898615,31.592200662320195,31.592200662320195,31.592200662320195,31.592200662320195,31.592200662320195,31.592200662320195,31.619355560107895,31.827434230089054,32.36518578735224,32.88931662804172,32.9563637746902,33.200836841537125,33.334366905784194,33.607411698838874,33.63243791434071,33.63243791434071,33.63243791434071,33.63243791434071,33.63243791434071,33.65489344432716,33.93651174538179,33.98869485794239,33.98869485794239,33.98869485794239,33.98869485794239,33.98869485794239,33.98869485794239,33.98869485794239,33.99042060610766,,,,,,,,,,,,,,,,,,,,,,,,,,,,,33.72833333333333,34.63577964790095,34.63577964790095,34.03242535536965,34.03242535536965,33.43420557531261,32.75565831832815,32.61846684226836,32.23005004078213,31.869211079943895,31.652602737249374,31.63505936351473,31.63505936351473,31.644773772812297,31.96314914607278,31.96314914607278,31.96314914607278,31.963625050657505,31.988973874598077,31.988973874598077,31.991400983519416,32.49266262730995,32.769030993890645,32.917803645083936,32.9563637746902,32.9563637746902,32.9563637746902,32.9563637746902,32.96833205314215,33.29467842515523,33.307923051942346,33.340531911185465,33.52628220451527,33.52628220451527,33.52628220451527,33.53287373461239,33.624930274621896,33.624930274621896,33.624930274621896,33.624930274621896,33.624930274621896,33.624930274621896,33.624930274621896,33.796574396146106,33.942851948051945,33.94538531073446,,,,33.43420557531261,32.75565831832815,31.869211079943895,33.29467842515523,,,,32.88931662804172,33.28347006523497,32.445129391277945,32.618542533583636,"rgba(239, 83, 80, 0.5)",0.7963056477788703,34.22242307828151,-0.6183845105896508,12.28114207138919,-30.811565061280273,False,True,False,True,False,0.0,34.6936,32.126349999999995,0.0,0.0,0.0,0.0,0,1.1154535675869492,0.9974901398350661,False,False,False,False,0.05661026996704476,0.08998161709668913,False,False,True,False,-1256.0,-1574.1157878453243,False,False,False,False,76.74157693175312,False,False,True,False
2025-05-22 17:00:00+00:00,33.73,33.73,33.73,33.73,0.0,,,,,,,,,,,,,,,,,,,,34.700936762623876,33.76805263425292,33.22711135036377,33.22711135036377,33.22711135036377,33.22711135036377,33.21384414073858,32.67856507230256,32.346619405731104,32.08060269108578,31.840342165898615,31.592200662320195,31.592200662320195,31.592200662320195,31.592200662320195,31.592200662320195,31.592200662320195,31.619355560107895,31.827434230089054,32.36518578735224,32.88931662804172,32.9563637746902,33.200836841537125,33.334366905784194,33.607411698838874,33.63243791434071,33.63243791434071,33.63243791434071,33.63243791434071,33.63243791434071,33.65489344432716,33.93651174538179,33.98869485794239,33.98869485794239,33.98869485794239,33.98869485794239,33.98869485794239,33.98869485794239,33.98869485794239,33.99042060610766,,,,,,,,,,,,,,,,,,,,,,,,,,,,,33.72833333333333,34.63577964790095,34.63577964790095,34.03242535536965,34.03242535536965,33.43420557531261,32.75565831832815,32.61846684226836,32.23005004078213,31.869211079943895,31.652602737249374,31.63505936351473,31.63505936351473,31.644773772812297,31.96314914607278,31.96314914607278,31.96314914607278,31.963625050657505,31.988973874598077,31.988973874598077,31.991400983519416,32.49266262730995,32.769030993890645,32.917803645083936,32.9563637746902,32.9563637746902,32.9563637746902,32.9563637746902,32.96833205314215,33.29467842515523,33.307923051942346,33.340531911185465,33.52628220451527,33.52628220451527,33.52628220451527,33.53287373461239,33.624930274621896,33.624930274621896,33.624930274621896,33.624930274621896,33.624930274621896,33.624930274621896,33.624930274621896,33.796574396146106,33.942851948051945,33.94538531073446,,,,33.43420557531261,32.75565831832815,31.869211079943895,33.29467842515523,,,,32.88931662804172,33.28347006523497,32.445129391277945,32.618542533583636,"rgba(239, 83, 80, 0.5)",0.7866671743775037,34.22242307828151,-0.6259611361960922,11.065854148839156,-32.16642392493178,False,True,False,True,False,0.0,34.6792,32.15265,0.0,0.0,0.0,0.0,0,1.0010756543564008,0.9974901398350661,False,False,False,False,0.05661026996704476,0.07329594353186694,False,False,True,False,-1256.0,-1569.183760126792,False,False,False,False,75.55178504133833,False,False,True,False
2025-05-22 18:00:00+00:00,33.73,33.73,33.73,33.73,0.0,,,,,,,,,,,,,,,,,,,,34.700936762623876,33.76805263425292,33.22711135036377,33.22711135036377,33.22711135036377,33.22711135036377,33.21384414073858,32.67856507230256,32.346619405731104,32.08060269108578,31.840342165898615,31.592200662320195,31.592200662320195,31.592200662320195,31.592200662320195,31.592200662320195,31.592200662320195,31.619355560107895,31.827434230089054,32.36518578735224,32.88931662804172,32.9563637746902,33.200836841537125,33.334366905784194,33.607411698838874,33.63243791434071,33.63243791434071,33.63243791434071,33.63243791434071,33.63243791434071,33.65489344432716,33.93651174538179,33.98869485794239,33.98869485794239,33.98869485794239,33.98869485794239,33.98869485794239,33.98869485794239,33.98869485794239,33.99042060610766,,,,,,,,,,,,,,,,,,,,,,,,,,,,,33.72833333333333,34.63577964790095,34.63577964790095,34.03242535536965,34.03242535536965,33.43420557531261,32.75565831832815,32.61846684226836,32.23005004078213,31.869211079943895,31.652602737249374,31.63505936351473,31.63505936351473,31.644773772812297,31.96314914607278,31.96314914607278,31.96314914607278,31.963625050657505,31.988973874598077,31.988973874598077,31.991400983519416,32.49266262730995,32.769030993890645,32.917803645083936,32.9563637746902,32.9563637746902,32.9563637746902,32.9563637746902,32.96833205314215,33.29467842515523,33.307923051942346,33.340531911185465,33.52628220451527,33.52628220451527,33.52628220451527,33.53287373461239,33.624930274621896,33.624930274621896,33.624930274621896,33.624930274621896,33.624930274621896,33.624930274621896,33.624930274621896,33.796574396146106,33.942851948051945,33.94538531073446,,,,33.43420557531261,32.75565831832815,31.869211079943895,33.29467842515523,,,,32.88931662804172,33.28347006523497,32.445129391277945,32.618542533583636,"rgba(239, 83, 80, 0.5)",0.7767971026842094,34.22242307828151,-0.6339146690686047,10.255662200472466,-33.255630957815896,False,True,False,True,False,0.0,34.6648,32.17895,0.0,0.0,0.0,0.0,0,1.0010756543564008,0.9974901398350661,False,False,False,False,0.05661026996704476,0.06495310674945586,False,False,True,False,-1256.0,-1564.3281979542835,False,False,False,False,74.38043953682146,False,False,True,False
2025-05-22 19:00:00+00:00,33.73,33.835,33.73,33.835,197.0,,,,,,,,,,,,,,,,,,,,34.624302677029355,33.76898392029201,33.23794859484027,33.23794859484027,33.23794859484027,33.23794859484027,33.22482689747003,32.69584761010717,32.36610861525196,32.10144707692307,31.862330694309957,31.61447881985351,31.61447881985351,31.61447881985351,31.61447881985351,31.61447881985351,31.61447881985351,31.64113657489564,31.845511800645085,32.374696500672954,32.89448425843248,32.9610788318959,33.20400531500818,33.336756136101194,33.60833082998207,33.633231837349875,33.633231837349875,33.633231837349875,33.633231837349875,33.633231837349875,33.65557599707106,33.93597408266357,33.987975220211005,33.987975220211005,33.987975220211005,33.987975220211005,33.987975220211005,33.987975220211005,33.987975220211005,33.98969510308281,,,,,,,,,,,,,,,,,,,,,,,,,,,,,33.775869809203144,34.55002517361111,34.55002517361111,34.02344383418333,34.02344383418333,33.442289656719765,32.77222982950732,32.63622815719191,32.25024067545806,31.891186088162222,31.67530517691675,31.656514907603047,31.656514907603047,31.666026128741617,31.978258107167715,31.978258107167715,31.978258107167715,31.978667290367298,32.00320094110141,32.00320094110141,32.00549656472947,32.50095449667312,32.77504844157386,32.92277668087867,32.9610788318959,32.9610788318959,32.9610788318959,32.9610788318959,32.97296707027271,33.29729522632879,33.31046238812486,33.342886074193515,33.52761833965194,33.52761833965194,33.52761833965194,33.53417517826965,33.62576176929135,33.62576176929135,33.62576176929135,33.62576176929135,33.62576176929135,33.62576176929135,33.62576176929135,33.79658947376261,33.94229187812208,33.94481644056912,,,,33.442289656719765,32.77222982950732,31.891186088162222,33.29729522632879,,,,32.89448425843248,33.2824146704133,32.45719298330397,32.624459342338454,#000000,0.7604552216560745,34.183675918007175,-0.4585094665374886,14.48299767849723,-33.255630957815896,False,True,False,True,True,0.22807276481279004,34.650499999999994,32.205774999999996,0.0,0.0,0.0,0.0,0,1.0010676156583636,0.9900355871886115,False,False,False,False,0.06720685563383737,0.06607998119164661,False,False,False,False,-1059.0,-1556.4936522495657,False,False,False,False,76.28151799361493,False,False,False,False
2025-05-23 14:00:00+00:00,33.835,33.835,33.835,33.835,0.0,,,,,,,,,,,,,,,,,,,,34.624302677029355,33.76898392029201,33.23794859484027,33.23794859484027,33.23794859484027,33.23794859484027,33.22482689747003,32.69584761010717,32.36610861525196,32.10144707692307,31.862330694309957,31.61447881985351,31.61447881985351,31.61447881985351,31.61447881985351,31.61447881985351,31.61447881985351,31.64113657489564,31.845511800645085,32.374696500672954,32.89448425843248,32.9610788318959,33.20400531500818,33.336756136101194,33.60833082998207,33.633231837349875,33.633231837349875,33.633231837349875,33.633231837349875,33.633231837349875,33.65557599707106,33.93597408266357,33.987975220211005,33.987975220211005,33.987975220211005,33.987975220211005,33.987975220211005,33.987975220211005,33.987975220211005,33.98969510308281,,,,,,,,,,,,,,,,,,,,,,,,,,,,,33.775869809203144,34.55002517361111,34.55002517361111,34.02344383418333,34.02344383418333,33.442289656719765,32.77222982950732,32.63622815719191,32.25024067545806,31.891186088162222,31.67530517691675,31.656514907603047,31.656514907603047,31.666026128741617,31.978258107167715,31.978258107167715,31.978258107167715,31.978667290367298,32.00320094110141,32.00320094110141,32.00549656472947,32.50095449667312,32.77504844157386,32.92277668087867,32.9610788318959,32.9610788318959,32.9610788318959,32.9610788318959,32.97296707027271,33.29729522632879,33.31046238812486,33.342886074193515,33.52761833965194,33.52761833965194,33.52761833965194,33.53417517826965,33.62576176929135,33.62576176929135,33.62576176929135,33.62576176929135,33.62576176929135,33.62576176929135,33.62576176929135,33.79658947376261,33.94229187812208,33.94481644056912,,,,33.442289656719765,32.77222982950732,31.891186088162222,33.29729522632879,,,,32.89448425843248,33.2824146704133,32.45719298330397,32.624459342338454,#000000,0.7427029403856599,34.183675918007175,-0.4694688805542079,17.301221330513737,-39.18514459479965,False,True,False,True,True,0.22807276481276872,34.6362,32.2301,0.0,0.0,0.0,0.0,0,1.0465288035450526,0.9896602658788768,False,False,False,False,0.07781853364437318,0.0719492574180099,False,False,False,False,-1059.0,-1548.7805723697272,False,False,False,False,75.09885879991546,False,False,False,False
2025-05-23 15:00:00+00:00,33.835,33.835,33.835,33.835,0.0,,,,,,,,,,,,,,,,,,,,34.624302677029355,33.76898392029201,33.23794859484027,33.23794859484027,33.23794859484027,33.23794859484027,33.22482689747003,32.69584761010717,32.36610861525196,32.10144707692307,31.862330694309957,31.61447881985351,31.61447881985351,31.61447881985351,31.61447881985351,31.61447881985351,31.61447881985351,31.64113657489564,31.845511800645085,32.374696500672954,32.89448425843248,32.9610788318959,33.20400531500818,33.336756136101194,33.60833082998207,33.633231837349875,33.633231837349875,33.633231837349875,33.633231837349875,33.633231837349875,33.65557599707106,33.93597408266357,33.987975220211005,33.987975220211005,33.987975220211005,33.987975220211005,33.987975220211005,33.987975220211005,33.987975220211005,33.98969510308281,,,,,,,,,,,,,,,,,,,,,,,,,,,,,33.775869809203144,34.55002517361111,34.55002517361111,34.02344383418333,34.02344383418333,33.442289656719765,32.77222982950732,32.63622815719191,32.25024067545806,31.891186088162222,31.67530517691675,31.656514907603047,31.656514907603047,31.666026128741617,31.978258107167715,31.978258107167715,31.978258107167715,31.978667290367298,32.00320094110141,32.00320094110141,32.00549656472947,32.50095449667312,32.77504844157386,32.92277668087867,32.9610788318959,32.9610788318959,32.9610788318959,32.9610788318959,32.97296707027271,33.29729522632879,33.31046238812486,33.342886074193515,33.52761833965194,33.52761833965194,33.52761833965194,33.53417517826965,33.62576176929135,33.62576176929135,33.62576176929135,33.62576176929135,33.62576176929135,33.62576176929135,33.62576176929135,33.79658947376261,33.94229187812208,33.94481644056912,,,,33.442289656719765,32.77222982950732,31.891186088162222,33.29729522632879,,,,32.89448425843248,33.2824146704133,32.45719298330397,32.624459342338454,#000000,0.7242336925615177,34.183675918007175,-0.481441172356887,19.180037098524743,-37.24310358325491,False,True,False,True,True,0.22807276481279004,34.621900000000004,32.254975,0.0,0.0,0.0,0.0,0,1.0452858203415007,0.9584261321455079,False,False,False,False,0.07781853364437318,0.07488389553119154,False,False,False,False,-1059.0,-1541.1870751236847,False,False,False,False,73.9345354076687,False,False,False,False
2025-05-23 16:00:00+00:00,33.835,33.835,33.835,33.835,0.0,,,,,,,,,,,,,,,,,,,,34.624302677029355,33.76898392029201,33.23794859484027,33.23794859484027,33.23794859484027,33.23794859484027,33.22482689747003,32.69584761010717,32.36610861525196,32.10144707692307,31.862330694309957,31.61447881985351,31.61447881985351,31.61447881985351,31.61447881985351,31.61447881985351,31.61447881985351,31.64113657489564,31.845511800645085,32.374696500672954,32.89448425843248,32.9610788318959,33.20400531500818,33.336756136101194,33.60833082998207,33.633231837349875,33.633231837349875,33.633231837349875,33.633231837349875,33.633231837349875,33.65557599707106,33.93597408266357,33.987975220211005,33.987975220211005,33.987975220211005,33.987975220211005,33.987975220211005,33.987975220211005,33.987975220211005,33.98969510308281,,,,,,,,,,,,,,,,,,,,,,,,,,,,,33.775869809203144,34.55002517361111,34.55002517361111,34.02344383418333,34.02344383418333,33.442289656719765,32.77222982950732,32.63622815719191,32.25024067545806,31.891186088162222,31.67530517691675,31.656514907603047,31.656514907603047,31.666026128741617,31.978258107167715,31.978258107167715,31.978258107167715,31.978667290367298,32.00320094110141,32.00320094110141,32.00549656472947,32.50095449667312,32.77504844157386,32.92277668087867,32.9610788318959,32.9610788318959,32.9610788318959,32.9610788318959,32.97296707027271,33.29729522632879,33.31046238812486,33.342886074193515,33.52761833965194,33.52761833965194,33.52761833965194,33.53417517826965,33.62576176929135,33.62576176929135,33.62576176929135,33.62576176929135,33.62576176929135,33.62576176929135,33.62576176929135,33.79658947376261,33.94229187812208,33.94481644056912,,,,33.442289656719765,32.77222982950732,31.891186088162222,33.29729522632879,,,,32.89448425843248,33.2824146704133,32.45719298330397,32.624459342338454,#000000,0.7078871938940063,34.183675918007175,-0.4925585898639416,20.432580943865414,-35.81842433931553,False,True,False,True,True,0.22807276481279004,34.6047,32.2714,0.0,0.0,0.0,0.0,0,1.0452858203415007,0.9532293986636964,False,False,False,False,0.07781853364437318,0.07635121458778235,False,False,False,False,-1059.0,-1533.7113065171159,False,False,False,False,72.78826354088314,False,False,False,False
2025-05-23 17:00:00+00:00,33.835,33.835,33.835,33.835,0.0,,,,,,,,,,,,,,,,,,,,34.624302677029355,33.76898392029201,33.23794859484027,33.23794859484027,33.23794859484027,33.23794859484027,33.22482689747003,32.69584761010717,32.36610861525196,32.10144707692307,31.862330694309957,31.61447881985351,31.61447881985351,31.61447881985351,31.61447881985351,31.61447881985351,31.61447881985351,31.64113657489564,31.845511800645085,32.374696500672954,32.89448425843248,32.9610788318959,33.20400531500818,33.336756136101194,33.60833082998207,33.633231837349875,33.633231837349875,33.633231837349875,33.633231837349875,33.633231837349875,33.65557599707106,33.93597408266357,33.987975220211005,33.987975220211005,33.987975220211005,33.987975220211005,33.987975220211005,33.987975220211005,33.987975220211005,33.98969510308281,,,,,,,,,,,,,,,,,,,,,,,,,,,,,33.775869809203144,34.55002517361111,34.55002517361111,34.02344383418333,34.02344383418333,33.442289656719765,32.77222982950732,32.63622815719191,32.25024067545806,31.891186088162222,31.67530517691675,31.656514907603047,31.656514907603047,31.666026128741617,31.978258107167715,31.978258107167715,31.978258107167715,31.978667290367298,32.00320094110141,32.00320094110141,32.00549656472947,32.50095449667312,32.77504844157386,32.92277668087867,32.9610788318959,32.9610788318959,32.9610788318959,32.9610788318959,32.97296707027271,33.29729522632879,33.31046238812486,33.342886074193515,33.52761833965194,33.52761833965194,33.52761833965194,33.53417517826965,33.62576176929135,33.62576176929135,33.62576176929135,33.62576176929135,33.62576176929135,33.62576176929135,33.62576176929135,33.79658947376261,33.94229187812208,33.94481644056912,,,,33.442289656719765,32.77222982950732,31.891186088162222,33.29729522632879,,,,32.89448425843248,33.2824146704133,32.45719298330397,32.624459342338454,"rgba(239, 83, 80, 0.5)",0.6909138940626842,34.183675918007175,-0.5046590045496179,21.267610174092525,-34.70669116568071,False,True,False,True,True,0.22807276481276872,34.5875,32.287825,0.0,0.0,0.0,0.0,0,1.0452858203415007,0.9532293986636964,False,False,False,False,0.07781853364437318,0.07708487411607776,False,False,False,False,-1059.0,-1526.351441299796,False,False,False,False,71.65976333094696,False,False,False,False
2025-05-23 18:00:00+00:00,33.835,33.835,33.835,33.835,0.0,,,,,,,,,,,,,,,,,,,,34.624302677029355,33.76898392029201,33.23794859484027,33.23794859484027,33.23794859484027,33.23794859484027,33.22482689747003,32.69584761010717,32.36610861525196,32.10144707692307,31.862330694309957,31.61447881985351,31.61447881985351,31.61447881985351,31.61447881985351,31.61447881985351,31.61447881985351,31.64113657489564,31.845511800645085,32.374696500672954,32.89448425843248,32.9610788318959,33.20400531500818,33.336756136101194,33.60833082998207,33.633231837349875,33.633231837349875,33.633231837349875,33.633231837349875,33.633231837349875,33.65557599707106,33.93597408266357,33.987975220211005,33.987975220211005,33.987975220211005,33.987975220211005,33.987975220211005,33.987975220211005,33.987975220211005,33.98969510308281,,,,,,,,,,,,,,,,,,,,,,,,,,,,,33.775869809203144,34.55002517361111,34.55002517361111,34.02344383418333,34.02344383418333,33.442289656719765,32.77222982950732,32.63622815719191,32.25024067545806,31.891186088162222,31.67530517691675,31.656514907603047,31.656514907603047,31.666026128741617,31.978258107167715,31.978258107167715,31.978258107167715,31.978667290367298,32.00320094110141,32.00320094110141,32.00549656472947,32.50095449667312,32.77504844157386,32.92277668087867,32.9610788318959,32.9610788318959,32.9610788318959,32.9610788318959,32.97296707027271,33.29729522632879,33.31046238812486,33.342886074193515,33.52761833965194,33.52761833965194,33.52761833965194,33.53417517826965,33.62576176929135,33.62576176929135,33.62576176929135,33.62576176929135,33.62576176929135,33.62576176929135,33.62576176929135,33.79658947376261,33.94229187812208,33.94481644056912,,,,33.442289656719765,32.77222982950732,31.891186088162222,33.29729522632879,,,,32.89448425843248,33.2824146704133,32.45719298330397,32.624459342338454,"rgba(239, 83, 80, 0.5)",0.6732663890545,34.183675918007175,-0.5178870112569209,21.82429632757727,-33.78961105017258,False,True,False,True,True,0.22807276481279004,34.5703,32.30425,0.0,0.0,0.0,0.0,0,1.0452858203415007,0.9532293986636964,False,False,False,False,0.07781853364437318,0.07745170388022546,False,False,False,False,-1059.0,-1519.1056825199541,False,False,False,False,70.54875924829662,False,False,False,False
2025-05-23 19:00:00+00:00,33.835,33.835,33.835,33.835,0.0,,,,,,,,,,,,,,,,,,,,34.624302677029355,33.76898392029201,33.23794859484027,33.23794859484027,33.23794859484027,33.23794859484027,33.22482689747003,32.69584761010717,32.36610861525196,32.10144707692307,31.862330694309957,31.61447881985351,31.61447881985351,31.61447881985351,31.61447881985351,31.61447881985351,31.61447881985351,31.64113657489564,31.845511800645085,32.374696500672954,32.89448425843248,32.9610788318959,33.20400531500818,33.336756136101194,33.60833082998207,33.633231837349875,33.633231837349875,33.633231837349875,33.633231837349875,33.633231837349875,33.65557599707106,33.93597408266357,33.987975220211005,33.987975220211005,33.987975220211005,33.987975220211005,33.987975220211005,33.987975220211005,33.987975220211005,33.98969510308281,,,,,,,,,,,,,,,,,,,,,,,,,,,,,33.775869809203144,34.55002517361111,34.55002517361111,34.02344383418333,34.02344383418333,33.442289656719765,32.77222982950732,32.63622815719191,32.25024067545806,31.891186088162222,31.67530517691675,31.656514907603047,31.656514907603047,31.666026128741617,31.978258107167715,31.978258107167715,31.978258107167715,31.978667290367298,32.00320094110141,32.00320094110141,32.00549656472947,32.50095449667312,32.77504844157386,32.92277668087867,32.9610788318959,32.9610788318959,32.9610788318959,32.9610788318959,32.97296707027271,33.29729522632879,33.31046238812486,33.342886074193515,33.52761833965194,33.52761833965194,33.52761833965194,33.53417517826965,33.62576176929135,33.62576176929135,33.62576176929135,33.62576176929135,33.62576176929135,33.62576176929135,33.62576176929135,33.79658947376261,33.94229187812208,33.94481644056912,,,,33.442289656719765,32.77222982950732,31.891186088162222,33.29729522632879,,,,32.89448425843248,33.2824146704133,32.45719298330397,32.624459342338454,"rgba(239, 83, 80, 0.5)",0.6641796606502472,34.183675918007175,-0.524972290879568,22.19542042990043,-33.00039092727678,False,True,False,True,True,0.22807276481276872,34.5558,32.325675000000004,0.0,0.0,0.0,0.0,0,1.0466717674062749,0.9824024483550107,False,False,False,False,0.07781853364437318,0.07763511876229931,False,False,False,False,-1059.0,-1511.972261085536,False,False,False,False,69.45498003514473,False,False,False,False
2025-05-26 14:00:00+00:00,33.835,33.835,33.835,33.835,0.0,,,,,,,,,,,,,,,,,,,,34.624302677029355,33.76898392029201,33.23794859484027,33.23794859484027,33.23794859484027,33.23794859484027,33.22482689747003,32.69584761010717,32.36610861525196,32.10144707692307,31.862330694309957,31.61447881985351,31.61447881985351,31.61447881985351,31.61447881985351,31.61447881985351,31.61447881985351,31.64113657489564,31.845511800645085,32.374696500672954,32.89448425843248,32.9610788318959,33.20400531500818,33.336756136101194,33.60833082998207,33.633231837349875,33.633231837349875,33.633231837349875,33.633231837349875,33.633231837349875,33.65557599707106,33.93597408266357,33.987975220211005,33.987975220211005,33.987975220211005,33.987975220211005,33.987975220211005,33.987975220211005,33.987975220211005,33.98969510308281,,,,,,,,,,,,,,,,,,,,,,,,,,,,,33.775869809203144,34.55002517361111,34.55002517361111,34.02344383418333,34.02344383418333,33.442289656719765,32.77222982950732,32.63622815719191,32.25024067545806,31.891186088162222,31.67530517691675,31.656514907603047,31.656514907603047,31.666026128741617,31.978258107167715,31.978258107167715,31.978258107167715,31.978667290367298,32.00320094110141,32.00320094110141,32.00549656472947,32.50095449667312,32.77504844157386,32.92277668087867,32.9610788318959,32.9610788318959,32.9610788318959,32.9610788318959,32.97296707027271,33.29729522632879,33.31046238812486,33.342886074193515,33.52761833965194,33.52761833965194,33.52761833965194,33.53417517826965,33.62576176929135,33.62576176929135,33.62576176929135,33.62576176929135,33.62576176929135,33.62576176929135,33.62576176929135,33.79658947376261,33.94229187812208,33.94481644056912,,,,33.442289656719765,32.77222982950732,31.891186088162222,33.29729522632879,,,,32.89448425843248,33.2824146704133,32.45719298330397,32.624459342338454,"rgba(239, 83, 80, 0.5)",0.6548694801530249,34.183675918007175,-0.5324357426547018,22.442836498115874,-32.302302558429304,False,True,False,True,True,0.22807276481276872,34.543,32.350475,0.0,0.0,0.0,0.0,0,1.0375000000000008,0.9820312499999991,False,False,False,False,0.07781853364437318,0.07772682620333624,False,False,False,False,-1059.0,-1504.9494353322718,False,False,False,False,68.37815863925101,False,False,False,False
2025-05-26 15:00:00+00:00,33.835,33.835,33.835,33.835,0.0,,,,,,,,,,,,,,,,,,,,34.624302677029355,33.76898392029201,33.23794859484027,33.23794859484027,33.23794859484027,33.23794859484027,33.22482689747003,32.69584761010717,32.36610861525196,32.10144707692307,31.862330694309957,31.61447881985351,31.61447881985351,31.61447881985351,31.61447881985351,31.61447881985351,31.61447881985351,31.64113657489564,31.845511800645085,32.374696500672954,32.89448425843248,32.9610788318959,33.20400531500818,33.336756136101194,33.60833082998207,33.633231837349875,33.633231837349875,33.633231837349875,33.633231837349875,33.633231837349875,33.65557599707106,33.93597408266357,33.987975220211005,33.987975220211005,33.987975220211005,33.987975220211005,33.987975220211005,33.987975220211005,33.987975220211005,33.98969510308281,,,,,,,,,,,,,,,,,,,,,,,,,,,,,33.775869809203144,34.55002517361111,34.55002517361111,34.02344383418333,34.02344383418333,33.442289656719765,32.77222982950732,32.63622815719191,32.25024067545806,31.891186088162222,31.67530517691675,31.656514907603047,31.656514907603047,31.666026128741617,31.978258107167715,31.978258107167715,31.978258107167715,31.978667290367298,32.00320094110141,32.00320094110141,32.00549656472947,32.50095449667312,32.77504844157386,32.92277668087867,32.9610788318959,32.9610788318959,32.9610788318959,32.9610788318959,32.97296707027271,33.29729522632879,33.31046238812486,33.342886074193515,33.52761833965194,33.52761833965194,33.52761833965194,33.53417517826965,33.62576176929135,33.62576176929135,33.62576176929135,33.62576176929135,33.62576176929135,33.62576176929135,33.62576176929135,33.79658947376261,33.94229187812208,33.94481644056912,,,,33.442289656719765,32.77222982950732,31.891186088162222,33.29729522632879,,,,32.89448425843248,33.2824146704133,32.45719298330397,32.624459342338454,"rgba(239, 83, 80, 0.5)",0.6375836422782186,34.183675918007175,-0.5468708650700055,22.607780543592835,-31.675617082833725,False,True,False,True,True,0.22807276481276872,34.5302,32.37635,0.0,0.0,0.0,0.0,0,1.0380348652931863,0.9746434231378758,False,False,False,False,0.07781853364437318,0.0777726799238547,False,False,False,False,-1059.0,-1498.035490598438,False,False,False,False,67.31803214872,False,False,False,False
2025-05-26 16:00:00+00:00,33.835,33.835,33.835,33.835,0.0,,,,,,,,,,,,,,,,,,,,34.624302677029355,33.76898392029201,33.23794859484027,33.23794859484027,33.23794859484027,33.23794859484027,33.22482689747003,32.69584761010717,32.36610861525196,32.10144707692307,31.862330694309957,31.61447881985351,31.61447881985351,31.61447881985351,31.61447881985351,31.61447881985351,31.61447881985351,31.64113657489564,31.845511800645085,32.374696500672954,32.89448425843248,32.9610788318959,33.20400531500818,33.336756136101194,33.60833082998207,33.633231837349875,33.633231837349875,33.633231837349875,33.633231837349875,33.633231837349875,33.65557599707106,33.93597408266357,33.987975220211005,33.987975220211005,33.987975220211005,33.987975220211005,33.987975220211005,33.987975220211005,33.987975220211005,33.98969510308281,,,,,,,,,,,,,,,,,,,,,,,,,,,,,33.775869809203144,34.55002517361111,34.55002517361111,34.02344383418333,34.02344383418333,33.442289656719765,32.77222982950732,32.63622815719191,32.25024067545806,31.891186088162222,31.67530517691675,31.656514907603047,31.656514907603047,31.666026128741617,31.978258107167715,31.978258107167715,31.978258107167715,31.978667290367298,32.00320094110141,32.00320094110141,32.00549656472947,32.50095449667312,32.77504844157386,32.92277668087867,32.9610788318959,32.9610788318959,32.9610788318959,32.9610788318959,32.97296707027271,33.29729522632879,33.31046238812486,33.342886074193515,33.52761833965194,33.52761833965194,33.52761833965194,33.53417517826965,33.62576176929135,33.62576176929135,33.62576176929135,33.62576176929135,33.62576176929135,33.62576176929135,33.62576176929135,33.79658947376261,33.94229187812208,33.94481644056912,,,,33.442289656719765,32.77222982950732,31.891186088162222,33.29729522632879,,,,32.89448425843248,33.2824146704133,32.45719298330397,32.624459342338454,"rgba(239, 83, 80, 0.5)",0.6188182576782105,34.183675918007175,-0.5634544774347755,22.717743240577477,-31.10980023521457,False,True,False,True,True,0.22807276481279004,34.5087,32.40195,0.0,0.0,0.0,0.0,0,1.0516890516890527,0.9739519739519733,False,False,False,False,0.07781853364437318,0.07779560678411393,False,False,False,False,-1059.0,-1491.2287388062139,False,False,False,False,66.2743417278096,False,False,False,False
2025-05-26 17:00:00+00:00,33.835,33.835,33.835,33.835,0.0,,,,,,,,,,,,,,,,,,,,34.624302677029355,33.76898392029201,33.23794859484027,33.23794859484027,33.23794859484027,33.23794859484027,33.22482689747003,32.69584761010717,32.36610861525196,32.10144707692307,31.862330694309957,31.61447881985351,31.61447881985351,31.61447881985351,31.61447881985351,31.61447881985351,31.61447881985351,31.64113657489564,31.845511800645085,32.374696500672954,32.89448425843248,32.9610788318959,33.20400531500818,33.336756136101194,33.60833082998207,33.633231837349875,33.633231837349875,33.633231837349875,33.633231837349875,33.633231837349875,33.65557599707106,33.93597408266357,33.987975220211005,33.987975220211005,33.987975220211005,33.987975220211005,33.987975220211005,33.987975220211005,33.987975220211005,33.98969510308281,,,,,,,,,,,,,,,,,,,,,,,,,,,,,33.775869809203144,34.55002517361111,34.55002517361111,34.02344383418333,34.02344383418333,33.442289656719765,32.77222982950732,32.63622815719191,32.25024067545806,31.891186088162222,31.67530517691675,31.656514907603047,31.656514907603047,31.666026128741617,31.978258107167715,31.978258107167715,31.978258107167715,31.978667290367298,32.00320094110141,32.00320094110141,32.00549656472947,32.50095449667312,32.77504844157386,32.92277668087867,32.9610788318959,32.9610788318959,32.9610788318959,32.9610788318959,32.97296707027271,33.29729522632879,33.31046238812486,33.342886074193515,33.52761833965194,33.52761833965194,33.52761833965194,33.53417517826965,33.62576176929135,33.62576176929135,33.62576176929135,33.62576176929135,33.62576176929135,33.62576176929135,33.62576176929135,33.79658947376261,33.94229187812208,33.94481644056912,,,,33.442289656719765,32.77222982950732,31.891186088162222,33.29729522632879,,,,32.89448425843248,33.2824146704133,32.45719298330397,32.624459342338454,"rgba(239, 83, 80, 0.5)",0.6067563145325199,34.183675918007175,-0.5746556066347894,22.791051705233905,-30.59897422158602,False,True,False,True,True,0.22807276481279004,34.4874,32.427550000000004,0.0,0.0,0.0,0.0,0,1.051794453507342,0.9486133768352357,False,False,False,False,0.07781853364437318,0.07780707021424355,False,False,False,False,-1059.0,-1484.5275180495282,False,False,False,False,65.24683255373503,False,False,False,False
2025-05-26 18:00:00+00:00,33.835,33.835,33.835,33.835,0.0,,,,,,,,,,,,,,,,,,,,34.624302677029355,33.76898392029201,33.23794859484027,33.23794859484027,33.23794859484027,33.23794859484027,33.22482689747003,32.69584761010717,32.36610861525196,32.10144707692307,31.862330694309957,31.61447881985351,31.61447881985351,31.61447881985351,31.61447881985351,31.61447881985351,31.61447881985351,31.64113657489564,31.845511800645085,32.374696500672954,32.89448425843248,32.9610788318959,33.20400531500818,33.336756136101194,33.60833082998207,33.633231837349875,33.633231837349875,33.633231837349875,33.633231837349875,33.633231837349875,33.65557599707106,33.93597408266357,33.987975220211005,33.987975220211005,33.987975220211005,33.987975220211005,33.987975220211005,33.987975220211005,33.987975220211005,33.98969510308281,,,,,,,,,,,,,,,,,,,,,,,,,,,,,33.775869809203144,34.55002517361111,34.55002517361111,34.02344383418333,34.02344383418333,33.442289656719765,32.77222982950732,32.63622815719191,32.25024067545806,31.891186088162222,31.67530517691675,31.656514907603047,31.656514907603047,31.666026128741617,31.978258107167715,31.978258107167715,31.978258107167715,31.978667290367298,32.00320094110141,32.00320094110141,32.00549656472947,32.50095449667312,32.77504844157386,32.92277668087867,32.9610788318959,32.9610788318959,32.9610788318959,32.9610788318959,32.97296707027271,33.29729522632879,33.31046238812486,33.342886074193515,33.52761833965194,33.52761833965194,33.52761833965194,33.53417517826965,33.62576176929135,33.62576176929135,33.62576176929135,33.62576176929135,33.62576176929135,33.62576176929135,33.62576176929135,33.79658947376261,33.94229187812208,33.94481644056912,,,,33.442289656719765,32.77222982950732,31.891186088162222,33.29729522632879,,,,32.89448425843248,33.2824146704133,32.45719298330397,32.624459342338454,"rgba(239, 83, 80, 0.5)",0.5943176267294311,34.183675918007175,-0.5866827809330859,22.839924015004854,-30.139376874377206,False,True,False,True,True,0.22807276481276872,34.4629,32.45315,0.0,0.0,0.0,0.0,0,1.0497553017944545,0.9486133768352357,False,False,False,False,0.07781853364437318,0.07781280192930837,False,False,False,False,-1059.0,-1477.930192188295,False,False,False,False,64.23525375445232,False,False,False,False
2025-05-26 19:00:00+00:00,33.835,33.835,33.835,33.835,0.0,,,,,,,,,,,,,,,,,,,,34.624302677029355,33.76898392029201,33.23794859484027,33.23794859484027,33.23794859484027,33.23794859484027,33.22482689747003,32.69584761010717,32.36610861525196,32.10144707692307,31.862330694309957,31.61447881985351,31.61447881985351,31.61447881985351,31.61447881985351,31.61447881985351,31.61447881985351,31.64113657489564,31.845511800645085,32.374696500672954,32.89448425843248,32.9610788318959,33.20400531500818,33.336756136101194,33.60833082998207,33.633231837349875,33.633231837349875,33.633231837349875,33.633231837349875,33.633231837349875,33.65557599707106,33.93597408266357,33.987975220211005,33.987975220211005,33.987975220211005,33.987975220211005,33.987975220211005,33.987975220211005,33.987975220211005,33.98969510308281,,,,,,,,,,,,,,,,,,,,,,,,,,,,,33.775869809203144,34.55002517361111,34.55002517361111,34.02344383418333,34.02344383418333,33.442289656719765,32.77222982950732,32.63622815719191,32.25024067545806,31.891186088162222,31.67530517691675,31.656514907603047,31.656514907603047,31.666026128741617,31.978258107167715,31.978258107167715,31.978258107167715,31.978667290367298,32.00320094110141,32.00320094110141,32.00549656472947,32.50095449667312,32.77504844157386,32.92277668087867,32.9610788318959,32.9610788318959,32.9610788318959,32.9610788318959,32.97296707027271,33.29729522632879,33.31046238812486,33.342886074193515,33.52761833965194,33.52761833965194,33.52761833965194,33.53417517826965,33.62576176929135,33.62576176929135,33.62576176929135,33.62576176929135,33.62576176929135,33.62576176929135,33.62576176929135,33.79658947376261,33.94229187812208,33.94481644056912,,,,33.442289656719765,32.77222982950732,31.891186088162222,33.29729522632879,,,,32.89448425843248,33.2824146704133,32.45719298330397,32.624459342338454,"rgba(239, 83, 80, 0.5)",0.587463267013311,34.183675918007175,-0.5935280341524297,22.872505554852154,-29.728017428979122,False,True,False,True,True,0.22807276481276872,34.4394,32.47875,0.0,0.0,0.0,0.0,0,1.0505804311774471,0.9643449419568817,False,False,False,False,0.07781853364437318,0.07781566778684076,False,False,False,False,-1059.0,-1471.4351504489414,False,False,False,False,63.239358347406544,False,False,False,False
2025-05-27 14:00:00+00:00,33.97,34.0,33.97,34.0,400.0,,,,,,,,,,,,,,,,,,,,34.53088549337261,33.78133463723574,33.26576629061093,33.26576629061093,33.26576629061093,33.26576629061093,33.25287062488546,32.73511492073125,32.409151260132965,32.14681771771771,31.909725455254215,31.662172865532305,31.662172865532305,31.662172865532305,31.662172865532305,31.662172865532305,31.662172865532305,31.687826699133662,31.88468769029351,32.396148074369194,32.90696272460632,32.97262417713943,33.21235519082144,33.34349182412634,33.61199385767071,33.6366314101037,33.6366314101037,33.6366314101037,33.6366314101037,33.6366314101037,33.658739820092556,33.93640270670527,33.98799077898376,33.98799077898376,33.98799077898376,33.98799077898376,33.98799077898376,33.98799077898376,33.98799077898376,33.98969744367251,,,,,,,,,,,,,,,,,,,,,,,,,,,33.99,33.99,33.89875657580105,34.4534691091954,34.4534691091954,34.02101067054686,34.02101067054686,33.46581168133992,32.81024060345949,32.67632506479082,32.29451499342579,31.93859280591789,31.723948548211975,31.702544794029656,31.702544794029656,31.711643439002845,32.0113052019165,32.0113052019165,32.0113052019165,32.011572528970696,32.03439455194882,32.03439455194882,32.03641144474303,32.51988705234161,32.78927837315533,32.93485378297074,32.97262417713943,32.97262417713943,32.97262417713943,32.97262417713943,32.98434709634105,33.3045030175329,33.31750879239576,33.34954893733858,33.53215627581356,33.53215627581356,33.53215627581356,33.53864021876658,33.62924081060859,33.62924081060859,33.62924081060859,33.62924081060859,33.62924081060859,33.62924081060859,33.62924081060859,33.79830266324166,33.94266866744328,33.94517258819897,,,,33.46581168133992,32.81024060345949,31.93859280591789,33.3045030175329,,,,32.90696272460632,33.49235152885517,32.488533246438195,32.84496854971068,#000000,0.5787757582848836,34.19736010002916,-0.34099579535605556,36.56350667628949,-17.05967764077976,False,False,False,True,True,3.4884577273776642,34.419200000000004,32.505175,0.0,0.0,0.0,0.0,0,1.046147507210549,0.9571487433044903,False,False,False,False,0.10824253629139718,0.09302910203911897,False,False,False,False,-659.0,-1458.8392566435314,False,False,False,False,68.4604535668266,False,False,False,False
2025-05-27 15:00:00+00:00,34.0,34.055,34.0,34.055,100.0,,,,,,,,,,,,,,,,,,,,34.513335108901515,33.78485257646735,33.272829698857734,33.272829698857734,33.272829698857734,33.272829698857734,33.259986986259904,32.74491354864614,32.419864941961244,32.15810039800994,31.921504495025008,31.674031696881922,31.674031696881922,31.674031696881922,31.674031696881922,31.674031696881922,31.674031696881922,31.699441395111176,31.89447119173183,32.40157666004854,32.91017056156592,32.975600686285475,33.21453862386212,33.345274085310976,33.61301035632789,33.637582109415845,33.637582109415845,33.637582109415845,33.637582109415845,33.637582109415845,33.65963155659376,33.93660117845784,33.98808410826702,33.98808410826702,33.98808410826702,33.98808410826702,33.98808410826702,33.98808410826702,33.98808410826702,33.989787412685644,,,,,,,,,,,,,,,,,,,,,,,,,,,33.99933333333333,33.99933333333333,33.91606022584693,34.4362458677686,34.4362458677686,34.02129034178873,34.02129034178873,33.47187557538418,32.81973674022455,32.686323900526766,32.30552872255236,31.95037378104703,31.73603550398941,31.713998920404357,31.713998920404357,31.722997200247416,32.01958888888889,32.01958888888889,32.01958888888889,32.01982138492872,32.04222296073296,32.04222296073296,32.04417128965099,32.5246930713984,32.79292017011174,32.93796212185329,32.975600686285475,32.975600686285475,32.975600686285475,32.975600686285475,32.98728260060998,33.306402668949886,33.319368282697695,33.35131308463204,33.53339109577306,33.53339109577306,33.53339109577306,33.539856846219614,33.630211380564425,33.630211380564425,33.630211380564425,33.630211380564425,33.630211380564425,33.630211380564425,33.630211380564425,33.79882934140557,33.94285389612522,33.945352528172755,,,,33.47187557538418,32.81973674022455,31.95037378104703,33.306402668949886,,,,32.91017056156592,33.496376810399155,32.49667781394426,32.85146283140019,#000000,0.5694048180747258,34.19486102754452,-0.24562670196121295,47.69012741586458,-7.555294855751725,True,False,False,False,True,4.533575450101541,34.400099999999995,32.52155,0.0,0.0,0.0,0.0,0,1.0488006617038887,0.9532671629445814,False,False,False,False,0.11689664774341886,0.10496287489126892,False,False,False,False,-559.0,-1444.8882604164999,False,False,False,False,68.9494387828448,False,False,False,False
2025-05-27 16:00:00+00:00,34.055,34.055,33.925,33.925,10.0,,,,,,,,,,,,,,,,,,,,34.51140658174098,33.785105026600625,33.27346637373367,33.27346637373367,33.27346637373367,33.27346637373367,33.26062953555878,32.74583389754006,32.42088360414885,32.15918048926014,31.922637405213923,31.67517695801927,31.67517695801927,31.67517695801927,31.67517695801927,31.67517695801927,31.67517695801927,31.7005627769815,31.895413599321397,32.40209493880252,32.91047094558152,32.97587831161325,33.21473823583931,33.34543424243203,33.61309538623529,33.637660695051636,33.637660695051636,33.637660695051636,33.637660695051636,33.637660695051636,33.65970437907417,33.936607458570826,33.98808032205501,33.98808032205501,33.98808032205501,33.98808032205501,33.98808032205501,33.98808032205501,33.98808032205501,33.98978330396813,,,,,,,,,,,,,,,,,,,,,,,,,,,33.99872549019608,33.99872549019608,33.91670797191244,34.434320301783266,34.434320301783266,34.021195910603886,34.021195910603886,33.47240237691002,32.82062540296583,32.68726551597503,32.30657926880633,31.95150625736573,31.737201560105866,31.715104636714408,31.715104636714408,31.724093127684498,32.02038559553012,32.02038559553012,32.02038559553012,32.02061475298589,32.042975729862825,32.042975729862825,32.04491746487249,32.52515035371134,32.793263236238424,32.9382527192562,32.97587831161325,32.97587831161325,32.97587831161325,32.97587831161325,32.98755619387584,33.30657436708861,33.31953603894705,33.35147146145093,33.533497524490016,33.533497524490016,33.533497524490016,33.5399614930598,33.63029190879934,33.63029190879934,33.63029190879934,33.63029190879934,33.63029190879934,33.63029190879934,33.63029190879934,33.798866785956236,33.94285891601158,33.94535704688309,,,,33.47240237691002,32.82062540296583,31.95150625736573,33.30657436708861,,,,32.91047094558152,33.496489404113,32.49743375491096,32.851842284994866,#000000,0.5527428983818586,34.19376839123443,-0.48624485637218334,47.957586951972424,-7.555294855751725,True,False,False,False,True,1.8255705292107791,34.376799999999996,32.541225,0.0,0.0,0.0,0.0,0,1.0396890343698864,0.9480360065466441,False,False,False,False,0.10925980446388046,0.10711133967757469,False,False,False,False,-569.0,-1431.308597464306,False,False,False,False,68.03549399551386,False,False,False,False
2025-05-27 17:00:00+00:00,33.925,33.96,33.925,33.96,100.0,,,,,,,,,,,,,,,,,,,,34.492162793347,33.78732039449874,33.279588171262695,33.279588171262695,33.279588171262695,33.279588171262695,33.26681169842981,32.75481246422261,32.43086628324946,32.16979230921312,31.933787820406963,31.68646765674929,31.68646765674929,31.68646765674929,31.68646765674929,31.68646765674929,31.68646765674929,31.71161756750111,31.904700307608795,32.407192988240475,32.91340881856183,32.97859027274248,33.21667573444611,33.346980018631044,33.61389570600968,33.63839709554059,33.63839709554059,33.63839709554059,33.63839709554059,33.63839709554059,33.66038364987095,33.93663061942008,33.988004273095434,33.988004273095434,33.988004273095434,33.988004273095434,33.988004273095434,33.988004273095434,33.988004273095434,33.9897040739608,,,,,,,,,,,,,,,,,,,,,,,,,,,33.990464480874316,33.990464480874316,33.920194781330395,34.41511133069829,34.41511133069829,34.01991941135248,34.01991941135248,33.47739955200896,32.82928342930263,32.69646032324705,32.316886614766446,31.962649887456514,31.74869154022033,31.726004815827153,31.726004815827153,31.734896703581374,32.02823554560261,32.02823554560261,32.02823554560261,32.02843194106516,32.0503933247687,32.0503933247687,32.05227025147759,32.52964414272183,32.79662471140603,32.941093455578375,32.97859027274248,32.97859027274248,32.97859027274248,32.97859027274248,32.990228136529645,33.30823471834144,33.32115727729792,33.352999564761,33.53451013417303,33.53451013417303,33.53451013417303,33.540956429934624,33.63104756700247,33.63104756700247,33.63104756700247,33.63104756700247,33.63104756700247,33.63104756700247,33.63104756700247,33.799196239640274,33.94286968034554,33.94536288766346,,,,33.47739955200896,32.82928342930263,31.962649887456514,33.30823471834144,,,,32.91340881856183,33.497077073265196,32.50481116261323,32.855130074364546,#000000,0.5396134335406457,34.181696408612765,-0.41084301248416866,49.5952034414823,-6.972421754070325,True,False,False,False,True,2.503701209887062,34.361399999999996,32.561075,0.0,0.0,0.0,0.0,0,1.0396080032666402,0.9567170273581044,False,False,False,False,0.09960454548722239,0.10335794258239854,False,False,False,False,-469.0,-1416.3890843253246,False,False,False,False,68.53106773201752,False,False,False,False
2025-05-27 18:00:00+00:00,33.96,33.96,33.96,33.96,0.0,,,,,,,,,,,,,,,,,,,,34.492162793347,33.78732039449874,33.279588171262695,33.279588171262695,33.279588171262695,33.279588171262695,33.26681169842981,32.75481246422261,32.43086628324946,32.16979230921312,31.933787820406963,31.68646765674929,31.68646765674929,31.68646765674929,31.68646765674929,31.68646765674929,31.68646765674929,31.71161756750111,31.904700307608795,32.407192988240475,32.91340881856183,32.97859027274248,33.21667573444611,33.346980018631044,33.61389570600968,33.63839709554059,33.63839709554059,33.63839709554059,33.63839709554059,33.63839709554059,33.66038364987095,33.93663061942008,33.988004273095434,33.988004273095434,33.988004273095434,33.988004273095434,33.988004273095434,33.988004273095434,33.988004273095434,33.9897040739608,,,,,,,,,,,,,,,,,,,,,,,,,,,33.990464480874316,33.990464480874316,33.920194781330395,34.41511133069829,34.41511133069829,34.01991941135248,34.01991941135248,33.47739955200896,32.82928342930263,32.69646032324705,32.316886614766446,31.962649887456514,31.74869154022033,31.726004815827153,31.726004815827153,31.734896703581374,32.02823554560261,32.02823554560261,32.02823554560261,32.02843194106516,32.0503933247687,32.0503933247687,32.05227025147759,32.52964414272183,32.79662471140603,32.941093455578375,32.97859027274248,32.97859027274248,32.97859027274248,32.97859027274248,32.990228136529645,33.30823471834144,33.32115727729792,33.352999564761,33.53451013417303,33.53451013417303,33.53451013417303,33.540956429934624,33.63104756700247,33.63104756700247,33.63104756700247,33.63104756700247,33.63104756700247,33.63104756700247,33.63104756700247,33.799196239640274,33.94286968034554,33.94536288766346,,,,33.47739955200896,32.82928342930263,31.962649887456514,33.30823471834144,,,,32.91340881856183,33.497077073265196,32.50481116261323,32.855130074364546,#000000,0.5268502616475257,34.181696408612765,-0.42079585937661423,50.68694776782222,-6.026053457521549,True,False,False,False,True,2.503701209887062,34.346,32.580925,0.0,0.0,0.0,0.0,0,1.0450634985661627,0.9565751741089707,False,False,False,False,0.10315949853361395,0.10325872055800625,False,False,False,False,-469.0,-1401.7008814675676,False,False,False,False,67.46857055787771,False,False,False,False
2025-05-27 19:00:00+00:00,33.96,33.96,33.96,33.96,0.0,,,,,,,,,,,,,,,,,,,,34.492162793347,33.78732039449874,33.279588171262695,33.279588171262695,33.279588171262695,33.279588171262695,33.26681169842981,32.75481246422261,32.43086628324946,32.16979230921312,31.933787820406963,31.68646765674929,31.68646765674929,31.68646765674929,31.68646765674929,31.68646765674929,31.68646765674929,31.71161756750111,31.904700307608795,32.407192988240475,32.91340881856183,32.97859027274248,33.21667573444611,33.346980018631044,33.61389570600968,33.63839709554059,33.63839709554059,33.63839709554059,33.63839709554059,33.63839709554059,33.66038364987095,33.93663061942008,33.988004273095434,33.988004273095434,33.988004273095434,33.988004273095434,33.988004273095434,33.988004273095434,33.988004273095434,33.9897040739608,,,,,,,,,,,,,,,,,,,,,,,,,,,33.990464480874316,33.990464480874316,33.920194781330395,34.41511133069829,34.41511133069829,34.01991941135248,34.01991941135248,33.47739955200896,32.82928342930263,32.69646032324705,32.316886614766446,31.962649887456514,31.74869154022033,31.726004815827153,31.726004815827153,31.734896703581374,32.02823554560261,32.02823554560261,32.02823554560261,32.02843194106516,32.0503933247687,32.0503933247687,32.05227025147759,32.52964414272183,32.79662471140603,32.941093455578375,32.97859027274248,32.97859027274248,32.97859027274248,32.97859027274248,32.990228136529645,33.30823471834144,33.32115727729792,33.352999564761,33.53451013417303,33.53451013417303,33.53451013417303,33.540956429934624,33.63104756700247,33.63104756700247,33.63104756700247,33.63104756700247,33.63104756700247,33.63104756700247,33.63104756700247,33.799196239640274,33.94286968034554,33.94536288766346,,,,33.47739955200896,32.82928342930263,31.962649887456514,33.30823471834144,,,,32.91340881856183,33.497077073265196,32.50481116261323,32.855130074364546,#000000,0.5128808143512475,34.181696408612765,-0.43225716854546903,51.4147773187155,-5.19552747177017,True,False,True,False,True,2.503701209887062,34.3306,32.604725,0.0,0.0,0.0,0.0,0,1.054568003307153,0.9528730880529136,False,False,False,False,0.10315949853361395,0.1032091095458101,False,False,False,False,-469.0,-1387.2404026851245,False,False,False,False,66.42254620814317,False,False,False,False
2025-05-28 14:00:00+00:00,34.12,34.12,34.12,34.12,0.0,,,,,,,,,,,,,,,,,,,,34.492162793347,33.78732039449874,33.279588171262695,33.279588171262695,33.279588171262695,33.279588171262695,33.26681169842981,32.75481246422261,32.43086628324946,32.16979230921312,31.933787820406963,31.68646765674929,31.68646765674929,31.68646765674929,31.68646765674929,31.68646765674929,31.68646765674929,31.71161756750111,31.904700307608795,32.407192988240475,32.91340881856183,32.97859027274248,33.21667573444611,33.346980018631044,33.61389570600968,33.63839709554059,33.63839709554059,33.63839709554059,33.63839709554059,33.63839709554059,33.66038364987095,33.93663061942008,33.988004273095434,33.988004273095434,33.988004273095434,33.988004273095434,33.988004273095434,33.988004273095434,33.988004273095434,33.9897040739608,,,,,,,,,,,,,,,,,,,,,,,,,,,33.990464480874316,33.990464480874316,33.920194781330395,34.41511133069829,34.41511133069829,34.01991941135248,34.01991941135248,33.47739955200896,32.82928342930263,32.69646032324705,32.316886614766446,31.962649887456514,31.74869154022033,31.726004815827153,31.726004815827153,31.734896703581374,32.02823554560261,32.02823554560261,32.02823554560261,32.02843194106516,32.0503933247687,32.0503933247687,32.05227025147759,32.52964414272183,32.79662471140603,32.941093455578375,32.97859027274248,32.97859027274248,32.97859027274248,32.97859027274248,32.990228136529645,33.30823471834144,33.32115727729792,33.352999564761,33.53451013417303,33.53451013417303,33.53451013417303,33.540956429934624,33.63104756700247,33.63104756700247,33.63104756700247,33.63104756700247,33.63104756700247,33.63104756700247,33.63104756700247,33.799196239640274,33.94286968034554,33.94536288766346,,,,33.47739955200896,32.82928342930263,31.962649887456514,33.30823471834144,,,,32.91340881856183,33.497077073265196,32.50481116261323,32.855130074364546,#000000,0.49896228350470617,34.181696408612765,-0.12364944335955229,57.49555682760584,0.6073119961597371,True,False,True,False,True,5.6263442455864485,34.3184,32.629325,0.0,0.0,0.0,0.0,0,1.053965658217499,0.9464431725265731,False,False,False,False,0.13579428835627907,0.1195016989510446,False,False,False,False,-469.0,-1373.0041173721768,False,False,False,False,65.39273929018746,False,False,False,False
2025-05-28 15:00:00+00:00,34.12,34.12,34.12,34.12,0.0,,,,,,,,,,,,,,,,,,,,34.492162793347,33.78732039449874,33.279588171262695,33.279588171262695,33.279588171262695,33.279588171262695,33.26681169842981,32.75481246422261,32.43086628324946,32.16979230921312,31.933787820406963,31.68646765674929,31.68646765674929,31.68646765674929,31.68646765674929,31.68646765674929,31.68646765674929,31.71161756750111,31.904700307608795,32.407192988240475,32.91340881856183,32.97859027274248,33.21667573444611,33.346980018631044,33.61389570600968,33.63839709554059,33.63839709554059,33.63839709554059,33.63839709554059,33.63839709554059,33.66038364987095,33.93663061942008,33.988004273095434,33.988004273095434,33.988004273095434,33.988004273095434,33.988004273095434,33.988004273095434,33.988004273095434,33.9897040739608,,,,,,,,,,,,,,,,,,,,,,,,,,,33.990464480874316,33.990464480874316,33.920194781330395,34.41511133069829,34.41511133069829,34.01991941135248,34.01991941135248,33.47739955200896,32.82928342930263,32.69646032324705,32.316886614766446,31.962649887456514,31.74869154022033,31.726004815827153,31.726004815827153,31.734896703581374,32.02823554560261,32.02823554560261,32.02823554560261,32.02843194106516,32.0503933247687,32.0503933247687,32.05227025147759,32.52964414272183,32.79662471140603,32.941093455578375,32.97859027274248,32.97859027274248,32.97859027274248,32.97859027274248,32.990228136529645,33.30823471834144,33.32115727729792,33.352999564761,33.53451013417303,33.53451013417303,33.53451013417303,33.540956429934624,33.63104756700247,33.63104756700247,33.63104756700247,33.63104756700247,33.63104756700247,33.63104756700247,33.63104756700247,33.799196239640274,33.94286968034554,33.94536288766346,,,,33.47739955200896,32.82928342930263,31.962649887456514,33.30823471834144,,,,32.91340881856183,33.497077073265196,32.50481116261323,32.855130074364546,#000000,0.4844237126041674,34.181696408612765,-0.12736042230695144,61.54940983353273,4.353427868537111,True,False,True,False,True,5.6263442455864485,34.3038,32.652175,0.0,0.0,0.0,0.0,0,1.065172270651724,0.9485263594852626,False,False,False,False,0.13003838853664923,0.12477004374384691,False,False,False,False,-469.0,-1358.9885496609802,False,False,False,False,64.37889837095975,False,False,False,False
2025-05-28 16:00:00+00:00,34.12,34.12,34.12,34.12,0.0,,,,,,,,,,,,,,,,,,,,34.492162793347,33.78732039449874,33.279588171262695,33.279588171262695,33.279588171262695,33.279588171262695,33.26681169842981,32.75481246422261,32.43086628324946,32.16979230921312,31.933787820406963,31.68646765674929,31.68646765674929,31.68646765674929,31.68646765674929,31.68646765674929,31.68646765674929,31.71161756750111,31.904700307608795,32.407192988240475,32.91340881856183,32.97859027274248,33.21667573444611,33.346980018631044,33.61389570600968,33.63839709554059,33.63839709554059,33.63839709554059,33.63839709554059,33.63839709554059,33.66038364987095,33.93663061942008,33.988004273095434,33.988004273095434,33.988004273095434,33.988004273095434,33.988004273095434,33.988004273095434,33.988004273095434,33.9897040739608,,,,,,,,,,,,,,,,,,,,,,,,,,,33.990464480874316,33.990464480874316,33.920194781330395,34.41511133069829,34.41511133069829,34.01991941135248,34.01991941135248,33.47739955200896,32.82928342930263,32.69646032324705,32.316886614766446,31.962649887456514,31.74869154022033,31.726004815827153,31.726004815827153,31.734896703581374,32.02823554560261,32.02823554560261,32.02823554560261,32.02843194106516,32.0503933247687,32.0503933247687,32.05227025147759,32.52964414272183,32.79662471140603,32.941093455578375,32.97859027274248,32.97859027274248,32.97859027274248,32.97859027274248,32.990228136529645,33.30823471834144,33.32115727729792,33.352999564761,33.53451013417303,33.53451013417303,33.53451013417303,33.540956429934624,33.63104756700247,33.63104756700247,33.63104756700247,33.63104756700247,33.63104756700247,33.63104756700247,33.63104756700247,33.799196239640274,33.94286968034554,33.94536288766346,,,,33.47739955200896,32.82928342930263,31.962649887456514,33.30823471834144,,,,32.91340881856183,33.497077073265196,32.50481116261323,32.855130074364546,#000000,0.4732882195223239,34.181696408612765,-0.13035694967230843,64.25197850415066,6.8766271852213805,True,False,True,False,True,5.6263442455864485,34.2854,32.675025,0.0,0.0,0.0,0.0,0,1.0510887772194315,0.9560301507537681,False,False,False,False,0.13003838853664923,0.12740421614024808,False,False,False,False,-469.0,-1345.190277573213,False,False,False,False,63.380775915596026,False,False,False,False
2025-05-28 17:00:00+00:00,34.12,34.12,34.12,34.12,0.0,,,,,,,,,,,,,,,,,,,,34.492162793347,33.78732039449874,33.279588171262695,33.279588171262695,33.279588171262695,33.279588171262695,33.26681169842981,32.75481246422261,32.43086628324946,32.16979230921312,31.933787820406963,31.68646765674929,31.68646765674929,31.68646765674929,31.68646765674929,31.68646765674929,31.68646765674929,31.71161756750111,31.904700307608795,32.407192988240475,32.91340881856183,32.97859027274248,33.21667573444611,33.346980018631044,33.61389570600968,33.63839709554059,33.63839709554059,33.63839709554059,33.63839709554059,33.63839709554059,33.66038364987095,33.93663061942008,33.988004273095434,33.988004273095434,33.988004273095434,33.988004273095434,33.988004273095434,33.988004273095434,33.988004273095434,33.9897040739608,,,,,,,,,,,,,,,,,,,,,,,,,,,33.990464480874316,33.990464480874316,33.920194781330395,34.41511133069829,34.41511133069829,34.01991941135248,34.01991941135248,33.47739955200896,32.82928342930263,32.69646032324705,32.316886614766446,31.962649887456514,31.74869154022033,31.726004815827153,31.726004815827153,31.734896703581374,32.02823554560261,32.02823554560261,32.02823554560261,32.02843194106516,32.0503933247687,32.0503933247687,32.05227025147759,32.52964414272183,32.79662471140603,32.941093455578375,32.97859027274248,32.97859027274248,32.97859027274248,32.97859027274248,32.990228136529645,33.30823471834144,33.32115727729792,33.352999564761,33.53451013417303,33.53451013417303,33.53451013417303,33.540956429934624,33.63104756700247,33.63104756700247,33.63104756700247,33.63104756700247,33.63104756700247,33.63104756700247,33.63104756700247,33.799196239640274,33.94286968034554,33.94536288766346,,,,33.47739955200896,32.82928342930263,31.962649887456514,33.30823471834144,,,,32.91340881856183,33.497077073265196,32.50481116261323,32.855130074364546,#000000,0.4746838018213639,34.181696408612765,-0.12997369696635663,66.05369095122927,8.678386053831758,True,False,True,False,True,5.6263442455864485,34.2688,32.697874999999996,0.0,0.0,0.0,0.0,0,1.0506542845082325,0.9556775010552968,False,False,False,False,0.13003838853664923,0.12872130233844864,False,False,False,False,-469.0,-1331.605932184481,False,False,False,False,62.39812822698213,False,False,False,False
2025-05-28 18:00:00+00:00,34.12,34.12,34.12,34.12,0.0,,,,,,,,,,,,,,,,,,,,34.492162793347,33.78732039449874,33.279588171262695,33.279588171262695,33.279588171262695,33.279588171262695,33.26681169842981,32.75481246422261,32.43086628324946,32.16979230921312,31.933787820406963,31.68646765674929,31.68646765674929,31.68646765674929,31.68646765674929,31.68646765674929,31.68646765674929,31.71161756750111,31.904700307608795,32.407192988240475,32.91340881856183,32.97859027274248,33.21667573444611,33.346980018631044,33.61389570600968,33.63839709554059,33.63839709554059,33.63839709554059,33.63839709554059,33.63839709554059,33.66038364987095,33.93663061942008,33.988004273095434,33.988004273095434,33.988004273095434,33.988004273095434,33.988004273095434,33.988004273095434,33.988004273095434,33.9897040739608,,,,,,,,,,,,,,,,,,,,,,,,,,,33.990464480874316,33.990464480874316,33.920194781330395,34.41511133069829,34.41511133069829,34.01991941135248,34.01991941135248,33.47739955200896,32.82928342930263,32.69646032324705,32.316886614766446,31.962649887456514,31.74869154022033,31.726004815827153,31.726004815827153,31.734896703581374,32.02823554560261,32.02823554560261,32.02823554560261,32.02843194106516,32.0503933247687,32.0503933247687,32.05227025147759,32.52964414272183,32.79662471140603,32.941093455578375,32.97859027274248,32.97859027274248,32.97859027274248,32.97859027274248,32.990228136529645,33.30823471834144,33.32115727729792,33.352999564761,33.53451013417303,33.53451013417303,33.53451013417303,33.540956429934624,33.63104756700247,33.63104756700247,33.63104756700247,33.63104756700247,33.63104756700247,33.63104756700247,33.63104756700247,33.799196239640274,33.94286968034554,33.94536288766346,,,,33.47739955200896,32.82928342930263,31.962649887456514,33.30823471834144,,,,32.91340881856183,33.497077073265196,32.50481116261323,32.855130074364546,#000000,0.4760340759245215,34.181696408612765,-0.1296050256338171,67.25483258261502,10.054455427755165,True,False,True,False,True,5.6263442455864485,34.2504,32.720725,0.0,0.0,0.0,0.0,0,1.0506542845082325,0.9476572393414934,False,False,False,False,0.12050610439362741,0.12461370336603803,False,False,False,False,-469.0,-1318.2321968017757,False,False,False,False,61.43071538625372,False,False,False,False
2025-05-28 19:00:00+00:00,34.12,34.12,34.12,34.12,0.0,,,,,,,,,,,,,,,,,,,,34.492162793347,33.78732039449874,33.279588171262695,33.279588171262695,33.279588171262695,33.279588171262695,33.26681169842981,32.75481246422261,32.43086628324946,32.16979230921312,31.933787820406963,31.68646765674929,31.68646765674929,31.68646765674929,31.68646765674929,31.68646765674929,31.68646765674929,31.71161756750111,31.904700307608795,32.407192988240475,32.91340881856183,32.97859027274248,33.21667573444611,33.346980018631044,33.61389570600968,33.63839709554059,33.63839709554059,33.63839709554059,33.63839709554059,33.63839709554059,33.66038364987095,33.93663061942008,33.988004273095434,33.988004273095434,33.988004273095434,33.988004273095434,33.988004273095434,33.988004273095434,33.988004273095434,33.9897040739608,,,,,,,,,,,,,,,,,,,,,,,,,,,33.990464480874316,33.990464480874316,33.920194781330395,34.41511133069829,34.41511133069829,34.01991941135248,34.01991941135248,33.47739955200896,32.82928342930263,32.69646032324705,32.316886614766446,31.962649887456514,31.74869154022033,31.726004815827153,31.726004815827153,31.734896703581374,32.02823554560261,32.02823554560261,32.02823554560261,32.02843194106516,32.0503933247687,32.0503933247687,32.05227025147759,32.52964414272183,32.79662471140603,32.941093455578375,32.97859027274248,32.97859027274248,32.97859027274248,32.97859027274248,32.990228136529645,33.30823471834144,33.32115727729792,33.352999564761,33.53451013417303,33.53451013417303,33.53451013417303,33.540956429934624,33.63104756700247,33.63104756700247,33.63104756700247,33.63104756700247,33.63104756700247,33.63104756700247,33.63104756700247,33.799196239640274,33.94286968034554,33.94536288766346,,,,33.47739955200896,32.82928342930263,31.962649887456514,33.30823471834144,,,,32.91340881856183,33.497077073265196,32.50481116261323,32.855130074364546,#000000,0.477339426328686,34.181696408612765,-0.12925060284101733,68.05559367020552,11.175109248005114,True,False,True,False,True,5.6263442455864485,34.232,32.742175,0.0,0.0,0.0,0.0,0,1.0520156046814058,0.9731252709146069,False,False,False,False,0.12050610439362741,0.12255990387983272,False,False,False,False,-469.0,-1305.065806153686,False,False,False,False,60.47830119421878,False,False,False,False
2025-05-29 14:00:00+00:00,34.12,34.12,34.12,34.12,0.0,,,,,,,,,,,,,,,,,,,,34.492162793347,33.78732039449874,33.279588171262695,33.279588171262695,33.279588171262695,33.279588171262695,33.26681169842981,32.75481246422261,32.43086628324946,32.16979230921312,31.933787820406963,31.68646765674929,31.68646765674929,31.68646765674929,31.68646765674929,31.68646765674929,31.68646765674929,31.71161756750111,31.904700307608795,32.407192988240475,32.91340881856183,32.97859027274248,33.21667573444611,33.346980018631044,33.61389570600968,33.63839709554059,33.63839709554059,33.63839709554059,33.63839709554059,33.63839709554059,33.66038364987095,33.93663061942008,33.988004273095434,33.988004273095434,33.988004273095434,33.988004273095434,33.988004273095434,33.988004273095434,33.988004273095434,33.9897040739608,,,,,,,,,,,,,,,,,,,,,,,,,,,33.990464480874316,33.990464480874316,33.920194781330395,34.41511133069829,34.41511133069829,34.01991941135248,34.01991941135248,33.47739955200896,32.82928342930263,32.69646032324705,32.316886614766446,31.962649887456514,31.74869154022033,31.726004815827153,31.726004815827153,31.734896703581374,32.02823554560261,32.02823554560261,32.02823554560261,32.02843194106516,32.0503933247687,32.0503933247687,32.05227025147759,32.52964414272183,32.79662471140603,32.941093455578375,32.97859027274248,32.97859027274248,32.97859027274248,32.97859027274248,32.990228136529645,33.30823471834144,33.32115727729792,33.352999564761,33.53451013417303,33.53451013417303,33.53451013417303,33.540956429934624,33.63104756700247,33.63104756700247,33.63104756700247,33.63104756700247,33.63104756700247,33.63104756700247,33.63104756700247,33.799196239640274,33.94286968034554,33.94536288766346,,,,33.47739955200896,32.82928342930263,31.962649887456514,33.30823471834144,,,,32.91340881856183,33.497077073265196,32.50481116261323,32.855130074364546,#000000,0.47836656192447014,34.181696408612765,-0.12897307948231831,68.58943439526585,12.135516626349471,True,False,True,False,True,5.6263442455864485,34.2136,32.7642,0.0,0.0,0.0,0.0,0,1.0254721124286352,0.9859464207290285,False,False,False,False,0.12050610439362741,0.12153300413673007,False,False,False,False,-469.0,-1292.1035455931637,False,False,False,False,59.54065311368826,False,False,False,False
2025-05-29 15:00:00+00:00,34.12,34.14,34.12,34.14,50.0,,,,,,,,,,,,,,,,,,,,34.48613407258065,33.789652646715204,33.28344289928361,33.28344289928361,33.28344289928361,33.28344289928361,33.270689099695716,32.759939745592504,32.43641141728009,32.17559816676522,31.93982488884009,31.692529356389045,31.692529356389045,31.692529356389045,31.692529356389045,31.692529356389045,31.692529356389045,31.717558095798786,31.909729719564304,32.41003390388414,32.91513299601437,32.980198191675015,33.21788463060164,33.34798679572205,33.61451499833087,33.63898298530549,33.63898298530549,33.63898298530549,33.63898298530549,33.63898298530549,33.66093952500725,33.93682469052975,33.98814317117461,33.98814317117461,33.98814317117461,33.98814317117461,33.98814317117461,33.98814317117461,33.98814317117461,33.989841213764656,,,,,,,,,,,,,,,,,,,,,,,,,,,34.001287878787885,34.001287878787885,33.93133054684779,34.40965051679587,34.40965051679587,34.02090424916058,34.02090424916058,33.48082515145185,32.834270235819,32.701679622230294,32.322570826553175,31.96868996605264,31.75487128986559,31.73186548511702,31.73186548511702,31.740707432890783,32.03251246105919,32.03251246105919,32.03251246105919,32.03269115068124,32.05443991141159,32.05443991141159,32.05628201668145,32.53217202606138,32.798566924328746,32.94276762059896,32.980198191675015,32.980198191675015,32.980198191675015,32.980198191675015,32.99181542990446,33.30930068213529,33.32220295266298,33.35399720439455,33.53524010369684,33.53524010369684,33.53524010369684,33.541677170783146,33.631643567959244,33.631643567959244,33.631643567959244,33.631643567959244,33.631643567959244,33.631643567959244,33.631643567959244,33.79956408619197,33.94305675054511,33.9455471471236,,,,33.48082515145185,32.834270235819,31.96868996605264,33.30930068213529,,,,32.91513299601437,33.50054801256947,32.50922597460927,32.85962949326464,#000000,0.4791635260373584,34.18477053265524,-0.0934347675113981,69.87768746400532,13.826103757073419,True,False,True,False,True,6.053949841637834,34.1956,32.7891,0.0,0.0,0.0,0.0,0,1.0308035714285726,0.9839285714285702,False,False,False,False,0.1227039989975955,0.12211850156716278,False,False,False,False,-419.0,-1278.5670565141997,False,False,False,False,59.392736011150454,False,False,False,False
2025-05-29 16:00:00+00:00,34.14,34.14,34.14,34.14,0.0,,,,,,,,,,,,,,,,,,,,34.48613407258065,33.789652646715204,33.28344289928361,33.28344289928361,33.28344289928361,33.28344289928361,33.270689099695716,32.759939745592504,32.43641141728009,32.17559816676522,31.93982488884009,31.692529356389045,31.692529356389045,31.692529356389045,31.692529356389045,31.692529356389045,31.692529356389045,31.717558095798786,31.909729719564304,32.41003390388414,32.91513299601437,32.980198191675015,33.21788463060164,33.34798679572205,33.61451499833087,33.63898298530549,33.63898298530549,33.63898298530549,33.63898298530549,33.63898298530549,33.66093952500725,33.93682469052975,33.98814317117461,33.98814317117461,33.98814317117461,33.98814317117461,33.98814317117461,33.98814317117461,33.98814317117461,33.989841213764656,,,,,,,,,,,,,,,,,,,,,,,,,,,34.001287878787885,34.001287878787885,33.93133054684779,34.40965051679587,34.40965051679587,34.02090424916058,34.02090424916058,33.48082515145185,32.834270235819,32.701679622230294,32.322570826553175,31.96868996605264,31.75487128986559,31.73186548511702,31.73186548511702,31.740707432890783,32.03251246105919,32.03251246105919,32.03251246105919,32.03269115068124,32.05443991141159,32.05443991141159,32.05628201668145,32.53217202606138,32.798566924328746,32.94276762059896,32.980198191675015,32.980198191675015,32.980198191675015,32.980198191675015,32.99181542990446,33.30930068213529,33.32220295266298,33.35399720439455,33.53524010369684,33.53524010369684,33.53524010369684,33.541677170783146,33.631643567959244,33.631643567959244,33.631643567959244,33.631643567959244,33.631643567959244,33.631643567959244,33.631643567959244,33.79956408619197,33.94305675054511,33.9455471471236,,,,33.48082515145185,32.834270235819,31.96868996605264,33.30930068213529,,,,32.91513299601437,33.50054801256947,32.50922597460927,32.85962949326464,#000000,0.4798960566884187,34.18477053265524,-0.09329214531202205,70.73652284316496,15.09861274626445,True,False,True,False,True,6.053949841637824,34.1776,32.814,0.0,0.0,0.0,0.0,0,1.0640668523676897,0.9740018570102121,False,False,False,False,0.1249030738251493,0.12351078769615603,False,False,False,False,-419.0,-1265.2404354829716,False,False,False,False,58.47191839857447,False,False,False,False
2025-05-29 17:00:00+00:00,34.14,34.14,34.14,34.14,0.0,,,,,,,,,,,,,,,,,,,,34.48613407258065,33.789652646715204,33.28344289928361,33.28344289928361,33.28344289928361,33.28344289928361,33.270689099695716,32.759939745592504,32.43641141728009,32.17559816676522,31.93982488884009,31.692529356389045,31.692529356389045,31.692529356389045,31.692529356389045,31.692529356389045,31.692529356389045,31.717558095798786,31.909729719564304,32.41003390388414,32.91513299601437,32.980198191675015,33.21788463060164,33.34798679572205,33.61451499833087,33.63898298530549,33.63898298530549,33.63898298530549,33.63898298530549,33.63898298530549,33.66093952500725,33.93682469052975,33.98814317117461,33.98814317117461,33.98814317117461,33.98814317117461,33.98814317117461,33.98814317117461,33.98814317117461,33.989841213764656,,,,,,,,,,,,,,,,,,,,,,,,,,,34.001287878787885,34.001287878787885,33.93133054684779,34.40965051679587,34.40965051679587,34.02090424916058,34.02090424916058,33.48082515145185,32.834270235819,32.701679622230294,32.322570826553175,31.96868996605264,31.75487128986559,31.73186548511702,31.73186548511702,31.740707432890783,32.03251246105919,32.03251246105919,32.03251246105919,32.03269115068124,32.05443991141159,32.05443991141159,32.05628201668145,32.53217202606138,32.798566924328746,32.94276762059896,32.980198191675015,32.980198191675015,32.980198191675015,32.980198191675015,32.99181542990446,33.30930068213529,33.32220295266298,33.35399720439455,33.53524010369684,33.53524010369684,33.53524010369684,33.541677170783146,33.631643567959244,33.631643567959244,33.631643567959244,33.631643567959244,33.631643567959244,33.631643567959244,33.631643567959244,33.79956408619197,33.94305675054511,33.9455471471236,,,,33.48082515145185,32.834270235819,31.96868996605264,33.30930068213529,,,,32.91513299601437,33.50054801256947,32.50922597460927,32.85962949326464,#000000,0.4796532343527905,34.18477053265524,-0.09333937404936395,71.30907976260472,16.10418148805634,True,False,True,False,True,6.053949841637834,34.1596,32.8389,0.0,0.0,0.0,0.0,0,1.0666988883518627,0.972450459159013,False,False,False,False,0.11945382021105937,0.1214823039536077,False,False,False,False,-419.0,-1252.1204287312976,False,False,False,False,57.56537702805394,False,False,False,False
2025-05-29 18:00:00+00:00,34.14,34.14,34.14,34.14,0.0,,,,,,,,,,,,,,,,,,,,34.48613407258065,33.789652646715204,33.28344289928361,33.28344289928361,33.28344289928361,33.28344289928361,33.270689099695716,32.759939745592504,32.43641141728009,32.17559816676522,31.93982488884009,31.692529356389045,31.692529356389045,31.692529356389045,31.692529356389045,31.692529356389045,31.692529356389045,31.717558095798786,31.909729719564304,32.41003390388414,32.91513299601437,32.980198191675015,33.21788463060164,33.34798679572205,33.61451499833087,33.63898298530549,33.63898298530549,33.63898298530549,33.63898298530549,33.63898298530549,33.66093952500725,33.93682469052975,33.98814317117461,33.98814317117461,33.98814317117461,33.98814317117461,33.98814317117461,33.98814317117461,33.98814317117461,33.989841213764656,,,,,,,,,,,,,,,,,,,,,,,,,,,34.001287878787885,34.001287878787885,33.93133054684779,34.40965051679587,34.40965051679587,34.02090424916058,34.02090424916058,33.48082515145185,32.834270235819,32.701679622230294,32.322570826553175,31.96868996605264,31.75487128986559,31.73186548511702,31.73186548511702,31.740707432890783,32.03251246105919,32.03251246105919,32.03251246105919,32.03269115068124,32.05443991141159,32.05443991141159,32.05628201668145,32.53217202606138,32.798566924328746,32.94276762059896,32.980198191675015,32.980198191675015,32.980198191675015,32.980198191675015,32.99181542990446,33.30930068213529,33.32220295266298,33.35399720439455,33.53524010369684,33.53524010369684,33.53524010369684,33.541677170783146,33.631643567959244,33.631643567959244,33.631643567959244,33.631643567959244,33.631643567959244,33.631643567959244,33.631643567959244,33.79956408619197,33.94305675054511,33.9455471471236,,,,33.48082515145185,32.834270235819,31.96868996605264,33.30930068213529,,,,32.91513299601437,33.50054801256947,32.50922597460927,32.85962949326464,#000000,0.47929450781861876,34.18477053265524,-0.09340923362340095,71.69078437556456,16.933039137007484,True,False,True,False,True,6.053949841637834,34.141600000000004,32.8638,0.0,0.0,0.0,0.0,0,1.0256162397293394,0.972450459159013,False,False,False,False,0.11945382021105937,0.12046806208233354,False,False,False,False,-419.0,-1239.2038329370137,False,False,False,False,56.672890562502715,False,False,False,False
2025-05-29 19:00:00+00:00,34.14,34.14,34.09,34.1,73.0,,,,,,,,,,,,,,,,,,,,34.4771285667432,33.79277444043964,33.28885589545767,33.28885589545767,33.28885589545767,33.28885589545767,33.27613674757713,32.767231429416995,32.44433231760028,32.18391303067773,31.94848660470202,31.701241607424965,31.701241607424965,31.701241607424965,31.701241607424965,31.701241607424965,31.701241607424965,31.72609584799896,31.916955403601904,32.41410895478279,32.91759351198873,32.982490388445754,33.21959906281261,33.349408534819126,33.61537597295946,33.639795640219646,33.639795640219646,33.639795640219646,33.639795640219646,33.639795640219646,33.66170878897389,33.93707378508141,33.98831297243643,33.98831297243643,33.98831297243643,33.98831297243643,33.98831297243643,33.98831297243643,33.98831297243643,33.990008486050456,,,,,,,,,,,,,,,,,,,,,,,,,,,34.01211459754434,34.01211459754434,33.9439935275081,34.40140532730243,34.40140532730243,34.02201966500885,34.02201966500885,33.485586192598745,32.84135331102323,32.709108975285446,32.3307000602247,31.97735395189003,31.763748472487567,31.740288357349637,31.740288357349637,31.74905847134373,32.0386566327702,32.0386566327702,32.0386566327702,32.038810004169534,32.06025377760558,32.06025377760558,32.06204600794567,32.53579488147287,32.80134304770193,32.945155736173405,32.982490388445754,32.982490388445754,32.982490388445754,32.982490388445754,32.994077769463146,33.3108081237911,33.323681033891916,33.3554057135079,33.53626121521863,33.53626121521863,33.53626121521863,33.542684933281514,33.63247084093404,33.63247084093404,33.63247084093404,33.63247084093404,33.63247084093404,33.63247084093404,33.63247084093404,33.80006224674478,33.9432958022754,33.945782171756726,,,,33.485586192598745,32.84135331102323,31.97735395189003,33.3108081237911,,,,32.91759351198873,33.50474241649796,32.515501828496056,32.865366937962605,#000000,0.47911665152197697,34.18670699969078,-0.1809726283053192,66.43902690282286,21.245460136077384,True,False,True,False,False,4.984937541822912,34.122800000000005,32.8885,0.0,0.0,0.0,0.0,0,1.0206830206830224,0.9725829725829715,False,False,False,False,0.11382232697622868,0.11714519452928111,False,False,False,False,-492.0,-1227.6192773876026,False,False,False,False,56.926024042153834,False,False,False,False
2025-05-30 14:00:00+00:00,34.1,34.2,34.1,34.2,2.0,,,,,,,,,,,,,,,,,,,34.16666666666667,34.47692505189555,33.79287423817786,33.2890133644273,33.2890133644273,33.2890133644273,33.2890133644273,33.27629507808101,32.76743847709228,32.44455562038117,32.18414650181533,31.94872913477659,31.701485010037192,31.701485010037192,31.701485010037192,31.701485010037192,31.701485010037192,31.701485010037192,31.726334441294362,31.917157797669923,32.41422404640728,32.91766397758472,32.982556207097794,33.21964892422168,33.34945030838956,33.61540221677417,33.639820543725726,33.639820543725726,33.639820543725726,33.639820543725726,33.639820543725726,33.66173248701583,33.93708283254192,33.98831978112871,33.98831978112871,33.98831978112871,33.98831978112871,33.98831978112871,33.98831978112871,33.98831978112871,33.99001522345747,,,,,,,,,,,,,,,,,,,,,,,,,,,34.01253514739229,34.01253514739229,33.94442506459949,34.40122849968613,34.40122849968613,34.022069261100626,34.022069261100626,33.485727363802816,32.841554879594426,32.70931960500963,32.330928798355444,31.977596615680188,31.763996592493164,31.74052377949191,31.74052377949191,31.749291910072582,32.03882904597934,32.03882904597934,32.03882904597934,32.038981709367235,32.060416989513925,32.060416989513925,32.062207827156705,32.53589746815538,32.801422226732804,32.94522420267923,32.982556207097794,32.982556207097794,32.982556207097794,32.982556207097794,32.994142763443534,33.310852266377836,33.32372436391673,33.35544712127398,33.53629189785522,33.53629189785522,33.53629189785522,33.54271524572909,33.63249615047497,33.63249615047497,33.63249615047497,33.63249615047497,33.63249615047497,33.63249615047497,33.63249615047497,33.80007836370431,33.94330456500987,33.94579081998878,,,,33.485727363802816,32.841554879594426,31.977596615680188,33.310852266377836,,,,32.91766397758472,33.59667506596842,32.603304326289155,32.865551152612746,#000000,0.47912206686273595,34.18202025366581,0.037526441751935286,68.67645724563299,21.245460136077384,True,False,True,False,True,7.263927763133186,34.111,32.91145,0.0,0.0,0.0,0.0,0,1.0458536585365874,0.9663414634146329,False,False,False,False,0.12170851087794654,0.11942685270361383,False,False,False,False,-490.0,-1216.1833195986476,False,False,False,False,56.07445777793439,False,False,False,False
2025-05-30 15:00:00+00:00,34.2,34.2,34.2,34.2,0.0,,,,,,,,,,,,,,,,,,,34.16666666666667,34.47692505189555,33.79287423817786,33.2890133644273,33.2890133644273,33.2890133644273,33.2890133644273,33.27629507808101,32.76743847709228,32.44455562038117,32.18414650181533,31.94872913477659,31.701485010037192,31.701485010037192,31.701485010037192,31.701485010037192,31.701485010037192,31.701485010037192,31.726334441294362,31.917157797669923,32.41422404640728,32.91766397758472,32.982556207097794,33.21964892422168,33.34945030838956,33.61540221677417,33.639820543725726,33.639820543725726,33.639820543725726,33.639820543725726,33.639820543725726,33.66173248701583,33.93708283254192,33.98831978112871,33.98831978112871,33.98831978112871,33.98831978112871,33.98831978112871,33.98831978112871,33.98831978112871,33.99001522345747,,,,,,,,,,,,,,,,,,,,,,,,,,,34.01253514739229,34.01253514739229,33.94442506459949,34.40122849968613,34.40122849968613,34.022069261100626,34.022069261100626,33.485727363802816,32.841554879594426,32.70931960500963,32.330928798355444,31.977596615680188,31.763996592493164,31.74052377949191,31.74052377949191,31.749291910072582,32.03882904597934,32.03882904597934,32.03882904597934,32.038981709367235,32.060416989513925,32.060416989513925,32.062207827156705,32.53589746815538,32.801422226732804,32.94522420267923,32.982556207097794,32.982556207097794,32.982556207097794,32.982556207097794,32.994142763443534,33.310852266377836,33.32372436391673,33.35544712127398,33.53629189785522,33.53629189785522,33.53629189785522,33.54271524572909,33.63249615047497,33.63249615047497,33.63249615047497,33.63249615047497,33.63249615047497,33.63249615047497,33.63249615047497,33.80007836370431,33.94330456500987,33.94579081998878,,,,33.485727363802816,32.841554879594426,31.977596615680188,33.310852266377836,,,,32.91766397758472,33.59667506596842,32.603304326289155,32.865551152612746,#000000,0.47942291698791145,34.18202025366581,0.03750289295128681,70.16807747417307,21.245460136077384,True,False,True,False,True,7.263927763133186,34.0992,32.93455,0.0,0.0,0.0,0.0,0,1.0568295114656054,0.9631106679960101,False,False,False,False,0.1259934767567162,0.12271016473016502,False,False,False,False,-490.0,-1204.9246634808392,False,False,False,False,55.205086339516804,False,False,False,False
2025-05-30 16:00:00+00:00,34.2,34.2,34.17,34.17,0.0,,,,,,,,,,,,,,,,,,,34.16666666666667,34.47692505189555,33.79287423817786,33.2890133644273,33.2890133644273,33.2890133644273,33.2890133644273,33.27629507808101,32.76743847709228,32.44455562038117,32.18414650181533,31.94872913477659,31.701485010037192,31.701485010037192,31.701485010037192,31.701485010037192,31.701485010037192,31.701485010037192,31.726334441294362,31.917157797669923,32.41422404640728,32.91766397758472,32.982556207097794,33.21964892422168,33.34945030838956,33.61540221677417,33.639820543725726,33.639820543725726,33.639820543725726,33.639820543725726,33.639820543725726,33.66173248701583,33.93708283254192,33.98831978112871,33.98831978112871,33.98831978112871,33.98831978112871,33.98831978112871,33.98831978112871,33.98831978112871,33.99001522345747,,,,,,,,,,,,,,,,,,,,,,,,,,,34.01253514739229,34.01253514739229,33.94442506459949,34.40122849968613,34.40122849968613,34.022069261100626,34.022069261100626,33.485727363802816,32.841554879594426,32.70931960500963,32.330928798355444,31.977596615680188,31.763996592493164,31.74052377949191,31.74052377949191,31.749291910072582,32.03882904597934,32.03882904597934,32.03882904597934,32.038981709367235,32.060416989513925,32.060416989513925,32.062207827156705,32.53589746815538,32.801422226732804,32.94522420267923,32.982556207097794,32.982556207097794,32.982556207097794,32.982556207097794,32.994142763443534,33.310852266377836,33.32372436391673,33.35544712127398,33.53629189785522,33.53629189785522,33.53629189785522,33.54271524572909,33.63249615047497,33.63249615047497,33.63249615047497,33.63249615047497,33.63249615047497,33.63249615047497,33.63249615047497,33.80007836370431,33.94330456500987,33.94579081998878,,,,33.485727363802816,32.841554879594426,31.977596615680188,33.310852266377836,,,,32.91766397758472,33.59667506596842,32.603304326289155,32.865551152612746,#000000,0.4798520042115172,34.18202025366581,-0.025049918642230665,68.01260755751014,21.245460136077384,True,False,True,False,False,6.435916823678063,34.0854,32.954325,0.0,0.0,0.0,0.0,0,1.0328031809145148,0.962226640159044,False,False,False,False,0.10837771497746779,0.1155439398538164,False,False,False,False,-490.0,-1193.8405601710588,False,False,False,False,54.34919352805142,False,False,False,False
2025-05-30 17:00:00+00:00,34.17,34.17,34.09,34.09,0.0,,,,,,,,,,,,,,,,,,,34.16666666666667,34.47692505189555,33.79287423817786,33.2890133644273,33.2890133644273,33.2890133644273,33.2890133644273,33.27629507808101,32.76743847709228,32.44455562038117,32.18414650181533,31.94872913477659,31.701485010037192,31.701485010037192,31.701485010037192,31.701485010037192,31.701485010037192,31.701485010037192,31.726334441294362,31.917157797669923,32.41422404640728,32.91766397758472,32.982556207097794,33.21964892422168,33.34945030838956,33.61540221677417,33.639820543725726,33.639820543725726,33.639820543725726,33.639820543725726,33.639820543725726,33.66173248701583,33.93708283254192,33.98831978112871,33.98831978112871,33.98831978112871,33.98831978112871,33.98831978112871,33.98831978112871,33.98831978112871,33.99001522345747,,,,,,,,,,,,,,,,,,,,,,,,,,,34.01253514739229,34.01253514739229,33.94442506459949,34.40122849968613,34.40122849968613,34.022069261100626,34.022069261100626,33.485727363802816,32.841554879594426,32.70931960500963,32.330928798355444,31.977596615680188,31.763996592493164,31.74052377949191,31.74052377949191,31.749291910072582,32.03882904597934,32.03882904597934,32.03882904597934,32.038981709367235,32.060416989513925,32.060416989513925,32.062207827156705,32.53589746815538,32.801422226732804,32.94522420267923,32.982556207097794,32.982556207097794,32.982556207097794,32.982556207097794,32.994142763443534,33.310852266377836,33.32372436391673,33.35544712127398,33.53629189785522,33.53629189785522,33.53629189785522,33.54271524572909,33.63249615047497,33.63249615047497,33.63249615047497,33.63249615047497,33.63249615047497,33.63249615047497,33.63249615047497,33.80007836370431,33.94330456500987,33.94579081998878,,,,33.485727363802816,32.841554879594426,31.977596615680188,33.310852266377836,,,,32.91766397758472,33.59667506596842,32.603304326289155,32.865551152612746,#000000,0.47672274602376485,34.18202025366581,-0.19302677380789562,60.64501790941672,16.078772301603067,True,False,True,False,False,4.264963170785325,34.07,32.973275,0.0,0.0,0.0,0.0,0,1.0256410256410278,1.0041025641025625,False,False,False,False,0.09474341886828719,0.10514367936105179,False,False,False,False,-490.0,-1182.9283034242208,False,False,False,False,53.506570372577755,False,False,False,False
2025-05-30 18:00:00+00:00,34.09,34.09,34.09,34.09,0.0,,,,,,,,,,,,,,,,,,,34.16666666666667,34.47692505189555,33.79287423817786,33.2890133644273,33.2890133644273,33.2890133644273,33.2890133644273,33.27629507808101,32.76743847709228,32.44455562038117,32.18414650181533,31.94872913477659,31.701485010037192,31.701485010037192,31.701485010037192,31.701485010037192,31.701485010037192,31.701485010037192,31.726334441294362,31.917157797669923,32.41422404640728,32.91766397758472,32.982556207097794,33.21964892422168,33.34945030838956,33.61540221677417,33.639820543725726,33.639820543725726,33.639820543725726,33.639820543725726,33.639820543725726,33.66173248701583,33.93708283254192,33.98831978112871,33.98831978112871,33.98831978112871,33.98831978112871,33.98831978112871,33.98831978112871,33.98831978112871,33.99001522345747,,,,,,,,,,,,,,,,,,,,,,,,,,,34.01253514739229,34.01253514739229,33.94442506459949,34.40122849968613,34.40122849968613,34.022069261100626,34.022069261100626,33.485727363802816,32.841554879594426,32.70931960500963,32.330928798355444,31.977596615680188,31.763996592493164,31.74052377949191,31.74052377949191,31.749291910072582,32.03882904597934,32.03882904597934,32.03882904597934,32.038981709367235,32.060416989513925,32.060416989513925,32.062207827156705,32.53589746815538,32.801422226732804,32.94522420267923,32.982556207097794,32.982556207097794,32.982556207097794,32.982556207097794,32.994142763443534,33.310852266377836,33.32372436391673,33.35544712127398,33.53629189785522,33.53629189785522,33.53629189785522,33.54271524572909,33.63249615047497,33.63249615047497,33.63249615047497,33.63249615047497,33.63249615047497,33.63249615047497,33.63249615047497,33.80007836370431,33.94330456500987,33.94579081998878,,,,33.485727363802816,32.841554879594426,31.977596615680188,33.310852266377836,,,,32.91766397758472,33.59667506596842,32.603304326289155,32.865551152612746,#000000,0.47347574307364504,34.18202025366581,-0.19435051322469793,55.73329147735445,11.794598657422952,True,False,True,False,False,4.264963170785325,34.0584,32.992225,0.0,0.0,0.0,0.0,0,1.001025641025643,0.9969230769230754,False,False,False,False,0.08484986556423899,0.09499677246264539,False,False,False,False,-490.0,-1172.1852289525275,False,False,False,False,52.67701114199515,False,False,False,False
2025-05-30 19:00:00+00:00,34.09,34.09,34.09,34.09,0.0,,,,,,,,,,,,,,,,,,,34.16666666666667,34.47692505189555,33.79287423817786,33.2890133644273,33.2890133644273,33.2890133644273,33.2890133644273,33.27629507808101,32.76743847709228,32.44455562038117,32.18414650181533,31.94872913477659,31.701485010037192,31.701485010037192,31.701485010037192,31.701485010037192,31.701485010037192,31.701485010037192,31.726334441294362,31.917157797669923,32.41422404640728,32.91766397758472,32.982556207097794,33.21964892422168,33.34945030838956,33.61540221677417,33.639820543725726,33.639820543725726,33.639820543725726,33.639820543725726,33.639820543725726,33.66173248701583,33.93708283254192,33.98831978112871,33.98831978112871,33.98831978112871,33.98831978112871,33.98831978112871,33.98831978112871,33.98831978112871,33.99001522345747,,,,,,,,,,,,,,,,,,,,,,,,,,,34.01253514739229,34.01253514739229,33.94442506459949,34.40122849968613,34.40122849968613,34.022069261100626,34.022069261100626,33.485727363802816,32.841554879594426,32.70931960500963,32.330928798355444,31.977596615680188,31.763996592493164,31.74052377949191,31.74052377949191,31.749291910072582,32.03882904597934,32.03882904597934,32.03882904597934,32.038981709367235,32.060416989513925,32.060416989513925,32.062207827156705,32.53589746815538,32.801422226732804,32.94522420267923,32.982556207097794,32.982556207097794,32.982556207097794,32.982556207097794,32.994142763443534,33.310852266377836,33.32372436391673,33.35544712127398,33.53629189785522,33.53629189785522,33.53629189785522,33.54271524572909,33.63249615047497,33.63249615047497,33.63249615047497,33.63249615047497,33.63249615047497,33.63249615047497,33.63249615047497,33.80007836370431,33.94330456500987,33.94579081998878,,,,33.485727363802816,32.841554879594426,31.977596615680188,33.310852266377836,,,,32.91766397758472,33.59667506596842,32.603304326289155,32.865551152612746,#000000,0.4669862354973682,34.18202025366581,-0.19705131901329184,52.45880718931293,9.00674429522742,True,False,False,False,False,4.264963170785325,34.0468,33.01165,0.0,0.0,0.0,0.0,0,1.001025641025643,0.9969230769230754,False,False,False,False,0.08484986556423899,0.0899233190134422,False,False,False,False,-490.0,-1161.608713774969,False,False,False,False,51.86031329483244,False,False,False,False
2025-06-02 14:00:00+00:00,34.09,34.09,33.81,33.81,50.0,,,,,,,,,,,,,,,,,33.903333333333336,33.903333333333336,33.91346153846154,34.467676555949694,33.79360643422158,33.29175610917641,33.29175610917641,33.29175610917641,33.29175610917641,33.27906982918842,32.77162441037736,32.44926865253726,32.18919254476078,31.954057354705046,31.70690614536144,31.70690614536144,31.70690614536144,31.70690614536144,31.70690614536144,31.70690614536144,31.731642123399002,31.921614903580032,32.4166648090477,32.91905216607516,32.98383389300548,33.22054761028445,33.3501571885582,33.61574447852031,33.64013156134677,33.64013156134677,33.64013156134677,33.64013156134677,33.64013156134677,33.66201561743152,33.937049616492466,33.98823874904652,33.98823874904652,33.98823874904652,33.98823874904652,33.98823874904652,33.98823874904652,33.98823874904652,33.98993265512183,,,,,,,,,,,,,,,,,,,,,,,,,,33.903333333333336,34.0055796178344,34.0055796178344,33.94252618607518,34.39202526186076,34.39202526186076,34.021060116720484,34.021060116720484,33.48788019383442,32.845576767676775,32.71361771058316,32.33581113250119,31.982918094395927,31.769504952194588,31.745757311781123,31.745757311781123,31.754479121514233,32.042598005525235,32.042598005525235,32.042598005525235,32.04273518555802,32.06397997061326,32.06397997061326,32.06574003018444,32.53804448631393,32.80301748849063,32.946564890481,32.98383389300548,32.98383389300548,32.98383389300548,32.98383389300548,32.99540088008192,33.31161524197079,33.32446821526352,33.356145350121494,33.536737964448335,33.536737964448335,33.536737964448335,33.54315267669416,33.63281656926074,33.63281656926074,33.63281656926074,33.63281656926074,33.63281656926074,33.63281656926074,33.63281656926074,33.800191723572595,33.94326540210064,33.945749302459,,,,33.48788019383442,32.845576767676775,31.982918094395927,33.31161524197079,,,,32.91905216607516,33.77220759674723,32.80165426478714,32.9596143062539,"rgba(239, 83, 80, 0.5)",0.4641207127848241,34.06270725658865,-0.5444860563803585,41.370605962743554,-0.9231111403801648,False,False,False,True,False,0.0,34.0304,33.0301,0.0,0.0,0.0,0.0,0,0.9789368104312959,0.9969909729187547,False,False,False,False,0.05033986268588833,0.07013159084966526,False,False,False,False,-540.0,-1151.971369375357,False,False,False,False,51.83147122824589,False,False,False,False
2025-06-02 15:00:00+00:00,33.81,33.94,33.81,33.94,100.0,,,,,,,,,,,,,,,,,33.898888888888884,33.898888888888884,33.90241228070175,34.44983807143601,33.794954860656816,33.29710977372629,33.29710977372629,33.29710977372629,33.29710977372629,33.284487820569055,32.779855623841584,32.45856114107173,32.19915737768699,31.96459096988757,31.717636057755133,31.717636057755133,31.717636057755133,31.717636057755133,31.717636057755133,31.717636057755133,31.74214787137681,31.930439584171097,32.42150062625933,32.921798119955824,32.986360206274966,33.222320432814165,33.351548576811446,33.616410755085425,33.640735699314696,33.640735699314696,33.640735699314696,33.640735699314696,33.640735699314696,33.662564303418606,33.936970283349375,33.98806445882502,33.98806445882502,33.98806445882502,33.98806445882502,33.98806445882502,33.98806445882502,33.98806445882502,33.989755313013,,,,,,,,,,,,,,,,,,,,,,,,,33.89666666666667,33.898888888888884,33.99327306967985,33.99327306967985,33.93864636209814,34.37436541889484,34.37436541889484,34.018981001727106,34.018981001727106,33.49205191005886,32.853479699248126,32.722074100548014,32.345444259293544,31.99343666410171,31.780402855337535,31.75611664980976,31.75611664980976,31.764747000271612,32.050063552781694,32.050063552781694,32.050063552781694,32.05017024263084,32.07103908276199,32.07103908276199,32.07273845016947,32.54229749047843,32.80617494779189,32.949216435960416,32.986360206274966,32.986360206274966,32.986360206274966,32.986360206274966,32.99788829704045,33.31311818703385,33.32593313705411,33.35751953356723,33.53761068813346,33.53761068813346,33.53761068813346,33.5440082284608,33.63343940073492,33.63343940073492,33.63343940073492,33.63343940073492,33.63343940073492,33.63343940073492,33.63343940073492,33.800403092113434,33.9431742679079,33.94565349781387,,,,33.49205191005886,32.853479699248126,31.99343666410171,33.31311818703385,,,,32.921798119955824,33.820870135718145,32.80629456825327,33.053571889614986,#000000,0.459033336048112,34.021413418807484,-0.17735840169776454,40.25701617084801,-1.4922519627456623,False,False,False,True,False,0.3074195217253184,34.0162,33.048775,0.0,0.0,0.0,0.0,0,0.9792079207920812,1.0059405940594048,False,False,False,False,0.03190672034647567,0.051019155598070465,False,False,False,False,-440.0,-1140.9330535710878,False,False,False,False,52.578270123932,False,False,False,False
2025-06-02 16:00:00+00:00,33.94,33.97,33.94,33.97,0.0,,,,,,,,,,,,,,,,,33.898888888888884,33.898888888888884,33.90241228070175,34.44983807143601,33.794954860656816,33.29710977372629,33.29710977372629,33.29710977372629,33.29710977372629,33.284487820569055,32.779855623841584,32.45856114107173,32.19915737768699,31.96459096988757,31.717636057755133,31.717636057755133,31.717636057755133,31.717636057755133,31.717636057755133,31.717636057755133,31.74214787137681,31.930439584171097,32.42150062625933,32.921798119955824,32.986360206274966,33.222320432814165,33.351548576811446,33.616410755085425,33.640735699314696,33.640735699314696,33.640735699314696,33.640735699314696,33.640735699314696,33.662564303418606,33.936970283349375,33.98806445882502,33.98806445882502,33.98806445882502,33.98806445882502,33.98806445882502,33.98806445882502,33.98806445882502,33.989755313013,,,,,,,,,,,,,,,,,,,,,,,,,33.89666666666667,33.898888888888884,33.99327306967985,33.99327306967985,33.93864636209814,34.37436541889484,34.37436541889484,34.018981001727106,34.018981001727106,33.49205191005886,32.853479699248126,32.722074100548014,32.345444259293544,31.99343666410171,31.780402855337535,31.75611664980976,31.75611664980976,31.764747000271612,32.050063552781694,32.050063552781694,32.050063552781694,32.05017024263084,32.07103908276199,32.07103908276199,32.07273845016947,32.54229749047843,32.80617494779189,32.949216435960416,32.986360206274966,32.986360206274966,32.986360206274966,32.986360206274966,32.99788829704045,33.31311818703385,33.32593313705411,33.35751953356723,33.53761068813346,33.53761068813346,33.53761068813346,33.5440082284608,33.63343940073492,33.63343940073492,33.63343940073492,33.63343940073492,33.63343940073492,33.63343940073492,33.63343940073492,33.800403092113434,33.9431742679079,33.94565349781387,,,,33.49205191005886,32.853479699248126,31.99343666410171,33.31311818703385,,,,32.921798119955824,33.820870135718145,32.80629456825327,33.053571889614986,#000000,0.4531333554680029,34.021413418807484,-0.11346200447853656,40.69334775053072,-1.4922519627456623,False,False,False,True,False,1.0212901903396734,34.001799999999996,33.068425000000005,0.0,0.0,0.0,0.0,0,0.9921026653504458,1.0029615004935821,False,False,False,False,0.019816243541220944,0.0354176995696457,False,False,False,False,-440.0,-1130.0658744459547,False,False,False,False,51.763103145266385,False,False,False,False
2025-06-02 17:00:00+00:00,33.97,33.97,33.97,33.97,0.0,,,,,,,,,,,,,,,,,33.898888888888884,33.898888888888884,33.90241228070175,34.44983807143601,33.794954860656816,33.29710977372629,33.29710977372629,33.29710977372629,33.29710977372629,33.284487820569055,32.779855623841584,32.45856114107173,32.19915737768699,31.96459096988757,31.717636057755133,31.717636057755133,31.717636057755133,31.717636057755133,31.717636057755133,31.717636057755133,31.74214787137681,31.930439584171097,32.42150062625933,32.921798119955824,32.986360206274966,33.222320432814165,33.351548576811446,33.616410755085425,33.640735699314696,33.640735699314696,33.640735699314696,33.640735699314696,33.640735699314696,33.662564303418606,33.936970283349375,33.98806445882502,33.98806445882502,33.98806445882502,33.98806445882502,33.98806445882502,33.98806445882502,33.98806445882502,33.989755313013,,,,,,,,,,,,,,,,,,,,,,,,,33.89666666666667,33.898888888888884,33.99327306967985,33.99327306967985,33.93864636209814,34.37436541889484,34.37436541889484,34.018981001727106,34.018981001727106,33.49205191005886,32.853479699248126,32.722074100548014,32.345444259293544,31.99343666410171,31.780402855337535,31.75611664980976,31.75611664980976,31.764747000271612,32.050063552781694,32.050063552781694,32.050063552781694,32.05017024263084,32.07103908276199,32.07103908276199,32.07273845016947,32.54229749047843,32.80617494779189,32.949216435960416,32.986360206274966,32.986360206274966,32.986360206274966,32.986360206274966,32.99788829704045,33.31311818703385,33.32593313705411,33.35751953356723,33.53761068813346,33.53761068813346,33.53761068813346,33.5440082284608,33.63343940073492,33.63343940073492,33.63343940073492,33.63343940073492,33.63343940073492,33.63343940073492,33.63343940073492,33.800403092113434,33.9431742679079,33.94565349781387,,,,33.49205191005886,32.853479699248126,31.99343666410171,33.31311818703385,,,,32.921798119955824,33.820870135718145,32.80629456825327,33.053571889614986,#000000,0.44484535221494564,34.021413418807484,-0.11557593791076028,40.984235470319184,-1.4922519627456623,False,False,False,True,False,1.0212901903396734,33.992,33.088074999999996,0.0,0.0,0.0,0.0,0,0.9947807933194173,1.0605427974947799,False,False,False,False,0.011379786830509022,0.023398743200077364,False,False,False,False,-440.0,-1119.3671787181104,False,False,False,False,50.96057441433202,False,False,False,False
2025-06-02 18:00:00+00:00,33.97,34.08,33.93,33.93,211.0,,,,,,,,,,,,,,,,,33.946297322253,33.946297322253,33.94751147842057,34.42078302071122,33.7999261522791,33.30962843903852,33.30962843903852,33.30962843903852,33.30962843903852,33.29712805053115,32.798101208060146,32.478895821456476,32.22081988162496,31.987388981218388,31.740787461402917,31.740787461402917,31.740787461402917,31.740787461402917,31.740787461402917,31.740787461402917,31.764828441968078,31.94958163656752,32.432171815507104,32.92803274416182,32.99212891628146,33.22648926091076,33.354906556256175,33.6182212362927,33.64241317898487,33.64241317898487,33.64241317898487,33.64241317898487,33.64241317898487,33.66412278660679,33.937147911205024,33.98803220160123,33.98803220160123,33.98803220160123,33.98803220160123,33.98803220160123,33.98803220160123,33.98803220160123,33.989716330189516,,,,,,,,,,,,,,,,,,,,,,,,,33.95320471596999,33.946297322253,33.99071776155718,33.99071776155718,33.944910265613785,34.34677553050398,34.34677553050398,34.01765310515552,34.01765310515552,33.502337329337344,32.871072459477475,32.74076450015258,32.366456277161774,32.01621117449968,31.803926169961144,31.778489081720227,31.778489081720227,31.78692686090285,32.06632230030078,32.06632230030078,32.06632230030078,32.06636343752486,32.08642863510743,32.08642863510743,32.087997699667596,32.55173135132895,32.81328230218858,32.95525076528962,32.99212891628146,32.99212891628146,32.99212891628146,32.99212891628146,33.00357443383456,33.316713466877886,33.329447386960695,33.36084089855439,33.53986249487372,33.53986249487372,33.53986249487372,33.54622330307482,33.63515698156935,33.63515698156935,33.63515698156935,33.63515698156935,33.63515698156935,33.63515698156935,33.63515698156935,33.80122951832629,33.94332560751547,33.94579437435609,,,,33.502337329337344,32.871072459477475,32.01621117449968,33.316713466877886,,,,32.92803274416182,33.83267497651048,32.826319388168976,33.06660113169024,#000000,0.44341731914616206,34.031146231073706,-0.22810618058056825,39.9611755475894,-2.3781823229537977,False,False,False,True,False,0.025794774702966095,33.9814,33.107525,0.0,0.0,0.0,0.0,0,0.9342240493319643,1.0483042137718388,False,False,False,False,0.02133943028411786,0.022369086742097612,False,False,False,False,-651.0,-1112.105672071318,False,False,False,False,53.44180581876098,False,False,False,False
2025-06-02 19:00:00+00:00,33.93,34.02,33.93,34.015,0.0,,,,,,,,,,,,,,,,,33.946297322253,33.946297322253,33.94751147842057,34.42078302071122,33.7999261522791,33.30962843903852,33.30962843903852,33.30962843903852,33.30962843903852,33.29712805053115,32.798101208060146,32.478895821456476,32.22081988162496,31.987388981218388,31.740787461402917,31.740787461402917,31.740787461402917,31.740787461402917,31.740787461402917,31.740787461402917,31.764828441968078,31.94958163656752,32.432171815507104,32.92803274416182,32.99212891628146,33.22648926091076,33.354906556256175,33.6182212362927,33.64241317898487,33.64241317898487,33.64241317898487,33.64241317898487,33.64241317898487,33.66412278660679,33.937147911205024,33.98803220160123,33.98803220160123,33.98803220160123,33.98803220160123,33.98803220160123,33.98803220160123,33.98803220160123,33.989716330189516,,,,,,,,,,,,,,,,,,,,,,,,,33.95320471596999,33.946297322253,33.99071776155718,33.99071776155718,33.944910265613785,34.34677553050398,34.34677553050398,34.01765310515552,34.01765310515552,33.502337329337344,32.871072459477475,32.74076450015258,32.366456277161774,32.01621117449968,31.803926169961144,31.778489081720227,31.778489081720227,31.78692686090285,32.06632230030078,32.06632230030078,32.06632230030078,32.06636343752486,32.08642863510743,32.08642863510743,32.087997699667596,32.55173135132895,32.81328230218858,32.95525076528962,32.99212891628146,32.99212891628146,32.99212891628146,32.99212891628146,33.00357443383456,33.316713466877886,33.329447386960695,33.36084089855439,33.53986249487372,33.53986249487372,33.53986249487372,33.54622330307482,33.63515698156935,33.63515698156935,33.63515698156935,33.63515698156935,33.63515698156935,33.63515698156935,33.63515698156935,33.80122951832629,33.94332560751547,33.94579437435609,,,,33.502337329337344,32.871072459477475,32.01621117449968,33.316713466877886,,,,32.92803274416182,33.83267497651048,32.826319388168976,33.06660113169024,#000000,0.440986128767805,34.031146231073706,-0.03661392053038163,42.87055538998608,-2.3781823229537977,False,False,False,True,True,2.0958834000440945,33.9725,33.1274,0.0,0.0,0.0,0.0,0,0.9348268839103883,1.0539714867617096,False,False,False,False,0.012802408761534169,0.01758574775181589,False,False,False,False,-651.0,-1104.9567469229253,False,False,False,False,52.61325068978794,False,False,False,False
2025-06-03 14:00:00+00:00,34.0,34.0,34.0,34.0,0.0,,,,,,,,,,,,,,,,,33.946297322253,33.946297322253,33.94751147842057,34.42078302071122,33.7999261522791,33.30962843903852,33.30962843903852,33.30962843903852,33.30962843903852,33.29712805053115,32.798101208060146,32.478895821456476,32.22081988162496,31.987388981218388,31.740787461402917,31.740787461402917,31.740787461402917,31.740787461402917,31.740787461402917,31.740787461402917,31.764828441968078,31.94958163656752,32.432171815507104,32.92803274416182,32.99212891628146,33.22648926091076,33.354906556256175,33.6182212362927,33.64241317898487,33.64241317898487,33.64241317898487,33.64241317898487,33.64241317898487,33.66412278660679,33.937147911205024,33.98803220160123,33.98803220160123,33.98803220160123,33.98803220160123,33.98803220160123,33.98803220160123,33.98803220160123,33.989716330189516,,,,,,,,,,,,,,,,,,,,,,,,,33.95320471596999,33.946297322253,33.99071776155718,33.99071776155718,33.944910265613785,34.34677553050398,34.34677553050398,34.01765310515552,34.01765310515552,33.502337329337344,32.871072459477475,32.74076450015258,32.366456277161774,32.01621117449968,31.803926169961144,31.778489081720227,31.778489081720227,31.78692686090285,32.06632230030078,32.06632230030078,32.06632230030078,32.06636343752486,32.08642863510743,32.08642863510743,32.087997699667596,32.55173135132895,32.81328230218858,32.95525076528962,32.99212891628146,32.99212891628146,32.99212891628146,32.99212891628146,33.00357443383456,33.316713466877886,33.329447386960695,33.36084089855439,33.53986249487372,33.53986249487372,33.53986249487372,33.54622330307482,33.63515698156935,33.63515698156935,33.63515698156935,33.63515698156935,33.63515698156935,33.63515698156935,33.63515698156935,33.80122951832629,33.94332560751547,33.94579437435609,,,,33.502337329337344,32.871072459477475,32.01621117449968,33.316713466877886,,,,32.92803274416182,33.83267497651048,32.826319388168976,33.06660113169024,#000000,0.43844203084816435,34.031146231073706,-0.07103842442626535,44.26960216158759,-2.3781823229537977,False,False,False,True,True,1.7144659205622865,33.9633,33.14815,0.0,0.0,0.0,0.0,0,0.9405185561769205,1.054397559735637,False,False,False,False,0.01991641097380339,0.01875107936280964,False,False,False,False,-651.0,-1097.918657823345,False,False,False,False,51.79754137676797,False,False,False,False
2025-06-03 15:00:00+00:00,34.0,34.195,34.0,34.195,0.0,,,,,,,,,,,,,,,,,33.946297322253,33.946297322253,33.94751147842057,34.42078302071122,33.7999261522791,33.30962843903852,33.30962843903852,33.30962843903852,33.30962843903852,33.29712805053115,32.798101208060146,32.478895821456476,32.22081988162496,31.987388981218388,31.740787461402917,31.740787461402917,31.740787461402917,31.740787461402917,31.740787461402917,31.740787461402917,31.764828441968078,31.94958163656752,32.432171815507104,32.92803274416182,32.99212891628146,33.22648926091076,33.354906556256175,33.6182212362927,33.64241317898487,33.64241317898487,33.64241317898487,33.64241317898487,33.64241317898487,33.66412278660679,33.937147911205024,33.98803220160123,33.98803220160123,33.98803220160123,33.98803220160123,33.98803220160123,33.98803220160123,33.98803220160123,33.989716330189516,,,,,,,,,,,,,,,,,,,,,,,,,33.95320471596999,33.946297322253,33.99071776155718,33.99071776155718,33.944910265613785,34.34677553050398,34.34677553050398,34.01765310515552,34.01765310515552,33.502337329337344,32.871072459477475,32.74076450015258,32.366456277161774,32.01621117449968,31.803926169961144,31.778489081720227,31.778489081720227,31.78692686090285,32.06632230030078,32.06632230030078,32.06632230030078,32.06636343752486,32.08642863510743,32.08642863510743,32.087997699667596,32.55173135132895,32.81328230218858,32.95525076528962,32.99212891628146,32.99212891628146,32.99212891628146,32.99212891628146,33.00357443383456,33.316713466877886,33.329447386960695,33.36084089855439,33.53986249487372,33.53986249487372,33.53986249487372,33.54622330307482,33.63515698156935,33.63515698156935,33.63515698156935,33.63515698156935,33.63515698156935,33.63515698156935,33.63515698156935,33.80122951832629,33.94332560751547,33.94579437435609,,,,33.502337329337344,32.871072459477475,32.01621117449968,33.316713466877886,,,,32.92803274416182,33.83267497651048,32.826319388168976,33.06660113169024,#000000,0.434810272386498,34.031146231073706,0.37683969154400954,50.98156750897802,-6.270371222224043,False,False,True,False,True,6.227820630318622,33.9707,33.169875000000005,0.0,0.0,0.0,0.0,0,0.965746421267895,1.034764826175868,False,False,False,False,0.047686960390975926,0.03321901987689278,False,False,False,False,-651.0,-1090.9896863842234,False,False,False,False,50.99447871976381,False,False,False,False
2025-06-03 16:00:00+00:00,34.195,34.22,34.195,34.21,133.0,,,,,,,,,,,,,,,,,34.01684547908232,34.01684547908232,34.01744959677419,34.412812411847675,33.806726972997794,33.31989450027198,33.31989450027198,33.31989450027198,33.31989450027198,33.30744826705271,32.81148693976592,32.49334401172529,32.235943131758106,32.003112690301286,31.75660201426369,31.75660201426369,31.75660201426369,31.75660201426369,31.75660201426369,31.75660201426369,31.780339426625943,31.962801173450682,32.439804678664906,32.93276984921828,32.9965633595599,33.22988267241827,33.357771271852336,33.620067635918794,33.64417147507028,33.64417147507028,33.64417147507028,33.64417147507028,33.64417147507028,33.66580174746772,33.93785171164491,33.988586245367216,33.988586245367216,33.988586245367216,33.988586245367216,33.988586245367216,33.988586245367216,33.988586245367216,33.99026560876547,,,,,,,,,,,,,,,,,,,,,,,,,34.029628378378376,34.01684547908232,34.01426769731489,34.01426769731489,33.96786915683705,34.340928337038214,34.340928337038214,34.02166139824033,34.02166139824033,33.51159469584936,32.88410791068114,32.754381540393474,32.3812607522008,32.031938450749806,31.820025759787885,31.79380008212126,31.79380008212126,31.802112745791487,32.07763678726982,32.07763678726982,32.07763678726982,32.07763294961563,32.09715673230443,32.09715673230443,32.098636975276044,32.55855497744331,32.81858637546099,32.95985768649566,32.9965633595599,32.9965633595599,32.9965633595599,32.9965633595599,33.007955135741035,33.319733136411095,33.33241388353129,33.3636816791841,33.542000392760386,33.542000392760386,33.542000392760386,33.54833689356119,33.63694199233537,33.63694199233537,33.63694199233537,33.63694199233537,33.63694199233537,33.63694199233537,33.63694199233537,33.80240691209835,33.94401031548683,33.94647138850112,,,,33.51159469584936,32.88410791068114,32.031938450749806,33.319733136411095,,,,32.93276984921828,33.856867939162946,32.84706025335288,33.08481767368604,#000000,0.42890912328357256,34.06455308050079,0.33910894313864315,55.78325424107632,-1.7742005563288572,True,False,True,False,True,6.55866993196765,33.9803,33.189075,0.0,0.0,0.0,0.0,0,0.9667877529839143,1.0430721328489865,False,False,False,False,0.07910856062486891,0.05616379025088085,False,False,False,False,-518.0,-1082.1061253550106,False,False,False,False,52.265882150465146,False,False,False,False
2025-06-03 17:00:00+00:00,34.21,34.21,34.2,34.2,0.0,,,,,,,,,,,,,,,,,34.01684547908232,34.01684547908232,34.01744959677419,34.412812411847675,33.806726972997794,33.31989450027198,33.31989450027198,33.31989450027198,33.31989450027198,33.30744826705271,32.81148693976592,32.49334401172529,32.235943131758106,32.003112690301286,31.75660201426369,31.75660201426369,31.75660201426369,31.75660201426369,31.75660201426369,31.75660201426369,31.780339426625943,31.962801173450682,32.439804678664906,32.93276984921828,32.9965633595599,33.22988267241827,33.357771271852336,33.620067635918794,33.64417147507028,33.64417147507028,33.64417147507028,33.64417147507028,33.64417147507028,33.66580174746772,33.93785171164491,33.988586245367216,33.988586245367216,33.988586245367216,33.988586245367216,33.988586245367216,33.988586245367216,33.988586245367216,33.99026560876547,,,,,,,,,,,,,,,,,,,,,,,,,34.029628378378376,34.01684547908232,34.01426769731489,34.01426769731489,33.96786915683705,34.340928337038214,34.340928337038214,34.02166139824033,34.02166139824033,33.51159469584936,32.88410791068114,32.754381540393474,32.3812607522008,32.031938450749806,31.820025759787885,31.79380008212126,31.79380008212126,31.802112745791487,32.07763678726982,32.07763678726982,32.07763678726982,32.07763294961563,32.09715673230443,32.09715673230443,32.098636975276044,32.55855497744331,32.81858637546099,32.95985768649566,32.9965633595599,32.9965633595599,32.9965633595599,32.9965633595599,33.007955135741035,33.319733136411095,33.33241388353129,33.3636816791841,33.542000392760386,33.542000392760386,33.542000392760386,33.54833689356119,33.63694199233537,33.63694199233537,33.63694199233537,33.63694199233537,33.63694199233537,33.63694199233537,33.63694199233537,33.80240691209835,33.94401031548683,33.94647138850112,,,,33.51159469584936,32.88410791068114,32.031938450749806,33.319733136411095,,,,32.93276984921828,33.856867939162946,32.84706025335288,33.08481767368604,#000000,0.41833725995051985,34.06455308050079,0.3237744577550579,58.54292446742246,0.8162705569088757,True,False,True,False,True,6.292627285101531,33.9897,33.208225,0.0,0.0,0.0,0.0,0,0.95379023883697,1.0415368639667688,False,False,False,False,0.07839293392604937,0.0672783620884651,False,False,False,False,-518.0,-1073.3602939541577,False,False,False,False,51.45555839619437,False,False,False,False
2025-06-03 18:00:00+00:00,34.2,34.255,34.17,34.255,113.0,,,,,,,,,,,,,,,,,34.0559060955519,34.0559060955519,34.05626984126984,34.407062146892656,33.81258539094651,33.32861049676761,33.32861049676761,33.32861049676761,33.32861049676761,33.31620937359424,32.82280837758113,32.50556040666126,32.248730294073056,32.01640765825352,31.769979311446605,31.769979311446605,31.769979311446605,31.769979311446605,31.769979311446605,31.769979311446605,31.793462378352718,31.974002539626937,32.44630507801602,32.93682460227221,33.000362257447385,33.232801096860555,33.360242271716785,33.621675934615986,33.64570507145076,33.64570507145076,33.64570507145076,33.64570507145076,33.64570507145076,33.66726804401977,33.93848714953271,33.989093879527765,33.989093879527765,33.989093879527765,33.989093879527765,33.989093879527765,33.989093879527765,33.989093879527765,33.99076917760016,,,,,,,,,,,,,,,,,,,,,,,,,34.06960203470975,34.0559060955519,34.032152260308,34.032152260308,33.98571181614806,34.33697016145514,34.33697016145514,34.02525854037266,34.02525854037266,33.519473316432666,32.89513568849799,32.76589730278489,32.39377761104441,32.045235554840666,31.83363961754105,31.8067554979579,31.8067554979579,31.814963336460288,32.087238257156415,32.087238257156415,32.087238257156415,32.08719662360849,32.10626512484702,32.10626512484702,32.10767064878471,32.56437241528301,32.82312028646874,32.963802391909404,33.000362257447385,33.000362257447385,33.000362257447385,33.000362257447385,33.011708594530745,33.32233529690568,33.334971025128425,33.36613241687819,33.54385576792409,33.54385576792409,33.54385576792409,33.55017166542994,33.63849824848202,33.63849824848202,33.63849824848202,33.63849824848202,33.63849824848202,33.63849824848202,33.63849824848202,33.803446854663775,33.94462944296911,33.94708393791071,,,,33.519473316432666,32.89513568849799,32.045235554840666,33.32233529690568,,,,32.93682460227221,33.87189180589957,32.86158817680631,33.09780459042559,#000000,0.40955064366885635,34.08531696453292,0.41431514780936024,61.716794898882796,3.8735326692543453,True,False,True,False,True,7.527841673544451,34.0002,33.22765,0.0,0.0,0.0,0.0,0,0.9495625321667545,1.036541430777147,False,False,False,False,0.08054005737041409,0.0739092097294396,False,False,False,False,-405.0,-1062.998118854093,False,False,False,False,52.409735785400656,False,False,False,False
2025-06-03 19:00:00+00:00,34.255,34.255,34.11,34.11,20.0,,,,,,,,,,,,,,,,,34.059173312068054,34.059173312068054,34.05951510333863,34.40570962479608,33.81343698686372,33.3300196727808,33.3300196727808,33.3300196727808,33.3300196727808,33.317627568204784,32.82469671261931,32.507619551900994,32.25089881898705,32.01867196997726,31.772266459181232,31.772266459181232,31.772266459181232,31.772266459181232,31.772266459181232,31.772266459181232,31.795705556872974,31.975913757400765,32.44740669841066,32.93750173230967,33.00099485568606,33.23328046096076,33.36064377646417,33.62192765009381,33.645943836360814,33.645943836360814,33.645943836360814,33.645943836360814,33.645943836360814,33.667495162993625,33.93857272609316,33.989157722994506,33.989157722994506,33.989157722994506,33.989157722994506,33.989157722994506,33.989157722994506,33.989157722994506,33.99083232833346,,,,,,,,,,,,,,,,,,,,,,,,,34.072677642980935,34.059173312068054,34.034005139500735,34.034005139500735,33.98779284709665,34.33588157627463,34.33588157627463,34.0256705366357,34.0256705366357,33.52071671856755,32.89696946601825,32.76782228520081,32.395893385291764,32.04749906271758,31.83596477628859,31.808969789704957,31.808969789704957,31.81715955951265,32.08887471028234,32.08887471028234,32.08887471028234,32.088826669814786,32.10781742879837,32.10781742879837,32.10921024312725,32.56535567413074,32.8238807882896,32.96446037254309,33.00099485568606,33.00099485568606,33.00099485568606,33.00099485568606,33.01233328793244,33.322759618312865,33.33538752729511,33.366530397796254,33.54415034716396,33.54415034716396,33.54415034716396,33.550462672759615,33.638740935263,33.638740935263,33.638740935263,33.638740935263,33.638740935263,33.638740935263,33.638740935263,33.80360075166234,33.94471225948963,33.947165644923196,,,,33.52071671856755,32.89696946601825,32.04749906271758,33.322759618312865,,,,32.93750173230967,33.8733094811999,32.86351002035171,33.099423628026976,#000000,0.398015889944726,34.08710936554404,0.05751186079314762,58.19941476893734,3.8735326692543453,True,False,True,False,False,3.720631884217191,34.007799999999996,33.24635,0.0,0.0,0.0,0.0,0,0.9442190669371214,1.03600405679513,False,False,False,False,0.07195580962867826,0.07293250967905893,False,False,False,False,-425.0,-1053.1066751509288,False,False,False,False,51.907259261595996,False,False,False,False
2025-06-04 14:00:00+00:00,34.11,34.225,34.11,34.225,100.0,,,,,,,,,,,,,,,,,34.076710224667586,34.076710224667586,34.076957018747144,34.39991176989589,33.81797749391728,33.33723293477041,33.33723293477041,33.33723293477041,33.33723293477041,33.32488407370297,32.83425775125776,32.51801419756908,32.26182795091839,32.03007106928159,31.783771821142086,31.783771821142086,31.783771821142086,31.783771821142086,31.783771821142086,31.783771821142086,31.806991660766265,31.98554331097366,32.45298446753469,32.94095446714025,33.004224689003905,33.23574303672134,33.362716346757,33.623248986117616,33.64720016263941,33.64720016263941,33.64720016263941,33.64720016263941,33.64720016263941,33.66869298387283,33.939054649054654,33.989529560529895,33.989529560529895,33.989529560529895,33.989529560529895,33.989529560529895,33.989529560529895,33.989529560529895,33.99120065954459,,,,,,,,,,,,,,,,,,,,,,,,,34.08951501723289,34.076710224667586,34.04444710442316,34.04444710442316,33.99909891984082,34.331469544648144,34.331469544648144,34.028124745934946,34.028124745934946,33.527134894628645,32.90626324133459,32.77756241275944,32.40656545490663,32.05889519293945,31.847662138402335,31.820111761949388,31.820111761949388,31.828211365049746,32.09712983367438,32.09712983367438,32.09712983367438,32.097049623706496,32.11565061481844,32.11565061481844,32.11697963025294,32.570340948691154,32.82775079987129,32.96781725214463,33.004224689003905,33.004224689003905,33.004224689003905,33.004224689003905,33.01552354432672,33.324946503307686,33.33753521541321,33.36858531064953,33.545686769171915,33.545686769171915,33.545686769171915,33.551981168102735,33.640016961651924,33.640016961651924,33.640016961651924,33.640016961651924,33.640016961651924,33.640016961651924,33.640016961651924,33.80442953988173,33.94518017495343,33.94762792178965,,,,33.527134894628645,32.90626324133459,32.05889519293945,33.324946503307686,,,,32.94095446714025,33.881131219553126,32.87344422202797,33.108009242151105,#000000,0.3856561041011449,34.09723331326943,0.331296938831973,58.8067350744644,3.8735326692543453,True,False,True,False,False,6.2860320109604935,34.0177,33.265625,0.0,0.0,0.0,0.0,0,0.9448621553884728,1.0385964912280685,False,False,False,False,0.06766773096815298,0.07030012032360596,False,False,False,False,-325.0,-1041.8181995671935,False,False,False,False,52.652883149013114,False,False,False,False
2025-06-04 15:00:00+00:00,34.225,34.225,34.225,34.225,0.0,,,,,,,,,,,,,,,,,34.076710224667586,34.076710224667586,34.076957018747144,34.39991176989589,33.81797749391728,33.33723293477041,33.33723293477041,33.33723293477041,33.33723293477041,33.32488407370297,32.83425775125776,32.51801419756908,32.26182795091839,32.03007106928159,31.783771821142086,31.783771821142086,31.783771821142086,31.783771821142086,31.783771821142086,31.783771821142086,31.806991660766265,31.98554331097366,32.45298446753469,32.94095446714025,33.004224689003905,33.23574303672134,33.362716346757,33.623248986117616,33.64720016263941,33.64720016263941,33.64720016263941,33.64720016263941,33.64720016263941,33.66869298387283,33.939054649054654,33.989529560529895,33.989529560529895,33.989529560529895,33.989529560529895,33.989529560529895,33.989529560529895,33.989529560529895,33.99120065954459,,,,,,,,,,,,,,,,,,,,,,,,,34.08951501723289,34.076710224667586,34.04444710442316,34.04444710442316,33.99909891984082,34.331469544648144,34.331469544648144,34.028124745934946,34.028124745934946,33.527134894628645,32.90626324133459,32.77756241275944,32.40656545490663,32.05889519293945,31.847662138402335,31.820111761949388,31.820111761949388,31.828211365049746,32.09712983367438,32.09712983367438,32.09712983367438,32.097049623706496,32.11565061481844,32.11565061481844,32.11697963025294,32.570340948691154,32.82775079987129,32.96781725214463,33.004224689003905,33.004224689003905,33.004224689003905,33.004224689003905,33.01552354432672,33.324946503307686,33.33753521541321,33.36858531064953,33.545686769171915,33.545686769171915,33.545686769171915,33.551981168102735,33.640016961651924,33.640016961651924,33.640016961651924,33.640016961651924,33.640016961651924,33.640016961651924,33.640016961651924,33.80442953988173,33.94518017495343,33.94762792178965,,,,33.527134894628645,32.90626324133459,32.05889519293945,33.324946503307686,,,,32.94095446714025,33.881131219553126,32.87344422202797,33.108009242151105,#000000,0.3725657690288974,34.09723331326943,0.34293726732759505,59.211615278149104,3.8735326692543453,True,False,True,False,False,6.286032010960483,34.0255,33.284375,0.0,0.0,0.0,0.0,0,0.9774590163934442,1.0394467213114738,False,False,False,False,0.08412025366197982,0.07721018699279289,False,False,False,False,-325.0,-1030.7047391087874,False,False,False,False,51.83655937926097,False,False,False,False
2025-06-04 16:00:00+00:00,34.225,34.225,34.225,34.225,0.0,,,,,,,,,,,,,,,,,34.076710224667586,34.076710224667586,34.076957018747144,34.39991176989589,33.81797749391728,33.33723293477041,33.33723293477041,33.33723293477041,33.33723293477041,33.32488407370297,32.83425775125776,32.51801419756908,32.26182795091839,32.03007106928159,31.783771821142086,31.783771821142086,31.783771821142086,31.783771821142086,31.783771821142086,31.783771821142086,31.806991660766265,31.98554331097366,32.45298446753469,32.94095446714025,33.004224689003905,33.23574303672134,33.362716346757,33.623248986117616,33.64720016263941,33.64720016263941,33.64720016263941,33.64720016263941,33.64720016263941,33.66869298387283,33.939054649054654,33.989529560529895,33.989529560529895,33.989529560529895,33.989529560529895,33.989529560529895,33.989529560529895,33.989529560529895,33.99120065954459,,,,,,,,,,,,,,,,,,,,,,,,,34.08951501723289,34.076710224667586,34.04444710442316,34.04444710442316,33.99909891984082,34.331469544648144,34.331469544648144,34.028124745934946,34.028124745934946,33.527134894628645,32.90626324133459,32.77756241275944,32.40656545490663,32.05889519293945,31.847662138402335,31.820111761949388,31.820111761949388,31.828211365049746,32.09712983367438,32.09712983367438,32.09712983367438,32.097049623706496,32.11565061481844,32.11565061481844,32.11697963025294,32.570340948691154,32.82775079987129,32.96781725214463,33.004224689003905,33.004224689003905,33.004224689003905,33.004224689003905,33.01552354432672,33.324946503307686,33.33753521541321,33.36858531064953,33.545686769171915,33.545686769171915,33.545686769171915,33.551981168102735,33.640016961651924,33.640016961651924,33.640016961651924,33.640016961651924,33.640016961651924,33.640016961651924,33.640016961651924,33.80442953988173,33.94518017495343,33.94762792178965,,,,33.527134894628645,32.90626324133459,32.05889519293945,33.324946503307686,,,,32.94095446714025,33.881131219553126,32.87344422202797,33.108009242151105,#000000,0.3586649042119312,34.09723331326943,0.35622857221368404,59.48153541393891,3.8735326692543453,True,False,True,False,False,6.286032010960483,34.033300000000004,33.303125,0.0,0.0,0.0,0.0,0,0.9769271106449938,1.0414263240692168,False,False,False,False,0.08412025366197982,0.08066522032738635,False,False,False,False,-325.0,-1019.7635803629147,False,False,False,False,51.032891791985605,False,False,False,False
2025-06-04 17:00:00+00:00,34.225,34.225,34.225,34.225,0.0,,,,,,,,,,,,,,,,,34.076710224667586,34.076710224667586,34.076957018747144,34.39991176989589,33.81797749391728,33.33723293477041,33.33723293477041,33.33723293477041,33.33723293477041,33.32488407370297,32.83425775125776,32.51801419756908,32.26182795091839,32.03007106928159,31.783771821142086,31.783771821142086,31.783771821142086,31.783771821142086,31.783771821142086,31.783771821142086,31.806991660766265,31.98554331097366,32.45298446753469,32.94095446714025,33.004224689003905,33.23574303672134,33.362716346757,33.623248986117616,33.64720016263941,33.64720016263941,33.64720016263941,33.64720016263941,33.64720016263941,33.66869298387283,33.939054649054654,33.989529560529895,33.989529560529895,33.989529560529895,33.989529560529895,33.989529560529895,33.989529560529895,33.989529560529895,33.99120065954459,,,,,,,,,,,,,,,,,,,,,,,,,34.08951501723289,34.076710224667586,34.04444710442316,34.04444710442316,33.99909891984082,34.331469544648144,34.331469544648144,34.028124745934946,34.028124745934946,33.527134894628645,32.90626324133459,32.77756241275944,32.40656545490663,32.05889519293945,31.847662138402335,31.820111761949388,31.820111761949388,31.828211365049746,32.09712983367438,32.09712983367438,32.09712983367438,32.097049623706496,32.11565061481844,32.11565061481844,32.11697963025294,32.570340948691154,32.82775079987129,32.96781725214463,33.004224689003905,33.004224689003905,33.004224689003905,33.004224689003905,33.01552354432672,33.324946503307686,33.33753521541321,33.36858531064953,33.545686769171915,33.545686769171915,33.545686769171915,33.551981168102735,33.640016961651924,33.640016961651924,33.640016961651924,33.640016961651924,33.640016961651924,33.640016961651924,33.640016961651924,33.80442953988173,33.94518017495343,33.94762792178965,,,,33.527134894628645,32.90626324133459,32.05889519293945,33.324946503307686,,,,32.94095446714025,33.881131219553126,32.87344422202797,33.108009242151105,#000000,0.3438552230434396,34.09723331326943,0.37157116765515324,59.661482171132114,3.8735326692543453,True,False,True,False,False,6.286032010960483,34.0411,33.321875,0.0,0.0,0.0,0.0,0,0.9533298374410091,1.0414263240692168,False,False,False,False,0.08412025366197982,0.08239273699468308,False,False,False,False,-325.0,-1008.9920519851951,False,False,False,False,50.24168416730366,False,False,False,False
2025-06-04 18:00:00+00:00,34.225,34.33,34.225,34.33,133.0,,,,,,,,,,,,,,,,,34.110468992248066,34.110468992248066,34.11059938128384,34.39634407227478,33.825572848078544,33.34784023093791,33.34784023093791,33.34784023093791,33.34784023093791,33.3355394059515,32.8477699726434,32.53252599369602,32.27698132063135,32.045799742411575,31.799587397796508,31.799587397796508,31.799587397796508,31.799587397796508,31.799587397796508,31.799587397796508,31.822513994433496,31.99884536543819,32.46080781308213,32.945913931115534,33.008884274715236,33.239369508511814,33.36581712013604,33.62533288238908,33.649195793667346,33.649195793667346,33.649195793667346,33.649195793667346,33.649195793667346,33.67060895666575,33.93997187401107,33.99029251956181,33.99029251956181,33.99029251956181,33.99029251956181,33.99029251956181,33.99029251956181,33.99029251956181,33.99195871872323,,,,,,,,,,,,,,,,,,,,,,,,,34.123255144032925,34.110468992248066,34.06533960292581,34.06533960292581,34.01989957716702,34.330089615931726,34.330089615931726,34.033427959559724,34.033427959559724,33.53685285628193,32.91944682369737,32.79129160997733,32.421415676304214,32.074627415714474,31.863752698271455,31.835440786103476,31.835440786103476,31.843419397703915,32.10857304103869,32.10857304103869,32.10857304103869,32.108448625463055,32.12651794641072,32.12651794641072,32.12775950183587,32.57736528351964,32.83327161192372,32.97264772955322,33.008884274715236,33.008884274715236,33.008884274715236,33.008884274715236,33.02012983966291,33.32820147000699,33.340737197217344,33.371662254853,33.54806230930588,33.54806230930588,33.54806230930588,33.55433238163217,33.64203940596972,33.64203940596972,33.64203940596972,33.64203940596972,33.64203940596972,33.64203940596972,33.64203940596972,33.805837126687244,33.946077633321764,33.948517384775336,,,,33.53685285628193,32.91944682369737,32.074627415714474,33.32820147000699,,,,32.945913931115534,33.89642727712004,32.88904780159989,33.12250861012588,"rgba(38, 166, 154, 0.5)",0.3285881893769714,34.118318622547264,0.6442148083718368,62.57510748113331,6.634216749614531,True,False,True,False,True,8.64988312335747,34.051,33.34115,0.0,0.0,0.0,0.0,0,0.977671451355664,1.0308346624136082,False,False,False,False,0.0991816824858552,0.09078720974026913,False,False,False,False,-192.0,-996.3255085435641,False,False,False,False,51.524758831376474,False,False,False,False
2025-06-04 19:00:00+00:00,34.45,34.46,34.375,34.375,206.0,,,,,,,,,,,,,,,,34.403333333333336,34.16706378986867,34.16706378986867,34.16706304619227,34.39669378997652,33.839478521634156,33.36564060581253,33.36564060581253,33.36564060581253,33.36564060581253,33.3534010014887,32.86974241177547,32.55589406985205,32.30124748398056,32.07088766057099,31.82474082411055,31.82474082411055,31.82474082411055,31.82474082411055,31.82474082411055,31.82474082411055,31.847214272440063,32.02010666609434,32.473502849951885,32.95413531226612,33.01663769602419,33.24550912411875,33.37113453915178,33.62905321231536,33.65277707339189,33.65277707339189,33.65277707339189,33.65277707339189,33.65277707339189,33.67406441249638,33.94181390995581,33.99188422877382,33.99188422877382,33.99188422877382,33.99188422877382,33.99188422877382,33.99188422877382,33.99188422877382,33.99354249599741,,,,,,,,,,,,,,,,,,,,,,,,,34.180042650918644,34.16706378986867,34.10399962983528,34.10399962983528,34.057548458849695,34.33414449520738,34.33414449520738,34.04447311204521,34.04447311204521,33.55351127702599,32.94094939973739,32.81356992709871,32.44526491033354,32.09973015873015,31.889353560068507,31.859841628611402,31.859841628611402,31.867632734897526,32.1269304104695,32.1269304104695,32.1269304104695,32.12673597410803,32.14396805317856,32.14396805317856,32.145071275574274,32.58881196555188,32.842368810883315,32.980667791444446,33.01663769602419,33.01663769602419,33.01663769602419,33.01663769602419,33.02780003050778,33.33376021718579,33.34621285271164,33.37694236024845,33.552241488369155,33.552241488369155,33.552241488369155,33.55847326135683,33.64566302363734,33.64566302363734,33.64566302363734,33.64566302363734,33.64566302363734,33.64566302363734,33.64566302363734,33.80848074486137,33.94788739881136,33.95031404208535,,,,33.55351127702599,32.94094939973739,32.09973015873015,33.33376021718579,,,,32.95413531226612,33.976332967248126,33.04390677211721,33.14767227099332,"rgba(38, 166, 154, 0.5)",0.31270675322632674,34.16094209984581,0.684532386799015,65.48437506836453,9.70508473062094,True,False,True,False,True,9.633280219559733,34.0618,33.36065,0.0,0.0,0.0,0.0,0,0.9921094160967924,0.9968437664387149,False,False,False,False,0.13958486880937573,0.11518603927482243,False,False,False,False,14.0,-980.6615471707956,False,False,False,False,53.91972381073497,False,False,False,False
2025-06-05 14:00:00+00:00,34.15,34.15,34.07,34.07,133.0,,,,,,,,,,,,,,,,34.28301868239921,34.15925493466778,34.15925493466778,34.159267277268945,34.38730470588235,33.84341386715755,33.37351446927978,33.37351446927978,33.37351446927978,33.37351446927978,33.36134238431877,32.880830332268815,32.568220250626574,32.31437939947205,32.08471089220665,31.83882322785105,31.83882322785105,31.83882322785105,31.83882322785105,31.83882322785105,31.83882322785105,31.861028612765693,32.031894223929434,32.480322865988505,32.95828135657965,33.02050095924552,33.24839793809172,33.37352737206669,33.63049245579932,33.65413387877674,33.65413387877674,33.65413387877674,33.65413387877674,33.65413387877674,33.67534721746739,33.942210341597374,33.99214428334173,33.99214428334173,33.99214428334173,33.99214428334173,33.99214428334173,33.99214428334173,33.99214428334173,33.993798191648025,,,,,,,,,,,,,,,,,,,,,,,,,34.17039164490862,34.15925493466778,34.10349534643227,34.10349534643227,34.05988047213506,34.325949230236986,34.325949230236986,34.045460276829715,34.045460276829715,33.560170538348096,32.95166167212582,32.82491721524038,32.457995981142275,32.11353219352491,31.903626831323738,31.873480805672717,31.873480805672717,31.88116237677984,32.137051524751456,32.137051524751456,32.137051524751456,32.13681913228654,32.153582984709935,32.153582984709935,32.154610145406885,32.59489018205332,32.847043518466656,32.984692298654245,33.02050095924552,33.02050095924552,33.02050095924552,33.02050095924552,33.031613110884614,33.33629840404243,33.34870133054095,33.37931274711306,33.55395363867805,33.55395363867805,33.55395363867805,33.56016269756977,33.64704474953163,33.64704474953163,33.64704474953163,33.64704474953163,33.64704474953163,33.64704474953163,33.64704474953163,33.80930162911563,33.94826661045209,33.95068635514496,,,,33.560170538348096,32.95166167212582,32.11353219352491,33.33629840404243,,,,32.95828135657965,33.969253978811025,33.04445858386555,33.15267341140213,#000000,0.2943499174005485,34.149978361685605,-0.271711853673704,57.63763950780469,13.867007536078404,False,False,True,False,False,1.7644755230984366,34.0665,33.378625,0.0,0.0,0.0,0.0,0,0.984199796126403,1.0025484199796117,False,False,False,False,0.04478182424969066,0.07998393176225654,False,False,False,False,-119.0,-967.3024534162097,False,False,False,False,55.145774604366984,False,False,False,False
2025-06-05 15:00:00+00:00,34.07,34.07,34.07,34.07,0.0,,,,,,,,,,,,,,,,34.28301868239921,34.15925493466778,34.15925493466778,34.159267277268945,34.38730470588235,33.84341386715755,33.37351446927978,33.37351446927978,33.37351446927978,33.37351446927978,33.36134238431877,32.880830332268815,32.568220250626574,32.31437939947205,32.08471089220665,31.83882322785105,31.83882322785105,31.83882322785105,31.83882322785105,31.83882322785105,31.83882322785105,31.861028612765693,32.031894223929434,32.480322865988505,32.95828135657965,33.02050095924552,33.24839793809172,33.37352737206669,33.63049245579932,33.65413387877674,33.65413387877674,33.65413387877674,33.65413387877674,33.65413387877674,33.67534721746739,33.942210341597374,33.99214428334173,33.99214428334173,33.99214428334173,33.99214428334173,33.99214428334173,33.99214428334173,33.99214428334173,33.993798191648025,,,,,,,,,,,,,,,,,,,,,,,,,34.17039164490862,34.15925493466778,34.10349534643227,34.10349534643227,34.05988047213506,34.325949230236986,34.325949230236986,34.045460276829715,34.045460276829715,33.560170538348096,32.95166167212582,32.82491721524038,32.457995981142275,32.11353219352491,31.903626831323738,31.873480805672717,31.873480805672717,31.88116237677984,32.137051524751456,32.137051524751456,32.137051524751456,32.13681913228654,32.153582984709935,32.153582984709935,32.154610145406885,32.59489018205332,32.847043518466656,32.984692298654245,33.02050095924552,33.02050095924552,33.02050095924552,33.02050095924552,33.031613110884614,33.33629840404243,33.34870133054095,33.37931274711306,33.55395363867805,33.55395363867805,33.55395363867805,33.56016269756977,33.64704474953163,33.64704474953163,33.64704474953163,33.64704474953163,33.64704474953163,33.64704474953163,33.64704474953163,33.80930162911563,33.94826661045209,33.95068635514496,,,,33.560170538348096,32.95166167212582,32.11353219352491,33.33629840404243,,,,32.95828135657965,33.969253978811025,33.04445858386555,33.15267341140213,#000000,0.28387232252428246,34.149978361685605,-0.2817406113227658,52.406482467431466,9.197841200550826,False,True,False,False,False,1.7644755230984472,34.071200000000005,33.3966,0.0,0.0,0.0,0.0,0,0.9840288511076778,1.0216383307573402,False,False,False,False,0.0281239884953849,0.05405396012882072,False,False,False,False,-119.0,-954.1504773942529,False,False,False,False,54.29080135468688,False,False,False,False
2025-06-05 16:00:00+00:00,34.07,34.07,34.07,34.07,0.0,,,,,,,,,,,,,,,,34.28301868239921,34.15925493466778,34.15925493466778,34.159267277268945,34.38730470588235,33.84341386715755,33.37351446927978,33.37351446927978,33.37351446927978,33.37351446927978,33.36134238431877,32.880830332268815,32.568220250626574,32.31437939947205,32.08471089220665,31.83882322785105,31.83882322785105,31.83882322785105,31.83882322785105,31.83882322785105,31.83882322785105,31.861028612765693,32.031894223929434,32.480322865988505,32.95828135657965,33.02050095924552,33.24839793809172,33.37352737206669,33.63049245579932,33.65413387877674,33.65413387877674,33.65413387877674,33.65413387877674,33.65413387877674,33.67534721746739,33.942210341597374,33.99214428334173,33.99214428334173,33.99214428334173,33.99214428334173,33.99214428334173,33.99214428334173,33.99214428334173,33.993798191648025,,,,,,,,,,,,,,,,,,,,,,,,,34.17039164490862,34.15925493466778,34.10349534643227,34.10349534643227,34.05988047213506,34.325949230236986,34.325949230236986,34.045460276829715,34.045460276829715,33.560170538348096,32.95166167212582,32.82491721524038,32.457995981142275,32.11353219352491,31.903626831323738,31.873480805672717,31.873480805672717,31.88116237677984,32.137051524751456,32.137051524751456,32.137051524751456,32.13681913228654,32.153582984709935,32.153582984709935,32.154610145406885,32.59489018205332,32.847043518466656,32.984692298654245,33.02050095924552,33.02050095924552,33.02050095924552,33.02050095924552,33.031613110884614,33.33629840404243,33.34870133054095,33.37931274711306,33.55395363867805,33.55395363867805,33.55395363867805,33.56016269756977,33.64704474953163,33.64704474953163,33.64704474953163,33.64704474953163,33.64704474953163,33.64704474953163,33.64704474953163,33.80930162911563,33.94826661045209,33.95068635514496,,,,33.560170538348096,32.95166167212582,32.11353219352491,33.33629840404243,,,,32.95828135657965,33.969253978811025,33.04445858386555,33.15267341140213,#000000,0.27265052045822313,34.149978361685605,-0.29333654508046086,48.91904444051598,6.147166678103332,False,True,False,True,False,1.7644755230984472,34.075900000000004,33.41695,0.0,0.0,0.0,0.0,0,0.9732096857290073,1.0216383307573402,False,False,False,False,0.0281239884953849,0.04108897431210281,False,False,False,False,-119.0,-941.2024079772877,False,False,False,False,53.449083504226614,False,False,False,False
2025-06-05 17:00:00+00:00,34.07,34.07,33.77,33.77,299.0,,,,,,,,,,,,,,,,34.089456635318705,34.10151980418336,34.10151980418336,34.10160666666667,34.3533029237195,33.84429800170542,33.38525236551489,33.38525236551489,33.38525236551489,33.38525236551489,33.37327371146152,32.90052677144381,32.591219077444265,32.339544716766746,32.111684183931274,31.866738371024084,31.866738371024084,31.866738371024084,31.866738371024084,31.866738371024084,31.866738371024084,31.88838707718467,32.05505548765926,32.49332676118049,32.96565899864684,33.02727773182857,33.25310489793851,33.37718132066493,33.632138309852685,33.655607115412415,33.655607115412415,33.655607115412415,33.655607115412415,33.655607115412415,33.67666655332397,33.941797126689764,33.99146656027316,33.99146656027316,33.99146656027316,33.99146656027316,33.99146656027316,33.99146656027316,33.99146656027316,33.99311194126699,,,,,,,,,,,,,,,,,,,,,,,,33.870000000000005,34.10836325966851,34.10151980418336,34.0722301836095,34.0722301836095,34.03744005270092,34.29312264226664,34.29312264226664,34.038304005820024,34.038304005820024,33.56848120570559,32.97040710904789,32.845290129091154,32.48205097525307,32.140406816088415,31.931802686858035,31.90047909788491,31.90047909788491,31.9079357075323,32.15684114374467,32.15684114374467,32.15684114374467,32.156536100648076,32.17237495422922,32.17237495422922,32.17325433175815,32.606341773546,32.855543281923055,32.991811906042685,33.02727773182857,33.02727773182857,33.02727773182857,33.02727773182857,33.03828344110055,33.34026058348852,33.352558692998095,33.38291914524032,33.55617241919074,33.55617241919074,33.55617241919074,33.56233391144027,33.648569848932006,33.648569848932006,33.648569848932006,33.648569848932006,33.648569848932006,33.648569848932006,33.648569848932006,33.80968784802764,33.94782069359756,33.95022752630912,,,,33.56848120570559,32.97040710904789,32.140406816088415,33.34026058348852,,,,32.96565899864684,33.96202894589862,33.039132680700234,33.236440537451806,"rgba(239, 83, 80, 1.0)",0.26060726034394344,34.07804451746287,-1.1820258463111037,41.48050228033294,-0.5571175127053891,False,True,False,True,False,0.0,34.074600000000004,33.4358,0.0,0.0,0.0,0.0,0,0.9440279860069986,1.020989505247375,True,False,False,False,-0.01627947895859936,0.012404747676751725,False,False,False,False,-418.0,-933.0907427373298,True,False,False,False,57.256074457649454,False,False,False,False
2025-06-05 18:00:00+00:00,33.77,33.77,33.77,33.77,0.0,,,,,,,,,,,,,,,,34.089456635318705,34.10151980418336,34.10151980418336,34.10160666666667,34.3533029237195,33.84429800170542,33.38525236551489,33.38525236551489,33.38525236551489,33.38525236551489,33.37327371146152,32.90052677144381,32.591219077444265,32.339544716766746,32.111684183931274,31.866738371024084,31.866738371024084,31.866738371024084,31.866738371024084,31.866738371024084,31.866738371024084,31.88838707718467,32.05505548765926,32.49332676118049,32.96565899864684,33.02727773182857,33.25310489793851,33.37718132066493,33.632138309852685,33.655607115412415,33.655607115412415,33.655607115412415,33.655607115412415,33.655607115412415,33.67666655332397,33.941797126689764,33.99146656027316,33.99146656027316,33.99146656027316,33.99146656027316,33.99146656027316,33.99146656027316,33.99146656027316,33.99311194126699,,,,,,,,,,,,,,,,,,,,,,,,33.870000000000005,34.10836325966851,34.10151980418336,34.0722301836095,34.0722301836095,34.03744005270092,34.29312264226664,34.29312264226664,34.038304005820024,34.038304005820024,33.56848120570559,32.97040710904789,32.845290129091154,32.48205097525307,32.140406816088415,31.931802686858035,31.90047909788491,31.90047909788491,31.9079357075323,32.15684114374467,32.15684114374467,32.15684114374467,32.156536100648076,32.17237495422922,32.17237495422922,32.17325433175815,32.606341773546,32.855543281923055,32.991811906042685,33.02727773182857,33.02727773182857,33.02727773182857,33.02727773182857,33.03828344110055,33.34026058348852,33.352558692998095,33.38291914524032,33.55617241919074,33.55617241919074,33.55617241919074,33.56233391144027,33.648569848932006,33.648569848932006,33.648569848932006,33.648569848932006,33.648569848932006,33.648569848932006,33.648569848932006,33.80968784802764,33.94782069359756,33.95022752630912,,,,33.56848120570559,32.97040710904789,32.140406816088415,33.34026058348852,,,,32.96565899864684,33.96202894589862,33.039132680700234,33.236440537451806,"rgba(239, 83, 80, 1.0)",0.24711502956653159,34.07804451746287,-1.2465632624742156,36.52147417354425,-4.868812916694111,False,True,False,True,False,0.0,34.073299999999996,33.4543,0.0,0.0,0.0,0.0,0,0.9419087136929482,1.0907676348547701,False,False,False,False,-0.060747271504000576,-0.024171261913624426,False,False,True,False,-418.0,-925.1048397491542,False,False,False,False,56.36838338078667,False,False,True,False
2025-06-05 19:00:00+00:00,33.77,33.77,33.77,33.77,0.0,,,,,,,,,,,,,,,,34.089456635318705,34.10151980418336,34.10151980418336,34.10160666666667,34.3533029237195,33.84429800170542,33.38525236551489,33.38525236551489,33.38525236551489,33.38525236551489,33.37327371146152,32.90052677144381,32.591219077444265,32.339544716766746,32.111684183931274,31.866738371024084,31.866738371024084,31.866738371024084,31.866738371024084,31.866738371024084,31.866738371024084,31.88838707718467,32.05505548765926,32.49332676118049,32.96565899864684,33.02727773182857,33.25310489793851,33.37718132066493,33.632138309852685,33.655607115412415,33.655607115412415,33.655607115412415,33.655607115412415,33.655607115412415,33.67666655332397,33.941797126689764,33.99146656027316,33.99146656027316,33.99146656027316,33.99146656027316,33.99146656027316,33.99146656027316,33.99146656027316,33.99311194126699,,,,,,,,,,,,,,,,,,,,,,,,33.870000000000005,34.10836325966851,34.10151980418336,34.0722301836095,34.0722301836095,34.03744005270092,34.29312264226664,34.29312264226664,34.038304005820024,34.038304005820024,33.56848120570559,32.97040710904789,32.845290129091154,32.48205097525307,32.140406816088415,31.931802686858035,31.90047909788491,31.90047909788491,31.9079357075323,32.15684114374467,32.15684114374467,32.15684114374467,32.156536100648076,32.17237495422922,32.17237495422922,32.17325433175815,32.606341773546,32.855543281923055,32.991811906042685,33.02727773182857,33.02727773182857,33.02727773182857,33.02727773182857,33.03828344110055,33.34026058348852,33.352558692998095,33.38291914524032,33.55617241919074,33.55617241919074,33.55617241919074,33.56233391144027,33.648569848932006,33.648569848932006,33.648569848932006,33.648569848932006,33.648569848932006,33.648569848932006,33.648569848932006,33.80968784802764,33.94782069359756,33.95022752630912,,,,33.56848120570559,32.97040710904789,32.140406816088415,33.34026058348852,,,,32.96565899864684,33.96202894589862,33.039132680700234,33.236440537451806,"rgba(239, 83, 80, 1.0)",0.23957823300449918,34.07804451746287,-1.2857784014839233,33.215455435685115,-7.774325367365819,False,True,False,True,False,0.0,34.071999999999996,33.473,0.0,0.0,0.0,0.0,0,0.9040456431535289,1.0907676348547701,False,False,False,False,-0.060747271504000576,-0.042459266708812504,False,False,True,False,-418.0,-917.2427492104076,False,False,False,False,55.49445495627835,False,False,True,False
2025-06-06 14:00:00+00:00,33.77,33.77,33.77,33.77,0.0,,,,,,,,,,,,,,,,34.089456635318705,34.10151980418336,34.10151980418336,34.10160666666667,34.3533029237195,33.84429800170542,33.38525236551489,33.38525236551489,33.38525236551489,33.38525236551489,33.37327371146152,32.90052677144381,32.591219077444265,32.339544716766746,32.111684183931274,31.866738371024084,31.866738371024084,31.866738371024084,31.866738371024084,31.866738371024084,31.866738371024084,31.88838707718467,32.05505548765926,32.49332676118049,32.96565899864684,33.02727773182857,33.25310489793851,33.37718132066493,33.632138309852685,33.655607115412415,33.655607115412415,33.655607115412415,33.655607115412415,33.655607115412415,33.67666655332397,33.941797126689764,33.99146656027316,33.99146656027316,33.99146656027316,33.99146656027316,33.99146656027316,33.99146656027316,33.99146656027316,33.99311194126699,,,,,,,,,,,,,,,,,,,,,,,,33.870000000000005,34.10836325966851,34.10151980418336,34.0722301836095,34.0722301836095,34.03744005270092,34.29312264226664,34.29312264226664,34.038304005820024,34.038304005820024,33.56848120570559,32.97040710904789,32.845290129091154,32.48205097525307,32.140406816088415,31.931802686858035,31.90047909788491,31.90047909788491,31.9079357075323,32.15684114374467,32.15684114374467,32.15684114374467,32.156536100648076,32.17237495422922,32.17237495422922,32.17325433175815,32.606341773546,32.855543281923055,32.991811906042685,33.02727773182857,33.02727773182857,33.02727773182857,33.02727773182857,33.03828344110055,33.34026058348852,33.352558692998095,33.38291914524032,33.55617241919074,33.55617241919074,33.55617241919074,33.56233391144027,33.648569848932006,33.648569848932006,33.648569848932006,33.648569848932006,33.648569848932006,33.648569848932006,33.648569848932006,33.80968784802764,33.94782069359756,33.95022752630912,,,,33.56848120570559,32.97040710904789,32.140406816088415,33.34026058348852,,,,32.96565899864684,33.96202894589862,33.039132680700234,33.236440537451806,"rgba(239, 83, 80, 1.0)",0.23116602200487105,34.07804451746287,-1.3325683194755018,31.011442943779027,-9.862021354159303,False,True,False,True,False,0.0,34.070699999999995,33.49125,0.0,0.0,0.0,0.0,0,0.9330835117773043,1.0936830835117757,False,False,False,False,-0.060747271504000576,-0.051603269106406544,False,False,True,False,-418.0,-909.5025515482307,False,False,False,False,54.634075809669376,False,False,True,False
2025-06-06 15:00:00+00:00,33.77,33.77,33.77,33.77,0.0,,,,,,,,,,,,,,,,34.089456635318705,34.10151980418336,34.10151980418336,34.10160666666667,34.3533029237195,33.84429800170542,33.38525236551489,33.38525236551489,33.38525236551489,33.38525236551489,33.37327371146152,32.90052677144381,32.591219077444265,32.339544716766746,32.111684183931274,31.866738371024084,31.866738371024084,31.866738371024084,31.866738371024084,31.866738371024084,31.866738371024084,31.88838707718467,32.05505548765926,32.49332676118049,32.96565899864684,33.02727773182857,33.25310489793851,33.37718132066493,33.632138309852685,33.655607115412415,33.655607115412415,33.655607115412415,33.655607115412415,33.655607115412415,33.67666655332397,33.941797126689764,33.99146656027316,33.99146656027316,33.99146656027316,33.99146656027316,33.99146656027316,33.99146656027316,33.99146656027316,33.99311194126699,,,,,,,,,,,,,,,,,,,,,,,,33.870000000000005,34.10836325966851,34.10151980418336,34.0722301836095,34.0722301836095,34.03744005270092,34.29312264226664,34.29312264226664,34.038304005820024,34.038304005820024,33.56848120570559,32.97040710904789,32.845290129091154,32.48205097525307,32.140406816088415,31.931802686858035,31.90047909788491,31.90047909788491,31.9079357075323,32.15684114374467,32.15684114374467,32.15684114374467,32.156536100648076,32.17237495422922,32.17237495422922,32.17325433175815,32.606341773546,32.855543281923055,32.991811906042685,33.02727773182857,33.02727773182857,33.02727773182857,33.02727773182857,33.03828344110055,33.34026058348852,33.352558692998095,33.38291914524032,33.55617241919074,33.55617241919074,33.55617241919074,33.56233391144027,33.648569848932006,33.648569848932006,33.648569848932006,33.648569848932006,33.648569848932006,33.648569848932006,33.648569848932006,33.80968784802764,33.94782069359756,33.95022752630912,,,,33.56848120570559,32.97040710904789,32.140406816088415,33.34026058348852,,,,32.96565899864684,33.96202894589862,33.039132680700234,33.236440537451806,"rgba(239, 83, 80, 1.0)",0.22326189525689133,34.07804451746287,-1.3797451513543022,29.542101282508302,-11.475047714113359,False,True,False,True,False,0.0,34.0694,33.509899999999995,0.0,0.0,0.0,0.0,0,0.9493464052287602,1.06263616557734,False,False,False,False,-0.10055983112681183,-0.07608155011660919,False,False,True,False,-418.0,-901.8823569505837,False,False,False,False,53.78703587463574,False,False,True,False
2025-06-06 16:00:00+00:00,33.77,33.77,33.77,33.77,0.0,,,,,,,,,,,,,,,,34.089456635318705,34.10151980418336,34.10151980418336,34.10160666666667,34.3533029237195,33.84429800170542,33.38525236551489,33.38525236551489,33.38525236551489,33.38525236551489,33.37327371146152,32.90052677144381,32.591219077444265,32.339544716766746,32.111684183931274,31.866738371024084,31.866738371024084,31.866738371024084,31.866738371024084,31.866738371024084,31.866738371024084,31.88838707718467,32.05505548765926,32.49332676118049,32.96565899864684,33.02727773182857,33.25310489793851,33.37718132066493,33.632138309852685,33.655607115412415,33.655607115412415,33.655607115412415,33.655607115412415,33.655607115412415,33.67666655332397,33.941797126689764,33.99146656027316,33.99146656027316,33.99146656027316,33.99146656027316,33.99146656027316,33.99146656027316,33.99146656027316,33.99311194126699,,,,,,,,,,,,,,,,,,,,,,,,33.870000000000005,34.10836325966851,34.10151980418336,34.0722301836095,34.0722301836095,34.03744005270092,34.29312264226664,34.29312264226664,34.038304005820024,34.038304005820024,33.56848120570559,32.97040710904789,32.845290129091154,32.48205097525307,32.140406816088415,31.931802686858035,31.90047909788491,31.90047909788491,31.9079357075323,32.15684114374467,32.15684114374467,32.15684114374467,32.156536100648076,32.17237495422922,32.17237495422922,32.17325433175815,32.606341773546,32.855543281923055,32.991811906042685,33.02727773182857,33.02727773182857,33.02727773182857,33.02727773182857,33.03828344110055,33.34026058348852,33.352558692998095,33.38291914524032,33.55617241919074,33.55617241919074,33.55617241919074,33.56233391144027,33.648569848932006,33.648569848932006,33.648569848932006,33.648569848932006,33.648569848932006,33.648569848932006,33.648569848932006,33.80968784802764,33.94782069359756,33.95022752630912,,,,33.56848120570559,32.97040710904789,32.140406816088415,33.34026058348852,,,,32.96565899864684,33.96202894589862,33.039132680700234,33.236440537451806,"rgba(239, 83, 80, 1.0)",0.21367441764652234,34.07804451746287,-1.4416537124835425,28.562540174994485,-12.807924958168257,False,True,False,True,False,0.0,34.0648,33.52675,0.0,0.0,0.0,0.0,0,0.9324324324324348,1.0957207207207191,False,False,False,False,-0.12559091531906583,-0.10083623271783751,False,False,True,False,-418.0,-894.3803049048382,False,False,False,False,52.95312834169565,False,False,True,False
2025-06-06 17:00:00+00:00,33.77,33.77,33.77,33.77,0.0,,,,,,,,,,,,,,,,34.089456635318705,34.10151980418336,34.10151980418336,34.10160666666667,34.3533029237195,33.84429800170542,33.38525236551489,33.38525236551489,33.38525236551489,33.38525236551489,33.37327371146152,32.90052677144381,32.591219077444265,32.339544716766746,32.111684183931274,31.866738371024084,31.866738371024084,31.866738371024084,31.866738371024084,31.866738371024084,31.866738371024084,31.88838707718467,32.05505548765926,32.49332676118049,32.96565899864684,33.02727773182857,33.25310489793851,33.37718132066493,33.632138309852685,33.655607115412415,33.655607115412415,33.655607115412415,33.655607115412415,33.655607115412415,33.67666655332397,33.941797126689764,33.99146656027316,33.99146656027316,33.99146656027316,33.99146656027316,33.99146656027316,33.99146656027316,33.99146656027316,33.99311194126699,,,,,,,,,,,,,,,,,,,,,,,,33.870000000000005,34.10836325966851,34.10151980418336,34.0722301836095,34.0722301836095,34.03744005270092,34.29312264226664,34.29312264226664,34.038304005820024,34.038304005820024,33.56848120570559,32.97040710904789,32.845290129091154,32.48205097525307,32.140406816088415,31.931802686858035,31.90047909788491,31.90047909788491,31.9079357075323,32.15684114374467,32.15684114374467,32.15684114374467,32.156536100648076,32.17237495422922,32.17237495422922,32.17325433175815,32.606341773546,32.855543281923055,32.991811906042685,33.02727773182857,33.02727773182857,33.02727773182857,33.02727773182857,33.03828344110055,33.34026058348852,33.352558692998095,33.38291914524032,33.55617241919074,33.55617241919074,33.55617241919074,33.56233391144027,33.648569848932006,33.648569848932006,33.648569848932006,33.648569848932006,33.648569848932006,33.648569848932006,33.648569848932006,33.80968784802764,33.94782069359756,33.95022752630912,,,,33.56848120570559,32.97040710904789,32.140406816088415,33.34026058348852,,,,32.96565899864684,33.96202894589862,33.039132680700234,33.236440537451806,"rgba(255, 0, 0, 1.0)",0.20120027223980502,34.07804451746287,-1.5310342974870241,27.90949943665194,-13.96696534473633,False,True,False,True,False,0.0,34.0591,33.54295,0.0,0.0,0.0,0.0,0,0.9031531531531557,1.091216216216214,False,False,False,False,-0.12985544876398725,-0.11534584074091238,False,False,False,False,-418.0,-886.9945637435229,True,False,False,False,52.132149607715874,False,False,False,False
2025-06-06 18:00:00+00:00,33.77,34.505,33.77,34.505,51.0,,,,,,,,,,,,,,,,34.102080309627475,34.10673768022381,34.10673768022381,34.106814958091555,34.35226847826087,33.84664270441644,33.38876568488477,33.38876568488477,33.38876568488477,33.38876568488477,33.376807313642765,32.90512842636226,32.59623279332352,32.344829232761406,32.11720629000554,31.872335488604577,31.872335488604577,31.872335488604577,31.872335488604577,31.872335488604577,31.872335488604577,31.893883158388995,32.059784342584805,32.49614204474441,32.96744304207996,33.028952804717754,33.254403723094825,33.378288180872076,33.63287337587806,33.656309865791194,33.656309865791194,33.656309865791194,33.656309865791194,33.656309865791194,33.67734016377977,33.94210740825717,33.99172046200337,33.99172046200337,33.99172046200337,33.99172046200337,33.99172046200337,33.99172046200337,33.99172046200337,33.993364048897945,,,,,,,,,,,,,,,,,34.26,34.26,34.26,34.26,34.26,34.26,34.26,33.92682857142857,34.11352234823216,34.10673768022381,34.076422942206655,34.076422942206655,34.04183778897068,34.29272082143991,34.29272082143991,34.03983563623227,34.03983563623227,33.57163064833007,32.97488151121392,32.849978556111516,32.48720240124228,32.14592405450926,31.937479045160465,31.905908913154647,31.905908913154647,31.913324049950585,32.16092977306803,32.16092977306803,32.16092977306803,32.160609794688746,32.176266218339975,32.176266218339975,32.177115731166026,32.60887106126041,32.85753094128097,32.99354910334579,33.028952804717754,33.028952804717754,33.028952804717754,33.028952804717754,33.039939147534014,33.341423771264196,33.35370255484977,33.38401729965057,33.55701421949142,33.55701421949142,33.55701421949142,33.563166818823795,33.649282406349506,33.649282406349506,33.649282406349506,33.649282406349506,33.649282406349506,33.649282406349506,33.649282406349506,33.81017604835396,33.94812377453314,33.95052769913803,,,,33.57163064833007,32.97488151121392,32.14592405450926,33.341423771264196,,,,32.96744304207996,34.1760926511288,33.04391130247507,34.011168795213415,"rgba(0, 255, 255, 0.75)",0.20260521679783097,34.158894069529026,1.7082774863410213,43.90147442196562,-15.172477111568675,False,True,False,True,True,10.96948633243235,34.0707,33.562825,0.0,0.0,0.0,0.0,0,0.9082177161152638,1.0341515474919942,False,False,False,False,-0.001304365888386141,-0.05832510331464926,False,False,False,False,-367.0,-878.932632522693,False,False,False,False,52.1145969006195,False,False,False,False
2025-06-06 19:00:00+00:00,34.505,34.51,34.505,34.51,91.0,,,,,,,,,,,,,,,,34.149476495726496,34.12902134146342,34.12902134146342,34.12906719447828,34.3552959567967,33.85323570203293,33.396731957150685,33.396731957150685,33.396731957150685,33.396731957150685,33.384796208653384,32.91475315564939,32.60642857142857,32.35539991051453,32.12812303498561,31.88328972204463,31.88328972204463,31.88328972204463,31.88328972204463,31.88328972204463,31.88328972204463,31.90464951579328,32.06911859578568,32.50184727631511,32.97122339947519,33.03253103154985,33.257283192019116,33.38081060308739,33.63469837888194,33.65807388953352,33.65807388953352,33.65807388953352,33.65807388953352,33.65807388953352,33.67904886719692,33.94309087091787,33.992590566968964,33.992590566968964,33.992590566968964,33.992590566968964,33.992590566968964,33.992590566968964,33.992590566968964,33.99423056772866,,,,,,,,,,,,,,,,,34.419143192488264,34.419143192488264,34.419143192488264,34.419143192488264,34.419143192488264,34.419143192488264,34.419143192488264,34.046821617535905,34.13611844863732,34.12902134146342,34.092971929824564,34.092971929824564,34.05772517465069,34.29728909584789,34.29728909584789,34.045540612873,34.045540612873,33.57918135648273,32.98431654270905,32.85972728251508,32.49759763748374,32.15684557677978,31.948614641344182,31.91655110172411,31.91655110172411,31.92388844152164,32.16904425451092,32.16904425451092,32.16904425451092,32.16869467045096,32.18399673369275,32.18399673369275,32.18478753797194,32.61404082548229,32.861689133704274,32.99724251111946,33.03253103154985,33.03253103154985,33.03253103154985,33.03253103154985,33.04348138624535,33.344051100609484,33.35629371146733,33.38652349108368,33.55904010265532,33.55904010265532,33.55904010265532,33.56517593241455,33.65106503545938,33.65106503545938,33.65106503545938,33.65106503545938,33.65106503545938,33.65106503545938,33.65106503545938,33.811523985318146,33.94909255317801,33.95149049100313,,,,33.57918135648273,32.98431654270905,32.15684557677978,33.344051100609484,,,,32.97122339947519,34.24880466554892,33.05689976760094,34.07992586942515,"rgba(38, 166, 154, 1.0)",0.20416110490634357,34.2480308742397,1.2831490399724783,54.60388524143464,-5.785615754255616,False,False,True,False,True,11.058238102110945,34.0817,33.582725,0.0,0.0,0.0,0.0,0,0.9605333333333351,1.033599999999999,False,False,False,False,0.12808719386857856,0.034881045276964645,False,False,False,False,-276.0,-869.5848397704032,False,False,False,False,52.71747136727656,False,False,False,False
2025-06-09 14:00:00+00:00,34.635,34.635,34.635,34.635,0.0,,,,,,,,,,,,,,,,34.149476495726496,34.12902134146342,34.12902134146342,34.12906719447828,34.3552959567967,33.85323570203293,33.396731957150685,33.396731957150685,33.396731957150685,33.396731957150685,33.384796208653384,32.91475315564939,32.60642857142857,32.35539991051453,32.12812303498561,31.88328972204463,31.88328972204463,31.88328972204463,31.88328972204463,31.88328972204463,31.88328972204463,31.90464951579328,32.06911859578568,32.50184727631511,32.97122339947519,33.03253103154985,33.257283192019116,33.38081060308739,33.63469837888194,33.65807388953352,33.65807388953352,33.65807388953352,33.65807388953352,33.65807388953352,33.67904886719692,33.94309087091787,33.992590566968964,33.992590566968964,33.992590566968964,33.992590566968964,33.992590566968964,33.992590566968964,33.992590566968964,33.99423056772866,,,,,,,,,,,,,,,,,34.419143192488264,34.419143192488264,34.419143192488264,34.419143192488264,34.419143192488264,34.419143192488264,34.419143192488264,34.046821617535905,34.13611844863732,34.12902134146342,34.092971929824564,34.092971929824564,34.05772517465069,34.29728909584789,34.29728909584789,34.045540612873,34.045540612873,33.57918135648273,32.98431654270905,32.85972728251508,32.49759763748374,32.15684557677978,31.948614641344182,31.91655110172411,31.91655110172411,31.92388844152164,32.16904425451092,32.16904425451092,32.16904425451092,32.16869467045096,32.18399673369275,32.18399673369275,32.18478753797194,32.61404082548229,32.861689133704274,32.99724251111946,33.03253103154985,33.03253103154985,33.03253103154985,33.03253103154985,33.04348138624535,33.344051100609484,33.35629371146733,33.38652349108368,33.55904010265532,33.55904010265532,33.55904010265532,33.56517593241455,33.65106503545938,33.65106503545938,33.65106503545938,33.65106503545938,33.65106503545938,33.65106503545938,33.65106503545938,33.811523985318146,33.94909255317801,33.95149049100313,,,,33.57918135648273,32.98431654270905,32.15684557677978,33.344051100609484,,,,32.97122339947519,34.24880466554892,33.05689976760094,34.07992586942515,"rgba(0, 255, 255, 0.75)",0.21020314070009255,34.2480308742397,1.8409293242311902,62.744140904461574,1.1142427265164088,True,False,True,False,True,13.241960699025498,34.0952,33.60325,0.0,0.0,0.0,0.0,0,0.9615789473684223,1.0331578947368412,False,False,False,False,0.17345807064543897,0.10416955796120181,False,False,False,False,-276.0,-860.3819740375287,False,False,False,False,51.900146229799404,False,False,False,False
2025-06-09 15:00:00+00:00,34.635,34.635,34.635,34.635,0.0,,,,,,,,,,,,,,,,34.149476495726496,34.12902134146342,34.12902134146342,34.12906719447828,34.3552959567967,33.85323570203293,33.396731957150685,33.396731957150685,33.396731957150685,33.396731957150685,33.384796208653384,32.91475315564939,32.60642857142857,32.35539991051453,32.12812303498561,31.88328972204463,31.88328972204463,31.88328972204463,31.88328972204463,31.88328972204463,31.88328972204463,31.90464951579328,32.06911859578568,32.50184727631511,32.97122339947519,33.03253103154985,33.257283192019116,33.38081060308739,33.63469837888194,33.65807388953352,33.65807388953352,33.65807388953352,33.65807388953352,33.65807388953352,33.67904886719692,33.94309087091787,33.992590566968964,33.992590566968964,33.992590566968964,33.992590566968964,33.992590566968964,33.992590566968964,33.992590566968964,33.99423056772866,,,,,,,,,,,,,,,,,34.419143192488264,34.419143192488264,34.419143192488264,34.419143192488264,34.419143192488264,34.419143192488264,34.419143192488264,34.046821617535905,34.13611844863732,34.12902134146342,34.092971929824564,34.092971929824564,34.05772517465069,34.29728909584789,34.29728909584789,34.045540612873,34.045540612873,33.57918135648273,32.98431654270905,32.85972728251508,32.49759763748374,32.15684557677978,31.948614641344182,31.91655110172411,31.91655110172411,31.92388844152164,32.16904425451092,32.16904425451092,32.16904425451092,32.16869467045096,32.18399673369275,32.18399673369275,32.18478753797194,32.61404082548229,32.861689133704274,32.99724251111946,33.03253103154985,33.03253103154985,33.03253103154985,33.03253103154985,33.04348138624535,33.344051100609484,33.35629371146733,33.38652349108368,33.55904010265532,33.55904010265532,33.55904010265532,33.56517593241455,33.65106503545938,33.65106503545938,33.65106503545938,33.65106503545938,33.65106503545938,33.65106503545938,33.65106503545938,33.811523985318146,33.94909255317801,33.95149049100313,,,,33.57918135648273,32.98431654270905,32.15684557677978,33.344051100609484,,,,32.97122339947519,34.24880466554892,33.05689976760094,34.07992586942515,"rgba(0, 255, 255, 0.75)",0.21605075312933014,34.2480308742397,1.7911028781679441,68.1709780131462,5.669737854807238,True,False,True,False,True,13.241960699025498,34.1087,33.62245,0.0,0.0,0.0,0.0,0,1.002744237102087,1.0345773874862778,False,False,False,False,0.17345807064543897,0.1388138143033204,False,False,False,False,-276.0,-851.321788393536,False,False,False,False,51.095492799880034,False,False,False,False
2025-06-09 16:00:00+00:00,34.635,34.635,34.635,34.635,0.0,,,,,,,,,,,,,,,,34.149476495726496,34.12902134146342,34.12902134146342,34.12906719447828,34.3552959567967,33.85323570203293,33.396731957150685,33.396731957150685,33.396731957150685,33.396731957150685,33.384796208653384,32.91475315564939,32.60642857142857,32.35539991051453,32.12812303498561,31.88328972204463,31.88328972204463,31.88328972204463,31.88328972204463,31.88328972204463,31.88328972204463,31.90464951579328,32.06911859578568,32.50184727631511,32.97122339947519,33.03253103154985,33.257283192019116,33.38081060308739,33.63469837888194,33.65807388953352,33.65807388953352,33.65807388953352,33.65807388953352,33.65807388953352,33.67904886719692,33.94309087091787,33.992590566968964,33.992590566968964,33.992590566968964,33.992590566968964,33.992590566968964,33.992590566968964,33.992590566968964,33.99423056772866,,,,,,,,,,,,,,,,,34.419143192488264,34.419143192488264,34.419143192488264,34.419143192488264,34.419143192488264,34.419143192488264,34.419143192488264,34.046821617535905,34.13611844863732,34.12902134146342,34.092971929824564,34.092971929824564,34.05772517465069,34.29728909584789,34.29728909584789,34.045540612873,34.045540612873,33.57918135648273,32.98431654270905,32.85972728251508,32.49759763748374,32.15684557677978,31.948614641344182,31.91655110172411,31.91655110172411,31.92388844152164,32.16904425451092,32.16904425451092,32.16904425451092,32.16869467045096,32.18399673369275,32.18399673369275,32.18478753797194,32.61404082548229,32.861689133704274,32.99724251111946,33.03253103154985,33.03253103154985,33.03253103154985,33.03253103154985,33.04348138624535,33.344051100609484,33.35629371146733,33.38652349108368,33.55904010265532,33.55904010265532,33.55904010265532,33.56517593241455,33.65106503545938,33.65106503545938,33.65106503545938,33.65106503545938,33.65106503545938,33.65106503545938,33.65106503545938,33.811523985318146,33.94909255317801,33.95149049100313,,,,33.57918135648273,32.98431654270905,32.15684557677978,33.344051100609484,,,,32.97122339947519,34.24880466554892,33.05689976760094,34.07992586942515,"rgba(0, 255, 255, 0.75)",0.22609847969932664,34.2480308742397,1.7115069781756151,71.78886941893595,8.868230858899544,True,False,True,False,True,13.241960699025498,34.119,33.633675,0.0,0.0,0.0,0.0,0,0.9932998324958138,1.018425460636515,False,False,False,False,0.16511305271394963,0.151963433508635,False,False,False,False,-276.0,-842.402070744024,False,False,False,False,50.303314616936156,False,False,False,False
2025-06-09 17:00:00+00:00,34.635,34.635,34.635,34.635,0.0,,,,,,,,,,,,,,,,34.149476495726496,34.12902134146342,34.12902134146342,34.12906719447828,34.3552959567967,33.85323570203293,33.396731957150685,33.396731957150685,33.396731957150685,33.396731957150685,33.384796208653384,32.91475315564939,32.60642857142857,32.35539991051453,32.12812303498561,31.88328972204463,31.88328972204463,31.88328972204463,31.88328972204463,31.88328972204463,31.88328972204463,31.90464951579328,32.06911859578568,32.50184727631511,32.97122339947519,33.03253103154985,33.257283192019116,33.38081060308739,33.63469837888194,33.65807388953352,33.65807388953352,33.65807388953352,33.65807388953352,33.65807388953352,33.67904886719692,33.94309087091787,33.992590566968964,33.992590566968964,33.992590566968964,33.992590566968964,33.992590566968964,33.992590566968964,33.992590566968964,33.99423056772866,,,,,,,,,,,,,,,,,34.419143192488264,34.419143192488264,34.419143192488264,34.419143192488264,34.419143192488264,34.419143192488264,34.419143192488264,34.046821617535905,34.13611844863732,34.12902134146342,34.092971929824564,34.092971929824564,34.05772517465069,34.29728909584789,34.29728909584789,34.045540612873,34.045540612873,33.57918135648273,32.98431654270905,32.85972728251508,32.49759763748374,32.15684557677978,31.948614641344182,31.91655110172411,31.91655110172411,31.92388844152164,32.16904425451092,32.16904425451092,32.16904425451092,32.16869467045096,32.18399673369275,32.18399673369275,32.18478753797194,32.61404082548229,32.861689133704274,32.99724251111946,33.03253103154985,33.03253103154985,33.03253103154985,33.03253103154985,33.04348138624535,33.344051100609484,33.35629371146733,33.38652349108368,33.55904010265532,33.55904010265532,33.55904010265532,33.56517593241455,33.65106503545938,33.65106503545938,33.65106503545938,33.65106503545938,33.65106503545938,33.65106503545938,33.65106503545938,33.811523985318146,33.94909255317801,33.95149049100313,,,,33.57918135648273,32.98431654270905,32.15684557677978,33.344051100609484,,,,32.97122339947519,34.24880466554892,33.05689976760094,34.07992586942515,"rgba(0, 255, 255, 0.75)",0.23375774785985282,34.2480308742397,1.655428020260953,74.20079702279578,11.287376267688487,True,False,True,False,True,13.241960699025498,34.1293,33.6449,0.0,0.0,0.0,0.0,0,0.9759103641456595,1.0218487394957967,False,False,False,False,0.16487596309751323,0.15841969830307412,False,False,False,False,-276.0,-833.6206432906282,False,False,False,False,49.52341826628598,False,False,False,False
2025-06-09 18:00:00+00:00,34.635,34.635,34.635,34.635,0.0,,,,,,,,,,,,,,,,34.149476495726496,34.12902134146342,34.12902134146342,34.12906719447828,34.3552959567967,33.85323570203293,33.396731957150685,33.396731957150685,33.396731957150685,33.396731957150685,33.384796208653384,32.91475315564939,32.60642857142857,32.35539991051453,32.12812303498561,31.88328972204463,31.88328972204463,31.88328972204463,31.88328972204463,31.88328972204463,31.88328972204463,31.90464951579328,32.06911859578568,32.50184727631511,32.97122339947519,33.03253103154985,33.257283192019116,33.38081060308739,33.63469837888194,33.65807388953352,33.65807388953352,33.65807388953352,33.65807388953352,33.65807388953352,33.67904886719692,33.94309087091787,33.992590566968964,33.992590566968964,33.992590566968964,33.992590566968964,33.992590566968964,33.992590566968964,33.992590566968964,33.99423056772866,,,,,,,,,,,,,,,,,34.419143192488264,34.419143192488264,34.419143192488264,34.419143192488264,34.419143192488264,34.419143192488264,34.419143192488264,34.046821617535905,34.13611844863732,34.12902134146342,34.092971929824564,34.092971929824564,34.05772517465069,34.29728909584789,34.29728909584789,34.045540612873,34.045540612873,33.57918135648273,32.98431654270905,32.85972728251508,32.49759763748374,32.15684557677978,31.948614641344182,31.91655110172411,31.91655110172411,31.92388844152164,32.16904425451092,32.16904425451092,32.16904425451092,32.16869467045096,32.18399673369275,32.18399673369275,32.18478753797194,32.61404082548229,32.861689133704274,32.99724251111946,33.03253103154985,33.03253103154985,33.03253103154985,33.03253103154985,33.04348138624535,33.344051100609484,33.35629371146733,33.38652349108368,33.55904010265532,33.55904010265532,33.55904010265532,33.56517593241455,33.65106503545938,33.65106503545938,33.65106503545938,33.65106503545938,33.65106503545938,33.65106503545938,33.65106503545938,33.811523985318146,33.94909255317801,33.95149049100313,,,,33.57918135648273,32.98431654270905,32.15684557677978,33.344051100609484,,,,32.97122339947519,34.24880466554892,33.05689976760094,34.07992586942515,"rgba(0, 255, 255, 0.75)",0.24056122443679492,34.2480308742397,1.6086097277991178,75.80874875870234,13.255689055363305,True,False,True,False,True,13.241960699025498,34.1396,33.656125,0.0,0.0,0.0,0.0,0,0.9752808988764062,1.0219101123595489,False,False,False,False,0.16246942174772644,0.16044456002540028,False,False,False,False,-276.0,-824.9753619993006,False,False,False,False,48.755613331924955,False,False,False,False
2025-06-09 19:00:00+00:00,34.635,34.635,34.635,34.635,0.0,,,,,,,,,,,,,,,,34.149476495726496,34.12902134146342,34.12902134146342,34.12906719447828,34.3552959567967,33.85323570203293,33.396731957150685,33.396731957150685,33.396731957150685,33.396731957150685,33.384796208653384,32.91475315564939,32.60642857142857,32.35539991051453,32.12812303498561,31.88328972204463,31.88328972204463,31.88328972204463,31.88328972204463,31.88328972204463,31.88328972204463,31.90464951579328,32.06911859578568,32.50184727631511,32.97122339947519,33.03253103154985,33.257283192019116,33.38081060308739,33.63469837888194,33.65807388953352,33.65807388953352,33.65807388953352,33.65807388953352,33.65807388953352,33.67904886719692,33.94309087091787,33.992590566968964,33.992590566968964,33.992590566968964,33.992590566968964,33.992590566968964,33.992590566968964,33.992590566968964,33.99423056772866,,,,,,,,,,,,,,,,,34.419143192488264,34.419143192488264,34.419143192488264,34.419143192488264,34.419143192488264,34.419143192488264,34.419143192488264,34.046821617535905,34.13611844863732,34.12902134146342,34.092971929824564,34.092971929824564,34.05772517465069,34.29728909584789,34.29728909584789,34.045540612873,34.045540612873,33.57918135648273,32.98431654270905,32.85972728251508,32.49759763748374,32.15684557677978,31.948614641344182,31.91655110172411,31.91655110172411,31.92388844152164,32.16904425451092,32.16904425451092,32.16904425451092,32.16869467045096,32.18399673369275,32.18399673369275,32.18478753797194,32.61404082548229,32.861689133704274,32.99724251111946,33.03253103154985,33.03253103154985,33.03253103154985,33.03253103154985,33.04348138624535,33.344051100609484,33.35629371146733,33.38652349108368,33.55904010265532,33.55904010265532,33.55904010265532,33.56517593241455,33.65106503545938,33.65106503545938,33.65106503545938,33.65106503545938,33.65106503545938,33.65106503545938,33.65106503545938,33.811523985318146,33.94909255317801,33.95149049100313,,,,33.57918135648273,32.98431654270905,32.15684557677978,33.344051100609484,,,,32.97122339947519,34.24880466554892,33.05689976760094,34.07992586942515,"rgba(0, 255, 255, 0.75)",0.24657975702884719,34.2480308742397,1.5693466909979312,76.88071658264005,14.953213558172493,True,False,True,False,True,13.241960699025498,34.149899999999995,33.66735,0.0,0.0,0.0,0.0,0,0.9750708215297468,1.0277620396600555,False,False,False,False,0.15873363461025533,0.1595890973178278,False,False,False,False,-276.0,-816.4641160768309,False,False,False,False,47.99971235003464,False,False,False,False
2025-06-10 14:00:00+00:00,34.635,34.635,34.635,34.635,0.0,,,,,,,,,,,,,,,,34.149476495726496,34.12902134146342,34.12902134146342,34.12906719447828,34.3552959567967,33.85323570203293,33.396731957150685,33.396731957150685,33.396731957150685,33.396731957150685,33.384796208653384,32.91475315564939,32.60642857142857,32.35539991051453,32.12812303498561,31.88328972204463,31.88328972204463,31.88328972204463,31.88328972204463,31.88328972204463,31.88328972204463,31.90464951579328,32.06911859578568,32.50184727631511,32.97122339947519,33.03253103154985,33.257283192019116,33.38081060308739,33.63469837888194,33.65807388953352,33.65807388953352,33.65807388953352,33.65807388953352,33.65807388953352,33.67904886719692,33.94309087091787,33.992590566968964,33.992590566968964,33.992590566968964,33.992590566968964,33.992590566968964,33.992590566968964,33.992590566968964,33.99423056772866,,,,,,,,,,,,,,,,,34.419143192488264,34.419143192488264,34.419143192488264,34.419143192488264,34.419143192488264,34.419143192488264,34.419143192488264,34.046821617535905,34.13611844863732,34.12902134146342,34.092971929824564,34.092971929824564,34.05772517465069,34.29728909584789,34.29728909584789,34.045540612873,34.045540612873,33.57918135648273,32.98431654270905,32.85972728251508,32.49759763748374,32.15684557677978,31.948614641344182,31.91655110172411,31.91655110172411,31.92388844152164,32.16904425451092,32.16904425451092,32.16904425451092,32.16869467045096,32.18399673369275,32.18399673369275,32.18478753797194,32.61404082548229,32.861689133704274,32.99724251111946,33.03253103154985,33.03253103154985,33.03253103154985,33.03253103154985,33.04348138624535,33.344051100609484,33.35629371146733,33.38652349108368,33.55904010265532,33.55904010265532,33.55904010265532,33.56517593241455,33.65106503545938,33.65106503545938,33.65106503545938,33.65106503545938,33.65106503545938,33.65106503545938,33.65106503545938,33.811523985318146,33.94909255317801,33.95149049100313,,,,33.57918135648273,32.98431654270905,32.15684557677978,33.344051100609484,,,,32.97122339947519,34.24880466554892,33.05689976760094,34.07992586942515,"rgba(0, 255, 255, 0.75)",0.2518696216421035,34.2480308742397,1.5363866560698716,77.59536179859853,16.473850647991583,True,False,True,False,True,13.241960699025498,34.1602,33.681025,0.0,0.0,0.0,0.0,0,0.9665722379603414,1.0277620396600555,False,False,False,False,0.15132418725912938,0.1554566422884786,False,False,False,False,-276.0,-808.0848274554847,False,False,False,False,47.2555307632124,False,False,False,False
2025-06-10 15:00:00+00:00,34.635,34.635,34.635,34.635,0.0,,,,,,,,,,,,,,,,34.149476495726496,34.12902134146342,34.12902134146342,34.12906719447828,34.3552959567967,33.85323570203293,33.396731957150685,33.396731957150685,33.396731957150685,33.396731957150685,33.384796208653384,32.91475315564939,32.60642857142857,32.35539991051453,32.12812303498561,31.88328972204463,31.88328972204463,31.88328972204463,31.88328972204463,31.88328972204463,31.88328972204463,31.90464951579328,32.06911859578568,32.50184727631511,32.97122339947519,33.03253103154985,33.257283192019116,33.38081060308739,33.63469837888194,33.65807388953352,33.65807388953352,33.65807388953352,33.65807388953352,33.65807388953352,33.67904886719692,33.94309087091787,33.992590566968964,33.992590566968964,33.992590566968964,33.992590566968964,33.992590566968964,33.992590566968964,33.992590566968964,33.99423056772866,,,,,,,,,,,,,,,,,34.419143192488264,34.419143192488264,34.419143192488264,34.419143192488264,34.419143192488264,34.419143192488264,34.419143192488264,34.046821617535905,34.13611844863732,34.12902134146342,34.092971929824564,34.092971929824564,34.05772517465069,34.29728909584789,34.29728909584789,34.045540612873,34.045540612873,33.57918135648273,32.98431654270905,32.85972728251508,32.49759763748374,32.15684557677978,31.948614641344182,31.91655110172411,31.91655110172411,31.92388844152164,32.16904425451092,32.16904425451092,32.16904425451092,32.16869467045096,32.18399673369275,32.18399673369275,32.18478753797194,32.61404082548229,32.861689133704274,32.99724251111946,33.03253103154985,33.03253103154985,33.03253103154985,33.03253103154985,33.04348138624535,33.344051100609484,33.35629371146733,33.38652349108368,33.55904010265532,33.55904010265532,33.55904010265532,33.56517593241455,33.65106503545938,33.65106503545938,33.65106503545938,33.65106503545938,33.65106503545938,33.65106503545938,33.65106503545938,33.811523985318146,33.94909255317801,33.95149049100313,,,,33.57918135648273,32.98431654270905,32.15684557677978,33.344051100609484,,,,32.97122339947519,34.24880466554892,33.05689976760094,34.07992586942515,"rgba(0, 255, 255, 0.75)",0.25647590898897954,34.2480308742397,1.5087932714059424,78.07179194257085,17.863333022861738,True,False,True,False,True,13.241960699025498,34.170500000000004,33.6947,0.0,0.0,0.0,0.0,0,0.9660333909038586,1.0443293033966599,False,False,False,False,0.1100382875229184,0.1327474649056985,False,False,False,False,-276.0,-799.8354502856323,False,False,False,False,46.522886875410656,False,False,False,False
2025-06-10 16:00:00+00:00,34.635,34.635,34.635,34.635,0.0,,,,,,,,,,,,,,,,34.149476495726496,34.12902134146342,34.12902134146342,34.12906719447828,34.3552959567967,33.85323570203293,33.396731957150685,33.396731957150685,33.396731957150685,33.396731957150685,33.384796208653384,32.91475315564939,32.60642857142857,32.35539991051453,32.12812303498561,31.88328972204463,31.88328972204463,31.88328972204463,31.88328972204463,31.88328972204463,31.88328972204463,31.90464951579328,32.06911859578568,32.50184727631511,32.97122339947519,33.03253103154985,33.257283192019116,33.38081060308739,33.63469837888194,33.65807388953352,33.65807388953352,33.65807388953352,33.65807388953352,33.65807388953352,33.67904886719692,33.94309087091787,33.992590566968964,33.992590566968964,33.992590566968964,33.992590566968964,33.992590566968964,33.992590566968964,33.992590566968964,33.99423056772866,,,,,,,,,,,,,,,,,34.419143192488264,34.419143192488264,34.419143192488264,34.419143192488264,34.419143192488264,34.419143192488264,34.419143192488264,34.046821617535905,34.13611844863732,34.12902134146342,34.092971929824564,34.092971929824564,34.05772517465069,34.29728909584789,34.29728909584789,34.045540612873,34.045540612873,33.57918135648273,32.98431654270905,32.85972728251508,32.49759763748374,32.15684557677978,31.948614641344182,31.91655110172411,31.91655110172411,31.92388844152164,32.16904425451092,32.16904425451092,32.16904425451092,32.16869467045096,32.18399673369275,32.18399673369275,32.18478753797194,32.61404082548229,32.861689133704274,32.99724251111946,33.03253103154985,33.03253103154985,33.03253103154985,33.03253103154985,33.04348138624535,33.344051100609484,33.35629371146733,33.38652349108368,33.55904010265532,33.55904010265532,33.55904010265532,33.56517593241455,33.65106503545938,33.65106503545938,33.65106503545938,33.65106503545938,33.65106503545938,33.65106503545938,33.65106503545938,33.811523985318146,33.94909255317801,33.95149049100313,,,,33.57918135648273,32.98431654270905,32.15684557677978,33.344051100609484,,,,32.97122339947519,34.24880466554892,33.05689976760094,34.07992586942515,"rgba(38, 166, 154, 1.0)",0.26218156146266997,34.2480308742397,1.4759585822948604,78.3894120385524,19.141882893808088,True,False,True,False,True,13.241960699025498,34.180800000000005,33.708375000000004,0.0,0.0,0.0,0.0,0,0.9436893203883511,1.0711974110032358,False,False,False,False,0.1100382875229184,0.12139287621430844,False,False,False,False,-276.0,-791.7139704362427,False,False,False,False,45.80160180757483,False,False,False,False
2025-06-10 17:00:00+00:00,34.635,34.635,34.635,34.635,0.0,,,,,,,,,,,,,,,,34.149476495726496,34.12902134146342,34.12902134146342,34.12906719447828,34.3552959567967,33.85323570203293,33.396731957150685,33.396731957150685,33.396731957150685,33.396731957150685,33.384796208653384,32.91475315564939,32.60642857142857,32.35539991051453,32.12812303498561,31.88328972204463,31.88328972204463,31.88328972204463,31.88328972204463,31.88328972204463,31.88328972204463,31.90464951579328,32.06911859578568,32.50184727631511,32.97122339947519,33.03253103154985,33.257283192019116,33.38081060308739,33.63469837888194,33.65807388953352,33.65807388953352,33.65807388953352,33.65807388953352,33.65807388953352,33.67904886719692,33.94309087091787,33.992590566968964,33.992590566968964,33.992590566968964,33.992590566968964,33.992590566968964,33.992590566968964,33.992590566968964,33.99423056772866,,,,,,,,,,,,,,,,,34.419143192488264,34.419143192488264,34.419143192488264,34.419143192488264,34.419143192488264,34.419143192488264,34.419143192488264,34.046821617535905,34.13611844863732,34.12902134146342,34.092971929824564,34.092971929824564,34.05772517465069,34.29728909584789,34.29728909584789,34.045540612873,34.045540612873,33.57918135648273,32.98431654270905,32.85972728251508,32.49759763748374,32.15684557677978,31.948614641344182,31.91655110172411,31.91655110172411,31.92388844152164,32.16904425451092,32.16904425451092,32.16904425451092,32.16869467045096,32.18399673369275,32.18399673369275,32.18478753797194,32.61404082548229,32.861689133704274,32.99724251111946,33.03253103154985,33.03253103154985,33.03253103154985,33.03253103154985,33.04348138624535,33.344051100609484,33.35629371146733,33.38652349108368,33.55904010265532,33.55904010265532,33.55904010265532,33.56517593241455,33.65106503545938,33.65106503545938,33.65106503545938,33.65106503545938,33.65106503545938,33.65106503545938,33.65106503545938,33.811523985318146,33.94909255317801,33.95149049100313,,,,33.57918135648273,32.98431654270905,32.15684557677978,33.344051100609484,,,,32.97122339947519,34.24880466554892,33.05689976760094,34.07992586942515,"rgba(38, 166, 154, 1.0)",0.2673346588447774,34.2480308742397,1.447508255878566,78.60115876920676,20.317351173164283,True,False,True,False,True,13.241960699025498,34.1907,33.72205,0.0,0.0,0.0,0.0,0,0.9223300970873793,1.0711974110032358,False,False,False,False,0.1100382875229184,0.11571558186861342,False,False,False,False,-276.0,-783.7184050031227,False,False,False,False,45.09149945396902,False,False,False,False
2025-06-10 18:00:00+00:00,34.635,34.635,34.635,34.635,0.0,,,,,,,,,,,,,,,,34.149476495726496,34.12902134146342,34.12902134146342,34.12906719447828,34.3552959567967,33.85323570203293,33.396731957150685,33.396731957150685,33.396731957150685,33.396731957150685,33.384796208653384,32.91475315564939,32.60642857142857,32.35539991051453,32.12812303498561,31.88328972204463,31.88328972204463,31.88328972204463,31.88328972204463,31.88328972204463,31.88328972204463,31.90464951579328,32.06911859578568,32.50184727631511,32.97122339947519,33.03253103154985,33.257283192019116,33.38081060308739,33.63469837888194,33.65807388953352,33.65807388953352,33.65807388953352,33.65807388953352,33.65807388953352,33.67904886719692,33.94309087091787,33.992590566968964,33.992590566968964,33.992590566968964,33.992590566968964,33.992590566968964,33.992590566968964,33.992590566968964,33.99423056772866,,,,,,,,,,,,,,,,,34.419143192488264,34.419143192488264,34.419143192488264,34.419143192488264,34.419143192488264,34.419143192488264,34.419143192488264,34.046821617535905,34.13611844863732,34.12902134146342,34.092971929824564,34.092971929824564,34.05772517465069,34.29728909584789,34.29728909584789,34.045540612873,34.045540612873,33.57918135648273,32.98431654270905,32.85972728251508,32.49759763748374,32.15684557677978,31.948614641344182,31.91655110172411,31.91655110172411,31.92388844152164,32.16904425451092,32.16904425451092,32.16904425451092,32.16869467045096,32.18399673369275,32.18399673369275,32.18478753797194,32.61404082548229,32.861689133704274,32.99724251111946,33.03253103154985,33.03253103154985,33.03253103154985,33.03253103154985,33.04348138624535,33.344051100609484,33.35629371146733,33.38652349108368,33.55904010265532,33.55904010265532,33.55904010265532,33.56517593241455,33.65106503545938,33.65106503545938,33.65106503545938,33.65106503545938,33.65106503545938,33.65106503545938,33.65106503545938,33.811523985318146,33.94909255317801,33.95149049100313,,,,33.57918135648273,32.98431654270905,32.15684557677978,33.344051100609484,,,,32.97122339947519,34.24880466554892,33.05689976760094,34.07992586942515,"rgba(38, 166, 154, 1.0)",0.27196661162295727,34.2480308742397,1.422855266869201,78.74232325630967,21.39253330656777,True,False,True,False,True,13.241960699025498,34.2006,33.735724999999995,0.0,0.0,0.0,0.0,0,0.9223300970873793,1.0711974110032358,False,False,False,False,0.1100382875229184,0.1128769346957659,False,False,False,False,-276.0,-775.8468018247797,False,False,False,False,44.3924064391788,False,False,False,False
2025-06-10 19:00:00+00:00,34.635,34.975,34.635,34.975,410.0,,,,,,,,,,,,,,34.86166666666667,34.86166666666667,34.394852941176474,34.27555040650407,34.27555040650407,34.2754442820013,34.39599620989348,33.89656135387196,33.44223716443166,33.44223716443166,33.44223716443166,33.44223716443166,33.43032721758529,32.96602721394314,32.65933813992523,32.4093830662814,32.183218546193416,31.93802948120256,31.93802948120256,31.93802948120256,31.93802948120256,31.93802948120256,31.93802948120256,31.9585137876903,32.11627253133451,32.531612726247246,32.99189114358347,33.052249318574226,33.273712514777635,33.39555515080869,33.64611514573831,33.66919741676623,33.66919741676623,33.66919741676623,33.66919741676623,33.66919741676623,33.68990440155824,33.95022334589576,33.999135776389906,33.999135776389906,33.999135776389906,33.999135776389906,33.999135776389906,33.999135776389906,33.999135776389906,34.00075731160498,,,,,,,,,,,,,,,,,34.74782910628019,34.74782910628019,34.74782910628019,34.74782910628019,34.74782910628019,34.74782910628019,34.74782910628019,34.4394026635331,34.28485583333333,34.27555040650407,34.20613704368642,34.20613704368642,34.16467391304348,34.3464697130712,34.3464697130712,34.0879878641803,34.0879878641803,33.62412699091092,33.03495559210528,32.911382106146434,32.5511394980574,32.21203501874522,32.00437594347697,31.969831663945634,31.969831663945634,31.976802779364167,32.21033751013029,32.21033751013029,32.21033751013029,32.20983938885784,32.223399672193906,32.223399672193906,32.22389809469508,32.64126867582608,32.88413188457366,33.01750154599104,33.052249318574226,33.052249318574226,33.052249318574226,33.052249318574226,33.063030227536956,33.35929156358946,33.371362141927094,33.40119120951966,33.57141961429698,33.57141961429698,33.57141961429698,33.577474895881544,33.66227861494552,33.66227861494552,33.66227861494552,33.66227861494552,33.66227861494552,33.66227861494552,33.66227861494552,33.820580176541945,33.95614782898376,33.958513984039755,,,,33.62412699091092,33.03495559210528,32.21203501874522,33.35929156358946,,,,32.99189114358347,34.505138086516936,33.42343101092737,34.26254702457069,"rgba(38, 166, 154, 0.5)",0.28699279584111653,34.7562953759586,0.7620561463935794,82.71958963482322,25.863835938852006,True,False,True,False,True,19.661744529272873,34.2173,33.7491,0.0,0.0,0.0,0.0,0,0.9246704331450102,1.0389202762084102,False,False,False,False,0.19435570265538535,0.15361631867557562,False,False,False,False,134.0,-761.7406498585041,False,False,False,False,50.060741223067495,False,False,False,False
2025-06-11 14:00:00+00:00,34.975,35.045,34.975,35.045,0.0,,,,,,,,,,,,,,34.86166666666667,34.86166666666667,34.394852941176474,34.27555040650407,34.27555040650407,34.2754442820013,34.39599620989348,33.89656135387196,33.44223716443166,33.44223716443166,33.44223716443166,33.44223716443166,33.43032721758529,32.96602721394314,32.65933813992523,32.4093830662814,32.183218546193416,31.93802948120256,31.93802948120256,31.93802948120256,31.93802948120256,31.93802948120256,31.93802948120256,31.9585137876903,32.11627253133451,32.531612726247246,32.99189114358347,33.052249318574226,33.273712514777635,33.39555515080869,33.64611514573831,33.66919741676623,33.66919741676623,33.66919741676623,33.66919741676623,33.66919741676623,33.68990440155824,33.95022334589576,33.999135776389906,33.999135776389906,33.999135776389906,33.999135776389906,33.999135776389906,33.999135776389906,33.999135776389906,34.00075731160498,,,,,,,,,,,,,,,,,34.74782910628019,34.74782910628019,34.74782910628019,34.74782910628019,34.74782910628019,34.74782910628019,34.74782910628019,34.4394026635331,34.28485583333333,34.27555040650407,34.20613704368642,34.20613704368642,34.16467391304348,34.3464697130712,34.3464697130712,34.0879878641803,34.0879878641803,33.62412699091092,33.03495559210528,32.911382106146434,32.5511394980574,32.21203501874522,32.00437594347697,31.969831663945634,31.969831663945634,31.976802779364167,32.21033751013029,32.21033751013029,32.21033751013029,32.20983938885784,32.223399672193906,32.223399672193906,32.22389809469508,32.64126867582608,32.88413188457366,33.01750154599104,33.052249318574226,33.052249318574226,33.052249318574226,33.052249318574226,33.063030227536956,33.35929156358946,33.371362141927094,33.40119120951966,33.57141961429698,33.57141961429698,33.57141961429698,33.577474895881544,33.66227861494552,33.66227861494552,33.66227861494552,33.66227861494552,33.66227861494552,33.66227861494552,33.66227861494552,33.820580176541945,33.95614782898376,33.958513984039755,,,,33.62412699091092,33.03495559210528,32.21203501874522,33.35929156358946,,,,32.99189114358347,34.505138086516936,33.42343101092737,34.26254702457069,"rgba(38, 166, 154, 0.5)",0.30316971133955845,34.7562953759586,0.9522871620840899,85.7254098187065,29.159487454599045,True,False,True,False,True,20.0,34.2354,33.764175,0.0,0.0,0.0,0.0,0,0.9551960174237729,1.0298693217174844,False,False,False,False,0.29992902670786264,0.22677267269171913,False,False,False,False,134.0,-747.8531979227133,False,False,False,False,49.284605700229235,False,False,False,False
2025-06-11 15:00:00+00:00,35.045,35.06,35.03,35.06,100.0,,,,,,,,,,,,,35.05,34.89859477124183,34.89859477124183,34.44563953488372,34.31157131782946,34.31157131782946,34.31143664807931,34.408570787669035,33.90852276262575,33.454326515778135,33.454326515778135,33.454326515778135,33.454326515778135,33.44241522999229,32.97932803591185,32.672939993931124,32.423182997996676,32.19724252356259,31.951917246816613,31.951917246816613,31.951917246816613,31.951917246816613,31.951917246816613,31.951917246816613,31.972188089761733,32.12830537440356,32.53933665593212,32.9973645462121,33.05748822105089,33.278137965685055,33.39956320558167,33.64929401686178,33.67230292602839,33.67230292602839,33.67230292602839,33.67230292602839,33.67230292602839,33.69294263503552,33.95230220088338,34.00106255347757,34.00106255347757,34.00106255347757,34.00106255347757,34.00106255347757,34.00106255347757,34.00106255347757,34.00267931832476,,,,,,,,,,,,,,,,,34.79417433537832,34.79417433537832,34.79417433537832,34.79417433537832,34.79417433537832,34.79417433537832,34.79417433537832,34.50360848229934,34.32129126984127,34.31157131782946,34.23538705950318,34.23538705950318,34.19249685732244,34.36111134235172,34.36111134235172,34.100038623742115,34.100038623742115,33.63621168460605,33.048125816993476,32.924756827183664,32.56486723800106,32.226088524644275,32.01852912929659,31.98336313315468,31.98336313315468,31.990244572744896,32.22091944599714,32.22091944599714,32.22091944599714,32.2203838871357,32.23350839234199,32.23350839234199,32.233933255213884,32.648364658516236,32.890043580715336,33.022873977937564,33.05748822105089,33.05748822105089,33.05748822105089,33.05748822105089,33.06822722953121,33.36342259795897,33.37545039779186,33.405180198706475,33.57483892974424,33.57483892974424,33.57483892974424,33.58087407663897,33.665406720314984,33.665406720314984,33.665406720314984,33.665406720314984,33.665406720314984,33.665406720314984,33.665406720314984,33.82316066018793,33.958206573565214,33.96056441614068,,,,33.63621168460605,33.048125816993476,32.226088524644275,33.36342259795897,,,,32.9973645462121,34.57931853775263,33.599037562477044,34.29451783274589,"rgba(38, 166, 154, 0.5)",0.31825789870783844,34.837687014290026,0.6985309292011014,87.80294486762253,31.477397945580577,True,False,True,False,True,20.0,34.2546,33.778425,0.0,0.0,0.0,0.0,0,0.9621822690638581,1.0278983261004324,False,True,False,False,0.31855724020016046,0.2726649564459398,False,False,False,False,234.0,-732.6306677223612,False,False,False,False,50.07089088317142,False,True,False,False
2025-06-11 16:00:00+00:00,35.06,35.06,34.945,34.945,100.0,,,,,,,,,,,,34.98333333333333,35.01666666666666,34.91248633879781,34.91248633879781,34.48432254196643,34.34142740740741,34.34142740740741,34.34127220248668,34.419413318241844,33.91955438092307,33.46573786600991,33.46573786600991,33.46573786600991,33.46573786600991,33.45383028372473,32.99203735413497,32.686010786754174,32.436492851572645,32.21080542303572,31.96538541851786,31.96538541851786,31.96538541851786,31.96538541851786,31.96538541851786,31.96538541851786,31.985448373554107,32.13996759391637,32.54680950924935,33.00263208848339,33.06252534895684,33.28237573935086,33.40339077126331,33.6523079095407,33.67524489673796,33.67524489673796,33.67524489673796,33.67524489673796,33.67524489673796,33.69581873430512,33.95424743253527,34.00286026720351,34.00286026720351,34.00286026720351,34.00286026720351,34.00286026720351,34.00286026720351,34.00286026720351,34.00447239948072,,,,,,,,,,,,,,,,,34.81932845744681,34.81932845744681,34.81932845744681,34.81932845744681,34.81932845744681,34.81932845744681,34.81932845744681,34.549253092293064,34.35138409090909,34.34142740740741,34.26044388609715,34.26044388609715,34.216593032703635,34.3737968059803,34.3737968059803,34.11096643160542,34.11096643160542,33.64753298596522,33.06069209956711,32.937550963331276,32.578080733577366,32.2396750271016,32.03224301154848,31.996484640394232,31.996484640394232,32.00327897051778,32.231175298558256,32.231175298558256,32.231175298558256,32.230603785216694,32.2433074976837,32.2433074976837,32.24366151251386,32.65522313604544,32.89574162288704,33.02804233013464,33.06252534895684,33.06252534895684,33.06252534895684,33.06252534895684,33.073223201940884,33.36737099958564,33.37935681891805,33.40898903477016,33.57808865150047,33.57808865150047,33.57808865150047,33.584104061108555,33.66837081768362,33.66837081768362,33.66837081768362,33.66837081768362,33.66837081768362,33.66837081768362,33.66837081768362,33.82559069741464,33.96013234520589,33.9624821558039,,,,33.64753298596522,33.06069209956711,32.2396750271016,33.36737099958564,,,,33.00263208848339,34.64158369008976,33.76399517589041,34.31650735608351,#000000,0.3280123322223265,34.88266897335702,0.1900264731532466,83.44307419814358,31.477397945580577,True,False,True,False,False,17.72231229667556,34.2695,33.793775000000004,0.0,0.0,0.0,0.0,0,0.951462352209087,1.0460485376477897,False,True,False,False,0.29596382718916214,0.28431439181755097,False,False,False,False,134.0,-719.1945333390688,False,False,False,False,50.84498559816102,False,False,False,False
2025-06-11 17:00:00+00:00,34.945,34.945,34.945,34.945,0.0,,,,,,,,,,,,34.98333333333333,35.01666666666666,34.91248633879781,34.91248633879781,34.48432254196643,34.34142740740741,34.34142740740741,34.34127220248668,34.419413318241844,33.91955438092307,33.46573786600991,33.46573786600991,33.46573786600991,33.46573786600991,33.45383028372473,32.99203735413497,32.686010786754174,32.436492851572645,32.21080542303572,31.96538541851786,31.96538541851786,31.96538541851786,31.96538541851786,31.96538541851786,31.96538541851786,31.985448373554107,32.13996759391637,32.54680950924935,33.00263208848339,33.06252534895684,33.28237573935086,33.40339077126331,33.6523079095407,33.67524489673796,33.67524489673796,33.67524489673796,33.67524489673796,33.67524489673796,33.69581873430512,33.95424743253527,34.00286026720351,34.00286026720351,34.00286026720351,34.00286026720351,34.00286026720351,34.00286026720351,34.00286026720351,34.00447239948072,,,,,,,,,,,,,,,,,34.81932845744681,34.81932845744681,34.81932845744681,34.81932845744681,34.81932845744681,34.81932845744681,34.81932845744681,34.549253092293064,34.35138409090909,34.34142740740741,34.26044388609715,34.26044388609715,34.216593032703635,34.3737968059803,34.3737968059803,34.11096643160542,34.11096643160542,33.64753298596522,33.06069209956711,32.937550963331276,32.578080733577366,32.2396750271016,32.03224301154848,31.996484640394232,31.996484640394232,32.00327897051778,32.231175298558256,32.231175298558256,32.231175298558256,32.230603785216694,32.2433074976837,32.2433074976837,32.24366151251386,32.65522313604544,32.89574162288704,33.02804233013464,33.06252534895684,33.06252534895684,33.06252534895684,33.06252534895684,33.073223201940884,33.36737099958564,33.37935681891805,33.40898903477016,33.57808865150047,33.57808865150047,33.57808865150047,33.584104061108555,33.66837081768362,33.66837081768362,33.66837081768362,33.66837081768362,33.66837081768362,33.66837081768362,33.66837081768362,33.82559069741464,33.96013234520589,33.9624821558039,,,,33.64753298596522,33.06069209956711,32.2396750271016,33.36737099958564,,,,33.00263208848339,34.64158369008976,33.76399517589041,34.31650735608351,#000000,0.33682649849726937,34.88266897335702,0.18505380936792612,80.53649375182428,36.94627669304735,True,False,True,False,False,17.72231229667556,34.2844,33.809,0.0,0.0,0.0,0.0,0,0.9334163036714389,1.0603609209707519,False,False,False,False,0.26585255152194326,0.2750834716697471,False,False,False,False,134.0,-705.9667111167577,False,False,False,False,50.05669124780193,False,False,False,False
2025-06-11 18:00:00+00:00,34.885,34.885,34.885,34.885,100.0,,,,,,,,,,,,34.93416666666666,34.97277777777777,34.90861502347418,34.90861502347418,34.51121364653244,34.36455815602837,34.36455815602837,34.36438988095238,34.428033697463434,33.929362829760585,33.47625169765662,33.47625169765662,33.47625169765662,33.47625169765662,33.464354364291495,33.00396678850518,32.69838133813382,32.44915645202999,32.22376053676969,31.978299495753717,31.978299495753717,31.978299495753717,31.978299495753717,31.978299495753717,31.978299495753717,31.99816124459254,32.151134887379136,32.55393705227862,33.00761163430508,33.06727967199715,33.286348728246324,33.406962807592784,33.65508655861867,33.67795352603572,33.67795352603572,33.67795352603572,33.67795352603572,33.67795352603572,33.69846335749975,33.95600016320484,34.00447177566679,34.00447177566679,34.00447177566679,34.00447177566679,34.00447177566679,34.00447177566679,34.00447177566679,34.006079465605666,,,,,,,,,,,,,,,,,34.82703638497652,34.82703638497652,34.82703638497652,34.82703638497652,34.82703638497652,34.82703638497652,34.82703638497652,34.57842311033884,34.37458478260869,34.36455815602837,34.28068881685576,34.28068881685576,34.236356692292524,34.38401065601066,34.38401065601066,34.120425475579445,34.120425475579445,33.65784607050589,33.072461827957,32.949579678814096,32.59061629444474,32.25264612140825,32.04537785656184,32.00906363860703,32.00906363860703,32.01577396696006,32.24099155415819,32.24099155415819,32.24099155415819,32.240385971377684,32.252687841772605,32.252687841772605,32.25297446113345,32.66175345340949,32.90114178679048,33.032924949165626,33.06727967199715,33.06727967199715,33.06727967199715,33.06727967199715,33.07793731949106,33.371061103411385,33.38300597834869,33.41254277619942,33.58109705661189,33.58109705661189,33.58109705661189,33.58709325214461,33.67110095071398,33.67110095071398,33.67110095071398,33.67110095071398,33.67110095071398,33.67110095071398,33.67110095071398,33.82780504288333,33.961866515412886,33.96420868268704,,,,33.65784607050589,33.072461827957,32.25264612140825,33.371061103411385,,,,33.00761163430508,34.64985463542287,33.77046083121344,34.32966574551364,#000000,0.34312582726046037,34.87853151897496,0.01885162966799431,75.85571885097502,32.51245907633768,True,False,True,False,False,15.986838741172026,34.298700000000004,33.823925,0.0,0.0,0.0,0.0,0,0.9339098208770861,1.0599135268684363,False,False,False,False,0.23492574038128522,0.25500460602551617,False,False,False,False,34.0,-694.4943590064203,False,False,False,False,50.83100611217709,False,False,False,False
2025-06-11 19:00:00+00:00,34.885,34.98,34.87,34.98,292.0,,,,,,,,,,,,34.93960704607046,34.9582545045045,34.918732534930136,34.918732534930136,34.582021137298916,34.42852573807722,34.42852573807722,34.428327660110945,34.45446396159026,33.958576385462926,33.50731455296933,33.50731455296933,33.50731455296933,33.50731455296933,33.49544369255874,33.039009797854796,32.734662386539746,32.48626348057947,32.261694770867166,32.01610691411936,32.01610691411936,32.01610691411936,32.01610691411936,32.01610691411936,32.01610691411936,32.03539025974026,32.183914284565596,32.57501762496098,33.02244942335628,33.08146239482201,33.298257158093364,33.41770305642008,33.663510431829216,33.68617265413562,33.68617265413562,33.68617265413562,33.68617265413562,33.68617265413562,33.706495131615775,33.96139956924806,34.0094533786403,34.0094533786403,34.0094533786403,34.0094533786403,34.0094533786403,34.0094533786403,34.0094533786403,34.011047933724264,,,,,,,,,,,,,,,,,34.85672057109557,34.85672057109557,34.85672057109557,34.85672057109557,34.85672057109557,34.85672057109557,34.85672057109557,34.65226495726496,34.43865676440329,34.42852573807722,34.33798588490771,34.33798588490771,34.292545363817815,34.41484362217608,34.41484362217608,34.148778171091436,34.148778171091436,33.688385675155274,33.10705494343128,32.98490160983701,32.62736373361861,32.29062739695124,32.08382240697833,32.04590761843331,32.04590761843331,32.0523762934418,32.26986716434296,32.26986716434296,32.26986716434296,32.269162747171286,32.28029972353038,32.28029972353038,32.28039069588889,32.68109954409503,32.917202546078116,33.0474808214174,33.08146239482201,33.08146239482201,33.08146239482201,33.08146239482201,33.092003055734885,33.38214547268967,33.39397092799385,33.42322968966672,33.59019233700706,33.59019233700706,33.59019233700706,33.596132376213525,33.67938301192733,33.67938301192733,33.67938301192733,33.67938301192733,33.67938301192733,33.67938301192733,33.67938301192733,33.83457214085386,33.967210919240145,33.96953040850769,,,,33.688385675155274,33.10705494343128,32.29062739695124,33.38214547268967,,,,33.02244942335628,34.68975950606148,33.803910324772474,34.36962972030032,#000000,0.3513163790631477,34.89537708079718,0.24087382270214078,74.56680773060432,31.24422212083887,True,False,True,False,False,17.719008890048705,34.3165,33.838625,0.0,0.0,0.0,0.0,0,0.9485749690210667,1.0483271375464676,False,False,False,False,0.2554910554629398,0.25524783074422797,False,False,False,False,326.0,-678.6727410373285,False,False,False,False,54.57006028098055,False,False,False,False
2025-06-12 14:00:00+00:00,34.01,34.01,34.01,34.01,0.0,,,,,,,,,,,,34.93960704607046,34.9582545045045,34.918732534930136,34.918732534930136,34.582021137298916,34.42852573807722,34.42852573807722,34.428327660110945,34.45446396159026,33.958576385462926,33.50731455296933,33.50731455296933,33.50731455296933,33.50731455296933,33.49544369255874,33.039009797854796,32.734662386539746,32.48626348057947,32.261694770867166,32.01610691411936,32.01610691411936,32.01610691411936,32.01610691411936,32.01610691411936,32.01610691411936,32.03539025974026,32.183914284565596,32.57501762496098,33.02244942335628,33.08146239482201,33.298257158093364,33.41770305642008,33.663510431829216,33.68617265413562,33.68617265413562,33.68617265413562,33.68617265413562,33.68617265413562,33.706495131615775,33.96139956924806,34.0094533786403,34.0094533786403,34.0094533786403,34.0094533786403,34.0094533786403,34.0094533786403,34.0094533786403,34.011047933724264,,,,,,,,,,,,,,,,,34.85672057109557,34.85672057109557,34.85672057109557,34.85672057109557,34.85672057109557,34.85672057109557,34.85672057109557,34.65226495726496,34.43865676440329,34.42852573807722,34.33798588490771,34.33798588490771,34.292545363817815,34.41484362217608,34.41484362217608,34.148778171091436,34.148778171091436,33.688385675155274,33.10705494343128,32.98490160983701,32.62736373361861,32.29062739695124,32.08382240697833,32.04590761843331,32.04590761843331,32.0523762934418,32.26986716434296,32.26986716434296,32.26986716434296,32.269162747171286,32.28029972353038,32.28029972353038,32.28039069588889,32.68109954409503,32.917202546078116,33.0474808214174,33.08146239482201,33.08146239482201,33.08146239482201,33.08146239482201,33.092003055734885,33.38214547268967,33.39397092799385,33.42322968966672,33.59019233700706,33.59019233700706,33.59019233700706,33.596132376213525,33.67938301192733,33.67938301192733,33.67938301192733,33.67938301192733,33.67938301192733,33.67938301192733,33.67938301192733,33.83457214085386,33.967210919240145,33.96953040850769,,,,33.688385675155274,33.10705494343128,32.29062739695124,33.38214547268967,,,,33.02244942335628,34.68975950606148,33.803910324772474,34.36962972030032,"rgba(255, 26, 202, 1.0)",0.34922339838823124,34.89537708079718,-2.5352742252765994,58.032301293289535,16.109301217164187,False,False,True,False,False,0.0,34.3149,33.848925,0.0,0.0,0.0,0.0,0,0.9508654383026254,1.0284757118927967,False,False,False,False,-0.19561338996281114,0.029817220390708415,False,False,False,False,326.0,-663.0964194708582,False,False,False,False,53.7240128347638,False,False,False,False
2025-06-12 15:00:00+00:00,34.01,34.44,34.01,34.1,214.0,,,,,,,,,,,,34.71036827195468,34.75250620347395,34.789311951754385,34.789311951754385,34.53927605210421,34.41015347805789,34.41015347805789,34.40998308840681,34.4446413859263,33.96322398299353,33.517644293704635,33.517644293704635,33.517644293704635,33.517644293704635,33.50588030249321,33.05396553479094,32.751619808190206,32.50456764611998,32.28114013933547,32.036172089065786,32.036172089065786,32.036172089065786,32.036172089065786,32.036172089065786,32.036172089065786,32.05510630236481,32.200969957879906,32.58534993445609,33.02893446973654,33.08753362170327,33.302894468383776,33.42160561166159,33.66598969592964,33.68852808342005,33.68852808342005,33.68852808342005,33.68852808342005,33.68852808342005,33.708739224137936,33.96228549932537,34.01012691718254,34.01012691718254,34.01012691718254,34.01012691718254,34.01012691718254,34.01012691718254,34.01012691718254,34.01171468012129,,,,,,,,,,,,,,,34.18333333333333,34.18333333333333,34.75060505645557,34.75060505645557,34.75060505645557,34.75060505645557,34.75060505645557,34.75060505645557,34.75060505645557,34.59170287668477,34.41918448562604,34.41015347805789,34.32876960920821,34.32876960920821,34.286534207818924,34.40585374705136,34.40585374705136,34.14962922469021,34.14962922469021,33.69685579101694,33.12144477071099,33.00026243810894,32.644973204999374,32.3100072567783,32.10403817022872,32.06539754569858,32.06539754569858,32.071724793867645,32.28473524321315,32.28473524321315,32.28473524321315,32.283982489779675,32.29450542998,32.29450542998,32.2944973095931,32.69037714159285,32.92445830990193,33.05378816579309,33.08753362170327,33.08753362170327,33.08753362170327,33.08753362170327,33.09800076187541,33.38626370107047,33.39801545116443,33.427098913732955,33.59308057249477,33.59308057249477,33.59308057249477,33.598986621541826,33.681775906572895,33.681775906572895,33.681775906572895,33.681775906572895,33.681775906572895,33.681775906572895,33.681775906572895,33.83611581073722,33.96806998154959,33.97037867551634,,,,33.69685579101694,33.12144477071099,32.3100072567783,33.38626370107047,,,34.18333333333333,33.02893446973654,34.592650368889416,33.7711426269649,34.43969190314798,"rgba(255, 0, 0, 1.0)",0.3464650054476549,34.694234380415864,-1.7151353558725904,48.60590506121336,8.198199352870319,False,True,False,True,False,0.0,34.3151,33.859525000000005,0.0,0.0,0.0,0.0,0,0.9531166755460853,0.9722962173681401,False,False,False,False,-0.08924537823462832,-0.02971407892195995,False,False,False,False,540.0,-644.4437618046434,False,False,False,False,56.20891186058141,False,False,False,False
2025-06-12 16:00:00+00:00,34.1,34.1,34.1,34.1,0.0,,,,,,,,,,,,34.71036827195468,34.75250620347395,34.789311951754385,34.789311951754385,34.53927605210421,34.41015347805789,34.41015347805789,34.40998308840681,34.4446413859263,33.96322398299353,33.517644293704635,33.517644293704635,33.517644293704635,33.517644293704635,33.50588030249321,33.05396553479094,32.751619808190206,32.50456764611998,32.28114013933547,32.036172089065786,32.036172089065786,32.036172089065786,32.036172089065786,32.036172089065786,32.036172089065786,32.05510630236481,32.200969957879906,32.58534993445609,33.02893446973654,33.08753362170327,33.302894468383776,33.42160561166159,33.66598969592964,33.68852808342005,33.68852808342005,33.68852808342005,33.68852808342005,33.68852808342005,33.708739224137936,33.96228549932537,34.01012691718254,34.01012691718254,34.01012691718254,34.01012691718254,34.01012691718254,34.01012691718254,34.01012691718254,34.01171468012129,,,,,,,,,,,,,,,34.18333333333333,34.18333333333333,34.75060505645557,34.75060505645557,34.75060505645557,34.75060505645557,34.75060505645557,34.75060505645557,34.75060505645557,34.59170287668477,34.41918448562604,34.41015347805789,34.32876960920821,34.32876960920821,34.286534207818924,34.40585374705136,34.40585374705136,34.14962922469021,34.14962922469021,33.69685579101694,33.12144477071099,33.00026243810894,32.644973204999374,32.3100072567783,32.10403817022872,32.06539754569858,32.06539754569858,32.071724793867645,32.28473524321315,32.28473524321315,32.28473524321315,32.283982489779675,32.29450542998,32.29450542998,32.2944973095931,32.69037714159285,32.92445830990193,33.05378816579309,33.08753362170327,33.08753362170327,33.08753362170327,33.08753362170327,33.09800076187541,33.38626370107047,33.39801545116443,33.427098913732955,33.59308057249477,33.59308057249477,33.59308057249477,33.598986621541826,33.681775906572895,33.681775906572895,33.681775906572895,33.681775906572895,33.681775906572895,33.681775906572895,33.681775906572895,33.83611581073722,33.96806998154959,33.97037867551634,,,,33.69685579101694,33.12144477071099,32.3100072567783,33.38626370107047,,,34.18333333333333,33.02893446973654,34.592650368889416,33.7711426269649,34.43969190314798,"rgba(255, 0, 0, 1.0)",0.34364765634521005,34.694234380415864,-1.7291966624644355,42.321640906495915,3.1284582373390037,False,True,False,True,False,0.0,34.320899999999995,33.870125,0.0,0.0,0.0,0.0,0,0.9608501118568248,1.0100671140939592,False,False,False,False,-0.15068997659660388,-0.09020202775928192,False,False,False,False,540.0,-626.0802926293775,False,False,False,False,55.337455862742935,False,False,False,False
2025-06-12 17:00:00+00:00,34.1,34.1,34.1,34.1,0.0,,,,,,,,,,,,34.71036827195468,34.75250620347395,34.789311951754385,34.789311951754385,34.53927605210421,34.41015347805789,34.41015347805789,34.40998308840681,34.4446413859263,33.96322398299353,33.517644293704635,33.517644293704635,33.517644293704635,33.517644293704635,33.50588030249321,33.05396553479094,32.751619808190206,32.50456764611998,32.28114013933547,32.036172089065786,32.036172089065786,32.036172089065786,32.036172089065786,32.036172089065786,32.036172089065786,32.05510630236481,32.200969957879906,32.58534993445609,33.02893446973654,33.08753362170327,33.302894468383776,33.42160561166159,33.66598969592964,33.68852808342005,33.68852808342005,33.68852808342005,33.68852808342005,33.68852808342005,33.708739224137936,33.96228549932537,34.01012691718254,34.01012691718254,34.01012691718254,34.01012691718254,34.01012691718254,34.01012691718254,34.01012691718254,34.01171468012129,,,,,,,,,,,,,,,34.18333333333333,34.18333333333333,34.75060505645557,34.75060505645557,34.75060505645557,34.75060505645557,34.75060505645557,34.75060505645557,34.75060505645557,34.59170287668477,34.41918448562604,34.41015347805789,34.32876960920821,34.32876960920821,34.286534207818924,34.40585374705136,34.40585374705136,34.14962922469021,34.14962922469021,33.69685579101694,33.12144477071099,33.00026243810894,32.644973204999374,32.3100072567783,32.10403817022872,32.06539754569858,32.06539754569858,32.071724793867645,32.28473524321315,32.28473524321315,32.28473524321315,32.283982489779675,32.29450542998,32.29450542998,32.2944973095931,32.69037714159285,32.92445830990193,33.05378816579309,33.08753362170327,33.08753362170327,33.08753362170327,33.08753362170327,33.09800076187541,33.38626370107047,33.39801545116443,33.427098913732955,33.59308057249477,33.59308057249477,33.59308057249477,33.598986621541826,33.681775906572895,33.681775906572895,33.681775906572895,33.681775906572895,33.681775906572895,33.681775906572895,33.681775906572895,33.83611581073722,33.96806998154959,33.97037867551634,,,,33.69685579101694,33.12144477071099,32.3100072567783,33.38626370107047,,,34.18333333333333,33.02893446973654,34.592650368889416,33.7711426269649,34.43969190314798,"rgba(255, 0, 0, 1.0)",0.3428941737829011,34.694234380415864,-1.7329964340312594,38.13213147001761,-0.2970782036460662,False,True,False,True,False,0.0,34.3241,33.880675000000004,0.0,0.0,0.0,0.0,0,0.9619260918253092,1.0089585666293384,False,False,False,False,-0.15068997659660388,-0.1204460021779429,False,False,False,False,540.0,-608.0015284025653,False,False,False,False,54.47951081060739,False,False,False,False
2025-06-12 18:00:00+00:00,34.1,34.1,34.1,34.1,0.0,,,,,,,,,,,,34.71036827195468,34.75250620347395,34.789311951754385,34.789311951754385,34.53927605210421,34.41015347805789,34.41015347805789,34.40998308840681,34.4446413859263,33.96322398299353,33.517644293704635,33.517644293704635,33.517644293704635,33.517644293704635,33.50588030249321,33.05396553479094,32.751619808190206,32.50456764611998,32.28114013933547,32.036172089065786,32.036172089065786,32.036172089065786,32.036172089065786,32.036172089065786,32.036172089065786,32.05510630236481,32.200969957879906,32.58534993445609,33.02893446973654,33.08753362170327,33.302894468383776,33.42160561166159,33.66598969592964,33.68852808342005,33.68852808342005,33.68852808342005,33.68852808342005,33.68852808342005,33.708739224137936,33.96228549932537,34.01012691718254,34.01012691718254,34.01012691718254,34.01012691718254,34.01012691718254,34.01012691718254,34.01012691718254,34.01171468012129,,,,,,,,,,,,,,,34.18333333333333,34.18333333333333,34.75060505645557,34.75060505645557,34.75060505645557,34.75060505645557,34.75060505645557,34.75060505645557,34.75060505645557,34.59170287668477,34.41918448562604,34.41015347805789,34.32876960920821,34.32876960920821,34.286534207818924,34.40585374705136,34.40585374705136,34.14962922469021,34.14962922469021,33.69685579101694,33.12144477071099,33.00026243810894,32.644973204999374,32.3100072567783,32.10403817022872,32.06539754569858,32.06539754569858,32.071724793867645,32.28473524321315,32.28473524321315,32.28473524321315,32.283982489779675,32.29450542998,32.29450542998,32.2944973095931,32.69037714159285,32.92445830990193,33.05378816579309,33.08753362170327,33.08753362170327,33.08753362170327,33.08753362170327,33.09800076187541,33.38626370107047,33.39801545116443,33.427098913732955,33.59308057249477,33.59308057249477,33.59308057249477,33.598986621541826,33.681775906572895,33.681775906572895,33.681775906572895,33.681775906572895,33.681775906572895,33.681775906572895,33.681775906572895,33.83611581073722,33.96806998154959,33.97037867551634,,,,33.69685579101694,33.12144477071099,32.3100072567783,33.38626370107047,,,34.18333333333333,33.02893446973654,34.592650368889416,33.7711426269649,34.43969190314798,"rgba(255, 0, 0, 1.0)",0.34260166505833695,34.694234380415864,-1.7344760432342863,35.33912517903208,-2.784672761470823,False,True,False,True,False,0.0,34.3267,33.891425000000005,0.0,0.0,0.0,0.0,0,0.9609195402298863,1.0344827586206893,False,False,False,False,-0.15068997659660388,-0.13556798938727338,False,False,False,False,540.0,-590.2030550939984,False,False,False,False,53.63486723214836,False,False,False,False
2025-06-12 19:00:00+00:00,34.1,34.28,34.1,34.28,129.0,,,,,,,,,,,,34.63461077844312,34.67903743315508,34.734708798017344,34.734708798017344,34.51989411764706,34.40193579006142,34.40193579006142,34.401778261354764,34.43984040203225,33.96638528345105,33.52405464364889,33.52405464364889,33.52405464364889,33.52405464364889,33.51235223174559,33.06308014704398,32.76190827947061,32.51564880654314,32.29289522332408,32.048292460812576,32.048292460812576,32.048292460812576,32.048292460812576,32.048292460812576,32.048292460812576,32.06701908174437,32.211298910744496,32.59165585127592,33.032931853856105,33.091282548073636,33.30578189702162,33.42405124308409,33.66757792938946,33.69004161331626,33.69004161331626,33.69004161331626,33.69004161331626,33.69004161331626,33.71018552224732,33.962904152244846,34.01061583145222,34.01061583145222,34.01061583145222,34.01061583145222,34.01061583145222,34.01061583145222,34.01061583145222,34.012199449115336,,,,,,,,,,,,,,,34.19712342079689,34.19712342079689,34.70457408652768,34.70457408652768,34.70457408652768,34.70457408652768,34.70457408652768,34.70457408652768,34.70457408652768,34.56485535647629,34.410429869392395,34.40193579006142,34.324997759856636,34.324997759856636,34.28439756036843,34.40160283687944,34.40160283687944,34.15065869055719,34.15065869055719,33.70219737744711,33.13022776572669,33.00961436354632,32.65564546345904,32.321723889232324,32.116248918910856,32.077175819984745,32.077175819984745,32.083418924241144,32.293757619563905,32.293757619563905,32.293757619563905,32.29297587324451,32.30313093956546,32.30313093956546,32.30306336287662,32.69605055587503,32.92891830344438,33.05767885621677,33.091282548073636,33.091282548073636,33.091282548073636,33.091282548073636,33.101705530527965,33.38883905623933,33.40054644547878,33.42952449271582,33.594915375365844,33.594915375365844,33.594915375365844,33.600800928547166,33.68331205658068,33.68331205658068,33.68331205658068,33.68331205658068,33.68331205658068,33.68331205658068,33.68331205658068,33.837137326897434,33.96867218238307,33.97097425416613,,,,33.70219737744711,33.13022776572669,32.321723889232324,33.38883905623933,,,34.19712342079689,33.032931853856105,34.56060481149876,33.76026155878882,34.422229998780985,"rgba(239, 83, 80, 1.0)",0.3405999873035754,34.64835794199699,-1.0814972276222496,37.45256970084237,-2.784672761470823,False,True,False,True,False,1.1898006832470038,34.3329,33.903625000000005,0.0,0.0,0.0,0.0,0,0.9490373725934328,1.0056625141562852,False,False,False,False,-0.10636260596658863,-0.12096529767693101,False,False,False,False,669.0,-570.6805271080449,False,False,False,False,54.80331890296776,False,False,False,False
2025-06-13 14:00:00+00:00,34.28,34.28,34.28,34.28,0.0,,,,,,,,,,,,34.63461077844312,34.67903743315508,34.734708798017344,34.734708798017344,34.51989411764706,34.40193579006142,34.40193579006142,34.401778261354764,34.43984040203225,33.96638528345105,33.52405464364889,33.52405464364889,33.52405464364889,33.52405464364889,33.51235223174559,33.06308014704398,32.76190827947061,32.51564880654314,32.29289522332408,32.048292460812576,32.048292460812576,32.048292460812576,32.048292460812576,32.048292460812576,32.048292460812576,32.06701908174437,32.211298910744496,32.59165585127592,33.032931853856105,33.091282548073636,33.30578189702162,33.42405124308409,33.66757792938946,33.69004161331626,33.69004161331626,33.69004161331626,33.69004161331626,33.69004161331626,33.71018552224732,33.962904152244846,34.01061583145222,34.01061583145222,34.01061583145222,34.01061583145222,34.01061583145222,34.01061583145222,34.01061583145222,34.012199449115336,,,,,,,,,,,,,,,34.19712342079689,34.19712342079689,34.70457408652768,34.70457408652768,34.70457408652768,34.70457408652768,34.70457408652768,34.70457408652768,34.70457408652768,34.56485535647629,34.410429869392395,34.40193579006142,34.324997759856636,34.324997759856636,34.28439756036843,34.40160283687944,34.40160283687944,34.15065869055719,34.15065869055719,33.70219737744711,33.13022776572669,33.00961436354632,32.65564546345904,32.321723889232324,32.116248918910856,32.077175819984745,32.077175819984745,32.083418924241144,32.293757619563905,32.293757619563905,32.293757619563905,32.29297587324451,32.30313093956546,32.30313093956546,32.30306336287662,32.69605055587503,32.92891830344438,33.05767885621677,33.091282548073636,33.091282548073636,33.091282548073636,33.091282548073636,33.101705530527965,33.38883905623933,33.40054644547878,33.42952449271582,33.594915375365844,33.594915375365844,33.594915375365844,33.600800928547166,33.68331205658068,33.68331205658068,33.68331205658068,33.68331205658068,33.68331205658068,33.68331205658068,33.68331205658068,33.837137326897434,33.96867218238307,33.97097425416613,,,,33.70219737744711,33.13022776572669,32.321723889232324,33.38883905623933,,,34.19712342079689,33.032931853856105,34.56060481149876,33.76026155878882,34.422229998780985,"rgba(239, 83, 80, 1.0)",0.33895141696548164,34.64835794199699,-1.0867573450342098,38.86153271538256,-2.784672761470823,False,True,False,True,False,1.1898006832470038,34.3399,33.9157,0.0,0.0,0.0,0.0,0,0.9694224235560601,0.9999999999999992,False,False,False,False,-0.062448043110906515,-0.09170667039391876,False,False,False,False,669.0,-551.4606739745868,False,False,False,False,53.95365504400702,False,False,False,False
2025-06-13 15:00:00+00:00,34.28,34.28,34.28,34.28,0.0,,,,,,,,,,,,34.63461077844312,34.67903743315508,34.734708798017344,34.734708798017344,34.51989411764706,34.40193579006142,34.40193579006142,34.401778261354764,34.43984040203225,33.96638528345105,33.52405464364889,33.52405464364889,33.52405464364889,33.52405464364889,33.51235223174559,33.06308014704398,32.76190827947061,32.51564880654314,32.29289522332408,32.048292460812576,32.048292460812576,32.048292460812576,32.048292460812576,32.048292460812576,32.048292460812576,32.06701908174437,32.211298910744496,32.59165585127592,33.032931853856105,33.091282548073636,33.30578189702162,33.42405124308409,33.66757792938946,33.69004161331626,33.69004161331626,33.69004161331626,33.69004161331626,33.69004161331626,33.71018552224732,33.962904152244846,34.01061583145222,34.01061583145222,34.01061583145222,34.01061583145222,34.01061583145222,34.01061583145222,34.01061583145222,34.012199449115336,,,,,,,,,,,,,,,34.19712342079689,34.19712342079689,34.70457408652768,34.70457408652768,34.70457408652768,34.70457408652768,34.70457408652768,34.70457408652768,34.70457408652768,34.56485535647629,34.410429869392395,34.40193579006142,34.324997759856636,34.324997759856636,34.28439756036843,34.40160283687944,34.40160283687944,34.15065869055719,34.15065869055719,33.70219737744711,33.13022776572669,33.00961436354632,32.65564546345904,32.321723889232324,32.116248918910856,32.077175819984745,32.077175819984745,32.083418924241144,32.293757619563905,32.293757619563905,32.293757619563905,32.29297587324451,32.30313093956546,32.30313093956546,32.30306336287662,32.69605055587503,32.92891830344438,33.05767885621677,33.091282548073636,33.091282548073636,33.091282548073636,33.091282548073636,33.101705530527965,33.38883905623933,33.40054644547878,33.42952449271582,33.594915375365844,33.594915375365844,33.594915375365844,33.600800928547166,33.68331205658068,33.68331205658068,33.68331205658068,33.68331205658068,33.68331205658068,33.68331205658068,33.68331205658068,33.837137326897434,33.96867218238307,33.97097425416613,,,,33.70219737744711,33.13022776572669,32.321723889232324,33.38883905623933,,,34.19712342079689,33.032931853856105,34.56060481149876,33.76026155878882,34.422229998780985,"rgba(239, 83, 80, 1.0)",0.3372400834327364,34.64835794199699,-1.0922721233119976,39.80084139174268,-2.784672761470823,False,True,False,True,True,1.1898006832470038,34.345200000000006,33.92765,0.0,0.0,0.0,0.0,0,0.9694224235560601,0.9999999999999992,False,False,False,False,-0.062448043110906515,-0.07707735675241265,False,False,False,False,669.0,-532.5388030602521,False,False,False,False,53.11716426813094,False,False,False,False
2025-06-13 16:00:00+00:00,34.28,34.28,34.28,34.28,0.0,,,,,,,,,,,,34.63461077844312,34.67903743315508,34.734708798017344,34.734708798017344,34.51989411764706,34.40193579006142,34.40193579006142,34.401778261354764,34.43984040203225,33.96638528345105,33.52405464364889,33.52405464364889,33.52405464364889,33.52405464364889,33.51235223174559,33.06308014704398,32.76190827947061,32.51564880654314,32.29289522332408,32.048292460812576,32.048292460812576,32.048292460812576,32.048292460812576,32.048292460812576,32.048292460812576,32.06701908174437,32.211298910744496,32.59165585127592,33.032931853856105,33.091282548073636,33.30578189702162,33.42405124308409,33.66757792938946,33.69004161331626,33.69004161331626,33.69004161331626,33.69004161331626,33.69004161331626,33.71018552224732,33.962904152244846,34.01061583145222,34.01061583145222,34.01061583145222,34.01061583145222,34.01061583145222,34.01061583145222,34.01061583145222,34.012199449115336,,,,,,,,,,,,,,,34.19712342079689,34.19712342079689,34.70457408652768,34.70457408652768,34.70457408652768,34.70457408652768,34.70457408652768,34.70457408652768,34.70457408652768,34.56485535647629,34.410429869392395,34.40193579006142,34.324997759856636,34.324997759856636,34.28439756036843,34.40160283687944,34.40160283687944,34.15065869055719,34.15065869055719,33.70219737744711,33.13022776572669,33.00961436354632,32.65564546345904,32.321723889232324,32.116248918910856,32.077175819984745,32.077175819984745,32.083418924241144,32.293757619563905,32.293757619563905,32.293757619563905,32.29297587324451,32.30313093956546,32.30313093956546,32.30306336287662,32.69605055587503,32.92891830344438,33.05767885621677,33.091282548073636,33.091282548073636,33.091282548073636,33.091282548073636,33.101705530527965,33.38883905623933,33.40054644547878,33.42952449271582,33.594915375365844,33.594915375365844,33.594915375365844,33.600800928547166,33.68331205658068,33.68331205658068,33.68331205658068,33.68331205658068,33.68331205658068,33.68331205658068,33.68331205658068,33.837137326897434,33.96867218238307,33.97097425416613,,,,33.70219737744711,33.13022776572669,32.321723889232324,33.38883905623933,,,34.19712342079689,33.032931853856105,34.56060481149876,33.76026155878882,34.422229998780985,"rgba(239, 83, 80, 1.0)",0.33546502617058205,34.64835794199699,-1.0980516991648552,40.42704717598276,-2.784672761470823,False,True,False,True,True,1.1898006832470038,34.35080000000001,33.939075,0.0,0.0,0.0,0.0,0,0.9691428571428584,0.9999999999999992,False,False,False,False,-0.05327617579137729,-0.06517676627189498,False,False,False,False,669.0,-513.9102944856745,False,False,False,False,52.29364234149325,False,False,False,False
2025-06-13 17:00:00+00:00,34.28,34.28,34.28,34.28,0.0,,,,,,,,,,,,34.63461077844312,34.67903743315508,34.734708798017344,34.734708798017344,34.51989411764706,34.40193579006142,34.40193579006142,34.401778261354764,34.43984040203225,33.96638528345105,33.52405464364889,33.52405464364889,33.52405464364889,33.52405464364889,33.51235223174559,33.06308014704398,32.76190827947061,32.51564880654314,32.29289522332408,32.048292460812576,32.048292460812576,32.048292460812576,32.048292460812576,32.048292460812576,32.048292460812576,32.06701908174437,32.211298910744496,32.59165585127592,33.032931853856105,33.091282548073636,33.30578189702162,33.42405124308409,33.66757792938946,33.69004161331626,33.69004161331626,33.69004161331626,33.69004161331626,33.69004161331626,33.71018552224732,33.962904152244846,34.01061583145222,34.01061583145222,34.01061583145222,34.01061583145222,34.01061583145222,34.01061583145222,34.01061583145222,34.012199449115336,,,,,,,,,,,,,,,34.19712342079689,34.19712342079689,34.70457408652768,34.70457408652768,34.70457408652768,34.70457408652768,34.70457408652768,34.70457408652768,34.70457408652768,34.56485535647629,34.410429869392395,34.40193579006142,34.324997759856636,34.324997759856636,34.28439756036843,34.40160283687944,34.40160283687944,34.15065869055719,34.15065869055719,33.70219737744711,33.13022776572669,33.00961436354632,32.65564546345904,32.321723889232324,32.116248918910856,32.077175819984745,32.077175819984745,32.083418924241144,32.293757619563905,32.293757619563905,32.293757619563905,32.29297587324451,32.30313093956546,32.30313093956546,32.30306336287662,32.69605055587503,32.92891830344438,33.05767885621677,33.091282548073636,33.091282548073636,33.091282548073636,33.091282548073636,33.101705530527965,33.38883905623933,33.40054644547878,33.42952449271582,33.594915375365844,33.594915375365844,33.594915375365844,33.600800928547166,33.68331205658068,33.68331205658068,33.68331205658068,33.68331205658068,33.68331205658068,33.68331205658068,33.68331205658068,33.837137326897434,33.96867218238307,33.97097425416613,,,,33.70219737744711,33.13022776572669,32.321723889232324,33.38883905623933,,,34.19712342079689,33.032931853856105,34.56060481149876,33.76026155878882,34.422229998780985,"rgba(239, 83, 80, 1.0)",0.33506991337136277,34.64835794199699,-1.0993465163454823,40.84451769880948,-2.784672761470823,False,True,False,True,True,1.1898006832470038,34.3525,33.950975,0.0,0.0,0.0,0.0,0,1.0107270560190724,0.9999999999999991,False,False,False,False,-0.05327617579137729,-0.059226471031636134,False,False,False,False,669.0,-495.5705999975245,False,False,False,False,51.4828881966639,False,False,False,False
2025-06-13 18:00:00+00:00,34.28,34.28,34.28,34.28,0.0,,,,,,,,,,,,34.63461077844312,34.67903743315508,34.734708798017344,34.734708798017344,34.51989411764706,34.40193579006142,34.40193579006142,34.401778261354764,34.43984040203225,33.96638528345105,33.52405464364889,33.52405464364889,33.52405464364889,33.52405464364889,33.51235223174559,33.06308014704398,32.76190827947061,32.51564880654314,32.29289522332408,32.048292460812576,32.048292460812576,32.048292460812576,32.048292460812576,32.048292460812576,32.048292460812576,32.06701908174437,32.211298910744496,32.59165585127592,33.032931853856105,33.091282548073636,33.30578189702162,33.42405124308409,33.66757792938946,33.69004161331626,33.69004161331626,33.69004161331626,33.69004161331626,33.69004161331626,33.71018552224732,33.962904152244846,34.01061583145222,34.01061583145222,34.01061583145222,34.01061583145222,34.01061583145222,34.01061583145222,34.01061583145222,34.012199449115336,,,,,,,,,,,,,,,34.19712342079689,34.19712342079689,34.70457408652768,34.70457408652768,34.70457408652768,34.70457408652768,34.70457408652768,34.70457408652768,34.70457408652768,34.56485535647629,34.410429869392395,34.40193579006142,34.324997759856636,34.324997759856636,34.28439756036843,34.40160283687944,34.40160283687944,34.15065869055719,34.15065869055719,33.70219737744711,33.13022776572669,33.00961436354632,32.65564546345904,32.321723889232324,32.116248918910856,32.077175819984745,32.077175819984745,32.083418924241144,32.293757619563905,32.293757619563905,32.293757619563905,32.29297587324451,32.30313093956546,32.30313093956546,32.30306336287662,32.69605055587503,32.92891830344438,33.05767885621677,33.091282548073636,33.091282548073636,33.091282548073636,33.091282548073636,33.101705530527965,33.38883905623933,33.40054644547878,33.42952449271582,33.594915375365844,33.594915375365844,33.594915375365844,33.600800928547166,33.68331205658068,33.68331205658068,33.68331205658068,33.68331205658068,33.68331205658068,33.68331205658068,33.68331205658068,33.837137326897434,33.96867218238307,33.97097425416613,,,,33.70219737744711,33.13022776572669,32.321723889232324,33.38883905623933,,,34.19712342079689,33.032931853856105,34.56060481149876,33.76026155878882,34.422229998780985,"rgba(239, 83, 80, 1.0)",0.3346605514316418,34.64835794199699,-1.100691253932364,41.12283138069397,-2.784672761470823,False,True,False,True,True,1.1898006832470038,34.353899999999996,33.962875,0.0,0.0,0.0,0.0,0,1.0107270560190724,0.9570917759237171,False,False,False,False,-0.05327617579137729,-0.05625132341150671,False,False,False,False,669.0,-477.51524185802793,False,False,False,False,50.684703883537324,False,False,False,False
2025-06-13 19:00:00+00:00,34.28,34.28,33.56,33.56,193.0,,,,,,,,,,,,34.47791828793775,34.528634751773055,34.61741439098396,34.61741439098396,34.4599547023296,34.365380218166564,34.365380218166564,34.365255241090146,34.42001551880987,33.96337597226128,33.52777192247738,33.52777192247738,33.52777192247738,33.52777192247738,33.51620029574178,33.0715986863121,32.77267756038128,32.52794260113408,32.306443021269985,32.06271811173693,32.06271811173693,32.06271811173693,32.06271811173693,32.06271811173693,32.06271811173693,32.08116975517572,32.22336626129849,32.598589827451214,33.03676421606697,33.094775371755915,33.30809895706813,33.42576632156195,33.66814347252034,33.69050812248577,33.69050812248577,33.69050812248577,33.69050812248577,33.69050812248577,33.71056404769184,33.962321175823426,34.00988431591323,34.00988431591323,34.00988431591323,34.00988431591323,34.00988431591323,34.00988431591323,34.00988431591323,34.01146310912937,,,,,,,,,,,,,,,34.054129353233826,34.054129353233826,34.600655753968255,34.600655753968255,34.600655753968255,34.600655753968255,34.600655753968255,34.600655753968255,34.600655753968255,34.49026360114536,34.37276587809037,34.365380218166564,34.299103415963884,34.299103415963884,34.26219121140142,34.38169723984228,34.38169723984228,34.14314818925017,34.14314818925017,33.703668953509535,33.13814459823617,33.01857807419596,32.66713006777252,32.3351678289825,32.13066165491344,32.09115190618301,32.09115190618301,32.09728607704435,32.30419098206702,32.30419098206702,32.30419098206702,32.303377320030044,32.31309629757388,32.31309629757388,32.312960888432116,32.702142748215294,32.9333818310545,33.061365628752796,33.094775371755915,33.094775371755915,33.094775371755915,33.094775371755915,33.105138220286456,33.39073046518095,33.402378191725276,33.43121236800277,33.595809464648745,33.595809464648745,33.595809464648745,33.60166783169478,33.683808207207015,33.683808207207015,33.683808207207015,33.683808207207015,33.683808207207015,33.683808207207015,33.683808207207015,33.836990062528685,33.9680711164451,33.970366107629935,,,,33.703668953509535,33.13814459823617,32.3351678289825,33.39073046518095,,,34.054129353233826,33.03676421606697,34.46693054415397,33.72747058294942,34.357750826833566,"rgba(255, 26, 202, 1.0)",0.34404293415268056,34.42741748406068,-2.521247780300977,33.260659501242614,-8.506823939439641,False,True,False,True,False,0.0,34.341100000000004,33.969625,0.0,0.0,0.0,0.0,0,0.9308452250274444,0.9604829857299655,False,False,False,False,-0.23795937473007098,-0.14710534907078884,False,False,False,False,476.0,-462.7320598137174,False,False,False,False,52.89114258301736,False,False,False,False
2025-06-16 14:00:00+00:00,33.94,33.94,33.74,33.74,22.0,,,,,,,,,,,,34.46385396825397,34.5148231884058,34.60598076923077,34.60598076923077,34.45381267806268,34.36153906250001,34.36153906250001,34.36141734332709,34.41785687623314,33.9630535552854,33.528199526099385,33.528199526099385,33.528199526099385,33.528199526099385,33.51664255888528,33.072565996730084,32.77389885106841,32.52933630583766,32.30797870525466,32.06435366754768,32.06435366754768,32.06435366754768,32.06435366754768,32.06435366754768,32.06435366754768,32.08277432580945,32.22473595218434,32.59937953746347,33.03720243023216,33.09517507592578,33.30836526010812,33.42596429471429,33.66821087592802,33.69056427101414,33.69056427101414,33.69056427101414,33.69056427101414,33.69056427101414,33.71061019440079,33.96225770578096,34.00980389158721,34.00980389158721,34.00980389158721,34.00980389158721,34.00980389158721,34.00980389158721,34.00980389158721,34.01138213427748,,,,,,,,,,,,,,,34.04437275985663,34.04437275985663,34.59039267528398,34.59039267528398,34.59039267528398,34.59039267528398,34.59039267528398,34.59039267528398,34.59039267528398,34.48274779277028,34.36881216931217,34.36153906250001,34.296350275307084,34.296350275307084,34.2598231726528,34.37953657842301,34.37953657842301,34.142328683715256,34.142328683715256,33.70384530573068,33.139044138634056,33.01959555946793,32.6684321923856,32.33669169334086,32.13229540520182,32.09273681042568,32.09273681042568,32.09885871004614,32.30537636722252,32.30537636722252,32.30537636722252,32.304559109046515,32.31422888230158,32.31422888230158,32.31408582089553,32.702837119588516,32.93389161603031,33.061787330898625,33.09517507592578,33.09517507592578,33.09517507592578,33.09517507592578,33.10553110336107,33.39094845590045,33.402589408691526,33.43140725273688,33.59591419819983,33.59591419819983,33.59591419819983,33.60176947637292,33.68386772510075,33.68386772510075,33.68386772510075,33.68386772510075,33.68386772510075,33.68386772510075,33.68386772510075,33.83697636210544,33.968005579958906,33.97029976173808,,,,33.70384530573068,33.139044138634056,32.33669169334086,33.39094845590045,,,34.04437275985663,33.03720243023216,34.45817700563973,33.72437157313755,34.35173464122788,"rgba(255, 0, 0, 1.0)",0.3488522622841158,34.417614401745354,-1.942410799656739,31.87006800693503,-10.159522476325698,False,True,False,True,False,0.0,34.330799999999996,33.976525,0.0,0.0,0.0,0.0,0,0.9336143308746068,0.9789251844046354,False,False,False,False,-0.2807977635214469,-0.2139515562961179,False,False,False,False,498.0,-447.83698911893106,False,False,False,False,52.412210139869806,False,False,False,False
2025-06-16 15:00:00+00:00,33.74,33.74,33.74,33.74,0.0,,,,,,,,,,,,34.46385396825397,34.5148231884058,34.60598076923077,34.60598076923077,34.45381267806268,34.36153906250001,34.36153906250001,34.36141734332709,34.41785687623314,33.9630535552854,33.528199526099385,33.528199526099385,33.528199526099385,33.528199526099385,33.51664255888528,33.072565996730084,32.77389885106841,32.52933630583766,32.30797870525466,32.06435366754768,32.06435366754768,32.06435366754768,32.06435366754768,32.06435366754768,32.06435366754768,32.08277432580945,32.22473595218434,32.59937953746347,33.03720243023216,33.09517507592578,33.30836526010812,33.42596429471429,33.66821087592802,33.69056427101414,33.69056427101414,33.69056427101414,33.69056427101414,33.69056427101414,33.71061019440079,33.96225770578096,34.00980389158721,34.00980389158721,34.00980389158721,34.00980389158721,34.00980389158721,34.00980389158721,34.00980389158721,34.01138213427748,,,,,,,,,,,,,,,34.04437275985663,34.04437275985663,34.59039267528398,34.59039267528398,34.59039267528398,34.59039267528398,34.59039267528398,34.59039267528398,34.59039267528398,34.48274779277028,34.36881216931217,34.36153906250001,34.296350275307084,34.296350275307084,34.2598231726528,34.37953657842301,34.37953657842301,34.142328683715256,34.142328683715256,33.70384530573068,33.139044138634056,33.01959555946793,32.6684321923856,32.33669169334086,32.13229540520182,32.09273681042568,32.09273681042568,32.09885871004614,32.30537636722252,32.30537636722252,32.30537636722252,32.304559109046515,32.31422888230158,32.31422888230158,32.31408582089553,32.702837119588516,32.93389161603031,33.061787330898625,33.09517507592578,33.09517507592578,33.09517507592578,33.09517507592578,33.10553110336107,33.39094845590045,33.402589408691526,33.43140725273688,33.59591419819983,33.59591419819983,33.59591419819983,33.60176947637292,33.68386772510075,33.68386772510075,33.68386772510075,33.68386772510075,33.68386772510075,33.68386772510075,33.68386772510075,33.83697636210544,33.968005579958906,33.97029976173808,,,,33.70384530573068,33.139044138634056,32.33669169334086,33.39094845590045,,,34.04437275985663,33.03720243023216,34.45817700563973,33.72437157313755,34.35173464122788,"rgba(255, 0, 0, 1.0)",0.3535225950700596,34.417614401745354,-1.9167499084777453,30.94300701072997,-11.480442260830046,False,True,False,True,False,0.0,34.3234,33.983925,0.0,0.0,0.0,0.0,0,0.9322944653412163,1.0198817839871024,False,False,False,False,-0.33581728578732284,-0.2748844210417204,False,False,False,False,498.0,-433.17284975274606,False,False,False,False,51.59961773460051,False,False,False,False
2025-06-16 16:00:00+00:00,33.74,33.74,33.33,33.33,500.0,,,,,,,,,,,,34.1421806451613,34.1972,34.32944822006473,34.32944822006473,34.28001936619719,34.240610360360364,34.240610360360364,34.2405704123897,34.34740877894633,33.94087956758689,33.52612757312502,33.52612757312502,33.52612757312502,33.52612757312502,33.514971012553794,33.08401043481629,32.792009480985755,32.55199355410522,32.334322101976475,32.093619737318086,32.093619737318086,32.093619737318086,32.093619737318086,32.093619737318086,32.093619737318086,32.111416852940366,32.24868278636895,32.61207587956863,33.04268700619807,33.099855815672534,33.3102639048807,33.42643947884561,33.66600642413901,33.68813128898355,33.68813128898355,33.68813128898355,33.68813128898355,33.68813128898355,33.707976725105794,33.95770707460256,34.004962233315496,34.004962233315496,34.004962233315496,34.004962233315496,34.004962233315496,34.004962233315496,34.004962233315496,34.00653081823741,,,,,,,,,,,,,,,33.771354757403905,33.771354757403905,34.335232364517104,34.335232364517104,34.335232364517104,34.335232364517104,34.335232364517104,34.335232364517104,34.335232364517104,34.27961282153805,34.24523059360731,34.240610360360364,34.20281210071403,34.20281210071403,34.17601542688081,34.30771361132967,34.30771361132967,34.106890625546335,34.106890625546335,33.69496154518442,33.148765875370934,33.03233988977576,32.68863759091446,32.362675297400045,32.161216712182295,32.12099185620861,32.12099185620861,32.126872636163796,32.325832423228235,32.325832423228235,32.325832423228235,32.32495769703353,32.33375378377158,32.33375378377158,32.33348170211812,32.71359679767104,32.94086748544446,33.06692774194641,33.099855815672534,33.099855815672534,33.099855815672534,33.099855815672534,33.11006992098802,33.391839740722425,33.4033413126809,33.43181835494201,33.59447144579389,33.59447144579389,33.59447144579389,33.60026398484511,33.68150237042523,33.68150237042523,33.68150237042523,33.68150237042523,33.68150237042523,33.68150237042523,33.68150237042523,33.83321251668598,33.9634214488619,33.965703059399075,,,,33.69496154518442,33.148765875370934,32.362675297400045,33.391839740722425,,,33.771354757403905,33.04268700619807,34.23274387132658,33.63819062726937,34.188029974458935,"rgba(255, 26, 202, 1.0)",0.36879307657977595,34.14550841151146,-2.2112899164880373,27.535546666090482,-15.102288224654728,False,True,False,True,False,0.0,34.305499999999995,33.991425,0.0,0.0,0.0,0.0,0,0.8781512605042027,1.0330882352941166,False,False,False,False,-0.34282825441539394,-0.30885633772855714,False,False,False,False,-2.0,-426.4879993689825,False,False,False,False,58.55156164569197,False,False,False,False
2025-06-16 17:00:00+00:00,33.33,33.33,33.26,33.26,130.0,,,,,,,,,,,,34.075722222222225,34.13045692883895,34.2673500761035,34.2673500761035,34.23639337822671,34.2081179286336,34.2081179286336,34.20809629436326,34.327305624182536,33.93333024227973,33.524020406346665,33.524020406346665,33.524020406346665,33.524020406346665,33.51297400358114,33.08550409269082,32.79532647832711,32.55656113379774,32.33989896935178,32.10004047658586,32.10004047658586,32.10004047658586,32.10004047658586,32.10004047658586,32.10004047658586,32.11768946256039,32.25384393026617,32.614621117106594,33.04348340206711,33.10045491841023,33.31018018556602,33.42600640936107,33.6649212529721,33.68699084006963,33.68699084006963,33.68699084006963,33.68699084006963,33.68699084006963,33.706788169774214,33.95610092275372,34.003293578797575,34.003293578797575,34.003293578797575,34.003293578797575,34.003293578797575,34.003293578797575,34.003293578797575,34.00486005224715,,,,,,,,,,,,,,,33.71795173961841,33.71795173961841,34.27659305317324,34.27659305317324,34.27659305317324,34.27659305317324,34.27659305317324,34.27659305317324,34.27659305317324,34.23038578487267,34.21214947089947,34.2081179286336,34.17662760131436,34.17662760131436,34.15214692170575,34.287178617322034,34.287178617322034,34.09581099727482,34.09581099727482,33.690991542399296,33.149796132705156,33.034186474250156,32.69252585961207,32.36814688671482,32.1675047056626,32.12717376481338,32.12717376481338,32.132998207228134,32.33019767373897,32.33019767373897,32.33019767373897,32.32931166637545,32.33791832534917,32.33791832534917,32.33761951835222,32.71567583625731,32.942029386434236,33.06763974657488,33.10045491841023,33.10045491841023,33.10045491841023,33.10045491841023,33.11063425450354,33.39150867228389,33.40297629075027,33.43136959284573,33.59357104165739,33.59357104165739,33.59357104165739,33.599348407407405,33.68037816099443,33.68037816099443,33.68037816099443,33.68037816099443,33.68037816099443,33.68037816099443,33.68037816099443,33.831763207158254,33.961808454353054,33.964087600767286,,,,33.690991542399296,33.149796132705156,32.36814688671482,33.39150867228389,,,33.71795173961841,33.04348340206711,34.18121564344902,33.61743137396543,34.14925404658914,"rgba(255, 26, 202, 1.0)",0.38545250113402135,34.08688798662831,-2.1452396448215194,24.902247851405185,-17.903950558520208,False,True,False,True,False,0.0,34.2862,33.99645,0.0,0.0,0.0,0.0,0,0.8600000000000009,1.0757894736842097,False,False,False,False,-0.34282825441539394,-0.32584229607197557,False,False,False,False,-132.0,-421.9222939524091,False,False,False,False,59.65928937211535,False,False,False,False
2025-06-16 18:00:00+00:00,33.26,33.26,33.26,33.26,0.0,,,,,,,,,,,,34.075722222222225,34.13045692883895,34.2673500761035,34.2673500761035,34.23639337822671,34.2081179286336,34.2081179286336,34.20809629436326,34.327305624182536,33.93333024227973,33.524020406346665,33.524020406346665,33.524020406346665,33.524020406346665,33.51297400358114,33.08550409269082,32.79532647832711,32.55656113379774,32.33989896935178,32.10004047658586,32.10004047658586,32.10004047658586,32.10004047658586,32.10004047658586,32.10004047658586,32.11768946256039,32.25384393026617,32.614621117106594,33.04348340206711,33.10045491841023,33.31018018556602,33.42600640936107,33.6649212529721,33.68699084006963,33.68699084006963,33.68699084006963,33.68699084006963,33.68699084006963,33.706788169774214,33.95610092275372,34.003293578797575,34.003293578797575,34.003293578797575,34.003293578797575,34.003293578797575,34.003293578797575,34.003293578797575,34.00486005224715,,,,,,,,,,,,,,,33.71795173961841,33.71795173961841,34.27659305317324,34.27659305317324,34.27659305317324,34.27659305317324,34.27659305317324,34.27659305317324,34.27659305317324,34.23038578487267,34.21214947089947,34.2081179286336,34.17662760131436,34.17662760131436,34.15214692170575,34.287178617322034,34.287178617322034,34.09581099727482,34.09581099727482,33.690991542399296,33.149796132705156,33.034186474250156,32.69252585961207,32.36814688671482,32.1675047056626,32.12717376481338,32.12717376481338,32.132998207228134,32.33019767373897,32.33019767373897,32.33019767373897,32.32931166637545,32.33791832534917,32.33791832534917,32.33761951835222,32.71567583625731,32.942029386434236,33.06763974657488,33.10045491841023,33.10045491841023,33.10045491841023,33.10045491841023,33.11063425450354,33.39150867228389,33.40297629075027,33.43136959284573,33.59357104165739,33.59357104165739,33.59357104165739,33.599348407407405,33.68037816099443,33.68037816099443,33.68037816099443,33.68037816099443,33.68037816099443,33.68037816099443,33.68037816099443,33.831763207158254,33.961808454353054,33.964087600767286,,,,33.690991542399296,33.149796132705156,32.36814688671482,33.39150867228389,,,33.71795173961841,33.04348340206711,34.18121564344902,33.61743137396543,34.14925404658914,"rgba(255, 26, 202, 1.0)",0.4011451288676648,34.08688798662831,-2.061318777476915,23.146715308281657,-19.879434563209685,False,True,False,True,False,0.0,34.26689999999999,34.001475,0.0,0.0,0.0,0.0,0,0.8586609989373016,1.0839532412327304,False,False,False,False,-0.34282825441539394,-0.3343352752436848,False,False,False,False,-132.0,-417.42737466632525,False,False,False,False,58.734339149291856,False,False,False,False
2025-06-16 19:00:00+00:00,33.26,33.26,33.18,33.18,100.0,,,,,,,,,,,,34.026898876404495,34.081319148936174,34.221032023289666,34.221032023289666,34.20285179153095,34.18263570822731,34.18263570822731,34.18262758562225,34.31125292460489,33.92696883480698,33.52191579901408,33.52191579901408,33.52191579901408,33.52191579901408,33.51095603575115,33.08619851367875,32.797451608459056,32.55966945573352,32.343799462994625,32.10461558072874,32.10461558072874,32.10461558072874,32.10461558072874,32.10461558072874,32.10461558072874,32.12215467989722,32.25748607978798,32.616342930541414,33.04389776209098,33.10072102656611,33.30993324268015,33.425497004041056,33.66392381138947,33.68595214410829,33.68595214410829,33.68595214410829,33.68595214410829,33.68595214410829,33.705713702573796,33.954730415912316,34.00187911339962,34.00187911339962,34.00187911339962,34.00187911339962,34.00187911339962,34.00187911339962,34.00187911339962,34.00344408768102,,,,,,,,,,,,,,,33.678255693581775,33.678255693581775,34.23259936951754,34.23259936951754,34.23259936951754,34.23259936951754,34.23259936951754,34.23259936951754,34.23259936951754,34.19290064689369,34.18623496563574,34.18263570822731,34.15583529832084,34.15583529832084,34.13309250302297,34.270769931662876,34.270769931662876,34.086703711290916,34.086703711290916,33.68742482264282,33.150129098360665,33.035157099981255,32.69509875060468,32.37196285003488,32.17196481966322,32.131572138695354,32.131572138695354,32.137355097458375,32.333260644184286,32.333260644184286,32.333260644184286,32.33236705554589,32.340839273305996,32.340839273305996,32.340521953554656,32.71705019827385,32.9427182410565,33.067990718300855,33.10072102656611,33.10072102656611,33.10072102656611,33.10072102656611,33.11087425753296,33.391075857978,33.40251805166511,33.43084840964265,33.592711674292566,33.592711674292566,33.592711674292566,33.59847771618625,33.67935154483526,33.67935154483526,33.67935154483526,33.67935154483526,33.67935154483526,33.67935154483526,33.67935154483526,33.83049841841518,33.960433268987956,33.96271077219516,,,,33.68742482264282,33.150129098360665,32.37196285003488,33.391075857978,,,33.678255693581775,33.04389776209098,34.14237555800354,33.601480423917096,34.119680675137914,"rgba(255, 26, 202, 1.0)",0.4184530175871213,34.043100220996024,-2.0625976745796275,21.51553992517323,-21.767215348549826,False,True,False,True,False,0.0,34.246,34.0061,0.0,0.0,0.0,0.0,0,0.8419388830347748,1.0832455216016852,False,False,False,False,-0.34282825441539394,-0.3385817648295394,False,False,False,False,-232.0,-414.5525316482427,False,False,False,False,59.37411683689974,False,False,False,False
2025-06-17 14:00:00+00:00,33.18,33.18,33.18,33.18,0.0,,,,,,,,,,,,34.026898876404495,34.081319148936174,34.221032023289666,34.221032023289666,34.20285179153095,34.18263570822731,34.18263570822731,34.18262758562225,34.31125292460489,33.92696883480698,33.52191579901408,33.52191579901408,33.52191579901408,33.52191579901408,33.51095603575115,33.08619851367875,32.797451608459056,32.55966945573352,32.343799462994625,32.10461558072874,32.10461558072874,32.10461558072874,32.10461558072874,32.10461558072874,32.10461558072874,32.12215467989722,32.25748607978798,32.616342930541414,33.04389776209098,33.10072102656611,33.30993324268015,33.425497004041056,33.66392381138947,33.68595214410829,33.68595214410829,33.68595214410829,33.68595214410829,33.68595214410829,33.705713702573796,33.954730415912316,34.00187911339962,34.00187911339962,34.00187911339962,34.00187911339962,34.00187911339962,34.00187911339962,34.00187911339962,34.00344408768102,,,,,,,,,,,,,,,33.678255693581775,33.678255693581775,34.23259936951754,34.23259936951754,34.23259936951754,34.23259936951754,34.23259936951754,34.23259936951754,34.23259936951754,34.19290064689369,34.18623496563574,34.18263570822731,34.15583529832084,34.15583529832084,34.13309250302297,34.270769931662876,34.270769931662876,34.086703711290916,34.086703711290916,33.68742482264282,33.150129098360665,33.035157099981255,32.69509875060468,32.37196285003488,32.17196481966322,32.131572138695354,32.131572138695354,32.137355097458375,32.333260644184286,32.333260644184286,32.333260644184286,32.33236705554589,32.340839273305996,32.340839273305996,32.340521953554656,32.71705019827385,32.9427182410565,33.067990718300855,33.10072102656611,33.10072102656611,33.10072102656611,33.10072102656611,33.11087425753296,33.391075857978,33.40251805166511,33.43084840964265,33.592711674292566,33.592711674292566,33.592711674292566,33.59847771618625,33.67935154483526,33.67935154483526,33.67935154483526,33.67935154483526,33.67935154483526,33.67935154483526,33.67935154483526,33.83049841841518,33.960433268987956,33.96271077219516,,,,33.68742482264282,33.150129098360665,32.37196285003488,33.391075857978,,,33.678255693581775,33.04389776209098,34.14237555800354,33.601480423917096,34.119680675137914,"rgba(255, 0, 0, 1.0)",0.4346910780464349,34.043100220996024,-1.9855485069418093,20.428089669767612,-23.178837824894256,False,True,False,True,False,0.0,34.223,34.01195,0.0,0.0,0.0,0.0,0,0.8419388830347748,1.0916754478398305,False,False,False,False,-0.34282825441539394,-0.34070500962246664,False,False,False,False,-232.0,-411.7222598397428,False,False,False,False,58.45358789369199,False,False,False,False
2025-06-17 15:00:00+00:00,33.18,33.18,32.86,32.86,11.0,,,,,,,,,,,,34.02038712078913,34.07483518420589,34.21503549181515,34.21503549181515,34.198438277615494,34.179241732216866,34.179241732216866,34.17923535379153,34.30913758581236,33.926044982799844,33.521511044842065,33.521511044842065,33.521511044842065,33.521511044842065,33.51056188281765,33.0861232029326,32.79754771862791,32.55988339864283,32.34410763279809,32.1050074383239,32.1050074383239,32.1050074383239,32.1050074383239,32.1050074383239,32.1050074383239,32.12253541811823,32.25778414590657,32.61645496569368,33.04387619627853,33.1006840914404,33.3098431872928,33.42537981688298,33.66375690908299,33.6857810855998,33.6857810855998,33.6857810855998,33.6857810855998,33.6857810855998,33.70553908828604,33.95453169756585,34.00167696295112,34.00167696295112,34.00167696295112,34.00167696295112,34.00167696295112,34.00167696295112,34.00167696295112,34.00324181476358,,,,,,,,,,,,,,,33.67222992045163,33.67222992045163,34.22689930413426,34.22689930413426,34.22689930413426,34.22689930413426,34.22689930413426,34.22689930413426,34.22689930413426,34.187981400437636,34.182787201233616,34.179241732216866,34.15303785286571,34.15303785286571,34.13051243380924,34.26859510814636,34.26859510814636,34.085443182593266,34.085443182593266,33.68684142752025,33.15001101944494,33.03511472920535,32.69524815778067,32.37226040482147,32.17233983983984,32.13194625451386,32.13194625451386,32.1377251155999,32.33350404061576,32.33350404061576,32.33350404061576,32.33260994685419,32.34107064833799,32.34107064833799,32.34075190019921,32.717127033430344,32.94272509628398,33.06796258906864,33.1006840914404,33.1006840914404,33.1006840914404,33.1006840914404,33.110834624225454,33.390966571468695,33.40240616710617,33.43073000966183,33.592558753210604,33.592558753210604,33.592558753210604,33.59832365350653,33.67918168883882,33.67918168883882,33.67918168883882,33.67918168883882,33.67918168883882,33.67918168883882,33.67918168883882,33.83030619951181,33.96023423702274,33.962511646644735,,,,33.68684142752025,33.15001101944494,32.37226040482147,33.390966571468695,,,33.67222992045163,33.04387619627853,34.13721078440986,33.599295420329476,34.115713572613565,"rgba(255, 26, 202, 1.0)",0.46091871632957115,34.03708992636176,-2.5537906894631366,18.104326331481975,-25.73341795096569,False,True,False,True,False,0.0,34.1927,34.015150000000006,0.0,0.0,0.0,0.0,0,0.8144750254842011,1.088685015290519,False,False,False,False,-0.34282825441539394,-0.3417666320189303,False,False,False,False,-243.0,-409.1064108499793,False,False,False,False,57.71787335270451,False,False,False,False
2025-06-17 16:00:00+00:00,32.86,32.86,32.86,32.86,0.0,,,,,,,,,,,,34.02038712078913,34.07483518420589,34.21503549181515,34.21503549181515,34.198438277615494,34.179241732216866,34.179241732216866,34.17923535379153,34.30913758581236,33.926044982799844,33.521511044842065,33.521511044842065,33.521511044842065,33.521511044842065,33.51056188281765,33.0861232029326,32.79754771862791,32.55988339864283,32.34410763279809,32.1050074383239,32.1050074383239,32.1050074383239,32.1050074383239,32.1050074383239,32.1050074383239,32.12253541811823,32.25778414590657,32.61645496569368,33.04387619627853,33.1006840914404,33.3098431872928,33.42537981688298,33.66375690908299,33.6857810855998,33.6857810855998,33.6857810855998,33.6857810855998,33.6857810855998,33.70553908828604,33.95453169756585,34.00167696295112,34.00167696295112,34.00167696295112,34.00167696295112,34.00167696295112,34.00167696295112,34.00167696295112,34.00324181476358,,,,,,,,,,,,,,,33.67222992045163,33.67222992045163,34.22689930413426,34.22689930413426,34.22689930413426,34.22689930413426,34.22689930413426,34.22689930413426,34.22689930413426,34.187981400437636,34.182787201233616,34.179241732216866,34.15303785286571,34.15303785286571,34.13051243380924,34.26859510814636,34.26859510814636,34.085443182593266,34.085443182593266,33.68684142752025,33.15001101944494,33.03511472920535,32.69524815778067,32.37226040482147,32.17233983983984,32.13194625451386,32.13194625451386,32.1377251155999,32.33350404061576,32.33350404061576,32.33350404061576,32.33260994685419,32.34107064833799,32.34107064833799,32.34075190019921,32.717127033430344,32.94272509628398,33.06796258906864,33.1006840914404,33.1006840914404,33.1006840914404,33.1006840914404,33.110834624225454,33.390966571468695,33.40240616710617,33.43073000966183,33.592558753210604,33.592558753210604,33.592558753210604,33.59832365350653,33.67918168883882,33.67918168883882,33.67918168883882,33.67918168883882,33.67918168883882,33.67918168883882,33.67918168883882,33.83030619951181,33.96023423702274,33.962511646644735,,,,33.68684142752025,33.15001101944494,32.37226040482147,33.390966571468695,,,33.67222992045163,33.04387619627853,34.13721078440986,33.599295420329476,34.115713572613565,"rgba(255, 26, 202, 1.0)",0.4850865716362564,34.03708992636176,-2.426556402893799,16.555150772624884,-27.52188892682208,False,True,False,True,False,0.0,34.1685,34.01835,0.0,0.0,0.0,0.0,0,0.8144750254842011,1.1213047910295608,False,False,False,False,-0.34282825441539394,-0.34229744321716216,False,False,False,False,-243.0,-406.53111765850673,False,False,False,False,56.82302260305017,False,False,False,False
2025-06-17 17:00:00+00:00,32.86,32.86,32.86,32.86,0.0,,,,,,,,,,,,34.02038712078913,34.07483518420589,34.21503549181515,34.21503549181515,34.198438277615494,34.179241732216866,34.179241732216866,34.17923535379153,34.30913758581236,33.926044982799844,33.521511044842065,33.521511044842065,33.521511044842065,33.521511044842065,33.51056188281765,33.0861232029326,32.79754771862791,32.55988339864283,32.34410763279809,32.1050074383239,32.1050074383239,32.1050074383239,32.1050074383239,32.1050074383239,32.1050074383239,32.12253541811823,32.25778414590657,32.61645496569368,33.04387619627853,33.1006840914404,33.3098431872928,33.42537981688298,33.66375690908299,33.6857810855998,33.6857810855998,33.6857810855998,33.6857810855998,33.6857810855998,33.70553908828604,33.95453169756585,34.00167696295112,34.00167696295112,34.00167696295112,34.00167696295112,34.00167696295112,34.00167696295112,34.00167696295112,34.00324181476358,,,,,,,,,,,,,,,33.67222992045163,33.67222992045163,34.22689930413426,34.22689930413426,34.22689930413426,34.22689930413426,34.22689930413426,34.22689930413426,34.22689930413426,34.187981400437636,34.182787201233616,34.179241732216866,34.15303785286571,34.15303785286571,34.13051243380924,34.26859510814636,34.26859510814636,34.085443182593266,34.085443182593266,33.68684142752025,33.15001101944494,33.03511472920535,32.69524815778067,32.37226040482147,32.17233983983984,32.13194625451386,32.13194625451386,32.1377251155999,32.33350404061576,32.33350404061576,32.33350404061576,32.33260994685419,32.34107064833799,32.34107064833799,32.34075190019921,32.717127033430344,32.94272509628398,33.06796258906864,33.1006840914404,33.1006840914404,33.1006840914404,33.1006840914404,33.110834624225454,33.390966571468695,33.40240616710617,33.43073000966183,33.592558753210604,33.592558753210604,33.592558753210604,33.59832365350653,33.67918168883882,33.67918168883882,33.67918168883882,33.67918168883882,33.67918168883882,33.67918168883882,33.67918168883882,33.83030619951181,33.96023423702274,33.962511646644735,,,,33.68684142752025,33.15001101944494,32.37226040482147,33.390966571468695,,,33.67222992045163,33.04387619627853,34.13721078440986,33.599295420329476,34.115713572613565,"rgba(255, 26, 202, 1.0)",0.507525324446759,34.03708992636176,-2.3192732848254938,15.522367066720157,-28.841461741038003,False,True,False,True,False,0.0,34.1443,34.02035,0.0,0.0,0.0,0.0,0,0.8144750254842011,1.1213047910295608,False,False,False,False,-0.34282825441539394,-0.3425628488162781,False,False,False,False,-243.0,-403.9957514932585,False,False,False,False,55.94204550842924,False,False,False,False
2025-06-17 18:00:00+00:00,32.86,32.86,32.86,32.86,0.0,,,,,,,,,,,,34.02038712078913,34.07483518420589,34.21503549181515,34.21503549181515,34.198438277615494,34.179241732216866,34.179241732216866,34.17923535379153,34.30913758581236,33.926044982799844,33.521511044842065,33.521511044842065,33.521511044842065,33.521511044842065,33.51056188281765,33.0861232029326,32.79754771862791,32.55988339864283,32.34410763279809,32.1050074383239,32.1050074383239,32.1050074383239,32.1050074383239,32.1050074383239,32.1050074383239,32.12253541811823,32.25778414590657,32.61645496569368,33.04387619627853,33.1006840914404,33.3098431872928,33.42537981688298,33.66375690908299,33.6857810855998,33.6857810855998,33.6857810855998,33.6857810855998,33.6857810855998,33.70553908828604,33.95453169756585,34.00167696295112,34.00167696295112,34.00167696295112,34.00167696295112,34.00167696295112,34.00167696295112,34.00167696295112,34.00324181476358,,,,,,,,,,,,,,,33.67222992045163,33.67222992045163,34.22689930413426,34.22689930413426,34.22689930413426,34.22689930413426,34.22689930413426,34.22689930413426,34.22689930413426,34.187981400437636,34.182787201233616,34.179241732216866,34.15303785286571,34.15303785286571,34.13051243380924,34.26859510814636,34.26859510814636,34.085443182593266,34.085443182593266,33.68684142752025,33.15001101944494,33.03511472920535,32.69524815778067,32.37226040482147,32.17233983983984,32.13194625451386,32.13194625451386,32.1377251155999,32.33350404061576,32.33350404061576,32.33350404061576,32.33260994685419,32.34107064833799,32.34107064833799,32.34075190019921,32.717127033430344,32.94272509628398,33.06796258906864,33.1006840914404,33.1006840914404,33.1006840914404,33.1006840914404,33.110834624225454,33.390966571468695,33.40240616710617,33.43073000966183,33.592558753210604,33.592558753210604,33.592558753210604,33.59832365350653,33.67918168883882,33.67918168883882,33.67918168883882,33.67918168883882,33.67918168883882,33.67918168883882,33.67918168883882,33.83030619951181,33.96023423702274,33.962511646644735,,,,33.68684142752025,33.15001101944494,32.37226040482147,33.390966571468695,,,33.67222992045163,33.04387619627853,34.13721078440986,33.599295420329476,34.115713572613565,"rgba(255, 26, 202, 1.0)",0.5284012347304802,34.03708992636176,-2.2276441631748902,14.833844596117004,-29.87012384158968,False,True,False,True,False,0.0,34.1201,34.02235,0.0,0.0,0.0,0.0,0,0.8144750254842011,1.1213047910295608,False,False,False,False,-0.34282825441539394,-0.342695551615836,False,False,False,False,-243.0,-401.4996933305723,False,False,False,False,55.07472697341483,False,False,False,False
2025-06-17 19:00:00+00:00,32.86,32.86,32.595,32.7,900.0,,,,,,,,,,,,33.58491762665676,33.63741072494924,33.794219514734976,33.794219514734976,33.86382525328644,33.907641327549406,33.907641327549406,33.90774829651043,34.12772301064369,33.83791943678721,33.47630404419429,33.47630404419429,33.47630404419429,33.47630404419429,33.466248290863895,33.068093305735616,32.79403003240079,32.56641711719966,32.35866705572126,32.12700007968445,32.12700007968445,32.12700007968445,32.12700007968445,32.12700007968445,32.12700007968445,32.14373064811521,32.27309495665879,32.6190527255213,33.036604745241114,33.092254841923044,33.29741331807887,33.410907305904914,33.645596640628334,33.66731599298751,33.66731599298751,33.66731599298751,33.66731599298751,33.66731599298751,33.686817188893805,33.93451913276013,33.981495430797985,33.981495430797985,33.981495430797985,33.981495430797985,33.981495430797985,33.981495430797985,33.981495430797985,33.98305366432736,,,,,,,,,,,,,,32.718333333333334,33.28182204032135,33.28182204032135,33.820764283577624,33.820764283577624,33.820764283577624,33.820764283577624,33.820764283577624,33.820764283577624,33.820764283577624,33.82480642504118,33.90768628678773,33.907641327549406,33.92146789813487,33.92146789813487,33.91410494352687,34.08246442547137,34.08246442547137,33.97017253763037,33.97017253763037,33.626685645272616,33.12841633779854,33.01985305925808,32.69624254171851,32.38587043915228,32.192636995731796,32.15267967051675,32.15267967051675,32.158173867104956,32.34523425681321,32.34523425681321,32.34523425681321,32.34432773014695,32.35214742439566,32.35214742439566,32.35176617076676,32.71715666739455,32.937590012205064,33.06019745987876,33.092254841923044,33.092254841923044,33.092254841923044,33.092254841923044,33.102202741667476,33.37708767022789,33.38833413331505,33.41616653416619,33.575429393536965,33.575429393536965,33.575429393536965,33.58111056776278,33.66080358028365,33.66080358028365,33.66080358028365,33.66080358028365,33.66080358028365,33.66080358028365,33.66080358028365,33.81042350432445,33.940211830249176,33.94248839177679,,,,33.626685645272616,33.12841633779854,32.38587043915228,33.37708767022789,,,33.28182204032135,33.036604745241114,33.707866836392945,33.43244690458927,33.77648880521989,"rgba(255, 0, 0, 1.0)",0.5531381968953993,33.558169286222515,-1.551455479008975,13.594948742583053,-31.414660735429027,False,True,False,True,False,0.0,34.0987,34.02355,0.0,0.0,0.0,0.0,0,0.7930521091811427,1.1181141439205946,False,False,False,False,-0.34282825441539394,-0.34276190301561493,False,False,False,False,-1143.0,-412.99582211614484,False,False,False,False,68.17434360948592,False,False,False,False
2025-06-18 14:00:00+00:00,32.7,32.86,32.7,32.86,100.0,,,,,,,,,,,,33.557033321390186,33.60867519889312,33.76430273654448,33.76430273654448,33.837920852732175,33.8853589017068,33.8853589017068,33.885472722368334,34.111193276609946,33.82962562329099,33.47214222084111,33.47214222084111,33.47214222084111,33.47214222084111,33.46217428453778,33.066677050038834,32.79409207705275,32.567512846240376,32.360595345700794,32.129697276346946,32.129697276346946,32.129697276346946,32.129697276346946,32.129697276346946,32.129697276346946,32.14634073519955,32.27505863879484,32.61958276829773,33.03603549294846,33.09155699182224,33.2962701592552,33.40953618189657,33.64380993454587,33.665494667118125,33.665494667118125,33.665494667118125,33.665494667118125,33.665494667118125,33.68496646129907,33.932494044840254,33.97944622746274,33.97944622746274,33.97944622746274,33.97944622746274,33.97944622746274,33.97944622746274,33.97944622746274,33.98100356673986,,,,,,,,,,,,,,32.72716666666667,33.26115412498187,33.26115412498187,33.791310388227316,33.791310388227316,33.791310388227316,33.791310388227316,33.791310388227316,33.791310388227316,33.791310388227316,33.79759798681632,33.88517515163906,33.8853589017068,33.90182728447264,33.90182728447264,33.895564205591825,34.065668773038446,34.065668773038446,33.95937333704597,33.95937333704597,33.621065227324664,33.12663783096568,33.01871794189164,32.69676852116477,32.38770118193024,32.19516282736871,32.15523890584644,32.15523890584644,32.16070170993477,32.346791781993296,32.346791781993296,32.346791781993296,32.345883065330014,32.35362539156072,32.35362539156072,32.35323581989899,32.717400324840305,32.937257955429324,33.059573353354835,33.09155699182224,33.09155699182224,33.09155699182224,33.09155699182224,33.10148234366874,33.375782896442345,33.38700766991251,33.41478523135033,33.573759368279276,33.573759368279276,33.573759368279276,33.5794310468218,33.658992202853064,33.658992202853064,33.658992202853064,33.658992202853064,33.658992202853064,33.658992202853064,33.658992202853064,33.808433265918495,33.9381848553666,33.940460971386756,,,,33.621065227324664,33.12663783096568,32.38770118193024,33.375782896442345,,,33.26115412498187,33.03603549294846,33.682986616195095,33.419928101753456,33.75530413345448,"rgba(239, 83, 80, 1.0)",0.5713315646422692,33.533873278058394,-1.1794784670794976,17.616011718748545,-31.414660735429027,False,True,False,True,True,0.0,34.0805,34.02585,0.0,0.0,0.0,0.0,0,0.8267401101652495,1.1191787681522274,False,False,False,False,-0.3261404458323859,-0.3344511744240004,False,False,False,False,-1043.0,-422.76332875000304,False,False,False,False,68.66776463879621,False,False,False,False
2025-06-18 15:00:00+00:00,32.86,32.86,32.86,32.86,0.0,,,,,,,,,,,,33.557033321390186,33.60867519889312,33.76430273654448,33.76430273654448,33.837920852732175,33.8853589017068,33.8853589017068,33.885472722368334,34.111193276609946,33.82962562329099,33.47214222084111,33.47214222084111,33.47214222084111,33.47214222084111,33.46217428453778,33.066677050038834,32.79409207705275,32.567512846240376,32.360595345700794,32.129697276346946,32.129697276346946,32.129697276346946,32.129697276346946,32.129697276346946,32.129697276346946,32.14634073519955,32.27505863879484,32.61958276829773,33.03603549294846,33.09155699182224,33.2962701592552,33.40953618189657,33.64380993454587,33.665494667118125,33.665494667118125,33.665494667118125,33.665494667118125,33.665494667118125,33.68496646129907,33.932494044840254,33.97944622746274,33.97944622746274,33.97944622746274,33.97944622746274,33.97944622746274,33.97944622746274,33.97944622746274,33.98100356673986,,,,,,,,,,,,,,32.72716666666667,33.26115412498187,33.26115412498187,33.791310388227316,33.791310388227316,33.791310388227316,33.791310388227316,33.791310388227316,33.791310388227316,33.791310388227316,33.79759798681632,33.88517515163906,33.8853589017068,33.90182728447264,33.90182728447264,33.895564205591825,34.065668773038446,34.065668773038446,33.95937333704597,33.95937333704597,33.621065227324664,33.12663783096568,33.01871794189164,32.69676852116477,32.38770118193024,32.19516282736871,32.15523890584644,32.15523890584644,32.16070170993477,32.346791781993296,32.346791781993296,32.346791781993296,32.345883065330014,32.35362539156072,32.35362539156072,32.35323581989899,32.717400324840305,32.937257955429324,33.059573353354835,33.09155699182224,33.09155699182224,33.09155699182224,33.09155699182224,33.10148234366874,33.375782896442345,33.38700766991251,33.41478523135033,33.573759368279276,33.573759368279276,33.573759368279276,33.5794310468218,33.658992202853064,33.658992202853064,33.658992202853064,33.658992202853064,33.658992202853064,33.658992202853064,33.658992202853064,33.808433265918495,33.9381848553666,33.940460971386756,,,,33.621065227324664,33.12663783096568,32.38770118193024,33.375782896442345,,,33.26115412498187,33.03603549294846,33.682986616195095,33.419928101753456,33.75530413345448,"rgba(239, 83, 80, 1.0)",0.5885001779602824,33.533873278058394,-1.1450689452533587,20.29672036952554,-34.77313405416709,False,True,False,True,True,0.0,34.0623,34.028150000000004,0.0,0.0,0.0,0.0,0,0.8427641462193303,1.0941412118177258,False,False,False,False,-0.30104142962134495,-0.3177463020226727,False,False,False,False,-1043.0,-432.3794011724836,False,False,False,False,67.60314813276837,False,False,False,False
2025-06-18 16:00:00+00:00,32.86,32.86,32.86,32.86,0.0,,,,,,,,,,,,33.557033321390186,33.60867519889312,33.76430273654448,33.76430273654448,33.837920852732175,33.8853589017068,33.8853589017068,33.885472722368334,34.111193276609946,33.82962562329099,33.47214222084111,33.47214222084111,33.47214222084111,33.47214222084111,33.46217428453778,33.066677050038834,32.79409207705275,32.567512846240376,32.360595345700794,32.129697276346946,32.129697276346946,32.129697276346946,32.129697276346946,32.129697276346946,32.129697276346946,32.14634073519955,32.27505863879484,32.61958276829773,33.03603549294846,33.09155699182224,33.2962701592552,33.40953618189657,33.64380993454587,33.665494667118125,33.665494667118125,33.665494667118125,33.665494667118125,33.665494667118125,33.68496646129907,33.932494044840254,33.97944622746274,33.97944622746274,33.97944622746274,33.97944622746274,33.97944622746274,33.97944622746274,33.97944622746274,33.98100356673986,,,,,,,,,,,,,,32.72716666666667,33.26115412498187,33.26115412498187,33.791310388227316,33.791310388227316,33.791310388227316,33.791310388227316,33.791310388227316,33.791310388227316,33.791310388227316,33.79759798681632,33.88517515163906,33.8853589017068,33.90182728447264,33.90182728447264,33.895564205591825,34.065668773038446,34.065668773038446,33.95937333704597,33.95937333704597,33.621065227324664,33.12663783096568,33.01871794189164,32.69676852116477,32.38770118193024,32.19516282736871,32.15523890584644,32.15523890584644,32.16070170993477,32.346791781993296,32.346791781993296,32.346791781993296,32.345883065330014,32.35362539156072,32.35362539156072,32.35323581989899,32.717400324840305,32.937257955429324,33.059573353354835,33.09155699182224,33.09155699182224,33.09155699182224,33.09155699182224,33.10148234366874,33.375782896442345,33.38700766991251,33.41478523135033,33.573759368279276,33.573759368279276,33.573759368279276,33.5794310468218,33.658992202853064,33.658992202853064,33.658992202853064,33.658992202853064,33.658992202853064,33.658992202853064,33.658992202853064,33.808433265918495,33.9381848553666,33.940460971386756,,,,33.621065227324664,33.12663783096568,32.38770118193024,33.375782896442345,,,33.26115412498187,33.03603549294846,33.682986616195095,33.419928101753456,33.75530413345448,"rgba(239, 83, 80, 1.0)",0.6047313229631781,33.533873278058394,-1.1143349988163693,22.08385947004354,-33.008368120841595,False,True,False,True,True,0.0,34.0441,34.03045,0.0,0.0,0.0,0.0,0,0.8416540595058005,1.0948058497226416,False,False,False,False,-0.30104142962134495,-0.3093938658220088,False,False,False,False,-1043.0,-441.8463872008172,False,False,False,False,66.55503730900452,False,False,False,False
2025-06-18 17:00:00+00:00,32.86,32.86,32.86,32.86,0.0,,,,,,,,,,,,33.557033321390186,33.60867519889312,33.76430273654448,33.76430273654448,33.837920852732175,33.8853589017068,33.8853589017068,33.885472722368334,34.111193276609946,33.82962562329099,33.47214222084111,33.47214222084111,33.47214222084111,33.47214222084111,33.46217428453778,33.066677050038834,32.79409207705275,32.567512846240376,32.360595345700794,32.129697276346946,32.129697276346946,32.129697276346946,32.129697276346946,32.129697276346946,32.129697276346946,32.14634073519955,32.27505863879484,32.61958276829773,33.03603549294846,33.09155699182224,33.2962701592552,33.40953618189657,33.64380993454587,33.665494667118125,33.665494667118125,33.665494667118125,33.665494667118125,33.665494667118125,33.68496646129907,33.932494044840254,33.97944622746274,33.97944622746274,33.97944622746274,33.97944622746274,33.97944622746274,33.97944622746274,33.97944622746274,33.98100356673986,,,,,,,,,,,,,,32.72716666666667,33.26115412498187,33.26115412498187,33.791310388227316,33.791310388227316,33.791310388227316,33.791310388227316,33.791310388227316,33.791310388227316,33.791310388227316,33.79759798681632,33.88517515163906,33.8853589017068,33.90182728447264,33.90182728447264,33.895564205591825,34.065668773038446,34.065668773038446,33.95937333704597,33.95937333704597,33.621065227324664,33.12663783096568,33.01871794189164,32.69676852116477,32.38770118193024,32.19516282736871,32.15523890584644,32.15523890584644,32.16070170993477,32.346791781993296,32.346791781993296,32.346791781993296,32.345883065330014,32.35362539156072,32.35362539156072,32.35323581989899,32.717400324840305,32.937257955429324,33.059573353354835,33.09155699182224,33.09155699182224,33.09155699182224,33.09155699182224,33.10148234366874,33.375782896442345,33.38700766991251,33.41478523135033,33.573759368279276,33.573759368279276,33.573759368279276,33.5794310468218,33.658992202853064,33.658992202853064,33.658992202853064,33.658992202853064,33.658992202853064,33.658992202853064,33.658992202853064,33.808433265918495,33.9381848553666,33.940460971386756,,,,33.621065227324664,33.12663783096568,32.38770118193024,33.375782896442345,,,33.26115412498187,33.03603549294846,33.682986616195095,33.419928101753456,33.75530413345448,"rgba(239, 83, 80, 1.0)",0.619580554135525,33.533873278058394,-1.0876281922673021,23.275285537055538,-31.746714383898585,False,True,False,True,True,0.0,34.0259,34.03,0.0,0.0,0.0,0.0,0,0.8416540595058005,1.0948058497226416,False,False,False,False,-0.30104142962134495,-0.30521764772167687,False,False,False,False,-1043.0,-451.16659825196734,False,False,False,False,65.52317626545405,False,False,False,False
2025-06-18 18:00:00+00:00,32.86,32.97,32.86,32.97,300.0,,,,,,,,,,,,33.496499514720156,33.54518332811031,33.69507451633805,33.69507451633805,33.77597694590276,33.830864020861156,33.830864020861156,33.83099211647276,34.06857895159994,33.80850989476992,33.462279947122234,33.462279947122234,33.462279947122234,33.462279947122234,33.45255316353346,33.06454457415997,32.79611328849535,32.572450583400816,32.367896641595486,32.139152188974734,32.139152188974734,32.139152188974734,32.139152188974734,32.139152188974734,32.139152188974734,32.155527776696886,32.282247136478354,32.62221962311369,33.0352783443508,33.09040554854777,33.2937514554273,33.40631634699903,33.63929935384659,33.660875741262565,33.660875741262565,33.660875741262565,33.660875741262565,33.660875741262565,33.68025471717826,33.92714082461216,33.974000653583424,33.974000653583424,33.974000653583424,33.974000653583424,33.974000653583424,33.974000653583424,33.974000653583424,33.975554707996714,,,,,,,,,,,,,,32.77474358974359,33.2233140951648,33.2233140951648,33.72254385964912,33.72254385964912,33.72254385964912,33.72254385964912,33.72254385964912,33.72254385964912,33.72254385964912,33.733451674088734,33.830165992422785,33.830864020861156,33.85320811021866,33.85320811021866,33.8495464689941,34.02264690982777,34.02264690982777,33.931577418578044,33.931577418578044,33.60720897694203,33.12348458485129,33.01737548695912,32.7001013587552,32.39473101424378,32.20416124881484,32.164267618163535,32.164267618163535,32.16963249081709,32.35267170130767,32.35267170130767,32.35267170130767,32.35175248118298,32.35922589336511,32.35922589336511,32.35880422146141,32.71914943118408,32.937228319237505,33.05864790785948,33.09040554854777,33.09040554854777,33.09040554854777,33.09040554854777,33.10026163165875,33.37276742847623,33.38392501491095,33.41153400862877,33.56961269505536,33.56961269505536,33.56961269505536,33.57525468100235,33.65440465152218,33.65440465152218,33.65440465152218,33.65440465152218,33.65440465152218,33.65440465152218,33.65440465152218,33.803258629978586,33.932823073593845,33.935096585764256,,,,33.60720897694203,33.12348458485129,32.39473101424378,33.37276742847623,,,33.2233140951648,33.0352783443508,33.627159867406064,33.39097240273115,33.70690359156164,"rgba(239, 83, 80, 0.5)",0.6316338958433105,33.4334354759156,-0.7337090028977277,27.85251273248401,-27.381384202418953,False,True,False,True,True,0.0,34.009899999999995,34.030100000000004,0.0,0.0,0.0,0.0,0,0.8596847991865797,1.0843924758515497,False,False,False,False,-0.28399873176160895,-0.29460818974164293,False,False,False,False,-743.0,-455.69114711627793,False,False,False,False,69.15847585823771,False,False,False,False
2025-06-18 19:00:00+00:00,32.97,32.97,32.97,32.97,0.0,,,,,,,,,,,,33.496499514720156,33.54518332811031,33.69507451633805,33.69507451633805,33.77597694590276,33.830864020861156,33.830864020861156,33.83099211647276,34.06857895159994,33.80850989476992,33.462279947122234,33.462279947122234,33.462279947122234,33.462279947122234,33.45255316353346,33.06454457415997,32.79611328849535,32.572450583400816,32.367896641595486,32.139152188974734,32.139152188974734,32.139152188974734,32.139152188974734,32.139152188974734,32.139152188974734,32.155527776696886,32.282247136478354,32.62221962311369,33.0352783443508,33.09040554854777,33.2937514554273,33.40631634699903,33.63929935384659,33.660875741262565,33.660875741262565,33.660875741262565,33.660875741262565,33.660875741262565,33.68025471717826,33.92714082461216,33.974000653583424,33.974000653583424,33.974000653583424,33.974000653583424,33.974000653583424,33.974000653583424,33.974000653583424,33.975554707996714,,,,,,,,,,,,,,32.77474358974359,33.2233140951648,33.2233140951648,33.72254385964912,33.72254385964912,33.72254385964912,33.72254385964912,33.72254385964912,33.72254385964912,33.72254385964912,33.733451674088734,33.830165992422785,33.830864020861156,33.85320811021866,33.85320811021866,33.8495464689941,34.02264690982777,34.02264690982777,33.931577418578044,33.931577418578044,33.60720897694203,33.12348458485129,33.01737548695912,32.7001013587552,32.39473101424378,32.20416124881484,32.164267618163535,32.164267618163535,32.16963249081709,32.35267170130767,32.35267170130767,32.35267170130767,32.35175248118298,32.35922589336511,32.35922589336511,32.35880422146141,32.71914943118408,32.937228319237505,33.05864790785948,33.09040554854777,33.09040554854777,33.09040554854777,33.09040554854777,33.10026163165875,33.37276742847623,33.38392501491095,33.41153400862877,33.56961269505536,33.56961269505536,33.56961269505536,33.57525468100235,33.65440465152218,33.65440465152218,33.65440465152218,33.65440465152218,33.65440465152218,33.65440465152218,33.65440465152218,33.803258629978586,33.932823073593845,33.935096585764256,,,,33.60720897694203,33.12348458485129,32.39473101424378,33.37276742847623,,,33.2233140951648,33.0352783443508,33.627159867406064,33.39097240273115,33.70690359156164,"rgba(239, 83, 80, 0.5)",0.6432330571150582,33.4334354759156,-0.720478325529693,30.903997529436324,-24.56130609669301,False,True,False,True,True,0.0,33.9939,34.0302,0.0,0.0,0.0,0.0,0,0.8708693441789538,1.0650737163192674,False,False,False,False,-0.2671152283046102,-0.28086170902312657,False,False,False,False,-743.0,-460.1455479361806,False,False,False,False,68.08625142632704,False,False,False,False
2025-06-19 14:00:00+00:00,32.97,32.97,32.97,32.97,0.0,,,,,,,,,,,,33.496499514720156,33.54518332811031,33.69507451633805,33.69507451633805,33.77597694590276,33.830864020861156,33.830864020861156,33.83099211647276,34.06857895159994,33.80850989476992,33.462279947122234,33.462279947122234,33.462279947122234,33.462279947122234,33.45255316353346,33.06454457415997,32.79611328849535,32.572450583400816,32.367896641595486,32.139152188974734,32.139152188974734,32.139152188974734,32.139152188974734,32.139152188974734,32.139152188974734,32.155527776696886,32.282247136478354,32.62221962311369,33.0352783443508,33.09040554854777,33.2937514554273,33.40631634699903,33.63929935384659,33.660875741262565,33.660875741262565,33.660875741262565,33.660875741262565,33.660875741262565,33.68025471717826,33.92714082461216,33.974000653583424,33.974000653583424,33.974000653583424,33.974000653583424,33.974000653583424,33.974000653583424,33.974000653583424,33.975554707996714,,,,,,,,,,,,,,32.77474358974359,33.2233140951648,33.2233140951648,33.72254385964912,33.72254385964912,33.72254385964912,33.72254385964912,33.72254385964912,33.72254385964912,33.72254385964912,33.733451674088734,33.830165992422785,33.830864020861156,33.85320811021866,33.85320811021866,33.8495464689941,34.02264690982777,34.02264690982777,33.931577418578044,33.931577418578044,33.60720897694203,33.12348458485129,33.01737548695912,32.7001013587552,32.39473101424378,32.20416124881484,32.164267618163535,32.164267618163535,32.16963249081709,32.35267170130767,32.35267170130767,32.35267170130767,32.35175248118298,32.35922589336511,32.35922589336511,32.35880422146141,32.71914943118408,32.937228319237505,33.05864790785948,33.09040554854777,33.09040554854777,33.09040554854777,33.09040554854777,33.10026163165875,33.37276742847623,33.38392501491095,33.41153400862877,33.56961269505536,33.56961269505536,33.56961269505536,33.57525468100235,33.65440465152218,33.65440465152218,33.65440465152218,33.65440465152218,33.65440465152218,33.65440465152218,33.65440465152218,33.803258629978586,33.932823073593845,33.935096585764256,,,,33.60720897694203,33.12348458485129,32.39473101424378,33.37276742847623,,,33.2233140951648,33.0352783443508,33.627159867406064,33.39097240273115,33.70690359156164,"rgba(239, 83, 80, 0.5)",0.6543514291209342,33.4334354759156,-0.7082363624362964,32.93832072740453,-22.659903355861324,False,True,False,True,True,0.0,33.9632,34.0303,0.0,0.0,0.0,0.0,0,0.8744257274119458,1.0653394589076053,False,False,False,False,-0.2671152283046102,-0.2739884686638684,False,False,False,False,-743.0,-464.5308882782553,False,False,False,False,67.03065062901965,False,False,False,False
2025-06-19 15:00:00+00:00,32.97,32.97,32.97,32.97,0.0,,,,,,,,,,,,33.496499514720156,33.54518332811031,33.69507451633805,33.69507451633805,33.77597694590276,33.830864020861156,33.830864020861156,33.83099211647276,34.06857895159994,33.80850989476992,33.462279947122234,33.462279947122234,33.462279947122234,33.462279947122234,33.45255316353346,33.06454457415997,32.79611328849535,32.572450583400816,32.367896641595486,32.139152188974734,32.139152188974734,32.139152188974734,32.139152188974734,32.139152188974734,32.139152188974734,32.155527776696886,32.282247136478354,32.62221962311369,33.0352783443508,33.09040554854777,33.2937514554273,33.40631634699903,33.63929935384659,33.660875741262565,33.660875741262565,33.660875741262565,33.660875741262565,33.660875741262565,33.68025471717826,33.92714082461216,33.974000653583424,33.974000653583424,33.974000653583424,33.974000653583424,33.974000653583424,33.974000653583424,33.974000653583424,33.975554707996714,,,,,,,,,,,,,,32.77474358974359,33.2233140951648,33.2233140951648,33.72254385964912,33.72254385964912,33.72254385964912,33.72254385964912,33.72254385964912,33.72254385964912,33.72254385964912,33.733451674088734,33.830165992422785,33.830864020861156,33.85320811021866,33.85320811021866,33.8495464689941,34.02264690982777,34.02264690982777,33.931577418578044,33.931577418578044,33.60720897694203,33.12348458485129,33.01737548695912,32.7001013587552,32.39473101424378,32.20416124881484,32.164267618163535,32.164267618163535,32.16963249081709,32.35267170130767,32.35267170130767,32.35267170130767,32.35175248118298,32.35922589336511,32.35922589336511,32.35880422146141,32.71914943118408,32.937228319237505,33.05864790785948,33.09040554854777,33.09040554854777,33.09040554854777,33.09040554854777,33.10026163165875,33.37276742847623,33.38392501491095,33.41153400862877,33.56961269505536,33.56961269505536,33.56961269505536,33.57525468100235,33.65440465152218,33.65440465152218,33.65440465152218,33.65440465152218,33.65440465152218,33.65440465152218,33.65440465152218,33.803258629978586,33.932823073593845,33.935096585764256,,,,33.60720897694203,33.12348458485129,32.39473101424378,33.37276742847623,,,33.2233140951648,33.0352783443508,33.627159867406064,33.39097240273115,33.70690359156164,"rgba(239, 83, 80, 0.5)",0.664985436404772,33.4334354759156,-0.6969107149491204,34.29453619271667,-21.30044956631714,False,True,False,True,True,0.0,33.9324,34.03075,0.0,0.0,0.0,0.0,0,0.8767334360554712,1.0647149460708771,False,False,False,False,-0.2671152283046102,-0.2705518484842393,False,False,False,False,-743.0,-468.84823884758464,False,False,False,False,65.99141573554647,False,False,False,False
2025-06-19 16:00:00+00:00,32.97,32.97,32.97,32.97,0.0,,,,,,,,,,,,33.496499514720156,33.54518332811031,33.69507451633805,33.69507451633805,33.77597694590276,33.830864020861156,33.830864020861156,33.83099211647276,34.06857895159994,33.80850989476992,33.462279947122234,33.462279947122234,33.462279947122234,33.462279947122234,33.45255316353346,33.06454457415997,32.79611328849535,32.572450583400816,32.367896641595486,32.139152188974734,32.139152188974734,32.139152188974734,32.139152188974734,32.139152188974734,32.139152188974734,32.155527776696886,32.282247136478354,32.62221962311369,33.0352783443508,33.09040554854777,33.2937514554273,33.40631634699903,33.63929935384659,33.660875741262565,33.660875741262565,33.660875741262565,33.660875741262565,33.660875741262565,33.68025471717826,33.92714082461216,33.974000653583424,33.974000653583424,33.974000653583424,33.974000653583424,33.974000653583424,33.974000653583424,33.974000653583424,33.975554707996714,,,,,,,,,,,,,,32.77474358974359,33.2233140951648,33.2233140951648,33.72254385964912,33.72254385964912,33.72254385964912,33.72254385964912,33.72254385964912,33.72254385964912,33.72254385964912,33.733451674088734,33.830165992422785,33.830864020861156,33.85320811021866,33.85320811021866,33.8495464689941,34.02264690982777,34.02264690982777,33.931577418578044,33.931577418578044,33.60720897694203,33.12348458485129,33.01737548695912,32.7001013587552,32.39473101424378,32.20416124881484,32.164267618163535,32.164267618163535,32.16963249081709,32.35267170130767,32.35267170130767,32.35267170130767,32.35175248118298,32.35922589336511,32.35922589336511,32.35880422146141,32.71914943118408,32.937228319237505,33.05864790785948,33.09040554854777,33.09040554854777,33.09040554854777,33.09040554854777,33.10026163165875,33.37276742847623,33.38392501491095,33.41153400862877,33.56961269505536,33.56961269505536,33.56961269505536,33.57525468100235,33.65440465152218,33.65440465152218,33.65440465152218,33.65440465152218,33.65440465152218,33.65440465152218,33.65440465152218,33.803258629978586,33.932823073593845,33.935096585764256,,,,33.60720897694203,33.12348458485129,32.39473101424378,33.37276742847623,,,33.2233140951648,33.0352783443508,33.627159867406064,33.39097240273115,33.70690359156164,"rgba(239, 83, 80, 0.5)",0.6752035528917562,33.4334354759156,-0.6863640955839242,35.198679836258094,-20.26084832926,False,True,False,True,True,0.0,33.899100000000004,34.0305,0.0,0.0,0.0,0.0,0,0.871067560598248,1.0660134089736963,False,False,False,False,-0.2671152283046102,-0.26883353839442475,False,False,False,False,-743.0,-473.09865374917246,False,False,False,False,64.96829301096435,False,False,False,False
2025-06-19 17:00:00+00:00,32.97,32.97,32.97,32.97,0.0,,,,,,,,,,,,33.496499514720156,33.54518332811031,33.69507451633805,33.69507451633805,33.77597694590276,33.830864020861156,33.830864020861156,33.83099211647276,34.06857895159994,33.80850989476992,33.462279947122234,33.462279947122234,33.462279947122234,33.462279947122234,33.45255316353346,33.06454457415997,32.79611328849535,32.572450583400816,32.367896641595486,32.139152188974734,32.139152188974734,32.139152188974734,32.139152188974734,32.139152188974734,32.139152188974734,32.155527776696886,32.282247136478354,32.62221962311369,33.0352783443508,33.09040554854777,33.2937514554273,33.40631634699903,33.63929935384659,33.660875741262565,33.660875741262565,33.660875741262565,33.660875741262565,33.660875741262565,33.68025471717826,33.92714082461216,33.974000653583424,33.974000653583424,33.974000653583424,33.974000653583424,33.974000653583424,33.974000653583424,33.974000653583424,33.975554707996714,,,,,,,,,,,,,,32.77474358974359,33.2233140951648,33.2233140951648,33.72254385964912,33.72254385964912,33.72254385964912,33.72254385964912,33.72254385964912,33.72254385964912,33.72254385964912,33.733451674088734,33.830165992422785,33.830864020861156,33.85320811021866,33.85320811021866,33.8495464689941,34.02264690982777,34.02264690982777,33.931577418578044,33.931577418578044,33.60720897694203,33.12348458485129,33.01737548695912,32.7001013587552,32.39473101424378,32.20416124881484,32.164267618163535,32.164267618163535,32.16963249081709,32.35267170130767,32.35267170130767,32.35267170130767,32.35175248118298,32.35922589336511,32.35922589336511,32.35880422146141,32.71914943118408,32.937228319237505,33.05864790785948,33.09040554854777,33.09040554854777,33.09040554854777,33.09040554854777,33.10026163165875,33.37276742847623,33.38392501491095,33.41153400862877,33.56961269505536,33.56961269505536,33.56961269505536,33.57525468100235,33.65440465152218,33.65440465152218,33.65440465152218,33.65440465152218,33.65440465152218,33.65440465152218,33.65440465152218,33.803258629978586,33.932823073593845,33.935096585764256,,,,33.60720897694203,33.12348458485129,32.39473101424378,33.37276742847623,,,33.2233140951648,33.0352783443508,33.627159867406064,33.39097240273115,33.70690359156164,"rgba(239, 83, 80, 0.5)",0.6849972052285922,33.4334354759156,-0.6765509003222112,35.801442265285715,-19.413288156664358,False,False,False,True,True,0.0,33.8658,34.030225,0.0,0.0,0.0,0.0,0,0.8927061310782256,1.067653276955601,False,False,False,False,-0.2671152283046102,-0.2679743833495175,False,False,False,False,-743.0,-477.2831707453093,False,False,False,False,63.961032654205205,False,False,False,False
2025-06-19 18:00:00+00:00,32.97,32.97,32.97,32.97,0.0,,,,,,,,,,,,33.496499514720156,33.54518332811031,33.69507451633805,33.69507451633805,33.77597694590276,33.830864020861156,33.830864020861156,33.83099211647276,34.06857895159994,33.80850989476992,33.462279947122234,33.462279947122234,33.462279947122234,33.462279947122234,33.45255316353346,33.06454457415997,32.79611328849535,32.572450583400816,32.367896641595486,32.139152188974734,32.139152188974734,32.139152188974734,32.139152188974734,32.139152188974734,32.139152188974734,32.155527776696886,32.282247136478354,32.62221962311369,33.0352783443508,33.09040554854777,33.2937514554273,33.40631634699903,33.63929935384659,33.660875741262565,33.660875741262565,33.660875741262565,33.660875741262565,33.660875741262565,33.68025471717826,33.92714082461216,33.974000653583424,33.974000653583424,33.974000653583424,33.974000653583424,33.974000653583424,33.974000653583424,33.974000653583424,33.975554707996714,,,,,,,,,,,,,,32.77474358974359,33.2233140951648,33.2233140951648,33.72254385964912,33.72254385964912,33.72254385964912,33.72254385964912,33.72254385964912,33.72254385964912,33.72254385964912,33.733451674088734,33.830165992422785,33.830864020861156,33.85320811021866,33.85320811021866,33.8495464689941,34.02264690982777,34.02264690982777,33.931577418578044,33.931577418578044,33.60720897694203,33.12348458485129,33.01737548695912,32.7001013587552,32.39473101424378,32.20416124881484,32.164267618163535,32.164267618163535,32.16963249081709,32.35267170130767,32.35267170130767,32.35267170130767,32.35175248118298,32.35922589336511,32.35922589336511,32.35880422146141,32.71914943118408,32.937228319237505,33.05864790785948,33.09040554854777,33.09040554854777,33.09040554854777,33.09040554854777,33.10026163165875,33.37276742847623,33.38392501491095,33.41153400862877,33.56961269505536,33.56961269505536,33.56961269505536,33.57525468100235,33.65440465152218,33.65440465152218,33.65440465152218,33.65440465152218,33.65440465152218,33.65440465152218,33.65440465152218,33.803258629978586,33.932823073593845,33.935096585764256,,,,33.60720897694203,33.12348458485129,32.39473101424378,33.37276742847623,,,33.2233140951648,33.0352783443508,33.627159867406064,33.39097240273115,33.70690359156164,"rgba(239, 83, 80, 0.5)",0.6937858017706529,33.4334354759156,-0.6679806285064364,36.20328388463746,-18.68637092648625,False,False,False,True,True,0.0,33.8325,34.02995,0.0,0.0,0.0,0.0,0,0.8921775898520097,1.0433403805496817,False,False,False,False,-0.2671152283046102,-0.26754480582706386,False,False,False,False,-743.0,-481.4028115089479,False,False,False,False,62.969388737085744,False,False,False,False
2025-06-19 19:00:00+00:00,32.97,32.97,32.97,32.97,0.0,,,,,,,,,,,,33.496499514720156,33.54518332811031,33.69507451633805,33.69507451633805,33.77597694590276,33.830864020861156,33.830864020861156,33.83099211647276,34.06857895159994,33.80850989476992,33.462279947122234,33.462279947122234,33.462279947122234,33.462279947122234,33.45255316353346,33.06454457415997,32.79611328849535,32.572450583400816,32.367896641595486,32.139152188974734,32.139152188974734,32.139152188974734,32.139152188974734,32.139152188974734,32.139152188974734,32.155527776696886,32.282247136478354,32.62221962311369,33.0352783443508,33.09040554854777,33.2937514554273,33.40631634699903,33.63929935384659,33.660875741262565,33.660875741262565,33.660875741262565,33.660875741262565,33.660875741262565,33.68025471717826,33.92714082461216,33.974000653583424,33.974000653583424,33.974000653583424,33.974000653583424,33.974000653583424,33.974000653583424,33.974000653583424,33.975554707996714,,,,,,,,,,,,,,32.77474358974359,33.2233140951648,33.2233140951648,33.72254385964912,33.72254385964912,33.72254385964912,33.72254385964912,33.72254385964912,33.72254385964912,33.72254385964912,33.733451674088734,33.830165992422785,33.830864020861156,33.85320811021866,33.85320811021866,33.8495464689941,34.02264690982777,34.02264690982777,33.931577418578044,33.931577418578044,33.60720897694203,33.12348458485129,33.01737548695912,32.7001013587552,32.39473101424378,32.20416124881484,32.164267618163535,32.164267618163535,32.16963249081709,32.35267170130767,32.35267170130767,32.35267170130767,32.35175248118298,32.35922589336511,32.35922589336511,32.35880422146141,32.71914943118408,32.937228319237505,33.05864790785948,33.09040554854777,33.09040554854777,33.09040554854777,33.09040554854777,33.10026163165875,33.37276742847623,33.38392501491095,33.41153400862877,33.56961269505536,33.56961269505536,33.56961269505536,33.57525468100235,33.65440465152218,33.65440465152218,33.65440465152218,33.65440465152218,33.65440465152218,33.65440465152218,33.65440465152218,33.803258629978586,33.932823073593845,33.935096585764256,,,,33.60720897694203,33.12348458485129,32.39473101424378,33.37276742847623,,,33.2233140951648,33.0352783443508,33.627159867406064,33.39097240273115,33.70690359156164,"rgba(239, 83, 80, 0.5)",0.7019989989981477,33.4334354759156,-0.6601654369550253,36.47117829753862,-18.041631371501385,False,False,False,True,True,0.0,33.7992,34.029675000000005,0.0,0.0,0.0,0.0,0,0.8921775898520097,1.0433403805496817,False,False,False,False,-0.2671152283046102,-0.26733001706583703,False,False,False,False,-743.0,-485.4585818731502,False,False,False,False,61.99311914426271,False,False,False,False
2025-06-20 14:00:00+00:00,32.97,32.97,32.91,32.91,200.0,,,,,,,,,32.93,32.93,32.93,33.46207231844424,33.50890002948983,33.654818030342895,33.654818030342895,33.73904278541803,33.79775010721068,33.79775010721068,33.79788566354339,34.041763620662586,33.7949253904438,33.45586307012257,33.45586307012257,33.45586307012257,33.45586307012257,33.446291292190935,33.063125252738374,32.79739652721203,32.5756392877315,32.372633534178846,32.14530688613046,32.14530688613046,32.14530688613046,32.14530688613046,32.14530688613046,32.14530688613046,32.16150848810121,32.28692878481257,32.623934468093005,33.03476344769685,33.089631091476754,33.292076300782114,33.40417891359465,33.63630993523552,33.657814738032414,33.657814738032414,33.657814738032414,33.657814738032414,33.657814738032414,33.677132363651495,33.92359190186378,33.97039013101393,33.97039013101393,33.97039013101393,33.97039013101393,33.97039013101393,33.97039013101393,33.97039013101393,33.971941996936295,,,,,,,,,,,,,,32.79544444444445,33.20235560319161,33.20235560319161,33.68234381604531,33.68234381604531,33.68234381604531,33.68234381604531,33.68234381604531,33.68234381604531,33.68234381604531,33.69557087851642,33.79677085265566,33.79775010721068,33.82331147452505,33.82331147452505,33.821134713424996,33.99565464426878,33.99565464426878,33.91380950269055,33.91380950269055,33.59823337751271,33.12140309827336,33.01646914924884,32.70224054774975,32.39928940458448,32.2100124277845,32.17014565901589,32.17014565901589,32.17544703168412,32.356504459049766,32.356504459049766,32.356504459049766,32.355578640905186,32.362878496997624,32.362878496997624,32.36243628058797,32.720281940416086,32.937192112469134,33.05802223411068,33.089631091476754,33.089631091476754,33.089631091476754,33.089631091476754,33.09944156792858,33.37076477151084,33.38187804859717,33.40937587301587,33.56686362366493,33.56686362366493,33.56686362366493,33.57248600115852,33.65136438354248,33.65136438354248,33.65136438354248,33.65136438354248,33.65136438354248,33.65136438354248,33.65136438354248,33.79982964882659,33.92926841299943,33.93154016948853,,,,33.59823337751271,33.12140309827336,32.39928940458448,33.37076477151084,,,33.20235560319161,33.03476344769685,33.46392776441773,33.45849957178703,33.677667007896076,#000000,0.7108874164864106,33.132476296060744,-0.31295573799905724,34.47824221570028,-18.041631371501385,False,False,False,True,False,0.0,33.764700000000005,34.0291,0.0,0.0,0.0,0.0,0,0.8865546218487405,1.0430672268907553,False,False,False,False,-0.276305394519924,-0.2718177057928805,False,False,False,False,-943.0,-492.55224727046567,False,False,False,False,64.13276070791756,False,False,False,False
2025-06-20 15:00:00+00:00,32.91,32.91,32.91,32.91,0.0,,,,,,,,,32.93,32.93,32.93,33.46207231844424,33.50890002948983,33.654818030342895,33.654818030342895,33.73904278541803,33.79775010721068,33.79775010721068,33.79788566354339,34.041763620662586,33.7949253904438,33.45586307012257,33.45586307012257,33.45586307012257,33.45586307012257,33.446291292190935,33.063125252738374,32.79739652721203,32.5756392877315,32.372633534178846,32.14530688613046,32.14530688613046,32.14530688613046,32.14530688613046,32.14530688613046,32.14530688613046,32.16150848810121,32.28692878481257,32.623934468093005,33.03476344769685,33.089631091476754,33.292076300782114,33.40417891359465,33.63630993523552,33.657814738032414,33.657814738032414,33.657814738032414,33.657814738032414,33.657814738032414,33.677132363651495,33.92359190186378,33.97039013101393,33.97039013101393,33.97039013101393,33.97039013101393,33.97039013101393,33.97039013101393,33.97039013101393,33.971941996936295,,,,,,,,,,,,,,32.79544444444445,33.20235560319161,33.20235560319161,33.68234381604531,33.68234381604531,33.68234381604531,33.68234381604531,33.68234381604531,33.68234381604531,33.68234381604531,33.69557087851642,33.79677085265566,33.79775010721068,33.82331147452505,33.82331147452505,33.821134713424996,33.99565464426878,33.99565464426878,33.91380950269055,33.91380950269055,33.59823337751271,33.12140309827336,33.01646914924884,32.70224054774975,32.39928940458448,32.2100124277845,32.17014565901589,32.17014565901589,32.17544703168412,32.356504459049766,32.356504459049766,32.356504459049766,32.355578640905186,32.362878496997624,32.362878496997624,32.36243628058797,32.720281940416086,32.937192112469134,33.05802223411068,33.089631091476754,33.089631091476754,33.089631091476754,33.089631091476754,33.09944156792858,33.37076477151084,33.38187804859717,33.40937587301587,33.56686362366493,33.56686362366493,33.56686362366493,33.57248600115852,33.65136438354248,33.65136438354248,33.65136438354248,33.65136438354248,33.65136438354248,33.65136438354248,33.65136438354248,33.79982964882659,33.92926841299943,33.93154016948853,,,,33.59823337751271,33.12140309827336,32.39928940458448,33.37076477151084,,,33.20235560319161,33.03476344769685,33.46392776441773,33.45849957178703,33.677667007896076,#000000,0.7188994654617873,33.132476296060744,-0.3094678835486955,33.149618161141376,-18.041631371501385,False,False,False,True,False,0.0,33.730199999999996,34.0296,0.0,0.0,0.0,0.0,0,0.9499155880697814,1.0528981429375341,False,False,False,False,-0.28554130910754677,-0.27867950745021364,False,False,False,False,-943.0,-499.5359333592956,False,False,False,False,63.13845434035294,False,False,False,False
2025-06-20 16:00:00+00:00,32.91,32.91,32.57,32.62,200.0,,,,,,,,,32.815,32.815,32.815,33.41841306215984,33.463848510164304,33.60708906106806,33.60708906106806,33.6955772850868,33.758829699225906,33.758829699225906,33.75897424537775,34.01089009050468,33.778252246078885,33.44685934087751,33.44685934087751,33.44685934087751,33.44685934087751,33.43745421353859,33.05933460340659,32.79647189126755,32.57673856035828,32.37536922519812,32.14959039602559,32.14959039602559,32.14959039602559,32.14959039602559,32.14959039602559,32.14959039602559,32.165635017944496,32.28989284347493,32.62435593048167,33.03313415099085,33.08775894515984,33.28936215972556,33.40103308092653,33.6323803178467,33.65382001501439,33.65382001501439,33.65382001501439,33.65382001501439,33.65382001501439,33.673082661582775,33.91925246184582,33.966011815523885,33.966011815523885,33.966011815523885,33.966011815523885,33.966011815523885,33.966011815523885,33.966011815523885,33.96756218220217,,,,,,,,,,,,,32.7,32.784215686274514,33.168854062465265,33.168854062465265,33.63492195671414,33.63492195671414,33.63492195671414,33.63492195671414,33.63492195671414,33.63492195671414,33.63492195671414,33.65074553504427,33.7575374113158,33.758829699225906,33.788075857381855,33.788075857381855,33.78753259403567,33.964418997107046,33.964418997107046,33.89265193771425,33.89265193771425,33.58648408545892,33.1169179394391,33.01322014612529,32.70221989182877,32.40182865385968,32.21393076102892,32.174182029405046,32.174182029405046,32.17942785408919,32.35876981248214,32.35876981248214,32.35876981248214,32.35784263458884,32.3650221494505,32.3650221494505,32.36456918248929,32.72017358514086,32.93600993487509,33.056289435262045,33.08775894515984,33.08775894515984,33.08775894515984,33.08775894515984,33.097526883008975,33.36774453299713,33.37881693639499,33.406210782673355,33.56315376714527,33.56315376714527,33.56315376714527,33.56875830467198,33.647388271269556,33.647388271269556,33.647388271269556,33.647388271269556,33.647388271269556,33.647388271269556,33.647388271269556,33.795527894030066,33.92492647275253,33.92719787387832,,,32.7,33.58648408545892,33.1169179394391,32.40182865385968,33.36774453299713,,,33.168854062465265,33.03313415099085,33.357707001139765,33.41917455158414,33.58093321972588,"rgba(239, 83, 80, 0.5)",0.7331470668436317,33.00869451401796,-0.5301726373828153,26.99375103499115,-18.561612305666323,False,True,False,True,False,0.0,33.689899999999994,34.027525,1.0,32.91,32.57,0.0,0,0.9145205479452061,0.9819178082191774,False,False,False,False,-0.33883857606149875,-0.3087590417558562,False,False,False,False,-1143.0,-509.5121204389964,True,False,False,False,65.26033876918468,True,False,False,False
2025-06-20 17:00:00+00:00,32.62,32.62,32.62,32.62,0.0,,,,,,,,,32.815,32.815,32.815,33.41841306215984,33.463848510164304,33.60708906106806,33.60708906106806,33.6955772850868,33.758829699225906,33.758829699225906,33.75897424537775,34.01089009050468,33.778252246078885,33.44685934087751,33.44685934087751,33.44685934087751,33.44685934087751,33.43745421353859,33.05933460340659,32.79647189126755,32.57673856035828,32.37536922519812,32.14959039602559,32.14959039602559,32.14959039602559,32.14959039602559,32.14959039602559,32.14959039602559,32.165635017944496,32.28989284347493,32.62435593048167,33.03313415099085,33.08775894515984,33.28936215972556,33.40103308092653,33.6323803178467,33.65382001501439,33.65382001501439,33.65382001501439,33.65382001501439,33.65382001501439,33.673082661582775,33.91925246184582,33.966011815523885,33.966011815523885,33.966011815523885,33.966011815523885,33.966011815523885,33.966011815523885,33.966011815523885,33.96756218220217,,,,,,,,,,,,,32.7,32.784215686274514,33.168854062465265,33.168854062465265,33.63492195671414,33.63492195671414,33.63492195671414,33.63492195671414,33.63492195671414,33.63492195671414,33.63492195671414,33.65074553504427,33.7575374113158,33.758829699225906,33.788075857381855,33.788075857381855,33.78753259403567,33.964418997107046,33.964418997107046,33.89265193771425,33.89265193771425,33.58648408545892,33.1169179394391,33.01322014612529,32.70221989182877,32.40182865385968,32.21393076102892,32.174182029405046,32.174182029405046,32.17942785408919,32.35876981248214,32.35876981248214,32.35876981248214,32.35784263458884,32.3650221494505,32.3650221494505,32.36456918248929,32.72017358514086,32.93600993487509,33.056289435262045,33.08775894515984,33.08775894515984,33.08775894515984,33.08775894515984,33.097526883008975,33.36774453299713,33.37881693639499,33.406210782673355,33.56315376714527,33.56315376714527,33.56315376714527,33.56875830467198,33.647388271269556,33.647388271269556,33.647388271269556,33.647388271269556,33.647388271269556,33.647388271269556,33.647388271269556,33.795527894030066,33.92492647275253,33.92719787387832,,,32.7,33.58648408545892,33.1169179394391,32.40182865385968,33.36774453299713,,,33.168854062465265,33.03313415099085,33.357707001139765,33.41917455158414,33.58093321972588,"rgba(239, 83, 80, 0.5)",0.745922411007364,33.00869451401796,-0.5210924196432625,22.88983961755767,-22.21831552432128,False,True,False,True,False,0.0,33.64959999999999,34.02545,0.0,0.0,0.0,0.0,0,0.9194520547945214,1.0136986301369855,False,False,False,False,-0.34282825441539394,-0.32579364808562505,False,False,False,False,-1143.0,-519.33363795157,True,False,False,False,64.24855057121283,True,False,False,False
2025-06-20 18:00:00+00:00,32.62,32.62,32.62,32.62,0.0,,,,,,,,,32.815,32.815,32.815,33.41841306215984,33.463848510164304,33.60708906106806,33.60708906106806,33.6955772850868,33.758829699225906,33.758829699225906,33.75897424537775,34.01089009050468,33.778252246078885,33.44685934087751,33.44685934087751,33.44685934087751,33.44685934087751,33.43745421353859,33.05933460340659,32.79647189126755,32.57673856035828,32.37536922519812,32.14959039602559,32.14959039602559,32.14959039602559,32.14959039602559,32.14959039602559,32.14959039602559,32.165635017944496,32.28989284347493,32.62435593048167,33.03313415099085,33.08775894515984,33.28936215972556,33.40103308092653,33.6323803178467,33.65382001501439,33.65382001501439,33.65382001501439,33.65382001501439,33.65382001501439,33.673082661582775,33.91925246184582,33.966011815523885,33.966011815523885,33.966011815523885,33.966011815523885,33.966011815523885,33.966011815523885,33.966011815523885,33.96756218220217,,,,,,,,,,,,,32.7,32.784215686274514,33.168854062465265,33.168854062465265,33.63492195671414,33.63492195671414,33.63492195671414,33.63492195671414,33.63492195671414,33.63492195671414,33.63492195671414,33.65074553504427,33.7575374113158,33.758829699225906,33.788075857381855,33.788075857381855,33.78753259403567,33.964418997107046,33.964418997107046,33.89265193771425,33.89265193771425,33.58648408545892,33.1169179394391,33.01322014612529,32.70221989182877,32.40182865385968,32.21393076102892,32.174182029405046,32.174182029405046,32.17942785408919,32.35876981248214,32.35876981248214,32.35876981248214,32.35784263458884,32.3650221494505,32.3650221494505,32.36456918248929,32.72017358514086,32.93600993487509,33.056289435262045,33.08775894515984,33.08775894515984,33.08775894515984,33.08775894515984,33.097526883008975,33.36774453299713,33.37881693639499,33.406210782673355,33.56315376714527,33.56315376714527,33.56315376714527,33.56875830467198,33.647388271269556,33.647388271269556,33.647388271269556,33.647388271269556,33.647388271269556,33.647388271269556,33.647388271269556,33.795527894030066,33.92492647275253,33.92719787387832,,,32.7,33.58648408545892,33.1169179394391,32.40182865385968,33.36774453299713,,,33.168854062465265,33.03313415099085,33.357707001139765,33.41917455158414,33.58093321972588,"rgba(239, 83, 80, 0.5)",0.7578704160787384,33.00869451401796,-0.5128772752855156,20.15389867260201,-24.59012292188796,False,True,False,True,False,0.0,33.6093,34.02455,0.0,0.0,0.0,0.0,0,0.9194520547945214,1.0136986301369855,False,False,False,False,-0.34282825441539394,-0.33431095125050947,False,False,False,False,-1143.0,-529.0028838748015,True,False,False,False,63.25244901196922,True,False,False,False
2025-06-20 19:00:00+00:00,32.62,32.72,32.615,32.685,574.0,,,,,,,,,32.731512662559894,32.731512662559894,32.731512662559894,33.313203772037724,33.35490356142457,33.48993588342441,33.48993588342441,33.58600342359166,33.658576293912574,33.658576293912574,33.658739745858135,33.92803259227283,33.731985580196486,33.42128896951547,33.42128896951547,33.42128896951547,33.42128896951547,33.4123393838754,33.048106471393105,32.793205797637206,32.57912844827585,32.38234810462316,32.160946435991384,32.160946435991384,32.160946435991384,32.160946435991384,32.160946435991384,32.160946435991384,32.176560629350526,32.29763012960228,32.625122579765474,33.028177574579416,33.08212170403021,33.281362690315135,33.39182108226922,33.620965932653235,33.64222260001099,33.64222260001099,33.64222260001099,33.64222260001099,33.64222260001099,33.66133078031032,33.906698789963954,33.95335082330859,33.95335082330859,33.95335082330859,33.95335082330859,33.95335082330859,33.95335082330859,33.95335082330859,33.954897026732134,,,,,,,,,,,,,32.68022394487511,32.75622691292876,33.08924899710794,33.08924899710794,33.51790862836549,33.51790862836549,33.51790862836549,33.51790862836549,33.51790862836549,33.51790862836549,33.51790862836549,33.538896531100484,33.65659124087591,33.658576293912574,33.69600935251799,33.69600935251799,33.69928223172807,33.88086959789554,33.88086959789554,33.83456023129703,33.83456023129703,33.553443961169954,33.10376960151476,33.00349214659687,32.701475285911016,32.408252813388835,32.22423787002293,32.1848616495204,32.1848616495204,32.18995599376114,32.36461316073355,32.36461316073355,32.36461316073355,32.36368430107527,32.3705478190277,32.3705478190277,32.370068627755195,32.71946623695519,32.93230553781143,33.051042835206985,33.08212170403021,33.08212170403021,33.08212170403021,33.08212170403021,33.091770414676816,33.35888535739687,33.369843028624196,33.39694468306938,33.55235712121532,33.55235712121532,33.55235712121532,33.55791154022018,33.635843141708655,33.635843141708655,33.635843141708655,33.635843141708655,33.635843141708655,33.635843141708655,33.635843141708655,33.78307064026199,33.91236612060073,33.914636688366464,,,32.68022394487511,33.553443961169954,33.10376960151476,32.408252813388835,33.35888535739687,,,33.08924899710794,33.028177574579416,33.26038631466306,33.35016192743514,33.489098684015964,#000000,0.7677121035086415,32.93026928124764,-0.3194808055346445,22.36770240276296,-24.59012292188796,False,True,False,True,True,0.0,33.570299999999996,34.024125,0.0,0.0,0.0,0.0,0,0.9198266522210197,1.0027085590465863,False,False,False,False,-0.32838865058547345,-0.3313498009179915,False,False,False,False,-569.0,-529.622994202324,False,False,False,False,71.17101569395419,False,False,False,False
2025-06-23 14:00:00+00:00,32.685,33.38,32.685,33.21,400.0,,,,,,,,,32.83636098981077,32.83636098981077,32.83636098981077,33.29335722284434,33.33183789704272,33.457914237855945,33.457914237855945,33.55164465682016,33.62429604434366,33.62429604434366,33.62445997682737,33.893421960135186,33.71383080521691,33.413866715454475,33.413866715454475,33.413866715454475,33.413866715454475,33.40515907224959,33.04897192006491,32.79862226456755,32.587815536723156,32.39373957789643,32.174800047135285,32.174800047135285,32.174800047135285,32.174800047135285,32.174800047135285,32.174800047135285,32.19008120021177,32.308640828306636,32.63015677546983,33.02878126956206,33.08221133230042,33.27966149511617,33.389196379773956,33.61661206849278,33.637721652223675,33.637721652223675,33.637721652223675,33.637721652223675,33.637721652223675,33.65670228108306,33.901015955468786,33.94750939185944,33.94750939185944,33.94750939185944,33.94750939185944,33.94750939185944,33.94750939185944,33.94750939185944,33.94905016707306,,,,,,,,,,,,,32.82040885860307,32.80640488656196,33.089492407081124,33.089492407081124,33.48458895185981,33.48458895185981,33.48458895185981,33.48458895185981,33.48458895185981,33.48458895185981,33.48458895185981,33.505866260462824,33.62217085554709,33.62429604434366,33.66311995464853,33.66311995464853,33.66749901922322,33.846815533980596,33.846815533980596,33.810688330119966,33.810688330119966,33.54208691998689,33.10352466481154,33.00521641000571,32.70836061114051,32.41933864579531,32.23759114583333,32.19818330395181,32.19818330395181,32.203154334992185,32.37390457933972,32.37390457933972,32.37390457933972,32.37295796178344,32.3794431081095,32.3794431081095,32.37891526445378,32.723342315369266,32.93385642223414,33.051427012160055,33.08221133230042,33.08221133230042,33.08221133230042,33.08221133230042,33.09176944275298,33.35653059276231,33.36739886509244,33.394278441305126,33.548494455740254,33.548494455740254,33.548494455740254,33.55400868473371,33.63138523661288,33.63138523661288,33.63138523661288,33.63138523661288,33.63138523661288,33.63138523661288,33.63138523661288,33.77776317136205,33.906666521983205,33.90893122692688,,,32.82040885860307,33.54208691998689,33.10352466481154,32.41933864579531,33.35653059276231,,,33.089492407081124,33.02878126956206,33.26527693523301,33.349513808570904,33.472415635465055,#000000,0.7691614832966966,32.98315483211114,0.2949252826813192,37.58985061484136,-19.368802207055534,True,False,False,True,True,0.0,33.541799999999995,34.026325,0.0,0.0,0.0,0.0,0,0.9324937027707821,0.9360201511335,False,False,False,False,-0.2212739607644632,-0.2763118808412274,False,False,False,False,-169.0,-524.0319400286445,False,False,False,False,76.26913948164481,False,False,False,False
2025-06-23 15:00:00+00:00,33.21,33.21,33.21,33.21,0.0,,,,,,,,,32.83636098981077,32.83636098981077,32.83636098981077,33.29335722284434,33.33183789704272,33.457914237855945,33.457914237855945,33.55164465682016,33.62429604434366,33.62429604434366,33.62445997682737,33.893421960135186,33.71383080521691,33.413866715454475,33.413866715454475,33.413866715454475,33.413866715454475,33.40515907224959,33.04897192006491,32.79862226456755,32.587815536723156,32.39373957789643,32.174800047135285,32.174800047135285,32.174800047135285,32.174800047135285,32.174800047135285,32.174800047135285,32.19008120021177,32.308640828306636,32.63015677546983,33.02878126956206,33.08221133230042,33.27966149511617,33.389196379773956,33.61661206849278,33.637721652223675,33.637721652223675,33.637721652223675,33.637721652223675,33.637721652223675,33.65670228108306,33.901015955468786,33.94750939185944,33.94750939185944,33.94750939185944,33.94750939185944,33.94750939185944,33.94750939185944,33.94750939185944,33.94905016707306,,,,,,,,,,,,,32.82040885860307,32.80640488656196,33.089492407081124,33.089492407081124,33.48458895185981,33.48458895185981,33.48458895185981,33.48458895185981,33.48458895185981,33.48458895185981,33.48458895185981,33.505866260462824,33.62217085554709,33.62429604434366,33.66311995464853,33.66311995464853,33.66749901922322,33.846815533980596,33.846815533980596,33.810688330119966,33.810688330119966,33.54208691998689,33.10352466481154,33.00521641000571,32.70836061114051,32.41933864579531,32.23759114583333,32.19818330395181,32.19818330395181,32.203154334992185,32.37390457933972,32.37390457933972,32.37390457933972,32.37295796178344,32.3794431081095,32.3794431081095,32.37891526445378,32.723342315369266,32.93385642223414,33.051427012160055,33.08221133230042,33.08221133230042,33.08221133230042,33.08221133230042,33.09176944275298,33.35653059276231,33.36739886509244,33.394278441305126,33.548494455740254,33.548494455740254,33.548494455740254,33.55400868473371,33.63138523661288,33.63138523661288,33.63138523661288,33.63138523661288,33.63138523661288,33.63138523661288,33.63138523661288,33.77776317136205,33.906666521983205,33.90893122692688,,,32.82040885860307,33.54208691998689,33.10352466481154,32.41933864579531,33.35653059276231,,,33.089492407081124,33.02878126956206,33.26527693523301,33.349513808570904,33.472415635465055,#000000,0.769446097720355,32.98315483211114,0.2948161912328066,47.73794942289362,-10.890599300860444,True,False,False,False,True,0.0,33.5065,34.028,0.0,0.0,0.0,0.0,0,0.9852342158859482,0.963340122199592,False,False,False,False,-0.17107222966859284,-0.2236920552549101,False,False,False,False,-169.0,-518.5275688654096,False,False,False,False,75.08667220285962,False,False,False,False
2025-06-23 16:00:00+00:00,33.21,33.21,33.21,33.21,0.0,,,,,,,,,32.83636098981077,32.83636098981077,32.83636098981077,33.29335722284434,33.33183789704272,33.457914237855945,33.457914237855945,33.55164465682016,33.62429604434366,33.62429604434366,33.62445997682737,33.893421960135186,33.71383080521691,33.413866715454475,33.413866715454475,33.413866715454475,33.413866715454475,33.40515907224959,33.04897192006491,32.79862226456755,32.587815536723156,32.39373957789643,32.174800047135285,32.174800047135285,32.174800047135285,32.174800047135285,32.174800047135285,32.174800047135285,32.19008120021177,32.308640828306636,32.63015677546983,33.02878126956206,33.08221133230042,33.27966149511617,33.389196379773956,33.61661206849278,33.637721652223675,33.637721652223675,33.637721652223675,33.637721652223675,33.637721652223675,33.65670228108306,33.901015955468786,33.94750939185944,33.94750939185944,33.94750939185944,33.94750939185944,33.94750939185944,33.94750939185944,33.94750939185944,33.94905016707306,,,,,,,,,,,,,32.82040885860307,32.80640488656196,33.089492407081124,33.089492407081124,33.48458895185981,33.48458895185981,33.48458895185981,33.48458895185981,33.48458895185981,33.48458895185981,33.48458895185981,33.505866260462824,33.62217085554709,33.62429604434366,33.66311995464853,33.66311995464853,33.66749901922322,33.846815533980596,33.846815533980596,33.810688330119966,33.810688330119966,33.54208691998689,33.10352466481154,33.00521641000571,32.70836061114051,32.41933864579531,32.23759114583333,32.19818330395181,32.19818330395181,32.203154334992185,32.37390457933972,32.37390457933972,32.37390457933972,32.37295796178344,32.3794431081095,32.3794431081095,32.37891526445378,32.723342315369266,32.93385642223414,33.051427012160055,33.08221133230042,33.08221133230042,33.08221133230042,33.08221133230042,33.09176944275298,33.35653059276231,33.36739886509244,33.394278441305126,33.548494455740254,33.548494455740254,33.548494455740254,33.55400868473371,33.63138523661288,33.63138523661288,33.63138523661288,33.63138523661288,33.63138523661288,33.63138523661288,33.63138523661288,33.77776317136205,33.906666521983205,33.90893122692688,,,32.82040885860307,33.54208691998689,33.10352466481154,32.41933864579531,33.35653059276231,,,33.089492407081124,33.02878126956206,33.26527693523301,33.349513808570904,33.472415635465055,#000000,0.7689699029945802,32.98315483211114,0.2949987600365938,54.5033486282618,-5.525331444267522,True,False,True,False,True,0.0,33.4698,34.029675,0.0,0.0,0.0,0.0,0,0.9745417515274956,0.963340122199592,False,False,False,False,-0.17107222966859284,-0.19738214246175145,False,False,False,False,-169.0,-513.1085367899769,False,False,False,False,73.92253775010211,False,False,False,False
2025-06-23 17:00:00+00:00,33.21,33.21,32.95,32.95,200.0,,,,,,,,,32.861812791190175,32.861812791190175,32.861812791190175,33.28235226866738,33.319448758307104,33.441634138486314,33.441634138486314,33.53434900643717,33.60705086818293,33.60705086818293,33.60721505060877,33.876054125278735,33.704365273506674,33.409667204779936,33.409667204779936,33.409667204779936,33.409667204779936,33.40107921833481,33.04885088280137,32.8007628553872,32.591587394957976,32.3988610746007,32.18116702988217,32.18116702988217,32.18116702988217,32.18116702988217,32.18116702988217,32.18116702988217,32.19628943155013,32.31365374463495,32.632338207673726,33.02881858187239,33.08199849681449,33.27857676941276,33.387661740272364,33.614236606045715,33.63527475845411,33.63527475845411,33.63527475845411,33.63527475845411,33.63527475845411,33.65419358971766,33.898013074393184,33.94443248036483,33.94443248036483,33.94443248036483,33.94443248036483,33.94443248036483,33.94443248036483,33.94443248036483,33.94597070338869,,,,,,,,,,,,,32.851887433284816,32.82242867084204,33.08696061985781,33.08696061985781,33.467740267067896,33.467740267067896,33.467740267067896,33.467740267067896,33.467740267067896,33.467740267067896,33.467740267067896,33.48915687321937,33.604861049519585,33.60705086818293,33.64652516556292,33.64652516556292,33.651420712798945,33.82970573741641,33.82970573741641,33.79844889837655,33.79844889837655,33.53594721817299,33.10285491276401,33.0055209392399,32.711231925252164,32.42430528178929,32.243694686322435,32.2042973725147,32.2042973725147,32.20921007701249,32.37811259259259,32.37811259259259,32.37811259259259,32.37715864978903,32.3834718178196,32.3834718178196,32.38292264497721,32.72496533713201,32.934354268558444,33.05135754680723,33.08199849681449,33.08199849681449,33.08199849681449,33.08199849681449,33.09151254137722,33.35512743463765,33.36595225077456,33.39272357370088,33.54635769998817,33.54635769998817,33.54635769998817,33.55185241915877,33.62895920018493,33.62895920018493,33.62895920018493,33.62895920018493,33.62895920018493,33.62895920018493,33.62895920018493,33.77492958374755,33.903655985604786,33.905918067142224,,,32.851887433284816,33.53594721817299,33.10285491276401,32.42430528178929,33.35512743463765,,,33.08696061985781,33.02881858187239,33.260821638524604,33.3447977322679,33.46129097106869,#000000,0.7737574927956676,32.994430556211256,-0.05742181061241934,52.56631689856134,-5.525331444267522,True,False,True,False,True,0.0,33.4276,34.030049999999996,0.0,0.0,0.0,0.0,0,0.9494047619047628,0.9642857142857136,False,False,False,False,-0.2077419104886093,-0.20256202647518037,False,False,False,False,-369.0,-510.87429590951217,False,False,False,False,75.87722708730983,False,False,False,False
2025-06-23 18:00:00+00:00,32.95,32.95,32.95,32.95,0.0,,,,,,,,,32.861812791190175,32.861812791190175,32.861812791190175,33.28235226866738,33.319448758307104,33.441634138486314,33.441634138486314,33.53434900643717,33.60705086818293,33.60705086818293,33.60721505060877,33.876054125278735,33.704365273506674,33.409667204779936,33.409667204779936,33.409667204779936,33.409667204779936,33.40107921833481,33.04885088280137,32.8007628553872,32.591587394957976,32.3988610746007,32.18116702988217,32.18116702988217,32.18116702988217,32.18116702988217,32.18116702988217,32.18116702988217,32.19628943155013,32.31365374463495,32.632338207673726,33.02881858187239,33.08199849681449,33.27857676941276,33.387661740272364,33.614236606045715,33.63527475845411,33.63527475845411,33.63527475845411,33.63527475845411,33.63527475845411,33.65419358971766,33.898013074393184,33.94443248036483,33.94443248036483,33.94443248036483,33.94443248036483,33.94443248036483,33.94443248036483,33.94443248036483,33.94597070338869,,,,,,,,,,,,,32.851887433284816,32.82242867084204,33.08696061985781,33.08696061985781,33.467740267067896,33.467740267067896,33.467740267067896,33.467740267067896,33.467740267067896,33.467740267067896,33.467740267067896,33.48915687321937,33.604861049519585,33.60705086818293,33.64652516556292,33.64652516556292,33.651420712798945,33.82970573741641,33.82970573741641,33.79844889837655,33.79844889837655,33.53594721817299,33.10285491276401,33.0055209392399,32.711231925252164,32.42430528178929,32.243694686322435,32.2042973725147,32.2042973725147,32.20921007701249,32.37811259259259,32.37811259259259,32.37811259259259,32.37715864978903,32.3834718178196,32.3834718178196,32.38292264497721,32.72496533713201,32.934354268558444,33.05135754680723,33.08199849681449,33.08199849681449,33.08199849681449,33.08199849681449,33.09151254137722,33.35512743463765,33.36595225077456,33.39272357370088,33.54635769998817,33.54635769998817,33.54635769998817,33.55185241915877,33.62895920018493,33.62895920018493,33.62895920018493,33.62895920018493,33.62895920018493,33.62895920018493,33.62895920018493,33.77492958374755,33.903655985604786,33.905918067142224,,,32.851887433284816,33.53594721817299,33.10285491276401,32.42430528178929,33.35512743463765,,,33.08696061985781,33.02881858187239,33.260821638524604,33.3447977322679,33.46129097106869,#000000,0.7782252678802875,32.994430556211256,-0.057092153191417444,51.27496241209437,-5.525331444267522,True,False,True,False,False,0.0,33.3877,34.028600000000004,0.0,0.0,0.0,0.0,0,0.9494047619047628,0.9900793650793642,False,False,False,False,-0.24497103486511798,-0.22376653067014918,False,False,False,False,-369.0,-508.674694422543,False,False,False,False,74.70083596967712,False,False,False,False
2025-06-23 19:00:00+00:00,32.95,32.95,32.95,32.95,0.0,,,,,,,,,32.861812791190175,32.861812791190175,32.861812791190175,33.28235226866738,33.319448758307104,33.441634138486314,33.441634138486314,33.53434900643717,33.60705086818293,33.60705086818293,33.60721505060877,33.876054125278735,33.704365273506674,33.409667204779936,33.409667204779936,33.409667204779936,33.409667204779936,33.40107921833481,33.04885088280137,32.8007628553872,32.591587394957976,32.3988610746007,32.18116702988217,32.18116702988217,32.18116702988217,32.18116702988217,32.18116702988217,32.18116702988217,32.19628943155013,32.31365374463495,32.632338207673726,33.02881858187239,33.08199849681449,33.27857676941276,33.387661740272364,33.614236606045715,33.63527475845411,33.63527475845411,33.63527475845411,33.63527475845411,33.63527475845411,33.65419358971766,33.898013074393184,33.94443248036483,33.94443248036483,33.94443248036483,33.94443248036483,33.94443248036483,33.94443248036483,33.94443248036483,33.94597070338869,,,,,,,,,,,,,32.851887433284816,32.82242867084204,33.08696061985781,33.08696061985781,33.467740267067896,33.467740267067896,33.467740267067896,33.467740267067896,33.467740267067896,33.467740267067896,33.467740267067896,33.48915687321937,33.604861049519585,33.60705086818293,33.64652516556292,33.64652516556292,33.651420712798945,33.82970573741641,33.82970573741641,33.79844889837655,33.79844889837655,33.53594721817299,33.10285491276401,33.0055209392399,32.711231925252164,32.42430528178929,32.243694686322435,32.2042973725147,32.2042973725147,32.20921007701249,32.37811259259259,32.37811259259259,32.37811259259259,32.37715864978903,32.3834718178196,32.3834718178196,32.38292264497721,32.72496533713201,32.934354268558444,33.05135754680723,33.08199849681449,33.08199849681449,33.08199849681449,33.08199849681449,33.09151254137722,33.35512743463765,33.36595225077456,33.39272357370088,33.54635769998817,33.54635769998817,33.54635769998817,33.55185241915877,33.62895920018493,33.62895920018493,33.62895920018493,33.62895920018493,33.62895920018493,33.62895920018493,33.62895920018493,33.77492958374755,33.903655985604786,33.905918067142224,,,32.851887433284816,33.53594721817299,33.10285491276401,32.42430528178929,33.35512743463765,,,33.08696061985781,33.02881858187239,33.260821638524604,33.3447977322679,33.46129097106869,#000000,0.7823787071752508,32.994430556211256,-0.05678906622046006,50.41405942111639,-5.525331444267522,True,False,False,False,False,0.0,33.3478,34.02715,0.0,0.0,0.0,0.0,0,0.9494047619047628,0.9900793650793642,False,False,False,False,-0.24497103486511798,-0.23436878276763357,False,False,False,False,-369.0,-506.509195284209,False,False,False,False,73.5426834740232,False,False,False,False
2025-06-24 14:00:00+00:00,33.85,34.33,33.85,34.33,155.0,,,,,,,,,32.97908810487758,32.97908810487758,32.97908810487758,33.3108969571231,33.346244579945804,33.462815509693556,33.462815509693556,33.55047435897436,33.61956982305117,33.61956982305117,33.619726764199655,33.88060073844925,33.70935548180415,33.4161715142484,33.4161715142484,33.4161715142484,33.4161715142484,33.407620890279375,33.05733282897307,32.81023917961541,32.601800459194315,32.40972824796136,32.19248879829587,32.19248879829587,32.19248879829587,32.19248879829587,32.19248879829587,32.19248879829587,32.20744318458023,32.32350729997831,32.638706613226454,33.03298819009006,33.085924654079264,33.28165009564483,33.390292275876035,33.61599524324766,33.63695652320949,33.63695652320949,33.63695652320949,33.63695652320949,33.63695652320949,33.65580593984861,33.89874342405396,33.94502147911051,33.94502147911051,33.94502147911051,33.94502147911051,33.94502147911051,33.94502147911051,33.94502147911051,33.94655518338355,,,,,,,,,,,,,32.98550904730761,32.89138659623639,33.12574784349969,33.12574784349969,33.48763249269006,33.48763249269006,33.48763249269006,33.48763249269006,33.48763249269006,33.48763249269006,33.48763249269006,33.50744325073644,33.617519508670526,33.61956982305117,33.65705580791694,33.65705580791694,33.66146567524785,33.83518580086581,33.83518580086581,33.80294709573277,33.80294709573277,33.54186082195079,33.11107596090126,33.014194377703035,32.721052932574665,32.43512253138242,32.25503062632092,32.21534344825919,32.21534344825919,32.220188743994505,32.386886642447216,32.386886642447216,32.386886642447216,32.38590972550254,32.391918888414374,32.391918888414374,32.391321074121244,32.73074323917624,32.938974117760594,33.05542276251212,33.085924654079264,33.085924654079264,33.085924654079264,33.085924654079264,33.09539532669036,33.35788838612368,33.36866862830573,33.39533391833138,33.5483689470545,33.5483689470545,33.5483689470545,33.55384271569035,33.63066428779592,33.63066428779592,33.63066428779592,33.63066428779592,33.63066428779592,33.63066428779592,33.63066428779592,33.77609680473223,33.904368356570956,33.90662317117987,,,32.98550904730761,33.54186082195079,33.11107596090126,32.43512253138242,33.35788838612368,,,33.12574784349969,33.03298819009006,33.30598866300867,33.372960640824004,33.48676236751891,"rgba(0, 255, 255, 0.75)",0.7855602981196023,33.072641446466925,1.6005882126971234,61.5107283974195,0.3895474562472927,True,False,True,False,True,10.782441445986585,33.33669999999999,34.034099999999995,0.0,0.0,0.0,0.0,0,0.9554973821989536,0.9493891797556714,False,False,False,False,0.07019753489615414,-0.0820856239357397,False,False,False,False,-214.0,-501.97416900073284,False,False,False,False,74.80558760620889,False,False,False,False
2025-06-24 15:00:00+00:00,34.33,34.335,34.33,34.335,200.0,,,,,,,,34.333333333333336,33.119497148781754,33.119497148781754,33.119497148781754,33.351631474103584,33.384802734375,33.49429897528631,33.49429897528631,33.57528763866878,33.63947954439795,33.63947954439795,33.63962655698085,33.88945960930111,33.7178663984178,33.42618474443656,33.42618474443656,33.42618474443656,33.42618474443656,33.417672602566185,33.069668487367885,32.823720274974924,32.61613730766576,32.42483786295917,32.20809944825239,32.20809944825239,32.20809944825239,32.20809944825239,32.20809944825239,32.20809944825239,32.222832573234875,32.33717912089158,32.647714595791804,33.03908994572444,33.091705984133974,33.286307889336705,33.394366063328874,33.61891225965612,33.639771133520604,33.639771133520604,33.639771133520604,33.639771133520604,33.639771133520604,33.6585276985498,33.90024400209474,33.9463254141482,33.9463254141482,33.9463254141482,33.9463254141482,33.9463254141482,33.9463254141482,33.9463254141482,33.94785285713487,,,,,,,,,,,,,33.141417004048584,32.980698874780636,33.17908642520612,33.17908642520612,33.51745269158439,33.51745269158439,33.51745269158439,33.51745269158439,33.51745269158439,33.51745269158439,33.51745269158439,33.5351066264724,33.637626638576776,33.63947954439795,33.6741659287371,33.6741659287371,33.67784869544013,33.84532620865141,33.84532620865141,33.81110500140993,33.81110500140993,33.55127246962761,33.123106053149606,33.026751626209744,32.73493813604328,32.45017933158826,32.270692879661375,32.23059010905949,32.23059010905949,32.23534596946765,32.3991073091613,32.3991073091613,32.3991073091613,32.3980982631826,32.40369145796697,32.40369145796697,32.40302628935367,32.73896903203731,32.94566859511409,33.06138706089176,33.091705984133974,33.091705984133974,33.091705984133974,33.091705984133974,33.10111949845483,33.36213434319252,33.372855541087965,33.39938103148236,33.55162187642452,33.55162187642452,33.55162187642452,33.557067749275966,33.63351008106704,33.63351008106704,33.63351008106704,33.63351008106704,33.63351008106704,33.63351008106704,33.63351008106704,33.77821304014837,33.905843679781725,33.90808822014695,,,33.141417004048584,33.55127246962761,33.123106053149606,32.45017933158826,33.36213434319252,,,33.17908642520612,33.03908994572444,33.40272105677672,33.485506814928726,33.522130417570324,"rgba(38, 166, 154, 1.0)",0.7887088890785301,33.22204863177187,1.4111053947019951,68.9235747149965,7.172780241891942,True,False,True,False,True,10.84454461759119,33.3238,34.041199999999996,0.0,0.0,0.0,0.0,0,0.9973833406018322,0.9489751417357166,False,False,False,False,0.13693192503285426,0.027423150548557276,False,False,False,False,-14.0,-494.40867800847343,False,False,False,False,76.7465862479731,False,False,False,False
2025-06-24 16:00:00+00:00,34.335,34.335,34.3,34.3,40.0,,,,,,,34.31166666666666,34.32972222222222,33.14371593025224,33.14371593025224,33.14371593025224,33.35922068511199,33.39198772609819,33.50016876122083,33.50016876122083,33.57992624671916,33.64320873786408,33.64320873786408,33.6433539009059,33.89110548029757,33.719481851776294,33.42811400403072,33.42811400403072,33.42811400403072,33.42811400403072,33.41960985607743,33.072065241862866,32.82634962007422,32.61894041468622,32.42779736229837,32.21116274695403,32.21116274695403,32.21116274695403,32.21116274695403,32.21116274695403,32.21116274695403,32.22585242879861,32.339861757413125,32.649481702730206,33.040283116903424,33.092835760424144,33.287215326636876,33.39515789776569,33.619475211452645,33.64031382724525,33.64031382724525,33.64031382724525,33.64031382724525,33.64031382724525,33.659052034413094,33.900527922985354,33.946570609619684,33.946570609619684,33.946570609619684,33.946570609619684,33.946570609619684,33.946570609619684,33.946570609619684,33.948096818717765,,,,,,,,,,,,,33.16787827397776,32.996984806770676,33.18900394045534,33.18900394045534,33.523014414098974,33.523014414098974,33.523014414098974,33.523014414098974,33.523014414098974,33.523014414098974,33.523014414098974,33.5402742194865,33.64139222532589,33.64320873786408,33.67737549821692,33.67737549821692,33.68092473509665,33.84721709748269,33.84721709748269,33.81264011347082,33.81264011347082,33.55307659608123,33.12544114276359,33.029193269992085,32.73764927137514,32.45312775533908,32.27376443809022,32.23358198852268,32.23358198852268,32.23832032135992,32.401505878664366,32.401505878664366,32.401505878664366,32.40049059748919,32.40600261441867,32.40600261441867,32.405324333273136,32.74058184848097,32.94697899928854,33.06255304019398,33.092835760424144,33.092835760424144,33.092835760424144,33.092835760424144,33.10223796764681,33.36296025688419,33.3736697745013,33.40016758632582,33.55225128704126,33.55225128704126,33.55225128704126,33.55769164255202,33.63405894016956,33.63405894016956,33.63405894016956,33.63405894016956,33.63405894016956,33.63405894016956,33.63405894016956,33.77861791548869,33.90612263426817,33.90836515588189,,,33.16787827397776,33.55307659608123,33.12544114276359,32.45312775533908,33.36296025688419,,,33.18900394045534,33.040283116903424,33.45140272368246,33.55382167204624,33.52857985414976,"rgba(38, 166, 154, 1.0)",0.7914266511458422,33.29599991303996,1.2685952456951386,73.26871900682914,11.150489223028792,True,False,True,False,True,10.255626380167083,33.3296,34.046825000000005,0.0,0.0,0.0,0.0,0,0.9947826086956526,0.949130434782608,False,False,False,False,0.1327747526620015,0.08009895160527938,False,False,False,False,-54.0,-487.58063648896217,False,False,False,False,76.17687173250064,False,False,False,False
2025-06-24 17:00:00+00:00,34.3,34.3,34.3,34.3,0.0,,,,,,,34.31166666666666,34.32972222222222,33.14371593025224,33.14371593025224,33.14371593025224,33.35922068511199,33.39198772609819,33.50016876122083,33.50016876122083,33.57992624671916,33.64320873786408,33.64320873786408,33.6433539009059,33.89110548029757,33.719481851776294,33.42811400403072,33.42811400403072,33.42811400403072,33.42811400403072,33.41960985607743,33.072065241862866,32.82634962007422,32.61894041468622,32.42779736229837,32.21116274695403,32.21116274695403,32.21116274695403,32.21116274695403,32.21116274695403,32.21116274695403,32.22585242879861,32.339861757413125,32.649481702730206,33.040283116903424,33.092835760424144,33.287215326636876,33.39515789776569,33.619475211452645,33.64031382724525,33.64031382724525,33.64031382724525,33.64031382724525,33.64031382724525,33.659052034413094,33.900527922985354,33.946570609619684,33.946570609619684,33.946570609619684,33.946570609619684,33.946570609619684,33.946570609619684,33.946570609619684,33.948096818717765,,,,,,,,,,,,,33.16787827397776,32.996984806770676,33.18900394045534,33.18900394045534,33.523014414098974,33.523014414098974,33.523014414098974,33.523014414098974,33.523014414098974,33.523014414098974,33.523014414098974,33.5402742194865,33.64139222532589,33.64320873786408,33.67737549821692,33.67737549821692,33.68092473509665,33.84721709748269,33.84721709748269,33.81264011347082,33.81264011347082,33.55307659608123,33.12544114276359,33.029193269992085,32.73764927137514,32.45312775533908,32.27376443809022,32.23358198852268,32.23358198852268,32.23832032135992,32.401505878664366,32.401505878664366,32.401505878664366,32.40049059748919,32.40600261441867,32.40600261441867,32.405324333273136,32.74058184848097,32.94697899928854,33.06255304019398,33.092835760424144,33.092835760424144,33.092835760424144,33.092835760424144,33.10223796764681,33.36296025688419,33.3736697745013,33.40016758632582,33.55225128704126,33.55225128704126,33.55225128704126,33.55769164255202,33.63405894016956,33.63405894016956,33.63405894016956,33.63405894016956,33.63405894016956,33.63405894016956,33.63405894016956,33.77861791548869,33.90612263426817,33.90836515588189,,,33.16787827397776,33.55307659608123,33.12544114276359,32.45312775533908,33.36296025688419,,,33.18900394045534,33.040283116903424,33.45140272368246,33.55382167204624,33.52857985414976,"rgba(38, 166, 154, 1.0)",0.7940713767358264,33.29599991303996,1.2643700760089904,76.1654818680509,14.007146390635086,True,False,True,False,True,10.255626380167083,33.333600000000004,34.05245,0.0,0.0,0.0,0.0,0,0.9947826086956526,0.9521739130434779,False,False,False,False,0.12793046781499556,0.10401470971013747,False,False,False,False,-54.0,-480.85845607828054,False,False,False,False,74.99583496145412,False,False,False,False
2025-06-24 18:00:00+00:00,34.3,34.3,34.3,34.3,0.0,,,,,,,34.31166666666666,34.32972222222222,33.14371593025224,33.14371593025224,33.14371593025224,33.35922068511199,33.39198772609819,33.50016876122083,33.50016876122083,33.57992624671916,33.64320873786408,33.64320873786408,33.6433539009059,33.89110548029757,33.719481851776294,33.42811400403072,33.42811400403072,33.42811400403072,33.42811400403072,33.41960985607743,33.072065241862866,32.82634962007422,32.61894041468622,32.42779736229837,32.21116274695403,32.21116274695403,32.21116274695403,32.21116274695403,32.21116274695403,32.21116274695403,32.22585242879861,32.339861757413125,32.649481702730206,33.040283116903424,33.092835760424144,33.287215326636876,33.39515789776569,33.619475211452645,33.64031382724525,33.64031382724525,33.64031382724525,33.64031382724525,33.64031382724525,33.659052034413094,33.900527922985354,33.946570609619684,33.946570609619684,33.946570609619684,33.946570609619684,33.946570609619684,33.946570609619684,33.946570609619684,33.948096818717765,,,,,,,,,,,,,33.16787827397776,32.996984806770676,33.18900394045534,33.18900394045534,33.523014414098974,33.523014414098974,33.523014414098974,33.523014414098974,33.523014414098974,33.523014414098974,33.523014414098974,33.5402742194865,33.64139222532589,33.64320873786408,33.67737549821692,33.67737549821692,33.68092473509665,33.84721709748269,33.84721709748269,33.81264011347082,33.81264011347082,33.55307659608123,33.12544114276359,33.029193269992085,32.73764927137514,32.45312775533908,32.27376443809022,32.23358198852268,32.23358198852268,32.23832032135992,32.401505878664366,32.401505878664366,32.401505878664366,32.40049059748919,32.40600261441867,32.40600261441867,32.405324333273136,32.74058184848097,32.94697899928854,33.06255304019398,33.092835760424144,33.092835760424144,33.092835760424144,33.092835760424144,33.10223796764681,33.36296025688419,33.3736697745013,33.40016758632582,33.55225128704126,33.55225128704126,33.55225128704126,33.55769164255202,33.63405894016956,33.63405894016956,33.63405894016956,33.63405894016956,33.63405894016956,33.63405894016956,33.63405894016956,33.77861791548869,33.90612263426817,33.90836515588189,,,33.16787827397776,33.55307659608123,33.12544114276359,32.45312775533908,33.36296025688419,,,33.18900394045534,33.040283116903424,33.45140272368246,33.55382167204624,33.52857985414976,"rgba(38, 166, 154, 1.0)",0.7966437932558779,33.29599991303996,1.2602873397867056,78.0966571088654,16.205869882550857,True,False,True,False,True,10.255626380167083,33.3376,34.05685,0.0,0.0,0.0,0.0,0,0.9947826086956526,0.9521739130434779,False,False,False,False,0.12793046781499556,0.11597258876256653,False,False,False,False,-54.0,-474.24049551892733,False,False,False,False,73.83310883802072,False,False,False,False
2025-06-24 19:00:00+00:00,34.3,34.3,34.055,34.055,1983.0,,,,,,,34.14012687427912,34.1575093717199,33.64195006747638,33.64195006747638,33.64195006747638,33.578115386435705,33.59872135890616,33.667277902820075,33.667277902820075,33.71241349653987,33.74965136516915,33.74965136516915,33.74974206996556,33.93087580311445,33.76906098925247,33.49718587159571,33.49718587159571,33.49718587159571,33.49718587159571,33.48916878648534,33.165020401273985,32.93189244079776,32.733909134896976,32.55108962464374,32.34081112129752,32.34081112129752,32.34081112129752,32.34081112129752,32.34081112129752,32.34081112129752,32.35364389059391,32.45324847250509,32.72386345675276,33.08898125956622,33.13865470603861,33.3229174526469,33.42558797762187,33.63950393183091,33.65942359466211,33.65942359466211,33.65942359466211,33.65942359466211,33.65942359466211,33.67733283149003,33.9083393387382,33.95269178723565,33.95269178723565,33.95269178723565,33.95269178723565,33.95269178723565,33.95269178723565,33.95269178723565,33.95416382732475,,,,,,,,,,,,,33.679900497512435,33.42729499873064,33.475863226988245,33.475863226988245,33.68115247996534,33.68115247996534,33.68115247996534,33.68115247996534,33.68115247996534,33.68115247996534,33.68115247996534,33.68821595363189,33.74881093003756,33.74965136516915,33.7691134501746,33.7691134501746,33.76930969845151,33.89566227774027,33.89566227774027,33.85540230267536,33.85540230267536,33.61449571878428,33.21519006698593,33.12453993545493,32.84753802582587,32.575698437174914,32.403101848610035,32.3601946476101,32.3601946476101,32.36419542343788,32.5030710195407,32.5030710195407,32.5030710195407,32.50181607706947,32.504043089082515,32.504043089082515,32.50284604459594,32.80812445105885,33.00098885836388,33.11001749303622,33.13865470603861,33.13865470603861,33.13865470603861,33.13865470603861,33.14754391583473,33.394943992773264,33.405123588965346,33.430357091179694,33.575297835670014,33.575297835670014,33.575297835670014,33.580488288359845,33.653447165700506,33.653447165700506,33.653447165700506,33.653447165700506,33.653447165700506,33.653447165700506,33.653447165700506,33.79160132392203,33.91371995568481,33.915876095672616,,,33.679900497512435,33.61449571878428,33.21519006698593,32.575698437174914,33.394943992773264,,,33.475863226988245,33.08898125956622,33.678093415469355,33.69370931807445,33.6983965507886,"rgba(38, 166, 154, 0.5)",0.7974059858729977,33.6406470576014,0.519626074721484,74.58582518041334,16.205869882550857,True,False,True,False,True,6.116838839166547,33.3367,34.060025,0.0,0.0,0.0,0.0,0,0.9740315027671356,0.9531715623669642,False,False,False,False,0.09417431001819726,0.10507344939038189,False,False,False,False,-2037.0,-498.46932504576563,False,False,False,False,103.43259552270257,False,False,False,False
2025-06-25 14:00:00+00:00,34.265,34.265,34.23,34.23,100.0,,,,,,,34.14490971895117,34.16113215669393,33.65675057584731,33.65675057584731,33.65675057584731,33.587404918568296,33.607598140733586,33.67478330937759,33.67478330937759,33.718689473892255,33.75494583736863,33.75494583736863,33.755034427111354,33.93339355152301,33.77187646451408,33.500827789192186,33.500827789192186,33.500827789192186,33.500827789192186,33.49283200272612,33.169740256893604,32.93719109456963,32.739646852880725,32.557218234547754,32.3472435788975,32.3472435788975,32.3472435788975,32.3472435788975,32.3472435788975,32.3472435788975,32.359989972325856,32.45892166814701,32.727682021736946,33.09155738071294,33.14109090172866,33.32486062054525,33.427273359355105,33.64067760106031,33.66055184151714,33.66055184151714,33.66055184151714,33.66055184151714,33.66055184151714,33.6784199913952,33.908894458692785,33.95316027106334,33.95316027106334,33.95316027106334,33.95316027106334,33.95316027106334,33.95316027106334,33.95316027106334,33.9546295396378,,,,,,,,,,,,,33.69448425060575,33.442511210762326,33.48737733674134,33.48737733674134,33.688343168697884,33.688343168697884,33.688343168697884,33.688343168697884,33.688343168697884,33.688343168697884,33.688343168697884,33.69505374351372,33.75414313534567,33.75494583736863,33.77382578779419,33.77382578779419,33.77388458434221,33.89855819662985,33.89855819662985,33.85795594781612,33.85795594781612,33.61780672579454,33.21976377192592,33.129369083128005,32.85303841500302,32.581792625379514,32.40951649105668,32.36648593370337,32.36648593370337,32.37045240951809,32.50818784703828,32.50818784703828,32.50818784703828,32.50692157207974,32.508992878507335,32.508992878507335,32.50777118444036,32.81161340699637,33.00382275011423,33.11253366685197,33.14109090172866,33.14109090172866,33.14109090172866,33.14109090172866,33.14995515250352,33.396705429581864,33.406859047500504,33.43203068809264,33.57662038966624,33.57662038966624,33.57662038966624,33.581798512441466,33.6545892064355,33.6545892064355,33.6545892064355,33.6545892064355,33.6545892064355,33.6545892064355,33.6545892064355,33.79242282091533,33.9142640398175,33.91641570738441,,,33.69448425060575,33.61780672579454,33.21976377192592,32.581792625379514,33.396705429581864,,,33.48737733674134,33.09155738071294,33.687550779849,33.70029460162584,33.70554517664853,"rgba(38, 166, 154, 0.5)",0.799276801493192,33.653134516732955,0.7217343005443849,73.58248687329458,16.205869882550857,True,False,True,False,True,8.470847012539469,33.3393,34.064074999999995,0.0,0.0,0.0,0.0,0,0.9744876620660817,0.9422835633626093,False,False,False,False,0.11343245318820759,0.10925295128929474,False,False,False,False,-1937.0,-520.7721262078468,False,False,False,False,103.37937698746687,False,False,False,False
2025-06-25 15:00:00+00:00,34.23,34.23,34.18,34.185,200.0,,,,,,,34.14950925527335,34.16408112035936,33.682224835371585,33.682224835371585,33.682224835371585,33.604044668391666,33.62347171839312,33.68811706778725,33.68811706778725,33.72980134368123,33.76428719407283,33.76428719407283,33.764371950149204,33.93761771896259,33.776897739314734,33.50758590898814,33.50758590898814,33.50758590898814,33.50758590898814,33.4996346382541,33.17868026885692,32.94731302754257,32.75066495455345,32.5690311918901,32.35968746148588,32.35968746148588,32.35968746148588,32.35968746148588,32.35968746148588,32.35968746148588,32.37226564499794,32.469887571974944,32.73504484997163,33.09648240442023,33.14574057378251,33.32853987208919,33.43044507517328,33.64284300210979,33.662627977454356,33.662627977454356,33.662627977454356,33.662627977454356,33.662627977454356,33.6804154752538,33.90985531542897,33.95395264719982,33.95395264719982,33.95395264719982,33.95395264719982,33.95395264719982,33.95395264719982,33.95395264719982,33.955416518659646,,,,,,,,,,,,,33.71935340572557,33.46973823246877,33.50813214615871,33.50813214615871,33.701100896393584,33.701100896393584,33.701100896393584,33.701100896393584,33.701100896393584,33.701100896393584,33.701100896393584,33.70718973555181,33.76355095485192,33.76428719407283,33.78212667839918,33.78212667839918,33.78195011876485,33.90349357919,33.90349357919,33.86239777719779,33.86239777719779,33.62387220074531,33.228407234023756,33.1385317647395,32.86357074819279,32.59353348827637,32.42191214515048,32.37865525144489,32.37865525144489,32.38255517667571,32.51807810092262,32.51807810092262,32.51807810092262,32.516790361164595,32.518562857007986,32.518562857007986,32.51729413697602,32.81833070948784,33.00925481279372,33.11734074893932,33.14574057378251,33.14574057378251,33.14574057378251,33.14574057378251,33.154555723772745,33.40002686278572,33.41012939969286,33.43517920852422,33.579078481763375,33.579078481763375,33.579078481763375,33.58423237865899,33.6566924212535,33.6566924212535,33.6566924212535,33.6566924212535,33.6566924212535,33.6566924212535,33.6566924212535,33.79389923495678,33.915203500068905,33.917346512587706,,,33.71935340572557,33.62387220074531,33.228407234023756,32.59353348827637,33.40002686278572,,,33.50813214615871,33.09648240442023,33.70385388046867,33.711562840928345,33.718183925044215,"rgba(38, 166, 154, 0.5)",0.7961091079189416,33.67455297837217,0.6411772162262535,72.089451219086,16.205869882550857,True,False,True,False,False,7.729022500958315,33.3374,34.069425,0.0,0.0,0.0,0.0,0,0.9704289879217001,0.9454394002498957,False,False,False,False,0.10173092267568326,0.105491936982489,False,False,False,False,-2137.0,-545.8299227007483,False,False,False,False,104.87737114269994,False,False,False,False
2025-06-25 16:00:00+00:00,34.185,34.185,34.185,34.185,0.0,,,,,,,34.14950925527335,34.16408112035936,33.682224835371585,33.682224835371585,33.682224835371585,33.604044668391666,33.62347171839312,33.68811706778725,33.68811706778725,33.72980134368123,33.76428719407283,33.76428719407283,33.764371950149204,33.93761771896259,33.776897739314734,33.50758590898814,33.50758590898814,33.50758590898814,33.50758590898814,33.4996346382541,33.17868026885692,32.94731302754257,32.75066495455345,32.5690311918901,32.35968746148588,32.35968746148588,32.35968746148588,32.35968746148588,32.35968746148588,32.35968746148588,32.37226564499794,32.469887571974944,32.73504484997163,33.09648240442023,33.14574057378251,33.32853987208919,33.43044507517328,33.64284300210979,33.662627977454356,33.662627977454356,33.662627977454356,33.662627977454356,33.662627977454356,33.6804154752538,33.90985531542897,33.95395264719982,33.95395264719982,33.95395264719982,33.95395264719982,33.95395264719982,33.95395264719982,33.95395264719982,33.955416518659646,,,,,,,,,,,,,33.71935340572557,33.46973823246877,33.50813214615871,33.50813214615871,33.701100896393584,33.701100896393584,33.701100896393584,33.701100896393584,33.701100896393584,33.701100896393584,33.701100896393584,33.70718973555181,33.76355095485192,33.76428719407283,33.78212667839918,33.78212667839918,33.78195011876485,33.90349357919,33.90349357919,33.86239777719779,33.86239777719779,33.62387220074531,33.228407234023756,33.1385317647395,32.86357074819279,32.59353348827637,32.42191214515048,32.37865525144489,32.37865525144489,32.38255517667571,32.51807810092262,32.51807810092262,32.51807810092262,32.516790361164595,32.518562857007986,32.518562857007986,32.51729413697602,32.81833070948784,33.00925481279372,33.11734074893932,33.14574057378251,33.14574057378251,33.14574057378251,33.14574057378251,33.154555723772745,33.40002686278572,33.41012939969286,33.43517920852422,33.579078481763375,33.579078481763375,33.579078481763375,33.58423237865899,33.6566924212535,33.6566924212535,33.6566924212535,33.6566924212535,33.6566924212535,33.6566924212535,33.6566924212535,33.79389923495678,33.915203500068905,33.917346512587706,,,33.71935340572557,33.62387220074531,33.228407234023756,32.59353348827637,33.40002686278572,,,33.50813214615871,33.09648240442023,33.70385388046867,33.711562840928345,33.718183925044215,"rgba(38, 166, 154, 0.5)",0.7928412983214895,33.67455297837217,0.643819920466418,71.09409411628029,16.205869882550857,True,False,True,False,False,7.729022500958315,33.3355,34.074,0.0,0.0,0.0,0.0,0,0.9704391891891903,0.951013513513513,False,False,False,False,0.09623410516983898,0.10086302107616399,False,False,False,False,-2137.0,-570.4992262247677,False,False,False,False,103.25136538854956,False,False,False,False
2025-06-25 17:00:00+00:00,34.185,34.185,34.185,34.185,0.0,,,,,,,34.14950925527335,34.16408112035936,33.682224835371585,33.682224835371585,33.682224835371585,33.604044668391666,33.62347171839312,33.68811706778725,33.68811706778725,33.72980134368123,33.76428719407283,33.76428719407283,33.764371950149204,33.93761771896259,33.776897739314734,33.50758590898814,33.50758590898814,33.50758590898814,33.50758590898814,33.4996346382541,33.17868026885692,32.94731302754257,32.75066495455345,32.5690311918901,32.35968746148588,32.35968746148588,32.35968746148588,32.35968746148588,32.35968746148588,32.35968746148588,32.37226564499794,32.469887571974944,32.73504484997163,33.09648240442023,33.14574057378251,33.32853987208919,33.43044507517328,33.64284300210979,33.662627977454356,33.662627977454356,33.662627977454356,33.662627977454356,33.662627977454356,33.6804154752538,33.90985531542897,33.95395264719982,33.95395264719982,33.95395264719982,33.95395264719982,33.95395264719982,33.95395264719982,33.95395264719982,33.955416518659646,,,,,,,,,,,,,33.71935340572557,33.46973823246877,33.50813214615871,33.50813214615871,33.701100896393584,33.701100896393584,33.701100896393584,33.701100896393584,33.701100896393584,33.701100896393584,33.701100896393584,33.70718973555181,33.76355095485192,33.76428719407283,33.78212667839918,33.78212667839918,33.78195011876485,33.90349357919,33.90349357919,33.86239777719779,33.86239777719779,33.62387220074531,33.228407234023756,33.1385317647395,32.86357074819279,32.59353348827637,32.42191214515048,32.37865525144489,32.37865525144489,32.38255517667571,32.51807810092262,32.51807810092262,32.51807810092262,32.516790361164595,32.518562857007986,32.518562857007986,32.51729413697602,32.81833070948784,33.00925481279372,33.11734074893932,33.14574057378251,33.14574057378251,33.14574057378251,33.14574057378251,33.154555723772745,33.40002686278572,33.41012939969286,33.43517920852422,33.579078481763375,33.579078481763375,33.579078481763375,33.58423237865899,33.6566924212535,33.6566924212535,33.6566924212535,33.6566924212535,33.6566924212535,33.6566924212535,33.6566924212535,33.79389923495678,33.915203500068905,33.917346512587706,,,33.71935340572557,33.62387220074531,33.228407234023756,32.59353348827637,33.40002686278572,,,33.50813214615871,33.09648240442023,33.70385388046867,33.711562840928345,33.718183925044215,"rgba(38, 166, 154, 0.5)",0.787772106571229,33.67455297837217,0.6479628021478814,70.4305227144098,16.205869882550857,True,False,True,False,False,7.729022500958315,33.3336,34.078425,0.0,0.0,0.0,0.0,0,0.9677556215528224,0.9554518455663974,False,False,False,False,0.09623410516983898,0.09854856312300148,False,False,False,False,-2137.0,-594.7860599267092,False,False,False,False,101.65056902593638,False,False,False,False
2025-06-25 18:00:00+00:00,34.185,34.185,33.92,33.92,190.0,,,,,,,34.13883538930892,34.15317360855142,33.69617364550503,33.69617364550503,33.69617364550503,33.61424178060976,33.633051661644615,33.6956815450288,33.6956815450288,33.73579942574332,33.76907587180282,33.76907587180282,33.76915797625194,33.938672844353704,33.77945786756715,33.51215301779314,33.51215301779314,33.51215301779314,33.51215301779314,33.50425210204471,33.18547454851084,32.95534177652103,32.7596253937303,32.578806613047355,32.37014946060585,32.37014946060585,32.37014946060585,32.37014946060585,32.37014946060585,32.37014946060585,32.38257893456311,32.4790467088634,32.74107217599283,33.10032092611057,33.149329515759355,33.331249292022406,33.432694542896755,33.64418630068091,33.663891228812474,33.663891228812474,33.663891228812474,33.663891228812474,33.663891228812474,33.68160678661798,33.91016491274517,33.95411910170284,33.95411910170284,33.95411910170284,33.95411910170284,33.95411910170284,33.95411910170284,33.95411910170284,33.95557835941021,,,,,,,,,,,,,33.7322968725444,33.48756008359456,33.52162997680254,33.52162997680254,33.70823274282224,33.70823274282224,33.70823274282224,33.70823274282224,33.70823274282224,33.70823274282224,33.70823274282224,33.713933875530415,33.76837900965432,33.76907587180282,33.78625215972357,33.78625215972357,33.785964380152436,33.90510806721782,33.90510806721782,33.86418481997078,33.86418481997078,33.62765078626113,33.234897224777,33.145557326871575,32.87202213501191,32.60322844159122,32.4322873353527,32.38887570416336,32.38887570416336,32.39271762731938,32.52631682572936,32.52631682572936,32.52631682572936,32.52501228192333,32.52653739963375,32.52653739963375,32.52523075127236,32.82378180400856,33.013552411138804,33.12107244939198,33.149329515759355,33.149329515759355,33.149329515759355,33.149329515759355,33.15810022724293,33.40241188609163,33.412468393938774,33.43740769162557,33.580684752995246,33.580684752995246,33.580684752995246,33.58581692984354,33.657979837880895,33.657979837880895,33.657979837880895,33.657979837880895,33.657979837880895,33.657979837880895,33.657979837880895,33.794637644386455,33.915495178438974,33.91763101017582,,,33.7322968725444,33.62765078626113,33.234897224777,32.60322844159122,33.40241188609163,,,33.52162997680254,33.10032092611057,33.71199662880936,33.71666452487132,33.72525022602466,#000000,0.7811942232340129,33.71015568306662,0.26861990359409543,64.81492752784473,23.396245214313012,True,False,True,False,False,3.3711196612272367,33.3264,34.081649999999996,0.0,0.0,0.0,0.0,0,0.9521812080536924,0.9559563758389257,False,False,False,False,0.059947982399962386,0.07924827276148193,False,False,False,False,-2327.0,-621.6420900053648,False,False,False,False,103.02032764568929,False,False,False,False
2025-06-25 19:00:00+00:00,33.92,33.92,33.92,33.92,0.0,,,,,,,34.13883538930892,34.15317360855142,33.69617364550503,33.69617364550503,33.69617364550503,33.61424178060976,33.633051661644615,33.6956815450288,33.6956815450288,33.73579942574332,33.76907587180282,33.76907587180282,33.76915797625194,33.938672844353704,33.77945786756715,33.51215301779314,33.51215301779314,33.51215301779314,33.51215301779314,33.50425210204471,33.18547454851084,32.95534177652103,32.7596253937303,32.578806613047355,32.37014946060585,32.37014946060585,32.37014946060585,32.37014946060585,32.37014946060585,32.37014946060585,32.38257893456311,32.4790467088634,32.74107217599283,33.10032092611057,33.149329515759355,33.331249292022406,33.432694542896755,33.64418630068091,33.663891228812474,33.663891228812474,33.663891228812474,33.663891228812474,33.663891228812474,33.68160678661798,33.91016491274517,33.95411910170284,33.95411910170284,33.95411910170284,33.95411910170284,33.95411910170284,33.95411910170284,33.95411910170284,33.95557835941021,,,,,,,,,,,,,33.7322968725444,33.48756008359456,33.52162997680254,33.52162997680254,33.70823274282224,33.70823274282224,33.70823274282224,33.70823274282224,33.70823274282224,33.70823274282224,33.70823274282224,33.713933875530415,33.76837900965432,33.76907587180282,33.78625215972357,33.78625215972357,33.785964380152436,33.90510806721782,33.90510806721782,33.86418481997078,33.86418481997078,33.62765078626113,33.234897224777,33.145557326871575,32.87202213501191,32.60322844159122,32.4322873353527,32.38887570416336,32.38887570416336,32.39271762731938,32.52631682572936,32.52631682572936,32.52631682572936,32.52501228192333,32.52653739963375,32.52653739963375,32.52523075127236,32.82378180400856,33.013552411138804,33.12107244939198,33.149329515759355,33.149329515759355,33.149329515759355,33.149329515759355,33.15810022724293,33.40241188609163,33.412468393938774,33.43740769162557,33.580684752995246,33.580684752995246,33.580684752995246,33.58581692984354,33.657979837880895,33.657979837880895,33.657979837880895,33.657979837880895,33.657979837880895,33.657979837880895,33.657979837880895,33.794637644386455,33.915495178438974,33.91763101017582,,,33.7322968725444,33.62765078626113,33.234897224777,32.60322844159122,33.40241188609163,,,33.52162997680254,33.10032092611057,33.71199662880936,33.71666452487132,33.72525022602466,#000000,0.7744415482859173,33.71015568306662,0.2709621112114094,61.07119740346802,19.493218132211467,True,False,True,False,False,3.3711196612272367,33.3192,34.084500000000006,0.0,0.0,0.0,0.0,0,0.9520403870424916,0.9701304164913753,False,False,False,False,0.02381892186136526,0.051533597311423596,False,False,False,False,-2327.0,-648.0817475246614,False,False,False,False,101.42311326358558,False,False,False,False
2025-06-26 14:00:00+00:00,33.92,34.375,33.92,34.37,200.0,,,,,,,34.14494163902199,34.157876187206774,33.71881444779549,33.71881444779549,33.71881444779549,33.62995172205699,33.64808076939445,33.7084435278418,33.7084435278418,33.74656895341535,33.7782348477183,33.7782348477183,33.778313437868825,33.94304881191692,33.78454774785145,33.518900009509316,33.518900009509316,33.518900009509316,33.518900009509316,33.51104194270932,33.19433051294104,32.96534869018926,32.77050853555654,32.59046844128955,32.3824351658317,32.3824351658317,32.3824351658317,32.3824351658317,32.3824351658317,32.3824351658317,32.39470172374015,32.48989942081335,32.748413117490536,33.105267857799355,33.15400547246326,33.334969362105106,33.43591411451851,33.6464118300704,33.66602846322834,33.66602846322834,33.66602846322834,33.66602846322834,33.66602846322834,33.68366419677835,33.91119236097368,33.95497837479058,33.95497837479058,33.95497837479058,33.95497837479058,33.95497837479058,33.95497837479058,33.95497837479058,33.95643224653959,,,,,,,,,,,34.221666666666664,34.221666666666664,33.75433063184752,33.51226915741052,33.54096533627952,33.54096533627952,33.72047922878156,33.72047922878156,33.72047922878156,33.72047922878156,33.72047922878156,33.72047922878156,33.72047922878156,33.72562739904806,33.77759873216041,33.7782348477183,33.79445360080368,33.79445360080368,33.79394793098183,33.91015765406498,33.91015765406498,33.86873409264444,33.86873409264444,33.633733275308906,33.24346553495709,33.154629614017345,32.88242963448488,32.61481893269356,32.44452157117462,32.400895581934236,32.400895581934236,32.404673105416826,32.536125607498256,32.536125607498256,32.536125607498256,32.53480029614245,32.536035252369615,32.536035252369615,32.534682964201146,32.83048982676713,33.01899804672829,33.12590332492045,33.15400547246326,33.15400547246326,33.15400547246326,33.15400547246326,33.16272784956997,33.40577914782847,33.41578525608182,33.44060437768765,33.58319964034658,33.58319964034658,33.58319964034658,33.58830786959957,33.66014386901106,33.66014386901106,33.66014386901106,33.66014386901106,33.66014386901106,33.66014386901106,33.66014386901106,33.796179933545226,33.91650124592678,33.91862842067854,,34.221666666666664,33.75433063184752,33.633733275308906,33.24346553495709,32.61481893269356,33.40577914782847,,,33.54096533627952,33.105267857799355,33.77742203279042,33.7274885671993,33.77048460811011,"rgba(38, 166, 154, 0.5)",0.7708489353179763,33.82069884247606,0.7125924838922526,63.61220729763863,19.493218132211467,True,False,True,False,False,9.474166369434862,33.321,34.0896,0.0,0.0,0.0,0.0,0,0.9509724473257706,0.9343598055105345,False,False,False,False,0.08594291507239285,0.06873825619190822,False,False,False,False,-2127.0,-671.0107126793179,False,False,False,False,102.95143708895634,False,False,False,False
2025-06-26 15:00:00+00:00,34.37,34.41,34.35,34.41,220.0,,,,,,,34.16332310489828,34.174175976167675,33.74918483477307,33.74918483477307,33.74918483477307,33.65097657068611,33.6683492694234,33.72616093583835,33.72616093583835,33.76188376789643,33.791556468375724,33.791556468375724,33.79163071086921,33.950524048451676,33.79211762142912,33.52791760775457,33.52791760775457,33.52791760775457,33.52791760775457,33.520098273385784,33.205466675133714,32.97762583728309,32.78366152293758,32.60441092915419,32.39698225794056,32.39698225794056,32.39698225794056,32.39698225794056,32.39698225794056,32.39698225794056,32.40906531199895,32.50282767365621,32.75731762743067,33.111472249661595,33.15990571974135,33.33979576913213,33.44017766583386,33.6495507777522,33.66906711055149,33.66906711055149,33.66906711055149,33.66906711055149,33.66906711055149,33.68661178449263,33.91292329433417,33.956509822433446,33.956509822433446,33.956509822433446,33.956509822433446,33.956509822433446,33.956509822433446,33.956509822433446,33.95795733137205,,,,,,,,,,,34.309841269841264,34.309841269841264,33.784327899327906,33.54360651303689,33.566000536121166,33.566000536121166,33.73759655239202,33.73759655239202,33.73759655239202,33.73759655239202,33.73759655239202,33.73759655239202,33.73759655239202,33.7420427148847,33.79100053052157,33.791556468375724,33.80654256627915,33.80654256627915,33.805724442448735,33.91843209489471,33.91843209489471,33.875930283634546,33.875930283634546,33.642156659241266,33.25431306354736,33.16598080162609,32.89510991741856,32.62869394014755,32.459044007871874,32.41514232538959,32.41514232538959,32.41884664892696,32.54784954582039,32.54784954582039,32.54784954582039,32.54649898723534,32.54739185112999,32.54739185112999,32.54598490931746,32.83867857654304,33.02576235329299,33.13197739434313,33.15990571974135,33.15990571974135,33.15990571974135,33.15990571974135,33.168573774159555,33.41020894708129,33.420158121314756,33.444842149045385,33.58666669922193,33.58666669922193,33.58666669922193,33.5917477359754,33.663213070571146,33.663213070571146,33.663213070571146,33.663213070571146,33.663213070571146,33.663213070571146,33.663213070571146,33.79852975034176,33.918206570079946,33.92032330908992,,34.309841269841264,33.784327899327906,33.642156659241266,33.25431306354736,32.62869394014755,33.41020894708129,,,33.566000536121166,33.111472249661595,33.80621510417105,33.74338695434867,33.795231763735885,"rgba(38, 166, 154, 0.5)",0.7676932629284446,33.860568771855924,0.7156910900171392,65.63521597924569,19.493218132211467,True,False,True,False,True,9.976681408661602,33.338,34.0942,0.0,0.0,0.0,0.0,0,0.9858870967741943,0.9318548387096773,False,False,False,False,0.15012809780398714,0.10943317699794769,False,False,False,False,-1907.0,-690.1733372889408,False,False,False,False,104.76614349067795,False,False,False,False
2025-06-26 16:00:00+00:00,34.41,34.41,34.41,34.41,0.0,,,,,,,34.16332310489828,34.174175976167675,33.74918483477307,33.74918483477307,33.74918483477307,33.65097657068611,33.6683492694234,33.72616093583835,33.72616093583835,33.76188376789643,33.791556468375724,33.791556468375724,33.79163071086921,33.950524048451676,33.79211762142912,33.52791760775457,33.52791760775457,33.52791760775457,33.52791760775457,33.520098273385784,33.205466675133714,32.97762583728309,32.78366152293758,32.60441092915419,32.39698225794056,32.39698225794056,32.39698225794056,32.39698225794056,32.39698225794056,32.39698225794056,32.40906531199895,32.50282767365621,32.75731762743067,33.111472249661595,33.15990571974135,33.33979576913213,33.44017766583386,33.6495507777522,33.66906711055149,33.66906711055149,33.66906711055149,33.66906711055149,33.66906711055149,33.68661178449263,33.91292329433417,33.956509822433446,33.956509822433446,33.956509822433446,33.956509822433446,33.956509822433446,33.956509822433446,33.956509822433446,33.95795733137205,,,,,,,,,,,34.309841269841264,34.309841269841264,33.784327899327906,33.54360651303689,33.566000536121166,33.566000536121166,33.73759655239202,33.73759655239202,33.73759655239202,33.73759655239202,33.73759655239202,33.73759655239202,33.73759655239202,33.7420427148847,33.79100053052157,33.791556468375724,33.80654256627915,33.80654256627915,33.805724442448735,33.91843209489471,33.91843209489471,33.875930283634546,33.875930283634546,33.642156659241266,33.25431306354736,33.16598080162609,32.89510991741856,32.62869394014755,32.459044007871874,32.41514232538959,32.41514232538959,32.41884664892696,32.54784954582039,32.54784954582039,32.54784954582039,32.54649898723534,32.54739185112999,32.54739185112999,32.54598490931746,32.83867857654304,33.02576235329299,33.13197739434313,33.15990571974135,33.15990571974135,33.15990571974135,33.15990571974135,33.168573774159555,33.41020894708129,33.420158121314756,33.444842149045385,33.58666669922193,33.58666669922193,33.58666669922193,33.5917477359754,33.663213070571146,33.663213070571146,33.663213070571146,33.663213070571146,33.663213070571146,33.663213070571146,33.663213070571146,33.79852975034176,33.918206570079946,33.92032330908992,,34.309841269841264,33.784327899327906,33.642156659241266,33.25431306354736,32.62869394014755,33.41020894708129,,,33.566000536121166,33.111472249661595,33.80621510417105,33.74338695434867,33.795231763735885,"rgba(38, 166, 154, 0.5)",0.7645126340142084,33.860568771855924,0.7186686049374844,66.98388843365038,19.493218132211467,True,False,True,False,True,9.976681408661602,33.3514,34.093999999999994,0.0,0.0,0.0,0.0,0,0.9906045751633991,0.9309640522875817,False,False,False,False,0.15848905590123097,0.13396111644958933,False,False,False,False,-1907.0,-709.0388669433759,False,False,False,False,103.14186219624882,False,False,False,False
2025-06-26 17:00:00+00:00,34.41,34.41,34.41,34.41,0.0,,,,,,,34.16332310489828,34.174175976167675,33.74918483477307,33.74918483477307,33.74918483477307,33.65097657068611,33.6683492694234,33.72616093583835,33.72616093583835,33.76188376789643,33.791556468375724,33.791556468375724,33.79163071086921,33.950524048451676,33.79211762142912,33.52791760775457,33.52791760775457,33.52791760775457,33.52791760775457,33.520098273385784,33.205466675133714,32.97762583728309,32.78366152293758,32.60441092915419,32.39698225794056,32.39698225794056,32.39698225794056,32.39698225794056,32.39698225794056,32.39698225794056,32.40906531199895,32.50282767365621,32.75731762743067,33.111472249661595,33.15990571974135,33.33979576913213,33.44017766583386,33.6495507777522,33.66906711055149,33.66906711055149,33.66906711055149,33.66906711055149,33.66906711055149,33.68661178449263,33.91292329433417,33.956509822433446,33.956509822433446,33.956509822433446,33.956509822433446,33.956509822433446,33.956509822433446,33.956509822433446,33.95795733137205,,,,,,,,,,,34.309841269841264,34.309841269841264,33.784327899327906,33.54360651303689,33.566000536121166,33.566000536121166,33.73759655239202,33.73759655239202,33.73759655239202,33.73759655239202,33.73759655239202,33.73759655239202,33.73759655239202,33.7420427148847,33.79100053052157,33.791556468375724,33.80654256627915,33.80654256627915,33.805724442448735,33.91843209489471,33.91843209489471,33.875930283634546,33.875930283634546,33.642156659241266,33.25431306354736,33.16598080162609,32.89510991741856,32.62869394014755,32.459044007871874,32.41514232538959,32.41514232538959,32.41884664892696,32.54784954582039,32.54784954582039,32.54784954582039,32.54649898723534,32.54739185112999,32.54739185112999,32.54598490931746,32.83867857654304,33.02576235329299,33.13197739434313,33.15990571974135,33.15990571974135,33.15990571974135,33.15990571974135,33.168573774159555,33.41020894708129,33.420158121314756,33.444842149045385,33.58666669922193,33.58666669922193,33.58666669922193,33.5917477359754,33.663213070571146,33.663213070571146,33.663213070571146,33.663213070571146,33.663213070571146,33.663213070571146,33.663213070571146,33.79852975034176,33.918206570079946,33.92032330908992,,34.309841269841264,33.784327899327906,33.642156659241266,33.25431306354736,32.62869394014755,33.41020894708129,,,33.566000536121166,33.111472249661595,33.80621510417105,33.74338695434867,33.795231763735885,"rgba(38, 166, 154, 0.5)",0.7613067357811312,33.860568771855924,0.7216949520095003,67.88300340325353,19.493218132211467,True,False,True,False,True,9.976681408661602,33.3648,34.093799999999995,0.0,0.0,0.0,0.0,0,0.9906045751633991,0.9309640522875817,False,False,False,False,0.15848905590123097,0.14622508617541013,False,False,False,False,-1907.0,-727.6119077659591,False,False,False,False,101.54276355754729,False,False,False,False
2025-06-26 18:00:00+00:00,34.41,34.41,34.41,34.41,0.0,,,,,,,34.16332310489828,34.174175976167675,33.74918483477307,33.74918483477307,33.74918483477307,33.65097657068611,33.6683492694234,33.72616093583835,33.72616093583835,33.76188376789643,33.791556468375724,33.791556468375724,33.79163071086921,33.950524048451676,33.79211762142912,33.52791760775457,33.52791760775457,33.52791760775457,33.52791760775457,33.520098273385784,33.205466675133714,32.97762583728309,32.78366152293758,32.60441092915419,32.39698225794056,32.39698225794056,32.39698225794056,32.39698225794056,32.39698225794056,32.39698225794056,32.40906531199895,32.50282767365621,32.75731762743067,33.111472249661595,33.15990571974135,33.33979576913213,33.44017766583386,33.6495507777522,33.66906711055149,33.66906711055149,33.66906711055149,33.66906711055149,33.66906711055149,33.68661178449263,33.91292329433417,33.956509822433446,33.956509822433446,33.956509822433446,33.956509822433446,33.956509822433446,33.956509822433446,33.956509822433446,33.95795733137205,,,,,,,,,,,34.309841269841264,34.309841269841264,33.784327899327906,33.54360651303689,33.566000536121166,33.566000536121166,33.73759655239202,33.73759655239202,33.73759655239202,33.73759655239202,33.73759655239202,33.73759655239202,33.73759655239202,33.7420427148847,33.79100053052157,33.791556468375724,33.80654256627915,33.80654256627915,33.805724442448735,33.91843209489471,33.91843209489471,33.875930283634546,33.875930283634546,33.642156659241266,33.25431306354736,33.16598080162609,32.89510991741856,32.62869394014755,32.459044007871874,32.41514232538959,32.41514232538959,32.41884664892696,32.54784954582039,32.54784954582039,32.54784954582039,32.54649898723534,32.54739185112999,32.54739185112999,32.54598490931746,32.83867857654304,33.02576235329299,33.13197739434313,33.15990571974135,33.15990571974135,33.15990571974135,33.15990571974135,33.168573774159555,33.41020894708129,33.420158121314756,33.444842149045385,33.58666669922193,33.58666669922193,33.58666669922193,33.5917477359754,33.663213070571146,33.663213070571146,33.663213070571146,33.663213070571146,33.663213070571146,33.663213070571146,33.663213070571146,33.79852975034176,33.918206570079946,33.92032330908992,,34.309841269841264,33.784327899327906,33.642156659241266,33.25431306354736,32.62869394014755,33.41020894708129,,,33.566000536121166,33.111472249661595,33.80621510417105,33.74338695434867,33.795231763735885,"rgba(38, 166, 154, 0.5)",0.7580752476376311,33.860568771855924,0.7247713599095209,68.48241338298894,19.493218132211467,True,False,True,False,True,9.976681408661612,33.3864,34.0936,0.0,0.0,0.0,0.0,0,0.9906045751633991,0.9309640522875817,False,False,False,False,0.15848905590123097,0.15235707103832055,False,False,False,False,-1907.0,-745.8969944672621,False,False,False,False,99.96845714580236,False,False,False,False
2025-06-26 19:00:00+00:00,34.41,34.41,34.36,34.36,445.0,,,,,,,34.19142786658772,34.19935997764114,33.80180013818227,33.80180013818227,33.80180013818227,33.68943002302135,33.70544049580293,33.75865701242328,33.75865701242328,33.79012266033581,33.816241151561115,33.816241151561115,33.816307582938386,33.964468710934625,33.80653613066534,33.54532523697593,33.54532523697593,33.54532523697593,33.54532523697593,33.53758567692802,33.22712311975402,33.001594928261596,32.809408346348015,32.63175676144244,32.425579270272024,32.425579270272024,32.425579270272024,32.425579270272024,32.425579270272024,32.425579270272024,32.43730444645122,32.528266471419705,32.774892203009536,33.1237116304348,33.171542233493085,33.34930227047965,33.44856677939716,33.655706797815874,33.67502389915691,33.67502389915691,33.67502389915691,33.67502389915691,33.67502389915691,33.69238776866552,33.91628972882444,33.95948052051225,33.95948052051225,33.95948052051225,33.95948052051225,33.95948052051225,33.95948052051225,33.95948052051225,33.96091539792663,,,,,,,,,,,34.34421965317919,34.34421965317919,33.83594151817767,33.5997154533071,33.61162998566489,33.61162998566489,33.76902044198894,33.76902044198894,33.76902044198894,33.76902044198894,33.76902044198894,33.76902044198894,33.76902044198894,33.772249973259164,33.815826347875785,33.816241151561115,33.82902818399362,33.82902818399362,33.827664795624635,33.93387664419703,33.93387664419703,33.88953309728751,33.88953309728751,33.65834010001487,33.27538857006218,33.18807179760539,32.91989442752779,32.65589902770005,32.487567659413266,32.44315420985634,32.44315420985634,32.44671619589904,32.57094788030161,32.57094788030161,32.57094788030161,32.56954895800904,32.56977984048405,32.56977984048405,32.56826755105762,32.85484192585946,33.039110913733786,33.14395850457856,33.171542233493085,33.171542233493085,33.171542233493085,33.171542233493085,33.18010261414081,33.41892812975165,33.42876433876555,33.45318007855439,33.59347440614511,33.59347440614511,33.59347440614511,33.5985014566173,33.66923052380863,33.66923052380863,33.66923052380863,33.66923052380863,33.66923052380863,33.66923052380863,33.66923052380863,33.80312051295778,33.921522265561514,33.923618340634974,,34.34421965317919,33.83594151817767,33.65834010001487,33.27538857006218,32.65589902770005,33.41892812975165,,,33.61162998566489,33.1237116304348,33.8450415630782,33.77185884076374,33.82772073118002,"rgba(38, 166, 154, 0.5)",0.7542136111016198,33.90843121132424,0.5987279757735835,67.50282724430167,19.493218132211467,True,False,True,False,True,9.102600481630049,33.4084,34.09265,0.0,0.0,0.0,0.0,0,0.9865744507729868,0.9312449145646867,False,False,False,False,0.15152011405915175,0.15193859254873615,False,False,False,False,-2352.0,-770.7978162584673,False,False,False,False,105.31778339160387,False,False,False,False
2025-06-27 14:00:00+00:00,34.36,34.905,34.36,34.86,500.0,,,,,,,34.25807374935534,34.26176475396436,33.879855346995,33.879855346995,33.879855346995,33.74668464823556,33.761169148699715,33.80912875566893,33.80912875566893,33.83518600314095,33.85661462104755,33.85661462104755,33.85667073906486,33.990848759959334,33.83085513186992,33.571522653211396,33.571522653211396,33.571522653211396,33.571522653211396,33.563839156239254,33.257270685771665,33.033829165722345,32.843277803541056,32.667144910247664,32.46203800123512,32.46203800123512,32.46203800123512,32.46203800123512,32.46203800123512,32.46203800123512,32.473345659027906,32.561020864008334,32.79818499064325,33.140750573476716,33.18788029881001,33.363159753378476,33.46112025669643,33.665625820596425,33.68470615243343,33.68470615243343,33.68470615243343,33.68470615243343,33.68470615243343,33.70185357036375,33.92269774491244,33.96538276217199,33.96538276217199,33.96538276217199,33.96538276217199,33.96538276217199,33.96538276217199,33.96538276217199,33.96680159817711,,,,,,,,,,,34.477594627594634,34.477594627594634,33.91373640092741,33.67771023873176,33.67686335157427,33.67686335157427,33.818199127399645,33.818199127399645,33.818199127399645,33.818199127399645,33.818199127399645,33.818199127399645,33.818199127399645,33.819771719633124,33.85640222464691,33.85661462104755,33.86634063198394,33.86634063198394,33.864116307947015,33.96213529883968,33.96213529883968,33.91378522204451,33.91378522204451,33.68370593161651,33.30499731382759,33.21861385674489,32.9528902377526,32.69117391951968,32.52407299646031,32.47892659739111,32.47892659739111,32.4823198786772,32.60085560499631,32.60085560499631,32.60085560499631,32.599392738537105,32.59878897630675,32.59878897630675,32.59714053786653,32.876473130577544,33.05743991801181,33.16069694700051,33.18788029881001,33.18788029881001,33.18788029881001,33.18788029881001,33.196315199479464,33.43186746947651,33.441570786127016,33.465673640972554,33.60416542002302,33.60416542002302,33.60416542002302,33.60912836569766,33.67898534262093,33.67898534262093,33.67898534262093,33.67898534262093,33.67898534262093,33.67898534262093,33.67898534262093,33.81112543699853,33.92786444731044,33.92993344600033,,34.477594627594634,33.91373640092741,33.68370593161651,33.30499731382759,32.69117391951968,33.43186746947651,,,33.67686335157427,33.140750573476716,33.91384370437866,33.81811177488965,33.885973896293834,"rgba(38, 166, 154, 1.0)",0.7583789135889468,33.994292820939876,1.1415232722693427,71.44949881123958,15.406784587622482,True,False,True,False,True,15.36221131261021,33.4404,34.094199999999994,0.0,0.0,0.0,0.0,0,0.9871445266848468,0.895597974289053,False,False,False,False,0.22127393219350006,0.1866062623711181,False,False,False,False,-1852.0,-787.5606408125994,False,False,False,False,111.43688752506738,False,False,False,False
2025-06-27 15:00:00+00:00,34.86,35.06,34.86,35.06,300.0,,,,,,,34.310868836764,34.311895081467945,33.93455379073195,33.93455379073195,33.93455379073195,33.787345075016304,33.80092493009249,33.84572345831616,33.84572345831616,33.86831378718536,33.88666534484784,33.88666534484784,33.88671468428781,34.011735305692525,33.84936494878192,33.590482656946854,33.590482656946854,33.590482656946854,33.590482656946854,33.58281726187842,33.27821570283386,33.055785214511594,32.86604336521605,32.69068932748537,32.48606472399755,32.48606472399755,32.48606472399755,32.48606472399755,32.48606472399755,32.48606472399755,32.497114642939486,32.58275152128811,32.81393851318486,33.15262610398862,33.199323875120605,33.37307243527377,33.470226840478645,33.67309030315524,33.692022232161165,33.692022232161165,33.692022232161165,33.692022232161165,33.692022232161165,33.709033244385154,33.927869814227364,33.97022108736808,33.97022108736808,33.97022108736808,33.97022108736808,33.97022108736808,33.97022108736808,33.97022108736808,33.971629382286395,,,,,,,,,,,34.570520520520525,34.570520520520525,33.96856610800745,33.73099590477476,33.72222758251014,33.72222758251014,33.85399001692047,33.85399001692047,33.85399001692047,33.85399001692047,33.85399001692047,33.85399001692047,33.85399001692047,33.85446168752258,33.88659157963061,33.88666534484784,33.89432191232862,33.89432191232862,33.891480210016155,33.984227665500256,33.984227665500256,33.93263537240751,33.93263537240751,33.70241756758903,33.32567250387787,33.23975153512255,32.97523004026617,32.7146717360733,32.54818922203774,32.502527924658175,32.502527924658175,32.50581584063711,32.62077466026513,32.62077466026513,32.62077466026513,32.61926881244292,32.618120604592754,32.618120604592754,32.61638191470379,32.89119297066346,33.07011075960877,33.17238716422143,33.199323875120605,33.199323875120605,33.199323875120605,33.199323875120605,33.20768129844757,33.44121290108063,33.450833565468855,33.4747431000818,33.61211260488177,33.61211260488177,33.61211260488177,33.61703539738757,33.68634712446246,33.68634712446246,33.68634712446246,33.68634712446246,33.68634712446246,33.68634712446246,33.68634712446246,33.817364988887135,33.932992646665596,33.93504348870736,,34.570520520520525,33.96856610800745,33.70241756758903,33.32567250387787,32.7146717360733,33.44121290108063,,,33.72222758251014,33.15262610398862,33.963057525780734,33.8520174758739,33.927752932473076,"rgba(38, 166, 154, 1.0)",0.7669016991870549,34.05480006238498,1.310728531023696,75.13205222582957,19.071950983441553,True,False,True,False,True,17.588156494434198,33.478,34.09675,0.0,0.0,0.0,0.0,0,1.0257000383582668,0.8853087840429608,False,False,False,False,0.3170818686508036,0.25184406551096084,False,False,False,False,-1552.0,-799.4124138232568,False,False,False,False,114.36034663320586,False,False,False,False
2025-06-27 16:00:00+00:00,35.06,35.075,35.01,35.01,340.0,,,,,,,34.36511214401653,34.363765013423766,33.9924130086345,33.9924130086345,33.9924130086345,33.83170126511498,33.844341841322546,33.88585290605095,33.88585290605095,33.90484315355252,33.91997304928131,33.91997304928131,33.92001525520388,34.0352631340887,33.870322280729205,33.61193917765031,33.61193917765031,33.61193917765031,33.61193917765031,33.60429386289983,33.301867743129954,33.080562071254704,32.89172299143212,32.717238103179895,32.51315746363655,32.51315746363655,32.51315746363655,32.51315746363655,32.51315746363655,32.51315746363655,32.52392194985379,32.60729915386656,32.831830632212544,33.16617879366427,33.212392544733696,33.38442443701855,33.480674131507136,33.68169193000752,33.700456874255416,33.700456874255416,33.700456874255416,33.700456874255416,33.700456874255416,33.71731431693184,33.93388014285486,33.9758531529282,33.9758531529282,33.9758531529282,33.9758531529282,33.9758531529282,33.9758531529282,33.9758531529282,33.97724950230525,,,,,,,,,,,34.64871986699917,34.64871986699917,34.02642655141135,33.78807968676046,33.77144373203626,33.77144373203626,33.893284429178934,33.893284429178934,33.893284429178934,33.893284429178934,33.893284429178934,33.893284429178934,33.893284429178934,33.8926206819843,33.92004453800767,33.91997304928131,33.925449435187424,33.925449435187424,33.92195689203354,34.009057147505175,34.009057147505175,33.95396238799156,33.95396238799156,33.72359883457532,33.34902535094077,33.263617531076996,33.00043419487401,32.74116770931431,32.57537737064108,32.529149613531054,32.529149613531054,32.53232086458237,32.643310697495394,32.643310697495394,32.643310697495394,32.64175709885851,32.64000342222222,32.64000342222222,32.638164323607434,32.90792965066809,33.084554268182664,33.18573221448175,33.212392544733696,33.212392544733696,33.212392544733696,33.212392544733696,33.2206631289555,33.451928333168205,33.4614561840389,33.48514870655764,33.62125713654162,33.62125713654162,33.62125713654162,33.62613476988662,33.694833212741884,33.694833212741884,33.694833212741884,33.694833212741884,33.694833212741884,33.694833212741884,33.694833212741884,33.824585264336065,33.938953220573374,33.940983458127555,,34.64871986699917,34.02642655141135,33.72359883457532,33.34902535094077,32.74116770931431,33.451928333168205,,,33.77144373203626,33.16617879366427,34.01375603420102,33.88881527987606,33.9711187809841,"rgba(38, 166, 154, 1.0)",0.7676868085592012,34.11520279839138,1.1655758463376211,76.45473170196186,20.49363886964275,True,False,True,False,True,16.714890163306464,33.5146,34.098325,0.0,0.0,0.0,0.0,0,1.0370229007633593,0.8847328244274804,False,False,False,False,0.3420648515723698,0.29695445854166536,False,False,False,False,-1892.0,-816.3517562446017,False,False,False,False,117.85863583269104,False,False,False,False
2025-06-27 17:00:00+00:00,35.01,35.045,35.01,35.04,133.0,,,,,,,34.384172937719484,34.3820768913626,34.01341919959473,34.01341919959473,34.01341919959473,33.84820373625616,33.860503360283836,33.90082130111645,33.90082130111645,33.918515950491134,33.93248089558131,33.93248089558131,33.93252051086865,34.044173951048954,33.878319526422985,33.62015962850095,33.62015962850095,33.62015962850095,33.62015962850095,33.61252275682705,33.31094715655709,33.090085942183244,32.901603311810035,32.7274602331219,32.52359923937779,32.52359923937779,32.52359923937779,32.52359923937779,32.52359923937779,32.52359923937779,32.53425467538234,32.61676822702533,32.83875130097455,33.171427241765926,33.21745411820489,33.38882290349134,33.48472292553992,33.685027120407184,33.70372747872563,33.70372747872563,33.70372747872563,33.70372747872563,33.70372747872563,33.720525531042,33.93621346991828,33.97804005544221,33.97804005544221,33.97804005544221,33.97804005544221,33.97804005544221,33.97804005544221,33.97804005544221,33.97943177927857,,,,,,,,,,,34.672542095416276,34.672542095416276,34.04738218390805,33.80906916243654,33.78970385299778,33.78970385299778,33.90795117698343,33.90795117698343,33.90795117698343,33.90795117698343,33.90795117698343,33.90795117698343,33.90795117698343,33.906882884579176,33.93260470648203,33.93248089558131,33.937167091430396,33.937167091430396,33.93343992323452,34.01845249608548,34.01845249608548,33.96208149239078,33.96208149239078,33.73170190964137,33.35798739871585,33.27278126339582,33.01012616297147,32.75136815670517,32.585851448113715,32.5394115228875,32.5394115228875,32.54253826765845,32.65201204368231,32.65201204368231,32.65201204368231,32.650440319437614,32.64845587649138,32.64845587649138,32.64657856016353,32.91440564624603,33.09014651896003,33.19090050452955,33.21745411820489,33.21745411820489,33.21745411820489,33.21745411820489,33.2256911740147,33.45608077394364,33.465572759588156,33.489181387445676,33.6248022855127,33.6248022855127,33.6248022855127,33.629662458404894,33.698123712230576,33.698123712230576,33.698123712230576,33.698123712230576,33.698123712230576,33.698123712230576,33.698123712230576,33.82738635702738,33.94126729614827,33.94328956223603,,34.672542095416276,34.04738218390805,33.73170190964137,33.35798739871585,32.75136815670517,33.45608077394364,,,33.78970385299778,33.171427241765926,34.031877812736454,33.902425506373206,33.986739828544,"rgba(38, 166, 154, 1.0)",0.7675703154688597,34.13629578193435,1.1773569142178633,77.52492008223433,21.758617507624834,True,False,True,False,True,17.049526764605375,33.5582,34.10005,0.0,0.0,0.0,0.0,0,1.036980556614564,0.8886770873046129,False,False,False,False,0.33749263272147434,0.31722354563156985,False,False,False,False,-1759.0,-830.9664576981738,False,False,False,False,118.09338566474233,False,False,False,False
2025-06-27 18:00:00+00:00,35.04,35.04,34.755,34.78,200.0,,,,,,,34.40372191300762,34.400934798389756,34.038342920353976,34.038342920353976,34.038342920353976,33.86867034748253,33.8805180022064,33.91926869601515,33.91926869601515,33.9353570468596,33.947884812688905,33.947884812688905,33.94792120657629,34.05497755219392,33.88836373885416,33.630847360092076,33.630847360092076,33.630847360092076,33.630847360092076,33.62323019624696,33.323064985577616,33.102970755759586,32.915095210186394,32.74151937012722,32.538065202350346,32.538065202350346,32.538065202350346,32.538065202350346,32.538065202350346,32.538065202350346,32.54856594517483,32.62985689400133,32.848260586370344,33.17853404391269,33.22429054523234,33.39469988735361,33.490093941230526,33.6893699645902,33.70797750947842,33.70797750947842,33.70797750947842,33.70797750947842,33.70797750947842,33.72469050277285,33.93915137371098,33.980773418618966,33.980773418618966,33.980773418618966,33.980773418618966,33.980773418618966,33.980773418618966,33.980773418618966,33.9821586619507,,,,,,,,,,,34.688435272312525,34.688435272312525,34.072031155015196,33.83504104785479,33.81249155915698,33.81249155915698,33.92601412778358,33.92601412778358,33.92601412778358,33.92601412778358,33.92601412778358,33.92601412778358,33.92601412778358,33.924466518819685,33.9480708935483,33.947884812688905,33.951609961325396,33.951609961325396,33.947611277101046,34.02989813300628,34.02989813300628,33.972121280011955,33.972121280011955,33.74209998461776,33.36990862500497,33.285043372903864,33.02329284509985,32.765384223072225,32.600330466178185,32.553623215051786,32.553623215051786,32.556687440174336,32.66403362756316,32.66403362756316,32.66403362756316,32.66243778188339,32.66013815099693,32.66013815099693,32.65820927440206,32.92327878704888,33.097750315357956,33.19789139746628,33.22429054523234,33.22429054523234,33.22429054523234,33.22429054523234,33.23247914241366,33.46160167066945,33.47104196527329,33.49452911499528,33.6294472163124,33.6294472163124,33.6294472163124,33.6342823033972,33.70240224459442,33.70240224459442,33.70240224459442,33.70240224459442,33.70240224459442,33.70240224459442,33.70240224459442,33.83097138667687,33.944178478273514,33.94618972156632,,34.688435272312525,34.072031155015196,33.74209998461776,33.36990862500497,32.765384223072225,33.46160167066945,,,33.81249155915698,33.17853404391269,34.052320385945265,33.918821001032775,34.004608815905456,"rgba(38, 166, 154, 0.5)",0.7616176300573598,34.158954993932326,0.8154288734373205,72.69748254608092,21.758617507624834,True,False,True,False,False,12.601636555061514,33.596599999999995,34.100475,0.0,0.0,0.0,0.0,0,1.0156716417910454,0.8914179104477612,False,False,False,False,0.29840866036134645,0.3078161029964581,False,False,False,False,-1959.0,-848.4553498268843,False,False,False,False,119.36325565443624,False,False,False,False
2025-06-27 19:00:00+00:00,34.78,34.905,34.78,34.905,34.0,,,,,,,34.4069208461276,34.40402654867256,34.04245939731924,34.04245939731924,34.04245939731924,33.872084637388525,33.883857904381145,33.92235061609857,33.92235061609857,33.93817537591187,33.9504667496198,33.9504667496198,33.9505026125902,34.05679696809215,33.8900595116295,33.63265327817044,33.63265327817044,33.63265327817044,33.63265327817044,33.62503947820117,33.32511281429634,33.105148708804876,32.917376205234156,32.74389659603914,32.540511868288306,32.540511868288306,32.540511868288306,32.540511868288306,32.540511868288306,32.540511868288306,32.55098657972708,32.632071739679944,32.84987226534933,33.17973982781486,33.22545061548497,33.39569769997802,33.49100616089978,33.69010819708516,33.7087000318815,33.7087000318815,33.7087000318815,33.7087000318815,33.7087000318815,33.725398626938116,33.93965166327007,33.98123904104275,33.98123904104275,33.98123904104275,33.98123904104275,33.98123904104275,33.98123904104275,33.98123904104275,33.982623185934,,,,,,,,,,,34.69094224283305,34.69094224283305,34.076098931559315,33.8393498890806,33.8162872268848,33.8162872268848,33.92903286918632,33.92903286918632,33.92903286918632,33.92903286918632,33.92903286918632,33.92903286918632,33.92903286918632,33.92740696389094,33.95066305705956,33.9504667496198,33.95403362001564,33.95403362001564,33.94999032118387,34.03182449580785,34.03182449580785,33.97381522063209,33.97381522063209,33.74385643199412,33.37192316339351,33.28711565939371,33.025518594943314,32.767754078208576,32.60277897997285,32.55602710093465,32.55602710093465,32.559080810546874,32.666068907639264,32.666068907639264,32.666068907639264,32.664469010133914,32.66211635460956,32.66211635460956,32.660178807541094,32.924783048270626,33.09904011430538,33.199077584822405,33.22545061548497,33.22545061548497,33.22545061548497,33.22545061548497,33.23363101915327,33.46253924693107,33.471970796952164,33.49543739469285,33.63023657653929,33.63023657653929,33.63023657653929,33.63506741819321,33.70312959141054,33.70312959141054,33.70312959141054,33.70312959141054,33.70312959141054,33.70312959141054,33.70312959141054,33.83158131762471,33.94467423893903,33.94668361394005,,34.69094224283305,34.076098931559315,33.74385643199412,33.37192316339351,32.767754078208576,33.46253924693107,,,33.8162872268848,33.17973982781486,34.055702073336604,33.92155449595354,34.00757783359866,"rgba(38, 166, 154, 0.5)",0.7607583757712308,34.1626758715436,0.9757685910508183,70.72847933317627,26.664911543206742,True,False,True,False,False,14.046548530069522,33.6375,34.102199999999996,0.0,0.0,0.0,0.0,0,1.0173752310536048,0.9024029574861366,False,False,False,False,0.2821421988090227,0.2949791509027404,False,False,False,False,-1925.0,-865.1459645582505,False,False,False,False,118.03979432646048,False,False,False,False
2025-06-30 14:00:00+00:00,35.44,35.44,35.44,35.44,0.0,,,,,,,34.4069208461276,34.40402654867256,34.04245939731924,34.04245939731924,34.04245939731924,33.872084637388525,33.883857904381145,33.92235061609857,33.92235061609857,33.93817537591187,33.9504667496198,33.9504667496198,33.9505026125902,34.05679696809215,33.8900595116295,33.63265327817044,33.63265327817044,33.63265327817044,33.63265327817044,33.62503947820117,33.32511281429634,33.105148708804876,32.917376205234156,32.74389659603914,32.540511868288306,32.540511868288306,32.540511868288306,32.540511868288306,32.540511868288306,32.540511868288306,32.55098657972708,32.632071739679944,32.84987226534933,33.17973982781486,33.22545061548497,33.39569769997802,33.49100616089978,33.69010819708516,33.7087000318815,33.7087000318815,33.7087000318815,33.7087000318815,33.7087000318815,33.725398626938116,33.93965166327007,33.98123904104275,33.98123904104275,33.98123904104275,33.98123904104275,33.98123904104275,33.98123904104275,33.98123904104275,33.982623185934,,,,,,,,,,,34.69094224283305,34.69094224283305,34.076098931559315,33.8393498890806,33.8162872268848,33.8162872268848,33.92903286918632,33.92903286918632,33.92903286918632,33.92903286918632,33.92903286918632,33.92903286918632,33.92903286918632,33.92740696389094,33.95066305705956,33.9504667496198,33.95403362001564,33.95403362001564,33.94999032118387,34.03182449580785,34.03182449580785,33.97381522063209,33.97381522063209,33.74385643199412,33.37192316339351,33.28711565939371,33.025518594943314,32.767754078208576,32.60277897997285,32.55602710093465,32.55602710093465,32.559080810546874,32.666068907639264,32.666068907639264,32.666068907639264,32.664469010133914,32.66211635460956,32.66211635460956,32.660178807541094,32.924783048270626,33.09904011430538,33.199077584822405,33.22545061548497,33.22545061548497,33.22545061548497,33.22545061548497,33.23363101915327,33.46253924693107,33.471970796952164,33.49543739469285,33.63023657653929,33.63023657653929,33.63023657653929,33.63506741819321,33.70312959141054,33.70312959141054,33.70312959141054,33.70312959141054,33.70312959141054,33.70312959141054,33.70312959141054,33.83158131762471,33.94467423893903,33.94668361394005,,34.69094224283305,34.076098931559315,33.74385643199412,33.37192316339351,32.767754078208576,33.46253924693107,,,33.8162872268848,33.17973982781486,34.055702073336604,33.92155449595354,34.00757783359866,"rgba(0, 255, 255, 0.75)",0.773614425459515,34.1626758715436,1.6511120868741411,73.0476986378984,26.664911543206742,True,False,True,False,False,19.64470524542891,33.689099999999996,34.107025,0.0,0.0,0.0,0.0,0,1.0256045519203418,0.906116642958748,False,False,False,False,0.34282822815094066,0.31890368952684056,False,False,False,False,-1925.0,-881.5778100689753,False,False,False,False,116.20971999581768,False,False,False,False
2025-06-30 15:00:00+00:00,35.44,35.44,35.355,35.355,100.0,,,,,,,34.426507856904045,34.422913854066216,34.061853003567634,34.061853003567634,34.061853003567634,33.887189571880725,33.898696849744354,33.93624488825487,33.93624488825487,33.950970045742956,33.96225503907856,33.96225503907856,33.96228866770859,34.06552073742821,33.89765964305104,33.64016563680055,33.64016563680055,33.64016563680055,33.64016563680055,33.6325522702672,33.33312987704333,33.1134086871397,32.92583865248227,32.75256555106688,32.54928248953609,32.54928248953609,32.54928248953609,32.54928248953609,32.54928248953609,32.54928248953609,32.55967129672216,32.64007284941546,32.85581796135492,33.18436854524196,33.229933316714444,33.39966163439231,33.494696130621584,33.69323407423818,33.711774558762336,33.711774558762336,33.711774558762336,33.711774558762336,33.711774558762336,33.72842565712999,33.94194657277294,33.983411315103154,33.983411315103154,33.983411315103154,33.983411315103154,33.983411315103154,33.983411315103154,33.983411315103154,33.984791602163185,,,,,,,,,,,34.718951591154266,34.718951591154266,34.095569208618805,33.85814686307929,33.832759907495,33.832759907495,33.942679303118446,33.942679303118446,33.942679303118446,33.942679303118446,33.942679303118446,33.942679303118446,33.942679303118446,33.940695813557255,33.96249841663224,33.96225503907856,33.96512205844324,33.96512205844324,33.960859685043346,34.040950146297554,34.040950146297554,33.981651100733835,33.981651100733835,33.751375588577034,33.37987183033657,33.2951795858178,33.0338772688599,32.776415223462145,32.61159941631773,32.5646553548177,32.5646553548177,32.56767352237232,32.673444761129204,32.673444761129204,32.673444761129204,32.67182922757625,32.66928367617493,32.66928367617493,32.66731364791574,32.93037701934016,33.10393761702616,33.20364362313691,33.229933316714444,33.229933316714444,33.229933316714444,33.229933316714444,33.23808746907694,33.466310538233984,33.47571379614217,33.499114708116636,33.633528962508066,33.633528962508066,33.633528962508066,33.63834592905142,33.70622001912891,33.70622001912891,33.70622001912891,33.70622001912891,33.70622001912891,33.70622001912891,33.70622001912891,33.83427308839856,33.9469528696855,33.9489554638371,,34.718951591154266,34.095569208618805,33.751375588577034,33.37987183033657,32.776415223462145,33.466310538233984,,,33.832759907495,33.18436854524196,34.07319462521984,33.93437604546827,34.02266987041607,"rgba(38, 166, 154, 1.0)",0.7849881045749046,34.183348434801985,1.4925723821413794,73.15940662154796,26.664911543206742,True,False,True,False,False,18.256149571003714,33.742200000000004,34.111425,0.0,0.0,0.0,0.0,0,1.0230578219226678,0.9063497694217807,False,False,False,False,0.331706343827361,0.32530501667710077,False,False,False,False,-2025.0,-899.3052858818594,False,False,False,False,115.95840650751043,False,False,False,False
2025-06-30 16:00:00+00:00,35.355,35.525,35.355,35.525,72.0,,,,,,,34.4413410454156,34.43723194470864,34.07634864968031,34.07634864968031,34.07634864968031,33.89848681816678,33.909801676984046,33.94666430528005,33.94666430528005,33.96058121462713,33.971123742537,33.971123742537,33.971155722735574,34.07213171444779,33.903394354293454,33.64579654346338,33.64579654346338,33.64579654346338,33.64579654346338,33.638182541034816,33.339101314171046,33.11954019455394,32.93210524213793,32.75897255261749,32.555752295931455,32.555752295931455,32.555752295931455,32.555752295931455,32.555752295931455,32.555752295931455,32.56607862934067,32.64598250043531,32.860224997266606,33.18781755769487,33.233276291225884,33.40262776726742,33.49746318112485,33.6955904006883,33.71409344823371,33.71409344823371,33.71409344823371,33.71409344823371,33.71409344823371,33.73070987485489,33.94369156875199,33.98506590113025,33.98506590113025,33.98506590113025,33.98506590113025,33.98506590113025,33.98506590113025,33.98506590113025,33.98644334652894,,,,,,,,,,,34.74016050838575,34.74016050838575,34.11013434522055,33.87213834580416,33.84504590505998,33.84504590505998,33.95291763755553,33.95291763755553,33.95291763755553,33.95291763755553,33.95291763755553,33.95291763755553,33.95291763755553,33.95066950791923,33.971402096849246,33.971123742537,33.9734719436301,33.9734719436301,33.96904567966412,34.04785591094387,34.04785591094387,33.98757807308971,33.98757807308971,33.75702657402329,33.38579724422378,33.30118208207057,33.04007531824611,32.782817988613964,32.61810925433599,32.5710215184734,32.5710215184734,32.57401376239627,32.678896429345464,32.678896429345464,32.678896429345464,32.67726930905292,32.67458170123645,32.67458170123645,32.67258767227177,32.93452796329109,33.10758184555667,33.20704711014633,33.233276291225884,33.233276291225884,33.233276291225884,33.233276291225884,33.24141137100669,33.4691367016966,33.47851936953674,33.50187255645679,33.63600661427759,33.63600661427759,33.63600661427759,33.64081346642446,33.708550514327705,33.708550514327705,33.708550514327705,33.708550514327705,33.708550514327705,33.708550514327705,33.708550514327705,33.83631141718642,33.94868584115132,33.95068342047208,,34.74016050838575,34.11013434522055,33.75702657402329,33.38579724422378,32.782817988613964,33.4691367016966,,,33.84504590505998,33.18781755769487,34.0863254875285,33.944005762547114,34.034007490298926,"rgba(0, 255, 255, 0.75)",0.799133387596182,34.19886275829275,1.659469197872351,74.21714458929557,26.664911543206742,True,False,True,False,True,19.905744132497578,33.7955,34.1145,0.0,0.0,0.0,0.0,0,1.0222379103423935,0.9050476526650194,False,False,False,False,0.34282822815094066,0.33406662241402074,False,False,False,False,-1953.0,-915.6416380387299,False,False,False,False,115.27688082522344,False,False,False,False
2025-06-30 17:00:00+00:00,35.525,35.59,35.435,35.445,425.0,,,,,,,34.52263985163565,34.51597647541945,34.157417577474924,34.157417577474924,34.157417577474924,33.9628929410271,33.97314673332075,34.00622820559389,34.00622820559389,34.01570358435097,34.02214511539677,34.02214511539677,34.022167957431115,34.11050616654992,33.936867047240845,33.67872736439646,33.67872736439646,33.67872736439646,33.67872736439646,33.67111097164693,33.374031843077326,33.15542043592849,32.96878592075221,32.79648181661496,32.59364519396333,32.59364519396333,32.59364519396333,32.59364519396333,32.59364519396333,32.59364519396333,32.60361008758682,32.68063282974514,32.88615244237208,33.20815739508843,33.25299681299476,33.42014619536598,33.51381752929059,33.70954126650203,33.72782510082174,33.72782510082174,33.72782510082174,33.72782510082174,33.72782510082174,33.744238468311984,33.95405638356597,33.99489950083536,33.99489950083536,33.99489950083536,33.99489950083536,33.99489950083536,33.99489950083536,33.99489950083536,33.99626024815777,,,,,,,,,,,34.8474969125407,34.8474969125407,34.19146050016179,33.95107201622469,33.91488661338661,33.91488661338661,34.011484968023424,34.011484968023424,34.011484968023424,34.011484968023424,34.011484968023424,34.011484968023424,34.011484968023424,34.00779126284234,34.02261651589694,34.02214511539677,34.021617489604346,34.021617489604346,34.01628373769852,34.087897149452324,34.087897149452324,34.022121179334604,34.022121179334604,33.79005261348521,33.42045681213343,33.33629636619861,33.07634837136387,32.82030014768482,32.65622653883389,32.608314945638554,32.608314945638554,32.61115730056446,32.71089468891448,32.71089468891448,32.71089468891448,32.709200568065455,32.705690082501384,32.705690082501384,32.70355705565901,32.95896325961258,33.12906146361472,33.22712107419209,33.25299681299476,33.25299681299476,33.25299681299476,33.25299681299476,33.261020484935536,33.485836752286325,33.49509900702068,33.518173084342926,33.650667733452416,33.650667733452416,33.650667733452416,33.6554153815664,33.72235013214254,33.72235013214254,33.72235013214254,33.72235013214254,33.72235013214254,33.72235013214254,33.72235013214254,33.84839874451802,33.958980000209536,33.96094810723738,,34.8474969125407,34.19146050016179,33.79005261348521,33.42045681213343,32.82030014768482,33.485836752286325,,,33.91488661338661,33.20815739508843,34.15920447766869,33.99874602803072,34.097383155245026,"rgba(38, 166, 154, 1.0)",0.822642824205012,34.28357574308485,1.4118208081830992,73.51219731212802,26.664911543206742,True,False,True,False,True,18.599136335754576,33.8472,34.117225,0.0,0.0,0.0,0.0,0,1.0206005586592186,0.9015363128491617,False,False,False,False,0.34282822880925456,0.33844742561163765,False,False,False,False,-2378.0,-938.3138607047961,False,False,False,False,120.07878964963858,False,False,False,False
2025-06-30 18:00:00+00:00,35.445,35.465,35.445,35.465,0.0,,,,,,,34.52263985163565,34.51597647541945,34.157417577474924,34.157417577474924,34.157417577474924,33.9628929410271,33.97314673332075,34.00622820559389,34.00622820559389,34.01570358435097,34.02214511539677,34.02214511539677,34.022167957431115,34.11050616654992,33.936867047240845,33.67872736439646,33.67872736439646,33.67872736439646,33.67872736439646,33.67111097164693,33.374031843077326,33.15542043592849,32.96878592075221,32.79648181661496,32.59364519396333,32.59364519396333,32.59364519396333,32.59364519396333,32.59364519396333,32.59364519396333,32.60361008758682,32.68063282974514,32.88615244237208,33.20815739508843,33.25299681299476,33.42014619536598,33.51381752929059,33.70954126650203,33.72782510082174,33.72782510082174,33.72782510082174,33.72782510082174,33.72782510082174,33.744238468311984,33.95405638356597,33.99489950083536,33.99489950083536,33.99489950083536,33.99489950083536,33.99489950083536,33.99489950083536,33.99489950083536,33.99626024815777,,,,,,,,,,,34.8474969125407,34.8474969125407,34.19146050016179,33.95107201622469,33.91488661338661,33.91488661338661,34.011484968023424,34.011484968023424,34.011484968023424,34.011484968023424,34.011484968023424,34.011484968023424,34.011484968023424,34.00779126284234,34.02261651589694,34.02214511539677,34.021617489604346,34.021617489604346,34.01628373769852,34.087897149452324,34.087897149452324,34.022121179334604,34.022121179334604,33.79005261348521,33.42045681213343,33.33629636619861,33.07634837136387,32.82030014768482,32.65622653883389,32.608314945638554,32.608314945638554,32.61115730056446,32.71089468891448,32.71089468891448,32.71089468891448,32.709200568065455,32.705690082501384,32.705690082501384,32.70355705565901,32.95896325961258,33.12906146361472,33.22712107419209,33.25299681299476,33.25299681299476,33.25299681299476,33.25299681299476,33.261020484935536,33.485836752286325,33.49509900702068,33.518173084342926,33.650667733452416,33.650667733452416,33.650667733452416,33.6554153815664,33.72235013214254,33.72235013214254,33.72235013214254,33.72235013214254,33.72235013214254,33.72235013214254,33.72235013214254,33.84839874451802,33.958980000209536,33.96094810723738,,34.8474969125407,34.19146050016179,33.79005261348521,33.42045681213343,32.82030014768482,33.485836752286325,,,33.91488661338661,33.20815739508843,34.15920447766869,33.99874602803072,34.097383155245026,"rgba(38, 166, 154, 1.0)",0.8451915823117245,34.28357574308485,1.3978182954493932,73.18495265542481,26.664911543206742,True,False,True,False,True,18.79652846022384,33.8993,34.11925,0.0,0.0,0.0,0.0,0,1.0234102026554863,0.910202655485674,False,False,False,False,0.32817484232479194,0.33331113396821477,False,False,False,False,-2378.0,-960.6345760427062,False,False,False,False,118.21710298840387,False,False,False,False
2025-06-30 19:00:00+00:00,35.465,35.48,35.235,35.34,281.0,,,,,,,34.5630626409856,34.55535748225166,34.20104524180967,34.20104524180967,34.20104524180967,33.99908374292868,34.00874023706699,34.03970630774225,34.03970630774225,34.04679822744968,34.05103211422975,34.05103211422975,34.051049993557534,34.1323258675342,33.956330412219735,33.698247999889276,33.698247999889276,33.698247999889276,33.698247999889276,33.690639387423154,33.39504108225273,33.17718231719502,32.99116674465762,32.81947643448092,32.61699501872997,32.61699501872997,32.61699501872997,32.61699501872997,32.61699501872997,32.61699501872997,32.62673619638026,32.701977401129945,32.90212020988906,33.220606007371444,33.2650527094066,33.43080500513868,33.523737346574215,33.717939279777724,33.73608451290591,33.73608451290591,33.73608451290591,33.73608451290591,33.73608451290591,33.75236979963636,33.9602230212815,34.000735907209815,34.000735907209815,34.000735907209815,34.000735907209815,34.000735907209815,34.000735907209815,34.000735907209815,34.00208625243471,,,,,,,,,,,34.891088205128206,34.891088205128206,34.23497597437267,33.994840599051,33.95411848540796,33.95411848540796,34.04441816061798,34.04441816061798,34.04441816061798,34.04441816061798,34.04441816061798,34.04441816061798,34.04441816061798,34.03997372308391,34.05160534554581,34.05103211422975,34.04896193054336,34.04896193054336,34.043153956319365,34.11067872722607,34.11067872722607,34.04202964581336,34.04202964581336,33.80948461901811,33.441262316451336,33.357448984673624,33.09840606959682,32.84326279712905,32.67967458155326,32.63129478924461,32.63129478924461,32.6340451068973,32.73062080209828,32.73062080209828,32.73062080209828,32.72888700355268,32.724880156579346,32.724880156579346,32.72266397055677,32.97399522297741,33.142232110220746,33.23940117933423,33.2650527094066,33.2650527094066,33.2650527094066,33.2650527094066,33.27300578722594,33.4959759556501,33.5051619955121,33.528058758818304,33.65951513188339,33.65951513188339,33.65951513188339,33.6642253664307,33.73065241963757,33.73065241963757,33.73065241963757,33.73065241963757,33.73065241963757,33.73065241963757,33.73065241963757,33.855628715526194,33.96510289707685,33.967052800124975,,34.891088205128206,34.23497597437267,33.80948461901811,33.441262316451336,32.84326279712905,33.4959759556501,,,33.95411848540796,33.220606007371444,34.19755566008662,34.029049628017376,34.13127624031567,"rgba(38, 166, 154, 1.0)",0.8636178980739473,34.3264971316246,1.1735547290482662,70.61193174302983,25.229796396537594,True,False,True,False,False,16.748679920073304,33.9489,34.1209,0.0,0.0,0.0,0.0,0,1.0141623488773752,0.9081174438687393,False,False,False,False,0.30363176652170265,0.3184714502449587,False,False,False,False,-2659.0,-986.9658229257649,False,False,False,False,120.7408688335449,False,False,False,False
2025-07-01 14:00:00+00:00,35.34,35.34,35.34,35.34,0.0,,,,,,,34.5630626409856,34.55535748225166,34.20104524180967,34.20104524180967,34.20104524180967,33.99908374292868,34.00874023706699,34.03970630774225,34.03970630774225,34.04679822744968,34.05103211422975,34.05103211422975,34.051049993557534,34.1323258675342,33.956330412219735,33.698247999889276,33.698247999889276,33.698247999889276,33.698247999889276,33.690639387423154,33.39504108225273,33.17718231719502,32.99116674465762,32.81947643448092,32.61699501872997,32.61699501872997,32.61699501872997,32.61699501872997,32.61699501872997,32.61699501872997,32.62673619638026,32.701977401129945,32.90212020988906,33.220606007371444,33.2650527094066,33.43080500513868,33.523737346574215,33.717939279777724,33.73608451290591,33.73608451290591,33.73608451290591,33.73608451290591,33.73608451290591,33.75236979963636,33.9602230212815,34.000735907209815,34.000735907209815,34.000735907209815,34.000735907209815,34.000735907209815,34.000735907209815,34.000735907209815,34.00208625243471,,,,,,,,,,,34.891088205128206,34.891088205128206,34.23497597437267,33.994840599051,33.95411848540796,33.95411848540796,34.04441816061798,34.04441816061798,34.04441816061798,34.04441816061798,34.04441816061798,34.04441816061798,34.04441816061798,34.03997372308391,34.05160534554581,34.05103211422975,34.04896193054336,34.04896193054336,34.043153956319365,34.11067872722607,34.11067872722607,34.04202964581336,34.04202964581336,33.80948461901811,33.441262316451336,33.357448984673624,33.09840606959682,32.84326279712905,32.67967458155326,32.63129478924461,32.63129478924461,32.6340451068973,32.73062080209828,32.73062080209828,32.73062080209828,32.72888700355268,32.724880156579346,32.724880156579346,32.72266397055677,32.97399522297741,33.142232110220746,33.23940117933423,33.2650527094066,33.2650527094066,33.2650527094066,33.2650527094066,33.27300578722594,33.4959759556501,33.5051619955121,33.528058758818304,33.65951513188339,33.65951513188339,33.65951513188339,33.6642253664307,33.73065241963757,33.73065241963757,33.73065241963757,33.73065241963757,33.73065241963757,33.73065241963757,33.73065241963757,33.855628715526194,33.96510289707685,33.967052800124975,,34.891088205128206,34.23497597437267,33.80948461901811,33.441262316451336,32.84326279712905,33.4959759556501,,,33.95411848540796,33.220606007371444,34.19755566008662,34.029049628017376,34.13127624031567,"rgba(38, 166, 154, 1.0)",0.8813449079938223,34.3264971316246,1.1499503306627246,68.89658446809985,23.38922840089343,True,False,True,False,False,16.748679920073304,33.9963,34.12255,0.0,0.0,0.0,0.0,0,1.0214162348877383,0.9122625215889462,False,False,False,False,0.29926469506273207,0.3088680726538454,False,False,False,False,-2659.0,-1012.8888334230397,False,False,False,False,118.86891737876125,False,False,False,False
2025-07-01 15:00:00+00:00,35.34,35.56,35.34,35.56,170.0,,,,,,,34.58952693971571,34.581172346323164,34.22884422962775,34.22884422962775,34.22884422962775,34.02217231199975,34.03147139539793,34.06116519817383,34.06116519817383,34.06679149990471,34.06965822076369,34.06965822076369,34.069673025562764,34.1465785563947,33.96896185343433,33.7107843339381,33.7107843339381,33.7107843339381,33.7107843339381,33.703177357095925,33.4083980691935,33.19094418544873,33.005266551449076,32.83391893613632,32.631618206888284,32.631618206888284,32.631618206888284,32.631618206888284,32.631618206888284,32.631618206888284,32.641222897609325,32.71537518160034,32.912207286835944,33.22853990320257,33.27274684567222,33.43764567144898,33.530126234101076,33.723394749256116,33.741454784418465,33.741454784418465,33.741454784418465,33.741454784418465,33.741454784418465,33.757661180806075,33.964286780673184,34.00459293359596,34.00459293359596,34.00459293359596,34.00459293359596,34.00459293359596,34.00459293359596,34.00459293359596,34.005936775295986,,,,,,,,,,,34.92069298245614,34.92069298245614,34.262747759505785,34.02252128356254,33.97902367523818,33.97902367523818,34.06554545454545,34.06554545454545,34.06554545454545,34.06554545454545,34.06554545454545,34.06554545454545,34.06554545454545,34.06063382056451,34.070295334405884,34.06965822076369,34.06662415088886,34.06662415088886,34.0605149156939,34.12552312053137,34.12552312053137,34.05499903182651,34.05499903182651,33.8220163062588,33.454507230919646,33.37088353190069,33.11233130973613,32.85769046778181,32.69436997002546,32.64569190690868,32.64569190690868,32.64838582327892,32.74301965350552,32.74301965350552,32.74301965350552,32.74126090934685,32.73694500835154,32.73694500835154,32.734676765094385,32.98350910211295,33.15060685017863,33.24723217519047,33.27274684567222,33.27274684567222,33.27274684567222,33.27274684567222,33.28065679258326,33.502499036237474,33.51163837245817,33.53442675362263,33.665246578712676,33.665246578712676,33.665246578712676,33.66993382221977,33.736049093692,33.736049093692,33.736049093692,33.736049093692,33.736049093692,33.736049093692,33.736049093692,33.86036071859286,33.9691391901381,33.97107764015477,,34.92069298245614,34.262747759505785,33.8220163062588,33.454507230919646,32.85769046778181,33.502499036237474,,,33.97902367523818,33.22853990320257,34.22228178549259,34.04854210741699,34.15316971270061,"rgba(38, 166, 154, 1.0)",0.9037810565607104,34.35422379657385,1.3341463562144906,69.80528389225921,23.38922840089343,True,False,True,False,False,18.989668917532985,34.0481,34.1253,0.0,0.0,0.0,0.0,0,1.021095610751957,0.8986049676760801,False,False,False,False,0.32690712320368037,0.31788759792876287,False,False,False,False,-2489.0,-1035.7742778660934,False,False,False,False,119.66164734188123,False,False,False,False
2025-07-01 16:00:00+00:00,35.56,35.56,35.56,35.56,0.0,,,,,,,34.58952693971571,34.581172346323164,34.22884422962775,34.22884422962775,34.22884422962775,34.02217231199975,34.03147139539793,34.06116519817383,34.06116519817383,34.06679149990471,34.06965822076369,34.06965822076369,34.069673025562764,34.1465785563947,33.96896185343433,33.7107843339381,33.7107843339381,33.7107843339381,33.7107843339381,33.703177357095925,33.4083980691935,33.19094418544873,33.005266551449076,32.83391893613632,32.631618206888284,32.631618206888284,32.631618206888284,32.631618206888284,32.631618206888284,32.631618206888284,32.641222897609325,32.71537518160034,32.912207286835944,33.22853990320257,33.27274684567222,33.43764567144898,33.530126234101076,33.723394749256116,33.741454784418465,33.741454784418465,33.741454784418465,33.741454784418465,33.741454784418465,33.757661180806075,33.964286780673184,34.00459293359596,34.00459293359596,34.00459293359596,34.00459293359596,34.00459293359596,34.00459293359596,34.00459293359596,34.005936775295986,,,,,,,,,,,34.92069298245614,34.92069298245614,34.262747759505785,34.02252128356254,33.97902367523818,33.97902367523818,34.06554545454545,34.06554545454545,34.06554545454545,34.06554545454545,34.06554545454545,34.06554545454545,34.06554545454545,34.06063382056451,34.070295334405884,34.06965822076369,34.06662415088886,34.06662415088886,34.0605149156939,34.12552312053137,34.12552312053137,34.05499903182651,34.05499903182651,33.8220163062588,33.454507230919646,33.37088353190069,33.11233130973613,32.85769046778181,32.69436997002546,32.64569190690868,32.64569190690868,32.64838582327892,32.74301965350552,32.74301965350552,32.74301965350552,32.74126090934685,32.73694500835154,32.73694500835154,32.734676765094385,32.98350910211295,33.15060685017863,33.24723217519047,33.27274684567222,33.27274684567222,33.27274684567222,33.27274684567222,33.28065679258326,33.502499036237474,33.51163837245817,33.53442675362263,33.665246578712676,33.665246578712676,33.665246578712676,33.66993382221977,33.736049093692,33.736049093692,33.736049093692,33.736049093692,33.736049093692,33.736049093692,33.736049093692,33.86036071859286,33.9691391901381,33.97107764015477,,34.92069298245614,34.262747759505785,33.8220163062588,33.454507230919646,32.85769046778181,33.502499036237474,,,33.97902367523818,33.22853990320257,34.22228178549259,34.04854210741699,34.15316971270061,"rgba(38, 166, 154, 1.0)",0.9243458753611098,34.35422379657385,1.304464308833638,70.41108350836546,23.38922840089343,True,False,True,False,False,18.989668917532974,34.0999,34.12765,0.0,0.0,0.0,0.0,0,1.0561914672216448,0.8966354491848766,False,False,False,False,0.3428282292229591,0.330357913575861,False,False,False,False,-2489.0,-1058.3049092170068,False,False,False,False,117.80642800324742,False,False,False,False
2025-07-01 17:00:00+00:00,35.56,35.56,35.56,35.56,0.0,,,,,,,34.58952693971571,34.581172346323164,34.22884422962775,34.22884422962775,34.22884422962775,34.02217231199975,34.03147139539793,34.06116519817383,34.06116519817383,34.06679149990471,34.06965822076369,34.06965822076369,34.069673025562764,34.1465785563947,33.96896185343433,33.7107843339381,33.7107843339381,33.7107843339381,33.7107843339381,33.703177357095925,33.4083980691935,33.19094418544873,33.005266551449076,32.83391893613632,32.631618206888284,32.631618206888284,32.631618206888284,32.631618206888284,32.631618206888284,32.631618206888284,32.641222897609325,32.71537518160034,32.912207286835944,33.22853990320257,33.27274684567222,33.43764567144898,33.530126234101076,33.723394749256116,33.741454784418465,33.741454784418465,33.741454784418465,33.741454784418465,33.741454784418465,33.757661180806075,33.964286780673184,34.00459293359596,34.00459293359596,34.00459293359596,34.00459293359596,34.00459293359596,34.00459293359596,34.00459293359596,34.005936775295986,,,,,,,,,,,34.92069298245614,34.92069298245614,34.262747759505785,34.02252128356254,33.97902367523818,33.97902367523818,34.06554545454545,34.06554545454545,34.06554545454545,34.06554545454545,34.06554545454545,34.06554545454545,34.06554545454545,34.06063382056451,34.070295334405884,34.06965822076369,34.06662415088886,34.06662415088886,34.0605149156939,34.12552312053137,34.12552312053137,34.05499903182651,34.05499903182651,33.8220163062588,33.454507230919646,33.37088353190069,33.11233130973613,32.85769046778181,32.69436997002546,32.64569190690868,32.64569190690868,32.64838582327892,32.74301965350552,32.74301965350552,32.74301965350552,32.74126090934685,32.73694500835154,32.73694500835154,32.734676765094385,32.98350910211295,33.15060685017863,33.24723217519047,33.27274684567222,33.27274684567222,33.27274684567222,33.27274684567222,33.28065679258326,33.502499036237474,33.51163837245817,33.53442675362263,33.665246578712676,33.665246578712676,33.665246578712676,33.66993382221977,33.736049093692,33.736049093692,33.736049093692,33.736049093692,33.736049093692,33.736049093692,33.736049093692,33.86036071859286,33.9691391901381,33.97107764015477,,34.92069298245614,34.262747759505785,33.8220163062588,33.454507230919646,32.85769046778181,33.502499036237474,,,33.97902367523818,33.22853990320257,34.22228178549259,34.04854210741699,34.15316971270061,"rgba(38, 166, 154, 1.0)",0.9441504022038991,34.35422379657385,1.277101826797458,70.81494991910296,23.38922840089343,True,False,True,False,False,18.989668917532974,34.1517,34.1318,0.0,0.0,0.0,0.0,0,1.0567028351417578,0.885194259712985,False,False,False,False,0.3428282292229591,0.33659307139941,False,False,False,False,-2489.0,-1080.4862284539524,False,False,False,False,115.97997175513505,False,False,False,False
2025-07-01 18:00:00+00:00,35.56,35.9,35.56,35.89,220.0,,,,,,,34.6322113873991,34.62280235059552,34.27115895405427,34.27115895405427,34.27115895405427,34.05685014469405,34.06566013187853,34.09359496704613,34.09359496704613,34.09709232662013,34.09795579073782,34.09795579073782,34.09796610381488,34.168569887219576,33.98813757045863,33.72941627165741,33.72941627165741,33.72941627165741,33.72941627165741,33.72180157631993,33.427864026427244,33.21078228807959,33.02543200915049,32.854443091359585,32.65226611278203,32.65226611278203,32.65226611278203,32.65226611278203,32.65226611278203,32.65226611278203,32.66168600692696,32.734359003206386,32.926635715047134,33.24006331795661,33.283948910883055,33.4477029941598,33.53957706557867,33.73158447183268,33.74952893210631,33.74952893210631,33.74952893210631,33.74952893210631,33.74952893210631,33.7656278565342,33.97053233660029,34.01054796361958,34.01054796361958,34.01054796361958,34.01054796361958,34.01054796361958,34.01054796361958,34.01054796361958,34.01188269164488,,,,,,,,,,,34.97283058608058,34.97283058608058,34.30518988412416,34.0638108434591,34.01618762288175,34.01618762288175,34.09750429880197,34.09750429880197,34.09750429880197,34.09750429880197,34.09750429880197,34.09750429880197,34.09750429880197,34.09189362696579,34.09868894246465,34.09795579073782,34.09348970929957,34.09348970929957,34.08691826309067,34.148349397087664,34.148349397087664,34.07484835038631,34.07484835038631,33.84079959661038,33.473860600108296,33.39042257237174,33.1323347290305,32.87821016779843,32.71515707206656,32.66603258093666,32.66603258093666,32.6686493222862,32.760617764681115,32.760617764681115,32.760617764681115,32.75882299429691,32.75407048251778,32.75407048251778,32.75172785051481,32.99716133250588,33.16272146691768,33.258617590041844,33.283948910883055,33.283948910883055,33.283948910883055,33.283948910883055,33.29180096209637,33.512130198336536,33.52120651695289,33.543849486735105,33.673810009494936,33.673810009494936,33.673810009494936,33.67846607209489,33.74415919403631,33.74415919403631,33.74415919403631,33.74415919403631,33.74415919403631,33.74415919403631,33.74415919403631,33.867553556855285,33.975345903636324,33.977268095127194,,34.97283058608058,34.30518988412416,33.84079959661038,33.473860600108296,32.87821016779843,33.512130198336536,,,34.01618762288175,33.24006331795661,34.260637472517,34.07826674716804,34.18701763380337,"rgba(0, 255, 255, 0.75)",0.9717542417227273,34.397828659671205,1.5355439433775682,73.69266474794036,19.889652255262803,True,False,True,False,True,20.0,34.2101,34.1376,0.0,0.0,0.0,0.0,0,1.0465912983898606,0.8663926002055495,False,False,False,False,0.3428282306000375,0.33971065099972375,False,False,False,False,-2269.0,-1098.9127985554414,False,False,False,False,117.59268537133451,False,False,False,False
2025-07-01 19:00:00+00:00,35.89,35.9,35.81,35.83,546.0,,,,,,,34.73119520326417,34.71966130357057,34.370860763405965,34.370860763405965,34.370860763405965,34.14023949711295,34.147936937699185,34.17186605609616,34.17186605609616,34.17052361185846,34.16679969716634,34.16679969716634,34.166799677985246,34.22272123719464,34.03564046749681,33.775623750899356,33.775623750899356,33.775623750899356,33.775623750899356,33.76799061761818,33.476086403524796,33.25990988223247,33.07535727404334,32.905242322481676,32.70337352633789,32.70337352633789,32.70337352633789,32.70337352633789,32.70337352633789,32.70337352633789,32.71234582107378,32.78143157894737,32.96260577414794,33.26891929063348,33.31201686993501,33.47296157381517,33.56334578686844,33.75225006859693,33.769909787239094,33.769909787239094,33.769909787239094,33.769909787239094,33.769909787239094,33.78574376678174,33.98638404877596,34.025678297790996,34.025678297790996,34.025678297790996,34.025678297790996,34.025678297790996,34.025678297790996,34.025678297790996,34.026990398632684,,,,,,,,,,,35.086809205287466,35.086809205287466,34.405052997943365,34.1618607305936,34.10520887147056,34.10520887147056,34.174704416242285,34.174704416242285,34.174704416242285,34.174704416242285,34.174704416242285,34.174704416242285,34.174704416242285,34.16751368061036,34.16775297295994,34.16679969716634,34.15903576645668,34.15903576645668,34.15139867570409,34.204466634390386,34.204466634390386,34.12395061415086,34.12395061415086,33.88736832780567,33.52181026931666,33.43882234412406,33.18186434730299,32.92899753496485,32.76659832119863,32.71639584904201,32.71639584904201,32.71882564147051,32.80432224931265,32.80432224931265,32.80432224931265,32.80243976475052,32.79662378300278,32.79662378300278,32.79409982197036,33.031232590224256,33.19302658063807,33.28713517386128,33.31201686993501,33.31201686993501,33.31201686993501,33.31201686993501,33.31972690449498,33.536342045612834,33.54526345705679,33.56754914896425,33.6953958564558,33.6953958564558,33.6953958564558,33.69997513884095,33.76462866873507,33.76462866873507,33.76462866873507,33.76462866873507,33.76462866873507,33.76462866873507,33.76462866873507,33.88575704996463,33.991101113835306,33.99298288966555,,35.086809205287466,34.405052997943365,33.88736832780567,33.52181026931666,32.92899753496485,33.536342045612834,,,34.10520887147056,33.26891929063348,34.35099096536609,34.14975586770703,34.267494199474676,"rgba(38, 166, 154, 1.0)",0.99653521384457,34.49898235899399,1.3356453665806995,74.19711645291962,20.51835533075858,True,False,True,False,True,20.0,34.2673,34.1431,0.0,0.0,0.0,0.0,0,1.0612870275791633,0.8672114402451477,False,False,False,False,0.34282823152025993,0.3412694412599918,False,False,False,False,-2815.0,-1125.518801678613,False,False,False,False,124.23465924154637,False,False,False,False
2025-07-02 14:00:00+00:00,35.83,36.2,35.83,36.2,214.0,,,,,,,34.772845845990645,34.76048783916772,34.41214581919626,34.41214581919626,34.41214581919626,34.174966339841895,34.18223828914928,34.20462562618875,34.20462562618875,34.20137248229096,34.1958213212147,34.1958213212147,34.19581718139865,34.24587661958679,34.05588423866025,33.79513957144368,33.79513957144368,33.79513957144368,33.79513957144368,33.78749388125691,33.49624959240608,33.28033707230563,33.09603064246169,32.92620555984556,32.72439460120556,32.72439460120556,32.72439460120556,32.72439460120556,32.72439460120556,32.72439460120556,32.73318959111394,32.80085054432634,32.977568480847815,33.281049258100346,33.32383397248965,33.483662211211616,33.57345367185983,33.7611174593554,33.77866299619359,33.77866299619359,33.77866299619359,33.77866299619359,33.77866299619359,33.79439043604532,33.993283309683925,34.03228115174583,34.03228115174583,34.03228115174583,34.03228115174583,34.03228115174583,34.03228115174583,34.03228115174583,34.03358396969515,,,,,,,,,,,35.134952272727276,35.134952272727276,34.446446810151976,34.20226385328338,34.142084316638986,34.142084316638986,34.207046086611044,34.207046086611044,34.207046086611044,34.207046086611044,34.207046086611044,34.207046086611044,34.207046086611044,34.19922423160509,34.196863464690374,34.1958213212147,34.18672999055204,34.18672999055204,34.17865685301577,34.2284032341578,34.2284032341578,34.14493280109795,34.14493280109795,33.907110020225865,33.541886620399275,33.45903860616697,33.202420748163874,32.94996436019547,32.7877735760692,32.737121522173545,32.737121522173545,32.73947680767904,32.822385644517816,32.822385644517816,32.822385644517816,32.82046705087304,32.814218197769144,32.814218197769144,32.81161994429896,33.0454381548164,33.20573193329218,33.29913074784823,33.32383397248965,33.32383397248965,33.32383397248965,33.32383397248965,33.3314875612965,33.54662637154749,33.55548594468452,33.57762952046608,33.70463177767709,33.70463177767709,33.70463177767709,33.70918028583667,33.77341750153949,33.77341750153949,33.77341750153949,33.77341750153949,33.77341750153949,33.77341750153949,33.77341750153949,33.893626907927136,33.99796057788366,33.99982564771478,,35.134952272727276,34.446446810151976,33.907110020225865,33.541886620399275,32.94996436019547,33.54662637154749,,,34.142084316638986,33.281049258100346,34.38871206496695,34.17974361777567,34.30122677671165,"rgba(0, 255, 255, 0.75)",1.0304860306958437,34.541095292440815,1.609827458251908,76.76734058970014,23.058228375878073,True,False,True,False,True,20.0,34.3319,34.15045,0.0,0.0,0.0,0.0,0,1.0644079168064413,0.8564240187856418,False,False,False,False,0.34282823259926476,0.3420488369296283,False,False,False,False,-2601.0,-1148.3944791719678,False,False,False,False,125.62636995097975,False,False,False,False
2025-07-02 15:00:00+00:00,36.2,36.2,36.2,36.2,0.0,,,,,,,34.772845845990645,34.76048783916772,34.41214581919626,34.41214581919626,34.41214581919626,34.174966339841895,34.18223828914928,34.20462562618875,34.20462562618875,34.20137248229096,34.1958213212147,34.1958213212147,34.19581718139865,34.24587661958679,34.05588423866025,33.79513957144368,33.79513957144368,33.79513957144368,33.79513957144368,33.78749388125691,33.49624959240608,33.28033707230563,33.09603064246169,32.92620555984556,32.72439460120556,32.72439460120556,32.72439460120556,32.72439460120556,32.72439460120556,32.72439460120556,32.73318959111394,32.80085054432634,32.977568480847815,33.281049258100346,33.32383397248965,33.483662211211616,33.57345367185983,33.7611174593554,33.77866299619359,33.77866299619359,33.77866299619359,33.77866299619359,33.77866299619359,33.79439043604532,33.993283309683925,34.03228115174583,34.03228115174583,34.03228115174583,34.03228115174583,34.03228115174583,34.03228115174583,34.03228115174583,34.03358396969515,,,,,,,,,,,35.134952272727276,35.134952272727276,34.446446810151976,34.20226385328338,34.142084316638986,34.142084316638986,34.207046086611044,34.207046086611044,34.207046086611044,34.207046086611044,34.207046086611044,34.207046086611044,34.207046086611044,34.19922423160509,34.196863464690374,34.1958213212147,34.18672999055204,34.18672999055204,34.17865685301577,34.2284032341578,34.2284032341578,34.14493280109795,34.14493280109795,33.907110020225865,33.541886620399275,33.45903860616697,33.202420748163874,32.94996436019547,32.7877735760692,32.737121522173545,32.737121522173545,32.73947680767904,32.822385644517816,32.822385644517816,32.822385644517816,32.82046705087304,32.814218197769144,32.814218197769144,32.81161994429896,33.0454381548164,33.20573193329218,33.29913074784823,33.32383397248965,33.32383397248965,33.32383397248965,33.32383397248965,33.3314875612965,33.54662637154749,33.55548594468452,33.57762952046608,33.70463177767709,33.70463177767709,33.70463177767709,33.70918028583667,33.77341750153949,33.77341750153949,33.77341750153949,33.77341750153949,33.77341750153949,33.77341750153949,33.77341750153949,33.893626907927136,33.99796057788366,33.99982564771478,,35.134952272727276,34.446446810151976,33.907110020225865,33.541886620399275,32.94996436019547,33.54662637154749,,,34.142084316638986,33.281049258100346,34.38871206496695,34.17974361777567,34.30122677671165,"rgba(0, 255, 255, 0.75)",1.0627285890827793,34.541095292440815,1.5609862429606385,78.48082334755382,24.729302647836207,True,False,True,False,True,20.0,34.3965,34.157199999999996,0.0,0.0,0.0,0.0,0,1.089773877826528,0.8515018562267969,False,False,False,False,0.3428282337266344,0.34243853532813134,False,False,False,False,-2601.0,-1170.915494998759,False,False,False,False,123.67867429282502,False,False,False,False
2025-07-02 16:00:00+00:00,36.2,36.2,36.2,36.2,0.0,,,,,,,34.772845845990645,34.76048783916772,34.41214581919626,34.41214581919626,34.41214581919626,34.174966339841895,34.18223828914928,34.20462562618875,34.20462562618875,34.20137248229096,34.1958213212147,34.1958213212147,34.19581718139865,34.24587661958679,34.05588423866025,33.79513957144368,33.79513957144368,33.79513957144368,33.79513957144368,33.78749388125691,33.49624959240608,33.28033707230563,33.09603064246169,32.92620555984556,32.72439460120556,32.72439460120556,32.72439460120556,32.72439460120556,32.72439460120556,32.72439460120556,32.73318959111394,32.80085054432634,32.977568480847815,33.281049258100346,33.32383397248965,33.483662211211616,33.57345367185983,33.7611174593554,33.77866299619359,33.77866299619359,33.77866299619359,33.77866299619359,33.77866299619359,33.79439043604532,33.993283309683925,34.03228115174583,34.03228115174583,34.03228115174583,34.03228115174583,34.03228115174583,34.03228115174583,34.03228115174583,34.03358396969515,,,,,,,,,,,35.134952272727276,35.134952272727276,34.446446810151976,34.20226385328338,34.142084316638986,34.142084316638986,34.207046086611044,34.207046086611044,34.207046086611044,34.207046086611044,34.207046086611044,34.207046086611044,34.207046086611044,34.19922423160509,34.196863464690374,34.1958213212147,34.18672999055204,34.18672999055204,34.17865685301577,34.2284032341578,34.2284032341578,34.14493280109795,34.14493280109795,33.907110020225865,33.541886620399275,33.45903860616697,33.202420748163874,32.94996436019547,32.7877735760692,32.737121522173545,32.737121522173545,32.73947680767904,32.822385644517816,32.822385644517816,32.822385644517816,32.82046705087304,32.814218197769144,32.814218197769144,32.81161994429896,33.0454381548164,33.20573193329218,33.29913074784823,33.32383397248965,33.32383397248965,33.32383397248965,33.32383397248965,33.3314875612965,33.54662637154749,33.55548594468452,33.57762952046608,33.70463177767709,33.70463177767709,33.70463177767709,33.70918028583667,33.77341750153949,33.77341750153949,33.77341750153949,33.77341750153949,33.77341750153949,33.77341750153949,33.77341750153949,33.893626907927136,33.99796057788366,33.99982564771478,,35.134952272727276,34.446446810151976,33.907110020225865,33.541886620399275,32.94996436019547,33.54662637154749,,,34.142084316638986,33.281049258100346,34.38871206496695,34.17974361777567,34.30122677671165,"rgba(0, 255, 255, 0.75)",1.092856831453179,34.541095292440815,1.5179524525214627,79.62314518612294,25.88031169956396,True,False,True,False,True,20.0,34.4623,34.163,0.0,0.0,0.0,0.0,0,1.0861486486486496,0.851013513513513,False,False,False,False,0.3428282337266344,0.3426333845273829,False,False,False,False,-2601.0,-1193.0873477894759,False,False,False,False,121.76117546657967,False,False,False,False
2025-07-02 17:00:00+00:00,36.2,36.36,36.2,36.35,300.0,,,,,,,34.8365012246407,34.82292594091461,34.47420622766718,34.47420622766718,34.47420622766718,34.22716204801221,34.23383388740236,34.25403411023045,34.25403411023045,34.24800327836525,34.23977971679529,34.23977971679529,34.23976955161627,34.28128083056097,34.086704988724335,33.824610749908615,33.824610749908615,33.824610749908615,33.824610749908615,33.81693956772784,33.52643220673095,33.31076073221735,33.12670492221372,32.95721208875287,32.75538913426287,32.75538913426287,32.75538913426287,32.75538913426287,32.75538913426287,32.75538913426287,32.763930474632375,32.829548442308045,32.99982035327178,33.299243001906305,33.341581059974324,33.49981430562716,33.588758261541244,33.774640843322224,33.79202198273835,33.79202198273835,33.79202198273835,33.79202198273835,33.79202198273835,33.8075956303327,34.00392281789897,34.04248461204379,34.04248461204379,34.04248461204379,34.04248461204379,34.04248461204379,34.04248461204379,34.04248461204379,34.043773793846526,,,,,,,,,,,35.20952978723405,35.20952978723405,34.508744501602926,34.26262784907106,34.1973074411606,34.1973074411606,34.25585370585953,34.25585370585953,34.25585370585953,34.25585370585953,34.25585370585953,34.25585370585953,34.25585370585953,34.24710292779126,34.240953394264984,34.23977971679529,34.22873164439741,34.22873164439741,34.220006379068,34.264937981766245,34.264937981766245,34.17696288418415,34.17696288418415,33.937022927762996,33.57197538711123,33.48927240194168,33.232985663906774,32.980988219693465,32.81902114442601,32.767692545814754,32.767692545814754,32.7699405915204,32.84911555919593,32.84911555919593,32.84911555919593,32.84714341639434,32.84025960940416,32.84025960940416,32.83755171844701,33.06660339700002,33.22474728872521,33.31713256100404,33.341581059974324,33.341581059974324,33.341581059974324,33.341581059974324,33.3491539848611,33.56218340857788,33.57095428417741,33.59289472374161,33.71868514345802,33.71868514345802,33.71868514345802,33.723189356710414,33.786827897142324,33.786827897142324,33.786827897142324,33.786827897142324,33.786827897142324,33.786827897142324,33.786827897142324,33.90570039192109,34.008541344756374,34.0103817052369,,35.20952978723405,34.508744501602926,33.937022927762996,33.57197538711123,32.980988219693465,33.56218340857788,,,34.1973074411606,33.299243001906305,34.44577126705966,34.22509053273261,34.35231332184803,"rgba(0, 255, 255, 0.75)",1.12592731751395,34.604864258045765,1.5499541709384046,81.19863608926595,27.453526668276552,True,False,True,False,True,20.0,34.5311,34.17,0.0,0.0,0.0,0.0,0,1.086352861496784,0.8530308161192005,False,False,False,False,0.3428282341788478,0.34273080935311534,False,False,False,False,-2301.0,-1210.2642881338252,False,False,False,False,124.52456809500478,False,False,False,False
2025-07-02 18:00:00+00:00,36.35,36.37,36.35,36.37,200.0,,,,,,,34.87769459058411,34.86339375629406,34.51464996788697,34.51464996788697,34.51464996788697,34.26152497385989,34.26781616532355,34.286627778207006,34.286627778207006,34.278832252422944,34.268903403506364,34.268903403506364,34.26888938407039,34.304894900003774,34.10733035876065,33.844342776827816,33.844342776827816,33.844342776827816,33.844342776827816,33.83665460152782,33.54662295529223,33.33110511291057,33.1472106774793,32.97793373891002,32.776100044966185,32.776100044966185,32.776100044966185,32.776100044966185,32.776100044966185,32.776100044966185,32.784474425197146,32.84874649137104,33.014756686945844,33.3114907897805,33.35353277564635,33.510708216824234,33.5990897581501,33.78378881310812,33.801060619375704,33.801060619375704,33.801060619375704,33.801060619375704,33.801060619375704,33.81653193237644,34.01114520835885,34.049415311643,34.049415311643,34.049415311643,34.049415311643,34.049415311643,34.049415311643,34.049415311643,34.05069537280178,,,,,,,,,,,35.25662380952381,35.25662380952381,34.54931743600963,34.30210737330076,34.23358624347487,34.23358624347487,34.288065851483886,34.288065851483886,34.288065851483886,34.288065851483886,34.288065851483886,34.288065851483886,34.288065851483886,34.27872621538155,34.270161127548796,34.268903403506364,34.25660214562389,34.25660214562389,34.24745853346141,34.289284139691375,34.289284139691375,34.19838108999478,34.19838108999478,33.957048599647855,33.59210561425017,33.50949588947918,33.25342141054097,33.0017216313687,32.839899515001576,32.78812464484601,32.78812464484601,32.790302064445456,32.86701419306645,32.86701419306645,32.86701419306645,32.865006604348714,32.85770272723522,32.85770272723522,32.854922240013146,33.08082018054538,33.23753956932276,33.32925312510363,33.35353277564635,33.35353277564635,33.35353277564635,33.35353277564635,33.36105221779234,33.57268247126437,33.58139445036423,33.60320007315516,33.72818545127976,33.72818545127976,33.72818545127976,33.73266021559379,33.79590073831491,33.79590073831491,33.79590073831491,33.79590073831491,33.79590073831491,33.79590073831491,33.79590073831491,33.91388213818053,34.01572442105798,34.017548237264904,,35.25662380952381,34.54931743600963,33.957048599647855,33.59210561425017,33.0017216313687,33.57268247126437,,,34.23358624347487,33.3114907897805,34.48299045594319,34.25497071786231,34.38580217932662,"rgba(38, 166, 154, 1.0)",1.1575312421599764,34.646154147444584,1.489243477643578,82.35248094457779,28.640334816861326,True,False,True,False,True,20.0,34.6061,34.17665,0.0,0.0,0.0,0.0,0,1.0833333333333341,0.8539972899728995,False,False,False,False,0.342828234611715,0.3427795219824152,False,False,False,False,-2101.0,-1224.0741441317505,False,False,False,False,125.69472982996595,False,False,False,False
2025-07-02 19:00:00+00:00,36.37,36.37,36.35,36.35,100.0,,,,,,,34.897380096721236,34.882754224469515,34.53415872343431,34.53415872343431,34.53415872343431,34.278241974520604,34.284351038285976,34.30249865828414,34.30249865828414,34.293863970676895,34.283122318327315,34.283122318327315,34.2831064578368,34.31646460659373,34.11747346981723,33.854068403530505,33.854068403530505,33.854068403530505,33.854068403530505,33.84637237133015,33.55658729595878,33.341153807831546,33.15734537493158,32.98818008592369,32.786347509611446,32.786347509611446,32.786347509611446,32.786347509611446,32.786347509611446,32.786347509611446,32.79463973705928,32.85824944465515,33.022160448698074,33.31756474186365,33.35946009158016,33.51611149082671,33.60421431801429,33.78832683669631,33.80554445341194,33.80554445341194,33.80554445341194,33.80554445341194,33.80554445341194,33.82096505465483,34.01472965951464,34.05285522241935,34.05285522241935,34.05285522241935,34.05285522241935,34.05285522241935,34.05285522241935,34.05285522241935,34.054130762966054,,,,,,,,,,,35.278624666666666,35.278624666666666,34.568873259756195,34.321233786383665,34.2512183373474,34.2512183373474,34.30375489824296,34.30375489824296,34.30375489824296,34.30375489824296,34.30375489824296,34.30375489824296,34.30375489824296,34.29413663106892,34.28442003234698,34.283122318327315,34.27022300773987,34.27022300773987,34.26088015696256,34.301208136271,34.301208136271,34.20890110157926,34.20890110157926,33.9669105841416,33.60203828788369,33.519477906718556,33.26351786179073,33.01197293773745,32.850227152590165,32.79823497469024,32.79823497469024,32.80037767921046,32.87587837837838,32.87587837837838,32.87587837837838,32.87385341711429,32.86634321109602,32.86634321109602,32.86352709178033,33.087868346314394,33.24388312656772,33.33526407227242,33.35946009158016,33.35946009158016,33.35946009158016,33.35946009158016,33.36695304600192,33.57789007357526,33.586572873323014,33.608311675051525,33.73289810249515,33.73289810249515,33.73289810249515,33.73735827380207,33.800401522075376,33.800401522075376,33.800401522075376,33.800401522075376,33.800401522075376,33.800401522075376,33.800401522075376,33.91794153815476,34.01928939820807,34.021105020400924,,35.278624666666666,34.568873259756195,33.9669105841416,33.60203828788369,33.01197293773745,33.57789007357526,,,34.2512183373474,33.31756474186365,34.50093841831256,34.269499997394995,34.40201453161627,"rgba(38, 166, 154, 1.0)",1.184112843112967,34.66593967696086,1.4222126994348272,82.50549552154297,28.947630288933325,True,False,True,False,True,20.0,34.6807,34.1832,0.0,0.0,0.0,0.0,0,1.0829383886255932,0.8534190927555855,False,False,False,False,0.342828234611715,0.3428038782970651,False,False,False,False,-2201.0,-1239.2202814320333,False,False,False,False,125.29636192562539,False,False,False,False
2025-07-03 14:00:00+00:00,36.35,36.82,36.35,36.78,1200.0,,,,,,36.65,35.138760090286546,35.12068701148136,34.77274259224457,34.77274259224457,34.77274259224457,34.48548799728149,34.48956890527483,34.500280137611455,34.500280137611455,34.48206627615434,34.4619457910974,34.4619457910974,34.46190861399644,34.46435952959402,34.24747996520649,33.97818492897307,33.97818492897307,33.97818492897307,33.97818492897307,33.97037182416826,33.68284474450983,33.46797406496535,33.28486106040322,33.116758985613274,32.91463347260268,32.91463347260268,32.91463347260268,32.91463347260268,32.91463347260268,32.91463347260268,32.92194587380644,32.977630791835026,33.1161094206339,33.39546329664623,33.43559181351946,33.58592022300187,33.67065453575952,33.84764022269818,33.864197052489295,33.864197052489295,33.864197052489295,33.864197052489295,33.864197052489295,33.878997532721364,34.06218635572363,34.098503922975894,34.098503922975894,34.098503922975894,34.098503922975894,34.098503922975894,34.098503922975894,34.098503922975894,34.099722986554255,,,,,,,,,,,35.54405215053763,35.54405215053763,34.80803741301156,34.55524144476079,34.4686141530096,34.4686141530096,34.49947920287337,34.49947920287337,34.49947920287337,34.49947920287337,34.49947920287337,34.49947920287337,34.49947920287337,34.48666155906656,34.46370986757616,34.4619457910974,34.44206874072291,34.44206874072291,34.430371366637104,34.45324990110403,34.45324990110403,34.34379328605637,34.34379328605637,34.093015366337674,33.728017485849435,33.64586577173682,33.390765437124244,33.140650170464035,32.979573783047776,32.92488222453602,32.92488222453602,32.92660860021132,32.98751676197989,32.98751676197989,32.98751676197989,32.98527704009705,32.97523847783508,32.97523847783508,32.97198317221626,33.17752307143757,33.32502944874597,33.412403277416864,33.43559181351946,33.43559181351946,33.43559181351946,33.43559181351946,33.442765237527105,33.6453348579095,33.65366378917016,33.67459503877096,33.79433772122277,33.79433772122277,33.79433772122277,33.79862008424916,33.85926130886809,33.85926130886809,33.85926130886809,33.85926130886809,33.85926130886809,33.85926130886809,33.85926130886809,33.97135769681961,34.06650173234627,34.06821431593619,,35.54405215053763,34.80803741301156,34.093015366337674,33.728017485849435,33.140650170464035,33.6453348579095,,,34.4686141530096,33.39546329664623,34.82949101663205,34.58478688696596,34.603252092595376,"rgba(38, 166, 154, 1.0)",1.2196924660387019,35.0433637447646,1.4238312554931354,84.58772247463324,31.06268892888731,True,False,True,False,True,20.0,34.7639,34.191900000000004,0.0,0.0,0.0,0.0,0,1.0828109534807002,0.830419003629165,False,False,False,False,0.342828235735505,0.34281605701628504,False,False,False,False,-1001.0,-1235.5269437354127,False,True,False,False,141.95843383375524,False,False,False,False
2025-07-03 15:00:00+00:00,36.78,36.78,36.78,36.78,0.0,,,,,,36.65,35.138760090286546,35.12068701148136,34.77274259224457,34.77274259224457,34.77274259224457,34.48548799728149,34.48956890527483,34.500280137611455,34.500280137611455,34.48206627615434,34.4619457910974,34.4619457910974,34.46190861399644,34.46435952959402,34.24747996520649,33.97818492897307,33.97818492897307,33.97818492897307,33.97818492897307,33.97037182416826,33.68284474450983,33.46797406496535,33.28486106040322,33.116758985613274,32.91463347260268,32.91463347260268,32.91463347260268,32.91463347260268,32.91463347260268,32.91463347260268,32.92194587380644,32.977630791835026,33.1161094206339,33.39546329664623,33.43559181351946,33.58592022300187,33.67065453575952,33.84764022269818,33.864197052489295,33.864197052489295,33.864197052489295,33.864197052489295,33.864197052489295,33.878997532721364,34.06218635572363,34.098503922975894,34.098503922975894,34.098503922975894,34.098503922975894,34.098503922975894,34.098503922975894,34.098503922975894,34.099722986554255,,,,,,,,,,,35.54405215053763,35.54405215053763,34.80803741301156,34.55524144476079,34.4686141530096,34.4686141530096,34.49947920287337,34.49947920287337,34.49947920287337,34.49947920287337,34.49947920287337,34.49947920287337,34.49947920287337,34.48666155906656,34.46370986757616,34.4619457910974,34.44206874072291,34.44206874072291,34.430371366637104,34.45324990110403,34.45324990110403,34.34379328605637,34.34379328605637,34.093015366337674,33.728017485849435,33.64586577173682,33.390765437124244,33.140650170464035,32.979573783047776,32.92488222453602,32.92488222453602,32.92660860021132,32.98751676197989,32.98751676197989,32.98751676197989,32.98527704009705,32.97523847783508,32.97523847783508,32.97198317221626,33.17752307143757,33.32502944874597,33.412403277416864,33.43559181351946,33.43559181351946,33.43559181351946,33.43559181351946,33.442765237527105,33.6453348579095,33.65366378917016,33.67459503877096,33.79433772122277,33.79433772122277,33.79433772122277,33.79862008424916,33.85926130886809,33.85926130886809,33.85926130886809,33.85926130886809,33.85926130886809,33.85926130886809,33.85926130886809,33.97135769681961,34.06650173234627,34.06821431593619,,35.54405215053763,34.80803741301156,34.093015366337674,33.728017485849435,33.140650170464035,33.6453348579095,,,34.4686141530096,33.39546329664623,34.82949101663205,34.58478688696596,34.603252092595376,"rgba(38, 166, 154, 1.0)",1.2524820115231419,35.0433637447646,1.3865558461182863,85.97587377669342,32.474038722164096,True,False,True,False,True,20.0,34.8458,34.2006,0.0,0.0,0.0,0.0,0,1.1162558294470364,0.8314457028647564,False,False,False,False,0.34282823661112477,0.34282214681370493,False,False,False,False,-1001.0,-1231.890867088352,False,True,False,False,139.7575278828443,False,False,False,False
2025-07-03 16:00:00+00:00,36.78,36.78,36.68,36.68,13.0,,,,,,36.65067875790052,35.141105890442354,35.12300657255956,34.77511027686533,34.77511027686533,34.77511027686533,34.48759493670887,34.491656796186625,34.50229821361766,34.50229821361766,34.483995411013574,34.463787011407476,34.463787011407476,34.46374963307754,34.46590260551362,34.248850528026,33.97949966105873,33.97949966105873,33.97949966105873,33.97949966105873,33.971685454657084,33.68418411867365,33.46932103101122,33.28621655870158,33.11812658437659,32.91599938227214,32.91599938227214,32.91599938227214,32.91599938227214,32.91599938227214,32.91599938227214,32.92330165410501,32.97890453834116,33.11711832898248,33.396303296460765,33.43641316010975,33.58667473956401,33.67137340069788,33.848283542569675,33.864833359102555,33.864833359102555,33.864833359102555,33.864833359102555,33.864833359102555,33.879627255947504,34.062703466418604,34.09900172314481,34.09900172314481,34.09900172314481,34.09900172314481,34.09900172314481,34.09900172314481,34.09900172314481,34.100220183307236,,,,,,,,,,,35.54649873920275,35.54649873920275,34.81040650406504,34.55758817788931,34.47081585433328,34.47081585433328,34.50147809881002,34.50147809881002,34.50147809881002,34.50147809881002,34.50147809881002,34.50147809881002,34.50147809881002,34.48863112653376,34.46555545037655,34.463787011407476,34.44384412643056,34.44384412643056,34.43212458648392,34.454833701687235,34.454833701687235,34.34521093162748,34.34521093162748,34.094348861486274,33.72935361151278,33.64720680880639,33.39211738499901,33.1420186112748,32.9809501866818,32.926231203264955,32.926231203264955,32.92795328106932,32.98871031599353,32.98871031599353,32.98871031599353,32.9864683759003,32.97640360762125,32.97640360762125,32.97314375139195,33.17848689130725,33.32590371090781,33.41323526180414,33.43641316010975,33.43641316010975,33.43641316010975,33.43641316010975,33.44358320988605,33.64606435839751,33.65438954372393,33.67531224279836,33.79500359724855,33.79500359724855,33.79500359724855,33.79928407458032,33.85989981471603,33.85989981471603,33.85989981471603,33.85989981471603,33.85989981471603,33.85989981471603,33.85989981471603,33.97193834943286,34.067016233539675,34.06872771656365,,35.54649873920275,34.81040650406504,34.094348861486274,33.72935361151278,33.1420186112748,33.64606435839751,,,34.47081585433328,33.396303296460765,34.83162532379479,34.5866020528155,34.60527953450234,"rgba(38, 166, 154, 1.0)",1.2792073911408677,35.04562884118184,1.2776436175533192,84.16970638000461,32.474038722164096,True,False,True,False,False,20.0,34.9152,34.208800000000004,0.0,0.0,0.0,0.0,0,1.1097032344114715,0.8292764254751579,False,False,False,False,0.3339519442711915,0.33838704554244825,False,False,False,False,-1014.0,-1228.512714110238,False,False,False,False,137.7922948924126,False,False,False,False
2025-07-03 17:00:00+00:00,36.68,36.68,36.68,36.68,0.0,,,,,,36.65067875790052,35.141105890442354,35.12300657255956,34.77511027686533,34.77511027686533,34.77511027686533,34.48759493670887,34.491656796186625,34.50229821361766,34.50229821361766,34.483995411013574,34.463787011407476,34.463787011407476,34.46374963307754,34.46590260551362,34.248850528026,33.97949966105873,33.97949966105873,33.97949966105873,33.97949966105873,33.971685454657084,33.68418411867365,33.46932103101122,33.28621655870158,33.11812658437659,32.91599938227214,32.91599938227214,32.91599938227214,32.91599938227214,32.91599938227214,32.91599938227214,32.92330165410501,32.97890453834116,33.11711832898248,33.396303296460765,33.43641316010975,33.58667473956401,33.67137340069788,33.848283542569675,33.864833359102555,33.864833359102555,33.864833359102555,33.864833359102555,33.864833359102555,33.879627255947504,34.062703466418604,34.09900172314481,34.09900172314481,34.09900172314481,34.09900172314481,34.09900172314481,34.09900172314481,34.09900172314481,34.100220183307236,,,,,,,,,,,35.54649873920275,35.54649873920275,34.81040650406504,34.55758817788931,34.47081585433328,34.47081585433328,34.50147809881002,34.50147809881002,34.50147809881002,34.50147809881002,34.50147809881002,34.50147809881002,34.50147809881002,34.48863112653376,34.46555545037655,34.463787011407476,34.44384412643056,34.44384412643056,34.43212458648392,34.454833701687235,34.454833701687235,34.34521093162748,34.34521093162748,34.094348861486274,33.72935361151278,33.64720680880639,33.39211738499901,33.1420186112748,32.9809501866818,32.926231203264955,32.926231203264955,32.92795328106932,32.98871031599353,32.98871031599353,32.98871031599353,32.9864683759003,32.97640360762125,32.97640360762125,32.97314375139195,33.17848689130725,33.32590371090781,33.41323526180414,33.43641316010975,33.43641316010975,33.43641316010975,33.43641316010975,33.44358320988605,33.64606435839751,33.65438954372393,33.67531224279836,33.79500359724855,33.79500359724855,33.79500359724855,33.79928407458032,33.85989981471603,33.85989981471603,33.85989981471603,33.85989981471603,33.85989981471603,33.85989981471603,33.85989981471603,33.97193834943286,34.067016233539675,34.06872771656365,,35.54649873920275,34.81040650406504,34.094348861486274,33.72935361151278,33.1420186112748,33.64606435839751,,,34.47081585433328,33.396303296460765,34.83162532379479,34.5866020528155,34.60527953450234,"rgba(38, 166, 154, 1.0)",1.3036937890069813,35.04562884118184,1.253646502422211,82.9655947822121,32.474038722164096,True,False,True,False,False,20.0,34.9846,34.217000000000006,0.0,0.0,0.0,0.0,0,1.1020340113371132,0.8359453151050347,False,False,False,False,0.325126115164117,0.3317565803532826,False,False,False,False,-1014.0,-1225.186935596901,False,False,False,False,135.65598024291782,False,False,False,False
2025-07-03 18:00:00+00:00,36.68,36.68,36.68,36.68,0.0,,,,,,36.65067875790052,35.141105890442354,35.12300657255956,34.77511027686533,34.77511027686533,34.77511027686533,34.48759493670887,34.491656796186625,34.50229821361766,34.50229821361766,34.483995411013574,34.463787011407476,34.463787011407476,34.46374963307754,34.46590260551362,34.248850528026,33.97949966105873,33.97949966105873,33.97949966105873,33.97949966105873,33.971685454657084,33.68418411867365,33.46932103101122,33.28621655870158,33.11812658437659,32.91599938227214,32.91599938227214,32.91599938227214,32.91599938227214,32.91599938227214,32.91599938227214,32.92330165410501,32.97890453834116,33.11711832898248,33.396303296460765,33.43641316010975,33.58667473956401,33.67137340069788,33.848283542569675,33.864833359102555,33.864833359102555,33.864833359102555,33.864833359102555,33.864833359102555,33.879627255947504,34.062703466418604,34.09900172314481,34.09900172314481,34.09900172314481,34.09900172314481,34.09900172314481,34.09900172314481,34.09900172314481,34.100220183307236,,,,,,,,,,,35.54649873920275,35.54649873920275,34.81040650406504,34.55758817788931,34.47081585433328,34.47081585433328,34.50147809881002,34.50147809881002,34.50147809881002,34.50147809881002,34.50147809881002,34.50147809881002,34.50147809881002,34.48863112653376,34.46555545037655,34.463787011407476,34.44384412643056,34.44384412643056,34.43212458648392,34.454833701687235,34.454833701687235,34.34521093162748,34.34521093162748,34.094348861486274,33.72935361151278,33.64720680880639,33.39211738499901,33.1420186112748,32.9809501866818,32.926231203264955,32.926231203264955,32.92795328106932,32.98871031599353,32.98871031599353,32.98871031599353,32.9864683759003,32.97640360762125,32.97640360762125,32.97314375139195,33.17848689130725,33.32590371090781,33.41323526180414,33.43641316010975,33.43641316010975,33.43641316010975,33.43641316010975,33.44358320988605,33.64606435839751,33.65438954372393,33.67531224279836,33.79500359724855,33.79500359724855,33.79500359724855,33.79928407458032,33.85989981471603,33.85989981471603,33.85989981471603,33.85989981471603,33.85989981471603,33.85989981471603,33.85989981471603,33.97193834943286,34.067016233539675,34.06872771656365,,35.54649873920275,34.81040650406504,34.094348861486274,33.72935361151278,33.1420186112748,33.64606435839751,,,34.47081585433328,33.396303296460765,34.83162532379479,34.5866020528155,34.60527953450234,"rgba(38, 166, 154, 1.0)",1.3217748441919417,35.04562884118184,1.2364974004459315,82.16285371701707,35.6227667900111,True,False,True,False,False,20.0,35.053999999999995,34.2252,0.0,0.0,0.0,0.0,0,1.1020340113371132,0.8359453151050347,False,False,False,False,0.325126115164117,0.3284413477586998,False,False,False,False,-1014.0,-1221.9127195411352,False,False,False,False,133.55278675077955,False,False,False,False
2025-07-03 19:00:00+00:00,36.68,36.68,36.68,36.68,0.0,,,,,,36.65067875790052,35.141105890442354,35.12300657255956,34.77511027686533,34.77511027686533,34.77511027686533,34.48759493670887,34.491656796186625,34.50229821361766,34.50229821361766,34.483995411013574,34.463787011407476,34.463787011407476,34.46374963307754,34.46590260551362,34.248850528026,33.97949966105873,33.97949966105873,33.97949966105873,33.97949966105873,33.971685454657084,33.68418411867365,33.46932103101122,33.28621655870158,33.11812658437659,32.91599938227214,32.91599938227214,32.91599938227214,32.91599938227214,32.91599938227214,32.91599938227214,32.92330165410501,32.97890453834116,33.11711832898248,33.396303296460765,33.43641316010975,33.58667473956401,33.67137340069788,33.848283542569675,33.864833359102555,33.864833359102555,33.864833359102555,33.864833359102555,33.864833359102555,33.879627255947504,34.062703466418604,34.09900172314481,34.09900172314481,34.09900172314481,34.09900172314481,34.09900172314481,34.09900172314481,34.09900172314481,34.100220183307236,,,,,,,,,,,35.54649873920275,35.54649873920275,34.81040650406504,34.55758817788931,34.47081585433328,34.47081585433328,34.50147809881002,34.50147809881002,34.50147809881002,34.50147809881002,34.50147809881002,34.50147809881002,34.50147809881002,34.48863112653376,34.46555545037655,34.463787011407476,34.44384412643056,34.44384412643056,34.43212458648392,34.454833701687235,34.454833701687235,34.34521093162748,34.34521093162748,34.094348861486274,33.72935361151278,33.64720680880639,33.39211738499901,33.1420186112748,32.9809501866818,32.926231203264955,32.926231203264955,32.92795328106932,32.98871031599353,32.98871031599353,32.98871031599353,32.9864683759003,32.97640360762125,32.97640360762125,32.97314375139195,33.17848689130725,33.32590371090781,33.41323526180414,33.43641316010975,33.43641316010975,33.43641316010975,33.43641316010975,33.44358320988605,33.64606435839751,33.65438954372393,33.67531224279836,33.79500359724855,33.79500359724855,33.79500359724855,33.79928407458032,33.85989981471603,33.85989981471603,33.85989981471603,33.85989981471603,33.85989981471603,33.85989981471603,33.85989981471603,33.97193834943286,34.067016233539675,34.06872771656365,,35.54649873920275,34.81040650406504,34.094348861486274,33.72935361151278,33.1420186112748,33.64606435839751,,,34.47081585433328,33.396303296460765,34.83162532379479,34.5866020528155,34.60527953450234,"rgba(38, 166, 154, 1.0)",1.3376477336949972,35.04562884118184,1.221824788132764,81.62769300688706,34.962166380545256,True,False,True,False,False,20.0,35.1286,34.2334,0.0,0.0,0.0,0.0,0,1.1020340113371132,0.8359453151050347,False,False,False,False,0.325126115164117,0.3267837314614084,False,False,False,False,-1014.0,-1218.6892665249936,False,False,False,False,131.48220090968218,False,False,False,False
2025-07-04 14:00:00+00:00,36.68,36.68,36.68,36.68,0.0,,,,,,36.65067875790052,35.141105890442354,35.12300657255956,34.77511027686533,34.77511027686533,34.77511027686533,34.48759493670887,34.491656796186625,34.50229821361766,34.50229821361766,34.483995411013574,34.463787011407476,34.463787011407476,34.46374963307754,34.46590260551362,34.248850528026,33.97949966105873,33.97949966105873,33.97949966105873,33.97949966105873,33.971685454657084,33.68418411867365,33.46932103101122,33.28621655870158,33.11812658437659,32.91599938227214,32.91599938227214,32.91599938227214,32.91599938227214,32.91599938227214,32.91599938227214,32.92330165410501,32.97890453834116,33.11711832898248,33.396303296460765,33.43641316010975,33.58667473956401,33.67137340069788,33.848283542569675,33.864833359102555,33.864833359102555,33.864833359102555,33.864833359102555,33.864833359102555,33.879627255947504,34.062703466418604,34.09900172314481,34.09900172314481,34.09900172314481,34.09900172314481,34.09900172314481,34.09900172314481,34.09900172314481,34.100220183307236,,,,,,,,,,,35.54649873920275,35.54649873920275,34.81040650406504,34.55758817788931,34.47081585433328,34.47081585433328,34.50147809881002,34.50147809881002,34.50147809881002,34.50147809881002,34.50147809881002,34.50147809881002,34.50147809881002,34.48863112653376,34.46555545037655,34.463787011407476,34.44384412643056,34.44384412643056,34.43212458648392,34.454833701687235,34.454833701687235,34.34521093162748,34.34521093162748,34.094348861486274,33.72935361151278,33.64720680880639,33.39211738499901,33.1420186112748,32.9809501866818,32.926231203264955,32.926231203264955,32.92795328106932,32.98871031599353,32.98871031599353,32.98871031599353,32.9864683759003,32.97640360762125,32.97640360762125,32.97314375139195,33.17848689130725,33.32590371090781,33.41323526180414,33.43641316010975,33.43641316010975,33.43641316010975,33.43641316010975,33.44358320988605,33.64606435839751,33.65438954372393,33.67531224279836,33.79500359724855,33.79500359724855,33.79500359724855,33.79928407458032,33.85989981471603,33.85989981471603,33.85989981471603,33.85989981471603,33.85989981471603,33.85989981471603,33.85989981471603,33.97193834943286,34.067016233539675,34.06872771656365,,35.54649873920275,34.81040650406504,34.094348861486274,33.72935361151278,33.1420186112748,33.64606435839751,,,34.47081585433328,33.396303296460765,34.83162532379479,34.5866020528155,34.60527953450234,"rgba(38, 166, 154, 1.0)",1.3513902684485966,35.04562884118184,1.2093998284406984,81.2709192001337,34.427409611945976,True,False,True,False,False,20.0,35.2032,34.242850000000004,0.0,0.0,0.0,0.0,0,1.1027535258562802,0.8418401611820008,False,False,False,False,0.325126115164117,0.32595492331276266,False,False,False,False,-1014.0,-1215.5157895246061,False,False,False,False,129.44371717464836,False,False,False,False
2025-07-04 15:00:00+00:00,36.68,36.68,36.68,36.68,0.0,,,,,,36.65067875790052,35.141105890442354,35.12300657255956,34.77511027686533,34.77511027686533,34.77511027686533,34.48759493670887,34.491656796186625,34.50229821361766,34.50229821361766,34.483995411013574,34.463787011407476,34.463787011407476,34.46374963307754,34.46590260551362,34.248850528026,33.97949966105873,33.97949966105873,33.97949966105873,33.97949966105873,33.971685454657084,33.68418411867365,33.46932103101122,33.28621655870158,33.11812658437659,32.91599938227214,32.91599938227214,32.91599938227214,32.91599938227214,32.91599938227214,32.91599938227214,32.92330165410501,32.97890453834116,33.11711832898248,33.396303296460765,33.43641316010975,33.58667473956401,33.67137340069788,33.848283542569675,33.864833359102555,33.864833359102555,33.864833359102555,33.864833359102555,33.864833359102555,33.879627255947504,34.062703466418604,34.09900172314481,34.09900172314481,34.09900172314481,34.09900172314481,34.09900172314481,34.09900172314481,34.09900172314481,34.100220183307236,,,,,,,,,,,35.54649873920275,35.54649873920275,34.81040650406504,34.55758817788931,34.47081585433328,34.47081585433328,34.50147809881002,34.50147809881002,34.50147809881002,34.50147809881002,34.50147809881002,34.50147809881002,34.50147809881002,34.48863112653376,34.46555545037655,34.463787011407476,34.44384412643056,34.44384412643056,34.43212458648392,34.454833701687235,34.454833701687235,34.34521093162748,34.34521093162748,34.094348861486274,33.72935361151278,33.64720680880639,33.39211738499901,33.1420186112748,32.9809501866818,32.926231203264955,32.926231203264955,32.92795328106932,32.98871031599353,32.98871031599353,32.98871031599353,32.9864683759003,32.97640360762125,32.97640360762125,32.97314375139195,33.17848689130725,33.32590371090781,33.41323526180414,33.43641316010975,33.43641316010975,33.43641316010975,33.43641316010975,33.44358320988605,33.64606435839751,33.65438954372393,33.67531224279836,33.79500359724855,33.79500359724855,33.79500359724855,33.79928407458032,33.85989981471603,33.85989981471603,33.85989981471603,33.85989981471603,33.85989981471603,33.85989981471603,33.85989981471603,33.97193834943286,34.067016233539675,34.06872771656365,,35.54649873920275,34.81040650406504,34.094348861486274,33.72935361151278,33.1420186112748,33.64606435839751,,,34.47081585433328,33.396303296460765,34.83162532379479,34.5866020528155,34.60527953450234,"rgba(38, 166, 154, 1.0)",1.3630668851282592,35.04562884118184,1.199039589802942,81.03306999563148,33.9731766158401,True,False,True,False,False,20.0,35.2778,34.2523,0.0,0.0,0.0,0.0,0,1.0965447154471555,0.8462059620596201,False,False,False,False,0.325126115164117,0.32554051923843985,False,False,False,False,-1014.0,-1212.3915137180231,False,False,False,False,127.43683783860729,False,False,False,False
2025-07-04 16:00:00+00:00,36.68,36.68,36.68,36.68,0.0,,,,,,36.65067875790052,35.141105890442354,35.12300657255956,34.77511027686533,34.77511027686533,34.77511027686533,34.48759493670887,34.491656796186625,34.50229821361766,34.50229821361766,34.483995411013574,34.463787011407476,34.463787011407476,34.46374963307754,34.46590260551362,34.248850528026,33.97949966105873,33.97949966105873,33.97949966105873,33.97949966105873,33.971685454657084,33.68418411867365,33.46932103101122,33.28621655870158,33.11812658437659,32.91599938227214,32.91599938227214,32.91599938227214,32.91599938227214,32.91599938227214,32.91599938227214,32.92330165410501,32.97890453834116,33.11711832898248,33.396303296460765,33.43641316010975,33.58667473956401,33.67137340069788,33.848283542569675,33.864833359102555,33.864833359102555,33.864833359102555,33.864833359102555,33.864833359102555,33.879627255947504,34.062703466418604,34.09900172314481,34.09900172314481,34.09900172314481,34.09900172314481,34.09900172314481,34.09900172314481,34.09900172314481,34.100220183307236,,,,,,,,,,,35.54649873920275,35.54649873920275,34.81040650406504,34.55758817788931,34.47081585433328,34.47081585433328,34.50147809881002,34.50147809881002,34.50147809881002,34.50147809881002,34.50147809881002,34.50147809881002,34.50147809881002,34.48863112653376,34.46555545037655,34.463787011407476,34.44384412643056,34.44384412643056,34.43212458648392,34.454833701687235,34.454833701687235,34.34521093162748,34.34521093162748,34.094348861486274,33.72935361151278,33.64720680880639,33.39211738499901,33.1420186112748,32.9809501866818,32.926231203264955,32.926231203264955,32.92795328106932,32.98871031599353,32.98871031599353,32.98871031599353,32.9864683759003,32.97640360762125,32.97640360762125,32.97314375139195,33.17848689130725,33.32590371090781,33.41323526180414,33.43641316010975,33.43641316010975,33.43641316010975,33.43641316010975,33.44358320988605,33.64606435839751,33.65438954372393,33.67531224279836,33.79500359724855,33.79500359724855,33.79500359724855,33.79928407458032,33.85989981471603,33.85989981471603,33.85989981471603,33.85989981471603,33.85989981471603,33.85989981471603,33.85989981471603,33.97193834943286,34.067016233539675,34.06872771656365,,35.54649873920275,34.81040650406504,34.094348861486274,33.72935361151278,33.1420186112748,33.64606435839751,,,34.47081585433328,33.396303296460765,34.83162532379479,34.5866020528155,34.60527953450234,"rgba(38, 166, 154, 1.0)",1.3699546188314375,35.04562884118184,1.1930111671963777,80.87450385929665,33.57437720170407,True,False,True,False,False,20.0,35.3248,34.2614,0.0,0.0,0.0,0.0,0,1.1041162227602914,0.8370805949498438,False,False,False,False,0.325126115164117,0.32533331720127845,False,False,False,False,-1014.0,-1209.3156762960384,False,False,False,False,125.46107291087694,False,False,False,False
2025-07-04 17:00:00+00:00,36.68,36.68,36.68,36.68,0.0,,,,,,36.65067875790052,35.141105890442354,35.12300657255956,34.77511027686533,34.77511027686533,34.77511027686533,34.48759493670887,34.491656796186625,34.50229821361766,34.50229821361766,34.483995411013574,34.463787011407476,34.463787011407476,34.46374963307754,34.46590260551362,34.248850528026,33.97949966105873,33.97949966105873,33.97949966105873,33.97949966105873,33.971685454657084,33.68418411867365,33.46932103101122,33.28621655870158,33.11812658437659,32.91599938227214,32.91599938227214,32.91599938227214,32.91599938227214,32.91599938227214,32.91599938227214,32.92330165410501,32.97890453834116,33.11711832898248,33.396303296460765,33.43641316010975,33.58667473956401,33.67137340069788,33.848283542569675,33.864833359102555,33.864833359102555,33.864833359102555,33.864833359102555,33.864833359102555,33.879627255947504,34.062703466418604,34.09900172314481,34.09900172314481,34.09900172314481,34.09900172314481,34.09900172314481,34.09900172314481,34.09900172314481,34.100220183307236,,,,,,,,,,,35.54649873920275,35.54649873920275,34.81040650406504,34.55758817788931,34.47081585433328,34.47081585433328,34.50147809881002,34.50147809881002,34.50147809881002,34.50147809881002,34.50147809881002,34.50147809881002,34.50147809881002,34.48863112653376,34.46555545037655,34.463787011407476,34.44384412643056,34.44384412643056,34.43212458648392,34.454833701687235,34.454833701687235,34.34521093162748,34.34521093162748,34.094348861486274,33.72935361151278,33.64720680880639,33.39211738499901,33.1420186112748,32.9809501866818,32.926231203264955,32.926231203264955,32.92795328106932,32.98871031599353,32.98871031599353,32.98871031599353,32.9864683759003,32.97640360762125,32.97640360762125,32.97314375139195,33.17848689130725,33.32590371090781,33.41323526180414,33.43641316010975,33.43641316010975,33.43641316010975,33.43641316010975,33.44358320988605,33.64606435839751,33.65438954372393,33.67531224279836,33.79500359724855,33.79500359724855,33.79500359724855,33.79928407458032,33.85989981471603,33.85989981471603,33.85989981471603,33.85989981471603,33.85989981471603,33.85989981471603,33.85989981471603,33.97193834943286,34.067016233539675,34.06872771656365,,35.54649873920275,34.81040650406504,34.094348861486274,33.72935361151278,33.1420186112748,33.64606435839751,,,34.47081585433328,33.396303296460765,34.83162532379479,34.5866020528155,34.60527953450234,"rgba(38, 166, 154, 1.0)",1.3775826784755887,35.04562884118184,1.1864051315066848,80.7687931017401,33.217493288414104,True,False,True,False,False,20.0,35.371700000000004,34.2705,0.0,0.0,0.0,0.0,0,1.1041162227602914,0.8315461777931507,False,False,False,False,0.325126115164117,0.3252297161826977,False,False,False,False,-1014.0,-1206.2875262759449,False,False,False,False,123.51593999753,False,False,False,False
2025-07-04 18:00:00+00:00,36.68,36.68,36.68,36.68,0.0,,,,,,36.65067875790052,35.141105890442354,35.12300657255956,34.77511027686533,34.77511027686533,34.77511027686533,34.48759493670887,34.491656796186625,34.50229821361766,34.50229821361766,34.483995411013574,34.463787011407476,34.463787011407476,34.46374963307754,34.46590260551362,34.248850528026,33.97949966105873,33.97949966105873,33.97949966105873,33.97949966105873,33.971685454657084,33.68418411867365,33.46932103101122,33.28621655870158,33.11812658437659,32.91599938227214,32.91599938227214,32.91599938227214,32.91599938227214,32.91599938227214,32.91599938227214,32.92330165410501,32.97890453834116,33.11711832898248,33.396303296460765,33.43641316010975,33.58667473956401,33.67137340069788,33.848283542569675,33.864833359102555,33.864833359102555,33.864833359102555,33.864833359102555,33.864833359102555,33.879627255947504,34.062703466418604,34.09900172314481,34.09900172314481,34.09900172314481,34.09900172314481,34.09900172314481,34.09900172314481,34.09900172314481,34.100220183307236,,,,,,,,,,,35.54649873920275,35.54649873920275,34.81040650406504,34.55758817788931,34.47081585433328,34.47081585433328,34.50147809881002,34.50147809881002,34.50147809881002,34.50147809881002,34.50147809881002,34.50147809881002,34.50147809881002,34.48863112653376,34.46555545037655,34.463787011407476,34.44384412643056,34.44384412643056,34.43212458648392,34.454833701687235,34.454833701687235,34.34521093162748,34.34521093162748,34.094348861486274,33.72935361151278,33.64720680880639,33.39211738499901,33.1420186112748,32.9809501866818,32.926231203264955,32.926231203264955,32.92795328106932,32.98871031599353,32.98871031599353,32.98871031599353,32.9864683759003,32.97640360762125,32.97640360762125,32.97314375139195,33.17848689130725,33.32590371090781,33.41323526180414,33.43641316010975,33.43641316010975,33.43641316010975,33.43641316010975,33.44358320988605,33.64606435839751,33.65438954372393,33.67531224279836,33.79500359724855,33.79500359724855,33.79500359724855,33.79928407458032,33.85989981471603,33.85989981471603,33.85989981471603,33.85989981471603,33.85989981471603,33.85989981471603,33.85989981471603,33.97193834943286,34.067016233539675,34.06872771656365,,35.54649873920275,34.81040650406504,34.094348861486274,33.72935361151278,33.1420186112748,33.64606435839751,,,34.47081585433328,33.396303296460765,34.83162532379479,34.5866020528155,34.60527953450234,"rgba(38, 166, 154, 1.0)",1.383269276710736,35.04562884118184,1.1815278386754307,80.69831926336909,32.89536800674385,True,False,True,False,False,20.0,35.4193,34.28055,0.0,0.0,0.0,0.0,0,1.1041162227602914,0.8315461777931507,False,False,False,False,0.325126115164117,0.32517791567340737,False,False,False,False,-1014.0,-1203.3063243181782,False,False,False,False,121.6009641836148,False,False,False,False
2025-07-04 19:00:00+00:00,36.68,36.68,36.68,36.68,0.0,,,,,,36.65067875790052,35.141105890442354,35.12300657255956,34.77511027686533,34.77511027686533,34.77511027686533,34.48759493670887,34.491656796186625,34.50229821361766,34.50229821361766,34.483995411013574,34.463787011407476,34.463787011407476,34.46374963307754,34.46590260551362,34.248850528026,33.97949966105873,33.97949966105873,33.97949966105873,33.97949966105873,33.971685454657084,33.68418411867365,33.46932103101122,33.28621655870158,33.11812658437659,32.91599938227214,32.91599938227214,32.91599938227214,32.91599938227214,32.91599938227214,32.91599938227214,32.92330165410501,32.97890453834116,33.11711832898248,33.396303296460765,33.43641316010975,33.58667473956401,33.67137340069788,33.848283542569675,33.864833359102555,33.864833359102555,33.864833359102555,33.864833359102555,33.864833359102555,33.879627255947504,34.062703466418604,34.09900172314481,34.09900172314481,34.09900172314481,34.09900172314481,34.09900172314481,34.09900172314481,34.09900172314481,34.100220183307236,,,,,,,,,,,35.54649873920275,35.54649873920275,34.81040650406504,34.55758817788931,34.47081585433328,34.47081585433328,34.50147809881002,34.50147809881002,34.50147809881002,34.50147809881002,34.50147809881002,34.50147809881002,34.50147809881002,34.48863112653376,34.46555545037655,34.463787011407476,34.44384412643056,34.44384412643056,34.43212458648392,34.454833701687235,34.454833701687235,34.34521093162748,34.34521093162748,34.094348861486274,33.72935361151278,33.64720680880639,33.39211738499901,33.1420186112748,32.9809501866818,32.926231203264955,32.926231203264955,32.92795328106932,32.98871031599353,32.98871031599353,32.98871031599353,32.9864683759003,32.97640360762125,32.97640360762125,32.97314375139195,33.17848689130725,33.32590371090781,33.41323526180414,33.43641316010975,33.43641316010975,33.43641316010975,33.43641316010975,33.44358320988605,33.64606435839751,33.65438954372393,33.67531224279836,33.79500359724855,33.79500359724855,33.79500359724855,33.79928407458032,33.85989981471603,33.85989981471603,33.85989981471603,33.85989981471603,33.85989981471603,33.85989981471603,33.85989981471603,33.97193834943286,34.067016233539675,34.06872771656365,,35.54649873920275,34.81040650406504,34.094348861486274,33.72935361151278,33.1420186112748,33.64606435839751,,,34.47081585433328,33.396303296460765,34.83162532379479,34.5866020528155,34.60527953450234,"rgba(38, 166, 154, 1.0)",1.387038292631168,35.04562884118184,1.1783172587959423,80.65133670445508,32.604144830274734,True,False,True,False,False,20.0,35.4669,34.2906,0.0,0.0,0.0,0.0,0,1.1275167785234907,0.8279759802190034,False,False,False,False,0.325126115164117,0.32515201541876215,False,False,False,False,-1014.0,-1200.3713425458034,False,False,False,False,119.71567791720217,False,False,False,False
2025-07-07 14:00:00+00:00,36.54,36.54,36.54,36.54,0.0,,,,,,36.65067875790052,35.141105890442354,35.12300657255956,34.77511027686533,34.77511027686533,34.77511027686533,34.48759493670887,34.491656796186625,34.50229821361766,34.50229821361766,34.483995411013574,34.463787011407476,34.463787011407476,34.46374963307754,34.46590260551362,34.248850528026,33.97949966105873,33.97949966105873,33.97949966105873,33.97949966105873,33.971685454657084,33.68418411867365,33.46932103101122,33.28621655870158,33.11812658437659,32.91599938227214,32.91599938227214,32.91599938227214,32.91599938227214,32.91599938227214,32.91599938227214,32.92330165410501,32.97890453834116,33.11711832898248,33.396303296460765,33.43641316010975,33.58667473956401,33.67137340069788,33.848283542569675,33.864833359102555,33.864833359102555,33.864833359102555,33.864833359102555,33.864833359102555,33.879627255947504,34.062703466418604,34.09900172314481,34.09900172314481,34.09900172314481,34.09900172314481,34.09900172314481,34.09900172314481,34.09900172314481,34.100220183307236,,,,,,,,,,,35.54649873920275,35.54649873920275,34.81040650406504,34.55758817788931,34.47081585433328,34.47081585433328,34.50147809881002,34.50147809881002,34.50147809881002,34.50147809881002,34.50147809881002,34.50147809881002,34.50147809881002,34.48863112653376,34.46555545037655,34.463787011407476,34.44384412643056,34.44384412643056,34.43212458648392,34.454833701687235,34.454833701687235,34.34521093162748,34.34521093162748,34.094348861486274,33.72935361151278,33.64720680880639,33.39211738499901,33.1420186112748,32.9809501866818,32.926231203264955,32.926231203264955,32.92795328106932,32.98871031599353,32.98871031599353,32.98871031599353,32.9864683759003,32.97640360762125,32.97640360762125,32.97314375139195,33.17848689130725,33.32590371090781,33.41323526180414,33.43641316010975,33.43641316010975,33.43641316010975,33.43641316010975,33.44358320988605,33.64606435839751,33.65438954372393,33.67531224279836,33.79500359724855,33.79500359724855,33.79500359724855,33.79928407458032,33.85989981471603,33.85989981471603,33.85989981471603,33.85989981471603,33.85989981471603,33.85989981471603,33.85989981471603,33.97193834943286,34.067016233539675,34.06872771656365,,35.54649873920275,34.81040650406504,34.094348861486274,33.72935361151278,33.1420186112748,33.64606435839751,,,34.47081585433328,33.396303296460765,34.83162532379479,34.5866020528155,34.60527953450234,"rgba(38, 166, 154, 1.0)",1.3863616976664952,35.04562884118184,1.0779085727292281,72.68078348867877,25.196220615808002,False,True,True,False,False,20.0,35.5117,34.30015,0.0,0.0,0.0,0.0,0,1.1262679258481993,0.8086743616649175,False,False,False,False,0.30066718784681584,0.312909601632789,False,False,False,False,-1014.0,-1197.4818643667986,False,False,False,False,117.85962089523004,False,False,False,False
2025-07-07 15:00:00+00:00,36.54,36.54,36.54,36.54,0.0,,,,,,36.65067875790052,35.141105890442354,35.12300657255956,34.77511027686533,34.77511027686533,34.77511027686533,34.48759493670887,34.491656796186625,34.50229821361766,34.50229821361766,34.483995411013574,34.463787011407476,34.463787011407476,34.46374963307754,34.46590260551362,34.248850528026,33.97949966105873,33.97949966105873,33.97949966105873,33.97949966105873,33.971685454657084,33.68418411867365,33.46932103101122,33.28621655870158,33.11812658437659,32.91599938227214,32.91599938227214,32.91599938227214,32.91599938227214,32.91599938227214,32.91599938227214,32.92330165410501,32.97890453834116,33.11711832898248,33.396303296460765,33.43641316010975,33.58667473956401,33.67137340069788,33.848283542569675,33.864833359102555,33.864833359102555,33.864833359102555,33.864833359102555,33.864833359102555,33.879627255947504,34.062703466418604,34.09900172314481,34.09900172314481,34.09900172314481,34.09900172314481,34.09900172314481,34.09900172314481,34.09900172314481,34.100220183307236,,,,,,,,,,,35.54649873920275,35.54649873920275,34.81040650406504,34.55758817788931,34.47081585433328,34.47081585433328,34.50147809881002,34.50147809881002,34.50147809881002,34.50147809881002,34.50147809881002,34.50147809881002,34.50147809881002,34.48863112653376,34.46555545037655,34.463787011407476,34.44384412643056,34.44384412643056,34.43212458648392,34.454833701687235,34.454833701687235,34.34521093162748,34.34521093162748,34.094348861486274,33.72935361151278,33.64720680880639,33.39211738499901,33.1420186112748,32.9809501866818,32.926231203264955,32.926231203264955,32.92795328106932,32.98871031599353,32.98871031599353,32.98871031599353,32.9864683759003,32.97640360762125,32.97640360762125,32.97314375139195,33.17848689130725,33.32590371090781,33.41323526180414,33.43641316010975,33.43641316010975,33.43641316010975,33.43641316010975,33.44358320988605,33.64606435839751,33.65438954372393,33.67531224279836,33.79500359724855,33.79500359724855,33.79500359724855,33.79928407458032,33.85989981471603,33.85989981471603,33.85989981471603,33.85989981471603,33.85989981471603,33.85989981471603,33.85989981471603,33.97193834943286,34.067016233539675,34.06872771656365,,35.54649873920275,34.81040650406504,34.094348861486274,33.72935361151278,33.1420186112748,33.64606435839751,,,34.47081585433328,33.396303296460765,34.83162532379479,34.5866020528155,34.60527953450234,"rgba(38, 166, 154, 1.0)",1.3859370915094238,35.04562884118184,1.0782388089423611,67.3670813448279,20.673353762095175,False,True,True,False,False,20.0,35.5614,34.3096,0.0,0.0,0.0,0.0,0,1.1262679258481993,0.8086743616649175,False,False,False,False,0.30066718784681584,0.30678839473980246,False,False,False,False,-1014.0,-1194.6371842990964,False,False,False,False,116.03233995111795,False,False,False,False
2025-07-07 16:00:00+00:00,36.54,36.54,36.54,36.54,0.0,,,,,,36.65067875790052,35.141105890442354,35.12300657255956,34.77511027686533,34.77511027686533,34.77511027686533,34.48759493670887,34.491656796186625,34.50229821361766,34.50229821361766,34.483995411013574,34.463787011407476,34.463787011407476,34.46374963307754,34.46590260551362,34.248850528026,33.97949966105873,33.97949966105873,33.97949966105873,33.97949966105873,33.971685454657084,33.68418411867365,33.46932103101122,33.28621655870158,33.11812658437659,32.91599938227214,32.91599938227214,32.91599938227214,32.91599938227214,32.91599938227214,32.91599938227214,32.92330165410501,32.97890453834116,33.11711832898248,33.396303296460765,33.43641316010975,33.58667473956401,33.67137340069788,33.848283542569675,33.864833359102555,33.864833359102555,33.864833359102555,33.864833359102555,33.864833359102555,33.879627255947504,34.062703466418604,34.09900172314481,34.09900172314481,34.09900172314481,34.09900172314481,34.09900172314481,34.09900172314481,34.09900172314481,34.100220183307236,,,,,,,,,,,35.54649873920275,35.54649873920275,34.81040650406504,34.55758817788931,34.47081585433328,34.47081585433328,34.50147809881002,34.50147809881002,34.50147809881002,34.50147809881002,34.50147809881002,34.50147809881002,34.50147809881002,34.48863112653376,34.46555545037655,34.463787011407476,34.44384412643056,34.44384412643056,34.43212458648392,34.454833701687235,34.454833701687235,34.34521093162748,34.34521093162748,34.094348861486274,33.72935361151278,33.64720680880639,33.39211738499901,33.1420186112748,32.9809501866818,32.926231203264955,32.926231203264955,32.92795328106932,32.98871031599353,32.98871031599353,32.98871031599353,32.9864683759003,32.97640360762125,32.97640360762125,32.97314375139195,33.17848689130725,33.32590371090781,33.41323526180414,33.43641316010975,33.43641316010975,33.43641316010975,33.43641316010975,33.44358320988605,33.64606435839751,33.65438954372393,33.67531224279836,33.79500359724855,33.79500359724855,33.79500359724855,33.79928407458032,33.85989981471603,33.85989981471603,33.85989981471603,33.85989981471603,33.85989981471603,33.85989981471603,33.85989981471603,33.97193834943286,34.067016233539675,34.06872771656365,,35.54649873920275,34.81040650406504,34.094348861486274,33.72935361151278,33.1420186112748,33.64606435839751,,,34.47081585433328,33.396303296460765,34.83162532379479,34.5866020528155,34.60527953450234,"rgba(38, 166, 154, 1.0)",1.3838539408946733,35.04562884118184,1.079861909308173,63.82461324892732,17.859016164782318,False,True,True,False,False,20.0,35.607600000000005,34.31885,0.0,0.0,0.0,0.0,0,1.1262679258481993,0.8086743616649175,False,False,False,False,0.30066718784681584,0.3037277912933092,False,False,False,False,-1014.0,-1191.8366077983353,False,False,False,False,114.23338894412387,False,False,False,False
2025-07-07 17:00:00+00:00,36.54,36.54,36.54,36.54,0.0,,,,,,36.65067875790052,35.141105890442354,35.12300657255956,34.77511027686533,34.77511027686533,34.77511027686533,34.48759493670887,34.491656796186625,34.50229821361766,34.50229821361766,34.483995411013574,34.463787011407476,34.463787011407476,34.46374963307754,34.46590260551362,34.248850528026,33.97949966105873,33.97949966105873,33.97949966105873,33.97949966105873,33.971685454657084,33.68418411867365,33.46932103101122,33.28621655870158,33.11812658437659,32.91599938227214,32.91599938227214,32.91599938227214,32.91599938227214,32.91599938227214,32.91599938227214,32.92330165410501,32.97890453834116,33.11711832898248,33.396303296460765,33.43641316010975,33.58667473956401,33.67137340069788,33.848283542569675,33.864833359102555,33.864833359102555,33.864833359102555,33.864833359102555,33.864833359102555,33.879627255947504,34.062703466418604,34.09900172314481,34.09900172314481,34.09900172314481,34.09900172314481,34.09900172314481,34.09900172314481,34.09900172314481,34.100220183307236,,,,,,,,,,,35.54649873920275,35.54649873920275,34.81040650406504,34.55758817788931,34.47081585433328,34.47081585433328,34.50147809881002,34.50147809881002,34.50147809881002,34.50147809881002,34.50147809881002,34.50147809881002,34.50147809881002,34.48863112653376,34.46555545037655,34.463787011407476,34.44384412643056,34.44384412643056,34.43212458648392,34.454833701687235,34.454833701687235,34.34521093162748,34.34521093162748,34.094348861486274,33.72935361151278,33.64720680880639,33.39211738499901,33.1420186112748,32.9809501866818,32.926231203264955,32.926231203264955,32.92795328106932,32.98871031599353,32.98871031599353,32.98871031599353,32.9864683759003,32.97640360762125,32.97640360762125,32.97314375139195,33.17848689130725,33.32590371090781,33.41323526180414,33.43641316010975,33.43641316010975,33.43641316010975,33.43641316010975,33.44358320988605,33.64606435839751,33.65438954372393,33.67531224279836,33.79500359724855,33.79500359724855,33.79500359724855,33.79928407458032,33.85989981471603,33.85989981471603,33.85989981471603,33.85989981471603,33.85989981471603,33.85989981471603,33.85989981471603,33.97193834943286,34.067016233539675,34.06872771656365,,35.54649873920275,34.81040650406504,34.094348861486274,33.72935361151278,33.1420186112748,33.64606435839751,,,34.47081585433328,33.396303296460765,34.83162532379479,34.5866020528155,34.60527953450234,"rgba(38, 166, 154, 1.0)",1.3801047355476608,35.04562884118184,1.0827954722038953,61.46296785166027,16.03816270970391,False,True,True,False,False,20.0,35.6547,34.329249999999995,0.0,0.0,0.0,0.0,0,1.1262679258481993,0.8086743616649175,False,False,False,False,0.30066718784681584,0.30219748957006254,False,False,False,False,-1014.0,-1189.0794510882836,False,False,False,False,112.46232865041652,False,False,False,False
2025-07-07 18:00:00+00:00,36.54,36.54,36.54,36.54,0.0,,,,,,36.65067875790052,35.141105890442354,35.12300657255956,34.77511027686533,34.77511027686533,34.77511027686533,34.48759493670887,34.491656796186625,34.50229821361766,34.50229821361766,34.483995411013574,34.463787011407476,34.463787011407476,34.46374963307754,34.46590260551362,34.248850528026,33.97949966105873,33.97949966105873,33.97949966105873,33.97949966105873,33.971685454657084,33.68418411867365,33.46932103101122,33.28621655870158,33.11812658437659,32.91599938227214,32.91599938227214,32.91599938227214,32.91599938227214,32.91599938227214,32.91599938227214,32.92330165410501,32.97890453834116,33.11711832898248,33.396303296460765,33.43641316010975,33.58667473956401,33.67137340069788,33.848283542569675,33.864833359102555,33.864833359102555,33.864833359102555,33.864833359102555,33.864833359102555,33.879627255947504,34.062703466418604,34.09900172314481,34.09900172314481,34.09900172314481,34.09900172314481,34.09900172314481,34.09900172314481,34.09900172314481,34.100220183307236,,,,,,,,,,,35.54649873920275,35.54649873920275,34.81040650406504,34.55758817788931,34.47081585433328,34.47081585433328,34.50147809881002,34.50147809881002,34.50147809881002,34.50147809881002,34.50147809881002,34.50147809881002,34.50147809881002,34.48863112653376,34.46555545037655,34.463787011407476,34.44384412643056,34.44384412643056,34.43212458648392,34.454833701687235,34.454833701687235,34.34521093162748,34.34521093162748,34.094348861486274,33.72935361151278,33.64720680880639,33.39211738499901,33.1420186112748,32.9809501866818,32.926231203264955,32.926231203264955,32.92795328106932,32.98871031599353,32.98871031599353,32.98871031599353,32.9864683759003,32.97640360762125,32.97640360762125,32.97314375139195,33.17848689130725,33.32590371090781,33.41323526180414,33.43641316010975,33.43641316010975,33.43641316010975,33.43641316010975,33.44358320988605,33.64606435839751,33.65438954372393,33.67531224279836,33.79500359724855,33.79500359724855,33.79500359724855,33.79928407458032,33.85989981471603,33.85989981471603,33.85989981471603,33.85989981471603,33.85989981471603,33.85989981471603,33.85989981471603,33.97193834943286,34.067016233539675,34.06872771656365,,35.54649873920275,34.81040650406504,34.094348861486274,33.72935361151278,33.1420186112748,33.64606435839751,,,34.47081585433328,33.396303296460765,34.83162532379479,34.5866020528155,34.60527953450234,"rgba(38, 166, 154, 1.0)",1.374675843853991,35.04562884118184,1.0870716652942682,59.88853758681556,14.784274520022663,False,True,True,False,False,20.0,35.7018,34.33965,0.0,0.0,0.0,0.0,0,1.1262679258481993,0.8086743616649175,False,False,False,False,0.30066718784681584,0.3014323387084392,False,False,False,False,-1014.0,-1186.3650409938916,False,False,False,False,110.71872665583642,False,False,False,False
2025-07-07 19:00:00+00:00,36.54,36.54,36.32,36.32,161.0,,,,,,36.62052401746725,35.16379168073215,35.14551373757382,34.799198101577915,34.799198101577915,34.799198101577915,34.50965748663743,34.513515147188315,34.52341610598599,34.52341610598599,34.504223311618524,34.48313414710095,34.48313414710095,34.48309473400171,34.482142732537845,34.26351132342534,33.99378427552746,33.99378427552746,33.99378427552746,33.99378427552746,33.98596382968334,33.69893214990138,33.484274052663345,33.30135625365696,33.13347807311228,32.93141589793016,32.93141589793016,32.93141589793016,32.93141589793016,32.93141589793016,32.93141589793016,32.93860153361633,32.99326211867949,33.12845885649582,33.40567101542127,33.445561202920835,33.59503577265859,33.67931460843829,33.855339733654795,33.87180763520074,33.87180763520074,33.87180763520074,33.87180763520074,33.87180763520074,33.88652492060517,34.068319862296065,34.10439841531891,34.10439841531891,34.10439841531891,34.10439841531891,34.10439841531891,34.10439841531891,34.10439841531891,34.10560999347913,,,,,,,,,,,35.567888819161176,35.567888819161176,34.834412835970866,34.58198195223946,34.4938889303019,34.4938889303019,34.522399088765255,34.522399088765255,34.522399088765255,34.522399088765255,34.522399088765255,34.522399088765255,34.522399088765255,34.50927031453314,34.48494523229421,34.48313414710095,34.46253563204701,34.46253563204701,34.45060165408547,34.471512754738484,34.471512754738484,34.36027478300594,34.36027478300594,34.10874769833243,33.7440384725123,33.661995127716274,33.40716552475864,33.15736894323725,32.99645839214138,32.941453549677306,32.941453549677306,32.94312668842354,33.00216435128369,33.00216435128369,33.00216435128369,32.99989830729805,32.98954282006577,32.98954282006577,32.986232974399215,33.189303372899786,33.33567452780419,33.42250864918148,33.445561202920835,33.445561202920835,33.445561202920835,33.445561202920835,33.45269156757448,33.65413070965703,33.66241199265014,33.68323392045764,33.802323604379204,33.802323604379204,33.802323604379204,33.80658206208026,33.866899691093195,33.866899691093195,33.866899691093195,33.866899691093195,33.866899691093195,33.866899691093195,33.866899691093195,33.97827213647442,34.072603086760445,34.07430214430758,,35.567888819161176,34.834412835970866,34.10874769833243,33.7440384725123,33.15736894323725,33.65413070965703,,,34.4938889303019,33.40567101542127,34.851348761425115,34.60359030420999,34.62606396376698,"rgba(38, 166, 154, 0.5)",1.364391254551095,35.18388200047359,0.8326922323320022,50.22004168345048,6.091945657770424,False,True,False,True,False,19.720220964968064,35.7445,34.34895,0.0,0.0,0.0,0.0,0,1.1091973820186023,0.8115742335514982,False,False,False,False,0.28169286345488803,0.29156260108166365,False,False,False,False,-1175.0,-1186.1888388079396,False,False,False,False,111.49828128132732,False,False,False,False
2025-07-08 14:00:00+00:00,35.99,35.99,35.99,35.99,0.0,,,,,,36.62052401746725,35.16379168073215,35.14551373757382,34.799198101577915,34.799198101577915,34.799198101577915,34.50965748663743,34.513515147188315,34.52341610598599,34.52341610598599,34.504223311618524,34.48313414710095,34.48313414710095,34.48309473400171,34.482142732537845,34.26351132342534,33.99378427552746,33.99378427552746,33.99378427552746,33.99378427552746,33.98596382968334,33.69893214990138,33.484274052663345,33.30135625365696,33.13347807311228,32.93141589793016,32.93141589793016,32.93141589793016,32.93141589793016,32.93141589793016,32.93141589793016,32.93860153361633,32.99326211867949,33.12845885649582,33.40567101542127,33.445561202920835,33.59503577265859,33.67931460843829,33.855339733654795,33.87180763520074,33.87180763520074,33.87180763520074,33.87180763520074,33.87180763520074,33.88652492060517,34.068319862296065,34.10439841531891,34.10439841531891,34.10439841531891,34.10439841531891,34.10439841531891,34.10439841531891,34.10439841531891,34.10560999347913,,,,,,,,,,,35.567888819161176,35.567888819161176,34.834412835970866,34.58198195223946,34.4938889303019,34.4938889303019,34.522399088765255,34.522399088765255,34.522399088765255,34.522399088765255,34.522399088765255,34.522399088765255,34.522399088765255,34.50927031453314,34.48494523229421,34.48313414710095,34.46253563204701,34.46253563204701,34.45060165408547,34.471512754738484,34.471512754738484,34.36027478300594,34.36027478300594,34.10874769833243,33.7440384725123,33.661995127716274,33.40716552475864,33.15736894323725,32.99645839214138,32.941453549677306,32.941453549677306,32.94312668842354,33.00216435128369,33.00216435128369,33.00216435128369,32.99989830729805,32.98954282006577,32.98954282006577,32.986232974399215,33.189303372899786,33.33567452780419,33.42250864918148,33.445561202920835,33.445561202920835,33.445561202920835,33.445561202920835,33.45269156757448,33.65413070965703,33.66241199265014,33.68323392045764,33.802323604379204,33.802323604379204,33.802323604379204,33.80658206208026,33.866899691093195,33.866899691093195,33.866899691093195,33.866899691093195,33.866899691093195,33.866899691093195,33.866899691093195,33.97827213647442,34.072603086760445,34.07430214430758,,35.567888819161176,34.834412835970866,34.10874769833243,33.7440384725123,33.15736894323725,33.65413070965703,,,34.4938889303019,33.40567101542127,34.851348761425115,34.60359030420999,34.62606396376698,"rgba(38, 166, 154, 0.5)",1.3487900216573911,35.18388200047359,0.5976601150532367,39.29931815416105,-3.3468347712506485,False,True,False,True,False,13.219431693408602,35.7859,34.3566,0.0,0.0,0.0,0.0,0,1.1123316796598166,0.8738483345145284,False,False,False,False,0.2075950755793049,0.24957883833048428,False,False,False,False,-1175.0,-1186.0153684388242,False,False,False,False,109.76962575758581,False,False,False,False
2025-07-08 15:00:00+00:00,35.99,35.99,35.99,35.99,0.0,,,,,,36.62052401746725,35.16379168073215,35.14551373757382,34.799198101577915,34.799198101577915,34.799198101577915,34.50965748663743,34.513515147188315,34.52341610598599,34.52341610598599,34.504223311618524,34.48313414710095,34.48313414710095,34.48309473400171,34.482142732537845,34.26351132342534,33.99378427552746,33.99378427552746,33.99378427552746,33.99378427552746,33.98596382968334,33.69893214990138,33.484274052663345,33.30135625365696,33.13347807311228,32.93141589793016,32.93141589793016,32.93141589793016,32.93141589793016,32.93141589793016,32.93141589793016,32.93860153361633,32.99326211867949,33.12845885649582,33.40567101542127,33.445561202920835,33.59503577265859,33.67931460843829,33.855339733654795,33.87180763520074,33.87180763520074,33.87180763520074,33.87180763520074,33.87180763520074,33.88652492060517,34.068319862296065,34.10439841531891,34.10439841531891,34.10439841531891,34.10439841531891,34.10439841531891,34.10439841531891,34.10439841531891,34.10560999347913,,,,,,,,,,,35.567888819161176,35.567888819161176,34.834412835970866,34.58198195223946,34.4938889303019,34.4938889303019,34.522399088765255,34.522399088765255,34.522399088765255,34.522399088765255,34.522399088765255,34.522399088765255,34.522399088765255,34.50927031453314,34.48494523229421,34.48313414710095,34.46253563204701,34.46253563204701,34.45060165408547,34.471512754738484,34.471512754738484,34.36027478300594,34.36027478300594,34.10874769833243,33.7440384725123,33.661995127716274,33.40716552475864,33.15736894323725,32.99645839214138,32.941453549677306,32.941453549677306,32.94312668842354,33.00216435128369,33.00216435128369,33.00216435128369,32.99989830729805,32.98954282006577,32.98954282006577,32.986232974399215,33.189303372899786,33.33567452780419,33.42250864918148,33.445561202920835,33.445561202920835,33.445561202920835,33.445561202920835,33.45269156757448,33.65413070965703,33.66241199265014,33.68323392045764,33.802323604379204,33.802323604379204,33.802323604379204,33.80658206208026,33.866899691093195,33.866899691093195,33.866899691093195,33.866899691093195,33.866899691093195,33.866899691093195,33.866899691093195,33.97827213647442,34.072603086760445,34.07430214430758,,35.567888819161176,34.834412835970866,34.10874769833243,33.7440384725123,33.15736894323725,33.65413070965703,,,34.4938889303019,33.40567101542127,34.851348761425115,34.60359030420999,34.62606396376698,"rgba(38, 166, 154, 0.5)",1.331772848093454,35.18388200047359,0.6052969173237316,32.01883580130143,-9.24497918763609,False,True,False,True,False,13.219431693408602,35.8273,34.367425,0.0,0.0,0.0,0.0,0,1.0602623183268352,0.874158099964551,False,False,False,False,0.2075950755793049,0.2285869569548946,False,False,False,False,-1175.0,-1185.844587532796,False,False,False,False,108.06777109467751,False,False,False,False
2025-07-08 16:00:00+00:00,35.99,35.99,35.99,35.99,0.0,,,,,,36.62052401746725,35.16379168073215,35.14551373757382,34.799198101577915,34.799198101577915,34.799198101577915,34.50965748663743,34.513515147188315,34.52341610598599,34.52341610598599,34.504223311618524,34.48313414710095,34.48313414710095,34.48309473400171,34.482142732537845,34.26351132342534,33.99378427552746,33.99378427552746,33.99378427552746,33.99378427552746,33.98596382968334,33.69893214990138,33.484274052663345,33.30135625365696,33.13347807311228,32.93141589793016,32.93141589793016,32.93141589793016,32.93141589793016,32.93141589793016,32.93141589793016,32.93860153361633,32.99326211867949,33.12845885649582,33.40567101542127,33.445561202920835,33.59503577265859,33.67931460843829,33.855339733654795,33.87180763520074,33.87180763520074,33.87180763520074,33.87180763520074,33.87180763520074,33.88652492060517,34.068319862296065,34.10439841531891,34.10439841531891,34.10439841531891,34.10439841531891,34.10439841531891,34.10439841531891,34.10439841531891,34.10560999347913,,,,,,,,,,,35.567888819161176,35.567888819161176,34.834412835970866,34.58198195223946,34.4938889303019,34.4938889303019,34.522399088765255,34.522399088765255,34.522399088765255,34.522399088765255,34.522399088765255,34.522399088765255,34.522399088765255,34.50927031453314,34.48494523229421,34.48313414710095,34.46253563204701,34.46253563204701,34.45060165408547,34.471512754738484,34.471512754738484,34.36027478300594,34.36027478300594,34.10874769833243,33.7440384725123,33.661995127716274,33.40716552475864,33.15736894323725,32.99645839214138,32.941453549677306,32.941453549677306,32.94312668842354,33.00216435128369,33.00216435128369,33.00216435128369,32.99989830729805,32.98954282006577,32.98954282006577,32.986232974399215,33.189303372899786,33.33567452780419,33.42250864918148,33.445561202920835,33.445561202920835,33.445561202920835,33.445561202920835,33.45269156757448,33.65413070965703,33.66241199265014,33.68323392045764,33.802323604379204,33.802323604379204,33.802323604379204,33.80658206208026,33.866899691093195,33.866899691093195,33.866899691093195,33.866899691093195,33.866899691093195,33.866899691093195,33.866899691093195,33.97827213647442,34.072603086760445,34.07430214430758,,35.567888819161176,34.834412835970866,34.10874769833243,33.7440384725123,33.15736894323725,33.65413070965703,,,34.4938889303019,33.40567101542127,34.851348761425115,34.60359030420999,34.62606396376698,"rgba(38, 166, 154, 0.5)",1.313284692930183,35.18388200047359,0.6138181643827848,27.16518089939501,-13.07801972045089,False,True,False,True,False,13.219431693408602,35.859700000000004,34.378725,0.0,0.0,0.0,0.0,0,1.0604434907010025,0.8730329041487833,False,False,False,False,0.2075950755793049,0.21809101626709976,False,False,False,False,-1175.0,-1185.6764543927525,False,False,False,False,106.39230177538018,False,False,False,False
2025-07-08 17:00:00+00:00,35.99,35.99,35.99,35.99,0.0,,,,,,36.62052401746725,35.16379168073215,35.14551373757382,34.799198101577915,34.799198101577915,34.799198101577915,34.50965748663743,34.513515147188315,34.52341610598599,34.52341610598599,34.504223311618524,34.48313414710095,34.48313414710095,34.48309473400171,34.482142732537845,34.26351132342534,33.99378427552746,33.99378427552746,33.99378427552746,33.99378427552746,33.98596382968334,33.69893214990138,33.484274052663345,33.30135625365696,33.13347807311228,32.93141589793016,32.93141589793016,32.93141589793016,32.93141589793016,32.93141589793016,32.93141589793016,32.93860153361633,32.99326211867949,33.12845885649582,33.40567101542127,33.445561202920835,33.59503577265859,33.67931460843829,33.855339733654795,33.87180763520074,33.87180763520074,33.87180763520074,33.87180763520074,33.87180763520074,33.88652492060517,34.068319862296065,34.10439841531891,34.10439841531891,34.10439841531891,34.10439841531891,34.10439841531891,34.10439841531891,34.10439841531891,34.10560999347913,,,,,,,,,,,35.567888819161176,35.567888819161176,34.834412835970866,34.58198195223946,34.4938889303019,34.4938889303019,34.522399088765255,34.522399088765255,34.522399088765255,34.522399088765255,34.522399088765255,34.522399088765255,34.522399088765255,34.50927031453314,34.48494523229421,34.48313414710095,34.46253563204701,34.46253563204701,34.45060165408547,34.471512754738484,34.471512754738484,34.36027478300594,34.36027478300594,34.10874769833243,33.7440384725123,33.661995127716274,33.40716552475864,33.15736894323725,32.99645839214138,32.941453549677306,32.941453549677306,32.94312668842354,33.00216435128369,33.00216435128369,33.00216435128369,32.99989830729805,32.98954282006577,32.98954282006577,32.986232974399215,33.189303372899786,33.33567452780419,33.42250864918148,33.445561202920835,33.445561202920835,33.445561202920835,33.445561202920835,33.45269156757448,33.65413070965703,33.66241199265014,33.68323392045764,33.802323604379204,33.802323604379204,33.802323604379204,33.80658206208026,33.866899691093195,33.866899691093195,33.866899691093195,33.866899691093195,33.866899691093195,33.866899691093195,33.866899691093195,33.97827213647442,34.072603086760445,34.07430214430758,,35.567888819161176,34.834412835970866,34.10874769833243,33.7440384725123,33.15736894323725,33.65413070965703,,,34.4938889303019,33.40567101542127,34.851348761425115,34.60359030420999,34.62606396376698,"rgba(38, 166, 154, 0.5)",1.2918824870553856,35.18388200047359,0.6239870944948062,23.929410964790733,-15.727291440582263,False,True,False,True,False,13.219431693408602,35.891299999999994,34.390025,0.0,0.0,0.0,0.0,0,1.0604434907010025,0.8730329041487833,False,False,False,False,0.2075950755793049,0.21284304592320233,False,False,False,False,-1175.0,-1185.5109279680585,False,False,False,False,104.74280872459909,False,False,False,False
2025-07-08 18:00:00+00:00,35.99,36.7,35.99,36.67,110.0,,,,,,36.6081311769991,35.17955800081508,35.161155811677716,34.81585148575264,34.81585148575264,34.81585148575264,34.524910703669356,34.52863025666454,34.53802964594662,34.53802964594662,34.51823011258467,34.49653934970413,34.49653934970413,34.49649854660153,34.49342543448849,34.27369223724993,34.00368874164104,34.00368874164104,34.00368874164104,34.00368874164104,33.99586354683397,33.70913879063501,33.49461167558215,33.31181467181467,33.14407571316638,32.94205175017159,32.94205175017159,32.94205175017159,32.94205175017159,32.94205175017159,32.94205175017159,32.94915772468715,33.00317429727244,33.13630356913046,33.41216557856605,33.451905496963896,33.60084156587573,33.68483304699039,33.860251718803724,33.87666344619244,33.87666344619244,33.87666344619244,33.87666344619244,33.87666344619244,33.89132816177013,34.072240237099024,34.10816729145091,34.10816729145091,34.10816729145091,34.10816729145091,34.10816729145091,34.10816729145091,34.10816729145091,34.10937412546642,,,,,,36.45333333333333,36.45333333333333,36.45333333333333,36.45333333333333,36.45333333333333,35.58291024059223,35.58291024059223,34.85101560072099,34.59881891051857,34.509825261860755,34.509825261860755,34.53687879201036,34.53687879201036,34.53687879201036,34.53687879201036,34.53687879201036,34.53687879201036,34.53687879201036,34.52355725547835,34.49837966122728,34.49653934970413,34.475491953614956,34.475491953614956,34.4634105665058,34.48309495979881,34.48309495979881,34.37074007575758,34.37074007575758,34.11873779826465,33.75420398858456,33.6722276468824,33.417565228636455,33.16796658969338,33.00715898431638,32.95195672466921,32.95195672466921,32.95359639370933,33.01145712980189,33.01145712980189,33.01145712980189,33.00917448069285,32.998619190547664,32.998619190547664,32.99527493934581,33.19678936797188,33.342444821731775,33.42893868091318,33.451905496963896,33.451905496963896,33.451905496963896,33.451905496963896,33.45900870813398,33.65973482090857,33.667986031676875,33.68873898694996,33.80741644690501,33.80741644690501,33.80741644690501,33.811659806640286,33.871773067260484,33.871773067260484,33.871773067260484,33.871773067260484,33.871773067260484,33.871773067260484,33.871773067260484,33.982687587847344,34.076503075250564,34.07819355430316,,35.58291024059223,34.85101560072099,34.11873779826465,33.75420398858456,33.16796658969338,33.65973482090857,,,34.509825261860755,33.41216557856605,35.34449711179212,34.61578398479371,35.13410303217953,"rgba(38, 166, 154, 0.5)",1.2770323424266365,35.829572232953765,0.6581100095313502,37.98615256132361,-23.724446146434254,False,True,False,True,True,20.0,35.9365,34.404725000000006,0.0,0.0,0.0,0.0,0,1.0575221238938064,0.830837304288631,False,False,False,False,0.267165714912292,0.2400043804177472,False,False,False,False,-1065.0,-1183.6425414879336,False,False,False,False,104.82431556607817,False,False,False,False
2025-07-08 19:00:00+00:00,36.67,36.67,36.54,36.67,120.0,,,,,,36.6095178719867,35.19860516982925,35.18003112589889,34.835523568109124,34.835523568109124,34.835523568109124,34.54275117304473,34.546314064292574,34.55514143965772,34.55514143965772,34.53463073399452,34.5122337856368,34.5122337856368,34.51219135612991,34.506663046850754,34.285565951780214,34.01516116294892,34.01516116294892,34.01516116294892,34.01516116294892,34.00732840644974,33.720885254151995,33.50646317493352,33.32377013705217,33.15616139853669,32.95415063620195,32.95415063620195,32.95415063620195,32.95415063620195,32.95415063620195,32.95415063620195,32.96116755114075,33.01446302161761,33.14526432330667,33.41962107887669,33.45919402461578,33.607531552280065,33.69120352491805,33.86594588336193,33.88229485210467,33.88229485210467,33.88229485210467,33.88229485210467,33.88229485210467,33.89690072378883,34.07681259944312,34.11256789026894,34.11256789026894,34.11256789026894,34.11256789026894,34.11256789026894,34.11256789026894,34.11256789026894,34.11376935164707,,,,,,36.54376811594202,36.54376811594202,36.54376811594202,36.54376811594202,36.54376811594202,35.60187613567535,35.60187613567535,34.87066138053968,34.61852907824397,34.52844167582753,34.52844167582753,34.553835621069716,34.553835621069716,34.553835621069716,34.553835621069716,34.553835621069716,34.553835621069716,34.553835621069716,34.54028400053022,34.51410882552196,34.5122337856368,34.49065709082364,34.49065709082364,34.478399349462045,34.4966747615528,34.4966747615528,34.38297837552743,34.38297837552743,34.13034141733498,33.76591358947356,33.68399558535533,33.429472840651414,33.18005607177187,33.01934041021615,32.96390700090335,32.96390700090335,32.96550905405406,33.022045461941495,33.022045461941495,33.022045461941495,33.019743702116614,33.0089606641488,33.0089606641488,33.00557700339647,33.20534943776605,33.350206798755295,33.43632245505335,33.45919402461578,33.45919402461578,33.45919402461578,33.45919402461578,33.46626704219974,33.66620060293477,33.67441829568033,33.69509458395679,33.81331250689858,33.81331250689858,33.81331250689858,33.817539000179856,33.87742413105414,33.87742413105414,33.87742413105414,33.87742413105414,33.87742413105414,33.87742413105414,33.87742413105414,33.98782318981333,34.08105226776078,34.082732983023845,,35.60187613567535,34.87066138053968,34.13034141733498,33.76591358947356,33.18005607177187,33.66620060293477,,,34.52844167582753,33.41962107887669,35.380379910526834,34.63091181502599,35.16999544175199,"rgba(38, 166, 154, 0.5)",1.2522578455381232,35.87720996165981,0.6330884978400864,47.357313625678856,-15.69704995260797,False,True,False,False,True,20.0,35.981700000000004,34.419425,0.0,0.0,0.0,0.0,0,1.0941295546558714,0.8343454790823206,False,False,False,False,0.31197808228327845,0.27599123135051284,False,False,False,False,-1065.0,-1181.8031222400587,False,False,False,False,105.05959749528625,False,False,False,False
2025-07-09 14:00:00+00:00,36.59,36.59,36.565,36.565,100.0,,,,,,36.607394366197184,35.213520306679676,35.1948267317971,34.85111489921646,34.85111489921646,34.85111489921646,34.55701388401114,34.56045244239846,34.568826880043396,34.568826880043396,34.54776078229322,34.52481143589431,34.52481143589431,34.52476773038828,34.51729516068182,34.2951462171971,34.02445144538059,34.02445144538059,34.02445144538059,34.02445144538059,34.01661341486949,33.73042361923871,33.51610347970956,33.333507531263734,33.16601511962091,32.964026970482564,32.964026970482564,32.964026970482564,32.964026970482564,32.964026970482564,32.964026970482564,32.970971230831864,33.02367859547362,33.1525826893244,33.42570474610494,33.46514044300172,33.612985900383144,33.69639514845838,33.870581820776266,33.886879244747306,33.886879244747306,33.886879244747306,33.886879244747306,33.886879244747306,33.901436819596746,34.080530980041715,34.116145780323855,34.116145780323855,34.116145780323855,34.116145780323855,34.116145780323855,34.116145780323855,34.116145780323855,34.1173428449662,,,,,,36.552727272727275,36.552727272727275,36.552727272727275,36.552727272727275,36.552727272727275,35.61636684566428,35.61636684566428,34.88621657835434,34.63423536343671,34.54331902510003,34.54331902510003,34.567399310452906,34.567399310452906,34.567399310452906,34.567399310452906,34.567399310452906,34.567399310452906,34.567399310452906,34.5536698928979,34.52671349288936,34.52481143589431,34.50282083479345,34.50282083479345,34.49042606732112,34.50758043622868,34.50758043622868,34.39283595859586,34.39283595859586,34.139724548061665,33.77541834535216,33.69355438294682,33.43916414919852,33.18991136863098,33.029279980982224,32.973662207207205,32.973662207207205,32.975233647798746,33.030691955590186,33.030691955590186,33.030691955590186,33.028374785452904,33.01740724503741,33.01740724503741,33.013991721502876,33.21233956664316,33.35654230713792,33.44234717394228,33.46514044300172,33.46514044300172,33.46514044300172,33.46514044300172,33.472188647481104,33.67147058468083,33.67966074108904,33.70027397383528,33.81811429681566,33.81811429681566,33.81811429681566,33.822326939671406,33.88202465870308,33.88202465870308,33.88202465870308,33.88202465870308,33.88202465870308,33.88202465870308,33.88202465870308,33.992001454427935,34.08475171567537,34.086424456664055,,35.61636684566428,34.88621657835434,34.139724548061665,33.77541834535216,33.18991136863098,33.67147058468083,,,34.54331902510003,33.42570474610494,35.39294196778661,34.64283023663455,35.18278193029568,"rgba(38, 166, 154, 0.5)",1.2230420351810893,35.88911224230637,0.5526283956328245,51.329353486272055,-12.460049052081153,False,True,True,False,True,19.41462424285468,36.0248,34.4336,0.0,0.0,0.0,0.0,0,1.0897822445561147,0.8355108877721937,False,False,False,False,0.30718341541861677,0.29158732338456483,False,False,False,False,-1165.0,-1181.542608716957,False,False,False,False,104.98115412326631,False,False,False,False
2025-07-09 15:00:00+00:00,36.565,36.565,36.565,36.565,0.0,,,,,,36.607394366197184,35.213520306679676,35.1948267317971,34.85111489921646,34.85111489921646,34.85111489921646,34.55701388401114,34.56045244239846,34.568826880043396,34.568826880043396,34.54776078229322,34.52481143589431,34.52481143589431,34.52476773038828,34.51729516068182,34.2951462171971,34.02445144538059,34.02445144538059,34.02445144538059,34.02445144538059,34.01661341486949,33.73042361923871,33.51610347970956,33.333507531263734,33.16601511962091,32.964026970482564,32.964026970482564,32.964026970482564,32.964026970482564,32.964026970482564,32.964026970482564,32.970971230831864,33.02367859547362,33.1525826893244,33.42570474610494,33.46514044300172,33.612985900383144,33.69639514845838,33.870581820776266,33.886879244747306,33.886879244747306,33.886879244747306,33.886879244747306,33.886879244747306,33.901436819596746,34.080530980041715,34.116145780323855,34.116145780323855,34.116145780323855,34.116145780323855,34.116145780323855,34.116145780323855,34.116145780323855,34.1173428449662,,,,,,36.552727272727275,36.552727272727275,36.552727272727275,36.552727272727275,36.552727272727275,35.61636684566428,35.61636684566428,34.88621657835434,34.63423536343671,34.54331902510003,34.54331902510003,34.567399310452906,34.567399310452906,34.567399310452906,34.567399310452906,34.567399310452906,34.567399310452906,34.567399310452906,34.5536698928979,34.52671349288936,34.52481143589431,34.50282083479345,34.50282083479345,34.49042606732112,34.50758043622868,34.50758043622868,34.39283595859586,34.39283595859586,34.139724548061665,33.77541834535216,33.69355438294682,33.43916414919852,33.18991136863098,33.029279980982224,32.973662207207205,32.973662207207205,32.975233647798746,33.030691955590186,33.030691955590186,33.030691955590186,33.028374785452904,33.01740724503741,33.01740724503741,33.013991721502876,33.21233956664316,33.35654230713792,33.44234717394228,33.46514044300172,33.46514044300172,33.46514044300172,33.46514044300172,33.472188647481104,33.67147058468083,33.67966074108904,33.70027397383528,33.81811429681566,33.81811429681566,33.81811429681566,33.822326939671406,33.88202465870308,33.88202465870308,33.88202465870308,33.88202465870308,33.88202465870308,33.88202465870308,33.88202465870308,33.992001454427935,34.08475171567537,34.086424456664055,,35.61636684566428,34.88621657835434,34.139724548061665,33.77541834535216,33.18991136863098,33.67147058468083,,,34.54331902510003,33.42570474610494,35.39294196778661,34.64283023663455,35.18278193029568,"rgba(38, 166, 154, 0.5)",1.1907584266469515,35.88911224230637,0.5676111481292285,53.977380060000854,-9.995673968633596,False,True,True,False,True,19.41462424285468,36.0689,34.44725,0.0,0.0,0.0,0.0,0,1.0897822445561147,0.837185929648241,False,False,False,False,0.3050085526385979,0.29829793801158133,False,False,False,False,-1165.0,-1181.2861341632056,False,False,False,False,103.35353933065753,False,False,False,False
2025-07-09 16:00:00+00:00,36.565,36.565,36.565,36.565,0.0,,,,,,36.607394366197184,35.213520306679676,35.1948267317971,34.85111489921646,34.85111489921646,34.85111489921646,34.55701388401114,34.56045244239846,34.568826880043396,34.568826880043396,34.54776078229322,34.52481143589431,34.52481143589431,34.52476773038828,34.51729516068182,34.2951462171971,34.02445144538059,34.02445144538059,34.02445144538059,34.02445144538059,34.01661341486949,33.73042361923871,33.51610347970956,33.333507531263734,33.16601511962091,32.964026970482564,32.964026970482564,32.964026970482564,32.964026970482564,32.964026970482564,32.964026970482564,32.970971230831864,33.02367859547362,33.1525826893244,33.42570474610494,33.46514044300172,33.612985900383144,33.69639514845838,33.870581820776266,33.886879244747306,33.886879244747306,33.886879244747306,33.886879244747306,33.886879244747306,33.901436819596746,34.080530980041715,34.116145780323855,34.116145780323855,34.116145780323855,34.116145780323855,34.116145780323855,34.116145780323855,34.116145780323855,34.1173428449662,,,,,,36.552727272727275,36.552727272727275,36.552727272727275,36.552727272727275,36.552727272727275,35.61636684566428,35.61636684566428,34.88621657835434,34.63423536343671,34.54331902510003,34.54331902510003,34.567399310452906,34.567399310452906,34.567399310452906,34.567399310452906,34.567399310452906,34.567399310452906,34.567399310452906,34.5536698928979,34.52671349288936,34.52481143589431,34.50282083479345,34.50282083479345,34.49042606732112,34.50758043622868,34.50758043622868,34.39283595859586,34.39283595859586,34.139724548061665,33.77541834535216,33.69355438294682,33.43916414919852,33.18991136863098,33.029279980982224,32.973662207207205,32.973662207207205,32.975233647798746,33.030691955590186,33.030691955590186,33.030691955590186,33.028374785452904,33.01740724503741,33.01740724503741,33.013991721502876,33.21233956664316,33.35654230713792,33.44234717394228,33.46514044300172,33.46514044300172,33.46514044300172,33.46514044300172,33.472188647481104,33.67147058468083,33.67966074108904,33.70027397383528,33.81811429681566,33.81811429681566,33.81811429681566,33.822326939671406,33.88202465870308,33.88202465870308,33.88202465870308,33.88202465870308,33.88202465870308,33.88202465870308,33.88202465870308,33.992001454427935,34.08475171567537,34.086424456664055,,35.61636684566428,34.88621657835434,34.139724548061665,33.77541834535216,33.18991136863098,33.67147058468083,,,34.54331902510003,33.42570474610494,35.39294196778661,34.64283023663455,35.18278193029568,"rgba(38, 166, 154, 0.5)",1.157238546737084,35.88911224230637,0.5840522333094964,55.74273110915339,-7.965472817030928,False,True,True,False,True,19.41462424285468,36.103,34.4609,0.0,0.0,0.0,0.0,0,1.0897822445561147,0.837185929648241,False,False,False,False,0.3050085526385979,0.30165324532508964,False,False,False,False,-1165.0,-1181.033635959125,False,False,False,False,101.75115887591865,False,False,False,False
2025-07-09 17:00:00+00:00,36.565,36.565,36.405,36.405,0.0,,,,,,36.607394366197184,35.213520306679676,35.1948267317971,34.85111489921646,34.85111489921646,34.85111489921646,34.55701388401114,34.56045244239846,34.568826880043396,34.568826880043396,34.54776078229322,34.52481143589431,34.52481143589431,34.52476773038828,34.51729516068182,34.2951462171971,34.02445144538059,34.02445144538059,34.02445144538059,34.02445144538059,34.01661341486949,33.73042361923871,33.51610347970956,33.333507531263734,33.16601511962091,32.964026970482564,32.964026970482564,32.964026970482564,32.964026970482564,32.964026970482564,32.964026970482564,32.970971230831864,33.02367859547362,33.1525826893244,33.42570474610494,33.46514044300172,33.612985900383144,33.69639514845838,33.870581820776266,33.886879244747306,33.886879244747306,33.886879244747306,33.886879244747306,33.886879244747306,33.901436819596746,34.080530980041715,34.116145780323855,34.116145780323855,34.116145780323855,34.116145780323855,34.116145780323855,34.116145780323855,34.116145780323855,34.1173428449662,,,,,,36.552727272727275,36.552727272727275,36.552727272727275,36.552727272727275,36.552727272727275,35.61636684566428,35.61636684566428,34.88621657835434,34.63423536343671,34.54331902510003,34.54331902510003,34.567399310452906,34.567399310452906,34.567399310452906,34.567399310452906,34.567399310452906,34.567399310452906,34.567399310452906,34.5536698928979,34.52671349288936,34.52481143589431,34.50282083479345,34.50282083479345,34.49042606732112,34.50758043622868,34.50758043622868,34.39283595859586,34.39283595859586,34.139724548061665,33.77541834535216,33.69355438294682,33.43916414919852,33.18991136863098,33.029279980982224,32.973662207207205,32.973662207207205,32.975233647798746,33.030691955590186,33.030691955590186,33.030691955590186,33.028374785452904,33.01740724503741,33.01740724503741,33.013991721502876,33.21233956664316,33.35654230713792,33.44234717394228,33.46514044300172,33.46514044300172,33.46514044300172,33.46514044300172,33.472188647481104,33.67147058468083,33.67966074108904,33.70027397383528,33.81811429681566,33.81811429681566,33.81811429681566,33.822326939671406,33.88202465870308,33.88202465870308,33.88202465870308,33.88202465870308,33.88202465870308,33.88202465870308,33.88202465870308,33.992001454427935,34.08475171567537,34.086424456664055,,35.61636684566428,34.88621657835434,34.139724548061665,33.77541834535216,33.18991136863098,33.67147058468083,,,34.54331902510003,33.42570474610494,35.39294196778661,34.64283023663455,35.18278193029568,#000000,1.1340536595341584,35.88911224230637,0.45490595031062947,53.30300463821128,-7.965472817030928,False,True,True,False,True,16.320579010617664,36.1299,34.47375,0.0,0.0,0.0,0.0,0,1.0782234007292022,0.8389128273118991,False,False,False,False,0.29115453556206333,0.2964038904435765,False,False,False,False,-1165.0,-1180.7850524558826,False,False,False,False,100.17362152900517,False,False,False,False
2025-07-09 18:00:00+00:00,36.405,36.405,36.405,36.405,0.0,,,,,,36.607394366197184,35.213520306679676,35.1948267317971,34.85111489921646,34.85111489921646,34.85111489921646,34.55701388401114,34.56045244239846,34.568826880043396,34.568826880043396,34.54776078229322,34.52481143589431,34.52481143589431,34.52476773038828,34.51729516068182,34.2951462171971,34.02445144538059,34.02445144538059,34.02445144538059,34.02445144538059,34.01661341486949,33.73042361923871,33.51610347970956,33.333507531263734,33.16601511962091,32.964026970482564,32.964026970482564,32.964026970482564,32.964026970482564,32.964026970482564,32.964026970482564,32.970971230831864,33.02367859547362,33.1525826893244,33.42570474610494,33.46514044300172,33.612985900383144,33.69639514845838,33.870581820776266,33.886879244747306,33.886879244747306,33.886879244747306,33.886879244747306,33.886879244747306,33.901436819596746,34.080530980041715,34.116145780323855,34.116145780323855,34.116145780323855,34.116145780323855,34.116145780323855,34.116145780323855,34.116145780323855,34.1173428449662,,,,,,36.552727272727275,36.552727272727275,36.552727272727275,36.552727272727275,36.552727272727275,35.61636684566428,35.61636684566428,34.88621657835434,34.63423536343671,34.54331902510003,34.54331902510003,34.567399310452906,34.567399310452906,34.567399310452906,34.567399310452906,34.567399310452906,34.567399310452906,34.567399310452906,34.5536698928979,34.52671349288936,34.52481143589431,34.50282083479345,34.50282083479345,34.49042606732112,34.50758043622868,34.50758043622868,34.39283595859586,34.39283595859586,34.139724548061665,33.77541834535216,33.69355438294682,33.43916414919852,33.18991136863098,33.029279980982224,32.973662207207205,32.973662207207205,32.975233647798746,33.030691955590186,33.030691955590186,33.030691955590186,33.028374785452904,33.01740724503741,33.01740724503741,33.013991721502876,33.21233956664316,33.35654230713792,33.44234717394228,33.46514044300172,33.46514044300172,33.46514044300172,33.46514044300172,33.472188647481104,33.67147058468083,33.67966074108904,33.70027397383528,33.81811429681566,33.81811429681566,33.81811429681566,33.822326939671406,33.88202465870308,33.88202465870308,33.88202465870308,33.88202465870308,33.88202465870308,33.88202465870308,33.88202465870308,33.992001454427935,34.08475171567537,34.086424456664055,,35.61636684566428,34.88621657835434,34.139724548061665,33.77541834535216,33.18991136863098,33.67147058468083,,,34.54331902510003,33.42570474610494,35.39294196778661,34.64283023663455,35.18278193029568,#000000,1.1087271006807344,35.88911224230637,0.46529732823964476,51.67652032424987,-7.965472817030928,False,True,False,False,True,16.320579010617664,36.157799999999995,34.486599999999996,0.0,0.0,0.0,0.0,0,1.0782234007292022,0.849519390122638,False,False,False,False,0.2774083890753664,0.28690613975947143,False,False,False,False,-1165.0,-1180.5403229604424,False,False,False,False,98.6205421254547,False,False,False,False
2025-07-09 19:00:00+00:00,36.405,36.405,36.405,36.405,0.0,,,,,,36.607394366197184,35.213520306679676,35.1948267317971,34.85111489921646,34.85111489921646,34.85111489921646,34.55701388401114,34.56045244239846,34.568826880043396,34.568826880043396,34.54776078229322,34.52481143589431,34.52481143589431,34.52476773038828,34.51729516068182,34.2951462171971,34.02445144538059,34.02445144538059,34.02445144538059,34.02445144538059,34.01661341486949,33.73042361923871,33.51610347970956,33.333507531263734,33.16601511962091,32.964026970482564,32.964026970482564,32.964026970482564,32.964026970482564,32.964026970482564,32.964026970482564,32.970971230831864,33.02367859547362,33.1525826893244,33.42570474610494,33.46514044300172,33.612985900383144,33.69639514845838,33.870581820776266,33.886879244747306,33.886879244747306,33.886879244747306,33.886879244747306,33.886879244747306,33.901436819596746,34.080530980041715,34.116145780323855,34.116145780323855,34.116145780323855,34.116145780323855,34.116145780323855,34.116145780323855,34.116145780323855,34.1173428449662,,,,,,36.552727272727275,36.552727272727275,36.552727272727275,36.552727272727275,36.552727272727275,35.61636684566428,35.61636684566428,34.88621657835434,34.63423536343671,34.54331902510003,34.54331902510003,34.567399310452906,34.567399310452906,34.567399310452906,34.567399310452906,34.567399310452906,34.567399310452906,34.567399310452906,34.5536698928979,34.52671349288936,34.52481143589431,34.50282083479345,34.50282083479345,34.49042606732112,34.50758043622868,34.50758043622868,34.39283595859586,34.39283595859586,34.139724548061665,33.77541834535216,33.69355438294682,33.43916414919852,33.18991136863098,33.029279980982224,32.973662207207205,32.973662207207205,32.975233647798746,33.030691955590186,33.030691955590186,33.030691955590186,33.028374785452904,33.01740724503741,33.01740724503741,33.013991721502876,33.21233956664316,33.35654230713792,33.44234717394228,33.46514044300172,33.46514044300172,33.46514044300172,33.46514044300172,33.472188647481104,33.67147058468083,33.67966074108904,33.70027397383528,33.81811429681566,33.81811429681566,33.81811429681566,33.822326939671406,33.88202465870308,33.88202465870308,33.88202465870308,33.88202465870308,33.88202465870308,33.88202465870308,33.88202465870308,33.992001454427935,34.08475171567537,34.086424456664055,,35.61636684566428,34.88621657835434,34.139724548061665,33.77541834535216,33.18991136863098,33.67147058468083,,,34.54331902510003,33.42570474610494,35.39294196778661,34.64283023663455,35.18278193029568,#000000,1.0811083651963067,35.88911224230637,0.4771841327857628,50.5921974482756,-7.965472817030928,False,True,False,False,True,16.320579010617664,36.1851,34.49945,0.0,0.0,0.0,0.0,0,1.0782234007292022,0.849519390122638,False,False,False,False,0.2774083890753664,0.28215726441741895,False,False,False,False,-1165.0,-1180.2993877207455,False,False,False,False,97.09154147234688,False,False,False,False
2025-07-10 14:00:00+00:00,36.665,36.8,36.665,36.75,300.0,,,,,36.73833333333334,36.62699600798403,35.26158628419319,35.24248053240026,34.900578950433925,34.900578950433925,34.900578950433925,34.60202976313315,34.60509029628111,34.612081478035485,34.612081478035485,34.58928297634844,34.56460628033798,34.56460628033798,34.56455859148741,34.55105296044854,34.325458712434525,34.05370006466446,34.05370006466446,34.05370006466446,34.05370006466446,34.04584150677739,33.76029857087679,33.546205586522596,33.36384275758295,33.19665337297617,32.994675012405835,32.994675012405835,32.994675012405835,32.994675012405835,32.994675012405835,32.994675012405835,33.00139816933638,33.05231306850301,33.17540151740133,33.44476511504505,33.48378403265617,33.63013458314282,33.7127452596375,33.885238131743336,33.90137816384181,33.90137816384181,33.90137816384181,33.90137816384181,33.90137816384181,33.915788015221274,34.092353944246746,34.12753388730451,34.12753388730451,34.12753388730451,34.12753388730451,34.12753388730451,34.12753388730451,34.12753388730451,34.12871735524438,,,,,,36.641111111111115,36.641111111111115,36.641111111111115,36.641111111111115,36.641111111111115,35.66442366266895,35.66442366266895,34.9356239255439,34.683759087818395,34.59020434318263,34.59020434318263,34.61027772291351,34.61027772291351,34.61027772291351,34.61027772291351,34.61027772291351,34.61027772291351,34.61027772291351,34.59598646263774,34.56659363667328,34.56460628033798,34.54131548234034,34.54131548234034,34.52848533589179,34.542180057215724,34.542180057215724,34.424081483126116,34.424081483126116,34.16932595433374,33.8052093597435,33.72347653989365,33.46939477703115,33.22056198592996,33.0601407532727,33.00394106344951,33.00394106344951,33.00541893939394,33.0575771052886,33.0575771052886,33.0575771052886,33.055211869855974,33.0436732236837,33.0436732236837,33.04015866882129,33.234157934903685,33.376367556441444,33.46122849395636,33.48378403265617,33.48378403265617,33.48378403265617,33.48378403265617,33.490756837849794,33.688058981201024,33.69616526071552,33.71658686975354,33.833276651840066,33.833276651840066,33.833276651840066,33.837447010157234,33.896572920203745,33.896572920203745,33.896572920203745,33.896572920203745,33.896572920203745,33.896572920203745,33.896572920203745,34.00525168864588,34.09651595757782,34.0981639343456,,35.66442366266895,34.9356239255439,34.16932595433374,33.8052093597435,33.22056198592996,33.688058981201024,,36.73833333333334,34.59020434318263,33.44476511504505,35.5556223824624,34.8161541010043,35.23843593701632,"rgba(38, 166, 154, 0.5)",1.0471092683287475,36.06827977012005,0.651049752398829,56.05483299458312,-5.236503454146785,False,True,True,False,True,20.0,36.2245,34.514025000000004,-1.0,36.8,36.665,0.0,0,1.0762273901808797,0.8446382428940565,False,False,False,False,0.3343945452662985,0.30827590484185874,False,False,False,False,-865.0,-1175.4110251204238,False,False,False,False,100.237409046419,False,False,False,False
2025-07-10 15:00:00+00:00,36.75,36.75,36.75,36.75,0.0,,,,,36.73833333333334,36.62699600798403,35.26158628419319,35.24248053240026,34.900578950433925,34.900578950433925,34.900578950433925,34.60202976313315,34.60509029628111,34.612081478035485,34.612081478035485,34.58928297634844,34.56460628033798,34.56460628033798,34.56455859148741,34.55105296044854,34.325458712434525,34.05370006466446,34.05370006466446,34.05370006466446,34.05370006466446,34.04584150677739,33.76029857087679,33.546205586522596,33.36384275758295,33.19665337297617,32.994675012405835,32.994675012405835,32.994675012405835,32.994675012405835,32.994675012405835,32.994675012405835,33.00139816933638,33.05231306850301,33.17540151740133,33.44476511504505,33.48378403265617,33.63013458314282,33.7127452596375,33.885238131743336,33.90137816384181,33.90137816384181,33.90137816384181,33.90137816384181,33.90137816384181,33.915788015221274,34.092353944246746,34.12753388730451,34.12753388730451,34.12753388730451,34.12753388730451,34.12753388730451,34.12753388730451,34.12753388730451,34.12871735524438,,,,,,36.641111111111115,36.641111111111115,36.641111111111115,36.641111111111115,36.641111111111115,35.66442366266895,35.66442366266895,34.9356239255439,34.683759087818395,34.59020434318263,34.59020434318263,34.61027772291351,34.61027772291351,34.61027772291351,34.61027772291351,34.61027772291351,34.61027772291351,34.61027772291351,34.59598646263774,34.56659363667328,34.56460628033798,34.54131548234034,34.54131548234034,34.52848533589179,34.542180057215724,34.542180057215724,34.424081483126116,34.424081483126116,34.16932595433374,33.8052093597435,33.72347653989365,33.46939477703115,33.22056198592996,33.0601407532727,33.00394106344951,33.00394106344951,33.00541893939394,33.0575771052886,33.0575771052886,33.0575771052886,33.055211869855974,33.0436732236837,33.0436732236837,33.04015866882129,33.234157934903685,33.376367556441444,33.46122849395636,33.48378403265617,33.48378403265617,33.48378403265617,33.48378403265617,33.490756837849794,33.688058981201024,33.69616526071552,33.71658686975354,33.833276651840066,33.833276651840066,33.833276651840066,33.837447010157234,33.896572920203745,33.896572920203745,33.896572920203745,33.896572920203745,33.896572920203745,33.896572920203745,33.896572920203745,34.00525168864588,34.09651595757782,34.0981639343456,,35.66442366266895,34.9356239255439,34.16932595433374,33.8052093597435,33.22056198592996,33.688058981201024,,36.73833333333334,34.59020434318263,33.44476511504505,35.5556223824624,34.8161541010043,35.23843593701632,"rgba(38, 166, 154, 0.5)",1.0093942434643144,36.06827977012005,0.6753755871840884,59.6965900254548,-1.219221524757586,False,False,True,False,True,20.0,36.2614,34.528600000000004,0.0,0.0,0.0,0.0,0,1.083553500660503,0.8669088507265519,False,False,False,False,0.3374963034996742,0.32288610417076646,False,False,False,False,-865.0,-1170.598451087549,False,False,False,False,98.68334068911018,False,False,False,False
2025-07-10 16:00:00+00:00,36.75,36.75,36.75,36.75,0.0,,,,,36.73833333333334,36.62699600798403,35.26158628419319,35.24248053240026,34.900578950433925,34.900578950433925,34.900578950433925,34.60202976313315,34.60509029628111,34.612081478035485,34.612081478035485,34.58928297634844,34.56460628033798,34.56460628033798,34.56455859148741,34.55105296044854,34.325458712434525,34.05370006466446,34.05370006466446,34.05370006466446,34.05370006466446,34.04584150677739,33.76029857087679,33.546205586522596,33.36384275758295,33.19665337297617,32.994675012405835,32.994675012405835,32.994675012405835,32.994675012405835,32.994675012405835,32.994675012405835,33.00139816933638,33.05231306850301,33.17540151740133,33.44476511504505,33.48378403265617,33.63013458314282,33.7127452596375,33.885238131743336,33.90137816384181,33.90137816384181,33.90137816384181,33.90137816384181,33.90137816384181,33.915788015221274,34.092353944246746,34.12753388730451,34.12753388730451,34.12753388730451,34.12753388730451,34.12753388730451,34.12753388730451,34.12753388730451,34.12871735524438,,,,,,36.641111111111115,36.641111111111115,36.641111111111115,36.641111111111115,36.641111111111115,35.66442366266895,35.66442366266895,34.9356239255439,34.683759087818395,34.59020434318263,34.59020434318263,34.61027772291351,34.61027772291351,34.61027772291351,34.61027772291351,34.61027772291351,34.61027772291351,34.61027772291351,34.59598646263774,34.56659363667328,34.56460628033798,34.54131548234034,34.54131548234034,34.52848533589179,34.542180057215724,34.542180057215724,34.424081483126116,34.424081483126116,34.16932595433374,33.8052093597435,33.72347653989365,33.46939477703115,33.22056198592996,33.0601407532727,33.00394106344951,33.00394106344951,33.00541893939394,33.0575771052886,33.0575771052886,33.0575771052886,33.055211869855974,33.0436732236837,33.0436732236837,33.04015866882129,33.234157934903685,33.376367556441444,33.46122849395636,33.48378403265617,33.48378403265617,33.48378403265617,33.48378403265617,33.490756837849794,33.688058981201024,33.69616526071552,33.71658686975354,33.833276651840066,33.833276651840066,33.833276651840066,33.837447010157234,33.896572920203745,33.896572920203745,33.896572920203745,33.896572920203745,33.896572920203745,33.896572920203745,33.896572920203745,34.00525168864588,34.09651595757782,34.0981639343456,,35.66442366266895,34.9356239255439,34.16932595433374,33.8052093597435,33.22056198592996,33.688058981201024,,36.73833333333334,34.59020434318263,33.44476511504505,35.5556223824624,34.8161541010043,35.23843593701632,"rgba(38, 166, 154, 0.5)",0.9675288388746989,36.06827977012005,0.7045993902081891,62.12442804603592,1.642801090825131,False,False,True,False,True,20.0,36.2876,34.543175,0.0,0.0,0.0,0.0,0,1.0613802256138032,0.8709356337093561,False,False,False,False,0.3374963034996742,0.3301912038352203,False,False,False,False,-865.0,-1165.8604906055714,False,False,False,False,97.15336641486041,False,False,False,False
2025-07-10 17:00:00+00:00,36.75,36.75,36.75,36.75,0.0,,,,,36.73833333333334,36.62699600798403,35.26158628419319,35.24248053240026,34.900578950433925,34.900578950433925,34.900578950433925,34.60202976313315,34.60509029628111,34.612081478035485,34.612081478035485,34.58928297634844,34.56460628033798,34.56460628033798,34.56455859148741,34.55105296044854,34.325458712434525,34.05370006466446,34.05370006466446,34.05370006466446,34.05370006466446,34.04584150677739,33.76029857087679,33.546205586522596,33.36384275758295,33.19665337297617,32.994675012405835,32.994675012405835,32.994675012405835,32.994675012405835,32.994675012405835,32.994675012405835,33.00139816933638,33.05231306850301,33.17540151740133,33.44476511504505,33.48378403265617,33.63013458314282,33.7127452596375,33.885238131743336,33.90137816384181,33.90137816384181,33.90137816384181,33.90137816384181,33.90137816384181,33.915788015221274,34.092353944246746,34.12753388730451,34.12753388730451,34.12753388730451,34.12753388730451,34.12753388730451,34.12753388730451,34.12753388730451,34.12871735524438,,,,,,36.641111111111115,36.641111111111115,36.641111111111115,36.641111111111115,36.641111111111115,35.66442366266895,35.66442366266895,34.9356239255439,34.683759087818395,34.59020434318263,34.59020434318263,34.61027772291351,34.61027772291351,34.61027772291351,34.61027772291351,34.61027772291351,34.61027772291351,34.61027772291351,34.59598646263774,34.56659363667328,34.56460628033798,34.54131548234034,34.54131548234034,34.52848533589179,34.542180057215724,34.542180057215724,34.424081483126116,34.424081483126116,34.16932595433374,33.8052093597435,33.72347653989365,33.46939477703115,33.22056198592996,33.0601407532727,33.00394106344951,33.00394106344951,33.00541893939394,33.0575771052886,33.0575771052886,33.0575771052886,33.055211869855974,33.0436732236837,33.0436732236837,33.04015866882129,33.234157934903685,33.376367556441444,33.46122849395636,33.48378403265617,33.48378403265617,33.48378403265617,33.48378403265617,33.490756837849794,33.688058981201024,33.69616526071552,33.71658686975354,33.833276651840066,33.833276651840066,33.833276651840066,33.837447010157234,33.896572920203745,33.896572920203745,33.896572920203745,33.896572920203745,33.896572920203745,33.896572920203745,33.896572920203745,34.00525168864588,34.09651595757782,34.0981639343456,,35.66442366266895,34.9356239255439,34.16932595433374,33.8052093597435,33.22056198592996,33.688058981201024,,36.73833333333334,34.59020434318263,33.44476511504505,35.5556223824624,34.8161541010043,35.23843593701632,"rgba(38, 166, 154, 0.5)",0.962196239653731,36.06827977012005,0.708504358866839,63.74298672642334,3.796647122183252,False,False,True,False,True,20.0,36.3155,34.55775,0.0,0.0,0.0,0.0,0,1.057845744680852,0.8716755319148933,False,False,False,False,0.3374963034996742,0.33384375366744723,False,False,False,False,-865.0,-1161.1959868752524,False,False,False,False,95.64711267199436,False,False,False,False
2025-07-10 18:00:00+00:00,36.75,36.75,36.75,36.75,0.0,,,,,36.73833333333334,36.62699600798403,35.26158628419319,35.24248053240026,34.900578950433925,34.900578950433925,34.900578950433925,34.60202976313315,34.60509029628111,34.612081478035485,34.612081478035485,34.58928297634844,34.56460628033798,34.56460628033798,34.56455859148741,34.55105296044854,34.325458712434525,34.05370006466446,34.05370006466446,34.05370006466446,34.05370006466446,34.04584150677739,33.76029857087679,33.546205586522596,33.36384275758295,33.19665337297617,32.994675012405835,32.994675012405835,32.994675012405835,32.994675012405835,32.994675012405835,32.994675012405835,33.00139816933638,33.05231306850301,33.17540151740133,33.44476511504505,33.48378403265617,33.63013458314282,33.7127452596375,33.885238131743336,33.90137816384181,33.90137816384181,33.90137816384181,33.90137816384181,33.90137816384181,33.915788015221274,34.092353944246746,34.12753388730451,34.12753388730451,34.12753388730451,34.12753388730451,34.12753388730451,34.12753388730451,34.12753388730451,34.12871735524438,,,,,,36.641111111111115,36.641111111111115,36.641111111111115,36.641111111111115,36.641111111111115,35.66442366266895,35.66442366266895,34.9356239255439,34.683759087818395,34.59020434318263,34.59020434318263,34.61027772291351,34.61027772291351,34.61027772291351,34.61027772291351,34.61027772291351,34.61027772291351,34.61027772291351,34.59598646263774,34.56659363667328,34.56460628033798,34.54131548234034,34.54131548234034,34.52848533589179,34.542180057215724,34.542180057215724,34.424081483126116,34.424081483126116,34.16932595433374,33.8052093597435,33.72347653989365,33.46939477703115,33.22056198592996,33.0601407532727,33.00394106344951,33.00394106344951,33.00541893939394,33.0575771052886,33.0575771052886,33.0575771052886,33.055211869855974,33.0436732236837,33.0436732236837,33.04015866882129,33.234157934903685,33.376367556441444,33.46122849395636,33.48378403265617,33.48378403265617,33.48378403265617,33.48378403265617,33.490756837849794,33.688058981201024,33.69616526071552,33.71658686975354,33.833276651840066,33.833276651840066,33.833276651840066,33.837447010157234,33.896572920203745,33.896572920203745,33.896572920203745,33.896572920203745,33.896572920203745,33.896572920203745,33.896572920203745,34.00525168864588,34.09651595757782,34.0981639343456,,35.66442366266895,34.9356239255439,34.16932595433374,33.8052093597435,33.22056198592996,33.688058981201024,,36.73833333333334,34.59020434318263,33.44476511504505,35.5556223824624,34.8161541010043,35.23843593701632,"rgba(38, 166, 154, 0.5)",0.9558303781068564,36.06827977012005,0.713223021044993,64.82202584668161,5.508219819206559,False,False,True,False,True,20.0,36.34,34.572325,0.0,0.0,0.0,0.0,0,1.0639865996649926,0.870686767169179,False,False,False,False,0.3374963034996742,0.3356700285835607,False,False,False,False,-865.0,-1156.6038010322252,False,True,False,False,94.16421170033553,False,True,False,False
2025-07-10 19:00:00+00:00,36.75,36.75,36.75,36.75,0.0,,,,,36.73833333333334,36.62699600798403,35.26158628419319,35.24248053240026,34.900578950433925,34.900578950433925,34.900578950433925,34.60202976313315,34.60509029628111,34.612081478035485,34.612081478035485,34.58928297634844,34.56460628033798,34.56460628033798,34.56455859148741,34.55105296044854,34.325458712434525,34.05370006466446,34.05370006466446,34.05370006466446,34.05370006466446,34.04584150677739,33.76029857087679,33.546205586522596,33.36384275758295,33.19665337297617,32.994675012405835,32.994675012405835,32.994675012405835,32.994675012405835,32.994675012405835,32.994675012405835,33.00139816933638,33.05231306850301,33.17540151740133,33.44476511504505,33.48378403265617,33.63013458314282,33.7127452596375,33.885238131743336,33.90137816384181,33.90137816384181,33.90137816384181,33.90137816384181,33.90137816384181,33.915788015221274,34.092353944246746,34.12753388730451,34.12753388730451,34.12753388730451,34.12753388730451,34.12753388730451,34.12753388730451,34.12753388730451,34.12871735524438,,,,,,36.641111111111115,36.641111111111115,36.641111111111115,36.641111111111115,36.641111111111115,35.66442366266895,35.66442366266895,34.9356239255439,34.683759087818395,34.59020434318263,34.59020434318263,34.61027772291351,34.61027772291351,34.61027772291351,34.61027772291351,34.61027772291351,34.61027772291351,34.61027772291351,34.59598646263774,34.56659363667328,34.56460628033798,34.54131548234034,34.54131548234034,34.52848533589179,34.542180057215724,34.542180057215724,34.424081483126116,34.424081483126116,34.16932595433374,33.8052093597435,33.72347653989365,33.46939477703115,33.22056198592996,33.0601407532727,33.00394106344951,33.00394106344951,33.00541893939394,33.0575771052886,33.0575771052886,33.0575771052886,33.055211869855974,33.0436732236837,33.0436732236837,33.04015866882129,33.234157934903685,33.376367556441444,33.46122849395636,33.48378403265617,33.48378403265617,33.48378403265617,33.48378403265617,33.490756837849794,33.688058981201024,33.69616526071552,33.71658686975354,33.833276651840066,33.833276651840066,33.833276651840066,33.837447010157234,33.896572920203745,33.896572920203745,33.896572920203745,33.896572920203745,33.896572920203745,33.896572920203745,33.896572920203745,34.00525168864588,34.09651595757782,34.0981639343456,,35.66442366266895,34.9356239255439,34.16932595433374,33.8052093597435,33.22056198592996,33.688058981201024,,36.73833333333334,34.59020434318263,33.44476511504505,35.5556223824624,34.8161541010043,35.23843593701632,"rgba(38, 166, 154, 0.5)",0.9475855995469016,36.06827977012005,0.719428651306987,65.54138526018713,6.933017021590139,False,False,True,False,True,20.0,36.366099999999996,34.5869,0.0,0.0,0.0,0.0,0,1.0639865996649926,0.8629815745393631,False,False,False,False,0.3374963034996742,0.3365831660416174,False,False,False,False,-865.0,-1152.0828118689346,False,True,False,False,92.7043014414156,False,True,False,False
2025-07-11 14:00:00+00:00,36.485,36.485,36.485,36.485,0.0,,,,,36.73833333333334,36.62699600798403,35.26158628419319,35.24248053240026,34.900578950433925,34.900578950433925,34.900578950433925,34.60202976313315,34.60509029628111,34.612081478035485,34.612081478035485,34.58928297634844,34.56460628033798,34.56460628033798,34.56455859148741,34.55105296044854,34.325458712434525,34.05370006466446,34.05370006466446,34.05370006466446,34.05370006466446,34.04584150677739,33.76029857087679,33.546205586522596,33.36384275758295,33.19665337297617,32.994675012405835,32.994675012405835,32.994675012405835,32.994675012405835,32.994675012405835,32.994675012405835,33.00139816933638,33.05231306850301,33.17540151740133,33.44476511504505,33.48378403265617,33.63013458314282,33.7127452596375,33.885238131743336,33.90137816384181,33.90137816384181,33.90137816384181,33.90137816384181,33.90137816384181,33.915788015221274,34.092353944246746,34.12753388730451,34.12753388730451,34.12753388730451,34.12753388730451,34.12753388730451,34.12753388730451,34.12753388730451,34.12871735524438,,,,,,36.641111111111115,36.641111111111115,36.641111111111115,36.641111111111115,36.641111111111115,35.66442366266895,35.66442366266895,34.9356239255439,34.683759087818395,34.59020434318263,34.59020434318263,34.61027772291351,34.61027772291351,34.61027772291351,34.61027772291351,34.61027772291351,34.61027772291351,34.61027772291351,34.59598646263774,34.56659363667328,34.56460628033798,34.54131548234034,34.54131548234034,34.52848533589179,34.542180057215724,34.542180057215724,34.424081483126116,34.424081483126116,34.16932595433374,33.8052093597435,33.72347653989365,33.46939477703115,33.22056198592996,33.0601407532727,33.00394106344951,33.00394106344951,33.00541893939394,33.0575771052886,33.0575771052886,33.0575771052886,33.055211869855974,33.0436732236837,33.0436732236837,33.04015866882129,33.234157934903685,33.376367556441444,33.46122849395636,33.48378403265617,33.48378403265617,33.48378403265617,33.48378403265617,33.490756837849794,33.688058981201024,33.69616526071552,33.71658686975354,33.833276651840066,33.833276651840066,33.833276651840066,33.837447010157234,33.896572920203745,33.896572920203745,33.896572920203745,33.896572920203745,33.896572920203745,33.896572920203745,33.896572920203745,34.00525168864588,34.09651595757782,34.0981639343456,,35.66442366266895,34.9356239255439,34.16932595433374,33.8052093597435,33.22056198592996,33.688058981201024,,36.73833333333334,34.59020434318263,33.44476511504505,35.5556223824624,34.8161541010043,35.23843593701632,#000000,0.9350257885349603,36.06827977012005,0.4456777930509116,58.00388176908753,6.933017021590139,False,False,True,False,False,14.970395289732696,36.3865,34.60015,0.0,0.0,0.0,0.0,0,1.0631196298744225,0.8648380700594841,False,False,False,False,0.29115453556206333,0.31386885080184035,False,False,False,False,-865.0,-1147.631915560889,False,False,False,False,91.26702545007582,False,False,False,False
2025-07-11 15:00:00+00:00,36.485,36.485,36.485,36.485,0.0,,,,,36.73833333333334,36.62699600798403,35.26158628419319,35.24248053240026,34.900578950433925,34.900578950433925,34.900578950433925,34.60202976313315,34.60509029628111,34.612081478035485,34.612081478035485,34.58928297634844,34.56460628033798,34.56460628033798,34.56455859148741,34.55105296044854,34.325458712434525,34.05370006466446,34.05370006466446,34.05370006466446,34.05370006466446,34.04584150677739,33.76029857087679,33.546205586522596,33.36384275758295,33.19665337297617,32.994675012405835,32.994675012405835,32.994675012405835,32.994675012405835,32.994675012405835,32.994675012405835,33.00139816933638,33.05231306850301,33.17540151740133,33.44476511504505,33.48378403265617,33.63013458314282,33.7127452596375,33.885238131743336,33.90137816384181,33.90137816384181,33.90137816384181,33.90137816384181,33.90137816384181,33.915788015221274,34.092353944246746,34.12753388730451,34.12753388730451,34.12753388730451,34.12753388730451,34.12753388730451,34.12753388730451,34.12753388730451,34.12871735524438,,,,,,36.641111111111115,36.641111111111115,36.641111111111115,36.641111111111115,36.641111111111115,35.66442366266895,35.66442366266895,34.9356239255439,34.683759087818395,34.59020434318263,34.59020434318263,34.61027772291351,34.61027772291351,34.61027772291351,34.61027772291351,34.61027772291351,34.61027772291351,34.61027772291351,34.59598646263774,34.56659363667328,34.56460628033798,34.54131548234034,34.54131548234034,34.52848533589179,34.542180057215724,34.542180057215724,34.424081483126116,34.424081483126116,34.16932595433374,33.8052093597435,33.72347653989365,33.46939477703115,33.22056198592996,33.0601407532727,33.00394106344951,33.00394106344951,33.00541893939394,33.0575771052886,33.0575771052886,33.0575771052886,33.055211869855974,33.0436732236837,33.0436732236837,33.04015866882129,33.234157934903685,33.376367556441444,33.46122849395636,33.48378403265617,33.48378403265617,33.48378403265617,33.48378403265617,33.490756837849794,33.688058981201024,33.69616526071552,33.71658686975354,33.833276651840066,33.833276651840066,33.833276651840066,33.837447010157234,33.896572920203745,33.896572920203745,33.896572920203745,33.896572920203745,33.896572920203745,33.896572920203745,33.896572920203745,34.00525168864588,34.09651595757782,34.0981639343456,,35.66442366266895,34.9356239255439,34.16932595433374,33.8052093597435,33.22056198592996,33.688058981201024,,36.73833333333334,34.59020434318263,33.44476511504505,35.5556223824624,34.8161541010043,35.23843593701632,#000000,0.9213617859129748,36.06827977012005,0.45228729501411064,52.978879441687795,11.678109878975462,False,True,False,False,False,14.970395289732696,36.4094,34.6134,0.0,0.0,0.0,0.0,0,1.0645805592543285,0.8701731025299596,False,False,False,False,0.29115453556206333,0.3025116931819518,False,False,False,False,-865.0,-1143.250025397154,False,False,False,False,89.85203280743899,False,False,False,False
2025-07-11 16:00:00+00:00,36.485,36.485,36.485,36.485,0.0,,,,,36.73833333333334,36.62699600798403,35.26158628419319,35.24248053240026,34.900578950433925,34.900578950433925,34.900578950433925,34.60202976313315,34.60509029628111,34.612081478035485,34.612081478035485,34.58928297634844,34.56460628033798,34.56460628033798,34.56455859148741,34.55105296044854,34.325458712434525,34.05370006466446,34.05370006466446,34.05370006466446,34.05370006466446,34.04584150677739,33.76029857087679,33.546205586522596,33.36384275758295,33.19665337297617,32.994675012405835,32.994675012405835,32.994675012405835,32.994675012405835,32.994675012405835,32.994675012405835,33.00139816933638,33.05231306850301,33.17540151740133,33.44476511504505,33.48378403265617,33.63013458314282,33.7127452596375,33.885238131743336,33.90137816384181,33.90137816384181,33.90137816384181,33.90137816384181,33.90137816384181,33.915788015221274,34.092353944246746,34.12753388730451,34.12753388730451,34.12753388730451,34.12753388730451,34.12753388730451,34.12753388730451,34.12753388730451,34.12871735524438,,,,,,36.641111111111115,36.641111111111115,36.641111111111115,36.641111111111115,36.641111111111115,35.66442366266895,35.66442366266895,34.9356239255439,34.683759087818395,34.59020434318263,34.59020434318263,34.61027772291351,34.61027772291351,34.61027772291351,34.61027772291351,34.61027772291351,34.61027772291351,34.61027772291351,34.59598646263774,34.56659363667328,34.56460628033798,34.54131548234034,34.54131548234034,34.52848533589179,34.542180057215724,34.542180057215724,34.424081483126116,34.424081483126116,34.16932595433374,33.8052093597435,33.72347653989365,33.46939477703115,33.22056198592996,33.0601407532727,33.00394106344951,33.00394106344951,33.00541893939394,33.0575771052886,33.0575771052886,33.0575771052886,33.055211869855974,33.0436732236837,33.0436732236837,33.04015866882129,33.234157934903685,33.376367556441444,33.46122849395636,33.48378403265617,33.48378403265617,33.48378403265617,33.48378403265617,33.490756837849794,33.688058981201024,33.69616526071552,33.71658686975354,33.833276651840066,33.833276651840066,33.833276651840066,33.837447010157234,33.896572920203745,33.896572920203745,33.896572920203745,33.896572920203745,33.896572920203745,33.896572920203745,33.896572920203745,34.00525168864588,34.09651595757782,34.0981639343456,,35.66442366266895,34.9356239255439,34.16932595433374,33.8052093597435,33.22056198592996,33.688058981201024,,36.73833333333334,34.59020434318263,33.44476511504505,35.5556223824624,34.8161541010043,35.23843593701632,#000000,0.9003509075671386,36.06827977012005,0.4628420167931856,49.62887789008797,8.400212394008314,False,True,False,True,False,14.970395289732696,36.4323,34.625825,0.0,0.0,0.0,0.0,0,1.0768683274021362,0.8612099644128108,False,False,False,False,0.29115453556206333,0.29683311437200754,False,False,False,False,-865.0,-1138.9360715150276,False,False,False,False,88.45897803523063,False,False,False,False
2025-07-11 17:00:00+00:00,36.485,36.485,36.485,36.485,0.0,,,,,36.73833333333334,36.62699600798403,35.26158628419319,35.24248053240026,34.900578950433925,34.900578950433925,34.900578950433925,34.60202976313315,34.60509029628111,34.612081478035485,34.612081478035485,34.58928297634844,34.56460628033798,34.56460628033798,34.56455859148741,34.55105296044854,34.325458712434525,34.05370006466446,34.05370006466446,34.05370006466446,34.05370006466446,34.04584150677739,33.76029857087679,33.546205586522596,33.36384275758295,33.19665337297617,32.994675012405835,32.994675012405835,32.994675012405835,32.994675012405835,32.994675012405835,32.994675012405835,33.00139816933638,33.05231306850301,33.17540151740133,33.44476511504505,33.48378403265617,33.63013458314282,33.7127452596375,33.885238131743336,33.90137816384181,33.90137816384181,33.90137816384181,33.90137816384181,33.90137816384181,33.915788015221274,34.092353944246746,34.12753388730451,34.12753388730451,34.12753388730451,34.12753388730451,34.12753388730451,34.12753388730451,34.12753388730451,34.12871735524438,,,,,,36.641111111111115,36.641111111111115,36.641111111111115,36.641111111111115,36.641111111111115,35.66442366266895,35.66442366266895,34.9356239255439,34.683759087818395,34.59020434318263,34.59020434318263,34.61027772291351,34.61027772291351,34.61027772291351,34.61027772291351,34.61027772291351,34.61027772291351,34.61027772291351,34.59598646263774,34.56659363667328,34.56460628033798,34.54131548234034,34.54131548234034,34.52848533589179,34.542180057215724,34.542180057215724,34.424081483126116,34.424081483126116,34.16932595433374,33.8052093597435,33.72347653989365,33.46939477703115,33.22056198592996,33.0601407532727,33.00394106344951,33.00394106344951,33.00541893939394,33.0575771052886,33.0575771052886,33.0575771052886,33.055211869855974,33.0436732236837,33.0436732236837,33.04015866882129,33.234157934903685,33.376367556441444,33.46122849395636,33.48378403265617,33.48378403265617,33.48378403265617,33.48378403265617,33.490756837849794,33.688058981201024,33.69616526071552,33.71658686975354,33.833276651840066,33.833276651840066,33.833276651840066,33.837447010157234,33.896572920203745,33.896572920203745,33.896572920203745,33.896572920203745,33.896572920203745,33.896572920203745,33.896572920203745,34.00525168864588,34.09651595757782,34.0981639343456,,35.66442366266895,34.9356239255439,34.16932595433374,33.8052093597435,33.22056198592996,33.688058981201024,,36.73833333333334,34.59020434318263,33.44476511504505,35.5556223824624,34.8161541010043,35.23843593701632,#000000,0.8823500919050811,36.06827977012005,0.4722844522860641,47.39554352235476,6.08550468553652,False,True,False,True,False,14.970395289732696,36.4508,34.637975000000004,0.0,0.0,0.0,0.0,0,1.079295154185023,0.888399412628487,False,False,False,False,0.29115453556206333,0.2939938249670354,False,False,False,False,-865.0,-1134.6890006388255,False,False,False,False,87.0875210114286,False,False,False,False
2025-07-11 18:00:00+00:00,36.485,36.485,36.485,36.485,0.0,,,,,36.73833333333334,36.62699600798403,35.26158628419319,35.24248053240026,34.900578950433925,34.900578950433925,34.900578950433925,34.60202976313315,34.60509029628111,34.612081478035485,34.612081478035485,34.58928297634844,34.56460628033798,34.56460628033798,34.56455859148741,34.55105296044854,34.325458712434525,34.05370006466446,34.05370006466446,34.05370006466446,34.05370006466446,34.04584150677739,33.76029857087679,33.546205586522596,33.36384275758295,33.19665337297617,32.994675012405835,32.994675012405835,32.994675012405835,32.994675012405835,32.994675012405835,32.994675012405835,33.00139816933638,33.05231306850301,33.17540151740133,33.44476511504505,33.48378403265617,33.63013458314282,33.7127452596375,33.885238131743336,33.90137816384181,33.90137816384181,33.90137816384181,33.90137816384181,33.90137816384181,33.915788015221274,34.092353944246746,34.12753388730451,34.12753388730451,34.12753388730451,34.12753388730451,34.12753388730451,34.12753388730451,34.12753388730451,34.12871735524438,,,,,,36.641111111111115,36.641111111111115,36.641111111111115,36.641111111111115,36.641111111111115,35.66442366266895,35.66442366266895,34.9356239255439,34.683759087818395,34.59020434318263,34.59020434318263,34.61027772291351,34.61027772291351,34.61027772291351,34.61027772291351,34.61027772291351,34.61027772291351,34.61027772291351,34.59598646263774,34.56659363667328,34.56460628033798,34.54131548234034,34.54131548234034,34.52848533589179,34.542180057215724,34.542180057215724,34.424081483126116,34.424081483126116,34.16932595433374,33.8052093597435,33.72347653989365,33.46939477703115,33.22056198592996,33.0601407532727,33.00394106344951,33.00394106344951,33.00541893939394,33.0575771052886,33.0575771052886,33.0575771052886,33.055211869855974,33.0436732236837,33.0436732236837,33.04015866882129,33.234157934903685,33.376367556441444,33.46122849395636,33.48378403265617,33.48378403265617,33.48378403265617,33.48378403265617,33.490756837849794,33.688058981201024,33.69616526071552,33.71658686975354,33.833276651840066,33.833276651840066,33.833276651840066,33.837447010157234,33.896572920203745,33.896572920203745,33.896572920203745,33.896572920203745,33.896572920203745,33.896572920203745,33.896572920203745,34.00525168864588,34.09651595757782,34.0981639343456,,35.66442366266895,34.9356239255439,34.16932595433374,33.8052093597435,33.22056198592996,33.688058981201024,,36.73833333333334,34.59020434318263,33.44476511504505,35.5556223824624,34.8161541010043,35.23843593701632,#000000,0.8616988615103051,36.06827977012005,0.48360308745164327,45.90665394386595,4.345826680296632,False,True,False,True,False,14.970395289732696,36.469300000000004,34.650774999999996,0.0,0.0,0.0,0.0,0,1.0726872246696044,0.8634361233480173,False,False,False,False,0.29115453556206333,0.2925741802645494,False,False,False,False,-865.0,-1130.5077758227196,False,False,False,False,85.7373268872204,False,False,False,False
2025-07-11 19:00:00+00:00,36.485,36.485,36.255,36.255,200.0,,,,,36.57566666666666,36.6001966122202,35.283611196871455,35.264446573224426,34.925155418169325,34.925155418169325,34.925155418169325,34.62550315532334,34.6283642245737,34.63463785225508,34.63463785225508,34.61102608098834,34.58553433607706,34.58553433607706,34.585484733653075,34.5689144681847,34.34191652994258,34.06995036144006,34.06995036144006,34.06995036144006,34.06995036144006,34.06208990853948,33.77721268431728,33.56344608465117,33.38136651708392,33.214476581672784,33.01264239242608,33.01264239242608,33.01264239242608,33.01264239242608,33.01264239242608,33.01264239242608,33.01923331994466,33.06907953712699,33.18873540760143,33.455796665329245,33.49455718428851,33.63998071374336,33.722096045702045,33.893545189586874,33.90958859797298,33.90958859797298,33.90958859797298,33.90958859797298,33.90958859797298,33.92390820630893,34.09897521190618,34.133897132766535,34.133897132766535,34.133897132766535,34.133897132766535,34.133897132766535,34.133897132766535,34.133897132766535,34.135072505577355,,,,,,36.566546184738954,36.566546184738954,36.566546184738954,36.566546184738954,36.566546184738954,35.6829478993152,35.6829478993152,34.96001747335313,34.70921726144497,34.614654498654495,34.614654498654495,34.63264940325341,34.63264940325341,34.63264940325341,34.63264940325341,34.63264940325341,34.63264940325341,34.63264940325341,34.61811395121537,34.5875602344044,34.58553433607706,34.56163498278667,34.56163498278667,34.54861125062782,34.560494319926306,34.560494319926306,34.44087360622066,34.44087360622066,34.1856233669983,33.822031660951495,33.7404530760135,33.48677347702893,33.238374843739564,33.07818756435717,33.02168893333333,33.02168893333333,33.0231117464539,33.073328522402896,33.073328522402896,33.073328522402896,33.07093684008447,33.05907402203018,33.05907402203018,33.055504052153516,33.24688341344509,33.38787259443819,33.47214914366516,33.49455718428851,33.49455718428851,33.49455718428851,33.49455718428851,33.50148332389403,33.69755742790074,33.70561201020366,33.72591461420937,33.841894910226124,33.841894910226124,33.841894910226124,33.84603932342354,33.904813508178236,33.904813508178236,33.904813508178236,33.904813508178236,33.904813508178236,33.904813508178236,33.904813508178236,34.012710537565475,34.10310261926163,34.10473605614325,,35.6829478993152,34.96001747335313,34.1856233669983,33.822031660951495,33.238374843739564,33.69755742790074,,36.57566666666666,34.614654498654495,33.455796665329245,35.542521256891014,34.82553959785705,35.23656952314129,#000000,0.8378819553919311,36.034536790415956,0.2631196532701577,39.76780625083141,-1.677207746012371,False,True,False,True,False,10.29435501542762,36.483200000000004,34.66225,0.0,0.0,0.0,0.0,0,1.0548736462093873,0.8657039711191333,False,False,False,False,0.27142672817513036,0.2820004542198399,False,False,False,False,-1065.0,-1129.4921513913598,False,False,False,False,87.50884119904644,False,False,False,False
2025-07-14 14:00:00+00:00,36.11,36.11,36.11,36.11,0.0,,,,,36.57566666666666,36.6001966122202,35.283611196871455,35.264446573224426,34.925155418169325,34.925155418169325,34.925155418169325,34.62550315532334,34.6283642245737,34.63463785225508,34.63463785225508,34.61102608098834,34.58553433607706,34.58553433607706,34.585484733653075,34.5689144681847,34.34191652994258,34.06995036144006,34.06995036144006,34.06995036144006,34.06995036144006,34.06208990853948,33.77721268431728,33.56344608465117,33.38136651708392,33.214476581672784,33.01264239242608,33.01264239242608,33.01264239242608,33.01264239242608,33.01264239242608,33.01264239242608,33.01923331994466,33.06907953712699,33.18873540760143,33.455796665329245,33.49455718428851,33.63998071374336,33.722096045702045,33.893545189586874,33.90958859797298,33.90958859797298,33.90958859797298,33.90958859797298,33.90958859797298,33.92390820630893,34.09897521190618,34.133897132766535,34.133897132766535,34.133897132766535,34.133897132766535,34.133897132766535,34.133897132766535,34.133897132766535,34.135072505577355,,,,,,36.566546184738954,36.566546184738954,36.566546184738954,36.566546184738954,36.566546184738954,35.6829478993152,35.6829478993152,34.96001747335313,34.70921726144497,34.614654498654495,34.614654498654495,34.63264940325341,34.63264940325341,34.63264940325341,34.63264940325341,34.63264940325341,34.63264940325341,34.63264940325341,34.61811395121537,34.5875602344044,34.58553433607706,34.56163498278667,34.56163498278667,34.54861125062782,34.560494319926306,34.560494319926306,34.44087360622066,34.44087360622066,34.1856233669983,33.822031660951495,33.7404530760135,33.48677347702893,33.238374843739564,33.07818756435717,33.02168893333333,33.02168893333333,33.0231117464539,33.073328522402896,33.073328522402896,33.073328522402896,33.07093684008447,33.05907402203018,33.05907402203018,33.055504052153516,33.24688341344509,33.38787259443819,33.47214914366516,33.49455718428851,33.49455718428851,33.49455718428851,33.49455718428851,33.50148332389403,33.69755742790074,33.70561201020366,33.72591461420937,33.841894910226124,33.841894910226124,33.841894910226124,33.84603932342354,33.904813508178236,33.904813508178236,33.904813508178236,33.904813508178236,33.904813508178236,33.904813508178236,33.904813508178236,34.012710537565475,34.10310261926163,34.10473605614325,,35.6829478993152,34.96001747335313,34.1856233669983,33.822031660951495,33.238374843739564,33.69755742790074,,36.57566666666666,34.614654498654495,33.455796665329245,35.542521256891014,34.82553959785705,35.23656952314129,#000000,0.811939203555606,36.034536790415956,0.0929419459653858,33.81296641891437,-7.304642544159613,False,True,False,True,False,7.534856864196065,36.4876,34.673,0.0,0.0,0.0,0.0,0,1.0543051089674893,0.8835298320828863,False,False,False,False,0.22754965615994335,0.25477505518989163,False,False,False,False,-1065.0,-1128.4922730752148,False,False,False,False,86.15211497890618,False,False,False,False
2025-07-14 15:00:00+00:00,36.11,36.11,36.11,36.11,0.0,,,,,36.57566666666666,36.6001966122202,35.283611196871455,35.264446573224426,34.925155418169325,34.925155418169325,34.925155418169325,34.62550315532334,34.6283642245737,34.63463785225508,34.63463785225508,34.61102608098834,34.58553433607706,34.58553433607706,34.585484733653075,34.5689144681847,34.34191652994258,34.06995036144006,34.06995036144006,34.06995036144006,34.06995036144006,34.06208990853948,33.77721268431728,33.56344608465117,33.38136651708392,33.214476581672784,33.01264239242608,33.01264239242608,33.01264239242608,33.01264239242608,33.01264239242608,33.01264239242608,33.01923331994466,33.06907953712699,33.18873540760143,33.455796665329245,33.49455718428851,33.63998071374336,33.722096045702045,33.893545189586874,33.90958859797298,33.90958859797298,33.90958859797298,33.90958859797298,33.90958859797298,33.92390820630893,34.09897521190618,34.133897132766535,34.133897132766535,34.133897132766535,34.133897132766535,34.133897132766535,34.133897132766535,34.133897132766535,34.135072505577355,,,,,,36.566546184738954,36.566546184738954,36.566546184738954,36.566546184738954,36.566546184738954,35.6829478993152,35.6829478993152,34.96001747335313,34.70921726144497,34.614654498654495,34.614654498654495,34.63264940325341,34.63264940325341,34.63264940325341,34.63264940325341,34.63264940325341,34.63264940325341,34.63264940325341,34.61811395121537,34.5875602344044,34.58553433607706,34.56163498278667,34.56163498278667,34.54861125062782,34.560494319926306,34.560494319926306,34.44087360622066,34.44087360622066,34.1856233669983,33.822031660951495,33.7404530760135,33.48677347702893,33.238374843739564,33.07818756435717,33.02168893333333,33.02168893333333,33.0231117464539,33.073328522402896,33.073328522402896,33.073328522402896,33.07093684008447,33.05907402203018,33.05907402203018,33.055504052153516,33.24688341344509,33.38787259443819,33.47214914366516,33.49455718428851,33.49455718428851,33.49455718428851,33.49455718428851,33.50148332389403,33.69755742790074,33.70561201020366,33.72591461420937,33.841894910226124,33.841894910226124,33.841894910226124,33.84603932342354,33.904813508178236,33.904813508178236,33.904813508178236,33.904813508178236,33.904813508178236,33.904813508178236,33.904813508178236,34.012710537565475,34.10310261926163,34.10473605614325,,35.6829478993152,34.96001747335313,34.1856233669983,33.822031660951495,33.238374843739564,33.69755742790074,,36.57566666666666,34.614654498654495,33.455796665329245,35.542521256891014,34.82553959785705,35.23656952314129,#000000,0.775297344876933,36.034536790415956,0.09733453891296659,29.84307319763634,-11.023302863174209,False,True,False,True,False,7.534856864196076,36.4932,34.68375,0.0,0.0,0.0,0.0,0,1.0550126673905185,0.8950416214259858,False,False,False,False,0.22754965615994335,0.2411623556749175,False,False,False,False,-1065.0,-1127.5078967484674,False,False,False,False,84.81642327380686,False,False,False,False
2025-07-14 16:00:00+00:00,36.11,36.11,36.11,36.11,0.0,,,,,36.57566666666666,36.6001966122202,35.283611196871455,35.264446573224426,34.925155418169325,34.925155418169325,34.925155418169325,34.62550315532334,34.6283642245737,34.63463785225508,34.63463785225508,34.61102608098834,34.58553433607706,34.58553433607706,34.585484733653075,34.5689144681847,34.34191652994258,34.06995036144006,34.06995036144006,34.06995036144006,34.06995036144006,34.06208990853948,33.77721268431728,33.56344608465117,33.38136651708392,33.214476581672784,33.01264239242608,33.01264239242608,33.01264239242608,33.01264239242608,33.01264239242608,33.01264239242608,33.01923331994466,33.06907953712699,33.18873540760143,33.455796665329245,33.49455718428851,33.63998071374336,33.722096045702045,33.893545189586874,33.90958859797298,33.90958859797298,33.90958859797298,33.90958859797298,33.90958859797298,33.92390820630893,34.09897521190618,34.133897132766535,34.133897132766535,34.133897132766535,34.133897132766535,34.133897132766535,34.133897132766535,34.133897132766535,34.135072505577355,,,,,,36.566546184738954,36.566546184738954,36.566546184738954,36.566546184738954,36.566546184738954,35.6829478993152,35.6829478993152,34.96001747335313,34.70921726144497,34.614654498654495,34.614654498654495,34.63264940325341,34.63264940325341,34.63264940325341,34.63264940325341,34.63264940325341,34.63264940325341,34.63264940325341,34.61811395121537,34.5875602344044,34.58553433607706,34.56163498278667,34.56163498278667,34.54861125062782,34.560494319926306,34.560494319926306,34.44087360622066,34.44087360622066,34.1856233669983,33.822031660951495,33.7404530760135,33.48677347702893,33.238374843739564,33.07818756435717,33.02168893333333,33.02168893333333,33.0231117464539,33.073328522402896,33.073328522402896,33.073328522402896,33.07093684008447,33.05907402203018,33.05907402203018,33.055504052153516,33.24688341344509,33.38787259443819,33.47214914366516,33.49455718428851,33.49455718428851,33.49455718428851,33.49455718428851,33.50148332389403,33.69755742790074,33.70561201020366,33.72591461420937,33.841894910226124,33.841894910226124,33.841894910226124,33.84603932342354,33.904813508178236,33.904813508178236,33.904813508178236,33.904813508178236,33.904813508178236,33.904813508178236,33.904813508178236,34.012710537565475,34.10310261926163,34.10473605614325,,35.6829478993152,34.96001747335313,34.1856233669983,33.822031660951495,33.238374843739564,33.69755742790074,,36.57566666666666,34.614654498654495,33.455796665329245,35.542521256891014,34.82553959785705,35.23656952314129,#000000,0.7356618457903115,36.034536790415956,0.10257866439025992,27.19647771678432,-13.609794696060007,False,True,False,True,False,7.534856864196065,36.491400000000006,34.6937,0.0,0.0,0.0,0.0,0,1.0419833514296064,0.8950416214259858,False,False,False,False,0.22754965615994335,0.23435600591743044,False,False,False,False,-1065.0,-1126.5387820701967,False,False,False,False,83.50143996723621,False,False,False,False
2025-07-14 17:00:00+00:00,36.11,36.11,36.11,36.11,0.0,,,,,36.57566666666666,36.6001966122202,35.283611196871455,35.264446573224426,34.925155418169325,34.925155418169325,34.925155418169325,34.62550315532334,34.6283642245737,34.63463785225508,34.63463785225508,34.61102608098834,34.58553433607706,34.58553433607706,34.585484733653075,34.5689144681847,34.34191652994258,34.06995036144006,34.06995036144006,34.06995036144006,34.06995036144006,34.06208990853948,33.77721268431728,33.56344608465117,33.38136651708392,33.214476581672784,33.01264239242608,33.01264239242608,33.01264239242608,33.01264239242608,33.01264239242608,33.01264239242608,33.01923331994466,33.06907953712699,33.18873540760143,33.455796665329245,33.49455718428851,33.63998071374336,33.722096045702045,33.893545189586874,33.90958859797298,33.90958859797298,33.90958859797298,33.90958859797298,33.90958859797298,33.92390820630893,34.09897521190618,34.133897132766535,34.133897132766535,34.133897132766535,34.133897132766535,34.133897132766535,34.133897132766535,34.133897132766535,34.135072505577355,,,,,,36.566546184738954,36.566546184738954,36.566546184738954,36.566546184738954,36.566546184738954,35.6829478993152,35.6829478993152,34.96001747335313,34.70921726144497,34.614654498654495,34.614654498654495,34.63264940325341,34.63264940325341,34.63264940325341,34.63264940325341,34.63264940325341,34.63264940325341,34.63264940325341,34.61811395121537,34.5875602344044,34.58553433607706,34.56163498278667,34.56163498278667,34.54861125062782,34.560494319926306,34.560494319926306,34.44087360622066,34.44087360622066,34.1856233669983,33.822031660951495,33.7404530760135,33.48677347702893,33.238374843739564,33.07818756435717,33.02168893333333,33.02168893333333,33.0231117464539,33.073328522402896,33.073328522402896,33.073328522402896,33.07093684008447,33.05907402203018,33.05907402203018,33.055504052153516,33.24688341344509,33.38787259443819,33.47214914366516,33.49455718428851,33.49455718428851,33.49455718428851,33.49455718428851,33.50148332389403,33.69755742790074,33.70561201020366,33.72591461420937,33.841894910226124,33.841894910226124,33.841894910226124,33.84603932342354,33.904813508178236,33.904813508178236,33.904813508178236,33.904813508178236,33.904813508178236,33.904813508178236,33.904813508178236,34.012710537565475,34.10310261926163,34.10473605614325,,35.6829478993152,34.96001747335313,34.1856233669983,33.822031660951495,33.238374843739564,33.69755742790074,,36.57566666666666,34.614654498654495,33.455796665329245,35.542521256891014,34.82553959785705,35.23656952314129,#000000,0.7092005205713268,36.034536790415956,0.10640602677963476,25.43208072954964,-15.527034753359068,False,True,False,True,False,7.534856864196065,36.4896,34.70365,0.0,0.0,0.0,0.0,0,1.0419833514296064,0.8950416214259858,False,False,False,False,0.22754965615994335,0.2309528310386869,False,False,False,False,-1065.0,-1125.5846924256975,False,False,False,False,82.20684399875192,False,False,False,False
2025-07-14 18:00:00+00:00,36.11,36.39,36.11,36.39,209.0,,,,,36.493422661024915,36.573906616936036,35.30494190341862,35.285751530713014,34.949334739209895,34.949334739209895,34.949334739209895,34.64887216200544,34.65153817182861,34.65711223257418,34.65711223257418,34.63272470641374,34.606453068944,34.606453068944,34.606401625921166,34.586837742591946,34.358531389374654,34.08642703723373,34.08642703723373,34.08642703723373,34.08642703723373,34.0785664138296,33.79441285032992,33.58101090543837,33.39924444705261,33.23267986323048,33.03101689243455,33.03101689243455,33.03101689243455,33.03101689243455,33.03101689243455,33.03101689243455,33.03747328291705,33.0862322746883,33.20239563836723,33.467095702976344,33.50559056626287,33.65006072543752,33.73166642952002,33.902042243989925,33.91798630398313,33.91798630398313,33.91798630398313,33.91798630398313,33.91798630398313,33.93221317881387,34.10574491395109,34.14040231125695,34.14040231125695,34.14040231125695,34.14040231125695,34.14040231125695,34.14040231125695,34.14040231125695,34.141569380329905,,,,,,36.51225858196984,36.51225858196984,36.51225858196984,36.51225858196984,36.51225858196984,35.70025091056253,35.70025091056253,34.98398655798656,34.73443785632839,34.63897583137309,34.63897583137309,34.654945826387994,34.654945826387994,34.654945826387994,34.654945826387994,34.654945826387994,34.654945826387994,34.654945826387994,34.64018210983204,34.608515487504405,34.606453068944,34.58197156637317,34.58197156637317,34.56876480214768,34.578866048976415,34.578866048976415,34.45778933519415,34.45778933519415,34.20212020938494,33.83913140029536,33.757722556245156,33.50448947680674,33.25656445645988,33.096634352575535,33.039840312215475,33.039840312215475,33.041207252241534,33.08945254222414,33.08945254222414,33.08945254222414,33.08703429558352,33.07484396849073,33.07484396849073,33.07121814203088,33.25992067388,33.39965822073166,33.48333418596133,33.50559056626287,33.50559056626287,33.50559056626287,33.50559056626287,33.5124687376596,33.70727972365902,33.71528116035187,33.7354612947169,33.850711973831956,33.850711973831956,33.850711973831956,33.854829717731334,33.913242200453006,33.913242200453006,33.913242200453006,33.913242200453006,33.913242200453006,33.913242200453006,33.913242200453006,34.020337226456206,34.10983687828668,34.111455430393,,35.70025091056253,34.98398655798656,34.20212020938494,33.83913140029536,33.25656445645988,33.70727972365902,,36.493422661024915,34.63897583137309,33.467095702976344,35.53823040357958,34.83886722212977,35.2395744595044,#000000,0.6831499973791906,36.0979376055354,0.4275230850985253,34.30382928935442,-15.527034753359068,False,True,False,True,True,11.814549971960236,36.4934,34.715,0.0,0.0,0.0,0.0,0,1.0411493437389154,0.8772614402270303,False,False,False,False,0.25105854026435526,0.24100568565152108,False,False,False,False,-856.0,-1121.4050847911906,False,False,False,False,84.17262936311235,False,False,False,False
2025-07-14 19:00:00+00:00,36.39,36.52,36.25,36.25,612.0,,,,36.34,36.422344183699224,36.52658402203856,35.365053457329026,35.34583721363382,35.01760193577712,35.01760193577712,35.01760193577712,34.71539550927711,34.71753246476774,34.72121027300638,34.72121027300638,34.694741116650846,34.66636557864618,34.66636557864618,34.66630914737437,34.63852305024326,34.406650860415596,34.13422087073038,34.13422087073038,34.13422087073038,34.13422087073038,34.126361328866935,33.84430394543009,33.63197068469448,33.451120687170324,33.28550430555556,33.084356661223204,33.084356661223204,33.084356661223204,33.084356661223204,33.084356661223204,33.084356661223204,33.09043000751105,33.13609095537362,33.24226470527169,33.50016977050415,33.53789874777276,33.67961837474864,33.75975250428133,33.9270255856399,33.94268220011885,33.94268220011885,33.94268220011885,33.94268220011885,33.94268220011885,33.95664069579825,34.125717805271144,34.159606194185294,34.159606194185294,34.159606194185294,34.159606194185294,34.159606194185294,34.159606194185294,34.159606194185294,34.160749119730866,,,,,,36.44840500706643,36.44840500706643,36.44840500706643,36.44840500706643,36.44840500706643,35.74903925233645,35.74903925233645,35.05163799896742,34.80581172368708,34.70807358732687,34.70807358732687,34.718564157927204,34.718564157927204,34.718564157927204,34.718564157927204,34.718564157927204,34.718564157927204,34.718564157927204,34.70319552971106,34.66852616377846,34.66636557864618,34.64030878924253,34.64030878924253,34.626608769121304,34.63179606803188,34.63179606803188,34.50672153547711,34.50672153547711,34.249946448806526,33.888730583101086,33.80781618486117,33.55588998153688,33.30934647012755,33.15016996161143,33.09254503622905,33.09254503622905,33.09375302568908,33.13637856878888,33.13637856878888,33.13637856878888,33.133884718267325,33.12076022518383,33.12076022518383,33.11697510673987,33.297999346840946,33.434134495641366,33.51607963413874,33.53789874777276,33.53789874777276,33.53789874777276,33.53789874777276,33.544638601253006,33.735804549880505,33.743652489785354,33.76347890154445,33.876620890022686,33.876620890022686,33.876620890022686,33.88066150910924,33.93802776433416,33.93802776433416,33.93802776433416,33.93802776433416,33.93802776433416,33.93802776433416,33.93802776433416,34.0427994282791,34.12970672586986,34.13128199350682,,35.74903925233645,35.05163799896742,34.249946448806526,33.888730583101086,33.30934647012755,33.735804549880505,,36.422344183699224,34.70807358732687,33.50016977050415,35.63908603153112,34.99676851387634,35.27076856181465,#000000,0.6544001654774025,36.1668492126812,0.1270641294201683,37.12350024102837,-22.52206784727567,False,True,False,True,True,9.092874691550918,36.491400000000006,34.72565,0.0,0.0,0.0,0.0,0,1.050121823877481,0.8705186216498427,False,False,False,False,0.27398795266920756,0.2574968191603643,False,False,False,False,-1468.0,-1126.7786493680715,False,False,False,False,92.35599945050596,False,False,False,False
2025-07-15 14:00:00+00:00,36.355,36.44,36.32,36.32,200.0,,,,36.34492610837439,36.414146394915626,36.516253229974154,35.383584776805115,35.36438105686597,35.03879713691745,35.03879713691745,35.03879713691745,34.73626877353302,34.7382471518056,34.74135767560035,34.74135767560035,34.71427723682153,34.68528041471223,34.68528041471223,34.68522250139587,34.654950140750984,34.42203095678648,34.14954095972284,34.14954095972284,34.14954095972284,34.14954095972284,34.141682786294886,33.860314230255206,33.64833853322934,33.46779382684206,33.30249046961327,33.10152190431275,33.10152190431275,33.10152190431275,33.10152190431275,33.10152190431275,33.10152190431275,33.107474109020146,33.1521546791566,33.25515776523376,33.51088877436283,33.5483721153192,33.689208977386585,33.76887042102065,33.93514619248678,33.95071035574524,33.95071035574524,33.95071035574524,33.95071035574524,33.95071035574524,33.96458253475206,34.132225960394805,34.165866383111904,34.165866383111904,34.165866383111904,34.165866383111904,34.165866383111904,34.165866383111904,34.165866383111904,34.16700152098822,,,,,,36.43885287232127,36.43885287232127,36.43885287232127,36.43885287232127,36.43885287232127,35.763895440729485,35.763895440729485,35.07262720248122,34.82806687191236,34.72971548975938,34.72971548975938,34.73856946983546,34.73856946983546,34.73856946983546,34.73856946983546,34.73856946983546,34.73856946983546,34.73856946983546,34.723026811897775,34.68746976145145,34.68528041471223,34.6587574424717,34.6587574424717,34.64491279479056,34.648604937671216,34.648604937671216,34.52233400727293,34.52233400727293,34.26526055085823,33.90464448236632,33.823893946075344,33.5724036885447,33.3263171728972,33.16739146569378,33.10950957486393,33.10950957486393,33.11066738302996,33.151515428982854,33.151515428982854,33.151515428982854,33.14899780604159,33.13557833943276,33.13557833943276,33.13174297966,33.310320537325055,33.44530298692626,33.52669325744854,33.5483721153192,33.5483721153192,33.5483721153192,33.5483721153192,33.55506760385991,33.74506342065803,33.75286206249194,33.77257482075715,33.88503912429379,33.88503912429379,33.88503912429379,33.88905494995318,33.94608475685147,33.94608475685147,33.94608475685147,33.94608475685147,33.94608475685147,33.94608475685147,33.94608475685147,34.05010909396804,34.13618166642475,34.137742982074705,,35.763895440729485,35.07262720248122,34.26526055085823,33.90464448236632,33.3263171728972,33.74506342065803,,36.414146394915626,34.72971548975938,33.51088877436283,35.64790660240992,35.012151891942594,35.28313315795876,#000000,0.6235691729983089,36.167419656648946,0.24468872092794816,40.74312796296007,-18.991836916889532,False,True,False,True,True,10.130471107895453,36.4904,34.73665,0.0,0.0,0.0,0.0,0,1.0494675369288915,0.8728959120577118,False,False,False,False,0.2731338229514524,0.2653153210559084,False,False,False,False,-1268.0,-1128.9681276724425,False,False,False,False,94.02489868383145,False,False,False,False
2025-07-15 15:00:00+00:00,36.32,36.32,36.235,36.235,0.0,,,,36.34492610837439,36.414146394915626,36.516253229974154,35.383584776805115,35.36438105686597,35.03879713691745,35.03879713691745,35.03879713691745,34.73626877353302,34.7382471518056,34.74135767560035,34.74135767560035,34.71427723682153,34.68528041471223,34.68528041471223,34.68522250139587,34.654950140750984,34.42203095678648,34.14954095972284,34.14954095972284,34.14954095972284,34.14954095972284,34.141682786294886,33.860314230255206,33.64833853322934,33.46779382684206,33.30249046961327,33.10152190431275,33.10152190431275,33.10152190431275,33.10152190431275,33.10152190431275,33.10152190431275,33.107474109020146,33.1521546791566,33.25515776523376,33.51088877436283,33.5483721153192,33.689208977386585,33.76887042102065,33.93514619248678,33.95071035574524,33.95071035574524,33.95071035574524,33.95071035574524,33.95071035574524,33.96458253475206,34.132225960394805,34.165866383111904,34.165866383111904,34.165866383111904,34.165866383111904,34.165866383111904,34.165866383111904,34.165866383111904,34.16700152098822,,,,,,36.43885287232127,36.43885287232127,36.43885287232127,36.43885287232127,36.43885287232127,35.763895440729485,35.763895440729485,35.07262720248122,34.82806687191236,34.72971548975938,34.72971548975938,34.73856946983546,34.73856946983546,34.73856946983546,34.73856946983546,34.73856946983546,34.73856946983546,34.73856946983546,34.723026811897775,34.68746976145145,34.68528041471223,34.6587574424717,34.6587574424717,34.64491279479056,34.648604937671216,34.648604937671216,34.52233400727293,34.52233400727293,34.26526055085823,33.90464448236632,33.823893946075344,33.5724036885447,33.3263171728972,33.16739146569378,33.10950957486393,33.10950957486393,33.11066738302996,33.151515428982854,33.151515428982854,33.151515428982854,33.14899780604159,33.13557833943276,33.13557833943276,33.13174297966,33.310320537325055,33.44530298692626,33.52669325744854,33.5483721153192,33.5483721153192,33.5483721153192,33.5483721153192,33.55506760385991,33.74506342065803,33.75286206249194,33.77257482075715,33.88503912429379,33.88503912429379,33.88503912429379,33.88905494995318,33.94608475685147,33.94608475685147,33.94608475685147,33.94608475685147,33.94608475685147,33.94608475685147,33.94608475685147,34.05010909396804,34.13618166642475,34.137742982074705,,35.763895440729485,35.07262720248122,34.26526055085823,33.90464448236632,33.3263171728972,33.74506342065803,,36.414146394915626,34.72971548975938,33.51088877436283,35.64790660240992,35.012151891942594,35.28313315795876,#000000,0.5898020358067008,36.167419656648946,0.11458140061965177,41.38447235257197,-18.082442317633998,False,True,False,True,True,8.501603748869606,36.4881,34.747225,0.0,0.0,0.0,0.0,0,1.0973419540229894,0.8757183908045971,False,False,False,False,0.2557076905442842,0.2605115058000963,False,False,False,False,-1268.0,-1131.1236605767458,False,False,False,False,92.56714831664027,False,False,False,False
2025-07-15 16:00:00+00:00,36.235,36.235,35.975,35.975,2.0,,,,36.34423013923014,36.41368351936967,36.515971490548495,35.38371104903786,35.3645085313833,35.0389586128871,35.0389586128871,35.0389586128871,34.736436971235186,34.73841403951239,34.74151997541486,34.74151997541486,34.71443528836755,34.68543411501953,34.68543411501953,34.68537619100789,34.655084363023384,34.42216004671364,34.14967256271723,34.14967256271723,34.14967256271723,34.14967256271723,34.14181447694822,33.8604543188664,33.6484833213343,33.46794249414911,33.30264290186547,33.10167701565012,33.10167701565012,33.10167701565012,33.10167701565012,33.10167701565012,33.10167701565012,33.10762810154296,33.15229964375577,33.2552738206003,33.510984377147295,33.54846538511496,33.68929386263075,33.768950816414794,33.9352171675873,33.95078046039996,33.95078046039996,33.95078046039996,33.95078046039996,33.95078046039996,33.964651830067524,34.13228216069792,34.16592031768612,34.16592031768612,34.16592031768612,34.16592031768612,34.16592031768612,34.16592031768612,34.16592031768612,34.16705538419261,,,,,,36.438445763626554,36.438445763626554,36.438445763626554,36.438445763626554,36.438445763626554,35.76396782950448,35.76396782950448,35.072785842222046,34.828243491540796,34.72988996594184,34.72988996594184,34.738730705175065,34.738730705175065,34.738730705175065,34.738730705175065,34.738730705175065,34.738730705175065,34.738730705175065,34.723187022520094,34.68762364688317,34.68543411501953,34.65890792884598,34.65890792884598,34.64506238341603,34.64874236161763,34.64874236161763,34.52246367350377,34.52246367350377,34.26539091887708,33.904783376260994,33.82403490813648,33.57255027529959,33.32646933118244,33.16754674213365,33.10966284211164,33.10966284211164,33.11082019349438,33.15165207183942,33.15165207183942,33.15165207183942,33.149134246789245,33.13571218913439,33.13571218913439,33.13187639451756,33.31043124434163,33.44540285385298,33.52678786012839,33.54846538511496,33.54846538511496,33.54846538511496,33.54846538511496,33.55516045289822,33.74514515379776,33.752943329813455,33.77265500753145,33.88511290577721,33.88511290577721,33.88511290577721,33.8891284980817,33.94615513197945,33.94615513197945,33.94615513197945,33.94615513197945,33.94615513197945,33.94615513197945,33.94615513197945,34.05017254704038,34.13623756507772,34.13779875444497,,35.76396782950448,35.072785842222046,34.26539091887708,33.904783376260994,33.32646933118244,33.74514515379776,,36.41368351936967,34.72988996594184,33.510984377147295,35.64781956411271,35.01220703871971,35.283144967420846,#000000,0.5512190258098019,36.167150284505205,-0.3485915316927117,37.88681322499947,-18.082442317633998,False,True,False,True,True,3.795817503329726,36.472,34.7565,0.0,0.0,0.0,0.0,0,1.0793478260869576,0.869202898550724,False,False,False,False,0.2267147543091672,0.24361313005463175,False,False,False,False,-1270.0,-1133.2767821181917,False,False,False,False,91.16300648227374,False,False,False,False
2025-07-15 17:00:00+00:00,35.975,35.975,35.8,35.8,100.0,,,,36.29106856309264,36.37946600944753,36.49620478909929,35.38808948339483,35.3689815821256,35.04537551883468,35.04537551883468,35.04537551883468,34.7435107187894,34.745431077694235,34.74834229281205,34.74834229281205,34.72110524781341,34.69194660373866,34.69194660373866,34.69188827818492,34.66079752465061,34.42779143630162,34.1555323685083,34.1555323685083,34.1555323685083,34.1555323685083,34.14768111236428,33.866791159181254,33.65509251505363,33.4747731580702,33.309682983490355,33.108880570363404,33.108880570363404,33.108880570363404,33.108880570363404,33.108880570363404,33.108880570363404,33.11477873383938,33.1590242124533,33.26064482960212,33.51537506390834,33.55274347291933,33.6931672857364,33.77260754664147,33.93842113301013,33.95394269184225,33.95394269184225,33.95394269184225,33.95394269184225,33.95394269184225,33.967775376901,34.13479230593974,34.16832431344698,34.16832431344698,34.16832431344698,34.16832431344698,34.16832431344698,34.16832431344698,34.16832431344698,34.16945602853995,,,,,,36.40874210616146,36.40874210616146,36.40874210616146,36.40874210616146,36.40874210616146,35.76510107681839,35.76510107681839,35.07903572281009,34.83556519060819,34.73723277806698,34.73723277806698,34.74551124434754,34.74551124434754,34.74551124434754,34.74551124434754,34.74551124434754,34.74551124434754,34.74551124434754,34.72993942458311,34.69414207498144,34.69194660373866,34.66530657064106,34.66530657064106,34.651433935510966,34.65459569320106,34.65459569320106,34.528066448573306,34.528066448573306,34.27115013799005,33.91105279204107,33.830422030350604,33.579260732564165,33.333491753111076,33.1747454007152,33.116779509618624,33.116779509618624,33.117915493806436,33.15799164617246,33.15799164617246,33.15799164617246,33.15546489075827,33.14192509850456,33.14192509850456,33.138069790862154,33.31554699996654,33.44999917455603,33.53113030494923,33.55274347291933,33.55274347291933,33.55274347291933,33.55274347291933,33.55941825498062,33.74886640721762,33.75664218786602,33.77630168082899,33.888451575242804,33.888451575242804,33.888451575242804,33.8924559817506,33.949330294627195,33.949330294627195,33.949330294627195,33.949330294627195,33.949330294627195,33.949330294627195,33.949330294627195,34.053019909820556,34.13873364544683,34.14028896254271,,35.76510107681839,35.07903572281009,34.27115013799005,33.91105279204107,33.333491753111076,33.74886640721762,,36.37946600944753,34.73723277806698,33.51537506390834,35.638321342822486,35.012105189860804,35.28028196819968,"rgba(239, 83, 80, 0.5)",0.5309558947431112,36.14575342240717,-0.6511904770818192,33.775094652781846,-18.082442317633998,False,True,False,True,False,0.8596108735116097,36.452400000000004,34.7648,0.0,0.0,0.0,0.0,0,1.0658318425760294,0.8751341681574235,False,False,False,False,0.19067925028439395,0.21714619016951286,False,False,False,False,-1370.0,-1136.9469095272118,False,False,False,False,91.30001413371136,False,False,False,False
2025-07-15 18:00:00+00:00,35.8,35.8,35.775,35.775,100.0,,,,36.24099605522683,36.34486747920295,36.47540317089777,35.39170231566118,35.37270107719928,35.05110990234932,35.05110990234932,35.05110990234932,34.750025898078526,34.75189373183894,34.75462639141873,34.75462639141873,34.72726309178745,34.69797303515553,34.69797303515553,34.69791436616608,34.66610226359813,34.43308590139177,34.16109578819053,34.16109578819053,34.16109578819053,34.16109578819053,34.153252324670454,33.87285079676236,33.66143865298982,33.48135118962814,33.316478352837755,33.115851099874895,33.115851099874895,33.115851099874895,33.115851099874895,33.115851099874895,33.115851099874895,33.121697823757174,33.165529527445194,33.265839287552765,33.51960933124231,33.55686709309276,33.69689320474883,33.776120467754524,33.94148969612295,33.95697033138595,33.95697033138595,33.95697033138595,33.95697033138595,33.95697033138595,33.970765130806136,34.137186249025866,34.170615106382996,34.170615106382996,34.170615106382996,34.170615106382996,34.170615106382996,34.170615106382996,34.170615106382996,34.17174356139532,,,,,,36.37827894138658,36.37827894138658,36.37827894138658,36.37827894138658,36.37827894138658,35.765317432063604,35.765317432063604,35.08459494303681,34.8422542169525,34.74399577622619,34.74399577622619,34.75175866843246,34.75175866843246,34.75175866843246,34.75175866843246,34.75175866843246,34.75175866843246,34.75175866843246,34.73616847022648,34.70017303433002,34.69797303515553,34.67123932077474,34.67123932077474,34.65734710758193,34.66003146319929,34.66003146319929,34.53330917874396,34.53330917874396,34.276597680031706,33.91704217317124,33.83653442879499,33.58571236913229,33.3402678818388,33.181705532876194,33.12366573698663,33.12366573698663,33.12478105762048,33.16412633874674,33.16412633874674,33.16412633874674,33.1615911722423,33.1479389599745,33.1479389599745,33.14406513001829,33.32049196807268,33.45443542407364,33.53531717851478,33.55686709309276,33.55686709309276,33.55686709309276,33.55686709309276,33.56352194932925,33.75244273735652,33.76019653922601,33.77980472068047,33.891652280891414,33.891652280891414,33.891652280891414,33.8956457208727,33.95237059938443,33.95237059938443,33.95237059938443,33.95237059938443,33.95237059938443,33.95237059938443,33.95237059938443,34.05574040008597,34.1411139495166,34.14266357864109,,35.765317432063604,35.08459494303681,34.276597680031706,33.91704217317124,33.3402678818388,33.75244273735652,,36.34486747920295,34.74399577622619,33.51960933124231,35.62829479934081,35.01163377438132,35.276776123354274,"rgba(239, 83, 80, 0.5)",0.5164420203281859,36.123902430656905,-0.6755887726470974,30.803730052128135,-10.143791563535117,False,True,False,True,False,0.44976813661468285,36.4343,34.772975,0.0,0.0,0.0,0.0,0,1.0960264900662264,0.8844738778513611,False,False,False,False,0.1742793478619236,0.1957127690157182,False,False,False,False,-1470.0,-1142.1105233329915,False,False,False,False,91.43489763551429,False,False,False,False
2025-07-15 19:00:00+00:00,35.775,35.8,35.76,35.76,713.0,,,,36.04791932059448,36.17758347016968,36.354491143317226,35.41505277610915,35.396800528698776,35.089023707848625,35.089023707848625,35.089023707848625,34.793786361182754,34.79531389733501,34.796897127005366,34.796897127005366,34.768784445805274,34.73870681258744,34.73870681258744,34.73864603806995,34.70219331931364,34.469398274813805,34.19944909693492,34.19944909693492,34.19944909693492,34.19944909693492,34.19166406180722,33.91474944085423,33.70540434270587,33.52698856866249,33.36367591719431,33.164334629786005,33.164334629786005,33.164334629786005,33.164334629786005,33.164334629786005,33.164334629786005,33.169828373344195,33.210820220522564,33.302120046809264,33.549216060187334,33.585702264958826,33.72295333063433,33.80069317181757,33.96295896618231,33.97815370649045,33.97815370649045,33.97815370649045,33.97815370649045,33.97815370649045,33.991683946678826,34.153953135180736,34.18666186885355,34.18666186885355,34.18666186885355,34.18666186885355,34.18666186885355,34.18666186885355,34.18666186885355,34.18776754976801,,,,,,36.22234032296939,36.22234032296939,36.22234032296939,36.22234032296939,36.22234032296939,35.765942742523706,35.765942742523706,35.12129128680317,34.886862428885,34.78935253280597,34.78935253280597,34.793800962000965,34.793800962000965,34.793800962000965,34.793800962000965,34.793800962000965,34.793800962000965,34.793800962000965,34.77812821531246,34.7409317459472,34.73870681258744,34.711416896751544,34.711416896751544,34.697422563585995,34.69698947760499,34.69698947760499,34.56916808619944,34.56916808619944,34.314079153788526,33.95843758796484,33.8788127749033,33.63043578200863,33.38732285422374,33.23008819473538,33.171571533624096,33.171571533624096,33.17254557028194,33.2068854770004,33.2068854770004,33.2068854770004,33.204293707576596,33.18987703969233,33.18987703969233,33.18587773688711,33.355042442082535,33.4854497592697,33.56459349295173,33.585702264958826,33.585702264958826,33.585702264958826,33.585702264958826,33.59221818501925,33.77745827546297,33.78505868971531,33.804308416800275,33.91404464658267,33.91404464658267,33.91404464658267,33.917961512176426,33.97364241322062,33.97364241322062,33.97364241322062,33.97364241322062,33.97364241322062,33.97364241322062,33.97364241322062,34.074781443705064,34.1577857125803,34.15929568700381,,35.765942742523706,35.12129128680317,34.314079153788526,33.95843758796484,33.38732285422374,33.77745827546297,,36.17758347016968,34.78935253280597,33.549216060187334,35.584157530240624,35.01985733860055,35.26530562882304,"rgba(239, 83, 80, 0.5)",0.4999096494947441,36.01840270359024,-0.5168988113180222,28.674332129206324,-12.503111109938914,False,True,False,True,False,0.20102245346136272,36.41589999999999,34.781075,0.0,0.0,0.0,0.0,0,1.1002949852507387,0.8539823008849552,False,False,False,False,0.1730531941942024,0.1843829816049603,False,False,False,False,-2183.0,-1158.2483446766662,False,False,False,False,101.07156588922724,False,False,False,False
2025-07-16 14:00:00+00:00,35.76,35.975,35.76,35.975,100.0,,,,36.040005473453746,36.16676919032597,36.34385062893082,35.419207294591445,35.401038233079554,35.09497539346099,35.09497539346099,35.09497539346099,34.80040143882033,34.80188071672693,34.80329900287373,34.80329900287373,34.77506551145068,34.744861368000144,34.744861368000144,34.744800264200805,34.70765950668972,34.4748265571371,34.20511511261861,34.20511511261861,34.20511511261861,34.20511511261861,34.197337100623095,33.9208792885546,33.71180315778237,33.533606438676614,33.37050020153164,33.171325259692196,33.171325259692196,33.171325259692196,33.171325259692196,33.171325259692196,33.171325259692196,33.17676955046004,33.217362751291894,33.30738800680465,33.55354547126438,33.58992335385325,33.7267845407742,33.80431522856339,33.96614324865433,33.98129757550026,33.98129757550026,33.98129757550026,33.98129757550026,33.98129757550026,33.99479034975111,34.156463870869,34.189069103809985,34.189069103809985,34.189069103809985,34.189069103809985,34.189069103809985,34.189069103809985,34.189069103809985,34.19017151504962,,,,,,36.21120958362409,36.21120958362409,36.21120958362409,36.21120958362409,36.21120958362409,35.76742965367965,35.76742965367965,35.12709192503585,34.893647043118406,34.796194746432455,34.796194746432455,34.800168436154955,34.800168436154955,34.800168436154955,34.800168436154955,34.800168436154955,34.800168436154955,34.800168436154955,34.784476698262246,34.74709081757008,34.744861368000144,34.717480160748806,34.717480160748806,34.70346571452435,34.70258009701239,34.70258009701239,34.574557346367214,34.574557346367214,34.319641432171366,33.96450155374717,33.88499206421878,33.636934231091786,33.39412895284983,33.237069405271775,33.17848108896533,33.17848108896533,33.17943523564436,33.21306885586743,33.21306885586743,33.21306885586743,33.210468869162014,33.195942662344926,33.195942662344926,33.191925262416085,33.36006687303654,33.48997678337392,33.568876507035384,33.58992335385325,33.58992335385325,33.58992335385325,33.58992335385325,33.59641975420863,33.78114263431543,33.788721433552936,33.80792076112459,33.917359299064124,33.917359299064124,33.917359299064124,33.92126534427194,33.97679880375993,33.97679880375993,33.97679880375993,33.97679880375993,33.97679880375993,33.97679880375993,33.97679880375993,34.077620104735914,34.16028274086262,34.1617869914054,,35.76742965367965,35.12709192503585,34.319641432171366,33.96450155374717,33.39412895284983,33.78114263431543,,36.16676919032597,34.796194746432455,33.55354547126438,35.58301170630419,35.02334909813875,35.266839112770796,#000000,0.48142915057911706,36.0120139311905,-0.07688344410797758,32.90248868027291,-12.503111109938914,False,True,False,True,True,3.641845797342942,36.4018,34.79025,0.0,0.0,0.0,0.0,0,1.0987295825771337,0.8384754990925581,False,False,False,False,0.1873914258528457,0.185887203728903,False,False,False,False,-2083.0,-1172.5855796429194,False,False,False,False,101.05495246458806,False,False,False,False
2025-07-16 15:00:00+00:00,35.975,35.975,35.975,35.975,0.0,,,,36.040005473453746,36.16676919032597,36.34385062893082,35.419207294591445,35.401038233079554,35.09497539346099,35.09497539346099,35.09497539346099,34.80040143882033,34.80188071672693,34.80329900287373,34.80329900287373,34.77506551145068,34.744861368000144,34.744861368000144,34.744800264200805,34.70765950668972,34.4748265571371,34.20511511261861,34.20511511261861,34.20511511261861,34.20511511261861,34.197337100623095,33.9208792885546,33.71180315778237,33.533606438676614,33.37050020153164,33.171325259692196,33.171325259692196,33.171325259692196,33.171325259692196,33.171325259692196,33.171325259692196,33.17676955046004,33.217362751291894,33.30738800680465,33.55354547126438,33.58992335385325,33.7267845407742,33.80431522856339,33.96614324865433,33.98129757550026,33.98129757550026,33.98129757550026,33.98129757550026,33.98129757550026,33.99479034975111,34.156463870869,34.189069103809985,34.189069103809985,34.189069103809985,34.189069103809985,34.189069103809985,34.189069103809985,34.189069103809985,34.19017151504962,,,,,,36.21120958362409,36.21120958362409,36.21120958362409,36.21120958362409,36.21120958362409,35.76742965367965,35.76742965367965,35.12709192503585,34.893647043118406,34.796194746432455,34.796194746432455,34.800168436154955,34.800168436154955,34.800168436154955,34.800168436154955,34.800168436154955,34.800168436154955,34.800168436154955,34.784476698262246,34.74709081757008,34.744861368000144,34.717480160748806,34.717480160748806,34.70346571452435,34.70258009701239,34.70258009701239,34.574557346367214,34.574557346367214,34.319641432171366,33.96450155374717,33.88499206421878,33.636934231091786,33.39412895284983,33.237069405271775,33.17848108896533,33.17848108896533,33.17943523564436,33.21306885586743,33.21306885586743,33.21306885586743,33.210468869162014,33.195942662344926,33.195942662344926,33.191925262416085,33.36006687303654,33.48997678337392,33.568876507035384,33.58992335385325,33.58992335385325,33.58992335385325,33.58992335385325,33.59641975420863,33.78114263431543,33.788721433552936,33.80792076112459,33.917359299064124,33.917359299064124,33.917359299064124,33.92126534427194,33.97679880375993,33.97679880375993,33.97679880375993,33.97679880375993,33.97679880375993,33.97679880375993,33.97679880375993,34.077620104735914,34.16028274086262,34.1617869914054,,35.76742965367965,35.12709192503585,34.319641432171366,33.96450155374717,33.39412895284983,33.78114263431543,,36.16676919032597,34.796194746432455,33.55354547126438,35.58301170630419,35.02334909813875,35.266839112770796,#000000,0.4515950210790304,36.0120139311905,-0.0819626644732718,35.7212597143173,-12.503111109938914,False,True,False,True,True,3.641845797342942,36.3877,34.799625,0.0,0.0,0.0,0.0,0,1.1208470244614837,0.83753194596568,False,False,False,False,0.20511248357844464,0.19549984365367382,False,False,False,False,-2083.0,-1186.7005318965173,False,False,False,False,99.48820901552467,False,False,False,False
2025-07-16 16:00:00+00:00,35.975,35.975,35.61,35.61,105.0,,,,36.02324792960662,36.149470528840084,36.32905677023399,35.42197405408444,35.40391731630452,35.09982435144218,35.09982435144218,35.09982435144218,34.80619494805862,34.80763095378333,34.808905087800014,34.808905087800014,34.780594084837816,34.750306740943174,34.750306740943174,34.75024540199686,34.71252932650935,34.47980254640977,34.210426704664705,34.210426704664705,34.210426704664705,34.210426704664705,34.202658123327936,33.926721256068326,33.717958775952475,33.540015133424035,33.37714335476956,33.17816830423052,33.17816830423052,33.17816830423052,33.17816830423052,33.17816830423052,33.17816830423052,33.18356345709027,33.22376140155279,33.31253218276984,33.55774339207049,33.59401131894833,33.730476708292414,33.80779503977807,33.96918022312872,33.98429375675867,33.98429375675867,33.98429375675867,33.98429375675867,33.98429375675867,33.99774882118833,34.158834090464,34.19133705788459,34.19133705788459,34.19133705788459,34.19133705788459,34.19133705788459,34.19133705788459,34.19133705788459,34.192436231093225,,,,,35.73166666666667,36.194261752496345,36.194261752496345,36.194261752496345,36.194261752496345,36.194261752496345,35.7670278223649,35.7670278223649,35.13176406368833,34.89947935308543,34.80218916554783,34.80218916554783,34.805747860810044,34.805747860810044,34.805747860810044,34.805747860810044,34.805747860810044,34.805747860810044,34.805747860810044,34.79005496662741,34.75253820212879,34.750306740943174,34.72286849162577,34.72286849162577,34.70884762379528,34.70756345216682,34.70756345216682,34.57944437740504,34.57944437740504,34.32481152142833,33.97026798848073,33.89089144456614,33.64320391855039,33.40074962235649,33.243891102603506,33.1852438973117,33.1852438973117,33.18617850582522,33.21911860697428,33.21911860697428,33.21911860697428,33.21651104314549,33.20188046387155,33.20188046387155,33.197846062759034,33.36496658337105,33.494375128468675,33.573027356363866,33.59401131894833,33.59401131894833,33.59401131894833,33.59401131894833,33.60048792437082,33.78468566732982,33.7922425984098,33.81139072127168,33.92052799955645,33.92052799955645,33.92052799955645,33.924423125906735,33.979807590775245,33.979807590775245,33.979807590775245,33.979807590775245,33.979807590775245,33.979807590775245,33.979807590775245,34.08031186228776,34.1626394800743,34.164138116293465,,35.7670278223649,35.13176406368833,34.32481152142833,33.97026798848073,33.40074962235649,33.78468566732982,,36.149470528840084,34.80218916554783,33.55774339207049,35.62498962375719,35.02517069909038,35.315147140702265,"rgba(239, 83, 80, 0.5)",0.43010251239847475,36.02134116588692,-0.956379360801852,33.118897616256625,-12.503111109938914,False,True,False,True,True,0.0,36.3663,34.806675,0.0,0.0,0.0,0.0,0,1.0917496443812245,0.8360597439544801,False,False,True,False,0.17509707173638742,0.18529845769503062,False,False,False,False,-2188.0,-1202.2245546578115,False,False,False,False,99.57366313931499,False,False,False,False
2025-07-16 17:00:00+00:00,35.61,35.61,35.61,35.61,0.0,,,,36.02324792960662,36.149470528840084,36.32905677023399,35.42197405408444,35.40391731630452,35.09982435144218,35.09982435144218,35.09982435144218,34.80619494805862,34.80763095378333,34.808905087800014,34.808905087800014,34.780594084837816,34.750306740943174,34.750306740943174,34.75024540199686,34.71252932650935,34.47980254640977,34.210426704664705,34.210426704664705,34.210426704664705,34.210426704664705,34.202658123327936,33.926721256068326,33.717958775952475,33.540015133424035,33.37714335476956,33.17816830423052,33.17816830423052,33.17816830423052,33.17816830423052,33.17816830423052,33.17816830423052,33.18356345709027,33.22376140155279,33.31253218276984,33.55774339207049,33.59401131894833,33.730476708292414,33.80779503977807,33.96918022312872,33.98429375675867,33.98429375675867,33.98429375675867,33.98429375675867,33.98429375675867,33.99774882118833,34.158834090464,34.19133705788459,34.19133705788459,34.19133705788459,34.19133705788459,34.19133705788459,34.19133705788459,34.19133705788459,34.192436231093225,,,,,35.73166666666667,36.194261752496345,36.194261752496345,36.194261752496345,36.194261752496345,36.194261752496345,35.7670278223649,35.7670278223649,35.13176406368833,34.89947935308543,34.80218916554783,34.80218916554783,34.805747860810044,34.805747860810044,34.805747860810044,34.805747860810044,34.805747860810044,34.805747860810044,34.805747860810044,34.79005496662741,34.75253820212879,34.750306740943174,34.72286849162577,34.72286849162577,34.70884762379528,34.70756345216682,34.70756345216682,34.57944437740504,34.57944437740504,34.32481152142833,33.97026798848073,33.89089144456614,33.64320391855039,33.40074962235649,33.243891102603506,33.1852438973117,33.1852438973117,33.18617850582522,33.21911860697428,33.21911860697428,33.21911860697428,33.21651104314549,33.20188046387155,33.20188046387155,33.197846062759034,33.36496658337105,33.494375128468675,33.573027356363866,33.59401131894833,33.59401131894833,33.59401131894833,33.59401131894833,33.60048792437082,33.78468566732982,33.7922425984098,33.81139072127168,33.92052799955645,33.92052799955645,33.92052799955645,33.924423125906735,33.979807590775245,33.979807590775245,33.979807590775245,33.979807590775245,33.979807590775245,33.979807590775245,33.979807590775245,34.08031186228776,34.1626394800743,34.164138116293465,,35.7670278223649,35.13176406368833,34.32481152142833,33.97026798848073,33.40074962235649,33.78468566732982,,36.149470528840084,34.80218916554783,33.55774339207049,35.62498962375719,35.02517069909038,35.315147140702265,"rgba(239, 83, 80, 0.5)",0.42617009039379494,36.02134116588692,-0.9652042110858399,31.383989550882845,-12.503111109938914,False,True,False,True,False,0.0,36.344899999999996,34.813725000000005,0.0,0.0,0.0,0.0,0,1.1171761280931598,0.8588064046579325,False,False,False,False,0.1453908480470351,0.16534465287103284,False,False,False,False,-2188.0,-1217.5078948956748,False,False,False,False,98.02988541622483,False,False,False,False
2025-07-16 18:00:00+00:00,35.61,35.61,35.61,35.61,0.0,,,,36.02324792960662,36.149470528840084,36.32905677023399,35.42197405408444,35.40391731630452,35.09982435144218,35.09982435144218,35.09982435144218,34.80619494805862,34.80763095378333,34.808905087800014,34.808905087800014,34.780594084837816,34.750306740943174,34.750306740943174,34.75024540199686,34.71252932650935,34.47980254640977,34.210426704664705,34.210426704664705,34.210426704664705,34.210426704664705,34.202658123327936,33.926721256068326,33.717958775952475,33.540015133424035,33.37714335476956,33.17816830423052,33.17816830423052,33.17816830423052,33.17816830423052,33.17816830423052,33.17816830423052,33.18356345709027,33.22376140155279,33.31253218276984,33.55774339207049,33.59401131894833,33.730476708292414,33.80779503977807,33.96918022312872,33.98429375675867,33.98429375675867,33.98429375675867,33.98429375675867,33.98429375675867,33.99774882118833,34.158834090464,34.19133705788459,34.19133705788459,34.19133705788459,34.19133705788459,34.19133705788459,34.19133705788459,34.19133705788459,34.192436231093225,,,,,35.73166666666667,36.194261752496345,36.194261752496345,36.194261752496345,36.194261752496345,36.194261752496345,35.7670278223649,35.7670278223649,35.13176406368833,34.89947935308543,34.80218916554783,34.80218916554783,34.805747860810044,34.805747860810044,34.805747860810044,34.805747860810044,34.805747860810044,34.805747860810044,34.805747860810044,34.79005496662741,34.75253820212879,34.750306740943174,34.72286849162577,34.72286849162577,34.70884762379528,34.70756345216682,34.70756345216682,34.57944437740504,34.57944437740504,34.32481152142833,33.97026798848073,33.89089144456614,33.64320391855039,33.40074962235649,33.243891102603506,33.1852438973117,33.1852438973117,33.18617850582522,33.21911860697428,33.21911860697428,33.21911860697428,33.21651104314549,33.20188046387155,33.20188046387155,33.197846062759034,33.36496658337105,33.494375128468675,33.573027356363866,33.59401131894833,33.59401131894833,33.59401131894833,33.59401131894833,33.60048792437082,33.78468566732982,33.7922425984098,33.81139072127168,33.92052799955645,33.92052799955645,33.92052799955645,33.924423125906735,33.979807590775245,33.979807590775245,33.979807590775245,33.979807590775245,33.979807590775245,33.979807590775245,33.979807590775245,34.08031186228776,34.1626394800743,34.164138116293465,,35.7670278223649,35.13176406368833,34.32481152142833,33.97026798848073,33.40074962235649,33.78468566732982,,36.149470528840084,34.80218916554783,33.55774339207049,35.62498962375719,35.02517069909038,35.315147140702265,"rgba(239, 83, 80, 0.5)",0.41983053209120674,36.02134116588692,-0.9797790642762529,30.22738417396699,-12.503111109938914,False,True,False,True,False,0.0,36.3235,34.820925,0.0,0.0,0.0,0.0,0,1.1171761280931598,0.8355167394468699,False,False,False,False,0.1453908480470351,0.15536775045903395,False,False,False,False,-2188.0,-1232.5542841220984,False,False,False,False,96.51004223147716,False,False,False,False
2025-07-16 19:00:00+00:00,35.61,35.89,35.61,35.89,200.0,,,,36.00199265165728,36.12463393171418,36.305629262926296,35.42818889257477,35.41032536574753,35.10978849407783,35.10978849407783,35.10978849407783,34.81779433579264,34.8191460977219,34.82013730952922,34.82013730952922,34.79165759291523,34.76119045142501,34.76119045142501,34.76112861847808,34.722261696365784,34.48965894489977,34.22087039536492,34.22087039536492,34.22087039536492,34.22087039536492,34.21311852653914,33.93814216494635,33.729955704969115,33.55247834571377,33.39004060056858,33.191431224569044,33.191431224569044,33.191431224569044,33.191431224569044,33.191431224569044,33.191431224569044,33.196732348939165,33.236173207265004,33.322532120309425,33.56593257742015,33.60199036423901,33.73769912844892,33.814611379578224,33.9751484027585,33.99018372575465,33.99018372575465,33.99018372575465,33.99018372575465,33.99018372575465,34.00356641980899,34.163514882611025,34.19582009178328,34.19582009178328,34.19582009178328,34.19582009178328,34.19582009178328,34.19582009178328,34.19582009178328,34.1969130074835,,35.79666666666667,35.79666666666667,35.79666666666667,35.77428961748634,36.169184799747704,36.169184799747704,36.169184799747704,36.169184799747704,36.169184799747704,35.76764885629474,35.76764885629474,35.14140941950146,34.911217265214454,34.814180935728935,34.814180935728935,34.81692573792066,34.81692573792066,34.81692573792066,34.81692573792066,34.81692573792066,34.81692573792066,34.81692573792066,34.801221550464994,34.76342701706818,34.76119045142501,34.73362637546128,34.73362637546128,34.71958621256992,34.7175173269966,34.7175173269966,34.58915845337378,34.58915845337378,34.33500548302572,33.981549714826926,33.90241784605459,33.65541141124117,33.41360601345066,33.25711894706843,33.19835312031993,33.19835312031993,33.19925022741877,33.230857946394,33.230857946394,33.230857946394,33.22823555919084,33.21340260509177,33.21340260509177,33.20933510167993,33.37449836348314,33.50294737658632,33.58112657075215,33.60199036423901,33.60199036423901,33.60199036423901,33.60199036423901,33.608429125008286,33.79162293480447,33.799137999243186,33.81818821475039,33.92674861847922,33.92674861847922,33.92674861847922,33.93062281311744,33.98572174932049,33.98572174932049,33.98572174932049,33.98572174932049,33.98572174932049,33.98572174932049,33.98572174932049,34.08561571978186,34.1672941651237,34.16878191817193,,35.76764885629474,35.14140941950146,34.33500548302572,33.981549714826926,33.41360601345066,33.79162293480447,,36.12463393171418,34.814180935728935,33.56593257742015,35.76435281675847,35.03030895928326,35.46555642872957,#000000,0.4132307559439022,36.03672620053523,-0.35507086155790757,35.75243699133063,-12.503111109938914,False,True,False,True,True,2.1906246260908304,36.3077,34.829925,0.0,0.0,0.0,0.0,0,1.1148359486447943,0.8188302425106984,False,False,False,False,0.1681536895821953,0.16176072002061462,False,False,False,False,-1988.0,-1244.2666208023759,False,False,False,False,98.11453770075659,False,False,False,False
2025-07-17 14:00:00+00:00,35.93,35.93,35.93,35.93,0.0,,,,36.00199265165728,36.12463393171418,36.305629262926296,35.42818889257477,35.41032536574753,35.10978849407783,35.10978849407783,35.10978849407783,34.81779433579264,34.8191460977219,34.82013730952922,34.82013730952922,34.79165759291523,34.76119045142501,34.76119045142501,34.76112861847808,34.722261696365784,34.48965894489977,34.22087039536492,34.22087039536492,34.22087039536492,34.22087039536492,34.21311852653914,33.93814216494635,33.729955704969115,33.55247834571377,33.39004060056858,33.191431224569044,33.191431224569044,33.191431224569044,33.191431224569044,33.191431224569044,33.191431224569044,33.196732348939165,33.236173207265004,33.322532120309425,33.56593257742015,33.60199036423901,33.73769912844892,33.814611379578224,33.9751484027585,33.99018372575465,33.99018372575465,33.99018372575465,33.99018372575465,33.99018372575465,34.00356641980899,34.163514882611025,34.19582009178328,34.19582009178328,34.19582009178328,34.19582009178328,34.19582009178328,34.19582009178328,34.19582009178328,34.1969130074835,,35.79666666666667,35.79666666666667,35.79666666666667,35.77428961748634,36.169184799747704,36.169184799747704,36.169184799747704,36.169184799747704,36.169184799747704,35.76764885629474,35.76764885629474,35.14140941950146,34.911217265214454,34.814180935728935,34.814180935728935,34.81692573792066,34.81692573792066,34.81692573792066,34.81692573792066,34.81692573792066,34.81692573792066,34.81692573792066,34.801221550464994,34.76342701706818,34.76119045142501,34.73362637546128,34.73362637546128,34.71958621256992,34.7175173269966,34.7175173269966,34.58915845337378,34.58915845337378,34.33500548302572,33.981549714826926,33.90241784605459,33.65541141124117,33.41360601345066,33.25711894706843,33.19835312031993,33.19835312031993,33.19925022741877,33.230857946394,33.230857946394,33.230857946394,33.22823555919084,33.21340260509177,33.21340260509177,33.20933510167993,33.37449836348314,33.50294737658632,33.58112657075215,33.60199036423901,33.60199036423901,33.60199036423901,33.60199036423901,33.608429125008286,33.79162293480447,33.799137999243186,33.81818821475039,33.92674861847922,33.92674861847922,33.92674861847922,33.93062281311744,33.98572174932049,33.98572174932049,33.98572174932049,33.98572174932049,33.98572174932049,33.98572174932049,33.98572174932049,34.08561571978186,34.1672941651237,34.16878191817193,,35.76764885629474,35.14140941950146,34.33500548302572,33.981549714826926,33.41360601345066,33.79162293480447,,36.12463393171418,34.814180935728935,33.56593257742015,35.76435281675847,35.03030895928326,35.46555642872957,#000000,0.4038782373821885,36.03672620053523,-0.26425340772752015,40.15236883672207,-17.782554087199507,False,False,False,True,True,2.7984673428209206,36.292699999999996,34.839124999999996,0.0,0.0,0.0,0.0,0,1.1344238975817935,0.8193456614509239,False,False,False,False,0.19767951666578226,0.17972011834319845,False,False,False,False,-1988.0,-1255.7973708674554,False,False,False,False,96.59338207748904,False,False,False,False
2025-07-17 15:00:00+00:00,35.93,35.93,35.93,35.93,0.0,,,,36.00199265165728,36.12463393171418,36.305629262926296,35.42818889257477,35.41032536574753,35.10978849407783,35.10978849407783,35.10978849407783,34.81779433579264,34.8191460977219,34.82013730952922,34.82013730952922,34.79165759291523,34.76119045142501,34.76119045142501,34.76112861847808,34.722261696365784,34.48965894489977,34.22087039536492,34.22087039536492,34.22087039536492,34.22087039536492,34.21311852653914,33.93814216494635,33.729955704969115,33.55247834571377,33.39004060056858,33.191431224569044,33.191431224569044,33.191431224569044,33.191431224569044,33.191431224569044,33.191431224569044,33.196732348939165,33.236173207265004,33.322532120309425,33.56593257742015,33.60199036423901,33.73769912844892,33.814611379578224,33.9751484027585,33.99018372575465,33.99018372575465,33.99018372575465,33.99018372575465,33.99018372575465,34.00356641980899,34.163514882611025,34.19582009178328,34.19582009178328,34.19582009178328,34.19582009178328,34.19582009178328,34.19582009178328,34.19582009178328,34.1969130074835,,35.79666666666667,35.79666666666667,35.79666666666667,35.77428961748634,36.169184799747704,36.169184799747704,36.169184799747704,36.169184799747704,36.169184799747704,35.76764885629474,35.76764885629474,35.14140941950146,34.911217265214454,34.814180935728935,34.814180935728935,34.81692573792066,34.81692573792066,34.81692573792066,34.81692573792066,34.81692573792066,34.81692573792066,34.81692573792066,34.801221550464994,34.76342701706818,34.76119045142501,34.73362637546128,34.73362637546128,34.71958621256992,34.7175173269966,34.7175173269966,34.58915845337378,34.58915845337378,34.33500548302572,33.981549714826926,33.90241784605459,33.65541141124117,33.41360601345066,33.25711894706843,33.19835312031993,33.19835312031993,33.19925022741877,33.230857946394,33.230857946394,33.230857946394,33.22823555919084,33.21340260509177,33.21340260509177,33.20933510167993,33.37449836348314,33.50294737658632,33.58112657075215,33.60199036423901,33.60199036423901,33.60199036423901,33.60199036423901,33.608429125008286,33.79162293480447,33.799137999243186,33.81818821475039,33.92674861847922,33.92674861847922,33.92674861847922,33.93062281311744,33.98572174932049,33.98572174932049,33.98572174932049,33.98572174932049,33.98572174932049,33.98572174932049,33.98572174932049,34.08561571978186,34.1672941651237,34.16878191817193,,35.76764885629474,35.14140941950146,34.33500548302572,33.981549714826926,33.41360601345066,33.79162293480447,,36.12463393171418,34.814180935728935,33.56593257742015,35.76435281675847,35.03030895928326,35.46555642872957,#000000,0.3947617253738438,36.03672620053523,-0.2703559987588886,43.08565673364969,-14.904502138053068,False,False,False,True,True,2.7984673428209206,36.2777,34.848325,0.0,0.0,0.0,0.0,0,1.1562160202972105,0.815875317143892,False,False,False,False,0.19767951666578226,0.18869981750449036,False,False,False,False,-1988.0,-1267.1493496136964,False,False,False,False,95.09581026233417,False,False,False,False
2025-07-17 16:00:00+00:00,35.93,36.2,35.93,36.165,138.0,,,,36.00784948604993,36.12341557569654,36.299520606448866,35.43577170110418,35.417984699365384,35.11944648967552,35.11944648967552,35.11944648967552,34.82805887933705,34.82934059059059,34.83008828838993,34.83008828838993,34.80140152743255,34.770718785500364,34.770718785500364,34.77065640919731,34.730732851556105,34.49792422155206,34.229360970014746,34.229360970014746,34.229360970014746,34.229360970014746,34.22161631008765,33.94720755788022,33.73934970682915,33.56214322393698,33.399965301750846,33.20155520223434,33.20155520223434,33.20155520223434,33.20155520223434,33.20155520223434,33.20155520223434,33.20678711329851,33.24566855782869,33.33022085733593,33.572307696985185,33.608214421218086,33.743379072659856,33.819999173704424,33.97992201458697,33.99490047936359,33.99490047936359,33.99490047936359,33.99490047936359,33.99490047936359,34.00823031955514,34.167322765584245,34.19947897504508,34.19947897504508,34.19947897504508,34.19947897504508,34.19947897504508,34.19947897504508,34.19947897504508,34.20056719168514,,35.91983234714004,35.91983234714004,35.91983234714004,35.875233258088784,36.166229978845564,36.166229978845564,36.166229978845564,36.166229978845564,36.166229978845564,35.77236169919791,35.77236169919791,35.15089275882705,34.921837817395996,34.824777266204265,34.824777266204265,34.826822438623985,34.826822438623985,34.826822438623985,34.826822438623985,34.826822438623985,34.826822438623985,34.826822438623985,34.81107465918056,34.772964036722584,34.770718785500364,34.74299553919374,34.74299553919374,34.72891394581168,34.726170549324124,34.726170549324124,34.59742331044883,34.59742331044883,34.34339215348384,33.990533480952955,33.911543797305704,33.66492955758208,33.423509578544056,33.267241254679234,33.20836330740305,33.20836330740305,33.209232349443184,33.23984097977344,33.23984097977344,33.23984097977344,33.23720644304017,33.22221486859386,33.22221486859386,33.21812089558817,33.381845546412315,33.50959813442769,33.587436964104064,33.608214421218086,33.608214421218086,33.608214421218086,33.608214421218086,33.61462593253861,33.797097816303484,33.80458258974535,33.823562425277544,33.931705426356594,33.931705426356594,33.931705426356594,33.93556440244924,33.990456162003284,33.990456162003284,33.990456162003284,33.990456162003284,33.990456162003284,33.990456162003284,33.990456162003284,34.089898163709,34.17108223877487,34.17256170035584,,35.77236169919791,35.15089275882705,34.34339215348384,33.990533480952955,33.423509578544056,33.797097816303484,,36.12341557569654,34.824777266204265,33.572307696985185,35.790218894432556,35.038066605258365,35.493350044694196,#000000,0.3794125022283316,36.065263983145385,0.26286961096129696,48.97264117724093,-9.321960790532799,True,False,False,False,True,6.306589521067355,36.2702,34.8601,0.0,0.0,0.0,0.0,0,1.1474289823804396,0.7979144192736417,False,False,False,False,0.22004661094105094,0.20437321422277066,False,False,False,False,-1850.0,-1276.1857938057321,False,False,False,False,95.76099149857704,False,False,False,False
2025-07-17 17:00:00+00:00,36.165,36.32,36.165,36.32,0.0,,,,36.00784948604993,36.12341557569654,36.299520606448866,35.43577170110418,35.417984699365384,35.11944648967552,35.11944648967552,35.11944648967552,34.82805887933705,34.82934059059059,34.83008828838993,34.83008828838993,34.80140152743255,34.770718785500364,34.770718785500364,34.77065640919731,34.730732851556105,34.49792422155206,34.229360970014746,34.229360970014746,34.229360970014746,34.229360970014746,34.22161631008765,33.94720755788022,33.73934970682915,33.56214322393698,33.399965301750846,33.20155520223434,33.20155520223434,33.20155520223434,33.20155520223434,33.20155520223434,33.20155520223434,33.20678711329851,33.24566855782869,33.33022085733593,33.572307696985185,33.608214421218086,33.743379072659856,33.819999173704424,33.97992201458697,33.99490047936359,33.99490047936359,33.99490047936359,33.99490047936359,33.99490047936359,34.00823031955514,34.167322765584245,34.19947897504508,34.19947897504508,34.19947897504508,34.19947897504508,34.19947897504508,34.19947897504508,34.19947897504508,34.20056719168514,,35.91983234714004,35.91983234714004,35.91983234714004,35.875233258088784,36.166229978845564,36.166229978845564,36.166229978845564,36.166229978845564,36.166229978845564,35.77236169919791,35.77236169919791,35.15089275882705,34.921837817395996,34.824777266204265,34.824777266204265,34.826822438623985,34.826822438623985,34.826822438623985,34.826822438623985,34.826822438623985,34.826822438623985,34.826822438623985,34.81107465918056,34.772964036722584,34.770718785500364,34.74299553919374,34.74299553919374,34.72891394581168,34.726170549324124,34.726170549324124,34.59742331044883,34.59742331044883,34.34339215348384,33.990533480952955,33.911543797305704,33.66492955758208,33.423509578544056,33.267241254679234,33.20836330740305,33.20836330740305,33.209232349443184,33.23984097977344,33.23984097977344,33.23984097977344,33.23720644304017,33.22221486859386,33.22221486859386,33.21812089558817,33.381845546412315,33.50959813442769,33.587436964104064,33.608214421218086,33.608214421218086,33.608214421218086,33.608214421218086,33.61462593253861,33.797097816303484,33.80458258974535,33.823562425277544,33.931705426356594,33.931705426356594,33.931705426356594,33.93556440244924,33.990456162003284,33.990456162003284,33.990456162003284,33.990456162003284,33.990456162003284,33.990456162003284,33.990456162003284,34.089898163709,34.17108223877487,34.17256170035584,,35.77236169919791,35.15089275882705,34.34339215348384,33.990533480952955,33.423509578544056,33.797097816303484,,36.12341557569654,34.824777266204265,33.572307696985185,35.790218894432556,35.038066605258365,35.493350044694196,"rgba(38, 166, 154, 0.5)",0.36272895844916664,36.065263983145385,0.7022764819873458,54.812215259053346,-3.9294036196761013,True,False,True,False,True,8.481825489897489,36.2658,34.872,0.0,0.0,0.0,0.0,0,1.1511379800853496,0.7916073968705541,False,False,False,False,0.2497924409268075,0.2270828275747891,False,False,False,False,-1850.0,-1285.0821380878137,False,False,False,False,94.27632496371538,False,False,False,False
2025-07-17 18:00:00+00:00,36.32,36.41,36.32,36.41,14.0,,,36.379999999999995,36.01013061879743,36.124615770130305,36.29976048541623,35.436854354354345,35.41906997045393,35.12069465072966,35.12069465072966,35.12069465072966,34.82931988779261,34.83059328717061,34.83131144306651,34.83131144306651,34.802594852411815,34.771881320949426,34.771881320949426,34.771818869741686,34.73176221895293,34.49890472469269,34.2303472108487,34.2303472108487,34.2303472108487,34.2303472108487,34.22260287091754,33.94824285164245,33.740411854277994,33.56322805811448,33.40107276845757,33.202677817582455,33.202677817582455,33.202677817582455,33.202677817582455,33.202677817582455,33.202677817582455,33.20790225412922,33.24672310206436,33.33107762282198,33.57302457202608,33.60891534057042,33.74402250964533,33.820611739705114,33.980469326036086,33.99544173028815,33.99544173028815,33.99544173028815,33.99544173028815,33.99544173028815,34.00876591500527,34.167764461808304,34.19990432399798,34.19990432399798,34.19990432399798,34.19990432399798,34.19990432399798,34.19990432399798,34.19990432399798,34.200992026473244,,35.93813446969696,35.93813446969696,35.93813446969696,35.89069657184537,36.167130604875105,36.167130604875105,36.167130604875105,36.167130604875105,36.167130604875105,35.7732389742532,35.7732389742532,35.1521272449004,34.92316007081632,34.82607808579281,34.82607808579281,34.828038437162135,34.828038437162135,34.828038437162135,34.828038437162135,34.828038437162135,34.828038437162135,34.828038437162135,34.8122827860587,34.774127953095366,34.771881320949426,34.74413489104317,34.74413489104317,34.73004637794761,34.72722131457529,34.72722131457529,34.59841312021576,34.59841312021576,34.344374361270916,33.99156184035249,33.91258408589203,33.666002314226844,33.42461557645717,33.26836589331338,33.20947357454221,33.20947357454221,33.21033954389378,33.24083864745263,33.24083864745263,33.24083864745263,33.23820268689384,33.22319311677583,33.22319311677583,33.21909609622841,33.382665754763075,33.5103441500981,33.58814699792961,33.60891534057042,33.60891534057042,33.60891534057042,33.60891534057042,33.61532396973357,33.79771959236779,33.805201149425294,33.824173553719014,33.93227223618645,33.93227223618645,33.93227223618645,33.93612958987063,33.990999301868726,33.990999301868726,33.990999301868726,33.990999301868726,33.990999301868726,33.990999301868726,33.990999301868726,34.09039238203878,34.17152174942916,34.17300029330232,,35.7732389742532,35.1521272449004,34.344374361270916,33.99156184035249,33.42461557645717,33.79771959236779,,36.124615770130305,34.82607808579281,33.57302457202608,35.85755893496651,35.14671208654921,35.49774333134656,"rgba(38, 166, 154, 0.5)",0.35229779837384917,36.10838290585333,0.8561424327341266,59.67989753358922,0.5150843595437067,True,False,True,False,True,9.70684688777078,36.263200000000005,34.88419999999999,0.0,0.0,0.0,0.0,0,1.1611307420494712,0.7865724381625437,False,False,False,False,0.27057376010218653,0.2488282938384878,False,False,False,False,-1836.0,-1293.6235002880026,False,False,False,False,93.03173077823142,False,False,False,False
2025-07-17 19:00:00+00:00,36.41,36.41,36.24,36.315,267.0,,36.321666666666665,36.324572953736656,36.04273748856657,36.140754601226995,36.30093875906528,35.45578878469717,35.4380802503221,35.1429533990467,35.1429533990467,35.1429533990467,34.85209273970776,34.853217404481825,34.85340978508357,34.85340978508357,34.82418383279219,34.79294268845116,34.79294268845116,34.792878942100536,34.750464504949036,34.516836833701795,34.248478860891026,34.248478860891026,34.248478860891026,34.248478860891026,34.240742760659415,33.967350469872855,33.76006215607447,33.583333515323574,33.42162677807357,33.223546631583346,33.223546631583346,33.223546631583346,33.223546631583346,33.223546631583346,33.223546631583346,33.22863221543448,33.266327904866515,33.34701485635969,33.586344005033375,33.62193537659537,33.75596370839479,33.83197340138948,33.990607173748515,34.005465972670535,34.005465972670535,34.005465972670535,34.005465972670535,34.005465972670535,34.01868423729449,34.17593338068184,34.20776848471389,34.20776848471389,34.20776848471389,34.20776848471389,34.20776848471389,34.20776848471389,34.20776848471389,34.20884659490254,,36.1035675821217,36.1035675821217,36.1035675821217,36.04963167587477,36.178623955431746,36.178623955431746,36.178623955431746,36.178623955431746,36.178623955431746,35.787934898969624,35.787934898969624,35.17410859261345,34.94693450486013,34.84956071743605,34.84956071743605,34.850012030047566,34.850012030047566,34.850012030047566,34.850012030047566,34.850012030047566,34.850012030047566,34.850012030047566,34.83412827045389,34.795212447483465,34.79294268845116,34.76480023223105,34.76480023223105,34.750596821251825,34.74631004693151,34.74631004693151,34.61647076138148,34.61647076138148,34.362395150646286,34.010531196959064,33.93179228755437,33.685864005602234,33.445138052408616,33.289260687922905,33.230113305182975,33.230113305182975,33.23092240667327,33.25939366597491,33.25939366597491,33.25939366597491,33.25673178489977,33.241391766940176,33.241391766940176,33.23723898902736,33.397920084755654,33.524210169825515,33.60133808671765,33.62193537659537,33.62193537659537,33.62193537659537,33.62193537659537,33.62828993958969,33.809254130722536,33.81667537612925,33.8355082354541,33.94277567405896,33.94277567405896,33.94277567405896,33.946602622073875,34.00105892337537,34.00105892337537,34.00105892337537,34.00105892337537,34.00105892337537,34.00105892337537,34.00105892337537,34.09953807184528,34.17964997852631,34.18111144886352,,35.787934898969624,35.17410859261345,34.362395150646286,34.010531196959064,33.445138052408616,33.809254130722536,,36.140754601226995,34.84956071743605,33.586344005033375,35.95854627466397,35.266788945311205,35.54497743399606,#000000,0.34102960163234225,36.15697598348729,0.4633733135080395,60.75254927915395,1.576219108511502,True,False,True,False,True,8.059267055645567,36.2587,34.895925000000005,0.0,0.0,0.0,0.0,0,1.1536312849162025,0.7891061452513961,False,False,False,False,0.26376372155579364,0.2562960076971407,False,False,False,False,-2103.0,-1306.1719731517544,False,False,False,False,95.72891324678596,False,False,False,False
2025-07-18 14:00:00+00:00,36.315,36.315,36.315,36.315,0.0,,36.321666666666665,36.324572953736656,36.04273748856657,36.140754601226995,36.30093875906528,35.45578878469717,35.4380802503221,35.1429533990467,35.1429533990467,35.1429533990467,34.85209273970776,34.853217404481825,34.85340978508357,34.85340978508357,34.82418383279219,34.79294268845116,34.79294268845116,34.792878942100536,34.750464504949036,34.516836833701795,34.248478860891026,34.248478860891026,34.248478860891026,34.248478860891026,34.240742760659415,33.967350469872855,33.76006215607447,33.583333515323574,33.42162677807357,33.223546631583346,33.223546631583346,33.223546631583346,33.223546631583346,33.223546631583346,33.223546631583346,33.22863221543448,33.266327904866515,33.34701485635969,33.586344005033375,33.62193537659537,33.75596370839479,33.83197340138948,33.990607173748515,34.005465972670535,34.005465972670535,34.005465972670535,34.005465972670535,34.005465972670535,34.01868423729449,34.17593338068184,34.20776848471389,34.20776848471389,34.20776848471389,34.20776848471389,34.20776848471389,34.20776848471389,34.20776848471389,34.20884659490254,,36.1035675821217,36.1035675821217,36.1035675821217,36.04963167587477,36.178623955431746,36.178623955431746,36.178623955431746,36.178623955431746,36.178623955431746,35.787934898969624,35.787934898969624,35.17410859261345,34.94693450486013,34.84956071743605,34.84956071743605,34.850012030047566,34.850012030047566,34.850012030047566,34.850012030047566,34.850012030047566,34.850012030047566,34.850012030047566,34.83412827045389,34.795212447483465,34.79294268845116,34.76480023223105,34.76480023223105,34.750596821251825,34.74631004693151,34.74631004693151,34.61647076138148,34.61647076138148,34.362395150646286,34.010531196959064,33.93179228755437,33.685864005602234,33.445138052408616,33.289260687922905,33.230113305182975,33.230113305182975,33.23092240667327,33.25939366597491,33.25939366597491,33.25939366597491,33.25673178489977,33.241391766940176,33.241391766940176,33.23723898902736,33.397920084755654,33.524210169825515,33.60133808671765,33.62193537659537,33.62193537659537,33.62193537659537,33.62193537659537,33.62828993958969,33.809254130722536,33.81667537612925,33.8355082354541,33.94277567405896,33.94277567405896,33.94277567405896,33.946602622073875,34.00105892337537,34.00105892337537,34.00105892337537,34.00105892337537,34.00105892337537,34.00105892337537,34.00105892337537,34.09953807184528,34.17964997852631,34.18111144886352,,35.787934898969624,35.17410859261345,34.362395150646286,34.010531196959064,33.445138052408616,33.809254130722536,,36.140754601226995,34.84956071743605,33.586344005033375,35.95854627466397,35.266788945311205,35.54497743399606,#000000,0.3290641658180854,36.15697598348729,0.4802225004349596,61.46765044286378,2.5794924848540006,True,False,True,False,True,8.059267055645567,36.2542,34.907849999999996,0.0,0.0,0.0,0.0,0,1.1600985221674889,0.8019000703729762,False,False,False,False,0.26206496470408613,0.2591804862006134,False,False,False,False,-2103.0,-1318.5258960486265,False,False,False,False,94.24474404916137,False,False,False,False
2025-07-18 15:00:00+00:00,36.315,36.315,36.31,36.31,100.0,,36.31894187102634,36.321185476815394,36.05288193134666,36.14584126984127,36.301150605581896,35.46259388831464,35.44491742975659,35.15101015671676,35.15101015671676,35.15101015671676,34.86038718720994,34.86145862763933,34.86146333830378,34.86146333830378,34.832059529482365,34.80063359835249,34.80063359835249,34.800569395918785,34.75731248355118,34.52342578316202,34.25515670852754,34.25515670852754,34.25515670852754,34.25515670852754,34.24742402245451,33.97439786562453,33.76731659701097,33.590761189153866,33.42922434869477,33.23126596675416,33.23126596675416,33.23126596675416,33.23126596675416,33.23126596675416,33.23126596675416,33.236300501595984,33.27358251147427,33.35292030198001,33.591281273211486,33.626761738142235,33.76039031783147,33.83618519462138,33.99436536593265,34.00918205500053,34.00918205500053,34.00918205500053,34.00918205500053,34.00918205500053,34.02236106879613,34.178962789598124,34.21068501601121,34.21068501601121,34.21068501601121,34.21068501601121,34.21068501601121,34.21068501601121,34.21068501601121,34.21175957222808,,36.13251043115438,36.13251043115438,36.13251043115438,36.081432038834954,36.182229448961145,36.182229448961145,36.182229448961145,36.182229448961145,36.182229448961145,35.793138910969795,35.793138910969795,35.182060207838205,34.955568771352645,34.85810854525967,34.85810854525967,34.858021535426595,34.858021535426595,34.858021535426595,34.858021535426595,34.858021535426595,34.858021535426595,34.858021535426595,34.842094295880955,34.80291135705946,34.80063359835249,34.77235255346157,34.77235255346157,34.75810954970562,34.753297622236104,34.753297622236104,34.62309779775867,34.62309779775867,34.369026228058246,34.017526167533,33.93887798850746,33.69319864990688,33.45272326744463,33.29698746463511,33.23774847208457,33.23774847208457,33.23853670291646,33.26626320369704,33.26626320369704,33.26626320369704,33.263591874008206,33.248130885225756,33.248130885225756,33.24395772780583,33.40357323477294,33.52934985433494,33.60622781696706,33.626761738142235,33.626761738142235,33.626761738142235,33.626761738142235,33.633096274404444,33.81353000478437,33.8209289030579,33.83971002811197,33.94666937874281,33.94666937874281,33.94666937874281,33.950485058905294,34.004788115988816,34.004788115988816,34.004788115988816,34.004788115988816,34.004788115988816,34.004788115988816,34.004788115988816,34.102928826895585,34.18266432439312,34.1841194755444,,35.793138910969795,35.182060207838205,34.369026228058246,34.017526167533,33.45272326744463,33.81353000478437,,36.14584126984127,34.85810854525967,33.591281273211486,35.96784856181405,35.272997491155465,35.55601710729432,#000000,0.32492857149980675,36.16705891762409,0.4399153996095962,61.81407437531186,3.4312305584625804,True,False,True,False,True,7.970827282637263,36.254,34.919325,0.0,0.0,0.0,0.0,0,1.1519521632078806,0.8019697502638051,False,False,False,False,0.2616405068138409,0.26041049650722714,False,False,False,False,-2203.0,-1332.2386728540741,False,False,False,False,94.33397282359297,False,False,False,False
2025-07-18 16:00:00+00:00,36.31,36.31,36.31,36.31,0.0,,36.31894187102634,36.321185476815394,36.05288193134666,36.14584126984127,36.301150605581896,35.46259388831464,35.44491742975659,35.15101015671676,35.15101015671676,35.15101015671676,34.86038718720994,34.86145862763933,34.86146333830378,34.86146333830378,34.832059529482365,34.80063359835249,34.80063359835249,34.800569395918785,34.75731248355118,34.52342578316202,34.25515670852754,34.25515670852754,34.25515670852754,34.25515670852754,34.24742402245451,33.97439786562453,33.76731659701097,33.590761189153866,33.42922434869477,33.23126596675416,33.23126596675416,33.23126596675416,33.23126596675416,33.23126596675416,33.23126596675416,33.236300501595984,33.27358251147427,33.35292030198001,33.591281273211486,33.626761738142235,33.76039031783147,33.83618519462138,33.99436536593265,34.00918205500053,34.00918205500053,34.00918205500053,34.00918205500053,34.00918205500053,34.02236106879613,34.178962789598124,34.21068501601121,34.21068501601121,34.21068501601121,34.21068501601121,34.21068501601121,34.21068501601121,34.21068501601121,34.21175957222808,,36.13251043115438,36.13251043115438,36.13251043115438,36.081432038834954,36.182229448961145,36.182229448961145,36.182229448961145,36.182229448961145,36.182229448961145,35.793138910969795,35.793138910969795,35.182060207838205,34.955568771352645,34.85810854525967,34.85810854525967,34.858021535426595,34.858021535426595,34.858021535426595,34.858021535426595,34.858021535426595,34.858021535426595,34.858021535426595,34.842094295880955,34.80291135705946,34.80063359835249,34.77235255346157,34.77235255346157,34.75810954970562,34.753297622236104,34.753297622236104,34.62309779775867,34.62309779775867,34.369026228058246,34.017526167533,33.93887798850746,33.69319864990688,33.45272326744463,33.29698746463511,33.23774847208457,33.23774847208457,33.23853670291646,33.26626320369704,33.26626320369704,33.26626320369704,33.263591874008206,33.248130885225756,33.248130885225756,33.24395772780583,33.40357323477294,33.52934985433494,33.60622781696706,33.626761738142235,33.626761738142235,33.626761738142235,33.626761738142235,33.633096274404444,33.81353000478437,33.8209289030579,33.83971002811197,33.94666937874281,33.94666937874281,33.94666937874281,33.950485058905294,34.004788115988816,34.004788115988816,34.004788115988816,34.004788115988816,34.004788115988816,34.004788115988816,34.004788115988816,34.102928826895585,34.18266432439312,34.1841194755444,,35.793138910969795,35.182060207838205,34.369026228058246,34.017526167533,33.45272326744463,33.81353000478437,,36.14584126984127,34.85810854525967,33.591281273211486,35.96784856181405,35.272997491155465,35.55601710729432,#000000,0.3194065160932888,36.16705891762409,0.447520871284179,62.04502366361058,4.29779972094812,True,False,True,False,True,7.970827282637263,36.2604,34.93087499999999,0.0,0.0,0.0,0.0,0,1.1519521632078806,0.8023214913823415,False,False,False,False,0.2612161410863064,0.2608133187967668,False,False,False,False,-2203.0,-1345.7388484687397,False,False,False,False,92.8714306092737,False,False,False,False
2025-07-18 17:00:00+00:00,36.31,36.31,36.31,36.31,0.0,,36.31894187102634,36.321185476815394,36.05288193134666,36.14584126984127,36.301150605581896,35.46259388831464,35.44491742975659,35.15101015671676,35.15101015671676,35.15101015671676,34.86038718720994,34.86145862763933,34.86146333830378,34.86146333830378,34.832059529482365,34.80063359835249,34.80063359835249,34.800569395918785,34.75731248355118,34.52342578316202,34.25515670852754,34.25515670852754,34.25515670852754,34.25515670852754,34.24742402245451,33.97439786562453,33.76731659701097,33.590761189153866,33.42922434869477,33.23126596675416,33.23126596675416,33.23126596675416,33.23126596675416,33.23126596675416,33.23126596675416,33.236300501595984,33.27358251147427,33.35292030198001,33.591281273211486,33.626761738142235,33.76039031783147,33.83618519462138,33.99436536593265,34.00918205500053,34.00918205500053,34.00918205500053,34.00918205500053,34.00918205500053,34.02236106879613,34.178962789598124,34.21068501601121,34.21068501601121,34.21068501601121,34.21068501601121,34.21068501601121,34.21068501601121,34.21068501601121,34.21175957222808,,36.13251043115438,36.13251043115438,36.13251043115438,36.081432038834954,36.182229448961145,36.182229448961145,36.182229448961145,36.182229448961145,36.182229448961145,35.793138910969795,35.793138910969795,35.182060207838205,34.955568771352645,34.85810854525967,34.85810854525967,34.858021535426595,34.858021535426595,34.858021535426595,34.858021535426595,34.858021535426595,34.858021535426595,34.858021535426595,34.842094295880955,34.80291135705946,34.80063359835249,34.77235255346157,34.77235255346157,34.75810954970562,34.753297622236104,34.753297622236104,34.62309779775867,34.62309779775867,34.369026228058246,34.017526167533,33.93887798850746,33.69319864990688,33.45272326744463,33.29698746463511,33.23774847208457,33.23774847208457,33.23853670291646,33.26626320369704,33.26626320369704,33.26626320369704,33.263591874008206,33.248130885225756,33.248130885225756,33.24395772780583,33.40357323477294,33.52934985433494,33.60622781696706,33.626761738142235,33.626761738142235,33.626761738142235,33.626761738142235,33.633096274404444,33.81353000478437,33.8209289030579,33.83971002811197,33.94666937874281,33.94666937874281,33.94666937874281,33.950485058905294,34.004788115988816,34.004788115988816,34.004788115988816,34.004788115988816,34.004788115988816,34.004788115988816,34.004788115988816,34.102928826895585,34.18266432439312,34.1841194755444,,35.793138910969795,35.182060207838205,34.369026228058246,34.017526167533,33.45272326744463,33.81353000478437,,36.14584126984127,34.85810854525967,33.591281273211486,35.96784856181405,35.272997491155465,35.55601710729432,#000000,0.31897247756157837,36.16705891762409,0.448129830725968,62.19898985580973,5.153054971113413,True,False,True,False,True,7.970827282637263,36.266799999999996,34.94145,0.0,0.0,0.0,0.0,0,1.1519521632078806,0.8023214913823415,False,False,False,False,0.2612161410863064,0.2610147299415366,False,False,False,False,-2203.0,-1359.0297190351157,False,False,False,False,91.43156346804464,False,False,False,False
2025-07-18 18:00:00+00:00,36.31,36.31,36.31,36.31,0.0,,36.31894187102634,36.321185476815394,36.05288193134666,36.14584126984127,36.301150605581896,35.46259388831464,35.44491742975659,35.15101015671676,35.15101015671676,35.15101015671676,34.86038718720994,34.86145862763933,34.86146333830378,34.86146333830378,34.832059529482365,34.80063359835249,34.80063359835249,34.800569395918785,34.75731248355118,34.52342578316202,34.25515670852754,34.25515670852754,34.25515670852754,34.25515670852754,34.24742402245451,33.97439786562453,33.76731659701097,33.590761189153866,33.42922434869477,33.23126596675416,33.23126596675416,33.23126596675416,33.23126596675416,33.23126596675416,33.23126596675416,33.236300501595984,33.27358251147427,33.35292030198001,33.591281273211486,33.626761738142235,33.76039031783147,33.83618519462138,33.99436536593265,34.00918205500053,34.00918205500053,34.00918205500053,34.00918205500053,34.00918205500053,34.02236106879613,34.178962789598124,34.21068501601121,34.21068501601121,34.21068501601121,34.21068501601121,34.21068501601121,34.21068501601121,34.21068501601121,34.21175957222808,,36.13251043115438,36.13251043115438,36.13251043115438,36.081432038834954,36.182229448961145,36.182229448961145,36.182229448961145,36.182229448961145,36.182229448961145,35.793138910969795,35.793138910969795,35.182060207838205,34.955568771352645,34.85810854525967,34.85810854525967,34.858021535426595,34.858021535426595,34.858021535426595,34.858021535426595,34.858021535426595,34.858021535426595,34.858021535426595,34.842094295880955,34.80291135705946,34.80063359835249,34.77235255346157,34.77235255346157,34.75810954970562,34.753297622236104,34.753297622236104,34.62309779775867,34.62309779775867,34.369026228058246,34.017526167533,33.93887798850746,33.69319864990688,33.45272326744463,33.29698746463511,33.23774847208457,33.23774847208457,33.23853670291646,33.26626320369704,33.26626320369704,33.26626320369704,33.263591874008206,33.248130885225756,33.248130885225756,33.24395772780583,33.40357323477294,33.52934985433494,33.60622781696706,33.626761738142235,33.626761738142235,33.626761738142235,33.626761738142235,33.633096274404444,33.81353000478437,33.8209289030579,33.83971002811197,33.94666937874281,33.94666937874281,33.94666937874281,33.950485058905294,34.004788115988816,34.004788115988816,34.004788115988816,34.004788115988816,34.004788115988816,34.004788115988816,34.004788115988816,34.102928826895585,34.18266432439312,34.1841194755444,,35.793138910969795,35.182060207838205,34.369026228058246,34.017526167533,33.45272326744463,33.81353000478437,,36.14584126984127,34.85810854525967,33.591281273211486,35.96784856181405,35.272997491155465,35.55601710729432,#000000,0.3185310032011492,36.16705891762409,0.44875092515137954,62.301633983942494,5.976097078919089,True,False,True,False,True,7.970827282637263,36.273199999999996,34.951950000000004,0.0,0.0,0.0,0.0,0,1.1519521632078806,0.8023214913823415,False,False,False,False,0.2612161410863064,0.2611154355139215,False,False,False,False,-2203.0,-1372.1145295927108,False,False,False,False,90.01401984838503,False,False,False,False
2025-07-18 19:00:00+00:00,36.31,36.35,36.31,36.35,16.0,,36.31968233246301,36.321809403862304,36.05458442694663,36.14674565560822,36.301262467191606,35.46370443897403,35.446032726230484,35.1523164853326,35.1523164853326,35.1523164853326,34.86172826889229,34.86279117032688,34.8627657304714,34.8627657304714,34.83333306882506,34.801877161024805,34.801877161024805,34.8018128847289,34.758420122147214,34.52449020399179,34.25623409463424,34.25623409463424,34.25623409463424,34.25623409463424,34.24850192398642,33.975533537654115,33.76848484848485,33.59195675048075,33.43044676564622,33.23250747524217,33.23250747524217,33.23250747524217,33.23250747524217,33.23250747524217,33.23250747524217,33.23753383390103,33.27474956739852,33.35387095596533,33.592076820912204,33.627539524509984,33.761104079005854,33.83686454636533,33.9949720225762,34.00978196082221,34.00978196082221,34.00978196082221,34.00978196082221,34.00978196082221,34.02295468026098,34.17945237014769,34.21115645457109,34.21115645457109,34.21115645457109,34.21115645457109,34.21115645457109,34.21115645457109,34.21115645457109,34.21223043968018,,36.13695464852607,36.13695464852607,36.13695464852607,36.08629365079365,36.18289620435329,36.18289620435329,36.18289620435329,36.18289620435329,36.18289620435329,35.79400165343915,35.79400165343915,35.183350090769444,34.9569654068175,34.85949029457002,34.85949029457002,34.85931681722785,34.85931681722785,34.85931681722785,34.85931681722785,34.85931681722785,34.85931681722785,34.85931681722785,34.843382442720674,34.80415622516445,34.801877161024805,34.77357360067649,34.77357360067649,34.759324116374124,34.75442769203318,34.75442769203318,34.62416894566859,34.62416894566859,34.37009661589374,34.01865357153708,33.94001969070222,33.69437956034547,33.45394375821056,33.29823030597295,33.23897649593818,33.23897649593818,33.23976138123003,33.26736846052316,33.26736846052316,33.26736846052316,33.26469560923049,33.249215176449084,33.249215176449084,33.245038740214824,33.404483461991035,33.53017781874042,33.60701575134519,33.627539524509984,33.627539524509984,33.627539524509984,33.627539524509984,33.63387085317958,33.81421962191095,33.82161493929633,33.84038777772123,33.94729775696328,33.94729775696328,33.94729775696328,33.95111163080762,34.005390124134074,34.005390124134074,34.005390124134074,34.005390124134074,34.005390124134074,34.005390124134074,34.005390124134074,34.10347651301543,34.1831514830259,34.18460561789824,,35.79400165343915,35.183350090769444,34.37009661589374,34.01865357153708,33.45394375821056,33.81421962191095,,36.14674565560822,34.85949029457002,33.592076820912204,35.96945649761974,35.27413162045893,35.55777610489415,"rgba(38, 166, 154, 0.5)",0.3180444470048192,36.1688244307068,0.569654873711589,63.29202389786648,7.581524184642269,True,False,True,False,True,8.584189032128663,36.28040000000001,34.9627,0.0,0.0,0.0,0.0,0,1.1515257804279215,0.8000701508242712,False,False,False,False,0.26461365772659423,0.2628645466202579,False,False,False,False,-2187.0,-1384.7484128548392,False,False,False,False,88.86651566468913,False,False,False,False
2025-07-21 14:00:00+00:00,36.35,36.35,36.35,36.35,0.0,,36.31968233246301,36.321809403862304,36.05458442694663,36.14674565560822,36.301262467191606,35.46370443897403,35.446032726230484,35.1523164853326,35.1523164853326,35.1523164853326,34.86172826889229,34.86279117032688,34.8627657304714,34.8627657304714,34.83333306882506,34.801877161024805,34.801877161024805,34.8018128847289,34.758420122147214,34.52449020399179,34.25623409463424,34.25623409463424,34.25623409463424,34.25623409463424,34.24850192398642,33.975533537654115,33.76848484848485,33.59195675048075,33.43044676564622,33.23250747524217,33.23250747524217,33.23250747524217,33.23250747524217,33.23250747524217,33.23250747524217,33.23753383390103,33.27474956739852,33.35387095596533,33.592076820912204,33.627539524509984,33.761104079005854,33.83686454636533,33.9949720225762,34.00978196082221,34.00978196082221,34.00978196082221,34.00978196082221,34.00978196082221,34.02295468026098,34.17945237014769,34.21115645457109,34.21115645457109,34.21115645457109,34.21115645457109,34.21115645457109,34.21115645457109,34.21115645457109,34.21223043968018,,36.13695464852607,36.13695464852607,36.13695464852607,36.08629365079365,36.18289620435329,36.18289620435329,36.18289620435329,36.18289620435329,36.18289620435329,35.79400165343915,35.79400165343915,35.183350090769444,34.9569654068175,34.85949029457002,34.85949029457002,34.85931681722785,34.85931681722785,34.85931681722785,34.85931681722785,34.85931681722785,34.85931681722785,34.85931681722785,34.843382442720674,34.80415622516445,34.801877161024805,34.77357360067649,34.77357360067649,34.759324116374124,34.75442769203318,34.75442769203318,34.62416894566859,34.62416894566859,34.37009661589374,34.01865357153708,33.94001969070222,33.69437956034547,33.45394375821056,33.29823030597295,33.23897649593818,33.23897649593818,33.23976138123003,33.26736846052316,33.26736846052316,33.26736846052316,33.26469560923049,33.249215176449084,33.249215176449084,33.245038740214824,33.404483461991035,33.53017781874042,33.60701575134519,33.627539524509984,33.627539524509984,33.627539524509984,33.627539524509984,33.63387085317958,33.81421962191095,33.82161493929633,33.84038777772123,33.94729775696328,33.94729775696328,33.94729775696328,33.95111163080762,34.005390124134074,34.005390124134074,34.005390124134074,34.005390124134074,34.005390124134074,34.005390124134074,34.005390124134074,34.10347651301543,34.1831514830259,34.18460561789824,,35.79400165343915,35.183350090769444,34.37009661589374,34.01865357153708,33.45394375821056,33.81421962191095,,36.14674565560822,34.85949029457002,33.592076820912204,35.96945649761974,35.27413162045893,35.55777610489415,"rgba(38, 166, 154, 0.5)",0.3180444470048192,36.1688244307068,0.569654873711589,63.952283840482465,8.797801924277117,True,False,True,False,True,8.584189032128663,36.274,34.973175,0.0,0.0,0.0,0.0,0,1.154331813398809,0.8000701508242712,False,False,False,False,0.268017155133723,0.26544085087699043,False,False,False,False,-2187.0,-1397.186421957865,False,False,False,False,87.48874022802728,False,False,False,False
2025-07-21 15:00:00+00:00,36.35,36.35,36.35,36.35,0.0,,36.31968233246301,36.321809403862304,36.05458442694663,36.14674565560822,36.301262467191606,35.46370443897403,35.446032726230484,35.1523164853326,35.1523164853326,35.1523164853326,34.86172826889229,34.86279117032688,34.8627657304714,34.8627657304714,34.83333306882506,34.801877161024805,34.801877161024805,34.8018128847289,34.758420122147214,34.52449020399179,34.25623409463424,34.25623409463424,34.25623409463424,34.25623409463424,34.24850192398642,33.975533537654115,33.76848484848485,33.59195675048075,33.43044676564622,33.23250747524217,33.23250747524217,33.23250747524217,33.23250747524217,33.23250747524217,33.23250747524217,33.23753383390103,33.27474956739852,33.35387095596533,33.592076820912204,33.627539524509984,33.761104079005854,33.83686454636533,33.9949720225762,34.00978196082221,34.00978196082221,34.00978196082221,34.00978196082221,34.00978196082221,34.02295468026098,34.17945237014769,34.21115645457109,34.21115645457109,34.21115645457109,34.21115645457109,34.21115645457109,34.21115645457109,34.21115645457109,34.21223043968018,,36.13695464852607,36.13695464852607,36.13695464852607,36.08629365079365,36.18289620435329,36.18289620435329,36.18289620435329,36.18289620435329,36.18289620435329,35.79400165343915,35.79400165343915,35.183350090769444,34.9569654068175,34.85949029457002,34.85949029457002,34.85931681722785,34.85931681722785,34.85931681722785,34.85931681722785,34.85931681722785,34.85931681722785,34.85931681722785,34.843382442720674,34.80415622516445,34.801877161024805,34.77357360067649,34.77357360067649,34.759324116374124,34.75442769203318,34.75442769203318,34.62416894566859,34.62416894566859,34.37009661589374,34.01865357153708,33.94001969070222,33.69437956034547,33.45394375821056,33.29823030597295,33.23897649593818,33.23897649593818,33.23976138123003,33.26736846052316,33.26736846052316,33.26736846052316,33.26469560923049,33.249215176449084,33.249215176449084,33.245038740214824,33.404483461991035,33.53017781874042,33.60701575134519,33.627539524509984,33.627539524509984,33.627539524509984,33.627539524509984,33.63387085317958,33.81421962191095,33.82161493929633,33.84038777772123,33.94729775696328,33.94729775696328,33.94729775696328,33.95111163080762,34.005390124134074,34.005390124134074,34.005390124134074,34.005390124134074,34.005390124134074,34.005390124134074,34.005390124134074,34.10347651301543,34.1831514830259,34.18460561789824,,35.79400165343915,35.183350090769444,34.37009661589374,34.01865357153708,33.45394375821056,33.81421962191095,,36.14674565560822,34.85949029457002,33.592076820912204,35.96945649761974,35.27413162045893,35.55777610489415,"rgba(38, 166, 154, 0.5)",0.318037875245105,36.1688244307068,0.569666644746555,64.3924571355598,9.755988556586992,True,False,True,False,True,8.584189032128652,36.267599999999995,34.984375,0.0,0.0,0.0,0.0,0,1.154331813398809,0.8000701508242712,False,False,False,False,0.268017155133723,0.26672900300535674,False,False,False,False,-2187.0,-1409.4315937104561,False,False,False,False,86.13232565084856,False,False,False,False
2025-07-21 16:00:00+00:00,36.35,36.35,36.35,36.35,0.0,,36.31968233246301,36.321809403862304,36.05458442694663,36.14674565560822,36.301262467191606,35.46370443897403,35.446032726230484,35.1523164853326,35.1523164853326,35.1523164853326,34.86172826889229,34.86279117032688,34.8627657304714,34.8627657304714,34.83333306882506,34.801877161024805,34.801877161024805,34.8018128847289,34.758420122147214,34.52449020399179,34.25623409463424,34.25623409463424,34.25623409463424,34.25623409463424,34.24850192398642,33.975533537654115,33.76848484848485,33.59195675048075,33.43044676564622,33.23250747524217,33.23250747524217,33.23250747524217,33.23250747524217,33.23250747524217,33.23250747524217,33.23753383390103,33.27474956739852,33.35387095596533,33.592076820912204,33.627539524509984,33.761104079005854,33.83686454636533,33.9949720225762,34.00978196082221,34.00978196082221,34.00978196082221,34.00978196082221,34.00978196082221,34.02295468026098,34.17945237014769,34.21115645457109,34.21115645457109,34.21115645457109,34.21115645457109,34.21115645457109,34.21115645457109,34.21115645457109,34.21223043968018,,36.13695464852607,36.13695464852607,36.13695464852607,36.08629365079365,36.18289620435329,36.18289620435329,36.18289620435329,36.18289620435329,36.18289620435329,35.79400165343915,35.79400165343915,35.183350090769444,34.9569654068175,34.85949029457002,34.85949029457002,34.85931681722785,34.85931681722785,34.85931681722785,34.85931681722785,34.85931681722785,34.85931681722785,34.85931681722785,34.843382442720674,34.80415622516445,34.801877161024805,34.77357360067649,34.77357360067649,34.759324116374124,34.75442769203318,34.75442769203318,34.62416894566859,34.62416894566859,34.37009661589374,34.01865357153708,33.94001969070222,33.69437956034547,33.45394375821056,33.29823030597295,33.23897649593818,33.23897649593818,33.23976138123003,33.26736846052316,33.26736846052316,33.26736846052316,33.26469560923049,33.249215176449084,33.249215176449084,33.245038740214824,33.404483461991035,33.53017781874042,33.60701575134519,33.627539524509984,33.627539524509984,33.627539524509984,33.627539524509984,33.63387085317958,33.81421962191095,33.82161493929633,33.84038777772123,33.94729775696328,33.94729775696328,33.94729775696328,33.95111163080762,34.005390124134074,34.005390124134074,34.005390124134074,34.005390124134074,34.005390124134074,34.005390124134074,34.005390124134074,34.10347651301543,34.1831514830259,34.18460561789824,,35.79400165343915,35.183350090769444,34.37009661589374,34.01865357153708,33.45394375821056,33.81421962191095,,36.14674565560822,34.85949029457002,33.592076820912204,35.96945649761974,35.27413162045893,35.55777610489415,"rgba(38, 166, 154, 0.5)",0.318037875245105,36.1688244307068,0.569666644746555,64.68590599894468,10.53707981262113,True,False,True,False,True,8.584189032128652,36.2633,34.995,0.0,0.0,0.0,0.0,0,1.1592109897851373,0.7992250792532571,False,False,False,False,0.268017155133723,0.2673730790695399,False,False,False,False,-2187.0,-1421.486917838976,False,False,False,False,84.79694075703695,False,False,False,False
2025-07-21 17:00:00+00:00,36.35,36.35,36.35,36.35,0.0,,36.31968233246301,36.321809403862304,36.05458442694663,36.14674565560822,36.301262467191606,35.46370443897403,35.446032726230484,35.1523164853326,35.1523164853326,35.1523164853326,34.86172826889229,34.86279117032688,34.8627657304714,34.8627657304714,34.83333306882506,34.801877161024805,34.801877161024805,34.8018128847289,34.758420122147214,34.52449020399179,34.25623409463424,34.25623409463424,34.25623409463424,34.25623409463424,34.24850192398642,33.975533537654115,33.76848484848485,33.59195675048075,33.43044676564622,33.23250747524217,33.23250747524217,33.23250747524217,33.23250747524217,33.23250747524217,33.23250747524217,33.23753383390103,33.27474956739852,33.35387095596533,33.592076820912204,33.627539524509984,33.761104079005854,33.83686454636533,33.9949720225762,34.00978196082221,34.00978196082221,34.00978196082221,34.00978196082221,34.00978196082221,34.02295468026098,34.17945237014769,34.21115645457109,34.21115645457109,34.21115645457109,34.21115645457109,34.21115645457109,34.21115645457109,34.21115645457109,34.21223043968018,,36.13695464852607,36.13695464852607,36.13695464852607,36.08629365079365,36.18289620435329,36.18289620435329,36.18289620435329,36.18289620435329,36.18289620435329,35.79400165343915,35.79400165343915,35.183350090769444,34.9569654068175,34.85949029457002,34.85949029457002,34.85931681722785,34.85931681722785,34.85931681722785,34.85931681722785,34.85931681722785,34.85931681722785,34.85931681722785,34.843382442720674,34.80415622516445,34.801877161024805,34.77357360067649,34.77357360067649,34.759324116374124,34.75442769203318,34.75442769203318,34.62416894566859,34.62416894566859,34.37009661589374,34.01865357153708,33.94001969070222,33.69437956034547,33.45394375821056,33.29823030597295,33.23897649593818,33.23897649593818,33.23976138123003,33.26736846052316,33.26736846052316,33.26736846052316,33.26469560923049,33.249215176449084,33.249215176449084,33.245038740214824,33.404483461991035,33.53017781874042,33.60701575134519,33.627539524509984,33.627539524509984,33.627539524509984,33.627539524509984,33.63387085317958,33.81421962191095,33.82161493929633,33.84038777772123,33.94729775696328,33.94729775696328,33.94729775696328,33.95111163080762,34.005390124134074,34.005390124134074,34.005390124134074,34.005390124134074,34.005390124134074,34.005390124134074,34.005390124134074,34.10347651301543,34.1831514830259,34.18460561789824,,35.79400165343915,35.183350090769444,34.37009661589374,34.01865357153708,33.45394375821056,33.81421962191095,,36.14674565560822,34.85949029457002,33.592076820912204,35.96945649761974,35.27413162045893,35.55777610489415,"rgba(38, 166, 154, 0.5)",0.31407151879667233,36.1688244307068,0.576860869101901,64.8815385745346,11.191193309400532,True,False,True,False,True,8.584189032128652,36.259,35.005625,0.0,0.0,0.0,0.0,0,1.1592109897851373,0.7949982388164835,False,False,False,False,0.268017155133723,0.2676951171016314,False,False,False,False,-2187.0,-1433.3553377174414,False,False,False,False,83.48225950498987,False,False,False,False
2025-07-21 18:00:00+00:00,36.35,36.35,36.35,36.35,121.0,,36.32696097883598,36.32839446589447,36.06740554758489,36.15377847678963,36.302396334038335,35.47213937391851,35.45450260698983,35.16221334426005,35.16221334426005,35.16221334426005,34.87188282395398,34.87288157452058,34.87262954030548,34.87262954030548,34.84297965727502,34.811297944746194,34.811297944746194,34.81123311207215,34.76681694644284,34.53255853453629,34.264397845304465,34.264397845304465,34.264397845304465,34.264397845304465,34.256669503956154,33.98413513162885,33.777331162088174,33.60100834486063,33.43970037894664,33.241904530583106,33.241904530583106,33.241904530583106,33.241904530583106,33.241904530583106,33.241904530583106,33.24686922644722,33.28358502512961,33.3610727600204,33.59810741048626,33.63343598785211,33.766516997281364,33.842017555751376,33.999575773731635,34.01433469459941,34.01433469459941,34.01433469459941,34.01433469459941,34.01433469459941,34.02745984,34.18317048194763,34.214737272970474,34.214737272970474,34.214737272970474,34.214737272970474,34.214737272970474,34.214737272970474,34.214737272970474,34.215806936282995,,36.167069704049844,36.167069704049844,36.167069704049844,36.11949705168228,36.18817960108004,36.18817960108004,36.18817960108004,36.18817960108004,36.18817960108004,35.80059667352874,35.80059667352874,35.19312400470816,34.96753789541909,34.86995031512199,34.86995031512199,34.869127143841325,34.869127143841325,34.869127143841325,34.869127143841325,34.869127143841325,34.869127143841325,34.869127143841325,34.853138970653816,34.813586854223395,34.811297944746194,34.78282466010314,34.78282466010314,34.768526247848534,34.76299347797151,34.76299347797151,34.63228908244871,34.63228908244871,34.37820850122463,34.02719304353091,33.948666577709254,33.70332104330727,33.463182916754555,33.30763759033281,33.24827184729733,33.24827184729733,33.249031496580216,33.27573747073826,33.27573747073826,33.27573747073826,33.27305312409054,33.25742585054856,33.25742585054856,33.253224645575514,33.4113800254133,33.53645319502433,33.61298884809657,33.63343598785211,33.63343598785211,33.63343598785211,33.63343598785211,33.6397430926558,33.81945017416456,33.826818439523315,33.84552868445408,33.95206564877986,33.95206564877986,33.95206564877986,33.95586587283389,34.009958747336164,34.009958747336164,34.009958747336164,34.009958747336164,34.009958747336164,34.009958747336164,34.009958747336164,34.10763438722081,34.18685126388773,34.18829770594371,,35.80059667352874,35.19312400470816,34.37820850122463,34.02719304353091,33.463182916754555,33.81945017416456,,36.15377847678963,34.86995031512199,33.59810741048626,35.98118563246547,35.282921271786805,35.57044978829337,"rgba(38, 166, 154, 0.5)",0.3099469585549202,36.18163615740421,0.543202112325149,65.01196029159455,11.749614454921108,True,False,True,False,True,8.584189032128652,36.2547,35.01625,0.0,0.0,0.0,0.0,0,1.187657885239987,0.7899675207506304,False,False,False,False,0.268017155133723,0.2678561361176772,False,False,False,False,-2187.0,-1445.0397510861633,False,False,False,False,84.06392990026134,False,False,False,False
2025-07-21 19:00:00+00:00,36.35,36.35,36.01,36.01,640.0,,36.21304341491841,36.21506188831319,36.077847141190205,36.14906856820563,36.282776351081445,35.50334831011931,35.48608381289656,35.202461776701774,35.202461776701774,35.202461776701774,34.915473132324664,34.916201327992496,34.915017298594925,34.915017298594925,34.884651054380264,34.85221115117261,34.85221115117261,34.85214435350288,34.803642841993636,34.568897038702694,34.30196039739421,34.30196039739421,34.30196039739421,34.30196039739421,34.294269505555036,34.02435271135656,33.81909587389894,33.6440456956997,33.48394824299259,33.2871233632485,33.2871233632485,33.2871233632485,33.2871233632485,33.2871233632485,33.2871233632485,33.29178985082882,33.326093244454846,33.39575070126916,33.62697950907533,33.661636640888155,33.79229568293684,33.86649355148752,34.021310184370854,34.03581501875221,34.03581501875221,34.03581501875221,34.03581501875221,34.03581501875221,34.04870404392355,34.200591308089116,34.23148990591657,34.23148990591657,34.23148990591657,34.23148990591657,34.23148990591657,34.23148990591657,34.23148990591657,34.232538477352165,36.123333333333335,36.14835895721925,36.14835895721925,36.14835895721925,36.12103060587133,36.17888888888888,36.17888888888888,36.17888888888888,36.17888888888888,36.17888888888888,35.819649478830364,35.819649478830364,35.23259453247585,35.01214436471084,34.91480911903963,34.91480911903963,34.9113163565647,34.9113163565647,34.9113163565647,34.9113163565647,34.9113163565647,34.9113163565647,34.9113163565647,34.89520491591203,34.854528426296774,34.85221115117261,34.8231805353027,34.8231805353027,34.80875061854394,34.800554093504175,34.800554093504175,34.66849458081977,34.66849458081977,34.41522437278362,34.067031785155706,33.98916787917589,33.74566480757489,33.50732563264883,33.35280955723227,33.293001393716935,33.293001393716935,33.29364078376216,33.31604938544685,33.31604938544685,33.31604938544685,33.31331398471239,33.297010208045585,33.297010208045585,33.29269665778467,33.444554400249764,33.566549053825625,33.64157334922726,33.661636640888155,33.661636640888155,33.661636640888155,33.661636640888155,33.667822619110716,33.84431459840476,33.85154787944051,33.86994408901097,33.974618416212245,33.974618416212245,33.974618416212245,33.978350704012286,34.031517950598,34.031517950598,34.031517950598,34.031517950598,34.031517950598,34.031517950598,34.031517950598,34.12717552549598,34.20418335524293,34.205592664488094,36.123333333333335,35.819649478830364,35.23259453247585,34.41522437278362,34.067031785155706,33.50732563264883,33.84431459840476,,36.14906856820563,34.91480911903963,33.62697950907533,36.01915041160841,35.3005040732631,35.64714033872462,#000000,0.3096897895735216,36.156763546856936,-0.47390502302012805,52.92105629368842,6.988079062470732,True,False,False,False,False,1.8375309292345463,36.2468,35.025175,0.0,0.0,0.0,0.0,0,1.1556886227544922,0.774568510038745,False,False,False,False,0.23927165431420253,0.25356389521593986,False,False,False,False,-2827.0,-1466.465491379401,False,False,False,False,92.68309377777668,False,False,False,False
2025-07-22 14:00:00+00:00,36.27,36.27,36.27,36.27,0.0,,36.21304341491841,36.21506188831319,36.077847141190205,36.14906856820563,36.282776351081445,35.50334831011931,35.48608381289656,35.202461776701774,35.202461776701774,35.202461776701774,34.915473132324664,34.916201327992496,34.915017298594925,34.915017298594925,34.884651054380264,34.85221115117261,34.85221115117261,34.85214435350288,34.803642841993636,34.568897038702694,34.30196039739421,34.30196039739421,34.30196039739421,34.30196039739421,34.294269505555036,34.02435271135656,33.81909587389894,33.6440456956997,33.48394824299259,33.2871233632485,33.2871233632485,33.2871233632485,33.2871233632485,33.2871233632485,33.2871233632485,33.29178985082882,33.326093244454846,33.39575070126916,33.62697950907533,33.661636640888155,33.79229568293684,33.86649355148752,34.021310184370854,34.03581501875221,34.03581501875221,34.03581501875221,34.03581501875221,34.03581501875221,34.04870404392355,34.200591308089116,34.23148990591657,34.23148990591657,34.23148990591657,34.23148990591657,34.23148990591657,34.23148990591657,34.23148990591657,34.232538477352165,36.123333333333335,36.14835895721925,36.14835895721925,36.14835895721925,36.12103060587133,36.17888888888888,36.17888888888888,36.17888888888888,36.17888888888888,36.17888888888888,35.819649478830364,35.819649478830364,35.23259453247585,35.01214436471084,34.91480911903963,34.91480911903963,34.9113163565647,34.9113163565647,34.9113163565647,34.9113163565647,34.9113163565647,34.9113163565647,34.9113163565647,34.89520491591203,34.854528426296774,34.85221115117261,34.8231805353027,34.8231805353027,34.80875061854394,34.800554093504175,34.800554093504175,34.66849458081977,34.66849458081977,34.41522437278362,34.067031785155706,33.98916787917589,33.74566480757489,33.50732563264883,33.35280955723227,33.293001393716935,33.293001393716935,33.29364078376216,33.31604938544685,33.31604938544685,33.31604938544685,33.31331398471239,33.297010208045585,33.297010208045585,33.29269665778467,33.444554400249764,33.566549053825625,33.64157334922726,33.661636640888155,33.661636640888155,33.661636640888155,33.661636640888155,33.667822619110716,33.84431459840476,33.85154787944051,33.86994408901097,33.974618416212245,33.974618416212245,33.974618416212245,33.978350704012286,34.031517950598,34.031517950598,34.031517950598,34.031517950598,34.031517950598,34.031517950598,34.031517950598,34.12717552549598,34.20418335524293,34.205592664488094,36.123333333333335,35.819649478830364,35.23259453247585,34.41522437278362,34.067031785155706,33.50732563264883,33.84431459840476,,36.14906856820563,34.91480911903963,33.62697950907533,36.01915041160841,35.3005040732631,35.64714033872462,#000000,0.3070666506285778,36.156763546856936,0.36876832085564215,52.58069280756453,6.988079062470732,True,False,False,False,False,6.1725837256706235,36.2441,35.034875,0.0,0.0,0.0,0.0,0,1.1528882739536506,0.7661708751297115,False,False,False,False,0.25344253936986755,0.2535032172929037,False,False,False,False,-2827.0,-1487.5590496525888,False,False,False,False,91.24614658742355,False,False,False,False
2025-07-22 15:00:00+00:00,36.27,36.55,36.27,36.535,312.0,36.45166666666666,36.26417696886447,36.265280045351474,36.1090320855615,36.17028920356635,36.291340267620136,35.524998780428305,35.50781047165729,35.22745388479213,35.22745388479213,35.22745388479213,34.94112294409362,34.941702508960574,34.93999305410849,34.93999305410849,34.90912586770792,34.87616153132399,34.87616153132399,34.87609343507055,34.82516850169548,34.589632826196954,34.3229298629566,34.3229298629566,34.3229298629566,34.3229298629566,34.31524840268038,34.04639736275252,33.841746640192675,33.66720684275931,33.5076123236557,33.31114968121867,33.31114968121867,33.31114968121867,33.31114968121867,33.31114968121867,33.31114968121867,33.315664543678665,33.34873654228683,33.41433965023104,33.64263652998864,33.676957033152064,33.80640087379302,33.87994452226892,34.033375153144846,34.0477510068779,34.0477510068779,34.0477510068779,34.0477510068779,34.0477510068779,34.06051965790413,34.21040197050759,34.240949594406366,34.240949594406366,34.240949594406366,34.240949594406366,34.240949594406366,34.240949594406366,34.240949594406366,34.24198711737654,36.23093837535014,36.20069966814159,36.20069966814159,36.20069966814159,36.174955567171985,36.19669735649019,36.19669735649019,36.19669735649019,36.19669735649019,36.19669735649019,35.83732986640366,35.83732986640366,35.25730063873552,35.0387280260432,34.94116393682899,34.94116393682899,34.93616842486296,34.93616842486296,34.93616842486296,34.93616842486296,34.93616842486296,34.93616842486296,34.93616842486296,34.919934562305855,34.878501635716354,34.87616153132399,34.84673473645172,34.84673473645172,34.832190796292906,34.82248364621912,34.82248364621912,34.689355868861476,34.689355868861476,34.4360664261112,34.08892333117558,34.011324403045336,33.768551645928774,33.53095306069959,33.376857397504466,33.316777686634985,33.316777686634985,33.317355050663075,33.33754084195573,33.33754084195573,33.33754084195573,33.33477703981354,33.31810977962614,33.31810977962614,33.31373488017988,33.462380757855016,33.58281998445495,33.65708609056703,33.676957033152064,33.676957033152064,33.676957033152064,33.676957033152064,33.68308218696745,33.85796084746616,33.86512597775026,33.883364572920144,33.98709805473023,33.98709805473023,33.98709805473023,33.99079586384114,34.043494134191924,34.043494134191924,34.043494134191924,34.043494134191924,34.043494134191924,34.043494134191924,34.043494134191924,34.13810952474284,34.21394713024591,34.21533674926074,36.23093837535014,35.83732986640366,35.25730063873552,34.4360664261112,34.08892333117558,33.53095306069959,33.85796084746616,36.45166666666666,36.17028920356635,34.94116393682899,33.64263652998864,36.11253669759607,35.41962392862428,35.6794584850047,"rgba(38, 166, 154, 1.0)",0.30526055921021583,36.21068045662346,1.0624351348095338,56.70673746703496,6.988079062470732,True,False,True,False,True,10.167825587539824,36.246700000000004,35.045675,0.0,0.0,0.0,0.0,0,1.1514012303485996,0.7566643882433347,False,False,False,False,0.27281278732132314,0.2631580023071134,False,False,False,False,-2515.0,-1503.4883667122385,False,False,False,False,94.66868695040922,False,False,False,False
2025-07-22 16:00:00+00:00,36.535,36.535,36.535,36.535,0.0,36.45166666666666,36.26417696886447,36.265280045351474,36.1090320855615,36.17028920356635,36.291340267620136,35.524998780428305,35.50781047165729,35.22745388479213,35.22745388479213,35.22745388479213,34.94112294409362,34.941702508960574,34.93999305410849,34.93999305410849,34.90912586770792,34.87616153132399,34.87616153132399,34.87609343507055,34.82516850169548,34.589632826196954,34.3229298629566,34.3229298629566,34.3229298629566,34.3229298629566,34.31524840268038,34.04639736275252,33.841746640192675,33.66720684275931,33.5076123236557,33.31114968121867,33.31114968121867,33.31114968121867,33.31114968121867,33.31114968121867,33.31114968121867,33.315664543678665,33.34873654228683,33.41433965023104,33.64263652998864,33.676957033152064,33.80640087379302,33.87994452226892,34.033375153144846,34.0477510068779,34.0477510068779,34.0477510068779,34.0477510068779,34.0477510068779,34.06051965790413,34.21040197050759,34.240949594406366,34.240949594406366,34.240949594406366,34.240949594406366,34.240949594406366,34.240949594406366,34.240949594406366,34.24198711737654,36.23093837535014,36.20069966814159,36.20069966814159,36.20069966814159,36.174955567171985,36.19669735649019,36.19669735649019,36.19669735649019,36.19669735649019,36.19669735649019,35.83732986640366,35.83732986640366,35.25730063873552,35.0387280260432,34.94116393682899,34.94116393682899,34.93616842486296,34.93616842486296,34.93616842486296,34.93616842486296,34.93616842486296,34.93616842486296,34.93616842486296,34.919934562305855,34.878501635716354,34.87616153132399,34.84673473645172,34.84673473645172,34.832190796292906,34.82248364621912,34.82248364621912,34.689355868861476,34.689355868861476,34.4360664261112,34.08892333117558,34.011324403045336,33.768551645928774,33.53095306069959,33.376857397504466,33.316777686634985,33.316777686634985,33.317355050663075,33.33754084195573,33.33754084195573,33.33754084195573,33.33477703981354,33.31810977962614,33.31810977962614,33.31373488017988,33.462380757855016,33.58281998445495,33.65708609056703,33.676957033152064,33.676957033152064,33.676957033152064,33.676957033152064,33.68308218696745,33.85796084746616,33.86512597775026,33.883364572920144,33.98709805473023,33.98709805473023,33.98709805473023,33.99079586384114,34.043494134191924,34.043494134191924,34.043494134191924,34.043494134191924,34.043494134191924,34.043494134191924,34.043494134191924,34.13810952474284,34.21394713024591,34.21533674926074,36.23093837535014,35.83732986640366,35.25730063873552,34.4360664261112,34.08892333117558,33.53095306069959,33.85796084746616,36.45166666666666,36.17028920356635,34.94116393682899,33.64263652998864,36.11253669759607,35.41962392862428,35.6794584850047,"rgba(38, 166, 154, 1.0)",0.3034312335832251,36.21068045662346,1.0688403416703145,59.45743390668192,4.13635526150432,True,False,True,False,True,10.167825587539824,36.2424,35.058,0.0,0.0,0.0,0.0,0,1.1729458198780056,0.7929673484033004,False,False,False,False,0.2961448386483184,0.2796514204777159,False,False,False,False,-2515.0,-1519.1707176159248,False,False,False,False,93.20095536978272,False,False,False,False
2025-07-22 17:00:00+00:00,36.535,36.535,36.535,36.535,0.0,36.45166666666666,36.26417696886447,36.265280045351474,36.1090320855615,36.17028920356635,36.291340267620136,35.524998780428305,35.50781047165729,35.22745388479213,35.22745388479213,35.22745388479213,34.94112294409362,34.941702508960574,34.93999305410849,34.93999305410849,34.90912586770792,34.87616153132399,34.87616153132399,34.87609343507055,34.82516850169548,34.589632826196954,34.3229298629566,34.3229298629566,34.3229298629566,34.3229298629566,34.31524840268038,34.04639736275252,33.841746640192675,33.66720684275931,33.5076123236557,33.31114968121867,33.31114968121867,33.31114968121867,33.31114968121867,33.31114968121867,33.31114968121867,33.315664543678665,33.34873654228683,33.41433965023104,33.64263652998864,33.676957033152064,33.80640087379302,33.87994452226892,34.033375153144846,34.0477510068779,34.0477510068779,34.0477510068779,34.0477510068779,34.0477510068779,34.06051965790413,34.21040197050759,34.240949594406366,34.240949594406366,34.240949594406366,34.240949594406366,34.240949594406366,34.240949594406366,34.240949594406366,34.24198711737654,36.23093837535014,36.20069966814159,36.20069966814159,36.20069966814159,36.174955567171985,36.19669735649019,36.19669735649019,36.19669735649019,36.19669735649019,36.19669735649019,35.83732986640366,35.83732986640366,35.25730063873552,35.0387280260432,34.94116393682899,34.94116393682899,34.93616842486296,34.93616842486296,34.93616842486296,34.93616842486296,34.93616842486296,34.93616842486296,34.93616842486296,34.919934562305855,34.878501635716354,34.87616153132399,34.84673473645172,34.84673473645172,34.832190796292906,34.82248364621912,34.82248364621912,34.689355868861476,34.689355868861476,34.4360664261112,34.08892333117558,34.011324403045336,33.768551645928774,33.53095306069959,33.376857397504466,33.316777686634985,33.316777686634985,33.317355050663075,33.33754084195573,33.33754084195573,33.33754084195573,33.33477703981354,33.31810977962614,33.31810977962614,33.31373488017988,33.462380757855016,33.58281998445495,33.65708609056703,33.676957033152064,33.676957033152064,33.676957033152064,33.676957033152064,33.68308218696745,33.85796084746616,33.86512597775026,33.883364572920144,33.98709805473023,33.98709805473023,33.98709805473023,33.99079586384114,34.043494134191924,34.043494134191924,34.043494134191924,34.043494134191924,34.043494134191924,34.043494134191924,34.043494134191924,34.13810952474284,34.21394713024591,34.21533674926074,36.23093837535014,35.83732986640366,35.25730063873552,34.4360664261112,34.08892333117558,33.53095306069959,33.85796084746616,36.45166666666666,36.17028920356635,34.94116393682899,33.64263652998864,36.11253669759607,35.41962392862428,35.6794584850047,"rgba(38, 166, 154, 1.0)",0.30157825094287755,36.21068045662346,1.075407601053994,61.29123153311323,5.752592628128532,True,False,True,False,True,10.167825587539824,36.2381,35.070325000000004,0.0,0.0,0.0,0.0,0,1.1352709006099755,0.7807678507355572,False,False,False,False,0.2961448386483184,0.2878981295630172,False,False,False,False,-2515.0,-1534.609931296298,False,False,False,False,91.75597931753802,False,False,False,False
2025-07-22 18:00:00+00:00,36.535,36.535,36.535,36.535,0.0,36.45166666666666,36.26417696886447,36.265280045351474,36.1090320855615,36.17028920356635,36.291340267620136,35.524998780428305,35.50781047165729,35.22745388479213,35.22745388479213,35.22745388479213,34.94112294409362,34.941702508960574,34.93999305410849,34.93999305410849,34.90912586770792,34.87616153132399,34.87616153132399,34.87609343507055,34.82516850169548,34.589632826196954,34.3229298629566,34.3229298629566,34.3229298629566,34.3229298629566,34.31524840268038,34.04639736275252,33.841746640192675,33.66720684275931,33.5076123236557,33.31114968121867,33.31114968121867,33.31114968121867,33.31114968121867,33.31114968121867,33.31114968121867,33.315664543678665,33.34873654228683,33.41433965023104,33.64263652998864,33.676957033152064,33.80640087379302,33.87994452226892,34.033375153144846,34.0477510068779,34.0477510068779,34.0477510068779,34.0477510068779,34.0477510068779,34.06051965790413,34.21040197050759,34.240949594406366,34.240949594406366,34.240949594406366,34.240949594406366,34.240949594406366,34.240949594406366,34.240949594406366,34.24198711737654,36.23093837535014,36.20069966814159,36.20069966814159,36.20069966814159,36.174955567171985,36.19669735649019,36.19669735649019,36.19669735649019,36.19669735649019,36.19669735649019,35.83732986640366,35.83732986640366,35.25730063873552,35.0387280260432,34.94116393682899,34.94116393682899,34.93616842486296,34.93616842486296,34.93616842486296,34.93616842486296,34.93616842486296,34.93616842486296,34.93616842486296,34.919934562305855,34.878501635716354,34.87616153132399,34.84673473645172,34.84673473645172,34.832190796292906,34.82248364621912,34.82248364621912,34.689355868861476,34.689355868861476,34.4360664261112,34.08892333117558,34.011324403045336,33.768551645928774,33.53095306069959,33.376857397504466,33.316777686634985,33.316777686634985,33.317355050663075,33.33754084195573,33.33754084195573,33.33754084195573,33.33477703981354,33.31810977962614,33.31810977962614,33.31373488017988,33.462380757855016,33.58281998445495,33.65708609056703,33.676957033152064,33.676957033152064,33.676957033152064,33.676957033152064,33.68308218696745,33.85796084746616,33.86512597775026,33.883364572920144,33.98709805473023,33.98709805473023,33.98709805473023,33.99079586384114,34.043494134191924,34.043494134191924,34.043494134191924,34.043494134191924,34.043494134191924,34.043494134191924,34.043494134191924,34.13810952474284,34.21394713024591,34.21533674926074,36.23093837535014,35.83732986640366,35.25730063873552,34.4360664261112,34.08892333117558,33.53095306069959,33.85796084746616,36.45166666666666,36.17028920356635,34.94116393682899,33.64263652998864,36.11253669759607,35.41962392862428,35.6794584850047,"rgba(38, 166, 154, 1.0)",0.299701172492061,36.21068045662346,1.082143058299615,62.51376328406744,6.935178193910154,True,False,True,False,True,10.167825587539824,36.2338,35.08265,0.0,0.0,0.0,0.0,0,1.1352709006099755,0.7807678507355572,False,False,False,False,0.2961448386483184,0.2920214841056678,False,False,False,False,-2515.0,-1549.809777322712,False,False,False,False,90.3334059947855,False,False,False,False
2025-07-22 19:00:00+00:00,36.535,36.535,36.535,36.535,0.0,36.45166666666666,36.26417696886447,36.265280045351474,36.1090320855615,36.17028920356635,36.291340267620136,35.524998780428305,35.50781047165729,35.22745388479213,35.22745388479213,35.22745388479213,34.94112294409362,34.941702508960574,34.93999305410849,34.93999305410849,34.90912586770792,34.87616153132399,34.87616153132399,34.87609343507055,34.82516850169548,34.589632826196954,34.3229298629566,34.3229298629566,34.3229298629566,34.3229298629566,34.31524840268038,34.04639736275252,33.841746640192675,33.66720684275931,33.5076123236557,33.31114968121867,33.31114968121867,33.31114968121867,33.31114968121867,33.31114968121867,33.31114968121867,33.315664543678665,33.34873654228683,33.41433965023104,33.64263652998864,33.676957033152064,33.80640087379302,33.87994452226892,34.033375153144846,34.0477510068779,34.0477510068779,34.0477510068779,34.0477510068779,34.0477510068779,34.06051965790413,34.21040197050759,34.240949594406366,34.240949594406366,34.240949594406366,34.240949594406366,34.240949594406366,34.240949594406366,34.240949594406366,34.24198711737654,36.23093837535014,36.20069966814159,36.20069966814159,36.20069966814159,36.174955567171985,36.19669735649019,36.19669735649019,36.19669735649019,36.19669735649019,36.19669735649019,35.83732986640366,35.83732986640366,35.25730063873552,35.0387280260432,34.94116393682899,34.94116393682899,34.93616842486296,34.93616842486296,34.93616842486296,34.93616842486296,34.93616842486296,34.93616842486296,34.93616842486296,34.919934562305855,34.878501635716354,34.87616153132399,34.84673473645172,34.84673473645172,34.832190796292906,34.82248364621912,34.82248364621912,34.689355868861476,34.689355868861476,34.4360664261112,34.08892333117558,34.011324403045336,33.768551645928774,33.53095306069959,33.376857397504466,33.316777686634985,33.316777686634985,33.317355050663075,33.33754084195573,33.33754084195573,33.33754084195573,33.33477703981354,33.31810977962614,33.31810977962614,33.31373488017988,33.462380757855016,33.58281998445495,33.65708609056703,33.676957033152064,33.676957033152064,33.676957033152064,33.676957033152064,33.68308218696745,33.85796084746616,33.86512597775026,33.883364572920144,33.98709805473023,33.98709805473023,33.98709805473023,33.99079586384114,34.043494134191924,34.043494134191924,34.043494134191924,34.043494134191924,34.043494134191924,34.043494134191924,34.043494134191924,34.13810952474284,34.21394713024591,34.21533674926074,36.23093837535014,35.83732986640366,35.25730063873552,34.4360664261112,34.08892333117558,33.53095306069959,33.85796084746616,36.45166666666666,36.17028920356635,34.94116393682899,33.64263652998864,36.11253669759607,35.41962392862428,35.6794584850047,"rgba(38, 166, 154, 1.0)",0.29779954259180863,36.21068045662346,1.0890531951591391,63.32878445137023,7.866275089578515,True,False,True,False,True,10.167825587539824,36.2295,35.096475,0.0,0.0,0.0,0.0,0,1.1568555758683734,0.7765996343692863,False,False,False,False,0.2961448386483184,0.2940831613769931,False,False,False,False,-2515.0,-1564.7739668215847,False,False,False,False,88.93288807238572,False,False,False,False
2025-07-23 14:00:00+00:00,36.535,36.535,36.45,36.45,102.0,36.45823671497585,36.27819747539581,36.27910411365564,36.118836543466955,36.17719329085184,36.294389555022654,35.53206154367615,35.514897623138594,35.23558217069079,35.23558217069079,35.23558217069079,34.94946845504223,34.95000070591558,34.94812398521435,34.94812398521435,34.91709773549823,34.88396655204254,34.88396655204254,34.88389804202484,34.832197673933884,34.59640879087382,34.32978158340346,34.32978158340346,34.32978158340346,34.32978158340346,34.3221031783018,34.053596615974,33.84914219191142,33.67476781900166,33.51533634973235,33.31899152830373,33.31899152830373,33.31899152830373,33.31899152830373,33.31899152830373,33.31899152830373,33.323457379134865,33.35613117437668,33.42042077714864,33.647765827274355,33.68197697979071,33.81102594779894,33.88435692959967,34.03733673809789,34.051670619173336,34.051670619173336,34.051670619173336,34.051670619173336,34.051670619173336,34.06440009021199,34.213628721410885,34.24406181813224,34.24406181813224,34.24406181813224,34.24406181813224,34.24406181813224,34.24406181813224,34.24406181813224,34.24509573583724,36.2548798228969,36.21552617801047,36.21552617801047,36.21552617801047,36.19031265508685,36.2025828040702,36.2025828040702,36.2025828040702,36.2025828040702,36.2025828040702,35.84313904931142,35.84313904931142,35.265337377126755,35.047367182443956,34.94973363941117,34.94973363941117,34.9442600308642,34.9442600308642,34.9442600308642,34.9442600308642,34.9442600308642,34.9442600308642,34.9442600308642,34.927987486701454,34.88631391229415,34.88396655204254,34.85441355603747,34.85441355603747,34.83983333333333,34.82964240805889,34.82964240805889,34.69617203939587,34.69617203939587,34.44287687579691,34.09607305601189,34.018559865432174,33.77602367242482,33.53866515314761,33.38470592370226,33.3245387194853,33.3245387194853,33.325096036109585,33.3445627570889,33.3445627570889,33.3445627570889,33.3417897629931,33.32500481283423,33.32500481283423,33.320610046148396,33.46821443245533,33.58814866937305,33.662168521135065,33.68197697979071,33.68197697979071,33.68197697979071,33.68197697979071,33.68808237316077,33.86243674118731,33.86957971305085,33.887767068072705,33.99119455639745,33.99119455639745,33.99119455639745,33.99488114789293,34.047426828817706,34.047426828817706,34.047426828817706,34.047426828817706,34.047426828817706,34.047426828817706,34.047426828817706,34.14170276928946,34.21715857897665,34.21854177080442,36.2548798228969,35.84313904931142,35.265337377126755,34.44287687579691,34.09607305601189,33.53866515314761,33.86243674118731,36.45823671497585,36.17719329085184,34.94973363941117,33.647765827274355,36.122193999558625,35.427825352959225,35.68900875464193,"rgba(38, 166, 154, 0.5)",0.29517948426042434,36.2215165225853,0.7740493143931523,60.93511244873214,7.866275089578515,True,False,True,False,True,8.448947227044798,36.2235,35.109874999999995,0.0,0.0,0.0,0.0,0,1.1497093023255824,0.7590843023255807,False,False,False,False,0.2881779129389471,0.2911305371579701,False,False,False,False,-2617.0,-1581.0875487313276,False,False,False,False,89.13547895498439,False,False,False,False
2025-07-23 15:00:00+00:00,36.45,36.45,36.45,36.45,0.0,36.45823671497585,36.27819747539581,36.27910411365564,36.118836543466955,36.17719329085184,36.294389555022654,35.53206154367615,35.514897623138594,35.23558217069079,35.23558217069079,35.23558217069079,34.94946845504223,34.95000070591558,34.94812398521435,34.94812398521435,34.91709773549823,34.88396655204254,34.88396655204254,34.88389804202484,34.832197673933884,34.59640879087382,34.32978158340346,34.32978158340346,34.32978158340346,34.32978158340346,34.3221031783018,34.053596615974,33.84914219191142,33.67476781900166,33.51533634973235,33.31899152830373,33.31899152830373,33.31899152830373,33.31899152830373,33.31899152830373,33.31899152830373,33.323457379134865,33.35613117437668,33.42042077714864,33.647765827274355,33.68197697979071,33.81102594779894,33.88435692959967,34.03733673809789,34.051670619173336,34.051670619173336,34.051670619173336,34.051670619173336,34.051670619173336,34.06440009021199,34.213628721410885,34.24406181813224,34.24406181813224,34.24406181813224,34.24406181813224,34.24406181813224,34.24406181813224,34.24406181813224,34.24509573583724,36.2548798228969,36.21552617801047,36.21552617801047,36.21552617801047,36.19031265508685,36.2025828040702,36.2025828040702,36.2025828040702,36.2025828040702,36.2025828040702,35.84313904931142,35.84313904931142,35.265337377126755,35.047367182443956,34.94973363941117,34.94973363941117,34.9442600308642,34.9442600308642,34.9442600308642,34.9442600308642,34.9442600308642,34.9442600308642,34.9442600308642,34.927987486701454,34.88631391229415,34.88396655204254,34.85441355603747,34.85441355603747,34.83983333333333,34.82964240805889,34.82964240805889,34.69617203939587,34.69617203939587,34.44287687579691,34.09607305601189,34.018559865432174,33.77602367242482,33.53866515314761,33.38470592370226,33.3245387194853,33.3245387194853,33.325096036109585,33.3445627570889,33.3445627570889,33.3445627570889,33.3417897629931,33.32500481283423,33.32500481283423,33.320610046148396,33.46821443245533,33.58814866937305,33.662168521135065,33.68197697979071,33.68197697979071,33.68197697979071,33.68197697979071,33.68808237316077,33.86243674118731,33.86957971305085,33.887767068072705,33.99119455639745,33.99119455639745,33.99119455639745,33.99488114789293,34.047426828817706,34.047426828817706,34.047426828817706,34.047426828817706,34.047426828817706,34.047426828817706,34.047426828817706,34.14170276928946,34.21715857897665,34.21854177080442,36.2548798228969,35.84313904931142,35.265337377126755,34.44287687579691,34.09607305601189,33.53866515314761,33.86243674118731,36.45823671497585,36.17719329085184,34.94973363941117,33.647765827274355,36.122193999558625,35.427825352959225,35.68900875464193,"rgba(38, 166, 154, 0.5)",0.29250337643443824,36.2215165225853,0.7811310768438876,59.33933111364009,7.866275089578515,True,False,True,False,False,8.448947227044776,36.2175,35.12327500000001,0.0,0.0,0.0,0.0,0,1.1497093023255824,0.7652616279069755,False,False,False,False,0.25951958933143937,0.27532506324470474,False,False,False,False,-2617.0,-1597.1482068905318,False,False,False,False,87.7535335448296,False,False,False,False
2025-07-23 16:00:00+00:00,36.45,36.45,36.45,36.45,0.0,36.45823671497585,36.27819747539581,36.27910411365564,36.118836543466955,36.17719329085184,36.294389555022654,35.53206154367615,35.514897623138594,35.23558217069079,35.23558217069079,35.23558217069079,34.94946845504223,34.95000070591558,34.94812398521435,34.94812398521435,34.91709773549823,34.88396655204254,34.88396655204254,34.88389804202484,34.832197673933884,34.59640879087382,34.32978158340346,34.32978158340346,34.32978158340346,34.32978158340346,34.3221031783018,34.053596615974,33.84914219191142,33.67476781900166,33.51533634973235,33.31899152830373,33.31899152830373,33.31899152830373,33.31899152830373,33.31899152830373,33.31899152830373,33.323457379134865,33.35613117437668,33.42042077714864,33.647765827274355,33.68197697979071,33.81102594779894,33.88435692959967,34.03733673809789,34.051670619173336,34.051670619173336,34.051670619173336,34.051670619173336,34.051670619173336,34.06440009021199,34.213628721410885,34.24406181813224,34.24406181813224,34.24406181813224,34.24406181813224,34.24406181813224,34.24406181813224,34.24406181813224,34.24509573583724,36.2548798228969,36.21552617801047,36.21552617801047,36.21552617801047,36.19031265508685,36.2025828040702,36.2025828040702,36.2025828040702,36.2025828040702,36.2025828040702,35.84313904931142,35.84313904931142,35.265337377126755,35.047367182443956,34.94973363941117,34.94973363941117,34.9442600308642,34.9442600308642,34.9442600308642,34.9442600308642,34.9442600308642,34.9442600308642,34.9442600308642,34.927987486701454,34.88631391229415,34.88396655204254,34.85441355603747,34.85441355603747,34.83983333333333,34.82964240805889,34.82964240805889,34.69617203939587,34.69617203939587,34.44287687579691,34.09607305601189,34.018559865432174,33.77602367242482,33.53866515314761,33.38470592370226,33.3245387194853,33.3245387194853,33.325096036109585,33.3445627570889,33.3445627570889,33.3445627570889,33.3417897629931,33.32500481283423,33.32500481283423,33.320610046148396,33.46821443245533,33.58814866937305,33.662168521135065,33.68197697979071,33.68197697979071,33.68197697979071,33.68197697979071,33.68808237316077,33.86243674118731,33.86957971305085,33.887767068072705,33.99119455639745,33.99119455639745,33.99119455639745,33.99488114789293,34.047426828817706,34.047426828817706,34.047426828817706,34.047426828817706,34.047426828817706,34.047426828817706,34.047426828817706,34.14170276928946,34.21715857897665,34.21854177080442,36.2548798228969,35.84313904931142,35.265337377126755,34.44287687579691,34.09607305601189,33.53866515314761,33.86243674118731,36.45823671497585,36.17719329085184,34.94973363941117,33.647765827274355,36.122193999558625,35.427825352959225,35.68900875464193,"rgba(38, 166, 154, 0.5)",0.2897696662174636,36.2215165225853,0.7885003299249261,58.27547689024539,7.866275089578515,True,False,True,False,False,8.448947227044798,36.2168,35.136675,0.0,0.0,0.0,0.0,0,1.1663974151857845,0.777867528271404,False,False,False,False,0.25951958933143937,0.26742232628807205,False,False,False,False,-2617.0,-1612.9598625976555,False,False,False,False,86.39301364490976,False,False,False,False
2025-07-23 17:00:00+00:00,36.45,36.45,36.45,36.45,0.0,36.45823671497585,36.27819747539581,36.27910411365564,36.118836543466955,36.17719329085184,36.294389555022654,35.53206154367615,35.514897623138594,35.23558217069079,35.23558217069079,35.23558217069079,34.94946845504223,34.95000070591558,34.94812398521435,34.94812398521435,34.91709773549823,34.88396655204254,34.88396655204254,34.88389804202484,34.832197673933884,34.59640879087382,34.32978158340346,34.32978158340346,34.32978158340346,34.32978158340346,34.3221031783018,34.053596615974,33.84914219191142,33.67476781900166,33.51533634973235,33.31899152830373,33.31899152830373,33.31899152830373,33.31899152830373,33.31899152830373,33.31899152830373,33.323457379134865,33.35613117437668,33.42042077714864,33.647765827274355,33.68197697979071,33.81102594779894,33.88435692959967,34.03733673809789,34.051670619173336,34.051670619173336,34.051670619173336,34.051670619173336,34.051670619173336,34.06440009021199,34.213628721410885,34.24406181813224,34.24406181813224,34.24406181813224,34.24406181813224,34.24406181813224,34.24406181813224,34.24406181813224,34.24509573583724,36.2548798228969,36.21552617801047,36.21552617801047,36.21552617801047,36.19031265508685,36.2025828040702,36.2025828040702,36.2025828040702,36.2025828040702,36.2025828040702,35.84313904931142,35.84313904931142,35.265337377126755,35.047367182443956,34.94973363941117,34.94973363941117,34.9442600308642,34.9442600308642,34.9442600308642,34.9442600308642,34.9442600308642,34.9442600308642,34.9442600308642,34.927987486701454,34.88631391229415,34.88396655204254,34.85441355603747,34.85441355603747,34.83983333333333,34.82964240805889,34.82964240805889,34.69617203939587,34.69617203939587,34.44287687579691,34.09607305601189,34.018559865432174,33.77602367242482,33.53866515314761,33.38470592370226,33.3245387194853,33.3245387194853,33.325096036109585,33.3445627570889,33.3445627570889,33.3445627570889,33.3417897629931,33.32500481283423,33.32500481283423,33.320610046148396,33.46821443245533,33.58814866937305,33.662168521135065,33.68197697979071,33.68197697979071,33.68197697979071,33.68197697979071,33.68808237316077,33.86243674118731,33.86957971305085,33.887767068072705,33.99119455639745,33.99119455639745,33.99119455639745,33.99488114789293,34.047426828817706,34.047426828817706,34.047426828817706,34.047426828817706,34.047426828817706,34.047426828817706,34.047426828817706,34.14170276928946,34.21715857897665,34.21854177080442,36.2548798228969,35.84313904931142,35.265337377126755,34.44287687579691,34.09607305601189,33.53866515314761,33.86243674118731,36.45823671497585,36.17719329085184,34.94973363941117,33.647765827274355,36.122193999558625,35.427825352959225,35.68900875464193,"rgba(38, 166, 154, 0.5)",0.2889786768534942,36.2215165225853,0.790658604650411,57.56624074131558,12.479251198008157,True,False,True,False,False,8.448947227044776,36.216100000000004,35.150075,0.0,0.0,0.0,0.0,0,1.127676767676769,0.7781818181818169,False,False,False,False,0.25951958933143937,0.2634709578097557,False,False,False,False,-2617.0,-1628.5263763558314,False,False,False,False,85.05358707677162,False,False,False,False
2025-07-23 18:00:00+00:00,36.45,36.45,36.245,36.245,0.0,36.45823671497585,36.27819747539581,36.27910411365564,36.118836543466955,36.17719329085184,36.294389555022654,35.53206154367615,35.514897623138594,35.23558217069079,35.23558217069079,35.23558217069079,34.94946845504223,34.95000070591558,34.94812398521435,34.94812398521435,34.91709773549823,34.88396655204254,34.88396655204254,34.88389804202484,34.832197673933884,34.59640879087382,34.32978158340346,34.32978158340346,34.32978158340346,34.32978158340346,34.3221031783018,34.053596615974,33.84914219191142,33.67476781900166,33.51533634973235,33.31899152830373,33.31899152830373,33.31899152830373,33.31899152830373,33.31899152830373,33.31899152830373,33.323457379134865,33.35613117437668,33.42042077714864,33.647765827274355,33.68197697979071,33.81102594779894,33.88435692959967,34.03733673809789,34.051670619173336,34.051670619173336,34.051670619173336,34.051670619173336,34.051670619173336,34.06440009021199,34.213628721410885,34.24406181813224,34.24406181813224,34.24406181813224,34.24406181813224,34.24406181813224,34.24406181813224,34.24406181813224,34.24509573583724,36.2548798228969,36.21552617801047,36.21552617801047,36.21552617801047,36.19031265508685,36.2025828040702,36.2025828040702,36.2025828040702,36.2025828040702,36.2025828040702,35.84313904931142,35.84313904931142,35.265337377126755,35.047367182443956,34.94973363941117,34.94973363941117,34.9442600308642,34.9442600308642,34.9442600308642,34.9442600308642,34.9442600308642,34.9442600308642,34.9442600308642,34.927987486701454,34.88631391229415,34.88396655204254,34.85441355603747,34.85441355603747,34.83983333333333,34.82964240805889,34.82964240805889,34.69617203939587,34.69617203939587,34.44287687579691,34.09607305601189,34.018559865432174,33.77602367242482,33.53866515314761,33.38470592370226,33.3245387194853,33.3245387194853,33.325096036109585,33.3445627570889,33.3445627570889,33.3445627570889,33.3417897629931,33.32500481283423,33.32500481283423,33.320610046148396,33.46821443245533,33.58814866937305,33.662168521135065,33.68197697979071,33.68197697979071,33.68197697979071,33.68197697979071,33.68808237316077,33.86243674118731,33.86957971305085,33.887767068072705,33.99119455639745,33.99119455639745,33.99119455639745,33.99488114789293,34.047426828817706,34.047426828817706,34.047426828817706,34.047426828817706,34.047426828817706,34.047426828817706,34.047426828817706,34.14170276928946,34.21715857897665,34.21854177080442,36.2548798228969,35.84313904931142,35.265337377126755,34.44287687579691,34.09607305601189,33.53866515314761,33.86243674118731,36.45823671497585,36.17719329085184,34.94973363941117,33.647765827274355,36.122193999558625,35.427825352959225,35.68900875464193,#000000,0.28775845413861895,36.2215165225853,0.08160829708720879,50.65824766055951,5.911592163583315,False,False,False,False,False,4.2659563165583165,36.2113,35.16245,0.0,0.0,0.0,0.0,0,1.1119968114786776,0.7811877241929043,False,False,False,False,0.23439250454567112,0.24893173117771342,False,False,False,False,-2617.0,-1643.851548815431,False,False,False,False,83.73492681201547,False,False,False,False
2025-07-23 19:00:00+00:00,36.245,36.245,36.245,36.245,0.0,36.45823671497585,36.27819747539581,36.27910411365564,36.118836543466955,36.17719329085184,36.294389555022654,35.53206154367615,35.514897623138594,35.23558217069079,35.23558217069079,35.23558217069079,34.94946845504223,34.95000070591558,34.94812398521435,34.94812398521435,34.91709773549823,34.88396655204254,34.88396655204254,34.88389804202484,34.832197673933884,34.59640879087382,34.32978158340346,34.32978158340346,34.32978158340346,34.32978158340346,34.3221031783018,34.053596615974,33.84914219191142,33.67476781900166,33.51533634973235,33.31899152830373,33.31899152830373,33.31899152830373,33.31899152830373,33.31899152830373,33.31899152830373,33.323457379134865,33.35613117437668,33.42042077714864,33.647765827274355,33.68197697979071,33.81102594779894,33.88435692959967,34.03733673809789,34.051670619173336,34.051670619173336,34.051670619173336,34.051670619173336,34.051670619173336,34.06440009021199,34.213628721410885,34.24406181813224,34.24406181813224,34.24406181813224,34.24406181813224,34.24406181813224,34.24406181813224,34.24406181813224,34.24509573583724,36.2548798228969,36.21552617801047,36.21552617801047,36.21552617801047,36.19031265508685,36.2025828040702,36.2025828040702,36.2025828040702,36.2025828040702,36.2025828040702,35.84313904931142,35.84313904931142,35.265337377126755,35.047367182443956,34.94973363941117,34.94973363941117,34.9442600308642,34.9442600308642,34.9442600308642,34.9442600308642,34.9442600308642,34.9442600308642,34.9442600308642,34.927987486701454,34.88631391229415,34.88396655204254,34.85441355603747,34.85441355603747,34.83983333333333,34.82964240805889,34.82964240805889,34.69617203939587,34.69617203939587,34.44287687579691,34.09607305601189,34.018559865432174,33.77602367242482,33.53866515314761,33.38470592370226,33.3245387194853,33.3245387194853,33.325096036109585,33.3445627570889,33.3445627570889,33.3445627570889,33.3417897629931,33.32500481283423,33.32500481283423,33.320610046148396,33.46821443245533,33.58814866937305,33.662168521135065,33.68197697979071,33.68197697979071,33.68197697979071,33.68197697979071,33.68808237316077,33.86243674118731,33.86957971305085,33.887767068072705,33.99119455639745,33.99119455639745,33.99119455639745,33.99488114789293,34.047426828817706,34.047426828817706,34.047426828817706,34.047426828817706,34.047426828817706,34.047426828817706,34.047426828817706,34.14170276928946,34.21715857897665,34.21854177080442,36.2548798228969,35.84313904931142,35.265337377126755,34.44287687579691,34.09607305601189,33.53866515314761,33.86243674118731,36.45823671497585,36.17719329085184,34.94973363941117,33.647765827274355,36.122193999558625,35.427825352959225,35.68900875464193,#000000,0.2864783060200872,36.2215165225853,0.0819729694054172,46.05291894005546,1.7744763246607036,False,True,False,True,False,4.2659563165583165,36.2065,35.174825,0.0,0.0,0.0,0.0,0,1.1119968114786776,0.7947389398166589,False,False,False,False,0.2095528279636975,0.22924227957070548,False,False,False,False,-2617.0,-1658.9391217020136,False,False,False,False,82.43671089244934,False,False,False,False
2025-07-24 14:00:00+00:00,36.245,36.245,36.245,36.245,0.0,36.45823671497585,36.27819747539581,36.27910411365564,36.118836543466955,36.17719329085184,36.294389555022654,35.53206154367615,35.514897623138594,35.23558217069079,35.23558217069079,35.23558217069079,34.94946845504223,34.95000070591558,34.94812398521435,34.94812398521435,34.91709773549823,34.88396655204254,34.88396655204254,34.88389804202484,34.832197673933884,34.59640879087382,34.32978158340346,34.32978158340346,34.32978158340346,34.32978158340346,34.3221031783018,34.053596615974,33.84914219191142,33.67476781900166,33.51533634973235,33.31899152830373,33.31899152830373,33.31899152830373,33.31899152830373,33.31899152830373,33.31899152830373,33.323457379134865,33.35613117437668,33.42042077714864,33.647765827274355,33.68197697979071,33.81102594779894,33.88435692959967,34.03733673809789,34.051670619173336,34.051670619173336,34.051670619173336,34.051670619173336,34.051670619173336,34.06440009021199,34.213628721410885,34.24406181813224,34.24406181813224,34.24406181813224,34.24406181813224,34.24406181813224,34.24406181813224,34.24406181813224,34.24509573583724,36.2548798228969,36.21552617801047,36.21552617801047,36.21552617801047,36.19031265508685,36.2025828040702,36.2025828040702,36.2025828040702,36.2025828040702,36.2025828040702,35.84313904931142,35.84313904931142,35.265337377126755,35.047367182443956,34.94973363941117,34.94973363941117,34.9442600308642,34.9442600308642,34.9442600308642,34.9442600308642,34.9442600308642,34.9442600308642,34.9442600308642,34.927987486701454,34.88631391229415,34.88396655204254,34.85441355603747,34.85441355603747,34.83983333333333,34.82964240805889,34.82964240805889,34.69617203939587,34.69617203939587,34.44287687579691,34.09607305601189,34.018559865432174,33.77602367242482,33.53866515314761,33.38470592370226,33.3245387194853,33.3245387194853,33.325096036109585,33.3445627570889,33.3445627570889,33.3445627570889,33.3417897629931,33.32500481283423,33.32500481283423,33.320610046148396,33.46821443245533,33.58814866937305,33.662168521135065,33.68197697979071,33.68197697979071,33.68197697979071,33.68197697979071,33.68808237316077,33.86243674118731,33.86957971305085,33.887767068072705,33.99119455639745,33.99119455639745,33.99119455639745,33.99488114789293,34.047426828817706,34.047426828817706,34.047426828817706,34.047426828817706,34.047426828817706,34.047426828817706,34.047426828817706,34.14170276928946,34.21715857897665,34.21854177080442,36.2548798228969,35.84313904931142,35.265337377126755,34.44287687579691,34.09607305601189,33.53866515314761,33.86243674118731,36.45823671497585,36.17719329085184,34.94973363941117,33.647765827274355,36.122193999558625,35.427825352959225,35.68900875464193,#000000,0.28513742537883274,36.2215165225853,0.08235845358952891,42.982699793052774,-0.9179269588138084,False,True,False,True,False,4.2659563165583165,36.201699999999995,35.183525,0.0,0.0,0.0,0.0,0,1.1119968114786776,0.7947389398166589,False,False,False,False,0.2095528279636975,0.2193975537672015,False,False,False,False,-2617.0,-1673.7927787298895,False,False,False,False,81.15862235148113,False,False,False,False
2025-07-24 15:00:00+00:00,36.245,36.245,36.245,36.245,0.0,36.45823671497585,36.27819747539581,36.27910411365564,36.118836543466955,36.17719329085184,36.294389555022654,35.53206154367615,35.514897623138594,35.23558217069079,35.23558217069079,35.23558217069079,34.94946845504223,34.95000070591558,34.94812398521435,34.94812398521435,34.91709773549823,34.88396655204254,34.88396655204254,34.88389804202484,34.832197673933884,34.59640879087382,34.32978158340346,34.32978158340346,34.32978158340346,34.32978158340346,34.3221031783018,34.053596615974,33.84914219191142,33.67476781900166,33.51533634973235,33.31899152830373,33.31899152830373,33.31899152830373,33.31899152830373,33.31899152830373,33.31899152830373,33.323457379134865,33.35613117437668,33.42042077714864,33.647765827274355,33.68197697979071,33.81102594779894,33.88435692959967,34.03733673809789,34.051670619173336,34.051670619173336,34.051670619173336,34.051670619173336,34.051670619173336,34.06440009021199,34.213628721410885,34.24406181813224,34.24406181813224,34.24406181813224,34.24406181813224,34.24406181813224,34.24406181813224,34.24406181813224,34.24509573583724,36.2548798228969,36.21552617801047,36.21552617801047,36.21552617801047,36.19031265508685,36.2025828040702,36.2025828040702,36.2025828040702,36.2025828040702,36.2025828040702,35.84313904931142,35.84313904931142,35.265337377126755,35.047367182443956,34.94973363941117,34.94973363941117,34.9442600308642,34.9442600308642,34.9442600308642,34.9442600308642,34.9442600308642,34.9442600308642,34.9442600308642,34.927987486701454,34.88631391229415,34.88396655204254,34.85441355603747,34.85441355603747,34.83983333333333,34.82964240805889,34.82964240805889,34.69617203939587,34.69617203939587,34.44287687579691,34.09607305601189,34.018559865432174,33.77602367242482,33.53866515314761,33.38470592370226,33.3245387194853,33.3245387194853,33.325096036109585,33.3445627570889,33.3445627570889,33.3445627570889,33.3417897629931,33.32500481283423,33.32500481283423,33.320610046148396,33.46821443245533,33.58814866937305,33.662168521135065,33.68197697979071,33.68197697979071,33.68197697979071,33.68197697979071,33.68808237316077,33.86243674118731,33.86957971305085,33.887767068072705,33.99119455639745,33.99119455639745,33.99119455639745,33.99488114789293,34.047426828817706,34.047426828817706,34.047426828817706,34.047426828817706,34.047426828817706,34.047426828817706,34.047426828817706,34.14170276928946,34.21715857897665,34.21854177080442,36.2548798228969,35.84313904931142,35.265337377126755,34.44287687579691,34.09607305601189,33.53866515314761,33.86243674118731,36.45823671497585,36.17719329085184,34.94973363941117,33.647765827274355,36.122193999558625,35.427825352959225,35.68900875464193,#000000,0.28373495118303577,36.2215165225853,0.08276554339458626,40.935887028384315,-2.762231224282722,False,True,False,True,False,4.2659563165583165,36.2015,35.1922,0.0,0.0,0.0,0.0,0,1.1341463414634152,0.7906504065040639,False,False,False,False,0.2095528279636975,0.2144751908654495,False,False,False,False,-2617.0,-1688.4161465015193,False,False,False,False,79.90034913672947,False,False,False,False
2025-07-24 16:00:00+00:00,36.245,36.245,36.245,36.245,0.0,36.45823671497585,36.27819747539581,36.27910411365564,36.118836543466955,36.17719329085184,36.294389555022654,35.53206154367615,35.514897623138594,35.23558217069079,35.23558217069079,35.23558217069079,34.94946845504223,34.95000070591558,34.94812398521435,34.94812398521435,34.91709773549823,34.88396655204254,34.88396655204254,34.88389804202484,34.832197673933884,34.59640879087382,34.32978158340346,34.32978158340346,34.32978158340346,34.32978158340346,34.3221031783018,34.053596615974,33.84914219191142,33.67476781900166,33.51533634973235,33.31899152830373,33.31899152830373,33.31899152830373,33.31899152830373,33.31899152830373,33.31899152830373,33.323457379134865,33.35613117437668,33.42042077714864,33.647765827274355,33.68197697979071,33.81102594779894,33.88435692959967,34.03733673809789,34.051670619173336,34.051670619173336,34.051670619173336,34.051670619173336,34.051670619173336,34.06440009021199,34.213628721410885,34.24406181813224,34.24406181813224,34.24406181813224,34.24406181813224,34.24406181813224,34.24406181813224,34.24406181813224,34.24509573583724,36.2548798228969,36.21552617801047,36.21552617801047,36.21552617801047,36.19031265508685,36.2025828040702,36.2025828040702,36.2025828040702,36.2025828040702,36.2025828040702,35.84313904931142,35.84313904931142,35.265337377126755,35.047367182443956,34.94973363941117,34.94973363941117,34.9442600308642,34.9442600308642,34.9442600308642,34.9442600308642,34.9442600308642,34.9442600308642,34.9442600308642,34.927987486701454,34.88631391229415,34.88396655204254,34.85441355603747,34.85441355603747,34.83983333333333,34.82964240805889,34.82964240805889,34.69617203939587,34.69617203939587,34.44287687579691,34.09607305601189,34.018559865432174,33.77602367242482,33.53866515314761,33.38470592370226,33.3245387194853,33.3245387194853,33.325096036109585,33.3445627570889,33.3445627570889,33.3445627570889,33.3417897629931,33.32500481283423,33.32500481283423,33.320610046148396,33.46821443245533,33.58814866937305,33.662168521135065,33.68197697979071,33.68197697979071,33.68197697979071,33.68197697979071,33.68808237316077,33.86243674118731,33.86957971305085,33.887767068072705,33.99119455639745,33.99119455639745,33.99119455639745,33.99488114789293,34.047426828817706,34.047426828817706,34.047426828817706,34.047426828817706,34.047426828817706,34.047426828817706,34.047426828817706,34.14170276928946,34.21715857897665,34.21854177080442,36.2548798228969,35.84313904931142,35.265337377126755,34.44287687579691,34.09607305601189,33.53866515314761,33.86243674118731,36.45823671497585,36.17719329085184,34.94973363941117,33.647765827274355,36.122193999558625,35.427825352959225,35.68900875464193,#000000,0.2837616211857668,36.2215165225853,0.08275776448051343,39.57134518527201,-4.112788713489408,False,True,False,True,False,4.2659563165583165,36.20419999999999,35.200250000000004,0.0,0.0,0.0,0.0,0,1.1364764267990082,0.7985938792390395,False,False,False,False,0.2095528279636975,0.2120140094145735,False,False,False,False,-2617.0,-1702.8127953929686,False,False,False,False,78.66158403383444,False,False,False,False
2025-07-24 17:00:00+00:00,36.245,36.245,36.245,36.245,0.0,36.45823671497585,36.27819747539581,36.27910411365564,36.118836543466955,36.17719329085184,36.294389555022654,35.53206154367615,35.514897623138594,35.23558217069079,35.23558217069079,35.23558217069079,34.94946845504223,34.95000070591558,34.94812398521435,34.94812398521435,34.91709773549823,34.88396655204254,34.88396655204254,34.88389804202484,34.832197673933884,34.59640879087382,34.32978158340346,34.32978158340346,34.32978158340346,34.32978158340346,34.3221031783018,34.053596615974,33.84914219191142,33.67476781900166,33.51533634973235,33.31899152830373,33.31899152830373,33.31899152830373,33.31899152830373,33.31899152830373,33.31899152830373,33.323457379134865,33.35613117437668,33.42042077714864,33.647765827274355,33.68197697979071,33.81102594779894,33.88435692959967,34.03733673809789,34.051670619173336,34.051670619173336,34.051670619173336,34.051670619173336,34.051670619173336,34.06440009021199,34.213628721410885,34.24406181813224,34.24406181813224,34.24406181813224,34.24406181813224,34.24406181813224,34.24406181813224,34.24406181813224,34.24509573583724,36.2548798228969,36.21552617801047,36.21552617801047,36.21552617801047,36.19031265508685,36.2025828040702,36.2025828040702,36.2025828040702,36.2025828040702,36.2025828040702,35.84313904931142,35.84313904931142,35.265337377126755,35.047367182443956,34.94973363941117,34.94973363941117,34.9442600308642,34.9442600308642,34.9442600308642,34.9442600308642,34.9442600308642,34.9442600308642,34.9442600308642,34.927987486701454,34.88631391229415,34.88396655204254,34.85441355603747,34.85441355603747,34.83983333333333,34.82964240805889,34.82964240805889,34.69617203939587,34.69617203939587,34.44287687579691,34.09607305601189,34.018559865432174,33.77602367242482,33.53866515314761,33.38470592370226,33.3245387194853,33.3245387194853,33.325096036109585,33.3445627570889,33.3445627570889,33.3445627570889,33.3417897629931,33.32500481283423,33.32500481283423,33.320610046148396,33.46821443245533,33.58814866937305,33.662168521135065,33.68197697979071,33.68197697979071,33.68197697979071,33.68197697979071,33.68808237316077,33.86243674118731,33.86957971305085,33.887767068072705,33.99119455639745,33.99119455639745,33.99119455639745,33.99488114789293,34.047426828817706,34.047426828817706,34.047426828817706,34.047426828817706,34.047426828817706,34.047426828817706,34.047426828817706,34.14170276928946,34.21715857897665,34.21854177080442,36.2548798228969,35.84313904931142,35.265337377126755,34.44287687579691,34.09607305601189,33.53866515314761,33.86243674118731,36.45823671497585,36.17719329085184,34.94973363941117,33.647765827274355,36.122193999558625,35.427825352959225,35.68900875464193,#000000,0.281644751000411,36.2215165225853,0.08337978013538798,38.66165062319713,-5.175198476906743,False,True,False,True,False,4.2659563165583165,36.2069,35.2083,0.0,0.0,0.0,0.0,0,1.1411960132890369,0.7948504983388691,False,False,False,False,0.2095528279636975,0.2107834186891355,False,False,False,False,-2617.0,-1716.9862404256357,False,False,False,False,77.44202459144941,False,False,False,False
2025-07-24 18:00:00+00:00,36.245,36.245,36.245,36.245,0.0,36.45823671497585,36.27819747539581,36.27910411365564,36.118836543466955,36.17719329085184,36.294389555022654,35.53206154367615,35.514897623138594,35.23558217069079,35.23558217069079,35.23558217069079,34.94946845504223,34.95000070591558,34.94812398521435,34.94812398521435,34.91709773549823,34.88396655204254,34.88396655204254,34.88389804202484,34.832197673933884,34.59640879087382,34.32978158340346,34.32978158340346,34.32978158340346,34.32978158340346,34.3221031783018,34.053596615974,33.84914219191142,33.67476781900166,33.51533634973235,33.31899152830373,33.31899152830373,33.31899152830373,33.31899152830373,33.31899152830373,33.31899152830373,33.323457379134865,33.35613117437668,33.42042077714864,33.647765827274355,33.68197697979071,33.81102594779894,33.88435692959967,34.03733673809789,34.051670619173336,34.051670619173336,34.051670619173336,34.051670619173336,34.051670619173336,34.06440009021199,34.213628721410885,34.24406181813224,34.24406181813224,34.24406181813224,34.24406181813224,34.24406181813224,34.24406181813224,34.24406181813224,34.24509573583724,36.2548798228969,36.21552617801047,36.21552617801047,36.21552617801047,36.19031265508685,36.2025828040702,36.2025828040702,36.2025828040702,36.2025828040702,36.2025828040702,35.84313904931142,35.84313904931142,35.265337377126755,35.047367182443956,34.94973363941117,34.94973363941117,34.9442600308642,34.9442600308642,34.9442600308642,34.9442600308642,34.9442600308642,34.9442600308642,34.9442600308642,34.927987486701454,34.88631391229415,34.88396655204254,34.85441355603747,34.85441355603747,34.83983333333333,34.82964240805889,34.82964240805889,34.69617203939587,34.69617203939587,34.44287687579691,34.09607305601189,34.018559865432174,33.77602367242482,33.53866515314761,33.38470592370226,33.3245387194853,33.3245387194853,33.325096036109585,33.3445627570889,33.3445627570889,33.3445627570889,33.3417897629931,33.32500481283423,33.32500481283423,33.320610046148396,33.46821443245533,33.58814866937305,33.662168521135065,33.68197697979071,33.68197697979071,33.68197697979071,33.68197697979071,33.68808237316077,33.86243674118731,33.86957971305085,33.887767068072705,33.99119455639745,33.99119455639745,33.99119455639745,33.99488114789293,34.047426828817706,34.047426828817706,34.047426828817706,34.047426828817706,34.047426828817706,34.047426828817706,34.047426828817706,34.14170276928946,34.21715857897665,34.21854177080442,36.2548798228969,35.84313904931142,35.265337377126755,34.44287687579691,34.09607305601189,33.53866515314761,33.86243674118731,36.45823671497585,36.17719329085184,34.94973363941117,33.647765827274355,36.122193999558625,35.427825352959225,35.68900875464193,#000000,0.27946992940522236,36.2215165225853,0.08402863758787471,38.05518758181388,-6.065278979006685,False,True,False,True,False,4.265956316558306,36.2096,35.216350000000006,0.0,0.0,0.0,0.0,0,1.1407807308970102,0.7911129568106303,False,False,False,False,0.2095528279636975,0.2101681233264165,False,False,False,False,-2617.0,-1730.9399421244632,False,False,False,False,76.24137304739592,False,False,False,False
2025-07-24 19:00:00+00:00,36.245,36.245,36.245,36.245,0.0,36.45823671497585,36.27819747539581,36.27910411365564,36.118836543466955,36.17719329085184,36.294389555022654,35.53206154367615,35.514897623138594,35.23558217069079,35.23558217069079,35.23558217069079,34.94946845504223,34.95000070591558,34.94812398521435,34.94812398521435,34.91709773549823,34.88396655204254,34.88396655204254,34.88389804202484,34.832197673933884,34.59640879087382,34.32978158340346,34.32978158340346,34.32978158340346,34.32978158340346,34.3221031783018,34.053596615974,33.84914219191142,33.67476781900166,33.51533634973235,33.31899152830373,33.31899152830373,33.31899152830373,33.31899152830373,33.31899152830373,33.31899152830373,33.323457379134865,33.35613117437668,33.42042077714864,33.647765827274355,33.68197697979071,33.81102594779894,33.88435692959967,34.03733673809789,34.051670619173336,34.051670619173336,34.051670619173336,34.051670619173336,34.051670619173336,34.06440009021199,34.213628721410885,34.24406181813224,34.24406181813224,34.24406181813224,34.24406181813224,34.24406181813224,34.24406181813224,34.24406181813224,34.24509573583724,36.2548798228969,36.21552617801047,36.21552617801047,36.21552617801047,36.19031265508685,36.2025828040702,36.2025828040702,36.2025828040702,36.2025828040702,36.2025828040702,35.84313904931142,35.84313904931142,35.265337377126755,35.047367182443956,34.94973363941117,34.94973363941117,34.9442600308642,34.9442600308642,34.9442600308642,34.9442600308642,34.9442600308642,34.9442600308642,34.9442600308642,34.927987486701454,34.88631391229415,34.88396655204254,34.85441355603747,34.85441355603747,34.83983333333333,34.82964240805889,34.82964240805889,34.69617203939587,34.69617203939587,34.44287687579691,34.09607305601189,34.018559865432174,33.77602367242482,33.53866515314761,33.38470592370226,33.3245387194853,33.3245387194853,33.325096036109585,33.3445627570889,33.3445627570889,33.3445627570889,33.3417897629931,33.32500481283423,33.32500481283423,33.320610046148396,33.46821443245533,33.58814866937305,33.662168521135065,33.68197697979071,33.68197697979071,33.68197697979071,33.68197697979071,33.68808237316077,33.86243674118731,33.86957971305085,33.887767068072705,33.99119455639745,33.99119455639745,33.99119455639745,33.99488114789293,34.047426828817706,34.047426828817706,34.047426828817706,34.047426828817706,34.047426828817706,34.047426828817706,34.047426828817706,34.14170276928946,34.21715857897665,34.21854177080442,36.2548798228969,35.84313904931142,35.265337377126755,34.44287687579691,34.09607305601189,33.53866515314761,33.86243674118731,36.45823671497585,36.17719329085184,34.94973363941117,33.647765827274355,36.122193999558625,35.427825352959225,35.68900875464193,#000000,0.27723579257556913,36.2215165225853,0.08470579212205875,37.65087888755838,-6.845853316262499,False,True,False,True,False,4.265956316558306,36.2123,35.2244,0.0,0.0,0.0,0.0,0,1.1407807308970102,0.7911129568106303,False,False,False,False,0.2095528279636975,0.209860475645057,False,False,False,False,-2617.0,-1744.6773073628437,False,False,False,False,75.05933625596343,False,False,False,False
2025-07-25 14:00:00+00:00,35.845,35.845,35.7,35.7,200.0,36.22699782844734,36.217917140690176,36.21919770504139,36.100503875969,36.15913983021119,36.27747069455203,35.53515821878579,35.51819287596461,35.24203308800402,35.24203308800402,35.24203308800402,34.95788287339372,34.958365465213745,34.956332102437855,34.956332102437855,34.92529613374101,34.89214487337181,34.89214487337181,34.89207623777989,34.839772486116274,34.604455485313125,34.338568722189535,34.338568722189535,34.338568722189535,34.338568722189535,34.33091060199052,34.06337695252386,33.859530503591884,33.68564611039705,33.52666273564968,33.33072861307051,33.33072861307051,33.33072861307051,33.33072861307051,33.33072861307051,33.33072861307051,33.335116557681836,33.367163027354415,33.42944491823827,33.65518963892327,33.68921199442121,33.81757909661853,33.89054276042877,34.04275548552939,34.05701856550723,34.05701856550723,34.05701856550723,34.05701856550723,34.05701856550723,34.06968268657652,34.21789825337434,34.24815351521417,34.24815351521417,34.24815351521417,34.24815351521417,34.24815351521417,34.24815351521417,34.24815351521417,34.24918178646988,36.17409090909091,36.17124249605055,36.17124249605055,36.17124249605055,36.150404815650866,36.18470248638718,36.18470248638718,36.18470248638718,36.18470248638718,36.18470248638718,35.841483777098794,35.841483777098794,35.27149136777728,35.05551937353414,34.95836901672434,34.95836901672434,34.952448150033945,34.952448150033945,34.952448150033945,34.952448150033945,34.952448150033945,34.952448150033945,34.952448150033945,34.93621604226223,34.89448936203845,34.89214487337181,34.86258728417074,34.86258728417074,34.84802909336941,34.83736477115117,34.83736477115117,34.70397420686417,34.70397420686417,34.451357445242046,34.1057105984601,34.02845050222045,33.78663005386608,33.54994414952445,33.39637614074935,33.33614943354651,33.33614943354651,33.33667634385479,33.35505430315199,33.35505430315199,33.35505430315199,33.35227053981666,33.33532783102592,33.33532783102592,33.330907917992235,33.476829545526115,33.59591562546819,33.66951158629592,33.68921199442121,33.68921199442121,33.68921199442121,33.68921199442121,33.69528340411155,33.86873198141813,33.875837219113606,33.89393584982815,33.99684179656115,33.99684179656115,33.99684179656115,34.00050948513835,34.05279661462855,34.05279661462855,34.05279661462855,34.05279661462855,34.05279661462855,34.05279661462855,34.05279661462855,34.14652524100396,34.221404765206145,34.222778247022994,36.17409090909091,35.841483777098794,35.27149136777728,34.451357445242046,34.1057105984601,33.54994414952445,33.86873198141813,36.22699782844734,36.15913983021119,34.95836901672434,33.65518963892327,36.084964068434424,35.412551229076875,35.67491222869613,"rgba(255, 0, 0, 1.0)",0.2835632824176175,36.14745444203488,-1.5779703148445252,28.771555222516472,-15.298185338167578,False,True,False,True,False,0.0,36.198499999999996,35.229725,0.0,0.0,0.0,0.0,0,1.1473214285714293,0.7958603896103886,False,False,False,False,0.09781071228013435,0.15383559396259566,False,False,False,False,-2817.0,-1761.302465388226,False,False,False,False,76.99640081013455,False,False,False,False
2025-07-25 15:00:00+00:00,35.7,35.7,35.7,35.7,0.0,36.22699782844734,36.217917140690176,36.21919770504139,36.100503875969,36.15913983021119,36.27747069455203,35.53515821878579,35.51819287596461,35.24203308800402,35.24203308800402,35.24203308800402,34.95788287339372,34.958365465213745,34.956332102437855,34.956332102437855,34.92529613374101,34.89214487337181,34.89214487337181,34.89207623777989,34.839772486116274,34.604455485313125,34.338568722189535,34.338568722189535,34.338568722189535,34.338568722189535,34.33091060199052,34.06337695252386,33.859530503591884,33.68564611039705,33.52666273564968,33.33072861307051,33.33072861307051,33.33072861307051,33.33072861307051,33.33072861307051,33.33072861307051,33.335116557681836,33.367163027354415,33.42944491823827,33.65518963892327,33.68921199442121,33.81757909661853,33.89054276042877,34.04275548552939,34.05701856550723,34.05701856550723,34.05701856550723,34.05701856550723,34.05701856550723,34.06968268657652,34.21789825337434,34.24815351521417,34.24815351521417,34.24815351521417,34.24815351521417,34.24815351521417,34.24815351521417,34.24815351521417,34.24918178646988,36.17409090909091,36.17124249605055,36.17124249605055,36.17124249605055,36.150404815650866,36.18470248638718,36.18470248638718,36.18470248638718,36.18470248638718,36.18470248638718,35.841483777098794,35.841483777098794,35.27149136777728,35.05551937353414,34.95836901672434,34.95836901672434,34.952448150033945,34.952448150033945,34.952448150033945,34.952448150033945,34.952448150033945,34.952448150033945,34.952448150033945,34.93621604226223,34.89448936203845,34.89214487337181,34.86258728417074,34.86258728417074,34.84802909336941,34.83736477115117,34.83736477115117,34.70397420686417,34.70397420686417,34.451357445242046,34.1057105984601,34.02845050222045,33.78663005386608,33.54994414952445,33.39637614074935,33.33614943354651,33.33614943354651,33.33667634385479,33.35505430315199,33.35505430315199,33.35505430315199,33.35227053981666,33.33532783102592,33.33532783102592,33.330907917992235,33.476829545526115,33.59591562546819,33.66951158629592,33.68921199442121,33.68921199442121,33.68921199442121,33.68921199442121,33.69528340411155,33.86873198141813,33.875837219113606,33.89393584982815,33.99684179656115,33.99684179656115,33.99684179656115,34.00050948513835,34.05279661462855,34.05279661462855,34.05279661462855,34.05279661462855,34.05279661462855,34.05279661462855,34.05279661462855,34.14652524100396,34.221404765206145,34.222778247022994,36.17409090909091,35.841483777098794,35.27149136777728,34.451357445242046,34.1057105984601,33.54994414952445,33.86873198141813,36.22699782844734,36.15913983021119,34.95836901672434,33.65518963892327,36.084964068434424,35.412551229076875,35.67491222869613,"rgba(255, 0, 0, 1.0)",0.2883459040123089,36.14745444203488,-1.5517974620363395,22.852006112488535,-20.58971526315779,False,True,False,True,False,0.0,36.1875,35.235049999999994,0.0,0.0,0.0,0.0,0,1.1473214285714293,0.7861201298701285,False,False,False,False,0.05930016668309331,0.10656788032284449,False,False,False,False,-2817.0,-1777.6698690256178,False,False,False,False,75.8026581619154,False,False,False,False
2025-07-25 16:00:00+00:00,35.83,35.83,35.83,35.83,91.0,36.17575413711584,36.19882549125653,36.20018697441403,36.09454794741512,36.15295401349305,36.271250127304214,35.53706664769898,35.52018280851859,35.245379659744806,35.245379659744806,35.245379659744806,34.9620425598826,34.962501173158145,34.96039069545833,34.96039069545833,34.92933796455399,34.89616507293482,34.89616507293482,34.89609635281743,34.84348380010983,34.608338381728295,34.34276046492475,34.34276046492475,34.34276046492475,34.34276046492475,34.335110895580605,34.06800361661919,33.864422407129545,33.69075251652972,33.53196633857107,33.33621066036751,33.33621066036751,33.33621066036751,33.33621066036751,33.33621066036751,33.33621066036751,33.340562725390015,33.37231991102931,33.43367157469753,33.658681245332076,33.69261707916755,33.820671625828176,33.89346687211095,34.04532718235772,34.059557694123555,34.059557694123555,34.059557694123555,34.059557694123555,34.059557694123555,34.072191714308076,34.2199362803664,34.25010882607299,34.25010882607299,34.25010882607299,34.25010882607299,34.25010882607299,34.25010882607299,34.25010882607299,34.251134473553236,36.15081040892193,36.15713387854006,36.15713387854006,36.15713387854006,36.13776091355883,36.17846158803814,36.17846158803814,36.17846158803814,36.17846158803814,36.17846158803814,35.84139326750967,35.84139326750967,35.274710539650364,35.05959605892333,34.96263643048009,34.96263643048009,34.956495447096785,34.956495447096785,34.956495447096785,34.956495447096785,34.956495447096785,34.956495447096785,34.956495447096785,34.94027666833084,34.89850897902011,34.89616507293482,34.86659541370728,34.86659541370728,34.85204325951215,34.84114679283202,34.84114679283202,34.70776063607026,34.70776063607026,34.45542041798908,34.11027473166759,34.03312531485548,33.7916176260215,33.555227297804265,33.401831083633034,33.34157318005832,33.34157318005832,33.342086015608864,33.35995956207984,33.35995956207984,33.35995956207984,33.35717064371714,33.340153731142344,33.340153731142344,33.33572190117343,33.480868066033004,33.59956451767299,33.67296618111322,33.69261707916755,33.69261707916755,33.69261707916755,33.69261707916755,33.69867290736089,33.87170627381707,33.87879418236642,33.89685213999195,33.999518541101715,33.999518541101715,33.999518541101715,34.0031775348964,34.05534580141441,34.05534580141441,34.05534580141441,34.05534580141441,34.05534580141441,34.05534580141441,34.05534580141441,34.14882127833899,34.22343191018913,34.224800860173424,36.15081040892193,35.84139326750967,35.274710539650364,34.45542041798908,34.11027473166759,33.555227297804265,33.87170627381707,36.17575413711584,36.15295401349305,34.96263643048009,33.658681245332076,36.074291779026375,35.40967402568795,35.671031434061604,"rgba(239, 83, 80, 1.0)",0.28941732392464004,36.13588977572874,-1.0569159149864613,24.087045426562543,-20.58971526315779,False,True,False,True,False,0.0,36.1777,35.241025,0.0,0.0,0.0,0.0,0,1.1513130471029602,0.8182576073363886,False,False,False,False,0.0688586085851148,0.08771324445397966,False,False,False,False,-2726.0,-1792.3726617539028,False,False,False,False,76.03827586483145,False,False,False,False
2025-07-25 17:00:00+00:00,35.83,35.83,35.83,35.83,0.0,36.17575413711584,36.19882549125653,36.20018697441403,36.09454794741512,36.15295401349305,36.271250127304214,35.53706664769898,35.52018280851859,35.245379659744806,35.245379659744806,35.245379659744806,34.9620425598826,34.962501173158145,34.96039069545833,34.96039069545833,34.92933796455399,34.89616507293482,34.89616507293482,34.89609635281743,34.84348380010983,34.608338381728295,34.34276046492475,34.34276046492475,34.34276046492475,34.34276046492475,34.335110895580605,34.06800361661919,33.864422407129545,33.69075251652972,33.53196633857107,33.33621066036751,33.33621066036751,33.33621066036751,33.33621066036751,33.33621066036751,33.33621066036751,33.340562725390015,33.37231991102931,33.43367157469753,33.658681245332076,33.69261707916755,33.820671625828176,33.89346687211095,34.04532718235772,34.059557694123555,34.059557694123555,34.059557694123555,34.059557694123555,34.059557694123555,34.072191714308076,34.2199362803664,34.25010882607299,34.25010882607299,34.25010882607299,34.25010882607299,34.25010882607299,34.25010882607299,34.25010882607299,34.251134473553236,36.15081040892193,36.15713387854006,36.15713387854006,36.15713387854006,36.13776091355883,36.17846158803814,36.17846158803814,36.17846158803814,36.17846158803814,36.17846158803814,35.84139326750967,35.84139326750967,35.274710539650364,35.05959605892333,34.96263643048009,34.96263643048009,34.956495447096785,34.956495447096785,34.956495447096785,34.956495447096785,34.956495447096785,34.956495447096785,34.956495447096785,34.94027666833084,34.89850897902011,34.89616507293482,34.86659541370728,34.86659541370728,34.85204325951215,34.84114679283202,34.84114679283202,34.70776063607026,34.70776063607026,34.45542041798908,34.11027473166759,34.03312531485548,33.7916176260215,33.555227297804265,33.401831083633034,33.34157318005832,33.34157318005832,33.342086015608864,33.35995956207984,33.35995956207984,33.35995956207984,33.35717064371714,33.340153731142344,33.340153731142344,33.33572190117343,33.480868066033004,33.59956451767299,33.67296618111322,33.69261707916755,33.69261707916755,33.69261707916755,33.69261707916755,33.69867290736089,33.87170627381707,33.87879418236642,33.89685213999195,33.999518541101715,33.999518541101715,33.999518541101715,34.0031775348964,34.05534580141441,34.05534580141441,34.05534580141441,34.05534580141441,34.05534580141441,34.05534580141441,34.05534580141441,34.14882127833899,34.22343191018913,34.224800860173424,36.15081040892193,35.84139326750967,35.274710539650364,34.45542041798908,34.11027473166759,33.555227297804265,33.87170627381707,36.17575413711584,36.15295401349305,34.96263643048009,33.658681245332076,36.074291779026375,35.40967402568795,35.671031434061604,"rgba(239, 83, 80, 1.0)",0.2917847843200029,36.13588977572874,-1.0483403939023497,24.910404969278552,-20.58971526315779,False,True,False,True,True,0.0,36.1696,35.247,0.0,0.0,0.0,0.0,0,1.1160452450775038,0.8202764976958508,False,False,False,False,0.06831063192313219,0.07801193818855592,False,False,False,False,-2726.0,-1806.8475042073305,False,False,False,False,74.85938786692708,False,False,False,False
2025-07-25 18:00:00+00:00,35.83,35.83,35.83,35.83,0.0,36.17575413711584,36.19882549125653,36.20018697441403,36.09454794741512,36.15295401349305,36.271250127304214,35.53706664769898,35.52018280851859,35.245379659744806,35.245379659744806,35.245379659744806,34.9620425598826,34.962501173158145,34.96039069545833,34.96039069545833,34.92933796455399,34.89616507293482,34.89616507293482,34.89609635281743,34.84348380010983,34.608338381728295,34.34276046492475,34.34276046492475,34.34276046492475,34.34276046492475,34.335110895580605,34.06800361661919,33.864422407129545,33.69075251652972,33.53196633857107,33.33621066036751,33.33621066036751,33.33621066036751,33.33621066036751,33.33621066036751,33.33621066036751,33.340562725390015,33.37231991102931,33.43367157469753,33.658681245332076,33.69261707916755,33.820671625828176,33.89346687211095,34.04532718235772,34.059557694123555,34.059557694123555,34.059557694123555,34.059557694123555,34.059557694123555,34.072191714308076,34.2199362803664,34.25010882607299,34.25010882607299,34.25010882607299,34.25010882607299,34.25010882607299,34.25010882607299,34.25010882607299,34.251134473553236,36.15081040892193,36.15713387854006,36.15713387854006,36.15713387854006,36.13776091355883,36.17846158803814,36.17846158803814,36.17846158803814,36.17846158803814,36.17846158803814,35.84139326750967,35.84139326750967,35.274710539650364,35.05959605892333,34.96263643048009,34.96263643048009,34.956495447096785,34.956495447096785,34.956495447096785,34.956495447096785,34.956495447096785,34.956495447096785,34.956495447096785,34.94027666833084,34.89850897902011,34.89616507293482,34.86659541370728,34.86659541370728,34.85204325951215,34.84114679283202,34.84114679283202,34.70776063607026,34.70776063607026,34.45542041798908,34.11027473166759,34.03312531485548,33.7916176260215,33.555227297804265,33.401831083633034,33.34157318005832,33.34157318005832,33.342086015608864,33.35995956207984,33.35995956207984,33.35995956207984,33.35717064371714,33.340153731142344,33.340153731142344,33.33572190117343,33.480868066033004,33.59956451767299,33.67296618111322,33.69261707916755,33.69261707916755,33.69261707916755,33.69261707916755,33.69867290736089,33.87170627381707,33.87879418236642,33.89685213999195,33.999518541101715,33.999518541101715,33.999518541101715,34.0031775348964,34.05534580141441,34.05534580141441,34.05534580141441,34.05534580141441,34.05534580141441,34.05534580141441,34.05534580141441,34.14882127833899,34.22343191018913,34.224800860173424,36.15081040892193,35.84139326750967,35.274710539650364,34.45542041798908,34.11027473166759,33.555227297804265,33.87170627381707,36.17575413711584,36.15295401349305,34.96263643048009,33.658681245332076,36.074291779026375,35.40967402568795,35.671031434061604,"rgba(239, 83, 80, 1.0)",0.29380207224927035,36.13588977572874,-1.0411423356783476,25.459311331089225,-20.58971526315779,False,True,False,True,True,0.0,36.1667,35.252975,0.0,0.0,0.0,0.0,0,1.1110180142438217,0.8202764976958508,False,False,False,False,0.06831063192313219,0.07316128505584406,False,False,False,False,-2726.0,-1821.0979304986897,False,False,False,False,73.69877720232356,False,False,False,False
2025-07-25 19:00:00+00:00,35.83,35.86,35.7,35.85,355.0,36.05102830188679,36.13512326073805,36.1366689209498,36.071512923351165,36.12907190045539,36.24717963580158,35.543624485453954,35.527061037361435,35.25749943910747,35.25749943910747,35.25749943910747,34.97741038043292,34.9777819869629,34.97539493916299,34.97539493916299,34.9443094158142,34.911085603533486,34.911085603533486,34.91101663114983,34.85731560787497,34.622928030172766,34.35860085133251,34.35860085133251,34.35860085133251,34.35860085133251,34.35098574604819,34.08555367215544,33.8830204449248,33.710197308719444,33.55218740595848,33.35714246450935,33.35714246450935,33.35714246450935,33.35714246450935,33.35714246450935,33.35714246450935,33.361358205286784,33.39201658488342,33.449836949211175,33.6720298583351,33.705633291063755,33.83248665480428,33.90463439407916,34.0551404154284,34.06924579140386,34.06924579140386,34.06924579140386,34.06924579140386,34.06924579140386,34.08176422637589,34.22770693651474,34.25756272474113,34.25756272474113,34.25756272474113,34.25756272474113,34.25756272474113,34.25756272474113,34.25756272474113,34.25857831813577,36.07824901960784,36.10799491392802,36.10799491392802,36.10799491392802,36.09314543404735,36.15436704661961,36.15436704661961,36.15436704661961,36.15436704661961,36.15436704661961,35.84025796151584,35.84025796151584,35.28633546015817,35.074561015700276,34.97839228522156,34.97839228522156,34.97146246141591,34.97146246141591,34.97146246141591,34.97146246141591,34.97146246141591,34.97146246141591,34.97146246141591,34.95530659798872,34.913425513142016,34.911085603533486,34.881494914646716,34.881494914646716,34.86697551880675,34.85523880248085,34.85523880248085,34.72194629852525,34.72194629852525,34.47074104312747,34.12757869330723,34.05086537375791,33.81059254634181,33.57536653376401,33.42264844252355,33.3622837721481,33.3622837721481,33.362743338771075,33.37870640529657,33.37870640529657,33.37870640529657,33.375898409138294,33.35860315216475,33.35860315216475,33.35412685239657,33.496313750101486,33.613517147901796,33.68617262715516,33.705633291063755,33.705633291063755,33.705633291063755,33.705633291063755,33.71162926803892,33.883066715263176,33.89008805280965,33.90798959430403,34.00973543833897,34.00973543833897,34.00973543833897,34.01336103409079,34.065072521696415,34.065072521696415,34.065072521696415,34.065072521696415,34.065072521696415,34.065072521696415,34.065072521696415,34.157577659505755,34.23116094314142,34.23251256892266,36.07824901960784,35.84025796151584,35.28633546015817,34.47074104312747,34.12757869330723,33.57536653376401,33.883066715263176,36.05102830188679,36.12907190045539,34.97839228522156,33.6720298583351,36.03945004087836,35.402728194547414,35.65756306217671,"rgba(239, 83, 80, 0.5)",0.2951080577789621,36.094240380174625,-0.8276303331492272,26.727457182671554,-20.58971526315779,False,True,False,True,True,0.0,36.167699999999996,35.259049999999995,0.0,0.0,0.0,0.0,0,1.0988011575031018,0.8201736254650663,False,False,False,False,0.05447970658827273,0.0638204958220584,False,False,False,False,-2371.0,-1829.6235439793302,False,False,False,False,78.06003647050458,False,False,False,False
