date,Close,High,Low,Open,Volume,aVWAP_peak_184,aVWAP_peak_176,aVWAP_peak_164,aVWAP_peak_159,aVWAP_peak_149,aVWAP_peak_142,aVWAP_peak_133,aVWAP_peak_113,aVWAP_peak_109,aVWAP_peak_103,aVWAP_peak_91,aVWAP_peak_83,aVWAP_peak_75,aVWAP_peak_70,aVWAP_peak_57,aVWAP_peak_33,aVWAP_peak_8,aVWAP_valley_179,aVWAP_valley_171,aVWAP_valley_157,aVWAP_valley_148,aVWAP_valley_137,aVWAP_valley_130,aVWAP_valley_121,aVWAP_valley_107,aVWAP_valley_96,aVWAP_valley_88,aVWAP_valley_71,aVWAP_valley_64,aVWAP_valley_51,aVWAP_valley_45,aVWAP_valley_39,aVWAP_valley_28,aVWAP_valley_4,aVWAP_OB_bull_4,aVWAP_OB_bear_133,Peaks_Valleys_avg,color,StDev,StDev_Mean,StdDev_ZScore,QQEMOD,QQE1_Value,QQE1_Above_Upper,QQE1_Below_Lower,QQE2_Above_Threshold,QQE2_Below_Threshold,QQE2_Above_TL,banker_RSI,OB,OB_High,OB_Low,OB_Mitigated_Index,TTM_squeeze_Active,VI_plus,VI_minus,VI_Regular_Bullish,VI_Regular_Bearish,VI_Hidden_Bullish,VI_Hidden_Bearish,Fisher,Fisher_Signal,Fisher_Regular_Bullish,Fisher_Regular_Bearish,Fisher_Hidden_Bullish,Fisher_Hidden_Bearish,OBV,OBV_Smoothed,OBV_Regular_Bullish,OBV_Regular_Bearish,OBV_Hidden_Bullish,OBV_Hidden_Bearish,Volume_MA,Vol_Regular_Bullish,Vol_Regular_Bearish,Vol_Hidden_Bullish,Vol_Hidden_Bearish
2021-12-31 00:00:00+00:00,3.31,3.44,3.21,3.44,4830040,,,,,,,,,,,,,,,,,,,,,,,,,,,,,,,,,,,,,,#000000,,,,,,False,False,False,False,False,,0.0,0.0,0.0,0.0,0,,,False,False,False,False,,,False,False,False,False,0,0.0,False,False,False,False,4830040.0,False,False,False,False
2022-01-07 00:00:00+00:00,3.2,3.48,3.02,3.33,10829580,,,,,,,,,,,,,,,,,,,,,,,,,,,,,,,,,,,,,,#000000,,,,0.0,,False,False,False,True,False,,0.0,0.0,0.0,0.0,0,,,False,False,False,False,,,False,False,False,False,-10829580,-802191.1111111111,False,False,False,False,5274450.37037037,False,False,False,False
2022-01-14 00:00:00+00:00,3.26,3.41,3.085,3.16,6662239,,,,,,,,,,,,,,,,,,,,,,,,,,,,,,,,,,,,,,#000000,,,,10.538641686182634,-76.34660421545658,False,False,False,True,True,,0.0,0.0,0.0,0.0,0,,,False,False,False,False,,,False,False,False,False,-4167341,-1051461.4732510287,False,False,False,False,5377249.528120713,False,False,False,False
2022-01-21 00:00:00+00:00,3.08,3.27,2.97,3.2,6760272,,,,,,,,,,,,,,,,,,,,,,,,,,,,,,,,,,,,,,#000000,,,,12.349460298978164,-74.05848277833519,False,False,False,True,True,,0.0,0.0,0.0,0.0,0,,,False,False,False,False,,,False,False,False,False,-10927613,-1783028.2530102115,False,False,False,False,5479695.637148809,False,False,False,False
2022-01-28 00:00:00+00:00,2.99,3.11,2.705,3.02,12226094,,,,,,,,,,,,,,,,,,,,,,,,,,,,,,,,,,2.935,2.935,,2.935,#000000,,2.935,,12.557171581658723,-72.92782162096873,False,False,False,True,True,,1.0,3.11,2.705,16.0,0,,,False,False,False,False,,,False,False,False,False,-23153707,-3366041.4935279735,False,False,False,False,5979428.8492118595,False,False,False,False
2022-02-04 00:00:00+00:00,2.92,3.15,2.76,2.94,9597871,,,,,,,,,,,,,,,,,,,,,,,,,,,,,,,,,,2.938664882084137,2.938664882084137,,2.938664882084137,#000000,,2.938664882084137,,12.115249863260718,-72.13282441674417,False,False,False,True,True,,0.0,0.0,0.0,0.0,0,,,False,False,False,False,,,False,False,False,False,-32751578,-5542747.90141479,False,False,False,False,6247461.601122092,False,False,False,False
2022-02-11 00:00:00+00:00,3.36,3.44,2.88,2.88,12568390,,,,,,,,,,,,,,,,,,,,,,,,,,,,,,,,,,3.0439126544256707,3.0439126544256707,,3.0439126544256707,#000000,,3.0439126544256707,,24.90683727210839,-58.55863473355988,False,False,False,True,True,,0.0,0.0,0.0,0.0,0,,,False,False,False,False,,,False,False,False,False,-20183188,-6627224.945754435,False,False,False,False,6715678.519557493,False,False,False,False
2022-02-18 00:00:00+00:00,3.75,3.75,3.1917,3.35,19272061,,,,,,,,,,,,,,,,,,,,,,,,,,,,,,,,,,3.230651439454778,3.230651439454778,,3.230651439454778,#000000,,3.230651439454778,,38.092302049970144,-44.97217219435989,False,False,False,True,True,,0.0,0.0,0.0,0.0,0,,,False,False,False,False,,,False,False,False,False,-911127,-6203810.283105958,False,False,False,False,7645780.9255161965,False,False,False,False
2022-02-25 00:00:00+00:00,3.72,4.1,3.26,3.71,26305976,,,,,,,,,,,,,,,,,3.693333333333333,,,,,,,,,,,,,,,,,3.382849002722991,3.382849002722991,,3.5380911680281617,#000000,,3.5380911680281617,,46.97506549037162,-35.75153855851313,False,False,False,False,True,,0.0,0.0,0.0,0.0,0,,,False,False,False,False,,,False,False,False,False,-27217103,-7760350.484357368,False,False,False,False,9028017.597700182,False,False,False,False
2022-03-04 00:00:00+00:00,3.52,3.97,3.46,3.73,28308749,,,,,,,,,,,,,,,,,3.670872129753773,,,,,,,,,,,,,,,,,3.452693577191997,3.452693577191997,,3.5617828534728853,#000000,,3.5617828534728853,,50.186555735381994,-31.945641629625143,False,False,False,False,True,,0.0,0.0,0.0,0.0,0,,,False,False,False,False,,,False,False,False,False,-55525852,-11298535.781812377,False,False,False,False,10456219.923796464,False,False,False,False
2022-03-11 00:00:00+00:00,3.64,3.77,3.27,3.54,13201220,,,,,,,,,,,,,,,,,3.6492894860739113,,,,,,,,,,,,,,,,,3.4643545212593385,3.4643545212593385,,3.5568220036666247,#000000,,3.5568220036666247,,53.58456187151867,-27.776305752886408,False,False,False,False,True,,0.0,0.0,0.0,0.0,0,,,False,False,False,False,,,False,False,False,False,-42324632,-13596765.131307757,False,False,False,False,10659553.262774503,False,False,False,False
2022-03-18 00:00:00+00:00,3.71,3.805,3.47,3.62,16639918,,,,,,,,,,,,,,,,,3.651728100313572,,,,,,,,,,,,,,,,,3.48812552681879,3.48812552681879,,3.5699268135661812,#000000,,3.5699268135661812,,56.60372613102162,-23.84168914954525,False,False,True,False,True,,0.0,0.0,0.0,0.0,0,,,False,False,False,False,,,False,False,False,False,-25684714,-14492168.751210885,False,False,False,False,11102543.243309725,False,False,False,False
2022-03-25 00:00:00+00:00,3.67,3.78,3.505,3.69,9899033,,,,,,,,,,,,,,,,,3.651721655139831,,,,,,,,,,,,,,,,,3.4990626073817084,3.4990626073817084,,3.5753921312607697,#000000,,3.5753921312607697,,58.16693345236251,-21.1873669140802,False,False,True,False,True,,0.0,0.0,0.0,0.0,0,,,False,False,False,False,,,False,False,False,False,-35583747,-16054507.88075082,False,False,False,False,11013394.336397894,False,False,False,False
2022-04-01 00:00:00+00:00,3.48,3.785,3.425,3.64,7895604,,,,,,,,,,,,,,,,,3.6448964641900687,,,,,,,,,,,,,,,,,3.502317306892989,3.502317306892989,,3.573606885541529,#000000,,3.573606885541529,,56.77488274168029,-21.1873669140802,False,False,True,False,True,,0.0,0.0,0.0,0.0,0,,,False,False,False,False,,,False,False,False,False,-43479351,-18085977.741435945,False,False,False,False,10782446.904072125,False,False,False,False
2022-04-08 00:00:00+00:00,3.18,3.535,3.07,3.49,12752781,,,,,,,,,,,,,,,,,3.6023998881098587,,,,,,,,,,,,,,,,,3.4841219738985743,3.4841219738985743,,3.5432609310042165,#000000,,3.5432609310042165,,52.8404526474896,-21.1873669140802,False,False,False,False,True,,0.0,0.0,0.0,0.0,0,,,False,False,False,False,,,False,False,False,False,-56232132,-20911618.797625873,False,False,False,False,10928397.57784456,False,False,False,False
2022-04-15 00:00:00+00:00,3.2,3.255,3.05,3.14,5544159,,,,,,,,,,,,,,,,,3.5824365110670673,,,,,,,,,,,,,,,,,3.4740722420727015,3.4740722420727015,,3.528254376569884,#000000,,3.528254376569884,,50.25168104978026,-21.1873669140802,False,False,False,False,True,,0.0,0.0,0.0,0.0,0,,,False,False,False,False,,,False,False,False,False,-50687973,-23117274.664468404,False,False,False,False,10529565.090596814,False,False,False,False
2022-04-22 00:00:00+00:00,2.98,3.32,2.97,3.18,13926308,,,,,,,,,,,,,,,,,3.5314390292123528,,,,,,,,,,,,,,,,,3.4456425592075335,3.4456425592075335,,3.488540794209943,#000000,,3.488540794209943,,46.674142851466996,-21.1873669140802,False,False,False,False,True,,0.0,0.0,0.0,0.0,0,,,False,False,False,False,,,False,False,False,False,-64614281,-26191126.985618893,False,False,False,False,10781175.676478531,False,False,False,False
2022-04-29 00:00:00+00:00,2.46,3.005,2.42,2.95,12464264,,,,,,,,,,,,,,,,,3.4548315696440297,,,,,,,,,,,,,,,,,3.3948597343808484,3.3948597343808484,,3.424845652012439,#000000,,3.424845652012439,,41.32430876785342,-21.1873669140802,False,False,False,True,False,,0.0,0.0,0.0,0.0,0,,,False,False,False,False,,,False,False,False,False,-77078545,-29960565.357054528,False,False,False,False,10905848.88562827,False,False,False,False
2022-05-06 00:00:00+00:00,2.44,2.59,2.31,2.46,22452270,,,,,,,,,,,,,,,,,3.3212017631467976,,,,,,,,,,,,,,,,,3.2994163881553096,3.2994163881553096,,3.3103090756510536,#000000,,3.3103090756510536,,37.41859552949171,-21.1873669140802,False,False,False,True,False,,0.0,0.0,0.0,0.0,0,,,False,False,False,False,,,False,False,False,False,-99530815,-35113917.182457894,False,False,False,False,11761139.338544693,False,False,False,False
2022-05-13 00:00:00+00:00,1.88,2.39,1.69,2.39,31176754,,,,,,,,,,,,,,,,,3.113757542814762,,,,,,,,,,,,,,,,,3.13843207717234,3.13843207717234,,3.126094809993551,#000000,,3.126094809993551,,32.726615008048384,-21.1873669140802,False,False,False,True,False,,0.0,0.0,0.0,0.0,0,,,False,False,False,False,,,False,False,False,False,-130707569,-42194928.42820175,False,False,False,False,13199333.017171012,False,False,False,False
2022-05-20 00:00:00+00:00,1.7,2.02,1.65,1.84,15703054,,,,,,,,,,,,,,,,,3.017641449379338,,,,,,,,,,,,,,,,,3.059988968742292,3.059988968742292,,3.038815209060815,#000000,,3.038815209060815,,28.91590114945148,-21.1873669140802,False,False,False,True,False,,0.0,0.0,0.0,0.0,0,,,False,False,False,False,,,False,False,False,False,-146410623,-49914609.50759421,False,False,False,False,13384793.8307139,False,False,False,False
2022-05-27 00:00:00+00:00,1.65,1.75,1.42,1.75,15861504,,,,,,,,,,,,,,,,,2.921229833130771,,,,,,,,,,,,,,,,,2.9793304686195583,2.9793304686195583,,2.9502801508751646,#000000,,2.9502801508751646,,26.070544472858934,-3.260714412320027,False,False,False,True,False,,0.0,0.0,0.0,0.0,0,,,False,False,False,False,,,False,False,False,False,-162272127,-58237388.58110575,False,False,False,False,13568253.84325361,False,False,False,False
2022-06-03 00:00:00+00:00,1.47,1.67,1.43,1.64,8769719,,,,,,,,,,,,,,,,,2.8703411130086556,,,,,,,,,,,,,,,,,2.9359829760765095,2.9359829760765095,,2.9031620445425825,#000000,,2.9031620445425825,,23.609541673756546,-6.473494638290518,False,False,False,True,False,,0.0,0.0,0.0,0.0,0,,,False,False,False,False,,,False,False,False,False,-171041846,-66593274.31583865,False,False,False,False,13212806.817827418,False,False,False,False
2022-06-10 00:00:00+00:00,1.32,1.54,1.3125,1.51,11471388,,,,,,,,,,,,,,,,,2.8030913362997474,,,,,,,,,,,,,,,,,2.878065128582317,2.878065128582317,,2.8405782324410325,#000000,,2.8405782324410325,,21.52253714906549,-9.33314825310768,False,False,False,True,False,,0.0,0.0,0.0,0.0,0,,,False,False,False,False,,,False,False,False,False,-182513234,-75179937.99614689,False,False,False,False,13083812.831321683,False,False,False,False
2022-06-17 00:00:00+00:00,1.38,1.39,1.08,1.24,20453157,,,,,,,,,,,,,,,,,2.6891584075643835,,,,,,,,,,,,,,,,,2.778162306420088,2.778162306420088,,2.7336603569922358,#000000,,2.7336603569922358,,20.68951941067924,-11.01129970914478,False,False,False,True,False,,0.0,0.0,0.0,0.0,0,,,False,False,False,False,,,False,False,False,False,-162060077,-81615503.84828416,False,False,False,False,13629690.177149706,False,False,False,False
2022-06-24 00:00:00+00:00,1.24,1.42,1.12,1.4,14053647,,,,,,,,,,,,,,,,,2.619146826336258,,,,,,,,,,,,,,,,,2.7155104256274964,2.7155104256274964,,2.6673286259818774,#000000,,2.6673286259818774,,19.752476994926,-12.830077821615703,False,False,False,True,False,,0.0,0.0,0.0,0.0,0,,,False,False,False,False,-0.33241098118630036,-0.33241098118630036,False,False,False,False,-176113724,-88615372.0076705,False,False,False,False,13661094.386249727,False,False,False,False
2022-07-01 00:00:00+00:00,1.1,1.26,1.01,1.25,9746968,,,,,,,,,,,,,,,,,2.569995292075633,,,,,,,,,,,,,,,,,2.6712075343555393,2.6712075343555393,,2.620601413215586,#000000,,2.620601413215586,,18.76238865575712,-14.713247178527283,False,False,False,True,False,,0.0,0.0,0.0,0.0,0,0.78532173116556,1.2032287611632702,False,False,False,False,-0.34282825441539394,-0.33761961780084715,False,False,False,False,-185860692,-95818729.04413937,False,False,False,False,13371159.098379375,False,False,False,False
2022-07-08 00:00:00+00:00,1.11,1.3,1.02,1.07,10826792,,,,,,,,,,,,,,,,,2.5197562019764748,,,,,,,,,,,,,,,,,2.6253998183477663,2.6253998183477663,,2.5725780101621205,#000000,,2.5725780101621205,,18.172642837867425,-16.21269961629971,False,False,False,True,False,,0.0,0.0,0.0,0.0,0,0.8009863311587448,1.2067800559179869,False,False,False,False,-0.33566817498410384,-0.3366438963924755,False,False,False,False,-175033900,-101686519.48531424,False,False,False,False,13182687.461462386,False,False,False,False
2022-07-15 00:00:00+00:00,1.06,1.16,0.9069,1.16,18869273,,,,,,,,,,,,,,,,,2.4343237810609533,,,,,,,,,,,,,,,,1.0422999999999998,2.546786744019287,2.546786744019287,,2.00780350836008,#000000,,2.00780350836008,,17.62909612931705,-17.666994269227587,False,False,False,True,False,,0.0,0.0,0.0,0.0,0,0.7821759915533439,1.215076889988171,False,False,False,False,-0.34282825441539394,-0.3397360754039347,False,False,False,False,-193903173,-108517382.70862429,False,False,False,False,13603916.01987258,True,False,False,False
2022-07-22 00:00:00+00:00,1.29,1.4499,1.1,1.1,10191588,,,,,,,,,,,,,,,,,2.399363191873754,,,,,,,,,,,,,,,,1.125649242405447,2.513696999431267,2.513696999431267,,2.012903144570156,#000000,,2.012903144570156,,19.924245399972023,-17.666994269227587,False,False,False,True,False,,0.0,0.0,0.0,0.0,0,0.8100554328022638,1.1676648447493896,False,False,False,False,-0.2774684936941242,-0.30860228454902944,False,False,False,False,-183711585,-114087323.61909656,False,False,False,False,13351150.9813635,False,False,False,False
2022-07-29 00:00:00+00:00,1.55,1.575,1.24,1.3,11266181,,,,,,,,,,,,,,,,,2.368770986290971,,,,,,,,,,,,,,,,1.2176600883174125,2.483985631124778,2.483985631124778,,2.023472235244387,#000000,,2.023472235244387,,24.10402717531999,-17.666994269227587,False,False,False,True,False,,0.0,0.0,0.0,0.0,0,0.8482749199906331,1.1409921161501835,False,False,False,False,-0.24258559256789533,-0.27559393855846237,False,False,False,False,-172445404,-118410144.38805237,False,False,False,False,13196708.760521758,False,False,False,False
2022-08-05 00:00:00+00:00,1.52,1.61,1.38,1.54,13268475,,,,,,,,,,,,,,,,,2.336966314914661,,,,,,,,,,,,,,,,1.288383322681634,2.4526103082276793,2.4526103082276793,,2.0259866486079914,#000000,,2.0259866486079914,,26.945732784666625,-17.666994269227587,False,False,False,True,True,,0.0,0.0,0.0,0.0,0,0.8542938704305765,1.143723733248751,False,False,False,False,-0.21987656185013335,-0.24773525020429787,False,False,False,False,-185713879,-123395606.2111596,False,False,False,False,13202024.778260887,False,False,False,False
2022-08-12 00:00:00+00:00,1.83,1.83,1.28,1.52,14903619,,,,,,,,,,,,,,,,,2.309601247087039,,,,,,,,,,,,,,,,1.366336400116054,2.4246517263146767,2.4246517263146767,,2.03352979117259,#000000,,2.03352979117259,,31.593052694093892,-17.666994269227587,False,False,False,True,True,,0.0,0.0,0.0,0.0,0,0.8323213080922333,1.150811604556098,False,False,False,False,-0.20443399811192733,-0.2260846241581126,False,False,False,False,-170810260,-126907802.78811075,False,False,False,False,13328068.794686006,False,False,False,False
2022-08-19 00:00:00+00:00,1.8,2.045,1.74,1.81,12452703,,,,,,,,,,,,,,,,1.8616666666666664,2.2952399623460322,,,,,,,,,,,,,,,,1.4425323305910318,2.4087929407073045,2.4087929407073045,,2.0020579750777587,#000000,,2.0020579750777587,,34.73726494871153,-27.428472166870865,False,False,False,True,True,,0.0,0.0,0.0,0.0,0,0.8430919546079081,1.1643682255355965,False,False,False,False,-0.11912552209437911,-0.17260507312624584,False,False,False,False,-183262963,-131082259.10010254,False,False,False,False,13263226.883968525,False,False,False,False
2022-08-26 00:00:00+00:00,1.7,1.83,1.635,1.75,9584193,,,,,,,,,,,,,,,,1.8007784626292194,2.281427437218159,,,,,,,,,,,,,,,,1.4720816414099083,2.3942119671954663,2.3942119671954663,,1.9871248771131882,#000000,,1.9871248771131882,,36.39572955051988,-25.45473920196558,False,False,False,True,True,,0.0,0.0,0.0,0.0,0,0.8131910026687001,1.2374598333424107,False,False,False,False,-0.15927883591917436,-0.1659419545227101,False,False,False,False,-192847156,-135657436.6482431,False,False,False,False,12990705.855526412,False,False,False,False
2022-09-02 00:00:00+00:00,1.57,1.835,1.52,1.67,9734716,,,,,,,,,,,,,,,,1.752027138776171,2.2661526699474366,,,,,,,,,,,,,,,,1.4885456859259356,2.378334207118864,2.378334207118864,,1.971264925442102,#000000,,1.971264925442102,,36.85071677122533,-24.598093180138786,False,False,False,True,True,,0.0,0.0,0.0,0.0,0,0.7740804629681153,1.2275888932168495,False,False,False,False,-0.16865870569483501,-0.16730033010877254,False,False,False,False,-202581872,-140614802.22985473,False,False,False,False,12749521.421783715,False,False,False,False
2022-09-09 00:00:00+00:00,1.74,1.76,1.51,1.6,10081009,,,,,,,,,,,,,,,,1.7322693242238438,2.251768399499117,,,,,,,,,,,,,,,,1.5051221557801444,2.363188530768633,2.363188530768633,,1.9630871025679348,#000000,,1.9630871025679348,,38.612558681962184,-22.44619432379676,False,False,False,True,True,,0.0,0.0,0.0,0.0,0,0.7882204796519948,1.2197927994963083,False,False,False,False,-0.17973940518925008,-0.1735198676490113,False,False,False,False,-192500863,-144458214.1387544,False,False,False,False,12551853.83498492,False,False,False,False
2022-09-16 00:00:00+00:00,1.81,1.985,1.74,1.77,15552942,,,,,,,,,,,,,,,,1.762811549930564,2.2371697400757435,,,,,,,,,,,,,,,,1.547107089148171,2.346640305276183,2.346640305276183,,1.9734321711076654,#000000,,1.9734321711076654,,40.433393437537575,-20.253506104222957,False,False,False,True,True,,0.0,0.0,0.0,0.0,0,0.7894858596957954,1.2001041003990514,False,False,False,False,-0.12086395722082535,-0.14719191243491833,False,False,False,False,-176947921,-146864859.09143925,False,False,False,False,12774156.662023075,False,False,False,False
2022-09-23 00:00:00+00:00,1.36,1.82,1.305,1.76,9790488,,,,,,,,,,,,,,,,1.7237913139667487,2.2207729685167292,,,,,,,,,,,,,,,,1.5433475318469965,2.3298573780893554,2.3298573780893554,,1.9544422981049574,#000000,,1.9544422981049574,,39.263740145636625,-20.253506104222957,False,False,False,True,True,,0.0,0.0,0.0,0.0,0,0.7422767430082718,1.2104552360587475,False,False,False,False,-0.19671568601338854,-0.17195379922415344,False,False,False,False,-186738409,-149818455.38096228,False,False,False,False,12553144.168539885,False,False,False,False
2022-09-30 00:00:00+00:00,1.37,1.47,1.3,1.35,8926952,,,,,,,,,,,,,,,,1.6834748729850642,2.2041705613376688,,,,,,,,,,,,,,,1.3800000000000003,1.533264735490924,2.3130911855023264,2.3130911855023264,,1.8228002710631965,#000000,,1.7002275424534141,,38.51112602200608,-20.253506104222957,False,False,False,True,True,,0.0,0.0,0.0,0.0,0,0.7452705422344892,1.255879477890863,False,False,False,False,-0.2318092171143051,-0.20188150816922928,False,False,False,False,-177811457,-151892011.05644655,False,False,False,False,12284537.341240635,False,False,False,False
2022-10-07 00:00:00+00:00,1.56,1.695,1.37,1.45,10095883,,,,,,,,,,,,,,,,1.6668697053025405,2.189698520352477,,,,,,,,,,,,,,,1.4658004472869932,1.5338129903937971,2.2979929446473384,2.2979929446473384,,1.8308349215966295,#000000,,1.7140454158339522,,39.51002396437565,-19.95378852686432,False,False,False,True,True,,0.0,0.0,0.0,0.0,0,0.7907778621939104,1.204546782771317,False,False,False,False,-0.1763720681486253,-0.1891267881589273,False,False,False,False,-167715574,-153064126.8300431,False,False,False,False,12122414.797445033,False,False,False,False
2022-10-14 00:00:00+00:00,1.46,1.7,1.43,1.61,9928351,,,,,,,,,,,,,,,,1.6527362728929311,2.1758249268627905,,,,,,,,,,,,,,,1.4878166677408888,1.5335830630270446,2.283490425005738,2.283490425005738,,1.8266902711058788,#000000,,1.7124902326309137,,39.67540513803816,-19.32896884787996,False,False,False,True,True,,0.0,0.0,0.0,0.0,0,0.8016356359839917,1.1699437387622527,False,False,False,False,-0.1653457426554027,-0.177236265407165,False,False,False,False,-177643925,-154884852.6204103,False,False,False,False,11959891.553189844,False,False,False,False
2022-10-21 00:00:00+00:00,1.67,1.74,1.49,1.5,6764027,,,,,,,,,,,,,,,,1.651460979966197,2.1681621450438646,,,,,,,,,,,,,,,1.5153757545372426,1.537519309145186,2.2752323062713127,2.2752323062713127,,1.8295500989927604,#000000,,1.7181295471731224,,41.38853384263654,-17.217075920147295,False,False,False,True,True,,0.0,0.0,0.0,0.0,0,0.8128764399742704,1.170750248523478,False,False,False,False,-0.10175441565224345,-0.13949534052970422,False,False,False,False,-170879898,-156069670.7966762,False,False,False,False,11575012.697398003,False,False,False,False
2022-10-28 00:00:00+00:00,1.55,1.68,1.47,1.67,9108865,,,,,,,,,,,,,,,,1.6445659695827226,2.1569341746688755,,,,,,,,,,,,,,,1.5257987685770136,1.538990062667088,2.263316153205201,2.263316153205201,,1.8259210257401803,#000000,,1.716572243873925,,41.9079470356672,-16.28630162522981,False,False,False,True,True,,0.0,0.0,0.0,0.0,0,0.8691211546694393,1.1473915968442296,False,False,False,False,-0.07783746751582621,-0.10866640402276521,False,False,False,False,-179988763,-157841455.4043298,False,False,False,False,11392335.090183336,False,False,False,False
2022-11-04 00:00:00+00:00,1.27,1.59,1.23,1.52,15111421,,,,,,,,,,,,,,,,1.6111374086526908,2.133096331311842,,,,,,,,,,,,,,,1.4848366738105132,1.5254215226659276,2.2388885660043014,2.2388885660043014,,1.7986761004890552,#000000,,1.6886229841102436,,40.811365778429646,-16.28630162522981,False,False,False,True,True,,0.0,0.0,0.0,0.0,0,0.8546423596390286,1.1065956029313793,False,False,False,False,-0.08328629926835257,-0.0959763516455589,False,False,False,False,-195100184,-160601361.2262313,False,False,False,False,11667822.93535494,False,False,False,False
2022-11-11 00:00:00+00:00,1.13,1.3,0.95005,1.29,14135633,,,,,,,,,,,,,,,,1.562661429528305,2.105591021718124,,,,,,,,,,,,,,1.1266833333333333,1.4164871826928473,1.4985515430888436,2.211349302354039,2.211349302354039,,1.6535539687859153,#000000,,1.4010958721608322,,39.376829674330736,-16.28630162522981,False,False,False,True,True,,0.0,0.0,0.0,0.0,0,0.8968932397252863,1.1298461577630816,False,False,False,False,-0.2657264207203437,-0.1808513861829513,False,False,False,False,-209235817,-164203913.50576973,False,False,False,False,11850623.680884203,False,False,False,False
2022-11-18 00:00:00+00:00,1.06,1.34,1.04,1.11,11557085,,,,,,,,,,,,,,,,1.5312025068266644,2.084632513278525,,,,,,,,,,,,,,1.1356722259026857,1.3800699974738857,1.4801767876245475,2.190223341230155,2.190223341230155,,1.6336628953894106,#000000,,1.3817803794569459,,38.034353376012405,-16.28630162522981,False,False,False,True,True,,0.0,0.0,0.0,0.0,1,0.9126575856244662,1.0783512834839348,False,False,False,False,-0.21288276466144423,-0.19686707542219778,False,False,False,False,-220792902,-168395690.43126827,False,False,False,False,11828880.074892782,False,False,False,False
2022-11-25 00:00:00+00:00,1.05,1.125,1.0,1.04,5212731,,,,,,,,,,,,,,,,1.5156052744367159,2.074613921990805,,,,,,,,,,,,,,1.1226277028219198,1.3616077651884846,1.4704699192199513,2.1801830114099294,2.1801830114099294,,1.6208512658446343,#000000,,1.367577665416768,,37.02853265059676,-16.28630162522981,False,False,False,True,False,,0.0,0.0,0.0,0.0,1,0.9353600379924675,1.0732146508452665,False,False,False,False,-0.3179820721720263,-0.25742457379711203,False,False,False,False,-226005633,-172663093.58450767,False,False,False,False,11338794.958234057,False,False,False,False
2022-12-02 00:00:00+00:00,1.09,1.15,0.995,1.05,10868049,,,,,,,,,,,,,,,,1.4874693901721041,2.054741519998044,,,,,,,,,,,,,,1.111103808461288,1.331338659242538,1.4525184258709187,2.1601754611561543,2.1601754611561543,,1.5995578774835078,#000000,,1.3456075709367121,,36.68218000168653,-16.28630162522981,False,False,False,True,False,,0.0,0.0,0.0,0.0,1,0.9326257929810752,1.0600364220960716,False,False,False,False,-0.30951768923447376,-0.2834711315157929,False,False,False,False,-215137584,-175809352.13380343,False,False,False,False,11303924.887253756,False,False,False,False
2022-12-09 00:00:00+00:00,1.02,1.1,0.9798,1.08,8576495,,,,,,,,,,,,,,,,1.4655208127522494,2.0389118549274423,,,,,,,,,,,,,,1.0978452195789448,1.3081587023179502,1.43790056795145,2.1442555900476328,2.1442555900476328,,1.5820987912626114,#000000,,1.3273563256501486,,36.066925007414625,-16.28630162522981,False,False,False,True,False,0.0,0.0,0.0,0.0,0.0,0,0.9454937975000508,1.0500801959895238,False,False,False,False,-0.3372773096323506,-0.3103742205740717,False,False,False,False,-223714079,-179357850.42018837,False,False,False,False,11101893.043753477,False,False,False,False
2022-12-16 00:00:00+00:00,1.02,1.23,0.97,1.03,13903543,,,,,,,,,,,,,,,,1.437029588079902,2.0152487570316033,,,,,,,,,,,,,,1.0925411991990086,1.281868904549826,1.4183965896649033,2.1202788299540583,2.1202788299540583,,1.5608939780798836,#000000,,1.30745907037341,,35.62745715436326,-16.28630162522981,False,False,False,True,False,0.0,0.0,0.0,0.0,0.0,0,0.9754706567731647,1.0122646716134174,False,False,False,False,-0.2864566565217112,-0.29841543854789143,False,False,False,False,-223714079,-182643496.9816559,False,False,False,False,11309422.670142109,False,False,False,False
2022-12-23 00:00:00+00:00,1.03,1.11,0.951,1.0,6559925,,,,,,,,,,,,,,,,1.4235516180343806,2.0039906973580326,,,,,,,,,,,,,1.0303333333333333,1.0867784680921517,1.2692488846122882,1.408842370195444,2.1088855928371575,2.1088855928371575,,1.4759472806375413,#000000,,1.2024780760180385,,35.42318124128977,-16.28630162522981,False,False,False,True,False,0.0,0.0,0.0,0.0,0.0,0,0.966792410884864,1.0333465330026468,False,False,False,False,-0.34282825441539394,-0.3206218464816427,False,False,False,False,-217154154,-185199841.9459777,False,False,False,False,10957608.02790936,False,False,False,False
2022-12-30 00:00:00+00:00,1.05,1.06,0.9901,1.04,5031446,,,,,,,,,,,,,,,,1.4138795873869086,1.9955550453271473,,,,,,,,,,,,,1.0316500069922705,1.0832352032209185,1.2605080899945904,1.4018834178058748,2.1003312568658195,2.1003312568658195,,1.4695775153705044,#000000,,1.197318221898672,,35.507917269643364,-16.28630162522981,False,False,False,True,False,0.0,0.0,0.0,0.0,0.0,0,0.9871883483800172,1.0185263037886292,False,False,False,False,-0.34282825441539394,-0.3317250504485183,False,False,False,False,-212122708,-187194128.32034972,False,False,False,False,10518633.062879037,False,False,False,False
2023-01-06 00:00:00+00:00,1.16,1.19,1.005,1.05,6146447,,,,,,,,,,,,,,,,1.4051930238788346,1.9863394850156089,,,,,,,,,,,,,1.0616872117453606,1.0858663196254001,1.254350906994441,1.3956057261425758,2.0908817142858576,2.0908817142858576,,1.4685606268125828,#000000,,1.2017743655610091,,36.819332860567314,-16.28630162522981,False,False,False,True,False,0.0,0.0,0.0,0.0,0.0,0,0.9877204007483332,1.0057786349419608,False,False,False,False,-0.2821311598148419,-0.3069281051316801,False,False,False,False,-205976261,-188585397.4077312,False,False,False,False,10194767.428591702,False,False,False,False
2023-01-13 00:00:00+00:00,1.41,1.44,1.15,1.16,13279592,,,,,,,,,,,,,,,,1.4009023014775426,1.9718469901579447,,,,,,,,,,,,,1.1779880138777974,1.1203601618036836,1.261108708817365,1.392763005860517,2.0754528255723876,2.0754528255723876,,1.4857745725096054,#000000,,1.2400897964940971,,40.19078947376503,-14.77083930194516,False,False,False,True,True,0.0,0.0,0.0,0.0,0.0,0,1.024874442264997,0.9497050560788626,False,False,False,False,-0.1252593758243262,-0.21609374047800317,False,False,False,False,-192696669,-188889936.04419556,False,False,False,False,10423272.952399723,False,False,False,False
2023-01-20 00:00:00+00:00,1.51,1.52,1.28,1.43,12243796,,,,,,,,,,,,,,,,1.4027684788107224,1.9611154920739138,,,,,,,,,,,,,1.251199302862708,1.1563811971238016,1.2739453330541939,1.394536238826985,2.0636786244895675,2.0636786244895675,,1.5005178096059846,#000000,,1.2710735779628564,,43.442557512343306,-11.54668207169243,False,False,False,True,True,0.0,0.0,0.0,0.0,0.0,0,1.0220295048501626,0.985298977096658,False,False,False,False,-0.04474888227802293,-0.13042131137801305,False,False,False,False,-180452873,-188264968.4112922,False,False,False,False,10558126.511481225,False,False,False,False
2023-01-27 00:00:00+00:00,1.79,1.86,1.48,1.53,27261948,,,,,,,,,,,,,,,,1.4347481131842839,1.9503829008982287,,,,,,,,,,,,,1.4285566676186945,1.2683644118461188,1.3349980063176736,1.4205651875662624,2.0497355747447394,2.0497355747447394,,1.5553358374537145,#000000,,1.3666667997416928,,47.799828431821574,-7.370882062246814,False,False,False,False,True,0.0,0.0,0.0,0.0,0.0,0,1.0306388193841598,0.9540417709237603,False,False,False,False,0.16211609912759917,0.01584739387479306,False,False,False,False,-153190925,-185666891.12156683,False,False,False,False,11795446.621741876,False,False,False,False
2023-02-03 00:00:00+00:00,2.04,2.14,1.7,1.74,15279895,,,,,,,,,,,,,,,1.96,1.4637024321672951,1.9506078881044733,,,,,,,,,,,,,1.5231966415109561,1.3387919719912103,1.3804757436511277,1.4444090140094181,2.0477956475328765,2.0477956475328765,,1.6386224173709194,#000000,,1.5506160892883234,,52.3675835682902,-3.111072348827747,False,False,False,False,True,0.0,0.0,0.0,0.0,0.0,0,1.0410529370545225,0.9207253629291978,False,False,False,False,0.34282817165574136,0.1793377827652672,False,False,False,False,-137911030,-182129419.9273767,False,True,False,False,12053553.909020256,False,True,False,False
2023-02-10 00:00:00+00:00,1.79,2.04,1.74,2.0,13636383,,,,,,,,,,,,,,,1.9112699072128163,1.482128013489621,1.9486866781187782,,,,,,,,,,,,,1.5689262368091563,1.3819333345609366,1.409512842078151,1.4600542496729607,2.0441779928275263,2.0441779928275263,,1.6508361568462433,#000000,,1.567910580165265,,53.50328310287068,-2.18764809836199,False,False,False,False,True,0.0,0.0,0.0,0.0,0.0,0,1.0631049082410606,0.9647786558654544,False,False,False,False,0.31819706347394533,0.24876742311960626,False,False,False,False,-151547413,-179864086.08090433,False,False,False,False,12170800.50835209,False,False,False,False
2023-02-17 00:00:00+00:00,1.85,1.8675,1.67,1.79,8324360,,,,,,,,,,,,,,,1.8854664932611158,1.490857432880237,1.9468019145895448,,,,,,,,,,,,,1.5864539826592838,1.4019630178134341,1.4233771734000755,1.4676570269665137,2.04134126441963,2.04134126441963,,1.6554897882487294,#000000,,1.5743151667834772,,54.67792916807082,-1.1508429542335605,False,False,True,False,True,0.0,0.0,0.0,0.0,0.0,0,0.985089203838039,1.0219934243388926,False,False,False,False,0.22203562041355246,0.23540152176657936,False,False,False,False,-143223053,-177149935.48231885,False,False,False,False,11885878.989214897,False,False,False,False
2023-02-24 00:00:00+00:00,1.57,1.83,1.54,1.82,13888630,,,,,,,,,,,,,,,1.8205994891875494,1.497770268381864,1.9407518007142786,,,,,,,,,,,,,1.593328253436116,1.4202442954827192,1.4359917470066221,1.474173304475703,2.0339603211273523,2.0339603211273523,,1.6521024349765256,#000000,,1.5675409462782517,,53.42379838338435,-1.1508429542335605,False,False,False,False,True,0.0,0.0,0.0,0.0,0.0,0,0.9787438338793969,0.9926702875446195,False,False,False,False,0.15799584556229593,0.19669868366443766,False,False,False,False,-157111683,-175665620.48362857,False,False,False,False,12034230.915939718,False,False,False,False
2023-03-03 00:00:00+00:00,1.59,1.85,1.52,1.57,13991668,,,,,,,,,,,,,,,1.7846612385403466,1.5044259031618732,1.9350312186901737,,,,,,,,,,,,,1.5995177686316202,1.4365591687371182,1.447695302196041,1.4805110243470592,2.0269218824197885,2.0269218824197885,,1.6519154383405026,#000000,,1.5671083695262815,,52.66487620123019,-1.1508429542335605,True,False,False,False,True,0.0,0.0,0.0,0.0,0.0,0,0.9926863695869992,0.990492280463099,False,False,False,False,0.15799584556229593,0.1773472646133668,False,False,False,False,-143120015,-173254834.8922487,False,False,False,False,12179226.255499741,False,False,False,False
2023-03-10 00:00:00+00:00,1.24,1.63,1.175,1.57,10135024,,,,,,,,,,,,,,,1.7258991977512477,1.4997338215546505,1.9266928948585558,,,,,,,,,,,,,1.5820546340966237,1.4323018736963833,1.443965099419006,1.4772087193275871,2.0179525533954155,2.0179525533954155,,1.6382260992624338,#000000,,1.546055201240815,,49.90282090586831,-1.1508429542335605,True,False,False,False,False,0.0,0.0,0.0,0.0,0.0,0,0.9453245379213384,1.0113611349773843,False,False,False,False,-0.051687443700973945,0.06282991045619643,False,False,False,False,-153255039,-171773368.5298599,False,False,False,False,12027803.866203465,False,False,False,False
2023-03-17 00:00:00+00:00,1.09,1.29,1.03,1.24,18592062,,,,,,,,,,,,,,,1.609167406106865,1.480759687365437,1.9066190357409827,,,,,,,,,,,,,1.5316766973681566,1.40826043018664,1.424165725505205,1.462285211019794,1.99708995664503,1.99708995664503,,1.6025030187422638,#000000,,1.4933175647917167,,47.123254971383716,3.226593567584416,True,False,False,False,False,0.0,0.0,0.0,0.0,0.0,0,0.8922986445217564,1.0914044398466671,False,False,False,False,-0.23469448810863822,-0.08593228882622089,False,False,False,False,-171847101,-171778830.19431472,False,False,False,False,12514045.209447652,False,False,False,False
2023-03-24 00:00:00+00:00,1.1,1.18,1.0205,1.1,10396985,,,,,,,,,,,,,,,1.5584016840330142,1.4699526824850193,1.8953205458196662,,,,,,,,,,,,1.1001666666666665,1.5060060987254615,1.3948589428818672,1.4128978470268476,1.4536232521277812,1.985371373081857,1.985371373081857,,1.5307332325386867,#000000,,1.3898583480767523,,45.217646117734574,1.4145081196929183,True,False,False,True,False,0.0,0.0,0.0,0.0,0.0,0,0.9500824497653354,1.0880459032539678,False,False,False,False,-0.2817696712997009,-0.18385098006296088,False,False,False,False,-161450116,-171013740.25399512,False,False,False,False,12357225.934673753,False,False,False,False
2023-03-31 00:00:00+00:00,1.2,1.21,1.04,1.07,7219282,,,,,,,,,,,,,,,1.5319504595847138,1.4637662909802607,1.888139843583233,,,,,,,,,,,,1.1205887507741188,1.491883649516595,1.3876801793549154,1.4066990243502093,1.4486626672962837,1.9778609602139317,1.9778609602139317,,1.5241368695171402,#000000,,1.3830257598075857,,44.666920986943296,0.8686786582443915,True,False,False,True,False,0.0,0.0,0.0,0.0,0.0,0,0.9537385932055424,1.0313383723446325,False,False,False,False,-0.2621332462702845,-0.2229921131666227,False,False,False,False,-154230834,-169770562.01295844,False,False,False,False,11976637.49506829,False,False,False,False
2023-04-07 00:00:00+00:00,1.04,1.21,1.03,1.2,6978803,,,,,,,,,,,,,,,1.506106634800618,1.456969473357639,1.880805755681605,,,,,,,,,,,,1.1128550793919272,1.477164596769838,1.3795679037821644,1.3997155322705543,1.4431379467074914,1.9702397419429685,1.9702397419429685,,1.514062518300534,#000000,,1.3689235536861368,,43.33977963107309,-0.47903887150020097,True,False,False,True,False,0.0,0.0,0.0,0.0,0.0,0,0.9405129613105452,1.066350927769007,False,False,False,False,-0.2660838483824665,-0.2445379807745446,False,False,False,False,-161209637,-169136419.41940597,False,False,False,False,11606427.53247064,False,False,False,False
2023-04-14 00:00:00+00:00,1.21,1.23,1.025,1.03,11350565,,,,,,,,,,,,,,,1.4754020628488802,1.448219134996726,1.8700739647847109,,,,,,,,,,,,1.1261631948496669,1.4589097624497425,1.3699335187586863,1.391155872745818,1.436031208002996,1.9589731878954653,1.9589731878954653,,1.503873545259188,#000000,,1.357602134726744,,43.74803237581705,-0.47903887150020097,True,False,False,True,False,0.0,0.0,0.0,0.0,0.0,0,0.9299034824874249,1.0647044777039154,False,False,False,False,-0.2601609483375833,-0.25234946455606394,False,False,False,False,-149859072,-167708467.75870922,False,False,False,False,11587474.75228763,False,False,False,False
2023-04-21 00:00:00+00:00,1.26,1.27,1.15,1.2,6415045,,,,,,,,,,,,,,,1.4636873285024525,1.444649156168248,1.8647417722517277,,,,,,,,,,,,1.14138330685831,1.4517030844891492,1.3665419584373142,1.3879671781432399,1.43315286107626,1.9532977164816234,1.9532977164816234,,1.5007915958231473,#000000,,1.3558289195718065,,44.423619478714954,-0.47903887150020097,True,False,False,True,False,0.0,0.0,0.0,0.0,0.0,0,0.9431373942710926,1.0710782571611346,False,False,False,False,-0.1960795344342646,-0.22421449949516425,False,False,False,False,-143444027,-165911101.77658263,False,False,False,False,11204331.807673732,False,False,False,False
2023-04-28 00:00:00+00:00,1.27,1.325,1.16,1.25,7216925,,,,,,,,,,,,,,,1.4530188221349036,1.4412131241303767,1.8590786533187649,,,,,,,,,,,,1.1574370621069736,1.444955451630734,1.3635619459988775,1.3850580963362287,1.4303886546041553,1.9472331443323707,1.9472331443323707,,1.4979938838437095,#000000,,1.354743320467872,,44.98604416930326,-0.47903887150020097,True,False,False,True,False,0.0,0.0,0.0,0.0,0.0,0,0.9475028038275228,1.0532926082356966,False,False,False,False,-0.1712927495937003,-0.1977536245444323,False,False,False,False,-136227102,-163712286.97831726,False,False,False,False,10908968.340438642,False,False,False,False
2023-05-05 00:00:00+00:00,1.3,1.39,1.18,1.26,10852227,,,,,,,,,,,,,,1.29,1.4415517371501683,1.437270178481544,1.8512823263309324,,,,,,,,,,,,1.1812432360808152,1.437475005920347,1.3608001456635692,1.3821021608867217,1.427245316508235,1.9388003957789448,1.9388003957789448,,1.4747770502801276,#000000,,1.3375674947878327,,45.638957480553316,-0.47903887150020097,True,False,False,True,False,0.0,0.0,0.0,0.0,0.0,0,0.9885920095175236,1.0293348326692255,False,False,False,False,-0.13918623820828113,-0.1684699313763567,False,False,False,False,-125374875,-160872478.6836271,False,False,False,False,10904765.278183928,False,False,False,False
2023-05-12 00:00:00+00:00,1.08,1.31,0.99,1.29,26607353,,,,,,,,,,,,,,1.1739851472796368,1.395233642023769,1.4186060872717705,1.8277339874989107,,,,,,,,,,,1.1266666666666667,1.1645591251697,1.404581162752313,1.3410648776949152,1.3640070877157606,1.4116033875882572,1.914031396942754,1.914031396942754,,1.3628041171661702,#000000,,1.215111145284943,,44.563682860538556,-0.47903887150020097,True,False,False,True,False,0.0,0.0,0.0,0.0,0.0,0,1.0032672245787,0.9950868803327819,False,False,True,False,-0.24249708866713282,-0.20548351002174475,False,False,False,False,-151982228,-160213941.59595102,False,False,False,False,12067919.924244378,False,False,False,False
2023-05-19 00:00:00+00:00,1.25,1.31,1.05,1.1,15234064,,,,,,,,,,,,,,1.1824698925105022,1.3803272966692126,1.4114460830532587,1.8163282457174463,,,,,,,,,,,1.1545802745319709,1.1703348321693683,1.393083283848647,1.3347238780789568,1.3577442493624146,1.4055774830041667,1.90183414693599,1.90183414693599,,1.3606615518945946,#000000,,1.2219280739702634,,45.229527510279276,-0.47903887150020097,True,False,False,True,False,0.0,0.0,0.0,0.0,0.0,0,0.9983514943703533,1.001648505629647,False,False,False,False,-0.21917209184376218,-0.21232780093275347,False,False,False,False,-136748164,-158475735.8481028,False,False,False,False,12302449.11504109,False,False,False,False
2023-05-26 00:00:00+00:00,1.27,1.325,1.225,1.26,6779880,,,,,,,,,,,,,,1.192828169332402,1.376752090816618,1.409431511237702,1.8119495392407519,,,,,,,,,,,1.1711395096405322,1.1767384107886374,1.3901139200489387,1.3334912742738478,1.3563049144546948,1.4038962745057186,1.8970700092281607,1.8970700092281607,,1.3622645614339843,#000000,,1.2293645451445474,,45.86849040833621,-0.47903887150020097,True,False,False,True,False,0.0,0.0,0.0,0.0,0.0,0,1.0339342172783101,0.9635827912135208,False,False,False,False,-0.14671271268283112,-0.1795202568077923,False,False,False,False,-129968284,-156364072.74824333,False,False,False,False,11893369.921334343,False,False,False,False
2023-06-02 00:00:00+00:00,1.36,1.37,1.18,1.26,9614827,,,,,,,,,,,,,,1.2082068550167018,1.373430386247346,1.4072812838940791,1.8061988304120395,,,,,,,,,,,1.1929648073762604,1.1869956768182108,1.3871659664630147,1.3326563443101689,1.3550542271716293,1.4021153622707145,1.8907553754554234,1.8907553754554234,,1.3652069739980166,#000000,0.8733212364199001,1.2403994313646298,0.13694911293542086,47.06558995880683,-0.47903887150020097,True,False,False,False,True,0.0,0.0,0.0,0.0,0.0,0,1.0271555767679927,0.9605009792465562,False,False,False,False,-0.14671271268283112,-0.1631164847453117,False,False,False,False,-120353457,-153696619.72985494,False,False,False,False,11724588.964198465,False,False,False,False
2023-06-09 00:00:00+00:00,1.34,1.48,1.31,1.32,8975376,,,,,,,,,,,,,1.3766666666666667,1.2275755196776603,1.373561529496808,1.4067128538809335,1.8017126342217338,,,,,,,,,,,1.217496223265364,1.2003328022109643,1.3868432571241087,1.3337650921060455,1.3555202988957922,1.4017014956914435,1.8857016332547063,1.8857016332547063,,1.3280175739015785,#000000,0.8586886503257157,1.255517802955164,0.0983851329731569,47.754567156305605,-0.47903887150020097,True,False,False,False,True,0.0,0.0,0.0,0.0,0.0,0,1.0506374573532054,0.9347034721428689,False,False,False,False,-0.057234913821677655,-0.11017569928349469,False,False,False,False,-129328833,-151891598.49060643,False,False,False,False,11520943.559443023,False,False,False,False
2023-06-16 00:00:00+00:00,1.26,1.38,1.215,1.33,13940814,,,,,,,,,,,,,1.320902250766816,1.2362766554098672,1.368317427516341,1.403301140186456,1.793464070683794,,,,,,,,,,,1.2290924125712548,1.208669514781193,1.3822027521757057,1.3319287536805071,1.3532347523688535,1.3988262643424325,1.8766674647071369,1.8766674647071369,,1.3232751923799424,#000000,0.846169429075941,1.2487352083822827,0.013312690379300314,47.57648552487794,-0.47903887150020097,True,False,False,False,True,0.0,0.0,0.0,0.0,0.0,0,1.0373078644978362,0.9718118357127462,False,False,False,False,-0.12980002814493433,-0.11998786371421451,False,False,False,False,-143269647,-151252935.4172282,False,False,False,False,11700193.221706502,False,False,False,False
2023-06-23 00:00:00+00:00,1.27,1.34,1.19,1.28,10874042,,,,,,,,,,,,,1.3034486855057206,1.2394888133649093,1.3638296656432845,1.4003776206943575,1.7869851690510337,,,,,,,,,,,1.2335322712694758,1.2128062013516523,1.3782373615905008,1.3300665174068023,1.3511002625813542,1.3963343618894284,1.8695945629207122,1.8695945629207122,,1.3209221761297487,#000000,0.8311543476091254,1.2473189928729396,0.027288562217479797,47.544592374583864,-0.47903887150020097,True,False,False,False,True,0.0,0.0,0.0,0.0,0.0,0,1.0363672595028148,0.9584848635812617,False,False,False,False,-0.1542557274069397,-0.1371217955605771,False,False,False,False,-132395605,-149856096.12706316,False,False,False,False,11638996.834913429,False,False,False,False
2023-06-30 00:00:00+00:00,1.37,1.41,1.24,1.25,9199694,,,,,,,,,,,,,1.3112705391335946,1.2477390486948092,1.3629716527964806,1.3993040942198105,1.7823822028813747,,,,,,,,,,,1.2432083430434493,1.2200446885120666,1.3771583958501787,1.3303006694543718,1.3508734403494174,1.39544982713347,1.864449938919151,1.864449938919151,,1.323832069918765,#000000,0.8184648341160944,1.25556565484598,0.1398158361655259,48.47227240493639,-0.47903887150020097,True,False,False,False,True,0.0,0.0,0.0,0.0,0.0,1,1.0375530872263965,0.939562234563868,False,False,False,False,-0.14852951503870906,-0.14282565529964308,False,False,False,False,-123195911,-147881267.59913257,False,False,False,False,11458307.736030953,False,False,False,False
2023-07-07 00:00:00+00:00,1.52,1.54,1.35,1.37,6579177,,,,,,,,,,,,,1.3323382840583848,1.2600627088571554,1.3656584284463342,1.4001917441839655,1.7800984847397125,,,,,,,,,,,1.2570490676053523,1.2298197035781548,1.3789948657728355,1.3326166175287388,1.352589208381215,1.3962776527581275,1.8617285318103243,1.8617285318103243,,1.3305598281170263,#000000,0.8061362190123981,1.2698174410247618,0.3103477465405763,50.43354297732237,-3.685751428579792,True,False,False,False,True,0.0,0.0,0.0,0.0,0.0,1,1.0530439040313366,0.9396115554104781,False,False,False,False,-0.052481833956159685,-0.09765374462790138,False,False,False,False,-116616734,-145565376.22141904,False,False,False,False,11096890.644473104,False,False,False,False
2023-07-14 00:00:00+00:00,1.69,1.71,1.495,1.51,10970519,,,,,,,,,,,,,1.3865802432936674,1.2915118489252828,1.376345884797588,1.404938624886933,1.778310858630599,,,,,,,,,,,1.2916499825786543,1.2544197734691422,1.3870627596573852,1.3406609789370552,1.359134416753844,1.4005568684028435,1.8591119509390621,1.8591119509390621,,1.3492861381702395,#000000,0.7942518719122023,1.3060404620666868,0.48342289330576055,53.12137572039423,-1.0064109922522348,True,False,False,False,True,0.0,0.0,0.0,0.0,0.0,1,1.0537012557832124,0.9520819563780568,False,False,False,False,0.07451082095038977,-0.011571461838755806,False,False,False,False,-105646215,-142608401.31612873,False,False,False,False,11087529.78191954,False,False,False,False
2023-07-21 00:00:00+00:00,1.53,1.755,1.53,1.7,10550517,,,,,,,,,,,,,1.4189960099341858,1.3151064964864911,1.3848521757325782,1.408807924843366,1.776326497162196,,,,,,,,,,,1.3172132719605967,1.2739121783896674,1.39355576583755,1.3473269475685654,1.3645576251688911,1.4040698005874028,1.8563625588279757,1.8563625588279757,,1.3628398196509295,#000000,0.7711065641876839,1.3313069891927354,0.25767257086778433,53.46301415179938,-0.6254611675305597,True,False,False,False,True,0.0,0.0,0.0,0.0,0.0,0,1.0380983932416763,0.9577604770581415,False,False,False,False,0.10698448173908193,0.04770650995016306,False,False,False,False,-116196732,-140651981.36678585,False,False,False,False,11047751.057332909,False,False,False,False
2023-07-28 00:00:00+00:00,1.68,1.7,1.38,1.59,10291450,,,,,,,,,,,,,1.440199505730139,1.333679959820103,1.3919191885627638,1.4121012170545462,1.7742316630781356,,,,,,,,,,,1.337075122433307,1.2900018393669033,1.3990093582734275,1.3530729521487315,1.3692358646504645,1.40707985610369,1.8535459323825936,1.8535459323825936,,1.373337486414408,#000000,0.7328458658292781,1.3502391068376132,0.44997305509697316,54.81456754628621,0.7461593630677754,True,False,True,False,True,0.0,0.0,0.0,0.0,0.0,0,0.9799230383135353,1.0234231219675423,False,False,False,False,0.0240576619873829,0.03588208596877298,False,False,False,False,-105905282,-138078151.78406098,False,False,False,False,10991728.756789729,False,False,False,False
2023-08-04 00:00:00+00:00,1.68,1.875,1.59,1.68,22605228,,,,,,,,,,,,1.7149999999999999,1.4999371533156296,1.3834839065609532,1.4149943767466155,1.423939026692849,1.7728286880644841,,,,,,,,,,,1.3897376988334424,1.3331505511087138,1.4174656851249101,1.371202470478335,1.3845251420327447,1.417839659999518,1.8504390057261322,1.8504390057261322,,1.4333436010894194,#000000,0.6925828925573201,1.4970396896775064,0.26417099279903333,55.77996282806252,1.7376923693200936,True,False,True,False,True,0.0,0.0,0.0,0.0,0.0,0,0.9776709034695983,1.0420817588457576,False,False,False,False,0.20104145946114466,0.11846177271495882,False,False,False,False,-105905282,-135694976.2445009,False,False,False,False,11851987.95999049,False,False,False,False
2023-08-11 00:00:00+00:00,1.53,1.64,1.465,1.55,22041053,,,,,,,,,,,,1.6310741068220218,1.5078182084512997,1.4017293643583497,1.4234585026718274,1.428382878700236,1.7676857431773887,,,,,,,,,,,1.4083096647103681,1.3522331123950522,1.4243374306414835,1.3792957105522237,1.3911580685634513,1.4220294365817967,1.8439033163638212,1.8439033163638212,,1.434779704786631,#000000,0.6570029687154406,1.4872328360855098,0.06509432369553478,54.99371303426273,1.7376923693200936,True,False,True,False,True,0.0,0.0,0.0,0.0,0.0,0,0.94160711173087,1.0592644239149382,False,False,False,False,0.11703094293296641,0.11774635782396262,False,False,False,False,-127946335,-135121002.8189823,False,False,False,False,12606733.518509714,False,False,False,False
2023-08-18 00:00:00+00:00,1.47,1.515,1.4,1.5,13012668,,,,,,,,,,,,1.5928416587163252,1.503498930781851,1.4054767740500131,1.4248727645581811,1.429088888769068,1.7636610174430722,,,,,,,,,,,1.4118291735305888,1.3577588656956132,1.4254882921762557,1.381499693951882,1.392837660180265,1.4227857634698304,1.8391348224265505,1.8391348224265505,,1.4325192702410043,#000000,0.6131112504312792,1.4784116342696945,-0.013719588840977093,53.876875428783194,1.7376923693200936,True,False,False,False,True,0.0,0.0,0.0,0.0,0.0,0,0.9391480730223124,1.0489461151777053,False,False,False,False,0.042956355106334575,0.0803513564651486,False,False,False,False,-140959003,-135553447.27683547,False,False,False,False,12636802.739360847,False,False,False,False
2023-08-25 00:00:00+00:00,1.39,1.46,1.33,1.46,12405337,,,,,,,,,,,,1.5575174136268701,1.4944749718119865,1.4047936897181057,1.4237977633735517,1.4283801775889273,1.7590753259451193,,,,,,,,,,,1.4107349111149339,1.3593926825410572,1.424570205405908,1.381794038303672,1.3928486666241953,1.422259576020232,1.8338952233996888,1.8338952233996888,,1.4278304520109208,#000000,0.5610178330579256,1.466880246567974,-0.13703708160028513,52.35302884298753,1.7376923693200936,True,False,False,False,False,0.0,0.0,0.0,0.0,0.0,0,0.9499954541321938,1.0554595872352033,False,False,False,False,-0.02231692013014186,0.02901721816750337,False,False,False,False,-153364340,-136872772.66373655,False,False,False,False,12619657.129037822,False,False,False,False
2023-09-01 00:00:00+00:00,1.52,1.54,1.37,1.39,11890973,,,,,,,,,,,,1.5457866954171502,1.4931785216952391,1.40847074208593,1.4254704022454376,1.4292804757869435,1.755762634068027,,,,,,,,,,,1.4142732159814146,1.3643376751406344,1.4259580049686138,1.3840033353488854,1.394595498348679,1.4231756053761435,1.8299155615105684,1.8299155615105684,,1.4285354567018929,#000000,0.5036983224113433,1.4654272937949335,0.10834403010081876,52.43646563961891,1.7376923693200936,True,False,False,False,False,0.0,0.0,0.0,0.0,0.0,1,0.9597340574960203,1.0458844461091863,False,False,False,False,0.04034209727136774,0.034679657719435555,False,False,False,False,-141473367,-137213557.4293857,False,False,False,False,12565680.526886873,False,False,False,False
2023-09-08 00:00:00+00:00,1.43,1.5,1.31,1.48,16254304,,,,,,,,,,,,1.5238648260251397,1.485951952066844,1.4087885730105119,1.4249672728735616,1.4288841387802973,1.750358619576123,,,,,,,,,,1.4133333333333336,1.4142089797064876,1.367007822143281,1.425514440971865,1.3849081657785225,1.3951145192710017,1.422954184597256,1.8236668852933287,1.8236668852933287,,1.4243659885180548,#000000,0.44914023974139355,1.4593397727829513,-0.06532430227103388,51.656368732241816,5.498604164770931,True,False,False,False,False,0.0,0.0,0.0,0.0,0.0,1,1.0098145058396308,1.0088330552556677,False,False,False,False,-0.011874867053296975,0.01140239533306929,False,False,False,False,-157727671,-138733121.39757934,False,False,False,False,12838911.895265624,False,False,False,False
2023-09-15 00:00:00+00:00,1.51,1.55,1.38,1.46,24346084,,,,,,,,,,,,1.51515093347759,1.485241406372367,1.415138598304097,1.4281845318280988,1.4307186691957712,1.7441155202207388,,,,,,,,,,1.453310100714637,1.4203185009275283,1.375535068995329,1.4282384241710915,1.3891080870213885,1.3984959865415618,1.4248137631469835,1.8161153310982028,1.8161153310982028,,1.4308721638353687,#000000,0.404009499486927,1.4685052353730303,0.1027073984143097,51.824581275393896,5.498604164770931,True,False,False,False,False,0.0,0.0,0.0,0.0,0.0,1,1.0529523428913976,0.9310620441602558,False,False,False,False,0.05080279410879388,0.031102594720931586,False,False,False,False,-133381587,-138336711.4422031,False,False,False,False,13691295.014134835,False,False,False,False
2023-09-22 00:00:00+00:00,1.5,1.55,1.37,1.52,16103332,,,,,,,,,,,,1.5102943947707368,1.4843699322829718,1.4183798138216213,1.4298653513843012,1.4317068259386665,1.7400418715019133,,,,,,,,,,1.45899651357383,1.4233863663711606,1.3801847518566448,1.429681895614468,1.3914987664306624,1.400417227656615,1.4258378335817963,1.8112047070650836,1.8112047070650836,,1.432707501376301,#000000,0.35038084813348513,1.4692618017496748,0.08772796348336602,51.84448648603376,5.452655497981979,True,False,False,False,False,0.0,0.0,0.0,0.0,0.0,1,1.052636815920398,0.9094527363184077,False,False,False,False,0.036383332735615094,0.03374296372827334,False,False,False,False,-149484919,-139162504.5946325,False,False,False,False,13869964.420495218,False,False,False,False
2023-09-29 00:00:00+00:00,1.58,1.71,1.445,1.48,17277688,,,,,,,,,,,1.5783333333333334,1.517833067842002,1.4912108317322201,1.427399289712444,1.4355678850762397,1.435266223134469,1.7374731779546537,,,,,,,,,,1.4868665473357845,1.43244434531811,1.3898018900694955,1.4346176630166843,1.3970205250320749,1.4051864551207975,1.4292147060608944,1.8076795366638472,1.8076795366638472,,1.4591095378468388,#000000,0.3021852543191504,1.5185609450608348,0.20331586025794926,52.60681863460807,5.452655497981979,True,False,False,False,False,0.0,0.0,0.0,0.0,0.0,1,1.0625,0.8857421875,False,False,False,False,0.16444599321621267,0.09909447847224301,False,False,False,False,-132207231,-138647299.14317825,False,False,False,False,14122388.389347423,False,False,False,False
2023-10-06 00:00:00+00:00,1.16,1.59,1.13,1.56,26326257,,,,,,,,,,,1.4062621309455676,1.4854060795253492,1.4714517484951413,1.4167918168582228,1.4277038997977254,1.430203589124947,1.7269773620771927,,,,,,,,,,1.436072770709995,1.421066611363143,1.3831589748919484,1.4278139087525061,1.3925524640312315,1.400797123289469,1.42477954696689,1.7960832352866067,1.7960832352866067,,1.426828040537083,"rgba(239, 83, 80, 0.5)",0.27927170405303575,1.4497981824190134,-1.0376926062082488,49.500514560382626,3.016942496888774,True,False,False,False,False,0.0,0.0,0.0,0.0,0.0,1,1.0027777777777778,0.9138888888888888,False,False,False,False,-0.07651263582202716,0.011290921325107922,False,False,False,False,-158533488,-140120350.1696095,False,False,False,False,15026378.656803168,False,False,False,False
2023-10-13 00:00:00+00:00,1.11,1.18,1.05,1.14,24814957,,,,,,,,,,,1.3000193339359154,1.4408191388388798,1.4406443249317948,1.3957308320677286,1.4121320324262643,1.4198964577627273,1.7136061868255308,,,,,,,,,,1.372065438281283,1.3990404068369362,1.366712663104056,1.4141588460118846,1.3816538258592554,1.3905433517475123,1.4154835370325431,1.781875746230908,1.781875746230908,,1.3922976842294,"rgba(239, 83, 80, 1.0)",0.2549310452609481,1.3883870589969682,-1.0920092478811687,46.935562299046616,0.5568698693780263,False,False,False,False,False,0.0,0.0,0.0,0.0,0.0,1,0.9887323943661971,0.9934272300469482,False,False,False,False,-0.34282825441539394,-0.165768666545143,False,False,False,False,-183348445,-143322431.26815692,False,False,False,False,15751458.534077007,False,False,False,False
2023-10-20 00:00:00+00:00,1.1,1.28,1.09,1.13,24549645,,,,,,,,,,,1.2621650573571583,1.4107025009842744,1.4183716486286138,1.3803710327624452,1.4001980487008463,1.4116897765525545,1.7018536866772258,,,,,,,,,,1.3367351564423977,1.3830127554264293,1.3547672092369525,1.4035533911079776,1.3732889058184798,1.3825715267952996,1.4080601977338303,1.769264362733814,1.769264362733814,,1.3723165706465577,"rgba(239, 83, 80, 1.0)",0.2511487122715891,1.356993590853111,-1.0232725803316134,45.03187430528911,-1.2189946483598249,False,False,False,True,False,0.0,0.0,0.0,0.0,0.0,1,0.9731232622798887,0.9823911028730304,False,False,False,False,-0.2609481960365478,-0.2133584312908454,False,False,False,False,-207898090,-148105813.39644158,True,False,False,False,16403176.050071303,True,False,False,False
2023-10-27 00:00:00+00:00,1.2,1.245,1.08,1.11,11059133,,,,,,,,,,,1.2528985817204292,1.3999616332433007,1.410066362790758,1.37459413477461,1.3955566441756,1.4084116112768341,1.6968925726407578,,,,,,,,,,1.3256069599240305,1.376995453777686,1.3502767735352863,1.399390024362876,1.370022540645382,1.3794324885710814,1.405087331948821,1.7639129991228277,1.7639129991228277,,1.365536910894996,"rgba(239, 83, 80, 0.5)",0.24954733794187356,1.3471333844196296,-0.58960109786425,44.73224231809606,-1.4629558350249425,False,False,False,True,False,0.0,0.0,0.0,0.0,0.0,0,0.969416126042632,0.9990732159406859,False,False,False,False,-0.2868476073942454,-0.2501030193425454,False,False,False,False,-196838957,-151715675.88559407,False,False,False,False,16007321.00932528,False,False,False,False
2023-11-03 00:00:00+00:00,1.13,1.26,1.04,1.2,25245320,,,,,,,,,,,1.231501926916938,1.375781378327619,1.390789239598045,1.3606404393666272,1.3842231696263252,1.4002876641745376,1.6852438956872748,,,,,,,,,1.1433333333333333,1.3008643145496919,1.3625214519116848,1.339113136876262,1.3891674799691056,1.3618071993032157,1.3715539880112837,1.3976811395958977,1.7514131389790428,1.7514131389790428,,1.3277935870475632,"rgba(239, 83, 80, 0.5)",0.2493745690235423,1.2628702382818955,-0.5328139064146189,43.95876857589178,-2.2109573041557127,False,False,False,True,False,0.0,0.0,0.0,0.0,0.0,0,0.9583718778908417,1.0083256244218317,False,False,False,False,-0.30139761383929925,-0.2757503165909223,False,False,False,False,-222084277,-156928164.85703155,False,False,False,False,16691617.23085674,False,False,False,False
2023-11-10 00:00:00+00:00,1.32,1.34,1.09,1.13,29189286,,,,,,,,,,,1.2349093341890407,1.3634245763818578,1.3799318911344325,1.3534251156700006,1.3775941224081754,1.395144434416294,1.6749056326544638,,,,,,,,,1.2005308418447387,1.2939640934033045,1.3550011228216958,1.333881214063891,1.383026960180907,1.3573106417859655,1.3670383419988883,1.3930028307528652,1.740001510522035,1.740001510522035,,1.3275689272098046,#000000,0.2492477330537516,1.2732072114547355,0.18773606472550533,45.30500552043693,-2.2109573041557127,False,False,False,True,False,0.0,0.0,0.0,0.0,0.0,0,1.0028116213683225,0.978444236176195,False,False,False,False,-0.22693446735827663,-0.25134239197459946,False,False,False,False,-192894991,-159592374.20095515,False,False,False,False,17617370.473015502,False,False,False,False
2023-11-17 00:00:00+00:00,1.35,1.49,1.31,1.31,13583449,,,,,,,,,,,1.2466277869757518,1.3642949512829086,1.38004973079443,1.35430603300964,1.377723064258439,1.3949592827584554,1.6717179610041828,,,,,,,,,1.2370371535910574,1.2992709585617739,1.3558557307947117,1.335196392466339,1.3830331243930722,1.3577887171349967,1.3673152577133982,1.3928623558336808,1.7362636127642137,1.7362636127642137,,1.3333394926128126,#000000,0.2491768068683016,1.286807712602873,0.2536042105657385,46.545585418595486,-2.2109573041557127,False,False,False,False,True,0.0,0.0,0.0,0.0,0.0,0,1.033301617507136,0.9495718363463366,False,False,False,False,-0.02539011929101162,-0.13836625563280552,False,False,False,False,-179311542,-161053053.2971807,False,False,False,False,17318561.475014355,False,False,False,False
2023-11-24 00:00:00+00:00,1.34,1.43,1.31,1.35,12878796,,,,,,,,,,,1.2545234274065384,1.3641240099348697,1.3794121045066485,1.3544607232440418,1.3773534133057488,1.394447297354244,1.6685199804322746,,,,,,,,,1.2566128650668984,1.3025078190394772,1.3559709576011485,1.335806441466374,1.3826019645843752,1.357826574818734,1.3671992607608057,1.3924158597628467,1.7325616975561955,1.7325616975561955,,1.336337372615612,#000000,0.24921700808154912,1.294442030361946,0.18280441607398884,47.33599345043295,-2.2109573041557127,False,False,False,False,True,0.0,0.0,0.0,0.0,0.0,0,1.0000000000000002,0.9639810426540285,False,False,False,False,-0.05751276506839869,-0.09793951035060211,False,False,False,False,-192190338,-163359518.8307229,False,False,False,False,16989689.958346624,False,False,False,False
2023-12-01 00:00:00+00:00,1.58,1.6,1.26,1.33,23599345,,,,,,,,,,,1.28004136582262,1.3720005436616391,1.3849510811571977,1.360413959582671,1.3811320340319195,1.3966831972079006,1.6650413564803415,,,,,,,,,1.3070624533547615,1.31830066743256,1.3619836953709823,1.342024797637034,1.385832044333518,1.3615427490967535,1.3703842972119518,1.394543454778893,1.7280890312842394,1.7280890312842394,,1.3493742642384903,"rgba(38, 166, 154, 0.5)",0.24975966826510176,1.3193512575678952,1.0435982088006506,50.041980680355124,-3.9548764146963507,True,False,False,False,True,0.0,0.0,0.0,0.0,0.0,1,0.9990783410138248,0.9419354838709677,False,False,False,False,0.006680206786890237,-0.045629651781855934,False,False,False,False,-168590993,-163747035.43585452,False,False,False,False,17479294.035506133,False,False,False,False
2023-12-08 00:00:00+00:00,1.65,1.7,1.46,1.58,13079637,,,,,,,,,,,1.2991229296607163,1.3803992778687604,1.3914186434060536,1.3666350198284123,1.3855748629412412,1.3996337574124096,1.6644166607675392,,,,,,,,,1.340020889326806,1.3316963803751856,1.3682987397017115,1.3481246719320026,1.3897576848166935,1.3655513608049346,1.373973642979631,1.3973171615572204,1.726876443251085,1.726876443251085,,1.3601049099857583,"rgba(38, 166, 154, 1.0)",0.24941820591416983,1.337809869307867,1.251673387465405,52.51988436901458,-1.6210670881196947,True,False,False,False,True,0.0,0.0,0.0,0.0,0.0,1,1.0118289353958143,0.9444949954504094,False,False,False,False,0.16858307700032285,0.06147671260923346,False,False,False,False,-155511356,-163136985.1072727,False,False,False,False,17153393.51435753,False,False,False,False
2023-12-15 00:00:00+00:00,1.66,1.81,1.57,1.67,21648841,,,,,,,,,,,1.3330200204832001,1.3973822994145084,1.4049035286866163,1.3793777457182144,1.3950064964131519,1.4061065165144395,1.6646734694522052,,,,,,,,,1.3928861861080746,1.356834626720489,1.3812375607998892,1.360470417449037,1.3981767612014633,1.3739495675742086,1.3815841779221258,1.4033991223968185,1.726134252840488,1.726134252840488,,1.3799295642994645,"rgba(38, 166, 154, 1.0)",0.24915583603566746,1.3700307831815681,1.1638066417875188,54.36902231791115,0.08132624974467717,True,False,True,False,True,0.0,0.0,0.0,0.0,0.0,1,1.0484739676840216,0.9075403949730699,False,False,False,False,0.29265299738206896,0.17706485499565122,False,False,False,False,-133862515,-160968505.84006733,False,False,False,False,17486389.62440512,False,False,False,False
2023-12-22 00:00:00+00:00,1.83,1.95,1.61,1.68,14327022,,,,,,,,,,1.7966666666666669,1.3588088697429979,1.411819457861418,1.4166551298647891,1.3903132072896995,1.4033448694626451,1.4119839493497661,1.6660974733548042,,,,,,,,,1.4305606109358768,1.3768849679345574,1.3923447634511685,1.3709509491182557,1.4056823426553298,1.3812913050793068,1.3883050030171662,1.4089200677712799,1.7268656340712836,1.7268656340712836,,1.4348349492328074,"rgba(38, 166, 154, 1.0)",0.2509203240253981,1.490730278820025,1.3521013991103976,56.9666770508338,2.491565647704185,True,False,True,False,True,1.2763397720700027,0.0,0.0,0.0,0.0,0,1.0581597222222223,0.8793402777777779,False,False,False,False,0.34282814303833,0.25994649901699063,False,False,False,False,-119535493,-157899393.7778401,False,False,False,False,17252362.392967705,False,False,False,False
2023-12-29 00:00:00+00:00,1.82,1.91,1.8,1.84,5331638,,,,,,,,,,1.8093231637693854,1.3686346621383207,1.4175486602821608,1.4213655269484136,1.3946885054780989,1.4067179469354312,1.4143861445706123,1.6668061952304527,,,,,,,,,1.444411999100338,1.384666004180521,1.3967877834423679,1.3751372829784425,1.4087285972671653,1.3842584400756721,1.3910303534763475,1.4111777881897614,1.7273133397756677,1.7273133397756677,,1.441928153525348,"rgba(38, 166, 154, 1.0)",0.25498998390504213,1.5017589572971413,1.2480531110640458,58.69846046581431,4.055075907020694,True,False,True,False,True,1.1265152918187518,0.0,0.0,0.0,0.0,0,1.0833333333333333,0.8973684210526314,False,False,False,False,0.342828154326544,0.3013873266717673,False,False,False,False,-124867131,-155452559.4980001,False,False,False,False,16369345.771266393,False,False,False,False
2024-01-05 00:00:00+00:00,1.7,1.88,1.605,1.83,9712012,,,,,,,,,,1.782542223753001,1.3814486854520742,1.4248875285948872,1.4274168671641958,1.400456821192374,1.4111473738147098,1.417538976332588,1.667251120994885,,,,,,,,,1.4607674173876664,1.3948009272175343,1.4026327208309322,1.3807484043112805,1.4127301469987705,1.3882368227607724,1.3946706778027034,1.4141521636538406,1.727320432330279,1.727320432330279,,1.4466848969718655,"rgba(38, 166, 154, 0.5)",0.2566476183407938,1.5048898134525692,0.7602259775828133,58.48341949420731,4.055075907020694,True,False,True,False,True,0.0,0.0,0.0,0.0,0.0,0,1.0293863439930855,0.9265341400172861,False,False,False,False,0.23383270849213184,0.2676100175819496,False,False,False,False,-134579143,-153906380.49814823,False,False,False,False,15876209.936357772,False,False,False,False
2024-01-12 00:00:00+00:00,1.67,1.81,1.61,1.74,9910026,,,,,,,,,,1.7608769009145409,1.3925051560752142,1.4312820900450514,1.4327260843761225,1.4055917565545624,1.4151042367551077,1.420370270552012,1.6674665829127977,,,,,,,,,1.4738637610301164,1.4036192440197297,1.407828572150011,1.3857879386789633,1.41631184224046,1.3918333355398613,1.3979601796736656,1.4168300589473228,1.7271044669657956,1.7271044669657956,,1.450918574059942,"rgba(38, 166, 154, 0.5)",0.25804336530587285,1.5077162655099003,0.6289010155240219,57.97980300250365,4.055075907020694,True,False,True,False,True,0.0,0.0,0.0,0.0,0.0,0,1.0051993067590987,0.9679376083188908,False,False,False,False,0.20343640736610347,0.23552321247402652,False,False,False,False,-144489169,-153208809.27606317,False,False,False,False,15434270.385516455,False,False,False,False
2024-01-19 00:00:00+00:00,1.66,1.69,1.4525,1.64,11138509,,,,,,,,,,1.7255204004067999,1.4004067222651497,1.4356503866944799,1.4363710520530975,1.4093232223559022,1.417952860887259,1.4224044974312415,1.666922486247957,,,,,,,,1.6008333333333336,1.4813211686531207,1.4098887242823694,1.4115872780437821,1.3895756807285098,1.418891442109372,1.394537099528241,1.400413877665932,1.4187697307074483,1.7261124225266027,1.7261124225266027,,1.4700477968816543,"rgba(38, 166, 154, 0.5)",0.2551125524438501,1.5520204061646008,0.4232625670552423,57.49863106512519,4.055075907020694,True,False,True,False,True,0.0,0.0,0.0,0.0,0.0,0,0.9718979680069173,0.9965412883700823,False,False,False,False,0.0770778988182272,0.15630055564612685,False,False,False,False,-155627678,-153387984.73709553,False,False,False,False,15116065.838441163,False,False,False,False
2024-01-26 00:00:00+00:00,1.91,1.92,1.68,1.68,9626408,,,,,,,,,,1.7433391754613,1.4142532252032103,1.444385052691075,1.4437341805721062,1.4162671717855924,1.423430466586093,1.4264013039202132,1.6681119825625255,,,,,,,,1.7101633097867268,1.4984873039661555,1.4213007224043885,1.4186233267262307,1.3962794971202792,1.423878788477185,1.3994256555032702,1.4049267796919893,1.4225425880018556,1.7268580137990874,1.7268580137990874,,1.4906832965717065,"rgba(0, 255, 255, 0.75)",0.2576505070512875,1.5915607536043481,1.2359348717767662,59.242419021459256,4.578197858867114,True,False,True,False,True,2.4862377242817963,0.0,0.0,0.0,0.0,0,1.0340760157273918,0.9432066404543469,False,False,False,False,0.288708695293123,0.2225046254696249,False,False,False,False,-146001270,-152840820.68249586,False,True,False,False,14709424.517075151,False,False,False,False
2024-02-02 00:00:00+00:00,1.69,1.94,1.66,1.94,7464030,,,,,,,,,1.7633333333333332,1.745549778023076,1.4226375978352273,1.4496821786636018,1.4482283141963401,1.420585477270886,1.4268436089566658,1.4289031033316757,1.668626568979097,,,,,,,,1.7242220223151317,1.5080494256213293,1.4282481505233962,1.4229913349231924,1.4004978706797155,1.4269920537916643,1.4025189691928515,1.407778672359678,1.4249116069806893,1.7270477580042205,1.7270477580042205,,1.5333527612705513,"rgba(38, 166, 154, 0.5)",0.25750514732894697,1.6852886398232174,0.0182961786420683,58.0137047054512,4.578197858867114,True,False,True,False,True,0.0,0.0,0.0,0.0,0.0,0,0.993878443375601,0.970266724967206,False,False,False,False,0.288708695293123,0.2556066603813739,False,False,False,False,-153465300,-152887078.4097184,False,False,False,False,14172728.626921438,False,False,False,False
2024-02-09 00:00:00+00:00,1.68,1.7,1.57,1.63,8620119,,,,,,,,,1.7025936062890241,1.7347307446554894,1.4287741059624173,1.453452066276417,1.4514526797775427,1.4238353451713972,1.4294018492161193,1.43078295847746,1.6685110390089466,,,,,,,,1.706859230412154,1.5137313649146467,1.433330839467824,1.426265513558647,1.4037660292654008,1.4293293777462082,1.4049248379284205,1.4099843230209348,1.426704279792326,1.7265876413048877,1.7265876413048877,,1.527502549648556,"rgba(38, 166, 154, 0.5)",0.2586938780151635,1.6644787365678286,0.05999857264214624,57.03264405022379,4.578197858867114,True,False,True,False,True,0.0,0.0,0.0,0.0,0.0,0,1.0071016422547712,0.9778073679538392,False,False,False,False,0.13459056095761385,0.19509861066949388,False,False,False,False,-162085419,-153568436.9719615,False,False,False,False,13761424.210112443,False,False,False,False
2024-02-16 00:00:00+00:00,1.8,1.87,1.68,1.69,7940858,,,,,,,,,1.7292800795715342,1.7393214833218829,1.4373757156372058,1.4590736150734278,1.4562674270725027,1.4284662377007804,1.4331004974531494,1.4335228209502915,1.6691633697233825,,,,,,,,1.7204174135422363,1.523318987162333,1.4405681490933815,1.430947525460279,1.4082914895686551,1.4327146051719573,1.408283552488414,1.4130900672387574,1.4293017115994053,1.7268981061538755,1.7268981061538755,,1.5365036633635563,"rgba(38, 166, 154, 1.0)",0.25978938108114485,1.6780844908994965,0.46928596000782413,57.3451730359584,4.578197858867114,True,False,True,False,True,0.8458164807126494,0.0,0.0,0.0,0.0,0,1.0404040404040402,0.9288537549407114,False,False,False,False,0.2646595407721165,0.22987907572080518,False,False,False,False,-154144561,-153611112.8258903,False,False,False,False,13330271.157511521,False,False,False,False
2024-02-23 00:00:00+00:00,1.88,1.93,1.58,1.79,23432356,,,,,,,,,1.7625526088192751,1.7518209766012247,1.461378297220487,1.4752370177166725,1.470241522128721,1.4419496192926824,1.4439764127784092,1.4416640076801173,1.671265652739534,,,,,,,,1.7466067998240458,1.54927951524258,1.4610468381638344,1.4445710943499328,1.4214909803484954,1.442702804213521,1.418196268470785,1.4222801496861142,1.4370309861330834,1.7280065974899201,1.7280065974899201,,1.5564684289359456,"rgba(38, 166, 154, 1.0)",0.26133013879276,1.7025649751217813,0.6789688541011647,58.200420660064076,4.578197858867114,True,False,True,False,True,2.005399200685712,0.0,0.0,0.0,0.0,0,1.0355781448538757,0.9135959339263025,False,False,False,False,0.24563457668740135,0.23775682620410327,False,False,False,False,-130712205,-151914897.4313799,False,False,False,False,14078573.738436595,False,False,False,False
2024-03-01 00:00:00+00:00,1.79,2.055,1.65,1.99,12771870,,,,,,,,1.8316666666666668,1.777208544451053,1.7602997133490452,1.4743877085961963,1.4843019289244441,1.4781516144917208,1.4495760174918106,1.4501962884825907,1.446372051533771,1.6726943160620364,,,,,,,,1.7600197878180093,1.5631778529345421,1.4723109028036574,1.4522742796584422,1.428951047202101,1.4484352849258786,1.4238693009739354,1.4275573634228675,1.441505273102885,1.728896572531219,1.728896572531219,,1.6053798999693776,"rgba(38, 166, 154, 0.5)",0.26466786937798636,1.7822986780711938,0.02909806145681993,57.7792921789368,4.578197858867114,True,False,True,False,True,0.647439883749449,0.0,0.0,0.0,0.0,0,1.0391038696537678,0.9095723014256619,False,False,False,False,0.34032799241240036,0.2890424093082518,False,False,False,False,-143484075,-151290392.06609252,False,False,False,False,13981780.868922772,False,False,False,False
2024-03-08 00:00:00+00:00,1.79,1.82,1.69,1.81,8157012,,,,,,,,1.8063329780348516,1.775951124576782,1.7607040936532412,1.480802086389299,1.488815073384353,1.4821288363596596,1.4534901531244737,1.4534060973116159,1.4488226019917982,1.6732258561146973,,,,,,,,1.7606279534247686,1.5693793107157996,1.4779157840515493,1.4562199053874068,1.432828843199717,1.4514027405936343,1.4268471031235423,1.4303263869256133,1.443842870090248,1.7291025483060054,1.7291025483060054,,1.605887714597771,"rgba(38, 166, 154, 0.5)",0.2678737096549904,1.7759040374224109,0.05262167233859621,57.47848612098875,4.578197858867114,True,False,True,False,True,0.647439883749449,0.0,0.0,0.0,0.0,0,1.0594304581097813,0.943871234007429,False,False,False,False,0.24563457668740135,0.2673384929978266,False,False,False,False,-143484075,-150712146.35749307,False,False,False,False,13550316.508261826,False,False,False,False
2024-03-15 00:00:00+00:00,1.56,1.81,1.54,1.78,9085352,,,,,,,,1.7549747404292688,1.7596167726691716,1.7525093108405463,1.4845210931130457,1.491401153378726,1.4844657320047245,1.455974444611808,1.4554532354152885,1.4504098212058663,1.6729969720223838,,,,,,,,1.749163459432542,1.5715883341592651,1.4812126885598376,1.4587074733290823,1.4354028528198437,1.453307128428529,1.428857738055244,1.4321861156589597,1.445374586305333,1.7285444774113112,1.7285444774113112,,1.598816075791621,#000000,0.2678737096549904,1.7540660708428821,-0.7244685232187611,54.84246242921131,4.578197858867114,True,False,True,False,False,0.0,0.0,0.0,0.0,0.0,1,1.0227365002030044,0.954526999593991,False,False,False,False,0.1711100195571777,0.21922425627750214,False,False,False,False,-152569427,-150849722.7013825,False,False,False,False,13219578.396538729,False,False,False,False
2024-03-22 00:00:00+00:00,1.58,1.655,1.53,1.55,19052542,,,,,,,,1.6902681779350381,1.7258077694948415,1.732531188457808,1.4894680108230365,1.494830808522281,1.4876582807955676,1.4596347530918186,1.4584947715208263,1.4528112008849647,1.6718998310795703,,,,,,,,1.7230380660081934,1.572666903496122,1.4856832364641153,1.4623495711207568,1.4393481492874602,1.4561563841457807,1.4319993448085686,1.4350826532303684,1.4477170054147686,1.7267914911838331,1.7267914911838331,,1.5864302013117761,#000000,0.2683986546870897,1.7179113004739703,-0.513830073532794,53.1625392397816,7.355746353628483,True,False,False,False,False,0.0,0.0,0.0,0.0,0.0,1,1.0229414174518638,0.9795165915608357,False,False,False,False,0.0961737440062697,0.15769900014188593,False,False,False,False,-133516885,-149565808.7975764,False,False,False,False,13651649.774572896,False,False,False,False
2024-03-29 00:00:00+00:00,1.65,1.7,1.52,1.6,9827388,,,,,,,,1.6790990799473213,1.716338643167766,1.7260819809883912,1.492679406118037,1.4971339722118406,1.4897757215167047,1.4619369556621176,1.460418215749907,1.4543289696712354,1.6715773574589,,,,,,,,1.7153298807994244,1.5742961021937212,1.488583915313881,1.464649308971357,1.44176423700714,1.4579563882998394,1.4339239614168933,1.4368668016691015,1.4491888056779236,1.7261285817693706,1.7261285817693706,,1.5843968011228444,#000000,0.2681708477885047,1.7092123962257255,-0.22080101813461836,52.67646603378687,6.835746225426917,True,False,False,False,False,0.0,0.0,0.0,0.0,0.0,1,1.0091400083090984,0.9983381803074365,False,False,False,False,0.11195179888261098,0.13482539951224845,False,False,False,False,-123689497,-147649044.96071887,False,False,False,False,13368371.124604532,False,False,False,False
2024-04-05 00:00:00+00:00,1.61,1.71,1.54,1.64,12084183,,,,,,,,1.6690373621502717,1.7065090588809748,1.7188996381227368,1.4963275979337503,1.4997834279873214,1.4922277582252377,1.464623920426743,1.4626755516558827,1.4561225598778584,1.6711596576969046,,,,,,,,1.7070541729252895,1.5760344838001206,1.4919031709151567,1.46733110663799,1.4445965880173224,1.4600737548269285,1.4361973985473098,1.4389764434313648,1.4509311213655098,1.7252989361591504,1.7252989361591504,,1.5825107777578848,#000000,0.26861151156297436,1.700375058019818,-0.3364526616672199,51.901399796039236,6.012102369747126,False,False,False,False,False,0.0,0.0,0.0,0.0,0.0,1,1.0680925360104758,0.9755565255347011,False,False,False,False,0.12551987391623934,0.1301726367142439,False,False,False,False,-135773680,-146769388.29696193,False,False,False,False,13273246.07833753,False,False,False,False
2024-04-12 00:00:00+00:00,1.52,1.715,1.5,1.6,15451495,,,,,,,,1.652821749402249,1.6917167074951887,1.7077000920344474,1.4992259377811532,1.5018911397065102,1.4942521157301738,1.4670429570968455,1.4647302877961388,1.457791222944236,1.6702082746090012,,,,,,,,1.6941935061356612,1.57614110202936,1.4946071702127268,1.4697283697658783,1.4472598883940286,1.462017133999415,1.43838373683288,1.4409993364050444,1.4525713825033075,1.7238444498281393,1.7238444498281393,,1.5782277890293348,#000000,0.26809283050049576,1.6866080137668866,-0.6214564315496625,50.41197230776135,4.502705980790942,False,False,False,False,False,0.0,0.0,0.0,0.0,0.0,1,1.0739784946236561,0.9045161290322581,False,False,False,False,0.09861625938095862,0.11439444804760127,False,False,False,False,-151225175,-147099446.57126105,False,False,False,False,13434597.850312527,False,False,False,False
2024-04-19 00:00:00+00:00,1.49,1.57,1.4,1.54,7869856,,,,,,,,1.638955145345923,1.6803330467256234,1.69908027953587,1.4990038536601493,1.501685877525627,1.4941623596229245,1.4672533073349714,1.4649269995773153,1.457990645525297,1.6692551407180733,,,,,,,,1.684144364703503,1.574076308921166,1.4944826270543365,1.4699126585969085,1.4476555771961224,1.4622217343327022,1.438759067591318,1.4413344926284781,1.4527935027113066,1.722654905629302,1.722654905629302,,1.5735836521692033,#000000,0.2657184718951772,1.67562820907773,-0.6985897809579382,49.04293201154875,3.129328672554557,False,True,False,False,False,0.0,0.0,0.0,0.0,0.0,1,1.0500647388864912,0.9464825205006473,False,False,False,False,-0.016384489197488826,0.049004979425056217,False,False,False,False,-159095031,-147988008.38079727,False,False,False,False,13022394.750289377,False,False,False,False
2024-04-26 00:00:00+00:00,1.44,1.53,1.33,1.5,5954753,,,,,,,,1.626741950921793,1.6703756692857805,1.6914634283226198,1.498136795466142,1.5009956213278828,1.493622576242668,1.466980405693157,1.4647140750932992,1.4578624641897322,1.6683317589424411,,,,,,,1.4333333333333336,1.6752795337406767,1.5716609403794906,1.4937654333258235,1.4696139819392189,1.4475475821808839,1.462041432949882,1.4387273405895111,1.4412903064419844,1.4526980470252255,1.7215611019912942,1.7215611019912942,,1.5655375282346211,#000000,0.26191897516131074,1.601432621820396,-0.6163456531584736,47.55347569767354,1.6541565281854744,False,True,False,False,False,0.0,0.0,0.0,0.0,0.0,1,1.0394680394680396,0.9476619476619477,False,False,False,False,-0.06797688827381419,-0.009485954424378988,False,False,False,False,-165049784,-149251843.6118493,False,False,False,False,12498865.731749423,False,False,False,False
2024-05-03 00:00:00+00:00,1.5,1.6,1.38,1.45,9712635,,,,,,,,1.6149588869558051,1.6594526671753935,1.6826145538626103,1.4980355321617973,1.5008714583042582,1.493618449533575,1.467321748509687,1.4650252533957278,1.4581606982771596,1.6672216720188586,,,,,,,1.4705289462842606,1.665362123550254,1.5695281153708336,1.4937573223526772,1.4699257244019774,1.4481038546220992,1.462356775105589,1.4392432359168315,1.4417549019970937,1.4530205776739638,1.7201623827920087,1.7201623827920087,,1.5648728055551464,#000000,0.257806617937271,1.6025756559914286,-0.3978782888202936,47.26051202173561,1.3240774825767758,False,True,False,False,False,0.0,0.0,0.0,0.0,0.0,1,1.0549120549120548,0.938223938223938,False,False,False,False,-0.04643965008992678,-0.027962802257152884,False,False,False,False,-155337149,-149702606.97393456,False,False,False,False,12292478.270138355,False,False,False,False
2024-05-10 00:00:00+00:00,1.57,1.63,1.46,1.52,6942697,,,,,,,,1.6112992484270257,1.6549702970750617,1.6786149580378213,1.4988564526580808,1.5014721715300445,1.4942212980410983,1.468110803847193,1.46570630521921,1.458729271467183,1.6667075946808296,,,,,,,1.4959550236100396,1.6611608958798605,1.5692189187539687,1.494546114830604,1.4707020232377188,1.4490098591872722,1.4630074342380783,1.4400085458392269,1.4424623937377923,1.4535865014240836,1.719434726197272,1.719434726197272,,1.5660315378843606,#000000,0.25459290946440616,1.605846366247997,-0.14079876114149373,47.916662273376964,1.3240774825767758,False,True,False,False,False,0.0,0.0,0.0,0.0,0.0,1,1.0608960417572855,0.9460635058721182,False,False,False,False,-0.09211537838667169,-0.06003909032191229,False,False,False,False,-148394452,-149605706.60549498,False,False,False,False,11896198.176054033,False,False,False,False
2024-05-17 00:00:00+00:00,1.55,1.62,1.48,1.6,5387070,,,,,,,,1.608599069852326,1.6516391141943718,1.6755999089014415,1.4994388701551677,1.5018995346783743,1.4946548385314022,1.4686895938875177,1.4662077326256089,1.4591504067980097,1.6663002572835623,,,,,,,1.5063540827630522,1.6580177389804036,1.5689383583596068,1.4951100235258352,1.4712705941588613,1.4496800595212338,1.4634875292013005,1.440578077851181,1.4429888889220857,1.454006712053422,1.7188632287558503,1.7188632287558503,,1.566025153994198,#000000,0.24951607216825136,1.6061525014475384,-0.22504562916361606,48.14400033642074,1.3240774825767758,False,True,False,False,False,0.0,0.0,0.0,0.0,0.0,1,1.026281208935611,0.9737187910643891,False,False,False,False,-0.08525757297631051,-0.0726483316491114,False,False,False,False,-153781522,-149915026.2643472,False,False,False,False,11414040.533383364,False,False,False,False
2024-05-24 00:00:00+00:00,1.43,1.5775,1.43,1.55,8720338,,,,,,,,1.5999842133184896,1.6432120415141462,1.6684182761116244,1.4990719325279993,1.5015800178709067,1.4944623911470563,1.4688081091877978,1.4663313276593657,1.4592988027441396,1.665248922995306,,,,,,,1.4998971207447813,1.6501897629553206,1.566865955495872,1.4948518292926187,1.4713611888463918,1.4499934534850671,1.4636263598326529,1.4408988331001518,1.4432733535591542,1.4541829772071448,1.7175615926929693,1.7175615926929693,,1.5618533540978814,#000000,0.24401668824927916,1.5983207846331844,-0.6897921033221861,46.931955289279216,0.7802693497668969,False,True,False,False,False,0.0,0.0,0.0,0.0,0.0,1,1.01743679163034,0.9707933740191804,False,False,False,False,-0.21890129508074582,-0.14577481336492862,False,False,False,False,-162501860,-150847384.31884,False,False,False,False,11214507.012392003,False,False,False,False
2024-05-31 00:00:00+00:00,1.44,1.48,1.34,1.45,6061437,,,,,,,,1.592025547653813,1.6358802157822252,1.662261755370244,1.498089447549941,1.5007907158564693,1.4938247794306374,1.4684273351676647,1.4660262017023347,1.4590973243777186,1.6642949286363706,,,,,,,1.4885763288531682,1.6433934912788282,1.5645465074225287,1.4940186277268575,1.470954821163571,1.4497734964082736,1.4633594960522176,1.4407787789506306,1.4431468448348657,1.454017324309022,1.7164426425897321,1.7164426425897321,,1.5573407416924714,#000000,0.23849581181281568,1.5899688958920086,-0.6288114443272166,46.206296996253755,-0.016476261487426314,False,True,False,False,False,0.0,0.0,0.0,0.0,0.0,1,1.0108401084010838,1.01806684733514,False,False,False,False,-0.34282825441539394,-0.2443015338901613,False,False,False,False,-156440423,-151261683.48040742,False,False,False,False,10832798.122585189,False,False,False,False
2024-06-07 00:00:00+00:00,1.38,1.49,1.33,1.47,12376116,,,,,,,,1.5761242093013341,1.6210549165301793,1.6496301758187026,1.4956625344598216,1.498838206838541,1.492212581838617,1.4673544569202066,1.4651501522553099,1.4584851104695833,1.6622123537713975,,,,,,,1.46870088679949,1.6295552550407593,1.5594063328872216,1.4919292820305114,1.469826805719281,1.4490392129702365,1.4625779212223418,1.4403060263808158,1.4426732294562608,1.4534880815196658,1.7140315388915,1.7140315388915,,1.548311438154518,"rgba(239, 83, 80, 0.5)",0.23348183176805748,1.5738588169179406,-0.8302950831331555,45.0132354251318,-1.2577376738054156,False,True,False,True,False,0.0,0.0,0.0,0.0,0.0,1,0.9725022914757104,1.0348304307974336,False,False,False,False,-0.34282825441539394,-0.29356489415277764,False,False,False,False,-168816539,-152562043.1485254,False,False,False,False,10947117.965356657,False,False,False,False
2024-06-14 00:00:00+00:00,1.37,1.47,1.345,1.35,5161301,,,,,,,,1.5700780285017206,1.615281086721053,1.6446163352891534,1.4946344793237072,1.498006040721213,1.4915209149873683,1.4668844216883297,1.464764123847195,1.4582120179254165,1.661337131567934,,,,,,,1.4623942638082286,1.624122570728502,1.5572920588206798,1.4910392208928742,1.4693339777746162,1.4487087782513415,1.4622320534930355,1.4400880367568218,1.4424559880582724,1.4532500726351925,1.7130210035511166,1.7130210035511166,,1.5448984999794502,"rgba(239, 83, 80, 0.5)",0.23080548340794005,1.5679689874398761,-0.857730867208095,44.048043564358146,-2.2653146534378337,False,True,False,True,False,0.0,0.0,0.0,0.0,0.0,1,0.9541198501872659,1.059925093632959,False,False,False,False,-0.34282825441539394,-0.31819657428408576,False,False,False,False,-173977840,-154148398.47085685,False,False,False,False,10518538.930885794,False,False,False,False
2024-06-21 00:00:00+00:00,1.33,1.39,1.33,1.36,8491703,,,,,,,,1.5586203431509171,1.6045827892241213,1.6353713417325273,1.4922443620146826,1.4960799397983775,1.4898834335800528,1.4656483598153096,1.463734406280665,1.4574515406873556,1.659668370145641,,,,,,,1.4485235218359866,1.6140600316091842,1.5529970111069786,1.4889401447195432,1.4680547228591456,1.447725626114002,1.4612948885331025,1.4393804850793193,1.4417679779994321,1.4525633936069988,1.7111389678871631,1.7111389678871631,,1.5381302918772373,"rgba(239, 83, 80, 0.5)",0.23134257582077083,1.5564466714550522,-0.9788369938030269,42.89746905681916,-3.4430220020689575,False,True,False,True,False,0.0,0.0,0.0,0.0,0.0,0,0.9407114624505928,1.1067193675889326,False,False,False,False,-0.34282825441539394,-0.3305124143497399,False,False,False,False,-182469543,-156246261.02857116,True,False,False,False,10368402.936005365,False,False,False,False
2024-06-28 00:00:00+00:00,1.41,1.43,1.29,1.34,14142862,,,,,,,,1.5441022225254963,1.5902380099718731,1.6225222515984592,1.4891485646655211,1.493546665000692,1.4877429127847053,1.4641082764498936,1.4624524599156044,1.456516932464836,1.657164365434084,,,,,,1.3766666666666665,1.4362721606163091,1.6003826695180072,1.5471150686789212,1.4862244921323589,1.4664517010245237,1.4465660984773852,1.4601340852632139,1.4385707317931917,1.4409710069634778,1.4517319267941513,1.7082756805632708,1.7082756805632708,,1.5186218771374307,#000000,0.2314803904679031,1.4868197649450863,-0.3318629486921404,43.39000779335674,-3.4430220020689575,False,True,False,True,False,0.0,0.0,0.0,0.0,0.0,0,0.8958742632612966,1.0903732809430258,True,False,False,False,-0.34282825441539394,-0.3366703343825669,False,False,False,False,-168326681,-157141106.95238072,False,False,False,False,10647992.496301264,False,False,False,False
2024-07-05 00:00:00+00:00,1.57,1.61,1.39,1.41,5278953,,,,,,,,1.543501563716558,1.5887023285764226,1.620716889910984,1.4894869574998304,1.493780676245141,1.487992313829213,1.464488433356779,1.462785214259368,1.4568042232862908,1.656723829366068,,,,,,1.4165314496439527,1.4414811886353143,1.5987605884216776,1.5468226037912949,1.486556525367584,1.4668216981613171,1.4470308400057013,1.460456005276351,1.4389772838844113,1.4413456450568103,1.452023522850471,1.7076866116168112,1.7076866116168112,,1.522634077180876,#000000,0.22891636617486402,1.497554132643062,0.31647307952459103,45.97524626277571,-3.4430220020689575,False,True,False,True,True,0.0,0.0,0.0,0.0,0.0,1,0.9533267130089373,1.0496524329692154,False,False,False,False,-0.1433599321718637,-0.2400151332772153,False,False,False,False,-163047728,-157578634.43738955,False,False,False,False,10250285.866945615,False,False,False,False
2024-07-12 00:00:00+00:00,1.72,1.72,1.53,1.6,7434118,,,,,,,,1.5479302141005924,1.5908304251454646,1.6216153263386963,1.4917854409177824,1.495563062026841,1.4896405941452084,1.4662100447609479,1.4642661315018832,1.4580071239354593,1.6567235656051396,,,,,,1.48300441631774,1.458203409322817,1.6004279161761503,1.5486925601272843,1.488673316031146,1.4685449427265314,1.4488029712514479,1.461853454790674,1.440437802990301,1.4427161428435078,1.4531904811438516,1.7074587832852235,1.7074587832852235,,1.5326726086504514,"rgba(38, 166, 154, 1.0)",0.221189495213481,1.5199921162216534,0.9042377152012079,49.50931511388995,-4.316452821422274,False,True,False,False,True,0.7790382752068048,0.0,0.0,0.0,0.0,1,0.9800995024875621,1.0139303482587065,False,False,False,False,0.02513212145622902,-0.10744150591049315,False,True,False,False,-155613610,-157433077.07165697,False,True,False,False,10041680.839764457,False,True,False,False
2024-07-19 00:00:00+00:00,1.68,1.88,1.64,1.75,14634187,,,,,,,1.733333333333333,1.5611914662522288,1.5991040650068213,1.6268537043392057,1.4981505019763395,1.5005767703141417,1.4942398639136771,1.4708390736877561,1.4682519082741692,1.4612309387045637,1.65741316055355,,,,,,1.5712991762054838,1.4947072131236023,1.6075570184152972,1.554679519612584,1.4945230994869452,1.4731932439220083,1.453460233416502,1.465607018022181,1.444255695022167,1.4463123500316124,1.456300255747237,1.707684248098861,1.707684248098861,1.733333333333333,1.574139909775184,"rgba(38, 166, 154, 0.5)",0.21943522921313607,1.5901327972286619,0.40953862829404947,51.46247487860378,-2.5415107091286586,False,False,False,False,True,0.11128556755181052,-1.0,1.88,1.64,0.0,1,1.0333167578319242,0.9582297364495276,False,False,False,False,0.2090327535211263,0.050795623805316575,False,False,False,False,-170247797,-158382315.5848676,False,False,False,False,10381866.481263388,False,False,False,False
2024-07-26 00:00:00+00:00,1.65,1.74,1.62,1.71,10477408,,,,,,,1.706908521475172,1.566492082032711,1.601933448961877,1.6282551048915406,1.5013326156335582,1.5030964900301642,1.496583136847143,1.4732797626522423,1.4703691243222685,1.4629665334822424,1.65749375813413,,,,,,1.591198695013291,1.5099140461437768,1.6098663944792384,1.557295916457463,1.497476419486434,1.4756360905608013,1.455968450495113,1.4676104720588747,1.4463429654323496,1.4482767050668746,1.4579852587552173,1.7074506065480053,1.7074506065480053,1.706908521475172,1.5770673244575062,"rgba(38, 166, 154, 0.5)",0.21599574570385388,1.5936283361662378,0.26098506547000166,52.42621276604588,-1.7043628527319612,False,False,False,False,True,0.0,0.0,0.0,0.0,0.0,1,0.9877237851662405,1.0368286445012789,False,False,False,False,0.09915609256505903,0.0749758581851878,False,False,False,False,-180725205,-160037344.43043295,False,False,False,False,10388943.630799433,False,False,False,False
2024-08-02 00:00:00+00:00,1.45,1.74,1.43,1.66,11677305,,,,,,,1.653929451365312,1.5651277927239997,1.5992959962033084,1.6251718898188916,1.5021144765061714,1.5036982122632108,1.4972188247899543,1.4741787696323452,1.4711741250085737,1.4636737378891067,1.6566611886717997,,,,,,1.5818049587256622,1.5125664826286438,1.6071005615034433,1.5568693523104264,1.4982593770884574,1.4765143454360616,1.457039446534429,1.4683927465833595,1.447298262741144,1.4491657351376162,1.458699718061205,1.7063014609491396,1.7063014609491396,1.653929451365312,1.5702240338874316,#000000,0.21570124484348435,1.5783571713609044,-0.5950692192529629,50.59764334457013,-1.7043628527319612,False,False,False,False,True,0.0,0.0,0.0,0.0,0.0,1,0.9532282663955263,1.0406710726995423,False,False,False,False,-0.028484920216627806,0.023245468984279996,False,False,False,False,-192402510,-162434764.10225272,False,False,False,False,10484377.806295771,False,False,False,False
2024-08-09 00:00:00+00:00,1.34,1.49,1.31,1.39,13631335,,,,,,,1.5798714046718212,1.554629840105442,1.5889107686265298,1.6155652612843185,1.4992985860992376,1.5013877493052608,1.4952490407328296,1.4727203704684613,1.4699600656398364,1.4627865389568524,1.6543914698682245,,,,,,1.546207036775771,1.500196507560682,1.5970693830220446,1.5519198385830568,1.4957710685544299,1.4750011233815583,1.455910065151464,1.4672915836536038,1.446506386575965,1.448391919743292,1.4579074713332165,1.7037082498713847,1.7037082498713847,1.5798714046718212,1.5529439695283331,"rgba(239, 83, 80, 0.5)",0.215753446205504,1.5452261972784291,-0.9512070415920597,48.15425797349834,2.5855812284604625,False,True,False,False,False,0.0,0.0,0.0,0.0,0.0,1,0.9476597886260695,1.042274786109713,False,False,False,False,-0.28377568541397813,-0.13026510821484907,False,False,False,False,-206033845,-165664325.650234,False,False,False,False,10717485.746570159,False,False,False,False
2024-08-16 00:00:00+00:00,1.44,1.48,1.3,1.35,7597112,,,,,,,1.5571910192078702,1.5500968610725063,1.58422441473311,1.611100852216213,1.4981232189197595,1.5004118729530418,1.4944271194084826,1.4721551750523705,1.4694938082161917,1.4624568534969347,1.6532639550667776,,,,,1.406666666666667,1.5337166060979381,1.4955729356758343,1.5924947605413207,1.5496892235564435,1.4947382722066167,1.4744091772070536,1.455510992717362,1.4668735691255077,1.446246824595821,1.4481333629564908,1.4576215914601434,1.7023983838005283,1.7023983838005283,1.5571910192078702,1.5378876558687664,#000000,0.21414401149147133,1.4982868069120774,-0.27218508939905056,47.69541824167651,2.2115012338655404,False,True,False,False,False,0.0,0.0,0.0,0.0,0.0,1,0.9233484619263742,1.0786686838124055,False,False,False,False,-0.2983445970223089,-0.214304852618579,False,False,False,False,-198436733,-168091911.3798463,False,False,False,False,10486346.950527925,False,False,False,False
2024-08-23 00:00:00+00:00,1.48,1.49,1.375,1.43,6806713,,,,,,,1.5457606486696451,1.5473782250640804,1.581164078674373,1.6080427783306444,1.4975635469879007,1.4999355457624652,1.4940470886553092,1.4719739371895975,1.4693550608798767,1.4623829040238323,1.65243165275929,,,,,1.4263567865943019,1.5273773884159583,1.4935693819570097,1.5894568812283592,1.5483135918904218,1.4942613124024597,1.4742083548306935,1.4554592518772345,1.4667597357326443,1.4462589335371112,1.4481344670529661,1.457575393231003,1.7013985426757228,1.7013985426757228,1.5457606486696451,1.5364983307812694,#000000,0.2094929098544412,1.4982660514092287,-0.08719174038835154,47.8597863048019,2.2115012338655404,False,True,False,False,False,0.0,0.0,0.0,0.0,0.0,1,0.9565907887771308,1.093170989941768,False,False,False,False,-0.23719298444927206,-0.22574891853392554,False,False,False,False,-191630020,-169835474.9813392,False,False,False,False,10213781.472711042,False,False,False,False
2024-08-30 00:00:00+00:00,1.5,1.55,1.45,1.47,5635732,,,,,,,1.5421004795898348,1.5463529297017962,1.5796783772537244,1.6063878276154893,1.4975860137293755,1.4999360301963212,1.4940874498572352,1.472149374292717,1.4695205309818637,1.4625452762039168,1.6519207898831407,,,,,1.4470674946390618,1.5257919136741092,1.4937875400134628,1.5879228434276063,1.54777670565981,1.4943097366449287,1.4743717748112362,1.455723515059153,1.466927859697081,1.4465159277394872,1.448370488932238,1.4577493883024373,1.7007444451612097,1.7007444451612097,1.5421004795898348,1.537445212530427,#000000,0.20486972349179697,1.502186856979117,-0.010674378535999668,48.22799823688398,2.2115012338655404,False,True,False,False,False,0.0,0.0,0.0,0.0,0.0,1,0.9547255234861347,1.1143180531975097,False,False,False,False,-0.09932540671923727,-0.1625371626265814,False,False,False,False,-185994288,-171032424.09383258,False,False,False,False,9874666.696954668,False,False,False,False
2024-09-06 00:00:00+00:00,1.5,1.58,1.43,1.49,6290728,,,,,,,1.5389229952882837,1.5453382683961396,1.5781497032409124,1.6046554437777432,1.4976445669411946,1.4999642945847542,1.494156897781503,1.4723657543271798,1.4697231045673318,1.4627408553274233,1.651367006048089,,,,,1.4605103072374646,1.5244282841307835,1.494135828517473,1.5863340956206562,1.547232182136698,1.494393936058204,1.4745751686766344,1.456036742330114,1.4671322392409434,1.446817601112436,1.4486482636810922,1.4579571177035007,1.7000313676011134,1.7000313676011134,1.5389229952882837,1.537735167528735,#000000,0.2022434533289425,1.5044993537935012,-0.02224721601338135,48.491006759799745,2.2115012338655404,False,True,False,False,False,0.0,0.0,0.0,0.0,0.0,1,0.9414084507042254,1.0540845070422533,False,False,False,False,-0.09100042437747555,-0.12676879350202847,False,False,False,False,-185994288,-172140710.30910423,False,False,False,False,9609189.756439507,False,False,False,False
2024-09-13 00:00:00+00:00,1.69,1.72,1.48,1.49,7519890,,,,,,,1.5470502733798652,1.5476598138558926,1.5793617607054409,1.6051547096085137,1.4992370711674694,1.5012447977564154,1.4953657604216715,1.473662514421829,1.470862787321454,1.4636941072609548,1.6512722336650465,,,,,1.4981628111228378,1.5315722939939331,1.4998139182225898,1.5872929412590782,1.5484269049627697,1.495889832994599,1.475869114741267,1.4573942084124314,1.4682179438240157,1.4479729207650587,1.4497372941479938,1.4588892422731503,1.6997302770363147,1.6997302770363147,1.5470502733798652,1.544373249827839,"rgba(38, 166, 154, 0.5)",0.1968199433240743,1.5191498241798065,0.8680531705005105,50.94776180539012,2.2115012338655404,False,False,False,False,True,0.702419311602096,0.0,0.0,0.0,0.0,1,0.9863868406125923,1.0204197390811118,False,False,False,False,0.06609598381536885,-0.030336404843329806,False,False,False,False,-178474398,-172609872.3602817,False,False,False,False,9454426.811518062,False,False,False,False
2024-09-20 00:00:00+00:00,1.65,1.77,1.64,1.71,13752415,,,,,,1.6866666666666668,1.5666381865142125,1.5542979024047279,1.583761011175315,1.6079891370870607,1.5032725193364167,1.5045249570199082,1.4984292249665625,1.476819550545982,1.4736330986486368,1.4659941376654095,1.6515570284054992,,,,,1.5526216809141409,1.5486522378636511,1.5130810920018882,1.591129535878901,1.5519823196530482,1.4996624391445177,1.479030419906019,1.4606200054126237,1.4708490053821446,1.4506946592088634,1.4523110137309863,1.4611240152382245,1.6996283630324212,1.6996283630324212,1.5666381865142125,1.5756819770159611,"rgba(38, 166, 154, 0.5)",0.19483215229414597,1.5886446929896678,0.31491366434068596,52.14757454379409,2.2115012338655404,False,False,False,False,True,0.02249390956883346,0.0,0.0,0.0,0.0,1,1.024929178470255,0.9739376770538245,False,False,False,False,0.2439782731087023,0.10682093413268624,False,False,False,False,-192226813,-174062979.07433492,False,False,False,False,9772796.306961168,False,False,False,False
2024-09-27 00:00:00+00:00,1.6,1.705,1.56,1.67,7000248,,,,,,1.6647409928386865,1.5703060758372593,1.5558966116718127,1.5845358791782076,1.6082270216626717,1.5045559859262967,1.5055703674040353,1.4994256559423975,1.4779041555123427,1.4745941251952273,1.4668072568627526,1.6514351048800313,,,,,1.561473455677646,1.5525279048458505,1.516868710232114,1.5917180881138733,1.5528828083707389,1.5008782764979598,1.4801110138559328,1.4617651810539911,1.4717680015942898,1.4516812825493957,1.4532422968071086,1.4619217970065692,1.6993199979510953,1.6993199979510953,1.5703060758372593,1.575917754842886,#000000,0.1931584794882169,1.5872621072998605,0.06594529390523922,52.31785090162606,-1.9867082194033046,False,False,False,False,True,0.0,0.0,0.0,0.0,0.0,1,1.009137635636779,0.9988577955454027,False,False,False,False,0.12020045282677091,0.11351069347972859,False,False,False,False,-199227061,-175926985.1429027,False,False,False,False,9567422.358297376,False,False,False,False
2024-10-04 00:00:00+00:00,1.61,1.62,1.5,1.6,8552833,,,,,,1.6390364286389603,1.5707850600959914,1.5564818493784576,1.584344128052015,1.60757032459846,1.5054986046017271,1.5063372149799725,1.5001812348652463,1.4787995105272789,1.47539737295787,1.467503904735123,1.6510643283863558,,,,,1.5635309905635133,1.5539980472305857,1.5193129952944424,1.5913718118938582,1.5532524821468308,1.5017899595995807,1.480996548397147,1.4627548404596495,1.4725431890745866,1.4525563285799843,1.4540660012463327,1.4626142570317522,1.6987301146355214,1.6987301146355214,1.5707850600959914,1.5739684117893116,#000000,0.19160131279055675,1.5818376316322627,0.14698421403052855,52.56441129516915,-1.6375512712518727,False,False,False,False,True,0.0,0.0,0.0,0.0,0.0,1,0.9907567879838242,1.0207972270363952,False,False,False,False,-8.249997904887957e-08,0.05675530548987477,False,False,False,False,-190674228,-177019373.5026877,False,False,False,False,9492267.591016088,False,False,False,False
2024-10-11 00:00:00+00:00,1.59,1.625,1.47,1.61,7568372,,,,,,1.6231562627676237,1.5702153972554942,1.5566079812399352,1.5838654664156284,1.606740398935556,1.5061408834439096,1.506860315821278,1.5007088939923778,1.479459000118939,1.4759939623818465,1.4680293379793334,1.650673747559764,,,,,1.5633314841979082,1.5543902018378428,1.520791482963834,1.5907791367884248,1.5533666406502804,1.5024206164294678,1.4816459638835509,1.4635030156341464,1.4731222052115083,1.4532281405751948,1.4546977155396343,1.4631404026086086,1.6981492745844113,1.6981492745844113,1.5702153972554942,1.5723244453052527,#000000,0.1902795477877431,1.5777733365147173,0.06425631985904041,52.445104335069196,-1.6191766785099517,False,False,False,False,True,0.0,0.0,0.0,0.0,0.0,1,0.9929701230228468,1.0210896309314588,False,False,False,False,-0.020628002683868205,0.018063651403003284,False,False,False,False,-198242600,-178591464.35434046,False,False,False,False,9349756.806496376,False,False,False,False
2024-10-18 00:00:00+00:00,1.58,1.61,1.53,1.61,3073845,,,,,,1.6193225523740662,1.5702925522791873,1.556771616241234,1.5837759458449365,1.6064968802079438,1.5064514980342945,1.5071145825464407,1.5009611447199802,1.4797614478879033,1.4762665896314282,1.468267449041693,1.6505367537963553,,,,,1.563748083301065,1.5547756303592812,1.5215259925016362,1.590638903726161,1.5534760603040476,1.5027226706971537,1.4819447643822077,1.463839391368247,1.4733859291520162,1.4535277382558807,1.4549799213964352,1.4633776154474614,1.6979348188733099,1.6979348188733099,1.5702925522791873,1.5720824217139557,#000000,0.18360504026527297,1.5770347045784,0.01615040315514167,52.20630026075733,-1.6191766785099517,False,False,False,False,True,0.0,0.0,0.0,0.0,0.0,1,1.031119090365051,0.990424895272292,False,False,False,False,0.016501410971075922,0.017282531187039603,False,False,False,False,-201316445,-180274796.25401893,False,False,False,False,8884874.450459607,False,False,False,False
2024-10-25 00:00:00+00:00,1.62,1.65,1.52,1.57,5147492,,,,,,1.6167364461476559,1.5713419852588602,1.5574147124290152,1.5839568545030787,1.6063783302560204,1.5071445177506246,1.507684563727871,1.5015145987855323,1.4803888042052782,1.4768286578473524,1.4687518103315609,1.6503774341341815,,,,,1.5658944805256496,1.556155937858628,1.5232448153701688,1.5907189649707425,1.553868818137888,1.5033880307968746,1.4825674490718723,1.464517160335218,1.4739268488482637,1.4541231779219774,1.4555420909124082,1.463856388677011,1.6976442785792099,1.6976442785792099,1.5713419852588602,1.5725711345457707,"rgba(38, 166, 154, 0.5)",0.18126263857768882,1.5775322124476987,0.23428869780078698,52.62069209144421,-1.1299964286822899,False,False,False,False,True,0.0,0.0,0.0,0.0,0.0,1,1.0462568472306757,0.9707851491174682,False,False,False,False,0.04127332742912157,0.029277929308080586,False,False,False,False,-196168953,-181452141.19816568,False,False,False,False,8608031.305981118,False,False,False,False
2024-11-01 00:00:00+00:00,1.45,1.65,1.35,1.64,8093939,,,,,,1.5964361258881448,1.5661598306582607,1.555583412449842,1.5817843210440032,1.604088473564059,1.5068603355550063,1.5074432704935512,1.5013507656541962,1.4804134425333084,1.4768760575745976,1.468837791973776,1.649604215792815,,,,1.4833333333333334,1.5582169745798067,1.5525688035622192,1.5218591075812304,1.5885221177451405,1.5528744629530922,1.5031671498465444,1.4825739303164835,1.4646669284435403,1.4739913018494908,1.454312999965538,1.4557144004075242,1.4639657778747737,1.696681808414432,1.696681808414432,1.5661598306582607,1.560855250040604,#000000,0.17904652372402918,1.5510365661148864,-0.5643034224479985,50.44024285806941,-1.1299964286822899,False,False,False,False,False,0.0,0.0,0.0,0.0,0.0,1,0.9928358208955226,0.9880597014925373,False,False,False,False,-0.09932540671923727,-0.035023738705578344,False,False,False,False,-204262892,-183141826.442746,False,False,False,False,8569950.39442696,False,False,False,False
2024-11-08 00:00:00+00:00,1.58,1.69,1.4005,1.43,12945870,,,,,1.5568333333333337,1.5886839145700744,1.5653570695695127,1.5556309529375956,1.5809514427597036,1.6027225502893578,1.5077964100129677,1.508213829799132,1.5021390642658623,1.481422693831104,1.4777972428180584,1.4696599551837932,1.648922425972284,,,,1.528558147161254,1.5580378236487273,1.5528802535531385,1.5236991241255764,1.5875180856032165,1.5529617586512519,1.5040961807051887,1.483565627714985,1.465825540236404,1.474889359336492,1.455367637754227,1.4567073322383786,1.464792586607792,1.695684421818654,1.695684421818654,1.5653570695695127,1.559815014726213,#000000,0.1781008925523104,1.5580283046783474,0.12336656491038812,50.71986512560304,-1.1299964286822899,False,False,False,False,False,0.0,0.0,0.0,0.0,0.0,1,0.986185279777107,0.9860691896912005,False,False,False,False,-0.024342383315874933,-0.02968306101072664,False,False,False,False,-191317022,-183747396.48402408,False,False,False,False,8894092.587432371,False,False,False,False
2024-11-15 00:00:00+00:00,1.57,1.6788,1.56,1.6,6606333,,,,,1.572409683031626,1.5899780397037007,1.5669381060222136,1.5565315794441523,1.5813196162197476,1.6027256142477995,1.508697196137177,1.508961984092857,1.502864605017007,1.4822361222815132,1.4785286428217208,1.4702923732209952,1.648750596684584,,,,1.5463308709933803,1.5608203590850938,1.5546786516985849,1.5257707419667592,1.5877633621434473,1.5535178090886586,1.504961664921099,1.4843735957310746,1.4666994761159184,1.4755938023446817,1.4561382467202293,1.4574364035406613,1.4654173612634989,1.6953480835335462,1.6953480835335462,1.5669381060222136,1.5642541010308704,#000000,0.17679070947014336,1.56738473820345,0.01479298207687603,50.779423688912914,-1.1299964286822899,False,False,False,False,False,0.0,0.0,0.0,0.0,0.0,1,1.0186662933407997,0.9862802743945122,False,False,False,False,0.09832553994442755,0.03432123946685046,False,False,False,False,-197923355,-184797467.48520747,False,False,False,False,8724628.914289232,False,False,False,False
2024-11-22 00:00:00+00:00,1.58,1.63,1.52,1.56,4245001,,,,,1.573169053745418,1.5892440551295322,1.5671942053645076,1.556774940752048,1.5812700730161715,1.6024844661955282,1.5091082223894878,1.5093038762704412,1.5032043927325311,1.4826405777940237,1.4788958397164336,1.4706157379546512,1.6485779506023928,,,,1.5503688411272478,1.5614272672567808,1.5551748390904687,1.526611675440663,1.5876510572177402,1.5536821493132476,1.5053628722922296,1.484773272542103,1.4671480384063482,1.4759498482965379,1.456541335382294,1.4578171712214385,1.4657397322523418,1.695072186788872,1.695072186788872,1.5671942053645076,1.564888600814058,#000000,0.1739931654451499,1.5685523043147445,0.0657939388364333,50.96384322563896,-1.1299964286822899,False,False,False,False,False,0.0,0.0,0.0,0.0,0.0,1,1.0211849445660617,0.9876421156697973,False,False,False,False,0.024754966757003224,0.02953810311192684,False,False,False,False,-193678354,-185455310.93074766,False,False,False,False,8392804.62434188,False,False,False,False
2024-11-29 00:00:00+00:00,1.51,1.62,1.51,1.59,4682893,,,,,1.568811349383162,1.5868026787686198,1.566614908814852,1.5566419384401828,1.5808683381635225,1.6019204065850987,1.5093571150794902,1.5095108587592792,1.5034240208182597,1.482941673457916,1.4791744210463758,1.4708699188907213,1.6483093969697482,,,,1.5498948194232653,1.5608289062576286,1.5549681805132358,1.5269706741922908,1.5871985367610864,1.5536276337714823,1.5056162529324126,1.4850675458061569,1.4675042557664866,1.4762235933070893,1.4568726153108038,1.4581290872255763,1.4659976030104753,1.6946925764514096,1.6946925764514096,1.566614908814852,1.5639600330717847,#000000,0.17122736583505713,1.5665844384581689,-0.3304637560836887,50.05912222325626,-1.1299964286822899,False,False,False,False,False,0.0,0.0,0.0,0.0,0.0,1,1.0403005950264324,0.9668112746841145,False,False,False,False,0.008250102611284388,0.018894102861605613,False,False,False,False,-198361247,-186411306.19513673,False,False,False,False,8117996.355872111,False,False,False,False
2024-12-06 00:00:00+00:00,1.56,1.59,1.4949,1.5,4392809,,,,,1.566070416160754,1.5848374116872652,1.5661425743210269,1.5565402317103918,1.580517473026629,1.601416890877044,1.509597700553061,1.5097113897617442,1.5036357416756536,1.483228728320574,1.4794399455891927,1.4711119196779703,1.6480627899526439,,,,1.5497238094976562,1.560369928099491,1.5548196319961223,1.5273229182047119,1.586799781809147,1.5535890796359608,1.5058604734208987,1.4853483101710072,1.4678423529978912,1.476484371068673,1.4571867802595955,1.4584250583890903,1.466242878061193,1.6943421520943815,1.6943421520943815,1.5661425743210269,1.5633144176513194,#000000,0.17009801096231256,1.5652503913612916,-0.03086685923949379,50.17684826464661,-1.1299964286822899,False,False,False,False,False,0.0,0.0,0.0,0.0,0.0,1,1.0397024124813405,0.9759233399142869,False,False,False,False,-0.02896567337498901,-0.005035785256691698,False,False,False,False,-193968438,-186971093.7362377,False,False,False,False,7842056.551733437,False,False,False,False
2024-12-13 00:00:00+00:00,1.5,1.58,1.475,1.55,4753399,,,,,1.5600397043548835,1.5813565015224815,1.5648446031450587,1.556042730378001,1.5798009128302193,1.6005811545635096,1.5096557107032378,1.5097593538013034,1.5037103945130794,1.483394775273973,1.4796009368150334,1.4712710825284934,1.6477175604462022,,,,1.5464602342199518,1.5587671068797067,1.5539608006771577,1.5271650932419256,1.5860486405331728,1.5533151488137422,1.5059372214084925,1.4855060346292337,1.4680699501356234,1.476647573677316,1.457413298679911,1.458637085754368,1.4664103194177374,1.6938874278144294,1.6938874278144294,1.5648446031450587,1.561448632778256,#000000,0.17014757770300426,1.5616558867442558,-0.36236711434045393,49.36996458879789,-1.1299964286822899,False,True,False,False,False,0.0,0.0,0.0,0.0,0.0,1,1.0314511056273286,0.973387526007645,False,False,False,False,-0.05367656024008208,-0.029356172748386887,False,False,False,False,-198721837,-187841519.16318303,False,False,False,False,7613267.1034568865,False,False,False,False
2024-12-20 00:00:00+00:00,1.38,1.515,1.37,1.5,14763182,,,,,1.5210466457039369,1.559026887345856,1.553710694206246,1.5508195817836945,1.5743370043130918,1.5951609574566692,1.5078776446298505,1.5082631642861786,1.5024362355604637,1.4825010751591199,1.4788655937185813,1.4707571855665358,1.6458645557040388,,,,1.5159998209785055,1.5442504599312616,1.5449481677787118,1.521710026953096,1.5806320972120542,1.550213113282412,1.5043569519539262,1.484571825265768,1.4674292726769569,1.475989610778249,1.4570066923751195,1.4582351215168705,1.4659680392495964,1.6917205231596102,1.6917205231596102,1.553710694206246,1.5466481386206454,"rgba(239, 83, 80, 0.5)",0.17024603288098492,1.53508095348989,-0.9109225681534886,47.21178553802122,0.21478226151953805,False,True,False,False,False,0.0,0.0,0.0,0.0,0.0,1,1.0094822681585436,0.9703679120045515,False,False,False,False,-0.19636042587252941,-0.11285829931045815,False,False,False,False,-213485019,-189741037.66961393,False,False,False,False,8142890.429126747,False,False,False,False
2024-12-27 00:00:00+00:00,1.35,1.415,1.34,1.39,3464513,,,,,1.5115741413894561,1.5529681818403307,1.550388411503555,1.5491700552208203,1.5726800619651333,1.5935597371309134,1.5072190184294645,1.5077076544721486,1.5019492694872563,1.4821144933427124,1.478537336661087,1.4705087782008228,1.645331699861758,,,,1.5079996809566194,1.5399852698140026,1.5421690161430046,1.5198712143088362,1.5790030548700225,1.5492129228472689,1.5037609813341812,1.4841740122824134,1.467109232908682,1.4756881206179224,1.4567706246402972,1.458006321051442,1.4657420820330642,1.6911175568041468,1.6911175568041468,1.550388411503555,1.5425809088011782,"rgba(239, 83, 80, 0.5)",0.1716083956030215,1.5281318185001023,-1.0380134251250224,45.30742480956754,-1.6373605295795315,False,True,False,True,False,0.0,0.0,0.0,0.0,0.0,1,1.0120383300428566,1.003611499012857,False,False,False,False,-0.34282825441539394,-0.22784327686292605,False,False,False,False,-216949532,-191756481.69408697,False,False,False,False,7796343.952895136,False,False,False,False
2025-01-03 00:00:00+00:00,1.47,1.48,1.33,1.34,4484666,,,,,1.505263400859741,1.54797891876155,1.5475832765406081,1.5477532404689924,1.5711754840118937,1.5920485060493599,1.5067298620807317,1.5072933229414416,1.501597055641718,1.4818725180454917,1.4783386958652855,1.4703715695696078,1.6447895902567131,,,1.4266666666666665,1.5026695988435148,1.5365370201537678,1.5398632966506227,1.518446869839316,1.5775048059192802,1.5483467477843038,1.5033262062562882,1.4839203706827813,1.46694086361623,1.475511054135157,1.4566672388340611,1.457903414672568,1.465625370331709,1.690480825390914,1.690480825390914,1.5475832765406081,1.5243937772796674,#000000,0.1709146565389332,1.495644646282868,-0.15004357614600733,45.90327962843612,-1.6373605295795315,False,True,False,True,False,0.0,0.0,0.0,0.0,0.0,1,0.9853063623451047,1.0318362149189404,False,False,False,False,-0.2904500999527889,-0.2591466884078575,False,False,False,False,-212464866,-193290436.08711755,False,False,False,False,7551034.474902904,False,False,False,False
2025-01-10 00:00:00+00:00,1.43,1.51,1.37,1.47,5258657,,,,,1.4997642938848792,1.543051144003635,1.5447108182641527,1.546266890258957,1.5695696470330767,1.590416015789516,1.506234500079946,1.5068724404792302,1.5012427904269436,1.4816423689894287,1.478152405600796,1.4702483337489178,1.644186320246805,,,1.4320638571323834,1.4979595861243362,1.5330962740355623,1.5375029423900597,1.517007217992186,1.5758991019260016,1.5474287503110014,1.5028882942219273,1.4836772412922035,1.4667937927579426,1.4753472263114975,1.4565870194936683,1.4578219607691503,1.4655243017260589,1.6897662510528688,1.6897662510528688,1.5447108182641527,1.5220992671119231,#000000,0.1704211000767013,1.4932097202863084,-0.3709031349865697,45.79399553138815,-1.6373605295795315,False,True,False,True,False,0.0,0.0,0.0,0.0,0.0,1,0.9603312341944762,1.05206525511975,False,False,False,False,-0.22592383780526884,-0.24253526310656315,False,False,False,False,-217723523,-195100294.3769607,False,False,False,False,7381228.736021208,False,False,False,False
2025-01-17 00:00:00+00:00,1.49,1.54,1.4,1.41,5978157,,,,1.4766666666666666,1.497835124260897,1.539870299825534,1.5427648352707872,1.5452240772166395,1.5683256532120353,1.5890734507456037,1.5059987412320923,1.50666918495182,1.5010912945080988,1.4816137367655458,1.4781448931961143,1.4702749016443917,1.6436361193253848,,,1.4490242576822705,1.4963618285769102,1.5309694545053139,1.5359611758180074,1.5162157413682544,1.5746294092456188,1.546773632497494,1.5026939170173974,1.483636473721564,1.4668480175887175,1.4753535223058434,1.456678159592836,1.457903772613929,1.4655683356414346,1.6890863919991608,1.6890863919991608,1.5427648352707872,1.5130893461191282,#000000,0.17047860556373826,1.4799719692966862,0.058822810464416626,46.645133796495564,-1.6373605295795315,False,True,False,False,False,0.0,0.0,0.0,0.0,0.0,1,0.9389840850155081,1.0864392128946967,False,False,False,False,-0.14458703910419649,-0.1935611511053798,False,False,False,False,-211745366,-196333262.645334,False,False,False,False,7277297.496315933,False,False,False,False
2025-01-24 00:00:00+00:00,1.43,1.5,1.34,1.49,3349631,,,,1.457514538995383,1.4945044183718328,1.5368233646065903,1.5408812178200346,1.544209312229077,1.5672459186517353,1.5879845681457267,1.5056310646146303,1.5063561595635044,1.5008236461319013,1.481426429396163,1.4779900437661875,1.4701662800810205,1.643231444026703,,,1.4445119292385917,1.4934152938773293,1.528743402228296,1.5343842623852386,1.5152057651994628,1.5735524486406574,1.5461366047010519,1.5023656554184757,1.4834406262201794,1.466714516239243,1.4752148095047624,1.45659357165704,1.4578198833810048,1.4654750206338145,1.6886121843431146,1.6886121843431146,1.5408812178200346,1.5090193504951834,#000000,0.17072447641404126,1.4724865451207843,-0.24886030411799817,46.41537763712846,-1.6373605295795315,False,True,False,False,False,0.0,0.0,0.0,0.0,0.0,1,0.9295313837016157,1.060401671112901,False,False,False,False,-0.2493963846561972,-0.22147876788078852,False,False,False,False,-215094997,-197723020.74567965,False,False,False,False,6986359.237329567,False,False,False,False
2025-01-31 00:00:00+00:00,1.36,1.47,1.35,1.4,4487640,,,,1.436666676317713,1.4887872079447295,1.5319672378978195,1.5378280765333316,1.5425450615206067,1.565527960253057,1.586286223807588,1.5049658619138686,1.5057902398002405,1.5003302315509788,1.4810487448080172,1.477670831767475,1.4699288243249349,1.6426179600186295,,,1.434763062920158,1.4882827513321175,1.5250926717713194,1.531787165731832,1.513455825684792,1.571850007974952,1.5450873938318257,1.5017647702514925,1.483050258829791,1.4664141340629404,1.4749233336435494,1.4563793031512666,1.4576109143673006,1.4652621073907393,1.6879079670604022,1.6879079670604022,1.5378280765333316,1.5031175737654419,"rgba(239, 83, 80, 0.5)",0.1710853535467016,1.4621249246286794,-0.5969238307755081,45.33586194710634,-1.7010537366422938,False,True,False,True,False,0.0,0.0,0.0,0.0,0.0,1,0.9788549981498125,1.0713643812443836,False,False,False,False,-0.2709448884460087,-0.24621182816339862,False,False,False,False,-219582637,-199342251.579333,False,False,False,False,6801268.923453303,False,False,False,False
2025-02-07 00:00:00+00:00,1.36,1.405,1.3196,1.35,4380076,,,,1.4185803538720336,1.4821353063196372,1.526517517401615,1.5343380152281092,1.5406170115254396,1.5635799250698543,1.584388405016327,1.5041413619641306,1.505088668730918,1.499711154608658,1.4805507080564762,1.477244979927379,1.4696028360344098,1.641946064666372,,,1.4232825601399322,1.4822408357445078,1.5208990679933272,1.528781523908815,1.5113561169344771,1.5699285867236714,1.5438654340836213,1.5010145039483072,1.4825385987978004,1.4659967677556638,1.4745307347939443,1.4560667839801458,1.457307995020329,1.4649641665503161,1.6871500099837005,1.6871500099837005,1.5343380152281092,1.4968748309067894,"rgba(239, 83, 80, 0.5)",0.17216710926746492,1.4515597640190276,-0.5318075235658843,44.56477931137625,-2.4957759214536424,False,True,False,True,False,0.0,0.0,0.0,0.0,0.0,1,1.0026024723487315,1.0230427239210584,False,False,False,False,-0.34282825441539394,-0.2945200412893963,False,False,False,False,-219582637,-200841539.3882713,False,False,False,False,6621921.299493799,False,False,False,False
2025-02-14 00:00:00+00:00,1.39,1.47,1.325,1.37,4732117,,,,1.4137135169060935,1.4774774726548638,1.5221258842995202,1.531420276195376,1.5389603706972834,1.5618584524999777,1.5826762909460916,1.5034677382139536,1.504513261127264,1.4992089925533096,1.480167279826339,1.4769204518865562,1.4693612281151938,1.6413099720328568,,,1.4191860643777745,1.4779680287206387,1.5175056147372088,1.52627769245642,1.5096442768620857,1.5682188943547262,1.5428023975001437,1.500405239155027,1.4821421866070832,1.4656928398004216,1.4742343461414105,1.4558501665590047,1.4570964777922404,1.464747727965263,1.6864188377944855,1.6864188377944855,1.531420276195376,1.4934279197907265,"rgba(239, 83, 80, 0.5)",0.1725263264934805,1.4470862706648426,-0.33088440370287453,44.558831485546236,-2.565426329810954,False,True,False,True,False,0.0,0.0,0.0,0.0,0.0,1,1.0068421916908425,1.002736876676337,False,False,False,False,-0.2684789715351064,-0.28149950641225135,False,False,False,False,-214850520,-201879241.65580678,False,False,False,False,6481935.795827592,False,False,False,False
2025-02-21 00:00:00+00:00,1.35,1.52,1.35,1.39,5676706,,,1.406666666666667,1.4123150257954562,1.473210327363693,1.5176790120376629,1.5283632707429944,1.537179184410253,1.5599803636455245,1.5807879857554714,1.5027562865071848,1.5039035767664892,1.4986796449373034,1.4797742155016178,1.476589471242353,1.4691185991546203,1.6405871565447452,,,1.4173327841871233,1.4740112904708598,1.5140339928129973,1.5236511871668816,1.5078583659671139,1.5663467093840726,1.541646117726739,1.4997634147351722,1.4817343918900554,1.4653912663779147,1.4739336213222156,1.455641763273122,1.4568919439196188,1.4645329816225519,1.6855814507791602,1.6855814507791602,1.5283632707429944,1.477512192321145,"rgba(239, 83, 80, 0.5)",0.17369041528064255,1.427381201003235,-0.4455122113572311,43.97759434877776,-3.20858282204491,False,True,False,True,False,0.0,0.0,0.0,0.0,0.0,1,0.9932592752372735,0.9919111302847281,False,False,False,False,-0.19232510247587517,-0.23691230444406325,False,False,False,False,-220527226,-203260573.8294507,False,False,False,False,6422289.144284807,False,False,False,False
2025-02-28 00:00:00+00:00,1.25,1.41,1.185,1.34,8771222,,,1.3307801623872986,1.3816547199935443,1.4568946518072583,1.5044228007705793,1.5193635250888888,1.5319719881079221,1.5548717866965232,1.5759103803312853,1.5002737638608727,1.5017843473721124,1.4967784421750114,1.4781506733355685,1.475180801257261,1.4680043631393225,1.638886882164735,,,1.3920784097901722,1.4588213576664233,1.5033075999828873,1.5157103252535091,1.5019553644592296,1.5613388879343517,1.5382784357478145,1.4974802337172617,1.4800779903073327,1.4639522541958594,1.4726204474567939,1.4545101401361715,1.4558006914527237,1.4634942230149837,1.6837219249985946,1.6837219249985946,1.5193635250888888,1.456498891719979,"rgba(239, 83, 80, 1.0)",0.17649714797481844,1.3903519859945683,-0.7952082376684801,42.24675736289257,-4.936137648498644,False,True,False,True,False,0.0,0.0,0.0,0.0,0.0,1,0.9308779800719912,1.0365172935468725,False,False,False,False,-0.34282825441539394,-0.2898702794297286,False,False,False,False,-229298448,-205189305.24949136,False,False,False,False,6596284.170634081,False,False,False,False
2025-03-07 00:00:00+00:00,1.28,1.34,1.2,1.26,9142577,,,1.3085164567976253,1.360365457002001,1.4419259431829063,1.4916418295247653,1.5103508036808482,1.5265922026589283,1.549586349567844,1.5708534822140603,1.4976483860666527,1.4995359763589184,1.494756474259422,1.476415896130834,1.4736716969616879,1.4668056517562371,1.637090738273779,,,1.372782141667438,1.4447139857443303,1.4927501954980393,1.5076940361082938,1.4959010235295385,1.5561531545951353,1.5347487842516971,1.4950607699938412,1.478309105074402,1.4624086338875444,1.4712117280890806,1.4532900516733436,1.4546238657890502,1.4623749222392584,1.681762010140814,1.681762010140814,1.5103508036808482,1.4426641872735786,"rgba(239, 83, 80, 1.0)",0.17847976643594296,1.3708974996624925,-0.5092874193956094,41.607049505919576,-5.582365844175747,False,True,False,True,False,0.0,0.0,0.0,0.0,0.0,1,0.9398504105863277,1.062764788953397,False,False,False,False,-0.34282825441539394,-0.31634926692256127,False,False,False,False,-220155871,-206297939.74952903,False,False,False,False,6784898.454290815,False,False,False,False
2025-03-14 00:00:00+00:00,1.15,1.31,1.09,1.29,10811100,,,1.2691762206055988,1.3269808794360256,1.41918333316833,1.4727158955185595,1.4967732028298764,1.51835192789027,1.5416322693428508,1.56334340183632,1.4934066312722605,1.4958983630342533,1.4914593671261112,1.4735095982232842,1.4711273347038398,1.46475649867024,1.6344695448661049,,,1.3422458038911467,1.423146272065226,1.4768183839592761,1.4954858786860619,1.4864102224081472,1.5483806719462367,1.5292986184806974,1.4911320199634783,1.4753546245168883,1.4597616079440108,1.4688253432392255,1.451157304269067,1.4525705145742538,1.4604461388504861,1.6789630255994072,1.6789630255994072,1.4967732028298764,1.4208936092568247,"rgba(255, 0, 0, 1.0)",0.17875192936652173,1.3393965592752752,-1.0595497343523903,39.60613415787971,-7.522763653594772,False,True,False,True,False,0.0,0.0,0.0,0.0,0.0,1,0.8974709501025291,1.107786949892213,False,False,False,False,-0.34282825441539394,-0.3295887606689776,False,False,False,False,-230966971,-208125275.39771205,False,False,False,False,7083135.605824828,False,False,False,False
2025-03-21 00:00:00+00:00,1.18,1.18,1.1,1.13,12189993,,,1.2388676661544569,1.2965322869186242,1.3951987818390144,1.452040623942533,1.481414080491123,1.5087320544571599,1.5323511166841055,1.5545756035946234,1.4883094764074543,1.491511738335921,1.4874705819938507,1.469969266800306,1.4680178851513987,1.4622386897978183,1.631355983793001,,,1.3131924624816265,1.4001799513638018,1.4590683210755653,1.4815567170438986,1.4753842500117975,1.5393076339834648,1.522837001879113,1.4863989519544516,1.4717584915993998,1.4565191138229054,1.4659037959647643,1.4485277208672387,1.4500383781305048,1.458071080166631,1.6756557550803755,1.6756557550803755,1.481414080491123,1.3993435141322443,"rgba(255, 0, 0, 1.0)",0.17678235206038448,1.3109477993484304,-0.7407289122598728,38.78075145385277,-8.301535472184362,False,True,False,True,False,0.0,0.0,0.0,0.0,0.0,0,0.8561457722840855,1.1571740636155363,False,False,False,False,-0.34282825441539394,-0.3362085075421858,False,False,False,False,-218776978,-208914290.40528893,False,False,False,False,7461421.338726692,False,False,False,False
2025-03-28 00:00:00+00:00,1.1,1.19,1.09,1.17,4698652,,,1.2285890371626835,1.285778280833916,1.3861744481888476,1.4441194600404959,1.475402589515172,1.5048899212184306,1.5286476279785999,1.5510773430589693,1.4862321577379367,1.4897197819090897,1.485837406682594,1.4685122833260598,1.4667353352679133,1.4611961896607024,1.6301002391240265,,,1.302754071103372,1.3914912131087493,1.4521835574548756,1.4760738606628776,1.4709907600515935,1.5356867216106673,1.520229782030126,1.4844665617756212,1.4702794164414705,1.4551792145589093,1.4646972320027782,1.4474360542263303,1.4489870720559126,1.4570861354100861,1.6743275309637848,1.6743275309637848,1.475402589515172,1.3913557278122581,"rgba(255, 26, 202, 1.0)",0.17678235206038448,1.3008239593222048,-1.1359955164167532,37.304408385261624,-9.707043836829634,False,True,False,True,False,0.0,0.0,0.0,0.0,0.0,0,0.8732743744607421,1.1388589301121657,False,False,False,False,-0.34282825441539394,-0.33951838097878984,False,False,False,False,-223475630,-209992908.1530453,False,False,False,False,7256771.758080271,False,False,False,False
2025-04-04 00:00:00+00:00,0.93,1.15,0.9249,1.09,12438792,,,1.184291261697192,1.2449918049017574,1.354758344947151,1.417328625550211,1.455061402722036,1.4918396787944062,1.5162116744458696,1.5394379523501842,1.4789735020428565,1.483454939413435,1.4801038818226615,1.4633250646753826,1.462154681146087,1.457447468922576,1.6259876692661095,,,1.263899519568395,1.361248470172803,1.4287633429887783,1.4574319272512422,1.4558413570476108,1.5235622736023147,1.5113494542720851,1.477696618665334,1.4650215986901658,1.4503538152629607,1.4603778385033281,1.4434688264573312,1.445169727729685,1.453530655107037,1.6700464098777659,1.6700464098777659,1.455061402722036,1.3623616056847176,"rgba(255, 26, 202, 1.0)",0.18581449627795127,1.2619852327786238,-1.7866487245538827,34.699846560730016,-12.161631925403434,False,True,False,True,False,0.0,0.0,0.0,0.0,0.0,0,0.8492094706206245,1.1232334355908653,False,False,False,False,-0.34282825441539394,-0.3411733176970919,False,False,False,False,-235914422,-211913020.28985673,False,False,False,False,7640625.109333584,False,False,False,False
2025-04-11 00:00:00+00:00,1.03,1.06,0.8114,0.9128,20534259,,,1.13137169775883,1.1917632505235223,1.3086927553385745,1.3764199896381375,1.4227670838501798,1.4702998772755742,1.4956245678178315,1.5201001677721049,1.4666225402395598,1.4727415145179183,1.4702687767629259,1.4543881576701267,1.454235142835984,1.450932621876434,1.618946338815237,,0.9671333333333333,1.2117858403755035,1.3165074010596496,1.392280569435017,1.4275659917568047,1.4311186030420935,1.5034616800440102,1.4963882957243873,1.4661461293993694,1.455967956532665,1.4420132277842077,1.4528977222075001,1.4365723942155368,1.4385292864043733,1.4473421485318716,1.662738328883502,1.662738328883502,1.4227670838501798,1.2746287913069554,"rgba(255, 26, 202, 1.0)",0.1889253630214708,1.1255135304977972,-0.5055622441066443,34.73380843270683,-12.161631925403434,False,True,False,True,False,0.0,0.0,0.0,0.0,0.0,0,0.831452335252719,1.144593730006398,True,False,False,False,-0.34282825441539394,-0.34200078605624296,False,False,False,False,-215380163,-212169845.67579326,False,False,False,False,8595709.101234801,False,False,False,False
2025-04-18 00:00:00+00:00,0.9575,1.03,0.89,1.03,10956620,,,1.111556673046039,1.1701929974359238,1.2878506788339366,1.3571248022446902,1.4069531868348923,1.4593440051113649,1.485102732065223,1.5101660760787448,1.460171849879971,1.4671177454134423,1.4650930485487499,1.4496742507066038,1.4500448226763882,1.4474706966564237,1.6152052992891537,,0.9643614913871833,1.19014354175596,1.2960983568223594,1.3747556742241882,1.4128212114801095,1.4187142135505393,1.4931687345010232,1.4886218803172109,1.4600993003797038,1.4511940025275771,1.4376069023697589,1.4489346313125984,1.4329126173684226,1.4350024070419807,1.444050375832372,1.6588567802605523,1.6588567802605523,1.4069531868348923,1.2571858614065283,"rgba(255, 26, 202, 1.0)",0.198274794525542,1.1090636759062766,-0.7644122202671202,34.0923315212006,-12.664732912567558,False,True,False,True,False,0.0,0.0,0.0,0.0,0.0,0,0.8386893509766855,1.1461877756773786,False,False,False,False,-0.31672466043013253,-0.3293627232431877,False,False,False,False,-226336783,-213219248.4405493,False,False,False,False,8770591.390032224,False,False,False,False
2025-04-25 00:00:00+00:00,1.02,1.05,0.904,0.96,7509144,,,1.102768757278835,1.1595044856162027,1.2762086146622946,1.3458879122753202,1.3974587525294782,1.452568385844139,1.4785534318245628,1.5039442414689792,1.4561225698890001,1.463573688680158,1.4618276812998703,1.4467035426652082,1.4473992276703178,1.4452805238173707,1.6127902930606852,,0.9695547048660287,1.1791177338941932,1.2846183066362273,1.364409851019377,1.4039199609317257,1.4111519270849926,1.4867479518328368,1.483743140543834,1.4562985302726976,1.448185261480349,1.4348331054673256,1.4464310478413493,1.4306047346088893,1.4327764589585283,1.4419678415751538,1.6563423588593913,1.6563423588593913,1.3974587525294782,1.248344907970968,"rgba(255, 0, 0, 1.0)",0.2053162414642611,1.1027364204138148,-0.40297065553002787,34.756989594455035,-12.664732912567558,False,True,False,True,False,0.0,0.0,0.0,0.0,0.0,0,0.8453621187398016,1.1506213129157776,False,False,False,False,-0.29870999987837693,-0.3140363615607823,False,False,False,False,-218827639,-213634684.7782864,False,False,False,False,8677150.84262243,False,False,False,False
2025-05-02 00:00:00+00:00,1.08,1.17,0.97,1.02,8648213,,,1.1004831580920242,1.1539557194509587,1.2674317805290163,1.336574635058208,1.3891498513339777,1.4463488766821155,1.4724564685861117,1.4980780662185267,1.4523524807430903,1.4602543715643599,1.4587681088317694,1.4439371288185572,1.4449309579358827,1.443234997970459,1.6103959649483781,,0.9883906526193331,1.172766763257932,1.275833349048367,1.3556370127768755,1.396070305355471,1.4044051525723824,1.4807445746793821,1.479157781491881,1.4527555055832302,1.4453818037509343,1.4322637763861747,1.4440948724273208,1.4284671024849005,1.4307114602374806,1.4400251561562698,1.6538240859708566,1.6538240859708566,1.3891498513339777,1.2436293227522164,"rgba(255, 0, 0, 1.0)",0.21021533897111436,1.103899073355062,-0.11368853230232587,36.258003406641095,-12.664732912567558,False,True,False,True,True,0.0,0.0,0.0,0.0,0.0,0,0.9021501223123471,1.1235998455001932,False,False,False,False,-0.20310282941228142,-0.25856959548653186,False,False,False,False,-210179426,-213378739.68359852,False,False,False,False,8675007.298724473,False,False,False,False
2025-05-09 00:00:00+00:00,1.12,1.14,1.05,1.06,7925421,,,1.1006724986425773,1.151134916390073,1.2611739542807916,1.3294925790264722,1.3825894684017686,1.4412698703650388,1.4674360208871093,1.4932107003265238,1.4492304668688498,1.4574937142080788,1.4562212271899646,1.4416400070605553,1.4428777306005052,1.4415305268307734,1.6083418651337473,,1.0047827560853158,1.1691458119352973,1.269501720526637,1.348855605779373,1.3898359735661385,1.3989938484939912,1.4757880278335984,1.475348767740891,1.4498178916537632,1.4430534365424073,1.430135185600321,1.4421506567910403,1.4266940648404531,1.4289968921613911,1.4384069172155982,1.651653596062892,1.651653596062892,1.3825894684017686,1.2407185284634443,"rgba(239, 83, 80, 1.0)",0.21445733421405755,1.1064339957633158,0.0632573573965234,37.9949596135545,-15.379041981452374,False,True,False,True,True,0.0,0.0,0.0,0.0,0.0,0,0.90485884907709,1.1492942453854504,False,False,False,False,-0.17808095629898968,-0.21832527589276077,False,False,False,False,-202254005,-212554685.2625912,False,False,False,False,8619482.387707844,False,False,False,False
2025-05-16 00:00:00+00:00,1.18,1.22,1.125,1.16,10860789,,1.1749999999999998,1.1068743554116598,1.1528279842582716,1.256894271417917,1.3233210097210568,1.376258994824603,1.435974431622669,1.462085192662708,1.4879231516153277,1.4459096185810267,1.454530867607392,1.4534866370581823,1.4391982441407245,1.4406892874232502,1.4397114621458451,1.6059495115631324,,1.032610090873641,1.1695362766579982,1.2649759576013664,1.3426794930625494,1.383743899666207,1.3936094184817107,1.4704704064975487,1.4712344099956693,1.446687825812599,1.4405760613607095,1.4278925271379148,1.4400780985559247,1.4248271071666623,1.4271869416361305,1.436683361906479,1.649092007286718,1.649092007286718,1.376258994824603,1.2200978433829062,"rgba(239, 83, 80, 1.0)",0.21662903172795006,1.116828107635893,0.29161323327817057,40.20237304289778,-13.297390230044485,False,True,False,True,True,0.0,0.0,0.0,0.0,0.0,0,0.8799519807923168,1.1238131616282878,False,False,False,False,-0.08574215332473088,-0.15203371460874582,False,False,False,False,-191393216,-210987169.02091777,False,False,False,False,8785505.099729486,False,False,False,False
2025-05-23 00:00:00+00:00,1.08,1.2,1.05,1.16,7442040,,1.148570610313848,1.1070433978359746,1.150842552751104,1.2520599249718394,1.3176374007074152,1.3708091476116748,1.4315919936976111,1.4577254857987336,1.4836685706163513,1.4431452396905657,1.4520724868577257,1.4512131081873243,1.43714542984535,1.4388484093170708,1.4381767053710641,1.6040804525550758,,1.0404060599363105,1.1669342063476627,1.2600518881135463,1.3371501918837163,1.3785262427687208,1.3890136335884804,1.466155934340278,1.4678751902683433,1.4440805302863486,1.438495738380989,1.4259892775141116,1.438332697420255,1.4232350360848767,1.4256457068195412,1.435225176222501,1.6471141100539903,1.6471141100539903,1.3708091476116748,1.215150538047309,"rgba(239, 83, 80, 1.0)",0.22063342983410783,1.1117156552093093,-0.14374818554539032,40.540127419228526,-13.019709279698887,False,True,False,True,True,0.0,0.0,0.0,0.0,0.0,0,0.8718017920760014,1.1147036597214726,False,False,False,False,-0.13223047817226602,-0.14213209639050592,False,False,False,False,-198835256,-210087027.31566462,False,False,False,False,8685989.16641619,False,False,False,False
2025-05-30 00:00:00+00:00,1.07,1.1,1.03,1.09,7410566,,1.124966003452027,1.1049800790487894,1.147128266929588,1.246177151698281,1.3111510406887221,1.3647340415955456,1.426771181836328,1.4529623955047846,1.479045726151313,1.4400851768185172,1.4493533955597733,1.4486951659121512,1.434859165365473,1.4367966869315334,1.4364626412168882,1.6020712348440957,,1.04280011845593,1.1627524763305095,1.2541210664885103,1.3308976690083563,1.3727174754714238,1.3838948103453108,1.461450745441578,1.4641941057460328,1.4411924850756772,1.4361802153128886,1.423859776329498,1.436385948128944,1.421448502882746,1.4239171418540655,1.4335942827565546,1.6450012081175664,1.6450012081175664,1.3647340415955456,1.208970791369626,"rgba(239, 83, 80, 1.0)",0.221690662861569,1.1049686169715836,-0.1577360837854459,40.66243289889547,-12.89446364930037,False,True,False,True,True,0.0,0.0,0.0,0.0,0.0,0,0.8676743424642585,1.140510749754447,False,False,False,False,-0.19166530755016317,-0.16689870197033455,False,False,False,False,-206245822,-209802493.58857834,False,False,False,False,8591513.376311287,False,False,False,False
2025-06-06 00:00:00+00:00,1.14,1.17,1.03,1.06,9098808,,1.1219255916763824,1.105473247820426,1.1453914321457488,1.2411956104666337,1.3050667643024665,1.358716019005818,1.4217683832013788,1.4479581569278377,1.4741346967376165,1.4368564704356468,1.4464676501409164,1.4460205207754768,1.4324412900288126,1.43462202330326,1.4346424680275847,1.5998379798768385,1.1133333333333333,1.0499004345871503,1.1603451456719764,1.2490120599270922,1.3248931157089248,1.3669181006600384,1.378720416897868,1.4564883043646475,1.4602856201646779,1.438140761363201,1.4337304331560925,1.421616533341015,1.4343216165466839,1.4195646326876339,1.4220916980499632,1.4318636574320227,1.6426355429965778,1.6426355429965778,1.358716019005818,1.1816536735640135,"rgba(239, 83, 80, 1.0)",0.22099181122981118,1.0976581518543231,0.19159917243107769,41.93304236123887,-11.635513080459454,False,True,False,True,True,0.0,0.0,0.0,0.0,0.0,0,0.8733457319209725,1.1118568232662194,False,False,False,False,-0.14783345151832747,-0.157366076744331,False,False,False,False,-197147014,-208865050.65609103,False,False,False,False,8629090.755843785,False,False,False,False
2025-06-13 00:00:00+00:00,1.1,1.19,1.08,1.15,10096784,,1.122242090987267,1.1065714000289442,1.1442013248255394,1.2364870331861537,1.299068828351917,1.3526252158867005,1.4165745833225352,1.4427357592965353,1.4689839667988773,1.433455972297335,1.4434172610486935,1.44318974054026,1.429883188866317,1.4323168642189419,1.432708627946625,1.5974339967416151,1.118593282596685,1.057279182673577,1.1584470591082618,1.2441470206769871,1.3189035640890323,1.3610209413335745,1.3734131528036269,1.4513003240863973,1.456171234122444,1.4349223716101287,1.4311386092283545,1.4192444086431684,1.432131939367177,1.4175683099347534,1.420155788888916,1.4300245842165384,1.6400840609968703,1.6400840609968703,1.3526252158867005,1.1805940786524363,"rgba(239, 83, 80, 1.0)",0.22298727895684647,1.1011714890716182,-0.005253613915100681,42.30983463172354,-11.232494298828215,False,True,False,True,True,0.0,0.0,0.0,0.0,0.0,1,0.8923312966003607,1.103631127022153,False,False,False,False,-0.084009590315958,-0.1206878335301445,False,False,False,False,-207243798,-208744957.86675096,False,False,False,False,8737808.77392943,False,False,False,False
2025-06-20 00:00:00+00:00,1.12,1.17,1.08,1.11,14481519,,1.1225081747072503,1.107929807896911,1.142702470658132,1.2303548245002125,1.2911260724731173,1.3444199336852682,1.4094331719650934,1.4355321440865025,1.4618550251071212,1.4287055359858054,1.439141372363099,1.439215261002124,1.4262872266347606,1.4290696152076,1.4299765498621253,1.594028074911884,1.120631555262168,1.065599727205425,1.1560412580801487,1.2377921754486614,1.3109089435987085,1.35304455821029,1.366175027821221,1.44413526064137,1.450442477562644,1.4304195469271972,1.4274958987452857,1.415907261188101,1.4290446408750146,1.4147515645983004,1.4174225658162865,1.427424805061268,1.6364680082727014,1.6364680082727014,1.3444199336852682,1.1785595009830734,"rgba(239, 83, 80, 1.0)",0.22471271449131658,1.1041673162679386,0.0704574450444516,42.928964314779265,-10.571794708178139,False,True,False,True,True,0.0,0.0,0.0,0.0,0.0,1,0.9194011092593098,1.0928936367858801,False,False,False,False,-0.09646321168734842,-0.10857552260874646,False,False,False,False,-192762279,-207561055.72847313,False,False,False,False,9163268.790675398,False,False,False,False
2025-06-27 00:00:00+00:00,1.2,1.22,1.09,1.12,68020816,,1.1478625361488675,1.1250430027571614,1.1495886482041722,1.2181086811796078,1.269914697452633,1.3193210900480243,1.3848558839674774,1.4100973947061457,1.4360784546666867,1.4113411613763163,1.423250747397916,1.4243689993147448,1.4129035455593644,1.4168825703155568,1.4196223014548395,1.5801868795993077,1.1536517159948272,1.1044083320697051,1.1594397409431105,1.2243612486755227,1.2882112542112947,1.328120668203954,1.3426970794620907,1.418622468081869,1.4294658566745624,1.4138663291948779,1.413936125213847,1.403536493511781,1.4174254629963559,1.40421971951433,1.40716472086577,1.4175675387776034,1.621623761681183,1.621623761681183,1.3193210900480243,1.18405898576369,"rgba(239, 83, 80, 0.5)",0.22499562057800415,1.1327413967426403,0.2989329440483116,44.71451575221454,-8.797364294741968,False,False,False,True,True,0.0,0.0,0.0,0.0,0.0,1,0.9313612015827301,1.0511426341148287,False,False,False,False,-0.059176272309177554,-0.08387589745896201,False,False,False,False,-124741463,-201426271.08191955,False,False,False,False,13523087.10247722,False,False,False,False
2025-07-04 00:00:00+00:00,1.24,1.24,1.15,1.22,6176277,,1.1507353940465683,1.1271178864209863,1.1509414147103811,1.2179619933493382,1.2689769233655537,1.3179111237275614,1.383241206565383,1.4083720504172783,1.4342798605677107,1.4101215200120938,1.4221136073020473,1.42330094058344,1.4119459794723355,1.4160026574221245,1.418866967352722,1.5790929241596199,1.1568779053671319,1.1078559904529286,1.160533286281897,1.2241074669304133,1.2870838199055448,1.3266781100906764,1.3412705892932715,1.4168742944895838,1.427985371671972,1.4126964529421187,1.4129656385600113,1.4026564709096385,1.4165841015413432,1.403463820683215,1.4064252873204517,1.4168483496978996,1.6204378056686237,1.6204378056686237,1.3179111237275614,1.1852192080830741,"rgba(239, 83, 80, 0.5)",0.2191945380147449,1.1356467940719037,0.47607575842549776,46.6200219172126,-6.949706906407862,False,False,False,False,True,0.0,0.0,0.0,0.0,0.0,1,0.9493857897184756,1.0642937265738284,False,False,False,False,-0.009697163445084337,-0.046786530452023176,False,False,False,False,-118565186,-195288412.9277033,False,False,False,False,12978878.946738167,False,False,False,False
2025-07-11 00:00:00+00:00,1.22,1.28,1.18,1.23,6756227,1.2266666666666666,1.1543907662053714,1.1297082317256766,1.1527519731039606,1.2181309065261174,1.2682647017637645,1.316641706752124,1.3816753962834003,1.4066741881528984,1.4324886640178653,1.4089138787688742,1.4209801535000712,1.4222350581976948,1.4109943951912178,1.415125837273229,1.418112353693234,1.5779573312137505,1.1609911997975477,1.1119531842624446,1.1620618029719372,1.2241559996646283,1.2861459019742099,1.3253596374808676,1.3399385804021513,1.415146603487165,1.42651066506694,1.4115359754885521,1.4120008582769126,1.4017854249017345,1.415745143759247,1.4027143096445425,1.4056908426367483,1.4161302465096566,1.619200654192985,1.619200654192985,1.316641706752124,1.1809075432688114,"rgba(239, 83, 80, 0.5)",0.21832644064493573,1.1635004542330076,0.2587847152186095,47.64755743600351,-5.966878193065092,False,False,False,False,True,0.0,0.0,0.0,0.0,0.0,1,0.9460595834140133,1.0622389422145997,False,False,False,False,0.03354985269114402,-0.006618338880439577,False,False,False,False,-125321413,-190105672.19231787,False,False,False,False,12517941.765498303,False,False,False,False
2025-07-18 00:00:00+00:00,1.18,1.26,1.17,1.21,6038795,1.2156541637833838,1.1564098182461153,1.1313816659051141,1.1538103125678392,1.2178786283735885,1.267302237863913,1.3152500288133748,1.3800954106171845,1.4049899896512033,1.4307350737258262,1.4077113679196713,1.419857804337069,1.4211795874121498,1.4100454691688151,1.4142527854311508,1.4173612720939317,1.5768814927114863,1.1631101780388204,1.1146855874973096,1.16289714762952,1.2238089327184354,1.2850125567095059,1.3239385087636661,1.338534045056887,1.4134408129170843,1.4250589432305247,1.4103815345062138,1.411039438002877,1.4009113708150276,1.4149097550660752,1.4019616649364586,1.4049545479859618,1.4154144883586897,1.618036093906233,1.618036093906233,1.3152500288133748,1.180693867262404,"rgba(239, 83, 80, 0.5)",0.2179743817082252,1.1624649368914073,0.0804455228691261,47.71544659908471,-5.880454809806942,True,False,False,False,True,0.0,0.0,0.0,0.0,0.0,1,0.9340831954222883,1.0771366862079605,False,False,False,False,0.039212882286420954,0.01629727170299069,False,False,False,False,-131360208,-185754156.32622027,False,False,False,False,12038004.968053984,False,False,False,False
2025-07-25 00:00:00+00:00,1.12,1.22,1.11,1.17,11661271,1.1843488880346666,1.1559368697083212,1.1321644894425016,1.153662337531447,1.2157151611320804,1.2640380490407055,1.3114214845194407,1.3762251882310224,1.4009758164357076,1.426646990583612,1.4048329216695008,1.4171970612698233,1.4186779483022898,1.4077708604024508,1.4121658873927416,1.4155679162492254,1.5745272423025107,1.1619548786752207,1.1166133829257634,1.162412023026375,1.2215073673962566,1.2815363361723129,1.3201127944329427,1.3348636532708682,1.4094066882551528,1.4216467513477393,1.4076230797304168,1.4087373961460143,1.3987953473319077,1.4129130328558122,1.4001382646108211,1.4031756548336116,1.4137016772456645,1.6155187649308331,1.6155187649308331,1.3114214845194407,1.1768353446913338,"rgba(239, 83, 80, 1.0)",0.21588886551245354,1.1547135048359929,-0.16079340059337305,46.81404340392302,-5.880454809806942,False,False,False,False,True,0.0,0.0,0.0,0.0,0.0,1,0.9331455719609685,1.0782339051520584,False,False,False,False,-0.026906211213938578,-0.005304469755473945,False,False,False,False,-143021479,-182588772.82057434,False,False,False,False,12010098.748198133,False,False,False,False
2025-08-01 00:00:00+00:00,1.02,1.135,0.99975,1.12,20383606,1.1239954791787852,1.1440154932724178,1.1266476337331905,1.1471733698978972,1.2070535327036591,1.254183345348698,1.3013082710692319,1.366952983994665,1.3916189062947155,1.4173370497562066,1.3980682914495166,1.4110025874283838,1.412852442773638,1.4024069518037159,1.4072560474572702,1.4113497497149576,1.5695341570188202,1.1472229708182224,1.110948680505587,1.1555746121828112,1.212724122459387,1.271632836755931,1.3101711112844425,1.3255409648505854,1.400078482391204,1.413792545222516,1.401149855547861,1.403315461752959,1.3937513519204687,1.4082143734434627,1.3957842022106932,1.3989392550716198,1.4096624437449905,1.6102663236551296,1.6102663236551296,1.3013082710692319,1.1629539240100655,"rgba(255, 0, 0, 1.0)",0.21320755547520764,1.1315456559437531,-0.5231787198869879,44.76582472242577,-5.880454809806942,False,False,False,True,False,0.0,0.0,0.0,0.0,0.0,1,0.8993725834548981,1.0934751511889755,False,False,False,False,-0.15722827319165342,-0.08126637147356368,False,False,False,False,-163405085,-181167758.9079392,False,False,False,False,12630358.544627901,False,False,False,False
2025-08-08 00:00:00+00:00,1.1,1.12,1.035,1.06,9368669,1.1172560328070893,1.141071361711197,1.1253770888426748,1.1454084154286885,1.2041632133667586,1.2506517566350517,1.2975067632179946,1.3632996612975115,1.387890684869385,1.4135882619296094,1.3953368454592587,1.4084835707853824,1.4104784753388286,1.4002251245329833,1.4052518011888209,1.4096206748865392,1.5674170956662234,1.143626373779565,1.1099497703093764,1.1536286176833468,1.2097601580817956,1.2680102246957974,1.3064036428797627,1.321956776875275,1.3963479371554899,1.4106161904100154,1.3985298755593534,1.4011098272844429,1.3917035140502807,1.4062940698484072,1.3940100417780037,1.397210228927929,1.4080064582852154,1.6080273288556126,1.6080273288556126,1.2975067632179946,1.1600892788645543,"rgba(239, 83, 80, 1.0)",0.21079585893500422,1.127975884651807,-0.13271553242624634,44.7923705352218,-5.880454809806942,False,False,False,True,False,0.0,0.0,0.0,0.0,0.0,1,0.9140749516918433,1.0747542278452447,False,False,False,False,-0.1435393734733189,-0.1124028724734413,False,False,False,False,-154036416,-179158029.8036474,False,False,False,False,12388751.9116925,False,False,False,False
