date,Open,High,Low,Close,Volume,aVWAP_peak_382,aVWAP_peak_353,aVWAP_peak_321,aVWAP_peak_259,aVWAP_peak_206,aVWAP_peak_133,aVWAP_peak_87,aVWAP_peak_60,aVWAP_peak_34,aVWAP_valley_407,aVWAP_valley_387,aVWAP_valley_294,aVWAP_valley_276,aVWAP_valley_215,aVWAP_valley_142,aVWAP_valley_118,aVWAP_valley_99,aVWAP_valley_81,aVWAP_OB_bull_387,aVWAP_OB_bull_294,Peaks_Valleys_avg,color,StDev,StDev_Mean,StdDev_ZScore,QQEMOD,QQE1_Value,QQE1_Above_Upper,QQE1_Below_Lower,QQE2_Above_Threshold,QQE2_Below_Threshold,QQE2_Above_TL,banker_RSI,OB,OB_High,OB_Low,OB_Mitigated_Index,TTM_squeeze_Active,VI_plus,VI_minus,VI_Regular_Bullish,VI_Regular_Bearish,VI_Hidden_Bullish,VI_Hidden_Bearish,Fisher,Fisher_Signal,Fisher_Regular_Bullish,Fisher_Regular_Bearish,Fisher_Hidden_Bullish,Fisher_Hidden_Bearish,OBV,OBV_Smoothed,OBV_Regular_Bullish,OBV_Regular_Bearish,OBV_Hidden_Bullish,OBV_Hidden_Bearish,Volume_MA,Vol_Regular_Bullish,Vol_Regular_Bearish,Vol_Hidden_Bullish,Vol_Hidden_Bearish
2024-02-21 17:00:00+00:00,48.245,48.51,48.195,48.495,262331.0,,,,,,,,,,,,,,,,,,,,,,#000000,,,,,,False,False,False,False,False,,0.0,0.0,0.0,0.0,0,,,False,False,False,False,,,False,False,False,False,0.0,0.0,False,False,False,False,262331.0,False,False,False,False
2024-02-22 17:00:00+00:00,48.45,48.7,48.375,48.545,428548.0,,,,,,,,,,,,,,,,,,,,,,#000000,,,,100.0,,False,False,True,False,False,,0.0,0.0,0.0,0.0,0,,,False,False,False,False,,,False,False,False,False,428548.0,6644.15503875969,False,False,False,False,264908.00775193796,False,False,False,False
2024-02-23 17:00:00+00:00,49.075,49.14,48.855,48.86,153428.0,,,,,,,,,,,,,,,,,,,,,,#000000,,,,100.0,50.0,False,False,True,False,True,,0.0,0.0,0.0,0.0,0,,,False,False,False,False,,,False,False,False,False,581976.0,15564.028604050238,False,False,False,False,263179.6355387296,False,False,False,False
2024-02-26 17:00:00+00:00,48.68,48.68,48.36,48.375,170658.0,,,,,,,,,,,,,,,,,,,,,,#000000,,,,79.90485690171109,31.914371211539972,False,False,True,False,False,,0.0,0.0,0.0,0.0,0,,,False,False,False,False,,,False,False,False,False,411318.0,21699.74909080915,False,False,False,False,261745.1915768888,False,False,False,False
2024-02-27 17:00:00+00:00,48.33,48.345,48.015,48.325,210293.0,,,,,,,,,,,,,,,,,,,,,,#000000,,,,65.64298550067528,20.284395536505087,False,False,True,False,False,,0.0,0.0,0.0,0.0,0,,,False,False,False,False,,,False,False,False,False,201025.0,24479.985539013658,False,False,False,False,260947.48318034792,False,False,False,False
2024-02-28 17:00:00+00:00,48.355,48.41,48.005,48.06,241275.0,,,,,,,,,,,,,,,,,,,,,,#000000,,,,52.66575179563206,10.103642065173588,False,False,False,True,False,,0.0,0.0,0.0,0.0,0,,,False,False,False,False,,,False,False,False,False,-40250.0,23476.419871742128,False,False,False,False,260642.4834411177,False,False,False,False
2024-02-29 17:00:00+00:00,48.37,48.47,48.225,48.3,157473.0,,,,,,,,,,,,,,,,,,,,,,#000000,,,,49.44259335708291,8.69503120927319,False,False,False,True,False,,0.0,0.0,0.0,0.0,0,,,False,False,False,False,,,False,False,False,False,117223.0,24929.855222567832,False,False,False,False,259042.95656606162,False,False,False,False
2024-03-01 17:00:00+00:00,48.085,48.42,47.995,48.395,172477.0,,,,,,,,,,,,,,,,,,,,,,#000000,,,,49.004700502248156,8.69503120927319,False,False,False,True,False,,0.0,0.0,0.0,0.0,0,,,False,False,False,False,,,False,False,False,False,289700.0,29034.81870748926,False,False,False,False,257700.84871232422,False,False,False,False
2024-03-04 17:00:00+00:00,49.245,49.475,49.08,49.12,370443.0,,,,,,,,,,,,,,,,,,,,,,#000000,,,,56.251340032977005,8.69503120927319,False,False,True,False,True,,0.0,0.0,0.0,0.0,0,,,False,False,False,False,,,False,False,False,False,660143.0,38819.44167326462,False,False,False,False,259448.7890423657,False,False,False,False
2024-03-05 17:00:00+00:00,48.855,48.995,48.705,48.975,243709.0,,,,,,,,,,,,,,,,,,,,,,#000000,,,,58.97575718782919,-2.3495354387739837,False,False,True,False,True,,0.0,0.0,0.0,0.0,0,,,False,False,False,False,,,False,False,False,False,416434.0,44673.930949648115,False,False,False,False,259204.76130527476,False,False,False,False
2024-03-06 17:00:00+00:00,49.295,49.385,49.015,49.18,369457.0,,,,,,,,,,,,,,,,,,,,,,#000000,,,,62.26737557864599,0.8212705610256421,False,False,True,False,True,,0.0,0.0,0.0,0.0,0,,,False,False,False,False,,,False,False,False,False,785891.0,56165.66845430473,False,False,False,False,260914.0983393015,False,False,False,False
2024-03-07 17:00:00+00:00,49.15,49.16,48.825,48.89,435577.0,,,,,,,,,,,,,,,,,,,,,,#000000,,,,60.66871854965474,0.8212705610256421,False,False,True,False,True,,0.0,0.0,0.0,0.0,0,,,False,False,False,False,,,False,False,False,False,350314.0,60726.1077030752,False,False,False,False,263622.05030303326,False,False,False,False
2024-03-08 17:00:00+00:00,49.575,49.785,49.435,49.525,559269.0,,,,,,,,,,,,,,,,,,,,,,#000000,,,,63.70459361950208,2.765799003689324,False,False,True,False,True,,0.0,0.0,0.0,0.0,0,,,False,False,False,False,,,False,False,False,False,909583.0,73886.67967667093,False,False,False,False,268205.72394174594,False,False,False,False
2024-03-11 17:00:00+00:00,50.1,50.3,49.995,50.24,243540.0,,,,,,,,,,,,,,,,,,,,,,#000000,,50.17833333333333,,68.43058216707682,7.640197655060959,False,False,True,False,True,,0.0,0.0,0.0,0.0,0,,,False,False,False,False,,,False,False,False,False,1153123.0,90619.02572819541,False,False,False,False,267823.3096170677,False,False,False,False
2024-03-12 17:00:00+00:00,49.965,50.205,49.905,50.055,253588.0,,,,,,,,,,,,,,,,,,,,,,#000000,,50.115420253938616,,69.70122765818431,9.310376443968337,False,False,True,False,True,,0.0,0.0,0.0,0.0,0,,,False,False,False,False,,,False,False,False,False,899535.0,103160.35866264199,False,False,False,False,267602.60714238446,False,False,False,False
2024-03-13 17:00:00+00:00,50.065,50.11,49.825,50.085,202401.0,,,,,,,,,,,,,,,,,,,,,,#000000,,50.0839536030672,,70.66896785648095,10.852677981595889,False,False,True,False,True,,0.0,0.0,0.0,0.0,0,,,False,False,False,False,,,False,False,False,False,1101936.0,118645.25232678707,False,False,False,False,266591.72951226996,False,False,False,False
2024-03-14 17:00:00+00:00,49.845,49.96,49.65,49.76,215308.0,,,,,,,,,,,,,,,,,,,,,,#000000,,50.01477126526365,,67.9955660255891,10.852677981595889,False,False,True,False,True,,0.0,0.0,0.0,0.0,0,,,False,False,False,False,,,False,False,False,False,886628.0,130551.96159303843,False,False,False,False,265796.63293068437,False,False,False,False
2024-03-15 17:00:00+00:00,49.035,49.28,48.895,48.94,335551.0,,,,,,,,,,,,,,,,,,,,,,#000000,,49.75273682115738,,60.362537177512856,19.760629271685346,False,False,True,False,False,,0.0,0.0,0.0,0.0,0,,,False,False,False,False,,,False,False,False,False,551077.0,137071.72963035566,False,False,False,False,266878.09598602256,False,False,False,False
2024-03-18 17:00:00+00:00,49.49,49.6,49.215,49.225,238897.0,,,,,,,,,,,,,,,,,,,,,,#000000,,49.68759889141434,,57.08076521917074,16.479003873964416,False,False,True,False,False,,0.0,0.0,0.0,0.0,0,,,False,False,False,False,,,False,False,False,False,789974.0,147194.24545004006,False,False,False,False,266444.2805443788,False,False,False,False
2024-03-19 17:00:00+00:00,49.325,49.43,49.11,49.14,183844.0,,,,,,,,,,,,,,,,,,,,,,#000000,,49.63695149726451,,54.352972264791205,13.648154467628643,False,False,True,False,False,,0.0,0.0,0.0,0.0,0,,,False,False,False,False,,,False,False,False,False,606130.0,154309.52846631853,False,False,False,False,265163.65603981476,False,False,False,False
2024-03-20 17:00:00+00:00,49.075,49.56,48.945,49.51,214106.0,,,,,,,,,,,,,,,,,,,,,,#000000,,49.603073394851904,,54.84622117138793,13.648154467628643,False,False,True,False,False,,0.0,0.0,0.0,0.0,0,,,False,False,False,False,,,False,False,False,False,820236.0,164633.96988544537,False,False,False,False,264372.064473306,False,False,False,False
2024-03-21 17:00:00+00:00,50.055,50.1,49.85,49.91,183124.0,,,,,,,,,,,,,,,,,,,,,,#000000,,49.634054012693774,,57.26082688122568,13.648154467628643,False,False,True,False,False,,0.0,0.0,0.0,0.0,0,,,False,False,False,False,,,False,False,False,False,1003360.0,177637.47422830667,False,False,False,False,263112.40455899114,False,False,False,False
2024-03-22 17:00:00+00:00,49.835,49.895,49.745,49.775,126578.0,,,,,,,,,,,,,,,,,,,,,,#000000,,49.643903180503884,,57.81408732994944,13.648154467628643,False,False,True,False,False,,0.0,0.0,0.0,0.0,0,,,False,False,False,False,,,False,False,False,False,876782.0,188476.92424027092,False,False,False,False,260995.59208520834,False,False,False,False
2024-03-25 17:00:00+00:00,49.705,49.76,49.62,49.695,177071.0,,,,,,,,,,,,,,,,,,,,,,#000000,,49.64746573305566,,57.53655848450787,13.648154467628643,False,False,True,False,False,,0.0,0.0,0.0,0.0,0,,,False,False,False,False,,,False,False,False,False,699711.0,196403.03394197216,False,False,False,False,259694.435618771,False,False,False,False
2024-03-26 17:00:00+00:00,49.665,49.695,49.48,49.535,168150.0,,,,,,,,,,,,,,,,,,,,,,#000000,,49.64234179386175,,56.04203823193667,12.894261959808645,False,False,True,False,False,,0.0,0.0,0.0,0.0,0,,,False,False,False,False,,,False,False,False,False,531561.0,201599.28147775555,False,False,False,False,258275.14204328618,False,False,False,False
2024-03-27 17:00:00+00:00,49.48,49.78,49.41,49.78,165187.0,,,,,,,,,,,,,,,,,,,,,,#000000,,49.64321581721822,,56.70695756346142,12.894261959808645,False,False,True,False,False,,0.0,0.0,0.0,0.0,0,,,False,False,False,False,,,False,False,False,False,696748.0,209276.00579592987,False,False,False,False,256831.91503486314,False,False,False,False
2024-03-28 17:00:00+00:00,50.045,50.09,49.84,49.885,191744.0,,,,,,,,,,,,,,,,,,,,,,#000000,,49.662734711950314,,57.831315778543335,12.894261959808645,False,False,True,False,False,,0.0,0.0,0.0,0.0,0,,,False,False,False,False,,,False,False,False,False,888492.0,219806.48632622554,False,False,False,False,255822.8000730823,False,False,False,False
2024-03-29 17:00:00+00:00,49.885,49.885,49.885,49.885,0.0,,,,,,,,,,,,,,,,,,,,,,#000000,,49.662734711950314,,58.58088792193127,12.894261959808645,False,False,True,False,True,,0.0,0.0,0.0,0.0,0,,,False,False,False,False,,,False,False,False,False,888492.0,230173.7035924856,False,False,False,False,251856.55511070893,False,False,False,False
2024-04-01 17:00:00+00:00,50.025,50.095,49.98,50.02,163771.0,,,,,,,,,,,,,,,,,,,,,,#000000,,49.68246148860869,,60.05751055144017,12.894261959808645,False,False,True,False,True,,0.0,0.0,0.0,0.0,0,,,False,False,False,False,,,False,False,False,False,1052263.0,242919.2740794238,False,False,False,False,250490.88758961266,False,False,False,False
2024-04-02 17:00:00+00:00,49.275,49.39,49.14,49.37,269127.0,,,,,,,,,,,,,,,,,,,,,,#000000,,49.65156979754123,,55.06597090250547,10.085788435928237,False,False,True,False,False,,0.0,0.0,0.0,0.0,0,,,False,False,False,False,,,False,False,False,False,783136.0,251294.7271944715,False,False,False,False,250779.81956496747,False,False,False,False
2024-04-03 17:00:00+00:00,48.865,48.93,48.65,48.75,200181.0,,,,,,,,,,,,,,,,,,,,,,#000000,,49.60198580730022,,48.22331526394464,3.7680746190022205,False,False,False,True,False,,0.0,0.0,0.0,0.0,0,,,False,False,False,False,,,False,False,False,False,582955.0,256436.74692789052,False,False,False,False,249995.3417422548,False,False,False,False
2024-04-04 17:00:00+00:00,48.845,48.92,48.04,48.12,137747.0,,,,,,,,,,,,,,,,,,,,,,#000000,,48.957684486561675,,41.23269791113424,-2.409308606883158,False,False,False,True,False,,0.0,0.0,0.0,0.0,0,,,False,False,False,False,,,False,False,False,False,445208.0,259363.43302203176,False,False,False,False,248255.0573741578,False,False,False,False
2024-04-05 17:00:00+00:00,48.655,48.675,48.405,48.555,297575.0,,,,,,,,,,,,,,,,,,,,,,#000000,,48.983024600255085,,39.98673255825103,-3.264527322525339,False,False,False,True,False,,0.0,0.0,0.0,0.0,0,,,False,False,False,False,,,False,False,False,False,742783.0,266858.31002944213,False,False,False,False,249019.70764742664,False,False,False,False
2024-04-08 17:00:00+00:00,48.445,48.485,48.22,48.255,112412.0,,,,,,,,,,,,,,,,,,,,,,#000000,,48.949968248564126,,37.92518523882754,-5.139791666941171,False,False,False,True,False,,0.0,0.0,0.0,0.0,0,,,False,False,False,False,,,False,False,False,False,630371.0,272494.1656879004,False,False,False,False,246901.75869165256,False,False,False,False
2024-04-09 17:00:00+00:00,49.875,50.2,49.655,49.975,525478.0,,,,,,,,,49.94333333333334,,,,,,,,,,,,49.94333333333334,#000000,,49.5432954229075,,45.122718644768504,-12.37387797029254,False,False,False,True,True,,0.0,0.0,0.0,0.0,0,,,False,False,False,False,,,False,False,False,False,1155849.0,286189.58947568486,False,False,False,False,251220.77018480524,False,False,False,False
2024-04-10 17:00:00+00:00,49.08,49.31,48.9,49.19,249693.0,,,,,,,,,49.68242144421468,,,,,,,,,,,,49.68242144421468,#000000,,49.44688279000756,,46.62202493827263,-11.084045494867425,False,False,False,True,True,,0.0,0.0,0.0,0.0,0,,,False,False,False,False,,,False,False,False,False,906156.0,295801.4718093952,False,False,False,False,251197.08382535088,False,False,False,False
2024-04-11 17:00:00+00:00,49.14,49.585,49.08,49.505,200537.0,,,,,,,,,49.62232014427814,,,,,,,,,,,,49.62232014427814,#000000,,49.43510831391907,,48.7941683389093,-8.954936860539384,False,False,False,False,True,,0.0,0.0,0.0,0.0,0,,,False,False,False,False,,,False,False,False,False,1106693.0,308373.4334867689,False,False,False,False,250411.65616914388,False,False,False,False
2024-04-12 17:00:00+00:00,48.755,48.83,48.44,48.475,248685.0,,,,,,,,,49.41095425923975,,,,,,,,,,,,49.41095425923975,#000000,,49.32159162709657,,46.62233602911904,-8.954936860539384,False,False,False,True,True,,0.0,0.0,0.0,0.0,0,,,False,False,False,False,,,False,False,False,False,858008.0,316894.89963426086,False,False,False,False,250384.88630605637,False,False,False,False
2024-04-15 17:00:00+00:00,48.855,48.855,48.205,48.24,221629.0,,,,,,,,,49.26111618749,,,,,,,,,,,,49.26111618749,#000000,,49.23295310933015,,44.472036459870225,-8.954936860539384,False,False,False,True,False,,0.0,0.0,0.0,0.0,0,,,False,False,False,False,,,False,False,False,False,636379.0,321848.14150039636,False,False,False,False,249939.05861138884,False,False,False,False
2024-04-16 17:00:00+00:00,48.02,48.13,47.845,47.91,185442.0,,,,,,,,,49.1134129479208,,,,,,,,,,,,49.1134129479208,#000000,,49.137607677578025,,42.06110917119734,-8.954936860539384,False,False,False,True,False,,0.0,0.0,0.0,0.0,0,,,False,False,False,False,,,False,False,False,False,450937.0,323849.519151553,False,False,False,False,248939.10421431303,False,False,False,False
2024-04-17 17:00:00+00:00,47.77,48.045,47.77,47.775,201080.0,,,,,,,,,48.97624515882474,,,,,,,,,,,,48.97624515882474,#000000,,48.74919696430653,,40.05038680950206,-2.7354770034543563,False,False,False,True,False,,0.0,0.0,0.0,0.0,0,,,False,False,False,False,,,False,False,False,False,249857.0,322702.348311994,False,False,False,False,248197.10259858723,False,False,False,False
2024-04-18 17:00:00+00:00,47.975,48.225,47.88,48.095,210410.0,,,,,,,,,48.88256492396141,,,,,,,,,,,,48.88256492396141,#000000,,48.72514048704241,,40.41061480683694,-2.748716054899191,False,True,False,True,False,,0.0,0.0,0.0,0.0,0,,,False,False,False,False,,,False,False,False,False,460267.0,324835.13360948244,False,False,False,False,247611.25604667113,False,False,False,False
2024-04-19 17:00:00+00:00,48.245,48.42,48.155,48.345,299835.0,,,,,,,,,48.80886026939117,,,,,,,,,,,,48.80886026939117,#000000,,48.7187847086106,,41.93620572493195,-2.748716054899191,False,True,False,True,False,,0.0,0.0,0.0,0.0,0,,,False,False,False,False,,,False,False,False,False,760102.0,331583.45711941295,False,False,False,False,248420.92649555992,False,False,False,False
2024-04-22 17:00:00+00:00,48.335,48.585,48.085,48.1,217612.0,,,,,,,,,48.761928576161836,,,,,,,,,,,,48.761928576161836,#000000,,48.6992895875434,,41.94319915600684,-2.748716054899191,False,True,False,True,False,,0.0,0.0,0.0,0.0,0,,,False,False,False,False,,,False,False,False,False,542490.0,334853.32600128255,False,False,False,False,247943.26872043495,False,False,False,False
2024-04-23 17:00:00+00:00,48.335,48.425,48.21,48.3,398825.0,,,,,,,,,48.70124524002786,,,,,,,,,,,,48.70124524002786,#000000,,48.67306683006371,,43.074949532052145,-2.748716054899191,False,True,False,True,False,,0.0,0.0,0.0,0.0,0,,,False,False,False,False,,,False,False,False,False,941315.0,344255.83257490606,False,False,False,False,250282.52036818015,False,False,False,False
2024-04-24 17:00:00+00:00,48.115,48.375,48.095,48.33,120926.0,,,,,,,,,48.684183793527076,,,,,,,,,,,,48.684183793527076,#000000,,48.6633422975069,,44.00682243100087,-2.748716054899191,False,True,False,True,True,,0.0,0.0,0.0,0.0,0,,,False,False,False,False,,,False,False,False,False,1062241.0,355387.3855582409,False,False,False,False,248276.99292061146,False,False,False,False
2024-04-25 17:00:00+00:00,48.13,48.36,48.03,48.12,302186.0,,,,,,,,,48.63824540894494,,,,,,,,,,,,48.63824540894494,#000000,,48.631708070224896,,43.539365911327195,-2.748716054899191,False,True,False,True,True,,0.0,0.0,0.0,0.0,0,,,False,False,False,False,,,False,False,False,False,760055.0,361661.3020612139,False,False,False,False,249112.79147998182,False,False,False,False
2024-04-26 17:00:00+00:00,47.915,48.045,47.84,47.845,159510.0,,,,,,,,,48.60544828575365,,,,,,,,,,,,48.60544828575365,#000000,,48.604575590212235,,41.87946329444811,-3.692477178886186,False,True,False,True,True,,0.0,0.0,0.0,0.0,0,,,False,False,False,False,,,False,False,False,False,600545.0,365364.925285071,False,False,False,False,247723.6009144007,False,False,False,False
2024-04-29 17:00:00+00:00,47.865,47.905,47.58,47.78,211201.0,,,,,,,,,48.5575897237153,,,,,,,,,,,,48.5575897237153,#000000,,48.563281148034,,40.45637229911791,-5.3376104684349315,False,True,False,True,False,,0.0,0.0,0.0,0.0,0,,,False,False,False,False,,,False,False,False,False,389344.0,365736.69388530246,False,False,False,False,247157.35903975886,False,False,False,False
2024-04-30 17:00:00+00:00,47.085,47.24,46.96,46.975,225460.0,,,,,,,,,48.472627657329255,,,,,,,,,,,,48.472627657329255,#000000,,48.48406771133284,,36.30530168607373,-9.38392177777245,False,True,False,True,False,0.0,0.0,0.0,0.0,0.0,0,,,False,False,False,False,,,False,False,False,False,163884.0,362607.1947552978,False,False,False,False,246820.96587635175,False,False,False,False
2024-05-01 17:00:00+00:00,47.2,47.57,46.85,46.855,128747.0,,,,,,,,,48.42933973355123,,,,,,,,,,,,48.42933973355123,#000000,,48.444181794359196,,33.15448715460734,-12.325039963166091,False,True,False,True,False,0.0,0.0,0.0,0.0,0.0,0,,,False,False,False,False,,,False,False,False,False,35137.0,357530.13747226994,False,False,False,False,244990.36175423776,False,False,False,False
2024-05-02 17:00:00+00:00,46.725,46.935,46.7,46.805,166148.0,,,,,,,,,48.36651014117396,,,,,,,,,,,,48.36651014117396,#000000,,48.07118624864846,,30.88484841733279,-14.414328080515688,False,True,False,True,False,0.0,0.0,0.0,0.0,0.0,0,,,False,False,False,False,,,False,False,False,False,-131011.0,349955.8562711495,False,False,False,False,243767.99955649764,False,False,False,False
2024-05-03 17:00:00+00:00,47.055,47.21,47.01,47.12,174784.0,,,,,,,,,48.31726868483677,,,,,,,,,,,,48.31726868483677,#000000,,48.0661314680847,,32.2708487840417,-14.414328080515688,False,True,False,True,False,0.0,0.0,0.0,0.0,0.0,0,,,False,False,False,False,,,False,False,False,False,43773.0,345208.8352436898,False,False,False,False,242698.48018352868,False,False,False,False
2024-05-06 17:00:00+00:00,47.09,47.16,46.965,47.1,103276.0,,,,,,,,,48.2890807126381,,,,,,,,,,,,48.2890807126381,#000000,,48.050625156337574,,33.097150737796824,-14.414328080515688,False,True,False,True,True,0.0,0.0,0.0,0.0,0.0,0,,,False,False,False,False,,,False,False,False,False,-59503.0,338934.23314688844,False,False,False,False,240536.89134347398,False,False,False,False
2024-05-07 17:00:00+00:00,47.155,47.345,47.125,47.265,161797.0,,,,,,,,,48.25323947086034,,,,,,,,,,,,48.25323947086034,#000000,,48.0384409573812,,35.214796940666275,-14.414328080515688,False,True,False,True,True,0.0,0.0,0.0,0.0,0.0,0,,,False,False,False,False,,,False,False,False,False,102294.0,335265.39232290565,False,False,False,False,239316.11783427285,False,False,False,False
2024-05-08 17:00:00+00:00,48.065,48.135,47.955,47.985,164585.0,,,,,,,,,48.24553836809663,,,,,,,,,,,,48.24553836809663,#000000,,48.076052273938174,,41.89934961083828,-13.252644215075307,False,True,False,True,True,0.0,0.0,0.0,0.0,0.0,0,,,False,False,False,False,,,False,False,False,False,266879.0,334205.13817836443,False,False,False,False,238157.49585234612,False,False,False,False
2024-05-09 17:00:00+00:00,47.815,47.84,47.65,47.805,182475.0,,,,,,,,,48.22821017118611,,,,,,,,,,,,48.22821017118611,#000000,,48.08385904992268,,45.09474822424892,-10.471108505419693,False,True,False,True,True,0.0,0.0,0.0,0.0,0.0,0,,,False,False,False,False,,,False,False,False,False,84404.0,330332.252315134,False,False,False,False,237294.20134300741,False,False,False,False
2024-05-10 17:00:00+00:00,48.005,48.105,47.945,48.055,123859.0,,,,,,,,,48.22359404701741,,,,,,,,,,,,48.22359404701741,#000000,,48.09711722581633,,48.787412130105395,-7.189948979365326,False,False,False,False,True,0.0,0.0,0.0,0.0,0.0,0,,,False,False,False,False,,,False,False,False,False,208263.0,328439.70576761256,False,False,False,False,235535.51605086777,False,False,False,False
2024-05-13 17:00:00+00:00,48.715,48.74,48.575,48.69,190200.0,,,,,,,,,48.239333427607775,,,,,,,,,,,,48.239333427607775,#000000,,48.148183100045685,,54.409825755281474,-2.1540450754013847,True,False,True,False,True,1.2796005993422774,0.0,0.0,0.0,0.0,0,,,False,False,False,False,,,False,False,False,False,398463.0,329525.3382363317,False,False,False,False,234832.63983302485,False,False,False,False
2024-05-14 17:00:00+00:00,48.505,49.17,48.385,48.92,272460.0,,,,,,,,,48.26759183661423,,,,,,,,,,,,48.26759183661423,#000000,,48.214819457121976,,59.085600089393644,1.9413404369511156,True,False,True,False,True,2.7268817237837304,0.0,0.0,0.0,0.0,0,,,False,False,False,False,,,False,False,False,False,670923.0,334818.3252404196,False,False,False,False,235416.00975809424,False,False,False,False
2024-05-15 17:00:00+00:00,49.565,49.73,49.4,49.675,470672.0,,,,,,,,49.601666666666674,48.37023350996288,,,,,,,,,,,,48.98595008831478,#000000,,48.58326669005806,,64.62561094857912,6.841671750389565,True,False,True,False,True,7.186275814870974,0.0,0.0,0.0,0.0,0,,,False,False,False,False,,,False,False,False,False,1141595.0,347326.4907405681,False,False,False,False,239063.3894517672,False,False,False,False
2024-05-16 17:00:00+00:00,48.415,48.56,48.16,48.34,432115.0,,,,,,,,49.00415744429934,48.36911851214327,,,,,,,,,,,,48.6866379782213,#000000,,48.486993905495694,,60.39072759534794,6.841671750389565,True,False,True,False,False,0.0,0.0,0.0,0.0,0.0,0,,,False,False,False,False,,,False,False,False,False,709480.0,352941.2738298616,False,False,False,False,242056.4376773212,False,False,False,False
2024-05-17 17:00:00+00:00,48.215,48.375,48.12,48.185,195640.0,,,,,,,,48.865679151489665,48.364986832989715,,,,,,,,,,,,48.615332992239686,#000000,,48.46104096949879,,56.885247433807635,6.841671750389565,True,False,True,False,False,0.0,0.0,0.0,0.0,0.0,0,,,False,False,False,False,,,False,False,False,False,513840.0,355435.82772397227,False,False,False,False,241336.80298464955,False,False,False,False
2024-05-20 17:00:00+00:00,47.33,47.375,47.01,47.14,334617.0,,,,,,,,48.470904123204406,48.308744410925385,,,,,,,,,,,,48.389824267064895,#000000,,48.33895475526803,,50.721812816580915,9.874771924941271,True,False,False,False,False,0.0,0.0,0.0,0.0,0.0,0,,,False,False,False,False,,,False,False,False,False,179223.0,352703.8458987944,False,False,False,False,242783.0075895387,False,False,False,False
2024-05-21 17:00:00+00:00,47.045,47.065,46.61,46.94,426577.0,,,,,,,,48.10405629964385,48.22707818859869,,,,,,,,,,,,48.16556724412127,#000000,,48.19900579888074,,46.00855548616795,5.583770525965761,False,False,False,True,False,0.0,0.0,0.0,0.0,0.0,0,,,False,False,False,False,,,False,False,False,False,-247354.0,343400.6234817588,False,False,False,False,245632.52685171636,False,False,False,False
2024-05-22 17:00:00+00:00,47.745,47.835,47.295,47.455,210198.0,,,,,,,,48.04558944042933,48.20804472203148,,,,,,,,,,,,48.126817081230406,#000000,,48.17269495908513,,45.40995511678143,4.9322653880459555,False,False,False,True,False,0.0,0.0,0.0,0.0,0.0,0,,,False,False,False,False,,,False,False,False,False,-37156.0,337500.52079211915,False,False,False,False,245083.15434238742,False,False,False,False
2024-05-23 17:00:00+00:00,46.885,46.96,46.515,46.61,221794.0,,,,,,,,47.91487250246878,48.1657714679002,,,,,,,,,,,,48.04032198518449,#000000,,48.11161509596105,,42.33250129817141,1.7478054885850511,False,True,False,True,False,0.0,0.0,0.0,0.0,0.0,0,,,False,False,False,False,,,False,False,False,False,-258950.0,328253.2258961173,False,False,False,False,244722.08218204032,False,False,False,False
2024-05-24 17:00:00+00:00,46.655,46.665,46.38,46.44,91598.0,,,,,,,,47.860300128691925,48.14671314250267,,,,,,,,,,,,48.0035066355973,#000000,,48.084878090100695,,39.80443016745541,-0.9725545884204578,False,True,False,True,False,0.0,0.0,0.0,0.0,0.0,0,,,False,False,False,False,,,False,False,False,False,-350548.0,317729.17588222394,False,False,False,False,242348.06540402418,False,False,False,False
2024-05-27 17:00:00+00:00,46.44,46.44,46.44,46.44,0.0,,,,,,,,47.860300128691925,48.14671314250267,,,,,,,,,,,,48.0035066355973,#000000,,48.084878090100695,,38.119049413644746,-2.9813828022403044,False,True,False,True,False,0.0,0.0,0.0,0.0,0.0,0,,,False,False,False,False,,,False,False,False,False,-350548.0,307368.28943443747,False,False,False,False,238590.73105667497,False,False,False,False
2024-05-28 17:00:00+00:00,46.495,46.5,45.975,46.265,197589.0,,,,,,,,47.73675850511469,48.10108301246368,,,,,,,,,,,,47.918920758789184,#000000,,48.02214631911599,,36.42844840180536,-5.065912798666233,False,True,False,True,False,0.0,0.0,0.0,0.0,0.0,0,,,False,False,False,False,,,False,False,False,False,-548137.0,294104.6415362291,False,False,False,False,237955.0453038583,False,False,False,False
2024-05-29 17:00:00+00:00,46.175,46.235,46.035,46.09,142221.0,,,,,,,,47.652316625542,48.06742037372744,,,,,,,,,,,,47.859868499634715,#000000,,47.97723151416465,,34.72638378431199,-7.190111056526781,False,True,False,True,False,0.0,0.0,0.0,0.0,0.0,0,,,False,False,False,False,,,False,False,False,False,-690358.0,278841.65484574495,False,False,False,False,236470.79653945737,False,False,False,False
2024-05-30 17:00:00+00:00,46.295,46.335,46.08,46.13,213780.0,,,,,,,,47.545262879575425,48.02045470641965,,,,,,,,,,,,47.78285879299754,#000000,,47.91693231745207,,33.89487498874653,-8.531974708737145,False,True,False,True,False,0.0,0.0,0.0,0.0,0.0,0,,,False,False,False,False,,,False,False,False,False,-476578.0,267129.7222124776,False,False,False,False,236119.001244272,False,False,False,False
2024-05-31 17:00:00+00:00,46.12,46.57,46.06,46.495,242079.0,,,,,,,,47.456144678314374,47.97532184135308,,,,,,,,,,,,47.715733259833726,#000000,,47.862129938450245,,36.04425301024226,-8.531974708737145,False,True,False,True,False,0.0,0.0,0.0,0.0,0.0,0,,,False,False,False,False,,,False,False,False,False,-234499.0,259352.53272081126,False,False,False,False,236211.40432575613,False,False,False,False
2024-06-03 17:00:00+00:00,46.36,46.68,46.285,46.68,107917.0,,,,,,,,47.426338068135436,47.95808403341215,,,,,,,,,,,,47.69221105077379,#000000,,47.84218954747839,,38.74761833065433,-8.531974708737145,False,True,False,True,True,0.0,0.0,0.0,0.0,0.0,0,,,False,False,False,False,,,False,False,False,False,-126582.0,253369.05159335682,False,False,False,False,234222.34379357385,False,False,False,False
2024-06-04 17:00:00+00:00,47.085,47.595,47.08,47.41,292996.0,,,,,,,,47.421044895612674,47.93914452397388,,,,,,,,,,,,47.68009470979328,#000000,1.1174329413340134,47.760598554418564,-0.31375355195813026,44.6628300313533,-12.350710850085825,False,False,False,True,True,0.0,0.0,0.0,0.0,0.0,0,,,False,False,False,False,,,False,False,False,False,166414.0,252020.9112585761,False,False,False,False,235133.56326964244,False,False,False,False
2024-06-05 17:00:00+00:00,45.985,46.295,45.81,46.02,426479.0,,,,,,,,47.27420617679812,47.85531306536172,,,,,,,,,,,,47.564759621079915,"rgba(239, 83, 80, 1.0)",1.1496298581764555,47.56487208429462,-1.3437995484434404,42.556833621760845,-12.350710850085825,False,True,False,True,True,0.0,0.0,0.0,0.0,0.0,0,,,False,False,False,False,,,False,False,False,False,-260065.0,244081.59480495474,False,False,False,False,238100.15918794257,False,False,False,False
2024-06-06 17:00:00+00:00,46.235,46.325,46.105,46.23,179383.0,,,,,,,,47.22902646977195,47.825478586564245,,,,,,,,,,,,47.5272525281681,"rgba(239, 83, 80, 1.0)",1.1746449530669993,47.52618753805592,-1.1034717636776779,42.216878930324555,-12.350710850085825,False,True,False,True,True,0.0,0.0,0.0,0.0,0.0,0,,,False,False,False,False,,,False,False,False,False,-80682.0,239046.50031185467,False,False,False,False,237189.81563464113,False,False,False,False
2024-06-07 17:00:00+00:00,46.17,46.245,45.79,45.84,240940.0,,,,,,,,47.15986251772902,47.78081954252281,,,,,,,,,,,,47.470341030125915,"rgba(239, 83, 80, 1.0)",1.2065640554151393,47.466645761515835,-1.3481636173523799,40.63874330527248,-12.350710850085825,False,True,False,True,False,0.0,0.0,0.0,0.0,0.0,0,,,False,False,False,False,,,False,False,False,False,-321622.0,230353.96542329877,False,False,False,False,237247.95802790252,False,False,False,False
2024-06-10 17:00:00+00:00,45.425,45.86,45.41,45.86,119835.0,,,,,,,,47.12164697832512,47.75647439519735,,,,,,,,,,,,47.43906068676124,"rgba(239, 83, 80, 1.0)",1.2378969124146701,47.43383676234468,-1.2713795038673465,39.70335046449674,-12.350710850085825,False,True,False,True,False,0.0,0.0,0.0,0.0,0.0,0,,,False,False,False,False,,,False,False,False,False,-201787.0,223654.10549425535,False,False,False,False,235427.60208948542,False,False,False,False
2024-06-11 17:00:00+00:00,45.415,45.93,45.375,45.77,185618.0,,,,,,,,47.065554967954675,47.71954698245772,,,,,,,,,,,,47.3925509752062,"rgba(239, 83, 80, 1.0)",1.2699207182460797,47.38684268471853,-1.2731839566737604,38.732098946881266,-12.350710850085825,False,True,False,True,False,0.0,0.0,0.0,0.0,0.0,0,,,False,False,False,False,,,False,False,False,False,-387405.0,214180.32091294904,False,False,False,False,234655.36019662517,False,False,False,False
2024-06-12 17:00:00+00:00,45.435,45.685,45.405,45.62,233413.0,,,,,,,,46.99525294126769,47.67226862031775,,,,,,,,,,,,47.333760780792716,"rgba(239, 83, 80, 1.0)",1.304178496046288,47.328467144416045,-1.3099948738576737,37.481867894211675,-7.0348195035046786,False,True,False,True,False,0.0,0.0,0.0,0.0,0.0,0,,,False,False,False,False,,,False,False,False,False,-620818.0,201234.61051119788,False,False,False,False,234636.09879822787,False,False,False,False
2024-06-13 17:00:00+00:00,45.375,45.555,45.275,45.495,111303.0,,,,,,,,46.96119210780725,47.64911663808797,,,,,,,,,45.44166666666667,,,46.68399180418729,"rgba(239, 83, 80, 1.0)",1.339867826613059,47.067892133658425,-1.173915891117717,36.13475992984063,-8.685773590425093,False,True,False,True,False,0.0,0.0,0.0,0.0,0.0,0,,,False,False,False,False,,,False,False,False,False,-732121.0,186763.98089086925,True,False,False,False,232723.95773158866,False,False,False,False
2024-06-14 17:00:00+00:00,45.575,45.71,45.535,45.69,98098.0,,,,,,,,46.93624152682719,47.63094945570176,,,,,,,,,45.53692214936891,,,46.701371043965956,"rgba(239, 83, 80, 1.0)",1.368561183035571,47.0620487805446,-1.0025483679884124,36.82872683756007,-8.685773590425093,False,True,False,True,False,0.0,0.0,0.0,0.0,0.0,0,,,False,False,False,False,,,False,False,False,False,-634023.0,174038.6013421736,False,False,False,False,230636.7335807113,False,False,False,False
2024-06-17 17:00:00+00:00,45.385,45.71,45.295,45.7,288369.0,,,,,,,,46.86403840785791,47.57741293477482,,,,,,,,,45.55511933222171,,,46.66552355828481,"rgba(239, 83, 80, 0.5)",1.3904934894288987,47.01255970166241,-0.9439524252655802,37.376277563580906,-8.685773590425093,False,True,False,True,False,0.0,0.0,0.0,0.0,0.0,0,,,False,False,False,False,,,False,False,False,False,-345654.0,165981.35170896162,False,False,False,False,231531.80747868476,False,False,False,False
2024-06-18 17:00:00+00:00,45.82,45.99,45.71,45.975,147768.0,,,,,,,,46.83843059230629,47.55528618784357,,,,,,,,,45.632157285860785,,,46.675291355336874,"rgba(239, 83, 80, 0.5)",1.4063472845228149,47.004115501172095,-0.7317648439313341,40.06134848636013,-8.685773590425093,False,True,False,True,True,0.0,0.0,0.0,0.0,0.0,0,,,False,False,False,False,,,False,False,False,False,-197886.0,160339.9974189002,False,False,False,False,230233.14379684467,False,False,False,False
2024-06-19 17:00:00+00:00,45.975,45.975,45.975,45.975,0.0,,,,,,,,46.83843059230629,47.55528618784357,,,,,,,,,45.632157285860785,,,46.675291355336874,"rgba(239, 83, 80, 0.5)",1.4187040558898143,47.004115501172095,-0.7253912448474884,41.85139576821295,-12.42493432614453,False,False,False,True,True,0.0,0.0,0.0,0.0,0.0,0,,,False,False,False,False,,,False,False,False,False,-197886.0,154786.10598604902,False,False,False,False,226663.63769146721,False,False,False,False
2024-06-20 17:00:00+00:00,46.635,46.87,46.62,46.735,329340.0,,,,,,,,46.83306587637507,47.53216084792223,,,,,,,,,46.00697938613857,,,46.790735370145285,#000000,1.4214164899275123,47.04845503579019,-0.22052300505264064,48.20138336698743,-6.485977348960837,True,False,False,False,True,0.0,0.0,0.0,0.0,0.0,0,,,False,False,False,False,,,False,False,False,False,131454.0,154424.36790874595,False,False,False,False,228255.519277646,False,False,False,False
2024-06-21 17:00:00+00:00,47.51,47.85,47.135,47.31,245416.0,,,,,,,47.43166666666667,46.85681499213382,47.53007653083143,,,,,,,,,46.293501366610556,,,47.028014889060614,#000000,1.4108085120446605,47.13828833424731,0.12171153227863436,54.96818052667778,-0.47142507441969883,True,False,True,False,True,0.0,0.0,0.0,0.0,0.0,0,,,False,False,False,False,,,False,False,False,False,376870.0,157873.13739853282,False,False,False,False,228521.57324233366,False,False,False,False
2024-06-24 17:00:00+00:00,47.35,47.4,47.015,47.29,285734.0,,,,,,,47.32586914556466,46.873512898139325,47.52311902064495,,,,,,,,,46.47212896882837,,,47.048657508294326,#000000,1.3856101625358175,47.15588487421317,0.09679138433957667,59.30700138112007,3.1696611921267674,True,False,True,False,True,0.0,0.0,0.0,0.0,0.0,0,,,False,False,False,False,,,False,False,False,False,91136.0,156838.45309778038,False,False,False,False,229408.58761066955,False,False,False,False
2024-06-25 17:00:00+00:00,47.535,47.555,47.25,47.395,207535.0,,,,,,,47.34669635455799,46.88987224954825,47.52104602146619,,,,,,,,,46.58450634535565,,,47.08553024273202,#000000,1.3625580308329623,47.17980937587341,0.15793134623047292,62.65506453723649,5.9818615039379495,True,False,True,False,True,0.0,0.0,0.0,0.0,0.0,0,,,False,False,False,False,,,False,False,False,False,298671.0,159037.40731331866,False,False,False,False,229069.46222135684,False,False,False,False
2024-06-26 17:00:00+00:00,47.265,47.27,46.8,46.865,175918.0,,,,,,,47.275844098477705,46.892142421482205,47.51340927570699,,,,,,,,,46.62117316342423,,,47.075642239772776,#000000,1.3409778031229607,47.17592413276065,-0.23186374303627216,60.37704929828862,5.9818615039379495,True,False,True,False,True,0.0,0.0,0.0,0.0,0.0,0,,,False,False,False,False,,,False,False,False,False,122753.0,158474.85836272457,False,False,False,False,228245.40854350635,False,False,False,False
2024-06-27 17:00:00+00:00,47.235,47.505,47.13,47.45,130179.0,,,,,,,47.286537521703096,46.900892763346555,47.511845488334444,,,,,,,,,46.66890233752215,,,47.09204452772656,#000000,1.321343586609436,47.186841018711256,0.1991601457452956,61.730236113482974,5.9818615039379495,True,False,True,False,True,0.0,0.0,0.0,0.0,0.0,0,,,False,False,False,False,,,False,False,False,False,252932.0,159939.3101710544,False,False,False,False,226724.9991087233,False,False,False,False
2024-06-28 17:00:00+00:00,47.79,47.835,47.425,47.5,282118.0,,,,,,,47.35034928906977,46.92751486316423,47.51348001458976,,,,,,,,,46.78138835355392,,,47.14318313009442,#000000,1.3142960743954104,47.220704367319215,0.21250587148657826,62.85055810839546,5.9818615039379495,True,False,True,False,True,0.0,0.0,0.0,0.0,0.0,0,,,False,False,False,False,,,False,False,False,False,535050.0,165754.9797808055,False,False,False,False,227583.80532409193,False,False,False,False
2024-07-01 17:00:00+00:00,47.59,47.74,47.425,47.52,216803.0,,,,,,,47.38002743403363,46.94588541926943,47.514275620759264,,,,,,,,,46.84855580979924,,,47.17218607096539,#000000,1.302838315247019,47.24088771902296,0.21423401331586242,63.693029235840925,7.080795934778429,True,False,True,False,True,0.0,0.0,0.0,0.0,0.0,0,,,False,False,False,False,,,False,False,False,False,751853.0,174841.7707919558,False,False,False,False,227416.66105550135,False,False,False,False
2024-07-02 17:00:00+00:00,47.03,47.345,47.01,47.3,117794.0,,,,,,,47.368563919565716,46.95010712697126,47.5116443973974,,,,,,,,,46.865077576849515,,,47.17384825519597,#000000,1.2928400471007246,47.24280276393084,0.044241541091974916,62.24370309134161,7.080795934778429,True,False,True,False,True,0.0,0.0,0.0,0.0,0.0,0,,,False,False,False,False,,,False,False,False,False,634059.0,181961.4177564216,False,False,False,False,225717.08491510598,False,False,False,False
2024-07-03 17:00:00+00:00,47.095,47.095,47.095,47.095,0.0,,,,,,,47.368563919565716,46.95010712697126,47.5116443973974,,,,,,,,,46.865077576849515,,,47.17384825519597,#000000,1.2767680727962027,47.24280276393084,-0.11576320482947494,59.532701313629275,7.080795934778429,True,False,True,False,False,0.0,0.0,0.0,0.0,0.0,0,,,False,False,False,False,,,False,False,False,False,634059.0,188970.6825974073,False,False,False,False,222217.5952264997,False,False,False,False
2024-07-04 17:00:00+00:00,47.095,47.095,47.095,47.095,0.0,,,,,,,47.368563919565716,46.95010712697126,47.5116443973974,,,,,,,,,46.865077576849515,,,47.17384825519597,#000000,1.2506513366105618,47.24280276393084,-0.11818063084744845,57.725366795154386,7.080795934778429,True,False,True,False,False,0.0,0.0,0.0,0.0,0.0,0,,,False,False,False,False,,,False,False,False,False,634059.0,195871.27666566457,False,False,False,False,218772.3611919803,False,False,False,False
2024-07-05 17:00:00+00:00,46.585,46.675,46.485,46.645,129217.0,,,,,,,47.31322500875815,46.944283284997965,47.50285492715483,,,,,,,,,46.85277020555936,,,47.15328335661758,#000000,1.2296851827393338,47.23000106907436,-0.4757323884891977,52.97054743136571,9.062118314477452,True,False,False,False,False,0.0,0.0,0.0,0.0,0.0,0,,,False,False,False,False,,,False,False,False,False,504842.0,200661.5204382899,False,False,False,False,217383.90597970155,False,False,False,False
2024-07-08 17:00:00+00:00,46.245,46.33,45.955,46.04,141408.0,,,,,,,47.225041487200784,46.929267648748386,47.48826863237974,,,,,,,,,46.81655784600389,,,47.1147839035832,"rgba(239, 83, 80, 0.5)",1.216866915521213,47.20480722754907,-0.9572182567311844,46.47742281007708,3.0544566924678804,False,False,False,True,False,0.0,0.0,0.0,0.0,0.0,0,,,False,False,False,False,,,False,False,False,False,363434.0,203185.12477257996,False,False,False,False,216205.98495676045,False,False,False,False
2024-07-09 17:00:00+00:00,46.045,46.06,45.65,45.795,247236.0,,,,,,,47.06734903964073,46.89594838124297,47.45857724931114,,,,,,,,45.835,46.73962116922554,,,46.79929916788407,"rgba(239, 83, 80, 1.0)",1.21002513934127,47.02235277837074,-1.0143200653160807,41.09237024959868,-1.7444756477197174,False,True,False,True,False,0.0,0.0,0.0,0.0,0.0,0,,,False,False,False,False,,,False,False,False,False,116198.0,201836.4871792066,False,False,False,False,216687.0704613068,False,False,False,False
2024-07-10 17:00:00+00:00,45.94,46.295,45.835,46.28,230634.0,,,,,,,46.97828359941998,46.87497721507488,47.436795881824985,,,,,,,,45.98059313202335,46.69853781632184,,,46.79383752893301,"rgba(239, 83, 80, 0.5)",1.18723599436099,47.00921278984278,-0.6142104798930588,41.54470696469384,-1.7444756477197174,False,True,False,True,False,0.0,0.0,0.0,0.0,0.0,0,,,False,False,False,False,,,False,False,False,False,346832.0,204084.47962604061,False,False,False,False,216903.30192702296,False,False,False,False
2024-07-11 17:00:00+00:00,46.655,46.875,46.56,46.775,402613.0,,,,,,,46.94369711530771,46.86861528418325,47.41722051015952,,,,,,,,46.32631818747968,46.70259094892307,,,46.851688409210645,#000000,1.154151242294576,47.03261621362878,-0.22320836662326038,45.041371501484214,-1.7444756477197174,False,True,False,True,True,0.0,0.0,0.0,0.0,0.0,0,,,False,False,False,False,,,False,False,False,False,749445.0,212539.68149230356,False,False,False,False,219782.52205218538,False,False,False,False
2024-07-12 17:00:00+00:00,47.515,47.855,47.33,47.375,208914.0,,,,,,,46.983543874786164,46.88380001334545,47.41869032453589,,,,,,,,46.5552309182664,46.74532148707948,,,46.917317323602674,#000000,1.1165360404974636,47.07028862918472,0.2729077788474449,50.331679701480496,-7.431946461313977,True,False,False,False,True,0.0,0.0,0.0,0.0,0.0,0,,,False,False,False,False,,,False,False,False,False,958359.0,224102.7717017252,False,False,False,False,219614.01783432203,False,False,False,False
2024-07-15 17:00:00+00:00,47.295,47.425,47.235,47.415,135117.0,,,,,,,46.9995864046409,46.89084823746356,47.418137193912614,,,,,,,,46.64384794430008,46.765369421475995,,,46.94355784035863,#000000,1.072122349983134,47.085378348132494,0.307447794435673,54.03693803677655,-3.993525011032361,True,False,True,False,True,0.0,0.0,0.0,0.0,0.0,0,,,False,False,False,False,,,False,False,False,False,1093476.0,237581.42640402404,False,False,False,False,218303.98655006898,False,False,False,False
2024-07-16 17:00:00+00:00,47.675,47.715,47.215,47.415,264120.0,,,,,,,47.03423460486514,46.906577483189736,47.418668606418315,,,,,,,,46.786583284854885,46.80640660255153,,,46.99049411637593,#000000,1.0450171859443003,47.11350454379196,0.2885076535230373,56.50711026030725,-1.6199270943516169,True,False,True,False,True,0.0,0.0,0.0,0.0,0.0,0,,,False,False,False,False,,,False,False,False,False,1093476.0,250851.10971558955,False,False,False,False,219014.31233999037,False,False,False,False
2024-07-17 17:00:00+00:00,48.36,48.74,48.265,48.535,423665.0,,,,,,,47.197235057416115,46.97614753061564,47.44872194706533,,,,,,,,47.16914038460164,46.9564626819516,,,47.14954152033006,"rgba(38, 166, 154, 1.0)",1.041255600333199,47.33675231430482,1.1507719001095822,62.35203553359542,3.903779589410121,True,False,True,False,True,5.324824459659897,0.0,0.0,0.0,0.0,0,,,False,False,False,False,,,False,False,False,False,1517141.0,270483.51111534785,False,False,False,False,222187.19121844013,False,False,False,False
2024-07-18 17:00:00+00:00,48.485,48.485,47.975,48.04,209154.0,,,,,,,47.24725522450349,47.00106287803425,47.45832257181037,,,,,,,,47.267486476642816,47.006800033065176,,,47.19618543681122,"rgba(38, 166, 154, 0.5)",1.0404350614608981,47.3556620601538,0.6577420977002714,62.799957595773236,4.4392597858406475,True,False,True,False,True,2.750496564616011,0.0,0.0,0.0,0.0,0,,,False,False,False,False,,,False,False,False,False,1307987.0,286568.83652441227,False,False,False,False,221985.12623830925,False,False,False,False
2024-07-19 17:00:00+00:00,47.305,47.49,47.19,47.315,268321.0,,,,,,,47.25249583246181,47.00970699300234,47.45618640492926,,,,,,,,47.27469255251752,47.02325694438414,,,47.203267745459016,#000000,1.0298514368499991,47.331552774238475,-0.01607297290287487,59.12498277139808,4.4392597858406475,True,False,True,False,False,0.0,0.0,0.0,0.0,0.0,0,,,False,False,False,False,,,False,False,False,False,1039666.0,298244.7615395377,False,False,False,False,222703.5118780254,False,False,False,False
2024-07-22 17:00:00+00:00,46.995,47.025,46.77,46.805,154360.0,,,,,,,47.2391908315789,47.00758732676081,47.45052147293942,,,,,,,,47.24993643678622,47.01882277063818,,,47.193211767740706,#000000,1.024763835680663,47.30903867314671,-0.491858373214273,54.44864372403008,4.4392597858406475,True,False,True,False,False,0.0,0.0,0.0,0.0,0.0,0,,,False,False,False,False,,,False,False,False,False,885306.0,307346.4861668317,False,False,False,False,221643.92254658314,False,False,False,False
2024-07-23 17:00:00+00:00,46.4,46.665,46.345,46.35,153734.0,,,,,,,47.213097251109986,46.99952630203532,47.44106842219708,,,,,,,,47.20454319237759,47.00331215501715,,,47.172309464547425,"rgba(239, 83, 80, 0.5)",0.9791453434519467,47.20994032475206,-0.8782560531007243,49.60791236216528,8.287287122737709,False,False,False,False,False,0.0,0.0,0.0,0.0,0.0,0,,,False,False,False,False,,,False,False,False,False,731572.0,313923.6259161831,False,False,False,False,220591.05553035706,False,False,False,False
2024-07-24 17:00:00+00:00,46.85,47.035,46.74,46.87,284059.0,,,,,,,47.19393874447189,46.99644191900395,47.431438647778215,,,,,,,,47.1737859058924,46.997444448425554,,,47.158609933114406,#000000,0.9518628014545064,47.2114006895107,-0.35866585918581706,48.95298400967301,7.492896887526676,False,False,False,True,False,0.0,0.0,0.0,0.0,0.0,0,,,False,False,False,False,,,False,False,False,False,1015631.0,324802.81001050584,False,False,False,False,221575.05466942128,False,False,False,False
2024-07-25 17:00:00+00:00,47.77,47.83,47.18,47.23,212949.0,,,,,,,47.20305126183653,47.004463415935874,47.43120797482281,,,,,,,,47.18975253030165,47.01195852936595,,,47.168086742452566,#000000,0.9120014372914389,47.234030201783675,-0.004419073938794766,50.10359716694107,7.492896887526676,False,False,False,False,False,0.0,0.0,0.0,0.0,0.0,0,,,False,False,False,False,,,False,False,False,False,1228580.0,338814.8594677073,False,False,False,False,221441.31738772482,False,False,False,False
2024-07-26 17:00:00+00:00,47.925,47.995,47.69,47.885,144605.0,,,,,,,47.2209805436158,47.015454629685635,47.43485731640241,,,,,,,,47.21863100533686,47.03151338276171,,,47.18428737556048,"rgba(38, 166, 154, 0.5)",0.9028642760132497,47.25954803351821,0.6927419581197517,53.36055495470538,7.492896887526676,True,False,True,False,True,2.03804499732842,0.0,0.0,0.0,0.0,0,,,False,False,False,False,,,False,False,False,False,1373185.0,354851.605832549,False,False,False,False,220250.0566530314,False,False,False,False
2024-07-29 17:00:00+00:00,48.105,48.21,47.935,48.005,146722.0,,,,,,,47.243429435603566,47.02881804688182,47.44016471363232,,,,,,,,47.25362039684245,47.05488733060201,,,47.20418398471243,"rgba(38, 166, 154, 0.5)",0.8993826711635141,47.28676944582878,0.7985817129899334,55.95094654617951,7.492896887526676,True,False,True,False,True,2.5677696543646285,0.0,0.0,0.0,0.0,0,,,False,False,False,False,,,False,False,False,False,1519907.0,372914.4801607265,False,False,False,False,219110.08678244177,False,False,False,False
2024-07-30 17:00:00+00:00,48.075,48.285,47.89,48.11,271408.0,,,,,,,47.28405050934142,47.05369926099055,47.45045171025547,,,,,,,,47.31439229561903,47.09724462638056,,,47.23996768051741,"rgba(38, 166, 154, 0.5)",0.9020102674152614,47.32936437485344,0.8654398440313706,58.065529653006436,0.46511573016182695,True,False,True,False,True,3.0342801055021944,0.0,0.0,0.0,0.0,0,,,False,False,False,False,,,False,False,False,False,1791315.0,394905.18589466874,False,False,False,False,219920.90714240388,False,False,False,False
2024-07-31 17:00:00+00:00,48.485,48.77,48.36,48.43,214218.0,,,,,,,47.328895500092514,47.08021904492941,47.46355072075579,,,,,,,,47.379415958827366,47.14155155865435,,,47.27872655665188,"rgba(38, 166, 154, 1.0)",0.9114059379792369,47.46148147921245,1.0626642645481776,60.64462741029493,3.2344367976550714,True,False,True,False,True,4.44739405155725,0.0,0.0,0.0,0.0,0,,,False,False,False,False,,,False,False,False,False,2005533.0,419876.15975676687,False,False,False,False,219832.48997740538,False,False,False,False
2024-08-01 17:00:00+00:00,47.565,47.655,47.19,47.38,199231.0,,,,,,,47.331488652149,47.08564690425667,47.462928855814,,,,,,,,47.38079719943292,47.14906084788772,,,47.28198449190806,#000000,0.9050455316802813,47.41857528303088,-0.04262247774348166,56.75656612225087,3.2344367976550714,True,False,True,False,False,0.0,0.0,0.0,0.0,0.0,0,,,False,False,False,False,,,False,False,False,False,1806302.0,441371.1340241038,False,False,False,False,219513.08703201925,False,False,False,False
2024-08-02 17:00:00+00:00,46.53,46.715,46.35,46.645,258271.0,,,,,,,47.30057269070448,47.074821112241224,47.4500800978407,,,,,,,,47.33352021708621,47.1286753685187,,,47.257533897278265,"rgba(239, 83, 80, 0.5)",0.8955668746816486,47.344202856708684,-0.7807377388285263,51.42840541882633,9.028053414531485,False,False,False,False,False,0.0,0.0,0.0,0.0,0.0,0,,,False,False,False,False,,,False,False,False,False,1548031.0,458528.6513260557,False,False,False,False,220113.98490749183,False,False,False,False
2024-08-05 17:00:00+00:00,45.045,45.185,44.69,44.78,515143.0,,,,,,,47.11961610075684,46.986807010802515,47.37851385221422,,,,,,,44.885000000000005,47.078419664390324,46.98146560123617,,,46.73830370490001,"rgba(255, 26, 202, 1.0)",0.9275614984104082,46.939128751115156,-2.3277472758575284,43.47853605278607,1.7092182155374545,False,True,False,True,False,0.0,0.0,0.0,0.0,0.0,0,,,False,False,False,False,,,False,False,False,False,1032888.0,467433.4474295277,True,False,False,False,224688.07816474,False,False,False,False
2024-08-06 17:00:00+00:00,45.565,45.735,45.13,45.14,158258.0,,,,,,,47.079468888764445,46.966659975308275,47.36114719760547,,,,,,,44.99075585720841,47.02434860809203,46.94893438132514,,,46.72855248471729,"rgba(255, 0, 0, 1.0)",0.9424895296572486,46.90704824666635,-1.8748730792892352,39.763580723989435,-1.5596069999799766,False,True,False,True,False,0.0,0.0,0.0,0.0,0.0,0,,,False,False,False,False,,,False,False,False,False,1191146.0,478653.79708178306,False,False,False,False,223658.15447226338,False,False,False,False
2024-08-07 17:00:00+00:00,45.61,45.7,45.09,45.125,144626.0,,,,,,,47.04372335600908,46.94834270770047,47.34530141788512,,,,,,,45.046313770816866,46.976960472616256,46.91977749934454,,,46.713403204062054,"rgba(255, 0, 0, 1.0)",0.9551308433549595,46.87737202103936,-1.8346931556351402,37.253875402129815,-3.879891008196175,False,True,False,True,False,0.0,0.0,0.0,0.0,0.0,0,,,False,False,False,False,,,False,False,False,False,1046520.0,487457.92425880965,False,False,False,False,222432.8497517632,False,False,False,False
2024-08-08 17:00:00+00:00,45.805,46.065,45.725,45.78,245512.0,,,,,,,47.0044725848414,46.92828936460061,47.326078063800985,,,,,,,45.233379181832234,46.92688727356252,46.88870482003493,,,46.71796854811211,"rgba(239, 83, 80, 1.0)",0.9557089392574524,46.859110851944706,-1.1291208103412018,38.539424747951244,-3.879891008196175,False,True,False,True,False,0.0,0.0,0.0,0.0,0.0,0,,,False,False,False,False,,,False,False,False,False,1292032.0,499931.9409369676,False,False,False,False,222790.6660346816,False,False,False,False
2024-08-09 17:00:00+00:00,45.515,45.805,45.365,45.475,313093.0,,,,,,,46.94555529371932,46.89670278900553,47.29727641685343,,,,,,,45.30501048210415,46.85254722199688,46.84053969757477,,,46.68960531687568,"rgba(239, 83, 80, 1.0)",0.9649159371498607,46.815200178846865,-1.3889294675819184,38.51655904175139,-3.879891008196175,False,True,False,True,False,0.0,0.0,0.0,0.0,0.0,0,,,False,False,False,False,,,False,False,False,False,978939.0,507358.40696895256,False,False,False,False,224190.7022201904,False,False,False,False
2024-08-12 17:00:00+00:00,44.995,45.125,44.725,44.805,314592.0,,,,,,,46.865056074520325,46.85147554108422,47.25863647659466,,,,,,,45.2268824886591,46.75141675006052,46.7723931014544,,,46.62097673872887,"rgba(255, 0, 0, 1.0)",0.9899211543814586,46.73998335158806,-1.9546843130118905,36.745113989596994,-5.331278050931886,False,True,False,True,False,0.0,0.0,0.0,0.0,0.0,0,,,False,False,False,False,,,False,False,False,False,664347.0,509792.3386438525,False,False,False,False,225592.27272840452,False,False,False,False
2024-08-13 17:00:00+00:00,45.235,45.385,45.15,45.355,222568.0,,,,,,,46.82287323960399,46.82713248901113,47.236651662623515,,,,,,,45.23499816942837,46.70037236442259,46.736885521594346,,,46.59315224111399,"rgba(239, 83, 80, 1.0)",1.0053868423162946,46.706944714850245,-1.3447010224795903,38.06405638495784,-5.331278050931886,False,True,False,True,False,0.0,0.0,0.0,0.0,0.0,0,,,False,False,False,False,,,False,False,False,False,886915.0,515639.2016106145,False,False,False,False,225545.3847791269,False,False,False,False
2024-08-14 17:00:00+00:00,45.595,45.74,45.355,45.44,437526.0,,,,,,,46.757028863913305,46.78785410378185,47.19947296093504,,,,,,,45.286479789916406,46.62367031877528,46.68155061993543,,,46.55600944287622,"rgba(239, 83, 80, 1.0)",1.0186520549279996,46.66125927735061,-1.198897377610388,39.321806877703935,-5.331278050931886,False,True,False,True,False,0.0,0.0,0.0,0.0,0.0,0,,,False,False,False,False,,,False,False,False,False,1324441.0,528178.7643763414,False,False,False,False,228831.905945342,False,False,False,False
2024-08-15 17:00:00+00:00,48.695,48.775,48.165,48.525,558013.0,,,,,,,46.86123692235739,46.85023539649244,47.23395383727867,,,,,,,45.900598946974405,46.76545450269636,46.77995404591721,,,46.73190560861941,"rgba(0, 255, 255, 0.75)",1.037045860662461,46.815524438932975,1.6484088369775824,48.666861031067015,-8.693998568051434,False,True,False,False,True,4.8270154466977075,0.0,0.0,0.0,0.0,0,,,False,False,False,False,,,False,False,False,False,1882454.0,549175.2796573283,False,False,False,False,233935.4887989026,False,False,False,False
2024-08-16 17:00:00+00:00,49.625,49.69,49.395,49.47,376018.0,,,,,,,46.96480659013562,46.914599531648136,47.27440634636528,,,,,,,46.3146594466321,46.899631421523644,46.87689538691935,,,46.87416645387069,"rgba(0, 255, 0, 1.0)",1.0795444359493578,46.94500310366709,2.3389467003388433,56.326044412600176,-1.7348557899043087,True,False,True,False,True,7.821485744976858,0.0,0.0,0.0,0.0,0,,,False,False,False,False,0.2591949130770423,0.2591949130770423,False,False,False,False,2258472.0,575676.0040037263,False,False,False,False,236138.31842992734,False,False,False,False
2024-08-19 17:00:00+00:00,49.515,49.985,49.385,49.975,259940.0,,,,,,,47.03871732772155,46.96162809363231,47.304728280071984,,,,,,,46.568859839541055,46.99357398450752,46.946284526262346,,,46.96896534195613,"rgba(0, 255, 0, 1.0)",1.1364858988118711,47.032224296980814,2.5893640265098625,62.12388773068302,3.3576132183033707,True,False,True,False,True,9.349136222419105,0.0,0.0,0.0,0.0,0,0.8519079944638496,0.8525011533645291,False,False,False,False,0.27853750633043683,0.26886620970373953,False,False,False,False,2518412.0,605795.9419261492,False,False,False,False,236507.3367488432,False,False,False,False
2024-08-20 17:00:00+00:00,50.115,50.37,50.07,50.235,350282.0,,,,,,,47.1475303193857,47.03220133682667,47.351556201356175,,,,,,,46.89761269443341,47.12954079439414,47.048535686713336,,,47.101162838851565,"rgba(0, 255, 0, 1.0)",1.1982834945593472,47.15487985592029,2.5704436037587084,66.34534588266423,7.056136977261531,True,False,True,False,True,10.124190803445416,0.0,0.0,0.0,0.0,0,0.8574438664647388,0.8510568249160468,False,False,False,False,0.342828240427526,0.3058472250656328,False,False,False,False,2868694.0,640879.6327489995,False,False,False,False,238271.28501630298,False,False,False,False
2024-08-21 17:00:00+00:00,50.515,50.55,50.275,50.46,212282.0,,,,,,,47.21405387170205,47.07613511433876,47.38116855360226,,,,,,,47.080070157898376,47.211567171915235,47.11122868466057,,,47.179037259019545,"rgba(0, 255, 0, 1.0)",1.2590859869455109,47.227497689248516,2.5673403915751605,69.47968802576987,9.913935250737971,True,False,True,False,True,10.793541398636414,0.0,0.0,0.0,0.0,0,0.8568501751371348,0.8534135219086645,False,False,False,False,0.3428282409182167,0.3243377329919247,False,False,False,False,3080976.0,678710.5841792475,False,False,False,False,237868.35036488742,False,False,False,False
2024-08-22 17:00:00+00:00,50.425,50.535,50.18,50.245,244907.0,,,,,,,47.28505002871732,47.12383650057555,47.41344189299932,,,,,,,47.262364035309396,47.29825233136391,47.17845808312499,,,47.26023381201509,"rgba(0, 255, 0, 1.0)",1.310501289824111,47.30338839949918,2.244646093324814,70.57623878452625,11.106472968057304,True,False,True,False,True,9.939049150618036,0.0,0.0,0.0,0.0,0,0.8596212422195726,0.8496225665474774,False,False,False,False,0.3354227991931219,0.3298802660925233,False,False,False,False,2836069.0,712158.001478794,False,False,False,False,237977.4767158194,False,False,False,False
2024-08-23 17:00:00+00:00,50.465,50.775,50.415,50.72,147419.0,,,,,,,47.33053969115017,47.15465776019175,47.434608473844484,,,,,,,47.37290104275111,47.353366856449384,47.22152868849575,,,47.311267085480445,"rgba(0, 255, 0, 1.0)",1.3730881450417094,47.35122492605584,2.453429582149532,72.1155187705121,12.932047241583604,True,False,True,False,True,11.367809791627145,0.0,0.0,0.0,0.0,0,0.8653541226215637,0.8405126849894294,False,False,False,False,0.3428282413526497,0.33635425372258654,False,False,False,False,2983488.0,747372.4200605181,False,False,False,False,236573.46932487644,False,False,False,False
2024-08-26 17:00:00+00:00,50.855,50.965,50.735,50.76,161920.0,,,,,,50.82000000000001,47.38179480503805,47.18964337849535,47.458851944606884,,,,,,,47.49262270957066,47.415108214915946,47.27009041488485,,,47.86115878107311,"rgba(0, 255, 0, 1.0)",1.4258138974881323,47.632214562563796,2.193684212888124,73.21087442757188,14.468434538120448,True,False,True,False,True,11.487659641436782,0.0,0.0,0.0,0.0,0,0.8692399364406772,0.8383209745762715,False,False,False,False,0.3428282419148436,0.3395912478187151,False,False,False,False,3145408.0,784551.2662611301,False,False,False,False,235416.0511958086,False,False,False,False
2024-08-27 17:00:00+00:00,50.645,50.84,50.64,50.72,138988.0,,,,,,50.77996907138838,47.42352577639141,47.21844147613978,47.47885718595762,,,,,,,47.58643894080653,47.465072742281734,47.30974870190679,,,47.89457912783889,"rgba(0, 255, 0, 1.0)",1.4712705944734266,47.6696036016458,2.0733075273933212,73.70678516597677,15.546712047528217,True,False,True,False,True,11.321756421497334,0.0,0.0,0.0,0.0,0,0.8668835480015926,0.8425175939450273,False,False,False,False,0.32913889596839413,0.3343650718935546,False,False,False,False,3006420.0,818998.8435283994,False,False,False,False,233921.04265013713,False,False,False,False
2024-08-28 17:00:00+00:00,49.725,49.92,49.41,49.84,252692.0,,,,,,50.29766524566474,47.47443520785796,47.25491196352265,47.503513782461035,,,,,,,47.6932849500674,47.52524755679659,47.358972924103725,,,47.872575947210585,"rgba(38, 166, 154, 1.0)",1.475253125325892,47.685357312082154,1.460524062568501,69.36908546369924,15.546712047528217,True,False,True,False,False,7.7580059102539245,0.0,0.0,0.0,0.0,0,0.8637049675175531,0.8452654373646568,False,False,False,False,0.20065007612943028,0.26750757401149244,False,False,False,False,2753728.0,848994.6444039281,False,False,False,False,234212.06524470862,False,False,False,False
2024-08-29 17:00:00+00:00,50.66,50.66,50.19,50.395,234851.0,,,,,,50.33261501983002,47.533713290426064,47.29710252810687,47.532939170429515,,,,,,,47.81414753663362,47.59508332286303,47.41582149692714,,,47.93163176645947,"rgba(0, 255, 255, 0.75)",1.5165877328237165,47.74311894311031,1.7485840083594681,68.01555655492618,15.546712047528217,True,False,True,False,False,9.498304628420613,0.0,0.0,0.0,0.0,0,0.8636333706459463,0.8430236386383093,False,False,False,False,0.2905687624012502,0.2790381682063713,False,False,False,False,2988579.0,882166.4948782858,False,False,False,False,234221.97120990694,False,False,False,False
2024-08-30 17:00:00+00:00,50.22,50.585,50.185,50.52,195017.0,,,,,,50.35192599555858,47.58139757719789,47.33145468923576,47.557050188901094,,,,,,,47.90717608129529,47.65085434804086,47.46167306150343,,,47.97736170596185,"rgba(0, 255, 255, 0.75)",1.561333173694618,47.78851519809767,1.7494567129696978,67.44726980600113,15.546712047528217,True,False,True,False,False,9.88560789576752,0.0,0.0,0.0,0.0,0,0.867887249736564,0.8393045310853531,False,False,False,False,0.28573274539932103,0.28238545680284616,False,False,False,False,3183596.0,917847.572477072,False,False,False,False,233614.1421989006,False,False,False,False
2024-09-02 17:00:00+00:00,50.52,50.52,50.52,50.52,0.0,,,,,,50.35192599555858,47.58139757719789,47.33145468923576,47.557050188901094,,,,,,,47.90717608129529,47.65085434804086,47.46167306150343,,,47.97736170596185,"rgba(0, 255, 255, 0.75)",1.6080761209628234,47.78851519809767,1.698604168232333,67.06841197338443,15.546712047528217,True,False,True,False,False,9.88560789576752,0.0,0.0,0.0,0.0,0,0.8680307244073625,0.8444576877234805,False,False,False,False,0.30210795778013855,0.2922467072914924,False,False,False,False,3183596.0,952975.4550743266,False,False,False,False,229992.21751364632,False,False,False,False
2024-09-03 17:00:00+00:00,50.15,50.28,49.905,50.08,301684.0,,,,,,50.29004873223816,47.64366116949145,47.3774380209611,47.58922549919988,,,,,,,48.020915510279366,47.72284384805554,47.52206338229105,,,48.023742308930935,"rgba(38, 166, 154, 1.0)",1.6409422419577944,47.84108226963917,1.3644098330295837,64.29548439697098,20.49253482798531,True,False,True,False,False,8.085030005687557,0.0,0.0,0.0,0.0,0,0.8663059258281636,0.8422858651181206,False,False,False,False,0.250746487617862,0.2714965974546772,False,False,False,False,2881912.0,982881.4480189107,False,False,False,False,231103.71801731072,False,False,False,False
2024-09-04 17:00:00+00:00,49.79,49.855,49.58,49.73,125308.0,,,,,,50.23955256795655,47.66487928885041,47.39356714744268,47.60042500055149,,,,,,,48.056972140688465,47.74706717653275,47.54287024517053,,,48.03504765245612,"rgba(38, 166, 154, 1.0)",1.6652059364567617,47.85672016796543,1.1249538516662683,60.633630598565794,16.73590367776916,True,False,True,False,False,6.6787359212440585,0.0,0.0,0.0,0.0,0,0.8587728026533991,0.8523383084577115,False,False,False,False,0.2067442210871345,0.23912040927090583,False,False,False,False,2756604.0,1010381.02246823,False,False,False,False,229463.47432711985,False,False,False,False
2024-09-05 17:00:00+00:00,49.2,49.38,49.06,49.08,203226.0,,,,,,50.10527398452983,47.68945237641772,47.413207758847086,47.61370940195163,,,,,,,48.09408019258958,47.77455925445504,47.5675057591478,,,48.03682696113409,"rgba(38, 166, 154, 0.5)",1.6757069289442417,47.8692235827589,0.7225466436448611,55.31200789339643,11.64169481478956,False,False,True,False,False,4.140276820596341,0.0,0.0,0.0,0.0,0,0.8511359107214025,0.8612993224392187,False,False,False,False,0.1495350633527097,0.19432773631180777,False,False,False,False,2553378.0,1034303.4562284125,False,False,False,False,229056.69177941256,False,False,False,False
2024-09-06 17:00:00+00:00,48.275,48.575,48.195,48.5,285266.0,,,,,,49.852608049948955,47.70585846606499,47.4286163289017,47.62319520893971,,,,,,48.42333333333334,48.10875792405771,47.79165061852736,47.58528008000994,,,48.06491250122296,#000000,1.6777047867105173,47.9003617253907,0.35741584536157334,49.68053603807929,6.465727527149873,False,True,False,True,False,1.962424317956696,0.0,0.0,0.0,0.0,0,0.8485887628594033,0.8654708520179374,False,False,False,False,0.05547455132391491,0.12490114381786134,False,False,False,False,2268112.0,1053432.27086053,False,False,False,False,229928.1539223674,False,False,False,False
2024-09-09 17:00:00+00:00,49.105,49.115,48.605,48.7,166672.0,,,,,,49.7682126603551,47.720051261845526,47.44078970902227,47.631241552035206,,,,,,48.56470434735149,48.12647424085067,47.80703694804144,47.59992322365761,,,48.082304242894914,#000000,1.681187798675224,47.91515241958192,0.4668411114073875,46.983252297815625,4.05828742466332,False,True,False,True,False,2.662859834971684,0.0,0.0,0.0,0.0,0,0.8543007222586992,0.8571240971766252,False,False,False,False,0.10875586987928512,0.11682850684857324,False,False,False,False,2434784.0,1074848.5767386612,False,False,False,False,228947.43835767952,False,False,False,False
2024-09-10 17:00:00+00:00,48.715,48.91,48.71,48.795,160134.0,,,,,,49.69891352893412,47.73332642069963,47.45227066141209,47.63885905632905,,,,,,48.62757195776532,48.14262887386546,47.821362719090814,47.61364602886249,,,48.09107240586987,"rgba(38, 166, 154, 0.5)",1.683618266849258,47.92522083987258,0.5166130453996179,45.70648010995498,2.8116909786921838,False,True,False,True,False,2.9975451427943476,0.0,0.0,0.0,0.0,0,0.8590714520908788,0.8589397431675997,False,False,False,False,0.10312349207660504,0.10997599946258914,False,False,False,False,2594918.0,1098415.5445411627,False,False,False,False,227880.56334438216,False,False,False,False
2024-09-11 17:00:00+00:00,48.495,49.175,48.49,49.15,184345.0,,,,,,49.64073794218201,47.75006402127027,47.466529831101695,47.648495502458374,,,,,,48.699503252274454,48.163855813457886,47.83952100614016,47.630786908673194,,,48.10493678469476,"rgba(38, 166, 154, 0.5)",1.6878456389436007,47.93939426236434,0.7172490835082298,46.772738237251914,2.8116909786921838,False,True,False,True,False,4.245808318347805,0.0,0.0,0.0,0.0,0,0.8623671529473887,0.8524655092745395,False,False,False,False,0.10565723415457925,0.1078166168085842,False,False,False,False,2779263.0,1124475.1950133927,False,False,False,False,227205.59337005066,False,False,False,False
2024-09-12 17:00:00+00:00,49.245,49.645,49.235,49.63,228618.0,,,,,,49.62883324787527,47.779754276301766,47.490482164849546,47.66539829366234,,,,,,48.878784960188355,48.20675159174851,47.87240221733124,47.66036141553342,,,48.147846020936306,"rgba(38, 166, 154, 0.5)",1.6987001973156979,47.97407792746009,0.9748171426344798,49.755423012000115,2.8116909786921838,False,True,False,False,True,5.898653491975267,0.0,0.0,0.0,0.0,0,0.8702037576078321,0.854260386345594,False,False,False,False,0.17469232497956078,0.1412544708940725,False,False,False,False,3007881.0,1153675.285013185,False,False,False,False,227227.4911472592,False,False,False,False
2024-09-13 17:00:00+00:00,49.975,50.055,49.75,49.83,151105.0,,,,,,49.64234689009279,47.8029829884593,47.50889886500286,47.678647248000466,,,,,,49.00720228884316,48.24139962821243,47.89826598822094,47.683275332363934,,,48.182877403649485,"rgba(38, 166, 154, 1.0)",1.7152156983574753,48.00203610373701,1.0657341219611507,52.612447756774586,2.8116909786921838,False,True,True,False,True,6.578227877279534,0.0,0.0,0.0,0.0,0,0.8769901565699935,0.847988372861201,False,False,False,False,0.22834328228921014,0.18479887659164132,False,False,False,False,3158986.0,1184765.3736176316,False,False,False,False,226047.29748606135,False,False,False,False
2024-09-16 17:00:00+00:00,50.715,51.075,50.625,51.03,245317.0,,,,,,49.744805607182265,47.857830540659016,47.550958810171004,47.70975332216236,,,,,,49.335589729411446,48.328277539654806,47.960017010383275,47.736502126674594,,,48.277966835787346,"rgba(0, 255, 255, 0.75)",1.7580954145001677,48.07461302529392,1.6810162578953693,58.466281082757845,1.3546468320615617,True,False,True,False,True,10.464003217341592,0.0,0.0,0.0,0.0,0,0.8812160125794399,0.8421018148463606,False,False,False,False,0.3428282419148436,0.26381355925324246,False,False,False,False,3404303.0,1219176.8096855753,False,False,False,False,226346.05256379684,False,False,False,False
2024-09-17 17:00:00+00:00,50.815,50.91,50.57,50.635,243124.0,,,,,,49.81601588430716,47.906785291158485,47.58914675944909,47.73805876568388,,,,,,49.535601926250514,48.402564649374284,48.01468472297071,47.78425096722675,,,48.34838862080261,"rgba(38, 166, 154, 1.0)",1.7920698888398623,48.132009123667984,1.3967038294206162,60.14082829100071,2.9629650373385346,True,False,True,False,True,8.864260776402428,0.0,0.0,0.0,0.0,0,0.8713001246964623,0.8463608321848135,False,False,False,False,0.32913889596839335,0.29647622761081793,False,False,False,False,3161179.0,1249285.3707757213,False,False,False,False,226606.175779862,False,False,False,False
2024-09-18 17:00:00+00:00,50.695,51.13,50.48,50.585,176205.0,,,,,,49.86272121180892,47.94155440311601,47.61648264069198,47.758422542746146,,,,,,49.650092468651984,48.45415703488019,48.053343193516696,47.8182153903959,,,48.39437361072598,"rgba(38, 166, 154, 1.0)",1.8130100947329646,48.17071406690961,1.3316450581848451,60.9739756786624,3.9575256544823674,True,False,True,False,True,8.661985949793703,0.0,0.0,0.0,0.0,0,0.8725055432372499,0.8419851310812575,False,False,False,False,0.3372133583241005,0.3168447929674592,False,False,False,False,2984974.0,1276195.2720040048,False,False,False,False,225824.76220187964,False,False,False,False
2024-09-19 17:00:00+00:00,51.515,51.72,51.255,51.375,246996.0,,,,,,49.96863905617987,48.001059043518666,47.66266335475071,47.79329042563305,,,,,,49.863031348579504,48.54437808792146,48.11976407118541,47.87594724401506,,,48.47859657897297,"rgba(0, 255, 255, 0.75)",1.8527314264994719,48.23987510320481,1.6921637167447723,63.9224598177219,6.995123847471696,True,False,True,False,True,11.145064157767472,0.0,0.0,0.0,0.0,0,0.8772698003863487,0.8294269156471346,False,False,False,False,0.3428282431291828,0.32983651804832104,False,False,False,False,3231970.0,1306517.3608101443,False,False,False,False,226152.99844681175,False,False,False,False
2024-09-20 17:00:00+00:00,52.295,52.335,51.805,51.99,239440.0,,,,,,50.09469244228317,48.06644526479916,47.713230473214445,47.831852044035266,,,,,,50.0873552451521,48.643629504707164,48.192757770700744,47.93919199833585,,,48.57114434290349,"rgba(0, 255, 255, 0.75)",1.9007492003214288,48.31592903495847,1.9329593638236022,67.33730192823839,10.402608180261637,True,False,True,False,True,12.988887893264867,0.0,0.0,0.0,0.0,0,0.8817526627973716,0.8190573378404236,False,False,False,False,0.3428282440492973,0.33633238104880914,False,False,False,False,3471410.0,1340081.5877743282,False,False,False,False,226358.9984708922,False,False,False,False
2024-09-23 17:00:00+00:00,52.205,52.27,52.085,52.19,149295.0,,,,,,50.170868323242956,48.10753600578123,47.74516181657304,47.85632188960247,,,,,,50.21360926387073,48.705118185663935,48.23849796125818,47.978960421086256,,,48.627009233384854,"rgba(0, 255, 255, 0.75)",1.9501131798986546,48.36255008136102,1.9626809141600103,70.04495913327679,13.112178436970275,True,False,True,False,True,13.57743560693936,0.0,0.0,0.0,0.0,0,0.8848732520273287,0.8195517527616372,False,False,False,False,0.34282824420294844,0.3395803126258788,False,False,False,False,3620705.0,1375440.0902894547,False,False,False,False,225164.20779692486,False,False,False,False
2024-09-24 17:00:00+00:00,52.445,52.56,52.39,52.54,280458.0,,,,,,50.320110909616034,48.18834897378878,47.80810144293822,47.90484714824611,,,,,,50.44585718526042,48.82499072353916,48.328289098438404,48.057137350188995,,,48.73471035400202,"rgba(0, 255, 0, 1.0)",2.0035108261825436,48.45314652526348,2.039845965057022,72.5839596254247,15.675814460824597,True,False,True,False,True,14.60108971360474,0.0,0.0,0.0,0.0,0,0.8815797868946591,0.819689912588528,False,False,False,False,0.34282824460535943,0.3412042786156191,False,False,False,False,3901163.0,1414598.585013649,False,False,False,False,226021.47589309656,False,False,False,False
2024-09-25 17:00:00+00:00,52.485,52.71,52.445,52.67,241897.0,,,,,,50.440112466155796,48.25744344378176,47.86232452174564,47.94689081564942,,,,,,50.62028826894468,48.925419302492045,48.40474196075518,48.124066409922634,,,48.822660898680894,"rgba(0, 255, 0, 1.0)",2.052910316055183,48.528478309286825,2.0173904618840885,74.54568941271444,17.733463816261477,True,False,True,False,True,14.980203033210646,0.0,0.0,0.0,0.0,0,0.8821060663868748,0.8157827801093729,False,False,False,False,0.342828244736758,0.34201626167618854,False,False,False,False,4143060.0,1456900.3123777783,False,False,False,False,226267.60804979273,False,False,False,False
2024-09-26 17:00:00+00:00,53.015,53.05,52.76,52.875,237521.0,,,,,,50.56033470210828,48.327551471531855,47.91753250954682,47.98994310977479,,,,,,50.7872308513418,49.026257030911175,48.48214126342955,48.19197704865466,,,48.91037099841237,"rgba(0, 255, 0, 1.0)",2.1007132143653107,48.60413832214916,2.0330531786278097,76.2858720277045,19.63350571722482,True,False,True,False,True,15.580345686173889,0.0,0.0,0.0,0.0,0,0.8852157360406088,0.813451776649746,False,False,False,False,0.34282824513397037,0.3424222534050795,False,False,False,False,4380581.0,1502228.6951316113,False,False,False,False,226442.07924281922,False,False,False,False
2024-09-27 17:00:00+00:00,52.96,53.15,52.895,53.02,209714.0,,,,,,50.66234989751556,48.38938146941411,47.9664950905456,48.02830284893167,,,,,,50.923208194057814,49.11390303409537,48.5501934051563,48.25192232357969,,,48.985719532912015,"rgba(0, 255, 0, 1.0)",2.150454975953607,48.6698325022691,2.022905639213322,77.75452209088334,21.32369536952787,True,False,True,False,True,16.006096192381584,0.0,0.0,0.0,0.0,0,0.8895070017264528,0.809514674851333,False,False,False,False,0.34282824526864986,0.34262524933686467,False,False,False,False,4590295.0,1550105.692106315,False,False,False,False,226182.7291770391,False,False,False,False
2024-09-30 17:00:00+00:00,53.055,53.31,52.875,53.21,152771.0,,,,,,50.734721189674275,48.43445269113304,48.00233906484965,48.05648821548699,,,,,,51.016956414841886,49.17709813437874,48.59968517359381,48.29564806628207,,,49.03967361878006,"rgba(0, 255, 0, 1.0)",2.200301447406578,48.71722091924611,2.0418925261578953,79.14021226382857,22.969834931072285,True,False,True,False,True,16.565919262243302,0.0,0.0,0.0,0.0,0,0.8953921191117953,0.8065075086638427,False,False,False,False,0.3428282453470425,0.3427267473419536,False,False,False,False,4743066.0,1599608.952693814,False,False,False,False,225044.562833209,False,False,False,False
2024-10-01 17:00:00+00:00,52.625,52.735,52.395,52.73,163151.0,,,,,,50.79193871760934,48.47650859035038,48.03630906511165,48.0832466771102,,,,,,51.086476921983675,49.233975302387826,48.64553683857937,48.33663767351402,,,49.08632872333081,"rgba(0, 255, 255, 0.75)",2.2361391880803154,48.75951234795322,1.775599512414685,75.90790556203491,22.969834931072285,True,False,True,False,False,14.379452368768277,0.0,0.0,0.0,0.0,0,0.8944697796904096,0.8075020874815335,False,False,False,False,0.2957012180223085,0.319213982682131,False,False,False,False,4579915.0,1645815.2480008865,False,False,False,False,224084.9727117639,False,False,False,False
2024-10-02 17:00:00+00:00,52.43,52.65,52.385,52.645,153840.0,,,,,,50.84112867008887,48.51483432712957,48.06747239060151,48.107862257991286,,,,,,51.14436619006748,49.28499117573807,48.68718552144738,48.374050988522725,,,49.12773644019836,"rgba(0, 255, 255, 0.75)",2.2657259680204453,48.79747578773083,1.6981419053208522,73.07175203439326,22.969834931072285,True,False,True,False,False,13.995454790499252,0.0,0.0,0.0,0.0,0,0.8919945900689116,0.8075610227345912,False,False,False,False,0.2915223120826197,0.3053681473823754,False,False,False,False,4426075.0,1688920.050357462,False,False,False,False,222995.90336739545,False,False,False,False
2024-10-03 17:00:00+00:00,52.415,52.49,52.295,52.435,123922.0,,,,,,50.875444649372405,48.54403689837388,48.09141854536442,48.12681859492484,,,,,,51.18308769810121,49.32309018856526,48.71879259498299,48.40262332537277,,,49.15816406188222,"rgba(0, 255, 255, 0.75)",2.2971721981836994,48.825816187651725,1.5711420394178301,69.48212235701929,25.650205678207016,True,False,True,False,False,13.04188079093797,0.0,0.0,0.0,0.0,0,0.8921442369607209,0.8061171925305859,False,False,False,False,0.2805719341966893,0.29297004078953237,False,False,False,False,4302153.0,1729435.2898868036,False,False,False,False,221459.87385782343,False,False,False,False
2024-10-04 17:00:00+00:00,52.585,52.81,52.475,52.735,127514.0,,,,,,50.915101514025295,48.575675126651205,48.117290186217964,48.14735519948032,,,,,,51.22868723591546,49.364642162159896,48.75307146201206,48.43353436752086,,,49.191919656747885,"rgba(0, 255, 255, 0.75)",2.3381266024338867,48.85693757146357,1.6586195223558635,68.45065012880316,24.542575567108983,True,False,True,False,False,13.994742171625965,0.0,0.0,0.0,0.0,0,0.8912986330178754,0.8075709779179809,False,False,False,False,0.30254111550503876,0.2977555781472856,False,False,False,False,4429667.0,1771299.3474079384,False,False,False,False,220003.34868173313,False,False,False,False
2024-10-07 17:00:00+00:00,52.795,52.83,52.375,52.51,114807.0,,,,,,50.94735928057009,48.60305210514579,48.139820753014675,48.16527542997683,,,,,,51.26469363638006,49.400058637426135,48.7826426155868,48.46032651182989,,,49.22040362124129,"rgba(0, 255, 255, 0.75)",2.3711187024062967,48.883489575491254,1.5294512336427657,65.90924867443334,21.962896195599498,True,False,True,False,False,12.95948236732557,0.0,0.0,0.0,0.0,0,0.8987543069175719,0.8027431751921547,False,False,False,False,0.2990074521393636,0.29838151514332456,False,False,False,False,4314860.0,1810734.3962853348,False,False,False,False,218372.39753938068,False,False,False,False
2024-10-08 17:00:00+00:00,52.575,52.755,52.515,52.715,175116.0,,,,,,50.99680861426576,48.64502620328527,48.17444024106855,48.192884042886114,,,,,,51.319578046415096,49.45408897768031,48.82792661394104,48.501411253139096,,,49.264020499085156,"rgba(0, 255, 255, 0.75)",2.40680939595733,48.9241752682653,1.5750415209871105,65.24751850875347,21.10069527867158,True,False,True,False,False,13.623277348952936,0.0,0.0,0.0,0.0,0,0.8978058510638294,0.8066489361702125,False,False,False,False,0.3018779972385895,0.30012975619095705,False,False,False,False,4489976.0,1852273.025800291,False,False,False,False,217701.7557170647,False,False,False,False
2024-10-09 17:00:00+00:00,53.425,53.675,53.35,53.56,305939.0,,,,,,51.11826227503335,48.73169240974482,48.24510666913041,48.249511429525676,,,,,,51.461446761856834,49.56868551871504,48.92187693586429,48.5858509864433,,,49.36030412328921,"rgba(0, 255, 255, 0.75)",2.4538415956570208,49.01146860292687,1.8536369279595883,68.03276685932327,21.10069527867158,True,False,True,False,True,16.266426958711897,0.0,0.0,0.0,0.0,0,0.911179173047473,0.8004527598375389,False,False,False,False,0.34282824579056004,0.32147900099075855,False,False,False,False,4795915.0,1897910.8858654026,False,False,False,False,219069.775008273,False,False,False,False
2024-10-10 17:00:00+00:00,53.505,53.605,53.425,53.52,137675.0,,,,,,51.16894903616449,48.76960477535504,48.276233212727746,48.27454844605452,,,,,,51.519182228618405,49.61803211545559,48.96283692807541,48.6228434469665,,,49.401528773677214,"rgba(0, 255, 255, 0.75)",2.501868941051512,49.04919513273555,1.7869860382796143,69.5439843410171,21.10069527867158,True,False,True,False,True,16.07697292951364,0.0,0.0,0.0,0.0,0,0.9147738693467334,0.800469011725293,False,False,False,False,0.3428282457930703,0.33215362339191445,False,False,False,False,4658240.0,1940706.6860845436,False,False,False,False,217807.8405120207,False,False,False,False
2024-10-11 17:00:00+00:00,54.18,54.33,54.095,54.235,403676.0,,,,,,51.346977329183495,48.89335134662284,48.37738575488306,48.356274018145875,,,,,,51.7247155710786,49.780726254175704,49.096748390651165,48.74331650609725,,,49.539936896354746,"rgba(0, 255, 255, 0.75)",2.5646674845496675,49.17439403856076,1.9732015912105008,72.5700848344926,16.942328353981324,True,False,True,False,True,18.22657402511222,0.0,0.0,0.0,0.0,0,0.9207755863539443,0.7891124733475479,False,False,False,False,0.3428282464406148,0.33749093491626464,False,False,False,False,5061916.0,1989097.528160752,False,False,False,False,220689.51740330717,False,False,False,False
2024-10-14 17:00:00+00:00,54.335,54.38,53.84,54.265,171128.0,,,,,,51.41492056515338,48.9435746251102,48.41881725084926,48.38990731842328,,,,,,51.80087655136947,49.84541419233883,49.15085650500413,48.79230938188466,,,49.594584548766655,"rgba(0, 255, 255, 0.75)",2.6238021668583977,49.22442419134975,1.9210959851769513,74.66097032856607,19.054463935671336,True,False,True,False,True,18.31511193298636,0.0,0.0,0.0,0.0,0,0.9186640993293937,0.7880618816811633,False,False,False,False,0.3346759075314795,0.3360834212238721,False,False,False,False,5233044.0,2039391.2719101976,False,False,False,False,219921.12178465124,False,False,False,False
2024-10-15 17:00:00+00:00,54.155,54.205,53.925,54.065,463135.0,,,,,,51.57742965510474,49.07238414986618,48.526187613800275,48.47751472131733,,,,,,51.97744389968244,50.0075560052678,49.28894138690603,48.918255560964695,,,49.73071412411369,"rgba(0, 255, 255, 0.75)",2.671554330448952,49.350679210216384,1.7646359409772423,74.16817422452266,19.054463935671336,True,False,True,False,True,17.335541386702452,0.0,0.0,0.0,0.0,0,0.918811091162976,0.7930713478289779,False,False,False,False,0.3311103944648469,0.33359690784435947,False,False,False,False,4769909.0,2081724.8800976363,False,False,False,False,223691.8795864396,False,False,False,False
2024-10-16 17:00:00+00:00,55.85,56.41,55.78,56.39,597996.0,,,,,,51.91609654261358,49.296362576647475,48.70993411611335,48.628303549402304,,,,,,52.36312097230791,50.29995777421153,49.53067471788938,49.13592070753618,,,49.985046369590215,"rgba(0, 255, 0, 1.0)",2.7792133552273173,49.5795869233734,2.4504822790294796,78.16832932716538,22.68779680193984,True,False,True,False,True,20.0,0.0,0.0,0.0,0.0,0,0.9199637376157483,0.7918150618403161,False,False,False,False,0.3428282477846185,0.338212577814489,False,False,False,False,5367905.0,2132673.4090883704,False,False,False,False,229495.0442440142,False,False,False,False
2024-10-17 17:00:00+00:00,56.445,56.45,56.07,56.385,298070.0,,,,,,52.07082244436203,49.40449583134064,48.799550850945394,48.70232930852137,,,,,,52.534882288269706,50.43811277909341,49.64681147564582,49.241214736148194,,,50.10477746429082,"rgba(0, 255, 0, 1.0)",2.877290199457103,49.6885659455308,2.3273405149514312,80.8014885519814,25.236793031704494,True,False,True,False,True,20.0,0.0,0.0,0.0,0.0,0,0.9245087230040857,0.7931123937998573,False,False,False,False,0.3428282478811407,0.34052041284781487,False,False,False,False,5069835.0,2178210.7980947522,False,False,False,False,230558.22185263413,False,False,False,False
2024-10-18 17:00:00+00:00,56.515,56.87,56.465,56.76,648918.0,,,,,,52.40090117861951,49.64163610697946,48.99745728032077,48.86680999849259,,,,,,52.89589553831973,50.736868503555414,49.90064568879173,49.472373019372675,,,50.36407341430649,"rgba(0, 255, 0, 1.0)",2.9727461702595455,49.925998610115755,2.298884936175892,82.97424978244727,27.361001643101986,True,False,True,False,True,20.0,0.0,0.0,0.0,0.0,0,0.9285483140249818,0.7868099152158435,False,False,False,False,0.34282824810789886,0.3416743304778569,False,False,False,False,5718753.0,2233102.925256074,False,False,False,False,237044.41996344598,False,False,False,False
2024-10-21 17:00:00+00:00,56.965,57.015,56.51,56.59,119806.0,,,,,,52.4568458987672,49.68378153517358,49.032946798421534,48.896465154646506,,,,,,52.9559138598605,50.78899325646573,49.94556842751475,49.51353012479904,,,50.40925563195611,"rgba(0, 255, 0, 1.0)",3.0446483946174876,50.45185133970776,2.0160451601385674,83.1472776842736,27.71018300411572,True,False,True,False,True,20.0,0.0,0.0,0.0,0.0,0,0.9308208569953534,0.7849122354155911,False,False,False,False,0.3428282481585186,0.3422512893181877,False,False,False,False,5598947.0,2285286.554321871,False,False,False,False,235226.7700415321,False,False,False,False
2024-10-22 17:00:00+00:00,56.79,56.895,56.555,56.595,192541.0,,,,,,52.54329315464582,49.750248469233135,49.08913118537199,48.94351587441666,,,,,,53.04792897857292,50.87055925985118,50.0162894760442,49.578490125280425,,,50.479932065427036,"rgba(0, 255, 255, 0.75)",3.1042273806263974,50.51392530595711,1.9589656131490596,83.27059606538162,28.1513915481992,True,False,True,False,True,20.0,0.0,0.0,0.0,0.0,0,0.9322493224932246,0.7862950058072007,False,False,False,False,0.3404837309819386,0.34136751015006317,False,False,False,False,5791488.0,2339646.266657966,False,False,False,False,234564.97515716724,False,False,False,False
2024-10-23 17:00:00+00:00,56.215,56.305,55.99,56.295,205086.0,,,,,,52.621219810868226,49.814813658078684,49.14431019974432,48.9899085214082,,,,,,53.128637144712584,50.947945387255224,50.08463944943864,49.64176318595736,,,50.54665466968291,"rgba(0, 255, 255, 0.75)",3.1564886167048627,50.561839041815475,1.8163097208218406,80.87430564274231,28.1513915481992,True,False,True,False,False,20.0,0.0,0.0,0.0,0.0,0,0.93137569877273,0.7879586198033798,False,False,False,False,0.304812664856687,0.3230900875033751,False,False,False,False,5586402.0,2389983.5648493157,False,False,False,False,234107.9367826375,False,False,False,False
2024-10-24 17:00:00+00:00,56.005,56.125,55.81,55.955,224549.0,,,,,,52.69749130429229,49.88150800180248,49.20178482929553,49.038405292186226,,,,,,53.2060195629244,51.02648310137914,50.15497131804385,49.70725063695422,,,50.61423925585977,"rgba(0, 255, 255, 0.75)",3.2016889729140257,50.613214341788314,1.6684274154681065,76.69149250088728,31.754468003203655,True,False,True,False,False,20.0,0.0,0.0,0.0,0.0,0,0.9303622956075662,0.7867265149086243,False,False,False,False,0.29385029082747954,0.30847018916542734,False,False,False,False,5361853.0,2436059.059967931,False,False,False,False,233959.73621236405,False,False,False,False
2024-10-25 17:00:00+00:00,55.985,56.01,55.665,55.75,292255.0,,,,,,52.78722552599329,49.96401731130029,49.27347196371152,49.099133193243404,,,,,,53.29530566675143,51.12199515322733,50.24165124843324,49.788416689965494,,,50.69640209407825,"rgba(0, 255, 255, 0.75)",3.2451835592664584,50.67916637158511,1.562572204563091,72.42994876131567,27.788469907327993,True,False,True,False,False,19.637409636262955,0.0,0.0,0.0,0.0,0,0.9342580645161287,0.785290322580645,False,False,False,False,0.2859756439030376,0.2972229165342325,False,False,False,False,5069598.0,2476889.1210536994,False,False,False,False,234863.53875170724,False,False,False,False
2024-10-28 17:00:00+00:00,55.465,55.485,55.215,55.26,136684.0,,,,,,52.8209397064111,49.99866364349324,49.30400218780629,49.12512237937275,,,,,,53.32728179162133,51.16084798953309,50.27780779011629,49.82262085052825,,,50.72966079236029,"rgba(38, 166, 154, 1.0)",3.274636185005004,50.70378925301759,1.3913639529929784,66.4330132924883,22.366036351508257,False,False,True,False,False,17.278382715893187,0.0,0.0,0.0,0.0,0,0.9309319019595163,0.7924076828558493,False,False,False,False,0.25674235867365197,0.27698263760394226,False,False,False,False,4932914.0,2514967.0261536418,False,False,False,False,233341.3753602079,False,False,False,False
2024-10-29 17:00:00+00:00,55.955,56.005,55.65,55.67,172334.0,,,,,,52.86969934264982,50.045393685503754,49.34493696587404,49.159966308819115,,,,,,53.37506972794896,51.2140694200288,50.32671551124331,49.86866777615599,,,50.77556484227797,"rgba(38, 166, 154, 1.0)",3.3086392891861034,50.74359306573674,1.4889525583416243,64.29376413213828,20.57107240915734,False,True,True,False,False,18.481267868343487,0.0,0.0,0.0,0.0,0,0.9338901381304205,0.7781561194988755,False,False,False,False,0.28537134110825535,0.2811769893560988,False,False,False,False,5105248.0,2555126.421096996,False,False,False,False,232395.52457942948,False,False,False,False
2024-10-30 17:00:00+00:00,55.66,55.695,55.37,55.595,177647.0,,,,,,52.91459703323732,50.09094627572288,49.38515906498163,49.19431344762436,,,,,,53.418043220994925,51.26505699054204,50.37421395013869,49.91364083086739,,,50.819496351763654,"rgba(38, 166, 154, 1.0)",3.3494413948683492,50.78079721637509,1.437315126934511,62.376115641741904,18.81443897623926,False,True,True,False,False,18.11904528883025,0.0,0.0,0.0,0.0,0,0.9288700237957424,0.7861598816644156,False,False,False,False,0.26763338560677136,0.27440518748143505,False,False,False,False,4927601.0,2591908.972707895,False,False,False,False,231546.7102448647,False,False,False,False
2024-10-31 17:00:00+00:00,55.135,55.225,54.695,54.765,377120.0,,,,,,52.98252040195693,50.17383487146781,49.459909506547916,49.2585947733251,,,,,,53.4774125011223,51.353399456398066,50.45977883293551,49.99591884280631,,,50.89517114831999,"rgba(38, 166, 154, 1.0)",3.3675530453897062,51.19230109938238,1.0609183738052084,56.52707050156723,13.39581505348827,False,True,True,False,False,14.215303915166803,0.0,0.0,0.0,0.0,0,0.9204588910133839,0.788718929254302,False,False,False,False,0.23366327047411853,0.2540342289777768,False,False,False,False,4550481.0,2622274.4304953697,False,False,False,False,233803.66047362646,False,False,False,False
2024-11-01 17:00:00+00:00,55.505,55.615,55.27,55.48,235495.0,,,,,,53.03436424862635,50.23012919544704,49.51027218296067,49.3019211398329,,,,,,53.52583699029172,51.41480034598454,50.51812812449189,50.05165039339512,,,50.94838782762878,"rgba(38, 166, 154, 1.0)",3.3860168313199432,51.25077177116406,1.249027526891321,56.02994069982108,12.949118028991052,False,True,True,False,False,16.3756457153452,0.0,0.0,0.0,0.0,0,0.9202453987730059,0.7828094364682816,False,False,False,False,0.26225486747784693,0.25814454822781185,False,False,False,False,4785976.0,2655820.191262883,False,False,False,False,233829.8827918648,False,False,False,False
2024-11-04 17:00:00+00:00,55.465,55.915,55.44,55.835,290394.0,,,,,,53.10230729636537,50.301483790923285,49.574041925021085,49.3568715674483,,,,,,53.59044101176368,51.493014301079626,50.592134568882926,50.122245807894366,,,51.01656753367233,"rgba(38, 166, 154, 1.0)",3.399430227828457,51.32339664484594,1.3271645695861372,57.1022664500053,12.949118028991052,False,True,True,False,False,17.412581976485964,0.0,0.0,0.0,0.0,0,0.9202262903635895,0.7812102720569538,False,False,False,False,0.2763308422001435,0.26723769521397767,False,False,False,False,5076370.0,2693348.095274311,False,False,False,False,234706.84584935528,False,False,False,False
2024-11-05 17:00:00+00:00,56.105,56.27,56.005,56.17,171633.0,,,,,,53.1470177051873,50.34597631689201,49.613640686335025,49.39101267167882,,,,,,53.63399744334327,51.542356472754115,50.63837662640886,50.16620234162738,,,51.05982253302835,"rgba(38, 166, 154, 1.0)",3.4067326662741557,51.371427566494795,1.408555617236989,59.04567206948066,12.949118028991052,False,True,True,False,True,18.376982369119077,0.0,0.0,0.0,0.0,0,0.9281361097003552,0.7752031488065008,False,False,False,False,0.30420179824401805,0.28571974672899786,False,False,False,False,5248003.0,2732955.148060756,False,False,False,False,233728.95676641952,False,False,False,False
2024-11-06 17:00:00+00:00,57.535,58.085,57.495,57.865,398865.0,,,,,,53.30099689102145,50.475766247389856,49.7268563821922,49.48829027539737,,,,,,53.79315261529984,51.6931479433199,50.77454776472704,50.29370110890684,,,51.19330740353181,"rgba(0, 255, 255, 0.75)",3.4567827410641345,51.54336085522282,1.8287638009992868,64.54025721891298,7.743805396078798,False,True,True,False,True,20.0,0.0,0.0,0.0,0.0,0,0.9297045101088643,0.773561430793157,False,False,False,False,0.34282824865824196,0.3142739976936199,False,False,False,False,5646868.0,2778132.091501674,False,False,False,False,236289.20549872308,False,False,False,False
2024-11-07 17:00:00+00:00,57.835,58.295,57.825,58.095,261688.0,,,,,,53.402055067364714,50.56138936075446,49.80175598228931,49.552830917630224,,,,,,53.897403096830615,51.79218727199036,50.86427023088818,50.37784312505574,,,51.28121688160045,"rgba(0, 255, 255, 0.75)",3.5117854022863724,51.64790470276769,1.835845462833487,68.60560461328865,11.559715746318759,False,False,True,False,True,20.0,0.0,0.0,0.0,0.0,0,0.9322604790419158,0.773016467065868,False,False,False,False,0.3428282487765845,0.3285511232351022,False,False,False,False,5908556.0,2826665.7955094,False,False,False,False,236682.9852584328,False,False,False,False
2024-11-08 17:00:00+00:00,58.015,58.11,57.65,58.08,395244.0,,,,,,53.54294923733428,50.68502062394134,49.91069486412245,49.64708771167361,,,,,,54.04113294820305,51.93321139765382,50.993398180893806,50.49952282180628,,,51.406627223203586,"rgba(0, 255, 255, 0.75)",3.569562672888041,51.786141644730534,1.7632015269190568,71.2236122193706,14.038118438224458,True,False,True,False,True,20.0,0.0,0.0,0.0,0.0,0,0.9321726059998745,0.7797958288971002,False,False,False,False,0.3327119298673873,0.3306315265512447,False,False,False,False,5513312.0,2868319.225036386,False,False,False,False,239141.2955645036,False,False,False,False
2024-11-11 17:00:00+00:00,58.605,58.745,58.55,58.64,354392.0,,,,,,53.68094058156654,50.80273289892981,50.01420102771577,49.73678135985523,,,,,,54.183138599992226,52.06833354370982,51.116472847653874,50.615269709002824,,,51.527233821053265,"rgba(0, 255, 255, 0.75)",3.6368102448102366,51.919962566285704,1.8477833544666935,74.00092263269947,16.735770416393493,True,False,True,False,True,20.0,0.0,0.0,0.0,0.0,0,0.9307315848914541,0.7838499184339314,False,False,False,False,0.3428282490179984,0.33672988778462154,False,False,False,False,5867704.0,2914821.3145707054,False,False,False,False,240928.12819141053,False,False,False,False
2024-11-12 17:00:00+00:00,58.735,58.77,58.425,58.72,341147.0,,,,,,53.806733353634336,50.91270968040502,50.11147231938192,49.82138631728961,,,,,,54.31160803827688,52.193237245077576,51.2311630405049,50.723535256270395,,,51.63898065635507,"rgba(0, 255, 255, 0.75)",3.7007798277299973,52.039156615215106,1.8052528644706816,75.99352193907433,18.768734482280806,True,False,True,False,True,20.0,0.0,0.0,0.0,0.0,0,0.9367040244523689,0.7796102903718797,False,False,False,False,0.34013194594386925,0.3384309168642454,False,False,False,False,6208851.0,2965891.5422517797,False,False,False,False,242481.90914968323,False,False,False,False
2024-11-13 17:00:00+00:00,58.79,59.28,58.53,59.22,1032046.0,,,,,,54.17768324871617,51.24252154862153,50.405084050368195,50.078204833603905,,,,,,54.688586434984735,52.563969043522285,51.57415869662761,51.04854758931113,,,51.972344430719446,"rgba(0, 255, 255, 0.75)",3.7750598969056313,52.94370305850737,1.662568836758652,78.16981212783453,21.0422205965247,True,False,True,False,True,20.0,0.0,0.0,0.0,0.0,0,0.9389356451306712,0.7721951528190848,False,False,False,False,0.34282824911741394,0.3406295829908297,False,False,False,False,7240897.0,3032170.696635473,False,False,False,False,254723.21288379666,False,False,False,False
2024-11-14 17:00:00+00:00,58.04,58.165,57.6,57.91,490345.0,,,,,,54.29936207719143,51.36875394666393,50.52063832743553,50.18060326642947,,,,,,54.806208702774924,52.69816656633399,51.703792458367495,51.1737373135946,,,52.093907832348926,"rgba(38, 166, 154, 1.0)",3.796936956581209,53.02716065220304,1.2859943169015653,72.12627468054507,21.0422205965247,True,False,True,False,False,20.0,0.0,0.0,0.0,0.0,0,0.9288950415303296,0.7718348854769694,False,False,False,False,0.28955747672100196,0.3150935298559158,False,False,False,False,6750552.0,3089820.0191682563,False,False,False,False,258376.26384683858,False,False,False,False
2024-11-15 17:00:00+00:00,57.315,57.52,57.215,57.47,625291.0,,,,,,54.42377469402657,51.511355317008295,50.6534606777604,50.299298538503436,,,,,,54.92231104504376,52.8445446360457,51.84908642977301,51.31571609142058,,,52.227443428697725,"rgba(38, 166, 154, 1.0)",3.7912384211185772,53.114575616768654,1.1488131052296913,66.22924281169927,24.072705374508473,False,True,True,False,False,18.066683550898183,0.0,0.0,0.0,0.0,0,0.9272841444270017,0.7725588697017267,False,False,False,False,0.2633370807075471,0.28921530528173145,False,False,False,False,6125261.0,3136881.1196462675,False,False,False,False,264064.8644073527,False,False,False,False
2024-11-18 17:00:00+00:00,57.785,57.88,57.23,57.28,320237.0,,,,,,54.48494637873336,51.582545725034066,50.720121998829384,50.35910368859018,,,,,,54.979220910575364,52.91700573492096,51.921460109643334,51.38666320771329,,,52.29388346925499,"rgba(38, 166, 154, 1.0)",3.7314734584572733,53.16325374084273,1.1032495085357747,61.510810690240504,19.806026820495944,False,True,True,False,False,17.235071577566224,0.0,0.0,0.0,0.0,0,0.9230914588057445,0.7756991685563113,False,False,False,False,0.2728406600880693,0.28102798268490037,False,False,False,False,5805024.0,3178247.6759308213,False,False,False,False,264935.75023049454,False,False,False,False
2024-11-19 17:00:00+00:00,56.865,57.025,56.66,56.99,425738.0,,,,,,54.54766109500957,51.665645949649296,50.79940577476272,50.43080747361149,,,,,,55.034517306377815,52.99821077544874,52.00520428562681,51.46984797865785,,,52.368912579893035,"rgba(38, 166, 154, 0.5)",3.668364405891858,53.60996578907735,0.9214008852266391,57.16193945570342,15.849356347367944,False,True,True,False,False,15.969057565950546,0.0,0.0,0.0,0.0,0,0.925183405008854,0.7775739944346065,False,False,False,False,0.23696682641162387,0.25899740454826214,False,False,False,False,5379286.0,3212372.301110188,False,False,False,False,267428.80836645584,False,False,False,False
2024-11-20 17:00:00+00:00,57.265,57.5,57.04,57.5,264177.0,,,,,,54.59219943653935,51.72029225401717,50.85118486405395,50.47759275585497,,,,,,55.075269719051114,53.05264842616537,52.06047255562617,51.52443984450751,,,52.41926248197695,"rgba(38, 166, 154, 1.0)",3.6052703700889546,53.65619142152231,1.066163750260664,56.334516920789774,15.008187877580895,False,True,True,False,False,17.388117033213188,0.0,0.0,0.0,0.0,0,0.9312606419877655,0.7682411553257235,False,False,False,False,0.25841363536265854,0.2587055199554603,False,False,False,False,5643463.0,3250063.629775146,False,False,False,False,267378.39273286733,False,False,False,False
2024-11-21 17:00:00+00:00,57.765,57.89,57.36,57.56,361678.0,,,,,,54.656398385181156,51.79676054544741,50.92350959918612,50.5429835209778,,,,,,55.134835558793746,53.12932942359702,52.13789515903947,51.600779257404696,,,52.49031143120342,"rgba(38, 166, 154, 1.0)",3.5529801005064034,53.72182967233941,1.080267893173266,56.02025395944759,14.36960697578229,False,True,True,False,False,17.55389867531754,0.0,0.0,0.0,0.0,0,0.9349746288291674,0.7620747979703061,False,False,False,False,0.27640094353753425,0.26755323174649726,False,False,False,False,6005141.0,3292778.0076080896,False,False,False,False,268840.4021478616,False,False,False,False
2024-11-22 17:00:00+00:00,58.425,58.7,58.395,58.56,325731.0,,,,,,54.729784209065336,51.87491997939034,50.996393571729676,50.608629781381396,,,,,,55.20583426799597,53.21038694327254,52.21757621147253,51.67851437300438,,,52.565254917164026,"rgba(38, 166, 154, 1.0)",3.5031649139619883,53.80842380571172,1.3563666886907628,59.194379202881706,14.36960697578229,False,True,True,False,False,20.0,0.0,0.0,0.0,0.0,0,0.9437398980479922,0.7567449956483899,False,False,False,False,0.3240033941275207,0.29577831293700896,False,False,False,False,6330872.0,3339880.240048274,False,False,False,False,269722.426920763,False,False,False,False
2024-11-25 17:00:00+00:00,58.815,58.87,58.28,58.76,363850.0,,,,,,54.81030791835811,51.961199365696494,51.07707508374232,50.68146864486896,,,,,,55.28366025045629,53.2995079714573,52.30543656812551,51.76436480970082,,,52.64787757655073,"rgba(38, 166, 154, 1.0)",3.426465744100673,53.8966126064893,1.4193597008474304,61.86989453150468,14.36960697578229,False,True,True,False,True,20.0,0.0,0.0,0.0,0.0,0,0.9421958163139,0.7528159425671493,False,False,False,False,0.3254434553336211,0.310610884135315,False,False,False,False,6694722.0,3391893.290590161,False,False,False,False,271181.7691390457,False,False,False,False
2024-11-26 17:00:00+00:00,59.02,59.62,59.0,59.62,296789.0,,,,,,54.886414386280535,52.03796332816127,51.14826801221087,50.74561676362115,,,,,,55.35868485908908,53.38033133148263,52.383917494921114,51.84057761495504,,,52.72272172384021,"rgba(0, 255, 255, 0.75)",3.3758905224873175,53.98331991163351,1.6696868724917797,65.73709641074097,7.8715936177497525,False,True,True,False,True,20.0,0.0,0.0,0.0,0.0,0,0.9479697770133299,0.746913201056576,False,False,False,False,0.342828249266575,0.32671956670094504,False,False,False,False,6991511.0,3447701.317092639,False,False,False,False,271578.7804702232,False,False,False,False
2024-11-27 17:00:00+00:00,58.985,59.325,58.93,59.3,208311.0,,,,,,54.93572691122912,52.08926582137142,51.19615462471759,50.7889098376767,,,,,,55.40686082390169,53.433696095344345,52.43621882833334,51.8915835238482,,,52.7723020583028,"rgba(0, 255, 255, 0.75)",3.308794678614116,54.03613413633066,1.5908711101633242,66.50483967308074,8.914832272249797,False,True,True,False,True,20.0,0.0,0.0,0.0,0.0,0,0.9438553478394115,0.7503524364082133,False,False,False,False,0.333460428260843,0.330089997480894,False,False,False,False,6783200.0,3499414.4749671714,False,False,False,False,270597.8846489794,False,False,False,False
2024-11-28 17:00:00+00:00,59.3,59.3,59.3,59.3,0.0,,,,,,54.93572691122912,52.08926582137142,51.19615462471759,50.7889098376767,,,,,,55.40686082390169,53.433696095344345,52.43621882833334,51.8915835238482,,,52.7723020583028,"rgba(0, 255, 255, 0.75)",3.3167473443037236,54.03613413633066,1.5870566302584521,67.01666851464059,9.85539557666948,False,False,True,False,True,20.0,0.0,0.0,0.0,0.0,0,0.9453683173195369,0.7508006898250801,False,False,False,False,0.3423134547949562,0.3362017261379251,False,False,False,False,6783200.0,3550325.8784560524,False,False,False,False,266402.56860790995,False,False,False,False
2024-11-29 17:00:00+00:00,59.505,59.6,59.045,59.235,107737.0,,,,,,54.961428692403615,52.1159119169725,51.22103086434468,50.81141356981185,,,,,,55.43200509670927,53.461425496037165,52.46338352777963,51.91807418542963,,,52.798084168686046,"rgba(0, 255, 255, 0.75)",3.335948096524068,54.06351741993234,1.5502287297143953,66.93491487732737,10.326307549374086,False,False,True,False,True,20.0,0.0,0.0,0.0,0.0,0,0.9370824053452115,0.7523509032417717,False,False,False,False,0.3428282492710452,0.3395149877044852,False,False,False,False,6675463.0,3598777.6167745627,False,False,False,False,263942.6373116633,False,False,False,False
2024-12-02 17:00:00+00:00,59.605,59.695,59.21,59.43,287864.0,,,,,,55.03099051603529,52.187634722268065,51.287989180423075,50.87202627140326,,,,,,55.50019676310238,53.53613847331936,52.53650908210165,51.989370193975866,,,52.86760690032862,"rgba(0, 255, 255, 0.75)",3.3628748493293794,54.13735379269747,1.5738457255874345,67.53628920485289,11.485594727676585,False,False,True,False,True,20.0,0.0,0.0,0.0,0.0,0,0.9484975848441126,0.745373565021015,False,False,False,False,0.3428282493170796,0.34117161851078237,False,False,False,False,6963327.0,3650941.173103639,False,False,False,False,264313.51115179254,False,False,False,False
2024-12-03 17:00:00+00:00,59.33,59.525,59.33,59.455,228699.0,,,,,,55.08463387285816,52.243559052829305,51.34035970531795,50.91953165637663,,,,,,55.55263193663732,53.59409684309195,52.59345337049802,52.04499482826765,,,52.92165765823462,"rgba(0, 255, 255, 0.75)",3.3895880280647437,54.19310775920593,1.5523692546785106,68.02544779207082,12.52492945975704,False,False,True,False,True,20.0,0.0,0.0,0.0,0.0,0,0.9472956844022865,0.7486022991393931,False,False,False,False,0.34155420593475966,0.34136291222277104,False,False,False,False,7192026.0,3705841.7130555203,False,False,False,False,263761.34818819887,False,False,False,False
2024-12-04 17:00:00+00:00,59.795,59.83,59.265,59.605,391457.0,,,,,,55.1761378573552,52.339000857351444,51.42987001462335,51.00085626171165,,,,,,55.642111933944534,53.69285323565285,52.69058308361318,52.13994278018684,,,53.01391950305488,"rgba(0, 255, 255, 0.75)",3.4182307512027763,54.28750275650502,1.5556285197024524,68.910212004547,13.893350716990177,False,False,True,False,True,20.0,0.0,0.0,0.0,0.0,0,0.9505049871400789,0.744118938586036,False,False,False,False,0.3428282493502025,0.3420955807864868,False,False,False,False,7583483.0,3765960.182620551,False,False,False,False,265741.12573566864,False,False,False,False
2024-12-05 17:00:00+00:00,60.085,60.205,59.955,59.99,375853.0,,,,,60.050000000000004,55.269838274339534,52.4342995703812,51.51899557462582,51.08183800593086,,,,,,55.73447793379529,53.7922013265829,52.787707153221454,52.23466519575439,,,53.87822478162572,"rgba(38, 166, 154, 1.0)",3.4469273992202556,54.928018281828244,1.4685489805549286,70.81989501518473,16.12228038671084,True,False,True,False,True,20.0,0.0,0.0,0.0,0.0,0,0.959614300920418,0.7338300669964308,False,False,False,False,0.34282824952817775,0.34246191515733226,False,False,False,False,7959336.0,3830973.761184573,False,False,False,False,267448.28657697607,False,False,False,False
2024-12-06 17:00:00+00:00,59.925,60.04,59.765,59.88,351183.0,,,,,59.97512975285956,55.35145489148616,52.51946927108106,51.599138540621574,51.15492002043064,,,,,,55.8143737180429,53.88003197215179,52.87427977993835,52.31942775235788,,,53.94313618877444,"rgba(38, 166, 154, 1.0)",3.47569681522298,55.00158067487848,1.4035802270655042,71.05799014905656,16.728788454147548,True,False,True,False,True,20.0,0.0,0.0,0.0,0.0,0,0.9575243480992773,0.735846685516808,False,False,False,False,0.3341779874913704,0.33831995132435133,False,False,False,False,7608153.0,3889534.67961582,False,False,False,False,268746.4991881857,False,False,False,False
2024-12-09 17:00:00+00:00,59.435,59.44,58.865,58.94,235280.0,,,,,59.75668384224448,55.39503942696971,52.56927707794748,51.64679846120907,51.19871448051721,,,,,,55.855875223122325,53.92970732784465,52.924526412096874,52.36918893358305,,,53.96064568728165,"rgba(38, 166, 154, 1.0)",3.483285410679415,55.0263765165156,1.1235437301478686,64.40468907026049,18.99026852777125,False,True,True,False,False,18.044362251232222,0.0,0.0,0.0,0.0,0,0.9499532564661889,0.7379869118105328,False,False,False,False,0.29813765244556517,0.3182288018849583,False,False,False,False,7372873.0,3943539.9248930938,False,False,False,False,268227.6387356557,False,False,False,False
2024-12-10 17:00:00+00:00,58.765,58.81,58.56,58.7,368782.0,,,,,59.4611580427086,55.454298129285974,52.64123842742514,51.71642029041641,51.26303070336871,,,,,,55.911199761980036,53.999912130001945,52.99676051770855,52.44126268742888,,,53.987253410036026,"rgba(38, 166, 154, 1.0)",3.483010899771594,55.057774776165346,1.0457116927407561,58.67748051180151,13.816439414922854,False,True,True,False,False,16.926071622876716,0.0,0.0,0.0,0.0,0,0.9483553451283327,0.7435210565661599,False,False,False,False,0.27605261960292604,0.29714071074394216,False,False,False,False,7004091.0,3990990.329158317,False,False,False,False,269786.6210808393,False,False,False,False
2024-12-11 17:00:00+00:00,58.665,58.865,58.475,58.59,317895.0,,,,,59.30349673912099,55.502982997294275,52.70145750966302,51.77494565076365,51.3172495214486,,,,,,55.95641320443728,54.05820277399244,53.057091586734664,52.50163073052371,,,54.01927452377541,"rgba(38, 166, 154, 1.0)",3.4620559129141664,55.08894125792622,1.0112657999006098,54.26699171897781,9.995603990447435,False,True,True,False,False,16.412235867781902,0.0,0.0,0.0,0.0,0,0.9446758252004726,0.7458196058929569,False,False,False,False,0.27534844490644855,0.28624457782519536,False,False,False,False,6686196.0,4032776.463589971,False,False,False,False,270532.48742067127,False,False,False,False
2024-12-12 17:00:00+00:00,59.225,59.395,58.835,58.87,257428.0,,,,,59.267016011503586,55.546094039151704,52.75248703460431,51.82426931449636,51.362881459107214,,,,,,55.99710179250551,54.10826898983662,53.10835586838464,52.55271170110032,,,54.05768735674336,"rgba(38, 166, 154, 1.0)",3.451694990335342,55.12484419928613,1.0850193343271082,53.09564286217163,9.08962368420599,False,True,False,False,False,17.250675500356994,0.0,0.0,0.0,0.0,0,0.9493349829879366,0.7374574698422515,False,False,False,False,0.29635593178196046,0.2913002548035779,False,False,False,False,6943624.0,4077905.882759119,False,False,False,False,270329.3170730639,False,False,False,False
2024-12-13 17:00:00+00:00,58.775,58.775,58.47,58.61,250236.0,,,,,59.19174963458106,55.58213487673788,52.79808283246725,51.86885336141022,51.40435212297967,,,,,,56.030368420930735,54.15195972380911,53.15392012179288,52.59847454950408,,,54.08665507157921,"rgba(38, 166, 154, 1.0)",3.4361191339507546,55.15070821085161,1.006743845103819,50.75414054356978,6.912348236944389,False,True,False,False,False,16.01650749906668,0.0,0.0,0.0,0.0,0,0.9401989250633224,0.7478841045283251,False,False,False,False,0.2731203109774073,0.2822102828904926,False,False,False,False,6693388.0,4118455.9931039386,False,False,False,False,270017.7927773575,False,False,False,False
2024-12-16 17:00:00+00:00,58.025,58.38,57.86,58.345,459128.0,,,,,59.01679807463789,55.63718930100227,52.87397094662582,51.944115287954354,51.474828066084655,,,,,,56.079626165265196,54.22256663507703,53.2292629885799,52.67488796539975,,,54.12813838118076,"rgba(38, 166, 154, 0.5)",3.413602885172415,55.18421325627304,0.9259386197077559,47.72414865583162,4.0441324279028095,False,True,False,True,False,14.767485074560021,0.0,0.0,0.0,0.0,0,0.9294240068556037,0.7520352573911978,False,False,False,False,0.24970573450628278,0.2659580086983877,False,False,False,False,6234260.0,4151259.156001552,False,False,False,False,272949.7339746078,False,False,False,False
2024-12-17 17:00:00+00:00,58.945,58.96,58.43,58.51,450762.0,,,,,58.96043130976524,55.69791311381633,52.95239719374331,52.02134451797372,51.547032322451,,,,,,56.13543196475466,54.29691708936019,53.30741259211457,52.75370400293591,,,54.1858426785461,"rgba(38, 166, 154, 0.5)",3.3809040784067146,55.23345361169051,0.9691331999734215,46.925250359240984,3.1758613004542084,False,True,False,True,False,15.288107533625386,0.0,0.0,0.0,0.0,0,0.9351391192187212,0.7473128186229346,False,False,False,False,0.27652221774849767,0.27124011322344266,False,False,False,False,6685022.0,4190542.3008697447,False,False,False,False,275706.5132928309,False,False,False,False
2024-12-18 17:00:00+00:00,58.52,58.59,57.48,57.495,333058.0,,,,,58.85213262766312,55.729739049507614,53.0012330181336,52.07068809486483,51.59369587747413,,,,,57.855,56.16275593545544,54.3406876859829,53.35549027767251,52.80307941384923,,,54.57645019806033,"rgba(38, 166, 154, 0.5)",3.325654068297204,55.61326320578251,0.5658245733239994,41.815603416970276,-1.717243996987058,False,True,False,True,False,10.641538588170459,0.0,0.0,0.0,0.0,0,0.9220515970515969,0.7622850122850122,False,False,False,False,0.2457721023591648,0.25850610779130373,False,False,False,False,6351964.0,4224052.714809748,False,False,False,False,276595.6836293761,False,False,False,False
2024-12-19 17:00:00+00:00,57.775,57.995,57.545,57.605,316930.0,,,,,58.755162884694116,55.75722556431948,53.04549452383425,52.11575552165183,51.636484604332246,,,,,57.786736893604186,56.185877132316875,54.37973047364656,53.398910933271615,52.84790679247806,,,54.59092853241492,"rgba(38, 166, 154, 0.5)",3.2505291433413523,55.62159540688789,0.6101789910652154,39.221313798523155,-4.172204104340331,False,True,False,True,False,11.0057415001572,0.0,0.0,0.0,0.0,0,0.9238177022633869,0.76378580629332,False,False,False,False,0.23355555469344297,0.24603083124237335,False,False,False,False,6668894.0,4261957.23085921,False,False,False,False,277221.02186768036,False,False,False,False
2024-12-20 17:00:00+00:00,58.695,58.78,58.24,58.525,344823.0,,,,,58.734772245309735,55.79815166298346,53.100807199350356,52.17086886829658,51.688403152422026,,,,,58.0391686310264,56.223021563007435,54.431141830754754,53.45375741261659,52.90362462377198,,,54.654371718953925,"rgba(38, 166, 154, 0.5)",3.1618872913566967,55.66890270240552,0.9032887748408616,43.01132730803813,-4.172204104340331,False,True,False,True,True,13.953990159031438,0.0,0.0,0.0,0.0,0,0.9224980275535593,0.756873217211871,False,False,False,False,0.26785364679330625,0.2569422390178398,False,False,False,False,7013717.0,4304620.173016431,False,False,False,False,278269.11455190234,False,False,False,False
2024-12-23 17:00:00+00:00,58.37,58.37,58.37,58.37,0.0,,,,,58.734772245309735,55.79815166298346,53.100807199350356,52.17086886829658,51.688403152422026,,,,,58.0391686310264,56.223021563007435,54.431141830754754,53.45375741261659,52.90362462377198,,,54.654371718953925,"rgba(38, 166, 154, 0.5)",3.0693347696085005,55.66890270240552,0.8800269440596112,44.77212185180997,-4.172204104340331,False,True,False,True,True,13.254985386595251,0.0,0.0,0.0,0.0,0,0.9287937030935379,0.7567270730367929,False,False,False,False,0.26131974979862965,0.2591309944082347,False,False,False,False,7013717.0,4346621.674209974,False,False,False,False,273954.8647138883,False,False,False,False
2024-12-24 17:00:00+00:00,59.495,59.845,59.485,59.83,86397.0,,,,,58.75529436446141,55.812680237194265,53.11753677911335,52.187124031505626,51.70356358571793,,,,,58.17348024154465,56.23693917747472,54.44756545048626,53.47054372607958,52.92037487229989,,,54.682510246587775,"rgba(38, 166, 154, 1.0)",2.9922247771711348,55.691411342674506,1.3831142262106846,51.54576201323923,-5.724249960940426,False,True,True,False,True,17.590991031375257,0.0,0.0,0.0,0.0,0,0.9287267455907222,0.7608721913505677,False,False,False,False,0.32267842132326,0.2909047078657474,False,False,False,False,7100114.0,4389311.477710594,False,False,False,False,271046.9908423551,False,False,False,False
2024-12-25 17:00:00+00:00,59.83,59.83,59.83,59.83,0.0,,,,,58.75529436446141,55.812680237194265,53.11753677911335,52.187124031505626,51.70356358571793,,,,,58.17348024154465,56.23693917747472,54.44756545048626,53.47054372607958,52.92037487229989,,,54.682510246587775,"rgba(38, 166, 154, 1.0)",2.9172739650891737,55.691411342674506,1.4186492961757144,56.06152212085874,-1.641552732242495,False,True,True,False,True,17.590991031375246,0.0,0.0,0.0,0.0,0,0.928978997207721,0.7638703411436202,False,False,False,False,0.3306586731743885,0.310781690520068,False,False,False,False,7100114.0,4431339.423792601,False,False,False,False,266844.71191456664,False,False,False,False
2024-12-26 17:00:00+00:00,59.795,60.055,59.685,59.995,133263.0,,,,,58.791290859245784,55.835968928954316,53.143920435950406,52.2126944620189,51.72739231131301,,,,,58.364210145816585,56.259359921281145,54.47361267172754,53.49704884971429,52.94677421381261,,,54.72522727998346,"rgba(38, 166, 154, 1.0)",2.851608314965731,56.18090962170736,1.337522533608714,59.58874042919966,1.5639064968785732,False,False,True,False,True,18.06150536597149,0.0,0.0,0.0,0.0,0,0.9272672126175309,0.760145586897179,False,False,False,False,0.33259938122851723,0.32169053587429264,False,False,False,False,7233377.0,4474781.866834576,False,False,False,False,264773.67762131756,False,False,False,False
2024-12-27 17:00:00+00:00,59.345,59.645,59.14,59.64,158815.0,,,,,58.81574746993111,55.86044296679237,53.17308500866088,52.24123169055092,51.754104386481465,,,,,58.49266852279861,56.28257273691826,54.50186503889678,53.52622163981083,52.97601996639043,,,54.762395942723174,"rgba(38, 166, 154, 1.0)",2.7779359114147386,56.19508043064135,1.2401004483952387,59.78421150911244,1.8548980153922088,False,False,True,False,True,16.416617524457664,0.0,0.0,0.0,0.0,0,0.9229189319801859,0.759212274978857,False,False,False,False,0.30958486062762913,0.3156376982509609,False,False,False,False,7074562.0,4515088.535565823,False,False,False,False,263130.90742563823,False,False,False,False
2024-12-30 17:00:00+00:00,58.945,59.395,58.945,59.18,264124.0,,,,,58.83582567400169,55.89708779189095,53.21870433851173,52.28623967992232,51.79640357170171,,,,,58.60246381684083,56.316865780486694,54.545343394007276,53.57168461181792,53.02185143062841,,,54.80924700898096,"rgba(38, 166, 154, 1.0)",2.725342692725539,56.21671224161915,1.08730831036054,57.42838783474919,1.8548980153922088,False,True,True,False,True,14.328947586888358,0.0,0.0,0.0,0.0,0,0.9195291856834014,0.7601489310593322,False,False,False,False,0.29896975113160557,0.3073037246912832,False,False,False,False,6810438.0,4550675.348967903,False,False,False,False,263146.3042097369,False,False,False,False
2024-12-31 17:00:00+00:00,58.915,59.26,58.765,59.205,249049.0,,,,,58.84793573572627,55.92990834644331,53.2604009585149,52.327558509856196,51.835332170734155,,,,,58.66506774597276,56.347395132539354,54.584764330870236,53.613158995309405,53.06378097660266,,,54.84753029025693,"rgba(38, 166, 154, 1.0)",2.656025958437075,56.23962201333153,1.1164717638578476,55.97638046909077,1.8548980153922088,False,True,True,False,False,14.405688091176877,0.0,0.0,0.0,0.0,0,0.9178556504089307,0.7631783177123753,False,False,False,False,0.29149517304307465,0.29939944886717895,False,False,False,False,7059487.0,4589571.653635068,False,False,False,False,262927.74135377194,False,False,False,False
2025-01-01 17:00:00+00:00,59.205,59.205,59.205,59.205,0.0,,,,,58.84793573572627,55.92990834644331,53.2604009585149,52.327558509856196,51.835332170734155,,,,,58.66506774597276,56.347395132539354,54.584764330870236,53.613158995309405,53.06378097660266,,,54.84753029025693,"rgba(38, 166, 154, 1.0)",2.578130263903929,56.23962201333153,1.1502048706329342,55.00837555865183,1.8548980153922088,False,True,True,False,False,14.405688091176877,0.0,0.0,0.0,0.0,0,0.9248301160623006,0.7621023513139695,False,False,False,False,0.3006351568243372,0.3000173028457581,False,False,False,False,7059487.0,4627864.914819021,False,False,False,False,258851.34226301577,False,False,False,False
2025-01-02 17:00:00+00:00,59.325,59.35,58.565,59.06,186450.0,,,,,58.853150029237845,55.95338745369884,53.29078001413433,52.35777866235454,51.86386565797626,,,,,58.694444032516635,56.36911422152017,54.61328065404232,53.64332520486543,53.09435488352264,,,54.87334808138691,"rgba(38, 166, 154, 1.0)",2.515485821649289,56.25574998434223,1.1147946021095652,53.43743224775299,1.8548980153922088,False,True,True,False,False,13.72792287366519,0.0,0.0,0.0,0.0,0,0.9236544930321962,0.7602715040845749,False,False,False,False,0.28889248691339675,0.29445489487957743,False,False,False,False,6873037.0,4662673.7843567105,False,False,False,False,257728.8408325814,False,False,False,False
2025-01-03 17:00:00+00:00,58.965,59.17,58.81,58.83,259289.0,,,,,58.85716113652339,55.98486633968753,53.33209313487189,52.399007264540295,51.90286667575322,,,,,58.721373849190066,56.39811061714607,54.65183871586685,53.68429240849111,53.135960664490014,,,54.90675708065604,"rgba(38, 166, 154, 1.0)",2.461981436687586,56.27733523814114,1.0368334723487107,50.9584957578762,7.494795418369982,False,True,False,False,False,12.652419458400672,0.0,0.0,0.0,0.0,0,0.9302199783627839,0.7590455583603798,False,False,False,False,0.29042997535783366,0.29244243511870555,False,False,False,False,6613748.0,4692922.997002343,False,False,False,False,257753.02934680492,False,False,False,False
2025-01-06 17:00:00+00:00,59.51,59.515,58.585,58.72,296874.0,,,,,58.86147896479733,56.02014200827773,53.37868620406014,52.445605860445596,51.94701711591425,,,,,58.74606104676227,56.43055875632493,54.695183631386676,53.730455431322625,53.182902557573264,,,54.943809157686474,"rgba(38, 166, 154, 1.0)",2.408177158189342,56.302896898086146,1.0037065145702244,48.63231093986511,4.974748447836582,False,True,False,True,False,12.136962190180306,0.0,0.0,0.0,0.0,0,0.9261540301363307,0.7594475005979431,False,False,False,False,0.2932719345743923,0.29285718484654893,False,False,False,False,6316874.0,4718100.531932538,False,False,False,False,258359.55602359862,False,False,False,False
2025-01-07 17:00:00+00:00,58.73,59.045,58.635,58.95,233634.0,,,,,58.86207741514824,56.04672716087171,53.41440173968148,52.481460683347755,51.9810638436443,,,,,58.756720162089074,56.4548881592025,54.728184106950835,53.76578374094307,53.21891380011169,,,54.97102208119907,"rgba(38, 166, 154, 1.0)",2.3616504039824133,56.32150050799112,1.112992629043015,48.830316980001484,4.814785814053465,False,True,False,False,False,12.915927348725756,0.0,0.0,0.0,0.0,0,0.9212560675975308,0.7685024270390124,False,False,False,False,0.2833448886598496,0.28810103675319926,False,False,False,False,6550508.0,4746509.950042111,False,False,False,False,257976.21406974437,False,False,False,False
2025-01-08 17:00:00+00:00,58.825,59.24,58.62,59.155,192139.0,,,,,58.86656348670367,56.06919739066307,53.44411003677772,52.51123494626761,52.009330398355544,,,,,58.772336090156244,56.47557797458745,54.75576321859612,53.79519652078997,53.248853672387995,,,54.99481637352854,"rgba(38, 166, 154, 1.0)",2.3167135739627898,56.33934658581906,1.2153653545374217,50.41521023617068,4.814785814053465,False,True,False,False,False,13.607815203794658,0.0,0.0,0.0,0.0,0,0.918047604700211,0.7724013257005123,False,False,False,False,0.2875925726828537,0.2878468047180265,False,False,False,False,6742647.0,4777457.811281769,False,False,False,False,256955.48206866306,False,False,False,False
2025-01-09 17:00:00+00:00,59.155,59.155,59.155,59.155,0.0,,,,,58.86656348670367,56.06919739066307,53.44411003677772,52.51123494626761,52.009330398355544,,,,,58.772336090156244,56.47557797458745,54.75576321859612,53.79519652078997,53.248853672387995,,,54.99481637352854,"rgba(38, 166, 154, 1.0)",2.2730002041195645,56.33934658581906,1.238738742336177,51.471805740283486,4.814785814053465,False,True,False,False,True,13.607815203794658,0.0,0.0,0.0,0.0,0,0.925469589901552,0.7677115419460048,False,False,False,False,0.29825649911107416,0.2930516519145503,False,False,False,False,6742647.0,4807925.860719261,False,False,False,False,252971.67614511788,False,False,False,False
2025-01-10 17:00:00+00:00,58.67,58.99,58.54,58.695,310353.0,,,,,58.86053680144346,56.10158854957291,53.48919416564489,52.55683090251428,52.05280990818884,,,,,58.76950762431612,56.50489097297997,54.79685232606812,53.8396478896404,53.29438239916049,,,55.026624153952945,"rgba(38, 166, 154, 0.5)",2.2245999883367253,56.70044345905063,0.8965910956605936,48.67515952201218,3.890783892024942,False,True,False,False,False,11.35919598368939,0.0,0.0,0.0,0.0,0,0.9203860072376356,0.7715319662243668,False,False,False,False,0.279812750166669,0.2864322010406096,False,False,False,False,6432294.0,4833109.862878652,False,False,False,False,253861.30907310054,False,False,False,False
2025-01-13 17:00:00+00:00,58.575,58.925,58.545,58.765,218901.0,,,,,58.85673399471269,56.123995017940075,53.52055445628829,52.588608875277124,52.08315616194875,,,,,58.76801080643513,56.52514446209784,54.825351928805574,53.87054427510939,53.32606323076129,,,55.04881632093761,"rgba(38, 166, 154, 0.5)",2.1780819006101244,56.71336628954587,0.9419451627964173,47.42670456647714,2.4694984142972416,False,True,False,True,False,11.608992098778373,0.0,0.0,0.0,0.0,0,0.917088646208285,0.7791470929168448,False,False,False,False,0.2784018025837242,0.2824170018121669,False,False,False,False,6651195.0,4861297.2293456495,False,False,False,False,253319.28877739355,False,False,False,False
2025-01-14 17:00:00+00:00,58.905,59.345,58.745,59.34,188374.0,,,,,58.864628088283595,56.145859403233736,53.549278178937065,52.61744764255302,52.11059932857101,,,,,58.78675209515527,56.54535784294136,54.852008849913766,53.898969474388686,53.35501509100445,,,55.072591599498196,"rgba(38, 166, 154, 1.0)",2.119985281692832,56.73735597832403,1.2276707975999392,50.83083631195058,2.4694984142972416,False,True,False,False,True,13.628117065881487,0.0,0.0,0.0,0.0,0,0.9237148606622352,0.7716324166107691,False,False,False,False,0.293034929217277,0.28772596551472196,False,False,False,False,6839569.0,4891968.1095108325,False,False,False,False,252312.38507541842,False,False,False,False
2025-01-15 17:00:00+00:00,59.975,60.245,59.93,59.985,324255.0,,,,,58.918436383963105,56.19396629512622,53.605972223013744,52.67333891634153,52.163390125940985,,,,,58.8870016844337,56.591365146516274,54.90670013869912,53.95555437014049,53.411911392846285,,,55.13076366770215,"rgba(0, 255, 255, 0.75)",2.062560127433602,56.81321166346279,1.5377919384506855,56.28509147530379,0.8536400467711971,False,False,True,False,True,15.786948720040396,0.0,0.0,0.0,0.0,1,0.9354661791590493,0.7624619134673981,False,False,False,False,0.3428282495305951,0.31527710752265853,False,False,False,False,7163824.0,4927190.681456401,False,False,False,False,253427.77445409412,False,False,False,False
2025-01-16 17:00:00+00:00,60.35,60.395,59.775,59.83,233428.0,,,,,58.95256878481309,56.22740257417638,53.64584507389669,52.71277012049712,52.200707380525216,,,,,58.94700067079955,56.62324643497062,54.94496451908371,53.995298686219215,53.45195160862789,,,55.17017558536095,"rgba(38, 166, 154, 1.0)",1.9889852929308267,56.85666058576601,1.4949026645906918,58.63399646302853,2.954149268524766,True,False,True,False,True,15.010543190452353,0.0,0.0,0.0,0.0,0,0.9382648401826484,0.7587214611872148,False,False,False,False,0.3427061344830108,0.32899162100283463,False,False,False,False,6930396.0,4958248.128255527,False,False,False,False,253117.70043155,False,False,False,False
2025-01-17 17:00:00+00:00,60.575,60.7,60.205,60.205,343645.0,,,,,59.01549788695977,56.28029510679859,53.70701370621794,52.77296164412755,52.2575781448443,,,,,59.051627847798116,56.67413596619697,55.004308708544926,54.05641423520686,53.51330084379368,,,55.23331340904887,"rgba(0, 255, 255, 0.75)",1.9243384565858268,56.927374961958975,1.7032476936807706,61.85327715917572,5.919722492615833,True,False,True,False,True,16.250881193897865,0.0,0.0,0.0,0.0,0,0.9435391046222812,0.7490155691524809,False,False,False,False,0.3428282496454206,0.3359099353241276,False,False,False,False,7274041.0,4994151.8937089285,False,False,False,False,254521.22445586705,False,False,False,False
2025-01-20 17:00:00+00:00,60.205,60.205,60.205,60.205,0.0,,,,,59.01549788695977,56.28029510679859,53.70701370621794,52.77296164412755,52.2575781448443,,,,,59.051627847798116,56.67413596619697,55.004308708544926,54.05641423520686,53.51330084379368,,,55.23331340904887,"rgba(0, 255, 255, 0.75)",1.8433804459384098,56.927374961958975,1.7780513215612865,63.999464289940505,7.926260314850616,True,False,True,False,True,16.250881193897875,0.0,0.0,0.0,0.0,0,0.9430054978619423,0.7604153940134393,False,False,False,False,0.33106783851511845,0.33348888691962303,False,False,False,False,7274041.0,5029499.011635921,False,False,False,False,250575.15896042724,False,False,False,False
2025-01-21 17:00:00+00:00,61.035,61.155,60.865,61.035,142652.0,,,,,59.05174151021185,56.305275097548275,53.734519092974345,52.799779674727084,52.28282229558738,,,,,59.10987703468369,56.69849213295787,55.03149444024752,54.08401135224866,53.540827291259234,,,55.26388399224459,"rgba(0, 255, 0, 1.0)",1.7778102154509576,56.96394857008508,2.2899246469242827,68.33466466151779,11.981493250814573,True,False,True,False,True,18.92293423824433,0.0,0.0,0.0,0.0,0,0.9414100684261972,0.7668010752688174,False,False,False,False,0.342828249810746,0.33815856836518454,False,False,False,False,7416693.0,5066509.771145442,False,False,False,False,248901.93168972293,False,False,False,False
2025-01-22 17:00:00+00:00,61.325,61.755,61.13,61.62,290695.0,,,,,59.13887236025649,56.360510082659594,53.79361080006368,52.857075214382476,52.33663845775164,,,,,59.24601589086513,56.75274887837716,55.090551133338806,54.1434497408852,53.59988577175669,,,55.33193583303368,"rgba(0, 255, 0, 1.0)",1.7500151685313197,57.04669701540868,2.6132933398682523,72.59612498282533,15.891755237626953,True,False,True,False,True,20.0,0.0,0.0,0.0,0.0,0,0.9428449171709761,0.7658169814780855,False,False,False,False,0.34282824993131567,0.3404934091482501,False,False,False,False,7707388.0,5107453.619654815,False,False,False,False,249549.88623716906,False,False,False,False
2025-01-23 17:00:00+00:00,61.855,62.315,61.795,62.205,245280.0,,,,,59.225288080397746,56.411573592052086,53.84662402280302,52.908169242833246,52.38451784928602,,,,,59.3770315014046,56.80328089854192,55.14416035335576,54.196918009075944,53.652793375060845,,,55.39503569248112,"rgba(0, 255, 0, 1.0)",1.7305067476329623,57.6404488882078,2.6376962228178105,76.49159229016172,19.441083669960733,True,False,True,False,True,20.0,0.0,0.0,0.0,0.0,0,0.9466926306821637,0.762124992393355,False,False,False,False,0.34282825009164825,0.34166082961994915,False,False,False,False,7952668.0,5151565.47051288,False,False,False,False,249483.6864505463,False,False,False,False
2025-01-24 17:00:00+00:00,62.2,62.29,61.96,62.235,143856.0,,,,,59.27461939125818,56.44139592500952,53.87761385953387,52.93805695123988,52.412543666810045,,,,,59.4499146486972,56.83278835836206,55.175475341585,54.22816650758465,53.683724394623255,,,55.43142990447036,"rgba(0, 255, 0, 1.0)",1.7287566484468408,57.6833662605257,2.6328944236099403,79.13872880063005,21.883997994188604,True,False,True,False,True,20.0,0.0,0.0,0.0,0.0,0,0.9492082825822165,0.7631546894031669,False,False,False,False,0.34282825010924484,0.342244539864597,False,False,False,False,8096524.0,5197223.742287874,False,False,False,False,247846.04790092542,False,False,False,False
2025-01-27 17:00:00+00:00,59.03,59.235,58.755,59.095,544575.0,,,,,59.25989277975164,56.491208421666386,53.949272398694646,53.011622682325374,52.48356196546044,,,,,59.411909682050194,56.87762257389794,55.23947932905955,54.29841554711789,53.75627352769616,,,55.47792589077202,"rgba(38, 166, 154, 0.5)",1.6645685045398129,57.87211365771972,0.7346566626396404,65.98918025014144,24.399378878567987,True,False,True,False,False,7.987627997285234,0.0,0.0,0.0,0.0,0,0.9394135657089024,0.7785562882713142,False,False,False,False,0.21306186660246854,0.27765320323353276,False,False,False,False,7551949.0,5233731.110624496,False,False,False,False,252446.4967706785,False,False,False,False
2025-01-28 17:00:00+00:00,59.185,59.53,59.13,59.455,397720.0,,,,,59.26456969937414,56.53115401235456,54.00381306587989,53.06723921825031,52.53714366865541,,,,,59.4094238148925,56.914271559401634,55.2890113982033,54.35206594697564,53.81139641086406,,,55.51800887948515,"rgba(38, 166, 154, 0.5)",1.5904251853733546,57.878125309482755,0.9914799545550895,58.50896402398565,18.070275735961175,False,False,True,False,False,9.133592069032279,0.0,0.0,0.0,0.0,0,0.9492361647744159,0.7684717351245318,False,False,False,False,0.22654782185885988,0.2521005125461963,False,False,False,False,7949669.0,5275838.674800861,False,False,False,False,254698.7991463269,False,False,False,False
2025-01-29 17:00:00+00:00,60.015,60.045,59.51,59.545,202445.0,,,,,59.27365031152833,56.55336578139101,54.03282825146045,53.09663188217997,52.56539353657547,,,,,59.41828174038623,56.934953434162,55.31576179537029,54.38069920566028,53.84067357956752,,,55.541223951828144,"rgba(38, 166, 154, 1.0)",1.5767987012119657,57.89367426561038,1.047264773315943,53.85475567589339,14.235748127670462,False,True,False,False,False,9.419682583362803,0.0,0.0,0.0,0.0,0,0.9594861069614579,0.7571556617866747,False,False,False,False,0.24469082518396906,0.24839566886508269,False,False,False,False,8152114.0,5320432.09069542,False,False,False,False,253888.66272545359,False,False,False,False
2025-01-30 17:00:00+00:00,60.965,61.01,60.255,60.47,315438.0,,,,,59.314710496452044,56.59685021829078,54.08436985390337,53.14793733559473,52.614334030720606,,,,,59.47088381804813,56.976618057415536,55.36502410171122,54.431974668430954,53.89246780572763,,,55.5895170386295,"rgba(0, 255, 255, 0.75)",1.5734903475628537,57.955832144871486,1.5978285847273577,53.88863747130432,14.235748127670462,False,True,True,False,False,12.276880194129962,0.0,0.0,0.0,0.0,0,0.969165113902747,0.7397968383723027,False,False,False,False,0.2798104597434744,0.26410306430427855,False,False,False,False,8467552.0,5369224.647428824,False,False,False,False,254842.91601653182,False,False,False,False
2025-01-31 17:00:00+00:00,61.145,61.185,60.46,60.585,193603.0,,,,,59.34178264787453,56.624163834468476,54.11639754176912,53.17977107189111,52.64469297435932,,,,,59.50533805636733,57.002871502463606,55.39574773306079,54.46386102337354,53.92463932326758,,,55.61992657088955,"rgba(0, 255, 255, 0.75)",1.5767019918712495,57.993058173087064,1.6439009021843043,54.26704649954389,14.235748127670462,False,True,True,False,False,12.621651148206023,0.0,0.0,0.0,0.0,0,0.9704659152552587,0.7478150804653124,False,False,False,False,0.2877041486413902,0.2759036064728344,False,False,False,False,8661155.0,5420262.327313648,False,False,False,False,253893.45995425998,False,False,False,False
2025-02-03 17:00:00+00:00,61.0,61.255,60.74,61.075,363313.0,,,,,59.39952684021862,56.67787978535424,54.17818081860907,53.2409803102676,52.70300510150592,,,,,59.57874144670126,57.054778363074526,55.45543571190472,54.52546683092699,53.98664950402232,,,55.680064471258525,"rgba(0, 255, 255, 0.75)",1.584465655801352,58.06702630403733,1.8984152070127245,56.018763070247616,14.235748127670462,False,False,True,False,False,14.077619869373613,0.0,0.0,0.0,0.0,0,0.9724748539420586,0.7448653857736554,False,False,False,False,0.29500563328664864,0.2854546198797415,False,False,False,False,9024468.0,5476141.485029715,False,False,False,False,255589.8869317133,False,False,False,False
2025-02-04 17:00:00+00:00,61.44,61.495,61.22,61.325,142020.0,,,,,59.42531813071229,56.70005854172583,54.20315927454611,53.26563157413408,52.72645666226199,,,,,59.61153931556967,57.07632996264359,55.47976013244213,54.55041798190251,54.01169625958224,,,55.705036783552046,"rgba(0, 255, 0, 1.0)",1.5952617763661008,58.09848164558646,2.022563570577949,57.91909370366253,14.235748127670462,False,False,True,False,True,14.809040639118397,0.0,0.0,0.0,0.0,0,0.9759379356324626,0.749681798896903,False,False,False,False,0.31012346633136423,0.2977890431055529,False,False,False,False,9166488.0,5533356.159680417,False,False,False,False,253829.11349091152,False,False,False,False
2025-02-05 17:00:00+00:00,62.315,62.705,62.24,62.575,307592.0,,,,,59.51125085471252,56.75919233091654,54.26535492674904,53.32610217842885,52.783591783770824,,,,,59.723371430413295,57.13475320208382,55.54204172596218,54.61295491833285,54.073850506748336,,,55.77324638581183,"rgba(0, 255, 0, 1.0)",1.6305219056131308,58.19989696628645,2.6832531465244958,62.171097376738764,14.235748127670462,True,False,True,False,True,18.283172404076055,0.0,0.0,0.0,0.0,0,0.9817822256846648,0.7417750344579616,False,False,False,False,0.34282825019452134,0.3203086466500371,False,False,False,False,9474080.0,5594452.653328783,False,False,False,False,254662.64661508342,False,False,False,False
2025-02-06 17:00:00+00:00,62.295,62.475,62.065,62.24,235764.0,,,,,59.56877759931433,56.801797791769914,54.310991587721034,53.37068774668916,52.82583537976534,,,,,59.79631491646984,57.176672061642044,55.58737268041606,54.65874967368647,54.1195027716059,,,55.821670220908004,"rgba(0, 255, 0, 1.0)",1.643434022827499,58.26433598643548,2.4191199393112592,63.453593503709236,14.235748127670462,True,False,True,False,True,16.83364785515652,0.0,0.0,0.0,0.0,0,0.9845543602379951,0.7386261193581347,False,False,False,False,0.3341356196941783,0.3272221331721077,False,False,False,False,9238316.0,5650946.65870353,False,False,False,False,254369.64434198136,False,False,False,False
2025-02-07 17:00:00+00:00,62.73,62.925,62.235,62.28,252275.0,,,,,59.63254350206444,56.84847038189964,54.36058637859907,53.41907407067012,52.87166665120456,,,,,59.87642665841837,57.22268241957168,55.63678265365682,54.70854871080881,54.1690965977289,,,55.874587802462244,"rgba(0, 255, 0, 1.0)",1.6477739611447366,58.33370509010077,2.3949249126122076,64.40796109534497,6.2748235671211745,True,False,True,False,True,16.943564065706173,0.0,0.0,0.0,0.0,0,0.9856551227417321,0.7402316787707823,False,False,False,False,0.34282825006689766,0.33502519161950267,False,False,False,False,9490591.0,5710476.028336033,False,False,False,False,254337.16923590412,False,False,False,False
2025-02-10 17:00:00+00:00,62.785,62.915,62.625,62.785,443289.0,,,,,59.74900802185572,56.93284979633624,54.44940312067907,53.505591143636494,52.953594880895665,,,,,60.02089031240695,57.30605503420221,55.725579184325284,54.797798675304556,54.25787377478927,,,55.96986439444315,"rgba(0, 255, 0, 1.0)",1.6474489069165357,58.45627791706622,2.627530398521236,66.28819051600685,8.613313702232489,True,False,True,False,True,18.32331181772509,0.0,0.0,0.0,0.0,0,0.9837831368559633,0.7412482795763272,False,False,False,False,0.342828249266575,0.33892672044303884,False,False,False,False,9933880.0,5775955.159679661,False,False,False,False,257266.65498418466,False,False,False,False
2025-02-11 17:00:00+00:00,62.61,62.66,62.2,62.46,224166.0,,,,,59.79851375620902,56.97221659853376,54.491828039933594,53.54717622133668,52.99311548431699,,,,,60.080360959307136,57.344744954770796,55.76755258703104,54.840319692726005,54.3003351616197,,,56.01361634557848,"rgba(0, 255, 0, 1.0)",1.6442041887837413,58.50668201921866,2.404396003701773,65.80773892147471,8.685098878045743,True,False,True,False,True,16.889210771522844,0.0,0.0,0.0,0.0,0,0.9753728110884227,0.7453127900501209,False,False,False,False,0.32542105760170464,0.33217388902237177,False,False,False,False,9709714.0,5836943.668831914,False,False,False,False,256753.46653481745,False,False,False,False
2025-02-12 17:00:00+00:00,62.135,62.56,62.04,62.48,355730.0,,,,,59.87117262447895,57.03264837060594,54.557566965697376,53.61179243756549,53.05463403671325,,,,,60.16595497227176,57.4040139351197,55.832307992450644,54.906133577836776,54.366166674879146,,,56.0802391587619,"rgba(0, 255, 0, 1.0)",1.634165191733522,58.57950497082149,2.386842559680802,65.5473714530714,9.037031797560324,True,False,True,False,True,16.945231411700778,0.0,0.0,0.0,0.0,0,0.968687624750499,0.751309880239521,False,False,False,False,0.31881590748124966,0.3254948982518107,False,False,False,False,10065444.0,5902501.813501187,False,False,False,False,258287.98643350243,False,False,False,False
2025-02-13 17:00:00+00:00,63.36,64.505,63.265,63.815,530217.0,,,,,60.033044810291415,57.14493965640031,54.672007875647225,53.72259701438117,53.15939991754743,,,,,60.36182110073693,57.51579263020541,55.94816733989309,55.02145604358662,54.480378868113625,,,56.205960525680325,"rgba(0, 255, 0, 1.0)",1.6318735488017637,58.74057467614019,3.1095701793719286,68.60886055119462,12.444657820359112,True,False,True,False,True,20.0,0.0,0.0,0.0,0.0,0,0.9747502604645459,0.7430900288043146,False,False,False,False,0.3428282496369577,0.33416157394438417,False,False,False,False,10595661.0,5975263.971431401,False,False,False,False,262503.9401322078,False,False,False,False
2025-02-14 17:00:00+00:00,64.525,65.075,64.37,64.875,447845.0,,,,,60.19007878533508,57.24943686065006,54.77587323025751,53.82258710444086,53.253724570773436,,,,,60.55083961649438,57.620371593562844,56.054431324826396,55.126382886596204,54.58389757798783,,,56.32276235509246,"rgba(0, 255, 0, 1.0)",1.6880079495776728,58.89372908828443,3.5433902507461763,72.32295871805208,16.255441911556602,True,False,True,False,True,20.0,0.0,0.0,0.0,0.0,0,0.9745300181928439,0.7359005457853244,False,False,False,False,0.3428282498819119,0.33849491191314807,False,False,False,False,11043506.0,6053841.367223162,False,False,False,False,265377.44493635965,False,False,False,False
2025-02-17 17:00:00+00:00,64.875,64.875,64.875,64.875,0.0,,,,,60.19007878533508,57.24943686065006,54.77587323025751,53.82258710444086,53.253724570773436,,,,,60.55083961649438,57.620371593562844,56.054431324826396,55.126382886596204,54.58389757798783,,,56.32276235509246,"rgba(0, 255, 0, 1.0)",1.7441412533712088,58.89372908828443,3.4293500598959596,74.79902416262371,18.788480475508507,True,False,True,False,True,20.0,0.0,0.0,0.0,0.0,0,0.978571863395629,0.7400012175077615,False,False,False,False,0.34282824992383776,0.3406615809184929,False,False,False,False,11043506.0,6131200.508816602,False,False,False,False,261263.06594509826,False,True,False,False
2025-02-18 17:00:00+00:00,65.185,65.295,64.43,64.585,389558.0,,,,64.77,60.318357191609856,57.33799368644113,54.864469306830436,53.908077405086516,53.33451222111468,,,,,60.70243829257424,57.70887764926529,56.1447709428974,55.215803357298434,54.67223575321764,,,57.17977598239415,"rgba(0, 255, 0, 1.0)",1.7888595365318702,59.59453253919657,2.789748081886089,74.7389506575084,18.99928416376966,True,False,True,False,True,20.0,0.0,0.0,0.0,0.0,0,0.974469114888983,0.7363421864601609,False,False,False,False,0.3422669093506811,0.341464245134587,False,False,False,False,10653948.0,6201320.62495898,False,False,False,False,263252.1346901355,False,False,False,False
2025-02-19 17:00:00+00:00,64.845,64.91,64.52,64.85,206998.0,,,,64.76653011620033,60.383492614332205,57.38414436694955,54.91086330731461,53.952921747913,53.376943473296926,,,,,60.77845602533674,57.754955734326145,56.191961807731786,55.26259796781887,54.71850927972245,,,57.225579676449335,"rgba(0, 255, 0, 1.0)",1.8699696654088063,59.65328347157122,2.779037876688061,75.22388947012948,19.838677158639115,True,False,True,False,True,20.0,0.0,0.0,0.0,0.0,0,0.9747288043148896,0.7455305739046117,False,False,False,False,0.33565863999200507,0.338561442563296,False,False,False,False,10860946.0,6273562.878835585,False,False,False,False,262379.97756315663,False,False,False,False
2025-02-20 17:00:00+00:00,64.495,64.67,64.265,64.665,210902.0,,,,64.7056208578857,60.444583814994736,57.42915191790909,54.956609425584304,53.99728193876439,53.418997652067816,,,,,60.84878727241692,57.79978839188676,56.23825595598254,55.308678884911295,54.764166529545605,,,57.264720240177205,"rgba(0, 255, 0, 1.0)",1.9400700623550735,59.704323981045675,2.556957150780683,74.36694456047462,19.838677158639115,True,False,True,False,True,20.0,0.0,0.0,0.0,0.0,0,0.9659001750256503,0.7497736737280465,False,False,False,False,0.3246330382985242,0.3315972404309101,False,False,False,False,10650044.0,6341415.299318754,False,False,False,False,261581.86938388288,False,False,False,False
2025-02-21 17:00:00+00:00,64.765,64.79,63.88,64.02,214407.0,,,,64.60582642195072,60.50040096257252,57.47240123647548,55.00121309226784,54.040712249099016,53.46026899421062,,,,,60.91196896743731,57.84273628217079,56.283093826694056,55.3535333125225,54.80872141560979,,,57.298261523728236,"rgba(0, 255, 0, 1.0)",1.984686062269128,59.747796542979465,2.1525839971567304,70.0620444016516,19.838677158639115,True,False,True,False,False,18.711624358293083,0.0,0.0,0.0,0.0,0,0.9627191670157382,0.7489677457961823,False,False,False,False,0.3187617910805572,0.3251795157557337,False,False,False,False,10435637.0,6404891.604755673,False,False,False,False,260850.47606010173,False,False,False,False
2025-02-24 17:00:00+00:00,63.4,63.64,63.19,63.245,214513.0,,,,64.3893849413367,60.541949949038305,57.50961397529339,55.0412368999872,54.08011090089088,53.4979300045498,,,,,60.956865236864175,57.87934894274817,56.32258756181412,55.393598036090054,54.848794902956165,,,57.31467466832446,"rgba(0, 255, 255, 0.75)",2.0131075368580102,59.770696281867515,1.725841096176639,63.659488891669056,19.12907451715884,True,False,True,False,False,15.387714496667755,0.0,0.0,0.0,0.0,0,0.9625037616611496,0.7553415588323804,False,False,False,False,0.27855220111333784,0.3018658584345357,False,False,False,False,10221124.0,6464057.998480391,False,False,False,False,260132.06557854975,False,False,False,False
2025-02-25 17:00:00+00:00,64.15,64.45,64.07,64.32,323018.0,,,,64.36672661402234,60.62202952948222,57.57346206092009,55.107386610659674,54.144644872401734,53.559353675790675,,,,,61.0462310091662,57.9426945503187,56.38891555557573,55.46007173172345,54.91489415325547,,,57.37512821484693,"rgba(0, 255, 0, 1.0)",2.0658857947903813,59.840277589652025,2.168426939013108,62.864897167582086,18.476627516838363,False,False,True,False,False,18.237411278534047,0.0,0.0,0.0,0.0,0,0.9581835609872992,0.7537742631200575,False,False,False,False,0.31544786612100795,0.30865686227777184,False,False,False,False,10544142.0,6527315.11478302,False,False,False,False,261107.04130601409,False,False,False,False
2025-02-26 17:00:00+00:00,64.565,64.695,63.94,64.055,180689.0,,,,64.35252903450117,60.66475346335399,57.60839240628179,55.143778318460136,54.18021249300935,53.59324960796034,,,,,61.0934139981857,57.97730954538421,56.42530587524133,55.4966153419094,54.95127081436887,,,57.40789371805966,"rgba(0, 255, 255, 0.75)",2.1118761608859757,59.87716197902304,1.9782589994407032,61.20073638945732,16.84538622576636,False,False,True,False,False,17.12958080250558,0.0,0.0,0.0,0.0,0,0.9568692954721707,0.7509992244824913,False,False,False,False,0.3179879382795355,0.31332240027865366,False,False,False,False,10363453.0,6586790.120755376,False,False,False,False,259860.24996793634,False,False,False,False
2025-02-27 17:00:00+00:00,64.845,65.01,63.75,63.84,441866.0,,,,64.32164044242973,60.76424570788676,57.69190789553352,55.23127124180054,54.2658869942193,53.6750089639802,,,,,61.20206288745116,58.05997587641885,56.51255292484947,55.5844082412415,55.03875876238213,,,57.48615635801755,"rgba(0, 255, 255, 0.75)",2.135875346431777,59.96303386489694,1.8151649821605806,59.16055045356354,14.804501361723382,False,True,True,False,False,16.23215706048123,0.0,0.0,0.0,0.0,0,0.95133705553923,0.7502203937702028,False,False,False,False,0.3207533979778542,0.3170378991282539,False,False,False,False,9921587.0,6638492.397952967,False,False,False,False,262682.0445420769,False,False,False,False
2025-02-28 17:00:00+00:00,63.225,64.16,62.825,64.105,281649.0,,,,64.2501908406397,60.81592206701074,57.74001349448645,55.28308254927628,54.317007806364046,53.72400756889335,,,,,61.256461261964226,58.10730519915249,56.563575554420964,55.63623418105258,55.09064904388817,,,57.525859051559,"rgba(0, 255, 255, 0.75)",2.1552989215978857,60.00400724057703,1.9027489497292547,58.73935525838932,14.199220335724704,False,True,True,False,False,16.94342172581964,0.0,0.0,0.0,0.0,0,0.9453348097208463,0.7622239058220178,False,False,False,False,0.28190411049458464,0.2994710048114193,False,False,False,False,10203236.0,6693759.7406203635,False,False,False,False,262976.10586700594,False,False,False,False
2025-03-03 17:00:00+00:00,64.395,64.495,63.195,63.525,255889.0,,,,64.20202785645881,60.861974445886574,57.78335694762592,55.329838722240424,54.36317909236331,53.768295395119225,,,,,61.30467680198264,58.14993729249881,56.60957440394433,55.68298970029302,55.13748267975935,,,57.56303030347022,"rgba(0, 255, 255, 0.75)",2.155061364900325,60.04158319812676,1.6163886832217205,55.87731890329341,11.287178081317307,False,True,True,False,False,14.523590808854642,0.0,0.0,0.0,0.0,0,0.9553091979906461,0.7582423927478491,False,False,False,False,0.2972293116197832,0.2983501582156013,False,False,False,False,9947347.0,6744202.953944079,False,False,False,False,262866.22825666476,False,False,False,False
2025-03-04 17:00:00+00:00,62.795,63.91,62.78,63.25,412658.0,,,,64.08494302470477,60.92272603307795,57.847054728707015,55.40040357274082,54.433358604190296,53.835886980986494,,,,,61.3656943503109,58.21221788923324,56.67817527818879,55.75334472560358,55.208269618978875,,,57.612915891520245,"rgba(38, 166, 154, 1.0)",2.140411733145507,60.08793586776513,1.477315828197204,52.856025260200546,8.319615659853433,False,True,False,False,False,13.397987499314898,0.0,0.0,0.0,0.0,0,0.9561771294009535,0.7648038596289702,False,False,False,False,0.27552990807135275,0.28694003314347705,False,False,False,False,9534689.0,6787466.3034953335,False,False,False,False,265188.581306949,False,False,False,False
2025-03-05 17:00:00+00:00,63.2,64.18,63.2,63.97,263722.0,,,,64.06152012145736,60.967326613356796,57.89043438559471,55.44749056985881,54.47997894879067,53.88070180429674,,,,,61.41173550512843,58.25483466881651,56.72433998970133,55.80038506358227,55.25545605949689,,,57.65220033909823,"rgba(0, 255, 255, 0.75)",2.146864226961866,60.126072884807286,1.7904844968386495,53.74901028632061,8.319615659853433,False,True,True,False,False,15.400004770350268,0.0,0.0,0.0,0.0,0,0.965633964429145,0.7585197934595526,False,False,False,False,0.28911116370868767,0.28802559842608233,False,False,False,False,9798411.0,6834147.616619436,False,False,False,False,265165.84361226764,False,False,False,False
2025-03-06 17:00:00+00:00,63.535,63.63,62.905,63.4,381180.0,,,,63.985844868132055,61.0189930191628,57.9470962076852,55.510823627012286,54.54317265070313,53.941716033709156,,,,,61.462631507584994,58.310134685910626,56.78562719583687,55.86345051676555,55.319026303610855,,,57.69895605601032,"rgba(0, 255, 255, 0.75)",2.1402789727230984,60.167512204625396,1.5103114297580917,51.985322396144355,7.254966558378257,False,True,False,False,False,13.087391816935032,0.0,0.0,0.0,0.0,0,0.9550799086757993,0.7688356164383563,False,False,False,False,0.2703590635888217,0.279192331007452,False,False,False,False,9417231.0,6874195.421012932,False,False,False,False,266964.5127035503,False,False,False,False
2025-03-07 17:00:00+00:00,62.95,64.17,62.87,63.915,339072.0,,,,63.95831640841785,61.069612171625465,57.99964445108527,55.5687275982193,54.60078067875348,53.997275964534715,,,,,61.51358018295814,58.361594728383025,56.84198438112701,55.9211863948212,55.377106730048695,,,57.746346335452195,"rgba(0, 255, 255, 0.75)",2.157252387845341,60.21118766165503,1.7169119196314007,52.77973958830748,7.254966558378257,False,True,True,False,False,14.513970965021443,0.0,0.0,0.0,0.0,1,0.9541661968654862,0.763389333634006,False,False,False,False,0.281458395249681,0.2803253631285665,False,False,False,False,9756303.0,6918879.25944684,False,False,False,False,268082.4582430301,False,False,False,False
2025-03-10 17:00:00+00:00,63.265,63.265,61.68,62.055,479290.0,,,,63.78883469327697,61.1030493523307,58.05534776199408,55.63606296653672,54.669297999189716,54.06415858556619,,,,,61.539690474024354,58.41495488873492,56.90496669493905,55.987681618408956,55.444975394719876,,,57.782638220883776,"rgba(38, 166, 154, 0.5)",2.1493186810690386,60.23188388559366,0.8482297811228017,47.54911130569567,2.819414809635802,False,True,False,True,False,7.507641074813968,0.0,0.0,0.0,0.0,0,0.937001329787234,0.7732158687943266,False,False,False,False,0.23130803081187867,0.2558166969702226,False,False,False,False,9277013.0,6955439.472478672,False,False,False,False,271356.99377414596,False,False,False,False
2025-03-11 17:00:00+00:00,60.615,61.5,60.525,60.635,346555.0,,,,63.58532037519749,61.09898731025707,58.08141939472942,55.67358351721868,54.70887877285002,54.10350981003263,,,,,61.52498960953497,58.438734765576996,56.93771547574493,56.02414211613919,55.483095166086585,,,57.787306937578904,#000000,2.1448954698483877,60.21767793501195,0.1945652228066609,41.41091228327714,-2.790707383980255,False,True,False,True,False,2.76589536740212,0.0,0.0,0.0,0.0,0,0.9156943303204602,0.7938099150917561,False,False,False,False,0.16111766979411699,0.2084671833821698,False,False,False,False,8930458.0,6986059.914765825,False,False,False,False,272522.8543357871,False,False,False,False
2025-03-12 17:00:00+00:00,60.73,61.04,60.4,60.45,265307.0,,,,63.4347488221442,61.09234280644153,58.09925975221827,55.70055065853964,54.73759627706778,54.13220155536033,,,,,61.50982652863545,58.454756011646225,56.960818685294264,56.05023584422342,55.51054983732025,,,57.78935334353557,#000000,2.137933455339295,60.20436568645567,0.11489333914060175,37.0228419312224,-6.63393674370564,False,True,False,True,False,2.176257843347745,0.0,0.0,0.0,0.0,0,0.9102087659853533,0.8028199803257187,False,False,False,False,0.13683998313687376,0.1726535832595218,False,False,False,False,8665151.0,7012092.334691936,False,False,False,False,272410.98062515474,False,False,False,False
2025-03-13 17:00:00+00:00,59.63,59.91,59.225,59.68,309297.0,,,,63.220026663004965,61.06817568428103,58.111448313194174,55.72516044715961,54.76496272592223,54.16010729914097,,,,59.605,61.47293237042093,58.464477487532214,56.97996736623434,56.073559919775704,55.535854486960794,,,57.931806063635584,#000000,2.134677501646465,60.361780530041706,-0.3193833867250921,32.921740538126066,-10.229958615404435,False,True,False,True,False,0.0,0.0,0.0,0.0,0.0,0,0.9012791079042307,0.8166065376626216,False,False,False,False,0.08236473411341293,0.12750915868646737,False,False,False,False,8355854.0,7032925.848882759,False,False,False,False,272982.85689453216,False,False,False,False
2025-03-14 17:00:00+00:00,60.47,60.62,60.175,60.615,204885.0,,,,63.121548354104554,61.06180585817593,58.12402770691703,55.744888969840744,54.78613168677325,54.18134835703861,,,,59.949674696897205,61.46022746029761,58.47564302374019,56.996629598593046,56.09258584308273,55.55597211676562,,,57.96254030601887,#000000,2.1265263474280927,60.37236125410464,0.11410098266067564,33.84438466593681,-10.229958615404435,False,True,False,True,False,2.5684542596715474,0.0,0.0,0.0,0.0,0,0.9086460032626427,0.8097335508428495,False,False,False,False,0.12054857506434673,0.12402886687540704,False,False,False,False,8560739.0,7056612.874481476,False,False,False,False,271927.07616748515,False,False,False,False
2025-03-17 17:00:00+00:00,60.625,61.21,60.56,60.91,203217.0,,,,63.04512029667351,61.0600450388849,58.13860052906721,55.76603415852642,54.80852600042844,54.20368445797262,,,,60.21698407023149,61.453193028497545,58.48892036069523,57.01499495109788,56.11310422772252,55.57746964691296,,,57.990556397225895,#000000,2.1198823016791595,60.38345433904175,0.24838438461473622,35.51374694955732,-10.229958615404435,False,True,False,True,True,3.4260571815455556,0.0,0.0,0.0,0.0,0,0.9138118542686241,0.8057096247960851,False,False,False,False,0.13409206451415978,0.1290604656947834,False,False,False,False,8763956.0,7083083.310536026,False,False,False,False,270861.8036687645,False,False,False,False
2025-03-18 17:00:00+00:00,60.39,60.47,60.14,60.33,258691.0,,,,62.930831567169285,61.050240665003706,58.15307159208506,55.78968494925789,54.83410222283892,54.22945704684235,,,,60.24251930491383,61.43546774337914,58.50158606099024,57.034665684847994,56.13583279715558,55.60162767086221,,,57.99492394211219,#000000,2.1143053253985262,60.370709036990185,-0.019254095660244015,35.356077214488664,-10.229958615404435,False,True,False,True,True,1.60634319872511,0.0,0.0,0.0,0.0,0,0.9048970901348473,0.8192389583447074,False,False,False,False,0.09473376483431953,0.11189711526455147,False,False,False,False,8505265.0,7105132.639054847,False,False,False,False,270673.10903824103,False,False,False,False
2025-03-19 17:00:00+00:00,61.07,61.58,60.8,61.11,284795.0,,,,62.853008072519756,61.05185212530764,58.174963314895194,55.820278704819955,54.8663114658988,54.261509164310404,,,,60.45050276987989,61.43088733372127,58.52177517557988,57.061596172619815,56.16560580673008,55.63268679172231,,,58.02424807483376,#000000,2.1090139385012017,60.38143069053058,0.34545495227366224,38.04954689452436,-10.229958615404435,False,True,False,True,True,3.871139440149708,0.0,0.0,0.0,0.0,0,0.9059591836734695,0.8193197278911567,False,False,False,False,0.13935345478997727,0.12562528502726436,False,False,False,False,8790060.0,7131255.543875702,False,False,False,False,270892.05308415974,False,False,False,False
2025-03-20 17:00:00+00:00,60.665,60.82,60.415,60.595,169799.0,,,,62.795631905770584,61.04813000059203,58.1854757898598,55.836482057092766,54.88368577358632,54.27895768533371,,,,60.46943250571056,61.42273145612858,58.53117610782826,57.075342428064225,56.18124287181211,55.64920394876015,,,58.029791044211585,#000000,2.1065762539042043,60.3767668298615,0.10359614076824242,38.576942124217766,-10.229958615404435,False,True,False,True,True,2.2647944863930114,0.0,0.0,0.0,0.0,0,0.8970636038574061,0.825549897063604,False,False,False,False,0.10527605087148044,0.1154506679493724,False,False,False,False,8620261.0,7154340.899784606,False,False,False,False,269324.7189278162,False,False,False,False
2025-03-21 17:00:00+00:00,60.09,60.285,59.41,60.28,476608.0,,,,62.60779297750458,61.0237268886719,58.20710089484682,55.87556675309834,54.926690897050975,54.32269165169633,,,,60.35004490223137,61.38390507139749,58.54940100687236,57.10671256959563,56.21850556327848,55.68927918107348,,,58.02178486310982,#000000,2.1044000450363773,60.340015591857956,-0.028519098352764543,38.17755348294355,-10.229958615404435,False,True,False,True,True,1.2949684370609056,0.0,0.0,0.0,0.0,0,0.8855056119435049,0.8321787229472103,False,False,False,False,0.06426416495125567,0.08985741645031403,False,False,False,False,8143653.0,7169679.071880968,False,False,False,False,272538.4132080051,False,False,False,False
2025-03-24 17:00:00+00:00,60.965,61.14,60.875,60.96,181750.0,,,,62.56753553837335,61.023446950804114,58.21975661332645,55.89385253364772,54.946100693960815,54.342104216866275,,,,60.405867023417116,61.37988845227208,58.56096773795389,57.12258347962594,56.23623943538636,55.70787429251869,,,58.03385141401273,#000000,2.091469206429059,60.34187955669361,0.2955436500840274,40.44348634158463,-15.069728930586962,False,True,False,True,True,3.278032166215727,0.0,0.0,0.0,0.0,0,0.894930629669157,0.83196371398079,False,False,False,False,0.1261750482875659,0.10801623236893997,False,False,False,False,8325403.0,7187597.272316922,False,False,False,False,271130.84091020655,False,False,False,False
2025-03-25 17:00:00+00:00,61.13,61.21,60.815,60.965,178963.0,,,,62.52992791951459,61.02321866382054,58.2321286365231,55.91174817689969,54.96510755246094,54.3611232818011,,,,60.45248564928208,61.37606291531275,58.57227375337102,57.13810485604552,56.25359130740953,55.726074467795556,,,58.045153931686365,#000000,2.074720491323271,60.34340887736243,0.2996023441408824,41.972495225988396,-13.3009991089721,False,True,False,True,True,3.2925078499051956,0.0,0.0,0.0,0.0,0,0.8919063116896977,0.8347649789254659,False,False,False,False,0.12644365865790427,0.11722994551342211,False,False,False,False,8504366.0,7208012.291350769,False,False,False,False,269701.8821364049,False,False,False,False
2025-03-26 17:00:00+00:00,61.315,61.84,61.305,61.8,373901.0,,,,62.487932559570865,61.03415702857947,58.2636345670683,55.95347486107492,55.00868410335118,54.4043785255579,,,,60.6217303706743,61.38162543378837,58.60181865972887,57.17554461539718,56.29436402486966,55.768349945813604,,,58.08297455795622,"rgba(38, 166, 154, 0.5)",2.0576337586373925,60.362918937203304,0.6984144076972949,45.895876775516626,-9.405594541183177,False,True,False,True,True,5.6767809792592026,0.0,0.0,0.0,0.0,0,0.8929650638816734,0.8288183215819334,False,False,False,False,0.15665249602756975,0.13694122077049592,False,False,False,False,8878267.0,7233907.713190291,False,False,False,False,271317.37233584054,False,False,False,False
2025-03-27 17:00:00+00:00,61.54,61.675,61.35,61.365,220563.0,,,,62.45992811046498,61.038541776398766,58.2809477634772,55.97701545579468,55.03341547352322,54.429009176345424,,,,60.68657874955734,61.38259842385065,58.61794018726495,57.196438657344096,56.31730685691374,55.7922305161556,,,58.10099592892421,#000000,2.042347909143185,60.370406853831724,0.48698517119227436,46.98888473046472,-8.227733797375052,False,True,False,True,True,4.275557262008167,0.0,0.0,0.0,0.0,0,0.8923460192939684,0.8309657585073683,False,False,False,False,0.15340319390996654,0.14517220734023123,False,False,False,False,8657704.0,7255982.0742261,False,False,False,False,270530.4828422616,False,False,False,False
2025-03-28 17:00:00+00:00,60.66,60.93,60.51,60.88,308553.0,,,,62.39781477138247,61.03480471562514,58.29967205978705,56.005512122397256,55.06401795745319,54.45982708849671,,,,60.695020314165795,61.37261515932435,58.63479501667179,57.22065685718261,56.34480476374937,55.821279749939315,,,58.11256838134792,#000000,2.022217280543633,60.366286194729696,0.25403492009137846,46.13843361894127,-8.227733797375052,False,True,False,True,True,2.7394318058529095,0.0,0.0,0.0,0.0,0,0.894934830984423,0.833262689414009,False,False,False,False,0.11075913249194226,0.12796566991608674,False,False,False,False,8349151.0,7272930.429664455,False,False,False,False,271119.97923230403,False,False,False,False
2025-03-31 17:00:00+00:00,61.09,61.895,60.9,61.815,292897.0,,,,62.36872676405579,61.04142904011857,58.32259293844461,56.0365323193491,55.096611064880605,54.492309209793945,,,,60.766187016305324,61.375127789060016,58.656177065920055,57.248219503984274,56.37504070922105,55.85274580858792,,,58.135974935810104,"rgba(38, 166, 154, 0.5)",1.9980278271830338,60.653502061133395,0.5813222033569813,48.772369943177466,-6.21429681224167,False,True,False,False,True,5.392728345286262,0.0,0.0,0.0,0.0,0,0.9005155723905727,0.824021464646465,False,False,False,False,0.14718427739018197,0.13757497365313437,False,False,False,False,8642048.0,7294157.058661905,False,False,False,False,271457.6074612605,False,False,False,False
2025-04-01 17:00:00+00:00,61.745,61.82,61.245,61.79,233044.0,,,,62.34908727037332,61.04742483596908,58.341056920146,56.06132894013502,55.12263617062764,54.51823859258927,,,,60.81990342793981,61.37805587821469,58.67344193984036,57.270312424153076,56.3992242450301,55.877891583768196,,,58.15488351906555,"rgba(38, 166, 154, 0.5)",1.9754515118512104,60.66326506658241,0.5703683065152614,50.435165798090495,-4.485017003746236,False,True,False,False,True,5.312270454320242,0.0,0.0,0.0,0.0,0,0.906943788379783,0.8251718889413744,False,False,False,False,0.1513905169931007,0.14448274532311753,False,False,False,False,8409004.0,7311441.507364822,False,False,False,False,270862.04765565955,False,False,False,False
2025-04-02 17:00:00+00:00,61.645,61.87,61.315,61.79,390252.0,,,,62.320084262844794,61.05787523761895,58.37188921352447,56.102658632288204,55.16602089334008,54.56148179244269,,,,60.89995768186079,61.38359495476491,58.702293739220224,57.307148647938675,56.43953246681241,55.91980271409512,,,58.1860283530626,"rgba(38, 166, 154, 0.5)",1.9287739932705115,60.67815546579476,0.5764514339598434,51.54369636803251,-3.247982448432211,False,False,True,False,True,5.312270454320242,0.0,0.0,0.0,0.0,0,0.9063858766829064,0.8287495416208291,False,False,False,False,0.15469341395009614,0.14958807963660684,False,False,False,False,8409004.0,7328457.980118856,False,False,False,False,272713.0546687501,False,False,False,False
2025-04-03 17:00:00+00:00,58.075,58.34,57.31,57.315,443157.0,,,,62.107777822563854,60.993032718037846,58.364401849273655,56.11556724944102,55.18464250170063,54.58261193340399,,,,60.5825387786404,61.30175446839704,58.69092311337212,57.310433321142355,56.450020010218395,55.93397267288426,,,58.13480636992296,"rgba(255, 0, 0, 1.0)",1.9364372830925636,60.515046604471706,-1.6525433756166443,42.614355014467684,-1.974941737007775,False,True,False,True,False,0.0,0.0,0.0,0.0,0.0,0,0.896049060018096,0.8366844274655679,False,False,False,False,-0.050189160050462936,0.04969945979307195,False,False,False,False,7965847.0,7338339.98042709,False,False,False,False,275355.5964568315,False,False,False,False
2025-04-04 17:00:00+00:00,55.605,55.79,54.44,54.525,460434.0,,,,61.783180936821516,60.87510002444671,58.32740853269694,56.10531202465085,55.1825883667218,54.58497767508212,,,,60.05997934234804,61.1594254804982,58.64884138049034,57.28719271105423,56.43641076297453,55.92542791504719,,,58.031320429402705,"rgba(255, 26, 202, 1.0)",2.063088339236847,60.28603983227142,-2.7924348767355625,34.3960612588259,-9.191658610508085,False,True,False,True,False,0.0,0.0,0.0,0.0,0.0,0,0.8841332027424097,0.8502448579823707,False,False,False,False,-0.24150575477462724,-0.09590314749077765,False,False,False,False,7505413.0,7340930.259800313,False,False,False,False,278225.0290699039,False,False,False,False
2025-04-07 17:00:00+00:00,53.445,55.12,53.445,54.4,492145.0,,,,61.43967579226277,60.741875471664244,58.281966978958664,56.08912965222944,55.17554846965203,54.583009226263584,,,,59.54491329638607,61.00025940215207,58.59785704599366,57.25671313872226,56.41651582373845,55.91113444537812,,,57.919883228616776,"rgba(255, 26, 202, 1.0)",2.1836664390690883,60.068780799324166,-2.595992088306677,28.835492787820364,-13.811652235069161,False,True,False,True,False,0.0,0.0,0.0,0.0,0.0,0,0.8733161503671647,0.8613529154306283,False,False,False,False,-0.2935613025521663,-0.19473222502147197,False,False,False,False,7013268.0,7335850.224764649,False,False,False,False,281541.6177664945,False,False,False,False
2025-04-08 17:00:00+00:00,54.405,54.675,52.715,53.205,282265.0,,,,61.23624390038879,60.658777041153755,58.25125988384035,56.075890719024606,55.16787476384309,54.57852068534617,,,53.531666666666666,59.250504715694944,60.901862881654324,58.56385125816053,57.23488331644859,56.401033546855736,55.89903327377822,,53.531666666666666,57.51933866560429,"rgba(255, 26, 202, 1.0)",2.3635872816203323,59.71255241277092,-2.7532524241329206,24.372637122922434,-17.520368630837268,False,True,False,True,False,0.0,1.0,54.675,52.715,0.0,0,0.8677757062957123,0.8672976719728481,True,False,False,False,-0.34282825441539394,-0.26878023971843296,False,False,False,False,6731003.0,7326472.7484117085,True,False,False,False,281552.83299492096,True,False,False,False
2025-04-09 17:00:00+00:00,53.36,58.42,52.88,58.07,610295.0,,,,60.98440875541376,60.55661119372425,58.22652336658574,56.080105374616046,55.18075247873374,54.595699078337795,,,55.53165868401004,58.98306491484891,60.77874631087913,58.5337073799738,57.22514612853061,56.40167168915203,55.90509825912269,,55.53165868401004,57.61409181645605,"rgba(239, 83, 80, 0.5)",2.3844342313436027,59.71718089715067,-0.6908057582374585,31.813737528161315,-17.520368630837268,False,True,False,True,True,0.0,0.0,0.0,0.0,0.0,0,0.8741367482277614,0.8417104962268468,False,False,False,False,-0.21797647003895593,-0.24337835487869444,False,False,False,False,7341298.0,7326702.597273542,False,False,False,False,286649.61077794543,False,False,False,False
2025-04-10 17:00:00+00:00,55.805,57.06,55.36,56.61,275778.0,,,,60.87647775182745,60.510825178270615,58.21486628554661,56.08141539373816,55.18597815464469,54.602892446223436,,,55.72324879872092,58.87361546887126,60.723921417250224,58.51963925255294,57.220188423697415,56.40137086489396,55.90724153810188,,55.72324879872092,57.603206228795344,"rgba(239, 83, 80, 1.0)",2.435569193699257,59.67715014580935,-1.2593155446964814,35.04775311102651,-24.50232996831848,False,True,False,True,True,0.0,0.0,0.0,0.0,0.0,0,0.8920579398179292,0.8483788510695549,False,False,False,False,-0.18356387392382853,-0.21347111440126149,False,False,False,False,7065520.0,7322653.254680153,False,False,False,False,286481.05867286096,False,False,False,False
2025-04-11 17:00:00+00:00,57.29,57.8,56.95,57.33,213752.0,,,,60.81421511084507,60.48450766125268,58.21078435385844,56.08632847140015,55.19352600627582,54.61166048927924,,,55.97638632433489,58.826487078275754,60.691998752696506,58.513894982322675,57.22079503370272,56.40518703343202,55.912727747454106,,55.97638632433489,57.61142300347156,"rgba(239, 83, 80, 0.5)",2.4670691441793267,59.66743313901044,-0.9474534366113168,38.33401363472137,-21.508682209139195,False,True,False,True,True,0.0,0.0,0.0,0.0,0.0,0,0.9037785393208423,0.838889136143131,False,False,False,False,-0.11323644299947833,-0.1633537787003699,False,False,False,False,7279272.0,7321980.677088212,False,False,False,False,285353.4763678554,False,False,False,False
2025-04-14 17:00:00+00:00,57.22,57.95,57.2,57.425,225058.0,,,,60.75401817003393,60.45870754333344,58.207353822136334,56.092125648059685,55.202017608397995,54.62138286910813,,,56.19324743271933,58.785174526947124,60.66066822814139,58.508764157129484,57.222178401154714,56.40986104923443,55.919113001963524,,56.19324743271933,57.61804711218151,"rgba(239, 83, 80, 0.5)",2.492213880674486,59.65695694420241,-0.8955719898319343,40.68155004357216,-19.189463776709033,False,True,False,True,True,0.0,0.0,0.0,0.0,0.0,0,0.903386004514673,0.8421670428893908,False,False,False,False,-0.10129314045338224,-0.13232345957687608,False,False,False,False,7504330.0,7324807.798373667,False,False,False,False,284418.66278075683,False,False,False,False
2025-04-15 17:00:00+00:00,57.275,57.45,57.065,57.175,204931.0,,,,60.696254367028736,60.43327965579457,58.202922174997404,56.09628544195849,55.208721060590655,54.62928578428782,,,56.31049548888321,58.7414867736436,60.6300403403173,58.502751122043406,57.22221065528837,56.412966308413296,55.92382337113093,,56.31049548888321,57.616194041875204,"rgba(239, 83, 80, 0.5)",2.521935294695362,59.63941745156127,-0.9771929742784955,41.873904084547334,-17.739628091929326,False,True,False,True,True,0.0,0.0,0.0,0.0,0.0,0,0.8995530675815991,0.8470497945916666,False,False,False,False,-0.12026794673477235,-0.12629570315582422,False,False,False,False,7299399.0,7324413.86351516,False,False,False,False,283186.29591593886,False,False,False,False
2025-04-16 17:00:00+00:00,56.53,56.73,55.42,55.755,259446.0,,,,60.60013586473661,60.38920099329144,58.19016764828902,56.09569597578754,55.211886631094444,54.63440201086449,,,56.26764174460844,58.64624739933428,60.57793988655567,58.48775278594506,57.21569852942942,56.4108451426868,55.92402493609725,,56.26764174460844,57.58858765759388,"rgba(239, 83, 80, 1.0)",2.583839654537392,59.58785711180162,-1.4833958852945333,40.66205916806923,-17.739628091929326,False,True,False,True,True,0.0,0.0,0.0,0.0,0.0,0,0.885204195492078,0.8554340548984605,False,False,False,False,-0.19181756781646297,-0.1590566354861436,False,False,False,False,7039953.0,7320003.617569189,False,False,False,False,282818.22931259096,False,False,False,False
2025-04-17 17:00:00+00:00,56.315,56.405,55.68,55.74,227624.0,,,,60.51850148617642,60.35101033129529,58.17896394785393,56.09507591530593,55.21454513982957,54.63876953155502,,,56.23536904234277,58.56713925568504,60.532920568358215,58.47460174881281,57.20991963584655,56.40888959616136,55.92409475097906,,56.23536904234277,57.565369303861694,"rgba(239, 83, 80, 1.0)",2.642634252557917,59.54417126388529,-1.439537559994566,39.83359189357606,-17.739628091929326,False,True,False,True,True,0.0,0.0,0.0,0.0,0.0,0,0.8873446478685022,0.8599046728139341,False,False,False,False,-0.1938083890085076,-0.1764325122473256,False,False,False,False,6812329.0,7312132.69326579,False,False,False,False,281962.5048271244,False,False,False,False
2025-04-18 17:00:00+00:00,55.74,55.74,55.74,55.74,0.0,,,,60.51850148617642,60.35101033129529,58.17896394785393,56.09507591530593,55.21454513982957,54.63876953155502,,,56.23536904234277,58.56713925568504,60.532920568358215,58.47460174881281,57.20991963584655,56.40888959616136,55.92409475097906,,56.23536904234277,57.565369303861694,"rgba(239, 83, 80, 1.0)",2.69732300891346,59.54417126388529,-1.410350651855259,39.281280377247285,-17.739628091929326,False,True,False,True,True,0.0,0.0,0.0,0.0,0.0,0,0.8871364103480633,0.8643492247888837,False,False,False,False,-0.2124135352763928,-0.19442302376185921,False,False,False,False,6812329.0,7304383.798796553,False,False,False,False,277590.9931243783,False,False,False,False
2025-04-21 17:00:00+00:00,54.245,54.435,53.83,54.39,194675.0,,,,60.42547351516518,60.30630057351014,58.16215741712417,56.08863667152259,55.21145100698042,54.63757162063953,,,56.07791349349432,58.461005662480545,60.48091196202931,58.4558822691005,57.1983591372675,56.40110867090694,55.918341016205126,,56.07791349349432,57.52500869357125,"rgba(255, 0, 0, 1.0)",2.7864709072797913,59.4818331514817,-1.8273412215354694,36.93699126308118,-17.739628091929326,False,True,False,True,False,0.0,0.0,0.0,0.0,0.0,0,0.8862291317021468,0.8632629626358098,False,False,False,False,-0.3141112602862014,-0.25426714202403033,False,False,False,False,6617654.0,7293736.8251718,False,False,False,False,276305.47385113215,False,False,False,False
2025-04-22 17:00:00+00:00,55.125,55.265,54.58,55.085,260017.0,,,,60.32009003105334,60.25490417192454,58.144204825614665,56.083564089298406,55.210481055376135,54.638857167285984,,,55.9739340349231,58.351012916193575,60.42102005853813,58.435563660978616,57.18695100011292,56.39438265903656,55.91411752472472,,55.9739340349231,57.48685255346621,"rgba(255, 0, 0, 1.0)",2.8542546478186104,59.41794862529258,-1.5180665917822276,37.23763067239539,-17.739628091929326,False,True,False,True,False,0.0,0.0,0.0,0.0,0.0,0,0.8946302816901412,0.8572183098591551,False,False,False,False,-0.263467335682829,-0.25886723885342966,False,False,False,False,6877671.0,7287286.1922234,False,False,False,False,276052.93937281996,False,False,False,False
2025-04-23 17:00:00+00:00,56.095,56.265,55.485,55.59,292040.0,,,,60.22356427701544,60.20695500785524,58.12933396323851,56.08201667168171,55.21311143982551,54.64369556642791,,,55.95533958045854,58.26297757770348,60.36498639932401,58.418258701454825,57.1788832422582,56.39114153794513,55.913445299570846,,55.95533958045854,57.46028532805841,"rgba(239, 83, 80, 1.0)",2.9086876595640936,59.366745090060235,-1.2984361100587294,38.74735740485259,-17.64316161245644,False,True,False,True,False,0.0,0.0,0.0,0.0,0.0,0,0.9010792152750473,0.8488661685673093,False,False,False,False,-0.2040932423267766,-0.23148024059010314,False,False,False,False,7169711.0,7285463.321026137,False,False,False,False,276300.8007778925,False,False,False,False
2025-04-24 17:00:00+00:00,56.47,56.54,56.155,56.275,276256.0,,,,60.14667058297074,60.16798560540177,58.11865173343917,56.08317471471593,55.21794088152133,54.650405346903874,,,55.98594051058099,58.202122040499,60.31934783499958,58.405424084694744,57.17426752459161,56.39080483565717,55.915379536136236,,55.98594051058099,57.444470402470174,"rgba(239, 83, 80, 1.0)",2.946842250995427,59.33045231577895,-1.0368564230904576,41.46096052855682,-14.624421856914573,False,False,False,True,True,0.0,0.0,0.0,0.0,0.0,0,0.905441880713975,0.8398345668262954,False,False,False,False,-0.1751826747928467,-0.20333145769147493,False,False,False,False,7445967.0,7287951.750157515,False,False,False,False,276300.10619218874,False,False,False,False
2025-04-25 17:00:00+00:00,56.53,56.78,56.33,56.685,352590.0,,,,60.05957608255444,60.12284739367301,58.107260504781436,56.08631077754269,55.225562434550206,54.66028667184716,,,56.044699592650005,58.14037277826686,60.26648163430993,58.39140337889459,57.17032889790211,56.39211177717169,55.919468244141015,,56.044699592650005,57.42974693602194,"rgba(239, 83, 80, 0.5)",2.973111448412963,59.2917486284754,-0.8767746092622511,44.25982258910952,-11.666743262622198,True,False,False,True,True,0.0,0.0,0.0,0.0,0.0,0,0.9058982636768174,0.8419858651077571,False,False,False,False,-0.16258026634897732,-0.18295586202022612,False,False,False,False,7798557.0,7295868.1106201885,False,False,False,False,277482.89524347265,False,False,False,False
2025-04-28 17:00:00+00:00,56.66,57.01,56.41,56.89,169647.0,,,,60.02118033788527,60.102571773747925,58.102456920799,56.08830745778561,55.229654431079155,54.6654233602601,,,56.076706113921276,58.115448201208096,60.24274246550411,58.38537307849264,57.169015977379765,56.3932533509973,55.92191118134276,,56.076706113921276,57.42415728080024,"rgba(239, 83, 80, 0.5)",2.9960271772543035,59.27529803098201,-0.7961536694630398,46.63533585067647,-9.190076111549281,True,False,False,True,True,0.0,0.0,0.0,0.0,0.0,0,0.9092570831701269,0.8376637507072293,False,False,False,False,-0.15319992290707488,-0.1680778924636505,False,False,False,False,7968204.0,7306291.922858635,False,False,False,False,275811.0208986126,False,False,False,False
2025-04-29 17:00:00+00:00,56.98,57.485,56.95,57.295,195816.0,,,,59.984253548927185,60.08275231333389,58.098909521713104,56.09218790669664,55.2357939024022,54.67264790861152,,,56.13324906749435,58.0975156677123,60.21941960767497,58.38049138290515,57.16929624493031,56.396207216436814,55.926277625450986,,56.13324906749435,57.4222309164838,"rgba(239, 83, 80, 0.5)",3.0160970170430126,59.26226120263476,-0.6522539532111822,49.247417244391855,-6.5414478894325825,True,False,False,False,True,0.0,0.0,0.0,0.0,0.0,0,0.9197940303717929,0.8316896491534301,False,False,False,False,-0.12266431860869645,-0.1453711055361735,False,False,False,False,8164020.0,7319590.032581757,False,False,False,False,274570.7880164636,False,False,False,False
2025-04-30 17:00:00+00:00,57.255,57.925,57.08,57.705,193150.0,,,,59.953006785555154,60.06568841116139,58.096764078144496,56.09706902338131,55.2427926827979,54.680635059551456,,,56.19880213968167,58.08702919183188,60.1992533630414,58.37708842066657,57.170781291220464,56.40021664880101,55.931617709653786,,56.19880213968167,57.42313421580681,"rgba(239, 83, 80, 0.5)",3.0326699903335697,59.253193851750744,-0.5105052170811559,52.01177455506944,-3.798581734292945,True,False,True,False,True,0.0,0.0,0.0,0.0,0.0,0,0.9203142046694309,0.834867990399302,False,False,False,False,-0.1056190840079727,-0.1254950947720731,False,False,False,False,8357170.0,7335676.54370452,False,False,False,False,273308.4502177587,False,False,False,False
2025-05-01 17:00:00+00:00,58.12,58.42,58.065,58.09,258759.0,,,,59.92298749220832,60.04879291881471,58.097277011405716,56.10629651962995,55.25459043142087,54.69355394859261,,,56.31359739066302,58.08974355299807,60.17898851996867,58.3760512883277,57.175824923152184,56.408377098220626,55.9414115304114,,56.31359739066302,57.43134558660107,#000000,3.04416202022904,59.25030643036007,-0.3811579090237667,54.79550829788824,-1.0745614537258135,True,False,True,False,True,0.0,0.0,0.0,0.0,0.0,0,0.9244436702521451,0.8328180115838526,False,False,False,False,-0.06162081189627984,-0.09355795333417646,False,False,False,False,8615929.0,7355525.418995922,False,False,False,False,273082.87734616554,False,False,False,False
2025-05-02 17:00:00+00:00,59.1,59.425,58.975,59.28,175371.0,,,,59.91503613704418,60.0438000347018,58.101398944890214,56.11558526282143,55.2653314836873,54.704830273692245,,,56.423050235995085,58.1093864174041,60.1725177787886,58.37926366013745,57.18266890946669,56.41705108186965,55.95103190737842,,56.423050235995085,57.444688625221325,#000000,3.046972388903168,59.258491117583574,0.007059099877229129,59.13197309427363,3.024843037244537,True,False,True,False,True,1.113411536447817,0.0,0.0,0.0,0.0,0,0.9218338158406434,0.8303590718575815,False,False,False,False,-0.005017934110678373,-0.04928794372242742,False,False,False,False,8791300.0,7377785.490019241,False,False,False,False,271567.9645190932,False,False,False,False
2025-05-05 17:00:00+00:00,59.37,59.575,59.25,59.3,212110.0,,,,59.9076791359523,60.03892324297971,58.10699627689929,56.12727845248351,55.27872890795662,54.718839121372035,,,56.55136826017812,58.13529218280104,60.16601708798837,58.38379118762865,57.191482179767064,56.428021251814634,55.96311618200694,,56.55136826017812,57.461348728448336,#000000,3.049630460555096,59.26930831589333,0.010064066615165321,62.06091165420126,5.753454347994939,True,False,True,False,True,1.1584014897898918,0.0,0.0,0.0,0.0,0,0.9217086527929906,0.832727272727273,False,False,False,False,0.007526972756920606,-0.020880485482753404,False,False,False,False,9003410.0,7402988.970794137,False,False,False,False,270646.13561182044,False,False,False,False
2025-05-06 17:00:00+00:00,59.135,59.505,59.085,59.2,170298.0,,,,59.900707719789025,60.034409016622014,58.11106212147783,56.13628537268285,55.28913081373259,54.729757522231154,,,56.642824376153236,58.15353069705522,60.16014800507997,58.3869903718221,57.19814776723611,56.436438705005976,55.97244126959216,,56.642824376153236,57.47322105834465,#000000,3.0519004018910256,59.27625421245508,-0.02498581290786142,63.57184945265762,7.23738721938048,True,False,True,False,True,0.9225359130991002,0.0,0.0,0.0,0.0,0,0.9173350865658562,0.8351084812623277,False,False,False,False,0.0005903370042628478,-0.010145074239245279,False,False,False,False,8833112.0,7425161.420859343,False,False,False,False,269090.35056357516,False,False,False,False
2025-05-07 17:00:00+00:00,59.855,59.895,59.095,59.555,245306.0,,,,59.894788795610765,60.03009051232914,58.118136996429406,56.15020571137684,55.304961959428425,54.74626100699258,,,56.775881492503366,58.18451718857979,60.15416190294885,58.3928696569139,57.20883508847556,56.44954780909968,55.98680152070339,,56.775881492503366,57.49208151087628,#000000,3.0499180316853667,59.288762644519515,0.08729328221760874,65.38405537064635,9.104467881576113,True,False,True,False,True,1.7443809984992669,0.0,0.0,0.0,0.0,0,0.9191976576497839,0.8305729143905958,False,False,False,False,0.012397769842824377,0.0011263478017895494,False,False,False,False,9078418.0,7450793.305807261,False,False,False,False,268721.60094243445,False,False,False,False
2025-05-08 17:00:00+00:00,60.215,60.22,59.615,59.7,231576.0,,,,59.89407781938163,60.028649067659984,58.12631322434612,56.16452060280346,55.32096151666773,54.762807584890936,,,56.9044801990678,58.21944344300531,60.15147737113817,58.399979680554395,57.22026496066756,56.46314239246036,56.00150960643095,,56.9044801990678,57.5121251899288,#000000,3.0431155754267607,59.30369128586155,0.1302312397658044,66.924290422397,10.77698276400691,True,False,True,False,True,2.0815555779832096,0.0,0.0,0.0,0.0,0,0.9194598610322077,0.8291744963510032,False,False,False,False,0.03735636213807599,0.01924135496993277,False,False,False,False,9309994.0,7479618.122771489,False,False,False,False,268145.7001526293,False,False,False,False
2025-05-09 17:00:00+00:00,59.545,59.9,59.49,59.77,254604.0,,,,59.89138707037031,60.0260287872236,58.13456628180103,56.17960130766961,55.337939983412525,54.780431649694144,,,57.02847215034375,58.25336008166794,60.14739712973593,58.40704751111538,57.232124535247635,56.4774159162504,56.01702966992354,,57.02847215034375,57.53175400572737,#000000,3.0354947160505334,59.31727747573912,0.1491429129713393,68.12268355544393,12.186087981720057,True,False,True,False,True,2.246512923017036,0.0,0.0,0.0,0.0,0,0.919505590496157,0.8322851153039836,False,False,False,False,0.02420866055916158,0.021725007764547177,False,False,False,False,9564598.0,7511943.3921858845,False,False,False,False,267935.7513130536,False,False,False,False
2025-05-12 17:00:00+00:00,61.415,61.695,61.405,61.67,346828.0,,,,59.92641572735903,60.04390876001166,58.15877158120641,56.210682635967046,55.3706390532207,54.81325180128294,,,57.28663403251725,58.35302642369777,60.16574411808107,58.43009525573395,57.260107976977345,56.50775739573149,56.04853617720079,,57.28663403251725,57.58273622607596,"rgba(38, 166, 154, 0.5)",3.0363497703537825,59.36727693439011,0.7583853112355978,72.30032668794985,16.31828635811071,True,False,True,False,True,6.536191969409451,0.0,0.0,0.0,0.0,0,0.9218364964765903,0.8347671955384554,False,False,False,False,0.1345175147012488,0.07812126123289799,False,False,False,False,9911426.0,7549144.672927189,False,False,False,False,269158.88695161085,False,False,False,False
2025-05-13 17:00:00+00:00,61.915,61.965,61.7,61.725,405813.0,,,,59.970479943204815,60.06704543311664,58.188346581103055,56.24797950236565,55.40972467593486,54.85241321544874,,,57.566742461170435,58.46931826814823,60.189657887981184,58.458378802191326,57.29393889691244,56.544230178782335,56.08630979524625,,57.566742461170435,57.64188966473892,"rgba(38, 166, 154, 0.5)",3.0388724052672953,59.42568452295237,0.7566344256712494,75.15682191546605,19.099329032155097,True,False,True,False,True,6.655222763455097,0.0,0.0,0.0,0.0,0,0.9342254876235462,0.8297909560045486,False,False,False,False,0.15153849896682423,0.11482988009986111,False,False,False,False,10317239.0,7592060.864044596,False,False,False,False,271277.5553709657,False,False,False,False
2025-05-14 17:00:00+00:00,61.055,61.315,60.845,61.29,548912.0,,,,60.00690865962672,60.08604221955092,58.22055993681188,56.291854783999774,55.45656560908349,54.899822092938756,,,57.844437803661954,58.58641788838888,60.20833408005985,58.48862211400907,57.33244673602925,56.58679487594132,56.13092291576832,,57.844437803661954,57.70305613199001,"rgba(38, 166, 154, 0.5)",3.039264509179202,59.48123428564015,0.5951327069088614,74.643476616504,19.099329032155097,True,False,True,False,True,5.52534524708522,0.0,0.0,0.0,0.0,0,0.9353796445880455,0.8299349430205654,False,False,False,False,0.1063653241260501,0.1105976021129556,False,False,False,False,9768327.0,7625801.424291967,False,False,False,False,275581.9653652143,False,False,False,False
2025-05-15 17:00:00+00:00,64.785,65.01,64.06,64.315,956349.0,,,64.46166666666666,60.23437365548483,60.21580479238301,58.33663101988462,56.41729892814273,55.58279608620443,55.02361100011116,,,58.63162163436313,59.001940601406815,60.34772490259844,58.60330672393646,57.45436526734823,56.71158134174851,56.256866818726984,,58.63162163436313,58.37711353135757,"rgba(38, 166, 154, 1.0)",3.073068056402074,60.090211214762675,1.374778790347935,77.92749261082774,22.012178725359675,True,False,True,False,True,11.736998937227856,0.0,0.0,0.0,0.0,0,0.9407237317685084,0.8291448739209937,False,False,False,False,0.32046624090018416,0.21553192150656988,False,False,False,False,10724676.0,7673845.991357208,False,False,False,False,286136.4930339706,False,False,False,False
2025-05-16 17:00:00+00:00,63.34,63.7,62.975,63.615,521721.0,,,64.09751465424505,60.32097731756546,60.266976943681755,58.3877880629157,56.475552542500466,55.64234913715921,55.08256523299836,,,58.924042912341754,59.16643944621042,60.40186291158343,58.65333962224738,57.50959854002765,56.769161756660864,56.31554235665656,,58.924042912341754,58.42955081691387,"rgba(38, 166, 154, 1.0)",3.0949738999611904,60.15238966766577,1.118784986321742,77.38656351418683,22.012178725359675,True,False,True,False,True,9.943676115898267,0.0,0.0,0.0,0.0,0,0.9363086936308697,0.8309877012805885,False,False,False,False,0.24396276414585058,0.22974734282621023,False,False,False,False,10202955.0,7713056.983739266,False,False,False,False,289788.9660101881,False,False,False,False
2025-05-19 17:00:00+00:00,64.065,64.125,63.705,63.845,194321.0,,,64.07359645162724,60.356659546522046,60.288344063762224,58.408301050523576,56.498427154918346,55.66560126245093,55.105515387059704,,,59.0342975847718,59.230928431746236,60.424544914073095,58.67348643980185,57.531494652445204,56.791825819143085,56.33855441906038,,59.0342975847718,58.45868408413612,"rgba(38, 166, 154, 1.0)",3.118724427398739,60.18477022431986,1.1736303930940943,77.299173449233,22.012178725359675,True,False,True,False,True,10.391541178833155,0.0,0.0,0.0,0.0,0,0.9389290393474496,0.8309031739994086,False,False,False,False,0.2804563225825198,0.25510183270436504,False,False,False,False,10397276.0,7754672.782440983,False,False,False,False,288308.8425061542,False,False,False,False
2025-05-20 17:00:00+00:00,63.465,63.51,63.065,63.415,250093.0,,,63.97686312777288,60.39441471468918,60.31124665296261,58.43179622742263,56.5254393097983,55.69330458780347,55.133000069617474,,,59.15359544881269,59.30168520972342,60.448647221520794,58.69642214555419,57.5569858360321,56.81849246225091,56.3657790993714,,59.15359544881269,58.48626229380943,"rgba(38, 166, 154, 1.0)",3.1354231031928648,60.21536329119233,1.020480044798232,75.49730711884368,22.012178725359675,True,False,True,False,False,9.28461032372314,0.0,0.0,0.0,0.0,0,0.9314242334781327,0.8369111382902452,False,False,False,False,0.24083420598317906,0.24796801934377205,False,False,False,False,10147183.0,7791765.964108565,False,False,False,False,287716.3488238882,False,False,False,False
2025-05-21 17:00:00+00:00,63.84,63.92,63.015,63.225,260769.0,,,63.906369721389744,60.433514290958584,60.335203904727514,58.4563373276924,56.55361067750382,55.72219080669601,55.161659841235576,,,59.27272274179442,59.37390893949997,60.473842154172935,58.72038708949445,57.58358616205885,56.84630674953386,56.394170216868325,,59.27272274179442,58.51670075883045,"rgba(38, 166, 154, 0.5)",3.14202928631093,60.24855264887867,0.9473009574064121,73.51446417960734,22.012178725359675,True,False,True,False,False,8.794851749406796,0.0,0.0,0.0,0.0,0,0.9291751183231919,0.8384888438133877,False,False,False,False,0.25211914619029174,0.25004358276703187,False,False,False,False,9886414.0,7824241.127455719,False,False,False,False,287298.56047002954,False,False,False,False
2025-05-22 17:00:00+00:00,63.345,63.715,63.32,63.355,189573.0,,,63.870974063556844,60.46202480551071,60.35281901179246,58.47430114188923,56.574173980439944,55.743263317532396,55.182563247030906,,,59.35673799280852,59.425804001451986,60.49236370167836,58.73793960858793,57.60302557416312,56.86661496384382,56.41489090369876,,59.35673799280852,58.53982116528464,"rgba(38, 166, 154, 0.5)",3.1527831505820587,60.27350982028091,0.9773872900678859,72.44115248907517,22.012178725359675,True,False,True,False,False,9.06235610955147,0.0,0.0,0.0,0.0,0,0.9318643207579094,0.8407206902385387,False,False,False,False,0.25526492869248324,0.2526542557297575,False,False,False,False,10075987.0,7859151.916177335,False,False,False,False,285783.4355015019,False,False,False,False
2025-05-23 17:00:00+00:00,62.815,63.215,62.785,63.14,186925.0,,,63.81077927892205,60.48578601861786,60.367694106684624,58.490419451589986,56.59311146071974,55.76281406101941,55.202039912028745,,,59.42826797987858,59.47055124476779,60.507873218525255,58.753605288759296,57.62071408919503,56.88526070236059,56.43400278760428,,59.42826797987858,58.55806568576237,"rgba(38, 166, 154, 0.5)",3.1606824970006686,60.29287315884342,0.9007949529439806,70.70447052260776,25.335930835431924,True,False,True,False,False,8.493033573419094,0.0,0.0,0.0,0.0,0,0.9236835410836941,0.8495717798694145,False,False,False,False,0.22293245910620982,0.2377933574179837,False,False,False,False,9889062.0,7890623.390345128,False,False,False,False,284250.746578998,False,False,False,False
2025-05-26 17:00:00+00:00,63.14,63.14,63.14,63.14,0.0,,,63.81077927892205,60.48578601861786,60.367694106684624,58.490419451589986,56.59311146071974,55.76281406101941,55.202039912028745,,,59.42826797987858,59.47055124476779,60.507873218525255,58.753605288759296,57.62071408919503,56.88526070236059,56.43400278760428,,59.42826797987858,58.55806568576237,"rgba(38, 166, 154, 0.5)",3.1643080709006677,60.29287315884342,0.8997628477894041,69.54668254496283,24.015815385981554,True,False,True,False,False,8.493033573419073,0.0,0.0,0.0,0.0,0,0.9293756397134088,0.8493261685431597,False,False,False,False,0.2316316000048654,0.23471247871142453,False,False,False,False,9889062.0,7921606.934680862,False,False,False,False,279843.75825994374,False,False,False,False
2025-05-27 17:00:00+00:00,63.815,63.985,63.625,63.745,314164.0,,,63.80796119926999,60.535986602238445,60.39911710881689,58.521603583835,56.62830413059186,55.79874513393383,55.237618401055556,,,59.56573423002415,59.558340333431715,60.54097860027993,58.78416378165139,57.654195855594814,56.92007138461896,56.46943599841782,,59.56573423002415,58.60158973884002,"rgba(38, 166, 154, 1.0)",3.1781023248767375,60.339433692633406,1.0715722652192061,70.24235926108422,24.015815385981554,True,False,True,False,False,9.787095687562271,0.0,0.0,0.0,0.0,0,0.9267476817546687,0.8471440064360423,False,False,False,False,0.27345160286823156,0.25408204078982805,False,False,False,False,10203226.0,7956980.873678057,False,False,False,False,280375.85503110744,False,False,False,False
2025-05-28 17:00:00+00:00,63.565,63.645,63.27,63.345,174362.0,,,63.78576974795926,60.560137807697195,60.414455591230926,58.53756362914598,56.646699353071,55.81764336369846,55.25639978365175,,,59.63206772321207,59.60146320072814,60.557030171587684,58.79973797538314,57.671524862293076,56.93822108631078,56.487980682462656,,59.63206772321207,58.62190678417373,"rgba(38, 166, 154, 0.5)",3.1866048794378625,60.360834491915774,0.9364717688534545,68.5367643587438,22.656751817981274,True,False,True,False,False,8.688513935493173,0.0,0.0,0.0,0.0,0,0.9250031778314484,0.8516164569297915,False,False,False,False,0.25149057754969295,0.2527863091697605,False,False,False,False,10028864.0,7989103.0926908,False,False,False,False,278732.2293717104,False,False,False,False
2025-05-29 17:00:00+00:00,62.895,63.125,62.8,63.04,288206.0,,,63.716887047428884,60.59328953601132,60.435877487758376,58.56140514389901,56.67496371636039,55.846913878305266,55.28562397597421,,,59.72490376813123,59.66284508655355,60.579231501641765,58.82286885243072,57.69780718989991,56.966016661693665,56.51652215694011,,59.72490376813123,58.64893971450203,"rgba(38, 166, 154, 0.5)",3.177292933833285,60.388538506955285,0.8345033172140741,65.83017162049518,19.968941634197833,True,False,True,False,False,7.853245786790957,0.0,0.0,0.0,0.0,0,0.9202557913014022,0.8550374793545931,False,False,False,False,0.2206080089963593,0.2366971590830599,False,False,False,False,9740658.0,8016258.982726602,False,False,False,False,278879.10953649005,False,False,False,False
2025-05-30 17:00:00+00:00,62.445,63.175,62.41,62.99,223663.0,,,63.662949175398985,60.61703676684548,60.45142356923777,58.579193928821425,56.69627721821636,55.869054657299564,55.30777148063847,,,59.79075250517636,59.707165554571226,60.59526868031252,58.84008956432095,57.71752846792489,56.98695025493584,56.538058234027666,,59.79075250517636,58.66853714698054,"rgba(38, 166, 154, 0.5)",3.150305219018073,60.659377285662515,0.7398085430794941,63.760775763419915,17.952955397139704,True,False,True,False,False,7.7151472106126775,0.0,0.0,0.0,0.0,0,0.9163400345597847,0.8538795465081978,False,False,False,False,0.21009947584052238,0.22339831746179115,False,False,False,False,9516995.0,8039526.207800607,False,False,False,False,278023.045822746,False,False,False,False
2025-06-02 17:00:00+00:00,63.415,63.875,63.365,63.875,234382.0,,,63.66554658840309,60.65059454253803,60.47315785236288,58.60133509291017,56.721502307232036,55.89489948734599,55.33342875984918,,,59.87509484442346,59.76443925583056,60.61803152535086,58.861747883949064,57.741410918853035,57.01186848382473,56.563472321698896,,59.87509484442346,58.698323561755146,"rgba(38, 166, 154, 1.0)",3.1339034606861196,60.716188839606474,1.0079478197142528,65.17560296567738,17.952955397139704,True,False,True,False,False,9.681507161217578,0.0,0.0,0.0,0.0,0,0.9219873061241651,0.8509940733890972,False,False,False,False,0.2617293486685389,0.24256383306516505,False,False,False,False,9751377.0,8066066.530160288,False,False,False,False,277346.44046115305,False,False,False,False
2025-06-03 17:00:00+00:00,64.315,64.46,64.145,64.355,251350.0,,,63.70620447897836,60.692865235905735,60.500519562051,58.627703290391615,56.750717125855765,55.92459416472428,55.36277838652096,,,59.97548548966889,59.833368806827,60.64686488255276,58.88768308633263,57.769430980933414,57.04082263852927,56.592856547775426,,59.97548548966889,58.736563905503374,"rgba(38, 166, 154, 1.0)",3.130016423409044,60.77786776351469,1.1428477530444692,67.31797431070333,17.952955397139704,True,False,True,False,True,10.721153619673231,0.0,0.0,0.0,0.0,0,0.9234067597107791,0.8523204977299482,False,False,False,False,0.30535230803458585,0.2739580705498754,False,False,False,False,10002727.0,8096092.273878733,False,False,False,False,276943.39487260807,False,False,False,False
2025-06-04 17:00:00+00:00,64.715,64.77,64.37,64.4,170695.0,,,63.73887861026793,60.72252159259552,60.51980977518169,58.646075562650516,56.770933021687306,55.945102791145295,55.38302888553021,,,60.04403618865391,59.88096894704808,60.66720848145671,58.90577779285453,57.7888816757342,57.06087410108618,56.61318125377532,,60.04403618865391,58.76337704854766,"rgba(38, 166, 154, 1.0)",3.1220866376467695,60.81561865574701,1.148072350405585,68.85715895251565,14.588950953276523,True,False,True,False,True,10.818877798637228,0.0,0.0,0.0,0.0,0,0.9268558951965072,0.8483792408464903,False,False,False,False,0.3227536139513467,0.29835584225061107,False,False,False,False,10173422.0,8128298.936299217,False,False,False,False,275296.1329365987,False,False,False,False
2025-06-05 17:00:00+00:00,64.545,64.91,64.43,64.64,361679.0,,,63.81164661498172,60.78623588784825,60.56155526844334,58.68559105093949,56.81422656507913,55.98897405434506,55.42632663242354,,,60.187203411024484,59.98178923833166,60.71123126572622,58.944728751949235,57.83061738363195,57.10383599115495,56.656696826998015,,60.187203411024484,58.82076135306264,"rgba(38, 166, 154, 1.0)",3.1216421844803843,60.889457643039634,1.201464529024702,70.49788527772412,16.2256359357482,True,False,True,False,True,11.345543965350299,0.0,0.0,0.0,0.0,0,0.9326164874551978,0.8449504532995998,False,False,False,False,0.32930708702623657,0.3138314646384238,False,False,False,False,10535101.0,8165613.696976748,False,False,False,False,276635.4021933956,False,False,False,False
2025-06-06 17:00:00+00:00,65.635,66.155,65.605,66.05,246407.0,,,63.920176526810835,60.84239631925823,60.598227165323124,58.71790587417415,56.848206110445496,56.022974378143,55.459640638743444,,,60.30617875852032,60.066164109920294,60.75018984061239,58.976825468395155,57.86402349011918,57.137726637021245,56.690761144272074,,60.30617875852032,58.87152831869707,"rgba(0, 255, 255, 0.75)",3.160733464883677,60.96201671780371,1.6097476546898717,74.2379065408699,19.75995858690689,True,False,True,False,True,14.33012260260616,0.0,0.0,0.0,0.0,0,0.9377245008771203,0.8353938685155797,False,False,False,False,0.3428282483369564,0.3283298564876901,False,False,False,False,10781508.0,8206170.197798815,False,False,False,False,276166.7447950484,False,False,False,False
2025-06-09 17:00:00+00:00,65.985,66.16,65.905,65.93,136163.0,,,63.977217086872564,60.87327733422458,60.618509597027945,58.73579108617935,56.86700130165976,56.04177948532739,55.47806714063628,,,60.370532597753325,60.112250504896615,60.77172295144184,58.994591859535184,57.882505768299986,57.15647354442109,56.709602648225676,,60.370532597753325,58.89923735046441,"rgba(0, 255, 255, 0.75)",3.2062919322723085,60.999546541287856,1.53774315092323,75.9638899067603,21.360814422695043,True,False,True,False,True,13.967860071398864,0.0,0.0,0.0,0.0,0,0.9408739284967597,0.8356261760401427,False,False,False,False,0.34282824841209003,0.33557905244989006,False,False,False,False,10645345.0,8243986.861398832,False,False,False,False,273996.1441005515,False,False,False,False
2025-06-10 17:00:00+00:00,65.455,65.47,64.8,65.17,342449.0,,,64.05273214902023,60.93669351450015,60.66088295138244,58.775156640860914,56.90955441997886,56.084743459737375,55.520397402175746,,,60.50258148444593,60.20873141425559,60.81640692775296,59.033493892162646,57.92378031988822,57.19876527296303,56.75233943231134,,60.50258148444593,58.9554470915311,"rgba(38, 166, 154, 1.0)",3.2210578853694076,61.064085145181856,1.2747100489773588,72.68932949477815,21.360814422695043,True,False,True,False,False,11.695748985212123,0.0,0.0,0.0,0.0,0,0.9342785654712266,0.844453711426189,False,False,False,False,0.2898403204335687,0.31270968644172936,False,False,False,False,10302896.0,8275907.933315129,False,False,False,False,275057.42868813983,False,False,False,False
2025-06-11 17:00:00+00:00,64.175,64.37,63.855,64.2,208747.0,,,64.05610021018316,60.96542548625071,60.68062546615202,58.79516874570877,56.932140956584874,56.10785218660238,55.54334437703235,,,60.56289526252681,60.25414537665888,60.83698163933725,59.053108056403445,57.94524193626437,57.22109402913883,56.775085212086935,,60.56289526252681,58.980657781495054,"rgba(38, 166, 154, 0.5)",3.223190625887701,61.085935696808306,0.9661433854331994,66.2387992234905,21.66026814108359,True,False,True,False,False,8.90502768366153,0.0,0.0,0.0,0.0,0,0.9302652816289372,0.8437693994950963,False,False,False,False,0.2313286557070388,0.2720191710743841,False,False,False,False,10094149.0,8304097.71729474,False,False,False,False,274029.3600263082,False,False,False,False
2025-06-12 17:00:00+00:00,65.085,65.205,64.98,65.13,177382.0,,,64.08880241823977,60.99672158527075,60.70184708479116,58.81509996522462,56.953772961759284,56.12972697035951,55.5649215964932,,,60.62597603499295,60.301279951445586,60.85930432009507,59.072790090500156,57.966179945528935,57.24258069547501,56.79681679192743,,60.62597603499295,59.0082728865788,"rgba(38, 166, 154, 1.0)",3.243973160318131,61.11652485061916,1.2372097274033065,64.6249570414789,20.37173784772257,False,False,True,False,False,10.922958419629126,0.0,0.0,0.0,0.0,0,0.9387131411580081,0.8394730321301731,False,False,False,False,0.2873720741482511,0.27969562261131764,False,False,False,False,10271531.0,8334600.558887069,False,False,False,False,272530.9513437298,False,False,False,False
2025-06-13 17:00:00+00:00,64.475,64.485,63.94,64.115,172537.0,,,64.09148667724224,61.01995964303566,60.71799909180467,58.83153301391239,56.97232921992212,56.148720092905215,55.58379030074173,,,60.67334625893294,60.3375958730118,60.87611239708819,59.08889519500765,57.983805175818105,57.26092277098919,56.81550494621661,,60.67334625893294,59.028714332616325,"rgba(38, 166, 154, 0.5)",3.24411776343933,61.134599979943765,0.9187089487455864,59.968264466167255,16.15904290642871,False,False,True,False,False,8.097538468545768,0.0,0.0,0.0,0.0,0,0.9293024785235732,0.8454930330058783,False,False,False,False,0.23697691432455287,0.2583362684679352,False,False,False,False,10098994.0,8361955.495958587,False,False,False,False,270980.6575244472,False,False,False,False
2025-06-16 17:00:00+00:00,65.415,65.585,65.335,65.505,223372.0,,,64.14227097396918,61.06166944709317,60.746427618595945,58.85777392866455,57.00050261878043,56.1771199522904,55.61175750434823,,,60.754796486127525,60.39912294096326,60.90605238499861,59.11486047277381,58.011213458729046,57.28894300686682,56.843788956846794,,60.754796486127525,59.065449982217686,"rgba(38, 166, 154, 1.0)",3.275824527250028,61.176718534806824,1.321280010326638,60.3561984762385,16.15904290642871,False,False,True,False,False,11.036725072472574,0.0,0.0,0.0,0.0,0,0.9387320191795422,0.8378345149788946,False,False,False,False,0.30883167475843804,0.2835839716131866,False,False,False,False,10322366.0,8392349.457261555,False,False,False,False,270242.5388031379,False,False,False,False
2025-06-17 17:00:00+00:00,65.375,65.465,65.025,65.335,252347.0,,,64.18737294408743,61.10576675856049,60.77679655813693,58.8862819662978,57.03136093760367,56.20831070751166,55.6425260445346,,,60.839789861307196,60.46421201896886,60.93795032485491,59.143026565790066,58.04111350359278,57.319601046566696,56.87478514090383,,60.839789861307196,59.10420674133694,"rgba(38, 166, 154, 1.0)",3.3067582407945397,61.2192662290779,1.244643082807642,60.03641969229278,16.13205807200724,False,False,True,False,False,10.567585158639652,0.0,0.0,0.0,0.0,0,0.9357298028446126,0.8339959831126781,False,False,False,False,0.29624479187957387,0.28991438174638023,False,False,False,False,10070019.0,8418359.837769128,False,False,False,False,269965.0885891358,False,False,False,False
2025-06-18 17:00:00+00:00,66.155,66.34,65.765,65.845,323869.0,,,64.27468867063723,61.17041640873394,60.82122556593767,58.92651660050794,57.0740038534486,56.251132808062536,55.684612131593504,,,60.960990436837406,60.55717689990524,60.98478857022399,59.182932895010914,58.082851689525896,57.36207803490141,56.9175605660157,,60.960990436837406,59.160783937953,"rgba(38, 166, 154, 1.0)",3.3388010768283527,61.28533674311399,1.3656588553689457,61.00644775598784,16.13205807200724,False,False,True,False,False,11.625446159614373,0.0,0.0,0.0,0.0,0,0.9376924024134963,0.8356113779091248,False,False,False,False,0.3428282484218062,0.3163713150840932,False,False,False,False,10393888.0,8448988.181369606,False,False,False,False,270800.80814589333,False,False,False,False
2025-06-19 17:00:00+00:00,65.845,65.845,65.845,65.845,0.0,,,64.27468867063723,61.17041640873394,60.82122556593767,58.92651660050794,57.0740038534486,56.251132808062536,55.684612131593504,,,60.960990436837406,60.55717689990524,60.98478857022399,59.182932895010914,58.082851689525896,57.36207803490141,56.9175605660157,,60.960990436837406,59.160783937953,"rgba(38, 166, 154, 1.0)",3.3770598892372385,61.28533674311399,1.3501872653836418,61.65313313178455,16.13205807200724,False,True,True,False,False,11.625446159614373,0.0,0.0,0.0,0.0,0,0.9384760808811448,0.8373746506657903,False,False,False,False,0.33044175335617637,0.32340653422013477,False,False,False,False,10393888.0,8479141.666929768,False,False,False,False,266602.3460040965,False,False,False,False
2025-06-20 17:00:00+00:00,66.04,66.465,65.72,66.37,528028.0,,,64.41498916923858,61.2764883152569,60.89482513548865,58.99299183119448,57.144217535912624,56.32158025896083,55.753827859309986,,,61.15425924886627,60.70759881072642,61.06232237134939,59.24890627391057,58.15168113078917,57.43204466837237,56.98797796400237,,61.15425924886627,59.253122183812756,"rgba(38, 166, 154, 1.0)",3.4197749148837273,61.392085908296536,1.4556262372819697,63.34719260464574,16.13205807200724,False,False,True,False,True,12.721419225855819,0.0,0.0,0.0,0.0,0,0.9370710328289099,0.8342429504672128,False,False,False,False,0.3428282484411442,0.33311739133063945,False,False,False,False,10921916.0,8517014.137209928,False,False,False,False,270655.45691876166,False,False,False,False
2025-06-23 17:00:00+00:00,66.695,67.485,66.655,67.385,257653.0,,,64.51047801036613,61.33674796319549,60.936594380786524,59.02939302840024,57.181795988478356,56.359007821861276,55.79044578409618,,,61.26102103723873,60.79086164774086,61.10647246732228,59.285179637161875,58.188930769635824,57.46959988185341,57.02560833326725,,61.26102103723873,59.30515262510031,"rgba(0, 255, 255, 0.75)",3.5009775983493068,61.455049776734356,1.6937983910727081,66.49391852682135,11.314605207262126,False,False,True,False,True,14.776054930978436,0.0,0.0,0.0,0.0,0,0.9401450284731048,0.8280552255315664,False,False,False,False,0.3428282488777669,0.33797282010420315,False,False,False,False,11179569.0,8558294.057563262,False,False,False,False,270453.86843940103,False,False,False,False
2025-06-24 17:00:00+00:00,67.735,68.02,67.655,67.91,297911.0,,,64.63937935088651,61.41292264000414,60.98944298413776,59.0745943667893,57.22785814344459,56.404689948785496,55.83502973861296,,,61.393635039884565,60.894572550682945,61.16241955610114,59.330323360509226,58.23488107444209,57.51571055804377,57.0716936872115,,61.393635039884565,59.37051092853829,"rgba(0, 255, 255, 0.75)",3.5943557793390455,61.535561222481576,1.7734579348432213,69.46011889503743,14.232249203450507,True,False,True,False,True,15.806762354806924,0.0,0.0,0.0,0.0,0,0.947428664867959,0.8264655383860684,False,False,False,False,0.34282824917828864,0.34040053464124587,False,False,False,False,11477480.0,8603552.754345227,False,False,False,False,270879.5604015809,False,False,False,False
2025-06-25 17:00:00+00:00,68.345,68.525,68.135,68.195,219644.0,,,64.7399145335309,61.47156807892371,61.03026211322181,59.109216572932745,57.26290710298833,56.43937472300211,55.86883991981171,,,61.49422510868452,60.973637982466734,61.2056476402244,59.36494028710492,58.269958251540935,57.55082623040871,57.10674452708701,,61.49422510868452,59.42057593370919,"rgba(0, 255, 255, 0.75)",3.6897496582478415,61.597422446904204,1.788082705922329,71.89066001157485,16.597774917899955,True,False,True,False,True,16.362666479834,0.0,0.0,0.0,0.0,0,0.9560907675923656,0.8215368231342676,False,False,False,False,0.34282824935452877,0.34161439199788735,False,False,False,False,11697124.0,8651515.0992391,False,False,False,False,270085.21062791295,False,False,False,False
2025-06-26 17:00:00+00:00,68.935,69.16,68.86,68.98,422438.0,,,64.95448223179157,61.59313743635086,61.11511068055209,59.180210596143404,57.33402793270998,56.50950962901994,55.93706805200749,,,61.699183140902086,61.13545869911708,61.295579226160754,59.43604847304442,58.34150549953551,57.6221799525979,57.17781775278845,,61.699183140902086,59.523665664480106,"rgba(0, 255, 255, 0.75)",3.79762359548343,61.72592113463844,1.9101626801531746,74.64356169746522,19.245491981611963,True,False,True,False,True,17.870613499103776,0.0,0.0,0.0,0.0,0,0.9602746444335463,0.8167402321399382,False,False,False,False,0.3428282495792358,0.3422213207885616,False,False,False,False,12119562.0,8705283.268243143,False,False,False,False,272447.26937786775,False,False,False,False
2025-06-27 17:00:00+00:00,69.045,69.05,68.34,68.655,248263.0,,,65.0616359647772,61.6597755516766,61.16215843887192,59.220122471927915,57.374294719219534,56.54932187925947,55.97586623948033,,,61.80946756066044,61.22382316628248,61.345325522939035,59.47597583303483,58.381867186794835,57.66253879771594,57.218077857477944,,61.80946756066044,59.58001794215131,"rgba(0, 255, 255, 0.75)",3.893759650545438,61.794220790744816,1.7619935037064052,74.7761598217206,19.51343492388179,True,False,True,False,True,16.872488396101765,0.0,0.0,0.0,0.0,0,0.9575700705805561,0.816857737342418,False,False,False,False,0.32766939123937644,0.334945356013969,False,False,False,False,11871299.0,8754368.783464178,False,False,False,False,272072.31946503255,False,False,False,False
2025-06-30 17:00:00+00:00,69.005,69.505,68.74,69.425,198566.0,,69.22333333333334,65.1551801101755,61.71622144467907,61.202049670821864,59.25361806085894,57.40782881726676,56.58239091410147,56.00804392786835,,,61.90195651950377,61.29804926232662,61.38753620631216,59.50952771901145,58.415609056944184,57.69618364644365,57.25158844733438,,61.90195651950377,60.267274475798764,"rgba(0, 255, 255, 0.75)",4.005198592550097,62.397879284330756,1.7544999463297763,76.07257917137382,20.97734201801248,True,False,True,False,True,18.344562093770243,0.0,0.0,0.0,0.0,0,0.9568493983225967,0.813297678376079,False,False,False,False,0.3428282496145019,0.33888680281423544,False,False,False,False,12069865.0,8805771.825581012,False,False,False,False,270932.68660510954,False,False,False,False
2025-07-01 17:00:00+00:00,68.915,69.19,68.895,69.1,290733.0,,69.12727379713971,65.27964852705001,61.795616608128036,61.25858690950345,59.30146963422074,57.45592006460188,56.62988398767772,56.05430340330963,,,62.03038725524612,61.40210985820958,61.44727147641262,59.557427863631254,58.463902129806655,57.744407465641366,57.29965927022203,,62.03038725524612,60.32319121672006,"rgba(0, 255, 255, 0.75)",4.100446341338672,62.46921946007378,1.6170875041280175,75.24553824474,20.97734201801248,True,False,True,False,True,17.337416858242452,0.0,0.0,0.0,0.0,0,0.9613073487616732,0.8147381242387335,False,False,False,False,0.33899237892823125,0.3389395908712334,False,False,False,False,11779132.0,8851870.432936344,False,False,False,False,271239.6682081311,False,False,False,False
2025-07-02 17:00:00+00:00,68.585,68.65,68.4,68.61,248219.0,,68.93410843983919,65.3663435556248,61.85740789270286,61.3031140742913,59.339847276236156,57.49488124472097,56.668500643309365,56.09200629258749,,,62.12877868006828,61.48301973733229,61.494184635185405,59.595777953611254,58.50282677579667,57.78342200865939,57.33863167451299,,62.12877868006828,60.35885672563189,"rgba(38, 166, 154, 1.0)",4.181065515732365,62.51549934868506,1.4576429449341963,72.27512438357927,20.97734201801248,True,False,True,False,False,15.829707471196656,0.0,0.0,0.0,0.0,0,0.9557454044861937,0.8145193942829383,False,False,False,False,0.3144042613736345,0.3266719261224339,False,False,False,False,11530913.0,8893405.97661175,False,False,False,False,270882.7586235089,False,False,False,False
2025-07-03 17:00:00+00:00,69.355,69.355,69.355,69.355,0.0,,68.93410843983919,65.3663435556248,61.85740789270286,61.3031140742913,59.339847276236156,57.49488124472097,56.668500643309365,56.09200629258749,,,62.12877868006828,61.48301973733229,61.494184635185405,59.595777953611254,58.50282677579667,57.78342200865939,57.33863167451299,,62.12877868006828,60.35885672563189,"rgba(0, 255, 255, 0.75)",4.273486289092613,62.51549934868506,1.600449887664708,71.91451086811679,20.97734201801248,True,False,True,False,False,17.291592191903543,0.0,0.0,0.0,0.0,0,0.9592068448157014,0.8167146506629902,False,False,False,False,0.3428282496857796,0.33475008790410676,False,False,False,False,11530913.0,8934297.558369707,False,False,False,False,266683.02593167155,False,False,False,False
2025-07-04 17:00:00+00:00,69.355,69.355,69.355,69.355,0.0,,68.93410843983919,65.3663435556248,61.85740789270286,61.3031140742913,59.339847276236156,57.49488124472097,56.668500643309365,56.09200629258749,,,62.12877868006828,61.48301973733229,61.494184635185405,59.595777953611254,58.50282677579667,57.78342200865939,57.33863167451299,,62.12877868006828,60.35885672563189,"rgba(0, 255, 255, 0.75)",4.359399730353767,62.51549934868506,1.5689088118468812,71.67410185780848,20.97734201801248,True,False,True,False,False,17.291592191903554,0.0,0.0,0.0,0.0,0,0.9586639000773022,0.8122787745636522,False,False,False,False,0.3428282496857796,0.33878916879494314,False,False,False,False,11530913.0,8974555.162115913,False,False,False,False,262548.40537459136,False,False,False,False
2025-07-07 17:00:00+00:00,68.865,68.98,68.59,68.94,181618.0,,68.91485429250947,65.43230898324207,61.90379149655716,61.33661086539753,59.36858384936378,57.52394163496218,56.69726759236736,56.12007309795834,,,62.20200314900791,61.54339616195246,61.52948178638011,59.62451264662649,58.53191514537178,57.81253669917154,57.36769272438501,,62.20200314900791,60.39393134168354,"rgba(38, 166, 154, 1.0)",4.434028594469825,62.55819097857177,1.439280078028296,69.32209567865513,23.56240335811428,False,False,True,False,False,15.987729345518147,0.0,0.0,0.0,0.0,0,0.9556648244473347,0.8140848504551368,False,False,False,False,0.3161008069445015,0.3274449878697223,False,False,False,False,11349295.0,9011372.834021091,False,False,False,False,261293.67040754342,False,False,False,False
2025-07-08 17:00:00+00:00,68.635,68.74,68.41,68.595,199217.0,,68.85550215659396,65.49663310561047,61.95212035129009,61.37177497524574,59.39906211058794,57.55493255183063,56.72800651601876,56.15010328049195,,,62.27748914159824,61.60621708710348,61.566473453702294,59.654960142873406,58.56284953899813,57.843562109231705,57.39869634066677,,62.27748914159824,60.42789219078957,"rgba(38, 166, 154, 1.0)",4.497949926415368,62.599445944006945,1.3329526015357842,66.04153028594544,20.36462412444,False,True,True,False,False,14.910213357702435,0.0,0.0,0.0,0.0,0,0.9484502711014003,0.8145180869142998,False,False,False,False,0.3063648161727613,0.3169049020212418,False,False,False,False,11150078.0,9044531.053648671,False,False,False,False,260331.24140897684,False,False,False,False
2025-07-09 17:00:00+00:00,68.795,69.32,68.735,69.295,304154.0,,68.91134316855148,65.60610328669073,62.03041853702567,61.42874338163983,59.447896256474564,57.604193685164596,56.776735941108846,56.197634777869055,,,62.39884594899779,61.707187284220026,61.62645825929122,59.70381076403976,58.61221540842884,57.89292965421118,57.44795051267497,,62.39884594899779,60.49283112442591,"rgba(38, 166, 154, 1.0)",4.574651971205801,62.6765647933552,1.446762562114708,65.92920833355703,20.143593755533303,False,True,True,False,False,16.348265472629485,0.0,0.0,0.0,0.0,0,0.9536303363518761,0.8088615782664944,False,False,False,False,0.32741631489306033,0.32216060845715105,False,False,False,False,11454232.0,9081890.758243265,False,False,False,False,261010.66402279114,False,False,False,False
2025-07-10 17:00:00+00:00,68.835,68.915,68.665,68.765,243186.0,,68.89241080239076,65.68107085645575,62.08889939893775,61.47173433891794,59.48524921695951,57.64214205426275,56.814372330907936,56.234409588235145,,,62.48813530761567,61.78242289066953,61.671623100631265,59.741130609511096,58.650106628106,57.93092256378365,57.48591267058939,,62.48813530761567,60.53736949053161,"rgba(38, 166, 154, 1.0)",4.636609464287863,62.72921654985568,1.301766624218233,63.320256214668646,17.557388045083016,False,True,True,False,False,14.689941204287088,0.0,0.0,0.0,0.0,0,0.9500524489631248,0.8089243928023886,False,False,False,False,0.31633331804598597,0.31924696325156854,False,False,False,False,11211046.0,9114900.91703019,False,False,False,False,260734.31264259282,False,False,False,False
2025-07-11 17:00:00+00:00,67.915,68.12,67.685,67.935,326273.0,,68.73204333474233,65.74960361669822,62.15581198555096,61.521871512393766,59.53025970910821,57.688715581985214,56.86086134001279,56.28002132138741,,,62.58808229540416,61.868669819215576,61.72403886382067,59.78595861358093,58.696183214167675,57.977435603743764,57.53256257165841,,62.58808229540416,60.57947462556467,"rgba(38, 166, 154, 1.0)",4.679583601634246,62.77801186053786,1.10201859363324,58.301503118386506,12.885582686612885,False,True,True,False,False,12.161403053765067,0.0,0.0,0.0,0.0,0,0.9443372719234792,0.8142432280363316,False,False,False,False,0.27555215314789056,0.2973995581997295,False,False,False,False,10884773.0,9142340.794285534,False,False,False,False,261750.4163225526,False,False,False,False
2025-07-14 17:00:00+00:00,67.515,67.95,67.51,67.855,289292.0,,68.61025558120417,65.80318808747805,62.212439022970536,61.5647066725653,59.569100666066966,57.729091156163996,56.90123239940149,56.31967741867951,,,62.671393391618565,61.94139135076026,61.76873571678863,59.82461060157117,58.73603354005589,58.0177327585894,57.57301753124195,,62.671393391618565,60.61617372634373,"rgba(38, 166, 154, 1.0)",4.72194816070993,62.81950463086834,1.0664020861200212,54.66560392683638,9.651956783688412,False,True,True,False,False,11.920394044888535,0.0,0.0,0.0,0.0,0,0.9379160111339712,0.8174996974464482,False,False,False,False,0.2677322233290799,0.28256589076440475,False,False,False,False,10595481.0,9164870.099800486,False,False,False,False,262177.4176198773,False,False,False,False
2025-07-15 17:00:00+00:00,67.365,67.525,67.135,67.135,254789.0,,68.47510180673571,65.83652768335355,62.256914840048175,61.59890952819616,59.60091283260687,57.76260378037315,56.93489613270995,56.352842619269786,,,62.735509372813645,61.99853317077395,61.8042813245971,59.85619342222299,58.768890430750716,58.05112078923732,57.60662672154609,,62.735509372813645,60.64265763034902,"rgba(38, 166, 154, 0.5)",4.752313187346777,63.240323179239084,0.8195328605721216,49.80292487075882,5.3335464236649415,False,True,False,True,False,9.767827671271103,0.0,0.0,0.0,0.0,0,0.9335321859002785,0.8196219114031201,False,False,False,False,0.24971971125942774,0.26614280101191623,False,False,False,False,10340692.0,9183099.896702806,False,False,False,False,262062.8685094916,False,False,False,False
2025-07-16 17:00:00+00:00,67.48,67.49,67.22,67.385,248762.0,,68.37593840068266,65.86982162448977,62.30044169742819,61.63249204144903,59.63212172877312,57.795439135692256,56.96786936166828,56.385324929966764,,,62.7977495309637,62.05418919033475,61.839172773551915,59.887184264065006,58.80110148461724,58.08383851361553,57.63955418783722,,62.7977495309637,60.67081592434236,"rgba(38, 166, 154, 0.5)",4.78471483047929,63.271865794352976,0.8596404072915275,47.697104578244435,3.5654152637603644,False,True,False,True,False,10.335220837084066,0.0,0.0,0.0,0.0,0,0.9328098437626492,0.8239698858576868,False,False,False,False,0.2508407410470229,0.2584917710294696,False,False,False,False,10589454.0,9204903.836288808,False,False,False,False,261856.65349384057,False,False,False,False
2025-07-17 17:00:00+00:00,68.275,68.465,68.125,68.29,297611.0,,68.367962791681,65.93137402305298,62.36091943916857,61.678582409634,59.67357397665697,57.838210801464854,57.01054247432249,56.427199339300564,,,62.884742971562,62.13065340725108,61.88726167022409,59.928487619123196,58.843465164802026,58.126565311048076,57.68238929428557,,62.884742971562,60.71812871290517,"rgba(38, 166, 154, 1.0)",4.78930222305747,63.344683486180585,1.032575578548967,49.83583720970448,3.5654152637603644,False,True,False,False,False,12.348195632284376,0.0,0.0,0.0,0.0,0,0.9347163149024963,0.8179520102720491,False,False,False,False,0.2934702205120936,0.2759809957707816,False,False,False,False,10887065.0,9230983.854330841,False,False,False,False,262410.9844474244,False,False,False,False
2025-07-18 17:00:00+00:00,68.225,68.25,67.96,68.055,233373.0,,68.3482818388643,65.97349311976024,62.405886669544685,61.71317425633061,59.70503594862549,57.870854499340936,57.043176588808564,56.45926617231737,,,62.94854283075722,62.18736322746081,61.92328164463199,59.95980617545359,58.87570631021136,58.15914982564322,57.7150941458919,,62.94854283075722,60.75254088357615,"rgba(38, 166, 154, 0.5)",4.730616924512692,63.38628534987862,0.9869145451049852,50.322339590987156,3.5654152637603644,False,True,False,False,True,11.633616727594134,0.0,0.0,0.0,0.0,0,0.9327365110089527,0.820791999354787,False,False,False,False,0.2847742814983548,0.2803776386345682,False,False,False,False,10653692.0,9253041.344961371,False,False,False,False,261960.78313816202,False,False,False,False
2025-07-21 17:00:00+00:00,68.585,68.615,68.26,68.355,211445.0,,68.35198161658877,66.0158510828188,62.448295357617226,61.745760178968744,59.73442525294545,57.901177429318565,57.07343505864893,56.48896750710803,,,63.00854598945827,62.24057073354727,61.957241736474124,59.98908985403686,58.905737667826536,58.189439621798215,57.74546237997201,,63.00854598945827,60.78639876447518,"rgba(38, 166, 154, 1.0)",4.665447582402311,63.42865283131293,1.0559216627508268,51.776372904844884,3.5654152637603644,False,True,False,False,True,12.301774187192215,0.0,0.0,0.0,0.0,0,0.932043931195995,0.8217314059597841,False,False,False,False,0.3000205448130804,0.2901990917238243,False,False,False,False,10865137.0,9278035.07604724,False,False,False,False,261177.59270191143,False,False,False,False
2025-07-22 17:00:00+00:00,68.36,68.51,68.075,68.155,241529.0,,68.34523229657516,66.05928841835582,62.49470347150864,61.781693685648996,59.76712666309252,57.93506681354431,57.10730698836131,56.5222521897013,,,63.073468685118556,62.2986660763339,61.994630162500876,60.02164860115853,58.939225620513604,58.22327127266488,57.77941295907933,,63.073468685118556,60.82286626027717,"rgba(38, 166, 154, 1.0)",4.555295489866646,63.47020446818535,1.0284284613887464,51.84161375932062,3.5654152637603644,False,True,False,False,True,11.680015947475408,0.0,0.0,0.0,0.0,0,0.9264384559359072,0.8275066763777621,False,False,False,False,0.29335552231082423,0.2917773070173243,False,False,False,False,10623608.0,9298896.671767438,False,False,False,False,260872.96335769573,False,False,False,False
2025-07-23 17:00:00+00:00,68.575,68.63,68.39,68.615,175646.0,,68.3541280176966,66.09399506659116,62.52971516141924,61.80877136755083,59.79158174994218,57.96028192662837,57.13246707674366,56.54695245598828,,,63.122345395472486,62.342297460316324,62.02282616856003,60.04601834336671,58.96420427769598,58.24845994227488,57.80466490738015,,63.122345395472486,60.851247287841794,"rgba(38, 166, 154, 1.0)",4.554632257383619,63.50391514642507,1.122172892287676,53.70604016386387,-1.5961355309310221,False,True,True,False,True,12.720994799768466,0.0,0.0,0.0,0.0,0,0.9258376106373525,0.8246372711473958,False,False,False,False,0.30336275348542335,0.29757003025137385,False,False,False,False,10799254.0,9322158.025693525,False,False,False,False,259551.61508858416,False,False,False,False
2025-07-24 17:00:00+00:00,68.205,68.59,68.095,68.295,217022.0,,68.35269588735618,66.13185884372335,62.57086872523135,61.84085490614814,59.82086106077372,57.9906325560826,57.162809725275295,56.57677860097684,,,63.17915941852708,62.39350401346226,62.05617562984543,60.07516836312389,58.994188940233094,58.278756551682456,57.835071251550744,,63.17915941852708,60.88395896493283,"rgba(38, 166, 154, 1.0)",4.51775442305427,63.539986453817484,1.0525170473891865,53.38409109359731,-1.5861165616415676,False,True,True,False,True,11.7091080714187,0.0,0.0,0.0,0.0,0,0.9276220446358334,0.8200074531075324,False,False,False,False,0.29565091710549884,0.29661047367843635,False,False,False,False,10582232.0,9341694.056302927,False,False,False,False,258892.24121124175,False,False,False,False
2025-07-25 17:00:00+00:00,68.675,68.815,68.565,68.7,173378.0,,68.3663202441874,66.16609892915405,62.60539646505127,61.867696499153595,59.84511036539622,58.01560777828407,57.187724689368004,56.601238470921174,,,63.22683444427866,62.43627679272735,62.08410906347521,60.099337429948044,59.01894166271357,58.30370829344926,57.86008132173412,,63.22683444427866,60.912298829989474,"rgba(38, 166, 154, 1.0)",4.495573089763395,64.02456321553979,1.0400090691677062,54.81173786567762,0.11003338475610747,False,True,True,False,True,12.638131022914397,0.0,0.0,0.0,0.0,0,0.9265143992055618,0.8187686196623641,False,False,False,False,0.31168934433633544,0.3041499090073859,False,False,False,False,10755610.0,9363615.233724587,False,False,False,False,257566.43902192017,False,False,False,False
2025-07-28 17:00:00+00:00,67.645,67.935,67.575,67.925,212844.0,,68.34036079164869,66.19266693779625,62.64119288796517,61.8961425030955,59.87175059560163,58.04359065960321,57.21583164752123,56.628951861813555,,,63.27498663494594,62.48071036529192,62.113549280113006,60.12579838043625,59.0464030172342,58.331591226601255,57.88814134301912,,63.27498663494594,60.939444542179125,"rgba(38, 166, 154, 0.5)",4.459561134631175,64.01770150960769,0.8761621093272572,52.24020796145332,0.11003338475610747,False,True,False,False,False,10.196240104105314,0.0,0.0,0.0,0.0,0,0.9200823892893929,0.8252111225540685,False,False,False,False,0.268863545641844,0.28650672732461496,False,False,False,False,10542766.0,9381896.640953662,False,False,False,False,256873.06787429348,False,False,False,False
2025-07-29 17:00:00+00:00,68.515,68.635,67.825,67.985,270730.0,,68.32957137315871,66.23202055052549,62.688938384177725,61.933970749136535,59.90680560106808,58.080172551067704,57.25249765924182,56.66506025227868,,,63.339230496499134,62.53968085932681,62.152748556960354,60.160657409507515,59.08241815553213,58.36807305278326,57.92480800481323,,63.339230496499134,60.97711024373848,"rgba(38, 166, 154, 0.5)",4.414341459665518,64.05239300216593,0.8908705938964792,50.80294678273168,0.11003338475610747,False,True,False,False,False,10.338571895982213,0.0,0.0,0.0,0.0,0,0.9214297548045068,0.8288601722995367,False,False,False,False,0.29049049635292545,0.28849861183877024,False,False,False,False,10813496.0,9404091.979853604,False,False,False,False,257087.90403128118,False,False,False,False
2025-07-30 17:00:00+00:00,68.385,68.575,67.845,68.275,293614.0,,68.32394809716718,66.2747283646687,62.74056882317358,61.97502570503395,59.944870616047666,58.119874279934436,57.29228795377168,56.70424809974656,,,63.4081916846132,62.60319416825893,62.1952725739414,60.19851300821691,59.12151283594729,58.407667826632924,57.96460063235234,,63.4081916846132,61.01830031130045,"rgba(38, 166, 154, 0.5)",4.333341227989964,64.09332975978883,0.9649990665865146,51.21105002140038,0.11003338475610747,False,True,False,False,False,11.031500592827808,0.0,0.0,0.0,0.0,0,0.9199006005384143,0.8308138330917381,False,False,False,False,0.2895746690352221,0.2890366404369962,False,False,False,False,11107110.0,9430495.360010913,False,False,False,False,257654.20009281172,False,False,False,False
2025-07-31 17:00:00+00:00,68.445,68.465,67.88,68.08,324590.0,,68.31306504020627,66.31779169760567,62.79562084606342,62.01914944279149,59.98609571978484,58.1630172058073,57.335582620481205,56.746926511931015,,,63.48081947110615,62.67068189705946,62.2409050918806,60.23948693183835,59.16392182089511,58.45067385566113,58.00785277203795,,63.48081947110615,61.062106061676666,"rgba(38, 166, 154, 0.5)",4.241364836426482,64.13365307134268,0.9304426949468166,50.5084914284449,0.11003338475610747,False,True,False,False,False,10.403543911347992,0.0,0.0,0.0,0.0,0,0.9190981432360747,0.8334714854111411,False,False,False,False,0.2878587645202537,0.28844770247862495,False,False,False,False,10782520.0,9451456.982336326,False,False,False,False,258691.96443245804,False,False,False,False
2025-08-01 17:00:00+00:00,67.02,67.225,66.855,67.095,329308.0,,68.24140350244313,66.33472525582827,62.83924996963954,62.05546642275796,60.02199876242283,58.2016984185157,57.37478668776501,56.78581528994331,,,63.53565510183772,62.72426132560129,62.27812154908823,60.274986718583314,59.20139876882329,58.489084179545245,58.04670851809308,,63.53565510183772,61.09369069805919,"rgba(38, 166, 154, 0.5)",4.13083953249731,64.46624961557049,0.6363719441893427,46.07816674562969,0.26234139237126897,False,True,False,True,False,7.306950109081413,0.0,0.0,0.0,0.0,0,0.912182469430607,0.8409156408250654,False,False,False,False,0.23675982920848865,0.2626037658435568,False,False,False,False,10453212.0,9466988.067881498,False,False,False,False,259786.78668931915,False,False,False,False
2025-08-04 17:00:00+00:00,68.365,68.49,68.045,68.49,312835.0,,68.24656342998395,66.37739435689635,62.892235184383814,62.09821164325241,60.06192919659746,58.24341396941751,57.41663497954496,56.82706949082862,,,63.604631604729796,62.78867909968981,62.32229728809309,60.31468576915714,59.24243450742351,58.53067417658031,58.08852558810938,,63.604631604729796,61.137025352312534,"rgba(38, 166, 154, 0.5)",3.982298887882698,64.54904011616779,0.9896193115548717,48.94925309030378,0.26234139237126897,False,True,False,False,True,10.677370245431106,0.0,0.0,0.0,0.0,1,0.913304791700972,0.8414292771282733,False,False,False,False,0.29220895240153383,0.2774063591225453,False,False,False,False,10766047.0,9487128.516441476,False,False,False,False,260609.2396088646,False,False,False,False
2025-08-05 17:00:00+00:00,67.955,67.985,67.445,67.52,223549.0,,68.22540266043275,66.39643938135688,62.92475015712916,62.12505794538601,60.087865009382426,58.27098645680312,57.4444633570632,56.85460936735908,,,63.64569931011459,62.82819185119425,62.34989032248533,60.34039190407367,59.26932135673718,58.55809944470976,58.116198351016195,,63.64569931011459,61.16249112501625,"rgba(38, 166, 154, 0.5)",3.83278198306779,64.565477946787,0.7708557560188106,47.603806178413414,0.26234139237126897,False,True,False,True,True,7.7538921821352,0.0,0.0,0.0,0.0,1,0.9078650764375594,0.8410590597975334,False,False,False,False,0.2670537512947055,0.2722300552086254,False,False,False,False,10542498.0,9503490.834016025,False,False,False,False,260034.6622505876,False,False,False,False
2025-08-06 17:00:00+00:00,69.025,69.345,68.95,69.215,218063.0,,68.25699327382321,66.43634559745458,62.966107623973485,62.1581325393462,60.118045070991585,58.302060686428305,57.47548472162275,56.885102210344314,,,63.69986813415187,62.87807749700993,62.38417274711967,60.37047251572592,59.300110047077006,58.58913920803153,58.14731724937457,,63.69986813415187,61.19782860816499,"rgba(38, 166, 154, 1.0)",3.708234224406865,64.62730581419756,1.2371640808466604,51.48237748545029,-3.2612365030179262,False,True,True,False,True,11.610646099171,0.0,0.0,0.0,0.0,1,0.9079428246568673,0.8391943474376681,False,False,False,False,0.3330456687507729,0.30263786197969916,False,False,False,False,10760561.0,9522980.293953761,False,False,False,False,259383.93880484204,False,False,False,False
2025-08-07 17:00:00+00:00,69.525,69.93,69.435,69.93,310755.0,,68.32559431342035,66.50322509737083,63.02966985666701,62.208687427393365,60.163513170559916,58.34844641053006,57.521644611894914,56.93038869279294,,,63.78345188211287,62.95442284152952,62.43666817014625,60.41586176075286,59.346281834130714,58.63553043279174,58.19373983730533,,63.78345188211287,61.25314175595991,"rgba(38, 166, 154, 1.0)",3.605681018005187,64.72356428749362,1.4439534963042315,55.56074395777436,0.42877169744867416,False,True,True,False,True,13.137826064403924,0.0,0.0,0.0,0.0,0,0.909788166544924,0.8369450531612702,False,False,False,False,0.34282824978266463,0.3227330558811819,False,False,False,False,11071316.0,9546985.498698665,False,False,False,False,260180.38936600726,False,False,False,False
2025-08-08 17:00:00+00:00,71.635,72.02,71.485,71.805,852111.0,71.77,68.7075980865815,66.77823989508381,63.24813084088758,62.379810940116634,60.31160072156407,58.49573760767129,57.66689682020311,57.07209515323783,,,64.07426225920565,63.2144875594704,62.615211149480324,60.56431661796237,59.494789547622766,58.78334936433758,58.340881408892564,,64.07426225920565,62.094837998269846,"rgba(0, 255, 255, 0.75)",3.5438519634344274,65.6732677116384,1.730245041731146,61.239994436460535,5.496826724690479,False,False,True,False,True,16.88441187939573,0.0,0.0,0.0,0.0,0,0.9192559034598891,0.8335805636852027,False,True,False,False,0.34282825031373193,0.3327806530974569,False,False,False,False,11923427.0,9583829.552982407,False,False,False,False,269357.60813552653,False,False,False,False
2025-08-11 17:00:00+00:00,71.185,71.195,70.34,70.695,500959.0,71.38988817528535,68.83220690688566,66.89633695723326,63.35667342684537,62.46689559487427,60.38926739535644,58.574249940401174,57.7448005677372,57.148417140685325,,,64.21403526150975,63.342838035782805,62.7056063418733,60.64196394294759,59.57328751062338,58.86196159431304,58.41940684361044,,64.21403526150975,62.159864727247765,"rgba(38, 166, 154, 1.0)",3.451739295219362,65.76902379720345,1.4270997261059069,61.634137576716626,5.690117170467367,False,False,True,False,True,13.641441745958673,0.0,0.0,0.0,0.0,0,0.9117857711284424,0.8357472544962603,False,False,False,False,0.30293729645469014,0.3178589747760735,False,False,False,False,11422468.0,9612335.575416788,False,False,False,False,272948.32738923933,False,False,False,False
2025-08-12 17:00:00+00:00,71.315,71.5,71.155,71.39,311814.0,71.38210542195934,68.92455210824093,66.97736892131763,63.42806551553244,62.524086044076206,60.43981927198537,58.62501685803462,57.79505873009233,57.197588763348946,,,64.30590527795816,63.42689363174192,62.76502233840505,60.69255795909589,59.62421306622214,58.912837954818556,58.47015853725075,,64.30590527795816,62.218203150005024,"rgba(0, 255, 255, 0.75)",3.3756850329141685,65.85113614085935,1.6408118071249809,63.02249377858107,7.04885284392865,True,False,True,False,True,14.994534804807909,0.0,0.0,0.0,0.0,0,0.910237865638059,0.8385969141755069,False,False,False,False,0.32549415685869576,0.32167656581738463,False,False,False,False,11734282.0,9645233.969596373,False,False,False,False,273550.89595684805,False,False,False,False
2025-08-13 17:00:00+00:00,70.455,70.865,70.27,70.27,771805.0,71.0926742032597,69.05311545165209,67.127863579384,63.580371100436096,62.64872031296701,60.55302849005405,58.74038478207641,57.909901140759175,57.31036808327238,,,64.49625830027537,63.60525842760365,62.893910816467155,60.805581712379535,59.739069433125124,59.028215751464955,58.585614369611164,,64.49625830027537,62.323145997174244,"rgba(38, 166, 154, 1.0)",3.2789397690424704,65.97050601079036,1.3112451865699237,60.87542504365887,7.04885284392865,False,False,True,False,True,11.845293426743108,0.0,0.0,0.0,0.0,0,0.8990345937248598,0.8483507642799685,False,False,False,False,0.29495430565745984,0.30831543573742226,False,False,False,False,10962477.0,9665656.34216077,False,False,False,False,281275.7657869744,False,False,False,False
2025-08-14 17:00:00+00:00,69.485,69.67,69.075,69.27,289209.0,70.90654428620097,69.06174656884097,67.16300383594796,63.62667241076628,62.68781738829944,60.59003456512368,58.77892865877071,57.94857630180409,57.348549299450234,,,64.5516628793181,63.659164374848416,62.93406312570629,60.842389048159944,59.777016888356506,59.06664657188406,58.62424751147116,,64.5516628793181,62.3479414821843,"rgba(38, 166, 154, 1.0)",3.1682581723789682,65.98550511347244,1.0366878921553626,57.11745322459052,7.04885284392865,False,False,True,False,False,9.162038350958607,0.0,0.0,0.0,0.0,0,0.8912307263237585,0.8529423483007296,False,False,False,False,0.2479718336168115,0.2781436346771169,False,False,False,False,10673268.0,9681278.22832882,False,False,False,False,281398.7616662461,False,False,False,False
2025-08-15 17:00:00+00:00,66.135,66.405,65.86,66.21,879898.0,69.74787049516944,68.81697003237647,67.1166536405731,63.68713036037872,62.74844959493118,60.660492334876295,58.85968866318585,58.03224204983192,57.43281855902064,,66.15833333333333,64.6057133936062,63.728669336938516,62.99404541551101,60.91125168182018,59.85285427181677,59.14616882213243,58.70571255306219,66.15833333333333,64.6057133936062,62.54147438462143,#000000,3.065583557750272,66.02687925911464,0.05973438251989561,49.68375251092047,6.370639629412551,False,True,False,True,False,1.7569735071487322,1.0,66.405,65.86,0.0,0,0.8910887222742898,0.8622696032489852,False,False,False,False,0.12524022325889195,0.20169192896800442,False,False,True,False,9793370.0,9683016.085253954,False,False,False,False,290677.81962490897,False,False,False,False
2025-08-18 17:00:00+00:00,66.605,67.105,66.465,66.945,504316.0,69.39086656357135,68.7257682483042,67.10948381300709,63.72967948775618,62.78899704907903,60.70497340535391,58.909423295737426,58.08337980451838,57.48410262017549,,66.40608034354996,64.64794757174079,63.777459916700856,63.03460296904997,60.95493362790429,59.900114030340994,59.19529079593557,58.75580340959872,66.40608034354996,64.64794757174079,62.56464158543083,#000000,2.957977437797959,66.00085801032951,0.3191849868785148,46.34760983027152,3.474936685985952,False,True,False,True,False,3.303127231055811,0.0,0.0,0.0,0.0,0,0.8935392275078773,0.8533198490800892,False,False,False,False,0.14954319011289602,0.17561755954045022,False,False,False,False,10297686.0,9692545.851374047,False,False,False,False,293990.03947568557,False,False,False,False
2025-08-19 17:00:00+00:00,67.055,67.21,66.69,66.77,336035.0,69.20185376311969,68.67106674814043,67.10577993527755,63.75785924952756,62.81591022748561,60.73450475335037,58.94243331193557,58.117324530195965,57.51815181539181,,66.50060964817689,64.67585609513719,63.80966337114063,63.06151611299708,60.983936496028704,59.93148253323813,59.22789376722479,58.78904988884998,66.50060964817689,64.67585609513719,62.57911130865988,#000000,2.838825956414035,65.985791444386,0.2762439711536955,43.864620540982855,1.2370346832198749,False,True,False,True,False,2.903579712926504,0.0,0.0,0.0,0.0,0,0.8986223536737239,0.8519613947696145,False,False,False,False,0.15571552813824352,0.16566654383934687,False,False,False,False,9961651.0,9696718.02422096,False,False,False,False,294641.8993287757,False,False,False,False
2025-08-20 17:00:00+00:00,66.775,67.185,66.68,67.08,228322.0,69.09340988249147,68.63754148990445,67.10437296716808,63.77727326014297,62.83440290564317,60.75470613432662,58.964963794552176,58.140479109048805,57.541371452970736,,66.55697705823053,64.69519448286752,63.83180665394765,63.08002184648013,61.00378491568874,59.952914654993286,59.25015210833613,58.81173873801632,66.55697705823053,64.69519448286752,62.590065379694636,#000000,2.7238754800155367,65.97839275807785,0.4044264321201164,42.974024496007004,0.297457540426592,False,True,False,True,False,3.562470337227378,0.0,0.0,0.0,0.0,0,0.9012297481944179,0.8526254147960185,False,False,False,False,0.15506033602426542,0.16036343993180613,False,False,False,False,10189973.0,9704365.388186526,False,False,False,False,293613.6838353063,False,False,False,False
2025-08-21 17:00:00+00:00,66.845,67.165,66.745,67.01,204999.0,69.0043400141163,68.6084087459798,67.10305266081956,63.79446117594932,62.85083415164228,60.77270883709484,58.985064556071755,58.16114613918516,57.562104030894815,,66.59661014191938,64.71222088089804,63.85137434366824,63.09645382440867,61.021469545622224,59.9720240945759,59.27000674800953,58.831982456181095,66.59661014191938,64.71222088089804,62.599662491002164,#000000,2.605033853595306,65.9720710619661,0.39843203442497116,42.25056239915912,-0.6779435711164439,False,True,False,True,False,3.397383872642447,0.0,0.0,0.0,0.0,0,0.9060431598323743,0.8462773665452555,False,False,False,False,0.15590275022242275,0.15813309507711443,False,False,False,False,9984974.0,9708715.909299914,False,False,False,False,292239.81276809226,False,False,False,False
2025-08-22 17:00:00+00:00,67.265,67.42,67.005,67.325,218440.0,68.9291683882879,68.58353402197952,67.1046135653899,63.81415014094604,62.86936519389221,60.7926283812203,59.00711048029378,58.183750129853884,57.584742399566615,,66.6567812544354,64.73227168898077,63.87378268027986,63.115049903715025,61.041069349769046,59.99307244911719,59.29180695810354,58.854172552809544,66.6567812544354,64.73227168898077,62.61335703168474,"rgba(38, 166, 154, 0.5)",2.4800707669355395,65.9712240949434,0.5458618048747779,42.66897939674459,-0.6779435711164439,False,True,False,True,False,4.08167552230945,0.0,0.0,0.0,0.0,0,0.9070738916256162,0.8494187192118232,False,False,False,False,0.16555966661778798,0.1618463808474512,False,False,False,False,10203414.0,9716385.647140225,False,False,False,False,291095.6296244009,False,False,False,False
2025-08-25 17:00:00+00:00,67.315,67.325,67.12,67.145,168679.0,68.87367957591259,68.56419682311748,67.10536248318918,63.828967447163414,62.88339543484711,60.80780023449168,59.02394436841903,58.20102588155657,57.602055382299575,,66.69262481161606,64.74721599007269,63.89061503094977,63.12911246878067,61.05599080440016,60.00912399346303,59.30844744296704,58.87111948154635,66.69262481161606,64.74721599007269,62.623216332634854,#000000,2.4092845597997155,65.96990175969391,0.48773742210167603,42.5344977899164,-1.3070342302018503,False,True,False,True,False,3.643436838801854,0.0,0.0,0.0,0.0,0,0.9086087472788448,0.8514545814367707,False,False,False,False,0.16593529908220428,0.16389083996482773,False,False,False,False,10034735.0,9721321.296021773,False,False,False,False,289197.69738216215,False,False,False,False
2025-08-26 17:00:00+00:00,67.925,68.735,67.815,68.38,260083.0,68.84715302825512,68.55884696897738,67.12028661323073,63.85903062484001,62.91038907121265,60.835105144578094,59.053282471450295,58.23081433784677,57.631711490292396,,66.84281618425204,64.7802197870197,63.92486526014707,63.156489505163876,61.08300237402513,60.03754587975996,59.337570222739934,58.900591397551246,66.84281618425204,64.7802197870197,62.653512962431904,"rgba(38, 166, 154, 1.0)",2.342099043150639,65.99174069203778,1.0197089294522235,45.91585206426283,-1.3070342302018503,False,True,False,True,True,6.308492431285224,0.0,0.0,0.0,0.0,0,0.9105443922466547,0.8456436777071578,False,False,False,False,0.20575280837713866,0.1848218241709832,False,False,False,False,10294818.0,9730212.717788877,False,False,False,False,288746.30672507436,False,False,False,False
2025-08-27 17:00:00+00:00,68.555,68.58,68.26,68.415,229949.0,68.8300237619223,68.55628010460458,67.13435069397231,63.885915392886346,62.93450680431636,60.85942889511911,59.07936916381652,58.25728707823102,57.65805968799486,,66.96235493193423,64.80977456854794,63.95544524064257,63.18095846385861,61.10707278690541,60.062840060887005,59.3634712389803,58.926793979874766,66.96235493193423,64.80977456854794,62.68023134438201,"rgba(38, 166, 154, 1.0)",2.2555387283206105,66.01170479546835,1.0655082860497203,48.260274824871274,-1.3070342302018503,False,True,False,False,True,6.3826032475969505,0.0,0.0,0.0,0.0,0,0.9207258834766002,0.8388650111429486,False,False,False,False,0.2112863516133874,0.19805408789218532,False,False,False,False,10524767.0,9742531.38883091,False,False,False,False,287834.720574298,False,False,False,False
2025-08-28 17:00:00+00:00,69.245,69.58,69.165,69.45,279679.0,68.85635517442425,68.57458252959022,67.16379739878957,63.925168561708524,62.96874873124402,60.892611914710535,59.11421127255116,58.292387662575415,57.69283601114605,,67.16815846121314,64.85466834498376,64.00012731548239,63.215925875883606,61.14003245736669,60.096983722919994,59.39816330584689,58.96173996314677,67.16815846121314,64.85466834498376,62.724499923740176,"rgba(38, 166, 154, 1.0)",2.251893193505001,66.4344877436697,1.3391009240703582,52.32964114871429,-3.5190096022047683,False,False,True,False,True,8.546046953300767,0.0,0.0,0.0,0.0,0,0.9189275327676193,0.8367395721286011,False,False,False,False,0.2479718336168115,0.2230129607544984,False,False,False,False,10804446.0,9758995.181252137,False,False,False,False,287708.2752940763,False,False,False,False
2025-08-29 17:00:00+00:00,69.055,69.135,68.85,69.13,299795.0,68.86496555027418,68.58514136028779,67.189572996978,63.96390186208172,63.003020209517786,60.92640302705491,59.150000796157514,58.328556397763776,57.72874612022581,,67.32346006563819,64.89808939275672,64.04407534691725,63.25081685886643,61.17354549828108,60.13190106081767,59.43375605621968,58.99765813147264,67.32346006563819,64.89808939275672,62.76433004301831,"rgba(38, 166, 154, 1.0)",2.2286261574227155,66.45624035202827,1.1997344817417823,53.98114405955458,-1.8487780938211955,False,False,True,False,True,7.723194043813706,0.0,0.0,0.0,0.0,0,0.9173434686937392,0.8324064812962597,False,False,False,False,0.23326288254212732,0.22813792164831287,False,False,False,False,10504651.0,9770555.736581562,False,False,False,False,287895.66637478827,False,False,False,False
2025-09-01 17:00:00+00:00,69.13,69.13,69.13,69.13,0.0,68.86496555027418,68.58514136028779,67.189572996978,63.96390186208172,63.003020209517786,60.92640302705491,59.150000796157514,58.328556397763776,57.72874612022581,,67.32346006563819,64.89808939275672,64.04407534691725,63.25081685886643,61.17354549828108,60.13190106081767,59.43375605621968,58.99765813147264,67.32346006563819,64.89808939275672,62.76433004301831,"rgba(38, 166, 154, 1.0)",2.2074908364004537,66.45624035202827,1.211221176497189,55.082146000114776,-0.6126931587542899,True,False,True,False,True,7.723194043813706,0.0,0.0,0.0,0.0,0,0.915561111335135,0.8332997298278164,False,False,False,False,0.23857344606104772,0.2333556838546803,False,False,False,False,10504651.0,9781937.058495026,False,False,False,False,283432.16767130315,False,False,False,False
2025-09-02 17:00:00+00:00,68.105,68.32,67.73,67.8,513707.0,68.79634687411799,68.5612923051145,67.20707749242116,64.01497973314083,63.05042512381831,60.975976284036584,59.20404661199621,58.38372887257748,57.78388264682547,,67.40150701002756,64.95141681581998,64.10159749439002,63.298579388676075,61.2224588724743,60.18386880561121,59.487295901161986,59.05200614162627,67.40150701002756,64.95141681581998,62.804499198460945,"rgba(38, 166, 154, 0.5)",2.164091370404363,66.43481823859292,0.6308336977250578,51.67420684229087,-0.6126931587542899,False,False,False,False,False,4.341411059713273,0.0,0.0,0.0,0.0,0,0.9161505670393314,0.8320598407464014,False,False,False,False,0.19624111752935952,0.21479840069201991,False,False,False,False,9990944.0,9785177.476192778,False,False,False,False,287002.3201105078,False,False,False,False
2025-09-03 17:00:00+00:00,67.415,67.8,67.38,67.69,348103.0,68.73961791672751,68.53801864064381,67.21347075608725,64.04604187569758,63.07992750317248,61.0076177777304,59.23894001847681,58.4194926678972,57.81971817132542,,67.41877407672844,64.98268350423744,64.1363949734813,63.328162082399245,61.253614581236626,60.21722794809294,59.52180932317983,59.08712209192214,67.41877407672844,64.98268350423744,62.82639022994332,"rgba(38, 166, 154, 0.5)",2.113027348752435,66.42301759358051,0.5996053042889073,49.10642709906254,4.872726238609012,False,True,False,False,False,4.0686153462243375,0.0,0.0,0.0,0.0,0,0.9130012150668291,0.8394491697043343,False,False,False,False,0.17977293673067476,0.19728566871134734,False,False,False,False,9642841.0,9782970.709120022,False,False,False,False,287949.6174731356,False,False,False,False
2025-09-04 17:00:00+00:00,68.165,68.36,67.88,67.965,327903.0,68.71036972341125,68.52729131467291,67.22566227944297,64.07839573158785,63.1100598295092,61.03913524977022,59.27327559852388,58.45454544094004,57.854757707184795,,67.4631483499267,65.01632553962524,64.17265364356133,63.35850928197743,61.28471721833536,60.25025053489898,59.555824308913714,59.121648873426,67.4631483499267,65.01632553962524,62.85273944857105,"rgba(38, 166, 154, 0.5)",2.0632686217273237,66.43181799098961,0.7430840525878023,48.37898134703585,4.016117254752928,False,True,False,True,False,4.685348623885602,0.0,0.0,0.0,0.0,0,0.9295237313861432,0.8304549370308083,False,False,False,False,0.19985134165029164,0.19856850518081948,False,False,False,False,9970744.0,9785881.922932114,False,False,False,False,288569.0497603738,False,False,False,False
2025-09-05 17:00:00+00:00,66.79,67.15,66.625,66.885,450166.0,68.6074394335052,68.47741289269888,67.21915256114582,64.10906823817879,63.1411206782338,61.07475158422762,59.31370585859601,58.49639113444224,57.89695322376485,,67.413718103148,65.04390789889041,64.20658340119482,63.38924896558703,61.31959935259688,60.28835190676355,59.5956621179851,59.162415509120066,67.413718103148,65.04390789889041,62.86796958000464,#000000,2.0042672000030755,66.39917620564769,0.2423947237930991,44.9395391372432,0.6124693612600609,False,True,False,True,False,2.0023054626889625,0.0,0.0,0.0,0.0,0,0.9354944738896424,0.823493159127327,False,False,False,False,0.1533761611804137,0.17597233318061659,False,False,False,False,9520578.0,9781768.683816887,False,False,False,False,291074.4288338563,False,False,False,False
2025-09-08 17:00:00+00:00,66.685,66.88,66.455,66.865,334679.0,68.53196713229806,68.43886340365368,67.21231435489739,64.1302061181748,63.162952094333676,61.10025966947468,59.342883825206926,58.52666977202111,57.92753840765483,,67.37294450145481,65.06222976586415,64.22985193248059,63.410770853818285,61.34454591376731,60.31574459515906,59.624383332261836,59.19185124470321,67.37294450145481,65.06222976586415,62.877998642189674,#000000,1.9422558700809784,66.37637172305584,0.25157770635224425,42.596848140225504,-1.6999613825846893,False,True,False,True,False,1.9533437228662116,0.0,0.0,0.0,0.0,0,0.9349713956455533,0.8215829114705524,False,False,False,False,0.14515464894141844,0.16056349106101753,False,False,False,False,9185899.0,9772530.394145308,False,False,False,False,291750.4686968973,False,False,False,False
2025-09-09 17:00:00+00:00,67.115,67.435,67.08,67.335,216547.0,68.50025825169456,68.42257080704923,67.21295531096607,64.14655399667105,63.17909109217012,61.118241484473295,59.363036749599175,58.54744763906437,57.948444341567644,,67.36959955642126,65.07770675198938,64.24793806341235,63.426829930566896,61.362199881728145,60.33485309190949,59.64427219510021,59.212155496289064,67.36959955642126,65.07770675198938,62.889067920039544,"rgba(38, 166, 154, 0.5)",1.8931239899807384,66.37295941029345,0.5081762181442405,42.9783856127702,-1.6999613825846893,False,True,False,True,False,3.050386009986628,0.0,0.0,0.0,0.0,0,0.9440950095175041,0.812670694363983,False,False,False,False,0.1672503789193136,0.16390693499016556,False,False,False,False,9402446.0,9766792.65160042,False,False,False,False,290584.5234457826,False,False,False,False
2025-09-10 17:00:00+00:00,68.055,68.195,67.815,68.135,202823.0,68.48975876174869,68.41769301178925,67.21995769926313,64.16540974543757,63.19688925692079,61.13706721124908,59.38363410722535,58.56851583293971,57.9695385150877,,67.39252760450333,65.09696893251804,64.26890531472168,63.44471072807135,61.38076411929976,60.354615746747044,59.664663260987716,59.23287449967293,67.39252760450333,65.09696893251804,62.90497025577548,"rgba(38, 166, 154, 0.5)",1.8306147419193577,66.38206410853718,0.9575667950892348,46.090718819514834,-1.6999613825846893,False,True,False,True,True,4.8794725554929705,0.0,0.0,0.0,0.0,0,0.9424016563147,0.8141614906832302,False,False,False,False,0.19548171654828403,0.17969432576922478,False,False,False,False,9605269.0,9764288.408939948,False,False,False,False,289223.8796714294,False,False,False,False
2025-09-11 17:00:00+00:00,68.245,68.365,67.505,67.67,441637.0,68.45879235811745,68.40193408159598,67.23119137836022,64.2037433236641,63.23360491852477,61.17652168756069,59.42711157563917,58.613100030015644,58.014253622356506,,67.42364334772004,65.13525155208282,64.3113756945283,63.481485847764276,61.41962044662833,60.39618074451973,59.70766343318085,59.27663026946386,67.42364334772004,65.13525155208282,62.93600613598369,"rgba(38, 166, 154, 0.5)",1.752176317282591,66.39482133604889,0.7277684622109002,46.58524143540656,-1.6999613825846893,False,True,False,True,True,3.692943258279808,0.0,0.0,0.0,0.0,0,0.9367559523809526,0.8179563492063496,False,False,False,False,0.19282555948076727,0.186259942624996,False,False,False,False,9163632.0,9754975.906475764,False,False,False,False,291586.87378505064,False,False,False,False
2025-09-12 17:00:00+00:00,66.325,66.575,66.14,66.505,467041.0,68.35935706762224,68.34535344984963,67.21585248861376,64.22773804942474,63.259881918955855,61.20884461240572,59.46482556389625,58.652504361587404,58.05424126023203,66.40666666666667,67.35493461357656,65.15369941104777,64.3373527966465,63.50710298597549,61.45111346551613,60.43123862197676,59.7446891315718,59.31472768253052,67.35493461357656,65.15369941104777,63.13834023044976,#000000,1.6714962898092172,66.52657491598677,-0.012907546441062134,43.68841374743863,-1.6999613825846893,False,True,False,True,False,0.8139586160992494,0.0,0.0,0.0,0.0,0,0.9378080841275059,0.8223381531383507,False,False,False,False,0.13360251664940545,0.15993122963720074,False,False,False,False,8696591.0,9738566.83815831,False,False,False,False,294307.09279613517,False,False,False,False
2025-09-15 17:00:00+00:00,66.735,67.04,66.625,67.04,264599.0,68.32041010041976,68.32252633313374,67.21257563761716,64.24413743763128,63.27688830027978,61.22870738097582,59.48752258880539,58.67606616433037,58.0780599700257,66.58568435979444,67.33822462869563,65.16795120754634,64.3552387027192,63.52386189065637,61.470544399275376,60.45254989857111,59.76702990119246,59.33762532788267,67.33822462869563,65.16795120754634,63.15808912386404,#000000,1.6131046306884986,66.5294546728486,0.3164985813310177,43.72626931705507,-1.6999613825846893,False,True,False,True,False,2.0643478074722275,0.0,0.0,0.0,0.0,0,0.9388868228585596,0.8248832692863934,False,False,False,False,0.1513188960537251,0.1556250628454629,False,False,False,False,8961190.0,9726514.484078335,False,False,False,False,293846.50221014855,False,False,False,False
2025-09-16 17:00:00+00:00,66.935,67.28,66.855,66.92,351450.0,68.2757854173176,68.29569953454855,67.2099215560332,64.26655388622902,63.29995189129199,61.25541468263747,59.517927277200236,58.707595411667505,58.109914945721776,66.72607387659383,67.32329196358009,65.1877753838113,64.37968408188723,63.54662753435823,61.496689889926124,60.48114835393916,59.796970672309094,59.36829176890478,67.32329196358009,65.1877753838113,63.18029545155318,#000000,1.5673233107305864,66.53088253732867,0.24826879049604303,43.409285086475734,-1.8558693192871871,False,True,False,True,False,1.7682018763092877,0.0,0.0,0.0,0.0,0,0.9462459104650681,0.8186110075785815,False,False,False,False,0.16011814027306606,0.1578716015592645,False,False,False,False,8609740.0,9709200.15099185,False,False,False,False,294739.57969526254,False,False,False,False
2025-09-17 17:00:00+00:00,67.115,67.88,66.9,67.725,270482.0,68.25589177243634,68.28332528343692,67.21295758363676,64.2865479704216,63.31979151556581,61.27751175409442,59.54265776229645,58.733100856141505,58.13559870589277,66.88105927008931,67.32947802495565,65.20669817835642,64.4015847903741,63.566358665757,61.51839143566903,60.50460395739277,59.82137682555694,59.393207593935074,67.32947802495565,65.20669817835642,63.203896774778286,"rgba(38, 166, 154, 0.5)",1.5173727502041765,66.54333497938762,0.7787572436986016,46.06496551383654,-1.8558693192871871,False,True,False,True,True,3.6452007416278214,0.0,0.0,0.0,0.0,0,0.9552808429436654,0.8114577283663822,False,False,False,False,0.17223413134737728,0.1650528664533209,False,False,False,False,8880222.0,9696347.776557868,False,False,False,False,294363.4931883592,False,False,False,False
2025-09-18 17:00:00+00:00,68.435,68.76,68.22,68.64,326704.0,68.26444502150493,68.28806749293886,67.22943079126696,64.31806459930871,63.34939487167675,61.30841221554144,59.576195575263206,58.767335984988215,58.169852840886705,67.20361495274189,67.37814657273648,65.23930167946384,64.43635549584005,63.59614949665451,61.54890833574292,60.536900181543665,59.85460827772645,59.426927425226,67.37814657273648,65.23930167946384,63.24956176728065,"rgba(38, 166, 154, 1.0)",1.4745206183886255,66.86731789203566,1.2022091016275867,50.44831872659864,-4.329430489224514,False,False,False,False,True,5.705186327515179,0.0,0.0,0.0,0.0,0,0.9549728677353878,0.8082100990016987,False,False,False,False,0.21396226748646122,0.18950756696989107,False,False,False,False,9206926.0,9688759.84203759,False,False,False,False,294864.8963947412,False,False,False,False
2025-09-19 17:00:00+00:00,68.145,68.415,67.765,68.17,410067.0,68.2590641814008,68.2841828178496,67.24304267680326,64.35306733356249,63.383088133536695,61.344578384150125,59.6159674002344,58.808123041572955,58.21078732424947,67.38273023534096,67.41362443884911,65.27419847763151,64.47476231543442,63.62988162816934,61.58454184909369,60.574946727352014,59.893946730984666,59.46695126561771,67.41362443884911,65.27419847763151,63.28874916454629,"rgba(38, 166, 154, 0.5)",1.4597439087998956,66.87941826414324,0.8841151712136907,51.688450502874666,-3.1320753901265164,True,False,True,False,True,4.502172340815445,0.0,0.0,0.0,0.0,0,0.9500350703469902,0.8105376077897433,False,False,False,False,0.1987107196317008,0.19410914330079593,False,False,False,False,8796859.0,9674931.922006,False,False,False,False,296650.9755204041,False,False,False,False
2025-09-22 17:00:00+00:00,67.495,67.91,67.38,67.735,291565.0,68.2443247777353,68.27452170251439,67.2477037810096,64.37469020900538,63.404548026656045,61.36839843512354,59.64256372024587,58.83554181724861,58.23839955280346,67.41850644245426,67.42225729245065,65.29472420122434,64.49833320845754,63.65123022590214,61.60794637683059,60.600196319592335,59.92019980728694,59.49374372486298,67.42225729245065,65.29472420122434,63.30765720118911,"rgba(38, 166, 154, 0.5)",1.441916070703865,66.8744172614496,0.5968327533310007,51.04359804357711,-3.1320753901265164,False,False,False,False,True,3.3984946119648214,0.0,0.0,0.0,0.0,0,0.9434351775392237,0.818868703550785,False,False,False,False,0.18184962214229963,0.1879793827215478,False,False,False,False,8505294.0,9656798.000734588,False,False,False,False,296572.1231867544,False,False,False,False
2025-09-23 17:00:00+00:00,67.245,67.61,67.07,67.535,386279.0,68.21717086277084,68.25662819977215,67.24992078902376,64.40059894562769,63.4308739797474,61.39834235415091,59.676355237512354,58.87050579806542,58.27369474401142,67.41662172329157,67.42153380992242,65.31835920206228,64.52642228553611,63.677294487402975,61.63731053116675,60.63210675288743,59.95350797650435,59.52780883104064,67.42153380992242,65.31835920206228,63.32694758391647,#000000,1.40672822759246,66.8619044120543,0.47848303228951533,49.942837833187546,-3.1320753901265164,False,False,False,False,True,2.891192930657631,0.0,0.0,0.0,0.0,0,0.9406091579771666,0.8203025182376461,False,False,False,False,0.17035248758043786,0.17916593515099283,False,False,False,False,8119015.0,9632956.403823974,False,False,False,False,297962.92747843266,False,False,False,False
2025-09-24 17:00:00+00:00,67.1,67.38,67.05,67.315,264076.0,68.1962065563464,68.24263995877354,67.24990563898342,64.41714732411131,63.447971292197145,61.418113366293206,59.698822816298794,58.89380907885822,58.29725664625018,67.40196569745655,67.41670811061195,65.3330242372538,64.54428651392983,63.69416559310853,61.6566738026653,60.65324968638704,59.9756335250873,59.55046896033161,67.41670811061195,65.3330242372538,63.338224933608004,#000000,1.3392873256100266,66.85237611553441,0.3454254181453313,48.45036706636296,-3.1320753901265164,False,True,False,False,False,2.3295366810392046,0.0,0.0,0.0,0.0,0,0.9425772045144485,0.8178097482326682,False,False,False,False,0.16565357038945752,0.1724097527702252,False,False,False,False,7854939.0,9605390.242524376,False,False,False,False,297437.5487578368,False,False,False,False
2025-09-25 17:00:00+00:00,67.69,67.915,67.45,67.84,287312.0,68.18559830189169,68.23509164438072,67.25489077554613,64.43799226958039,63.468759811713454,61.44125572556673,59.724682397813105,58.920484355839626,58.324137782895875,67.43079009561967,67.42607277442778,65.35271894096448,64.56690861130755,63.71482977646723,61.67941000869388,60.677786207153886,60.001154629554364,59.57652147115739,67.42607277442778,65.35271894096448,63.356615865587436,"rgba(38, 166, 154, 0.5)",1.2973107249677054,66.85834864934654,0.7566817507639902,49.517892280482215,-3.1320753901265164,False,False,False,False,False,3.58351849238786,0.0,0.0,0.0,0.0,0,0.9415083381730689,0.8209574379822454,False,False,False,False,0.1832664329929168,0.17783809288157099,False,False,False,False,8142251.0,9582705.913182912,False,False,False,False,297280.56350577733,False,False,False,False
2025-09-26 17:00:00+00:00,67.245,67.325,67.15,67.215,349677.0,68.1595759446436,68.21722578252592,67.25458330438046,64.45917907249822,63.49082745616653,61.466951995630446,59.7539614372008,58.95088587878238,58.35490341593484,67.41165494811113,67.41929451854992,65.37126753590454,64.58969172090272,63.73657241474831,61.70456440023677,60.70529973233983,60.02997638469662,59.60605726938461,67.41929451854992,65.37126753590454,63.37124851181321,#000000,1.2183859430843005,66.84931065011413,0.3001424564700244,47.958374264352756,-3.1320753901265164,False,True,False,True,False,1.9700892044397165,0.0,0.0,0.0,0.0,0,0.9340213021675161,0.8211281031124378,False,False,False,False,0.16649883482870084,0.1721684638551359,False,False,False,False,7792574.0,9554951.93003279,False,False,False,False,298092.9113584009,False,False,False,False
2025-09-29 17:00:00+00:00,67.615,67.86,67.52,67.73,238184.0,68.15126728885045,68.21107813007356,67.25832765949886,64.47586140606099,63.50759536042273,61.48575177408078,59.77502896521977,58.97264361468473,58.376849313668146,67.42943466977664,67.42582907088143,65.38685785281967,64.60773093530344,63.753215027192674,61.72302491332613,60.725258756414675,60.0507592082821,59.627286496836774,67.42582907088143,65.38685785281967,63.38576669129964,"rgba(38, 166, 154, 0.5)",1.1819898400498603,66.85414160469071,0.7410033196836506,48.92209666911804,-3.1320753901265164,False,True,False,False,False,3.2094195032027564,0.0,0.0,0.0,0.0,0,0.9340290719344015,0.8179483993870879,False,False,False,False,0.1835498823237608,0.17785917308944835,False,False,False,False,8030758.0,9531321.01638887,False,False,False,False,297164.0910272629,False,False,False,False
2025-09-30 17:00:00+00:00,68.125,68.64,68.07,68.41,333995.0,68.1567968837504,68.21375506733867,67.27122277056296,64.50376404709577,63.53460364542977,61.514744045765376,59.80686434192572,59.00529939195667,58.40964842224408,67.50376275247669,67.45544037717676,65.41459413267538,64.63807661254262,63.780237083915154,61.7515995509463,60.75572432845072,60.08224813865765,59.65932267584612,67.45544037717676,65.41459413267538,63.41431690381983,"rgba(38, 166, 154, 1.0)",1.1378122004982698,66.8789892036891,1.3455742482286934,51.84686385846139,-2.2347595597455623,True,False,True,False,True,4.814183823080736,0.0,0.0,0.0,0.0,0,0.946656424700209,0.8057440361882817,False,False,False,False,0.20880424029804526,0.1933317066937468,False,False,False,False,8364753.0,9513234.690553384,False,False,False,False,297735.1128718015,False,False,False,False
2025-10-01 17:00:00+00:00,68.125,68.815,68.105,68.75,295160.0,68.16540670438656,68.21868286630298,67.28422753715319,64.52924449215783,63.55911813453281,61.54084231667087,59.83540041839711,59.03453096652734,58.4389852601076,67.57226686036572,67.48503676793187,65.44017251705606,64.66578605667182,63.80479815240226,61.77734158972237,60.78308934291934,60.11048900306046,59.688030698353224,67.48503676793187,65.44017251705606,63.44074720470663,"rgba(0, 255, 255, 0.75)",1.108168373553069,66.9033404948063,1.6664069732227065,54.82136707292669,0.5806092691690736,True,False,True,False,True,5.605613018216452,0.0,0.0,0.0,0.0,0,0.9577391304347826,0.7916521739130437,False,False,False,False,0.21281507893346566,0.20307339281360623,False,False,False,False,8659913.0,9500004.896901393,False,False,False,False,297695.1886412309,False,False,False,False
2025-10-02 17:00:00+00:00,68.335,68.75,68.255,68.305,279803.0,68.17083271733144,68.22161250139877,67.29517508903106,64.55239419350494,63.58158446489089,61.56498460368582,59.86191059725478,59.061729775206814,58.46631152992241,67.62248319628058,67.5086795720132,65.463119552793,64.69089532796026,63.827267118887875,61.80113633341347,60.808456169971976,60.136709372078734,59.71470860542316,67.5086795720132,65.463119552793,63.46388837339162,"rgba(38, 166, 154, 1.0)",1.0744698043032523,66.9223071072359,1.2868606332410888,54.84650624432216,0.6710188288228736,True,False,True,False,True,4.40972253676685,0.0,0.0,0.0,0.0,0,0.9673607450360217,0.7841767703391321,False,False,False,False,0.21444042632112123,0.20875690956736373,False,False,False,False,8380110.0,9482642.185321527,False,False,False,False,297417.79036772344,False,False,False,False
2025-10-03 17:00:00+00:00,68.365,68.495,67.9,67.94,215016.0,68.16993702017997,68.22048861038121,67.3010922085617,64.56852521827072,63.59756239582752,61.58255028663229,59.88140376349643,59.0818032685933,58.486528052882434,67.64338832487645,67.51997607395087,65.47861453306584,64.70831007592295,63.843178919378396,61.818416353114074,60.8270098124847,60.15596200763856,59.73433928385849,67.51997607395087,65.47861453306584,63.478838122728675,"rgba(38, 166, 154, 0.5)",1.0534696727245925,66.93105181914868,0.9577382310796603,53.364890433450846,0.6710188288228736,True,False,True,False,True,3.4357494590926088,0.0,0.0,0.0,0.0,0,0.9702992308034325,0.7798675025565783,False,False,False,False,0.19944180994120117,0.20409935975428245,False,False,False,False,8165094.0,9462215.08167313,False,False,False,False,296140.2432302393,False,False,False,False
2025-10-06 17:00:00+00:00,68.3,68.945,68.21,68.91,298847.0,68.18061982882952,68.2270424887414,67.31492583896544,64.59431387650122,63.6223967191313,61.60895109796047,59.9102321267006,59.11132795286791,58.51616135555113,67.70197437071671,67.54962617227314,65.5045032974242,64.7362737834267,63.86806056480094,61.84446338520003,60.85467020762161,60.18449549903628,59.76333937600751,67.54962617227314,65.5045032974242,63.50518766343089,"rgba(0, 255, 255, 0.75)",1.0518787224989177,66.95472370406478,1.858841950229897,55.628541427916495,1.4907179520197005,True,False,True,False,True,5.739378024507911,0.0,0.0,0.0,0.0,0,0.9678928836174944,0.7986471460340999,False,False,False,False,0.21429373899687978,0.20919654937558113,False,False,False,False,8463941.0,9446737.96412781,False,False,False,False,296182.2084514759,False,False,False,False
2025-10-07 17:00:00+00:00,68.595,69.04,68.44,68.99,313433.0,68.19421705394075,68.23567657132432,67.33053861473056,64.62189712113933,63.64887134275697,61.63695452960763,59.94072734027427,59.142533068391906,58.54746661507985,67.76425116191712,67.58264850634232,65.53234313799953,64.76617076678973,63.894606743933565,61.872105045584604,60.88396863309211,60.21468915794482,59.79401077342905,67.58264850634232,65.53234313799953,63.53353756579324,"rgba(0, 255, 255, 0.75)",1.0547035363307822,66.980931324141,1.9048657813819092,57.3756463792974,3.213926451672343,True,False,True,False,True,5.92649792608761,0.0,0.0,0.0,0.0,0,0.9555335034495793,0.7904262357055103,False,False,False,False,0.2206730599349837,0.21493480465528242,False,False,False,False,8777374.0,9436360.22824986,False,False,False,False,296449.6625840111,False,False,False,False
2025-10-08 17:00:00+00:00,70.07,70.755,70.045,70.31,432790.0,68.25597260082948,68.27751287902933,67.37336659124026,64.67320320823931,63.69578302993718,61.683511941603435,59.989766437314806,59.19212472744948,58.59684118056938,67.9498424976302,67.67898413422839,65.58773524004431,64.82220702763097,63.942154756092165,61.918327624536325,60.93188419810464,60.263463930312334,59.84321855199233,67.67898413422839,65.58773524004431,63.59310558648801,"rgba(0, 255, 0, 1.0)",1.081068032128042,67.05747018791057,3.008626391150381,61.79615784832913,7.3435618417998185,True,False,True,False,True,8.931772236183672,0.0,0.0,0.0,0.0,0,0.9491939653146588,0.7945669032288388,False,False,False,False,0.28696478593266656,0.2509497952939745,False,False,False,False,9210164.0,9432853.30998242,False,False,False,False,298563.46626487916,False,False,False,False
2025-10-09 17:00:00+00:00,69.97,70.17,69.45,69.98,392270.0,68.29636969029198,68.30525366654281,67.40480799453817,64.71488150698866,63.734576200432485,61.7228631681629,60.03168149139666,59.234689348612505,58.63934001058574,68.0660801968438,67.74543359510608,65.63168657163034,64.86751642880373,63.98132405915749,61.9573210372797,60.97260348330238,60.30508752005249,59.885311577636614,67.74543359510608,65.63168657163034,63.638712641520264,"rgba(0, 255, 0, 1.0)",1.095864453707669,67.10945641991508,2.619433060697367,63.19861334556644,8.597714939075843,True,False,True,False,True,8.010433652324476,0.0,0.0,0.0,0.0,0,0.9399971829663363,0.8003662143762621,False,False,False,False,0.26314942556521753,0.257049610429596,False,False,False,False,8817894.0,9423319.057114476,False,False,False,False,300016.28074139263,False,False,False,False
2025-10-10 17:00:00+00:00,68.52,68.87,67.89,67.965,375824.0,68.2950860731996,68.30420770110601,67.41479794535398,64.74179096427419,63.76155954205522,61.7527588546288,60.064926692643674,59.26896786595933,58.67390762647656,68.07572135339126,67.75946607148224,65.6571209045745,64.89630474047155,64.0081401192352,61.9867203962695,61.00420456002031,60.337908872519016,59.9187977468277,67.75946607148224,65.6571209045745,63.662354890582705,"rgba(38, 166, 154, 0.5)",1.0956965368659373,67.12002478091193,0.7711763163046815,57.29921675987132,12.400932424647031,True,False,True,False,False,2.6963485008219727,0.0,0.0,0.0,0.0,0,0.928234750462107,0.8006469500924216,False,False,False,False,0.2065634205563579,0.23180651549297696,False,False,False,False,8442070.0,9408105.893438283,False,False,False,False,301191.5942182703,False,False,False,False
2025-10-13 17:00:00+00:00,67.965,68.01,67.335,67.445,221522.0,68.28555795349942,68.29741343649984,67.41606868469471,64.7545729017647,63.77504542704672,61.76851333062153,60.0828607650415,59.28760706249005,58.692800756605536,68.06070299639292,67.75679703402702,65.66819805579159,64.90981698521628,64.02140461291441,62.00214709327436,61.02105425316864,60.355559512181244,59.93689018224426,67.75679703402702,65.66819805579159,63.67183394685971,#000000,1.091720280644396,67.31247526599256,0.12139074116055533,52.11162207758125,7.848551629297411,True,False,False,False,False,1.40828143608368,0.0,0.0,0.0,0.0,0,0.9355862584017922,0.8040982076176253,False,False,False,False,0.1790632390581163,0.20543487727554663,False,False,False,False,8220548.0,9389694.14315242,False,False,False,False,299956.40671101026,False,False,False,False
2025-10-14 17:00:00+00:00,69.04,69.165,68.47,68.655,166508.0,68.29040751167797,68.30075228643224,67.42310742128578,64.76801845689903,63.788195413864116,61.78265876340183,60.098369222727975,59.303521925232225,58.70880314378101,68.07687885396003,67.7690496942227,65.68142822979625,64.9242564328163,64.03454302292313,62.016093381731,61.035899857099274,60.370898770028006,59.95249618762498,67.7690496942227,65.68142822979625,63.684743254194665,"rgba(38, 166, 154, 1.0)",1.0882931507553881,67.35257803573727,1.1967565571452128,52.110324785999566,7.848551629297411,True,False,False,False,False,4.195399059045446,0.0,0.0,0.0,0.0,0,0.9347916570318641,0.7912408083984648,False,False,False,False,0.22372171099443564,0.21457829413499113,False,False,False,False,8387056.0,9374149.365739204,False,False,False,False,297887.43916510313,False,False,False,False
2025-10-15 17:00:00+00:00,69.575,69.7,69.02,69.54,227712.0,68.30587300992255,68.31161472178447,67.43727368695964,64.7892592104414,63.808426039363006,61.803722396170436,60.12108921268236,59.32670516696864,58.73202935658685,68.1178750801798,67.79608400613277,65.70315579648984,64.94717702829207,64.05487214755519,62.03692025705655,61.05782785419262,60.39342027267299,59.975333419854,67.79608400613277,65.70315579648984,63.7065921479614,"rgba(0, 255, 255, 0.75)",1.0976697348683504,67.40309899074947,1.946761344847343,54.14898101124814,7.848551629297411,True,False,True,False,False,6.141719529459024,0.0,0.0,0.0,0.0,0,0.9365610113594721,0.778902528398681,False,False,False,False,0.24518065081921123,0.22987947247710117,False,False,False,False,8614768.0,9362376.01123162,False,False,False,False,296799.4478602178,False,False,False,False
2025-10-16 17:00:00+00:00,69.245,69.37,68.57,69.08,180771.0,68.31340795856558,68.31692879949959,67.44606262191247,64.80449093193558,63.82320773440976,61.81945838912129,60.13824873651522,59.3442832668545,58.74968578218376,68.1389018979455,67.81161894011248,65.71832716862423,64.96354083967323,64.06966670859177,62.05244964242386,61.07429765171773,60.41040444604508,59.99259465407301,67.81161894011248,65.71832716862423,63.72153200945583,"rgba(0, 255, 255, 0.75)",1.094436512219136,67.4204050702474,1.5163921444721542,54.15893702536968,7.848551629297411,True,False,True,False,False,4.975716984138007,0.0,0.0,0.0,0.0,0,0.9358713731288114,0.7784605433376457,False,False,False,False,0.22458352594937994,0.22723149921324054,False,False,False,False,8433997.0,9347982.538189268,False,False,False,False,295000.55719571834,False,False,False,False
2025-10-17 17:00:00+00:00,70.105,70.77,70.005,70.125,366303.0,68.35576738526684,68.34718287788773,67.47808548169003,64.84441697885873,63.86031374659841,61.85683510025729,60.17785863130882,59.38444899793495,58.789766191574586,68.23776266507147,67.87468487711445,65.76057088082901,65.00677678423953,64.10715892534294,62.08951921636191,61.112870005930056,60.44976271154714,60.03235977757633,67.87468487711445,65.76057088082901,63.764785624188335,"rgba(0, 255, 0, 1.0)",1.1083507754499695,67.49927137203245,2.3690411791353245,56.469667860617314,7.848551629297411,True,False,True,False,True,7.233100204968423,0.0,0.0,0.0,0.0,0,0.935892144724171,0.7771357820883203,False,False,False,False,0.280382791103695,0.2538071451584678,False,False,False,False,8800300.0,9339491.3360468,False,False,False,False,296106.02142524207,False,False,False,False
2025-10-20 17:00:00+00:00,70.425,70.755,70.275,70.615,219509.0,68.38342990685953,68.36712423798966,67.49859193460017,64.86914257073983,63.88319634038126,61.87972998606222,60.202026166092395,59.408922097348906,58.81416690078422,68.29941299733147,67.91468375523029,65.78687898072855,65.03355193463986,64.13030319322068,62.112241176294255,61.136451159411024,60.47378944160598,60.05661534532176,67.91468375523029,65.78687898072855,63.791681006924556,"rgba(0, 255, 0, 1.0)",1.1384529964931938,67.54255581220082,2.6987887925661465,58.96616282225916,3.3347606605938935,True,False,True,False,True,8.262491111523634,0.0,0.0,0.0,0.0,0,0.932018251371157,0.783610637415311,False,False,False,False,0.2844097747994372,0.2691084599789525,False,False,False,False,9019809.0,9334535.020759253,False,False,False,False,294918.4707054708,False,False,False,False
2025-10-21 17:00:00+00:00,71.185,71.24,70.545,70.71,381149.0,68.43591350769994,68.4052927499831,67.53680368404648,64.91368660009333,63.924232519918334,61.92048878723591,60.24486532476852,59.4522369257525,58.85731310321026,68.41153666971498,67.98853916242766,65.83455700184476,65.081791239259,64.1718543227365,62.15272166045207,61.178342202181646,60.51640395255896,60.09959746972398,67.98853916242766,65.83455700184476,63.84034316020044,"rgba(0, 255, 0, 1.0)",1.1717021498346045,67.61688128524654,2.639850678084083,60.820583579645,5.264363448203746,True,False,True,False,True,8.462445524680511,0.0,0.0,0.0,0.0,0,0.9333826111059778,0.7863808555853277,False,False,False,False,0.30146394200083343,0.285286200989893,False,False,False,False,9400958.0,9335564.834390894,False,False,False,False,296255.37813639373,False,False,False,False
2025-10-22 17:00:00+00:00,70.19,70.69,69.855,70.65,371566.0,68.47608526452952,68.43493549518561,67.568431155764,64.95334158247941,63.96129249822511,61.957952226053514,60.28460048936521,59.49255168896767,58.89756593670208,68.49374800854469,68.04658622053508,65.8762207066428,65.12456490510661,64.20926419083418,62.18987182790302,61.21701538479118,60.555879785846294,60.13949151218032,68.04658622053508,65.8762207066428,63.88218882664757,"rgba(0, 255, 0, 1.0)",1.1970661470275845,67.6675578785619,2.4914597483553984,61.817726044054396,6.432156970773221,True,False,True,False,True,8.301597437256039,0.0,0.0,0.0,0.0,0,0.9259532142199299,0.7946675262479279,False,False,False,False,0.2715472661025185,0.2784167335462058,False,False,False,False,9029392.0,9330817.968741423,False,False,False,False,297422.98467691476,False,False,False,False
2025-10-23 17:00:00+00:00,70.665,70.71,70.23,70.275,304809.0,68.50794200440858,68.45868244301269,67.59391890114266,64.98548568379417,63.991409984171035,61.988462595551674,60.316986546911686,59.52542236975088,58.93039675830719,68.55649469816271,68.09228599056985,65.90988474278728,65.15918688097969,64.23965155941605,62.220122976945916,61.24852185083465,60.58805029579425,60.17200911573595,68.09228599056985,65.90988474278728,63.9158286332376,"rgba(0, 255, 0, 1.0)",1.2168299791660724,67.70613079275496,2.111115974481136,60.940296319283334,6.432156970773221,True,False,True,False,True,7.290188483087334,0.0,0.0,0.0,0.0,0,0.9285911856905771,0.7963765443481466,False,False,False,False,0.278768268007042,0.2785925007766239,False,False,False,False,8724583.0,9321418.97697799,False,False,False,False,297537.4965423889,False,False,False,False
2025-10-24 17:00:00+00:00,70.455,70.94,70.36,70.64,339298.0,68.5465506964948,68.48765164483508,67.62415043942927,65.02239976703156,64.02585667727666,62.02313477996796,60.35365195586358,59.56258783882712,58.9674878041617,68.63018668991616,68.1462202934038,65.94875730571484,65.1989472480847,64.2744407943373,62.25452262305382,61.284259048350094,60.62449010295077,60.20881377073027,68.1462202934038,65.94875730571484,63.95467274891275,"rgba(0, 255, 0, 1.0)",1.243819361323303,67.75215041687215,2.32175963240792,61.356002663138256,6.523320066685372,True,False,True,False,True,8.096967857033412,0.0,0.0,0.0,0.0,0,0.9246291348014372,0.7985349672901503,False,False,False,False,0.2865288396623701,0.282560670219497,False,False,False,False,9063881.0,9317426.140125617,False,False,False,False,298184.9462083984,False,False,False,False
2025-10-27 17:00:00+00:00,71.425,71.46,70.98,71.365,304741.0,68.58997653688391,68.52032992552363,67.65627767417932,65.05876580526906,64.05936905080968,62.0562677217426,60.388337457498416,59.597617289661464,59.00236416550719,68.71116110934402,68.20432600675623,65.9876794782743,65.23818957097542,64.30838337320034,62.287451209118665,61.31824152571101,60.65901044425854,60.24360584881611,68.20432600675623,65.9876794782743,63.993741899640554,"rgba(0, 255, 0, 1.0)",1.2883808436162438,67.8035653982073,2.764271620025347,63.412315656125564,8.769542670089159,True,False,True,False,True,9.674594962257203,0.0,0.0,0.0,0.0,0,0.9259941938159532,0.7953550527625456,False,False,False,False,0.3139055402706826,0.29823310524508984,False,False,False,False,9368622.0,9318219.874387236,False,False,False,False,298286.59045322944,False,False,False,False
2025-10-28 17:00:00+00:00,71.825,72.68,71.75,72.635,623425.0,68.70898200737581,68.61035670242663,67.73951984456353,65.14464903352136,64.13716000360218,62.13122406701885,60.46563203213711,59.67524174227493,59.07936665722089,68.92644585039623,68.3565608386855,66.08158207446317,65.33109516967399,64.38748800839122,62.362131866325264,61.39455980237047,60.73609989565772,60.321053014345566,68.3565608386855,66.08158207446317,64.0882860339139,"rgba(0, 255, 0, 1.0)",1.3669994002776547,67.94124956039171,3.433615580705401,67.1391050161254,12.430906164197012,True,False,True,False,True,12.316699823997784,0.0,0.0,0.0,0.0,0,0.9242014573117638,0.7923559873516338,False,False,False,False,0.34282824872459405,0.32053067698484194,False,False,False,False,9992047.0,9328666.80656728,False,False,False,False,303327.4960275979,False,False,False,False
2025-10-29 17:00:00+00:00,72.165,72.195,70.915,71.34,282838.0,68.74820408866512,68.64063476293083,67.7693705572598,65.1783195038038,64.16828079702846,62.16200317780506,60.49782416133655,59.70774845082697,59.11173475204691,68.9931928090776,68.40773822629014,66.11748360282733,65.3673176862776,64.41899548527907,62.392725485426936,61.4261112000411,60.76814129581398,60.353342397173535,68.40773822629014,66.11748360282733,64.12384269110616,"rgba(0, 255, 0, 1.0)",1.3986484789133675,67.98422239240944,2.399300223168101,64.65619433396522,12.430906164197012,True,False,True,False,False,8.79053293158735,0.0,0.0,0.0,0.0,0,0.9125947575121014,0.8006210612841357,False,False,False,False,0.30544196576941685,0.3129863213771294,False,False,False,False,9709209.0,9334566.68553523,False,False,False,False,303009.82942251884,False,False,False,False
2025-10-30 17:00:00+00:00,72.685,73.105,72.59,72.905,406077.0,68.83013507240189,68.70362558697815,67.82706150141455,65.23651027782094,64.2208662151761,62.21234661568247,60.54949438698963,59.75955336663604,59.16307542737073,69.13312309551696,68.51011359377438,66.18127699788852,65.43017907523004,64.47250823681897,62.442921958957356,61.477250212458756,60.81970722952856,60.40509714518169,68.51011359377438,66.18127699788852,64.18749144421254,"rgba(0, 255, 0, 1.0)",1.4850150088721952,68.07458718680516,3.2527703655085145,65.87094902458541,12.430906164197012,True,False,True,False,False,11.931315147660907,0.0,0.0,0.0,0.0,0,0.9150815829802575,0.7922113044262151,False,False,False,False,0.3428282489502944,0.3279072851637119,False,False,False,False,10115286.0,9346670.860953288,False,False,False,False,304607.77005162707,False,False,False,False
2025-10-31 17:00:00+00:00,72.715,73.495,72.595,73.095,558945.0,68.94291690208647,68.79124018083118,67.90735841544917,65.3171917491733,64.29382540858498,62.28212658360988,60.6210287365865,59.83124773848262,59.23411642647696,69.31921520294742,68.64954889871427,66.26964283427753,65.51722495122628,64.54675221830202,62.51251109704124,61.54808982435615,60.89110779504338,60.47674262271365,68.64954889871427,66.26964283427753,64.2751048658835,"rgba(0, 255, 0, 1.0)",1.5701669934712346,68.19599282838129,3.1200548680419424,66.98031080449232,12.430906164197012,True,False,True,False,False,12.299783299632818,0.0,0.0,0.0,0.0,0,0.9169733417107976,0.7889776501211743,False,False,False,False,0.3428282489492862,0.33536776705649907,False,False,False,False,10674231.0,9367253.188690446,False,False,False,False,308550.9829190437,False,False,False,False
2025-11-03 17:00:00+00:00,74.28,74.62,74.15,74.47,564808.0,69.08638385998198,68.90317898438792,68.00666519938937,65.41098431016076,64.37751529497976,62.360460633123225,60.70025127540845,59.910234985488536,59.312114172490794,69.5519125117456,68.82261519552792,66.37397649062702,65.61859131466929,64.63218650200842,62.590801859119516,61.62709880188143,60.97033577790373,60.5560080759751,68.82261519552792,66.37397649062702,64.37840640249271,"rgba(0, 255, 0, 1.0)",1.705048920066204,68.34833636454101,3.590315540753689,69.64503762502439,14.902318209388895,True,False,True,False,True,14.892973929125322,0.0,0.0,0.0,0.0,0,0.9218798769340523,0.7860614437954253,False,False,False,False,0.3428282493734769,0.339098008214988,False,False,False,False,11239039.0,9396273.123749508,False,False,False,False,312523.95992805075,False,False,False,False
2025-11-04 17:00:00+00:00,73.055,73.07,72.13,72.34,545235.0,69.17100207868314,68.97125954367888,68.07210656724268,65.48098374310189,64.44195362093996,62.42335614344486,60.76539259475471,59.97579401698933,59.37727411168714,69.67698583064995,68.92658065783027,66.44897811793204,65.69360555702211,64.697518007804,62.653418476675895,61.69125696362944,61.03525636570238,60.62130103764047,68.92658065783027,66.44897811793204,64.4513346353005,"rgba(0, 255, 0, 1.0)",1.752139289579798,68.43440387981651,2.2290443136630635,65.26627083859184,14.902318209388895,True,False,True,False,False,9.376784135165195,0.0,0.0,0.0,0.0,0,0.9079167032773918,0.7939109041384766,False,False,False,False,0.25520224466837543,0.2971501264416817,False,False,False,False,10693804.0,9416389.881520834,False,False,False,False,316131.8830299414,False,False,False,False
2025-11-05 17:00:00+00:00,71.955,72.58,71.71,72.105,443477.0,69.22929246808445,69.0190033312638,68.11949406452135,65.53387434712425,64.49117476645071,62.47202811682572,60.816144843589456,60.02700877183095,59.42827452647876,69.75850853914625,68.99837115177428,66.50488882090254,65.75007868482417,64.74730701477718,62.701820010433906,61.741065328235074,61.085786626129206,60.67219710370942,68.99837115177428,66.50488882090254,64.50535102867231,"rgba(0, 255, 0, 1.0)",1.7920774144714195,68.49279829263277,2.0156504837335207,61.7883511518403,17.110134679401,True,False,True,False,False,8.79787733260575,0.0,0.0,0.0,0.0,0,0.9057057845453746,0.7962282313818152,False,False,False,False,0.22248351710459988,0.2598168217731408,False,False,False,False,10250327.0,9429319.139171675,False,False,False,False,318106.225928702,False,False,False,False
2025-11-06 17:00:00+00:00,71.015,71.47,70.69,71.075,302223.0,69.25377308552375,69.03998828189981,68.14284592196704,65.56376122267399,64.5197839711981,62.50133213519915,60.84727734663625,60.05864863061215,59.45993494155003,69.7877188720434,69.02964345625273,66.53534943866552,65.78174078538218,64.77607139916708,62.7308697332274,61.77132410009193,61.11670068029644,60.70346036607617,69.02964345625273,66.53534943866552,64.53445690935906,"rgba(38, 166, 154, 1.0)",1.8084350658474013,68.51647340460578,1.4147738250117075,57.13751117078267,12.91371601902864,True,False,True,False,False,6.303076110893372,0.0,0.0,0.0,0.0,0,0.8924929676511951,0.8031821378340368,False,False,False,False,0.1676061273987737,0.21371147458595724,False,False,False,False,9948104.0,9437362.315308547,False,False,False,False,317859.9743639159,False,False,False,False
