date,Close,High,Low,Open,Volume,aVWAP_peak_943,aVWAP_peak_928,aVWAP_peak_912,aVWAP_peak_890,aVWAP_peak_863,aVWAP_peak_803,aVWAP_peak_782,aVWAP_peak_736,aVWAP_peak_687,aVWAP_peak_666,aVWAP_peak_646,aVWAP_peak_632,aVWAP_peak_617,aVWAP_peak_550,aVWAP_peak_522,aVWAP_peak_499,aVWAP_peak_445,aVWAP_peak_418,aVWAP_peak_383,aVWAP_peak_365,aVWAP_peak_327,aVWAP_peak_283,aVWAP_peak_272,aVWAP_peak_239,aVWAP_peak_217,aVWAP_peak_152,aVWAP_peak_106,aVWAP_peak_59,aVWAP_valley_935,aVWAP_valley_918,aVWAP_valley_897,aVWAP_valley_868,aVWAP_valley_817,aVWAP_valley_759,aVWAP_valley_745,aVWAP_valley_729,aVWAP_valley_675,aVWAP_valley_672,aVWAP_valley_650,aVWAP_valley_626,aVWAP_valley_603,aVWAP_valley_584,aVWAP_valley_530,aVWAP_valley_513,aVWAP_valley_457,aVWAP_valley_440,aVWAP_valley_408,aVWAP_valley_377,aVWAP_valley_354,aVWAP_valley_300,aVWAP_valley_287,aVWAP_valley_196,aVWAP_valley_184,aVWAP_valley_169,aVWAP_valley_132,aVWAP_valley_112,aVWAP_valley_87,aVWAP_valley_43,aVWAP_valley_14,aVWAP_OB_bull_817,aVWAP_OB_bull_584,aVWAP_OB_bull_457,aVWAP_OB_bull_196,aVWAP_OB_bear_943,aVWAP_OB_bear_803,aVWAP_OB_bear_106,Peaks_Valleys_avg,color,StDev,StDev_Mean,StdDev_ZScore,QQEMOD,QQE1_Value,QQE1_Above_Upper,QQE1_Below_Lower,QQE2_Above_Threshold,QQE2_Below_Threshold,QQE2_Above_TL,banker_RSI,OB,OB_High,OB_Low,OB_Mitigated_Index,TTM_squeeze_Active,VI_plus,VI_minus,VI_Regular_Bullish,VI_Regular_Bearish,VI_Hidden_Bullish,VI_Hidden_Bearish,Fisher,Fisher_Signal,Fisher_Regular_Bullish,Fisher_Regular_Bearish,Fisher_Hidden_Bullish,Fisher_Hidden_Bearish,OBV,OBV_Smoothed,OBV_Regular_Bullish,OBV_Regular_Bearish,OBV_Hidden_Bullish,OBV_Hidden_Bearish,Volume_MA,Vol_Regular_Bullish,Vol_Regular_Bearish,Vol_Hidden_Bullish,Vol_Hidden_Bearish
2022-01-03 00:00:00+00:00,65.0483805575,65.096258865,64.6676340168,65.0871391874,4188,,,,,,,,,,,,,,,,,,,,,,,,,,,,,,,,,,,,,,,,,,,,,,,,,,,,,,,,,,,,,,,,,,,,#000000,,,,,,False,False,False,False,False,,0.0,0.0,0.0,0.0,0,,,False,False,False,False,,,False,False,False,False,0,0.0,False,False,False,False,4188.0,False,False,False,False
2022-01-04 00:00:00+00:00,64.8956259573,65.0597801545,64.7569156607,65.0506604769,1331,,,,,,,,,,,,,,,,,,,,,,,,,,,,,,,,,,,,,,,,,,,,,,,,,,,,,,,,,,,,,,,,,,,,#000000,,,,0.0,,False,False,False,True,False,,0.0,0.0,0.0,0.0,0,,,False,False,False,False,,,False,False,False,False,-1331,-52.19607843137255,False,False,False,False,4075.9607843137255,False,False,False,False
2022-01-05 00:00:00+00:00,64.3119665895,65.0415407993,64.3119665895,64.8454677304,1244,,,,,,,,,,,,,,,,,,,,,,,,,,,,,,,,,,,,,,,,,,,,,,,,,,,,,,,,,,,,,,,,,,,,#000000,,,,0.0,-50.0,False,False,False,True,True,,0.0,0.0,0.0,0.0,0,,,False,False,False,False,,,False,False,False,False,-2575,-151.12956555171087,False,False,False,False,3964.903498654364,False,False,False,False
2022-01-06 00:00:00+00:00,63.8103843203,64.1568408732,63.7556662546,64.0658264905,6674,,,,,,,,,,,,,,,,,,,,,,,,,,,,,,,,,,,,,,,,,,,,,,,,,,,,,,,,,,,,,,,,,,,,#000000,,,,0.0,-50.0,False,False,False,True,True,,0.0,0.0,0.0,0.0,0,,,False,False,False,False,,,False,False,False,False,-9249,-507.9087982751732,False,False,False,False,4071.1425771385066,False,False,False,False
2022-01-07 00:00:00+00:00,64.0292565832,64.0292565832,63.8651023861,63.8651023861,2304,,,,,,,,,,,,,,,,,,,,,,,,,,,,,,,,,,,,,,,,,,,,,,,,,,,,,,,,,,,,,,,,,,,,#000000,,,,5.735709206225512,-44.74226656095995,False,False,False,True,True,,0.0,0.0,0.0,0.0,0,,,False,False,False,False,,,False,False,False,False,-6945,-760.3437473624213,False,False,False,False,4001.8428682311146,False,False,False,False
2022-01-10 00:00:00+00:00,62.1870817036,62.1870817036,61.7766962106,62.177962026,2137,,,,,,,,,,,,,,,,,,,,,,,,,,,,,,,,,,,,,,,,,,,,,,,,,,,,,,,,,,,,,,,,,,,,#000000,,,,6.0357239871826245,-44.74226656095995,False,False,False,True,True,,0.0,0.0,0.0,0.0,0,,,False,False,False,False,,,False,False,False,False,-9082,-1086.6832082501694,False,False,False,False,3928.7117753593066,False,False,False,False
2022-01-11 00:00:00+00:00,62.588347519,62.588347519,62.3056375127,62.3785949337,4735,,,,,,,,,,,,,,,,,,,,,,,,,,,,,,,,,,,,,,,,,,,,,,,,,,,,,,,,,,,,,,,,,,,,#000000,,,,10.229071837585028,-41.15782538449559,False,False,False,True,True,,0.0,0.0,0.0,0.0,0,,,False,False,False,False,,,False,False,False,False,-4347,-1214.5387687109471,False,False,False,False,3960.3309214236474,False,False,False,False
2022-01-12 00:00:00+00:00,63.769345771,63.9288489326,63.2996823735,63.5641530245,3227,,,,,,,,,,,,,,,,,,,,,,,,,,,,,,,,,,,,,,,,,,,,,,,,,,,,,,,,,,,,,,,,,,,,#000000,,,,20.986605626252953,-31.650776232944807,False,False,False,True,True,,0.0,0.0,0.0,0.0,0,,,False,False,False,False,,,False,False,False,False,-1120,-1210.8313660164004,False,False,False,False,3931.5728460737005,False,False,False,False
2022-01-13 00:00:00+00:00,63.6051915738,63.9829286209,63.6051915738,63.8468630308,1184,,,,,,,,,,,,,,,,,,,,,,,,,,,,,,,,,,,,,,,,,,,,,,,,,,,,,,,,,,,,,,,,,,,,#000000,,,,27.549855006347784,-26.4295958031004,False,False,False,True,True,,0.0,0.0,0.0,0.0,0,,,False,False,False,False,,,False,False,False,False,-2304,-1253.7007242118357,False,False,False,False,3823.8248913257125,False,False,False,False
2022-01-14 00:00:00+00:00,63.1628872092,63.4547168931,63.0078526896,63.1993659197,2419,,,,,,,,,,,,,,,,,,,,,,,,,,,,,,,,,,,,,,,,,,,,,,,,,,,,,,,,,,,,,,,,,,,,#000000,,,,30.39433826847424,-24.64360483911816,False,False,False,True,True,,0.0,0.0,0.0,0.0,0,,,False,False,False,False,,,False,False,False,False,-4723,-1389.7516762035284,False,False,False,False,3768.7337191168613,False,False,False,False
2022-01-18 00:00:00+00:00,62.4059539666,62.5792278414,62.2691588022,62.5792278414,2599,,,,,,,,,,,,,,,,,,,,,,,,,,,,,,,,,,,,,,,,,,,,,,,,,,,,,,,,,,,,,,,,,,,,#000000,,,,30.182183946821695,-24.64360483911816,False,False,False,True,True,,0.0,0.0,0.0,0.0,0,,,False,False,False,False,,,False,False,False,False,-7322,-1622.3888653720173,False,False,False,False,3722.861808563259,False,False,False,False
2022-01-19 00:00:00+00:00,62.7789487813,62.8254591372,62.6339459071,62.8254591372,11951,,,,,,,,,,,,,,,,,,,,,,,,,,,,,,,,,,,,,,,,,,,,,,,,,,,,,,,,,,,,,,,,,,,,#000000,,,,32.072521622014314,-24.004341358807807,False,False,False,True,True,,0.0,0.0,0.0,0.0,0,,,False,False,False,False,,,False,False,False,False,4629,-1377.2363608476246,False,False,False,False,4045.5338945019544,False,False,False,False
2022-01-20 00:00:00+00:00,62.3329965456,62.9531346239,62.3329965456,62.9531346239,1676,,,,,,,,,,,,,,,,,,,,,,,,,,,,,,,,,,,,,,,,,,,,,,,,,,,,,,,,,,,,,,,,,,,,#000000,,,,32.108552576640335,-24.004341358807807,False,False,False,True,True,,0.0,0.0,0.0,0.0,0,,,False,False,False,False,,,False,False,False,False,2953,-1207.4231702261493,False,False,False,False,3952.6109966783483,False,False,False,False
2022-01-21 00:00:00+00:00,61.4533124422,61.9773291183,61.3232658393,61.9773291183,6953,,,,,,,,,,,,,,,,,,,,,,,,,,,,,,,,,,,,,,,,,,,,,,,,,,,,,,,,,,,,,,,,,,,,#000000,,,,30.181912266557163,-24.004341358807807,False,False,False,True,True,,0.0,0.0,0.0,0.0,0,,,False,False,False,False,,,False,False,False,False,-4000,-1316.9359870800258,False,False,False,False,4070.2733105340994,False,False,False,False
2022-01-24 00:00:00+00:00,60.2984876649,60.417864245,58.6930596164,59.9527606863,20958,,,,,,,,,,,,,,,,,,,,,,,,,,,,,,,,,,,,,,,,,,,,,,,,,,,,,,,,,,,59.803137175433335,,,,,,,,59.803137175433335,#000000,,59.803137175433335,,27.07219141310739,-24.004341358807807,False,False,False,True,False,,0.0,0.0,0.0,0.0,0,,,False,False,False,False,,,False,False,False,False,-24958,-2244.0365366062993,False,False,False,False,4732.53710227786,False,False,False,False
2022-01-25 00:00:00+00:00,60.0650239178,60.1989919821,59.4511784171,59.5514948709,22300,,,,,,,,,,,,,,,,,,,,,,,,,,,,,,,,,,,,,,,,,,,,,,,,,,,,,,,,,,,59.855682032127355,,,,,,,,59.855682032127355,#000000,,59.855682032127355,,24.691768638056594,-18.767219801623988,False,False,False,True,False,,0.0,0.0,0.0,0.0,0,,,False,False,False,False,,,False,False,False,False,-47258,-4009.290005758993,False,False,False,False,5421.4572159140225,False,False,False,False
2022-01-26 00:00:00+00:00,60.1670731104,61.2112761981,60.1670731104,61.2112761981,1765,,,,,,,,,,,,,,,,,,,,,,,,,,,,,,,,,,,,,,,,,,,,,,,,,,,,,,,,,,,59.88153425735479,,,,,,,,59.88153425735479,#000000,,59.88153425735479,,23.660312280538236,-19.813529141853227,False,False,False,True,False,,0.0,0.0,0.0,0.0,0,,,False,False,False,False,,,False,False,False,False,-45493,-5636.102162395895,False,False,False,False,5278.066736858571,False,False,False,False
2022-01-27 00:00:00+00:00,59.9892393968,60.6458561855,59.9892393968,60.417864245,12261,,,,,,,,,,,,,,,,,,,,,,,,,,,,,,,,,,,,,,,,,,,,,,,,,,,,,,,,,,,59.951434500531846,,,,,,,,59.951434500531846,#000000,,59.951434500531846,,22.69647590617928,-20.888642572387287,False,False,False,True,False,,0.0,0.0,0.0,0.0,0,,,False,False,False,False,,,False,False,False,False,-57754,-7679.941293282331,False,False,False,False,5551.9072569817645,False,False,False,False
2022-01-28 00:00:00+00:00,59.9942552194,60.080436173,59.1821479272,59.3691013185,12085,,,,,,,,,,,,,,,,,,,,,,,,,,,,,,,,,,,,,,,,,,,,,,,,,,,,,,,,,,,59.91673910518515,,,,,,,,59.91673910518515,#000000,,59.91673910518515,,22.085317673421567,-21.704337839243273,False,False,False,True,False,,0.0,0.0,0.0,0.0,0,,,False,False,False,False,,,False,False,False,False,-45669,-9169.708301388906,False,False,False,False,5808.106972394245,False,False,False,False
2022-01-31 00:00:00+00:00,61.1839171652,61.1839171652,60.417864245,60.417864245,23098,,,,,,,,,,,,,,,,,,,,,,,,,,,,,,,,,,,,,,,,,,,,,,,,,,,,,,,,,,,60.16949070355678,,,,,,,,60.16949070355678,#000000,,60.16949070355678,,27.923069806015288,-21.704337839243273,False,False,False,True,True,,0.0,0.0,0.0,0.0,0,,,False,False,False,False,,,False,False,False,False,-22571,-9695.249152314833,False,False,False,False,6486.141993084667,False,False,False,False
2022-02-01 00:00:00+00:00,61.9382968981,61.9590897631,61.4027894281,61.7584568554,6189,,,,,,,,,,,,,,,,,,,,,,,,,,,,,,,,,,,,,,,,,,,,,,,,,,,,,,,,,,,60.26969023838399,,,,,,,,60.26969023838399,#000000,,60.26969023838399,,34.66851817337631,-22.217987722608747,False,False,False,True,True,,0.0,0.0,0.0,0.0,0,,,False,False,False,False,,,False,False,False,False,-16382,-9957.474675753467,False,False,False,False,6474.489365904877,False,False,False,False
2022-02-02 00:00:00+00:00,62.0411668617,62.1870817036,61.8040552435,61.9955684736,1457,,,,,,,,,,,,,,,,,,,,,,,,,,,,,,,,,,,,,,,,,,,,,,,,,,,,,,,,,,,60.295029107520016,,,,,,,,60.295029107520016,#000000,,60.295029107520016,,39.525210610807974,-17.924888408110995,False,False,False,True,True,,0.0,0.0,0.0,0.0,0,,,False,False,False,False,,,False,False,False,False,-14925,-10152.279590429802,False,False,False,False,6277.725077045862,False,False,False,False
2022-02-03 00:00:00+00:00,60.8738481261,61.6399010463,60.8738481261,61.1839171652,44353,,,,,,,,,,,,,,,,,,,,,,,,,,,,,,,,,,,,,,,,,,,,,,,,,,,,,,,,,,,60.55113048538255,,,,,,,,60.55113048538255,#000000,,60.55113048538255,,39.377805342120354,-17.924888408110995,False,False,False,True,True,,0.0,0.0,0.0,0.0,0,,,False,False,False,False,,,False,False,False,False,-59278,-12078.77843002079,False,False,False,False,7770.873113240142,False,False,False,False
2022-02-04 00:00:00+00:00,60.3778288602,60.609377475,60.0713164954,60.4543429555,7964,,,,,,,,,,,,,,,,,,,,,,,,,,,,,,,,,,,,,,,,,,,,,,,,,,,,,,,,,,,60.540770464971295,,,,,,,,60.540770464971295,#000000,,60.540770464971295,,38.134029829513814,-17.924888408110995,False,False,False,True,True,,0.0,0.0,0.0,0.0,0,,,False,False,False,False,,,False,False,False,False,-67242,-14242.042021000369,False,False,False,False,7778.446716642489,False,False,False,False
2022-02-07 00:00:00+00:00,60.5911381198,60.5911381198,60.4680224719,60.4680224719,2287,,,,,,,,,,,,,,,,,,,,,,,,,,,,,,,,,,,,,,,,,,,,,,,,,,,,,,,,,,,60.54090836619962,,,,,,,,60.54090836619962,#000000,,60.54090836619962,,38.16146342611321,-17.924888408110995,False,False,False,True,True,,0.0,0.0,0.0,0.0,0,,,False,False,False,False,,,False,False,False,False,-64955,-16230.785471157218,False,False,False,False,7563.095865009451,False,False,False,False
2022-02-08 00:00:00+00:00,60.3631461793,60.3996248897,59.911722137,60.0621968177,18964,,,,,,,,,,,,,,,,,,,,,,,,,,,,,,,,,,,,,,,,,,,,,,,,,,,,,,,,,,,60.5063963017227,,,,,,,,60.5063963017227,#000000,,60.5063963017227,,37.60848447475085,-17.924888408110995,False,False,False,True,True,,0.0,0.0,0.0,0.0,0,,,False,False,False,False,,,False,False,False,False,-83919,-18885.225256602032,False,False,False,False,8010.190144813002,False,False,False,False
2022-02-09 00:00:00+00:00,61.4848665267,61.6399010463,61.3212595102,61.4939862044,3710,,,,,,,,,,,,,,,,,,,,,,,,,,,,,,,,,,,,,,,,,,,,,,,,,,,,,,,,,,,60.52680051170798,,,,,,,,60.52680051170798,#000000,,60.52680051170798,,41.37353057024838,-15.724115723230142,False,False,False,True,True,,0.0,0.0,0.0,0.0,0,,,False,False,False,False,,,False,False,False,False,-80209,-21290.079168107837,False,False,False,False,7841.555237173277,False,False,False,False
2022-02-10 00:00:00+00:00,60.9329436371,61.4848665267,60.490821666,60.7188136065,20521,,,,,,,,,,,,,,,,,,,,,,,,,,,,,,,,,,,,,,,,,,,,,,,,,,,,,,,,,,,60.57270747014919,,,,,,,,60.57270747014919,#000000,,60.57270747014919,,42.32518926807988,-14.591653292072813,False,False,False,True,True,,0.0,0.0,0.0,0.0,0,,,False,False,False,False,,,False,False,False,False,-100730,-24405.370181123217,False,False,False,False,8338.788365127266,False,False,False,False
2022-02-11 00:00:00+00:00,60.2445903702,61.0562416785,60.1351542387,61.0562416785,7605,,,,,,,,,,,,,,,,,,,,,,,,,,,,,,,,,,,,,,,,,,,,,,,,,,,,,,,,,,,60.5692273927253,,,,,,,,60.5692273927253,#000000,,60.5692273927253,,41.250255422407925,-14.591653292072813,False,False,False,True,True,,0.0,0.0,0.0,0.0,0,,,False,False,False,False,,,False,False,False,False,-108335,-27696.728213236034,False,False,False,False,8310.01235080855,False,False,False,False
2022-02-14 00:00:00+00:00,59.405580029,59.9801197191,59.0590322793,59.9801197191,39560,,,,,,,,,,,,,,,,,,,,,,,,,,,,,,,,,,,,,,,,,,,,,,,,,,,,,,,,,,,60.39366038322122,,,,,,,,60.39366038322122,#000000,,60.39366038322122,,38.78011076551496,-14.591653292072813,False,False,False,True,False,,0.0,0.0,0.0,0.0,0,,,False,False,False,False,,,False,False,False,False,-147895,-32410.385930364035,False,False,False,False,9535.50206254155,False,False,False,False
2022-02-15 00:00:00+00:00,60.7963308663,60.8373694156,60.2537100478,60.4543429555,20563,,,,,,,,,,,,,,,,,,,,,,,,,,,,,,,,,,,,,,,,,,,,,,,,,,,,,,,,,,,60.411888440277245,,,,,,,,60.411888440277245,#000000,,60.411888440277245,,41.47766887474239,-14.591653292072813,False,False,False,True,False,,0.0,0.0,0.0,0.0,1,,,False,False,False,False,,,False,False,False,False,-127332,-36132.802168388975,False,False,False,False,9967.952962049723,False,False,False,False
2022-02-16 00:00:00+00:00,61.1109597442,61.1109597442,60.5637790869,60.6458561855,3071,,,,,,,,,,,,,,,,,,,,,,,,,,,,,,,,,,,,,,,,,,,,,,,,,,,,,,,,,,,60.41779336182799,,,,,,,,60.41779336182799,#000000,,60.41779336182799,,44.10360147994396,-12.39489163680389,False,False,False,True,True,,0.0,0.0,0.0,0.0,0,,,False,False,False,False,,,False,False,False,False,-124261,-39588.80992649137,False,False,False,False,9697.48421843993,False,False,False,False
2022-02-17 00:00:00+00:00,60.0621968177,60.5181806988,60.0621968177,60.5181806988,2106,,,,,,,,,,,,,,,,,,,,,,,,,,,,,,,,,,,,,,,,,,,,,,,,,,,,,,,,,,,60.41621005783525,,,,,,,,60.41621005783525,#000000,,60.41621005783525,,43.44762270134139,-12.39489163680389,False,False,False,True,True,,0.0,0.0,0.0,0.0,0,,,False,False,False,False,,,False,False,False,False,-126367,-42991.87620388386,False,False,False,False,9399.778954971696,False,False,False,False
2022-02-18 00:00:00+00:00,59.5697342261,59.9436410086,59.4010201901,59.7521277786,11240,,,,,,,,,,,,,,,,,,,,,,,,,,,,,,,,,,,,,,,,,,,,,,,,,,,,,,,,,,,60.38520356083234,,,,,,,,60.38520356083234,#000000,,60.38520356083234,,42.023629942294384,-12.39489163680389,False,False,False,True,True,,0.0,0.0,0.0,0.0,0,,,False,False,False,False,,,False,False,False,False,-137607,-46702.27321549626,False,False,False,False,9471.944486149276,False,False,False,False
2022-02-22 00:00:00+00:00,59.0316732465,59.2687848646,58.7033648521,59.2687848646,7381,,,,,,,,,,,,,,,,,,,,,,,,,,,,,,,,,,,,,,,,,,,,,,,,,,,,,,,,,,,60.349911782563034,,,,,,,,60.349911782563034,#000000,,60.349911782563034,,40.05760973346368,-12.39489163680389,False,False,False,True,False,,0.0,0.0,0.0,0.0,0,,,False,False,False,False,,,False,False,False,False,-144988,-50556.61544233954,False,False,False,False,9389.946663163031,False,False,False,False
2022-02-23 00:00:00+00:00,58.5392106549,59.8105849121,58.5392106549,59.7247687457,3753,,,,,,,,,,,,,,,,,,,,,,,,,,,,,,,,,,,,,,,,,,,,,,,,,,,,,,,,,,,60.33215860413545,,,,,,,,60.33215860413545,#000000,,60.33215860413545,,37.871646124786174,-12.39489163680389,False,False,False,True,False,,0.0,0.0,0.0,0.0,0,,,False,False,False,False,,,False,False,False,False,-148741,-54406.98346420858,False,False,False,False,9168.889931274285,False,False,False,False
2022-02-24 00:00:00+00:00,57.7457987018,57.7457987018,56.605838999,56.605838999,7732,,,,,,,,,,,,,,,,,,,,,,,,,,,,,,,,,,,,,,,,,,,,,,,,,,,,,,,,,,,60.25594046558991,,,,,,,,60.25594046558991,#000000,,60.25594046558991,,35.140042594458436,-8.79065768562355,False,False,False,True,False,,0.0,0.0,0.0,0.0,0,,,False,False,False,False,,,False,False,False,False,-156473,-58409.572347965106,False,False,False,False,9112.541306518431,False,False,False,False
2022-02-25 00:00:00+00:00,59.1684684108,59.1684684108,58.2750135942,58.2750135942,2996,,,,,,,,,,,,,,,,,,,,,,,,,,,,,,,,,,,,,,,,,,,,,,,,,,,,,,,,,,,60.242284426251594,,,,,,,,60.242284426251594,#000000,,60.242284426251594,,37.625812154123324,-8.79065768562355,False,False,False,True,False,,0.0,0.0,0.0,0.0,0,,,False,False,False,False,,,False,False,False,False,-153477,-62137.70676569197,False,False,False,False,8872.676941556925,False,False,False,False
2022-02-28 00:00:00+00:00,58.6212877535,59.0225535688,58.438894201,59.0225535688,2340,,,,,,,,,,,,,,,,,,,,,,,,,,,,,,,,,,,,,,,,,,,,,,,,,,,,,,,,,,,60.23045649025868,,,,,,,,60.23045649025868,#000000,,60.23045649025868,,38.258870850127124,-8.79065768562355,False,False,False,True,True,,0.0,0.0,0.0,0.0,0,,,False,False,False,False,,,False,False,False,False,-155817,-65811.4045395864,False,False,False,False,8616.493532084105,False,False,False,False
2022-03-01 00:00:00+00:00,57.6090035374,58.7159500072,57.4357296626,58.5939287206,5743,,,,,,,,,,,,,,,,,,,,,,,,,,,,,,,,,,,,,,,,,,,,,,,,,,,,,,,,,,,60.187932263692055,,,,,,,,60.187932263692055,#000000,,60.187932263692055,,36.99464299300964,-8.79065768562355,False,False,False,True,True,,0.0,0.0,0.0,0.0,0,,,False,False,False,False,,,False,False,False,False,-161560,-69566.25142038692,False,False,False,False,8503.807511218063,False,False,False,False
2022-03-02 00:00:00+00:00,57.9646709647,58.2291416157,57.5086870836,57.6363625703,7657,,,,,,,,,,,,,,,,,,,,,,,,,,,,,,,,,,,,,,,,,,,,,,,,,,,,,,,,,,,60.13314789232337,,,,,,,,60.13314789232337,#000000,,60.13314789232337,,37.18146536994893,-8.79065768562355,False,False,False,True,True,,0.0,0.0,0.0,0.0,0,,,False,False,False,False,,,False,False,False,False,-153903,-72873.57489409724,False,False,False,False,8470.599373523237,False,False,False,False
2022-03-03 00:00:00+00:00,57.1832969861,57.2350967549,57.0800622354,57.0800622354,878,,,,,,,,,,,,,,,,,,,,,,,,,,,,,,,,,,,,,,,,,,,,,,,,,,,,,,,,,,,60.12502083553939,,,,,,,,60.12502083553939,#000000,,60.12502083553939,,36.02590111380399,-8.79065768562355,False,False,False,True,True,,0.0,0.0,0.0,0.0,0,,,False,False,False,False,,,False,False,False,False,-154781,-76085.63078060324,False,False,False,False,8172.85037848311,False,False,False,False
2022-03-04 00:00:00+00:00,55.0190150928,55.4252055341,54.3716091784,55.1558102572,10863,,,,,,,,,,,,,,,,,,,,,,,,,,,,,,,,,,,,,,,,,,,,,,,,,,,,,,,,,,,59.95501485602378,,,,,,,,59.95501485602378,#000000,,59.95501485602378,,32.58585691457142,-11.973823146675592,False,False,False,True,False,,0.0,0.0,0.0,0.0,0,,,False,False,False,False,,,False,False,False,False,-165644,-79597.72369116783,False,False,False,False,8278.346442072008,False,False,False,False
2022-03-07 00:00:00+00:00,52.84397198,54.3715179817,52.7026169769,54.3715179817,25915,,,,,,,,,,,,,,,,,,,,,,,,,,,,,,,,,,,,,,,,,,,,,,,,,,,,,,,,,,53.3060356462,59.47278406184334,,,,,,,,56.38940985402167,#000000,,56.38940985402167,,28.51033522147606,-15.874510692592118,False,False,False,True,False,,0.0,0.0,0.0,0.0,0,,,False,False,False,False,,,False,False,False,False,-191559,-83988.3619777887,False,False,False,False,8969.97991493193,False,False,False,False
2022-03-08 00:00:00+00:00,53.1859598908,54.1252866859,52.9390902176,53.0400450489,14667,,,,,,,,,,,,,,,,,,,,,,,,,,,,,,,,,,,,,,,,,,,,,,,,,,,,,,,,,,53.346060084732294,59.23399985387704,,,,,,,,56.29002996930467,#000000,,56.29002996930467,,26.715123966429108,-17.554684909897958,False,False,False,True,False,,0.0,0.0,0.0,0.0,0,,,False,False,False,False,,,False,False,False,False,-176892,-87631.64190022837,False,False,False,False,9193.392467287542,False,False,False,False
2022-03-09 00:00:00+00:00,56.1460248533,56.4781635123,55.0919725138,55.2926054215,16136,,,,,,,,,,,,,,,,,,,,,,,,,,,,,,,,,,,,,,,,,,,,,,,,,,,,,,,,,,54.07417635216225,59.09561282297709,,,,,,,,56.584894587569664,#000000,,56.584894587569664,,31.885163386128145,-17.554684909897958,False,False,False,True,True,,0.0,0.0,0.0,0.0,0,,,False,False,False,False,,,False,False,False,False,-160756,-90499.26378649392,False,False,False,False,9465.651586217442,False,False,False,False
2022-03-10 00:00:00+00:00,55.367386778,55.593554783,55.1370237213,55.4294005858,17910,,,,,,,,,,,,,,,,,,,,,,,,,,,,,,,,,,,,,,,,,,,,,,,,,,,,,,,,,,54.384198787013844,58.931098127132984,,,,,,,,56.657648457073414,#000000,,56.657648457073414,,34.38782712121318,-21.97766646208482,False,False,False,True,True,,0.0,0.0,0.0,0.0,0,,,False,False,False,False,,,False,False,False,False,-178666,-93956.78285369024,False,False,False,False,9796.802504404994,False,False,False,False
2022-03-11 00:00:00+00:00,55.0098954152,55.9401025326,55.0098954152,55.9401025326,1900,,,,,,,,,,,,,,,,,,,,,,,,,,,,,,,,,,,,,,,,,,,,,,,,,,,,,,,,,,54.4074315223252,58.91427860511361,,,,,,,,56.6608550637194,#000000,,56.6608550637194,,35.62605085748501,-20.86285806625078,False,False,False,True,True,,0.0,0.0,0.0,0.0,0,,,False,False,False,False,,,False,False,False,False,-180566,-97353.22274178082,False,False,False,False,9487.123974820484,False,False,False,False
2022-03-14 00:00:00+00:00,55.6765438494,56.48728319,55.6765438494,56.268410927,6389,,,,,,,,,,,,,,,,,,,,,,,,,,,,,,,,,,,,,,,,,,,,,,,,,,,,,,,,,,54.52604366708094,58.86851827472595,,,,,,,,56.69728097090345,#000000,,56.69728097090345,,37.75085618211682,-18.820577479427435,False,False,False,True,True,,0.0,0.0,0.0,0.0,0,,,False,False,False,False,,,False,False,False,False,-174177,-100365.91988916197,False,False,False,False,9365.628916984388,False,False,False,False
2022-03-15 00:00:00+00:00,55.7668286578,55.7941876907,55.2014086453,55.5479563949,8682,,,,,,,,,,,,,,,,,,,,,,,,,,,,,,,,,,,,,,,,,,,,,,,,,,,,,,,,,,54.62664898825759,58.801175284011755,,,,,,,,56.713912136134674,#000000,,56.713912136134674,,39.34708292854053,-17.23213865030757,False,False,False,True,True,0.0,0.0,0.0,0.0,0.0,0,,,False,False,False,False,-0.21941777469814416,-0.21941777469814416,False,False,False,False,-165495,-102920.00146213602,False,False,False,False,9338.819939847745,False,False,False,False
2022-03-16 00:00:00+00:00,57.0435835249,57.1712590116,56.3048896375,56.824711262,7777,,,,,,,,,,,,,,,,,,,,,,,,,,,,,,,,,,,,,,,,,,,,,,,,,,,,,,,,,,54.799855160009855,58.765767660379,,,,,,,,56.78281141019443,#000000,,56.78281141019443,,42.83063521308432,-13.8615345104132,False,False,False,True,True,0.0,0.0,0.0,0.0,0.0,0,0.7730800093342518,0.9764399823448365,False,False,False,False,-0.1450151689500698,-0.182216471824107,False,False,False,False,-157718,-105068.94258126794,False,False,False,False,9277.572099069403,False,False,False,False
2022-03-17 00:00:00+00:00,57.9464316095,58.2747400038,57.7913970899,57.7913970899,4169,,,,,,,,,,,,,,,,,,,,,,,,,,,,,,,,,,,,,,,,,,,,,,,,,,,,,,,,,,54.92887027561949,58.75846784300383,,,,,,,,56.84366905931166,#000000,,56.84366905931166,,46.650128921298474,-10.252874552681845,True,False,False,False,True,0.0,0.0,0.0,0.0,0.0,0,0.788873110182727,0.9649517372535896,False,False,False,False,-0.0635356270282197,-0.12287604942616334,False,False,False,False,-153549,-106970.12130357116,False,False,False,False,9077.235938321584,False,False,False,False
2022-03-18 00:00:00+00:00,58.5209712996,58.5209712996,57.7093199913,57.7093199913,35681,,,,,,,,,,,,,,,,,,,,,,,,,,,,,,,,,,,,,,,,,,,,,,,,,,,,,,,,,,55.78012109462,58.71994973249639,,,,,,,,57.250035413558194,#000000,,57.250035413558194,,50.094449480252045,-7.0502429371991155,True,False,False,False,True,0.0,0.0,0.0,0.0,0.0,0,0.7958441462883912,0.9601553721404078,False,False,False,False,-0.03985101095379322,-0.08136353018997827,False,False,False,False,-117868,-107397.48909558797,False,False,False,False,10120.520803485444,False,False,False,False
2022-03-21 00:00:00+00:00,58.584809043,58.9131174374,58.5027319444,58.8299459775,7844,,,,,,,,,,,,,,,,,,,,,,,,,,,,,,,,,,,,,,,,,,,,,,,,,,,,,,,,,,55.93408713139508,58.7190798121106,,,,,,,,57.32658347175284,#000000,,57.32658347175284,,52.493210636066436,-4.820754410183696,True,False,True,False,True,0.0,0.0,0.0,0.0,0.0,0,0.8172581683563079,0.939426404307796,False,False,False,False,-0.0020125974234551313,-0.041688063806716705,False,False,False,False,-110024,-107500.48952321197,False,False,False,False,10031.245477858565,False,False,False,False
2022-03-22 00:00:00+00:00,59.0681519569,59.2231864765,59.0681519569,59.1684684108,1567,,,,,,,,,,,,,,,,,,,,,,,,,,,,,,,,,,,,,,,,,,,,,,,,,,,,,,,,,,55.967672707523306,58.720387994080504,,,,,,,,57.3440303508019,#000000,,57.3440303508019,,54.89268223920342,-2.5356235149115776,True,False,True,False,True,0.0,0.0,0.0,0.0,0.0,0,0.8191558744062943,0.9297427160494314,False,False,False,False,0.031045207692550224,-0.0053214280570832405,False,False,False,False,-108457,-107537.99973798798,False,False,False,False,9699.314282648425,False,False,False,False
2022-03-23 00:00:00+00:00,58.2747400038,58.5027319444,58.2747400038,58.4936122668,1597,,,,,,,,,,,,,,,,,,,,,,,,,,,,,,,,,,,,,,,,,,,,,,,,,,,,,,,,,,55.99300488387398,58.719162307914736,,,,,,,,57.35608359589436,#000000,,57.35608359589436,,54.65878142869989,-2.5356235149115776,True,False,True,False,True,0.0,0.0,0.0,0.0,0.0,0,0.82070530964762,0.9307270514494375,False,False,False,False,-0.01764932549841981,-0.011485376777751525,False,False,False,False,-110054,-107636.66641492964,False,False,False,False,9381.576467642604,False,False,False,False
2022-03-24 00:00:00+00:00,58.3044701529,58.5392106549,58.1379448395,58.5392106549,3766,,,,,,,,,,,,,,,,,,,,,,,,,,,,,,,,,,,,,,,,,,,,,,,,,,,,,,,,,,56.05008677350541,58.716121315216554,,,,,,,,57.383104044360984,#000000,,57.383104044360984,,54.560627161615805,-2.4904382500130566,True,False,True,False,True,0.0,0.0,0.0,0.0,0.0,0,0.8104497408739473,0.9353420573978712,False,False,False,False,-0.02087648955976171,-0.016180933168756618,False,False,False,False,-106288,-107583.77753591278,False,False,False,False,9161.357782637013,False,False,False,False
2022-03-25 00:00:00+00:00,58.657766464,58.657766464,58.2838596815,58.6304074311,1153,,,,,,,,,,,,,,,,,,,,,,,,,,,,,,,,,,,,,,,,,,,,,,,,,,,,,,,,,,56.06853920332028,58.715687676982846,,,,,,,,57.39211344015156,#000000,,57.39211344015156,,55.21215230890401,-1.5099873261048984,True,False,True,False,True,0.0,0.0,0.0,0.0,0.0,0,0.8043412034822913,0.9438958027536505,False,False,False,False,-0.012369273600387974,-0.014275103384572295,False,False,False,False,-105135,-107487.74704430836,False,False,False,False,8847.304536259091,False,False,False,False
2022-03-28 00:00:00+00:00,58.4662532339,58.4662532339,58.2565006486,58.2565006486,1091,,,,,,,,,,,,,,,,,,,,,,,,,,,,,,,,,,,,,,,,,,,,,,,,,,,,,,,,,,56.08479343377931,58.71497319469469,,,,,,,,57.399883314237,#000000,,57.399883314237,,55.13154431779722,-1.1821658706231517,True,False,True,False,True,0.0,0.0,0.0,0.0,0.0,0,0.7944239412409896,0.9449528194298688,False,False,False,False,-0.0013854311769172765,-0.007830267280744785,False,False,False,False,-106226,-107438.26676806097,False,False,False,False,8543.135730915597,False,False,False,False
2022-03-29 00:00:00+00:00,60.0923829507,60.0923829507,59.6153326143,59.8706835877,2621,,,,,,,,,,,,,,,,,,,,,,,,,,,,59.9333661719,,,,,,,,,,,,,,,,,,,,,,,,,,,,,,56.14828828252896,58.72148683118365,,,,,,,,58.26771376187087,#000000,,58.26771376187087,,58.1306286505271,2.0260071664107357,True,False,True,False,True,0.0,0.0,0.0,0.0,0.0,0,0.8106684778515298,0.9300173382323208,False,False,False,False,0.1242693976427595,0.058219565181007356,False,False,False,False,-103605,-107287.9425810782,False,False,False,False,8310.895114016947,False,False,False,True
2022-03-30 00:00:00+00:00,59.9983590744,60.0895558506,59.9527606863,59.9983590744,3439,,,,,,,,,,,,,,,,,,,,,,,,,,,,59.97887467749782,,,,,,,,,,,,,,,,,,,,,,,,,,,,,,56.23018807800825,58.730487030891666,,,,,,,,58.313183262132576,#000000,,58.313183262132576,,59.85702641555305,3.9233117591210913,True,False,True,False,True,0.0,0.0,0.0,0.0,0.0,0,0.8231371999183144,0.9234766382895997,False,False,False,False,0.1364799954102627,0.09734978029563503,False,False,False,False,-107044,-107278.37620534965,False,False,False,False,8119.840403663341,False,False,False,False
2022-03-31 00:00:00+00:00,58.9954681263,59.6609310024,58.9954681263,59.6609310024,25792,,,,,,,,,,,,,,,,,,,,,,,,,,,,59.36218449786377,,,,,,,,,,,,,,,,,,,,,,,,,,,,,,56.63978375879003,58.754655837926876,,,,,,,,58.25220803152689,#000000,,58.25220803152689,,58.257920564123275,3.9233117591210913,True,False,True,False,True,0.0,0.0,0.0,0.0,0.0,0,0.8091577700295851,0.9328746344838037,False,False,False,False,0.09011128106546766,0.09373053068055134,False,False,False,False,-132836,-108280.6359620026,False,False,False,False,8812.866270186347,False,False,False,False
2022-04-01 00:00:00+00:00,58.6212877535,59.8524442324,58.6212877535,59.1684684108,3429,,,,,,,,,,,,,,,,,,,,,,,,,,,,59.330061738275305,,,,,,,,,,,,,,,,,,,,,,,,,,,,,,56.68260735389899,58.7564723368395,,,,,,,,58.25638047633793,#000000,,58.25638047633793,,56.26011101727776,3.9233117591210913,True,False,True,False,False,0.0,0.0,0.0,0.0,0.0,0,0.8099628310650122,0.9324510507445203,False,False,False,False,0.1153772750539512,0.10455390286725127,False,False,False,False,-136265,-109378.0620027084,False,False,False,False,8601.734259590803,False,False,False,False
2022-04-04 00:00:00+00:00,59.3417422856,59.3417422856,59.1912676048,59.3052635751,5063,,,,,,,,,,,,,,,,,,,,,,,,,,,,59.325232953527674,,,,,,,,,,,,,,,,,,,,,,,,,,,,,,56.74979990408638,58.76160364786856,,,,,,,,58.27887883516087,#000000,,58.27887883516087,,56.473021247072104,3.9233117591210913,True,False,True,False,False,0.0,0.0,0.0,0.0,0.0,0,0.8211417116451841,0.9194086896095819,False,False,False,False,0.11772014996830893,0.1111370264177801,False,False,False,False,-131202,-110233.90270848454,False,False,False,False,8462.96036705783,False,False,False,False
2022-04-05 00:00:00+00:00,58.6668861416,59.4602980947,58.6668861416,59.3235029304,2511,,,,,,,,,,,,,,,,,,,,,,,,,,,,59.30215459534297,,,,,,,,,,,,,,,,,,,,,,,,,,,,,,56.77731329866466,58.762407136935465,,,,,,,,58.28062501031436,#000000,,58.28062501031436,,54.890232207086235,3.9233117591210913,True,False,True,False,False,0.0,0.0,0.0,0.0,0.0,0,0.8400994917627637,0.9038911667446357,False,False,False,False,0.10170483015555079,0.10642092828666544,False,False,False,False,-133713,-111154.6516218773,False,False,False,False,8229.550156584975,False,False,False,False
2022-04-06 00:00:00+00:00,57.8917135437,57.8917135437,57.6637216032,57.7184396689,4440,,,,,,,,,,,,,,,,,,,,,,,,,,,,59.162609477651145,,,,,,,,,,,,,,,,,,,,,,,,,,,,,,56.79996502150902,58.75454959126034,,,,,,,,58.2390413634735,#000000,,58.2390413634735,,52.05815499501378,7.343293256368128,True,False,False,False,False,0.0,0.0,0.0,0.0,0.0,0,0.8234581338719269,0.9171976765841761,False,False,False,False,0.001079212270108306,0.05375007027838687,False,False,False,False,-138153,-112213.41038180368,False,False,False,False,8080.94034652282,False,False,False,False
2022-04-07 00:00:00+00:00,58.1036548517,58.2794822362,57.6454822479,58.2291416157,11845,,,,,,,,,,,,,,,,,,,,,,,,,,,,58.93166408391998,,,,,,,,,,,,,,,,,,,,,,,,,,,,,,56.86648534334231,58.73841041887973,,,,,,,,58.17885328204735,#000000,,58.17885328204735,,50.707293986719755,5.94002632952661,True,False,False,False,False,0.0,0.0,0.0,0.0,0.0,0,0.809365155315051,0.9305422390716891,False,False,False,False,0.015488958501187542,0.034619514389787207,False,False,False,False,-126308,-112766.13938643884,False,False,False,False,8228.550529012122,False,False,False,False
2022-04-08 00:00:00+00:00,59.3052635751,59.5514948709,57.836995478,57.9464316095,4053,,,,,,,,,,,,,,,,,,,,,,,,,,,,58.929499714752446,,,,,,,,,,,,,,,,,,,,,,,,,,,,,,56.90400589117498,58.73958405849291,,,,,,,,58.191029888140115,#000000,,58.191029888140115,,52.543136327383515,5.94002632952661,True,False,False,False,False,0.0,0.0,0.0,0.0,0.0,0,0.8202778470056946,0.8968313031833247,False,False,False,False,0.07268051585240803,0.05365001512109762,False,False,False,False,-122255,-113138.25156736281,False,False,False,False,8064.803449443019,False,False,False,False
2022-04-11 00:00:00+00:00,58.3568171024,58.5209712996,57.9737906423,57.9737906423,2398,,,,,,,,,,,,,,,,,,,,,,,,,,,,58.90589518364454,,,,,,,,,,,,,,,,,,,,,,,,,,,,,,56.91892188454411,58.73760871879786,,,,,,,,58.18747526232884,#000000,,58.18747526232884,,51.507981362682976,5.94002632952661,True,False,False,False,False,0.0,0.0,0.0,0.0,0.0,0,0.8247784428838665,0.8916284512641025,False,False,False,False,0.03772286844969693,0.045686441785397276,False,False,False,False,-124653,-113589.81032942703,False,False,False,False,7842.575863190352,False,False,False,False
2022-04-12 00:00:00+00:00,57.5542854717,58.1379448395,57.5178067612,58.1379448395,3867,,,,,,,,,,,,,,,,,,,,,,,,,,,,58.84080032216235,,,,,,,,,,,,,,,,,,,,,,,,,,,,,,56.93293269020286,58.73066098727065,,,,,,,,58.16813133321195,#000000,,58.16813133321195,,49.15527896524308,4.280315282835758,True,False,False,False,False,0.0,0.0,0.0,0.0,0.0,0,0.7952334714970457,0.9102969683634894,False,False,False,False,0.0049907436457531425,0.02533859271557521,False,False,False,False,-128520,-114175.30796356715,False,False,False,False,7686.670927378966,False,False,False,False
2022-04-13 00:00:00+00:00,57.9281922542,57.9373119318,57.4174903074,57.6363625703,8149,,,,,,,,,,,,,,,,,,,,,,,,,,,,58.72741740846819,,,,,,,,,,,,,,,,,,,,,,,,,,,,,,56.961788267257376,58.71668174204503,,,,,,,,58.13529580592353,#000000,,58.13529580592353,,48.497172265014775,3.534221854138181,True,False,False,False,False,0.0,0.0,0.0,0.0,0.0,0,0.777618846108918,0.9243714524496807,False,False,False,False,-0.0067438711062632875,0.009297360804655961,False,False,False,False,-120371,-114418.27627872139,False,False,False,False,7704.801479246457,False,False,False,False
2022-04-14 00:00:00+00:00,57.6546019256,57.8825938661,57.6546019256,57.8825938661,1567,,,,,,,,,,,,,,,,,,,,,,,,,,,,58.70768853192539,,,,,,,,,,,,,,,,,,,,,,,,,,,,,,56.96690566181887,58.71395566192387,,,,,,,,58.129516618556046,#000000,,58.129516618556046,,47.459786603081945,2.3822650584537683,True,False,False,True,False,0.0,0.0,0.0,0.0,0.0,0,0.7731209061559077,0.92876843871885,False,False,False,False,0.02177651205507529,0.015536936429865625,False,False,False,False,-121938,-114713.16740504604,False,False,False,False,7464.103382021106,False,False,False,False
2022-04-18 00:00:00+00:00,57.3718919193,57.9646709647,57.3116108502,57.6819609584,4586,,,,,,,,,,,,,,,,,,,,,,,,,,,,58.64426981942464,,,,,,,,,,,,,,,,,,,,,,,,,,,,,,56.97803580499667,58.70460904828932,,,,,,,,58.108971557570214,#000000,,58.108971557570214,,46.14078141978977,0.9568781737925676,True,False,False,True,False,0.0,0.0,0.0,0.0,0.0,0,0.7836682683358214,0.9236330492764745,False,False,False,False,0.010940924350463238,0.013238930390164431,False,False,False,False,-126524,-115176.33731073052,False,False,False,False,7351.236582726161,False,False,False,False
2022-04-19 00:00:00+00:00,57.2077377221,57.4420222402,57.2077377221,57.4420222402,995,,,,,,,,,,,,,,,,,,,,,,,,,,,,58.628322145875366,,,,,,,,,,,,,,,,,,,,,,,,,,,,,,56.97930658940942,58.702142792051305,,,,,,,,58.10325717577869,#000000,,58.10325717577869,,44.8872407265848,-0.39985744187388406,False,False,False,True,False,0.0,0.0,0.0,0.0,0.0,0,0.7897760216432765,0.918005239758901,False,False,False,False,-0.015072482436640687,-0.0009167760232381278,False,False,False,False,-127519,-115660.36329854502,False,False,False,False,7101.972403011409,False,False,False,False
2022-04-20 00:00:00+00:00,57.9373119318,58.0558677409,57.5360461165,57.7822774123,5582,,,,,,,,,,,,,,,,,,,,,,,,,,,,58.57980107366976,,,,,,,,,,,,,,,,,,,,,,,,,,,,,,56.998860231970504,58.69384612668204,,,,,,,,58.0908358107741,#000000,2.5844010683894627,58.0908358107741,-0.05940404562275554,46.20320565217827,-0.39985744187388406,False,False,False,True,False,0.0,0.0,0.0,0.0,0.0,0,0.7864219242953883,0.9057930412793319,False,False,False,False,0.024049481389737,0.011566352683249436,False,False,False,False,-121937,-115906.50591428837,False,False,False,False,7042.365642109002,False,False,False,False
2022-04-21 00:00:00+00:00,57.1256606235,58.2425475418,56.8703096501,58.2425475418,2091,,,,,,,,,,,,,,,,,,,,,,,,,,,,58.5534008797057,,,,,,,,,,,,,,,,,,,,,,,,,,,,,,57.00234124379445,58.68922844933586,,,,,,,,58.081656857611996,#000000,2.5156322581861983,58.081656857611996,-0.38002225126548417,45.11792168149767,-0.39985744187388406,False,False,False,True,False,0.0,0.0,0.0,0.0,0.0,0,0.7882053571707851,0.9034711055137453,False,False,False,False,0.004155475704747228,0.007860914193998331,False,False,False,False,-124028,-116224.99587843393,False,False,False,False,6848.194440457669,False,False,False,False
2022-04-22 00:00:00+00:00,56.6879160976,57.3262935312,56.3687273809,57.3262935312,2871,,,,,,,,,,,,,,,,,,,,,,,,,,,,58.500406166147826,,,,,,,,,,,,,,,,,,,,,,,,,,,,,,56.99996689430887,58.67989596887077,,,,,,,,58.06008967644249,"rgba(239, 83, 80, 0.5)",2.45085841006265,58.06008967644249,-0.5598746843998259,43.43879997878457,-2.1003107868460233,False,False,False,True,False,0.0,0.0,0.0,0.0,0.0,0,0.7685667758125201,0.9273420582490538,False,False,False,False,-0.036532666119152075,-0.014335875962576872,False,False,False,False,-126899,-116643.5842753581,False,False,False,False,6692.226031027957,False,False,False,False
2022-04-25 00:00:00+00:00,56.3687273809,56.3687273809,55.8489057564,55.9218631774,2276,,,,,,,,,,,,,,,,,,,,,,,,,,,,58.446641654189385,,,,,,,,,,,,,,,,,,,,,,,,,,,,,,56.99275280682276,58.670233618459484,,,,,,,,58.03654269315721,"rgba(239, 83, 80, 0.5)",2.4019099259332415,58.03654269315721,-0.6943704650411467,41.64042983407285,-3.9120938338956392,False,False,False,True,False,0.0,0.0,0.0,0.0,0.0,0,0.7677088576811989,0.9364529834773442,False,False,False,False,-0.09751775105615632,-0.055926813509366596,False,False,False,False,-129175,-117135.01234299112,False,False,False,False,6519.040696477841,False,False,False,False
2022-04-26 00:00:00+00:00,54.5356721789,55.930982855,54.5356721789,55.930982855,477,,,,,,,,,,,,,,,,,,,,,,,,,,,,58.42987832409706,,,,,,,,,,,,,,,,,,,,,,,,,,,,,,56.9890163223243,58.66724515446251,,,,,,,,58.02871326696129,"rgba(239, 83, 80, 1.0)",2.399094658326688,58.02871326696129,-1.4559830209023947,37.35976678327893,-7.968890488525588,False,True,False,True,False,0.0,0.0,0.0,0.0,0.0,0,0.7452634382722163,0.9294228953109163,False,False,False,False,-0.17816911236661362,-0.11704796293799011,False,False,False,False,-129652,-117625.87460405029,False,False,False,False,6282.097924066946,False,False,False,False
2022-04-27 00:00:00+00:00,54.9551773495,54.970863195,54.8548608956,54.8548608956,585,,,,,,,,,,,,,,,,,,,,,,,,,,,,58.40910312778353,,,,,,,,,,,,,,,,,,,,,,,,,,,,,,56.984283530285104,58.66351304880918,,,,,,,,58.018966568959264,"rgba(239, 83, 80, 1.0)",2.373636910295944,58.018966568959264,-1.29075732104169,35.87425802222194,-9.304903597941617,False,True,False,True,False,0.0,0.0,0.0,0.0,0.0,0,0.761412724979579,0.9251193997893984,False,False,False,False,-0.20821831736397087,-0.1626331401509805,False,False,False,False,-129067,-118074.54618820517,False,False,False,False,6058.682319201575,False,False,False,False
2022-04-28 00:00:00+00:00,55.4613194575,55.5661957501,54.9296422521,54.9296422521,2196,,,,,,,,,,,,,,,,,,,,,,,,,,,,58.341806199118196,,,,,,,,,,,,,,,,,,,,,,,,,,,,,,56.970058814063876,58.651032636839496,,,,,,,,57.98763255000719,"rgba(239, 83, 80, 1.0)",2.376210566873425,57.98763255000719,-1.0631688654727565,36.473532837845724,-9.304903597941617,False,True,False,True,False,0.0,0.0,0.0,0.0,0.0,0,0.7523956993193395,0.9349535114936309,False,False,False,False,-0.17680885045782457,-0.16972099530440254,False,False,False,False,-126871,-118419.50516121673,False,False,False,False,5907.2045811936705,False,False,False,False
2022-04-29 00:00:00+00:00,55.0098954152,55.2926054215,55.0098954152,55.2926054215,382,,,,,,,,,,,,,,,,,,,,,,,,,,,,58.32958675030144,,,,,,,,,,,,,,,,,,,,,,,,,,,,,,56.96729028000254,58.64873171928335,,,,,,,,57.98186958319578,"rgba(239, 83, 80, 1.0)",2.376079862390399,57.98186958319578,-1.2507888371251537,36.054507879559445,-9.304903597941617,False,True,False,True,False,0.0,0.0,0.0,0.0,0.0,0,0.744130290412611,0.9422401296731843,False,False,False,False,-0.17360235659478532,-0.17166167594959392,False,False,False,False,-127253,-118765.91672352196,False,False,False,False,5690.529891735096,False,False,False,False
2022-05-02 00:00:00+00:00,51.3437850112,54.581270567,51.3437850112,54.581270567,3131,,,,,,,,,,,,,,,,,,,,,,,,,,,,58.15235245778689,,,,,,,,,,,,,,,,,,,,,,,,,,,,,,56.91268979940767,58.61580391242072,,,,,,,,57.89361538987176,"rgba(255, 26, 202, 1.0)",2.453005076054235,57.89361538987176,-2.6701250815214173,31.455114420565017,-13.59832435742797,False,True,False,True,False,0.0,0.0,0.0,0.0,0.0,0,0.7149953130064276,0.9503195984107161,False,False,False,False,-0.34282825441539394,-0.25724496518249396,False,False,False,False,-130384,-119221.52783240346,False,False,False,False,5590.156170490583,False,False,False,False
2022-05-03 00:00:00+00:00,55.0646134809,55.0646134809,53.9520128111,54.2985605607,31914,,,,,,,,,,,,,,,,,,,,,,,,,,,,57.3422985341578,,,,,,,,,,,,,,,,,,,,,,,,,,,,,,56.670589337348396,58.41518244284065,,,,,,,,57.47602343811562,"rgba(239, 83, 80, 0.5)",2.414500950616595,57.47602343811562,-0.9987198210047554,35.9354524853533,-13.59832435742797,False,True,False,True,True,0.0,0.0,0.0,0.0,0.0,0,0.739917482572957,0.8904989283634388,False,False,False,False,-0.1876366142404534,-0.22244078971147369,False,False,False,False,-98470,-118407.74242721117,False,False,False,False,6622.4637716478155,False,False,False,False
2022-05-04 00:00:00+00:00,54.8548608956,54.8548608956,53.6601831272,54.2620818502,2298,,,,,,,,,,,,,,,,,,,,,,,,,,,,57.29443947972572,,,,,,,,,,,,,,,,,,,,,,,,,,,,,,56.65333142481818,58.400655593539376,,,,,,,,57.449475499361085,"rgba(239, 83, 80, 1.0)",2.386521419048242,57.449475499361085,-1.0871951883825262,38.65689432558298,-16.99412026342751,False,True,False,True,True,0.0,0.0,0.0,0.0,0.0,0,0.7464181921739436,0.885001766629997,False,False,False,False,-0.2120362786936349,-0.2172385342025543,False,False,False,False,-100768,-117715.9878222225,False,False,False,False,6452.876957073391,False,False,False,False
2022-05-05 00:00:00+00:00,53.1658054033,54.2803212055,53.1658054033,54.2620818502,7214,,,,,,,,,,,,,,,,,,,,,,,,,,,,57.10850578033001,,,,,,,,,,,,,,,,,,,,,,,,,,,,,,56.57890168030063,58.34526676491275,,,,,,,,57.3442247418478,"rgba(255, 0, 0, 1.0)",2.4129421944575213,57.3442247418478,-1.7316698875528589,38.47518045613083,-16.99412026342751,False,True,False,True,True,0.0,0.0,0.0,0.0,0.0,0,0.7325776512311885,0.8952210006703243,False,False,False,False,-0.26491613927126695,-0.24107733673691062,False,False,False,False,-107982,-117334.26280958632,False,False,False,False,6482.724919541101,False,False,False,False
2022-05-06 00:00:00+00:00,51.9548034119,52.6669590374,51.9456837343,52.6478989111,1458,,,,,,,,,,,,,,,,,,,,,,,,,,,,57.059790011923496,,,,,,,,,,,,,,,,,,,,,,,,,,,,,,56.55781170289021,58.331129124848715,,,,,,,,57.3162436132208,"rgba(255, 26, 202, 1.0)",2.4605444816051367,57.3162436132208,-2.178964957310286,37.12519496979132,-16.99412026342751,False,True,False,True,True,0.0,0.0,0.0,0.0,0.0,0,0.736576367878519,0.8911583127077567,False,False,False,False,-0.34282825441539394,-0.2919527955761523,False,False,False,False,-109440,-117024.68387587705,False,False,False,False,6285.676883480666,False,False,False,False
2022-05-09 00:00:00+00:00,48.3434110736,51.3620243665,48.3434110736,51.1686872009,20312,,,,,,,,,,,,,,,,,,,,,,,,,,,,56.12504490566099,,,,,,,,,,,,,,,,,,,,,,,,,,,,,49.34961550456667,56.10562142542192,58.05268528652621,,,,,,,,54.90824178054395,"rgba(255, 26, 202, 1.0)",2.656802554485949,54.90824178054395,-2.470951669276058,33.46113266999276,-16.99412026342751,False,True,False,True,False,0.0,0.0,0.0,0.0,0.0,0,0.675908564980706,0.9223076603082685,False,False,False,False,-0.34282825441539394,-0.31739052499577314,False,False,False,False,-129752,-117523.79431211717,False,False,False,False,6835.728770402993,False,False,False,False
2022-05-10 00:00:00+00:00,50.9333995182,51.4532211427,50.6598091896,51.4532211427,9616,,,,,,,,,,,,,,,,,,,,,,,,,,,,55.84770146836002,,,,,,,,,,,,,,,,,,,,,,,,,,,,,49.884864116420324,55.95881117089619,57.9508958837149,,,,,,,,54.91056815984786,"rgba(239, 83, 80, 1.0)",2.743033870350062,54.91056815984786,-1.4499159797616004,34.95014746336042,-16.99412026342751,False,True,False,True,False,0.0,0.0,0.0,0.0,0.0,0,0.6881451124363628,0.8862099047190146,False,False,False,False,-0.2574036412623499,-0.28739708312906154,False,False,False,False,-120136,-117626.23375085767,False,False,False,False,6944.759014700915,False,False,False,False
2022-05-11 00:00:00+00:00,51.9000853461,52.0798341921,51.2657205708,51.517058886,16874,,,,,,,,,,,,,,,,,,,,,,,,,,,,55.49121832377209,,,,,,,,,,,,,,,,,,,,,,,,,,,,,50.55679651174415,55.755988246598555,57.79736482192691,,,,,,,,54.90034197601043,"rgba(239, 83, 80, 1.0)",2.808681462187755,54.90034197601043,-1.0682082216519682,37.215827517765334,-16.99412026342751,False,True,False,True,True,0.0,0.0,0.0,0.0,0.0,0,0.7082466238959246,0.8653641202522407,False,False,False,False,-0.215124153353827,-0.2512606182414443,False,False,False,False,-103262,-117062.93046651033,False,False,False,False,7334.141014124409,False,False,False,False
2022-05-12 00:00:00+00:00,50.8057240315,51.4805801755,50.4591762819,50.7510059658,10875,,,,,,,,,,,,,,,,,,,,,,,,,,,,55.248353841354415,,,,,,,,,,,,,,,,,,,,,,,,,,,,,50.62436598843408,55.610220948683015,57.689294837671326,,,,,,,,54.79305890403571,"rgba(239, 83, 80, 1.0)",2.902962915679811,54.79305890403571,-1.3735397207449218,37.735975335429785,-16.99412026342751,False,True,False,True,True,0.0,0.0,0.0,0.0,0.0,0,0.6907304219708,0.8619847829962093,False,False,False,False,-0.2634170095570353,-0.2573388138992398,False,False,False,False,-114137,-116948.18809527463,False,False,False,False,7472.998229256785,False,False,False,False
2022-05-13 00:00:00+00:00,52.19191503,52.19191503,51.8818459909,52.1007182538,3989,,,,,,,,,,,,,,,,,,,,,,,,,,,,55.18801557310538,,,,,,,,,,,,,,,,,,,,,,,,,,,,,50.71908049336629,55.571748278542024,57.65722010180769,,,,,,,,54.78401611170535,"rgba(239, 83, 80, 0.5)",2.9505687907993647,54.78401611170535,-0.8785089470844374,39.9237563904086,-16.017475996113006,False,True,False,True,True,0.0,0.0,0.0,0.0,0.0,0,0.7084874822761356,0.8431508384439915,False,False,False,False,-0.19050481979135667,-0.22392181684529822,False,False,False,False,-110148,-116681.51405232267,False,False,False,False,7336.370847717303,False,False,False,False
2022-05-16 00:00:00+00:00,52.0779190598,52.2192740629,51.8453672804,52.1645559972,8538,,,,,,,,,,,,,,,,,,,,,,,,,,,,55.064697462524926,,,,,,,,,,,,,,,,,,,,,,,,,,,,,50.880641339683606,55.49122477998185,57.58929057015018,,,,,,,,54.75646353808514,"rgba(239, 83, 80, 0.5)",2.998473271325844,54.75646353808514,-0.8933027697461381,41.26275059051588,-14.599649074159984,False,False,False,True,True,0.0,0.0,0.0,0.0,0.0,0,0.7152905546047763,0.8354874124555401,False,False,False,False,-0.19081167337129828,-0.20736674510829825,False,False,False,False,-118686,-116760.12134438846,False,False,False,False,7383.493559571527,False,False,False,False
2022-05-17 00:00:00+00:00,53.0491647265,53.0491647265,52.5293431021,52.5293431021,3614,,,,,,,,,,,,,,,,,,,,,,,,,,,,55.02891180922102,,,,,,,,,,,,,,,,,,,,,,,,,,,,,50.9783252614429,55.46617305130271,57.565254421043825,,,,,,,,54.75966613575261,"rgba(239, 83, 80, 0.5)",3.0217223895635823,54.75966613575261,-0.5660683506732231,43.47303437337037,-12.355966225687276,False,False,False,True,True,0.0,0.0,0.0,0.0,0.0,0,0.7520758954471517,0.8136007744448812,False,False,False,False,-0.14031272059786845,-0.17383973285308335,False,False,False,False,-115072,-116693.92050735363,False,False,False,False,7235.670282725585,False,False,False,False
2022-05-18 00:00:00+00:00,51.9183247014,52.3925479377,51.9183247014,52.2192740629,3089,,,,,,,,,,,,,,,,,,,,,,,,,,,,54.98822101869076,,,,,,,,,,,,,,,,,,,,,,,,,,,,,51.02242983097499,55.438645357506566,57.541433787948804,,,,,,,,54.74768249878028,"rgba(239, 83, 80, 0.5)",3.046819157408129,54.74768249878028,-0.9286267583361122,43.62423875595624,-12.032251729441526,False,False,False,True,True,0.0,0.0,0.0,0.0,0.0,0,0.7321076128719467,0.8105500989957998,False,False,False,False,-0.18253888123449152,-0.17818930704378744,False,False,False,False,-118161,-116751.45303647702,False,False,False,False,7073.0557618343855,False,False,False,False
2022-05-19 00:00:00+00:00,52.4381463258,52.6980571381,51.8089797667,51.9456837343,6501,,,,,,,,,,,,,,,,,,,,,,,,,,,,54.9128725818252,,,,,,,,,,,,,,,,,,,,,,,,,,,,,51.1231803073027,55.38615798045505,57.4941311282765,,,,,,,,54.729085499464865,"rgba(239, 83, 80, 0.5)",3.040322136977233,54.729085499464865,-0.7535185649579154,44.47639181875509,-10.97418799612884,False,False,False,True,True,0.0,0.0,0.0,0.0,0.0,0,0.7143537168234411,0.8383304405277933,False,False,False,False,-0.17596591655223534,-0.1770776117980114,False,False,False,False,-111660,-116551.78821151714,False,False,False,False,7050.622202546763,False,False,False,False
2022-05-20 00:00:00+00:00,52.0095214776,52.4290266482,51.9983042741,52.4290266482,9606,,,,,,,,,,,,,,,,,,,,,,,,,,,,54.80222568684954,,,,,,,,,,,,,,,,,,,,,,,,,,,,,51.22877227574325,55.30764707425922,57.423546337438154,,,,,,,,54.690547843572546,"rgba(239, 83, 80, 0.5)",3.034905977618817,54.690547843572546,-0.8833968451556682,44.50298038551042,-10.65541662722174,False,False,False,True,True,0.0,0.0,0.0,0.0,0.0,0,0.7237705333623463,0.8353846933941342,False,False,False,False,-0.17863481489052846,-0.17785621334426993,False,False,False,False,-121266,-116736.65926204587,False,False,False,False,7150.833096564537,False,False,False,False
2022-05-23 00:00:00+00:00,53.1950795685,53.2497976342,52.8758908517,53.0081261772,1437,,,,,,,,,,,,,,,,,,,,,,,,,,,,54.79214566229674,,,,,,,,,,,,,,,,,,,,,,,,,,,,,51.257346903198915,55.299699745120186,57.415041229031274,,,,,,,,54.691058384911784,#000000,3.0263957718535495,54.691058384911784,-0.49431037087907265,46.307525363341796,-8.655056867917239,False,False,False,False,True,0.0,0.0,0.0,0.0,0.0,0,0.7277657319732159,0.8283247910257059,False,False,False,False,-0.12224659984529125,-0.15005140659478058,False,False,False,False,-119829,-116857.92752627937,False,False,False,False,6926.761210424751,False,False,False,False
2022-05-24 00:00:00+00:00,53.2497976342,53.5507469957,53.0765237594,53.4595502195,4905,,,,,,,,,,,,,,,,,,,,,,,,,,,,54.762312388481284,,,,,,,,,,,,,,,,,,,,,,,,,,,,,51.35781109515828,55.27525762205759,57.38749976326184,,,,,,,,54.695720217239746,#000000,3.022363228952494,54.695720217239746,-0.4784079455403118,47.59209991696496,-7.203698200204698,True,False,False,False,True,0.0,0.0,0.0,0.0,0.0,0,0.7264497344238074,0.8417759360609443,False,False,False,False,-0.10575574219243115,-0.12790357439360586,False,False,False,False,-114924,-116782.08723113115,False,False,False,False,6847.47645707476,False,False,False,False
2022-05-25 00:00:00+00:00,50.6598091896,52.9762073055,50.6598091896,52.6296595559,4920,,,,,,,,,,,,,,,,,,,,,,,,,,,,54.697163156143205,,,,,,,,,,,,,,,,,,,,,,,,,,,,,51.361308769932236,55.22888334032217,57.3478578168202,,,,,,,,54.658803270804455,"rgba(239, 83, 80, 1.0)",3.0641696501838487,54.658803270804455,-1.3050824653147126,45.05831858004293,-7.203698200204698,False,False,False,True,False,0.0,0.0,0.0,0.0,0.0,0,0.7007190542180677,0.8404415654605364,False,False,False,False,-0.2052749590703967,-0.16658926673200128,False,False,False,False,-119844,-116902.16224167503,False,False,False,False,6771.889145032613,False,False,False,False
2022-05-26 00:00:00+00:00,53.5507469957,53.6510634495,53.1859598908,53.1859598908,1047,,,,,,,,,,,,,,,,,,,,,,,,,,,,54.69204503053306,,,,,,,,,,,,,,,,,,,,,,,,,,,,,51.38219728967764,55.22435955709956,57.3423621510894,,,,,,,,54.66024100709991,#000000,3.0492586605335945,54.66024100709991,-0.36385696817394886,47.35625823561911,-7.203698200204698,True,False,False,False,False,0.0,0.0,0.0,0.0,0.0,0,0.6991756896086248,0.812570072608227,False,False,False,False,-0.09887703019641599,-0.13273314846420864,False,False,False,False,-118797,-116976.4696047466,False,False,False,False,6547.383688364667,False,False,False,False
2022-05-27 00:00:00+00:00,54.5356721789,54.5356721789,54.1800047516,54.3076802383,2615,,,,,,,,,,,,,,,,,,,,,,,,,,,,54.68922752031306,,,,,,,,,,,,,,,,,,,,,,,,,,,,,51.45572388267102,55.219228591219164,57.33206409758721,,,,,,,,54.67406102294761,#000000,2.998320983688487,54.67406102294761,-0.04615544659843842,50.00145070303732,-4.8997556188690226,True,False,False,False,True,0.0,0.0,0.0,0.0,0.0,0,0.6915049275212098,0.8144344868657079,False,False,False,False,-0.03760516322706897,-0.0851691558456388,False,False,False,False,-116182,-116945.31393397221,False,False,False,False,6393.17256333076,False,False,False,False
2022-05-31 00:00:00+00:00,52.0004018,54.4444754026,52.0004018,54.1891244292,2407,,,,,,,,,,,,,,,,,,,,,,,,,,,,54.671714012448135,,,,,,,,,,,,,,,,,,,,,,,,,,,,,51.48537634963824,55.20524480998636,57.31747462867967,,,,,,,,54.6699524501881,"rgba(239, 83, 80, 0.5)",2.990159466479568,54.6699524501881,-0.8927786896031557,48.73408319621848,-4.8997556188690226,True,False,False,False,True,0.0,0.0,0.0,0.0,0.0,0,0.6639455287037435,0.8238495456470023,False,False,False,False,-0.11174532378642166,-0.09845723981603023,False,False,False,False,-118589,-117009.77221107135,False,False,False,False,6236.852070651122,False,False,False,False
2022-06-01 00:00:00+00:00,53.3683534433,53.9487297271,53.3465574137,53.8425766796,6169,,,,,,,,,,,,,,,,,,,,,,,,,,,,54.64558335485963,,,,,,,,,,,,,,,,,,,,,,,,,,,,,51.59493153516832,55.180998508556236,57.286580468277116,,,,,,,,54.677023466715326,#000000,2.969965249986812,54.677023466715326,-0.4406347930909748,49.48388275920992,-4.8997556188690226,True,False,False,False,True,0.0,0.0,0.0,0.0,0.0,0,0.659460146980184,0.8208111549763077,False,False,False,False,-0.08388002955212347,-0.09116863468407685,False,False,False,False,-112420,-116829.78114397051,False,False,False,False,6234.191205135392,False,False,False,False
2022-06-02 00:00:00+00:00,54.3441589488,54.3441589488,54.097927653,54.170885074,27010,,,,,,,,,,,,,,,,,,,,,,,,,,,,54.60995744553127,,,,,,,,,,,,,,,,,,,,,,,,,,,,,52.09686661229135,55.12547266964375,57.181631961633656,,,,,,,,54.75348217227501,#000000,2.9515854101176826,54.75348217227501,-0.13867910515883938,51.04943611465392,-3.819263477662979,True,False,False,False,True,0.0,0.0,0.0,0.0,0.0,0,0.6603412238357497,0.8162498326898341,False,False,False,False,-0.04649985610610637,-0.06883424539509161,False,False,False,False,-85410,-115597.63286381481,False,False,False,False,7048.928804934004,False,False,False,False
2022-06-03 00:00:00+00:00,53.8699357125,53.8699357125,53.7513799034,53.833457002,1025,,,,,,,,,,,,,,,,,,,,,,,,,,,,54.607218972767754,,,,,,,,,,,,,,,,,,,,,,,,,,,,,52.109159255337,55.12250980401144,57.17722486147947,,,,,,,,54.75402822339892,#000000,2.9089806657390342,54.75402822339892,-0.30391831795633845,51.48464188580684,-3.260360564984154,True,False,False,False,True,0.0,0.0,0.0,0.0,0.0,0,0.6570249702297607,0.8131446018418522,False,False,False,False,-0.07323378344342318,-0.0710340144192574,False,False,False,False,-86435,-114454.00020248875,False,False,False,False,6812.696302779729,False,False,False,False
2022-06-06 00:00:00+00:00,53.4869092524,56.3231289928,50.8695617749,54.9369379942,3234,,,,,,,,,,,,,,,,,,,,,,,,,,,53.55986667336666,54.595737657245174,,,,,,,,,,,,,,,,,,,,,,,,,,,,,52.1409057200177,55.11131089100953,57.16227765423498,,,,,,,53.55986667336666,54.51401971917481,#000000,2.8590889888864295,54.51401971917481,-0.3592439657412896,51.26755218000085,-3.260360564984154,True,False,False,False,True,0.0,-1.0,56.323128,50.86956,271.0,1,0.6418838082701027,0.7911157129135651,False,False,False,False,-0.08723406120235304,-0.07913403781080522,False,False,False,False,-89669,-113482.0394102343,False,False,False,False,6672.355271298172,False,False,False,False
2022-06-07 00:00:00+00:00,53.4321911866,53.4321911866,52.9670876279,52.9670876279,4001,,,,,,,,,,,,,,,,,,,,,,,,,,,53.40352628147452,54.57809419392293,,,,,,,,,,,,,,,,,,,,,,,,,,,,,52.1708570985491,55.09519156735101,57.14251764534954,,,,,,,53.40352628147452,54.47803735732943,#000000,2.8294824162056025,54.47803735732943,-0.3696245520874905,51.045787142913824,-3.2531974247642665,True,False,False,False,True,0.0,0.0,0.0,0.0,0.0,1,0.6709766731500239,0.8356734595044769,False,False,False,False,-0.11324395099466236,-0.09618899440273379,False,False,False,False,-93670,-112705.09668826433,False,False,False,False,6567.596241051185,False,False,False,False
2022-06-08 00:00:00+00:00,52.5749414902,53.012686016,52.5749414902,53.012686016,3317,,,,,,,,,,,,,,,,,,,,,,,,,,,53.188930354449816,54.55771765963582,,,,,,,,,,,,,,,,,,,,,,,,,,,,,52.18261941766889,55.07801734290524,57.123951677343044,,,,,,,53.188930354449816,54.42624729040055,"rgba(239, 83, 80, 0.5)",2.817568806234341,54.42624729040055,-0.6570578848346963,49.6723743656098,-3.2531974247642665,True,False,False,False,True,0.0,0.0,0.0,0.0,0.0,1,0.6644128888518576,0.836784303869849,False,False,False,False,-0.1400109039852706,-0.1180999491940022,False,False,False,False,-96987,-112088.70073970495,False,False,False,False,6440.121878657021,False,False,False,False
2022-06-09 00:00:00+00:00,51.7176917937,52.7436555262,51.7176917937,52.7436555262,2243,,,,,,,,,,,,,,,,,,,,,,,,,,,52.99096949413229,54.5393211480055,,,,,,,,,,,,,,,,,,,,,,,,,,,,,52.18086686417742,55.063325791527326,57.109613247725164,,,,,,,52.99096949413229,54.376819309113536,"rgba(239, 83, 80, 0.5)",2.826198818321309,54.376819309113536,-0.9408848019379585,47.59911784149714,-3.2531974247642665,True,False,False,False,False,0.0,0.0,0.0,0.0,0.0,1,0.6454398376135977,0.8464790346353054,False,False,False,False,-0.17749549404050674,-0.14779772161725446,False,False,False,False,-99230,-111584.43796559887,False,False,False,False,6275.528863807726,False,False,False,False
2022-06-10 00:00:00+00:00,50.1582269204,50.4956549924,50.1582269204,50.4956549924,6662,,,,,,,,,,,,,,,,,,,,,,,,,,,52.05956096484635,54.44795146560237,,,,,,,,,,,,,,,,,,,,,,,,,,,,,52.103275117329396,54.99502671262008,57.05258237895795,,,,,,,52.05956096484635,54.131679327871225,"rgba(239, 83, 80, 1.0)",2.872612823536613,54.131679327871225,-1.3832189200420397,44.34856797470488,-1.4788881928953472,False,False,False,True,False,0.0,0.0,0.0,0.0,0.0,1,0.6429702057751185,0.8646990856751476,False,False,False,False,-0.3061918360094962,-0.22699477881337532,False,False,False,False,-105892,-111361.20510420285,False,False,False,False,6290.684594638796,False,False,False,False
2022-06-13 00:00:00+00:00,48.5896423694,49.492490454,48.5896423694,48.9544294743,7397,,,,,,,,,,,,,,,,,,,,,,,,,,,51.18666063628246,54.31893849470058,,,,,,,,,,,,,,,,,,,,,,,,,,,,,51.964629825186485,54.899939973191685,56.97770210229939,,,,,,,51.18666063628246,53.86957420633212,"rgba(255, 0, 0, 1.0)",2.9671865082190076,53.86957420633212,-1.7794404976926388,40.60584815918067,-4.946683107092703,False,True,False,True,False,0.0,0.0,0.0,0.0,0.0,0,0.6431181260090039,0.8693878686613093,False,False,False,False,-0.34282825441539394,-0.28491151661438463,False,False,False,False,-113289,-111436.80490403803,False,False,False,False,6334.069512496098,False,False,False,False
2022-06-14 00:00:00+00:00,47.8874271925,48.6170014023,47.5499991205,48.5805226918,14196,,,,,,,,,,,,,,,,,,,,,,,,,,,50.09091684958657,54.05019358688916,,,,,,,,,,,,,,,,,,,,,,,,,,,,48.01814257176667,51.66277295607863,54.70018657050818,56.82268187970164,,,,,,,50.09091684958657,52.55748240242181,"rgba(255, 0, 0, 1.0)",3.0550427953624184,52.55748240242181,-1.5286382295563903,37.47102323264198,-7.752893350879702,False,True,False,True,False,0.0,0.0,0.0,0.0,0.0,0,0.6325749829362592,0.8846127287123864,False,False,False,False,-0.34282825441539394,-0.31386988551488926,False,False,False,False,-127485,-112066.14588819341,False,False,False,False,6642.380512006055,False,False,False,False
2022-06-15 00:00:00+00:00,48.7537965666,49.0365065729,47.9421452582,48.6899588232,110809,,,,,,,,,,,,,,,,,,,,,,,,,,,48.98658906074566,52.683255656257984,,,,,,,,,,,,,,,,,,,,,,,,,,,,48.51396218910481,50.50936981922041,53.56921300872238,55.84162322624586,,,,,,,48.98658906074566,51.684002160049516,"rgba(239, 83, 80, 0.5)",3.1170367129537904,51.684002160049516,-0.9400613028624775,37.05298891028929,-8.040555822694287,False,True,False,True,False,0.0,0.0,0.0,0.0,0.0,0,0.639736953934696,0.879323724036722,False,False,False,False,-0.3156918732260622,-0.3147808793704757,False,False,False,False,-16676,-108325.35585336229,False,False,False,False,10727.345982123465,False,False,False,False
2022-06-16 00:00:00+00:00,48.069820745,48.3434110736,47.8053500939,48.3160520407,12954,,,,,,,,,,,,,,,,,,,,,,,,,,,48.91477167986718,52.55245385273758,,,,,,,,,,,,,,,,,,,,,,,,,,,,48.47254387279715,50.40734520100613,53.45303225462697,55.735043355774266,,,,,,,48.91477167986718,51.589198369468214,"rgba(239, 83, 80, 1.0)",3.204859449430512,51.589198369468214,-1.098137899649106,36.05551364594302,-9.000662565110687,False,True,False,True,False,0.0,0.0,0.0,0.0,0.0,0,0.6402142110352451,0.8853876155849549,False,False,False,False,-0.34282825441539394,-0.3288045668929348,False,False,False,False,-29630,-105239.26346695592,False,False,False,False,10814.665747530387,False,False,False,False
2022-06-17 00:00:00+00:00,47.7962304163,48.3616504289,47.7962304163,48.3616504289,709810,,,,,,,,,,,,,,,,,,,,,,,,,,,48.15996473495711,49.7727649481376,,,,,,,,,,,,,,,,,,,,,,,,,,,,48.064090868686705,48.720078355353266,50.51840405241086,52.40909682656426,,,,,,,48.15996473495711,49.607399964351636,"rgba(239, 83, 80, 0.5)",3.288703260727149,49.607399964351636,-0.550724527104698,35.100688069459274,-9.987297419684673,False,True,False,True,False,0.0,0.0,0.0,0.0,0.0,0,0.6411060667500312,0.8728648703140458,False,False,False,False,-0.34251027248395416,-0.3356574196884445,False,False,False,False,-739440,-130109.88058589882,False,False,False,False,38226.24748292135,True,False,False,False
2022-06-21 00:00:00+00:00,48.6352407575,48.9453097967,48.4163684946,48.4254881722,15674,,,,,,,,,,,,,,,,,,,,,,,,,,,48.16886732491819,49.75808477409904,,,,,,,,,,,,,,,,,,,,,,,,,,,,48.075010728034115,48.71925381551689,50.49670503518987,52.373956235765036,,,,,,,48.16886732491819,49.59864631892052,#000000,3.3522782934210404,49.59864631892052,-0.2873883004615811,36.22987817399948,-9.987297419684673,False,True,False,True,False,0.0,0.0,0.0,0.0,0.0,0,0.6440352709385677,0.8636184278066706,False,False,False,False,-0.30109022955081804,-0.31837382461963126,False,False,False,False,-723766,-153390.51271978515,False,False,False,False,37341.845620846005,False,False,False,False
2022-06-22 00:00:00+00:00,48.7987565773,49.0638656057,48.4528472051,48.5512485266,6791,,,,,,,,,,,,,,,,,,,,,,,,,,,48.17343172982385,49.75245108855694,,,,,,,,,,,,,,,,,,,,,,,,,,,,48.080448406885374,48.719596543559724,50.48799670329574,52.35936516781168,,,,,,,48.17343172982385,49.595548273322215,#000000,3.4200328639965587,49.595548273322215,-0.23297778931021992,37.325372445103746,-9.987297419684673,False,True,False,True,False,0.0,0.0,0.0,0.0,0.0,0,0.6360062872070013,0.8783176910612149,False,False,False,False,-0.2937964184315066,-0.30608512152556894,False,False,False,False,-716975,-175491.8651621465,False,False,False,False,36143.773243557924,False,False,False,False
2022-06-23 00:00:00+00:00,48.1610175212,48.4658883441,48.1199789719,48.1932099832,6790,,,,,,,,,,,,,,,,,,,,,,,,,,,48.17399911602275,49.743912942965764,,,,,,,,,,,,,,,,,,,,,,,,,,,,48.081753051530725,48.71654853813582,50.47675102164658,52.34278486509621,,,,,,,48.17399911602275,49.58929158923298,#000000,3.494406691885832,49.58929158923298,-0.4087314940614934,37.17438026077949,-9.987297419684673,False,True,False,True,False,0.0,0.0,0.0,0.0,0.0,0,0.6322208712489188,0.8774218013107081,False,False,False,False,-0.32632074640323466,-0.3162029339644018,False,False,False,False,-723765,-196992.7724106898,False,False,False,False,34992.64488106546,False,False,False,False
2022-06-24 00:00:00+00:00,50.7148920424,50.7148920424,49.4771460126,49.5472071087,4290,,,,,,,,,,,,,,,,,,,,,,,,,,,48.184052821759515,49.7459093007332,,,,,,,,,,,,,,,,,,,,,,,,,,,,48.09256212689798,48.72301078469466,50.476199217480655,52.33759780434987,,,,,,,48.184052821759515,49.59322200931931,#000000,3.5188562665978136,49.59322200931931,0.31875983220115167,41.86383455629384,-12.852859770106235,False,False,False,True,True,0.0,0.0,0.0,0.0,0.0,0,0.6516537186467618,0.855824560926069,False,False,False,False,-0.19519225092423254,-0.25569759244431717,False,False,False,False,-719475,-217482.27153183924,False,False,False,False,33788.61959161192,False,False,False,False
2022-06-27 00:00:00+00:00,49.7340366981,50.0236225616,49.4631337934,49.7340366981,4451,,,,,,,,,,,,,,,,,,,,,,,,,,,48.19164273334014,49.745888439131704,,,,,,,,,,,,,,,,,,,,,,,,,,,,48.100841888008006,48.72729373274432,50.47379179062587,52.330765390496836,,,,,,,48.19164273334014,49.59503732905781,#000000,3.5560552815940136,49.59503732905781,0.03908807879383753,43.49156171360343,-11.32561739188052,True,False,False,True,True,0.0,0.0,0.0,0.0,0.0,0,0.6466556241978575,0.854466418595307,False,False,False,False,-0.22018185042466695,-0.23793972143449205,False,False,False,False,-723926,-237342.80990313969,False,False,False,False,32638.124705666352,False,False,False,False
2022-06-28 00:00:00+00:00,49.4818167524,50.3019986498,49.4818167524,50.0796714384,3896,,,,,,,,,,,,,,,,,,,,,,,,,,,48.19828928126244,49.74591849770954,,,,,,,,,,,,,,,,,,,,,,,,,,,,48.1080866935715,48.73106802399851,50.47174011316568,52.32484868776168,,,,,,,48.19828928126244,49.59665854957822,#000000,3.5994513482301387,49.59665854957822,-0.03190536169760715,44.19938310171434,-10.612751685323659,True,False,False,True,True,0.0,0.0,0.0,0.0,0.0,0,0.6469433380438708,0.8515198415141666,False,False,False,False,-0.20962514862446444,-0.22378243502947825,False,False,False,False,-727822,-256577.2879461538,False,False,False,False,31510.982560346103,False,False,False,False
2022-06-29 00:00:00+00:00,49.3323530808,49.5564551733,49.3283362447,49.4444508345,3049,,,,,,,,,,,,,,,,,,,,,,,,,,,48.20229274432433,49.745062191135844,,,,,,,,,,,,,,,,,,,,,,,,,,,,48.11251866834149,48.73300108761153,50.46936343725444,52.319610013702736,,,,,,,48.20229274432433,49.59697469039506,#000000,3.644538643279925,49.59697469039506,-0.07260771128960038,44.434986378096696,-10.259608605634646,True,False,False,True,True,0.0,0.0,0.0,0.0,0.0,0,0.6475061809386425,0.8624186020386663,False,False,False,False,-0.24172576949819324,-0.23275410226383575,False,False,False,False,-730871,-275177.0413600301,False,False,False,False,30394.826381509,False,False,False,False
2022-06-30 00:00:00+00:00,49.4724752729,49.4724752729,48.4635954901,48.6317421206,5877,,,,,,,,,,,,,,,,,,,,,,,,,,,48.20822339492867,49.742122386652696,,,,,,,,,,,,,,,,,,,,,,,,,,,,48.11921370117691,48.73521558895494,50.46365880485314,52.30863611410359,,,,,,,48.20822339492867,49.596178331778326,#000000,3.6822062397448714,49.596178331778326,-0.03359482082863941,44.88170756586886,-9.638083903888003,True,False,False,True,True,0.0,0.0,0.0,0.0,0.0,0,0.6406278621068493,0.8577360413028274,False,False,False,False,-0.2761408225330319,-0.25444746239843385,False,False,False,False,-724994,-292816.9220910094,False,False,False,False,29433.342993998842,False,False,False,False
2022-07-01 00:00:00+00:00,48.9306694636,49.0988160941,48.7531813537,48.977376861,2150,,,,,,,,,,,,,,,,,,,,,,,,,,,48.209890686138635,49.7406861380067,,,,,,,,,,,,,,,,,,,,,,,,,,,,48.12114316023356,48.73560129520933,50.46125797016361,52.30437761181509,,,,,,,48.209890686138635,49.595492810261156,#000000,3.7267131713071775,49.595492810261156,-0.17839402070966626,44.22026582415203,-9.638083903888003,True,False,False,True,True,0.0,0.0,0.0,0.0,0.0,0,0.6387862648753287,0.8681293073682635,False,False,False,False,-0.27764376917436373,-0.2660456157863988,False,False,False,False,-727144,-309849.35651881294,False,False,False,False,28363.407974626338,False,False,False,False
2022-07-05 00:00:00+00:00,48.1926925855,48.3047903392,47.6228623378,47.6228623378,9770,,,,,,,,,,,,,,,,,,,,,,,,,,,48.20812113566801,49.72716889899125,,,,,,,,,,,,,,,,,,,,,,,,,,,,48.120273705884934,48.72932082802692,50.444183595142945,52.280110234636275,,,,,,,48.20812113566801,49.58486306639171,#000000,3.771718878357224,49.58486306639171,-0.36910770017358113,42.54837451459048,-9.638083903888003,True,False,False,True,False,0.0,0.0,0.0,0.0,0.0,0,0.6357188922243601,0.8730258667523387,False,False,False,False,-0.34282825441539394,-0.30443693510089637,False,False,False,False,-736914,-326596.9895965065,False,False,False,False,27634.254720719426,False,False,False,False
2022-07-06 00:00:00+00:00,48.3234732981,48.5103028875,48.0619118729,48.202034065,3666,,,,,,,,,,,,,,,,,,,,,,,,,,,48.20847347276793,49.72292064713636,,,,,,,,,,,,,,,,,,,,,,,,,,,,48.1209886771231,48.72786615387416,50.438520842720564,52.271626202369895,,,,,,,48.20847347276793,49.581732665998665,#000000,3.798200777225272,49.581732665998665,-0.3312777395664356,41.76823678311719,-9.638083903888003,False,False,False,True,False,0.0,0.0,0.0,0.0,0.0,0,0.6464729263025075,0.8561301445789079,False,False,False,False,-0.3137944623886001,-0.3091156987447482,False,False,False,False,-733248,-342544.08804370236,False,False,False,False,26694.323163044155,False,False,False,False
2022-07-07 00:00:00+00:00,48.977376861,48.977376861,48.6598599738,48.7064739564,14980,,,,,,,,,,,,,,,,,,,,,,,,,,,48.21886325558224,49.71269957271088,,,,,,,,,,,,,,,,,,,,,,,,,,,,48.13308918945823,48.72982171336953,50.421802250879274,52.24227709420047,,,,,,,48.21886325558224,49.5764255127001,#000000,3.799178104584016,49.5764255127001,-0.15767848603288534,42.90674177821107,-9.638083903888003,True,False,False,True,False,0.0,0.0,0.0,0.0,0.0,0,0.6612531389845017,0.8394334076462595,False,False,False,False,-0.2581332342254693,-0.28362446648510875,False,False,False,False,-718268,-357278.3591008121,False,False,False,False,26234.937940963995,False,False,False,False
2022-07-08 00:00:00+00:00,49.2295968067,49.2295968067,48.8465961484,48.9867183405,7090,,,,,,,,,,,,,,,,,,,,,,,,,,,48.225364098856566,49.709248748220276,,,,,,,,,,,,,,,,,,,,,,,,,,,,48.14042604621849,48.73220356387886,50.41517071364525,52.229499587221596,,,,,,,48.225364098856566,49.575318793006836,#000000,3.7906753981880024,49.575318793006836,-0.09120326854472813,44.28889923652352,-9.612631146478577,True,False,False,True,True,0.0,0.0,0.0,0.0,0.0,0,0.6823439749240551,0.8323611472873879,False,False,False,False,-0.23700208347809062,-0.2603132749815997,False,False,False,False,-711178,-371156.77639097633,False,False,False,False,25484.156060926194,False,False,False,False
2022-07-11 00:00:00+00:00,48.6368799343,48.7438398742,48.4355710517,48.6317421206,3518,,,,,,,,,,,,,,,,,,,,,,,,,,,48.2267473515983,49.70616288373943,,,,,,,,,,,,,,,,,,,,,,,,,,,,48.142166791916736,48.731802193434,50.41067015108304,52.22219764087271,,,,,,,48.2267473515983,49.573291168774034,#000000,3.77829215579632,49.573291168774034,-0.2478398164730267,43.93963603228004,-9.612631146478577,True,False,False,True,True,0.0,0.0,0.0,0.0,0.0,0,0.6739707199150248,0.8239372301632467,False,False,False,False,-0.2804160419439677,-0.2703646584627837,False,False,False,False,-714696,-384628.90280701645,False,False,False,False,24622.73817618399,False,False,False,False
2022-07-12 00:00:00+00:00,48.5570102848,48.9213279842,48.445005946,48.5476688054,4213,,,,,,,,,,,,,,,,,,,,,,,,,,,48.2285455380951,49.702609087636134,,,,,,,,,,,,,,,,,,,,,,,,,,,,48.144393619878365,48.731459648941566,50.405415803055014,52.21357767592574,,,,,,,48.2285455380951,49.57100022892198,#000000,3.7772443462184064,49.57100022892198,-0.26844700823687473,43.535755376395855,-9.612631146478577,True,False,False,True,True,0.0,0.0,0.0,0.0,0.0,0,0.6722612022870086,0.8296018683030191,False,False,False,False,-0.2703441818281967,-0.27035442014549016,False,False,False,False,-718909,-397737.92622634914,False,False,False,False,23822.356286921873,False,False,False,False
2022-07-13 00:00:00+00:00,48.4355710517,48.4355710517,47.8937652425,47.9871800372,1528,,,,,,,,,,,,,,,,,,,,,,,,,,,48.22858706118537,49.70085927936587,,,,,,,,,,,,,,,,,,,,,,,,,,,,48.144572317921316,48.730807778338956,50.4031024187126,52.21012475527728,,,,,,,48.22858706118537,49.569675601800235,#000000,3.7731865878327455,49.569675601800235,-0.3005694321498273,42.98933262045135,-9.612631146478577,True,False,False,True,True,0.0,0.0,0.0,0.0,0.0,0,0.6650733627123186,0.833885279052494,False,False,False,False,-0.3202638282387536,-0.29530912419212185,False,False,False,False,-720437,-410392.7918645316,False,False,False,False,22948.0678050818,False,False,False,False
2022-07-14 00:00:00+00:00,47.8003504478,47.8003504478,47.4733986663,47.5808256802,1846,,,,,,,,,,,,,,,,,,,,,,,,,,,48.227569090458715,49.697929121936475,,,,,,,,,,,,,,,,,,,,,,,,,,,47.69136652063333,48.14368920221115,48.72909264372748,50.39958267713313,52.2053679642295,,,,,,,48.227569090458715,49.299228174332825,#000000,3.7688258266743824,49.299228174332825,-0.39770416449715246,41.21876394929171,-9.612631146478577,False,False,False,True,False,0.0,0.0,0.0,0.0,0.0,0,0.6871442108482111,0.8228450222725779,False,False,False,False,-0.34282825441539394,-0.31906868930375787,False,False,False,False,-722283,-422623.7804188637,False,False,False,False,22120.535734294277,False,False,False,False
2022-07-15 00:00:00+00:00,48.342156257,48.342156257,47.6975941736,47.6975941736,3430,,,,,,,,,,,,,,,,,,,,,,,,,,,48.2272173064192,49.693685224379195,,,,,,,,,,,,,,,,,,,,,,,,,,,47.974774306907726,48.14363008502772,48.727253242488445,50.394115771088956,52.19740704924895,,,,,,,48.2272173064192,49.336868997937174,#000000,3.7532895705724494,49.336868997937174,-0.2650242466598338,41.8316525615937,-9.612631146478577,False,False,False,True,False,0.0,0.0,0.0,0.0,0.0,1,0.6754661146329562,0.8545587805749109,False,False,False,False,-0.3011768910332992,-0.3101227901685285,False,False,False,False,-718853,-434240.6125593004,False,False,False,False,21387.57354863568,False,False,False,False
2022-07-18 00:00:00+00:00,48.3982051339,49.1072234256,48.3982051339,49.0240842583,1882,,,,,,,,,,,,,,,,,,,,,,,,,,,48.227999929127655,49.69211729100589,,,,,,,,,,,,,,,,,,,,,,,,,,,48.14824282111922,48.14459989697564,48.72709802188957,50.39179603225847,52.193594913171104,,,,,,,48.227999929127655,49.36077841507822,#000000,3.693289462485241,49.36077841507822,-0.2606276304512835,42.42487781211333,-9.612631146478577,True,False,False,True,False,0.0,0.0,0.0,0.0,0.0,1,0.6904663223562622,0.8417421866082209,False,False,False,False,-0.22410205200888633,-0.2671124210887074,False,False,False,False,-716971,-445328.0787334455,False,False,False,False,20622.649095748005,False,False,False,False
2022-07-19 00:00:00+00:00,49.8835003696,49.8835003696,49.8648174106,49.8648174106,470,,,,,,,,,,,,,,,,,,,,,,,,,,,48.2287909198072,49.692185718102785,,,,,,,,,,,,,,,,,,,,,,,,,,,48.254777174930965,48.14545429902491,48.72757873886854,50.391626687179375,52.19297614137334,,,,,,,48.2287909198072,49.376198525612445,#000000,3.6088801617923383,49.376198525612445,0.14057043216852222,46.972664608511735,-6.438841624993145,True,False,False,False,True,0.0,0.0,0.0,0.0,0.0,0,0.706592898798586,0.8295580661879267,False,False,False,False,-0.11074881295806997,-0.1889306170233887,False,False,False,False,-716501,-455962.31093997706,False,False,False,False,19832.34913120887,False,False,False,False
2022-07-20 00:00:00+00:00,49.5004997113,49.7900855749,49.3211433055,49.6686463418,6280,,,,,,,,,,,,,,,,,,,,,,,,,,,48.237122439774375,49.69142436568789,,,,,,,,,,,,,,,,,,,,,,,,,,,48.833860042828974,48.15456451487363,48.73207523007017,50.38788578287627,52.18353052333202,,,,,,,48.237122439774375,49.4600661284919,#000000,3.5481960279005946,49.4600661284919,0.01139553240298921,48.90247892474461,-4.7272144882026765,True,False,False,False,True,0.0,0.0,0.0,0.0,0.0,1,0.7072516977198301,0.8096821565842803,False,False,False,False,-0.1425368777502697,-0.16573374738682922,False,False,False,False,-722781,-466425.78894233087,False,False,False,False,19300.88445939676,False,False,False,False
2022-07-21 00:00:00+00:00,50.3318913841,50.3318913841,49.8741588901,49.892841849,988,,,,,,,,,,,,,,,,,,,,,,,,,,,48.23906610273882,49.69180124071762,,,,,,,,,,,,,,,,,,,,,,,,,,,48.92309932835205,48.15664745588222,48.73333858978814,50.387742208276265,52.18240967991849,,,,,,,48.23906610273882,49.47344351509623,#000000,3.4832084170391866,49.47344351509623,0.24645320239937593,52.13241988857051,-1.817129328948738,True,False,True,False,True,0.0,0.0,0.0,0.0,0.0,0,0.7478605067941889,0.7759401749119336,False,False,False,False,-0.08805036755611212,-0.12689205747147067,False,False,False,False,-721793,-476440.1893759649,False,False,False,False,18582.732127655712,False,False,False,False
2022-07-22 00:00:00+00:00,50.0049396027,50.458001357,49.8274514928,50.3785987815,1377,,,,,,,,,,,,,,,,,,,,,,,,,,,48.241653621527185,49.69223678925155,,,,,,,,,,,,,,,,,,,,,,,,,,,49.02241613290909,48.15942522260411,48.73499541942793,50.38746334402445,52.180785356655626,,,,,,,48.241653621527185,49.48842512662856,#000000,3.3968729995883025,49.48842512662856,0.15205586906959329,53.29580963204367,-0.863101116786666,True,False,True,False,True,0.0,0.0,0.0,0.0,0.0,0,0.7359602824341392,0.8065129006142798,False,False,False,False,-0.08412272417045039,-0.10550739082096053,False,False,False,False,-723170,-486115.8682239663,False,False,False,False,17907.997534414313,False,False,False,False
2022-07-25 00:00:00+00:00,50.3552450828,50.5040548508,50.3225499047,50.4346476583,4057,,,,,,,,,,,,,,,,,,,,,,,,,,,48.25044982313453,49.69445315970722,,,,,,,,,,,,,,,,,,,,,,,,,,,49.296115723667356,48.16881139618629,48.740913614448935,50.38748161013136,52.17669464256264,,,,,,,48.25044982313453,49.53070285283405,#000000,3.319637636561904,49.53070285283405,0.24838320330044275,54.90522443174844,0.5823311292219557,True,False,True,False,True,0.0,0.0,0.0,0.0,0.0,0,0.7311756291750084,0.8149350854498421,False,False,False,False,-0.05741725026881319,-0.08146232054488686,False,False,False,False,-719113,-495253.01064655586,False,False,False,False,17364.821160515712,False,False,False,False
2022-07-26 00:00:00+00:00,50.0049396027,50.1450617947,50.0049396027,50.1450617947,323,,,,,,,,,,,,,,,,,,,,,,,,,,,48.25103570572789,49.694542959433264,,,,,,,,,,,,,,,,,,,,,,,,,,,49.307931760188254,48.16944085615911,48.74128578613912,50.387406334510096,52.176307383481024,,,,,,,48.25103570572789,49.5325643979484,#000000,3.2595539027073395,49.5325643979484,0.14492020038670075,54.84698347558378,0.5823311292219557,True,False,True,False,True,0.0,0.0,0.0,0.0,0.0,0,0.7450662045862165,0.8106809900622167,False,False,False,False,-0.09082444689409204,-0.08614338371948946,False,False,False,False,-719436,-504044.5004251223,False,False,False,False,16696.51444833863,False,False,False,False
2022-07-27 00:00:00+00:00,50.1544032742,50.1544032742,50.0890129179,50.0890129179,398,,,,,,,,,,,,,,,,,,,,,,,,,,,48.25178954093506,49.694678620173946,,,,,,,,,,,,,,,,,,,,,,,,,,,49.323523444287545,48.17024923389089,48.74177240041915,50.38733598052925,52.175848573016346,,,,,,,48.25178954093506,49.53502825617888,#000000,3.1882209574094285,49.53502825617888,0.19426979067485542,55.210617494146454,0.9797520314223789,True,False,True,False,True,0.0,0.0,0.0,0.0,0.0,0,0.7326909729963843,0.8229728835997481,False,False,False,False,-0.08620173460010762,-0.08617255915979855,False,False,False,False,-719038,-512475.6180555097,False,False,False,False,16057.357018992016,False,False,False,False
2022-07-28 00:00:00+00:00,51.0605267828,51.0605267828,50.5000380146,50.5000380146,731,,,,,,,,,,,,,,,,,,,,,,,,,,,48.25371745687223,49.69534885206063,,,,,,,,,,,,,,,,,,,,,,,,,,,49.37554699633057,48.172292295141155,48.74314102676131,50.38758250643489,52.17531187162378,,,,,,,48.25371745687223,49.54327728646065,#000000,3.0706395055367857,49.54327728646065,0.4941151488488103,57.67089787683595,3.4155036844506412,True,False,True,False,True,0.0,0.0,0.0,0.0,0.0,0,0.7372109496251988,0.8148467526575617,False,False,False,False,-0.0213199555248661,-0.05374625734233232,False,False,False,False,-718307,-520547.43695529364,False,False,False,False,15456.323410404093,False,False,False,False
2022-07-29 00:00:00+00:00,51.7517962636,51.7517962636,51.0968651379,51.0968651379,5272,,,,,,,,,,,,,,,,,,,,,,,,,,,48.27101860371971,49.70285407279548,,,,,,,,,,,,,,,,,,,,,,,,,,,49.79606351288318,48.190512544282065,48.7560004894784,50.39175624202717,52.1734096657485,,,,,,,48.27101860371971,49.61165930441922,"rgba(38, 166, 154, 0.5)",2.973977893027431,49.61165930441922,0.7196210046478106,60.71349838816704,6.305725707361212,True,False,True,False,True,0.0,0.0,0.0,0.0,0.0,0,0.7419448076799244,0.813998235519155,False,False,False,False,0.04195354210297891,-0.005896357619676707,False,False,False,False,-713035,-528095.9688393997,False,False,False,False,15056.93817862354,False,False,False,False
2022-08-01 00:00:00+00:00,51.5743081536,51.9759917708,51.5743081536,51.6583814689,3576,,,,,,,,,,,,,,,,,,,,,,,,,,,48.283273381256066,49.708392627409374,,,,,,,,,,,,,,,,,,,,,,,,,,,50.019302484705115,48.203399387424824,48.76520027430292,50.39500061370749,52.17247633331147,,,,,,,48.283273381256066,49.64957787173103,"rgba(38, 166, 154, 0.5)",2.8950284112277016,49.64957787173103,0.6648398593963168,62.05639889189978,7.553337571068802,True,False,True,False,True,0.0,0.0,0.0,0.0,0.0,0,0.7661569372442071,0.8072096170515348,False,False,False,False,0.07652851656924736,0.03531607947478533,False,False,False,False,-716611,-535488.7151594233,False,False,False,False,14606.705308873597,False,False,False,False
2022-08-02 00:00:00+00:00,51.1072341801,51.2660393311,51.1072341801,51.2660393311,1892,,,,,,,,,,,,,,,,,,,,,,,,,,,48.28869004571348,49.710510968137044,,,,,,,,,,,,,,,,,,,,,,,,,,,50.08567355299481,48.209119296693885,48.76914248312958,50.39599703330031,52.17140292415088,,,,,,,48.28869004571348,49.661505186302854,"rgba(38, 166, 154, 0.5)",2.800986777298898,49.661505186302854,0.516149881718228,61.18578826198582,7.553337571068802,True,False,True,False,True,0.0,0.0,0.0,0.0,0.0,0,0.7633395382719187,0.819111822328178,False,False,False,False,0.018589493698435017,0.026952786586610173,False,False,False,False,-718503,-542665.7459374851,False,False,False,False,14108.089414407967,False,False,False,False
2022-08-03 00:00:00+00:00,51.2987345093,51.2987345093,51.0325023444,51.1352586186,1082,,,,,,,,,,,,,,,,,,,,,,,,,,,48.291832165720365,49.71176117083887,,,,,,,,,,,,,,,,,,,,,,,,,,,50.12187492447583,48.21243552863666,48.771437986689165,50.39660277688986,52.17082027701448,,,,,,,48.291832165720365,49.668109261466455,"rgba(38, 166, 154, 0.5)",2.708938793953785,49.668109261466455,0.6019424475270596,61.08650878162797,7.553337571068802,True,False,True,False,True,0.0,0.0,0.0,0.0,0.0,0,0.7576910791639767,0.8129293451893014,False,False,False,False,0.016524852605856424,0.0217388195962333,False,False,False,False,-717421,-549518.893155623,False,False,False,False,13597.26237854883,False,False,False,False
2022-08-04 00:00:00+00:00,52.1161139629,52.1161139629,51.6583814689,51.6593156168,275,,,,,,,,,,,,,,,,,,,,,,,,,,,48.292835627816466,49.7122382367302,,,,,,,,,,,,,,,,,,,,,,,,,,,50.136823917173864,48.21348879877104,48.77220079455016,50.39689908384791,52.17078835430121,,,,,,,48.292835627816466,49.67075354474155,"rgba(38, 166, 154, 0.5)",2.621065614759667,49.67075354474155,0.9329642128713642,62.88696090505817,8.525219613771498,True,False,True,False,True,0.0,0.0,0.0,0.0,0.0,0,0.7606254569530666,0.8178647769523666,False,False,False,False,0.08761095988924818,0.054674889742740734,False,False,False,False,-717146,-556092.5051887359,False,False,False,False,13074.820716644954,False,False,False,False
2022-08-05 00:00:00+00:00,50.8736971934,51.0792097417,50.8736971934,50.985794947,2534,,,,,,,,,,,,,,,,,,,,,,,,,,,48.2994907617533,49.71463470852158,,,,,,,,,,,,,,,,,,,,,,,,,,,50.192870562083314,48.22053070939581,48.776968587538576,50.39784760361513,52.169047355905846,,,,,,,48.2994907617533,49.68162718411622,#000000,2.532331054095655,49.68162718411622,0.47074019305484777,59.80651023738017,8.525219613771498,True,False,True,False,False,0.0,0.0,0.0,0.0,0.0,0,0.7477353682648982,0.8262219079655853,False,False,False,False,-0.0020526908246916824,0.026311099459024524,False,False,False,False,-719680,-562507.7010636874,False,False,False,False,12661.455198345153,False,False,False,False
2022-08-08 00:00:00+00:00,51.4622104,51.6957473867,51.1352586186,51.621015551,4543,,,,,,,,,,,,,,,,,,,,,,,,,,,48.31353063711164,49.720609598570576,,,,,,,,,,,,,,,,,,,,,,,,,,,50.33021673227119,48.235316427284424,48.787382266224164,50.401059693277354,52.16717724045202,,,,,,,48.31353063711164,49.707898942170196,"rgba(38, 166, 154, 0.5)",2.4114214947589314,49.707898942170196,0.7275009622509722,59.16575218693036,8.525219613771498,True,False,True,False,False,0.0,0.0,0.0,0.0,0.0,0,0.7878192698809622,0.7992693612068079,False,False,False,False,0.04108516510384796,0.03369813228143624,False,False,False,False,-715137,-568493.1637670723,False,False,False,False,12343.084406253187,False,False,False,False
2022-08-09 00:00:00+00:00,51.2660393311,51.4155030026,51.2193319338,51.4155030026,819,,,,,,,,,,,,,,,,,,,,,,,,,,,48.31594270920414,49.72160029426462,,,,,,,,,,,,,,,,,,,,,,,,,,,50.34923507269722,48.23785899084165,48.789158487958375,50.40156338220905,52.166781389819754,,,,,,,48.31594270920414,49.71173433242783,"rgba(38, 166, 154, 0.5)",2.3110182123178444,49.71173433242783,0.6725628514685207,58.11265466835583,12.542097524578551,True,False,True,False,False,0.0,0.0,0.0,0.0,0.0,0,0.7765045316057771,0.850337359038718,False,False,False,False,0.03144040012219743,0.03256926620181684,False,False,False,False,-715956,-574276.0200899321,False,False,False,False,11891.159527576592,False,False,False,False
2022-08-10 00:00:00+00:00,52.7419930874,52.7419930874,52.4991146212,52.5645049775,3391,,,,,,,,,,,,,,,,,,,,,,,,,,,48.330423185504564,49.72921322538987,,,,,,,,,,,,,,,,,,,,,,,,,,,50.522801667072684,48.252999264974996,48.800456875492706,50.406791378281504,52.16771408906219,,,,,,,48.330423185504564,49.74434281225408,"rgba(38, 166, 154, 1.0)",2.226920967977859,49.74434281225408,1.346096389701657,60.51441764903831,12.542097524578551,True,False,True,False,False,0.0,0.0,0.0,0.0,0.0,0,0.7722290043134464,0.8531515712802077,False,False,False,False,0.17122000728866077,0.1018946367452388,False,False,False,False,-712565,-579699.1173413073,False,False,False,False,11557.819938259863,False,False,False,False
2022-08-11 00:00:00+00:00,52.8260664026,53.1343352251,52.8167249231,52.9288226768,2001,,,,,,,,,,,,,,,,,,,,,,,,,,52.92570885026667,48.33944227248464,49.73409096350464,,,,,,,,,,,,,,,,,,,,,,,,,,,50.6247419489132,48.26241840859706,48.80754804270703,50.41022592402075,52.16855722027189,,,,,,,48.33944227248464,50.15909170384574,"rgba(38, 166, 154, 1.0)",2.150122298630083,50.15909170384574,1.2403827914595746,62.2669037726223,12.542097524578551,True,False,True,False,True,0.15478333954667534,0.0,0.0,0.0,0.0,0,0.8157105282171833,0.8395785829206864,False,False,False,True,0.2081021081589612,0.15499837245210002,False,False,False,False,-710564,-584831.0735240013,False,False,False,False,11183.042685779084,False,False,False,False
2022-08-12 00:00:00+00:00,52.8447493616,52.8447493616,52.566093029,52.7673084967,2005,,,,,,,,,,,,,,,,,,,,,,,,,,52.83869959155532,48.34810273543627,49.738698138196135,,,,,,,,,,,,,,,,,,,,,,,,,,,50.71147585330626,48.271467944671336,48.8143300590994,50.41342076664733,52.169206616023224,,,,,,,48.34810273543627,50.163175213116915,"rgba(38, 166, 154, 1.0)",2.121896417482064,50.163175213116915,1.2637629840881492,63.47161442416821,8.917594105765119,True,False,True,False,True,0.19493445026586187,0.0,0.0,0.0,0.0,0,0.8032796637126902,0.858996167158189,False,False,False,False,0.1799922450416699,0.16749530874688495,False,False,False,True,-708559,-589683.1490720797,False,False,False,False,10823.119443199512,False,False,False,True
2022-08-15 00:00:00+00:00,52.2842605934,52.6859442106,52.2842605934,52.6392368132,2366,,,,,,,,,,,,,,,,,,,,,,,,,,52.68254639158612,48.35750775584989,49.74351665712025,,,,,,,,,,,,,,,,,,,,,,,,,,,50.7898258702742,48.281308133516646,48.82162750546485,50.416643231983024,52.16953324311646,,,,,,,48.35750775584989,50.15781359861393,"rgba(38, 166, 154, 1.0)",2.077250100268298,50.15781359861393,1.0236836645290905,62.183655845588845,8.917594105765119,True,False,True,False,True,0.0,0.0,0.0,0.0,0.0,0,0.7910518824236216,0.8762556796984504,False,False,False,False,0.19056711514049055,0.17903121194368776,False,False,False,False,-710925,-594437.73146141,False,False,False,False,10491.467700328942,False,False,False,False
2022-08-16 00:00:00+00:00,51.7704792225,52.0694065655,51.7704792225,51.8358695788,2994,,,,,,,,,,,,,,,,,,,,,,,,,,52.42284111548855,48.367749151269315,49.74834505990053,,,,,,,,,,,,,,,,,,,,,,,,,,,50.84913793704009,48.29205267593093,48.82941895436831,50.41959372489,52.16903696188393,,,,,,,48.367749151269315,50.13727194759646,"rgba(38, 166, 154, 0.5)",2.0129708499891064,50.13727194759646,0.8113417414426934,59.58439502525688,8.917594105765119,True,False,True,False,False,0.0,0.0,0.0,0.0,0.0,0,0.792162921603514,0.8850782882708683,False,False,False,False,0.1453567707499791,0.16219399134683343,False,False,False,False,-713919,-599123.2714040998,False,False,False,False,10197.449359139573,False,False,False,False
2022-08-17 00:00:00+00:00,51.1913074954,51.1913074954,51.0698682623,51.0698682623,659,,,,,,,,,,,,,,,,,,,,,,,,,,52.33922447636874,48.369534031958224,49.74904559645742,,,,,,,,,,,,,,,,,,,,,,,,,,,50.852740219793105,48.29393530404415,48.830724144725586,50.41992029917874,52.16866562208861,,,,,,,48.369534031958224,50.127973711826826,"rgba(38, 166, 154, 0.5)",1.956540273431549,50.127973711826826,0.5434765632031711,56.07522539259105,10.926337534930987,True,False,True,False,False,0.0,0.0,0.0,0.0,0.0,0,0.8368473377913747,0.9406875091248944,False,False,False,False,0.0847173225553109,0.12345565695107216,False,False,False,False,-714578,-603650.9078196252,False,False,False,False,9823.392521526257,False,False,False,False
2022-08-18 00:00:00+00:00,51.2847222901,51.3781370848,51.2380148927,51.2380148927,1623,,,,,,,,,,,,,,,,,,,,,,,,,,52.19446242740112,48.374155833259174,49.75095155344419,,,,,,,,,,,,,,,,,,,,,,,,,,,50.8655253713763,48.29880334564012,48.83413902315209,50.42088756773011,52.1678863581382,,,,,,,48.374155833259174,50.11335143501766,"rgba(38, 166, 154, 0.5)",1.9563730299306652,50.11335143501766,0.5987461681189966,54.025939764914014,9.067376337619436,True,False,True,False,False,0.0,0.0,0.0,0.0,0.0,0,0.7866198015012393,0.8645187753497214,False,False,False,False,0.1244975181057188,0.12397658752839548,False,False,False,False,-712955,-607937.342807091,False,False,False,False,9501.808501074247,False,False,False,False
2022-08-19 00:00:00+00:00,50.845672755,50.845672755,50.7615994398,50.7615994398,1550,,,,,,,,,,,,,,,,,,,,,,,,,,52.03276657410958,48.37783036499347,49.75220174719321,,,,,,,,,,,,,,,,,,,,,,,,,,,50.86425387807729,48.3026925197978,48.83675496844193,50.42130344740681,52.16673016828779,,,,,,,48.37783036499347,50.094316708538486,#000000,1.8948073370419056,50.094316708538486,0.3965342712016846,51.30886785482602,6.568856925217439,True,False,False,False,False,0.0,0.0,0.0,0.0,0.0,0,0.802249592385428,0.8657532850271733,False,False,False,False,0.06157375324963747,0.09277517038901648,False,False,False,False,-714505,-612116.4666185776,False,False,False,False,9189.972873581139,False,False,False,False
2022-08-22 00:00:00+00:00,49.5472071087,50.0163362076,49.5472071087,50.0163362076,456,,,,,,,,,,,,,,,,,,,,,,,,,,51.954979296154846,48.378416630983146,49.752184989304915,,,,,,,,,,,,,,,,,,,,,,,,,,,50.85525582122923,48.30332857703401,48.83709116423516,50.421082192317115,52.16610982391992,,,,,,,48.378416630983146,50.0835560618973,#000000,1.841487444357832,50.0835560618973,-0.29125854473818275,46.303062656491655,1.9858639204042277,False,False,False,True,False,0.0,0.0,0.0,0.0,0.0,0,0.8113635327976325,0.8598345586147049,False,False,False,False,-0.06492467098675107,0.013925249701132701,False,False,False,False,-714961,-616149.5855747118,False,False,False,False,8847.464133440702,False,False,False,False
2022-08-23 00:00:00+00:00,49.0521086967,49.6779878212,49.0521086967,49.6779878212,2690,,,,,,,,,,,,,,,,,,,,,,,,,,51.511543358548884,48.38071232172554,49.75118773869951,,,,,,,,,,,,,,,,,,,,,,,,,,,50.785523081566055,48.30588606738189,48.83805822771503,50.41897587142877,52.16179972327742,,,,,,,48.38071232172554,50.01921079879289,"rgba(239, 83, 80, 0.5)",1.8306027678032313,50.01921079879289,-0.5282970828528978,41.991316789434826,-1.8308058028946306,False,True,False,True,False,0.0,0.0,0.0,0.0,0.0,0,0.8026577158940009,0.838486681773835,False,False,False,False,-0.11688106211438765,-0.05147790620662747,False,False,False,False,-717651,-620130.0331992329,False,False,False,False,8605.994951737146,False,False,False,False
2022-08-24 00:00:00+00:00,49.7340366981,49.7340366981,49.5331948895,49.7153537391,760,,,,,,,,,,,,,,,,,,,,,,,,,,51.42958679945239,48.381657249265736,49.75113955227402,,,,,,,,,,,,,,,,,,,,,,,,,,,50.771872694922735,48.306912603696155,48.83859255358918,50.41859045741873,52.16075455866281,,,,,,,48.381657249265736,50.00738830866022,#000000,1.8283522946102937,50.00738830866022,-0.1495070787867406,41.53286845399843,-2.078854938536921,False,True,False,True,False,0.0,0.0,0.0,0.0,0.0,0,0.8220919896580633,0.811312142358446,False,False,False,False,-0.0833420379921136,-0.06740997209937052,False,False,False,False,-716891,-623924.5809169101,False,False,False,False,8298.308875198434,False,False,False,False
2022-08-25 00:00:00+00:00,47.6415452968,49.6948024843,47.6415452968,49.6948024843,334,,,,,,,,,,,,,,,,,,,,,,,,,,51.37014134154375,48.381639276179584,49.75078077144791,,,,,,,,,,,,,,,,,,,,,,,,,,,50.75882347467965,48.30691891581648,48.83844739334293,50.41811915254418,52.160048632776935,,,,,,,48.381639276179584,49.99811486979142,"rgba(239, 83, 80, 1.0)",1.8422810677560295,49.99811486979142,-1.2791585465630493,37.591305404415465,-5.723295973227195,False,True,False,True,False,0.0,0.0,0.0,0.0,0.0,0,0.803671398896902,0.7935882024383767,False,False,False,False,-0.20534219150425054,-0.13637608180181054,False,False,False,False,-717225,-627583.4208809528,False,False,False,False,7985.983036955358,False,False,False,False
2022-08-26 00:00:00+00:00,48.8559376279,49.8461344517,48.8559376279,49.8461344517,258,,,,,,,,,,,,,,,,,,,,,,,,,,51.33829755587053,48.381839742073325,49.75067096516787,,,,,,,,,,,,,,,,,,,,,,,,,,,50.752368261329416,48.307143838319234,48.83852339937409,50.417904834097946,52.15962579227437,,,,,,,48.381839742073325,49.99329679856335,"rgba(239, 83, 80, 0.5)",1.8540465077884356,49.99329679856335,-0.6134469474662906,38.39276817422521,-5.723295973227195,False,True,False,True,False,0.0,0.0,0.0,0.0,0.0,0,0.8003780038239465,0.7765489404574751,False,False,False,False,-0.11863747921793243,-0.1275067805098715,False,False,False,False,-716967,-631088.6592777782,False,False,False,False,7682.924878643384,False,False,False,False
2022-08-29 00:00:00+00:00,48.729827655,48.7625228332,48.729827655,48.7625228332,301,,,,,,,,,,,,,,,,,,,,,,,,,,51.29485314713856,48.38194406152859,49.75044193339042,,,,,,,,,,,,,,,,,,,,,,,,,,,50.742781884711896,48.30727322542499,48.838498454199026,50.41756454658691,52.159058783067955,,,,,,,48.38194406152859,49.986552004506045,"rgba(239, 83, 80, 0.5)",1.861409315791038,49.986552004506045,-0.6751466960247683,38.70785669460283,-5.723295973227195,False,True,False,True,False,0.0,0.0,0.0,0.0,0.0,0,0.8094276894126675,0.7900780386130702,False,False,False,False,-0.1953068939016424,-0.16140683720575694,False,False,False,False,-717268,-634468.241266885,False,False,False,False,7393.437628500506,False,False,False,False
2022-08-30 00:00:00+00:00,48.0712533524,48.0712533524,48.0712533524,48.0712533524,33,,,,,,,,,,,,,,,,,,,,,,,,,,51.288953047680636,48.381934160728434,49.75040018553462,,,,,,,,,,,,,,,,,,,,,,,,,,,50.74138685272307,48.307265503930736,48.838476999180884,50.41751235625652,52.1589844583091,,,,,,,48.381934160728434,49.98561419554299,"rgba(239, 83, 80, 1.0)",1.884225620161862,49.98561419554299,-1.0159934259775871,37.786222457942245,-5.723295973227195,False,True,False,True,False,0.0,0.0,0.0,0.0,0.0,0,0.8101201873620286,0.7918945536717173,False,False,False,False,-0.2836709506661266,-0.22253889393594176,False,False,False,False,-717301,-637716.584746615,False,False,False,False,7104.793015618134,False,False,False,False
2022-08-31 00:00:00+00:00,48.1926925855,48.1926925855,48.1926925855,48.1926925855,38,,,,,,,,,,,,,,,,,,,,,,,,,,51.28244109851289,48.38192721668701,49.750355591387255,,,,,,,,,,,,,,,,,,,,,,,,,,,50.739855233939586,48.30726118786499,48.83845620518313,50.41745537161748,52.1589014180823,,,,,,,48.38192721668701,49.98458166540933,"rgba(239, 83, 80, 0.5)",1.8944565692516584,49.98458166540933,-0.9458591497915192,37.539160568828905,-6.2518899310611005,False,True,False,True,False,0.0,0.0,0.0,0.0,0.0,0,0.8049549589287253,0.815202333769165,False,False,False,False,-0.26748823606227057,-0.24501356499910615,False,False,False,False,-717263,-640836.0520114537,False,False,False,False,6827.663877750756,False,False,False,False
2022-09-01 00:00:00+00:00,47.1277639259,47.2772275975,46.9876417339,47.249203159,43907,,,,,,,,,,,,,,,,,,,,,,,,,,48.34121170220284,48.33104256501407,49.66648231315956,,,,,,,,,,,,,,,,,,,,,,,,,,,49.260875438338516,48.25819282613219,48.777204710447734,50.322986059578675,52.04014136649985,,,,,,,48.33104256501407,49.37476712267168,"rgba(239, 83, 80, 1.0)",1.9255384894929912,49.37476712267168,-1.1669479519795691,35.61682488961918,-8.3836684084226,False,True,False,True,False,0.0,0.0,0.0,0.0,0.0,0,0.7994768647783612,0.8211529200754853,False,False,False,False,-0.34282825441539394,-0.29392090970725004,False,False,False,False,-761170,-645555.0303639458,False,False,False,False,8281.75549038798,False,False,False,False
2022-09-02 00:00:00+00:00,47.4920816253,48.1740096266,47.2398616796,47.6228623378,2154,,,,,,,,,,,,,,,,,,,,,,,,,,48.31750174568195,48.32965709827829,49.66329676406152,,,,,,,,,,,,,,,,,,,,,,,,,,,49.22883873501847,48.25692085328559,48.77519881847131,50.319201437647784,52.03504324020363,,,,,,,48.32965709827829,49.36570733658107,"rgba(239, 83, 80, 0.5)",1.9313656029345856,49.36570733658107,-0.970104111015652,35.49151359309719,-8.810636448449777,False,True,False,True,False,0.0,0.0,0.0,0.0,0.0,0,0.8221813798239865,0.7899627489458336,False,False,False,False,-0.2715945200223046,-0.2827577148647773,False,False,False,False,-759016,-650004.480153595,False,False,False,False,8041.45135351002,False,False,False,False
2022-09-06 00:00:00+00:00,46.9222513776,47.2398616796,46.9222513776,47.2398616796,998,,,,,,,,,,,,,,,,,,,,,,,,,,48.2977434041818,48.328457325730795,49.6613833099299,,,,,,,,,,,,,,,,,,,,,,,,,,47.028121478266655,49.20892526977373,48.25575931929815,48.77377803455093,50.31705564952371,52.032359719953924,,,,,,,48.328457325730795,49.10039816791218,"rgba(239, 83, 80, 1.0)",1.9635933479680876,49.10039816791218,-1.1092657207084728,34.463095606969304,-10.121110395347074,False,True,False,True,False,0.0,0.0,0.0,0.0,0.0,0,0.7959624558719275,0.8391488777643118,False,False,False,False,-0.34282825441539394,-0.31279298464008565,False,False,False,False,-760014,-654318.5789711011,False,False,False,False,7765.237574941,False,False,False,False
2022-09-07 00:00:00+00:00,47.7069356531,47.7069356531,47.267886118,47.267886118,616,,,,,,,,,,,,,,,,,,,,,,,,,,48.29083637104965,48.32802067462984,49.66044218276513,,,,,,,,,,,,,,,,,,,,,,,,,,47.231342065104826,49.19977022276752,48.2553539591846,48.77316937036277,50.31594678860248,52.03088088252665,,,,,,,48.32802067462984,49.12064027966594,"rgba(239, 83, 80, 0.5)",1.970500892424026,49.12064027966594,-0.7174341468208452,36.224551039816504,-10.121110395347074,False,True,False,True,False,0.0,0.0,0.0,0.0,0.0,0,0.812772070010775,0.8162267638327346,False,False,False,False,-0.2925724717935308,-0.3026827282168082,False,False,False,False,-759398,-658439.3405800776,False,False,False,False,7484.875317100177,False,False,False,False
2022-09-08 00:00:00+00:00,47.6369679718,47.6602282557,47.0623735696,47.0623735696,1373,,,,,,,,,,,,,,,,,,,,,,,,,,48.273700538158664,48.32691326127246,49.658240410090286,,,,,,,,,,,,,,,,,,,,,,,,,,47.333316327492,49.17841279469605,48.254312753032096,48.77169495534832,50.31338225204573,52.02750912072564,,,,,,,48.32691326127246,49.12638693476236,"rgba(239, 83, 80, 0.5)",1.9824927226063807,49.12638693476236,-0.7512859673977637,37.25920426476944,-10.121110395347074,False,True,False,True,True,0.0,0.0,0.0,0.0,0.0,0,0.8043598041234569,0.8230417226021509,False,False,False,False,-0.308005166875433,-0.3053439475461206,False,False,False,False,-760771,-662452.3468318393,False,False,False,False,7245.193932115857,False,False,False,False
2022-09-09 00:00:00+00:00,48.9633646418,48.9633646418,48.7158154358,48.7438398742,751,,,,,,,,,,,,,,,,,,,,,,,,,,48.28041908950073,48.32729653875995,49.65781648104177,,,,,,,,,,,,,,,,,,,,,,,,,,47.644230309873834,49.17643575276381,48.25475726185851,48.77176160433114,50.312680657795006,52.02624189254308,,,,,,,48.32729653875995,49.161293287607535,#000000,1.9560027304814271,49.161293287607535,-0.10119037295966384,41.59314059857934,-13.510673828801089,False,True,False,True,True,0.0,0.0,0.0,0.0,0.0,0,0.8297007034270486,0.8009509607463566,False,False,False,False,-0.13389267295319288,-0.21961831024965672,False,False,False,False,-760020,-666278.529309022,False,False,False,False,6990.519660268176,False,False,False,False
2022-09-12 00:00:00+00:00,49.5672912895,49.7900855749,49.5672912895,49.7153537391,2437,,,,,,,,,,,,,,,,,,,,,,,,,,48.3276011954393,48.330240805979216,49.65778775784399,,,,,,,,,,,,,,,,,,,,,,,,,,48.43248663891927,49.18625213942296,48.25794266981449,48.77348160763149,50.31161575449656,52.02312957094317,,,,,,,48.330240805979216,49.25561534894339,#000000,1.922791898377905,49.25561534894339,0.1620955137264442,45.85485674208744,-9.521200521334642,False,False,False,True,True,0.0,0.0,0.0,0.0,0.0,0,0.8589019738434204,0.791686849110515,False,False,False,False,-0.039165025645771005,-0.12939166794771387,False,False,False,False,-757583,-669859.0967870996,False,False,False,False,6811.950261826288,False,False,False,False
2022-09-13 00:00:00+00:00,48.4355710517,48.7531813537,48.2207170239,48.7531813537,1739,,,,,,,,,,,,,,,,,,,,,,,,,,48.3310342002695,48.330463586340414,49.6562922067973,,,,,,,,,,,,,,,,,,,,,,,,,,48.4406908568584,49.17562266536717,48.258289386977516,48.77305372003778,50.30953270146075,52.01982339675799,,,,,,,48.330463586340414,49.254978080096315,#000000,1.9310151904812896,49.254978080096315,-0.42434002199230886,46.05392991182693,-9.378439383451763,False,False,False,True,True,0.0,0.0,0.0,0.0,0.0,0,0.849344701920667,0.8010736816469899,False,False,False,False,-0.17432795351218008,-0.15185981072994698,False,False,False,False,-759322,-673367.4459327036,False,False,False,False,6613.011035872316,False,False,False,False
2022-09-14 00:00:00+00:00,47.6041793789,48.0703192045,47.6041793789,48.0703192045,765,,,,,,,,,,,,,,,,,,,,,,,,,,48.325029663916084,48.330063027093985,49.65524236148278,,,,,,,,,,,,,,,,,,,,,,,,,,48.38065333812235,49.16644023145275,48.25793063087898,48.7724258664461,50.308264637735306,52.01808033122038,,,,,,,48.330063027093985,49.24601445426097,"rgba(239, 83, 80, 0.5)",1.9076919841679203,49.24601445426097,-0.8606394999751984,44.55500641978243,-9.378439383451763,False,True,False,True,True,0.0,0.0,0.0,0.0,0.0,0,0.85221319651485,0.8025447300067097,False,False,False,False,-0.2504372468886854,-0.2011485288093162,False,False,False,False,-760087,-676768.2127588721,False,False,False,False,6383.677269759676,False,False,False,False
2022-09-15 00:00:00+00:00,48.1179607498,48.1646681471,47.9871800372,48.1646681471,608,,,,,,,,,,,,,,,,,,,,,,,,,,48.32308272103783,48.3299292000175,49.65455407452422,,,,,,,,,,,,,,,,,,,,,,,,,,48.36162071701032,49.16092072272957,48.25783464170307,48.77209000402951,50.3073882389036,52.01680340576905,,,,,,,48.3299292000175,49.24269152508052,"rgba(239, 83, 80, 0.5)",1.8434723527941015,49.24269152508052,-0.6101153475807729,44.85790116113561,-9.378439383451763,False,True,False,True,True,0.0,0.0,0.0,0.0,0.0,0,0.8408838699484471,0.7958486869897312,False,False,False,False,-0.22219103826550884,-0.2116697835374125,False,False,False,False,-759479,-680011.7730428379,False,False,False,False,6157.180121925963,False,False,False,False
2022-09-16 00:00:00+00:00,47.3332764743,47.6135208584,47.1560686087,47.6135208584,6182,,,,,,,,,,,,,,,,,,,,,,,,,,48.248876606585064,48.324506836710604,49.644374922400516,,,,,,,,,,,,,,,,,,,,,,,,,,47.964381064200644,49.07206357784267,48.252692653943235,48.76509746308529,50.29562645697814,52.00148734875825,,,,,,,48.324506836710604,49.17434521450049,"rgba(239, 83, 80, 0.5)",1.8502076581149398,49.17434521450049,-0.9950605988066443,43.5298296217202,-9.378439383451763,False,True,False,True,True,0.0,0.0,0.0,0.0,0.0,0,0.8195857846996845,0.8121770154172347,False,False,False,False,-0.30511951290356626,-0.2583946482204894,False,False,False,False,-765661,-683370.5662568442,False,False,False,False,6158.153450477886,False,False,False,False
2022-09-19 00:00:00+00:00,47.4640571869,47.4640571869,47.2398616796,47.2398616796,5584,,,,,,,,,,,,,,,,,,,,,,,,,,48.19252979375557,48.3197711565866,49.63534491141727,,,,,,,,,,,,,,,,,,,,,,,,,,47.811855956056064,48.999976470576385,48.24821150599613,48.758938078042206,50.285161181417045,51.98780372773017,,,,,,,48.3197711565866,49.13773253128638,"rgba(239, 83, 80, 0.5)",1.8231605409161555,49.13773253128638,-0.9180076613249561,43.00261460760683,-9.378439383451763,False,True,False,True,False,0.0,0.0,0.0,0.0,0.0,0,0.8160710186706086,0.8221090030769657,False,False,False,False,-0.3091539250116377,-0.2837742866160635,False,False,False,False,-760077,-686378.6616977523,False,False,False,False,6135.637628890518,False,False,False,False
2022-09-20 00:00:00+00:00,46.8568610213,46.9409343365,46.6274342855,46.7260803087,1798,,,,,,,,,,,,,,,,,,,,,,,,,,48.1639180714866,48.31731083729942,49.631704649045645,,,,,,,,,,,,,,,,,,,,,,,,,,47.732901160083415,48.97015765859662,48.24580927138746,48.75613030662366,50.28113470916186,51.982860563784556,,,,,,,48.31731083729942,49.12021413638547,"rgba(239, 83, 80, 1.0)",1.7727268923278323,49.12021413638547,-1.2767635696626571,41.46359477414173,-9.378439383451763,False,True,False,True,False,0.0,0.0,0.0,0.0,0.0,0,0.8203772193017688,0.8223111660434521,False,False,False,False,-0.34282825441539394,-0.31330127051572876,False,False,False,False,-761875,-689339.3024154876,False,False,False,False,5965.5341924634395,False,False,False,False
2022-09-21 00:00:00+00:00,45.8666641975,45.8666641975,45.8666641975,45.8666641975,172,,,,,,,,,,,,,,,,,,,,,,,,,,48.15938429525283,48.316929266607936,49.63124091202215,,,,,,,,,,,,,,,,,,,,,,,,,,47.71895889549738,48.96612343139164,48.24542960413996,48.75573246879105,50.280645696219864,51.98230221367041,,,,,,,48.316929266607936,49.11741630928813,"rgba(255, 0, 0, 1.0)",1.7563461480581468,49.11741630928813,-1.8508607288957424,38.745953746253555,-6.371178322275689,False,True,False,True,False,0.0,0.0,0.0,0.0,0.0,0,0.8165200994181565,0.8315980459827005,False,False,False,False,-0.34282825441539394,-0.3280647624655614,False,False,False,False,-762047,-692190.5846737038,False,False,False,False,5738.336773151148,False,False,False,False
2022-09-22 00:00:00+00:00,45.539712416,45.5864198134,45.1568051726,45.3762365253,3518,,,,,,,,,,,,,,,,,,,,,,,,,,48.05339272114944,48.30775712023512,49.62067765921067,,,,,,,,,,,,,,,,,,,,,,,,,,47.415246169239346,48.87448083071958,48.23626229158771,48.74638639574126,50.26967494112975,51.97008612020805,,,,,,,48.30775712023512,49.05488491658011,"rgba(255, 26, 202, 1.0)",1.7552082120898125,49.05488491658011,-2.002709693566679,36.4254411097325,-8.637788623779613,False,True,False,True,False,0.0,0.0,0.0,0.0,0.0,0,0.8226380717537445,0.8222280062392481,False,False,False,False,-0.34282825441539394,-0.33544650844047763,False,False,False,False,-765565,-695068.0127257154,False,False,False,False,5651.264742831495,False,False,False,False
2022-09-23 00:00:00+00:00,44.4455449257,44.6816058187,44.067847497,44.6816058187,5564,,,,,,,,,,,,,,,,,,,,,,,,,,47.84206664413481,48.288226776773946,49.60000430202583,,,,,,,,,,,,,,,,,,,,,,,,,,46.89239595025172,48.69834725266389,48.21661540531338,48.72716007898908,50.24875767436705,51.9478329493416,,,,,,,48.288226776773946,48.94015633709571,"rgba(255, 26, 202, 1.0)",1.7855922709950172,48.94015633709571,-2.5171543831174277,33.349325320585336,-11.557261760805062,False,True,False,True,False,0.0,0.0,0.0,0.0,0.0,0,0.8216651806479771,0.8257897591811735,False,False,False,False,-0.34282825441539394,-0.3391373814279358,False,False,False,False,-771129,-698050.7965403933,False,False,False,False,5647.842596053789,False,False,False,False
2022-09-26 00:00:00+00:00,43.6523803254,43.6523803254,43.4315217539,43.4315217539,1473,,,,,,,,,,,,,,,,,,,,,,,,,,47.777794386199325,48.28200649073272,49.593700647976824,,,,,,,,,,,,,,,,,,,,,,,,,,46.74703337433853,48.6455650555905,48.210338561549676,48.721140294443195,50.242472759718844,51.941326401820646,,,,,,,48.28200649073272,48.906819774707806,"rgba(255, 26, 202, 1.0)",1.8615486384035147,48.906819774707806,-2.8226173310271765,30.36293747921308,-14.327488021384262,False,True,False,True,False,0.0,0.0,0.0,0.0,0.0,0,0.8022197845962156,0.8474284070060928,False,False,False,False,-0.34282825441539394,-0.34098281792166485,False,False,False,False,-772602,-700974.3731466524,False,False,False,False,5484.123278561484,False,False,False,False
2022-09-27 00:00:00+00:00,43.331337511,43.7845744255,43.2746828967,43.7845744255,1917,,,,,,,,,,,,,,,,,,,,,,,,,,47.69477782653569,48.2737380850415,49.58535986756356,,,,,,,,,,,,,,,,,,,,,,,,,43.46353161106667,46.56969930249201,48.57695563426891,48.20199251395502,48.71315196458057,50.23416999485321,51.932757279044786,,,,,,,48.2737380850415,48.32461340794019,"rgba(255, 26, 202, 1.0)",1.9578353166315081,48.32461340794019,-2.550406489515785,28.014835245674696,-16.477291040449344,False,True,False,True,False,0.0,0.0,0.0,0.0,0.0,0,0.7801890569943203,0.861339155415198,False,False,False,False,-0.34282825441539394,-0.34190553616852937,False,False,False,False,-774519,-703858.4761605092,False,False,False,False,5344.236091166916,False,False,False,False
2022-09-28 00:00:00+00:00,44.7004906901,44.7571453044,43.9167685255,43.9167685255,2983,,,,,,,,,,,,,,,,,,,,,,,,,,47.6006818483974,48.26357680497469,49.574527354214794,,,,,,,,,,,,,,,,,,,,,,,,,44.069021699211184,46.40600064893378,48.49381160640656,48.191777401159605,48.70311564222609,50.22318259511969,51.92101935413635,,,,,,,48.26357680497469,48.34467149547802,"rgba(255, 0, 0, 1.0)",2.0181358291865803,48.34467149547802,-1.8057163213076821,30.817187805434067,-16.477291040449344,False,True,False,True,True,0.0,0.0,0.0,0.0,0.0,0,0.7813178072530507,0.8464675429232847,False,False,False,False,-0.2807409465419776,-0.31132324135525347,False,False,False,False,-771536,-706512.4967032344,False,False,False,False,5251.638597395664,False,False,False,False
2022-09-29 00:00:00+00:00,43.633495454,43.888346794,43.5296286611,43.5296286611,2409,,,,,,,,,,,,,,,,,,,,,,,,,,47.5108316214531,48.253748518196716,49.56449374417102,,,,,,,,,,,,,,,,,,,,,,,,,43.942062863065004,46.24561410985598,48.41665681408906,48.18186609404972,48.69357290803173,50.213152220157085,51.91058622512681,,,,,,,48.253748518196716,48.29325851181962,"rgba(255, 26, 202, 1.0)",2.1113524674670336,48.29325851181962,-2.207003865825345,31.134230556448728,-16.477291040449344,False,True,False,True,True,0.0,0.0,0.0,0.0,0.0,0,0.7680135153030337,0.8502945142781828,False,False,False,False,-0.3288286782588013,-0.3200759598070274,False,False,False,False,-773945,-709156.9085972252,False,False,False,False,5140.162573968383,False,False,False,False
2022-09-30 00:00:00+00:00,43.6429378897,43.765689554,43.6429378897,43.765689554,300,,,,,,,,,,,,,,,,,,,,,,,,,,47.49993021090678,48.252527533493556,49.56324662810362,,,,,,,,,,,,,,,,,,,,,,,,,43.93188250748877,46.226954637216146,48.40722152939796,48.18063486868979,48.69238707028914,50.21190526760514,51.909288811504716,,,,,,,48.252527533493556,48.28759790646956,"rgba(255, 26, 202, 1.0)",2.1954891121620337,48.28759790646956,-2.1155468232751438,31.37384532930395,-16.477291040449344,False,True,False,True,True,0.0,0.0,0.0,0.0,0.0,0,0.7618423957158349,0.8699184806232118,False,False,False,False,-0.3291919040947995,-0.32463393195091345,False,False,False,False,-773645,-711685.8533581183,False,False,False,False,4950.352276950016,False,False,False,False
2022-10-03 00:00:00+00:00,44.133944547,44.2755810828,44.0635984009,44.2755810828,2192,,,,,,,,,,,,,,,,,,,,,,,,,,47.43178503972067,48.244549217897536,49.55488351024485,,,,,,,,,,,,,,,,,,,,,,,,,43.982388527488375,46.12239278456057,48.3462096109704,48.17260495757014,48.68455769023509,50.20346893368114,51.900366845398764,,,,,,,48.244549217897536,48.264320711776755,"rgba(255, 0, 0, 1.0)",2.263285452730312,48.264320711776755,-1.8249470740838636,33.040570456181534,-16.477291040449344,False,True,False,True,True,0.0,0.0,0.0,0.0,0.0,0,0.7630679111538221,0.8645094435206451,False,False,False,False,-0.2934258550696884,-0.3090298935103009,False,False,False,False,-771453,-714029.663030349,False,False,False,False,4842.181599422564,False,False,False,False
2022-10-04 00:00:00+00:00,45.8335829763,45.8807951549,45.5975220834,45.5975220834,922,,,,,,,,,,,,,,,,,,,,,,,,,,47.41765996541157,48.24252342072358,49.5524224801925,,,,,,,,,,,,,,,,,,,,,,,,,44.13614790237812,46.11507190810004,48.33074904388514,48.17059001643514,48.68244306128863,50.2008722759467,51.89740070265407,,,,,,,48.24252342072358,48.27458807770155,"rgba(239, 83, 80, 1.0)",2.2880840222223267,48.27458807770155,-1.0668336816716626,38.42876117570907,-17.307720071116762,False,True,False,True,True,0.0,0.0,0.0,0.0,0.0,0,0.7678076862285326,0.8672204998655039,False,False,False,False,-0.17745623862088955,-0.24324306606559523,False,False,False,False,-770531,-716245.4017350412,False,False,False,False,4688.448987680503,False,False,False,False
2022-10-05 00:00:00+00:00,45.4983765083,45.4983765083,45.3803460618,45.474770419,2472,,,,,,,,,,,,,,,,,,,,,,,,,,47.37400226948277,48.236425723177774,49.5452975419052,,,,,,,,,,,,,,,,,,,,,,,,,44.383982083956205,46.08039959466661,48.28526321722059,48.16450509320736,48.6761834865711,50.19343667765158,51.88905850073937,,,,,,,48.236425723177774,48.28285541885786,"rgba(239, 83, 80, 1.0)",2.316966336274081,48.28285541885786,-1.20177788816543,41.33339036839122,-14.640614933712456,False,True,False,True,True,0.0,0.0,0.0,0.0,0.0,0,0.7638604979401528,0.8650150676766754,False,False,False,False,-0.19915590843731074,-0.221199487251453,False,False,False,False,-773003,-718471.1899022945,False,False,False,False,4601.529419536169,False,False,False,False
2022-10-06 00:00:00+00:00,44.7760301759,44.7949150473,44.5399692829,44.7854726116,2880,,,,,,,,,,,,,,,,,,,,,,,,,,47.30641118644455,48.227432182841234,49.53549911202104,,,,,,,,,,,,,,,,,,,,,,,,,44.44125172775478,46.000543938275584,48.220367275530606,48.1554804232426,48.66721620702128,50.18342569214587,51.87822806260965,,,,,,,48.227432182841234,48.26158558078872,"rgba(239, 83, 80, 1.0)",2.362487357151193,48.26158558078872,-1.4753752625757037,41.84957205216966,-14.1664510591334,False,True,False,True,True,0.0,0.0,0.0,0.0,0.0,0,0.7593875931716024,0.8699957865990865,False,False,False,False,-0.255945341858294,-0.2385724145548735,False,False,False,False,-775883,-720722.6334355379,False,False,False,False,4534.0184619073,False,False,False,False
2022-10-07 00:00:00+00:00,43.6807076326,44.1811567256,43.6429378897,44.1811567256,1892,,,,,,,,,,,,,,,,,,,,,,,,,,47.249630624862775,48.220098406155124,49.527930229033196,,,,,,,,,,,,,,,,,,,,,,,,,44.37740395213449,45.921053515404786,48.168780359334626,48.14809168298287,48.66006088434005,50.17582943500173,51.870271479406135,,,,,,,48.220098406155124,48.23191505686558,"rgba(255, 0, 0, 1.0)",2.4331072418486914,48.23191505686558,-1.870533014733681,40.321159306786846,-14.1664510591334,False,True,False,True,True,0.0,0.0,0.0,0.0,0.0,0,0.7401957435967548,0.8848807186955939,False,False,False,False,-0.313127705191993,-0.27585005987343325,False,False,False,False,-777775,-722959.9811439483,False,False,False,False,4430.40989477368,False,False,False,False
2022-10-10 00:00:00+00:00,43.4729740468,43.4918589182,43.4163194324,43.4918589182,1868,,,,,,,,,,,,,,,,,,,,,,,,,,47.18941119310395,48.21226523880664,49.51998669487534,,,,,,,,,,,,,,,,,,,,,,,,,44.291041813332406,45.83499711701248,48.1147247249971,48.14019007795822,48.65247031111791,50.16790539050819,51.862065798425235,,,,,,,48.21226523880664,48.198505836013744,"rgba(255, 0, 0, 1.0)",2.5050949420899804,48.198505836013744,-1.8863683407029972,38.97177473063729,-14.1664510591334,False,True,False,True,True,0.0,0.0,0.0,0.0,0.0,0,0.7208102716491184,0.9122094395006987,False,False,False,False,-0.34282825441539394,-0.3093391571444136,False,False,False,False,-779643,-725182.8446284992,False,False,False,False,4329.923232233536,False,False,False,False
2022-10-11 00:00:00+00:00,43.0905554002,43.633495454,42.9347552108,43.3124526395,9928,,,,,,,,,,,,,,,,,,,,,,,,,,46.88022263537248,48.168974839904486,49.4764514209621,,,,,,,,,,,,,,,,,,,,,,,,,43.93364322274485,45.42506291157535,47.83321462166602,48.09649994469841,48.61064340031967,50.12460212227415,51.81747958371809,,,,,,,48.168974839904486,48.03667947032356,"rgba(255, 0, 0, 1.0)",2.571576182273111,48.03667947032356,-1.923382283682336,37.45413406315248,-14.1664510591334,False,True,False,True,False,0.0,0.0,0.0,0.0,0.0,0,0.6993252826095627,0.914873695891051,False,False,False,False,-0.34282825441539394,-0.32608370577990375,False,False,False,False,-789571,-727707.8703293424,False,False,False,False,4549.455654498887,False,False,False,False
2022-10-12 00:00:00+00:00,42.9886715188,43.1236039252,42.9725249537,42.9725249537,2691,,,,,,,,,,,,,,,,,,,,,,,,,,46.80058577675085,48.15692129782235,49.464396872236904,,,,,,,,,,,,,,,,,,,,,,,,,43.8585717999412,45.327386355688624,47.759466057040115,48.084331616260755,48.599018417008985,50.112634856152255,51.80520637632677,,,,,,,48.15692129782235,47.99685194252289,"rgba(255, 0, 0, 1.0)",2.6443958250409927,47.99685194252289,-1.8938845600564564,36.273041784742524,-14.1664510591334,False,True,False,True,False,0.0,0.0,0.0,0.0,0.0,0,0.7018354940305691,0.9168832954817161,False,False,False,False,-0.34282825441539394,-0.3344559800976489,False,False,False,False,-792262,-730239.404826231,False,False,False,False,4476.575040596971,False,False,False,False
2022-10-13 00:00:00+00:00,43.2369131538,43.6712651968,42.1793603534,42.1982452248,7264,,,,,,,,,,,,,,,,,,,,,,,,,,46.601237079640676,48.12467054005994,49.43208569617594,,,,,,,,,,,,,,,,,,,,,,,,43.029179567999996,43.706884777109714,45.09962257450316,47.57128152956402,48.05178055488677,48.56788380066604,50.08053555347464,51.77225039648027,,,,43.029179567999996,,,48.12467054005994,47.45794655186919,"rgba(255, 0, 0, 1.0)",2.7074329082545945,47.45794655186919,-1.5590537387648027,36.32392052358111,-14.1664510591334,False,True,False,True,False,0.0,1.0,43.671265,42.17936,0.0,0,0.6933678228691429,0.9069736054818688,True,False,False,False,-0.34282825441539394,-0.3386421172565214,False,False,False,False,-784998,-732386.8007153983,False,False,False,False,4585.885823318658,False,False,False,False
2022-10-14 00:00:00+00:00,43.3785496896,43.6618227611,43.2935677681,43.6618227611,3412,,,,,,,,,,,,,,,,,,,,,,,,,,46.524763665408486,48.11088531353935,49.417997973683434,,,,,,,,,,,,,,,,,,,,,,,,43.161960945809966,43.68613921290885,45.02600864181439,47.49558340693505,48.037887959999644,48.55446728556877,50.066440741261275,51.7575873519906,,,,43.161960945809966,,,48.11088531353935,47.43997477262908,"rgba(239, 83, 80, 1.0)",2.7639417928963237,47.43997477262908,-1.4694322049282837,36.85212858836539,-14.1664510591334,False,True,False,True,False,0.0,0.0,0.0,0.0,0.0,0,0.709616902612678,0.9160310318849595,False,False,False,False,-0.3026380386757681,-0.32064007796614474,False,False,False,False,-781586,-734316.1810795004,False,False,False,False,4539.851085149299,False,False,False,False
2022-10-17 00:00:00+00:00,44.5966238972,44.6627209472,44.4738722329,44.50219954,8760,,,,,,,,,,,,,,,,,,,,,,,,,,46.41075111272854,48.08436671390992,49.388934483032436,,,,,,,,,,,,,,,,,,,,,,,,43.80006631627821,43.83665789397716,44.980063471264266,47.364345354640534,48.01130562636327,48.52790862929609,50.03667182495067,51.72527596526598,,,,43.80006631627821,,,48.08436671390992,47.46966794470064,"rgba(239, 83, 80, 1.0)",2.7916969428324423,47.46966794470064,-1.0291389453561766,40.94562794719161,-14.1664510591334,False,False,False,True,True,0.0,0.0,0.0,0.0,0.0,0,0.7280117813554707,0.9046940040783543,False,False,False,False,-0.2258691372174745,-0.27325460759180964,False,False,False,False,-772826,-735826.3700567749,False,False,False,False,4705.347121025798,False,False,False,False
2022-10-18 00:00:00+00:00,43.0008522608,45.1914973475,43.0008522608,45.1914973475,1687,,,,,,,,,,,,,,,,,,,,,,,,,,46.38086938954929,48.07808336480952,49.382399552196404,,,,,,,,,,,,,,,,,,,,,,,,43.7945556711124,43.8333331212311,44.95588750249255,47.33314484511875,48.00498245159414,48.52174710302185,50.03009255475514,51.71835366299265,,,,43.7945556711124,,,48.07808336480952,47.45758629262489,"rgba(255, 0, 0, 1.0)",2.8532166813198865,47.45758629262489,-1.5620033560729147,40.289972947055226,-14.1664510591334,False,False,False,True,True,0.0,0.0,0.0,0.0,0.0,0,0.7022345824918818,0.9133035947802216,False,False,False,False,-0.2587320897948217,-0.2659933486933157,False,False,False,False,-774513,-737343.4927996465,False,False,False,False,4586.98056726008,False,False,False,False
2022-10-19 00:00:00+00:00,44.4077751829,44.43610249,44.30390839,44.43610249,906,,,,,,,,,,,,,,,,,,,,,,,,,,46.3689734944449,48.07522102592822,49.37930009923823,,,,,,,,,,,,,,,,,,,,,,,,43.818740334645376,43.842466825013204,44.94998928777477,47.31959979030065,48.00211080637649,48.518893734106285,50.02692971753915,51.714943844263985,,,,43.818740334645376,,,48.07522102592822,47.456106269057386,"rgba(239, 83, 80, 1.0)",2.8847296465648045,47.456106269057386,-1.0567129192808087,43.24898399023817,-11.938858039954397,False,False,False,True,True,0.0,0.0,0.0,0.0,0.0,0,0.709471725199758,0.8978619852792208,False,False,False,False,-0.2396093317019022,-0.25280134019760897,False,False,False,False,-773607,-738765.591121229,False,False,False,False,4442.628388151842,False,False,False,False
2022-10-20 00:00:00+00:00,44.3897401306,44.6155087687,44.3897401306,44.6155087687,1511,,,,,,,,,,,,,,,,,,,,,,,,,,46.35025592282611,48.070563459012746,49.374224567574416,,,,,,,,,,,,,,,,,,,,,,,,43.86022261285596,43.85926580529915,44.94180788801702,47.29791039081045,47.997440477178735,48.51423833867493,50.02173959736688,51.709327924884484,,,,43.86022261285596,,,48.070563459012746,47.45427245313645,"rgba(239, 83, 80, 1.0)",2.915155244041146,47.45427245313645,-1.0512415518180853,45.183164033292854,-10.05167715500918,True,False,False,True,True,0.0,0.0,0.0,0.0,0.0,0,0.7018721456304515,0.8998608815320878,False,False,False,False,-0.23041023567434338,-0.24160578793597617,False,False,False,False,-775118,-740191.1757831416,False,False,False,False,4327.662569008632,False,False,False,False
2022-10-21 00:00:00+00:00,44.7004906901,44.9648788902,44.6155087687,44.8137999187,3875,,,,,,,,,,,,,,,,,,,,,,,,,,46.311156649035524,48.05964751934682,49.36203609801274,,,,,,,,,,,,,,,,,,,,,,,,43.98744391175467,43.91758446000511,44.93428093656923,47.249409003676725,47.98651601572722,48.50321528551887,50.009178545907574,51.695550886328846,,,,43.98744391175467,,,48.05964751934682,47.45600175562575,"rgba(239, 83, 80, 0.5)",2.937330182130043,47.45600175562575,-0.9381005520896387,47.196422977265186,-8.093415838713277,True,False,False,False,True,0.0,0.0,0.0,0.0,0.0,0,0.6974736378704466,0.8942752762482219,False,False,False,False,-0.20705978917103351,-0.22433278855350486,False,False,False,False,-771243,-741408.8943798812,False,False,False,False,4309.911095714176,False,False,False,False
2022-10-24 00:00:00+00:00,45.2387095261,45.2387095261,45.1348427332,45.1348427332,1232,,,,,,,,,,,,,,,,,,,,,,,,,,46.302568231039736,48.05665681925645,49.35854685234623,,,,,,,,,,,,,,,,,,,,,,,,44.03976717796948,43.943524648411376,44.93779176149012,47.237055290036785,47.98353382886569,48.50013814845694,50.005534096417826,51.691461677116116,,,,44.03976717796948,,,48.05665681925645,47.459688957400616,"rgba(239, 83, 80, 0.5)",2.949649884843899,47.459688957400616,-0.7529637475663153,49.75966485628202,-5.635030279501521,True,False,False,False,True,0.0,0.0,0.0,0.0,0.0,0,0.7070850668427093,0.8796448208277267,False,False,False,False,-0.1756550060926514,-0.19999389732307812,False,False,False,False,-770011,-742530.5455806702,False,False,False,False,4189.208699803816,False,False,False,False
2022-10-25 00:00:00+00:00,46.2018379693,46.2962623265,46.0885287407,46.2962623265,2051,,,,,,,,,,,,,,,,,,,,,,,,,,46.301203627729336,48.053417506658626,49.35413418918289,,,,,,,,,,,,,,,,,,,,,,,,44.183799239860754,44.01666389442199,44.96446030087953,47.22668692851798,47.9803492147272,48.496565227270985,50.000729452729175,51.68570414000729,,,,44.183799239860754,,,48.053417506658626,47.47851942927143,#000000,2.9546028530778257,47.47851942927143,-0.4320991765920425,53.405248468616875,-2.216209547620778,True,False,True,False,True,0.0,0.0,0.0,0.0,0.0,0,0.7229184749165065,0.876251250511585,False,False,False,False,-0.09051730528306878,-0.14525560130307347,False,False,False,False,-767960,-743527.7790873107,False,False,False,False,4105.357378242882,False,False,False,False
2022-10-26 00:00:00+00:00,46.5869949223,46.9142697443,46.5869949223,46.9142697443,742,,,,,,,,,,,,,,,,,,,,,,,,,,46.3030167545863,48.05256336371938,49.35279333074135,,,,,,,,,,,,,,,,,,,,,,,,44.24309049841709,44.047779986626686,44.97764220605984,47.224782826335456,47.97952221780865,48.49555594763551,49.99922249204529,51.683813811025026,,,,44.24309049841709,,,48.05256336371938,47.487253039545514,#000000,2.9569656667965454,47.487253039545514,-0.30445335478677243,56.538079451192246,0.6542295754312235,True,False,True,False,True,0.0,0.0,0.0,0.0,0.0,0,0.7335908848128747,0.8580070688967442,False,False,False,False,-0.028829146840398317,-0.08704237407173589,False,False,False,False,-767218,-744456.8073583966,False,False,False,False,3973.4610104686512,False,False,False,False
2022-10-27 00:00:00+00:00,46.2050483975,46.3340320694,46.2050483975,46.3340320694,604,,,,,,,,,,,,,,,,,,,,,,,,,,46.30281204958293,48.05163948020481,49.35151894298685,,,,,,,,,,,,,,,,,,,,,,,,44.28088201269918,44.068384638441884,44.98546595552188,47.22193792091278,47.9786150810513,48.49453086083512,49.99783056303869,51.68213797936479,,,,44.28088201269918,,,48.05163948020481,47.49234140769457,#000000,2.9619159221669547,47.49234140769457,-0.434614973558323,57.469893107132975,1.4896157985901368,True,False,True,False,True,0.0,0.0,0.0,0.0,0.0,0,0.7314641343852317,0.8576182375211303,False,False,False,False,-0.06679815497732194,-0.07692026452452891,False,False,False,False,-767822,-745373.0894227732,False,False,False,False,3841.32528456792,False,False,False,False
2022-10-28 00:00:00+00:00,46.3340320694,46.3340320694,46.04603778,46.04603778,163,,,,,,,,,,,,,,,,,,,,,,,,,,46.30274701936458,48.05138893337614,49.35117409774644,,,,,,,,,,,,,,,,,,,,,,,,44.29078718143636,44.07385397608779,44.987544239979556,47.221165149494496,47.978369022193974,48.49425315156144,49.99745410137017,51.68168507114999,,,,44.29078718143636,,,48.05138893337614,47.49367472216009,#000000,2.9666920648176043,47.49367472216009,-0.3908874353737081,58.36374114971647,2.4081318234304874,True,False,True,False,True,0.0,0.0,0.0,0.0,0.0,0,0.7256503895244537,0.8611651559040221,False,False,False,False,-0.05656085208658723,-0.06674055830555807,False,False,False,False,-767659,-746247.0467003116,False,False,False,False,3697.0772341927077,False,False,False,False
2022-10-31 00:00:00+00:00,46.2584925836,46.2584925836,45.8713527192,45.8713527192,9165,,,,,,,,,,,,,,,,,,,,,,,,,,46.29348755215113,48.03657497831818,49.3312345647786,,,,,,,,,,,,,,,,,,,,,,,,44.69809907656078,44.32904185775695,45.08498501763718,47.17499231827624,47.96378860121218,48.47800135725735,49.97579948589302,51.655834504654386,,,,44.69809907656078,,,48.03657497831818,47.54743993768145,#000000,2.9710330562422542,47.54743993768145,-0.4338381060329581,58.70316883877161,2.901838007361796,True,False,True,False,True,0.0,0.0,0.0,0.0,0.0,0,0.7225237666676877,0.8588250939583753,False,False,False,False,-0.027789560126818824,-0.04726505921618845,False,False,False,False,-776824,-747446.1429081425,False,False,False,False,3911.5055779498566,False,False,False,False
2022-11-01 00:00:00+00:00,46.211280405,46.7022870624,46.0035468192,46.7022870624,769,,,,,,,,,,,,,,,,,,,,,,,,,,46.29354207870641,48.03545629253256,49.32966421670413,,,,,,,,,,,,,,,,,,,,,,,,44.7274350859639,44.34941927948115,45.09366309334524,47.17191838495905,47.962692213109136,48.476749461361976,49.9740763073284,51.653745254412065,,,,44.7274350859639,,,48.03545629253256,47.551669242536725,#000000,2.9752556987175045,47.551669242536725,-0.4505121486245732,58.756902965724635,3.219380212716345,True,False,True,False,True,0.0,0.0,0.0,0.0,0.0,0,0.734619629144257,0.8465084312797859,False,False,False,False,0.004976033925647803,-0.02114451264527032,False,False,False,False,-777593,-748628.3725980193,False,False,False,False,3788.270065089078,False,False,False,False
2022-11-02 00:00:00+00:00,45.3709036261,46.7400568053,45.3709036261,46.1168560479,82765,,,,,,,,,,,,,,,,,,,,,,,,,,46.1422503897078,47.891844295929474,49.14436627786289,,,,,,,,,,,,,,,,,,,,,,,,45.456217754662966,45.12671850571444,45.41166405169617,46.801245167075585,47.82081875839233,48.32201317155583,49.77460720408508,51.41874334746655,,,,45.456217754662966,,,47.891844295929474,47.57368081128629,"rgba(239, 83, 80, 0.5)",2.976437895903838,47.57368081128629,-0.7400716098319197,55.93192590912825,3.219380212716345,True,False,True,False,False,0.0,0.0,0.0,0.0,0.0,0,0.7359874720335805,0.8405053328331763,False,False,False,False,-0.02409683473053418,-0.02262067368790225,False,False,False,False,-860358,-753009.9266137832,False,False,False,False,6885.396729203232,False,False,False,False
2022-11-03 00:00:00+00:00,44.5966238972,45.1914973475,44.5966238972,44.7477028687,19466,,,,,,,,,,,,,,,,,,,,,,,,,,46.04671641100465,47.84518620106987,49.09090965447046,,,,,,,,,,,,,,,,,,,,,,,,45.367052830013264,45.090191715980495,45.354604128312694,46.679082688895946,47.774263118900954,48.27422095318058,49.718900110768594,51.356498205741154,,,,45.367052830013264,,,47.84518620106987,47.50887509257623,"rgba(239, 83, 80, 0.5)",2.9891804616716935,47.50887509257623,-0.9742640943623606,51.89081048707217,7.4419304884433615,True,False,False,False,False,0.0,0.0,0.0,0.0,0.0,0,0.7229452179753335,0.8844225615666063,False,False,False,False,-0.13847479448004915,-0.0805477340839757,False,False,False,False,-879824,-757983.0275308898,False,False,False,False,7378.75372021487,False,False,False,False
2022-11-04 00:00:00+00:00,46.7683841124,46.9100206482,46.2773774551,46.8146520474,591168,,,,,,,,,,,,,,,,,,,,,,,,,,46.460001567237796,47.47060686775826,48.427991524594255,,,,,,,,,,,,,,,,,,,,,,,,46.399731858867845,46.29234715462224,46.31139404484,46.661458453159824,47.41685090226866,47.80126441163998,48.94116317507589,50.31197643642049,,,,46.399731858867845,,,47.47060686775826,47.49952603604411,#000000,2.9732784028356245,47.49952603604411,-0.2459042930345229,54.52163552267215,7.4419304884433615,True,False,True,False,False,0.0,0.0,0.0,0.0,0.0,0,0.7682583414010068,0.857081535934144,False,False,False,False,0.028515090383967084,-0.026016321850004305,False,False,False,False,-288656,-739578.0460590903,False,False,False,False,30272.449652755466,False,False,False,False
2022-11-07 00:00:00+00:00,47.1083117983,47.1083117983,47.0044450054,47.0894269268,1963,,,,,,,,,,,,,,,,,,,,,,,,,,46.46138997274817,47.470193567040894,48.42677033141589,,,,,,,,,,,,,,,,,,,,,,,,46.401525721287776,46.29433918156754,46.31325629856289,46.66234493762209,47.4164884128072,47.80056075846121,48.93959201245933,50.309590811666745,,,,46.401525721287776,,,47.470193567040894,47.49964109142179,#000000,2.9596339973895,47.49964109142179,-0.13222219148278416,56.90106856080759,7.4419304884433615,True,False,True,False,True,0.0,0.0,0.0,0.0,0.0,0,0.7696571460752331,0.8773610239484517,False,False,False,False,0.07385851828898055,0.02392109821948812,False,False,False,False,-286693,-721817.8481744202,False,False,False,False,29162.27515656898,False,False,False,False
2022-11-08 00:00:00+00:00,47.4104697413,47.6370881985,47.4104697413,47.6276457628,2996,,,,,,,,,,,,,,,,,,,,,,,,,,46.46491575696455,47.47021866192971,48.42547740907979,,,,,,,,,,,,,,,,,,,,,,,,46.40591345521208,46.2989581473471,46.317612693758726,46.665039443140685,47.41660031375073,47.800097147492444,48.93772790634487,50.30641963361469,,,,46.40591345521208,,,47.47021866192971,47.50081641533049,#000000,2.940760629936213,47.50081641533049,-0.030722212855675984,59.04502005015365,3.0937891370944257,True,False,True,False,True,0.0,0.0,0.0,0.0,0.0,0,0.7750526653305981,0.849892467273513,False,False,False,False,0.11997540451489118,0.07194825136718964,False,False,False,False,-283697,-704636.63844209,False,False,False,False,28136.14671905647,False,False,False,False
2022-11-09 00:00:00+00:00,47.5277447929,47.6809011002,47.5277447929,47.6370881985,2088,,,,,,,,,,,,,,,,,,,,,,,,,,46.46758065429679,47.470338597891946,48.42466722153923,,,,,,,,,,,,,,,,,,,,,,,,46.40921135919232,46.302406098237185,46.3208692986776,46.66711798814619,47.41678205870856,47.79987006344885,48.93651443653976,50.30428632604803,,,,46.40921135919232,,,47.470338597891946,47.50178582752058,#000000,2.9257094330743016,47.50178582752058,0.008872707961346073,60.697854795734365,4.694831455438717,True,False,True,False,True,0.0,0.0,0.0,0.0,0.0,0,0.7729793707563056,0.8439074031217892,False,False,False,False,0.12796851765946785,0.09995838451332875,False,False,False,False,-281609,-688047.3192874982,False,False,False,False,27114.650769289547,False,False,False,False
2022-11-10 00:00:00+00:00,50.091271666,50.091271666,49.497248035,49.497248035,4307,,,,,,,,,,,,,,,,,,,,,,,,,,46.48440333618238,47.475846708039015,48.4275602752853,,,,,,,,,,,,,,,,,,,,,,,,46.42930231428793,46.32225066584256,46.33979636346556,46.68218488638888,47.422492866367065,47.80429168662267,48.93827347327717,50.3036242938614,,,,46.42930231428793,,,47.475846708039015,47.51182062451091,"rgba(38, 166, 154, 0.5)",2.9249242703771796,47.51182062451091,0.8818864363816356,65.46464739047215,9.19517501893128,True,False,True,False,True,4.549852418998562,0.0,0.0,0.0,0.0,0,0.7854226158746551,0.8356930362410515,False,False,False,False,0.3428282436326991,0.22139331407301394,False,False,False,False,-277302,-671939.6597075964,False,False,False,False,26220.233092062506,False,False,False,False
2022-11-11 00:00:00+00:00,51.5677853393,51.6595658145,50.9513831356,50.9513831356,3745,,,,,,,,,,,,,,,,,,,,,,,,,51.392911429799994,46.50527341203456,47.48357427342729,48.4326309273117,,,,,,,,,,,,,,,,,,,,,,,,46.45406617033271,46.346500179707476,46.36296838245904,46.70123706638801,47.43043808237935,47.810870359939884,48.942191319607176,50.30514773254734,,,,46.45406617033271,,,47.48357427342729,47.84731744466121,"rgba(38, 166, 154, 1.0)",2.9340047876352435,47.84731744466121,1.2680510646464984,69.9937642747589,13.335983457038864,True,False,True,False,True,7.485070499801477,0.0,0.0,0.0,0.0,0,0.8068295317604733,0.8212555946808957,False,False,False,False,0.34282824557716823,0.2821107798250911,False,False,False,False,-273557,-656316.8103072984,False,False,False,False,25338.8514021777,False,False,False,False
2022-11-14 00:00:00+00:00,50.5642432711,51.1307894142,50.5642432711,51.0269226213,2419,,,,,,,,,,,,,,,,,,,,,,,,,51.14182070367372,46.516907528973995,47.487735262928446,48.43519108425424,,,,,,,,,,,,,,,,,,,,,,,,46.46787565572003,46.36007036778625,46.37593363535637,46.711794579757196,47.43472729501146,47.81435017654884,48.944056372337336,50.305552027638164,,,,46.46787565572003,,,47.487735262928446,47.83300122416551,"rgba(38, 166, 154, 0.5)",2.913536920112859,47.83300122416551,0.9374317614031445,70.16426385822501,13.407554454750596,True,False,True,False,True,5.168558390591457,0.0,0.0,0.0,0.0,0,0.7851581506376231,0.8456126512384372,False,False,False,False,0.30286511016129614,0.29248794499319364,False,False,False,False,-275976,-641401.4844128946,False,False,False,False,24440.033700131517,False,False,False,False
2022-11-15 00:00:00+00:00,48.3641557488,51.0363650571,48.3641557488,50.9419406999,8398,,,,,,,,,,,,,,,,,,,,,,,,,50.05361676872923,46.542696174929006,47.49550870626113,48.43831880179902,,,,,,,,,,,,,,,,,,,,,,,,46.498613301509224,46.390691865966296,46.4051515743465,46.73459274506121,47.44284814001914,47.82024088233577,48.94516380540893,50.302270183529934,,,,46.498613301509224,,,47.49550870626113,47.75580941249129,#000000,2.875023652626337,47.75580941249129,0.21159698486410308,65.41761992076373,13.407554454750596,True,False,True,False,False,0.4296366157768112,0.0,0.0,0.0,0.0,0,0.7600700368731915,0.8400158740247815,False,False,False,False,0.20646186999284222,0.24947490749301793,False,False,False,False,-284374,-627400.4065927811,False,False,False,False,23810.934339342046,False,False,False,False
2022-11-16 00:00:00+00:00,50.2526428924,50.4603764782,50.2054307139,50.4603764782,6769,,,,,,,,,,,,,,,,,,,,,,,,,50.133753547742494,46.57105238165147,47.50543884440345,48.444045768335165,,,,,,,,,,,,,,,,,,,,,,,,46.532162347820844,46.42379344137908,46.43680352156889,46.76021493784904,47.45310813813506,47.828407574971486,48.94906092243216,50.30227992729363,,,,46.532162347820844,,,47.50543884440345,47.77834344613189,"rgba(38, 166, 154, 0.5)",2.8617076772801595,47.77834344613189,0.8646234085725147,64.65336575357608,13.407554454750596,True,False,True,False,False,4.100487263891978,0.0,0.0,0.0,0.0,0,0.7665865580391514,0.8338281094450538,False,False,False,False,0.25904578840668024,0.2542603479498491,False,False,False,False,-277605,-613682.939667574,False,False,False,False,23142.623188779613,False,False,False,False
2022-11-17 00:00:00+00:00,49.6577694422,49.9693698209,49.6011148279,49.6011148279,1240,,,,,,,,,,,,,,,,,,,,,,,,,50.11227276672908,46.57542409471634,47.50688592492299,48.44477480779107,,,,,,,,,,,,,,,,,,,,,,,,46.53733624186365,46.4289255155956,46.44171003269245,46.76412939221361,47.45461010428406,47.82955894993007,48.9494770344795,50.30202263185476,,,,46.53733624186365,,,47.50688592492299,47.77892729142277,"rgba(38, 166, 154, 0.5)",2.83740996857487,47.77892729142277,0.6621680235094496,63.016576543178246,20.0915171665916,True,False,True,False,False,2.8683868271979733,0.0,0.0,0.0,0.0,0,0.7632400888374239,0.8381533306499801,False,False,False,False,0.21345425498640633,0.23385730146812772,False,False,False,False,-278845,-600552.0400727672,False,False,False,False,22283.69678921963,False,False,False,False
2022-11-18 00:00:00+00:00,50.2432004567,50.2715277639,50.167660971,50.167660971,551,,,,,,,,,,,,,,,,,,,,,,,,,50.11501776516013,46.577659514497114,47.50766761068471,48.445219374892034,,,,,,,,,,,,,,,,,,,,,,,,46.53997678424059,46.4315337055455,46.44420504484507,46.76614802127531,47.4554181250265,47.83019963192699,48.94977469003759,50.302007399943875,,,,46.53997678424059,,,47.50766761068471,47.78040230567294,"rgba(38, 166, 154, 0.5)",2.8028835246989665,47.78040230567294,0.8786658915095541,62.660972433318825,19.556023093807326,True,False,True,False,False,3.979292064219372,0.0,0.0,0.0,0.0,0,0.748809348492003,0.832689330282175,False,False,False,False,0.2495321928555634,0.24169474716184558,False,False,False,False,-278294,-587914.4698738351,False,False,False,False,21431.434170034547,False,False,False,False
2022-11-21 00:00:00+00:00,50.0354668709,50.0354668709,49.865503028,49.9221576423,5080,,,,,,,,,,,,,,,,,,,,,,,,,50.09048319372955,46.596745647970685,47.51419639782106,48.44873730119564,,,,,,,,,,,,,,,,,,,,,,,,46.562515004279895,46.453848330075694,46.46555233638181,46.78331967465013,47.462179385196805,47.83547937086214,48.95197964466397,50.3013998097903,,,,46.562515004279895,,,47.51419639782106,47.788869674718136,"rgba(38, 166, 154, 0.5)",2.790164275769243,47.788869674718136,0.8051845605264529,61.991326772090154,18.625728467303006,True,False,True,False,False,3.5413119061731884,0.0,0.0,0.0,0.0,0,0.7359558256887706,0.8364232312577428,False,False,False,False,0.2271103013985309,0.23440252428018823,False,False,False,False,-283374,-575971.706349371,False,False,False,False,20790.201457484174,False,False,False,False
2022-11-22 00:00:00+00:00,50.4907811213,50.4907811213,50.4907811213,50.4907811213,254,,,,,,,,,,,,,,,,,,,,,,,,,50.094056277564334,46.59783794282986,47.514589554111026,48.44897148772267,,,,,,,,,,,,,,,,,,,,,,,,46.56380188065021,46.45511767378898,46.46676748967886,46.78431022686445,47.46258507729706,47.83580557153743,48.95214448917843,50.301417609470704,,,,46.56380188065021,,,47.514589554111026,47.78978377339117,"rgba(38, 166, 154, 0.5)",2.7728240851284345,47.78978377339117,0.9740961795575733,62.1754819104587,18.459934705338256,True,False,True,False,False,4.41674175683211,0.0,0.0,0.0,0.0,0,0.7460567010320925,0.8284526707334368,False,False,False,False,0.27237870945761034,0.2533906168688993,False,False,False,False,-283120,-564487.3257082192,False,False,False,False,19984.860223857344,False,False,False,False
2022-11-23 00:00:00+00:00,48.6191015132,50.9608255713,48.6191015132,50.8852860856,562,,,,,,,,,,,,,,,,,,,,,,,,,50.08060801772486,46.59957580843241,47.51514030346032,48.44921266417769,,,,,,,,,,,,,,,,,,,,,,,,46.565855929778266,46.45716481814105,46.4687252145332,46.78585540707307,47.46315903294547,47.83623053966961,48.952250540330446,50.301230123234,,,,46.565855929778266,,,47.51514030346032,47.789584033291696,#000000,2.7382387901786696,47.789584033291696,0.30293832768842577,58.5753100535643,14.742188966984727,True,False,True,False,False,0.5351521968349893,0.0,0.0,0.0,0.0,0,0.7291543275701471,0.8173841289781134,False,False,False,False,0.21384331831382702,0.23361696759136316,False,False,False,False,-283682,-553475.3521510342,False,False,False,False,19223.1794307649,False,False,False,False
2022-11-25 00:00:00+00:00,51.1968864643,51.2535410786,51.1685591571,51.1685591571,598,,,,,,,,,,,,,,,,,,,,,,,,,50.103338335377494,46.602614218559964,47.5162874497085,48.449956696822966,,,,,,,,,,,,,,,,,,,,,,,,46.569429615675666,46.46067548131142,46.47208776144945,46.78863260857792,47.464338798701874,47.83720471567583,48.952818759606885,50.30143031773962,,,,46.569429615675666,,,47.5162874497085,47.7932345632673,"rgba(38, 166, 154, 1.0)",2.7020145526465145,47.7932345632673,1.259671935407958,59.626486289788616,14.742188966984727,True,False,True,False,False,5.321305967742333,0.0,0.0,0.0,0.0,0,0.7404276505947446,0.7858629292955185,False,False,False,False,0.3345055358252852,0.2840612517083242,False,False,False,False,-283084,-542871.7697137388,False,False,False,False,18492.78023740157,False,False,False,False
2022-11-28 00:00:00+00:00,50.5840723862,51.0741347999,50.5642432711,51.0741347999,1185,,,,,,,,,,,,,,,,,,,,,,,,,50.127863902832175,46.60801570302622,47.518272030036464,48.45118108880101,,,,,,,,,,,,,,,,,,,,,,,,46.57578569850507,46.46693601793522,46.47808311768823,46.79354680603551,47.46638387501069,47.83886698702285,48.95371147756751,50.30162281730024,,,,46.57578569850507,,,47.518272030036464,47.79835579348009,"rgba(38, 166, 154, 1.0)",2.6513052173208775,47.79835579348009,1.0506963040395823,59.24196691305089,14.742188966984727,True,False,True,False,False,4.088192710659939,0.0,0.0,0.0,0.0,0,0.7397114666211633,0.7846395065455033,False,False,False,False,0.30042489456597354,0.29224307313714887,False,False,False,False,-284269,-532730.4846269256,False,False,False,False,17814.04375750347,False,False,False,False
2022-11-29 00:00:00+00:00,50.0732366138,50.5831281426,50.0732366138,50.469818914,2272,,,,,,,,,,,,,,,,,,,,,,,,,50.135787122693195,46.61709040434342,47.521483732049504,48.45301555523536,,,,,,,,,,,,,,,,,,,,,,,,46.58646867141379,46.47749664205122,46.48819465043745,46.801751204989536,47.4697029725223,47.84150314582959,48.95494469399109,50.301573784413726,,,,46.58646867141379,,,47.521483732049504,47.80408438166418,"rgba(38, 166, 154, 0.5)",2.5903224216925436,47.80408438166418,0.8760115007818713,58.086432117416535,13.601720426640206,True,False,True,False,False,3.06871964757174,0.0,0.0,0.0,0.0,0,0.7296454487552771,0.7927208816187742,False,False,False,False,0.25864848265370927,0.27544577789542907,False,False,False,False,-286541,-523075.9950337128,False,False,False,False,17204.551845444512,False,False,False,False
2022-11-30 00:00:00+00:00,51.0458074928,51.0646923642,50.2148731496,50.5264735283,17307,,,,,,,,,,,,,,,,,,,,,,,,,50.35541811004183,46.694684082873025,47.5504359186143,48.47098313686351,,,,,,,,,,,,,,,,,,,,,,,,46.677394831778884,46.56713932313598,46.57413624248008,46.872455603576746,47.49952771474398,47.86580179916211,48.96810896993831,50.30458207965456,,,,46.677394831778884,,,47.5504359186143,47.866722317738606,"rgba(38, 166, 154, 1.0)",2.561082465177462,47.866722317738606,1.2413052755179872,58.61486339509977,13.601720426640206,True,False,True,False,False,4.826051976155661,0.0,0.0,0.0,0.0,0,0.7412505640170879,0.780884450785825,False,False,False,False,0.28504926878372894,0.28024752333957903,False,False,False,False,-269234,-513121.4069931751,False,False,False,False,17208.56942013296,False,False,False,False
2022-12-01 00:00:00+00:00,51.7917599145,51.9050691431,51.5934687644,51.5934687644,8831,,,,,,,,,,,,,,,,,,,,,,,,,50.56541584738086,46.74249327194911,47.5694784010935,48.483931145662055,,,,,,,,,,,,,,,,,,,,,,,,46.73311313100283,46.62186232532515,46.62668151483754,46.9164649877421,47.51906888434629,47.882205254692344,48.97838684069576,50.30929562317898,,,,46.73311313100283,,,47.5694784010935,47.912366435658875,"rgba(0, 255, 255, 0.75)",2.5616016652976232,47.912366435658875,1.514440567163822,59.89724624639366,13.601720426640206,True,False,True,False,False,6.1426410895083094,0.0,0.0,0.0,0.0,0,0.7618590419870125,0.7719854347503402,False,False,False,False,0.34282824602168027,0.31153788468062965,False,False,False,False,-260403,-503210.8812287369,False,False,False,False,16880.037286010098,False,False,False,False
2022-12-02 00:00:00+00:00,51.7067779931,51.8868452422,51.5462565858,51.6501233787,43720,,,,,,,,,,,,,,,,,,,,,,,,,51.05297742823283,46.9642549869905,47.66017520242313,48.54560437066085,,,,,,,,,,,,,,,,,,,,,,,,46.98932291047357,46.87416047711494,46.8694996251948,47.12103692698826,47.612119968048724,47.96039886400854,49.027280152312315,50.331400161347474,,,,46.98932291047357,,,47.66017520242313,48.08401925614965,"rgba(38, 166, 154, 1.0)",2.5732375081605134,48.08401925614965,1.4078602248962573,60.57319307109749,13.601720426640206,True,False,True,False,False,5.966050869359329,0.0,0.0,0.0,0.0,0,0.7678150979738901,0.7706509713379117,False,False,False,False,0.34008446719964897,0.3258111759401393,False,False,False,False,-304123,-495403.5133374139,False,False,False,False,17932.584843421468,False,False,False,False
2022-12-05 00:00:00+00:00,51.0835772356,51.3857351786,51.0174801856,51.3857351786,4694,,,,,,,,,,,,,,,,,,,,,,,,,51.05774390541157,46.98426702668415,47.668385565690336,48.550958643969395,,,,,,,,,,,,,,,,,,,,,,,,47.01224549781536,46.89685379345592,46.89138894682262,47.139456691515385,47.62055614082662,47.96739993487648,49.031370231843596,50.332802246746155,,,,47.01224549781536,,,47.668385565690336,48.09611905213813,"rgba(38, 166, 154, 1.0)",2.568985791155401,48.09611905213813,1.1628940081129318,59.68531625065867,13.601720426640206,True,False,True,False,False,4.668631972249031,0.0,0.0,0.0,0.0,0,0.7736968755994765,0.7697030855821203,False,False,False,False,0.2975150619618032,0.31166311895097126,False,False,False,False,-308817,-488086.3951673193,False,False,False,False,17413.424653483373,False,False,False,False
2022-12-06 00:00:00+00:00,50.3565096853,51.0458074928,50.3565096853,51.0458074928,2716,,,,,,,,,,,,,,,,,,,,,,,,,51.046138900380804,46.99417496163884,47.67233834051234,48.55336554436156,,,,,,,,,,,,,,,,,,,,,,,,47.0235691906358,46.90811668384118,46.902258296867004,47.1485230335005,47.62462825078288,47.97070906516966,49.033091888841184,50.33304949867573,,,,47.0235691906358,,,47.67233834051234,48.10083030460063,"rgba(38, 166, 154, 0.5)",2.5601106259075306,48.10083030460063,0.8810866834708584,57.61044184653014,12.044676100405376,True,False,True,False,False,3.17728546141889,0.0,0.0,0.0,0.0,0,0.7702831173896055,0.7697033348236897,False,False,False,False,0.25712568522981827,0.2843944020903948,False,False,False,False,-311533,-481162.73261173815,False,False,False,False,16837.055059229126,False,False,False,False
2022-12-07 00:00:00+00:00,50.6869949355,50.8852860856,50.5831281426,50.668110064,60810,,,,,,,,,,,,,,,,,,,,,,,,,50.929717945878885,47.21023398470391,47.76200902768008,48.60921266803736,,,,,,,,,,,,,,,,,,,,,,,,47.26831416638932,47.15189134136719,47.13807705567929,47.34707252816567,47.71690295722285,48.04630652444523,49.07386276311941,50.34128716470249,,,,47.26831416638932,,,47.76200902768008,48.21624067728265,"rgba(38, 166, 154, 0.5)",2.57782703974918,48.21624067728265,0.9584639388598222,56.80104207811144,11.102760705901474,True,False,True,False,False,3.7955150627186,0.0,0.0,0.0,0.0,0,0.7736139920821458,0.7711591711368725,False,False,False,False,0.25976641523883315,0.27208040866461397,False,False,False,False,-250723,-472125.8803524543,False,False,False,False,18561.48427259269,False,False,False,False
2022-12-08 00:00:00+00:00,50.8286314713,50.8286314713,50.4414916068,50.4414916068,2883,,,,,,,,,,,,,,,,,,,,,,,,,50.925905623482144,47.219804818899746,47.76610309422772,48.61176586602584,,,,,,,,,,,,,,,,,,,,,,,,47.27905588928217,47.16261946544003,47.14848054413926,47.355889174861254,47.72111456119742,48.04976284997614,49.075725154224315,50.34164986129465,,,,47.27905588928217,,,47.76610309422772,48.22148974192089,"rgba(38, 166, 154, 1.0)",2.6033920142583398,48.22148974192089,1.0014403190530785,56.51749890299567,10.63132920426979,True,False,True,False,False,4.062545471025114,0.0,0.0,0.0,0.0,0,0.7644602471509009,0.7946560151238163,False,False,False,False,0.2518546950331571,0.26196755184888554,False,False,False,False,-247840,-463330.35563275026,False,False,False,False,17946.64175209886,False,False,False,False
2022-12-09 00:00:00+00:00,51.5556990216,51.7917599145,51.4140624858,51.5556990216,393711,,,,,,,,,,,,,,,,,,,,,,,,,51.38447163096633,48.409921936696016,48.37707012921112,49.037113678603156,,,,,,,,,,,,,,,,,,,,,,,,48.56926058701342,48.45577124819595,48.41421464251047,48.473970596801145,48.34609097305842,48.584011612350245,49.415473521050615,50.49291915554997,,,,48.56926058701342,,,48.37707012921112,48.996690809333906,"rgba(38, 166, 154, 0.5)",2.6357119769390542,48.996690809333906,0.9708982751741941,57.62415452567992,10.63132920426979,True,False,True,False,False,5.429184610185576,0.0,0.0,0.0,0.0,0,0.7958682933303021,0.7845375464946793,False,False,False,False,0.33059238659484974,0.2962799692218676,False,False,False,False,145871,-439440.1063922502,False,False,False,False,32682.498938291064,False,False,False,False
2022-12-12 00:00:00+00:00,51.0741347999,51.3810139608,51.0741347999,51.3479654358,23174,,,,,,,,,,,,,,,,,,,,,,,,,51.37631280294044,48.45359505905159,48.40317047936395,49.054964437598876,,,,,,,,,,,,,,,,,,,,,,,,48.61442272419876,48.50178308105195,48.45981193348793,48.515359195653545,48.37276839371101,48.6068540557203,49.42938457998732,50.49777061758228,,,,48.61442272419876,,,48.40317047936395,49.023849780028996,"rgba(38, 166, 154, 0.5)",2.6727128356017245,49.023849780028996,0.7671175865062254,57.15704911988944,10.63132920426979,True,False,True,False,False,4.395407266455109,0.0,0.0,0.0,0.0,0,0.7857388544953688,0.7887092637396075,False,False,False,False,0.29963562735332583,0.2979577982875967,False,False,False,False,122697,-417395.51398471097,False,False,False,False,32309.61662698553,False,False,False,False
2022-12-13 00:00:00+00:00,52.2733241361,52.3866333648,51.9994935003,52.3205363147,11407,,,,,,,,,,,,,,,,,,,,,,,,,51.392287295790524,48.48263510599349,48.42060667406813,49.06791014929489,,,,,,,,,,,,,,,,,,,,,,,,48.644904582241644,48.53247889852988,48.49011775732585,48.54307677351683,48.390534552785795,48.6224564851076,49.44019315807032,50.50376616963931,,,,48.644904582241644,,,48.42060667406813,49.04424730019702,"rgba(38, 166, 154, 1.0)",2.728769645258725,49.04424730019702,1.1833453371608504,58.91741871124222,10.63132920426979,True,False,True,False,True,6.628446039323066,0.0,0.0,0.0,0.0,0,0.7887627631199118,0.7842328206167979,False,False,False,False,0.3428282464236209,0.32039302235560885,False,False,False,False,134104,-395768.0820637419,False,False,False,False,31489.906171025315,False,False,False,False
2022-12-14 00:00:00+00:00,52.311093879,52.6982337435,52.1505724718,52.4621728505,40789,,,,,,,,,,,,,,,,,,,,,,,,52.386633364766666,51.455352815654734,48.587386669948245,48.48435367830935,49.11575209615912,,,,,,,,,,,,,,,,,,,,,,,,48.754703421896934,48.64299643503053,48.59927332032985,48.64323088087812,48.45545187299597,48.67969854901775,49.480445610026024,50.526918900256746,,,,48.754703421896934,,,48.48435367830935,49.37016904732847,"rgba(38, 166, 154, 1.0)",2.7847266536541686,49.37016904732847,1.056091027035776,60.15228418089792,10.63132920426979,True,False,True,False,True,6.697872933166167,0.0,0.0,0.0,0.0,0,0.7850886803109803,0.7811366117113697,False,False,False,False,0.34282824661825145,0.3316106344869302,False,False,False,False,174893,-373389.21610045794,False,False,False,False,31854.576517259615,False,False,False,False
2022-12-15 00:00:00+00:00,51.2252137714,51.7634326074,51.0646923642,51.5651414573,9803,,,,,,,,,,,,,,,,,,,,,,,,52.185984903041536,51.45378774354361,48.60509470033421,48.49538523707227,49.12346999943318,,,,,,,,,,,,,,,,,,,,,,,,48.77288629377856,48.6615318647947,48.6176765634717,48.66008359519347,48.46671335973218,48.689426426802505,49.486567473284445,50.52934744641268,,,,48.77288629377856,,,48.49538523707227,49.36522735437655,"rgba(38, 166, 154, 0.5)",2.81926084784851,49.36522735437655,0.6597425770101689,58.17742127358311,10.63132920426979,False,False,True,False,False,4.334532291826434,0.0,0.0,0.0,0.0,0,0.7780813306330749,0.7918874947838409,False,False,False,False,0.26589519114270027,0.2987529128148152,False,False,False,False,165090,-352272.38409651845,False,False,False,False,30989.808810700415,False,False,False,False
2022-12-16 00:00:00+00:00,50.5075886568,50.7719768569,50.3942794282,50.6869949355,13561,,,,,,,,,,,,,,,,,,,,,,,,51.841841929455825,51.435559894647405,48.62225185259291,48.50630667646515,49.130288816653035,,,,,,,,,,,,,,,,,,,,,,,,48.790013567368604,48.67931912666437,48.63546210915288,48.67628359736587,48.47790395827736,48.69879180915205,49.49139585950511,50.529463554421405,,,,48.790013567368604,,,48.50630667646515,49.34729867320938,#000000,2.8406591115476147,49.34729867320938,0.4084580155619191,55.255815170252156,9.084572111336861,False,False,True,False,False,2.8165139419970124,0.0,0.0,0.0,0.0,0,0.7740188023574001,0.8026286840116345,False,False,False,False,0.2048872238697793,0.25182006834229725,False,False,False,False,151529,-332515.4670731256,False,False,False,False,30306.326112241575,False,False,False,False
2022-12-19 00:00:00+00:00,50.6492251926,50.7814192927,50.5642432711,50.7119229658,4478,,,,,,,,,,,,,,,,,,,,,,,,51.76505351456484,51.430416890325944,48.62816088860931,48.51007449289655,49.13269396762416,,,,,,,,,,,,,,,,,,,,,,,,48.79593522042174,48.68545005182047,48.6415866507326,48.68187324554625,48.48176173024253,48.7020406073388,49.493139722919295,50.52964495127076,,,,48.79593522042174,,,48.51007449289655,49.34444861033178,#000000,2.8646016265892995,49.34444861033178,0.4554827345475375,53.6269982559294,7.595016480472459,False,False,False,False,False,3.0936122151351277,0.0,0.0,0.0,0.0,0,0.7888419917926651,0.7971865784150652,False,False,False,False,0.21139378182729365,0.23160692508479547,False,False,False,False,156007,-313357.72326633637,False,False,False,False,29293.450578428183,False,False,False,False
2022-12-20 00:00:00+00:00,51.1780015928,51.1780015928,50.5075886568,50.668110064,17156,,,,,,,,,,,,,,,,,,,,,,,,51.60296216179807,51.41855211672864,48.6536605148546,48.52631224857607,49.143567429647064,,,,,,,,,,,,,,,,,,,,,,,,48.821741967409395,48.71197773884386,48.66802225076438,48.70608543371061,48.49836014382307,48.7162101460395,49.501412239033385,50.531813033792695,,,,48.821741967409395,,,48.52631224857607,49.34620595577087,"rgba(38, 166, 154, 0.5)",2.8963111538789184,49.34620595577087,0.6324581647851881,53.7334428802942,7.595016480472459,False,False,False,False,False,4.130016008505333,0.0,0.0,0.0,0.0,0,0.7918596948971374,0.779920794220147,False,False,False,False,0.2237710111934172,0.22768896813910633,False,False,False,False,173163,-294278.4792166761,False,False,False,False,28817.472124372176,False,False,False,False
2022-12-21 00:00:00+00:00,51.2440986429,51.5556990216,51.1024621071,51.1024621071,5623,,,,,,,,,,,,,,,,,,,,,,,,51.58437206585063,51.41759731117274,48.663136379237706,48.53233960376514,49.14777905063289,,,,,,,,,,,,,,,,,,,,,,,,48.83141792895573,48.72185951390877,48.67784784300019,48.7151140261617,48.50451205040308,48.721527972521066,49.50474444421263,50.533096908442076,,,,48.83141792895573,,,48.53233960376514,49.350411161404956,"rgba(38, 166, 154, 0.5)",2.926970365182865,49.350411161404956,0.6469786998942618,53.955041775781055,7.595016480472459,False,False,False,False,False,4.2600659346368595,0.0,0.0,0.0,0.0,0,0.8137035792745348,0.773740673612259,False,False,False,False,0.2595735476842999,0.24363125791170312,False,False,False,False,178786,-275726.93101210054,False,False,False,False,27907.884982239935,False,False,False,False
2022-12-22 00:00:00+00:00,51.5556990216,51.5556990216,50.8607357527,51.3479654358,5670,,,,,,,,,,,,,,,,,,,,,,,,51.56916752589264,51.41683889062717,48.6727067711497,48.53844178998645,49.1520550185253,,,,,,,,,,,,,,,,,,,,,,,,48.84118989411999,48.7318370960018,48.68776890240014,48.7242361216534,48.510739532367744,48.726916359171305,49.50813544077067,50.53442632844174,,,,48.84118989411999,,,48.53844178998645,49.354958436239095,"rgba(38, 166, 154, 0.5)",2.9626848440268674,49.354958436239095,0.7428196724325453,54.838809960087254,7.595016480472459,False,False,True,False,False,4.879058365406145,0.0,0.0,0.0,0.0,0,0.8099512598587024,0.7655939594847142,False,False,False,False,0.25061746401211743,0.24712436096191026,False,False,False,False,184456,-257680.5415606456,False,False,False,False,27035.81106136778,False,False,False,False
2022-12-23 00:00:00+00:00,51.2249304984,51.3668016131,50.9979367148,51.0168528634,11482,,,,,,,,,,,,,,,,,,,,,,,,51.52975850268217,51.41328096731483,48.6909560659973,48.55015581052478,49.160157533685165,,,,,,,,,,,,,,,,,,,,,,,,48.85974158208859,48.75082731340242,48.7066727165252,48.74161841518414,48.52269889647651,48.737227726865626,49.514484392534555,50.53667236318538,,,,48.85974158208859,,,48.55015581052478,49.362634791266665,"rgba(38, 166, 154, 0.5)",2.991547451823801,49.362634791266665,0.622519193535768,54.418235673504924,7.595016480472459,False,False,True,False,False,4.129065988892979,0.0,0.0,0.0,0.0,0,0.8220661062860078,0.7726551576150323,False,False,False,False,0.24305046146298967,0.24508741121244998,False,False,False,False,172974,-240792.1281661105,False,False,False,False,26425.857686412186,False,False,False,False
2022-12-27 00:00:00+00:00,51.8491634032,51.8491634032,51.5559630994,51.5559630994,1865,,,,,,,,,,,,,,,,,,,,,,,,51.53350230885219,51.41416577297317,48.69454630068498,48.55244565350775,49.161824502085146,,,,,,,,,,,,,,,,,,,,,,,,48.863436310225495,48.754577812833716,48.71039464772771,48.74505167990097,48.52503241302521,48.73927050824549,49.515849833287014,50.53734129975504,,,,48.863436310225495,,,48.55244565350775,49.3651876187003,"rgba(38, 166, 154, 0.5)",3.0265957808169763,49.3651876187003,0.8207160666262475,55.685055558166724,7.595016480472459,False,False,True,False,True,5.387719470960192,0.0,0.0,0.0,0.0,0,0.8050582136659202,0.7653277680669436,False,False,False,False,0.2798813160457482,0.2624843636290991,False,False,False,False,174839,-224492.86823802773,False,False,False,False,25462.686796748963,False,False,False,False
2022-12-28 00:00:00+00:00,51.5748792481,51.7167503628,51.395175836,51.5654211737,3788,,,,,,,,,,,,,,,,,,,,,,,,51.53445635398654,51.4149487191869,48.70136291645457,48.556812062408255,49.16495684945988,,,,,,,,,,,,,,,,,,,,,,,,48.870422050123615,48.76168765337398,48.71745782600181,48.7515636793539,48.52948437700041,48.74315106287191,49.51838382365963,50.538486374882424,,,,48.870422050123615,,,48.556812062408255,49.36947490375106,"rgba(38, 166, 154, 0.5)",3.051916050630772,49.36947490375106,0.7226294261577478,55.63500480037207,7.595016480472459,False,False,True,False,True,4.752664654454087,0.0,0.0,0.0,0.0,0,0.7932977588293557,0.7713667747278291,False,False,False,False,0.2673715670789739,0.2649279653540365,False,False,False,False,171051,-208981.3439933992,False,False,False,False,24612.6990792294,False,False,False,False
2022-12-29 00:00:00+00:00,52.1470927442,52.2322154131,51.9153699235,51.991034518,2196,,,,,,,,,,,,,,,,,,,,,,,,51.545091415980615,51.417036377075405,48.706037404978524,48.559787956260315,49.16717414822234,,,,,,,,,,,,,,,,,,,,,,,,48.87525836808706,48.766578589648184,48.72230495423384,48.75604232567835,48.532514370374855,48.74582260406924,49.52023443124658,50.53949593980771,,,,48.87525836808706,,,48.559787956260315,49.37333683735869,"rgba(38, 166, 154, 0.5)",3.0930315731722455,49.37333683735869,0.8967758140265332,57.01959300442064,7.595016480472459,False,False,True,False,True,5.914487181113778,0.0,0.0,0.0,0.0,0,0.8233932015572619,0.7650469408475451,False,False,False,False,0.31091577930229036,0.28792187232816346,False,False,False,False,173247,-193991.99717012866,False,False,False,False,23733.61284082825,False,False,False,False
2022-12-30 00:00:00+00:00,51.9059118491,51.9059118491,51.4188210218,51.7830514638,5633,,,,,,,,,,,,,,,,,,,,,,,,51.554251286926345,51.41957546804253,48.71672182574982,48.56663579307347,49.17216009168077,,,,,,,,,,,,,,,,,,,,,,,,48.88624013400296,48.7777304612361,48.73337547248713,48.766262605526464,48.53949242007739,48.751933048414806,49.524317916472945,50.54149172796703,,,,48.88624013400296,,,48.56663579307347,49.38078371166598,"rgba(38, 166, 154, 0.5)",3.129075415134509,49.38078371166598,0.8069885836629721,57.09621936715244,7.595016480472459,False,False,True,False,True,5.342986647842739,0.0,0.0,0.0,0.0,0,0.8040774995085108,0.7757314361390549,False,False,False,False,0.27310448646385294,0.28051317939600817,False,False,False,False,167614,-179811.3698301236,False,False,False,False,23023.78488628597,False,False,False,False
2023-01-03 00:00:00+00:00,52.2180283016,52.3882736393,52.0099506666,52.0761571868,4876,,,,,,,,,,,,,,,,,,,,,,,,51.579267727437454,51.42482988962667,48.7273119208082,48.573397948820144,49.1772328565155,,,,,,,,,,,,,,,,,,,,,,,,48.8972040730679,48.78880925524942,48.74435328631132,48.77641680142633,48.54637546368107,48.75801575347057,49.528573677257825,50.54387571732283,,,,48.8972040730679,,,48.573397948820144,49.38966649007655,"rgba(38, 166, 154, 0.5)",3.1692934569941427,49.38966649007655,0.8924266086126204,57.959735124416284,4.930594073993319,False,False,True,False,True,5.986668155782876,0.0,0.0,0.0,0.0,0,0.8143548601491837,0.7725136760852659,False,False,False,False,0.3211240300086936,0.3008186047023509,False,False,False,False,172490,-165995.62983678543,False,False,False,False,22312.10704760809,False,False,False,False
2023-01-04 00:00:00+00:00,53.9393978272,53.9393978272,53.2962487737,53.4800191576,24094,,,,,,,,,,,,,,,,,,,,,,,,51.92161764328633,51.498396480350934,48.80116804364771,48.62027368421442,49.21450686660771,,,,,,,,,,,,,,,,,,,,,,,,48.974739492129444,48.86640687239061,48.82097121630309,48.847575965672405,48.593979865557316,48.80087209451565,49.56123227291441,50.566238939321146,,,,48.974739492129444,,,48.62027368421442,49.46830611053162,"rgba(38, 166, 154, 1.0)",3.24398410480557,49.46830611053162,1.3782717708280363,61.98874930719079,8.789246619082064,True,False,True,False,True,9.398228985949046,0.0,0.0,0.0,0.0,0,0.8236907584477177,0.7730126953901352,False,False,False,False,0.3428282459252775,0.3218234253138142,False,False,False,False,196584,-151776.82082357816,False,False,False,False,22381.98520260385,False,False,False,False
2023-01-05 00:00:00+00:00,52.8138869835,53.0692549901,52.8138869835,52.9084677267,6317,,,,,,,,,,,,,,,,,,,,,,,,51.96086092859794,51.51004341233158,48.816983938834085,48.63045695182037,49.22240737624485,,,,,,,,,,,,,,,,,,,,,,,,48.9911940393716,48.88295909396306,48.83735252577967,48.86279282836925,48.60433043272433,48.81012180589126,49.568028853502675,50.570530606367186,,,,48.9911940393716,,,48.63045695182037,49.482158676445984,"rgba(38, 166, 154, 1.0)",3.2905792645086773,49.482158676445984,1.012505106012537,61.03233558046432,8.789246619082064,False,False,True,False,True,6.703528895132379,0.0,0.0,0.0,0.0,0,0.8044222966395758,0.7839954790269648,False,False,False,False,0.2864214868606499,0.30412245608723204,False,False,False,False,190267,-138363.33765402608,False,False,False,False,21751.985782893895,False,False,False,False
2023-01-06 00:00:00+00:00,53.9393978272,53.9441268644,52.8138869835,52.9935903955,97548,,,,,,,,,,,,,,,,,,,,,,,,52.575109164681265,51.74398432873014,49.084093765943145,48.80541020876128,49.361615903128204,,,,,,,,,,,,,,,,,,,,,,,,49.26938387795072,49.162083659027346,49.11352904956302,49.12061154249717,48.781943130372184,48.97029247564774,49.68990345505686,50.65327372619106,,,,49.26938387795072,,,48.80541020876128,49.71778725288846,"rgba(38, 166, 154, 1.0)",3.35629979985943,49.71778725288846,1.2578168894472255,62.390594526544405,8.984890730829505,True,False,True,False,True,8.858421271384227,0.0,0.0,0.0,0.0,0,0.8024623210196736,0.7697535378170376,False,False,False,False,0.3226844973524353,0.3134034767198337,False,False,False,False,287815,-121650.46166759368,False,False,False,False,24724.37849729021,False,False,False,False
2023-01-09 00:00:00+00:00,54.7149599212,54.8946633332,54.260972354,54.620379178,26180,,,,,,,,,,,,,,,,,,,,,,,,52.76591503252852,51.829322606623116,49.16647231309627,48.8602412053974,49.40649166300461,,,,,,,,,,,,,,,,,,,,,,,,49.355364004308164,49.24807504438464,49.19856762670192,49.2003999648662,48.83753265764247,49.02093447745037,49.72994158043229,50.68249219936474,,,,49.355364004308164,,,48.8602412053974,49.79244233660006,"rgba(38, 166, 154, 1.0)",3.4292026295295823,49.79244233660006,1.4354700250755401,64.45832706297017,10.907506532472517,True,False,True,False,True,10.293953675262369,0.0,0.0,0.0,0.0,0,0.8255177152868778,0.7662564395203337,False,False,False,False,0.34282824676694107,0.32811586174338736,False,False,False,False,313995,-104566.32591592334,False,False,False,False,24781.46169347491,False,False,False,False
2023-01-10 00:00:00+00:00,54.7433341441,54.7433341441,53.9204816786,54.0339785704,16190,,,,,,,,,,,,,,,,,,,,,,,,52.858678187136924,51.87683080362682,49.214793422484156,48.892740015127664,49.43305182241737,,,,,,,,,,,,,,,,,,,,,,,,49.40564771817772,49.29842135827292,49.248394814799646,49.24722158698506,48.87047969319614,49.05094943648529,49.75360660935072,50.69964711303329,,,,49.40564771817772,,,48.892740015127664,49.83465096777643,"rgba(38, 166, 154, 1.0)",3.493838504292044,49.83465096777643,1.4049542273615219,65.87874558018825,12.207415233281559,True,False,True,False,True,10.34633939175983,0.0,0.0,0.0,0.0,0,0.8226188868611489,0.7646864350615881,False,False,False,False,0.32413378228700707,0.3261248220151972,False,False,False,False,330185,-87517.25431137733,False,False,False,False,24444.541627064133,False,False,False,False
2023-01-11 00:00:00+00:00,54.7527922184,54.7527922184,53.9393978272,54.2420562053,11139,,,,,,,,,,,,,,,,,,,,,,,,52.91730045136158,51.90869064197852,49.24760953866762,48.91493200452118,49.45120977651473,,,,,,,,,,,,,,,,,,,,,,,,49.439758140674144,49.332583479920785,49.28221472458601,49.2790319991867,48.89297541501517,49.07145654648896,49.76979496225015,50.711399194218615,,,,49.439758140674144,,,48.91493200452118,49.86299668272186,"rgba(38, 166, 154, 1.0)",3.538463127114192,49.86299668272186,1.3818981179170966,66.84098161610144,13.107758958887565,True,False,True,False,True,10.364138335746297,0.0,0.0,0.0,0.0,0,0.8283936102620514,0.7671182962563112,False,False,False,False,0.3252062665758818,0.3256655442955395,False,False,False,False,341324,-70699.95022073509,False,False,False,False,23922.755680904756,False,False,False,False
2023-01-12 00:00:00+00:00,54.3082627255,54.5730888064,54.0623527933,54.263904357,20068,,,,,,,,,,,,,,,,,,,,,,,,53.00267069072833,51.96056223919048,49.30385560763146,48.95328461646629,49.48251986769589,,,,,,,,,,,,,,,,,,,,,,,,49.49806957055234,49.39104597547628,49.34013111179441,49.333566794132906,48.9318535024836,49.10688483680112,49.79765743216565,50.73145821408993,,,,49.49806957055234,,,48.95328461646629,49.91027388147759,"rgba(38, 166, 154, 1.0)",3.553403282099108,49.91027388147759,1.2376835655491307,65.86711632375003,13.107758958887565,True,False,True,False,True,9.25176161773031,0.0,0.0,0.0,0.0,0,0.8333230847090907,0.7682425810970365,False,False,False,False,0.3230620181020207,0.32436378119878007,False,False,False,False,321256,-55329.12864345135,False,False,False,False,23771.588791457514,False,False,False,False
2023-01-13 00:00:00+00:00,54.9324956304,54.9324956304,54.1120076835,54.2231400567,10744,,,,,,,,,,,,,,,,,,,,,,,,53.055134129165836,51.99135481583873,49.335493278744714,48.97489955862456,49.50030062117722,,,,,,,,,,,,,,,,,,,,,,,,49.5309103523206,49.42393559683071,49.372703062212025,49.36426648168869,48.95375702836846,49.126897881441224,49.813561286271124,50.7431294080371,,,,49.5309103523206,,,48.97489955862456,49.937411038517,"rgba(38, 166, 154, 1.0)",3.5697388575786837,49.937411038517,1.3992857156142544,66.39856016943799,13.107758958887565,True,False,True,False,True,10.456925426048816,0.0,0.0,0.0,0.0,0,0.8320070714584611,0.770623235276088,False,False,False,False,0.33858421986035425,0.33147400052956716,False,False,False,False,332000,-40139.751049590515,False,False,False,False,23260.702956498397,False,False,False,False
2023-01-17 00:00:00+00:00,55.0365344479,55.0932828938,54.9230375561,54.9230375561,8104,,,,,,,,,,,,,,,,,,,,,,,,53.10092678261785,52.01718049454486,49.360701752655814,48.992117079246,49.514558447093286,,,,,,,,,,,,,,,,,,,,,,,,49.55711940164855,49.45015409389691,49.3986576378857,49.38874212805672,48.97119947584996,49.14287054641155,49.82637135058416,50.75268900931386,,,,49.55711940164855,,,48.992117079246,49.959483707677315,"rgba(38, 166, 154, 1.0)",3.6071626156781984,49.959483707677315,1.407491505416406,66.94461417660439,13.326036254560819,True,False,True,False,True,10.657503078682733,0.0,0.0,0.0,0.0,0,0.8589539462000292,0.761989512835122,False,False,False,False,0.34282824709237336,0.33715112381097023,False,False,False,False,340104,-25228.23140058697,False,False,False,False,22666.32244840042,False,False,False,False
2023-01-18 00:00:00+00:00,55.2729863058,55.9539676566,55.2162378599,55.9539676566,12305,,,,,,,,,,,,,,,,,,,,,,,,53.18236964898387,52.06149023044777,49.401654154096114,49.02006952304144,49.537878353067555,,,,,,,,,,,,,,,,,,,,,,,,49.59977676382689,49.49277229304417,49.44082657931657,49.428529714597,48.99950815564122,49.16885851190693,49.847427563431715,50.76869112528445,,,,49.59977676382689,,,49.02006952304144,49.99614250897582,"rgba(38, 166, 154, 1.0)",3.624549030806096,49.99614250897582,1.4558621643616219,67.75963651123769,14.235663335155564,True,False,True,False,True,11.117900964117613,0.0,0.0,0.0,0.0,0,0.8747087828946353,0.715938689424582,False,False,False,False,0.3428282461779971,0.3399896849944837,False,False,False,False,352409,-10418.92820840709,False,False,False,False,22259.996077874915,False,False,False,False
2023-01-19 00:00:00+00:00,54.9703279277,54.9892440763,54.7149599212,54.9041214075,16644,,,,,,,,,,,,,,,,,,,,,,,,53.2579755383278,52.10962416723308,49.450895098905406,49.05408238763337,49.56603244021707,,,,,,,,,,,,,,,,,,,,,,,,49.650821096983,49.543887385465865,49.491466228960235,49.4763652862254,49.03396215573626,49.2004215116199,49.87270585127927,50.787477908002025,,,,49.650821096983,,,49.05408238763337,50.03813208127606,"rgba(38, 166, 154, 1.0)",3.6287683399692767,50.03813208127606,1.3591928126405821,67.0020118525675,14.235663335155564,True,False,True,False,True,10.32050738684416,0.0,0.0,0.0,0.0,0,0.8623242905338523,0.7476293807918492,False,False,False,False,0.2804011659737019,0.3101954254840928,False,False,False,False,335765,3156.9121134912293,False,False,False,False,22039.760937566094,False,False,False,False
2023-01-20 00:00:00+00:00,55.0649086709,55.0649086709,54.828456813,54.8662891102,3413,,,,,,,,,,,,,,,,,,,,,,,,53.27351040156144,52.11962158331591,49.46105709315526,49.06112061501738,49.57187102271442,,,,,,,,,,,,,,,,,,,,,,,,49.66135347302907,49.55443290322518,49.50191414672435,49.4862405970099,49.04109080441139,49.20695766521523,49.87795521265244,50.791397464663184,,,,49.66135347302907,,,49.06112061501738,50.04680946020732,"rgba(38, 166, 154, 1.0)",3.6387022804973137,50.04680946020732,1.3790903525107423,66.71514392352384,14.235663335155564,True,False,True,False,True,10.510917251133439,0.0,0.0,0.0,0.0,0,0.8534979444931121,0.750867524848788,False,False,False,False,0.2852217492592775,0.29770858737168515,False,False,False,False,339178,16334.209677668043,False,False,False,False,21309.299724328208,False,False,False,False
2023-01-23 00:00:00+00:00,55.4716058665,55.4716058665,55.0545047891,55.0545047891,3329,,,,,,,,,,,,,,,,,,,,,,,,53.29140780659429,52.130476840147445,49.471552435505174,49.06837006004632,49.577917468847716,,,,,,,,,,,,,,,,,,,,,,,,49.672252516771124,49.56533320556659,49.51270813696759,49.496443485239844,49.04843185540095,49.213700111255726,49.88341159814489,50.795528714861646,,,,49.672252516771124,,,49.06837006004632,50.05596417194996,"rgba(38, 166, 154, 1.0)",3.6800035977002694,50.05596417194996,1.4716403260949027,67.45311102732629,14.298104741019202,True,False,True,False,True,11.333306668777226,0.0,0.0,0.0,0.0,0,0.8558881179126443,0.74617166147872,False,False,False,False,0.3132238350071079,0.30546621118939654,False,False,False,False,342507,29125.29949423008,False,False,False,False,20604.189931217297,False,False,False,False
2023-01-24 00:00:00+00:00,55.6134769812,55.6891415758,55.1689474883,55.5567285353,13159,,,,,,,,,,,,,,,,,,,,,,,,53.36445552003333,52.17475898346248,49.5137823169512,49.09758106334717,49.60234697266648,,,,,,,,,,,,,,,,,,,,,,,,49.71611853535998,49.60918984386042,49.55613410156213,49.537509783104234,49.07800808025714,49.24089149138623,49.905495465031265,50.81235152038757,,,,49.71611853535998,,,49.09758106334717,50.092971052108425,"rgba(38, 166, 154, 1.0)",3.7144626822626057,50.092971052108425,1.4862192465826172,68.26227074000822,15.216061675690582,True,False,True,False,True,11.621002392893995,0.0,0.0,0.0,0.0,0,0.8592669727350105,0.7463277407013247,False,False,False,False,0.32331099264660274,0.31438860191799967,False,False,False,False,355666,41930.81716112302,False,False,False,False,20312.22169862054,False,False,False,False
2023-01-25 00:00:00+00:00,56.0693561633,56.0693561633,55.6607673528,55.6607673528,11671,,,,,,,,,,,,,,,,,,,,,,,,53.43796584612528,52.21818248847982,49.55348151019859,49.12504595524839,49.625461865765345,,,,,,,,,,,,,,,,,,,,,,,,49.75741462606146,49.650434379032035,49.59695863503681,49.57613776593267,49.10580862913735,49.2665059122856,49.926477897529345,50.82857369871802,,,,49.75741462606146,,,49.12504595524839,50.12834224688852,"rgba(0, 255, 255, 0.75)",3.741322104032103,50.12834224688852,1.5879450502293615,69.78235390799298,16.769641791178117,True,False,True,False,True,12.54635784264945,0.0,0.0,0.0,0.0,0,0.8627542510656524,0.7412593591736362,False,False,False,False,0.3428282424010959,0.3286084221595478,False,False,False,False,367337,54691.8439391182,False,False,False,False,19973.350259458948,False,False,False,False
2023-01-26 00:00:00+00:00,56.1525872173,56.1525872173,55.8026384676,55.8499288391,2425,,,,,,,,,,,,,,,,,,,,,,,,53.453322534938835,52.22732556142254,49.561800571486415,49.130810671560575,49.630321426311845,,,,,,,,,,,,,,,,,,,,,,,,49.76606803776749,49.65907584228241,49.60551218582594,49.584234230151,49.11164328826022,49.27188516357728,49.930893594309815,50.83199906077301,,,,49.76606803776749,,,49.130810671560575,50.13576093605134,"rgba(0, 255, 255, 0.75)",3.740944552310217,50.13576093605134,1.6083708798979595,70.97002985733299,17.965292961528235,True,False,True,False,True,12.715772453203599,0.0,0.0,0.0,0.0,0,0.847719991962635,0.7487773027229668,False,False,False,False,0.3428282426165088,0.3357183323880283,False,False,False,False,369762,67047.53633366257,False,False,False,False,19285.179661048795,False,False,False,False
2023-01-27 00:00:00+00:00,56.0201741768,56.3111991236,56.0201741768,56.0958387714,14484,,,,,,,,,,,,,,,,,,,,,,,,53.544163738195145,52.282181838356976,49.61166528645506,49.165445572971336,49.65955999849833,,,,,,,,,,,,,,,,,,,,,,,,49.817923690034064,49.710857730272444,49.65677074579347,49.63277685824332,49.14669539055347,49.30422086875324,49.95748446947227,50.85268248574414,,,,49.817923690034064,,,49.165445572971336,50.18018682102641,"rgba(0, 255, 255, 0.75)",3.7252634707962087,50.18018682102641,1.5676709584585151,70.96549671365464,18.049385317572742,True,False,True,False,True,12.33119679585997,0.0,0.0,0.0,0.0,0,0.8707700855036238,0.7381709266303111,False,False,False,False,0.3428282429597284,0.3392732876738783,False,False,False,False,355278,78350.69177155817,False,False,False,False,19096.89810571355,False,False,False,False
2023-01-30 00:00:00+00:00,55.8009360142,55.8593869135,55.7930858125,55.8593869135,1009,,,,,,,,,,,,,,,,,,,,,,,,53.54955220477658,52.285651879438575,49.614952207865734,49.16774220025924,49.661493055608425,,,,,,,,,,,,,,,,,,,,,,,,49.82133439670028,49.71426696438377,49.66014744233916,49.63597673687145,49.14901984876405,49.30636360968854,49.95923873882055,50.85403573078401,,,,49.82133439670028,,,49.16774220025924,50.183059616638495,"rgba(0, 255, 255, 0.75)",3.6875196928325464,50.183059616638495,1.5234837683663092,69.63796443926189,18.049385317572742,True,False,True,False,False,11.689059771333902,0.0,0.0,0.0,0.0,0,0.9185576178922341,0.7265092158446542,False,False,False,False,0.30391019704225014,0.3215917423580642,False,False,False,False,354269,89171.01758443823,False,False,False,False,18387.568768234585,False,False,False,False
2023-01-31 00:00:00+00:00,56.1620452916,56.1620452916,55.5094381637,55.5094381637,2346,,,,,,,,,,,,,,,,,,,,,,,,53.56267697557814,52.2939821931189,49.622736939264094,49.173177530092026,49.66607527696382,,,,,,,,,,,,,,,,,,,,,,,,49.82941682298936,49.722343242427705,49.66814548154099,49.64355614135614,49.15452069755554,49.311437036123216,49.96340161547506,50.857259519602394,,,,49.82941682298936,,,49.173177530092026,50.189902267083646,"rgba(0, 255, 255, 0.75)",3.6458926458053615,50.189902267083646,1.6380468666260293,69.76673395115247,18.049385317572742,True,False,True,False,False,12.461917013319699,0.0,0.0,0.0,0.0,0,0.9075940546044552,0.7420250662807327,False,False,False,False,0.30498742909778387,0.31328958572792404,False,False,False,False,356615,99659.01689485242,False,False,False,False,17758.487640068524,False,False,False,False
2023-02-01 00:00:00+00:00,56.9376073855,57.0794785003,56.502535967,56.502535967,4745,,,,,,,,,,,,,,,,,,,,,,,,53.59860368107739,52.31481979927721,49.64064565513567,49.18559450626323,49.67664162979521,,,,,,,,,,,,,,,,,,,,,,,,49.848083271409045,49.74095582678217,49.68655904648725,49.66100114976607,49.16708303685315,49.32305678560676,49.97306152654978,50.86491287116357,,,,49.848083271409045,,,49.18559450626323,50.2062322143205,"rgba(0, 255, 255, 0.75)",3.619151242274315,50.2062322143205,1.8599319897306723,71.63840004232998,18.830941924785506,True,False,True,False,True,14.091404227989127,0.0,0.0,0.0,0.0,0,0.9372359083795138,0.7225988971087186,False,False,False,False,0.3428282438361484,0.3280589147820362,False,False,False,False,361360,109921.80054603469,False,False,False,False,17248.15479143839,False,False,False,False
2023-02-02 00:00:00+00:00,57.0889365746,57.3159303582,56.9754396828,57.1173107976,6399,,,,,,,,,,,,,,,,,,,,,,,57.12676887186665,53.65000402908371,52.34438285054507,49.66561352384916,49.20290146165136,49.691410718888946,,,,,,,,,,,,,,,,,,,,,,,,49.87412606322819,49.766910923706675,49.712231889714666,49.685328440834176,49.18459045952934,49.33926615256247,49.986588247162686,50.875697147916675,,,,49.87412606322819,,,49.20290146165136,50.721844341467126,"rgba(0, 255, 255, 0.75)",3.5903210834617862,50.721844341467126,1.7734046858543706,73.18934023496084,20.320330029853565,True,False,True,False,True,14.405757372541895,0.0,0.0,0.0,0.0,0,0.9471643335015743,0.7246704499584712,False,False,False,False,0.34282824434625786,0.33544357956414705,False,False,False,False,367759,120033.06326971961,False,False,False,False,16822.697740793745,False,True,False,False
2023-02-03 00:00:00+00:00,56.6254909331,56.8524847167,56.322832555,56.322832555,3996,,,,,,,,,,,,,,,,,,,,,,,56.9243742703096,53.67660260550487,52.36064839626769,49.68002668350582,49.21295539198102,49.69995297122699,,,,,,,,,,,,,,,,,,,,,,,,49.889121005221035,49.78187396583969,49.727042155677836,49.69937074243722,49.19476218122995,49.34867230152347,49.99438844222257,50.88184718218844,,,,49.889121005221035,,,49.21295539198102,50.719402735366884,"rgba(0, 255, 255, 0.75)",3.5742030502414806,50.719402735366884,1.6524210053858257,71.40867813417265,20.320330029853565,True,False,True,False,False,12.986679681264135,0.0,0.0,0.0,0.0,0,0.9369757993207278,0.7329268326944705,False,False,False,False,0.28760663541600046,0.3115251074900738,False,False,False,False,363763,129591.1000042404,False,False,False,False,16319.689986252813,False,False,False,False
2023-02-06 00:00:00+00:00,56.0032442238,56.0674645484,56.0032442238,56.0674645484,1142,,,,,,,,,,,,,,,,,,,,,,,56.83531437811785,53.68263691302042,52.36464601064123,49.683793053062764,49.21560014945103,49.70218702218357,,,,,,,,,,,,,,,,,,,,,,,,49.89302756767174,49.7857781693897,49.73090953594722,49.703039493524166,49.197438436893,49.35114294474317,49.9964202971587,50.883425671906465,,,,49.89302756767174,,,49.21560014945103,50.71609711740793,"rgba(0, 255, 255, 0.75)",3.493098532930219,50.71609711740793,1.5135980438424401,67.04409726895418,20.382858294462196,True,False,True,False,False,11.114047767161825,0.0,0.0,0.0,0.0,0,0.9228203183755653,0.7402309246531432,False,False,False,False,0.23458479907640178,0.2730549532832378,False,False,False,False,362621,138729.52745505451,False,False,False,False,15724.486457380153,False,False,False,False
2023-02-07 00:00:00+00:00,56.653865156,56.653865156,56.0674645484,56.11475492,5813,,,,,,,,,,,,,,,,,,,,,,,56.70903119432357,53.71847892621009,52.387255754948946,49.704202202391095,49.22988625148073,49.71431282673406,,,,,,,,,,,,,,,,,,,,,,,,49.914237090374975,49.80695226735063,49.75187347794722,49.722925189684965,49.21189206426023,49.36450624990049,50.00748429156647,50.89212209719725,,,,49.914237090374975,,,49.22988625148073,50.72393999174076,"rgba(0, 255, 255, 0.75)",3.456396248575594,50.72393999174076,1.7156381206879883,66.06738057615442,19.64361944665208,True,False,True,False,False,12.532545505681576,0.0,0.0,0.0,0.0,0,0.9718803977421967,0.7227649861043968,False,False,False,False,0.2596866996028759,0.2663708264430569,False,False,False,False,368434,147737.54598622886,False,False,False,False,15335.80071395348,False,False,False,False
2023-02-08 00:00:00+00:00,56.2566260347,56.6160328588,56.1998775888,56.6160328588,1369,,,,,,,,,,,,,,,,,,,,,,,56.683323113927216,53.72647983971993,52.39241316013452,49.70891928818119,49.233195685255495,49.71711957991347,,,,,,,,,,,,,,,,,,,,,,,,49.91913545545007,49.81184403279707,49.75671764718652,49.727521490258525,49.21524034849338,49.36760143568001,50.010043762169104,50.894129168509664,,,,49.91913545545007,,,49.233195685255495,50.72597742911973,"rgba(0, 255, 255, 0.75)",3.4031394634232406,50.72597742911973,1.6251607273293913,63.590112726233656,17.438365785731477,False,False,True,False,False,11.338215756880928,0.0,0.0,0.0,0.0,0,0.9728791180435831,0.777469649464897,False,False,False,False,0.26458673510534736,0.2654787807742021,False,False,False,False,367065,156338.6226142199,False,False,False,False,14788.083038896482,False,False,False,False
2023-02-09 00:00:00+00:00,56.2282518118,56.8051943451,56.2282518118,56.8051943451,5386,,,,,,,,,,,,,,,,,,,,,,,56.624612893151195,53.758235386966,52.41289493866899,49.72758816994333,49.24630104988198,49.72824372606683,,,,,,,,,,,,,,,,,,,,,,,,49.93852284319209,49.83120350456147,49.77588849416317,49.74571426965403,49.228498989766535,49.37986175630682,50.020193216282294,50.90210218642246,,,,49.93852284319209,,,49.24630104988198,50.73713295893052,"rgba(0, 255, 255, 0.75)",3.349907091495772,50.73713295893052,1.6391854170551425,61.80825489890138,15.886998934718733,False,False,True,False,False,11.25243853784314,0.0,0.0,0.0,0.0,0,0.9898719177945485,0.7697048863989617,False,False,False,False,0.27590453023736095,0.27069165550578156,False,False,False,False,361679,164391.1864332701,False,False,False,False,14419.373900116228,False,False,False,False
2023-02-10 00:00:00+00:00,55.9823418796,55.9917999539,55.6891415758,55.6891415758,26357,,,,,,,,,,,,,,,,,,,,,,,56.239745037104804,53.87437106816078,52.49725860150419,49.810313793608245,49.30503839040899,49.777860930212164,,,,,,,,,,,,,,,,,,,,,,,,50.024090485545536,49.91679881682025,49.86073787760373,49.82634105634387,49.28792928741198,49.43475536819552,50.0653044977779,50.93705437388849,,,,50.024090485545536,,,49.30503839040899,50.77554282747046,"rgba(0, 255, 255, 0.75)",3.2994203955327173,50.77554282747046,1.5780950676001568,59.45979078816536,13.781004899104346,False,True,True,False,False,10.50121841222063,0.0,0.0,0.0,0.0,0,0.9955679708158057,0.7725109132398538,False,False,False,False,0.2014140129241441,0.23605283421496281,False,False,False,False,335322,171094.35559274972,False,False,False,False,14887.516100111672,False,False,False,False
2023-02-13 00:00:00+00:00,56.4630957971,56.4836198183,56.294458332,56.294458332,4264,,,,,,,,,,,,,,,,,,,,,,,56.25330073395256,53.896579214172064,52.51258113177533,49.82462888688657,49.3151948032066,49.78649744817923,,,,,,,,,,,,,,,,,,,,,,,,50.03892372636564,49.931619268272016,49.87542242636305,49.840300852537446,49.29820258297686,49.444265822298576,50.07319081210675,50.94325873875333,,,,50.03892372636564,,,49.3151948032066,50.788140460560435,"rgba(0, 255, 255, 0.75)",3.275198684075747,50.788140460560435,1.7327056719128557,59.611762396537415,13.781004899104346,False,True,True,False,False,11.602725025727533,0.0,0.0,0.0,0.0,0,1.004442847477479,0.7820579982315615,False,False,False,False,0.2595811079155863,0.24781697106527456,False,False,False,False,339586,177701.87105970073,False,False,False,False,14470.90762559749,False,False,False,False
2023-02-14 00:00:00+00:00,56.6672956216,56.6672956216,56.4268713724,56.474161744,4413,,,,,,,,,,,,,,,,,,,,,,,56.27821314993211,53.92071368381858,52.52901273865154,49.8397672254243,49.325931667780765,49.79564540743393,,,,,,,,,,,,,,,,,,,,,,,,50.05461862695623,49.947295046941456,49.890952252335346,49.855065825781104,49.30906210512385,49.45432560239024,50.081554782201216,50.94986822242047,,,,50.05461862695623,,,49.325931667780765,50.80228759551365,"rgba(0, 255, 255, 0.75)",3.2578862493627803,50.80228759551365,1.8002494799299715,60.38824316755098,13.781004899104346,False,True,True,False,False,12.068536185522401,0.0,0.0,0.0,0.0,0,0.9828172172038082,0.7824290735017624,False,False,False,False,0.27664627774717254,0.26223162440622355,False,False,False,False,343999,184223.3270965752,False,False,False,False,14076.479875574061,False,False,False,False
2023-02-15 00:00:00+00:00,56.8691309275,56.8691309275,56.5782005615,56.5782005615,1865,,,,,,,,,,,,,,,,,,,,,,,56.293313798156824,53.93148226875656,52.53623196744517,49.84631941329271,49.33057506716189,49.79960918793917,,,,,,,,,,,,,,,,,,,,,,,,50.06141613616628,49.9540816535888,49.89767453442698,49.86145725739789,49.31375819058286,49.45867854907794,50.08518340219378,50.95274835263075,,,,50.06141613616628,,,49.33057506716189,50.808752127058405,"rgba(0, 255, 255, 0.75)",3.2292961940394607,50.808752127058405,1.8766871901151914,61.56658757704491,13.781004899104346,False,False,True,False,False,12.531467224632166,0.0,0.0,0.0,0.0,0,0.9889711570388242,0.7752424015852079,False,False,False,False,0.29590129917080704,0.2790664617885153,False,False,False,False,345864,190562.17701435657,False,False,False,False,13597.59831182606,False,False,False,False
2023-02-16 00:00:00+00:00,56.3512067779,56.7023850773,56.3039164063,56.3512067779,750,,,,,,,,,,,,,,,,,,,,,,,56.29524714201726,53.93530517866098,52.53890966422886,49.84882940078766,49.33236061348812,49.801128913753494,,,,,,,,,,,,,,,,,,,,,,,,50.06401581843431,49.95667927365742,49.90024863548495,49.86390547612637,49.31556416494749,49.46035115789464,50.08657182204429,50.95384220303436,,,,50.06401581843431,,,49.33236061348812,50.810925676040014,"rgba(0, 255, 255, 0.75)",3.188127766579121,50.810925676040014,1.7377851540136806,59.62129156229636,13.781004899104346,False,True,True,False,False,10.877335926274416,0.0,0.0,0.0,0.0,0,0.9916704880071132,0.7687437273815082,False,False,False,False,0.27188715399959007,0.2754768078940527,False,False,False,False,345114,196623.03281771514,False,False,False,False,13093.770927048568,False,False,False,False
2023-02-17 00:00:00+00:00,56.9376073855,56.9376073855,56.1998775888,56.1998775888,1071,,,,,,,,,,,,,,,,,,,,,,56.69169745326668,56.30200557072157,53.94126108004904,52.54296038962316,49.85254006572821,49.33499442684116,49.80337587864107,,,,,,,,,,,,,,,,,,,,,,,,50.06786335912988,49.96052153524359,49.90405500934739,49.86752518877326,49.31822789271563,49.462819917171046,50.088627893773676,50.95547138315385,,,,50.06786335912988,,,49.33499442684116,51.206263136278615,"rgba(0, 255, 255, 0.75)",3.1490325096673915,51.206263136278615,1.820033369495682,60.3556094230855,13.781004899104346,False,True,True,False,False,12.247396268595306,0.0,0.0,0.0,0.0,0,1.010251640438038,0.7520330822069518,False,False,False,False,0.2789970341440398,0.2772369210190463,False,False,False,False,346185,202488.20800133416,False,False,False,False,12622.289714223134,False,False,False,False
2023-02-21 00:00:00+00:00,56.086380697,56.3417487036,56.086380697,56.2566260347,5114,,,,,,,,,,,,,,,,,,,,,,56.261580628211924,56.29218222513762,53.96403678690558,52.55978242352992,49.86885959356136,49.3466574306862,49.81327618248158,,,,,,,,,,,,,,,,,,,,,,,,50.08473586350933,49.9773947651841,49.92078325187828,49.88344294221353,49.330025183421604,49.47373836099879,50.09765590961728,50.962533625250124,,,,50.08473586350933,,,49.3466574306862,51.189112344839145,"rgba(0, 255, 255, 0.75)",3.0872057721470596,51.189112344839145,1.586310960009301,57.1318304149558,11.55440385821909,False,True,True,False,False,9.570857034021643,0.0,0.0,0.0,0.0,0,0.9882102467722661,0.7565502845233154,False,False,False,False,0.24085843900231088,0.25904768001067857,False,False,False,False,341071,207922.8272953995,False,False,False,False,12327.846980332031,False,False,False,False
2023-02-22 00:00:00+00:00,55.8591031712,55.906677285,55.7364319473,55.8593869135,1459,,,,,,,,,,,,,,,,,,,,,,56.17998240245851,56.282551046031976,53.96946929544109,52.564107399441525,49.873251592984,49.3498133860225,49.815945452887505,,,,,,,,,,,,,,,,,,,,,,,,50.0892665127911,49.98193049591403,49.925282630509024,49.88772656960764,49.33321781647221,49.47669022417276,50.100083831205666,50.96441465307599,,,,50.0892665127911,,,49.3498133860225,51.186248887267695,"rgba(0, 255, 255, 0.75)",2.9885668952954245,51.186248887267695,1.5635769409372327,54.13349254889586,8.763999696922141,False,True,False,False,False,8.869866303516527,0.0,0.0,0.0,0.0,0,0.9873108296017808,0.7624228752816286,False,False,False,False,0.19943415666792888,0.2292409183393037,False,False,False,False,339612,213087.10857793287,False,False,False,False,11901.617686985679,False,False,False,False
2023-02-23 00:00:00+00:00,56.0769226227,56.1242129943,55.6513092785,56.0201741768,2389,,,,,,,,,,,,,,,,,,,,,,56.125414376176224,56.27151119902364,53.97884947344592,52.57141655188922,49.880569780614934,49.355067314617635,49.8203957580264,,,,,,,,,,,,,,,,,,,,,,,,50.096820148325506,49.9894901114551,49.932780520602535,49.894864824388414,49.338532503341085,49.48160641143423,50.10413578257175,50.96756532150525,,,,50.096820148325506,,,49.355067314617635,51.187268005161194,"rgba(0, 255, 255, 0.75)",2.8537280756237937,51.187268005161194,1.7134269586880608,53.004524644158835,7.744885658442328,False,True,False,False,False,9.401605706772578,0.0,0.0,0.0,0.0,0,0.972266765795822,0.7637967137607076,False,False,False,False,0.2063705133240537,0.2178057158316787,False,False,False,False,342001,218142.55530036686,False,False,False,False,11528.573856123496,False,False,False,False
2023-02-24 00:00:00+00:00,55.3581089747,55.4621477922,55.2162378599,55.4621477922,2755,,,,,,,,,,,,,,,,,,,,,,55.95739208647071,56.23728665731965,53.98627023687633,52.57830362153959,49.888147898029395,49.36056069160221,49.82501389801431,,,,,,,,,,,,,,,,,,,,,,,55.34549820893333,50.10460865377148,49.997301340543025,49.94053659053981,49.90225511180306,49.34409072580476,49.48673689868286,50.108318485442084,50.97075299461081,,,,50.10460865377148,,,49.36056069160221,51.439567131248964,"rgba(38, 166, 154, 1.0)",2.7734340292192114,51.439567131248964,1.4128844609850706,49.63923959754526,4.604651744661744,False,True,False,False,False,7.17654981222897,0.0,0.0,0.0,0.0,0,0.9656644281149942,0.7607138379978235,False,False,False,False,0.14942227528137092,0.1836139955565248,False,False,False,False,339246,222891.70999447012,False,False,False,False,11184.512136275516,False,False,False,False
2023-02-27 00:00:00+00:00,56.1051076842,56.1051076842,55.9823418796,55.9823418796,773,,,,,,,,,,,,,,,,,,,,,,55.96347950638022,56.23551002581366,53.98943117725234,52.5807301389171,49.890549913223666,49.36228508844114,49.82647678156553,,,,,,,,,,,,,,,,,,,,,,,55.50296574542121,50.10708891111123,49.999782896565996,49.942997637819985,49.90459839008117,49.34583494611959,49.48835118822669,50.109651756626455,50.971793356489115,,,,50.10708891111123,,,49.36228508844114,51.45134546625344,"rgba(0, 255, 255, 0.75)",2.7059812525237104,51.45134546625344,1.7198057871266719,50.25149994225022,4.604651744661744,False,True,False,False,False,9.021026754334422,0.0,0.0,0.0,0.0,0,0.9695372297960333,0.7712106111260834,False,False,False,False,0.22278956190595559,0.20320177873124018,False,False,False,False,340019,227484.9370535105,False,False,False,False,10776.217542696084,False,False,False,False
2023-02-28 00:00:00+00:00,55.3013605288,55.7222448359,55.3013605288,55.7222448359,3246,,,,,,,,,,,,,,,,,,,,,,55.862697607115436,56.20270936840064,53.9986489433537,52.58906845979445,49.89960110134249,49.36884482278251,49.8319999464686,,,,,,,,,,,,,,,,,,,,,,,55.47358669126262,50.11639551268721,50.00911394462316,49.95226173381911,49.913426385536134,49.35247167411504,49.49448038673831,50.114659301786396,50.97562393742726,,,,50.11639551268721,,,49.36884482278251,51.447224363578314,"rgba(38, 166, 154, 1.0)",2.630716269010199,51.447224363578314,1.465052012877007,48.07175426278994,3.19651558317409,False,True,False,True,False,6.58502648293446,0.0,0.0,0.0,0.0,0,0.9479866470423252,0.7828243649096291,False,False,False,False,0.16722095510949986,0.18521136692037002,False,False,False,False,336773,231770.74344356894,False,False,False,False,10480.914893962905,False,False,False,False
2023-03-01 00:00:00+00:00,55.8688449878,56.0485483998,55.7648061703,56.0485483998,1263,,,,,,,,,,,,,,,,,,,,,,55.86489013263227,56.19782592584685,54.00331855232971,52.5928122019012,49.90340173467491,49.371583213864376,49.834319122948905,,,,,,,,,,,,,,,,,,,,,,,55.539664335011686,50.120314780480996,50.013037594280036,49.95615429075592,49.91713418543303,49.35524165262432,49.497042972471036,50.11677042658213,50.977263425211035,,,,50.120314780480996,,,49.371583213864376,51.453798409190526,"rgba(0, 255, 255, 0.75)",2.5590768227299256,51.453798409190526,1.7252497226322707,48.585934466988974,3.19651558317409,False,True,False,True,False,7.9848421211058564,0.0,0.0,0.0,0.0,0,0.9745450878657808,0.7445726444105162,False,False,False,False,0.20835590327752984,0.19678363509894992,False,False,False,False,338036,235938.00840656622,False,False,False,False,10119.428035376124,False,False,False,False
2023-03-02 00:00:00+00:00,55.8783030621,55.9634257309,55.5567285353,55.5567285353,1343,,,,,,,,,,,,,,,,,,,,,,55.86036543007095,56.191234936638054,54.008011641606814,52.5966699985953,49.90737409966448,49.37445035049215,49.83674479287096,,,,,,,,,,,,,,,,,,,,,,,55.57686478228051,50.12440829737841,50.017137031107644,49.96022197611643,49.921009491869896,49.35814194580233,49.499725370429516,50.118976858436405,50.9789720494583,,,,50.12440829737841,,,49.37445035049215,51.458144315801135,"rgba(0, 255, 255, 0.75)",2.5450753600328175,51.458144315801135,1.7367496521760641,48.960945401953204,3.19651558317409,False,True,False,False,False,8.00815330340384,0.0,0.0,0.0,0.0,0,0.9848625282169444,0.7264328328722364,False,False,False,False,0.19100692456116045,0.19389527983005517,False,False,False,False,339379,239994.51788081854,False,False,False,False,9775.25438693,False,False,False,False
2023-03-03 00:00:00+00:00,56.4909971163,56.5592844129,56.1242129943,56.1336710686,4208,,,,,,,,,,,,,,,,,,,,,,55.95498490378321,56.2011055978963,54.0273662096101,52.61092090281892,49.92103315588067,49.384243597722566,49.84508567928962,,,,,,,,,,,,,,,,,,,,,,,55.829144537539534,50.138530341216715,50.03125543297313,49.97421905712442,49.93433845351608,49.36804616525405,49.50890375379391,50.12659849885701,50.984974342212,,,,50.138530341216715,,,49.384243597722566,51.49004691434301,"rgba(0, 255, 255, 0.75)",2.558535636876628,51.49004691434301,1.9546142449131476,51.22712522598742,3.19651558317409,False,True,False,False,True,9.513911293480248,0.0,0.0,0.0,0.0,0,0.9917004240660413,0.7155040519718038,False,False,False,False,0.2509555753970821,0.22242542761356862,False,False,False,False,343587,244056.96816000214,False,False,False,False,9556.930685481766,False,False,False,False
2023-03-06 00:00:00+00:00,56.7151534776,56.8051943451,56.6160328588,56.6633232304,7669,,,,,,,,,,,,,,,,,,,,,,56.14055607417933,56.24322569503895,54.06651869305171,52.63879897163014,49.94700531103687,49.40283493364729,49.86097416496323,,,,,,,,,,,,,,,,,,,,,,,56.147702739092765,50.16541582238197,50.058114781097494,50.00083912646533,49.95968873921235,49.38684560699861,49.52634479033287,50.141149714443095,50.996525940421456,,,,50.16541582238197,,,49.40283493364729,51.5426588189996,"rgba(0, 255, 0, 1.0)",2.5602490716444124,51.5426588189996,2.0203091628417926,53.41875365026484,-1.5066024199265655,False,True,True,False,True,10.058833664411885,0.0,0.0,0.0,0.0,0,1.0052632178555212,0.7167230321079051,False,False,False,False,0.289688116249245,0.2560567719314068,False,False,False,False,351256,248260.8517615707,False,False,False,False,9482.894188011893,False,False,False,False
2023-03-07 00:00:00+00:00,55.6040189069,56.5066029389,55.575644684,56.5066029389,2239,,,,,,,,,,,,,,,,,,,,,,56.12418651956451,56.23505286171313,54.07427249552288,52.64524916801857,49.953639691425785,49.40764048958972,49.86504770969659,,,,,,,,,,,,,,,,,,,,,,,56.12366221392162,50.17224969622939,50.06495832118043,50.00763041080158,49.96616330454126,49.3917061460546,49.530843939670795,50.14485937655864,50.999409050688264,,,,50.17224969622939,,,49.40764048958972,51.54416071219861,"rgba(0, 255, 255, 0.75)",2.4947493042233058,51.54416071219861,1.627361189290061,51.004921471524156,-1.5066024199265655,False,True,False,False,True,6.623337634220395,0.0,0.0,0.0,0.0,0,0.9538709589746991,0.737618148197729,False,False,False,False,0.21081956323944384,0.23343816758542532,False,False,False,False,349017,252212.07326111692,False,False,False,False,9198.819906129074,False,False,False,False
2023-03-08 00:00:00+00:00,55.5851027583,55.6134769812,55.4432316435,55.4432316435,2580,,,,,,,,,,,,,,,,,,,,,,56.082965676254084,56.216920589109186,54.08143352102506,52.65185734361244,49.960819297085614,49.41287243744487,49.86946423902282,,,,,,,,,,,,,,,,,,,,,,,56.06663311733711,50.17962638018571,50.072354566637365,50.01497503870781,49.97316941012467,49.39699861530477,49.53573727236893,50.148869656326575,51.00249111308679,,,,50.17962638018571,,,49.41287243744487,51.54169926710211,"rgba(0, 255, 255, 0.75)",2.4703332870495163,51.54169926710211,1.636784604083605,49.337947109190765,-1.5066024199265655,False,True,False,False,False,6.566108160789007,0.0,0.0,0.0,0.0,0,0.9566019329404355,0.7618590993448779,False,False,False,False,0.152162791422877,0.19280047950415116,False,False,False,False,346437,255907.16842734764,False,False,False,False,8939.258341182836,False,False,False,False
2023-03-09 00:00:00+00:00,55.339192826,55.7364319473,55.339192826,55.6796835014,2350,,,,,,,,,,,,,,,,,,,,,,56.045609126341745,56.199442920560315,54.08756225828783,52.65769367143478,49.96725448305896,49.41757153266364,49.87342754633188,,,,,,,,,,,,,,,,,,,,,,,56.017441741849034,50.18623338747674,50.07898124517409,50.02155671967421,49.979449232904244,49.40175215200162,49.540131443290406,50.15246612763149,51.005248107392774,,,,50.18623338747674,,,49.41757153266364,51.53948885600461,"rgba(0, 255, 255, 0.75)",2.4284890449064767,51.53948885600461,1.5646370643363234,47.445759877918256,2.5532626880710083,False,True,False,True,False,5.8144648797638645,0.0,0.0,0.0,0.0,0,0.9546889728938219,0.7566602908595725,False,False,False,False,0.14108089957292883,0.16694068953854,False,False,False,False,344087,259365.2010380399,False,False,False,False,8680.856053293313,False,False,False,False
2023-03-10 00:00:00+00:00,55.2824443801,55.8783030621,55.2824443801,55.8688449878,12204,,,,,,,,,,,,,,,,,,,,,,55.90961817742916,56.12145563154351,54.11875210394235,52.687719029878636,50.00049041463658,49.44189602818507,49.89395453189449,,,,,,,,,,,,,,,,,,,,,,,55.85633037870827,50.22034217672311,50.11319483273822,50.05554178683616,50.01188800513939,49.42635730607255,49.562883215325385,50.171098480005455,51.019541383815174,,,,50.22034217672311,,,49.44189602818507,51.538191467679596,"rgba(0, 255, 255, 0.75)",2.3962490834145713,51.538191467679596,1.5625474573306783,45.998575193899335,1.1221783863932728,False,True,False,True,False,5.639479573639164,0.0,0.0,0.0,0.0,0,0.9454871893631395,0.7659030048861935,False,False,False,False,0.1462107002232103,0.15657569488087514,False,False,False,False,331883,262209.03629145015,False,False,False,False,8819.0185610073,False,False,False,False
2023-03-13 00:00:00+00:00,54.8662891102,55.1216571168,54.6298372523,54.6298372523,3118,,,,,,,,,,,,,,,,,,,,,,55.849495832219176,56.08775200035238,54.12303841584072,52.693639314310495,50.007982078064835,49.44745642404252,49.898606363526376,,,,,,,,,,,,,,,,,,,,,,,55.78621772232794,50.22798646783275,50.12088368119445,50.06319070194663,50.01919929166979,49.43198322254574,49.56807337482466,50.17529488041505,51.02268250215135,,,,50.22798646783275,,,49.44745642404252,51.53271764207905,"rgba(38, 166, 154, 1.0)",2.354479637166354,51.53271764207905,1.41584213152633,43.69275819044404,-1.1226286899397522,False,True,False,True,False,4.353733534115381,0.0,0.0,0.0,0.0,0,0.9394631691136935,0.7865085360896913,False,False,False,False,0.05683991023483822,0.10670780255785668,False,False,False,False,328765,264819.0740839423,False,False,False,False,8595.44920567368,False,False,False,False
2023-03-14 00:00:00+00:00,55.6323931299,55.6891415758,55.3202766774,55.6891415758,3309,,,,,,,,,,,,,,,,,,,,,,55.83197851301697,56.07270325229942,54.13158105092412,52.70182183834378,50.017006683090706,49.45407730262452,49.90420199678107,,,,,,,,,,,,,,,,,,,,,,,55.769415195868035,50.237246044482056,50.13017113317137,50.07241666317698,50.02800969877857,49.43867988490874,49.57426954070523,50.18037863230581,51.02659364267156,,,,50.237246044482056,,,49.45407730262452,51.535659442071804,"rgba(0, 255, 255, 0.75)",2.3255106532688,51.535659442071804,1.7616490735356212,45.383391408831436,-1.1226286899397522,False,True,False,True,False,6.408139780495006,0.0,0.0,0.0,0.0,0,0.9415936574871586,0.7823546631884207,False,False,False,False,0.13326720448817778,0.11998750352301724,False,False,False,False,332074,267456.5221590818,False,False,False,False,8388.137472117849,False,False,False,False
2023-03-15 00:00:00+00:00,53.4381198884,53.6272813748,53.1543776589,53.3624552939,17151,,,,,,,,,,,,,,,,,,,,,,55.27167103629779,55.73646693932805,54.109721633582964,52.71214287163844,50.04538990281718,49.476189345125405,49.9220930796847,,,,,,,,,,,,,,,,,,,,,,53.40659297403333,55.13826699117879,50.26558602390319,50.15898109193208,50.10123829793257,50.05569038383175,49.46107422827875,49.59474381669696,50.19612611674197,51.0372094354113,,,,50.26558602390319,,,49.476189345125405,51.569952009906785,"rgba(38, 166, 154, 0.5)",2.237744452224067,51.569952009906785,0.834844155969851,41.08629764695079,-3.449619992080308,False,True,False,True,False,0.031151569952893254,0.0,0.0,0.0,0.0,0,0.9426813129020691,0.7930061654866751,False,False,False,False,-0.17269069862584566,-0.02635159755141421,False,False,True,False,314923,269317.95266264724,False,False,False,False,8731.779139877934,False,False,True,False
2023-03-16 00:00:00+00:00,54.3460950228,54.3460950228,54.2042239081,54.2042239081,6228,,,,,,,,,,,,,,,,,,,,,,55.19637481233351,55.6735111534829,54.11176944629357,52.72053583260638,50.058284070007005,49.48596657143254,49.93019660961601,,,,,,,,,,,,,,,,,,,,,,53.64427184505441,55.064041148524744,50.278639698405875,50.17215756898862,50.11437316455295,50.06827662183539,49.47096859158635,49.60385210486824,50.20338509552477,51.042483700527015,,,,50.278639698405875,,,49.48596657143254,51.57876988444942,"rgba(38, 166, 154, 1.0)",2.2112433384940022,51.57876988444942,1.2514792425492636,41.18878306123284,-3.449619992080308,False,True,False,True,False,2.431386657315869,0.0,0.0,0.0,0.0,0,0.9373417882273378,0.7970458669560869,False,False,False,False,-0.12123162193369359,-0.0737916097425539,False,False,False,False,321151,271350.6211856807,False,False,False,False,8633.591722627818,False,False,False,False
2023-03-17 00:00:00+00:00,53.513784483,53.6745717463,53.513784483,53.5799910032,1431,,,,,,,,,,,,,,,,,,,,,,55.16791215987097,55.652531067019126,54.1104181242229,52.72156384410209,50.060726597529715,49.4878669163467,49.93174328029578,,,,,,,,,,,,,,,,,,,,,,53.639836863574935,55.03423996350559,50.28108357240513,50.17463875473246,50.116854037117285,50.07065983642911,49.47289273203343,49.60561466375924,50.20475212508963,51.04342148961943,,,,50.28108357240513,,,49.4878669163467,51.57510329574433,"rgba(38, 166, 154, 0.5)",2.1724385549119583,51.57510329574433,0.8923986286619017,39.63783795957677,-4.8813005221558186,False,True,False,True,False,0.17994696338542937,0.0,0.0,0.0,0.0,0,0.9199799391830383,0.8164463938396782,False,False,False,False,-0.23160184445524912,-0.1526967270989015,False,False,False,False,319720,273247.45957055595,False,False,False,False,8351.137145269864,False,False,False,False
2023-03-20 00:00:00+00:00,54.4785080632,54.5257984348,54.1758496851,54.1853077594,30239,,,,,,,,,,,,,,,,,,,,,,54.9590560539481,55.43357282260827,54.12452108532712,52.763376909251804,50.12353028236173,49.5356619090671,49.97147799145646,,,,,,,,,,,,,,,,,,,,,,54.05376906983865,54.84444894910691,50.34465988341677,50.23879617551222,50.180810206648154,50.13199164930087,49.52125204633395,49.65018652975642,50.240414415699,51.06950909607642,,,,50.34465988341677,,,49.5356619090671,51.5992373573947,"rgba(38, 166, 154, 1.0)",2.1177592488687105,51.5992373573947,1.3595835821958453,41.35724352398053,-4.8813005221558186,False,True,False,True,False,2.66747692290021,0.0,0.0,0.0,0.0,0,0.9473368804784019,0.8000965815435809,False,False,False,False,-0.16109680670523593,-0.15689676690206872,False,False,False,False,349959,276255.7552736714,False,False,False,False,9209.484708200458,False,False,False,False
2023-03-21 00:00:00+00:00,55.7711430801,55.8782084813,55.6702254271,55.6702254271,1132,,,,,,,,,,,,,,,,,,,,,,54.96719231357259,55.43576936185581,54.127591362888865,52.76619227306454,50.12659433701637,49.537936120242044,49.97341158820405,,,,,,,,,,,,,,,,,,,,,,54.08841400549193,54.854632578260954,50.34779981733306,50.24194512375601,50.18393933627232,50.13498631315475,49.5235513991413,49.65231967200267,50.24217728753009,51.070879929190774,,,,50.34779981733306,,,49.537936120242044,51.604431342292834,"rgba(0, 255, 255, 0.75)",2.090489964260915,51.604431342292834,1.9931747145604188,45.46532251207929,-10.18281458067328,False,True,False,True,True,5.812507322174547,0.0,0.0,0.0,0.0,0,0.9570023081390101,0.8206405077965269,False,False,False,False,0.08916932619842984,-0.03386372035181944,False,False,False,False,351091,279190.4707531353,False,False,False,False,8892.720601996518,False,False,False,False
2023-03-22 00:00:00+00:00,55.1405732654,56.0107161025,55.1405732654,55.4621477922,17797,,,,,,,,,,,,,,,,,,,,,,55.030118719384554,55.435294169339734,54.164656485378345,52.80480752628314,50.17143714041875,49.571521429800534,50.001856913103445,,,,,,,,,,,,,,,,,,,,,,54.41131075460482,54.939325962540735,50.39360470149416,50.287947954578115,50.22969112488502,50.17881771342086,49.55751074459284,49.683795958234704,50.268038262176646,51.09076477480559,,,,50.39360470149416,,,49.571521429800534,51.66002943147306,"rgba(0, 255, 255, 0.75)",2.071031438978489,51.66002943147306,1.680584740733667,46.7814381633084,-8.945153708378378,False,True,False,True,True,4.100515321148411,0.0,0.0,0.0,0.0,0,0.9062684408471428,0.8356465143253665,False,False,False,False,0.054082884913948165,0.010109582281064362,False,False,False,False,333294,281312.1777824241,False,False,False,False,9241.908029369204,False,False,False,False
2023-03-23 00:00:00+00:00,55.364635046,55.8877611364,55.1689474883,55.8877611364,7113,,,,,,,,,,,,,,,,,,,,,,55.05295667389528,55.43666340642537,54.17937244691049,52.82017833574215,50.189293624789386,49.58493586233949,50.01323272927627,,,,,,,,,,,,,,,,,,,,,,54.504506700464724,54.96899150762671,50.41183653608129,50.306259136399746,50.24790442097521,50.19627601598186,49.571073393744975,49.69637426776002,50.27838806831841,51.09874012357558,,,,50.41183653608129,,,49.58493586233949,51.679822544135696,"rgba(0, 255, 255, 0.75)",2.050116605837913,51.679822544135696,1.79736727724239,48.167042848252024,-7.570426569448628,False,True,False,False,True,4.64096041934754,0.0,0.0,0.0,0.0,0,0.9164888373468906,0.8335256596182263,False,False,False,False,0.04574976613312605,0.027929674207095204,False,False,False,False,340407,283629.6217909565,False,False,False,False,9158.421439982176,False,False,False,False
2023-03-24 00:00:00+00:00,55.1615701904,55.1697170134,54.8679056402,54.8679056402,1362,,,,,,,,,,,,,,,,,,,,,,55.0530878632873,55.434158143016695,54.18127761836321,52.822652623693855,50.19243655259591,49.587320298569395,50.01524347616016,,,,,,,,,,,,,,,,,,,,,,54.513788296345325,54.97001588503223,50.41503290030983,50.309475374382785,50.25110674466474,50.19934877885682,49.573484539873384,49.69860714410554,50.28021013178432,51.100122046328565,,,,50.41503290030983,,,49.587320298569395,51.68219814219824,"rgba(0, 255, 255, 0.75)",2.013868667252083,51.68219814219824,1.7277055374963215,48.595507133857595,-7.02584734188369,False,True,False,False,True,4.083472906048637,0.0,0.0,0.0,0.0,0,0.8997318666788691,0.8483802938451818,False,False,False,False,-0.04387385140132215,-0.007972088597113472,False,False,False,False,339045,285802.77387758566,False,False,False,False,8852.679422727973,False,False,False,False
2023-03-27 00:00:00+00:00,55.7804445473,55.7804445473,55.7015340408,55.7015340408,534,,,,,,,,,,,,,,,,,,,,,,55.055760410522794,55.43500474670855,54.182601007978036,52.82391812588186,50.193841418052486,49.58837187473784,50.01613867355085,,,,,,,,,,,,,,,,,,,,,,54.52176964725393,54.973235740123535,50.41647002179083,50.31091732014101,50.25254027603037,50.200722548116254,49.57454759127645,49.69959418306146,50.28102672762103,51.100757498096506,,,,50.41647002179083,,,49.58837187473784,51.683953988879054,"rgba(0, 255, 0, 1.0)",1.9602345811832982,51.683953988879054,2.089796087541775,50.382017669132985,-5.151428572749992,False,True,False,False,True,5.594370395836396,0.0,0.0,0.0,0.0,0,0.9103806065687302,0.8453427543120217,False,False,False,False,0.08328527111115318,0.03765659125701985,False,False,False,False,339579,287911.64549022936,False,False,False,False,8526.456700268052,False,False,False,False
2023-03-28 00:00:00+00:00,55.5025999906,55.5025999906,55.360598971,55.4647077906,560,,,,,,,,,,,,,,,,,,,,,,55.057351196076034,55.435060808883186,54.18372296094474,52.82510882831534,50.19523477357292,49.589420829597884,50.01702827466459,,,,,,,,,,,,,,,,,,,,,,54.52802670178948,54.97530257669266,50.417891943751656,50.312345669026335,50.25396117789037,50.20208498105399,49.5756081104083,49.70057785535972,50.28183607174375,51.101380914469914,,,,50.417891943751656,,,49.589420829597884,51.685408451425936,"rgba(0, 255, 255, 0.75)",1.909926468953586,51.685408451425936,1.998606543876755,50.81519805602414,-4.539592326756974,False,True,False,False,True,4.81535272917807,0.0,0.0,0.0,0.0,0,0.9007528265599618,0.8546869468385123,False,False,False,False,0.02871893765252459,0.03318776445477222,False,False,False,False,339019,289915.8554710047,False,False,False,False,8214.046633590875,False,False,False,False
2023-03-29 00:00:00+00:00,56.4593780413,56.4593780413,56.2320248412,56.2320248412,2285,,,,,,,,,,,,,,,,,,,,,,55.07855481754271,55.445650216151236,54.191607863933775,52.831667064886624,50.20191456956273,49.59437380958956,50.021274271929975,,,,,,,,,,,,,,,,,,,,,,54.57742518320324,54.999517862250926,50.42475328292649,50.31921616800838,50.26078428265303,50.2086179944244,49.58061404816781,49.70523502768157,50.28572798106086,51.104464808654726,,,,50.42475328292649,,,49.59437380958956,51.69596466191929,"rgba(0, 255, 0, 1.0)",1.8689951363464465,51.69596466191929,2.5486494248948848,53.32085728233401,-1.9699272898526985,False,True,True,False,True,7.120837769500476,0.0,0.0,0.0,0.0,0,0.882635296857136,0.8561501486253599,False,False,False,False,0.19169915613443622,0.11244346029460422,False,False,False,False,341304,291931.07682508294,False,False,False,False,7981.535000901037,False,False,False,False
2023-03-30 00:00:00+00:00,57.0526751633,57.0526751633,56.9519766417,57.0467071418,1463,,,,,,,,,,,,,,,,,,,,,,55.09821773788399,55.45681729363445,54.19808174334121,52.83660240080135,50.20662273233263,49.59783771810129,50.02426110467473,,,,,,,,,,,,,,,,,,,,,,54.61834600809028,55.02150980743274,50.429605700372186,50.32406706140923,50.26559749885185,50.2132233358706,49.5841143508672,49.70849686040325,50.28847664568987,51.106674888762655,,,,50.429605700372186,,,49.59783771810129,51.70462075814821,"rgba(0, 255, 0, 1.0)",1.8518102054031835,51.70462075814821,2.888014327573809,56.18338961306025,0.8454753976754219,False,False,True,False,True,8.50299432804212,0.0,0.0,0.0,0.0,0,0.8849828902429623,0.8761892991228265,False,False,False,False,0.31480428809249905,0.21362387419355164,False,False,False,False,342767,293924.64243978553,False,False,False,False,7725.90617733629,False,False,False,False
2023-03-31 00:00:00+00:00,57.7540597858,57.7540597858,57.6908745422,57.6908745422,864,,,,,,,,,,,,,,,,,,,,,,55.11389048041057,55.466317736444815,54.20285509605218,52.84000814210139,50.209691217152994,49.60007850902318,50.02620373608797,,,,,,,,,,,,,,,,,,,,,,54.648871074774156,55.038835610822524,50.43277812377667,50.32723366122675,50.268736941506525,50.216225153174086,49.58637830379204,49.71060980108521,50.290270925111656,51.10813681544979,,,,50.43277812377667,,,49.60007850902318,51.71100713694074,"rgba(0, 255, 0, 1.0)",1.8321260911524166,51.71100713694074,3.2983825065545327,59.36660211505955,3.8789666671590055,False,False,True,False,True,10.097192014938688,0.0,0.0,0.0,0.0,0,0.8988007212509214,0.8537951249986719,False,False,False,False,0.34282823731660444,0.27822605575507803,False,False,False,False,343631,295873.91136371554,False,False,False,False,7456.81181744075,False,False,False,False
2023-04-03 00:00:00+00:00,57.7477128423,57.8140241923,57.5677248921,57.5771979421,12432,,,,,,,,,,,,,,,,,,,,,,55.31856069287612,55.59342247417928,54.269696530598544,52.88826396091275,50.25343273617,49.632093373311335,50.053964295705704,,,,,,,,,,,,,,,,,,,,,,55.02717256320406,55.26373324513182,50.47797856834042,50.37235799428223,50.31348016421983,50.25902177866746,49.61872306660976,49.74080245831913,50.31591308298279,51.12902777858917,,,,50.47797856834042,,,49.632093373311335,51.79574380965296,"rgba(0, 255, 0, 1.0)",1.8367126951059651,51.79574380965296,3.2405552858138487,61.466866974667624,5.852670694994394,True,False,True,False,True,10.078358061110539,0.0,0.0,0.0,0.0,0,0.8915382493565437,0.8543233587439835,False,False,False,False,0.33743584189235853,0.3078309488237183,False,False,False,False,331199,297259.20895729534,False,False,False,False,7651.917236364643,False,False,False,False
2023-04-04 00:00:00+00:00,57.8956818834,57.8956818834,57.8234972423,57.8613894424,1156,,,,,,,,,,,,,,,,,,,,,,55.3371416088332,55.60536129638276,54.27606883640176,52.8928514627105,50.2575618622442,49.63511683409678,50.05658978363592,,,,,,,,,,,,,,,,,,,,,,55.05948979738076,55.28399289861874,50.48224644901015,50.376617810275185,50.31770373804938,50.26306230991979,49.621777469894,49.743655137028234,50.3183404163877,51.131011221559675,,,,50.48224644901015,,,49.63511683409678,51.80344640778993,"rgba(0, 255, 0, 1.0)",1.8421642432868541,51.80344640778993,3.307107657642998,63.15275388614877,7.466127460667558,True,False,True,False,True,10.41838655664398,0.0,0.0,0.0,0.0,0,0.8891997137914097,0.8614397557388106,False,False,False,False,0.34282823784127503,0.32532959333249667,False,False,False,False,332355,298635.5144883818,False,False,False,False,7397.175383958186,False,False,False,False
2023-04-05 00:00:00+00:00,57.1982759419,57.340371692,57.1982759419,57.340371692,560,,,,,,,,,,,,,,,,,,,,,,55.34384662691093,55.609514823798456,54.27861164781043,52.894791716555574,50.25939620497988,49.63646943490023,50.0577591877022,,,,,,,,,,,,,,,,,,,,,,55.07145618072647,55.2913475693845,50.48413716965833,50.378507445569575,50.31957865376671,50.26485720858271,49.6231440887222,49.74492996406657,50.31941832257497,51.131882448488895,,,,50.48413716965833,,,49.63646943490023,51.806449923188154,"rgba(0, 255, 0, 1.0)",1.8051702180399103,51.806449923188154,2.9868795556390233,61.735426803319186,7.466127460667558,True,False,True,False,True,8.319630973335734,0.0,0.0,0.0,0.0,0,0.8796469027050889,0.8689219046982395,False,False,False,False,0.24777126004623234,0.2865504266893645,False,False,False,False,331795,299935.8864692296,False,False,False,False,7129.050859097081,False,False,False,False
2023-04-06 00:00:00+00:00,57.7982989293,57.8991869119,57.425629142,57.425629142,715,,,,,,,,,,,,,,,,,,,,,,55.354402729718686,55.61627658978324,54.28235657181044,52.89752931545461,50.261891677637394,49.63830054542559,50.05934765835454,,,,,,,,,,,,,,,,,,,,,,55.08975244658985,55.302859476839146,50.48671454350294,50.381080831522944,50.32213065030265,50.26729916957513,49.624993984841076,49.74665724610535,50.32088587086202,51.133078500898705,,,,50.48671454350294,,,49.63830054542559,51.81091516524849,"rgba(0, 255, 0, 1.0)",1.7506953790465956,51.81091516524849,3.4200031802860877,62.13100616066001,7.466127460667558,True,False,True,False,True,9.727610000787337,0.0,0.0,0.0,0.0,0,0.866915929090213,0.8641358089904702,False,False,False,False,0.31048455989452095,0.2985174932919427,False,False,False,False,332510,301213.30268612254,False,False,False,False,6877.5194528579805,False,False,False,False
2023-04-10 00:00:00+00:00,57.7329348843,57.7329348843,57.378263892,57.4635213421,12131,,,,,,,,,,,,,,,,,,,,,,55.51359527918675,55.71988052701998,54.342978819785735,52.94261761712766,50.30345190275534,49.66888523993394,50.08587168398221,,,,,,,,,,,,,,,,,,,,,,55.35574877219722,55.475753093131054,50.52960518847423,50.42391751986153,50.36461997224295,50.3079728715043,49.6558919662054,49.775508273287656,50.34538402932419,51.15301904258088,,,,50.52960518847423,,,49.66888523993394,51.880276576388304,"rgba(0, 255, 0, 1.0)",1.6928329495122918,51.880276576388304,3.4573159209819595,62.151658459557304,7.466127460667558,True,False,True,False,True,9.52920622284202,0.0,0.0,0.0,0.0,0,0.8594085265950466,0.8700628477746515,False,False,False,False,0.2932279202324928,0.2958727067622178,False,False,False,False,320379,301964.89865921583,False,False,False,False,7083.538297843942,False,False,False,False
2023-04-11 00:00:00+00:00,58.2868241182,58.2868241182,58.0129582425,58.0224312925,5737,,,,,,,,,,,,,,,,,,,,,,55.600044829734315,55.7791246581805,54.375841099338196,52.96625565280253,50.3244918454106,49.684319169602844,50.09931340049276,,,,,,,,,,,,,,,,,,,,,,55.490514728165905,55.56865973408241,50.55135793513059,50.4456217651801,50.38613809274298,50.328568492015435,49.67148150031441,49.79008443642466,50.35783361982715,51.16325049393811,,,,50.55135793513059,,,49.684319169602844,51.91664126196373,"rgba(0, 255, 0, 1.0)",1.658780813933102,51.91664126196373,3.840280043468827,63.394061831098085,8.258491279904746,True,False,True,False,True,10.828552026633979,0.0,0.0,0.0,0.0,0,0.8646946563460286,0.8676003805693061,False,False,False,False,0.3428282388522924,0.3193504728072551,False,False,False,False,326116,302912.0006725799,False,False,False,False,7030.732874399082,False,False,False,False
2023-04-12 00:00:00+00:00,58.5055568428,58.6666934234,58.5055568428,58.6666934234,520,,,,,,,,,,,,,,,,,,,,,,55.6086655389076,55.785141936047424,54.37907304304725,52.968535984490465,50.326481227900786,49.68577500147452,50.10058418882666,,,,,,,,,,,,,,,,,,,,,,55.503658227385465,55.57789072197423,50.55341702492928,50.447675091346824,50.388173215419684,50.33051602392271,49.672951894229385,49.79146018569664,50.35901237325834,51.16422429147923,,,,50.55341702492928,,,49.68577500147452,51.92019035119626,"rgba(0, 255, 0, 1.0)",1.626075563377276,51.92019035119626,4.049852688227025,64.68443887767066,9.728611383661601,True,False,True,False,True,11.337676984223144,0.0,0.0,0.0,0.0,0,0.8756005958434525,0.8545456977421344,False,False,False,False,0.3428282401590811,0.33108935648316806,False,False,False,False,326636,303842.3535873807,False,False,False,False,6775.41001657951,False,False,False,False
2023-04-13 00:00:00+00:00,59.7086341937,59.7086341937,59.2642534179,59.3865504935,1585,,,,,,,,,,,,,,,,,,,,,,55.643447276094484,55.809885480520535,54.391245715211745,52.97671788164548,50.333275826027965,49.69070991416245,50.10491351056271,,,,,,,,,,,,,,,,,,,,,,55.55593763492285,55.61501140991754,50.560470875125894,50.45469911939301,50.39512951742767,50.337168171558034,49.67793541114061,49.79612947277904,50.363041650923854,51.167592580997514,,,,50.560470875125894,,,49.69070991416245,51.93372420284773,"rgba(0, 255, 0, 1.0)",1.6333205588589954,51.93372420284773,4.760186203915579,67.69770892494815,12.753259035988627,True,False,True,False,True,14.051606254911096,0.0,0.0,0.0,0.0,0,0.8860690213417821,0.8479223037630161,False,False,False,False,0.34282824226472997,0.336958799373949,False,False,False,False,328221,304798.3789368952,False,False,False,False,6571.864525733255,False,False,False,False
2023-04-14 00:00:00+00:00,59.4244426935,59.6044306436,59.4062544375,59.6044306436,473,,,,,,,,,,,,,,,,,,,,,,55.653493473166165,55.81704647948128,54.394809703725585,52.97912520192683,50.335283520685195,49.69216940171231,50.106193495516344,,,,,,,,,,,,,,,,,,,,,,55.57096430832117,55.625727559547045,50.56255457396718,50.45677426409648,50.39718480811907,50.339133805520284,49.67940928107967,49.79751031621314,50.36423266400635,51.168587400275406,,,,50.56255457396718,,,49.69216940171231,51.93765883866821,"rgba(0, 255, 0, 1.0)",1.612199170160502,51.93765883866821,4.64383309047755,68.50803912256555,13.641308662004526,True,False,True,False,True,13.145854067776781,0.0,0.0,0.0,0.0,0,0.8653287384642991,0.8625612795792628,False,False,False,False,0.3428282423022853,0.3398935208381172,False,False,False,False,327748,305698.3640766248,False,False,False,False,6332.693367861363,False,False,False,False
2023-04-17 00:00:00+00:00,59.3474267969,59.3474267969,59.3474267969,59.3474267969,330,,,,,,,,,,,,,,,,,,,,,,55.6602324386964,55.82184789681524,54.39722927694617,52.98076985385752,50.3366636620501,49.6931737693936,50.10707382689541,,,,,,,,,,,,,,,,,,,,,,55.581030970312725,55.63291588150617,50.56398639772421,50.45820046798819,50.398597512141926,50.340485035342496,49.6804235619327,49.79846043404464,50.36505148303911,51.1692703841397,,,,50.56398639772421,,,49.6931737693936,51.94031840310743,"rgba(0, 255, 0, 1.0)",1.6033524039566476,51.94031840310743,4.619763175901813,68.71327613046978,14.018601368431277,True,False,True,False,True,12.89862874679951,0.0,0.0,0.0,0.0,0,0.8502361862167527,0.8751790520482254,False,False,False,False,0.32381743652720313,0.3318554786826602,False,False,False,False,327418,306550.1145049925,False,False,False,False,6097.2936279452315,False,False,False,False
2023-04-18 00:00:00+00:00,59.7720088983,59.7720088983,59.5665384436,59.5665384436,859,,,,,,,,,,,,,,,,,,,,,,55.67934242641891,55.83554129133962,54.40396869255315,52.985286173115696,50.34039612426579,49.69588358389082,50.1094528473118,,,,,,,,,,,,,,,,,,,,,,55.60943865700457,55.65327908928906,50.5678623024949,50.462059405632026,50.402418977536634,50.344139409342596,49.68315998532022,49.80102492811572,50.36726666260764,51.17112506364383,,,,50.5678623024949,,,49.69588358389082,51.94774385999311,"rgba(0, 255, 0, 1.0)",1.5915739519765264,51.94774385999311,4.916054970986537,69.67297962102116,15.148220324356188,True,False,True,False,True,13.863232095694883,0.0,0.0,0.0,0.0,0,0.8685196522915075,0.8605061943086939,False,False,False,False,0.3428282426185603,0.3373418606506102,False,False,False,False,328277,307402.1492302869,False,False,False,False,5891.870348417968,False,False,False,False
2023-04-19 00:00:00+00:00,59.6151351901,59.7465263937,59.442346758,59.4623348935,1662,,,,,,,,,,,,,,,,,,,,,,55.71488241359865,55.86107022921014,54.41670919826974,52.99387453324172,50.34753056350769,49.70106890062676,50.114003459003605,,,,,,,,,,,,,,,,,,,,,,55.66196071285852,55.69112556616567,50.57526833424908,50.46943411639369,50.40972274325237,50.35112472310842,49.68839625211104,49.80593180187424,50.37150275137577,51.17466827717635,,,,50.57526833424908,,,49.70106890062676,51.96166321035432,"rgba(0, 255, 0, 1.0)",1.5873438108911975,51.96166321035432,4.821559089614443,69.56172741253489,15.271381707690608,True,False,True,False,True,13.345868075560482,0.0,0.0,0.0,0.0,0,0.8740900801512442,0.8521597641522951,False,False,False,False,0.334025253550722,0.3356835571006661,False,False,False,False,326615,308155.594358511,False,False,False,False,5725.9930798525575,False,False,False,False
2023-04-20 00:00:00+00:00,59.8978110023,59.8978110023,59.7654724937,59.7654724937,423,,,,,,,,,,,,,,,,,,,,,,55.72440588646142,55.86794717503484,54.420099202003996,52.99614017014139,50.34939408516511,49.70242138104507,50.11519173983904,,,,,,,,,,,,,,,,,,,,,,55.6759505894797,55.701256626814875,50.57720397164964,50.4713609914261,50.41163077927895,50.35294934806484,49.689761970722095,49.807212033513316,50.37260973057689,51.175596587020536,,,,50.57720397164964,,,49.70242138104507,51.96536072166105,"rgba(0, 255, 0, 1.0)",1.5771776008042941,51.96536072166105,5.029522532271406,70.08767967079604,16.0354680972178,True,False,True,False,True,13.998884797607055,0.0,0.0,0.0,0.0,0,0.8780770396317354,0.8626424105070195,False,False,False,False,0.3428282429159498,0.33925590000830796,False,False,False,False,327038,308896.08085425565,False,False,False,False,5518.032566917163,False,False,False,False
2023-04-21 00:00:00+00:00,60.3149093942,60.3906937942,59.8886221438,59.8886221438,2684,,,,,,,,,,,,,,,,,,,,,,55.788782820332756,55.914759368934284,54.44286824658313,53.01120136816586,50.36162923600977,49.71128553226011,50.122991200372766,,,,,,,,,,,,,,,,,,,,,,55.769729136410334,55.76964542806393,50.58992234474541,50.484016982859124,50.42416052927639,50.3649296285113,49.6987124445543,49.815605895497654,50.37988257417728,51.18171579376775,,,,50.58992234474541,,,49.71128553226011,51.99010814885425,"rgba(0, 255, 0, 1.0)",1.5846804850901837,51.99010814885425,5.253299528625161,71.27539073168407,17.402135593454886,True,False,True,False,True,14.956415085743856,0.0,0.0,0.0,0.0,0,0.8791609279309852,0.8473345754975607,False,False,False,False,0.34282824344078383,0.3410420717245459,False,False,False,False,329722,309712.7835658535,False,False,False,False,5406.894034881197,False,False,False,False
2023-04-24 00:00:00+00:00,60.779941419,60.8927654446,60.4570998748,60.6851161884,5074,,,,,,,,,,,,,,,,,,,,,60.70993557946667,55.919112843297654,56.01079765715994,54.4892105945556,53.04151821420448,50.38587577299477,49.72881796399513,50.138450285279646,,,,,,,,,,,,,,,,,,,,,,55.956097965347645,55.90771243857973,50.61515030858982,50.509108870943564,50.4489960092137,50.38867322402641,49.71641425947019,49.83221766688343,50.394317492303784,51.19391671197316,,,,50.61515030858982,,,49.72881796399513,52.52146243657141,"rgba(0, 255, 0, 1.0)",1.6477117454951906,52.52146243657141,5.012089647966092,72.91409655578543,19.13614832171322,True,False,True,False,True,16.00986145940592,0.0,0.0,0.0,0.0,0,0.8916901819660783,0.8371937476976533,False,True,False,False,0.3428282442472566,0.34193515798590124,False,False,False,False,334796,310696.4391122906,False,False,False,False,5393.83936684664,False,True,False,False
2023-04-25 00:00:00+00:00,59.7370533437,60.4096398942,59.7370533437,60.4096398942,644,,,,,,,,,,,,,,,,,,,,,60.625613395662356,55.93265433749275,56.020814235009965,54.49434146200495,53.04497499848079,50.38872247769805,49.730887767604855,50.1402704190739,,,,,,,,,,,,,,,,,,,,,,55.97518366043215,55.922039898120225,50.618106479173456,50.512051674871294,50.45191022195609,50.39146097166596,49.71850420026381,49.834177570451686,50.39601394916179,51.195341377896234,,,,50.618106479173456,,,49.730887767604855,52.52183717205669,"rgba(0, 255, 0, 1.0)",1.6435084880402253,52.52183717205669,4.390130153965297,69.12629007275692,23.048760490470485,True,False,True,False,False,12.496947720343481,0.0,0.0,0.0,0.0,0,0.8719139245912407,0.8253534974353753,False,False,False,False,0.28279649498816267,0.31236582648703193,False,False,False,False,334152,311616.2650294557,False,False,False,False,5207.571156382065,False,False,False,False
2023-04-26 00:00:00+00:00,59.4528618435,59.9833526439,59.4433887935,59.9833526439,2478,,,,,,,,,,,,,,,,,,,,,60.32354925651791,55.97966445942522,56.05565306212806,54.51279144628925,53.05760179932235,50.39927787888905,49.73858389130504,50.147029212595996,,,,,,,,,,,,,,,,,,,,,,56.04092930574665,55.971746347919506,50.62905701409812,50.52295750384823,50.46271286250858,50.40179796063684,49.72627545279139,49.8414628502595,50.40230778717407,51.20060977596897,,,,50.62905701409812,,,49.73858389130504,52.52300043707915,"rgba(0, 255, 0, 1.0)",1.655425013006548,52.52300043707915,4.186152409184024,65.48366889903659,19.701096197152424,True,False,True,False,False,11.567804329433663,0.0,0.0,0.0,0.0,0,0.8539037143214642,0.8449035856658181,False,False,False,False,0.2478265753795722,0.28009620093330206,False,False,False,False,331674,312402.84287143784,False,False,False,False,5100.529150249435,False,False,False,False
2023-04-27 00:00:00+00:00,59.6991611437,59.6991611437,59.4812809935,59.4812809935,6077,,,,,,,,,,,,,,,,,,,,,60.02678199531263,56.090039175135495,56.13830712662082,54.55748118450834,53.08836338620178,50.42506191464966,49.75740713845291,50.16356364935143,,,,,,,,,,,,,,,,,,,,,,56.19256378004122,56.08817858153926,50.655799531199534,50.54959259223162,50.48909767179871,50.42705050239318,49.74528201740104,49.85928332591816,50.41770640242395,51.2135020652726,,,,50.655799531199534,,,49.75740713845291,52.549170113358464,"rgba(0, 255, 0, 1.0)",1.6838554348650852,52.549170113358464,4.246202424684049,63.74301396875593,18.193176253060173,True,False,True,False,False,12.157959389969527,0.0,0.0,0.0,0.0,0,0.8501259517825969,0.8585303086947992,False,False,False,False,0.2360022284858175,0.25804921470955977,False,False,False,False,337751,313396.88824902853,False,False,False,False,5138.822124749457,False,False,False,False
2023-04-28 00:00:00+00:00,60.087556194,60.1018604995,59.7465263937,59.7938916438,7069,,,,,,,,,,,,,,,,,,,,,60.01083872084323,56.22228606306911,56.23899762809352,54.61203658957556,53.12569360158353,50.456015009412205,49.77999109209455,50.18343769267608,,,,,,,,,,,,,,,,,,,,,,56.370080409564906,56.22719906008464,50.68792133546743,50.58157443134196,50.52077434577167,50.45736952026154,49.76808415325315,49.88067566107021,50.43623653699822,51.229074913996214,,,,50.68792133546743,,,49.77999109209455,52.59934926473099,"rgba(0, 255, 0, 1.0)",1.719685172124945,52.59934926473099,4.354405707886717,63.6272468600384,18.125062302580375,True,False,True,False,False,13.084869494809094,0.0,0.0,0.0,0.0,0,0.8526948172758402,0.8542843352754436,False,False,False,False,0.2682297090870167,0.26313946189828824,False,False,False,False,344820,314629.1671412235,False,False,False,False,5214.515374759282,False,False,False,False
2023-05-01 00:00:00+00:00,60.2296519441,60.4238494692,60.2296519441,60.3812207442,9355,,,,,,,,,,,,,,,,,,,,,60.097250106950575,56.39766451846918,56.374992723362894,54.68671808659136,53.176726038258224,50.498018798298645,49.81064588290301,50.21045907999258,,,,,,,,,,,,,,,,,,,,,,56.59935330803262,56.41084863700197,50.73152519125518,50.624977547093344,50.56375969806337,50.498519321048704,49.79903267040485,49.90972812020273,50.461456624182524,51.250339525361994,,,,50.73152519125518,,,49.81064588290301,52.67233421541521,"rgba(0, 255, 0, 1.0)",1.7557989455709075,52.67233421541521,4.304204503453261,63.925414920013495,18.125062302580375,True,False,True,False,False,13.42393266070113,0.0,0.0,0.0,0.0,0,0.8759360725036889,0.8467728785918998,False,False,False,False,0.3078191805578337,0.28547932122806097,False,False,False,False,354175,316179.9841160775,False,False,False,False,5376.887320847154,False,False,False,False
2023-05-02 00:00:00+00:00,59.6707419937,59.6707419937,59.5760114936,59.5760114936,648,,,,,,,,,,,,,,,,,,,,,60.08778004648135,56.40730595230051,56.38255735236762,54.691222529300646,53.17991111597198,50.5007213175828,49.81263035842697,50.2122041736609,,,,,,,,,,,,,,,,,,,,,,56.61160550575665,56.42091440825088,50.734324937819714,50.62776687397308,50.56652364973682,50.50116713021057,49.8010362555928,49.911607923811125,50.46308269619631,51.251702339512065,,,,50.734324937819714,,,49.81263035842697,52.67578136483072,"rgba(0, 255, 0, 1.0)",1.7670691131035803,52.67578136483072,3.9585099286715084,61.59785403145759,16.05302771599966,True,False,True,False,False,11.522214630056983,0.0,0.0,0.0,0.0,0,0.8759010686019499,0.8597431398080666,False,False,False,False,0.23917920810613683,0.2623292646670989,False,False,False,False,353527,317644.5729742705,False,False,False,False,5191.440759245304,False,False,False,False
2023-05-03 00:00:00+00:00,60.4001668442,60.8737246141,60.153867544,60.153867544,3431,,,,,,,,,,,,,,,,,,,,,60.12607389969869,56.470387372580596,56.432175881168554,54.71894686282153,53.19890101993241,50.51631167587657,49.824017914206244,50.2222524501243,,,,,,,,,,,,,,,,,,,,,,56.6923503315731,56.48677064653779,50.75050982548486,50.643875642679085,50.58247720762846,50.51644251117822,49.81253228233602,49.9224040421552,50.472466980326175,51.25962985869622,,,,50.75050982548486,,,49.824017914206244,52.702695911389114,"rgba(0, 255, 0, 1.0)",1.8034312345269117,52.702695911389114,4.268236451405445,62.11717457397156,16.05302771599966,True,False,True,False,False,13.289663465303398,0.0,0.0,0.0,0.0,0,0.9020123444941472,0.839090363470135,False,False,False,False,0.326530326462087,0.2944297955645929,False,False,False,False,356958,319186.27599488734,False,False,False,False,5122.403866725881,False,False,False,False
2023-05-04 00:00:00+00:00,59.9833526439,60.2580710941,59.8980951938,59.9265143439,8798,,,,,,,,,,,,,,,,,,,,,60.1100084558815,56.607128188855505,56.541134362816756,54.7836264419195,53.24430045455905,50.55435360324616,49.85193509304218,50.24685391011259,,,,,,,,,,,,,,,,,,,,,,56.862927581882225,56.62909083799918,50.789945794407174,50.683149393987684,50.621387138349526,50.5537200184562,49.84071575575978,49.9488652458989,50.49542106420763,51.27895174365906,,,,50.789945794407174,,,49.85193509304218,52.75797306028003,"rgba(0, 255, 0, 1.0)",1.8274671288878446,52.75797306028003,3.953767194716751,60.71272966581081,15.055247254516502,True,False,True,False,False,11.879152280586638,0.0,0.0,0.0,0.0,0,0.8954909969036423,0.8465299385988657,False,False,False,False,0.2832609698088856,0.28884538268673926,False,False,False,False,348160,320322.5004656761,False,False,False,False,5266.54489156016,False,False,False,False
2023-05-05 00:00:00+00:00,60.4191129442,60.6748852944,59.9075682439,59.9075682439,106125,,,,,,,,,,,,,,,,,,,,,60.26869867383896,57.783455643835644,57.55252602916391,55.49260084159033,53.769290897553624,51.0036033764997,50.18621756948972,50.54260953366339,,,,,,,,,,,,,,,,,,,,,,58.182595202809004,57.834455171824395,51.25454979945069,51.146060956404604,51.080296516909314,50.99438356203137,50.17807848960499,50.266269091554655,50.77195146505987,51.51292337214275,,,,51.25454979945069,,,50.18621756948972,53.32336478852372,"rgba(0, 255, 0, 1.0)",1.8622064511973653,53.32336478852372,3.8103982247048087,61.00122799759562,15.055247254516502,True,False,True,False,False,12.936893101113206,0.0,0.0,0.0,0.0,0,0.8992999745577983,0.8418480423886437,False,False,False,False,0.3042893842333659,0.29656738346005257,False,False,False,False,454285,325575.93181996327,False,False,False,False,9221.778425224467,False,False,False,False
2023-05-08 00:00:00+00:00,60.6085739444,60.778994114,60.3717476942,60.5678398293,30392,,,,,,,,,,,,,,,,,,,,,60.32232018382943,58.015825068106196,57.767780616702595,55.67236490974376,53.910858222171825,51.12803493848804,50.28034332671273,50.6262430513145,,,,,,,,,,,,,,,,,,,,,,58.41863266778584,58.06901596388697,51.38285817771726,51.27398280866792,51.20720949564728,51.1165768822788,50.27303727376938,50.355815823275115,50.85032046397633,51.57957252614701,,,,51.38285817771726,,,50.28034332671273,53.458377355567826,"rgba(0, 255, 0, 1.0)",1.8943775795322253,53.458377355567826,3.7744305391313575,61.70677794793179,15.055247254516502,True,False,True,False,False,13.394897045629328,0.0,0.0,0.0,0.0,0,0.9328815827718514,0.8349745075592351,False,False,False,False,0.3327380339768145,0.31465270871843354,False,False,False,False,484677,331815.189395651,False,False,False,False,10051.983192862725,False,False,False,False
2023-05-09 00:00:00+00:00,60.3054363441,60.4664781943,59.8602029938,59.8602029938,12915,,,,,,,,,,,,,,,,,,,,,60.31485150825439,58.090516087919355,57.8392786798454,55.73941902554931,53.965965610529175,51.17787693692591,50.31838845792748,50.66003785510582,,,,,,,,,,,,,,,,,,,,,,58.49041408238385,58.14387590505577,51.43413785847131,51.32514807005915,51.25800100670574,51.16554206385394,50.31141612764129,50.39201939602352,50.88197488597808,51.60643020731616,,,,51.43413785847131,,,50.31838845792748,53.50640520919698,"rgba(0, 255, 0, 1.0)",1.9172775738429906,53.50640520919698,3.5461903000696187,60.791054443697874,14.713964939133135,True,False,True,False,False,12.34255839529635,0.0,0.0,0.0,0.0,0,0.9083776201232275,0.8472185259109445,False,False,False,False,0.2916421198828054,0.3031474143006195,False,False,False,False,471762,337303.2996154294,False,False,False,False,10164.25836177007,False,False,False,False
2023-05-10 00:00:00+00:00,59.9833526439,60.2296519441,59.7559994437,60.2296519441,7957,,,,,,,,,,,,,,,,,,,,,60.30197607799559,58.129515754607105,57.877367261727294,55.77775991254971,53.99825530739321,51.207568643697755,50.34116296359056,50.68026148443788,,,,,,,,,,,,,,,,,,,,,,58.526521711592295,58.18278734611899,51.46464776303321,51.355603667747495,51.288244031009164,51.19471731595419,50.334389631610854,50.413693322012264,50.90091140198225,51.62247136148328,,,,51.46464776303321,,,50.34116296359056,53.5332141643635,"rgba(0, 255, 0, 1.0)",1.9360610701598375,53.5332141643635,3.3315780059582454,58.775494815734035,12.660188139766156,False,False,True,False,False,11.229578161296061,0.0,0.0,0.0,0.0,0,0.9189457112814894,0.8510124123232754,False,False,False,False,0.27491840551660873,0.2890329099086141,False,False,False,False,463805,342264.1506109028,False,False,False,False,10077.699210328106,False,False,False,False
2023-05-11 00:00:00+00:00,59.7370533437,59.8791490938,59.6044306436,59.8696760438,7464,,,,,,,,,,,,,,,,,,,,,60.2818586539556,58.15995617135937,57.90781253696283,55.811008596539935,54.026983233388385,51.23445340883433,50.36187929668476,50.69864635322767,,,,,,,,,,,,,,,,,,,,,,58.553335080277655,58.21298819918684,51.492238506355044,51.383158516089985,51.31561558037339,51.2211388172725,50.35528660411796,50.43340826489085,50.918117627635944,51.637015981921195,,,,51.492238506355044,,,50.36187929668476,53.55582785717079,"rgba(0, 255, 0, 1.0)",1.9499357357877782,53.55582785717079,3.1699636932044735,56.39662342579801,10.345108182071726,False,False,True,False,False,10.380614358993835,0.0,0.0,0.0,0.0,0,0.9099746886349358,0.8791564878763477,False,False,False,False,0.25056482854809964,0.26979886922835683,False,False,False,False,456341,346737.75254773017,False,False,False,False,9975.201202079945,False,False,False,False
2023-05-12 00:00:00+00:00,59.7323168187,60.144394494,59.5854845436,59.8824646613,7321,,,,,,,,,,,,,,,,,,,,,60.266211192174794,58.19018144503736,57.93799344166528,55.84373995543311,54.055276094122526,51.260907104753564,50.382283910538824,50.716766600841545,,,,,,,,,,,,,,,,,,,,,,58.580216051899534,58.24299677070484,51.51938496493531,51.410268794895245,51.342546011252544,51.24713933240449,50.375868297904795,50.45283129827466,50.93508269939944,51.65137266275717,,,,51.51938496493531,,,50.382283910538824,53.578392590499725,"rgba(0, 255, 0, 1.0)",1.9665543125306895,53.578392590499725,3.129292788400543,54.79007839848015,8.807061380634963,False,False,False,False,False,10.364122148438739,0.0,0.0,0.0,0.0,0,0.9163151527941997,0.8687792108368135,False,False,False,False,0.26247381180376644,0.2661363405160616,False,False,False,False,449020,350748.8210752702,False,False,False,False,9871.114880429752,False,False,False,False
2023-05-15 00:00:00+00:00,60.2959632941,60.4759512443,59.9075682439,60.0165083189,13019,,,,,,,,,,,,,,,,,,,,,60.263950924172846,58.25401925334634,58.00044979654736,55.90645112910622,54.1084061355864,51.309760461027466,50.419903598416454,50.75024108245762,,,,,,,,,,,,,,,,,,,,,,58.64005221843892,58.30671831005861,51.569563490688566,51.460356591268514,51.39228966879686,51.29515993601995,50.413811592246226,50.48866113355258,50.96646305149513,51.67804114206774,,,,51.569563490688566,,,50.419903598416454,53.6235721952941,"rgba(0, 255, 0, 1.0)",1.9928247799733056,53.6235721952941,3.3482076125605356,55.908006079153466,8.807061380634963,False,False,True,False,False,11.845429796862849,0.0,0.0,0.0,0.0,1,0.9110270862014465,0.8694533194525013,False,False,False,False,0.2944446614885397,0.2802905010023007,False,False,False,False,462039,355113.1418174165,False,False,False,False,9994.561355707016,False,False,False,False
2023-05-16 00:00:00+00:00,59.7654724937,60.0212448439,59.7654724937,59.9928256939,1417,,,,,,,,,,,,,,,,,,,,,60.26140715862339,58.259448912689585,58.00592962735368,55.9125842539585,54.11378192679617,51.31482287399933,50.42382458785964,50.75372635199128,,,,,,,,,,,,,,,,,,,,,,58.64482274855986,58.31209830028395,51.57475454193192,51.46554165715294,51.397441357514715,51.30013697375073,50.41776627446338,50.49239516742618,50.96972765407849,51.680806607087206,,,,51.57475454193192,,,50.42382458785964,53.627834276417836,"rgba(0, 255, 0, 1.0)",2.0066134580696566,53.627834276417836,3.0587048006677464,54.267153216081155,8.357867729306804,False,False,False,False,False,9.975141755312798,0.0,0.0,0.0,0.0,1,0.8873404586709859,0.8838841008353275,False,False,False,False,0.26523229034088125,0.27276139567159097,False,False,False,False,460622,359250.7440990864,False,False,False,False,9658.186400581251,False,False,False,False
2023-05-17 00:00:00+00:00,59.4860175185,59.5712749686,59.2444547434,59.2823469434,4996,,,,,,,,,,,,,,,,,,,,,60.243828507760405,58.273363287705536,58.02068651769657,55.9317841659091,54.131284372156244,51.33175470210386,50.437012970275724,50.76543124380405,,,,,,,,,,,,,,,,,,,,,,58.65563526564055,58.32571283437204,51.5920859478191,51.48286573223847,51.414661861951444,51.31678554906532,50.43106818031473,50.504951421402886,50.98067942404043,51.690045370827576,,,,51.5920859478191,,,50.437012970275724,53.640535408615776,"rgba(0, 255, 0, 1.0)",2.0127071698893455,53.640535408615776,2.9042884118138237,52.04153691406297,6.23505067376491,False,True,False,False,False,9.002702018294038,0.0,0.0,0.0,0.0,1,0.9073581795059221,0.8868513059687738,False,False,False,False,0.2186103578845722,0.24568587677808157,False,False,False,False,455626,363030.16589912225,False,False,False,False,9475.35556134277,False,False,False,False
2023-05-18 00:00:00+00:00,59.4244426935,59.5760114936,59.2207721183,59.3581313435,12080,,,,,,,,,,,,,,,,,,,,,60.20294855500891,58.30493544186098,58.05448382184089,55.97700513368923,54.17292020700246,51.372269737730555,50.468647979918906,50.79351565864079,,,,,,,,,,,,,,,,,,,,,,58.6797333134774,58.356540152386025,51.633535603685466,51.52430420780077,51.45585818249373,51.35662829175908,50.462974298740654,50.53507556732129,51.00695963125806,51.71221626170819,,,,51.633535603685466,,,50.468647979918906,53.67058622479575,"rgba(0, 255, 0, 1.0)",2.0203452546126255,53.67058622479575,2.847957028912603,50.305828021772584,4.598886061448866,False,True,False,False,False,8.787119607185826,0.0,0.0,0.0,0.0,1,0.9113118436191743,0.8593059988676689,False,False,False,False,0.21771051726654866,0.23169819702231512,False,False,False,False,443546,366187.6495893528,False,False,False,False,9577.4984805058,False,False,False,False
2023-05-19 00:00:00+00:00,59.9928256939,60.1821919636,59.7465263937,59.7465263937,6401,,,,,,,,,,,,,,,,,,,,,60.19716732516527,58.32920456404113,58.07896099143918,56.00437435621735,54.1970773576931,51.39507643731129,50.486377779374386,50.80929762288691,,,,,,,,,,,,,,,,,,,,,,58.70135667375242,58.380607412749576,51.656909811378625,51.5476527742526,51.479059569092676,51.379056850421705,50.4808546007692,50.5519698392435,51.021753864241454,51.72477421993471,,,,51.656909811378625,,,50.486377779374386,53.690085113886944,"rgba(0, 255, 0, 1.0)",2.0402580230880734,53.690085113886944,3.089187989308048,51.609886515806785,4.598886061448866,False,True,False,False,False,10.349911013647237,0.0,0.0,0.0,0.0,1,0.9218621498812278,0.8464611718416039,False,False,False,False,0.2721412616309469,0.251919729326631,False,False,False,False,449947,369472.32999761344,False,False,False,False,9452.929912642829,False,False,False,False
2023-05-22 00:00:00+00:00,60.078083144,60.2276626036,59.9170412939,60.0117717939,1101,,,,,,,,,,,,,,,,,,,,,60.19663616910284,58.3335585282524,58.08332816249919,56.009162377876464,54.20128410215245,51.399032878903704,50.48945292393236,50.812036405193226,,,,,,,,,,,,,,,,,,,,,,58.70529112549591,58.384931437567936,51.660965459674536,51.55170353373885,51.48308459814637,51.382947831834954,50.48395577679056,50.55490053873715,51.0243221059405,51.72695664334468,,,,51.660965459674536,,,50.48945292393236,53.693530588843565,"rgba(0, 255, 0, 1.0)",2.061083035490466,53.693530588843565,3.0976687718149747,52.82112410671635,4.598886061448866,False,True,False,False,True,10.582627271720927,0.0,0.0,0.0,0.0,1,0.928285457409297,0.8481096666505145,False,False,False,False,0.282698970387164,0.26730934985689747,False,False,False,False,451048,372671.37588006,False,False,False,False,9125.403249401934,False,False,False,False
2023-05-23 00:00:00+00:00,58.723436993,59.2349816934,58.699943829,59.2349816934,3500,,,,,,,,,,,,,,,,,,,,,60.17887589598009,58.33790669314758,58.08887524415619,56.01988168708296,54.21191977294603,51.40986692143005,50.49800532122747,50.81961659072636,,,,,,,,,,,,,,,,,,,,,,58.70692363409922,58.38896636126607,51.67201509636102,51.562763429547005,51.494088772429045,51.393606124365256,50.492581179598915,50.563043725866194,51.03140609848376,51.73290040647607,,,,51.67201509636102,,,50.49800532122747,53.70018016417719,"rgba(0, 255, 0, 1.0)",2.0626541186451277,53.70018016417719,2.4353364839095657,48.44735925109926,3.0770956334416795,False,True,False,True,False,5.86333680277151,0.0,0.0,0.0,0.0,0,0.9236211240834183,0.8378121344487699,False,False,False,False,0.1771182647579734,0.22221380730743545,False,False,False,False,447548,375607.71408084204,False,False,False,False,8904.79920040578,False,False,False,False
2023-05-24 00:00:00+00:00,57.5866709922,57.9277007924,57.4952560596,57.9277007924,2916,,,,,,,,,,,,,,,,,,,,,60.15086341465274,58.33355555676278,58.086476958271476,56.024987784052904,54.218447901899566,51.41740479367804,50.504086173158335,50.824970530428274,,,,,,,,,,,,,,,,,,,,,,58.69918169839843,58.38417528405131,51.679647541038605,51.570426371575174,51.501727515032194,51.40102520481466,50.4987145211607,50.568826387961074,51.036385965288254,51.73700418210046,,,,51.679647541038605,,,50.504086173158335,53.702105988018054,"rgba(0, 255, 255, 0.75)",2.0544446417628364,53.702105988018054,1.8908102585079902,42.80313998994064,-2.046616329280994,False,True,False,True,False,2.2172696100891045,0.0,0.0,0.0,0.0,0,0.90360327343263,0.8741753818285107,False,False,False,False,0.061564188305753414,0.14188899780659442,False,False,False,False,444632,378314.5488227698,False,False,False,False,8669.944329801632,False,False,False,False
2023-05-25 00:00:00+00:00,57.6435092922,57.6435092922,57.416156092,57.416156092,5411,,,,,,,,,,,,,,,,,,,,,60.09843303475952,58.324409973009985,58.08102504341736,56.03379628057216,54.23013997650908,51.431116523132,50.515182205641786,50.83473535431538,,,,,,,,,,,,,,,,,,,,,,58.68372189819212,58.37420441459743,51.69351850025508,51.584357788262515,51.51561827923005,51.414522281153566,50.5099062422202,50.579377937092154,51.04546496195686,51.744473379034,,,,51.69351850025508,,,50.515182205641786,53.70522244851952,"rgba(0, 255, 255, 0.75)",2.051492300178297,53.70522244851952,1.9197180722239122,39.29629097448033,-5.042826849560726,False,True,False,True,False,2.3843199435119864,0.0,0.0,0.0,0.0,0,0.9194831490779223,0.8723649525330427,False,False,False,False,0.03686063775879716,0.08937481778269579,False,False,False,False,450043,381127.42926109256,False,False,False,False,8542.142591378039,False,False,False,False
2023-05-26 00:00:00+00:00,58.0887426425,58.2298910876,57.9940121425,57.9940121425,3439,,,,,,,,,,,,,,,,,,,,,60.07303524334068,58.32275131686317,58.081178914860004,56.0412822772334,54.23871629141819,51.44055847495955,50.52275135293295,50.84142010962722,,,,,,,,,,,,,,,,,,,,,,58.67873277998929,58.37212497512895,51.70310241883055,51.59396929901457,51.52519330387652,51.42381502640059,50.517540105736416,50.58658108548329,51.05169562956527,51.74964697329201,,,,51.70310241883055,,,50.52275135293295,53.7091164210307,"rgba(0, 255, 0, 1.0)",2.0460781670857955,53.7091164210307,2.140497998523268,38.94708082625069,-5.165572813116896,False,True,False,True,False,3.692521361870895,0.0,0.0,0.0,0.0,0,0.9167826826015735,0.8741407124462199,False,False,False,False,0.0913568034538208,0.0903658106182583,False,False,False,False,453482,383964.8634077164,False,False,False,False,8342.019352500467,False,False,False,False
2023-05-30 00:00:00+00:00,57.9087546924,58.4108263428,57.7477128423,58.4108263428,8963,,,,,,,,,,,,,,,,,,,,,60.00715654757133,58.31696887239217,58.080180253970596,56.05977736222378,54.26042198889326,51.464741260960984,50.54219586267762,50.85858928326227,,,,,,,,,,,,,,,,,,,,,,58.66432977954522,58.36524356262812,51.72762923509195,51.61857390555245,51.54970961416384,51.447618615647265,50.537150460201694,50.60508633486792,51.06769521157697,51.76291830913258,,,,51.72762923509195,,,50.54219586267762,53.718665914464445,"rgba(0, 255, 0, 1.0)",2.0396792740436185,53.718665914464445,2.0542880595284965,38.23361012912794,-5.825858222807085,False,True,False,True,False,3.112035257952801,0.0,0.0,0.0,0.0,0,0.9181779991927493,0.8674665819541773,False,False,False,False,0.05917900627960142,0.07477240844892985,False,False,False,False,444519,386339.5354309432,False,False,False,False,8366.371534755352,False,False,False,False
2023-05-31 00:00:00+00:00,57.0656532418,57.378263892,57.0656532418,57.378263892,658,,,,,,,,,,,,,,,,,,,,,60.000480524273364,58.31534970375234,58.079045623775315,56.060537632828925,54.261646756227705,51.4662796871373,50.54345712200805,50.859696867210424,,,,,,,,,,,,,,,,,,,,,,58.66192590928698,58.36351913966468,51.72917946348525,51.62013328995982,51.55126603211873,51.449133616942866,50.53842255948525,50.60628549453837,51.06872325876667,51.76375798323864,,,,51.72917946348525,,,50.54345712200805,53.71882448137226,"rgba(0, 255, 255, 0.75)",2.0314911038154633,53.71882448137226,1.647473992941374,35.76231804127534,-8.219289843956709,False,True,False,True,False,0.45169197522372073,0.0,0.0,0.0,0.0,0,0.9019999149474149,0.9003363156127062,False,False,False,False,-0.07304939725007259,0.0008615055994286303,False,False,False,False,443861,388595.27913953364,False,False,False,False,8064.082454961024,False,False,False,False
2023-06-01 00:00:00+00:00,57.425629142,57.425629142,57.0514436668,57.0514436668,4073,,,,,,,,,,,,,,,,,,,,,59.96172643108767,58.30656298086978,58.07308804456904,56.06577380864718,54.26954572270347,51.47600243614458,50.55140779275396,50.86668633493192,,,,,,,,,,,,,,,,,,,,,57.30090065026666,58.648508306200455,58.35411453713468,51.738986364641825,51.62999383351769,51.56110531545303,51.45870801464331,50.54644135879053,50.61384652214891,51.07521565483567,51.769075590832706,,,,51.738986364641825,,,50.55140779275396,53.90882577369332,"rgba(0, 255, 255, 0.75)",2.0267999315873273,53.90882577369332,1.7351507238074668,35.7514317997857,-8.342376688855374,False,True,False,True,False,1.5416960899356305,0.0,0.0,0.0,0.0,0,0.8876604048149711,0.9039678997748934,False,False,False,False,-0.0711048993310663,-0.035121696865818834,False,False,False,False,447934,390922.2878007284,False,False,False,False,7907.569417511573,False,False,False,False
2023-06-02 00:00:00+00:00,58.1728633266,58.3246215877,58.0697965425,58.0887426425,2785,,,,,,,,,,,,,,,,,,,,,59.944495501913686,58.30587136203519,58.073692176911315,56.07188519662091,54.27649883066131,51.483642820543494,50.557547457821826,50.872115332308574,,,,,,,,,,,,,,,,,,,,,57.66159151855722,58.645432163295126,58.35312189647248,51.74673986468572,51.637769430543756,51.568851857315565,51.46622925706251,50.552633008663264,50.619692101381396,51.08027941543065,51.773288601243856,,,,51.74673986468572,,,50.557547457821826,53.93112514702462,"rgba(0, 255, 0, 1.0)",2.0240619835246143,53.93112514702462,2.0956562665086955,38.73182937439376,-8.342376688855374,False,True,False,True,True,3.748390797200006,0.0,0.0,0.0,0.0,0,0.9187940022329617,0.8998646983519175,False,False,False,False,0.040902829089285775,0.0028905661117334704,False,False,False,False,450719,393267.2569065822,False,False,False,False,7706.684342315041,False,False,False,False
2023-06-05 00:00:00+00:00,57.9376474949,58.0982156925,57.9376474949,57.9561199424,3383,,,,,,,,,,,,,,,,,,,,,59.921700305792506,58.30363664219883,58.07317342457913,56.07857209814578,54.284486228860835,51.492627145480505,50.56479909932951,50.878521140338364,,,,,,,,,,,,,,,,,,,,,57.77046416499096,58.64015364273063,58.35049635319197,51.755844588610834,51.64690525204338,51.577956829328556,51.47507458370822,50.559946073745884,50.6265953770291,51.08624979879318,51.778241158042356,,,,51.755844588610834,,,50.56479909932951,53.940286521417924,"rgba(0, 255, 255, 0.75)",2.021874850598457,53.940286521417924,1.9770565781056582,40.03251892626114,-8.342376688855374,False,True,False,True,True,2.9958044414453546,0.0,0.0,0.0,0.0,0,0.9101166694347035,0.9000712116237536,False,False,False,False,0.019963203077969928,0.0114268845948517,False,False,False,False,447336,395387.59977299074,False,False,False,False,7537.128093596805,False,False,False,False
2023-06-06 00:00:00+00:00,57.7003475922,57.8707677619,57.406683042,57.4540482921,9705,,,,,,,,,,,,,,,,,,,,,59.848411620546315,58.290772058181695,58.06584138060086,56.09421465065055,54.305175882505154,51.51695449717821,50.58459774292139,50.89597947902697,,,,,,,,,,,,,,,,,,,,,57.71635923619051,58.61796472122955,58.33640540738825,51.78043458769618,51.671604976574734,51.602589681495715,51.49903134443212,50.579912440796065,50.645438343453556,51.10249972677002,51.79164849001071,,,,51.78043458769618,,,50.58459774292139,53.94451769829729,"rgba(0, 255, 255, 0.75)",2.0155515936421198,53.94451769829729,1.8634253301925632,40.20850185461518,-8.342376688855374,False,True,False,True,True,2.235934971621461,0.0,0.0,0.0,0.0,0,0.9113363348535822,0.8875390891029457,False,False,False,False,-0.05222738622033424,-0.02040025081274127,False,False,False,False,437631,397044.2037034617,False,False,False,False,7622.142678161637,False,False,False,False
2023-06-07 00:00:00+00:00,57.0561801918,57.7666589423,57.0561801918,57.6719284422,13053,,,,,,,,,,,,,,,,,,,,,59.741723895705604,58.264680764361515,58.0478569079079,56.10996086223256,54.32961087396086,51.54744004164158,50.609683252302474,50.91805531510164,,,,,,,,,,,,,,,,,,,,,57.548898888210154,58.57884303477159,58.308561155652725,51.81114583837002,51.70249465839507,51.63342276021805,51.5290630273054,50.60521008809084,50.669307899712265,51.123015413544486,51.808465331610996,,,,51.81114583837002,,,50.609683252302474,53.94144421100504,"rgba(0, 255, 255, 0.75)",2.0149641595111794,53.94144421100504,1.545802175236001,38.61138964141932,-8.342376688855374,False,True,False,True,True,0.20639489555360768,0.0,0.0,0.0,0.0,0,0.8892121747415564,0.8945469403372441,False,False,False,False,-0.08096835133326274,-0.05068430107300201,False,False,False,False,424578,398123.96042097296,False,False,False,False,7835.117475096476,False,False,False,False
2023-06-08 00:00:00+00:00,57.8613894424,57.9466468924,57.5298326921,57.5298326921,2223,,,,,,,,,,,,,,,,,,,,,59.72786904317481,58.26252868544793,58.04679673832808,56.11368677699166,54.334408866314064,51.55303657068078,50.61424626168301,50.922085409237894,,,,,,,,,,,,,,,,,,,,,57.563439763811814,58.5748425415939,58.30616660813691,51.81680301559845,51.708176201517425,51.639088863887665,51.53457547823391,50.60981131962389,50.67365313866493,51.12677011270709,51.811572121726385,,,,51.81680301559845,,,50.61424626168301,53.94418723775582,"rgba(0, 255, 255, 0.75)",2.005723751837637,53.94418723775582,1.9530118248114925,40.74287181085185,-8.342376688855374,False,True,False,True,True,2.6319385739249874,0.0,0.0,0.0,0.0,0,0.8985569737688175,0.873875421873023,False,False,False,False,-0.11825287471165875,-0.08446858789233039,False,False,False,False,426801,399248.5502083858,False,False,False,False,7615.034436857398,False,False,False,False
2023-06-09 00:00:00+00:00,57.2172220419,57.4824674421,57.2172220419,57.4824674421,3120,,,,,,,,,,,,,,,,,,,,,59.7041030767551,58.25661102422289,58.0427130775486,56.11740903087415,54.34019762037938,51.560278163452466,50.62021798696732,50.92734355445345,,,,,,,,,,,,,,,,,,,,,57.54246161775379,58.565991915125,58.299853532362555,51.824095547723935,51.71551167935597,51.64641160197444,51.54171029073697,50.6158332595231,50.679336842293615,51.13165803425601,51.81558143050958,,,,51.824095547723935,,,50.62021798696732,53.94459575190886,"rgba(0, 255, 255, 0.75)",1.9944273936187717,53.94459575190886,1.640885148520326,40.430288687905815,-8.342376688855374,False,True,False,True,True,0.6297669315648804,0.0,0.0,0.0,0.0,0,0.8719019233275928,0.8833258506499005,False,False,False,False,-0.2742206655444752,-0.1793446267184028,False,False,False,False,423681,400206.68549433147,False,False,False,False,7438.7585765884805,False,False,False,False
2023-06-12 00:00:00+00:00,57.7288614728,57.8329702923,57.425629142,57.5961440422,62020,,,,,,,,,,,,,,,,,,,,,59.37089948264624,58.191569863072836,58.00517951653033,56.20771567409815,54.464066387232855,51.70924867555803,50.742972150174964,51.03584631305923,,,,,,,,,,,,,,,,,,,,,57.616632840789975,58.455997201830506,58.228820467751476,51.97432239832753,51.86649950821298,51.797082723930515,51.68852397697591,50.73959796234173,50.79630838416184,51.23276583882789,51.89918489197436,,,,51.97432239832753,,,50.742972150174964,54.00122285565775,"rgba(0, 255, 255, 0.75)",1.9844812146728028,54.00122285565775,1.8783945091447252,42.06190303134408,-13.063253486601432,False,True,False,True,True,2.152468872602256,0.0,0.0,0.0,0.0,0,0.8641424295876218,0.8675774266052576,False,False,False,False,-0.25769784096689297,-0.21852123384264788,False,False,False,False,485701,403559.40371024003,False,False,False,False,9579.199416722266,False,False,False,False
2023-06-13 00:00:00+00:00,58.0887426425,58.2497844926,58.0271678175,58.0802168975,9001,,,,,,,,,,,,,,,,,,,,,59.34199996415534,58.190480231323555,58.00682805819294,56.22381631923714,54.483752657491934,51.73188853723561,50.76159209989555,51.052375178807644,,,,,,,,,,,,,,,,,,,,,57.65821815352067,58.45019665469168,58.22711858484515,51.997194099839334,51.88946429911379,51.81998865382018,51.710841635353646,50.75836773310018,50.81407382318661,51.24821003130229,51.91207144229378,,,,51.997194099839334,,,50.76159209989555,54.01465674512668,"rgba(0, 255, 0, 1.0)",1.9640131887484331,54.01465674512668,2.0743678915769057,44.35708251175913,-10.722212486952984,False,True,False,True,True,3.2074966554453646,0.0,0.0,0.0,0.0,0,0.8703345514298776,0.8575792224331034,False,False,False,False,-0.15607222686789335,-0.1872967303552706,False,False,False,False,494702,407133.6231725836,False,False,False,False,9556.52492979198,False,False,False,False
2023-06-14 00:00:00+00:00,58.2592575426,58.5108617508,58.2213653426,58.3634610927,3075,,,,,,,,,,,,,,,,,,,,,59.334067086661626,58.19122434264096,58.00838230913883,56.22985255749319,54.49081240820178,51.739837662470826,50.768111361305685,51.05817035075584,,,,,,,,,,,,,,,,,,,,,57.67660384990289,58.44949085644451,58.22767767537666,52.00523356956387,51.897532428738884,51.828033767427925,51.71867746549633,50.76493920186115,50.820295954020075,51.25362998943334,51.91660910752577,,,,52.00523356956387,,,50.768111361305685,54.019956944445276,"rgba(0, 255, 0, 1.0)",1.954073938000804,54.019956944445276,2.1694678567239434,46.45520041778306,-8.625997934776954,False,True,False,False,True,3.706697061703654,0.0,0.0,0.0,0.0,0,0.8775091128886363,0.8469068602972863,False,False,False,False,-0.11176982384595742,-0.149533277100614,False,False,False,False,497777,410688.26540110976,False,False,False,False,9302.347481564842,False,False,False,False
2023-06-15 00:00:00+00:00,58.8465866431,59.0360476432,58.6381795429,58.780275293,9588,,,,,,,,,,,,,,,,,,,,,59.32228015884987,58.20180434471661,58.020654349723955,56.25296779585381,54.51556019046359,51.76640858602374,50.78973223971497,51.077443380672726,,,,,,,,,,,,,,,,,,,,,57.76803717792523,58.456545640123196,58.23783674512335,52.0321802671296,51.924543282697705,51.85494829860709,51.74486592120112,50.78673206206454,50.840943310049006,51.27169007989663,51.931837938415406,,,,52.0321802671296,,,50.78973223971497,54.04194798785537,"rgba(0, 255, 0, 1.0)",1.933986878026249,54.04194798785537,2.484318125337049,49.70065713432497,-5.511173319436807,False,True,False,False,True,5.407489993794382,0.0,0.0,0.0,0.0,0,0.8753073162949505,0.8328744290484575,False,False,False,False,-0.02128317694677017,-0.0854082270236921,False,False,False,False,507365,414479.5098951839,False,False,False,False,9313.549541111319,False,False,False,False
2023-06-16 00:00:00+00:00,58.5813412429,59.1401564628,58.5813412429,59.1213050933,7353,,,,,,,,,,,,,,,,,,,,58.76761298286667,59.3123090376919,58.20879021127948,58.029010356937576,56.26992921526,54.534033525803395,51.78644345486075,50.806085957229406,51.09202150096541,,,,,,,,,,,,,,,,,,,,,57.82484609508903,58.46079350191119,58.24448981342801,52.052483051130764,51.944899690727034,51.87523613608963,51.764615289725675,50.803215330024976,50.85656262937941,51.28534974008132,51.943349203129706,,,,52.052483051130764,,,50.806085957229406,54.29310383618057,"rgba(0, 255, 0, 1.0)",1.9205651471799494,54.29310383618057,2.2327997636612538,50.874864694856754,-4.38076005773496,False,True,False,False,True,4.533128468722186,0.0,0.0,0.0,0.0,0,0.8800722677449192,0.8285476889851183,False,False,False,False,-0.016763900778720368,-0.05108606390120623,False,False,False,False,500012,417833.725193412,False,False,False,False,9236.665245381462,False,False,False,False
2023-06-20 00:00:00+00:00,57.4540482921,57.6056170922,57.2077489919,57.4321655465,6715,,,,,,,,,,,,,,,,,,,,58.125544079358335,59.281784749026286,58.200023002448475,58.022876578379865,56.27698518675367,54.54544840864324,51.80113389687365,50.81844881737344,51.10296183147546,,,,,,,,,,,,,,,,,,,,,57.80499256970857,58.44800419709023,58.23516929516002,52.067224868160736,51.959739950068055,51.89006424803568,51.77910853422645,50.81567667033438,50.86835678436517,51.29554595158076,51.95176238640564,,,,52.067224868160736,,,50.81844881737344,54.2645426002734,"rgba(0, 255, 255, 0.75)",1.9061731739736212,54.2645426002734,1.6732507493942599,48.14411545201814,-4.38076005773496,False,True,False,False,False,0.9513959628890802,0.0,0.0,0.0,0.0,0,0.8695298996008851,0.8714158425585596,False,False,False,False,-0.3036965890702411,-0.17739132648572367,False,False,False,False,493297,420793.0693034743,False,False,False,False,9137.776412229248,False,False,False,False
2023-06-21 00:00:00+00:00,57.1888028919,57.5314431106,56.9606918477,56.9606918477,1168,,,,,,,,,,,,,,,,,,,,58.05665961613443,59.27602809404752,58.19813956822387,58.021479051931365,56.277995731331735,54.547290408607786,51.80359273028981,50.820530968783935,51.1048021736436,,,,,,,,,,,,,,,,,,,,,57.80007409614408,58.445393798930866,58.23318483637929,52.06968748133724,51.96222096100988,51.892544492578466,51.7815348307392,50.81777539991212,50.870342861813874,51.29725953437398,51.95317093076368,,,,52.06968748133724,,,50.820530968783935,54.26148537834884,"rgba(0, 255, 255, 0.75)",1.900551888704476,54.26148537834884,1.5402460364008226,45.62988654853666,-4.38076005773496,False,True,False,True,False,0.13894867932379995,0.0,0.0,0.0,0.0,0,0.8657378980239943,0.8711732935763473,False,False,False,False,-0.33766569425110404,-0.25752851036841384,False,False,False,False,492129,423590.55678176944,False,False,False,False,8825.236160769278,False,False,False,False
2023-06-22 00:00:00+00:00,57.2077489919,57.2551142419,56.9822904017,56.9822904017,2753,,,,,,,,,,,,,,,,,,,,57.917659045209184,59.26207073127618,58.19337204772093,58.01788044910965,56.280172557333664,54.55149499869967,51.8092955838329,50.82537315165607,51.10907989472725,,,,,,,,,,,,,,,,,,,,,57.787260459506285,58.43889091875528,58.22817524109204,52.07539430643872,51.96797235755699,51.89829537200898,51.78716270292361,50.82265612244058,50.87496136333283,51.30124108788611,51.956438492091,,,,52.07539430643872,,,50.82537315165607,54.2552423441799,"rgba(0, 255, 255, 0.75)",1.8969724062416873,54.2552423441799,1.556430993938206,44.02929866351547,-0.3884980719633546,False,True,False,True,False,0.19726938503185565,0.0,0.0,0.0,0.0,0,0.8533599800158594,0.8883305875109818,False,False,False,False,-0.34282825441539394,-0.30017838239190386,False,False,False,False,494882,426386.2996530726,False,False,False,False,8587.109252503817,False,False,False,False
2023-06-23 00:00:00+00:00,56.8761922416,57.1603837418,56.8761922416,56.9046113917,5057,,,,,,,,,,,,,,,,,,,,57.70991603180059,59.234790857233094,58.18325825202349,58.01001338234867,56.283331396826505,54.55865774139407,51.819392399536234,50.83399940494988,51.11669147156534,,,,,,,,,,,,,,,,,,,,,57.75880410790766,58.42549462666755,58.21759991908887,52.085478311944506,51.97814318379348,51.90847049819845,51.797128698043664,50.83135099935554,50.8831879440447,51.30831917788058,51.962225204335766,,,,52.085478311944506,,,50.83399940494988,54.24531268044693,"rgba(38, 166, 154, 1.0)",1.8810082659539524,54.24531268044693,1.3986539074663893,42.03082272109755,-2.3224355544245725,False,True,False,True,False,0.0,0.0,0.0,0.0,0.0,0,0.8388354496118359,0.8951214181945151,False,False,False,False,-0.34282825441539394,-0.3215033184036489,False,False,False,False,489825,428874.09182354034,False,False,False,False,8448.673595542883,False,False,False,False
2023-06-26 00:00:00+00:00,56.8098808916,57.0845993418,56.7198869165,57.0656532418,8171,,,,,,,,,,,,,,,,,,,,57.490450380545454,59.19018201384065,58.16595344078974,57.996355611236126,56.28764520389326,54.56966842135721,51.83531002715613,50.84766139204029,51.1287401670115,,,,,,,,,,,,,,,,,,,,,57.71149020968652,58.4029130057095,58.19954971309377,52.10135439482709,51.99416423493639,51.92450394063661,51.81284279710094,50.84512138885815,50.89621705161584,51.319518306284166,51.97136196526492,,,,52.10135439482709,,,50.84766139204029,54.23455018329421,"rgba(38, 166, 154, 1.0)",1.8649839673951771,54.23455018329421,1.3808862453132806,40.51044915048013,-3.828146889311661,False,True,False,True,False,0.0,0.0,0.0,0.0,0.0,0,0.828810891659508,0.9155329333942435,False,False,False,False,-0.34282825441539394,-0.33216578640952144,False,False,False,False,481654,430943.89214418584,False,False,False,False,8437.784434933359,False,False,False,False
2023-06-27 00:00:00+00:00,57.1802771469,57.4609521701,56.8657275519,56.8657275519,15021,,,,,,,,,,,,,,,,,,,,57.38601848202927,59.12240012095672,58.142348823738004,57.97850409145786,56.299370992286974,54.59221989942098,51.86602510251069,50.873848569714575,51.15189930378896,,,,,,,,,,,,,,,,,,,,,57.66306059077149,58.37080912356023,58.174757588868445,52.13207013697681,52.02512423442243,51.95546660981596,51.84316225477649,50.87151455993658,50.92120684909469,51.3410858266358,51.98908442296284,,,,52.13207013697681,,,50.873848569714575,54.234998879186286,"rgba(0, 255, 255, 0.75)",1.8411987949672974,54.234998879186286,1.5996525067061163,41.23786628370395,-3.828146889311661,False,True,False,True,False,0.1496908520750253,0.0,0.0,0.0,0.0,0,0.8326141325336057,0.9018430599146284,False,False,False,False,-0.2923794064376886,-0.31227259642360505,False,False,False,False,496675,433521.58264833543,False,False,False,False,8695.949751210483,False,False,False,False
2023-06-28 00:00:00+00:00,57.3641676793,57.3641676793,57.1028495542,57.2577047395,4664,,,,,,,,,,,,,,,,,,,,57.37603508800904,59.10338311680852,58.13603409421327,57.97383612882865,56.30339324296396,54.599433062655265,51.87568314904753,50.882074404937946,51.159182606513596,,,,,,,,,,,,,,,,,,,,,57.65264990471953,58.36204415452309,58.168101858227935,52.14173473510573,52.034862436802776,51.96520398589041,51.85269631533167,50.87980471252021,50.929059209987294,51.34787377928295,51.99467695960259,,,,52.14173473510573,,,50.882074404937946,54.2368881472986,"rgba(0, 255, 255, 0.75)",1.8145093464184345,54.2368881472986,1.7234849399779488,42.55616872276516,-3.828146889311661,False,True,False,True,False,0.7390640794596024,0.0,0.0,0.0,0.0,0,0.8422805175102274,0.8996435671307604,False,False,False,False,-0.27907409413150447,-0.29567334527755473,False,False,False,False,501339,436181.0892111458,False,False,False,False,8537.834074692424,False,False,False,False
2023-06-29 00:00:00+00:00,57.2480262904,57.3496500057,57.0980103297,57.1899555959,2368,,,,,,,,,,,,,,,,,,,,57.36962768337027,59.093641977599816,58.132696400897856,57.97133772462827,56.30532862906435,54.60301898120042,51.880532642609346,50.886213291565795,51.1628465988308,,,,,,,,,,,,,,,,,,,,,57.64696611084473,58.35746454342909,58.16459086955308,52.146584713434265,52.039750414707,51.970092286253525,51.85748394327992,50.8839759111632,50.93301026557511,51.35128800346564,51.9974876304098,,,,52.146584713434265,,,50.886213291565795,54.23769693109411,"rgba(0, 255, 255, 0.75)",1.7781355796999332,54.23769693109411,1.6929695314987674,42.991894331051,-3.828146889311661,False,True,False,True,False,0.3566621906535943,0.0,0.0,0.0,0.0,0,0.8407745471965811,0.9060816839099431,False,False,False,False,-0.2809034952208894,-0.2882884202492221,False,False,False,False,498971,438643.438653846,False,False,False,False,8295.879797253505,False,False,False,False
2023-06-30 00:00:00+00:00,58.1094082582,58.3126556889,58.0879221013,58.3126556889,3130,,,,,,,,,,,,,,,,,,,,57.414045250655406,59.08733075357306,58.13287751684428,57.97221802868046,56.310451973889755,54.60942989361966,51.88805052200583,50.892483292583705,51.16843039509789,,,,,,,,,,,,,,,,,,,,,57.65614123956412,58.356465773082995,58.16461752751363,52.15416118139249,52.04736199167947,51.977689162656866,51.86490143317992,50.89029450362726,50.93900179537862,51.35651376382023,52.00186310935516,,,,52.15416118139249,,,50.892483292583705,54.24421645541004,"rgba(0, 255, 0, 1.0)",1.7544711876066008,54.24421645541004,2.203052310059729,46.90400387581949,-8.425666563025352,False,True,False,False,True,3.1038503878870287,0.0,0.0,0.0,0.0,0,0.8545821549786162,0.8975552043098677,False,False,False,False,-0.10328361997848198,-0.19578602011385204,False,False,False,False,502101,441131.9704713422,False,False,False,False,8093.296275792583,False,False,False,False
2023-07-03 00:00:00+00:00,57.7996978878,58.0416591147,57.7416271933,57.9255177258,2038,,,,,,,,,,,,,,,,,,,,57.42963242069621,59.08189888615766,58.132020615722226,57.97189804206479,56.313220953094316,54.613230596636726,51.8926955916807,50.89638690937298,51.171901081270356,,,,,,,,,,,,,,,,,,,,,57.65845467281091,58.35475296022097,58.16364550874915,52.15883125607255,52.05205826414017,51.98237929453415,51.86948549918983,50.89422838361984,50.942731178416025,51.359757931293814,52.004566175346106,,,,52.15883125607255,,,50.89638690937298,54.24718881105447,"rgba(0, 255, 0, 1.0)",1.6667364033126644,54.24718881105447,2.131416263354459,48.214933895354775,-7.109509886094166,False,True,False,False,True,2.0632627813520443,0.0,0.0,0.0,0.0,0,0.8386585912440683,0.9132727577133508,False,False,False,False,-0.15822005502827655,-0.17700303757106428,False,False,False,False,500063,443442.9912371719,False,False,False,False,7855.833676741894,False,False,False,False
2023-07-05 00:00:00+00:00,57.3738461284,57.6738780498,57.310065149,57.6738780498,6448,,,,,,,,,,,,,,,,,,,,57.431914453984525,59.05938148295133,58.12531248319026,57.96721377863099,56.31962237960383,54.62369249671134,51.90634218967915,50.90798620977537,51.18218928088501,,,,,,,,,,,,,,,,,,,,,57.65135307489484,58.34499250365579,58.15651560102927,52.17250196894937,52.065825762357456,51.99614172233397,51.882957446536004,50.905917631924986,50.95380911853299,51.369357381304724,52.01250672024368,,,,52.17250196894937,,,50.90798620977537,54.251776684358745,"rgba(0, 255, 255, 0.75)",1.6078989289731038,54.251776684358745,1.9417075214019723,47.44342324210029,-7.109509886094166,False,True,False,False,True,0.6491409469237581,0.0,0.0,0.0,0.0,0,0.820576301376109,0.9375272029293368,False,False,False,False,-0.23084709292790856,-0.20392506524948642,False,False,False,False,493615,445410.52099257696,False,False,False,False,7800.624512948095,False,False,False,False
2023-07-06 00:00:00+00:00,56.6769977949,56.8812130704,56.6092486513,56.7689430611,2622,,,,,,,,,,,,,,,,,,,,57.404360385121,59.046321890786245,58.1197028822706,57.9626648048166,56.320540680634956,54.62683240146563,51.911144290323094,50.91216631001021,51.18587721529704,,,,,,,,,,,,,,,,,,,,56.72248650553333,57.638503200229266,58.33788567644959,58.150692119092184,52.177274933960035,52.07064801849355,52.0009720819666,51.887701383988826,50.91013023638673,50.9577981779352,51.372784774352105,52.01529656588797,,,,52.177274933960035,,,50.91216631001021,54.485824398455634,"rgba(38, 166, 154, 1.0)",1.5215628129067351,54.485824398455634,1.4400808023550662,44.65272326972588,-7.109509886094166,False,True,False,True,False,0.0,0.0,0.0,0.0,0.0,0,0.7966427453566022,0.9645692582964632,True,False,False,False,-0.34282825441539394,-0.2733766598324402,False,False,False,False,490993,447198.0691889465,True,False,False,False,7597.541198714836,True,False,False,False
2023-07-07 00:00:00+00:00,57.7125918461,57.8318303387,57.0641357579,57.0641357579,1756,,,,,,,,,,,,,,,,,,,,57.40770246392366,59.04069101575198,58.118144363925154,57.96162352639155,56.32239362635596,54.62974445980996,51.91489798916017,50.91535401915747,51.18870693373525,,,,,,,,,,,,,,,,,,,,57.048858428499045,57.63756395072776,58.33554079514341,58.14902539664737,52.18103713241675,52.07443592561261,52.00475810406633,51.89140712112159,50.913342566136315,50.96084329832735,51.375426466910355,52.01748578765625,,,,52.18103713241675,,,50.91535401915747,54.503574879191,"rgba(0, 255, 0, 1.0)",1.456917348159123,54.503574879191,2.2026074237936193,46.76548921313503,-7.109509886094166,False,True,False,False,False,1.7045067840743577,0.0,0.0,0.0,0.0,0,0.8321873815373174,0.9291939870146082,False,False,False,False,-0.2120245691441672,-0.2427006144883037,False,False,False,False,492749,448984.3802011447,False,False,False,False,7368.461151706411,False,False,False,False
2023-07-10 00:00:00+00:00,57.7851802142,57.7851802142,57.5578334453,57.5964504572,4659,,,,,,,,,,,,,,,,,,,,57.42671683436907,59.02764955141334,58.115268198331805,57.96000013797874,56.3279802451918,54.63790129736321,51.925139159621935,50.924017640624655,51.196407045937654,,,,,,,,,,,,,,,,,,,,57.38939772997952,57.639271918818515,58.33071916909433,58.14588433865438,52.191315438399904,52.08477847853165,52.01509184917958,51.90151659596281,50.92207292067961,50.96912140294316,51.38262116452226,52.023467842992055,,,,52.191315438399904,,,50.924017640624655,54.5256435558799,"rgba(0, 255, 0, 1.0)",1.427568682797534,54.5256435558799,2.2832783442212707,48.416753693370595,-6.918760447739082,False,False,False,False,True,1.9299573420421225,0.0,0.0,0.0,0.0,0,0.8564905657714859,0.9159073754078687,False,False,False,False,-0.17206467504637243,-0.2073826447673381,False,False,False,False,497408,450883.3456834528,False,False,False,False,7262.207773208122,False,False,False,False
2023-07-11 00:00:00+00:00,58.77238202,58.77238202,58.5091282051,58.6223660593,1415,,,,,,,,,,,,,,,,,,,,57.450343001619416,59.02663202860723,58.1164823849134,57.96141386519101,56.330859626516826,54.64115395716143,51.928765581555936,50.9270220749499,51.19909171179952,,,,,,,,,,,,,,,,,,,,57.56474739712627,57.646766612601624,58.33154494857861,58.1470508739809,52.19497990040227,52.088455470442334,52.018759180814634,51.905094422528364,50.925100350881586,50.971994740872745,51.38513937931093,52.025593373867316,,,,52.19497990040227,,,50.9270220749499,54.53806987549275,"rgba(0, 255, 0, 1.0)",1.3780803077748514,54.53806987549275,3.0726163929766024,52.44455992174352,-3.0947564168482558,False,False,True,False,True,4.921344576186382,0.0,0.0,0.0,0.0,0,0.8669554612556851,0.9011648031087235,False,False,False,False,-0.003368098672235916,-0.105375371719787,False,False,False,False,498823,452763.332127239,False,False,False,False,7032.905507592117,False,False,False,False
2023-07-12 00:00:00+00:00,59.9967058283,59.9967058283,59.957992032,59.9580888164,11875,,,,,,,,,,,,,,,,,,,,57.79530093743722,59.04988149323103,58.149313714428565,57.99399283734022,56.367935676212745,54.67695110889121,51.96486980256208,50.95635186281147,51.225443572428375,,,,,,,,,,,,,,,,,,,,58.85136289673812,57.77940099756841,58.36327727768055,58.179831699223044,52.231694656160585,52.125199006190826,52.05534562075165,51.94069778300419,50.95465278530031,51.000072079029316,51.40995375215417,52.04684775069912,,,,52.231694656160585,,,50.95635186281147,54.65357647795721,"rgba(0, 255, 0, 1.0)",1.3437942149252902,54.65357647795721,3.976151475425015,57.747152750450454,1.7782942706203073,True,False,True,False,True,8.373153985601455,0.0,0.0,0.0,0.0,0,0.8718195949783366,0.9136744913122302,False,False,False,False,0.230971860194253,0.062798244237233,False,False,False,False,510698,455035.27988695516,False,False,False,False,7222.791566117917,False,False,False,False
2023-07-13 00:00:00+00:00,61.1097274721,61.1677981666,60.8291492334,61.121341611,11122,,,,,,,,,,,,,,,,,,,,58.16178430839352,59.094050004543696,58.19607204867562,58.03920090246593,56.41188850271241,54.716605052436314,52.00278913613161,50.98683049678488,51.25292813231423,,,,,,,,,,,,,,,,,,,,59.57762141482966,57.94374487608688,58.41049591377191,58.226781765447534,52.27039174964443,52.16386822735243,52.09381397433322,51.9780834860049,50.98536076273957,51.02927096732744,51.4359001738267,52.06927596927882,,,,52.27039174964443,,,50.98683049678488,54.74887409479114,"rgba(0, 255, 0, 1.0)",1.3220244905779255,54.74887409479114,4.81144897287659,63.03154396104727,6.489828017802694,True,False,True,False,True,11.284458701220313,0.0,0.0,0.0,0.0,0,0.865835103294191,0.9118947916957045,False,False,False,False,0.3428282370014436,0.2028132406193383,False,False,False,False,521820,457654.2885188393,False,False,False,False,7375.7017007799595,False,False,False,False
2023-07-14 00:00:00+00:00,60.6935541618,61.4581516389,60.6839724972,61.0322998795,8696,,,,,,,,,,,,,,,,,,,60.94522609930001,58.38793196480823,59.12569466240109,58.23045911298634,58.07258478136258,56.44502144304735,54.74682825459481,52.03192284437195,51.01031976979298,51.2741130996639,,,,,,,,,,,,,,,,,,,,59.85980649814095,58.0576941582178,58.44503737806669,58.2612825994177,52.30010244999244,52.193564188149566,52.12336101768141,52.00681156862823,51.0090258790642,51.05177768856646,51.45589978160043,52.086558305134844,,,,52.30010244999244,,,51.01031976979298,55.278928272912744,"rgba(0, 255, 0, 1.0)",1.3052418726231325,55.278928272912744,4.148369740855413,64.9880143776179,8.067155881822544,True,False,True,False,True,9.869529393611685,0.0,0.0,0.0,0.0,0,0.8647887791822485,0.8974265998630551,False,True,False,False,0.3428282372936534,0.27282073895649583,False,False,False,False,513124,459829.57132202206,False,False,False,False,7427.478104670941,False,False,False,False
2023-07-17 00:00:00+00:00,60.7951778771,60.9548722869,60.5793484627,60.5793484627,29561,,,,,,,,,,,,,,,,,,,60.81482614321054,58.904854337931084,59.21635312313908,58.33430056037446,58.17420675067798,56.55002790844908,54.8446722580527,52.127706912859466,51.08800431482019,51.34419676878258,,,,,,,,,,,,,,,,,,,,60.23770203979364,58.36845992313059,58.54825752215725,58.365306863397976,52.39765390488622,52.29110927738693,52.22045059845165,52.101289523443604,51.087286229902624,51.12623629942471,51.52206347361313,52.14369791386363,,,,52.39765390488622,,,51.08800431482019,55.40714506301363,"rgba(0, 255, 0, 1.0)",1.2782106836805207,55.40714506301363,4.215293208606189,66.46711701765349,9.351952598578109,True,False,True,False,True,10.134568672598078,0.0,0.0,0.0,0.0,0,0.8550411067981832,0.9330760363401627,False,False,False,False,0.2916203702781717,0.28222055461733375,False,False,False,False,542685,463078.8038191977,False,False,False,False,8295.45935546816,False,False,False,False
2023-07-18 00:00:00+00:00,61.4097593935,61.4097593935,61.0756593314,61.200220971,1706,,,,,,,,,,,,,,,,,,,60.83546935208741,58.93438026351319,59.222931154871375,58.34126108035572,58.18096844883453,56.55666197849122,54.85071044439133,52.133500444906,51.092689364926855,51.3484319006868,,,,,,,,,,,,,,,,,,,,60.262351120009086,58.3876608624516,58.55526639223902,58.37229102494831,52.40356165033156,52.29701319425391,52.226325043270826,52.107004165371876,51.09200569698352,51.130729132703074,51.52606693152487,52.147170564483474,,,,52.40356165033156,,,51.092689364926855,55.41656063578135,"rgba(0, 255, 0, 1.0)",1.290149961243586,55.41656063578135,4.645350492389086,68.4810504391759,11.260767022114614,True,False,True,False,True,11.723577439760053,0.0,0.0,0.0,0.0,0,0.8747031371049007,0.9031207070627905,False,False,False,False,0.3428282379471084,0.31252439628222106,False,False,False,False,544391,466267.51739491546,False,False,False,False,8037.049184665487,False,False,False,False
2023-07-19 00:00:00+00:00,60.8774446943,61.100049023,60.8774446943,61.100049023,298,,,,,,,,,,,,,,,,,,,60.83632925824879,58.938717655864764,59.22388467091191,58.34233140047281,58.182015524320946,56.557734298850896,54.85170736155947,52.134473434474955,51.093479507330976,51.34914554586503,,,,,,,,,,,,,,,,,,,,60.26513785064432,58.390592570488046,58.55633272696054,58.37336342611169,52.404552599577585,52.298003986442986,52.22731120691323,52.10796402632481,51.09280164262704,51.13148677296689,51.526741108115395,52.147753914448415,,,,52.404552599577585,,,51.093479507330976,55.41786827334788,"rgba(0, 255, 0, 1.0)",1.2981846680470952,55.41786827334788,4.20554683423057,67.70481820252091,11.260767022114614,True,False,True,False,True,9.885725436363956,0.0,0.0,0.0,0.0,0,0.8575104872613657,0.9155094849929304,False,False,False,False,0.30155091430854963,0.30703765529538535,False,False,False,False,544093,469319.4971049188,False,False,False,False,7733.557059776645,False,False,False,False
2023-07-20 00:00:00+00:00,60.2677024024,60.6741972636,60.2677024024,60.6548403655,2534,,,,,,,,,,,,,,,,,,,60.81068262211621,58.965012561321764,59.22939012276113,58.34949181787244,58.18913050483289,56.56569601155488,54.859410359307795,52.142224343502164,51.09981974528859,51.35486329176385,,,,,,,,,,,,,,,,,,,,60.26972642461178,58.40997251612293,58.56329456510397,58.38051439710709,52.41242961400624,52.30588650964239,52.23516131683407,52.11561200384543,51.09918843727514,51.13756499517289,51.532136607956275,52.152402405500084,,,,52.41242961400624,,,51.09981974528859,55.424753608002185,"rgba(0, 255, 0, 1.0)",1.3035310197342989,55.424753608002185,3.7152539687049106,64.99390400159677,11.260767022114614,True,False,True,False,True,7.833933029620617,0.0,0.0,0.0,0.0,0,0.831211225058763,0.9262508073778529,False,False,False,False,0.2202382491189919,0.2636379522071886,False,False,False,False,541559,472152.4187870789,False,False,False,False,7529.652861354031,False,False,False,False
2023-07-21 00:00:00+00:00,60.4515929349,60.5290205275,60.3315801663,60.5290205275,2271,,,,,,,,,,,,,,,,,,,60.79187177451713,58.98833030004162,59.23442315596776,58.355973073351635,58.19556630358961,56.572866765387666,54.86633820622268,52.14918716529507,51.10551546572657,51.360000812316564,,,,,,,,,,,,,,,,,,,,60.27457622231454,58.427319217825506,58.56960453693441,58.386988132977756,52.41950606928446,52.31296768148465,52.24221327926445,52.122482469622724,51.10492592638522,51.14302568028277,51.53698516571057,52.156581239401476,,,,52.41950606928446,,,51.10551546572657,55.431184111939636,"rgba(0, 255, 0, 1.0)",1.3107634677349416,55.431184111939636,3.830140941931999,63.61711963469985,11.260767022114614,True,False,True,False,False,8.329859284997323,0.0,0.0,0.0,0.0,0,0.8493391058419028,0.9222840540065088,False,False,False,False,0.21398732787542987,0.23881264004130925,False,False,False,False,543830,474963.30432484054,False,False,False,False,7323.431180516618,False,False,False,False
2023-07-24 00:00:00+00:00,60.2870593006,60.3360322529,60.1225256663,60.2386670552,2677,,,,,,,,,,,,,,,,,,,60.761406541053645,59.011424666653454,59.23937938315521,58.36287299583477,58.20247038563802,56.58087402316314,54.87420642677796,52.15719309574049,51.11208482988244,51.365923497055796,,,,,,,,,,,,,,,,,,,,60.273717745518795,58.4455039728199,58.57624164138354,58.39386900035682,52.427635508921696,52.32110530736069,52.25031919855543,52.13038303689435,51.11154341068847,51.14932374572225,51.542572621936856,52.16138951713876,,,,52.427635508921696,,,51.11208482988244,55.43737392065884,"rgba(0, 255, 0, 1.0)",1.316089891932823,55.43737392065884,3.684919555775069,62.08084211946627,11.260767022114614,True,False,True,False,False,7.7718785052600055,0.0,0.0,0.0,0.0,0,0.843658029341265,0.9190657002073186,False,False,False,False,0.18330606876244954,0.2110593544018794,False,False,False,False,541153,477558.9786650429,False,False,False,False,7141.218193045378,False,False,False,False
2023-07-25 00:00:00+00:00,60.901640817,61.100049023,60.71291106,60.71291106,8718,,,,,,,,,,,,,,,,,,,60.7835579020018,59.118061982679166,59.26547188528569,58.39270003646632,58.231746256251554,56.61133405223731,54.90278149608155,52.185262089425606,51.13494571557209,51.386578042746265,,,,,,,,,,,,,,,,,,,,60.33491626526039,58.522957089192,58.605839315066056,58.42373564992868,52.45620542027866,52.34967579995068,52.27876068661417,52.15807766837687,51.13457114887363,51.17124904446346,51.56208737688787,52.17827638204895,,,,52.45620542027866,,,51.13494571557209,55.4724213773376,"rgba(0, 255, 0, 1.0)",1.3211921949940175,55.4724213773376,4.109333570266049,62.577530236438335,11.260767022114614,True,False,True,False,False,9.44498370495798,0.0,0.0,0.0,0.0,0,0.8590402434406028,0.8986699187594273,False,False,False,False,0.28839695645718655,0.24972815542953297,False,False,False,False,549871,480394.74420759024,False,False,False,False,7203.052773710266,False,False,False,False
2023-07-26 00:00:00+00:00,61.0613352267,61.1097274721,60.7709817544,60.8000171017,2873,,,,,,,,,,,,,,,,,,,60.79310278440026,59.152002109327036,59.27428184334059,58.40266875807616,58.24152529786112,56.62145389214403,54.91225732256188,52.19455283524888,51.14251439158455,51.39341918691086,,,,,,,,,,,,,,,,,,,,60.354912207131086,58.5482025965748,58.615745265604694,58.43371911802979,52.46566254749814,52.359132598425894,52.2881746333898,52.16724489680348,51.1421948917291,51.178509020093934,51.56855265833485,52.18387535818968,,,,52.46566254749814,,,51.14251439158455,55.48406380983681,"rgba(0, 255, 0, 1.0)",1.3367157911456224,55.48406380983681,4.172368916269951,63.28306499786686,11.260767022114614,True,False,True,False,False,9.874723916319127,0.0,0.0,0.0,0.0,0,0.8604992746738506,0.906071218687154,False,False,False,False,0.2938012968435631,0.271764726136548,False,False,False,False,552744,483231.9699249397,False,False,False,False,7033.246782584373,False,False,False,False
2023-07-27 00:00:00+00:00,61.0226214304,61.4175021528,61.0226214304,61.3498497937,469,,,,,,,,,,,,,,,,,,,60.79593503804265,59.1579402992699,59.275856841216545,58.4043978759624,58.24321580131901,56.62316704507452,54.913845552538156,52.1960975546843,51.14377060596106,51.39455523763745,,,,,,,,,,,,,,,,,,,,60.358932374476716,58.552565167971075,58.617472616989176,58.43545201920554,52.467235802787606,52.36070543585339,52.2897401168238,52.16876901883648,51.14346023694278,51.17971411464833,51.56962668124343,52.18480670169444,,,,52.467235802787606,,,51.14377060596106,55.486141437812044,"rgba(0, 255, 0, 1.0)",1.3490350409895486,55.486141437812044,4.1040297874893,63.57755800937608,11.260767022114614,True,False,True,False,False,9.737311898256774,0.0,0.0,0.0,0.0,0,0.8623010512588085,0.9114062005367638,False,False,False,False,0.3391031389353839,0.30543393253596596,False,False,False,False,552275,485939.5397318048,False,False,False,False,6775.8253401300835,False,False,False,False
2023-07-28 00:00:00+00:00,61.0710136758,61.2040923506,61.0710136758,61.1677981666,5046,,,,,,,,,,,,,,,,,,,60.82079101326413,59.218468332588024,59.292289614206474,58.42260394038694,58.26103942635962,56.64135993878777,54.93077629696232,52.212611677333825,51.157213969111496,51.40671275028353,,,,,,,,,,,,,,,,,,,,60.397763282302826,58.59790694947073,58.63562713064535,58.453693104224584,52.484050995195325,52.37751751975607,52.306474632715826,52.18506369558194,51.15700117087504,51.19261094606884,51.58112014649759,52.1947714869442,,,,52.484050995195325,,,51.157213969111496,55.507578819306026,"rgba(0, 255, 0, 1.0)",1.3665691462898666,55.507578819306026,4.071096491237409,63.9063389525722,11.260767022114614,True,False,True,False,False,9.871804787746587,0.0,0.0,0.0,0.0,0,0.8742666081345485,0.9099170905710696,False,False,False,False,0.325607490944047,0.3155207117400065,False,False,False,False,557321,488738.8126834988,False,False,False,False,6707.989052281845,False,False,False,False
2023-07-31 00:00:00+00:00,60.838730898,60.838730898,60.838730898,60.838730898,145,,,,,,,,,,,,,,,,,,,60.82083103670146,59.21990676710966,59.292686485708536,58.42307011348793,58.26149900734141,56.641848354550355,54.931239745166124,52.21307059948945,51.15758902009443,51.40705171281477,,,,,,,,,,,,,,,,,,,,60.39841279830981,58.599045599476995,58.63608714828033,58.454159505496754,52.48451776802169,52.37798440625572,52.30693949923462,52.18551657829175,51.157378940385435,51.19297073148515,51.58144043823442,52.19504863286045,,,,52.48451776802169,,,51.15758902009443,55.508090290885114,"rgba(0, 255, 0, 1.0)",1.3801576194151213,55.508090290885114,3.862341903654373,62.93515324159176,11.260767022114614,True,False,True,False,False,9.023696491650856,0.0,0.0,0.0,0.0,0,0.8837826118469936,0.9050462310055754,False,False,False,False,0.2776369249523386,0.29657881834617256,False,False,False,False,557176,491422.62395081256,False,False,False,False,6450.6169325845185,False,False,False,False
2023-08-01 00:00:00+00:00,60.2386670552,60.2483455043,60.1322041153,60.1322041153,2287,,,,,,,,,,,,,,,,,,,60.799945629689375,59.23352938047659,59.296370089923904,58.42848063390258,58.266952923458,56.648378453056765,54.93775845015438,52.21977230705294,51.16311451991388,51.41203653778704,,,,,,,,,,,,,,,,,,,,60.39405341621929,58.61182548637025,58.64124177807067,58.459547414623295,52.49131629566197,52.384791679819514,52.3137219591015,52.19213185300619,51.16294447367707,51.19827009813089,51.58614441754569,52.19909793740064,,,,52.49131629566197,,,51.16311451991388,55.51280916900481,"rgba(0, 255, 0, 1.0)",1.3846875844848086,55.51280916900481,3.412941618851522,59.526194710569285,14.706242690236465,True,False,True,False,False,6.86718341868967,0.0,0.0,0.0,0.0,0,0.8821105867331995,0.9062797772194376,False,False,False,False,0.17739403651563335,0.23698642743090295,False,False,False,False,554889,493911.50144293753,False,False,False,False,6287.337837189048,False,False,False,False
2023-08-02 00:00:00+00:00,59.4256773327,59.6869954578,59.2805005966,59.6192463143,13923,,,,,,,,,,,,,,,,,,,60.57095536673886,59.25143238831976,59.30039503930145,58.447267162791256,58.28705208406414,56.679438252954746,54.97155809597847,52.256562205527736,51.19385989887106,51.43971191003437,,,,,,,,,,,,,,,,,,,,60.28115896056187,58.65118771820352,58.65736908361701,58.478011839103964,52.528492136451966,52.42207214932601,52.35090446669344,52.22846359706273,51.19391169683132,51.227751651376416,51.61221583840078,52.221385360055315,,,,52.528492136451966,,,51.19385989887106,55.52087778519051,"rgba(0, 255, 0, 1.0)",1.3846914664263916,55.52087778519051,2.819978054452078,54.29576644879588,9.69685087634845,True,False,False,False,False,4.061885436278118,0.0,0.0,0.0,0.0,0,0.8598139427209952,0.9260891967262872,False,False,False,False,0.07199850977632906,0.154492468603616,False,False,False,False,540966,495756.7758961557,False,False,False,False,6586.775569063987,False,False,False,False
2023-08-03 00:00:00+00:00,59.5418187216,59.6482816615,59.3288928419,59.3724458628,4820,,,,,,,,,,,,,,,,,,,60.5113035360151,59.25809662315396,59.302088817635244,58.45387474554557,58.294096188774546,56.69019132278792,54.98325000647201,52.269285178116256,51.20450433953176,51.44929840656901,,,,,,,,,,,,,,,,,,,,60.24989942570121,58.664640697232386,58.66308847645304,58.48451202036814,52.54134709884006,52.4349632597641,52.363762088535175,52.24102924155473,51.204632557575714,51.23796064050596,51.62124932778755,52.22911370088646,,,,52.54134709884006,,,51.20450433953176,55.52509123355659,"rgba(0, 255, 0, 1.0)",1.385337158974616,55.52509123355659,2.8994584184953744,51.29132800833343,6.946249716190707,False,False,False,False,False,4.414467915585405,0.0,0.0,0.0,0.0,0,0.855925406372705,0.9288178286889658,False,False,False,False,0.07271238499086397,0.11360242679723999,False,False,False,False,545786,497718.7062531692,False,False,False,False,6517.490252630106,False,False,False,False
2023-08-04 00:00:00+00:00,59.4159988836,60.0741334209,59.3773818718,59.5999862006,81987,,,,,,,,,,,,,,,,,,,60.077582243461826,59.370269237278364,59.34141383740654,58.56599682587803,58.41295824318198,56.86838947265742,55.178160653289936,52.482425405156924,51.383953526495276,51.61124328859582,,,,,,,,,,,,,,,,,,,,59.99457226750175,58.866849914375,58.761727834310236,58.59499179063587,52.75650226629697,52.650755400506,52.57904478426422,52.451625659829595,51.385340764488035,51.41022235000084,51.774018572094796,52.360162965040274,,,,52.75650226629697,,,51.383953526495276,55.63720128828054,"rgba(0, 255, 0, 1.0)",1.3836313540337464,55.63720128828054,2.7310725391579243,48.83859926663717,4.717109766851365,False,False,False,True,False,3.9805204980882074,0.0,0.0,0.0,0.0,0,0.8771826628798081,0.9082993232102478,False,False,False,False,0.10780470007636493,0.11070356343680246,False,False,False,False,463799,496388.5216942214,False,False,False,False,9477.078870174024,False,False,False,False
2023-08-07 00:00:00+00:00,59.9870273792,60.020901951,59.5419155061,59.8708859903,52829,,,,,,,,,,,,,,,,,,,60.02312800183495,59.44966444079614,59.37868284760647,58.64075152387713,58.491291934148954,56.9807417824821,55.3013000691731,52.617508228185116,51.49866664286957,51.71510402618452,,,,,,,,,,,,,,,,,,,,59.964526372080066,58.98456520398778,58.82934070102667,58.66887528351027,52.89271308371265,52.78738506530519,52.715390710231674,52.58517968411861,51.500830538223184,51.52049133636797,51.87216788619451,52.444740602193,,,,52.89271308371265,,,51.49866664286957,55.727306873786105,"rgba(0, 255, 0, 1.0)",1.3861637921181071,55.727306873786105,3.0730282594561875,49.6235786028781,4.717109766851365,False,False,False,False,False,5.733367994164617,0.0,0.0,0.0,0.0,0,0.8912167263241796,0.886765553895939,False,False,False,False,0.11607424103710824,0.11338890223695536,False,False,False,False,516628,497182.2267258206,False,False,False,False,11177.154208598573,False,False,False,False
2023-08-08 00:00:00+00:00,59.4353557818,59.5031049253,59.2175906776,59.2322051357,13759,,,,,,,,,,,,,,,,,,,59.985722978043064,59.44700656854453,59.3788077299595,58.65187372421222,58.503807565552954,57.004111639801714,55.32914514518449,52.649672552137666,51.52640074267938,51.74020512175342,,,,,,,,,,,,,,,,,,,,59.934797064818845,58.996685839558005,58.83819466908962,58.67969524677948,52.925022075533384,52.819837280850315,52.74780791645591,52.61700120661216,51.528748642735316,51.54716330970492,51.8958740171204,52.46509334245264,,,,52.925022075533384,,,51.52640074267938,55.74258535100034,"rgba(0, 255, 0, 1.0)",1.3836188458826,55.74258535100034,2.668921749503972,48.08262246120438,4.021908983285051,False,False,False,True,False,3.8156882189127224,0.0,0.0,0.0,0.0,0,0.8716779156936851,0.8805356782483417,False,False,False,False,0.053817409807474945,0.08360315602221516,False,False,False,False,502869,497405.2374424551,False,False,False,False,11278.403063163336,False,False,False,False
2023-08-09 00:00:00+00:00,59.5369794971,59.7353877032,59.3676066383,59.5418187216,10939,,,,,,,,,,,,,,,,,,,59.96616212643015,59.45017659474657,59.38127050031829,58.66237519686252,58.515286267200445,57.0236068734296,55.35188337720589,52.675634447004526,51.54876148276058,51.760463252531814,,,,,,,,,,,,,,,,,,,,59.91957824165299,59.009598820428444,58.847051937749384,58.689980915015106,52.951116245145386,52.846039613221365,52.77397791392077,52.64268687371707,51.551256890063144,51.5686736918949,51.91501857439473,52.4815648707482,,,,52.951116245145386,,,51.54876148276058,55.75677906306494,"rgba(0, 255, 0, 1.0)",1.3772859526637973,55.75677906306494,2.7446736291209572,47.493949717717186,3.319661454493655,False,False,False,True,False,4.13210602274123,0.0,0.0,0.0,0.0,0,0.8681776300108319,0.8797877572181815,False,False,False,False,0.08199976543488817,0.08280146072855166,False,False,False,False,513808,498048.48303294706,False,False,False,False,11265.093139117715,False,False,False,False
2023-08-10 00:00:00+00:00,59.7450661523,60.1322041153,59.5998894161,60.1056851649,6951,,,,,,,,,,,,,,,,,,,59.96229576411859,59.45761736697723,59.385375977853045,58.67098678346523,58.524388092040965,57.03719326213689,55.367157798677454,52.69269607313979,51.56339907342205,51.773740802227955,,,,,,,,,,,,,,,,,,,,59.91729659538493,59.02159598144427,58.85476542922297,58.69847895011898,52.96828779000006,52.8632726448682,52.791183653948764,52.65956541690383,51.56599073220488,51.58275809766483,51.927576966694176,52.49240351005052,,,,52.96828779000006,,,51.56339907342205,55.76790231429104,"rgba(0, 255, 0, 1.0)",1.3652492815102955,55.76790231429104,2.9131411324452423,48.01651842110128,3.319661454493655,False,False,False,True,False,4.784236249699958,0.0,0.0,0.0,0.0,0,0.8817167072120391,0.8702356335030631,False,False,False,False,0.12868188404253264,0.10574167238554215,False,False,False,False,520759,498939.09154145897,False,False,False,False,11095.913016015058,False,False,False,False
2023-08-11 00:00:00+00:00,59.6869954578,59.6869954578,59.3740911991,59.3740911991,325276,,,,,,,,,,,,,,,,,,,59.74858373415996,59.517792547156944,59.44492721016801,58.905550257382195,58.78398827525773,57.5079421370996,55.947883642413075,53.38478101322915,52.17632618974849,52.33229627246681,,,,,,,,,,,,,,,,,,,,59.7392277334478,59.25027131781988,59.050903194370996,58.9277889860139,53.660514005059596,53.55922221589861,53.48715849927133,53.345412329680784,52.182610637904794,52.17411978454801,52.45694114326229,52.950438752279034,,,,53.660514005059596,,,52.17632618974849,56.15636499915489,"rgba(0, 255, 0, 1.0)",1.364933622825521,56.15636499915489,2.5866682449630245,48.11215824670492,3.319661454493655,False,False,False,True,False,4.575714162260269,0.0,0.0,0.0,0.0,0,0.8862464850720441,0.8642766348229963,False,False,False,False,0.07890486403637098,0.09232326821095657,False,False,False,False,195483,487038.8526574802,False,False,False,False,23416.70074087721,False,False,False,False
2023-08-14 00:00:00+00:00,59.5127833744,59.6579601106,59.1353238604,59.1353238604,6197,,,,,,,,,,,,,,,,,,,59.74525976167412,59.51704381070505,59.44487249091179,58.90813446505265,58.78701814853754,57.51470908784631,55.95701257989297,53.39633777352551,52.18688095934777,52.34196249974094,,,,,,,,,,,,,,,,,,,,59.736177748131105,59.25169732257579,59.05286664962994,58.930284427289855,53.67200510754005,53.57079428222352,53.498748806484876,53.356884580322514,52.193223137336744,52.18433142497671,52.46612271802915,52.95841015206662,,,,53.67200510754005,,,52.18688095934777,56.16231225318728,"rgba(0, 255, 0, 1.0)",1.365175489099267,56.16231225318728,2.454242072148056,47.394614086223456,2.4511425411850354,False,True,False,True,False,3.944102930043851,0.0,0.0,0.0,0.0,0,0.8783999428252206,0.8666787797866049,False,False,False,False,0.05916056748213468,0.07574191784654563,False,False,False,False,189286,475362.2702003241,False,False,False,False,22741.418358882027,False,False,False,False
2023-08-15 00:00:00+00:00,58.7965781427,59.0385393696,58.7965781427,58.8410990085,12621,,,,,,,,,,,,,,,,,,,59.72689621488934,59.505423639239744,59.43833935410788,58.90783049908963,58.78786476828088,57.524382502507464,55.972498181439576,53.41757593993753,52.20663460156754,52.3600253094445,,,,,,,,,,,,,,,,,,,,59.71897107332955,59.245912191296725,59.05105861373132,58.92975847586493,53.69301467292293,53.59199234632698,53.520008724803,53.37798305255301,52.21308281689486,52.20344621307414,52.48325612224039,52.97319074350662,,,,53.69301467292293,,,52.20663460156754,56.16963495956507,"rgba(0, 255, 255, 0.75)",1.363580689196764,56.16963495956507,1.9265036561073359,44.15942667071836,-0.8540340421470347,False,True,False,True,False,1.4002204158170386,0.0,0.0,0.0,0.0,0,0.844038579420701,0.8793848430275184,False,False,False,False,-0.01121375908022122,0.032264079383162204,False,False,False,False,176665,463648.65176109574,False,False,False,False,22344.53920755332,False,False,False,False
2023-08-16 00:00:00+00:00,58.4868677722,58.9030410826,58.4868677722,58.7385074483,4775,,,,,,,,,,,,,,,,,,,59.71815146279803,59.49941929865123,59.434815674812775,58.90678406335848,58.787290650279935,57.52733249350227,55.977810381458866,53.425199912472394,52.21379698452662,52.36657028297753,,,,,,,,,,,,,,,,,,,,59.71074670895238,59.24230751875602,59.049407970258414,58.928621884881885,53.70053554589983,53.59958853163078,53.52763263516457,53.38556006790189,52.22028318870897,52.21037801098263,52.48946030788634,52.97852604588432,,,,53.70053554589983,,,52.21379698452662,56.17161166339878,"rgba(0, 255, 255, 0.75)",1.3598568128191189,56.17161166339878,1.7025734525692195,41.01205278652142,-3.9262453382944855,False,True,False,True,False,0.3291145404814593,0.0,0.0,0.0,0.0,0,0.8415274573993037,0.8795719800664454,False,False,False,False,-0.04390842358628749,-0.005822172101562644,False,False,False,False,171890,452207.13600575866,False,False,False,False,21655.53767000221,False,False,False,False
2023-08-17 00:00:00+00:00,58.0610160129,58.4433147514,57.9507784779,58.4433147514,9283,,,,,,,,,,,,,,,,,,,59.69433822338125,59.4817729331171,59.424091213023395,58.90138042854376,58.782948853068696,57.53056732871204,55.98623960583656,53.43861302917283,52.226649858850266,52.37829479480065,,,,,,,,,,,,,,,,,,,,59.68827686467478,59.23012453845253,59.042687908125615,58.92301863202794,53.713690756694525,53.612904499739514,53.54101746592616,53.398901466118375,52.233202921962224,52.222818964139684,52.50055723412232,52.98800154606171,,,,53.713690756694525,,,52.226649858850266,56.17257701431839,"rgba(38, 166, 154, 1.0)",1.3573184024677056,56.17257701431839,1.3913014036708582,37.68073831510434,-7.068356858591997,False,True,False,True,False,0.0,0.0,0.0,0.0,0.0,0,0.8405983804659454,0.8881846908004484,False,False,False,False,-0.1174852202102146,-0.06165369615588862,False,False,False,False,162607,440850.26792710146,False,False,False,False,21170.34011431585,False,False,False,False
2023-08-18 00:00:00+00:00,57.9448746239,57.954553073,57.6806529641,57.6806529641,6121,,,,,,,,,,,,,,,,,,,59.67613376251954,59.46789130929783,59.41551861473154,58.89648962541522,58.7788103684255,57.53168899781284,55.99101814195477,53.44687099436255,52.23467865399649,52.38561045114608,,,,,,,,,,,,,,,,,,,57.860026887000004,59.67106596219336,59.22010645541749,59.03687898521745,58.91798747230204,53.72175524645067,53.621080699557865,53.549245166990794,53.40712033189833,52.24127283637966,52.23059161569772,52.50747409755985,52.99387866075125,,,,53.72175524645067,,,52.23467865399649,56.445811606381085,"rgba(38, 166, 154, 1.0)",1.3606458029754536,56.445811606381085,1.1017290570703782,35.13959557834997,-9.412205229736685,False,True,False,True,False,0.0,0.0,0.0,0.0,0.0,0,0.8379230334270515,0.8963860659147671,False,False,False,False,-0.17437677864800044,-0.11801523740194453,False,False,False,False,156486,429698.7280083916,False,False,False,False,20580.16991375445,False,False,False,False
2023-08-21 00:00:00+00:00,58.3126556889,58.5255815686,58.2158711981,58.2158711981,2491,,,,,,,,,,,,,,,,,,,59.67080478096466,59.46401546986932,59.41315027459909,58.89544971416739,58.7780317727791,57.53282311329823,55.993465244100584,53.45059600791258,52.23822431830442,52.388848748613334,,,,,,,,,,,,,,,,,,,58.00214653541108,59.666029415769124,59.2175290522384,59.03551146763337,58.916898180569035,53.72541679606614,53.624783715755655,53.552965163568956,53.4108245253424,52.24483695068426,52.23402418637945,52.51054179926144,52.996507440873216,,,,53.72541679606614,,,52.23822431830442,56.45337633427066,"rgba(38, 166, 154, 1.0)",1.3527415658649178,56.45337633427066,1.3744527421544521,35.716064550005555,-9.412205229736685,False,True,False,True,False,0.0,0.0,0.0,0.0,0.0,0,0.84527517435229,0.9067660717544886,False,False,False,False,-0.09171664301583865,-0.10486594020889159,False,False,False,False,158977,419082.1896551214,False,False,False,False,19870.790701450354,False,False,False,False
2023-08-22 00:00:00+00:00,58.1560583828,58.3445945708,58.1560583828,58.2991058602,5648,,,,,,,,,,,,,,,,,,,59.65768216336567,59.45429196214686,59.40715415205404,58.89253599388943,58.77573203595635,57.534968712088244,55.99868430437651,53.45879331572265,52.246074544033306,52.396015304059866,,,,,,,,,,,,,,,,,,,58.0879982121755,59.653614491188584,59.210856286226935,59.03183446517985,58.91386891166108,53.73346032197736,53.6329236535338,53.56114617473594,53.41897811372284,52.252727742179715,52.241624602512495,52.517327997713586,53.00231108421722,,,,53.73346032197736,,,52.246074544033306,56.458247507936356,"rgba(38, 166, 154, 1.0)",1.3505578115315866,56.458247507936356,1.2571182517083486,35.56424862617159,-9.412205229736685,False,True,False,True,False,0.0,0.0,0.0,0.0,0.0,0,0.8615554463933809,0.9086244373234501,False,False,False,False,-0.10956521804160815,-0.10721557912524987,False,False,False,False,153329,408660.4959431559,False,False,False,False,19313.034203354262,False,False,False,False
2023-08-23 00:00:00+00:00,58.6514014066,58.783415452,58.4287970778,58.4287970778,2814,,,,,,,,,,,,,,,,,,,59.65303571117739,59.451063110540034,59.40519298074762,58.89195503011304,58.77541601731033,57.53665857216708,56.00174498369403,53.46321122865458,52.25024099380432,52.399825557652896,,,,,,,,,,,,,,,,,,,58.17587702811092,59.64922042057091,59.20889976379605,59.030915313612006,58.913237450080516,53.73781557818976,53.63732328039869,53.565562628459226,53.42336977714764,52.256915964888066,52.24565853615419,52.52094120640583,53.0054204420404,,,,53.73781557818976,,,52.25024099380432,56.46366571848082,"rgba(0, 255, 255, 0.75)",1.339741888526226,56.46366571848082,1.6329531134730637,38.30695721365439,-9.412205229736685,False,True,False,True,True,0.9801395755327462,0.0,0.0,0.0,0.0,0,0.8616115131671711,0.9092110726916387,False,False,False,False,-0.0569801836165424,-0.08209788137089613,False,False,False,False,156143,398757.8490434243,False,False,False,False,18666.013254203117,False,False,False,False
2023-08-24 00:00:00+00:00,58.0271414411,58.6417229575,58.0271414411,58.6417229575,5302,,,,,,,,,,,,,,,,,,,59.6411334699738,59.44222542049285,59.39970303314423,58.88930330049986,58.77333016509819,57.538690790662365,56.006638438209116,53.47088817909119,52.25759776634927,52.40654366660367,,,,,,,,,,,,,,,,,,,58.189175844595205,59.63794588841298,59.20283034060146,59.02756006896364,58.91047923468726,53.74534815238881,53.64494608162969,53.57322398707312,53.43100614332679,52.2643105902014,52.252782091648946,52.527303820689355,53.01086422344097,,,,53.74534815238881,,,52.25759776634927,56.46495594935252,"rgba(38, 166, 154, 1.0)",1.3287439307742486,56.46495594935252,1.175685890687158,37.880529763787564,-9.412205229736685,False,True,False,True,True,0.0,0.0,0.0,0.0,0.0,0,0.8372703251493656,0.9254829386297593,False,False,False,False,-0.09709039467364973,-0.08959413802227292,False,False,False,False,150841,389035.61966917233,False,False,False,False,18141.934303057897,False,False,False,False
2023-08-25 00:00:00+00:00,58.1578005036,58.1578005036,57.7609840915,57.9034508619,8890,,,,,,,,,,,,,,,,,,,59.618758376117135,59.42521147530686,59.389004871378674,58.88352283647524,58.768548104848804,57.5410648642725,56.0140385881506,53.483149179194655,52.26946762865077,52.41737540793213,,,,,,,,,,,,,,,,,,,58.14264523362363,59.61672094664571,59.19069233414392,59.02055325661066,58.90451199164983,53.75734308029658,53.65709805756191,53.5854468558463,53.44320762887141,52.276240800057955,52.26427722542645,52.53755544811094,53.019606590694934,,,,53.75734308029658,,,52.26946762865077,56.46257516675647,"rgba(38, 166, 154, 1.0)",1.3207270829934274,56.46257516675647,1.2835546106931497,38.317133260522695,-9.412205229736685,False,True,False,True,True,0.0,0.0,0.0,0.0,0.0,0,0.8257251000361324,0.9559502880982974,False,False,False,False,-0.15300608013112527,-0.1213001090766991,False,False,False,False,159731,380043.2816429303,False,False,False,False,17779.113349996802,False,False,False,False
2023-08-28 00:00:00+00:00,58.6514014066,58.6514014066,58.5159031195,58.5159031195,507,,,,,,,,,,,,,,,,,,,59.61795928208422,59.42465093332118,59.38865748357243,58.883417049324976,58.76848893109345,57.54136101624628,56.01458035354061,53.4839355782958,52.27021124455735,52.41805572213525,,,,,,,,,,,,,,,,,,,58.15004271479253,59.61596292879694,59.190348884564614,59.020388096254905,58.90439733134615,53.75811792543426,53.65788091386471,53.58623281220848,53.44398946769962,52.27698826708067,52.264997356927445,52.53820069302479,53.02016198321424,,,,53.75811792543426,,,52.27021124455735,56.46313042855034,"rgba(0, 255, 255, 0.75)",1.3142391657703878,56.46313042855034,1.6650477592234332,41.13972713961708,-13.885122681366127,False,True,False,True,True,1.001656392235187,0.0,0.0,0.0,0.0,0,0.8366024203834523,0.9735713320645139,False,False,False,False,-0.06028662761563086,-0.09079336834616497,False,False,False,False,160238,371423.46667654085,False,False,False,False,17101.775571565555,False,False,False,False
2023-08-29 00:00:00+00:00,59.4401950063,59.4401950063,58.5739738139,58.5739738139,258,,,,,,,,,,,,,,,,,,,59.61777200427268,59.424555813232274,59.38860392681589,58.883469075953336,58.76855996528073,57.54158878647091,56.014913938122795,53.484378250407104,52.27062214216836,52.41843235714123,,,,,,,,,,,,,,,,,,,58.158108784183504,59.61578567776266,59.19033725728832,59.02041467824342,58.90444565037948,53.75855646253892,53.65832307879994,53.586676100377225,53.44442924654074,52.27740132727422,52.26539525418869,52.53855848764738,53.02047214767678,,,,53.75855646253892,,,52.27062214216836,56.46371687101506,"rgba(0, 255, 0, 1.0)",1.3119264653047649,56.46371687101506,2.268784275644212,46.214677086464945,-9.068150272184432,False,True,False,True,True,3.680215815597286,0.0,0.0,0.0,0.0,0,0.8423428355200229,0.9500532516577965,False,False,False,False,0.0019245038007815521,-0.04443443227269171,False,False,False,False,160496,363151.80131667654,False,False,False,False,16441.23535307279,False,False,False,False
2023-08-30 00:00:00+00:00,59.4353557818,59.4498734554,59.4159988836,59.4498734554,1232,,,,,,,,,,,,,,,,,,,59.61741989573737,59.4245710620309,59.38865254146446,58.883978638360496,58.7691486124263,57.54286610736857,56.01664916685147,53.48659638962408,52.27266405004585,52.42030566107321,,,,,,,,,,,,,,,,,,,58.20535590539409,59.615454569846904,59.19068422900876,59.02081458724757,58.90493951243284,53.76075914219089,53.660541975089906,53.588899244145885,53.44663216966157,52.27945405720364,52.267372521261294,52.5403394030959,53.022020984479205,,,,53.76075914219089,,,52.27266405004585,56.46717271886964,"rgba(0, 255, 0, 1.0)",1.3096114190430936,56.46717271886964,2.266460890436606,49.57518002350702,-6.02009510997933,False,False,False,False,True,3.662390684001373,0.0,0.0,0.0,0.0,0,0.8798475296422342,0.9268868070438087,False,False,False,False,0.06450710136771018,0.010036334547509233,False,False,False,False,159264,355156.2012650422,False,False,False,False,15844.794750991503,False,False,False,False
2023-08-31 00:00:00+00:00,59.3095359438,59.3095359438,59.2611436984,59.2611436984,6331,,,,,,,,,,,,,,,,,,,59.61426513312345,59.42346173210576,59.388128295805174,58.885917713133175,58.77152189296057,57.54891774633302,56.025173370952814,53.497700558961036,52.28293339485082,52.42972412453187,,,,,,,,,,,,,,,,,,,58.37933277195482,59.61247235205324,59.191431218930376,59.022163192584244,58.906793227918186,53.771772008807666,53.67164107305695,53.600023255743544,53.457662285024355,52.28977752056497,52.27731747809249,52.549290658945,53.029794410438946,,,,53.771772008807666,,,52.28293339485082,56.48092031114783,"rgba(0, 255, 0, 1.0)",1.2995607393574795,56.48092031114783,2.176593634284981,51.18615184405259,-4.60492425329695,False,False,False,False,True,3.1924110026563675,0.0,0.0,0.0,0.0,0,0.8847182636533272,0.9236073431539669,False,False,False,False,0.042784260914049826,0.02641029773077953,False,False,False,False,152933,347225.87964680523,False,False,False,False,15471.704760756542,False,False,False,False
2023-09-01 00:00:00+00:00,59.0385393696,59.5224618235,59.0385393696,59.5224618235,3493,,,,,,,,,,,,,,,,,,59.19984685423332,59.61205081302678,59.42242313990217,59.387558264242195,58.88673588229354,58.77258903315501,57.55206063022923,56.02972337919069,53.50371029246702,52.28851100357747,52.43483884626682,,,,,,,,,,,,,,,,,,,58.445850647170055,59.61037492902557,59.19146484916038,59.02264687902662,58.907562751415945,53.77772675008942,53.67764447014674,53.606041599775914,53.463632850118266,52.29538436918959,52.28271935632276,52.55415080964481,53.034011057824856,,,,53.77772675008942,,,52.28851100357747,56.8326769693718,"rgba(0, 255, 255, 0.75)",1.2950604973899607,56.8326769693718,1.7032890777487617,50.92511634765244,-4.60492425329695,False,False,False,False,True,2.178967577749386,0.0,0.0,0.0,0.0,0,0.8766475304989549,0.9062400638671564,False,False,False,False,0.04207283087734301,0.03424156430406127,False,False,False,False,149440,339469.5706410482,False,False,False,False,15001.951632883736,False,False,False,False
2023-09-05 00:00:00+00:00,58.3886315141,58.5449384667,58.3707263833,58.3707263833,13343,,,,,,,,,,,,,,,,,,58.59349848680799,59.58850231738516,59.40520572000521,59.37666517759463,58.882280611326344,58.76940425425046,57.55843333126993,56.04281880149793,53.52348302395595,52.307385068531126,52.45210417234504,,,,,,,,,,,,,,,,,,,58.44322952856067,59.58798276718019,59.180087481632185,59.016596698160036,58.902867378266556,53.7971609060489,53.69729680335909,53.6257844850825,53.48329934669817,52.314354569003676,52.301002961676744,52.57052118813365,53.04807332950649,,,,53.7971609060489,,,52.307385068531126,56.804816837830835,"rgba(38, 166, 154, 1.0)",1.2934357907599323,56.804816837830835,1.2245019718672119,48.019049990960866,-4.60492425329695,False,False,False,False,False,0.0,0.0,0.0,0.0,0.0,0,0.8773991725429932,0.9232127043483791,False,False,False,False,-0.0788405668105214,-0.022299501253230065,False,False,False,False,136097,331494.1757139483,False,False,False,False,14936.894706103983,False,False,False,False
2023-09-06 00:00:00+00:00,58.2932987907,58.3818565998,58.2932987907,58.3818565998,327,,,,,,,,,,,,,,,,,,58.588341317348366,59.58788217954831,59.404743495228836,59.37636998687526,58.8821454898172,58.769301099659245,57.55856855019544,56.04312300755222,53.52395460839599,52.30783774027556,52.45251815619851,,,,,,,,,,,,,,,,,,,58.44253578946085,59.58739246878537,59.179771712261505,59.0164217601074,58.90272623874933,53.797623699644326,53.69776505672006,53.62625508589161,53.48376851211135,52.31480952785726,52.301441525000925,52.570913599817544,53.04840989458952,,,,53.797623699644326,,,52.30783774027556,56.80456686632427,"rgba(38, 166, 154, 1.0)",1.292511306104701,56.80456686632427,1.151813463715366,45.72196529625526,-4.60492425329695,False,True,False,True,False,0.0,0.0,0.0,0.0,0.0,0,0.8788300592021115,0.9254038045773962,False,False,False,False,-0.09662445264475054,-0.0594619769489903,False,False,False,False,135770,323818.7178428131,False,False,False,False,14363.957658805788,False,False,False,False
2023-09-07 00:00:00+00:00,58.4965462213,58.5691345894,58.1674789527,58.3900832815,10921,,,,,,,,,,,,,,,,,,58.51939946666003,59.56893512264615,59.390770617835095,59.367423229191594,58.878375978772155,58.76655861580964,57.56357544501517,56.05362775892169,53.53993992662988,52.32313803314335,52.46651805977409,,,,,,,,,,,,,,,,,,,58.437455545294775,59.56934332839191,59.170430039722255,59.011366356419316,58.898762913460395,53.8133260096692,53.713646612129246,53.642212278964834,53.49967016539277,52.33018713601877,52.316265958350705,52.58418907843362,53.05981335572023,,,,53.8133260096692,,,52.32313803314335,56.80290722900442,"rgba(38, 166, 154, 1.0)",1.2849561784078833,56.80290722900442,1.3180519466384255,45.30067505694652,1.1790608630437944,False,True,False,True,False,0.2089339994927215,0.0,0.0,0.0,0.0,0,0.8697378303805958,0.9337673021253845,False,False,False,False,-0.09207472543994266,-0.07576835119446648,False,False,False,False,146691,316872.5328293695,False,False,False,False,14228.93971140164,False,False,False,False
2023-09-08 00:00:00+00:00,58.1287651564,58.316430284,57.9255177258,58.316430284,9251,,,,,,,,,,,,,,,,,,58.42131968542081,59.549488283799064,59.375854230800925,59.35773388071844,58.873294310281665,58.76241592825778,57.566347727215735,56.06137724007949,53.552604905228634,52.33542957741653,52.477754753918916,,,,,,,,,,,,,,,,,,,58.399709761311925,59.550793415979825,59.159763488559264,59.00513024638662,58.89350560505242,53.82571732927291,53.72619790987082,53.65483647445489,53.51227635316291,52.34253972711811,52.32817765667927,52.59483489782258,53.06891825978839,,,,53.82571732927291,,,52.33542957741653,56.79631680401943,"rgba(38, 166, 154, 1.0)",1.2774879132849206,56.79631680401943,1.0430222771770274,43.52005660295154,-0.6666206204678247,False,True,False,True,False,0.0,0.0,0.0,0.0,0.0,0,0.8471268432318784,0.933632731005749,False,False,False,False,-0.12881907668322404,-0.10229371393884526,False,False,False,False,137440,309835.96291449224,False,False,False,False,14033.726389385889,False,False,False,False
2023-09-11 00:00:00+00:00,58.3416910361,58.3610479342,58.1868358509,58.1868358509,1362,,,,,,,,,,,,,,,,,,58.416927343825385,59.54701120903158,59.373986952617635,59.35651820612985,58.872723184240904,58.761974418219275,57.5668795330453,56.06260855606585,53.5545339572987,52.337288772906184,52.479455897448645,,,,,,,,,,,,,,,,,,,58.397914692580116,59.54842857849969,59.158470472004,59.00439818945961,58.892910121840046,53.827608828753334,53.72811221535086,53.65676079903385,53.51419591953679,52.344408194942076,52.32997947261722,52.596447721705665,53.07030175874629,,,,53.827608828753334,,,52.337288772906184,56.796183007269065,"rgba(38, 166, 154, 1.0)",1.2782633325573918,56.796183007269065,1.2090685772382093,43.54476415972217,-0.8465179482578833,False,True,False,True,False,0.0,0.0,0.0,0.0,0.0,0,0.8550807250981387,0.9297939385398225,False,False,False,False,-0.10605924059646075,-0.104176477267653,False,False,False,False,138802,303128.7486825514,False,False,False,False,13536.795942743305,False,False,False,False
2023-09-12 00:00:00+00:00,58.3223341379,58.4094401796,58.2739418926,58.2739418926,2959,,,,,,,,,,,,,,,,,,58.41112466021476,59.5418288396329,59.37009736157545,59.35398278922019,58.871569385005785,58.76109763978004,57.568093397868736,56.06532524838073,53.5587536698981,52.341350170524365,52.483172848290984,,,,,,,,,,,,,,,,,,,58.39563213069151,59.54347941156848,59.15580022002892,59.00289966349237,58.891704210612914,53.831748228360006,53.732300796583196,53.6609708155312,53.51839466784027,52.348489854431705,52.333915618683605,52.59997228081898,53.073327190305804,,,,53.831748228360006,,,52.341350170524365,56.79623215806208,"rgba(38, 166, 154, 1.0)",1.2722412009278554,56.79623215806208,1.1995382469337732,43.47378103876639,-1.2094702537461615,False,True,False,True,False,0.0,0.0,0.0,0.0,0.0,0,0.8475993255995957,0.9378500219951738,False,False,False,False,-0.09601520690922023,-0.10009584208843661,False,False,False,False,135843,296568.52324402,False,False,False,False,13121.980415576902,False,False,False,False
2023-09-13 00:00:00+00:00,57.8674470313,58.0223022166,57.8577685822,58.0223022166,11681,,,,,,,,,,,,,,,,,,58.30265533189041,59.5148334730114,59.348913871857285,59.34002532361357,58.86353838043264,58.75429704100059,57.57024867445625,56.074016744185656,53.57388271369332,52.356211356100935,52.49675170117615,,,,,,,,,,,,,,,,,,,58.33532437195142,59.5176830442799,59.14012377619693,58.99337387491636,58.883444398000435,53.84650013133297,53.747261766282264,53.67603204349819,53.53346156132514,52.36342353204964,52.34832137702533,52.612829347262185,53.084287324419265,,,,53.84650013133297,,,52.356211356100935,56.78676257050377,"rgba(38, 166, 154, 0.5)",1.2699129582696846,56.78676257050377,0.850990970490385,41.481882932564616,-3.3858206933422323,False,True,False,True,False,0.0,0.0,0.0,0.0,0.0,0,0.8522531405060094,0.9336948583129425,False,False,False,False,-0.15591499734776643,-0.12800541971810153,False,False,False,False,124162,289807.4831168035,False,False,False,False,13065.471379671926,False,False,False,False
2023-09-14 00:00:00+00:00,58.2836203416,58.2836203416,58.0948905846,58.1384436055,14937,,,,,,,,,,,,,,,,,,58.28472740749648,59.48793009949208,59.32828328031036,59.3263043995439,58.85670444305303,58.74886327832643,57.57536334569998,56.086832818164176,53.59442417072858,52.376135728788896,52.51498830724634,,,,,,,,,,,,,,,,,,,58.31945322794706,59.491919796797944,59.12549632270212,58.98481174961655,58.87634816631721,53.86661116135832,53.76762563538019,53.696510601799375,53.55390839551879,52.383445697165044,52.36763748062938,52.63011989786293,53.09911025869036,,,,53.86661116135832,,,52.376135728788896,56.78658498631033,"rgba(38, 166, 154, 1.0)",1.268771858965823,56.78658498631033,1.1799090157232073,42.639897976552014,-3.3858206933422323,False,True,False,True,False,0.0,0.0,0.0,0.0,0.0,0,0.8681709822238445,0.9113559713055269,False,False,False,False,-0.11864457480131595,-0.12332499725970875,False,False,False,False,139099,283897.34652398765,False,False,False,False,13138.864658900478,False,False,False,False
2023-09-15 00:00:00+00:00,58.3072357574,58.3072357574,58.3072357574,58.3072357574,47,,,,,,,,,,,,,,,,,,58.28474289164405,59.487852871504174,59.32822453412075,59.32626509414215,58.85668606332272,58.74884912780553,57.575381453057226,56.086874528437946,53.59448972231231,52.37619913310433,52.51504637362663,,,,,,,,,,,,,,,,,,,58.31944790689702,59.491845754537785,59.12545536248245,58.98478812479412,58.876328992594125,53.866675401562205,53.767690658028144,53.69657597410144,53.5539736385761,52.383509412505276,52.36769895467015,52.630174974580456,53.09915755043835,,,,53.866675401562205,,,52.37619913310433,56.7865928322765,"rgba(38, 166, 154, 1.0)",1.2660860512410315,56.7865928322765,1.2010581142039696,43.547552005740265,-3.3858206933422323,False,True,False,True,False,0.0,0.0,0.0,0.0,0.0,0,0.8847847791158171,0.8971197136669564,False,False,False,False,-0.18255526990035212,-0.15294013358003045,False,False,False,False,139146,278220.82313089014,False,False,False,False,12625.458201688696,False,False,False,False
2023-09-18 00:00:00+00:00,57.9835884202,58.1286683719,57.8384116841,57.8384116841,2540,,,,,,,,,,,,,,,,,,58.27394690652398,59.48255411287781,59.324056449591986,59.32347215012588,58.855110533842755,58.7475262232927,57.57592648423277,56.08879806690613,53.597786463032435,52.37943676006347,52.51800743409321,,,,,,,,,,,,,,,,,,,58.31172381074622,59.48676844891208,59.12237458027198,58.98290506745539,58.87470645335118,53.86989148713785,53.77095152180159,53.69985828138001,53.557256958520064,52.38676267786202,52.37083833372131,52.63298025757803,53.101553280132045,,,,53.86989148713785,,,52.37943676006347,56.78559067189642,"rgba(38, 166, 154, 0.5)",1.254033515545795,56.78559067189642,0.9553155744662628,42.636408844039074,-3.3858206933422323,False,True,False,True,False,0.0,0.0,0.0,0.0,0.0,0,0.8673051092045515,0.9331686905081429,False,False,False,False,-0.27938157412301906,-0.21616085385152475,False,False,False,False,136606,272667.30065516895,False,False,False,False,12229.95003691659,False,False,False,False
2023-09-19 00:00:00+00:00,57.8329917526,57.9835884202,57.7803409896,57.7803409896,968,,,,,,,,,,,,,,,,,,58.268444383720556,59.480386476094644,59.322335644534775,59.32231740733104,58.854430558050154,58.746945634335916,57.57607383937155,56.08948454889391,53.599007811307175,52.38064370264278,52.51911072973691,,,,,,,,,,,,,,,,,,,58.3078484102119,59.48469138079614,59.12108374153294,58.98210483644523,58.87400803637441,53.871080728102676,53.77215816941371,53.7010734575563,53.5584736591478,52.38797541015854,52.37200871907458,52.634025040240644,53.102443642668675,,,,53.871080728102676,,,52.38064370264278,56.785028391801106,"rgba(38, 166, 154, 0.5)",1.24907007481771,56.785028391801106,0.8389948505906174,41.36481076691113,-4.1931131213791275,False,True,False,True,False,0.0,0.0,0.0,0.0,0.0,0,0.8450877220031007,0.9370447289320466,False,False,False,False,-0.3289731906933115,-0.27256702227241814,False,False,False,False,135638,267293.6025902604,False,False,False,False,11788.304937429666,False,False,False,False
2023-09-20 00:00:00+00:00,57.9061608276,58.3852440569,57.8169255271,58.3852440569,7840,,,,,,,,,,,,,,,,,,58.245581030437336,59.46487330381865,59.31016040528921,59.314118569853115,58.849901119885565,58.74317550132301,57.577961149996035,56.09555675572764,53.60926822084452,52.39070260724814,52.52831414173225,,,,,,,,,,,,,,,,,,,58.289985132746025,59.46981375936832,59.112132351070315,58.97664880745904,58.86933715074999,53.88109650933316,53.78231076899711,53.71129111504304,53.5686916785967,52.39808285116778,52.38176310627935,52.642746793860574,53.10990024190657,,,,53.88109650933316,,,52.39070260724814,56.78303443944774,"rgba(38, 166, 154, 0.5)",1.251143504846047,56.78303443944774,0.8976799094604726,41.03562229379481,-4.7218852819479835,False,True,False,True,False,0.0,0.0,0.0,0.0,0.0,0,0.8346784363001288,0.9303357503179959,False,False,False,False,-0.2826701425036586,-0.2776185823880384,False,False,False,False,143478,262438.08876319136,False,False,False,False,11633.469449687327,False,False,False,False
2023-09-21 00:00:00+00:00,56.9383159199,57.2673831885,56.9383159199,57.2673831885,661,,,,,,,,,,,,,,,,,,58.23572670764531,59.4626865717105,59.30835646667579,59.3129013331439,58.84906062811121,58.74241781022276,57.57777790740723,56.09580718016821,53.609938514209205,52.391400899099764,52.52894973454386,,,,,,,,,,,,,,,,,,,58.283139556701954,59.46771848940767,59.11069755154561,58.97571143053763,58.86848153531309,53.88173845700421,53.78296621768206,53.711954058724224,53.569360966970535,52.39878430925614,52.38244052713502,52.64334636407073,53.11040199301347,,,,53.88173845700421,,,52.391400899099764,56.78183132957686,#000000,1.2652285490752497,56.78183132957686,0.12368088788188711,37.181365236234754,-8.511401046116113,False,True,False,True,False,0.0,0.0,0.0,0.0,0.0,0,0.8048902871075634,0.9509059774614939,False,False,False,False,-0.34282825441539394,-0.3102234184017162,False,False,False,False,142817,257747.06567443875,False,False,False,False,11203.176530091747,False,False,False,False
2023-09-22 00:00:00+00:00,56.5414995078,56.8705667764,56.5124641605,56.8077536419,3206,,,,,,,,,,,,,,,,,,58.17454280741698,59.45036025789643,59.29808144246382,59.30595967969096,58.84407758101719,58.73787308810163,57.57621035925895,56.0965022048267,53.61280193701069,52.39448940884972,52.53175289833132,,,,,,,,,,,,,,,,,,,58.24039559598117,59.45590854709412,59.10240078043321,58.97022183922019,58.86341888727912,53.88444910143571,53.785746235221964,53.714774410206154,53.57222461139646,52.4018863352022,52.385437359284445,52.6459839384727,53.112582742889686,,,,53.88444910143571,,,52.39448940884972,56.77411625550017,#000000,1.2850617696607793,56.77411625550017,-0.1810160049828381,33.5451968734599,-11.919241528183363,False,True,False,True,False,0.0,0.0,0.0,0.0,0.0,0,0.7818742039986329,0.9776960683620617,False,False,False,False,-0.34282825441539394,-0.32652583640855504,False,False,False,False,139611,253114.2787852451,False,False,False,False,10889.561764205797,False,False,False,False
2023-09-25 00:00:00+00:00,56.2898598318,56.2898598318,55.946952381,56.0769339521,1357,,,,,,,,,,,,,,,,,,58.142589368757044,59.44431517792605,59.29299751528779,59.30252042353996,58.841530419783915,58.73552911903915,57.575218477160554,56.09654479959863,53.61382609637496,52.39565205118159,52.53280384891808,,,,,,,,,,,,,,,,,,,58.2178873380728,59.45011675710184,59.09824403290651,58.96744266600859,58.86083502935371,53.8854011976141,53.78672957551333,53.71577674803022,53.57325133012982,52.40305380711974,52.386565823113955,52.646969222486135,53.113383205500746,,,,53.8854011976141,,,52.39565205118159,56.76997309652501,#000000,1.3014769918405835,56.76997309652501,-0.36889877249848013,30.50450563833138,-14.673968620958583,False,True,False,True,False,0.0,0.0,0.0,0.0,0.0,0,0.7704985220489925,1.0040198050936535,False,False,False,False,-0.34282825441539394,-0.3346770454119745,False,False,False,False,138254,248609.95412700018,False,False,False,False,10515.735812668316,False,False,False,False
2023-09-26 00:00:00+00:00,55.3413718222,55.5802359454,55.3220149241,55.5802359454,3983,,,,,,,,,,,,,,,,,,58.0203311993741,59.42259910150451,59.27455108087922,59.290022997983236,58.83195596340525,58.726636033033216,57.57073672174083,56.09546794464382,53.615935825282314,52.398374234979265,52.5352413484617,,,,,,,,,,,,,,,,,,,58.13097421536817,59.429310996190246,59.08295209151646,58.95710235051703,58.85113839842568,53.88726407141182,53.78869316449482,53.717805296752424,53.57538031177092,52.40578592659108,52.38920968078302,52.64923497702911,53.11514697363969,,,,53.88726407141182,,,52.398374234979265,56.75365089629322,"rgba(239, 83, 80, 1.0)",1.3553055286022453,56.75365089629322,-1.0420374183448753,26.637894488963507,-18.153707235153504,False,True,False,True,False,0.0,0.0,0.0,0.0,0.0,0,0.7554567697682344,0.9829251354592253,False,False,False,False,-0.34282825441539394,-0.33875264991368426,False,False,False,False,134271,244126.07357300018,False,False,False,False,10259.55009452446,False,False,False,False
2023-09-27 00:00:00+00:00,54.8477709193,54.8477709193,54.6638803868,54.7703433267,5889,,,,,,,,,,,,,,,,,,57.81936898120648,59.38595193334304,59.24321088334582,59.26872084008357,58.81531369296096,58.711097343859,57.56222397393573,56.09241916164025,53.617959994970825,52.40155385648166,52.53805324308606,,,,,,,,,,,,,,,,,,,57.98438365332288,59.39418773618464,59.05674224976972,58.93923259891439,58.83429919612229,53.888880837125456,53.79046955759582,53.719688775077124,53.5774472001649,52.40897504230557,52.392300493267896,52.65181886076826,53.11703886384903,,,,53.888880837125456,,,52.40155385648166,56.725606375420526,"rgba(239, 83, 80, 1.0)",1.4162141804865154,56.725606375420526,-1.3259544227098699,23.33842551529534,-21.05423670814264,False,True,False,True,False,0.0,0.0,0.0,0.0,0.0,0,0.7386599764662436,1.0134541969334163,False,False,False,False,-0.34282825441539394,-0.34079045216453907,False,False,False,False,128382,239587.09029562763,False,False,False,False,10088.15597317056,False,False,False,False
2023-09-28 00:00:00+00:00,55.6026899473,55.6026899473,55.3316933732,55.4575132112,35409,,,,,,,,,,,,,,,,,,57.19183229587994,59.21019781437734,59.092876111912325,59.16484151585714,58.73558666567331,58.637004987553134,57.5252202207739,56.084408005634316,53.63745450290186,52.42625998713757,52.56022431749136,,,,,,,,,,,,,,,,,,,57.46878610254378,59.22529866982328,58.93133570226904,58.85316483166684,58.75356169665035,53.90624421876459,53.80870669385041,53.738486774927026,53.59710063451051,52.43377158820551,52.416301950502344,52.67246287882264,53.13323174124008,,,,53.90624421876459,,,52.42625998713757,56.62110695104561,"rgba(239, 83, 80, 0.5)",1.455687748921739,56.62110695104561,-0.6996122654051158,25.62247153428235,-21.05423670814264,False,True,False,True,False,0.0,0.0,0.0,0.0,0.0,0,0.7695791304772113,1.0021586121038761,False,False,False,False,-0.2632891116345461,-0.3020397818995426,False,False,False,False,163791,236614.69459775987,False,False,False,False,11081.1302487325,False,False,False,False
2023-09-29 00:00:00+00:00,55.8252942761,56.0962908502,55.8252942761,56.0962908502,131,,,,,,,,,,,,,,,,,,57.190549283228684,59.20964487814544,59.092402529544614,59.164509121830086,58.73533486051527,58.636771800790704,57.525112731491035,56.08439938217332,53.63754123277452,52.426362510669044,52.56031684940524,,,,,,,,,,,,,,,,,,,57.4675885445111,59.22476602496136,58.930940999986035,58.852891906790305,58.753306541471964,53.90632372317175,53.80878924826635,53.73857123250438,53.597187757107314,52.43387451093954,52.41640153793564,52.672549467532114,53.133301327933644,,,,53.90632372317175,,,52.426362510669044,56.620843441043654,"rgba(239, 83, 80, 0.5)",1.4900012259544508,56.620843441043654,-0.5339251747487964,28.303826914061556,-21.05423670814264,False,True,False,True,True,0.0,0.0,0.0,0.0,0.0,0,0.7965352171222616,0.9817218872334531,False,False,False,False,-0.21000637598575342,-0.25602307894264803,False,False,False,False,163922,233764.0006919654,False,False,False,False,10651.713376233187,False,False,False,False
2023-10-02 00:00:00+00:00,55.060696799,55.2445873315,55.060696799,55.2356831583,2987,,,,,,,,,,,,,,,,,,57.14419409539396,59.194061733928486,59.07895415401237,59.15510152880023,58.727992914193464,58.629918037648984,57.52145907837231,56.08327949791209,53.638828698229105,52.4281672334719,52.561926613476174,,,,,,,,,,,,,,,,,,,57.42706304232864,59.20976560744063,58.919607737954,58.845004797847295,58.74587737500354,53.90741948610539,53.8099614456021,53.739793840066405,53.598493102414494,52.43568510240094,52.4181560842764,52.67403971906603,53.13443474929379,,,,53.90741948610539,,,52.4281672334719,56.6120314254563,"rgba(239, 83, 80, 1.0)",1.5444965624373013,56.6120314254563,-1.0044273740617529,28.31447597422664,-21.05423670814264,False,True,False,True,True,0.0,0.0,0.0,0.0,0.0,0,0.7932284466316029,0.9897927925144109,False,False,False,False,-0.2980040160182465,-0.27701354748044726,False,False,False,False,160935,230907.96144914321,False,False,False,False,10351.136381086788,False,False,False,False
2023-10-03 00:00:00+00:00,54.2670639747,54.3735269145,54.2670639747,54.3735269145,778,,,,,,,,,,,,,,,,,,57.12770421812951,59.189209546491675,59.07474401038592,59.152161997744344,58.72565206515923,58.627721297453874,57.52018489205295,56.08273995590616,53.638978598494475,52.42849402993655,52.56221146359949,,,,,,,,,,,,,,,,,,,57.413065496000335,59.20509695099723,58.91603235105053,58.842505026976,58.74351092362807,53.90751223008179,53.810075943513176,53.739923348543805,53.59865005452454,52.43601255874866,52.418474317569185,52.67429774212957,53.13460812570307,,,,53.90751223008179,,,52.42849402993655,56.60899877479094,"rgba(239, 83, 80, 1.0)",1.621289827148478,56.60899877479094,-1.4444886786281332,26.875429201886696,-21.05423670814264,False,True,False,True,True,0.0,0.0,0.0,0.0,0.0,0,0.8057427223199469,0.9942218144879418,False,False,False,False,-0.34282825441539394,-0.3099209009479206,False,False,False,False,160157,228133.41394133368,False,False,False,False,9975.719268102992,False,False,False,False
2023-10-04 00:00:00+00:00,54.2186717293,54.3928838127,53.8799260116,54.3638484655,38789,,,,,,,,,,,,,,,,,,56.46261980681068,58.95238415785076,58.86801125858627,59.005920644782194,58.60843804752923,58.51753111437456,57.45522668456302,56.05418375541586,53.644822672466425,52.44344852400116,52.57517338682312,,,,,,,,,,,,,,,,,,54.16382718453333,56.81982979274599,58.97680039966078,58.739375680466715,58.717563556004315,58.625050739220136,53.91047701738846,53.81412855281496,53.74473194577676,53.60486262969508,52.450991627121255,52.43304716456115,52.68597197797394,53.142168417535856,,,,53.91047701738846,,,52.44344852400116,56.556838863390354,"rgba(239, 83, 80, 1.0)",1.6945917314505647,56.556838863390354,-1.3797819797508937,25.83475322947529,-21.05423670814264,False,True,False,True,True,0.0,0.0,0.0,0.0,0.0,0,0.7811558808200184,1.0109509839111268,False,False,False,False,-0.34282825441539394,-0.32637457768165723,False,False,False,False,121368,223946.53496324216,False,False,False,False,11105.651845824443,False,False,False,False
2023-10-05 00:00:00+00:00,54.5380605488,54.6263280044,54.3444915673,54.5961312433,13771,,,,,,,,,,,,,,,,,,56.31802100358261,58.87916682945893,58.80373503924404,58.959536150729896,58.57132575157935,58.48265439441335,57.43507996154956,56.04603130683347,53.648201623929985,52.44973031233785,52.58069646198968,,,,,,,,,,,,,,,,,,54.2526817993531,56.67879429977102,58.90601071273102,58.68419383686604,58.67798143404122,58.58754123319667,53.91290012445955,53.81691880770636,53.74777326722814,53.60835383891686,52.457287857228565,52.43916481502318,52.69101373126248,53.14570796832397,,,,53.91290012445955,,,52.44973031233785,56.52370946364098,"rgba(239, 83, 80, 1.0)",1.7498894280133401,56.52370946364098,-1.13472821942544,26.887688419128672,-21.05423670814264,False,True,False,True,True,0.0,0.0,0.0,0.0,0.0,0,0.7930445540542357,0.9968681429867255,False,False,False,False,-0.30675534569553015,-0.3165649616885937,False,False,False,False,135139,220463.8865333111,False,False,False,False,11210.175302850936,False,False,False,False
2023-10-06 00:00:00+00:00,55.3704071695,55.3704071695,54.4993467525,54.4993467525,13297,,,,,,,,,,,,,,,,,,56.23568469446271,58.819746616228876,58.751532669805236,58.92132955321119,58.54111568648642,58.454349093707236,57.41966364971528,56.041154106605134,53.65362492134064,52.45745425833205,52.58759153309946,,,,,,,,,,,,,,,,,,54.419734111563294,56.59004027071791,58.84843588575856,58.63942669833881,58.64564721547833,58.55699139595997,53.917491060540016,53.82184003556647,53.75291331915196,53.613857260491876,52.46503555759982,52.44667988961469,52.69739752846899,53.15055403537203,,,,53.917491060540016,,,52.45745425833205,56.50548069013648,"rgba(239, 83, 80, 0.5)",1.7791581837688835,56.50548069013648,-0.6379834749892763,31.485274938463537,-24.529589592313293,False,True,False,True,True,0.0,0.0,0.0,0.0,0.0,0,0.7931141107498934,0.979717967905776,False,False,False,False,-0.26046224948006036,-0.28851360558432704,False,False,False,False,148436,217639.26353200478,False,False,False,False,11292.011565484234,False,False,False,False
2023-10-09 00:00:00+00:00,55.0800536971,55.0800536971,54.7761503961,54.7761503961,298,,,,,,,,,,,,,,,,,,56.23381397020194,58.818400737271844,58.75034770523252,58.92045956873688,58.54042499431308,58.453701253685665,57.41930560639824,56.04103390627485,53.65373739445616,52.45762017435742,52.587739360517126,,,,,,,,,,,,,,,,,,54.422252250911654,56.58803807853615,58.8471312654638,58.63840796515906,58.644908829405,58.55629306722152,53.917584605410774,53.82194104198125,53.75301930074335,53.61397163759271,52.465201961511845,52.44684136050459,52.69753413930197,53.150656675431435,,,,53.917584605410774,,,52.45762017435742,56.504998757025405,"rgba(239, 83, 80, 0.5)",1.814539824679307,56.504998757025405,-0.785292800160638,33.74479834396685,-22.36708498172029,False,True,False,True,True,0.0,0.0,0.0,0.0,0.0,0,0.7959026522880329,0.9736384432497367,False,False,False,False,-0.25758892156101065,-0.27305126357266885,False,False,False,False,148138,214913.72378565167,False,False,False,False,10860.873857033872,False,False,False,False
2023-10-10 00:00:00+00:00,55.6510821927,55.7285097853,55.6414037436,55.7285097853,461,,,,,,,,,,,,,,,,,,56.23252724086169,58.81669702674643,58.74885353441219,58.919351612678945,58.5395654028953,58.452899855611214,57.41890957965231,56.040969618595625,53.65400258284085,52.45794753515934,52.58803446430162,,,,,,,,,,,,,,,,,,54.430912353412786,56.58628376740614,58.845477016860286,58.63713216065936,58.64398355037132,58.55542304021633,53.91782402928528,53.82219110572585,53.75327614555442,53.61423861266905,52.465530498600806,52.4471596594126,52.69780980881951,53.15087578391869,,,,53.91782402928528,,,52.45794753515934,56.50480243675281,#000000,1.8333200996481867,56.50480243675281,-0.46566894903767087,37.59459469354037,-18.73570462091874,False,True,False,True,True,0.0,0.0,0.0,0.0,0.0,0,0.8107540634356768,0.9656477685668795,False,False,False,False,-0.16259286411601456,-0.21782206384434172,False,False,False,False,148599,212313.1463822928,False,False,False,False,10453.035666561955,False,False,False,False
2023-10-11 00:00:00+00:00,56.2608244845,56.324605464,56.025831741,56.0478986048,26999,,,,,,,,,,,,,,,,,56.203753896500004,56.22911528344498,58.73634021567763,58.67846706251295,58.86614250718076,58.49925428006896,58.415558389770574,57.4029758999319,56.04262103468332,53.67345782924849,52.48014560900229,52.60817194944925,,,,,,,,,,,,,,,,,,54.942208073348816,56.54764278182704,58.76721685821257,58.577312515455596,58.60027538824845,58.51457629278743,53.935932368770814,53.84087906581666,53.77231903632329,53.633748238138146,52.48781498610521,52.4687370639208,52.71672622390342,53.16632453642303,,,,53.935932368770814,,,52.48014560900229,56.693989850897424,#000000,1.8405320067894966,56.693989850897424,-0.23534791288580217,42.31247109415747,-14.386820709376408,False,False,False,True,True,0.0,0.0,0.0,0.0,0.0,0,0.8153268191412627,0.9512177067169488,False,False,False,False,-0.09543684657902185,-0.15662945521168178,False,False,False,False,175598,210873.3367202421,False,False,False,False,11101.897012971289,False,False,False,False
2023-10-12 00:00:00+00:00,55.6317252945,56.0237024822,55.4190897683,56.0237024822,8890,,,,,,,,,,,,,,,,,56.076865848680285,56.20891303097476,58.70581667903991,58.65151256830747,58.845791978707595,58.48338933859548,58.400747689996635,57.395618294546644,56.04145207522011,53.67851531567542,52.4863997326586,52.613815981178625,,,,,,,,,,,,,,,,,,55.00719277867648,56.52008336227321,58.73750449367408,58.55414100782875,58.58322079340709,58.49852240160243,53.940499647244685,53.845648338090285,53.7772173161572,53.63884040593982,52.494091094791884,52.47482076046434,52.72200182378396,53.17052509999377,,,,53.940499647244685,,,52.4863997326586,56.67957466823192,"rgba(239, 83, 80, 0.5)",1.8620188061054501,56.67957466823192,-0.5627490819620536,43.42084458426362,-13.440965021871754,False,False,False,True,True,0.0,0.0,0.0,0.0,0.0,0,0.8019533268501026,0.9530777724541063,False,False,False,False,-0.14850633914376,-0.1525678971777209,False,False,False,False,166708,209141.362731213,False,False,False,False,11015.155953639081,False,False,False,False
2023-10-13 00:00:00+00:00,55.2984962928,55.5349408038,55.2558143324,55.5349408038,43947,,,,,,,,,,,,,,,,,55.68395313676422,56.076404148288816,58.54798484816424,58.511081412826734,58.73881818359991,58.39860017857844,58.32124008263071,57.35332224852536,56.03046825563505,53.69912977871099,52.5138303758475,52.63847076468134,,,,,,,,,,,,,,,,,,55.11398779095986,56.361245130699665,58.58370368160688,58.43231388785701,58.492517040714674,58.41279017587538,53.95856282622089,53.86473689617937,53.79697678436691,53.65967830875065,52.52160873430558,52.50152428896919,52.744954619799614,53.18840796092368,,,,53.95856282622089,,,52.5138303758475,56.601875739847785,"rgba(239, 83, 80, 0.5)",1.8910473917242647,56.601875739847785,-0.6892367968945267,43.18047124673256,-13.440965021871754,False,False,False,True,True,0.0,0.0,0.0,0.0,0.0,0,0.7905594651967064,0.9667199632075728,False,False,False,False,-0.1871325850294751,-0.169850241103598,False,False,False,False,122761,205753.8975260674,False,False,False,False,12306.600818202256,False,False,False,False
2023-10-16 00:00:00+00:00,55.4575132112,55.4962270075,55.4575132112,55.4962270075,231,,,,,,,,,,,,,,,,,55.68333706946445,56.07590555043179,58.5472212314626,58.51039902907327,58.738290579447906,58.398181999739094,58.32084792369897,57.353116315798005,56.03042059489292,53.699243705892385,52.51397855787318,52.638604249398774,,,,,,,,,,,,,,,,,,55.11454910572974,56.36060276129683,58.58295799367044,58.43171963016973,58.49206965915536,58.412367347850335,53.958663723652926,53.86484305990913,53.79708637497701,53.65979332695141,52.521757392631436,52.501668563001495,52.74507911624237,53.188505789877716,,,,53.958663723652926,,,52.51397855787318,56.60158084916321,"rgba(239, 83, 80, 0.5)",1.9152578804813665,56.60158084916321,-0.5973439136434565,43.64453954711661,-12.969144718671785,False,False,False,True,True,0.0,0.0,0.0,0.0,0.0,0,0.7862483689694819,0.9780110058490473,False,False,False,False,-0.17742998230169763,-0.17364011170264781,False,False,False,False,122992,202508.332917202,False,False,False,False,11833.047844939423,False,False,False,False
2023-10-17 00:00:00+00:00,55.2058735352,55.5542009174,54.9058416138,54.9058416138,1145,,,,,,,,,,,,,,,,,55.67683232904192,56.07243708350439,58.54313661012135,58.50674510782297,58.73547927865733,58.395935226067586,58.31873641128667,57.351961618682026,56.0300797189099,53.699729011891804,52.51465112872587,52.639207676355745,,,,,,,,,,,,,,,,,,55.11538114863963,56.35654750581196,58.57897249172714,58.42853075368864,58.48967190292788,58.41009646409741,53.95908148590214,53.865287680162844,53.79754875120724,53.660285024558796,52.522431960835355,52.502323651254336,52.74563980137063,53.18893779420087,,,,53.95908148590214,,,52.51465112872587,56.59962378023548,"rgba(239, 83, 80, 0.5)",1.94711814908309,56.59962378023548,-0.7158015787032799,43.15406092051147,-12.969144718671785,False,False,False,True,True,0.0,0.0,0.0,0.0,0.0,0,0.7635829551268514,0.978622184307369,False,False,False,False,-0.20692968930147584,-0.19028490050206182,False,False,False,False,121847,199345.14339103724,False,False,False,False,11413.908713765328,False,False,False,False
2023-10-18 00:00:00+00:00,54.3928838127,54.4412760581,54.3251346691,54.4412760581,1182,,,,,,,,,,,,,,,,,55.65832061988583,56.06539717046221,58.53787233661836,58.50202431039291,58.73189281050904,58.393009486202686,58.31597237809829,57.35030383940234,56.0293646039367,53.69995486755937,52.51513091296491,52.6396288821117,,,,,,,,,,,,,,,,,,55.10959886242413,56.34933069533715,58.57384654223326,58.4243894165176,58.48656838218751,58.40714209191647,53.95922732277314,53.86546387405952,53.797745953001055,53.660520889029925,52.52291254934969,52.50279191685916,52.74602313398981,53.18920036179594,,,,53.95922732277314,,,52.51513091296491,56.59589732262738,"rgba(239, 83, 80, 1.0)",1.9958628562451488,56.59589732262738,-1.103790023965849,40.56946416359399,-12.969144718671785,False,False,False,True,True,0.0,0.0,0.0,0.0,0.0,0,0.7768191455626058,0.9909287078440995,False,False,False,False,-0.3112468152058383,-0.25076585785395006,False,False,False,False,120665,196259.6475717809,False,False,False,False,11012.657391656883,False,False,False,False
2023-10-19 00:00:00+00:00,54.054138095,54.2380286275,54.0057458496,54.0928518913,1254,,,,,,,,,,,,,,,,,55.634948792678976,56.056726098425024,58.531916688126934,58.49667917567555,58.727843353400544,58.389688085272724,58.31283026498713,57.34837691861153,56.02847413751139,53.700094165232855,52.515561593995095,52.64000210735839,,,,,,,,,,,,,,,,,,55.10116763792364,56.34062032378293,58.568050083790524,58.41969332508939,58.48305072764285,58.40378900635668,53.959278018677864,53.865547719019325,53.79785305042145,53.66067204273733,52.52334362450154,52.503212763942834,52.746358471978795,53.189412021346484,,,,53.959278018677864,,,52.515561593995095,56.59136498076824,"rgba(239, 83, 80, 1.0)",2.0496416542940037,56.59136498076824,-1.237888037868837,38.037384911835886,-12.969144718671785,False,False,False,True,False,0.0,0.0,0.0,0.0,0.0,0,0.7595190154738077,1.0018294240582646,False,False,False,False,-0.34282825441539394,-0.296797056134672,False,False,False,False,119411,193245.97511798557,False,False,False,False,10629.964944925241,False,False,False,False
2023-10-20 00:00:00+00:00,53.6282863356,53.6282863356,53.5218233958,53.5218233958,607,,,,,,,,,,,,,,,,,55.62023648939807,56.05147727871315,58.52871082674312,58.493799036561974,58.72567152890442,58.38789261861884,58.31112837365963,57.34729973354456,56.02793031116841,53.70007605224252,52.5157033359332,52.64012001782252,,,,,,,,,,,,,,,,,,55.09509901007603,56.335480885102015,58.56493228526516,58.41715777231687,58.481153526939124,58.40197705171672,53.959213828139355,53.865500389012155,53.79781780576136,53.66066072689822,52.52348516642074,52.503351774981375,52.74645998695301,53.189457427084115,,,,53.959213828139355,,,52.5157033359332,56.588660776539086,"rgba(239, 83, 80, 1.0)",2.107982140492059,56.588660776539086,-1.4043640997110411,35.39752187110052,-8.47778685018558,False,True,False,True,False,0.0,0.0,0.0,0.0,0.0,0,0.7463152503674408,1.0268758896558685,False,False,False,False,-0.34282825441539394,-0.319812655275033,False,False,False,False,118804,190326.68197610378,False,False,False,False,10236.907496104644,False,False,False,False
2023-10-23 00:00:00+00:00,53.7347492754,53.8702475625,53.5315018448,53.5315018448,28512,,,,,,,,,,,,,,,,,55.13780014449808,55.838691193748936,58.38620690471471,58.365427132516515,58.628011312690596,58.30710654429049,58.234534880843526,57.298975959824446,56.003895367928905,53.70017116749438,52.52305269354344,52.64631567621164,,,,,,,,,,,,,,,,,,54.875288997449935,56.12362255599668,58.426172951455364,58.30386117823679,58.39580338101218,58.3204519723394,53.95719786453422,53.86426066311833,53.79713183363917,53.66106094089669,52.53082921163811,52.51055275463521,52.75186974879734,53.19220657326169,,,,53.95719786453422,,,52.52305269354344,56.481283647361465,"rgba(239, 83, 80, 1.0)",2.16648145444464,56.481283647361465,-1.2677396182306664,34.17944797503012,-9.76171216917082,False,True,False,True,False,0.0,0.0,0.0,0.0,0.0,0,0.7574324808208315,1.0024017706097121,False,False,False,False,-0.3270016292585313,-0.32340714226678213,False,False,False,False,147316,188639.9885652762,False,False,False,False,10953.577790375051,False,False,False,False
2023-10-24 00:00:00+00:00,54.1896363821,54.3033581587,54.0734949931,54.0734949931,8600,,,,,,,,,,,,,,,,,55.070556622133374,55.794633825544345,58.34908061835028,58.331877753626095,58.60208112693657,58.28575563959771,58.214313033574825,57.28655502931977,55.998230961463406,53.70132798435446,52.526133283633634,52.648999892394215,,,,,,,,,,,,,,,,,,54.84388430280083,56.07761300160325,58.38993967106628,58.27418834954286,58.37321523697934,58.298901535805825,53.95776659134198,53.86505026282171,53.79807577577941,53.66229500166592,52.53391322949484,52.513562894875975,52.75429365263879,53.19378509803012,,,,53.95776659134198,,,52.526133283633634,56.45876711621541,"rgba(239, 83, 80, 1.0)",2.211137176476976,56.45876711621541,-1.0262279329638155,35.60965189596618,-9.76171216917082,False,True,False,True,False,0.0,0.0,0.0,0.0,0.0,0,0.7759310614890235,0.9881761594089238,False,False,False,False,-0.26706552483747936,-0.29523633355213075,False,False,False,False,155916,187356.69489604968,False,False,False,False,10861.28062212505,False,False,False,False
2023-10-25 00:00:00+00:00,53.6863570301,53.9670320533,53.4494285967,53.9476751551,2932,,,,,,,,,,,,,,,,,55.03824969928274,55.775744607384084,58.33510597615639,58.31923013728511,58.592340172609795,58.27766614714663,58.206634929715385,57.2816796132046,55.99578931973651,53.701327670843234,52.52687352768849,52.64962360850113,,,,,,,,,,,,,,,,,,54.826331386774704,56.05849942811707,58.37630968015461,58.26297307727928,58.36467813415972,58.29073956971953,53.95755178425781,53.86491426155831,53.797996034073094,53.66232578366289,52.53465283973113,52.51428851861261,52.754837746612274,53.194058808497054,,,,53.95755178425781,,,52.52687352768849,56.449304370656066,"rgba(239, 83, 80, 1.0)",2.2637211217533215,56.449304370656066,-1.2205334455756987,35.18981870661619,-9.76171216917082,False,True,False,True,False,0.0,0.0,0.0,0.0,0.0,0,0.7755831112098697,0.9869637560097865,False,False,False,False,-0.32608132597123124,-0.310658829761681,False,False,False,False,152984,186008.74607659676,False,False,False,False,10550.328440865243,False,False,False,False
2023-10-26 00:00:00+00:00,53.3863251087,53.3863251087,53.1056500854,53.1056500854,3347,,,,,,,,,,,,,,,,,54.992481470177694,55.75043325536918,58.31785962579813,58.303607942416555,58.580343724547525,58.26764601120027,58.197110798892794,57.27549773204056,55.99251379708866,53.70095190001461,52.52742402665382,52.650058621080746,,,,,,,,,,,,,,,,,,54.799909128276504,56.03333972965937,58.359497082203276,58.249097948398735,58.35412113436315,58.280632253387374,53.956917672480145,53.86437351439732,53.79752301755645,53.66199005144795,52.53520090782939,52.514831216908895,52.75519045710169,53.19411958390428,,,,53.956917672480145,,,52.52742402665382,56.43679238948581,"rgba(239, 83, 80, 1.0)",2.309494738264742,56.43679238948581,-1.3208375105793935,34.158572831620006,-10.284742113903299,False,True,False,True,False,0.0,0.0,0.0,0.0,0.0,0,0.7689755520751206,0.9926574002106081,False,False,False,False,-0.34282825441539394,-0.3267435420885375,False,False,False,False,149637,184582.40309320082,False,False,False,False,10267.84497259602,False,False,False,False
2023-10-27 00:00:00+00:00,52.9314380021,53.1830776781,52.8830457567,53.1830776781,3683,,,,,,,,,,,,,,,,,54.93658137958615,55.71991403358054,58.297916972965915,58.2855286781342,58.566476117191094,58.25601848659428,58.18604831929697,57.26821756472257,55.98852765906982,53.700242380245754,52.52779686013464,52.65031827948374,,,,,,,,,,,,,,,,,52.999187145633336,54.76640457366753,56.00326838056134,58.34006020031565,58.23302007992207,58.34188412176858,58.26890556496617,53.95591347684229,53.86347465763016,53.7967013951705,53.66132813116242,52.53556972047653,52.51520248666938,52.755366375031926,53.19398760282261,,,52.999187145633336,53.95591347684229,,,52.52779686013464,56.38871455939325,"rgba(239, 83, 80, 1.0)",2.3448288922888936,56.38871455939325,-1.474425945817498,32.41572787710066,-12.183063779939019,False,True,False,True,False,0.0,1.0,53.18308,52.883045,0.0,0,0.7712627104164501,0.9765435104251479,True,False,False,False,-0.34282825441539394,-0.3347858982519657,False,False,False,False,145954,183067.56375621253,False,False,False,False,10009.615757984411,False,False,False,False
2023-10-30 00:00:00+00:00,53.6257699388,53.6379647847,53.3863251087,53.5024664976,1512,,,,,,,,,,,,,,,,,54.92079949831075,55.71007710924354,58.29061965887196,58.27891181365171,58.56136422551652,58.25175846090033,58.18200126102509,57.26562068859551,55.987195257725396,53.700180053048875,52.52812840766251,52.6505929000528,,,,,,,,,,,,,,,,,53.1595065279685,54.757183671117325,55.99332707027331,58.33294020174362,58.22713970374338,58.33739285743731,58.26460805942708,53.95573883419691,53.86334102254058,53.79659721388031,53.66128251482108,52.53590065328301,52.51552802500042,52.75560151451412,53.19408653701031,,,53.1595065279685,53.95573883419691,,,52.52812840766251,56.3918151594609,"rgba(239, 83, 80, 1.0)",2.3652411026338505,56.3918151594609,-1.169455924633107,34.61993643216379,-12.183063779939019,False,True,False,True,False,0.0,0.0,0.0,0.0,0.0,0,0.7903541377560088,0.9429939898350028,False,False,False,False,-0.28832625723638683,-0.31155607774417626,False,False,False,False,147466,181671.42400106695,False,False,False,False,9676.375924337965,False,False,False,False
2023-10-31 00:00:00+00:00,53.6282863356,53.6476432338,53.4153604559,53.5605371921,1141,,,,,,,,,,,,,,,,,54.90924288432815,55.7027595766181,58.28514364442402,58.27394523714089,58.557524093058696,58.24855820385625,58.17896095341426,57.26367064885311,55.986196416246536,53.70013735497651,52.5283818238609,52.65080319082404,,,,,,,,,,,,,,,,,53.23230593209472,54.750395504755794,55.98592014086496,58.327596636063745,58.22272497599161,58.33401889987488,58.261379651616515,53.95561160407363,53.863244673074476,53.79652303250827,53.661252365126764,52.53615362451499,52.515776812147344,52.755781933791916,53.194164040621196,,,53.23230593209472,53.95561160407363,,,52.5283818238609,56.39179300319175,"rgba(239, 83, 80, 1.0)",2.379787578869599,56.39179300319175,-1.1612408990320122,36.10091490503196,-12.183063779939019,False,True,False,True,True,0.0,0.0,0.0,0.0,0.0,0,0.7784162683739584,0.9542198481940056,False,False,False,False,-0.28616075160116494,-0.2988584146726706,False,False,False,False,148607,180374.77992259373,False,False,False,False,9341.655299854123,False,False,False,False
2023-11-01 00:00:00+00:00,54.1021432024,54.1021432024,53.6282863356,53.9573536042,2007,,,,,,,,,,,,,,,,,54.89500011979926,55.69227632925211,58.276315795753895,58.26593799736774,58.551297154358934,58.24339585217276,58.17406282498442,57.26059771431506,55.98471707066056,53.700271646477425,52.528990949972155,52.65132689127336,,,,,,,,,,,,,,,,,53.40355765900512,54.742409262487755,55.975029659429104,58.31897467527813,58.21561222511506,58.3285680961678,58.25617069275479,53.95560508723088,53.86329044009591,53.79660574158149,53.661406148944735,52.536762914372844,52.516372891034386,52.756248423161495,53.19444052981344,,,53.40355765900512,53.95560508723088,,,52.528990949972155,56.39498480221441,"rgba(239, 83, 80, 0.5)",2.367957825844851,56.39498480221441,-0.9682780557953385,39.22022502894245,-16.091695569147817,False,False,False,True,True,0.0,0.0,0.0,0.0,0.0,0,0.7912858747512999,0.9303767198273855,False,False,False,False,-0.24921704750738174,-0.27403773109002616,False,False,False,False,150614,179207.69051386457,False,False,False,False,9054.021758683373,False,False,False,False
2023-11-02 00:00:00+00:00,55.2349088824,55.2591050051,55.0074653291,55.2591050051,1646,,,,,,,,,,,,,,,,,54.89825492223313,55.6897215309754,58.27113888026339,58.261245172591856,58.54755510315939,58.240373024250005,58.1712131820246,57.25900954703266,55.98423160842753,53.70093332476038,52.52992148846936,52.65216206006879,,,,,,,,,,,,,,,,,53.69416623077928,54.745832204280546,55.971511000764465,58.31389848936384,58.21146160700615,58.32535196274061,58.25311702164355,53.956171805416616,53.863894765913344,53.79723502497442,53.662077054419164,52.537696081483425,52.517279788666904,52.75702431240585,53.19503676525286,,,53.69416623077928,53.956171805416616,,,52.52992148846936,56.40781582043006,#000000,2.3462536701189327,56.40781582043006,-0.49990627738500454,45.23220780173483,-10.4756557259281,True,False,False,False,True,0.0,0.0,0.0,0.0,0.0,0,0.8132269844851002,0.942706081149621,False,False,False,False,-0.11390022107757944,-0.1939689760838028,False,False,False,False,152260,178150.91833685027,False,False,False,False,8763.511101480104,False,False,False,False
2023-11-03 00:00:00+00:00,55.8591688478,56.0769339521,55.6317252945,56.0575770539,23253,,,,,,,,,,,,,,,,,55.03666868741766,55.70041129517283,58.21563378313234,58.210863872113194,58.50615592557657,58.207726250572726,58.140625533012575,57.24413190954267,55.983164404027825,53.714578827136826,52.54641249926344,52.66711657998294,,,,,,,,,,,,,,,,,55.206343241650586,54.859295700806136,55.96481228665696,58.25921835679036,58.1670092333986,58.29036561175103,58.22010071618127,53.968643174463075,53.876853175090076,53.81050243288118,53.67579981689291,52.55424329398587,52.53333851986459,52.77104947142149,53.20634984418879,,,55.206343241650586,53.968643174463075,,,52.54641249926344,56.47915522086872,#000000,2.327255061452252,56.47915522086872,-0.2664024168806991,50.89185344648061,-5.404055821345956,True,False,True,False,True,0.0,0.0,0.0,0.0,0.0,0,0.8385301591141215,0.920773486642225,False,False,False,False,-0.03907091316839131,-0.11651994462609706,False,False,False,False,175513,178047.47055893458,False,False,False,False,9331.726352402453,False,False,False,False
2023-11-06 00:00:00+00:00,55.5349408038,55.6559214172,55.5155839056,55.6317252945,2089,,,,,,,,,,,,,,,,,55.04348961571719,55.69965536488537,58.210180371000675,58.205901567174074,58.502102770160896,58.20448430337723,58.13757674258449,57.242537505393834,55.98285497587844,53.71563301490323,52.547758175732106,52.668332876325344,,,,,,,,,,,,,,,,,55.22777496698191,54.86575141417939,55.96276089623512,58.25385217745549,58.16261175526064,58.28690598732686,58.21682423454086,53.969586329349106,53.877841382899405,53.81151984206156,53.67686298311826,52.55559321011309,52.534649624661704,52.77218655380919,53.20725185216106,,,55.22777496698191,53.969586329349106,,,52.547758175732106,56.47899226086829,#000000,2.3061126073181115,56.47899226086829,-0.40936919301879765,53.376872604377176,-3.3596003220592294,True,False,True,False,True,0.0,0.0,0.0,0.0,0.0,0,0.8362231170505339,0.9106845555235294,False,False,False,False,-0.06684798215737678,-0.09168396339173693,False,False,False,False,173424,177866.157987996,False,False,False,False,9047.697867994513,False,False,False,False
2023-11-07 00:00:00+00:00,55.4139601903,55.4284778639,55.2542657805,55.4284778639,3702,,,,,,,,,,,,,,,,,55.05064309020789,55.696288708756484,58.199831751502415,58.196479051463335,58.494451626637115,58.198317113651186,58.13176548894946,57.239377230199814,55.982039137265396,53.71729367323611,52.54997972228615,52.670334956012596,,,,,,,,,,,,,,,,,55.24084364231439,54.87368266344203,55.95732838754052,58.243679075888465,58.154247472229144,58.28033977175351,58.21059355488853,53.97104293027257,53.879379641806686,53.8131117458251,53.678542045039656,52.557821322028,52.53681485197447,52.774053072055,53.20871121796941,,,55.24084364231439,53.97104293027257,,,52.54997972228615,56.476536787891504,#000000,2.2871966433859074,56.476536787891504,-0.46457596930471634,54.55003007633485,-2.403028709953851,True,False,True,False,True,0.0,0.0,0.0,0.0,0.0,0,0.8127050000755305,0.919616301720937,False,False,False,False,-0.092211323943864,-0.09194764366780046,False,False,False,False,169722,177546.7792433687,False,False,False,False,8838.062657484925,False,False,False,False
2023-11-08 00:00:00+00:00,55.6026899473,55.7769020307,55.5349408038,55.6216597075,7689,,,,,,,,,,,,,,,,,55.07655124307507,55.695097370010934,58.1806210130496,58.178972501312266,58.48005320964644,58.18681767430341,58.1209549722316,57.23379727766927,55.98109780351384,53.7213008740016,52.555028331378374,52.67490339519691,,,,,,,,,,,,,,,,,55.30623255447564,54.89807516053955,55.95141023418624,58.22475682987977,58.138716575673755,58.268062453779066,58.19897085214295,53.97464809269526,53.88314862375827,53.816986474728346,53.682580597616194,52.562886029069716,52.54173380646526,52.77832813455804,53.21211831085414,,,55.30623255447564,53.97464809269526,,,52.555028331378374,56.475813589533644,#000000,2.251566948829013,56.475813589533644,-0.38778489029061947,55.92001190108466,-1.1044783625448176,True,False,True,False,True,0.0,0.0,0.0,0.0,0.0,0,0.8129872539256761,0.9384738121330951,False,False,False,False,-0.05958269972248578,-0.07576517169514313,False,False,False,False,177411,177541.45456715816,False,False,False,False,8793.001376799242,False,False,False,False
2023-11-09 00:00:00+00:00,55.6625027626,56.2414675864,55.6026899473,56.1737184428,7448,,,,,,,,,,,,,,,,,55.10764338185196,55.69783230146342,58.16370861101219,58.1635413128225,58.46720292558575,58.17663178879553,58.11139769643305,57.2290932031124,55.98071287938503,53.725564606432364,52.5602150490355,52.67960911557394,,,,,,,,,,,,,,,,,55.37901051084533,54.92618079172467,55.94936590905182,58.208066696163264,58.12502733581116,58.25716266946452,58.18867221887271,53.978538001980795,53.887192959707136,53.821129175196894,53.6868699594421,52.56808998876522,52.54678650216143,52.7827420128893,53.21567727530702,,,55.37901051084533,53.978538001980795,,,52.5602150490355,56.47718374878563,#000000,2.208703175399247,56.47718374878563,-0.36885037123123887,57.02712632056512,0.0558960589264359,True,False,True,False,True,0.0,0.0,0.0,0.0,0.0,0,0.7882137481961455,0.9228236232789339,False,False,False,False,-0.02503619430798058,-0.050400683001561856,False,False,False,False,184859,177828.41713315196,False,False,False,False,8740.2562247679,False,False,False,False
2023-11-10 00:00:00+00:00,56.1446830956,56.1446830956,55.2349088824,55.3994425167,37674,,,,,,,,,,,,,,,,,55.23359212487615,55.7107071735383,58.08197392047089,58.08868894195235,58.40421118219704,58.12655795027041,58.0643754422727,57.205873824708966,55.97887412513904,53.746930174310926,52.5862481498042,52.70324271882756,,,,,,,,,,,,,,,,,55.56869088614128,55.04669875089656,55.940521128219345,58.12729480630677,58.05837541473208,58.20362226257194,58.13805112532691,53.998029081101265,53.9074571232749,53.84188653945109,53.70836602930577,52.59420831797865,52.57215392401767,52.80491730594618,53.233572551555305,,,55.56869088614128,53.998029081101265,,,52.5862481498042,56.47362059888794,#000000,2.1604089580439454,56.47362059888794,-0.1522570539541561,59.27165494864856,2.344012032208717,True,False,True,False,True,0.0,0.0,0.0,0.0,0.0,0,0.782953643075213,0.9278935573292765,False,False,False,False,-0.04937393616189979,-0.04988730958173082,False,False,False,False,222533,179581.5380298911,False,False,False,False,9874.912843404454,False,False,False,False
2023-11-13 00:00:00+00:00,55.6123683964,55.7672235816,55.3220149241,55.3897640676,2254,,,,,,,,,,,,,,,,,55.23698323054894,55.709941460915196,58.0766896096833,58.0838354569913,58.40014510495991,58.12327872269698,58.06128439434917,57.20423499250087,55.97854923922194,53.74802921463411,52.58766248792578,52.70452292008198,,,,,,,,,,,,,,,,,55.56865522893726,55.050767328373524,55.938699879459044,58.12207794031679,58.05403280739161,58.20013099466594,58.134738278088,53.99901074011282,53.90848617402317,53.842946454651006,53.70947493757778,52.595626898087204,52.573532988466525,52.806114948508736,53.23452370916526,,,55.56865522893726,53.99901074011282,,,52.58766248792578,56.47212586262604,#000000,2.1111075193412714,56.47212586262604,-0.40725422952133944,58.24581449630881,2.344012032208717,True,False,True,False,True,0.0,0.0,0.0,0.0,0.0,0,0.7831616378090458,0.9364430267267662,False,False,False,False,-0.02443841111797383,-0.03716286034985233,False,False,False,False,220279,181177.51693067967,False,False,False,False,9576.053516212123,False,False,False,False
2023-11-14 00:00:00+00:00,57.5190228646,57.6448427026,57.073814207,57.073814207,6868,,,,,,,,,,,,,,,,,55.30234227003794,55.737180310407865,58.07246440982721,58.07992133388451,58.39585099266427,58.12051481916691,58.058846814762354,57.20486789787468,55.981989294502974,53.75475857519424,52.59462771069717,52.71092670128696,,,,,,,,,,,,,,,,,55.69408297145184,55.105710597818835,55.96028794406868,58.117699639741375,58.050643580456104,58.196965906177915,58.13191376357008,54.00550523306782,53.91509349350981,53.84961587220371,53.716193955861065,52.60262009655674,52.580312622455615,52.81219248581283,53.239706099024936,,,55.69408297145184,54.00550523306782,,,52.59462771069717,56.486812786019456,"rgba(38, 166, 154, 0.5)",2.0611495902151558,56.486812786019456,0.5007933841778033,62.214096346393845,5.376892485930966,True,False,True,False,True,3.261323870959586,0.0,0.0,0.0,0.0,0,0.8092707969808882,0.8978849955997976,False,False,False,False,0.20813809366734418,0.08548761665874592,False,False,False,False,227147,182980.24175692754,False,False,False,False,9469.855339105767,False,False,False,False
2023-11-15 00:00:00+00:00,58.0319806656,58.0319806656,57.7609840915,57.828733235,1837,,,,,,,,,,,,,,,,,55.32338122224474,55.746573210582866,58.07224218350903,58.07970601968038,58.39532337120304,58.1203289612456,58.058729145617136,57.20546611908586,55.98324588531115,53.75681405200715,52.59669152209612,52.71282900184428,,,,,,,,,,,,,,,,,55.73424500785749,55.12324756070229,55.96802011968122,58.117409542433165,58.05048976679557,58.196691755793545,58.131714932753056,54.00750725071214,53.91712325772409,53.85165981007471,53.718243624836646,52.60469251636444,52.582320963094595,52.814001986246005,53.24126554376907,,,55.73424500785749,54.00750725071214,,,52.59669152209612,56.491995958750714,"rgba(38, 166, 154, 0.5)",2.0273590583538894,56.491995958750714,0.7596013643975216,65.71691203678775,8.745244646277492,True,False,True,False,True,4.899998148267503,0.0,0.0,0.0,0.0,0,0.8298859988112284,0.8806066959354434,False,False,False,False,0.27862568235210045,0.1820566495054232,False,False,False,False,228984,184784.31070763626,False,False,False,False,9170.527678748678,False,False,False,False
2023-11-16 00:00:00+00:00,57.4996659664,57.7513056424,57.4222383738,57.7513056424,2582,,,,,,,,,,,,,,,,,55.34813803890228,55.757355411946044,58.071016618853534,58.07856608928746,58.39395802980843,58.119508497325924,58.05802314190383,57.20586768024959,55.98466366675941,53.75943499501317,52.599381463703956,52.71530430365505,,,,,,,,,,,,,,,,,55.778921721318326,55.144225080439256,55.97669232064283,58.116116295532365,58.04951431955284,58.19572887870143,58.13087309338971,54.01004348949817,53.91970091991194,53.85425988170676,53.720859609904,52.6073933504479,52.58493921973436,52.81635291556218,53.24327679444838,,,55.778921721318326,54.01004348949817,,,52.599381463703956,56.49763040853717,#000000,2.005787691084161,56.49763040853717,0.4995720944529358,65.88141576765707,8.99631970900009,True,False,True,False,True,3.0130189719539757,0.0,0.0,0.0,0.0,0,0.8151361373988699,0.8877362480100364,False,False,False,False,0.2406864427787239,0.21137154614207354,False,False,False,False,226402,186416.37695439564,False,False,False,False,8912.154044287947,False,False,False,False
2023-11-17 00:00:00+00:00,58.1335075964,58.1578005036,57.954553073,57.954553073,5972,,,,,,,,,,,,,,,,,55.41644825790955,55.788928867551206,58.071076546329145,58.078583115000285,58.39278610084013,58.11938224716166,58.0581008881378,57.208171466384066,55.989022674606595,53.76631798111459,52.60624856242445,52.72163857320758,,,,,,,,,,,,,,,,,55.90243175770585,55.20163026618143,56.00292446554019,58.11593468276866,58.04966217145174,58.19533369373616,58.13070770408922,54.016760537819714,53.92650599344306,53.8611089868038,53.727721385901994,52.614289253128625,52.59162181259897,52.82238174705525,53.24848585926281,,,55.90243175770585,54.016760537819714,,,52.60624856242445,56.51459092022874,"rgba(38, 166, 154, 0.5)",1.9860638950058302,56.51459092022874,0.8151382643036806,67.17345708848065,10.432062568504719,True,False,True,False,True,5.021066028674397,0.0,0.0,0.0,0.0,0,0.8324154260229023,0.8703869482039357,False,False,False,False,0.3034899945805311,0.25743077036130235,False,False,False,False,232374,188218.63668167425,False,False,False,False,8796.853885688419,False,False,False,False
2023-11-20 00:00:00+00:00,58.1138603448,58.206192749,58.0948905846,58.0948905846,931,,,,,,,,,,,,,,,,,55.42700973534397,55.79389295923831,58.07113393121552,58.078629877901754,58.392637179966876,58.11939216399027,58.0581414936007,57.20855261736793,55.98971884209978,53.767403011520834,52.607328556486614,52.72263507056398,,,,,,,,,,,,,,,,,55.9209698640791,55.210549049665524,56.007064386861614,58.11595321482512,58.049725117124495,58.19530283569295,58.13071171121309,54.017820180603934,53.92757922193719,53.862188954179814,53.72880297287399,52.615373784558116,52.59267280557257,52.82333042120882,53.24930636908068,,,55.9209698640791,54.017820180603934,,,52.607328556486614,56.51721881742144,"rgba(38, 166, 154, 0.5)",1.9681399601477894,56.51721881742144,0.8112438951032083,67.95188549748408,11.432675637507941,True,False,True,False,True,4.950525904256011,0.0,0.0,0.0,0.0,0,0.8296163616141443,0.8716863153800883,False,False,False,False,0.31638566595499595,0.28690821815814915,False,False,False,False,231443,189913.70975298117,False,False,False,False,8488.389027426128,False,False,False,False
2023-11-21 00:00:00+00:00,58.0761143934,58.1190867073,58.0126237675,58.1190867073,15638,,,,,,,,,,,,,,,,,55.58868528478468,55.87188046557552,58.0711076584299,58.07850845619868,58.38948951173509,58.118955061596196,58.05823536227683,57.21443648462859,56.00097173222222,53.78526148982467,52.62518073315604,52.73910591265542,,,,,,,,,,,,,,,,,56.18358414912281,55.34930268333376,56.072101633623205,58.11531287118442,58.04995552708774,58.194167521989684,58.13017286908141,54.03524103944014,53.945230592298394,53.879956417347465,53.74660820867328,52.6333002816651,52.61004794846078,52.83900850305486,53.262853381376345,,,56.18358414912281,54.03524103944014,,,52.62518073315604,56.55662784058908,"rgba(38, 166, 154, 0.5)",1.9377015609222872,56.55662784058908,0.7841695457414444,68.29750806258937,12.08488038774253,True,False,True,False,True,4.8125999995295885,0.0,0.0,0.0,0.0,0,0.823744947182802,0.8761246577157041,False,False,False,False,0.3092933490406206,0.29810078359938486,False,False,False,False,215805,190929.05446855054,False,False,False,False,8768.765928311379,False,False,False,False
2023-11-22 00:00:00+00:00,58.1638979266,58.1674789527,58.0077845429,58.0126237675,3749,,,,,,,,,,,,,,,,,55.62518004452757,55.890145750361405,58.07124929972296,58.07861561571078,58.38884591218946,58.118942748486226,58.05834594173232,57.21590675653007,56.003708106053146,53.78956433391021,52.629477500761,52.743071814221,,,,,,,,,,,,,,,,,56.23851926777768,55.38109196458788,56.08741691461642,58.11530546601106,58.05013330772771,58.193992722218695,58.13013694917038,54.03944029803742,53.94948461941861,53.8842379281291,53.75089809878569,52.63761488963648,52.614230306453464,52.84278454029771,53.26611926498773,,,56.23851926777768,54.03944029803742,,,52.629477500761,56.565513197345965,"rgba(38, 166, 154, 0.5)",1.9190687640458732,56.565513197345965,0.8328960166514536,68.72203640514309,12.859508654613414,True,False,True,False,True,5.098771204093477,0.0,0.0,0.0,0.0,0,0.8289977273385507,0.8702282533536055,False,False,False,False,0.3122902248245554,0.3051955042119701,False,False,False,False,219554,192051.60135213681,False,False,False,False,8571.912362495248,False,False,False,False
2023-11-24 00:00:00+00:00,58.3126556889,58.4675108741,58.2642634435,58.2642634435,2304,,,,,,,,,,,,,,,,,55.64915981489508,55.90239557014973,58.07182272667198,58.07912845872872,58.388787756853034,58.11923627656764,58.05870475722353,57.217044097320745,56.00557330110887,53.79234802113218,52.632227867697665,52.745612785447456,,,,,,,,,,,,,,,,,56.27479789242806,55.40191838894858,56.09779480221211,58.1157735818853,58.05064843376726,58.19419660665206,58.13041770700411,54.04216540888332,53.95224205851989,53.88701093489188,53.75367218961559,52.640376825249945,52.61690723366786,52.84520587053151,53.26822142170024,,,56.27479789242806,54.04216540888332,,,52.632227867697665,56.57155832979221,"rgba(38, 166, 154, 0.5)",1.899719294547997,56.57155832979221,0.9165024349147606,69.34809129183353,13.839365241259067,True,False,True,False,True,5.5881452474162145,0.0,0.0,0.0,0.0,0,0.8333427013587823,0.8744011347512157,False,False,False,False,0.3428282405267412,0.3240118723693557,False,False,False,False,221858,193220.47973048443,False,False,False,False,8326.111877691514,False,False,False,False
2023-11-27 00:00:00+00:00,58.2545849944,58.2545849944,58.2352280962,58.2352280962,777,,,,,,,,,,,,,,,,,55.656855647731106,55.90633140469092,58.07194577527997,58.079236836085684,58.388720015733846,58.11929192152292,58.058783821077455,57.21739327049064,56.00617482379092,53.793265432806926,52.63313858537806,52.74645389461089,,,,,,,,,,,,,,,,,56.2861760955626,55.40863993158699,56.10111859845446,58.11586326233694,58.050763487461374,58.19422065377542,58.130468809768686,54.04306232003091,53.95315005804018,53.887924378473706,53.75458662021092,52.641291347049524,52.61779369245643,52.8460071271237,53.26891601076449,,,56.2861760955626,54.04306232003091,,,52.63313858537806,56.57346932723508,"rgba(38, 166, 154, 0.5)",1.874894092603396,56.57346932723508,0.8966456685724544,69.42858712302501,14.311868879558332,True,False,True,False,True,5.364031167912806,0.0,0.0,0.0,0.0,0,0.8249027237265595,0.8799120800843533,False,False,False,False,0.3261167620386365,0.3250643172039961,False,False,False,False,221081,194313.0491528184,False,False,False,False,8030.068274644787,False,False,False,False
2023-11-28 00:00:00+00:00,58.1027301284,58.1743506516,57.8771254804,57.8771254804,3621,,,,,,,,,,,,,,,,,55.68944926804164,55.9229741112595,58.07187917507801,58.079153900704455,58.387964627379766,58.11915561257876,58.05876949075583,57.21870740003995,56.0087281987645,53.797347222830304,52.637230283337374,52.75023022628971,,,,,,,,,,,,,,,,,56.33236789993956,55.43740818114289,56.115066721438716,58.11566036305242,58.05076521658689,58.19392452920286,58.130309171819945,54.04704178041081,53.95718289809379,53.89198435536275,53.75865682071674,52.64539989809266,52.62177690050661,52.84960216673262,53.27202261089848,,,56.33236789993956,54.04704178041081,,,52.637230283337374,56.58129200622417,"rgba(38, 166, 154, 0.5)",1.8491194579527679,56.58129200622417,0.8227906075144943,68.56487793820502,14.311868879558332,True,False,True,False,True,4.772068320884067,0.0,0.0,0.0,0.0,0,0.8234550203640865,0.8795367792443987,False,False,False,False,0.2962777142938595,0.3106710157489278,False,False,False,False,217460,195220.77271545297,False,False,False,False,7857.163636423424,False,False,False,False
2023-11-29 00:00:00+00:00,58.9223979807,59.0578962678,58.8014173673,58.8014173673,1835,,,,,,,,,,,,,,,,,55.71163020295793,55.93473997055447,58.07328211702222,58.08043252609524,58.388575927049104,58.11997698609879,58.05962304613685,57.22007057310609,56.01057349852545,53.79983800495348,52.63963650672101,52.752457727664144,,,,,,,,,,,,,,,,,56.36632779763217,55.45655417233882,56.125222098202165,58.116952853345545,58.051966230744654,58.19469424503334,58.13112373526291,54.04949584489295,53.95966011761843,53.894471388568604,53.761136751113256,52.6478165252673,52.62411847343042,52.8517285433141,53.27388360645491,,,56.36632779763217,54.04949584489295,,,52.63963650672101,56.58726056680696,"rgba(38, 166, 154, 1.0)",1.8379587843799552,56.58726056680696,1.2705058642981526,70.09115417141948,15.56001553873962,True,False,True,False,True,7.510197950253843,0.0,0.0,0.0,0.0,0,0.8373420091040463,0.8667776960170108,False,False,False,False,0.34282824185462635,0.32674962880177705,False,False,False,False,219295,196164.860059945,False,False,False,False,7621.000356563682,False,False,False,False
2023-11-30 00:00:00+00:00,59.4508413003,59.4508413003,59.3579281892,59.3579281892,2816,,,,,,,,,,,,,,,,,55.750209468088045,55.955560843993624,58.07666300960806,58.08352438929056,58.390366822397105,58.122001463149005,58.06167155534919,57.222760724544024,56.01387830541746,53.80402246667686,52.64361456541793,52.75614541020517,,,,,,,,,,,,,,,,,56.4264473237615,55.48964349639839,56.14337975864287,58.120129369068174,58.05483668086045,58.19666456747043,58.13314205150931,54.05363693700129,53.96383339487276,53.8986563499577,53.765300306822674,52.65181214024007,52.62798906685167,52.855253157179845,53.276985773483,,,56.4264473237615,54.05363693700129,,,52.64361456541793,56.59805144890284,"rgba(0, 255, 255, 0.75)",1.849872289512286,56.59805144890284,1.5421550274420797,72.17247100274369,17.762640839225924,True,False,True,False,True,9.197985392480089,0.0,0.0,0.0,0.0,0,0.839943635740061,0.8723853970116824,False,False,False,False,0.34282824279053037,0.3347889357961537,False,False,False,False,222111,197182.35574386874,False,False,False,False,7432.568970031773,False,False,False,False
2023-12-01 00:00:00+00:00,59.7547446013,59.9386351338,59.648184877,59.648184877,1454,,,,,,,,,,,,,,,,,55.77174372310308,55.9673233824298,58.07886897773533,58.085544584293366,58.39161217759094,58.12333408997459,58.0630070809964,57.224374752814526,56.015762606118145,53.80631921006052,52.64577597347547,52.758150859593265,,,,,,,,,,,,,,,,,56.460201174805796,55.50806134784836,56.15370044869116,58.12221688691317,58.05670442472223,58.19797866033527,58.13447310672916,54.05591616428431,53.96612797940245,53.900955698640885,53.76758466151896,52.65398320919625,52.630091895764174,52.85717145961762,53.278680273911306,,,56.460201174805796,54.05591616428431,,,52.64577597347547,56.60421132387448,"rgba(0, 255, 255, 0.75)",1.872599579830203,56.60421132387448,1.6824383126857207,74.11154586715143,19.746863406393302,True,False,True,False,True,10.149690887924159,0.0,0.0,0.0,0.0,0,0.8546850776324215,0.844190950423002,False,False,False,False,0.3428282434594849,0.33880858962781935,False,False,False,False,223565,198216.96924410918,False,False,False,False,7198.115284932487,False,False,False,False
2023-12-04 00:00:00+00:00,59.1450023095,59.2611436984,59.1094824014,59.1159669623,1223,,,,,,,,,,,,,,,,,55.78695625915198,55.97559102402349,58.08005796737048,58.086631265040545,58.39219967583427,58.12404226776296,58.06373130486564,57.225407896154586,56.01709008519708,53.80805302250418,52.64743797684497,52.75969068709725,,,,,,,,,,,,,,,,,56.482962085399606,55.52124158441967,56.16088698701558,58.12332573201676,58.05771872007526,58.19865783646565,58.135177665017075,54.05762820083379,53.96785472916949,53.90268828743223,53.769310396270406,52.6556524567203,52.631709212144116,52.85864239769135,53.27997152264286,,,56.482962085399606,54.05762820083379,,,52.64743797684497,56.60839512978752,"rgba(38, 166, 154, 1.0)",1.8876787860061381,56.60839512978752,1.3437705601805894,71.92903091937359,19.746863406393302,True,False,True,False,False,7.700863046399764,0.0,0.0,0.0,0.0,0,0.8591237044396124,0.8404521343441411,False,False,False,False,0.2775463312276898,0.30817746042775457,False,False,False,False,222342,199163.04888159508,False,False,False,False,6963.797038464547,False,False,False,False
2023-12-05 00:00:00+00:00,59.0675747169,59.1353238604,59.0675747169,59.1353238604,506,,,,,,,,,,,,,,,,,55.7930595172824,55.97891205240405,58.08051237748293,58.08704642243716,58.39241703760269,58.12431215864901,58.06400859034676,57.225817092870436,56.01762476734466,53.80875911292344,52.64811675164437,52.76031943767409,,,,,,,,,,,,,,,,,56.49198494287096,55.52654559262954,56.16376989762797,58.123748116409935,58.05810709195102,58.198914988080965,58.13544593110832,54.05832488535655,53.9685576007482,53.90339367791309,53.77001327882994,52.65633417780644,52.63236976353647,52.859242903512666,53.28049818681801,,,56.49198494287096,54.05832488535655,,,52.64811675164437,56.61006309270201,"rgba(38, 166, 154, 1.0)",1.9022815620577058,56.61006309270201,1.2918758575043348,70.06119282445079,19.746863406393302,True,False,True,False,False,7.39382428791501,0.0,0.0,0.0,0.0,0,0.867608998597538,0.8303238436603763,False,False,False,False,0.26873265711761535,0.28845505877268496,False,False,False,False,221836,200052.18421957176,False,False,False,False,6710.550095779663,False,False,False,False
2023-12-06 00:00:00+00:00,59.0534441812,59.4547126799,59.0534441812,59.4547126799,490,,,,,,,,,,,,,,,,,55.79912165394427,55.98222142515198,58.08099428677502,58.08748698642994,58.3926566543463,58.124599616943115,58.06430234527643,57.22623379651915,56.01815871301203,53.809455256925304,52.64878382656538,52.76093752051775,,,,,,,,,,,,,,,,,56.50098730514684,55.53180634183063,56.16664864460472,58.12419783070014,58.05851824219763,58.19919096615253,58.13573196219902,54.05901236418396,53.969250956528555,53.90408935762476,53.77070617124941,52.657004160147466,52.633018909604445,52.85983336576464,53.28101662411738,,,56.50098730514684,54.05901236418396,,,52.64878382656538,56.61173323532462,"rgba(38, 166, 154, 1.0)",1.9127164308364408,56.61173323532462,1.2765671411143813,68.73490960928075,23.207233014568615,True,False,True,False,False,7.336897791682588,0.0,0.0,0.0,0.0,0,0.8855092276010295,0.8157962412875576,False,False,False,False,0.284804687099717,0.286629872936201,False,False,False,False,221346,200887.23581880424,False,False,False,False,6466.606954768696,False,False,False,False
2023-12-07 00:00:00+00:00,58.8836841844,58.8836841844,58.8836841844,58.8836841844,60,,,,,,,,,,,,,,,,,55.79979610376453,55.982587853968134,58.081037084425,58.087526026453105,58.392674780823256,58.1246247542191,58.064328584975634,57.22627691359007,56.01821782103586,53.809535676357385,52.64886170854584,52.76100962176589,,,,,,,,,,,,,,,,,56.50196141824743,55.53239607528132,56.16696538493892,58.12423715593806,58.058555033727124,58.19921437077736,58.13575686874264,54.05909155102049,53.969330906832084,53.90416963711297,53.77078624944352,52.657082376729775,52.633094707492695,52.859902191839886,53.28107683798505,,,56.50196141824743,54.05909155102049,,,52.64886170854584,56.61191420011153,"rgba(38, 166, 154, 1.0)",1.9220260892974128,56.61191420011153,1.1819662578664112,66.83278384385991,21.356348184579034,True,False,True,False,False,6.645382043550374,0.0,0.0,0.0,0.0,0,0.8906745211375818,0.8182478985895716,False,False,False,False,0.24603211459444344,0.2663309937653222,False,False,False,False,221286,201687.18735532172,False,False,False,False,6215.3674663463935,False,False,False,False
2023-12-08 00:00:00+00:00,59.2049119093,59.2708221475,59.0385393696,59.1208061868,729,,,,,,,,,,,,,,,,,55.808729566063064,55.98747342440639,58.08174299221481,58.08817137693672,58.39302391067301,58.12504576500691,58.06475917611489,57.22689152454548,56.01900788462798,53.810567965610126,52.64985148269526,52.761926679700714,,,,,,,,,,,,,,,,,56.5151557946032,55.54015858055923,56.171214866284075,58.12489553938406,58.059157581987044,58.19961809848595,58.13617572074969,54.06011083224668,53.9703589593015,53.90520117726226,53.771813742924714,52.65807646019044,52.63405789309015,52.86077824187186,53.28184590142821,,,56.5151557946032,54.06011083224668,,,52.64985148269526,56.614373036853145,"rgba(38, 166, 154, 1.0)",1.930627290287178,56.614373036853145,1.3418120035284065,66.64610134101608,21.09515197489057,True,False,True,False,False,7.736171040068243,0.0,0.0,0.0,0.0,0,0.8825921530140799,0.817233314721848,False,False,False,False,0.27432221709994825,0.2703266054326352,False,False,False,False,222015,202484.35647864244,False,False,False,False,6000.215800999476,False,False,False,False
2023-12-11 00:00:00+00:00,59.4213220306,59.4213220306,59.086931615,59.086931615,2810,,,,,,,,,,,,,,,,,55.84412555114435,56.00697881106558,58.08480004387981,58.09096874931784,58.3946055557948,58.126879706170264,58.06662303081841,57.229425371086236,56.022183130367615,53.81464596253063,52.65374477820305,52.76553540782809,,,,,,,,,,,,,,,,,56.567405393852745,55.570901543911745,56.188233674247755,58.12776029052262,58.06176238246899,58.20139240911005,58.13800253023629,54.064142256350316,53.97442325942554,53.90927799265662,53.77587210576166,52.66198679290738,52.63784649325307,52.864226812073085,53.284878086298654,,,56.567405393852745,54.064142256350316,,,52.65374477820305,56.62422688224791,"rgba(38, 166, 154, 1.0)",1.9500294771383622,56.62422688224791,1.4343860855153767,67.2080785107548,21.09515197489057,True,False,True,False,False,8.466056353432286,0.0,0.0,0.0,0.0,0,0.8738392402487012,0.820548738748583,False,False,False,False,0.28480980524188204,0.2775682053372586,False,False,False,False,224825,203360.46014614665,False,False,False,False,5875.109298999497,False,False,False,False
2023-12-12 00:00:00+00:00,59.9434743583,60.1031687681,59.6386032124,59.9095997866,18170,,,,,,,,,,,,,,,,,56.09269665411652,56.14918201675907,58.11347638578918,58.11729079591668,58.41115861046975,58.14440200441193,58.08415207821367,57.25022942675074,56.04619648195278,53.843662534118955,52.681013923661745,52.79085260376388,,,,,,,,,,,,,,,,,56.92630541157516,55.7875087385875,56.31380030064116,58.1549628473621,58.08612355566256,58.21871569064513,58.1555104056305,54.09295310442469,54.00342149286465,53.93833232126228,53.80473137420946,52.68937734394003,52.664380598937086,52.88845377496716,53.306308704564,,,56.92630541157516,54.09295310442469,,,52.681013923661745,56.69650404285776,"rgba(0, 255, 255, 0.75)",1.9783277390045686,56.69650404285776,1.6412701755251191,69.05478509621538,21.09515197489057,True,False,True,False,True,10.197305909246321,0.0,0.0,0.0,0.0,0,0.8923163602947365,0.7932460032468612,False,False,False,False,0.34282824358362085,0.31019822446043976,False,False,False,False,242995,204914.75582668994,False,False,False,False,6357.261875509321,False,False,False,False
2023-12-13 00:00:00+00:00,60.5628950993,60.5628950993,59.9386351338,60.1370433399,848,,,,,,,,,,,,,,,,,56.104867391303294,56.15634844137559,58.11513216976186,58.11881333203847,58.41215880469265,58.145423817223175,58.085167557667354,57.251359819252734,56.04744291588416,53.84511235050589,52.68236235090982,52.7921059516284,,,,,,,,,,,,,,,,,56.94347647768514,55.79816133265291,56.3201787337287,58.15654196814087,58.087529622104874,58.219734868753626,58.15653267444577,54.09439675237715,54.004872975152274,53.93978552825941,53.80617276490657,52.69073183874253,52.665692649455785,52.88965429806133,53.30737503484443,,,56.94347647768514,54.09439675237715,,,52.68236235090982,56.70015187665028,"rgba(0, 255, 255, 0.75)",2.0150077519000194,56.70015187665028,1.9169867803274738,71.68445627177478,17.357044776165466,True,False,True,False,True,12.176113899605024,0.0,0.0,0.0,0.0,0,0.906530134982723,0.7684016582268739,False,False,False,False,0.3428282441537142,0.326513234307077,False,False,False,False,243843,206441.353637408,False,False,False,False,6141.21239019523,False,False,False,False
2023-12-14 00:00:00+00:00,61.6870469596,61.845289602,61.3129749027,61.4533124143,11678,,,,,,,,,,,,,,,,,56.31335664756479,56.281508152462195,58.15038050809986,58.15127198952512,58.434697127445254,58.16737233817161,58.106774469603124,57.27313121379263,56.06953570479909,53.868865382631974,52.70392614001362,52.81219325086473,,,,,,,,,,,,,,,,,57.24489343784056,55.979184133989534,56.43282522116082,58.19039668655338,58.11738272379726,58.24189872610033,58.178530475087214,54.11819872222954,54.02874828294105,53.963649761855855,53.82976588573944,52.712395682414744,52.68666987097421,52.90893228763677,53.324647173878326,,,57.24489343784056,54.11819872222954,,,52.70392614001362,56.76563008528257,"rgba(0, 255, 0, 1.0)",2.0709488181677607,56.76563008528257,2.376406809836847,75.24435346107119,20.69728259952207,True,False,True,False,True,15.53858820804598,0.0,0.0,0.0,0.0,0,0.9451030394811553,0.7564821834762655,False,False,False,False,0.3428282457487488,0.3346707400279129,False,False,False,False,255521,208366.0456516273,False,False,False,False,6358.341316069927,False,False,False,False
2023-12-15 00:00:00+00:00,61.1677981666,61.729148213,61.1677981666,61.3323318009,815,,,,,,,,,,,,,,,,,56.32663432405604,56.28961338267698,58.15263123630017,58.15334630585478,58.436130513763906,58.16877893382905,58.10816143070825,57.27455195478277,56.07099896917287,53.87046217224389,52.70538334964566,52.81355038185137,,,,,,,,,,,,,,,,,57.263317336558885,55.99083405443721,56.44012235241899,58.19255703499765,58.11929372122822,58.24331625224548,58.179939802832344,54.1197967671713,54.03035197876098,53.96525324642808,53.83135226301211,52.713859590364514,52.688087631169154,52.910234393483734,53.325812157890795,,,57.263317336558885,54.1197967671713,,,52.70538334964566,56.76980458852339,"rgba(0, 255, 0, 1.0)",2.1098717973597867,56.76980458852339,2.0844837982952757,74.68810592484587,20.69728259952207,True,False,True,False,True,13.310807343470447,0.0,0.0,0.0,0.0,0,0.9282649228056356,0.774642866940182,False,False,False,False,0.33154616741090387,0.3331084537194084,False,False,False,False,254706,210183.2987633282,False,False,False,False,6140.955382106401,False,False,False,False
2023-12-18 00:00:00+00:00,61.1813479953,61.2355473101,61.0226214304,61.0226214304,864,,,,,,,,,,,,,,,,,56.340053875952066,56.297825314915244,58.15485877150105,58.155399447196395,58.43754015182966,58.17017129251319,58.10953618802645,57.27598016122576,56.072488175039766,53.87210710529477,52.706890425337576,52.81495354302265,,,,,,,,,,,,,,,,,57.281683695618,56.00265167965542,56.4475075825719,58.194693329270955,58.1211868200741,58.24471703763401,58.18133451579708,54.121441342933274,54.03200297424444,53.966904456989425,53.83298672150891,52.71537355399264,52.689553994461356,52.91158029073377,53.32701476717096,,,57.281683695618,54.121441342933274,,,52.706890425337576,56.774004195914145,"rgba(0, 255, 0, 1.0)",2.150191781500855,56.774004195914145,2.0497445099104077,74.34417006175647,20.69728259952207,True,False,True,False,True,13.351199367535152,0.0,0.0,0.0,0.0,0,0.9156747424166221,0.8141405350831501,False,False,False,False,0.30430079608937616,0.3187046249043923,False,False,False,False,255570,211963.16940006043,False,False,False,False,5934.01595535713,False,False,False,False
2023-12-19 00:00:00+00:00,61.8219645397,61.845289602,61.8219645397,61.845289602,369,,,,,,,,,,,,,,,,,56.3465738605592,56.30181704772361,58.15602614251521,58.15647555006255,58.43829346536012,58.17090196382754,58.1102549489633,57.27669741878622,56.07320952952945,53.872875364044255,52.70758600180149,52.815601797203314,,,,,,,,,,,,,,,,,57.290852161200746,56.00835049024423,56.451112213676765,58.195815726522405,58.122177039818936,58.24545564098218,58.1820669343444,54.12221176666446,54.032775545819156,53.96767651763619,53.8337497404529,52.71607236117876,52.69023068160024,52.912202646628764,53.32757313644875,,,57.290852161200746,54.12221176666446,,,52.70758600180149,56.77608096641404,"rgba(0, 255, 0, 1.0)",2.211405020174332,56.77608096641404,2.2817545982093197,75.31826350660198,20.82784508574551,True,False,True,False,True,15.23894323639987,0.0,0.0,0.0,0.0,0,0.9221178348347483,0.8118051860825116,False,False,False,False,0.34282824599937095,0.3307664354518816,False,False,False,False,255939,213687.71177652868,False,False,False,False,5715.780035539204,False,False,False,False
2023-12-20 00:00:00+00:00,61.1610232522,61.6854984077,61.1610232522,61.6854984077,785,,,,,,,,,,,,,,,,,56.359148161668834,56.30953281393033,58.15817356937903,58.1584552012426,58.439661711473505,58.17224571054972,58.11158018190899,57.27805710295438,56.07461190611728,53.87440782567026,52.708985300974355,52.81690502075923,,,,,,,,,,,,,,,,,57.308125398677554,56.019411546402196,56.45806188849789,58.19787696821623,58.124001461566515,58.24680953924971,58.183413246370414,54.123745240458064,54.034314506610144,53.9692153261195,53.83527224836124,52.71747808283194,52.691592138284086,52.913453027996916,53.328691762687406,,,57.308125398677554,54.123745240458064,,,52.708985300974355,56.78004246535314,"rgba(0, 255, 255, 0.75)",2.2592820452789053,56.78004246535314,1.9391030863107825,72.50112342559471,20.82784508574551,True,False,True,False,False,12.42074464210593,0.0,0.0,0.0,0.0,0,0.8922072514870134,0.8158821903590323,False,False,False,False,0.3086676261478785,0.31971703079988006,False,False,False,False,255154,215313.84072646874,False,False,False,False,5522.416112576882,False,False,False,False
2023-12-21 00:00:00+00:00,61.7943809598,61.8356111529,61.6904344167,61.8356111529,2873,,,,,,,,,,,,,,,,,56.408632689870636,56.340012175225375,58.16708718715727,58.16667451152216,58.44541332849539,58.17783290201165,58.11707814683021,57.28356146310481,56.08016444966545,53.880339718347514,52.71436228684097,52.82191610182929,,,,,,,,,,,,,,,,,57.376838914704464,56.062805215533245,56.485595989434,58.20644670239055,58.13156837260379,58.25245509734054,58.18901345360828,54.12969221989926,54.04027863472357,53.97517593620201,53.84116397411451,52.722879982123295,52.69682331592456,52.91826371748608,53.33300674034416,,,57.376838914704464,54.12969221989926,,,52.71436228684097,56.79583335543352,"rgba(0, 255, 0, 1.0)",2.3229625075329072,56.79583335543352,2.151798657170393,71.99526335567467,20.82784508574551,True,False,True,False,False,14.275147815159727,0.0,0.0,0.0,0.0,0,0.891861539100535,0.8052814979671958,False,False,False,False,0.33689773245400856,0.3283073816269443,False,False,False,False,258027,216988.86658033272,False,False,False,False,5418.517441495436,False,False,False,False
2023-12-22 00:00:00+00:00,61.8349336615,61.854968051,61.7485051112,61.7485051112,440,,,,,,,,,,,,,,,,,56.41618645499912,56.34468365747998,58.16846327213084,58.167943689031596,58.44630282494484,58.17869639207847,58.11792774346645,57.28441063918544,56.081019733899296,53.88125192363629,52.71518878148468,52.82268642332951,,,,,,,,,,,,,,,,,57.387268555716844,56.06943859826121,56.48981884278793,58.207769961253646,58.13273695926742,58.25332775818853,58.18987897600009,54.13060686521698,54.04119587038221,53.97609259937031,53.842069989517896,52.72371030641024,52.69762740766806,52.919003283358364,53.33367026713939,,,57.387268555716844,54.13060686521698,,,52.71518878148468,56.798251065864875,"rgba(0, 255, 0, 1.0)",2.383543372813736,56.798251065864875,2.1131071719032333,71.7419285390755,20.82784508574551,True,False,True,False,False,14.392487491987197,0.0,0.0,0.0,0.0,0,0.9222444659225573,0.7968774148122573,False,False,False,False,0.34014670364049954,0.33422704263372194,False,False,False,False,258467,218615.46004777067,False,False,False,False,5223.281463397576,False,False,False,False
2023-12-26 00:00:00+00:00,62.0429235321,62.3001767086,61.8840033983,61.8840033983,729,,,,,,,,,,,,,,,,,56.42926272746172,56.3527772016825,58.17090521628809,58.17019607363734,58.447890532106946,58.1802295662332,58.11943460602234,57.28589850860359,56.08250119272515,53.88281290041115,52.71659736378394,52.8239997294954,,,,,,,,,,,,,,,,,57.40546118473974,56.080896822089414,56.49714545348912,58.210119950779756,58.13480966118094,58.25487937609076,58.19141607337962,54.13217363043257,54.04276647897358,53.977661805387775,53.843620135100934,52.72512545087133,52.69899774447358,52.920264551291964,53.33480346038425,,,57.40546118473974,54.13217363043257,,,52.71659736378394,56.802461948085764,"rgba(0, 255, 0, 1.0)",2.449900330583496,56.802461948085764,2.1390509314173225,72.02041061901824,20.82784508574551,True,False,True,False,False,14.999267536538213,0.0,0.0,0.0,0.0,0,0.9353260207538884,0.7668956919867249,False,False,False,False,0.3428282462394884,0.33852764443660516,False,False,False,False,259196,220206.8537713875,False,False,False,False,5047.035131499632,False,False,False,False
2023-12-27 00:00:00+00:00,62.8438151932,62.8438151932,62.8438151932,62.8438151932,3202,,,,,,,,,,,,,,,,,56.49370631882369,56.39279280347463,58.18369774881611,58.18199830035383,58.456320892221235,58.18827453698342,58.12732203961714,57.293469036708224,56.08983242907144,53.89030431503271,52.72328664718205,52.8302423306514,,,,,,,,,,,,,,,,,57.496597083244964,56.13709432458541,56.533499787766196,58.22245244834746,58.14565730496934,58.263046775626066,58.19948536306875,54.13971278510879,54.05031678081008,53.98520014259377,53.85105662186056,52.73184633213426,52.705504628498566,52.92626476451395,53.340214411635785,,,57.496597083244964,54.13971278510879,,,52.72328664718205,56.823539060861165,"rgba(0, 255, 0, 1.0)",2.534911452787711,56.823539060861165,2.3749453361450454,73.71447313007742,20.82784508574551,True,False,True,False,False,17.27023106905617,0.0,0.0,0.0,0.0,0,0.9409466476888523,0.7670278149631784,False,False,False,False,0.34282824686594715,0.3406779456512762,False,False,False,False,262398,221861.40852545077,False,False,False,False,4974.680812617295,False,False,False,False
2023-12-28 00:00:00+00:00,62.5131025883,63.3115746371,62.4937456901,63.1518802274,8918,,,,,,,,,,,,,,,,62.7728076385,56.66461810707982,56.50048634000201,58.218422965560805,58.214061157365016,58.47925379026487,58.210195729915924,58.148822778429036,57.31417731381232,56.109953567883046,53.91093809233109,52.741740316321426,52.84746488322168,,,,,,,,,,,,,,,,,57.731873899360515,56.2871941116092,56.63147563179419,58.25593415891991,58.175155029050885,58.28529134467614,58.22147122116769,54.160470989958796,54.07110800767572,54.00596026482364,53.871540579012915,52.75038680122764,52.72345663453625,52.94281860504065,53.355139872290174,,,57.731873899360515,54.160470989958796,,,52.741740316321426,57.32293670239248,"rgba(0, 255, 255, 0.75)",2.6065005156809287,57.32293670239248,1.9912391555969544,73.05176511460311,20.82784508574551,True,False,True,False,False,15.821810564542059,0.0,0.0,0.0,0.0,0,0.9485611397961253,0.7537029362304474,False,False,False,False,0.3428282469109588,0.3417530962811175,False,False,False,False,253480,223101.35328915858,False,False,False,False,5129.32078074995,False,False,False,False
2023-12-29 00:00:00+00:00,62.9534720213,63.2002724727,62.9534720213,63.2002724727,283,,,,,,,,,,,,,,,,62.78089475181172,56.67011648219257,56.50398512067619,58.21957944076995,58.21512955732222,58.480021866329174,58.21092782644155,58.14954042783713,57.31486342939989,56.11061521923603,53.91161068743898,52.74234012829488,52.84802489192482,,,,,,,,,,,,,,,,,57.73936860050873,56.2920348312335,56.634665365140684,58.25704996844098,58.17613812171231,58.286034801923414,58.22220555672975,54.16114814884214,54.07178605205829,54.00663716210009,53.87220822395361,52.75098944143799,52.724040145509,52.94335703303292,53.35562593916786,,,57.73936860050873,54.16114814884214,,,52.74234012829488,57.32513713653532,"rgba(0, 255, 0, 1.0)",2.6890600161544267,57.32513713653532,2.093049188546434,73.48332477948448,20.82784508574551,True,False,True,False,False,17.05767076871724,0.0,0.0,0.0,0.0,0,0.9639822260842311,0.7274292708451365,False,False,False,False,0.3428282470411249,0.3422906716611212,False,False,False,False,253763,224303.7708072308,False,False,False,False,4939.268985426423,False,True,False,False
2024-01-02 00:00:00+00:00,62.1325459706,62.7453853661,61.980787889,62.348568954,3735,,,,,,,,,,,,,,,,62.63807344213174,56.73336359251808,56.544554456891646,58.23242341546986,58.227000480859765,58.48847089880969,58.21907146440471,58.157542356483305,57.32271898174694,56.11839196676273,53.91974981354891,52.74967389704631,52.85486673728549,,,,,,,,,,,,,,,,,57.8226127893097,56.34824870405211,56.67157275898298,58.269425555952644,58.18708033048676,58.29428020286492,58.230370486423915,54.16932158075944,54.07997777508749,54.01482048844793,53.88029065507073,52.75835726991864,52.731175770330935,52.94993043501144,53.361540078871215,,,57.8226127893097,54.16932158075944,,,52.74967389704631,57.33846608642231,"rgba(0, 255, 255, 0.75)",2.7449320472286183,57.33846608642231,1.7465204244374521,69.81374980257729,23.66390500819476,True,False,True,False,False,13.540367699167867,0.0,0.0,0.0,0.0,0,0.9482463159411763,0.7401326295483464,False,False,False,False,0.29104422457944906,0.31666744812028513,False,False,False,False,250028,225312.564108908,False,False,False,False,4892.042750703818,False,False,False,False
2024-01-03 00:00:00+00:00,61.0419783286,61.2549042083,61.0419783286,61.0862088409,1951,,,,,,,,,,,,,,,,62.43820048119923,56.75897638169811,56.561236246569955,58.23716785306615,58.23138949119606,58.49151052678617,58.2220889973603,58.16052558625156,57.32584487776531,56.121675153465624,53.923399712204876,52.7530294983001,52.85799256535482,,,,,,,,,,,,,,,,,57.853781244175956,56.371475661327295,56.68667181012454,58.273980426702586,58.191143557442516,58.29731181477784,58.23339244196291,54.17296829220089,54.083639419725586,54.01848323630755,53.88391796702793,52.761728002426835,52.73444170699084,52.95292937245776,53.36422052840634,,,57.853781244175956,54.17296829220089,,,52.7530294983001,57.3365731750053,"rgba(38, 166, 154, 1.0)",2.7762740478578944,57.3365731750053,1.3346683683672023,63.427361652965544,17.762755885679965,False,False,True,False,False,9.180399841852893,0.0,0.0,0.0,0.0,0,0.9419508006224312,0.7601050664223962,False,False,False,False,0.20615023801580137,0.26140884306804324,False,False,False,False,248077,226205.28708502927,False,False,False,False,4776.707740872296,False,False,False,False
2024-01-04 00:00:00+00:00,61.3032964537,61.3032964537,61.3032964537,61.3032964537,100,,,,,,,,,,,,,,,,62.430627891438114,56.76033815525687,56.56212362141971,58.23742667956601,58.231628929851496,58.49167743431146,58.222253666281354,58.160688179219946,57.32601300485851,56.12184973245256,53.92359164101081,52.7532053340585,52.85815641112162,,,,,,,,,,,,,,,,,57.855455278539495,56.3727076247948,56.687476119749434,58.274229123502046,58.19136506487861,58.29747751931175,58.2335573912414,54.173160227679126,54.083832076718046,54.018675905620015,53.8841086824322,52.76190463475478,52.73461283789686,52.95308661009065,53.36436124059437,,,57.855455278539495,54.173160227679126,,,52.7532053340585,57.33662818133454,"rgba(38, 166, 154, 1.0)",2.8127105011423463,57.33662818133454,1.4102653901830455,59.95106426092155,14.792693871992682,False,False,True,False,False,9.963451300645872,0.0,0.0,0.0,0.0,0,0.9414563319870972,0.7604700241400022,False,False,False,False,0.2167880666255003,0.23909845484677178,False,False,False,False,248177,227066.92288561634,False,False,False,False,4593.3074373086765,False,False,False,False
2024-01-05 00:00:00+00:00,61.100049023,61.5452576806,60.9935860832,60.9935860832,40442,,,,,,,,,,,,,,,,61.54219850445744,57.241626589298185,56.889329905663736,58.33565518009912,58.322735775163686,58.555474096317184,58.28552560302676,58.223241812333285,57.391343066101605,56.19028723881028,53.99946140085747,52.82298374923918,52.923198551603804,,,,,,,,,,,,,,,,,58.40630021415825,56.81682206910657,56.985346320097854,58.368664265853546,58.27590704528636,58.361056811283774,58.29692275754447,54.24897199934965,54.159948034592894,54.094812595036295,53.959512889121456,52.831995178735426,52.802541974671676,53.015512169354956,53.42021917296235,,,58.40630021415825,54.24897199934965,,,52.82298374923918,57.44960849417904,"rgba(38, 166, 154, 1.0)",2.8446887317059746,57.44960849417904,1.2832477902184294,56.94364284222104,12.252953539512959,False,False,True,False,False,9.168729203933239,0.0,0.0,0.0,0.0,0,0.9235151023698015,0.7646361240619443,False,False,False,False,0.21445699004935426,0.22677772244806302,False,False,False,False,207735,226308.808262651,False,False,False,False,5999.138518198532,False,False,False,False
2024-01-08 00:00:00+00:00,62.1635170076,62.1635170076,62.059667249,62.059667249,484,,,,,,,,,,,,,,,,61.54727717538908,57.24794062689971,56.893737819425546,58.337153222776,58.324127270281686,58.55647640011099,58.28649846733419,58.22419951177736,57.39229582681174,56.19124247160091,54.000473907261394,52.82390227669353,52.92405615707073,,,,,,,,,,,,,,,,,58.413595115489926,56.822648828485676,56.98939483465771,58.37010981899745,58.277196782292876,58.36203990946241,58.297897853409296,54.24998744133613,54.16096615121841,54.095830015475606,53.960518681114884,52.83291786977125,52.80343616070181,53.016336387473565,53.42096085990869,,,58.413595115489926,54.24998744133613,,,52.82390227669353,57.452030777161646,"rgba(0, 255, 255, 0.75)",2.8961399149684026,57.452030777161646,1.6268158199427865,57.94049815077244,12.252953539512959,False,False,True,False,False,12.300022910760205,0.0,0.0,0.0,0.0,0,0.949919818252587,0.7443839369231393,False,False,False,False,0.2731671421363392,0.24997243229220112,False,False,False,False,208219,225599.40401705686,False,False,False,False,5782.858576308394,False,False,False,False
2024-01-09 00:00:00+00:00,61.4194378426,61.5646145787,61.4194378426,61.5549361297,428,,,,,,,,,,,,,,,,61.546673647702015,57.2527561569198,56.89713812353697,58.338246167689746,58.32514327009288,58.557198338625376,58.28721041763483,58.22490269838065,57.39302048814159,56.19199290814661,54.00129625337786,52.82465668179387,52.924759946945166,,,,,,,,,,,,,,,,,58.41887861831604,56.82715017693806,56.99250981221226,58.371162536715076,58.278140951137324,58.3627563404299,58.29861099377094,54.2508098528359,54.1617915744007,54.096655481094245,53.961335929806935,52.83367563752003,52.8041707008776,53.01701225165717,53.421566843528346,,,58.41887861831604,54.2508098528359,,,52.82465668179387,57.453637427736055,"rgba(38, 166, 154, 1.0)",2.930495052702136,57.453637427736055,1.3532868486528162,56.13254786752407,11.87898849423052,False,True,True,False,False,9.432736478381102,0.0,0.0,0.0,0.0,0,0.9594196831994222,0.7361830914787716,False,False,False,False,0.22981881272281243,0.2398956225075068,False,False,False,False,207791,224901.03523207424,False,False,False,False,5572.864122335516,False,False,False,False
2024-01-10 00:00:00+00:00,61.5259007824,61.6710775186,61.5259007824,61.6013926852,1094,,,,,,,,,,,,,,,,61.54719973113245,57.265324842449516,56.906008533815836,58.341131268653385,58.327825134448005,58.55910947883559,58.28908963298616,58.226757672813285,57.394919970349335,56.19394879819562,54.00342736830858,52.826608144103346,52.926580771281664,,,,,,,,,,,,,,,,,58.43276961322959,56.83887945913614,57.000641211255555,58.37394251135835,58.28063224634614,58.364648826462016,58.30049356174079,54.25294214415511,54.16393130256238,54.09879505523076,53.963453685757294,52.83563581974668,52.806070739677516,53.018761077372496,53.42313585732206,,,58.43276961322959,54.25294214415511,,,52.826608144103346,57.4579495497578,"rgba(38, 166, 154, 1.0)",2.963511392424841,57.4579495497578,1.3726794649888867,55.229660617297604,11.014469174049623,False,True,True,False,False,9.74564648233278,0.0,0.0,0.0,0.0,0,0.9738110238318415,0.7265120238055486,False,False,False,False,0.23206436365666197,0.2359799930820844,False,False,False,False,208885,224272.95541905175,False,False,False,False,5397.222392047849,False,False,False,False
2024-01-11 00:00:00+00:00,61.5176741007,61.5176741007,61.0922094793,61.1514415876,521,,,,,,,,,,,,,,,,61.54565939232303,57.27101034040124,56.91004203926176,58.34241922478302,58.32902280030606,58.55995893359866,58.289929811138386,58.22758802777298,57.39578103950225,56.194845423762374,54.00441526533182,52.82751611551095,52.92742774811198,,,,,,,,,,,,,,,,,58.43892691304362,56.84421176451945,57.0043359460625,58.375182748729316,58.28174596020887,58.36549363535346,58.30133504658641,54.25392966556364,54.16492260343724,54.099786526108375,53.96443553357797,52.83654782481227,52.80695484128228,53.01957436476495,53.4238646768761,,,58.43892691304362,54.25392966556364,,,52.82751611551095,57.45980639212312,"rgba(38, 166, 154, 1.0)",2.9930792781572246,57.45980639212312,1.3557501594395527,54.59886167093813,10.302192075841965,False,True,False,False,False,9.713768813311102,0.0,0.0,0.0,0.0,0,0.9569977231888613,0.7465704068831359,False,False,False,False,0.21053923608723182,0.2232596145846581,False,False,False,False,208364,223649.07481438306,False,False,False,False,5205.997984516561,False,False,False,False
2024-01-12 00:00:00+00:00,61.4291162917,61.593649926,61.4247609896,61.4247609896,869,,,,,,,,,,,,,,,,61.54472649592047,57.28070402483336,56.916913827043324,58.344640483080745,58.33108820546704,58.561428261224314,58.29137856540155,58.22901892876675,57.39725489309149,56.19637102955266,54.00608626825174,52.82904902419719,52.92885791209719,,,,,,,,,,,,,,,,,58.44951072281246,56.853286603221,57.0106347179521,58.3773225669518,58.28366576503128,58.366951563634856,58.30278622830568,54.255600847103715,54.16659988074863,54.10146387757563,53.96609618346625,52.838087561103904,52.80844741905975,53.02094784191327,53.425096312293306,,,58.44951072281246,54.255600847103715,,,52.82904902419719,57.46306737438594,"rgba(38, 166, 154, 1.0)",3.0109619401488676,57.46306737438594,1.3172032712967356,53.843410206067055,9.394687005234914,False,True,False,False,False,9.365183960890306,0.0,0.0,0.0,0.0,0,0.9675351095504353,0.7436850278361226,False,False,False,False,0.22121864074938435,0.22223912766702122,False,False,False,False,207495,223015.58168440725,False,False,False,False,5035.919632182578,False,False,False,False
2024-01-16 00:00:00+00:00,60.2677024024,60.2677024024,60.2677024024,60.2677024024,626,,,,,,,,,,,,,,,,61.53127984098542,57.28564852329796,56.92053751522859,58.34561993599472,58.33200149214914,58.562045997037536,58.292024403646856,58.22966433919023,57.39800043139252,56.19721704688473,54.00709402889773,52.829997973561,52.92974158520856,,,,,,,,,,,,,,,,,58.45405395216942,56.85809211483846,57.013931547720816,58.378259866187456,58.284522645379845,58.36759178571668,58.30343171941233,54.25660195114852,54.167607109665624,54.10247292442063,53.96709873851751,52.839040572748516,52.80937176796539,53.02179496747469,53.42584957846075,,,58.45405395216942,54.25660195114852,,,52.829997973561,57.464030257123376,"rgba(38, 166, 154, 0.5)",3.0048339167739964,57.464030257123376,0.9330539467175134,49.61218181782337,5.256266067606894,False,True,False,False,False,4.961948087439755,0.0,0.0,0.0,0.0,0,0.9608658513165164,0.7708897555916362,False,False,False,False,0.09689976619769006,0.15956944693235564,False,False,False,False,206869,222382.3824026658,False,False,False,False,4862.981607391105,False,False,False,False
2024-01-17 00:00:00+00:00,59.3772850873,59.5080409344,59.3288928419,59.3288928419,3143,,,,,,,,,,,,,,,,61.42450098181703,57.30311528504148,56.93395308332934,58.34832138163783,58.33453545764781,58.56357498836944,58.29384707241667,58.2315291387379,57.40061388841305,56.20055999557583,54.011452102654374,52.83420639651098,52.933653696216595,,,,,,,,,,,,,,,,,58.46583319447434,56.8759612706924,57.02602034179499,58.38080886611082,58.28694647442717,58.36934277039544,58.305245185002384,54.260902364243236,54.17194445144751,54.10682569677292,53.97143874892771,52.84326631808712,52.81347267030825,53.025539008008394,53.42915234262691,,,58.46583319447434,54.260902364243236,,,52.83420639651098,57.46421909441737,"rgba(38, 166, 154, 0.5)",2.998364271584282,57.46421909441737,0.6380365491321036,44.696940934696315,0.6582980918406491,False,True,False,True,False,1.8251080122004772,0.0,0.0,0.0,0.0,0,0.9380654070901636,0.7778400448301755,False,False,False,False,0.01786339048706666,0.08871641870971116,False,False,False,False,203726,221650.75956334558,False,False,False,False,4795.531348277728,False,False,False,False
2024-01-18 00:00:00+00:00,59.5514971707,59.5514971707,59.5224618235,59.5224618235,851,,,,,,,,,,,,,,,,61.399248202190336,57.3081004134799,56.9377607416603,58.34914506065131,58.335307113517224,58.564055334465294,58.29440032194143,58.23209191058208,57.40136865855133,56.20150260708274,54.0126608467903,52.83536869737312,52.934734549005015,,,,,,,,,,,,,,,,,58.469430832690946,56.88101640837846,57.0294599193654,58.38158896312128,58.28768120848841,58.36987848356834,58.30579626177415,54.26209650707457,54.17314832813251,54.10803348845485,53.97264227750172,52.844433430833114,52.81460522919922,53.02657375790437,53.430066472533824,,,58.469430832690946,54.26209650707457,,,52.83536869737312,57.46455553825854,"rgba(38, 166, 154, 0.5)",2.994460395229892,57.46455553825854,0.6969341240131,42.11088919648472,-1.6575141813289775,False,True,False,True,False,2.3937535026848273,0.0,0.0,0.0,0.0,0,0.9302898075666973,0.783528632495071,False,False,False,False,0.027980394842450573,0.058348406776080865,False,False,False,False,204577,220981.200364783,False,False,False,False,4640.8438444237,False,False,False,False
2024-01-19 00:00:00+00:00,59.4740695781,59.4740695781,59.0482178187,59.0482178187,20759,,,,,,,,,,,,,,,,60.88963422563396,57.412379895326026,57.0201062383497,58.3654194582903,58.350610426006035,58.573146304100824,58.30550232922053,58.24349752890319,57.41782908463032,56.22289950823748,54.0408716460156,52.86271456931853,52.960158066637256,,,,,,,,,,,,,,,,59.33211899163334,58.53448727943908,56.98938320757041,57.103776891893844,58.39691729386019,58.302388446586434,58.380485058643174,58.316833419301126,54.289909309949316,54.20120842719462,54.13619994975449,54.000741087102575,52.87189065251631,52.84125734520135,53.050904545242346,53.4515188654185,,,58.53448727943908,54.289909309949316,,,52.86271456931853,57.732426666238496,"rgba(38, 166, 154, 0.5)",2.9803342487286586,57.732426666238496,0.5843783839361134,40.198263393681465,-3.39618811156911,False,True,False,True,False,2.121953824000318,0.0,0.0,0.0,0.0,0,0.9259270576543004,0.7771021342155571,False,False,False,False,0.004438560952678838,0.03139348386437985,False,False,False,False,183818,219523.8199583209,False,False,False,False,5272.928399544339,False,False,False,False
2024-01-22 00:00:00+00:00,59.8070082264,59.8805644393,59.8070082264,59.8612075412,936,,,,,,,,,,,,,,,,60.878001756796074,57.417986608699536,57.02445908189193,58.3665130975142,58.35163483108586,58.57381752076931,58.30623810145745,58.24423959132333,57.41875655570054,56.22401123658455,54.04225598131202,52.86403690396994,52.96138909500931,,,,,,,,,,,,,,,,59.353665240177534,58.53888254376328,56.995037592088295,57.10774059238011,58.39795965096539,58.30335870885447,58.38120587580184,58.317567522225914,54.29127966606652,54.20258888149183,54.13758416787694,54.002119119392624,52.87321847462668,52.842545989379474,53.05208404252789,53.452564288665556,,,58.53888254376328,54.29127966606652,,,52.86403690396994,57.7347472327819,"rgba(38, 166, 154, 0.5)",2.95499953390824,57.7347472327819,0.7012728664892067,40.35591383560454,-3.39618811156911,False,True,False,True,False,3.227917734320826,0.0,0.0,0.0,0.0,0,0.9478863146219686,0.7712872759734284,False,False,False,False,0.04674071712649039,0.03906710049543512,False,False,False,False,184754,218160.29760701422,False,False,False,False,5102.852776032797,False,False,False,False
2024-01-23 00:00:00+00:00,59.0578962678,59.2417868003,59.0578962678,59.2417868003,233,,,,,,,,,,,,,,,,60.87320161606955,57.41896752669658,57.025266110304024,58.36665283665902,58.35176697823459,58.573889925810576,58.30633566247345,58.24434135585318,57.418919191604836,56.22423325001605,54.042558094435385,52.86433235147309,52.96166370185827,,,,,,,,,,,,,,,,59.35117381342302,58.53937165325443,56.996089046994804,57.108467918268055,58.39809007576364,58.30348755036579,58.38129712317761,58.31766422332982,54.29157683930662,54.202888941339296,54.13788554431483,54.002420148520564,52.87351510322103,52.84283401223044,53.05234674880734,53.452795419585286,,,58.53937165325443,54.29157683930662,,,52.86433235147309,57.73468408194725,#000000,2.922237009452166,57.73468408194725,0.4528079623838622,38.51903934770288,-5.173595276692538,False,True,False,True,False,0.5940832387719617,0.0,0.0,0.0,0.0,0,0.936739553868861,0.7857042798412514,False,False,False,False,-0.01409987842924662,0.012483611033094248,False,False,False,False,184521,216841.10946556268,False,False,False,False,4911.878157364844,False,False,False,False
2024-01-24 00:00:00+00:00,59.6542822999,59.8805644393,59.6542822999,59.8224937449,2444,,,,,,,,,,,,,,,,60.84137754678356,57.43285917177092,57.03615119036306,58.36930208106611,58.35425090789518,58.57549725242241,58.30812514627969,58.24615128416556,57.42123512661469,56.22705063725217,54.04610571280192,52.867732021330575,52.96482809898423,,,,,,,,,,,,,,,,59.3891330148501,58.54980295640848,57.01020917927012,57.11837230354136,58.400611156548784,58.30584622165284,58.3830436558576,58.31944867437321,54.29508569094652,54.206424722391176,54.141431741996165,54.00595208867834,52.876928799849594,52.846147289381214,53.05537813807032,53.4554797686561,,,58.54980295640848,54.29508569094652,,,52.867732021330575,57.73949889602268,"rgba(38, 166, 154, 0.5)",2.8965551798477547,57.73949889602268,0.6610553864808327,39.715215874112104,-5.173595276692538,False,True,False,True,False,2.5750161862105294,0.0,0.0,0.0,0.0,0,0.934817913058071,0.7889163606437065,False,False,False,False,0.04003692154364119,0.02626026628836772,False,False,False,False,186965,215669.49732965828,False,False,False,False,4815.098621781909,False,False,False,False
2024-01-25 00:00:00+00:00,59.5514971707,59.6482816615,59.3772850873,59.6192463143,14177,,,,,,,,,,,,,,,,60.65849883739706,57.5033823881141,57.092949097939034,58.38219422046495,58.36637341816684,58.58310084199683,58.31694025239808,58.2551318603881,57.433398964076,56.24235788726027,54.06586194096869,52.88680202071622,52.982573887907535,,,,,,,,,,,,,,,,59.43935324479261,58.59701100740904,57.08338755129615,57.1700044906421,58.412832765465,58.31743720990094,58.39156478789719,58.32822677484562,54.31458986577256,54.22609162267138,54.16116612684345,54.02562709282925,52.8960763411356,52.864736243147064,53.07237241792719,53.47050092944322,,,58.59701100740904,54.31458986577256,,,52.88680202071622,57.75574135444471,"rgba(38, 166, 154, 0.5)",2.8813409160020407,57.75574135444471,0.6232361489340759,40.2222111292214,-5.173595276692538,False,True,False,True,False,2.2134962362303767,0.0,0.0,0.0,0.0,0,0.9367619060485641,0.7887738578335709,False,False,False,False,0.01770502534914042,0.02198264581875407,False,False,False,False,172788,213987.86998339716,False,False,False,False,5182.232009163011,False,False,False,False
2024-01-26 00:00:00+00:00,60.5189549405,60.5189549405,60.4903067312,60.4903067312,1165,,,,,,,,,,,,,,,,60.65681509003138,57.5116834063443,57.09934229085088,58.38414126880819,58.36819427040952,58.584366711568876,58.31824387586894,58.256431279576425,57.43485930421761,56.24398443234147,54.06777045029696,52.88859573171193,52.98424648685359,,,,,,,,,,,,,,,,59.47074295423734,58.604583058129016,57.09155819608157,57.17587982888383,58.414702630359955,58.31914743727211,58.39286183293798,58.32953036263974,54.316487501289764,54.22800008171838,54.163077572572256,54.02752571739451,52.89787764027513,52.866484113952744,53.07397723399675,53.47193199084716,,,58.604583058129016,54.316487501289764,,,52.88859573171193,57.76007779067836,"rgba(38, 166, 154, 0.5)",2.868468702020525,57.76007779067836,0.9617944054534441,44.016523666350054,-5.173595276692538,False,True,False,True,True,5.331815253063823,0.0,0.0,0.0,0.0,0,0.9532597191571606,0.785470638589637,False,False,False,False,0.033087475492352796,0.02753506065555343,False,False,False,False,173953,212417.87508208747,False,False,False,False,5024.693498999756,False,False,False,False
2024-01-29 00:00:00+00:00,61.0101362311,61.0101362311,60.71291106,60.71291106,235,,,,,,,,,,,,,,,,60.6573929555724,57.51357591800685,57.10078056216723,58.38460773410114,58.36863002017662,58.584675092634825,58.31855481917512,58.256739909519716,57.43519217225956,56.24434326511227,54.068179287582794,52.88897651538371,52.984601791422214,,,,,,,,,,,,,,,,59.47921562643588,58.606423747772496,57.09339476235824,57.1772049751582,58.415151655917704,58.319555299711816,58.39317289006117,58.3298415456809,54.316894962469725,54.22840951660787,54.16348739738911,54.0279322906132,52.898260057576955,52.866855115524515,53.07431835077453,53.47223706078693,,,58.606423747772496,54.316894962469725,,,52.88897651538371,57.76118787154498,"rgba(38, 166, 154, 1.0)",2.867348057619955,57.76118787154498,1.1330847508801594,47.9931301996123,-8.166473998518839,False,True,False,False,True,6.844520063691629,0.0,0.0,0.0,0.0,0,0.9409774288774638,0.7890773872020549,False,False,False,False,0.06376507635312752,0.045650068504340474,False,False,False,False,174188,210918.66429455462,False,False,False,False,4836.862381391923,False,False,False,False
2024-01-30 00:00:00+00:00,61.0154593781,61.0154593781,60.9239980343,60.9239980343,396,,,,,,,,,,,,,,,,60.65864280050871,57.51682951249315,57.103248714051844,58.38541637246652,58.36938530371888,58.58521106660612,58.31909355642634,58.25727429873092,57.43576487045366,56.24495738644663,54.068875551496944,52.88962400576708,52.9852060275751,,,,,,,,,,,,,,,,59.49399514380551,58.609618130289896,57.09654541851045,57.1794800217359,58.41593034236121,58.320261894622114,58.39371226201478,58.3303807627496,54.31758915869516,54.22910697406409,54.16418544659041,54.02862465674136,52.89891033223591,52.867485958718,53.07489852233757,53.47275618670329,,,58.609618130289896,54.31758915869516,,,52.88962400576708,57.76312219953758,"rgba(38, 166, 154, 1.0)",2.8717306281716977,57.76312219953758,1.1325356029764666,50.65988771803235,-5.6679158376645375,False,True,False,False,True,6.860881324706501,0.0,0.0,0.0,0.0,0,0.9312957214422694,0.8003885644758629,False,False,False,False,0.07683767598966061,0.06124387224700054,False,False,False,False,174584,209493.77549868973,False,False,False,False,4662.710915454985,False,False,False,False
2024-01-31 00:00:00+00:00,60.4419144858,60.9935860832,60.4128791386,60.9935860832,2107,,,,,,,,,,,,,,,,60.657796868146434,57.532208628914766,57.11508560828983,58.38910117846158,58.37283095502145,58.58762110642144,58.321560270572576,58.25973010463326,57.43849257662734,56.24796821440253,54.072380364947215,52.892910482688734,52.98827129522945,,,,,,,,,,,,,,,,59.54968936111697,58.623854293137256,57.1116416611911,57.190370468174905,58.41947187256088,58.323495662478834,58.39617036874135,58.33284797196984,54.32107614454516,54.23261304775169,54.167696443623484,54.03211101098186,52.90221075130167,52.870688402012355,53.07784013873862,53.475381538487525,,,58.623854293137256,54.32107614454516,,,52.892910482688734,57.77118131815797,"rgba(38, 166, 154, 0.5)",2.861086824746581,57.77118131815797,0.9334680599490668,50.340234910407204,-5.6679158376645375,False,True,False,False,True,4.7558837218800925,0.0,0.0,0.0,0.0,0,0.9337852117702995,0.8003351089947179,False,False,False,False,0.019854008251907068,0.0405489402494538,False,False,False,False,172477,208042.13724383916,False,False,False,False,4562.486957986162,False,False,False,False
2024-02-01 00:00:00+00:00,61.1248258527,61.1871550647,61.1248258527,61.1871550647,378,,,,,,,,,,,,,,,61.14560225670001,60.65953189930968,57.535422469089696,57.117520615470966,58.38991781390169,58.3735936310644,58.58816556459101,58.32210422979008,58.26026901500182,57.43906289446203,56.248573343806605,54.07305958227343,52.89354018804007,52.98885910326986,,,,,,,,,,,,,,,,59.56377423327505,58.627060034323435,57.1147433822812,57.19261777923179,58.42025887853111,58.32420860333507,58.39671582480359,58.33339254109659,54.321753890764704,54.23329377504968,54.16837760503645,54.032786346499975,52.90284317522292,52.871301901883605,53.07840467770286,53.475887236012184,,,58.627060034323435,54.321753890764704,,,52.89354018804007,58.11871444504152,"rgba(38, 166, 154, 1.0)",2.851012904929685,58.11871444504152,1.0544011928043588,52.278319372297496,-3.9813364382284036,False,True,True,False,True,6.88399915432618,0.0,0.0,0.0,0.0,0,0.9321966035101494,0.7950531692273852,False,False,False,False,0.07917545501662339,0.0598621976330386,False,False,False,False,172855,206662.24950878666,False,False,False,False,4398.389430222,False,False,False,False
2024-02-02 00:00:00+00:00,60.6403226919,60.6403226919,60.3838437913,60.3838437913,629,,,,,,,,,,,,,,,60.7765894241098,60.65891585437572,57.539884650795074,57.12097269332697,58.39098454532036,58.37459153524587,58.58886187427646,58.32281963185751,58.260981807168754,57.439860327358076,56.2494585233578,54.07409514057493,52.894512817324234,52.98976621099087,,,,,,,,,,,,,,,,59.57811818744601,58.63112936563242,57.11913924345756,57.19579366417886,58.42128380390281,58.32514591110381,58.397428032509474,58.33410798273375,54.32278376477163,54.234329435970004,54.169414829857956,54.033816520809204,52.90381991745613,52.87224970238228,53.07927512624281,53.47666377372585,,,58.63112936563242,54.32278376477163,,,52.894512817324234,58.10244254114643,"rgba(38, 166, 154, 0.5)",2.836196371103601,58.10244254114643,0.894818206740054,51.86671348097766,-3.9813364382284036,False,True,False,False,True,5.126608999961135,0.0,0.0,0.0,0.0,0,0.9193011764451845,0.8037845305753172,False,False,False,False,-0.0051249327436610394,0.02736863244468878,False,False,False,False,172226,205311.80835157936,False,False,False,False,4250.570236879961,False,False,False,False
2024-02-05 00:00:00+00:00,60.3898444298,60.3898444298,60.3396132791,60.3396132791,540,,,,,,,,,,,,,,,60.635746564346846,60.657479383503485,57.54347467778835,57.12377424382887,58.39182265990835,58.37537616520658,58.58940404535624,58.323383466724806,58.2615449376525,57.440504681396355,56.250186100329046,54.07495898686451,52.89532782340859,52.99052609126849,,,,,,,,,,,,,,,,59.58787501291352,58.63428049112117,57.12270501877165,57.19836814662718,58.42208804243084,58.325884432781045,58.39798761921583,58.33467159301083,54.323641871538996,54.23519272945727,54.170279689447426,54.03467603189107,52.904638344704104,52.87304396464452,53.080004087084134,53.47731318698965,,,58.63428049112117,54.323641871538996,,,52.89532782340859,58.097009957722626,"rgba(38, 166, 154, 0.5)",2.813337513601399,58.097009957722626,0.8149873454544312,50.75499368140211,-3.9813364382284036,False,True,False,False,True,4.229585381551924,0.0,0.0,0.0,0.0,0,0.9121862105820744,0.8020130117772192,False,False,False,False,-0.024383591743793957,0.0014925203504474113,False,False,False,False,171686,203993.14920053704,False,False,False,False,4105.057678570944,False,False,False,False
2024-02-06 00:00:00+00:00,60.335451546,60.5086957844,60.335451546,60.5086957844,241,,,,,,,,,,,,,,,60.60305427560517,60.65688792302443,57.54508531866506,57.125030732557725,58.392200270812936,58.37572966494774,58.58964863331226,58.32363747056433,58.26179855510495,57.44079413315071,56.25051231493865,54.07534567188157,52.8956924777764,52.99086609568648,,,,,,,,,,,,,,,,59.592262066069615,58.63569936362458,57.12430371497101,57.199523048179344,58.422450452649166,58.32621709460832,58.398239798746204,58.33492550880843,54.32402603498922,54.23557919716328,54.17066684570346,54.03506076941865,52.905004530696374,52.8733993364582,53.080330269032736,53.47760382289742,,,58.63569936362458,54.32402603498922,,,52.8956924777764,58.0961013187665,"rgba(38, 166, 154, 0.5)",2.7722300410772114,58.0961013187665,0.8077793668101771,49.825888510330714,-3.9813364382284036,False,True,False,False,True,4.033527435676621,0.0,0.0,0.0,0.0,0,0.9122536999608313,0.7995634547201222,False,False,False,False,-0.016887479225734185,-0.007697479437643387,False,False,False,False,171445,202716.75119267285,False,False,False,False,3953.526004901495,False,False,False,False
2024-02-07 00:00:00+00:00,59.7837799486,60.2967377496,59.7837799486,60.1999532589,4080,,,,,,,,,,,,,,,60.15230160948023,60.631256840607826,57.56792355818033,57.143322665651525,58.39717548762162,58.380398999580834,58.59277518067811,58.32701919681375,58.26520169731412,57.44495938212398,56.25544351196646,54.08143107091716,52.901499811673446,52.99627680289979,,,,,,,,,,,,,,,,59.62287083200678,58.653470552828246,57.147535027870966,57.21628213298872,58.42720523679466,58.330641538265745,58.40156327067336,58.33830104150917,54.33005305273017,54.24164920501024,54.17675259034108,54.04111845616385,52.91083577849963,52.87906002212959,53.08551713589907,53.482208725312844,,,58.653470552828246,54.33005305273017,,,52.901499811673446,58.08128504078432,"rgba(38, 166, 154, 0.5)",2.7171464754765893,58.08128504078432,0.6265745785813986,47.37170711586105,-3.9813364382284036,False,True,False,True,False,2.06002053248492,0.0,0.0,0.0,0.0,0,0.8890668552594838,0.8149588828243302,False,False,False,False,-0.06687473366382508,-0.037286106550734235,False,False,False,False,167365,201330.40800864648,False,False,False,False,3958.485769415162,False,False,False,False
2024-02-08 00:00:00+00:00,59.8886943366,60.0450980736,59.8413667206,60.0450980736,651,,,,,,,,,,,,,,,60.12960812637116,60.627167221053206,57.57148274798169,57.14618883577889,58.397951310431964,58.38112746693729,58.593261870222015,58.327547658434476,58.26573390638022,57.445614854938945,56.256222803736904,54.08239597863915,52.90242163946791,52.997135668178686,,,,,,,,,,,,,,,,59.6268879159901,58.65619816470707,57.151167696069,57.21890854119051,58.42794647223065,58.33133239965108,58.402082128111516,58.33882846030408,54.33100844947449,54.242611505665074,54.17771745275035,54.04207901615756,52.91176139227019,52.87995860804976,53.086340445595475,53.48293950230985,,,58.65619816470707,54.33100844947449,,,52.90242163946791,58.08131335149975,"rgba(38, 166, 154, 0.5)",2.6479848775204045,58.08131335149975,0.6825495872139165,46.185184246698384,-3.9813364382284036,False,True,False,True,False,2.4117606444306894,0.0,0.0,0.0,0.0,0,0.892203730743247,0.8175646818858652,False,False,False,False,-0.07962088209627892,-0.05845349432350658,False,False,False,False,168016,200023.96063575838,False,False,False,False,3828.7804451243715,False,False,False,False
2024-02-09 00:00:00+00:00,59.7353877032,59.7353877032,59.4451310154,59.7257092541,966,,,,,,,,,,,,,,,60.066244120725884,60.61874505820798,57.5761040507171,57.1499937550526,58.39888543385459,58.38200685780784,58.59382822623873,58.32819070487446,58.266386799408565,57.44647457125247,56.25728833484063,54.08375702953673,52.90373329667603,52.99835704855249,,,,,,,,,,,,,,,,59.6271151651435,58.659315323041525,57.155985847191616,57.222384927669346,58.428834851523206,58.33217240833134,58.40270672249846,58.33946923803488,54.33235297846828,54.243966892216505,54.17907726692941,54.0434344193165,52.913078359583515,52.88123737982932,53.087510614655734,53.48397537752488,,,58.659315323041525,54.33235297846828,,,52.90373329667603,58.07922426874414,"rgba(38, 166, 154, 0.5)",2.576645985841194,58.07922426874414,0.6427594025553224,44.863859897401056,0.18287381574709372,False,True,False,True,False,1.859109051722843,0.0,0.0,0.0,0.0,0,0.8917110783532938,0.8235455816698102,False,False,False,False,-0.22238112415495065,-0.14041730923922863,False,False,False,False,167050,198730.86414023847,False,False,False,False,3716.514545315573,False,False,False,False
2024-02-12 00:00:00+00:00,60.0110299329,60.2580239533,59.832172194,60.2437966332,833,,,,,,,,,,,,,,,60.06298922239746,60.614478477415446,57.58083274477675,57.15378492690688,58.39994617322302,58.38300230372751,58.59450061355268,58.32891174524741,58.26711126254923,57.4473489002158,56.2583139244645,54.0850135958918,52.90493028387605,52.999472553881425,,,,,,,,,,,,,,,,59.63378682509434,58.66306554396136,57.160784507781266,57.22586355476789,58.42984971800577,58.33311469819671,58.40341683528759,58.34018917614433,54.33359813361848,54.24522068225812,54.18033413754191,54.04468517911718,52.914280282825686,52.88240415326435,53.08858017529717,53.48492567804398,,,58.66306554396136,54.33359813361848,,,52.90493028387605,58.08074446436673,"rgba(38, 166, 154, 0.5)",2.514475576651222,58.08074446436673,0.7676692056416886,45.27348144537282,0.18287381574709372,False,True,False,True,False,2.8047189814156255,0.0,0.0,0.0,0.0,0,0.8923533804657908,0.8172691043255332,False,False,False,False,-0.14827273008717162,-0.14434501966320012,False,False,False,False,167883,197521.14397787617,False,False,False,False,3603.4355435384914,False,False,False,False
2024-02-13 00:00:00+00:00,58.6804367538,58.9855014687,58.6804367538,58.9855014687,2217,,,,,,,,,,,,,,,59.79344237867943,60.57958834689339,57.58695306832494,57.159462529695844,58.400604993601235,58.38364146186534,58.594733505014126,58.32942111095105,58.26767251519303,57.44854832279509,56.26013678397342,54.08765221724687,52.90755508384803,53.00191175906229,,,,,,,,,,,,,,,58.7821249921,59.598152909534896,58.663923919586225,57.167948214947614,57.23097174732429,58.43044159512077,58.333775501446226,58.40385515033699,58.34068840633745,54.33618234086615,54.24783400590588,54.18296191172003,54.04731634309167,52.916915160792904,52.884964460160184,53.09091246052313,53.48697040100778,,,58.663923919586225,54.33618234086615,,,52.90755508384803,58.28780437268606,#000000,2.4326028805351037,58.28780437268606,0.1614042243621668,41.51456351400985,-3.342103629208175,False,True,False,True,False,0.0,0.0,0.0,0.0,0.0,0,0.8741817762514179,0.8390651390784707,False,False,False,False,-0.34282825441539394,-0.24358663703929703,False,False,False,False,165666,196271.92264541046,False,False,False,False,3549.0655222232567,False,False,False,False
2024-02-14 00:00:00+00:00,59.8428184879,59.9086319417,59.5515939552,59.6095678652,1575,,,,,,,,,,,,,,,59.79009197038875,60.56875209697316,57.594817604027895,57.165907254328815,58.4022771486539,58.38521425501819,58.59576692083809,58.33056855854165,58.268832927177634,57.45002786443302,56.26193562030311,54.089918104861816,52.90973096587407,53.003938616468346,,,,,,,,,,,,,,,59.19147400039707,59.603046562067846,58.66954841204343,57.176083001759515,57.23687319841924,58.43203584170823,58.33527310748495,58.404975616399355,58.341832680198806,54.33842295209893,54.25009187021023,54.18522656255695,54.0495725114267,52.919099888879984,52.88708575711537,53.09285492804603,53.48869224088948,,,58.66954841204343,54.33842295209893,,,52.90973096587407,58.31026673205813,"rgba(38, 166, 154, 0.5)",2.335774034808486,58.31026673205813,0.6561215823976405,43.43943661977882,-3.342103629208175,False,True,False,True,False,2.040308291336906,0.0,0.0,0.0,0.0,0,0.8741900719382835,0.8304407330882949,False,False,False,False,-0.19283383559882178,-0.2182102363190594,False,False,False,False,167241,195133.4550906885,False,False,False,False,3471.6511880184235,False,False,False,False
2024-02-15 00:00:00+00:00,60.3030287415,60.4128791386,60.3030287415,60.3935222404,481,,,,,,,,,,,,,,,59.8110859555559,60.567822042844064,57.59783736866446,57.16830039567958,58.40300058157089,58.385892297957916,58.59623601529058,58.3310579435318,58.26932205355458,57.45059075219461,56.26257417965509,54.090679413018236,52.910450596273584,53.004609694070545,,,,,,,,,,,,,,,59.320720551018546,59.609483422497725,58.67214343117957,57.17910325605745,57.239076094558285,58.43273013365273,58.335912225927515,58.405460907233724,58.34232180659307,54.33917890778607,54.25085248802568,54.185988637496024,54.05033006900598,52.919822519407006,52.88778716503684,53.09349874003794,53.48926578010042,,,58.67214343117957,54.33917890778607,,,52.910450596273584,58.31903357076091,"rgba(38, 166, 154, 0.5)",2.216043122499836,58.31903357076091,0.8952872579938882,46.13947720320546,-3.342103629208175,False,True,False,True,True,3.503746708642584,0.0,0.0,0.0,0.0,0,0.8926816010930325,0.8176912955250631,False,False,False,False,-0.09310672426378208,-0.15565848029142074,False,False,False,False,167722,194058.49606752428,False,False,False,False,3354.370749272603,False,False,False,False
2024-02-16 00:00:00+00:00,60.1273648908,60.2967377496,60.1273648908,60.2918985251,773,,,,,,,,,,,,,,,59.83264576975034,60.56533311822848,57.60240142755884,57.17195018852072,58.40406860413506,58.386894146276596,58.596922021671396,58.33178294476454,58.27004850292415,57.451446126817466,56.26356076446441,54.09187200034406,52.911582549023684,53.00566499950211,,,,,,,,,,,,,,,59.452939697788636,59.617437487908155,58.67590881920743,57.183706241383554,57.24243216594602,58.43375376159331,58.3368586717069,58.40617750370204,58.343046078695274,54.34036184350613,54.252043182764346,54.18718194688345,54.05151698002581,52.92095915893091,52.88889053425002,53.0945109062415,53.490166334444915,,,58.67590881920743,54.34036184350613,,,52.911582549023684,58.328465702152165,"rgba(38, 166, 154, 0.5)",2.11175094365709,58.328465702152165,0.851851963912249,47.37689693319738,-7.942094674424212,False,True,False,False,True,2.895188497878788,0.0,0.0,0.0,0.0,0,0.889021385113138,0.8180878262616736,False,False,False,False,-0.11604712154903386,-0.1358528009202273,False,False,False,False,166949,192995.3785746802,False,False,False,False,3253.140523810933,False,False,False,False
2024-02-20 00:00:00+00:00,60.093490319,60.2385702707,60.093490319,60.2047924834,862,,,,,,,,,,,,,,,59.85138148657693,60.56229421488097,57.607389566639746,57.17595322497666,58.40523003288153,58.3879839628508,58.59766609825452,58.332572443700535,58.27084019041631,57.45238471194323,56.26464858247778,54.093192187860126,52.91283713171532,53.00683456366738,,,,,,,,,,,,,,,59.55345441370028,59.62541313712872,58.67996941625541,57.18875101301844,57.246112356595205,58.434866492749464,58.337888986294374,58.406957073696034,58.34383466840143,54.34167094195364,54.253361014439406,54.18850277903362,54.05283095003859,52.922218924441694,52.89011347027792,53.09563258783884,53.491163993929156,,,58.67996941625541,54.34167094195364,,,52.91283713171532,58.336279603671926,"rgba(38, 166, 154, 0.5)",1.9982038390594994,58.336279603671926,0.8793951252516574,48.08720698899958,-7.164552209218527,False,True,False,False,True,2.776549968050709,0.0,0.0,0.0,0.0,0,0.8873626648308446,0.8294827833084146,False,False,False,False,-0.12330721187818819,-0.12958000639920775,False,False,False,False,166087,191940.1480423398,False,False,False,False,3159.3703071908963,False,False,False,False
2024-02-21 00:00:00+00:00,60.5070504481,60.5070504481,60.3209338723,60.3209338723,1269,,,,,,,,,,,,,,,59.899998240407804,60.56106817320105,57.61557146245014,57.18242709277658,58.40723500471441,58.38986278108832,58.598974990747486,58.333927997002135,58.27219310919746,57.45392088476944,56.266374043192954,54.09523202178273,52.91476070489541,53.00862877679234,,,,,,,,,,,,,,,59.71109493983792,59.643361787379106,58.687137702360566,57.19690568934623,57.25207863646451,58.43679243515844,58.33965817444296,58.40830377209484,58.34518987024784,54.34369774055961,54.25539982387517,54.19054515022393,54.05486054731601,52.92415054063489,52.89198830786063,53.09735424890466,53.492699085793355,,,58.687137702360566,54.34369774055961,,,52.91476070489541,58.35010383934399,"rgba(38, 166, 154, 1.0)",1.8953768261231776,58.35010383934399,1.1380041050559089,49.987815946688826,-5.229755958189351,False,True,False,False,True,4.1213853194491215,0.0,0.0,0.0,0.0,0,0.8883002980811773,0.8058928110949739,False,False,False,False,-0.08432299204786689,-0.10695149922353732,False,False,False,False,167356,190976.06380538532,False,False,False,False,3085.2381382814497,False,False,False,False
2024-02-22 00:00:00+00:00,60.9209977151,60.9209977151,60.8386341135,60.8386341135,973,,,,,,,,,,,,,,,59.95870113252726,60.563711888175234,57.62280243542214,57.18805358817846,58.40910742614912,58.39161492878553,58.60022085914108,58.33518676200216,58.27344321573654,57.45527413647082,56.26783797298891,54.096905584529885,52.91632274131083,53.01008683682075,,,,,,,,,,,,,,,59.85226330043642,59.664007179371986,58.69398700758502,57.203990243767365,57.25727871307856,58.43859590663004,58.34130124901063,58.40956227440903,58.3464494843148,54.345365044169725,54.25707537778603,54.19222246370152,54.05652502809124,52.925719214618724,52.89351052993787,53.098754328053346,53.49395155821545,,,58.69398700758502,54.345365044169725,,,52.91632274131083,58.36366948520905,"rgba(38, 166, 154, 1.0)",1.8285188621246071,58.36366948520905,1.398579081059912,52.570123942316386,-2.693966566686967,False,False,True,False,True,5.44421647608586,0.0,0.0,0.0,0.0,0,0.8947514386796818,0.8111845167775305,False,False,False,False,-0.01168062261696684,-0.05931606092025208,False,False,False,False,168329,190087.94365615453,False,False,False,False,3002.4052701135497,False,False,False,False
2024-02-23 00:00:00+00:00,61.0678197876,61.2742611064,61.0081037568,61.2742611064,1529,,,,,,,,,,,,,,,60.05708549725787,60.57053677046712,57.63487214986778,57.19739130439963,58.41230792353775,58.3946085281958,58.60236618691116,58.337334665037716,58.27557239242297,57.45753642318353,56.27024746789624,54.09962010908318,52.918844775173554,53.01244182020013,,,,,,,,,,,,,,,60.05201191675254,59.70075237724839,58.70574814862232,57.21573854632077,57.2659200350593,58.44168175196676,58.34410436800763,58.41171480758746,58.348599584888134,54.34807262044881,54.2597951737966,54.194944273850034,54.05922433399549,52.92825203973713,52.89596812455944,53.10101640290943,53.495978210659224,,,58.70574814862232,54.34807262044881,,,52.918844775173554,58.384806542281545,"rgba(0, 255, 255, 0.75)",1.7774880997832,58.384806542281545,1.5094409046371127,54.74586449430917,-0.5856175771970769,False,False,True,False,True,5.9108962815513415,0.0,0.0,0.0,0.0,0,0.8959772731804894,0.8073631210276447,False,False,False,False,0.02897500664868642,-0.015170527135782829,False,False,False,False,169858,189294.61253238376,False,False,False,False,2944.6246712855673,False,False,False,False
2024-02-26 00:00:00+00:00,61.0894995135,61.477508537,60.974229185,61.4484731898,2316,,,,,,,,,,,,,,,60.18516235120149,60.58172821318485,57.65332783885796,57.211679505393754,58.417255201382325,58.39923626540033,58.60569091993986,58.34065621859848,58.27886357717392,57.46101737033888,56.273940508178306,54.103765125499386,52.92269163932301,53.01603435564407,,,,,,,,,,,,,,,60.26988399233462,59.75535116064836,58.7238119037986,57.23368845233593,57.27915098261634,58.446453364830575,58.34843680553083,58.41504537959153,58.35192480697537,54.352208255054165,54.263949009819385,54.199100863362936,54.063345944954015,52.932115381802696,52.89971670087081,53.10446757605324,53.49907159715807,,,58.7238119037986,54.352208255054165,,,52.92269163932301,58.41161524091562,"rgba(0, 255, 255, 0.75)",1.7116495598296184,58.41161524091562,1.5645049871370524,56.26738197061234,0.910403804106771,False,False,True,False,True,5.980670159349664,0.0,0.0,0.0,0.0,0,0.8827087337733257,0.8151464148847724,False,False,False,False,0.042162063348253925,0.013495768106235548,False,False,False,False,172174,188623.21596248634,False,False,False,False,2919.9727233920157,False,False,False,False
2024-02-27 00:00:00+00:00,60.838730898,61.0902737895,60.838730898,60.8677662452,1558,,,,,,,,,,,,,,,60.23769284382785,60.58588453394796,57.66473576915484,57.22061309915925,58.42026373358165,58.40205294959357,58.607699195640976,58.34268382383073,58.280877035675005,57.46319330917841,56.2762913473095,54.10644930226721,52.92519671653216,53.01837305295318,,,,,,,,,,,,,,,60.3449152095814,59.78362316660444,58.734556062803506,57.24488949917968,57.287416464383064,58.44935210076163,58.351079179175564,58.41707291095681,58.353953823880545,54.35488258286571,54.26663647563462,54.20179110121503,54.0660155677772,52.93463108615099,52.90215804505097,53.106713493569906,53.501081350291265,,,58.734556062803506,54.35488258286571,,,52.92519671653216,58.423442302911326,"rgba(38, 166, 154, 1.0)",1.633220268698906,58.423442302911326,1.4788504902726924,56.052806251960426,0.910403804106771,False,False,True,False,True,5.026750490360687,0.0,0.0,0.0,0.0,0,0.8660577977191942,0.8421794190457155,False,False,False,False,0.0014901070975821206,0.007492937601908834,False,False,False,False,170616,187917.05063062414,False,False,False,False,2866.5620283570347,False,False,False,False
2024-02-28 00:00:00+00:00,60.7463017093,60.7463017093,60.7463017093,60.7463017093,728,,,,,,,,,,,,,,,60.25407707561084,60.58679338483558,57.66975210359001,57.22457466320712,58.421568185231024,58.40327503948807,58.60856503335935,58.343565502333476,58.28175409545288,57.464157351899104,56.27734735486652,54.107670384139276,52.92634092661468,53.01944101132125,,,,,,,,,,,,,,,60.365376617871796,59.794396713192235,58.73913895673455,57.24985032888627,57.291079136050925,58.450607881890896,58.35222750018109,58.41795260757266,58.354835827163484,54.35609793864075,54.267858254745036,54.203014467828446,54.06723022683984,52.93578011679425,52.903273231325734,53.10773883275895,53.50199776950306,,,58.73913895673455,54.35609793864075,,,52.92634092661468,58.42754476797089,"rgba(38, 166, 154, 1.0)",1.5542098821398678,58.42754476797089,1.4919200861962054,55.45395882467245,0.910403804106771,False,False,True,False,True,4.673765965564179,0.0,0.0,0.0,0.0,0,0.8376565750138163,0.8637819332178224,False,False,False,False,-0.032455239067005495,-0.012481150732548331,False,False,False,False,169888,187210.02903726633,False,False,False,False,2782.696850774406,False,False,False,False
2024-02-29 00:00:00+00:00,60.5755738676,60.5755738676,60.5755738676,60.5755738676,736,,,,,,,,,,,,,,,60.26421727869222,60.58672948762216,57.67452647582785,57.22837699858798,58.42278874290123,58.40441933087616,58.609369821278726,58.34439292240584,58.282578778403774,57.46508074523904,56.27837369311955,54.108872691721224,52.92747212231637,53.020496555869165,,,,,,,,,,,,,,,60.37567862065531,59.803136226859735,58.743358735053334,57.254607207046924,57.294591602246754,58.45178175437769,58.35330461141183,58.41877613226237,58.355663250549924,54.35729336512961,54.26906045242455,54.20421855438701,54.068426406499135,52.93691604577265,52.90437581487127,53.108751996951405,53.50290219442099,,,58.743358735053334,54.35729336512961,,,52.92747212231637,58.430587620770915,"rgba(38, 166, 154, 1.0)",1.4692683259695831,58.430587620770915,1.459900964933406,54.19436417522979,0.910403804106771,False,False,True,False,True,4.016850731665993,0.0,0.0,0.0,0.0,0,0.8406623708881259,0.8575561018980358,False,False,False,False,-0.05906355178108735,-0.03577235125681784,False,False,False,False,169152,186501.8710358049,False,False,False,False,2702.4342291754097,False,False,False,False
2024-03-01 00:00:00+00:00,60.8774446943,61.1484412684,60.5483774256,60.7708849699,2088,,,,,,,,,,,,,,,60.31299207475671,60.59104410952363,57.68929692024873,57.240023755889766,58.42669732150709,58.40808064586363,58.61197692918803,58.34703374347138,58.285203001446924,57.4679350512437,56.28147395347716,54.11243006171229,52.930797931117425,53.02360140278479,,,,,,,,,,,,,,,60.43456610141114,59.835589101652715,58.757054920390694,57.26917024712191,57.30537006851056,58.45554699203355,58.35674240480956,58.42141459750685,58.358305569963385,54.36083620438232,54.27262121495192,54.20778337780099,54.07196475289664,52.94025590760861,52.907617205783865,53.11173349928209,53.50556919003372,,,58.757054920390694,54.36083620438232,,,52.930797931117425,58.442775875500864,"rgba(0, 255, 255, 0.75)",1.3975962200996828,58.442775875500864,1.742040214322766,54.718840380348425,0.910403804106771,False,False,True,False,True,5.0573146128575885,0.0,0.0,0.0,0.0,0,0.847174716103485,0.8208987163543436,False,False,False,False,-0.016565868426917638,-0.026169109841867738,False,False,False,False,171240,185903.36628930276,False,False,False,False,2678.3387692077467,False,False,False,False
2024-03-04 00:00:00+00:00,60.7943068167,61.0165240075,60.7943068167,61.0165240075,382,,,,,,,,,,,,,,,60.32121365534384,60.591848516516464,57.6919930854721,57.24215248708888,58.42741406044488,58.40875211081796,58.61245542848892,58.347518259530595,58.28568444305569,57.46845831114037,56.282041966973544,54.1130814697778,52.93140687617439,53.02416991476906,,,,,,,,,,,,,,,60.444042661648396,59.84136910696758,58.759553645137096,57.27182943365055,57.30734063101654,58.456237513552374,58.357372912379674,58.421898723845224,58.35879036679015,54.36148497568489,54.273273258117,54.20843615825794,54.07261267612605,52.94086742503321,52.908210700258586,53.112279441812554,53.506057590780436,,,58.759553645137096,54.36148497568489,,,52.93140687617439,58.44489836599305,"rgba(0, 255, 255, 0.75)",1.29458288574732,58.44489836599305,1.8147995594354833,54.60348197924887,0.910403804106771,False,False,True,False,True,4.728887379247034,0.0,0.0,0.0,0.0,0,0.8479002591925556,0.8256995867730345,False,False,False,False,-0.0076990810115637656,-0.016934095426715753,False,False,False,False,170858,185313.35192501638,False,False,False,False,2588.286268454502,False,False,False,False
2024-03-05 00:00:00+00:00,60.4999851803,60.7032326109,60.4999851803,60.5774127729,560,,,,,,,,,,,,,,,60.32644982353477,60.59174641653383,57.69556400108381,57.24501027462235,58.428334697595375,58.40961555753397,58.61306309200489,58.348143537889186,58.28630777695153,57.46915729760163,56.28281983461993,54.113993696795504,52.93226559362957,53.02497124976001,,,,,,,,,,,,,,,60.447880824823635,59.84727992146756,58.76268532336578,57.275395348326455,57.309981920584406,58.45712300224693,58.35818604545222,58.42252091837358,58.35941562545485,54.3623918873769,54.274185335980114,54.209349693954486,54.07352027711016,52.941729728569165,52.90904773021549,53.11304862002668,53.50674422112302,,,58.76268532336578,54.3623918873769,,,52.93226559362957,58.44683406200333,"rgba(0, 255, 255, 0.75)",1.2557760303340808,58.44683406200333,1.6349660040496692,52.9177636310162,0.910403804106771,False,False,True,False,False,3.5645946156111137,0.0,0.0,0.0,0.0,0,0.8578130025783083,0.830740262866034,False,False,False,False,-0.05500146712125486,-0.035967781273985304,False,False,False,False,170298,184724.5145946236,False,False,False,False,2508.7456304758944,False,False,False,False
2024-03-06 00:00:00+00:00,61.0129429813,61.34201025,61.0129429813,61.0670455117,872,,,,,,,,,,,,,,,60.351939815812685,60.595223607113084,57.702177663838846,57.25019201273505,58.43013810118609,58.41130404172729,58.614276961303474,58.34935972147173,58.28751363246986,57.47043989569071,56.28418730825267,54.11553574015975,52.93369950233366,53.02631047526788,,,,,,,,,,,,,,,60.478980940397896,59.86323806513838,58.769032729695134,57.2818659192228,57.31478537733483,58.45886247530482,58.35976870026231,58.42373946963093,58.36063300781933,54.363929785458566,54.27573022015292,54.21089577391896,54.075053749770724,52.9431697442259,52.91044514883456,53.11433515457532,53.5078971390884,,,58.769032729695134,54.363929785458566,,,52.93369950233366,58.4528829723204,"rgba(0, 255, 0, 1.0)",1.23131111308669,58.4528829723204,2.0791333577441344,54.23973448927818,0.910403804106771,False,False,True,False,False,5.372844806793076,0.0,0.0,0.0,0.0,0,0.858696471992393,0.8368883988187226,False,False,False,False,0.03462510171268946,-0.0006713397806479213,False,False,False,False,171170,184192.96500267755,False,False,False,False,2444.559527319977,False,False,False,False
2024-03-07 00:00:00+00:00,62.0735074312,62.0735074312,61.9227171946,61.9227171946,1009,,,,,,,,,,,,,,,60.41164193083839,60.605964924927605,57.71180522356423,57.257561034557966,58.43291881229451,58.41390328618252,58.61618385847028,58.35122222084052,58.289350492234895,57.47228857568044,56.2860630095613,54.11754843393485,52.935540473552365,53.0280318690207,,,,,,,,,,,,,,,60.55717049511035,59.89406561340631,58.7791290939297,57.29107526110576,57.32163943432379,58.46155195699355,58.36219396099659,58.425618149744416,58.362499199456394,54.36594543810079,54.27775197054185,54.212916891414544,54.077053958273865,52.94501876436522,52.91223878677455,53.115990657718655,53.50938848649881,,,58.7791290939297,54.36594543810079,,,52.935540473552365,58.465192326710984,"rgba(0, 255, 0, 1.0)",1.203823805622583,58.465192326710984,2.997378094398872,58.69311737920936,4.36154030438999,True,False,True,False,True,8.902709157526672,0.0,0.0,0.0,0.0,0,0.8614470995921113,0.8259616284939455,False,False,False,False,0.16368048798695978,0.08150457410315592,False,False,False,False,172179,183721.82912021963,False,False,False,False,2388.263075268213,False,False,False,False
2024-03-08 00:00:00+00:00,62.1549999724,62.6292439772,62.1549999724,62.609887079,2826,,,,,,,,,,,,,,,60.584577940042,60.64118684300161,57.74034055083361,57.27932743647343,58.44131102389797,58.42174635828202,58.62196672258855,58.35683960941602,58.294884155261684,57.47778761245409,56.2915750107333,54.123386590912894,52.94085700690838,53.033004866679654,,,,,,,,,,,,,,,60.775251006464046,59.98704393818513,58.80957321070461,57.31824753833633,57.34190734137286,58.46967430837242,58.36950596296176,58.43129258958613,58.368128937632676,54.37179869314431,54.28362054404459,54.2187819212032,54.08285491715461,52.95035869220911,52.917418329481336,53.12077487591051,53.513704764155655,,,58.80957321070461,54.37179869314431,,,52.94085700690838,58.50110840483002,"rgba(0, 255, 0, 1.0)",1.1928898048744072,58.50110840483002,3.0630587608674187,61.88425220653677,7.289023201707835,True,False,True,False,True,9.16440381539698,0.0,0.0,0.0,0.0,0,0.8641942867399961,0.8251654438195267,False,False,False,False,0.22734715237460768,0.1544258632388818,False,False,False,False,175005,183379.9926841326,False,False,False,False,2405.4292291792635,False,False,False,False
2024-03-11 00:00:00+00:00,62.3001767086,62.4550318938,61.9517525418,62.2808198104,25023,,,,,,,,,,,,,,,61.32109401295584,60.88748508323164,57.97434023317968,57.46133902804325,58.512611381018225,58.48848594302802,58.671335152447895,58.4049327544311,58.34229475565567,57.52516847923383,56.33932308249864,54.17423498833095,52.9872841514089,53.076441820293816,,,,,,,,,,,,,,,61.54013069688041,60.55800969501756,59.052391990397616,57.54306424708993,57.51175164664241,58.53870764975316,58.43184040338293,58.479835795856665,58.41632169082153,54.422751302308974,54.334715116800005,54.26985276769791,54.13338567732283,52.996988332270284,52.96265722097234,53.162565883721875,53.55140499116791,,,59.052391990397616,54.422751302308974,,,52.9872841514089,58.700023186078305,"rgba(0, 255, 0, 1.0)",1.1817853927649538,58.700023186078305,3.046368270044891,64.42163917368222,9.559514886996439,True,False,True,False,True,9.634850647001869,0.0,0.0,0.0,0.0,0,0.8496576934238849,0.8388660373615704,False,False,False,False,0.19665529695678283,0.1755405800978323,False,False,False,False,200028,184032.8557161274,False,False,False,False,3292.392788819292,False,False,False,False
2024-03-12 00:00:00+00:00,62.9052733449,62.9052733449,62.9052733449,62.9052733449,179,,,,,,,,,,,,,,,61.326133073630714,60.88971226379313,57.97617565713734,57.46276875010317,58.51320176996346,58.48903875717772,58.67174888006455,58.40533187557177,58.34268741788414,57.525551713421464,56.33970035710571,54.1746264552841,52.98763851887733,53.076773674549116,,,,,,,,,,,,,,,61.545226212227725,60.56226551611159,59.05434436825105,57.54481735194816,57.513090360654346,58.53928015261667,58.432356289828846,58.480239698741556,58.416721790779555,54.42314444431831,54.33510902896473,54.2702462683684,54.13377457609228,52.997344260881846,52.96300250582174,53.16288541326483,53.551694206894666,,,59.05434436825105,54.42314444431831,,,52.98763851887733,58.70151961285063,"rgba(0, 255, 0, 1.0)",1.1812613019542089,58.70151961285063,3.5586992692429096,67.6473780212957,12.46615722620502,True,False,True,False,True,11.562799115166623,0.0,0.0,0.0,0.0,0,0.8739104557520184,0.8490045747417556,False,False,False,False,0.31316470261757906,0.24435264135770568,False,False,False,False,200207,184667.13588412243,False,False,False,False,3170.2989539636337,False,False,False,False
2024-03-13 00:00:00+00:00,62.9270498553,63.1905940237,62.9270498553,63.1905940237,217,,,,,,,,,,,,,,63.01489791143332,61.33262015953473,60.89255216135661,57.97844833811929,57.46453587300999,58.51393513897875,58.48972537409697,58.67226331444844,58.40582741635482,58.343174783061365,57.52602569703439,56.34016530101439,54.17510693815319,52.98807282940512,53.07718043512047,,,,,,,,,,,,,,,61.55184649244128,60.567644585169376,59.05677586739486,57.54698451944233,57.51474535615401,58.539991412530725,58.4329968583538,58.48074137546473,58.41721857633379,54.423627156840425,54.33559262413007,54.27072931294248,54.13425187975875,52.99778048922271,52.963425674223174,53.16327710620675,53.55204890532359,,,59.05677586739486,54.423627156840425,,,52.98807282940512,59.03714756053567,"rgba(0, 255, 0, 1.0)",1.1802442187772273,59.03714756053567,3.295845243617796,69.84913371042607,14.406761276934773,True,False,True,False,True,11.631436463770093,0.0,0.0,0.0,0.0,0,0.8713245674541029,0.8491835151661273,False,False,False,False,0.3428282368885744,0.29359043912314003,False,False,False,False,200424,185285.05212396078,False,False,False,False,3054.483308710158,False,False,False,False
2024-03-14 00:00:00+00:00,62.7285448647,62.7285448647,62.7285448647,62.7285448647,90,,,,,,,,,,,,,,62.93095076418251,61.33484057316235,60.89356915653935,57.97933676570174,57.46523065614618,58.51421988468095,58.48999206846173,58.67246257200006,58.406020142051055,58.34336449835015,57.52621200165135,56.34034984393117,54.17529974657549,52.98824780322981,53.07734426704958,,,,,,,,,,,,,,,61.554040779027346,60.56960838536888,59.05771055350735,57.547835796120815,57.51539574688826,58.54026746622175,58.43324587899793,58.48093627313976,58.417411754289084,54.423820671890894,54.335786560954645,54.270923078120006,54.13444344209256,52.997956230625576,52.96359617172159,53.163434828665174,53.55219155604689,,,59.05771055350735,54.423820671890894,,,52.98824780322981,59.033632585824435,"rgba(0, 255, 0, 1.0)",1.1749373159088512,59.033632585824435,3.1447739627006666,69.92619236845132,14.447220087721135,True,False,True,False,True,10.768258890909102,0.0,0.0,0.0,0.0,0,0.8966033598484594,0.8453814965301029,False,False,False,False,0.2859650356168748,0.28977773737000745,False,False,False,False,200334,185875.20694262898,False,False,False,False,2938.22906130976,False,False,False,False
2024-03-15 00:00:00+00:00,62.5421379355,62.5421379355,62.5421379355,62.5421379355,48,,,,,,,,,,,,,,62.87837888875502,61.33586390526061,60.89405604049262,57.97979186540387,57.465588011288276,58.51436501679394,58.49012803691028,58.67256395113473,58.406118489720775,58.34346137234975,57.526307798556125,56.34044539061725,54.175400333185046,52.988339334163186,53.07742995421522,,,,,,,,,,,,,,,61.55502251535056,60.570563981481214,59.05818355403715,57.548273364231505,57.51573015473976,58.54040812796208,58.43337291499712,58.48103564991435,58.41751032097297,54.42392155971709,54.33588769305171,54.27102413834127,54.13454338925119,52.99804816128515,52.963685365496296,53.16351730590205,53.55226608917164,,,59.05818355403715,54.42392155971709,,,52.988339334163186,59.03133619801764,"rgba(0, 255, 0, 1.0)",1.1607986564839572,59.03133619801764,3.0244708829320404,68.69605483448372,14.447220087721135,True,False,True,False,True,9.957131588726067,0.0,0.0,0.0,0.0,0,0.9072796964096039,0.8157519736428644,False,False,False,False,0.2546700244957409,0.2722238809328742,False,False,False,False,200286,186440.33608213373,False,False,False,False,2824.8867451799656,False,False,False,False
2024-03-18 00:00:00+00:00,61.8162542547,62.1453215234,61.8162542547,62.1453215234,921,,,,,,,,,,,,,,62.190923452647056,61.34530722695174,60.89987057490914,57.98732952984315,57.471603937523646,58.51672199997628,58.492338695890005,58.67419854135067,58.40772362827506,58.34504661219267,57.527919469356355,56.34209602403558,54.17718776364553,52.98998199280554,53.07896675614584,,,,,,,,,,,,,,,61.56196145919667,60.58304677575658,59.06563364646296,57.55562024159194,57.521352452250646,58.54268986655822,58.43544357160446,58.48265232395409,58.419118252388714,54.42570996488017,54.337682011723324,54.272818327147874,54.1363201476324,52.99969787617977,52.96528637308902,53.164995599845625,53.553597946660936,,,59.06563364646296,54.42570996488017,,,52.98998199280554,59.001325112934,"rgba(0, 255, 0, 1.0)",1.126698637093089,59.001325112934,2.498386923613034,63.674953205280566,19.37971419278263,True,False,True,False,False,6.880183712851565,0.0,0.0,0.0,0.0,0,0.8962230969558495,0.8272929325982744,False,False,False,False,0.16306101912193896,0.21764245002740656,False,False,False,False,199365,186947.18564754026,False,False,False,False,2750.2245198787905,False,False,False,False
2024-03-19 00:00:00+00:00,61.6807559677,61.7364070498,61.6263630838,61.6639154663,1366,,,,,,,,,,,,,,61.92736709955952,61.353094515285,60.90634617056077,57.99776481316192,57.48000809317696,58.51996126228038,58.495378888083735,58.67643763275997,58.409936187176086,58.34723467560704,57.530174765103325,56.3444351621595,54.17975361608373,52.99235051972924,53.08118207766687,,,,,,,,,,,,,,,61.56517989071958,60.59784477567544,59.07567290057914,57.56586386385621,57.52920299645506,58.545823988150076,58.43829514718369,58.48487708435396,58.421334110009305,54.428274392296075,54.34025593823273,54.27539280735583,54.13887113313176,53.00207649865142,52.967595052650964,53.16712601216592,53.55551481058718,,,59.07567290057914,54.428274392296075,,,52.99235051972924,58.993389942986866,"rgba(0, 255, 0, 1.0)",1.1107635352611311,58.993389942986866,2.419386250451009,59.655340780125584,15.710252747494735,True,False,True,False,False,6.319195074129219,0.0,0.0,0.0,0.0,0,0.9025797099266889,0.8472324471006771,False,False,False,False,0.11537912051029499,0.16651078526885077,False,False,False,False,197999,187380.59013195045,False,False,False,False,2695.94120537374,False,False,False,False
2024-03-20 00:00:00+00:00,62.4018004239,62.4018004239,62.0678939307,62.0678939307,331,,,,,,,,,,,,,,61.967796434890936,61.358331584492475,60.90912044235653,58.00070137737687,57.4823341096419,58.520896280789806,58.496255426955905,58.677089615526135,58.4105716493496,58.34786126233038,57.53080104926772,56.34506633775343,54.18042557328045,52.99296448523513,53.08175672894109,,,,,,,,,,,,,,,61.56989391180906,60.60335385937485,59.07866014485384,57.568704760575166,57.53137934661251,58.54672989173801,58.43911505737225,58.48551838757304,58.421970866325566,54.42894769543974,54.340931109905846,54.276067673464894,54.13953892803525,53.00269312526274,52.9681933988872,53.167679012265154,53.556013976282706,,,59.07866014485384,54.42894769543974,,,52.99296448523513,58.997354272960614,"rgba(0, 255, 0, 1.0)",1.1146493139449285,58.997354272960614,3.0542755540668542,59.884992039244956,15.710252747494735,True,False,True,False,False,8.782675130505762,0.0,0.0,0.0,0.0,0,0.8991845526647795,0.8514924224791882,False,False,False,False,0.20409790642483064,0.1853043458468407,False,False,False,False,198330,187809.9787542269,False,False,False,False,2603.1984130061423,False,False,False,False
2024-03-21 00:00:00+00:00,61.7388266621,61.8694857247,61.6227820577,61.6227820577,272,,,,,,,,,,,,,,61.94901223335349,61.3600926978398,60.91049277112751,58.00280429313725,57.48402665560424,58.52155288403935,58.49687166106102,58.67754415913431,58.41102011515889,58.3483046222267,57.53125646683128,56.34553721469297,54.180940448485494,52.993439283738226,53.082200859722874,,,,,,,,,,,,,,,61.57081722878117,60.60639564229893,59.080693560574666,57.570766669135345,57.532960968630306,58.54736531167856,58.43969293880256,58.48596950923446,58.42242002755438,54.429462420247106,54.34144769102977,54.276584330157846,54.140050800385595,53.00316995016077,52.968656196915404,53.168106156780645,53.55639844786365,,,59.080693560574666,54.429462420247106,,,52.993439283738226,58.99750302081022,"rgba(0, 255, 0, 1.0)",1.1121446040710943,58.99750302081022,2.4648985673759936,56.934382937297656,13.223830344932978,True,False,True,False,False,6.054944927619822,0.0,0.0,0.0,0.0,0,0.8861646840127195,0.8516983494577827,False,False,False,False,0.1256393462159518,0.15547184603139624,False,False,False,False,198058,188211.86194033566,False,False,False,False,2511.778867398058,False,False,False,False
2024-03-22 00:00:00+00:00,61.8038658399,61.8038658399,61.6130068241,61.6130068241,468,,,,,,,,,,,,,,61.92269860054955,61.36305853750538,60.912833711722875,58.00641368638785,57.48693332816397,58.522680792228854,58.49793027231166,58.67832504608063,58.411790658811476,58.349066415871114,57.53203918058675,56.346346689823214,54.181825768369286,52.994255773644625,53.08296461482233,,,,,,,,,,,,,,,61.57235185773739,60.61157572064812,59.08418045289015,57.57430667121338,57.53567728212268,58.548456836669004,58.440685723559305,58.48674458937669,58.423191761905386,54.43034746227243,54.34233593129561,54.27747270540235,54.140930960891,53.00398992375646,52.96945205431736,53.16884070123077,53.55705960176224,,,59.08418045289015,54.43034746227243,,,52.994255773644625,58.99804705631711,"rgba(0, 255, 0, 1.0)",1.0989064758176803,58.99804705631711,2.5532825998637576,55.2346394581932,11.588545722033253,True,False,True,False,False,6.278914914000314,0.0,0.0,0.0,0.0,0,0.885500533281839,0.8624212110940159,False,False,False,False,0.11966265363874454,0.1375672498350704,False,False,False,False,198526,188616.33794267545,False,False,False,False,2431.6306765197032,False,False,False,False
2024-03-25 00:00:00+00:00,61.4968654352,61.6517206204,61.4968654352,61.6517206204,666,,,,,,,,,,,,,,61.865784456450804,61.36509459911782,60.91537554888259,58.011274946257785,57.490876724792614,58.52418894961915,58.499346538092745,58.67936606870903,58.41282344722676,58.35008864790035,57.5331018063708,56.347457277724835,54.183053334281844,52.995391968437886,53.084027195047284,,,,,,,,,,,,,,,61.57204812015651,60.617627617268134,59.088769716022924,57.57910260150307,57.53936073997468,58.549915628348955,58.44201545418751,58.48778197814467,58.42422592601247,54.43157354513681,54.34356684219091,54.27870409114973,54.14215154774861,53.00513093642224,52.970559614970114,53.16986241623068,53.55797824664225,,,59.088769716022924,54.43157354513681,,,52.995391968437886,58.99740847575197,"rgba(0, 255, 0, 1.0)",1.0798172475836052,58.99740847575197,2.3147036825363463,52.747286679282155,9.176738039733628,False,False,False,False,False,5.026755166705961,0.0,0.0,0.0,0.0,0,0.8912052445014048,0.8559194129983227,False,False,False,False,0.0984609993562821,0.11801412459567626,False,False,False,False,197860,188978.83449394308,False,False,False,False,2362.390257832656,False,False,False,False
2024-03-26 00:00:00+00:00,61.216190412,61.5065438843,61.216190412,61.5065438843,1867,,,,,,,,,,,,,,61.70054343231884,61.3635381776033,60.91978316802853,58.023929058905594,57.5012512945189,58.52808016155895,58.50300364851723,58.682041133161626,58.41549786599224,58.3527400453677,57.53590313389917,56.350427205745255,54.1863824303067,52.99848780142169,53.086921669587234,,,,,,,,,,,,,,,61.56312428530047,60.62999485216911,59.1003210556531,57.591691521428345,57.549046171202384,58.553676918248776,58.445454891675084,58.49046286960922,58.426903096765045,54.434894713119746,54.34690250019555,54.28204206055599,54.14546234419975,53.00823978804337,52.97357771750198,53.17264479564531,53.56047649291121,,,59.1003210556531,54.434894713119746,,,52.99848780142169,58.99384933909617,"rgba(0, 255, 0, 1.0)",1.057626083604111,58.99384933909617,2.101254032361492,49.92561479342888,6.4640714792246285,False,False,False,False,False,3.892897626667761,0.0,0.0,0.0,0.0,0,0.8673298441429119,0.8654157953173248,False,False,False,False,0.06498027275177942,0.09149719867372784,False,False,False,False,195993,189253.8998079061,False,False,False,False,2342.963188898042,False,False,False,False
2024-03-27 00:00:00+00:00,61.5162223333,61.593649926,61.28403634,61.3828533051,2415,,,,,,,,,,,,,,61.63476396498094,61.36729811790552,60.92748558954,58.04090238292123,57.515118378645326,58.53337067328338,58.50797467146281,58.68569233273101,58.41913066142473,58.35633799726092,57.53966580166227,56.35438084295417,54.19077561396786,53.002561885948325,53.090731680793894,,,,,,,,,,,,,,,61.55892327276777,60.648764897467416,59.1160981824489,57.60850870295509,57.562002800776874,58.55879363650613,58.45012632216062,58.494109044249015,58.43054030685235,54.43928057634571,54.35130633875215,54.286448125739824,54.14983091163468,53.01233107222867,52.977549391976325,53.17630803817381,53.56376880671177,,,59.1160981824489,54.43928057634571,,,53.002561885948325,58.99778038690012,"rgba(0, 255, 0, 1.0)",1.0311145265614077,58.99778038690012,2.4424463835248833,49.51383298551917,5.980679167746601,False,False,False,False,False,4.9751120731481855,0.0,0.0,0.0,0.0,0,0.8632368549738705,0.8479601206735677,False,False,False,False,0.07714194065918628,0.08431956966645707,False,False,False,False,198408,189612.8841291647,False,False,False,False,2345.7881618824326,False,False,False,False
2024-03-28 00:00:00+00:00,61.6613990695,61.980787889,61.6323637223,61.6323637223,4171,,,,,,,,,,,,,,61.67488110431516,61.390890616097984,60.94728434290937,58.0723062494508,57.540604583977846,58.543373844795525,58.51736956263593,58.69263963442409,58.425987397442796,58.363117557638105,57.54663220324845,56.36158629790338,54.198656405726844,53.00983287343375,53.09753426932474,,,,,,,,,,,,,,,61.57259562025671,60.690244533553894,59.14620159843596,57.63939772677616,57.58584779022899,58.568477065023245,58.45894285345393,58.50100565517812,58.43740753400084,54.44715859584,54.359212834066064,54.29435589973816,54.15766598744564,53.01963298722048,52.98463716897855,53.18285109738646,53.56965960557436,,,59.14620159843596,54.44715859584,,,53.00983287343375,59.015760373692196,"rgba(0, 255, 0, 1.0)",1.0123017616951757,59.015760373692196,2.6134881869389246,49.93040365802138,5.980679167746601,False,False,False,False,False,5.4973939122413995,0.0,0.0,0.0,0.0,0,0.8777502544023874,0.8271013828659244,False,False,False,False,0.1352408538734811,0.10978021176996908,False,False,False,False,202579,190121.35926135434,False,False,False,False,2417.3650967105727,False,False,False,False
2024-04-01 00:00:00+00:00,61.5452576806,61.5452576806,61.4195346271,61.4195346271,344,,,,,,,,,,,,,,61.67040275722758,61.39144765032002,60.94837524600265,58.07469515912854,57.54256670056301,58.5441309017753,58.5180812383875,58.693163691842294,58.42650849316502,58.36363361218769,57.54717102213207,56.36215168322711,54.19928374960083,53.01041455122859,53.09807833680783,,,,,,,,,,,,,,,61.57220596353503,60.692744116037815,59.1484145208987,57.641768410302014,57.58768292075169,58.569209486614305,58.45961189066295,58.50152874797701,58.43792927263143,54.44778495165457,54.359841729840184,54.294985098383684,54.1582898173363,53.020217116730414,52.985204253092164,53.183374262711936,53.57012995866874,,,59.1484145208987,54.44778495165457,,,53.01041455122859,59.016563590107125,"rgba(0, 255, 0, 1.0)",0.9963140845289424,59.016563590107125,2.5380491250291257,49.62709065987037,5.61516179271846,False,False,False,False,False,5.0102446917404215,0.0,0.0,0.0,0.0,0,0.8696100388943673,0.8476054948546469,False,False,False,False,0.08398838930387927,0.09688430053692418,False,False,False,False,202235,190596.40399620318,False,False,False,False,2336.0566615454522,False,False,False,False
2024-04-02 00:00:00+00:00,60.4225575876,60.765368254,60.4225575876,60.765368254,1101,,,,,,,,,,,,,,61.58298481107705,61.378110682105735,60.945807272847205,58.080169692060494,57.54730431250288,58.545760779833536,58.51962001198434,58.694263240291946,58.4276515835735,58.36477605077131,57.54847349503417,56.36362037704141,54.20102529245922,53.01206391584132,53.099619014363945,,,,,,,,,,,,,,,61.553888489729566,60.6912250072244,59.152573856095884,57.64744223880657,57.59209793437303,58.570779830703486,58.46107189014388,58.50266306184361,58.43907181638585,54.44951439086081,54.36158158080347,54.296728243344965,54.16002308618628,53.0218731849113,52.98681286096877,53.1848537881096,53.5714516261672,,,59.152573856095884,54.44951439086081,,,53.01206391584132,59.012286802869426,"rgba(38, 166, 154, 1.0)",0.9905985551040667,59.012286802869426,1.4236552006502934,45.054489663149916,1.0599664451261788,False,True,False,True,False,0.5031573692874538,0.0,0.0,0.0,0.0,0,0.8723429409117545,0.8514490183417809,False,False,False,False,-0.05502081998852635,0.020931740274198914,False,False,False,False,201134,191009.6430551756,False,False,False,False,2287.623066975042,False,False,False,False
2024-04-03 00:00:00+00:00,61.0322998795,61.0322998795,60.2773808515,60.2773808515,1382,,,,,,,,,,,,,,61.512174886581775,61.3666322707864,60.944523837825905,58.08768572348299,57.55371319593725,58.548052950348286,58.52178126993037,58.69582396116749,58.429250336920475,58.36636915677111,57.55024004976642,56.36557008145328,54.20329403868008,53.0142002660238,53.10161537845846,,,,,,,,,,,,,,,61.537090541265066,60.69230556360201,59.158673061936206,57.655131117247535,57.59807841703038,58.572991440997214,58.46311654358488,58.50425554628636,58.440670696973584,54.45177073066372,54.36385027168181,54.29900034440823,54.16228053123213,53.02401830011773,52.98889623079973,53.186771644195744,53.573167953595856,,,59.158673061936206,54.45177073066372,,,53.0142002660238,59.00992802842209,"rgba(0, 255, 0, 1.0)",0.9888758253103016,59.00992802842209,2.0451221471040704,44.949394734294394,0.8088978838482745,False,True,False,True,False,2.758404743969031,0.0,0.0,0.0,0.0,0,0.8512033820605831,0.8457634889763769,False,False,False,False,-0.04548878551142001,-0.012278522618610547,False,False,False,False,202516,191460.87273928637,False,False,False,False,2252.1084368975894,False,False,False,False
2024-04-04 00:00:00+00:00,60.470949833,61.0032645323,60.470949833,61.0032645323,603,,,,,,,,,,,,,,61.4801454035692,61.360661425200405,60.9435230707573,58.09079162170446,57.5563872964401,58.54899244106934,58.52266784128375,58.69646105168522,58.429908029198266,58.36702556215814,57.55097869948029,56.36639477521784,54.20426355989028,53.01511616988614,53.10247111671201,,,,,,,,,,,,,,,61.528745722171905,60.69207525912682,59.16110414058584,57.658332671681556,57.60057266289765,58.57389730001715,58.46395669288544,58.504909354642955,58.44132824707251,54.452734157207985,54.36481925940345,54.29997099721746,54.163245351036174,53.02493793963243,52.989789480855805,53.18759357730206,53.573902833997955,,,59.16110414058584,54.452734157207985,,,53.01511616988614,59.00862322468142,"rgba(38, 166, 154, 1.0)",0.9885835636442184,59.00862322468142,1.4792139603535366,43.05339322172679,-1.1932380571196148,False,True,False,True,False,0.6081674033992464,0.0,0.0,0.0,0.0,0,0.8641677563861577,0.8416164874709255,False,False,False,False,-0.03262044741212541,-0.022449485015367976,False,False,False,False,201913,191870.76008284377,False,False,False,False,2187.437517803566,False,False,False,False
2024-04-05 00:00:00+00:00,60.7518184252,60.7518184252,60.3838437913,60.4322360367,698,,,,,,,,,,,,,,61.44512254611701,61.35368941977278,60.94229812770398,58.094350487381575,57.55945771156027,58.55006894486831,58.52368389102447,58.69719073465753,58.430662257217534,58.367778509981974,57.55182797551341,56.36734471450233,54.20538211322759,53.01617342607891,53.10345890703031,,,,,,,,,,,,,,,61.51907305773211,60.69169565656845,59.163872082421086,57.66200629883442,57.603436594875205,58.57493517641446,58.46491984452448,58.50565888545534,58.44208227554132,54.453845533514524,54.36593710269464,54.301090799666206,54.164358505375496,53.02599950307456,52.99082060313069,53.18854232485012,53.57475098947339,,,59.163872082421086,54.453845533514524,,,53.01617342607891,59.00719052390828,"rgba(0, 255, 255, 0.75)",0.9890993199189312,59.00719052390828,1.7638551216825378,43.06760317773669,-1.411364200085579,False,True,False,True,False,1.6438317695814604,0.0,0.0,0.0,0.0,0,0.8580328653502571,0.8659141671901671,False,False,False,False,-0.05911543734570242,-0.0407824611805352,False,False,False,False,202611,192291.94596194793,False,False,False,False,2129.028203379897,False,False,False,False
2024-04-08 00:00:00+00:00,60.7516248563,60.8774446943,60.7516248563,60.8774446943,716,,,,,,,,,,,,,,61.418729960431726,61.34826617127905,60.94170599627566,58.098226879773925,57.56276927974594,58.55125928092484,58.5248064286931,58.698002308740875,58.431493213710574,58.368606467989366,57.55274518196674,56.36835628406104,54.20655846234971,53.0172810556751,53.104494030715394,,,,,,,,,,,,,,,61.51115826143016,60.69232226357128,59.167017935940535,57.66597350919937,57.60652808051161,58.57608384765603,58.46598192810822,58.50648667948091,58.44291331113355,54.45501549444737,54.3671134467484,54.3022689001646,54.16552899575183,53.02711167384321,52.991900786347415,53.189536785491775,53.57564107655214,,,59.167017935940535,54.45501549444737,,,53.0172810556751,59.00655384932817,"rgba(0, 255, 255, 0.75)",0.9895595611316639,59.00655384932817,1.7634825386115793,43.07638897147217,-1.716552787332546,False,True,False,True,False,1.643081403728253,0.0,0.0,0.0,0.0,0,0.8836320728286037,0.8504804180369904,False,False,False,False,-0.020519004487701158,-0.030650732834118177,False,False,False,False,201895,192668.53631638136,False,False,False,False,2073.615332659117,False,False,False,False
2024-04-09 00:00:00+00:00,60.7419464072,60.8139540683,60.6355802518,60.8139540683,434,,,,,,,,,,,,,,61.40223660919237,61.34466172265498,60.94119753342877,58.10051626603857,57.56473415019421,58.55195990539395,58.52546740867304,58.69847913799013,58.43198316810523,58.369095009842496,57.553290074788414,56.36896048114673,54.20726447086334,53.01794684237209,53.105116184826706,,,,,,,,,,,,,,,61.50602992804267,60.69246405505243,59.16884516394315,57.668324930850964,57.608362028440595,58.576759743347,58.46660780171251,58.506974322181534,58.44340324548796,54.45571739612324,54.3678192766417,54.302975855717804,54.16623153231198,53.02778018245962,52.99255009668315,53.19013444775543,53.57617577828407,,,59.16884516394315,54.45571739612324,,,53.01794684237209,59.00606961026805,"rgba(0, 255, 255, 0.75)",0.9859080303520256,59.00606961026805,1.7606883639157904,43.04453416325234,-2.1084312994717394,False,True,False,True,False,1.6048169035345659,0.0,0.0,0.0,0.0,0,0.8672517167731417,0.8535217111611468,False,False,False,False,-0.034549905828576276,-0.03260031933134723,False,False,False,False,201461,193013.33881377816,False,False,False,False,2009.3166921626812,False,False,False,False
2024-04-10 00:00:00+00:00,59.7934583976,59.7934583976,59.7547446013,59.7547446013,392,,,,,,,,,,,,,,61.36787817974363,61.33646216255364,60.93867932459866,58.10183501906797,57.565974870945716,58.552316569964475,58.525807031455756,58.69870838081262,58.432242707365454,58.369358658794575,57.55363497408032,56.36938723608897,54.20780918140959,53.01847404363512,53.105608049099544,,,,,,,,,,,,,,,61.49585227234058,60.6894147083056,59.169490200567296,57.66978779659889,57.609513213254935,58.57710076100013,58.46693572897868,58.507226497156665,58.44366186077571,54.45625527959212,54.36836150438708,54.30351991074577,54.166774142873216,53.02830944367324,52.99306449059248,53.190606193164406,53.576594548879875,,,59.169490200567296,54.45625527959212,,,53.01847404363512,59.003594045918064,"rgba(38, 166, 154, 0.5)",0.9960023861527422,59.003594045918064,0.7930345977713401,39.86301192018322,-5.4094829982645365,False,True,False,True,False,0.0,0.0,0.0,0.0,0.0,0,0.8627229512873333,0.8720716694334233,False,False,False,False,-0.1850978620422296,-0.10884909068678841,False,False,False,False,201069,193329.24709559078,False,False,False,False,1945.8925081563016,False,False,False,False
2024-04-11 00:00:00+00:00,60.1709179116,60.5096636293,59.8515290921,60.209631708,2434,,,,,,,,,,,,,,61.22947082418755,61.299922468082954,60.92855941447781,58.11190195991432,57.575022597187676,58.55524053177129,58.528577312376484,58.70065092529885,58.434325626299724,58.37145320594607,57.556155306319006,56.37234261807382,54.211429673656504,53.02193768320783,53.10884196737922,,,,,,,,,,,,,,,61.449269427637226,60.67899940264096,59.176046349868145,57.68052496168636,57.61793541161004,58.57991064924199,58.46958220813284,58.509277331917886,58.445741381248624,54.45984139941373,54.371972537666544,54.3071402051336,54.17037895314113,53.031786887094015,52.99644333939321,53.19371012540696,53.579359741800786,,,59.176046349868145,54.45984139941373,,,53.02193768320783,58.99492836479228,"rgba(38, 166, 154, 1.0)",0.9963530843423899,58.99492836479228,1.1802939794017837,39.693960526999206,-5.778772927423333,False,True,False,True,False,0.0,0.0,0.0,0.0,0.0,0,0.8591800779973283,0.8486370924562535,False,False,False,False,-0.12009969497577877,-0.11447439283128359,False,False,False,False,203503,193728.21779772447,False,False,False,False,1965.033978424682,False,False,False,False
2024-04-12 00:00:00+00:00,59.1837161058,59.6869954578,59.1837161058,59.590210967,933,,,,,,,,,,,,,,61.14934968130111,61.276658699638716,60.92056431054103,58.114202311527286,57.5773787599609,58.55578932291029,58.52910607025622,58.70097849878303,58.43474504531714,58.37188821002038,57.556816122978816,56.37322863178784,54.212624355781635,53.023111334790336,53.10993606030828,,,,,,,,,,,,,,,61.42123875995656,60.66872883224019,59.176482687080544,57.68326304680764,57.62011213889644,58.58042961349798,58.47010494343961,58.509673562523915,58.44615762670971,54.461016445378945,54.37315877910335,54.308331676117426,54.17156977781979,53.03296499994181,52.99758881149201,53.19475857230902,53.58028647956667,,,59.176482687080544,54.461016445378945,,,53.023111334790336,58.98818341221937,#000000,1.0127854467858581,58.98818341221937,0.19306428049609833,36.929589754726905,-8.577591411588138,False,True,False,True,False,0.0,0.0,0.0,0.0,0.0,0,0.849695391705837,0.8646237317657661,False,False,False,False,-0.24044746379454976,-0.17746092831291668,False,False,False,False,202570,194074.95435467645,False,False,False,False,1924.5620577021452,False,False,False,False
2024-04-15 00:00:00+00:00,59.6869954578,59.6869954578,59.6869954578,59.6869954578,234,,,,,,,,,,,,,,61.133868032280645,61.27191264915719,60.91899786540205,58.11493399883949,57.578080287656476,58.55598483180936,58.52929264027051,58.7011029526271,58.434888654831035,58.37203459760211,57.557012752745564,56.37347578956387,54.212943457008706,53.02342122554297,53.11022515041631,,,,,,,,,,,,,,,61.41544631455047,60.66682758659867,59.17680095254782,57.68408619634385,57.6207628428728,58.580616252760784,58.47028582186324,58.50981246555339,58.446300630576665,54.46133127571133,54.37347624971582,54.308650288298054,54.1718876952395,53.03327609268367,52.99789120252902,53.19503579788997,53.580532372331234,,,59.17680095254782,54.46133127571133,,,53.02342122554297,58.98695241634446,"rgba(38, 166, 154, 0.5)",1.0150379402703207,58.98695241634446,0.6896717981488567,37.414726322941554,-8.577591411588138,False,True,False,True,False,0.0,0.0,0.0,0.0,0.0,0,0.8470355311207868,0.8677944886727373,False,False,False,False,-0.1992109528941687,-0.1883359406035427,False,False,False,False,202804,194417.26987017936,False,False,False,False,1858.2655064197083,False,False,False,False
2024-04-16 00:00:00+00:00,58.8062565918,58.9408838185,58.8062565918,58.9408838185,232,,,,,,,,,,,,,,61.11015660707387,61.26476816146355,60.91639770712385,58.11527340569281,57.57849986921544,58.55603539815931,58.52934404666341,58.70112172495073,58.43493597675909,58.37208746541998,57.55713117678998,56.37365899293051,54.213211490892554,53.02368990304351,53.11047532039686,,,,,,,,,,,,,,,61.40698263010324,60.663348007720295,59.176599782835204,57.684561337135655,57.62114676190757,58.580661481902474,58.470341938724474,58.5098523863681,58.446346882497956,54.461593455937646,54.37374146128476,54.308917052665464,54.172155093358725,53.03354575488594,52.998153521920656,53.195275244944575,53.58074277603018,,,59.176599782835204,54.461593455937646,,,53.02368990304351,58.98477963742535,#000000,1.0187420775445843,58.98477963742535,-0.1752387081680489,35.64143417713575,-10.023263996777168,False,True,False,True,False,0.0,0.0,0.0,0.0,0.0,0,0.8528275597590689,0.8660211426017862,False,False,False,False,-0.3357287262917902,-0.2620323334476664,False,False,False,False,202572,194737.0632086037,False,False,False,False,1794.4903885208962,False,False,False,False
2024-04-17 00:00:00+00:00,58.709472101,59.1159669623,58.709472101,58.8546488372,1634,,,,,,,,,,,,,,60.9557357183508,61.21549346383664,60.898214016142404,58.11763510444287,57.58143293915125,58.55638362558084,58.52969871836538,58.701248381908464,58.43526403544772,58.37245470337692,57.557960667210665,56.37494533884437,54.215095897223804,53.02557952479675,53.11223478546517,,,,,,,,,,,,,,,61.34877855636765,60.639131625386376,59.17516324053418,57.687879257235885,57.623830459587055,58.58097235991663,58.47073031951419,58.51012821671343,58.44666738609573,54.46343654080525,54.375605914846986,54.310792466972046,54.174035061624075,53.035442294920585,52.99999845440669,53.19695928452704,53.582222463349446,,,59.17516324053418,54.46343654080525,,,53.02557952479675,58.97024013975825,#000000,1.0303067534544996,58.97024013975825,-0.25309747595454013,34.251439094147834,-11.452033505271018,False,True,False,True,False,0.0,0.0,0.0,0.0,0.0,0,0.8614241843207595,0.859541847878905,False,False,False,False,-0.3289138224636001,-0.29547307795563327,False,False,False,False,200938,194980.23720042317,False,False,False,False,1788.1966477945866,False,False,False,False
2024-04-18 00:00:00+00:00,58.9901471243,58.9901471243,58.5933307121,58.5933307121,1268,,,,,,,,,,,,,,60.85033145447317,61.17881792030563,60.884409109793275,58.119489627459735,57.58372283551216,58.55666533341001,58.529984641389426,58.70135532662162,58.435526257753565,58.372747063009,57.55861007073864,56.37594784380339,54.21656123160497,53.0270482944444,53.11360247555998,,,,,,,,,,,,,,,61.30562599087525,60.62091140308133,59.17410025056743,57.690469519509215,57.62592686069347,58.58122486857434,58.47104152569993,58.51035018824937,58.44692379166504,54.46486993426893,54.37705585234012,54.312250877509186,54.17549692094633,53.03691644300528,53.001432497067626,53.198268408347516,53.583372956290496,,,59.17410025056743,54.46486993426893,,,53.0270482944444,58.95991170196909,#000000,1.020812904745037,58.95991170196909,0.029618965620798715,34.65757351566156,-11.452033505271018,False,True,False,True,False,0.0,0.0,0.0,0.0,0.0,0,0.8581917761672673,0.8705591990831117,False,False,False,False,-0.34282825441539394,-0.3191506661855136,False,False,False,False,202206,195263.6004474654,False,False,False,False,1767.7967792536226,False,False,False,False
2024-04-19 00:00:00+00:00,59.0538313192,59.2417868003,59.0538313192,59.2417868003,318,,,,,,,,,,,,,,60.82875588170776,61.170803372185105,60.88141431708255,58.12011564595922,57.58441212473694,58.55679648599854,58.53011276284056,58.70142640035502,58.43563220478528,58.37285938391882,57.55880522832822,56.37622531723733,54.21694904371913,53.02743286107674,53.11396081195998,,,,,,,,,,,,,,,61.29615601461869,60.61706199580526,59.17405188127612,57.69126083550053,57.626561628377424,58.58134725158883,58.471171618190795,58.51044720359395,58.447028479293216,54.465250419646246,54.377440311185225,54.31263728353302,54.17588363597915,53.037302445005395,53.00180790471901,53.198611624276936,53.583675550915395,,,59.17405188127612,54.465250419646246,,,53.02743286107674,58.957811035807154,#000000,1.026903317230358,58.957811035807154,0.0935046968704131,35.23707288321413,-11.452033505271018,False,True,False,True,False,0.0,0.0,0.0,0.0,0.0,0,0.8932198619262977,0.8544013822911267,False,False,False,False,-0.28218460627557285,-0.3006676362305432,False,False,False,False,202524,195548.3219985452,False,False,False,False,1710.942003596618,False,False,False,False
2024-04-22 00:00:00+00:00,59.1546807586,59.6192463143,59.1546807586,59.6192463143,893,,,,,,,,,,,,,,60.77746038093182,61.150710630066705,60.87397239772495,58.12220922524167,57.58658794867858,58.55729138154927,58.530590606976006,58.70171863028638,58.43601385666504,58.37325645806176,57.55942089311199,56.3770590846955,54.21808065817024,53.028546763105325,53.11499921126193,,,,,,,,,,,,,,,61.272312515301294,60.60773401424031,59.174370527093956,57.693778667368136,57.62857187433686,58.581814499389495,58.471645867435576,58.51080620547554,58.4474070115005,54.46636289065391,54.37856357275285,54.31376564096354,54.177011697434814,53.038420558934405,53.00289514490546,53.19960665671725,53.58455475620626,,,59.174370527093956,54.46636289065391,,,53.028546763105325,58.9528836795718,#000000,1.0419830523433127,58.9528836795718,0.19366637353110752,36.140569305121375,-11.452033505271018,False,True,False,True,True,0.0,0.0,0.0,0.0,0.0,0,0.8945155011818087,0.8293402536352842,False,False,False,False,-0.24258423564680676,-0.271625935938675,False,False,False,False,203417,195856.8976064454,False,False,False,False,1678.865846592829,False,False,False,False
2024-04-23 00:00:00+00:00,59.4895550966,59.590210967,59.4895550966,59.5301077983,790,,,,,,,,,,,,,,60.741079621377146,61.13531395862348,60.86833811623877,58.12438723803421,57.58874627243168,58.557852799408934,58.531128617543345,58.702067676150044,58.436433691491644,58.373687516510785,57.56003160670266,56.37784997939561,54.21912330650353,53.02956535262338,53.11594921172082,,,,,,,,,,,,,,,61.253935087382814,60.60093163182101,59.17509461353111,57.69629312497877,57.63057169634766,58.58234851891245,58.47217179441901,58.51120837982931,58.44782449393668,54.46739000160919,54.379599870118014,54.314806082918636,54.17805074212219,53.039443051062605,53.00388923022591,53.200517410455866,53.58536133493697,,,59.17509461353111,54.46739000160919,,,53.02956535262338,58.94947232278357,"rgba(38, 166, 154, 0.5)",1.0487558433925055,58.94947232278357,0.5149747457610104,38.43504311552448,-11.452033505271018,False,True,False,True,True,0.0,0.0,0.0,0.0,0.0,0,0.9079558843407883,0.8108357638170637,False,False,False,False,-0.2176559309738636,-0.2446409334562693,False,False,False,False,204207,196184.35260227107,False,False,False,False,1644.008362412718,False,False,False,False
2024-04-24 00:00:00+00:00,58.8546488372,58.8546488372,58.8546488372,58.8546488372,83,,,,,,,,,,,,,,60.73534872737302,61.133049526479475,60.867456093725096,58.124506502892174,57.58889448848122,58.557870924264456,58.531147041410385,58.70207448802152,58.436450660045075,58.37370645907617,57.56007390702717,56.37791539533682,54.21921902399649,53.02966133587287,53.11603859406355,,,,,,,,,,,,,,,61.2512896477563,60.59978173160955,59.17502472534004,57.69646038143004,57.63070743398871,58.58236474843619,58.47219189301682,58.511222714545525,58.44784108167778,54.467483624354145,54.379694576043754,54.31490134448838,54.17814623471969,53.039539385126815,53.003982947198104,53.200602967099925,53.58543652542076,,,59.17502472534004,54.467483624354145,,,53.02966133587287,58.94887315882983,#000000,1.0682738639953804,58.94887315882983,-0.08820240277846132,37.87445872283031,-11.452033505271018,False,True,False,True,True,0.0,0.0,0.0,0.0,0.0,0,0.8968329968276065,0.8326007114683992,False,False,False,False,-0.3319474625105892,-0.28829419798342926,False,False,False,False,204124,196495.71132375064,False,False,False,False,1582.7923482004546,False,False,False,False
2024-04-25 00:00:00+00:00,58.7965781427,58.7965781427,58.7965781427,58.7965781427,122,,,,,,,,,,,,,,60.72672977130663,61.129644608615465,60.86612366515956,58.124667800191496,57.589102293075754,58.55789234945846,58.53116925795727,58.7020806891021,58.436472136231615,58.373730938085956,57.56013328957204,56.37800928830101,54.2193579475493,53.0298010075027,53.116168640849544,,,,,,,,,,,,,,,61.24731778070744,60.598038111244435,59.174903443333875,57.69669381842511,57.63089743366339,58.58238351340913,58.47221694666753,58.51124022022124,58.44786198109281,54.467619409823264,54.379831968706846,54.31503956923428,54.17828484738263,53.03967956482212,53.00411932719853,53.20072742879175,53.58554582449637,,,59.174903443333875,54.467619409823264,,,53.0298010075027,58.94796500237608,#000000,1.074252538670702,58.94796500237608,-0.14092297130003412,37.32368482903014,-11.452033505271018,False,True,False,True,True,0.0,0.0,0.0,0.0,0.0,0,0.9115916022942679,0.8133483475582849,False,False,False,False,-0.341988520108618,-0.31514135904602364,False,False,False,False,204002,196790.07558556437,False,False,False,False,1525.506373761221,False,False,False,False
2024-04-26 00:00:00+00:00,58.8159350409,58.8159350409,58.7191505501,58.7191505501,589,,,,,,,,,,,,,,60.685902855000144,61.11325458943441,60.85967495971652,58.125430499353804,57.59009382990563,58.55799014392706,58.531271251694974,58.70210652888164,58.43657207012875,58.37384547418981,57.56041690917279,56.3784600705712,54.22002664303866,53.03047371990915,53.116794979779435,,,,,,,,,,,,,,,61.22822152267407,60.589607394996726,59.17429906642389,57.69780622292028,57.63180371144825,58.58246860671907,58.47233303796701,58.51132088423453,58.44795911290727,54.46827289059934,54.380493224554726,54.315704859013245,54.17895206452036,53.04035472115874,53.00477619496672,53.201326850117695,53.58607213501397,,,59.17429906642389,54.46827289059934,,,53.03047371990915,58.94361893358483,#000000,1.089321023367373,58.94361893358483,-0.11721420035585522,37.068561613749424,-11.452033505271018,False,True,False,True,True,0.0,0.0,0.0,0.0,0.0,0,0.9037957029928637,0.8323079081755278,False,False,False,False,-0.34282825441539394,-0.3289848067307088,False,False,False,False,204591,197095.99419005204,False,False,False,False,1488.780633613722,False,False,False,False
2024-04-29 00:00:00+00:00,59.1837161058,59.5320434881,59.1837161058,59.5320434881,1301,,,,,,,,,,,,,,60.62442646370302,61.08569525909439,60.84907797743858,58.12842504791155,57.593222726228134,58.55869920002339,58.531956351466874,58.702524351390885,58.437120543449744,58.37441657780222,57.56130705101897,56.37966871886192,54.22166995760912,53.03209232791133,53.11830392986324,,,,,,,,,,,,,,,61.19576097107471,60.57650400833547,59.174725933546114,57.70141940915148,57.6346952335339,58.58313782058369,58.4730137612945,58.5118362336091,58.448503016371205,54.469888176513265,54.3821242545887,54.31734334902511,54.180590268464854,53.041979436312104,53.00635611722294,53.20277279149609,53.5873496954618,,,59.174725933546114,54.469888176513265,,,53.03209232791133,58.9373233968514,#000000,1.0949211153965612,58.9373233968514,0.2250323840538647,38.9969916897185,-14.505701474991724,False,True,False,True,True,0.0,0.0,0.0,0.0,0.0,0,0.8959213505944666,0.8258398959058937,False,False,False,False,-0.2439317497980198,-0.2864582782643643,False,False,False,False,205892,197440.93559436375,False,False,False,False,1481.4166871974978,False,False,False,False
2024-04-30 00:00:00+00:00,58.3223341379,58.6708550892,58.3223341379,58.6708550892,279,,,,,,,,,,,,,,60.603831052706525,61.07709589127727,60.845571154191674,58.128594514602334,57.59355433268427,58.55867456888093,58.53193849087004,58.702484779393885,58.437120732439475,58.37442505361504,57.56140330881412,56.37985137104752,54.221962479175886,53.03239164488175,53.11858235340512,,,,,,,,,,,,,,,61.18584356134409,60.57185611803501,59.17418942670669,57.70177574469774,57.634993940352636,58.58310889192285,58.47300767502327,58.511825957323225,58.44850164797888,54.47017268679273,54.382412651671814,54.31763386599773,54.180882359552236,53.0422798065023,53.00664847322837,53.20303899284708,53.58758229641974,,,59.17418942670669,54.47017268679273,,,53.03239164488175,58.934989842143,"rgba(239, 83, 80, 0.5)",1.1179899600307823,58.934989842143,-0.5479975010027173,37.37420701125346,-14.505701474991724,False,True,False,True,True,0.0,0.0,0.0,0.0,0.0,0,0.8913533048085922,0.8410089383540499,False,False,False,False,-0.34282825441539394,-0.31464326633987916,False,False,False,False,205613,197761.40870831028,False,False,False,False,1434.2630916211253,False,False,False,False
2024-05-01 00:00:00+00:00,58.3058807745,58.3058807745,58.3058807745,58.3058807745,122,,,,,,,,,,,,,,60.59440245467258,61.073164998287695,60.84395659372518,58.12863687243061,57.593676507018806,58.55865191752316,58.53191959956295,58.70245878731275,58.43711291470519,58.37442109006259,57.561439029786065,56.37992608542206,54.22208635612192,53.03251930789568,53.118701057199786,,,,,,,,,,,,,,58.3058807745,61.18132103000164,60.56970409412164,59.17391282163912,57.70190342263697,57.635102939896875,58.58308464677891,58.47299478583651,58.51181333775915,58.44849311048028,54.47029292598483,54.38253462478444,54.31775680108213,54.18100609309477,53.042407912771026,53.006773182429384,53.20315243923513,53.58768121958492,,58.3058807745,59.17391282163912,54.47029292598483,,,53.03251930789568,58.971130634947635,"rgba(239, 83, 80, 0.5)",1.1404714995757352,58.971130634947635,-0.5833112538937766,36.243890761621515,-14.505701474991724,False,True,False,True,False,0.0,1.0,58.30588,58.30588,0.0,0,0.8922013429453359,0.8525110124960544,True,False,False,False,-0.34282825441539394,-0.3287357603776365,False,False,False,False,205491,198064.5299354354,True,False,False,False,1382.801793910493,False,False,False,False
2024-05-02 00:00:00+00:00,59.3676066383,59.3676066383,59.0966100641,59.0966100641,257,,,,,,,,,,,,,,60.58311567203787,61.06781469547999,60.84186129230381,58.12921469751442,57.59428458000498,58.55878753635031,58.53205079012641,58.70253813346827,58.437218328249195,58.374531054183755,57.5616124408237,56.380162829853454,54.22240935149976,53.03283775228242,53.11899792004676,,,,,,,,,,,,,,58.96458308005883,61.1750431748968,60.56712359256135,59.173982136648696,57.702604500483666,57.63566478759304,58.583212513935884,58.47312542969109,58.51191213233069,58.448597608015454,54.47061033376576,54.382855154606474,54.31807881774109,54.18132809749086,53.04272755607579,53.00708402433432,53.20343689519359,53.58793249379889,,58.96458308005883,59.173982136648696,54.47061033376576,,,53.03283775228242,59.00286328679673,#000000,1.1471128678939915,59.00286328679673,0.3179664021840428,40.5993213846548,-13.174578447824814,False,True,False,True,True,0.0,0.0,0.0,0.0,0.0,0,0.8950989167116588,0.8589719404939543,False,False,False,False,-0.2041733422042221,-0.2664545512909293,False,False,False,False,205748,198365.84248698695,False,False,False,False,1338.6527039532186,False,False,False,False
2024-05-03 00:00:00+00:00,60.2677024024,60.2677024024,60.209631708,60.209631708,589,,,,,,,,,,,,,,60.576667678943785,61.062257468943216,60.84004765294965,58.131655051875725,57.596479663504084,58.55951797984495,58.532742841603984,58.703027008066925,58.43773897106034,58.37505395742689,57.56223460817717,56.3808870771494,54.22329162268368,53.033680924911685,53.119785436637436,,,,,,,,,,,,,,59.745715381565454,61.16809317836017,60.565671530831764,59.17563080901814,57.705198303916426,57.63771183640198,58.583915146996475,58.4737860541123,58.51242561028639,58.4491175255345,54.47148455067434,54.38373531161739,54.31896114698696,54.18220652118176,53.043574083104616,53.00790661611506,53.20419293114826,53.58860656547952,,59.745715381565454,59.17563080901814,54.47148455067434,,,53.033680924911685,59.04162268256215,"rgba(38, 166, 154, 1.0)",1.1405948509092037,59.04162268256215,1.07494761953423,46.510092213085635,-7.836076775506967,False,False,False,False,True,1.0878987410299032,0.0,0.0,0.0,0.0,0,0.9006224131678212,0.8627464866399209,False,False,False,False,-0.061688756260722864,-0.16407165377582608,False,False,False,False,206337,198678.43689926196,False,False,False,False,1309.2545587001512,False,False,False,False
2024-05-06 00:00:00+00:00,60.1999532589,60.1999532589,60.1419793489,60.1419793489,321,,,,,,,,,,,,,,60.572553619942326,61.059011092576206,60.83895130801688,58.132940186854825,57.597643928197186,58.55989984814596,58.53310489110382,58.70328164086675,58.43801198355475,58.375328515297035,57.56256501775649,56.38127476249835,54.22376694129812,53.03413605158301,53.12021047691165,,,,,,,,,,,,,,59.85402193723217,61.164073546336155,60.56471803523547,59.1764706072663,57.70657209975946,57.638797207714326,58.584282257254934,58.474132150890135,58.51269441218607,58.449390090118264,54.47195529652399,54.38420934110478,54.31943640795922,54.18267980460352,53.044031014022735,53.008350650892744,53.204600935710474,53.58897013658218,,59.85402193723217,59.1764706072663,54.47195529652399,,,53.03413605158301,59.04679396792746,"rgba(38, 166, 154, 1.0)",1.1361559798655771,59.04679396792746,1.0149656485626037,50.16825238197088,-4.759445507201939,False,False,False,False,True,0.8340912420006177,0.0,0.0,0.0,0.0,0,0.8915539212397415,0.8723855437078354,False,False,False,False,-0.07113136776055037,-0.11760151076818823,False,False,False,False,206016,198966.18447183992,False,False,False,False,1270.4994779668118,False,False,False,False
2024-05-07 00:00:00+00:00,60.7516248563,60.7516248563,60.7516248563,60.7516248563,140,,,,,,,,,,,,,,60.57336126058181,61.05851823255125,60.838888031909605,58.1336563299556,57.59826355603365,58.56012499475112,58.5333174530792,58.70343558036959,58.438170034340004,58.37548609970565,57.562740518678034,56.38146922919538,54.22399409051198,53.03435038931578,53.12041082728413,,,,,,,,,,,,,,59.94196064168948,61.1633425968494,60.56491968091541,59.177044456349314,57.70730895845187,57.63937656094208,58.58449956567472,58.474333544498414,58.512851743988584,58.44954813736739,54.47218111510505,54.38443642208319,54.319663853475674,54.182905845987,53.044246223418384,53.008559709909534,53.204793430543475,53.589142425474336,,59.94196064168948,59.177044456349314,54.47218111510505,,,53.03435038931578,59.05142037300019,"rgba(0, 255, 255, 0.75)",1.1307890187141956,59.05142037300019,1.5035558845743704,54.2381977142356,-1.295621303329625,True,False,True,False,True,2.834278055683587,0.0,0.0,0.0,0.0,0,0.8955299004091498,0.880961156629389,False,False,False,False,0.009619703733870034,-0.0539909035171591,False,False,False,False,206156,199248.13802196385,False,False,False,False,1226.1661651053682,False,False,False,False
2024-05-08 00:00:00+00:00,60.9839076341,60.9839076341,60.9839076341,60.9839076341,77,,,,,,,,,,,,,,60.574377137911995,61.05845249408456,60.83894580296418,58.134084974333064,57.598629343586246,58.5602619287097,58.533446584737774,58.70352983807108,58.438265680155695,58.37558123403776,57.562844066404196,56.381581863078175,54.22412346125263,53.03447181809281,53.12052436947018,,,,,,,,,,,,,,59.995234159893734,61.1631678682138,60.56516814886461,59.177406428824966,57.70774498961895,57.63971888847174,58.58463187542271,58.47445559238914,58.51294724421246,58.449643824126305,54.47230990243383,54.384565865770384,54.319793459067355,54.18303455817911,53.04436815056464,53.008678136750206,53.20490255701033,53.58924025379434,,59.995234159893734,59.177406428824966,54.47230990243383,,,53.03447181809281,59.05428470193152,"rgba(0, 255, 255, 0.75)",1.129577182377795,59.05428470193152,1.7082701051968505,57.586192652699324,1.5061738015886448,True,False,True,False,True,3.660894813159832,0.0,0.0,0.0,0.0,0,0.90100030937517,0.8649978978533579,False,False,False,False,0.041899016001271716,-0.006045943757943692,False,False,False,False,206233,199522.0541779653,False,False,False,False,1181.1008252973145,False,False,False,False
2024-05-09 00:00:00+00:00,61.3580764754,61.3580764754,61.2742611064,61.2742611064,263,,,,,,,,,,,,,,60.580711069645965,61.059267659141554,60.8396132388617,58.13572582839423,57.60000584564969,58.56079631961851,58.53394984594829,58.70390059655652,58.438636737259706,58.37594924670118,57.56323348430815,56.3819954704746,54.224587931234694,53.034904603206634,53.12092923225814,,,,,,,,,,,,,,60.19369640690474,61.16372136972853,60.56671446901543,59.178878429886346,57.70939071558403,57.64100860867853,58.58514887880137,58.47492987047028,58.513319075369,58.45001523930721,54.47277313519371,54.385031147171794,54.32025909705505,54.18349652822576,53.04480273436962,53.00910016646101,53.20529185316806,53.58959001926865,,60.19369640690474,59.178878429886346,54.47277313519371,,,53.034904603206634,59.06526897257614,"rgba(0, 255, 0, 1.0)",1.1213810250532674,59.06526897257614,2.0446284105038637,60.798030988779715,4.239942915564406,True,False,True,False,True,4.979226470766449,0.0,0.0,0.0,0.0,0,0.902130312548783,0.8529523630382487,False,False,False,False,0.08824107710871622,0.04109756667538626,False,False,False,False,206496,199795.54224941763,False,False,False,False,1145.0968713640864,False,False,False,False
2024-05-10 00:00:00+00:00,61.9033602964,61.9033602964,61.6613990695,61.6613990695,318,,,,,,,,,,,,,,60.593170597203816,61.06202729640067,60.841225781670005,58.13801315775707,57.601888455898596,58.56155706758117,58.534665260122296,58.70443280457925,58.4391616715544,58.376468270289585,57.56376578787685,56.382545255544144,54.225188378232666,53.0354589037232,53.121448078390046,,,,,,,,,,,,,,60.441911656932575,61.166352181210925,60.56977680739425,59.181062486599934,57.71164904283716,57.64277489198499,58.58588586774718,58.475602016740645,58.51384713042831,58.450540981591956,54.47337338492822,54.38563354178866,54.32086158518633,54.184093521762826,53.045359375533394,53.0096405995035,53.205791044882304,53.59003979654866,,60.441911656932575,59.181062486599934,54.47337338492822,,,53.0354589037232,59.079600671326226,"rgba(0, 255, 0, 1.0)",1.127967750692794,59.079600671326226,2.503404572816406,64.21271817391913,7.2202494330699665,True,False,True,False,True,6.851973951264306,0.0,0.0,0.0,0.0,0,0.9069381196826608,0.8454942584791534,False,False,False,False,0.1539564132459914,0.09752698996068884,False,False,False,False,206814,200070.7758866954,False,False,False,False,1112.6616999380437,False,False,False,False
2024-05-13 00:00:00+00:00,61.4484731898,61.854968051,61.4484731898,61.854968051,1357,,,,,,,,,,,,,,60.63384450795232,61.069956080156324,60.84638851996124,58.147111711766705,57.609449951408806,58.5645620610006,58.53749324186106,58.70652813525161,58.44124196865291,58.37852803321726,57.565908545077306,56.38478720189256,54.227669116279294,53.03775924050703,53.12360072500553,,,,,,,,,,,,,,60.89190444893332,61.17334755700963,60.580220283487144,59.18950345864185,57.72070017181731,57.649865875013525,58.58879536901268,58.47826286890663,58.515936160399235,58.452623938631426,54.47585055660967,54.38812055874354,54.323349709495865,54.186560433766644,53.0476693490825,53.01188359078658,53.20786159367255,53.59190293521348,,60.89190444893332,59.18950345864185,54.47585055660967,,,53.03775924050703,59.10881321715408,"rgba(0, 255, 0, 1.0)",1.1265410237941673,59.10881321715408,2.0768528826105164,64.20115714374143,7.2202494330699665,True,False,True,False,True,5.029926533360474,0.0,0.0,0.0,0.0,0,0.8969980924888602,0.8675889558484201,False,False,False,False,0.13542990539694422,0.11647844767881653,False,False,False,False,205457,200282.00036172694,False,False,False,False,1122.2435940581206,False,False,False,False
2024-05-14 00:00:00+00:00,62.3001767086,62.3001767086,62.1791960951,62.2258462197,370,,,,,,,,,,,,,,60.65184313093765,61.074864226089346,60.849062286365964,58.150070424127385,57.61185644531768,58.565563540214306,58.53843427649438,58.707232990442265,58.44193058859169,58.37920751157847,57.5665906027662,56.38547757857303,54.22840734397722,53.03843582223796,53.12423435035923,,,,,,,,,,,,,,61.024610215515644,61.17828729606441,60.58492292086652,59.19244143717692,57.72359119069091,57.65212628199435,58.58976648772933,58.47914530391119,58.51663063416035,58.45331387980021,54.47658987819665,54.38886203565193,54.32409095112137,54.18729420726806,53.04834882176822,53.0125431662391,53.20847151294091,53.592453736907245,,61.024610215515644,59.19244143717692,54.47658987819665,,,53.03843582223796,59.11824505340345,"rgba(0, 255, 0, 1.0)",1.1439764601361595,59.11824505340345,2.7814660231888224,66.17522028943307,9.031845832923459,True,False,True,False,True,7.8843162951572126,0.0,0.0,0.0,0.0,0,0.8899081873553809,0.8450363196219666,False,False,False,False,0.219722643943715,0.16810054581126577,False,False,False,False,205827,200499.45132793373,False,False,False,False,1092.7438452715276,False,False,False,False
2024-05-15 00:00:00+00:00,62.7792599379,62.7792599379,62.6195655281,62.6195655281,779,,,,,,,,,,,,,,60.69908155741172,61.089080308765126,60.85650798571552,58.156990839421944,57.61742230974499,58.567936134809614,58.54066197728138,58.7089106957245,58.443556529618974,58.380809072346224,57.56816853640013,56.387045877715124,54.230051359566794,53.039931973169374,53.125636160921076,,,,,,,,,,,,,,61.31318082702432,61.19296202462068,60.597470191414324,59.199546022030624,57.73029021931337,57.65735887481628,58.59206890192518,58.48123076151981,58.51827393147471,58.45494346609049,54.478239194264624,54.390515122100325,54.32574276291681,54.188927852075615,53.04985144155604,53.01400152327191,53.209821494963656,53.59367552938159,,61.31318082702432,59.199546022030624,54.478239194264624,,,53.039931973169374,59.13991413155348,"rgba(0, 255, 0, 1.0)",1.1704978441722995,59.13991413155348,3.1092289699346085,68.41872526795521,11.257288369063502,True,False,True,False,True,9.419886096869682,0.0,0.0,0.0,0.0,0,0.9033015318890507,0.831304360919941,False,False,False,False,0.2877818218069087,0.22794118380908723,False,False,False,False,206606,200738.9238248775,False,False,False,False,1080.440165064801,False,False,False,False
2024-05-16 00:00:00+00:00,62.7163500189,63.0163819403,62.6196623126,62.9099190004,2234,,,,,,,,,,,,,,60.82691166805717,61.12992403285221,60.87819023112601,58.17697238320897,57.63349777914479,58.57482009627565,58.54712591271221,58.713783702215466,58.44827570305389,58.38545678446627,57.57273926897921,56.3915802986481,54.234794726263814,53.044245764249595,53.12967829139683,,,,,,,,,,,,,,61.79452016106486,61.23508149186476,60.63361121308005,59.22009596592823,57.749624713574164,57.67247644849179,58.598750127833284,58.48728175832131,58.523044413741765,58.45967335434433,54.482998707780574,54.395285195251056,54.330508934538145,54.19364118154686,53.05418389666197,53.01820634775385,53.213714447170645,53.59719982924451,,61.79452016106486,59.22009596592823,54.482998707780574,,,53.044245764249595,59.184455897067856,"rgba(0, 255, 0, 1.0)",1.1944428468616857,59.184455897067856,2.9569385685652088,69.59182527651805,12.519015483561091,True,False,True,False,True,9.16187224981574,0.0,0.0,0.0,0.0,0,0.9016021285176963,0.8400091878447792,False,False,False,False,0.3057460508225498,0.2668436173158185,False,False,False,False,204372,200881.39740037252,False,False,False,False,1125.677805650495,False,False,False,False
2024-05-17 00:00:00+00:00,62.3292120558,62.4647103429,62.3292120558,62.4647103429,839,,,,,,,,,,,,,,60.86173983425731,61.14108463877774,60.88448407900288,58.183768679853294,57.639031028778795,58.57714852723108,58.54931414503521,58.715426867581755,58.44987814317729,58.38703738049226,57.57431897656423,56.39317253377061,54.2364894695658,53.045796748332926,53.13113108597521,,,,,,,,,,,,,,61.857982312640004,61.24629614678456,60.64434989327574,59.22687264625275,57.756259929541805,57.67767772205151,58.60100871327757,58.48933358371619,58.52466124065461,58.46127897921042,54.484696617279816,54.3969878067494,54.33221083413681,54.19532561330777,53.05574151627545,53.01971835657249,53.21511310348025,53.59846371252946,,61.857982312640004,59.22687264625275,54.484696617279816,,,53.045796748332926,59.19373172457965,"rgba(0, 255, 0, 1.0)",1.209878879231279,59.19373172457965,2.591565474068397,68.39695434665187,12.519015483561091,True,False,True,False,True,7.5770585371215695,0.0,0.0,0.0,0.0,0,0.8894740361142346,0.8673232202204443,False,False,False,False,0.2427516286032476,0.25479762295953307,False,False,False,False,203533,200985.38181604422,False,False,False,False,1114.4355387622404,False,False,False,False
2024-05-20 00:00:00+00:00,62.3872827503,62.5082633637,62.3872827503,62.5082633637,483,,,,,,,,,,,,,,60.88176883526909,61.147692726900495,60.88821199467918,58.18772080792165,57.64224632767243,58.57850644978535,58.55059025906362,58.71638589707076,58.450812555984456,58.38795887849702,57.57523799967467,56.39409693022496,54.23747116814137,53.046694486959765,53.13197204676545,,,,,,,,,,,,,,61.89174473626832,61.25295263742534,60.650660490246146,59.23082644725021,57.760115027986075,57.68070068080191,58.602326047970806,58.49052997836063,58.52560427043133,58.462215282651506,54.485680340215964,54.39797418397236,54.333196749099244,54.19630131044605,53.05664309986725,53.020593528126284,53.21592277414444,53.59919555888125,,61.89174473626832,59.23082644725021,54.485680340215964,,,53.046694486959765,59.19897851661182,"rgba(0, 255, 0, 1.0)",1.2249724975458567,59.19897851661182,2.602755768048443,67.75244151171276,12.519015483561091,True,False,True,False,True,7.770828197014957,0.0,0.0,0.0,0.0,0,0.8815329618775758,0.8806382681441695,False,False,False,False,0.25024493685875404,0.2525212799091435,False,False,False,False,204016,201104.22958796404,False,False,False,False,1089.6733607715644,False,False,False,False
2024-05-21 00:00:00+00:00,62.5905301809,62.5905301809,62.5905301809,62.5905301809,116,,,,,,,,,,,,,,60.88700199301899,61.14947039410173,60.889199102321356,58.1887053074894,57.643044157311024,58.5788462313654,58.550909486372,58.71662625713795,58.45104609551122,58.38818905112997,57.57546607456759,56.39432488997068,54.237711592669356,53.046913811373635,53.13217753342737,,,,,,,,,,,,,,61.9015522512807,61.25476032205763,60.65230778118497,59.23182287964096,57.76107222721758,57.681451016712614,58.602655760379086,58.49082908865439,58.52584013944477,58.462449320856436,54.4859214061847,54.398215847620314,54.33343826136259,54.196540242264895,53.0568633674875,53.020807329810815,53.21612064683013,53.59937454839652,,61.9015522512807,59.23182287964096,54.4859214061847,,,53.046913811373635,59.20038894315941,"rgba(0, 255, 0, 1.0)",1.2445030858881603,59.20038894315941,2.724092271190437,67.87199193236788,12.519015483561091,True,False,True,False,True,8.453863103466599,0.0,0.0,0.0,0.0,0,0.8885406345430354,0.8668068671441896,False,False,False,False,0.27144870703265545,0.2619849934708995,False,False,False,False,204132,201222.96568255368,False,False,False,False,1051.4900917216992,False,False,False,False
2024-05-22 00:00:00+00:00,62.5905301809,62.5905301809,62.4018004239,62.4018004239,284,,,,,,,,,,,,,,60.89921172516339,61.153614986281056,60.89152180468204,58.19107935521699,57.644971555254585,58.57966482607001,58.55167866193286,58.71720504468636,58.45160906569804,58.388744036308246,57.57601737381396,56.39487726177799,54.238295726979864,53.047447196179334,53.13267723785926,,,,,,,,,,,,,,61.9223503931705,61.25895800919158,60.656198499401626,59.23421428101948,57.763383608329804,57.68326354914661,58.60345002661739,58.49154997459035,58.52640856047478,58.46301346856834,54.4865069608758,54.398802903747224,54.33402498586467,54.197120772142235,53.05739904218217,53.02132729420447,53.21660180769562,53.59980966810019,,61.9223503931705,59.23421428101948,54.4865069608758,,,53.047447196179334,59.2036045715902,"rgba(0, 255, 0, 1.0)",1.2625838193188363,59.2036045715902,2.682535256262863,67.95169221280463,12.519015483561091,True,False,True,False,True,8.453863103466599,0.0,0.0,0.0,0.0,0,0.8637241061396743,0.871033861139618,False,False,False,False,0.2574070958102892,0.25969604464059437,False,False,False,False,204132,201337.04545970843,False,False,False,False,1021.3924410659463,False,False,False,False
2024-05-23 00:00:00+00:00,62.9099190004,62.9099190004,62.798616836,62.798616836,390,,,,,,,,,,,,,,60.919177654866125,61.160685793390314,60.89537143563907,58.1945944381239,57.64780280616205,58.58088664179943,58.55282610381545,58.71807155100775,58.45244735713303,58.38956946550044,57.57682700414284,56.39567832569916,54.23913114827992,53.04820623085607,53.13338857542755,,,,,,,,,,,,,,61.963818395793545,61.26623378462247,60.66249585230136,59.237836214834836,57.766783754598066,57.685927588109095,58.60463612190971,58.49262413686668,58.52725619598106,58.46385369607641,54.487345442370916,54.39964316308041,54.334864501300146,54.19795087590457,53.05816136309113,53.02206716224886,53.21728696944758,53.60043022338986,,61.963818395793545,59.237836214834836,54.487345442370916,,,53.04820623085607,59.20914494942654,"rgba(0, 255, 0, 1.0)",1.2861381195009365,59.20914494942654,2.877431276517553,68.91299162053048,13.37396721240578,True,False,True,False,True,9.54201682451696,0.0,0.0,0.0,0.0,0,0.8719355567882232,0.8776853050744563,False,False,False,False,0.3428282381314327,0.30126214138601354,False,False,False,False,204522,201461.94563775908,False,False,False,False,996.6319531810072,False,False,False,False
2024-05-24 00:00:00+00:00,63.1615586764,63.2680216163,63.0551925211,63.22930782,3659,,,,,,,,,,,,,,61.113562639531914,61.235025908778425,60.93594319700092,58.2293377762864,57.67567699932709,58.593084997588434,58.564279495880974,58.72674741466036,58.460809581514305,58.3977967747123,57.58482448812461,56.40351895278788,54.24722314255392,53.05553097280045,53.140255051664376,,,,,,,,,,,,,,62.31170295935042,61.34314871734616,60.72737770589681,59.27414136924424,57.800256815332084,57.71217330085636,58.6164828381252,58.503339103245565,58.53572008156523,58.472236482328036,54.49547458643396,54.40778680604308,54.34299897081953,54.20599021793833,53.065517998950504,53.02920656307006,53.223902570296495,53.606429455324104,,62.31170295935042,59.27414136924424,54.49547458643396,,,53.05553097280045,59.26144220792857,"rgba(0, 255, 0, 1.0)",1.3098088007415296,59.26144220792857,2.9776227387260152,70.2240636187899,14.985857807693094,True,False,True,False,True,10.391375698630196,0.0,0.0,0.0,0.0,0,0.8774922029363587,0.8584159305200351,False,False,False,False,0.3428282391621125,0.32204519027406303,False,False,False,False,208181,201725.4379656901,False,False,False,False,1101.0385432523403,False,False,False,False
2024-05-28 00:00:00+00:00,62.8111020354,63.0634192028,62.6921538962,63.0634192028,661,,,,,,,,,,,,,,61.140421336161694,61.24583000340996,60.942131517611955,58.235176186969554,57.6804032271828,58.595134558799344,58.566205159563864,58.72820319728858,58.462218914757024,58.39918473192485,57.586187646647936,56.4048693749882,54.24863326894756,53.05681302386166,53.141456631219725,,,,,,,,,,,,,,62.338815745519476,61.35415538701245,60.73731243208697,59.280117706022395,57.80591685007769,57.71662303265881,58.61847273035252,58.50514270160668,58.53714485451474,58.4736490267346,54.49688969341081,54.40920496973935,54.344415927191804,54.207391414983256,53.06680558674731,53.03045630496227,53.225059968268795,53.6074777314435,,62.338815745519476,59.280117706022395,54.49688969341081,,,53.05681302386166,59.26811296501279,"rgba(0, 255, 0, 1.0)",1.3250466158586236,59.26811296501279,2.6738599442340134,68.77854964662878,14.985857807693094,True,False,True,False,True,8.845280150163422,0.0,0.0,0.0,0.0,0,0.8597148712333216,0.8645234944992911,False,False,False,False,0.30012012158592766,0.31108265592999534,False,False,False,False,207520,201952.67569252578,False,False,False,False,1083.7821297914643,False,False,False,False
2024-05-29 00:00:00+00:00,62.2341696859,62.484067241,62.0872508289,62.3911541299,1330,,,,,,,,,,,,,,61.174364893878554,61.25936715859486,60.95067950209297,58.24539215952111,57.68881099331424,58.5986850878707,58.56954497489195,58.73071307687386,58.464673341494915,58.40160727264819,57.58862298616648,56.40733772181006,54.25127575596022,53.05923713702959,53.14372737537145,,,,,,,,,,,,,62.2684959186,62.33240506831042,61.36735105209499,60.751560782902864,59.29011794007422,57.81594754121559,57.7245329102715,58.62191697665687,58.50827809651664,58.53961946214118,58.476108044552426,54.499535704869984,54.411858787389896,54.34706900461509,54.21001809992098,53.06924000531069,53.032819757561455,53.2272460199117,53.60945240341971,,62.33240506831042,59.29011794007422,54.499535704869984,,,53.05923713702959,59.468928249093494,"rgba(0, 255, 0, 1.0)",1.3277721929936614,59.468928249093494,2.082617373219614,64.57600194240297,19.629000973899664,True,False,True,False,False,6.370404870345638,0.0,0.0,0.0,0.0,0,0.8519205864487024,0.8750297538763178,False,False,False,False,0.21415427335455767,0.2626184646422765,False,False,False,False,206190,202118.84527321105,False,False,False,False,1093.4377325447404,False,False,False,False
2024-05-30 00:00:00+00:00,63.1518802274,63.1518802274,62.7744207134,62.8131345097,23911,,,,,,,,,,,,,,61.824410274918804,61.59898256420146,61.16617275342458,58.453607353718276,57.85904043584208,58.67430565474107,58.6406673984507,58.78477079869342,58.51694748081126,58.45308066621232,57.638995981884364,56.45705252898245,54.30294873036093,53.106168906760516,53.1877327441251,,,,,,,,,,,,,62.98614276544833,62.76321006526036,61.70905935209413,61.077539037802545,59.502124224322756,58.0183116831233,57.88514068233958,58.69538532481917,58.574948317542784,58.59248112388348,58.528503089917926,54.5514095980357,54.463836883825806,54.39899802251185,54.26136289939012,53.11637393496541,53.07857349237026,53.26964577003469,53.64789299751517,,62.76321006526036,59.502124224322756,54.5514095980357,,,53.106168906760516,59.6925875190678,"rgba(0, 255, 0, 1.0)",1.3488981956944757,59.6925875190678,2.5645320895037558,64.77092899738177,19.629000973899664,True,False,True,False,False,9.508143418151747,0.0,0.0,0.0,0.0,0,0.8666768472997852,0.8400153492698117,False,False,False,False,0.31284751852165904,0.28773299158196775,False,False,False,False,230101,203216.1846742616,False,False,False,False,1988.2440959743585,False,False,False,False
2024-05-31 00:00:00+00:00,63.2873785144,63.2873785144,62.9389543477,63.1722049704,1659,,,,,,,,,,,,,,61.856434837346086,61.619676525224854,61.18051427756973,58.46782035916335,57.87076994871448,58.679628503714575,58.64567848584899,58.78859766988144,58.52064530990848,58.45672156110044,57.642549628173846,56.46054978339565,54.30657064359584,53.10945616391898,53.190816242208584,,,,,,,,,,,,,62.99755806445672,62.78006598530163,61.72966425093705,61.09815332249301,59.51651392280403,58.03216073842408,57.896228277999946,58.700559734387554,58.57964961908816,58.59622119718991,58.53220954698277,54.55504657651338,54.46748073568649,54.40263817607859,54.26496178101001,53.11967531234208,53.08177855642422,53.27261752534985,53.65058956153359,,62.78006598530163,59.51651392280403,54.55504657651338,,,53.10945616391898,59.70443752887185,"rgba(0, 255, 0, 1.0)",1.34967991737741,59.70443752887185,2.654659774808112,65.27527300781071,19.629000973899664,True,False,True,False,False,9.956179886359745,0.0,0.0,0.0,0.0,0,0.8691604018506507,0.8480024807650917,False,False,False,False,0.33545729119752776,0.31159514138974775,False,False,False,False,231760,204335.5499811533,False,False,False,False,1975.3325627988934,False,False,False,False
2024-06-03 00:00:00+00:00,63.22930782,63.6888405822,63.22930782,63.4035199034,1067,,,,,,,,,,,,,,61.87942103060744,61.634473846306115,61.190597592787284,58.47732494766795,57.878586124907926,58.68320598340924,58.64904572559658,58.791173895161926,58.52312838738357,58.45916505878168,57.644920012561435,56.46286789356483,54.30895401988105,53.11161362166228,53.19284036921208,,,,,,,,,,,,,63.012243853955795,62.79565763919429,61.74450978332039,61.112527731769724,59.526240795376,58.04139313401908,57.903619410863584,58.7040383373054,58.582807101658275,58.59873435186223,58.53469867198869,54.55744141962166,54.46987954065671,54.40503414033374,54.267329761447066,53.1218420764345,53.08388198263922,53.27456866223423,53.65236153681717,,62.79565763919429,59.526240795376,54.55744141962166,,,53.11161362166228,59.71317141725708,"rgba(0, 255, 0, 1.0)",1.3670574759266114,59.71317141725708,2.5720472362434026,65.28072757983915,19.629000973899664,True,False,True,False,False,9.70277159356139,0.0,0.0,0.0,0.0,0,0.903672311836202,0.829271338578503,False,False,False,False,0.3428282400426052,0.3272116907161765,False,False,False,False,230693,205369.17547208848,False,False,False,False,1939.7116779832504,False,False,False,False
2024-06-04 00:00:00+00:00,64.110046686,64.110046686,63.6938733757,63.6938733757,229,,,,,,,,,,,,,,61.88616178762639,61.63867624996456,61.19332779089534,58.4796043378778,57.88043990760766,58.684069193627714,58.64985760327411,58.791797291795405,58.52372551287695,58.45975185156799,57.64548067455737,56.463407524589556,54.30949856312739,53.112103077412826,53.193299781480626,,,,,,,,,,,,,63.02003321955796,62.80215208366899,61.748794165790116,61.11638339098123,59.528639799061814,58.043588434763514,57.905373310201774,58.70487812379958,58.58356729160492,58.599339732048804,58.53529740439344,54.55798951586208,54.47042820773565,54.40558191385717,54.26787063845461,53.12233366939141,53.08435911411762,53.27501170670901,53.65276476442412,,62.80215208366899,59.528639799061814,54.55798951586208,,,53.112103077412826,59.71578533157092,"rgba(0, 255, 0, 1.0)",1.4092449177596595,59.71578533157092,3.118167253293941,67.59649923514831,19.629000973899664,True,False,True,False,True,12.584051741303785,0.0,0.0,0.0,0.0,0,0.9067566297571139,0.7959500947769776,False,False,False,False,0.34282824118009875,0.33501996594813765,False,False,False,False,230922,206371.24702220265,False,False,False,False,1872.624945513319,False,False,False,False
2024-06-05 00:00:00+00:00,63.9164777044,64.3131973321,63.9164777044,63.9939052971,1877,,,,,,,,,,,,,,61.94180882128027,61.67368412485072,61.21612330217583,58.49847863153985,57.895784573344336,58.69123730836785,58.65659948844192,58.79697758405273,58.52868439220047,58.46462427058247,57.65012858041496,56.4678732573865,54.31399533801091,53.116141823479325,53.19709091104817,,,,,,,,,,,,,63.084238338605374,62.85614920905385,61.784500999942594,61.14844485351604,59.54854694331595,58.06175529334385,57.91989396743106,58.711852368524156,58.58987950998926,58.60436801219613,58.540269752556746,54.56251650281891,54.47495958878238,54.41010568748109,54.272337011130716,53.12639006876355,53.08829614052962,53.27866800673907,53.656093415797095,,62.85614920905385,59.54854694331595,54.56251650281891,,,53.116141823479325,59.737463873736445,"rgba(0, 255, 0, 1.0)",1.4416841322175384,59.737463873736445,2.8987027999230124,68.03072654971936,19.629000973899664,True,False,True,False,True,11.72582565672094,0.0,0.0,0.0,0.0,0,0.926883893700728,0.7884982305388123,False,False,False,False,0.3428282416651251,0.3389241038066314,False,False,False,False,229045,207260.4138056457,False,False,False,False,1872.7965162775026,False,False,False,False
2024-06-06 00:00:00+00:00,64.7585027741,64.7585027741,64.3713648111,64.3713648111,5306,,,,,,,,,,,,,,62.1240536788279,61.79026800387868,61.29145427354468,58.55665899797735,57.94280700316729,58.71358257750913,58.67760987352856,58.81317967007353,58.54412410365713,58.47977970771178,57.664420288022946,56.48143372353481,54.32744161867756,53.128148252860605,53.20836632846815,,,,,,,,,,,,,63.31598398105358,63.049602270560804,61.904109698444415,61.25281069586787,59.61102592941443,58.11744508956208,57.964427429588156,58.733604077235164,58.60953454226239,58.620043014922835,58.555754243445435,54.576072297388954,54.488521584753215,54.42363991060085,54.28568943812353,53.13844945835072,53.09999913376556,53.28954701441343,53.66601666353827,,63.049602270560804,59.61102592941443,54.576072297388954,,,53.128148252860605,59.80940395772607,"rgba(0, 255, 0, 1.0)",1.4953774376690667,59.80940395772607,3.309598427597235,70.193364070639,15.943133342920916,True,False,True,False,True,14.363225351174393,0.0,0.0,0.0,0.0,0,0.939543724784861,0.7564610998244907,False,False,False,False,0.3428282425820127,0.34087617319432206,False,False,False,False,234351,208322.78973483606,False,False,False,False,2007.4319470117182,False,False,False,False
2024-06-07 00:00:00+00:00,64.1864096492,64.1864096492,64.1864096492,64.1864096492,6,,,,,,,,,,,,,,62.12421180262444,61.79037487111923,61.29152651889255,58.55671940886092,57.94285630566558,58.7136058650284,58.67763178598867,58.813196548649564,58.544140250669585,58.4797955716019,57.66443538999234,56.48144819973779,54.327456150776115,53.12816129304792,53.208378571950924,,,,,,,,,,,,,63.31613157336695,63.04974249020293,61.90421819684158,61.252910150014166,59.611089550045534,58.11750328067526,57.96447412796089,58.73362674191878,58.60955506524816,58.620059390578966,58.555770434656054,54.5760869309311,54.488536230978255,54.42365453124181,54.2857038716141,53.13846255551508,53.10001184600109,53.28955882436866,53.66602742149015,,63.04974249020293,59.611089550045534,54.5760869309311,,,53.12816129304792,59.80946721795042,"rgba(0, 255, 0, 1.0)",1.5320313143364863,59.80946721795042,2.8569536342311705,68.67990026686984,15.943133342920916,True,False,True,False,True,11.853352716266755,0.0,0.0,0.0,0.0,0,0.9248528420274047,0.7643805728887769,False,False,False,False,0.2986597870840084,0.31976798013916524,False,False,False,False,234345,209343.26856876406,False,False,False,False,1928.9444196779255,False,False,False,False
2024-06-10 00:00:00+00:00,63.7616225192,63.7616225192,63.4519121487,63.4519121487,515,,,,,,,,,,,,,,62.134242138307634,61.79749861203394,61.29658554759333,58.5614139617329,57.94672756135941,58.7154111919289,58.67933173918733,58.81450256920649,58.545396188094536,58.48103093260741,57.665626457318375,56.482605399916,54.32863653344459,53.129227021666836,53.20937882763665,,,,,,,,,,,,,63.32104134746634,63.0561187644965,61.91134687722603,61.25988953514854,59.615914284214895,58.122059658222106,57.96813985390137,58.73538311063827,58.611149325618904,58.62133130977983,58.55702953980398,54.577273808266476,54.48972476174471,54.42484144122089,54.28687652618201,53.13953289004089,53.10105090748945,53.290523301599706,53.66690438898079,,63.0561187644965,59.615914284214895,54.577273808266476,,,53.129227021666836,59.813525655798074,"rgba(0, 255, 0, 1.0)",1.558536981462464,59.813525655798074,2.5332070463270013,65.732709307113,20.066576597392213,True,False,True,False,False,10.043625325658205,0.0,0.0,0.0,0.0,0,0.9046519560299565,0.7833360195958423,False,False,False,False,0.23309583586817353,0.2764319080036694,False,False,False,False,233830,210303.53254645958,False,False,False,False,1873.4956189062423,False,False,False,False
2024-06-11 00:00:00+00:00,63.700841859,63.700841859,63.5583750886,63.5583750886,144,,,,,,,,,,,,,,62.13701413291956,61.79947542244443,61.297993238225985,58.562723773564215,57.94780811859662,58.715915232834845,58.6798063780868,58.81486724253276,58.545746906926425,58.48137591282905,57.66595912932469,56.4829286729222,54.32896635075539,53.12952483079801,53.20965834183092,,,,,,,,,,,,,63.322368971167414,63.057863115157296,61.91332407353091,61.26182973324276,59.617259601947005,58.123331177267495,57.969163083537914,58.73587348587311,58.61159447497012,58.62168648310141,58.557381141897,54.577605433614565,54.490056851289886,54.42517307963977,54.28720418551116,53.13983198590936,53.101341266118794,53.290792817679545,53.6671494482703,,63.057863115157296,59.617259601947005,54.577605433614565,,,53.12952483079801,59.8146512893912,"rgba(0, 255, 0, 1.0)",1.5828559471471833,59.8146512893912,2.4551764022575577,63.493693764740115,17.97013339369333,True,False,True,False,False,9.785686273994902,0.0,0.0,0.0,0.0,0,0.9122834019090504,0.7706237424715062,False,False,False,False,0.23563910901414017,0.2560355085089048,False,False,False,False,233686,211220.49205444157,False,False,False,False,1805.672261302076,False,False,False,False
2024-06-12 00:00:00+00:00,64.2261880749,64.8843226121,64.1690852254,64.5842906908,1045,,,,,,,,,,,,,,62.16693592057071,61.81962658950281,61.31149552820761,58.573649474849965,57.9566983961745,58.720142260087265,58.683783137496,58.817934638662884,58.548675672678726,58.48425208940108,57.668683815772155,56.4855266439001,54.331557526300635,53.13184425401589,53.21183644960924,,,,,,,,,,,,,63.35347928243534,63.08627057829678,61.93385553365041,61.28033769602803,59.62886080975084,58.13382870992941,57.9775861241021,58.73998824910414,58.61531758663213,58.62465828534128,58.56031815686072,54.58021625403445,54.49266937169778,54.42778063024027,54.28977753645797,53.14216158402069,53.103602263889165,53.29289416194987,53.669065132462954,,63.08627057829678,59.62886080975084,54.58021625403445,,,53.13184425401589,59.82667213151808,"rgba(0, 255, 0, 1.0)",1.6175191599370036,59.82667213151808,2.71991581450773,63.58030302706952,17.97013339369333,True,False,True,False,False,11.484741604720096,0.0,0.0,0.0,0.0,0,0.9361321249418625,0.7434873792418378,False,False,False,False,0.33831106875749545,0.29717328863320014,False,False,False,False,234731,212142.47275818896,False,False,False,False,1775.841976545132,False,False,False,False
2024-06-13 00:00:00+00:00,63.9939052971,63.9939052971,63.6648380284,63.9261561535,23300,,,,,,,,,,,,,,62.554429922955265,62.12116067063982,61.53733347414568,58.78547213148186,58.13267295009998,58.80398683849174,58.76280336471036,58.878936922574866,58.607272142442824,58.54187872110275,57.724039956384544,56.53908851360713,54.385903359641546,53.18084209377867,53.25784432517022,,,,,,,,,,,,,63.55825449571563,63.338716444596095,62.23437534439446,61.58070687665477,59.8460544833404,58.339715355350606,58.1445190122114,58.82160818715837,58.689476680975474,58.6840175898082,58.61906457637756,54.634884868946806,54.54740442895592,54.482434826486156,54.34376567696937,53.191370856092696,53.15137815729659,53.337269791866646,53.70945759334239,,63.338716444596095,59.8460544833404,54.634884868946806,,,53.18084209377867,60.00202887320626,"rgba(0, 255, 0, 1.0)",1.6443187895204934,60.00202887320626,2.4276779231220913,62.50680232328834,16.918155568645233,True,False,True,False,False,10.479954156411189,0.0,0.0,0.0,0.0,0,0.9262546222970023,0.7776167836556722,False,False,False,False,0.2580139518355765,0.2775936202343883,False,False,False,False,211431,212114.57186571095,False,False,False,False,2619.9266049159114,False,False,False,False
2024-06-14 00:00:00+00:00,63.0938095329,63.0938095329,63.0938095329,63.0938095329,156,,,,,,,,,,,,,,62.55524356126221,62.122110844241874,61.53824771416935,58.78662238603106,58.133658867544895,58.8044531147953,58.76324393180986,58.879276684643905,58.6076020111094,58.54220393242868,57.724360130266284,56.53940620303539,54.386235030922705,53.1811445285775,53.25812821120963,,,,,,,,,,,,,63.55705780871919,63.338198783246774,62.235261054653996,61.58187459051124,59.847163951626946,58.34085472180573,58.1454553479256,58.82206197234307,58.689891685146144,58.68435078100847,58.61939514113673,54.635217632015525,54.54773790424208,54.482768038309416,54.34409531806121,53.191674564702055,53.15167315165917,53.33754347414077,53.709706030748166,,63.338198783246774,59.847163951626946,54.635217632015525,,,53.1811445285775,60.002601247686584,"rgba(0, 255, 255, 0.75)",1.6537865611862468,60.002601247686584,1.8691700354585794,58.0701893719932,12.696106908282346,True,False,True,False,False,6.725573387528552,0.0,0.0,0.0,0.0,0,0.9082228511857905,0.7805154178624927,False,False,False,False,0.17669000889731132,0.2271418145658498,False,False,False,False,211275,212081.64747882032,False,False,False,False,2523.302032174111,False,False,False,False
2024-06-17 00:00:00+00:00,63.8390501118,63.8390501118,63.2486647181,63.2486647181,1536,,,,,,,,,,,,,,62.571152258000254,62.136593256466924,61.550346092673585,58.799353210494324,58.144416531136784,58.80962506289378,58.768125809690545,58.88305406829317,58.61124410926989,58.54578906938476,57.72783236616204,56.542794180663606,54.389704972684406,53.18428606460724,53.26107833507172,,,,,,,,,,,,,63.559165746026224,63.34439775217541,62.24939466878931,61.597412568491805,59.85988614872263,58.35333514322359,58.1556754900302,58.827097855916755,58.69448206584291,58.688036457388385,58.62304595898055,54.63870502074521,54.551230590853464,54.486256389895324,54.3475430513791,53.194829502788565,53.15473695194418,53.34038880892503,53.71229440362689,,63.34439775217541,59.85988614872263,54.63870502074521,,,53.18428606460724,60.01129201272535,"rgba(0, 255, 0, 1.0)",1.6734565576049867,60.01129201272535,2.287336400625094,57.55358272394233,12.243056084708407,False,False,True,False,False,9.168386467294276,0.0,0.0,0.0,0.0,0,0.9128398270322062,0.7517271252396701,False,False,False,False,0.2261062395161797,0.22662402704101475,False,False,False,False,212811,212110.24953847443,False,False,False,False,2484.584305422185,False,False,False,False
2024-06-18 00:00:00+00:00,64.9811071029,64.9811071029,64.3132941166,64.3132941166,5394,,,,,,,,,,,,,64.75850277413333,62.67807565063815,62.22147250228551,61.61384597392795,58.85372008386853,58.18946690376784,58.83187523841172,58.78910098732614,58.89937201125034,58.6268210238402,58.56108801554181,57.74228891151347,56.55653288768533,54.40333744634803,53.196479268379456,53.27253761925699,,,,,,,,,,,,,63.65504161011825,63.43887693676234,62.33489029815739,61.67896782490696,59.91688293052867,58.40585375561837,58.19850767891226,58.84877979413662,58.71415663640427,58.703842696988794,58.638666591959534,54.65244606863727,54.564978102031915,54.49997638034643,54.361081908856576,53.20707582809811,53.16662565204196,53.351449715485685,53.72239394906203,,63.43887693676234,59.91688293052867,54.65244606863727,,,53.196479268379456,60.36849494400516,"rgba(0, 255, 0, 1.0)",1.7197030864917537,60.36849494400516,2.682214270083511,60.04253103465784,12.243056084708407,True,False,True,False,True,12.656484405477162,0.0,0.0,0.0,0.0,0,0.9242041863710884,0.7411405425054225,False,False,False,False,0.3428282427355288,0.2847261348882718,False,False,False,False,218205,212349.25936049502,False,False,False,False,2598.6790385428835,False,False,False,False
2024-06-20 00:00:00+00:00,64.2165096258,64.2649018712,64.1197251351,64.2649018712,6838,,,,,,,,,,,,,64.44649727984863,62.76690611780406,62.299484250332895,61.67715864774339,58.914850400233966,58.24092493380874,58.85720992064539,58.81301464389073,58.91797036525687,58.644667717271176,58.57863769453655,57.75907924955136,56.57270293252071,54.419639267086204,53.21115539270416,53.28632751787513,,,,,,,,,,,,,63.705221474118424,63.49833829735537,62.412135126210146,61.75882243459025,59.97914654001722,58.465464946974514,58.2474616950618,58.873464864554876,58.73662924720969,58.72192620055539,58.65655941873984,54.6688530469359,54.58140144060775,54.516373273546975,54.37727605649977,53.22181501975666,53.180938073837844,53.36475635438731,53.734524525448585,,63.49833829735537,59.97914654001722,54.6688530469359,,,53.21115539270416,60.39945934024761,"rgba(0, 255, 0, 1.0)",1.7448200502671785,60.39945934024761,2.1876469639192297,58.97418691686734,12.243056084708407,True,False,True,False,True,9.594416087468556,0.0,0.0,0.0,0.0,0,0.9012156220400751,0.7451780326021639,False,False,False,False,0.2905659915094411,0.28764606319885644,False,False,False,False,211367,212310.73938557366,False,False,False,False,2764.926919384339,False,False,False,False
2024-06-21 00:00:00+00:00,63.5838294097,63.7567832947,63.2786679103,63.7567832947,1073,,,,,,,,,,,,,64.37337222299632,62.7739185774086,62.30710934902167,61.68428550907973,58.9231330557766,58.248033480525216,58.860674845362716,58.8162901464485,58.92051343302029,58.64712603843057,58.58105918760936,57.76143661998985,56.575014865088455,54.42201993605205,53.213316548957124,53.28835744579827,,,,,,,,,,,,,63.70286639569708,63.49883968724533,62.41941459117037,61.767629328344796,59.987249467608926,58.47364311069307,58.25422659099802,58.87683990838666,58.73971453818441,58.72441214714971,58.6590233379237,54.67124438413764,54.58379682159178,54.518766020883845,54.37964178956158,53.223985310649915,53.183046131432334,53.36671431128693,53.73630548247549,,63.49883968724533,59.987249467608926,54.67124438413764,,,53.213316548957124,60.400559486152076,"rgba(0, 255, 255, 0.75)",1.7551538755095069,60.400559486152076,1.813669996668439,56.31473146623405,11.27951634396382,False,False,True,False,False,7.170746692540856,0.0,0.0,0.0,0.0,0,0.8856994800824666,0.7438861347797583,False,False,False,False,0.21573057430115603,0.25168831875000625,False,False,False,False,210294,212231.65156653157,False,False,False,False,2698.5768441143646,False,False,False,False
2024-06-24 00:00:00+00:00,63.8293716627,63.9455130517,63.6464489752,63.9455130517,19473,,,,,,,,,,,,,64.03696364653608,62.919996850270834,62.45767086644242,61.82212361319037,59.076871549494975,58.38015984236429,58.92622045158632,58.87827608089574,58.96882734766275,58.69372959557087,58.62694517724462,57.8058510842178,56.618307651769754,54.46627036940529,53.253392438111035,53.32601491994211,,,,,,,,,,,,,63.724266153820025,63.55436209562752,62.56494315361091,61.935587980560584,60.13875274089111,58.62520932245758,58.38012171566061,58.94071736162532,58.79810692767038,58.77156626043334,58.70573681754229,54.715721457817914,54.628338227184514,54.563251038926445,54.42361118611079,53.26423079467416,53.222138768762186,53.40304759807081,53.76939295151224,,63.55436209562752,60.13875274089111,54.715721457817914,,,53.253392438111035,60.48032403891716,"rgba(0, 255, 255, 0.75)",1.7718552828840926,60.48032403891716,1.8901360941461935,55.22835492900602,10.22520770918193,False,False,True,False,False,7.931711915329178,0.0,0.0,0.0,0.0,0,0.8938670828131983,0.7553096199604966,False,False,False,False,0.24626623179386978,0.24897727527193803,False,False,False,False,229767,212919.3122894127,False,False,False,False,3356.3973600314484,False,False,False,False
2024-06-25 00:00:00+00:00,63.4131983524,63.6029927388,63.2109187667,63.2389862691,5116,,,,,,,,,,,,,63.9521883609674,62.93751170863826,62.48211435374465,61.84874064417309,59.1124047823004,58.41136683779965,58.941772602028095,58.893011928830425,58.980331115454334,58.704891774217195,58.63795096814987,57.81664489784009,56.628970738043094,54.4773343380658,53.26347579980458,53.33548965303539,,,,,,,,,,,,,63.708134978040036,63.547796177821105,62.58757594661342,61.966792603761085,60.17247801719569,58.66066088984733,58.409898859425326,58.95587539516027,58.812023898641996,58.78284204451511,58.71692250044947,54.726826351778016,54.63946458382196,54.57436741901793,54.434607822375355,53.27435616517074,53.23197716321969,53.412187646145654,53.77770643947516,,63.547796177821105,60.17247801719569,54.726826351778016,,,53.26347579980458,60.49402218227036,"rgba(0, 255, 255, 0.75)",1.7827377147140213,60.49402218227036,1.6374681177359394,53.21889894096282,8.266674297391724,False,False,False,False,False,6.353212615033019,0.0,0.0,0.0,0.0,0,0.9015078442027642,0.7438473432039034,False,False,False,False,0.20368711197858372,0.22633219362526086,False,False,False,False,224651,213379.37847414162,False,False,False,False,3425.4013851282543,False,False,False,False
2024-06-26 00:00:00+00:00,63.1320394068,63.1809155746,62.8034560606,62.8034560606,12302,,,,,,,,,,,,,63.72833669276555,62.94554335480768,62.514506404239846,61.89487767181702,59.18834766503335,58.479402089616194,58.975668409733224,58.925183582877615,59.00545849766172,58.72942186495771,58.66217177409921,57.84072332348525,56.653082097195345,54.50272900087646,53.286758789617195,53.35736532258037,,,,,,,,,,,,,63.634797485763904,63.4979170539045,62.614906789848035,62.01873916098275,60.241836973103766,58.73731300114628,58.47488073485287,58.98891138534731,58.84247972700368,58.8075807346216,58.74149793927549,54.75227979644834,54.66497942945785,54.59986857185069,54.45985428340658,53.29773479131773,53.25469926732837,53.43328628351521,53.79687238346061,,63.4979170539045,60.241836973103766,54.75227979644834,,,53.286758789617195,60.51290926772011,"rgba(38, 166, 154, 1.0)",1.7897823852058845,60.51290926772011,1.4633791016881634,51.03896252621451,6.163546168591765,False,True,False,False,False,5.299581348839581,0.0,0.0,0.0,0.0,0,0.8807313523606126,0.7701383296053347,False,False,False,False,0.15907560628929773,0.1927038999572793,False,False,False,False,212349,213338.97147515567,False,False,False,False,3773.503291593813,False,False,False,False
2024-06-27 00:00:00+00:00,62.9679896949,63.2825347574,62.9679896949,63.1350917593,1342,,,,,,,,,,,,,63.71126813791585,62.946634986731105,62.518028057655634,61.89983850111922,59.196526437657795,58.486757585552766,58.979362824811886,58.92869172985879,59.00820375399133,58.732102015847445,58.664818275227944,57.84335367431557,56.655715347347915,54.50550115124072,53.28930081633065,53.35975409734912,,,,,,,,,,,,,63.62815995538565,63.49342095509705,62.617912687492755,62.024281919696186,60.24929027903184,58.74557764272707,58.48191131470802,58.992512916205015,58.84580229218521,58.81028360816821,58.74418302544412,54.755058398927794,54.66776469195579,54.60265232999754,54.4626102988911,53.30028723425185,53.25718020730392,53.43559043256305,53.79896604107591,,63.49342095509705,60.24929027903184,54.755058398927794,,,53.28930081633065,60.51543243057178,"rgba(38, 166, 154, 1.0)",1.7944789537655257,60.51543243057178,1.3667238945220206,49.090272393892015,4.288236422472011,False,True,False,False,False,4.685128292912946,0.0,0.0,0.0,0.0,0,0.8893637862286785,0.7615009113570568,False,False,False,False,0.17331241576546264,0.18300815786137098,False,False,False,False,211007,213247.52161338486,False,False,False,False,3678.1502213352323,False,False,False,False
2024-06-28 00:00:00+00:00,63.3906596226,63.3906596226,62.8205466969,63.0564554937,1415,,,,,,,,,,,,,63.697622748373036,62.948910985568794,62.52253769866203,61.90558903731564,59.20539594226163,58.494703111561265,58.98337236871527,58.932498144958146,59.01118520560367,58.73500746282911,58.667686091901096,57.846191943562786,56.65854473980161,54.50846572243329,53.29201467934323,53.3623046601201,,,,,,,,,,,,,63.622900934277276,63.49019154625345,62.6219179806269,62.03076796848343,60.25746037103605,58.75451411768739,58.48950677083222,58.996422193483745,58.84940567955271,58.813215124547,58.74709403778028,54.75803111629902,54.670744082738274,54.60562978543181,54.46555742057522,53.30301224950045,53.25982878095068,53.43805092401614,53.801202966280925,,63.49019154625345,60.25746037103605,54.75803111629902,,,53.29201467934323,60.51876059837899,"rgba(0, 255, 255, 0.75)",1.7997306787695564,60.51876059837899,1.5957382168894705,49.303203571184625,4.288236422472011,False,True,False,False,False,6.071795343193749,0.0,0.0,0.0,0.0,0,0.8881578292408768,0.7654266672375715,False,False,False,False,0.17120499661805105,0.17710657723971102,False,False,False,False,212422,213215.14821678153,False,False,False,False,3589.3992322632625,False,False,False,False
2024-07-01 00:00:00+00:00,62.9385010953,63.1596655923,62.8107171637,63.0564554937,578,,,,,,,,,,,,,63.689762237767795,62.94898654197353,62.52374100363241,61.90750703768919,59.2087988480783,58.497782069773564,58.984918409782495,58.93396699704857,59.01233476863851,58.736131860180215,58.66879685366025,57.84730047734421,56.65965900445957,54.50964394463822,53.29309697885475,53.36332168234168,,,,,,,,,,,,,63.61963490839189,63.48785676373152,62.622891519360124,62.032877774398344,60.26052378739065,58.75796507201576,58.492450556668004,58.99792934588905,58.85079782961954,58.81434847955606,58.748220417346666,54.75921160426512,54.67192756604197,54.60681275414938,54.46672887088064,53.30409896555684,53.26088513551676,53.43903185775712,53.80209395260292,,63.48785676373152,60.26052378739065,54.75921160426512,,,53.29309697885475,60.519664718437596,"rgba(38, 166, 154, 1.0)",1.7998356061148084,60.519664718437596,1.343920727340088,47.97399368158811,3.012195605653865,False,True,False,True,False,4.3633222348776535,0.0,0.0,0.0,0.0,0,0.8843240172581254,0.7623779188613062,False,False,False,False,0.158329140452105,0.167717858845908,False,False,False,False,211844,213161.37769847637,False,False,False,False,3471.3051447235266,False,False,False,False
2024-07-02 00:00:00+00:00,62.7910580973,62.8008876305,62.5453197672,62.5453197672,697,,,,,,,,,,,,,63.67720034606881,62.9479506982552,62.52435139163699,61.90925287203047,59.21261409519122,58.50127607268765,58.98666092190031,58.9356240409903,59.013630077220945,58.73740462825051,58.67005548051232,57.8485695104039,56.66094740409009,54.51102112287928,53.294367100592304,53.36451497605631,,,,,,,,,,,,62.71242183166668,63.61419829115266,63.483685377682114,62.62319278339765,62.03471426601899,60.263858863298225,58.76186532808631,58.49579163689596,58.99962767528384,58.85237059310094,58.81562980502797,58.74949518956449,54.760590102031024,54.67331003521534,54.608194969974186,54.46809835493451,53.30537422900435,53.262124930455855,53.44018256403092,53.80313800918384,,63.483685377682114,60.263858863298225,54.760590102031024,,,53.294367100592304,60.71829584837966,"rgba(38, 166, 154, 1.0)",1.800326910347695,60.71829584837966,1.1513254826147274,46.62182325807852,1.5743691354241207,False,True,False,True,False,3.810696792523956,0.0,0.0,0.0,0.0,0,0.8563676817973377,0.7785835221066764,False,False,False,False,0.12518730752412824,0.14645258318501814,False,False,False,False,211147,213082.38249461455,False,False,False,False,3362.5088645382907,False,False,False,False
2024-07-03 00:00:00+00:00,63.6903620899,63.6903620899,63.1744098921,63.1744098921,668,,,,,,,,,,,,,63.67526772235917,62.950334496948805,62.52742377570893,61.91259086016625,59.217103059954376,58.50525911108857,58.98869033145316,58.937549381375625,59.015140956603226,58.73887084449401,58.6715013589309,57.849986552587076,56.662346068269116,54.51247022963445,53.29568819678805,53.36575691259447,,,,,,,,,,,,63.10683848841129,63.61365110718932,63.483863321474296,62.62607041684407,62.03854716256044,60.26809595683959,58.76635720977617,58.49959983117412,59.00160689592455,58.85419118688129,58.817110849399036,58.750964465580836,54.76204465511748,54.67476732530113,54.60965093031691,54.46953869944456,53.30670079378435,53.263414145170415,53.44138096119802,53.8042288937581,,63.483863321474296,60.26809595683959,54.76204465511748,,,53.29568819678805,60.74026460610662,"rgba(0, 255, 255, 0.75)",1.8123124790156957,60.74026460610662,1.6278084038772591,48.92637521831411,1.5743691354241207,False,True,False,False,False,6.767736181132683,0.0,0.0,0.0,0.0,0,0.8669877029552936,0.7795401609678919,False,False,False,False,0.20644674607394467,0.17644966462948142,False,False,False,False,211815,213032.68122031595,False,False,False,False,3256.841850242671,False,False,False,False
2024-07-05 00:00:00+00:00,64.3292817481,64.3292817481,63.8329886167,63.8329886167,1983,,,,,,,,,,,,,63.69230142641847,62.965204346601695,62.54230208936243,61.92636931916007,59.23236535973723,58.51856346726458,58.99556101600766,58.944059372112534,59.020262157008155,58.743805205085486,58.676359390901624,57.85466750016243,56.66688531498106,54.51707736885044,53.29985544104224,53.36967617002705,,,,,,,,,,,,63.73290038330595,63.62282264216805,63.49406166649387,62.64060619985267,62.05472203762912,60.283094319532815,58.781446271251376,58.51232032580709,59.008310314039136,58.860334148604835,58.82210481812382,58.75591058801625,54.76667782922079,54.67940609691572,54.61428318975303,54.47411655931931,53.31088554486288,53.26748011958239,53.445164566302466,53.80768089291561,,63.49406166649387,60.283094319532815,54.76667782922079,,,53.29985544104224,60.78248558402407,"rgba(0, 255, 255, 0.75)",1.8370170680914784,60.78248558402407,1.930736641309915,52.29323031305551,-2.793969290192152,False,True,False,False,True,8.762359421978235,0.0,0.0,0.0,0.0,0,0.8864794084422748,0.7743131725552685,False,False,False,False,0.27803376296494886,0.22724171379721514,False,False,False,False,213798,213062.69372148003,False,False,False,False,3206.8872678802136,False,False,False,False
2024-07-08 00:00:00+00:00,64.3539538764,64.3539538764,63.7740114175,64.2163404116,3369,,,,,,,,,,,,,63.718490374145254,62.98958341309411,62.56691978484445,61.94936236677881,59.25806356947782,58.54101114517117,59.00718494540118,58.95507557750221,59.028934039788204,58.75216289057115,58.68458840907357,57.862600221906256,56.67458134781376,54.524891948449984,53.30692593075695,53.37632625959696,,,,,,,,,,,,63.94743869458913,63.63763438547326,63.51062435252677,62.664630824732775,62.081603954088564,60.308291738088606,58.80687401107733,58.53378899921729,59.019652131388334,58.87073185479872,58.830562834757195,58.76428808925721,54.77453617203016,54.68727404212378,54.622140192702425,54.481881594644435,53.317985697621424,53.27437898667377,53.45158464604287,53.81353854768513,,63.51062435252677,60.308291738088606,54.77453617203016,,,53.30692593075695,60.81132294984707,"rgba(0, 255, 255, 0.75)",1.8611908901363876,60.81132294984707,1.9034215916956956,54.60602197217096,-0.629586539946672,False,False,True,False,True,8.838569125485431,0.0,0.0,0.0,0.0,0,0.8841337634460695,0.7693593542271283,False,False,False,False,0.27610794740993366,0.25167483060357443,False,False,False,False,217167,213223.64690887296,False,False,False,False,3213.244629924127,False,False,False,False
2024-07-09 00:00:00+00:00,63.6757160855,64.3244652768,63.6757160855,63.8428181499,1399,,,,,,,,,,,,,63.72242717793232,62.99716108751935,62.575237254423506,61.95762863871776,59.26807583106495,58.54983713695871,59.01174565204213,58.95940107057942,59.032338419975964,58.7554538722258,58.68783101085316,57.86574819985535,56.67765800301461,54.5280429067769,53.30978668215929,53.37901660808407,,,,,,,,,,,,63.93787652637333,63.640510126382466,63.51451885862812,62.672633628921396,62.091149591494464,60.31793611155311,58.81683619231818,58.54223273780986,59.02410186654325,58.874818906716406,58.833890567483465,58.767586452972566,54.777702241671676,54.690444870975654,54.62530727340401,54.48501301364892,53.32085836263375,53.27717058054191,53.454181538762455,53.815905920897734,,63.51451885862812,60.31793611155311,54.777702241671676,,,53.30978668215929,60.8170178691719,"rgba(0, 255, 255, 0.75)",1.8725560186736587,60.8170178691719,1.5266289434443365,53.556975678880946,-0.629586539946672,False,True,True,False,True,6.217348837119019,0.0,0.0,0.0,0.0,0,0.8821661125158718,0.7743916618649912,False,False,False,False,0.2689518444523163,0.2603133375279454,False,False,False,False,215768,213323.4254614662,False,False,False,False,3142.0977816918084,False,False,False,False
2024-07-10 00:00:00+00:00,64.3786260048,64.3786260048,63.7740114175,63.7740114175,413,,,,,,,,,,,,,63.72545287629914,63.00007890022734,62.57820011048727,61.960413219444405,59.27120504188217,58.55257586827186,59.01316895973813,58.96075028250647,59.03340143099173,58.75647848422869,58.6888398934267,57.86672082841287,56.67860163992301,54.52900100989492,53.310653658029786,53.37983209795565,,,,,,,,,,,,63.94945986084848,63.64229524639064,63.516510423231594,62.67552401063582,62.094391478179254,60.32099966036573,58.819934482239084,58.54485291604407,59.02549077346986,58.876092672093854,58.83492744338098,58.76861348723336,54.77866570530421,54.691409508784005,54.62627057091267,54.485965051256976,53.321728971361885,53.27801653745568,53.45496885754509,53.81662435259221,,63.516510423231594,60.32099966036573,54.77866570530421,,,53.310653658029786,60.819786282836404,"rgba(0, 255, 255, 0.75)",1.895774690228314,60.819786282836404,1.8772482512333741,54.963192594871046,-0.3192482520157114,False,False,True,False,True,8.41876976237781,0.0,0.0,0.0,0.0,0,0.8872936249642674,0.7745173193677432,False,False,False,False,0.2774927870446344,0.2689030622862899,False,False,False,False,216181,213435.48720807536,False,False,False,False,3035.0743392725217,False,False,False,False
2024-07-11 00:00:00+00:00,65.110827933,65.4057139291,64.6881580053,64.8945782026,24773,,,,,,,,,,,,65.06823328913333,64.10854109353384,63.26722382123977,62.82687317590558,62.17792620576588,59.484695629118434,58.73739335071841,59.11162163920966,59.054034569275245,59.107279888370165,58.82722620846378,58.75840210218802,57.93268097504207,56.741448353670876,54.59140127825753,53.366649850018945,53.43254211076904,,,,,,,,,,,,64.7817033939366,63.87951111012988,63.7535463697639,62.92276827405434,62.34798250634261,60.536773901159265,59.029309554224525,58.72186460006195,59.12163241378246,58.964052352009084,58.906648479443994,58.83954720007519,54.841543815620426,54.754317217778215,54.68905725254189,54.54795100554089,53.37796273055031,53.332649943549484,53.50589167801772,53.863227668169124,,63.7535463697639,60.536773901159265,54.841543815620426,,,53.366649850018945,61.35014835688675,"rgba(0, 255, 255, 0.75)",1.9327841489089932,61.35014835688675,1.9457317974363841,57.72703576112839,2.3597704809680664,False,False,True,False,True,10.609315577432458,0.0,0.0,0.0,0.0,0,0.9057962998655128,0.7643229770598768,False,False,False,False,0.3428282434281288,0.30586565285720935,False,False,False,False,240954,214514.64457246455,False,False,False,False,3887.542012242227,False,False,False,False
2024-07-12 00:00:00+00:00,64.7471352045,65.0813393334,64.7471352045,65.0813393334,313,,,,,,,,,,,,65.06561688676912,64.11123483263277,63.26981666912856,62.82943349126211,62.1802945502933,59.48719494889514,58.73958629434615,59.112802014400515,59.0551545050738,59.108169322850856,58.828080248571965,58.75924241172733,57.93348237037386,56.742216536470785,54.592169276125254,53.36734131709225,53.433193098812474,,,,,,,,,,,,64.78241881227628,63.88156459222306,63.75567493429287,62.92529227065515,62.350684495949054,60.53925438444998,59.03177647984867,58.723967792476415,59.12278542484624,58.965110085939955,58.907513617624694,58.84040338166208,54.84231715819893,54.75509109963454,54.68982978520773,54.54871401768752,53.378657101491456,53.33332470636376,53.50652060012916,53.86380304534402,,63.75567493429287,60.53925438444998,54.84231715819893,,,53.36734131709225,61.35189163943052,"rgba(0, 255, 255, 0.75)",1.9600050172653185,61.35189163943052,1.7322626907387537,58.173663003409246,2.8593636321788836,False,False,True,False,True,9.205154671430858,0.0,0.0,0.0,0.0,0,0.9172766063594384,0.7584034863613764,False,False,False,False,0.32831708122905034,0.31709136704312985,False,False,False,False,240641,215539.20753040712,False,False,False,False,3747.363894115081,False,False,False,False
2024-07-15 00:00:00+00:00,64.3079516611,64.7962828706,64.0983860132,64.4945162012,1228,,,,,,,,,,,,65.03459519259214,64.11525950393775,63.277001102710635,62.83716477471206,62.187965138142474,59.496144598976315,58.74753239654608,59.117059829798535,59.05919802596246,59.111378690243896,58.83117447682063,58.762289773031824,57.9364170413728,56.74505909711531,54.595046998965024,53.369945348712115,53.435644140808996,,,,,,,,,,,,64.76897170309807,63.885803144329195,63.760514495094434,62.9328022124163,62.35930498858514,60.547930433798236,59.040676272459045,58.731590833175574,59.12694399689467,58.968934276796,58.910644560950324,58.84350483709451,54.84521149703309,54.75798866277624,54.69272318640145,54.55157363231878,53.381271958002046,53.33586616200126,53.50888794154838,53.86596591304079,,63.760514495094434,60.547930433798236,54.84521149703309,,,53.369945348712115,61.35533858051345,"rgba(38, 166, 154, 1.0)",1.977070562830407,61.35533858051345,1.493428275194968,56.879884634469114,2.8593636321788836,False,False,True,False,True,7.5370241693726925,0.0,0.0,0.0,0.0,0,0.8972125604259971,0.761830145746117,False,False,False,False,0.26819389977275593,0.2926426334079429,False,False,False,False,239413,216475.43468607744,False,False,False,False,3648.565310032137,False,False,False,False
2024-07-16 00:00:00+00:00,64.8325538481,64.8325538481,64.8325538481,64.8325538481,97,,,,,,,,,,,,65.03385315289596,64.11604594866408,63.27778119926742,62.83793992515487,62.18868653699865,59.49691224203995,58.74820696540935,59.117423316922334,59.05954295464412,59.111652708579626,58.83143767617274,58.76254876225084,57.93666421035117,56.74529619723181,54.59528424274368,53.3701590368514,53.435845322648156,,,,,,,,,,,,64.76914821907017,63.88641313169746,63.76114929872326,62.93356564216231,62.360126162504514,60.54869069273317,59.041434526117406,58.73223788974877,59.127299068551686,58.96926010901849,58.91091115639225,58.84376869258344,54.84545037163908,54.758227710614776,54.69296182275001,54.551809340149134,53.3814865424598,53.33607469236993,53.50908230402186,53.866143719658645,,63.76114929872326,60.54869069273317,54.84545037163908,,,53.3701590368514,61.355868484545184,"rgba(0, 255, 255, 0.75)",2.003497872698494,61.355868484545184,1.7353077389955516,57.48021114945071,2.8593636321788836,False,False,True,False,True,9.127594336714196,0.0,0.0,0.0,0.0,0,0.9025375297680365,0.749919336343485,False,False,False,False,0.3105987651015576,0.3016206992547502,False,False,False,False,239510,217378.75097289792,False,False,False,False,3509.2882390504847,False,False,False,False
2024-07-17 00:00:00+00:00,64.9459866612,65.1501460658,64.9459866612,65.1501460658,1113,,,,,,,,,,,,65.03305195153892,64.12720270826578,63.2877148661375,62.84759663404338,62.197502226562754,59.50600363468345,58.756166988717474,59.121723082402454,59.063622125204574,59.11489466289881,58.83454731516216,58.76560768554712,57.93957362216796,56.74807677242457,54.59805388987411,53.372649185366186,53.43818997242326,,,,,,,,,,,,64.7767083201768,63.89468826753923,63.769604509144685,62.94311469010326,62.37019840464347,60.55776355693415,59.05039292694304,58.739873141152316,59.13149958094544,58.97311183454542,58.91406211461762,58.84688626432636,54.84824024839532,54.76101918579256,54.69574818206833,54.55456086200294,53.38398717148249,53.33850463938166,53.51134772174514,53.86821725742546,,63.769604509144685,60.55776355693415,54.84824024839532,,,53.372649185366186,61.363121705629155,"rgba(0, 255, 255, 0.75)",2.0311978470812067,61.363121705629155,1.7639172672023806,58.18793623685449,3.2844879895255445,False,False,True,False,True,9.46848888124794,0.0,0.0,0.0,0.0,0,0.8909982926037788,0.7396477485064047,False,False,False,False,0.34282823922895966,0.32222446924185494,False,False,False,False,240623,218290.29015043136,False,False,False,False,3415.316151244583,False,False,False,False
2024-07-18 00:00:00+00:00,64.6021495898,64.6021495898,64.6021495898,64.6021495898,107,,,,,,,,,,,,65.03138329847874,64.12776931267787,63.28843744293416,62.84834483829525,62.198223322898286,59.50681083080444,58.75688087433091,59.122107244412106,59.06398686329592,59.115184397272174,58.83482618503147,58.765882227530376,57.93983691957307,56.7483306735439,54.59830955055684,53.37288005542834,53.43840731036805,,,,,,,,,,,,64.77619178853548,63.89518703122082,63.77014430059981,62.94384641914694,62.37101246058262,60.55855340831868,59.05119335645642,58.74055806654648,59.1318748347599,58.973456637538185,58.91434442278725,58.84716580494891,54.84849751308343,54.76127669096179,54.69600528399144,54.55481489385081,53.38421900465569,53.33872995355317,53.5115576672665,53.86840919444164,,63.77014430059981,60.55855340831868,54.84849751308343,,,53.37288005542834,61.36355733645526,"rgba(0, 255, 255, 0.75)",2.051166466653295,61.36355733645526,1.5789026907352235,57.28318388626441,3.2844879895255445,False,False,True,False,True,8.13772023808157,0.0,0.0,0.0,0.0,0,0.8958831828018415,0.7487644514048811,False,False,False,False,0.2677181112339746,0.2949712902379148,False,False,False,False,240516,219161.88661512034,False,False,False,False,3285.578262960482,False,False,False,False
2024-07-19 00:00:00+00:00,64.1161774683,64.4817378081,64.0492383472,64.4817378081,851,,,,,,,,,,,,65.00701242298624,64.1285959370747,63.292473963990005,62.8529666903727,62.20302359092407,59.51273539420957,58.762177453038625,59.12494535641085,59.06668372304996,59.11732543307033,58.836894607972404,58.76792030131606,57.94180883554791,56.75025010452032,54.6002638975848,53.37465271329351,53.44007573364972,,,,,,,,,,,,64.76330471980414,63.89697425691851,63.77243016109955,62.94829235304931,62.37634807443372,60.564225053002936,59.0571085790202,58.74564102060227,59.13464679653404,58.97600927878238,58.916436221852344,58.84923887961873,54.85046208029298,54.763243817246504,54.697969862497956,54.556757132091455,53.38599899162061,53.34046014792996,53.51316896824608,53.86988052858984,,63.77243016109955,60.564225053002936,54.85046208029298,,,53.37465271329351,61.36514601291871,"rgba(38, 166, 154, 1.0)",2.054506120824457,61.36514601291871,1.3390232462667575,54.88182777320676,3.2844879895255445,False,True,True,False,False,6.290659975958377,0.0,0.0,0.0,0.0,0,0.8787526968775273,0.7487753318594917,False,False,False,False,0.20576878573373797,0.25037003798582635,False,False,False,False,239665,219965.93027727248,False,False,False,False,3190.1046055894826,False,False,False,False
2024-07-22 00:00:00+00:00,64.9691843596,65.1796346654,64.7471352045,64.7471352045,11576,,,,,,,,,,,,64.99496354997898,64.22344596827378,63.38599230776948,62.94582082658165,62.289623727325576,59.60448360214345,58.842983033502826,59.168878678485626,59.10839024880804,59.150527974471686,58.86877310483688,58.799287169081616,57.97170011952941,56.77887395719549,54.62883620622664,53.4003717406244,53.46429501631247,,,,,,,,,,,,64.81143501426791,63.97229230426031,63.85024502720125,63.03984807589587,62.4743543163202,60.65515094962519,59.147746809155834,58.82320607015742,59.17757407689942,59.01541956948848,58.9487294042373,58.88119724546716,54.87923656702128,54.792036782165205,54.726711754560334,54.58514405852368,53.41182578571456,53.36555959503465,53.53657089707741,53.89130046008693,,63.85024502720125,60.65515094962519,54.87923656702128,,,53.4003717406244,61.43411910653066,"rgba(0, 255, 255, 0.75)",2.0755763579816757,61.43411910653066,1.7031728268994657,55.911406806879015,3.2844879895255445,False,True,True,False,False,8.920124278246945,0.0,0.0,0.0,0.0,0,0.8844466490521958,0.7287704666016379,False,False,False,False,0.32611292662175606,0.2882414823037912,False,False,False,False,251241,221192.40359973238,False,False,False,False,3518.963248507542,False,False,False,False
2024-07-23 00:00:00+00:00,64.559882597,64.559882597,64.383442476,64.383442476,150,,,,,,,,,,,,64.99312102737163,64.22385316786955,63.386799476659235,62.94670618738498,62.29052173735939,59.60555100102325,58.8439379353346,59.16939837469819,59.10888427509549,59.1509215816563,58.86915271516264,58.799661087323656,57.97206017583728,56.779222592078966,54.629188825772886,53.40069090667816,53.46459553693711,,,,,,,,,,,,64.81047978787646,63.9727749146678,63.85079468503997,63.040707024904066,62.47534797937202,60.656180253453904,59.14881076927133,58.82412344267649,59.178081888936426,59.01588725801274,58.94911347785837,58.88157773369328,54.87959123535367,54.792391833147754,54.72706629213443,54.58549446999634,53.412146272100166,53.365871130281384,53.536861215548086,53.891565860405635,,63.85079468503997,60.656180253453904,54.87959123535367,,,53.40069090667816,61.4346441384332,"rgba(0, 255, 255, 0.75)",2.0829913055963334,61.4346441384332,1.5003607793130385,55.10966270537948,3.2844879895255445,False,True,True,False,False,7.376575928891583,0.0,0.0,0.0,0.0,0,0.8718385812149287,0.7406237933385261,False,False,False,False,0.22154426947448666,0.25489287588913895,False,False,False,False,251091,222364.8975762135,False,False,False,False,3386.847042683717,False,False,False,False
2024-07-24 00:00:00+00:00,64.7176466049,64.865089603,64.3146357436,64.865089603,28011,,,,,,,,,,,,64.84503103504468,64.31170624339178,63.53513078405687,63.1086916589766,62.455593774052666,59.80217792974269,59.02079327828518,59.2670509864581,59.20178864718749,59.225202875734716,58.94078841695053,58.87022684672738,58.03994729153441,56.84487790910035,54.69546892071053,53.460673646419345,53.521094025122245,,,,,,,,,,,,64.74550627160174,64.06883627761434,63.957278774489396,63.198152520059445,62.656277828606996,60.84544827135043,59.34504836050963,58.99423748496454,59.27354166354319,59.10390643663499,59.021591392175225,58.953378658578636,54.94626501189204,54.85913309713994,54.79370878981955,54.651360381179984,53.47237620417132,53.42442610230919,53.5914535685833,53.94150594000009,,63.957278774489396,60.84544827135043,54.94626501189204,,,53.460673646419345,61.54807005511528,"rgba(0, 255, 255, 0.75)",2.0944000715882916,61.54807005511528,1.5133577356025687,55.065206725929016,3.2844879895255445,False,True,True,False,False,7.862265792594297,0.0,0.0,0.0,0.0,0,0.8667172700929623,0.7385374893776913,False,False,False,False,0.24579182887652018,0.25034235238282954,False,False,False,False,279102,224589.88198498942,False,False,False,False,4352.500099833375,False,False,False,False
2024-07-25 00:00:00+00:00,64.9437258686,64.9437258686,64.9437258686,64.9437258686,33,,,,,,,,,,,,64.84507875422518,64.31186629501889,63.53532836480782,63.108899371620986,62.45580036974535,59.80241484956996,59.02100646354704,59.26717052781452,59.20190242333169,59.22529416915456,58.94087631935025,58.87031341032895,58.04003019147071,56.84495767653391,54.69554891760693,53.46074589314511,53.52116210452139,,,,,,,,,,,,64.74559146516135,64.06898634209955,63.95743706497092,63.19835590936989,62.65650384071909,60.84567807818519,59.3452843894297,58.994442761143205,59.273658572804635,59.10401425254631,59.02168036529565,58.95346676888237,54.94634553014352,54.859213678883556,54.79378924023631,54.65143987311702,53.472448748685174,53.42449663333199,53.591519371748326,53.94156620597297,,63.95743706497092,60.84567807818519,54.94634553014352,,,53.46074589314511,61.54823571326328,"rgba(0, 255, 255, 0.75)",2.1079668447253543,61.54823571326328,1.6107891657940725,55.748092165127716,3.2844879895255445,False,True,True,False,False,8.560044859867656,0.0,0.0,0.0,0.0,0,0.8882445903726603,0.7314979086378202,False,False,False,False,0.3155512530682113,0.2829468027255204,False,False,False,False,279135,226728.9062208722,False,False,False,False,4183.107939055596,False,False,False,False
2024-07-26 00:00:00+00:00,65.1992937319,65.1992937319,65.1992937319,65.1992937319,53,,,,,,,,,,,,64.8453536007784,64.31222707938704,63.5357031365602,63.10927932470971,62.45616617990362,59.802814223746374,59.021363592705214,59.26737115120318,59.20209327821069,59.22544733840442,58.94102350082658,58.870458281538276,58.040168258266746,56.84508982720536,54.695680598808195,53.460864506269324,53.521273888785764,,,,,,,,,,,,64.74590442843461,64.06929763093724,63.957757029985615,63.1987302821643,62.656907285378104,60.84607012188099,59.345680727420735,58.99478657878156,59.27385478870892,59.10419498082626,59.02182942241779,58.95361431110498,54.94647815034956,54.859346375103726,54.79392169911293,54.65157070949919,53.47256785334685,53.42461242176937,53.59162743320744,53.941665243706275,,63.957757029985615,60.84607012188099,54.94647815034956,,,53.460864506269324,61.54855013800635,"rgba(0, 255, 255, 0.75)",2.124148897614539,61.54855013800635,1.718685351103921,57.000245603985064,3.2844879895255445,False,True,True,False,False,9.347134827228174,0.0,0.0,0.0,0.0,0,0.8859351206643646,0.7442344562321349,False,False,False,False,0.34282822899499427,0.3128875158602573,False,False,False,False,279188,228786.12558475955,False,False,False,False,4021.14292183773,False,False,False,False
2024-07-29 00:00:00+00:00,64.8968389952,64.8968389952,64.8968389952,64.8968389952,33,,,,,,,,,,,,64.84537846275879,64.31237502792324,63.53589399053656,63.1094816039087,62.45636879109374,59.80304892554668,59.02157504999651,59.26748969195224,59.202206113431345,59.22553787562881,58.9411107098806,58.870544170387774,58.04025058996002,56.845169128716506,54.69576022643805,53.46093645562131,53.52134168661199,,,,,,,,,,,,64.74596922660163,64.0694395106489,63.95790765702025,63.198928080966766,62.65712854564949,60.84629723152332,59.34591472731705,58.994990199960135,59.27397071855992,59.10430192063034,59.021917684086134,58.95370172494623,54.946558287581674,54.85942657881968,54.794001774556364,54.65164983609361,53.47264009894673,53.42468266344894,53.59169296259619,53.941725251121504,,63.95790765702025,60.84629723152332,54.946558287581674,,,53.46093645562131,61.548710167582726,"rgba(0, 255, 255, 0.75)",2.1202256072353043,61.548710167582726,1.5791380012540785,56.49300183267671,3.2844879895255445,False,True,True,False,False,8.15747063514559,0.0,0.0,0.0,0.0,1,0.8810127050938464,0.7482287795749023,False,False,False,False,0.267704493611104,0.2902960047356806,False,False,False,False,279155,230761.3755618278,False,False,False,False,3864.7451601970347,False,False,False,False
2024-07-30 00:00:00+00:00,64.9535554018,64.963384935,64.9535554018,64.963384935,383,,,,,,,,,,,,64.84599962181339,64.3142623585518,63.53820261607584,63.11190461146787,62.45877559619154,59.80580337088844,59.024053171740086,59.268879776103375,59.20352915170794,59.22659955799176,58.94213287033734,58.87155074437844,58.04121435141985,56.84609624948054,54.69668973310908,53.461775818267206,53.522132642695,,,,,,,,,,,,64.74701466878726,64.07120176184432,63.95976379001975,63.2013013741421,62.6597620116039,60.848970230270226,59.34865843808997,58.99737642445316,59.275330209724096,59.10555563320848,59.022952318971114,58.95472630647584,54.947493877855095,54.86036289731488,54.79493656035696,54.652573471803905,53.473482921788616,53.42550209258166,53.59245748073064,53.94242546640033,,63.95976379001975,60.848970230270226,54.947493877855095,,,53.461775818267206,61.550647218733765,"rgba(0, 255, 255, 0.75)",2.1211537003115226,61.550647218733765,1.6042723271616153,56.35910616159335,3.2844879895255445,False,True,True,False,False,8.33738202630304,0.0,0.0,0.0,0.0,1,0.8796230467889988,0.7533156879914379,False,False,False,False,0.28274998456326533,0.28652299464947295,False,False,False,False,279538,232674.18436332475,False,False,False,False,3728.206134306955,False,False,False,False
2024-07-31 00:00:00+00:00,65.4548615951,65.4548615951,65.4548615951,65.4548615951,193,,,,,,,,,,,65.4548615951,64.84770479581061,64.31594311696685,63.53977054493045,63.1134521497904,62.46022811805881,59.8073243584742,59.02540591650327,59.26964131613914,59.20425331438612,59.22718089341295,58.942690461285636,58.8720993495891,58.041734872145796,56.84659204296196,54.6971807958439,53.46221706380692,53.522548534878005,,,,,,,,,,,,64.74877873341258,64.0725850274827,63.96116240512284,63.20283347946278,62.661373997247544,60.85047902575101,59.35016271313784,58.99867858707628,59.27607506357454,59.10624095137932,59.023517298829454,58.955285307162356,54.94798872578951,54.86085792839414,54.795430632077014,54.653061336872355,53.47392600482987,53.4259328042474,53.592859576561594,53.942794235678456,,63.96116240512284,60.85047902575101,54.94798872578951,,,53.46221706380692,61.863347760490356,"rgba(0, 255, 255, 0.75)",2.1096888755308973,61.863347760490356,1.7023902795647288,57.997349180473684,4.591300904345367,False,False,True,False,True,9.917318096290195,0.0,0.0,0.0,0.0,1,0.8882659664258759,0.7434157146808156,False,False,False,False,0.3428282310449223,0.31467561284719764,False,False,False,False,279731,234519.54968241006,False,False,False,False,3589.570599628251,False,False,False,False
2024-08-01 00:00:00+00:00,65.061680267,65.061680267,65.061680267,65.061680267,90,,,,,,,,,,,65.3298215967643,64.84798387807261,64.31645520528632,63.54035089488548,63.11405203528272,62.460816109865185,59.80798398753543,59.0259979712417,59.269973804038365,59.20456971124653,59.22743483264686,58.94293474826399,58.872339866233006,58.04196470431954,56.84681266338407,54.6974014046226,53.462416069284075,53.52273607416262,,,,,,,,,,,,64.74914194827622,64.07304591734035,63.96164227279774,63.203422608711016,62.662019352668366,60.85112221909811,59.3508187720358,58.999248664523286,59.27640024453541,59.106540690298495,59.0237646222801,58.95553018113148,54.94821083327594,54.86108018924645,54.795652514796465,54.65328054322176,53.47412583236041,53.42612707900096,53.59304085825682,53.94296031956201,,63.96164227279774,60.85112221909811,54.94821083327594,,,53.462416069284075,61.857570394225164,"rgba(0, 255, 255, 0.75)",2.0990316238373365,61.857570394225164,1.526470509728317,57.2018999732246,4.591300904345367,False,False,True,False,True,8.336591994342175,0.0,0.0,0.0,0.0,1,0.88910052609179,0.7488769655598478,False,False,False,False,0.2534066553639159,0.28404113410555676,False,False,False,False,279641,236289.01832231553,False,False,False,False,3452.332536897731,False,False,False,False
2024-08-02 00:00:00+00:00,65.0813393334,65.1698051322,64.5112264077,64.7373056713,26091,,,,,,,,,,,64.92517930526179,64.86795960889229,64.41678740422346,63.67776441030717,63.26211240268067,62.612092363554034,59.987524724935845,59.18897751672193,59.36247257308667,59.29270187065116,59.29837582835755,59.01132854743999,58.939716800222016,58.10663979216886,56.90918631470701,54.76009828887833,53.51912398427571,53.57618717401681,,,,,,,,,,,,64.79236047788919,64.17393490662936,64.0692795593868,63.34793466013673,62.82534585704746,61.02367692310704,59.5303195049834,59.15637523473596,59.366894755426266,59.190154944960824,59.09296606151343,59.02408147053643,55.011299745067475,54.92422343206118,54.85869716039125,54.715586549654454,53.53106583431519,53.48149643998623,53.64471122199941,53.99029226749625,,64.0692795593868,61.02367692310704,55.011299745067475,,,53.51912398427571,61.95349245023091,"rgba(0, 255, 255, 0.75)",2.065762887395373,61.95349245023091,1.5141364491802083,56.746430129888495,4.591300904345367,False,False,True,False,True,8.399844760844498,0.0,0.0,0.0,0.0,1,0.8719339283834511,0.7532445135325844,False,False,False,False,0.20487914019416667,0.2444601371498617,False,False,False,False,305732,239012.27250575414,False,False,False,False,4340.123417803703,False,False,False,False
2024-08-05 00:00:00+00:00,63.7769602775,63.8035000171,63.508614021,63.5282730874,2616,,,,,,,,,,,64.81429292170327,64.83659252091184,64.4049915022998,63.67794815371382,63.265651335311794,62.61873672768224,60.00053725036495,59.20143796275374,59.36957385909248,59.29949883531898,59.303863488829364,59.016696797649395,58.9450235638518,58.111904211241,56.9144393851164,54.76558973741662,53.524171550307464,53.58094333600433,,,,,,,,,,,,64.76537307006771,64.1683034905838,64.06513018941197,63.35084971273792,62.831615149413565,61.034991012649606,59.54373734278305,59.16842177040376,59.37384321815441,59.196643062032635,59.09837605068053,59.02945873867987,55.01680515805139,54.92974065441255,54.86421108178971,54.72104741286249,53.536133277153574,53.486427531517336,53.64930620115503,53.99448638333346,,64.06513018941197,61.034991012649606,55.01680515805139,,,53.524171550307464,61.94940845436956,"rgba(38, 166, 154, 0.5)",2.012256371819184,61.94940845436956,0.9082102304281636,51.42508492007139,4.8725275949332385,False,True,False,False,False,3.365621774560733,0.0,0.0,0.0,0.0,1,0.855576632057259,0.7673383941356898,False,False,False,False,-0.044638387353039814,0.09991087489841094,False,False,False,False,303116,241526.14417219514,False,False,False,False,4272.510734752578,False,False,False,False
2024-08-06 00:00:00+00:00,63.8841021894,64.0197497476,63.2923642906,63.3415119566,24266,,,,,,,,,,,64.32118095225249,64.61686016875146,64.31626443762352,63.682492863356615,63.29843262288186,62.678618356281945,60.1181523873873,59.31471256815245,59.4348875200798,59.362065662389064,59.35453040834268,59.06628809792566,58.99405631884216,58.160577722777404,56.963036627048155,54.816410963336544,53.570918760893,53.625004343095796,,,,,,,,,,,63.732072075866675,64.57324334480388,64.12529326171178,64.03397095716204,63.37830446607654,62.887972235874784,61.13689697058081,59.66523732859648,59.27804959959933,59.43777360678469,59.25641877988115,59.14834470630028,59.07913181705524,55.06775139756756,54.98079667959309,54.91523765150082,54.771587918017275,53.58306354788756,53.5321016255454,53.69188062409281,54.033361494289096,,64.03397095716204,61.13689697058081,55.06775139756756,,,53.570918760893,62.16962406931069,"rgba(38, 166, 154, 0.5)",1.9634946922214864,62.16962406931069,0.8731768549623901,48.346919249982236,2.141543796265452,False,True,False,True,False,3.7262224060804456,0.0,0.0,0.0,0.0,0,0.8443831815038478,0.7670142106692177,False,False,False,False,-0.04463838734260471,0.027636243777903115,False,False,False,False,327382,244893.0404791679,False,False,False,False,5056.569137311301,False,False,False,False
2024-08-07 00:00:00+00:00,63.7543523511,64.6390103393,63.7543523511,64.4915673413,27070,,,,,,,,,,,64.2295358271414,64.51376837414774,64.2820239990371,63.71390408799106,63.35301900377313,62.756201701436474,60.25167974852487,59.44318000648202,59.51068869182832,59.4347270993778,59.41369839906096,59.12407112327653,59.051166173194666,58.2169251758214,57.01894048900281,54.87442198080611,53.62417714042686,53.675235883114404,,,,,,,,,,,63.899317107892756,64.48322446320998,64.11775703560838,64.0354137659449,63.428198509347034,62.9637596284581,61.25468679232698,59.80266173506582,59.40256991227536,59.51202028485241,59.32586502378055,59.20660090500974,59.13701467948685,55.12594119675536,55.03909700128657,54.97349487349123,54.829275803349226,53.63652978442855,53.584144806574166,53.74043934315209,54.07777034271897,,64.0354137659449,61.25468679232698,55.12594119675536,,,53.62417714042686,62.21941688873609,"rgba(38, 166, 154, 0.5)",1.9122727662684513,62.21941688873609,0.8026760038836595,45.86298962573494,0.0003005917957423776,False,True,False,True,False,3.2395322185640403,0.0,0.0,0.0,0.0,0,0.8581425143595652,0.757989728847298,False,False,False,False,0.0680835672022536,0.04785990549007836,False,False,False,False,300312,247066.33300939662,False,False,False,False,5919.840935848113,False,False,False,False
2024-08-08 00:00:00+00:00,63.8919658159,64.2261699448,63.6325644347,63.6325644347,4558,,,,,,,,,,,64.21274828410347,64.49605719448246,64.27430723975425,63.71678994764233,63.35983840216067,62.76715985106266,60.27252307765749,59.463526602424444,59.52284263223573,59.44639615131568,59.42323437324185,59.133411073663325,59.06040428756737,58.22609408369201,57.028091277027265,54.883978287540174,53.63297832514799,53.683538915035875,,,,,,,,,,,63.90075094907611,64.4673036408875,64.11446083666607,64.0335574904572,63.4342420928197,62.97411967765497,61.27269401948132,59.82426316517243,59.42232089480511,59.52392948228409,59.337038699895956,59.21600967940289,59.14636953419759,55.135520797632026,55.04869675284498,54.98308913503074,54.838780288316194,53.645364916651125,53.592746952707756,53.748466437525686,54.08511039544593,,64.0335574904572,61.27269401948132,55.135520797632026,,,53.63297832514799,62.224991581607185,"rgba(38, 166, 154, 0.5)",1.8611609642476923,62.224991581607185,0.8956636563493747,44.88838788103375,-0.7700329650587179,False,True,False,True,False,3.716457647915213,0.0,0.0,0.0,0.0,0,0.8694522123837303,0.7686476727142255,False,False,False,False,0.012309870633274253,0.030084888061676307,False,False,False,False,304870,249333.14347961638,False,False,False,False,5866.435408952109,False,False,False,False
2024-08-09 00:00:00+00:00,64.6291808061,64.6291808061,64.1180450796,64.1278746128,1729,,,,,,,,,,,64.21766010188477,64.49564251493675,64.27577458401937,63.72076995433463,63.364856912697284,62.77319648068395,60.28153422339229,59.47212969266563,59.528001921315045,59.451341366535544,59.427276073270384,59.137344797841415,59.06428943837195,58.229894902868025,57.03182868407025,54.887815183446854,53.636488684999804,53.686851608131384,,,,,,,,,,,63.91749548972403,64.46721393827991,64.11659113909066,64.03606915003793,63.43902593000725,62.9802160605397,61.28084804943591,59.83347521278987,59.43066583271655,59.528985398760945,59.34176286319798,59.21997920826421,59.15031057902718,55.13937310693263,55.05255501335609,54.98694360374959,54.84259535994033,53.64888900815094,53.59617736347994,53.75167016407449,54.0880451624443,,64.03606915003793,61.28084804943591,55.13937310693263,,,53.636488684999804,62.23057469769242,"rgba(38, 166, 154, 1.0)",1.8220832975214214,62.23057469769242,1.316408592115629,47.45867620595516,-0.7700329650587179,False,True,False,True,True,6.215440804162853,0.0,0.0,0.0,0.0,0,0.8940535690915675,0.7408352633087232,False,False,False,False,0.0735954673179996,0.05184017768983795,False,False,False,False,306599,251578.86334316083,False,False,False,False,5704.183039973595,False,False,False,False
2024-08-12 00:00:00+00:00,64.1278746128,64.2458290112,64.1278746128,64.2458290112,1159,,,,,,,,,,,64.21699369726902,64.49320998899206,64.27519876785246,63.72236932378819,63.36730546101179,62.77652306398442,60.28713281391963,59.47754376185841,59.53125013625729,59.454458105127394,59.429824905058815,59.139834117689404,59.066750028642986,58.232320955405804,57.03423359065487,54.89030713654548,53.638777138769,53.689010981203126,,,,,,,,,,,63.92241875057872,64.4651067976422,64.1168001204042,64.03658625064004,63.44129789217629,62.98347424380428,61.285791201923544,59.83924182035341,59.435920705947005,59.532168602057425,59.344744545669805,59.22248881127136,59.15280416509322,55.14187289620341,55.055059424136786,54.98944612128392,54.84507352214344,53.6511863345008,53.59841395908895,53.7537581847174,54.08995620421481,,64.03658625064004,61.285791201923544,55.14187289620341,,,53.638777138769,62.233039575279385,"rgba(38, 166, 154, 1.0)",1.7554069893365865,62.233039575279385,1.0794277617845887,47.20150398773528,-0.7700329650587179,False,True,False,True,True,4.286772115189304,0.0,0.0,0.0,0.0,0,0.8759376270038104,0.7575034281399609,False,False,False,False,0.029160192875257486,0.040500185282547715,False,False,False,False,305440,253691.06478068393,False,False,False,False,5525.940567817768,False,False,False,False
2024-08-13 00:00:00+00:00,64.8847486694,64.8847486694,64.8847486694,64.8847486694,131,,,,,,,,,,,64.2179888385196,64.49353747116041,64.27556391133393,63.722839826742984,63.36782870351738,62.77709155631638,60.28788143817424,59.478248432955546,59.531673773080364,59.45486372456237,59.43015643336725,59.14015546375371,59.067067102013596,58.232628182372025,57.034532645981585,54.89061049368994,53.639053361177275,53.689271706230855,,,,,,,,,,,63.92455860458998,64.46543965920209,64.11715843166067,64.03696414250213,63.44180676225911,62.984063943989796,61.28648772631227,59.84000055015547,59.43660389159412,59.532583777407964,59.34513144056534,59.22281344760565,59.153126165114685,55.14217781342824,55.0553646914562,54.98975099937564,54.84537509629484,53.65146364839157,53.59868385801892,53.75401039660571,54.09018753808585,,64.03696414250213,61.28648772631227,55.14217781342824,,,53.639053361177275,62.23365925830184,"rgba(0, 255, 255, 0.75)",1.6885156723559973,62.23365925830184,1.5700709531461277,49.82552997368421,-4.939346630658363,False,True,False,False,True,6.782566890744178,0.0,0.0,0.0,0.0,0,0.8723312589739953,0.7611963035840473,False,False,False,False,0.1972540953662204,0.11887714032438407,False,False,False,False,305571,255725.57204418653,False,False,False,False,5314.3742710406,False,False,False,False
2024-08-14 00:00:00+00:00,65.1805193234,65.1805193234,64.8945782026,65.0715098002,1721,,,,,,,,,,,64.23464152167196,64.4999681186584,64.2818858794133,63.73004616170463,63.37557337223451,62.785239322798546,60.29812171802749,59.48783156640417,59.537441219894724,59.460383406611314,59.43466804049662,59.14452097875389,59.07137283482652,58.23678326131206,57.03855961103608,54.894674010969155,53.64274560953068,53.69275713856338,,,,,,,,,,,63.957501730681614,64.4718314111374,64.12305610165157,64.04306407175434,63.449382950144596,62.99259072959152,61.29612165477532,59.85034237690162,59.44589294344706,59.53823618844193,59.350392966569316,59.22722574502253,59.15750088309463,55.14626424750016,55.059455102880385,54.99383566812309,54.84941439013955,53.65517055173408,53.60229138786367,53.757382398265236,54.093282164284766,,64.04306407175434,61.29612165477532,55.14626424750016,,,53.64274560953068,62.2429576222973,"rgba(0, 255, 255, 0.75)",1.6195926960472515,62.2429576222973,1.8137657129919569,52.523371782047604,-2.424285959545699,False,True,False,False,True,7.729325747393041,0.0,0.0,0.0,0.0,0,0.8624211059417775,0.7636292280083552,False,False,False,False,0.23523323898940976,0.17705518965689693,False,False,False,False,307292,257747.78490519882,False,False,False,False,5173.457632960577,False,False,False,False
2024-08-15 00:00:00+00:00,64.9240668022,65.1009983998,64.9044077358,65.1009983998,7729,,,,,,,,,,,64.29353805755426,64.52214525168128,64.30541855238957,63.75896893838975,63.407352425513615,62.81943608135591,60.342544546243694,59.52964041368732,59.56269107954982,59.484562865371736,59.454453070289475,59.1636903481672,59.090285934917546,58.25508649378448,57.05635145433476,54.91268910956553,53.65914087959543,53.70823481922048,,,,,,,,,,,64.0727068548323,64.49417073979768,64.14578476202092,64.06683697015144,63.48035858526378,63.028100546432505,61.337567569290194,59.89533483941283,59.486439065279754,59.562985133167146,59.37345830380175,59.24659349634523,59.17670954737238,55.164374769283064,55.07758530186365,55.01194202365661,54.86732335621604,53.67163057769023,53.61831175804967,53.77235622550987,54.107021414661055,,64.06683697015144,61.337567569290194,55.164374769283064,,,53.65914087959543,62.27982916386927,"rgba(0, 255, 255, 0.75)",1.5535617980525138,62.27982916386927,1.7020485709969473,53.222105986136576,-1.7732760138439971,False,True,True,False,True,6.725798905816244,0.0,0.0,0.0,0.0,0,0.8574582079527494,0.7874182919519854,False,False,False,False,0.22651713063673787,0.20178616014681738,False,False,False,False,299563,259387.5972618577,False,False,False,False,5273.674980687613,False,False,False,False
2024-08-16 00:00:00+00:00,65.7694066576,65.7694066576,65.336120834,65.6711113256,671,,,,,,,,,,,64.30265211365023,64.5265831707043,64.30928832981016,63.762720446563996,63.41116757557567,62.82323203290691,60.34689552633795,59.533668620742326,59.5651333662394,59.48689871864071,59.4563649950787,59.165533609553755,59.0921024446601,58.25682367315121,57.058018469443304,54.914350653994916,53.660643443275276,53.70965373993398,,,,,,,,,,,64.08779469519762,64.4984998000403,64.14919688462584,64.07027451692815,63.484128537192746,63.032129617643896,61.34175512132051,59.89969743105021,59.49034356261328,59.565379221776624,59.37568254965062,59.24845837154166,59.178556974986385,55.16604760740015,55.07925907307256,55.01361294281526,54.86897469644538,53.673139154323835,53.61977973843822,53.773729438138226,54.108283629066484,,64.07027451692815,61.34175512132051,55.16604760740015,,,53.660643443275276,62.28437196447804,"rgba(0, 255, 0, 1.0)",1.456853511440679,62.28437196447804,2.392165489360435,56.27757515859794,1.1331894925872206,False,False,True,False,True,9.402234819103523,0.0,0.0,0.0,0.0,0,0.853010590005904,0.7774446683154167,False,False,False,False,0.34282822869508073,0.2723071944209491,False,False,False,False,300234,260989.41697707897,False,False,False,False,5093.177922621432,False,False,False,False
2024-08-19 00:00:00+00:00,66.1429289193,66.1429289193,65.887361056,65.887361056,1646,,,,,,,,,,,64.33163650267838,64.54155002483857,64.3217766715515,63.77398332011748,63.4222896419827,62.83393194790918,60.35841105985,59.54422795469491,59.57154335914534,59.493024634229926,59.46137871892617,59.17035341595216,59.096849067425296,58.26133168896522,57.062311435655744,54.918588928393,53.66446098087577,53.7132593658558,,,,,,,,,,,64.1336708888197,64.5130064062049,64.1599357486182,64.08097256748765,63.495178659561816,63.04360121729023,61.353027239697276,59.91117781856692,59.50057469092097,59.57166290363156,59.381509425910785,59.25333855657375,59.183388267742984,55.17031860681975,55.08353107554424,55.017876644335956,54.873186275116886,53.67697210042477,53.62350901028227,53.77721961495048,54.11149504387947,,64.08097256748765,61.353027239697276,55.17031860681975,,,53.66446098087577,62.29775916288985,"rgba(0, 255, 0, 1.0)",1.3536165936298707,62.29775916288985,2.840663873733193,59.277624740405585,3.9226597763347044,True,False,True,False,True,10.541537794924452,0.0,0.0,0.0,0.0,0,0.864848677877581,0.7912188762264079,False,False,False,False,0.3428282322535616,0.30756771333725536,False,False,False,False,301880,262592.96925248764,False,False,False,False,4957.9944746754945,False,False,False,False
2024-08-20 00:00:00+00:00,66.6049169798,66.6049169798,66.1822470521,66.1822470521,1297,,,,,,,,,,,64.35902872469235,64.5562443617501,64.33376598184137,63.78434562085365,63.43232881342511,62.84336972498506,60.368096823960904,59.5530418512876,59.57690116097418,59.498141882747035,59.46556702737493,59.174370293242646,59.100802752201346,58.26506512610992,57.065843938026724,54.922048021123274,53.66756599353668,53.71619247070918,,,,,,,,,,,64.17566307912018,64.52720524085709,64.17010631162628,64.09103750523849,63.50518915284051,63.05378961266679,61.36263521758269,59.920789883395,59.509112221666655,59.576915316284065,59.38637265925781,59.257408390610905,59.18741512161649,55.17380717088701,55.087019484947376,55.021357555278136,54.87662311308878,53.680089736996074,53.62654195843392,53.78005931541795,54.114110349478906,,64.09103750523849,61.36263521758269,55.17380717088701,,,53.66756599353668,62.30988542438975,"rgba(0, 255, 0, 1.0)",1.3014228433345996,62.30988542438975,3.30025831143797,62.37282936628163,6.7624440865145985,True,False,True,False,True,11.924153423356891,0.0,0.0,0.0,0.0,0,0.8853165665034085,0.7766898685935679,False,False,False,False,0.3428282345078035,0.3251979739225294,False,False,False,False,303177,264184.49987003714,False,False,False,False,4814.426063903907,False,False,False,False
2024-08-21 00:00:00+00:00,66.762189511,66.9244751042,66.6933827786,66.6933827786,895,,,,,,,,,,,64.38041763089764,64.56798180785385,64.34322823481583,63.79232280695481,63.43996615778191,62.85044349864838,60.3751227325787,59.55940003359026,59.58077003465345,59.501835416181756,59.468590128976,59.177264683259004,59.10365044582627,58.26774281796425,57.06836537024465,54.924501845008294,53.669762860309376,53.71826795146181,,,,,,,,,,,64.20781299975735,64.53852887513015,64.17807241660442,64.0988904351252,63.51282213312248,63.06146035454982,61.369670849550126,59.927739305581675,59.51526976562976,59.58070818664848,59.38988062819919,59.260342331683354,59.19031691361121,55.17628339323757,55.08949507208574,55.02382743235091,54.87906089742129,53.68229558512207,53.6286876890421,53.78206897858886,54.11596251268159,,64.0988904351252,61.369670849550126,55.17628339323757,,,53.669762860309376,62.3191231837828,"rgba(0, 255, 0, 1.0)",1.28299559371699,62.3191231837828,3.4630409870271763,64.79489434787624,8.96113913595864,True,False,True,False,True,12.390658854136685,0.0,0.0,0.0,0.0,0,0.907947850809332,0.7659903900658139,False,False,False,False,0.3428282365070551,0.3340131052147922,False,False,False,False,304072,265748.71556140826,False,False,False,False,4660.723081005714,False,False,False,False
2024-08-22 00:00:00+00:00,67.0669050403,67.1937060186,67.0669050403,67.1937060186,287,,,,,,,,,,,64.38808439722352,64.57225009131284,64.34663623666229,63.79514016842388,63.44263784636767,62.85288774973652,60.37748318475494,59.56152546157636,59.582064075757735,59.503070297987385,59.4696007958767,59.178230831740706,59.104600656889644,58.26863291335996,57.06919989110215,54.92530943127105,53.67048412425835,53.718949429778625,,,,,,,,,,,64.21919492190719,64.54264135394179,64.18092392244633,64.10169301344487,63.5154972258331,63.064121078246444,61.37205425986846,59.93006717900303,59.51732769097314,59.58197682374622,59.39105278340385,59.26132210016277,59.191285597006,55.17709880205271,55.090310113497104,55.02464047640408,54.879863127799894,53.68301981324261,53.62939211667502,53.78272892592885,54.11657112540998,,64.10169301344487,61.37205425986846,55.17709880205271,,,53.67048412425835,62.32236384896068,"rgba(0, 255, 0, 1.0)",1.2653775863705734,62.32236384896068,3.749506267886316,67.0975344877464,11.07882334495499,True,False,True,False,True,13.292944554297765,0.0,0.0,0.0,0.0,0,0.9093955869615231,0.7582602256710382,False,False,False,False,0.3428282377982959,0.3384206715065441,False,False,False,False,304359,267262.84436292166,False,False,False,False,4489.204528809411,False,False,False,False
2024-08-23 00:00:00+00:00,67.6763360989,67.6763360989,67.6763360989,67.6763360989,90,,,,,,,,,,,64.39097901330106,64.57388420303887,64.34792227643399,63.7961737085803,63.443604331361115,62.853755722199246,60.37828539167414,59.56224179171222,59.582500350700094,59.50348633013121,59.46994119985868,59.17855541967636,59.10491969580211,58.26892990524942,57.06947634074317,54.92557444714304,53.67071983364871,53.71917217066057,,,,,,,,,,,64.22344266188901,64.54421266208348,64.18198995440109,64.10273633254492,63.51646755060502,63.06507161924242,61.3728751108984,59.93085450991672,59.518020998156416,59.58240453549351,59.39144729064689,59.261651495170334,59.19161107216117,55.17736663539086,55.0905777386211,55.0249073804916,54.88012634281702,53.683256500189955,53.629622295958676,53.782944671759175,54.11677029864843,,64.10273633254492,61.3728751108984,55.17736663539086,,,53.67071983364871,62.32354545271816,"rgba(0, 255, 0, 1.0)",1.2834915075500732,62.32354545271816,4.17049167422949,69.85969548038702,13.649549056846283,True,False,True,False,True,15.055955082909467,0.0,0.0,0.0,0.0,0,0.9028941120172796,0.7732927106104607,False,False,False,False,0.3428282396118121,0.3406244555591781,False,False,False,False,304449,268721.12497614045,False,False,False,False,4316.686704150219,False,False,False,False
2024-08-26 00:00:00+00:00,67.6809559795,67.6809559795,67.6809559795,67.6809559795,324,,,,,,,,,,,64.40137216226363,64.57976152523811,64.3525502202414,63.79989432441903,63.44708382025789,62.856880829116115,60.381173704304544,59.56482100106088,59.58407144741649,59.5049845416453,59.471167110161495,59.17972436612723,59.10606865821214,58.26999944578944,57.070471873568685,54.926528758718305,53.671568601648715,53.71997424437603,,,,,,,,,,,64.23866882250373,64.549864671865,64.18582735811482,64.10649209301717,63.51996085096583,63.06849375023977,61.37583057002068,59.93368926630262,59.52051734153501,59.58394480224604,59.39286799748519,59.26283775463707,59.19278321387684,55.17833109672897,55.091541448457996,55.02586849280757,54.88107416930195,53.68410878820227,53.63045115143824,53.78372155951991,54.11748751814273,,64.10649209301717,61.37583057002068,55.17833109672897,,,53.671568601648715,62.327794155138704,"rgba(0, 255, 0, 1.0)",1.3026915756609803,62.327794155138704,4.109308699294476,71.71002754739706,15.385249685072367,True,False,True,False,True,15.06920003067162,0.0,0.0,0.0,0.0,0,0.9142071658660889,0.746574362885814,False,False,False,False,0.3428282396254689,0.34172634759232345,False,False,False,False,304773,270134.92399668397,False,False,False,False,4160.110754967858,False,False,False,False
2024-08-27 00:00:00+00:00,67.6566770325,67.9018255905,67.489574968,67.7328559148,968,,,,,,,,,,,64.43205203704791,64.59719898438479,64.36630785005195,63.81097286108465,63.457449623875625,62.86619686355085,60.389791439783004,59.57251868105024,59.58876271813041,59.509458361355286,59.4748283010438,59.1832155731563,59.1095002223721,58.27319400509313,57.07344555571965,54.92937944946806,53.67410412879295,53.72237031251885,,,,,,,,,,,64.28339340292494,64.56663953961657,64.19724788925662,64.11767161720343,63.53036714264918,63.07869157306479,61.3846464138486,59.94214809458908,59.527968050945276,59.5885440849788,59.39711056775867,59.266380628121645,59.19628395686632,55.181212087812604,55.094420198726304,55.028739488720184,54.88390549533428,53.68665482786875,53.63292720869331,53.78604240426765,54.119630144611264,,64.11767161720343,61.3846464138486,55.181212087812604,,,53.67410412879295,62.3404013614696,"rgba(0, 255, 0, 1.0)",1.3261744717338,62.3404013614696,4.008730211855202,72.78709971088064,16.468648943063585,True,False,True,False,True,14.962604438989022,0.0,0.0,0.0,0.0,0,0.9175268084262491,0.7346408112497537,False,False,False,False,0.34282823966888604,0.3422772936306048,False,False,False,False,303805,271455.3191340689,False,False,False,False,4034.92994104755,False,False,False,False
2024-08-28 00:00:00+00:00,68.2857671574,68.2857671574,68.2857671574,68.2857671574,75,,,,,,,,,,68.2857671574,64.43484172716263,64.59880431966583,64.36756201281716,63.811961870813036,63.45836497249918,62.867007351421556,60.39051343105473,59.57315878687269,59.58915303338215,59.50983034707978,59.47513266387944,59.183505134304156,59.10978467781,58.27345728471466,57.073688977983984,54.92961070781867,53.67430899708872,53.72256394223332,,,,,,,,,,,64.28741637429283,64.56818184162113,64.19828219631542,64.11868091624908,63.53128802983106,63.07958306329757,61.385393738076544,59.942853709921756,59.528587409133635,59.58892675077318,59.397463010458836,59.26667466363681,59.196574338001795,55.181446015070264,55.09465387031571,55.02897247603063,54.884135146471756,53.686860552978246,53.63312724870195,53.78622999159124,54.11980350590252,,64.11868091624908,61.385393738076544,55.181446015070264,,,53.67430899708872,62.78031643463007,"rgba(0, 255, 0, 1.0)",1.3813033131602355,62.78031643463007,3.9856928382906727,74.76387805492156,18.460602095392986,True,False,True,False,True,16.78423577017069,0.0,0.0,0.0,0.0,0,0.9230054399043083,0.7455761528910992,False,False,False,False,0.3428282412192062,0.3425527674249055,False,False,False,False,303880,272726.87524645834,False,False,False,False,3879.6385708103912,False,False,False,False
2024-08-29 00:00:00+00:00,67.7058246985,67.7058246985,67.7058246985,67.7058246985,11,,,,,,,,,,68.21158847079651,64.4351889753235,64.59900263474532,64.36771867323894,63.8120880900295,63.4584830696242,62.86711348255229,60.39061153456582,59.573246412542936,59.58920645934669,59.50988129714571,59.47517436377889,59.183544895949865,59.10982375974679,58.27349366130582,57.07372283239811,54.929643152305,53.674337851367405,53.7225912099236,,,,,,,,,,,64.28792024677284,64.56837266731861,64.19841233358493,64.11880830966417,63.53140659216512,63.07969922729192,61.38549412118781,59.94294999689605,59.52867222564834,59.58897912983785,59.3975113270941,59.266715014315515,59.19661420833786,55.18147880534266,55.09468663473472,55.02900515195147,54.884167370442725,53.68688952690122,53.633155426234616,53.78625640356864,54.1198278909511,,64.11880830966417,61.38549412118781,55.18147880534266,,,53.674337851367405,62.776748132656664,"rgba(0, 255, 0, 1.0)",1.3973473920959802,62.776748132656664,3.5274525101806367,72.6035659095765,18.460602095392986,True,False,True,False,True,14.237225682268399,0.0,0.0,0.0,0.0,0,0.9005271498647477,0.7641925365998629,False,False,False,False,0.2680440057549423,0.3052983865899239,False,False,False,False,303869,273948.1350407149,False,False,False,False,3727.9272543080233,False,False,False,False
2024-08-30 00:00:00+00:00,68.0984162546,68.0984162546,68.0984162546,68.0984162546,27,,,,,,,,,,68.18454732179381,64.43614327211387,64.5995507980484,64.36814835793425,63.81242909976334,63.458799707762346,62.86739510101123,60.390865245525106,59.573471868157185,59.58934393559979,59.51001234401193,59.4752815983706,59.18364698701209,59.109924067747286,58.27358666439947,57.073808997022034,54.92972523515218,53.67441065660051,53.72266001835777,,,,,,,,,,,64.2892983831381,64.56889955697143,64.19876747009437,64.11915518363158,63.531724946813156,63.08000852752437,61.385755806723765,59.94319827946427,59.52889039899547,59.5891139120832,59.39763552394707,59.26681866268808,59.19671658538792,55.1815618127174,55.09476955931902,55.02908783962216,54.884248886784704,53.686962635800214,53.63322651824973,53.78632306099802,54.11988947437333,,64.11915518363158,61.385755806723765,55.1815618127174,,,53.67441065660051,62.77577535865745,"rgba(0, 255, 0, 1.0)",1.4418013283606514,62.77577535865745,3.691660418980517,72.11317233513665,18.460602095392986,True,False,True,False,True,15.38006207486422,0.0,0.0,0.0,0.0,0,0.9281722332007865,0.7602048356103422,False,False,False,False,0.31830022242832623,0.3117993045091251,False,False,False,False,303896,275122.5611175496,False,False,False,False,3582.792852178297,False,False,False,False
2024-09-03 00:00:00+00:00,67.5092340344,67.5092340344,67.5092340344,67.5092340344,89,,,,,,,,,,67.8870082991302,64.43877989766065,64.60105242635528,64.36934042589269,63.8133983150579,63.459710630729624,62.868218652035324,60.391637513689425,59.57416359565986,59.58976569107109,59.51041465295335,59.475610906180584,59.183961252982236,59.11023302454683,58.27387483408445,57.074077833175124,54.92998369203383,53.67464083637388,53.722877531069884,,,,,,,,,,,64.29313251172489,64.57034549260345,64.19976085003746,64.1201289229337,63.53263867476044,63.0809081356188,61.38654255668011,59.94395746597995,59.529560044928246,59.58952740415811,59.398017167933624,59.26713750948387,59.19703169890115,55.181822941800434,55.09503051122653,55.02934810811494,54.88450560133678,53.68719376703974,53.633451308923384,53.78653373415539,54.12008391175164,,64.1201289229337,61.38654255668011,55.181822941800434,,,53.67464083637388,62.761978875335366,"rgba(0, 255, 0, 1.0)",1.471645087490759,62.761978875335366,3.225815245412858,68.7238868426856,18.460602095392986,True,False,True,False,False,12.849775420176893,0.0,0.0,0.0,0.0,0,0.9482600405573118,0.755382535793473,False,False,False,False,0.2433808010383863,0.2775900527737557,False,False,False,False,303807,276247.4410737241,False,False,False,False,3445.7813677791482,False,False,False,False
2024-09-04 00:00:00+00:00,66.9784392415,67.3126433704,66.9784392415,67.0374164407,3646,,,,,,,,,,67.13168777778665,64.52879533257462,64.65258065887095,64.41098866111143,63.84821466842298,63.49285013470037,62.89868085576507,60.42127536471112,59.60090554874483,59.60609197782149,59.525998728743694,59.48837519893285,59.19616767207666,59.12223930271873,58.28512924404042,57.08463701135068,54.94020988898908,53.6837782110508,53.731511432494244,,,,,,,,,,,64.42321195851908,64.62009975237017,64.23485675910139,64.15466662258117,63.56580313281972,63.11398941841936,61.41640404237254,59.97321118639828,59.55545993139507,59.60553453959287,59.41281409984368,59.2795147369614,59.20926993378527,55.192147312569375,55.10535048765922,55.039643022762554,54.89466421294428,53.696368618970006,53.64237574613829,53.794895079831576,54.12779508816932,,64.15466662258117,61.41640404237254,55.192147312569375,,,53.6837782110508,62.762765416203955,"rgba(0, 255, 0, 1.0)",1.4842460438728222,62.762765416203955,2.8402796441324147,64.12142449850359,20.51945859287551,True,False,True,False,False,10.64556567934282,0.0,0.0,0.0,0.0,0,0.925363323477333,0.7660106471546863,False,False,False,False,0.19848554543063807,0.23803779910219688,False,False,False,False,300161,277185.22769828397,False,False,False,False,3453.6330788466325,False,False,False,False
2024-09-05 00:00:00+00:00,67.3224729036,67.3224729036,67.1553708391,67.1553708391,199,,,,,,,,,,67.1383301803297,64.53386009860196,64.65553146471645,64.41337288376428,63.85019623310298,63.49472961089208,62.900400501925716,60.42292818225599,59.60239401280639,59.607002046083565,59.52686732263904,59.48908683436753,59.19684772698075,59.12290809891912,58.285755014092786,57.085222874754486,54.9407756644953,53.68428315138709,53.73198859033707,,,,,,,,,,,64.43041240249431,64.62294936292781,64.23686498429048,64.15664083675775,63.56768546086537,63.11585895372207,61.418075444151924,59.97484049819271,59.55690152701258,59.60642685621155,59.41363865889539,59.28020444155474,59.20995178134707,55.192718677566575,55.10592155285971,55.04021266001995,54.89522622423141,53.696875634707176,53.642868908881866,53.79535721199578,54.12822144447005,,64.15664083675775,61.418075444151924,55.192718677566575,,,53.68428315138709,62.76527007705528,"rgba(0, 255, 0, 1.0)",1.4951213173248796,62.76527007705528,3.0480488598066557,62.177856209423304,18.714846301392683,True,False,True,False,False,11.696054058409494,0.0,0.0,0.0,0.0,0,0.9456995557553788,0.7525471510776132,False,False,False,False,0.20993069823742114,0.223984248669809,False,False,False,False,300360,278094.04229835124,False,False,False,False,3326.0004090879415,False,False,False,False
2024-09-06 00:00:00+00:00,66.1724175189,66.1724175189,66.1724175189,66.1724175189,137,,,,,,,,,,67.1067025429932,64.53594413858322,64.65670930477984,64.41438333725202,63.8511225576591,63.495647356834,62.90128707132149,60.42388371268055,59.60327213197271,59.60753895525389,59.527380653410845,59.48950775532202,59.19725235867308,59.12330659995027,58.28613328148404,57.08558282098463,54.9411305589229,53.68460274529713,53.73229050745979,,,,,,,,,,66.1724175189,64.43344390075977,64.62409702403866,64.23774718983927,64.15752079127365,63.568597174317325,63.11680597576187,61.41901035493638,59.97579348572275,59.55775284240542,59.606953301175096,59.41412712847464,59.280614141402914,59.21035737590213,55.19307634858735,55.106279290739295,55.04056969324868,54.89557888422232,53.69719651601139,53.643181132017304,53.79564950123342,54.12849050298119,,64.15752079127365,61.41901035493638,55.19307634858735,,,53.68460274529713,63.092983868364264,"rgba(0, 255, 0, 1.0)",1.4826014863860648,63.092983868364264,2.0770474593560913,56.688782926966894,13.598109954917824,False,False,True,False,False,7.123369161986481,0.0,0.0,0.0,0.0,0,0.9615936085844314,0.7505299950085325,False,False,False,False,0.08166970334466271,0.15282697600723585,False,False,False,False,300223,278961.844561161,False,False,False,False,3200.9415695158655,False,False,False,False
2024-09-09 00:00:00+00:00,66.9292915755,66.9391211087,66.5361102474,66.565598847,1698,,,,,,,,,,67.0185996972406,64.57110382556714,64.67715384417023,64.43125860088323,63.86563744085746,63.509631091494406,62.914341186464846,60.436993559509446,59.61517662403502,59.614823196193434,59.53433808217737,59.49521100016255,59.20271549315481,59.12868239842794,58.29119232503731,57.09035037810286,54.94577358904525,53.68876196334707,53.736220470519555,,,,,,,,,,66.7545401522479,64.48344169039451,64.64390407327964,64.25214886133357,64.17174901921645,63.5825616974622,63.13090153356331,61.43209685445185,59.98877733905029,59.56928778669293,59.61409567162626,59.4207384461953,59.2861511323525,59.21583434509842,55.19776133860572,55.11096318039389,55.04524288847407,54.90019171313734,53.701372683270215,53.64724381862069,53.79945511187327,54.13199839187479,,64.17174901921645,61.43209685445185,55.19776133860572,,,53.68876196334707,63.13320640370542,"rgba(0, 255, 0, 1.0)",1.4850308503705703,63.13320640370542,2.5562332060962345,55.474680672750395,12.551824454430147,False,False,True,False,False,9.445327297278784,0.0,0.0,0.0,0.0,0,0.9563859352602843,0.7438565003637405,False,False,False,False,0.14904488176042716,0.1509359288838315,False,False,False,False,301921,279862.2035979782,False,False,False,False,3142.0026844368117,False,False,False,False
2024-09-10 00:00:00+00:00,66.5361102474,66.5361102474,66.5361102474,66.5361102474,212,,,,,,,,,,67.0018147016111,64.57490388359612,64.67936358679123,64.4331147465246,63.86727672599053,63.5112286075814,62.91585403605752,60.43855848037804,59.61660537985395,59.61569807097043,59.53517411279124,59.49589659865511,59.2033732259367,59.12932985574572,58.29180385391655,57.09092903379389,54.946340057856936,53.689270561523905,53.736701007698855,,,,,,,,,,66.7319181982529,64.4888384254858,64.64605068309322,64.25374959066687,64.17333651226585,63.58415368832086,63.13252713648378,61.433645734700264,59.99033192583682,59.57067262268568,59.61495352948235,59.421533405337904,59.28681747588873,59.21649369996385,55.198332634685286,55.111534443540705,55.04581292332346,54.900754549188306,53.70188334295951,53.64774064977399,53.7999204011449,54.13242705354065,,64.17333651226585,61.433645734700264,55.198332634685286,,,53.689270561523905,63.13298213685736,"rgba(0, 255, 0, 1.0)",1.478181111068209,63.13298213685736,2.302240290490096,53.39783083904518,10.567997525243165,False,False,False,False,False,7.9413257900613665,0.0,0.0,0.0,0.0,0,0.9473606838000413,0.7464429346896573,False,False,False,False,0.12490115458944885,0.13791854173664017,False,False,False,False,301709,280718.940711783,False,False,False,False,3027.1006183804666,False,False,False,False
2024-09-11 00:00:00+00:00,66.1724175189,66.1724175189,66.1724175189,66.1724175189,94,,,,,,,,,,66.98921558474379,64.57627252787577,64.68015010926163,64.4337945571716,63.86790397155441,63.51185130005752,62.916457076044644,60.43921073180616,59.61720540861759,59.616065533692804,59.5355254878661,59.496184845910506,59.203650361570865,59.12960280503599,58.29206301416186,57.09117570619473,54.946583328984865,53.68948967533569,53.73690801055681,,,,,,,,,66.1724175189,66.70735347902863,64.49079876730573,64.64681807492056,64.25434564522831,64.17393147685115,63.58477212210989,63.13317045897149,61.43428327169448,59.99098270229634,59.571254425817656,59.6153138482356,59.421867814634304,59.28709807010759,59.21677149292072,55.19857780169608,55.11177965828201,55.04605765697535,54.90099629107549,53.70210333854781,53.647954714543225,53.80012080679821,54.13261153828323,,64.17393147685115,61.43428327169448,55.19857780169608,,,53.68948967533569,63.459609460512866,"rgba(0, 255, 255, 0.75)",1.4703896418581823,63.459609460512866,1.8449586294411526,50.89745580429871,8.141415019135508,False,True,False,False,False,6.570067932331796,0.0,0.0,0.0,0.0,0,0.9555941996319206,0.7444752891475214,False,False,False,False,0.08166970334466271,0.10979412254065143,False,False,False,False,301615,281538.3940172033,False,False,False,False,2912.0770647184872,False,False,False,False
2024-09-12 00:00:00+00:00,66.63755103,66.63755103,66.63755103,66.63755103,281,,,,,,,,,,66.97394000275538,64.58153815750393,64.68322769756254,64.43636641944006,63.870155046295395,63.514036141675,62.918515786747975,60.44131777894106,59.61912568491188,59.61724168014528,59.53664925202872,59.497106395455425,59.2045339758834,59.13047250269386,58.292883357879944,57.091950783879575,54.94734062091423,53.6901690449182,53.73754991996699,,,,,,,,,66.5209575632176,66.6992550115732,64.49824522312375,64.64980550328038,64.25655681966789,64.17612138860784,63.58695107776555,63.135386031027544,61.43637506904987,59.993073616038444,59.57311554097599,59.616467125103526,59.422936154189514,59.28799338661737,59.21765730697119,55.19934169063895,55.11254345266308,55.04681977167543,54.90174870212668,53.70278546665155,53.648618351554965,53.800742374073316,54.13318430065672,,64.17612138860784,61.43637506904987,55.19934169063895,,,53.6901690449182,63.478203278008074,"rgba(0, 255, 0, 1.0)",1.4720792009667374,63.478203278008074,2.146180551914007,50.80463377475559,7.9063518809746895,False,True,False,False,False,8.015310161826559,0.0,0.0,0.0,0.0,0,0.969429794784968,0.7372172634176379,False,False,False,False,0.10626106673487204,0.10802759463776174,False,False,False,False,301896,282336.7315067247,False,False,False,False,2808.897571984429,False,False,False,False
2024-09-13 00:00:00+00:00,67.3224729036,67.5288931008,67.0374164407,67.4699159016,3245,,,,,,,,,,67.08161254093142,64.65932768484451,64.72982592177033,64.47439661832748,63.90201296633492,63.54432178879098,62.94630764903624,60.468122391424146,59.64329938517139,59.6320671086153,59.55080225065161,59.50871143383426,59.215625720578565,59.14138120190065,58.30309193582562,57.10150932808987,54.95657112645819,53.698408150382,53.745336373379246,,,,,,,,,67.21594625165461,67.0411085199953,64.60600809293263,64.69488672581451,64.28878032146616,64.20782436399892,63.6172752880812,63.165544436299996,61.463453869266495,60.01950893720506,59.5965343638064,59.63100473920601,59.43637483000386,59.29924199997979,59.22877819466458,55.20866331400608,55.12186015949811,55.056113200645314,54.910917891746166,53.71105838949585,53.65666555181626,53.80828400434019,54.140143015179945,,64.20782436399892,61.463453869266495,55.20866331400608,,,53.698408150382,63.56830490585763,"rgba(0, 255, 0, 1.0)",1.4789751084238698,63.56830490585763,2.538357796801025,52.78164043703843,7.9063518809746895,False,True,False,False,False,10.075652827361793,0.0,0.0,0.0,0.0,0,0.9606229104386338,0.7383705789158946,False,False,False,False,0.18929923447530897,0.14866341455653537,False,False,False,False,305141,283231.0165456767,False,False,False,False,2825.9996279850393,False,False,False,False
2024-09-16 00:00:00+00:00,67.6128373144,67.6128373144,67.6128373144,67.6128373144,133,,,,,,,,,,67.08878760895938,64.66279234977713,64.73193159239575,64.47610621171776,63.903426670395504,63.54565660030327,62.947521555345276,60.46926726605051,59.6443277755019,59.63269857303624,59.55140489021603,59.509205648574614,59.21609746447409,59.14184501827449,58.30352456355474,57.10191286750699,54.95695885318497,53.698753483493434,53.74566277041856,,,,,,,,,67.23001140255927,67.05421885269459,64.61074701655275,64.69692256225134,64.29022395907086,64.20924179166664,63.6186136258164,63.16686520692143,61.46461833452722,60.020635296257105,59.5975305211636,59.63162396557679,59.436946796150096,59.29972058735751,59.22925120423775,55.20905506296223,55.12225163298749,55.056503645316596,54.911303010478264,53.71140514627055,53.65700282353275,53.80860017751133,54.14043492828996,,64.20924179166664,61.46461833452722,55.20905506296223,,,53.698753483493434,63.571472309996395,"rgba(0, 255, 0, 1.0)",1.4768940380589677,63.571472309996395,2.7363946906543357,54.8871805113611,7.9063518809746895,False,False,True,False,True,10.928178079917767,0.0,0.0,0.0,0.0,0,0.9517540733608714,0.7455738335856652,False,False,False,False,0.23848978037593263,0.193576597466234,False,False,False,False,305274,284095.4472693756,False,False,False,False,2720.391799436606,False,False,False,False
2024-09-17 00:00:00+00:00,67.5412783127,67.7079871958,67.4305977688,67.5583817004,7989,,,,,,,,,,67.29982997829518,64.8534984546086,64.8507874613396,64.57381415856659,63.985230087470995,63.62323822209764,63.01848397420132,60.53686652107619,59.70521099732369,59.67019660994136,59.58720315315214,59.53858881588901,59.24415927931648,59.16943919372338,58.329290756591114,57.12597417179591,54.98010806749823,53.71938672737668,53.76516587882028,,,,,,,,,67.45449741962655,67.34722933157434,64.8658020409875,64.81208270240866,64.37335402249094,64.29098171262198,63.696349473824576,63.243860353686536,61.5331705290033,60.08721856071219,59.65652484037296,59.66839875833002,59.47093603809834,59.32818526850104,59.25738761900528,55.23244107989403,55.14562224497378,55.079813706319655,54.93429730347352,53.732123222498316,53.677155439673626,53.82749278195276,54.15787756071778,,64.29098171262198,61.5331705290033,55.23244107989403,,,53.71938672737668,63.690401542114465,"rgba(0, 255, 0, 1.0)",1.4895170727538345,63.690401542114465,2.5853189876273093,56.00350071632104,7.9063518809746895,False,False,True,False,True,10.645365748789096,0.0,0.0,0.0,0.0,0,0.9467004893269719,0.7401684887154827,False,False,False,False,0.23193230405755053,0.21275445076189226,False,False,False,False,297285,284612.68463136087,False,False,False,False,2927.00388573321,False,False,False,False
2024-09-18 00:00:00+00:00,67.4687363576,67.4687363576,67.4109387024,67.4109387024,220,,,,,,,,,,67.30165324528302,64.85819561667316,64.85379159286568,64.57632099140226,63.98736300162278,63.625273481543125,63.02036045912528,60.53868083117667,59.70685094692841,59.671209817472196,59.588170835228475,59.53938382816298,59.24491914004658,59.17018654691138,58.32998980476905,57.126628202825415,54.98073875614343,53.7199495250532,53.76569787843975,,,,,,,,,67.45440496616052,67.3488349458945,64.87194054498808,64.81500079767979,64.37550618585928,64.29310209884136,63.69838681780675,63.245889171450855,61.53500229361223,60.089008623575765,59.65811451486144,59.66939252104474,59.471855276081826,59.32895586635087,59.25814947221093,55.23307806739514,55.14625886260691,55.08044871422855,54.93492380368039,53.73268832554227,53.677705163163004,53.82800812966858,54.15835329758645,,64.29310209884136,61.53500229361223,55.23307806739514,,,53.7199495250532,63.69268405636755,"rgba(0, 255, 0, 1.0)",1.5004771299738253,63.69268405636755,2.5165677142298843,56.43699081655962,7.9063518809746895,False,False,True,False,True,10.354769876588424,0.0,0.0,0.0,0.0,0,0.946939165735385,0.7410793081109636,False,False,False,False,0.21255039783619872,0.2126524242990455,False,False,False,False,297065,285101.01072424866,False,False,False,False,2820.8468706064177,False,False,False,False
2024-09-19 00:00:00+00:00,67.9122448957,67.9122448957,67.9122448957,67.9122448957,27,,,,,,,,,,67.30256492888427,64.8588736581037,64.85422545021811,64.57667785245503,63.9876595531851,63.62555332281855,63.02061469647564,60.53891833707267,59.70706419241111,59.67134154460909,59.58829656998639,59.539487094448994,59.24501764548561,59.170283384482396,58.33007994287703,57.12671206270517,54.980819027067525,53.72002092052196,53.76576537444157,,,,,,,,,67.45543605116325,67.34991873533912,64.87282679712003,64.81542131416667,64.37580984001784,64.29340025697374,63.698667531663055,63.24616542460453,61.53524460677164,60.08924206191255,59.65832115186418,59.66952171883281,59.47197462054487,59.329055818651184,59.25824824442054,55.23315919979316,55.146339927047265,55.08052955813397,54.93500353112071,53.73276001561997,53.67777489317358,53.82807352286632,54.158413713945734,,64.29340025697374,61.53524460677164,55.23315919979316,,,53.72002092052196,63.69313028816102,"rgba(0, 255, 0, 1.0)",1.5182375755656405,63.69313028816102,2.778955464836975,58.109143709544846,1.918175530190041,False,False,True,False,True,11.694791085364702,0.0,0.0,0.0,0.0,0,0.9486025553900804,0.7443012405629696,False,False,False,False,0.2841607710747182,0.24840659768688184,False,False,False,False,297092,285571.2455978076,False,False,False,False,2711.2842482296955,False,False,False,False
2024-09-20 00:00:00+00:00,66.9980983079,66.9980983079,66.9980983079,66.9980983079,84,,,,,,,,,,67.30115714575206,64.86035022197972,64.85517118210436,64.57748346131065,63.988367037581796,63.62623809524999,63.02125770520802,60.539565548722564,59.70765364644337,59.67170587817889,59.58864476385216,59.53977327591277,59.24529177106338,59.17055314059272,58.33033360951025,57.126950839663316,54.98105109890533,53.72022872836215,53.76596178873786,,,,,,,,,67.45225404416962,67.3478257526263,64.87475244330919,64.81634288597174,64.37651009507665,64.29409330599249,63.69935120475865,63.24685633225737,61.53589030235808,60.08988337056128,59.658892763870014,59.66987906697794,59.47230568118404,59.329333649194744,59.25852306277734,55.23339340694693,55.14657406173211,55.08076314827449,54.93523409365217,53.732968668038005,53.67797789501378,53.82826375991449,54.15858917991354,,64.29409330599249,61.53589030235808,55.23339340694693,,,53.72022872836215,63.693494827265184,"rgba(0, 255, 0, 1.0)",1.5273723649372162,63.693494827265184,2.163587319304843,55.525176880669484,1.918175530190041,False,False,True,False,True,8.073004258636523,0.0,0.0,0.0,0.0,0,0.9254448770139277,0.7704277979146031,False,False,False,False,0.1474934243662434,0.19795001102656262,False,False,False,False,297008,286019.74577044253,False,False,False,False,2608.2534933971588,False,False,False,False
2024-09-23 00:00:00+00:00,68.118665093,68.118665093,67.4732579429,67.5682112336,2073,,,,,,,,,,67.36285268102507,64.9113194343712,64.88799980114601,64.6045698451606,64.01094295197542,63.64756395863289,63.040658575815534,60.5577302393493,59.72397328603686,59.68179540621572,59.59827611959301,59.5476854141835,59.25284001611241,59.17797382301608,58.33724247821494,57.13338002598191,54.98720676688464,53.72570463900489,53.7711387191335,,,,,,,,,67.51838537200125,67.41896597444287,64.94099625358858,64.84817905032497,64.39960153207147,64.31677455007767,63.72074044873255,63.26792279063046,61.55441033440345,60.107741705276325,59.67470801592342,59.67977512063585,59.4814484055369,59.336992509512925,59.26609170773839,55.23961495494025,55.15279045291189,55.08696267533602,54.941348131145425,53.73846716000151,53.683326136700664,53.8332794458444,54.163223168587194,,64.31677455007767,61.55441033440345,55.23961495494025,,,53.72570463900489,63.72580184004929,"rgba(0, 255, 0, 1.0)",1.5558338631499269,63.72580184004929,2.823478365522242,57.042514939433076,1.918175530190041,False,False,True,False,True,11.396584332202494,0.0,0.0,0.0,0.0,0,0.9264383899299923,0.7421591798836449,False,False,False,False,0.2662955776628343,0.23212279434469846,False,False,False,False,299081,286531.9518186605,False,False,False,False,2587.2631603227605,False,False,False,False
2024-09-24 00:00:00+00:00,68.0990060266,68.0990060266,68.0990060266,68.0990060266,144,,,,,,,,,,67.36805313637058,64.91502380324728,64.89040010480922,64.606545529153,64.01257977765704,63.64910513139554,63.042054466024425,60.55902220201293,59.7251315427757,59.68251199368804,59.59896005590445,59.54824731588879,59.253375699855376,59.17850036648541,58.337731828337965,57.13383444210856,54.987640617769415,53.72609010592937,53.77150316357069,,,,,,,,,67.52423627292933,67.42496008398017,64.94578691366036,64.85050609073748,64.4012832016599,64.31842479833125,63.7222872202147,63.269440494483604,61.55573230432271,60.10901022425136,59.67583040555196,59.680477980875615,59.482097487719024,59.337536148904825,59.26662885530806,55.24005357244573,55.15322866325619,55.087399664775326,54.94177902744503,53.73885422043678,53.683702605415284,53.833632564019,54.1635495282707,,64.31842479833125,61.55573230432271,55.24005357244573,,,53.72609010592937,63.72827068517843,"rgba(0, 255, 0, 1.0)",1.5883830656810973,63.72827068517843,2.7516884534067962,57.97869014083149,2.1949169750449755,False,False,True,False,True,11.319845614238961,0.0,0.0,0.0,0.0,0,0.9720148421329095,0.7247624217368834,False,False,False,False,0.3132334054336453,0.2726780998891719,False,False,False,False,298937,287018.42429636006,False,False,False,False,2491.4489187414756,False,False,False,False
2024-09-25 00:00:00+00:00,68.4430396887,68.4725282883,68.1284946262,68.4725282883,1030,,,,,,,,,,67.41518897102564,64.94332415121175,64.9087892355075,64.62161525064685,64.02496063904248,63.66071290209439,63.05250709267907,60.56855520306061,59.73365305097304,59.68778557250613,59.60399211524483,59.552381304893295,59.25731324733738,59.18236988716364,58.34131986666844,57.137157470863855,54.99080194150905,53.728894420585135,53.774154710293494,,,,,,,,,67.57962126853299,67.47970486472903,64.98230716766166,64.86832275396014,64.4140744233638,64.3309615250005,63.73394681206693,63.28082685112056,61.56553177432127,60.11835434500529,59.68408697780245,59.68565057060564,59.48687146428876,59.341533176914076,59.270577316618784,55.24325077164497,55.15642249434418,55.090584300264055,54.94491862684375,53.741670167591785,53.68644133563832,53.83620191100564,54.16592516634387,,64.3309615250005,61.56553177432127,55.24325077164497,,,53.728894420585135,63.748352262990316,"rgba(0, 255, 0, 1.0)",1.6230910045892601,63.748352262990316,2.8924363528819628,59.507058474335004,3.8758732390430453,True,False,True,False,True,12.31410515979264,0.0,0.0,0.0,0.0,0,0.9638817322080065,0.7286698800045714,False,False,False,False,0.34282823846825516,0.30775316917871354,False,False,False,False,299967,287526.21157885576,False,False,False,False,2434.1371964378886,False,False,False,False
2024-09-26 00:00:00+00:00,69.5537769405,69.696305172,69.3473567433,69.3473567433,524,,,,,,,,,,67.46576150723355,64.96248998073865,64.92126574696915,64.63165736939342,64.03295046176021,63.668082920393516,63.058994828201506,60.57413309287995,59.73857699942749,59.69083257786294,59.60689636804873,59.55476594541753,59.259575949137414,59.18459143840689,58.343360196726934,57.139025797231405,54.99255221717245,53.73043622516335,53.77561288454093,,,,,,,,,67.64420709126937,67.53982749460039,65.00702021779995,64.88037894108159,64.42249975524257,64.33918130087145,63.741372870437104,63.287949413891596,61.5713750160364,60.12378293333439,59.688854800458415,59.68863919035004,59.489622572369484,59.34383249799086,59.27284666592883,55.245023667861126,55.1581925615849,55.09234855405157,54.946656396444254,53.74321846692779,53.68794676672003,53.83761534537697,54.167234350323156,,64.33918130087145,61.5713750160364,55.245023667861126,,,53.73043622516335,63.76501813710102,"rgba(0, 255, 0, 1.0)",1.6820525654967844,63.76501813710102,3.441485077304526,62.94088707637265,7.285935110290218,True,False,True,False,True,15.38077022618528,0.0,0.0,0.0,0.0,0,0.9766777638941866,0.7315938847282047,False,False,False,False,0.3428282417886271,0.32529070548367034,False,False,False,False,300491,288034.63465419476,False,False,False,False,2359.2298554011086,False,False,False,False
2024-09-27 00:00:00+00:00,70.1238898663,70.1238898663,69.942043502,70.1238898663,918,,,,,,,,,70.06327441153334,67.57008933564391,64.99953904517938,64.94545934207582,64.65104634642277,64.04823776261597,63.682114636404904,63.071258873660035,60.584466341276205,59.74765825702004,59.69645376408795,59.61225213278673,59.559162969208,59.26374228996545,59.188680614554784,58.34710235771892,57.142437702440226,54.99572942651633,53.73322730680731,53.77825285523192,,,,,,,,,67.77669150840349,67.66298791087688,65.05467714100956,64.9037435459514,64.43871979394113,64.35498458222284,63.75552513883303,63.30144578436641,61.58227235451732,60.13381392758586,59.697646275689394,59.69415269353581,59.49469317413158,59.34806792342155,59.277025501728026,55.24824390953221,55.16140697746207,55.095551901031314,54.94981056513486,53.74602137579285,53.69067178420449,53.8401746631163,54.169606596246254,,64.35498458222284,61.58227235451732,55.24824390953221,,,53.73322730680731,64.31640030197701,"rgba(0, 255, 0, 1.0)",1.7537034735627868,64.31640030197701,3.3115573139195646,66.22139900797788,10.433648372492812,True,False,True,False,True,16.870195948018008,0.0,0.0,0.0,0.0,0,0.984390219442693,0.7145512232821648,False,False,False,False,0.3428282428007146,0.3340594741421925,False,False,False,False,301409,288559.11956971657,False,False,False,False,2302.7110375422417,False,True,False,False
2024-09-30 00:00:00+00:00,69.2982090773,69.6504012519,69.170523441,69.6504012519,827,,,,,,,,,69.73615689729097,67.63304774443534,65.02797057854538,64.96414723857255,64.66618265738808,64.06037070556991,63.69334117102907,63.08118345592054,60.59307956185287,59.75527914664854,59.70117570115099,59.61675394912429,59.56286089085641,59.267253166031544,59.19212815364658,58.35027303229211,57.14534573467303,54.99845947219685,53.735634652898156,53.78052962631835,,,,,,,,,67.85174887371906,67.73500954836364,65.09103576904721,64.92182062535649,64.45146891167066,64.36743432685357,63.76683118572529,63.31232190710332,61.59126851425516,60.14220628145572,59.70502698681743,59.69878433985967,59.49895891251179,59.351635033440466,59.28054659999474,55.251008632800435,55.16416749356821,55.09830350794219,54.95252121940179,53.748438835422014,53.69302243867221,53.84238152262759,54.17165029562343,,64.36743432685357,61.59126851425516,55.251008632800435,,,53.735634652898156,64.32209525504017,"rgba(0, 255, 0, 1.0)",1.79966109894592,64.32209525504017,2.7650282740313687,65.1177362603959,10.433648372492812,True,False,True,False,True,13.599145524660678,0.0,0.0,0.0,0.0,0,0.9763837612283924,0.7186558050528696,False,False,False,False,0.27209352003744824,0.3030764970898204,False,False,False,False,300582,289030.6050767865,False,False,False,False,2244.840016462154,False,False,False,False
2024-10-01 00:00:00+00:00,69.2982090773,69.2982090773,69.0623002804,69.0623002804,292,,,,,,,,,69.66210557033844,67.65237059405501,65.03756971781782,64.97047962029038,64.67133038036697,64.06451807690114,63.69718767790506,63.08459490543973,60.59606362711889,59.75792418309057,59.7028154002491,59.61831748573682,59.56414548438956,59.26847339890949,59.193326523838145,58.351376528315136,57.14635929926758,54.99941286955473,53.736476129459376,53.78132544682435,,,,,,,,,67.87408568876748,67.756762482571,65.10327269316558,64.92794959661205,64.45581480869782,64.37168105879543,63.77070331586981,63.316055777124056,61.59437740149301,60.14511663619477,59.70758897900013,59.700392712345725,59.50044079773566,59.35287463558531,59.281770358389096,55.25197394642406,55.1651314049131,55.09926435877481,54.95346787985392,53.74928383937548,53.69384412555816,53.84315287985732,54.172364476934526,,64.37168105879543,61.59437740149301,55.25197394642406,,,53.736476129459376,64.32549819063074,"rgba(0, 255, 0, 1.0)",1.8392922946736403,64.32549819063074,2.7036001298268952,64.38196109534124,10.433648372492812,True,False,True,False,True,13.599145524660678,0.0,0.0,0.0,0.0,0,0.9691782192208213,0.7526072832924419,False,False,False,False,0.2466272898410898,0.2748518934654551,False,False,False,False,300582,289483.6009561282,False,False,False,False,2168.2580550322655,False,False,False,False
2024-10-02 00:00:00+00:00,68.6789484855,68.6789484855,68.6789484855,68.6789484855,552,,,,,,,,,69.45248691030336,67.67547456095181,65.05326605135231,64.98088253327192,64.67987702594215,64.07151980477661,63.70373412182634,63.09046621016554,60.60134580162243,59.76263487839177,59.70573756327029,59.621105470104084,59.566437041940084,59.2706540467369,59.19546904271706,58.35335823930794,57.14818911024163,55.00114632582534,53.73801108099587,53.782776975546135,,,,,,,,,67.89818834507932,67.7816182771812,65.12319610978214,64.93803469503328,64.46307883022841,64.3787958434454,63.7772834520545,63.32245622678326,61.59983136571843,60.15028583479941,59.71215337389321,59.70325911870781,59.5030851787825,59.35508878983361,59.28395713519448,55.25372780401811,55.1668831531157,55.10101087357593,54.95518930965584,53.75082517790161,53.695343133490994,53.844559589368885,54.17366588758193,,64.3787958434454,61.59983136571843,55.25372780401811,,,53.73801108099587,64.32522284393549,"rgba(0, 255, 0, 1.0)",1.8464062731205007,64.32522284393549,2.3579456509354997,61.59311542077245,10.433648372492812,True,False,True,False,False,11.202297224531872,0.0,0.0,0.0,0.0,0,0.9752256179926398,0.7451352254710656,False,False,False,False,0.1921932407165676,0.23352256709101132,False,False,False,False,300030,289897.1852323585,False,False,False,False,2104.8753862074705,False,False,False,False
2024-10-03 00:00:00+00:00,68.266108091,68.266108091,67.9613925617,67.9613925617,687,,,,,,,,,69.1823946926382,67.68879991111177,65.06986819221238,64.99195871905555,64.68910138452465,64.07923468001304,63.7110176785548,63.09708520330123,60.607492132967586,59.768152859529316,59.70916339147311,59.62437598077615,59.56912651826115,59.27321828150637,59.197989629851214,58.355700726367246,57.15036405848719,55.00322199652108,53.73985523032224,53.78452073135285,,,,,,,,,67.90775848154573,67.79404633245043,65.14414143257184,64.94879518226267,64.47098568936376,64.38656254313382,63.7845913914357,63.329637747181415,61.60611506923324,60.156322991190095,59.71750205692347,59.7066196839424,59.50618977110999,59.35769102801899,59.28652836080662,55.25582634117199,55.16897970776266,55.103101570809265,54.95725085541319,53.75267694197637,53.697144292548366,53.846249260970126,54.17522782310713,,64.38656254313382,61.60611506923324,55.25582634117199,,,53.73985523032224,64.32070311571385,"rgba(0, 255, 0, 1.0)",1.8552355236216742,64.32070311571385,2.126632939619537,58.344812743098984,14.208890533373946,False,False,True,False,False,9.644565166122796,0.0,0.0,0.0,0.0,0,0.9667116817780697,0.7579113466985617,False,False,False,False,0.13212770641309685,0.18282513675205408,False,False,False,False,299343,290267.6093408935,False,False,False,False,2049.2724298856087,False,False,False,False
2024-10-04 00:00:00+00:00,68.0990060266,68.1383241594,67.8139495637,67.8139495637,494,,,,,,,,,69.02970002083111,67.69510833297896,65.08113359335674,64.99950780199269,64.69542408270748,64.08456468377642,63.71606746260556,63.101695876259086,60.61181948536285,59.772046590684354,59.71158215530447,59.62668557954957,59.57102624006718,59.27503066682207,59.199771439640294,58.357359134540516,57.15190653557,55.004697425079726,53.74116745693192,53.785761495987764,,,,,,,,,67.91051219703299,67.79913313256216,65.15829856329394,64.95613571490806,64.47642428513001,64.39191047422024,63.78965487930303,63.334631521185926,61.6105246385289,60.1605786779111,59.72127688383315,59.70899241427081,59.50838281780785,59.35952995406061,59.28834563745511,55.25731768050632,55.17046975642949,55.10458754576366,54.958716305545636,53.753994573391516,53.698425975367286,53.84745149516659,54.17633891081403,,64.39191047422024,61.6105246385289,55.25731768050632,,,53.74116745693192,64.31874360073158,"rgba(0, 255, 0, 1.0)",1.871298107386328,64.31874360073158,2.0201283862507444,55.625173738282065,11.637481836962039,False,False,True,False,False,9.017493476161544,0.0,0.0,0.0,0.0,0,0.942276288833571,0.7652769620854429,False,False,False,False,0.11766136591409779,0.15024325133307592,False,False,False,False,298849,290604.13446478004,False,False,False,False,1988.28135420382,False,False,False,False
2024-10-07 00:00:00+00:00,68.118665093,68.118665093,67.7746314309,67.7746314309,352,,,,,,,,,68.94210882457938,67.69928044975464,65.08907275943712,65.00484069536314,64.69989696849885,64.08834115815996,63.719647526433064,63.1049671993009,60.614894408535406,59.77481442247007,59.7133020694997,59.628327940698675,59.57237726708628,59.276319689338976,59.201038743533346,58.35853888413168,57.15300403595309,55.005747479811944,53.74210147936543,53.786644657517314,,,,,,,,,67.91216015871923,67.80240886207295,65.16825554584982,64.96132251890114,64.48027508555059,64.39569780088553,63.79324432224455,63.33817340934653,61.613656560384065,60.163603205809785,59.72396029859041,59.71067961244586,59.50994237920694,59.36083782257292,59.28963813393391,55.25837903132234,55.17153019769618,55.10564509499453,54.95975926446466,53.75493244136494,53.69933826347004,53.84830723118175,54.17712975863046,,64.39569780088553,61.613656560384065,55.25837903132234,,,53.74210147936543,64.31833309411485,"rgba(0, 255, 0, 1.0)",1.879482083716433,64.31833309411485,2.0220102292065962,53.88069073962202,9.974301577397142,False,True,False,False,False,9.076122930946315,0.0,0.0,0.0,0.0,0,0.941033896849937,0.7667449597367227,False,False,False,False,0.11456800593926443,0.13240562863617017,False,False,False,False,299201,290941.2664465534,False,False,False,False,1924.113457960533,False,False,False,False
2024-10-08 00:00:00+00:00,67.6468474993,67.6468474993,67.6371162614,67.6371162614,297,,,,,,,,,68.85483658964839,67.69865306504329,65.09491391262438,65.00878670298727,64.70325095733179,64.0912291569094,63.7224098606617,63.107521188479495,60.61736044462401,59.77704612331649,59.71468963589417,59.62965357866638,59.57346815106247,59.27736210844493,59.20206398354849,58.35949689010628,57.15389913008929,55.00660877081412,53.74286955402773,53.78737085326089,,,,,,,,,67.90822385844781,67.80029478240931,65.17554189857854,64.96516844541694,64.48318603400708,64.39856864085672,63.7960093617681,63.340927196518976,61.61614784082797,60.16603612057697,59.726124591546515,59.712040814325036,59.51120200286189,59.36189502972066,59.29068329239047,55.25924909171415,55.172399684681835,55.106512339732525,54.96061482254922,53.75570365985871,53.70008852585247,53.849010798240556,54.17777957600707,,64.39856864085672,61.61614784082797,55.25924909171415,,,53.74286955402773,64.31630560905174,"rgba(0, 255, 255, 0.75)",1.870278147134115,64.31630560905174,1.78077356854741,51.06561853498002,7.281011990908738,False,True,False,False,False,7.285534771827326,0.0,0.0,0.0,0.0,0,0.9286509720982359,0.7682522006212428,False,False,False,False,0.08272506491553852,0.10756534677585435,False,False,False,False,298904,291253.53050747287,False,False,False,False,1860.30508706012,False,False,False,False
2024-10-09 00:00:00+00:00,68.2955966906,68.2955966906,68.2955966906,68.2955966906,52,,,,,,,,,68.8483323456872,67.69982846238999,65.0961947769037,65.0096470334968,64.70396743961795,64.0918270329127,63.72297345209655,63.10803228631543,60.6178320790857,59.77746910259792,59.71495249973668,59.629904510994095,59.57367454556642,59.27755881407884,59.202257323421335,58.359676379284565,57.15406557103231,55.00676733683104,53.743010330080246,53.7875039731603,,,,,,,,,67.90921541086091,67.80144654429225,65.17714905904595,64.96600430751815,64.48380017318263,64.39917164286703,63.79657503424537,63.34148198413414,61.616630972177184,60.16649904969562,59.726534597912796,59.712298678093056,59.51144018088137,59.362094672375484,59.29088053756037,55.25940943212501,55.17255986371367,55.10667206407927,54.960772305225156,53.75584501793255,53.70022601852456,53.849139796157694,54.17789885067073,,64.39917164286703,61.616630972177184,55.25940943212501,,,53.743010330080246,64.31670390945617,"rgba(0, 255, 0, 1.0)",1.8727289032462715,64.31670390945617,2.124649635217696,51.54421779040587,7.281011990908738,False,True,False,False,False,9.250224297469458,0.0,0.0,0.0,0.0,0,0.9304627825269288,0.7733675131740302,False,False,False,False,0.1513296623497207,0.12944750456278753,False,False,False,False,298956,291555.5881346308,False,False,False,False,1789.3911620773704,False,False,False,False
2024-10-10 00:00:00+00:00,68.0498583606,68.216960425,68.0498583606,68.216960425,626,,,,,,,,,68.75710690250628,67.70922322277656,65.11062320416781,65.01937190727952,64.7121152138312,64.0986864462387,63.729465818110214,63.11395211478871,60.62336486702676,59.78244429935925,59.718045656069116,59.63285798841234,59.5761043308825,59.279876286492616,59.204535564781075,58.36179532610881,57.15603470400959,55.00864863683681,53.74468271533043,53.78908535127019,,,,,,,,,67.91508481142957,67.80972801409301,65.19519647825467,64.9754615257689,64.49081014466344,64.40606290542267,63.80308654042652,63.34789521405175,61.62227631787011,60.171937684370846,59.73135797155031,59.715333042496475,59.51424445491589,59.36444625154927,59.293204289677256,55.261311240369366,55.17445994615869,55.108566894380424,54.962640848458086,53.75752429677723,53.701859466761135,53.850672125931496,54.179315249738885,,64.40606290542267,61.62227631787011,55.261311240369366,,,53.74468271533043,64.31969468162183,"rgba(0, 255, 0, 1.0)",1.8621380626432,64.31969468162183,2.0031617170659275,50.96735146312864,6.977841820896742,False,True,False,False,False,8.31587293517083,0.0,0.0,0.0,0.0,0,0.9238701807615571,0.7716526049025628,False,False,False,False,0.13419868280435404,0.13182309368357079,False,False,False,False,298330,291821.2513450375,False,False,False,False,1743.7679792508068,False,False,False,False
2024-10-11 00:00:00+00:00,68.9148572824,68.9148572824,68.6887780187,68.6887780187,168,,,,,,,,,68.75973589112071,67.71620355888837,65.11541500191265,65.02258958096157,64.71476668785277,64.10085978316047,63.731496577670406,63.1157716805963,60.62499382658809,59.78389613381869,59.7189479841417,59.63371889470803,59.57681226817601,59.28054972396109,59.205197177385315,58.36240665446212,57.15659845493785,55.009181718649906,53.74515440241019,53.78953144093762,,,,,,,,,67.92244192623158,67.8171991351117,65.20121395915112,64.97858271801613,64.4930678347473,64.40827399629728,63.80512821534776,63.34987845367212,61.62396101237008,60.17353089341936,59.73276484484117,59.71621820489998,59.515060993366454,59.36513010214879,59.29387962943171,55.26185069286496,55.17499871423075,55.10910402769029,54.96317021817055,53.75799794841724,53.7023201070535,53.85110447228819,54.17971535101427,,64.40827399629728,61.62396101237008,55.26185069286496,,,53.74515440241019,64.32295034334672,"rgba(0, 255, 0, 1.0)",1.8582231309439101,64.32295034334672,2.471127854662301,53.35026810758626,6.977841820896742,False,True,False,False,False,10.870421314546412,0.0,0.0,0.0,0.0,0,0.9251298739327317,0.7616421167295908,False,False,False,False,0.2054194477121947,0.16862127069788274,False,False,False,False,298498,292083.08462562424,False,False,False,False,1681.9731565350887,False,False,False,False
2024-10-14 00:00:00+00:00,68.4135510891,68.6199712863,68.3840624894,68.3840624894,764,,,,,,,,,68.7233406997821,67.73686477007459,65.13491974381577,65.03575393185925,64.7257127790866,64.10995475264264,63.74004936506818,63.12350221816182,60.63206300224666,59.79022533925497,59.722884164266944,59.63747595311964,59.57990283949463,59.28349353928018,59.20809023394621,58.365088499795576,57.159080986187874,55.011541142776636,53.74724694289539,53.79151029614417,,,,,,,,,67.94165584204536,67.83813021675928,65.225595316191,64.99137026288206,64.50244108603133,64.41747102098803,63.81371686011677,63.35827773616735,61.63122331210121,60.1804623218077,59.7388996970425,59.72007959344612,59.5186264275214,59.36811834262785,59.29683159081108,55.26423708690581,55.17738250537084,55.111480904609806,54.96551342940762,53.76009915784373,53.70436379415524,53.85302217366912,54.18148904402337,,64.41747102098803,61.63122331210121,55.26423708690581,,,53.74724694289539,64.33263652885412,"rgba(0, 255, 0, 1.0)",1.838286685628429,64.33263652885412,2.219955457519287,53.0907467975084,6.977841820896742,False,True,False,False,False,8.968170491439977,0.0,0.0,0.0,0.0,0,0.9279093040182682,0.7643781445969772,False,False,False,False,0.17326232472538855,0.17094179771163565,False,False,False,False,297734,292304.68915010954,False,False,False,False,1645.9742092199872,False,False,False,False
2024-10-15 00:00:00+00:00,68.2071308918,68.5904826867,68.1973013586,68.1973013586,400,,,,,,,,,68.69896973151859,67.74525160748838,65.14461426099889,65.04232536204384,64.73120377841778,64.11454814499498,63.74438202351505,63.12743435589947,60.635692647386904,59.79348167016892,59.72491041856644,59.639410378214464,59.58149446058441,59.28501043217615,59.20958117909086,58.366472475640876,57.160364125533526,55.012763187697885,53.748331796642816,53.79253619260618,,,,,,,,,67.94865952309993,67.84624712622652,65.23766840281664,64.99775859659691,64.50715742699245,64.42210291125619,63.8180653324725,63.362543447265246,61.63494124655601,60.184025143982105,59.74205646806505,59.72206738349614,59.520462660069185,59.36965788569876,59.29835264365496,55.26547284040438,55.17861700053483,55.1127118867587,54.96672712405975,53.76118849552831,53.705423356149225,53.854016331140635,54.182408350209094,,64.42210291125619,61.63494124655601,55.26547284040438,,,53.748331796642816,64.33685363698486,"rgba(0, 255, 0, 1.0)",1.8218906722320833,64.33685363698486,2.1243191558105363,52.191863857828565,6.977841820896742,False,True,False,False,False,8.19381873174342,0.0,0.0,0.0,0.0,0,0.9497125969545347,0.751995202122006,False,False,False,False,0.16175450700949875,0.16634815236056721,False,False,False,False,297334,292501.9170265759,False,False,False,False,1597.1124755250858,False,False,False,False
2024-10-16 00:00:00+00:00,67.292984304,67.7254837649,67.292984304,67.7254837649,10879,,,,,,,,,67.9058493100797,67.65984599206415,65.31929579170426,65.1655100060653,64.83881531801639,64.21004521029188,63.83678108010661,63.21414982231515,60.721791161634066,59.871923868599204,59.77396639286094,59.6863135029382,59.62015911543394,59.32201201590814,59.24598713915009,58.40060082692403,57.19236435741351,55.04368759923476,53.77596938393582,53.81866941525204,,,,,,,,,67.78080529117193,67.71980719806686,65.44795752987582,65.11837173808658,64.60212671782776,64.51611521824381,63.91038694944304,63.455427582770795,61.72120280116814,60.26923614888218,59.81818309684692,59.77020010305771,59.565071585918204,59.40716872777184,59.33544895071725,55.29669813093712,55.20982626505536,55.14384430265957,54.9974486575878,53.78893842331175,53.73242326826804,53.879335347525746,54.20578771640259,,64.51611521824381,61.72120280116814,55.29669813093712,,,53.77596938393582,64.36427223682067,"rgba(0, 255, 255, 0.75)",1.7825360512239075,64.36427223682067,1.6430029929371972,48.77217320009258,4.265768740152083,False,True,False,False,False,4.865533235665115,0.0,0.0,0.0,0.0,0,0.9418025110355078,0.7755742063754325,False,False,False,False,0.0571636105875745,0.11175588147407085,False,False,False,False,286455,292264.7830255337,False,False,False,False,1961.1080647201807,False,False,False,False
2024-10-17 00:00:00+00:00,67.7254837649,67.8827562961,67.5976998333,67.8827562961,750,,,,,,,,,67.89876646541336,67.66126114556766,65.33192068548591,65.17459066863469,64.84673478622389,64.2170165520254,63.84349444614347,63.22041261961866,60.72790653872218,59.87748320300351,59.77745602606665,59.68964981874923,59.62291178059502,59.3246438076403,59.24857603134938,58.403021499997635,57.19462710939956,55.04586501558262,53.77791210744221,53.82050671982405,,,,,,,,,67.77979889052288,67.72013070011211,65.46293536957975,65.12726173192658,64.60911235034014,64.52302044452823,63.91710180741065,63.462143081313634,61.72736055985983,60.275278189550384,59.823579030846304,59.773624446084035,59.56824419633583,59.40983742665963,59.3380875808275,55.29889762883355,55.212024305579114,55.146036697289276,54.999611659209904,53.79088906201123,53.73432114619577,53.881115677463434,54.207432707257965,,64.52302044452823,61.72736055985983,55.29889762883355,,,53.77791210744221,64.37018651179915,"rgba(0, 255, 255, 0.75)",1.7399543565269135,64.37018651179915,1.9283823397518867,48.04780001297925,3.4340365881279027,False,True,False,True,False,6.194446565045286,0.0,0.0,0.0,0.0,0,0.9241210204182778,0.7789356847756247,False,False,False,False,0.0822645579868767,0.09701021973047377,False,False,False,False,287205,292066.3601617873,False,False,False,False,1913.6136308095854,False,False,False,False
2024-10-18 00:00:00+00:00,68.1015617052,68.1015617052,68.1015617052,68.1015617052,89,,,,,,,,,67.89976105274685,67.6622387369312,65.33363705448905,65.17581749402196,64.84779048142387,64.2179279146984,63.844364390995,63.22121484717927,60.728669414283296,59.87817311321082,59.77788897529726,59.690063558581556,59.62325304781702,59.32496959912962,59.24889639522285,58.40331993993737,57.194904885734196,55.04613080897331,53.778148656513466,53.820730452219394,,,,,,,,,67.78064137501896,67.72107268799859,65.46498409974456,65.12846025364391,64.61003611947983,64.5239311007419,63.91797335567455,63.463006770604075,61.72813493785954,60.276029697858476,59.824248479041216,59.77404928994078,59.568637391780406,59.41016792515692,59.3384142401859,55.299166269341534,55.21229271521548,55.14630437802427,54.999875666638346,53.79112658031537,53.734552217342,53.88133249711951,54.207633170488,,64.5239311007419,61.72813493785954,55.299166269341534,,,53.778148656513466,64.3711932449302,"rgba(0, 255, 0, 1.0)",1.7210318979719448,64.3711932449302,2.167518489730288,48.83542927475976,3.4340365881279027,False,True,False,False,False,7.3321105318172854,0.0,0.0,0.0,0.0,0,0.932791177280564,0.7559383638799664,False,False,False,False,0.11242435211914599,0.10471728592480989,False,False,False,False,287294,291879.2087828937,False,False,False,False,1842.0601550915626,False,False,False,False
2024-10-21 00:00:00+00:00,67.8139495637,67.8139495637,67.8139495637,67.8139495637,225,,,,,,,,,67.89871012824024,67.66308554754949,65.33751682669984,65.17860999557763,64.85022067927224,64.22005952769355,63.84641362986694,63.22312232267275,60.730522121698854,59.87985576853887,59.77894549597051,59.691073590161665,59.624086416218454,59.3257661343188,59.24967989092771,58.40405196842392,57.19558854945198,55.046787908257784,53.7787346315816,53.8212846458457,,,,,,,,,67.78086040536888,67.72164895849559,65.46958586402515,65.13119322375469,64.61217711770362,64.52604634226574,63.92002372558264,63.46505352395646,61.73000348952013,60.27785913217894,59.82588163147634,59.775086051925925,59.56959776402328,59.41097569767291,59.33921285529428,55.29983011016673,55.21295608864256,55.1469660272623,55.000528403020716,53.791714945244,53.73512465905732,53.88186952137935,54.20812944347167,,64.52604634226574,61.73000348952013,55.29983011016673,,,53.7787346315816,64.37312841653312,"rgba(0, 255, 0, 1.0)",1.7093278263444005,64.37312841653312,2.012967374740215,48.408682044253425,3.4166352933485484,False,True,False,False,False,6.283304581843996,0.0,0.0,0.0,0.0,0,0.9218339766832441,0.7755873887172944,False,False,False,False,0.07965098537566315,0.09218413565023652,False,False,False,False,287069,291690.57314434886,False,False,False,False,1778.6460313624816,False,False,False,False
2024-10-22 00:00:00+00:00,67.2241775716,67.2634957044,67.2241775716,67.2634957044,289,,,,,,,,,67.88846671887976,67.66005451825673,65.34132611416302,65.18140517472297,64.8527300775454,64.22235503360352,63.8486605417913,63.22526258068928,60.732706783351865,59.88185898930603,59.780204765969735,59.69227847626855,59.625081230120756,59.326719527927416,59.250618289563015,58.4049344402629,57.19641886568036,55.047593698989914,53.77945629088572,53.82196707903682,,,,,,,,,67.7763076248395,67.71781930255283,65.47402276388864,65.13394261450055,64.61442837523488,64.52828344529206,63.922264598728276,63.46733141688038,61.73217452861335,60.28002792763769,59.82782698204575,59.77632182447375,59.57074472109765,59.4119418218569,59.34016862700113,55.30064338634706,55.21376906362172,55.14777709256882,55.001328981255455,53.792439518701265,53.73582974664632,53.882530690233004,54.208739810787925,,64.52828344529206,61.73217452861335,55.30064338634706,,,53.77945629088572,64.37407145652391,"rgba(0, 255, 255, 0.75)",1.6921958996944804,64.37407145652391,1.6842648747645965,46.32827102572692,1.2178802566119558,False,True,False,True,False,4.172958791855706,0.0,0.0,0.0,0.0,0,0.9346965552451527,0.7763359797214584,False,False,False,False,-0.0275726235634937,0.03230575604337141,False,False,False,False,286780,291498.00164849206,False,False,False,False,1720.2285399365019,False,False,False,False
2024-10-23 00:00:00+00:00,66.4476444486,67.0325016741,66.4476444486,66.8408257767,21384,,,,,,,,,67.22317314604174,67.30903384119728,65.50944708016569,65.31480164807644,64.9819071180422,64.35133905380467,63.97924587922184,63.35496428735603,60.87596921235896,60.01537260932048,59.8648790195012,59.77343288073318,59.69228140233554,59.391376394895886,59.314321851789614,58.46538185830193,57.25386154591749,55.10402810356704,53.830290071209944,53.87004061330126,,,,,,,,,67.34253226551402,67.32095799397848,65.65705862871263,65.26683325035985,64.73544751383848,64.6499417336613,64.05176414573268,63.60313850281033,61.87134712453876,60.423434245180424,59.95766022495651,59.85943976586752,59.64816000480088,59.477389745649994,59.40497535874179,55.35753150102631,55.2706598491703,55.20455259569459,55.05741202509244,53.843475270117175,53.785508830020206,53.92910121267729,54.251690410090006,,64.6499417336613,61.87134712453876,55.35753150102631,,,53.830290071209944,64.39188546399562,"rgba(38, 166, 154, 1.0)",1.6582932606103065,64.39188546399562,1.2396836153382147,42.96004348778296,-2.087667477784933,False,True,False,True,False,1.5043306843815465,0.0,0.0,0.0,0.0,0,0.9127080540095075,0.7824275375753147,False,False,False,False,-0.1024033564662071,-0.035048800211417847,False,False,False,False,265396,290474.39374070807,False,False,False,False,2491.3568324880116,False,False,False,False
2024-10-24 00:00:00+00:00,66.9391211087,67.2830564754,66.8211667103,67.0865641067,4860,,,,,,,,,67.20058315087785,67.28761519285278,65.55237795545959,65.34934976387676,65.01470799852979,64.38320925046574,64.01114832068009,63.38626075021466,60.909602930832484,60.046645973780194,59.88487242869666,59.79259763306119,59.70818259761152,59.40665747727095,59.32937399709631,58.479615502169345,57.26733261322839,55.11718845053163,53.84212090153026,53.881232803445386,,,,,,,,,67.31628510007147,67.29723613121959,65.7037181716693,65.30113286655288,64.76593992879644,64.68046405382844,64.08347482026169,63.63597899587094,61.90426401110593,60.45702473453549,59.988083970906835,59.87907055976557,59.66644144484778,59.49286276049825,59.42029256758214,55.37080452582942,55.28393088208675,55.21779494256015,55.07048959056725,53.855353163202125,53.79707124883897,53.9399462401934,54.261702261279865,,64.68046405382844,61.90426401110593,55.37080452582942,,,53.84212090153026,64.41435100507411,"rgba(0, 255, 255, 0.75)",1.6382544365661313,64.41435100507411,1.5411342995767714,42.61436645691381,-2.4985740323526358,False,True,False,True,False,3.070134214511217,0.0,0.0,0.0,0.0,0,0.9144476064592278,0.7742765670146451,False,False,False,False,-0.06118184820335539,-0.04811532420738662,False,False,False,False,270256,289681.51555479795,False,False,False,False,2584.2447998414227,False,False,False,False
2024-10-25 00:00:00+00:00,67.2340071048,67.3814501028,67.2143480384,67.2143480384,5756,,,,,,,,,67.2092202296736,67.2867419937077,65.60872628994944,65.39465593956912,65.05712896234597,64.42364591804608,64.05129885339059,63.42527029109044,60.950653977645494,60.08470536752803,59.909273087286365,59.815984015912434,59.72759879910579,59.425297671175215,59.347730773721416,58.496928022883615,57.28366703086943,55.13308011657443,53.85638377113241,53.8947278850068,,,,,,,,,67.31285051063179,67.29550355586112,65.76524812864358,65.34600933227806,64.8051043806956,64.71955713290866,64.12344628425056,63.677020664542006,61.944680810347606,60.497940675423024,60.0251108786216,59.90303074120676,59.688744551823355,59.51174229057308,59.438977606939474,55.38683860176345,55.29996023832118,55.233787996074845,55.086280350665554,53.86967291129793,53.811010313190664,53.953024524605006,54.27378295540182,,64.71955713290866,61.944680810347606,55.38683860176345,,,53.85638377113241,64.44897046492642,"rgba(0, 255, 255, 0.75)",1.629962619789377,64.44897046492642,1.708650619382586,43.46213993734054,-2.4985740323526358,False,True,False,True,False,3.9962851389605945,0.0,0.0,0.0,0.0,0,0.9218566795162881,0.7619406673545104,False,False,False,False,-0.07304546029590148,-0.06058039225164405,False,False,False,False,276012,289145.4561212765,False,False,False,False,2708.6273567103863,False,False,False,False
2024-10-28 00:00:00+00:00,68.1973013586,68.1973013586,67.7451428313,67.7746314309,586,,,,,,,,,67.21879530546767,67.29282611142983,65.61681035340662,65.40098761972826,65.06282599155885,64.42879331919346,64.05629377754775,63.42998312491667,60.95530866498468,60.08897004120408,59.91200689012233,59.8186015907623,59.72977096380413,59.42737604110515,59.3497758870317,58.498840973891724,57.28545490060998,55.13479810361696,53.857917343849905,53.896179215974364,,,,,,,,,67.31925921768007,67.30186954677887,65.7742977310184,65.35224062109266,64.81024404213842,64.72464973494013,64.12843962151067,63.68202983528468,61.94935071592195,60.50254870780788,60.02925740579602,59.905715163094406,59.691237497107174,59.51384930679653,59.44106127928694,55.388574113847916,55.30169449349181,55.23551776896892,55.087987063364125,53.87121267354415,53.812508841242426,53.95443140748874,54.27508435020517,,64.72464973494013,61.94935071592195,55.388574113847916,,,53.857917343849905,64.45482620418058,"rgba(0, 255, 0, 1.0)",1.6239558452070217,64.45482620418058,2.30454243289006,47.07583669741085,-2.4985740323526358,False,True,False,True,True,6.918295038969642,0.0,0.0,0.0,0.0,0,0.9221935247423174,0.7633548025550315,False,False,False,False,-0.008679124995997167,-0.03462975862382061,False,False,False,False,276598,288653.3990184813,False,False,False,False,2625.38706821194,False,False,False,False
2024-10-29 00:00:00+00:00,66.8506553099,67.2536661712,66.7523599778,66.7720190442,5270,,,,,,,,,67.19393881691236,67.26994730815278,65.6554817156745,65.43359553390762,65.09466165235625,64.46062930535636,64.08849165576211,63.46199303374044,60.99047831099497,60.12187236949538,59.93321370611587,59.83894626243085,59.74669102040099,59.443654798801816,59.36581590535634,58.51404218740102,57.2998744653869,55.14891998525937,53.87063156128442,53.90820954483269,,,,,,,,,67.29252853428655,67.2771058733111,65.81487191631518,65.38476669394898,64.84035825108195,64.75489740631168,64.16039615834595,63.7154001648729,61.98354841259899,60.537763093475455,60.0612921787788,59.92654273211604,59.710662640674194,59.53032715946417,59.45737763084432,55.40281298954961,55.31593238297849,55.24972589968665,55.10202115197496,53.88397713660594,53.82493617837064,53.96608957573091,54.28584782136269,,64.75489740631168,61.98354841259899,55.40281298954961,,,53.87063156128442,64.47663631034507,"rgba(38, 166, 154, 1.0)",1.5995998437695396,64.47663631034507,1.4841330529018033,45.79056232014554,-2.4985740323526358,False,True,False,True,True,2.376000370158117,0.0,0.0,0.0,0.0,0,0.8763563707417966,0.781259182185445,False,False,False,False,-0.19026440341314174,-0.11244708101848118,False,False,False,False,271328,287973.9716059918,False,False,False,False,2729.0973792624523,False,False,False,False
2024-10-30 00:00:00+00:00,66.1625879857,66.2313947181,65.7988952572,66.2019061185,1380,,,,,,,,,67.16701321273116,67.24910678177726,65.65855839888964,65.43704815949033,65.09892109389733,64.46590981287528,64.09422737356078,63.46817118412752,60.998258254741934,60.12932283397595,59.93804598701416,59.84359193026822,59.75056423235605,59.44740319680681,59.36951466291886,58.517595823266014,57.30329656481107,55.15233459223433,53.87373111526764,53.91114194420615,,,,,,,,,67.26954314603232,67.25502213653076,65.8171015415001,65.38836488371633,64.84484762846898,64.75953675355909,64.16602157112077,63.72165994691226,61.990839767673975,60.545653194181604,60.06855725452439,59.93128958792911,59.7151105371927,59.53411521060547,59.461133720266425,55.40624957058458,55.3193709030542,55.25315887751472,55.10541567540392,53.88708868941419,53.82796665915784,53.96893042349166,54.288465949185465,,64.75953675355909,61.990839767673975,55.40624957058458,,,53.87373111526764,64.47625638378818,"rgba(38, 166, 154, 1.0)",1.5854920701851114,64.47625638378818,1.063601410327415,43.45115664382294,-2.4985740323526358,False,True,False,True,False,0.20192422851242142,0.0,0.0,0.0,0.0,0,0.8517760927526646,0.8141511702341184,False,False,False,False,-0.34282825441539394,-0.22763766771693755,False,False,False,False,269948,287267.07075869804,False,False,False,False,2676.1915996835323,False,False,False,False
2024-10-31 00:00:00+00:00,65.5040092611,65.8283838568,65.4745206615,65.4941797279,5254,,,,,,,,,67.03683349922912,67.14742150284418,65.6569914521425,65.44042211584537,65.10720152165112,64.47997974563286,64.11071300110903,63.4872884528683,61.02497998521862,60.155323640684706,59.95499202093614,59.85990699775043,59.76419130360832,59.46064181977423,59.382590251070695,58.53026846095195,57.31561517112432,55.1647657403906,53.885070804735605,53.921869467373874,,,,,,,,,67.15865421183481,67.14787549684998,65.81003179792609,65.39259266132673,64.85527978225959,64.770753987718,64.18199888893105,63.740549841118,62.015241400130066,60.57299012932352,60.093938070550834,59.94793872538919,59.73075988014051,59.547479675316985,59.47439728835927,55.41874696894764,55.33188007972661,55.26565147643761,55.117776235124154,53.89847171551158,53.839055629497885,53.979321383731616,54.298032524112884,,64.770753987718,62.015241400130066,55.41874696894764,,,53.885070804735605,64.46465615573217,"rgba(38, 166, 154, 0.5)",1.5781735923493208,64.46465615573217,0.6585797091057696,40.628149580780615,-4.229667547527036,False,True,False,True,False,0.0,0.0,0.0,0.0,0.0,0,0.8168490328661061,0.8266841006991055,False,False,False,False,-0.34282825441539394,-0.28523296106616575,False,False,False,False,264694,286381.85229757265,False,False,False,False,2777.2821251861387,False,False,False,False
2024-11-01 00:00:00+00:00,65.9561677884,65.9561677884,65.9561677884,65.9561677884,482,,,,,,,,,67.02864779570076,67.14071146918369,65.65775401940292,65.44138630218318,65.10848074480637,64.48165456676722,64.11256187362541,63.489315689114136,61.027604217210815,60.15785073674503,59.9566386627296,59.861491055862665,59.76551385018417,59.46192328645643,59.383855144473934,58.53148683259423,57.31679162456685,55.16594330202768,53.88614138974633,53.9228824055632,,,,,,,,,67.15136155539213,67.14082968070413,65.81047172464868,65.39361252681019,64.85666899176353,64.77219967648594,64.18380761500566,63.742589580232625,62.01768270303008,60.5756586289874,60.096403674735804,59.94955649785845,59.732277652516515,59.548774261031355,59.475681314212714,55.419931727643736,55.333065630119464,55.26683521515976,55.118946953483224,53.899546422385875,53.84010245260849,53.98030271096327,54.29893679566584,,64.77219967648594,62.01768270303008,55.419931727643736,,,53.88614138974633,64.46454250488999,"rgba(38, 166, 154, 0.5)",1.5607585106365793,64.46454250488999,0.9557053659131557,40.23617108481625,-4.624412972742078,False,True,False,True,False,0.0,0.0,0.0,0.0,0.0,0,0.8156408525409846,0.8256060312395219,False,False,False,False,-0.2921362533329695,-0.2886846071995676,False,False,False,False,265176,285550.25024668744,False,False,False,False,2687.271061453349,False,False,False,False
2024-11-04 00:00:00+00:00,65.8185543236,65.8185543236,65.8185543236,65.8185543236,560,,,,,,,,,67.0180913122154,67.13211516818258,65.6582288017544,65.44220374795937,65.10972165568327,64.4834144931035,64.114545301606,63.49153565016586,61.03056457963498,60.16071440165463,59.958506783354096,59.86328889025702,59.76701556852443,59.46337995739285,59.38529336106756,58.53287563905336,57.31813629079765,55.16729365647043,53.887370805952976,53.9240455929122,,,,,,,,,67.14203621773825,67.13180874848862,65.81049989542774,65.39450408435052,64.85807715382872,64.77368018121298,64.18574160934985,63.744807656318656,62.020416303719905,60.57867642996508,60.09919846121835,59.95139193728281,59.73400114149859,59.55024539781477,59.47714082456517,55.42128990241382,55.334424862023106,55.26819248287021,55.12028953889463,53.900780554972734,53.841304640269165,53.981429541441386,54.29997482515547,,64.77368018121298,62.020416303719905,55.42128990241382,,,53.887370805952976,64.46406916961801,"rgba(38, 166, 154, 0.5)",1.533608555348184,64.46406916961801,0.8832013549079781,39.678974068282315,-5.279859937167863,False,True,False,True,False,0.0,0.0,0.0,0.0,0.0,0,0.8126354256386995,0.8271442253479979,False,False,False,False,-0.31483464358409635,-0.301759625391832,False,False,False,False,264616,284729.2992566213,False,False,False,False,2603.848666886551,False,False,False,False
2024-11-05 00:00:00+00:00,65.9954859213,65.9954859213,65.8185543236,65.8185543236,750,,,,,,,,,67.00560055966915,67.12179409873602,65.65932489832518,65.44363439836121,65.11165224040893,64.48597188711662,64.11737784461394,63.49465256319206,61.03462115750333,60.164624994430525,59.96105718931081,59.86574266225389,59.76906481101309,59.46536600047826,59.38725383546851,58.53476491859153,57.31996149738948,55.16912165259377,53.8890332228629,53.925618521933366,,,,,,,,,67.13084449602864,67.12098619953751,65.81108535849955,65.39602280377385,64.86018745527412,64.77587954773642,64.1885112203284,63.74793942736204,62.02418472913232,60.58280354966102,60.10301431187457,59.95389770096472,59.73635257490659,59.55225164458664,59.47913081323329,55.42312896043339,55.33626518463769,55.27003002202772,55.12210693594895,53.90244936575788,53.84293018767519,53.982953388395984,54.30137898354259,,64.77587954773642,62.02418472913232,55.42312896043339,,,53.8890332228629,64.46388497148455,"rgba(38, 166, 154, 1.0)",1.5215409992245874,64.46388497148455,1.0066116855188227,39.93903850898212,-5.279859937167863,False,True,False,True,False,0.0,0.0,0.0,0.0,0.0,0,0.813744323827301,0.8220901770774283,False,False,False,False,-0.30020814880247815,-0.30098388709715507,False,False,False,False,265366,283969.95418773417,False,False,False,False,2531.14871916551,False,False,False,False
2024-11-06 00:00:00+00:00,65.739918058,65.739918058,65.739918058,65.739918058,143,,,,,,,,,67.00281973740724,67.11952336567589,65.65938537861608,65.44379780941094,65.11193182941207,64.48639252833203,64.11785866003353,63.49519817973588,61.035362861399115,60.16534463773339,59.96152722945316,59.86619514646912,59.769442929170495,59.465733034663145,59.38761628304081,58.53511546715637,57.32030147777319,55.16946375777157,53.889344966860165,53.92591347231805,,,,,,,,,67.12838678590091,67.11860610934096,65.81102236884232,65.39620643373352,64.86051556142534,64.77622707949274,64.1889790199796,63.74848198993024,62.02486635588534,60.583560863194165,60.10371680140857,59.95435953671294,59.73678650324686,59.552622251215276,59.479498551472794,55.423472979062325,55.3366094941188,55.2703738516346,55.12244708573084,53.902762302721,53.84323503830956,53.98323911345241,54.30164214834418,,64.77622707949274,62.02486635588534,55.423472979062325,,,53.889344966860165,64.46372337777406,"rgba(38, 166, 154, 0.5)",1.5038699359514507,64.46372337777406,0.8486070834433789,39.4824593427194,-5.889341258434655,False,True,False,True,False,0.0,0.0,0.0,0.0,0.0,0,0.8132355287186361,0.8287548243181001,False,False,False,False,-0.3279462047277568,-0.31446504591245594,False,False,False,False,265223,283234.7795137054,False,False,False,False,2437.495828217843,False,False,False,False
2024-11-07 00:00:00+00:00,66.2903719173,66.7032123118,66.0446335873,66.7032123118,707,,,,,,,,,66.99576244829926,67.11329033872455,65.66192371801118,65.44625146322988,65.11464121147804,64.48947170681079,64.121118433078,63.49861923291782,61.03949848627347,60.169286446307844,59.96409367144894,59.868661988439385,59.77150138686743,59.46772229423058,59.38957857257534,58.536993867485904,57.322102939384635,55.171251792226634,53.890964829496944,53.92744631619639,,,,,,,,,67.12161171913502,67.11207939948915,65.81335351973276,65.39870745932424,64.86324980565414,64.77902005449887,64.19219001472419,63.75197528117252,62.02878194177435,60.58774156265141,60.107560626602215,59.956880908470644,59.7391474789878,59.55463334113014,59.4814920101225,55.42527340477374,55.33841060973024,55.27217183321121,55.12422447668086,53.904388452590624,53.844818789788576,53.98472437292714,54.30301201246042,,64.77902005449887,62.02878194177435,55.42527340477374,,,53.890964829496944,64.46492871216438,"rgba(38, 166, 154, 1.0)",1.4848041041740072,64.46492871216438,1.2294168638166023,41.218408416042394,-5.889341258434655,False,True,False,True,False,0.6948757186504864,0.0,0.0,0.0,0.0,0,0.8096617125294071,0.8165945751823356,False,False,False,False,-0.22488824703652735,-0.26967664647449163,False,False,False,False,265930,282556.1607092464,False,False,False,False,2369.633246719104,False,False,False,False
2024-11-08 00:00:00+00:00,65.8971905892,65.8971905892,65.6317931928,65.739918058,777,,,,,,,,,66.98190743462662,67.10183773069988,65.66251768295187,65.44733154366865,65.11631181100974,64.49186798250426,64.12382741143881,63.501661818418725,61.04357666808179,60.173236373285995,59.96667455474881,59.87114618246578,59.77357739019393,59.46973649676183,59.391567387997576,58.538915226581075,57.32396409162051,55.17312174034058,53.89266780498054,53.92905761706764,,,,,,,,,67.10923380829917,67.10008917286075,65.81333146180728,65.39989051346402,64.86515843686877,64.78102949939489,64.19483027874207,63.755010609642284,62.03254244808072,60.59190109866879,60.111416177670314,59.9594167710187,59.741529395633414,59.55666740994921,59.48351011623671,55.42715408025689,55.34029277905776,55.27405130922154,55.12608369349942,53.90609795241458,53.84648409018856,53.986285337386526,54.30444998990211,,64.78102949939489,62.03254244808072,55.42715408025689,,,53.89266780498054,64.46435468922576,"rgba(38, 166, 154, 0.5)",1.4722469623662857,64.46435468922576,0.973230671619994,41.294127465247584,-5.889341258434655,False,True,False,True,False,0.0,0.0,0.0,0.0,0.0,0,0.792768431152255,0.8311417967103618,False,False,False,False,-0.32383732520824954,-0.29675698584137056,False,False,False,False,265153,281873.68381868774,False,False,False,False,2307.1770409654137,False,False,False,False
2024-11-11 00:00:00+00:00,65.3270776635,65.5482421605,65.3270776635,65.5482421605,1904,,,,,,,,,66.93794286194021,67.06601530188675,65.65994830915163,65.44699423953202,65.11797988579706,64.4958956800408,64.12883071263033,63.50777143374689,61.05268765139258,60.182193189157346,59.972548326881764,59.87680718619301,59.77831506185763,59.474349521004584,59.396126208517025,58.543355185316216,57.32830220464088,55.1775255343433,53.89669601823394,53.932868665292354,,,,,,,,,67.07065533673197,67.06262668018748,65.80856973272152,65.39989689293459,64.86779506240775,64.7839791310502,64.19963767178666,63.76094090779529,62.04073378408473,60.60127104399478,60.120167118459186,59.96518878298647,59.74696636639813,59.56132135608502,59.48813136757761,55.43157873362351,55.34472247054455,55.27847581089992,55.13046301074007,53.9101414267024,53.850423776272784,53.98997674030035,54.307847271913076,,64.7839791310502,62.04073378408473,55.43157873362351,,,53.89669601823394,64.45961827544853,"rgba(38, 166, 154, 0.5)",1.4703627428526667,64.45961827544853,0.5899628457454688,39.91078267075133,-5.972020998545403,False,True,False,True,False,0.0,0.0,0.0,0.0,0.0,0,0.7775467637076606,0.8321562704753763,False,False,False,False,-0.34282825441539394,-0.3197926201283823,False,False,False,False,263249,281143.30406109215,False,False,False,False,2291.366176613829,False,False,False,False
2024-11-12 00:00:00+00:00,64.0000906812,64.2163404116,63.9017953491,64.1867535167,4195,,,,,,,,,66.77061772562006,66.93181155145787,65.62563806486583,65.42486712049069,65.10422389831585,64.4914820123765,64.1280653781581,63.51151314793822,61.06638444790774,60.19669949877678,59.982210587551194,59.886175187573095,59.78620461096233,59.48215898240997,59.403874364825626,58.55117925762126,57.33623461503031,55.185924565913446,53.90451215211241,53.94026071455551,,,,,,,,,66.92699192951495,66.92258252218397,65.76469318641784,65.37917250591966,64.85890738897498,64.77625271684504,64.1982426481401,63.76313426011683,62.051385901945984,60.61596772829147,60.134401434741164,59.97468856539807,59.75603303618702,59.5691646343226,59.49594923848678,55.439984160229706,55.35314905296529,55.286901237201484,55.13882135579313,53.91798589644256,53.85807246907116,53.9971320961622,54.314407307321176,,64.77625271684504,62.051385901945984,55.439984160229706,,,53.90451215211241,64.42543168171291,#000000,1.4901335634590944,64.42543168171291,-0.2854381720827385,36.38919772948627,-9.421157713664712,False,True,False,True,False,0.0,0.0,0.0,0.0,0.0,0,0.7733159071201932,0.844053792620306,False,False,False,False,-0.34282825441539394,-0.33131043727188814,False,False,False,False,259054,280277.0568430101,False,False,False,False,2366.0184834132865,False,False,False,False
2024-11-13 00:00:00+00:00,63.7556301904,63.9706020815,63.6167388863,63.8133295503,51873,,,,,,,,,65.52540776444509,65.81601044337255,65.24290526893944,65.15732944669334,64.92396776903556,64.41560802910224,64.09484909924345,63.53308788038528,61.21205980572685,60.355977092920966,60.09062772182685,59.99162787472709,59.87561807833519,59.57121092657706,59.49236569001599,58.64164805983512,57.429072515696916,55.285488404925694,53.99773676193099,54.02846482905457,,,,,,,,,65.76453600041025,65.77843889762497,65.29912378186978,65.12585023072299,64.7326527094351,64.66306784298294,64.15768779224626,63.76471903062925,62.15832399093509,60.774863658924694,60.29113133320295,60.081357321566905,59.85848407568537,59.658449816499484,59.58507259916324,55.53949751394063,55.452953432090844,55.38672492829588,55.23793120022845,54.01154047941616,53.94933496523185,54.08252117147305,54.392663953588425,,64.66306784298294,62.15832399093509,55.53949751394063,,,53.99773676193099,64.12482332678229,#000000,1.5169952662653787,64.12482332678229,-0.24337131736158465,33.64229721445915,-12.005217599750829,False,True,False,True,False,0.0,0.0,0.0,0.0,0.0,0,0.7728607048391285,0.8504452022435788,False,False,False,False,-0.34282825441539394,-0.337069345843641,False,False,False,False,207181,277410.5448099509,False,False,False,False,4307.4687389657065,False,False,False,False
2024-11-14 00:00:00+00:00,63.4398072886,63.8231590835,63.4398072886,63.7543523511,3337,,,,,,,,,65.47431858007522,65.76592951165175,65.22083869260754,65.14085795623106,64.91218467392076,64.409822009831,64.0916228346227,63.53326467469083,61.22016356174658,60.365131914822555,60.09699966875956,59.9978454767533,59.88092640861992,59.57652951368137,59.49765884578537,58.64712368923967,57.43475574269072,55.29165555297487,54.00354420561252,54.03396194179271,,,,,,,,,65.71352673445107,65.72782766966684,65.27336974520435,65.11012142922388,64.72393974874514,64.65511169035868,64.15402109468017,63.7635999294561,62.163907019747214,60.783854059028194,60.30016544814524,60.08763101260855,59.8645476506275,59.66377351392458,59.590394031236585,55.54565434162503,55.45913055868289,55.39290513122181,55.24407187183591,54.017368005148654,53.95502227983983,54.08784352571431,54.39754052467272,,64.65511169035868,62.163907019747214,55.54565434162503,,,54.00354420561252,64.1101706765381,#000000,1.559145040004346,64.1101706765381,-0.4299557582764939,31.29672962122181,-14.163139823059076,False,True,False,True,False,0.0,0.0,0.0,0.0,0.0,0,0.7673117692989712,0.8616779161817806,False,False,False,False,-0.34282825441539394,-0.33994880012951745,False,False,False,False,203844,274525.5822683842,False,False,False,False,4269.411141359208,False,False,False,False
2024-11-15 00:00:00+00:00,63.6585144024,63.7188677362,63.3415119566,63.3906596226,2894,,,,,,,,,65.43224171303412,65.72437101115374,65.20222758537597,65.12689488016343,64.90217053365221,64.40489926973389,64.08888503364864,63.53344031112156,61.227162483991165,60.37304249397563,60.102515361278186,60.00322827785034,59.885524384866805,59.58113678298677,59.50224423944846,58.651867735258,57.43968029599506,55.29700002373102,54.00857781057914,54.038726847852146,,,,,,,,,65.67127524565828,65.6858795622646,65.25171549263253,65.09678218396762,64.71652293260524,64.64833836854285,64.15090666485334,63.76266595717795,62.16873158346623,60.791619170839134,60.30797282568893,60.093061965442566,59.869797840039645,59.6683850816049,59.59500374059733,55.55098975639828,55.46448358270581,55.3982608502983,55.24939345211713,54.022418992259276,53.95995189197867,54.092457096039524,54.40176799197907,,64.64833836854285,62.16873158346623,55.55098975639828,,,54.00857781057914,64.09798862389292,#000000,1.5886044352770077,64.09798862389292,-0.27664169363614005,30.713572300509327,-14.693506153364744,False,True,False,True,False,0.0,0.0,0.0,0.0,0.0,0,0.7635498014265812,0.8615901276588014,False,False,False,False,-0.34282825441539394,-0.3413885272724557,False,False,False,False,206738,271867.24570883974,False,False,False,False,4215.473449541199,False,False,False,False
2024-11-18 00:00:00+00:00,63.7445228179,64.0264338301,63.7445228179,64.0264338301,307,,,,,,,,,65.42850902454445,65.72058737457668,65.20059566917269,65.12567884631606,64.90132745680519,64.404546043987,64.08874490154425,63.53358340959183,61.227986262846386,60.373948815995014,60.10314413688489,60.0038407462067,59.886046548218665,59.58165737508231,59.5027617493186,58.65239758029163,57.440224833092245,55.2975847459823,54.00912628816516,54.03924610672238,,,,,,,,,65.6674456187645,65.6820724613729,65.24980891342642,65.09562491647489,64.71592313611242,64.64780100394073,64.15072913023445,63.762705345730765,62.16933785317592,60.79251876798127,60.30886603756809,60.09368098098853,59.870393788621406,59.66890687008943,59.59552471898012,55.55157404993299,55.465069607478036,55.398847022756335,55.24997557061825,54.022969383833306,53.96048897278483,54.09295994750019,54.40222919701057,,64.64780100394073,62.16933785317592,55.55157404993299,,,54.00912628816516,64.09697374762968,#000000,1.6153764771919983,64.09697374762968,-0.21818500808080435,30.725032992097603,-14.77201114819843,False,True,False,True,False,0.0,0.0,0.0,0.0,0.0,0,0.7712018102225151,0.8617808473565727,False,False,False,False,-0.302873399639136,-0.32213096345579584,False,False,False,False,207045,269325.1968575127,False,False,False,False,4062.199980931741,False,False,False,False
2024-11-19 00:00:00+00:00,63.7771568681,63.7771568681,63.7771568681,63.7771568681,223,,,,,,,,,65.42570443111636,65.71775924762017,65.19935944850751,65.1247549542473,64.90068060323605,64.4042619701477,64.08861828567254,63.53366637716853,61.22857026527599,60.37459520699838,60.10359323936443,60.004278396875065,59.886419868312885,59.58202999764754,59.50313226614731,58.652777832475564,57.44061652694399,55.2980063790418,54.00952216947938,54.039620893074414,,,,,,,,,65.66458090258682,65.67922518750598,65.24836717788055,65.09474467991926,64.71545754659347,64.64738156868833,64.15057499031602,63.76271079654354,62.169761789403246,60.7931587364973,60.309503299483524,60.094123133318256,59.87081987458351,59.6692802329026,59.59589759990355,55.55199527895678,55.465492117511786,55.39926966412604,55.25039534348449,54.02336664292406,53.9608766410486,54.09332287972026,54.40256200345365,,64.64738156868833,62.169761789403246,55.55199527895678,,,54.00952216947938,64.09619670829625,#000000,1.6153715416516623,64.09619670829625,-0.19750245189415652,30.895712357486072,-14.774666780701281,False,True,False,True,False,0.0,0.0,0.0,0.0,0.0,0,0.7820105530535881,0.8672420809235031,False,False,False,False,-0.3149505324789441,-0.31854074796737,False,False,False,False,207268,266891.58129447297,False,False,False,False,3911.6431189344175,False,False,False,False
2024-11-20 00:00:00+00:00,63.4201482222,63.5031094824,63.2374172,63.2374172,800,,,,,,,,,65.41335762417785,65.7056540672448,65.19373005458692,65.12049408853609,64.89756222594865,64.40261208565792,64.08759681046944,63.53348724048947,61.23034265899149,60.37664633995763,60.105032401980075,60.00568529031316,59.887624266445826,59.58324190973922,59.504339623077605,58.654037646608856,57.44193478834449,55.2994490159991,54.010885373961685,54.0409113037991,,,,,,,,,65.65226465816026,65.66699891950785,65.24185231479242,65.09066405667454,64.71309792736095,64.64520687131947,64.14944624340028,63.76220295940436,62.17091199320287,60.79515236100616,60.311530439332685,60.09554047131894,59.872195034220226,59.67049189560992,59.59710993773412,55.553434376428854,55.46693634227465,55.400714902979566,55.25183200590092,54.02473450968058,53.96221184582731,54.094572192459516,54.40370603841412,,64.64520687131947,62.17091199320287,55.553434376428854,,,54.010885373961685,64.09246407504448,#000000,1.6274471997963582,64.09246407504448,-0.4131107005674922,30.193850792022126,-15.658678654851443,False,True,False,True,False,0.0,0.0,0.0,0.0,0.0,0,0.7741504598572759,0.8680502212581966,False,False,False,False,-0.34282825441539394,-0.33068450119138193,False,False,False,False,206468,264522.02908684657,False,False,False,False,3789.6178985840484,False,False,False,False
2024-11-21 00:00:00+00:00,63.3906596226,63.7150342183,63.361171023,63.7150342183,508,,,,,,,,,65.40598571267633,65.69836781402279,65.19037440614157,65.11795792163323,64.89572205042622,64.40167217961543,64.08704397053181,63.53345275428063,61.231519812489715,60.3779914714641,60.105974015727895,60.006605008971135,59.88841092332717,59.58403171219003,59.505126048907165,58.654854524565124,57.44278594705059,55.30037638083646,54.01176022378328,54.04173947607559,,,,,,,,,65.64486200193856,65.65964721432017,65.2379653190311,65.08823758655902,64.71171889273975,64.64394152296029,64.14882692118971,63.761968696366104,62.171702454558364,60.79646651326648,60.312858961339806,60.09646773698174,59.873093043755766,59.671282010407104,59.5979000915393,55.55435983173712,55.46786496644555,55.401644083268586,55.25275546546216,54.02561236452249,53.963068684124046,54.09537404324329,54.404440601431375,,64.64394152296029,62.171702454558364,55.55435983173712,,,54.01176022378328,64.09027126081057,#000000,1.6370734801554283,64.09027126081057,-0.42735506175577814,29.658122117985148,-16.39146405800428,False,True,False,True,False,0.0,0.0,0.0,0.0,0.0,0,0.7775738179176871,0.860184382732828,False,False,False,False,-0.3242824952336069,-0.32748349821249445,False,False,False,False,205960,262225.4789265781,False,False,False,False,3660.9270006003603,False,False,False,False
2024-11-22 00:00:00+00:00,63.262875691,63.262875691,63.1940689586,63.1940689586,392,,,,,,,,,65.39960172227863,65.69214800352337,65.18741636719459,65.11570792551235,64.89405458345932,64.40075070174713,64.08644074186743,63.53327746305248,61.232327221776,60.37894563203285,60.106646799926025,60.007263655632265,59.888975749104084,59.584602097120246,59.505694766379186,58.65545222188811,57.443415538998316,55.30107008447013,54.01241745939883,54.04236159678101,,,,,,,,,65.63852845554358,65.653361177874,65.23455230240866,65.0860794539093,64.71044059932191,64.6427568978099,64.14816976652791,63.76162357154641,62.17219658360014,60.79738600211829,60.31380304510955,60.09713042284654,59.87373799043536,59.671851727907764,59.59847059086164,55.55505140782042,55.468559154077916,55.402338869934205,55.253446374452814,54.026271831097816,53.96371247996526,54.09597630066486,54.40499181334545,,64.6427568978099,62.17219658360014,55.55505140782042,,,54.01241745939883,64.08828825865521,#000000,1.6535327552142054,64.08828825865521,-0.49918126209013997,28.99043522598064,-17.25008904378361,False,True,False,True,False,0.0,0.0,0.0,0.0,0.0,0,0.7685809983928686,0.8857484493899019,False,False,False,False,-0.34282825441539394,-0.33515587631394417,False,False,False,False,205568,260003.61700788874,False,False,False,False,3532.7337848905427,False,False,False,False
2024-11-25 00:00:00+00:00,64.0411781299,64.0411781299,63.7838409507,63.8723067495,1526,,,,,,,,,65.38321972845483,65.67520974259742,65.1801853177432,65.11032146682497,64.89038911445182,64.399379783669,64.08607848139692,63.53425657175325,61.23658210431554,60.383581354020905,60.10986051318918,60.01039202501544,59.8916417956577,59.58725510260016,59.50833091467188,58.65814037197589,57.44616750144747,55.30401268633197,54.01517339933845,54.044970948725705,,,,,,,,,65.62144789292873,65.63636150475787,65.22610243126826,65.08096328341878,64.70789633978588,64.64050659682457,64.14762870506672,63.762121002665715,62.175401821674875,60.802005401106086,60.318369624916976,60.10029417697314,59.87677945031294,59.67451218854042,59.60112577453896,55.55799296249815,55.47150902748424,55.405289195724336,55.25637568951188,54.029037420441796,53.966411067981035,54.098503431247124,54.4073106619076,,64.64050659682457,62.175401821674875,55.55799296249815,,,54.01517339933845,64.08398193223626,#000000,1.6651195016670377,64.08398193223626,-0.02570614438987634,32.866973994853296,-20.978520852938335,False,True,False,True,True,0.0,0.0,0.0,0.0,0.0,0,0.7649682798169153,0.8859173419572537,False,False,False,False,-0.2700291993488491,-0.3025925378313966,False,False,False,False,207094,257928.73006640293,False,False,False,False,3454.0383423458156,False,False,False,False
2024-11-26 00:00:00+00:00,63.2727052242,63.6265684195,63.1842394253,63.6265684195,1052,,,,,,,,,65.36753024955927,65.65975529752718,65.17285490962954,65.10474151507997,64.88628342237486,64.39718124705196,64.08469959523107,63.53398024594402,61.238868213825015,60.38623964774275,60.111731009677925,60.012221370832485,59.89320923466714,59.58883361954896,59.50990382347299,58.659784248473166,57.44789023819487,55.305900849068365,54.01695888763608,54.04666118385617,,,,,,,,63.36117102299999,65.60574499534137,65.6207658235469,65.21764811841167,65.07561530393914,64.70477512899335,64.63762572231894,64.14610989792874,63.76141270207142,62.17686933882408,60.804583463533476,60.320997827377,60.10213647730779,59.87856845003937,59.67609002326735,59.60270478860169,55.559876210700374,55.47339907586064,55.40718064506677,55.25825609647858,54.030828997066436,53.96815996333574,54.10013985865921,54.40880913631928,,64.63762572231894,62.17686933882408,55.559876210700374,,,54.01695888763608,64.22791081070662,"rgba(239, 83, 80, 0.5)",1.6861193055806256,64.22791081070662,-0.566511268416848,33.24526833451196,-20.584667238559707,False,True,False,True,True,0.0,0.0,0.0,0.0,0.0,0,0.7519048228476437,0.89144362329782,False,False,False,False,-0.3236888384072277,-0.31314068811931217,False,False,False,False,206042,255893.95633830872,False,False,False,False,3359.840760293039,False,False,False,False
2024-11-27 00:00:00+00:00,64.1222717789,64.1222717789,63.9804316147,63.9804316147,762,,,,,,,,,65.36030645107788,65.65212589258977,65.16965959487192,65.10236756349063,64.8847087527449,64.39668780743054,64.08468623816358,63.53460513717965,61.24107697180575,60.38862348204155,60.113381866408076,60.01382734970008,59.89457721129983,59.590192368677776,59.51125335342226,58.661154927502174,57.44928800638668,55.307389104969694,54.018350516825066,54.047978891664435,,,,,,,,63.661022938264054,65.59808051682063,65.61312885722478,65.21390833363012,65.07336652593457,64.70371965858052,64.63670950759037,64.14601055430076,63.761813438003294,62.17856937168491,60.80696808504439,60.32334500727497,60.10376161557943,59.880128506639814,59.677453279328084,59.604064759870866,55.56136450872644,55.474891379755505,55.408673028014064,55.25973753580908,54.03222551662928,53.969522580477616,54.101416152816896,54.4099807396498,,64.63670950759037,62.17856937168491,55.56136450872644,,,54.018350516825066,64.24097610982166,#000000,1.6996973383916865,64.24097610982166,-0.06983851079862331,37.13548719375228,-16.901441133115227,False,True,False,True,True,0.0,0.0,0.0,0.0,0.0,0,0.7639145942529163,0.8719012475432615,False,False,False,False,-0.2556102082191295,-0.28437544816922083,False,False,False,False,206804,253968.86001131625,False,False,False,False,3257.9646520462534,False,False,False,False
2024-11-29 00:00:00+00:00,64.8847486694,64.8847486694,64.8847486694,64.8847486694,19,,,,,,,,,65.36024018923183,65.65203378793254,65.16963892005654,65.10235505484151,64.88470875467662,64.39670644454331,64.08471368515386,63.53464402056027,61.241147726038704,60.388695930078725,60.11343142211385,60.013875358739334,59.89461791442864,59.59023235298944,59.51129296167511,58.66119420626423,57.44932710989809,55.3074296339453,54.01838800490743,54.048014396502246,,,,,,,,63.673707493033056,65.59799147102021,65.61303913953003,65.21388147395497,65.07335595695763,64.70372722313772,64.63671957858926,64.1460362839242,63.761849218863944,62.17862980530408,60.807042221543476,60.32341611932204,60.10381037958184,59.8801748968984,59.67749351772477,59.604104799088525,55.56140514086474,55.47493208573306,55.408713709436036,55.259777860783686,54.03226314029687,53.96955927394198,54.10145055567846,54.41001239647295,,64.63671957858926,62.17862980530408,55.56140514086474,,,54.01838800490743,64.2416084224447,#000000,1.703677819071647,64.2416084224447,0.37750109777548907,42.30591242947679,-12.193492736979664,False,True,False,True,True,0.0,0.0,0.0,0.0,0.0,0,0.769187483736509,0.87325331770883,False,False,False,False,-0.17099734217295748,-0.22768639517108916,False,False,False,False,206823,252120.00275597055,False,False,False,False,3130.9464303973805,False,False,False,False
2024-12-02 00:00:00+00:00,64.7228562575,64.7228562575,64.7228562575,64.7228562575,172,,,,,,,,,65.35943723878536,65.65102529094105,65.16934561571286,65.10215768847819,64.88463787951491,64.39681915041113,64.0849118052644,63.5349537195099,61.241759659369116,60.38932805760419,60.11386476494226,60.01429548025848,59.894974401518255,59.590583221708904,59.51164069210345,58.66154051090391,57.449673373810306,55.30779031061141,54.01872230307254,54.048330996641276,,,,,,,,63.763709282304035,65.59700364300878,65.61204764556398,65.21351902062734,65.07317825492314,64.7037344564793,64.63675122727373,64.14621809534064,63.762126341649044,62.17914404412259,60.807686589081506,60.32403692494918,60.104236830251075,59.880581227911314,59.67784642882308,59.604456120396584,55.561766565773375,55.47529422636158,55.40907567599938,55.260136752698735,54.03259864099225,53.96988650856754,54.10175730659667,54.41029453625535,,64.63675122727373,62.17914404412259,55.561766565773375,,,54.01872230307254,64.24600833241804,#000000,1.7067084015780278,64.24600833241804,0.2793962487329764,45.195887065445206,-9.740530315766037,False,False,False,False,True,0.0,0.0,0.0,0.0,0.0,0,0.7632952729775764,0.8700177125642523,False,False,False,False,-0.18720949327244923,-0.2074479442217692,False,False,False,False,206651,250336.9046086776,False,False,False,False,3014.909315479836,False,False,False,False
2024-12-03 00:00:00+00:00,64.4719082749,64.4719082749,64.4719082749,64.4719082749,127,,,,,,,,,65.35861245206192,65.65008109923092,65.16900771260264,65.10191576182382,64.88450447357874,64.39683830491511,64.08500049912827,63.535134002993075,61.24217879358804,60.38976766294842,60.114167262286465,60.014589107946385,59.8952239077182,59.590829596512876,59.51188505409866,58.66178560179242,57.44992020350691,55.30804950864638,54.01896333958284,54.04855925789866,,,,,,,,63.8058956200431,65.59606670906072,65.61111075894928,65.21311503776423,65.07295325260283,64.70366974781395,64.6367065182289,64.14629387623651,63.76227743780657,62.17948616451087,60.808131748785016,60.324469054072395,60.1045345530925,59.88086566136488,59.67809401671237,59.6047027785098,55.56202610382859,55.475554346991906,55.40933572329675,55.260394703871754,54.03284053695148,53.970122478159126,54.10197844031347,54.410497781328495,,64.6367065182289,62.17948616451087,55.56202610382859,,,54.01896333958284,64.24794899858621,#000000,1.723000017674968,64.24794899858621,0.12998216715981512,46.25018879748363,-8.94044506105466,False,False,False,False,True,0.0,0.0,0.0,0.0,0.0,0,0.7560974771427372,0.8886333951905822,False,False,False,False,-0.21253672507934523,-0.20999233465055722,False,False,False,False,206524,248618.75148676868,False,False,False,False,2901.6579697747447,False,False,False,False
2024-12-04 00:00:00+00:00,65.2779299975,65.3369071967,64.9240668022,64.9240668022,4680,,,,,,,,,65.35268624493683,65.63659688319568,65.16919411543388,65.10299978824477,64.88797841865808,64.40412820243111,64.09416787932334,63.54671231050635,61.26091651489736,60.40869868049968,60.12709082417631,60.02709624862406,59.90581824619595,59.601205182706074,59.52215560276379,58.67190128984416,57.459919408459434,55.318327722338076,54.02843874350705,54.05753446234848,,,,,,,,64.74968580392188,65.58366793078021,65.59842921178854,65.21245618593363,65.07440436290976,64.70851562882174,64.64207919147104,64.1550786967241,63.77330949138899,62.19589292809162,60.82761525255491,60.343037276409916,60.11725081306526,59.89293460471672,59.68854426216194,59.61509396571912,55.57233850372258,55.485882668408514,55.41965571622101,55.270619789696426,54.04235048770388,53.97939616720486,54.11067642758305,54.41850814540236,,64.64207919147104,62.19589292809162,55.57233850372258,,,54.02843874350705,64.2988257521007,"rgba(38, 166, 154, 0.5)",1.729697793387803,64.2988257521007,0.5660550930585484,49.595988229712965,-5.905817194695494,False,False,False,False,True,0.0,0.0,0.0,0.0,0.0,0,0.7425151899560927,0.8778093075940419,False,False,False,False,-0.14655494502893954,-0.17827363983974837,False,False,False,False,211204,247151.50633042483,False,False,False,False,2971.396872920833,False,False,False,False
2024-12-05 00:00:00+00:00,65.2582709311,65.2582709311,65.2582709311,65.2582709311,364,,,,,,,,,65.35244371874343,65.6357553522621,65.16931547440183,65.10316805123172,64.8883171164368,64.4047464239974,64.09492565455325,63.54764905377239,61.26239551616236,60.41018898833798,60.12810882779262,60.02808129537882,59.90665273003189,59.602021911246595,59.522963944845166,58.67269624080609,57.460703951299806,55.31913260952095,54.02918023732388,54.058236858462024,,,,,,,,64.77548360022801,65.58291613605041,65.59765339275691,65.21252620141426,65.07459867988774,64.70895061854,64.64255308997667,64.15580766558443,63.774207922765015,62.197194924577154,60.829150609283154,60.34449890427345,60.11825250687688,59.89388492459387,59.68936701127076,59.61591194414284,55.573146209885884,55.48669156993762,55.420463928373664,55.27142049488325,54.04309468814158,53.980121870636765,54.11135716724725,54.419135223370525,,64.64255308997667,62.197194924577154,55.573146209885884,,,54.02918023732388,64.30048796013125,"rgba(38, 166, 154, 0.5)",1.737604786499978,64.30048796013125,0.5512087549539924,51.74955043848914,-3.9949819400491577,True,False,True,False,True,0.0,0.0,0.0,0.0,0.0,0,0.750195985671658,0.8901770629071915,False,False,False,False,-0.13391507267084338,-0.15609435625529589,False,False,False,False,210840,245727.52569001602,False,False,False,False,2869.1460151592323,False,False,False,False
2024-12-06 00:00:00+00:00,65.4302877621,65.6490931712,65.2287823315,65.4548615951,26250,,,,,,,,65.43605442159999,65.36551139133421,65.60814954567691,65.1931782032991,65.12729724595253,64.92221135214956,64.45590673168881,64.15506020522614,63.6193525590629,61.37086427679205,60.51915518288552,60.20298038487337,60.10053527241213,59.96813013236416,59.66213720627644,59.582451822200944,58.73105697935483,57.51814893271939,55.377867845785644,54.0832389587931,54.10945959891805,,,,,,,,65.29424097655226,65.56194148436938,65.57482818805587,65.23471554083308,65.10019587100432,64.74820010306213,64.6842498539421,64.21403972298985,63.84368499189162,62.29354574670547,60.94147101508638,60.451393606483215,60.1919386595357,59.963783508285545,59.74993973140819,59.67612123998354,55.6321039724259,55.54572981139039,55.4794474486679,55.32984907328897,54.09735050916675,54.03303230091883,54.16101023317379,54.46490531750713,,64.6842498539421,62.29354574670547,55.6321039724259,,,54.0832389587931,64.5901614206094,#000000,1.7435069778511234,64.5901614206094,0.48186003965756774,53.74166019176897,-2.177871373840077,True,False,True,False,True,0.0,0.0,0.0,0.0,0.0,0,0.7306568428940224,0.8865013601506508,False,False,False,False,-0.1161155926669629,-0.1361049744611294,False,False,False,False,237090,245388.79919236834,False,False,False,False,3786.0422498588705,False,False,False,False
2024-12-09 00:00:00+00:00,64.9240668022,65.3369071967,64.9240668022,65.2376289113,1535,,,,,,,,65.4153718832786,65.36275971999193,65.60376758304491,65.19249387316451,65.12702029351456,64.92271420549748,64.45765890126505,64.15743114629406,63.62254795704451,61.376464813916094,60.5249070265407,60.206984729735694,60.10441899843475,59.971439574240975,59.66538875759196,59.585673313861804,58.73424972888494,57.52132487940812,55.38115430579881,54.08628053384529,54.11234210866687,,,,,,,,65.28403015051435,65.5577981487234,65.57062454916628,65.23371689382803,65.10003703161006,64.74918651416722,64.68540606788817,64.21628828901808,63.84665539112923,62.29835275364795,60.94733684047442,60.457046617776754,60.195881298045286,59.9675404849891,59.75321169020099,59.679377185682746,55.63539897281226,55.54903060764297,55.482746206127736,55.33311917499337,54.10040296939526,54.036010096725356,54.1638043232391,54.4674790827369,,64.68540606788817,62.29835275364795,55.63539897281226,,,54.08628053384529,64.58901630833523,#000000,1.7542422587314597,64.58901630833523,0.19099442633827235,52.96274570854641,-2.177871373840077,True,False,True,False,True,0.0,0.0,0.0,0.0,0.0,0,0.7086041225020128,0.9055108501562786,False,False,False,False,-0.1276260674489338,-0.1318655209550316,False,False,False,False,235555,245003.1600083539,False,False,False,False,3697.766083197738,False,False,False,False
2024-12-10 00:00:00+00:00,64.0983860132,64.4964821079,64.0983860132,64.4964821079,518,,,,,,,,65.3936971224753,65.35931160193611,65.60006315717777,65.19080842913408,65.12574600142202,64.92187371903641,64.4574379614666,64.1574960885678,63.62300257296097,61.3779258287436,60.52648999339617,60.208103602679444,60.10550886322184,59.97237333100551,59.66631638532508,59.58659481739737,58.73518508836175,57.522278037989274,55.382167735164394,54.08722891365499,54.11324073255105,,,,,,,,65.26865695122903,65.55410038081928,65.56693170547928,65.23176796772476,65.09882939894098,64.74863694361517,64.68493689045397,64.2163015227832,63.84697150957288,62.29948470076349,60.948913697957906,60.45860760703921,60.19698346964206,59.9686005478625,59.754142313367204,59.68030562494252,55.636412450032424,55.550046761757564,55.48376240843216,55.33412803184702,54.101354641146216,54.03693894517151,54.16467505259735,54.468279269260584,,64.68493689045397,62.29948470076349,55.636412450032424,,,54.08722891365499,64.58619902271514,#000000,1.7739308612653937,64.58619902271514,-0.2749898658210196,49.62987098180069,-2.177871373840077,False,False,False,False,False,0.0,0.0,0.0,0.0,0.0,0,0.7166718619195559,0.9197911157600837,False,False,False,False,-0.2147008732752962,-0.17328319711516388,False,False,False,False,235037,244612.33020410474,False,False,False,False,3573.069374052729,False,False,False,False
2024-12-11 00:00:00+00:00,64.5531002191,64.5898626733,64.2949766772,64.4424196753,7098,,,,,,,,65.21036057396944,65.32404329522222,65.56009670117821,65.17411771374675,65.11338825962997,64.91462495673464,64.4577264029744,64.16133787621864,63.63167962503362,61.399524818821334,60.54948983522421,60.22431489492868,60.1212802569707,59.98587059597219,59.679678682913774,59.599858080562306,58.74854749669455,57.53579390991252,55.39642000614521,54.1005240120795,54.125839953995545,,,,,,,,65.13706566912484,65.5145624721311,65.52734178243523,65.21224597633913,65.08725215665305,64.74477841063498,64.68206775638023,64.21948585068489,63.854017226515346,62.31683918217978,60.971992029599946,60.481266969272546,60.21295136590537,59.98391618749213,59.767560406940426,59.6936815753016,55.65067618820923,55.56434436220502,55.49805785987701,55.3483141431224,54.11469624365426,54.04995915837298,54.176885085970106,54.47950924258338,,64.68206775638023,62.31683918217978,55.65067618820923,,,54.1005240120795,64.56212783533041,#000000,1.7844782244265223,64.56212783533041,-0.005058966877174057,49.12800310429934,-2.177871373840077,False,False,False,False,False,0.0,0.0,0.0,0.0,0.0,0,0.7230500109329154,0.8978401135631211,False,False,False,False,-0.18844272946070567,-0.18086296328793477,False,False,False,False,242135,244515.1800000222,False,False,False,False,3711.301947619289,False,False,False,False
2024-12-12 00:00:00+00:00,63.6363979527,64.2949766772,63.6363979527,64.0295792808,4854,,,,,,,,65.04704088231868,65.28487946736796,65.51952713527334,65.15330474117786,65.09716140711475,64.90289785442901,64.45234836120899,64.15886475479698,63.63322284382352,61.411168136317016,60.56259421540875,60.233716540466325,60.13046684196975,59.99378022739515,59.68759260195563,59.607733396025814,58.75665957154375,57.54417948923337,55.40547363265714,54.10905143829204,54.13392065468739,,,,,,,,65.00595604210272,65.4738604125111,65.4867462338851,65.1886013506563,65.07171487510207,64.73615443305677,64.67425916743889,64.21650044289733,63.85403164713256,62.325173261434436,60.98482692227762,60.494222890794575,60.22221713108128,59.99288598746892,59.77548439931681,59.7015999742425,55.65971716397348,55.57341364928571,55.50713099953088,55.357329475757126,54.123252660013165,54.05831331870148,54.184714106808975,54.4866965688325,,64.67425916743889,62.325173261434436,55.65971716397348,,,54.10905143829204,64.53467067250226,#000000,1.8106757139549123,64.53467067250226,-0.49609806597573064,46.11283743863034,2.201849705661793,False,False,False,True,False,0.0,0.0,0.0,0.0,0.0,0,0.7021394984613866,0.9001865062859307,False,False,False,False,-0.2476394323639511,-0.21425119782594293,False,False,False,False,237281,244231.486666688,False,False,False,False,3756.1136359479447,False,False,False,False
2024-12-13 00:00:00+00:00,63.8799737854,63.8799737854,63.5746578453,63.5746578453,959,,,,,,,,65.01751652955512,65.27698032141889,65.51137544413572,65.14902855755385,65.09380725153089,64.90044188984352,64.45116019433608,64.15825672879993,63.63341969558472,61.413382732344395,60.56511014526643,60.23552852585228,60.13223872886747,59.99530773113609,59.68912351259926,59.60925746466224,58.75823483701317,57.54581321966612,55.407243626160316,54.1107210098351,54.13550281273913,,,,,,,,64.98162423154207,65.46567912824666,65.47858680902105,65.18376032400639,65.0684981821572,64.73432166184489,64.67258899449688,64.2157905210571,63.85391852407489,62.32672609040997,60.987280916648295,60.49671191172263,60.22400314932627,59.994617671861015,59.77701655187579,59.70313163968067,55.6614841083139,55.57518632065081,55.50890457474943,55.35909209774561,54.1249278793156,54.059949078345284,54.18624696212768,54.48810348974632,,64.67258899449688,62.32672609040997,55.6614841083139,,,54.1107210098351,64.52934319059803,#000000,1.8229417407169608,64.52934319059803,-0.3562206024985931,45.03278128359709,1.0825190778936928,False,False,False,True,False,0.0,0.0,0.0,0.0,0.0,0,0.7064005225461398,0.9134410970875139,False,False,False,False,-0.2778635069630315,-0.24605735239448723,False,False,False,False,238240,243996.52640524926,False,False,False,False,3646.4229051264565,False,False,False,False
2024-12-16 00:00:00+00:00,63.2791908066,63.4761688324,63.2693419053,63.4563725408,1075,,,,,,,,64.97491335735359,65.2656725117866,65.5000486766474,65.1427498716388,65.08882645362469,64.89663538637829,64.4489723343942,64.1567970695261,63.632976161390005,61.41540283424889,60.56754310861568,60.23730741722282,60.13398527609145,59.99682106861288,59.69065513982777,59.61078576726136,58.759845983946285,57.54751531657093,55.40912338242751,54.112507349486286,54.13719545044153,,,,,,,,64.9459816291188,65.45425277118333,65.46720757777724,65.17669954586279,65.06369759147165,64.73134109932771,64.6698137950162,64.21420612095376,63.85306317561135,62.327940366458286,60.98959706298522,60.49912686870579,60.22575738042843,59.99633314130786,59.77854536858009,59.70466338755902,55.66335736688491,55.57706678121832,55.510786848439146,55.360964622815054,54.12672013375961,54.06169969009477,54.18788645774312,54.489605984513204,,64.6698137950162,62.327940366458286,55.66335736688491,,,54.112507349486286,64.52135991648848,"rgba(239, 83, 80, 0.5)",1.852426261962966,64.52135991648848,-0.6705633230292181,42.70971797784176,-1.2422778305116893,False,False,False,True,False,0.0,0.0,0.0,0.0,0.0,0,0.6996882572796901,0.9139247089807055,False,False,False,False,-0.3237723283466886,-0.2849148403705879,False,False,False,False,237165,243728.62340896498,False,False,False,False,3545.5827911999286,False,False,False,False
2024-12-17 00:00:00+00:00,63.160708524,63.2200973988,63.160708524,63.2200973988,408,,,,,,,,64.95776651600559,65.26105895867956,65.49546219852726,65.14016622882335,65.08676989873628,64.89504641986305,64.44802378059389,64.15613526225022,63.63271533230013,61.416104408352965,60.568411838856115,60.23794703315139,60.13461439413378,59.997367434100234,59.691210479700146,59.611340456732805,58.76043568860605,57.54814310972734,55.409822101358635,54.113173318031336,54.13782646413694,,,,,,,,64.93153865316157,65.44962002363341,65.46259558068901,65.17379992840932,65.06171283049883,64.73008249644356,64.66863618361214,64.2134955775671,63.85263730096499,62.328327357690675,60.99041481267469,60.49999048147519,60.22638826622332,59.99695243623883,59.7790990510504,59.705218671188135,55.66405318603411,55.57776544358084,55.51148631158466,55.36166074314966,54.127388288238066,54.062352406742626,54.18849760387313,54.49016572687874,,64.66863618361214,62.328327357690675,55.66405318603411,,,54.113173318031336,64.51808474684015,"rgba(239, 83, 80, 0.5)",1.8776952626545038,64.51808474684015,-0.7228948433949914,40.85959973583495,-3.107423559515098,False,True,False,True,False,0.0,0.0,0.0,0.0,0.0,0,0.6962177543383953,0.9195363638154311,False,False,False,False,-0.34282825441539394,-0.31387154739299095,False,False,False,False,236757,243455.226412535,False,False,False,False,3422.5403287999316,False,False,False,False
2024-12-18 00:00:00+00:00,61.842728553,63.1183582484,61.842728553,63.1183582484,891,,,,,,,,64.90278264875992,65.24666623811306,65.4815852995178,65.13193113267381,65.08015147625223,64.88974511693254,64.44446939120651,64.15334417087291,63.63099940942416,61.4168431617243,60.569644893143554,60.23890998719281,60.13557602132611,59.99821806907745,59.692105612255745,59.612241637510174,58.761457184497985,57.54929156121728,55.411168400010624,54.11448099862044,54.13906514461494,,,,,,,,64.8847876528521,65.43552575812882,65.44858640918862,65.16461121350524,65.05529742847077,64.72572652781602,64.66449787440224,64.21057945597028,63.850448955150306,62.328267555330825,60.99145528115888,60.50123311390667,60.227339759074155,59.9979165951738,59.779983334962296,59.706112433603195,55.665387852001736,55.57910766785036,55.51283166133469,55.36300313794398,54.1287000290572,54.06363487320843,54.18969653241509,54.491259520016534,,64.66449787440224,62.328267555330825,55.665387852001736,,,54.11448099862044,64.50734234381461,"rgba(239, 83, 80, 1.0)",1.9414224227696,64.50734234381461,-1.3725059315083632,36.83657115500877,-6.973218199704782,False,True,False,True,False,0.0,0.0,0.0,0.0,0.0,0,0.6731713588993923,0.9239087772906378,False,False,False,False,-0.34282825441539394,-0.32834990090419247,False,False,False,False,235866,243157.6096904748,False,False,False,False,3323.264237474444,False,False,False,False
2024-12-19 00:00:00+00:00,61.5654819816,61.9692869346,61.5260863764,61.9692869346,25692,,,,,,,,63.71021441714744,64.81319379095439,65.06302755816387,64.86886869342555,64.86498991149121,64.71363209710654,64.32065297651506,64.05251603084156,63.56298561764808,61.42343302192902,60.59254064627328,60.25844944539333,60.15548177405851,60.0162658235338,59.7118898672311,59.63233887187811,58.78581993267106,57.57812045703466,55.44649267944161,54.149334347977124,54.172079632870805,,,,,,,61.68695176420002,63.8101983511459,65.01093999946471,65.02633192510532,64.87401450438954,64.846115170609,64.57823013392877,64.52350517355292,64.10602769507487,63.767599808047926,62.31046321842647,61.00741384805382,60.52478692276481,60.24669530874116,60.01834378830011,59.79932223737064,59.725834154811174,55.70027608771169,55.61423868387025,55.5480789199304,55.39824975555838,54.163656100281656,54.09783657907662,54.22163986037008,54.520320830546886,,64.52350517355292,62.31046321842647,55.70027608771169,,,54.149334347977124,64.22552294186197,"rgba(239, 83, 80, 1.0)",2.012439615420762,64.22552294186197,-1.3217991436258838,33.679202378451784,-9.930232970697965,False,True,False,True,False,0.0,0.0,0.0,0.0,0.0,0,0.6594918809083087,0.9633056528259117,False,False,False,False,-0.34282825441539394,-0.3355890776597932,False,False,False,False,210174,241864.13480065227,False,False,False,False,4200.469561495054,False,False,False,False
2024-12-20 00:00:00+00:00,62.0480781449,62.1482414711,62.0480781449,62.1482414711,909,,,,,,,,63.68912090700149,64.80147500404006,65.05143701654073,64.86135823993548,64.85875912350647,64.70852119307975,64.31710135334181,64.04966924032011,63.5611540361887,61.42400053601803,60.593619360928656,60.259319368164206,60.156355717191154,60.01704641882585,59.712721046209005,59.633177959544014,58.78679067856124,57.57923031492658,55.44781374397786,54.1506258410369,54.173303461911225,,,,,,,61.70043296294799,63.78988661095797,64.99924721241135,65.01468241274218,64.8657828282605,64.84005393719728,64.5739497648964,64.51942075951091,64.10306445422985,63.765318406569605,62.31023850768959,61.00828508809594,60.525880222912356,60.247555731948204,60.01922620784343,59.80014078032548,59.72666365402665,55.70158390876535,55.61555450994117,55.54939829086909,55.3995673900654,54.164951492371095,54.09910365079763,54.22282451377334,54.521401104993814,,64.51942075951091,62.31023850768959,55.70158390876535,,,54.1506258410369,64.21903369856841,"rgba(239, 83, 80, 1.0)",2.06262997446723,64.21903369856841,-1.0525181833591635,33.67164676106695,-9.975539911960595,False,True,False,True,False,0.0,0.0,0.0,0.0,0.0,0,0.6705291127650091,0.9464159513031658,False,False,False,False,-0.3064553393994569,-0.32102220852962504,False,False,False,False,211083,240657.0314751365,False,False,False,False,4071.392323789366,False,False,False,False
2024-12-23 00:00:00+00:00,62.2943006773,62.2943006773,61.9545135827,61.9545135827,1015,,,,,,,,63.6676234653762,64.78898260943964,65.0390312600922,64.85331834157799,64.8520828933432,64.70305312122382,64.31332489898625,64.04666050694001,63.55925148056516,61.42472887024999,60.59490250731448,60.26034278083714,60.1573810611636,60.017959350601146,59.71368744631624,59.63415229316978,58.787906688011205,57.58049634279738,55.449310370969435,54.15208553976542,54.17468675683336,,,,,,,61.71809715869421,63.76905245654355,64.98674253691648,65.00222076299428,64.85697506686199,64.83356038801595,64.56937781036689,64.51506178330749,64.09992836674422,63.76292846027422,62.31009709668929,61.009346363489136,60.52717722754754,60.2485676501522,60.020258167975804,59.80109394393988,59.72762832867355,55.703066385479886,55.6170457604496,55.55089333397204,55.401059977965524,54.16641562835648,54.10053564536261,54.22416364472371,54.52262286980392,,64.51506178330749,62.31009709668929,55.703066385479886,,,54.15208553976542,64.21236852324765,"rgba(239, 83, 80, 0.5)",2.1085063046365784,64.21236852324765,-0.9096808682667157,34.691887104865565,-9.975539911960595,False,True,False,True,False,0.0,0.0,0.0,0.0,0.0,0,0.6612011290738395,0.9540775550999944,False,False,False,False,-0.3020513170148057,-0.31153676277221537,False,False,False,False,212098,239537.0694565037,False,False,False,False,3951.5338012878224,False,False,False,False
2024-12-24 00:00:00+00:00,62.444397933,62.444397933,62.2450561708,62.2450561708,1066,,,,,,,,63.648600479485125,64.77697111259225,65.02700686169315,64.845544623591,64.8456212297009,64.697782114358,64.30973798762057,64.04384343217625,63.557543648368494,61.42569105773247,60.596414920136205,60.26152651666525,60.158561483076944,60.01900453250658,59.71478252604435,59.635253835115535,58.78914595630426,57.581882113315686,55.45092743896253,54.153655596056936,54.17617476104467,,,,,,,61.74262138477938,63.750386765446045,64.974641831054,64.99015572581932,64.848462887932,64.82727836823675,64.56498924190794,64.510886001435,64.09698256189164,63.76073766083437,62.31017500522288,61.01064586851439,60.528699138347015,60.249737449691516,60.02143959153004,59.80217693687777,59.72872190885679,55.7046699262319,55.618658173385526,55.55250938350528,55.40267236284181,54.1679905219432,54.10207568223561,54.225604370173436,54.52393858575585,,64.510886001435,62.31017500522288,55.7046699262319,,,54.153655596056936,64.20649844620726,"rgba(239, 83, 80, 0.5)",2.1460122664166335,64.20649844620726,-0.8211045858323932,36.00791458320815,-9.975539911960595,False,True,False,True,False,0.0,0.0,0.0,0.0,0.0,0,0.6838643708364289,0.9482255598676541,False,False,False,False,-0.2776309239961,-0.29458384338415766,False,False,False,False,213164,238502.8314386016,False,False,False,False,3838.3756130020256,False,False,False,False
2024-12-26 00:00:00+00:00,62.7072651085,62.8064435445,62.6685589264,62.7867457419,2225,,,,,,,,63.62108694239584,64.75587839471932,65.00552110492238,64.83175109340212,64.83413705095703,64.68850271953727,64.30364058598173,64.03922113858266,63.55504623500128,61.42842787565978,60.600181063725756,60.26440027596911,60.1614085959836,60.02150584933635,59.71736488274545,59.63784276962572,58.79198147027046,57.58498254745322,55.45447037902997,54.15706992326741,54.179411110279396,,,,,,,61.81351738051673,63.72251768790653,64.95309392224056,64.96864878463595,64.83336972592157,64.81612542638418,64.5573403198775,64.50364197319095,64.09210971932974,63.75733723048099,62.31117256577197,61.01404154892909,60.53246647626788,60.25257523068266,60.02426682929226,59.80474076962379,59.73130229072317,55.70818957013601,55.62219506899123,55.55605258666366,55.406203893521536,54.17141560258705,54.10542392659891,54.22873871191483,54.52680551627148,,64.50364197319095,62.31117256577197,55.70818957013601,,,54.15706992326741,64.19818300008782,"rgba(239, 83, 80, 0.5)",2.177751995482752,64.19818300008782,-0.6846132593061046,38.00807621162871,-9.975539911960595,False,True,False,True,True,0.0,0.0,0.0,0.0,0.0,0,0.6971980353163565,0.9422371636847257,False,False,False,False,-0.23121860209620804,-0.26290122274018285,False,False,False,False,215389,237596.4066763035,False,False,False,False,3775.1059811195937,False,False,False,False
2024-12-27 00:00:00+00:00,62.3927896902,62.3927896902,62.3927896902,62.3927896902,88,,,,,,,,63.619637682401034,64.7549169368206,65.0045559694439,64.83112307816474,64.83361366464217,64.68807519255196,64.30334940366025,64.03899252672169,63.55490795736335,61.428508058429365,60.60030635466295,60.26449837379048,60.16150640332332,60.021592460395695,59.71745558115604,59.63793399368588,58.79208400378889,57.58509712007789,55.45460398939231,54.15719963547271,54.179534050471574,,,,,,,61.815162031694406,63.72108645631371,64.95212332459603,64.96768082593636,64.83268304528345,64.81561647654614,64.5569840279099,64.50330292873049,64.09187062568685,63.757159653813844,62.31118028259218,61.01414939805605,60.53259253577754,60.25267217515438,60.02436469928841,59.80483047891823,59.73139286672852,55.708322068598285,55.622328298076496,55.5561861146996,55.40633711662286,54.171545714196384,54.105551160567735,54.22885775017399,54.52691423855299,,64.50330292873049,62.31118028259218,55.708322068598285,,,54.15719963547271,64.19770110454365,"rgba(239, 83, 80, 0.5)",2.2152948938500594,64.19770110454365,-0.8147499546693854,38.39809232307842,-9.975539911960595,False,True,False,True,True,0.0,0.0,0.0,0.0,0.0,0,0.7052374395384416,0.9306939949814095,False,False,False,False,-0.26931874630624586,-0.2661099845232143,False,False,False,False,215301,236722.07700272297,False,False,False,False,3630.513589703139,False,False,False,False
2024-12-30 00:00:00+00:00,62.1268693553,62.4617319992,61.8215534152,61.8215534152,6263,,,,,,,,63.50475847546438,64.68123594534256,64.93109144713104,64.78263432062877,64.79308332099762,64.65470193625117,64.28010393704295,64.02037777491593,63.54300041437494,61.432674262941994,60.607911133927175,60.27061965876234,60.167649090636274,60.027076470764,59.72327853199021,59.643808919484236,58.79884849280749,57.59280373601499,55.46374943127916,54.166134113247125,54.18800181534624,,,,,,,61.86921503068456,63.60835443437583,64.87815834235619,64.8939403040144,64.77975752896293,64.77616403562217,64.52895920082022,64.47655536844933,64.07248651165997,63.74228912377415,62.31001415754696,61.02036428674277,60.54029156429441,60.25872640907067,60.03055858265475,59.810569030254726,59.73720468063406,55.71737784210573,55.63143870840378,55.565320536732855,55.41545858919333,54.18050715161426,54.11431694306521,54.23705539608913,54.5343926902478,,64.47655536844933,62.31001415754696,55.71737784210573,,,54.166134113247125,64.15634408052081,"rgba(239, 83, 80, 0.5)",2.2551005569060347,64.15634408052081,-0.8999486603848913,37.88795441650705,-9.975539911960595,False,True,False,True,True,0.0,0.0,0.0,0.0,0.0,0,0.6851294531330704,0.9450252611038075,False,False,False,False,-0.2975602893681731,-0.28183513694569373,False,False,False,False,209038,235636.42692418484,False,False,False,False,3733.7483508912514,False,False,False,False
2024-12-31 00:00:00+00:00,61.7920067113,61.7920067113,61.7920067113,61.7920067113,116,,,,,,,,63.50230449452711,64.67973078027028,64.92960278651758,64.78163783419048,64.7922482027515,64.65400855379431,64.27960961506629,64.01997397288517,63.542728156493915,61.43271341035846,60.60801967684051,60.270711783176694,60.16774264777661,60.027161221666596,59.72337075084944,59.64390246103285,58.79896061080866,57.59293541802183,55.46390984425386,54.16629225574598,54.188151686753066,,,,,,,61.868975394438806,63.605963906613944,64.8766573902441,64.89244451382343,64.7786715711416,64.77535027529716,64.52837234746997,64.47599352142849,64.07206782664935,63.741957693336126,62.30995003628969,61.020443403323256,60.540402824538006,60.25881766035012,60.03065423998666,59.81065933921157,59.73729663322964,55.71753633394783,55.63159827767799,55.565480618344665,55.415618646540786,54.18066575747918,54.11447214937967,54.23720044987392,54.53452478931803,,64.47599352142849,62.30995003628969,55.71753633394783,,,54.16629225574598,64.15541244366145,"rgba(239, 83, 80, 1.0)",2.2951009524542316,64.15541244366145,-1.0297611221999527,36.619788914829456,-9.975539911960595,False,True,False,True,True,0.0,0.0,0.0,0.0,0.0,0,0.6689837870872025,0.9627559691361659,False,False,False,False,-0.3375628787525094,-0.30969900784910154,False,False,False,False,208922,234588.8023389227,False,False,False,False,3591.875866542575,False,False,False,False
2025-01-02 00:00:00+00:00,61.9003446256,62.2253583682,61.7329133036,62.2253583682,10764,,,,,,,,63.320479381647246,64.55398952549368,64.80413129577671,64.69679850743607,64.72077593085805,64.59463309753203,64.23749119476082,63.985790464996846,63.52011568272075,61.43791923870985,60.61936263984544,60.280110848833914,60.17723263824688,60.03570387357142,59.73255507080448,59.65319454095756,58.809885170627126,57.605585505850854,55.479137251836896,54.18124726130926,54.20232672890177,,,,,,,61.88773529575028,63.4260496458738,64.75040475811687,64.76654404561243,64.68647398538579,64.70569269169467,64.47812842948885,64.42792649561957,64.03656920651893,63.7141831676777,62.30589509359613,61.02923100490388,60.551957608401345,60.26812163866886,60.040292168459835,59.81968119397306,59.746458765972385,55.73259590258159,55.64675503309053,55.58068220362002,55.430809795308726,54.19566502671087,54.12914816091194,54.25092233491031,54.54703301948681,,64.42792649561957,62.30589509359613,55.73259590258159,,,54.18124726130926,64.08099039482785,"rgba(239, 83, 80, 0.5)",2.3266152482956226,64.08099039482785,-0.9372610150411839,36.34941362075616,-9.975539911960595,False,True,False,True,True,0.0,0.0,0.0,0.0,0.0,0,0.669296709453924,0.9474604288318941,False,False,False,False,-0.3155250206612762,-0.31261201425518886,False,False,False,False,219686,234004.37871778847,False,False,False,False,3873.1356364820817,False,False,False,False
2025-01-03 00:00:00+00:00,62.6193144199,62.6193144199,62.451883098,62.451883098,929,,,,,,,,63.312889611545124,64.54609926660801,64.79600972332184,64.69129080623169,64.71609945053363,64.59078703049126,64.23487999034685,63.983763415025315,63.5189428523537,61.43889064126563,60.62077682320255,60.28121145168462,60.1783269944304,60.03667130487426,59.73356121202721,59.65420501483746,58.811006974216205,57.60682671802236,55.480571769283735,54.182636480701845,54.20364389204659,,,,,,,61.90052982378311,63.418023031652986,64.742284860659,64.75843060217065,64.6805126593762,64.70113952553055,64.47491020065166,64.42486606887216,64.03444264969207,63.71264348822763,62.306147324984614,61.030477946987105,60.55337682398853,60.269209146966105,60.04138358097752,59.82067814422141,59.74746382345351,55.73401948506542,55.648186086402646,55.58211620355449,55.43224001854837,54.197058532531564,54.1305108738999,54.252198043068276,54.548199428201,,64.42486606887216,62.306147324984614,55.73401948506542,,,54.182636480701845,64.0772346191029,"rgba(239, 83, 80, 0.5)",2.342251138532832,64.0772346191029,-0.6224440134613941,39.601507390766976,-9.975539911960595,False,True,False,True,True,0.0,0.0,0.0,0.0,0.0,0,0.6782185539270646,0.9300921694032025,False,False,False,False,-0.25162190870987133,-0.28211696148253007,False,False,False,False,220615,233479.3050425811,False,False,False,False,3757.6793370121964,False,False,False,False
2025-01-06 00:00:00+00:00,62.7473501367,62.7670479393,62.6291633212,62.6291633212,632,,,,,,,,63.30883578517968,64.54117332103475,64.79088964699446,64.6878249143455,64.71315198787585,64.58837314798747,64.23326832162903,63.98253398838071,63.518272469426826,61.439639141892386,60.621812413318196,60.2820090903302,60.17911801384168,60.03736833544024,59.734281787246374,59.65492770295362,58.811800453181355,57.60769647695683,55.48156814186217,54.18359833041962,54.204555905523236,,,,,,,61.910880979454504,63.41359738617493,64.73717575711089,64.7533225039346,64.67676419550943,64.6982710958,64.47289950109197,64.42295824543058,64.03314762396784,63.711735738054635,62.30641916140253,61.031408536190426,60.55441362382636,60.26999705060975,60.042169956535105,59.82139327639736,59.74818380089174,55.735009018750446,55.64918054847821,55.58311251431099,55.43323327124345,54.198023378175535,54.13145427483557,54.253081450405205,54.549007690568885,,64.42295824543058,62.30641916140253,55.735009018750446,,,54.18359833041962,64.07507478853931,"rgba(239, 83, 80, 0.5)",2.3546598685448275,64.07507478853931,-0.5638711006952529,42.31688016293242,-12.670253403434373,False,False,False,True,True,0.0,0.0,0.0,0.0,0.0,0,0.698338619559703,0.9220009812818479,False,False,False,False,-0.23335441997702308,-0.2577356907297766,False,False,False,False,221247,232999.60680561716,False,False,False,False,3635.1036767372084,False,False,False,False
2025-01-07 00:00:00+00:00,62.4124874928,63.0329682742,62.4124874928,63.0329682742,52709,,,,,,,,63.059897583853825,64.18907422920624,64.42122833610286,64.42394050925806,64.48412906698984,64.39757082112898,64.10217030512352,63.88063908790425,63.45985217752899,61.494675333681734,60.70094656971351,60.34420738176352,60.24098298786042,60.092228044205726,59.791294723853625,59.71218318224939,58.8752733092866,57.67787356592725,55.562629664532416,54.26217392614279,54.279092963109235,,,,,,,62.27550892076962,63.140271576838835,64.36942022425318,64.38524535499214,64.39448474259454,64.47483051950161,64.31168587533823,64.2694467905602,63.92620815077247,63.6347183467324,62.32287622427046,61.10136532456815,60.63385381136528,60.33147676661073,60.10388466753825,59.877894100317306,59.80513624148032,55.815448165793654,55.73004081578536,55.66414041118923,55.514057181252,54.27683863453146,54.20854630216976,54.32529260768956,54.61507908267881,,64.2694467905602,62.32287622427046,55.815448165793654,,,54.26217392614279,63.89615994218601,"rgba(239, 83, 80, 0.5)",2.365187314938085,63.89615994218601,-0.6272959608803128,42.84455441156878,-12.078525121558059,False,False,False,True,True,0.0,0.0,0.0,0.0,0.0,0,0.6879578383199316,0.9345898415080378,False,False,False,False,-0.23060019742973734,-0.24416794407975695,False,False,False,False,168538,230471.7006563773,False,False,False,False,5559.570199218102,False,False,False,False
2025-01-08 00:00:00+00:00,62.9049325574,62.9049325574,62.3829407889,62.5503721109,12807,,,,,,,,63.03336773269534,64.1269315067145,64.35409280675043,64.37304030173706,64.43874147181451,64.35923351640538,64.07563087441396,63.86013131002077,63.448521368304455,61.508532135190954,60.720300650441345,60.35954046552067,60.25622725863115,60.105780682549,59.80534223006322,59.7262838257271,58.890827684240215,57.69500759554632,55.582355529310114,54.28129738558726,54.297244395411816,,,,,,,62.326132933741874,63.10868704095369,64.30308880732167,64.31870384933889,64.3408178021267,64.43044882682541,64.27897191806896,64.23827485734128,63.90463763818761,63.6194971453904,62.32802523851018,61.11862436074626,60.65327510796421,60.346637260082716,60.11908179072085,59.89182452260792,59.81917014113712,55.83502585865595,55.74971912462594,55.68385864001639,55.53372582955773,54.29601979967913,54.2273125682024,54.34288391300969,54.631191375187015,,64.23827485734128,62.32802523851018,55.83502585865595,,,54.28129738558726,63.86334884733314,#000000,2.3764136361245707,63.86334884733314,-0.4033036485584703,45.35290116678501,-9.597973085828578,True,False,False,True,True,0.0,0.0,0.0,0.0,0.0,0,0.6834486185305076,0.9532258469810272,False,False,False,False,-0.2394260341672196,-0.2417969891234883,False,False,False,False,181345,228545.16337573508,False,False,False,False,5843.783132582098,False,False,False,False
2025-01-10 00:00:00+00:00,61.9889847372,62.117020454,61.9298913294,62.0480781449,3254,,,,,,,,63.0128586350146,64.10427528452902,64.33069310692291,64.3551409948778,64.4228830577707,64.34559450491449,64.06553233207784,63.85179296467088,63.44286986912582,61.50996178695413,60.7234220411485,60.36223330326381,60.258954166650184,60.10826496750679,59.808018169938286,59.72899328261974,58.894023573862164,57.69872362255627,55.58684785010469,54.28573025186089,54.3014517873119,,,,,,,62.31750366526614,63.08759935786635,64.27976222640741,64.29536774936032,64.32188399632274,64.41491074203418,64.26711382151096,64.22687265725936,63.89599886368932,63.6126476279792,62.32701517144454,61.12102188983109,60.6564646831121,60.34930641290282,60.12185989888036,59.89445147785362,59.8218392921987,55.839465725603105,55.75418826996461,55.688341772527394,55.538208653334586,54.300465260541344,54.231665511372846,54.34695968395924,54.63491251540693,,64.22687265725936,62.32701517144454,55.839465725603105,,,54.28573025186089,63.84891583145223,"rgba(239, 83, 80, 0.5)",2.3872195201796607,63.84891583145223,-0.7791202604242508,43.81981647647756,-9.597973085828578,True,False,False,True,True,0.0,0.0,0.0,0.0,0.0,0,0.6568017570591829,0.9752821020466602,False,False,False,False,-0.3044361216072166,-0.27311655536535245,False,False,False,False,178091,226566.56873354941,False,False,False,False,5742.2230097357415,False,False,False,False
2025-01-13 00:00:00+00:00,61.5260863764,61.5359352777,61.1124325221,61.1124325221,447,,,,,,,,63.008398719335,64.10028915203482,64.32666478182244,64.35205786203773,64.420164282142,64.34323842343227,64.06373599976564,63.85026908959663,63.44176185909268,61.50991558683172,60.72364373892276,60.362463660923446,60.25919574497984,60.10849466151671,59.808281909138195,59.72926395576983,58.8943748158752,57.69916022974649,55.587404919734134,54.28628992384117,54.30198291437123,,,,,,61.3914847254,62.3140228009071,63.08313116337842,64.27572833188698,64.29133783408027,64.31861489798663,64.41224473930907,64.26504904461957,64.22487923102632,63.89442952025205,63.61134830623787,62.326604647656424,61.121121564324476,60.656701635701886,60.3495358216577,60.12211581818415,59.894706240316665,59.8221017104103,55.84001386956707,55.7547408721553,55.68889674282511,55.53876499598743,54.30102642726436,54.23221543504509,54.347473936443215,54.635380423374514,,64.22487923102632,62.326604647656424,55.84001386956707,,,54.28628992384117,63.79944253821717,"rgba(239, 83, 80, 0.5)",2.4045442392644376,63.79944253821717,-0.945441603733022,41.4943803365847,-9.597973085828578,False,False,False,True,False,0.0,0.0,0.0,0.0,0.0,0,0.6671539187489228,0.979560607496289,True,False,False,False,-0.34282825441539394,-0.3079724048903732,False,False,False,False,177644,224648.0366263514,False,False,False,False,5534.5672054323795,True,False,False,False
2025-01-14 00:00:00+00:00,61.6491976426,61.6541220932,61.2306193376,61.5950286855,1221,,,,,,,,62.99723401245802,64.08993935060155,64.31616423046822,64.34400829718221,64.41305546466948,64.33708228308164,64.05906099398608,63.846318554733834,63.4389179045859,61.509917073749925,60.72435708893823,60.363165579903814,60.25992488044304,60.10918022223015,59.809056369100986,59.730056129539406,58.89537976139204,57.70039100250238,55.58895743917009,54.28784401797833,54.30345782046404,,,,,,61.47920076446499,62.305864542942984,63.07190132886832,64.26522218731768,64.2808392574566,64.31008631169578,64.40527426878995,64.2596586600322,64.21967803744023,63.89035754417443,63.607998053050416,62.32562857696556,61.121513961047775,60.65745353006843,60.350233954218204,60.12288028849738,59.89545736960514,59.822872766994266,55.84154290406538,55.75628185409592,55.69044396062674,55.54031523406524,54.302584723530536,54.23374227998841,54.348902146387864,54.63668086728063,,64.21967803744023,62.32562857696556,55.84154290406538,,,54.28784401797833,63.79689310240002,"rgba(239, 83, 80, 0.5)",2.41005991395956,63.79689310240002,-0.8911377876376133,40.51887393627151,-9.597973085828578,False,False,False,True,False,0.0,0.0,0.0,0.0,0.0,0,0.6840632501066763,0.9590312046587507,False,False,False,False,-0.32559039626856956,-0.31678140057947135,False,False,False,False,178865,222852.623425318,False,False,False,False,5365.407707180129,False,False,False,False
2025-01-15 00:00:00+00:00,62.3355675737,62.5306743083,62.0086825398,62.2253583682,6844,,,,,,,,62.96892244743939,64.05052668522463,64.27470601309204,64.3119200661007,64.38438816086783,64.31245887774112,64.04110011758479,63.83173793131349,63.429521640503836,61.514551757892434,60.73227301713206,60.369747425304865,60.266534940789356,60.115142295711514,59.81536840209045,59.73642295849146,58.90267451655959,57.70868469012528,55.598789267904024,54.29748242369947,54.31260767309778,,,,,,62.13243669204974,62.30509795042676,63.04185773581549,64.22405655055772,64.23960511807044,64.27629026256673,64.37718514360185,64.23829963239737,64.19918383021536,63.8751910242741,63.596331229567085,62.32540202276076,61.12807290515849,60.665473043470264,60.356751224264414,60.12954935815849,59.901681737028206,59.8291731544348,55.85127574431199,55.76607328730097,55.70026186644907,55.55012346730951,54.31225105212882,54.243205158012856,54.35776810769734,54.64478743752442,,64.19918383021536,62.32540202276076,55.85127574431199,,,54.29748242369947,63.80554085547053,"rgba(239, 83, 80, 0.5)",2.375517562001446,63.80554085547053,-0.618801268946224,42.805515345233545,-9.597973085828578,True,False,False,True,False,0.0,0.0,0.0,0.0,0.0,0,0.7274971378692392,0.9366019209647742,False,False,False,False,-0.20943332575873416,-0.26310736316910277,False,False,False,False,185709,221396.0107419722,False,False,False,False,5423.391718663262,False,False,False,False
2025-01-16 00:00:00+00:00,62.2647539734,62.7660630492,62.2647539734,62.5799188148,27406,,,,,,,,62.894575607237016,63.919929471877325,64.13504172622208,64.20114909072271,64.28415576528224,64.2259725872407,63.97817523591131,63.78106787541996,63.397841086500556,61.53582461545604,60.76596575759718,60.39755003739019,60.29438197814325,60.14021111868412,59.84173902044732,59.762985987080754,58.93276990657667,57.7426046977057,55.638691154261295,54.33651971846694,54.349678319460736,,,,,,62.360899104298284,62.32759957605627,62.96036810036502,64.0859026680656,64.10105041156353,64.16039551310507,64.27889281057746,64.1630617308729,64.1270290204586,63.82236783380327,63.556419696951025,62.32816972327254,61.15669502173338,60.699515060693344,60.38427612277249,60.157554476187514,59.9277293039269,59.85550178356363,55.890799378482214,55.80582592002727,55.74011577546029,55.58992648522678,54.35140157258022,54.281532786619024,54.393697328877394,54.67767003459796,,64.1270290204586,62.32816972327254,55.890799378482214,,,54.33651971846694,63.738094745626555,"rgba(239, 83, 80, 0.5)",2.3213621777882283,63.738094745626555,-0.6346880234045779,44.07699672229901,-9.597973085828578,True,False,False,True,True,0.0,0.0,0.0,0.0,0.0,0,0.7366370363491889,0.9401097730501634,False,False,False,False,-0.1761053779525029,-0.21960637056080284,False,False,False,False,158303,218921.77502660075,False,False,False,False,6285.454788519604,False,False,False,False
2025-01-17 00:00:00+00:00,63.0723638794,63.4564710298,62.9591015145,63.1117594846,8147,,,,,,,,62.90517110509331,63.902191939350836,64.11361700440624,64.18327298578875,64.26729846313403,64.21163182275711,63.968804503591926,63.774484486488056,63.395641661970686,61.54696294465254,60.78000694805324,60.408588253284954,60.30530569532644,60.14990227428063,59.85165900364053,59.77291636865077,58.94346552676629,57.754151203769354,55.65172950525044,54.34909328806922,54.36162368487842,,,,,,62.50913075478226,62.369456165663145,62.968094163279915,64.06521975313579,64.08014582108203,64.14210030762963,64.26237454135658,64.15082680876714,64.11546494015388,63.81526761641362,63.5524480983973,62.334569654312666,61.169701009102795,60.713546061611275,60.39518847640743,60.16838167658403,59.937599018534016,59.86541713057874,55.90375966617741,55.81884521891737,55.75315624626504,55.60292446871107,54.36401316186953,54.29387278577118,54.40528189360753,54.68830778718932,,64.11546494015388,62.334569654312666,55.90375966617741,,,54.34909328806922,63.73763214716212,#000000,2.2744104209225564,63.73763214716212,-0.29250141559422976,47.901681638354475,-7.316743493024639,True,False,False,False,True,0.0,0.0,0.0,0.0,0.0,0,0.7468022338576886,0.9058531977920612,False,False,False,False,-0.08401059460103094,-0.1518084825809169,False,False,False,False,166450,216864.05835889094,False,False,False,False,6358.456561518835,False,False,False,False
2025-01-21 00:00:00+00:00,64.6481880863,64.6481880863,64.0080095022,64.0080095022,11550,,,,,,,,62.986335235455286,63.919309250554605,64.12334546630017,64.18926474783714,64.27079322998028,64.21581867176654,63.976273764882485,63.78430177370847,63.40923806372907,61.57472434576838,60.81011261012196,60.43124607685773,60.32748221908795,60.16929206960269,59.870986074407185,59.792142018509566,58.9630804268913,57.774267173049644,55.673254411769975,54.369421662191826,54.38094310332342,,,,,,62.909048486154106,62.50648579581049,63.04343571518207,64.07659597328141,64.09100335634736,64.14951630367851,64.265917457327,64.15566640813252,64.12080277074377,63.82457824491903,63.56488682306209,62.35715960194898,61.19944021285715,60.74335737262059,60.41755715296659,60.19006336387993,59.95696739522359,59.88475702788829,55.92526073425474,55.840407599083306,55.77472608778901,55.624363521641435,54.38440703439573,54.31380955707165,54.424031135563304,54.70560039389426,,64.12080277074377,62.35715960194898,55.92526073425474,,,54.369421662191826,63.779130876942624,#000000,2.214417546694516,63.779130876942624,0.39245408376330054,54.366283540834885,-1.3671936662134598,True,False,True,False,True,1.2138768988573787,0.0,0.0,0.0,0.0,0,0.7630849366203836,0.8809253073172325,False,False,False,False,0.06269314532017678,-0.044557668630370056,False,False,False,False,178000,215339.97763893442,False,False,False,False,6562.046500282802,False,False,False,False
2025-01-22 00:00:00+00:00,64.5103034682,64.5792457772,64.5103034682,64.5220236607,1256,,,,,,,,62.99521015299452,63.9214475811679,64.12469131608253,64.1901536322266,64.27138745319364,64.21646504514857,63.977242968584264,63.78551075853577,63.41083511396936,61.577813955799336,60.81344470853394,60.43375486363512,60.32993692818417,60.171438472314456,59.8731231105105,59.794267297559585,58.96524323834766,57.77647961380114,55.67561501096748,54.3716489060816,54.38306005580092,,,,,,62.94491984597108,62.521004210565955,63.05171177285682,64.07811957355533,64.09247091134304,64.15057077725466,64.26651355475164,64.15636495473315,64.12155119534495,63.825734577907006,63.56636911036675,62.35970193841236,61.202739017587646,60.74665614715204,60.42003397037003,60.19246225069853,59.959109653251616,59.88689558207023,55.927619312939754,55.84277268283807,55.77709183416482,55.626714621164865,54.3866414632377,54.315993899671795,54.42608580660913,54.707496171481594,,64.12155119534495,62.35970193841236,55.927619312939754,,,54.3716489060816,63.783413725327684,#000000,2.1675456029239637,63.783413725327684,0.33535153396161704,58.11969201734298,1.8750189737888903,True,False,True,False,True,0.762869400930974,0.0,0.0,0.0,0.0,0,0.7834548939968546,0.8804351887804319,False,False,False,False,0.09118249611467895,0.023312413742154446,False,False,False,False,176744,213826.40988838798,False,False,False,False,6353.966245369751,False,False,False,False
2025-01-23 00:00:00+00:00,65.0815397431,65.0815397431,64.6284045982,64.676355944,1668,,,,,,,,63.009843485492524,63.926093139931304,64.12818934734875,64.19268533547275,64.27336303029911,64.21839051524823,63.97944064278786,63.787959962866864,63.41369710628349,61.58245718394219,60.81833214858329,60.4374042145559,60.33350005771675,60.174544969094946,59.876199765531425,59.797323099255046,58.968317627590785,57.779588147756456,55.67888849793709,54.374720794792644,54.38598002256963,,,,,,63.00149646750282,62.54370956923732,63.06547031171937,64.08187940563624,64.09614753702378,64.15340636968341,64.26847369871398,64.15826208623214,64.12349576265753,63.82812322056329,63.569136419078596,62.36368438026514,61.20763111234827,60.75148675082324,60.42363583831214,60.19593508320614,59.96219830964394,59.88997512733826,55.9308940510219,55.84605505302303,55.78037406251491,55.629974185679025,54.38972342557457,54.319006037947204,54.428920356131044,54.71011441278733,,64.12349576265753,62.36368438026514,55.9308940510219,,,54.374720794792644,63.79096317068896,"rgba(38, 166, 154, 0.5)",2.128453187704309,63.79096317068896,0.6063448234926953,61.785438154250585,5.053752297368376,True,False,True,False,True,2.5746849522711273,0.0,0.0,0.0,0.0,0,0.7804442308027868,0.8836134701670603,False,False,False,False,0.19733259859135457,0.11032250616675451,False,False,False,False,178412,212437.60950060806,False,False,False,False,6170.2028631983885,False,False,False,False
2025-01-24 00:00:00+00:00,64.9633529276,64.9928996315,64.9633529276,64.9928996315,2029,,,,,,,,63.02773749595305,63.93192462108827,64.13262805395937,64.19591863722543,64.2759054153925,64.22085838748936,63.98221976410383,63.79103598907564,63.417261626266175,61.58815984924888,60.82432332380322,60.44187752472319,60.33786710831231,60.1783522161854,59.87996882928285,59.801066245765625,58.972079885371095,57.78338837342894,55.68288570211165,54.378470222556246,54.38954414694856,,,,,,63.06754768560933,62.57124264784596,63.08231439528889,64.08663642004754,64.1008033334301,64.15701603222637,64.27099533860073,64.16068424413757,64.12597313593089,63.831126970455095,63.57259267757597,62.36859245284303,61.21363277371571,60.75740770751883,60.42805094483393,60.20019071704926,59.96598251598937,59.893747799502016,55.93489320843453,55.85006337677148,55.7843821015947,55.63395432277068,54.39348515897388,54.322682517168204,54.432380330567085,54.713310805417336,,64.12597313593089,62.36859245284303,55.93489320843453,,,54.378470222556246,63.8001211435851,"rgba(38, 166, 154, 0.5)",2.091284179559254,63.8001211435851,0.5562284625803714,63.70886444184394,6.665680992208934,True,False,True,False,True,2.1770284980455195,0.0,0.0,0.0,0.0,0,0.8035398832859725,0.8664133414671537,False,False,False,False,0.2619157842331352,0.18611914519994488,False,False,False,False,176383,211023.70324568226,False,False,False,False,6007.802750916099,False,False,False,False
2025-01-27 00:00:00+00:00,65.7611139324,65.7611139324,65.4557979923,65.4557979923,401,,,,,,,,63.032469111939626,63.933823813506365,64.13421135200825,64.19711576645712,64.27689796720453,64.22178729177068,63.98314619394997,63.79199377990503,63.41827397866045,61.589512611023686,60.825700822966674,60.44289427084686,60.33885682687664,60.1792115157444,59.880813326589006,59.801903433387096,58.97290782907498,57.78421058277511,55.68373359450463,54.37925889376546,54.39029390371831,,,,,,63.08459420926839,62.57814379376329,63.08680344425627,64.08829353078383,64.10243673136904,64.1583222326426,64.27197644176775,64.1615640496911,64.12685617822805,63.8320742822889,63.573607383604994,62.36981522774401,61.215032706795064,60.758766059779994,60.42905407926199,60.20115165591966,59.966832119340836,59.894593374796074,55.93574312945731,55.85091469015029,55.78523293212947,55.63479829476959,54.394276485330074,54.32345560573555,54.43310836563596,54.713984517547324,,64.12685617822805,62.36981522774401,55.93574312945731,,,54.37925889376546,63.8027195766533,"rgba(38, 166, 154, 0.5)",2.0560084638400196,63.8027195766533,0.9525225164146386,66.5444438823303,9.24428835795517,True,False,True,False,True,4.660532083016349,0.0,0.0,0.0,0.0,0,0.8225916415546644,0.8554957798227939,False,False,False,False,0.34282823712756566,0.2644736911637553,False,False,False,False,176784,209680.96978506728,False,False,False,False,5787.928133233116,False,False,False,False
2025-01-28 00:00:00+00:00,65.4065534858,65.4065534858,65.20957546,65.20957546,230,,,,,,,,63.034847268662595,63.934710555311604,64.13492868919994,64.1976521712994,64.27733562916102,64.22220163500668,63.983576237932496,63.79244908440074,63.4187717673728,61.590227424501265,60.826438526805106,60.44344167327798,60.33939036292501,60.17967562615497,59.88127090304664,59.802357407925186,58.9733600047653,57.78466303002996,55.68420432917012,54.37969843003871,54.390711742828834,,,,,,63.09307390640327,62.58168049802072,63.08905330912274,64.08905008109437,64.10318074003263,64.1589116733924,64.27240952215016,64.1619610189541,64.12725705157702,63.832522570689214,63.57410014803131,62.37044830511956,61.21577775761323,60.75949421940832,60.42959424890479,60.20167051762008,59.967292054470064,59.89505147108207,55.93621458532586,55.85138705710499,55.78570513701324,55.635266928920885,54.3947174840417,54.323886520390296,54.433514055326995,54.71435965705712,,64.12725705157702,62.37044830511956,55.93621458532586,,,54.37969843003871,63.803983677890756,"rgba(38, 166, 154, 0.5)",2.027636688998235,63.803983677890756,0.7903633903473142,66.85545659749057,9.553712615070765,True,False,True,False,True,3.4472397081884907,0.0,0.0,0.0,0.0,0,0.8099028526638679,0.8426342645274042,False,False,False,False,0.291727604589211,0.27810064787648314,False,False,False,False,176554,208381.87293075095,False,False,False,False,5569.970167223974,False,False,False,False
2025-01-29 00:00:00+00:00,65.4754957949,65.4754957949,65.3376111768,65.3770067819,307,,,,,,,,63.03813568805654,63.935966922899155,64.13595512967055,64.19842282401126,64.2779678928489,64.22279799925438,63.98418728740653,63.79309116552501,63.41946642819069,61.59120365959032,60.82744215196275,60.444185366885776,60.340114958390785,60.18030561961513,59.881891462834346,59.80297294533634,58.97397186145303,57.78527394775829,55.68483835296938,54.38028980440566,54.39127393181736,,,,,,63.1047360747638,62.5865383455193,63.09216733687942,64.09012989133797,64.10424345950224,64.15975646747383,64.27303495423425,64.1625302781011,64.12783076831933,63.833155662278664,63.57479043042605,62.371318108962775,61.21679317960302,60.76048459152506,60.43032808242156,60.20237486440537,59.96791596999231,59.89567276052493,55.93684973321661,55.852023379823805,55.78634120147513,55.63589809530982,54.39531083231674,54.324466272567946,54.43405991609351,54.71486452192192,,64.12783076831933,62.371318108962775,55.93684973321661,,,54.38028980440566,63.80574525033495,"rgba(38, 166, 154, 0.5)",1.9838201810970273,63.80574525033495,0.841684423051739,67.21282697053314,10.083025249562638,True,False,True,False,True,3.66281931262602,0.0,0.0,0.0,0.0,0,0.8246940068053863,0.830536628431924,False,False,False,False,0.3083074479133639,0.2932040478949235,False,False,False,False,176861,207145.76026679995,False,False,False,False,5363.579180274015,False,False,False,False
2025-01-30 00:00:00+00:00,65.8793007479,65.9088474517,65.7906606362,65.812032752,1377,,,,,,,,63.05540767353346,63.94319147744866,64.14206312472457,64.20307102549907,64.28185123013559,64.22641639466718,63.9877353508881,63.79672018033357,63.423241709122095,61.596066244103234,60.832358550668026,60.44780588544052,60.34363690445731,60.183360856629236,59.884888825251174,59.80594308908948,58.97689755755334,57.788167017627856,55.68780661498199,54.383044755530456,54.39389305604511,,,,,,63.165061626672625,62.6113906215011,63.10858481276539,64.09650017752988,64.11052929492962,64.1648105968213,64.2768720498772,64.16594188531462,64.1312460229079,63.83675247475383,63.57859673287354,62.37576118380069,61.22180602627945,60.765330280687515,60.43389985944306,60.20579150394536,59.97093291657913,59.898674178160284,55.9398265643686,55.855004580050185,55.78932032731752,55.63885236585884,54.39807511616306,54.32716659190266,54.4366033594933,54.71721929774529,,64.1312460229079,62.37576118380069,55.9398265643686,,,54.383044755530456,63.81529922311497,"rgba(38, 166, 154, 1.0)",1.9477346534222089,63.81529922311497,1.0596933833664366,68.326273076124,11.42113857572101,True,False,True,False,True,4.924664868852407,0.0,0.0,0.0,0.0,0,0.8367601873285235,0.820947393983608,False,False,False,False,0.34282823804933227,0.3180161429721279,False,False,False,False,178238,206012.1226092784,False,False,False,False,5207.242741831897,False,False,False,False
2025-01-31 00:00:00+00:00,65.2883666703,65.8300562414,65.278517769,65.7414161298,1183,,,,,,,,63.0680172399964,63.948087963733734,64.14608040585874,64.20609887130378,64.28434301913494,64.22876547551958,63.990133564068614,63.799234289903566,63.42595284312352,61.59984972888596,60.836244242427206,60.450686314310396,60.346443224005654,60.18580103935822,59.887291866706796,59.80832654982353,58.97926532344291,57.79052960732752,55.69025659631133,54.3853293073227,54.39606494680719,,,,,,63.207542698859676,62.62988891043119,63.12053687617582,64.10072175368106,64.11468543999685,64.16812497575388,64.27933691366596,64.16818269396795,64.13350303692526,63.839232547879284,63.58129363913589,62.37913864162991,61.2257389069393,60.76916456185772,60.43674213856456,60.20851919264892,59.97334911633654,59.90108006970378,55.94228106576518,55.85746355542578,55.791778258504145,55.64129128184509,54.40036729547747,54.32940625035173,54.43871223446613,54.71917002522173,,64.13350303692526,62.37913864162991,55.94228106576518,,,54.3853293073227,63.821988157955786,"rgba(38, 166, 154, 0.5)",1.8813336443157873,63.821988157955786,0.779435650223279,66.33022159062722,11.42113857572101,True,False,True,False,True,2.867875103268993,0.0,0.0,0.0,0.0,0,0.8209832080217863,0.8196626831141576,False,False,False,False,0.2951954589963718,0.30660580098424983,False,False,False,False,177055,204876.54917362044,False,False,False,False,5049.429300975744,False,False,False,False
2025-02-03 00:00:00+00:00,64.5423123974,64.5423123974,64.234534232,64.4837114347,932,,,,,,,,63.07364771133587,63.9493305083575,64.14678087476157,64.20653942535787,64.28460025520177,64.22908004538961,63.990707586080646,63.7999935178955,63.42701191244151,61.602035593707036,60.83862351886447,60.45248950946947,60.348209308688865,60.1873486537225,59.88883568079613,59.809862627041014,58.98083464838584,57.79214123330081,55.69198341477862,54.38696189175928,54.39761689559652,,,,,,63.22521076468203,62.63908272879164,63.1257858755357,64.10154323776138,64.11546891632972,64.16866905365848,64.27959847486788,64.16855101849393,64.13391053875611,63.83995197332391,63.582259084594234,62.38091158373294,61.22808372502976,60.771522002370375,60.43852274943277,60.21024717130841,59.97489587742468,59.90262484735237,55.944005679931266,55.85919316018264,55.793508537785364,55.64301131305328,54.40200510070027,54.33100758775128,54.44021857264008,54.720559694845065,,64.13391053875611,62.38091158373294,55.944005679931266,,,54.38696189175928,63.824386175180834,#000000,1.824288240767846,63.824386175180834,0.3935377130518509,62.107142960779214,11.42113857572101,True,False,True,False,False,0.3692083211104027,0.0,0.0,0.0,0.0,0,0.8025229500854405,0.8560050710533446,False,False,False,False,0.11741914080430994,0.21201247089427988,False,False,False,False,176123,203748.95900994906,False,False,False,False,4887.961485251206,False,False,False,False
2025-02-04 00:00:00+00:00,64.8377794361,64.8377794361,64.6678858888,64.6974325927,996,,,,,,,,63.08110512454678,63.95157114941357,64.14839394493725,64.20769508267121,64.28547722180224,64.22995840747471,63.99178463688919,63.801234867480915,63.42852201881568,61.60464845951967,60.841403455231216,60.4545795855319,60.35025234187431,60.18913399081226,59.890608041827804,59.8116240337202,58.982615573391726,57.793951080605595,55.6939000572063,54.38876523534611,54.39933125710487,,,,,,63.24869341066544,62.65064871905948,63.13279502384188,64.10329864905765,64.11717927812792,64.16997746955005,64.28047107817751,64.16943774771019,64.1348296981497,63.84115548423169,63.5836982995392,62.38311655635174,61.2308517750261,60.77427216471576,60.440586110687285,60.21224119594916,59.97667398398296,59.90439868618659,55.94592198662054,55.86111428390312,55.79542985776365,55.644920030260586,54.40381429734111,54.33277610901698,54.44188279688134,54.72209650849699,,64.1348296981497,62.38311655635174,55.94592198662054,,,54.38876523534611,63.82789636560712,"rgba(38, 166, 154, 0.5)",1.7707609242412587,63.82789636560712,0.5703102302901832,60.17486090183557,16.937960804894672,True,False,True,False,False,1.3246078384967817,0.0,0.0,0.0,0.0,0,0.8153735884559586,0.84354714589814,False,False,False,False,0.17169466531374156,0.19185356810401072,False,False,False,False,177119,202704.64689191186,False,False,False,False,4735.3355446531195,False,False,False,False
2025-02-05 00:00:00+00:00,65.8202073401,65.8202073401,65.4558964813,65.4558964813,1073,,,,,,,,63.09336379158643,63.95662670003692,64.15262941767939,64.21091879866789,64.28816113785894,64.23247170365305,63.99428671085881,63.80381769470214,63.43124620921029,61.60827028882956,60.84509044512159,60.45730606204035,60.352906592595964,60.191439833682004,59.892873977948554,59.813870347371335,58.9848363844336,57.79615572043079,55.69617238152696,54.39087877305713,54.401340707818775,,,,,,63.2878920120012,62.66827675108495,63.14444670206806,64.10772601061376,64.1215450099143,64.1734877771001,64.283124448355,64.17181886954278,64.13721873995996,63.84371093809291,63.586430112030726,62.38639470848872,61.23459850268683,60.77790826639247,60.443276262759014,60.21481848256606,59.978953663036,59.906667518586694,55.94819982846504,55.863395816033155,55.79771007452394,55.647181855325584,54.405934940784874,54.33484795178772,54.4438341491663,54.72390259065565,,64.13721873995996,62.38639470848872,55.94819982846504,,,54.39087877305713,63.83445997675087,"rgba(38, 166, 154, 1.0)",1.746091588755197,63.83445997675087,1.1372526940381071,61.40529647502061,16.937960804894672,True,False,True,False,False,4.391439245854446,0.0,0.0,0.0,0.0,0,0.8335684455696524,0.83316975027208,False,False,False,False,0.3085591938962133,0.250206381000112,False,False,False,False,178192,201743.3666216408,False,False,False,False,4591.714542902017,False,False,False,False
2025-02-06 00:00:00+00:00,65.6921716233,65.6921716233,65.6921716233,65.6921716233,100,,,,,,,,63.094497533180544,63.95709459144559,64.15302129131744,64.21121719890816,64.28840958296263,64.23270444421351,63.99451862084656,63.80405721042422,63.431499023742084,61.60860696076965,60.84543330833004,60.4575596963751,60.353153520488675,60.19165437481966,59.89308482561686,59.81407937430008,58.985043078408644,57.79636095130994,55.69638396227704,54.3910755925198,54.40152783611164,,,,,,63.29147156685894,62.6699056888299,63.14552441988584,64.10813566837496,64.12194895688549,64.17381269320043,64.28337007758668,64.17203944708301,64.13744007957972,63.843947893802365,63.58668355414066,62.38669928312097,61.234946849375824,60.77824641130236,60.443526521073295,60.21505826481653,59.97916578394738,59.90687863485491,55.94841191785181,55.86360825064264,55.79792238799226,55.64739245964146,54.406132421613,54.3350408900063,54.44401586758606,54.72407077999086,,64.13744007957972,62.38669928312097,55.94841191785181,,,54.3910755925198,63.83506497716344,"rgba(38, 166, 154, 1.0)",1.708627250471613,63.83506497716344,1.0868998171625563,61.7105455899353,16.937960804894672,True,False,True,False,False,3.9543722598302082,0.0,0.0,0.0,0.0,0,0.8316859125441761,0.8393474527013611,False,False,False,False,0.317250265047497,0.28372832302380446,False,False,False,False,178092,200815.86204824314,False,False,False,False,4415.568874552918,False,False,False,False
2025-02-07 00:00:00+00:00,65.1898776574,65.3179133742,65.1898776574,65.3179133742,10385,,,,,,,,63.18716408394871,63.99183149885766,64.18082269176867,64.23214648389686,64.30544675894407,64.24899059084652,64.01183410033468,63.82262900315426,63.45217355436265,61.639369204176575,60.8774258141078,60.481465444600055,60.37647633698513,60.21198961677228,59.91316934678878,59.83401515783033,59.00497292019531,57.816378979346815,55.71729988034045,54.410648270443225,54.420137687345154,,,,,,63.55140250639961,62.80567239681829,63.233349147258146,64.1375373360463,64.15084052018713,64.19682485877465,64.30024805912086,64.18778095425755,64.15339283229068,63.86219104165321,63.60700159310607,62.41367072247801,61.267128605512006,60.80985018934199,60.46712204238283,60.2377658034296,59.99934375804451,59.92698433490875,55.969350666367326,55.88459037525291,55.81889971886067,55.66821718258045,54.42576959000324,54.354232470522064,54.46208560308079,54.74077845211004,,64.15339283229068,62.41367072247801,55.969350666367326,,,54.410648270443225,63.88096400060134,"rgba(38, 166, 154, 0.5)",1.654218322675024,63.88096400060134,0.7912581059324933,59.9502419959279,16.224179167428943,True,False,True,False,False,2.2518838845558093,0.0,0.0,0.0,0.0,0,0.8324474801436876,0.8296931690562556,False,False,False,False,0.24806745592603646,0.26589788947492043,False,False,False,False,167707,199517.47530125323,False,False,False,False,4649.664212805745,False,False,False,False
2025-02-10 00:00:00+00:00,65.7906606362,65.7906606362,65.7906606362,65.7906606362,107,,,,,,,,63.188326184647416,63.992336124239316,64.18124973730392,64.23247547246301,64.30572284450335,64.24924928019392,64.0120904005561,63.82289259080665,63.4524501014195,61.63973224746522,60.8777949451955,60.48173929466494,60.37674296345117,60.21222147957414,59.91339712682469,59.83424095508297,59.00519594519313,57.81660014990275,55.71752751830522,54.410859947400255,54.42033897782476,,,,,,63.554487797478416,62.80730089321663,63.234457455057985,64.13798259095955,64.15127992784934,64.19718171256872,64.30052106584141,64.18802605270095,64.15363853348606,63.86245204813911,63.607279303684685,62.41400045037452,61.26750377569056,60.81021427546469,60.467392274947706,60.23802471969319,59.9995729372972,59.92721240834154,55.969578882027,55.88481894949799,55.819128154764186,55.668443768338584,54.42598197717299,54.35443998244571,54.46228109741373,54.74095946255111,,64.15363853348606,62.41400045037452,55.969578882027,,,54.410859947400255,63.881570005855814,"rgba(38, 166, 154, 1.0)",1.6121209771892067,63.881570005855814,1.1842105259822122,60.38325962636621,16.224179167428943,True,False,True,False,False,4.117325450235359,0.0,0.0,0.0,0.0,0,0.8289693612287675,0.833189573858773,False,False,False,False,0.3331874437631391,0.29954266661902973,False,False,False,False,167814,198274.20176002764,False,False,False,False,4471.520518185912,False,False,False,False
2025-02-11 00:00:00+00:00,66.0565809711,66.0565809711,65.6626249194,65.6921716233,590,,,,,,,,63.195045918239195,63.99532144779321,64.1837970078862,64.23444351892925,64.30738116906576,64.25079856438039,64.0136091729849,63.82444408335234,63.45406152727815,61.64179781116652,60.879885083266316,60.483287073662,60.37824921547904,60.21353046969874,59.914681550588384,59.83551382636639,59.0064498352745,57.81784005020012,55.71879930361822,54.412040800688196,54.42146190700256,,,,,,63.5723635140874,62.81665233651338,63.240872365439195,64.14063304155282,64.15389719305936,64.19931251475693,64.30216045037889,64.18948957963258,64.15510329883068,63.863990351638165,63.6089036612216,62.41588984912316,61.26963288165537,60.81227512862054,60.46891951447471,60.2394865529651,60.0008656747444,59.92849855319492,55.9708543210285,55.886096246113134,55.82040456695374,55.66970959591897,54.42716681018367,54.355597537508004,54.463371742325954,54.74196960798268,,64.15510329883068,62.41588984912316,55.9708543210285,,,54.412040800688196,63.88511403585102,"rgba(38, 166, 154, 1.0)",1.5887170494238263,63.88511403585102,1.3668053326654381,61.33206581206956,16.224179167428943,True,False,True,False,False,4.928859853819166,0.0,0.0,0.0,0.0,0,0.8466378370009771,0.8208776729678944,False,False,False,False,0.342828238084872,0.32118545235195084,False,False,False,False,168404,197102.82129885012,False,False,False,False,4319.30402727666,False,False,False,False
2025-02-12 00:00:00+00:00,65.9876386621,66.0664298724,65.9876386621,66.0664298724,632,,,,,,,,63.20244000840246,63.99865547758358,64.1866558337013,64.23665684593614,64.30925089811599,64.25254264613335,64.01530870086873,63.82617349817114,63.455847168404624,61.64405394828959,60.88216139247143,60.484971046770035,60.379887553821696,60.21495372685213,59.91607708049052,59.83689655656205,59.00780968261411,57.81918231051299,55.72017309958803,54.4133151825535,54.422673796930866,,,,,,63.591925291640685,62.82689131315086,63.24793587246067,64.14360404495775,64.15683208320618,64.2017061030429,64.30400857326941,64.19113447502349,64.15674808565966,63.86570636919036,63.61070761507497,62.417962556015155,61.27195477425845,60.81451908409868,60.47058108617595,60.24107601454775,60.00227052131141,59.92989599760308,55.97223235406487,55.887476185913755,55.82178347540703,55.671076903263675,54.4284454985606,54.35684673577019,54.46454882926716,54.743060034562035,,64.15674808565966,62.417962556015155,55.97223235406487,,,54.4133151825535,63.889036545199716,"rgba(38, 166, 154, 1.0)",1.5810215164417911,63.889036545199716,1.3273710035416497,61.661833620018044,16.224179167428943,True,False,True,False,False,4.687499885012226,0.0,0.0,0.0,0.0,0,0.8510045224137641,0.8337109785961784,False,False,False,False,0.34282823866627277,0.3320068455091118,False,False,False,False,167772,195952.5930126207,False,False,False,False,4174.703869344243,False,False,False,False
2025-02-13 00:00:00+00:00,66.9528309888,66.9528309888,66.7802782381,66.7802782381,588,,,,,,,,63.2114303844172,64.00309988542496,64.19058676289889,64.23972995397008,64.31188434018718,64.25497266235955,64.01758350970468,63.82842732418409,63.458077917604115,61.64657388838757,60.884640853248676,60.486786479497006,60.38164930651067,60.2164784412207,59.917562470500876,59.83836595427544,59.009233490555665,57.820565005335595,55.721560337200174,54.41459065736337,54.42388680777593,,,,,,63.616367428962064,62.83897707834068,63.25655927713482,64.14765843349085,64.16084639061728,64.20500776674324,64.30660894401981,64.19340092789717,64.15900078445826,63.8679545186942,63.61299822479937,62.42036096857126,61.274514132614385,60.8169586990973,60.472371746050925,60.242779699589676,60.0037685215242,59.9313838496702,55.973626614980034,55.88887143567382,55.82317696546906,55.672457075195815,54.429725400325765,54.358096584197526,54.465727312801725,54.744153678665725,,64.15900078445826,62.42036096857126,55.973626614980034,,,54.41459065736337,63.89405862579544,"rgba(0, 255, 255, 0.75)",1.5813370955706563,63.89405862579544,1.9342949530319764,64.15683738832708,16.224179167428943,True,False,True,False,True,7.5952307704578566,0.0,0.0,0.0,0.0,0,0.8469157834469874,0.8257400079903473,False,False,False,False,0.3428282410518417,0.33741754328047674,False,False,False,False,168360,194870.53054153753,False,False,False,False,4034.0488156444685,False,False,False,False
2025-02-14 00:00:00+00:00,66.8641908772,67.2777462424,66.8641908772,67.2777462424,335,,,,,,,67.0020426656,63.21668073529723,64.00571911088123,64.1929093977617,64.24154785403275,64.3134441734715,64.2564109953351,64.01892593287167,63.82975454690072,63.45938696726521,61.64803765890134,60.88607762418692,60.487837540314985,60.382669039601396,60.21736067894474,59.91842139582777,59.83921549462357,59.010055419163926,57.82136183950045,55.72235807892429,54.41532342755658,54.4245837017351,,,,,,63.630579764236906,62.84601095068705,63.26159763262069,64.15005251155037,64.16321725661817,64.20695968102443,64.30814909991112,64.19474143082302,64.16033254847923,63.86927896393518,63.61434420934422,62.42175882521445,61.275998896726755,60.81837213072181,60.47340843360106,60.243765512494505,60.004634895819336,59.93224422335578,55.97442856617316,55.88967389694968,55.82397837015273,55.673250722351284,54.43046072085589,54.358814607222435,54.466404392216596,54.74478214222095,,64.16033254847923,62.42175882521445,55.97442856617316,,,54.41532342755658,64.0741349730691,"rgba(0, 255, 255, 0.75)",1.57246709729961,64.0741349730691,1.7743175096777823,65.40596152094807,16.224179167428943,True,False,True,False,True,7.276380196394275,0.0,0.0,0.0,0.0,0,0.8513591868030653,0.8155400510454132,False,False,False,False,0.34282824152718505,0.34012289240383087,False,False,False,False,168025,193817.76463794784,False,False,False,False,3888.988077776058,False,False,False,False
2025-02-18 00:00:00+00:00,66.6770617526,66.6770617526,66.6770617526,66.6770617526,136,,,,,,,66.90820528944714,63.21862543634044,64.00666594618382,64.1937422661185,64.24219838183225,64.31400042272008,64.25692542220304,64.01941123899364,63.830237877421496,63.45986940121037,61.64859562155799,60.88662973416495,60.488242860492704,60.38306261097169,60.21770162310682,59.91875403966467,59.839544680017205,59.01037548288162,57.82167384126934,55.722672576212695,54.415613205848985,54.424859288270035,,,,,,63.63576267079704,62.84863695509743,63.26346181180671,64.15091267097327,64.16406857337782,64.20765927947113,64.30869848699098,64.1952223135789,64.16081105959323,63.86976058548156,63.614837944258674,62.42228582266663,61.27656724929938,60.8189156106475,60.473808258852266,60.24414640032262,60.00497022450296,59.932577396579156,55.97474450770392,55.88999011287807,55.824294225867625,55.673563645948285,54.430751498302676,54.35909858786546,54.46667211992808,54.74503049721513,,64.16081105959323,62.42228582266663,55.97474450770392,,,54.415613205848985,64.07049223163435,"rgba(0, 255, 255, 0.75)",1.5300958348780964,64.07049223163435,1.7035335052547977,65.33194699522232,16.224179167428943,True,False,True,False,True,6.597808496467689,0.0,0.0,0.0,0.0,0,0.8510141283380344,0.8301550070287876,False,False,False,False,0.29285566249930134,0.3164892774515661,False,False,False,False,167889,192800.9503384205,False,False,False,False,3741.812074726017,False,False,False,False
2025-02-19 00:00:00+00:00,65.8005095375,65.8005095375,65.8005095375,65.8005095375,122,,,,,,,66.68031510101957,63.21992640759978,64.00723612657416,64.1942253710103,64.24257167178713,64.31431417655996,64.25721963390679,64.0197028986034,63.83053785638385,63.4601841708763,61.64900880932757,60.88704995882186,60.48855491990545,60.38336646212693,60.21796593936834,59.919013713898835,59.83980209863478,59.010629752008036,57.82192600399107,55.7229321096609,54.415854559904616,54.42508880928287,,,,,,63.63906135328983,62.8504509209519,63.26470339235398,64.1514162159599,64.16456555705436,64.20806387351173,64.30900878128853,64.19550123353434,64.16109067840739,63.87005763052438,63.61515397543179,62.42266108857866,61.27699425687766,60.81933012170814,60.47411620647453,60.244441488644455,60.0052314900132,59.93283740454086,55.97500469846602,55.8902507122519,55.824554667853135,55.67382198111095,54.43099366144527,54.359335196914856,54.466895037159055,54.74523691155032,,64.16109067840739,62.42266108857866,55.97500469846602,,,54.415854559904616,64.05975614278765,"rgba(38, 166, 154, 1.0)",1.5104461362290917,64.05975614278765,1.15247631342766,61.56494771305796,16.224179167428943,True,False,True,False,False,3.5031140095750466,0.0,0.0,0.0,0.0,0,0.8510767138766948,0.8452372053049864,False,False,False,False,0.18621474868280863,0.25135201306718735,False,False,False,False,167767,191819.22679573734,False,False,False,False,3599.858660030879,False,False,False,False
2025-02-20 00:00:00+00:00,66.5096304306,66.5096304306,66.2831057009,66.2831057009,165,,,,,,,66.62672429527717,63.2221153358974,64.00827895905121,64.19513583760825,64.24328145715722,64.31491912471924,64.25778065708926,64.02023749870276,63.831073864088005,63.460724969116384,61.64965276654359,60.88769145593927,60.48902724424559,60.3838254138639,60.21836394519095,59.919402706844856,59.84018721516993,59.01100569818424,57.822294099760995,55.723305164538374,54.41619913116642,54.4254165018083,,,,,,63.64480985488684,62.85342685282249,63.26679973686283,64.15235822546208,64.16549736964518,64.20882833570649,64.3096064273271,64.19602716538503,64.16161479971191,63.87059103814223,63.61570513123854,62.42326366504545,61.277652513304744,60.81996191748751,60.474582173695204,60.24488604064398,60.005623432102794,59.93322698650458,55.97537926511054,55.89062567292758,55.82492925394196,55.67419320725296,54.43133941199659,54.35967290636298,54.46721336363174,54.745532065454896,,64.16161479971191,62.42326366504545,55.97537926511054,,,54.41619913116642,64.05824059833905,"rgba(0, 255, 255, 0.75)",1.5170149795876806,64.05824059833905,1.6159298789041772,61.07840062834326,15.847384106221483,True,False,True,False,False,5.673587216523082,0.0,0.0,0.0,0.0,0,0.8435615966968049,0.8388950785557983,False,False,False,False,0.2581071778974709,0.2547295954823291,False,False,False,False,167932,190882.47280374766,False,False,False,False,3465.158320421825,False,False,False,False
2025-02-21 00:00:00+00:00,66.7952485681,66.7952485681,66.7952485681,66.7952485681,242,,,,,,,66.6675071693003,63.225680719576644,64.01003427459158,64.1966850136428,64.24449310330367,64.3159568459038,64.25873941657542,64.02113838809025,63.83196861775533,63.461614073517595,61.65066818759007,60.88869329182198,60.48976192229034,60.38453858695637,60.21898150406514,59.920004766603235,59.84078290108425,59.01158383808615,57.822856553197056,55.723870710741664,54.416719651428444,54.425911537290126,,,,,,63.654284387546596,62.85822191889883,63.270219351512125,64.15395687437271,64.1670799734073,64.21013039660856,64.31063125976269,64.19692247651695,64.1625051610899,63.87148311897805,63.616616629560205,62.42422665994435,61.278685244350264,60.82094788258471,60.47530686519105,60.24557597112883,60.00623048180313,59.93383002492936,55.97594754813718,55.89119440149251,55.82549729818913,55.674755897792984,54.43186173277717,54.36018299216407,54.46769429994217,54.74597830453756,,64.1625051610899,62.42422665994435,55.97594754813718,,,54.416719651428444,64.06221275484968,"rgba(0, 255, 255, 0.75)",1.538973230616073,64.06221275484968,1.7758826202300164,61.4895269048088,15.847384106221483,True,False,True,False,False,6.527906743471682,0.0,0.0,0.0,0.0,0,0.8519351741676785,0.8520509794832855,False,False,False,False,0.307690301225531,0.28120994835393004,False,False,False,False,168174,189991.94445850264,False,False,False,False,3338.759954915087,False,False,False,False
2025-02-24 00:00:00+00:00,66.4308392203,66.7755507655,66.4308392203,66.7755507655,512,,,,,,,66.62627488126634,63.232674983530224,64.01340869050709,64.1996424120071,64.24680241782839,64.31792883669732,64.2605661851515,64.0228712203989,63.83370062923708,63.46335291970633,61.65271106893853,60.89072227036994,60.49125423531793,60.385988221505045,60.220238135551895,59.92123198510361,59.84199765546311,59.01276752737909,57.82401322017172,55.72504008708903,54.41779857861852,54.42693763078119,,,,,,63.67256555034714,62.867688004778486,63.27692188671479,64.15701387455368,64.17010474405456,64.21261539041207,64.31257926192482,64.19863295954319,64.16420858367226,63.87320779383581,63.61839212882185,62.4261464539027,61.280770157969776,60.822945745830125,60.47677904024568,60.246979592247314,60.007467272708425,59.93505914382108,55.97712194692421,55.89236993800668,55.826671586287404,55.67591948972559,54.43294436411548,54.3612403932278,54.46869110270125,54.74690275723327,,64.16420858367226,62.4261464539027,55.97712194692421,,,54.41779857861852,64.06389002176412,"rgba(0, 255, 255, 0.75)",1.5471000427165733,64.06389002176412,1.5299263998336659,60.26750393212981,14.740840934803884,True,False,True,False,False,5.240566806401546,0.0,0.0,0.0,0.0,0,0.8530953518672579,0.8434613394187367,False,False,False,False,0.2836476354968718,0.28242879192540093,False,False,False,False,167662,189116.26036209078,False,False,False,False,3227.9066233497892,False,False,False,False
2025-02-25 00:00:00+00:00,66.5496169699,66.9626798901,66.4603859241,66.9626798901,1419,,,,,,,66.64142155488025,63.252555425306284,64.02312495473053,64.2081888133162,64.25348861613534,64.32364939583661,64.26586081778625,64.02787363514611,63.83868677693541,63.46833632459324,61.658493164457894,60.89644899371397,60.49546263008843,60.39007516561577,60.22377978186363,59.92468819774916,59.84541814642893,59.01609482806793,57.82725838030222,55.728313151895925,54.42081536575604,54.42980675587021,,,,,,63.72396977899928,62.89446082526397,63.29598586798764,64.16584030069879,64.17884048002253,64.21980370992468,64.31822985853807,64.20358576785681,64.16913795618066,63.878175601884685,63.62348919949528,62.43160196316557,61.28666238352347,60.82858355805888,60.48093052650105,60.2509354402599,60.01095115536891,59.938520819912604,55.980409833532995,55.895660745368744,55.82995869936714,55.67917622604862,54.43597153823753,54.364196890105404,54.47147843662637,54.749488380517555,,64.16913795618066,62.43160196316557,55.980409833532995,,,54.42081536575604,64.07531846684627,"rgba(0, 255, 255, 0.75)",1.5594230880958906,64.07531846684627,1.5866755609441021,59.80676078044285,14.09934444886909,True,False,True,False,False,5.605013950766438,0.0,0.0,0.0,0.0,0,0.8659449171857573,0.8190056297316758,False,False,False,False,0.2971692353318485,0.2897990136286247,False,False,False,False,169081,188330.56387730292,False,False,False,False,3156.969108708621,False,False,False,False
2025-02-26 00:00:00+00:00,67.1498090146,67.2187513237,66.8979726086,67.2187513237,521,,,,,,,66.70894972937398,63.26071414368859,64.02725557280019,64.21186170706542,64.2563729557834,64.32612957059635,64.26814841914188,64.03000600272205,63.84079249493106,63.470409037331066,61.66079563069441,60.89870595487816,60.49711438681547,60.39167755728383,60.2251662571527,59.9260375201598,59.84675260790745,59.01738466172368,57.82850743968618,55.729561801314546,54.421961661704266,54.43089698932595,,,,,,63.74511158425472,62.90531178012014,63.303822663165285,64.16962361235683,64.18258790817747,64.22289743450479,64.32067893426593,64.20571795204519,64.17125576795038,63.88027747700781,63.62562176098516,62.43380554082599,61.28899599305653,60.83080375802056,60.48255972046746,60.25248433688466,60.0123123228338,59.93987243931942,55.981665247134465,55.89691689372383,55.831213147962146,55.680418439968015,54.43712182769973,54.36532011054339,54.47253772236186,54.75047180880209,,64.17125576795038,62.43380554082599,55.981665247134465,,,54.421961661704266,64.08315687354684,"rgba(0, 255, 255, 0.75)",1.5823957334602563,64.08315687354684,1.9379805419136495,61.18197202497565,14.09934444886909,True,False,True,False,False,7.425321061831099,0.0,0.0,0.0,0.0,0,0.8700114170323686,0.8088507689983214,False,False,False,False,0.3412043466986646,0.31550168016364466,False,False,False,False,169602,187596.11039191848,False,False,False,False,3053.597771112205,False,False,False,False
2025-02-27 00:00:00+00:00,66.1550699841,66.6081194435,66.1550699841,66.5490260358,31294,,,,,,,66.34611076025188,63.605670858800224,64.1978719801975,64.36083746317516,64.37440443403815,64.42734504158331,64.36273856961239,64.12141973712804,63.93313630083461,63.56467757676451,61.77616211581781,61.014549176950275,60.58322847186035,60.47545224526874,60.29804879915139,59.99740699645736,59.91744841274506,59.086669421380705,57.89662969588089,55.79892841632006,54.486204424196785,54.49201115772885,,,,,,64.44679829871644,63.36268677437343,63.63528678917365,64.32373894721803,64.33504866237692,64.34961637197372,64.4207784087929,64.29498620991909,64.26038374718063,63.97205604597711,63.72117021169639,62.54081428174286,61.40733970644984,60.945006185060144,60.56754299400315,60.333742553760395,60.084183399877716,60.01134347677287,56.051277374571825,55.966613090834116,55.90084898722257,55.74945388707629,54.50158165365955,54.4282965689219,54.531911987761625,54.805526274667635,,64.26038374718063,62.54081428174286,56.051277374571825,,,54.486204424196785,64.24260428065097,"rgba(38, 166, 154, 1.0)",1.5883332362167284,64.24260428065097,1.2040708208085835,58.20162591921511,12.406398916265864,True,False,True,False,False,3.92410365161885,0.0,0.0,0.0,0.0,0,0.8779733723362648,0.8105401721205638,False,False,False,False,0.2562957686800426,0.2858987244218436,False,False,False,False,138308,185663.2433177256,False,False,False,False,4161.064525186236,False,False,False,False
2025-02-28 00:00:00+00:00,66.3056596848,66.3056596848,65.9975860524,66.2043144905,1443,,,,,,,66.34040310546557,63.61916635043278,64.20477044531732,64.36686022711875,64.37924692105783,64.43152069812896,64.36666867121825,64.12526753391997,63.93705001033481,63.56871563577079,61.78122578669439,61.01966947464296,60.587067308321956,60.479190677305965,60.301310420205255,60.000606266333094,59.920618952903546,59.08978728170969,57.89970629690377,55.80207387122808,54.489124281983976,54.494789565350025,,,,,,64.4687090490574,63.380192343968396,63.64829234102051,64.32996902415329,64.34121225828046,64.35480030736268,64.42491205137775,64.29871811730663,64.26411625375285,63.97594126454874,63.72524281422975,62.54547487523401,61.4125501171268,60.95005830917783,60.571332540197965,60.33737308993415,60.0874036145787,60.01454704505364,56.05443258142508,55.96977252668066,55.904006046680706,55.75258467314002,54.50451126586376,54.43115939190789,54.53461158019548,54.808029596892226,,64.26411625375285,62.54547487523401,56.05443258142508,,,54.489124281983976,64.24915298940263,"rgba(38, 166, 154, 1.0)",1.5885966697994212,64.24915298940263,1.2945429979133922,56.68519976797182,10.928952066317407,False,False,True,False,False,4.387444295692301,0.0,0.0,0.0,0.0,0,0.8745513475089487,0.8065222674747609,False,False,False,False,0.22830154527550567,0.25710013484867467,False,False,False,False,139751,183862.76318761872,False,False,False,False,4054.4737594926582,False,False,False,False
2025-03-03 00:00:00+00:00,67.1249897834,67.1249897834,67.1249897834,67.1249897834,185,,,,,,,66.34439355291204,63.621500201944464,64.20605794326788,64.36801584269394,64.38017883567774,64.4323325193083,64.36742369915436,64.1259782711651,63.93775456444369,63.569413330433136,61.78200933166548,61.0204418333596,60.587639828132865,60.4797467600606,60.30179360444817,60.00107712847904,59.921084823620944,59.09023859725777,57.90014434927492,55.802512733547864,54.489527974345485,54.49517371990451,,,,,,64.4729511002461,63.38314903217171,63.6505485429696,64.33115648546439,64.3423894092536,64.35579333379455,64.42571471105408,64.29942666148692,64.26482081329196,63.97664420854598,63.72595791325309,62.546221940628776,61.41334571375068,60.95081888162516,60.57189749301164,60.337911332708,60.087878424134324,60.015018676303384,56.0548736915383,55.970213924752294,55.90444688104993,55.7530213217744,54.504916345190296,54.431555059274295,54.534984932920956,54.80837641843239,,64.26482081329196,62.546221940628776,56.0548736915383,,,54.489527974345485,64.25060938210498,"rgba(0, 255, 255, 0.75)",1.6117224772304242,64.25060938210498,1.7834214276358138,57.99609140335424,10.928952066317407,True,False,True,False,False,6.853808482620529,0.0,0.0,0.0,0.0,0,0.9046839761703132,0.807959782606015,False,False,False,False,0.34282824164720926,0.29996418824794197,False,False,False,False,139936,182140.1450233984,False,False,False,False,3902.7296904929467,False,False,False,False
2025-03-04 00:00:00+00:00,67.4064713823,67.7210452896,67.4064713823,67.502990615,1096,,,,,,,66.37852650287581,63.63678089682111,64.21466875584811,64.37579887041075,64.38646211920711,64.43782061480486,64.37251375825001,64.13072354619784,63.942427369789705,63.573989603012386,61.78698190812229,61.02530286158055,60.59122988985242,60.48323068583264,60.30481674353196,60.00401660382269,59.9239915061655,59.09303981039137,57.90284731117027,55.80520068939838,54.4919921589406,54.49751869945942,,,,,,64.50142802037767,63.40236879373408,63.66533481055008,64.33914070120633,64.35030829098558,64.36248049779026,64.43113935839588,64.30418998073175,64.26955059652447,63.98131248944258,63.7306690539221,62.55101581994327,61.41837305301712,60.95560262764074,60.575439663455526,60.34127971896314,60.09084439472152,60.017963245111325,56.05757742659944,55.97291873756058,55.907147714833535,55.755695341870464,54.507389082883535,54.43396994412207,54.53726420121946,54.81049513858634,,64.26955059652447,62.55101581994327,56.05757742659944,,,54.4919921589406,64.26068225139332,"rgba(0, 255, 255, 0.75)",1.6473137498497952,64.26068225139332,1.9096478319285057,59.57551943107203,10.928952066317407,True,False,True,False,True,7.678129688725811,0.0,0.0,0.0,0.0,0,0.9087011849853807,0.7932629659108776,False,False,False,False,0.34282824254507155,0.32139621539650676,False,False,False,False,141032,180528.06090483375,False,False,False,False,3792.6618594932233,False,False,False,False
2025-03-05 00:00:00+00:00,67.8490810064,68.1239638415,67.7521678177,67.7604408948,39015,,,,,,,67.15891715733653,64.160842592884,64.52814727129399,64.66194742889267,64.62127430874591,64.6448913855724,64.56519436939355,64.3102618332877,64.1188227164,63.74600575450488,61.970440061375875,61.20403515573384,60.72384275313597,60.61192233809502,60.41664605107682,60.112633013027924,60.03137202863306,59.19620346942202,58.00202161056413,55.90330675839065,54.58176477408025,54.58297783578907,,,,,,65.3537509906195,64.04299648247952,64.17440606211461,64.63196351275181,64.64096381476,64.61121379114032,64.63593754787608,64.48492253110194,64.44896270030318,64.15765046703257,63.9079053949164,62.72903087110404,61.60340968351517,61.13150929068378,60.70630531677671,60.4656877112773,60.20047200367213,60.12677250599934,56.156307682292635,56.07166993836639,56.00574103053303,55.85328691787672,54.597473565097786,54.521949709697864,54.62034975953599,54.887802530104494,,64.44896270030318,62.72903087110404,56.156307682292635,,,54.58176477408025,64.59304861794514,"rgba(0, 255, 255, 0.75)",1.6965367794363935,64.59304861794514,1.9192229888093213,61.68496495186733,7.322021043871388,True,False,True,False,True,8.959891792450417,0.0,0.0,0.0,0.0,0,0.9523541655054202,0.7621574421004284,False,False,False,False,0.34282824321686295,0.3321122293066848,False,False,False,False,180047,180509.19577131086,False,False,False,False,5173.930021866038,False,False,False,False
2025-03-06 00:00:00+00:00,68.1839436504,68.1839436504,68.0559079336,68.0559079336,436,,,,,,,67.16448525569027,64.16629236695493,64.53157074737098,64.66509410792578,64.62389497292197,64.64722108308524,64.56737075475961,64.31229544780074,64.12082104014277,63.74795418801201,61.97250609485909,61.206047646166645,60.725344726339934,60.6133803853678,60.41791544864607,60.113865711790005,60.03259070186987,59.19737315164159,58.00314458585677,55.90441521844545,54.582778623782175,54.583943285877304,,,,,,65.36152230682997,64.04949743426828,64.17971757429584,64.63517794203798,64.6441562709843,64.61397882284199,64.63824315907824,64.48697031551151,64.45099599377093,64.159648437803,63.90991146484714,62.731039842781385,61.60549207685858,61.13349062356634,60.70778781092335,60.467097660749914,60.20171623012805,60.12800739684532,56.157423395443125,56.07278579840167,56.00685505389339,55.854389562523366,54.59849092543643,54.522943399256626,54.62128859161408,54.88867665730933,,64.45099599377093,62.731039842781385,56.157423395443125,,,54.582778623782175,64.5964432749461,"rgba(0, 255, 0, 1.0)",1.7511169416920593,64.5964432749461,2.0486926315654226,63.842541348027794,9.369088533147533,True,False,True,False,True,9.916516986128691,0.0,0.0,0.0,0.0,0,0.9670140921889252,0.7104073154817976,False,False,False,False,0.3428282435165455,0.33747023641161517,False,False,False,False,180483,180508.16848616142,False,False,False,False,4988.128844537959,False,False,False,False
2025-03-07 00:00:00+00:00,68.9127623461,69.0506469642,68.3021304659,68.3119793672,23190,,,,,,,67.5329583444674,64.47778176207413,64.73421296931423,64.85281000823298,64.78125825651568,64.78782487088166,64.69868003699516,64.43429085719981,64.24012458708468,63.86329722437287,62.09117681413311,61.32075971176792,60.81090607927463,60.69638436891428,60.49015565624702,60.18386236083466,60.101753809093054,59.263388813761914,58.06611241614192,55.966027473023175,54.63891752069281,54.63741268122254,,,,,,65.79976108717655,64.41562775837386,64.4839062711681,64.82657522880918,64.83435651427614,64.77960658307889,64.77740245192685,64.61043684220421,64.57347740985776,64.2790550206572,64.02903088516182,62.84767134060564,61.724597900074464,61.246376485805236,60.7922382975433,60.54729098683329,60.27241102638813,60.19813525887554,56.219492925409874,56.13484442794821,56.068797424664744,55.91566943717251,54.65482599259695,54.57796088740845,54.67329500188042,54.93715030034277,,64.57347740985776,62.84767134060564,56.219492925409874,,,54.63891752069281,64.79745888727281,"rgba(0, 255, 0, 1.0)",1.8220195254664753,64.79745888727281,2.2586494827894783,66.73117023966776,12.064518632227845,True,False,True,False,True,11.94504036364697,0.0,0.0,0.0,0.0,0,0.9704966840026162,0.7046393686412983,False,False,False,False,0.34282824434144155,0.3401492403765284,False,False,False,False,203673,181416.59325141,False,False,False,False,5701.927713379607,False,False,False,False
2025-03-10 00:00:00+00:00,68.1051524401,68.5188062944,67.6521029806,68.2824326633,1231,,,,,,,67.53974926631346,64.49075797442013,64.74274307965578,64.86068242996446,64.78793902343007,64.79381733792495,64.70431863379657,64.43961457246516,64.24538115735642,63.86846174552833,62.09674494072541,61.32621714893762,60.81502212885439,60.70038452013465,60.49365054334385,60.18726130010713,60.10511555511449,59.26662460311315,58.06922824848927,55.96911280737465,54.641745712743365,54.64010693746255,,,,,,65.81536728052455,64.43074951576895,64.49659492946235,64.83460805586562,64.8423375526285,64.78662416777009,64.78333922247771,64.61577475255339,64.57878434809464,64.2843068924098,64.03432631661623,62.85305557046645,61.73022368360899,61.25175445878434,60.79630247200434,60.5511641175234,60.27584026183775,60.20153999042644,56.222597286047396,56.13794951708948,56.07189770462022,55.918738929304816,54.65766385480836,54.58073345174872,54.675915470032635,54.93959093061371,,64.57878434809464,62.85305557046645,56.222597286047396,,,54.641745712743365,64.80539082547496,"rgba(0, 255, 255, 0.75)",1.8660805788112045,64.80539082547496,1.7682846347005925,65.20629285505628,12.064518632227845,True,False,True,False,True,8.985201581820753,0.0,0.0,0.0,0.0,0,0.9387290780721618,0.723768168490946,False,False,False,False,0.28437830136625386,0.3122637708713911,False,False,False,False,202442,182241.11900625666,False,False,False,False,5526.597214815701,False,False,False,False
2025-03-11 00:00:00+00:00,66.8838886797,67.4546325097,66.8838886797,67.4255782508,936,,,,,,,67.53548819908386,64.49779117477587,64.74723771179772,64.86476520732784,64.79144140969149,64.7969575203452,64.70730902506642,64.44252691521177,64.248313337975,63.871435841295074,62.100254156683086,61.32973746457712,60.81771135171583,60.70300472507871,60.49595006224846,60.1895112153973,60.1073442688162,59.26879978853522,58.071355627358265,55.97126082675367,54.64373267430753,54.64199985383181,,,,,,65.82184996307001,64.43899094971118,64.50346876565013,64.8387891393315,64.84648726246145,64.79030312963549,64.78645473996161,64.61863729573459,64.58164281411815,64.287225610355,64.03733578466836,62.856348137158705,61.733811290496085,61.25523032825768,60.79895895021557,60.55370926135291,60.278106394519966,60.20379313110981,56.22475429420806,56.14010847128804,56.07405442444855,55.92087673868692,54.6596574133816,54.58268206929412,54.67775615856883,54.941302503821646,,64.58164281411815,62.856348137158705,56.22475429420806,,,54.64373267430753,64.80915079779864,"rgba(38, 166, 154, 1.0)",1.8826925737485556,64.80915079779864,1.1020056650940238,60.21360005239298,15.386029735791965,True,False,True,False,False,4.7936636038541245,0.0,0.0,0.0,0.0,0,0.8971222840299218,0.7518901921993424,False,False,False,False,0.1972246388168951,0.2547442048441431,False,False,False,False,201506,182996.60453542307,False,False,False,False,5346.57379462685,False,False,False,False
2025-03-12 00:00:00+00:00,67.3270892379,67.3861826457,67.2876936327,67.3664848431,2394,,,,,,,67.53087198589792,64.51740150877433,64.75992852001157,64.87635808152913,64.80136370765618,64.80586078453102,64.71575819167059,64.45067827581734,64.25647158811212,63.87963197477193,62.10967431392496,61.33912765037796,60.824863928663305,60.70996919593785,60.50205596223711,60.19547579310536,60.11325025404302,59.27454252842399,58.076948955785404,55.97687934830922,54.64891786322498,54.6469397409265,,,,,,65.84150480186429,64.46189113856283,64.52264240676985,64.85064570479481,64.85825940680415,64.80072231569814,64.79528445843935,64.62669916461634,64.58968231852515,64.29535566212495,64.0456615184896,62.865262914017705,61.74341025989598,61.264497335040666,60.806023757849,60.56046866083507,60.28411666788555,60.20976668607731,56.23039923105108,56.14575750647273,56.079696855477295,55.92646801281799,54.66485994075381,54.58776675674852,54.68256009603699,54.94577157602686,,64.58968231852515,62.865262914017705,56.23039923105108,,,54.64891786322498,64.82015207703448,"rgba(38, 166, 154, 1.0)",1.906173736063568,64.82015207703448,1.3151671924945232,58.065677166702486,13.533260949179969,False,False,True,False,False,6.067631806740831,0.0,0.0,0.0,0.0,0,0.8910043501696174,0.7465080730561267,False,False,False,False,0.21291910278825296,0.23383165381619803,False,False,False,False,203900,183816.34553403396,False,False,False,False,5230.786586994424,False,False,False,False
2025-03-13 00:00:00+00:00,67.0500396445,67.0500396445,66.9232842849,66.9232842849,695,,,,,,,67.52742172662403,64.52239099692395,64.76312595888746,64.87925962754082,64.80386093480642,64.80810209415573,64.71789683018217,64.45276958101809,64.25858197292347,63.881780325207686,62.11223252726774,61.34170031629689,60.82683363459661,60.71188897121767,60.50374206316918,60.197126536038866,60.11488570861615,59.27614081716424,58.078514366428806,55.97846264314296,54.650383726697264,54.648336297753474,,,,,,65.84589013115075,64.46772486441631,64.52752048445691,64.85361772892534,64.86120897189551,64.80334403993594,64.79750874897853,64.62874997285583,64.59173134063948,64.29745549813397,64.047831915301,62.86765605577814,61.746028685946285,61.26703817726772,60.80796963112087,60.56233416419732,60.28577902055241,60.211419748637134,56.23198886868389,56.147348669251045,56.08128644522349,55.92804384434372,54.66633065347171,54.589204408347626,54.68391813459913,54.94703427175188,,64.59173134063948,62.86765605577814,56.23198886868389,,,54.650383726697264,64.82279967098759,"rgba(38, 166, 154, 1.0)",1.9205913541005084,64.82279967098759,1.1596636466977739,55.79766460835409,11.507340234429627,False,False,True,False,False,5.140027180393854,0.0,0.0,0.0,0.0,0,0.8871214001730328,0.7459327402934073,False,False,False,False,0.1802417375910457,0.20703669570362188,False,False,False,False,203205,184576.68492485618,False,False,False,False,5052.912603190722,False,False,False,False
2025-03-14 00:00:00+00:00,67.7505919935,67.7505919935,67.716416306,67.716416306,305,,,,,,,67.52803298034468,64.52521683916879,64.76498256973322,64.88096716832824,64.8053181601433,64.80941082501825,64.71913348560271,64.45394868396134,64.25975321423427,63.88294257051489,62.113521957437634,61.342974235235175,60.82779988250498,60.712828924711204,60.50456491014577,60.19792848094008,60.11567931282852,59.276908349145984,58.07925742938407,55.979203394996446,54.6510649783418,54.64898533877798,,,,,,65.84900915686514,64.4710113172543,64.53028468917292,64.85536137994747,64.86294101152771,64.80487370107619,64.79880601231218,64.62992520492989,64.59290134205436,64.29862438543991,64.04901849889241,62.868890793940366,61.747336572962475,61.26829448783444,60.80892388709779,60.563245359746254,60.28658763271785,60.21222298323598,56.23273367199968,56.148093818934925,56.082030575365664,55.92878089721414,54.66701420759132,54.58987236749635,54.68454937885618,54.9476219207011,,64.59290134205436,62.868890793940366,56.23273367199968,,,54.6510649783418,64.82447603130036,"rgba(0, 255, 255, 0.75)",1.9463302518892402,64.82447603130036,1.5034015729649912,56.15146123809703,11.507340234429627,False,False,True,False,False,7.143412269929396,0.0,0.0,0.0,0.0,0,0.9103252865614088,0.7475823349165525,False,False,False,False,0.25046763633435754,0.2287521660189897,False,False,False,False,203510,185319.16786897945,False,False,False,False,4866.719952085204,False,False,False,False
2025-03-17 00:00:00+00:00,68.8832156422,68.8832156422,68.8832156422,68.8832156422,79,,,,,,,67.52904535309091,64.52620821465706,64.76564791204179,64.88158600812594,64.8058424556544,64.80988190782107,64.71957490852924,64.45436025615007,64.26015616013117,63.88333277115861,62.11392374261344,61.34336312061615,60.828091532048184,60.713111980475354,60.50481170812258,60.19816767656937,60.11591568496766,59.277134002931255,58.079472667485014,55.979413910034694,54.651256844826456,54.64916813175551,,,,,,65.85030330605173,64.47215908402119,64.531254864472,64.85599169709975,64.86356760180934,64.80542401785793,64.79927249762993,64.63034141270128,64.59331438908706,64.29902764407362,64.04942096232342,62.86928560913747,61.74773990592362,61.268677328856384,60.80921180638108,60.56351895685356,60.286829194261685,60.21246262336043,56.23294575143549,56.148305857003685,56.08224221563735,55.928990281905875,54.667206741363486,54.59006042023138,54.68472719883258,54.94778773479583,,64.59331438908706,62.86928560913747,56.23294575143549,,,54.651256844826456,64.82511903266644,"rgba(0, 255, 0, 1.0)",1.9956743726356139,64.82511903266644,2.033446270181936,58.826300797175044,11.507340234429627,False,False,True,False,False,10.208702883615135,0.0,0.0,0.0,0.0,0,0.9235110661833372,0.7432998846793862,False,False,False,False,0.34282824461708067,0.2857902053180352,False,False,False,False,203589,186035.6318741175,False,False,False,False,4678.966228474019,False,False,False,False
2025-03-18 00:00:00+00:00,69.1146648226,69.1146648226,68.5877486034,68.6369931099,8207,,,,,,68.93902608286668,67.63058900820305,64.6280862070404,64.83453703599255,64.945731025999,64.86032025571242,64.8588968276329,64.76553620836609,64.49723774722332,64.30213818136943,63.92398887535334,62.15574738896283,61.38384295293151,60.85848436332976,60.74261120947551,60.53054187264996,60.223104418917096,60.14055809116091,59.300654535654985,58.10190155133515,56.0013405603908,54.671239010137015,54.668206589918114,,,,,,65.98135609511075,64.58969690899978,64.63100277819109,64.92130808650158,64.92850370446143,64.86256786281425,64.84781453126011,64.67370193738252,64.6363478827818,64.34104297284635,64.09134790461397,62.91039894778145,61.78971942907089,61.308530523651754,60.839217138048284,60.59203419872161,60.3120127745173,60.23744571584574,56.25503620923097,56.170391626360164,56.1042863243178,55.95079917725659,54.68725835966429,54.60964573621118,54.703248501680264,54.96506094131366,,64.6363478827818,62.91039894778145,56.25503620923097,,68.93902608286668,54.671239010137015,65.13377206703777,"rgba(0, 255, 255, 0.75)",2.0537181901505503,65.13377206703777,1.9383831601892825,61.04806331198506,11.507340234429627,False,False,True,False,True,10.813303532664474,-1.0,69.11466,68.587746,830.0,0,0.9160211137639256,0.7500532735813785,False,False,False,False,0.3396951419742001,0.31274267364611763,False,False,False,False,211796,187045.842388858,False,True,False,False,4817.320494024058,False,False,False,False
2025-03-19 00:00:00+00:00,68.8930645435,69.0604958655,68.6468420112,68.7551799254,1827,,,,,,68.92587523779036,67.65009549830035,64.64975957162653,64.84929998128717,64.95948232551757,64.87204165809472,64.86945997995677,64.77545723012692,64.50651817580041,64.31123770282355,63.932821636072234,62.1648898999271,61.39271013233349,60.865159089869465,60.74909179264665,60.53619942258611,60.22859051638632,60.1459802578248,59.30583586038307,58.10684875905822,56.00618447169759,54.67565725343568,54.67241651662556,,,,,,66.00835532425911,64.6146050885759,64.65223481938364,64.9353088152431,64.94242355620624,64.8748529929808,64.85827815061113,64.68307469049019,64.64565318215607,64.35014757126307,64.10044619653942,62.9193669634229,61.79890434577118,61.317262700579356,60.84580736062639,60.59830101237647,60.31755230725467,60.24294186743566,56.25991548130718,56.175270118965145,56.10915582943577,55.95561727210887,54.691691899423176,54.61397650533426,54.70734418503879,54.96888056641968,,64.64565318215607,62.9193669634229,56.25991548130718,,68.92587523779036,54.67565725343568,65.14670807762468,"rgba(0, 255, 255, 0.75)",2.095736054026406,65.14670807762468,1.787608920826496,61.71632701372239,5.841084285836828,True,False,True,False,True,10.038032215399138,0.0,0.0,0.0,0.0,0,0.910090103568317,0.7639335358946872,False,False,False,False,0.33993592123779076,0.3263392974419542,False,False,False,False,209969,187944.7897461577,False,False,False,False,4700.053023670173,False,False,False,False
2025-03-20 00:00:00+00:00,68.3907705775,68.3907705775,68.0756057362,68.0756057362,820,,,,,,68.87751234134112,67.65456536244271,64.65808469279224,64.85493755207494,64.96470970616514,64.87651821378721,64.87349632676994,64.77926422018919,64.51011725262718,64.31479055278149,63.936310046627014,62.16863009843178,61.39637421453968,60.867933953238186,60.751789101787665,60.53855922058905,60.23088505690066,60.14824965267471,59.30801830915664,58.10894786977037,56.00825916814403,54.67755820771894,54.67422789879561,,,,,,66.01787946030487,64.62417551501774,64.66039084777903,64.94063640907733,64.94771881703063,64.87954331162561,64.86227854735363,64.68668540269286,64.64924322048486,64.35369783211021,64.10402199323086,62.922990838195744,61.802680717154246,61.320874192496,60.8485476607934,60.60091316796457,60.319867415021946,60.245240329761046,56.26200330134766,56.17735828619056,56.11124067612501,55.95768130395811,54.69359933894579,54.615840188236035,54.70910624551892,54.97052257096301,,64.64924322048486,62.922990838195744,56.26200330134766,,68.87751234134112,54.67755820771894,65.14931227922239,"rgba(0, 255, 255, 0.75)",2.1300118001545147,65.14931227922239,1.521802976886081,60.37623644103036,5.841084285836828,False,False,True,False,True,8.297458469930323,0.0,0.0,0.0,0.0,0,0.8889486928067709,0.7785868485373851,False,False,False,False,0.2803665442600844,0.3033529208510193,False,False,False,False,209149,188776.32740317113,False,False,False,False,4547.8940815654605,False,False,False,False
2025-03-21 00:00:00+00:00,67.8884766116,67.8884766116,67.8884766116,67.8884766116,24,,,,,,68.87533024375757,67.65461349686879,64.65830116165642,64.85508320273198,64.96484418426918,64.8766338121387,64.87360058370653,64.7793629109847,64.51021141614225,64.31488405011007,63.936402744964106,62.16873239442769,61.396475217145294,60.868010789892104,60.75186385733157,60.538624725855115,60.23094888348298,60.148312813430714,59.308079344068524,58.10900689648426,56.00831791605242,54.67761221350711,54.67427936058418,,,,,,66.01810839854815,64.62442456601902,64.66060291316174,64.94077359662069,64.94785513388386,64.87966440784639,64.86238192185463,64.68677932084769,64.64933672171932,64.35379115775471,64.10411662549429,62.923088977922106,61.802784410480704,61.320973812815936,60.84862355201435,60.60098564395432,60.31993177601882,60.24530425944822,56.262062378868386,56.177417387720254,56.111299694616775,55.95773975799505,54.69365352701968,54.61589314252153,54.70915630237028,54.97056918995629,,64.64933672171932,62.923088977922106,56.262062378868386,,68.87533024375757,54.67761221350711,65.14932916003113,"rgba(38, 166, 154, 1.0)",2.155342058658701,65.14932916003113,1.2708643811616043,57.83915982971648,5.841084285836828,False,False,True,False,False,6.593308950048819,0.0,0.0,0.0,0.0,0,0.8854061987277992,0.7861963082776864,False,False,False,False,0.2481156952356656,0.2757343080433424,False,False,False,False,209125,189574.3145638311,False,False,False,False,4370.486470523678,False,False,False,False
2025-03-24 00:00:00+00:00,68.2331881569,68.4271130233,68.2331881569,68.4271130233,233,,,,,,68.86321993790925,67.65589594448859,64.66066734067985,64.85668722428854,64.9663318078846,64.87790808816617,64.87474974824393,64.78044681442569,64.51123605355285,64.31589544691494,63.93739565777112,62.169796390591124,61.3975174401263,60.868800148830736,60.75263115182432,60.53929602808547,60.2316015999581,60.14895837217512,59.30870011326891,58.10960389592338,56.00890788137179,54.67815274224288,54.674794424306995,,,,,,66.0208139064998,64.62714344598926,64.6629211771586,64.94228966174201,64.94936202230575,64.88099942278421,64.86352085993583,64.687807363472,64.65035886462996,64.35480183687275,64.1051344523593,62.924120080757554,61.80385861866971,61.322001075624364,60.849403081399835,60.601728709711374,60.32059034911878,60.24595809242142,56.26265608468538,56.17801118903021,56.111892549426166,55.958326689558625,54.694195899909545,54.616423073547736,54.70965734490357,54.9710361067654,,64.65035886462996,62.924120080757554,56.26265608468538,,68.86321993790925,54.67815274224288,65.15015284839724,"rgba(38, 166, 154, 1.0)",2.185613990649785,65.15015284839724,1.4106037578878095,57.10204954355401,5.841084285836828,False,False,True,False,False,7.559512084847537,0.0,0.0,0.0,0.0,0,0.8864039878411045,0.7760959340659669,False,False,False,False,0.28953888821250046,0.2826365981279214,False,False,False,False,209358,190350.1453652495,False,False,False,False,4208.232099130592,False,False,False,False
2025-03-25 00:00:00+00:00,69.080193668,69.080193668,69.080193668,69.080193668,108,,,,,,68.86530864125623,67.6572110180471,64.66199876095608,64.85759913509223,64.96718272513249,64.87863346550985,64.87540382922039,64.78106069775743,64.51180889509433,64.31645614987237,63.93793828799141,62.17035239654956,61.39805518499037,60.86920450084567,60.753023627286005,60.53963852352777,60.23193345211953,60.14928629173299,59.30901286333468,58.109901840802515,56.0091987308778,54.67841766461095,54.67504686315073,,,,,,66.02249591981813,64.62867065210652,64.6642258037885,64.94315565915052,64.95022312384319,64.88175948341718,64.8641687297692,64.6883869104181,64.65093403574718,64.35536304792116,64.10569407132226,62.92466744632749,61.80441638654921,61.32253052026924,60.84980230004377,60.60210809473794,60.32092550833386,60.246290564496846,56.26294914703153,56.17830417370678,56.112184970999834,55.95861597263559,54.694461743088205,54.61668273849961,54.70990294635002,54.97126522543804,,64.65093403574718,62.92466744632749,56.26294914703153,,68.86530864125623,54.67841766461095,65.15110233419593,"rgba(0, 255, 255, 0.75)",2.2315459626006207,65.15110233419593,1.7607037451405028,58.69253907510531,5.841084285836828,False,False,True,False,False,9.866157761963432,0.0,0.0,0.0,0.0,0,0.908527263843216,0.7690060356257739,False,False,False,False,0.3428282448659268,0.3127324214969241,False,False,False,False,209466,191099.78672347503,False,False,False,False,4047.4386834784123,False,False,False,False
2025-03-26 00:00:00+00:00,68.2282637062,68.2282637062,68.2282637062,68.2282637062,86,,,,,,68.86046247899044,67.65763056536787,64.66285407099755,64.85817855681039,64.96771975986726,64.87909381778886,64.87581902792304,64.7814525615509,64.51217989822236,64.31682271013885,63.93829872796754,62.17074049884602,61.398435854588094,60.86949305192927,60.753304156535556,60.53988402878551,60.23217224585285,60.14952248862638,59.30924017852852,58.110120658004654,56.00941522942952,54.678616135713696,54.67523598508693,,,,,,66.0234611712092,64.629653416866,64.66506380940862,64.94370303819197,64.95076716756964,64.88224174843089,64.86458026561381,64.68875879254682,64.65130386247839,64.35572928167538,64.10606330215973,62.92504292742362,61.8048084751439,61.3229057704362,60.85008726601027,60.60237981863894,60.321166420372755,60.24652976282585,56.263166991397135,56.178522062131,56.11240251910678,55.95883136314494,54.69466089003614,54.616877323279795,54.71008691793967,54.97143665025232,,64.65130386247839,62.92504292742362,56.263166991397135,,68.86046247899044,54.678616135713696,65.15137380008242,"rgba(38, 166, 154, 1.0)",2.259168701271534,65.15137380008242,1.3619566809622483,56.97375275179696,5.841084285836828,False,True,True,False,False,6.988080274441849,0.0,0.0,0.0,0.0,0,0.923838925810482,0.7647434102311544,False,False,False,False,0.2622330287671246,0.28748272513202433,False,False,False,False,209380,191816.65783235838,False,False,False,False,3892.088146871416,False,False,False,False
2025-03-27 00:00:00+00:00,68.4141124736,68.4141124736,68.2071553486,68.2367206522,1043,,,,,,68.81693355532556,67.66370223859538,64.67353355774102,64.86543303386426,64.97445175094379,64.88486133235767,64.88102159286733,64.78635885817235,64.51681481447163,64.32139551563806,63.94278424391012,62.1755341414065,61.403128142057525,60.8730463186533,60.75675787789586,60.5429054844649,60.23510948859583,60.15242738512877,59.312032224082635,58.11280434169727,56.01206539965804,54.68104346826596,54.6775489919941,,,,,,66.03571769663134,64.64191539474322,64.67552808203317,64.95056278935374,64.95758568427138,64.88828345919897,64.86973645502553,64.6934114377203,64.65592934546306,64.36029929421304,64.11066284067283,62.92969275390718,61.80964632488739,61.32753048928963,60.85359626783706,60.60572419752153,60.32413017590735,60.249472054434825,56.26583415447392,56.18118958772686,56.115065743149145,55.96146787244257,54.697096510820366,54.61925704419098,54.71233699464558,54.97353364571804,,64.65592934546306,62.92969275390718,56.26583415447392,,68.81693355532556,54.68104346826596,65.15567379443155,"rgba(38, 166, 154, 1.0)",2.289136275086948,65.15567379443155,1.4234358673315264,56.313009571272374,5.841084285836828,False,True,True,False,False,7.497665061972402,0.0,0.0,0.0,0.0,0,0.9188384546974915,0.7609364007508287,False,False,False,False,0.26120551987063945,0.2743441225013319,False,False,False,False,210423,192546.3183095208,False,False,False,False,3780.359199935282,False,False,False,False
2025-03-28 00:00:00+00:00,68.0001982236,68.0001982236,68.0001982236,68.0001982236,263,,,,,,68.79990069573917,67.66444993163923,64.67596462742692,64.86707668368572,64.97597175897064,64.88616795531107,64.88220061485247,64.7874741812051,64.51787663082037,64.32244823867865,63.943825351494816,62.17667420522623,61.404251595833486,60.87390043139654,60.75758869945251,60.5436333313976,60.23581831357758,60.15312872515027,59.31270911305977,58.11345802558905,56.012714794785495,54.68163995431668,54.678117393721934,,,,,,66.03832931148743,64.6447077702854,64.67791019590769,64.95211284108798,64.95912607261413,64.8896519124672,64.87090541344898,64.69447212739969,64.65698498715876,64.3613503975535,64.11172672571091,62.93078938233647,61.81080077003729,61.32863841251654,60.85443985397582,60.60652948664924,60.32484503988478,60.25018204074408,56.26648731361461,56.181842970497186,56.11571817648466,55.9621139976603,54.69769501475551,54.619841901584145,54.71288989817842,54.974048677151075,,64.65698498715876,62.93078938233647,56.26648731361461,,68.79990069573917,54.68163995431668,65.15625411738701,"rgba(38, 166, 154, 1.0)",2.3108630411905406,65.15625411738701,1.230684837448353,54.566164271902394,9.800626355539613,False,True,True,False,False,6.116438527028965,0.0,0.0,0.0,0.0,0,0.897217462687476,0.7744645716310561,False,False,False,False,0.22514999694109536,0.24974705972121364,False,False,False,False,210160,193237.05092483375,False,False,False,False,3642.4235450358597,False,False,False,False
2025-03-31 00:00:00+00:00,66.6697595627,66.689469765,66.6155565061,66.6155565061,305,,,,,,68.74932777694873,67.66186380966727,64.67764317387768,64.86816517478269,64.97695126115572,64.88702947443261,64.88297881919671,64.78822679186666,64.51863299453338,64.32322313896982,63.94463284840138,62.177691239773004,61.40528901284287,60.87470421353693,60.75837348457359,60.544325359745386,60.23649812899866,60.153802845732976,59.31337273184624,58.11411311238137,56.01338351165092,54.682261938735195,54.67871011355242,,,,,,66.03928360274746,64.64664751862533,64.67955433921686,64.953117927553,64.96012308571166,64.89055339440885,64.87167908729165,64.69520235748696,64.65771731860448,64.36211934921162,64.11253424520172,62.9317240514198,61.811848883867974,61.32966445932504,60.85523423447881,60.607293698050555,60.32552898281245,60.25086270580224,56.26715807063619,56.182514578303206,56.11638928688994,55.96277970058719,54.69831901864489,54.62045207726295,54.71346628905285,54.97458438025011,,64.65771731860448,62.9317240514198,56.26715807063619,,68.74932777694873,54.682261938735195,65.15450201981446,"rgba(38, 166, 154, 0.5)",2.3158783355645753,65.15450201981446,0.6542906505993715,49.97525487094607,5.371051626593918,False,True,False,False,False,1.893900678454635,0.0,0.0,0.0,0.0,0,0.8896409357873138,0.7882310233419101,False,False,False,False,0.0572152749023307,0.15348116731177217,False,False,False,False,209855,193888.73520229125,False,False,False,False,3511.5441903285714,False,False,False,False
2025-04-01 00:00:00+00:00,66.7486003722,67.5271533663,66.4923677412,66.8077309793,60174,,,,,,67.24549593934728,67.41316238078298,64.99901587985819,65.08811921877073,65.1774339848266,65.06519320437063,65.0452752365408,64.94518239328767,64.67531753111382,64.48291041460661,64.10972886304987,62.381034003138055,61.61216511938306,61.036087278607404,60.91598777126236,60.68363552743198,60.37327214236258,60.289421409644014,59.4466258088286,58.24536111461371,56.14692983603375,54.80640552344659,54.797069047364474,,,,,,66.24507946480506,65.01014870328282,64.99526405223237,65.15819628230913,65.16375078968625,65.07623805768424,65.03305463072918,64.84744840160585,64.81022855742869,64.52076437759868,64.27799348685441,63.11985568573259,62.02094935158032,61.5343267959351,61.01477047725007,60.760810959042445,60.46315273373264,60.38780996362068,56.40114571328512,56.316656833278586,56.25042328448994,56.09572395432175,54.82286345565666,54.74225503984546,54.828599413723246,55.08169256087404,,64.81022855742869,63.11985568573259,56.40114571328512,,67.24549593934728,54.80640552344659,65.24986397504337,"rgba(38, 166, 154, 0.5)",2.317255701295992,65.24986397504337,0.646772126320985,47.170214223573524,2.7619190899640245,False,True,False,True,False,2.123295465794012,0.0,0.0,0.0,0.0,0,0.8851680822541779,0.7922981332571817,False,False,False,False,0.04247109639218191,0.09797613185197704,False,False,False,False,270029,196874.62793945632,False,False,False,False,5733.601280903921,False,False,False,False
2025-04-02 00:00:00+00:00,66.788020777,66.8077309793,66.5514983484,66.6796146638,2170,,,,,,67.23022157563946,67.40480164695705,65.00783241691043,65.0943788713152,65.18312873017558,65.07038626105995,65.05005474256433,64.94986511022128,64.68010197893909,64.48784590725931,64.1149283738537,62.38772255208086,61.619056619965924,61.041547391966844,60.92133058733481,60.68838287252982,60.377947482351125,60.294061226886804,59.45121344894826,58.24991002116494,56.15159341995557,54.8107597093356,54.801222464084994,,,,,,66.24900051493215,65.01991559774515,65.00395230365224,65.16402281775926,65.16953613145884,65.08162269203149,65.03781556254586,64.8520420324378,64.81484435771948,64.52565765772643,64.28315857830334,63.12595810535153,62.027865891505506,61.54115516519988,61.02017105525583,60.76602654442557,60.467852972221465,60.392490539442015,56.40582086217068,56.321338540941255,56.25510221575556,56.10036748578487,54.827231386950096,54.74652860055379,54.83264044846282,55.08545236004863,,64.81484435771948,63.12595810535153,56.40582086217068,,67.23022157563946,54.8107597093356,65.25385134545252,"rgba(38, 166, 154, 0.5)",2.321209165857186,65.25385134545252,0.660935453001685,45.43794685945728,1.1547295034734617,False,True,False,True,False,2.239779892401483,0.0,0.0,0.0,0.0,0,0.8783340207509425,0.8411329666551423,False,False,False,False,-0.007694040409392438,0.0451410457212923,False,False,False,False,272199,199828.52488300705,False,False,False,False,5593.852211064552,False,False,False,False
2025-04-03 00:00:00+00:00,66.0506621058,66.6525131356,66.0506621058,66.6525131356,1113,,,,,,67.21595523861097,67.39775221592517,65.01109916109971,65.09665643138283,65.18515302023032,65.07228882053566,65.05181495786077,64.95162809095793,64.68198931037499,64.48984289469767,64.11711235219882,62.39077782766519,61.6222626132748,61.04411492365723,60.92384776184178,60.69062749002557,60.38016726279414,60.29626646790946,59.45341391782326,58.252113372685415,56.15387869404825,54.812904667605544,54.80326863901765,,,,,,66.24901020969727,65.02352160833165,65.00717465964247,65.16610492089372,65.17160040612424,65.08358969221518,65.03957396724996,64.85380436755877,64.81662679910181,64.52762850540394,64.28529507930664,63.12867609219835,62.031054804678526,61.544336740762425,61.022711495121364,60.768489534979146,60.47008198544318,60.39471239311257,56.40810916389341,56.32363094215369,56.25739394685549,56.102643452473245,54.82938299003368,54.74863432762193,54.834631070747086,55.08730285446108,,64.81662679910181,63.12867609219835,56.40810916389341,,67.21595523861097,54.812904667605544,65.25464076389476,#000000,2.313403356413243,65.25464076389476,0.34409102921827517,42.50588725687487,-1.6049317489874682,False,True,False,True,False,0.0,0.0,0.0,0.0,0.0,0,0.8458591722299527,0.8448779828036984,False,False,False,False,-0.0538901653824414,-0.00437455983057455,False,False,False,False,271086,202622.93567190875,False,False,False,False,5418.132516513001,False,False,False,False
2025-04-04 00:00:00+00:00,61.9393109906,62.7375741871,61.8309048775,62.7375741871,3522,,,,,,66.99348263299632,67.29855946316086,64.98766844532108,65.0785325163247,65.16717452711075,65.057563516867,65.03851029816931,64.93975175118048,64.67247418227691,64.48155673228896,64.11083144198628,62.390224892778434,61.623457991070204,61.04586689778669,60.92570620911168,60.69251305992489,60.38230440912126,60.29845793717028,59.45619207948273,58.25552377485933,56.15818274274911,54.817266536450546,54.807431723193936,,,,,,66.19481158482222,64.99731431715229,64.98416287271941,65.14805378880408,65.15357926130115,65.06816297723678,65.0264722482314,64.84314739257913,64.80627215638683,64.51913580108229,64.27805107899121,63.12604304372036,62.031384241227165,61.54566966603525,61.024470780193845,60.77047705573454,60.47215180281143,60.396839402585556,56.412343270030675,56.32789823571122,56.26167976547928,56.106944693725765,54.83375485320384,54.7529297741537,54.838675037242275,55.09101493064596,,64.80627215638683,63.12604304372036,56.412343270030675,,66.99348263299632,54.817266536450546,65.2228193233006,"rgba(239, 83, 80, 1.0)",2.341476867390136,65.2228193233006,-1.4023236267802521,35.20253814307068,-8.343535721116325,False,True,False,True,False,0.0,0.0,0.0,0.0,0.0,0,0.8358339796090724,0.8940860579491366,False,False,False,False,-0.34282825441539394,-0.17360140712298425,False,False,False,False,267564,205169.64407693196,False,False,False,False,5343.77437861053,False,False,False,False
2025-04-07 00:00:00+00:00,60.3526396987,60.7074233416,60.3526396987,60.7074233416,786,,,,,,66.92993918123051,67.26977395627134,64.97937281986157,65.07217507615357,65.16093506662861,65.05237728345142,65.0338102564378,64.93549886164028,64.66892647494056,64.47836328590101,64.10821397522783,62.38915630180613,61.622896165947076,61.04566716823458,60.92555480068421,60.69245000999903,60.3823280212211,60.29850295283274,59.456423673494896,58.255954134846675,56.158871282001925,54.81801455635664,54.80814596415373,,,,,60.470900913,66.17789177711916,64.9880582333381,64.97601038658792,65.14177505573961,65.14731501123772,65.06273853622797,65.02183635683376,64.83927733745156,64.80249119610453,64.51588504060409,64.2751446627245,63.12441783767107,62.03055458487164,61.54515831594892,61.024281284449664,60.77038222555352,60.472151462852466,60.39685920830179,56.413008828063596,56.32857307239104,56.2623606502755,56.1076350795809,54.834504078335435,54.753668335629996,54.839367966703904,55.091644174305166,60.470900913,64.80249119610453,63.12441783767107,56.413008828063596,,66.92993918123051,54.81801455635664,65.01234944104301,"rgba(255, 0, 0, 1.0)",2.4007337686809387,65.01234944104301,-1.9409523051376274,29.25743859935971,-13.58030190268277,False,True,False,True,False,0.0,1.0,60.707424,60.35264,0.0,0,0.8227533078148805,0.9207207495908635,True,False,False,False,-0.34282825441539394,-0.2582148307691891,False,False,False,False,266778,207585.65803469933,False,False,False,False,5165.038128468941,False,False,False,False
2025-04-08 00:00:00+00:00,60.9932212762,62.3532252406,60.9932212762,62.3532252406,1628,,,,,,66.82148265847631,67.21936345459558,64.96598452067335,65.0618431998098,65.1507416856024,65.04395217701335,65.02618100105222,64.92863515447523,64.6633006748053,64.47337143001,64.1042555192121,62.388070571042654,61.62271830372279,61.045955401133426,60.9259138017166,60.69289412902436,60.38291516552867,60.29912336051215,59.457364034088364,58.25723739281065,56.16061924178842,54.819830558110475,54.809879547417715,,,,,61.128882010474726,66.14910007693905,64.97312145711592,64.96285459040213,65.13152900204655,65.13708924775102,65.05392240899658,65.01431635511123,64.83306868877864,64.79644005247476,64.51078853095348,64.27067912974339,63.12229332917201,62.02991218591833,61.54506124376269,61.02458047375529,60.77082526748975,60.472699656703384,60.39744031140566,56.41471794868617,56.330299179143054,56.2640970096492,56.10938393760024,54.83632378596226,54.75545842166851,54.84105120973524,55.09318332788494,61.128882010474726,64.79644005247476,63.12229332917201,56.41471794868617,,66.82148265847631,54.819830558110475,65.02862984737739,"rgba(255, 0, 0, 1.0)",2.4401565107531904,65.02862984737739,-1.6537498940720798,27.0867804675065,-15.277125341446663,False,True,False,True,False,0.0,0.0,0.0,0.0,0.0,0,0.8285133375205662,0.886015057745627,False,False,False,False,-0.2466375271350707,-0.25242617895212993,False,False,False,False,268406,209970.76948431897,False,False,False,False,5026.330750881924,False,False,False,False
2025-04-09 00:00:00+00:00,64.1764189611,64.1764189611,61.1755406482,61.1755406482,1332,,,,,,66.76342961253194,67.19092723745725,64.96045193373969,65.05745676221143,65.14631793792981,65.04038825676427,65.02296734530024,64.92581887026702,64.66117938182902,64.47162622002645,64.10312753310053,62.388812550935874,61.62399918649103,61.047207759186946,60.92718170343848,60.69409011184552,60.38417544768283,60.30039485174451,59.458801153459326,58.258855529856746,56.1625161980925,54.821703242431354,54.811666727604766,,,,,61.856839631218264,66.13437127202788,64.96694171969403,64.95742214387431,65.1271029313485,65.13266597786622,65.05018422772747,65.01115843344601,64.83059151553715,64.79405316126147,64.50897777047027,64.26926714668825,63.12234904131394,62.030942851619386,61.54637398398763,61.025826995260246,60.77211403044037,60.47394348212207,60.3986983152493,56.41659581609935,56.332187712871374,56.265990637596786,56.11127738727351,54.838201256669365,54.75730072740468,54.84278820639682,55.09478474959912,61.856839631218264,64.79405316126147,63.12234904131394,56.41659581609935,,66.76342961253194,54.821703242431354,65.0569623061251,#000000,2.4099048097073066,65.0569623061251,-0.36538511458137174,32.39716567954903,-15.277125341446663,False,True,False,True,True,0.0,0.0,0.0,0.0,0.0,0,0.852566654020133,0.842994422881412,False,False,False,False,-0.16585522538551942,-0.2091407021688247,False,False,False,False,269738,212314.58244571823,False,False,False,False,4881.455035161064,False,False,False,False
2025-04-10 00:00:00+00:00,64.9648270565,64.9648270565,64.0285924432,64.0285924432,123,,,,,,66.76033026515672,67.18927989586737,64.96036412891591,65.0573698492117,65.14621585178395,65.04031996884898,65.02290797023548,64.9257783542546,64.66117827153683,64.47164871809632,64.10318920835864,62.38900936793191,61.62422978424685,61.04740349119305,60.92737553869176,60.694266162349024,60.38435328773849,60.30057246707796,59.45898649697703,58.259049753178104,56.1627281844449,54.821906685261304,54.81186084875378,,,,,61.94572483002011,66.13369376125527,64.96684197669883,64.957336627304,65.12700380368452,65.13256603525093,65.05011118121664,65.01110158448635,64.83056696698792,64.79403394226541,64.50899578021769,64.2693128225257,63.12249528148381,62.03116053110053,61.54660483405921,61.026021023546676,60.77230602361972,60.4741210152625,60.39887615461045,56.4168070394479,56.33239966669934,56.26620280229029,56.11148871542325,54.8384052798683,54.75750064119367,54.84297698347811,55.094959611236355,61.94572483002011,64.79403394226541,63.12249528148381,56.4168070394479,,66.76033026515672,54.821906685261304,65.06108605225997,#000000,2.3693647053621816,65.06108605225997,-0.040626500235325054,37.20475476404697,-21.552308529304582,False,True,False,True,True,0.0,0.0,0.0,0.0,0.0,0,0.9228559602046595,0.8283041554179077,False,False,False,False,-0.023810586186756817,-0.11647564417779076,False,False,False,False,269861,214571.3047027489,False,False,False,False,4694.848955350827,False,False,False,False
2025-04-11 00:00:00+00:00,66.1375840983,66.1375840983,66.1375840983,66.1375840983,197,,,,,,66.75886909872385,67.18818779799207,64.96090191161124,65.05774126871951,65.14654415197266,65.04062947245644,65.02319421942202,64.92606625554124,64.66148962785503,64.47198008216536,64.10355477430251,62.389531241399276,61.62478008395817,61.047846026520126,60.927809669298455,60.694653851002236,60.38473716356556,60.30095395389298,59.459368178732106,58.25943303781265,56.16312706116469,54.82228171866916,54.81221865122575,,,,,62.14882278276264,66.13369660839679,64.96743693658006,64.9578669679222,65.1273419298966,65.13290113539482,65.05043120679791,65.01138768468878,64.83085585948884,64.79432655666503,64.50932245934607,64.26966915883617,63.122956659122515,62.03170652029957,61.54715120916912,61.026458953326646,60.77273113424749,60.47450635245599,60.39926036703516,56.41720630493865,56.332799692323604,56.2666027474431,56.111885998800155,54.838781466020244,54.75786885476687,54.84332508094276,55.095283167520115,62.14882278276264,64.79432655666503,63.122956659122515,56.41720630493865,,66.75886909872385,54.82228171866916,65.07140069661169,#000000,2.338110909288685,65.07140069661169,0.456002064509706,42.15463477284521,-17.161596526027907,False,True,False,True,True,0.940283751829007,0.0,0.0,0.0,0.0,0,0.9436266758223039,0.8342566702453209,False,False,False,False,0.10322052505493248,-0.0066275595614291374,False,False,False,False,270058,216747.2535379352,False,False,False,False,4518.4627218076575,False,False,False,False
2025-04-14 00:00:00+00:00,66.6401942591,66.7584554734,65.6941045447,65.6941045447,1158,,,,,,66.75350052924674,67.18318901180736,64.9646602228291,65.06037658682872,65.14890994518923,65.04282046724165,65.02521551635887,64.92807193558147,64.6635978197051,64.47418994606483,64.10594014901058,62.39278131110973,61.628174467714636,61.050561548303456,60.93047106658665,60.69702649277454,60.38708148363016,60.3032824384865,59.46168700880948,58.26175009856365,56.165524349994655,54.82452987786377,54.81436350403794,,,,,63.083253557755,66.13468419242453,64.97159711635629,64.96157192001685,65.1297698531711,65.1353097889513,65.05269999473302,65.0134043889602,64.83284555961805,64.79633383397967,64.51150703913946,64.27201486312983,63.125869567491186,62.035090022153476,61.550518726810985,61.02914575811446,60.77533416764383,60.476860989798645,60.40160696413389,56.419607306106336,56.335204797252715,56.2690070088299,56.11427344628459,54.84103659774412,54.76007589865377,54.84541188077697,55.09722373714644,63.083253557755,64.79633383397967,63.125869567491186,56.419607306106336,,66.75350052924674,54.82452987786377,65.11966596399466,"rgba(38, 166, 154, 0.5)",2.312527743653604,65.11966596399466,0.6575178608248939,46.16326377119801,-13.616546856403573,False,True,False,True,True,2.0787989706925423,0.0,0.0,0.0,0.0,0,0.947085359294487,0.8204838380031351,False,False,False,False,0.11014534235208345,0.05175889139532716,False,False,False,False,271216,218883.28281095735,False,False,False,False,4386.679869972063,False,False,False,False
2025-04-15 00:00:00+00:00,67.3990370509,67.3990370509,67.0935289139,67.0935289139,448,,,,,,66.75634716186494,67.1834559881141,64.967074437351,65.0621207328275,65.15052344958228,65.04426323368627,65.02653956717327,64.92934946459053,64.66485868314753,64.47546482215617,64.10724232244694,62.394332289814265,61.62974478954121,61.051795690733385,60.93167665373288,60.69809489431263,60.388129432623444,60.304321377369206,59.46270488067404,58.262749328385354,56.1665363088948,54.82546969493878,54.81526008736706,,,,,63.41609002751351,66.13660750311574,64.97427368535514,64.96394990699511,65.13141453587588,65.13694459967456,65.05419849621538,65.01472071857121,64.83408204295246,64.79757027617312,64.5127757003331,64.2733249777014,63.127319345406626,62.03667937970947,61.55207252066159,61.03036612983397,60.776508559432976,60.47791570655264,60.4026562740586,56.42062299339451,56.336221488445105,56.27002277857616,56.115280831544894,54.841979429461176,54.76099815054203,54.84628437824049,55.09803646401494,63.41609002751351,64.79757027617312,63.127319345406626,56.42062299339451,,66.75634716186494,54.82546969493878,65.13785801055563,"rgba(38, 166, 154, 0.5)",2.294492463076648,65.13785801055563,0.985481136561414,49.88334487071816,-10.256741198249266,False,True,False,False,True,3.7658928702557226,0.0,0.0,0.0,0.0,0,0.9772685254461608,0.7958553755220726,False,False,False,False,0.19071679664507088,0.12123784402019902,False,False,False,False,271664,220953.11485758648,False,False,False,False,4232.221835855512,False,False,False,False
2025-04-16 00:00:00+00:00,67.3103411401,67.3103411401,67.2412568808,67.2412568808,489,,,,,,66.75936429397764,67.1837207652341,64.96969273940364,65.0640129887217,65.15227375464714,65.04582903011938,65.02797674605249,64.93073652201835,64.66622839624159,64.47685018678095,64.10865805352353,62.39602067944226,61.63145484240332,61.05314009083306,60.932990009288375,60.69925893212824,60.38927128839186,60.30545344242761,59.463814202320464,58.26383855989584,56.167639689045494,54.82649454722813,54.81623780193757,,,,,63.72334989763019,66.13868175595867,64.97717577839317,64.9665290247401,65.13319870661589,65.13871805007757,65.05582465462774,65.01614956800859,64.83542485870299,64.79891314691855,64.51415423546815,64.27474902464512,63.12889690427773,62.0384098375281,61.55376463825509,61.031695544148874,60.77778800327012,60.479064907671656,60.40379960802312,56.42173041004396,56.337330008885424,56.27113030183014,56.11637923124247,54.8430075673427,54.76200385620167,54.84723582904441,55.0989227273751,63.72334989763019,64.79891314691855,63.12889690427773,56.42173041004396,,66.75936429397764,54.82649454722813,65.15489774567787,"rgba(38, 166, 154, 0.5)",2.278247032513078,65.15489774567787,0.9460973123904414,52.19635343972151,-8.105005564584488,False,True,True,False,True,3.5491461077434927,0.0,0.0,0.0,0.0,0,0.9711570234585318,0.7992956503793794,False,False,False,False,0.1930801212332301,0.15715898262671457,False,False,False,False,271175,222922.60054944584,False,False,False,False,4085.4288226847075,False,False,False,False
2025-04-17 00:00:00+00:00,67.1920799258,67.6508348863,67.1920799258,67.3311354036,1151,,,,,,66.76709377301876,67.18468279002873,64.97598520733814,65.06856950408573,65.15649330315358,65.04960058801146,65.03143853790611,64.93407468282565,64.66951759370245,64.48017247187313,64.11204579115133,62.40003700143986,61.63551686989215,61.05633148971978,60.93610726637049,60.70202117855438,60.391979941464186,60.30813863361313,59.46644330725874,58.26641772055169,56.17024941124526,54.82891732630475,54.81854916720344,,,,,64.2934425192023,66.14377842508472,64.98414787240328,64.97272749884604,65.13749877311521,65.14299260654383,65.05974165202264,65.01959093056787,64.83865398602127,64.80214140396019,64.51746099081026,64.278159698202,63.13265686169736,62.0425231755294,61.55778361005202,61.034851303058836,60.78082422247378,60.48179125338036,60.40651180994228,56.4243499718681,56.339952080980126,56.27374993883936,56.11897711996542,54.845438125470636,54.764381331270094,54.849485145730455,55.1010181611624,64.2934425192023,64.80214140396019,63.13265686169736,56.4243499718681,,66.76709377301876,54.82891732630475,65.1874816319324,"rgba(38, 166, 154, 0.5)",2.2531668860228145,65.1874816319324,0.8896803456072558,53.498575441024975,-6.737148296144049,False,False,True,False,True,3.2561609513618315,0.0,0.0,0.0,0.0,0,0.9654018941889646,0.7972979404191396,False,False,False,False,0.20477466439755848,0.18096682351213653,False,False,False,False,270024,224769.71425338913,False,False,False,False,3970.353182579425,False,False,False,False
2025-04-21 00:00:00+00:00,67.1012158928,67.7932410985,66.5613534495,67.7932410985,1942,,,,,,66.77547709963834,67.18435650636417,64.98566771484082,65.07556774378413,65.16295114599713,65.0554032272242,65.03677052765052,64.93923669904841,64.67464980786403,64.48538393216985,64.11740525272894,62.40653470598007,61.64212605494244,61.061543693586636,60.941201694715595,60.70654122188769,60.39641851515419,60.3125403526382,59.47076663083112,58.27067356482048,56.17457382285271,54.83293996140309,54.82238696067835,,,,,64.89331240462703,66.15091422975105,64.99486436654033,64.98226763727926,65.14408497400686,65.14953828715645,65.06576445483282,65.02489414591633,64.84366523608112,64.80715756021637,64.5226430115234,64.28353595827787,63.13869552838151,62.04919671670308,61.56432611284863,61.04000595729127,60.78579017704822,60.48625705769465,60.4109559173263,56.42868883870173,56.34429572386768,56.27809003036681,56.12328229320911,54.84947358335087,54.76832911230114,54.85321981416253,55.10449629029373,64.89331240462703,64.80715756021637,63.13869552838151,56.42868883870173,,66.77547709963834,54.83293996140309,65.22345933901713,"rgba(38, 166, 154, 0.5)",2.2195098201013748,65.22345933901713,0.8460230888715365,54.168750029137875,-5.792915884385181,False,False,True,False,True,3.027980667072903,0.0,0.0,0.0,0.0,0,0.9486343835633417,0.7992443350403325,False,False,False,False,0.18520131790558936,0.18308407070886296,False,False,False,False,268082,226468.23526306014,False,False,False,False,3890.8099205174867,False,False,False,False
2025-04-22 00:00:00+00:00,68.0001982236,68.4633879796,67.6257043783,67.6257043783,956,,,,,,66.78878488305455,67.18848305399041,64.99232129362683,65.08044475046691,65.16751114372833,65.05943908590221,65.04047075578033,64.94277364718752,64.67806098114762,64.48878404525134,64.12079786063342,62.410317344727936,61.64589121506578,61.06447561478768,60.944060522361916,60.7090667351335,60.39888502421328,60.314982980835595,59.473136133860145,58.272974045152075,56.176871510247956,54.835060283294055,54.82440978387143,,,,,65.18698990444562,66.15743808311827,65.00223208569693,64.98882112652191,65.1487219969504,65.1541506771096,65.06995883867268,65.02856852949547,64.84705931773124,64.81054055034832,64.5260356997869,64.28698287055138,63.142310326772304,62.0530395995403,61.56804631188339,61.042904272719305,60.788568651224026,60.48874249719456,60.413426105675455,56.43099821503094,56.34660628560561,56.280397656601224,56.125568983160605,54.851600849553016,54.77040928064845,54.85518863256751,55.106332456729845,65.18698990444562,64.81054055034832,63.142310326772304,56.43099821503094,,66.78878488305455,54.835060283294055,65.2429403202381,"rgba(38, 166, 154, 1.0)",2.1847574236655585,65.2429403202381,1.2620430412525143,56.14763143453731,-3.5119103876392543,False,False,True,False,True,5.086033831161938,0.0,0.0,0.0,0.0,0,0.9653285965116966,0.7752835729077977,False,False,False,False,0.25547338971628547,0.2192787302125742,False,False,False,False,269038,228137.63780176366,False,False,False,False,3775.719335399154,False,False,False,False
2025-04-23 00:00:00+00:00,68.0888941343,68.9955634439,68.0888941343,68.9955634439,2691,,,,,,66.8352510708839,67.20478291542284,65.01310457250321,65.09575818559613,65.1818800257827,65.07211576873856,65.05209055154809,64.95384665739903,64.68865700056038,64.49929306359935,64.13119592338063,62.42162057642146,61.65706436220652,61.07314278140067,60.952505092781024,60.71651678214654,60.40614770392165,60.32217198740695,59.48008027357171,58.27968335355039,56.18353141511508,54.84118837431661,54.83025612883511,,,,,65.85533395942193,66.17905853159765,65.02523293047922,65.00929200255437,65.16332200430006,65.16867648553726,65.08313560979518,65.04010282290034,64.85765476768462,64.82108978336845,64.53653177059066,64.29758492677594,63.153207007744705,62.06448269053461,61.57907950231745,61.05147099068981,60.796767934572564,60.49606468324482,60.42070021648137,56.43769620525793,56.35330628553772,56.28708804789681,56.13219621104122,54.857749199438956,54.77642062705836,54.860879328646796,55.11164263634861,65.85533395942193,64.82108978336845,63.153207007744705,56.43769620525793,,66.8352510708839,54.84118837431661,65.29184587083324,"rgba(38, 166, 154, 1.0)",2.1501732803235383,65.29184587083324,1.3008478382011561,57.61433155312759,-1.6893062759915267,False,False,True,False,True,5.286727990649194,0.0,0.0,0.0,0.0,0,0.974345832532312,0.7658948455979614,False,False,False,False,0.29690058260339447,0.2580896564079843,False,False,False,False,271729,229847.10298600822,False,False,False,False,3733.181322246246,False,False,False,False
2025-04-24 00:00:00+00:00,68.7778642586,68.7787512177,68.3224600325,68.3746920688,772,,,,,,66.85002893230599,67.2102889452221,65.01943203915089,65.10043696586389,65.18627901696924,65.07599119494999,65.0556430077863,64.95722669929788,64.69187808571817,64.50247907528222,64.134333814094,62.424982865108205,61.66037464485509,61.07570526046059,60.955000656968124,60.71871683158082,60.4082901117753,60.324292081601655,59.48212296566966,58.28165123413962,56.18547747460462,54.84297589566331,54.83196148973315,,,,,66.01179054887493,66.18583542148484,65.0322310927317,65.01552469106294,65.16778973655832,65.17312210220473,65.08716396215348,65.04362848020375,64.86088431663018,64.8243033693088,64.53971551644868,64.3007905706368,63.15646474558991,62.06787966686411,61.58234722260012,61.05400359474706,60.79918966052206,60.49822529907594,60.42284609995957,56.43965414303601,56.355264555268846,56.289043313827676,56.134132581156145,54.85954266287599,54.77817397665792,54.86253937378277,55.113192221377616,66.01179054887493,64.8243033693088,63.15646474558991,56.43965414303601,,66.85002893230599,54.84297589566331,65.30445970624635,"rgba(0, 255, 255, 0.75)",2.139515126328513,65.30445970624635,1.623454075930815,59.73020224481617,0.7558317929328737,True,False,True,False,True,6.837636406656248,0.0,0.0,0.0,0.0,0,0.9774749142194163,0.7732416263904907,False,False,False,False,0.29760604117135636,0.27784784878967034,False,False,False,False,272501,231519.80482969416,False,False,False,False,3617.0565645110996,False,False,False,False
2025-04-25 00:00:00+00:00,69.5277389083,69.5277389083,69.0793318041,69.0793318041,239,,,,,,66.85647034483343,67.21288542064215,65.02179386193843,65.10219129215513,65.18793577417493,65.07744298879375,65.05697265481784,64.95848603208056,64.69306458817137,64.50364408055661,64.13546683142621,62.42614916292187,61.66150937320506,61.07657717855474,60.95584861196936,60.719462427167635,60.40901380785591,60.32500763782409,59.482807153283986,58.282304580713884,56.18611622818516,54.84355937582298,54.83251813262047,,,,,66.0696246890849,66.18856989461484,65.03484420901115,65.0178507877448,65.16947074103476,65.17479525649213,65.08867378495218,65.04494734556606,64.86208244246036,64.82549368316609,64.54088131914918,64.30195437400187,63.15761103860975,62.069051096145834,61.58346616876424,61.05486512934881,60.80001108130705,60.498955817764354,60.423571077064466,56.44029755578163,56.355907820821635,56.28968539454981,56.134768006695374,54.8601281186368,54.778746166286254,54.86308128962347,55.11369856788334,66.0696246890849,64.82549368316609,63.15761103860975,56.44029755578163,,66.85647034483343,54.84355937582298,65.3092238555442,"rgba(0, 255, 255, 0.75)",2.1428535102499184,65.3092238555442,1.9686436952303803,62.26856206289557,3.560607595138407,True,False,True,False,True,8.481165968951665,0.0,0.0,0.0,0.0,0,0.9807807538370449,0.7667149639430705,False,False,False,False,0.34282824597341205,0.3103380473815412,False,False,False,False,272740,233136.28307166696,False,False,False,False,3484.583758059684,False,False,False,False
2025-04-28 00:00:00+00:00,70.2767265989,70.2767265989,69.4587531999,69.4587531999,1126,,,,,,66.89380399972323,67.22854622311914,65.03448023623886,65.11164389068911,65.19688673387343,65.08526298566787,65.064131624698,64.9652481873665,64.69939204894251,64.50982895562862,64.14143460658114,62.432132820442824,61.66728410876592,61.08099205489904,60.96013794579506,60.72322717336468,60.41265956443599,60.328610240642725,59.486233063268116,58.28555519901007,56.189267470157944,54.846426024232116,54.835252872629894,,,,,66.36422397542799,66.2039052712362,65.0488809327459,65.03034446017995,65.17854731581484,65.1838309955993,65.09680838752963,65.05204590824809,64.86849962429073,64.83186292809724,64.5470757772631,64.30810528064474,63.16354861023926,62.07503708854558,61.58915642414156,61.05922667005506,60.80416108917172,60.50263834246433,60.42722366856265,56.44347458387374,56.35908317847934,56.29285417437587,56.13790228742621,54.863004605722836,54.78155684423506,54.86574392231753,55.116188268012664,66.36422397542799,64.83186292809724,63.16354861023926,56.44347458387374,,66.89380399972323,54.846426024232116,65.3342710753376,"rgba(0, 255, 0, 1.0)",2.1521296400671805,65.3342710753376,2.2965417285029903,64.9785808681498,6.471690224146741,True,False,True,False,True,10.076654554987378,0.0,0.0,0.0,0.0,0,0.9893654490773246,0.7545879065586483,False,False,False,False,0.34282824648349497,0.3265831469325181,False,False,False,False,273866,234733.52687277808,False,False,False,False,3392.090277351461,False,False,False,False
2025-04-29 00:00:00+00:00,70.2077408905,70.2077408905,70.1584653846,70.1584653846,307,,,,,,66.90443331617323,67.23307165080553,65.03805783550418,65.11431318293106,65.19941624703714,65.08747177539469,65.06615374860904,64.96715711798298,64.70117539754335,64.51157021540675,64.14311149524748,62.433802907920565,61.66889251546858,61.08222024143481,60.96133091067392,60.724273787251605,60.413672482630254,60.329611012604765,59.48718336075868,58.2864553125332,56.190138037972154,54.84721707071296,54.83600752092517,,,,,66.44079075067442,66.20827001133583,65.05283834742436,65.03386779315896,65.18111190021166,65.18638416719826,65.09910603914413,65.05405083089514,64.8703101601174,64.83365953264892,64.54882010638488,64.30983505664,63.16520994670344,62.07670608678423,61.59074101097218,61.06043996938068,60.805314941304836,60.50366165193262,60.4282385136196,56.444352488533944,56.359960549390756,56.29372967232801,56.13876812888153,54.863798376909024,54.78233240986014,54.86647869484291,55.116875467339774,66.44079075067442,64.83365953264892,63.16520994670344,56.444352488533944,,66.90443331617323,54.84721707071296,65.34102299555875,"rgba(0, 255, 0, 1.0)",2.165754186908318,65.34102299555875,2.247123853833409,66.56504151965936,8.301875994637605,True,False,True,False,True,9.885299503589295,0.0,0.0,0.0,0.0,0,1.001842884574116,0.760381613255018,False,False,False,False,0.3428282467426278,0.33470569683757295,False,False,False,False,273559,236256.09444639462,False,False,False,False,3271.1063449063054,False,False,False,False
2025-04-30 00:00:00+00:00,70.8877428728,70.8877428728,70.8877428728,70.8877428728,62,,,,,,66.90702471186809,67.23419866515381,65.03887730608979,65.11492581761003,65.19999800792803,65.08797845420835,65.0666173973959,64.96759383597035,64.70158108010604,64.51196484356595,64.14348901928733,62.43417037363635,61.6692438043083,61.0824871993253,60.961589973332465,60.724500674334415,60.41389158895481,60.32982736941054,59.4873877421031,58.286647711063004,56.190322584324,54.84738406654219,54.836166828236884,,,,,66.45868593024034,66.20930425220611,65.05374504476984,65.03467476641093,65.18170145963948,65.1869711796776,65.0996332350753,65.05451040844007,64.8707234934081,64.83406936322288,64.54921571399107,64.31022561936538,63.16557861227782,62.07707198578484,61.59108686165489,61.060703647335764,60.8055652199786,60.50388314218841,60.4284580584316,56.44453875287159,56.36014664581346,56.293915329157066,56.13895164165329,54.863965955767405,54.78249610787249,54.866633819956434,55.11702065397129,66.45868593024034,64.83406936322288,63.16557861227782,56.44453875287159,,66.90702471186809,54.84738406654219,65.34260150617061,"rgba(0, 255, 0, 1.0)",2.1697525944818534,65.34260150617061,2.5556560599267764,68.55431894633699,10.52416623296861,True,False,True,False,True,11.325814877837587,0.0,0.0,0.0,0.0,0,1.0029405073708408,0.7536767177618593,False,False,False,False,0.34282824726460953,0.33876697205109124,False,False,False,False,273621,237721.38486026152,False,False,False,False,3145.259037262921,False,False,False,False
2025-05-01 00:00:00+00:00,70.542814331,71.7254264741,69.7938266405,71.1833959085,9246,,,,,,67.2413490545758,67.38602007661714,65.15446593508383,65.20173303503411,65.28243301719908,65.1599838993894,65.1325917885641,65.02982749557631,64.75954967569169,64.56844093265317,64.19766077135085,62.48732430454066,61.720200875747615,61.121326011988074,60.99929606604409,60.75755820406109,60.44584121751569,60.36138298501309,59.51725081818123,58.31481906881336,56.217417498341774,54.87193849784778,54.85959268373695,,,,,68.04463010564848,66.35219119883735,65.18133848971333,65.1485409431232,65.2652384667509,65.2701488205176,65.17450774102498,65.11991870236685,64.92970241941468,64.89256932704916,64.60581681361109,64.36619647514766,63.218749581789666,62.13006670718503,61.641271241615335,61.09906930805532,60.84201138458778,60.53617294548763,60.46047041624943,56.47187785381983,56.387463687273424,56.321169933069186,56.165896563172645,54.88860561671395,54.806567757740574,54.88944497040361,55.13836758187735,68.04463010564848,64.89256932704916,63.218749581789666,56.47187785381983,,67.2413490545758,54.87193849784778,65.51662785028945,"rgba(0, 255, 0, 1.0)",2.1442605453905768,65.51662785028945,2.3440185436024197,68.69562933548818,11.038575006487825,True,False,True,False,True,10.348515326889508,0.0,0.0,0.0,0.0,0,0.9786273980750428,0.7408709785310456,False,False,False,False,0.3336942851628046,0.3362306286069479,False,False,False,False,264375,238766.62466966303,False,False,False,False,3384.5037808996694,False,False,False,False
2025-05-02 00:00:00+00:00,71.9028182955,71.9028182955,71.2918020216,71.4199183371,2499,,,,,,67.34541582036009,67.43667140883281,65.19046481692261,65.22897505767017,65.30838159738914,65.18263311892947,65.15335795526558,65.04938286119351,64.77766656881857,64.58602311771749,64.21440740222761,62.50333154101607,61.73541766721592,61.13287406250892,61.010496193001515,60.76736190381725,60.455292189283675,60.37071129142404,59.526023494847536,58.32303210290689,56.225234156755675,54.87898572028318,54.86631630308093,,,,,68.38098233496052,66.39790980736448,65.22099413586683,65.18401215124331,65.29151570963609,65.29631845900768,65.19805269865648,65.14050277835462,64.94820370995471,64.9109062041679,64.62345157226503,64.38355044067174,63.234921207466925,62.145958607007415,61.65624658393907,61.11047498935331,60.8528235099874,60.54573144487447,60.46994103480361,56.4797736775961,56.395350174353524,56.32903612616945,56.17366831473684,54.89567768593179,54.81347503214981,54.89599320211495,55.14450194728101,68.38098233496052,64.9109062041679,63.234921207466925,56.4797736775961,,67.34541582036009,54.87898572028318,65.56328993834299,"rgba(0, 255, 0, 1.0)",2.154691748901386,65.56328993834299,2.942197351611592,70.60245979871762,13.258294984953736,True,False,True,False,True,13.164993498369114,0.0,0.0,0.0,0.0,0,0.9952950060282103,0.7292656358501614,False,False,False,False,0.3428282477230747,0.3395294381650113,False,False,False,False,266874,239868.87468261743,False,False,False,False,3349.778142433016,False,False,False,False
2025-05-05 00:00:00+00:00,72.2576019384,72.2576019384,71.9028182955,71.9225284979,2946,,,,,,67.47381401630363,67.50088670011681,65.23523352779922,65.26296301585424,65.34079194406782,65.21092303589316,65.17930552637246,65.07380569245326,64.80025354190943,64.6079150472531,64.23520919771904,62.52303061333773,61.7540867101996,61.14702119189399,61.024212153559404,60.77936114221376,60.466848692621774,60.38211501711818,59.5367225277459,58.33301948219516,56.23470071281399,54.88750313456361,54.87444279386124,,,,,68.74885142308614,66.45520489762374,65.27026253296638,65.22813008524561,65.324328118642,65.32899904700079,65.22745656220886,65.16622153961286,64.97129860919627,64.93379011673255,64.64541475514001,64.40512801498683,63.254893798049835,62.16548559226689,61.67461471100441,61.12444700341113,60.86605816795601,60.55742258348927,60.48152205940328,56.489340248330905,56.40490402321483,56.338564314460534,56.183079714160435,54.90422531181416,54.82182265657646,54.90390823486329,55.151919878850386,68.74885142308614,64.93379011673255,63.254893798049835,56.489340248330905,,67.47381401630363,54.88750313456361,65.61889673441127,"rgba(0, 255, 0, 1.0)",2.1885200458555465,65.61889673441127,3.0334221596738913,72.28210287339664,15.219256767150497,True,False,True,False,True,13.873840224765015,0.0,0.0,0.0,0.0,0,1.003689698907126,0.7219346049635315,False,False,False,False,0.3428282480028731,0.3411788430839422,False,False,False,False,269820,241043.42861663242,False,False,False,False,3333.9437054748587,False,False,False,False
2025-05-06 00:00:00+00:00,72.3758631527,72.3758631527,71.6958611705,71.6958611705,1414,,,,,,67.53315490043049,67.53115364447534,65.2565474229616,65.27918105647882,65.35626143693581,65.22443906481922,65.19170885553505,65.08548459295609,64.81106001200817,64.61839126071968,64.24516715775988,62.53246671517181,61.763032048250295,61.153804597041294,61.030789267561424,60.78511645014609,60.47239206106746,60.38758523138212,59.541855339695175,58.33781144453983,56.23924321664261,54.89159061083428,54.87834279842544,,,,,68.90143097959573,66.4823477510111,65.29369521281721,65.24913722678264,65.3399883688026,65.34459676687612,65.24150131576047,65.17851618197723,64.98234609555072,64.94473734158623,64.65592476253263,64.41545522079772,63.26445890931211,62.174840170713146,61.68341635169825,61.13114661367158,60.8724049701993,60.56303040963766,60.48707716849131,56.493930681096266,56.40948836373862,56.34313635815593,56.18759577810706,54.908327275255736,54.82582871181753,54.907706826182114,55.155480049298504,68.90143097959573,64.94473734158623,63.26445890931211,56.493930681096266,,67.53315490043049,54.89159061083428,65.64416064949468,"rgba(0, 255, 0, 1.0)",2.215700679409492,65.64416064949468,3.038182262506413,73.54198722600853,16.765701140216663,True,False,True,False,True,14.11125493264306,0.0,0.0,0.0,0.0,0,1.0066490040277247,0.7212736777017156,False,False,False,False,0.3399870848123459,0.340582963948144,False,False,False,False,271234,242227.37259245076,False,False,False,False,3258.651795456237,False,False,False,False
2025-05-07 00:00:00+00:00,72.4054284563,72.5631100754,71.7451366764,71.7451366764,4122,,,,,,67.70101686787031,67.61883067996614,65.31872704305833,65.32663065693461,65.40154218619534,65.26404213875378,65.22807335969044,65.11973593827003,64.84276032086436,64.64912313985243,64.2743776179771,62.56012168473566,61.78924321801652,61.17369061659405,61.05007073461564,60.8019914335166,60.48864426517268,60.40362269256221,59.556899463868405,58.351851296633974,56.252544180030796,54.903556297830335,54.889760128435846,,,,,69.28737954663944,66.56123197774589,65.36197467140127,65.31043243827399,65.3858220570613,65.39024919386522,65.28264187598583,65.21456383386557,65.01475398241551,64.97685180617276,64.68675619553964,64.4457473120456,63.29250265153551,62.20225186627885,61.70920684667284,61.15078734026703,60.89101127527231,60.57947196619717,60.503363846626435,56.507372792995255,56.42291233296129,56.35652410934519,56.20081921876307,54.92033538136509,54.8375560759226,54.918827603090136,55.16590404281982,69.28737954663944,64.97685180617276,63.29250265153551,56.507372792995255,,67.70101686787031,54.903556297830335,65.71470083852849,"rgba(0, 255, 0, 1.0)",2.2567046953643635,65.71470083852849,2.964821951013507,74.41959990193548,17.95740960973717,True,False,True,False,True,14.171524957426477,0.0,0.0,0.0,0.0,0,1.00766904563767,0.7236245903580835,False,False,False,False,0.342828248043648,0.341705605995896,False,False,False,False,275356,243526.53445157033,False,False,False,False,3292.5085877912866,False,False,False,False
2025-05-08 00:00:00+00:00,71.9718040039,71.9718040039,71.9422387003,71.9422387003,5121,,,,,,67.8818725077407,67.7170683574438,65.39143056122083,65.38236832283233,65.45473635753854,65.31070236712807,65.27097362449503,65.16020215952285,64.88031294544031,64.68558374646005,64.30912420122172,62.593286912549765,61.82076954974489,61.19768331659043,61.0733444512225,60.82238286314304,60.50830014737172,60.423023427920214,59.575134438841204,58.368908531087165,56.26875324557898,54.91816271239272,54.903698351005495,,,,,69.62344799645876,66.65165297808163,65.4416243572385,65.38212724090485,65.43966320456579,65.44387858148757,65.3310828877868,65.25709884513225,65.05309234847836,65.0148563175753,64.72332532347902,64.481734510843,63.326032575189714,62.23516900507749,61.740237678791985,61.17448671125177,60.913482197493686,60.59935193008351,60.523060622697955,56.523748383341875,56.43926758978502,56.37283666311712,56.216934996255794,54.93499324450793,54.85187297303291,54.932403913669255,55.178627632201824,69.62344799645876,65.0148563175753,63.326032575189714,56.523748383341875,,67.8818725077407,54.91816271239272,65.79057586422756,"rgba(0, 255, 0, 1.0)",2.308176783363897,65.79057586422756,2.677969982292269,73.20674700925034,17.95740960973717,True,False,True,False,True,12.869829243246876,0.0,0.0,0.0,0.0,0,1.0006577975475177,0.7388764784618673,False,False,False,False,0.3303205898326349,0.3360130979142655,False,False,False,False,270235,244573.92525739112,False,False,False,False,3364.2141333680993,False,False,False,False
2025-05-09 00:00:00+00:00,72.1787611289,72.1787611289,72.1787611289,72.1787611289,306,,,,,,67.89274297235654,67.72309057108548,65.39586622285448,65.38577800742102,65.45799261601336,65.31356013973712,65.27360228930503,65.16268162015338,64.8826126397626,64.68781547804929,64.31124904506412,62.59530695009045,61.82268732958318,61.19914240530337,61.074759633547046,60.823622641987384,60.50949472457046,60.42420238019767,59.57624139573413,58.36994265016558,56.26973410895742,54.91904580407879,54.904541070982894,,,,,69.64249102557464,66.65717690906952,65.44647915089467,65.38650193715529,65.4429585437811,65.4471611218919,65.33404910963846,65.25970514601791,65.05544129543964,65.01718461250891,64.72556393824786,64.48393599228565,63.328078005319824,62.23717259195019,61.74212515104927,61.175927949041444,60.914848328734294,60.60056026282228,60.52425770656827,56.524739517508415,56.44025742607154,56.37382386457531,56.21791018035801,54.93587945410564,54.8527385371601,54.93322478669705,55.17939712036456,69.64249102557464,65.01718461250891,63.328078005319824,56.524739517508415,,67.89274297235654,54.91904580407879,65.79513199344544,"rgba(0, 255, 0, 1.0)",2.357997210463661,65.79513199344544,2.707225058251589,72.74726501097697,17.95740960973717,True,False,True,False,True,13.308410215360496,0.0,0.0,0.0,0.0,0,1.0168292728408965,0.7328333600665131,False,False,False,False,0.3428282480571244,0.33942067298569495,False,False,False,False,270541,245592.24191396404,False,False,False,False,3244.284167353664,False,False,False,False
2025-05-12 00:00:00+00:00,71.8141223848,71.8141223848,71.2918020216,71.3312224264,981,,,,,,67.9228902979824,67.73996675011331,65.40892105612053,65.39582092158058,65.46757545154242,65.32198810543406,65.2813595637299,65.17000921677105,64.88943176238325,64.69444727645045,64.31758737768703,62.601413482788885,61.828511128640926,61.20358806455074,61.079074106542855,60.82740691480363,60.51314601844448,60.42780721261617,59.57963720815425,58.37312756740847,56.2727713670619,54.9217879323328,54.90715793618809,,,,,69.68910088249471,66.67309113128462,65.46075426391337,65.39937940498704,65.4526580840687,65.45682253033029,65.34279404972052,65.2673978601641,65.06239256516243,65.02407791240934,64.73221351183622,64.4904916571867,63.334230280940126,62.24324262689168,61.747859446293,61.180319731974016,60.91901638255778,60.604252164309884,60.52791643258573,56.52780680545535,56.443321288953676,56.37688003260623,56.220930203224896,54.93863117470056,54.85542658484995,54.93577368765416,55.18178537332944,69.68910088249471,65.02407791240934,63.334230280940126,56.52780680545535,,67.9228902979824,54.9217879323328,65.80793226610145,"rgba(0, 255, 0, 1.0)",2.4011616411383936,65.80793226610145,2.5013685108891766,70.88579236648724,17.95740960973717,True,False,True,False,False,12.201713524715643,0.0,0.0,0.0,0.0,0,1.0086911044130105,0.7296222096824457,False,False,False,False,0.30353375349258643,0.3214772132391407,False,False,False,False,269560,246532.1539957694,False,False,False,False,3155.5279254966576,False,False,False,False
2025-05-13 00:00:00+00:00,71.9378039047,71.9378039047,71.9378039047,71.9378039047,40,,,,,,67.92420691131335,67.74070409240844,65.40947758907272,65.39624923071315,65.46798437927967,65.3223474516729,65.28169025751903,65.17032138118299,64.88972177081364,64.69472899990903,64.31785608972291,62.60167049759214,61.82875564860453,61.20377442472943,61.07925491157398,60.827565409358726,60.51329883122531,60.42795805201859,59.5797790487481,58.37326031327639,56.27289758429761,54.92190171399286,54.90726651939339,,,,,69.69123833130628,66.67377664745482,65.46136291479371,65.3999283565224,65.45307193951105,65.45723477371898,65.34316694514627,65.2677257739602,65.06268850771382,65.02437131788714,64.73249605159953,64.49076983078474,63.33448993209955,62.243497802828976,61.74810015397409,61.180503823486376,60.919190983730005,60.604406708808845,60.52806956154342,56.52793431080647,56.44344863842327,56.37700705179447,56.22105569643929,54.93874535631176,54.85553811522694,54.93587945436325,55.1818845006628,69.69123833130628,65.02437131788714,63.33448993209955,56.52793431080647,,67.92420691131335,54.92190171399286,65.8084882311795,"rgba(0, 255, 0, 1.0)",2.4416544354864227,65.8084882311795,2.510312509599433,69.90379754338586,17.95740960973717,True,False,True,False,False,12.472926568539847,0.0,0.0,0.0,0.0,0,1.0135506725155656,0.725473065635753,False,False,False,False,0.32758342715173766,0.32453032019543915,False,False,False,False,269600,247436.77540769998,False,False,False,False,3033.350359790906,False,False,False,False
2025-05-14 00:00:00+00:00,72.1491958253,72.1491958253,72.1394392751,72.1394392751,399,,,,,,67.93797164423079,67.74840896986812,65.41520064408371,65.40065438787158,65.47219174162807,65.32604250475849,65.28509022511919,65.17352936598952,64.89269869000276,64.69761871257614,64.32060864247181,62.604290584271816,61.83124429404198,61.20566905259866,61.08109267649545,60.82917575863537,60.51485068181711,60.42948966380465,59.58121755721182,58.37460462705413,56.27417321698881,54.92305048480633,54.908362797540256,,,,,69.71429398957531,66.68087490175846,65.46762286975391,65.40557327346089,65.45732966797692,65.46147601182727,65.34700159620577,65.27109696480493,65.06572846924777,65.02738474742651,64.7353945515628,64.49362099690717,63.33714173434951,62.24609708199829,61.750549623223435,61.182375315084336,60.92096522127704,60.60597636667533,60.52962465823956,56.529223238615536,56.4447358976861,56.3782909006726,56.222323957857625,54.93989817856346,54.85666410555542,54.936947320104785,55.18288551349758,69.71429398957531,65.02738474742651,63.33714173434951,56.529223238615536,,67.93797164423079,54.92305048480633,65.81427826085765,"rgba(0, 255, 0, 1.0)",2.4925938160867775,65.81427826085765,2.5414961409106716,69.70428238800112,17.95740960973717,True,False,True,False,False,12.940370421971995,0.0,0.0,0.0,0.0,0,1.0136666411283004,0.7299053191045012,False,False,False,False,0.3406398106472981,0.3325850654213686,False,False,False,False,269999,248321.56852896666,False,False,False,False,2930.042502544204,False,False,False,False
2025-05-15 00:00:00+00:00,73.26282226,73.26282226,73.26282226,73.26282226,1388,,,,,,67.99768927338536,67.78175757735218,65.43832495556168,65.41846387011466,65.48922918886086,65.34096532575275,65.29881261706157,65.18644995312329,64.90462718260724,64.70915846082829,64.33153337174852,62.61445944291168,61.84082858893396,61.21292710890545,61.088125779469756,60.835326621854655,60.52076395028937,60.43532215829589,59.58666371694505,58.379658146355716,56.27892131180467,54.92730458843989,54.912422357170264,,,,,69.82656819777128,66.71044194384879,65.49293497834518,65.42837853047459,65.47456510557174,65.47864637860319,65.36249337819505,65.28469965125957,65.07794826007233,65.03948932383517,64.74697692100193,64.5049680150629,63.347522180109884,62.256147477571915,61.75997612593289,61.18954340802842,60.92774656878616,60.61196155747184,60.53555094423795,56.534025924469944,56.449530655520604,56.38307162934165,56.22704362047688,54.94416753421812,54.8608329033131,54.940902094564706,55.18659602862572,69.82656819777128,65.03948932383517,63.347522180109884,56.534025924469944,,67.99768927338536,54.92730458843989,65.83897313063993,"rgba(0, 255, 0, 1.0)",2.5656505179214006,65.83897313063993,2.8935543159536024,71.59660508950827,17.95740960973717,True,False,True,False,False,15.338011372764477,0.0,0.0,0.0,0.0,0,1.0137624157576894,0.7474021742454828,False,False,False,False,0.3428282485984632,0.3377066570099159,False,False,False,False,271387,249226.0952533209,False,False,False,False,2869.570247542471,False,False,False,False
2025-05-16 00:00:00+00:00,73.213546754,73.213546754,72.7450352434,72.7450352434,546,,,,,,68.01991265919091,67.79427811666793,65.44714623775779,65.42526462107777,65.49573424733674,65.3466683343914,65.30405877207659,65.19139223970444,64.90919509271346,64.71358052953157,64.33572485315402,62.618377194224685,61.84452664217035,61.2157311912932,61.09084352963492,60.83770455843597,60.52305107920373,60.437578321255614,59.58877272909509,58.381617690064395,56.280765766261574,54.92895874727817,54.9140009080613,,,,,69.86628498707155,66.72163771205031,65.5025849656923,65.43707893705387,65.4811459003206,65.48520230059417,65.36841276071175,65.28990041622862,65.08262479519733,65.04412245925519,64.7514147693406,64.50931904737364,63.351515121731204,62.26002229420135,61.7636138634021,61.19231286017252,60.9303677216438,60.614276201857145,60.5378430594322,56.535891217554244,56.45139299080457,56.384928611040635,56.22887710490514,54.94582760389186,54.86245397066263,54.942439884420374,55.1880386386001,69.86628498707155,65.04412245925519,63.351515121731204,56.535891217554244,,68.01991265919091,54.92895874727817,65.84820301622166,"rgba(0, 255, 0, 1.0)",2.631891869431893,65.84820301622166,2.7984978499014823,72.6183720723378,17.95740960973717,True,False,True,False,True,15.18070219296374,0.0,0.0,0.0,0.0,0,1.0012873360196344,0.7542776321758599,False,False,False,False,0.3264232386710313,0.3320649478404736,False,False,False,False,270841,250073.7385767201,False,False,False,False,2778.4498456780607,False,False,False,False
2025-05-19 00:00:00+00:00,73.9477517928,74.0118099506,73.4500691826,73.4500691826,1886,,,,,,68.10634407830808,67.84313775319744,65.4804312124823,65.45094955383999,65.5203261581531,65.3682022610305,65.32386360720476,65.210030485065,64.92637499469556,64.73018148373642,64.35140766188995,62.63285261419067,61.85813018616971,61.22601629578212,61.100806240923,60.8464122484642,60.53141460080086,60.44582560445518,59.59645575745606,58.38872613256048,56.287416886981816,54.934905222650364,54.91967550549668,,,,,70.02664958300963,66.76452518705871,65.53900163386366,65.46990647599988,65.50601890549972,65.50998279545844,65.39076626552578,65.30953137520896,65.10024329087162,65.061570915143,64.76808086951395,64.5256228154847,63.3663402881862,62.27430843673122,61.77699001072958,61.202469909329466,60.9399693359745,60.62274369270109,60.54622534802023,56.54262181495859,56.45811146104669,56.391626642948864,56.23548782903946,54.95179553662101,54.868280700779884,54.94796834819796,55.193227838804745,70.02664958300963,65.061570915143,63.3663402881862,56.54262181495859,,68.10634407830808,54.934905222650364,65.8837968700565,"rgba(0, 255, 0, 1.0)",2.7178942869476,65.8837968700565,2.9669862295490286,74.4418890177564,19.874446364657175,True,False,True,False,True,16.723597531334818,0.0,0.0,0.0,0.0,0,1.0087792224940961,0.7580164591930947,False,False,False,False,0.34282824880473745,0.3374465983226055,False,False,False,False,272727,250962.10176978988,False,False,False,False,2743.4518125142154,False,False,False,False
2025-05-20 00:00:00+00:00,74.6425364268,74.6425364268,73.9723895458,73.9723895458,579,,,,,,68.13517560677776,67.85951232414426,65.49134883453864,65.45938241039121,65.5284059163408,65.3752723059749,65.33036548104899,65.21614520959386,64.93200094125132,64.73561096107987,64.35652492261248,62.637533667289766,61.862515280765415,61.22932490894316,61.10400980845728,60.84921012425057,60.53409914389417,60.448472128790115,59.598914963079956,58.39099425120843,56.28952952856271,54.936789602388465,54.921473718356964,,,,,70.08090001250027,66.77873063958128,65.55094597368551,65.48067395917518,65.51418973692145,65.51812360897716,65.39810573808172,65.31597563451142,65.10601967315858,65.06729008740324,64.77353300107573,64.53094812413259,63.37115126757522,62.27892111439729,61.78130052720204,61.20573709321175,60.94305515794164,60.62546239984587,60.548916040855865,56.544760746507116,56.46024618749501,56.39375460401188,56.237587437706935,54.95368676604043,54.87012694696788,54.94972035277455,55.194873045105524,70.08090001250027,65.06729008740324,63.37115126757522,56.544760746507116,,68.13517560677776,54.936789602388465,65.89560485475667,"rgba(0, 255, 0, 1.0)",2.8114272870163908,65.89560485475667,3.111206756951542,76.55894110674603,22.014242005292886,True,False,True,False,True,18.139752150006426,0.0,0.0,0.0,0.0,0,1.043231691500819,0.7372959540251064,False,False,False,False,0.34282824903951814,0.3401374236810618,False,False,False,False,273306,251838.33307293538,False,False,False,False,2658.571349278364,False,False,False,False
2025-05-21 00:00:00+00:00,73.6865916112,73.6865916112,73.6373161053,73.6373161053,215,,,,,,68.14454660472796,67.86488005323137,65.49505654725263,65.46224831755407,65.53115000016633,65.37767762512958,65.33257868927984,65.21822909943508,64.93392353188797,64.7374697187808,64.35828245253255,62.639160493030396,61.864045737434466,61.23048333176953,61.1051321036554,60.850191438068656,60.53504197283695,60.44940193509656,59.599781792091996,58.39179695914349,56.29028148589759,54.937462339097195,54.922115717008566,,,,,70.0972858768694,66.78347635143433,65.55499918361869,65.48433117484541,65.51696512562911,65.52088870050203,65.40060204035579,65.3181695648511,65.10799043805544,65.0692420635445,64.77539888753884,64.53277443878866,63.37281562288508,62.28052743030985,61.78280558517133,61.206881139238284,60.944136990528484,60.62641686190872,60.5498609712276,56.54552158955645,56.4610056918592,56.394511823738924,56.23833484928614,54.95436192429664,54.870786161657854,54.95034581979438,55.19546008894041,70.0972858768694,65.0692420635445,63.37281562288508,56.54552158955645,,68.14454660472796,54.937462339097195,65.89948199379549,"rgba(0, 255, 0, 1.0)",2.8581281106466734,65.89948199379549,2.7245488361410843,73.73174039254071,22.014242005292886,True,False,True,False,False,15.066913471361662,0.0,0.0,0.0,0.0,0,1.0502536358255607,0.7267665494868295,False,False,False,False,0.3085058997598196,0.32432166172044075,False,False,False,False,273091,252671.7709916438,False,False,False,False,2562.7450218556833,False,False,False,False
2025-05-22 00:00:00+00:00,73.9920997482,73.9920997482,73.3416630695,73.3416630695,6912,,,,,,68.43520455770816,68.03534625404629,65.61399971912262,65.55449619513786,65.61952086615831,65.45524032562913,65.40399939713681,65.28550711145205,64.99602329542431,64.79751566120038,64.41506757056447,62.69170258929955,61.91347383462026,61.267924412509586,61.141407040882385,60.8819177216895,60.565522880169326,60.47946172641294,59.62780031865794,58.41773546743648,56.31456742674013,54.959185548283045,54.94284742050027,,,,,70.56800906776895,66.9349149824617,65.6848433371654,65.60167837160044,65.60633262541538,65.60992838627935,65.48107021295974,65.38897308581649,65.17164046216682,65.13228850190595,64.83567475832817,64.59177290798823,63.42658087586411,62.33240272200211,61.83141531599599,61.243858589523356,60.97910540165752,60.65727415173039,60.58040984631365,56.570095767329825,56.48553613725785,56.41896815305724,56.26247385492415,54.976163320248936,54.89207290939951,54.97054440246376,55.21442028052944,70.56800906776895,65.13228850190595,63.42658087586411,56.570095767329825,,68.43520455770816,54.959185548283045,66.0207345756842,"rgba(0, 255, 0, 1.0)",2.911721585777704,66.0207345756842,2.737681106412067,72.4048180086797,22.014242005292886,True,False,True,False,False,15.704864922358553,0.0,0.0,0.0,0.0,0,1.0434916716600287,0.7283354550045589,False,False,False,False,0.308765159639338,0.31654341067988934,False,False,False,False,280003,253743.5838939323,False,False,False,False,2733.3040406064406,False,False,False,False
2025-05-23 00:00:00+00:00,73.9034038375,74.1989583222,73.5387650934,74.0087548692,1955,,,,,,68.51356128340467,68.08264200860165,65.6474495801185,65.5805462568846,65.64449078824882,65.47719283014283,65.42423227750109,65.30457779351752,65.0136380893839,64.814551769743,64.43118365147359,62.70661389462419,61.92750301113176,61.278562426656656,61.1517144731417,60.89093590123391,60.5741870819983,60.488006298831266,59.63576375270397,58.42510618421413,56.32146553072404,54.96535495039079,54.94873561078799,,,,,70.68372467596348,66.9772050742545,65.72129518946097,65.63468780109768,65.63158029752559,65.63508471101616,65.50383498844978,65.40903293927751,65.18969190304146,65.15017013302759,64.8527757658173,64.60851310985475,63.441840636841754,62.34712433618918,61.845213093570344,61.254365279670964,60.98904230747789,60.66604532157421,60.589093359183316,56.57707602703275,56.49250385285353,56.425914741884604,56.269330211861394,54.982354917238084,54.89811844767644,54.976281419826314,55.219806313034724,70.68372467596348,65.15017013302759,63.441840636841754,56.57707602703275,,68.51356128340467,54.96535495039079,66.05387071933679,"rgba(0, 255, 0, 1.0)",2.9704690393670923,66.05387071933679,2.642523121478378,71.13733182049859,25.83023076178958,True,False,True,False,False,15.419737513770194,0.0,0.0,0.0,0.0,0,1.051302226684106,0.7239809955555829,False,False,False,False,0.31942736651498016,0.31798538859743475,False,False,False,False,278048,254696.698251033,False,False,False,False,2702.782313523835,False,False,False,False
2025-05-27 00:00:00+00:00,74.7607976411,74.9677547662,74.3764486947,74.9677547662,726,,,,,,68.54645384525301,68.10247171540482,65.66103483591877,65.59113178146508,65.65464596892662,65.48610982760499,65.43244865633771,65.3123144353172,65.02076592099338,64.82143361396759,64.43767344547092,62.712547439436904,61.933061845904106,61.28276550886694,61.15578465090946,60.89449321106507,60.57760012542215,60.49137101858475,59.638889126531794,58.427986908573935,56.32414555294733,54.96774440016566,54.95101610940548,,,,,70.73518223579862,66.99463175884966,65.73610364868422,65.64809339034792,65.64184657531507,65.64531437515247,65.51308321440979,65.41717803486401,65.19700806281443,65.1574149227953,64.85968611289637,64.61526361837846,63.44794105987137,62.352970360983086,61.85067804079073,61.25851605730815,60.992963380631465,60.669501838864576,60.59251422249104,56.57978971890241,56.49521208093345,56.42861430390689,56.27199367523025,54.984753048178234,54.900459603701066,54.978503526699974,55.221893649709955,70.73518223579862,65.1574149227953,63.44794105987137,56.57978971890241,,68.54645384525301,54.96774440016566,66.06764596595747,"rgba(0, 255, 0, 1.0)",3.0451164614117285,66.06764596595747,2.854784631492337,71.85186864103068,25.83023076178958,True,False,True,False,False,17.21158017711426,0.0,0.0,0.0,0.0,0,1.0561261679813334,0.7074272642385089,False,False,False,False,0.34282824917812954,0.3304068188877821,False,False,False,False,278774,255640.9061627572,False,False,False,False,2625.2614384836847,False,False,False,False
2025-05-28 00:00:00+00:00,74.2187670756,74.4355793018,73.8393456797,74.4355793018,1251,,,,,,68.5974445719779,68.13360531341718,65.68296366253387,65.60824264610349,65.67105574440497,65.50054152063818,65.44575413317799,65.32485502031224,65.03234353538973,64.83262613113399,64.44825287207605,62.7223005844542,61.94222671426048,61.289712197582446,61.16251454308779,60.90038037646025,60.58325391275961,60.496946167461005,59.64407961929061,58.43278465835957,56.32862686048899,54.97174837448298,54.954837664495805,,,,,70.80922832929052,67.02239673082799,65.75998463319308,65.66973545027737,65.65843687115127,65.6618452664015,65.52804668365344,65.43036973848857,65.20887755242951,65.16917188541801,64.87092230440366,64.62625624847462,63.457936493516634,62.36259333246788,61.859690900323315,61.26537689822882,60.99945016799723,60.67522608635925,60.59818071437525,56.58432535051922,56.499739234972886,56.43312748393609,56.27644768976418,54.98877146647867,54.90438305613674,54.98222711488892,55.22539023227619,70.80922832929052,65.16917188541801,63.457936493516634,56.58432535051922,,68.5974445719779,54.97174837448298,66.08929107967454,"rgba(0, 255, 0, 1.0)",3.0924024511773225,66.08929107967454,2.628854466478143,70.03470544229278,24.639825191704077,True,False,True,False,False,15.456667918190305,0.0,0.0,0.0,0.0,0,1.036568631716197,0.7106367407836156,False,False,False,False,0.31507701674312005,0.3227419178154511,False,False,False,False,277523,256499.0274897079,False,False,False,False,2571.368833052952,False,False,False,False
2025-05-29 00:00:00+00:00,74.4651446054,74.4651446054,73.7950962754,73.7950962754,1160,,,,,,68.64455053831101,68.16255585469251,65.7033807643957,65.62419058188212,65.68635324180383,65.51399950924261,65.45816453155679,65.33655299183133,65.04314337514248,64.84306624323467,64.45812000103209,62.731390377382176,61.950766271490004,61.29618547954923,61.16878570210494,60.90586639086553,60.58852201877045,60.50214089781332,59.64891481403777,58.43725262508145,56.332798162701316,54.975474534162366,54.95839411582854,,,,,70.8766030315024,67.04822689911263,65.78221024432676,65.68988673150042,65.67390190115572,65.67725516020157,65.5419991696394,65.4426741985989,65.21995026395673,65.18013959686351,64.88140331506852,64.63650901447215,63.46725493142626,62.37156061144153,61.868088747395156,61.271770205330576,61.00549464049929,60.68055996880934,60.603460676943605,56.58854742869901,56.50395334730346,56.43732853399383,56.2805935529271,54.99251107449382,54.90803426427973,54.98569244735986,55.228644530538894,70.8766030315024,65.18013959686351,63.46725493142626,56.58854742869901,,68.64455053831101,54.975474534162366,66.10935709503926,"rgba(0, 255, 0, 1.0)",3.148557836343816,66.10935709503926,2.6538459652574433,69.32548052558776,23.846179233928453,True,False,True,False,False,15.977667714748517,0.0,0.0,0.0,0.0,0,1.0419896278458118,0.7159986212099209,False,False,False,False,0.31469925566806445,0.31872058674175774,False,False,False,False,278683,257368.98719599386,False,False,False,False,2516.021035678327,False,False,False,False
2025-05-30 00:00:00+00:00,74.9283343614,74.9283343614,74.6480316313,74.6819568316,759,,,,,,68.67817039141619,68.18318406969462,65.7176115575489,65.63530962017002,65.69702488036738,65.52337968166555,65.46681288020356,65.34469916997988,65.0506508663948,64.85031506962913,64.46495614496025,62.73763622675341,61.95661669418461,61.30061140536487,61.17307174553473,60.90961303979819,60.59211643901852,60.505684371764744,59.652205312734466,58.44028435333534,56.335616791857724,54.97798684989776,54.960791980018264,,,,,70.92679427559136,67.06641328682225,65.79770492370793,65.70393161391864,65.6846890934884,65.68800426791297,65.55172500479955,65.45124797354357,65.2276559010921,65.1877703085867,64.8886822003423,64.64361918432967,63.47367852042628,62.37771347348942,61.87384046825792,61.27614114143645,61.009623699779375,60.684200251547814,60.607063343485684,56.59140166358029,56.5068017629153,56.44016778433091,56.28339474111031,54.99503252061684,54.91049580696505,54.988028992640515,55.230839653021256,70.92679427559136,65.1877703085867,63.47367852042628,56.59140166358029,,68.67817039141619,54.97798684989776,66.12357309836233,"rgba(0, 255, 0, 1.0)",3.214220595921907,66.12357309836233,2.7393145555127285,69.76049289889538,23.846179233928453,True,False,True,False,False,16.952036099153958,0.0,0.0,0.0,0.0,0,1.0566534448543308,0.7097916646851771,False,False,False,False,0.34282824922076816,0.33077441798126295,False,False,False,False,279442,258234.595541249,False,False,False,False,2447.1182499654515,False,False,False,False
2025-06-02 00:00:00+00:00,75.5097853317,75.5097853317,74.6819568316,74.8297833495,1357,,,,,,68.7412137409243,68.22194168425366,65.74405273101718,65.65598153651823,65.71687283446087,65.54081983281446,65.48289215791654,65.35983956442873,65.0645908186638,64.86376569691132,64.477625258268,62.749154727097476,61.9673869246366,61.30875025169044,61.18095154677348,60.91649833472073,60.5987181859644,60.51219156984567,59.65823926257061,58.44583375274598,56.34076264872499,54.982567192726144,54.96516365685751,,,,,71.02227192711894,67.10037645735521,65.82649284519329,65.73002736576079,65.70475021590669,65.70799507396605,65.56980807367889,65.46718794163975,65.24197271459458,65.20194601319747,64.9021903865577,64.65680328465544,63.485547684792046,62.38905072789981,61.8844272734432,61.28417855570377,61.01721266102739,60.69088732702921,60.61368040994363,56.596614007283954,56.51200298084577,56.445351881683436,56.28850847231326,54.99962958006241,54.91498332044571,54.99228902539326,55.23484288209224,71.02227192711894,65.20194601319747,63.485547684792046,56.596614007283954,,68.7412137409243,54.982567192726144,66.15016119579836,"rgba(0, 255, 0, 1.0)",3.288469335328331,66.15016119579836,2.846194743356835,71.07736580184803,23.846179233928453,True,False,True,False,False,18.154117582747322,0.0,0.0,0.0,0.0,0,1.0697583687267072,0.6933561587191183,False,False,False,False,0.3428282493304992,0.33680133365588105,False,False,False,False,280799,259119.47414747454,False,False,False,False,2404.3685146726884,False,False,False,False
2025-06-03 00:00:00+00:00,74.6129711233,74.6129711233,74.1990568732,74.1990568732,882,,,,,,68.77682982649057,68.24420345219751,65.75979191586735,65.66830910314698,65.72870393559124,65.55123693846377,65.49250362770671,65.36890105425023,65.0729562504412,64.87185106902876,64.4852639356011,62.75617559056993,61.97397793362341,61.31374710925428,61.185792088401286,60.920732970313466,60.602783566283705,60.51620007456762,59.66196765234073,58.44927574316269,56.34397148709276,54.98543162358578,54.967897731959226,,,,,71.07131303863,67.1202547555406,65.84360818789752,65.74556396217051,65.71670931421687,65.71991203371266,65.58060516850183,65.47671769656955,65.2505511270194,65.21044293740987,64.91030783493952,64.66474134805999,63.49275190108378,62.39597411013017,61.890908675848806,61.28911370739191,61.021877812246565,60.69500376653644,60.617754985884694,56.59986239901306,56.51524507059047,56.448583793983545,56.291697658767,55.00250436587559,54.917790086197606,54.99495316165515,55.237345278463856,71.07131303863,65.21044293740987,63.49275190108378,56.59986239901306,,68.77682982649057,54.98543162358578,66.16547110803819,"rgba(0, 255, 0, 1.0)",3.3445175926127906,66.16547110803819,2.5257753267377754,68.24333444247704,22.540006424123362,True,False,True,False,False,15.21387240284323,0.0,0.0,0.0,0.0,0,1.0484774011748779,0.6987231250491549,False,False,False,False,0.30813725189483737,0.3224692927753592,False,False,False,False,279917,259935.06339659318,False,False,False,False,2344.667788607093,False,False,False,False
2025-06-04 00:00:00+00:00,75.2239873972,75.2929731055,75.0018534163,75.0268853733,3990,,,,,,68.95164912958666,68.35402477374852,65.83593538769038,65.72803448787857,65.78606788608806,65.60172210563536,65.53908717314907,65.41279411170423,65.11341027825685,64.910904446653,64.52207862718845,62.78971723144604,62.00536765299451,61.33750085404915,61.20879354578992,60.94084137178798,60.6220686411643,60.53521031467914,59.6796043484479,58.46550552775934,56.35903172523357,54.99884291742559,54.98069878251499,,,,,71.31894848112454,67.21726566138555,65.92638876712668,65.82072901318254,65.77468394321427,65.77768531184908,65.63293106114139,65.5229021349585,65.2920811083111,65.25156878779381,64.94952537297709,64.70303526612086,63.52728843366242,62.42899931614081,61.92176769056441,61.312572608420254,61.04403450026887,60.714536702072934,60.63708457816506,56.61511596584734,56.53046645102494,56.46375539620018,56.306664199637396,55.01596450062614,54.93093007075967,55.00742758795388,55.24906792054336,71.31894848112454,65.25156878779381,63.52728843366242,56.61511596584734,,68.95164912958666,54.99884291742559,66.2403717488401,"rgba(0, 255, 0, 1.0)",3.409751327134137,66.2403717488401,2.63468352570759,67.62276626360894,21.878461086232576,True,False,True,False,False,16.497618850732128,0.0,0.0,0.0,0.0,0,1.0572632228009518,0.6975445635502253,False,False,False,False,0.342828249348429,0.33264877106189406,False,False,False,False,283907,260875.13934182483,False,False,False,False,2409.190620426423,False,False,False,False
2025-06-05 00:00:00+00:00,75.0958710817,75.115581284,74.5932609209,75.115581284,5686,,,,,,69.17596005629305,68.49938654470948,65.9396276543092,65.80974878193065,65.86457864176465,65.67099133755612,65.60308101258659,65.4731606177399,65.16915206021703,64.96476992571587,64.57294302377542,62.83629143950418,62.04903886798417,61.37063110324384,61.240885129122304,60.96892162047672,60.6490148966102,60.561776886719336,59.70428347780868,58.48825089073707,56.38018091838942,55.01769895197068,54.998698362317946,,,,,71.605411712686,67.34752406783487,66.03887725429752,65.92312192201972,65.85402208443327,65.85675092492308,65.7046837944742,65.58635792363837,65.34925543543612,65.3082003257424,65.00360846751609,64.75589695158013,63.57515493503852,62.4748948267142,61.96471124873952,61.34529458301675,61.07495961546513,60.74182469039008,60.66409228263988,56.63653175150689,56.55183859063013,56.48505891254861,56.327682926344266,55.034888875776225,54.94940608882205,55.024968275709554,55.265550319114894,71.605411712686,65.3082003257424,63.57515493503852,56.63653175150689,,69.17596005629305,55.01769895197068,66.33917503100542,"rgba(0, 255, 0, 1.0)",3.4653721781888995,66.33917503100542,2.526913589775245,66.70188610496243,20.8876508353013,True,False,True,False,False,16.079188124609242,0.0,0.0,0.0,0.0,0,1.0463207916967294,0.7018272136658983,False,False,False,False,0.32805374128020653,0.3303512561710503,False,False,False,False,278221,261555.3691715572,False,False,False,False,2537.6929490371513,False,False,False,False
2025-06-06 00:00:00+00:00,75.5097853317,75.5097853317,75.1106537334,75.2239873972,749,,,,,,69.20643162623321,68.51933920668056,65.95377310781608,65.82092073187142,65.87531920041742,65.680470944015,65.61184186472718,65.48142418407267,65.17677771036563,64.97213488067597,64.57989034482445,62.842622989253755,62.05496606521203,61.3751249872118,61.24523731058466,60.97272890713481,60.652666433715616,60.56537647061211,59.707622571598016,58.491322754281605,56.38302950472943,55.02023518530378,55.001119468075295,,,,,71.64436163112363,67.3653357526648,66.05421154127086,65.93709150206615,65.86487426059414,65.86756630649259,65.7145016386106,65.59504509447578,65.35708116458555,65.3159510169771,65.01100404587649,64.76312006745852,63.58167440320147,62.48112890160873,61.97053894315626,61.34973299967848,61.079152565134535,60.74552310969655,60.6677522367859,56.63941708551525,56.55471775673593,56.48792861591635,56.330513787096855,55.03743433675361,54.951891086201805,55.02732778215263,55.26776816517053,71.64436163112363,65.3159510169771,63.58167440320147,56.63941708551525,,69.20643162623321,55.02023518530378,66.35266612654684,"rgba(0, 255, 0, 1.0)",3.515310169996604,66.35266612654684,2.604924960337714,66.97022049370199,20.8876508353013,True,False,True,False,False,16.954300226134897,0.0,0.0,0.0,0.0,0,1.0577684753666312,0.6900141041573704,False,False,False,False,0.34282824940424245,0.33658975278764636,False,False,False,False,278970,262238.2958707118,False,False,False,False,2467.548127506283,False,False,False,False
2025-06-09 00:00:00+00:00,75.3619588138,75.5294955341,75.2732629031,75.3028282067,21760,,,,,,69.97872722366428,69.05328815542171,66.34746838992055,66.13484974035215,66.17746785478244,65.9483298517875,65.85997232674922,65.71589251341811,65.39369479280339,65.18187677082118,64.7781063799227,63.023983178494234,62.225038008596556,61.50454056584479,61.370619604700046,61.08255436694141,60.75804858497181,60.66927419248381,59.80408359151628,58.580141923645165,56.46546538505349,55.09368461899377,55.07124687353091,,,,,72.50843720617864,67.85108932457163,66.47924374553426,66.32612914914564,66.17006940487194,66.17175812740341,65.99160800612304,65.84115355456461,65.57947568344893,65.53628095782767,65.22158415830809,64.96898354000578,63.76816534033288,62.65980732514047,62.137805611612734,61.47756828920246,61.1999993474747,60.852243583246185,60.7733747812437,56.72290708157374,56.63803159219587,56.57097103896858,56.41243986060685,55.111149804809386,55.02386289216361,55.09567689352402,55.33202504495566,72.50843720617864,65.53628095782767,63.76816534033288,56.72290708157374,,69.97872722366428,55.09368461899377,66.71432600834387,"rgba(0, 255, 0, 1.0)",3.565498348607924,66.71432600834387,2.4253644119152145,66.50239650944314,20.373420983403477,True,False,True,False,False,16.45926220737865,0.0,0.0,0.0,0.0,0,1.0617239632866484,0.6939814521456495,False,False,False,False,0.3428282494349601,0.3397090011113032,False,False,False,False,257210,262041.10779735053,False,False,False,False,3224.114867604076,False,False,False,False
2025-06-10 00:00:00+00:00,75.421089421,75.421089421,75.0416680251,75.0416680251,243,,,,,,69.98613326013306,69.05870143008065,66.35163586026731,66.1382049052587,66.18070050851274,65.95120883636453,65.86264564730355,65.7184235030919,65.39604294268528,65.18415028877688,64.78025970447531,63.02596376671568,62.22689942260923,61.50596263633693,61.371997965442404,61.08376340652238,60.75920943093961,60.67041889686459,59.80514766739623,58.581123024941895,56.46637739732951,55.094498088469244,55.07202368584495,,,,,72.51559977010494,67.85611873423231,66.48372417858629,66.33024987796523,66.1733337078356,66.17501202017976,65.9945829862196,65.84380582980384,65.5818803892143,65.53866416826905,65.22386631188995,64.97121719226826,63.77019816791511,62.66176027907895,62.13963695108313,61.47897319864583,61.20132852461498,60.85341895884447,60.774538239391596,56.72383058412634,56.638953194723626,56.57188968359143,56.413346280958926,55.11196620406274,55.02466007747838,55.09643406686516,55.332736963467326,72.51559977010494,65.53866416826905,63.77019816791511,56.72383058412634,,69.98613326013306,55.094498088469244,66.71802674339992,"rgba(0, 255, 0, 1.0)",3.615533186999354,66.71802674339992,2.4071311830007116,66.33384386404661,19.99175562248267,True,False,True,False,False,16.587615012637137,0.0,0.0,0.0,0.0,0,1.0612313459418992,0.6961229749864195,False,False,False,False,0.33438487737653744,0.3370469392439203,False,False,False,False,257453,261861.18200137603,False,False,False,False,3107.208402207838,False,False,False,False
2025-06-11 00:00:00+00:00,75.2239873972,75.7265975579,74.9945606414,75.5196404329,1504,,,,,,70.03169093599956,69.09210711408362,66.37740219607045,66.15896268577937,66.20070222568225,65.969027232572,65.87919375594198,65.73409221071985,65.4105815530524,65.19822745465552,64.79359354475764,63.03822840375384,62.23842648280348,61.51477076977465,61.3805354978199,61.091252694334976,60.76640022663743,60.67750972490603,59.81173898510946,58.58720021457044,56.47202627392414,55.099536529544054,55.07683513980089,,,,,72.55944455593152,67.88718177395079,66.51141798969604,66.35572823991517,66.19353075388157,66.1951448194071,66.01299414506974,65.86022392405465,65.59676864594896,65.55341955322123,65.23799688330774,64.98504778623608,63.78278629259093,62.67385380743637,62.15097791629757,61.48767510370671,61.20956154619966,60.86069974431465,60.781745213092044,56.729550662811675,56.644661489768936,56.577579649127976,56.41896052230315,55.11702278938167,55.02959767448506,55.101123917025504,55.33714662062542,72.55944455593152,65.55341955322123,63.78278629259093,56.729550662811675,,70.03169093599956,55.099536529544054,66.7408805597143,"rgba(0, 255, 0, 1.0)",3.6529482462953484,66.7408805597143,2.322263077799934,65.25829124562604,18.75622878763761,True,False,True,False,False,15.909646054533649,0.0,0.0,0.0,0.0,0,1.0627137283750552,0.6849367966617138,False,False,False,False,0.34079758548087147,0.33892226236239587,False,False,False,False,255949,261629.3317268123,False,False,False,False,3044.3374844741975,False,False,False,False
2025-06-12 00:00:00+00:00,75.9763258221,75.9763258221,75.9763258221,75.9763258221,61,,,,,75.9763258221,70.03375146802247,69.09359764898576,66.37852120402665,66.1598632705472,66.20157034141788,65.96979952180726,65.87991065059107,65.7347704181892,65.41120962737585,65.19883484368239,64.79416757800479,63.038752088588026,62.23891719532772,61.51514488442286,61.38089796892388,61.09157039644758,60.76670497409443,60.677810159442075,59.81201759873121,58.58745634330456,56.47226335038112,55.099747511117904,55.07703661168163,,,,,72.56161366569566,67.88854786187022,66.5126216392117,66.3568346019264,66.19440728275545,66.19601857652961,66.01379231491013,65.8609351055371,65.59741255348028,65.55405754711661,65.23860671741949,64.98564381338545,63.78332551174524,62.67436944808193,62.15146056232233,61.4880446767502,61.20991090752186,60.86100839004419,60.782050659677715,56.72979083831691,56.644901133565234,56.57781849468227,56.41919612338215,55.1172345362955,55.02980441195081,55.10132030558016,55.33733134730862,72.56161366569566,65.55405754711661,63.78332551174524,56.72979083831691,,70.03375146802247,55.099747511117904,67.27877805610481,"rgba(0, 255, 0, 1.0)",3.703457737699905,67.27877805610481,2.348493862224263,66.45090333866636,18.75622878763761,True,False,True,False,False,17.565573976049922,0.0,0.0,0.0,0.0,0,1.0709879313298847,0.690435031521702,False,False,False,False,0.34282824962034336,0.3408752559913696,False,False,False,False,256010,261408.96577674124,False,False,False,False,2927.3438576320723,False,False,False,False
2025-06-13 00:00:00+00:00,74.8297833495,74.8297833495,74.7115221352,74.7460149894,1688,,,,,74.83172585812348,70.0789421282392,69.12752610888761,66.40556985410441,66.18171607814638,66.2226246970596,65.9885959615792,65.89738283602807,65.75133316320067,65.42661255871717,65.21376892400532,64.80834672150311,63.0518998987412,62.251311270102796,61.524641376338586,61.3901067359104,61.09965646831353,60.774475961317975,60.68547502034115,59.81915823798662,58.59405778993429,56.47842270260042,55.105252561290605,55.082293943874404,,,,,72.6000898953487,67.92065171578825,66.54164933006334,66.38358728050751,66.21566734783602,66.21721109433489,66.03320548641494,65.87827272340071,65.61316678781502,65.56967584073308,65.25359386157159,65.00033457819703,63.79677845920301,62.687351723927144,62.16365846848473,61.497427549896955,61.21879600262692,60.86887454340931,60.789838794475955,56.73602524184387,56.65112354358521,56.58402159478847,56.425318238963285,55.12275927002258,55.03519984389392,55.10644466578493,55.34214815780018,72.6000898953487,65.56967584073308,63.79677845920301,56.73602524184387,,70.0789421282392,55.105252561290605,67.2442603373164,"rgba(0, 255, 0, 1.0)",3.7333555010739445,67.2442603373164,2.031824456578414,62.50664046676492,16.054645322235444,False,False,True,False,False,13.700125402524641,0.0,0.0,0.0,0.0,0,1.0655474229376287,0.6815374312277982,False,False,False,False,0.2860369508795278,0.3134561034354487,False,False,False,False,254322,261131.04555020237,False,False,False,False,2878.742137724932,False,False,False,False
2025-06-16 00:00:00+00:00,74.4158690994,74.9677547662,74.4158690994,74.9381894626,2663,,,,,74.69175848771297,70.14570154973259,69.1784642776753,66.44692842070617,66.21520903665912,66.2548971118432,66.01744862131854,65.92422059483238,65.77679163811374,65.45031736859768,65.23676783941826,64.83020881537534,63.07224655549984,62.27051820009367,61.53938072909514,61.4044026605439,61.11221645496321,60.78655160817086,60.69738712697961,59.83026633520111,58.604338959354244,56.48803030403135,55.113847109543656,55.09050211802338,,,,,72.65310918558494,67.96930815803728,66.58598368832163,66.424500345275,66.24825384237985,66.2496945408231,66.06299526583639,65.90490635208793,65.6373975487088,65.59370132874803,65.27667182479799,65.02297221334489,63.817568513637916,62.70745464509645,62.18256451203145,61.51199136642292,61.23259311671057,60.88109659713637,60.80194084751103,56.745748228131085,56.66082836653982,56.59369673735415,56.43486812133318,55.13138444566686,55.04362368874334,55.11444526990836,55.34966794246417,72.65310918558494,65.59370132874803,63.817568513637916,56.745748228131085,,70.14570154973259,55.113847109543656,67.27157936814973,"rgba(0, 255, 255, 0.75)",3.741139503912155,67.27157936814973,1.9096560616837188,58.497019781723395,12.39097977464619,False,False,True,False,False,12.35631236829041,0.0,0.0,0.0,0.0,0,1.0732886921833296,0.6767821181733189,False,False,False,False,0.28238865809075264,0.2979223807631007,False,False,False,False,251659,260759.59278352777,False,False,False,False,2870.2816617357194,False,False,False,False
2025-06-17 00:00:00+00:00,73.8442732303,74.2049699339,73.8442732303,74.2049699339,411,,,,,74.62978440676677,70.15438511520868,69.18533016479466,66.45277990504236,66.21996463307495,66.25947828896035,66.02155607677325,65.9280456722778,65.78042579221743,65.45371170954537,65.24006721733139,64.83335539959273,63.0752076986588,62.27332474556519,61.541542084954735,61.406500198431814,61.11406163428125,60.78832781775136,60.69913985828041,59.83190555877066,58.605861571828505,56.48946022487543,55.11512966701434,55.09172709533508,,,,,72.65845349081212,67.9760410768335,66.59224369470049,66.43029059584327,66.25287972382039,66.25430579019016,66.06723369807906,65.90870313451548,65.64086134782376,65.59713719733729,65.27998143889664,65.0262253868005,63.820581421028194,62.71038580287272,62.185328266935755,61.51412724928637,61.23461890351624,60.88289370982306,60.80372083953459,56.74719453904558,56.6622722337556,56.5951363919023,56.43628961069545,55.13267153163494,55.044880939378224,55.1156392343134,55.35078971578659,72.65845349081212,65.59713719733729,63.820581421028194,56.74719453904558,,70.15438511520868,55.11512966701434,67.27318057573086,"rgba(0, 255, 255, 0.75)",3.7396350300487193,67.27318057573086,1.7571481178695492,54.08647724466688,8.480063516882836,False,True,False,False,False,10.530367827983884,0.0,0.0,0.0,0.0,0,1.0926853825648988,0.6474699695685445,False,False,False,False,0.2517960381886855,0.2748592094758931,False,False,False,False,251248,260386.58914495807,False,False,False,False,2773.839243628436,False,False,False,False
2025-06-18 00:00:00+00:00,73.8048528255,73.9428242422,73.6373161053,73.8344181291,4364,,,,,74.23324483104678,70.24021271824805,69.25449213586626,66.51296427915182,66.26900451987136,66.30672475760322,66.06398342993656,65.96758506065137,65.81802009013954,65.48887209587829,65.27426910171302,64.86601487143174,63.106062220812795,62.302610918422296,61.56413257325997,61.428428690414805,61.13336312229115,60.80691588189017,60.717484398484245,59.8490789398492,58.62183185385153,56.504481577136204,55.128614743199236,55.10460737548222,,,,,72.70559346035179,68.04461196830542,66.6565497883693,66.48985643401767,66.30058524324352,66.30186119551831,66.11099854057343,65.94795418216304,65.67671764628801,65.63271049761164,65.31428515158156,65.05996984345607,63.85192973227306,62.74094760212939,62.2141729051791,61.53645280264928,61.25580313240652,60.90169819242979,60.822348106899724,56.762385457791,56.67743832333904,56.610258909941024,56.45122296012937,55.14620405926123,55.05810062366029,55.12819350622573,55.362583983676245,72.70559346035179,65.63271049761164,63.85192973227306,56.762385457791,,70.24021271824805,55.128614743199236,67.30112714374177,"rgba(0, 255, 255, 0.75)",3.7454219708938874,67.30112714374177,1.736446716097533,51.02883736660861,5.902145592832568,False,True,False,False,False,10.404741347138856,0.0,0.0,0.0,0.0,0,1.101909742174457,0.6231711698654654,False,False,False,False,0.23325816659932022,0.2540586880376067,False,False,False,False,246884,259857.0758451558,False,False,False,False,2836.1984889763407,False,False,False,False
2025-06-20 00:00:00+00:00,72.9376039207,72.9376039207,72.9376039207,72.9376039207,90,,,,,74.2206752846491,70.2415235384284,69.25563143052872,66.51405017860257,66.26989474395899,66.30758204983357,66.06475704876596,65.9683074480326,65.81870876148368,65.48951957084097,65.27490089253205,64.86662147606187,63.10664578167939,62.30316838558096,61.56456498883573,61.42884881320812,61.133733650837705,60.807273400329464,60.71783741380421,59.84941091965037,58.62214226880626,56.50477574418245,55.128879880097806,55.104860645438855,,,,72.9376039207,72.70579174859208,68.04580080283617,66.65770607070665,66.49093174759601,66.30145090745808,66.30272413336205,66.11179577007769,65.94867155819419,65.67737605489958,65.63336416440134,65.3149184689666,65.0605949913181,63.8525185941483,62.741527363508204,62.214722337899055,61.53688023094485,61.256209446961506,60.90205967542655,60.822706347516046,56.76268270347641,56.67773516302529,56.610554959643025,56.45151545295668,55.146470116169354,55.05836059412389,55.1284403549368,55.36281575454203,72.70579174859208,65.63336416440134,63.8525185941483,56.76268270347641,,70.2415235384284,55.128879880097806,67.6737173681554,"rgba(38, 166, 154, 1.0)",3.7427395977124474,67.6737173681554,1.4064260724315094,46.62017813845742,2.0586452065821916,False,True,False,True,False,7.678586609890949,0.0,0.0,0.0,0.0,0,1.1005928900120663,0.6592485005704711,False,False,False,False,0.18116656272679793,0.2176126253822023,False,False,False,False,246794,259344.79836103207,False,False,False,False,2728.5044305851115,False,False,False,False
2025-06-23 00:00:00+00:00,74.2089119744,74.2089119744,73.5387650934,73.5387650934,14830,,,,,74.07601981917969,70.51909856975045,69.48502489074068,66.71649933157786,66.43596253384447,66.46773930872517,66.20897761856624,66.10292588310467,65.9468360173188,65.60949103376018,65.39164730838345,64.9781646716079,63.21201664012669,62.40320898979192,61.64189533971387,61.50392481112351,61.19986472453816,60.870962573802295,60.780693849027664,59.90824628430819,58.67683939880777,56.55618645340489,55.17502544648131,55.1489425359253,,,,73.97920841274386,72.86376698943292,68.27444700819115,66.8734442270965,66.69137916780728,66.4631218395871,66.46390020008047,66.26045097458012,66.08232898661132,65.79968771632916,65.75472635381996,65.43200876207258,65.17579392794237,63.959591586244294,62.84589386702443,62.31326730293727,61.6133096998238,61.328748934388564,60.966489464073625,60.88652961296956,56.81467702406218,56.729642998729034,56.66231281139792,56.50262501040349,55.19277784054902,55.103599655379554,55.17141020722495,55.40319534668056,72.86376698943292,65.75472635381996,63.959591586244294,56.81467702406218,,70.51909856975045,55.17502544648131,67.87327729245439,"rgba(0, 255, 255, 0.75)",3.7574830133470316,67.87327729245439,1.6861379437886133,47.897449112092815,2.0586452065821916,False,True,False,True,False,10.746521427465229,0.0,0.0,0.0,0.0,0,1.105707090167291,0.6774342807013348,False,False,False,False,0.2122522309412977,0.21493242816175,False,False,False,False,261624,259434.17881746218,False,False,False,False,3203.072884287656,False,False,False,False
2025-06-24 00:00:00+00:00,75.2239873972,75.2239873972,74.8987690578,74.8987690578,459,,,,,74.09544336034973,70.52962171587181,69.4934640787806,66.72353732148268,66.4417407888082,66.47331887531361,66.21399409347971,66.1076073210629,65.95128600798989,65.61364388747587,65.39567937284795,64.98200116697632,63.21558406282112,62.40657742903745,61.644491125982604,61.50644323258137,61.20208062218962,60.87309299301162,60.782795480204925,59.91020502511065,58.678650613009985,56.557875685213716,55.176535670408214,55.15038527549954,,,,74.01312447672312,72.8723376827555,68.28258804843544,66.88094779410177,66.69834692624619,66.46875261910297,66.4695141799148,66.26562242268828,66.08697626819624,65.80393060422251,65.7589343572644,65.43605449156075,65.17976327055283,63.96323894974508,62.84941774200999,62.31658376991593,61.61587497795523,61.33118017928301,60.96864570693172,60.888664683805985,56.81638686011665,56.73134950627128,56.664014017204025,56.50430407915065,55.19429343555565,55.105079981579536,55.17281672783051,55.404518166030954,72.8723376827555,65.7589343572644,63.96323894974508,56.81638686011665,,70.52962171587181,55.176535670408214,67.88155444713952,"rgba(0, 255, 255, 0.75)",3.78847123840093,67.88155444713952,1.9380991666600695,51.2519672527814,2.0586452065821916,False,True,False,False,True,13.046788004687006,0.0,0.0,0.0,0.0,0,1.0475600245858498,0.6904004079688787,False,False,False,False,0.2753799047364462,0.2451561664490981,False,False,False,False,262083,259538.05415795385,False,False,False,False,3095.462182943042,False,False,False,False
2025-06-25 00:00:00+00:00,74.8889139566,74.8889139566,74.3074629863,74.4749997066,23839,,,,,74.39076703180963,70.97227854802337,69.86913581414883,67.05599361196523,66.71756964595465,66.73989382871822,66.4550358581736,66.33319072610331,66.16627372865926,65.81512377645893,65.59172762598055,65.16923613626908,63.39152567288025,62.57339472431893,61.77378102735586,61.631971025531584,61.31275613871044,60.97962992584832,60.88792923237534,60.008452587574666,58.76978129832325,56.643209938938696,55.25301116425997,55.223458928756024,,,,74.42766734438061,73.1731862264861,68.65584692612222,67.23374164226756,67.02771882138047,66.73770479374019,66.73768859416613,66.51377347870272,66.31099621222303,66.00938609644784,65.96280934680078,65.63269806350802,65.3731049852228,64.14242683904376,63.02351505346726,62.48091755048486,61.74367193815806,61.45246705315272,61.076435806141426,60.99542792638157,56.90272271125847,56.8175294466116,56.74993638825405,56.589134201234636,55.27103807493732,55.180054241022795,55.24406071218435,55.47151757160847,73.1731862264861,65.96280934680078,64.14242683904376,56.90272271125847,,70.97227854802337,55.25301116425997,68.17453291381369,"rgba(0, 255, 255, 0.75)",3.8169091603052037,68.17453291381369,1.7591147079458989,52.480589443508734,-3.8479898089564415,False,True,False,False,True,11.99771672886516,0.0,0.0,0.0,0.0,0,0.9986472346191291,0.6882808957737949,False,False,False,False,0.24128713683696829,0.2432216516430332,False,False,False,False,238244,258702.9932105831,False,False,False,False,3908.9342542001777,False,False,False,False
2025-06-26 00:00:00+00:00,75.57,75.57,75.57,75.57,123,,,,,74.39375593831902,70.97479810560624,69.87125937539709,67.05782528883614,66.71909585431247,66.74137077244067,66.45637229467394,66.33444248623822,66.16746654851747,65.81624029384295,65.59281288254563,65.17027048839938,63.392488660539875,62.574304968895845,61.77448618933685,61.63265546735681,61.31335949908871,60.98021014931589,60.888501673256734,60.008986117271235,58.770274492268655,56.64366938670374,55.25342188073834,55.22385142078492,,,,74.43123885798323,73.17522561644398,68.6579228327697,67.23568309308845,67.0295338006689,66.73919444831687,66.73917408188078,66.5151488311938,66.31223929876633,66.01052584775762,65.96394011934797,65.63378687238799,65.37417389497683,64.14341122953792,63.02446639906365,62.48181405998605,61.744368950797785,61.45312810510341,61.077023018624864,60.996009407813276,56.903187806855485,56.8179936134055,56.750399101496434,56.58959089082204,55.27145024612642,55.18045686714163,55.244443428679986,55.471877733909906,73.17522561644398,65.96394011934797,64.14341122953792,56.903187806855485,,70.97479810560624,55.25342188073834,68.17631067462796,"rgba(0, 255, 255, 0.75)",3.8481309858930204,68.17631067462796,1.9213715313945356,54.86846460842972,-1.6096302633265935,False,True,True,False,True,13.517149104180106,0.0,0.0,0.0,0.0,0,1.0263004660846504,0.7018158214021389,False,False,False,False,0.30899462275576284,0.27610813719939803,False,False,False,False,238367,257905.50328075633,False,False,False,False,3760.4662442315434,False,False,False,False
2025-06-27 00:00:00+00:00,76.06,76.06,75.62,75.62,500,,,,,74.40925297465553,70.9857749700656,69.88039457217175,67.0655630197485,66.72553499117878,66.74760280909983,66.46200544170739,66.33971648562988,66.17248923843236,65.82093602212268,65.59737379346687,65.17461179692062,63.39651200098303,62.578101558309605,61.77742328083574,61.63550558120946,61.31587071164435,60.98262379947285,60.890882616317256,60.011202404454764,58.772320014417446,56.64557070732534,55.255119500597104,55.22547368170343,,,,74.44983897438782,73.18466365706556,68.66676718404254,67.24389060086807,67.03720011312105,66.745480016589,66.74544208259915,66.52094722318785,66.3174763372283,66.01532248790603,65.9686982086955,65.63836332136142,65.37866299141166,64.14753125435757,63.02843796732525,62.48555271010284,61.74727195596221,61.45588001032887,61.07946610803662,60.9984283496324,56.90511297027302,56.81991477617574,56.752314126024366,56.59148070346194,55.27315390313226,55.182120951995955,55.24602531533495,55.47336668373161,73.18466365706556,65.9686982086955,64.14753125435757,56.90511297027302,,70.9857749700656,55.255119500597104,68.18420306941903,"rgba(0, 255, 0, 1.0)",3.8709300010255996,68.18420306941903,2.034600710551286,57.48734919356654,0.8671307283120981,False,True,True,False,True,14.586758595841253,0.0,0.0,0.0,0.0,0,1.0007670538885305,0.6991946803297647,False,False,False,False,0.33139582223959135,0.3037519797194947,False,False,False,False,238867,257158.89530896198,False,False,False,False,3632.60482288913,False,False,False,False
2025-06-30 00:00:00+00:00,76.49,76.49,76.0,76.0,657,,,,,74.43460752423088,71.0013282762044,69.89317583957302,67.07618388514933,66.7343623392853,66.75614754386848,66.46972046494955,66.346936515834,66.17936090389597,65.82735200087832,65.60360058518299,65.18053030509164,63.40196918887251,62.58324151882797,61.78139355705413,61.63935726827492,61.31926252807612,60.98588191602378,60.89409607730666,60.014189337398584,58.77507188382052,56.6481220544962,55.25739437221466,55.22764752743854,,,,74.48028679388081,73.1988304219427,68.67901693749248,67.2551647486548,67.04772171171857,66.75409794923064,66.75403596552287,66.52889025852926,66.32464516570116,66.02188111781753,65.97520299637267,65.64461223931185,65.38478706298024,64.15313061390242,63.03382017741438,62.49061325496072,61.751195943817024,61.45959775650632,61.082764520559024,61.00169369847658,56.90769703689729,56.822493231957914,56.754884155344925,56.59401646430708,55.27543690194796,55.18435074131704,55.248145109643886,55.475362390982546,73.1988304219427,65.97520299637267,64.15313061390242,56.90769703689729,,71.0013282762044,55.25739437221466,68.19557986799272,"rgba(0, 255, 0, 1.0)",3.903546853913716,68.19557986799272,2.1248419558974287,60.08608067044602,3.3344992662238795,False,False,True,False,True,15.513452518215633,0.0,0.0,0.0,0.0,0,1.0094096767625813,0.6903000008428242,False,False,False,False,0.3428282462473096,0.32329011298340216,False,False,False,False,239524,256467.33078704192,False,False,False,False,3515.9144376777917,False,False,False,False
2025-07-01 00:00:00+00:00,76.63,76.63,76.34,76.34,22141,,,,,75.08155832393207,71.49571424581043,70.30907205222687,67.4280851365753,67.02885072417861,67.04148460815802,66.72815028875964,66.58920924323355,66.410228435795,66.0432494343141,65.81326401913665,65.38000765963614,63.58611988174424,62.75681119973168,61.915820296727055,61.769799154629965,61.434239630837006,61.09634603221607,61.00305316609158,60.11548112619842,58.86839455224207,56.7346166918659,55.33452091456162,55.301360499888965,,,,75.20597691393411,73.63866974136184,69.08066698096042,67.62769540142577,67.39647608011954,67.04180583606123,67.04096523089206,66.79473933411664,66.56524373307673,66.24246895333421,66.19402050999744,65.85500518605433,65.59106116169824,64.34201858519948,63.215469293021876,62.66153249061479,61.884068670829706,61.585535201803424,61.19458890887852,61.11240190343556,56.99530274100793,56.90990731829136,56.84201208452315,56.679983652645674,55.35283835003554,55.259952838456776,55.320032054145685,55.54305979342413,73.63866974136184,66.19402050999744,64.34201858519948,56.99530274100793,,71.49571424581043,55.33452091456162,68.54705408869748,"rgba(0, 255, 0, 1.0)",3.9309927408693888,68.54705408869748,2.0562098289489263,62.09620468211929,5.273432608314096,False,False,True,False,True,15.815064686307558,0.0,0.0,0.0,0.0,0,1.0199881719043264,0.6943127817786993,False,False,False,False,0.34282824645792437,0.33305917972066323,False,False,False,False,261665,256671.16095225597,False,False,False,False,4246.309949925721,False,False,False,False
2025-07-02 00:00:00+00:00,77.0,77.0,76.4204,76.4204,2832,,,,,75.1470018722005,71.55573848879621,70.36071353799466,67.47251119772554,67.06629326106403,67.07780148347771,66.7611464125864,66.62019836566105,66.43979529333048,66.07094140081928,65.84017207235678,65.40563100894644,63.6097918850717,62.77913551699647,61.93315633769088,61.78662502071859,61.449084916233645,61.11061039143625,61.0171236543385,60.12856188353229,58.880444210539956,56.74577781881023,55.34447240117159,55.31087312976297,,,,75.27522178539992,73.69123464022621,69.13087420513543,67.67459524685006,67.44052318043788,67.07841448128643,67.07747808520831,66.82865404401288,66.59602438745331,66.27074981818768,66.22207939930345,65.88200517640281,65.61754151537302,64.36629645190378,63.23882141485745,62.683519759973635,61.901206030745705,61.60178383705555,61.209028358289764,61.12669766886042,57.00660783195908,56.92118737491877,56.85325505931459,56.69107678299419,55.362825236291805,55.26970811841784,55.329310005095195,55.55179981718096,73.69123464022621,66.22207939930345,64.36629645190378,57.00660783195908,,71.55573848879621,55.34447240117159,68.5893524593169,"rgba(0, 255, 0, 1.0)",3.9702318130808867,68.5893524593169,2.1184273202819526,64.17268929290819,7.316960316376935,False,False,True,False,True,16.61341007005891,0.0,0.0,0.0,0.0,0,1.0399446084639736,0.6825458498374296,False,False,False,False,0.3428282458683457,0.33794371279450447,False,False,False,False,264497,256978.0566011871,False,False,False,False,4190.846814634517,False,False,False,False
2025-07-03 00:00:00+00:00,76.39,76.75,76.39,76.75,231,,,,,75.15120612873379,71.56030138788472,70.36469735344636,67.4760017424819,67.06924204587158,67.080661853,66.76374906932317,66.62264438372081,66.44213074733833,66.0731316179919,65.842301850301,65.40766170418013,63.61167567833541,62.78091487172448,61.93454043823889,61.7879687218134,61.45027117170001,61.11175078198102,61.01824869534203,60.12960897647036,58.88141009949795,56.74667419888498,55.345272495573795,55.31163797455221,,,,75.27956311089339,73.6950442729045,69.13478349195228,67.6782759883045,67.44398454972892,67.08129773142946,67.080353831312,66.83132827628106,66.59845419578136,66.27298515385849,66.22429756519038,65.88414196250656,65.61963879775399,64.36822542758223,63.24068106707111,62.685272572386246,61.90257435181155,61.60308183124048,61.21018258520611,61.12784054400776,57.007515580234426,56.92209317589155,56.85415793284438,56.69196774317379,55.36362816539361,55.27049248517587,55.330055980514786,55.55250245433455,73.6950442729045,66.22429756519038,64.36822542758223,57.007515580234426,,71.56030138788472,55.345272495573795,68.59255014397185,"rgba(0, 255, 255, 0.75)",4.005585826613271,68.59255014397185,1.9466440599578683,63.148797345647175,7.316960316376935,False,False,True,False,True,14.580605309500505,0.0,0.0,0.0,0.0,0,1.0177069513883947,0.7094447579698306,False,False,False,False,0.3301675864141809,0.3340556496043427,False,False,False,False,264266,257263.85830310133,False,False,False,False,4035.5587042566926,False,False,False,False
2025-07-07 00:00:00+00:00,76.6,76.76,76.45,76.45,2182,,,,,75.19231811067819,71.60379590637311,70.40264259522777,67.50917976433072,67.0972798249257,67.10786182835078,66.78849985826459,66.64590718115765,66.46434187170448,66.09395951640447,65.86255327118306,65.42696778984401,63.62957123528602,62.797813839416534,61.94768517645017,61.80072947125626,61.46153658281983,61.12257969752304,61.0289316266297,60.139549416940724,58.890576836055445,56.75517726193617,55.35286042877067,55.31889168752137,,,,75.32211314662146,73.73170450820118,69.17197157486567,67.7132589860678,67.47688563598788,67.10871460386154,67.10769955619239,66.8567589667818,66.62156284266685,66.29424390105987,66.24539271439494,65.90446040957934,65.63957916032561,64.38655595755213,63.25834482923347,62.701919172669626,61.915569226749795,61.61540809197872,61.22114315496123,61.13869309414745,57.01612691644074,56.930685887697386,56.86272276123734,56.70041931861001,55.371242998059905,55.27793121344785,55.33713082869927,55.55916670960852,73.73170450820118,66.24539271439494,64.38655595755213,57.01612691644074,,71.60379590637311,55.35286042877067,68.62310666888571,"rgba(0, 255, 255, 0.75)",4.043553296849828,68.62310666888571,1.9727434623722568,62.96541012544336,7.316960316376935,False,False,True,False,True,15.047914475459244,0.0,0.0,0.0,0.0,0,1.0072966574254019,0.7200196965346197,False,False,False,False,0.33330880608289665,0.33368222784361967,False,False,False,False,266448,257624.02072258753,False,False,False,False,3962.8701276191755,False,False,False,False
2025-07-08 00:00:00+00:00,77.38,77.38,76.56,76.56,348,,,,,75.2009231468771,71.61135482461668,70.40913950237983,67.51474056057796,67.10197219904879,67.11241469049867,66.79263761682171,66.64979429914396,66.46805068579319,66.09743240115336,65.86592708398511,65.43017908922913,63.63253133304446,62.80060330354487,61.9498513339029,61.8028317418113,61.46339139024613,61.124361473495746,61.03068907736466,60.141182110200006,58.892079451092556,56.75656708737057,55.354098754464296,55.32007544818786,,,,75.33121480896429,73.73847591421996,69.17826776011601,67.71912742068707,67.4823992685203,67.11330366951559,67.11227672972522,66.86101141178631,66.6254238439861,66.29779144439384,66.24891228841652,65.90784592875546,65.64289838386026,64.38959459473449,63.261263738788536,62.70466639707341,61.91771056251878,61.61743805018709,61.22294692978512,61.14047881284594,57.017534884553235,56.932090662469186,56.86412286197441,56.70180064042647,55.37248573628285,55.27914510230548,55.33828543348986,55.56025459173458,73.73847591421996,66.24891228841652,64.38959459473449,57.017534884553235,,71.61135482461668,55.354098754464296,68.62846160430446,"rgba(0, 255, 0, 1.0)",4.09101928119255,68.62846160430446,2.1392073207595397,64.53769179846934,8.204604530208357,False,False,True,False,True,16.755307560125722,0.0,0.0,0.0,0.0,0,1.0104088375774127,0.7038435847203166,False,False,False,False,0.34282824475438795,0.3382552362990038,False,False,False,False,266796,257983.70618444687,False,False,False,False,3821.1105147713647,False,False,False,False
2025-07-09 00:00:00+00:00,78.28,78.28,77.655,77.655,760,,,,,75.22883045030949,71.63067705615255,70.42532251172489,67.5280819817104,67.11319159897664,67.1233019860465,66.80250696527659,66.65905585311619,66.47687530230864,66.1056733910788,65.87392008227029,65.43776523149272,63.63945405703904,62.80710212689021,61.95488092616598,61.80771027462037,61.467690376935344,61.1284861942264,61.03475616455339,60.14494942277746,58.895533972958184,56.75974557850773,55.35692260576792,55.32277471379013,,,,75.36140299617229,73.75737989665394,69.19365275741636,67.73323291131251,67.49562375931916,67.12427749694587,67.12322206354926,66.87115965300879,66.63462146267373,66.30622182905823,66.25727322854026,65.91586897924118,65.65075022244798,64.39672883392025,63.268078095203165,62.71106420332406,61.92268192230223,61.62214552496781,61.22712402486872,61.14461289367086,57.02075674285199,56.935304594085785,56.867325613805626,56.70495930620212,55.37531974939762,55.28191283618429,55.340918320780126,55.56273643388543,73.75737989665394,66.25727322854026,64.39672883392025,57.02075674285199,,71.63067705615255,55.35692260576792,68.64229558801361,"rgba(0, 255, 0, 1.0)",4.148102855273492,68.64229558801361,2.323400539534346,67.17087374264793,10.940415388448017,True,False,True,False,True,18.644967930093088,0.0,0.0,0.0,0.0,0,1.020725210949292,0.7001139636937068,False,False,False,False,0.3428282452712022,0.340541740785103,False,False,False,False,267556,258359.09025564505,False,False,False,False,3701.066965172488,False,False,False,False
2025-07-10 00:00:00+00:00,78.41,78.41,78.01,78.05,511,,,,,75.24862260060252,71.64401528850023,70.43645577067949,67.53720743262096,67.12086315148579,67.13074694518848,66.80925363624759,66.66538629431037,66.48290592441163,66.11130281615362,65.87937866150106,65.44294347865849,63.64417100996012,62.81152726265675,61.958303893295046,61.81103012575568,61.47061530076239,61.13129193916583,61.037522545506256,60.147510510929216,58.89788080798462,56.76190271453557,55.35883801142235,55.32460560627787,,,,75.38283659955088,73.77059743761673,69.2042054207112,67.74288303794444,67.50466892664173,67.13178154053816,67.13070664331515,66.87809738366852,66.64090804282858,66.31198201531586,66.26298564485415,65.9213483509183,65.65611101567104,64.40159333592536,63.27271972819565,62.71542026151279,61.92606519759551,61.62534859474407,61.229965573603316,61.14742503393417,57.022943554734276,56.937485944360446,56.86949931291559,56.70710293974551,55.377242059936634,55.28379013138811,55.34270421050312,55.564420033515916,73.77059743761673,66.26298564485415,64.40159333592536,57.022943554734276,,71.64401528850023,55.35883801142235,68.65185548685162,"rgba(0, 255, 0, 1.0)",4.1970845859054275,68.65185548685162,2.3249816184115044,69.136206386785,12.986308679066084,True,False,True,False,True,18.913170574841278,0.0,0.0,0.0,0.0,0,1.0202720072671356,0.7143105292011476,False,False,False,False,0.3428282451881967,0.3416849929866499,False,False,False,False,268067,258739.79259856092,False,False,False,False,3575.966299871606,False,False,False,False
2025-07-11 00:00:00+00:00,78.0,78.0,77.76,77.79,579,,,,,75.26813498897945,71.65825468827984,70.44846032570402,67.54718575004178,67.12926534214698,67.13890106542758,66.81665105650762,66.67233073632984,66.48952518869407,66.11748824942161,65.88538005069196,65.44864284130658,63.649381800441944,62.81642263803312,61.96209589540805,61.81470869367133,61.473857912850804,61.13440383160132,61.040591154089405,60.150354461327545,58.90049032652361,56.76430587266218,55.36097414795275,55.32664755508779,,,,75.40379801059595,73.78430269428605,69.21566385872599,67.7534264992136,67.51456069447335,67.14000025413351,67.13890409714924,66.88570248828333,66.64780490165671,66.31830766657161,66.26925970221022,65.92737195321253,65.66200817872266,64.4069594711027,63.27785062692072,62.72023998510523,61.92981341647615,61.628898709215576,61.2331167685111,61.15054395360043,57.02537925520663,56.93991573115107,56.871920711374386,56.70949116218757,55.37938586814469,55.28588388227895,55.34469595210682,55.566297419910164,73.78430269428605,66.26925970221022,64.4069594711027,57.02537925520663,,71.65825468827984,55.36097414795275,68.66202200047053,"rgba(0, 255, 0, 1.0)",4.236819562825942,68.66202200047053,2.2040065339249604,68.65798187674565,12.986308679066084,True,False,True,False,True,17.496496113097113,0.0,0.0,0.0,0.0,0,0.9839725927569597,0.7186135315979092,False,False,False,False,0.3103621882952836,0.32602359064096675,False,False,False,False,267488,259082.8595554801,False,False,False,False,3458.438209680563,False,False,False,False
2025-07-14 00:00:00+00:00,78.22,78.23,77.48,77.48,5295,,,,,75.43773050519621,71.78669051421254,70.55730141738294,67.63804998449675,67.20590215217717,67.2132922680837,66.88418980224395,66.73576084754694,66.55000366593015,66.17402550769346,65.9402440826451,65.50075915585228,63.69704753596884,62.86121191503698,61.99681349722301,61.84838980245873,61.50355462660728,61.16290479842873,61.068696193491924,60.17640325293634,58.9243924074941,56.786316441863974,55.38053955794974,55.34535102248149,,,,75.58453403795038,73.90722311331534,69.31974435507796,67.84937521156215,67.6046455174446,67.21497620995603,67.21368761208628,66.95512352350477,66.71080323816946,66.37611901054441,66.32660223627568,65.98243795844263,65.7159243557741,64.45604124874603,63.32478782602145,62.7643391919576,61.96413103422969,61.66140584494515,61.26197726148332,61.17910920058075,57.04768795203655,56.96217018974153,56.89409832174398,56.731365005323305,55.39902150202105,55.3050613372108,55.3629399751442,55.58349513431387,73.90722311331534,66.32660223627568,64.45604124874603,57.04768795203655,,71.78669051421254,55.38053955794974,68.75358776115789,"rgba(0, 255, 0, 1.0)",4.285428590769539,68.75358776115789,2.208976777546121,68.78640709089908,13.108176678494083,True,False,True,False,True,17.967558334171848,0.0,0.0,0.0,0.0,0,0.974695840173845,0.7126683477896192,False,False,False,False,0.30792904736845433,0.31697631900471057,False,False,False,False,272783,259620.1199650691,False,False,False,False,3530.460240673482,False,False,False,False
2025-07-15 00:00:00+00:00,77.71,77.9354,77.27,77.9354,4788,,,,,75.55565875236606,71.89230996044193,70.64868188083592,67.71621790641409,67.27212765975598,67.27760042610103,66.94272100297651,66.79080040212658,66.60254314196352,66.22323546974425,65.98804596407237,65.54624595412328,63.73886262338563,62.90058424578095,62.02741584382675,61.87808916992794,61.52976656868128,61.18807713416876,61.093523229901464,60.19944611074358,58.94557158696367,56.80586316645479,55.39793807945543,55.361984702277,,,,75.70720888889896,74.003593259843,69.40815810886909,67.93175316079811,67.68216639457391,67.279782784029,67.27833037159684,67.015250033777,66.76547712531162,66.42639373886767,66.37648141539901,66.03040795838675,65.76293950220519,64.49901617963818,63.36599966937184,62.80311527769557,61.99438383140474,61.69008227678223,61.28746250634804,61.204337548031965,57.06749439479077,56.981930058344176,56.9137912607155,56.75079146054424,55.41648212608426,55.32211638102094,55.37916546969314,55.598788924842815,74.003593259843,66.37648141539901,64.49901617963818,57.06749439479077,,71.89230996044193,55.39793807945543,68.82866282074728,"rgba(0, 255, 0, 1.0)",4.311419092246401,68.82866282074728,2.0599568237810124,66.66760669120202,13.108176678494083,False,False,True,False,True,16.200293553069496,0.0,0.0,0.0,0.0,0,0.9913995793681434,0.7291150873104962,False,False,False,False,0.27663767783573057,0.29680699842022057,False,False,False,False,267995,259948.54663310564,False,False,False,False,3579.775525352953,False,False,False,False
2025-07-16 00:00:00+00:00,78.2301,78.46,77.35,78.0,4667,,,,,75.6776566765733,71.99813590016977,70.74016852660475,67.79407797780533,67.33818077758087,67.34176510165196,67.00114146185847,66.84575255035277,66.65500140126836,66.27235895511335,66.03575263188293,65.59162078303625,63.780473118695795,62.93973129474422,62.057843380122605,61.90761673034099,61.55582697410078,61.2130968974186,61.118198083089396,60.222329781892384,58.96658255685514,56.825222915293644,55.415156183865086,55.37844661110533,,,,75.83408127607412,74.10206108107577,69.49639135352922,68.01377593887167,67.75938615842549,67.3444390054063,67.34282494224047,67.07525467523962,66.8200647902786,66.4765920228912,66.42628297105635,66.07828509407963,65.80984650705035,64.54182377780792,63.40699145939781,62.8416675825287,62.02446389253492,61.71858985330999,61.31279529448612,61.22941329331663,57.08711483821354,57.00150315459131,56.933297161790314,56.77003150586125,55.433761810649685,55.33899421950556,55.39522417602908,55.6139290480668,74.10206108107577,66.42628297105635,64.54182377780792,57.08711483821354,,71.99813590016977,55.415156183865086,68.90415172944772,"rgba(0, 255, 0, 1.0)",4.345015507114069,68.90415172944772,2.146355578083197,66.47013722090895,13.108176678494083,False,False,True,False,True,17.340881552515278,0.0,0.0,0.0,0.0,0,0.9717424192754761,0.7388993905699387,False,False,False,False,0.30925733461504684,0.3030321665176337,False,False,False,False,272662,260447.11343180737,False,False,False,False,3622.4117792606803,False,False,False,False
2025-07-17 00:00:00+00:00,78.4819,78.64,78.16,78.58,829,,,,,75.7016893848552,72.01781953451437,70.75709347406199,67.80834050562497,67.3502805886189,67.35352153312463,67.011841912963,66.85581719024333,66.66460691024112,66.28134810912672,66.04447870305694,65.5999136317339,63.78805326028532,62.946854161054866,62.06337602123278,61.91298492707736,61.56056368504728,61.217642689854046,61.12268075563032,60.22648289541228,58.97039090115002,56.82872520442008,55.41826786863877,55.38142166942074,,,,75.8591776247291,74.12084607383963,69.51262787361712,68.02880361080533,67.77353098720658,67.35628495106954,67.35464142639826,67.08624566200868,66.83006236734191,66.48578159227861,66.43539910961303,66.08704309584282,65.81842240547769,64.54963212117259,63.41445452165524,62.848681483463864,62.02993322872015,61.72377161816062,61.31739847098062,61.2339693379022,57.09066503988497,57.005044534475466,56.93682618912092,56.77351199944992,55.436884658250975,55.34204428959618,55.39812646376272,55.61666591029381,74.12084607383963,66.43539910961303,64.54963212117259,57.09066503988497,,72.01781953451437,55.41826786863877,68.91822061565777,"rgba(0, 255, 0, 1.0)",4.373603981346438,68.91822061565777,2.186681607464147,66.89408464738399,13.108176678494083,False,False,True,False,True,17.888177778511114,0.0,0.0,0.0,0.0,0,0.9776524737231898,0.7449540628352752,False,False,False,False,0.34282824359819636,0.32293020505791503,False,False,False,False,273491,260958.6383952659,False,False,False,False,3512.866219289673,False,False,False,False
2025-07-18 00:00:00+00:00,78.7788,79.0915,78.7254,79.0915,792,,,,,75.7278868629731,72.03778960318571,70.77411279947589,67.82249124728486,67.36227176676437,67.36517324197204,67.02243754171076,66.86577958569644,66.67411018929324,66.29023284714059,66.05309826845314,65.60809649467437,63.79550417971806,62.95384533751813,62.068799600201615,61.91824618821821,61.565203934982684,61.22209380878543,61.12706951522803,60.23054430350783,58.97410973969737,56.83213794007718,55.42129645323889,55.384317224599904,,,,75.88671624248921,74.14045046844448,69.5288439922292,68.04372305032192,67.7875635586194,67.36802529692504,67.36635257166793,67.09713094334316,66.83995772885206,66.49486930642853,66.44441303160185,66.09569513658825,65.82688884905195,64.55731891280267,63.4217853513665,62.855564648675276,62.03529451331708,61.72884882229478,61.32190638786371,61.238430593205436,57.094125278314735,57.00849590447214,56.94026530919859,56.776903334437854,55.43992415000026,55.345012739989166,55.40095124816686,55.61933019448761,74.14045046844448,66.44441303160185,64.55731891280267,57.094125278314735,,72.03778960318571,55.42129645323889,68.93250495146397,"rgba(0, 255, 0, 1.0)",4.381546416145685,68.93250495146397,2.247219158115761,67.8208790254946,13.13558439679742,True,False,True,False,True,18.533055156173955,0.0,0.0,0.0,0.0,0,0.993071494953485,0.7325583880586322,False,False,False,False,0.342828244345938,0.33287922470192655,False,False,False,False,274283,261481.1623797653,False,False,False,False,3406.165583239098,False,False,False,False
2025-07-21 00:00:00+00:00,79.255,79.68,79.23,79.53,9450,,,,,76.05704490983678,72.28497528877396,70.98458785291908,67.99645077831929,67.50986510725454,67.50864335799606,67.15293701989341,66.9885133039989,66.79118680514479,66.39965405332599,66.15922116765677,65.7087817887593,63.88690876526281,63.03951840628481,62.13525067438693,61.98270153803508,61.62204750325356,61.27660057359578,61.18080773158946,60.28022459869321,59.019539324030035,56.87374150796085,55.458177667960484,55.419579905845104,,,,76.2317553080917,74.38703330285198,69.72868393155888,68.22707522599822,67.96007806271015,67.5125736922015,67.51054548029282,67.23118196914933,66.9618661495738,66.60682392581612,66.55545297478501,66.20222526832612,65.93108687297575,64.65173357250242,63.5116665206671,62.93990785913347,62.10098206618164,61.79104007010232,61.3771143979123,61.293062372670526,57.13631750627102,57.05057668563038,56.9821942515735,56.818244339665426,55.47693855960184,55.38116048774607,55.43535390031057,55.65178720409235,74.38703330285198,66.55545297478501,64.65173357250242,57.13631750627102,,72.28497528877396,55.458177667960484,69.10936372235832,"rgba(0, 255, 0, 1.0)",4.394098816333851,69.10936372235832,2.3089231038519356,69.40502239025724,14.900065273480791,True,False,True,False,True,19.557635422926793,0.0,0.0,0.0,0.0,0,0.9932086333137154,0.7164209423313506,False,False,False,False,0.3428282450423988,0.33785373487216264,False,False,False,False,283733,262353.7834629118,False,False,False,False,3643.1786976218787,False,False,False,False
2025-07-22 00:00:00+00:00,79.9019,80.11,79.3,79.57,5023,,,,,76.22644683922951,72.41642842371043,71.09723118668151,68.08983529054204,67.58932875756453,67.58592729633416,67.22331962197407,67.05475762169235,66.85440577120612,66.45876441031066,66.21655484478597,65.76318190852929,63.93624610110767,63.08575040594075,62.17114264300641,62.017516816367355,61.65276147112345,61.30604860611005,61.209839956696214,60.30705288209817,59.04405618435717,56.89616726249794,55.47804758191776,55.43857937917155,,,,76.40788221613116,74.51821386262682,69.8357183349632,68.32539765433467,68.05270155273239,67.59042817973905,67.588211824879,67.30345484206734,67.02766950135518,66.66730027342116,66.61543789352415,66.25977926043248,65.98737758170284,64.70271982159096,63.56017129032396,62.98542371123834,62.13646291065534,61.824633185752155,61.406942194555434,61.32257806707124,57.15906337330023,57.073261425800254,57.00479641070627,56.840528199553354,55.49688027233504,55.40063531702357,55.45389117266551,55.669280447023255,74.51821386262682,66.61543789352415,64.70271982159096,57.15906337330023,,72.41642842371043,55.47804758191776,69.20350484723545,"rgba(0, 255, 0, 1.0)",4.414147627418106,69.20350484723545,2.423660478936492,71.60379199599971,17.16597615971125,True,False,True,False,True,20.0,0.0,0.0,0.0,0.0,0,1.00082813317604,0.7013779010258027,False,False,False,False,0.3428282453298423,0.3403409901010025,False,False,False,False,288756,263389.16450358194,False,False,False,False,3697.289336930825,False,False,False,False
2025-07-23 00:00:00+00:00,81.1027,81.1027,80.07,80.29,1325,,,,80.75846666666666,76.28033264363513,72.45489280199259,71.12979469135061,68.11628487301863,67.61180475754593,67.60779126754446,67.24320630561493,67.0734663062769,66.87224713062375,66.47542053277927,66.23269465913319,65.77846889200687,63.950018312211085,63.09862274163097,62.18111617228199,62.02718766417607,61.66128687717265,61.314215719380805,61.21788994194648,60.31447606756234,59.05082151876863,56.902330704778635,55.48349650291838,55.44378951327706,,,,76.46425843149296,74.55806759823467,69.86634294939944,68.35326972703456,68.0789320689652,67.61245281403694,67.61018339206674,67.32388039302967,67.04625186657992,66.68435629047741,66.63235181901466,66.27598400813704,66.00320880091478,64.71699001697041,63.573694755103475,62.99809336163998,62.14632150735709,61.833960308284034,61.41521663235284,61.33076426552141,57.16531760168428,57.07949791082684,57.01100946520789,56.8466520948652,55.50234902367847,55.40597535798374,55.458974803344525,55.6740796596667,74.55806759823467,66.63235181901466,64.71699001697041,57.16531760168428,,72.45489280199259,55.48349650291838,69.93731414877935,"rgba(0, 255, 0, 1.0)",4.439062109013791,69.93731414877935,2.515257857858902,74.69610885596582,20.170498499360406,True,False,True,False,True,20.0,0.0,0.0,0.0,0.0,0,1.0168521914247302,0.6771525833007205,False,False,False,False,0.34282824621628166,0.34158461815864205,False,True,False,False,290081,264435.90315050026,False,False,False,False,3604.258382541381,False,False,False,False
2025-07-24 00:00:00+00:00,80.0397,80.0397,80.0,80.0,513,,,,80.55415981138918,76.29749878555273,72.46838552415525,71.14138943540546,68.12590449676246,67.62000281917037,67.61576675622396,67.25047398111715,67.08030932127502,66.87877899481785,66.48152890384499,66.23861947661698,65.78409037655837,63.95511249245138,63.10339511847223,62.18482270938864,62.03078302752451,61.664459172764396,61.31725696792375,61.22088818623583,60.317245800647264,59.05335143216805,56.90464295385808,55.48554444942325,55.44574783120531,,,,76.48204104821325,74.57155586019306,69.87736006745598,68.3633926385539,68.08847405568946,67.62048659866242,67.61819794928472,67.33134192760328,67.05304955271397,66.69060590481119,66.63855074500466,66.28193165433362,66.00902543944542,64.72225639242951,63.578702139565436,63.00279184445489,62.14998564862982,61.837429436311275,61.41829718369808,61.33381251371521,57.16766305988366,57.08183699187939,57.01333997834316,56.848949684209245,55.504404374850544,55.40798257935896,55.4608855515697,55.67588306885939,74.57155586019306,66.63855074500466,64.72225639242951,57.16766305988366,,72.46838552415525,55.48554444942325,69.93645877645254,"rgba(0, 255, 0, 1.0)",4.312394883052699,69.93645877645254,2.3428376801141826,72.30203996585976,20.170498499360406,True,False,True,False,False,19.527677899848182,0.0,0.0,0.0,0.0,0,1.0014204525929535,0.6790937288195327,False,False,False,False,0.2950415762143089,0.3183130971864755,False,False,False,False,289568,265421.47557597084,False,False,False,False,3483.032563618189,False,False,False,False
2025-07-25 00:00:00+00:00,80.265,80.265,80.24,80.24,595,,,,80.48140665844636,76.31842982609848,72.48444968084327,71.15514717523311,68.13725776070409,67.62967391782246,67.62517559977556,67.25904470286126,67.0883780673981,66.88647932157039,66.48872705795404,66.24559959431284,65.79071016238092,63.96110147745806,63.10900221019755,62.18917522891618,62.03500460988409,61.66818327865954,61.32082648990552,61.22440703852014,60.32049479386781,59.05631717130997,56.90735091769118,55.4879415968361,55.44804005145959,,,,76.50377018881039,74.58777372393442,69.89039747045484,68.37534297291803,68.09973524031582,67.62996417971723,67.62765284973251,67.3401418994772,67.06106463598292,66.69797214991017,66.64585685151226,66.28893898389627,66.01587648482372,64.72845183884286,63.58458733960199,63.00831175145642,62.154288302477255,61.84150232922671,61.421913050734595,61.337390285716296,57.170410212317904,57.08457657672769,57.0160694515345,56.85164042079574,55.50681020481336,55.41033199842775,55.463122113167614,55.67799417838538,74.58777372393442,66.64585685151226,64.72845183884286,57.170410212317904,,72.48444968084327,55.4879415968361,69.94396290110032,"rgba(0, 255, 0, 1.0)",4.10786413025895,69.94396290110032,2.512506931004329,71.10774904508276,20.170498499360406,True,False,True,False,False,19.98654928933427,0.0,0.0,0.0,0.0,0,0.9880040644417503,0.6793052165552963,False,False,False,False,0.31381033794869256,0.31606171756758406,False,False,False,False,290163,266391.7314357367,False,False,False,False,3369.7763846527705,False,False,False,False
2025-07-28 00:00:00+00:00,78.7919,79.29,78.76,79.25,2749,,,,79.66757817445001,76.38111046366346,72.54545660527938,71.20910749494313,68.18379964368506,67.66955101885142,67.66397750315667,67.29452232032881,67.1218350434916,66.9184684807733,66.51873277637048,66.27475351011421,65.81845501266453,63.98649581728352,63.1328859085968,62.20780203799768,62.053083946512494,61.68415930060305,61.336161668014874,61.239530528662016,60.33450696998108,59.06916301496935,56.91915287608564,55.4984256408023,55.458066338179385,,,,76.56707609836444,74.64448445122002,69.9426547899726,68.42419474473392,68.14591961183011,67.66904658858854,67.66664297871023,67.3765383926313,67.09430768833273,66.72862524172716,66.67627324021768,66.31819662135752,66.04454163437124,64.75460357473436,63.609592888807676,63.03183634818109,62.17270481445213,61.858960108496625,61.43744083785965,61.352759855585674,57.18237465635367,57.096510771092696,57.02796174888017,56.863369023664745,55.51733174952671,55.42060921984214,55.472904734811046,55.687223801117035,74.64448445122002,66.67627324021768,64.75460357473436,57.18237465635367,,72.54545660527938,55.4984256408023,69.94574486673669,"rgba(0, 255, 0, 1.0)",3.8747875410540495,69.94574486673669,2.283003916869442,65.48670242394374,20.592132422301844,False,False,True,False,False,15.01844067308727,0.0,0.0,0.0,0.0,0,0.9735317464202006,0.6906959397737077,False,False,False,False,0.19781361245382367,0.25693766501070386,False,False,False,False,287414,267216.13412453135,False,False,False,False,3345.4322127056034,False,False,False,False
2025-07-29 00:00:00+00:00,78.1188,78.1992,77.9675,77.9675,713,,,,79.47739506926774,76.39164527223478,72.55901093736279,71.22145340912462,68.19485518997335,67.6790699466167,67.67324127515148,67.3030185734789,67.12985878808429,66.92615191927149,66.52595971073072,66.2817862411789,65.8251661854427,63.992693873430945,63.13873563880371,62.21238086792284,62.05753061834432,61.68809383191693,61.339942509104446,61.243260291699094,60.33797159605881,59.07234938358725,56.92209351825192,55.50104456521895,55.46057114053265,,,,76.57727567124991,74.65608778657948,69.9548369477925,68.43577157459778,68.15689420615098,67.67837667829667,67.67595130475915,67.38524872193571,67.10228181328742,66.7359978875304,66.68359156987138,66.32525247986213,66.05146604186876,64.76096446541256,63.615705625327216,63.03760044157151,62.17723254196513,61.86325675951388,61.44126796298679,61.35654898086304,57.185354281258,57.09948335176354,57.03092428321623,56.86629170240279,55.519959955201394,55.42317683318811,55.47534863684228,55.689528810109216,74.65608778657948,66.68359156987138,64.76096446541256,57.185354281258,,72.55901093736279,55.50104456521895,69.9457211486373,"rgba(0, 255, 0, 1.0)",3.7349317046314097,69.9457211486373,2.188280669557589,60.00832933538668,15.693335562646041,False,True,True,False,False,12.87546185990142,0.0,0.0,0.0,0.0,0,0.9659342830799812,0.7017439987374808,False,False,False,False,0.1145174862046076,0.18572757560765574,False,False,False,False,286701,267980.24651180464,False,False,False,False,3242.199576913227,False,False,False,False
2025-07-30 00:00:00+00:00,77.3337,77.76,77.21,77.21,1835,,,,78.99245456231134,76.40788519109957,72.58946583789032,71.24999045333188,68.22130403055174,67.70193977651273,67.69550090168134,67.32348875877692,67.14921428413594,66.94471107193812,66.54345809463366,66.29883750413441,65.84147649174108,64.00787433513494,63.15310565356445,62.22366333810402,62.06849246677064,61.69780384251309,61.349281834089744,61.252475757005705,60.346550572199796,59.0802604121589,56.92942188757365,55.5075849387124,55.46682696536434,,,,76.59175373943381,74.67992685267957,69.98349180488493,68.46341007683718,68.1831577107714,67.70079436619108,67.69831723600053,67.40622223327587,67.121521141917,66.75382753997138,66.70129537392259,66.34235582058653,66.06827490663933,64.77649755231126,63.630697203600185,63.05176490222745,62.18839031551181,61.87385470095781,61.45071911654326,61.36590836405172,57.1927766927993,57.10688922803406,57.03830593521193,56.87357595318861,55.526523329702556,55.4295897891892,55.48145229840086,55.69528403611688,74.67992685267957,66.70129537392259,64.77649755231126,57.1927766927993,,72.58946583789032,55.5075849387124,69.94291887850963,"rgba(0, 255, 0, 1.0)",3.5982602417867877,69.94291887850963,2.053987378583914,54.5674526200213,10.950431892874235,False,True,False,False,False,10.454214342360967,0.0,0.0,0.0,0.0,0,0.9600627863747733,0.7070149812350197,False,False,False,False,0.062469815102702615,0.12409869535517917,False,False,False,False,284866,268642.4329231064,False,False,False,False,3187.015279779375,False,False,False,False
2025-07-31 00:00:00+00:00,77.0991,77.33,77.0991,77.33,546,,,,78.87262036813276,76.41142797873744,72.59797475204807,71.25807825331508,68.22892462999891,67.70854376770637,67.70192933780812,67.32940834575187,67.15481504670606,66.95008488466843,66.54853054504666,66.30378346562311,65.84621272637413,64.01229779429454,63.15729855095309,62.22696018656446,62.07169630338533,61.70064330103264,61.352014011788164,61.2551720024289,60.349062974593494,59.08257987101303,56.931573939744894,55.50950732516801,55.468665788454516,,,,76.59467525056245,74.6862830930066,69.99168132651229,68.47136508450947,68.19072612263318,67.70726820700733,67.70477622453646,67.41228553482902,67.12708879294074,66.75899312480978,66.70642525290191,66.34731635665962,66.07315323844384,64.78101780296637,63.635068219329376,63.05589847416895,62.19165089862314,61.876952970613175,61.45348368431265,61.36864635685026,57.19495597310848,57.10906377896175,57.04047347394187,56.875715132317154,55.528452453587754,55.4314748207639,55.48324639641645,55.696975546583694,74.6862830930066,66.70642525290191,64.78101780296637,57.19495597310848,,72.59797475204807,55.50950732516801,69.94294750631101,"rgba(0, 255, 0, 1.0)",3.48599551828615,69.94294750631101,2.052828942593487,50.434772364420816,7.469540182656736,False,True,False,False,False,9.742265817617731,0.0,0.0,0.0,0.0,0,0.9436123282048948,0.7293672075826549,False,False,False,False,0.03907178361860583,0.0815852394868925,False,False,False,False,284320,269257.23947514145,False,False,False,False,3083.4460531213604,False,False,False,False
2025-08-01 00:00:00+00:00,75.742,76.27,75.343,76.14,6352,,,,77.53186533816427,76.37952932055015,72.66530545025036,71.32883089822802,68.3029994557553,67.77351159508687,67.76519278507027,67.38810026916681,67.210534576286,67.0037415839539,66.59951034689544,66.35367455992449,65.89429362138111,64.05812632717303,63.201071780200856,62.26164905612169,62.105445653957844,61.73063784744637,61.38094204788232,61.283737518173716,60.37582474319204,59.10744890189822,56.95485866718062,55.530412483719665,55.48866582486108,,,75.78500000000001,76.55016742572235,74.71789540352533,70.06741768432123,68.5482342853143,68.26435992245096,67.7709681767762,67.76833432511097,67.47230350324747,67.18250690680925,66.81073891368935,66.75785693665259,66.39732296032118,66.12252174423932,64.82748919463933,63.680510053734324,63.09908994439018,62.22596775591824,61.909636369939584,61.482735285689095,61.39763282200129,57.218511548810106,57.13257597190795,57.0639160065246,56.89886554600195,55.54942951634532,55.45197933431164,55.50275957433192,55.71536132363707,74.71789540352533,66.75785693665259,64.82748919463933,57.218511548810106,,72.66530545025036,55.530412483719665,70.3738399452895,"rgba(0, 255, 255, 0.75)",3.3695371680382347,70.3738399452895,1.5931446329276957,45.13675463084651,2.870244644000813,False,True,False,True,False,5.770133766434608,0.0,0.0,0.0,0.0,0,0.9075782098388342,0.7603494397450407,False,False,False,False,-0.08263439937522495,-0.0005245799441662216,False,False,False,False,277968,269598.8379270967,False,False,False,False,3211.624639273464,False,False,False,False
2025-08-04 00:00:00+00:00,77.3313,77.3313,77.05,77.05,923,,,,77.51439582234799,76.3858313458223,72.67929860095956,71.34221958025357,68.31570868613296,67.78456095449135,67.77595325798382,67.39802454828398,67.21993272390851,67.01276490198822,66.6080353806838,66.36199030423212,65.9022618591617,64.0655770993884,63.208138444038575,62.26721470107411,62.11085516616081,61.735435038126695,61.38555880830175,61.28829382317099,60.380071576430566,59.1113706215445,56.958497979943154,55.53366418336654,55.49177647506623,,,75.9692870469645,76.55561432710823,74.72838570231335,70.08101240080912,68.56148478553372,68.27698449783306,67.7818033552819,67.77914507625987,67.4824645057774,67.19185040038633,66.81941771481708,66.7664766890178,66.40566277915869,66.13072580030078,64.8351000577398,63.68787384734966,63.10605747635219,62.2314725230519,61.91486859697432,61.487406532025204,61.4022593652148,57.222196802695855,57.13625324328664,57.06758144662894,56.902483142393194,55.552692588658836,55.4551679786556,55.505794724170194,55.71822328861902,74.72838570231335,66.7664766890178,64.8351000577398,57.222196802695855,,72.67929860095956,55.53366418336654,70.39183612602199,"rgba(0, 255, 0, 1.0)",3.2808010109826338,70.39183612602199,2.115173657514685,45.72866475279777,2.870244644000813,False,True,False,True,False,9.442243462858873,0.0,0.0,0.0,0.0,0,0.9380616687690806,0.742946446286409,False,False,False,False,0.03700649855948851,0.018240959307661144,False,False,False,False,278891,269963.2364397596,False,False,False,False,3121.8746534196025,False,False,False,False
2025-08-05 00:00:00+00:00,77.358,77.375,77.358,77.375,293,,,,77.5116084174872,76.38810597723625,72.68384516017744,71.34654770953763,68.31979251732399,67.78810983460545,67.77940945455438,67.40121109327062,67.22294993622626,67.01566126008619,66.61077081658958,66.36465800855532,65.90481710160567,64.06796316651408,63.21040037522861,62.26899549062476,62.11258588211301,61.73696963826462,61.38703546192564,61.28975108087858,60.38142934094327,59.112623850211236,56.95966016564578,55.53470220702706,55.49276947003501,,,76.02327135306554,76.5576418969934,74.73186401771412,70.085393048149,68.56574364791327,68.28104096584397,67.78528353575663,67.78261741126654,67.48572727507396,67.1948499939438,66.82220303906412,66.76924293104614,66.4083383116194,66.13335713653028,64.83753867334391,63.69023150542693,63.10828756467147,62.233233810483625,61.91654245094289,61.48890067852239,61.40373915834634,57.22337374795147,57.13742760958744,57.06875201152909,56.90363837585094,55.553734247139715,55.456185856900674,55.50676362551163,55.719136964773476,74.73186401771412,66.76924293104614,64.83753867334391,57.22337374795147,,72.68384516017744,55.53470220702706,70.39753372531128,"rgba(0, 255, 0, 1.0)",3.1815223381317357,70.39753372531128,2.1877785333344777,46.18486224598214,2.870244644000813,False,True,False,True,False,9.50180018948495,0.0,0.0,0.0,0.0,0,0.9523105852913353,0.7464479446788483,False,False,False,False,0.0522108642455784,0.035225911776619774,False,False,False,False,279184,270324.83501074946,False,False,False,False,3010.9383925011866,False,False,False,False
2025-08-06 00:00:00+00:00,77.4956,77.87,77.4956,77.87,335,,,,77.51386104003134,76.39137473929264,72.68931722608838,71.35169945101991,68.32458964909706,67.79227291035312,67.78346379704163,67.40494574094939,67.22648473243989,67.01905292008065,66.61397129018941,66.36777768645618,65.90780265375231,64.07074287271398,63.21303255246228,62.271065653147446,62.114597508519466,61.738752666120526,61.388750576462186,61.29144351169676,60.38300493251313,59.11407666465416,56.96100549963464,55.53590286184876,55.49391802104023,,,76.09097198532203,76.56068210846608,74.73621655100636,70.09057163021694,68.57074989456571,68.28580544425918,67.78936605440563,67.78669070501695,67.48955199438385,67.19836392845949,66.82546333778721,66.7724805303241,66.4114674172061,66.13643289337594,64.84038281083221,63.69297671983625,63.11088237440147,62.23528122779712,61.91848759874407,61.49063628062265,61.40545794674979,57.22473638479976,57.13878718896338,57.07010713360994,56.90497561791473,55.554939117947455,55.457363163746614,55.50788431944374,55.72019390686359,74.73621655100636,66.7724805303241,64.84038281083221,57.22473638479976,,72.68931722608838,55.53590286184876,70.40480162512482,"rgba(0, 255, 0, 1.0)",3.070681839878945,70.40480162512482,2.3091934445265476,46.83019906136917,2.870244644000813,False,True,False,True,False,9.81322080393144,0.0,0.0,0.0,0.0,0,0.9468957312217234,0.7405571150580585,False,False,False,False,0.07962442342139842,0.05742516759900909,False,False,False,False,279519,270685.390500524,False,False,False,False,2905.999632010944,False,False,False,False
2025-08-07 00:00:00+00:00,78.8132,78.8132,78.8132,78.8132,364,,,,77.54245073847954,76.39833488642265,72.69668418137195,71.35835088380318,68.33046456337472,67.79734088665899,67.78839904470959,67.40947405520517,67.23076325721833,67.02315009546813,66.61782335292764,66.37152457755649,65.91137512283561,64.07402768969133,63.21612819500996,62.27348914082732,62.11695078111003,61.74083506579402,61.390750670306616,61.2934163559356,60.384835036213836,59.11575671519149,56.962551484198144,55.53727775996928,55.49523313271267,,,76.21083299866942,76.56766196283206,74.74288077165632,70.09708052059537,68.5768993955931,68.29163768041519,67.79433589059238,67.79164917621092,67.49419345561599,67.20261604665347,66.82939483041312,66.77638278210033,66.41522702032768,66.14011997295853,64.8437600209512,63.696213712357434,63.113932451733824,62.23767769519897,61.92076109997073,61.49266113319827,61.40746246487701,57.22630335256647,57.14035027968288,57.07166481471731,56.90651207862193,55.556318904203174,55.45871108423997,55.509167579005485,55.72140477348055,74.74288077165632,66.77638278210033,64.8437600209512,57.22630335256647,,72.69668418137195,55.53727775996928,70.41726002457732,"rgba(0, 255, 0, 1.0)",2.96463413978916,70.41726002457732,2.832032412613242,50.18815661901385,2.870244644000813,False,True,False,False,True,12.707196928786963,0.0,0.0,0.0,0.0,0,0.9376438192459995,0.7557885351816398,False,False,False,False,0.17888113236812184,0.11815314998356546,False,False,False,False,279883,271046.0810691309,False,False,False,False,2806.3133719320836,False,False,False,False
2025-08-08 00:00:00+00:00,78.7445,78.7445,78.61,78.61,202,,,,77.55641058425404,76.40199936970008,72.70068905108688,71.36198081281293,68.3336866998652,67.80012235917802,67.79110774649432,67.41196046695389,67.233112979912,67.02540069168857,66.61994009561509,66.37358395758196,65.91333935537705,64.07583591457367,63.21783307544948,62.27482450728485,62.118247553611134,61.7419827805165,61.39185318275379,61.29450389091031,60.38584423042866,59.11668355415263,56.96340486906621,55.53803696148716,55.495959330336255,,,76.27019589876807,76.57132187011742,74.74646676254314,70.10064141256201,68.58027103082175,68.29483656948108,67.79706354660466,67.79437060636707,67.49674175105837,67.20495133466267,66.83155482114448,66.77852681091464,66.41729331339963,66.14214685212059,64.84561825661716,63.69799598074925,63.115612328920655,62.2389981969221,61.92201402641089,61.49377724668112,61.4085674085385,57.227168262513516,57.141213068356265,57.07252463235561,56.90736021845653,55.557080801524215,55.45945540289011,55.50987618745974,55.72207337961926,74.74646676254314,66.77852681091464,64.84561825661716,57.227168262513516,,72.70068905108688,55.53803696148716,70.4236665772466,"rgba(0, 255, 0, 1.0)",2.8773223203006415,70.4236665772466,2.8918669848166263,52.24438388934755,2.870244644000813,False,True,False,False,True,12.500519463430983,0.0,0.0,0.0,0.0,0,0.9559850251496885,0.7455211252008598,False,False,False,False,0.16679611174154552,0.1424746308625555,False,False,False,False,279681,271384.70534092974,False,False,False,False,2704.1834357778844,False,False,False,False
2025-08-11 00:00:00+00:00,78.1948,78.3299,78.01,78.01,570,,,,77.57688063721245,76.40994466711723,72.71098138553953,71.37147784396815,68.3423112640655,67.80758830567946,67.79837885686591,67.41864684249836,67.23943691992912,67.03146326236077,66.62565142768058,66.37914569880097,65.91865284049754,64.08075407332096,63.22247989163671,62.278471862374836,62.12179063356232,61.74512098570104,61.39486977159131,61.297480030638916,60.38861029334018,59.11922879320394,56.96575481533829,55.54013077128518,55.49796221333695,,,76.39051687871078,76.57906824856511,74.75522060308226,70.11006525878088,68.58928333561242,68.30340071258641,67.80438528362106,67.80167573982305,67.50359184236204,67.21123720158558,66.83737800522964,66.78430819178895,66.42287282271917,66.14762539358739,64.85066185328935,63.702848145064394,63.12019208381156,62.242605223464835,61.9254386550127,61.49683047381424,61.41159055631863,57.229549216782814,57.143588421145175,57.074891994298234,56.909695872278576,55.55918200513068,55.46150833282436,55.51183053736743,55.7239170212539,74.75522060308226,66.78430819178895,64.85066185328935,57.229549216782814,,72.71098138553953,55.54013077128518,70.43777775449831,"rgba(0, 255, 0, 1.0)",2.7745802347916815,70.43777775449831,2.7957462351360305,52.149217409693385,2.870244644000813,False,True,False,False,True,10.8488046190636,0.0,0.0,0.0,0.0,0,0.9450665064418395,0.7467533211731242,False,False,False,False,0.12209519650870122,0.13228491368562836,False,False,False,False,279111,271687.69728834426,False,False,False,False,2620.4899677081635,False,False,False,False
2025-08-12 00:00:00+00:00,78.8552,78.8552,78.11,78.11,314,,,,77.59522510824968,76.41534471232181,72.71707784363804,71.37702693244516,68.34726261842845,67.81186631113967,67.80254519932569,67.42247323945152,67.24305387834289,67.03492847607613,66.62891188671053,66.382318500473,65.92168020724024,64.08354422858784,63.22511180189298,62.28053453103127,62.12379384600578,61.746894311432676,61.39657350030961,61.29916068173007,60.39017038676503,59.12066213885655,56.967075274373734,55.541305870655684,55.4990862507312,,,76.4649221925229,76.5844388172459,74.76062521731124,70.11552251202343,68.59446234991644,68.30831664325585,67.80858069708333,67.80586160752058,67.50751300026356,67.2148320632986,66.84070443939838,66.78761021718552,66.42605615940884,66.15074870173508,64.85352791697089,63.70559879859161,63.122785546753654,62.244644974472074,61.92737431830824,61.49855514897884,61.413298030326956,57.23088742719688,57.14492337539266,57.07622237273066,56.91100823369559,55.560361271808425,55.46266041907355,55.512927353513724,55.724951893892985,74.76062521731124,66.78761021718552,64.85352791697089,57.23088742719688,,72.71707784363804,55.541305870655684,70.44659397099306,"rgba(0, 255, 0, 1.0)",2.695618470779552,70.44659397099306,3.119360592070446,53.58284911142025,-3.7053166082175153,False,True,True,False,True,12.299743145200761,0.0,0.0,0.0,0.0,0,0.9303125087707342,0.7421352421940326,False,False,False,False,0.1495758290382181,0.1409303713619232,False,False,False,False,279425,271991.12092409545,False,False,False,False,2530.039380739216,False,False,False,False
2025-08-13 00:00:00+00:00,78.795,79.03,78.795,78.9999,594,,,,77.6368865408184,76.426721451825,72.729096563683,71.38788714351787,68.35685913559425,67.82014942198248,67.81061218839756,67.42987688531596,67.25005019403477,67.04162887253958,66.63521205054636,66.38844681673717,65.92752343548608,64.088916302261,63.23017440665202,62.284498775442465,62.12764328690568,61.750300943054114,61.399845454894816,61.30238805708852,60.39316408573294,59.12341013061932,56.9696035334279,55.54355418551149,55.50123683826018,,,76.60874407023894,76.5958497677579,74.77151349587928,70.12615040208607,68.60450537879575,68.31784373610799,67.81670401532877,67.8139664167259,67.51510110628539,67.22178529716459,66.84713440986636,66.79399243206826,66.43220526340195,66.15677918065748,64.85905144996798,63.71089251128214,63.127773686842836,62.248565054324764,61.93109331636889,61.501867614252674,61.416577223285095,57.23345004750886,57.14747963714662,57.07876977571636,56.913520913236084,55.56261757982013,55.46486462485321,55.51502588075003,55.726932127554605,74.77151349587928,66.79399243206826,64.85905144996798,57.23345004750886,,72.729096563683,55.54355418551149,70.46409660420399,"rgba(0, 255, 0, 1.0)",2.6311999178848606,70.46409660420399,3.1661993219021407,54.363850235012706,-2.597167928464195,False,True,True,False,True,12.116466190356913,0.0,0.0,0.0,0.0,0,0.9467952211938002,0.7489953043859294,False,False,False,False,0.1877408126322389,0.16433559199708106,False,False,False,False,278831,272259.3514760917,False,False,False,False,2454.116267769051,False,False,False,False
2025-08-14 00:00:00+00:00,78.6322,78.635,78.6322,78.635,409,,,,77.65875563367685,76.43373083051571,72.73702238166508,71.39510732209501,68.36330598264426,67.82572178366254,67.81603944544526,67.4348622320468,67.25476318023799,67.04614446527114,66.63946120589745,66.39258187176054,65.93146914524401,64.09255292779795,63.23360487426117,62.28718775615485,62.13025479485172,61.752612905607656,61.402066694323366,61.304579215519084,60.395198054915994,59.12527881503308,56.97132494589799,55.54508607951727,55.502702183924285,,,76.68869532638085,76.602819179912,74.77854012046005,70.1332527375516,68.6112476404795,68.32424460490809,67.82216905166756,67.81941904797468,67.52020965804844,67.2264695423213,66.85146943827482,66.79829569566124,66.4363540348034,66.16084978877107,64.86278701836332,63.714477651958234,63.13115407828548,62.25122417652529,61.93361680040282,61.50411615816305,61.41880334467238,57.235194610784326,57.149219951216686,57.080504122099335,56.915231769447864,55.56415490580588,55.46636652316755,55.5164557505806,55.728281277321535,74.77854012046005,66.79829569566124,64.86278701836332,57.235194610784326,,72.73702238166508,55.54508607951727,70.47462600834822,"rgba(0, 255, 0, 1.0)",2.5794350502968286,70.47462600834822,3.162542895085899,54.38334378452741,-2.158751422867425,False,True,True,False,True,11.614680541779077,0.0,0.0,0.0,0.0,0,0.9796542267388154,0.7475129835462673,False,False,False,False,0.1629263062893913,0.16363094914323617,False,False,False,False,278422,272501.0239672254,False,False,False,False,2373.9156298173234,False,False,False,False
2025-08-15 00:00:00+00:00,78.3541,78.3541,78.3541,78.3541,146,,,,77.66416197500624,76.43590610961778,72.7397128441826,71.39758198617089,68.36554286935126,67.82765822738756,67.8179255442898,67.43659645121092,67.25640338722016,67.04771673918657,66.64094201866345,66.39402364553634,65.9328461156463,64.09382574390744,63.23480689012676,62.288131040598614,62.131171061212,61.75342440985491,61.40284662965408,61.3053486624385,60.395912900611805,59.125936249116094,56.971931454577366,55.545626259482155,55.50321891114616,,,76.7118479718149,76.60495517369444,74.78086108676992,70.13570203954089,68.61358526922885,68.32646579399612,67.8240682414547,67.82131394283452,67.5219863520062,67.2280998563823,66.85297950192037,66.79979486654949,66.43780046539383,66.16226972897394,64.86409299604418,63.71573308725082,63.13233869976924,62.25215702504214,61.93450237081826,61.50490560085817,61.41958498124392,57.235809175601844,57.14983305199958,57.08111514658445,56.915834579701716,55.564696995512655,55.46689614909056,55.51695996526268,55.72875697585392,74.78086108676992,66.79979486654949,64.86409299604418,57.235809175601844,,72.7397128441826,55.545626259482155,70.47790459306734,"rgba(0, 255, 0, 1.0)",2.5155669417267537,70.47790459306734,3.130982235569621,53.523992649487965,-2.158751422867425,False,True,True,False,True,10.753703867797466,0.0,0.0,0.0,0.0,0,0.9677456159703657,0.7529424931037243,False,False,False,False,0.1382563790068248,0.1509436640750305,False,False,False,False,278276,272727.4936155695,False,False,False,False,2286.54638943233,False,False,False,False
2025-08-18 00:00:00+00:00,78.3818,78.3818,78.13,78.13,488,,,,77.68021345894324,76.4429291717209,72.74859706433561,71.40577394859939,68.37297027137568,67.83409100871715,67.82419124774061,67.44235918762212,67.26185444473843,67.05294271753532,66.64586511968339,66.39881755736738,65.93742555130326,64.09806166996256,63.23880826251897,62.29127210008787,62.13422228598189,61.75612707319639,61.40544436972349,61.30791152718355,60.39829435434106,59.128126948251406,56.973953108591715,55.54742715583841,55.50494163472812,,,76.78227355171369,76.61182868281793,74.78847527403474,70.1438222221583,68.62134551783959,68.33384131407607,67.83037737695227,67.82760883178621,67.52788985685547,67.23351813575071,66.85799929755193,66.80477859834784,66.44260976031367,66.16699155158747,64.86843815866844,63.719911660613576,63.1362822960939,62.25526336863993,61.93745153161597,61.507534944587896,61.422188377442495,57.237857608818075,57.15187662915925,57.0831518222463,56.91784392190112,55.56650425417236,55.468661878686724,55.51864097453066,55.73034288529055,74.78847527403474,66.80477859834784,64.86843815866844,57.237857608818075,,72.74859706433561,55.54742715583841,70.48834516426568,"rgba(0, 255, 0, 1.0)",2.465618789290404,70.48834516426568,3.201409264895335,53.035289687560564,-2.158751422867425,False,True,False,False,True,10.818546722857274,0.0,0.0,0.0,0.0,0,0.9757500171902175,0.7475154056872466,False,False,False,False,0.1296298495572223,0.1402867568161264,False,False,False,False,278764,272964.2193561354,False,False,False,False,2216.0151584742,False,False,False,False
2025-08-19 00:00:00+00:00,78.9718,79.47,78.7,79.46,1461,,,,77.77657399044726,76.47201001152614,72.77859522673083,71.43283774230652,68.39681456712093,67.85467854498658,67.84424412047268,67.46076397893238,67.27924798053895,67.06960029730719,66.66152567457449,66.41404921665867,65.95194545274472,64.11139680353511,63.25137059933289,62.301108531844335,62.14377352681048,61.764579501251575,61.41356165758138,61.31591797933281,60.40571862993542,59.13493886481442,56.98021597911788,55.55299461370056,55.51026718152173,,,77.048047781972,76.64107724137713,74.81590120805232,70.17026196884402,68.64629792334571,68.35751329232244,67.8505696849554,67.84775531000285,67.54675259833786,67.25080455701101,66.87398429645799,66.82064456472149,66.45789347066751,66.18197799069758,64.882155135351,63.733049748038546,63.148659552563096,62.264990209891096,61.9466786754532,61.51575301563411,61.43032366631699,57.24420607588842,57.15820917735583,57.08946230070802,56.924068117601514,55.57209152285177,55.47412005768958,55.52383770418733,55.73524715389048,74.81590120805232,66.82064456472149,64.882155135351,57.24420607588842,,72.77859522673083,55.55299461370056,70.52701740132952,"rgba(0, 255, 0, 1.0)",2.408976460340089,70.52701740132952,3.505547994220868,54.45724957509695,-0.9511368230898114,False,True,True,False,True,12.196219222875431,0.0,0.0,0.0,0.0,0,0.9691898159326955,0.7421777208678579,False,False,False,False,0.20320189309996275,0.1717443249580446,False,False,False,False,280225,273248.95585197327,False,False,False,False,2186.4067208869765,False,False,False,False
2025-08-20 00:00:00+00:00,79.5922,79.5922,79.5,79.5,1138,,,,77.86947167467035,76.4986493125729,72.80366459197901,71.45520039824258,68.41620678526175,67.8713965677885,67.86052873331597,67.475693837304,67.29335102921627,67.08309881119843,66.6742018772477,66.4263699132051,65.96367622572411,64.12212434286714,63.261459892542526,62.308997327066564,62.15143177954561,61.771353242907836,61.42006340999293,61.32233005452394,60.41165684185192,59.14037849867399,56.98520539803636,55.5574242541262,55.51450426601074,,,77.25853204797998,76.66814276870389,74.83958668039266,70.19193447776904,68.66660800317014,68.37676293781468,67.86696754594358,67.86411590467486,67.56205740121167,67.2648196544855,66.88693099726214,66.83349293832337,66.47025777165956,66.19409265710215,64.89320835107664,63.743610737098884,63.15859847227167,62.27279072167498,61.95407488228443,61.5223364814375,61.43683999587032,57.249265014919764,57.16325499102179,57.09449018482814,56.92902646077636,55.57653699462922,55.47846248321207,55.52797239013722,55.739149978498745,74.83958668039266,66.83349293832337,64.89320835107664,57.249265014919764,,72.80366459197901,55.5574242541262,70.5593394581848,"rgba(0, 255, 0, 1.0)",2.394731652768288,70.5593394581848,3.771971916508184,57.00353416930661,1.7584154846435212,False,False,True,False,True,13.610145445615025,0.0,0.0,0.0,0.0,0,0.9725249528891696,0.7289713486229441,False,False,False,False,0.24502690894477785,0.20838561695141122,False,False,False,False,281363,273567.1536616998,False,False,False,False,2145.292731832585,False,False,False,False
2025-08-21 00:00:00+00:00,78.7138,78.7138,78.7138,78.7138,223,,,,77.87799599631778,76.50238588493843,72.80794194758465,71.4591113950416,68.4197105330179,67.87442985687689,67.8634837351687,67.47841025055806,67.29592014838084,67.08556107837384,66.67651976511817,66.42862591127961,65.96582944091985,64.12410942440485,63.26333276603405,62.31046644140485,62.152858657012345,61.77261678851516,61.421277427311686,61.32352765142297,60.412768560125464,59.14139986563614,56.98614615493553,55.55826143912895,55.51530511898602,,,77.28202790327252,76.67185113980457,74.84337211425444,70.19578650021066,68.6702701027875,68.3802420138855,67.86994293269782,67.86708459852842,67.56484038863486,67.26737322142318,66.88929544224932,66.83584016567913,66.47252121287431,66.19631367301456,64.89524730831975,63.74556777945437,63.160444095415464,62.2742435628967,61.95545375883854,61.52356540515761,61.43805667819965,57.25021843293767,57.16420608127259,57.09543801130181,56.929961451011565,55.57737714637767,55.47928328758382,55.528753876612306,55.739887409619136,74.84337211425444,66.83584016567913,64.89524730831975,57.25021843293767,,72.80794194758465,55.55826143912895,70.5638870870879,"rgba(0, 255, 0, 1.0)",2.369630195021849,70.5638870870879,3.439318476795893,55.61983129941518,1.7584154846435212,False,False,True,False,True,10.81877339820285,0.0,0.0,0.0,0.0,0,0.9767078216501749,0.7297043922666735,False,False,False,False,0.17004027158977228,0.18921294427059177,False,False,False,False,281140,273864.12802790763,False,False,False,False,2069.908703133268,False,False,False,False
2025-08-22 00:00:00+00:00,80.0015,80.22,79.3999,79.3999,840,,,79.8738,77.9511151241568,76.52367246468944,72.82715228132481,71.47615519954435,68.43437194626526,67.88706161176816,67.8757887116745,67.48968591330326,67.30656930174914,67.0957509391818,66.68608343242695,66.43791810521911,65.97467112595422,64.1321761472593,63.270912818717925,62.316389137951255,62.158607554194056,61.77770042154982,61.42615553502359,61.32833810967022,60.41722034034817,59.14547417223189,56.98987823242235,55.56157236935144,55.5184721068277,,,77.43061434616435,76.69356733017844,74.86181870011912,70.21223688081675,68.68563108160043,68.39479481273682,67.8823333866799,67.87944690689997,67.57640034560563,67.27795557207166,66.89906629129275,66.84553607317116,66.4818468922321,66.20544740133785,64.90356656413555,63.753505948015246,63.167910498169384,62.28009983555584,61.961005078967204,61.5285052259559,61.442945787648256,57.254003076600505,57.1679807172243,57.09919908815643,56.93367017334885,55.580699938056874,55.48252892148766,55.531844376649126,55.74280498583465,74.86181870011912,66.84553607317116,64.90356656413555,57.254003076600505,,72.82715228132481,55.56157236935144,71.22700859586743,"rgba(0, 255, 0, 1.0)",2.3663109194793686,71.22700859586743,3.7080889632471075,57.73961769016269,2.703163756450202,False,False,True,False,True,13.707064677139236,0.0,0.0,0.0,0.0,0,0.9784505925205227,0.7215351971409889,False,False,False,False,0.2693345041119423,0.22927372419126704,False,False,False,False,281980,274182.3975170093,False,False,False,False,2021.6769892849045,False,False,False,False
2025-08-25 00:00:00+00:00,79.2525,80.0,79.2525,80.0,2428,,,79.59731905344756,78.09959040200874,76.57704681544423,72.8791949442222,71.52286794584342,68.47516838694288,67.9222954222611,67.9101158251638,67.52118699692984,67.33634080627827,67.12425827469471,66.71287135616573,66.4639629838678,65.99948215129503,64.15489631331508,63.29229371891602,62.33312373916041,62.17485502644517,61.79207665552977,61.43995695890726,61.34194988044267,60.42983076638149,59.15703059567854,57.000483560932594,55.57099105909128,55.527481783233526,,,77.72502389149102,76.74755812212815,74.91048240720419,70.2576540074728,68.72832674559409,68.4352958968634,67.91689732258904,67.91393294148618,67.60868491659215,67.30754319849319,66.92641853013961,66.872682747389,66.50798270035997,66.23106284490676,64.92696483168594,63.775878491785726,63.188974592270775,62.296647782362825,61.976698765573786,61.542479383954564,61.45677803380963,57.26475552810891,57.178705460485865,57.10988588977408,56.94420961921401,55.59015223281642,55.49176243814173,55.54063648504885,55.7511042152446,74.91048240720419,66.872682747389,64.92696483168594,57.26475552810891,,72.8791949442222,55.57099105909128,71.26962630242282,"rgba(0, 255, 0, 1.0)",2.345397519672492,71.26962630242282,3.4036335549173318,56.87597516697065,2.703163756450202,False,False,True,False,True,11.399337654565493,0.0,0.0,0.0,0.0,0,0.9683258161305889,0.7408049960464225,False,False,False,False,0.252379644335926,0.24082668426359655,False,False,False,False,279552,274392.9701634011,False,False,False,False,2037.611224999222,False,False,False,False
2025-08-26 00:00:00+00:00,79.1919,79.1919,78.91,78.91,976,,,79.48247445805843,78.13659415033673,76.59507888141556,72.89862545322846,71.54055010364067,68.49088563314415,67.93590671444295,67.92337885902916,67.53337804203497,67.347871536109,67.13530810053379,66.72326900727474,66.47407988730126,66.00913253005595,64.16377061204739,63.30065880848604,62.33968350917149,62.18122557868726,61.79771740585606,61.445374997550985,61.34729423518837,60.43478796326999,59.161580201287386,57.0046674020382,55.57471122731479,55.53104059995726,,,77.79923521267169,76.7655842281972,74.92806266178707,70.27499384541545,68.7447549650631,68.45090236176407,67.93025116242713,67.92725694633755,67.62117448193831,67.31900397390885,66.9370281482704,66.88321449138263,66.51813363010753,66.24101945688294,64.93608931554334,63.784623409665954,63.197217387910726,62.303134834489605,61.982854204868055,61.54796440958188,61.4622080382445,57.26899641612603,57.18293573997991,57.114101460881734,56.94836768275119,55.59388561391687,55.49540971977912,55.54410937306654,55.75438199828037,74.92806266178707,66.88321449138263,64.93608931554334,57.26899641612603,,72.89862545322846,55.57471122731479,71.28229818354752,"rgba(0, 255, 0, 1.0)",2.30877938441312,71.28229818354752,3.425880302748398,56.12166130513134,2.703163756450202,False,False,True,False,True,11.214168092457871,0.0,0.0,0.0,0.0,0,0.9630351307684994,0.754753591395301,False,False,False,False,0.20014263481049643,0.2204846595370465,False,False,False,False,278576,274557.01054915006,False,False,False,False,1995.9794122541546,False,False,False,False
2025-08-27 00:00:00+00:00,79.0237,79.0237,78.84,78.84,310,,,79.44707647489386,78.14620380727173,76.600445341241,72.90463734010339,71.5460487393373,68.49580443094338,67.94017065342112,67.92753393597846,67.53719953144167,67.35148706141395,67.13877381660585,66.72653177449187,66.47725541220257,66.01216304367473,64.16656153974574,63.303291132155216,62.34174913489206,62.1832318134274,61.79949424517228,61.447081994413,61.348978102259494,60.43635050724643,59.163015009897975,57.00598780836669,55.575885788650545,55.532164240732236,,,77.8188694144978,76.77092282060224,74.93343530441506,70.28040280702128,68.74989392527435,68.45578682980714,67.93443460693977,67.931431074414,67.62508901706342,67.32259770679357,66.94035664163528,66.88651876217025,66.52131969114666,66.24414539459723,64.93895730373868,63.787374354877,63.19981141215363,62.30517761202376,61.9847929201565,61.54969242034325,61.463918790208936,57.27033471763274,57.184270728673305,57.11543183605337,56.94967997718703,55.59506434028503,55.49656129667876,55.5452058848266,55.75541686425743,74.93343530441506,66.88651876217025,64.93895730373868,57.27033471763274,,72.90463734010339,55.575885788650545,71.28597354114373,"rgba(0, 255, 0, 1.0)",2.270490843557334,71.28597354114373,3.4079531660797384,55.09448450782981,2.703163756450202,False,False,True,False,False,10.694008113845609,0.0,0.0,0.0,0.0,0,0.9644160651125597,0.7572066284048539,False,False,False,False,0.1894706002876158,0.20497762991233115,False,False,False,False,278266,274702.4611158501,False,False,False,False,1929.8625725579134,False,False,False,False
2025-08-28 00:00:00+00:00,79.0107,79.23,79.0107,79.1546,482,,,79.4123069631983,78.16286511699357,76.6091673108667,72.91414796371895,71.55472167328915,68.50353174806366,67.94686675292589,67.93405916862288,67.54319930443495,67.35716284936477,67.14421366987433,66.73165166866315,66.48223758654662,66.01691630882803,64.17093446024545,63.30741391317093,62.344983268756636,62.186372782054605,61.802275738877086,61.449753819591855,61.351613635735326,60.43879539585785,59.165259161569516,57.00805185526908,55.577721281459496,55.53392015298588,,,77.85121749080362,76.77962884793898,74.94201124682961,70.28891685038774,68.75796872908082,68.46345997978308,67.94100438631212,67.93798621947154,67.63123520388477,67.32823917746848,66.94558044843376,66.89170436544424,66.52631854404025,66.249049012159,64.94345279604383,63.79168383428868,63.203874039672826,62.308375935206314,61.987827967041675,61.552397234236835,61.466596508564,57.27242686989374,57.186357658285175,57.11751151938873,56.95173131755355,55.59690634858105,55.49836084548053,55.54691941246776,55.75703414227436,74.94201124682961,66.89170436544424,64.94345279604383,57.27242686989374,,72.91414796371895,55.577721281459496,71.29298484917197,"rgba(0, 255, 0, 1.0)",2.217172685741399,71.29298484917197,3.4808813947873913,54.366514589007735,2.703163756450202,False,False,True,False,False,10.653251937405322,0.0,0.0,0.0,0.0,0,0.9788694298008564,0.7337039703660673,False,False,False,False,0.2063819266871123,0.20567977829972173,False,False,False,False,277784,274823.3057779736,False,False,False,False,1873.0836481438778,False,False,False,False
2025-08-29 00:00:00+00:00,78.9406,79.16,78.9406,79.16,302,,,79.38975746222054,78.172234408955,76.61444711469532,72.92002449390472,71.560095113874,68.50833557540686,67.95103176573957,67.9381180364037,67.54693251815597,67.3606950194031,67.14759953165544,66.73483922353394,66.48533984621386,66.01987677454912,64.17366016678757,63.30998450136806,62.347000518704135,62.18833202201187,61.80401098031299,61.45142080528793,61.35325802259661,60.44032117347274,59.166660045441915,57.00934079560783,55.578867746884505,55.53501692406099,,,77.86955063881636,76.78488548246426,74.94727592379787,70.29420055682618,68.76298733213238,68.46823031400591,67.9450909182611,67.94206366533322,67.63505923621129,67.33175006647272,66.94883228659877,66.89493253101965,66.52943111413653,66.2521027329412,64.94625406833185,63.7943703614132,63.2064072179637,62.310370875286836,61.98972125353117,61.55408475499816,61.46826716341368,57.27373330568574,57.18766085062771,57.118810201155384,56.95301233508243,55.59805688019011,55.49948487452685,55.54798971073019,55.75804429993174,74.94727592379787,66.89493253101965,64.94625406833185,57.27373330568574,,72.92002449390472,55.578867746884505,71.29713828215401,"rgba(0, 255, 0, 1.0)",2.1610594496192594,71.29713828215401,3.53690488209042,53.62932056430696,2.703163756450202,False,True,True,False,False,10.42968869937338,0.0,0.0,0.0,0.0,0,0.9826400774310493,0.7276984167811996,False,False,False,False,0.20008427099357412,0.20288202464664792,False,False,False,False,277482,274927.5682964845,False,False,False,False,1811.4725246872551,False,False,False,False
2025-09-02 00:00:00+00:00,77.0039,77.16,76.9292,77.07,1084,,,78.9916171701443,78.1288439506606,76.61770472318022,72.93419195880485,71.57420533336087,68.52229488236702,67.96328113284304,67.95005881681269,67.55799902775412,67.3712016317181,67.15770884901409,66.74442175753967,66.49470224173234,66.02887223443216,64.18212954856656,63.318040375572004,62.35337633436077,62.19453250404684,61.809519342000236,61.4567264726442,61.358495508177285,60.445211335027075,59.17118459265825,57.0135493197489,55.58263386969517,55.538620460063534,,77.03103333333334,77.82462858884386,76.78694692032036,74.95690206392,70.30881281960012,68.77748432335467,68.48210487076666,67.95711128209777,67.95405806907323,67.64637606441869,67.34219880581063,66.95857423829922,66.90461216220343,66.53881831529034,66.26135066205222,64.95488392107862,63.80275035942841,63.21435349653774,62.31667809065026,61.995722491814064,61.55945171927586,61.47358385186123,57.27799378739047,57.1919124443706,57.123048418275204,56.95719605777877,55.60183607038795,55.503178465224984,55.55150610649349,55.7613603741051,74.95690206392,66.90461216220343,64.95488392107862,57.27799378739047,,72.93419195880485,55.58263386969517,71.76684284816874,"rgba(0, 255, 0, 1.0)",2.09196143747614,71.76684284816874,2.50341954589256,47.87611792838079,2.3723071363260644,False,True,False,True,False,4.574401840424972,0.0,0.0,0.0,0.0,0,0.9814657149961226,0.7383319314739888,False,False,False,False,-0.018240538650121048,0.09232074299826344,False,False,False,False,276398,274985.23228485766,False,False,False,False,1782.9441903857942,False,False,False,False
2025-09-03 00:00:00+00:00,76.9605,76.9605,76.9605,76.9605,384,,,78.87701990400626,78.11331671050506,76.61865167827098,72.9391012954145,71.57912196195916,68.52718801377765,67.96757877704707,67.95424844595202,67.56188393231795,67.37489092087304,67.1612595028305,66.74778878486754,66.49799264826062,66.03203488744137,64.18511064173053,63.32087718178148,62.3556227507494,62.19671730608349,61.811460650247284,61.45859659634466,61.360341668243805,60.44693558784851,59.17278050691334,57.01503448628101,55.583963290969834,55.53989251130424,,77.01258319709355,77.80853462346816,76.78746028022329,74.96017552674039,70.31391977305472,68.78256381968495,68.48696860179345,67.9613287529674,67.95826646146543,67.65034836047559,67.3458679000363,66.96199661301675,66.90801282334631,66.5421173190312,66.26460144545439,64.95792019680412,63.80570056023873,63.2171518648953,62.318900380869366,61.997837275627155,61.56134337562909,61.475457848267276,57.27949720722268,57.19341275399707,57.124544028856214,56.95867249031394,55.603170099051,55.50448230601937,55.5527474013537,55.76253092935289,74.96017552674039,66.90801282334631,64.95792019680412,57.27949720722268,,72.9391012954145,55.583963290969834,71.76175755185453,"rgba(0, 255, 0, 1.0)",2.0494503363258207,71.76175755185453,2.536652074948828,43.95087234864171,-1.1880877708981714,False,True,False,True,False,4.449883329666896,0.0,0.0,0.0,0.0,0,0.9804900841628642,0.7524644663504104,False,False,False,False,-0.06974487787422141,0.011287932562021014,False,False,False,False,276014,275025.576116824,False,False,False,False,1728.0836339000768,False,False,False,False
2025-09-04 00:00:00+00:00,77.9599,77.9599,77.49,77.49,3131,,,78.53869632685921,78.08300393338538,76.64474624502066,72.9869841037267,71.62510402732865,68.5708400502015,68.00573721547471,67.9914474153495,67.5962703369485,67.40750192335605,67.19259620220996,66.77741841873566,66.52689933247291,66.05973727451305,64.2109656630957,63.34539000597601,62.3749689388966,62.21552282351426,61.82815039238884,61.4746561692446,61.37619063901564,60.46169792097776,59.18639836451105,57.02764708178568,55.59522386163787,55.550666577497154,,77.55088064071899,77.80784011116258,76.81138255080383,74.99755147873671,70.36051223041243,68.82799007652073,68.53034210162782,67.99877626418132,67.9956326729154,67.68553151266617,67.37829344497932,66.99215901802661,66.93797244143555,66.57110811053413,66.29311633039866,64.98435400826338,63.83124410002725,63.24132289205096,62.33803653086894,62.016028156375384,61.57759312018012,61.49155152518418,57.292271546668175,57.206158443940296,57.137248052949,56.97120955520416,55.61447005293872,55.515524794846115,55.56326133977321,55.772449660700325,74.99755147873671,66.93797244143555,64.98435400826338,57.292271546668175,,72.9869841037267,55.59522386163787,71.80083856086983,"rgba(0, 255, 0, 1.0)",2.0069828434250407,71.80083856086983,3.068816188094239,44.698407629348765,-1.1880877708981714,False,True,False,True,False,6.951954899908511,0.0,0.0,0.0,0.0,0,0.9617169482833473,0.7483046316312344,False,False,False,False,0.014624774678420159,0.012956353620220587,False,False,False,False,279145,275187.12215145834,False,False,False,False,1783.0999619824267,False,False,False,False
2025-09-05 00:00:00+00:00,78.4172,78.4172,78.36,78.36,447,,,78.53264551232665,78.08734191200625,76.65024306466141,72.99457818648615,71.63224008564144,68.57743796619485,68.01149009824948,67.99705583825892,67.60144572791852,67.41240649101807,67.19730493779278,66.78186309288604,66.53123123822905,66.06388139670607,64.21481006737763,63.34902654545612,62.37783330323448,62.218306230604085,61.83061889690994,61.47702978803461,61.37853268711252,60.46387565550355,59.188402976506694,57.0294980039336,55.59687359310821,55.552244992352705,,77.62593453560575,77.81874526367994,76.81669955405569,75.0039218513427,70.36764466994441,68.83486546672738,68.53689656188052,68.00442221948494,68.00126632835641,67.69082873825312,67.3831695285957,66.99668768287677,66.9424696562242,66.57545339029402,66.297385591472,64.9882936978552,63.835038181883306,63.24490785787507,62.340869599702785,62.01871950674158,61.57999533283445,61.49393026273674,57.29414684462423,57.20802932414542,57.139112651363384,56.97304926541865,55.616125587525744,55.51714244671723,55.5648016883744,55.77390320510966,75.0039218513427,66.9424696562242,64.9882936978552,57.29414684462423,,72.99457818648615,55.59687359310821,71.80990550360463,"rgba(0, 255, 0, 1.0)",1.9825000979562348,71.80990550360463,3.3328091651580993,46.51766690907108,-1.1880877708981714,False,True,False,True,True,8.06041681569539,0.0,0.0,0.0,0.0,0,1.00026524425464,0.7434035212481241,False,False,False,False,0.040865270229833515,0.02691081192502705,False,False,False,False,279592,275359.8624592443,False,False,False,False,1730.7038850419394,False,False,False,False
2025-09-08 00:00:00+00:00,78.8765,78.8765,78.84,78.84,2578,,,78.59861459136964,78.14449123823111,76.6895638606813,73.04170631303307,71.67592020876204,68.6171163693651,68.04602867442021,68.03072844123257,67.63248212007656,67.4418043529237,67.22551188074671,66.80845694544439,66.55713231493188,66.0886290535915,64.23766889952512,63.37061411361428,62.39481324918815,62.23480241628705,61.845241464522616,61.491083072494575,61.39239715193248,60.47675129509857,59.20023647426079,57.04039940144916,55.6065779371432,55.56152966661091,,78.04469005771249,77.91942226538184,76.85552110994038,75.04518416850318,70.41090787462895,68.87624984794577,68.57630819109094,68.03832028241833,68.03509041012224,67.72260344278737,67.41239424323352,67.02380110939828,66.9693906234829,66.6014376676215,66.32289556612432,65.01175849169472,63.85758067744872,63.26618560385274,62.357663200689835,62.03466549586085,61.59421999917804,61.508014188769614,57.30519459842958,57.21905012644309,57.1500957261821,56.9838840734188,55.62586421177107,55.52665752850896,55.573862645855755,55.78245531210258,75.04518416850318,66.9693906234829,65.01175849169472,57.30519459842958,,73.04170631303307,55.6065779371432,71.87213769103134,"rgba(0, 255, 0, 1.0)",1.974125499833082,71.87213769103134,3.5480835993258237,48.98065651623858,-6.354551711050121,False,True,False,False,True,9.159591726216945,0.0,0.0,0.0,0.0,0,0.9853021774129093,0.7407371461846761,False,False,False,False,0.09164022406995383,0.05927551799749044,False,False,False,False,282170,275626.9266765289,False,False,False,False,1763.9311836677457,False,False,False,False
2025-09-09 00:00:00+00:00,78.6498,78.6498,78.6498,78.6498,119,,,78.59908023341742,78.14620103215903,76.69116948354291,73.04378399261799,71.67786394477095,68.61890233752293,68.04758615094138,68.03224704480402,67.63388333957015,67.44313229069414,67.22678667617429,66.80965989222,66.55830448211647,66.08974994670596,64.23870688558132,63.37159536374001,62.39558599713102,62.2355532745156,61.845907332643684,61.49172321734534,61.39302875056059,60.477338267926875,59.20077640705656,57.04089740107408,55.607021562238685,55.56195412288204,,78.05398982306599,77.92265414544057,76.8570900080477,75.04696174716287,70.41284384980187,68.87811104457576,68.57808237825526,68.03984899569626,68.0366158085941,67.72403763680823,67.41371445455108,67.02502704699258,66.97060799561285,66.60261350706128,66.32405050128584,65.01282296155404,63.85860474993442,63.267152891607495,62.358427501747975,62.03539145730619,61.5948678923173,61.5086557198451,57.30569921557097,57.21955353441239,57.150597428544,56.984379046024195,55.626309399666816,55.52709251986323,55.57427687676773,55.78284625512318,75.04696174716287,66.97060799561285,65.01282296155404,57.30569921557097,,73.04378399261799,55.607021562238685,71.87420426437447,"rgba(0, 255, 0, 1.0)",1.9418506716833233,71.87420426437447,3.489246539102824,49.91738572134074,-5.456388058063077,False,True,False,False,True,8.46928911419506,0.0,0.0,0.0,0.0,0,0.9841410907961383,0.7514287111256847,False,False,False,False,0.0626838232264768,0.060979670611983616,False,False,False,False,282051,275878.85112058657,False,False,False,False,1699.4240784258734,False,False,False,False
2025-09-10 00:00:00+00:00,78.3885,78.4842,78.3885,78.4842,373,,,78.59412648530795,78.149078647797,76.69559777630758,73.05002033818394,71.6837492464081,68.62436832516168,68.05235946172947,68.03690144204928,67.6381816747884,67.44720745046563,67.23070041325592,66.81335586662797,66.56190743677352,66.09319789275868,64.24190766126242,63.37462406174363,62.39797348622584,62.237873473964775,61.84796563557941,61.49370258991671,61.394981854690116,60.47915463936078,59.202448647828376,57.04244163963274,55.60839813182365,55.56327124214329,,78.07082952193198,77.92946332917676,76.86136291178337,75.05216810119668,70.41873734691615,68.88380344172445,68.58351286745238,68.04453428381116,68.04129097565676,67.72843627761952,67.41776614185218,67.02879222037627,66.97434723185889,66.60622748238008,66.3276018412526,65.01610230796709,63.86176397029393,63.270138819356355,62.36078897649292,62.03763512618464,61.59687105332737,61.510639351201455,57.307263762120606,57.22111440111154,57.152153061817955,56.985913942379575,55.627690806507424,55.528442348303656,55.5755622613957,55.78405926913908,75.05216810119668,66.97434723185889,65.01610230796709,57.307263762120606,,73.05002033818394,55.60839813182365,71.87928649527342,"rgba(0, 255, 0, 1.0)",1.911555008535982,71.87928649527342,3.40519287996417,49.723498493770784,-5.456388058063077,False,True,False,False,True,7.671744816391396,0.0,0.0,0.0,0.0,0,0.9702638070201853,0.7622320529003729,False,False,False,False,0.033140879419165874,0.04706027501557475,False,False,False,False,281678,276106.26872370084,False,False,False,False,1647.4074478993687,False,False,False,False
2025-09-11 00:00:00+00:00,79.1492,79.1492,78.57,78.57,354,,,78.60340736770954,78.15703767829287,76.7010784630268,73.0565147454062,71.68976869994569,68.62983364219653,68.05711943774489,68.04154260692412,67.64246042676102,67.45126091728008,67.23458997415203,66.81702319951643,66.5654792278135,66.09661055864937,64.24505878880629,63.37759966465207,62.40031444354804,62.24014774985088,61.84998175287777,61.49564015130551,61.39689337068892,60.480929612470355,59.204079672825216,57.04394373325667,55.60973510558536,55.56455042444705,,78.10783041322314,77.94262195269128,76.86678271802235,75.05787796366529,70.42469657062021,68.88950273743596,68.58894158366608,68.04920639026967,68.0459529281458,67.73281651901159,67.421795783701,67.03253124513616,66.97805973401854,66.60981076524205,66.3311195851031,65.01933745753692,63.864871283207584,63.27307173024517,62.363104261885,62.039833552403486,61.5988322614242,61.5125811396847,57.30878607061949,57.22263297777974,57.15366642732514,56.98740685432798,55.62903250375519,55.52975324856037,55.576810641804094,55.78523761716187,75.05787796366529,66.97805973401854,65.01933745753692,57.30878607061949,,73.0565147454062,55.60973510558536,71.88681268810195,"rgba(0, 255, 0, 1.0)",1.8850120453112542,71.88681268810195,3.8527007453147966,51.82004999113677,-3.4019439333504025,False,True,False,False,True,9.530054166283712,0.0,0.0,0.0,0.0,0,0.9609523836726068,0.7501506665029101,False,False,False,False,0.09182820464516812,0.06944423983037143,False,False,False,False,282032,276338.65034237923,False,False,False,False,1596.6855871974328,False,False,False,False
2025-09-12 00:00:00+00:00,79.0352,79.3,79.0352,79.3,599,,,78.625029878994,78.17289987760883,76.71097567555259,73.06778216755605,71.7001655288697,68.63921793858798,68.0652878020493,68.04950715978595,67.64980007191755,67.45821291433278,67.24125946023587,66.8233090859858,66.57159989150959,66.10245606228278,64.25044832314448,63.382686120471426,62.4043140683002,62.24403312987916,61.853425483962916,61.49894911172789,61.400157695133714,60.483959446275506,59.20686227651814,57.046504348533254,55.612013249534684,55.5667300794981,,78.17491235343844,77.9676875462159,76.8766193054816,75.0679147166465,70.43495859477282,68.89929184446625,68.59826258859931,68.05722405844422,68.05395315810506,67.74033089350395,67.42870672118667,67.03894139017153,66.98442407073038,66.6159513827748,66.3371462980022,65.02487388928891,63.87018449198801,63.278084907684,62.367059956139194,62.043588971428214,61.60218177640212,61.51589734657138,57.31138137437802,57.22522184375307,57.15624635016284,56.98995177205985,55.631318708236506,55.531986918009736,55.578937827451846,55.78724561277584,75.0679147166465,66.98442407073038,65.02487388928891,57.31138137437802,,73.06778216755605,55.612013249534684,71.90050170374644,"rgba(0, 255, 0, 1.0)",1.872636317033441,71.90050170374644,3.809975397441868,52.82071888582885,-2.308048126826243,False,True,True,False,True,9.174776438037917,0.0,0.0,0.0,0.0,0,0.9716886238590288,0.7542014566394697,False,False,False,False,0.13491209968967818,0.1021781697600248,False,False,False,False,281433,276538.4287603251,False,False,False,False,1557.5606622092982,False,False,False,False
2025-09-15 00:00:00+00:00,79.3122,79.3122,79.3122,79.3122,155,,,78.63234421553815,78.17771820009096,76.71372289229176,73.0707816214046,71.70291940537699,68.64168719398009,68.06743556350216,68.05160133292777,67.65172900019583,67.46003957989751,67.24301146182368,66.82495954719737,66.57320653109794,66.10398972962085,64.25185999720738,63.384017554937515,62.405360397662335,62.24504947585957,61.854326112063895,61.49981431822263,61.40101118391018,60.48475123651182,59.20758901128621,57.04717251204942,55.612607412204795,55.56729854970337,,78.1940233232148,77.9750322783769,76.879363352464,75.07062429611747,70.43766769785235,68.9018685727638,68.60071505086526,68.05933220813002,68.05605671693203,67.74230594571077,67.4305225366914,67.04062489024633,66.9860954376464,66.61756333806058,66.33872787874185,65.02632498278263,63.87157576401952,63.279397069268306,62.368094771405545,62.04457120719823,61.6030576377528,61.51676445602347,57.31205865661247,57.22589742379877,57.156919579039666,56.99061582593793,55.631914976758566,55.53256946717293,55.57949261705647,55.78776935653241,75.07062429611747,66.9860954376464,65.02632498278263,57.31205865661247,,73.0707816214046,55.612607412204795,71.90434842238166,"rgba(0, 255, 0, 1.0)",1.8505440141991816,71.90434842238166,4.0030669472209635,54.29771398068549,-0.7469292951949669,False,False,True,False,True,9.853660628717787,0.0,0.0,0.0,0.0,0,0.9795741386886596,0.7441136328583122,False,False,False,False,0.155302450879869,0.1287403103199469,False,False,False,False,281588,276736.45116188104,False,False,False,False,1502.5582832991297,False,False,False,False
2025-09-16 00:00:00+00:00,79.1534,79.36,78.96,79.36,3306,,79.1578,78.72956588687411,78.25881116311277,76.7675655841074,73.13251203512402,71.76000377770369,68.69332512369135,68.11242436049233,68.09547338748224,67.69217699149075,67.49836115857777,67.27978271987611,66.85962471284587,66.60696419449242,66.13623537630907,64.2815987088281,63.41208809217437,62.42744326461598,62.26650251649682,61.873343839028315,61.51808855357235,61.41903916681146,60.501485146068156,59.22295811395522,57.061315488716886,55.62519072028412,55.579338191314555,,78.44831268422452,78.09846125841749,76.93283016551857,75.12553007705448,70.49406054660797,68.95571497348425,68.65200747207406,68.10349529842999,68.10012426596612,67.78371190074907,67.46861883999446,67.07597225531177,67.02119127197166,66.65143059137732,66.3719695076602,65.05687161213251,63.90089452931694,63.30706412231079,62.389935472349826,62.065307679837545,61.62155560877922,61.53507866907998,57.32639319515154,57.24019639301313,57.17116916099885,57.00467214443568,55.64454278469619,55.54490725185046,55.59124262537841,55.79886147051411,75.12553007705448,67.02119127197166,65.05687161213251,57.32639319515154,,73.13251203512402,55.62519072028412,72.55469534763026,"rgba(0, 255, 0, 1.0)",1.8292316092111327,72.55469534763026,3.607364217380586,54.65639380716192,-0.21959121272361415,False,False,True,False,True,9.344791301690673,0.0,0.0,0.0,0.0,0,0.9693515888268939,0.7449823076006098,False,False,False,False,0.13384363042219907,0.13129197037107299,False,False,False,False,278282,276797.06092023867,False,False,False,False,1573.2814878756346,False,False,False,False
2025-09-17 00:00:00+00:00,78.6664,78.6664,78.6664,78.6664,556,,79.08705468669082,78.7276596649298,78.26440504624145,76.77457472558615,73.1419343322631,71.76888639694866,68.70155429506679,68.11961968532432,68.10249148032695,67.69866122952766,67.50451080743703,67.28568967214318,66.86520335053144,66.61240215738141,66.1414387154064,64.28642365968719,63.41665213261154,62.43104250782036,62.27000031712387,61.87644730309295,61.52107267009068,61.421983609809686,60.5042224438499,59.22547689167869,57.06363940753202,55.6272614850207,55.58131962581253,,78.45757881196188,78.10825695082102,76.93964491705614,75.13351179913138,70.50293920228286,68.96428180200735,68.6601836628129,68.1105594692483,68.10717333511491,67.79034644925532,67.47473321890432,67.08165573163079,67.02683560770676,66.65688530109642,66.37732891423755,65.06181737130643,63.90565583041366,63.31156371514984,62.39349555858035,62.06869006483447,61.624575683311726,61.53806921978944,57.32874789470638,57.24254547392629,57.17351030870694,57.00698197319916,55.64662083039085,55.5469377883548,55.59317639959851,55.80068667588673,75.13351179913138,67.02683560770676,65.06181737130643,57.32874789470638,,73.1419343322631,55.6272614850207,72.5580658971299,"rgba(0, 255, 0, 1.0)",1.8101602224075806,72.5580658971299,3.374471512110564,53.05655970819498,-0.21959121272361415,False,False,True,False,True,7.791075429029629,0.0,0.0,0.0,0.0,0,0.9601442148190121,0.7667577795850312,False,False,False,False,0.06498529906951328,0.09813863472029313,False,False,False,False,277726,276833.48990375875,False,False,False,False,1533.3880961942373,False,False,False,False
2025-09-18 00:00:00+00:00,77.925,77.955,77.6,77.6,1991,,78.6583117261803,78.6397891256429,78.24389973805772,76.78830012170904,73.17032448894966,71.7966581917061,68.72843745830751,68.14326030972325,68.12555491729356,67.72004516513822,67.52482430803377,67.30523486907148,66.88371851902079,66.6304812155159,66.15878928264019,64.30266757172149,63.43207455853064,62.44325213154609,62.28187263069333,61.88699585385465,61.531227133095044,61.432006186717615,60.513564877664066,59.23410175997485,57.07163378916835,55.63440354599339,55.58815422823613,,78.37426342552673,78.09187671721155,76.95195804971044,75.15507696771013,70.5313212121349,68.99219100621268,68.68690497278338,68.13377228262208,68.13033734049083,67.81220891281156,67.49493501386696,67.10049031389774,67.04554785128127,66.6750147518895,66.39517355118231,65.0784070226223,63.921712052687035,63.326774863759425,62.40557403221706,62.08017865005128,61.63484914225383,61.548245031711,57.336843990096874,57.2506236083748,57.18156224359048,57.01492875898418,55.65378776250275,55.55394208849098,55.599846538807626,55.806980287181496,75.15507696771013,67.04554785128127,65.0784070226223,57.336843990096874,,73.17032448894966,55.63440354599339,72.54372460649611,"rgba(0, 255, 0, 1.0)",1.7955323041643412,72.54372460649611,2.9970362443623,49.613729829661615,4.442426129480985,False,True,False,False,False,5.487825462481368,0.0,0.0,0.0,0.0,0,0.926008058036562,0.7861523313670333,False,False,False,False,-0.05790966896637892,0.020114482876957107,False,False,False,False,275735,276790.4118683173,False,False,False,False,1551.3336610493652,False,False,False,False
2025-09-19 00:00:00+00:00,77.19,77.19,77.15,77.15,506,,78.54041388058918,78.60440171757244,78.23134376293335,76.78958350013767,73.17648535746629,71.80291923832863,68.73475811275728,68.14884802018867,68.13100735530317,67.72511677689721,67.52964918986108,67.30988445185133,66.88813515679519,66.63480040010639,66.16294541936315,64.30659153115938,63.43581205916569,62.446221062660626,62.28476097096404,61.88956524687765,61.5337029506163,61.434450498954085,60.51584851134284,59.236215854283984,57.073600931355124,55.636164780924304,55.58983978016312,,78.33537592247963,78.07854368276087,76.95274800740093,75.1591826080153,70.53785974433417,68.99873615494664,68.69319001404475,68.13925958110234,68.13581328090976,67.81739030084188,67.4997343972757,67.10497705200999,67.05000702478114,66.67934485007257,66.39944242704065,65.08240168705372,63.925596263727215,63.33046253227777,62.40851142748018,62.082975317453744,61.63735327129771,61.55072594057261,57.33883530204536,57.252610781728,57.18354319455798,57.01688436990106,55.65555508093711,55.55566955573619,55.601491519633484,55.80853199713206,75.1591826080153,67.05000702478114,65.08240168705372,57.33883530204536,,73.17648535746629,55.636164780924304,72.53664885095051,"rgba(0, 255, 0, 1.0)",1.7630976291056468,72.53664885095051,2.639304297295184,45.39726921581179,0.49317871741679653,False,True,False,True,False,3.2846807915545604,0.0,0.0,0.0,0.0,0,0.906001728238786,0.7930939809315738,False,False,False,False,-0.1426889725925772,-0.06128724485781005,False,False,False,False,275229,276729.18003034405,False,False,False,False,1510.3401841454686,False,False,False,False
2025-09-22 00:00:00+00:00,77.7003,77.7003,77.41,77.41,4286,,78.16319734460623,78.43422193041616,78.17444989463299,76.81174621731263,73.23340856803284,71.85954049674945,68.79060746325865,68.19812698327593,68.17909636941488,67.76978828225327,67.57212483918357,67.35078937646038,66.92694003698662,66.67271971656467,66.19938358053976,64.34083239100015,63.4683696238226,62.47204841647669,62.30988137993241,61.91190108105424,61.55521402342955,61.45568488441414,60.5356615740015,59.25452862227425,57.090601378873394,55.65136693046026,55.60438856984204,,78.17750802087004,78.02636668289807,76.97156629837824,75.20052024698954,70.59625982186246,69.05663088794064,68.74871569644036,68.18765603773946,68.18410940881269,67.86304085438033,67.5419817027185,67.14442562033909,67.08920648483887,66.71736526128716,66.43689302811624,65.11732293060246,63.95946275316544,63.3625803624363,62.43406324681953,62.107291362140145,61.659113590834,61.57228177156727,57.35604900224482,57.26978724465887,57.20066473877724,57.03378430865925,55.67080995604269,55.570579423124414,55.61569051679981,55.82192888472732,75.20052024698954,67.08920648483887,65.11732293060246,57.35604900224482,,73.23340856803284,55.65136693046026,72.53132787531325,"rgba(0, 255, 0, 1.0)",1.741513681922358,72.53132787531325,2.968091596605208,44.54876245417964,-0.24060746566168234,False,True,False,True,False,4.648936077947081,0.0,0.0,0.0,0.0,0,0.9253525622424694,0.7838314665428598,False,False,False,False,-0.08877954532571332,-0.07503339509176168,False,False,False,False,279515,276838.4278722913,False,False,False,False,1619.1895886887835,False,False,False,False
2025-09-23 00:00:00+00:00,77.6716,77.82,77.6716,77.82,1846,,78.09785644063726,78.3855587648936,78.15741838451261,76.8222866467493,73.25812444094238,71.88408045059613,68.814763821831,68.21945700008764,68.19991485281601,67.78913274192924,67.59052219433018,67.36850814237121,66.94375005600055,66.68914582572218,66.21516725854765,64.35565602660441,63.482462474651655,62.48323147290143,62.32075844398241,61.92157358672295,61.56452893222073,61.46487990108412,60.544239669157726,59.262455220001115,57.09795678268091,55.65794310741578,55.61068232394611,,78.13870577634508,78.01257532525796,76.98078603142987,75.21874679827076,70.62153354204492,69.08166669108516,68.7727328300829,68.2086067427611,68.2050169584718,67.88280746827512,67.56028044175537,67.16151501480392,67.10618802400882,66.73383533047802,66.453115113002,65.1324447427732,63.97412279699124,63.376482969745076,62.44512713959275,62.11782019181391,61.66853654912909,61.581616077946315,57.36349700035727,57.27721900679504,57.208072653718126,57.04109618631665,55.67740894382283,55.5770291838246,55.6218331053895,55.82772502113596,75.21874679827076,67.10618802400882,65.1324447427732,57.36349700035727,,73.25812444094238,55.65794310741578,72.53758858545099,"rgba(0, 255, 0, 1.0)",1.716504225001767,72.53758858545099,2.9909692849976657,43.901031283712776,-0.8994336945984358,False,True,False,True,False,4.562076029163883,0.0,0.0,0.0,0.0,0,0.9400213819092504,0.7832482782247122,False,False,False,False,-0.06230263317543908,-0.06866801413360038,False,False,False,False,277669,276870.99932827987,False,False,False,False,1628.0841146225569,False,False,False,False
2025-09-24 00:00:00+00:00,77.0176,77.0176,76.74,76.75,2886,,77.87774385120635,78.24477316098289,78.08905835880088,76.82411607278533,73.28942855869359,71.91686051936259,68.84891665087551,68.24983546694166,68.22957476175985,67.8168134664394,67.61690149876829,67.39396769165518,66.96799253714791,66.71288254355197,66.23805553966028,64.37738899242703,63.50321060693478,62.49977042550897,62.33685534671388,61.93591103432057,61.57835376826955,61.478531514030465,60.557012664830935,59.27430006918897,57.109002134032366,55.66784568340743,55.620160704158465,,77.99633097570559,77.94083867949684,76.9797346882937,75.23782127715937,70.65629859619841,69.11693891003782,68.80670692090288,68.23845132905396,68.23480150271338,67.91106437528528,67.5865260153038,67.18611618111622,67.13064547549722,66.757627434076,66.47659814543613,65.15452303242527,63.995656046523074,63.396961048693385,62.461492510476695,62.13341404725447,61.68251667798124,61.59546887883898,57.37467527698979,57.288374898039926,57.219194334329366,57.05207747479102,55.6873455074707,55.586742896392416,55.63108381502501,55.83645120339539,75.23782127715937,67.13064547549722,65.15452303242527,57.37467527698979,,73.28942855869359,55.66784568340743,72.52530540613478,"rgba(0, 255, 0, 1.0)",1.6999290348261675,72.52530540613478,2.6426365464865427,41.68152741163787,-3.0861153407625466,False,True,False,True,False,2.5944589879665934,0.0,0.0,0.0,0.0,0,0.9464009219313274,0.7872200224573026,False,False,False,False,-0.18398547770092627,-0.12632674591726334,False,False,False,False,274783,276789.11700168066,False,False,False,False,1677.414149343241,False,False,False,False
2025-09-25 00:00:00+00:00,75.8434,76.1,75.8434,76.0,3479,,77.518181282704,78.00368133141819,77.9536662396858,76.80531182477905,73.31631488665514,71.9480659487218,68.8846754529403,68.28200256784432,68.26099673370526,67.84633464023015,67.64512159777382,67.42128994830205,66.99415214671447,66.73857374147381,66.2629573888721,64.40141590520025,63.52628700694329,62.5182841383028,62.35489086533567,61.9520118948256,61.59390662525522,61.493896961597954,60.57144827497886,59.28775299816282,57.121632173355486,55.679211917188155,55.631041743078825,75.92893333333333,77.74018865384615,77.79264010445337,76.95636518644046,75.24701064166217,70.69112164992559,69.15366822383292,68.84230802448515,68.27006305738155,68.26635192684343,67.94115503951656,67.61461544535075,67.21259144074195,67.15698473061174,66.78336544389263,66.50208119217916,65.17878508875958,64.01952626499342,63.419753039886984,62.479816118153515,62.150905438736544,61.69823621247279,61.61105189126516,57.387447714395805,57.30112486782094,57.23190769418485,57.06463629719037,55.698750186668306,55.597894696068266,55.641703469155566,55.84646437709828,75.24701064166217,67.15698473061174,65.17878508875958,57.387447714395805,,73.31631488665514,55.679211917188155,72.89013510550873,"rgba(0, 255, 255, 0.75)",1.6920117996671316,72.89013510550873,1.7454162524589152,37.7301531340553,-6.8307584729862825,False,True,False,True,False,0.0,0.0,0.0,0.0,0.0,0,0.9283877284980323,0.8030950091723645,True,False,False,False,-0.31743880532717506,-0.2218827756222192,False,False,False,False,271304,276574.0143741638,True,False,False,False,1748.0645748591924,False,False,False,False
2025-09-26 00:00:00+00:00,76.2475,76.2475,76.2475,76.2475,136,,77.50908204858186,77.99656323339492,77.94949603357178,76.80485414683166,73.31748159919941,71.9493727967896,68.88612887542068,68.28330671917773,68.26227067895292,67.84752962259545,67.64626315246099,67.42239432995522,66.9952080191663,66.73960985687714,66.26396024241575,64.40237902852861,63.527210487754274,62.519024001437735,62.35561145586084,61.952654880793155,61.59452742417709,61.49451020066342,60.572023731127665,59.288288513496816,57.122133915876695,55.679662969518766,55.63147353660724,75.9409181373905,77.73299395378508,77.78820360877704,76.95574944334254,75.24753040815949,70.69255582887754,69.15516312460512,68.8437547416432,68.27134471717586,68.26763108962656,67.94237347784801,67.6157515930403,67.21366085424879,67.15804845099282,66.78440359728408,66.50310814728095,65.179759354767,64.02048236138697,63.420664981074914,62.480548349261646,62.151604094861675,61.69886375159293,61.61167390784829,57.38795522588191,57.301631449216416,57.232412791909404,57.06513518843823,55.69920277027086,55.59833721735983,55.6421248990589,55.84686181235642,75.24753040815949,67.15804845099282,65.179759354767,57.38795522588191,,73.31748159919941,55.679662969518766,72.88983873315757,"rgba(0, 255, 255, 0.75)",1.679817020990544,72.88983873315757,1.9988256011732175,36.735380438699465,-7.750155937034343,False,True,False,True,False,0.3672097547127997,0.0,0.0,0.0,0.0,0,0.9042840294055915,0.80038900039314,False,False,False,False,-0.27590072156770323,-0.24889174859496122,False,False,False,False,271440,276372.6804771378,False,False,False,False,1684.8463562372633,False,False,False,False
2025-09-29 00:00:00+00:00,76.152,76.152,76.15,76.15,276,,77.4896332918137,77.98150903734359,77.94062066418685,76.80376777293445,73.319768868222,71.95196320457526,68.88903819540347,68.28592012470126,68.26482366889002,67.8499259373657,67.64855301446826,67.42461031227008,66.99732781441392,66.74169060714128,66.26597522788664,64.40431725637053,63.52907003304552,62.52051472723484,62.357063479282466,61.95395080906367,61.59577885182549,61.49574644725508,60.573184275034656,59.2893690286975,57.12314695758882,55.68057400000642,55.63234568055989,75.95584350209884,77.71767251860172,77.77872087933615,76.95433390404003,75.24848228790972,70.69541374625076,69.15815384856076,68.8466508767986,68.27391312253458,68.27019450862224,67.94481647313826,67.61803070771707,67.2158072618789,67.16018358129735,66.78648833483012,66.50517103546164,65.18171883951486,64.0224069579962,63.4225014144295,62.4820237297774,62.153012071315445,61.700128703490535,61.61292777989083,57.388979840319415,57.30265421031007,57.23343257702997,57.066142489112785,55.70011688925709,55.59923103483827,55.642976109591224,55.84766452272496,75.24848228790972,67.16018358129735,65.18171883951486,57.388979840319415,,73.319768868222,55.68057400000642,72.88856202479812,"rgba(0, 255, 255, 0.75)",1.6648268486257087,72.88856202479812,1.9602266613466763,35.864943287380015,-8.648892293565282,False,True,False,True,False,0.09569586764926186,0.0,0.0,0.0,0.0,0,0.8930914635244397,0.8130541265734659,False,False,False,False,-0.29032244351233694,-0.2696070960536491,False,False,False,False,271164,276168.4184976422,False,False,False,False,1629.5974795220766,False,False,False,False
2025-09-30 00:00:00+00:00,76.8206,76.8206,76.44,76.44,482,,77.47020930295358,77.96341892632316,77.92996464125297,76.8034492596659,73.32451791949913,71.95706270121967,68.89449243158903,68.29079440104876,68.26958455379314,67.85438070653916,67.65280392969395,67.428717919728,67.0012466347769,66.74553151017477,66.26968515487678,64.40785681992828,63.53245567911728,62.52322087712049,62.35969820622147,61.95629986226974,61.59804522032364,61.497984783435925,60.57528116025645,59.291316371514284,57.12496627397131,55.682206958664956,55.63390885155552,76.03717505907461,77.70063867145258,77.7678538691713,76.95353550151863,75.25113561958197,70.70089304443306,69.16377527427596,68.85207826669378,68.2787030795392,68.27497503129771,67.94936112990723,67.62226078983913,67.21978061292603,67.16413468656006,66.79033758569426,66.50897395367616,65.18530828036901,64.02591680487112,63.425843855576375,62.484701744911376,62.15556549798488,61.70242014924273,61.615198669798204,57.39082065573671,57.30449146133072,57.23526429641522,57.06795134772905,55.70175542337826,55.60083298116122,55.64450178551044,55.84910365039254,75.25113561958197,67.16413468656006,65.18530828036901,57.39082065573671,,73.32451791949913,55.682206958664956,72.89168093421456,"rgba(0, 255, 0, 1.0)",1.6558918257886563,72.89168093421456,2.3726906580471816,37.944248682545364,-8.648892293565282,False,True,False,True,False,1.9750887297349138,0.0,0.0,0.0,0.0,0,0.8907863239596674,0.8232886814807663,False,False,False,False,-0.2197187595558753,-0.24466292780476218,False,False,False,False,271646,275991.0687526366,False,False,False,False,1584.5936567957208,False,False,False,False
2025-10-01 00:00:00+00:00,76.5385,76.584,76.5385,76.584,436,,77.45041278113543,77.94573008134762,77.91940679205669,76.80279693344323,73.32862413041035,71.96152995961185,68.89933108980318,68.29512521868863,68.27381492321665,67.85834267623659,67.65658619670302,67.43237425588458,67.00473754521447,66.74895441965852,66.27299368741828,64.41102034487452,63.5354841374825,62.52564368669479,62.36205737180979,61.95840389817688,61.600075693990405,61.49999027701614,60.57716097944629,59.29306331828055,57.126599894099975,55.68367401092091,55.63531323743405,76.08400191307963,77.68363493822964,77.75695218835804,76.95243040135512,75.25329512926159,70.70572516547858,69.16875854370268,68.85689365080736,68.28295917058566,68.27922278245279,67.95340221556609,67.6260247477216,67.22331880094033,67.16765340548818,66.79376769599875,66.51236421815778,65.1885137392392,64.02905492681197,63.42883395588613,62.487099441798,62.15785221873188,61.70447294551145,61.61723317076409,57.392473408853355,57.30614106979276,57.236908982721964,57.06957561400863,55.70322747449039,55.602272214005055,55.64587248495302,55.850396516515765,75.25329512926159,67.16765340548818,65.1885137392392,57.392473408853355,,73.32862413041035,55.68367401092091,72.89270240042954,"rgba(0, 255, 0, 1.0)",1.6273146917226249,72.89270240042954,2.2403765037671532,38.58352492006634,-8.648892293565282,False,True,False,True,True,1.1524571856197419,0.0,0.0,0.0,0.0,0,0.8838453896477372,0.8347845611099673,False,False,False,False,-0.2297429165213165,-0.23720292216303934,False,False,False,False,271210,275803.57586037635,False,False,False,False,1539.5507682939278,False,False,False,False
2025-10-02 00:00:00+00:00,76.7332,76.7332,76.7332,76.7332,253,,77.44153490875286,77.93696547146274,77.91414990687058,76.80269162355363,73.33113445517445,71.96421941021907,68.90220183172389,68.29769079060918,68.27632090582698,67.86068748913718,67.6588237371564,67.43453632839497,67.00680012828262,66.75097590371387,66.27494608084695,64.41288243509835,63.53726505755615,62.52706718748832,62.363443291407805,61.95963955488522,61.60126781767318,61.5011676463821,60.578263844718514,59.29408740836085,57.12755647665965,55.68453253286178,55.63613507478023,76.11644899249306,77.6755285417299,77.75164603418489,76.95207938853012,75.25471751466566,70.7086114391196,69.17171735524607,68.85975025272104,68.28548043467825,68.2817390868673,67.95579433266386,67.62825131828733,67.22541017644426,67.16973305440776,66.79579359244069,66.5143656108843,65.19040232872523,64.03090127283792,63.430592138060476,62.488508144097025,62.15919535738245,61.70567827099606,61.618427674413745,57.39344131457649,57.30710709452106,57.23787209394872,57.07052669493107,55.70408892824623,55.60311443019023,55.646674614665606,55.851153165728185,75.25471751466566,67.16973305440776,65.19040232872523,57.39344131457649,,73.33113445517445,55.68453253286178,72.89402113385464,"rgba(0, 255, 0, 1.0)",1.5850438605500514,72.89402113385464,2.422127842451669,39.78822587644428,-8.648892293565282,False,True,False,True,True,1.7041172299384222,0.0,0.0,0.0,0.0,0,0.8610322916468289,0.8649076701389559,False,False,False,False,-0.1948627156756841,-0.2160328189193617,False,False,False,False,271463,275633.3571991851,False,False,False,False,1489.0977969882838,False,False,False,False
2025-10-03 00:00:00+00:00,76.995,76.995,76.995,76.995,42,,77.44061920804647,77.93583649991916,77.91347419147807,76.80273991797262,73.33158287213898,71.96469008039514,68.90269411933994,68.29812975832749,68.27674964914378,67.86108810893008,67.65920579320317,67.43490525477701,67.00715166277924,66.75132020593873,66.27527823475698,64.41319806983797,63.53756652239511,62.527307826678,62.363677530344425,61.95984829836492,61.6014691250699,61.50136644042215,60.578449881250194,59.29425995578025,57.12771738827935,55.68467682008763,55.63627319302345,76.12367844827584,77.67456634012234,77.75099555555556,76.95209079369207,75.25499514231598,70.7091111255613,69.17222531584801,68.86024003225661,68.28591180544471,68.28216960369926,67.95620315754228,67.6286314663492,67.22576682968112,67.17008765355509,66.79613868541449,66.51470629205397,65.19072289925703,64.03121404512983,63.43088970848809,62.488746270338105,62.159422309976925,61.705881831420896,61.618629387538974,57.39360416018095,57.3072696140701,57.23803411575355,57.07068667505635,55.70423370983079,55.60325597044722,55.64680942180744,55.85128034488574,75.25499514231598,67.17008765355509,65.19072289925703,57.39360416018095,,73.33158287213898,55.68467682008763,72.89443518085378,"rgba(0, 255, 0, 1.0)",1.5203439791875892,72.89443518085378,2.697129646501054,41.63801745116175,-13.559579068984185,False,True,False,True,True,2.4477592564054866,0.0,0.0,0.0,0.0,0,0.8921922538862633,0.8612032335801899,False,False,False,False,-0.1547941206457479,-0.1854134697825548,False,False,False,False,271505,275471.4608384328,False,False,False,False,1432.348863773057,False,False,False,False
2025-10-06 00:00:00+00:00,77.3269,77.3269,77.29,77.29,804,,77.43585907446558,77.92190300071601,77.9051632421392,76.80518883438906,73.3408927746043,71.97425447353349,68.91247810792878,68.30683281044598,68.28524947331114,67.86901845238012,67.66676358153885,67.4421979883468,67.0140914499286,66.75811217106627,66.2818220952709,64.41939057270169,63.54347180892645,62.53201453223169,62.36825800228158,61.963928045292306,61.60540169619875,61.50524942169446,60.58207965483633,59.29762198526494,57.13084673804028,55.68747993148131,55.638956384321034,76.28574698713606,77.66508019054488,77.74393012881184,76.95392546300594,75.26126574636548,70.71914682726323,69.18233317975529,68.86997236631406,68.29446397605354,68.29070473529036,67.96429857814961,67.63615074965682,67.23281236737938,67.17709141462083,66.802947123701,66.52142238411898,65.19702223827021,64.03734602843527,63.436717699688735,62.493403577473266,62.16385905710355,61.70985894921141,61.62256997083195,57.39677178818712,57.31043068070236,57.24118532809584,57.07379777284718,55.707046461787975,55.60600556954354,55.64942831616892,55.853751417959764,75.26126574636548,67.17709141462083,65.19702223827021,57.39677178818712,,73.3408927746043,55.68747993148131,72.90593449851119,"rgba(0, 255, 0, 1.0)",1.4479416376429504,72.90593449851119,3.053276034443993,44.15432404753007,-11.057248481463688,False,True,False,True,True,3.387663742790334,0.0,0.0,0.0,0.0,0,0.8912755952593725,0.8612973355907763,False,False,False,False,-0.08257901784136405,-0.13399624381195943,False,False,False,False,272309,275347.44276633736,False,False,False,False,1407.707731860388,False,False,False,False
2025-10-07 00:00:00+00:00,77.0788,78.4,77.03,77.48,3674,77.50293333333335,77.4457324999666,77.88295422517987,77.88117660569074,76.82011710967774,73.38487814193995,72.01905487170751,68.95789512894858,68.34721691583223,68.32469404775472,67.90580788553771,67.70182126162213,67.47601982542055,67.04626296431681,66.7895900014138,66.31213557495852,64.44802485126068,63.570760783017555,62.5537579953062,62.389416794129865,61.98277190071601,61.62356229893948,61.523180143847725,60.598832907588076,59.31312976587301,57.145267756324024,55.70039139918755,55.65131564733268,76.7524494120921,77.6476525933944,77.72732835830224,76.9663354357231,75.29202524573063,70.76591962121763,69.22926737638875,68.91514761737243,68.33415081200668,68.33031266427639,68.00185584016839,67.67102895608107,67.26548229283033,67.20956578430983,66.83450290401494,66.55254026196414,65.22617101992941,64.0656916121843,63.46364801560223,62.514918628572936,62.184352045432604,61.72822626196994,61.640767730187555,57.41137068195968,57.324998827797934,57.25570767700625,57.08813441360815,55.720002395735406,55.618670350871376,55.661491661367265,55.8651351552253,75.29202524573063,67.20956578430983,65.22617101992941,57.41137068195968,77.50293333333335,73.38487814193995,55.70039139918755,73.4263621008268,"rgba(0, 255, 0, 1.0)",1.3325573856765973,73.4263621008268,2.7409235342751908,44.934450298716996,-10.207072409325725,False,True,False,True,True,2.620649197926845,-1.0,78.4,77.03,0.0,0,0.9004252985739601,0.8256602246281505,False,False,False,False,-0.015370087435863444,-0.07468316562391143,False,False,False,False,268635,275084.2097166771,False,False,False,False,1496.5819384540982,False,False,False,False
2025-10-08 00:00:00+00:00,77.0683,77.0683,76.95,76.95,199,77.47857514416043,77.44243508757981,77.87867518630414,77.87843246774962,76.82035873904145,73.3869628455189,72.02125275825676,68.9602056921821,68.34928143848796,68.32671104932228,67.90769450742688,67.70362150549357,67.47775896778784,67.0479211363116,66.79121450207782,66.31370345430511,64.44951604143797,63.57218563721343,62.55489662329279,62.39052526313388,61.9837601254989,61.62451544157597,61.52412142470933,60.599713968554624,59.31394710943597,57.14603010329838,55.70107510800659,55.65197016593232,76.75807327812424,77.6440711147306,77.72473189494134,76.96641190231863,75.29331515594808,70.76825765965955,69.23164963158766,68.91744668427965,68.33618002193064,68.33233790797838,68.0037805842014,67.67282032433644,67.26716423892809,67.21123816743639,66.8361310764157,66.55414795883405,65.22768509026628,64.06716948105306,63.46505458079509,62.51604541359779,62.18542616998191,61.729190035771445,61.64172278747211,57.412142173552844,57.32576877794939,57.256475273673054,57.08889235553546,55.72068844361306,55.61934106194791,55.662130511170155,55.86573790516101,75.29331515594808,67.21123816743639,65.22768509026628,57.412142173552844,77.47857514416043,73.3869628455189,55.70107510800659,73.42576828300511,"rgba(0, 255, 0, 1.0)",1.2646338174994012,73.42576828300511,2.8803054817855256,45.415143619757586,-9.574971080821328,False,True,False,True,True,2.5878633719007738,0.0,0.0,0.0,0.0,0,0.9038932325151873,0.8491000844975413,False,False,False,False,-0.1325038200891571,-0.10359349285653427,False,False,False,False,268436,274823.49561014073,False,False,False,False,1445.696372240212,False,False,False,False
2025-10-09 00:00:00+00:00,76.9746,76.9746,76.9746,76.9746,129,77.4623300682992,77.44004845704643,77.87574849557079,77.8765500002691,76.82047438636877,73.38829284486634,72.02266106018897,68.96169271897631,68.3506108585464,68.3280099030512,67.90890980296527,67.70478133758891,67.47887960972828,67.04898989483378,66.79226171446497,66.31471442713183,64.45047833425548,63.57310540110172,62.55563186618928,62.39124106527893,61.984398353798106,61.62513106849535,61.52472940529171,60.60028317174896,59.31447528198415,57.14652290808745,55.701517165174735,55.652393353424266,76.76089183989235,77.64156867279033,77.72292859246008,76.96641838792064,75.29412419263086,70.76975921099341,69.23318238793185,68.91892637224399,68.33748672476504,68.3336420615987,68.0050203445539,67.67397446344545,67.26824817669694,67.21231598009965,66.8371806292585,66.55518447274994,65.2286618532351,64.06812330638081,63.46596257117457,62.51677301773478,62.18611983344196,61.729812513068715,61.64233964841118,57.41264087038179,57.326266484639035,57.25697146404877,57.08938231687461,55.72113201197413,55.61977472007069,55.66254356778772,55.86612761230571,75.29412419263086,67.21231598009965,65.2286618532351,57.41264087038179,77.4623300682992,73.38829284486634,55.701517165174735,73.42526736182054,"rgba(0, 255, 0, 1.0)",1.2294865228735743,73.42526736182054,2.8868414351414744,45.3593088479241,-9.391700003441663,False,True,False,True,True,2.290587484786638,0.0,0.0,0.0,0.0,0,0.9229089560745154,0.8421168279167502,False,False,False,False,-0.1383047417436879,-0.12094911730011108,False,False,False,False,268307,274567.9467626842,False,False,False,False,1394.0612203876547,False,False,False,False
2025-10-10 00:00:00+00:00,76.4764,77.035,76.4764,77.035,173,77.42919155289422,77.43476571615605,77.87050451251812,77.87316868727528,76.82031579971749,73.38991990222384,72.02442953997206,68.96360846672103,68.35232860350742,68.32968833335613,67.91048303333152,67.70628397899144,67.48033270479186,67.05037778728436,66.79362275520958,66.31603025335194,64.45173647541033,63.57430997269256,62.556596438725975,62.39218037161324,61.98523637409701,61.625939819079846,61.52552821996928,60.60103191578906,59.31517104378402,57.14717336415612,55.702101278328165,55.65295255348892,76.75920538860788,77.63668568408106,77.71952113905711,76.96609600156971,75.29500674453979,70.77167058056914,69.2351541864316,68.92083308379765,68.33917522439705,68.33532729670821,68.00662461666852,67.67546990529641,67.26965473587289,67.21371486138372,66.8385445185963,66.55653258843509,65.22993673282481,64.06937132923059,63.4671519523081,62.51772762713539,62.187030369103546,61.73063014511806,61.64315000102095,57.413298959251186,57.326923313949116,57.25762632964865,57.09002904988944,55.721718113770095,55.62034776841062,55.66308937764731,55.86664249566924,75.29500674453979,67.21371486138372,65.22993673282481,57.413298959251186,77.42919155289422,73.38991990222384,55.702101278328165,73.42332982220503,"rgba(0, 255, 0, 1.0)",1.1888285997519663,73.42332982220503,2.5681331845750917,43.44242511001842,-9.391700003441663,False,True,False,True,True,0.7166220933036236,0.0,0.0,0.0,0.0,0,0.9107318696393271,0.8273277963776632,False,False,False,False,-0.17529054629914123,-0.14811983179962615,False,False,False,False,268134,274315.63512493187,False,False,False,False,1346.1764666469624,False,False,False,False
2025-10-13 00:00:00+00:00,76.6544,76.6544,76.6544,76.6544,94,77.4121312563442,77.43189515274841,77.867654930701,77.87132693663861,76.82022529161223,73.39080107683908,72.0253881851095,68.96464788540483,68.3532607263842,68.33059913225955,67.91133681439011,67.70709948442523,67.48112135007689,67.05113109106892,66.7943615085369,66.31674450413335,64.4524195219926,63.57496397684606,62.55712018178186,62.392690401072244,61.98569142011665,61.626378979719334,61.525961987548065,60.60143851085552,59.31554888568079,57.14752662447798,55.70241851992251,55.65325626523372,76.75823735219939,77.63403070523513,77.71766456386294,76.96591639374682,75.29548293187261,70.77270716349727,69.23622394715204,68.92186760990734,68.34009148434956,68.33624178627815,68.00749522729808,67.67628150770203,67.27041814983264,67.21447411406405,66.83928481423243,66.55726434559882,65.23062882601421,64.07004890050635,63.467797714209176,62.5182459619554,62.187524782769124,61.73107412612823,61.64359003118873,57.41365636236938,57.32728003380916,57.25798198369104,57.09038028882124,55.722036435253194,55.62065900129805,55.6633858171577,55.86692213788582,75.29548293187261,67.21447411406405,65.23062882601421,57.41365636236938,77.4121312563442,73.39080107683908,55.70241851992251,73.42231972560714,"rgba(0, 255, 0, 1.0)",1.1654253757872088,73.42231972560714,2.7733052167408716,43.10444271821889,-9.391700003441663,False,True,False,True,True,1.264063914641195,0.0,0.0,0.0,0.0,0,0.938936227464345,0.8165360121984041,False,False,False,False,-0.21590065118238283,-0.18201024149100448,False,False,False,False,268228,274076.90433571883,False,False,False,False,1297.071507170611,False,False,False,False
2025-10-14 00:00:00+00:00,77.042,77.042,76.74,76.97,5596,77.14506737624599,77.34376725735687,77.75425591821259,77.79456817256639,76.82403457256119,73.44695342525755,72.08524533771023,69.02831446711139,68.41028228653946,68.38632076109772,67.96352362298425,67.75693007665585,67.52928879566794,67.09709837216094,66.83941639991673,66.36026342320784,64.49389824798362,63.614632157755814,62.58886284328156,62.42359740349424,62.01325931467321,61.65297518180577,61.552229184906444,60.6260388282738,59.338384652858466,57.16884286234038,55.72154562894879,55.6715678070669,76.82319678353304,77.53802004260169,77.64467972470489,76.96510106708658,75.32910384011805,70.83674423572973,69.30179974510538,68.98522715216869,68.39614671135587,68.39218872810214,68.0607198248607,67.7258705518269,67.3170257727641,67.26082211053803,66.88443825036815,66.60186951456514,65.272711003693,64.1111717080258,63.506961571366524,62.5496600411979,62.217479982803724,61.75796493301205,61.67023931839311,57.43522629914791,57.34880747501171,57.27944413970151,57.111573855852065,55.741228819511086,55.639423239328146,55.68125938096988,55.88378583274135,75.32910384011805,67.26082211053803,65.272711003693,57.43522629914791,77.14506737624599,73.44695342525755,55.72154562894879,73.42155088025827,"rgba(0, 255, 0, 1.0)",1.148739469128731,73.42155088025827,3.1516712161789733,44.80951866351025,-9.391700003441663,False,True,False,True,True,2.452044103516787,0.0,0.0,0.0,0.0,0,0.921224710169922,0.8272905199694051,False,False,False,False,-0.17364784640763103,-0.17782904394931776,False,False,False,False,273824,274066.98651863186,False,False,False,False,1465.6569382619598,False,False,False,False
2025-10-15 00:00:00+00:00,77.0957,77.28,76.72,77.28,42286,77.05330699443283,77.16418750295041,77.40713959332409,77.50161369747289,76.8639520901915,73.8296452933378,72.50203170052158,69.4835735710174,68.82218113089283,68.78937438005099,68.34297665015346,68.12031671161527,67.88135052701917,67.4341766535433,67.17029744417664,66.6806523993127,64.80085914595054,63.90892521805934,62.8257559060541,62.65439790086739,62.21957894791125,61.85217399639694,61.74901061637888,60.81058137459912,59.509926104323576,57.32917714054017,55.86558498310823,55.80951143416865,76.97520119648402,77.27910651584807,77.39016638182234,76.97848731847122,75.55680169867823,71.28737038354251,69.76888950546741,69.43856113572718,68.80146539594689,68.79677394314571,68.44719242922868,68.08761543081968,67.65838432575146,67.60041403754833,67.21597486042725,66.9297754240165,65.58357890718457,64.4157552496516,63.79764631451381,62.784153737472174,62.44133106935723,61.95932510286193,61.86982789705349,57.597440790761844,57.51070875282376,57.440861654666975,57.27099591179562,55.88575550269301,55.780752239838364,55.81592702890065,56.01089290167273,75.55680169867823,67.60041403754833,65.58357890718457,57.597440790761844,77.05330699443283,73.8296452933378,55.86558498310823,73.58449147146631,"rgba(0, 255, 0, 1.0)",1.1399873123187247,73.58449147146631,3.0800417606332102,46.20683920401065,-8.009149707102829,False,False,False,True,True,2.6169102773985777,0.0,0.0,0.0,0.0,0,0.9116382401947968,0.8224415255764684,False,False,False,False,-0.15439560152277063,-0.1661123227360442,False,False,False,False,316110,275715.7321453522,False,False,False,False,3066.454705388942,False,False,False,False
2025-10-16 00:00:00+00:00,77.43,77.44,77.0,77.0,4228,77.07105718559511,77.17103668967174,77.40176945691383,77.493786985846,76.87197844425171,73.86618917533079,72.54203061372523,69.52772062134422,68.86243819790663,68.82881450831266,68.38025290179975,68.15609760500037,67.91607500352744,67.46749872858224,67.20303834388427,66.71240445646806,64.83135661914801,63.938206757359126,62.84943779222628,62.67748133588824,62.240250713342704,61.87214147396818,61.76873883056864,60.82909491850504,59.52714503178152,57.34527420681584,55.88005418029239,55.823372474673626,76.99656952922224,77.27963659653808,77.38617249790956,76.98460642094987,75.5796689953367,71.33071118767793,69.8140563357198,69.48254061055528,68.84111457429096,68.83635552362459,68.4851179063067,68.12324347962917,67.69210435969362,67.6339686265349,67.2487767653231,66.96223988382617,65.6144402343253,64.44602836734163,63.82657846784417,62.80760003888263,62.46373090360275,61.97950645186541,61.889833944498996,57.613725819423266,57.52696233210723,57.45706687266791,57.28700200809711,55.900273352227615,55.794950889176555,55.82946119054875,56.02367284481471,75.5796689953367,67.6339686265349,65.6144402343253,57.613725819423266,77.07105718559511,73.86618917533079,55.88005418029239,73.60841270753615,"rgba(0, 255, 0, 1.0)",1.1305038541020362,73.60841270753615,3.3804283626254086,48.731317872114666,-5.519568116522869,True,False,False,False,True,3.646952250838652,0.0,0.0,0.0,0.0,0,0.921729958583961,0.83050403649627,False,False,False,False,-0.1158663541948567,-0.14098933846545045,False,False,False,False,320338,277465.62500239717,False,False,False,False,3112.0055012560424,False,False,False,False
2025-10-17 00:00:00+00:00,77.4,77.4,76.89,77.1821,588610,77.21610668254291,77.22312696198061,77.25326787939143,77.2728987280275,77.13117337379244,75.86826275508625,75.06268048369577,72.92055832321363,72.19492839024164,72.1257572606124,71.62898101377075,71.35021535084996,71.0773548565621,70.59194289876416,70.31684584523688,69.80574999154516,67.97698393959934,67.04195462178,65.51883551364459,65.29754728011983,64.64373696944514,64.21558445231716,64.0907865299006,63.047289189281656,61.63034337580632,59.35238160583645,57.71489739093698,57.587914224293606,77.20766208212156,77.23638465931802,77.25383972793895,77.16429307214686,76.64823974009548,74.287989825146,73.19091673894727,72.8770504721624,72.14666071335,72.13925081497332,71.754460591539,71.31265810044852,70.81751883033715,70.75539278776064,70.36204299122367,70.08097497093006,68.73297195185982,67.5988871400315,66.90799147680684,65.45681848696061,65.02662126532076,64.34152410882488,64.23668120405421,59.63894031393754,59.549620651295946,59.47508254234596,59.28451997600517,57.74059457824922,57.59903247455254,57.55572925327361,57.6599612895695,76.64823974009548,70.75539278776064,68.73297195185982,59.63894031393754,77.21610668254291,75.86826275508625,57.71489739093698,75.22105243423923,"rgba(0, 255, 255, 0.75)",1.1265097697920128,75.22105243423923,1.934246487860534,50.25000219008207,-4.033594740315635,True,False,False,False,True,3.5446010492748243,0.0,0.0,0.0,0.0,0,0.9141034646416691,0.8400949216896065,False,False,False,False,-0.12895725154924628,-0.13497329500734837,False,False,False,False,-268272,256064.14951210708,False,False,False,False,26072.711167873455,False,False,False,False
2025-10-20 00:00:00+00:00,77.54,77.63,77.4828,77.62,2208,77.21724898889623,77.22420970836413,77.2542301092365,77.27376934573952,77.13231024674556,75.87201119418874,75.06768910993287,72.92819693397742,72.2029181554172,72.13373201361877,71.63712470326242,71.35839240994684,71.08558663094873,70.60028755124499,70.32526312912552,69.81428563415221,67.98608689749882,67.05115179894793,65.52720787384591,65.30581733504128,64.65149567882604,64.2232131609257,64.09836537181239,63.05464380611367,61.63743546196576,59.35926963309589,57.721290152617165,57.59408510389992,77.20882260443064,77.23740947460993,77.25478107404304,77.16535217917973,76.65042694992904,74.29411414224356,73.19835146664745,72.88471973838833,72.1546370995979,72.14722722351229,71.76257829310113,71.3208429939425,70.82578545698264,70.76367463021198,70.37044451256051,70.08947651548787,68.74184376692668,67.60808572311856,66.91716197620107,65.46514621643117,65.0347702198875,64.34919422284364,64.24431769444841,59.645874598930156,59.55655008487592,59.482000173166234,59.29138057156516,57.74700418141906,57.60532971545466,57.56177777727825,57.6657169632059,76.65042694992904,70.76367463021198,68.74184376692668,59.645874598930156,77.21724898889623,75.87201119418874,57.721290152617165,75.22510788793494,"rgba(0, 255, 0, 1.0)",1.1115222741543929,75.22510788793494,2.0826322295935595,51.96211620577191,-2.367884020755689,True,False,True,False,True,3.9846932989247428,0.0,0.0,0.0,0.0,0,0.9386367170757414,0.8346741616504141,False,False,False,False,-0.057569024991554966,-0.09627115999945167,False,False,False,False,-266064,235588.53580574994,False,False,False,False,25136.84014168234,False,False,False,False
2025-10-21 00:00:00+00:00,76.76,76.8314,76.69,76.69,1861,77.21593928791162,77.22292226924625,77.25288847241589,77.2724181919293,77.13146335429522,75.8736762150182,75.07055615899277,72.93351799398272,72.20864118450159,72.13945717282573,71.643056057595,71.36439005235017,71.09166221204435,70.60650717269633,70.33156794062386,69.82073169957182,67.99311288288949,67.05830844760735,65.53379210376958,65.31232963506515,64.65762753743647,64.22925524836003,64.10437157589536,63.060499114299084,61.64311140423256,59.36481903189489,57.72646039781523,57.59907734038679,77.20754865982866,77.23610336268045,77.25346449077381,77.16441954615738,76.65065121459182,74.29800965002879,73.20346367398552,72.8900725072422,72.16035957814344,72.15295108605788,71.76847067402899,71.32685175121884,70.83192008895622,70.7698281467938,70.37673259413371,70.09586945897291,68.74863773121665,67.61521017974081,66.9243053642541,65.47169780181346,65.04119703589237,64.35526535302948,64.25036532378242,59.65145711456819,59.562129996378566,59.487571659510586,59.296908832931784,57.75218775586575,57.6104239985967,57.56667141403168,57.6703727761311,76.65065121459182,70.7698281467938,68.74863773121665,59.65145711456819,77.21593928791162,75.8736762150182,57.72646039781523,75.22692620353047,"rgba(38, 166, 154, 1.0)",1.1088484052210077,75.22692620353047,1.382581955523466,49.11719018020432,-2.367884020755689,True,False,False,False,False,1.3126368807548374,0.0,0.0,0.0,0.0,0,0.948564566197628,0.8387940996533207,False,False,False,False,-0.19683195622785465,-0.14655155811365317,False,False,False,False,-267925,215842.9069506225,False,False,False,False,24224.062096910486,False,False,False,False
2025-10-22 00:00:00+00:00,76.9588,77.19,76.9021,77.0508,3497,77.21487300651543,77.22185342984488,77.25169001779969,77.27116087094824,77.13097542661687,75.87768823547465,75.07673118702138,72.944144409746,72.21996034460841,72.15077209845825,71.65472137232923,71.37615826821519,71.10355868548173,70.61864625501642,70.34385329197711,69.83325868407361,68.00667036833562,67.07208276507687,65.54642585664166,65.32482060299556,64.66937695512128,64.2408252539149,64.1158708429917,63.071694032184574,61.653946306203345,59.37539094156372,57.736299020540514,57.60857668820176,77.20653650693612,77.23498147508873,77.25228674027197,77.16378406112926,76.65204872759146,74.30605552845047,73.21372029285916,72.90075493694175,72.1716717445617,72.16426508265585,71.78007252593068,71.3386382704919,70.8439106800742,70.78185074072181,70.38898852013635,70.10831040511268,68.76178088472992,67.62894241137846,66.93804978487738,65.4842675931411,65.05351851515447,64.36689309931602,64.2619462916635,59.66209447990087,59.57276164034763,59.49818663495947,59.30743995377635,57.76205189042702,57.62011744620231,57.57598308562794,57.679232830546674,76.65204872759146,70.78185074072181,68.76178088472992,59.66209447990087,77.21487300651543,75.87768823547465,57.736299020540514,75.23129770617602,"rgba(0, 255, 255, 0.75)",1.113365546143562,75.23129770617602,1.5516038733259157,48.29695671108291,-2.367884020755689,True,False,False,False,False,1.955305458826853,0.0,0.0,0.0,0.0,0,0.9467983458566139,0.8431965327197822,False,False,False,False,-0.14629676681425904,-0.14642416246395612,False,False,False,False,-264428,197008.7537368726,False,False,False,False,23411.23613232576,False,False,False,False
2025-10-23 00:00:00+00:00,77.9338,77.9338,77.39,77.79,2491,77.21691761387751,77.22380798115124,77.25349579770916,77.27284268126827,77.13285650064442,75.8823630652963,75.08276450543136,72.95304119448386,72.2292221989867,72.16001352905742,71.66413565273676,71.38560045387032,71.11305422559799,70.62825608277568,70.35353854751588,69.84306636924754,68.017089246494,67.08259534356678,65.55598426263512,65.33426072109565,64.67823051092306,64.24952785906662,64.12451589090833,63.08007755029379,61.662024050173244,59.38322752446285,57.743568334083854,57.615593879683594,77.2085942569377,77.23686202687361,77.2540550181518,77.16558595549441,76.6550312524036,74.31330506461799,73.22239928459238,72.90968440789858,72.18091600541432,72.17350902940393,71.78946198446641,71.34808810372944,70.85343793672277,70.79139353351479,70.39865697691731,70.11808579686956,68.77194956280397,67.6394642876298,66.94853032174878,65.49377470504935,65.06281865266128,64.37564367695738,64.27065789245448,59.66998461215582,59.580645933568654,59.50605725892679,59.31524516391853,57.769340386694424,57.62727804908476,57.5828613423844,57.68577899788611,76.6550312524036,70.79139353351479,68.77194956280397,59.66998461215582,77.21691761387751,75.8823630652963,57.743568334083854,75.23636336848473,"rgba(0, 255, 0, 1.0)",1.1131099054398008,75.23636336848473,2.4233335974577366,51.936489386525054,-2.367884020755689,True,False,True,False,True,5.01016455341523,0.0,0.0,0.0,0.0,0,0.9249087516632826,0.825200895014236,False,False,False,False,-0.03938478288395455,-0.09290447267395534,False,False,False,False,-261937,179010.88104130898,False,False,False,False,22590.83471537181,False,False,False,False
2025-10-24 00:00:00+00:00,78.1364,78.1364,78.1364,78.1364,353,77.21741285003488,77.22428404528554,77.25394667219292,77.27327002068223,77.13328670544846,75.88315924112885,75.08373990301604,72.95439992048973,72.23062323339438,72.16141038861909,71.66555136606486,71.38701678155991,71.1144753174214,70.62968906249392,70.35498009872155,69.84452161055358,68.01862205104247,67.08413694415707,65.5573801682792,65.3356386379135,64.67952098867639,64.25079523309509,64.12577457810063,63.0812958668992,61.66319538591331,59.38436070272298,57.74461779721751,57.61660684017316,77.20908951167915,77.23732497074438,77.25449678007578,77.16600682518924,76.6555999710737,74.31444432070909,73.2237304913308,72.91104723689557,72.18231361879215,72.17490647929428,71.79087567949496,71.34950511855754,70.85486092248472,70.79281818653013,70.40009645383584,70.11953859803823,68.77345022219427,67.64101010490623,66.95006658797578,65.49516291766162,65.06417530891724,64.3769183553537,64.27192662906822,59.67112589139527,59.58178625487367,59.507195510231554,59.316373724677156,57.77039264304687,57.62831171418155,57.58385422537819,57.68672404992877,76.6555999710737,70.79281818653013,68.77345022219427,59.67112589139527,77.21741285003488,75.88315924112885,57.74461779721751,75.23722465930382,"rgba(0, 255, 0, 1.0)",1.112341479907739,75.23722465930382,2.6063716880688848,55.05708854582262,0.045502848318918154,True,False,True,False,True,5.625358435423699,0.0,0.0,0.0,0.0,0,0.9453058891643519,0.8167374296699875,False,False,False,False,0.042252563971101484,-0.025325954351426927,False,False,False,False,-261584,161732.65041223803,False,False,False,False,21718.762765749387,False,False,False,False
2025-10-27 00:00:00+00:00,78.3178,78.3178,77.98,77.98,473,77.21812521970752,77.22496922353311,77.25459714272223,77.27388755858844,77.1339020746449,75.88425773777327,75.08507533834803,72.9562435770266,72.23252135635207,72.16330261830299,71.66746752996542,71.38893298477028,71.11639724676708,70.63162590705706,70.35692792965983,69.84648692356596,68.02068915566386,67.0862147820912,65.55926034473703,65.33749442438223,64.6812586064256,64.25250149231694,64.12746907341351,63.082935491863054,61.664771202334194,59.38588445281799,57.746028592922535,57.617968543415095,77.20980147073047,77.23799195437131,77.25513414770813,77.16661013740524,76.65639671177745,74.31599725577107,73.2255380674164,72.91289626576955,72.18420694108761,72.17679955465965,71.7927894912874,71.35142214924778,70.856784778787,70.79474415103371,70.40204157770272,70.12150114325591,68.77547503694474,67.64309427214656,66.95213709289368,65.49703268719391,65.06600227519755,64.37863452047374,64.27363473461861,59.672660616805956,59.583319665955266,59.508726116384096,59.3178912473656,57.77180719903264,57.629701249503846,57.585188935018486,57.68799448907943,76.65639671177745,70.79474415103371,68.77547503694474,59.672660616805956,77.21812521970752,75.88425773777327,57.746028592922535,75.23841271768481,"rgba(0, 255, 0, 1.0)",1.1127918275435265,75.23841271768481,2.7672626686277013,57.755257967030126,2.4673104802801404,True,False,True,False,True,6.178041085586553,0.0,0.0,0.0,0.0,0,0.9396350924489234,0.8103213956399212,False,False,False,False,0.04440601969531032,0.009540032671941697,False,False,False,False,-261111,145150.5464745032,False,False,False,False,20885.595598465097,False,False,False,False
2025-10-28 00:00:00+00:00,77.7234,77.7234,77.6,77.6,2872,77.22014878916039,77.22690055036868,77.25636547383041,77.2755240859576,77.13580691057494,75.8894076323035,75.0918045720509,72.96629780568811,72.24301387463072,72.17377439933021,71.67814948372815,71.39965401388633,71.12718542637765,70.6425544192604,70.36794755010965,69.85765494663919,68.03257885037144,67.09822194294517,65.57019297697794,65.34829359864901,64.69139204533428,64.26246478972827,64.13736723455546,63.092539468003665,61.67403063244684,59.39487424885225,57.75437175846076,57.62602285997527,77.21184302035753,77.23984317152048,77.25686582387897,77.16842148341223,76.65958942034221,74.32413567884107,73.23533573700358,72.92298906319667,72.19468122806062,72.18727373110482,71.8034398019566,71.36215279315304,70.86761487265952,70.80559321309352,70.4130412570343,70.13262751612818,68.78707006680706,67.65510578316471,66.96410915742024,65.50790722170713,65.07664343383746,64.38865197169517,64.28360820167936,59.68171104223134,59.59236363025801,59.51775460855959,59.326845263547305,57.780172309271805,57.63791998666496,57.59308399357612,57.69550854496423,76.65958942034221,70.80559321309352,68.78707006680706,59.68171104223134,77.22014878916039,75.8894076323035,57.75437175846076,75.24400112258068,"rgba(0, 255, 0, 1.0)",1.1132099113333955,75.24400112258068,2.2272518885944037,56.45545124485825,2.4673104802801404,True,False,True,False,True,4.071780789526237,0.0,0.0,0.0,0.0,0,0.9320279139864789,0.8145474534129833,False,False,False,False,-0.03941922697566922,-0.014939597151863762,False,False,False,False,-263983,129106.09367158153,False,False,False,False,20179.1800847998,False,False,False,False
2025-10-29 00:00:00+00:00,77.1657,77.86,77.1657,77.67,2878,77.22091865702774,77.22761796862531,77.25694633104364,77.27601048441379,77.136713412491,75.89372272822449,75.09777457792215,72.97572364499472,72.2529388003636,72.18368715121517,71.68830922343857,71.40987493583843,71.13749193889016,70.6530296367243,70.37852780456096,69.86840775495938,68.04411287565956,67.10990350845852,65.58087124646174,65.35884666097073,64.70130828715637,64.27222226364644,64.14706308744901,63.10196300197803,61.68313359474562,59.40373364650199,57.76260582662786,57.63397286628935,77.21264188411008,77.24049721112526,77.25743337719786,77.1692237336771,76.66188244580901,74.33156260466629,73.2444839910344,72.93245681483279,72.20459413782014,72.19718731992045,71.81355802538903,71.3723859429559,70.87798051972791,70.81598134454819,70.42359956874989,70.14332447440606,68.79828759297071,67.66677213441135,66.97576101984752,65.51853025463915,65.08704803775792,64.39846024105647,64.29337526286723,59.69062773896786,59.601274720297056,59.526651090632825,59.335669984892036,57.78842785265563,57.64603207776875,57.60087712254121,57.70292529591977,76.66188244580901,70.81598134454819,68.79828759297071,59.69062773896786,77.22091865702774,75.89372272822449,57.76260582662786,75.24870086382575,"rgba(0, 255, 255, 0.75)",1.1171426218008433,75.24870086382575,1.715984242982365,53.221335685792894,2.4673104802801404,True,False,True,False,False,2.1551685102513645,0.0,0.0,0.0,0.0,0,0.9056994703835833,0.835242759323686,False,False,False,False,-0.06508582903440809,-0.04001271309313592,False,False,False,False,-266861,113577.97235112736,False,False,False,False,19500.702434415492,False,False,False,False
2025-10-30 00:00:00+00:00,77.197,77.419,77.197,77.25,946,77.22099016206639,77.22767798064788,77.2569653666755,77.27600390578989,77.13686635333464,75.89501716689469,75.09962289931401,72.97872503397996,72.25611300033849,72.18685863379457,71.69156724613865,71.41315633782332,71.14080418421992,70.6564014894949,70.38193621308876,69.87187641096368,68.04784686904753,67.11369045140498,65.5843395671171,65.36227511936997,64.70453203211822,64.27539559272141,64.15021671400227,63.105030504425045,61.686099442646984,59.406623430614985,57.765293484259814,57.63656797228103,77.21272447013804,77.24053884522691,77.2574513967691,77.1693409444743,76.66250428611059,74.33389588299076,73.24739118065123,72.93547245257167,72.20776532199764,72.20035884467632,71.81680095055553,71.37567174803183,70.88131474605625,70.81932347554402,70.4270004764131,70.14677267356595,68.80191442645294,67.67055114039698,66.97953902471322,65.52198087276112,65.09042919651321,64.40164974213229,64.29655165201662,59.693535837082884,59.6041811055087,59.529552809101,59.33854854919399,57.791122491110634,57.64868005269515,57.60342107570897,57.70534636042365,76.66250428611059,70.81932347554402,68.80191442645294,59.693535837082884,77.22099016206639,75.89501716689469,57.765293484259814,75.25011420642213,"rgba(0, 255, 255, 0.75)",1.1210103960696878,75.25011420642213,1.736724119957982,51.208602950323325,7.041235454938807,True,False,False,False,False,2.256146487631579,0.0,0.0,0.0,0.0,0,0.8942270611888824,0.8704224402918852,False,False,False,False,-0.10055628741915326,-0.07028450025614459,False,False,False,False,-265915,98695.89500402432,False,False,False,False,18773.067044830572,False,False,False,False
2025-10-31 00:00:00+00:00,77.0203,77.0203,76.73,76.75,1885,77.22014630084195,77.22684192859857,77.2560678664858,77.2750841687108,77.1363833115813,75.89693972233881,75.10270865162616,72.98420998837575,72.26198854875499,72.19273526603322,71.69764426993736,71.41929672506481,71.14702002029624,70.6627576104034,70.38837572431304,69.87845425382567,68.05499825871907,67.12097006050132,65.59103911772463,65.36890163053705,64.71077326076984,64.28154521142672,64.15632982285226,63.11098902558317,61.6918741453696,59.41226688555607,57.77055134454382,57.64164546291896,77.21191128844508,77.23967900628618,77.25656997263734,77.16877816120206,76.66303419871872,74.33798542937508,73.25267237417391,72.94098834963674,72.21363957729393,72.20623437801109,71.82284039788209,71.38182289158725,70.88758744731437,70.82561459334352,70.43342352752087,70.1532989932014,68.80883588626037,67.67780011703928,66.98680492976622,65.5286473739087,65.09696887211769,64.4078289673621,64.30270691345366,59.69921315606573,59.609855675061794,59.53521876137367,59.344170537141245,57.79639387266627,57.65386088414611,57.60839867575129,57.710083147242955,76.66303419871872,70.82561459334352,68.80883588626037,59.69921315606573,77.22014630084195,75.89693972233881,57.77055134454382,75.25222992445637,"rgba(0, 255, 255, 0.75)",1.1255093097164883,75.25222992445637,1.5709066644584253,49.115667734880546,5.076307346464404,True,False,False,False,False,1.6441162466465968,0.0,0.0,0.0,0.0,0,0.8850393760671078,0.8768371378485564,False,False,False,False,-0.17645768299932926,-0.12337109162773693,False,False,False,False,-267800,84323.50696465082,False,False,False,False,18110.789905817608,False,False,False,False
2025-11-03 00:00:00+00:00,76.6314,76.89,76.6314,76.76,801,77.21954120927245,77.22624778495225,77.25545267301003,77.27446670243417,77.13598076192633,75.89759106196185,75.1038687903286,72.9864145138352,72.26437069113605,72.19511952165861,71.70012073818799,71.42180437452033,71.14956327557151,70.6653659263499,70.3910221465021,69.88116409119687,68.05796315381575,67.12399522497745,65.59383189681036,65.37166501483388,64.71337875151754,64.28411404324727,64.15888384616939,63.11348172007948,61.69429352759676,59.41463569016392,57.77276069963867,57.643779215650476,77.21132135137766,77.23907796069446,77.25596610202919,77.16833963780773,76.66308122954716,74.33958120789589,73.25478630160127,72.94320666196093,72.21602237015613,72.2086178660704,71.8252990010069,71.38433561404027,70.8901581821319,70.82819382903551,70.43606257286113,70.15598420255685,68.81169892768261,67.68080848114765,66.98982532318601,65.53142668188549,65.0996972619185,64.41040970847472,64.30527802635454,59.7015956775764,59.61223719778869,59.5375967968783,59.346530448192496,57.79860887347709,57.65603803252997,57.61049050632296,57.712073694477176,76.66308122954716,70.82819382903551,68.81169892768261,59.7015956775764,77.21954120927245,75.89759106196185,57.77276069963867,75.25295271998283,"rgba(38, 166, 154, 1.0)",1.1326489882973132,75.25295271998283,1.2170118847581897,46.16823782391312,2.297817096483854,False,False,False,True,False,0.30433123909001125,0.0,0.0,0.0,0.0,0,0.8708479611126103,0.9039411605852163,False,False,False,False,-0.1897542801230443,-0.15656268587539063,False,False,False,False,-268601,70483.33022093902,False,False,False,False,17431.97461539339,False,False,False,False
2025-11-04 00:00:00+00:00,75.3136,75.3801,75.27,75.37,1905,77.21412079749105,77.22097640117909,77.25021134101274,77.26933507871622,77.13184155589542,75.89650518735901,75.10423953625738,72.98968880981339,72.26825261425343,72.19903216769427,71.70436427649842,71.42618872145623,71.15408798456392,70.67013106680722,70.39591999077994,69.88628561509486,68.06387063402862,67.13013616400961,65.59963520671312,65.37742352986619,64.71885051399212,64.28953352732667,64.16427894522111,63.11879824748156,61.69950983947325,59.419812326729605,57.77762595136858,57.64848058613785,77.20597178339354,77.23384123776161,77.25082439810383,77.16407976817985,76.66033625379204,74.34114433385052,73.2577803095989,72.94652402713874,72.21992447746184,72.21252400364654,71.8294702325445,71.3887399182554,70.89480017174667,70.8328666609606,70.44093681559497,70.16100440345781,68.81729853602124,67.68685086011371,66.99597108289394,65.5372066751201,65.10540170028784,64.41584719228932,64.31070114290938,59.7067945275263,59.617436309109365,59.54279031430642,59.35168944257494,57.80348601989743,57.66083473641151,57.615100179759175,57.71645839609429,76.66033625379204,70.8328666609606,68.81729853602124,59.7067945275263,77.21412079749105,75.89650518735901,57.77762595136858,75.25185770412996,#000000,1.1631796413833855,75.25185770412996,0.05308061942745331,40.46250393524335,-2.985385850016179,False,True,False,True,False,0.0,0.0,0.0,0.0,0.0,0,0.8754187215036743,0.9077765888154825,False,False,False,False,-0.34282825441539394,-0.24969547014539228,False,False,False,False,-270506,57111.199624039466,False,False,False,False,16823.073650083843,False,False,False,False
2025-11-05 00:00:00+00:00,75.6782,75.6782,75.41,75.41,651,77.21253638899287,77.21943445582006,77.24867425862317,77.26782762315506,77.13063977275415,75.89630720392289,75.10452180878258,72.99093380461112,72.26969299818329,72.20048139338573,71.70591926133515,71.42778750227407,71.15573111177977,70.67185078321208,70.39768231712388,69.88811964948313,68.06596155597059,67.13230109392121,65.601671337063,65.37944278257754,64.72076625442746,64.29142920982201,64.16616561586201,63.12065382997284,61.70132650286054,59.42161033184028,57.77931329448533,57.65011093846879,77.20440914319245,77.23230766664899,77.24931634983531,77.16283924186516,76.65958769725974,74.34182288228959,73.2589338841121,72.9477830504095,72.22137055843014,72.21397130778975,71.83100245004591,71.39034500566349,70.89648001468406,70.8345563522559,70.44269147307998,70.16280657071987,68.81928852679098,67.68898583777275,66.99813664120177,65.53923429489465,65.10740065062116,64.4177496738612,64.31259817912544,59.70860077928532,59.619242483062536,59.544594406589695,59.353481199513965,57.8051775233147,57.6624981535772,57.61669870040293,57.717979055406936,76.65958769725974,70.8345563522559,68.81928852679098,59.70860077928532,77.21253638899287,75.89630720392289,57.77931329448533,75.25166957450317,#000000,1.1679696585466401,75.25166957450317,0.3651896454464302,38.50751614216026,-4.666036789800586,False,True,False,True,False,0.0,0.0,0.0,0.0,0.0,0,0.8881343720099623,0.8659340148518865,False,False,False,False,-0.3026548346111289,-0.2761751523782606,False,False,False,False,-269855,44288.99571721439,False,False,False,False,16188.87468341389,False,False,False,False
