date,Close,High,Low,Open,Volume,aVWAP_peak_184,aVWAP_peak_176,aVWAP_peak_170,aVWAP_peak_162,aVWAP_peak_154,aVWAP_peak_140,aVWAP_peak_135,aVWAP_peak_128,aVWAP_peak_104,aVWAP_peak_87,aVWAP_peak_76,aVWAP_peak_72,aVWAP_peak_67,aVWAP_peak_57,aVWAP_peak_46,aVWAP_peak_31,aVWAP_peak_22,aVWAP_peak_9,aVWAP_valley_188,aVWAP_valley_166,aVWAP_valley_158,aVWAP_valley_147,aVWAP_valley_130,aVWAP_valley_124,aVWAP_valley_115,aVWAP_valley_107,aVWAP_valley_95,aVWAP_valley_69,aVWAP_valley_64,aVWAP_valley_51,aVWAP_valley_44,aVWAP_valley_24,aVWAP_valley_19,aVWAP_valley_4,aVWAP_OB_bull_166,aVWAP_OB_bear_76,aVWAP_OB_bear_31,Peaks_Valleys_avg,color,StDev,StDev_Mean,StdDev_ZScore,QQEMOD,QQE1_Value,QQE1_Above_Upper,QQE1_Below_Lower,QQE2_Above_Threshold,QQE2_Below_Threshold,QQE2_Above_TL,banker_RSI,OB,OB_High,OB_Low,OB_Mitigated_Index,TTM_squeeze_Active,VI_plus,VI_minus,VI_Regular_Bullish,VI_Regular_Bearish,VI_Hidden_Bullish,VI_Hidden_Bearish,Fisher,Fisher_Signal,Fisher_Regular_Bullish,Fisher_Regular_Bearish,Fisher_Hidden_Bullish,Fisher_Hidden_Bearish,OBV,OBV_Smoothed,OBV_Regular_Bullish,OBV_Regular_Bearish,OBV_Hidden_Bullish,OBV_Hidden_Bearish,Volume_MA,Vol_Regular_Bullish,Vol_Regular_Bearish,Vol_Hidden_Bullish,Vol_Hidden_Bearish
2021-12-31 00:00:00+00:00,6.6055319109,6.8395861912,6.4755017552,6.622869265,1089470,,,,,,,,,,,,,,,,,,,,,,,,,,,,,,,,,,,,,,,#000000,,,,,,False,False,False,False,False,,0.0,0.0,0.0,0.0,0,,,False,False,False,False,,,False,False,False,False,0,0.0,False,False,False,False,1089470.0,False,False,False,False
2022-01-07 00:00:00+00:00,6.258784829,6.8309175141,6.2501161519,6.5881945568,1545146,,,,,,,,,,,,,,,,,,,,,,,,,,,,,,,,,,,,,,,#000000,,,,0.0,,False,False,False,True,False,,0.0,0.0,0.0,0.0,0,,,False,False,False,False,,,False,False,False,False,-1545146,-114455.25925925926,False,False,False,False,1123223.7777777778,False,False,False,False
2022-01-14 00:00:00+00:00,5.9987245175,6.5015077863,5.9380437782,6.2154414437,1422172,,,,,,,,,,,,,,,,,,,,,,,,,,,,,,,,,,,,,,,#000000,,,,0.0,-50.0,False,False,False,True,True,,0.0,0.0,0.0,0.0,0,,,False,False,False,False,,,False,False,False,False,-2967318,-325778.42524005484,False,False,False,False,1145368.0905349795,False,False,False,False
2022-01-21 00:00:00+00:00,5.4872725716,6.0810769495,5.2618869684,6.0160618716,1159373,,,,,,,,,,,,,,,,,,,,,,,,,,,,,,,,,,,,,,,#000000,,,,0.0,-50.0,False,False,False,True,True,,0.0,0.0,0.0,0.0,0,,,False,False,False,False,,,False,False,False,False,-4126691,-607327.5048519026,False,False,False,False,1146405.4912360923,False,False,False,False
2022-01-28 00:00:00+00:00,5.37457977,5.7560015601,5.1405254897,5.3399050618,1365916,,,,,,,,,,,,,,,,,,,,,,,,,,,,,,,,,,5.423702273266667,,,,5.423702273266667,#000000,,5.423702273266667,,0.0,-50.0,False,False,False,True,True,,0.0,0.0,0.0,0.0,0,,,False,False,False,False,,,False,False,False,False,-5492607,-969200.0600480579,False,False,False,False,1162665.5289223075,False,False,False,False
2022-02-04 00:00:00+00:00,5.8947003929,5.9900558405,5.37457977,5.37457977,1655547,,,,,,,,,,,,,,,,,,,,,,,,,,,,,,,,,,5.604195394228426,,,,5.604195394228426,#000000,,5.604195394228426,,9.616049732908197,-40.90982798686022,False,False,False,True,True,,0.0,0.0,0.0,0.0,0,,,False,False,False,False,,,False,False,False,False,-3837060,-1181634.1296741278,False,False,False,False,1199175.267520655,False,False,False,False
2022-02-11 00:00:00+00:00,6.1374233503,6.3541402765,5.8600256847,5.8947003929,1370224,,,,,,,,,,,,,,,,,,,,,,,,,,,,,,,,,,5.764253782055019,,,,5.764253782055019,#000000,,5.764253782055019,,19.215016934690137,-32.23021259375204,False,False,False,True,True,,0.0,0.0,0.0,0.0,0,,,False,False,False,False,,,False,False,False,False,-2466836,-1276834.268216785,False,False,False,False,1211845.5440006065,False,False,False,False
2022-02-18 00:00:00+00:00,6.4321583699,6.6835500043,6.085411288,6.1114173191,1438198,,,,,,,,,,,,,,,,,,,,,,,,,,,,,,,,,,5.921180669029337,,,,5.921180669029337,#000000,,5.921180669029337,,28.632126402274253,-24.009398317310374,False,False,False,True,True,,0.0,0.0,0.0,0.0,0,,,False,False,False,False,,,False,False,False,False,-1028638,-1258449.3594599862,False,False,False,False,1228612.3925931542,False,False,False,False
2022-02-25 00:00:00+00:00,6.1894354126,6.5188451404,5.6346400815,6.3628089535,1393008,,,,,,,,,,,,,,,,,,,,,,,,,,,,,,,,,,5.9584270126118835,,,,5.9584270126118835,#000000,,5.9584270126118835,,33.53646480137469,-20.247905606385665,False,False,False,True,True,,0.0,0.0,0.0,0.0,0,,,False,False,False,False,,,False,False,False,False,-2421646,-1344612.0735740613,False,False,False,False,1240789.8449936614,False,False,False,False
2022-03-04 00:00:00+00:00,6.5015077863,6.7268933896,6.0594052568,6.094079965,1336513,,,,,,,,,,,,,,,,,,6.429268810899998,,,,,,,,,,,,,,,,6.031946855502318,,,,6.230607833201159,#000000,,6.230607833201159,,39.27143699457126,-15.64242514739282,False,False,False,True,True,,0.0,0.0,0.0,0.0,0,,,False,False,False,False,,,False,False,False,False,-1085133,-1325391.401457464,False,False,False,False,1247880.449068205,False,False,False,False
2022-03-11 00:00:00+00:00,6.3194655683,6.4928391093,5.7726454201,6.4668330781,1955420,,,,,,,,,,,,,,,,,,6.290102416911452,,,,,,,,,,,,,,,,6.062266411257386,,,,6.176184414084419,#000000,,6.176184414084419,,42.10220742982004,-13.754450483353253,False,False,False,True,True,,0.0,0.0,0.0,0.0,0,,,False,False,False,False,,,False,False,False,False,-3040553,-1452440.408756911,False,False,False,False,1300290.7861742638,False,False,False,False
2022-03-18 00:00:00+00:00,6.3281342453,6.6806644199,5.6519774356,6.3021282142,2060658,,,,,,,,,,,,,,,,,,6.2632137543079,,,,,,,,,,,,,,,,6.088155520120733,,,,6.175684637214316,#000000,,6.175684637214316,,44.185144477551475,-12.415741787858344,False,False,False,True,True,,0.0,0.0,0.0,0.0,0,,,False,False,False,False,,,False,False,False,False,-979895,-1417437.045145288,False,False,False,False,1356614.2834946886,False,False,False,False
2022-03-25 00:00:00+00:00,5.9103207051,6.5370410155,5.8493895638,6.3281342453,1835963,,,,,,,,,,,,,,,,,,6.221252243289119,,,,,,,,,,,,,,,,6.089526503404568,,,,6.155389373346844,#000000,,6.155389373346844,,43.15860543021217,-12.415741787858344,False,False,False,True,True,,0.0,0.0,0.0,0.0,0,,,False,False,False,False,,,False,False,False,False,-2815858,-1521023.7825419335,False,False,False,False,1392121.5958284154,False,False,False,False
2022-04-01 00:00:00+00:00,5.9799562951,6.2846120016,5.9103207051,5.9712518464,1821332,,,,,,,,,,,,,,,,,,6.18831100382185,,,,,,,,,,,,,,,,6.086022451077891,,,,6.137166727449871,#000000,,6.137166727449871,,42.94874410080911,-12.415741787858344,False,False,False,True,True,,0.0,0.0,0.0,0.0,0,,,False,False,False,False,,,False,False,False,False,-994526,-1482023.9467980866,False,False,False,False,1423914.9591003847,False,False,False,False
2022-04-08 00:00:00+00:00,5.771049525,6.162749719,5.7536406275,5.9625473976,876464,,,,,,,,,,,,,,,,,,6.162379925536242,,,,,,,,,,,,,,,,6.076278508478167,,,,6.119329217007205,#000000,,6.119329217007205,,41.70581900728834,-12.415741787858344,False,False,False,True,True,,0.0,0.0,0.0,0.0,0,,,False,False,False,False,,,False,False,False,False,-1870990,-1510836.2470352654,False,False,False,False,1383363.03620406,False,False,False,False
2022-04-15 00:00:00+00:00,5.8145717688,5.9451385001,5.6665961399,5.7971628712,834988,,,,,,,,,,,,,,,,,,6.134840355005031,,,,,,,,,,,,,,,,6.063830641862236,,,,6.099335498433634,#000000,,6.099335498433634,,41.16416457201416,-12.415741787858344,False,False,False,True,True,,0.0,0.0,0.0,0.0,0,,,False,False,False,False,,,False,False,False,False,-1036002,-1475663.339847468,False,False,False,False,1342742.6631519075,False,False,False,False
2022-04-22 00:00:00+00:00,5.5273249598,5.9451385001,5.3575882091,5.7623450762,1166555,,,,,,,,,,,,,,,,,,6.083339635007287,,,,,,,,,,,,,,,,6.036129096104733,,,,6.05973436555601,#000000,,6.05973436555601,,39.38456313895683,-12.415741787858344,False,False,False,True,False,,0.0,0.0,0.0,0.0,0,,,False,False,False,False,,,False,False,False,False,-2202557,-1529507.3146735816,False,False,False,False,1329691.7251406552,False,False,False,False
2022-04-29 00:00:00+00:00,5.4576893698,5.5621427548,5.2139648046,5.4228715748,1173266,,,,,,,,,,,,,,,,,,6.022968150039667,,,,,,,,,,,,,,,,5.999985871659629,,,,6.011477010849648,#000000,,6.011477010849648,,37.80575519150052,-12.415741787858344,False,False,False,True,False,,0.0,0.0,0.0,0.0,0,,,False,False,False,False,,,False,False,False,False,-3375823,-1666271.4395125755,False,False,False,False,1318104.6343894955,False,False,False,False
2022-05-06 00:00:00+00:00,5.1530336633,5.5969605499,4.9789446882,5.4402804723,3156208,,,,,,,,,,,,,,,,,,5.871167552885778,,,,,,,,,,,,,,,,5.898055724810471,,,,5.884611638848124,#000000,,5.884611638848124,,35.45676567016972,-6.899530590489952,False,False,False,True,False,,0.0,0.0,0.0,0.0,0,,,False,False,False,False,,,False,False,False,False,-6532031,-2026698.073622755,False,False,False,False,1454260.4392495328,False,False,False,False
2022-05-13 00:00:00+00:00,5.4925071648,5.8929118076,4.9615357907,5.0137624832,2393935,,,,,,,,,,,,,,,,,,5.816863035190901,,,,,,,,,,,,,,,5.448984921033333,5.856442416765059,,,,5.707430124329765,#000000,,5.707430124329765,,36.41403827862298,-6.899530590489952,False,False,False,True,False,,0.0,0.0,0.0,0.0,1,,,False,False,False,False,,,False,False,False,False,-4138096,-2183097.9200210692,False,False,False,False,1523865.962268086,False,False,False,False
2022-05-20 00:00:00+00:00,5.4315760235,5.6927094862,5.3097137409,5.4576893698,882101,,,,,,,,,,,,,,,,,,5.801529045401959,,,,,,,,,,,,,,,5.45679741449273,5.843947246977312,,,,5.700757902290667,#000000,,5.700757902290667,,36.82538577683315,-6.899530590489952,False,False,False,True,False,,0.0,0.0,0.0,0.0,1,,,False,False,False,False,,,False,False,False,False,-5020197,-2393253.407426916,False,False,False,False,1476327.8169148944,False,False,False,False
2022-05-27 00:00:00+00:00,5.6927094862,5.7057661593,5.0398758295,5.4315760235,2206558,,,,,,,,,,,,,,,,,,5.768778525280147,,,,,,,,,,,,,,,5.465914509186002,5.816139367733973,,,,5.683610800733374,#000000,,5.683610800733374,,38.919325428902454,-6.899530590489952,False,False,False,True,False,,0.0,0.0,0.0,0.0,1,,,False,False,False,False,,,False,False,False,False,-2813639,-2424393.0809508483,False,False,False,False,1530418.9415878651,False,False,False,False
2022-06-03 00:00:00+00:00,5.6655521281,5.9370082579,5.5795516524,5.6578916912,1008303,,,,,,,,,,,,,,,,,5.727370679466667,5.766939914668729,,,,,,,,,,,,,,,5.506529395058095,5.813148981004653,,,,5.703497242549536,#000000,,5.703497242549536,,40.27407809446643,-6.899530590489952,False,False,False,True,True,,0.0,0.0,0.0,0.0,1,,,False,False,False,False,,,False,False,False,False,-3821942,-2527915.2231026376,False,False,False,False,1491743.6866554306,False,False,False,False
2022-06-10 00:00:00+00:00,5.0438300244,5.7443619722,4.8774536868,5.7093353748,2032970,,,,,,,,,,,,,,,,,5.3894715381395155,5.722152876021821,,,,,,,,,,,,,,,5.43864004046383,5.775543441240682,,,,5.581451973966462,#000000,,5.581451973966462,,38.55891588920868,-6.899530590489952,False,False,False,True,True,,0.0,0.0,0.0,0.0,1,,,False,False,False,False,,,False,False,False,False,-5854912,-2774359.4287987384,False,False,False,False,1531834.5246809542,False,False,False,False
2022-06-17 00:00:00+00:00,5.1313965178,5.2627462581,4.7679955699,4.8686970374,1725148,,,,,,,,,,,,,,,,,5.268068393637959,5.678603929962505,,,,,,,,,,,,,,5.054046115266666,5.3739039228109595,5.738597271609266,,,,5.4226439266574715,#000000,,5.343655590419523,,37.92412729069066,-6.899530590489952,False,False,False,True,True,,0.0,0.0,0.0,0.0,1,,,False,False,False,False,,,False,False,False,False,-4129764,-2874759.767406239,False,False,False,False,1546154.0413712538,False,False,False,False
2022-06-24 00:00:00+00:00,5.5429590372,5.6305255307,5.1313965178,5.1751797646,9328150,,,,,,,,,,,,,,,,,5.378521795429582,5.615109769753279,,,,,,,,,,,,,,5.375509015274676,5.402996164833154,5.67275486845974,,,,5.488978322750087,#000000,,5.443034186322673,,39.956495051751745,-6.899530590489952,False,False,False,True,True,,0.0,0.0,0.0,0.0,1,,,False,False,False,False,-0.18515417924635616,-0.18515417924635616,False,False,False,False,5198386,-2276748.9698205916,False,False,False,False,2122598.1864548647,False,False,False,False
2022-07-01 00:00:00+00:00,5.9194949592,5.9545215565,5.5407698749,5.613012232,2312256,,,,,,,,,,,,,,,,,5.438616422350126,5.626627670038055,,,,,,,,,,,,,,5.449799124499087,5.44545371270595,5.679497028392489,,,,5.527998791597142,#000000,,5.490124232398305,,43.26334367533223,-13.4829866707909,False,False,False,True,True,,0.0,0.0,0.0,0.0,1,0.9391805720509951,1.0564997554768079,False,False,False,False,-0.01311216296370538,-0.09913317110503077,False,False,False,False,7510642,-1551757.0461301776,False,False,False,False,2136646.913384134,False,False,False,False
2022-07-08 00:00:00+00:00,6.1559244915,6.2785175824,5.6918220761,5.7881452189,1531291,,,,,,,,,,,,,,,,,5.490131897506194,5.642677659259085,,,,,,,,,,,,,,5.510682264588094,5.484462808201823,5.691345531408354,,,,5.56386003219271,#000000,,5.531988657388799,,46.644973377706364,-10.166119852026767,False,False,False,False,True,,0.0,0.0,0.0,0.0,1,0.9634627601043657,1.035040113647,False,False,False,False,0.13538587533037347,0.01812635211267135,False,False,False,False,9041933,-767039.2649353496,False,False,False,False,2091805.7346149387,False,False,False,False
2022-07-15 00:00:00+00:00,5.9807915046,6.2785175824,5.8844683618,6.0946279461,1471427,,,,,,,,,,,,,,,,,5.532417949677946,5.657182651849391,,,,,,,,,,,,,,5.558977812677456,5.517770298713901,5.702201227994163,,,,5.593709988182571,#000000,,5.566587178229673,,48.19132444342334,-8.647495611265512,False,False,False,False,True,,0.0,0.0,0.0,0.0,1,0.9959444763438111,1.013964152659238,False,False,False,False,0.18271303043535525,0.1004196912740133,False,False,False,False,7570506,-149443.31938458292,False,False,False,False,2045851.7542730914,False,False,False,False
2022-07-22 00:00:00+00:00,6.243490985,6.3617057512,5.9895481539,6.0070614526,809013,,,,,,,,,,,,,,,,,5.559060077496129,5.6676250327106406,,,,,,,,,,,,,,5.5890860708853465,5.539190176958453,5.710367630033951,,,,5.613065797616903,#000000,,5.588740339512642,,50.412170252368846,-6.46247409449893,False,False,False,False,True,,0.0,0.0,0.0,0.0,1,1.0476358133385866,0.9800093861464616,False,False,False,False,0.22975912938876142,0.16508941033138735,False,False,False,False,8379519,482331.6672364973,False,False,False,False,1954234.0687713812,False,False,False,False
2022-07-29 00:00:00+00:00,6.5324604135,6.5674870109,6.1646811409,6.2347343357,584630,,,,,,,,,,,,,,,,,5.583298348393385,5.677995157910153,,,,,,,,,,,,,,5.616486225077922,5.558814848814208,5.718728930372924,,,,5.631064702113719,#000000,,5.609148645048917,,53.10102486630231,-3.8406778730446263,False,False,False,False,True,,0.0,0.0,0.0,0.0,1,1.068498879689563,0.943600129856429,False,False,False,False,0.3283471453242126,0.24671827782779998,False,False,False,False,8964149,1110614.4326263862,False,False,False,False,1852781.9155290565,False,False,False,False
2022-08-05 00:00:00+00:00,6.7075934005,6.7951598939,6.4011106733,6.5237037642,884180,,,,,,,,,,,,,,,,6.634621322566666,5.62616010770436,5.697490013707014,,,,,,,,,,,,,,5.664765218105556,5.593824340839351,5.734729921938024,,,6.634621322566666,5.825265154143495,#000000,,5.879842747303983,,55.63966267142027,-1.3837492993336156,False,False,True,False,True,,-1.0,6.79516,6.4011106,0.0,0,1.0697107628083113,0.9431782443799395,False,False,False,False,0.3428282076202063,0.2947732427240032,False,False,False,False,9848329,1757852.5487281354,False,False,False,False,1781033.625489867,False,False,False,False
2022-08-12 00:00:00+00:00,5.3415561022,6.5850003096,5.1751797646,6.5850003096,2063837,,,,,,,,,,,,,,,,5.980720184455499,5.632626638426768,5.6976302652819,,,,,,,,,,,,,,5.66833419368653,5.6013609476589465,5.733391834382026,,,5.980720184455499,5.7190106773152785,#000000,,5.720760491056936,,51.95713441200773,-1.3837492993336156,False,False,False,False,True,,0.0,0.0,0.0,0.0,1,0.9468306461868797,0.9760938051823052,False,False,False,False,0.030590428428806632,0.16268183557640492,False,False,False,False,7784492,2204270.2858593846,False,False,False,False,1801982.0236017287,False,False,False,False
2022-08-19 00:00:00+00:00,5.4291225957,5.5429590372,5.2539896087,5.2890162061,1061079,,,,,,,,,,,,,,,,5.829322269078409,5.623050171172887,5.6910387105504565,,,,,,,,,,,,,,5.655679633811131,5.594612656501419,5.7269801292780205,,,5.829322269078409,5.686780595065387,#000000,,5.675666182640962,,49.66809757553993,-1.3837492993336156,False,False,False,False,False,,0.0,0.0,0.0,0.0,1,0.9361093757343311,1.0658066360103173,False,False,False,False,-0.17192305688070905,-0.004620610652152066,False,False,False,False,8845571,2696218.4869068377,False,False,False,False,1747100.318149749,False,False,False,False
2022-08-26 00:00:00+00:00,5.2977728555,5.5692289852,5.2890162061,5.3590694009,821139,,,,,,,,,,,,,,,,5.75384525997533,5.61543536191144,5.685735441549049,,,,,,,,,,,,,,5.645853789383563,5.589090019253112,5.721838015773255,,,5.75384525997533,5.668632981307624,#000000,,5.651056107630861,,47.62563388948969,5.032215934049525,False,False,False,False,False,,0.0,0.0,0.0,0.0,1,0.9667385243774156,1.0554490740137537,False,False,False,False,-0.1587901612700893,-0.08170538596112067,False,False,False,False,8024432,3090900.969358183,False,False,False,False,1678510.590879397,False,False,False,False
2022-09-02 00:00:00+00:00,4.9387502322,5.3590694009,4.9034734448,5.3065295048,1021173,,,,,,,,,,,,,,,,5.633995802616464,5.594427816993117,5.672670774945372,,,,,,,,,,,,,,5.620825118086994,5.5725034891255145,5.709807900321723,,,5.633995802616464,5.634038483681532,#000000,,5.605438056705523,,45.1124335390262,2.6156589839258615,False,False,False,True,False,,0.0,0.0,0.0,0.0,1,0.9099337292666725,1.0853303363963838,False,False,False,False,-0.28949552073806095,-0.1856004533495908,False,False,False,False,7003259,3380705.2679242436,False,False,False,False,1629818.9174809232,False,False,False,False
2022-09-09 00:00:00+00:00,4.894654248,4.9828462164,4.6781429655,4.9828462164,926123,,,,,,,,,,,,,,,,5.527122905298821,5.569494110475869,5.657245822285865,,,,,,,,,,,,,,5.59180503748853,5.552318429969979,5.695746033791738,,,5.527122905298821,5.598955389885134,#000000,,5.5601851208083,,43.192020992922934,0.7570237047462456,False,False,False,True,False,,0.0,0.0,0.0,0.0,0,0.9122177469116627,1.0987234861284065,False,False,False,False,-0.34282825441539394,-0.26421435388249237,False,False,False,False,6077136,3580440.8777076327,False,False,False,False,1577693.2939638176,False,False,False,False
2022-09-16 00:00:00+00:00,4.6653551301,5.0004846101,4.514635056,4.8858350511,1039904,,,,,,,,,,,,,,,,5.4206643209222305,5.538876501302775,5.638018135949345,,,,,,,,,,,,,,5.556640098913132,5.52714678735211,5.678236057302686,,,5.4206643209222305,5.559930316957046,#000000,,5.510831927122561,,41.171090249210046,-1.2242923363036624,False,False,False,True,False,,0.0,0.0,0.0,0.0,0,0.9054756523643086,1.1153961230172704,False,False,False,False,-0.34282825441539394,-0.3035213041489432,False,False,False,False,5037232,3688351.331210771,False,False,False,False,1537857.0499664978,False,False,False,False
2022-09-23 00:00:00+00:00,4.277310469,4.6829935237,4.2111664926,4.6036207522,696679,,,,,,,,,,,,,,,,5.336368914139289,5.511586928522795,5.620982205552107,,,,,,,,,,,,,,5.525720960710732,5.504391408966605,5.6628318141760685,,,5.336368914139289,5.526980372011266,#000000,,5.469517053084855,,38.72743464892324,-3.6228026613247906,False,False,False,True,False,,0.0,0.0,0.0,0.0,0,0.8660026753996883,1.1304478054377118,False,False,False,False,-0.34282825441539394,-0.32317477928216853,False,False,False,False,4340553,3736662.565935899,False,False,False,False,1475547.5647837943,False,False,False,False
2022-09-30 00:00:00+00:00,4.1979376974,4.3831408311,4.1185649258,4.2684912721,524502,,,,,,,,,,,,,,,,5.272353947189172,5.489118149373418,5.606859931216189,,,,,,,,,,,,,,5.500425856235167,5.485516781886004,5.650071812262846,,,5.272353947189172,5.500724413027132,#000000,,5.43685368367094,,36.78814044995934,-5.541004899434945,False,False,False,True,False,,0.0,0.0,0.0,0.0,0,0.8531567511652519,1.1351617885870577,False,False,False,False,-0.34282825441539394,-0.3330015168487812,False,False,False,False,3816051,3742543.190681388,False,False,False,False,1405099.74517018,False,False,False,False
2022-10-07 00:00:00+00:00,4.2155760911,4.6036207522,4.1715682988,4.1979376974,469320,,,,,,,,,,,,,,,,5.2258511251608475,5.47117498002629,5.595340536762329,,,,,,,,,,,,,,5.480286964973232,5.470369223388599,5.6396146992170015,,,5.2258511251608475,5.480439588254716,#000000,,5.411920573387242,,35.4987486321774,-6.8635916735689975,False,False,False,True,False,,0.0,0.0,0.0,0.0,0,0.8693964282866826,1.108830783726132,False,False,False,False,-0.3002610620957486,-0.31663128947226493,False,False,False,False,4285371,3782752.6580383223,False,False,False,False,1335782.7270094259,False,False,False,False
2022-10-14 00:00:00+00:00,4.2332144847,4.3856983982,3.99509617,4.2332144847,526526,,,,,,,,,,,,,,,,5.172267925649932,5.449550505809299,5.581403390643074,,,,,,,,,,,,,,5.456123899969338,5.452020676073824,5.6269719701843925,,,5.172267925649932,5.456389728054977,#000000,,5.382490751875599,,34.679374603314976,-7.782909506407805,False,False,False,True,False,,0.0,0.0,0.0,0.0,0,0.8637437625488791,1.1079325793688366,False,False,False,False,-0.34282825441539394,-0.32972977194382946,False,False,False,False,4811897,3858985.572257706,False,False,False,False,1275837.784267987,False,False,False,False
2022-10-21 00:00:00+00:00,4.3831408311,4.5242479806,4.1450225163,4.277310469,484974,,,,,,,,,,,,,,,,5.134396241796128,5.432538406294823,5.570147643351389,,,,,,,,,,,,,,5.437169659706845,5.437510191041609,5.616698860660613,,,5.134396241796128,5.4380768338085685,#000000,,5.360403624709852,,34.97269503557522,-7.782909506407805,False,False,False,True,False,,0.0,0.0,0.0,0.0,0,0.8968044183711912,1.099020301044441,False,False,False,False,-0.29907080134279107,-0.31440028664331027,False,False,False,False,5296871,3965495.60394232,False,False,False,False,1217255.2817296174,False,False,False,False
2022-10-28 00:00:00+00:00,4.8858350511,4.9299310354,4.2861296658,4.4095984216,513996,,,,,,,,,,,,,,,,5.114189190385001,5.420721919254149,5.561799564398439,,,,,,,,,,,,,,5.424022485151955,5.4273611968767925,5.608949373814314,,,5.114189190385001,5.426173954980108,#000000,,5.346573697916974,,37.770064819918844,-7.782909506407805,False,False,False,True,False,,0.0,0.0,0.0,0.0,0,0.9204733606099881,1.0376061543114288,False,False,False,False,-0.21895309962207823,-0.26667669313269426,False,False,False,False,5810867,4102189.7814280745,False,False,False,False,1165162.0016014976,False,False,False,False
2022-11-04 00:00:00+00:00,4.1891185005,4.8858350511,3.9686385794,4.8770158543,839936,,,,,,,,,,,,,,,,5.059978449301762,5.393144595848663,5.54304830555004,,,,,,,,,,,,,4.347864043666667,5.393521537457027,5.403599962130245,5.591753901197565,,,5.059978449301762,5.24755868502171,#000000,,5.04862715656853,,37.5555384866678,-7.782909506407805,False,False,False,True,False,,0.0,0.0,0.0,0.0,0,0.9161644303631559,1.0425748539075408,False,False,False,False,-0.2715628276016229,-0.26911976036715857,False,False,False,False,4970931,4166540.9828037727,False,False,False,False,1141071.1866680535,False,False,False,False
2022-11-11 00:00:00+00:00,4.947569429,5.0093038069,4.1714801068,4.1714801068,1166866,,,,,,,,,,,,,,,,5.028612568186288,5.3695719595437845,5.525535936520538,,,,,,,,,,,,,4.558110823709663,5.367607159909365,5.383003451933279,5.5753513170484945,,,5.028612568186288,5.258256173835917,#000000,,5.080975627837275,,40.42367456539014,-7.782909506407805,False,False,False,True,True,,0.0,0.0,0.0,0.0,0,0.9318701058416254,1.0556229367953724,False,False,False,False,-0.22402917806250217,-0.24657446921483037,False,False,False,False,6137797,4312559.94704053,False,False,False,False,1142981.913581531,False,False,False,False
2022-11-18 00:00:00+00:00,4.9122926417,5.1063149722,4.8241006732,4.9740270196,892903,,,,,,,,,,,,,,,4.947569429033333,5.023418930739165,5.358724314448906,5.51639167730343,,,,,,,,,,,,,4.678036387540922,5.355773989545347,5.373336351100722,5.566545857412353,,,5.023418930739165,5.227474617140523,#000000,,5.001199684214692,,42.359505525521996,-14.562994253984826,False,False,False,True,True,,0.0,0.0,0.0,0.0,0,0.954038480756778,1.0338992056891152,False,False,False,False,-0.11815872206556988,-0.18236659564020014,False,False,False,False,5244894,4381621.728741231,False,False,False,False,1124457.5496125286,False,False,False,False
2022-11-25 00:00:00+00:00,4.727089508,4.9757908589,4.5507055711,4.9387502322,553452,,,,,,,,,,,,,,,4.872426295119899,5.013018780236555,5.349196395326765,5.508960524375495,,,,,,,,,,,,,4.689761876254205,5.345398150781606,5.364891289075671,5.559518308740651,,,5.013018780236555,5.212896452488856,#000000,,4.980151275598066,,43.14086655259372,-13.661148855760302,False,False,False,True,True,,0.0,0.0,0.0,0.0,0,0.9529290720933036,1.0454100764694998,False,False,False,False,-0.17472900589290166,-0.1785478007665509,False,False,False,False,4691442,4404571.378464103,False,False,False,False,1082160.842233823,False,False,False,False
2022-12-02 00:00:00+00:00,4.6565359332,4.8329198701,4.5154287837,4.727089508,532221,,,,,,,,,,,,,,,4.81751658465687,5.000802811840233,5.339079983205049,5.501182278865502,,,,,,,,,,,,,4.686895097841723,5.334404843303471,5.35591545300308,5.552192199880747,,,5.000802811840233,5.198498656574584,#000000,,4.959904834410574,,43.46866059599205,-13.15275371169092,False,False,False,True,True,,0.0,0.0,0.0,0.0,0,0.9090389959456548,1.0740136439843457,False,False,False,False,-0.2000141085223227,-0.1892809546444368,False,False,False,False,4159221,4386397.27635565,False,False,False,False,1041424.5576239101,False,False,False,False
2022-12-09 00:00:00+00:00,4.4343729593,4.7542876417,4.3810538456,4.6209898574,735951,,,,,,,,,,,,,,,4.737733068376414,4.978494368615987,5.322656205880365,5.488828266158614,,,,,,,,,,,,,4.661384591106196,5.316593442795334,5.341338816953054,5.540627592727138,,,4.978494368615987,5.173457044076638,#000000,,4.923551367723483,,42.98304819873068,-13.15275371169092,False,False,False,True,True,0.0,0.0,0.0,0.0,0.0,0,0.9503716790817002,1.0678886307702504,False,False,False,False,-0.23058483548181175,-0.2099328950631243,False,False,False,False,3423270,4315054.515144121,False,False,False,False,1018796.8866888057,False,False,False,False
2022-12-16 00:00:00+00:00,4.0167065683,4.5943303005,3.9100683409,4.4432594783,1451769,,,,,,,,,,,,,,,4.541193215579084,4.910591485545571,5.2787722580709895,5.456852547000265,,,,,,,,,,,,,4.546692932225679,5.2691445285110445,5.302363208653466,5.510978940001343,,,4.910591485545571,5.10207363944843,#000000,,4.816905540465345,,41.40941706477615,-13.15275371169092,False,False,False,True,True,0.0,0.0,0.0,0.0,0.0,0,0.9229446878139161,1.0418323748907463,False,False,False,False,-0.3239332680122041,-0.2669330815376642,False,False,False,False,1971501,4141457.9584667785,True,False,False,False,1050868.8950822274,False,False,False,False
2022-12-23 00:00:00+00:00,4.0522526442,4.096685239,3.687905367,4.0255930873,2419720,,,,,,,,,,,,,,,4.322375962304413,4.791619480554992,5.198982163243514,5.397995175330381,,,,,,,,,,,,3.9456144167333336,4.377430449823848,5.183487147838022,5.230857939908554,5.456362953492317,,,4.791619480554992,4.87830285435882,#000000,,4.359260077354147,,40.45128932427154,-13.15275371169092,False,False,False,True,True,0.0,0.0,0.0,0.0,0.0,1,0.8764654457729811,1.1100149520356584,False,False,False,False,-0.34282825441539394,-0.3048806679765291,False,False,False,False,4391221,4159958.9245062764,False,False,False,False,1152265.2732242846,False,False,False,False
2022-12-30 00:00:00+00:00,4.08779872,4.1766639096,3.8656357461,4.096685239,844172,,,,,,,,,,,,,,,4.2906765904742565,4.760762543093293,5.175346268490447,5.379836130252907,,,,,,,,,,,,3.970896887865302,4.347547219151968,5.158313216045827,5.209418061252494,5.439370468536023,,,4.760762543093293,4.8591297094625014,#000000,,4.342470810146205,,39.94127103937537,-13.15275371169092,False,False,False,True,True,0.0,0.0,0.0,0.0,0.0,0,0.8571436555526369,1.1302054807636046,False,False,False,False,-0.3079491449968594,-0.3064149064866942,False,False,False,False,5235393,4239620.707876182,False,False,False,False,1129443.5492817452,False,False,False,False
2023-01-06 00:00:00+00:00,4.3188482129,4.3810538456,3.9989335304,4.1411178337,871970,,,,,,,,,,,,,,,4.284613101465961,4.7391979081693645,5.155848483362851,5.364172475876811,,,,,,,,,,,,4.0261449264859825,4.337853755808796,5.137678835485707,5.191540931550805,5.424568304123175,,,4.7391979081693645,4.851290969147717,#000000,,4.346952422982526,,40.702097986540984,-13.15275371169092,False,False,False,True,True,0.0,0.0,0.0,0.0,0.0,1,0.8533674539353424,1.1419605070036787,False,False,False,False,-0.2633072948371581,-0.28486110066192616,False,False,False,False,6107363,4377971.988774243,False,False,False,False,1110371.4345201345,False,False,False,False
2023-01-13 00:00:00+00:00,4.6209898574,4.6520926737,4.2122099854,4.3543942887,854524,,,,,,,,,,,,,,,4.304256021780633,4.729800672423163,5.1427176414326246,5.352694196527535,,,,,,,,,,,,4.106445575299396,4.3498901915631825,5.1239371630022275,5.179265879898303,5.413525166760517,,,4.729800672423163,4.855836945409731,#000000,,4.372598115266594,,42.59899169234856,-12.890863347666773,False,False,False,True,True,0.0,0.0,0.0,0.0,0.0,1,0.8555578494957656,1.1197332560859803,False,False,False,False,-0.20098318159378667,-0.24292214112785643,False,False,False,False,6961887,4569373.100716892,False,False,False,False,1091419.7727038283,False,False,False,False
2023-01-20 00:00:00+00:00,4.5676707436,4.7615745873,4.5232381489,4.6387628953,590590,,,,,,,,,,,,,,,4.323235230412026,4.726890002587331,5.13560163774901,5.3460439095492704,,,,,,,,,,,,4.160525790025689,4.3633361188683075,5.11656097934922,5.172505041634709,5.407041857524859,,,4.726890002587331,4.861304507522269,#000000,,4.393496785473339,,43.74608456917719,-11.611322854770329,False,False,False,True,True,0.0,0.0,0.0,0.0,0.0,1,0.8712827848398257,1.1196955223641025,False,False,False,False,-0.14810883278516582,-0.1955154869565111,False,False,False,False,6371297,4702848.945108233,False,False,False,False,1054321.2710220632,False,False,False,False
2023-01-27 00:00:00+00:00,4.6209898574,4.7542876417,4.4077134024,4.5587842247,618731,,,,,,,,,,,,,,,4.339416484055364,4.723385859779917,5.128026299328132,5.338987122325662,,,,,,,,,,,,4.203819497062212,4.374887522207741,5.108712186181262,5.1653060055931865,5.400165963032502,,,4.723385859779917,4.86474521550733,#000000,,4.410377340776309,,44.81247923494449,-10.418131950236074,False,False,False,True,True,0.0,0.0,0.0,0.0,0.0,1,0.8470397854227438,1.1375829369549981,False,False,False,False,-0.163453463579001,-0.17948447526775607,False,False,False,False,6990028,4872269.615840957,False,False,False,False,1022055.325020429,False,False,False,False
2023-02-03 00:00:00+00:00,4.8875854261,5.0119966915,4.4610325162,4.6298763763,842016,,,,,,,,,,,,,,4.7868715446,4.37303208733544,4.725590388179941,5.121650082373004,5.332022622159894,,,,,,,,,,,,4.27353810895018,4.401138134198524,5.102261486682472,5.15900039649018,5.393185109574813,,,4.725590388179941,4.866828996054446,#000000,,4.458644968771036,,46.772248161409344,-8.38673121686287,False,False,False,False,True,0.0,0.0,0.0,0.0,0.0,1,0.8342546544484122,1.1334346261965282,False,False,False,False,-0.049738033399091226,-0.11461125433342365,False,False,False,False,7832044,5091512.162815701,False,False,False,False,1008719.0787226193,False,False,False,False
2023-02-10 00:00:00+00:00,4.8875854261,4.9186882424,4.6565359332,4.8698123882,718142,,,,,,,,,,,,,,4.802551686961146,4.400002962126143,4.7283329576129605,5.116931773509943,5.326582650821194,,,,,,,,,,,,4.324197469607912,4.422775661145119,5.097533210178179,5.154263468761076,5.387683137044016,,,4.7283329576129605,4.876085497776769,#000000,,4.48738194496008,,48.17208310888424,-6.9279975881283065,False,False,False,False,True,0.0,0.0,0.0,0.0,0.0,1,0.9535870923711423,1.149116567813101,False,False,False,False,0.05455336770836839,-0.030028943312527628,False,False,False,False,7832044,5294514.521125649,False,False,False,False,987194.850669092,False,False,False,False
2023-02-17 00:00:00+00:00,4.8164932744,4.9942236536,4.6831954901,4.9409045398,643886,,,,,,,,,,,,,,4.810951383868096,4.422095862002228,4.730921828165949,5.112969310914484,5.321900712184035,,,,,,,,,,,,4.363051415323854,4.440821108945817,5.093580881559897,5.150256440506035,5.38292786584106,,,4.730921828165949,4.882947680931145,#000000,,4.509229942534999,,48.819755203829345,-6.190961997145251,False,False,False,False,True,0.0,0.0,0.0,0.0,0.0,1,0.9490208498863261,1.0490090254641051,False,False,False,False,0.07659286933817638,0.023281963012824376,False,False,False,False,7188158,5434784.408449675,False,False,False,False,961764.5654343445,False,False,False,False
2023-02-24 00:00:00+00:00,4.5587842247,4.7955210897,4.4432594783,4.7542876417,616391,,,,,,,,,,,,,,4.764671685497174,4.430373924880439,4.727825766904116,5.106235503645127,5.315419195980104,,,,,,,,,,,,4.379187816329089,4.447246077498597,5.086653194617224,5.1437880041948905,5.376567460645077,,,4.727825766904116,4.877796863019184,#000000,,4.505369876051325,,48.06029255196714,-6.190961997145251,False,False,False,False,True,0.0,0.0,0.0,0.0,0.0,1,0.923227940442947,1.066674908367336,False,False,False,False,0.05738485860825381,0.040333410810539094,False,False,False,False,6571767,5519005.341157107,False,False,False,False,936181.3383651337,False,False,False,False
2023-03-03 00:00:00+00:00,4.7542876417,4.8164932744,4.5942414353,4.5943303005,511170,,,,,,,,,,,,,,4.758074544773545,4.441244722122842,4.727708160598666,5.102100628066217,5.311035886793294,,,,,,,,,,,,4.397555562803247,4.456178560859645,5.082460669362818,5.139718649077834,5.372189422113803,,,4.727708160598666,4.878826680657191,#000000,,4.513263347639819,,48.509717821479704,-6.190961997145251,True,False,False,False,True,0.0,0.0,0.0,0.0,0.0,1,0.9670330377393952,1.0438295667254047,False,False,False,False,0.17183102501551556,0.10608221791302733,False,False,False,False,7082937,5634852.130701025,False,False,False,False,904699.0170047535,False,False,False,False
2023-03-10 00:00:00+00:00,4.4432594783,4.8520393503,4.4077134024,4.7631741607,764767,,,,,,,,,,,,,,4.722527347458188,4.4479301005076515,4.723257988790063,5.0936396489542775,5.302915110064993,,,,,,,,,,,,4.410191293018931,4.461355840948917,5.073763033503334,5.131585233068466,5.364222568773843,,,4.723257988790063,4.873138816508867,#000000,,4.510501145483422,,47.42641045250511,-6.190961997145251,True,False,False,False,True,0.0,0.0,0.0,0.0,0.0,1,0.9708976918557325,1.0066222938627982,False,False,False,False,0.12435861660503811,0.11522041725903272,False,False,False,False,6318170,5685468.269167615,False,False,False,False,894333.6824118088,False,False,False,False
2023-03-17 00:00:00+00:00,4.1677773906,4.5321246678,4.1364070231,4.3543942887,1083433,,,,,,,,,,,,,,4.629708856040126,4.436140815133461,4.706411540202677,5.075764152614558,5.287306648002961,,,,,,,,,,,,4.397678761948139,4.450085730285723,5.055179215041202,5.114746563770356,5.3492055317523866,,,4.706411540202677,4.850222781479159,#000000,,4.478403540851862,,45.555061760573665,-6.190961997145251,True,False,False,True,False,0.0,0.0,0.0,0.0,0.0,1,0.9609866336443554,1.0369734791137573,False,False,False,False,-0.05818831029475207,0.028516053482140324,False,False,False,False,5234737,5652080.767747792,False,False,False,False,908341.0392701933,False,False,False,False
2023-03-24 00:00:00+00:00,4.4366662545,4.468036622,4.12296258,4.1677773906,573865,,,,,,,,,,,,,,4.601068447349091,4.432809138586522,4.699250871064732,5.067342677062612,5.279741246142927,,,,,,,,,,,4.342555152166667,4.395032354131566,4.446681426072561,5.046463653913983,5.10675435315106,5.341882536625828,,,4.699250871064732,4.741769931964172,#000000,,4.442866273058461,,45.61084677633738,-6.190961997145251,True,False,False,True,False,0.0,0.0,0.0,0.0,0.0,1,0.986868815848894,1.0143926313362985,False,False,False,False,-0.08215403147162846,-0.026818988994744067,False,False,False,False,5808602,5663674.933099807,False,False,False,False,883565.0363612901,False,False,False,False
2023-03-31 00:00:00+00:00,4.5621477243,4.6248884593,4.3828884817,4.4904440273,586458,,,,,,,,,,,,,,4.593875673579442,4.4359860507826285,4.69578211196687,5.061030982108872,5.273601188251193,,,,,,,,,,,4.4339125446267635,4.401031508728221,4.449082888064071,5.040005649363486,5.100647739900645,5.335841956333052,,,4.69578211196687,4.748495633737219,#000000,,4.466201444429263,,46.26424520950254,-6.190961997145251,True,False,False,False,False,0.0,0.0,0.0,0.0,0.0,1,1.0189133705778848,0.9728730594116263,False,False,False,False,0.04625323999824683,0.00971712550175138,False,False,False,False,6395060,5717851.6047220435,False,False,False,False,861557.1077419354,False,False,False,False
2023-04-07 00:00:00+00:00,4.5531847622,4.6248884593,4.4187403303,4.5621477243,294984,,,,,,,,,,,,,,4.591136859408142,4.437656680839382,4.694176554653347,5.057963284190706,5.270586755785291,,,,,,,,,,,4.453849386033566,4.404047804037933,4.450373887823208,5.036872525576156,5.097671163834921,5.332870309426291,,,4.694176554653347,4.749433490218264,#000000,,4.471672682579756,,46.689625972566404,-6.190961997145251,True,False,False,False,False,0.0,0.0,0.0,0.0,0.0,1,1.017717113890182,0.9927831111093876,False,False,False,False,0.05731004115559437,0.03351358332867287,False,False,False,False,6100076,5746164.522890781,False,False,False,False,819588.7293906809,False,False,False,False
2023-04-14 00:00:00+00:00,4.5621477243,4.7234810427,4.4994069894,4.5173329137,439473,,,,,,,,,,,,,4.5950119188,4.59137757797695,4.441621763810912,4.6927467972796,5.053996070523087,5.266518781731996,,,,,,,,,,,4.486590454528306,4.410370067583653,4.453642424597936,5.032847343372216,5.093779700354153,5.328827403067257,,,4.6927467972796,4.6851984118826815,#000000,,4.520837504722227,,47.041619393234676,-6.190961997145251,True,False,False,False,False,0.0,0.0,0.0,0.0,0.0,1,1.0422550277008529,0.9628083689891112,False,False,False,False,0.11285960389798853,0.0731865936133307,False,False,False,False,6539549,5804933.743417391,False,False,False,False,791432.0086950748,False,False,False,False
2023-04-21 00:00:00+00:00,4.5083699516,4.6338514214,4.4277032924,4.5711106865,505507,,,,,,,,,,,,,4.556654788744994,4.58683811644628,4.443922714313999,4.68998259807501,5.048816133773638,5.261406510550541,,,,,,,,,,,4.494323316631968,4.4145131633953865,4.455407408807809,5.027563551145185,5.088744486518409,5.323782382338466,,,4.68998259807501,4.680676627785267,#000000,,4.513082346304658,,47.01490018320072,-6.190961997145251,True,False,False,False,False,0.0,0.0,0.0,0.0,0.0,1,1.0216998455878807,0.9840757351705502,False,False,False,False,0.06284352645520401,0.06801506003426736,False,False,False,False,6034042,5821904.725386472,False,False,False,False,770252.3784213655,False,False,False,False
2023-04-28 00:00:00+00:00,4.5621477243,4.606962535,4.3470366332,4.5083699516,446745,,,,,,,,,,,,,4.540196272083121,4.582304577290675,4.445415510504823,4.687358951998257,5.044168474467808,5.256838383814351,,,,,,,,,,4.5053822975,4.4960586481659615,4.417366655523592,4.456501841330144,5.022821566871955,5.08422925251701,5.319277452221914,,,4.687358951998257,4.619757479573634,#000000,,4.53098544875994,,47.318701504746066,-6.190961997145251,True,False,False,False,False,0.0,0.0,0.0,0.0,0.0,1,1.0004458609794615,1.0265410324636983,False,False,False,False,0.029688360025300172,0.048851710029783765,False,False,False,False,6480787,5870710.81980229,False,False,False,False,746288.8689086718,False,False,False,False
2023-05-05 00:00:00+00:00,4.4814810652,4.7055551184,4.4411477356,4.5621477243,488201,,,,,,,,,,,,,4.54085373357462,4.580035493141108,4.4479316875278565,4.685146979307774,5.0395253972263285,5.252154042332078,,,,,,,,,,4.524883098784056,4.502889958328055,4.421525852341875,4.458517161137934,5.018104032176833,5.079687509990344,5.314634161465978,,,4.685146979307774,4.6219413393546445,#000000,,4.53716557095696,,47.08099467134331,-6.190961997145251,True,False,False,False,False,0.0,0.0,0.0,0.0,0.0,1,1.044312168029643,1.0131899850450774,False,False,False,False,0.08918599552082564,0.0690188527753047,False,False,False,False,5992586,5879738.6109280465,False,False,False,False,727171.2489895109,False,False,False,False
2023-05-12 00:00:00+00:00,4.5890366107,4.7503699291,4.4097773681,4.472518103,588834,,,,,,,,,,,,,4.550920832733355,4.580231201023045,4.452018458078824,4.683297969286341,5.034483848610876,5.2469018433902885,,,,,,,,,,4.547364890437303,4.514920235423897,4.427741232766083,4.461931833948504,5.013008395872077,5.0747138563691605,5.309395893775679,,,4.683297969286341,4.62659188981803,#000000,,4.5483592899044005,,47.60157316414752,-5.756144369705709,True,False,False,False,False,0.0,0.0,0.0,0.0,0.0,1,1.0204518047319873,1.0227724788580417,False,False,False,False,0.09335570542960533,0.08118727910245502,False,False,False,False,6581420,5931715.010118562,False,False,False,False,716924.0453606583,False,False,False,False
2023-05-19 00:00:00+00:00,4.8220736261,4.9027402853,4.5800736486,4.6248884593,508512,,,,,,,,,,,,4.768295853333334,4.58804804397752,4.590180151509793,4.460068700113662,4.684607001665752,5.031968886881244,5.2436792376540104,,,,,,,,,,4.602645354959225,4.543987859986114,4.438693364980216,4.469017958167195,5.010557865132672,5.072086442152382,5.306070532915058,,,4.684607001665752,4.6156102153825485,#000000,,4.625744278064048,,49.358508008659804,-3.914804348867463,True,False,False,False,True,0.0,0.0,0.0,0.0,0.0,1,0.9663654196182122,1.0164721730351745,False,False,False,False,0.26840935152679174,0.17479831531462336,False,False,False,False,7089932,6017508.861220891,False,False,False,False,701486.1160746836,False,False,False,False
2023-05-26 00:00:00+00:00,4.5935180918,4.8579254746,4.4994069894,4.8220736261,614930,,,,,,,,,,,,4.703700329044969,4.598701804654008,4.593793941359678,4.4657486397917525,4.683979457478056,5.0276572806419875,5.238886584051769,,,,,,,,,,4.613711346390099,4.556937691150642,4.446614042330382,4.473950039767161,5.00624729999618,5.067757634423831,5.301232900026031,,,4.683979457478056,4.6143384591962935,#000000,,4.618262792809929,,49.22118317007427,-3.914804348867463,True,False,False,False,True,0.0,0.0,0.0,0.0,0.0,1,0.9878498558111535,1.0069290832847848,False,False,False,False,0.22196555680034777,0.19838193605748555,False,False,False,False,6475002,6051397.241871195,False,False,False,False,695074.5519210033,False,False,False,False
2023-06-02 00:00:00+00:00,4.6607403078,4.7512662253,4.4994069894,4.6159254971,422394,,,,,,,,,,,,4.685512374018908,4.602745835751017,4.595513068595305,4.469193385019966,4.683398483500649,5.024650432752894,5.235566598856502,,,,,,,,,,4.616934945268218,4.5631308653303435,4.45139023837902,4.476944046027188,5.003238499152347,5.064743282231128,5.297884808407809,,,4.683398483500649,4.614800174104295,#000000,0.7514296655030114,4.617081005092121,0.0581016490460931,49.52878989841064,-3.520747229934784,True,False,False,False,True,0.0,0.0,0.0,0.0,0.0,1,0.9917676241442286,1.0028661434506487,False,False,False,False,0.1832234053389398,0.19080267069821266,False,False,False,False,6897396,6114063.816547402,False,False,False,False,674875.9925194476,False,False,False,False
2023-06-09 00:00:00+00:00,4.6829925849,4.8366815307,4.5890366107,4.6607403078,654017,,,,,,,,,,,,4.6906827837578575,4.616776740525907,4.601726526292717,4.476247023976743,4.68376600512774,5.0208598369322,5.231054791624824,,,,,,,,,,4.632034431601779,4.578058187787761,4.4607880523711705,4.483185728129405,4.999495081591623,5.060863514496502,5.293276254916265,,,4.68376600512774,4.622276056116271,#000000,0.7337787499422005,4.629388035918327,0.07305274101477571,49.88703609445648,-3.0460009306286935,True,False,False,False,True,0.0,0.0,0.0,0.0,0.0,1,1.0174697782441091,0.9839976373007059,False,False,False,False,0.24714781338080183,0.21897524203950725,False,False,False,False,7551413,6220534.12643278,False,False,False,False,673330.8819624515,False,False,False,False
2023-06-16 00:00:00+00:00,5.288707842,5.3067888945,4.6377899538,4.6739520587,1264445,,,,,,,,,,,5.0777622301,4.8319641257584856,4.715021321543742,4.649619017045198,4.509410761548904,4.697614365621495,5.022127061204891,5.228584913320289,,,,,,,,,,4.745023499970816,4.663577552055972,4.50235534920279,4.513329268429422,5.001336750334707,5.061206711277533,5.290096509252286,,5.0777622301,4.697614365621495,4.690567749127682,"rgba(38, 166, 154, 0.5)",0.7220132037440306,4.842442794343261,0.6180843305117035,53.25751049209292,0.27517474346259974,True,False,False,False,True,0.10672407370042336,-1.0,5.306789,4.6377897,0.0,1,1.0775172172374332,0.9112129476028927,False,False,False,False,0.3428281858356198,0.2809017139375635,False,False,False,False,8815858,6412780.339289611,False,False,False,False,717117.1129281959,False,True,False,False
2023-06-23 00:00:00+00:00,5.0717352126,5.2435052109,4.8909246881,5.2435052109,1206070,,,,,,,,,,,5.073348774818719,4.893104107068081,4.774774756432178,4.686315573624346,4.537354479770845,4.7096524421485215,5.0230962376216475,5.226165266641237,,,,,,,,,,4.808051166208798,4.7204320407075615,4.536553771245737,4.538947542104624,5.00281595369568,5.061349521130435,5.287024317262506,,5.073348774818719,4.7096524421485215,4.727853465412941,#000000,0.7145589797169839,4.887319701131943,0.25808298083539366,54.28422715325294,1.2545974980735295,True,False,True,False,True,0.0,0.0,0.0,0.0,0.0,1,1.1273439918092476,0.8556521744795886,False,False,False,False,0.342828183611243,0.3118649487744033,False,False,False,False,7609788,6501447.573416307,False,False,False,False,753335.845303885,False,False,False,False
2023-06-30 00:00:00+00:00,4.845722057,4.886404425,4.5208959497,4.728195216,831958,,,,,,,,,,,4.992144652557449,4.871618933713384,4.77229411852817,4.690000375565463,4.544472407440212,4.710557557863394,5.019247491159927,5.221255517440881,,,,,,,,,,4.801296649070479,4.723130578634116,4.545129051980991,4.5454868852934665,4.999059852970872,5.05733398915765,5.281941672641298,,4.992144652557449,4.710557557863394,4.719613121064713,#000000,0.7137195471385006,4.85933858846737,-0.019078266136836036,53.71150232822921,1.2545974980735295,True,False,False,False,True,0.0,0.0,0.0,0.0,0.0,1,1.0424512954561784,0.8878688153327737,False,False,False,False,0.056522763810692905,0.18419385629254809,False,False,False,False,6777830,6521920.34575584,False,False,False,False,759159.7086147084,False,False,False,False
2023-07-07 00:00:00+00:00,4.7824383734,4.8638031094,4.7010736374,4.845722057,524595,,,,,,,,,,,4.96339918330668,4.863856483195516,4.772920510383571,4.693205264527594,4.54936854246489,4.7115360535187785,5.017153988922856,5.218414935367659,,,,,,,,,,4.799986445272798,4.726257159893707,4.55096535602777,4.550006423642712,4.997041368520134,5.055109326865178,5.278972855362137,,4.96339918330668,4.7115360535187785,4.718150142223402,#000000,0.7138385729070438,4.850040655539641,-0.09470247855104988,52.95057867126364,1.2545974980735295,True,False,False,False,True,0.0,0.0,0.0,0.0,0.0,1,1.048933145634419,0.9112144009636679,False,False,False,False,0.08666462656718985,0.13542924142986895,False,False,False,False,6253235,6502017.727551703,False,False,False,False,741784.5450136189,False,False,False,False
2023-07-14 00:00:00+00:00,4.8366815307,4.9225665299,4.5293036391,4.5383441653,599675,,,,,,,,,,,4.936231581360155,4.854715934555701,4.77225657886089,4.695860274314988,4.554274180196644,4.712322323865553,5.014609783433509,5.215068646153806,,,,,,,,,,4.797254122486328,4.728337043513021,4.556759302662027,4.55454814771193,4.99457314751299,5.052430427298398,5.275489892658616,,4.936231581360155,4.712322323865553,4.716255948952724,#000000,0.708055461142836,4.840114554315769,-0.004848523603261346,52.70320073599352,1.2545974980735295,True,False,False,False,True,0.0,0.0,0.0,0.0,0.0,1,1.0045428111886423,0.93535253407275,False,False,False,False,0.038143059167070864,0.08678615029846991,False,False,False,False,6852910,6528009.747733058,False,False,False,False,731257.9120496471,False,False,False,False
2023-07-21 00:00:00+00:00,4.6197089013,4.9632488979,4.5383441653,4.5383441653,657994,,,,,,,,,,,4.906580731204269,4.841382312709359,4.767860939713871,4.696311573707133,4.558032764169528,4.712235985057131,5.011270736948866,5.211007301919374,,,,,,,,,,4.7905195687840125,4.7270903806583275,4.561138750490693,4.558038210732132,4.991286728069549,5.048991818576658,5.271312126657398,,4.906580731204269,4.712235985057131,4.711919121722646,#000000,0.6987948859584812,4.826585888102878,-0.29604822668259984,51.288451462034686,1.2545974980735295,True,False,False,False,False,0.0,0.0,0.0,0.0,0.0,1,0.9701659868968159,0.9445315683828751,False,False,False,False,0.05945697788931154,0.07312156409389073,False,False,False,False,6194916,6503336.1367898695,False,False,False,False,725830.955601525,False,False,False,False
2023-07-28 00:00:00+00:00,4.6558710062,4.7914788996,4.5021820604,4.5202631128,649048,,,,,,,,,,,4.877518869061325,4.825712633036555,4.760497381234373,4.694541379993845,4.560207298933764,4.711234707889861,5.0074406137259535,5.20661627653252,,,,,,,,,,4.780865220855145,4.72286219179833,4.5636164119710205,4.5600642467198504,4.987479319658308,5.045109487852217,5.266838758620756,,4.877518869061325,4.711234707889861,4.705712034149407,#000000,0.6812263655569879,4.81114852604685,-0.22793821216812574,50.49644495143456,3.5407885998217807,True,False,False,False,False,0.0,0.0,0.0,0.0,0.0,1,0.9790386760127068,0.9629623108013522,False,False,False,False,-0.02953724013308226,0.021792161980404234,False,False,False,False,6843964,6528567.830360991,False,False,False,False,720143.3292606714,False,False,False,False
2023-08-04 00:00:00+00:00,4.6649115325,4.8276410045,4.5067023235,4.5202631128,750317,,,,,,,,,,,4.853091067716504,4.811949174340585,4.754168057489105,4.693355106094796,4.56303788751826,4.7104184125469715,5.003313417100414,5.201773585593251,,,,,,,,,,4.772452827685217,4.719503154080787,4.566831998631203,4.56271005481551,4.983393261635827,5.04089877216868,5.261883796435273,,4.853091067716504,4.7104184125469715,4.700751774091894,#000000,0.6687064802978001,4.797915281807853,-0.1988970545771023,49.98817833925524,3.014962476000221,True,False,False,False,False,0.0,0.0,0.0,0.0,0.0,1,0.972746653797035,0.9879597085507875,False,False,False,False,-0.01213270491738409,0.004829728531510072,False,False,False,False,7594281,6607509.546630546,False,False,False,False,722378.4159821032,False,False,False,False
2023-08-11 00:00:00+00:00,4.7553167947,4.7824383734,4.5112225866,4.5202631128,740278,,,,,,,,,,,4.835661175509499,4.80181957269365,4.749737748272803,4.69294107851534,4.566111172337032,4.709934257177636,4.99953375817824,5.1972253433719,,,,,,,,,,4.766403743745642,4.717478329111914,4.570309505111837,4.565591604608247,4.979668069750302,5.037015019678009,5.257208489507769,,4.835661175509499,4.709934257177636,4.69759881870836,#000000,0.6459748713129875,4.7884055600553985,-0.05122299152000092,50.213658667415345,3.014962476000221,True,False,False,False,False,0.0,0.0,0.0,0.0,0.0,1,0.9503887632599827,0.982333586809674,False,False,False,False,-0.02953724013308226,-0.012353755800786095,False,False,False,False,8334559,6735439.1357690245,False,False,False,False,723704.31109454,False,False,False,False
2023-08-18 00:00:00+00:00,4.4388983768,4.7553167947,4.4208173244,4.5383441653,483295,,,,,,,,,,,4.817018481772516,4.7889670885001845,4.7414828125697195,4.68901101996245,4.565654370363558,4.707979206417642,4.9960081695088405,5.193475566739401,,,,,,,,,,4.756761797787674,4.711219134442066,4.569696731983534,4.565172012932101,4.97612384867665,5.033507113753172,5.25343803517668,,4.817018481772516,4.707979206417642,4.691296265673143,#000000,0.6297122195116075,4.776057545157524,-0.5354178590007642,48.47553870815028,1.4653713193958495,True,False,False,False,False,0.0,0.0,0.0,0.0,0.0,1,0.9368403181550709,0.9943823870307558,False,False,False,False,-0.07995528077444643,-0.04615451828761626,False,False,False,False,7851264,6818092.829415764,False,False,False,False,705896.213976426,False,False,False,False
2023-08-25 00:00:00+00:00,4.4841010079,4.6287494276,4.285209431,4.4750604817,597495,,,,,,,,,,,4.791766757309898,4.7705987996128645,4.728796637705775,4.682216346113618,4.5636683397619215,4.704618309079769,4.991046188248142,5.1883930149697095,,,,,,,,,,4.742320061809649,4.701065667839392,4.567296510709827,4.563319614261755,4.971109052126012,5.028614382618047,5.248365009408035,,4.791766757309898,4.704618309079769,4.681566704420447,#000000,0.6112401261681524,4.758370564109548,-0.4487099986856825,47.54758510342509,0.550219294320712,True,False,False,False,False,0.0,0.0,0.0,0.0,0.0,1,0.9513186101319385,0.9883611675323153,False,False,False,False,-0.1943053246728006,-0.12022992148020843,False,False,False,False,8448759,6938882.916125707,False,False,False,False,697866.4944226167,False,False,False,False
2023-09-01 00:00:00+00:00,4.6016278489,4.845722057,4.4388983768,4.4841010079,938056,,,,,,,,,,4.6287494275666665,4.775222816453144,4.758970578349674,4.722050593149461,4.679775353104754,4.565643230446965,4.702999103221103,4.98579798457878,5.182320851340744,,,,,,,,,,4.734104069418937,4.69665127084692,4.569451781000981,4.565184051803442,4.965905261086797,5.02327410327916,5.2421604951924525,,4.775222816453144,4.702999103221103,4.669580317214094,#000000,0.6015924142949753,4.724261722947105,-0.20384877058468856,47.69666557300271,0.550219294320712,True,False,False,False,False,0.0,0.0,0.0,0.0,0.0,1,0.9565553685198048,0.9700525571458475,False,False,False,False,-0.03340697392605428,-0.07681844770313136,False,False,False,False,9386815,7120211.218634915,False,False,False,False,715658.3096505711,False,False,False,False
2023-09-08 00:00:00+00:00,4.3879849794,4.5613149474,4.3788623495,4.5613149474,635777,,,,,,,,,,4.553599936506524,4.75382418333908,4.7423246011524105,4.709842992666029,4.672660412157371,4.563166069629388,4.699287893844474,4.980517901364589,5.17692173187447,,,,,,,,,,4.72048503211642,4.68656291516472,4.566509286327916,4.562863738636101,4.960570473938138,5.018066289786519,5.23677147584683,,4.75382418333908,4.699287893844474,4.6531839167695965,"rgba(239, 83, 80, 0.5)",0.5915619907282994,4.692558438278608,-0.5148631312563438,46.542715672968725,-0.48914335556828803,False,False,False,False,False,0.0,0.0,0.0,0.0,0.0,1,0.9656124072203952,1.0023517746800648,False,False,False,False,-0.18269061011554927,-0.1297545289093403,False,False,False,False,8751038,7241013.202439736,False,False,False,False,709741.1756023807,False,False,False,False
2023-09-15 00:00:00+00:00,4.1964097516,4.419914184,4.1872871217,4.4062302392,696431,,,,,,,,,,4.465948923247415,4.721822346590676,4.7164602392097255,4.689651277971769,4.659775623208962,4.556788272810673,4.692653248322494,4.973008134698235,5.169710180968419,,,,,,,,,,4.698440594253,4.6691017319264,4.559102241778071,4.556865760273559,4.95291879410171,5.01076642800631,5.229669459579273,,4.721822346590676,4.692653248322494,4.6293957011270255,"rgba(239, 83, 80, 0.5)",0.5879893130362349,4.650668025825205,-0.7725621268174493,44.70774555000649,-2.2743755070191227,False,False,False,True,False,0.0,0.0,0.0,0.0,0.0,1,0.9745544160492359,0.9808625426832852,False,False,False,False,-0.3350729732294345,-0.23241375106938741,False,False,False,False,8054607,7301279.409666423,False,False,False,False,708755.2366688709,False,False,False,False
2023-09-22 00:00:00+00:00,4.0139571537,4.2420229011,3.9729053192,4.2420229011,530156,,,,,,,,,,4.392182381357136,4.691006322420295,4.690952830214348,4.669036959466318,4.645971734639178,4.549016072844607,4.6855210422671165,4.965872037819994,5.163146672379353,,,,,,,,,,4.676198420568376,4.650860935776167,4.550155305738826,4.549540806938604,4.945608856791798,5.003895326726917,5.223269437365912,,4.691006322420295,4.6855210422671165,4.606492176996386,"rgba(239, 83, 80, 1.0)",0.5858310307527856,4.612584988640039,-1.021843848337651,42.521653472778496,-4.349989397819272,False,True,False,True,False,0.0,0.0,0.0,0.0,0.0,1,0.9498543061244408,0.9945414822379852,False,False,False,False,-0.34282825441539394,-0.28762100274239066,False,False,False,False,7524451,7317810.638580021,False,False,False,False,695525.6635822878,False,False,False,False
2023-09-29 00:00:00+00:00,3.9957118939,4.1234287124,3.9318534846,3.9957118939,366787,,,,,,,,,,4.34873313962106,4.669457389758657,4.67287254198074,4.654220061450018,4.635842724060746,4.543128175809375,4.680211533149564,4.960676368454039,5.158406410680817,,,,,,,,,,4.660287261419009,4.637648344882135,4.543406394687322,4.543983599500691,4.940282305023496,4.998900287616346,5.218656236038037,,4.669457389758657,4.680211533149564,4.590957963316976,"rgba(239, 83, 80, 1.0)",0.5885969531662456,4.587837583194867,-1.0059951654687294,40.87423218243207,-5.871613055012965,False,True,False,True,False,0.0,0.0,0.0,0.0,0.0,0,0.9126731349340775,1.028251396170447,False,False,False,False,-0.34282825441539394,-0.31522462857889233,False,False,False,False,7157664,7305947.924611131,False,False,False,False,671174.6514650814,False,False,False,False
2023-10-06 00:00:00+00:00,4.077815563,4.1234287124,3.8771177053,3.986589264,437144,,,,,,,,,,4.309605954258294,4.645843443295855,4.652834537134133,4.637657890783195,4.624360644308962,4.536397628220626,4.674078219733152,4.954617050209076,5.152852580963427,,,,,,,,,,4.642554299490232,4.6228244597357495,4.535718341226585,4.537622099127326,4.934075228282941,4.993067447183865,5.213245400695663,,4.645843443295855,4.674078219733152,4.574541929758096,"rgba(239, 83, 80, 0.5)",0.5902682150103993,4.562709558544629,-0.8214807831658132,40.37794810181928,-6.295288955249603,False,True,False,True,False,0.0,0.0,0.0,0.0,0.0,0,0.9020575524936134,1.0281130750477387,False,False,False,False,-0.34282825441539394,-0.3290264414971431,False,False,False,False,7594808,7327344.967232528,False,False,False,False,653839.0476528532,False,False,False,False
2023-10-13 00:00:00+00:00,3.8406271857,4.1416739722,3.8223819259,4.0504476733,330493,,,,,,,,,,4.278133408332057,4.626647084944707,4.6364026543098,4.623921800492687,4.614682326847088,4.53053522386481,4.668874913751991,4.94964294729284,5.14835271954548,,,,,,,,,,4.627903721463587,4.6104438836547565,4.529042311838165,4.532075983714083,4.928972266876933,4.988292200675403,5.208875277899811,,4.626647084944707,4.668874913751991,4.560978839946175,"rgba(239, 83, 80, 1.0)",0.5993859446939457,4.542271717262538,-1.1706055802172786,38.85617808500298,-7.730227207154073,False,True,False,True,False,0.0,0.0,0.0,0.0,0.0,0,0.8868644660262024,1.0374728954092596,False,False,False,False,-0.34282825441539394,-0.33592734795626855,False,False,False,False,7264315,7322676.0807708595,False,False,False,False,629887.4885674566,False,False,False,False
2023-10-20 00:00:00+00:00,3.813259296,4.0048345238,3.7950140362,3.8771177053,275196,,,,,,,,,,4.251522831807188,4.61003200926145,4.622089031934629,4.611864461799092,4.606090485617729,4.525226114875929,4.664225654011481,4.945279644536804,5.144435199845525,,,,,,,,,,4.615077254535783,4.599526952169239,4.5230100363540835,4.527049544737467,4.924492302386312,4.984109634215846,5.205077821262184,,4.61003200926145,4.664225654011481,4.549148872309258,"rgba(239, 83, 80, 1.0)",0.604280339165991,4.524680281884763,-1.1773028837354593,37.64160338294179,-8.865236702495714,False,True,False,True,False,0.0,0.0,0.0,0.0,0.0,0,0.892254915755042,1.0431429095414222,False,False,False,False,-0.34282825441539394,-0.3393778011858313,False,False,False,False,6989119,7297968.148861907,False,False,False,False,603614.0449698672,False,False,False,False
2023-10-27 00:00:00+00:00,3.639929328,3.8406271857,3.6216840682,3.813259296,252190,,,,,,,,,,4.22039485495025,4.592071216803117,4.6065649219205556,4.598686291546639,4.59660531993541,4.519188287821145,4.6591078524600364,4.940683039460064,5.14038894851599,,,,,,,,,3.700746860633333,4.601094808315571,4.587528671938718,4.516159661369841,4.521331575410223,4.919761772295433,4.979721924577686,5.201174900074763,,4.592071216803117,4.6591078524600364,4.453904089523458,"rgba(239, 83, 80, 1.0)",0.6131815363923033,4.279944463576814,-1.0437612641476255,35.98727168551123,-10.422760647493426,False,True,False,True,False,0.0,0.0,0.0,0.0,0.0,0,0.8805033958393057,1.059979491473191,True,False,False,False,-0.34282825441539394,-0.34110302780061263,False,False,False,False,6736929,7256409.693390655,True,False,False,False,577582.6342313585,False,False,False,False
2023-11-03 00:00:00+00:00,3.9318534846,3.9500987444,3.623143689,3.6490519579,320250,,,,,,,,,,4.1945897364654225,4.57354674388898,4.5904024768830265,4.584913106523342,4.586606135204627,4.51288455973417,4.653586440626662,4.93552151431545,5.135759523836881,,,,,,,,,3.7758723010789255,4.586501536456631,4.574984821126844,4.50902911455534,4.5153532713169815,4.914463004378283,4.9747736232471675,5.196688734364622,,4.57354674388898,4.653586440626662,4.44893305319173,"rgba(239, 83, 80, 0.5)",0.6102089134180337,4.283602814579089,-0.5764408258292961,37.25047465110208,-10.422760647493426,False,True,False,True,False,0.0,0.0,0.0,0.0,0.0,0,0.8702700776772879,1.0582217556022144,False,False,False,False,-0.31237981475991883,-0.32674142128026573,False,False,False,False,7057179,7241651.864250607,False,False,False,False,558520.9576216283,False,False,False,False
2023-11-10 00:00:00+00:00,3.8223819259,3.9500987444,3.731155627,3.9136082248,275203,,,,,,,,,,4.174998695943005,4.558327286044422,4.577036284255363,4.5734607135225405,4.578215455249556,4.507555778424835,4.648897667094723,4.931122421634909,5.1318059581691005,,,,,,,,,3.7949216199173126,4.57439017688887,4.564527926027454,4.503015435462731,4.51029486201021,4.909948722090622,4.970553610613033,5.192855704668566,,4.558327286044422,4.648897667094723,4.440644937173609,"rgba(239, 83, 80, 1.0)",0.6088960852138839,4.276320971540025,-0.7455115193926278,37.59827663916838,-10.422760647493426,False,True,False,True,False,0.0,0.0,0.0,0.0,0.0,0,0.8853398967127005,1.064549268689777,False,False,False,False,-0.2832627621577126,-0.3050020917189892,False,False,False,False,6781976,7207601.8002320435,False,False,False,False,537534.4422422484,False,False,False,False
2023-11-17 00:00:00+00:00,3.986589264,4.1507966021,3.7442009877,3.7950140362,363107,,,,,,,,,,4.160632622809717,4.5425131091164594,4.562979976539109,4.561361502880497,4.569254643581263,4.501944098546514,4.643737209959249,4.926032389668221,5.12712921278927,,,,,,,,,3.8445876791898868,4.561616394253824,4.553479181363583,4.496707895443477,4.504957681235552,4.904740984491513,4.965645437962403,5.188297253999755,,4.5425131091164594,4.643737209959249,4.435507710372432,"rgba(239, 83, 80, 0.5)",0.6130419491847358,4.277678346913793,-0.474827347950499,39.1064559850025,-10.422760647493426,False,True,False,True,True,0.0,0.0,0.0,0.0,0.0,0,0.8675229580677373,1.058062864627746,False,False,False,False,-0.2269462660432571,-0.2659741788811231,False,False,False,False,7145083,7202970.777992633,False,False,False,False,524613.8909650448,False,False,False,False
2023-11-24 00:00:00+00:00,3.986589264,4.1325513423,3.9500987444,4.0139571537,162846,,,,,,,,,,4.156620912580151,4.536422762737334,4.557515221097105,4.556637945964345,4.565724137208008,4.499751062741461,4.641657495114248,4.923913685404422,5.1251557083969175,,,,,,,,,3.8657487230698497,4.556637042279691,4.549163256569848,4.494250968240431,4.502868737105682,4.902577429304388,4.963595708791889,5.1863674154962265,,4.536422762737334,4.641657495114248,4.433847203248822,"rgba(239, 83, 80, 0.5)",0.6160333656279555,4.27907690487111,-0.4747918817237475,40.183726946312575,-13.603501862796222,False,True,False,True,True,0.0,0.0,0.0,0.0,0.0,0,0.8999826762278028,1.0560471809886578,False,False,False,False,-0.178656236678563,-0.22231520777984307,False,False,False,False,7145083,7198682.794437624,False,False,False,False,497816.2694120786,False,False,False,False
2023-12-01 00:00:00+00:00,3.9774666341,4.0322024135,3.7858914063,3.9957118939,268726,,,,,,,,,,4.146300147760334,4.524947352769849,4.547236586963778,4.547719719255922,4.55903406982509,4.495491489316793,4.637754229836915,4.92008722121806,5.121646142054224,,,,,,,,,3.876565157457204,4.5472475206063505,4.540984000677646,4.489477556218618,4.498812956768485,4.898662359867772,4.959906502203886,5.182948119219186,,4.524947352769849,4.637754229836915,4.4275003600851575,"rgba(239, 83, 80, 0.5)",0.6125737727776094,4.273762311237791,-0.4836897861204368,40.89747752020409,-12.896926796674762,False,True,False,True,True,0.0,0.0,0.0,0.0,0.0,0,0.8796521665764476,1.0553069021997545,False,False,False,False,-0.2470286085491611,-0.23467190816450206,False,False,False,False,6876357,7174806.809664466,False,False,False,False,480846.61982599867,False,False,False,False
2023-12-08 00:00:00+00:00,4.1922125327,4.2659217641,3.9480507039,3.9895121465,360734,,,,,,,,,,4.145666992005456,4.515268181831673,4.538350105000848,4.539967570238258,4.553115819132101,4.49190192735066,4.6340730480903,4.916045247203931,5.117767705569032,,,,,,,,,3.9231782948352922,4.53910312691772,4.533896101048882,4.485488710381936,4.4953806249625305,4.89455225537508,4.955967771733185,5.179129304459356,,4.515268181831673,4.6340730480903,4.426593682874282,"rgba(239, 83, 80, 0.5)",0.5964315461199401,4.280615893418317,-0.14822046434904607,43.09285995032913,-10.76781052388241,False,False,False,True,True,0.0,0.0,0.0,0.0,0.0,0,0.8895588395406236,1.036689292810773,False,False,False,False,-0.14535862470581157,-0.19001526643515682,False,False,False,False,7237091,7179420.453393025,False,False,False,False,471949.38872777653,False,False,False,False
2023-12-15 00:00:00+00:00,4.3764856111,4.4133402268,3.9158029152,4.164571571,878927,,,,,,,,,,4.156764164430906,4.499281432630431,4.523209018912908,4.526618491599296,4.542651146224462,4.485815265042185,4.627076604816276,4.907606353506426,5.109391702810268,,,,,,,,,4.018339413139579,4.525134052586215,4.52169767785172,4.478802603920699,4.48952831976505,4.8860135487771945,4.947675201029332,5.170819077473217,,4.499281432630431,4.627076604816276,4.42783132663384,#000000,0.5695476402486459,4.299398507278456,0.13534794699156372,45.930999263992234,-8.075294004483538,True,False,False,True,True,0.0,0.0,0.0,0.0,0.0,0,0.8770712529494092,1.0777965888272032,False,False,False,False,-0.11641999048151433,-0.1532176284583356,False,False,False,False,8116018,7248798.049437987,False,False,False,True,502095.87845164497,False,False,False,False
2023-12-22 00:00:00+00:00,4.3764856111,4.5054767659,4.2659217641,4.385699265,593461,,,,,,,,,,4.174205018596125,4.494952076565955,4.518622597866336,4.5224822019031246,4.5391717679807195,4.4841892170221,4.624215284836446,4.90324918461038,5.104764144192641,,,,,,,,,4.080544730491612,4.520844181156352,4.5179656411335305,4.477098546413205,4.487928984083554,4.881649998980147,4.943319451731156,5.166161343695839,,4.494952076565955,4.624215284836446,4.433007597912906,#000000,0.5467561264626681,4.317081105880007,0.10864899787098922,47.95824163089445,-6.207810574059906,True,False,False,False,True,0.0,0.0,0.0,0.0,0.0,0,0.8927169230002853,1.065315845591349,False,False,False,False,0.08110273331871458,-0.036057447569810504,False,False,False,False,8116018,7313036.564294432,False,False,False,True,508863.6652330046,False,False,False,False
2023-12-29 00:00:00+00:00,4.3396309954,4.5883996512,4.3304173415,4.385699265,307697,,,,,,,,,4.419482662699999,4.1836469660833435,4.493527287503656,4.516973515575381,4.520970650244325,4.5378375212875515,4.483664828821021,4.622980278032094,4.901176348011514,5.102509243547297,,,,,,,,,4.108111819565671,4.519286461644416,4.5166141760203375,4.476574070098719,4.4874021350417586,4.879582134629437,4.941234130614782,5.163880584662772,,4.493527287503656,4.622980278032094,4.42930251307234,#000000,0.511600946240848,4.301192183963168,0.07513436345119,49.11142355987096,-5.174914151863305,True,False,False,False,True,0.0,0.0,0.0,0.0,0.0,0,0.9694391439569187,1.0341229372911909,False,False,False,False,0.127893126966682,0.045917839698435756,False,False,False,False,7808321,7349724.300272623,False,False,False,False,493962.43077130057,False,False,False,False
2024-01-05 00:00:00+00:00,4.2198534945,4.4133402268,4.148171267,4.3396309954,357112,,,,,,,,,4.334058596427042,4.186931769289088,4.488529953468105,4.512115159368203,4.516607822692839,4.534294620530392,4.481584972003538,4.6204598641840375,4.898005866081595,5.09930574674746,,,,,,,,,4.121251977053276,4.5147508422860545,4.512598372911898,4.474314666954857,4.48539267454518,4.87638372238481,4.93810327910999,5.160689176640344,,4.488529953468105,4.6204598641840375,4.419545378098175,"rgba(239, 83, 80, 0.5)",0.45770766328111356,4.282693074059378,-0.1372919542332066,48.99229528886219,-5.174914151863305,True,False,False,False,True,0.0,0.0,0.0,0.0,0.0,0,0.9224991448169334,1.053584214355707,False,False,False,False,0.025754507802182577,0.03583617375030917,False,False,False,False,7451209,7357241.685437614,False,False,False,False,483825.3618252783,False,False,False,False
2024-01-12 00:00:00+00:00,4.164571571,4.2843490719,4.054007724,4.2382808023,283964,,,,,,,,,4.284251004569265,4.186297392062619,4.483150763086961,4.507004321751077,4.512021867333767,4.53060820760105,4.479275978759219,4.617970313960181,4.895143347874273,5.096495851807152,,,,,,,,,4.124229525513076,4.509980677980633,4.508351159034423,4.471786312001483,4.483171145491749,4.8734842391764674,4.935296035091458,5.157907541863083,,4.483150763086961,4.617970313960181,4.411768123093436,"rgba(239, 83, 80, 0.5)",0.3817180954653858,4.26948217130798,-0.27483790146253045,48.48384639651854,-5.174914151863305,True,False,False,False,True,0.0,0.0,0.0,0.0,0.0,0,0.9311730949433723,1.0798122895076006,False,False,False,False,-0.04650721376684692,-0.005335520008268875,False,False,False,False,7167245,7343167.85688668,False,False,False,False,469020.81650488736,False,False,False,False
2024-01-19 00:00:00+00:00,4.0724350318,4.164571571,3.9710848387,4.164571571,184744,,,,,,,,,4.249228045791127,4.183847820169342,4.478686625456421,4.502820335124133,4.508269321562842,4.527610724625799,4.477323898278804,4.616015004719078,4.893043080241374,5.094484383200038,,,,,,,,4.069363813833332,4.1220303072861135,4.506076126597186,4.5048626886003635,4.46963932129001,4.481297441859061,4.871349686595844,4.933248211789498,5.155927416065829,,4.478686625456421,4.616015004719078,4.365279580904665,"rgba(239, 83, 80, 1.0)",0.37149861575795,4.156117496769978,-0.2252564650859991,47.42545491855611,-5.174914151863305,True,False,False,False,True,0.0,0.0,0.0,0.0,0.0,0,0.9163119802598714,1.1044583904066145,False,False,False,False,-0.0928728650487601,-0.04910419252851449,False,False,False,False,6982501,7316451.793413593,False,False,False,False,447963.27454156236,False,False,False,False
2024-01-26 00:00:00+00:00,4.3027763797,4.4409811885,4.1000759935,4.1185033014,362709,,,,,,,,,4.256997429460012,4.187696640280673,4.474592016348194,4.498738629346829,4.5045532296553175,4.524507380697871,4.475507917060242,4.613688960219366,4.890003454730521,5.091369733199323,,,,,,,,4.209765144282779,4.133648238159397,4.502231978334873,4.5014279794075645,4.4676867694100615,4.4795349808596185,4.868290393184366,4.930235117877912,5.15281483471419,,4.474592016348194,4.613688960219366,4.379415866597351,#000000,0.3547600699160523,4.197026863045715,0.2980874275938348,48.58328671123261,-5.174914151863305,True,False,False,False,True,0.0,0.0,0.0,0.0,0.0,1,0.9359522958025006,1.0384978247119951,False,False,False,False,0.05036307093637302,0.0006294392039292648,False,False,False,False,7345210,7318582.030938513,False,False,False,False,441648.14309403923,False,False,False,False
2024-02-02 00:00:00+00:00,4.1185033014,4.385699265,4.0632213779,4.3212036876,341980,,,,,,,,,4.244373472132689,4.187748516158691,4.469116712210585,4.493452414019857,4.4997587104373755,4.520570603812911,4.473028546135581,4.610925540746583,4.88673546637535,5.0881233350944735,,,,,,,,4.201835443880477,4.1372197045409145,4.497264072991994,4.496969382385679,4.464990737842708,4.477142307861475,4.86498665254453,4.927019887531966,5.149592251145785,,4.469116712210585,4.610925540746583,4.374830903257118,"rgba(239, 83, 80, 1.0)",0.34302607377776134,4.192794284178193,-0.21657532315262096,48.02509527566293,-5.174914151863305,True,False,False,False,True,0.0,0.0,0.0,0.0,0.0,1,0.9303294006929012,1.050946785449638,False,False,False,False,0.02556962497507871,0.013099532089503988,False,False,False,False,7003230,7295222.621239364,False,False,False,False,434265.317679666,False,False,False,False
2024-02-09 00:00:00+00:00,4.0171531083,4.2014261866,3.9987258004,4.0816486857,365876,,,,,,,,,4.215831816782589,4.183482359644298,4.461139882730119,4.485899422598982,4.492920365002623,4.515012278225756,4.469351899369097,4.607201471601277,4.882693388899232,5.084228309838654,,,,,,,,4.164120024662935,4.133046265254617,4.490172543951336,4.490582231300229,4.460967374192331,4.473605928537562,4.86088322088857,4.923071533024101,5.145752212822009,,4.461139882730119,4.607201471601277,4.363220719015349,"rgba(239, 83, 80, 1.0)",0.34154465864300937,4.17412011658611,-0.459579748398806,46.9258582330393,-5.174914151863305,True,False,False,False,True,0.0,0.0,0.0,0.0,0.0,1,0.9201826849029566,1.0705502490526495,False,False,False,False,-0.06285310414669053,-0.02487678602859327,False,False,False,False,6637354,7246491.61225867,False,False,False,False,429199.442295987,False,False,False,False
2024-02-16 00:00:00+00:00,4.0908623396,4.1461442631,3.7960254143,4.0171531083,620990,,,,,,,,,4.1708092890411566,4.173292299945912,4.446283919247004,4.471866920090845,4.480177357841522,4.504620987984671,4.462321588715376,4.600284633382636,4.875410805342335,5.077288129768427,,,,,,,,4.113446130628371,4.121018221385164,4.476970982600099,4.478641037652057,4.453273952106736,4.466845472511168,4.853479937123687,4.915975050853301,5.138927502483227,,4.446283919247004,4.600284633382636,4.343712714641681,"rgba(239, 83, 80, 1.0)",0.33940640841054487,4.144641485250151,-0.15845058996381706,46.768447511889846,-5.174914151863305,True,False,False,False,True,0.0,0.0,0.0,0.0,0.0,1,0.9049452296360341,1.0742630532358002,False,False,False,False,-0.1574953532731835,-0.0911860696508884,False,False,False,False,7258344,7247369.566906176,False,False,False,False,443406.15027406206,False,False,False,False
2024-02-23 00:00:00+00:00,3.9434438769,4.0816486857,3.8789482995,4.0355804161,371258,,,,,,,,,4.147254301215431,4.166288747790041,4.437029641737941,4.463120438868528,4.4722066965026475,4.498087201644596,4.457829896197645,4.595929364873981,4.870901061571648,5.073016069292888,,,,,,,,4.0894231657954485,4.112504116734561,4.4687235184543574,4.471151201905267,4.448363765748603,4.462524890777255,4.84889241718386,4.911585847923764,5.1347323798148565,,4.437029641737941,4.595929364873981,4.332578903064881,"rgba(239, 83, 80, 1.0)",0.34258666942903876,4.128867582883871,-0.5412461211433041,45.625398909369125,-5.174914151863305,False,False,False,True,False,0.0,0.0,0.0,0.0,0.0,1,0.9324464926125572,1.0656676795325772,False,False,False,False,-0.15066166788028465,-0.12092386876558653,False,False,False,False,6887086,7220681.895283496,False,False,False,False,438061.8428463538,False,False,False,False
2024-03-01 00:00:00+00:00,3.9802984926,4.054007724,3.8513073378,3.9434438769,493574,,,,,,,,,4.122456830521984,4.157419143145765,4.425113015175589,4.451813356961902,4.461861853967633,4.489545377898085,4.451909929283285,4.590175519678682,4.864934159229264,5.0673559241990045,,,,,,,,4.066455879128796,4.102127998401345,4.458034444273963,4.461409971132735,4.441906145435422,4.456825484666909,4.842824560738646,4.905775536177736,5.129172325003709,,4.425113015175589,4.590175519678682,4.319623787060779,"rgba(239, 83, 80, 1.0)",0.34585113231198833,4.112114962799472,-0.38113644248694345,45.1426697879191,-5.174914151863305,False,False,False,True,False,0.0,0.0,0.0,0.0,0.0,1,0.9043803146979003,1.1027812896020812,False,False,False,False,-0.13293661031931292,-0.12693023954244972,False,False,False,False,7380660,7232532.125262497,False,False,False,False,442173.8544873646,False,False,False,False
2024-03-08 00:00:00+00:00,3.8789482995,4.0355804161,3.6486069516,3.9987258004,436787,,,,,,,,,4.094082255006127,4.146213400845628,4.412721251136329,4.440120502217135,4.451156566425959,4.480715869203668,4.445664123647203,4.584313722591132,4.859097921473791,5.061912481646552,,,,,,,,4.037307040847275,4.0878933477650925,4.446974954827348,4.451305906757863,4.435084797398852,4.450816859334072,4.836876840770132,4.900113853968871,5.123846686452444,,4.412721251136329,4.584313722591132,4.304849109503243,"rgba(255, 0, 0, 1.0)",0.35038594716762633,4.091374011116031,-0.606262075671674,44.08580753213413,-2.073028235971961,False,False,False,True,False,0.0,0.0,0.0,0.0,0.0,1,0.8922040817503115,1.068698437641646,False,False,False,False,-0.23361856239726167,-0.1802744009698557,False,False,False,False,6943873,7211149.967835645,False,False,False,False,441774.8282290413,False,False,False,False
2024-03-15 00:00:00+00:00,3.7315298368,3.9526575309,3.5933250281,3.8697346456,789345,,,,,,,,,4.040307082579217,4.121969488772357,4.388046049946791,4.416858509118398,4.4297994194195445,4.463033762538615,4.4329368887337495,4.572602797572888,4.847736709845962,5.051432307172856,,,,,,,3.7591707985999996,3.981967767364101,4.056972044184469,4.424932419222058,4.431094250899972,4.421194465694572,4.438571279947698,4.825283784232836,4.88911787189537,5.113621012057815,,4.388046049946791,4.572602797572888,4.205111783010691,"rgba(255, 0, 0, 1.0)",0.35824600546451046,3.959604423181947,-0.6366423711723452,42.36917209942235,-3.811300251893549,False,True,False,True,False,0.0,0.0,0.0,0.0,0.0,1,0.9129069882993924,1.0594229815749352,False,False,False,False,-0.30084449203036984,-0.24055944650011277,False,False,False,False,6154528,7132881.673921893,False,False,False,False,467520.76687874197,False,False,False,False
2024-03-22 00:00:00+00:00,3.7648299464,3.8486999205,3.6064088843,3.7555110604,547035,,,,,,,,,4.010234317035596,4.106077107616936,4.371521411948258,4.40120436736665,4.415353714222153,4.450959075934414,4.424146500372666,4.564493037261341,4.839863427742681,5.044161266875519,,,,,,,3.7513150493186673,3.9526440483645007,4.037572180716893,4.4100502709695855,4.417385179224218,4.411628870778246,4.430103476950826,4.817252745360536,4.881493579451901,5.106524668098492,,4.371521411948258,4.564493037261341,4.187335764678346,"rgba(255, 0, 0, 1.0)",0.36513980221870673,3.9379413988589143,-0.4740963636586139,41.484077121529175,-4.724237226713882,False,True,False,True,False,0.0,0.0,0.0,0.0,0.0,1,0.9441047595178357,1.0493983713721824,False,False,False,False,-0.34282825441539394,-0.29169385045775337,False,False,False,False,6701563,7100932.142520271,False,False,False,False,473410.71007290925,False,False,False,False
2024-03-29 00:00:00+00:00,3.7648299464,3.8484203539,3.6809599724,3.7461921744,340497,,,,,,,,,3.995830904771538,4.097460833829047,4.362041451871547,4.3921723329275615,4.406982233166162,4.443899525058426,4.418980678140766,4.559673666469839,4.8351280784953286,5.039761186659782,,,,,,,3.754040384208059,3.9394649401231048,4.027560377404603,4.401439542702137,4.409425307480993,4.4060238332899475,4.425121035229823,4.812427144701265,4.876900603201839,5.102223869960566,,4.362041451871547,4.559673666469839,4.178641830848475,"rgba(255, 0, 0, 1.0)",0.37220481919232745,3.9292241516268263,-0.44167672407777125,40.851866423034046,-5.40243551984112,False,True,False,True,False,0.0,0.0,0.0,0.0,0.0,1,0.9599909826899604,1.0331133248198214,False,False,False,False,-0.30568912002607657,-0.29869148524191497,False,False,False,False,6701563,7071349.243074325,False,False,False,False,463565.25006750855,False,False,False,False
2024-04-05 00:00:00+00:00,3.7275544024,3.8999537935,3.6623222004,3.7741488324,538746,,,,,,,,,3.9760766645378154,4.084626295425107,4.347597242673664,4.378361652392818,4.394138773075399,4.432998252115251,4.410952582721402,4.552152039742608,4.827710167308689,5.032852819550317,,,,,,,3.7562862903923655,3.9218659904899758,4.013057909442277,4.388244896721862,4.397192419454874,4.397331346171099,4.417371202031957,4.804871142783597,4.869700679481139,5.095467671363679,,4.347597242673664,4.552152039742608,4.165744813460615,"rgba(255, 0, 0, 1.0)",0.3750191805446066,3.916821713715608,-0.5046870163834078,40.12904803147928,-6.179460564890519,False,True,False,True,False,0.0,0.0,0.0,0.0,0.0,1,0.9649678377002261,1.0259793746200039,False,False,False,False,-0.2895029867852497,-0.29409723601358234,False,False,False,False,6162817,7004050.558402153,False,False,False,False,469134.19450695236,False,False,False,False
2024-04-12 00:00:00+00:00,3.4386689362,3.7443283972,3.4200311642,3.7275544024,464783,,,,,,,,,3.9459154407972785,4.066978479709381,4.331017237720181,4.362668724416571,4.379589394182986,4.420750108900583,4.401790081975144,4.543926005493005,4.820033903311179,5.0258887563139085,,,,,,,3.717801245151423,3.8911209897142314,3.9914194224582746,4.373280400031202,4.383326076131968,4.38737872541716,4.4085401547122425,4.797025747830628,4.862293760529042,5.088701291822404,,4.331017237720181,4.543926005493005,4.144311741031349,"rgba(255, 26, 202, 1.0)",0.3895369018005583,3.886564274530302,-1.1498149116553353,37.78235306781768,-8.497002169990424,False,True,False,True,False,0.0,0.0,0.0,0.0,0.0,0,0.9389008804891029,1.0501489311136873,False,False,False,False,-0.34282825441539394,-0.31846274521448814,False,False,False,False,5698034,6907308.5911131045,False,False,False,False,468811.8838027336,False,False,False,False
2024-04-19 00:00:00+00:00,3.3547989622,3.5318577963,3.2709289881,3.4479878222,727233,,,,,,,,,3.8918576273834415,4.034433374866744,4.301799443547829,4.3350547050918005,4.353956928219851,4.399141359477024,4.38544267194483,4.529464200680244,4.806838030073741,5.014049326160883,,,,,,,3.64696121940452,3.83532600194117,3.951420290556607,4.346927381573905,4.35886011766333,4.369626734353155,4.392783766815176,4.783521967625113,4.849590249977976,5.077230842995678,,4.301799443547829,4.529464200680244,4.10565970902492,"rgba(255, 26, 202, 1.0)",0.4001311725215876,3.8313912848214344,-1.1910902107876182,35.655400260760416,-10.543451779672196,False,True,False,True,False,0.0,0.0,0.0,0.0,0.0,0,0.9225169656378923,1.0602418883334577,False,False,False,False,-0.34282825441539394,-0.33064549981494107,False,False,False,False,4970801,6763863.584363986,False,False,False,False,487954.18870623485,False,False,False,False
2024-04-26 00:00:00+00:00,3.2150156721,3.4200311642,3.1963779001,3.3827556202,621423,,,,,,,,,3.845019684760747,4.004726191028311,4.275429227710532,4.310101958528166,4.330734392719875,4.3794732671351495,4.37041033038644,4.51624180701446,4.79490489118069,5.00340055390559,,,,,,,3.5899220300042614,3.787196461026438,3.915395425712866,4.323074186425381,4.336653394241543,4.35332666167294,4.37828683795857,4.771304264858958,4.838113493058956,5.066928834958443,,4.275429227710532,4.51624180701446,4.071825295215811,"rgba(255, 26, 202, 1.0)",0.41476365436558066,3.784383400376078,-1.3727522223396813,33.43309519370932,-12.641982214746562,False,True,False,True,False,0.0,0.0,0.0,0.0,0.0,0,0.9362028770142292,1.0529720359891606,False,False,False,False,-0.34282825441539394,-0.33673687711516753,False,False,False,False,4349378,6585012.800337024,False,False,False,False,497840.7673205878,False,False,False,False
2024-05-03 00:00:00+00:00,3.112507926,3.2569506591,3.093870154,3.2150156721,659507,,,,,,,,,3.7933547066442044,3.9707417977294006,4.245625918651499,4.281879644749144,4.30441429384624,4.357099293976829,4.353155291208792,4.501151448549892,4.781434911527764,4.991447876384326,,,,,,,3.5286663406892176,3.7341479535826085,3.8745634677729677,4.2960593689373585,4.311445496655343,4.334638775918004,4.361638881114735,4.757505586535473,4.825172105222127,5.055382920386428,,4.245625918651499,4.501151448549892,4.0340898989257985,"rgba(255, 26, 202, 1.0)",0.43437985409276814,3.7326831171722494,-1.4277254926279381,31.368550323009487,-14.560184250715693,False,True,False,True,False,0.0,0.0,0.0,0.0,0.0,0,0.9200423670635169,1.092692215169425,False,False,False,False,-0.34282825441539394,-0.33978256576528076,False,False,False,False,3689871,6370557.852163912,False,False,False,False,509816.0438153591,False,False,False,False
2024-05-10 00:00:00+00:00,2.7910063588,3.1702850192,2.7490713718,3.112507926,775486,,,,,,,,,3.721399371201801,3.9228339757514474,4.204938726445929,4.243402273130084,4.268499436533159,4.3265373430379315,4.329362782769744,4.480601376886783,4.763476272983778,4.975695966971556,,,,,,,3.4399331153809225,3.659605793190744,3.816927569098175,4.25920748164155,4.277007191034851,4.308878815583987,4.33868213553293,4.739084952449652,4.807958956071279,5.040214497061924,,4.204938726445929,4.480601376886783,3.981375493340866,"rgba(255, 26, 202, 1.0)",0.4654520735215438,3.6594664622179107,-1.8658421625394557,28.63904457149622,-17.09198994588793,False,True,False,True,False,0.0,0.0,0.0,0.0,0.0,0,0.8600862630141689,1.1020180782485876,False,False,False,False,-0.34282825441539394,-0.3413054100903373,False,False,False,False,2914385,6114545.048299918,False,False,False,False,529495.2998290362,False,False,False,False
2024-05-17 00:00:00+00:00,2.9168113199,2.9540868639,2.7304335998,2.7863469158,681047,,,,,,,,,3.664757769440188,3.8827946512141884,4.170245697431737,4.210470313350541,4.237643343444935,4.300079012154795,4.3085862904440395,4.4625790767206635,4.747682879800582,4.961817851502559,,,,,,2.867110594533333,3.376448561445823,3.601713985862214,3.7698730227135844,4.2275900308552385,4.247358732862387,4.286443257471653,4.318613454845235,4.722892490817088,4.792810705357712,5.026844970387107,,4.170245697431737,4.4625790767206635,3.8008647970291785,"rgba(255, 26, 202, 1.0)",0.49034806716214435,3.3775077278203893,-0.9395293644913055,28.15587400352415,-17.4640756034538,False,True,False,True,False,0.0,0.0,0.0,0.0,0.0,0,0.852018394781582,1.1633672455853463,True,False,False,False,-0.34282825441539394,-0.3420668322528656,False,False,False,False,3595432,5927944.081759184,False,False,False,False,540721.3516935521,False,False,False,False
2024-05-24 00:00:00+00:00,2.9447679779,2.9912692191,2.9168113199,2.9168113199,466461,,,,,,,,,3.633750520352616,3.859201750660957,4.148967083246583,4.190161205211116,4.218527423615486,4.283532266660169,4.295501528875974,4.451102364317604,4.737492156625252,4.952793669862577,,,,,,2.9011910386876374,3.346428622881622,3.570705574873721,3.742997829312066,4.208034913400983,4.228951661649447,4.272359540648707,4.305956846377447,4.712456454143818,4.783016919945093,5.018134269708601,,4.148967083246583,4.451102364317604,3.781996596224279,"rgba(255, 26, 202, 1.0)",0.5122445166242162,3.3630189391988994,-0.8165064685421104,28.131970709689732,-17.470060588767865,False,True,False,True,False,0.0,0.0,0.0,0.0,0.0,0,0.846940753942213,1.1579629949150867,False,False,False,False,-0.2924406979361002,-0.3172537650944829,False,False,False,False,4061893,5789718.075702948,False,False,False,False,535220.5849014372,False,False,False,False
2024-05-31 00:00:00+00:00,2.9727246359,3.05659461,2.9074924339,2.9447679779,410048,,,,,,,,,3.609665697257882,3.840036687005559,4.131288864428652,4.1732327753630765,4.2025472183660435,4.269616832744761,4.284440903700755,4.44134215524829,4.7287677336571665,4.945037466175237,,,,,,2.9216587899987223,3.324967862372034,3.5469149245728158,3.721573666035374,4.191704817170969,4.213542112605547,4.260479234581051,4.295248659092758,4.703527693252497,4.774623412392486,5.010640037408338,,4.131288864428652,4.44134215524829,3.7663591302571127,"rgba(255, 26, 202, 1.0)",0.5321261325213451,3.350801818550363,-0.7105029419602829,28.448266027139944,-17.470060588767865,False,True,False,True,False,0.0,0.0,0.0,0.0,0.0,0,0.8672482780477481,1.1361601897177058,False,False,False,False,-0.2800494319099356,-0.29865159850220924,False,False,False,False,4471941,5692104.958984211,False,False,False,False,525948.5415754048,False,False,False,False
2024-06-07 00:00:00+00:00,2.9354490919,3.0100001799,2.8888546619,3.0006812939,413780,,,,,,,,,3.5858705556634964,3.820790394437777,4.1134699947371685,4.156148071779994,4.1863950735840225,4.255508600933386,4.273179178500696,4.431396353299534,4.71988101186939,4.9371372626971075,,,,,,2.926509368372876,3.3038097137021336,3.523439082722336,3.7001986966663,4.175208096424595,4.197952875911189,4.248396205154547,4.284340794508793,4.6944337461812555,4.7660726435742715,5.0030069794706975,,4.1134699947371685,4.431396353299534,3.7491839048090703,"rgba(255, 26, 202, 1.0)",0.5521649960709833,3.33490718011521,-0.7234397164934703,28.484981406082078,-17.470060588767865,False,True,False,True,False,0.0,0.0,0.0,0.0,0.0,0,0.836355410496196,1.1820113990817005,False,False,False,False,-0.2944901644794144,-0.2965708814908118,False,False,False,False,4058161,5571072.073133529,False,False,False,False,517639.76071796747,False,False,False,False
2024-06-14 00:00:00+00:00,2.9307896489,3.084551268,2.8929730083,2.9447679779,474177,,,,,,,,2.969437975066667,3.561585754898602,3.800321020297766,4.094114539108099,4.137531768814297,4.168745776059227,4.2400035101906015,4.2607396236297586,4.4203465992606965,4.709945421709947,4.928271455662412,,,,,,2.9348330852929014,3.2837641956775143,3.4997461929883737,3.677860083898511,4.157200580622028,4.180895209700301,4.235076460341096,4.2722817006063885,4.684272682645273,4.756502913059388,4.994432849655077,,4.094114539108099,4.4203465992606965,3.611639519666477,"rgba(255, 0, 0, 1.0)",0.5711187623181482,3.171945362256364,-0.4222514287177729,28.486514910470266,-17.470060588767865,False,True,False,True,False,0.0,0.0,0.0,0.0,0.0,0,0.8342116596998516,1.2021239774556496,False,False,False,False,-0.27708904352681224,-0.286829962508812,False,False,False,False,3583984,5423880.364012527,False,False,False,False,514420.296961081,False,False,False,False
2024-06-21 00:00:00+00:00,2.8457022075,2.9591521294,2.8362480473,2.9307896489,447896,,,,,,,,2.9261720657631245,3.5371455786283734,3.779892121237348,4.075022840859407,4.11917528734325,4.151334794971559,4.22469436009198,4.248410001960821,4.409430195117501,4.700188539177405,4.919592620773674,,,,,,2.926401876611676,3.262145223260049,3.4756969455197155,3.6554789604350333,4.139439210467314,4.164059297133897,4.221879593114494,4.260327399297201,4.674291274228196,4.747110844539856,4.986046749103858,,4.075022840859407,4.409430195117501,3.589657011012529,"rgba(255, 0, 0, 1.0)",0.5892261517412533,3.147604027788641,-0.5123700287172845,28.03286751642513,-17.987438816336784,False,True,False,True,False,0.0,0.0,0.0,0.0,0.0,0,0.76629554541137,1.2405475981326652,False,False,False,False,-0.3176423442160195,-0.3022361533624157,False,False,False,False,3136088,5254414.262974562,False,False,False,False,509492.5712602601,False,False,False,False
2024-06-28 00:00:00+00:00,2.7795230864,2.9733333696,2.760614766,2.8551563676,1861293,,,,,,,,2.8670917582995132,3.4464099779175936,3.7003010588947496,3.999113614789589,4.045872669843063,4.0814919486349925,4.1627014854375775,4.19792500183597,4.364458679355622,4.65981070847814,4.883564631948121,,,,,2.837823740666667,2.891726756196665,3.1848572903636425,3.3870727957899844,3.570079422804239,4.068308658141183,4.096354649078458,4.1680301248113505,4.21130745703104,4.633012593040416,4.708200619059146,4.951208384736447,,3.999113614789589,4.364458679355622,3.39303490855657,"rgba(255, 0, 0, 1.0)",0.6083501875862024,2.9453748863816216,-0.2726255426001999,27.366966557470796,-18.79111721074619,False,True,False,True,False,0.0,0.0,0.0,0.0,0.0,0,0.7421045077971996,1.2533295071642567,False,False,False,False,-0.33015604040255037,-0.31619609688248307,False,False,False,False,1274795,4959627.650902373,False,False,False,False,609625.9363520928,True,False,False,False
2024-07-05 00:00:00+00:00,2.8267938871,2.940243809,2.7795230864,2.7889772465,473844,,,,,,,,2.8644385536718215,3.4273032279391145,3.682373607740532,3.981423099875605,4.028689884001356,4.065029096002373,4.147918662534503,4.185744106960448,4.353497730265366,4.64987001818045,4.874639355773179,,,,,2.84006190909184,2.887841318335175,3.1699672429915617,3.3686861774252352,3.5513992663075866,4.051576205784191,4.080349801661088,4.155092013053013,4.199458817963336,4.622861361880859,4.698603823570074,4.9425643655463345,,3.981423099875605,4.353497730265366,3.380218428737983,"rgba(255, 0, 0, 1.0)",0.6240776578339517,2.9405772560226,-0.18232245217288984,27.590195063766,-18.79111721074619,False,True,False,True,False,0.0,0.0,0.0,0.0,0.0,0,0.7705462173598634,1.2344720445890753,False,False,False,False,-0.3337166042239341,-0.3249563505532086,False,False,False,False,1748639,4721776.6397244185,False,False,False,False,599568.0151408266,False,False,False,False
2024-07-12 00:00:00+00:00,2.9780604497,3.0319491626,2.7984314067,2.8551563676,544605,,,,,,,,2.8747106952309776,3.409893183204525,3.6647419525451337,3.96326743925321,4.010957358819494,4.047962443266256,4.132448349040693,4.172909668815858,4.341813752650833,4.639126069507664,4.864915349503552,,,,,2.858233128729989,2.892398191905992,3.1586352739963104,3.352344799073408,3.5336136411605454,4.0342586525389335,4.063723227878249,4.141504805709955,4.1869566843204815,4.611903086626628,4.688210323528183,4.933127456586754,,3.96326743925321,4.341813752650833,3.3718795663919585,"rgba(255, 0, 0, 1.0)",0.6309079466601837,2.9459943224658174,0.05082536589359836,29.831857849872932,-18.79111721074619,False,True,False,True,True,0.0,0.0,0.0,0.0,0.0,0,0.7891149943099325,1.1983396324345743,False,False,False,False,-0.3054576896607036,-0.3152070201069561,False,False,False,False,2293244,4541885.333078166,False,False,False,False,595496.6806859506,False,False,False,False
2024-07-19 00:00:00+00:00,3.176597813,3.3751351763,2.9875146098,2.9875146098,531207,,,,,,,,2.9121069025069795,3.402201878067705,3.6538163748936943,3.950214264432077,3.9980034002537694,4.035345594997273,4.120730670988751,4.163058693076087,4.332544435869225,4.630256036384596,4.8567102043618675,,,,,2.9083047033890552,2.916610469634705,3.1595883222222074,3.346210585228127,3.523909461993548,4.021511413954758,4.051369185005629,4.1311606127762035,4.177327209265696,4.602884695228948,4.679583147061921,4.925120297928807,,3.950214264432077,4.332544435869225,3.377096636262187,"rgba(239, 83, 80, 1.0)",0.6324704618412342,2.9741525994382365,0.320086432135359,33.73572959640673,-20.017002147929404,False,True,False,True,True,0.0,0.0,0.0,0.0,0.0,0,0.8373582453373354,1.1173570675318225,False,False,False,False,-0.17508633209804264,-0.24514667610249938,False,False,False,False,2824451,4414667.9750723755,False,False,False,False,590734.4821166209,False,False,False,False
2024-07-26 00:00:00+00:00,3.3278643755,3.4318601372,3.1690344849,3.1860519731,459484,,,,,,,,2.950215449147553,3.399599833838629,3.6472370186927683,3.9411137517612933,3.988846770985723,4.026336137080664,4.112191915759771,4.155798541045796,4.325534795257987,4.623349165175248,4.850221619551513,,,,,2.955943427037218,2.943306261965175,3.1652247522452766,3.3451182536555866,3.5189433555940774,4.012442148996762,4.042509170010102,4.123587688437572,4.170210100420862,4.595878445642884,4.672839146989682,4.918763866275768,,3.9411137517612933,4.325534795257987,3.3855548874923302,"rgba(239, 83, 80, 0.5)",0.6318744688720274,3.0036724725988053,0.5130637790761138,38.017173362842456,-16.00029201132707,False,True,False,True,True,0.0,0.0,0.0,0.0,0.0,0,0.8474723367749954,1.1590713223762241,False,False,False,False,-0.11167784066422157,-0.17841225838336047,False,False,False,False,3283935,4330909.976918866,False,False,False,False,581012.2241820563,False,False,False,True
2024-08-02 00:00:00+00:00,3.0820562114,3.4413142974,3.0347854106,3.3278643755,400359,,,,,,,3.1860519731333325,2.968397950504015,3.394497113551653,3.6396823408045127,3.9318821063066958,3.979649405214673,4.017344492151445,4.10377434175898,4.148663662449676,4.318771791839232,4.616829303291992,4.844162388014949,,,,,2.9775146080749497,2.956871686801465,3.1658850465351236,3.3410892193678703,3.5123554423406658,4.0033700433304205,4.033687596240659,4.116117875805686,4.1632267313651505,4.589254960297455,4.666489242087657,4.912843937112597,,3.9318821063066958,4.318771791839232,3.3074227487420282,"rgba(239, 83, 80, 1.0)",0.6385741108439639,3.0222090546284406,0.09371998606780815,39.14488735780834,-15.074163664330683,False,True,False,True,True,0.0,0.0,0.0,0.0,0.0,0,0.8340702229580595,1.1466941898634397,False,False,False,False,-0.1229372465214076,-0.15067475245238404,False,False,False,False,2883576,4223700.052702653,False,False,False,False,567630.5038722743,False,False,False,False
2024-08-09 00:00:00+00:00,3.0253312505,3.0867832915,2.9496979692,2.9591521294,415685,,,,,,,3.1017744465793653,2.9722672825983105,3.385445513815895,3.629329093770077,3.9204590098445324,3.968375426782193,4.006392044177761,4.093648231755738,4.140111615428393,4.310821019993724,4.6093465734963806,4.837294619598608,,,,,2.9813366015927008,2.960366810269635,3.161255227909278,3.332876792692222,3.5024545959291413,3.992294486084678,4.0229679481402885,4.107129596928232,4.154870128443342,4.581640333197922,4.659222979164702,4.906155214205582,,3.9204590098445324,4.310821019993724,3.2947565375001155,"rgba(239, 83, 80, 1.0)",0.6430405371961975,3.003936285260003,0.03327156532507831,39.552908982052,-14.776872062168565,False,False,False,True,True,0.0,0.0,0.0,0.0,0.0,0,0.8290294194909242,1.1754989792096124,False,False,False,False,-0.23201653947259274,-0.19134564596248838,False,False,False,False,2467891,4093640.122872827,False,False,False,False,556375.2813632169,False,False,False,False
2024-08-16 00:00:00+00:00,3.1104186919,3.176597813,2.9780604497,3.0158770903,321290,,,,,,,3.0979846595039127,2.978557351642636,3.3799886560225607,3.622425750101965,3.912474396682596,3.960451625332941,3.9986608344997068,4.086436442103071,4.133984625653438,4.305061374748287,4.603855544608647,4.832218400774626,,,,,2.988202979665421,2.9655714286424297,3.159502857604031,3.328127931004748,3.496109269631205,3.9844886535370425,4.015386350570784,4.100709780535678,4.148875294211335,4.576058582076716,4.653880982262894,4.901202307288586,,3.912474396682596,4.305061374748287,3.2928945280501503,"rgba(239, 83, 80, 1.0)",0.6490362958743543,3.0075791048635994,0.15844967021121611,40.70324840991971,-13.70656666610261,False,False,False,True,True,0.0,0.0,0.0,0.0,0.0,0,0.862696887007104,1.156052452347663,False,False,False,False,-0.19615040204906242,-0.1937480240057754,False,False,False,False,2789181,3997013.5211785436,False,False,False,False,538961.5568177934,False,False,False,False
2024-08-23 00:00:00+00:00,3.2144144536,3.2805935747,3.0820562114,3.1293270122,384202,,,,,,,3.121813984731633,2.9915666706691173,3.375955940469638,3.6159615973107844,3.9043049921465687,3.952269426196688,3.9906218759331247,4.078831745392289,4.127470422494801,4.2988274226537335,4.597788170850981,4.826546456903004,,,,,3.0027497096534814,2.976087618044184,3.1604208417451387,3.3250462716826554,3.4906434839207394,3.9763924549792287,4.007479252066988,4.0939161189804505,4.142488850327258,4.569901180377435,4.647961665645875,4.895652626719583,,3.9043049921465687,4.2988274226537335,3.2964551110373947,"rgba(239, 83, 80, 0.5)",0.6546800845556808,3.023054495774604,0.29229537042549286,42.5264255089088,-11.975467259749848,False,False,False,True,True,0.0,0.0,0.0,0.0,0.0,0,0.867376180270686,1.130198586579987,False,False,False,False,-0.12917993508635922,-0.1614639795460673,False,False,False,False,3173383,3936003.852943096,False,False,False,False,527497.8859424012,False,False,False,False
2024-08-30 00:00:00+00:00,3.3089560552,3.3373185357,3.1955061333,3.2616852544,266207,,,,,,,3.145457337448205,3.0032593870162074,3.374556664417648,3.612504962857337,3.899440596451457,3.947348125708394,3.985750568726203,4.074154985373869,4.123430394100267,4.294890040688471,4.593876720325548,4.822850382288015,,,,,3.0158217635788653,2.9855667517033067,3.16270335062312,3.3243580127954147,3.488056873773532,3.9714996108135505,4.002672572181736,4.089723106236433,4.138519909303794,4.5659380921414,4.644135240535355,4.8920265519029025,,3.899440596451457,4.294890040688471,3.301172570066509,"rgba(239, 83, 80, 0.5)",0.6567710449753568,3.037526309936646,0.4132790983097292,44.69137915090603,-9.929064428963748,True,False,False,True,True,0.0,0.0,0.0,0.0,0.0,0,0.8894752510257987,1.1174992012346519,False,False,False,False,-0.05005477086726488,-0.10575937520666609,False,False,False,False,3439590,3899232.4564287923,False,False,False,False,508143.0055022234,False,False,False,False
2024-09-06 00:00:00+00:00,3.0300583305,3.3373185357,2.9591521294,3.3089560552,324511,,,,,,3.1088429985333335,3.1398321826440934,3.0082216222506015,3.369887376218302,3.6062552760147693,3.8919949707711115,3.9399252174854147,3.97847751858695,4.067309574536566,4.117564350015798,4.289325497436111,4.588520420248605,4.817869534909711,,,,,3.0208673917349613,2.9900737442071126,3.161484515708689,3.320365735290787,3.4824485668784315,3.964167675712635,3.9955250263993465,4.08359722671729,4.132772131161075,4.5604986949663875,4.6389157296969135,4.88715948450151,,3.8919949707711115,4.289325497436111,3.2208279409481086,"rgba(239, 83, 80, 1.0)",0.6614497548472237,3.0694410487907478,-0.05953999982938066,44.05045667738068,-9.929064428963748,True,False,False,True,True,0.0,0.0,0.0,0.0,0.0,0,0.8837139291799704,1.1146053998055605,False,False,False,False,-0.11541946183435267,-0.11058941852050938,False,False,False,False,3115079,3841147.015211845,False,False,False,False,494540.6347242809,False,False,False,False
2024-09-13 00:00:00+00:00,3.0588247071,3.1738902133,3.001291954,3.0588247071,416408,,,,,,3.091510041559337,3.1296503310065833,3.0121905557468582,3.3634508102473357,3.5979760419048676,3.882275581063443,3.930244202373361,3.968994938396753,4.05838846974947,4.109908634555633,4.282076623486634,4.581561549424363,4.811405854535069,,,,,3.0245853283068485,2.9940139255088645,3.1591287723384243,3.31473846905292,3.474916165180387,3.954607315544495,3.986205902364669,4.075602589956882,4.125270656459667,4.5534311141935,4.63213593174682,4.880845276896578,,3.882275581063443,4.282076623486634,3.2162160440852423,"rgba(239, 83, 80, 1.0)",0.6650689232984137,3.064484064154907,-0.008509429408969277,43.865698651707966,-9.929064428963748,True,False,False,True,True,0.0,0.0,0.0,0.0,0.0,0,0.8967141664785573,1.1321044673825609,False,False,False,False,-0.15886364148387508,-0.13472653000219223,False,False,False,False,3531487,3818209.236307264,False,False,False,False,488753.03215211193,False,False,False,False
2024-09-20 00:00:00+00:00,3.0396471227,3.2889557195,3.0204695384,3.0875910836,665112,,,,,,3.103263919181472,3.1268820550146352,3.020865766001775,3.355043724669696,3.5862138288808647,3.8679414381821737,3.9159002155713076,3.954890664344722,4.04501273392685,4.098357554030634,4.271039682790757,4.5708586209273925,4.801406956441972,,,,,3.033225894217179,3.0021857763861717,3.157284114067669,3.3076444633971938,3.464558116759248,3.940407304796675,3.972319539745745,4.06357438479669,4.113938492541248,4.542570925192179,4.621692414294998,4.871063390461063,,3.8679414381821737,4.271039682790757,3.2157167658575903,"rgba(239, 83, 80, 1.0)",0.6682742956225766,3.071059408603765,-0.04700507876709644,43.588366283323786,-9.929064428963748,True,False,False,True,True,0.0,0.0,0.0,0.0,0.0,0,0.898218395941652,1.094071236074476,False,False,False,False,-0.11080762224059724,-0.12276707612139473,False,False,False,False,2866375,3747702.9965808,False,False,False,False,501816.6594001037,False,False,False,False
2024-09-27 00:00:00+00:00,3.1834790055,3.2275874496,2.9964975579,3.0492359149,456990,,,,,,3.1112582722636697,3.128005216023989,3.027089513400015,3.3500367042665298,3.578781419416594,3.8586471755983034,3.906567449592314,3.945686317475061,4.036228833164772,4.090729901315485,4.263702703845242,4.5636923166607755,4.794683639812587,,,,,3.039461646944036,3.008051130116267,3.1566673718129223,3.3035248248604137,3.45816079583037,3.9311506117003776,3.963244118284461,4.055649841140587,4.106448036201231,4.535304386882414,4.614691684951436,4.864478986259003,,3.8586471755983034,4.263702703845242,3.216103689493481,"rgba(239, 83, 80, 0.5)",0.6693411908232672,3.0764536621579275,0.15989654425784722,44.79479434520324,-9.720707409709718,True,False,False,True,True,0.0,0.0,0.0,0.0,0.0,1,0.8826524611405088,1.1033896487978143,False,False,False,False,-0.14128464202504115,-0.13202585907321795,False,False,False,False,3323365,3716270.5523896297,False,False,False,False,498496.1661112071,False,False,False,False
2024-10-04 00:00:00+00:00,3.1163574602,3.2314229664,3.0492359149,3.2122453821,603321,,,,,,3.1164150239670634,3.1286198089278052,3.034108631770242,3.343663575387017,3.569261849020706,3.8466743568839292,3.8945283184852793,3.9337954974012868,4.024844676462946,4.080806666943459,4.254130660382621,4.5543171953426285,4.785871531219804,,,,,3.0463586376447913,3.0148568885422544,3.1557768266078914,3.2982714850433457,3.4499987667175263,3.9191986133150496,3.95151039778102,4.045353638826455,4.096697854295747,4.525801443455173,4.605527957444474,4.855844841563859,,3.8466743568839292,4.254130660382621,3.2157331493628645,"rgba(239, 83, 80, 1.0)",0.6701595986256641,3.0813755255774753,0.05219940846070754,45.09282657477593,-9.320630692914925,True,False,False,True,True,0.0,0.0,0.0,0.0,0.0,1,0.8937263672676123,1.1125107166069148,False,False,False,False,-0.06421373449499757,-0.09811979678410776,False,False,False,False,2720044,3642475.9929533605,False,False,False,False,506260.9686214881,False,False,False,False
2024-10-11 00:00:00+00:00,3.0396471227,3.0985223067,3.001291954,3.0875910836,331743,,,,,,3.1081243215551813,3.122678255508143,3.0345465005226666,3.338955636143983,3.563203459438478,3.8394864657142986,3.887338819563378,3.9267195218353996,4.018115856152502,4.07495131550483,4.248538511899479,4.548906234331795,4.780816270451464,,,,,3.04636367837255,3.015781418547275,3.1536204875127996,3.29409335431017,3.444516176236199,3.912077274208496,3.9445371030559877,4.039266195003281,4.090949399365344,4.520312226539109,4.600246453218791,4.850899169428456,,3.8394864657142986,4.248538511899479,3.2121883288147446,"rgba(239, 83, 80, 1.0)",0.67269855183347,3.0779281889896355,-0.056906717258865515,44.67577325452661,-9.320630692914925,True,False,False,True,True,0.0,0.0,0.0,0.0,0.0,1,0.9210383042796298,1.1094977808132769,False,False,False,False,-0.08509876486410176,-0.09160928082410476,False,False,False,False,2388301,3549574.141623482,False,False,False,False,493333.71168656304,False,False,False,False
2024-10-18 00:00:00+00:00,3.0204695384,3.1163574602,3.001291954,3.0204695384,362455,,,,,,3.10100436758706,3.1170645819479756,3.0349741609316885,3.333971854218829,3.556737117756244,3.831774972491934,3.879617700083804,3.9191125018443786,4.010865777578367,4.068626457929444,4.242485308883413,4.543036812681792,4.7753250737696264,,,,,3.0463503606299622,3.016717819720873,3.1513502963441824,3.2896761452998953,3.4386872968712052,3.9044243874149163,3.9370363186585347,4.03269648845817,4.084737616172888,4.514359404466131,4.5945151050026745,4.845525121223601,,3.831774972491934,4.242485308883413,3.2086534001307916,"rgba(239, 83, 80, 1.0)",0.6734302701486403,3.0748483677741714,-0.08074901260700505,44.219304741487335,-9.320630692914925,True,False,False,True,True,0.0,0.0,0.0,0.0,0.0,1,0.946040922398484,1.0705478272679452,False,False,False,False,-0.02324536757488924,-0.057427324199497,False,False,False,False,2025846,3436705.390392113,False,False,False,False,483638.9923023732,False,False,False,False
2024-10-25 00:00:00+00:00,2.9437592009,3.0204695384,2.9054040321,3.001291954,400560,,,,,,3.0847551912529654,3.1050436605435237,3.031876359814158,3.327006024793584,3.548556711904203,3.8224742449283378,3.8703494674438415,3.9100109489616646,4.002246636677387,4.061122633228176,4.235371113351097,4.536218828455026,4.768984906493141,,,,2.956544257133334,3.0424484563137653,3.014727912261869,3.146910820817646,3.2832467784982833,3.431017088571692,3.895257226998556,3.9280732017807916,4.024887015112124,4.077374008493597,4.507438850172975,4.587866946732762,4.83932967683217,,3.8224742449283378,4.235371113351097,3.1423576550000822,"rgba(239, 83, 80, 1.0)",0.6704873567231483,3.0471978913108972,-0.15427388655981478,43.25698577664406,-9.320630692914925,True,False,False,True,True,0.0,0.0,0.0,0.0,0.0,1,0.9409992042414611,1.0690132064546396,True,False,False,False,-0.1574588626639893,-0.10744309343174316,False,False,False,False,1625286,3302526.1762889936,False,False,False,False,477484.9928725678,False,False,False,False
2024-11-01 00:00:00+00:00,2.9533479931,3.0588247071,2.9245816165,2.9437592009,325342,,,,,,3.0758953525801247,3.0978119717093953,3.030230228830317,3.32186512930126,3.542319727299033,3.815255718423659,3.863138496433524,3.9029147316638966,3.9954966270476566,4.055223963939953,4.229750594052377,4.530801942188908,4.763930918068907,,,,2.9665719917269806,3.040282933149532,3.013791233628688,3.1438578191631352,3.278549866775849,3.4252499329938977,3.8881153547341625,3.921077809761412,4.018758050878323,4.071581508340466,4.501943382938999,4.582580295923639,4.834386898741595,,3.815255718423659,4.229750594052377,3.139410645985918,"rgba(239, 83, 80, 1.0)",0.6707556794339566,3.0451405622915084,-0.13684948485113269,42.685815419891036,-9.320630692914925,True,False,False,True,True,0.0,0.0,0.0,0.0,0.0,1,0.96336180982209,1.031840541607457,False,False,False,False,-0.11524099293695968,-0.11134204318435142,False,False,False,False,1950628,3202385.570637957,False,False,False,False,466215.1415486739,False,False,False,False
2024-11-08 00:00:00+00:00,3.2122453821,3.3504198774,2.9245816165,2.9725255774,667522,,,,,,3.088577531338843,3.104612090364256,3.0381550511993956,3.317175551033632,3.5339728050877843,3.8039913221379797,3.851698425078407,3.8915136698011534,3.9843725542570727,4.0453498416816425,4.220043515603405,4.521105264789449,4.754707051478697,,,,3.060391198222763,3.048266201979759,3.021361313386466,3.144524917066265,3.2749852233596384,3.418546225505519,3.876693192813133,3.909776451185353,4.008585003491714,4.061850039886682,4.492134521997631,4.5730702081369685,4.825322158324202,,3.8039913221379797,4.220043515603405,3.151659530345653,"rgba(239, 83, 80, 0.5)",0.665613514463233,3.075461755476405,0.20550007421934682,45.062362972662456,-8.826414612446008,True,False,False,True,True,0.0,0.0,0.0,0.0,0.0,1,1.0276016340631122,0.9613735655053663,False,False,False,False,0.0955718812015781,-0.007885080991386663,False,False,False,False,2618150,3159108.861701812,False,False,False,False,481126.7606932166,False,False,False,False
2024-11-15 00:00:00+00:00,3.2122453821,3.3081333039,3.1115630641,3.1451238368,624451,,,,,,3.103297587168376,3.114117152048259,3.04731535427924,3.3143230820736793,3.52746117932163,3.794566211376984,3.842055135165957,3.8818463757807895,3.974826918640292,4.036802428979513,4.211528156112566,4.512475465673371,4.74643248607784,,,,3.1068893915247084,3.0576232966452404,3.029970183919975,3.146676112159934,3.2731894089367626,3.4137014052854586,3.8670286700738385,3.900167804678878,3.9998148811390712,4.053411368647181,4.4834158748254955,4.564588595116356,4.817174226904507,,3.794566211376984,4.211528156112566,3.160710297404163,"rgba(239, 83, 80, 0.5)",0.6594301263150377,3.0954818568466456,0.17706732009021292,46.75989693892776,-7.142360742443877,True,False,False,False,True,0.0,0.0,0.0,0.0,0.0,1,1.0662259543946406,0.9286278728488018,False,False,False,False,0.19677617378450693,0.09444554639656014,False,False,False,False,2618150,3119037.834909085,False,False,False,False,491743.37101223756,False,False,False,False
2024-11-22 00:00:00+00:00,3.3848436414,3.3848436414,3.0971798758,3.2122453821,476969,,,,,,3.1189557942390156,3.1253211227308486,3.056734970197344,3.313814653195381,3.523847832703017,3.788505130293611,3.835772152400579,3.875485384757609,3.9684239847545357,4.0309984793850795,4.205621467377449,4.506351943237211,4.740490926741479,,,,3.1416971768627677,3.0673760530201135,3.0386650766825314,3.150126006890848,3.2735185288320703,3.4115197795710515,3.8606919614768325,3.8938181056464516,3.9938967955223887,4.047666119663138,4.477240729077352,4.558551558931557,4.811306514831271,,3.788505130293611,4.205621467377449,3.169772916222197,#000000,0.6348700875223556,3.1133375367131864,0.427656161509189,49.549622717795984,-4.454546014537563,True,False,False,False,True,0.0,0.0,0.0,0.0,0.0,1,1.0275514222333455,0.924252339401055,False,False,False,False,0.24579372384409315,0.17011963512032663,False,False,False,False,3095119,3117266.069360264,False,False,False,False,490648.9731594792,False,False,False,False
2024-11-29 00:00:00+00:00,3.5382643164,3.6149746538,3.3944324336,3.3944324336,317135,,,,,,3.1400326426746674,3.141282337608747,3.068335143065551,3.31647215732694,3.523768476339143,3.7863494249084444,3.8333742131040607,3.872938374529645,3.965632380607796,4.028354073626931,4.202697769214441,4.50306691477435,4.737180593879945,,,,3.1838986973448424,3.0796057279426785,3.0490853321732883,3.1559292783353423,3.2768365107634474,3.412719462265762,3.8581970772710377,3.89122551263932,3.991265388882628,4.045022041687962,4.473947507647077,4.555280933379103,4.808007841363843,,3.7863494249084444,4.202697769214441,3.1824197289501273,#000000,0.614673486805051,3.1362048513927334,0.6541025009832303,52.74598737282713,-1.4484430635284369,True,False,False,False,True,0.0,0.0,0.0,0.0,0.0,1,1.0798384481770529,0.8978065484460972,False,False,False,False,0.3428281395527408,0.2564738873365337,False,False,False,False,3412254,3139117.02718543,False,False,False,False,477796.086258777,False,False,False,False
2024-12-06 00:00:00+00:00,3.5524129961,3.6629186148,3.5038827639,3.519086732,485210,,,,,,3.172569586190475,3.166691240729688,3.0871189688626752,3.3215333054220655,3.524509436437602,3.783799959969388,3.8304225929566895,3.869723602325013,3.9619619587128967,4.024805951083906,4.198640687677286,4.498371545861274,4.732385865069646,,,,3.2411688493824955,3.0993677273154456,3.0660243680440664,3.1658153677778995,3.2829138188980127,3.4154907176626232,3.8550751582772387,3.8879209479771593,3.9877725777984585,4.041458871271289,4.469250517554465,4.550589581118162,4.8032152378945385,,3.783799959969388,4.198640687677286,3.2018693950285444,#000000,0.599652736237279,3.169949350904526,0.6378085549902932,55.13549738006364,0.730259473613522,True,False,True,False,True,0.0,0.0,0.0,0.0,0.0,1,1.1018757955614782,0.8818302514214035,False,False,False,False,0.3428281520463772,0.29965101969145547,False,False,False,False,3897464,3195290.877023546,False,True,False,False,478345.26505442313,False,True,False,False
2024-12-13 00:00:00+00:00,3.5232948568,3.6882976463,3.5232948568,3.5815311354,492319,,,,,3.5782957866333334,3.2013099225558967,3.1898825414182412,3.104991132330191,3.3265710520616905,3.5253173000296254,3.7813372983369655,3.8275547893365167,3.86658763972394,3.958356350093786,4.021302910992137,4.194611191530088,4.493682222084295,4.7275828304641765,,,,3.284967146317189,3.1180686469085086,3.0822936831883774,3.1755012863764445,3.2889370349401186,3.4182963927310595,3.8520340093672,3.8846918823391454,3.984331625961722,4.0379377853327405,4.4645619988848155,4.545900274264427,4.798410778477554,,3.7813372983369655,4.194611191530088,3.235081823272999,#000000,0.5855069095360279,3.313613849231165,0.3581187585557141,56.484642462235485,1.913055557101238,True,False,True,False,True,0.0,0.0,0.0,0.0,0.0,0,1.105062700450669,0.8899796479913613,False,False,False,False,0.3428281551199418,0.32123958740569863,False,False,False,False,3405145,3210835.626873654,False,False,False,False,479380.3565318732,False,False,False,False
2024-12-20 00:00:00+00:00,3.2515255566,3.5427069497,3.2321134637,3.5232948568,619775,,,,,3.4466713496327226,3.2128382855396596,3.1999652993075713,3.1153772028377453,3.3269457367624504,3.521917538492389,3.774809709126237,3.8207018278487808,3.8595778301713928,3.951150997078895,4.014660546433123,4.187696697699912,4.486340707487757,4.720361945897561,,,,3.2929999741965017,3.1285659661841745,3.0922823241942274,3.180285210388404,3.2902679749151127,3.4166787494331774,3.8450769410457646,3.8776607639473992,3.9776088614530907,4.031341613215095,4.457175041462659,4.538635558224776,4.791255363729301,,3.774809709126237,4.187696697699912,3.228619932395857,"rgba(239, 83, 80, 0.5)",0.5705784756023868,3.2881187271691137,-0.064133457769294,54.54069940114614,1.913055557101238,True,False,True,False,True,0.0,0.0,0.0,0.0,0.0,0,1.0615108585051627,0.8969776057349537,False,False,False,False,0.13762963331367453,0.2294346103596866,False,False,False,False,2785370,3179319.6545126424,False,False,False,False,489779.9597517345,False,False,False,False
2024-12-27 00:00:00+00:00,3.2418195101,3.3097618352,3.2224074173,3.2321134637,298981,,,,,3.4066945456304047,3.214554095798504,3.201762023636122,3.1183282880469516,3.3261532075150337,3.5195758362136225,3.771130880027617,3.8168956734277506,3.8557239644779813,3.94726321732349,4.011107493868722,4.1840732271797565,4.482574600912144,4.716694455031323,,,,3.290777191615008,3.131426707971422,3.0952996288699604,3.1813468834923597,3.289882989999041,3.4150697784125885,3.8412382455639857,3.873811097757779,3.973993203981133,4.027821188632005,4.45337999795292,4.534918121422123,4.787629744118666,,3.771130880027617,4.1840732271797565,3.2256225562574805,"rgba(239, 83, 80, 0.5)",0.5603954349316503,3.2784469641700094,-0.06536001506592692,53.06042062971537,1.913055557101238,True,False,False,False,False,0.0,0.0,0.0,0.0,0.0,0,1.0744054664210332,0.937989572891797,False,False,False,False,0.02942414760948174,0.12942937898458418,False,False,False,False,2486389,3127991.4578820765,False,False,False,False,475646.70347382827,False,False,False,False
2025-01-03 00:00:00+00:00,3.2029953244,3.3485860209,3.1254440133,3.2418195101,519050,,,,,3.3580147279420762,3.2152422774680423,3.2029818137305455,3.122050761955837,3.3241874032220404,3.515117376933083,3.764472525697295,3.8100336814778295,3.8487938807599393,3.9403046787989977,4.004756425589503,4.177632059519539,4.475919830638441,4.710230844784687,,,,3.2843128333396123,3.1349095168520247,3.099294530851592,3.1823738916419395,3.288580204399668,3.4117935498858913,3.83432913779936,3.866895348015913,3.967522246562381,4.021531604567634,4.446671691842969,4.5283533512139496,4.781243853222725,,3.764472525697295,4.177632059519539,3.2211947961403373,"rgba(239, 83, 80, 0.5)",0.5488267170505766,3.265137913120069,-0.11322806778435786,51.62294459255688,6.591018773769797,True,False,False,False,False,0.0,0.0,0.0,0.0,0.0,1,1.0535304198601498,0.9262036040483363,False,False,False,False,-0.022441563499358233,0.05349390774261297,False,False,False,False,1967339,3042017.2017426635,False,False,False,False,478861.76247576694,False,False,False,False
2025-01-10 00:00:00+00:00,2.9409320706,3.2224074173,2.9255965172,3.2029953244,598254,,,,,3.280317395862816,3.2028860813039928,3.193356727795486,3.1184993904770706,3.3176919697596814,3.5067748643425114,3.754277197467096,3.7997317991301283,3.8385389651112343,3.930294069002107,3.9957523396782992,4.1688077502706244,4.467147450777895,4.701875500411947,,,3.0296453350333334,3.258159872884645,3.130609223452241,3.096918624853291,3.1784015644124906,3.28266306163177,3.404323200514591,3.8240520821100734,3.8567235868105842,3.9582667987922675,4.012647790005503,4.437803263307651,4.51974162889514,4.773028573358991,,3.754277197467096,4.1688077502706244,3.1771457277707134,"rgba(239, 83, 80, 1.0)",0.5393439234381614,3.192752171271197,-0.46690078394861,48.357500692906896,3.5054228949798443,True,False,False,False,False,0.0,0.0,0.0,0.0,0.0,1,1.0154693431742035,0.9643350717756941,False,False,False,False,-0.21942873450649458,-0.0829674133819408,True,False,False,False,1369085,2918096.2979098735,False,False,False,False,487705.63192200643,False,False,False,False
2025-01-17 00:00:00+00:00,3.10593486,3.2029953244,2.9312260241,2.9312260241,526807,,,,,3.2457855618647495,3.1960837691571453,3.1880747621681156,3.1172408239315503,3.3131651482323625,3.5004139160717034,3.7461392849257353,3.7914620621421182,3.830268650847355,3.9221427224363805,3.9883667058414503,4.161487760428388,4.459778163188664,4.694806205958028,,,3.0532481624037437,3.2433892654224508,3.1288536567232486,3.096426752981609,3.1761995081295455,3.278666394272064,3.398835744190417,3.815777894255127,3.8485026209316673,3.950700899840268,4.005350104022802,4.430361634344923,4.512493668057328,4.7660652799879895,,3.7461392849257353,4.161487760428388,3.1723968657054225,"rgba(239, 83, 80, 1.0)",0.5237596613550922,3.1846266897120223,-0.15024415875867106,47.71912693066616,2.9592200544252165,True,False,False,False,False,0.0,0.0,0.0,0.0,0.0,1,0.9853424083748658,1.0286968248965482,False,False,False,False,-0.22686197741907335,-0.15491469540050706,False,False,False,False,1895892,2842377.461027661,False,False,False,False,490602.02955741336,False,False,False,False
2025-01-24 00:00:00+00:00,3.1447590458,3.1924157338,3.10593486,3.1253469529,300863,,,,,3.2369926778316733,3.194600556554727,3.1870278041582827,3.117799869358429,3.311384450705405,3.4974365631739786,3.7420423444560216,3.78726493491248,3.826044499927142,3.91792556160212,3.9845121178174336,4.157610021300134,4.455809179165137,4.690964455118059,,,3.073177716817383,3.2390622906877726,3.129220199572992,3.0972667684852877,3.17583972255772,3.2772074582427244,3.396431902208082,3.811561462892436,3.8442916815241026,3.9467693859859074,4.001534344614078,4.426359249945382,4.508580907038385,4.762272673878323,,3.7420423444560216,4.157610021300134,3.172819506426699,"rgba(239, 83, 80, 0.5)",0.5152602627916075,3.185958310472889,-0.07995816415121425,47.63850296327388,2.8716971171068977,True,False,False,False,False,0.0,0.0,0.0,0.0,0.0,1,0.9836448358688051,1.0417712414600269,False,False,False,False,-0.13969756225515817,-0.14730612882783262,False,False,False,False,2196755,2794553.5750256116,False,False,False,False,476547.2866272346,False,False,False,False
2025-01-31 00:00:00+00:00,2.9700502099,3.2224074173,2.9700502099,3.1350529993,368380,,,,,3.218909776090404,3.1895198974239882,3.182939013157795,3.1164014880362263,3.308039185590806,3.4929019637692043,3.7363242385742375,3.781459113114435,3.820239649154309,3.9122046515797746,3.9793182045800903,4.152466269822218,4.450636936999175,4.686002953680162,,,3.0692751850775615,3.2293621207791756,3.1274748286667724,3.096419300194284,3.1739874483141914,3.274206155757809,3.3924670289133774,3.805753485339261,3.8385210491348856,3.9414503370204597,3.9964015051433006,4.421136572963649,4.503493340398437,4.757385485350263,,3.7363242385742375,4.152466269822218,3.167849521349821,"rgba(239, 83, 80, 1.0)",0.50699613589682,3.1767667448427823,-0.40772802849300527,46.1551041960476,1.3823710374600395,True,False,False,False,False,0.0,0.0,0.0,0.0,0.0,1,0.9828722437012976,1.0391512092799142,False,False,False,False,-0.1956113748785646,-0.1714587518531986,False,False,False,False,1828375,2722984.7916903812,False,False,False,False,468534.8950252172,False,False,False,False
2025-02-07 00:00:00+00:00,3.1253469529,3.2224074173,2.9312260241,2.9312260241,527308,,,,3.0929934647666664,3.203293410757483,3.1847671711767904,3.17914384519421,3.1156875816511747,3.3041089163962614,3.487130462852318,3.7287592313966655,3.773741943392073,3.8124942544886427,3.9045108664768313,3.972291429440134,4.145443623181842,4.443503341495563,4.679120787609106,,,3.0746623206653783,3.219836489813308,3.126363960098445,3.0963255114167314,3.172260103829744,3.2707816200637145,3.387582145413326,3.7980146678359166,3.8308076755564917,3.93427427222089,3.9894490624770134,4.41393988877037,4.496465935325821,4.750596672569434,,3.7287592313966655,4.145443623181842,3.146533385936993,"rgba(239, 83, 80, 1.0)",0.4925135476425902,3.147696421500709,-0.04537838341236313,46.59300671958405,1.3823710374600395,True,False,False,False,False,0.0,0.0,0.0,0.0,0.0,1,0.9917077389222672,0.9740061338908846,False,False,False,False,-0.21639951711406505,-0.1939291344836318,False,False,False,False,2355683,2695777.2515651677,False,False,False,False,472888.4583566826,False,False,False,False
2025-02-14 00:00:00+00:00,3.0962288136,3.2224074173,3.0282864885,3.1156409064,300619,,,,3.1012167154595565,3.1975051973164867,3.1828797499106614,3.177652170986889,3.1156867839717624,3.3021654388924753,3.4840988888768445,3.7246763230405846,3.769563120812413,3.8082886676862646,3.900309577484103,3.9684369968871707,4.141566772733682,4.439537558980027,4.675279447069152,,,3.0793602063531753,3.2158460455174813,3.126170565379,3.0966223457230315,3.1715799714263033,3.269127995169199,3.3850765963729996,3.793816829529349,3.8266140859005158,3.9303459324744874,3.985632078157842,4.409941593901029,4.4925549980945965,4.746803631360866,,3.7246763230405846,4.141566772733682,3.146451975204435,"rgba(239, 83, 80, 1.0)",0.4832151282035624,3.1484820411616745,-0.10813657212251472,46.66100848322478,1.3823710374600395,True,False,False,False,False,0.0,0.0,0.0,0.0,0.0,1,1.0041230685746048,0.990225614286467,False,False,False,False,-0.16473365920217384,-0.17933139684290283,False,False,False,False,2055064,2648317.010708489,False,False,False,False,460127.75773766905,False,False,False,False
2025-02-21 00:00:00+00:00,2.9700502099,3.1156409064,2.9700502099,3.0671106743,212377,,,,3.0843466045743138,3.1895300384260112,3.1797705039981348,3.175055503480659,3.1145283562707915,3.3001144477320445,3.481430476676358,3.7213700272187484,3.7662093106511065,3.8049359637307596,3.897004569980771,3.9654272668037636,4.13858800236422,4.436545759563815,4.672408851458609,,,3.074806411260565,3.2106494339571023,3.124816963245082,3.0957841609360313,3.1702924902580762,3.2672554409661387,3.382706474812576,3.7904621949628456,3.8232805608170293,3.9272654127032656,3.9826569420797004,4.406921035888596,4.4896115586150565,4.74397574975969,,3.7213700272187484,4.13858800236422,3.141958046640677,"rgba(239, 83, 80, 1.0)",0.4791586145637063,3.1398331220544975,-0.3543355101923644,45.67942253378972,0.5992506963052975,True,False,False,True,False,0.0,0.0,0.0,0.0,0.0,0,0.9745446081262429,1.0286094955487028,False,False,False,False,-0.25323866896605685,-0.21628503290447984,False,False,False,False,1842687,2588640.7136189714,False,False,False,False,441775.8497571009,False,False,False,False
2025-02-28 00:00:00+00:00,3.0379925349,3.0804079579,2.9409320706,2.9700502099,497716,,,,3.063451514826514,3.1734750526395756,3.1729761475080256,3.1693340948151816,3.111951421499746,3.295442095058698,3.4753110533979674,3.7137545478731075,3.758478036415341,3.7972009640859365,3.8893657716990284,3.958456815719018,4.131676032682355,4.429589324041112,4.665725127084178,,,3.0665872947885275,3.1995508331794764,3.1218086339769537,3.093918032137266,3.167381616845275,3.2629953992908773,3.3772881593236375,3.782725065417005,3.815586471502721,3.920136379909748,3.9757643401826126,4.399899390928269,4.482764881954159,4.737389161900402,,3.7137545478731075,4.131676032682355,3.134043464221654,"rgba(239, 83, 80, 1.0)",0.4770840026914393,3.125766173858523,-0.18397942178600385,45.66816067903352,0.41946282849894345,True,False,False,True,False,0.0,0.0,0.0,0.0,0.0,0,0.9484943274111433,1.0454174048685005,False,False,False,False,-0.28876103332316533,-0.25252303311382257,False,False,False,False,2340403,2570252.734832381,False,False,False,False,445919.5645899083,False,False,False,False
2025-03-07 00:00:00+00:00,3.2029953244,3.3000557888,2.8632836991,3.0574046278,479124,,,,3.077384806952941,3.169188864705002,3.1709784575175797,3.167716495912667,3.112210638950055,3.2927050374273534,3.47086090449645,3.7076363449492513,3.7521956340626597,3.7908588894458046,3.882987643285204,3.952564151168243,4.1257074600767245,4.423438395992278,4.65973880709526,,3.1221116041,3.073567064465183,3.1954459576231256,3.1218167627987974,3.0945690027185755,3.16655422803829,3.2606988957356933,3.373672790323976,3.7764018220515836,3.8092524174150992,3.9141467423106935,3.9699221401419686,4.393703105561426,4.476690777780026,4.731470921028052,3.1221116041,3.7076363449492513,4.1257074600767245,3.1304989655743927,"rgba(239, 83, 80, 0.5)",0.47346916723537646,3.110563085055782,0.1952233550580219,47.20760001004741,0.41946282849894345,True,False,False,False,False,0.0,1.0,3.3000557,2.8632836,0.0,1,0.9777196898998713,1.0052435851277042,False,False,False,False,-0.21118586458640365,-0.2318544488501131,False,False,False,False,2819527,2588717.4952151673,False,False,False,False,448379.1523980633,False,False,False,False
2025-03-14 00:00:00+00:00,3.2563785798,3.2952027655,3.0796314742,3.2127013708,629591,,,,3.109026757791603,3.1732617233268785,3.1729133196058616,3.169555211768294,3.115395830153256,3.2910320063430265,3.466618920130488,3.700970239362382,3.745257168761308,3.7837807270026507,3.8757200202834086,3.9457559587481086,4.118651580733858,4.415985698673436,4.652390403154183,,3.172249168587133,3.092966010311769,3.1964200243376295,3.124833676904544,3.0979800042760095,3.1675826532212654,3.259644183656461,3.3706886877981352,3.7693712731675046,3.80215015247438,3.907273744648992,3.9631526555665686,4.386210737449749,4.469306004273936,4.724182752776651,3.172249168587133,3.700970239362382,4.118651580733858,3.142460172706298,"rgba(239, 83, 80, 0.5)",0.46783500300507364,3.136875915004346,0.255437630848579,48.77404705495135,0.41946282849894345,True,False,False,False,True,0.0,0.0,0.0,0.0,0.0,1,1.0091301115073879,0.9767676720012062,False,False,False,False,-0.09986505865628818,-0.16585975375320064,False,False,False,False,3449118,2652450.8659399697,False,False,False,False,461802.252220429,False,False,False,False
2025-03-21 00:00:00+00:00,3.6640325302,3.6932477299,3.2806436959,3.2806436959,753254,,,,3.205830820717704,3.2126681007144406,3.193602974994749,3.188002933191954,3.1314819748689606,3.297085268042453,3.4681356691812386,3.698523404547735,3.742249848356814,3.7803611857457198,3.8715115006632987,3.94141586397191,4.113418087311618,4.409637251443141,4.645719276832333,,3.3234386971360377,3.158659372504897,3.221685170250845,3.1413212443978007,3.113226134498273,3.1779104844581716,3.266652295106764,3.37443968627134,3.7660999193844016,3.7985660399525933,3.9031008532198856,3.958751007095371,4.379893439442486,4.462908272418425,4.717467033248198,3.3234386971360377,3.698523404547735,4.113418087311618,3.188991742327566,#000000,0.46614469882564596,3.2251492477682695,0.9415172660708256,52.792953358693595,-1.8503801196706817,True,False,False,False,True,0.0,0.0,0.0,0.0,0.0,1,1.0362895300462212,0.9239686978985694,False,False,False,False,0.21105958129142238,0.02259991376911087,False,False,False,False,4202372,2767259.838833305,False,False,False,False,483391.27057447133,False,False,False,False
2025-03-28 00:00:00+00:00,3.929257405,3.929257405,3.546154808,3.6738556737,866513,,,,3.326820821335256,3.2765254269274906,3.230063080422915,3.2207473887168865,3.1590929327687602,3.3104978983825393,3.4753089264848653,3.700361126401791,3.7432618314755106,3.7807060864112385,3.8704992854359914,3.939690774229243,4.1101736777575635,4.404575424460414,4.639904424056129,,3.4752796569796085,3.2505743344291043,3.266197992548781,3.1697743767613646,3.139158347137088,3.196895578556675,3.2813004933265444,3.3847013687940875,3.7666873098600204,3.7986134081973026,3.901769395770592,3.9568659463414297,4.374934320429056,4.457678453753091,4.711500544171146,3.4752796569796085,3.700361126401791,4.1101736777575635,3.2514234358027254,"rgba(38, 166, 154, 0.5)",0.46765584585352293,3.332300059917865,1.2764885767494742,57.04486844775687,2.173425075028824,True,False,True,False,True,2.9060827481088474,0.0,0.0,0.0,0.0,0,1.0844434549016926,0.8755004472836785,False,False,False,False,0.34282815881823037,0.1827140362936706,False,False,False,False,5068885,2937750.5915123196,False,False,False,False,511770.6579393253,False,False,False,False
2025-04-04 00:00:00+00:00,3.6836788172,3.9783731226,3.5396715333,3.8801416874,758881,,,3.7339078243666664,3.3882948606169347,3.3161947148105946,3.255205751623261,3.243661257326928,3.1791140592690024,3.3201326504451787,3.4800912851470747,3.7008770907370367,3.743124102991427,3.7800485252548084,3.868790027544955,3.9374915880275627,4.10677642196665,4.399721451586571,4.634471600299599,,3.5315594312086915,3.304358709309844,3.295660603606901,3.19029177162741,3.158155008800041,3.210840959455234,3.291901217208998,3.391897672125507,3.7662185239751698,3.797728087208737,3.899863659471006,3.954548697580232,4.370156289324552,4.452700437195168,4.705954903685495,3.5315594312086915,3.7008770907370367,4.10677642196665,3.343824898376623,#000000,0.4679586286530806,3.489530206375534,0.4148841349144086,57.87165243582022,2.8564639785715684,True,False,True,False,True,0.0,0.0,0.0,0.0,0.0,0,1.0712994530859017,0.8733319103224532,False,False,False,False,0.3428281613779678,0.2627710988358192,False,False,False,False,4310004,3039398.992141037,False,False,False,False,530075.1277215976,False,False,False,False
2025-04-11 00:00:00+00:00,3.3889845118,3.7966449676,3.3595150813,3.6050936691,625236,,,3.6350441269399973,3.4023200041829615,3.329456550854025,3.26546692342292,3.253290988929545,3.1884853110680007,3.323719635668327,3.4806159131558267,3.6985517600331947,3.7403904771447203,3.777015860351959,3.8651802024214397,3.9338044935113197,4.102407167388088,4.394477469042273,4.628968297740059,,3.5290492364762147,3.322052733305869,3.3064849762119786,3.199739905549595,3.1673060566356375,3.2172132005713596,3.2961257101399193,3.393953666794305,3.7632935378234067,3.794577032614606,3.896297580308887,3.9508172610125647,4.364937071322783,4.447417037902034,4.700414814636545,3.5290492364762147,3.6985517600331947,4.102407167388088,3.3431390756941104,"rgba(239, 83, 80, 0.5)",0.4641568464616515,3.4721165252262605,-0.1791032795486921,56.26777700675564,2.8564639785715684,True,False,True,False,True,0.0,0.0,0.0,0.0,0.0,0,1.0500906833587036,0.8899260899166197,False,False,False,False,0.1819708231264081,0.22237096098111364,False,False,False,False,3684768,3087204.103834293,False,False,False,False,537124.0812237015,False,False,False,False
2025-04-18 00:00:00+00:00,3.6542093866,3.7180598195,3.3988076553,3.4381002294,414464,,,3.624746900626423,3.415169848977184,3.340502520615807,3.273754856769769,3.261037185820658,3.1957818713758255,3.326933179540002,3.4816969465262293,3.6976616881378717,3.7392078493040217,3.775610516124497,3.863333635978434,3.931828839062312,4.09991304255672,4.391330169476516,4.625594562141885,,3.534662295247627,3.336201835439519,3.3154754425065045,3.207130658860251,3.174376560536521,3.222323602369065,3.2997724258508785,3.396103485531303,3.761968768005552,3.7930790709992266,3.8944296705551524,3.948799929982827,4.361815747251256,4.444227663014711,4.697002182549847,3.534662295247627,3.6976616881378717,4.09991304255672,3.3504463416239565,#000000,0.4625670578675546,3.4776952200726883,0.3815969242190444,56.62226502199907,2.8564639785715684,True,False,True,False,True,0.0,0.0,0.0,0.0,0.0,0,1.0528934510109837,0.9063924314363374,False,False,False,False,0.16518688527292882,0.19377892312702122,False,False,False,False,4099232,3162169.1331799007,False,False,False,False,528038.1492812051,False,False,False,False
2025-04-25 00:00:00+00:00,3.565801095,3.7229713912,3.4479233729,3.6345630996,398976,,,3.616422946466917,3.425275550368199,3.3498379904154687,3.2810685327814935,3.2679168298821315,3.2023629150774107,3.329822870810051,3.4826100017020645,3.696728557798544,3.7380005885253897,3.774195071249206,3.8615057140272877,3.929885253598727,4.097481479997824,4.388280649130935,4.62233181494603,,3.538245139757122,3.347926942727381,3.3232688610752534,3.2137807611044145,3.1807816665484183,3.2269634020431237,3.30306336535379,3.398009477761546,3.760628643303959,3.7915773456679247,3.8925860199931956,3.9468177891696596,4.358790450596663,4.441138907146419,4.693703023377678,3.538245139757122,3.696728557798544,4.097481479997824,3.356610646965579,#000000,0.4580461194550586,3.481967644829904,0.18302403755725094,56.25450592794202,2.8564639785715684,True,False,True,False,True,0.0,0.0,0.0,0.0,0.0,0,1.0728276039078746,0.8938627190285635,False,False,False,False,0.18270788774959468,0.18824340543830795,False,False,False,False,3700256,3202027.419611019,False,False,False,False,518477.9900751899,False,False,False,False
2025-05-02 00:00:00+00:00,3.8310259699,3.8604954004,3.546154808,3.565801095,493177,,,3.6401529728186257,3.4480030657336718,3.368123974631976,3.294443583988296,3.2803712433406687,3.2136639314049344,3.335638792629,3.48563194933161,3.6972014500012977,3.7380733719459127,3.7739455512825537,3.8605945356111357,3.9286412367304058,4.095464835490952,4.385313849411272,4.618967700217553,,3.5571420954985347,3.370353537630871,3.3381790991460307,3.2252918587247295,3.1916298108807855,3.2351779229602164,3.3094243950392093,3.402436212025371,3.7604964929177895,3.7911847954024567,3.8915341081896835,3.945495662537848,4.35587686866439,4.438084792180815,4.69025858938302,3.5571420954985347,3.6972014500012977,4.095464835490952,3.373572536291834,#000000,0.45573440886393396,3.503912917920426,0.717771240479756,57.37410130078044,2.8564639785715684,True,False,True,False,True,1.6576592031061388,0.0,0.0,0.0,0.0,0,1.082207450002661,0.8824748297943412,False,False,False,False,0.28863550186064946,0.23843945364947872,False,False,False,False,4193433,3275464.8700102028,False,False,False,False,516603.84266221285,False,False,False,False
2025-05-09 00:00:00+00:00,4.5579385898,4.5972311638,3.7632462796,3.8703185439,1002110,,,3.8208784339407518,3.5560453946060417,3.4485769030840303,3.350328133052852,3.3319503021821406,3.2579480025241283,3.3624426748498815,3.5043322161608197,3.7088748703819836,3.748523501358814,3.7833113222928434,3.8676171336391656,3.9337571737969035,4.097891917131664,4.384577751728585,4.616546703213039,,3.6740302530260163,3.466498021669982,3.4029280681241367,3.2708020254915393,3.2334706214576956,3.268552170435853,3.337691427649216,3.425213518372164,3.7702609898383384,3.800021344956788,3.897488418367331,3.950254044673018,4.3554010226716615,4.43691745529762,4.687442928374005,3.6740302530260163,3.7088748703819836,4.097891917131664,3.4579985537701625,"rgba(0, 255, 255, 0.75)",0.47027879666921674,3.629363025810698,1.9745214340217012,60.91979407306033,5.76091670933225,True,False,True,False,True,8.847632745571133,0.0,0.0,0.0,0.0,0,1.1068836847824843,0.8290761064219091,False,False,False,False,0.34282819108798684,0.2906338223687328,False,False,False,False,5195543,3417692.8796390765,False,False,False,False,552567.2617242711,False,False,False,False
2025-05-16 00:00:00+00:00,4.8133403211,4.9606874738,4.5824964486,4.6856394555,1910483,,4.785508081166666,4.14977384595599,3.7940300204600863,3.6364638983063404,3.487067045401654,3.459103770941493,3.367528646136825,3.4336245262094556,3.5576817208100326,3.7468353854568934,3.783659575843129,3.8158442575504585,3.894394503344738,3.955209445426275,4.112669800783775,4.391560283102968,4.619003343621081,,3.928892011803688,3.6825403366450775,3.559302806834061,3.3833575222950554,3.337133939526403,3.3536217433532958,3.411956124370984,3.4875805565427047,3.8037553609906434,3.8312398865982837,3.921153981760873,3.9707486228202837,4.363105283871378,4.442699468882969,4.68879446847067,3.928892011803688,3.7468353854568934,4.112669800783775,3.7866039339810116,"rgba(0, 255, 0, 1.0)",0.48927038984619364,4.1645509898466075,1.3260343252272941,64.17138399374144,8.855377861618628,True,False,True,False,True,11.093744943537363,0.0,0.0,0.0,0.0,0,1.1835018860023592,0.777394126686769,False,False,False,False,0.34282821235461064,0.31673101736167175,False,False,False,False,7106026,3690902.7404065523,False,False,False,False,653153.6127076584,False,False,False,False
2025-05-23 00:00:00+00:00,4.5284691593,4.8526328952,4.4601983118,4.8231634646,926160,,4.729434787710569,4.215587853076847,3.8643531196532055,3.6987994898181507,3.5368094861575003,3.5060776735909815,3.409411196854873,3.461563871886418,3.5785787113801386,3.7614044418226635,3.7970743181708215,3.8282063700270377,3.9044262020633904,3.963153215124975,4.117836693834422,4.393420623107574,4.61896669207837,,3.997406350470412,3.7510426892826954,3.614113891257839,3.4261395476607692,3.377173797648121,3.3869732618745703,3.4411156540523726,3.5120671409823268,3.816506328619205,3.8430753483483984,3.9299878883768575,3.978307391407336,4.365263177218401,4.444064036722891,4.68829651747127,3.997406350470412,3.7614044418226635,4.117836693834422,3.833976488867897,"rgba(38, 166, 154, 1.0)",0.49357552748090944,4.201695527727758,0.6620539580639577,64.6241798311432,9.246172309174668,True,False,True,False,True,7.89050539238297,0.0,0.0,0.0,0.0,0,1.1670941621341702,0.8042481979426787,False,False,False,False,0.2951102171832711,0.30592061727247144,False,False,False,False,6179866,3875270.389265326,False,False,False,False,673376.3080626468,False,False,False,False
2025-05-30 00:00:00+00:00,4.6365237379,4.7789593188,4.5186460157,4.5775848768,662704,,4.713389605388547,4.255128065280122,3.9094843943217272,3.74008602323542,3.5707365205988637,3.538285154429673,3.4384191821258727,3.4812725886697384,3.5934628301920184,3.7718998633984406,3.806763736968767,3.83715868790366,3.911739956794569,3.968985464821744,4.121695515527352,4.3949170269217275,4.619094975256604,,4.040646412193017,3.7957296907642113,3.651071059280595,3.4557212359802447,3.4049953721158226,3.410349285117985,3.46165482544877,3.5294187496148886,3.8257311526353437,3.8516579904280244,3.9364516800858094,3.983865924258106,4.36697401007454,4.4452027637572735,4.68809050365382,4.040646412193017,3.7718998633984406,4.121695515527352,3.8670278161472416,"rgba(0, 255, 255, 0.75)",0.5012152991284252,4.229662119295853,0.8117501985906029,65.29474075843223,9.916623489182719,True,False,True,False,True,8.843215599496784,0.0,0.0,0.0,0.0,0,1.1369798662236381,0.842829471754418,False,False,False,False,0.29200382409639336,0.2989622206844324,False,False,False,False,6842570,4095070.360430857,False,False,False,False,672585.7667246729,False,False,False,False
2025-06-06 00:00:00+00:00,4.7789593188,4.8087038789,4.5579385898,4.6365237379,1153756,,4.713838647907402,4.31872916921248,3.9831893426462934,3.808951340637085,3.6286639195483703,3.5935228860546853,3.488567316188333,3.516049294290297,3.6200804198615595,3.7910178137914796,3.824490098669939,3.8536052550180675,3.9253260573392033,3.979939403005583,4.129167998341915,4.39820346102702,4.61992158816301,,4.110922806280705,3.869364955667339,3.713602466429961,3.506792931438178,3.4532199583142167,3.4512476803079357,3.497822675457787,3.5602232878575255,3.842651350156603,3.867459633095087,3.948523074321057,3.994334145291987,4.370646500593472,4.447844408993165,4.688311765933485,4.110922806280705,3.7910178137914796,4.129167998341915,3.92475784658225,"rgba(0, 255, 255, 0.75)",0.5144202709240943,4.281669991511721,0.9666985447423346,66.22402517042222,10.879036716962041,True,False,True,False,True,10.082827360386059,0.0,0.0,0.0,0.0,0,1.1264696892669377,0.8469735009208526,False,False,False,False,0.3061337728340929,0.30254799675926264,False,False,False,False,7996326,4384052.259658201,False,False,False,False,708228.0062265489,False,False,False,False
2025-06-13 00:00:00+00:00,4.6897256386,4.8285335856,4.6500662252,4.8087038789,769491,,4.715106778580257,4.352837211595991,4.02571715418427,3.850057620803062,3.6643923715637015,3.627798481806554,3.52007278618885,3.538313599999184,3.6372596222632776,3.8034444192100327,3.836030292683855,3.864329394319032,3.934219140150737,3.987141474179094,4.1341110777422205,4.4004095777953305,4.620508236863534,,4.150674414841638,3.9126359694763773,3.7516619704291707,3.5388125946987943,3.483638470473886,3.477283757090241,3.5209493710762505,3.5800226705612475,3.853677716939943,3.8777721879175924,3.9564456264978927,4.001222481404087,4.37310599396081,4.449626797499879,4.688498346442461,4.150674414841638,3.8034444192100327,4.1341110777422205,3.958969456797982,"rgba(0, 255, 255, 0.75)",0.5268471819047433,4.311083889800539,0.718693696776613,66.27995692196673,11.040789395017967,True,False,True,False,True,9.075742082621652,0.0,0.0,0.0,0.0,0,1.1354766481292151,0.8479386919469865,False,False,False,False,0.3293057030962703,0.31592684992776643,False,False,False,False,7226835,4594628.758942778,False,False,False,False,712766.0057653232,False,False,False,False
2025-06-20 00:00:00+00:00,4.5112582781,4.7888741722,4.4715988647,4.7095553453,571126,,4.703240669660722,4.366854507549464,4.048837965357211,3.8739823867798853,3.6863092256218426,3.649010093268698,3.5399778304505922,3.552528590590695,3.648156965810484,3.8111596373370307,3.8431570516451536,3.87091979619872,3.939607276967984,3.99145279107095,4.136914957550564,4.401364124481157,4.620382061183989,,4.170911139201691,3.937223555147322,3.774505043781165,3.5589744445618607,3.502979649803516,3.493949979292137,3.5357306489073985,3.592637229705737,3.8604667134647634,3.8840944112606595,3.961225369552302,4.005330075776384,4.3742275698079105,4.450301774165471,4.68810644934451,4.170911139201691,3.8111596373370307,4.136914957550564,3.976984903092986,"rgba(38, 166, 154, 1.0)",0.5347608752314013,4.322461070442272,0.3530497768297492,65.13651617814334,11.040789395017967,True,False,True,False,True,7.0926961515967655,0.0,0.0,0.0,0.0,0,1.1496460118416816,0.8346429395255407,False,False,False,False,0.2844508590693534,0.3001888544985599,False,False,False,False,6655709,4747301.369391461,False,False,False,False,702274.1534864104,False,False,False,False
2025-06-27 00:00:00+00:00,4.6104068117,4.7492147588,4.4914285714,4.4914285714,1153488,,4.689324984234242,4.3934742233179644,4.09222227182287,3.9194968020389305,3.7287613647152016,3.690248284194935,3.5789609472101622,3.580800402447866,3.6700201118176685,3.826802853780468,3.8576428578959203,3.8843479391033546,3.950655406969452,4.000351148428626,4.142798117591384,4.403528417388255,4.620353650505277,,4.208835459340071,3.9836196168845546,3.8184231361305434,3.5984110128284734,3.540952968568048,3.526909281143654,3.56508996752698,3.617827976617591,3.874286759174857,3.8969925594481083,3.9710589240242857,4.013820909123681,4.376730433505136,4.451898749494663,4.687536433585108,4.208835459340071,3.826802853780468,4.142798117591384,4.012281715550778,"rgba(38, 166, 154, 1.0)",0.546782461441859,4.345964234678787,0.483633978170918,64.7055079305633,11.040789395017967,True,False,True,False,True,7.9887033623292005,0.0,0.0,0.0,0.0,0,1.1501460938066044,0.8141619641373141,False,False,False,False,0.28043031952558084,0.2903095870120704,False,False,False,False,7809197,4974108.453140242,False,False,False,False,735697.4013763058,False,False,False,False
2025-07-04 00:00:00+00:00,5.0664900662,5.1061494797,4.5806622517,4.6698959319,1240902,,4.723119782366626,4.447327278721103,4.154887706383387,3.9812127701756936,3.7843761882384785,3.7440397012185795,3.629137157194284,3.6179388089969904,3.6995924565360028,3.849119403733868,3.878569666447704,3.903976720969811,3.9673311376894107,4.014178323445325,4.152881319258089,4.409021130119158,4.623030417501648,,4.268237782060698,4.047515605251571,3.8767985056157794,3.6492747662302323,3.5896540296448505,3.5694769872174335,3.6034801365857185,3.651331294189137,3.8943975345299804,3.9159586830567394,3.9860881158583816,4.027120890464194,4.382664731440551,4.456650558202949,4.6895053974092455,4.268237782060698,3.849119403733868,4.152881319258089,4.067679008626216,"rgba(0, 255, 255, 0.75)",0.5695031348238893,4.3983931373829535,1.1731224781118126,65.9558666980588,11.062681442887069,True,False,True,False,True,11.896908990611976,0.0,0.0,0.0,0.0,0,1.166980962521411,0.7828451398976369,False,False,False,False,0.34282821400271996,0.31656890050739517,False,False,False,False,9050099,5276033.678833557,False,False,False,False,773119.9642373202,False,False,False,False
2025-07-11 00:00:00+00:00,4.7690444655,5.2350425733,4.7591296121,5.1061494797,1427538,4.9210722169666665,4.751908979226994,4.497391260818675,4.216421201352164,4.043618401943258,3.842417750392541,3.800528676670199,3.682536843851579,3.658292243306573,3.7320124592152957,3.873765079344098,3.9017180913574414,3.92572581708327,3.9858817575331966,4.029634717685808,4.164210044218723,4.4152367079576935,4.626084660675681,,4.325634311952093,4.111239672327178,3.936917218823633,3.7032840321588405,3.641714172297635,3.615446136734239,3.645138678904164,3.6878942006240774,3.916666690708335,3.936993024467788,4.0028573768740285,4.042000208191823,4.3893737366180705,4.462036875142974,4.691761448324129,4.325634311952093,3.873765079344098,4.164210044218723,4.244714969047339,"rgba(38, 166, 154, 1.0)",0.5844121319746057,4.624001692241107,0.24818576706959256,64.9770989773307,11.062681442887069,True,False,True,False,True,8.650269433364887,0.0,0.0,0.0,0.0,0,1.2077649840608777,0.7575396480682269,False,False,False,False,0.34282821712926964,0.32969855881833243,False,False,False,False,7622561,5449850.517438479,False,False,False,False,821595.374293815,False,False,False,False
2025-07-18 00:00:00+00:00,4.6203216651,4.8781078524,4.6104068117,4.7789593188,886946,4.837482669748578,4.747851270175968,4.510056068914693,4.239544238404673,4.069740882181846,3.868878678201986,3.8266581848929753,3.708085580866814,3.678011787792799,3.7477639681536243,3.885442949639905,3.912621417569172,3.935916440864973,3.9944438179732122,4.036689800418148,4.1691014728320726,4.417390321005024,4.626570938364251,,4.345177418816499,4.1368949718305625,3.963370939502811,3.7289822133789845,3.66688431909462,3.637951014383148,3.665518028327316,3.7057353069040495,3.9271221526000666,3.9468244075790664,4.010572788610116,4.048765335599624,4.391782776688658,4.463760421309148,4.691828739496186,4.345177418816499,3.885442949639905,4.1691014728320726,4.254565532267059,"rgba(38, 166, 154, 1.0)",0.596082125864544,4.610141856913934,0.017077861832043698,63.414175286614245,11.062681442887069,True,False,True,False,True,7.0855361683072395,0.0,0.0,0.0,0.0,0,1.1897871696860811,0.7969527263606984,False,False,False,False,0.2511463311913012,0.29042244500481684,False,False,False,False,6735615,5545092.330961554,False,False,False,False,826436.161383162,False,False,False,False
2025-07-25 00:00:00+00:00,4.4914285714,4.7492147588,4.4616840114,4.6401513718,963857,4.758088805966561,4.732946282627728,4.513657292956222,4.2556478893206,4.090285143181877,3.8914671308044917,3.8492565176379734,3.7308483732022997,3.695890387455046,3.761964415811277,3.8957235302775963,3.9221639979424805,3.94478839433606,4.001783723596696,4.0426653367131005,4.172993416329268,4.418601068935027,4.626167185091112,,4.357021422834386,4.1562686525600405,3.985220659304694,3.75176890430927,3.689512568955835,3.6583942670181853,3.684013734297491,3.721886024825297,3.9362432801093203,3.955362026034522,4.017163087059706,4.0544711676072795,4.393237176705798,4.46456030364338,4.691020725829765,4.357021422834386,3.8957235302775963,4.172993416329268,4.258985979719458,"rgba(38, 166, 154, 0.5)",0.6034000915132233,4.5904284510962245,-0.16407004421883623,61.567276770819774,11.062681442887069,True,False,True,False,False,5.749740217229988,0.0,0.0,0.0,0.0,0,1.1484142981645498,0.8151610542251804,False,False,False,False,0.20260345668293522,0.24651295084387603,False,False,False,False,5771758,5561882.380519958,False,False,False,False,836615.482762187,False,False,False,False
2025-08-01 00:00:00+00:00,4.1642384106,4.5593453169,4.1295364238,4.5112582781,1043804,4.643685875811756,4.69610814003163,4.499066912105159,4.257098511710688,4.09859004736849,3.9047602826946948,3.863171458047683,3.7462836023283232,3.70842783647149,3.7715850345263666,3.901966138106771,3.927791412895358,3.949877311591084,4.0056502085519,4.0455768520743245,4.174159565066705,4.4174383316452825,4.6236582461412405,,4.353057803007513,4.162221145274571,3.9964970429989006,3.766995846950377,3.7052705741125247,3.6729571683795625,3.697056791200509,3.733075881308727,3.9415320034147467,3.960191583389815,4.020544361686798,4.057177792969284,4.39226973475525,4.463067375407421,4.688180021791562,4.353057803007513,3.901966138106771,4.174159565066705,4.247425721905109,#000000,0.6062088883614112,4.547979682739014,-0.633018221122212,58.54552744095224,13.299782538401168,True,False,True,False,False,2.483650800458097,0.0,0.0,0.0,0.0,0,1.1234513723232995,0.8434951970601036,False,False,False,False,0.11364092890819857,0.1800769398760373,False,False,False,False,4727954,5500109.90788885,False,False,False,False,851962.7803353583,False,False,False,False
2025-08-08 00:00:00+00:00,4.4021948912,4.5013434248,3.9659413434,4.1642384106,1886601,4.53616152998984,4.643597431689785,4.477483558060172,4.259835885479375,4.112318293962434,3.926950349969775,3.8864850630914867,3.7723640945077817,3.729985472161873,3.7882792264766763,3.9129086105043207,3.9376799898621,3.958842211724836,4.0125082436756765,4.050781235923022,4.17630776990673,4.41547115019021,4.619287148638117,4.2898265531333335,4.347382138992239,4.172107612934493,4.015206864992176,3.7926849594556167,3.7319798345529693,3.697848865307009,3.7194536882240166,3.752399668296433,3.950839929621532,3.9687111724830673,4.026565450805235,4.062025122446362,4.390650292899632,4.460511312615195,4.683213084909177,4.347382138992239,3.9129086105043207,4.17630776990673,4.278087021920362,"rgba(38, 166, 154, 0.5)",0.6127799005280125,4.486767268218283,-0.1380142804054272,57.442731174838684,12.23699370297475,True,False,True,False,False,4.596896372213436,0.0,0.0,0.0,0.0,0,1.106541294184344,0.8539983326593737,False,False,False,False,0.07648953477387023,0.12828323732495375,False,False,False,False,6614555,5582661.3961933805,False,False,False,False,928602.6484586651,False,False,False,False
2025-08-15 00:00:00+00:00,4.8186187323,5.0764049196,4.5509176916,4.5608325449,1838820,4.599946125544443,4.662809021024175,4.5083456865650335,4.3017060614582165,4.158289396377659,3.974193660284655,3.9334519939267585,3.818960706332638,3.767840971260948,3.8195437217366304,3.9370587588254216,3.9604385592947953,3.98030478025277,4.030957726364859,4.066335998029732,4.187669359451335,4.4213898348323974,4.621757335042281,4.549200305697743,4.385026711200929,4.217268773869627,4.062037226214763,3.8394207291090203,3.7781684079496847,3.740135294384001,3.7583770169991406,3.7871805081249907,3.972785649045194,3.9895138562988657,4.043388391214915,4.077018214811318,4.3970941496180656,4.465541290665169,4.684799212749517,4.385026711200929,3.9370587588254216,4.187669359451335,4.341882296823725,"rgba(38, 166, 154, 1.0)",0.6301665222457067,4.580075284707848,0.3785403368336058,58.25841637645233,12.23699370297475,True,False,True,False,False,8.07935623129655,0.0,0.0,0.0,0.0,0,1.1364166863517626,0.7964822185596481,False,False,False,False,0.27584572245247324,0.2020644798887135,False,False,False,False,8453375,5795306.848327205,False,False,False,False,996026.1559802454,False,False,False,False
2025-08-22 00:00:00+00:00,4.9871712394,5.0218732261,4.729385052,4.8285335856,847080,4.6297416446168285,4.675062315176573,4.5246795933131505,4.322213616178551,4.180354143332608,3.996638250314408,3.9557457265040084,3.8410197125084045,3.7859470371971877,3.8346629460690735,3.9489416219999978,3.971681135795783,3.990946710256526,4.040195796198947,4.074195856115239,4.193560492581594,4.424718136923964,4.623437134437151,4.616560895364286,4.40388736701697,4.239060831792999,4.084374156518501,3.8615529718841963,3.8000243168823107,3.7602273486437086,3.7769619183153003,3.8038962177545437,3.983651726427183,3.999848073024621,4.051847658308955,4.08461184028834,4.400674052834142,4.468443347867893,4.686053444624482,4.40388736701697,3.9489416219999978,4.193560492581594,4.3672572813624875,"rgba(38, 166, 154, 1.0)",0.6525711858839754,4.611511112117709,0.5756615299730413,59.41923156759711,12.23699370297475,True,False,True,False,False,9.419171033657072,0.0,0.0,0.0,0.0,0,1.1585514885091595,0.7942000722451062,False,False,False,False,0.29817880343233083,0.2501216416605222,False,False,False,False,9300455,6054947.452154819,False,False,False,False,984993.1073891161,False,False,False,False
2025-08-29 00:00:00+00:00,5.1259791864,5.1458088931,4.9078524125,4.9970860927,832052,4.666537031430504,4.692737824668544,4.5450997057232865,4.345753284098282,4.204912740113816,4.021038761893355,3.97989397429167,3.864694705381537,3.8054324241033015,3.851083317682157,3.9620737127459553,3.9841546001884,4.002796337005448,4.050581388466517,4.083104712142598,4.200418990178071,4.428915734727227,4.625897414730368,4.684811624722825,4.426132930181702,4.263567547126926,4.108899093556893,3.8853411793616286,3.8234189782587635,3.781737926238206,3.7969330556100864,3.821953417593246,3.995734341754081,4.011375516987148,4.061390375573147,4.093238500842559,4.405138390471089,4.472188874618815,4.688062439714439,4.426132930181702,3.9620737127459553,4.200418990178071,4.395949054351614,"rgba(0, 255, 255, 0.75)",0.6778844333760619,4.647296546636291,0.7061419560554455,60.71170631418953,12.23699370297475,True,False,True,False,True,10.504268311655917,0.0,0.0,0.0,0.0,0,1.177968248733656,0.7801510233101379,False,False,False,False,0.34282821633846344,0.2964749289994928,False,False,False,False,10132507,6356988.9001433505,False,False,False,False,973664.1364714038,False,False,False,False
2025-09-05 00:00:00+00:00,5.24,5.2999,5.0317880795,5.0466603595,765562,4.7047722766160085,4.712923647402801,4.566990338381672,4.36985018515436,4.2296010194476255,4.045222926095132,4.003775734468777,3.887974171577822,3.824655090305863,3.867399301515501,3.9752911443317425,3.9967452050356607,4.014788781603019,4.061165203095069,4.092238367074655,4.207579219481697,4.433519012014051,4.628811023913606,4.7475630968526,4.449262540869076,4.288351781334784,4.1333541415666515,3.908753241731556,3.846384829428242,3.8028702781434984,3.8166121368832395,3.839821110734222,4.007950335398346,4.023057131327488,4.07114074869732,4.102097062466327,4.410002152303483,4.476350487844863,4.690534918442404,4.449262540869076,3.9752911443317425,4.207579219481697,4.424789195372071,"rgba(0, 255, 255, 0.75)",0.7053691949216214,4.6830623398132705,0.7895690146329896,62.01088136900056,12.23699370297475,True,False,True,False,True,11.386504285999408,0.0,0.0,0.0,0.0,0,1.201799784055557,0.7830812870103242,False,False,False,False,0.34282821697870314,0.31965157298909797,False,False,False,False,10898069,6693365.203836435,False,False,False,False,958249.1633994479,False,False,False,False
2025-09-12 00:00:00+00:00,5.15,5.29,5.1101,5.25,377135,4.72137804862924,4.722136706315161,4.577119033442813,4.381122816887368,4.24122621424771,4.056700070839807,4.015128168735706,3.8990825410877243,3.8338809694501332,3.8752487761665804,3.981660428013612,4.002814719134937,4.020572352601127,4.066274369214144,4.096653550211149,4.211043045005524,4.4357449435713985,4.630217069123159,4.772666274415978,4.460044042545794,4.299986665874184,4.1449199762905575,3.9199174953633924,3.8573579769176285,3.812996448711845,3.8260539161934126,3.848406770929406,4.013840800414242,4.028692160445942,4.075851899532644,4.106380130778363,4.412354198443433,4.478362448138036,4.6917265994522905,4.460044042545794,3.981660428013612,4.211043045005524,4.437729984948861,"rgba(38, 166, 154, 1.0)",0.7287085163868905,4.698325015700798,0.6198294299327176,62.38060983046505,7.687170141226289,True,False,True,False,True,10.4451062649442,0.0,0.0,0.0,0.0,0,1.1882870872973281,0.7828033857130478,False,False,False,False,0.3428282111805735,0.33123989208483573,False,False,False,False,10520934,6976888.81836707,False,False,False,False,915203.6698143036,False,False,False,False
