date,Close,High,Low,Open,Volume,aVWAP_peak_188,aVWAP_peak_172,aVWAP_peak_164,aVWAP_peak_158,aVWAP_peak_152,aVWAP_peak_146,aVWAP_peak_135,aVWAP_peak_123,aVWAP_peak_101,aVWAP_peak_87,aVWAP_peak_70,aVWAP_peak_55,aVWAP_peak_43,aVWAP_peak_31,aVWAP_valley_193,aVWAP_valley_188,aVWAP_valley_169,aVWAP_valley_151,aVWAP_valley_146,aVWAP_valley_134,aVWAP_valley_121,aVWAP_valley_108,aVWAP_valley_102,aVWAP_valley_94,aVWAP_valley_85,aVWAP_valley_69,aVWAP_valley_52,aVWAP_valley_39,aVWAP_valley_33,aVWAP_valley_25,aVWAP_valley_20,aVWAP_OB_bear_135,aVWAP_OB_bear_70,Peaks_Valleys_avg,color,StDev,StDev_Mean,StdDev_ZScore,QQEMOD,QQE1_Value,QQE1_Above_Upper,QQE1_Below_Lower,QQE2_Above_Threshold,QQE2_Below_Threshold,QQE2_Above_TL,banker_RSI,OB,OB_High,OB_Low,OB_Mitigated_Index,TTM_squeeze_Active,VI_plus,VI_minus,VI_Regular_Bullish,VI_Regular_Bearish,VI_Hidden_Bullish,VI_Hidden_Bearish,Fisher,Fisher_Signal,Fisher_Regular_Bullish,Fisher_Regular_Bearish,Fisher_Hidden_Bullish,Fisher_Hidden_Bearish,OBV,OBV_Smoothed,OBV_Regular_Bullish,OBV_Regular_Bearish,OBV_Hidden_Bullish,OBV_Hidden_Bearish,Volume_MA,Vol_Regular_Bullish,Vol_Regular_Bearish,Vol_Hidden_Bullish,Vol_Hidden_Bearish
2021-12-31 00:00:00+00:00,144.9,176.75,141.4,165.9,49917,,,,,,,,,,,,,,,,,,,,,,,,,,,,,,,,,,,#000000,,,,,,False,False,False,False,False,,0.0,0.0,0.0,0.0,0,,,False,False,False,False,,,False,False,False,False,0,0.0,False,False,False,False,49917.0,False,False,False,False
2022-01-07 00:00:00+00:00,127.4,150.5,124.6,147.35,13318,,,,,,,,,,,,,,,,,,,,,,,,,,,,,,,,,,,#000000,,,,0.0,,False,False,False,True,False,,0.0,0.0,0.0,0.0,0,,,False,False,False,False,,,False,False,False,False,-13318,-986.5185185185185,False,False,False,False,47205.96296296296,False,False,False,False
2022-01-14 00:00:00+00:00,106.4,129.15,105.35,122.85,9984,,,,,,,,,,,,,,,,,,,,,,,,,,,,,,,,,,,#000000,,,,0.0,-50.0,False,False,False,True,True,,0.0,0.0,0.0,0.0,0,,,False,False,False,False,,,False,False,False,False,-23302,-2639.5171467764058,False,False,False,False,44448.780521262,False,False,False,False
2022-01-21 00:00:00+00:00,89.25,108.43,89.25,105.0,7929,,,,,,,,,,,,,,,,,,,,,,,,,,,,,,,,,,,#000000,,,,0.0,-50.0,False,False,False,True,True,,0.0,0.0,0.0,0.0,0,,,False,False,False,False,,,False,False,False,False,-31231,-4757.404765533709,False,False,False,False,41743.61159376112,False,False,False,False
2022-01-28 00:00:00+00:00,84.35,103.6,82.95,87.5,5408,,,,,,,,,,,,,,,,,,,,,,,,,,,,,,,,,,,#000000,,,,0.0,-50.0,False,False,False,True,True,,0.0,0.0,0.0,0.0,0,,,False,False,False,False,,,False,False,False,False,-36639,-7119.004412531212,False,False,False,False,39052.08480903807,False,False,False,False
2022-02-04 00:00:00+00:00,91.0,95.55,86.1,86.8,4787,,,,,,,,,,,,,,,,,,,,,,,,,,,,,,,,,,,#000000,,,,3.3618636651784755,-46.821988254010975,False,False,False,True,True,,0.0,0.0,0.0,0.0,0,,,False,False,False,False,,,False,False,False,False,-31852,-8951.078159751123,False,False,False,False,36513.93037873895,False,False,False,False
2022-02-11 00:00:00+00:00,84.0,99.05,82.25,91.0,4223,,,,,,,,,,,,,,,,,,,,,,,,,,,,,,,,,,,#000000,,,,5.369326594902312,-45.06219739264849,False,False,False,True,True,,0.0,0.0,0.0,0.0,0,,,False,False,False,False,,,False,False,False,False,-36075,-10960.257555325115,False,False,False,False,34122.009609943474,False,False,False,False
2022-02-18 00:00:00+00:00,80.85,96.985,78.925,84.0,2678,,,,,,,,,,,,,,,,,,,,,,,,,,,,,,,,,,,#000000,,,,6.644540064567083,-44.0396035246397,False,False,False,True,True,,0.0,0.0,0.0,0.0,0,,,False,False,False,False,,,False,False,False,False,-38753,-13018.979217893626,False,False,False,False,31792.823712910624,False,False,False,False
2022-02-25 00:00:00+00:00,79.45,80.85,73.5,78.75,2269,,,,,,,,,,,,,,,,,,,,,,,,,,,,,,,,,,,#000000,,,,7.485656927743484,-43.42720737885476,False,False,False,True,True,,0.0,0.0,0.0,0.0,0,,,False,False,False,False,,,False,False,False,False,-41022,-15093.277053605208,False,False,False,False,29605.873808250577,False,False,False,False
2022-03-04 00:00:00+00:00,75.25,89.95,70.35,77.0,3384,,,,,,,,,,,,,,,,,,,,,,,,,,,,,,,,,,,#000000,,,,7.8839831492679195,-43.211515417032174,False,False,False,True,True,,0.0,0.0,0.0,0.0,0,,,False,False,False,False,,,False,False,False,False,-44406,-17264.589864449266,False,False,False,False,27663.512785417202,False,False,False,False
2022-03-11 00:00:00+00:00,72.45,76.65,66.6995,72.8,6077,,,,,,,,,,,,,,,,,,,,,,,,,,,,,,,,,,,#000000,,,,8.041283824226436,-43.18552931272125,False,False,False,True,True,,0.0,0.0,0.0,0.0,0,,,False,False,False,False,,,False,False,False,False,-50483,-19725.212837453022,False,False,False,False,26064.511838349263,False,False,False,False
2022-03-18 00:00:00+00:00,73.15,86.45,67.55,77.0,11407,,,,,,,,,,,,,,,,,,,,,,,,,,,,,,,,,,,#000000,,,,8.500367334907985,-42.83292069441735,False,False,False,True,True,,0.0,0.0,0.0,0.0,0,,,False,False,False,False,,,False,False,False,False,-39076,-21158.60447912317,False,False,False,False,24978.77022069376,False,False,False,False
2022-03-25 00:00:00+00:00,76.545,78.1865,70.35,74.9,3424,,,,,,,,,,,,,,,,,,,,,,,,,,,,,,,,,,,#000000,,,,10.491590319184823,-41.01127993111158,False,False,False,True,True,,0.0,0.0,0.0,0.0,0,,,False,False,False,False,,,False,False,False,False,-35652,-22232.189332521455,False,False,False,False,23382.120574716446,False,False,False,False
2022-04-01 00:00:00+00:00,75.6,79.443,66.5,77.105,5860,,,,,,,,,,,,,,,,,,,,,,,,,,,,,,,,,,,#000000,,,,11.830561883630535,-39.85188741436659,False,False,False,True,True,,0.0,0.0,0.0,0.0,0,,,False,False,False,False,,,False,False,False,False,-41512,-23660.323456038386,False,False,False,False,22084.18571733004,False,False,False,False
2022-04-08 00:00:00+00:00,70.0,79.45,68.32,77.35,2641,,,,,,,,,,,,,,,,,,,,,,,,,,,,,,,,,,,#000000,,,,12.323358732697498,-39.49724233109763,False,False,False,True,True,,0.0,0.0,0.0,0.0,0,,,False,False,False,False,,,False,False,False,False,-44153,-25178.299496331838,False,False,False,False,20643.94973826856,False,False,False,False
2022-04-15 00:00:00+00:00,68.25,70.7,67.9,67.9,1959,,,,,,,,,,,,,,,,,,,,,,,,,,,,,,,,,,,#000000,,,,12.54151520467721,-39.36834184524661,False,False,False,True,True,,0.0,0.0,0.0,0.0,0,,,False,False,False,False,,,False,False,False,False,-46112,-26728.943978085037,False,False,False,False,19259.879387285702,False,False,False,False
2022-04-22 00:00:00+00:00,65.45,72.45,65.0895,68.6,2073,,,,,,,,,,,,,,,,,,,,,,,,,,,,,,,,,,,#000000,,,,12.488217066241072,-39.36834184524661,False,False,False,True,True,,0.0,0.0,0.0,0.0,0,,,False,False,False,False,,,False,False,False,False,-48185,-28318.28146118985,False,False,False,False,17986.777210449723,False,False,False,False
2022-04-29 00:00:00+00:00,55.65,68.2465,53.2,65.4535,2899,,,,,,,,,,,,,,,,,,,,,,,,,,,,,,,,,,,#000000,,,,11.838147840220866,-39.36834184524661,False,False,False,True,True,,0.0,0.0,0.0,0.0,0,,,False,False,False,False,,,False,False,False,False,-51084,-30004.630982583196,False,False,False,False,16869.164083749743,False,False,False,False
2022-05-06 00:00:00+00:00,55.3,57.4,52.15,57.05,2244,,,,,,,,,,,,,,,,,,,,,,,,,,,,,,,,,,,#000000,,,,11.354581989160401,-39.36834184524661,False,False,False,True,False,,0.0,0.0,0.0,0.0,0,,,False,False,False,False,,,False,False,False,False,-53328,-31732.28794683629,False,False,False,False,15785.818596064577,False,False,False,False
2022-05-13 00:00:00+00:00,49.0,60.2,43.05,57.75,7249,,,,,,,,,,,,,,,,,,,,,,,,,,,,,,,,,,,#000000,,,,10.682291746819445,-39.36834184524661,False,False,False,True,False,,0.0,0.0,0.0,0.0,0,,,False,False,False,False,,,False,False,False,False,-60577,-33868.933284107676,False,False,False,False,15153.461663022757,False,False,False,False
2022-05-20 00:00:00+00:00,45.5,58.1,42.0,50.75,4043,,,,,,,,,,,,,,,,,,,,,,,,,,,,,,,48.533333333333324,,,48.533333333333324,#000000,,48.533333333333324,,10.040309993022019,-37.90358266696745,False,False,False,True,False,,0.0,0.0,0.0,0.0,0,,,False,False,False,False,,,False,False,False,False,-64620,-36146.79007787748,False,False,False,False,14330.46450279885,False,False,False,False
2022-05-27 00:00:00+00:00,44.8035,47.25,42.7,45.5,1619,,,,,,,,,,,,,,,,,,,,,,,,,,,,,,,47.49951233368656,,,47.49951233368656,#000000,,47.49951233368656,,9.549856369858283,-38.38311676997189,False,False,False,True,False,,0.0,0.0,0.0,0.0,0,,,False,False,False,False,,,False,False,False,False,-66239,-38375.84266470137,False,False,False,False,13388.874539628565,False,False,False,False
2022-06-03 00:00:00+00:00,47.6,49.0,45.4475,48.3,582,,,,,,,,,,,,,,,,,,,,,,,,,,,,,,,47.485498692077726,,,47.485498692077726,#000000,,47.485498692077726,,10.610410978153556,-38.38311676997189,False,False,False,True,False,,0.0,0.0,0.0,0.0,0,,,False,False,False,False,,,False,False,False,False,-65657,-40396.66913398275,False,False,False,False,12440.217166322745,False,False,False,False
2022-06-10 00:00:00+00:00,43.75,48.65,43.533,46.2,1999,,,,,,,,,,,,,,,,,,,,,,,,,,,,,,,46.958163633790285,,,46.958163633790285,#000000,,46.958163633790285,,11.089055131462121,-38.38311676997189,False,False,False,True,True,,0.0,0.0,0.0,0.0,0,,,False,False,False,False,,,False,False,False,False,-67656,-42415.87882776181,False,False,False,False,11666.793672521062,False,False,False,False
2022-06-17 00:00:00+00:00,35.35,45.85,32.9,42.35,2243,,,,,,,,,,,,,,,,,,,,,,,,,,,,,,,45.04910447263018,,,45.04910447263018,#000000,,45.04910447263018,,10.915635019616731,-38.38311676997189,False,False,False,True,True,,0.0,0.0,0.0,0.0,0,,,False,False,False,False,,,False,False,False,False,-69899,-44451.66558126093,False,False,False,False,10968.734881963946,False,False,False,False
2022-06-24 00:00:00+00:00,29.925,38.5,29.925,35.0,1863,,,,,,,,,,,,,,,,,,,,,,,,,,,,,,32.78333333333333,43.198660579804034,,,37.99099695656868,#000000,,37.99099695656868,,10.51558936002947,-38.38311676997189,False,False,False,True,True,,0.0,0.0,0.0,0.0,0,,,False,False,False,False,-0.34282825441539394,-0.34282825441539394,False,False,False,False,-71762,-46474.653315982345,False,False,False,False,10294.236001818468,False,False,False,False
2022-07-01 00:00:00+00:00,35.35,39.9,34.153,38.15,2408,,,,,,,,,,,,,,,,,,,,,,,,,,,,,,34.86056926558964,42.100318549388994,,,38.48044390748932,#000000,,38.48044390748932,,12.554469971167416,-39.60455591262493,False,False,False,True,True,,0.0,0.0,0.0,0.0,0,0.6574034097490601,1.3918157598222465,False,False,False,False,-0.3227899590416896,-0.3328091067285418,False,False,False,False,-69354,-48169.41973702069,False,False,False,False,9710.070372054137,False,False,False,False
2022-07-08 00:00:00+00:00,36.05,38.5,31.15,37.8,3455,,,,,,,,,,,,,,,,,,,,,,,,,,,,,,35.02726611441884,40.797582226004835,,,37.912424170211835,#000000,,37.912424170211835,,14.299701533749488,-37.970894626172,False,False,False,True,True,,0.0,0.0,0.0,0.0,0,0.6811170717018168,1.3357906828903785,False,False,False,False,-0.33737480417540366,-0.33509195545197273,False,False,False,False,-65899,-49482.72197872286,False,False,False,False,9246.731825976052,False,False,False,False
2022-07-15 00:00:00+00:00,34.7095,36.05,33.3585,36.05,588,,,,,,,,,,,,,,,,,,,,,,,,,,,,,,35.00454486408468,40.6070582712766,,,37.80580156768064,#000000,,37.80580156768064,,15.415263331836371,-36.96628304158058,False,False,False,True,True,,0.0,0.0,0.0,0.0,0,0.7314305528984122,1.2954371532427782,False,False,False,False,-0.3372030002743446,-0.3361474778631587,False,False,False,False,-66487,-50742.298128447095,False,False,False,False,8605.344283311159,False,False,False,False
2022-07-22 00:00:00+00:00,40.25,40.25,34.65,35.0,1085,,,,,,,,,,,,,,,,,,,,,,,,,,,,,,35.39458481398731,40.48572351856508,,,37.940154166276194,#000000,,37.940154166276194,,18.505686824187674,-34.09260167909007,False,False,False,True,True,,0.0,0.0,0.0,0.0,0,0.7806700772394424,1.2205336543284182,False,False,False,False,-0.30274453192577644,-0.31944600489446756,False,False,False,False,-65402,-51828.20197078434,False,False,False,False,8048.281743806629,False,False,False,False
2022-07-29 00:00:00+00:00,42.7,43.4,38.7765,43.4,662,,,,,,,,,,,,,,,,,,,,,,,,,,,,,,35.80457048669781,40.52244576661638,,,38.16350812665709,#000000,,38.16350812665709,,21.649608449123733,-31.245958203328662,False,False,False,True,True,,0.0,0.0,0.0,0.0,0,0.8069386614875023,1.2036369441155734,False,False,False,False,-0.25524333956326023,-0.2873446722288639,False,False,False,False,-64740,-52784.631454429946,False,False,False,False,7501.149762783915,False,False,False,False
2022-08-05 00:00:00+00:00,39.375,44.8,38.15,44.8,24834,,,,,,,,,,,,,,40.775,,,,,,,,,,,,,,,,39.34191527917085,40.66065188441565,,,40.25918905452883,#000000,,40.25918905452883,,23.383600196516994,-29.78915448363824,False,False,False,True,True,,0.0,0.0,0.0,0.0,0,0.7957034369796815,1.1774396599569532,False,False,False,False,-0.25016075399169635,-0.26875271311028015,False,False,False,False,-89574,-55509.76986521291,False,False,False,False,8785.064595170292,False,False,False,False
2022-08-12 00:00:00+00:00,26.25,30.1,24.5,29.75,99665,,,,,,,,,,,,,,29.70769323448381,,,,,,,,,,,,,,,,30.16355442677368,31.239694946200974,,,30.370314202486153,#000000,,30.370314202486153,,23.004647958218793,-29.78915448363824,False,False,False,True,True,,0.0,0.0,0.0,0.0,0,0.7825784542367334,1.213548272711155,False,False,False,False,-0.34282825441539394,-0.305790483762837,False,False,False,False,-189239,-65415.63876408603,False,False,False,False,15516.911662194714,False,False,False,False
2022-08-19 00:00:00+00:00,26.432,29.4,22.141,28.854,54502,,,,,,,,,,,,,,28.576039139446145,,,,,,,,,,,,,,,25.990999999999996,28.96070794589429,29.806133236948835,,,28.333470080572315,#000000,,28.333470080572315,,22.80133881431111,-29.78915448363824,False,False,False,True,True,,0.0,0.0,0.0,0.0,0,0.7769551660805559,1.2173783048820424,False,False,False,False,-0.34282825441539394,-0.32430936908911545,False,False,False,False,-134737,-70550.55441119077,False,False,False,False,18404.695983513626,False,False,False,False
2022-08-26 00:00:00+00:00,24.6785,26.6595,22.7535,26.32,25989,,,,,,,,,,,,,,28.084268727742813,,,,,,,,,,,,,,,25.573246033718053,28.445457264400844,29.217418603895,,,27.830097657439175,#000000,,27.830097657439175,,22.463228016565278,-29.78915448363824,False,False,False,True,True,,0.0,0.0,0.0,0.0,0,0.7986946413873768,1.1652058394582183,False,False,False,False,-0.34282825441539394,-0.3335688117522547,False,False,False,False,-160726,-77230.21704739887,False,False,False,False,18966.496281031134,False,False,False,False
2022-09-02 00:00:00+00:00,25.8965,26.179965,24.5035,24.5455,4670,,,,,,,,,,,,,,28.027300035056754,,,,,,,,,,,,,,,25.57069110684468,28.383420378646854,29.14254743998517,,,27.78098974013336,#000000,,27.78098974013336,,22.715327890205977,-29.78915448363824,False,False,False,True,True,,0.0,0.0,0.0,0.0,0,0.8044501659780089,1.2210754726307418,False,False,False,False,-0.33385754866413336,-0.33371318020819407,False,False,False,False,-156056,-83069.16393277673,False,False,False,False,17907.49655651031,False,False,False,False
2022-09-09 00:00:00+00:00,26.5405,28.35,25.501,25.9,7150,,,,,,,,,,,,,,27.986732470903856,,,,,,,,,,,,,,,25.6656884555109,28.333428471172304,29.07189659535355,,,27.764436498235153,#000000,,27.764436498235153,,23.165493305434236,-29.78915448363824,False,False,False,True,True,,0.0,0.0,0.0,0.0,0,0.8194450862993875,1.1571260900642626,False,False,False,False,-0.31171208456954475,-0.3227126323888694,False,False,False,False,-148906,-87945.9666044229,False,False,False,False,17110.64495973177,False,False,False,False
2022-09-16 00:00:00+00:00,24.85,27.86,23.975,26.6,13308,,,,,,,,,,,,,,27.846488006225787,,,,,,,,,,,,,,,25.65258170420726,28.1798488239327,28.885535755623373,,,27.641113572497282,#000000,,27.641113572497282,,23.254388421257655,-29.78915448363824,False,False,False,True,True,,0.0,0.0,0.0,0.0,0,0.7943022839676689,1.2196392194902912,False,False,False,False,-0.3248364006669631,-0.3237745165279162,False,False,False,False,-162214,-93447.30241150268,False,False,False,False,16828.967555307194,False,False,False,False
2022-09-23 00:00:00+00:00,18.5675,26.0925,17.5,26.0925,11090,,,,,,,,,,,,,,27.518834064445066,,,,,,,,,,,,,,,25.183874654196906,27.850601191087367,28.539579454770045,,,27.273222341124846,#000000,,27.273222341124846,,22.52799728340802,-29.78915448363824,False,False,False,True,True,,0.0,0.0,0.0,0.0,0,0.7494011183031102,1.18683764787221,False,False,False,False,-0.34282825441539394,-0.3333013854716551,False,False,False,False,-173304,-99362.61334398396,False,False,False,False,16403.85884750666,False,False,False,False
2022-09-30 00:00:00+00:00,11.452,19.2535,9.877,19.25,18908,,,,,,,,,,,,,,26.501794956929466,,,,,,,,,,,,,,13.527499999999998,23.558719017650194,26.848216838159175,27.528229906269555,,,23.59289214380168,#000000,,22.60905770318471,,21.26923493391478,-29.78915448363824,False,False,False,True,False,,0.0,0.0,0.0,0.0,0,0.7260129321194407,1.230749031880202,False,False,False,False,-0.34282825441539394,-0.33806481994352455,False,False,False,False,-192212,-106240.34568887403,False,False,False,False,16589.35078472839,False,False,False,False
2022-10-07 00:00:00+00:00,13.44,15.3965,10.85,13.349,6124,,,,,,,,,,,,,,26.196492909968445,,,,,,,,,,,,,,13.454432140193884,23.112410469447795,26.546353636131123,27.222883064841383,,,23.306514444116523,#000000,,22.32742228893531,,21.214112160512215,-29.78915448363824,False,False,False,True,False,,0.0,0.0,0.0,0.0,0,0.7122747940783969,1.2586479454820414,False,False,False,False,-0.34282825441539394,-0.3404465371794593,False,False,False,False,-186088,-112154.98674895744,False,False,False,False,15814.13961548925,False,False,False,False
2022-10-14 00:00:00+00:00,12.425,14.042,10.465,14.042,3464,,,,,,,,,,,,,,26.018147382624402,,,,,,,,,,,,,,13.315394956017217,22.85472484889179,26.370089916000925,27.044913246982784,,,23.120654070103424,#000000,,22.139589275883583,,21.0581938794056,-29.78915448363824,False,False,False,True,False,,0.0,0.0,0.0,0.0,0,0.7136094584758106,1.219436002861015,False,False,False,False,-0.34282825441539394,-0.3416373957974266,False,False,False,False,-189552,-117888.09884162726,False,False,False,False,14899.314458786343,False,False,False,False
2022-10-21 00:00:00+00:00,11.2,16.975,10.325,11.2105,31656,,,,,,,,,,,,,,24.633164393693033,,,,,,,,,,,,,,13.061701932881144,21.06101583550547,24.994076203435217,25.647361240513565,,,21.879463921205684,#000000,,20.937489591378714,,20.802644121545026,-29.78915448363824,False,False,False,True,False,,0.0,0.0,0.0,0.0,0,0.7263907533166668,1.2141147846004907,False,False,False,False,-0.32163463917259427,-0.3316360174850104,False,False,False,False,-221208,-125541.42485335858,False,False,False,False,16140.55042480217,False,False,False,False
2022-10-28 00:00:00+00:00,12.6,21.35,10.5,10.5,107059,,,,,,,,,,,,,14.816666666666668,22.05996277927814,,,,,,,,,,,,,,14.185340745126418,18.706430819773175,22.390407479489262,22.944295425550433,,,19.183850652647347,#000000,,17.4421002527111,,21.28226178499223,-29.78915448363824,False,False,False,True,False,,0.0,0.0,0.0,0.0,0,0.7842035596959274,1.1734416158671366,False,False,False,False,-0.2801161685125312,-0.30587609299877083,False,False,False,False,-114149,-124697.54153088757,False,False,False,False,22875.250393335344,False,False,False,False
2022-11-04 00:00:00+00:00,10.64,14.0,10.5385,13.3,11064,,,,,,,,,,,,,14.527194743332515,21.787405559581675,,,,,,,,,,,,,,14.032720904968917,18.444621221320478,22.11572278978793,22.662229710512165,,,18.928315821583947,#000000,,17.197985607300897,,21.35682969954734,-29.78915448363824,False,False,False,True,False,,0.0,0.0,0.0,0.0,0,0.7879598390583178,1.156405583368686,False,False,False,False,-0.34253199399198,-0.3242040434953754,False,False,False,False,-125213,-124735.7236397107,False,False,False,False,22000.342956791985,False,False,False,False
2022-11-11 00:00:00+00:00,12.005,13.65,10.5105,13.65,29193,,,,,,,,,,,,,14.037323204313632,21.154179690578502,,,,,,,,,,,,,,13.754457554096698,17.869233865604283,21.475491426496372,22.002304703769138,,,18.382165074143106,#000000,,16.70379857864828,,22.086944996780815,-29.78915448363824,False,False,False,True,False,,0.0,0.0,0.0,0.0,0,0.8232223775103422,1.1872762591840316,False,False,False,False,-0.34282825441539394,-0.3335161489553847,False,False,False,False,-96020,-122608.63299973214,False,False,False,False,22533.132367399987,False,False,False,False
2022-11-18 00:00:00+00:00,10.85,11.9,10.5175,11.417,3754,,,,,,,,,,,,,13.964063260960703,21.07066608871354,,,,,,,,,,,,,,13.70708795248601,17.791618842124308,21.391186514296134,21.915687552847885,,,18.30671836857143,#000000,,16.63335903607114,,22.42641556428186,-29.78915448363824,False,False,False,True,False,,0.0,0.0,0.0,0.0,0,0.8129252790378434,1.201679231480166,False,False,False,False,-0.34282825441539394,-0.3381722016853893,False,False,False,False,-99774,-120917.17870345569,False,False,False,False,21142.085525370356,False,False,False,False
2022-11-25 00:00:00+00:00,10.85,11.711,9.7804,10.85,3965,,,,,,,,,,,,,13.882643191322389,20.981268438194988,,,,,,,,,,,,,,13.653162513689644,17.707860018951717,21.3009925748981,21.82311623219735,,,18.224840494875696,#000000,,16.556233540539683,,22.668894541068322,-29.784172954735915,False,False,False,True,True,,0.0,0.0,0.0,0.0,0,0.800555316042406,1.1366385698646129,False,False,False,False,-0.34282825441539394,-0.3405002280503916,False,False,False,False,-99774,-119351.01731801454,False,False,False,False,19869.708819787367,False,False,False,False
2022-12-02 00:00:00+00:00,12.11,13.8495,10.85,11.2,4820,,,,,,,,,,,,,13.834013223442076,20.890228213559112,,,,,,,,,,,,,,13.622855993218398,17.63001611303492,21.208625920232162,21.72753620809307,,,18.152212611929958,#000000,,16.494278385813626,,23.54994816319453,-28.836215210292096,False,False,False,True,True,,0.0,0.0,0.0,0.0,0,0.7923231798167019,1.1393492672220862,False,False,False,False,-0.30957248923382935,-0.32503635864211045,False,False,False,False,-94954,-117543.83085001346,False,False,False,False,18754.91557387719,False,False,False,False
2022-12-09 00:00:00+00:00,8.9425,12.25,8.75,11.522,7069,,,,,,,,,,,,,13.670836396603642,20.725545003352668,,,,,,,,,,,,,,13.509477837082445,17.47273155126023,21.0427011885076,21.55766677955504,,,17.99649312606027,#000000,,16.344647697074745,,23.59053857648629,-28.709337313867078,False,False,False,True,True,0.0,0.0,0.0,0.0,0.0,0,0.7889153806009437,1.148990141071608,False,False,False,False,-0.34282825441539394,-0.33393230652875217,False,False,False,False,-102023,-116394.13967593838,False,False,False,False,17889.29219803444,False,False,False,False
2022-12-16 00:00:00+00:00,10.85,14.7,9.1,9.1,24830,,,,,,,,,,,,,13.396211785238725,20.263524492003878,,,,,,,,,,,,,,13.316335019147353,17.073774850046796,20.574268196982494,21.073903429531672,,,17.61633629549182,#000000,,16.012461536609187,,24.689861071221305,-27.56813460300221,False,False,False,True,True,0.0,0.0,0.0,0.0,0.0,0,0.8527582558491561,1.1192482868412266,False,False,False,False,-0.3097058691424446,-0.32181908783559837,False,False,False,False,-77193,-113490.3515517948,False,False,False,False,18403.41870188374,False,False,False,False
2022-12-23 00:00:00+00:00,10.605,11.6655,8.75,10.5,134700,,,,,,,,,,,,,12.135240017480767,18.134428455482038,,,,,,,,,,,,,,12.279388160901107,15.271688637036448,18.4131339996342,18.843919914240164,,,15.84629986412912,#000000,,14.45518631772509,,25.422484472453966,-26.8082308211403,False,False,False,True,True,0.0,0.0,0.0,0.0,0.0,0,0.8655446316639769,1.0932670156728048,False,False,False,False,-0.34282825441539394,-0.33232367112549616,False,False,False,False,-211893,-120779.43662203223,False,False,False,False,27017.98027952198,False,False,False,False
2022-12-30 00:00:00+00:00,8.65,10.605,7.7,10.605,91325,,,,,,,,,,,,,11.446608780399844,16.972522963363133,,,,,,,,,,,,,8.985,11.64988306749998,14.306177000117719,17.232354600955386,17.62669279196398,,,14.031319886328577,#000000,,11.596917212004385,,25.5232787694025,-26.657207244424463,False,False,False,True,True,0.0,0.0,0.0,0.0,0.0,0,0.850508699194199,1.1484917109007122,False,False,False,False,-0.34282825441539394,-0.33757596277044505,False,False,False,False,-303218,-134293.40427965947,False,False,False,False,31781.46322177961,True,False,False,False
2023-01-06 00:00:00+00:00,9.52,16.65,8.33,8.49,1093532,,,,,,,,,,,,,11.485240807263802,13.671108100339222,,,,,,,,,,,,,11.306151818320691,11.545584124050858,12.48844495190656,13.793278976293097,13.9720621794662,,,12.608838708234348,#000000,,11.706355425385478,,26.130080227031694,-26.011063355221474,False,False,False,True,True,0.0,0.0,0.0,0.0,0.0,0,0.8786976103970194,1.0918674871281995,False,False,False,False,-0.26809450327190953,-0.3028352330211773,False,False,False,False,790314,-65803.96692561061,False,False,False,False,110429.65113127741,False,False,False,False
2023-01-13 00:00:00+00:00,9.6764,12.43,8.8501,9.52,241764,,,,,,,,,,,,,11.324383264644503,13.276615523659787,,,,,,,,,,,,,11.138834733962279,11.382017081332526,12.216656673252377,13.386402006599512,13.546410670799393,,,12.324474279178625,#000000,,11.515472938297922,,26.663436090594438,-25.443298472800926,False,False,False,True,True,0.0,0.0,0.0,0.0,0.0,0,0.8669816499844917,1.1043821103479563,False,False,False,False,-0.30910800705040653,-0.3059716200357919,False,False,False,False,1032078,15520.623217027205,False,False,False,False,120158.12141784944,False,False,False,False
2023-01-20 00:00:00+00:00,12.56,20.0,9.66,9.66,1656725,,,,,,,,,,,,14.073333333333334,12.660020047607876,13.632283916623551,,,,,,,,,,,,,12.715581940420138,12.666983247318695,13.074279582044879,13.692230739234066,13.780342742124002,,,13.286881943588318,#000000,,13.028979642170011,,28.83760439649699,-23.328767863511363,False,False,False,True,True,0.0,0.0,0.0,0.0,0.0,0,0.8680479143425276,1.076708002583404,False,False,False,False,-0.2174328672059643,-0.2617022436208781,False,False,False,False,2688803,213541.54001576593,False,False,False,False,233977.89020171243,False,False,False,False
2023-01-27 00:00:00+00:00,11.0,13.0399,10.36,12.25,116252,,,,,,,,,,,,13.902415104614066,12.620674742346399,13.566505471133844,,,,,,,,,,,,,12.67020349804361,12.628072165238416,13.023807942094058,13.624808727501145,13.710442479103857,,,13.218366266259425,#000000,,12.955341377560623,,29.91963012748871,-22.31772595958994,False,False,False,True,True,0.0,0.0,0.0,0.0,0.0,0,0.8413034581925493,1.151206855103863,False,False,False,False,-0.2854949076568159,-0.27359857563884704,False,False,False,False,2572551,388282.98149607953,False,False,False,False,225257.45389047448,False,False,False,False
2023-02-03 00:00:00+00:00,11.9805,13.23,10.7,10.7,105299,,,,,,,,,,,,13.794090327921278,12.60181183158371,13.523763230534017,,,,,,,,,,,,,12.64789926940739,12.609305611047859,12.994674224574858,13.580618458734955,13.66408848379826,,,13.177031429700289,#000000,,12.913276759990058,,31.296409885691098,-21.035627148154337,False,False,False,True,True,0.0,0.0,0.0,0.0,0.0,1,0.8436439906724612,1.1649270508921126,False,False,False,False,-0.23177625699147866,-0.25268741631516284,False,False,False,False,2677850,557880.5384222958,False,False,False,False,216371.64249118007,False,False,False,False
2023-02-10 00:00:00+00:00,11.9,13.345,11.13,12.15,95762,,,,,,,,,,,,13.713121558332041,12.5895609407156,13.490512824118882,,,,,,,,,,,,,12.633174511695138,12.59705981522286,12.973341668801245,13.546102732274468,13.627688023591718,,,13.146320259343995,#000000,,12.88322920649141,,32.252509621271,-20.167866138078445,False,False,False,True,True,0.0,0.0,0.0,0.0,0.0,1,0.8872689028012346,1.1363812668659927,False,False,False,False,-0.2188677080280953,-0.23577756217162907,False,False,False,False,2582088,707821.8318724962,False,False,False,False,207437.59489924082,False,False,False,False
2023-02-17 00:00:00+00:00,12.01,15.48,11.1201,11.9064,379883,,,,,,,,,,,,13.577061391411748,12.61550367207565,13.437044000276595,,,,,,,,,,,,,12.656974971983738,12.621944460303947,12.964180513234531,13.48797619702939,13.56270124544385,,,13.115423306469932,#000000,,12.867871123943772,,33.010373818665975,-19.481263604452682,False,False,False,True,True,0.0,0.0,0.0,0.0,0.0,1,0.9044024852439329,1.1157118472961152,False,False,False,False,-0.1778320005152782,-0.20680478134345365,False,False,False,False,2961971,874795.8443263853,False,False,False,False,220211.32861040818,False,False,False,False
2023-02-24 00:00:00+00:00,11.49,13.4,11.15,12.37,70904,,,,,,,,,,,,13.53133661777654,12.605284115432795,13.414507514087148,,,,,,,,,,,,,12.645125716730808,12.611762196531176,12.94869886718238,13.46468579796737,13.538287668941507,,,13.094961061831215,#000000,,12.84837716161783,,33.353041466142386,-19.17296347053471,False,False,False,True,True,0.0,0.0,0.0,0.0,0.0,1,0.8980358758871645,1.111682767663452,False,False,False,False,-0.21740782456030858,-0.2121063029518811,False,False,False,False,2891067,1024149.2632651716,False,False,False,False,209151.52649111868,False,False,False,False
2023-03-03 00:00:00+00:00,11.52,13.0,10.92,11.2965,58913,,,,,,,,,,,,13.49058645511993,12.594272018267821,13.393721621942722,,,,,,,,,,,,,12.63259403238083,12.600815437686835,12.933544193390059,13.443295929339461,13.515995833783023,,,13.075603190238835,#000000,,12.829566985863854,,33.6209214950011,-18.906576931186812,True,False,False,True,True,0.0,0.0,0.0,0.0,0.0,1,0.8814329435903058,1.1106157591597035,False,False,False,False,-0.22969987833650513,-0.2209030906441931,False,False,False,False,2949980,1166803.3919121958,False,False,False,False,198022.74675103583,False,False,False,False
2023-03-10 00:00:00+00:00,11.2,12.88,11.0,11.38,45017,,,,,,,,,,,,13.458591681492804,12.584800003549887,13.37702007136587,,,,,,,,,,,,,12.621904100781656,12.591406803129695,12.921022452752018,13.426145099527547,13.498173182796934,,,13.059882924424551,#000000,,12.81417564723851,,33.676469512557105,-18.81571798583843,True,False,False,True,True,0.0,0.0,0.0,0.0,0.0,1,0.8725183233053102,1.131315582235547,False,False,False,False,-0.22393192672121007,-0.2224175086827016,False,False,False,False,2904963,1295555.9554742554,False,False,False,False,186688.98773244058,False,False,False,False
2023-03-17 00:00:00+00:00,11.25,13.09,10.875,11.405,63521,,,,,,,,,,,,13.416438557931333,12.572426225376656,13.354619061213405,,,,,,,,,,,,,12.607938751901331,12.579106713928772,12.904409875642719,13.40312239384206,13.474221906249168,,,13.039035435760681,#000000,,12.793977562284523,,33.759923265937374,-18.670852750842673,True,False,False,True,True,0.0,0.0,0.0,0.0,0.0,1,0.8829276284663936,1.1271040172141287,False,False,False,False,-0.18433470161481955,-0.2033761051487606,False,False,False,False,2968484,1419476.5513650512,False,False,False,False,177565.43308559313,False,False,False,False
2023-03-24 00:00:00+00:00,11.32,12.4699,10.92,11.25,56762,,,,,,,,,,,,13.376873463926653,12.559500248812334,13.333081691014987,,,,,,,,,,,,,12.593482839004277,12.566270002670544,12.887867815035277,13.381046901146783,13.451341110674809,,,13.018683009035708,#000000,,12.774031638603452,,33.88481926478293,-18.467787961059944,True,False,False,True,True,0.0,0.0,0.0,0.0,0.0,1,0.9361088441980201,1.1247485905195516,False,False,False,False,-0.08241689108728774,-0.14289649811802416,False,False,False,False,3025246,1538422.4364491217,False,False,False,False,168617.03063480844,False,False,False,False
2023-03-31 00:00:00+00:00,11.85,12.5799,10.8221,11.54,63124,,,,,,,,,,,,13.339024442419,12.548065959649325,13.312125783478235,,,,,,,,,,,,,12.580628353020684,12.55489326909429,12.872403969746008,13.359501267793648,13.428915761948392,,,12.999444850893699,#000000,,12.755653006045826,,34.48740377855452,-17.80154981942016,True,False,False,True,True,0.0,0.0,0.0,0.0,0.0,1,1.0068618531828806,1.0644477394385665,False,False,False,False,-0.08182331585198498,-0.11235990698500456,False,False,False,False,3088370,1653233.36708252,False,False,False,False,160802.73206926708,False,False,False,False
2023-04-07 00:00:00+00:00,11.7,12.29,11.34,11.5,28873,,,,,,,,,,,,13.32256717133005,12.543110003567634,13.302880952193771,,,,,,,,,,,,,12.575058606916373,12.549959486915775,12.865630812055283,13.349991146344356,13.419010193066873,,,12.991026046548765,#000000,,12.747673817182458,,34.83336855615362,-17.390005281791076,True,False,False,True,True,0.0,0.0,0.0,0.0,0.0,1,1.0023727328667829,1.0296617682335394,False,False,False,False,-0.07064887346914,-0.09150439022707228,False,False,False,False,3059497,1757401.043594926,False,False,False,False,151030.15932339543,False,False,False,False
2023-04-14 00:00:00+00:00,10.5,11.85,10.5,11.51,17628,,,,,,,,,,,,13.307406343749369,12.53688549692676,13.294263511737485,,,,,,,,,,,,,12.56821402166894,12.543790465824857,12.858428502803646,13.341219500224508,13.410005867825076,,,12.982526713845079,#000000,,12.73907408204248,,34.409762047562644,-17.390005281791076,True,False,False,True,True,0.0,0.0,0.0,0.0,0.0,1,0.9975708458795141,1.0206024302218806,False,False,False,False,-0.13369231124148,-0.11259835073427615,False,False,False,False,3041869,1852546.81814345,False,False,False,False,141148.5178920328,False,False,False,False
2023-04-21 00:00:00+00:00,9.6503,9.9101,9.03,9.6,4588,,,,,,,,,,,,13.301134699019379,12.533831027668658,13.290678838668606,,,,,,,,,,,,,12.5648872579401,12.540769221338623,12.8551748037208,13.337597673452372,13.406326661968672,,,12.978800022972152,#000000,,12.73515555149169,,33.65438631704619,-17.390005281791076,True,False,False,True,True,0.0,0.0,0.0,0.0,0.0,1,0.9890634536700048,1.0702183692384204,False,False,False,False,-0.30848017097359415,-0.21053926085393515,False,False,False,False,3037281,1940304.9056883797,False,False,False,False,131032.92397410444,False,False,False,False
2023-04-28 00:00:00+00:00,8.4,9.7256,7.88,9.08,8853,,,,,,,,,,,,13.286340008816408,12.526269010677074,13.282200744083909,,,,,,,,,,,,8.668533333333334,12.556671806512693,12.533293009846693,12.847292195972388,13.329051333750295,13.397673280465144,,,12.491924969273104,#000000,,11.759453539834878,,32.482275837810505,-15.395403834686888,True,False,False,True,False,0.0,0.0,0.0,0.0,0.0,1,0.9711512326726194,1.1355486878001149,False,False,False,False,-0.34282825441539394,-0.2766837576346646,False,False,False,False,3028428,2020906.6163781292,True,False,False,False,121982.5592352819,True,False,False,False
2023-05-05 00:00:00+00:00,10.985,13.0,8.81,8.81,67300,,,,,,,,,,,10.931666666666667,13.230529171074867,12.502901078509742,13.249876234959235,,,,,,,,,,,,10.668571064392298,12.53103603412232,12.51012559061744,12.820260867083636,13.296150175877024,13.363902582536932,,10.931666666666667,12.510501946584016,#000000,,11.840450734064039,,34.33698334572127,-15.395403834686888,True,False,False,True,True,0.0,-1.0,13.0,8.81,0.0,1,0.9775320346218308,0.9967447440145594,False,False,False,False,-0.10013491745519949,-0.18840933754493203,False,False,False,False,3095728,2100523.0151649346,False,False,False,False,117931.99929192767,False,False,False,False
2023-05-12 00:00:00+00:00,10.5,12.1,9.8649,11.62,16276,,,,,,,,,,,10.910238235857184,13.216799625518265,12.496963615177346,13.24182711972123,,,,,,,,,,,,10.695524093087668,12.52453900405413,12.504239437824172,12.813463484732166,13.28796444509641,13.355510611174864,,10.910238235857184,12.504706967224344,#000000,,11.836775239629311,,35.37023998265392,-16.895562518229497,True,False,False,True,True,0.0,0.0,0.0,0.0,0.0,1,0.9908636612854863,1.0036083644799425,False,False,False,False,-0.09157564934559377,-0.1399924934452629,False,False,False,False,3079452,2173036.273300865,False,False,False,False,110401.9252703034,False,False,False,False
2023-05-19 00:00:00+00:00,10.67,11.82,9.86,11.265,8209,,,,,,,,,,,10.89888820758657,13.209824381438432,12.493916766429196,13.23772373501285,,,,,,,,,,,,10.702686656465087,12.521207568548572,12.501219004246778,12.809987066962883,13.283792588231236,13.35123534193341,,10.89888820758657,12.501048131685502,#000000,,11.833151703509664,,36.28088684154802,-16.056607006652023,True,False,False,True,True,0.0,0.0,0.0,0.0,0.0,1,0.9920786966705831,0.9865620969813983,False,False,False,False,-0.10732954490559794,-0.12366101917543043,False,False,False,False,3087661,2240786.2530563567,False,False,False,False,102832.07895398463,False,False,False,False
2023-05-26 00:00:00+00:00,12.0,12.9999,10.1442,10.8811,16286,,,,,,,,,,,11.021828782312863,13.201370174428057,12.49117779826256,13.232697205145561,,,,,,,,,,,,10.843647018006,12.518157788094289,12.498489800887857,12.806278660821619,13.27862455139078,13.345856579044822,,11.021828782312863,12.52381283583944,#000000,,11.896250940710303,,38.2559974333512,-14.207875621749238,True,False,False,True,True,0.0,0.0,0.0,0.0,0.0,1,1.0047619458627668,0.9698364884409991,False,False,False,False,-0.02676359405572135,-0.07521230661557589,False,False,False,False,3103947,2304724.0861632936,False,False,False,False,96421.2582907265,False,False,False,False
2023-06-02 00:00:00+00:00,10.33,11.9999,10.0852,11.5303,10879,,,,,,,,,,,11.002000974919433,13.19235278890213,12.487227958446748,13.227356872721113,,,,,,,,,,,,10.840360097702453,12.513841325891056,12.494573556745442,12.801762669724821,13.273194236115735,13.340290446199612,,11.002000974919433,12.517296092736853,#000000,31.801004109314853,11.887138796853767,-0.04896508272195294,38.529449388438124,-14.007639134253303,True,False,False,True,True,0.0,0.0,0.0,0.0,0.0,1,0.9907206754598422,1.008649455238038,False,False,False,False,-0.08494306167515826,-0.08007768414536708,False,False,False,False,3093068,2363119.9316326794,False,False,False,False,90084.79471363565,False,False,False,False
2023-06-09 00:00:00+00:00,10.51,11.622,10.23,10.85,34548,,,,,,,,,,,10.953685441938442,13.163952270940019,12.474675700723376,13.21042970265415,,,,,,,,,,,,10.829076097878465,12.500136284093593,12.482127077828721,12.78742965354543,13.255983848169583,13.322652593833709,,10.953685441938442,12.498014867160547,#000000,29.243596714271767,11.86171252371263,-0.04622251280920424,38.90766701951644,-13.66651886408188,True,False,False,True,True,0.0,0.0,0.0,0.0,0.0,1,1.0192828519572936,0.9932035744449265,False,False,False,False,-0.09781274134863999,-0.08894521274700354,False,False,False,False,3127616,2419749.2700302587,False,False,False,False,85970.95806818116,False,False,False,False
2023-06-16 00:00:00+00:00,9.7,10.59,9.515,10.44,9769,,,,,,,,,,,10.892732903566959,13.153206223937847,12.46938394905974,13.204017094074732,,,,,,,,,,,,10.77833109787745,12.49439147384192,12.476887029203148,12.781702289314255,13.24949513732732,13.31604747475544,,10.892732903566959,12.48161946729588,#000000,27.24402440852952,11.829665424806043,-0.07817000135043527,38.6276215979985,-13.66651886408188,True,False,False,True,True,0.0,0.0,0.0,0.0,0.0,1,1.0081227868205462,1.0424711953797894,False,False,False,False,-0.1956106895199181,-0.1422779511334608,False,False,False,False,3117847,2471460.21299098,False,False,False,False,80326.36858164924,False,False,False,False
2023-06-23 00:00:00+00:00,9.92,10.78,9.75,10.7142,10150,,,,,,,,,,,10.849261162208242,13.142857445853098,12.46437356998417,13.19781738481632,,,,,,,,,,,,10.743341463579672,12.488948930242126,12.471923979395422,12.776223463793583,13.243215742338467,13.309646645621632,,10.849261162208242,12.468760978783271,#000000,25.94260924543252,11.806102250470783,-0.07270287397181731,38.67350912154136,-13.66651886408188,True,False,False,True,True,0.0,0.0,0.0,0.0,0.0,1,1.0158256128958156,0.9976957750740295,False,False,False,False,-0.17154707216349221,-0.15691251164847653,False,False,False,False,3127997,2520092.567584241,False,False,False,False,75128.11905708263,False,False,False,False
2023-06-30 00:00:00+00:00,9.59,10.275,9.5,10.0527,9823,,,,,,,,,,,10.79238769537219,13.131707647265427,12.458790646449833,13.191132187357965,,,,,,,,,,,,10.694505509831176,12.482894991653287,12.466395926879004,12.770215610661007,13.236455106560502,13.302770379418089,,10.79238769537219,12.452725570144848,#000000,25.142734888415163,11.775373961030521,-0.08691870517385362,38.46469704056913,-13.66651886408188,True,False,False,True,True,0.0,0.0,0.0,0.0,0.0,1,1.0278628830821561,0.9896044793143575,False,False,False,False,-0.2144495066192948,-0.18568100913388566,False,False,False,False,3118174,2564394.895911334,False,False,False,False,70290.70283063207,False,False,False,False
2023-07-07 00:00:00+00:00,10.31,11.4099,8.75,9.5,345535,,,,,,,,,,,10.37694561984461,12.820277781746416,12.301393897847113,12.995340575227397,,,,,,,,,,,,10.348813576921836,12.312867530604619,12.310336623892166,12.597568680460567,13.03811180037742,13.10055152290024,,10.37694561984461,12.220220760982238,#000000,24.419456926469998,11.46472612727937,-0.04728713381122244,39.17528298372116,-13.269885501214517,True,False,False,True,True,0.0,0.0,0.0,0.0,0.0,1,1.0086445861274675,1.065881557534925,False,False,False,False,-0.19249019818435437,-0.18908560365912003,False,False,False,False,3463709,2631010.7554734573,False,False,False,False,90679.1692876223,False,False,False,False
2023-07-14 00:00:00+00:00,9.65,10.75,9.3,10.23,53946,,,,,,,,,,,10.33279188519606,12.77331935464095,12.276032086689247,12.964471058385683,,,,,,,,,,,,10.307885988453403,12.285644688015578,12.28517665655583,12.57003232828946,13.006873831786308,13.06875353220658,,10.33279188519606,12.18709814102191,#000000,23.41069875821069,11.424910479076498,-0.07581621110108874,39.15096289425844,-13.224983172443821,True,False,False,True,True,0.0,0.0,0.0,0.0,0.0,1,1.0094305245109043,1.0102488018662579,False,False,False,False,-0.19874064134941022,-0.19391312250426512,False,False,False,False,3409763,2688696.1069198675,False,False,False,False,87958.19378483546,False,False,False,False
2023-07-21 00:00:00+00:00,9.12,10.24,9.098,9.7,21200,,,,,,,,,,,10.303066162848012,12.752676388336381,12.26450010637344,12.950891437794098,,,,,,,,,,,,10.279451389473662,12.273286403148044,12.273740992009383,12.557710058042895,12.99315409332121,13.05481952425488,,10.303066162848012,12.170329655560199,#000000,22.564592853205454,11.402120085951525,-0.10113721531772886,38.71321060934094,-13.224983172443821,True,False,False,True,True,0.0,0.0,0.0,0.0,0.0,1,0.9917318059557015,1.1666264926558083,False,False,False,False,-0.20573400069174844,-0.1998235615980068,False,False,False,False,3388563,2740538.098999877,False,False,False,False,83013.14239336616,False,False,False,False
2023-07-28 00:00:00+00:00,8.12,9.3876,8.09,9.04,21199,,,,,,,,,,,10.243024050209028,12.726342295376066,12.249139063524922,12.933710470779019,,,,,,,,,,,,10.221037362579585,12.256847188304489,12.25851968752801,12.541692194605883,12.975840737914675,13.037300456997295,,10.243024050209028,12.144345350781899,#000000,21.760565834851647,11.361812724117293,-0.1489764902585951,37.64052058940085,-13.224983172443821,True,False,False,True,False,0.0,0.0,0.0,0.0,0.0,1,0.957944834280796,1.0511354816143745,False,False,False,False,-0.34282825441539394,-0.27132590800670037,False,False,False,False,3367364,2786969.647222108,False,False,False,False,78434.31703089458,False,False,False,False
2023-08-04 00:00:00+00:00,9.2,10.05,7.99,8.99,59405,,,,,,,,,,,10.142093560157289,12.663676917038726,12.213002134043188,12.892170457722262,,,,,,,,,,,,10.123279250086775,12.21820067067356,12.222689493678764,12.503515392725545,12.933923118039049,12.994802270908664,,10.142093560157289,12.090735326507382,#000000,20.918719456844727,11.286812599489087,-0.09975814264320422,38.279822819464364,-13.224983172443821,True,False,False,True,False,0.0,0.0,0.0,0.0,0.0,1,0.9488261672381957,1.0422448894592056,False,False,False,False,-0.29781433082139885,-0.28457011941404964,False,False,False,False,3426769,2834362.1918723225,False,False,False,False,77024.73799156905,False,False,False,False
2023-08-11 00:00:00+00:00,8.0,9.75,7.56,8.36,50656,,,,,,,,,,,10.024584940216538,12.602625867225882,12.176636932909537,12.851589845961922,,,,,,,,,,,,10.008449757045154,12.179375977518285,12.186643193562325,12.465626498919821,12.893036187486553,12.953439699543216,,10.024584940216538,12.034200890038923,#000000,20.16033488015365,11.203759135501464,-0.1589139840457376,37.795319525933834,-13.224983172443821,True,False,False,True,False,0.0,0.0,0.0,0.0,0.0,1,0.9317356975749722,1.050500741140543,False,False,False,False,-0.34282825441539394,-0.31369918691472176,False,False,False,False,3376113,2874491.8813632615,False,False,False,False,75071.49814034172,False,False,False,False
2023-08-18 00:00:00+00:00,7.97,8.84,6.9943,8.3,52957,,,,,,,,,,,9.884164726608793,12.533193559061433,12.134358875024146,12.805214924464934,,,,,,,,,,,7.934766666666666,9.870661456528369,12.134301192974421,12.144739792754613,12.42192286232796,12.846353999087011,12.906276735337704,,9.884164726608793,11.470967805549835,#000000,19.42946404548295,10.055696602216315,-0.10734709909310174,37.42616983200242,-13.224983172443821,True,False,False,True,False,0.0,0.0,0.0,0.0,0.0,1,0.9165432707268628,1.1167475266858948,False,False,False,False,-0.34282825441539394,-0.3282637206650578,False,False,False,False,3323156,2907726.2605215386,False,False,False,False,73433.38716698308,False,False,False,False
2023-08-25 00:00:00+00:00,7.71,8.98,7.66,7.988,25475,,,,,,,,,,,9.828822674457433,12.501816006793991,12.115187738743147,12.784038054255157,,,,,,,,,,,7.993848450887392,9.816333353881296,12.113881732124478,12.12573326798105,12.40203828989665,12.825029354371242,12.884721920905882,,9.828822674457433,11.450672892339185,#000000,18.606914332448437,10.03520512150503,-0.12496457391917608,36.952983085272905,-13.224983172443821,True,False,False,True,False,0.0,0.0,0.0,0.0,0.0,1,0.9284319217228136,1.0717768060812207,False,False,False,False,-0.2710464095163014,-0.29965506509067963,False,False,False,False,3297681,2936611.7967792023,False,False,False,False,69880.91404350285,False,False,False,False
2023-09-01 00:00:00+00:00,7.8201,12.39,7.5001,7.71,135183,,,,,,,,,,9.236733333333333,9.744462692542267,12.383193181389807,12.04410263114099,12.701006456245972,,,,,,,,,,,8.78038922313508,9.734516248054698,12.038322729646627,12.055163207307436,12.326315791501173,12.741184338228534,12.799636330613703,,9.744462692542267,11.104420549429738,#000000,17.562555522205034,9.374025374266346,-0.08847945689348319,36.78073894159266,-13.224983172443821,True,False,False,True,False,0.0,0.0,0.0,0.0,0.0,1,0.9338819557484778,0.991157733968369,False,False,False,True,-0.0007752182601243512,-0.15021514167540198,False,False,False,False,3432864,2973371.219240002,False,False,False,False,74718.10559583598,False,False,False,False
2023-09-08 00:00:00+00:00,7.34,8.445,7.31,7.65,23064,,,,,,,,,,9.012516396519366,9.695904332757118,12.354332965977592,12.025869028817151,12.681107575036373,,,,,,,,,,,8.674944561621437,9.6866301460604,12.018963698620821,12.03708106397039,12.307503371928185,12.721160387718948,12.77941678358074,,9.695904332757118,11.049485314130886,#000000,16.448548472926426,9.26749885923958,-0.11718352305750003,36.23720354319128,-11.692006480730832,True,False,False,True,False,0.0,0.0,0.0,0.0,0.0,1,0.9273665741798596,1.0690590827484903,False,False,False,False,-0.34282825441539394,-0.24652169804539797,False,False,False,False,3409800,3005699.2770740762,False,False,False,False,70891.87555169998,False,False,False,False
2023-09-15 00:00:00+00:00,8.61,10.64,7.05,7.65,243338,,,,,,,,,,8.863545240816597,9.50982861901243,12.13538402708565,11.887709499503838,12.523448904729992,,,,,,,,,,,8.721441818171717,9.503743915708304,11.872783663337412,11.899883905123138,12.161891496559148,12.562153330131531,12.618346370523609,,9.50982861901243,10.907966109004821,#000000,15.447895425343102,9.149639898427262,-0.03493290727110661,37.76430269769033,-11.692006480730832,True,False,False,True,True,0.0,0.0,0.0,0.0,0.0,1,0.9266694449405649,1.0277827389811673,False,False,False,False,-0.16943146325098665,-0.2079765806481923,False,False,False,False,3653138,3053657.700994515,False,False,False,False,83665.66254787035,False,False,False,False
2023-09-22 00:00:00+00:00,7.8712,9.54,7.4,8.44,71795,,,,,,,,,,8.773586090526287,9.440687001535103,12.067022386990669,11.84302659343759,12.473502712231927,,,,,,,,,,,8.662757796556315,9.435411778688723,11.82563703000531,11.855509855433729,12.115241289089017,12.51183541541434,12.567456773296097,,9.440687001535103,10.849238253449467,#000000,14.420537011820347,9.078110666826607,-0.08369387810157945,38.13877118493495,-11.692006480730832,True,False,False,True,True,0.0,0.0,0.0,0.0,0.0,1,0.9335008463920943,1.036874449550912,False,False,False,False,-0.2349136047967157,-0.221445092722454,False,False,False,False,3581343,3092745.500920847,False,False,False,False,82786.35421099106,False,False,False,False
2023-09-29 00:00:00+00:00,7.2,7.8559,6.9,7.6,12983,,,,,,,,,,8.734747503613555,9.419493823526999,12.051883112938187,11.832942707653274,12.462578774373904,,,,,,,,,,,8.631860271071805,9.41441428050061,11.814995529586595,11.845501495991064,12.104865715100281,12.500848287962214,12.556370912323645,,9.419493823526999,10.831328321435628,#000000,13.410276873256146,9.050128969678243,-0.13796351761893288,37.787353030312154,-11.692006480730832,True,False,False,True,True,0.0,0.0,0.0,0.0,0.0,1,0.9241430834055523,1.0728904561256711,False,False,False,False,-0.34282825441539394,-0.28213667356892397,False,False,False,False,3568360,3127976.2045563394,False,False,False,False,77615.73538054728,False,False,False,False
2023-10-06 00:00:00+00:00,5.3,7.0001,5.2806,6.9,35821,,,,,,,,,,8.53756035867306,9.32404798106798,11.99789177119085,11.79643881777256,12.424200046559726,,,,,,,,,,,8.466559232576778,9.319732158232005,11.77645461555066,11.809292467769657,12.06781784902717,12.462310023445243,12.517576333125396,,9.32404798106798,10.751999529842044,#000000,12.74785810651637,8.911974932637456,-0.28333975029037306,36.01851465783744,-11.846531126110449,True,False,False,True,False,0.0,0.0,0.0,0.0,0.0,1,0.8798996949020695,1.0786628853547129,False,False,False,False,-0.34282825441539394,-0.31248246399215895,False,False,False,False,3532539,3157943.8190336474,False,False,False,False,74519.8290560623,False,False,False,False
2023-10-13 00:00:00+00:00,5.15,5.6,5.11,5.2564,9538,,,,,,,,,,8.47924600637175,9.295424223433816,11.982345295566816,11.785862195899714,12.413169718756953,,,,,,,,,,,8.41685077324741,9.29132592611464,11.765289585327961,11.79880244778018,12.057122527507115,12.451238848103388,12.50643878023636,,9.295424223433816,10.728543870000635,#000000,12.02829186862574,8.870711732291904,-0.30933001733994364,34.6464723769787,-13.134651548086701,True,False,False,True,False,0.0,0.0,0.0,0.0,0.0,1,0.8911535686099884,1.0990937084401011,False,False,False,False,-0.34282825441539394,-0.3276553592037764,False,False,False,False,3523001,3184985.0916978214,False,False,False,False,69706.36023709473,False,False,False,False
2023-10-20 00:00:00+00:00,2.79,5.596,2.6105,5.4,361892,,,,,,,,,,6.529795606380383,8.102012605021672,11.310414648400249,11.314343794210458,11.928654097925047,,,,,,,,,,3.6655000000000006,6.647926428070277,8.104935200709368,11.268968407537573,11.331047189992796,11.583299068486824,11.965362830412543,12.018292270135714,,8.102012605021672,8.98582429488096,"rgba(239, 83, 80, 0.5)",11.526399632481034,6.236308659868083,-0.2989926403520222,32.1628731982115,-15.452846162229015,False,False,False,True,False,0.0,0.0,0.0,0.0,0.0,0,0.8630860256969396,1.0702208053354534,False,False,False,False,-0.34282825441539394,-0.33524180680958515,False,False,False,False,3161109,3183216.4923127973,False,False,False,False,91349.7409602729,False,False,False,False
2023-10-27 00:00:00+00:00,2.77,2.9,2.7,2.9,44225,,,,,,,,,,6.35344075155757,7.967881748191405,11.227113958008552,11.25428146072312,11.86721330582291,,,,,,,,,,3.570160510394788,6.480041290856475,7.971405494634926,11.205948033887621,11.271438424476061,11.523039653691884,11.903769445725386,11.956442020027772,,7.967881748191405,8.88247513264224,"rgba(239, 83, 80, 0.5)",11.102885450516842,6.09288107525006,-0.29928085722035247,30.37754038614626,-17.05116010133662,False,False,False,True,False,0.0,0.0,0.0,0.0,0.0,0,0.8832996504151569,1.1225799122251057,False,False,False,False,-0.34282825441539394,-0.3390350306124895,False,False,False,False,3116884,3178302.974363701,False,False,False,False,87859.01940766009,False,False,False,False
2023-11-03 00:00:00+00:00,2.77,2.9499,2.7115,2.7801,41686,,,,,,,,,,6.202661120917451,7.847984671062685,11.150260122223532,11.198572185056033,11.810180381044272,,,,,,,,,,3.499440578706857,6.335451399411004,7.8520159438643145,11.147539816564565,11.216142385772095,11.467122430555406,11.846593216491614,11.899025413512659,,7.847984671062685,8.791719065413394,"rgba(239, 83, 80, 0.5)",10.658335689868716,5.971384442524499,-0.3003643848042407,29.10230266324252,-18.15364849154396,False,False,False,True,False,0.0,0.0,0.0,0.0,0.0,0,0.8610894041325237,1.2135850275690756,False,False,False,False,-0.34023834604803926,-0.3396366883302644,False,False,False,False,3116884,3173753.4207071303,False,False,False,False,84438.79574783341,False,False,False,False
2023-11-10 00:00:00+00:00,2.78,2.9,2.62,2.8,19995,,,,,,,,,,6.133925418667627,7.791948542715841,11.113701499159149,11.171972681775003,11.782946346483683,,,,,,,,,,3.46811976422872,6.269253785109789,7.7962078537925095,11.119665645446052,11.189738038259394,11.440420819869251,11.819290897531777,11.871608670438118,,7.791948542715841,8.749495404902332,"rgba(239, 83, 80, 0.5)",10.044084619321534,5.915811877680494,-0.3122048445956158,28.20997133486613,-18.907795005760548,False,False,False,True,False,0.0,0.0,0.0,0.0,0.0,0,0.8287574873851669,1.2037230003807822,False,False,False,False,-0.34282825441539394,-0.3412324713728292,False,False,False,False,3136879,3171021.9821362314,False,False,False,False,79665.1812479939,False,False,False,False
2023-11-17 00:00:00+00:00,2.75,2.8116,2.75,2.75,40347,,,,,,,,,,6.003425286951761,7.682641164458208,11.040927595153391,11.118830967600978,11.72851179654579,,,,,,,,,,3.4127310076192163,6.143023792891406,7.687327814681907,11.064006188868357,11.136981457544467,11.387060605817693,11.76471902074664,11.816807167605942,,7.682641164458208,8.667695588158738,"rgba(239, 83, 80, 0.5)",9.527156953880587,5.810455312980148,-0.32123490016962175,27.551739172574216,-19.469267249263726,False,True,False,True,False,0.0,0.0,0.0,0.0,0.0,0,0.8242247734081369,1.2083739486685716,False,False,False,False,-0.3410810093244312,-0.3411567403486302,False,False,False,False,3096532,3165504.2056816956,False,False,False,False,76752.72337777213,False,False,False,False
2023-11-24 00:00:00+00:00,2.33,2.76,2.16,2.72,12206,,,,,,,,,,5.961812228048814,7.6481892337903234,11.01822977380031,11.102210585624952,11.711527851496825,,,,,,,,,,3.389366084047114,6.102790520961871,7.653008075283221,11.046601460493582,11.12048170838283,11.370389290902715,11.747694631301918,11.799714658735617,,7.6481892337903234,8.641307896133574,"rgba(239, 83, 80, 0.5)",9.27977058597785,5.775539516712031,-0.3712957647809091,26.782274910553646,-20.169116396291205,False,True,False,True,False,0.0,0.0,0.0,0.0,0.0,0,0.7922197315064353,1.251230385613178,False,False,False,False,-0.34282825441539394,-0.3419924973820121,False,False,False,False,3084326,3159491.005260829,False,False,False,False,71971.48460904826,False,False,False,False
2023-12-01 00:00:00+00:00,2.9492,3.4,2.25,2.36,898283,,,,,,,,,,4.536146256068123,6.094119713366298,9.695514176535125,10.087264992492951,10.664769455112008,,,,,,,,,,3.058222503055756,4.669819413906233,6.102339239818977,9.991243303358347,10.111609941105504,10.347220284248698,10.698047429192474,10.745374006671875,,6.094119713366298,7.469349982395601,"rgba(239, 83, 80, 0.5)",9.152785881263933,4.589576971599103,-0.17922160453431024,27.521607045244664,-20.169116396291205,False,True,False,True,False,0.0,0.0,0.0,0.0,0.0,0,0.7919677848488118,1.214049442449831,False,False,False,False,-0.3112182775028678,-0.32660538744243994,False,False,False,False,3982609,3220462.7085748417,False,False,False,False,133179.745008378,False,False,False,False
2023-12-08 00:00:00+00:00,2.4,3.55,2.32,3.28,743214,,,,,,,,,2.7566666666666664,4.045149495799254,5.386873519298346,8.874234847656005,9.408983398096353,9.95951282358391,,,,,,,,,,2.954551699471933,4.156875373502616,5.395136385302464,9.293487939491797,9.43613420998304,9.660016913559705,9.990676999971118,10.034681169633156,,5.386873519298346,6.170809353526847,"rgba(239, 83, 80, 0.5)",8.853679411600554,3.478310808860117,-0.12179239373036908,27.59677750073344,-20.169116396291205,False,True,False,True,False,0.0,0.0,0.0,0.0,0.0,0,0.7891696452978888,1.2013296816088217,False,False,False,False,-0.29838442000774995,-0.3124949037250949,False,False,False,False,3239395,3221865.1005322607,False,False,False,False,178367.46760035,False,False,False,False
2023-12-15 00:00:00+00:00,2.03,2.35,1.8,2.35,314658,,,,,,,,,2.549447135381218,3.837504606499241,5.1129669470899834,8.549064785016153,9.13194843015831,9.672101203599212,,,,,,,,,2.06,2.8408924357138647,3.9431172623806963,5.121184108058052,9.009708110479155,9.160065201493046,9.379463240650983,9.702466805612007,9.74522236723761,,5.1129669470899834,5.215583382077667,"rgba(239, 83, 80, 0.5)",8.500863070150794,2.821961044398581,-0.09316242808090933,27.352781271906103,-20.169116396291205,False,True,False,True,False,0.0,0.0,0.0,0.0,0.0,0,0.7903407726128684,1.206907355383121,False,False,False,False,-0.34282825441539394,-0.3276615790702444,False,False,False,False,2924737,3199855.611603945,False,False,False,False,188463.06259291669,False,False,False,False
2023-12-22 00:00:00+00:00,2.35,2.44,2.05,2.23,251407,,,,,,,,,2.4977080515306516,3.7173784081346533,4.938111961273493,8.318822896738302,8.931606228150802,9.46328429738637,,,,,,,,,2.157708814358775,2.7892000670109347,3.8178593446746274,4.9462022609517335,8.805174593876618,8.960298409261691,9.176067664922602,9.493028876682297,9.534825631007765,,4.938111961273493,5.091977262670059,"rgba(239, 83, 80, 0.5)",8.154740489197453,2.7904988352587536,-0.05401751727627389,27.881383816859636,-20.169116396291205,False,True,False,True,False,0.0,0.0,0.0,0.0,0.0,0,0.7878037373243479,1.2140457917897916,False,False,False,False,-0.32717895877933034,-0.32742026892478737,False,False,False,False,3176144,3198099.1959295785,False,False,False,False,193125.57647492285,False,False,False,False
2023-12-29 00:00:00+00:00,2.54,2.8799,2.3701,2.46,184522,,,,,,,,,2.509931929799663,3.657335857240732,4.836639084943526,8.168626220114328,8.798514743984814,9.323808414470491,,,,,,,,,2.2656208629601453,2.777001804011649,3.7538902255604234,4.84459004751533,8.669704011827596,8.82751353476946,9.040568783696306,9.353103785915536,9.394214624263874,,4.836639084943526,5.028185478795821,"rgba(239, 83, 80, 0.5)",7.509020497299167,2.8024726135030473,-0.034954307768563564,28.682050573294056,-20.169116396291205,False,True,False,True,True,0.0,0.0,0.0,0.0,0.0,0,0.8011239471354328,1.1896373251021102,False,False,False,False,-0.29273815533728653,-0.31007921213103695,False,False,False,False,3360666,3210141.1814162764,False,False,False,False,192488.27451381745,False,False,False,False
2024-01-05 00:00:00+00:00,2.9,3.28,2.44,2.6,499318,,,,,,,,,2.6009715827303834,3.5580664128465376,4.630564717329873,7.817455064744442,8.479783368168574,8.98773123653324,,,,,,,,,2.508392733847772,2.7911001477539554,3.644569471422387,4.638065468211489,8.34653600748847,8.509284460498579,8.715019571273729,9.015854333687942,9.055196047088486,,4.630564717329873,4.901550497454388,#000000,6.606304048013911,2.864632719294662,0.005353565389708436,30.060647799987812,-22.88837966532649,False,False,False,True,True,0.0,0.0,0.0,0.0,0.0,0,0.8140003711388902,1.2200010121969735,False,False,False,False,-0.27129582368853417,-0.29068751790978553,False,False,False,False,3859984,3258277.686496552,False,False,False,False,215216.40232760875,False,False,False,False
2024-01-12 00:00:00+00:00,2.62,3.1,2.44,2.8,182624,,,,,,,,,2.6109623976728864,3.5209730128627545,4.5599300384381385,7.696741910573766,8.368649000342424,8.870527803062132,,,,,,,,,2.535369196714342,2.787487673774899,3.6044107533277785,4.567280344025659,8.23409440376219,8.398286296467814,8.601468169600642,8.898246170012783,8.93697976808656,,4.5599300384381385,4.848589873149484,"rgba(239, 83, 80, 0.5)",5.758434184728522,2.8636980702562203,-0.0423201971991817,30.73106911830921,-22.206495127050893,False,False,False,True,True,0.0,0.0,0.0,0.0,0.0,0,0.793959662067736,1.2111990384228295,False,False,False,False,-0.27871540887691243,-0.284701463393349,False,False,False,False,3677360,3289320.8208301407,False,False,False,False,212802.15030334145,False,False,False,False
2024-01-19 00:00:00+00:00,2.11,2.78,2.11,2.5301,67384,,,,,,,,,2.602622363037551,3.50188913624625,4.52996516610959,7.6502836727641235,8.325985133541923,8.825732331992866,,,,,,,,,2.526292680531026,2.7791302916092375,3.5843611313505375,4.537269615174848,8.190902505508925,8.355681772037464,8.557965637778342,8.853306740088614,8.89182329428088,,4.52996516610959,4.822870169587401,"rgba(239, 83, 80, 0.5)",5.518801026240884,2.8524836178560165,-0.13453712397414647,30.65244619892618,-22.206495127050893,False,False,False,True,True,0.0,0.0,0.0,0.0,0.0,0,0.7873933804023998,1.208566298004326,False,False,False,False,-0.30838918788983644,-0.29654532564159275,False,False,False,False,3609976,3313073.0563242044,False,False,False,False,202030.4354660569,False,False,False,False
2024-01-26 00:00:00+00:00,1.93,2.2781,1.48,2.225,155397,,,,,,,,,2.556843452570553,3.4445076554499856,4.450680776761666,7.537588189931596,8.222844232415522,8.717928649384312,,,,,,,,1.8960333333333332,2.4671252667073436,2.7431792992675,3.5251014553149473,4.457901459478183,8.086407151939701,8.252703918884873,8.453019534976127,8.745182991705681,8.783214853050596,,4.450680776761666,4.116536804075482,"rgba(239, 83, 80, 0.5)",5.243933140889605,2.4157953379696826,-0.09263949881086204,30.402573321460785,-22.206495127050893,False,False,False,True,True,0.0,0.0,0.0,0.0,0.0,0,0.7954337710436715,1.2012797037098393,False,False,False,False,-0.34282825441539394,-0.3196867900284933,False,False,False,False,3454579,3323554.978077967,False,False,False,False,198576.10691301562,False,False,False,False
2024-02-02 00:00:00+00:00,1.78,2.15,1.64,1.81,66699,,,,,,,,,2.5378994903233223,3.420522713472759,4.417593801349551,7.490231888567386,8.179313216683408,8.672418351526773,,,,,,,,1.8842108903357107,2.443480222945021,2.7279548700256817,3.5003389587460583,4.4247784604497795,8.042334059163512,8.209236774461685,8.408717867271317,8.699537586916493,8.737365201276042,,4.417593801349551,4.088934535537878,"rgba(239, 83, 80, 0.5)",5.012739624725335,2.3983863684074342,-0.12336295413335331,30.058280185315425,-22.206495127050893,False,True,False,True,True,0.0,0.0,0.0,0.0,0.0,0,0.7936641791738879,1.235460258504962,False,False,False,False,-0.3413643577740899,-0.3305255739012916,False,False,False,False,3387880,3328319.7945166365,False,False,False,False,188807.4323268663,False,False,False,False
2024-02-09 00:00:00+00:00,1.75,1.9699,1.6201,1.71,186598,,,,,,,,,2.484569145215055,3.354006745640885,4.3267169896297055,7.360098566135159,8.059194237577175,8.546850086773885,,,,,,,,1.8366311761366694,2.3786140233339466,2.6844986758564664,3.431755616487797,4.333802819995097,7.920795010051643,8.089281949033515,8.286467790268928,8.573598964347175,8.610867479601561,,4.3267169896297055,4.011148876848242,"rgba(239, 83, 80, 0.5)",4.69411499528006,2.3460782551355344,-0.12698416117519318,29.77766262587521,-22.206495127050893,False,True,False,True,True,0.0,0.0,0.0,0.0,0.0,0,0.7946637294711404,1.2457643558171267,False,False,False,False,-0.34282825441539394,-0.3366769141583428,False,False,False,False,3201282,3318909.587515404,False,False,False,False,188643.77067302435,False,False,False,False
2024-02-16 00:00:00+00:00,2.05,2.0836,1.69,1.75,32009,,,,,,,,,2.4780885920618414,3.344248282963466,4.312700684453788,7.3389969151541905,8.039558089021488,8.526270634002568,,,,,,,,1.8442261856624529,2.371399208309801,2.678699174065472,3.421631478539812,4.319767689357259,7.900953577357676,8.069667536072991,8.266457061359954,8.55295639121774,8.590130056468173,,4.312700684453788,4.001071178792577,"rgba(239, 83, 80, 0.5)",4.286113725893364,2.3431032900248923,-0.06838439406173252,30.441650400717155,-22.136653009413422,False,True,False,True,True,0.0,0.0,0.0,0.0,0.0,0,0.8063143938347651,1.2227405187415408,False,False,False,False,-0.33450839621969014,-0.3355926551890165,False,False,False,False,3233291,3312567.4699216704,False,False,False,False,177041.19506761516,False,False,False,False
2024-02-23 00:00:00+00:00,1.82,2.25,1.8,2.02,47743,,,,,,,,,2.4689750713965903,3.3300987071995323,4.292232433622258,7.307915686827101,8.010576593061518,8.495884067358446,,,,,,,,1.855216644965189,2.36144095844865,2.6703930828269526,3.406938934211081,4.299271062184551,7.871678739974187,8.040716372765205,8.236915909073675,8.522476103556263,8.559509072843964,,4.292232433622258,3.9864161321656093,"rgba(239, 83, 80, 0.5)",3.914821697357661,2.3390064394093457,-0.13257473252476684,30.605417061929764,-21.886199951054394,False,True,False,True,True,0.0,0.0,0.0,0.0,0.0,0,0.7805349489541655,1.228698865173499,False,False,False,False,-0.32206659171329555,-0.328829623451156,False,False,False,False,3185548,3303158.620297843,False,False,False,False,167463.55098853254,False,False,False,False
2024-03-01 00:00:00+00:00,1.72,1.9774,1.55,1.62,59377,,,,,,,,,2.45366055738488,3.310299735986948,4.265049031798063,7.268278013218731,7.973693448033279,8.457295863434277,,,,,,,,1.843718572057033,2.343686233300256,2.657398535112575,3.3865155163482603,4.27205579744581,7.8344066826169465,8.00387553293065,8.199358474555341,8.483773313938352,8.520633905961722,,4.265049031798063,3.96350686752695,"rgba(239, 83, 80, 1.0)",3.798731328859555,2.3246159744636863,-0.15916260512301156,30.584812321460987,-21.80263072462445,False,True,False,True,True,0.0,0.0,0.0,0.0,0.0,0,0.7352760697252211,1.4277335071244481,False,False,False,False,-0.34282825441539394,-0.335828938933275,False,False,False,False,3126171,3290048.4262017063,False,False,False,False,159457.1398041968,False,False,False,False
2024-03-08 00:00:00+00:00,1.3702,1.7128,1.3,1.65,63351,,,,,,,,,2.4316285295886213,3.2859161041117675,4.233430880621022,7.224430519720178,7.933018363786653,8.41486116316887,,,,,,,,1.8040480293664325,2.3171979570871937,2.6396606000403313,3.361534744243517,4.240408507023335,7.793277835474775,7.963252844147868,8.157995206618471,8.441219010325653,8.477899108638384,,4.233430880621022,3.9331533707277173,"rgba(239, 83, 80, 1.0)",3.85521149445781,2.298133779020645,-0.2406959463455189,30.090380675968092,-21.80263072462445,False,True,False,True,True,0.0,0.0,0.0,0.0,0.0,0,0.7240878205883508,1.2801539609598993,False,False,False,False,-0.34282825441539394,-0.33932859667433446,False,False,False,False,3062820,3273216.690927506,False,False,False,False,152338.1664853674,False,False,False,False
2024-03-15 00:00:00+00:00,1.36,1.51,1.3,1.47,69384,,,,,,,,,2.406908919269118,3.258926950149441,4.198743712902836,7.176578544855144,7.888566370284657,8.368503542860275,,,,,,,,1.761835156298214,2.2876939173386543,2.6196928245099755,3.333913600888552,4.205690258831714,7.7483387299300075,7.918856928516885,8.11279747707841,8.394731935820188,8.431216723334735,,4.198743712902836,3.899832261497365,"rgba(239, 83, 80, 1.0)",3.874213829365678,2.2690327043539904,-0.23463668872991078,29.723076260253393,-21.80263072462445,False,True,False,True,True,0.0,0.0,0.0,0.0,0.0,0,0.6896579967135741,1.4513716476664842,False,False,False,False,-0.34282825441539394,-0.3410784255448642,False,False,False,False,2993436,3252492.1953032464,False,False,False,False,146193.41341237724,False,False,False,False
2024-03-22 00:00:00+00:00,1.43,1.488,1.365,1.488,10488,,,,,,,,,2.4034086850479954,3.254994890814106,4.193643268571873,7.169460146194888,7.8819381996450435,8.361586896440537,,,,,,,,1.7567634836175883,2.283577014281569,2.6168206617094056,3.3298852158486296,4.200584960608284,7.741640528509345,7.912236635599669,8.106055897754162,8.387795782989594,8.424251180911723,,4.193643268571873,3.895077885520368,"rgba(239, 83, 80, 1.0)",3.9035770016153344,2.2651424611641398,-0.21394286850715397,29.71403975362366,-21.80263072462445,False,True,False,True,True,0.0,0.0,0.0,0.0,0.0,0,0.6374743906545149,1.4413938332125389,False,False,False,False,-0.340164549140638,-0.3406214873427511,False,False,False,False,3003924,3234079.736391895,False,False,False,False,136141.16056701596,False,False,False,False
2024-03-29 00:00:00+00:00,1.32,1.395,1.22,1.33,8824,,,,,,,,,2.400135310467526,3.251490559888077,4.189187212317953,7.163364056687035,7.8762721270857705,8.35568112280607,,,,,,,,1.751151678121175,2.279678385686224,2.6141802093528774,3.3263032507238344,4.1961250896736475,7.735912701005246,7.906577701602149,8.100296107571015,8.381873710388879,8.418304512679114,,4.189187212317953,3.8907528453923597,"rgba(239, 83, 80, 1.0)",3.9476845469382127,2.2612863959069505,-0.23844012476554222,29.533363265659755,-21.80263072462445,False,True,False,True,True,0.0,0.0,0.0,0.0,0.0,0,0.6410149328528728,1.365338837946032,False,False,False,False,-0.34282825441539394,-0.34172487087907255,False,False,False,False,2995100,3216377.5336961993,False,False,False,False,126710.25978427405,False,False,False,False
2024-04-05 00:00:00+00:00,1.31,1.44,1.21,1.305,31161,,,,,,,,,2.3888184616620896,3.239268607155955,4.173606040496026,7.141968037311013,7.856366260910473,8.33492903660971,,,,,,,,1.7327733638746738,2.266273953223388,2.6049997269845693,3.3138069304365865,4.180530301816491,7.715793023699392,7.88669634520397,8.080058806097963,8.36106418531183,8.397408356227695,,4.173606040496026,3.8757838446660187,"rgba(239, 83, 80, 1.0)",3.965450899639293,2.24821637643618,-0.23659765312477393,29.3877206613709,-21.80263072462445,False,True,False,True,True,0.0,0.0,0.0,0.0,0.0,0,0.7208189858216728,1.35978583228837,False,False,False,False,-0.33962927500719087,-0.3406770729431317,False,False,False,False,2963939,3197678.383052036,False,False,False,False,119632.53683729078,False,False,False,False
2024-04-12 00:00:00+00:00,1.21,1.32,1.2,1.28,11824,,,,,,,,,2.3842825280371183,3.234487747604263,4.167580329235269,7.13378392482408,7.848756381392095,8.327000978473642,,,,,,,,1.7249829620854678,2.2608809523023923,2.60134439279913,3.308925095414811,4.17449963695008,7.708100506285126,7.879096056769425,8.072324639278456,8.353114471604902,8.389425956706894,,4.167580329235269,3.869886807553774,"rgba(239, 83, 80, 1.0)",4.008682129197273,2.2428727088060274,-0.25765892019302045,29.11003130753432,-21.80263072462445,False,True,False,True,False,0.0,0.0,0.0,0.0,0.0,0,0.7247165409493751,1.2817722397175952,False,False,False,False,-0.34282825441539394,-0.3417526636792628,False,False,False,False,2952115,3179488.5028259596,False,False,False,False,111646.71929378777,True,False,False,False
2024-04-19 00:00:00+00:00,1.2611,1.73,1.2,1.23,122053,,,,,,,,,2.3455131042818578,3.1901521429376785,4.10999290720851,7.052782204352376,7.773019313651274,8.247941302684863,,,,,,,,1.6787037785907095,2.2162961006632913,2.5688724409641317,3.2634977709309165,4.116855301310677,7.631613026415469,7.803440528703858,7.9952737654817785,8.273831441700215,8.30980702479564,,4.10999290720851,3.8174278777655615,"rgba(239, 83, 80, 1.0)",4.027113383605662,2.2023463561249974,-0.2337273045146436,29.143525700473283,-21.80263072462445,False,True,False,True,False,0.0,0.0,0.0,0.0,0.0,0,0.873615964986772,1.3044632067152235,False,False,False,False,-0.2545851274421756,-0.29816889556071924,False,False,False,False,3074168,3171686.984098111,False,False,False,False,112417.55490165534,False,False,False,False
2024-04-26 00:00:00+00:00,1.63,2.08,1.13,1.24,4058871,,,,,,,,,1.9308539418637085,2.488175591363577,3.089577370684859,5.314763013848956,6.043545226558138,6.423162389308182,,,,,,,1.6133333333333333,1.624816265663697,1.8353083306401776,2.117134987836137,2.53513462824738,3.094546369548543,5.902801105615164,6.072626941311893,6.225054165096292,6.443179782049178,6.470573393813713,,3.089577370684859,2.5643643833030367,"rgba(239, 83, 80, 0.5)",4.05086692744594,1.7510779678752293,-0.029889396527663453,30.79747680366343,-20.92106126729023,False,True,False,True,True,0.0,0.0,0.0,0.0,0.0,0,0.8686368952357503,1.0525283146620708,False,False,False,False,-0.19655232119345317,-0.2473606083770862,False,False,False,False,7133039,3465120.4667575103,False,False,False,False,404747.4397237549,False,False,False,False
2024-05-03 00:00:00+00:00,1.465,1.6499,1.2701,1.5,361291,,,,,,,,,1.9083368451613754,2.4490484760842013,3.03243201506531,5.208206043396736,5.9318253815533994,6.304597753571929,,,,,,,1.6009365474990886,1.6136632474877344,1.8154124266388478,2.090665860921407,2.4945533870601797,3.037275847017336,5.792073483512276,5.960652564937504,6.110278562260428,6.324215958101497,6.351038233136179,,3.03243201506531,2.5250530696332216,"rgba(239, 83, 80, 0.5)",4.073610502052677,1.7345872666967614,-0.06617895023614,31.60764837455427,-20.12055610974635,False,False,False,True,True,0.0,0.0,0.0,0.0,0.0,0,0.8798389429297775,1.0884976633024313,False,False,False,False,-0.25668685509849715,-0.2520237317377917,False,False,False,False,6771748,3710055.839590288,False,False,False,False,401528.44418866193,False,False,False,False
2024-05-10 00:00:00+00:00,2.44,2.9,1.31,1.44,28041412,,,,,,,,2.216666666666667,2.1514096199201966,2.275372566227074,2.4356911569651376,3.167442234220401,3.501090020527194,3.648642028625255,,,,,,,2.1328251722585403,2.1210395530517343,2.138493109016882,2.186189200763064,2.287301572152132,2.4371302767691843,3.4348191486417594,3.514489474081615,3.5732550360165236,3.656136109289381,3.6661879849682264,,2.4356911569651376,2.2382118893790612,#000000,4.05702268033347,2.1522561252484556,0.07092488689954601,35.80048306131163,-16.1374147225726,True,False,False,True,True,0.0,0.0,0.0,0.0,0.0,0,0.8998283523207043,0.9904970861422185,False,False,False,False,0.002955212605545638,-0.12453425956612303,False,False,False,False,34813160,6013989.481102118,False,False,False,False,2448927.226100613,False,False,False,False
2024-05-17 00:00:00+00:00,2.25,2.6,1.87,2.39,253577,,,,,,,,2.2168757777805346,2.1520367133007103,2.2751351071816353,2.434405164864664,3.1617560100202313,3.4936725741849193,3.6404142279757017,,,,,,,2.13365589045679,2.1219378728925604,2.139226855694184,2.1865555948071282,2.2869846906399127,2.4358351245816237,3.4277378719389047,3.507003659681925,3.565445170014904,3.647866452596051,3.657861640076778,,2.434405164864664,2.238264879219974,#000000,4.080442390938415,2.1529240992060172,0.02379053335235481,38.2892663890896,-13.915003512653001,True,False,False,True,True,0.0,0.0,0.0,0.0,0.0,0,0.9327031210721989,1.0049151264173162,False,False,False,False,0.05423218703911411,-0.035151036263504465,False,False,False,False,34559583,8128477.889909369,False,False,False,False,2286308.6908339006,False,False,False,False
2024-05-24 00:00:00+00:00,1.85,2.57,1.85,2.35,201770,,,,,,,,2.2159774396332814,2.151689255620465,2.2741514494153465,2.4326136578787203,3.1565528614133527,3.4871338491707005,3.633241838871263,,,,,,,2.133388294073232,2.1217471163585215,2.138945336072125,2.186035291535881,2.285940230966499,2.434036589802471,3.4214589669412807,3.500411988612939,3.558600056967771,3.6406612507299347,3.650611952585447,,2.4326136578787203,2.2374524661356543,#000000,4.08625796540322,2.15251454653429,-0.07403217053244422,39.05633091770733,-13.359387260964645,True,False,False,True,True,0.0,0.0,0.0,0.0,0.0,0,0.9706430568499534,1.0034587768924828,False,False,False,False,0.044357405221586696,0.0046031844790411156,False,False,False,False,34357813,10071391.601767935,False,False,False,False,2131898.4174387967,False,False,False,False
2024-05-31 00:00:00+00:00,1.65,1.95,1.56,1.8788,37963,,,,,,,,2.215317584193274,2.1512348215461983,2.2735980308668484,2.431916899686458,3.1552418715634585,3.4855863865706804,3.6315779969939905,,,,,,,2.1329120836332893,2.1212961518529347,2.1384950372433744,2.185563270065144,2.2853762029750992,2.433338599488377,3.4199577103116083,3.498855058746633,3.5569965537994266,3.638991341467041,3.648933794752684,,2.431916899686458,2.2369048681551,#000000,4.095075227878412,2.1520052142307184,-0.12258754389007863,39.126197348499375,-13.359387260964645,True,False,False,True,True,0.0,0.0,0.0,0.0,0.0,0,0.9428526035118744,1.0906773689954825,False,False,False,False,-0.13578361632038302,-0.06559021592067095,False,False,False,False,34319850,11867573.70534068,False,False,False,False,1976792.0902211082,False,False,False,False
2024-06-07 00:00:00+00:00,1.69,2.2999,1.57,1.65,347373,,,,,,,,2.2109634978891477,2.1483923693965434,2.2697920422955318,2.4267860846266722,3.1444600206509747,3.4726111123117374,3.6175390303695245,,,,,,,2.129995473857323,2.118571470795621,2.1357174322017634,2.1825121845304305,2.28147154118673,2.428196339778746,3.407410393675302,3.4857922907614562,3.543508220245899,3.62489707145584,3.634764426010182,,2.4267860846266722,2.233239843655851,#000000,4.121390859148804,2.1488119686859637,-0.11132454658297629,39.32653565797063,-13.286332219562219,True,False,False,True,True,0.0,0.0,0.0,0.0,0.0,1,0.9365148642363968,1.0796193610703682,False,False,False,False,-0.051628966743836775,-0.058609591332253866,False,False,False,False,34667223,13556436.616056185,False,False,False,False,1856094.3798343593,False,False,False,False
2024-06-14 00:00:00+00:00,1.6,1.69,1.51,1.63,62118,,,,,,,,2.2096522917229313,2.147458374708444,2.268709190996296,2.42547713871184,3.142176225552666,3.4699530063760538,3.614694790923365,,,,,,,2.1290087250018424,2.117630387027583,2.1347860455718064,2.181557222933736,2.2803720520436794,2.426885456962857,3.404825555410973,3.4831191489439073,3.5407605828394364,3.622043110613196,3.6318972399435947,,2.42547713871184,2.2321536885681015,#000000,4.138501240374107,2.1477693623310405,-0.13235935680945304,39.23655593245134,-13.286332219562219,True,False,False,True,True,0.0,0.0,0.0,0.0,0.0,0,0.9721683325342086,1.0422454173274813,False,False,False,False,-0.19207782808280063,-0.12534370970752726,False,False,False,False,34605105,15115597.23708906,False,False,False,False,1723207.2405873695,False,False,False,False
2024-06-21 00:00:00+00:00,1.63,1.69,1.52,1.58,62277,,,,,,,,2.2083719935630497,2.146547905564375,2.2676486532105473,2.4241901257471334,3.139913091993901,3.46731460872377,3.6118701283356005,,,,,,,2.1280479731931674,2.116714531708871,2.1338787202275804,2.1806248334025895,2.27929483661418,2.4255965025902135,3.4022606018770043,3.480465683313294,3.53803257174576,3.6192087230931675,3.629049624325038,,2.4241901257471334,2.231091607582171,#000000,4.150585698759561,2.146753304673167,-0.12450129745004505,39.29882948065619,-13.286332219562219,True,False,False,True,True,0.0,0.0,0.0,0.0,0.0,0,0.9551458716629746,1.0512672248714001,False,False,False,False,-0.1899391591391797,-0.1576414344233535,False,False,False,False,34667382,16563877.589897279,False,False,False,False,1600175.370914231,False,False,False,False
2024-06-28 00:00:00+00:00,1.6,1.66,1.49,1.6,25196,,,,,,,,2.207829535433572,2.1461597545858306,2.2672009278978162,2.423651362969223,3.138981420942192,3.466232058183149,3.6107124712474246,,,,,,,2.1276376930177374,2.1163229133206336,2.133491427328618,2.1802285736793428,2.27884041707647,2.4250569601709318,3.4012075922756146,3.479377069419246,3.5369138981704227,3.6180471426745524,3.6278827062109644,,2.423651362969223,2.230641956548017,#000000,4.111402113026607,2.14632039227514,-0.13287933830266155,39.256276204958546,-13.286332219562219,True,False,False,True,True,0.0,0.0,0.0,0.0,0.0,0,0.928430298072025,1.0905098559807358,False,False,False,False,-0.20279766752825484,-0.18021955097580417,False,False,False,False,34642186,17903011.546201184,False,False,False,False,1483510.2323279916,False,False,False,False
2024-07-05 00:00:00+00:00,1.41,1.6899,1.41,1.65,20119,,,,,,,,2.207341633572624,2.1458061817401397,2.2668020496219285,2.423180730529209,3.1382000500640195,3.465331830344711,3.6097525767044583,,,,,,,2.1272624222711505,2.1159637248973104,2.133137633865699,2.1798701627623336,2.278436283778038,2.4245857149997674,3.4003306598309857,3.4784720540252008,3.535984999568974,3.6170841266518874,3.6269154408326716,,2.423180730529209,2.2302386538038204,#000000,4.100200170399243,2.145926353651696,-0.17948546974964832,38.6690247218154,-13.286332219562219,True,False,False,True,True,0.0,0.0,0.0,0.0,0.0,1,0.9131045053039165,1.1244625499132819,False,False,False,False,-0.2061379013678011,-0.19317872617180265,False,False,False,False,34622067,19141460.098334428,False,False,False,False,1375110.8817851776,False,False,False,False
2024-07-12 00:00:00+00:00,1.52,1.57,1.32,1.46,43701,,,,,,,,2.206234157843254,2.1449997803244165,2.26589934331429,2.4221231673631283,3.136470866057258,3.463346124695176,3.607637661041832,,,,,,,2.126405419357896,2.115142643227773,2.132329958760224,2.1790547019250335,2.2775222553901293,2.4235268309908045,3.3983952536957807,3.4764760057400075,3.5339372290943976,3.614962447330206,3.6247845517775117,,2.4221231673631283,2.229323825849695,#000000,4.06440206372946,2.1450280447972867,-0.1537810568435167,38.78703654445927,-13.286332219562219,True,False,False,True,True,0.0,0.0,0.0,0.0,0.0,1,0.9026237850915614,1.123705835731865,False,False,False,False,-0.23098416980215344,-0.21208144798697803,False,False,False,False,34665768,20291408.83179114,False,False,False,False,1276487.927578868,False,False,False,False
2024-07-19 00:00:00+00:00,1.1389,1.57,1.08,1.5529,144891,,,,,,,,2.2015601115208296,2.141524024360754,2.2621462477770358,2.417874736909924,3.130054224201788,3.45610982148079,3.599979216444689,,,,,,,2.1226887697230463,2.111566366347292,2.1288334538863065,2.175578856243943,2.2737333406173303,2.419274208303517,3.391320127451998,3.4692064479127986,3.5264986363763686,3.60728181966869,3.6170736716127863,,2.417874736909924,2.2254780115689976,#000000,4.030467269246819,2.1411621753693684,-0.24867145877025393,37.753944225021385,-13.286332219562219,True,False,False,True,False,0.0,0.0,0.0,0.0,0.0,1,0.9087621225596071,1.0984881209503239,False,False,False,False,-0.29420447614382383,-0.25314296206540093,False,False,False,False,34520877,21345443.510917723,False,False,False,False,1192665.9329433965,False,False,False,False
2024-07-26 00:00:00+00:00,3.76,5.27,1.01,1.07,150644700,,,,,,,,3.160529121988539,3.1102298612443504,3.124916125456848,3.153596659780512,3.2991738068091196,3.3714317298519894,3.404289734105543,,,,,,3.3466666666666662,3.1231256758218704,3.116378951581511,3.1116375486257177,3.109839146563004,3.12693193997977,3.1538533753357685,3.356712935106984,3.3744245485513167,3.3874857565564565,3.4059613036013583,3.4082003573477726,,3.153596659780512,3.1483851697708785,#000000,3.9624902322784785,3.186675104014647,0.14468802757292462,44.87746650714879,-7.834887673771149,True,False,False,True,True,0.0,0.0,0.0,0.0,0.0,0,0.9661261166854418,0.800954913415944,False,False,False,False,0.3428282150187149,0.04484262647665699,False,False,False,False,185165577,33480268.21381271,False,False,False,False,12263186.974947589,False,False,False,False
2024-08-02 00:00:00+00:00,3.68,8.0,3.5,3.84,44348969,,,,,,,5.06,3.5362060946628566,3.483328977215616,3.4921148463976035,3.5140980071815586,3.6282567138894724,3.684695983570106,3.7110714059798786,,,,,,3.7363437637557344,3.4987950002477097,3.491936262951222,3.4856667307680183,3.480742699756261,3.4936250837165987,3.514292571742944,3.6731399488064413,3.687054906136569,3.697542263316394,3.7124203735349215,3.7142311704653594,5.06,3.5140980071815586,3.675875945947163,#000000,3.9022677834196577,3.9578362146665755,-0.0711986542407657,49.72051376626536,-3.462607383682176,True,False,False,False,True,0.0,-1.0,8.0,3.5,0.0,0,1.0941303535080795,0.6937855688946123,False,False,False,False,0.34282823791967915,0.19383543219816807,False,False,False,False,140816608,41431108.19797473,False,False,False,False,14639911.569395917,False,False,False,False
2024-08-09 00:00:00+00:00,2.32,3.63,2.1,3.21,2704475,,,,,,,4.923397128096864,3.526042228044904,3.474101364644879,3.4828628530432457,3.5046271325223786,3.6176088316876696,3.6734939388203074,3.699588618457704,,,,,,3.721938770738619,3.4892626348642977,3.4825192773197378,3.4763827247001173,3.471600235015986,3.4843588882046475,3.504819832515566,3.6620522068347765,3.675829265674264,3.686204803919399,3.700922992052303,3.7027140569229466,4.923397128096864,3.5046271325223786,3.65324661046733,#000000,3.8479757469363634,3.9151601904361715,-0.4145452818163388,49.65422357988803,-3.462607383682176,True,False,False,False,True,0.0,0.0,0.0,0.0,0.0,1,1.0186786798512346,0.9142303524887012,False,False,False,False,-0.09435474321097968,0.04974034449359419,False,False,False,False,138112133,48592665.590717345,False,False,False,False,13755805.156848071,False,False,False,False
2024-08-16 00:00:00+00:00,1.92,2.4294,1.76,2.16,609182,,,,,,,4.886498907836089,3.5220543937230837,3.4703758397991873,3.4791454655177834,3.5008667165018728,3.613605692299801,3.6693792883224683,3.6954135705733053,,,,,,3.716761154318625,3.485447377620828,3.4787358359491622,3.4726394531822913,3.467903500682585,3.4806388866629616,3.501059062915708,3.657960804086409,3.6717097677656363,3.6820612284886622,3.6967447676293714,3.698531517181409,4.886498907836089,3.5008667165018728,3.6460200815292594,#000000,3.800246560208934,3.9026904583746562,-0.5217267950808039,48.77021683855361,-3.462607383682176,True,False,False,False,True,0.0,0.0,0.0,0.0,0.0,1,0.9986900656893529,0.9786654081023287,False,False,False,False,-0.21035334018168325,-0.08030649784404453,False,False,False,False,137502951,55178612.658071615,False,False,False,False,12781981.21930377,False,False,False,False
2024-08-23 00:00:00+00:00,1.59,2.2,1.52,1.9,566225,,,,,,,4.849910028824862,3.517705440019096,3.4662900031595223,3.475072269237852,3.496755831969141,3.609277375912944,3.6649522092737006,3.6909313709773577,,,,,,3.7112184120632503,3.481270230485755,3.474590450261591,3.46853523261273,3.463848020000671,3.476563476635431,3.496947874217142,3.6535544179207404,3.667278354086636,3.677607832535925,3.6922596546403303,3.6940424384835087,4.849910028824862,3.496755831969141,3.638500356330076,"rgba(239, 83, 80, 0.5)",3.7503957260752654,3.890026027848241,-0.6132755569917377,47.47758155146263,-3.462607383682176,True,False,False,False,False,0.0,0.0,0.0,0.0,0.0,1,0.9820333041191935,0.9977517814274283,False,False,False,False,-0.24668926786855694,-0.16349788285630074,False,False,False,False,136936726,61234769.20191816,False,False,False,False,11877110.388244232,False,False,False,False
2024-08-30 00:00:00+00:00,1.38,1.83,1.17,1.77,709528,,,,,,,4.800761770707608,3.511324977441708,3.4602671182131495,3.4690725293151683,3.490712165064467,3.6029729123624143,3.658530972780077,3.6844425043643843,,,,,,3.7032152160735023,3.475121519050821,3.4684846999273287,3.462486587362157,3.4578683571240316,3.4705612722414636,3.4909038612384733,3.647157803128822,3.6608519300279254,3.6711544250664723,3.6857671923647115,3.6875450703146617,4.800761770707608,3.490712165064467,3.6279164047456938,"rgba(239, 83, 80, 0.5)",3.696194523346393,3.87260587081841,-0.6743708576684162,46.1399009583232,0.22219262920991412,True,False,False,False,False,0.0,0.0,0.0,0.0,0.0,1,0.9775191972487869,1.002364912611297,False,False,False,False,-0.30372918068672816,-0.23361353177151445,False,False,False,False,136227198,66789763.927702,False,False,False,False,11049882.063189102,False,False,False,False
2024-09-06 00:00:00+00:00,1.19,1.49,1.13,1.43,539593,,,,,,,4.762256264941498,3.5060521003659626,3.455278108592516,3.4641043661726876,3.4857121460192593,3.5977801982985094,3.6532527665059438,3.679113615208592,,,,,,3.6966545106573427,3.470031897649237,3.4634291006809703,3.457476804706255,3.452914477950629,3.4655913777571246,3.485903595294594,3.641897696996186,3.655569896061956,3.665852163778426,3.6804355989124,3.682209781914163,4.762256264941498,3.4857121460192593,3.6193789009474218,"rgba(239, 83, 80, 0.5)",3.6249770963428816,3.8587486934035105,-0.7362111876778261,44.807861175415624,-0.9792835330964209,True,False,False,True,False,0.0,0.0,0.0,0.0,0.0,1,0.9877167288704114,1.0062739169461898,False,False,False,False,-0.3346025994900343,-0.2841080656307744,False,False,False,False,135687605,71893307.71083519,False,False,False,False,10271342.132582502,False,False,False,False
2024-09-13 00:00:00+00:00,0.99,1.2747,0.96,1.19,894567,,,,,,,4.696772425981942,3.496606904633266,3.4463229590085236,3.4551891356805817,3.476746713617748,3.5885048913298414,3.6438413231596525,3.669619449831351,,,,,,3.684987177651464,3.460901907618035,3.4543577125310487,3.4484852799186574,3.4440212774841976,3.4566735160987814,3.4769377808938113,3.6325152036387944,3.6461523062670635,3.656401550541871,3.670937003451873,3.6727051247496534,4.696772425981942,3.476746713617748,3.60443182966065,"rgba(239, 83, 80, 0.5)",3.5533133069177247,3.834817103971177,-0.8006097009325859,43.45861440620193,-2.2206064615254064,True,False,False,True,False,0.0,0.0,0.0,0.0,0.0,1,0.9797853486087149,1.006830671737567,False,False,False,False,-0.34282825441539394,-0.3134681600230842,False,False,False,False,134793038,76552546.99151406,False,False,False,False,9576766.19683565,False,False,False,False
2024-09-20 00:00:00+00:00,0.612,1.34,0.5416,0.97,16374297,,,,,,,3.7484723301086516,3.3196461852672305,3.2778433472679867,3.2874256906789303,3.3081406241743787,3.4146520252169412,3.4676885155015293,3.492056852707461,,,,,,3.4700351161247593,3.289385633050383,3.2838556703849533,3.2793718395707514,3.276624303902129,3.2888665576485496,3.3083253243316957,3.4568524008537067,3.4698953158264056,3.4795817211079583,3.4932988122564446,3.4949634499366944,3.7484723301086516,3.3081406241743787,3.352152667400432,"rgba(239, 83, 80, 0.5)",3.510733741716493,3.456884816137756,-0.8103390987283514,41.76592859079838,-3.805606504740048,True,False,False,True,False,0.0,0.0,0.0,0.0,0.0,1,0.9586001339889983,1.0028711928211065,False,False,False,False,-0.34282825441539394,-0.3281482072192391,False,False,False,False,118418741,79653746.5476982,False,False,False,False,10080286.997070046,False,False,False,False
2024-09-27 00:00:00+00:00,0.5148,1.03,0.45,0.6,19029437,,,,,,,3.0643902521174673,3.129487973823217,3.095837105071927,3.1060468760272686,3.1258681034156655,3.2269204673490623,3.2775320069568674,3.300452911782706,,,,,,3.244253507256171,3.104471657899462,3.0999203596983964,3.096762337564244,3.0956427869375003,3.1074398065718882,3.1260459146581985,3.267210354721951,3.2796298887786555,3.288738642428813,3.3016175678193456,3.303176553495965,3.0643902521174673,3.1258681034156655,3.114425266296754,"rgba(239, 83, 80, 0.5)",3.483237247599498,3.135650847774079,-0.7524181275852685,40.37206005156369,-5.109995703035416,True,False,False,True,False,0.0,0.0,0.0,0.0,0.0,1,0.963248640871993,1.0141179001528318,False,False,False,False,-0.34282825441539394,-0.3354882308173165,False,False,False,False,99389304,81115639.69231315,False,False,False,False,10743186.99728708,False,False,False,False
2024-10-04 00:00:00+00:00,0.414,0.532399,0.3811,0.506,1088505,,,,,,,3.0315352667318356,3.118523394337354,3.085307021323959,3.0955509090621125,3.115325082761831,3.216088792046705,3.2665721129835297,3.2894162208642825,,,,,,3.2314130804659156,3.0937862228330615,3.0892871092111527,3.0861999609453736,3.085167654339687,3.096941331553977,3.115502532298025,3.2562776874872816,3.26866422727179,3.277742332070435,3.2905767733840054,3.2921301497987483,3.0315352667318356,3.115325082761831,3.101371195080443,"rgba(239, 83, 80, 0.5)",3.4764928806212843,3.1188144910920417,-0.7780296361799722,39.17842838978692,-6.240435891736496,True,False,False,True,False,0.0,0.0,0.0,0.0,0.0,0,0.9604693821219149,1.038572644695487,False,False,False,False,-0.34282825441539394,-0.3391582426163552,False,False,False,False,98300799,82388614.45584552,False,False,False,False,10028025.367858408,False,False,False,False
2024-10-11 00:00:00+00:00,0.398,0.43,0.335,0.4247,747828,,,,,,,3.0089682063769647,3.1108888946686206,3.0779718176535313,3.088239698756699,3.107982052775408,3.2085497330696047,3.2589461429285853,3.2817379350174942,,,,,,3.2224872967036386,3.086343857928318,3.0818806759159423,3.0788424467477995,3.0778704698397052,3.0896284379562577,3.108159258631981,3.248670189566716,3.261034341064531,3.2700915660277605,3.282895690055302,3.284445241370324,3.0089682063769647,3.107982052775408,3.0923121802547473,"rgba(239, 83, 80, 0.5)",3.408930353333042,3.1071720639193856,-0.794727900870877,38.29289689381538,-7.100739158049713,True,False,False,True,False,0.0,0.0,0.0,0.0,0.0,0,0.9587993713549546,1.0378235279364354,False,False,False,False,-0.34282825441539394,-0.34099324851587454,False,False,False,False,97552971,83511900.12578289,True,False,False,False,9340603.340609636,True,False,False,False
2024-10-18 00:00:00+00:00,1.77,3.5,0.25,0.4148,319413408,,,,,,1.8399999999999996,2.0916211430452494,2.419235686154977,2.4127654762103963,2.4197095074273425,2.429803475466916,2.479964614245783,2.505731933492436,2.5168083334795854,,,,,1.8399999999999996,2.4306490884723626,2.4131189544303564,2.4120463342729073,2.412334966085861,2.4143021969944614,2.4204424734795844,2.429895957639761,2.5005048284585385,2.506787059327259,2.5111841299982762,2.5173646225026522,2.518105404090834,2.0916211430452494,2.429803475466916,2.268607384566657,#000000,3.331993346629529,2.0505675578794027,-0.08420411708300986,41.7948116036394,-7.100739158049713,True,False,False,True,True,0.0,0.0,0.0,0.0,0.0,1,0.9598851093485787,0.9269908990144132,False,False,False,False,-0.14754012642143166,-0.2442666874686531,False,False,False,False,416966379,108212231.89424342,False,False,False,False,32308959.241305217,False,False,False,False
2024-10-25 00:00:00+00:00,0.95,2.2,0.9101,1.86,19975115,,,,,,1.8113586166372317,2.0570855948618934,2.384153564783489,2.3783235551562427,2.3851515287768117,2.39496436035088,2.4436650649965204,2.468706846617311,2.4794454768009144,,,,,1.8113586166372317,2.3933964343671645,2.3784903717177657,2.3775016761898264,2.3778653457875216,2.3798897714434184,2.3858651408486864,2.3950543490967067,2.4636283229101674,2.469731656873777,2.473994445632943,2.4799845057423977,2.4807021287462145,2.0570855948618934,2.39496436035088,2.2349423547581786,#000000,3.2523538864219543,2.0182998156258805,-0.3284697339013007,42.46756702503645,-7.100739158049713,True,False,False,True,True,0.0,0.0,0.0,0.0,0.0,1,0.9893186320139713,0.9932722024541503,False,False,False,False,-0.18800477343816172,-0.2161357304534074,False,False,False,False,396991264,129603271.30948465,False,False,False,False,31395341.149356686,False,False,False,False
2024-11-01 00:00:00+00:00,0.7604,0.99,0.661,0.9456,11354647,,,,,,1.7787408113533139,2.024621974444486,2.3551287014220073,2.349753656100695,2.3565468884734364,2.366219475818621,2.4141704709050105,2.438844775493826,2.4494050960328493,,,,,1.7787408113533139,2.3627524754568534,2.349774822967949,2.348843964001508,2.34926979860371,2.351356139675901,2.3572511674551326,2.3663082437834784,2.4338419809568226,2.439854043482261,2.4440459020660397,2.4499349387950082,2.450640194413397,2.024621974444486,2.366219475818621,2.2048983155379736,#000000,3.1234267916132175,1.9862140181519918,-0.3924580596681351,42.564484050473325,-7.100739158049713,True,False,False,True,True,0.0,0.0,0.0,0.0,0.0,1,0.9738633874834297,1.024185586366039,False,False,False,False,-0.28283587853860825,-0.24948580449600782,False,False,False,False,385636617,148568704.3235969,False,False,False,False,29910845.286441375,False,False,False,False
2024-11-08 00:00:00+00:00,0.7022,0.7694,0.601,0.6922,1668200,,,,,,1.7735911714646624,2.019565498602736,2.3506501060161633,2.345343087254866,2.352131981615992,2.3617846645499823,2.4096287071198166,2.434250706303617,2.4447854653497507,,,,,1.7735911714646624,2.3580306406625806,2.3453422408763194,2.344419997848943,2.3448552871236497,2.3469512696233905,2.3528349442308847,2.3618732598401455,2.4292587029235677,2.4352577572974354,2.4394394467251574,2.445313989441525,2.446017468735021,2.019565498602736,2.3617846645499823,2.2002340470937973,"rgba(239, 83, 80, 0.5)",3.039788167312783,1.9811946205486604,-0.42075123335956344,42.512590213946915,-7.100739158049713,True,False,False,True,True,0.0,0.0,0.0,0.0,0.0,1,0.9681037476247484,1.0874352341132394,False,False,False,False,-0.3016034699252929,-0.27554463721065037,False,False,False,False,383968417,166005720.07740453,False,False,False,False,27818797.487445716,False,False,False,False
2024-11-15 00:00:00+00:00,0.5796,0.7011,0.5536,0.6981,810283,,,,,,1.7709252059680496,2.016977257031268,2.348379743781447,2.3431067751666963,2.349893861649735,2.3595370353415377,2.4073297409075565,2.431926689567686,2.442449125082151,,,,,1.7709252059680496,2.3556379298409356,2.3430948115091508,2.3421768673291536,2.3426169562409958,2.344717926450445,2.350596199049296,2.359625548401399,2.426939859673,2.432932676676366,2.437109462961845,2.442977012625427,2.443679634005282,2.016977257031268,2.3595370353415377,2.1978558679286193,"rgba(239, 83, 80, 0.5)",2.943795212177218,1.9786163997020758,-0.47524243327625004,42.21077980453188,-7.100739158049713,True,False,False,True,True,0.0,0.0,0.0,0.0,0.0,0,0.9410928489130863,1.0795968071505655,False,False,False,False,-0.3094016831345551,-0.2924731601726027,False,False,False,False,383158134,182091084.07167086,False,False,False,False,25818166.78467196,False,False,False,False
2024-11-22 00:00:00+00:00,0.59,0.59,0.5049,0.567,525417,,,,,,1.7691290567933182,2.0152447416250405,2.3468686052100836,2.3416181354254118,2.348404171252576,2.3580412413332033,2.405800895812125,2.430381739952635,2.4408962191957873,,,,0.5616333333333333,1.7691290567933182,2.3540457110140207,2.341598786890992,2.3406836777349884,2.341126964623151,2.343231294524988,2.3491061088742216,2.3581297017222966,2.4253982381868253,2.4313870422386956,2.435560662787499,2.441423695443987,2.4421257623141126,2.0152447416250405,2.3580412413332033,2.0181078069443656,"rgba(239, 83, 80, 0.5)",2.8646438694548197,1.5287840471362526,-0.32771405100170997,42.02837200394859,-7.100739158049713,True,False,False,True,True,0.0,0.0,0.0,0.0,0.0,0,0.9381654209182368,1.085426672103433,False,False,False,False,-0.32023276502655207,-0.3063529625995774,False,False,False,False,383683551,197023859.39969522,False,False,False,False,23944629.763585147,False,False,False,False
2024-11-29 00:00:00+00:00,0.853,1.91,0.59,0.622,119765769,,,,,1.1176666666666666,1.6043544452054443,1.8236670305395466,2.1481989411745306,2.1457866022833834,2.151998620984224,2.160312132678126,2.201213255336967,2.2223736299925623,2.231305589616323,,,,1.1152379819424176,1.6043544452054443,2.1460067983651263,2.1449538529006333,2.1444134994364203,2.14517946490292,2.147512583836813,2.152609076338841,2.16038882161156,2.2180902564047575,2.2232362012232674,2.226780773079856,2.2317523070592014,2.232346081941336,1.8236670305395466,2.160312132678126,1.799403312633915,#000000,2.7676221892398263,1.3604033847549932,-0.1833354952593295,42.749322182024436,-7.100739158049713,True,False,False,True,True,0.0,0.0,0.0,0.0,0.0,1,0.9565666772963675,0.9995278524316813,False,False,False,False,-0.227158431224296,-0.2667556969119367,False,False,False,False,503449320,219722041.66638446,False,False,False,False,31042491.929245505,False,False,False,False
2024-12-06 00:00:00+00:00,0.801,0.9199,0.73,0.8347,2224481,,,,,1.1121834297956872,1.600672730361228,1.8196919065024693,2.144214601349859,2.1418493626578186,2.148053224871464,2.1563464543201305,2.197141811314327,2.2182495071493946,2.2271569055055993,,,,1.109822357231531,1.600672730361228,2.14186611660991,2.1410027236591223,2.1404685415313205,2.141240124472002,2.1435776655765104,2.148662287409714,2.1564229634546996,2.213976931591078,2.2191098746187414,2.2226446826031223,2.2276023676478327,2.228194458236709,1.8196919065024693,2.1563464543201305,1.7951835261874358,#000000,2.673411425004693,1.3558378119374186,-0.20753925368462303,43.128253914350346,-10.996718952454742,True,False,False,True,True,0.0,0.0,0.0,0.0,0.0,0,0.9612052435046862,1.057854732248482,False,False,False,False,-0.28290906515116515,-0.27483238103155094,False,False,False,False,501224839,240574100.72813377,False,False,False,False,28907824.453005098,False,False,False,False
2024-12-13 00:00:00+00:00,0.796,0.9,0.74,0.839,769452,,,,,1.1103018942701026,1.5993992000666326,1.818317426945339,2.1428368204037995,2.1404878047509976,2.1466888559503583,2.154975097201798,2.1957340129551444,2.2168235577799167,2.2257224936210154,,,,1.1079635764615947,1.5993992000666326,2.1404344999763194,2.1396363819419064,2.1391043255442703,2.1398778431275356,2.1422169067999888,2.147297438588528,2.1550515443860268,2.212554702791375,2.2176831659246456,2.221214609798663,2.2261675232566738,2.226759033534478,1.818317426945339,2.154975097201798,1.7937271168804134,#000000,2.5434108678286464,1.3542659677162407,-0.2194949997177774,43.38507009776651,-10.56684367325063,True,False,False,True,True,0.0,0.0,0.0,0.0,0.0,1,0.9642215970745284,1.032196640995775,False,False,False,False,-0.28356787764004937,-0.2792001293358002,False,False,False,False,500455387,259824566.37790164,False,False,False,False,26823500.56759731,False,False,False,False
2024-12-20 00:00:00+00:00,0.635,0.8,0.616,0.8,939933,,,,,1.107060101928622,1.5975964287451376,1.816430022079514,2.140995713650888,2.1386680517743657,2.144866081583023,2.1531439738231812,2.193859044978856,2.2149268253497247,2.2238155083525477,,,,1.104753188050453,1.5975964287451376,2.1385213289743112,2.137810149374776,2.13728086495636,2.138057053683739,2.1403984223397132,2.1454740955501874,2.1532203473303055,2.210662438472938,2.2157855202780685,2.2193128877066313,2.224260012891577,2.224850818012956,1.816430022079514,2.1531439738231812,1.7916101280188936,"rgba(239, 83, 80, 0.5)",2.428217472760894,1.3517515368673374,-0.29517600664177235,43.10868026407451,-10.56684367325063,True,False,False,True,True,0.0,0.0,0.0,0.0,0.0,1,0.9584080875127631,1.036531730065483,False,False,False,False,-0.29853982091506814,-0.28886997512543416,False,False,False,False,499515454,277579446.9425015,False,False,False,False,24906199.26629381,False,False,False,False
2024-12-27 00:00:00+00:00,0.83,0.85,0.62,0.65,1039690,,,,,1.1042229561391324,1.5957909241929438,1.814502040470182,2.1390802892193355,2.136774975669904,2.142969362866621,2.151237915600683,2.1919041792464955,2.212947673472142,2.2218249979073876,,,,1.1019470897836516,1.5957909241929438,2.1365313518432045,2.1359104211302475,2.1353840562804316,2.136162952414883,2.1385065205587814,2.1435767370504437,2.1513142064267696,2.2086882670857064,2.2138053514920344,2.2173282033317756,2.222268921559639,2.222858947075988,1.814502040470182,2.151237915600683,1.7895323005666952,"rgba(239, 83, 80, 0.5)",2.3197584649575105,1.3494379735771678,-0.22391899045691466,43.65635130160828,-9.95028365735601,True,False,False,True,True,0.0,0.0,0.0,0.0,0.0,1,0.9599932226060748,1.0329618319012592,False,False,False,False,-0.2949188372017328,-0.2918944061635835,False,False,False,False,500555144,294096165.24305695,False,False,False,False,23138309.691012785,False,False,False,False
2025-01-03 00:00:00+00:00,0.7405,0.89,0.7101,0.83,1180021,,,,,1.1011864577385908,1.593784499757431,1.8123505452081243,2.1369341646437725,2.1346538636280465,2.140844057850333,2.1491020120980733,2.1897129422427186,2.2107288893910657,2.2195933488158746,,,,1.098944448048038,1.593784499757431,2.134302007096559,2.133781895019079,2.1332588022850074,2.1340407073524155,2.136386685872224,2.141450705184639,2.1491782090378284,2.206475131044739,2.2115854144374776,2.2151031519166073,2.2200366147332575,2.220625757616056,1.8123505452081243,2.1491020120980733,1.7872368026906447,"rgba(239, 83, 80, 0.5)",2.2384572109100858,1.3469249763253728,-0.27091202519739904,43.76728204396129,-9.661859580433713,True,False,False,True,True,0.0,0.0,0.0,0.0,0.0,1,0.9672390011708023,1.0326650278605902,False,False,False,False,-0.28622553015253666,-0.28905996815806007,False,False,False,False,499375123,309302013.9657935,False,False,False,False,21511769.7879748,False,False,False,False
2025-01-10 00:00:00+00:00,0.7709,1.44,0.6505,0.74,45820067,,,,0.9538000000000001,1.0618637580128445,1.537980718677401,1.7481866209581525,2.068570523033942,2.0670636497879116,2.0730646637186707,2.0809202236722033,2.1194570991873865,2.139433448969161,2.1478218742959325,,,,1.0603380283032815,1.537980718677401,2.0634789354881833,2.065978340117267,2.065558736250598,2.0664228116105314,2.068817032084941,2.07364329934607,2.0809928257050765,2.1353922455556256,2.1402467024105225,2.143575255254576,2.1482409005557535,2.1487975710274454,1.7481866209581525,2.0809202236722033,1.6163736379519071,"rgba(239, 83, 80, 0.5)",2.1063952718110133,1.1534956262483818,-0.18163524736714676,43.972275448673614,-9.278603080380805,True,False,False,True,True,0.0,0.0,0.0,0.0,0.0,1,0.9692879444441675,1.0033627271487027,False,False,False,False,-0.2538206500036021,-0.27144030908083105,False,False,False,False,545195190,326775582.5609199,False,False,False,False,23312384.396272965,False,False,False,False
2025-01-17 00:00:00+00:00,0.765,0.795,0.67,0.7259,1697580,,,,0.9462810249127024,1.058746021312189,1.5354218827734174,1.7454120144418537,2.0657395833487198,2.064262465292267,2.070257604904027,2.0780994357397793,2.116565001822221,2.1365057229196864,2.1448776531664695,,,,1.0572445966240636,1.5354218827734174,2.0605511439393234,2.063168566254957,2.062752890684915,2.0636203868819494,2.066017088646235,2.0708352929060716,2.0781719156888947,2.1324718164633083,2.1373174885710187,2.140639484941492,2.1452958376135918,2.1458513793040974,1.7454120144418537,2.0780994357397793,1.6130739607065556,"rgba(239, 83, 80, 0.5)",2.010442270608668,1.1494233814055932,-0.191213339982753,44.097943776243895,-8.972529580087915,True,False,False,True,True,0.0,0.0,0.0,0.0,0.0,1,0.9800373182225951,1.0313402414631614,False,False,False,False,-0.2952537965329122,-0.28334705280687167,False,False,False,False,543497610,342829066.0749258,False,False,False,False,21711287.77432682,False,False,False,False
2025-01-24 00:00:00+00:00,0.75,0.795,0.6955,0.743,458479,,,,0.94437502320286,1.0579236570744828,1.534736662646571,1.7446678884371805,2.0649791001227693,2.063509958330007,2.069503505897002,2.07734163465923,2.115787979182553,2.13571909456362,2.144086580187007,,,,1.056428656249042,1.534736662646571,2.059764732987994,2.062413761419736,2.0619991395585715,2.0628675495968207,2.0652649088550104,2.070080938259638,2.077414081680157,2.1316871552541987,2.1365304591617185,2.1398506888968423,2.144504537833154,2.1450597754228773,1.7446678884371805,2.07734163465923,1.6122025284345778,"rgba(239, 83, 80, 0.5)",1.9061112787698784,1.148365999793239,-0.2089940940123533,44.13151169780285,-8.754698547680782,True,False,False,True,True,0.0,0.0,0.0,0.0,0.0,1,0.9806944903627962,1.2336040593107922,False,False,False,False,-0.2935461753142042,-0.28844661406053795,False,False,False,False,543039131,357659441.2545609,False,False,False,False,20137005.642895203,False,False,False,False
2025-01-31 00:00:00+00:00,0.681,0.75,0.63,0.749,564587,,,,0.9413814414599418,1.0567232753024192,1.5338305387552489,1.7436982125625853,2.064001364340714,2.062542418899002,2.0685341074699797,2.0763677243165923,2.114790568281459,2.1347099575027815,2.1430719918043217,,,,1.0552367023708487,1.5338305387552489,2.0587535378341006,2.0614432371452267,2.061029955506104,2.0618995660564634,2.064297843867915,2.0691112294007254,2.0764401312874154,2.1306804212468857,2.135520831855438,2.13883889466317,2.1434896710139553,2.1440445351187662,1.7436982125625853,2.0763677243165923,1.6109928804032438,"rgba(239, 83, 80, 0.5)",1.8024029452671777,1.1467929894721145,-0.2584288883322192,43.88564324652654,-8.754698547680782,True,False,False,True,True,0.0,0.0,0.0,0.0,0.0,1,0.799341910709314,1.494511491901927,False,False,False,False,-0.2535446025942822,-0.2709956083274101,False,False,False,False,542474544,371349448.86533415,False,False,False,False,18687196.854532592,False,False,False,False
2025-02-07 00:00:00+00:00,0.6599,0.788,0.6401,0.697,822452,,,,0.9372930800817438,1.0550307072445653,1.5325280115866209,1.7423008357556065,2.0625888383912514,2.0611446104491287,2.067133567461537,2.0749606112436494,2.1133492400775036,2.1332515514941948,2.1416056539305033,,,,1.05355614707565,1.5325280115866209,2.0572928073150627,2.0600411332657713,2.0596297879839085,2.0605011225419663,2.0629007048694943,2.0677102368242988,2.0750329598450703,2.129225514540491,2.1340617120487466,2.137376621945545,2.1420229280815213,2.142577248898163,1.7423008357556065,2.0749606112436494,1.60927893602868,"rgba(239, 83, 80, 0.5)",1.6822473848642392,1.144601986497145,-0.2881276504622187,43.624100646142615,-8.754698547680782,True,False,False,True,True,0.0,0.0,0.0,0.0,0.0,1,0.8886899461879506,1.2164412949176253,False,False,False,False,-0.20502294501943014,-0.23800927667342012,False,False,False,False,541652092,383964459.467902,False,False,False,False,17363882.42086351,False,False,False,False
2025-02-14 00:00:00+00:00,0.651,0.7,0.5857,0.64,429129,,,,0.9347788704720722,1.0540307001063407,1.5318091248674204,1.741538135521381,2.061825828899627,2.0603895114206496,2.0663771077241853,2.074200753115683,2.1125716450343592,2.132465114730688,2.1408150944116415,,,,1.0525627117521221,1.5318091248674204,2.056503697000331,2.059283696584549,2.058873387939724,2.0597456688461167,2.0621459999554634,2.066953543817547,2.0742730715905817,2.1284408905302925,2.133274905310987,2.1365881763192736,2.1412321578573983,2.141786195969513,1.741538135521381,2.074200753115683,1.6083015278010986,"rgba(239, 83, 80, 0.5)",1.570452256129894,1.1432953517994888,-0.31347361874767526,43.39884428799518,-8.754698547680782,True,False,False,True,True,0.0,0.0,0.0,0.0,0.0,1,0.9064946148487409,1.1374896691823384,False,False,False,False,-0.2182718993718096,-0.22814058802261486,False,False,False,False,541222963,395613237.5073167,False,False,False,False,16109456.241540287,False,False,False,False
2025-02-21 00:00:00+00:00,0.681,0.86,0.65,0.66,1648763,,,0.7303333333333333,0.9282260844912267,1.0510215716170874,1.529321034042765,1.7388434806687947,2.0590768915931306,2.0576691831377616,2.0636511283948877,2.0714615688414906,2.109763872243667,2.1296230702303096,2.1379571837688047,,,,1.0495760775355787,1.529321034042765,2.053661689298662,2.0565551099708035,2.056148578555667,2.0570241482935705,2.059426864310175,2.0642266530344253,2.0715337698911203,2.1256058651207717,2.1304314296822953,2.1337383942213735,2.1383734375084584,2.138926389897626,1.7388434806687947,2.0714615688414906,1.4725936306594147,"rgba(239, 83, 80, 0.5)",1.3693416732827788,0.9397892667443066,-0.18898808952764906,43.420569244313214,-8.754698547680782,True,False,False,True,True,0.0,0.0,0.0,0.0,0.0,1,0.9280106383268848,1.110649243880305,False,False,False,False,-0.1668064622433868,-0.19747352513300082,False,False,False,False,542871726,406521273.6919599,False,False,False,False,15038293.77920397,False,False,False,False
2025-02-28 00:00:00+00:00,0.5989,0.69,0.58,0.67,455942,,,0.707074504788082,0.9255442224921973,1.0499239885491591,1.5285436196998872,1.7380217836245389,2.058257451185603,2.056858186608797,2.0628387148814764,2.0706455720750063,2.1089291571842415,2.1287790278269494,2.137108786661881,,,,1.0484854235808958,1.5285436196998872,2.05281433103431,2.055741608526169,2.0553361823051226,2.0562127687566134,2.05861629983956,2.0634139938096734,2.0707177413768307,2.1247637354058395,2.1295869968389427,2.1328922302535243,2.137524817785358,2.138077471457403,1.7380217836245389,2.0706455720750063,1.469295055318073,"rgba(239, 83, 80, 1.0)",1.180505976002693,0.9327570348525835,-0.2828084242174323,43.04177282836246,-8.754698547680782,True,False,False,True,True,0.0,0.0,0.0,0.0,0.0,1,0.9488242787110642,1.0986026543325473,False,False,False,False,-0.22191414795966014,-0.20969383654633048,False,False,False,False,542415784,416587533.7147777,False,False,False,False,13958119.57333701,False,False,False,False
2025-03-07 00:00:00+00:00,0.59,0.627,0.54,0.5821,232729,,,0.6949864095699244,0.9240268663362297,1.0493171550518707,1.5281309901370776,1.7375888119333665,2.0578286794867133,2.056433819260643,2.06241364996382,2.0702186901253095,2.108492764232984,2.128337900128142,2.1366654418580007,,,,1.0478822503847987,1.5281309901370776,2.0523709231010288,2.0553159234350633,2.0549110720897317,2.0557881964802354,2.0581921711059916,2.062988804585539,2.070290843349088,2.124323579053693,2.129145670775125,2.132450022785465,2.137081359573507,2.137633861031167,1.7375888119333665,2.0702186901253095,1.467557899957315,"rgba(239, 83, 80, 1.0)",1.0000795271573821,0.9290531703357059,-0.33902620854506227,42.72702209341632,-8.754698547680782,True,False,False,True,True,0.0,0.0,0.0,0.0,0.0,1,0.9475854317116917,1.0764271974415378,False,False,False,False,-0.24595821855801575,-0.22782602755217313,False,False,False,False,542183055,425890905.6618312,False,False,False,False,12941423.975312045,False,False,False,False
2025-03-14 00:00:00+00:00,0.509,0.568,0.4301,0.564,699683,,,0.6506111814921849,0.9184423165958322,1.0471762061301122,1.5267831676326606,1.7361950815948102,2.05646825557489,2.0550872866149295,2.061065192893665,2.068864847384724,2.1071106003495266,2.1269416688486538,2.1352625785211226,,,,1.0457531763991468,1.5267831676326606,2.050963842699119,2.0539651605059515,2.0535621117085423,2.0544409833123947,2.0568464790019694,2.061639981060517,2.0689369530963795,2.1229302366531884,2.1277488489760703,2.131050564164827,2.1356781565374843,2.136230201797211,1.7361950815948102,2.068864847384724,1.4613141556257367,"rgba(255, 0, 0, 1.0)",0.9129114958384127,0.915495720154319,-0.44527396358504134,42.087800758122704,-8.754698547680782,True,False,False,True,False,0.0,0.0,0.0,0.0,0.0,1,0.9502814045530187,1.0614604554205362,False,False,False,False,-0.286012176017711,-0.25691910178494204,False,False,False,False,541483372,434453310.5757696,False,False,False,False,12034628.347511154,False,False,False,False
2025-03-21 00:00:00+00:00,0.4701,0.6669,0.45,0.4937,25764396,,,0.5418238883387827,0.7907764552903429,0.9818968009834229,1.4807342470864762,1.688039081319002,2.008809861056421,2.007902152844362,2.0138058414165982,2.0214111264963117,2.058638985467267,2.0779633044338413,2.086046815319589,,,,0.9808198642374131,1.4807342470864762,2.001733941644447,2.0066381991594615,2.0062969014105,2.0072337281141044,2.0096872393042227,2.0143673382793614,2.0214815126494043,2.0740558449460633,2.078749250193325,2.0819565879783166,2.0864502490638555,2.086985993984846,1.688039081319002,2.0214111264963117,1.3962006586202247,"rgba(255, 0, 0, 1.0)",0.8212690703662443,0.8238292522124904,-0.43071054904666634,41.42895783774803,-8.754698547680782,True,False,False,True,False,0.0,0.0,0.0,0.0,0.0,1,0.9891187816374744,1.061663399613266,False,False,False,False,-0.2577533529239277,-0.25733622735443484,False,False,False,False,515718976,440472989.49608296,False,False,False,False,13051648.173621438,False,False,False,False
2025-03-28 00:00:00+00:00,0.529,0.5455,0.415,0.4486,1418366,,,0.5396966176701105,0.785559852576849,0.978553600669227,1.4782399505035082,1.6854281412449383,2.0062166908832277,2.005333912881391,2.011233579951876,2.0188284834436896,2.0560020206211673,2.07529927743567,2.0833701294004188,,,0.49650000000000005,0.9774925707016854,1.4782399505035082,1.9990583223895013,2.0040625163668206,2.0037244762030153,2.0046643362019796,2.007120328674886,2.011794366121681,2.0188987776907847,2.07139736945983,2.0760840896426376,2.079286395037333,2.0837729157704783,2.084307791886578,1.6854281412449383,2.0188284834436896,1.2424985697142557,"rgba(255, 0, 0, 1.0)",0.8155868975490894,0.7000775177290466,-0.20976001238267755,41.43288908144373,-8.754698547680782,True,False,False,True,False,0.0,0.0,0.0,0.0,0.0,1,0.9942427359628537,1.0457211983948231,False,False,False,False,-0.2950474854267855,-0.27619185639061017,False,False,False,False,517137342,446151830.422299,False,False,False,False,12189923.568167998,False,False,False,False
2025-04-04 00:00:00+00:00,0.568,0.6,0.44,0.54,9817992,,,0.538790141830968,0.7582841970537775,0.9584145621573777,1.4619959472824882,1.6682543191183004,1.9889709629430377,1.9882521786155174,1.994122775147517,2.0016461029302013,2.038446326830169,2.0575572937893427,2.0655414285736406,,,0.531013913138047,0.9574506242435709,1.4619959472824882,1.9812753130645908,1.9869325204299677,1.9866160108261404,1.987575347093746,1.9900465071501245,1.9946786428207832,2.001715762177033,2.0536935743348264,2.058334313668501,2.0615021483508715,2.0659397846225165,2.066468717525491,1.6682543191183004,2.0016461029302013,1.2306445928114647,"rgba(239, 83, 80, 1.0)",0.808571387608512,0.6966257035450426,-0.15907773329139824,41.75677994178898,-8.754698547680782,True,False,False,True,False,0.0,0.0,0.0,0.0,0.0,1,1.003544449174777,0.9910199697038703,False,False,False,False,-0.27599678780629444,-0.2760943220984523,False,False,False,False,526955334,452137275.13175833,False,False,False,False,12014224.933488887,False,False,False,False
2025-04-11 00:00:00+00:00,0.5781,0.6,0.4696,0.4696,1303733,,,0.5391194743209932,0.7552935808759108,0.9559568100355138,1.4599111573624675,1.666038529387351,1.9867318625026225,1.986034114993034,1.99190078634374,1.99941468605162,2.0361658216289205,2.055252269393431,2.0632250210660645,,,0.5329080987025266,0.9550045831158048,1.4599111573624675,1.9789676895527315,1.984708317937368,1.984394577917925,1.9853563769468778,1.9878293963751534,1.9924560048163737,1.9994842615576949,2.0513935743641634,2.0560282644252785,2.0591915744280516,2.0636227958763844,2.0641509492360224,1.666038529387351,1.99941468605162,1.228984294321839,"rgba(239, 83, 80, 1.0)",0.800256942990875,0.6958194909837361,-0.1471021176570766,42.075049587594876,-8.754698547680782,True,False,False,True,False,0.0,0.0,0.0,0.0,0.0,1,1.011000720226526,0.9809485284686801,False,False,False,False,-0.31412684611642866,-0.2951105841074405,False,False,False,False,528259067,457775926.38125765,False,False,False,False,11220855.16063786,False,False,False,False
2025-04-18 00:00:00+00:00,0.623,0.69,0.5781,0.5781,799915,,0.6303666666666666,0.5408514953681032,0.7542065932995369,0.9547613055005858,1.458750267202511,1.664781804071819,1.985438834806748,1.9847532441460536,1.9906173291839042,1.998125382056901,2.0348462138964933,2.053917491345064,2.061883247983086,,,0.5387520668681358,0.9538154429368871,1.458750267202511,1.977635645161465,1.9834239848451887,1.9831118575954374,1.9840750216022096,1.9865489748139218,1.9911721429414226,1.998194905478755,2.0500619018911386,2.054692853524398,2.057853383353294,2.062280666112376,2.062808341379711,1.664781804071819,1.998125382056901,1.0932671554278222,"rgba(239, 83, 80, 1.0)",0.7899096088518308,0.6160442055506106,0.008805810654082294,42.70406072649192,-8.754698547680782,True,False,False,True,True,0.0,0.0,0.0,0.0,0.0,1,1.0435863724705612,1.3982651194695324,False,False,False,False,-0.24006420335388493,-0.2675873937306627,False,False,False,False,529058982,463056152.7233867,False,False,False,False,10448933.667257277,False,False,False,False
2025-04-25 00:00:00+00:00,0.6395,0.6799,0.561,0.634,474414,,0.6290388489680974,0.5418083012152599,0.7535525014127441,0.9540486633333605,1.4580603417550295,1.6640353395913499,1.98467111385066,1.9839927299004994,1.9898552853121299,1.9973598765550038,2.0340627654449674,2.053125060766054,2.0610866752528434,,,0.5417758038146613,0.9531065620376796,1.4580603417550295,1.9768447898304433,1.9826614171623647,1.9823502458472022,1.9833142196926201,1.9857887280597848,1.9904098594797748,1.997429369141835,2.049271310114474,2.0539000482289653,2.0570589317588324,2.0614838821663017,2.0620112743188903,1.6640353395913499,1.9973598765550038,1.0930331493713654,"rgba(239, 83, 80, 1.0)",0.7788582259669937,0.6165438638526907,0.029474088328216644,43.30613479827045,-8.293690055071075,True,False,False,True,True,0.0,0.0,0.0,0.0,0.0,1,0.9361205505783818,1.2569251364432088,False,False,False,False,-0.21295120575639132,-0.240269299743527,False,False,False,False,529533396,467980392.9660988,False,False,False,False,9710080.358571554,False,False,False,False
2025-05-02 00:00:00+00:00,0.58,0.674,0.564,0.674,199858,,0.6259154336367547,0.5421079389011716,0.7532340675759214,0.9537303494748295,1.4577627728864446,1.6637148956477463,1.984343002905621,1.9836676942098665,1.9895296164241927,1.9970327549721894,2.0337281060150794,2.0527866298541233,2.0607465023609794,,,0.542691706824521,0.9527898712303741,1.4577627728864446,1.9765067718826714,1.9823354999797504,1.9820247358304284,1.9829890588298378,1.9854638127412392,1.9900840901676171,1.9971022346276144,2.048933651471387,2.05356145990734,2.0567196510704586,2.0611436204191174,2.0616708934534564,1.6637148956477463,1.9970327549721894,1.092621658094688,"rgba(255, 0, 0, 1.0)",0.776122877991648,0.6159872867345921,-0.046368027222333005,43.27846411348187,-8.281407789051833,True,False,False,True,True,0.0,0.0,0.0,0.0,0.0,1,0.9785826378486339,1.0522326842142804,False,False,False,False,-0.21425205910089762,-0.22726067942221231,False,False,False,False,529333538,472525070.3760174,False,False,False,False,9005619.44312181,False,False,False,False
2025-05-09 00:00:00+00:00,0.5719,0.5979,0.55,0.595,123044,,0.6218595926951078,0.5421972262444164,0.7529952706463868,0.9535162462427765,1.457572639403441,1.6635116061806323,1.9841362813208405,1.9834629071166407,1.9893244503851828,1.9968266993758765,2.0335174265941327,2.0525736388957108,2.060532440978401,,,0.542957815593835,0.9525768092336544,1.457572639403441,1.9762937832410898,1.982130153182247,1.981819644414821,1.982784190597806,1.9852591075434876,1.9898788627560162,1.9968961711215463,2.048721134015649,2.053348372401211,2.056506138097338,2.060929504407286,2.0614567041901215,1.6635116061806323,1.9968266993758765,1.092105362888478,"rgba(255, 0, 0, 1.0)",0.7584119875069824,0.6150024762949365,-0.056832535620410074,43.19465729438875,-8.281407789051833,True,False,False,True,True,0.0,0.0,0.0,0.0,0.0,1,0.9864955987680196,1.0270452515900932,False,False,False,False,-0.2550497943483975,-0.24115523688530488,False,False,False,False,529210494,476723990.64446056,False,False,False,False,8347650.8917794535,False,False,False,False
2025-05-16 00:00:00+00:00,0.5534,0.579,0.5351,0.57,289575,,0.6117263018031529,0.5422885707030785,0.7523815022535199,0.952990261940198,1.4571166816030363,1.6630258329427683,1.9836440076986075,1.982975235199288,1.9888359002111426,1.9963360621694983,2.033015931339328,2.052066717872344,2.0600230040009633,,,0.5432162514896077,0.9520533237231351,1.4571166816030363,1.9757865600312197,1.9816411436346564,1.9813312414693698,1.9822963227994912,1.9847716378247262,1.989390168742996,1.9964055153685107,2.0482153246451458,2.0528412246678873,2.0559979903145895,2.0604199389925144,2.0609469665358695,1.6630258329427683,1.9963360621694983,1.0907701968092751,"rgba(255, 0, 0, 1.0)",0.7528870543948624,0.6124031565623398,-0.07836920055660133,42.98084586982712,-8.281407789051833,True,False,False,True,True,0.0,0.0,0.0,0.0,0.0,1,0.9924754756242569,1.018597651605232,False,False,False,False,-0.2705645340386996,-0.2558598854620022,False,False,False,False,528920919,480590429.7819079,False,False,False,False,7750756.381277272,False,False,False,False
2025-05-23 00:00:00+00:00,0.4955,0.59,0.4801,0.56,481719,,0.5934503310710252,0.5420635057257934,0.7511939033387403,0.9520437723182337,1.456330651952975,1.66219391180367,1.9828063795978514,1.9821454213297103,1.988004669217316,1.9955013801619523,2.0321632629075497,2.0512050693367394,2.059157180320008,,,0.5425264154477295,0.9511111471487526,1.456330651952975,1.9749234120522847,1.9808090383631591,1.9805001634200625,1.9814661670999982,1.9839421909937365,1.9885587003920893,1.9955708027282038,2.0473555167070994,2.051979200622968,2.055134306653952,2.059553902059543,2.0600806435591257,1.66219391180367,1.9955013801619523,1.088216770281218,"rgba(255, 0, 0, 1.0)",0.7535506860943134,0.6073085388958221,-0.14837560493154184,42.33892169033567,-8.281407789051833,True,False,False,True,False,0.0,0.0,0.0,0.0,0.0,1,0.9913448735019973,0.9959313507915372,False,False,False,False,-0.2909547440290301,-0.27340731474551616,False,False,False,False,528439200,484134783.1313962,False,False,False,False,7212309.167849326,False,False,False,False
2025-05-30 00:00:00+00:00,0.47,0.51495,0.4537,0.51,237788,,0.5830585892024479,0.5417252653150015,0.7505048323435074,0.9515322837644622,1.4559255873675134,1.6617684801120327,1.9823812939903223,1.9817242927794994,1.9875828681368208,1.9950778879971232,2.031730936938468,2.050768337714127,2.058718393492042,,,0.541537729560539,0.9506018863212712,1.4559255873675134,1.974485322051672,1.9803867373561581,1.9800783808528744,1.9810448598638855,1.983521262686842,1.9881367833048331,1.9951472955744216,2.046919688531942,2.0515422845972227,2.0546965736454794,2.0591150101877,2.0596416107475104,1.6617684801120327,1.9950778879971232,1.086706556340596,"rgba(255, 0, 0, 1.0)",0.7486153436374565,0.604206604105374,-0.17927311435172547,41.66301310905891,-6.909867052922088,False,False,False,True,False,0.0,0.0,0.0,0.0,0.0,1,0.9618411695934627,1.3309790403644735,False,False,False,False,-0.33749569401460533,-0.30545150438006075,False,False,False,False,528201412,487398977.86240387,False,False,False,False,6695677.970230858,False,False,False,False
2025-06-06 00:00:00+00:00,0.4,0.50839,0.3941,0.4701,411202,,0.5627683745709079,0.5407281832594556,0.7491232252817421,0.950565580381778,1.4551933851577712,1.6610052952556151,1.9816245858378596,1.9809746139635933,1.9868320763402956,1.9943241944969186,2.0309620482168484,2.0499918797262726,2.05793839164136,,,0.5386997243766168,0.9496392197432895,1.4551933851577712,1.973705365302467,1.979634953837156,1.9793275151461074,1.9802948535070655,1.9827719656380838,1.9873857930239058,1.9943935763958927,2.0461447835756954,2.050765509457749,2.0539183896777957,2.058334827073648,2.0588611843535944,1.6610052952556151,1.9943241944969186,1.0836621738487415,"rgba(255, 0, 0, 1.0)",0.7395712306207292,0.5978298768721806,-0.26749266153327794,40.585453477622956,-7.955068717195999,False,False,False,True,False,0.0,0.0,0.0,0.0,0.0,1,0.9121252001060685,1.0956359690044297,False,False,False,False,-0.34282825441539394,-0.32413987939772737,False,False,False,False,527790210,490390920.9837073,False,False,False,False,6230161.231695239,False,False,False,False
2025-06-13 00:00:00+00:00,0.3572,0.49,0.3501,0.49,745163,,0.5303553918494576,0.5383883592506804,0.7463747135059261,0.9487046106539064,1.453823715119635,1.6595852412119918,1.9802241656841117,1.979587172997657,1.9854426874190205,1.9929295818888852,2.0295400300683832,2.04855622203831,2.0564963306300585,,,0.5323189341307604,0.94778578622538,1.453823715119635,1.9722618264775729,1.9782435978979558,1.9779378497645037,1.9789067944862548,1.981385263738422,1.9859960475616145,1.992998917616946,2.044711925529404,2.049329279823554,2.0524796143621553,2.0568924383629836,2.0574183557256354,1.6595852412119918,1.9929295818888852,1.0783422293544944,"rgba(255, 0, 0, 1.0)",0.7196719707520811,0.586859349684206,-0.31911670735794306,39.45861010533591,-9.018318114658612,False,True,False,True,False,0.0,0.0,0.0,0.0,0.0,1,0.8983650567270538,1.0957376984459897,False,False,False,False,-0.34282825441539394,-0.33348406690656063,False,False,False,False,527045047,493106041.4293586,False,False,False,False,5823865.066384481,False,False,False,False
2025-06-20 00:00:00+00:00,0.2978,0.415,0.293,0.373,979642,,0.4900550517383896,0.5340704426347606,0.7421741023677009,0.9459951354800767,1.451919798017187,1.6576288997420747,1.9783126682343135,1.9776933274519164,1.9835464458737782,1.9910265532243434,2.0276012700936112,2.046599708222766,2.0545314397555945,,,0.5211491571012093,0.9450867631614132,1.451919798017187,1.970291232559432,1.9763443598700305,1.9760409011762925,1.9770120769905493,1.979492504110999,1.9840993446393425,1.9910958290974843,2.042759058604443,2.047372020445171,2.050519024383313,2.054927118348152,2.0554524593717742,1.6576288997420747,1.9910265532243434,1.0710290380819432,"rgba(255, 26, 202, 1.0)",0.7071239008178173,0.5718621884605151,-0.3875730803944699,38.16417049794769,-10.217076915605418,False,True,False,True,False,0.0,0.0,0.0,0.0,0.0,1,0.9135498679442909,1.0909605737281807,False,False,False,False,-0.34282825441539394,-0.3381561606609773,False,False,False,False,526065405,495547475.76792467,False,False,False,False,5465033.728133779,False,False,False,False
2025-06-27 00:00:00+00:00,0.278,0.3298,0.2699,0.2978,1904051,,0.4334786197149291,0.5244881356894097,0.7334190079472306,0.9404333863931476,1.4480969905676975,1.6537207547915074,1.9745139018236288,1.9739294913355974,1.9797781578455906,1.9872451967910447,2.0237509658561335,2.0427151804069554,2.0506307133839248,,,0.4984647914534739,0.93954576030741,1.4480969905676975,1.9663750164164944,1.9725697749753328,1.972270835613953,1.9732464795165452,1.975730909242424,1.9803301704884348,1.9873143575762282,2.038881564096725,2.043486054122428,2.046626617450984,2.0510255616436104,2.051549787235741,1.6537207547915074,1.9872451967910447,1.0586119453848997,"rgba(255, 26, 202, 1.0)",0.7054394770073611,0.5474626387012608,-0.3819783942973877,37.07564450967107,-11.198111530629681,False,True,False,True,False,0.0,0.0,0.0,0.0,0.0,1,0.9026079400309894,1.1303970015494786,False,False,False,False,-0.34282825441539394,-0.34049220753818565,False,False,False,False,524161354,497667022.303634,False,False,False,False,5201257.229753499,False,False,False,False
2025-07-04 00:00:00+00:00,0.2707,0.2898,0.26,0.278,1038553,,0.4118588515245347,0.519171330850922,0.7285854119197388,0.9373513746663333,1.445988239733255,1.6515687700366206,1.972425688214153,1.971860407440977,1.9777066907929017,1.9851666414286233,2.021634983907683,2.040580627522691,2.0484873608048764,,,0.4869128663222253,0.9364750295343712,1.445988239733255,1.9642223914065202,1.9704947895880678,1.9701983231679998,1.9711764241640162,1.9736630703679505,1.9782582232418124,1.9852357398213145,2.0367508283888465,2.04135072039663,2.0444877848764493,2.0488817578959493,2.0494053773532714,1.6515687700366206,1.9851666414286233,1.0528122505727777,"rgba(255, 26, 202, 1.0)",0.7061485801401379,0.5366321151543552,-0.3765951283249481,36.23484581407648,-11.937603526782915,False,True,False,True,False,0.0,0.0,0.0,0.0,0.0,0,0.8713813226391757,1.1575245059310073,False,False,False,False,-0.34282825441539394,-0.34166023097678977,False,False,False,False,523122801,499552635.5404018,False,False,False,False,4892908.768290277,False,False,False,False
2025-07-11 00:00:00+00:00,0.2551,0.41,0.228,0.2607,24955667,,0.3245776413360081,0.44446464253541,0.6417094091028188,0.8734213753443025,1.3985000786003943,1.6026771897914935,1.924438498063756,1.9243005117284904,1.9300864382689968,1.9373790960777604,1.9729677810526598,1.991475963406245,1.999176705926217,,,0.3824006483779949,0.8727666745714409,1.3985000786003943,1.914811358681889,1.9228049609612354,1.9225640121364747,1.9235957042175384,1.92612872733355,1.9306265806455793,1.9374467177627557,1.9877360017783021,1.9922276953162399,1.995282863701643,1.9995605549164952,2.000070010730594,1.6026771897914935,1.9373790960777604,0.9853829096942146,"rgba(255, 26, 202, 1.0)",0.7085924790100504,0.448288085338058,-0.2726363757176117,35.492415436079185,-12.590424780772764,False,True,False,True,False,0.0,0.0,0.0,0.0,0.0,0,0.8548827308817385,1.3290848307563727,False,False,False,False,-0.27618995403631447,-0.3089250925065521,False,False,False,False,498167134,499450005.79666835,False,False,False,False,6379039.007676182,False,False,False,False
2025-07-18 00:00:00+00:00,0.2717,0.280899,0.25,0.2551,1228239,,0.3225089411999273,0.4415752250418738,0.6380328648713998,0.8704556110319747,1.3962027927417777,1.6003083910119136,1.9221051418268886,1.9219873163936785,1.927770299634954,1.9350549426961454,1.9706015272350759,1.9890887574103222,1.9967796508531022,,,0.37936060946874856,0.8698103054294558,1.3962027927417777,1.9124110881434697,1.9204856594461714,1.9202473340417188,1.921281537808936,1.9238167078876953,1.928309895622146,1.9351224935798534,1.9853530976156801,1.9898396103211557,1.992890863108665,1.9971629956804808,1.997671774622535,1.6003083910119136,1.9350549426961454,0.9826868621682318,"rgba(255, 0, 0, 1.0)",0.7105792605615784,0.44536941014548737,-0.2444054024434017,35.271437012790976,-12.760667082580888,False,True,False,True,False,0.0,0.0,0.0,0.0,0.0,0,0.8511252673092979,1.1657497846873919,False,False,False,False,-0.34282825441539394,-0.32587667346097304,False,False,False,False,499395373,499445958.9228411,False,False,False,False,5997498.266366836,False,False,False,False
2025-07-25 00:00:00+00:00,0.2576,0.29,0.255,0.2699,895906,,0.321092190129494,0.4395264446770181,0.6353963568906846,0.8683105629058484,1.3945329775159803,1.5985858294716082,1.920407278980757,1.9203040884997877,1.92608492100234,1.9333637282331648,1.9688796645971889,1.9873516401607776,1.9950353652261172,,,0.3772427129662759,0.8676720146741691,1.3945329775159803,1.910664682825665,1.9187980027620768,1.9185615822805755,1.9195976067396643,1.9221343291019297,1.9266241190382398,1.933431227556098,1.983619112245733,1.9881018531608163,1.9911502561043446,1.995418343137503,1.9959266294847668,1.5985858294716082,1.9333637282331648,0.9807556749572723,"rgba(255, 0, 0, 1.0)",0.7073615109112299,0.4433144261658682,-0.26254528031448743,34.96847398524818,-13.038965350056557,False,True,False,True,False,0.0,0.0,0.0,0.0,0.0,0,0.8407609868893786,1.166297174772822,False,False,False,False,-0.3321983316838678,-0.3290375025724204,False,False,False,False,498499467,499375848.410038,False,False,False,False,5619602.542932255,False,False,False,False
2025-08-01 00:00:00+00:00,0.2326,0.2777,0.201,0.2565,10761362,,0.3012382952677751,0.41444941144846137,0.6040323044595558,0.8424414853389864,1.374323628996632,1.577772319360404,1.899911482725699,1.8999826417807195,1.9057382022489517,1.9129479183269065,1.9481008160953557,1.9663921225675611,1.9739908911873787,,,0.35127017211479705,0.8418807148787213,1.374323628996632,1.8895902871837134,1.8984236964467887,1.8982099572143987,1.8992677382811916,1.901823112121653,1.9062726915760946,1.9130148073957904,1.962696691623501,1.9671347551241276,1.9701493827007732,1.9743695199993045,1.9748719672483186,1.577772319360404,1.9129479183269065,0.9571322248045678,"rgba(255, 0, 0, 1.0)",0.7076884695009268,0.4177475458226474,-0.26162295106096106,34.487764222987664,-13.505636100652922,False,True,False,True,False,0.0,0.0,0.0,0.0,0.0,0,0.8423704685441706,1.1573848736464742,False,False,False,False,-0.34282825441539394,-0.3359328784939072,False,False,False,False,487738105,498513793.34262776,False,False,False,False,6000473.613826161,False,False,False,False
2025-08-08 00:00:00+00:00,0.35,0.6923,0.1909,0.22,742369985,0.4110666666666667,0.4047205795272967,0.411421029800728,0.44106642078075725,0.5237789328467773,0.8480154278010106,0.9789187852310414,1.2202424913272727,1.2234132320705209,1.22736329427759,1.23163968774088,1.2520250544349998,1.2627852471339378,1.2670762618863678,,0.4110666666666667,0.40672883853374386,0.5237987138961365,0.8480154278010106,1.2022744583507057,1.221274451760792,1.2215169521196598,1.222715405974643,1.2250050965795594,1.2276877378733608,1.2316799193423555,1.2606219090348703,1.2632177257886037,1.2649187834547178,1.267287970220294,1.267567679474532,0.9789187852310414,1.23163968774088,0.5229678704320795,"rgba(239, 83, 80, 0.5)",0.7072270564140091,0.4083956878485935,-0.08256992901924386,36.427124555664285,-13.505636100652922,False,True,False,True,True,0.0,0.0,0.0,0.0,0.0,0,0.8534205551540934,1.0229263690261954,False,False,False,False,-0.07125294026013415,-0.20359290937702068,False,False,False,False,1230108090,552705963.465396,False,False,False,False,60546363.34613533,False,False,False,False
2025-08-15 00:00:00+00:00,0.2366,0.3461,0.22,0.3001,18756285,0.40753042438521186,0.40153147604166833,0.40823919888856675,0.4374417152591495,0.5190846240253366,0.8401116627323442,0.9698118033235245,1.2093797568382052,1.2125639957825158,1.2164820659117035,1.2207153501970232,1.2408883723580713,1.2515387317359432,1.2557833061045243,,0.40753042438521186,0.40354257219537426,0.5191064509516505,0.8401116627323442,1.1914237203700315,1.2104290931744635,1.2106745214982746,1.2118692121357695,1.2141471134548096,1.2168033472852076,1.2207551843469566,1.2493976328788021,1.2519667308945182,1.2536493587707525,1.255992690908625,1.256269311254845,0.9698118033235245,1.2207153501970232,0.5184230211596857,"rgba(239, 83, 80, 0.5)",0.7114873577736794,0.40503372425186657,-0.23673466915689664,36.51193098401648,-15.617498390422455,False,True,False,True,True,0.0,0.0,0.0,0.0,0.0,0,0.8787743329724839,1.1015373309117094,False,False,False,False,-0.28125555072475517,-0.24242423005088792,False,False,False,False,1211351805,601494544.3198112,False,False,False,False,57450801.98716235,False,False,False,False
2025-08-22 00:00:00+00:00,0.2442,0.35,0.225,0.2251,109082011,0.39067517556857173,0.3862287855773663,0.39283301180558444,0.41963366502231525,0.4953942755558459,0.7985018645960478,0.9215301966979682,1.151151120334997,1.1543870256593622,1.1581270843243356,1.1621255496878615,1.1811452128707969,1.1911979927284915,1.1951911344056505,,0.39067517556857173,0.3882102813459691,0.49542498474720964,0.7985018645960478,1.133343537778694,1.152281730566282,1.1525405278837144,1.1537107280061734,1.1559190038569933,1.15843108893221,1.1621632150336196,1.1891778178620305,1.191601650685199,1.1931845065827877,1.1953879536514842,1.1956478775949513,0.9215301966979682,1.1621255496878615,0.495607908438353,"rgba(239, 83, 80, 0.5)",0.7153673726737796,0.38894735451511975,-0.20233988862828267,36.71453670397203,-15.421315901561947,False,True,False,True,True,0.0,0.0,0.0,0.0,0.0,0,0.8566450230007004,1.153910278033624,False,False,False,False,-0.2550704726659265,-0.2487473513584072,False,False,False,False,1320433816,654749305.1850103,False,False,False,False,61275335.98811329,False,False,False,False
2025-08-29 00:00:00+00:00,0.2636,0.3838,0.2316,0.254,64564025,0.38392882414501056,0.38008858824747577,0.3865239195425874,0.41200277775199434,0.48448069883953904,0.7774604991145467,0.8967665676569434,1.1206849378729085,1.123932032111191,1.1275724913809866,1.1314433943520723,1.1498390708494195,1.159567774425946,1.1634255181817132,,0.38392882414501056,0.3820187819066991,0.48451453979612996,0.7774604991145467,1.1030220363815344,1.121849375945005,1.122113443446134,1.1232672552946705,1.12543352884729,1.1278670704651534,1.1314798785505684,1.15761312006607,1.1599582556686137,1.161487390480752,1.1636155818630103,1.1638665358272509,0.8967665676569434,1.1314433943520723,0.485240795260354,"rgba(239, 83, 80, 0.5)",0.7180870323256747,0.382491254611049,-0.16556663643680467,37.23654281699364,-14.899402087191874,False,True,False,True,True,0.0,0.0,0.0,0.0,0.0,0,0.8825739857614292,1.0879361789769475,False,False,False,False,-0.2191504206689595,-0.23394888601368335,False,False,False,False,1384997841,708841789.319454,False,False,False,False,61518942.58158638,False,False,False,False
2025-09-05 00:00:00+00:00,0.2266,0.2882,0.2211,0.2464,9909044,0.3824747051258078,0.37873975366302604,0.3851673247884293,0.4104751702432487,0.4825175337299176,0.774082423790929,0.8928509233953886,1.1159410483782606,1.1191900692342602,1.1228159337333325,1.1266680815406411,1.1449719635754363,1.1546529979389297,1.1584908106066951,,0.3824747051258078,0.3806677415173196,0.482551951070679,0.774082423790929,1.0982983269351427,1.117110631390144,1.117375507010608,1.1185269613685758,1.1206871297803818,1.123109127700918,1.1267043921223445,1.152707982397685,1.1550415405382155,1.1565627673265777,1.1586798796756894,1.1589295129092718,0.8928509233953886,1.1266680815406411,0.4833233732846093,"rgba(239, 83, 80, 0.5)",0.7218243044378443,0.3810892263579903,-0.2140260800421597,37.15559419202685,-14.899402087191874,False,True,False,True,True,0.0,0.0,0.0,0.0,0.0,0,0.891149212394468,1.0987801955967837,False,False,False,False,-0.3143794853098464,-0.27416418566176487,False,False,False,False,1375088797,758193419.5180129,False,False,False,False,57695987.13109851,False,False,False,False
2025-09-12 00:00:00+00:00,0.2552,0.3537,0.21,0.21,73412813,0.37457829098106055,0.3714391219048496,0.37771279971016347,0.4017331484195564,0.4705053240936276,0.7515739471284171,0.8664243437435128,1.0834027835304878,1.0866551743197965,1.0901749748756624,1.0938931207487324,1.1115427493698908,1.1208835656887803,1.1245797181434078,0.27296666666666664,0.37457829098106055,0.3733206590372637,0.47054269549974465,0.7515739471284171,1.0659436334488746,1.0846027714388318,1.0848721935297863,1.0860049025113734,1.0881188738937018,1.0904582476590208,1.0939281890538723,1.119007306286938,1.121258286937539,1.1227233115106725,1.1247617248334443,1.1250019840071235,0.8664243437435128,1.0938931207487324,0.42389509444224094,"rgba(239, 83, 80, 0.5)",0.7249470956215707,0.3483905926334094,-0.12854812881691408,37.69228498751791,-14.389102014089481,False,True,False,True,True,0.0,0.0,0.0,0.0,0.0,0,0.9289213594170791,1.0667631516903866,False,False,False,False,-0.26496480090964497,-0.2695644932857049,False,False,False,False,1448501610,809327359.5537157,False,False,False,False,58860196.45472084,False,False,False,False
2025-09-19 00:00:00+00:00,0.275,0.3232,0.25,0.2537,18837061,0.3729098205659459,0.3698954524072962,0.3761207586781828,0.39982310790666986,0.46778347439375906,0.7462320215573348,0.8601085236996154,1.0755505292803176,1.0788018039646734,1.0822951901932407,1.0859803861543076,1.1034694350573278,1.1127266583380235,1.116388115103713,0.27496098153984105,0.3729098205659459,0.37176230012257294,0.4678214043526059,0.7462320215573348,1.0581438641361853,1.0767568044026925,1.077027114802785,1.0781548589218974,1.080256988887865,1.082576018812839,1.0860151486515093,1.1108672858610928,1.1130979863850303,1.114549246586217,1.1165683933558765,1.1168063590878277,0.8601085236996154,1.0859803861543076,0.42202191420901547,"rgba(239, 83, 80, 0.5)",0.7281697900640087,0.34766901876975725,-0.09979680530741239,38.49187506832736,-13.58105559284408,False,True,False,True,True,0.0,0.0,0.0,0.0,0.0,0,0.9322082135451246,1.1129752282362264,False,False,False,False,-0.2564697803614712,-0.26301713682358807,False,False,False,False,1467338671,858068938.1793664,False,False,False,False,55895519.754371144,False,False,False,False
2025-09-26 00:00:00+00:00,0.2491,0.2799,0.24,0.2665,7410685,0.37208258992639925,0.3691232734948184,0.37533601739985595,0.398922721958449,0.4665844806614241,0.7440458626390054,0.8575492166240086,1.0724019619317693,1.0756530345504982,1.0791362294551055,1.0828086628737377,1.1002354762522297,1.1094603096553897,1.113108310052333,0.27357584348187325,0.37208258992639925,0.3709863554299474,0.4666226774645877,0.7440458626390054,1.0550147446019726,1.0736108128010007,1.0738814944585193,1.075007357806715,1.0771049584526724,1.0794161119287264,1.0828433069605432,1.1076074812630234,1.1098303225914612,1.1112762443412583,1.1132879178003467,1.1135249937647276,0.8575492166240086,1.0828086628737377,0.42093624123827594,"rgba(239, 83, 80, 0.5)",0.7311635946577577,0.34671607420737255,-0.13350784273260294,38.68812080564307,-13.356678117060753,False,True,False,True,True,0.0,0.0,0.0,0.0,0.0,1,0.9386727886466842,1.0897111861999034,False,False,False,False,-0.3046405566366065,-0.2838288467300973,False,False,False,False,1459927986,902651089.8697836,False,False,False,False,52304050.51330661,False,False,False,False
2025-10-03 00:00:00+00:00,0.2883,0.32,0.225,0.248,47871463,0.36794874452001,0.3652793579597623,0.3713746379268462,0.3942030187171249,0.4599126223741859,0.7309812167427296,0.8420967199189109,1.0531511357778942,1.056396809235423,1.059814938364275,1.0634067785607952,1.0804412223644286,1.089461668459802,1.0930249902533322,0.27493568952960373,0.36794874452001,0.3671068090719965,0.45995205650375864,0.7309812167427296,1.035902325133182,1.05437373211176,1.0546462713053066,1.0557595033843241,1.0578274794757745,1.060088836244292,1.0634406741859297,1.0876501200463227,1.0898233886749658,1.0912357180914358,1.0932003813632978,1.0934318633815805,0.8420967199189109,1.0634067785607952,0.41596428978660277,"rgba(239, 83, 80, 0.5)",0.7296740578336168,0.34402813413234645,-0.07637401046955379,39.69587655787201,-12.35054566210031,False,False,False,True,True,0.0,0.0,0.0,0.0,0.0,1,0.9232505849118855,1.0968045386287275,False,False,False,False,-0.2817976622771933,-0.28281325450364525,False,False,False,False,1507799449,947476894.2497996,False,False,False,False,51975710.69750612,False,False,False,False
2025-10-10 00:00:00+00:00,0.2446,0.2765,0.2352,0.2558,21078916,0.3657552810596372,0.3632206245049,0.3692797671639987,0.3918066251641653,0.45672884801962266,0.725145076706953,0.8352530719703066,1.0446963008081336,1.0479395969789753,1.0513300394628717,1.0548876022956304,1.0717551697722012,1.0806886776549953,1.0842159861954173,0.2720808831504553,0.3657552810596372,0.3650372301041084,0.4567688935864744,0.725145076706953,1.027506621683517,1.045924693056513,1.0461980127182746,1.0473058582684562,1.0493612150176514,1.0516013918450287,1.0549211795700517,1.0788946880856318,1.0810468705448089,1.082444913433316,1.0843895840710693,1.0846186871669785,0.8352530719703066,1.0548876022956304,0.41315785105199526,"rgba(239, 83, 80, 0.5)",0.7302899811568547,0.3417030174436574,-0.1329650138289398,39.73692500976731,-12.28100953720216,False,False,False,True,True,0.0,0.0,0.0,0.0,0.0,1,0.909868644631274,1.1109253545881401,False,False,False,False,-0.3121694425446405,-0.2974913485241429,False,False,False,False,1486720533,987420867.4905552,False,False,False,False,49687059.238431595,False,False,False,False
2025-10-17 00:00:00+00:00,0.24,0.285,0.2321,0.253,11008972,0.3646449984998089,0.3621774038026447,0.3682170805445505,0.3905892280463112,0.4551066337286958,0.7221548885339949,0.8317431503301443,1.04035258060738,1.0435943859588714,1.046970529016806,1.0505104452751974,1.067292142213097,1.076180901070024,1.0796896880797144,0.27087259138997083,0.3646449984998089,0.3639881593781204,0.4551469758766754,0.7221548885339949,1.0231943477738499,1.0415837934682612,1.041857483402403,1.0429625070780175,1.0450113009982875,1.0472405702978171,1.0505438586098765,1.074395948508593,1.0765372787455498,1.0779279742161365,1.0798623638788811,1.080090243844062,0.8317431503301443,1.0505104452751974,0.4117542958300581,"rgba(239, 83, 80, 0.5)",0.7104497983936225,0.3405849980480583,-0.1415793181664463,39.69445534014652,-12.272460664941136,False,False,False,True,True,0.0,0.0,0.0,0.0,0.0,1,0.8668183202317958,1.1433442851361955,False,False,False,False,-0.3059507696183692,-0.301721059071256,False,False,False,False,1475711561,1023590548.4912547,False,False,False,False,46822015.73928852,False,False,False,False
2025-10-24 00:00:00+00:00,0.2493,0.27,0.2147,0.24,24118645,0.36212526266052486,0.3598035948150108,0.365804793272309,0.3878505232757614,0.45150951851394844,0.7156290956741596,0.8240991191861177,1.0309093907635556,1.0341477164328945,1.0374930014163155,1.0409948929168424,1.0575915939340594,1.0663839321198423,1.069852826455554,0.26777032439245485,0.36212526266052486,0.36160282502748875,0.4515505103052269,0.7156290956741596,1.01381991003061,1.032146517826249,1.0324209740536658,1.033519868473304,1.0355544547148339,1.0377602169134559,1.0410279529456417,1.0646184507548302,1.0667363989189012,1.068111269245612,1.0700235164230916,1.0702487623011905,0.8240991191861177,1.0409948929168424,0.40857717105974095,"rgba(239, 83, 80, 0.5)",0.6943450673367216,0.33795611113212887,-0.12768307186538308,39.896750013955376,-12.01143484739844,False,False,False,True,True,0.0,0.0,0.0,0.0,0.0,1,0.8635115462822167,1.148629139379973,False,False,False,False,-0.3369867839363947,-0.31935392150382536,False,False,False,False,1499830206,1058867560.1585692,False,False,False,False,45140284.573415294,False,False,False,False
2025-10-31 00:00:00+00:00,0.2386,0.2614,0.225,0.258,9585056,0.36112820096634574,0.3588627391025619,0.36484897591795995,0.3867682506427391,0.4500936535899814,0.7130687191328533,0.8211008293682819,1.0272044108526606,1.0304412005700803,1.0337743782917241,1.0372613874815,1.053785709733365,1.0625403151068158,1.0659936080576313,0.26659743490341226,0.36112820096634574,0.3606574898846286,0.45013489237899745,0.7130687191328533,1.0101424909158894,1.028443746189475,1.0287184817752768,1.029814945503674,1.0318439279429013,1.0340404874069415,1.0372943092005962,1.0607824529225993,1.0628912516862519,1.0642599331264904,1.0661635215166432,1.0663877374720059,0.8211008293682819,1.0372613874815,0.40732885574858263,"rgba(239, 83, 80, 0.5)",0.6868682143093611,0.3369291439846664,-0.143155763996934,39.85259446296028,-11.983223734708709,False,False,False,True,True,0.0,0.0,0.0,0.0,0.0,1,0.8624468178756314,1.1539184042434787,False,False,False,False,-0.3343297413631478,-0.32684183143348655,False,False,False,False,1490245150,1090821455.702379,False,False,False,False,42506563.938347496,False,False,False,False
